         time Bot_Quarte... 
------------- ------------- 
 3.579261e-04 -3.218751e-04 
 7.556217e-04 -3.108834e-04 
 1.153317e-03 -2.991686e-04 
 1.551013e-03 -2.869570e-04 
 1.948709e-03 -2.743721e-04 
 2.346404e-03 -2.613121e-04 
 2.744100e-03 -2.481337e-04 
 3.141795e-03 -2.348255e-04 
 3.539491e-03 -2.210044e-04 
 3.937187e-03 -2.065692e-04 
 4.334882e-03 -1.914024e-04 
 4.732578e-03 -1.757712e-04 
 5.130274e-03 -1.594734e-04 
 5.527969e-03 -1.426618e-04 
 5.925665e-03 -1.250355e-04 
 6.323360e-03 -1.068681e-04 
 6.721056e-03 -8.759744e-05 
 7.118752e-03 -6.694123e-05 
 7.516447e-03 -4.533419e-05 
 7.914143e-03 -2.323031e-05 
 8.311839e-03 -8.688603e-07 
 8.709534e-03  2.160407e-05 
 9.107230e-03  4.436224e-05 
 9.504926e-03  6.684100e-05 
 9.902621e-03  8.890351e-05 
 1.030032e-02  1.103594e-04 
 1.069801e-02  1.312428e-04 
 1.109571e-02  1.516470e-04 
 1.149340e-02  1.717215e-04 
 1.189110e-02  1.919095e-04 
 1.228879e-02  2.120476e-04 
 1.268649e-02  2.327405e-04 
 1.308419e-02  2.541587e-04 
 1.348188e-02  2.762828e-04 
 1.387958e-02  2.993336e-04 
 1.427727e-02  3.233244e-04 
 1.467497e-02  3.481143e-04 
 1.507266e-02  3.735303e-04 
 1.547036e-02  3.994359e-04 
 1.586806e-02  4.261562e-04 
 1.626575e-02  4.537232e-04 
 1.666345e-02  4.820079e-04 
 1.706114e-02  5.104807e-04 
 1.745884e-02  5.395836e-04 
 1.785653e-02  5.693241e-04 
 1.825423e-02  5.992231e-04 
 1.865192e-02  6.295076e-04 
 1.904962e-02  6.599399e-04 
 1.944732e-02  6.908719e-04 
 1.984501e-02  7.217956e-04 
 2.024271e-02  7.532305e-04 
 2.064040e-02  7.849603e-04 
 2.103810e-02  8.169107e-04 
 2.143579e-02  8.492823e-04 
 2.183349e-02  8.823405e-04 
 2.223119e-02  9.163000e-04 
 2.262888e-02  9.513252e-04 
 2.302658e-02  9.874339e-04 
 2.342427e-02  1.024606e-03 
 2.382197e-02  1.062409e-03 
 2.421966e-02  1.100594e-03 
 2.461736e-02  1.139105e-03 
 2.501505e-02  1.177642e-03 
 2.541275e-02  1.215706e-03 
 2.581045e-02  1.253028e-03 
 2.620814e-02  1.289935e-03 
 2.660584e-02  1.326156e-03 
 2.700353e-02  1.361885e-03 
 2.740123e-02  1.397518e-03 
 2.779892e-02  1.432997e-03 
 2.819662e-02  1.468615e-03 
 2.859432e-02  1.504369e-03 
 2.899201e-02  1.540214e-03 
 2.938971e-02  1.575851e-03 
 2.978740e-02  1.611780e-03 
 3.018510e-02  1.647749e-03 
 3.058279e-02  1.683516e-03 
 3.098049e-02  1.719146e-03 
 3.137819e-02  1.754676e-03 
 3.177588e-02  1.790465e-03 
 3.217358e-02  1.826579e-03 
 3.257127e-02  1.863390e-03 
 3.296897e-02  1.900892e-03 
 3.336666e-02  1.939091e-03 
 3.376436e-02  1.977747e-03 
 3.416205e-02  2.016376e-03 
 3.455975e-02  2.054737e-03 
 3.495745e-02  2.092604e-03 
 3.535514e-02  2.129245e-03 
 3.575284e-02  2.164607e-03 
 3.615053e-02  2.198846e-03 
 3.654823e-02  2.232074e-03 
 3.694592e-02  2.264674e-03 
 3.734362e-02  2.296868e-03 
 3.774132e-02  2.329183e-03 
 3.813901e-02  2.362011e-03 
 3.853671e-02  2.395056e-03 
 3.893440e-02  2.428517e-03 
 3.933210e-02  2.462121e-03 
 3.972979e-02  2.495732e-03 
 4.012749e-02  2.529445e-03 
 4.052518e-02  2.563198e-03 
 4.092288e-02  2.597309e-03 
 4.132058e-02  2.631671e-03 
 4.171827e-02  2.666778e-03 
 4.211597e-02  2.702467e-03 
 4.251366e-02  2.739362e-03 
 4.291136e-02  2.777369e-03 
 4.330905e-02  2.816108e-03 
 4.370675e-02  2.855286e-03 
 4.410445e-02  2.894420e-03 
 4.450214e-02  2.933185e-03 
 4.489984e-02  2.970842e-03 
 4.529753e-02  3.007717e-03 
 4.569523e-02  3.043760e-03 
 4.609292e-02  3.079076e-03 
 4.649062e-02  3.114219e-03 
 4.688831e-02  3.149809e-03 
 4.728601e-02  3.185869e-03 
 4.768371e-02  3.222884e-03 
 4.808140e-02  3.260997e-03 
 4.847910e-02  3.300563e-03 
 4.887679e-02  3.341024e-03 
 4.927449e-02  3.382663e-03 
 4.967218e-02  3.424937e-03 
 5.006988e-02  3.467617e-03 
 5.046758e-02  3.510674e-03 
 5.086527e-02  3.554028e-03 
 5.126297e-02  3.597706e-03 
 5.166066e-02  3.640960e-03 
 5.205836e-02  3.684204e-03 
 5.245605e-02  3.726560e-03 
 5.285375e-02  3.768102e-03 
 5.325144e-02  3.808318e-03 
 5.364914e-02  3.846868e-03 
 5.404684e-02  3.883547e-03 
 5.444453e-02  3.918115e-03 
 5.484223e-02  3.951076e-03 
 5.523992e-02  3.981981e-03 
 5.563762e-02  4.011708e-03 
 5.603531e-02  4.040073e-03 
 5.643301e-02  4.067996e-03 
 5.683071e-02  4.095652e-03 
 5.722840e-02  4.122671e-03 
 5.762610e-02  4.149471e-03 
 5.802379e-02  4.175957e-03 
 5.842149e-02  4.202043e-03 
 5.881918e-02  4.228048e-03 
 5.921688e-02  4.253215e-03 
 5.961457e-02  4.277667e-03 
 6.001227e-02  4.300811e-03 
 6.040997e-02  4.322507e-03 
 6.080766e-02  4.342426e-03 
 6.120536e-02  4.360992e-03 
 6.160305e-02  4.378092e-03 
 6.200075e-02  4.393335e-03 
 6.239844e-02  4.406655e-03 
 6.279614e-02  4.417985e-03 
 6.319384e-02  4.427382e-03 
 6.359153e-02  4.434561e-03 
 6.398923e-02  4.439268e-03 
 6.438692e-02  4.441870e-03 
 6.478462e-02  4.442126e-03 
 6.518231e-02  4.440358e-03 
 6.558001e-02  4.436552e-03 
 6.597770e-02  4.431322e-03 
 6.637540e-02  4.425299e-03 
 6.677310e-02  4.418205e-03 
 6.717079e-02  4.410841e-03 
 6.756849e-02  4.403175e-03 
 6.796618e-02  4.395050e-03 
 6.836388e-02  4.386796e-03 
 6.876157e-02  4.378364e-03 
 6.915927e-02  4.369418e-03 
 6.955697e-02  4.359552e-03 
 6.995466e-02  4.348588e-03 
 7.035236e-02  4.335776e-03 
 7.075005e-02  4.320915e-03 
 7.114775e-02  4.304034e-03 
 7.154544e-02  4.284854e-03 
 7.194314e-02  4.263299e-03 
 7.234083e-02  4.239647e-03 
 7.273853e-02  4.213828e-03 
 7.313623e-02  4.186128e-03 
 7.353392e-02  4.156782e-03 
 7.393162e-02  4.126415e-03 
 7.432931e-02  4.094935e-03 
 7.472701e-02  4.062427e-03 
 7.512470e-02  4.028541e-03 
 7.552240e-02  3.994023e-03 
 7.592010e-02  3.958135e-03 
 7.631779e-02  3.921647e-03 
 7.671549e-02  3.884815e-03 
 7.711318e-02  3.848214e-03 
 7.751088e-02  3.811803e-03 
 7.790857e-02  3.775433e-03 
 7.830627e-02  3.739131e-03 
 7.870396e-02  3.703516e-03 
 7.910166e-02  3.667273e-03 
 7.949936e-02  3.630791e-03 
 7.989705e-02  3.593126e-03 
 8.029475e-02  3.554053e-03 
 8.069244e-02  3.512905e-03 
 8.109014e-02  3.469949e-03 
 8.148783e-02  3.424997e-03 
 8.188553e-02  3.378176e-03 
 8.228323e-02  3.329989e-03 
 8.268092e-02  3.280010e-03 
 8.307862e-02  3.228554e-03 
 8.347631e-02  3.176141e-03 
 8.387401e-02  3.122930e-03 
 8.427170e-02  3.069874e-03 
 8.466940e-02  3.017238e-03 
 8.506709e-02  2.964659e-03 
 8.546479e-02  2.911908e-03 
 8.586249e-02  2.859136e-03 
 8.626018e-02  2.806456e-03 
 8.665788e-02  2.754707e-03 
 8.705557e-02  2.703170e-03 
 8.745327e-02  2.650725e-03 
 8.785096e-02  2.598217e-03 
 8.824866e-02  2.545745e-03 
 8.864636e-02  2.493128e-03 
 8.904405e-02  2.440834e-03 
 8.944175e-02  2.388051e-03 
 8.983944e-02  2.334162e-03 
 9.023714e-02  2.278513e-03 
 9.063483e-02  2.221327e-03 
 9.103253e-02  2.163389e-03 
 9.143022e-02  2.105392e-03 
 9.182792e-02  2.046822e-03 
 9.222562e-02  1.987795e-03 
 9.262331e-02  1.928335e-03 
 9.302101e-02  1.869661e-03 
 9.341870e-02  1.812386e-03 
 9.381640e-02  1.756641e-03 
 9.421409e-02  1.701918e-03 
 9.461179e-02  1.647458e-03 
 9.500949e-02  1.593806e-03 
 9.540718e-02  1.541212e-03 
 9.580488e-02  1.489799e-03 
 9.620257e-02  1.439603e-03 
 9.660027e-02  1.389552e-03 
 9.699796e-02  1.339814e-03 
 9.739566e-02  1.290815e-03 
 9.779335e-02  1.243119e-03 
 9.819105e-02  1.196889e-03 
 9.858875e-02  1.151991e-03 
 9.898644e-02  1.108014e-03 
 9.938414e-02  1.064347e-03 
 9.978183e-02  1.021098e-03 
 1.001795e-01  9.787216e-04 
 1.005772e-01  9.373802e-04 
 1.009749e-01  8.969161e-04 
 1.013726e-01  8.569168e-04 
 1.017703e-01  8.173482e-04 
 1.021680e-01  7.785506e-04 
 1.025657e-01  7.415259e-04 
 1.029634e-01  7.060555e-04 
 1.033611e-01  6.722894e-04 
 1.037588e-01  6.396641e-04 
 1.041565e-01  6.076097e-04 
 1.045542e-01  5.758535e-04 
 1.049519e-01  5.444249e-04 
 1.053496e-01  5.129538e-04 
 1.057473e-01  4.816774e-04 
 1.061450e-01  4.504070e-04 
 1.065427e-01  4.188070e-04 
 1.069404e-01  3.880935e-04 
 1.073380e-01  3.589904e-04 
 1.077357e-01  3.310707e-04 
 1.081334e-01  3.044666e-04 
 1.085311e-01  2.786154e-04 
 1.089288e-01  2.538836e-04 
 1.093265e-01  2.298770e-04 
 1.097242e-01  2.068530e-04 
 1.101219e-01  1.846997e-04 
 1.105196e-01  1.630612e-04 
 1.109173e-01  1.418523e-04 
 1.113150e-01  1.209410e-04 
 1.117127e-01  1.001681e-04 
 1.121104e-01  7.886127e-05 
 1.125081e-01  5.696521e-05 
 1.129058e-01  3.534735e-05 
 1.133035e-01  1.353894e-05 
 1.137012e-01 -8.607221e-06 
 1.140989e-01 -3.085886e-05 
 1.144966e-01 -5.327401e-05 
 1.148943e-01 -7.559824e-05 
 1.152920e-01 -9.765051e-05 
 1.156897e-01 -1.193582e-04 
 1.160874e-01 -1.403058e-04 
 1.164850e-01 -1.610136e-04 
 1.168827e-01 -1.816541e-04 
 1.172804e-01 -2.021986e-04 
 1.176781e-01 -2.223219e-04 
 1.180758e-01 -2.426991e-04 
 1.184735e-01 -2.631596e-04 
 1.188712e-01 -2.842139e-04 
 1.192689e-01 -3.059223e-04 
 1.196666e-01 -3.284146e-04 
 1.200643e-01 -3.523649e-04 
 1.204620e-01 -3.778151e-04 
 1.208597e-01 -4.050289e-04 
 1.212574e-01 -4.340138e-04 
 1.216551e-01 -4.647570e-04 
 1.220528e-01 -4.968656e-04 
 1.224505e-01 -5.296125e-04 
 1.228482e-01 -5.629757e-04 
 1.232459e-01 -5.962526e-04 
 1.236436e-01 -6.290420e-04 
 1.240413e-01 -6.623014e-04 
 1.244390e-01 -6.956473e-04 
 1.248367e-01 -7.292131e-04 
 1.252344e-01 -7.630381e-04 
 1.256320e-01 -7.971710e-04 
 1.260297e-01 -8.321585e-04 
 1.264274e-01 -8.678526e-04 
 1.268251e-01 -9.035586e-04 
 1.272228e-01 -9.389443e-04 
 1.276205e-01 -9.729501e-04 
 1.280182e-01 -1.006116e-03 
 1.284159e-01 -1.037065e-03 
 1.288136e-01 -1.065976e-03 
 1.292113e-01 -1.092645e-03 
 1.296090e-01 -1.117211e-03 
 1.300067e-01 -1.140281e-03 
 1.304044e-01 -1.162702e-03 
 1.308021e-01 -1.184706e-03 
 1.311998e-01 -1.206898e-03 
 1.315975e-01 -1.229664e-03 
 1.319952e-01 -1.253039e-03 
 1.323929e-01 -1.276513e-03 
 1.327906e-01 -1.300248e-03 
 1.331883e-01 -1.323994e-03 
 1.335860e-01 -1.347080e-03 
 1.339837e-01 -1.368091e-03 
 1.343814e-01 -1.386498e-03 
 1.347790e-01 -1.401673e-03 
 1.351767e-01 -1.413371e-03 
 1.355744e-01 -1.422226e-03 
 1.359721e-01 -1.428704e-03 
 1.363698e-01 -1.432730e-03 
 1.367675e-01 -1.434267e-03 
 1.371652e-01 -1.433190e-03 
 1.375629e-01 -1.430868e-03 
 1.379606e-01 -1.427529e-03 
 1.383583e-01 -1.424314e-03 
 1.387560e-01 -1.421390e-03 
 1.391537e-01 -1.418299e-03 
 1.395514e-01 -1.414734e-03 
 1.399491e-01 -1.410625e-03 
 1.403468e-01 -1.406513e-03 
 1.407445e-01 -1.402006e-03 
 1.411422e-01 -1.397056e-03 
 1.415399e-01 -1.391797e-03 
 1.419376e-01 -1.385890e-03 
 1.423353e-01 -1.379600e-03 
 1.427330e-01 -1.372586e-03 
 1.431307e-01 -1.365360e-03 
 1.435284e-01 -1.357124e-03 
 1.439260e-01 -1.347265e-03 
 1.443237e-01 -1.335549e-03 
 1.447214e-01 -1.321985e-03 
 1.451191e-01 -1.306062e-03 
 1.455168e-01 -1.288927e-03 
 1.459145e-01 -1.270680e-03 
 1.463122e-01 -1.252823e-03 
 1.467099e-01 -1.235313e-03 
 1.471076e-01 -1.218532e-03 
 1.475053e-01 -1.202776e-03 
 1.479030e-01 -1.187491e-03 
 1.483007e-01 -1.172988e-03 
 1.486984e-01 -1.158560e-03 
 1.490961e-01 -1.143331e-03 
 1.494938e-01 -1.126240e-03 
 1.498915e-01 -1.106690e-03 
 1.502892e-01 -1.085511e-03 
 1.506869e-01 -1.063001e-03 
 1.510846e-01 -1.040144e-03 
 1.514823e-01 -1.017496e-03 
 1.518800e-01 -9.953473e-04 
 1.522777e-01 -9.738799e-04 
 1.526754e-01 -9.530942e-04 
 1.530730e-01 -9.327961e-04 
 1.534707e-01 -9.127426e-04 
 1.538684e-01 -8.919620e-04 
 1.542661e-01 -8.695293e-04 
 1.546638e-01 -8.442575e-04 
 1.550615e-01 -8.155639e-04 
 1.554592e-01 -7.829780e-04 
 1.558569e-01 -7.477725e-04 
 1.562546e-01 -7.105120e-04 
 1.566523e-01 -6.712550e-04 
 1.570500e-01 -6.302924e-04 
 1.574477e-01 -5.881589e-04 
 1.578454e-01 -5.444554e-04 
 1.582431e-01 -4.993677e-04 
 1.586408e-01 -4.529826e-04 
 1.590385e-01 -4.047087e-04 
 1.594362e-01 -3.545364e-04 
 1.598339e-01 -3.026750e-04 
 1.602316e-01 -2.494871e-04 
 1.606293e-01 -1.951603e-04 
 1.610270e-01 -1.401480e-04 
 1.614247e-01 -8.467927e-05 
 1.618224e-01 -2.832243e-05 
 1.622200e-01  2.929158e-05 
 1.626177e-01  8.802966e-05 
 1.630154e-01  1.478920e-04 
 1.634131e-01  2.091623e-04 
 1.638108e-01  2.719346e-04 
 1.642085e-01  3.366023e-04 
 1.646062e-01  4.040450e-04 
 1.650039e-01  4.744466e-04 
 1.654016e-01  5.480128e-04 
 1.657993e-01  6.240229e-04 
 1.661970e-01  7.022151e-04 
 1.665947e-01  7.813684e-04 
 1.669924e-01  8.609616e-04 
 1.673901e-01  9.405596e-04 
 1.677878e-01  1.019762e-03 
 1.681855e-01  1.098654e-03 
 1.685832e-01  1.177079e-03 
 1.689809e-01  1.255412e-03 
 1.693786e-01  1.334427e-03 
 1.697763e-01  1.414366e-03 
 1.701740e-01  1.495022e-03 
 1.705717e-01  1.576356e-03 
 1.709694e-01  1.658071e-03 
 1.713670e-01  1.739653e-03 
 1.717647e-01  1.820718e-03 
 1.721624e-01  1.901336e-03 
 1.725601e-01  1.981539e-03 
 1.729578e-01  2.061208e-03 
 1.733555e-01  2.141132e-03 
 1.737532e-01  2.222006e-03 
 1.741509e-01  2.304736e-03 
 1.745486e-01  2.390022e-03 
 1.749463e-01  2.478114e-03 
 1.753440e-01  2.569266e-03 
 1.757417e-01  2.662423e-03 
 1.761394e-01  2.757412e-03 
 1.765371e-01  2.853634e-03 
 1.769348e-01  2.950331e-03 
 1.773325e-01  3.046885e-03 
 1.777302e-01  3.143493e-03 
 1.781279e-01  3.239554e-03 
 1.785256e-01  3.335912e-03 
 1.789233e-01  3.433204e-03 
 1.793210e-01  3.531253e-03 
 1.797187e-01  3.630139e-03 
 1.801163e-01  3.729403e-03 
 1.805140e-01  3.829433e-03 
 1.809117e-01  3.929584e-03 
 1.813094e-01  4.029546e-03 
 1.817071e-01  4.129065e-03 
 1.821048e-01  4.227776e-03 
 1.825025e-01  4.326092e-03 
 1.829002e-01  4.423528e-03 
 1.832979e-01  4.521292e-03 
 1.836956e-01  4.619768e-03 
 1.840933e-01  4.719868e-03 
 1.844910e-01  4.822153e-03 
 1.848887e-01  4.926935e-03 
 1.852864e-01  5.034524e-03 
 1.856841e-01  5.144458e-03 
 1.860818e-01  5.255879e-03 
 1.864795e-01  5.368128e-03 
 1.868772e-01  5.479472e-03 
 1.872749e-01  5.589193e-03 
 1.876726e-01  5.695820e-03 
 1.880703e-01  5.799980e-03 
 1.884680e-01  5.900640e-03 
 1.888657e-01  5.997107e-03 
 1.892633e-01  6.090313e-03 
 1.896610e-01  6.180006e-03 
 1.900587e-01  6.266185e-03 
 1.904564e-01  6.349696e-03 
 1.908541e-01  6.430607e-03 
 1.912518e-01  6.509540e-03 
 1.916495e-01  6.586504e-03 
 1.920472e-01  6.661841e-03 
 1.924449e-01  6.735036e-03 
 1.928426e-01  6.805991e-03 
 1.932403e-01  6.874532e-03 
 1.936380e-01  6.940404e-03 
 1.940357e-01  7.003920e-03 
 1.944334e-01  7.064588e-03 
 1.948311e-01  7.122464e-03 
 1.952288e-01  7.177787e-03 
 1.956265e-01  7.230763e-03 
 1.960242e-01  7.281951e-03 
 1.964219e-01  7.330595e-03 
 1.968196e-01  7.377424e-03 
 1.972173e-01  7.421403e-03 
 1.976150e-01  7.461742e-03 
 1.980127e-01  7.499501e-03 
 1.984103e-01  7.536025e-03 
 1.988080e-01  7.570573e-03 
 1.992057e-01  7.599600e-03 
 1.996034e-01  7.628325e-03 
 2.000011e-01  7.655137e-03 
 2.003988e-01  7.677049e-03 
 2.007965e-01  7.695924e-03 
 2.011942e-01  7.713272e-03 
 2.015919e-01  7.727158e-03 
 2.019896e-01  7.736958e-03 
 2.023873e-01  7.743854e-03 
 2.027850e-01  7.747357e-03 
 2.031827e-01  7.745593e-03 
 2.035804e-01  7.743407e-03 
 2.039781e-01  7.741213e-03 
 2.043758e-01  7.743260e-03 
 2.047735e-01  7.747406e-03 
 2.051712e-01  7.757200e-03 
 2.055689e-01  7.769771e-03 
 2.059666e-01  7.786718e-03 
 2.063643e-01  7.806988e-03 
 2.067620e-01  7.829174e-03 
 2.071597e-01  7.853965e-03 
 2.075573e-01  7.878373e-03 
 2.079550e-01  7.901818e-03 
 2.083527e-01  7.924948e-03 
 2.087504e-01  7.945823e-03 
 2.091481e-01  7.964830e-03 
 2.095458e-01  7.979807e-03 
 2.099435e-01  7.991390e-03 
 2.103412e-01  7.999451e-03 
 2.107389e-01  8.004569e-03 
 2.111366e-01  8.008891e-03 
 2.115343e-01  8.013435e-03 
 2.119320e-01  8.018114e-03 
 2.123297e-01  8.023848e-03 
 2.127274e-01  8.031381e-03 
 2.131251e-01  8.040341e-03 
 2.135228e-01  8.051732e-03 
 2.139205e-01  8.065254e-03 
 2.143182e-01  8.080137e-03 
 2.147159e-01  8.095255e-03 
 2.151136e-01  8.110720e-03 
 2.155113e-01  8.126849e-03 
 2.159090e-01  8.140975e-03 
 2.163067e-01  8.152513e-03 
 2.167043e-01  8.161910e-03 
 2.171020e-01  8.167685e-03 
 2.174997e-01  8.172570e-03 
 2.178974e-01  8.175080e-03 
 2.182951e-01  8.175731e-03 
 2.186928e-01  8.176446e-03 
 2.190905e-01  8.176389e-03 
 2.194882e-01  8.176560e-03 
 2.198859e-01  8.176111e-03 
 2.202836e-01  8.173900e-03 
 2.206813e-01  8.170717e-03 
 2.210790e-01  8.164480e-03 
 2.214767e-01  8.157128e-03 
 2.218744e-01  8.148726e-03 
 2.222721e-01  8.139751e-03 
 2.226698e-01  8.130846e-03 
 2.230675e-01  8.121011e-03 
 2.234652e-01  8.109747e-03 
 2.238629e-01  8.099227e-03 
 2.242606e-01  8.090035e-03 
 2.246583e-01  8.079629e-03 
 2.250560e-01  8.069644e-03 
 2.254537e-01  8.061171e-03 
 2.258513e-01  8.055252e-03 
 2.262490e-01  8.051662e-03 
 2.266467e-01  8.050435e-03 
 2.270444e-01  8.051495e-03 
 2.274421e-01  8.053944e-03 
 2.278398e-01  8.055015e-03 
 2.282375e-01  8.054729e-03 
 2.286352e-01  8.052197e-03 
 2.290329e-01  8.045992e-03 
 2.294306e-01  8.036234e-03 
 2.298283e-01  8.023812e-03 
 2.302260e-01  8.009483e-03 
 2.306237e-01  7.993974e-03 
 2.310214e-01  7.978873e-03 
 2.314191e-01  7.966370e-03 
 2.318168e-01  7.957207e-03 
 2.322145e-01  7.951094e-03 
 2.326122e-01  7.948773e-03 
 2.330099e-01  7.950073e-03 
 2.334076e-01  7.954634e-03 
 2.338053e-01  7.962325e-03 
 2.342030e-01  7.972741e-03 
 2.346007e-01  7.984344e-03 
 2.349983e-01  7.996517e-03 
 2.353960e-01  8.007659e-03 
 2.357937e-01  8.019018e-03 
 2.361914e-01  8.029378e-03 
 2.365891e-01  8.039369e-03 
 2.369868e-01  8.049020e-03 
 2.373845e-01  8.058234e-03 
 2.377822e-01  8.067510e-03 
 2.381799e-01  8.076520e-03 
 2.385776e-01  8.085573e-03 
 2.389753e-01  8.094741e-03 
 2.393730e-01  8.103085e-03 
 2.397707e-01  8.111156e-03 
 2.401684e-01  8.118880e-03 
 2.405661e-01  8.125702e-03 
 2.409638e-01  8.132284e-03 
 2.413615e-01  8.136852e-03 
 2.417592e-01  8.138842e-03 
 2.421569e-01  8.137396e-03 
 2.425546e-01  8.133371e-03 
 2.429523e-01  8.125490e-03 
 2.433500e-01  8.112985e-03 
 2.437477e-01  8.096599e-03 
 2.441453e-01  8.076367e-03 
 2.445430e-01  8.051994e-03 
 2.449407e-01  8.025126e-03 
 2.453384e-01  7.997028e-03 
 2.457361e-01  7.968418e-03 
 2.461338e-01  7.937680e-03 
 2.465315e-01  7.904788e-03 
 2.469292e-01  7.869760e-03 
 2.473269e-01  7.831887e-03 
 2.477246e-01  7.791365e-03 
 2.481223e-01  7.747817e-03 
 2.485200e-01  7.700087e-03 
 2.489177e-01  7.648641e-03 
 2.493154e-01  7.594155e-03 
 2.497131e-01  7.535864e-03 
 2.501108e-01  7.474635e-03 
 2.505085e-01  7.408862e-03 
 2.509062e-01  7.337429e-03 
 2.513039e-01  7.261272e-03 
 2.517016e-01  7.181808e-03 
 2.520993e-01  7.100712e-03 
 2.524970e-01  7.018571e-03 
 2.528946e-01  6.936654e-03 
 2.532923e-01  6.856102e-03 
 2.536900e-01  6.777565e-03 
 2.540877e-01  6.700778e-03 
 2.544854e-01  6.624942e-03 
 2.548831e-01  6.548495e-03 
 2.552808e-01  6.471075e-03 
 2.556785e-01  6.392978e-03 
 2.560762e-01  6.314152e-03 
 2.564739e-01  6.235072e-03 
 2.568716e-01  6.155641e-03 
 2.572693e-01  6.076520e-03 
 2.576670e-01  5.998085e-03 
 2.580647e-01  5.921252e-03 
 2.584624e-01  5.845564e-03 
 2.588601e-01  5.770803e-03 
 2.592578e-01  5.697026e-03 
 2.596555e-01  5.624171e-03 
 2.600532e-01  5.552187e-03 
 2.604509e-01  5.480841e-03 
 2.608486e-01  5.411537e-03 
 2.612463e-01  5.343764e-03 
 2.616440e-01  5.277662e-03 
 2.620416e-01  5.213244e-03 
 2.624393e-01  5.149710e-03 
 2.628370e-01  5.087639e-03 
 2.632347e-01  5.027852e-03 
 2.636324e-01  4.968840e-03 
 2.640301e-01  4.910954e-03 
 2.644278e-01  4.854847e-03 
 2.648255e-01  4.800732e-03 
 2.652232e-01  4.747530e-03 
 2.656209e-01  4.695755e-03 
 2.660186e-01  4.645393e-03 
 2.664163e-01  4.597004e-03 
 2.668140e-01  4.550159e-03 
 2.672117e-01  4.505337e-03 
 2.676094e-01  4.463743e-03 
 2.680071e-01  4.424538e-03 
 2.684048e-01  4.387116e-03 
 2.688025e-01  4.351271e-03 
 2.692002e-01  4.315491e-03 
 2.695979e-01  4.279260e-03 
 2.699956e-01  4.242446e-03 
 2.703933e-01  4.204500e-03 
 2.707910e-01  4.165667e-03 
 2.711886e-01  4.126331e-03 
 2.715863e-01  4.086334e-03 
 2.719840e-01  4.046241e-03 
 2.723817e-01  4.004624e-03 
 2.727794e-01  3.962584e-03 
 2.731771e-01  3.920212e-03 
 2.735748e-01  3.876825e-03 
 2.739725e-01  3.834048e-03 
 2.743702e-01  3.791070e-03 
 2.747679e-01  3.748999e-03 
 2.751656e-01  3.708351e-03 
 2.755633e-01  3.668769e-03 
 2.759610e-01  3.629756e-03 
 2.763587e-01  3.590965e-03 
 2.767564e-01  3.551789e-03 
 2.771541e-01  3.512336e-03 
 2.775518e-01  3.472169e-03 
 2.779495e-01  3.431522e-03 
 2.783472e-01  3.390144e-03 
 2.787449e-01  3.348310e-03 
 2.791426e-01  3.305724e-03 
 2.795403e-01  3.261342e-03 
 2.799380e-01  3.215819e-03 
 2.803356e-01  3.168747e-03 
 2.807333e-01  3.119785e-03 
 2.811310e-01  3.071456e-03 
 2.815287e-01  3.023933e-03 
 2.819264e-01  2.978868e-03 
 2.823241e-01  2.935912e-03 
 2.827218e-01  2.895410e-03 
 2.831195e-01  2.857097e-03 
 2.835172e-01  2.820379e-03 
 2.839149e-01  2.784549e-03 
 2.843126e-01  2.749779e-03 
 2.847103e-01  2.715324e-03 
 2.851080e-01  2.683080e-03 
 2.855057e-01  2.653353e-03 
 2.859034e-01  2.626919e-03 
 2.863011e-01  2.604020e-03 
 2.866988e-01  2.583436e-03 
 2.870965e-01  2.564812e-03 
 2.874942e-01  2.547355e-03 
 2.878919e-01  2.530851e-03 
 2.882896e-01  2.515673e-03 
 2.886873e-01  2.502222e-03 
 2.890850e-01  2.490899e-03 
 2.894826e-01  2.481880e-03 
 2.898803e-01  2.476207e-03 
 2.902780e-01  2.474612e-03 
 2.906757e-01  2.475938e-03 
 2.910734e-01  2.480590e-03 
 2.914711e-01  2.487238e-03 
 2.918688e-01  2.495060e-03 
 2.922665e-01  2.502814e-03 
 2.926642e-01  2.510052e-03 
 2.930619e-01  2.517457e-03 
 2.934596e-01  2.525518e-03 
 2.938573e-01  2.534898e-03 
 2.942550e-01  2.545155e-03 
 2.946527e-01  2.557095e-03 
 2.950504e-01  2.571690e-03 
 2.954481e-01  2.587764e-03 
 2.958458e-01  2.605297e-03 
 2.962435e-01  2.622785e-03 
 2.966412e-01  2.639005e-03 
 2.970389e-01  2.653799e-03 
 2.974366e-01  2.666280e-03 
 2.978343e-01  2.676653e-03 
 2.982320e-01  2.684684e-03 
 2.986296e-01  2.689597e-03 
 2.990273e-01  2.690543e-03 
 2.994250e-01  2.688456e-03 
 2.998227e-01  2.684041e-03 
 3.002204e-01  2.677307e-03 
 3.006181e-01  2.669270e-03 
 3.010158e-01  2.659970e-03 
 3.014135e-01  2.650371e-03 
 3.018112e-01  2.640779e-03 
 3.022089e-01  2.631235e-03 
 3.026066e-01  2.620697e-03 
 3.030043e-01  2.609385e-03 
 3.034020e-01  2.596166e-03 
 3.037997e-01  2.580661e-03 
 3.041974e-01  2.562112e-03 
 3.045951e-01  2.539577e-03 
 3.049928e-01  2.512822e-03 
 3.053905e-01  2.481861e-03 
 3.057882e-01  2.446954e-03 
 3.061859e-01  2.408650e-03 
 3.065836e-01  2.367809e-03 
 3.069813e-01  2.325204e-03 
 3.073790e-01  2.281305e-03 
 3.077766e-01  2.236272e-03 
 3.081743e-01  2.190866e-03 
 3.085720e-01  2.145191e-03 
 3.089697e-01  2.099430e-03 
 3.093674e-01  2.053542e-03 
 3.097651e-01  2.006934e-03 
 3.101628e-01  1.960635e-03 
 3.105605e-01  1.915518e-03 
 3.109582e-01  1.871451e-03 
 3.113559e-01  1.828612e-03 
 3.117536e-01  1.785928e-03 
 3.121513e-01  1.742620e-03 
 3.125490e-01  1.698050e-03 
 3.129467e-01  1.651807e-03 
 3.133444e-01  1.604852e-03 
 3.137421e-01  1.556641e-03 
 3.141398e-01  1.507788e-03 
 3.145375e-01  1.458960e-03 
 3.149352e-01  1.411494e-03 
 3.153329e-01  1.366263e-03 
 3.157306e-01  1.324558e-03 
 3.161283e-01  1.285881e-03 
 3.165260e-01  1.250438e-03 
 3.169236e-01  1.217046e-03 
 3.173213e-01  1.185557e-03 
 3.177190e-01  1.155021e-03 
 3.181167e-01  1.124424e-03 
 3.185144e-01  1.093958e-03 
 3.189121e-01  1.063180e-03 
 3.193098e-01  1.031912e-03 
 3.197075e-01  1.001595e-03 
 3.201052e-01  9.724337e-04 
 3.205029e-01  9.447934e-04 
 3.209006e-01  9.197043e-04 
 3.212983e-01  8.966315e-04 
 3.216960e-01  8.757512e-04 
 3.220937e-01  8.568821e-04 
 3.224914e-01  8.396585e-04 
 3.228891e-01  8.237882e-04 
 3.232868e-01  8.098137e-04 
 3.236845e-01  7.954690e-04 
 3.240822e-01  7.799519e-04 
 3.244799e-01  7.624539e-04 
 3.248776e-01  7.418362e-04 
 3.252753e-01  7.182665e-04 
 3.256729e-01  6.920042e-04 
 3.260706e-01  6.643074e-04 
 3.264683e-01  6.361064e-04 
 3.268660e-01  6.076354e-04 
 3.272637e-01  5.795849e-04 
 3.276614e-01  5.516813e-04 
 3.280591e-01  5.236624e-04 
 3.284568e-01  4.945691e-04 
 3.288545e-01  4.639404e-04 
 3.292522e-01  4.328412e-04 
 3.296499e-01  4.014523e-04 
 3.300476e-01  3.715498e-04 
 3.304453e-01  3.438651e-04 
 3.308430e-01  3.190650e-04 
 3.312407e-01  2.967650e-04 
 3.316384e-01  2.753708e-04 
 3.320361e-01  2.534655e-04 
 3.324338e-01  2.300278e-04 
 3.328315e-01  2.037493e-04 
 3.332292e-01  1.747348e-04 
 3.336269e-01  1.432875e-04 
 3.340246e-01  1.115486e-04 
 3.344223e-01  8.103595e-05 
 3.348199e-01  5.221505e-05 
 3.352176e-01  2.593033e-05 
 3.356153e-01  3.031454e-06 
 3.360130e-01 -1.637531e-05 
 3.364107e-01 -3.207210e-05 
 3.368084e-01 -4.430602e-05 
 3.372061e-01 -5.370614e-05 
 3.376038e-01 -6.064150e-05 
 3.380015e-01 -6.565309e-05 
 3.383992e-01 -6.847198e-05 
 3.387969e-01 -7.025717e-05 
 3.391946e-01 -7.109300e-05 
 3.395923e-01 -7.182057e-05 
 3.399900e-01 -7.299661e-05 
 3.403877e-01 -7.269055e-05 
 3.407854e-01 -7.076485e-05 
 3.411831e-01 -6.585882e-05 
 3.415808e-01 -5.814011e-05 
 3.419785e-01 -4.721362e-05 
 3.423762e-01 -3.367336e-05 
 3.427739e-01 -1.680909e-05 
 3.431716e-01  3.523615e-06 
 3.435693e-01  2.624318e-05 
 3.439669e-01  5.048501e-05 
 3.443646e-01  7.574076e-05 
 3.447623e-01  1.011852e-04 
 3.451600e-01  1.286153e-04 
 3.455577e-01  1.571763e-04 
 3.459554e-01  1.870886e-04 
 3.463531e-01  2.178610e-04 
 3.467508e-01  2.491100e-04 
 3.471485e-01  2.808685e-04 
 3.475462e-01  3.131165e-04 
 3.479439e-01  3.456557e-04 
 3.483416e-01  3.778898e-04 
 3.487393e-01  4.087687e-04 
 3.491370e-01  4.391728e-04 
 3.495347e-01  4.695507e-04 
 3.499324e-01  5.004620e-04 
 3.503301e-01  5.315414e-04 
 3.507278e-01  5.621850e-04 
 3.511255e-01  5.924554e-04 
 3.515232e-01  6.216866e-04 
 3.519209e-01  6.494069e-04 
 3.523186e-01  6.756675e-04 
 3.527163e-01  7.000976e-04 
 3.531139e-01  7.212424e-04 
 3.535116e-01  7.381724e-04 
 3.539093e-01  7.505546e-04 
 3.543070e-01  7.590293e-04 
 3.547047e-01  7.641769e-04 
 3.551024e-01  7.667527e-04 
 3.555001e-01  7.682459e-04 
 3.558978e-01  7.680649e-04 
 3.562955e-01  7.671621e-04 
 3.566932e-01  7.649644e-04 
 3.570909e-01  7.603355e-04 
 3.574886e-01  7.523523e-04 
 3.578863e-01  7.392085e-04 
 3.582840e-01  7.208478e-04 
 3.586817e-01  6.965401e-04 
 3.590794e-01  6.676169e-04 
 3.594771e-01  6.350857e-04 
 3.598748e-01  5.993949e-04 
 3.602725e-01  5.618322e-04 
 3.606702e-01  5.226111e-04 
 3.610679e-01  4.823982e-04 
 3.614656e-01  4.412204e-04 
 3.618633e-01  3.994061e-04 
 3.622609e-01  3.575996e-04 
 3.626586e-01  3.157200e-04 
 3.630563e-01  2.735192e-04 
 3.634540e-01  2.310293e-04 
 3.638517e-01  1.885545e-04 
 3.642494e-01  1.458092e-04 
 3.646471e-01  1.030871e-04 
 3.650448e-01  6.056600e-05 
 3.654425e-01  1.801723e-05 
 3.658402e-01 -2.450817e-05 
 3.662379e-01 -6.704995e-05 
 3.666356e-01 -1.096187e-04 
 3.670333e-01 -1.518400e-04 
 3.674310e-01 -1.937821e-04 
 3.678287e-01 -2.361990e-04 
 3.682264e-01 -2.782938e-04 
 3.686241e-01 -3.198640e-04 
 3.690218e-01 -3.600010e-04 
 3.694195e-01 -3.985209e-04 
 3.698172e-01 -4.352463e-04 
 3.702149e-01 -4.694451e-04 
 3.706126e-01 -4.998092e-04 
 3.710103e-01 -5.264888e-04 
 3.714079e-01 -5.497026e-04 
 3.718056e-01 -5.698121e-04 
 3.722033e-01 -5.878014e-04 
 3.726010e-01 -6.048294e-04 
 3.729987e-01 -6.212115e-04 
 3.733964e-01 -6.374857e-04 
 3.737941e-01 -6.537895e-04 
 3.741918e-01 -6.698306e-04 
 3.745895e-01 -6.841090e-04 
 3.749872e-01 -6.961160e-04 
 3.753849e-01 -7.053087e-04 
 3.757826e-01 -7.120008e-04 
 3.761803e-01 -7.179104e-04 
 3.765780e-01 -7.232331e-04 
 3.769757e-01 -7.291031e-04 
 3.773734e-01 -7.355134e-04 
 3.777711e-01 -7.420221e-04 
 3.781688e-01 -7.483769e-04 
 3.785665e-01 -7.535204e-04 
 3.789642e-01 -7.571238e-04 
 3.793619e-01 -7.581690e-04 
 3.797596e-01 -7.564819e-04 
 3.801573e-01 -7.526795e-04 
 3.805549e-01 -7.470595e-04 
 3.809526e-01 -7.409497e-04 
 3.813503e-01 -7.345336e-04 
 3.817480e-01 -7.276781e-04 
 3.821457e-01 -7.202990e-04 
 3.825434e-01 -7.127118e-04 
 3.829411e-01 -7.054233e-04 
 3.833388e-01 -6.981822e-04 
 3.837365e-01 -6.918543e-04 
 3.841342e-01 -6.860727e-04 
 3.845319e-01 -6.805917e-04 
 3.849296e-01 -6.757732e-04 
 3.853273e-01 -6.713826e-04 
 3.857250e-01 -6.668173e-04 
 3.861227e-01 -6.616772e-04 
 3.865204e-01 -6.561260e-04 
 3.869181e-01 -6.499625e-04 
 3.873158e-01 -6.440228e-04 
 3.877135e-01 -6.388618e-04 
 3.881112e-01 -6.343793e-04 
 3.885089e-01 -6.306350e-04 
 3.889066e-01 -6.271478e-04 
 3.893043e-01 -6.229497e-04 
 3.897019e-01 -6.171263e-04 
 3.900996e-01 -6.098686e-04 
 3.904973e-01 -6.001945e-04 
 3.908950e-01 -5.874205e-04 
 3.912927e-01 -5.716436e-04 
 3.916904e-01 -5.534267e-04 
 3.920881e-01 -5.334585e-04 
 3.924858e-01 -5.122559e-04 
 3.928835e-01 -4.903509e-04 
 3.932812e-01 -4.679173e-04 
 3.936789e-01 -4.456216e-04 
 3.940766e-01 -4.231768e-04 
 3.944743e-01 -4.010128e-04 
 3.948720e-01 -3.792172e-04 
 3.952697e-01 -3.565573e-04 
 3.956674e-01 -3.323615e-04 
 3.960651e-01 -3.060553e-04 
 3.964628e-01 -2.768571e-04 
 3.968605e-01 -2.450404e-04 
 3.972582e-01 -2.103064e-04 
 3.976559e-01 -1.736836e-04 
 3.980536e-01 -1.358474e-04 
 3.984512e-01 -9.730100e-05 
 3.988489e-01 -5.748286e-05 
 3.992466e-01 -1.662097e-05 
 3.996443e-01  2.540232e-05 
 4.000420e-01  6.946648e-05 
 4.004397e-01  1.158469e-04 
 4.008374e-01  1.640452e-04 
 4.012351e-01  2.129158e-04 
 4.016328e-01  2.612573e-04 
 4.020305e-01  3.073949e-04 
 4.024282e-01  3.496498e-04 
 4.028259e-01  3.881481e-04 
 4.032236e-01  4.229443e-04 
 4.036213e-01  4.551430e-04 
 4.040190e-01  4.855685e-04 
 4.044167e-01  5.159608e-04 
 4.048144e-01  5.467688e-04 
 4.052121e-01  5.789435e-04 
 4.056098e-01  6.115361e-04 
 4.060075e-01  6.438204e-04 
 4.064052e-01  6.744345e-04 
 4.068029e-01  7.034473e-04 
 4.072006e-01  7.299055e-04 
 4.075982e-01  7.537831e-04 
 4.079959e-01  7.749232e-04 
 4.083936e-01  7.932645e-04 
 4.087913e-01  8.077843e-04 
 4.091890e-01  8.193276e-04 
 4.095867e-01  8.274776e-04 
 4.099844e-01  8.323664e-04 
 4.103821e-01  8.338646e-04 
 4.107798e-01  8.323139e-04 
 4.111775e-01  8.278393e-04 
 4.115752e-01  8.212207e-04 
 4.119729e-01  8.126178e-04 
 4.123706e-01  8.005867e-04 
 4.127683e-01  7.851288e-04 
 4.131660e-01  7.656384e-04 
 4.135637e-01  7.422611e-04 
 4.139614e-01  7.155740e-04 
 4.143591e-01  6.860472e-04 
 4.147568e-01  6.545165e-04 
 4.151545e-01  6.214152e-04 
 4.155522e-01  5.870440e-04 
 4.159499e-01  5.522781e-04 
 4.163476e-01  5.169182e-04 
 4.167452e-01  4.807154e-04 
 4.171429e-01  4.431140e-04 
 4.175406e-01  4.045126e-04 
 4.179383e-01  3.648011e-04 
 4.183360e-01  3.252689e-04 
 4.187337e-01  2.867176e-04 
 4.191314e-01  2.500245e-04 
 4.195291e-01  2.156962e-04 
 4.199268e-01  1.827700e-04 
 4.203245e-01  1.502767e-04 
 4.207222e-01  1.179288e-04 
 4.211199e-01  8.453484e-05 
 4.215176e-01  4.938787e-05 
 4.219153e-01  1.310898e-05 
 4.223130e-01 -2.332013e-05 
 4.227107e-01 -5.874664e-05 
 4.231084e-01 -9.165241e-05 
 4.235061e-01 -1.217598e-04 
 4.239038e-01 -1.480566e-04 
 4.243015e-01 -1.706788e-04 
 4.246992e-01 -1.904902e-04 
 4.250969e-01 -2.068162e-04 
 4.254946e-01 -2.197612e-04 
 4.258922e-01 -2.298820e-04 
 4.262899e-01 -2.369908e-04 
 4.266876e-01 -2.408771e-04 
 4.270853e-01 -2.422305e-04 
 4.274830e-01 -2.415863e-04 
 4.278807e-01 -2.394431e-04 
 4.282784e-01 -2.362403e-04 
 4.286761e-01 -2.325857e-04 
 4.290738e-01 -2.275852e-04 
 4.294715e-01 -2.216364e-04 
 4.298692e-01 -2.133272e-04 
 4.302669e-01 -2.030583e-04 
 4.306646e-01 -1.908096e-04 
 4.310623e-01 -1.773297e-04 
 4.314600e-01 -1.616943e-04 
 4.318577e-01 -1.444996e-04 
 4.322554e-01 -1.255786e-04 
 4.326531e-01 -1.054894e-04 
 4.330508e-01 -8.427408e-05 
 4.334485e-01 -6.292972e-05 
 4.338462e-01 -4.126537e-05 
 4.342439e-01 -1.903548e-05 
 4.346416e-01  3.196231e-06 
 4.350392e-01  2.589805e-05 
 4.354369e-01  4.802650e-05 
 4.358346e-01  7.000522e-05 
 4.362323e-01  9.094124e-05 
 4.366300e-01  1.114647e-04 
 4.370277e-01  1.319478e-04 
 4.374254e-01  1.517229e-04 
 4.378231e-01  1.703139e-04 
 4.382208e-01  1.881685e-04 
 4.386185e-01  2.048503e-04 
 4.390162e-01  2.213979e-04 
 4.394139e-01  2.371605e-04 
 4.398116e-01  2.530055e-04 
 4.402093e-01  2.682286e-04 
 4.406070e-01  2.827371e-04 
 4.410047e-01  2.971533e-04 
 4.414024e-01  3.113729e-04 
 4.418001e-01  3.249922e-04 
 4.421978e-01  3.373545e-04 
 4.425955e-01  3.475945e-04 
 4.429932e-01  3.562412e-04 
 4.433909e-01  3.640331e-04 
 4.437886e-01  3.714725e-04 
 4.441862e-01  3.792933e-04 
 4.445839e-01  3.889508e-04 
 4.449816e-01  3.998655e-04 
 4.453793e-01  4.124852e-04 
 4.457770e-01  4.265212e-04 
 4.461747e-01  4.408592e-04 
 4.465724e-01  4.545510e-04 
 4.469701e-01  4.670072e-04 
 4.473678e-01  4.779639e-04 
 4.477655e-01  4.883312e-04 
 4.481632e-01  4.984625e-04 
 4.485609e-01  5.095960e-04 
 4.489586e-01  5.219792e-04 
 4.493563e-01  5.351909e-04 
 4.497540e-01  5.494104e-04 
 4.501517e-01  5.640191e-04 
 4.505494e-01  5.786628e-04 
 4.509471e-01  5.936275e-04 
 4.513448e-01  6.079603e-04 
 4.517425e-01  6.222585e-04 
 4.521402e-01  6.369347e-04 
 4.525379e-01  6.526842e-04 
 4.529356e-01  6.690808e-04 
 4.533332e-01  6.861766e-04 
 4.537309e-01  7.029623e-04 
 4.541286e-01  7.183403e-04 
 4.545263e-01  7.319616e-04 
 4.549240e-01  7.433621e-04 
 4.553217e-01  7.521791e-04 
 4.557194e-01  7.584742e-04 
 4.561171e-01  7.628508e-04 
 4.565148e-01  7.646113e-04 
 4.569125e-01  7.660019e-04 
 4.573102e-01  7.661169e-04 
 4.577079e-01  7.647055e-04 
 4.581056e-01  7.618853e-04 
 4.585033e-01  7.577871e-04 
 4.589010e-01  7.524228e-04 
 4.592987e-01  7.470671e-04 
 4.596964e-01  7.408256e-04 
 4.600941e-01  7.337018e-04 
 4.604918e-01  7.247605e-04 
 4.608895e-01  7.131010e-04 
 4.612872e-01  6.986698e-04 
 4.616849e-01  6.809811e-04 
 4.620826e-01  6.598525e-04 
 4.624802e-01  6.354360e-04 
 4.628779e-01  6.083336e-04 
 4.632756e-01  5.789907e-04 
 4.636733e-01  5.494551e-04 
 4.640710e-01  5.192584e-04 
 4.644687e-01  4.886257e-04 
 4.648664e-01  4.565228e-04 
 4.652641e-01  4.228970e-04 
 4.656618e-01  3.873155e-04 
 4.660595e-01  3.496851e-04 
 4.664572e-01  3.110842e-04 
 4.668549e-01  2.721834e-04 
 4.672526e-01  2.327557e-04 
 4.676503e-01  1.939966e-04 
 4.680480e-01  1.559206e-04 
 4.684457e-01  1.182745e-04 
 4.688434e-01  8.091970e-05 
 4.692411e-01  4.346154e-05 
 4.696388e-01  5.423695e-06 
 4.700365e-01 -3.312496e-05 
 4.704342e-01 -7.203625e-05 
 4.708319e-01 -1.107563e-04 
 4.712295e-01 -1.491784e-04 
 4.716272e-01 -1.863299e-04 
 4.720249e-01 -2.225800e-04 
 4.724226e-01 -2.590028e-04 
 4.728203e-01 -2.955435e-04 
 4.732180e-01 -3.313013e-04 
 4.736157e-01 -3.666316e-04 
 4.740134e-01 -4.002512e-04 
 4.744111e-01 -4.323137e-04 
 4.748088e-01 -4.625935e-04 
 4.752065e-01 -4.902189e-04 
 4.756042e-01 -5.150730e-04 
 4.760019e-01 -5.369012e-04 
 4.763996e-01 -5.567594e-04 
 4.767973e-01 -5.746852e-04 
 4.771950e-01 -5.916521e-04 
 4.775927e-01 -6.066670e-04 
 4.779904e-01 -6.193228e-04 
 4.783881e-01 -6.290805e-04 
 4.787858e-01 -6.366390e-04 
 4.791835e-01 -6.417970e-04 
 4.795812e-01 -6.446510e-04 
 4.799789e-01 -6.457954e-04 
 4.803765e-01 -6.450109e-04 
 4.807742e-01 -6.422979e-04 
 4.811719e-01 -6.385368e-04 
 4.815696e-01 -6.342439e-04 
 4.819673e-01 -6.297711e-04 
 4.823650e-01 -6.250327e-04 
 4.827627e-01 -6.208590e-04 
 4.831604e-01 -6.168676e-04 
 4.835581e-01 -6.127761e-04 
 4.839558e-01 -6.088778e-04 
 4.843535e-01 -6.039800e-04 
 4.847512e-01 -5.984849e-04 
 4.851489e-01 -5.914696e-04 
 4.855466e-01 -5.833125e-04 
 4.859443e-01 -5.742579e-04 
 4.863420e-01 -5.655150e-04 
 4.867397e-01 -5.572680e-04 
 4.871374e-01 -5.492634e-04 
 4.875351e-01 -5.414835e-04 
 4.879328e-01 -5.340255e-04 
 4.883305e-01 -5.261413e-04 
 4.887282e-01 -5.176070e-04 
 4.891259e-01 -5.074666e-04 
 4.895235e-01 -4.968516e-04 
 4.899212e-01 -4.863333e-04 
 4.903189e-01 -4.768171e-04 
 4.907166e-01 -4.691371e-04 
 4.911143e-01 -4.632637e-04 
 4.915120e-01 -4.584151e-04 
 4.919097e-01 -4.549823e-04 
 4.923074e-01 -4.522762e-04 
 4.927051e-01 -4.493886e-04 
 4.931028e-01 -4.450332e-04 
 4.935005e-01 -4.387928e-04 
 4.938982e-01 -4.306551e-04 
 4.942959e-01 -4.205054e-04 
 4.946936e-01 -4.094218e-04 
 4.950913e-01 -3.980940e-04 
 4.954890e-01 -3.858124e-04 
 4.958867e-01 -3.727183e-04 
 4.962844e-01 -3.590588e-04 
 4.966821e-01 -3.445192e-04 
 4.970798e-01 -3.297640e-04 
 4.974775e-01 -3.145036e-04 
 4.978752e-01 -2.988436e-04 
 4.982729e-01 -2.832693e-04 
 4.986705e-01 -2.683664e-04 
 4.990682e-01 -2.544788e-04 
 4.994659e-01 -2.413092e-04 
 4.998636e-01 -2.285015e-04 
 5.002613e-01 -2.149885e-04 
 5.006590e-01 -2.006884e-04 
 5.010567e-01 -1.860659e-04 
 5.014544e-01 -1.702793e-04 
 5.018521e-01 -1.549209e-04 
 5.022498e-01 -1.394700e-04 
 5.026475e-01 -1.242179e-04 
 5.030452e-01 -1.086108e-04 
 5.034429e-01 -9.266551e-05 
 5.038406e-01 -7.706163e-05 
 5.042383e-01 -6.047967e-05 
 5.046360e-01 -4.310633e-05 
 5.050337e-01 -2.531268e-05 
 5.054314e-01 -7.419742e-06 
 5.058291e-01  9.198938e-06 
 5.062268e-01  2.508291e-05 
 5.066245e-01  3.885830e-05 
 5.070222e-01  5.149864e-05 
 5.074199e-01  6.357279e-05 
 5.078175e-01  7.553041e-05 
 5.082152e-01  8.777184e-05 
 5.086129e-01  1.001484e-04 
 5.090106e-01  1.122660e-04 
 5.094083e-01  1.239741e-04 
 5.098060e-01  1.346611e-04 
 5.102037e-01  1.432563e-04 
 5.106014e-01  1.498024e-04 
 5.109991e-01  1.541863e-04 
 5.113968e-01  1.564935e-04 
 5.117945e-01  1.572634e-04 
 5.121922e-01  1.575406e-04 
 5.125899e-01  1.575806e-04 
 5.129876e-01  1.576225e-04 
 5.133853e-01  1.576836e-04 
 5.137830e-01  1.575245e-04 
 5.141807e-01  1.566845e-04 
 5.145784e-01  1.554757e-04 
 5.149761e-01  1.537406e-04 
 5.153738e-01  1.513287e-04 
 5.157715e-01  1.478638e-04 
 5.161692e-01  1.420905e-04 
 5.165669e-01  1.337799e-04 
 5.169645e-01  1.226941e-04 
 5.173622e-01  1.089647e-04 
 5.177599e-01  9.271625e-05 
 5.181576e-01  7.465631e-05 
 5.185553e-01  5.550214e-05 
 5.189530e-01  3.657047e-05 
 5.193507e-01  1.956679e-05 
 5.197484e-01  4.830156e-06 
 5.201461e-01 -7.682630e-06 
 5.205438e-01 -1.888175e-05 
 5.209415e-01 -2.946162e-05 
 5.213392e-01 -3.929104e-05 
 5.217369e-01 -4.959004e-05 
 5.221346e-01 -6.026989e-05 
 5.225323e-01 -7.113234e-05 
 5.229300e-01 -8.174440e-05 
 5.233277e-01 -9.113679e-05 
 5.237254e-01 -9.919851e-05 
 5.241231e-01 -1.064664e-04 
 5.245208e-01 -1.129147e-04 
 5.249185e-01 -1.190989e-04 
 5.253162e-01 -1.250462e-04 
 5.257139e-01 -1.311675e-04 
 5.261115e-01 -1.370401e-04 
 5.265092e-01 -1.428359e-04 
 5.269069e-01 -1.483569e-04 
 5.273046e-01 -1.528186e-04 
 5.277023e-01 -1.562787e-04 
 5.281000e-01 -1.581953e-04 
 5.284977e-01 -1.587302e-04 
 5.288954e-01 -1.578630e-04 
 5.292931e-01 -1.557331e-04 
 5.296908e-01 -1.516542e-04 
 5.300885e-01 -1.465274e-04 
 5.304862e-01 -1.406972e-04 
 5.308839e-01 -1.349983e-04 
 5.312816e-01 -1.296299e-04 
 5.316793e-01 -1.243265e-04 
 5.320770e-01 -1.190704e-04 
 5.324747e-01 -1.130797e-04 
 5.328724e-01 -1.055141e-04 
 5.332701e-01 -9.603963e-05 
 5.336678e-01 -8.440974e-05 
 5.340655e-01 -7.168313e-05 
 5.344632e-01 -5.851250e-05 
 5.348608e-01 -4.558339e-05 
 5.352585e-01 -3.364605e-05 
 5.356562e-01 -2.370452e-05 
 5.360539e-01 -1.582644e-05 
 5.364516e-01 -9.305742e-06 
 5.368493e-01 -2.939851e-06 
 5.372470e-01  3.907711e-06 
 5.376447e-01  1.151503e-05 
 5.380424e-01  1.952044e-05 
 5.384401e-01  2.780402e-05 
 5.388378e-01  3.600305e-05 
 5.392355e-01  4.425214e-05 
 5.396332e-01  5.231719e-05 
 5.400309e-01  5.986755e-05 
 5.404286e-01  6.688666e-05 
 5.408263e-01  7.401389e-05 
 5.412240e-01  8.105293e-05 
 5.416217e-01  8.831664e-05 
 5.420194e-01  9.532218e-05 
 5.424171e-01  1.014334e-04 
 5.428148e-01  1.060502e-04 
 5.432125e-01  1.093926e-04 
 5.436102e-01  1.114176e-04 
 5.440078e-01  1.122692e-04 
 5.444055e-01  1.130704e-04 
 5.448032e-01  1.137891e-04 
 5.452009e-01  1.149144e-04 
 5.455986e-01  1.159941e-04 
 5.459963e-01  1.176419e-04 
 5.463940e-01  1.193891e-04 
 5.467917e-01  1.219726e-04 
 5.471894e-01  1.248900e-04 
 5.475871e-01  1.291399e-04 
 5.479848e-01  1.344731e-04 
 5.483825e-01  1.424767e-04 
 5.487802e-01  1.527433e-04 
 5.491779e-01  1.654597e-04 
 5.495756e-01  1.792875e-04 
 5.499733e-01  1.931074e-04 
 5.503710e-01  2.060267e-04 
 5.507687e-01  2.172686e-04 
 5.511664e-01  2.271261e-04 
 5.515641e-01  2.361587e-04 
 5.519618e-01  2.452821e-04 
 5.523595e-01  2.548900e-04 
 5.527572e-01  2.658641e-04 
 5.531548e-01  2.788943e-04 
 5.535525e-01  2.931963e-04 
 5.539502e-01  3.095469e-04 
 5.543479e-01  3.267393e-04 
 5.547456e-01  3.440461e-04 
 5.551433e-01  3.611302e-04 
 5.555410e-01  3.781781e-04 
 5.559387e-01  3.952500e-04 
 5.563364e-01  4.119769e-04 
 5.567341e-01  4.280204e-04 
 5.571318e-01  4.433728e-04 
 5.575295e-01  4.582218e-04 
 5.579272e-01  4.724911e-04 
 5.583249e-01  4.863385e-04 
 5.587226e-01  4.995007e-04 
 5.591203e-01  5.116534e-04 
 5.595180e-01  5.226124e-04 
 5.599157e-01  5.322689e-04 
 5.603134e-01  5.402785e-04 
 5.607111e-01  5.468047e-04 
 5.611088e-01  5.508740e-04 
 5.615065e-01  5.524410e-04 
 5.619042e-01  5.520113e-04 
 5.623018e-01  5.500657e-04 
 5.626995e-01  5.466275e-04 
 5.630972e-01  5.426711e-04 
 5.634949e-01  5.382420e-04 
 5.638926e-01  5.336364e-04 
 5.642903e-01  5.279177e-04 
 5.646880e-01  5.213179e-04 
 5.650857e-01  5.138686e-04 
 5.654834e-01  5.051465e-04 
 5.658811e-01  4.943021e-04 
 5.662788e-01  4.816078e-04 
 5.666765e-01  4.672738e-04 
 5.670742e-01  4.519238e-04 
 5.674719e-01  4.357250e-04 
 5.678696e-01  4.193960e-04 
 5.682673e-01  4.023454e-04 
 5.686650e-01  3.849663e-04 
 5.690627e-01  3.678032e-04 
 5.694604e-01  3.495253e-04 
 5.698581e-01  3.305993e-04 
 5.702558e-01  3.104073e-04 
 5.706535e-01  2.893471e-04 
 5.710512e-01  2.675577e-04 
 5.714488e-01  2.452448e-04 
 5.718465e-01  2.225719e-04 
 5.722442e-01  2.000212e-04 
 5.726419e-01  1.782762e-04 
 5.730396e-01  1.572881e-04 
 5.734373e-01  1.375331e-04 
 5.738350e-01  1.187021e-04 
 5.742327e-01  1.011651e-04 
 5.746304e-01  8.493404e-05 
 5.750281e-01  6.915407e-05 
 5.754258e-01  5.437806e-05 
 5.758235e-01  4.049442e-05 
 5.762212e-01  2.669348e-05 
 5.766189e-01  1.249659e-05 
 5.770166e-01 -1.784208e-06 
 5.774143e-01 -1.597406e-05 
 5.778120e-01 -2.972511e-05 
 5.782097e-01 -4.318503e-05 
 5.786074e-01 -5.616303e-05 
 5.790051e-01 -6.872219e-05 
 5.794028e-01 -8.092618e-05 
 5.798005e-01 -9.374343e-05 
 5.801982e-01 -1.067680e-04 
 5.805958e-01 -1.190642e-04 
 5.809935e-01 -1.301175e-04 
 5.813912e-01 -1.395893e-04 
 5.817889e-01 -1.470705e-04 
 5.821866e-01 -1.519421e-04 
 5.825843e-01 -1.545777e-04 
 5.829820e-01 -1.553673e-04 
 5.833797e-01 -1.550240e-04 
 5.837774e-01 -1.544286e-04 
 5.841751e-01 -1.548199e-04 
 5.845728e-01 -1.562360e-04 
 5.849705e-01 -1.584220e-04 
 5.853682e-01 -1.615072e-04 
 5.857659e-01 -1.648666e-04 
 5.861636e-01 -1.694003e-04 
 5.865613e-01 -1.750684e-04 
 5.869590e-01 -1.813913e-04 
 5.873567e-01 -1.878917e-04 
 5.877544e-01 -1.947773e-04 
 5.881521e-01 -2.016519e-04 
 5.885498e-01 -2.070707e-04 
 5.889475e-01 -2.112432e-04 
 5.893452e-01 -2.143796e-04 
 5.897428e-01 -2.163541e-04 
 5.901405e-01 -2.173928e-04 
 5.905382e-01 -2.178581e-04 
 5.909359e-01 -2.189638e-04 
 5.913336e-01 -2.202691e-04 
 5.917313e-01 -2.216070e-04 
 5.921290e-01 -2.228372e-04 
 5.925267e-01 -2.232207e-04 
 5.929244e-01 -2.221992e-04 
 5.933221e-01 -2.196918e-04 
 5.937198e-01 -2.162888e-04 
 5.941175e-01 -2.124424e-04 
 5.945152e-01 -2.087202e-04 
 5.949129e-01 -2.055466e-04 
 5.953106e-01 -2.032688e-04 
 5.957083e-01 -2.027602e-04 
 5.961060e-01 -2.036063e-04 
 5.965037e-01 -2.046268e-04 
 5.969014e-01 -2.052124e-04 
 5.972991e-01 -2.054736e-04 
 5.976968e-01 -2.049885e-04 
 5.980945e-01 -2.030805e-04 
 5.984922e-01 -2.010018e-04 
 5.988898e-01 -1.982498e-04 
 5.992875e-01 -1.950122e-04 
 5.996852e-01 -1.909799e-04 
 6.000829e-01 -1.866476e-04 
 6.004806e-01 -1.820268e-04 
 6.008783e-01 -1.770419e-04 
 6.012760e-01 -1.713218e-04 
 6.016737e-01 -1.646913e-04 
 6.020714e-01 -1.580277e-04 
 6.024691e-01 -1.511144e-04 
 6.028668e-01 -1.433865e-04 
 6.032645e-01 -1.343964e-04 
 6.036622e-01 -1.247342e-04 
 6.040599e-01 -1.137961e-04 
 6.044576e-01 -1.023846e-04 
 6.048553e-01 -9.188779e-05 
 6.052530e-01 -8.340522e-05 
 6.056507e-01 -7.710867e-05 
 6.060484e-01 -7.279424e-05 
 6.064461e-01 -7.105624e-05 
 6.068438e-01 -7.054196e-05 
 6.072415e-01 -7.002899e-05 
 6.076391e-01 -6.914493e-05 
 6.080368e-01 -6.702126e-05 
 6.084345e-01 -6.312258e-05 
 6.088322e-01 -5.828743e-05 
 6.092299e-01 -5.260453e-05 
 6.096276e-01 -4.669348e-05 
 6.100253e-01 -4.130094e-05 
 6.104230e-01 -3.634524e-05 
 6.108207e-01 -3.178180e-05 
 6.112184e-01 -2.819169e-05 
 6.116161e-01 -2.543784e-05 
 6.120138e-01 -2.396171e-05 
 6.124115e-01 -2.418924e-05 
 6.128092e-01 -2.549387e-05 
 6.132069e-01 -2.901722e-05 
 6.136046e-01 -3.410506e-05 
 6.140023e-01 -4.077251e-05 
 6.144000e-01 -4.889636e-05 
 6.147977e-01 -5.787796e-05 
 6.151954e-01 -6.764342e-05 
 6.155931e-01 -7.833313e-05 
 6.159908e-01 -8.941920e-05 
 6.163885e-01 -1.011713e-04 
 6.167861e-01 -1.121844e-04 
 6.171838e-01 -1.229234e-04 
 6.175815e-01 -1.329170e-04 
 6.179792e-01 -1.420612e-04 
 6.183769e-01 -1.499367e-04 
 6.187746e-01 -1.568932e-04 
 6.191723e-01 -1.632596e-04 
 6.195700e-01 -1.693604e-04 
 6.199677e-01 -1.753247e-04 
 6.203654e-01 -1.816649e-04 
 6.207631e-01 -1.882757e-04 
 6.211608e-01 -1.946066e-04 
 6.215585e-01 -2.000329e-04 
 6.219562e-01 -2.042236e-04 
 6.223539e-01 -2.076454e-04 
 6.227516e-01 -2.089378e-04 
 6.231493e-01 -2.085820e-04 
 6.235470e-01 -2.065543e-04 
 6.239447e-01 -2.037780e-04 
 6.243424e-01 -2.007338e-04 
 6.247401e-01 -1.977041e-04 
 6.251378e-01 -1.945265e-04 
 6.255355e-01 -1.915309e-04 
 6.259331e-01 -1.886570e-04 
 6.263308e-01 -1.859591e-04 
 6.267285e-01 -1.826091e-04 
 6.271262e-01 -1.786419e-04 
 6.275239e-01 -1.748484e-04 
 6.279216e-01 -1.701302e-04 
 6.283193e-01 -1.656826e-04 
 6.287170e-01 -1.617989e-04 
 6.291147e-01 -1.580168e-04 
 6.295124e-01 -1.537906e-04 
 6.299101e-01 -1.498091e-04 
 6.303078e-01 -1.454991e-04 
 6.307055e-01 -1.410709e-04 
 6.311032e-01 -1.360816e-04 
 6.315009e-01 -1.311540e-04 
 6.318986e-01 -1.265486e-04 
 6.322963e-01 -1.231881e-04 
 6.326940e-01 -1.200566e-04 
 6.330917e-01 -1.171172e-04 
 6.334894e-01 -1.142508e-04 
 6.338871e-01 -1.118187e-04 
 6.342848e-01 -1.089898e-04 
 6.346825e-01 -1.067202e-04 
 6.350801e-01 -1.052654e-04 
 6.354778e-01 -1.039605e-04 
 6.358755e-01 -1.035572e-04 
 6.362732e-01 -1.036094e-04 
 6.366709e-01 -1.039588e-04 
 6.370686e-01 -1.045591e-04 
 6.374663e-01 -1.041511e-04 
 6.378640e-01 -1.031789e-04 
 6.382617e-01 -1.013656e-04 
 6.386594e-01 -9.930578e-05 
 6.390571e-01 -9.805807e-05 
 6.394548e-01 -9.782357e-05 
 6.398525e-01 -9.926588e-05 
 6.402502e-01 -1.025361e-04 
 6.406479e-01 -1.065126e-04 
 6.410456e-01 -1.118376e-04 
 6.414433e-01 -1.172353e-04 
 6.418410e-01 -1.219821e-04 
 6.422387e-01 -1.257863e-04 
 6.426364e-01 -1.281786e-04 
 6.430341e-01 -1.294086e-04 
 6.434318e-01 -1.288403e-04 
 6.438295e-01 -1.276147e-04 
 6.442271e-01 -1.260856e-04 
 6.446248e-01 -1.246914e-04 
 6.450225e-01 -1.243828e-04 
 6.454202e-01 -1.249883e-04 
 6.458179e-01 -1.263840e-04 
 6.462156e-01 -1.292031e-04 
 6.466133e-01 -1.325924e-04 
 6.470110e-01 -1.367564e-04 
 6.474087e-01 -1.409549e-04 
 6.478064e-01 -1.447853e-04 
 6.482041e-01 -1.472186e-04 
 6.486018e-01 -1.481939e-04 
 6.489995e-01 -1.470368e-04 
 6.493972e-01 -1.441724e-04 
 6.497949e-01 -1.400775e-04 
 6.501926e-01 -1.347521e-04 
 6.505903e-01 -1.281795e-04 
 6.509880e-01 -1.198261e-04 
 6.513857e-01 -1.098911e-04 
 6.517834e-01 -9.792074e-05 
 6.521811e-01 -8.452836e-05 
 6.525788e-01 -6.966161e-05 
 6.529765e-01 -5.318527e-05 
 6.533741e-01 -3.514478e-05 
 6.537718e-01 -1.690579e-05 
 6.541695e-01  6.337000e-07 
 6.545672e-01  1.707115e-05 
 6.549649e-01  3.329311e-05 
 6.553626e-01  4.937582e-05 
 6.557603e-01  6.578502e-05 
 6.561580e-01  8.316343e-05 
 6.565557e-01  1.014621e-04 
 6.569534e-01  1.199817e-04 
 6.573511e-01  1.389091e-04 
 6.577488e-01  1.575647e-04 
 6.581465e-01  1.758759e-04 
 6.585442e-01  1.935514e-04 
 6.589419e-01  2.100180e-04 
 6.593396e-01  2.260026e-04 
 6.597373e-01  2.411754e-04 
 6.601350e-01  2.557031e-04 
 6.605327e-01  2.693135e-04 
 6.609304e-01  2.821471e-04 
 6.613281e-01  2.936123e-04 
 6.617258e-01  3.038696e-04 
 6.621235e-01  3.134116e-04 
 6.625211e-01  3.227817e-04 
 6.629188e-01  3.327558e-04 
 6.633165e-01  3.426997e-04 
 6.637142e-01  3.520344e-04 
 6.641119e-01  3.605847e-04 
 6.645096e-01  3.677696e-04 
 6.649073e-01  3.727172e-04 
 6.653050e-01  3.752480e-04 
 6.657027e-01  3.750071e-04 
 6.661004e-01  3.731151e-04 
 6.664981e-01  3.703020e-04 
 6.668958e-01  3.663441e-04 
 6.672935e-01  3.627448e-04 
 6.676912e-01  3.584693e-04 
 6.680889e-01  3.540165e-04 
 6.684866e-01  3.485690e-04 
 6.688843e-01  3.425771e-04 
 6.692820e-01  3.362542e-04 
 6.696797e-01  3.295238e-04 
 6.700774e-01  3.227703e-04 
 6.704751e-01  3.170152e-04 
 6.708728e-01  3.125807e-04 
 6.712705e-01  3.089256e-04 
 6.716681e-01  3.059188e-04 
 6.720658e-01  3.030372e-04 
 6.724635e-01  2.992335e-04 
 6.728612e-01  2.945857e-04 
 6.732589e-01  2.886944e-04 
 6.736566e-01  2.812534e-04 
 6.740543e-01  2.727447e-04 
 6.744520e-01  2.629164e-04 
 6.748497e-01  2.519033e-04 
 6.752474e-01  2.407634e-04 
 6.756451e-01  2.295357e-04 
 6.760428e-01  2.186043e-04 
 6.764405e-01  2.081985e-04 
 6.768382e-01  1.991728e-04 
 6.772359e-01  1.921600e-04 
 6.776336e-01  1.866918e-04 
 6.780313e-01  1.838237e-04 
 6.784290e-01  1.828112e-04 
 6.788267e-01  1.830591e-04 
 6.792244e-01  1.839330e-04 
 6.796221e-01  1.845782e-04 
 6.800198e-01  1.851884e-04 
 6.804174e-01  1.866147e-04 
 6.808151e-01  1.877005e-04 
 6.812128e-01  1.883097e-04 
 6.816105e-01  1.887328e-04 
 6.820082e-01  1.899159e-04 
 6.824059e-01  1.909221e-04 
 6.828036e-01  1.918494e-04 
 6.832013e-01  1.926702e-04 
 6.835990e-01  1.925837e-04 
 6.839967e-01  1.912563e-04 
 6.843944e-01  1.891901e-04 
 6.847921e-01  1.864708e-04 
 6.851898e-01  1.840139e-04 
 6.855875e-01  1.815521e-04 
 6.859852e-01  1.791608e-04 
 6.863829e-01  1.769260e-04 
 6.867806e-01  1.742502e-04 
 6.871783e-01  1.714787e-04 
 6.875760e-01  1.687501e-04 
 6.879737e-01  1.659384e-04 
 6.883714e-01  1.628852e-04 
 6.887691e-01  1.594530e-04 
 6.891668e-01  1.548721e-04 
 6.895644e-01  1.494701e-04 
 6.899621e-01  1.431925e-04 
 6.903598e-01  1.350474e-04 
 6.907575e-01  1.251070e-04 
 6.911552e-01  1.135283e-04 
 6.915529e-01  1.003085e-04 
 6.919506e-01  8.668421e-05 
 6.923483e-01  7.256170e-05 
 6.927460e-01  5.873614e-05 
 6.931437e-01  4.467554e-05 
 6.935414e-01  2.971846e-05 
 6.939391e-01  1.330392e-05 
 6.943368e-01 -4.192606e-06 
 6.947345e-01 -2.280808e-05 
 6.951322e-01 -4.196410e-05 
 6.955299e-01 -6.142242e-05 
 6.959276e-01 -8.018881e-05 
 6.963253e-01 -9.817293e-05 
 6.967230e-01 -1.142252e-04 
 6.971207e-01 -1.280890e-04 
 6.975184e-01 -1.394394e-04 
 6.979161e-01 -1.494259e-04 
 6.983138e-01 -1.589144e-04 
 6.987114e-01 -1.672647e-04 
 6.991091e-01 -1.748280e-04 
 6.995068e-01 -1.821640e-04 
 6.999045e-01 -1.885996e-04 
 7.003022e-01 -1.937662e-04 
 7.006999e-01 -1.975808e-04 
 7.010976e-01 -2.003286e-04 
 7.014953e-01 -2.020868e-04 
 7.018930e-01 -2.033201e-04 
 7.022907e-01 -2.041690e-04 
 7.026884e-01 -2.049284e-04 
 7.030861e-01 -2.055267e-04 
 7.034838e-01 -2.059559e-04 
 7.038815e-01 -2.052727e-04 
 7.042792e-01 -2.037345e-04 
 7.046769e-01 -2.006396e-04 
 7.050746e-01 -1.956182e-04 
 7.054723e-01 -1.879737e-04 
 7.058700e-01 -1.777573e-04 
 7.062677e-01 -1.654654e-04 
 7.066654e-01 -1.509234e-04 
 7.070631e-01 -1.337343e-04 
 7.074608e-01 -1.153460e-04 
 7.078584e-01 -9.560192e-05 
 7.082561e-01 -7.562722e-05 
 7.086538e-01 -5.599219e-05 
 7.090515e-01 -3.786164e-05 
 7.094492e-01 -2.187296e-05 
 7.098469e-01 -7.485007e-06 
 7.102446e-01  5.087402e-06 
 7.106423e-01  1.709308e-05 
 7.110400e-01  2.853558e-05 
 7.114377e-01  3.945864e-05 
 7.118354e-01  5.046759e-05 
 7.122331e-01  6.159409e-05 
 7.126308e-01  7.193537e-05 
 7.130285e-01  8.153633e-05 
 7.134262e-01  8.981923e-05 
 7.138239e-01  9.666844e-05 
 7.142216e-01  1.024037e-04 
 7.146193e-01  1.076917e-04 
 7.150170e-01  1.121618e-04 
 7.154147e-01  1.166654e-04 
 7.158124e-01  1.200539e-04 
 7.162101e-01  1.227960e-04 
 7.166078e-01  1.245824e-04 
 7.170054e-01  1.253236e-04 
 7.174031e-01  1.244027e-04 
 7.178008e-01  1.220123e-04 
 7.181985e-01  1.186687e-04 
 7.185962e-01  1.147135e-04 
 7.189939e-01  1.101175e-04 
 7.193916e-01  1.048179e-04 
 7.197893e-01  9.856852e-05 
 7.201870e-01  9.065518e-05 
 7.205847e-01  8.149044e-05 
 7.209824e-01  7.131894e-05 
 7.213801e-01  6.080123e-05 
 7.217778e-01  4.947463e-05 
 7.221755e-01  3.817716e-05 
 7.225732e-01  2.700046e-05 
 7.229709e-01  1.582883e-05 
 7.233686e-01  4.485868e-06 
 7.237663e-01 -7.364421e-06 
 7.241640e-01 -1.956626e-05 
 7.245617e-01 -3.184712e-05 
 7.249594e-01 -4.407643e-05 
 7.253571e-01 -5.556254e-05 
 7.257548e-01 -6.470869e-05 
 7.261524e-01 -7.108024e-05 
 7.265501e-01 -7.486987e-05 
 7.269478e-01 -7.654403e-05 
 7.273455e-01 -7.722900e-05 
 7.277432e-01 -7.717307e-05 
 7.281409e-01 -7.732635e-05 
 7.285386e-01 -7.819063e-05 
 7.289363e-01 -7.938522e-05 
 7.293340e-01 -8.111702e-05 
 7.297317e-01 -8.328426e-05 
 7.301294e-01 -8.534895e-05 
 7.305271e-01 -8.713660e-05 
 7.309248e-01 -8.865059e-05 
 7.313225e-01 -8.981403e-05 
 7.317202e-01 -9.066939e-05 
 7.321179e-01 -9.044514e-05 
 7.325156e-01 -8.904868e-05 
 7.329133e-01 -8.661087e-05 
 7.333110e-01 -8.266459e-05 
 7.337087e-01 -7.712558e-05 
 7.341064e-01 -7.068670e-05 
 7.345041e-01 -6.381902e-05 
 7.349018e-01 -5.735838e-05 
 7.352994e-01 -5.069848e-05 
 7.356971e-01 -4.498192e-05 
 7.360948e-01 -4.017661e-05 
 7.364925e-01 -3.544930e-05 
 7.368902e-01 -3.131267e-05 
 7.372879e-01 -2.787616e-05 
 7.376856e-01 -2.430793e-05 
 7.380833e-01 -2.077347e-05 
 7.384810e-01 -1.752890e-05 
 7.388787e-01 -1.445016e-05 
 7.392764e-01 -1.200310e-05 
 7.396741e-01 -1.016495e-05 
 7.400718e-01 -9.006270e-06 
 7.404695e-01 -8.410014e-06 
 7.408672e-01 -8.376197e-06 
 7.412649e-01 -9.772394e-06 
 7.416626e-01 -1.284562e-05 
 7.420603e-01 -1.737993e-05 
 7.424580e-01 -2.467577e-05 
 7.428557e-01 -3.429522e-05 
 7.432534e-01 -4.506776e-05 
 7.436511e-01 -5.766710e-05 
 7.440488e-01 -7.085863e-05 
 7.444464e-01 -8.395954e-05 
 7.448441e-01 -9.614968e-05 
 7.452418e-01 -1.073129e-04 
 7.456395e-01 -1.175942e-04 
 7.460372e-01 -1.270034e-04 
 7.464349e-01 -1.357410e-04 
 7.468326e-01 -1.436160e-04 
 7.472303e-01 -1.510429e-04 
 7.476280e-01 -1.579590e-04 
 7.480257e-01 -1.636768e-04 
 7.484234e-01 -1.685425e-04 
 7.488211e-01 -1.736171e-04 
 7.492188e-01 -1.785090e-04 
 7.496165e-01 -1.833048e-04 
 7.500142e-01 -1.881708e-04 
 7.504119e-01 -1.928055e-04 
 7.508096e-01 -1.969204e-04 
 7.512073e-01 -1.991638e-04 
 7.516050e-01 -2.000746e-04 
 7.520027e-01 -1.989104e-04 
 7.524004e-01 -1.959086e-04 
 7.527981e-01 -1.916460e-04 
 7.531957e-01 -1.858596e-04 
 7.535934e-01 -1.796523e-04 
 7.539911e-01 -1.728318e-04 
 7.543888e-01 -1.648894e-04 
 7.547865e-01 -1.555227e-04 
 7.551842e-01 -1.445142e-04 
 7.555819e-01 -1.322443e-04 
 7.559796e-01 -1.171548e-04 
 7.563773e-01 -1.007353e-04 
 7.567750e-01 -8.375535e-05 
 7.571727e-01 -6.639380e-05 
 7.575704e-01 -4.911185e-05 
 7.579681e-01 -3.151537e-05 
 7.583658e-01 -1.341019e-05 
 7.587635e-01  4.890570e-06 
 7.591612e-01  2.442830e-05 
 7.595589e-01  4.448343e-05 
 7.599566e-01  6.551462e-05 
 7.603543e-01  8.709085e-05 
 7.607520e-01  1.084046e-04 
 7.611497e-01  1.291520e-04 
 7.615474e-01  1.485100e-04 
 7.619451e-01  1.669182e-04 
 7.623427e-01  1.841127e-04 
 7.627404e-01  2.003634e-04 
 7.631381e-01  2.157631e-04 
 7.635358e-01  2.302289e-04 
 7.639335e-01  2.437271e-04 
 7.643312e-01  2.571870e-04 
 7.647289e-01  2.703089e-04 
 7.651266e-01  2.829847e-04 
 7.655243e-01  2.949658e-04 
 7.659220e-01  3.068630e-04 
 7.663197e-01  3.182816e-04 
 7.667174e-01  3.301213e-04 
 7.671151e-01  3.420660e-04 
 7.675128e-01  3.534842e-04 
 7.679105e-01  3.645150e-04 
 7.683082e-01  3.743598e-04 
 7.687059e-01  3.818723e-04 
 7.691036e-01  3.867281e-04 
 7.695013e-01  3.892726e-04 
 7.698990e-01  3.895856e-04 
 7.702967e-01  3.880770e-04 
 7.706944e-01  3.848238e-04 
 7.710921e-01  3.803503e-04 
 7.714897e-01  3.751634e-04 
 7.718874e-01  3.692418e-04 
 7.722851e-01  3.626733e-04 
 7.726828e-01  3.544520e-04 
 7.730805e-01  3.452129e-04 
 7.734782e-01  3.354608e-04 
 7.738759e-01  3.250676e-04 
 7.742736e-01  3.149006e-04 
 7.746713e-01  3.053885e-04 
 7.750690e-01  2.970797e-04 
 7.754667e-01  2.898092e-04 
 7.758644e-01  2.834439e-04 
 7.762621e-01  2.776453e-04 
 7.766598e-01  2.721944e-04 
 7.770575e-01  2.673422e-04 
 7.774552e-01  2.635276e-04 
 7.778529e-01  2.596550e-04 
 7.782506e-01  2.559732e-04 
 7.786483e-01  2.515041e-04 
 7.790460e-01  2.462119e-04 
 7.794437e-01  2.402400e-04 
 7.798414e-01  2.345620e-04 
 7.802391e-01  2.291126e-04 
 7.806367e-01  2.247401e-04 
 7.810344e-01  2.216875e-04 
 7.814321e-01  2.203608e-04 
 7.818298e-01  2.208173e-04 
 7.822275e-01  2.222615e-04 
 7.826252e-01  2.244213e-04 
 7.830229e-01  2.268263e-04 
 7.834206e-01  2.289602e-04 
 7.838183e-01  2.315133e-04 
 7.842160e-01  2.341667e-04 
 7.846137e-01  2.380614e-04 
 7.850114e-01  2.430454e-04 
 7.854091e-01  2.487845e-04 
 7.858068e-01  2.551003e-04 
 7.862045e-01  2.610044e-04 
 7.866022e-01  2.664190e-04 
 7.869999e-01  2.702445e-04 
 7.873976e-01  2.727471e-04 
 7.877953e-01  2.737020e-04 
 7.881930e-01  2.726518e-04 
 7.885907e-01  2.705344e-04 
 7.889884e-01  2.675613e-04 
 7.893861e-01  2.633979e-04 
 7.897837e-01  2.585474e-04 
 7.901814e-01  2.526210e-04 
 7.905791e-01  2.462614e-04 
 7.909768e-01  2.390881e-04 
 7.913745e-01  2.313041e-04 
 7.917722e-01  2.230994e-04 
 7.921699e-01  2.140489e-04 
 7.925676e-01  2.045012e-04 
 7.929653e-01  1.938657e-04 
 7.933630e-01  1.829015e-04 
 7.937607e-01  1.714526e-04 
 7.941584e-01  1.594913e-04 
 7.945561e-01  1.477099e-04 
 7.949538e-01  1.357822e-04 
 7.953515e-01  1.247818e-04 
 7.957492e-01  1.149980e-04 
 7.961469e-01  1.060554e-04 
 7.965446e-01  9.771015e-05 
 7.969423e-01  8.922072e-05 
 7.973400e-01  7.957757e-05 
 7.977377e-01  6.746291e-05 
 7.981354e-01  5.273238e-05 
 7.985331e-01  3.594408e-05 
 7.989307e-01  1.710141e-05 
 7.993284e-01 -2.396566e-06 
 7.997261e-01 -2.118616e-05 
 8.001238e-01 -3.795363e-05 
 8.005215e-01 -5.301185e-05 
 8.009192e-01 -6.609448e-05 
 8.013169e-01 -7.761020e-05 
 8.017146e-01 -8.786874e-05 
 8.021123e-01 -9.758922e-05 
 8.025100e-01 -1.069224e-04 
 8.029077e-01 -1.154197e-04 
 8.033054e-01 -1.227997e-04 
 8.037031e-01 -1.281824e-04 
 8.041008e-01 -1.311896e-04 
 8.044985e-01 -1.324641e-04 
 8.048962e-01 -1.322098e-04 
 8.052939e-01 -1.312565e-04 
 8.056916e-01 -1.293994e-04 
 8.060893e-01 -1.270816e-04 
 8.064870e-01 -1.238858e-04 
 8.068847e-01 -1.196072e-04 
 8.072824e-01 -1.140793e-04 
 8.076801e-01 -1.076448e-04 
 8.080777e-01 -9.967583e-05 
 8.084754e-01 -9.052852e-05 
 8.088731e-01 -8.018983e-05 
 8.092708e-01 -6.938852e-05 
 8.096685e-01 -5.756418e-05 
 8.100662e-01 -4.495250e-05 
 8.104639e-01 -3.110211e-05 
 8.108616e-01 -1.611066e-05 
 8.112593e-01 -1.410966e-07 
 8.116570e-01  1.593875e-05 
 8.120547e-01  3.241348e-05 
 8.124524e-01  4.886790e-05 
 8.128501e-01  6.497372e-05 
 8.132478e-01  8.105783e-05 
 8.136455e-01  9.695398e-05 
 8.140432e-01  1.130562e-04 
 8.144409e-01  1.296856e-04 
 8.148386e-01  1.465858e-04 
 8.152363e-01  1.637890e-04 
 8.156340e-01  1.812413e-04 
 8.160317e-01  1.977607e-04 
 8.164294e-01  2.127097e-04 
 8.168271e-01  2.248801e-04 
 8.172247e-01  2.351120e-04 
 8.176224e-01  2.421900e-04 
 8.180201e-01  2.460679e-04 
 8.184178e-01  2.466928e-04 
 8.188155e-01  2.449325e-04 
 8.192132e-01  2.422030e-04 
 8.196109e-01  2.390569e-04 
 8.200086e-01  2.357455e-04 
 8.204063e-01  2.320006e-04 
 8.208040e-01  2.283235e-04 
 8.212017e-01  2.249571e-04 
 8.215994e-01  2.213102e-04 
 8.219971e-01  2.179976e-04 
 8.223948e-01  2.145624e-04 
 8.227925e-01  2.108209e-04 
 8.231902e-01  2.064994e-04 
 8.235879e-01  2.018808e-04 
 8.239856e-01  1.967460e-04 
 8.243833e-01  1.905712e-04 
 8.247810e-01  1.833454e-04 
 8.251787e-01  1.755139e-04 
 8.255764e-01  1.673183e-04 
 8.259740e-01  1.585115e-04 
 8.263717e-01  1.492724e-04 
 8.267694e-01  1.394848e-04 
 8.271671e-01  1.292840e-04 
 8.275648e-01  1.178557e-04 
 8.279625e-01  1.064162e-04 
 8.283602e-01  9.534777e-05 
 8.287579e-01  8.502475e-05 
 8.291556e-01  7.566427e-05 
 8.295533e-01  6.808857e-05 
 8.299510e-01  6.119305e-05 
 8.303487e-01  5.473497e-05 
 8.307464e-01  4.814455e-05 
 8.311441e-01  4.128224e-05 
 8.315418e-01  3.334820e-05 
 8.319395e-01  2.482331e-05 
 8.323372e-01  1.657041e-05 
 8.327349e-01  9.294369e-06 
 8.331326e-01  3.245068e-06 
 8.335303e-01 -1.486102e-06 
 8.339280e-01 -5.430275e-06 
 8.343257e-01 -7.812572e-06 
 8.347234e-01 -9.127956e-06 
 8.351210e-01 -9.493258e-06 
 8.355187e-01 -8.902503e-06 
 8.359164e-01 -7.544012e-06 
 8.363141e-01 -5.907287e-06 
 8.367118e-01 -4.660627e-06 
 8.371095e-01 -4.078470e-06 
 8.375072e-01 -4.823118e-06 
 8.379049e-01 -7.629458e-06 
 8.383026e-01 -1.219002e-05 
 8.387003e-01 -1.869655e-05 
 8.390980e-01 -2.677909e-05 
 8.394957e-01 -3.445946e-05 
 8.398934e-01 -4.175490e-05 
 8.402911e-01 -4.782179e-05 
 8.406888e-01 -5.194265e-05 
 8.410865e-01 -5.476901e-05 
 8.414842e-01 -5.665601e-05 
 8.418819e-01 -5.844846e-05 
 8.422796e-01 -6.017395e-05 
 8.426773e-01 -6.247722e-05 
 8.430750e-01 -6.537910e-05 
 8.434727e-01 -6.874621e-05 
 8.438704e-01 -7.253285e-05 
 8.442680e-01 -7.648746e-05 
 8.446657e-01 -8.015527e-05 
 8.450634e-01 -8.409562e-05 
 8.454611e-01 -8.854268e-05 
 8.458588e-01 -9.421722e-05 
 8.462565e-01 -1.019848e-04 
 8.466542e-01 -1.118964e-04 
 8.470519e-01 -1.240855e-04 
 8.474496e-01 -1.370751e-04 
 8.478473e-01 -1.496620e-04 
 8.482450e-01 -1.622906e-04 
 8.486427e-01 -1.746695e-04 
 8.490404e-01 -1.864959e-04 
 8.494381e-01 -1.977801e-04 
 8.498358e-01 -2.083384e-04 
 8.502335e-01 -2.189910e-04 
 8.506312e-01 -2.290779e-04 
 8.510289e-01 -2.391576e-04 
 8.514266e-01 -2.485573e-04 
 8.518243e-01 -2.565339e-04 
 8.522220e-01 -2.630467e-04 
 8.526197e-01 -2.673998e-04 
 8.530174e-01 -2.699669e-04 
 8.534150e-01 -2.706752e-04 
 8.538127e-01 -2.694492e-04 
 8.542104e-01 -2.669398e-04 
 8.546081e-01 -2.620798e-04 
 8.550058e-01 -2.555658e-04 
 8.554035e-01 -2.472316e-04 
 8.558012e-01 -2.380341e-04 
 8.561989e-01 -2.277644e-04 
 8.565966e-01 -2.169720e-04 
 8.569943e-01 -2.057963e-04 
 8.573920e-01 -1.946846e-04 
 8.577897e-01 -1.836648e-04 
 8.581874e-01 -1.718577e-04 
 8.585851e-01 -1.596454e-04 
 8.589828e-01 -1.464317e-04 
 8.593805e-01 -1.320866e-04 
 8.597782e-01 -1.162117e-04 
 8.601759e-01 -9.954996e-05 
 8.605736e-01 -8.187900e-05 
 8.609713e-01 -6.285736e-05 
 8.613690e-01 -4.267954e-05 
 8.617667e-01 -2.107036e-05 
 8.621644e-01  1.629860e-06 
 8.625620e-01  2.543953e-05 
 8.629597e-01  5.060479e-05 
 8.633574e-01  7.660214e-05 
 8.637551e-01  1.028778e-04 
 8.641528e-01  1.283994e-04 
 8.645505e-01  1.534412e-04 
 8.649482e-01  1.775946e-04 
 8.653459e-01  2.012803e-04 
 8.657436e-01  2.242830e-04 
 8.661413e-01  2.463971e-04 
 8.665390e-01  2.674630e-04 
 8.669367e-01  2.867956e-04 
 8.673344e-01  3.043345e-04 
 8.677321e-01  3.204261e-04 
 8.681298e-01  3.346739e-04 
 8.685275e-01  3.478252e-04 
 8.689252e-01  3.601090e-04 
 8.693229e-01  3.719194e-04 
 8.697206e-01  3.835552e-04 
 8.701183e-01  3.950196e-04 
 8.705160e-01  4.063285e-04 
 8.709137e-01  4.167540e-04 
 8.713114e-01  4.265505e-04 
 8.717090e-01  4.350680e-04 
 8.721067e-01  4.426539e-04 
 8.725044e-01  4.488709e-04 
 8.729021e-01  4.538221e-04 
 8.732998e-01  4.578163e-04 
 8.736975e-01  4.613351e-04 
 8.740952e-01  4.633908e-04 
 8.744929e-01  4.646112e-04 
 8.748906e-01  4.643983e-04 
 8.752883e-01  4.623792e-04 
 8.756860e-01  4.583236e-04 
 8.760837e-01  4.522980e-04 
 8.764814e-01  4.448168e-04 
 8.768791e-01  4.363698e-04 
 8.772768e-01  4.268536e-04 
 8.776745e-01  4.171136e-04 
 8.780722e-01  4.074018e-04 
 8.784699e-01  3.979678e-04 
 8.788676e-01  3.886110e-04 
 8.792653e-01  3.788622e-04 
 8.796630e-01  3.685972e-04 
 8.800607e-01  3.580972e-04 
 8.804584e-01  3.479404e-04 
 8.808560e-01  3.386060e-04 
 8.812537e-01  3.298106e-04 
 8.816514e-01  3.219593e-04 
 8.820491e-01  3.144372e-04 
 8.824468e-01  3.069987e-04 
 8.828445e-01  2.991907e-04 
 8.832422e-01  2.910073e-04 
 8.836399e-01  2.833010e-04 
 8.840376e-01  2.758537e-04 
 8.844353e-01  2.692718e-04 
 8.848330e-01  2.640372e-04 
 8.852307e-01  2.595843e-04 
 8.856284e-01  2.562147e-04 
 8.860261e-01  2.525327e-04 
 8.864238e-01  2.480978e-04 
 8.868215e-01  2.428323e-04 
 8.872192e-01  2.366538e-04 
 8.876169e-01  2.296165e-04 
 8.880146e-01  2.224065e-04 
 8.884123e-01  2.150623e-04 
 8.888100e-01  2.085347e-04 
 8.892077e-01  2.016661e-04 
 8.896053e-01  1.958043e-04 
 8.900030e-01  1.905214e-04 
 8.904007e-01  1.855001e-04 
 8.907984e-01  1.807424e-04 
 8.911961e-01  1.756806e-04 
 8.915938e-01  1.712773e-04 
 8.919915e-01  1.671385e-04 
 8.923892e-01  1.627816e-04 
 8.927869e-01  1.577940e-04 
 8.931846e-01  1.524329e-04 
 8.935823e-01  1.461508e-04 
 8.939800e-01  1.389820e-04 
 8.943777e-01  1.308534e-04 
 8.947754e-01  1.212592e-04 
 8.951731e-01  1.104871e-04 
 8.955708e-01  9.908554e-05 
 8.959685e-01  8.751693e-05 
 8.963662e-01  7.586145e-05 
 8.967639e-01  6.477009e-05 
 8.971616e-01  5.393970e-05 
 8.975593e-01  4.349071e-05 
 8.979570e-01  3.299741e-05 
 8.983547e-01  2.236092e-05 
 8.987523e-01  1.147553e-05 
 8.991500e-01  1.001890e-06 
 8.995477e-01 -9.736518e-06 
 8.999454e-01 -1.970130e-05 
 9.003431e-01 -2.955545e-05 
 9.007408e-01 -3.904172e-05 
 9.011385e-01 -4.916126e-05 
 9.015362e-01 -5.976110e-05 
 9.019339e-01 -7.055439e-05 
 9.023316e-01 -8.133410e-05 
 9.027293e-01 -9.167378e-05 
 9.031270e-01 -1.010655e-04 
 9.035247e-01 -1.088091e-04 
 9.039224e-01 -1.141655e-04 
 9.043201e-01 -1.176010e-04 
 9.047178e-01 -1.189782e-04 
 9.051155e-01 -1.184808e-04 
 9.055132e-01 -1.168901e-04 
 9.059109e-01 -1.146925e-04 
 9.063086e-01 -1.116367e-04 
 9.067063e-01 -1.078012e-04 
 9.071040e-01 -1.029995e-04 
 9.075017e-01 -9.718628e-05 
 9.078993e-01 -9.042105e-05 
 9.082970e-01 -8.260748e-05 
 9.086947e-01 -7.299496e-05 
 9.090924e-01 -6.117953e-05 
 9.094901e-01 -4.736530e-05 
 9.098878e-01 -3.123461e-05 
 9.102855e-01 -1.358533e-05 
 9.106832e-01  6.114044e-06 
 9.110809e-01  2.687031e-05 
 9.114786e-01  4.814175e-05 
 9.118763e-01  6.965444e-05 
 9.122740e-01  9.067248e-05 
 9.126717e-01  1.111723e-04 
 9.130694e-01  1.309093e-04 
 9.134671e-01  1.505222e-04 
 9.138648e-01  1.699805e-04 
 9.142625e-01  1.899410e-04 
 9.146602e-01  2.093753e-04 
 9.150579e-01  2.286125e-04 
 9.154556e-01  2.474684e-04 
 9.158533e-01  2.657835e-04 
 9.162510e-01  2.829360e-04 
 9.166487e-01  2.995976e-04 
 9.170463e-01  3.159807e-04 
 9.174440e-01  3.322050e-04 
 9.178417e-01  3.487888e-04 
 9.182394e-01  3.655147e-04 
 9.186371e-01  3.817941e-04 
 9.190348e-01  3.969409e-04 
 9.194325e-01  4.107763e-04 
 9.198302e-01  4.229119e-04 
 9.202279e-01  4.333918e-04 
 9.206256e-01  4.417159e-04 
 9.210233e-01  4.483083e-04 
 9.214210e-01  4.531795e-04 
 9.218187e-01  4.560948e-04 
 9.222164e-01  4.575146e-04 
 9.226141e-01  4.575261e-04 
 9.230118e-01  4.556254e-04 
 9.234095e-01  4.519265e-04 
 9.238072e-01  4.471124e-04 
 9.242049e-01  4.413209e-04 
 9.246026e-01  4.347453e-04 
 9.250003e-01  4.276086e-04 
 9.253980e-01  4.187049e-04 
 9.257957e-01  4.085227e-04 
 9.261933e-01  3.966379e-04 
 9.265910e-01  3.827709e-04 
 9.269887e-01  3.664661e-04 
 9.273864e-01  3.485226e-04 
 9.277841e-01  3.291203e-04 
 9.281818e-01  3.085806e-04 
 9.285795e-01  2.878032e-04 
 9.289772e-01  2.676477e-04 
 9.293749e-01  2.483475e-04 
 9.297726e-01  2.298545e-04 
 9.301703e-01  2.117082e-04 
 9.305680e-01  1.939469e-04 
 9.309657e-01  1.753794e-04 
 9.313634e-01  1.563968e-04 
 9.317611e-01  1.363492e-04 
 9.321588e-01  1.156551e-04 
 9.325565e-01  9.462907e-05 
 9.329542e-01  7.386940e-05 
 9.333519e-01  5.333653e-05 
 9.337496e-01  3.286912e-05 
 9.341473e-01  1.195006e-05 
 9.345450e-01 -9.642741e-06 
 9.349427e-01 -3.139197e-05 
 9.353403e-01 -5.324609e-05 
 9.357380e-01 -7.400127e-05 
 9.361357e-01 -9.321028e-05 
 9.365334e-01 -1.101472e-04 
 9.369311e-01 -1.242285e-04 
 9.373288e-01 -1.359253e-04 
 9.377265e-01 -1.448005e-04 
 9.381242e-01 -1.522175e-04 
 9.385219e-01 -1.591254e-04 
 9.389196e-01 -1.653388e-04 
 9.393173e-01 -1.712937e-04 
 9.397150e-01 -1.767938e-04 
 9.401127e-01 -1.814766e-04 
 9.405104e-01 -1.860862e-04 
 9.409081e-01 -1.901132e-04 
 9.413058e-01 -1.935355e-04 
 9.417035e-01 -1.965569e-04 
 9.421012e-01 -1.992858e-04 
 9.424989e-01 -2.022535e-04 
 9.428966e-01 -2.053212e-04 
 9.432943e-01 -2.085126e-04 
 9.436920e-01 -2.117192e-04 
 9.440897e-01 -2.152524e-04 
 9.444873e-01 -2.181375e-04 
 9.448850e-01 -2.207848e-04 
 9.452827e-01 -2.233585e-04 
 9.456804e-01 -2.255262e-04 
 9.460781e-01 -2.278432e-04 
 9.464758e-01 -2.306177e-04 
 9.468735e-01 -2.341424e-04 
 9.472712e-01 -2.379639e-04 
 9.476689e-01 -2.418449e-04 
 9.480666e-01 -2.451505e-04 
 9.484643e-01 -2.470085e-04 
 9.488620e-01 -2.479252e-04 
 9.492597e-01 -2.476606e-04 
 9.496574e-01 -2.461193e-04 
 9.500551e-01 -2.440415e-04 
 9.504528e-01 -2.419897e-04 
 9.508505e-01 -2.403680e-04 
 9.512482e-01 -2.389434e-04 
 9.516459e-01 -2.385211e-04 
 9.520436e-01 -2.389025e-04 
 9.524413e-01 -2.396982e-04 
 9.528390e-01 -2.405105e-04 
 9.532367e-01 -2.416576e-04 
 9.536343e-01 -2.426291e-04 
 9.540320e-01 -2.435061e-04 
 9.544297e-01 -2.436213e-04 
 9.548274e-01 -2.431499e-04 
 9.552251e-01 -2.414666e-04 
 9.556228e-01 -2.392230e-04 
 9.560205e-01 -2.359423e-04 
 9.564182e-01 -2.321742e-04 
 9.568159e-01 -2.272526e-04 
 9.572136e-01 -2.209160e-04 
 9.576113e-01 -2.131201e-04 
 9.580090e-01 -2.036558e-04 
 9.584067e-01 -1.930623e-04 
 9.588044e-01 -1.809040e-04 
 9.592021e-01 -1.679113e-04 
 9.595998e-01 -1.538678e-04 
 9.599975e-01 -1.388436e-04 
 9.603952e-01 -1.236810e-04 
 9.607929e-01 -1.082738e-04 
 9.611906e-01 -9.179946e-05 
 9.615883e-01 -7.539875e-05 
 9.619860e-01 -5.801708e-05 
 9.623836e-01 -4.004715e-05 
 9.627813e-01 -2.167917e-05 
 9.631790e-01 -2.709260e-06 
 9.635767e-01  1.651320e-05 
 9.639744e-01  3.588947e-05 
 9.643721e-01  5.553130e-05 
 9.647698e-01  7.596603e-05 
 9.651675e-01  9.720298e-05 
 9.655652e-01  1.198761e-04 
 9.659629e-01  1.439475e-04 
 9.663606e-01  1.693427e-04 
 9.667583e-01  1.959234e-04 
 9.671560e-01  2.230994e-04 
 9.675537e-01  2.501663e-04 
 9.679514e-01  2.769328e-04 
 9.683491e-01  3.034865e-04 
 9.687468e-01  3.290953e-04 
 9.691445e-01  3.544086e-04 
 9.695422e-01  3.797103e-04 
 9.699399e-01  4.047787e-04 
 9.703376e-01  4.296390e-04 
 9.707353e-01  4.527132e-04 
 9.711330e-01  4.739796e-04 
 9.715306e-01  4.930365e-04 
 9.719283e-01  5.097901e-04 
 9.723260e-01  5.243643e-04 
 9.727237e-01  5.368145e-04 
 9.731214e-01  5.478753e-04 
 9.735191e-01  5.569933e-04 
 9.739168e-01  5.646104e-04 
 9.743145e-01  5.705694e-04 
 9.747122e-01  5.744939e-04 
 9.751099e-01  5.761166e-04 
 9.755076e-01  5.756062e-04 
 9.759053e-01  5.726573e-04 
 9.763030e-01  5.682193e-04 
 9.767007e-01  5.626004e-04 
 9.770984e-01  5.565973e-04 
 9.774961e-01  5.497738e-04 
 9.778938e-01  5.423259e-04 
 9.782915e-01  5.339432e-04 
 9.786892e-01  5.242581e-04 
 9.790869e-01  5.134015e-04 
 9.794846e-01  5.011062e-04 
 9.798823e-01  4.879021e-04 
 9.802800e-01  4.737600e-04 
 9.806776e-01  4.592716e-04 
 9.810753e-01  4.445050e-04 
 9.814730e-01  4.296465e-04 
 9.818707e-01  4.149183e-04 
 9.822684e-01  3.993443e-04 
 9.826661e-01  3.822504e-04 
 9.830638e-01  3.634624e-04 
 9.834615e-01  3.437485e-04 
 9.838592e-01  3.231269e-04 
 9.842569e-01  3.024072e-04 
 9.846546e-01  2.824293e-04 
 9.850523e-01  2.635487e-04 
 9.854500e-01  2.460865e-04 
 9.858477e-01  2.296762e-04 
 9.862454e-01  2.139883e-04 
 9.866431e-01  1.985230e-04 
 9.870408e-01  1.832235e-04 
 9.874385e-01  1.679141e-04 
 9.878362e-01  1.526451e-04 
 9.882339e-01  1.375858e-04 
 9.886316e-01  1.229693e-04 
 9.890293e-01  1.092537e-04 
 9.894270e-01  9.626192e-05 
 9.898246e-01  8.395614e-05 
 9.902223e-01  7.259440e-05 
 9.906200e-01  6.173099e-05 
 9.910177e-01  5.147069e-05 
 9.914154e-01  4.186043e-05 
 9.918131e-01  3.290608e-05 
 9.922108e-01  2.508504e-05 
 9.926085e-01  1.760366e-05 
 9.930062e-01  1.074235e-05 
 9.934039e-01  4.657379e-06 
 9.938016e-01 -3.505937e-07 
 9.941993e-01 -4.811553e-06 
 9.945970e-01 -8.713481e-06 
 9.949947e-01 -1.216231e-05 
 9.953924e-01 -1.500979e-05 
 9.957901e-01 -1.766231e-05 
 9.961878e-01 -2.039315e-05 
 9.965855e-01 -2.241038e-05 
 9.969832e-01 -2.411867e-05 
 9.973809e-01 -2.488159e-05 
 9.977786e-01 -2.462228e-05 
 9.981763e-01 -2.296986e-05 
 9.985740e-01 -1.964819e-05 
 9.989716e-01 -1.476204e-05 
 9.993693e-01 -8.862466e-06 
 9.997670e-01 -1.877928e-06 
 1.000165e+00  5.110683e-06 
 1.000562e+00  1.232434e-05 
 1.000960e+00  1.949514e-05 
 1.001358e+00  2.563428e-05 
 1.001756e+00  3.094753e-05 
 1.002153e+00  3.547016e-05 
 1.002551e+00  3.903827e-05 
 1.002949e+00  4.250291e-05 
 1.003346e+00  4.573858e-05 
 1.003744e+00  4.903803e-05 
 1.004142e+00  5.252640e-05 
 1.004539e+00  5.642998e-05 
 1.004937e+00  6.068554e-05 
 1.005335e+00  6.607843e-05 
 1.005732e+00  7.227562e-05 
 1.006130e+00  7.961008e-05 
 1.006528e+00  8.744228e-05 
 1.006926e+00  9.605923e-05 
 1.007323e+00  1.054593e-04 
 1.007721e+00  1.148896e-04 
 1.008119e+00  1.244277e-04 
 1.008516e+00  1.342158e-04 
 1.008914e+00  1.443608e-04 
 1.009312e+00  1.552969e-04 
 1.009709e+00  1.672790e-04 
 1.010107e+00  1.806798e-04 
 1.010505e+00  1.956677e-04 
 1.010903e+00  2.116086e-04 
 1.011300e+00  2.285703e-04 
 1.011698e+00  2.457801e-04 
 1.012096e+00  2.633379e-04 
 1.012493e+00  2.813693e-04 
 1.012891e+00  2.991844e-04 
 1.013289e+00  3.169675e-04 
 1.013686e+00  3.346236e-04 
 1.014084e+00  3.527460e-04 
 1.014482e+00  3.708342e-04 
 1.014879e+00  3.887069e-04 
 1.015277e+00  4.060297e-04 
 1.015675e+00  4.229945e-04 
 1.016073e+00  4.392608e-04 
 1.016470e+00  4.547460e-04 
 1.016868e+00  4.692740e-04 
 1.017266e+00  4.832434e-04 
 1.017663e+00  4.971355e-04 
 1.018061e+00  5.107533e-04 
 1.018459e+00  5.247591e-04 
 1.018856e+00  5.384371e-04 
 1.019254e+00  5.517668e-04 
 1.019652e+00  5.637617e-04 
 1.020050e+00  5.738927e-04 
 1.020447e+00  5.821703e-04 
 1.020845e+00  5.888525e-04 
 1.021243e+00  5.938117e-04 
 1.021640e+00  5.975352e-04 
 1.022038e+00  5.997717e-04 
 1.022436e+00  6.007145e-04 
 1.022833e+00  6.001582e-04 
 1.023231e+00  5.976584e-04 
 1.023629e+00  5.935924e-04 
 1.024026e+00  5.877137e-04 
 1.024424e+00  5.807375e-04 
 1.024822e+00  5.730252e-04 
 1.025220e+00  5.648201e-04 
 1.025617e+00  5.564844e-04 
 1.026015e+00  5.474289e-04 
 1.026413e+00  5.374872e-04 
 1.026810e+00  5.259403e-04 
 1.027208e+00  5.130095e-04 
 1.027606e+00  4.984432e-04 
 1.028003e+00  4.826094e-04 
 1.028401e+00  4.655453e-04 
 1.028799e+00  4.473905e-04 
 1.029197e+00  4.287562e-04 
 1.029594e+00  4.095372e-04 
 1.029992e+00  3.896396e-04 
 1.030390e+00  3.686808e-04 
 1.030787e+00  3.466910e-04 
 1.031185e+00  3.240772e-04 
 1.031583e+00  3.010692e-04 
 1.031980e+00  2.775138e-04 
 1.032378e+00  2.538726e-04 
 1.032776e+00  2.304905e-04 
 1.033173e+00  2.075087e-04 
 1.033571e+00  1.854656e-04 
 1.033969e+00  1.637517e-04 
 1.034367e+00  1.424607e-04 
 1.034764e+00  1.214256e-04 
 1.035162e+00  1.002805e-04 
 1.035560e+00  7.935722e-05 
 1.035957e+00  5.900699e-05 
 1.036355e+00  3.933559e-05 
 1.036753e+00  2.068641e-05 
 1.037150e+00  3.144931e-06 
 1.037548e+00 -1.337605e-05 
 1.037946e+00 -2.875938e-05 
 1.038344e+00 -4.346588e-05 
 1.038741e+00 -5.789324e-05 
 1.039139e+00 -7.212168e-05 
 1.039537e+00 -8.576642e-05 
 1.039934e+00 -9.896145e-05 
 1.040332e+00 -1.114796e-04 
 1.040730e+00 -1.229793e-04 
 1.041127e+00 -1.335196e-04 
 1.041525e+00 -1.430653e-04 
 1.041923e+00 -1.518461e-04 
 1.042320e+00 -1.596593e-04 
 1.042718e+00 -1.666390e-04 
 1.043116e+00 -1.726440e-04 
 1.043514e+00 -1.775653e-04 
 1.043911e+00 -1.817822e-04 
 1.044309e+00 -1.855078e-04 
 1.044707e+00 -1.886130e-04 
 1.045104e+00 -1.919803e-04 
 1.045502e+00 -1.952569e-04 
 1.045900e+00 -1.988088e-04 
 1.046297e+00 -2.023191e-04 
 1.046695e+00 -2.054021e-04 
 1.047093e+00 -2.082131e-04 
 1.047491e+00 -2.106664e-04 
 1.047888e+00 -2.131585e-04 
 1.048286e+00 -2.159849e-04 
 1.048684e+00 -2.192774e-04 
 1.049081e+00 -2.225035e-04 
 1.049479e+00 -2.261528e-04 
 1.049877e+00 -2.294255e-04 
 1.050274e+00 -2.325316e-04 
 1.050672e+00 -2.349755e-04 
 1.051070e+00 -2.367821e-04 
 1.051467e+00 -2.374497e-04 
 1.051865e+00 -2.375013e-04 
 1.052263e+00 -2.373090e-04 
 1.052661e+00 -2.372374e-04 
 1.053058e+00 -2.370250e-04 
 1.053456e+00 -2.366161e-04 
 1.053854e+00 -2.357951e-04 
 1.054251e+00 -2.341647e-04 
 1.054649e+00 -2.316800e-04 
 1.055047e+00 -2.282331e-04 
 1.055444e+00 -2.236395e-04 
 1.055842e+00 -2.184243e-04 
 1.056240e+00 -2.127056e-04 
 1.056638e+00 -2.069373e-04 
 1.057035e+00 -2.014073e-04 
 1.057433e+00 -1.964167e-04 
 1.057831e+00 -1.915641e-04 
 1.058228e+00 -1.863966e-04 
 1.058626e+00 -1.811755e-04 
 1.059024e+00 -1.760839e-04 
 1.059421e+00 -1.703765e-04 
 1.059819e+00 -1.639074e-04 
 1.060217e+00 -1.565568e-04 
 1.060614e+00 -1.484223e-04 
 1.061012e+00 -1.392167e-04 
 1.061410e+00 -1.287919e-04 
 1.061808e+00 -1.167434e-04 
 1.062205e+00 -1.038220e-04 
 1.062603e+00 -9.021385e-05 
 1.063001e+00 -7.611648e-05 
 1.063398e+00 -6.243857e-05 
 1.063796e+00 -4.880601e-05 
 1.064194e+00 -3.522086e-05 
 1.064591e+00 -2.161787e-05 
 1.064989e+00 -7.360395e-06 
 1.065387e+00  7.242235e-06 
 1.065785e+00  2.223050e-05 
 1.066182e+00  3.774658e-05 
 1.066580e+00  5.371567e-05 
 1.066978e+00  7.014174e-05 
 1.067375e+00  8.674815e-05 
 1.067773e+00  1.035237e-04 
 1.068171e+00  1.200215e-04 
 1.068568e+00  1.362372e-04 
 1.068966e+00  1.521073e-04 
 1.069364e+00  1.671187e-04 
 1.069761e+00  1.820538e-04 
 1.070159e+00  1.963744e-04 
 1.070557e+00  2.098610e-04 
 1.070955e+00  2.223063e-04 
 1.071352e+00  2.332198e-04 
 1.071750e+00  2.429414e-04 
 1.072148e+00  2.512915e-04 
 1.072545e+00  2.588352e-04 
 1.072943e+00  2.657522e-04 
 1.073341e+00  2.726177e-04 
 1.073738e+00  2.793738e-04 
 1.074136e+00  2.862844e-04 
 1.074534e+00  2.928760e-04 
 1.074932e+00  2.988452e-04 
 1.075329e+00  3.039541e-04 
 1.075727e+00  3.072925e-04 
 1.076125e+00  3.087348e-04 
 1.076522e+00  3.086721e-04 
 1.076920e+00  3.071922e-04 
 1.077318e+00  3.044964e-04 
 1.077715e+00  3.001695e-04 
 1.078113e+00  2.940167e-04 
 1.078511e+00  2.860700e-04 
 1.078908e+00  2.765208e-04 
 1.079306e+00  2.654010e-04 
 1.079704e+00  2.533291e-04 
 1.080102e+00  2.404348e-04 
 1.080499e+00  2.272923e-04 
 1.080897e+00  2.140182e-04 
 1.081295e+00  2.007453e-04 
 1.081692e+00  1.874691e-04 
 1.082090e+00  1.742861e-04 
 1.082488e+00  1.607683e-04 
 1.082885e+00  1.464208e-04 
 1.083283e+00  1.316045e-04 
 1.083681e+00  1.162478e-04 
 1.084079e+00  1.002980e-04 
 1.084476e+00  8.343065e-05 
 1.084874e+00  6.675890e-05 
 1.085272e+00  5.046052e-05 
 1.085669e+00  3.460478e-05 
 1.086067e+00  1.959941e-05 
 1.086465e+00  5.330122e-06 
 1.086862e+00 -8.307535e-06 
 1.087260e+00 -2.135885e-05 
 1.087658e+00 -3.401306e-05 
 1.088055e+00 -4.642319e-05 
 1.088453e+00 -5.815666e-05 
 1.088851e+00 -6.951813e-05 
 1.089249e+00 -8.015739e-05 
 1.089646e+00 -9.042291e-05 
 1.090044e+00 -1.002261e-04 
 1.090442e+00 -1.094928e-04 
 1.090839e+00 -1.183062e-04 
 1.091237e+00 -1.266829e-04 
 1.091635e+00 -1.343518e-04 
 1.092032e+00 -1.413104e-04 
 1.092430e+00 -1.469793e-04 
 1.092828e+00 -1.511326e-04 
 1.093226e+00 -1.534969e-04 
 1.093623e+00 -1.541034e-04 
 1.094021e+00 -1.526263e-04 
 1.094419e+00 -1.487692e-04 
 1.094816e+00 -1.427990e-04 
 1.095214e+00 -1.346169e-04 
 1.095612e+00 -1.248570e-04 
 1.096009e+00 -1.144556e-04 
 1.096407e+00 -1.041407e-04 
 1.096805e+00 -9.440329e-05 
 1.097202e+00 -8.541125e-05 
 1.097600e+00 -7.740769e-05 
 1.097998e+00 -6.971882e-05 
 1.098396e+00 -6.213613e-05 
 1.098793e+00 -5.416601e-05 
 1.099191e+00 -4.503293e-05 
 1.099589e+00 -3.544551e-05 
 1.099986e+00 -2.557076e-05 
 1.100384e+00 -1.557245e-05 
 1.100782e+00 -5.803307e-06 
 1.101179e+00  3.259734e-06 
 1.101577e+00  1.179263e-05 
 1.101975e+00  2.014086e-05 
 1.102373e+00  2.811788e-05 
 1.102770e+00  3.583851e-05 
 1.103168e+00  4.321355e-05 
 1.103566e+00  5.068859e-05 
 1.103963e+00  5.770010e-05 
 1.104361e+00  6.462879e-05 
 1.104759e+00  7.076502e-05 
 1.105156e+00  7.629841e-05 
 1.105554e+00  8.178614e-05 
 1.105952e+00  8.804748e-05 
 1.106349e+00  9.452764e-05 
 1.106747e+00  1.012831e-04 
 1.107145e+00  1.082019e-04 
 1.107543e+00  1.147675e-04 
 1.107940e+00  1.205575e-04 
 1.108338e+00  1.258730e-04 
 1.108736e+00  1.303135e-04 
 1.109133e+00  1.342496e-04 
 1.109531e+00  1.379852e-04 
 1.109929e+00  1.417306e-04 
 1.110326e+00  1.462570e-04 
 1.110724e+00  1.511767e-04 
 1.111122e+00  1.564669e-04 
 1.111520e+00  1.618256e-04 
 1.111917e+00  1.672125e-04 
 1.112315e+00  1.727256e-04 
 1.112713e+00  1.790513e-04 
 1.113110e+00  1.862144e-04 
 1.113508e+00  1.943436e-04 
 1.113906e+00  2.037825e-04 
 1.114303e+00  2.140221e-04 
 1.114701e+00  2.246201e-04 
 1.115099e+00  2.354017e-04 
 1.115496e+00  2.457402e-04 
 1.115894e+00  2.559406e-04 
 1.116292e+00  2.656100e-04 
 1.116690e+00  2.751482e-04 
 1.117087e+00  2.846510e-04 
 1.117485e+00  2.943228e-04 
 1.117883e+00  3.043267e-04 
 1.118280e+00  3.145502e-04 
 1.118678e+00  3.250526e-04 
 1.119076e+00  3.361158e-04 
 1.119473e+00  3.476223e-04 
 1.119871e+00  3.590177e-04 
 1.120269e+00  3.699493e-04 
 1.120667e+00  3.805121e-04 
 1.121064e+00  3.909675e-04 
 1.121462e+00  4.014489e-04 
 1.121860e+00  4.116688e-04 
 1.122257e+00  4.217744e-04 
 1.122655e+00  4.318001e-04 
 1.123053e+00  4.411935e-04 
 1.123450e+00  4.497127e-04 
 1.123848e+00  4.571037e-04 
 1.124246e+00  4.635696e-04 
 1.124643e+00  4.692977e-04 
 1.125041e+00  4.745946e-04 
 1.125439e+00  4.794576e-04 
 1.125837e+00  4.840439e-04 
 1.126234e+00  4.878582e-04 
 1.126632e+00  4.900339e-04 
 1.127030e+00  4.903777e-04 
 1.127427e+00  4.887303e-04 
 1.127825e+00  4.850383e-04 
 1.128223e+00  4.791742e-04 
 1.128620e+00  4.712611e-04 
 1.129018e+00  4.620814e-04 
 1.129416e+00  4.520375e-04 
 1.129814e+00  4.408237e-04 
 1.130211e+00  4.285374e-04 
 1.130609e+00  4.147763e-04 
 1.131007e+00  3.997968e-04 
 1.131404e+00  3.836252e-04 
 1.131802e+00  3.658793e-04 
 1.132200e+00  3.469352e-04 
 1.132597e+00  3.267883e-04 
 1.132995e+00  3.053554e-04 
 1.133393e+00  2.827591e-04 
 1.133790e+00  2.592915e-04 
 1.134188e+00  2.354867e-04 
 1.134586e+00  2.115449e-04 
 1.134984e+00  1.877139e-04 
 1.135381e+00  1.640858e-04 
 1.135779e+00  1.401337e-04 
 1.136177e+00  1.161052e-04 
 1.136574e+00  9.199457e-05 
 1.136972e+00  6.796137e-05 
 1.137370e+00  4.452596e-05 
 1.137767e+00  2.185039e-05 
 1.138165e+00  3.139252e-07 
 1.138563e+00 -2.011828e-05 
 1.138961e+00 -3.931658e-05 
 1.139358e+00 -5.749966e-05 
 1.139756e+00 -7.499266e-05 
 1.140154e+00 -9.221034e-05 
 1.140551e+00 -1.090644e-04 
 1.140949e+00 -1.257611e-04 
 1.141347e+00 -1.417608e-04 
 1.141744e+00 -1.574039e-04 
 1.142142e+00 -1.722251e-04 
 1.142540e+00 -1.861785e-04 
 1.142937e+00 -1.984629e-04 
 1.143335e+00 -2.094071e-04 
 1.143733e+00 -2.188702e-04 
 1.144131e+00 -2.269861e-04 
 1.144528e+00 -2.335515e-04 
 1.144926e+00 -2.389944e-04 
 1.145324e+00 -2.434509e-04 
 1.145721e+00 -2.473980e-04 
 1.146119e+00 -2.506647e-04 
 1.146517e+00 -2.532063e-04 
 1.146914e+00 -2.547146e-04 
 1.147312e+00 -2.552113e-04 
 1.147710e+00 -2.547136e-04 
 1.148108e+00 -2.533882e-04 
 1.148505e+00 -2.517242e-04 
 1.148903e+00 -2.496797e-04 
 1.149301e+00 -2.470347e-04 
 1.149698e+00 -2.435010e-04 
 1.150096e+00 -2.386246e-04 
 1.150494e+00 -2.325412e-04 
 1.150891e+00 -2.253111e-04 
 1.151289e+00 -2.170773e-04 
 1.151687e+00 -2.084971e-04 
 1.152084e+00 -2.004415e-04 
 1.152482e+00 -1.936020e-04 
 1.152880e+00 -1.880839e-04 
 1.153278e+00 -1.836946e-04 
 1.153675e+00 -1.798443e-04 
 1.154073e+00 -1.757674e-04 
 1.154471e+00 -1.710018e-04 
 1.154868e+00 -1.652485e-04 
 1.155266e+00 -1.586181e-04 
 1.155664e+00 -1.509762e-04 
 1.156061e+00 -1.428478e-04 
 1.156459e+00 -1.345439e-04 
 1.156857e+00 -1.263696e-04 
 1.157255e+00 -1.187379e-04 
 1.157652e+00 -1.117652e-04 
 1.158050e+00 -1.045849e-04 
 1.158448e+00 -9.782614e-05 
 1.158845e+00 -9.111499e-05 
 1.159243e+00 -8.500974e-05 
 1.159641e+00 -7.974010e-05 
 1.160038e+00 -7.550483e-05 
 1.160436e+00 -7.215408e-05 
 1.160834e+00 -6.909701e-05 
 1.161231e+00 -6.620118e-05 
 1.161629e+00 -6.306506e-05 
 1.162027e+00 -5.951439e-05 
 1.162425e+00 -5.542020e-05 
 1.162822e+00 -5.070858e-05 
 1.163220e+00 -4.537374e-05 
 1.163618e+00 -3.962829e-05 
 1.164015e+00 -3.374079e-05 
 1.164413e+00 -2.777127e-05 
 1.164811e+00 -2.200887e-05 
 1.165208e+00 -1.565168e-05 
 1.165606e+00 -9.447861e-06 
 1.166004e+00 -3.377702e-06 
 1.166402e+00  2.441768e-06 
 1.166799e+00  8.026904e-06 
 1.167197e+00  1.335099e-05 
 1.167595e+00  1.839484e-05 
 1.167992e+00  2.347738e-05 
 1.168390e+00  2.958677e-05 
 1.168788e+00  3.691989e-05 
 1.169185e+00  4.569247e-05 
 1.169583e+00  5.625874e-05 
 1.169981e+00  6.791899e-05 
 1.170378e+00  8.059548e-05 
 1.170776e+00  9.320257e-05 
 1.171174e+00  1.051952e-04 
 1.171572e+00  1.159348e-04 
 1.171969e+00  1.248602e-04 
 1.172367e+00  1.317576e-04 
 1.172765e+00  1.372805e-04 
 1.173162e+00  1.419269e-04 
 1.173560e+00  1.466627e-04 
 1.173958e+00  1.516785e-04 
 1.174355e+00  1.570210e-04 
 1.174753e+00  1.628916e-04 
 1.175151e+00  1.691169e-04 
 1.175549e+00  1.752249e-04 
 1.175946e+00  1.807055e-04 
 1.176344e+00  1.854834e-04 
 1.176742e+00  1.897908e-04 
 1.177139e+00  1.935032e-04 
 1.177537e+00  1.962968e-04 
 1.177935e+00  1.983968e-04 
 1.178332e+00  1.995475e-04 
 1.178730e+00  2.002045e-04 
 1.179128e+00  1.998935e-04 
 1.179525e+00  1.985394e-04 
 1.179923e+00  1.962836e-04 
 1.180321e+00  1.929941e-04 
 1.180719e+00  1.892292e-04 
 1.181116e+00  1.845100e-04 
 1.181514e+00  1.789281e-04 
 1.181912e+00  1.730578e-04 
 1.182309e+00  1.665796e-04 
 1.182707e+00  1.603413e-04 
 1.183105e+00  1.543638e-04 
 1.183502e+00  1.488297e-04 
 1.183900e+00  1.432781e-04 
 1.184298e+00  1.371373e-04 
 1.184696e+00  1.301039e-04 
 1.185093e+00  1.216412e-04 
 1.185491e+00  1.115957e-04 
 1.185889e+00  1.001459e-04 
 1.186286e+00  8.765281e-05 
 1.186684e+00  7.458157e-05 
 1.187082e+00  6.175697e-05 
 1.187479e+00  4.924196e-05 
 1.187877e+00  3.726196e-05 
 1.188275e+00  2.615734e-05 
 1.188672e+00  1.575172e-05 
 1.189070e+00  6.065228e-06 
 1.189468e+00 -3.203611e-06 
 1.189866e+00 -1.260593e-05 
 1.190263e+00 -2.194231e-05 
 1.190661e+00 -3.106272e-05 
 1.191059e+00 -4.042122e-05 
 1.191456e+00 -5.020278e-05 
 1.191854e+00 -6.077638e-05 
 1.192252e+00 -7.207174e-05 
 1.192649e+00 -8.418538e-05 
 1.193047e+00 -9.634041e-05 
 1.193445e+00 -1.082617e-04 
 1.193843e+00 -1.193266e-04 
 1.194240e+00 -1.294080e-04 
 1.194638e+00 -1.379635e-04 
 1.195036e+00 -1.443947e-04 
 1.195433e+00 -1.484015e-04 
 1.195831e+00 -1.503291e-04 
 1.196229e+00 -1.508614e-04 
 1.196626e+00 -1.501337e-04 
 1.197024e+00 -1.489830e-04 
 1.197422e+00 -1.471448e-04 
 1.197819e+00 -1.450689e-04 
 1.198217e+00 -1.424515e-04 
 1.198615e+00 -1.388322e-04 
 1.199013e+00 -1.341532e-04 
 1.199410e+00 -1.282257e-04 
 1.199808e+00 -1.209814e-04 
 1.200206e+00 -1.129388e-04 
 1.200603e+00 -1.041315e-04 
 1.201001e+00 -9.508686e-05 
 1.201399e+00 -8.585037e-05 
 1.201796e+00 -7.620635e-05 
 1.202194e+00 -6.580868e-05 
 1.202592e+00 -5.475432e-05 
 1.202990e+00 -4.326237e-05 
 1.203387e+00 -3.158705e-05 
 1.203785e+00 -1.995633e-05 
 1.204183e+00 -8.451127e-06 
 1.204580e+00  2.385253e-06 
 1.204978e+00  1.288565e-05 
 1.205376e+00  2.281571e-05 
 1.205773e+00  3.240340e-05 
 1.206171e+00  4.228286e-05 
 1.206569e+00  5.234451e-05 
 1.206966e+00  6.339493e-05 
 1.207364e+00  7.455385e-05 
 1.207762e+00  8.587096e-05 
 1.208160e+00  9.750743e-05 
 1.208557e+00  1.090484e-04 
 1.208955e+00  1.210700e-04 
 1.209353e+00  1.332463e-04 
 1.209750e+00  1.452670e-04 
 1.210148e+00  1.569745e-04 
 1.210546e+00  1.682194e-04 
 1.210943e+00  1.787001e-04 
 1.211341e+00  1.883911e-04 
 1.211739e+00  1.970108e-04 
 1.212137e+00  2.048321e-04 
 1.212534e+00  2.121974e-04 
 1.212932e+00  2.198479e-04 
 1.213330e+00  2.280166e-04 
 1.213727e+00  2.372154e-04 
 1.214125e+00  2.475997e-04 
 1.214523e+00  2.586852e-04 
 1.214920e+00  2.701637e-04 
 1.215318e+00  2.813032e-04 
 1.215716e+00  2.917331e-04 
 1.216113e+00  3.014959e-04 
 1.216511e+00  3.103943e-04 
 1.216909e+00  3.186462e-04 
 1.217307e+00  3.267831e-04 
 1.217704e+00  3.349772e-04 
 1.218102e+00  3.431022e-04 
 1.218500e+00  3.513767e-04 
 1.218897e+00  3.595858e-04 
 1.219295e+00  3.676205e-04 
 1.219693e+00  3.755746e-04 
 1.220090e+00  3.829359e-04 
 1.220488e+00  3.898503e-04 
 1.220886e+00  3.966211e-04 
 1.221284e+00  4.027069e-04 
 1.221681e+00  4.081700e-04 
 1.222079e+00  4.129420e-04 
 1.222477e+00  4.173465e-04 
 1.222874e+00  4.211272e-04 
 1.223272e+00  4.247608e-04 
 1.223670e+00  4.275890e-04 
 1.224067e+00  4.302068e-04 
 1.224465e+00  4.328969e-04 
 1.224863e+00  4.357333e-04 
 1.225260e+00  4.385995e-04 
 1.225658e+00  4.414006e-04 
 1.226056e+00  4.442234e-04 
 1.226454e+00  4.470583e-04 
 1.226851e+00  4.493106e-04 
 1.227249e+00  4.508460e-04 
 1.227647e+00  4.512086e-04 
 1.228044e+00  4.498658e-04 
 1.228442e+00  4.476249e-04 
 1.228840e+00  4.441405e-04 
 1.229237e+00  4.393691e-04 
 1.229635e+00  4.336021e-04 
 1.230033e+00  4.267124e-04 
 1.230431e+00  4.187764e-04 
 1.230828e+00  4.104243e-04 
 1.231226e+00  4.015340e-04 
 1.231624e+00  3.925635e-04 
 1.232021e+00  3.831860e-04 
 1.232419e+00  3.737131e-04 
 1.232817e+00  3.640810e-04 
 1.233214e+00  3.544141e-04 
 1.233612e+00  3.444460e-04 
 1.234010e+00  3.341223e-04 
 1.234407e+00  3.233657e-04 
 1.234805e+00  3.127116e-04 
 1.235203e+00  3.016987e-04 
 1.235601e+00  2.902692e-04 
 1.235998e+00  2.783244e-04 
 1.236396e+00  2.657788e-04 
 1.236794e+00  2.523186e-04 
 1.237191e+00  2.378663e-04 
 1.237589e+00  2.231390e-04 
 1.237987e+00  2.082086e-04 
 1.238384e+00  1.942548e-04 
 1.238782e+00  1.812182e-04 
 1.239180e+00  1.697706e-04 
 1.239578e+00  1.595320e-04 
 1.239975e+00  1.498763e-04 
 1.240373e+00  1.403606e-04 
 1.240771e+00  1.304688e-04 
 1.241168e+00  1.197313e-04 
 1.241566e+00  1.084716e-04 
 1.241964e+00  9.678482e-05 
 1.242361e+00  8.476496e-05 
 1.242759e+00  7.341018e-05 
 1.243157e+00  6.340278e-05 
 1.243554e+00  5.463643e-05 
 1.243952e+00  4.715405e-05 
 1.244350e+00  4.091867e-05 
 1.244748e+00  3.554516e-05 
 1.245145e+00  3.158519e-05 
 1.245543e+00  2.826300e-05 
 1.245941e+00  2.537153e-05 
 1.246338e+00  2.278883e-05 
 1.246736e+00  2.016439e-05 
 1.247134e+00  1.708743e-05 
 1.247531e+00  1.382696e-05 
 1.247929e+00  1.018347e-05 
 1.248327e+00  5.919412e-06 
 1.248725e+00  9.587551e-07 
 1.249122e+00 -4.390815e-06 
 1.249520e+00 -9.870638e-06 
 1.249918e+00 -1.434996e-05 
 1.250315e+00 -1.783320e-05 
 1.250713e+00 -2.003164e-05 
 1.251111e+00 -2.091971e-05 
 1.251508e+00 -2.068927e-05 
 1.251906e+00 -1.971540e-05 
 1.252304e+00 -1.771681e-05 
 1.252701e+00 -1.519494e-05 
 1.253099e+00 -1.204660e-05 
 1.253497e+00 -8.740782e-06 
 1.253895e+00 -5.060337e-06 
 1.254292e+00 -1.020887e-06 
 1.254690e+00  3.304032e-06 
 1.255088e+00  7.777610e-06 
 1.255485e+00  1.176418e-05 
 1.255883e+00  1.467613e-05 
 1.256281e+00  1.659341e-05 
 1.256678e+00  1.796237e-05 
 1.257076e+00  1.973112e-05 
 1.257474e+00  2.206223e-05 
 1.257872e+00  2.524248e-05 
 1.258269e+00  2.992071e-05 
 1.258667e+00  3.587796e-05 
 1.259065e+00  4.252767e-05 
 1.259462e+00  4.973068e-05 
 1.259860e+00  5.638471e-05 
 1.260258e+00  6.211284e-05 
 1.260655e+00  6.654841e-05 
 1.261053e+00  6.990898e-05 
 1.261451e+00  7.286378e-05 
 1.261848e+00  7.547097e-05 
 1.262246e+00  7.836640e-05 
 1.262644e+00  8.211613e-05 
 1.263042e+00  8.693044e-05 
 1.263439e+00  9.305210e-05 
 1.263837e+00  1.003054e-04 
 1.264235e+00  1.083426e-04 
 1.264632e+00  1.174704e-04 
 1.265030e+00  1.277026e-04 
 1.265428e+00  1.384932e-04 
 1.265825e+00  1.492715e-04 
 1.266223e+00  1.600719e-04 
 1.266621e+00  1.697671e-04 
 1.267019e+00  1.783623e-04 
 1.267416e+00  1.861713e-04 
 1.267814e+00  1.923003e-04 
 1.268212e+00  1.974843e-04 
 1.268609e+00  2.019949e-04 
 1.269007e+00  2.062998e-04 
 1.269405e+00  2.101481e-04 
 1.269802e+00  2.143940e-04 
 1.270200e+00  2.189154e-04 
 1.270598e+00  2.235234e-04 
 1.270995e+00  2.281613e-04 
 1.271393e+00  2.326569e-04 
 1.271791e+00  2.372962e-04 
 1.272189e+00  2.415398e-04 
 1.272586e+00  2.457682e-04 
 1.272984e+00  2.492726e-04 
 1.273382e+00  2.518459e-04 
 1.273779e+00  2.533249e-04 
 1.274177e+00  2.537764e-04 
 1.274575e+00  2.535653e-04 
 1.274972e+00  2.523373e-04 
 1.275370e+00  2.502020e-04 
 1.275768e+00  2.469745e-04 
 1.276166e+00  2.427649e-04 
 1.276563e+00  2.377418e-04 
 1.276961e+00  2.317860e-04 
 1.277359e+00  2.248164e-04 
 1.277756e+00  2.174387e-04 
 1.278154e+00  2.091987e-04 
 1.278552e+00  2.007058e-04 
 1.278949e+00  1.921119e-04 
 1.279347e+00  1.833733e-04 
 1.279745e+00  1.737702e-04 
 1.280142e+00  1.630879e-04 
 1.280540e+00  1.516512e-04 
 1.280938e+00  1.387011e-04 
 1.281336e+00  1.243845e-04 
 1.281733e+00  1.094286e-04 
 1.282131e+00  9.435073e-05 
 1.282529e+00  8.001348e-05 
 1.282926e+00  6.707889e-05 
 1.283324e+00  5.572486e-05 
 1.283722e+00  4.610217e-05 
 1.284119e+00  3.805961e-05 
 1.284517e+00  3.096175e-05 
 1.284915e+00  2.439141e-05 
 1.285312e+00  1.738157e-05 
 1.285710e+00  9.778255e-06 
 1.286108e+00  1.633327e-06 
 1.286506e+00 -7.042275e-06 
 1.286903e+00 -1.543530e-05 
 1.287301e+00 -2.340456e-05 
 1.287699e+00 -3.126739e-05 
 1.288096e+00 -3.895651e-05 
 1.288494e+00 -4.658544e-05 
 1.288892e+00 -5.434515e-05 
 1.289289e+00 -6.204813e-05 
 1.289687e+00 -6.954911e-05 
 1.290085e+00 -7.684872e-05 
 1.290483e+00 -8.343144e-05 
 1.290880e+00 -8.873796e-05 
 1.291278e+00 -9.233144e-05 
 1.291676e+00 -9.451017e-05 
 1.292073e+00 -9.547074e-05 
 1.292471e+00 -9.538600e-05 
 1.292869e+00 -9.460776e-05 
 1.293266e+00 -9.315978e-05 
 1.293664e+00 -9.112946e-05 
 1.294062e+00 -8.837488e-05 
 1.294459e+00 -8.489455e-05 
 1.294857e+00 -8.052701e-05 
 1.295255e+00 -7.541808e-05 
 1.295653e+00 -6.972587e-05 
 1.296050e+00 -6.381127e-05 
 1.296448e+00 -5.776255e-05 
 1.296846e+00 -5.213237e-05 
 1.297243e+00 -4.680078e-05 
 1.297641e+00 -4.143166e-05 
 1.298039e+00 -3.627410e-05 
 1.298436e+00 -3.095136e-05 
 1.298834e+00 -2.520600e-05 
 1.299232e+00 -1.924728e-05 
 1.299630e+00 -1.361708e-05 
 1.300027e+00 -7.976914e-06 
 1.300425e+00 -2.875294e-06 
 1.300823e+00  1.918441e-06 
 1.301220e+00  6.538805e-06 
 1.301618e+00  1.071341e-05 
 1.302016e+00  1.501180e-05 
 1.302413e+00  1.992599e-05 
 1.302811e+00  2.563124e-05 
 1.303209e+00  3.194882e-05 
 1.303606e+00  3.871745e-05 
 1.304004e+00  4.539800e-05 
 1.304402e+00  5.198273e-05 
 1.304800e+00  5.832164e-05 
 1.305197e+00  6.378099e-05 
 1.305595e+00  6.852612e-05 
 1.305993e+00  7.252123e-05 
 1.306390e+00  7.555719e-05 
 1.306788e+00  7.791328e-05 
 1.307186e+00  7.988090e-05 
 1.307583e+00  8.172094e-05 
 1.307981e+00  8.337357e-05 
 1.308379e+00  8.527632e-05 
 1.308777e+00  8.727147e-05 
 1.309174e+00  8.945011e-05 
 1.309572e+00  9.260540e-05 
 1.309970e+00  9.546667e-05 
 1.310367e+00  9.926978e-05 
 1.310765e+00  1.037823e-04 
 1.311163e+00  1.090456e-04 
 1.311560e+00  1.151562e-04 
 1.311958e+00  1.220467e-04 
 1.312356e+00  1.298448e-04 
 1.312753e+00  1.386685e-04 
 1.313151e+00  1.483191e-04 
 1.313549e+00  1.589280e-04 
 1.313947e+00  1.701654e-04 
 1.314344e+00  1.824064e-04 
 1.314742e+00  1.949845e-04 
 1.315140e+00  2.075922e-04 
 1.315537e+00  2.199454e-04 
 1.315935e+00  2.317423e-04 
 1.316333e+00  2.429763e-04 
 1.316730e+00  2.533587e-04 
 1.317128e+00  2.630854e-04 
 1.317526e+00  2.723108e-04 
 1.317924e+00  2.811724e-04 
 1.318321e+00  2.897363e-04 
 1.318719e+00  2.984459e-04 
 1.319117e+00  3.068946e-04 
 1.319514e+00  3.153210e-04 
 1.319912e+00  3.238541e-04 
 1.320310e+00  3.328546e-04 
 1.320707e+00  3.418439e-04 
 1.321105e+00  3.509362e-04 
 1.321503e+00  3.596219e-04 
 1.321900e+00  3.675911e-04 
 1.322298e+00  3.744701e-04 
 1.322696e+00  3.807279e-04 
 1.323094e+00  3.860622e-04 
 1.323491e+00  3.905904e-04 
 1.323889e+00  3.941644e-04 
 1.324287e+00  3.968674e-04 
 1.324684e+00  3.986437e-04 
 1.325082e+00  3.989219e-04 
 1.325480e+00  3.973575e-04 
 1.325877e+00  3.940220e-04 
 1.326275e+00  3.890854e-04 
 1.326673e+00  3.831146e-04 
 1.327071e+00  3.766055e-04 
 1.327468e+00  3.700029e-04 
 1.327866e+00  3.634278e-04 
 1.328264e+00  3.565377e-04 
 1.328661e+00  3.493226e-04 
 1.329059e+00  3.412479e-04 
 1.329457e+00  3.316552e-04 
 1.329854e+00  3.205367e-04 
 1.330252e+00  3.079691e-04 
 1.330650e+00  2.940632e-04 
 1.331047e+00  2.795945e-04 
 1.331445e+00  2.648869e-04 
 1.331843e+00  2.503562e-04 
 1.332241e+00  2.359150e-04 
 1.332638e+00  2.219171e-04 
 1.333036e+00  2.082783e-04 
 1.333434e+00  1.944504e-04 
 1.333831e+00  1.805979e-04 
 1.334229e+00  1.667392e-04 
 1.334627e+00  1.528301e-04 
 1.335024e+00  1.393227e-04 
 1.335422e+00  1.265263e-04 
 1.335820e+00  1.138179e-04 
 1.336218e+00  1.019291e-04 
 1.336615e+00  9.028988e-05 
 1.337013e+00  7.889522e-05 
 1.337411e+00  6.801897e-05 
 1.337808e+00  5.779174e-05 
 1.338206e+00  4.816090e-05 
 1.338604e+00  3.986415e-05 
 1.339001e+00  3.320286e-05 
 1.339399e+00  2.834422e-05 
 1.339797e+00  2.579939e-05 
 1.340194e+00  2.507414e-05 
 1.340592e+00  2.559717e-05 
 1.340990e+00  2.711191e-05 
 1.341388e+00  2.963693e-05 
 1.341785e+00  3.256285e-05 
 1.342183e+00  3.625531e-05 
 1.342581e+00  4.018943e-05 
 1.342978e+00  4.471581e-05 
 1.343376e+00  4.924312e-05 
 1.343774e+00  5.426397e-05 
 1.344171e+00  5.944329e-05 
 1.344569e+00  6.469567e-05 
 1.344967e+00  6.973031e-05 
 1.345365e+00  7.522367e-05 
 1.345762e+00  8.141413e-05 
 1.346160e+00  8.812009e-05 
 1.346558e+00  9.557092e-05 
 1.346955e+00  1.040027e-04 
 1.347353e+00  1.129045e-04 
 1.347751e+00  1.219872e-04 
 1.348148e+00  1.307817e-04 
 1.348546e+00  1.395916e-04 
 1.348944e+00  1.475528e-04 
 1.349341e+00  1.544527e-04 
 1.349739e+00  1.608575e-04 
 1.350137e+00  1.664514e-04 
 1.350535e+00  1.714792e-04 
 1.350932e+00  1.760255e-04 
 1.351330e+00  1.798981e-04 
 1.351728e+00  1.830580e-04 
 1.352125e+00  1.858168e-04 
 1.352523e+00  1.884319e-04 
 1.352921e+00  1.914270e-04 
 1.353318e+00  1.948048e-04 
 1.353716e+00  1.989423e-04 
 1.354114e+00  2.031555e-04 
 1.354512e+00  2.075881e-04 
 1.354909e+00  2.117822e-04 
 1.355307e+00  2.156586e-04 
 1.355705e+00  2.181312e-04 
 1.356102e+00  2.193663e-04 
 1.356500e+00  2.195215e-04 
 1.356898e+00  2.181169e-04 
 1.357295e+00  2.162270e-04 
 1.357693e+00  2.138729e-04 
 1.358091e+00  2.111542e-04 
 1.358488e+00  2.085162e-04 
 1.358886e+00  2.062929e-04 
 1.359284e+00  2.042222e-04 
 1.359682e+00  2.026790e-04 
 1.360079e+00  2.015130e-04 
 1.360477e+00  2.004425e-04 
 1.360875e+00  1.991985e-04 
 1.361272e+00  1.976230e-04 
 1.361670e+00  1.956983e-04 
 1.362068e+00  1.934804e-04 
 1.362465e+00  1.907702e-04 
 1.362863e+00  1.879528e-04 
 1.363261e+00  1.850908e-04 
 1.363659e+00  1.823197e-04 
 1.364056e+00  1.803635e-04 
 1.364454e+00  1.789905e-04 
 1.364852e+00  1.779013e-04 
 1.365249e+00  1.774349e-04 
 1.365647e+00  1.777136e-04 
 1.366045e+00  1.784629e-04 
 1.366442e+00  1.798218e-04 
 1.366840e+00  1.819817e-04 
 1.367238e+00  1.843526e-04 
 1.367635e+00  1.870639e-04 
 1.368033e+00  1.904074e-04 
 1.368431e+00  1.940416e-04 
 1.368829e+00  1.980147e-04 
 1.369226e+00  2.025159e-04 
 1.369624e+00  2.071586e-04 
 1.370022e+00  2.116146e-04 
 1.370419e+00  2.158262e-04 
 1.370817e+00  2.197039e-04 
 1.371215e+00  2.233423e-04 
 1.371612e+00  2.271063e-04 
 1.372010e+00  2.312862e-04 
 1.372408e+00  2.359341e-04 
 1.372806e+00  2.408912e-04 
 1.373203e+00  2.455049e-04 
 1.373601e+00  2.497265e-04 
 1.373999e+00  2.533890e-04 
 1.374396e+00  2.556356e-04 
 1.374794e+00  2.564292e-04 
 1.375192e+00  2.560140e-04 
 1.375589e+00  2.544408e-04 
 1.375987e+00  2.519109e-04 
 1.376385e+00  2.487438e-04 
 1.376782e+00  2.447186e-04 
 1.377180e+00  2.392418e-04 
 1.377578e+00  2.325143e-04 
 1.377976e+00  2.243668e-04 
 1.378373e+00  2.156388e-04 
 1.378771e+00  2.067431e-04 
 1.379169e+00  1.979291e-04 
 1.379566e+00  1.892164e-04 
 1.379964e+00  1.805025e-04 
 1.380362e+00  1.716514e-04 
 1.380759e+00  1.624166e-04 
 1.381157e+00  1.525629e-04 
 1.381555e+00  1.416565e-04 
 1.381953e+00  1.300737e-04 
 1.382350e+00  1.178887e-04 
 1.382748e+00  1.055006e-04 
 1.383146e+00  9.333047e-05 
 1.383543e+00  8.137094e-05 
 1.383941e+00  6.950867e-05 
 1.384339e+00  5.755850e-05 
 1.384736e+00  4.510855e-05 
 1.385134e+00  3.191035e-05 
 1.385532e+00  1.799370e-05 
 1.385929e+00  3.356058e-06 
 1.386327e+00 -1.099412e-05 
 1.386725e+00 -2.521335e-05 
 1.387123e+00 -3.853749e-05 
 1.387520e+00 -5.048731e-05 
 1.387918e+00 -6.080067e-05 
 1.388316e+00 -7.001186e-05 
 1.388713e+00 -7.787779e-05 
 1.389111e+00 -8.485710e-05 
 1.389509e+00 -9.103165e-05 
 1.389906e+00 -9.665723e-05 
 1.390304e+00 -1.020417e-04 
 1.390702e+00 -1.069563e-04 
 1.391100e+00 -1.110331e-04 
 1.391497e+00 -1.146452e-04 
 1.391895e+00 -1.172926e-04 
 1.392293e+00 -1.191616e-04 
 1.392690e+00 -1.204725e-04 
 1.393088e+00 -1.209518e-04 
 1.393486e+00 -1.204322e-04 
 1.393883e+00 -1.185284e-04 
 1.394281e+00 -1.152375e-04 
 1.394679e+00 -1.105045e-04 
 1.395076e+00 -1.041162e-04 
 1.395474e+00 -9.671542e-05 
 1.395872e+00 -8.804178e-05 
 1.396270e+00 -7.807424e-05 
 1.396667e+00 -6.720636e-05 
 1.397065e+00 -5.561940e-05 
 1.397463e+00 -4.293735e-05 
 1.397860e+00 -2.930548e-05 
 1.398258e+00 -1.491548e-05 
 1.398656e+00  5.498907e-07 
 1.399053e+00  1.638807e-05 
 1.399451e+00  3.215660e-05 
 1.399849e+00  4.794245e-05 
 1.400247e+00  6.292417e-05 
 1.400644e+00  7.772588e-05 
 1.401042e+00  9.192497e-05 
 1.401440e+00  1.055693e-04 
 1.401837e+00  1.185176e-04 
 1.402235e+00  1.311423e-04 
 1.402633e+00  1.431383e-04 
 1.403030e+00  1.544173e-04 
 1.403428e+00  1.645257e-04 
 1.403826e+00  1.735685e-04 
 1.404223e+00  1.812659e-04 
 1.404621e+00  1.875642e-04 
 1.405019e+00  1.927158e-04 
 1.405417e+00  1.968815e-04 
 1.405814e+00  2.002879e-04 
 1.406212e+00  2.028152e-04 
 1.406610e+00  2.047380e-04 
 1.407007e+00  2.059285e-04 
 1.407405e+00  2.066425e-04 
 1.407803e+00  2.072692e-04 
 1.408200e+00  2.074893e-04 
 1.408598e+00  2.078161e-04 
 1.408996e+00  2.079511e-04 
 1.409394e+00  2.077706e-04 
 1.409791e+00  2.072872e-04 
 1.410189e+00  2.062515e-04 
 1.410587e+00  2.043015e-04 
 1.410984e+00  2.014533e-04 
 1.411382e+00  1.978910e-04 
 1.411780e+00  1.938704e-04 
 1.412177e+00  1.898314e-04 
 1.412575e+00  1.856665e-04 
 1.412973e+00  1.820608e-04 
 1.413370e+00  1.787267e-04 
 1.413768e+00  1.760910e-04 
 1.414166e+00  1.738775e-04 
 1.414564e+00  1.725659e-04 
 1.414961e+00  1.725248e-04 
 1.415359e+00  1.733889e-04 
 1.415757e+00  1.753394e-04 
 1.416154e+00  1.785378e-04 
 1.416552e+00  1.822905e-04 
 1.416950e+00  1.861542e-04 
 1.417347e+00  1.901092e-04 
 1.417745e+00  1.941838e-04 
 1.418143e+00  1.977072e-04 
 1.418541e+00  2.007110e-04 
 1.418938e+00  2.033302e-04 
 1.419336e+00  2.055016e-04 
 1.419734e+00  2.077709e-04 
 1.420131e+00  2.105853e-04 
 1.420529e+00  2.134712e-04 
 1.420927e+00  2.167439e-04 
 1.421324e+00  2.205221e-04 
 1.421722e+00  2.244212e-04 
 1.422120e+00  2.282049e-04 
 1.422517e+00  2.320060e-04 
 1.422915e+00  2.357818e-04 
 1.423313e+00  2.393111e-04 
 1.423711e+00  2.424814e-04 
 1.424108e+00  2.456228e-04 
 1.424506e+00  2.484690e-04 
 1.424904e+00  2.508284e-04 
 1.425301e+00  2.525895e-04 
 1.425699e+00  2.529885e-04 
 1.426097e+00  2.523950e-04 
 1.426494e+00  2.506713e-04 
 1.426892e+00  2.477596e-04 
 1.427290e+00  2.442957e-04 
 1.427688e+00  2.407695e-04 
 1.428085e+00  2.373562e-04 
 1.428483e+00  2.339365e-04 
 1.428881e+00  2.299093e-04 
 1.429278e+00  2.247624e-04 
 1.429676e+00  2.181615e-04 
 1.430074e+00  2.101925e-04 
 1.430471e+00  2.009242e-04 
 1.430869e+00  1.904640e-04 
 1.431267e+00  1.793142e-04 
 1.431664e+00  1.673729e-04 
 1.432062e+00  1.551744e-04 
 1.432460e+00  1.428007e-04 
 1.432858e+00  1.303540e-04 
 1.433255e+00  1.178834e-04 
 1.433653e+00  1.055482e-04 
 1.434051e+00  9.345186e-05 
 1.434448e+00  8.128215e-05 
 1.434846e+00  6.950646e-05 
 1.435244e+00  5.805179e-05 
 1.435641e+00  4.674413e-05 
 1.436039e+00  3.531591e-05 
 1.436437e+00  2.314303e-05 
 1.436835e+00  1.049702e-05 
 1.437232e+00 -2.318995e-06 
 1.437630e+00 -1.539096e-05 
 1.438028e+00 -2.810452e-05 
 1.438425e+00 -4.019020e-05 
 1.438823e+00 -5.127950e-05 
 1.439221e+00 -6.139403e-05 
 1.439618e+00 -7.002053e-05 
 1.440016e+00 -7.721153e-05 
 1.440414e+00 -8.292093e-05 
 1.440811e+00 -8.760867e-05 
 1.441209e+00 -9.085669e-05 
 1.441607e+00 -9.257695e-05 
 1.442005e+00 -9.278922e-05 
 1.442402e+00 -9.147157e-05 
 1.442800e+00 -8.853499e-05 
 1.443198e+00 -8.413967e-05 
 1.443595e+00 -7.834467e-05 
 1.443993e+00 -7.167031e-05 
 1.444391e+00 -6.438963e-05 
 1.444788e+00 -5.612611e-05 
 1.445186e+00 -4.759149e-05 
 1.445584e+00 -3.812937e-05 
 1.445982e+00 -2.846299e-05 
 1.446379e+00 -1.777279e-05 
 1.446777e+00 -6.374744e-06 
 1.447175e+00  5.375067e-06 
 1.447572e+00  1.751722e-05 
 1.447970e+00  3.065400e-05 
 1.448368e+00  4.417656e-05 
 1.448765e+00  5.835176e-05 
 1.449163e+00  7.280178e-05 
 1.449561e+00  8.748754e-05 
 1.449958e+00  1.026474e-04 
 1.450356e+00  1.175938e-04 
 1.450754e+00  1.323729e-04 
 1.451152e+00  1.466933e-04 
 1.451549e+00  1.603598e-04 
 1.451947e+00  1.735436e-04 
 1.452345e+00  1.863887e-04 
 1.452742e+00  1.993314e-04 
 1.453140e+00  2.121820e-04 
 1.453538e+00  2.247442e-04 
 1.453935e+00  2.368758e-04 
 1.454333e+00  2.482193e-04 
 1.454731e+00  2.583294e-04 
 1.455129e+00  2.670757e-04 
 1.455526e+00  2.741937e-04 
 1.455924e+00  2.799111e-04 
 1.456322e+00  2.842416e-04 
 1.456719e+00  2.874574e-04 
 1.457117e+00  2.897604e-04 
 1.457515e+00  2.911596e-04 
 1.457912e+00  2.917157e-04 
 1.458310e+00  2.911407e-04 
 1.458708e+00  2.894287e-04 
 1.459105e+00  2.867066e-04 
 1.459503e+00  2.829408e-04 
 1.459901e+00  2.784628e-04 
 1.460299e+00  2.735787e-04 
 1.460696e+00  2.680190e-04 
 1.461094e+00  2.619442e-04 
 1.461492e+00  2.551999e-04 
 1.461889e+00  2.474530e-04 
 1.462287e+00  2.388715e-04 
 1.462685e+00  2.294911e-04 
 1.463082e+00  2.195049e-04 
 1.463480e+00  2.093240e-04 
 1.463878e+00  1.998222e-04 
 1.464276e+00  1.907337e-04 
 1.464673e+00  1.822647e-04 
 1.465071e+00  1.744514e-04 
 1.465469e+00  1.671540e-04 
 1.465866e+00  1.600236e-04 
 1.466264e+00  1.528498e-04 
 1.466662e+00  1.461950e-04 
 1.467059e+00  1.400826e-04 
 1.467457e+00  1.346051e-04 
 1.467855e+00  1.299710e-04 
 1.468252e+00  1.260971e-04 
 1.468650e+00  1.230878e-04 
 1.469048e+00  1.208380e-04 
 1.469446e+00  1.188729e-04 
 1.469843e+00  1.171418e-04 
 1.470241e+00  1.155743e-04 
 1.470639e+00  1.140885e-04 
 1.471036e+00  1.127068e-04 
 1.471434e+00  1.117379e-04 
 1.471832e+00  1.112252e-04 
 1.472229e+00  1.116351e-04 
 1.472627e+00  1.128079e-04 
 1.473025e+00  1.142551e-04 
 1.473423e+00  1.161354e-04 
 1.473820e+00  1.179322e-04 
 1.474218e+00  1.193918e-04 
 1.474616e+00  1.207376e-04 
 1.475013e+00  1.215322e-04 
 1.475411e+00  1.220267e-04 
 1.475809e+00  1.224034e-04 
 1.476206e+00  1.232948e-04 
 1.476604e+00  1.247900e-04 
 1.477002e+00  1.265546e-04 
 1.477399e+00  1.286214e-04 
 1.477797e+00  1.308047e-04 
 1.478195e+00  1.324973e-04 
 1.478593e+00  1.339261e-04 
 1.478990e+00  1.346306e-04 
 1.479388e+00  1.342478e-04 
 1.479786e+00  1.326474e-04 
 1.480183e+00  1.298002e-04 
 1.480581e+00  1.255027e-04 
 1.480979e+00  1.203784e-04 
 1.481376e+00  1.142254e-04 
 1.481774e+00  1.074090e-04 
 1.482172e+00  1.001173e-04 
 1.482570e+00  9.275357e-05 
 1.482967e+00  8.540111e-05 
 1.483365e+00  7.846028e-05 
 1.483763e+00  7.169847e-05 
 1.484160e+00  6.515111e-05 
 1.484558e+00  5.839997e-05 
 1.484956e+00  5.141425e-05 
 1.485353e+00  4.415233e-05 
 1.485751e+00  3.600664e-05 
 1.486149e+00  2.736489e-05 
 1.486546e+00  1.790992e-05 
 1.486944e+00  7.594725e-06 
 1.487342e+00 -3.340641e-06 
 1.487740e+00 -1.447697e-05 
 1.488137e+00 -2.628841e-05 
 1.488535e+00 -3.811158e-05 
 1.488933e+00 -4.996883e-05 
 1.489330e+00 -6.143569e-05 
 1.489728e+00 -7.260277e-05 
 1.490126e+00 -8.302854e-05 
 1.490523e+00 -9.270031e-05 
 1.490921e+00 -1.012363e-04 
 1.491319e+00 -1.092746e-04 
 1.491717e+00 -1.164371e-04 
 1.492114e+00 -1.227905e-04 
 1.492512e+00 -1.285143e-04 
 1.492910e+00 -1.333991e-04 
 1.493307e+00 -1.373138e-04 
 1.493705e+00 -1.402811e-04 
 1.494103e+00 -1.419281e-04 
 1.494500e+00 -1.423113e-04 
 1.494898e+00 -1.414600e-04 
 1.495296e+00 -1.395041e-04 
 1.495693e+00 -1.362167e-04 
 1.496091e+00 -1.317100e-04 
 1.496489e+00 -1.258369e-04 
 1.496887e+00 -1.182884e-04 
 1.497284e+00 -1.090625e-04 
 1.497682e+00 -9.805271e-05 
 1.498080e+00 -8.598082e-05 
 1.498477e+00 -7.308573e-05 
 1.498875e+00 -5.991785e-05 
 1.499273e+00 -4.694139e-05 
 1.499670e+00 -3.430718e-05 
 1.500068e+00 -2.173016e-05 
 1.500466e+00 -9.059312e-06 
 1.500864e+00  3.971048e-06 
 1.501261e+00  1.782721e-05 
 1.501659e+00  3.235408e-05 
 1.502057e+00  4.759481e-05 
 1.502454e+00  6.347231e-05 
 1.502852e+00  7.986388e-05 
 1.503250e+00  9.625386e-05 
 1.503647e+00  1.122805e-04 
 1.504045e+00  1.278044e-04 
 1.504443e+00  1.426200e-04 
 1.504840e+00  1.566830e-04 
 1.505238e+00  1.697037e-04 
 1.505636e+00  1.815199e-04 
 1.506034e+00  1.919711e-04 
 1.506431e+00  2.008884e-04 
 1.506829e+00  2.080047e-04 
 1.507227e+00  2.136645e-04 
 1.507624e+00  2.181529e-04 
 1.508022e+00  2.215959e-04 
 1.508420e+00  2.245524e-04 
 1.508817e+00  2.273115e-04 
 1.509215e+00  2.297523e-04 
 1.509613e+00  2.322514e-04 
 1.510011e+00  2.347035e-04 
 1.510408e+00  2.368875e-04 
 1.510806e+00  2.383072e-04 
 1.511204e+00  2.391707e-04 
 1.511601e+00  2.389004e-04 
 1.511999e+00  2.376872e-04 
 1.512397e+00  2.355603e-04 
 1.512794e+00  2.328568e-04 
 1.513192e+00  2.294432e-04 
 1.513590e+00  2.249727e-04 
 1.513987e+00  2.192692e-04 
 1.514385e+00  2.125661e-04 
 1.514783e+00  2.049943e-04 
 1.515181e+00  1.970264e-04 
 1.515578e+00  1.888372e-04 
 1.515976e+00  1.808481e-04 
 1.516374e+00  1.730961e-04 
 1.516771e+00  1.654235e-04 
 1.517169e+00  1.580125e-04 
 1.517567e+00  1.505242e-04 
 1.517964e+00  1.430617e-04 
 1.518362e+00  1.353089e-04 
 1.518760e+00  1.274210e-04 
 1.519158e+00  1.194966e-04 
 1.519555e+00  1.115335e-04 
 1.519953e+00  1.041560e-04 
 1.520351e+00  9.725706e-05 
 1.520748e+00  9.095730e-05 
 1.521146e+00  8.508914e-05 
 1.521544e+00  7.996907e-05 
 1.521941e+00  7.554260e-05 
 1.522339e+00  7.216500e-05 
 1.522737e+00  6.989466e-05 
 1.523134e+00  6.813074e-05 
 1.523532e+00  6.687453e-05 
 1.523930e+00  6.583261e-05 
 1.524328e+00  6.489704e-05 
 1.524725e+00  6.394497e-05 
 1.525123e+00  6.262852e-05 
 1.525521e+00  6.118508e-05 
 1.525918e+00  5.953554e-05 
 1.526316e+00  5.761904e-05 
 1.526714e+00  5.623377e-05 
 1.527111e+00  5.536021e-05 
 1.527509e+00  5.505158e-05 
 1.527907e+00  5.545383e-05 
 1.528305e+00  5.646453e-05 
 1.528702e+00  5.787403e-05 
 1.529100e+00  5.948934e-05 
 1.529498e+00  6.122634e-05 
 1.529895e+00  6.270705e-05 
 1.530293e+00  6.388339e-05 
 1.530691e+00  6.439277e-05 
 1.531088e+00  6.427104e-05 
 1.531486e+00  6.304174e-05 
 1.531884e+00  6.072301e-05 
 1.532281e+00  5.719747e-05 
 1.532679e+00  5.273038e-05 
 1.533077e+00  4.748244e-05 
 1.533475e+00  4.189082e-05 
 1.533872e+00  3.620792e-05 
 1.534270e+00  3.046792e-05 
 1.534668e+00  2.492658e-05 
 1.535065e+00  1.941742e-05 
 1.535463e+00  1.415177e-05 
 1.535861e+00  8.830296e-06 
 1.536258e+00  3.418210e-06 
 1.536656e+00 -2.042705e-06 
 1.537054e+00 -7.686181e-06 
 1.537452e+00 -1.346310e-05 
 1.537849e+00 -1.921101e-05 
 1.538247e+00 -2.511436e-05 
 1.538645e+00 -3.107801e-05 
 1.539042e+00 -3.705319e-05 
 1.539440e+00 -4.295319e-05 
 1.539838e+00 -4.845894e-05 
 1.540235e+00 -5.375343e-05 
 1.540633e+00 -5.859549e-05 
 1.541031e+00 -6.295747e-05 
 1.541428e+00 -6.642402e-05 
 1.541826e+00 -6.916788e-05 
 1.542224e+00 -7.102400e-05 
 1.542622e+00 -7.168691e-05 
 1.543019e+00 -7.164017e-05 
 1.543417e+00 -7.100165e-05 
 1.543815e+00 -6.960882e-05 
 1.544212e+00 -6.794645e-05 
 1.544610e+00 -6.584647e-05 
 1.545008e+00 -6.334703e-05 
 1.545405e+00 -5.996100e-05 
 1.545803e+00 -5.609953e-05 
 1.546201e+00 -5.099456e-05 
 1.546599e+00 -4.497749e-05 
 1.546996e+00 -3.769520e-05 
 1.547394e+00 -2.956839e-05 
 1.547792e+00 -2.053010e-05 
 1.548189e+00 -1.085126e-05 
 1.548587e+00 -6.901621e-07 
 1.548985e+00  1.004952e-05 
 1.549382e+00  2.112507e-05 
 1.549780e+00  3.208250e-05 
 1.550178e+00  4.278796e-05 
 1.550575e+00  5.317922e-05 
 1.550973e+00  6.282836e-05 
 1.551371e+00  7.221635e-05 
 1.551769e+00  8.140199e-05 
 1.552166e+00  9.074930e-05 
 1.552564e+00  1.004877e-04 
 1.552962e+00  1.108527e-04 
 1.553359e+00  1.217301e-04 
 1.553757e+00  1.331717e-04 
 1.554155e+00  1.451622e-04 
 1.554552e+00  1.571739e-04 
 1.554950e+00  1.687864e-04 
 1.555348e+00  1.797629e-04 
 1.555746e+00  1.901207e-04 
 1.556143e+00  1.996683e-04 
 1.556541e+00  2.086150e-04 
 1.556939e+00  2.168135e-04 
 1.557336e+00  2.242293e-04 
 1.557734e+00  2.306312e-04 
 1.558132e+00  2.358136e-04 
 1.558529e+00  2.397605e-04 
 1.558927e+00  2.423102e-04 
 1.559325e+00  2.436546e-04 
 1.559722e+00  2.436632e-04 
 1.560120e+00  2.429719e-04 
 1.560518e+00  2.416152e-04 
 1.560916e+00  2.399548e-04 
 1.561313e+00  2.381265e-04 
 1.561711e+00  2.360902e-04 
 1.562109e+00  2.340181e-04 
 1.562506e+00  2.314224e-04 
 1.562904e+00  2.279596e-04 
 1.563302e+00  2.236109e-04 
 1.563699e+00  2.186762e-04 
 1.564097e+00  2.132824e-04 
 1.564495e+00  2.075293e-04 
 1.564893e+00  2.015263e-04 
 1.565290e+00  1.954524e-04 
 1.565688e+00  1.891620e-04 
 1.566086e+00  1.829546e-04 
 1.566483e+00  1.767989e-04 
 1.566881e+00  1.706910e-04 
 1.567279e+00  1.648140e-04 
 1.567676e+00  1.591906e-04 
 1.568074e+00  1.539247e-04 
 1.568472e+00  1.484834e-04 
 1.568869e+00  1.428093e-04 
 1.569267e+00  1.369218e-04 
 1.569665e+00  1.307639e-04 
 1.570063e+00  1.245392e-04 
 1.570460e+00  1.188610e-04 
 1.570858e+00  1.139562e-04 
 1.571256e+00  1.103373e-04 
 1.571653e+00  1.081806e-04 
 1.572051e+00  1.073555e-04 
 1.572449e+00  1.076128e-04 
 1.572846e+00  1.085448e-04 
 1.573244e+00  1.098366e-04 
 1.573642e+00  1.110765e-04 
 1.574040e+00  1.121959e-04 
 1.574437e+00  1.129688e-04 
 1.574835e+00  1.134694e-04 
 1.575233e+00  1.138328e-04 
 1.575630e+00  1.133850e-04 
 1.576028e+00  1.125103e-04 
 1.576426e+00  1.109337e-04 
 1.576823e+00  1.086240e-04 
 1.577221e+00  1.056032e-04 
 1.577619e+00  1.025442e-04 
 1.578016e+00  9.937804e-05 
 1.578414e+00  9.624045e-05 
 1.578812e+00  9.368450e-05 
 1.579210e+00  9.157170e-05 
 1.579607e+00  8.976229e-05 
 1.580005e+00  8.797878e-05 
 1.580403e+00  8.597715e-05 
 1.580800e+00  8.344579e-05 
 1.581198e+00  8.040989e-05 
 1.581596e+00  7.647635e-05 
 1.581993e+00  7.175108e-05 
 1.582391e+00  6.624798e-05 
 1.582789e+00  6.013124e-05 
 1.583187e+00  5.313544e-05 
 1.583584e+00  4.530087e-05 
 1.583982e+00  3.661384e-05 
 1.584380e+00  2.717270e-05 
 1.584777e+00  1.721555e-05 
 1.585175e+00  7.014291e-06 
 1.585573e+00 -3.131001e-06 
 1.585970e+00 -1.307795e-05 
 1.586368e+00 -2.281408e-05 
 1.586766e+00 -3.257715e-05 
 1.587163e+00 -4.264536e-05 
 1.587561e+00 -5.295140e-05 
 1.587959e+00 -6.332447e-05 
 1.588357e+00 -7.419380e-05 
 1.588754e+00 -8.478249e-05 
 1.589152e+00 -9.537619e-05 
 1.589550e+00 -1.059293e-04 
 1.589947e+00 -1.162256e-04 
 1.590345e+00 -1.259240e-04 
 1.590743e+00 -1.350462e-04 
 1.591140e+00 -1.431279e-04 
 1.591538e+00 -1.498176e-04 
 1.591936e+00 -1.548952e-04 
 1.592334e+00 -1.584465e-04 
 1.592731e+00 -1.604777e-04 
 1.593129e+00 -1.613101e-04 
 1.593527e+00 -1.614454e-04 
 1.593924e+00 -1.609804e-04 
 1.594322e+00 -1.603828e-04 
 1.594720e+00 -1.594253e-04 
 1.595117e+00 -1.578821e-04 
 1.595515e+00 -1.556965e-04 
 1.595913e+00 -1.526663e-04 
 1.596310e+00 -1.482127e-04 
 1.596708e+00 -1.424204e-04 
 1.597106e+00 -1.347707e-04 
 1.597504e+00 -1.251349e-04 
 1.597901e+00 -1.138861e-04 
 1.598299e+00 -1.008494e-04 
 1.598697e+00 -8.636440e-05 
 1.599094e+00 -7.097082e-05 
 1.599492e+00 -5.486877e-05 
 1.599890e+00 -3.811172e-05 
 1.600287e+00 -2.100519e-05 
 1.600685e+00 -3.716989e-06 
 1.601083e+00  1.378057e-05 
 1.601481e+00  3.141373e-05 
 1.601878e+00  4.873033e-05 
 1.602276e+00  6.526332e-05 
 1.602674e+00  8.099401e-05 
 1.603071e+00  9.579790e-05 
 1.603469e+00  1.099261e-04 
 1.603867e+00  1.235281e-04 
 1.604264e+00  1.368522e-04 
 1.604662e+00  1.502457e-04 
 1.605060e+00  1.639893e-04 
 1.605457e+00  1.776679e-04 
 1.605855e+00  1.913616e-04 
 1.606253e+00  2.047092e-04 
 1.606651e+00  2.171503e-04 
 1.607048e+00  2.284602e-04 
 1.607446e+00  2.382892e-04 
 1.607844e+00  2.466307e-04 
 1.608241e+00  2.530283e-04 
 1.608639e+00  2.578980e-04 
 1.609037e+00  2.613742e-04 
 1.609434e+00  2.635104e-04 
 1.609832e+00  2.648372e-04 
 1.610230e+00  2.652223e-04 
 1.610628e+00  2.647505e-04 
 1.611025e+00  2.634730e-04 
 1.611423e+00  2.615639e-04 
 1.611821e+00  2.585986e-04 
 1.612218e+00  2.548508e-04 
 1.612616e+00  2.504245e-04 
 1.613014e+00  2.453895e-04 
 1.613411e+00  2.400120e-04 
 1.613809e+00  2.345400e-04 
 1.614207e+00  2.286970e-04 
 1.614604e+00  2.222865e-04 
 1.615002e+00  2.153959e-04 
 1.615400e+00  2.077850e-04 
 1.615798e+00  1.999771e-04 
 1.616195e+00  1.919988e-04 
 1.616593e+00  1.841619e-04 
 1.616991e+00  1.763763e-04 
 1.617388e+00  1.688623e-04 
 1.617786e+00  1.615611e-04 
 1.618184e+00  1.543714e-04 
 1.618581e+00  1.471887e-04 
 1.618979e+00  1.397379e-04 
 1.619377e+00  1.322673e-04 
 1.619775e+00  1.243665e-04 
 1.620172e+00  1.166249e-04 
 1.620570e+00  1.086283e-04 
 1.620968e+00  1.003916e-04 
 1.621365e+00  9.214803e-05 
 1.621763e+00  8.389227e-05 
 1.622161e+00  7.630097e-05 
 1.622558e+00  6.993549e-05 
 1.622956e+00  6.478235e-05 
 1.623354e+00  6.098049e-05 
 1.623751e+00  5.871549e-05 
 1.624149e+00  5.766891e-05 
 1.624547e+00  5.724559e-05 
 1.624945e+00  5.744460e-05 
 1.625342e+00  5.820699e-05 
 1.625740e+00  5.907715e-05 
 1.626138e+00  5.973414e-05 
 1.626535e+00  6.067671e-05 
 1.626933e+00  6.148702e-05 
 1.627331e+00  6.212150e-05 
 1.627728e+00  6.234542e-05 
 1.628126e+00  6.207950e-05 
 1.628524e+00  6.096135e-05 
 1.628922e+00  5.955786e-05 
 1.629319e+00  5.794265e-05 
 1.629717e+00  5.664032e-05 
 1.630115e+00  5.559106e-05 
 1.630512e+00  5.474575e-05 
 1.630910e+00  5.421433e-05 
 1.631308e+00  5.387603e-05 
 1.631705e+00  5.332572e-05 
 1.632103e+00  5.240869e-05 
 1.632501e+00  5.099462e-05 
 1.632898e+00  4.926598e-05 
 1.633296e+00  4.714157e-05 
 1.633694e+00  4.493013e-05 
 1.634092e+00  4.278082e-05 
 1.634489e+00  4.081680e-05 
 1.634887e+00  3.868279e-05 
 1.635285e+00  3.646161e-05 
 1.635682e+00  3.396408e-05 
 1.636080e+00  3.091319e-05 
 1.636478e+00  2.745492e-05 
 1.636875e+00  2.391115e-05 
 1.637273e+00  2.016673e-05 
 1.637671e+00  1.672289e-05 
 1.638069e+00  1.350325e-05 
 1.638466e+00  9.924041e-06 
 1.638864e+00  6.299382e-06 
 1.639262e+00  2.051344e-06 
 1.639659e+00 -2.793953e-06 
 1.640057e+00 -7.498270e-06 
 1.640455e+00 -1.249550e-05 
 1.640852e+00 -1.681893e-05 
 1.641250e+00 -2.043078e-05 
 1.641648e+00 -2.306358e-05 
 1.642045e+00 -2.463080e-05 
 1.642443e+00 -2.491530e-05 
 1.642841e+00 -2.417938e-05 
 1.643239e+00 -2.304150e-05 
 1.643636e+00 -2.145523e-05 
 1.644034e+00 -1.956020e-05 
 1.644432e+00 -1.742729e-05 
 1.644829e+00 -1.488434e-05 
 1.645227e+00 -1.229849e-05 
 1.645625e+00 -9.637482e-06 
 1.646022e+00 -6.737997e-06 
 1.646420e+00 -3.741912e-06 
 1.646818e+00 -7.038885e-07 
 1.647216e+00  2.515131e-06 
 1.647613e+00  6.220345e-06 
 1.648011e+00  1.038664e-05 
 1.648409e+00  1.511816e-05 
 1.648806e+00  2.070467e-05 
 1.649204e+00  2.736899e-05 
 1.649602e+00  3.505888e-05 
 1.649999e+00  4.388513e-05 
 1.650397e+00  5.343569e-05 
 1.650795e+00  6.326263e-05 
 1.651192e+00  7.330518e-05 
 1.651590e+00  8.326130e-05 
 1.651988e+00  9.324590e-05 
 1.652386e+00  1.030300e-04 
 1.652783e+00  1.127317e-04 
 1.653181e+00  1.224444e-04 
 1.653579e+00  1.323462e-04 
 1.653976e+00  1.426380e-04 
 1.654374e+00  1.527295e-04 
 1.654772e+00  1.629864e-04 
 1.655169e+00  1.733646e-04 
 1.655567e+00  1.837733e-04 
 1.655965e+00  1.943801e-04 
 1.656363e+00  2.048175e-04 
 1.656760e+00  2.153517e-04 
 1.657158e+00  2.254482e-04 
 1.657556e+00  2.354526e-04 
 1.657953e+00  2.452813e-04 
 1.658351e+00  2.547182e-04 
 1.658749e+00  2.636867e-04 
 1.659146e+00  2.722543e-04 
 1.659544e+00  2.802462e-04 
 1.659942e+00  2.876487e-04 
 1.660339e+00  2.940065e-04 
 1.660737e+00  2.995587e-04 
 1.661135e+00  3.042297e-04 
 1.661533e+00  3.081890e-04 
 1.661930e+00  3.116987e-04 
 1.662328e+00  3.145611e-04 
 1.662726e+00  3.167687e-04 
 1.663123e+00  3.178153e-04 
 1.663521e+00  3.177304e-04 
 1.663919e+00  3.164462e-04 
 1.664316e+00  3.140247e-04 
 1.664714e+00  3.105469e-04 
 1.665112e+00  3.063326e-04 
 1.665510e+00  3.015657e-04 
 1.665907e+00  2.969365e-04 
 1.666305e+00  2.924660e-04 
 1.666703e+00  2.884102e-04 
 1.667100e+00  2.847239e-04 
 1.667498e+00  2.812056e-04 
 1.667896e+00  2.781431e-04 
 1.668293e+00  2.753514e-04 
 1.668691e+00  2.725892e-04 
 1.669089e+00  2.697640e-04 
 1.669486e+00  2.664625e-04 
 1.669884e+00  2.626324e-04 
 1.670282e+00  2.581414e-04 
 1.670680e+00  2.529410e-04 
 1.671077e+00  2.470098e-04 
 1.671475e+00  2.405215e-04 
 1.671873e+00  2.334422e-04 
 1.672270e+00  2.261383e-04 
 1.672668e+00  2.185560e-04 
 1.673066e+00  2.108455e-04 
 1.673463e+00  2.033270e-04 
 1.673861e+00  1.963052e-04 
 1.674259e+00  1.900356e-04 
 1.674657e+00  1.845255e-04 
 1.675054e+00  1.800644e-04 
 1.675452e+00  1.762752e-04 
 1.675850e+00  1.727954e-04 
 1.676247e+00  1.697443e-04 
 1.676645e+00  1.663789e-04 
 1.677043e+00  1.624891e-04 
 1.677440e+00  1.583356e-04 
 1.677838e+00  1.535914e-04 
 1.678236e+00  1.483360e-04 
 1.678633e+00  1.429125e-04 
 1.679031e+00  1.370123e-04 
 1.679429e+00  1.308227e-04 
 1.679827e+00  1.242282e-04 
 1.680224e+00  1.173571e-04 
 1.680622e+00  1.099792e-04 
 1.681020e+00  1.022593e-04 
 1.681417e+00  9.429670e-05 
 1.681815e+00  8.636431e-05 
 1.682213e+00  7.845680e-05 
 1.682610e+00  7.067722e-05 
 1.683008e+00  6.312408e-05 
 1.683406e+00  5.572814e-05 
 1.683804e+00  4.889358e-05 
 1.684201e+00  4.222431e-05 
 1.684599e+00  3.554924e-05 
 1.684997e+00  2.908751e-05 
 1.685394e+00  2.295575e-05 
 1.685792e+00  1.747980e-05 
 1.686190e+00  1.275839e-05 
 1.686587e+00  9.012726e-06 
 1.686985e+00  5.666628e-06 
 1.687383e+00  2.457888e-06 
 1.687780e+00 -6.271712e-07 
 1.688178e+00 -3.777206e-06 
 1.688576e+00 -7.186136e-06 
 1.688974e+00 -1.077643e-05 
 1.689371e+00 -1.495302e-05 
 1.689769e+00 -1.955135e-05 
 1.690167e+00 -2.402581e-05 
 1.690564e+00 -2.877885e-05 
 1.690962e+00 -3.350072e-05 
 1.691360e+00 -3.803689e-05 
 1.691757e+00 -4.232119e-05 
 1.692155e+00 -4.594126e-05 
 1.692553e+00 -4.827664e-05 
 1.692951e+00 -4.915155e-05 
 1.693348e+00 -4.824232e-05 
 1.693746e+00 -4.568103e-05 
 1.694144e+00 -4.169924e-05 
 1.694541e+00 -3.644902e-05 
 1.694939e+00 -3.051328e-05 
 1.695337e+00 -2.391191e-05 
 1.695734e+00 -1.684078e-05 
 1.696132e+00 -9.481983e-06 
 1.696530e+00 -1.835371e-06 
 1.696927e+00  5.995121e-06 
 1.697325e+00  1.423239e-05 
 1.697723e+00  2.261387e-05 
 1.698121e+00  3.123385e-05 
 1.698518e+00  4.017049e-05 
 1.698916e+00  4.927505e-05 
 1.699314e+00  5.880845e-05 
 1.699711e+00  6.886881e-05 
 1.700109e+00  7.966851e-05 
 1.700507e+00  9.119189e-05 
 1.700904e+00  1.035100e-04 
 1.701302e+00  1.165470e-04 
 1.701700e+00  1.304972e-04 
 1.702098e+00  1.449276e-04 
 1.702495e+00  1.596457e-04 
 1.702893e+00  1.746097e-04 
 1.703291e+00  1.897191e-04 
 1.703688e+00  2.047933e-04 
 1.704086e+00  2.196610e-04 
 1.704484e+00  2.341345e-04 
 1.704881e+00  2.480253e-04 
 1.705279e+00  2.613811e-04 
 1.705677e+00  2.738824e-04 
 1.706074e+00  2.856818e-04 
 1.706472e+00  2.964734e-04 
 1.706870e+00  3.061054e-04 
 1.707268e+00  3.146868e-04 
 1.707665e+00  3.223534e-04 
 1.708063e+00  3.288977e-04 
 1.708461e+00  3.342778e-04 
 1.708858e+00  3.384633e-04 
 1.709256e+00  3.415114e-04 
 1.709654e+00  3.434962e-04 
 1.710051e+00  3.448689e-04 
 1.710449e+00  3.458185e-04 
 1.710847e+00  3.465192e-04 
 1.711245e+00  3.468875e-04 
 1.711642e+00  3.471065e-04 
 1.712040e+00  3.470132e-04 
 1.712438e+00  3.466094e-04 
 1.712835e+00  3.455573e-04 
 1.713233e+00  3.434970e-04 
 1.713631e+00  3.406569e-04 
 1.714028e+00  3.368149e-04 
 1.714426e+00  3.319506e-04 
 1.714824e+00  3.257895e-04 
 1.715221e+00  3.184695e-04 
 1.715619e+00  3.099284e-04 
 1.716017e+00  2.999231e-04 
 1.716415e+00  2.889057e-04 
 1.716812e+00  2.770229e-04 
 1.717210e+00  2.646651e-04 
 1.717608e+00  2.523849e-04 
 1.718005e+00  2.403259e-04 
 1.718403e+00  2.286722e-04 
 1.718801e+00  2.174996e-04 
 1.719198e+00  2.069417e-04 
 1.719596e+00  1.967501e-04 
 1.719994e+00  1.869363e-04 
 1.720392e+00  1.775490e-04 
 1.720789e+00  1.681491e-04 
 1.721187e+00  1.592818e-04 
 1.721585e+00  1.509026e-04 
 1.721982e+00  1.429512e-04 
 1.722380e+00  1.359259e-04 
 1.722778e+00  1.299519e-04 
 1.723175e+00  1.246734e-04 
 1.723573e+00  1.202183e-04 
 1.723971e+00  1.163510e-04 
 1.724368e+00  1.129231e-04 
 1.724766e+00  1.095395e-04 
 1.725164e+00  1.062687e-04 
 1.725562e+00  1.033253e-04 
 1.725959e+00  1.006227e-04 
 1.726357e+00  9.893934e-05 
 1.726755e+00  9.785457e-05 
 1.727152e+00  9.752335e-05 
 1.727550e+00  9.820947e-05 
 1.727948e+00  9.959539e-05 
 1.728345e+00  1.014974e-04 
 1.728743e+00  1.037542e-04 
 1.729141e+00  1.062801e-04 
 1.729539e+00  1.091136e-04 
 1.729936e+00  1.125353e-04 
 1.730334e+00  1.161072e-04 
 1.730732e+00  1.199216e-04 
 1.731129e+00  1.237054e-04 
 1.731527e+00  1.273857e-04 
 1.731925e+00  1.305807e-04 
 1.732322e+00  1.331388e-04 
 1.732720e+00  1.345921e-04 
 1.733118e+00  1.350577e-04 
 1.733515e+00  1.340263e-04 
 1.733913e+00  1.318090e-04 
 1.734311e+00  1.286318e-04 
 1.734709e+00  1.244914e-04 
 1.735106e+00  1.194660e-04 
 1.735504e+00  1.139270e-04 
 1.735902e+00  1.079477e-04 
 1.736299e+00  1.020163e-04 
 1.736697e+00  9.583326e-05 
 1.737095e+00  8.972203e-05 
 1.737492e+00  8.402025e-05 
 1.737890e+00  7.845896e-05 
 1.738288e+00  7.338169e-05 
 1.738686e+00  6.863322e-05 
 1.739083e+00  6.376273e-05 
 1.739481e+00  5.869411e-05 
 1.739879e+00  5.304416e-05 
 1.740276e+00  4.675558e-05 
 1.740674e+00  4.003718e-05 
 1.741072e+00  3.305803e-05 
 1.741469e+00  2.630725e-05 
 1.741867e+00  1.975770e-05 
 1.742265e+00  1.403179e-05 
 1.742662e+00  8.839521e-06 
 1.743060e+00  4.422113e-06 
 1.743458e+00  6.827869e-07 
 1.743856e+00 -2.372957e-06 
 1.744253e+00 -5.026593e-06 
 1.744651e+00 -6.996856e-06 
 1.745049e+00 -8.086726e-06 
 1.745446e+00 -8.382511e-06 
 1.745844e+00 -7.573866e-06 
 1.746242e+00 -6.014484e-06 
 1.746639e+00 -3.884587e-06 
 1.747037e+00 -1.161405e-06 
 1.747435e+00  2.218116e-06 
 1.747833e+00  6.379347e-06 
 1.748230e+00  1.165954e-05 
 1.748628e+00  1.766031e-05 
 1.749026e+00  2.470345e-05 
 1.749423e+00  3.273922e-05 
 1.749821e+00  4.160394e-05 
 1.750219e+00  5.132264e-05 
 1.750616e+00  6.162010e-05 
 1.751014e+00  7.286804e-05 
 1.751412e+00  8.475942e-05 
 1.751809e+00  9.774374e-05 
 1.752207e+00  1.116535e-04 
 1.752605e+00  1.264469e-04 
 1.753003e+00  1.419651e-04 
 1.753400e+00  1.580840e-04 
 1.753798e+00  1.747943e-04 
 1.754196e+00  1.921104e-04 
 1.754593e+00  2.096102e-04 
 1.754991e+00  2.271967e-04 
 1.755389e+00  2.450255e-04 
 1.755786e+00  2.627685e-04 
 1.756184e+00  2.806292e-04 
 1.756582e+00  2.984372e-04 
 1.756980e+00  3.153177e-04 
 1.757377e+00  3.310766e-04 
 1.757775e+00  3.458302e-04 
 1.758173e+00  3.589690e-04 
 1.758570e+00  3.707882e-04 
 1.758968e+00  3.812214e-04 
 1.759366e+00  3.900350e-04 
 1.759763e+00  3.975648e-04 
 1.760161e+00  4.039026e-04 
 1.760559e+00  4.090186e-04 
 1.760956e+00  4.129293e-04 
 1.761354e+00  4.158523e-04 
 1.761752e+00  4.178315e-04 
 1.762150e+00  4.188506e-04 
 1.762547e+00  4.193377e-04 
 1.762945e+00  4.190757e-04 
 1.763343e+00  4.180898e-04 
 1.763740e+00  4.158826e-04 
 1.764138e+00  4.121605e-04 
 1.764536e+00  4.065262e-04 
 1.764933e+00  3.990018e-04 
 1.765331e+00  3.892597e-04 
 1.765729e+00  3.777136e-04 
 1.766127e+00  3.645818e-04 
 1.766524e+00  3.504910e-04 
 1.766922e+00  3.357914e-04 
 1.767320e+00  3.203933e-04 
 1.767717e+00  3.045588e-04 
 1.768115e+00  2.882473e-04 
 1.768513e+00  2.714646e-04 
 1.768910e+00  2.545827e-04 
 1.769308e+00  2.376757e-04 
 1.769706e+00  2.211118e-04 
 1.770103e+00  2.048404e-04 
 1.770501e+00  1.894472e-04 
 1.770899e+00  1.751220e-04 
 1.771297e+00  1.621743e-04 
 1.771694e+00  1.503532e-04 
 1.772092e+00  1.397431e-04 
 1.772490e+00  1.299576e-04 
 1.772887e+00  1.206691e-04 
 1.773285e+00  1.122691e-04 
 1.773683e+00  1.045421e-04 
 1.774080e+00  9.738383e-05 
 1.774478e+00  9.053996e-05 
 1.774876e+00  8.415043e-05 
 1.775274e+00  7.817437e-05 
 1.775671e+00  7.268448e-05 
 1.776069e+00  6.736340e-05 
 1.776467e+00  6.214812e-05 
 1.776864e+00  5.687116e-05 
 1.777262e+00  5.200302e-05 
 1.777660e+00  4.776553e-05 
 1.778057e+00  4.450615e-05 
 1.778455e+00  4.255378e-05 
 1.778853e+00  4.185413e-05 
 1.779250e+00  4.245386e-05 
 1.779648e+00  4.484063e-05 
 1.780046e+00  4.919968e-05 
 1.780444e+00  5.536019e-05 
 1.780841e+00  6.326491e-05 
 1.781239e+00  7.255376e-05 
 1.781637e+00  8.309667e-05 
 1.782034e+00  9.470558e-05 
 1.782432e+00  1.070391e-04 
 1.782830e+00  1.190875e-04 
 1.783227e+00  1.308330e-04 
 1.783625e+00  1.421597e-04 
 1.784023e+00  1.526346e-04 
 1.784421e+00  1.624385e-04 
 1.784818e+00  1.712432e-04 
 1.785216e+00  1.788767e-04 
 1.785614e+00  1.858964e-04 
 1.786011e+00  1.922790e-04 
 1.786409e+00  1.980593e-04 
 1.786807e+00  2.036560e-04 
 1.787204e+00  2.092509e-04 
 1.787602e+00  2.147771e-04 
 1.788000e+00  2.203072e-04 
 1.788397e+00  2.256298e-04 
 1.788795e+00  2.302932e-04 
 1.789193e+00  2.346050e-04 
 1.789591e+00  2.383358e-04 
 1.789988e+00  2.413367e-04 
 1.790386e+00  2.438135e-04 
 1.790784e+00  2.454580e-04 
 1.791181e+00  2.462944e-04 
 1.791579e+00  2.465604e-04 
 1.791977e+00  2.456073e-04 
 1.792374e+00  2.437010e-04 
 1.792772e+00  2.409132e-04 
 1.793170e+00  2.369431e-04 
 1.793568e+00  2.324134e-04 
 1.793965e+00  2.265771e-04 
 1.794363e+00  2.200982e-04 
 1.794761e+00  2.121899e-04 
 1.795158e+00  2.036884e-04 
 1.795556e+00  1.946666e-04 
 1.795954e+00  1.852060e-04 
 1.796351e+00  1.757063e-04 
 1.796749e+00  1.668966e-04 
 1.797147e+00  1.589155e-04 
 1.797544e+00  1.524216e-04 
 1.797942e+00  1.471207e-04 
 1.798340e+00  1.428463e-04 
 1.798738e+00  1.399731e-04 
 1.799135e+00  1.383904e-04 
 1.799533e+00  1.383781e-04 
 1.799931e+00  1.399006e-04 
 1.800328e+00  1.429315e-04 
 1.800726e+00  1.471711e-04 
 1.801124e+00  1.523707e-04 
 1.801521e+00  1.581452e-04 
 1.801919e+00  1.643946e-04 
 1.802317e+00  1.704377e-04 
 1.802715e+00  1.763181e-04 
 1.803112e+00  1.819332e-04 
 1.803510e+00  1.877771e-04 
 1.803908e+00  1.939961e-04 
 1.804305e+00  2.004710e-04 
 1.804703e+00  2.074764e-04 
 1.805101e+00  2.152021e-04 
 1.805498e+00  2.236851e-04 
 1.805896e+00  2.332984e-04 
 1.806294e+00  2.438063e-04 
 1.806691e+00  2.552481e-04 
 1.807089e+00  2.672894e-04 
 1.807487e+00  2.801399e-04 
 1.807885e+00  2.932263e-04 
 1.808282e+00  3.061581e-04 
 1.808680e+00  3.186129e-04 
 1.809078e+00  3.302139e-04 
 1.809475e+00  3.407477e-04 
 1.809873e+00  3.506382e-04 
 1.810271e+00  3.596988e-04 
 1.810668e+00  3.678207e-04 
 1.811066e+00  3.754417e-04 
 1.811464e+00  3.821381e-04 
 1.811862e+00  3.880656e-04 
 1.812259e+00  3.931229e-04 
 1.812657e+00  3.972245e-04 
 1.813055e+00  3.999110e-04 
 1.813452e+00  4.010258e-04 
 1.813850e+00  4.008896e-04 
 1.814248e+00  3.990754e-04 
 1.814645e+00  3.961958e-04 
 1.815043e+00  3.924939e-04 
 1.815441e+00  3.877082e-04 
 1.815838e+00  3.821409e-04 
 1.816236e+00  3.754376e-04 
 1.816634e+00  3.674545e-04 
 1.817032e+00  3.583794e-04 
 1.817429e+00  3.485106e-04 
 1.817827e+00  3.379265e-04 
 1.818225e+00  3.265797e-04 
 1.818622e+00  3.144282e-04 
 1.819020e+00  3.019442e-04 
 1.819418e+00  2.888703e-04 
 1.819815e+00  2.748886e-04 
 1.820213e+00  2.597161e-04 
 1.820611e+00  2.432847e-04 
 1.821009e+00  2.259305e-04 
 1.821406e+00  2.076475e-04 
 1.821804e+00  1.888665e-04 
 1.822202e+00  1.698543e-04 
 1.822599e+00  1.511919e-04 
 1.822997e+00  1.331082e-04 
 1.823395e+00  1.158996e-04 
 1.823792e+00  9.961906e-05 
 1.824190e+00  8.431941e-05 
 1.824588e+00  7.012899e-05 
 1.824985e+00  5.709384e-05 
 1.825383e+00  4.562888e-05 
 1.825781e+00  3.570567e-05 
 1.826179e+00  2.772753e-05 
 1.826576e+00  2.101552e-05 
 1.826974e+00  1.597101e-05 
 1.827372e+00  1.172445e-05 
 1.827769e+00  8.803957e-06 
 1.828167e+00  6.581281e-06 
 1.828565e+00  5.060159e-06 
 1.828962e+00  4.102250e-06 
 1.829360e+00  4.073245e-06 
 1.829758e+00  5.231866e-06 
 1.830156e+00  8.000618e-06 
 1.830553e+00  1.257123e-05 
 1.830951e+00  1.887054e-05 
 1.831349e+00  2.714571e-05 
 1.831746e+00  3.729126e-05 
 1.832144e+00  4.888700e-05 
 1.832542e+00  6.179211e-05 
 1.832939e+00  7.554672e-05 
 1.833337e+00  8.968519e-05 
 1.833735e+00  1.039513e-04 
 1.834132e+00  1.180429e-04 
 1.834530e+00  1.317118e-04 
 1.834928e+00  1.451285e-04 
 1.835326e+00  1.584420e-04 
 1.835723e+00  1.718696e-04 
 1.836121e+00  1.852681e-04 
 1.836519e+00  1.984742e-04 
 1.836916e+00  2.115349e-04 
 1.837314e+00  2.241363e-04 
 1.837712e+00  2.358661e-04 
 1.838109e+00  2.467621e-04 
 1.838507e+00  2.568188e-04 
 1.838905e+00  2.658572e-04 
 1.839303e+00  2.741095e-04 
 1.839700e+00  2.814733e-04 
 1.840098e+00  2.877895e-04 
 1.840496e+00  2.932771e-04 
 1.840893e+00  2.975638e-04 
 1.841291e+00  3.010476e-04 
 1.841689e+00  3.036347e-04 
 1.842086e+00  3.053726e-04 
 1.842484e+00  3.062500e-04 
 1.842882e+00  3.066730e-04 
 1.843279e+00  3.062491e-04 
 1.843677e+00  3.052269e-04 
 1.844075e+00  3.031453e-04 
 1.844473e+00  2.998950e-04 
 1.844870e+00  2.957959e-04 
 1.845268e+00  2.906478e-04 
 1.845666e+00  2.846917e-04 
 1.846063e+00  2.777671e-04 
 1.846461e+00  2.697502e-04 
 1.846859e+00  2.609081e-04 
 1.847256e+00  2.514677e-04 
 1.847654e+00  2.415671e-04 
 1.848052e+00  2.317889e-04 
 1.848450e+00  2.219970e-04 
 1.848847e+00  2.127011e-04 
 1.849245e+00  2.038937e-04 
 1.849643e+00  1.960010e-04 
 1.850040e+00  1.893606e-04 
 1.850438e+00  1.835764e-04 
 1.850836e+00  1.788948e-04 
 1.851233e+00  1.753539e-04 
 1.851631e+00  1.729827e-04 
 1.852029e+00  1.711114e-04 
 1.852426e+00  1.698169e-04 
 1.852824e+00  1.685714e-04 
 1.853222e+00  1.671318e-04 
 1.853620e+00  1.656687e-04 
 1.854017e+00  1.638063e-04 
 1.854415e+00  1.618105e-04 
 1.854813e+00  1.601193e-04 
 1.855210e+00  1.590651e-04 
 1.855608e+00  1.591448e-04 
 1.856006e+00  1.607715e-04 
 1.856403e+00  1.635999e-04 
 1.856801e+00  1.678707e-04 
 1.857199e+00  1.730975e-04 
 1.857597e+00  1.794682e-04 
 1.857994e+00  1.867190e-04 
 1.858392e+00  1.944927e-04 
 1.858790e+00  2.025558e-04 
 1.859187e+00  2.106598e-04 
 1.859585e+00  2.190260e-04 
 1.859983e+00  2.273441e-04 
 1.860380e+00  2.356645e-04 
 1.860778e+00  2.437172e-04 
 1.861176e+00  2.511204e-04 
 1.861573e+00  2.576106e-04 
 1.861971e+00  2.632049e-04 
 1.862369e+00  2.680832e-04 
 1.862767e+00  2.720281e-04 
 1.863164e+00  2.755413e-04 
 1.863562e+00  2.784813e-04 
 1.863960e+00  2.806120e-04 
 1.864357e+00  2.819505e-04 
 1.864755e+00  2.825056e-04 
 1.865153e+00  2.823519e-04 
 1.865550e+00  2.815634e-04 
 1.865948e+00  2.798810e-04 
 1.866346e+00  2.777176e-04 
 1.866744e+00  2.752572e-04 
 1.867141e+00  2.730968e-04 
 1.867539e+00  2.708313e-04 
 1.867937e+00  2.684782e-04 
 1.868334e+00  2.658882e-04 
 1.868732e+00  2.626553e-04 
 1.869130e+00  2.584634e-04 
 1.869527e+00  2.535201e-04 
 1.869925e+00  2.477276e-04 
 1.870323e+00  2.412699e-04 
 1.870720e+00  2.336578e-04 
 1.871118e+00  2.251922e-04 
 1.871516e+00  2.155899e-04 
 1.871914e+00  2.049575e-04 
 1.872311e+00  1.928436e-04 
 1.872709e+00  1.794082e-04 
 1.873107e+00  1.650112e-04 
 1.873504e+00  1.497458e-04 
 1.873902e+00  1.345428e-04 
 1.874300e+00  1.198206e-04 
 1.874697e+00  1.059741e-04 
 1.875095e+00  9.330293e-05 
 1.875493e+00  8.218489e-05 
 1.875891e+00  7.246417e-05 
 1.876288e+00  6.421498e-05 
 1.876686e+00  5.692940e-05 
 1.877084e+00  5.065600e-05 
 1.877481e+00  4.482027e-05 
 1.877879e+00  3.951689e-05 
 1.878277e+00  3.458497e-05 
 1.878674e+00  2.969594e-05 
 1.879072e+00  2.499823e-05 
 1.879470e+00  2.081353e-05 
 1.879867e+00  1.703773e-05 
 1.880265e+00  1.401619e-05 
 1.880663e+00  1.190109e-05 
 1.881061e+00  1.056215e-05 
 1.881458e+00  1.038678e-05 
 1.881856e+00  1.111108e-05 
 1.882254e+00  1.277538e-05 
 1.882651e+00  1.523365e-05 
 1.883049e+00  1.841249e-05 
 1.883447e+00  2.241421e-05 
 1.883844e+00  2.751618e-05 
 1.884242e+00  3.403395e-05 
 1.884640e+00  4.164438e-05 
 1.885038e+00  5.064306e-05 
 1.885435e+00  6.072915e-05 
 1.885833e+00  7.142969e-05 
 1.886231e+00  8.283933e-05 
 1.886628e+00  9.449261e-05 
 1.887026e+00  1.062794e-04 
 1.887424e+00  1.183852e-04 
 1.887821e+00  1.301562e-04 
 1.888219e+00  1.414021e-04 
 1.888617e+00  1.524365e-04 
 1.889014e+00  1.627688e-04 
 1.889412e+00  1.720151e-04 
 1.889810e+00  1.802330e-04 
 1.890208e+00  1.868496e-04 
 1.890605e+00  1.921840e-04 
 1.891003e+00  1.961102e-04 
 1.891401e+00  1.993067e-04 
 1.891798e+00  2.020133e-04 
 1.892196e+00  2.043982e-04 
 1.892594e+00  2.067770e-04 
 1.892991e+00  2.090682e-04 
 1.893389e+00  2.115223e-04 
 1.893787e+00  2.145653e-04 
 1.894185e+00  2.179850e-04 
 1.894582e+00  2.213406e-04 
 1.894980e+00  2.251739e-04 
 1.895378e+00  2.289725e-04 
 1.895775e+00  2.325436e-04 
 1.896173e+00  2.354590e-04 
 1.896571e+00  2.375320e-04 
 1.896968e+00  2.383910e-04 
 1.897366e+00  2.381714e-04 
 1.897764e+00  2.364266e-04 
 1.898161e+00  2.335350e-04 
 1.898559e+00  2.294559e-04 
 1.898957e+00  2.245025e-04 
 1.899355e+00  2.191323e-04 
 1.899752e+00  2.136304e-04 
 1.900150e+00  2.085122e-04 
 1.900548e+00  2.036645e-04 
 1.900945e+00  1.994286e-04 
 1.901343e+00  1.956219e-04 
 1.901741e+00  1.924598e-04 
 1.902138e+00  1.898602e-04 
 1.902536e+00  1.875221e-04 
 1.902934e+00  1.852333e-04 
 1.903332e+00  1.830442e-04 
 1.903729e+00  1.806785e-04 
 1.904127e+00  1.782070e-04 
 1.904525e+00  1.754352e-04 
 1.904922e+00  1.724287e-04 
 1.905320e+00  1.691940e-04 
 1.905718e+00  1.656253e-04 
 1.906115e+00  1.621796e-04 
 1.906513e+00  1.584214e-04 
 1.906911e+00  1.548196e-04 
 1.907308e+00  1.515032e-04 
 1.907706e+00  1.485531e-04 
 1.908104e+00  1.457721e-04 
 1.908502e+00  1.429683e-04 
 1.908899e+00  1.401402e-04 
 1.909297e+00  1.376157e-04 
 1.909695e+00  1.352645e-04 
 1.910092e+00  1.331734e-04 
 1.910490e+00  1.313111e-04 
 1.910888e+00  1.302648e-04 
 1.911285e+00  1.298116e-04 
 1.911683e+00  1.301916e-04 
 1.912081e+00  1.316776e-04 
 1.912479e+00  1.339765e-04 
 1.912876e+00  1.369935e-04 
 1.913274e+00  1.403449e-04 
 1.913672e+00  1.439690e-04 
 1.914069e+00  1.475449e-04 
 1.914467e+00  1.511642e-04 
 1.914865e+00  1.542580e-04 
 1.915262e+00  1.571646e-04 
 1.915660e+00  1.596477e-04 
 1.916058e+00  1.613755e-04 
 1.916455e+00  1.619637e-04 
 1.916853e+00  1.614985e-04 
 1.917251e+00  1.598731e-04 
 1.917649e+00  1.573229e-04 
 1.918046e+00  1.538157e-04 
 1.918444e+00  1.498840e-04 
 1.918842e+00  1.458016e-04 
 1.919239e+00  1.423802e-04 
 1.919637e+00  1.399920e-04 
 1.920035e+00  1.383404e-04 
 1.920432e+00  1.376712e-04 
 1.920830e+00  1.370648e-04 
 1.921228e+00  1.367731e-04 
 1.921626e+00  1.362138e-04 
 1.922023e+00  1.350318e-04 
 1.922421e+00  1.335094e-04 
 1.922819e+00  1.313588e-04 
 1.923216e+00  1.288236e-04 
 1.923614e+00  1.259392e-04 
 1.924012e+00  1.227937e-04 
 1.924409e+00  1.194536e-04 
 1.924807e+00  1.157588e-04 
 1.925205e+00  1.122886e-04 
 1.925602e+00  1.091446e-04 
 1.926000e+00  1.063825e-04 
 1.926398e+00  1.041537e-04 
 1.926796e+00  1.023167e-04 
 1.927193e+00  1.013180e-04 
 1.927591e+00  1.009852e-04 
 1.927989e+00  1.011734e-04 
 1.928386e+00  1.017764e-04 
 1.928784e+00  1.030718e-04 
 1.929182e+00  1.046664e-04 
 1.929579e+00  1.067282e-04 
 1.929977e+00  1.093119e-04 
 1.930375e+00  1.120482e-04 
 1.930773e+00  1.149052e-04 
 1.931170e+00  1.179617e-04 
 1.931568e+00  1.208860e-04 
 1.931966e+00  1.236104e-04 
 1.932363e+00  1.262570e-04 
 1.932761e+00  1.289134e-04 
 1.933159e+00  1.314964e-04 
 1.933556e+00  1.339935e-04 
 1.933954e+00  1.359112e-04 
 1.934352e+00  1.372542e-04 
 1.934749e+00  1.379575e-04 
 1.935147e+00  1.379768e-04 
 1.935545e+00  1.376893e-04 
 1.935943e+00  1.370921e-04 
 1.936340e+00  1.365031e-04 
 1.936738e+00  1.360451e-04 
 1.937136e+00  1.355424e-04 
 1.937533e+00  1.355606e-04 
 1.937931e+00  1.357143e-04 
 1.938329e+00  1.358187e-04 
 1.938726e+00  1.359348e-04 
 1.939124e+00  1.361229e-04 
 1.939522e+00  1.366446e-04 
 1.939920e+00  1.376096e-04 
 1.940317e+00  1.385791e-04 
 1.940715e+00  1.396433e-04 
 1.941113e+00  1.407111e-04 
 1.941510e+00  1.414126e-04 
 1.941908e+00  1.414731e-04 
 1.942306e+00  1.408998e-04 
 1.942703e+00  1.396319e-04 
 1.943101e+00  1.382325e-04 
 1.943499e+00  1.373179e-04 
 1.943896e+00  1.367988e-04 
 1.944294e+00  1.371078e-04 
 1.944692e+00  1.382204e-04 
 1.945090e+00  1.403744e-04 
 1.945487e+00  1.430853e-04 
 1.945885e+00  1.463353e-04 
 1.946283e+00  1.499705e-04 
 1.946680e+00  1.536393e-04 
 1.947078e+00  1.575317e-04 
 1.947476e+00  1.614195e-04 
 1.947873e+00  1.655604e-04 
 1.948271e+00  1.695219e-04 
 1.948669e+00  1.733306e-04 
 1.949067e+00  1.768874e-04 
 1.949464e+00  1.802869e-04 
 1.949862e+00  1.832560e-04 
 1.950260e+00  1.859109e-04 
 1.950657e+00  1.887264e-04 
 1.951055e+00  1.916501e-04 
 1.951453e+00  1.950981e-04 
 1.951850e+00  1.988281e-04 
 1.952248e+00  2.029887e-04 
 1.952646e+00  2.074741e-04 
 1.953043e+00  2.123969e-04 
 1.953441e+00  2.175257e-04 
 1.953839e+00  2.228548e-04 
 1.954237e+00  2.282391e-04 
 1.954634e+00  2.339236e-04 
 1.955032e+00  2.398829e-04 
 1.955430e+00  2.464195e-04 
 1.955827e+00  2.528615e-04 
 1.956225e+00  2.593705e-04 
 1.956623e+00  2.655744e-04 
 1.957020e+00  2.710143e-04 
 1.957418e+00  2.755587e-04 
 1.957816e+00  2.794459e-04 
 1.958214e+00  2.823226e-04 
 1.958611e+00  2.845954e-04 
 1.959009e+00  2.861498e-04 
 1.959407e+00  2.869873e-04 
 1.959804e+00  2.870567e-04 
 1.960202e+00  2.863828e-04 
 1.960600e+00  2.848997e-04 
 1.960997e+00  2.827177e-04 
 1.961395e+00  2.800694e-04 
 1.961793e+00  2.770077e-04 
 1.962190e+00  2.737317e-04 
 1.962588e+00  2.702464e-04 
 1.962986e+00  2.669663e-04 
 1.963384e+00  2.638646e-04 
 1.963781e+00  2.608236e-04 
 1.964179e+00  2.575315e-04 
 1.964577e+00  2.538217e-04 
 1.964974e+00  2.492688e-04 
 1.965372e+00  2.439154e-04 
 1.965770e+00  2.372026e-04 
 1.966167e+00  2.290142e-04 
 1.966565e+00  2.191132e-04 
 1.966963e+00  2.077709e-04 
 1.967361e+00  1.952036e-04 
 1.967758e+00  1.819046e-04 
 1.968156e+00  1.681181e-04 
 1.968554e+00  1.544288e-04 
 1.968951e+00  1.411425e-04 
 1.969349e+00  1.281011e-04 
 1.969747e+00  1.159907e-04 
 1.970144e+00  1.044727e-04 
 1.970542e+00  9.372266e-05 
 1.970940e+00  8.406898e-05 
 1.971337e+00  7.611221e-05 
 1.971735e+00  6.957177e-05 
 1.972133e+00  6.431948e-05 
 1.972531e+00  6.025961e-05 
 1.972928e+00  5.724293e-05 
 1.973326e+00  5.501128e-05 
 1.973724e+00  5.338534e-05 
 1.974121e+00  5.183632e-05 
 1.974519e+00  5.035717e-05 
 1.974917e+00  4.902197e-05 
 1.975314e+00  4.788544e-05 
 1.975712e+00  4.693823e-05 
 1.976110e+00  4.635113e-05 
 1.976508e+00  4.612248e-05 
 1.976905e+00  4.643429e-05 
 1.977303e+00  4.715141e-05 
 1.977701e+00  4.851012e-05 
 1.978098e+00  5.038730e-05 
 1.978496e+00  5.307844e-05 
 1.978894e+00  5.649685e-05 
 1.979291e+00  6.041164e-05 
 1.979689e+00  6.483500e-05 
 1.980087e+00  6.990027e-05 
 1.980484e+00  7.581696e-05 
 1.980882e+00  8.263092e-05 
 1.981280e+00  9.035041e-05 
 1.981678e+00  9.889879e-05 
 1.982075e+00  1.083709e-04 
 1.982473e+00  1.183150e-04 
 1.982871e+00  1.284814e-04 
 1.983268e+00  1.387666e-04 
 1.983666e+00  1.487500e-04 
 1.984064e+00  1.579547e-04 
 1.984461e+00  1.664247e-04 
 1.984859e+00  1.738385e-04 
 1.985257e+00  1.800109e-04 
 1.985655e+00  1.847435e-04 
 1.986052e+00  1.881164e-04 
 1.986450e+00  1.897168e-04 
 1.986848e+00  1.903377e-04 
 1.987245e+00  1.903249e-04 
 1.987643e+00  1.896389e-04 
 1.988041e+00  1.890179e-04 
 1.988438e+00  1.885088e-04 
 1.988836e+00  1.884376e-04 
 1.989234e+00  1.891278e-04 
 1.989631e+00  1.904232e-04 
 1.990029e+00  1.918219e-04 
 1.990427e+00  1.932365e-04 
 1.990825e+00  1.943347e-04 
 1.991222e+00  1.946257e-04 
 1.991620e+00  1.943156e-04 
 1.992018e+00  1.932446e-04 
 1.992415e+00  1.912790e-04 
 1.992813e+00  1.881990e-04 
 1.993211e+00  1.841703e-04 
 1.993608e+00  1.791372e-04 
 1.994006e+00  1.729060e-04 
 1.994404e+00  1.653740e-04 
 1.994801e+00  1.569335e-04 
 1.995199e+00  1.480259e-04 
 1.995597e+00  1.390017e-04 
 1.995995e+00  1.302266e-04 
 1.996392e+00  1.220719e-04 
 1.996790e+00  1.148037e-04 
 1.997188e+00  1.086984e-04 
 1.997585e+00  1.035858e-04 
 1.997983e+00  9.926292e-05 
 1.998381e+00  9.546799e-05 
 1.998778e+00  9.218906e-05 
 1.999176e+00  8.979870e-05 
 1.999574e+00  8.813408e-05 
 1.999972e+00  8.714963e-05 
 2.000369e+00  8.690215e-05 
 2.000767e+00  8.727166e-05 
 2.001165e+00  8.797442e-05 
 2.001562e+00  8.894969e-05 
 2.001960e+00  9.026703e-05 
 2.002358e+00  9.158366e-05 
 2.002755e+00  9.310145e-05 
 2.003153e+00  9.495717e-05 
 2.003551e+00  9.680496e-05 
 2.003948e+00  9.899286e-05 
 2.004346e+00  1.012640e-04 
 2.004744e+00  1.033687e-04 
 2.005142e+00  1.055880e-04 
 2.005539e+00  1.078964e-04 
 2.005937e+00  1.105020e-04 
 2.006335e+00  1.134928e-04 
 2.006732e+00  1.175481e-04 
 2.007130e+00  1.225745e-04 
 2.007528e+00  1.286734e-04 
 2.007925e+00  1.358330e-04 
 2.008323e+00  1.436373e-04 
 2.008721e+00  1.520217e-04 
 2.009119e+00  1.603315e-04 
 2.009516e+00  1.684799e-04 
 2.009914e+00  1.761768e-04 
 2.010312e+00  1.831344e-04 
 2.010709e+00  1.890855e-04 
 2.011107e+00  1.939522e-04 
 2.011505e+00  1.978300e-04 
 2.011902e+00  2.003511e-04 
 2.012300e+00  2.018828e-04 
 2.012698e+00  2.021796e-04 
 2.013095e+00  2.015749e-04 
 2.013493e+00  2.000752e-04 
 2.013891e+00  1.978620e-04 
 2.014289e+00  1.952031e-04 
 2.014686e+00  1.920158e-04 
 2.015084e+00  1.884634e-04 
 2.015482e+00  1.845681e-04 
 2.015879e+00  1.803347e-04 
 2.016277e+00  1.761098e-04 
 2.016675e+00  1.718106e-04 
 2.017072e+00  1.675547e-04 
 2.017470e+00  1.633271e-04 
 2.017868e+00  1.586691e-04 
 2.018266e+00  1.532595e-04 
 2.018663e+00  1.474273e-04 
 2.019061e+00  1.405049e-04 
 2.019459e+00  1.326737e-04 
 2.019856e+00  1.236767e-04 
 2.020254e+00  1.139828e-04 
 2.020652e+00  1.036916e-04 
 2.021049e+00  9.339371e-05 
 2.021447e+00  8.317534e-05 
 2.021845e+00  7.301727e-05 
 2.022242e+00  6.286888e-05 
 2.022640e+00  5.273219e-05 
 2.023038e+00  4.286824e-05 
 2.023436e+00  3.348084e-05 
 2.023833e+00  2.469423e-05 
 2.024231e+00  1.697157e-05 
 2.024629e+00  1.008469e-05 
 2.025026e+00  4.311211e-06 
 2.025424e+00 -3.308585e-07 
 2.025822e+00 -3.525373e-06 
 2.026219e+00 -5.568667e-06 
 2.026617e+00 -6.737478e-06 
 2.027015e+00 -7.212167e-06 
 2.027413e+00 -6.898469e-06 
 2.027810e+00 -6.003703e-06 
 2.028208e+00 -4.595791e-06 
 2.028606e+00 -2.975857e-06 
 2.029003e+00 -1.064767e-06 
 2.029401e+00  1.039707e-06 
 2.029799e+00  3.542481e-06 
 2.030196e+00  6.259652e-06 
 2.030594e+00  9.555156e-06 
 2.030992e+00  1.331046e-05 
 2.031389e+00  1.771732e-05 
 2.031787e+00  2.258833e-05 
 2.032185e+00  2.811022e-05 
 2.032583e+00  3.446195e-05 
 2.032980e+00  4.165017e-05 
 2.033378e+00  4.989010e-05 
 2.033776e+00  5.863929e-05 
 2.034173e+00  6.778041e-05 
 2.034571e+00  7.700676e-05 
 2.034969e+00  8.600769e-05 
 2.035366e+00  9.504851e-05 
 2.035764e+00  1.036575e-04 
 2.036162e+00  1.122224e-04 
 2.036560e+00  1.205393e-04 
 2.036957e+00  1.287230e-04 
 2.037355e+00  1.368871e-04 
 2.037753e+00  1.448941e-04 
 2.038150e+00  1.527746e-04 
 2.038548e+00  1.601948e-04 
 2.038946e+00  1.674357e-04 
 2.039343e+00  1.743018e-04 
 2.039741e+00  1.810225e-04 
 2.040139e+00  1.875882e-04 
 2.040536e+00  1.938586e-04 
 2.040934e+00  1.999376e-04 
 2.041332e+00  2.057831e-04 
 2.041730e+00  2.109963e-04 
 2.042127e+00  2.156477e-04 
 2.042525e+00  2.191768e-04 
 2.042923e+00  2.219710e-04 
 2.043320e+00  2.239586e-04 
 2.043718e+00  2.248572e-04 
 2.044116e+00  2.252521e-04 
 2.044513e+00  2.247167e-04 
 2.044911e+00  2.233563e-04 
 2.045309e+00  2.212602e-04 
 2.045707e+00  2.183416e-04 
 2.046104e+00  2.144687e-04 
 2.046502e+00  2.101758e-04 
 2.046900e+00  2.051826e-04 
 2.047297e+00  1.997167e-04 
 2.047695e+00  1.940006e-04 
 2.048093e+00  1.884196e-04 
 2.048490e+00  1.830301e-04 
 2.048888e+00  1.775407e-04 
 2.049286e+00  1.722518e-04 
 2.049683e+00  1.674301e-04 
 2.050081e+00  1.626362e-04 
 2.050479e+00  1.582966e-04 
 2.050877e+00  1.545193e-04 
 2.051274e+00  1.514115e-04 
 2.051672e+00  1.490104e-04 
 2.052070e+00  1.471180e-04 
 2.052467e+00  1.457625e-04 
 2.052865e+00  1.446929e-04 
 2.053263e+00  1.435718e-04 
 2.053660e+00  1.421114e-04 
 2.054058e+00  1.404499e-04 
 2.054456e+00  1.386283e-04 
 2.054854e+00  1.368865e-04 
 2.055251e+00  1.354217e-04 
 2.055649e+00  1.344797e-04 
 2.056047e+00  1.343453e-04 
 2.056444e+00  1.350212e-04 
 2.056842e+00  1.366231e-04 
 2.057240e+00  1.392724e-04 
 2.057637e+00  1.429079e-04 
 2.058035e+00  1.474016e-04 
 2.058433e+00  1.528195e-04 
 2.058830e+00  1.589345e-04 
 2.059228e+00  1.657340e-04 
 2.059626e+00  1.728520e-04 
 2.060024e+00  1.800228e-04 
 2.060421e+00  1.865599e-04 
 2.060819e+00  1.923058e-04 
 2.061217e+00  1.971731e-04 
 2.061614e+00  2.007958e-04 
 2.062012e+00  2.030937e-04 
 2.062410e+00  2.044559e-04 
 2.062807e+00  2.046644e-04 
 2.063205e+00  2.037887e-04 
 2.063603e+00  2.014908e-04 
 2.064001e+00  1.982500e-04 
 2.064398e+00  1.939430e-04 
 2.064796e+00  1.891252e-04 
 2.065194e+00  1.841196e-04 
 2.065591e+00  1.790305e-04 
 2.065989e+00  1.740491e-04 
 2.066387e+00  1.693632e-04 
 2.066784e+00  1.652599e-04 
 2.067182e+00  1.614853e-04 
 2.067580e+00  1.577865e-04 
 2.067977e+00  1.541416e-04 
 2.068375e+00  1.504640e-04 
 2.068773e+00  1.466117e-04 
 2.069171e+00  1.426688e-04 
 2.069568e+00  1.385969e-04 
 2.069966e+00  1.344395e-04 
 2.070364e+00  1.297063e-04 
 2.070761e+00  1.242480e-04 
 2.071159e+00  1.178612e-04 
 2.071557e+00  1.107883e-04 
 2.071954e+00  1.031363e-04 
 2.072352e+00  9.479858e-05 
 2.072750e+00  8.600192e-05 
 2.073148e+00  7.734045e-05 
 2.073545e+00  6.877946e-05 
 2.073943e+00  6.046262e-05 
 2.074341e+00  5.263247e-05 
 2.074738e+00  4.547307e-05 
 2.075136e+00  3.896789e-05 
 2.075534e+00  3.298811e-05 
 2.075931e+00  2.809684e-05 
 2.076329e+00  2.441198e-05 
 2.076727e+00  2.174581e-05 
 2.077124e+00  2.039275e-05 
 2.077522e+00  1.983010e-05 
 2.077920e+00  2.032367e-05 
 2.078318e+00  2.165918e-05 
 2.078715e+00  2.369719e-05 
 2.079113e+00  2.612343e-05 
 2.079511e+00  2.858252e-05 
 2.079908e+00  3.100662e-05 
 2.080306e+00  3.315231e-05 
 2.080704e+00  3.539608e-05 
 2.081101e+00  3.740152e-05 
 2.081499e+00  3.937760e-05 
 2.081897e+00  4.159844e-05 
 2.082295e+00  4.419140e-05 
 2.082692e+00  4.760058e-05 
 2.083090e+00  5.184199e-05 
 2.083488e+00  5.707761e-05 
 2.083885e+00  6.343203e-05 
 2.084283e+00  7.102937e-05 
 2.084681e+00  7.953991e-05 
 2.085078e+00  8.928185e-05 
 2.085476e+00  9.999804e-05 
 2.085874e+00  1.112721e-04 
 2.086271e+00  1.231309e-04 
 2.086669e+00  1.354048e-04 
 2.087067e+00  1.476979e-04 
 2.087465e+00  1.598268e-04 
 2.087862e+00  1.713029e-04 
 2.088260e+00  1.819763e-04 
 2.088658e+00  1.916585e-04 
 2.089055e+00  2.001681e-04 
 2.089453e+00  2.070958e-04 
 2.089851e+00  2.120249e-04 
 2.090248e+00  2.154202e-04 
 2.090646e+00  2.171802e-04 
 2.091044e+00  2.176476e-04 
 2.091442e+00  2.170625e-04 
 2.091839e+00  2.157197e-04 
 2.092237e+00  2.139169e-04 
 2.092635e+00  2.116994e-04 
 2.093032e+00  2.089385e-04 
 2.093430e+00  2.059564e-04 
 2.093828e+00  2.025167e-04 
 2.094225e+00  1.985791e-04 
 2.094623e+00  1.941584e-04 
 2.095021e+00  1.894065e-04 
 2.095418e+00  1.845960e-04 
 2.095816e+00  1.796469e-04 
 2.096214e+00  1.743975e-04 
 2.096612e+00  1.691668e-04 
 2.097009e+00  1.632955e-04 
 2.097407e+00  1.564329e-04 
 2.097805e+00  1.486860e-04 
 2.098202e+00  1.397561e-04 
 2.098600e+00  1.300220e-04 
 2.098998e+00  1.194581e-04 
 2.099395e+00  1.082933e-04 
 2.099793e+00  9.732895e-05 
 2.100191e+00  8.677541e-05 
 2.100589e+00  7.701001e-05 
 2.100986e+00  6.837539e-05 
 2.101384e+00  6.097783e-05 
 2.101782e+00  5.492624e-05 
 2.102179e+00  4.976964e-05 
 2.102577e+00  4.592736e-05 
 2.102975e+00  4.299360e-05 
 2.103372e+00  4.115508e-05 
 2.103770e+00  4.019789e-05 
 2.104168e+00  4.004767e-05 
 2.104565e+00  4.064451e-05 
 2.104963e+00  4.147631e-05 
 2.105361e+00  4.272051e-05 
 2.105759e+00  4.414916e-05 
 2.106156e+00  4.571847e-05 
 2.106554e+00  4.740666e-05 
 2.106952e+00  4.924508e-05 
 2.107349e+00  5.103977e-05 
 2.107747e+00  5.309184e-05 
 2.108145e+00  5.521972e-05 
 2.108542e+00  5.749236e-05 
 2.108940e+00  5.981862e-05 
 2.109338e+00  6.196416e-05 
 2.109736e+00  6.404816e-05 
 2.110133e+00  6.643525e-05 
 2.110531e+00  6.972698e-05 
 2.110929e+00  7.380174e-05 
 2.111326e+00  7.872431e-05 
 2.111724e+00  8.416170e-05 
 2.112122e+00  9.020823e-05 
 2.112519e+00  9.657949e-05 
 2.112917e+00  1.033539e-04 
 2.113315e+00  1.100720e-04 
 2.113712e+00  1.167194e-04 
 2.114110e+00  1.229616e-04 
 2.114508e+00  1.289014e-04 
 2.114906e+00  1.341195e-04 
 2.115303e+00  1.384376e-04 
 2.115701e+00  1.418005e-04 
 2.116099e+00  1.438943e-04 
 2.116496e+00  1.444417e-04 
 2.116894e+00  1.436172e-04 
 2.117292e+00  1.415472e-04 
 2.117689e+00  1.382671e-04 
 2.118087e+00  1.337854e-04 
 2.118485e+00  1.280015e-04 
 2.118883e+00  1.213772e-04 
 2.119280e+00  1.139549e-04 
 2.119678e+00  1.060821e-04 
 2.120076e+00  9.819253e-05 
 2.120473e+00  9.069988e-05 
 2.120871e+00  8.369403e-05 
 2.121269e+00  7.705352e-05 
 2.121666e+00  7.072439e-05 
 2.122064e+00  6.440934e-05 
 2.122462e+00  5.761055e-05 
 2.122859e+00  4.979840e-05 
 2.123257e+00  4.064222e-05 
 2.123655e+00  3.034177e-05 
 2.124053e+00  1.902437e-05 
 2.124450e+00  7.247214e-06 
 2.124848e+00 -4.387224e-06 
 2.125246e+00 -1.580126e-05 
 2.125643e+00 -2.677161e-05 
 2.126041e+00 -3.692720e-05 
 2.126439e+00 -4.659662e-05 
 2.126836e+00 -5.565558e-05 
 2.127234e+00 -6.415298e-05 
 2.127632e+00 -7.208964e-05 
 2.128030e+00 -7.904022e-05 
 2.128427e+00 -8.448435e-05 
 2.128825e+00 -8.835757e-05 
 2.129223e+00 -9.029513e-05 
 2.129620e+00 -9.068944e-05 
 2.130018e+00 -8.945775e-05 
 2.130416e+00 -8.712577e-05 
 2.130813e+00 -8.388292e-05 
 2.131211e+00 -8.001340e-05 
 2.131609e+00 -7.562183e-05 
 2.132006e+00 -7.096697e-05 
 2.132404e+00 -6.544852e-05 
 2.132802e+00 -5.913250e-05 
 2.133200e+00 -5.193435e-05 
 2.133597e+00 -4.386746e-05 
 2.133995e+00 -3.501181e-05 
 2.134393e+00 -2.520249e-05 
 2.134790e+00 -1.471365e-05 
 2.135188e+00 -3.617257e-06 
 2.135586e+00  7.777208e-06 
 2.135983e+00  1.975232e-05 
 2.136381e+00  3.189863e-05 
 2.136779e+00  4.452252e-05 
 2.137177e+00  5.713594e-05 
 2.137574e+00  7.002140e-05 
 2.137972e+00  8.291420e-05 
 2.138370e+00  9.571456e-05 
 2.138767e+00  1.082982e-04 
 2.139165e+00  1.206804e-04 
 2.139563e+00  1.328586e-04 
 2.139960e+00  1.443624e-04 
 2.140358e+00  1.553762e-04 
 2.140756e+00  1.654639e-04 
 2.141153e+00  1.747483e-04 
 2.141551e+00  1.826942e-04 
 2.141949e+00  1.892889e-04 
 2.142347e+00  1.946391e-04 
 2.142744e+00  1.987636e-04 
 2.143142e+00  2.017776e-04 
 2.143540e+00  2.039260e-04 
 2.143937e+00  2.050287e-04 
 2.144335e+00  2.058608e-04 
 2.144733e+00  2.061589e-04 
 2.145130e+00  2.061416e-04 
 2.145528e+00  2.061208e-04 
 2.145926e+00  2.057604e-04 
 2.146324e+00  2.050706e-04 
 2.146721e+00  2.037783e-04 
 2.147119e+00  2.018012e-04 
 2.147517e+00  1.989976e-04 
 2.147914e+00  1.951940e-04 
 2.148312e+00  1.903588e-04 
 2.148710e+00  1.843715e-04 
 2.149107e+00  1.772287e-04 
 2.149505e+00  1.692732e-04 
 2.149903e+00  1.604222e-04 
 2.150300e+00  1.507379e-04 
 2.150698e+00  1.404312e-04 
 2.151096e+00  1.293787e-04 
 2.151494e+00  1.178973e-04 
 2.151891e+00  1.064671e-04 
 2.152289e+00  9.545534e-05 
 2.152687e+00  8.536104e-05 
 2.153084e+00  7.594501e-05 
 2.153482e+00  6.758495e-05 
 2.153880e+00  6.035017e-05 
 2.154277e+00  5.379611e-05 
 2.154675e+00  4.830272e-05 
 2.155073e+00  4.358623e-05 
 2.155471e+00  3.967456e-05 
 2.155868e+00  3.630679e-05 
 2.156266e+00  3.403278e-05 
 2.156664e+00  3.284635e-05 
 2.157061e+00  3.249086e-05 
 2.157459e+00  3.292645e-05 
 2.157857e+00  3.385998e-05 
 2.158254e+00  3.531026e-05 
 2.158652e+00  3.734379e-05 
 2.159050e+00  3.953122e-05 
 2.159447e+00  4.209227e-05 
 2.159845e+00  4.517291e-05 
 2.160243e+00  4.846955e-05 
 2.160641e+00  5.233058e-05 
 2.161038e+00  5.628448e-05 
 2.161436e+00  6.121325e-05 
 2.161834e+00  6.672006e-05 
 2.162231e+00  7.283079e-05 
 2.162629e+00  7.942391e-05 
 2.163027e+00  8.719025e-05 
 2.163424e+00  9.583394e-05 
 2.163822e+00  1.048808e-04 
 2.164220e+00  1.142249e-04 
 2.164618e+00  1.238812e-04 
 2.165015e+00  1.336193e-04 
 2.165413e+00  1.434697e-04 
 2.165811e+00  1.529224e-04 
 2.166208e+00  1.617164e-04 
 2.166606e+00  1.697041e-04 
 2.167004e+00  1.758733e-04 
 2.167401e+00  1.807622e-04 
 2.167799e+00  1.839906e-04 
 2.168197e+00  1.856867e-04 
 2.168594e+00  1.856952e-04 
 2.168992e+00  1.843714e-04 
 2.169390e+00  1.821220e-04 
 2.169788e+00  1.794362e-04 
 2.170185e+00  1.767662e-04 
 2.170583e+00  1.740230e-04 
 2.170981e+00  1.711476e-04 
 2.171378e+00  1.681554e-04 
 2.171776e+00  1.648923e-04 
 2.172174e+00  1.616625e-04 
 2.172571e+00  1.585563e-04 
 2.172969e+00  1.554538e-04 
 2.173367e+00  1.525337e-04 
 2.173765e+00  1.490566e-04 
 2.174162e+00  1.450324e-04 
 2.174560e+00  1.405626e-04 
 2.174958e+00  1.351073e-04 
 2.175355e+00  1.284635e-04 
 2.175753e+00  1.204605e-04 
 2.176151e+00  1.114206e-04 
 2.176548e+00  1.015229e-04 
 2.176946e+00  9.150481e-05 
 2.177344e+00  8.172082e-05 
 2.177741e+00  7.195916e-05 
 2.178139e+00  6.272918e-05 
 2.178537e+00  5.382965e-05 
 2.178935e+00  4.562974e-05 
 2.179332e+00  3.783688e-05 
 2.179730e+00  3.021027e-05 
 2.180128e+00  2.342999e-05 
 2.180525e+00  1.785766e-05 
 2.180923e+00  1.372875e-05 
 2.181321e+00  1.123559e-05 
 2.181718e+00  1.026944e-05 
 2.182116e+00  1.096957e-05 
 2.182514e+00  1.280669e-05 
 2.182912e+00  1.562640e-05 
 2.183309e+00  1.948802e-05 
 2.183707e+00  2.425500e-05 
 2.184105e+00  2.949374e-05 
 2.184502e+00  3.526677e-05 
 2.184900e+00  4.134973e-05 
 2.185298e+00  4.805323e-05 
 2.185695e+00  5.473635e-05 
 2.186093e+00  6.125662e-05 
 2.186491e+00  6.759991e-05 
 2.186888e+00  7.367567e-05 
 2.187286e+00  7.973590e-05 
 2.187684e+00  8.594997e-05 
 2.188082e+00  9.286188e-05 
 2.188479e+00  1.005676e-04 
 2.188877e+00  1.092500e-04 
 2.189275e+00  1.188408e-04 
 2.189672e+00  1.295691e-04 
 2.190070e+00  1.419429e-04 
 2.190468e+00  1.551828e-04 
 2.190865e+00  1.692430e-04 
 2.191263e+00  1.839121e-04 
 2.191661e+00  1.982258e-04 
 2.192059e+00  2.116996e-04 
 2.192456e+00  2.239181e-04 
 2.192854e+00  2.343238e-04 
 2.193252e+00  2.428475e-04 
 2.193649e+00  2.493294e-04 
 2.194047e+00  2.539817e-04 
 2.194445e+00  2.570525e-04 
 2.194842e+00  2.589865e-04 
 2.195240e+00  2.598483e-04 
 2.195638e+00  2.599491e-04 
 2.196035e+00  2.592625e-04 
 2.196433e+00  2.579201e-04 
 2.196831e+00  2.561382e-04 
 2.197229e+00  2.537826e-04 
 2.197626e+00  2.513618e-04 
 2.198024e+00  2.487877e-04 
 2.198422e+00  2.460787e-04 
 2.198819e+00  2.431770e-04 
 2.199217e+00  2.398855e-04 
 2.199615e+00  2.359960e-04 
 2.200012e+00  2.316532e-04 
 2.200410e+00  2.266052e-04 
 2.200808e+00  2.204337e-04 
 2.201206e+00  2.131972e-04 
 2.201603e+00  2.052599e-04 
 2.202001e+00  1.969019e-04 
 2.202399e+00  1.882892e-04 
 2.202796e+00  1.793636e-04 
 2.203194e+00  1.703105e-04 
 2.203592e+00  1.606255e-04 
 2.203989e+00  1.509298e-04 
 2.204387e+00  1.411805e-04 
 2.204785e+00  1.313995e-04 
 2.205182e+00  1.220327e-04 
 2.205580e+00  1.129262e-04 
 2.205978e+00  1.044275e-04 
 2.206376e+00  9.663157e-05 
 2.206773e+00  8.972821e-05 
 2.207171e+00  8.390843e-05 
 2.207569e+00  7.923003e-05 
 2.207966e+00  7.555401e-05 
 2.208364e+00  7.320639e-05 
 2.208762e+00  7.241150e-05 
 2.209159e+00  7.298437e-05 
 2.209557e+00  7.462591e-05 
 2.209955e+00  7.723783e-05 
 2.210353e+00  8.047109e-05 
 2.210750e+00  8.448202e-05 
 2.211148e+00  8.827404e-05 
 2.211546e+00  9.190849e-05 
 2.211943e+00  9.521385e-05 
 2.212341e+00  9.748299e-05 
 2.212739e+00  9.942082e-05 
 2.213136e+00  1.007165e-04 
 2.213534e+00  1.018704e-04 
 2.213932e+00  1.030882e-04 
 2.214329e+00  1.044642e-04 
 2.214727e+00  1.064853e-04 
 2.215125e+00  1.094680e-04 
 2.215523e+00  1.133047e-04 
 2.215920e+00  1.180072e-04 
 2.216318e+00  1.232150e-04 
 2.216716e+00  1.286702e-04 
 2.217113e+00  1.341512e-04 
 2.217511e+00  1.397073e-04 
 2.217909e+00  1.450060e-04 
 2.218306e+00  1.498279e-04 
 2.218704e+00  1.538232e-04 
 2.219102e+00  1.566663e-04 
 2.219500e+00  1.580074e-04 
 2.219897e+00  1.580853e-04 
 2.220295e+00  1.568946e-04 
 2.220693e+00  1.543141e-04 
 2.221090e+00  1.503889e-04 
 2.221488e+00  1.454911e-04 
 2.221886e+00  1.396422e-04 
 2.222283e+00  1.335746e-04 
 2.222681e+00  1.276021e-04 
 2.223079e+00  1.214051e-04 
 2.223476e+00  1.151942e-04 
 2.223874e+00  1.087231e-04 
 2.224272e+00  1.024500e-04 
 2.224670e+00  9.606963e-05 
 2.225067e+00  8.947123e-05 
 2.225465e+00  8.281122e-05 
 2.225863e+00  7.579212e-05 
 2.226260e+00  6.855975e-05 
 2.226658e+00  6.129779e-05 
 2.227056e+00  5.399171e-05 
 2.227453e+00  4.683497e-05 
 2.227851e+00  3.975642e-05 
 2.228249e+00  3.260359e-05 
 2.228647e+00  2.576098e-05 
 2.229044e+00  1.904040e-05 
 2.229442e+00  1.309493e-05 
 2.229840e+00  7.602872e-06 
 2.230237e+00  2.359353e-06 
 2.230635e+00 -2.450396e-06 
 2.231033e+00 -7.024729e-06 
 2.231430e+00 -1.123851e-05 
 2.231828e+00 -1.485437e-05 
 2.232226e+00 -1.761295e-05 
 2.232623e+00 -1.931584e-05 
 2.233021e+00 -1.984076e-05 
 2.233419e+00 -1.891549e-05 
 2.233817e+00 -1.652597e-05 
 2.234214e+00 -1.244110e-05 
 2.234612e+00 -6.922054e-06 
 2.235010e+00 -3.921049e-07 
 2.235407e+00  7.090793e-06 
 2.235805e+00  1.528925e-05 
 2.236203e+00  2.391406e-05 
 2.236600e+00  3.269730e-05 
 2.236998e+00  4.135754e-05 
 2.237396e+00  4.984451e-05 
 2.237794e+00  5.767185e-05 
 2.238191e+00  6.523996e-05 
 2.238589e+00  7.281960e-05 
 2.238987e+00  8.077011e-05 
 2.239384e+00  8.969453e-05 
 2.239782e+00  9.942920e-05 
 2.240180e+00  1.104571e-04 
 2.240577e+00  1.222165e-04 
 2.240975e+00  1.348369e-04 
 2.241373e+00  1.477766e-04 
 2.241770e+00  1.604397e-04 
 2.242168e+00  1.732644e-04 
 2.242566e+00  1.858982e-04 
 2.242964e+00  1.982035e-04 
 2.243361e+00  2.100950e-04 
 2.243759e+00  2.213042e-04 
 2.244157e+00  2.314727e-04 
 2.244554e+00  2.402012e-04 
 2.244952e+00  2.470749e-04 
 2.245350e+00  2.518535e-04 
 2.245747e+00  2.543146e-04 
 2.246145e+00  2.550039e-04 
 2.246543e+00  2.539916e-04 
 2.246941e+00  2.521637e-04 
 2.247338e+00  2.494359e-04 
 2.247736e+00  2.465484e-04 
 2.248134e+00  2.434509e-04 
 2.248531e+00  2.398724e-04 
 2.248929e+00  2.359634e-04 
 2.249327e+00  2.315989e-04 
 2.249724e+00  2.267320e-04 
 2.250122e+00  2.213656e-04 
 2.250520e+00  2.153724e-04 
 2.250917e+00  2.090050e-04 
 2.251315e+00  2.023849e-04 
 2.251713e+00  1.957322e-04 
 2.252111e+00  1.889402e-04 
 2.252508e+00  1.821597e-04 
 2.252906e+00  1.753665e-04 
 2.253304e+00  1.684730e-04 
 2.253701e+00  1.612378e-04 
 2.254099e+00  1.539013e-04 
 2.254497e+00  1.462223e-04 
 2.254894e+00  1.383733e-04 
 2.255292e+00  1.300183e-04 
 2.255690e+00  1.211820e-04 
 2.256088e+00  1.122223e-04 
 2.256485e+00  1.033322e-04 
 2.256883e+00  9.479779e-05 
 2.257281e+00  8.723287e-05 
 2.257678e+00  8.077795e-05 
 2.258076e+00  7.567793e-05 
 2.258474e+00  7.224285e-05 
 2.258871e+00  7.062714e-05 
 2.259269e+00  7.101208e-05 
 2.259667e+00  7.295251e-05 
 2.260064e+00  7.638227e-05 
 2.260462e+00  8.106859e-05 
 2.260860e+00  8.701757e-05 
 2.261258e+00  9.398133e-05 
 2.261655e+00  1.014227e-04 
 2.262053e+00  1.093230e-04 
 2.262451e+00  1.166412e-04 
 2.262848e+00  1.238024e-04 
 2.263246e+00  1.304048e-04 
 2.263644e+00  1.362026e-04 
 2.264041e+00  1.417202e-04 
 2.264439e+00  1.464056e-04 
 2.264837e+00  1.506119e-04 
 2.265235e+00  1.548117e-04 
 2.265632e+00  1.588981e-04 
 2.266030e+00  1.635856e-04 
 2.266428e+00  1.685878e-04 
 2.266825e+00  1.742789e-04 
 2.267223e+00  1.807559e-04 
 2.267621e+00  1.879843e-04 
 2.268018e+00  1.963045e-04 
 2.268416e+00  2.055087e-04 
 2.268814e+00  2.153371e-04 
 2.269211e+00  2.253407e-04 
 2.269609e+00  2.347954e-04 
 2.270007e+00  2.434813e-04 
 2.270405e+00  2.512926e-04 
 2.270802e+00  2.576885e-04 
 2.271200e+00  2.626458e-04 
 2.271598e+00  2.663960e-04 
 2.271995e+00  2.689495e-04 
 2.272393e+00  2.703639e-04 
 2.272791e+00  2.710682e-04 
 2.273188e+00  2.705890e-04 
 2.273586e+00  2.692531e-04 
 2.273984e+00  2.666052e-04 
 2.274382e+00  2.623830e-04 
 2.274779e+00  2.572280e-04 
 2.275177e+00  2.508635e-04 
 2.275575e+00  2.434899e-04 
 2.275972e+00  2.355203e-04 
 2.276370e+00  2.273291e-04 
 2.276768e+00  2.192264e-04 
 2.277165e+00  2.112576e-04 
 2.277563e+00  2.033801e-04 
 2.277961e+00  1.960833e-04 
 2.278358e+00  1.888711e-04 
 2.278756e+00  1.819288e-04 
 2.279154e+00  1.751914e-04 
 2.279552e+00  1.684313e-04 
 2.279949e+00  1.616117e-04 
 2.280347e+00  1.545960e-04 
 2.280745e+00  1.475819e-04 
 2.281142e+00  1.404740e-04 
 2.281540e+00  1.336646e-04 
 2.281938e+00  1.266594e-04 
 2.282335e+00  1.196084e-04 
 2.282733e+00  1.127770e-04 
 2.283131e+00  1.062769e-04 
 2.283529e+00  1.005860e-04 
 2.283926e+00  9.616484e-05 
 2.284324e+00  9.331512e-05 
 2.284722e+00  9.247454e-05 
 2.285119e+00  9.367633e-05 
 2.285517e+00  9.711726e-05 
 2.285915e+00  1.024943e-04 
 2.286312e+00  1.097010e-04 
 2.286710e+00  1.185887e-04 
 2.287108e+00  1.283172e-04 
 2.287505e+00  1.395192e-04 
 2.287903e+00  1.513556e-04 
 2.288301e+00  1.638093e-04 
 2.288699e+00  1.765744e-04 
 2.289096e+00  1.893063e-04 
 2.289494e+00  2.017114e-04 
 2.289892e+00  2.135162e-04 
 2.290289e+00  2.248269e-04 
 2.290687e+00  2.359662e-04 
 2.291085e+00  2.469603e-04 
 2.291482e+00  2.581980e-04 
 2.291880e+00  2.693230e-04 
 2.292278e+00  2.805958e-04 
 2.292676e+00  2.918468e-04 
 2.293073e+00  3.027932e-04 
 2.293471e+00  3.137105e-04 
 2.293869e+00  3.238599e-04 
 2.294266e+00  3.334688e-04 
 2.294664e+00  3.422232e-04 
 2.295062e+00  3.503621e-04 
 2.295459e+00  3.578375e-04 
 2.295857e+00  3.646429e-04 
 2.296255e+00  3.704655e-04 
 2.296652e+00  3.751334e-04 
 2.297050e+00  3.788416e-04 
 2.297448e+00  3.812767e-04 
 2.297846e+00  3.822047e-04 
 2.298243e+00  3.817936e-04 
 2.298641e+00  3.798488e-04 
 2.299039e+00  3.765778e-04 
 2.299436e+00  3.722614e-04 
 2.299834e+00  3.670342e-04 
 2.300232e+00  3.614676e-04 
 2.300629e+00  3.552912e-04 
 2.301027e+00  3.483070e-04 
 2.301425e+00  3.408267e-04 
 2.301823e+00  3.331558e-04 
 2.302220e+00  3.254818e-04 
 2.302618e+00  3.180379e-04 
 2.303016e+00  3.107857e-04 
 2.303413e+00  3.038065e-04 
 2.303811e+00  2.967784e-04 
 2.304209e+00  2.893224e-04 
 2.304606e+00  2.819565e-04 
 2.305004e+00  2.744695e-04 
 2.305402e+00  2.665251e-04 
 2.305799e+00  2.579377e-04 
 2.306197e+00  2.492576e-04 
 2.306595e+00  2.400945e-04 
 2.306993e+00  2.303868e-04 
 2.307390e+00  2.198556e-04 
 2.307788e+00  2.083466e-04 
 2.308186e+00  1.962443e-04 
 2.308583e+00  1.842050e-04 
 2.308981e+00  1.723317e-04 
 2.309379e+00  1.615816e-04 
 2.309776e+00  1.523372e-04 
 2.310174e+00  1.449234e-04 
 2.310572e+00  1.389870e-04 
 2.310970e+00  1.347049e-04 
 2.311367e+00  1.320738e-04 
 2.311765e+00  1.308407e-04 
 2.312163e+00  1.312000e-04 
 2.312560e+00  1.330958e-04 
 2.312958e+00  1.365225e-04 
 2.313356e+00  1.413174e-04 
 2.313753e+00  1.473487e-04 
 2.314151e+00  1.541266e-04 
 2.314549e+00  1.612182e-04 
 2.314946e+00  1.680199e-04 
 2.315344e+00  1.742309e-04 
 2.315742e+00  1.797533e-04 
 2.316140e+00  1.848693e-04 
 2.316537e+00  1.895671e-04 
 2.316935e+00  1.940151e-04 
 2.317333e+00  1.987491e-04 
 2.317730e+00  2.040088e-04 
 2.318128e+00  2.095537e-04 
 2.318526e+00  2.157341e-04 
 2.318923e+00  2.221956e-04 
 2.319321e+00  2.290455e-04 
 2.319719e+00  2.357690e-04 
 2.320117e+00  2.424628e-04 
 2.320514e+00  2.493589e-04 
 2.320912e+00  2.561115e-04 
 2.321310e+00  2.626194e-04 
 2.321707e+00  2.686834e-04 
 2.322105e+00  2.740294e-04 
 2.322503e+00  2.785689e-04 
 2.322900e+00  2.818125e-04 
 2.323298e+00  2.835410e-04 
 2.323696e+00  2.833455e-04 
 2.324093e+00  2.816042e-04 
 2.324491e+00  2.781269e-04 
 2.324889e+00  2.730720e-04 
 2.325287e+00  2.664931e-04 
 2.325684e+00  2.585360e-04 
 2.326082e+00  2.494086e-04 
 2.326480e+00  2.392317e-04 
 2.326877e+00  2.285064e-04 
 2.327275e+00  2.176851e-04 
 2.327673e+00  2.065780e-04 
 2.328070e+00  1.958050e-04 
 2.328468e+00  1.855614e-04 
 2.328866e+00  1.759260e-04 
 2.329264e+00  1.673321e-04 
 2.329661e+00  1.594812e-04 
 2.330059e+00  1.526283e-04 
 2.330457e+00  1.466688e-04 
 2.330854e+00  1.413721e-04 
 2.331252e+00  1.366436e-04 
 2.331650e+00  1.321223e-04 
 2.332047e+00  1.277424e-04 
 2.332445e+00  1.227540e-04 
 2.332843e+00  1.172720e-04 
 2.333240e+00  1.113483e-04 
 2.333638e+00  1.052616e-04 
 2.334036e+00  9.914302e-05 
 2.334434e+00  9.312064e-05 
 2.334831e+00  8.766684e-05 
 2.335229e+00  8.272686e-05 
 2.335627e+00  7.850038e-05 
 2.336024e+00  7.516758e-05 
 2.336422e+00  7.263818e-05 
 2.336820e+00  7.121470e-05 
 2.337217e+00  7.052613e-05 
 2.337615e+00  7.089320e-05 
 2.338013e+00  7.258904e-05 
 2.338411e+00  7.550741e-05 
 2.338808e+00  7.959859e-05 
 2.339206e+00  8.448614e-05 
 2.339604e+00  9.037137e-05 
 2.340001e+00  9.702171e-05 
 2.340399e+00  1.035270e-04 
 2.340797e+00  1.103586e-04 
 2.341194e+00  1.170879e-04 
 2.341592e+00  1.239094e-04 
 2.341990e+00  1.303589e-04 
 2.342387e+00  1.364493e-04 
 2.342785e+00  1.426119e-04 
 2.343183e+00  1.483316e-04 
 2.343581e+00  1.541734e-04 
 2.343978e+00  1.599296e-04 
 2.344376e+00  1.654622e-04 
 2.344774e+00  1.709440e-04 
 2.345171e+00  1.761303e-04 
 2.345569e+00  1.814000e-04 
 2.345967e+00  1.871723e-04 
 2.346364e+00  1.931408e-04 
 2.346762e+00  1.997500e-04 
 2.347160e+00  2.066586e-04 
 2.347558e+00  2.138751e-04 
 2.347955e+00  2.211605e-04 
 2.348353e+00  2.284010e-04 
 2.348751e+00  2.351951e-04 
 2.349148e+00  2.409928e-04 
 2.349546e+00  2.453704e-04 
 2.349944e+00  2.477581e-04 
 2.350341e+00  2.484157e-04 
 2.350739e+00  2.477342e-04 
 2.351137e+00  2.455016e-04 
 2.351534e+00  2.420944e-04 
 2.351932e+00  2.374026e-04 
 2.352330e+00  2.315608e-04 
 2.352728e+00  2.249519e-04 
 2.353125e+00  2.173101e-04 
 2.353523e+00  2.091813e-04 
 2.353921e+00  2.005935e-04 
 2.354318e+00  1.919474e-04 
 2.354716e+00  1.833055e-04 
 2.355114e+00  1.749886e-04 
 2.355511e+00  1.668681e-04 
 2.355909e+00  1.591173e-04 
 2.356307e+00  1.512812e-04 
 2.356705e+00  1.434703e-04 
 2.357102e+00  1.355548e-04 
 2.357500e+00  1.279199e-04 
 2.357898e+00  1.204554e-04 
 2.358295e+00  1.132361e-04 
 2.358693e+00  1.061734e-04 
 2.359091e+00  9.881589e-05 
 2.359488e+00  9.132780e-05 
 2.359886e+00  8.318743e-05 
 2.360284e+00  7.511702e-05 
 2.360681e+00  6.663641e-05 
 2.361079e+00  5.874592e-05 
 2.361477e+00  5.152916e-05 
 2.361875e+00  4.550434e-05 
 2.362272e+00  4.103946e-05 
 2.362670e+00  3.761158e-05 
 2.363068e+00  3.526239e-05 
 2.363465e+00  3.438659e-05 
 2.363863e+00  3.447405e-05 
 2.364261e+00  3.560713e-05 
 2.364658e+00  3.784617e-05 
 2.365056e+00  4.103638e-05 
 2.365454e+00  4.527014e-05 
 2.365852e+00  4.989657e-05 
 2.366249e+00  5.561323e-05 
 2.366647e+00  6.169275e-05 
 2.367045e+00  6.778954e-05 
 2.367442e+00  7.374684e-05 
 2.367840e+00  7.906217e-05 
 2.368238e+00  8.428208e-05 
 2.368635e+00  8.895893e-05 
 2.369033e+00  9.310295e-05 
 2.369431e+00  9.710893e-05 
 2.369828e+00  1.007059e-04 
 2.370226e+00  1.042513e-04 
 2.370624e+00  1.077035e-04 
 2.371022e+00  1.111560e-04 
 2.371419e+00  1.147426e-04 
 2.371817e+00  1.183852e-04 
 2.372215e+00  1.224069e-04 
 2.372612e+00  1.266468e-04 
 2.373010e+00  1.312654e-04 
 2.373408e+00  1.359193e-04 
 2.373805e+00  1.407626e-04 
 2.374203e+00  1.456793e-04 
 2.374601e+00  1.502839e-04 
 2.374999e+00  1.545815e-04 
 2.375396e+00  1.581674e-04 
 2.375794e+00  1.607679e-04 
 2.376192e+00  1.626303e-04 
 2.376589e+00  1.630900e-04 
 2.376987e+00  1.625036e-04 
 2.377385e+00  1.603025e-04 
 2.377782e+00  1.571062e-04 
 2.378180e+00  1.527473e-04 
 2.378578e+00  1.476577e-04 
 2.378975e+00  1.421975e-04 
 2.379373e+00  1.367784e-04 
 2.379771e+00  1.317005e-04 
 2.380169e+00  1.271476e-04 
 2.380566e+00  1.229253e-04 
 2.380964e+00  1.190881e-04 
 2.381362e+00  1.155220e-04 
 2.381759e+00  1.124892e-04 
 2.382157e+00  1.100438e-04 
 2.382555e+00  1.082613e-04 
 2.382952e+00  1.066939e-04 
 2.383350e+00  1.055433e-04 
 2.383748e+00  1.043821e-04 
 2.384146e+00  1.034374e-04 
 2.384543e+00  1.020371e-04 
 2.384941e+00  1.000666e-04 
 2.385339e+00  9.720503e-05 
 2.385736e+00  9.385563e-05 
 2.386134e+00  9.002486e-05 
 2.386532e+00  8.635545e-05 
 2.386929e+00  8.292126e-05 
 2.387327e+00  8.022811e-05 
 2.387725e+00  7.834595e-05 
 2.388122e+00  7.707387e-05 
 2.388520e+00  7.631096e-05 
 2.388918e+00  7.647109e-05 
 2.389316e+00  7.724017e-05 
 2.389713e+00  7.916115e-05 
 2.390111e+00  8.258998e-05 
 2.390509e+00  8.737295e-05 
 2.390906e+00  9.377754e-05 
 2.391304e+00  1.015131e-04 
 2.391702e+00  1.104463e-04 
 2.392099e+00  1.203377e-04 
 2.392497e+00  1.300234e-04 
 2.392895e+00  1.397375e-04 
 2.393293e+00  1.486452e-04 
 2.393690e+00  1.570225e-04 
 2.394088e+00  1.645208e-04 
 2.394486e+00  1.716422e-04 
 2.394883e+00  1.785848e-04 
 2.395281e+00  1.850979e-04 
 2.395679e+00  1.910113e-04 
 2.396076e+00  1.970981e-04 
 2.396474e+00  2.030164e-04 
 2.396872e+00  2.093171e-04 
 2.397269e+00  2.161465e-04 
 2.397667e+00  2.233616e-04 
 2.398065e+00  2.312805e-04 
 2.398463e+00  2.396461e-04 
 2.398860e+00  2.483575e-04 
 2.399258e+00  2.571033e-04 
 2.399656e+00  2.661495e-04 
 2.400053e+00  2.747855e-04 
 2.400451e+00  2.826110e-04 
 2.400849e+00  2.896397e-04 
 2.401246e+00  2.954540e-04 
 2.401644e+00  2.997411e-04 
 2.402042e+00  3.027810e-04 
 2.402440e+00  3.039252e-04 
 2.402837e+00  3.037831e-04 
 2.403235e+00  3.023354e-04 
 2.403633e+00  2.998952e-04 
 2.404030e+00  2.963971e-04 
 2.404428e+00  2.919232e-04 
 2.404826e+00  2.864260e-04 
 2.405223e+00  2.800611e-04 
 2.405621e+00  2.730194e-04 
 2.406019e+00  2.654173e-04 
 2.406416e+00  2.575875e-04 
 2.406814e+00  2.498094e-04 
 2.407212e+00  2.428261e-04 
 2.407610e+00  2.364106e-04 
 2.408007e+00  2.305522e-04 
 2.408405e+00  2.248860e-04 
 2.408803e+00  2.195848e-04 
 2.409200e+00  2.144535e-04 
 2.409598e+00  2.100419e-04 
 2.409996e+00  2.061132e-04 
 2.410393e+00  2.023626e-04 
 2.410791e+00  1.984157e-04 
 2.411189e+00  1.940593e-04 
 2.411587e+00  1.892501e-04 
 2.411984e+00  1.836999e-04 
 2.412382e+00  1.777448e-04 
 2.412780e+00  1.711765e-04 
 2.413177e+00  1.640412e-04 
 2.413575e+00  1.573572e-04 
 2.413973e+00  1.513332e-04 
 2.414370e+00  1.464464e-04 
 2.414768e+00  1.426442e-04 
 2.415166e+00  1.397288e-04 
 2.415563e+00  1.381942e-04 
 2.415961e+00  1.381539e-04 
 2.416359e+00  1.396581e-04 
 2.416757e+00  1.428945e-04 
 2.417154e+00  1.469406e-04 
 2.417552e+00  1.518001e-04 
 2.417950e+00  1.568447e-04 
 2.418347e+00  1.623100e-04 
 2.418745e+00  1.676128e-04 
 2.419143e+00  1.723914e-04 
 2.419540e+00  1.764254e-04 
 2.419938e+00  1.790270e-04 
 2.420336e+00  1.804199e-04 
 2.420734e+00  1.805573e-04 
 2.421131e+00  1.794845e-04 
 2.421529e+00  1.778558e-04 
 2.421927e+00  1.756642e-04 
 2.422324e+00  1.735790e-04 
 2.422722e+00  1.719518e-04 
 2.423120e+00  1.712951e-04 
 2.423517e+00  1.720382e-04 
 2.423915e+00  1.734908e-04 
 2.424313e+00  1.760645e-04 
 2.424710e+00  1.788740e-04 
 2.425108e+00  1.821938e-04 
 2.425506e+00  1.859905e-04 
 2.425904e+00  1.899703e-04 
 2.426301e+00  1.942269e-04 
 2.426699e+00  1.982280e-04 
 2.427097e+00  2.020998e-04 
 2.427494e+00  2.056729e-04 
 2.427892e+00  2.089140e-04 
 2.428290e+00  2.119853e-04 
 2.428687e+00  2.145801e-04 
 2.429085e+00  2.163130e-04 
 2.429483e+00  2.172200e-04 
 2.429881e+00  2.170479e-04 
 2.430278e+00  2.158305e-04 
 2.430676e+00  2.134505e-04 
 2.431074e+00  2.110043e-04 
 2.431471e+00  2.082112e-04 
 2.431869e+00  2.056373e-04 
 2.432267e+00  2.031230e-04 
 2.432664e+00  2.008961e-04 
 2.433062e+00  1.985374e-04 
 2.433460e+00  1.961731e-04 
 2.433857e+00  1.937781e-04 
 2.434255e+00  1.914285e-04 
 2.434653e+00  1.894372e-04 
 2.435051e+00  1.881429e-04 
 2.435448e+00  1.877642e-04 
 2.435846e+00  1.882914e-04 
 2.436244e+00  1.895944e-04 
 2.436641e+00  1.907785e-04 
 2.437039e+00  1.918442e-04 
 2.437437e+00  1.921322e-04 
 2.437834e+00  1.915254e-04 
 2.438232e+00  1.900856e-04 
 2.438630e+00  1.880100e-04 
 2.439028e+00  1.855759e-04 
 2.439425e+00  1.828531e-04 
 2.439823e+00  1.801934e-04 
 2.440221e+00  1.780967e-04 
 2.440618e+00  1.767089e-04 
 2.441016e+00  1.761631e-04 
 2.441414e+00  1.769905e-04 
 2.441811e+00  1.792462e-04 
 2.442209e+00  1.831882e-04 
 2.442607e+00  1.886501e-04 
 2.443004e+00  1.954318e-04 
 2.443402e+00  2.033098e-04 
 2.443800e+00  2.118663e-04 
 2.444198e+00  2.206601e-04 
 2.444595e+00  2.289197e-04 
 2.444993e+00  2.366412e-04 
 2.445391e+00  2.434534e-04 
 2.445788e+00  2.493713e-04 
 2.446186e+00  2.543012e-04 
 2.446584e+00  2.582524e-04 
 2.446981e+00  2.613610e-04 
 2.447379e+00  2.639994e-04 
 2.447777e+00  2.662822e-04 
 2.448175e+00  2.688019e-04 
 2.448572e+00  2.710919e-04 
 2.448970e+00  2.736845e-04 
 2.449368e+00  2.759955e-04 
 2.449765e+00  2.783961e-04 
 2.450163e+00  2.803386e-04 
 2.450561e+00  2.820411e-04 
 2.450958e+00  2.834341e-04 
 2.451356e+00  2.841860e-04 
 2.451754e+00  2.845354e-04 
 2.452151e+00  2.846920e-04 
 2.452549e+00  2.842812e-04 
 2.452947e+00  2.837281e-04 
 2.453345e+00  2.827799e-04 
 2.453742e+00  2.811167e-04 
 2.454140e+00  2.785933e-04 
 2.454538e+00  2.751880e-04 
 2.454935e+00  2.709791e-04 
 2.455333e+00  2.659758e-04 
 2.455731e+00  2.601348e-04 
 2.456128e+00  2.534394e-04 
 2.456526e+00  2.462717e-04 
 2.456924e+00  2.385371e-04 
 2.457322e+00  2.305482e-04 
 2.457719e+00  2.225101e-04 
 2.458117e+00  2.149749e-04 
 2.458515e+00  2.076975e-04 
 2.458912e+00  2.008019e-04 
 2.459310e+00  1.944779e-04 
 2.459708e+00  1.887545e-04 
 2.460105e+00  1.838542e-04 
 2.460503e+00  1.794171e-04 
 2.460901e+00  1.756403e-04 
 2.461298e+00  1.719312e-04 
 2.461696e+00  1.683334e-04 
 2.462094e+00  1.647352e-04 
 2.462492e+00  1.610474e-04 
 2.462889e+00  1.567388e-04 
 2.463287e+00  1.513459e-04 
 2.463685e+00  1.451049e-04 
 2.464082e+00  1.377427e-04 
 2.464480e+00  1.293903e-04 
 2.464878e+00  1.204893e-04 
 2.465275e+00  1.111634e-04 
 2.465673e+00  1.018253e-04 
 2.466071e+00  9.284721e-05 
 2.466469e+00  8.425016e-05 
 2.466866e+00  7.687542e-05 
 2.467264e+00  7.094988e-05 
 2.467662e+00  6.659751e-05 
 2.468059e+00  6.370786e-05 
 2.468457e+00  6.209784e-05 
 2.468855e+00  6.203880e-05 
 2.469252e+00  6.251551e-05 
 2.469650e+00  6.385135e-05 
 2.470048e+00  6.561039e-05 
 2.470445e+00  6.755533e-05 
 2.470843e+00  6.990538e-05 
 2.471241e+00  7.240909e-05 
 2.471639e+00  7.501019e-05 
 2.472036e+00  7.765408e-05 
 2.472434e+00  7.997499e-05 
 2.472832e+00  8.227544e-05 
 2.473229e+00  8.440660e-05 
 2.473627e+00  8.682273e-05 
 2.474025e+00  8.898451e-05 
 2.474422e+00  9.125911e-05 
 2.474820e+00  9.388984e-05 
 2.475218e+00  9.691726e-05 
 2.475616e+00  1.005876e-04 
 2.476013e+00  1.046620e-04 
 2.476411e+00  1.091112e-04 
 2.476809e+00  1.140181e-04 
 2.477206e+00  1.194640e-04 
 2.477604e+00  1.255957e-04 
 2.478002e+00  1.319878e-04 
 2.478399e+00  1.382686e-04 
 2.478797e+00  1.444560e-04 
 2.479195e+00  1.501014e-04 
 2.479592e+00  1.553999e-04 
 2.479990e+00  1.600917e-04 
 2.480388e+00  1.645822e-04 
 2.480786e+00  1.680735e-04 
 2.481183e+00  1.705098e-04 
 2.481581e+00  1.717653e-04 
 2.481979e+00  1.718018e-04 
 2.482376e+00  1.705487e-04 
 2.482774e+00  1.680433e-04 
 2.483172e+00  1.646613e-04 
 2.483569e+00  1.608195e-04 
 2.483967e+00  1.567395e-04 
 2.484365e+00  1.530416e-04 
 2.484763e+00  1.501872e-04 
 2.485160e+00  1.478274e-04 
 2.485558e+00  1.462821e-04 
 2.485956e+00  1.458635e-04 
 2.486353e+00  1.467500e-04 
 2.486751e+00  1.487403e-04 
 2.487149e+00  1.516770e-04 
 2.487546e+00  1.555903e-04 
 2.487944e+00  1.597840e-04 
 2.488342e+00  1.637494e-04 
 2.488739e+00  1.668226e-04 
 2.489137e+00  1.688798e-04 
 2.489535e+00  1.698078e-04 
 2.489933e+00  1.696280e-04 
 2.490330e+00  1.685538e-04 
 2.490728e+00  1.671172e-04 
 2.491126e+00  1.654271e-04 
 2.491523e+00  1.640701e-04 
 2.491921e+00  1.629492e-04 
 2.492319e+00  1.627352e-04 
 2.492716e+00  1.629983e-04 
 2.493114e+00  1.640338e-04 
 2.493512e+00  1.658389e-04 
 2.493910e+00  1.681722e-04 
 2.494307e+00  1.711946e-04 
 2.494705e+00  1.749597e-04 
 2.495103e+00  1.792526e-04 
 2.495500e+00  1.837097e-04 
 2.495898e+00  1.877798e-04 
 2.496296e+00  1.916603e-04 
 2.496693e+00  1.950108e-04 
 2.497091e+00  1.984598e-04 
 2.497489e+00  2.018884e-04 
 2.497886e+00  2.050741e-04 
 2.498284e+00  2.083202e-04 
 2.498682e+00  2.113058e-04 
 2.499080e+00  2.144106e-04 
 2.499477e+00  2.171950e-04 
 2.499875e+00  2.194870e-04 
 2.500273e+00  2.211120e-04 
 2.500670e+00  2.219744e-04 
 2.501068e+00  2.225371e-04 
 2.501466e+00  2.231409e-04 
 2.501863e+00  2.238063e-04 
 2.502261e+00  2.245892e-04 
 2.502659e+00  2.255842e-04 
 2.503057e+00  2.266594e-04 
 2.503454e+00  2.282100e-04 
 2.503852e+00  2.301159e-04 
 2.504250e+00  2.326130e-04 
 2.504647e+00  2.351477e-04 
 2.505045e+00  2.381140e-04 
 2.505443e+00  2.409598e-04 
 2.505840e+00  2.436265e-04 
 2.506238e+00  2.451838e-04 
 2.506636e+00  2.454938e-04 
 2.507033e+00  2.439592e-04 
 2.507431e+00  2.402480e-04 
 2.507829e+00  2.346146e-04 
 2.508227e+00  2.272205e-04 
 2.508624e+00  2.179256e-04 
 2.509022e+00  2.072678e-04 
 2.509420e+00  1.958353e-04 
 2.509817e+00  1.840795e-04 
 2.510215e+00  1.724743e-04 
 2.510613e+00  1.614846e-04 
 2.511010e+00  1.511214e-04 
 2.511408e+00  1.419232e-04 
 2.511806e+00  1.338728e-04 
 2.512204e+00  1.269127e-04 
 2.512601e+00  1.208327e-04 
 2.512999e+00  1.154459e-04 
 2.513397e+00  1.103305e-04 
 2.513794e+00  1.049416e-04 
 2.514192e+00  9.927160e-05 
 2.514590e+00  9.300864e-05 
 2.514987e+00  8.600655e-05 
 2.515385e+00  7.822656e-05 
 2.515783e+00  6.948217e-05 
 2.516180e+00  6.005826e-05 
 2.516578e+00  5.037847e-05 
 2.516976e+00  4.100099e-05 
 2.517374e+00  3.227309e-05 
 2.517771e+00  2.437321e-05 
 2.518169e+00  1.779865e-05 
 2.518567e+00  1.269188e-05 
 2.518964e+00  9.415108e-06 
 2.519362e+00  8.024369e-06 
 2.519760e+00  8.231341e-06 
 2.520157e+00  9.972954e-06 
 2.520555e+00  1.288559e-05 
 2.520953e+00  1.720720e-05 
 2.521351e+00  2.264365e-05 
 2.521748e+00  2.882294e-05 
 2.522146e+00  3.591203e-05 
 2.522544e+00  4.379330e-05 
 2.522941e+00  5.262323e-05 
 2.523339e+00  6.207058e-05 
 2.523737e+00  7.196935e-05 
 2.524134e+00  8.180481e-05 
 2.524532e+00  9.124818e-05 
 2.524930e+00  1.001947e-04 
 2.525327e+00  1.085206e-04 
 2.525725e+00  1.164622e-04 
 2.526123e+00  1.242465e-04 
 2.526521e+00  1.318303e-04 
 2.526918e+00  1.391565e-04 
 2.527316e+00  1.465743e-04 
 2.527714e+00  1.537961e-04 
 2.528111e+00  1.607654e-04 
 2.528509e+00  1.673632e-04 
 2.528907e+00  1.739192e-04 
 2.529304e+00  1.803780e-04 
 2.529702e+00  1.869200e-04 
 2.530100e+00  1.942863e-04 
 2.530498e+00  2.022914e-04 
 2.530895e+00  2.108137e-04 
 2.531293e+00  2.193547e-04 
 2.531691e+00  2.280614e-04 
 2.532088e+00  2.363048e-04 
 2.532486e+00  2.437681e-04 
 2.532884e+00  2.500854e-04 
 2.533281e+00  2.547632e-04 
 2.533679e+00  2.572551e-04 
 2.534077e+00  2.579222e-04 
 2.534474e+00  2.561867e-04 
 2.534872e+00  2.529082e-04 
 2.535270e+00  2.483093e-04 
 2.535668e+00  2.426579e-04 
 2.536065e+00  2.364521e-04 
 2.536463e+00  2.299978e-04 
 2.536861e+00  2.238049e-04 
 2.537258e+00  2.179854e-04 
 2.537656e+00  2.128475e-04 
 2.538054e+00  2.084218e-04 
 2.538451e+00  2.047168e-04 
 2.538849e+00  2.019365e-04 
 2.539247e+00  1.999035e-04 
 2.539645e+00  1.982420e-04 
 2.540042e+00  1.964106e-04 
 2.540440e+00  1.942196e-04 
 2.540838e+00  1.912303e-04 
 2.541235e+00  1.875619e-04 
 2.541633e+00  1.831538e-04 
 2.542031e+00  1.783740e-04 
 2.542428e+00  1.731897e-04 
 2.542826e+00  1.682800e-04 
 2.543224e+00  1.635489e-04 
 2.543621e+00  1.591425e-04 
 2.544019e+00  1.547837e-04 
 2.544417e+00  1.503115e-04 
 2.544815e+00  1.459967e-04 
 2.545212e+00  1.418505e-04 
 2.545610e+00  1.378063e-04 
 2.546008e+00  1.344806e-04 
 2.546405e+00  1.320106e-04 
 2.546803e+00  1.309930e-04 
 2.547201e+00  1.311893e-04 
 2.547598e+00  1.328488e-04 
 2.547996e+00  1.354354e-04 
 2.548394e+00  1.390091e-04 
 2.548792e+00  1.429928e-04 
 2.549189e+00  1.470862e-04 
 2.549587e+00  1.515827e-04 
 2.549985e+00  1.561229e-04 
 2.550382e+00  1.604927e-04 
 2.550780e+00  1.649569e-04 
 2.551178e+00  1.691798e-04 
 2.551575e+00  1.728641e-04 
 2.551973e+00  1.758985e-04 
 2.552371e+00  1.783245e-04 
 2.552768e+00  1.799294e-04 
 2.553166e+00  1.808158e-04 
 2.553564e+00  1.813097e-04 
 2.553962e+00  1.818137e-04 
 2.554359e+00  1.823285e-04 
 2.554757e+00  1.830252e-04 
 2.555155e+00  1.842510e-04 
 2.555552e+00  1.861107e-04 
 2.555950e+00  1.884471e-04 
 2.556348e+00  1.909315e-04 
 2.556745e+00  1.931903e-04 
 2.557143e+00  1.952171e-04 
 2.557541e+00  1.963904e-04 
 2.557939e+00  1.968623e-04 
 2.558336e+00  1.960324e-04 
 2.558734e+00  1.938767e-04 
 2.559132e+00  1.899520e-04 
 2.559529e+00  1.844211e-04 
 2.559927e+00  1.775422e-04 
 2.560325e+00  1.695337e-04 
 2.560722e+00  1.606992e-04 
 2.561120e+00  1.510781e-04 
 2.561518e+00  1.409399e-04 
 2.561915e+00  1.306980e-04 
 2.562313e+00  1.205160e-04 
 2.562711e+00  1.106827e-04 
 2.563109e+00  1.012141e-04 
 2.563506e+00  9.205913e-05 
 2.563904e+00  8.326633e-05 
 2.564302e+00  7.486637e-05 
 2.564699e+00  6.715716e-05 
 2.565097e+00  6.006048e-05 
 2.565495e+00  5.309733e-05 
 2.565892e+00  4.626145e-05 
 2.566290e+00  3.965115e-05 
 2.566688e+00  3.351163e-05 
 2.567086e+00  2.814774e-05 
 2.567483e+00  2.359124e-05 
 2.567881e+00  1.973378e-05 
 2.568279e+00  1.675221e-05 
 2.568676e+00  1.443239e-05 
 2.569074e+00  1.254283e-05 
 2.569472e+00  1.112930e-05 
 2.569869e+00  9.916900e-06 
 2.570267e+00  9.265621e-06 
 2.570665e+00  9.443437e-06 
 2.571062e+00  1.074126e-05 
 2.571460e+00  1.349561e-05 
 2.571858e+00  1.770034e-05 
 2.572256e+00  2.325655e-05 
 2.572653e+00  2.972511e-05 
 2.573051e+00  3.702072e-05 
 2.573449e+00  4.519477e-05 
 2.573846e+00  5.390788e-05 
 2.574244e+00  6.348993e-05 
 2.574642e+00  7.378892e-05 
 2.575039e+00  8.489646e-05 
 2.575437e+00  9.665385e-05 
 2.575835e+00  1.089220e-04 
 2.576233e+00  1.210765e-04 
 2.576630e+00  1.324514e-04 
 2.577028e+00  1.424721e-04 
 2.577426e+00  1.510287e-04 
 2.577823e+00  1.582408e-04 
 2.578221e+00  1.641101e-04 
 2.578619e+00  1.691083e-04 
 2.579016e+00  1.737572e-04 
 2.579414e+00  1.786263e-04 
 2.579812e+00  1.836113e-04 
 2.580209e+00  1.894747e-04 
 2.580607e+00  1.963177e-04 
 2.581005e+00  2.039114e-04 
 2.581403e+00  2.122029e-04 
 2.581800e+00  2.211301e-04 
 2.582198e+00  2.304207e-04 
 2.582596e+00  2.396949e-04 
 2.582993e+00  2.490106e-04 
 2.583391e+00  2.579976e-04 
 2.583789e+00  2.658165e-04 
 2.584186e+00  2.726949e-04 
 2.584584e+00  2.780242e-04 
 2.584982e+00  2.816472e-04 
 2.585380e+00  2.837103e-04 
 2.585777e+00  2.835365e-04 
 2.586175e+00  2.817599e-04 
 2.586573e+00  2.787448e-04 
 2.586970e+00  2.752318e-04 
 2.587368e+00  2.716772e-04 
 2.587766e+00  2.679303e-04 
 2.588163e+00  2.645252e-04 
 2.588561e+00  2.612598e-04 
 2.588959e+00  2.580446e-04 
 2.589356e+00  2.549595e-04 
 2.589754e+00  2.518060e-04 
 2.590152e+00  2.481924e-04 
 2.590550e+00  2.442497e-04 
 2.590947e+00  2.396777e-04 
 2.591345e+00  2.347260e-04 
 2.591743e+00  2.296750e-04 
 2.592140e+00  2.244024e-04 
 2.592538e+00  2.185359e-04 
 2.592936e+00  2.125251e-04 
 2.593333e+00  2.060164e-04 
 2.593731e+00  1.993028e-04 
 2.594129e+00  1.923799e-04 
 2.594527e+00  1.850100e-04 
 2.594924e+00  1.771972e-04 
 2.595322e+00  1.692833e-04 
 2.595720e+00  1.610042e-04 
 2.596117e+00  1.531502e-04 
 2.596515e+00  1.457354e-04 
 2.596913e+00  1.388837e-04 
 2.597310e+00  1.323769e-04 
 2.597708e+00  1.265307e-04 
 2.598106e+00  1.217461e-04 
 2.598503e+00  1.179698e-04 
 2.598901e+00  1.158643e-04 
 2.599299e+00  1.153071e-04 
 2.599697e+00  1.168096e-04 
 2.600094e+00  1.199790e-04 
 2.600492e+00  1.244738e-04 
 2.600890e+00  1.299183e-04 
 2.601287e+00  1.360237e-04 
 2.601685e+00  1.422635e-04 
 2.602083e+00  1.481280e-04 
 2.602480e+00  1.531537e-04 
 2.602878e+00  1.572676e-04 
 2.603276e+00  1.601247e-04 
 2.603674e+00  1.618447e-04 
 2.604071e+00  1.625654e-04 
 2.604469e+00  1.620718e-04 
 2.604867e+00  1.611815e-04 
 2.605264e+00  1.598633e-04 
 2.605662e+00  1.589581e-04 
 2.606060e+00  1.583126e-04 
 2.606457e+00  1.582965e-04 
 2.606855e+00  1.594834e-04 
 2.607253e+00  1.614686e-04 
 2.607650e+00  1.644581e-04 
 2.608048e+00  1.682597e-04 
 2.608446e+00  1.729118e-04 
 2.608844e+00  1.783332e-04 
 2.609241e+00  1.842485e-04 
 2.609639e+00  1.900974e-04 
 2.610037e+00  1.953200e-04 
 2.610434e+00  1.993640e-04 
 2.610832e+00  2.022505e-04 
 2.611230e+00  2.036534e-04 
 2.611627e+00  2.038818e-04 
 2.612025e+00  2.030986e-04 
 2.612423e+00  2.016480e-04 
 2.612821e+00  1.998261e-04 
 2.613218e+00  1.978306e-04 
 2.613616e+00  1.958160e-04 
 2.614014e+00  1.939713e-04 
 2.614411e+00  1.922897e-04 
 2.614809e+00  1.908546e-04 
 2.615207e+00  1.897604e-04 
 2.615604e+00  1.892449e-04 
 2.616002e+00  1.896018e-04 
 2.616400e+00  1.905575e-04 
 2.616797e+00  1.924352e-04 
 2.617195e+00  1.949243e-04 
 2.617593e+00  1.976044e-04 
 2.617991e+00  2.005699e-04 
 2.618388e+00  2.034211e-04 
 2.618786e+00  2.060081e-04 
 2.619184e+00  2.082928e-04 
 2.619581e+00  2.098022e-04 
 2.619979e+00  2.108117e-04 
 2.620377e+00  2.106855e-04 
 2.620774e+00  2.096541e-04 
 2.621172e+00  2.073677e-04 
 2.621570e+00  2.044376e-04 
 2.621968e+00  2.007469e-04 
 2.622365e+00  1.963461e-04 
 2.622763e+00  1.915694e-04 
 2.623161e+00  1.866931e-04 
 2.623558e+00  1.825529e-04 
 2.623956e+00  1.786117e-04 
 2.624354e+00  1.756042e-04 
 2.624751e+00  1.731846e-04 
 2.625149e+00  1.718994e-04 
 2.625547e+00  1.717045e-04 
 2.625944e+00  1.728723e-04 
 2.626342e+00  1.752619e-04 
 2.626740e+00  1.789609e-04 
 2.627138e+00  1.837500e-04 
 2.627535e+00  1.895210e-04 
 2.627933e+00  1.961532e-04 
 2.628331e+00  2.029253e-04 
 2.628728e+00  2.093067e-04 
 2.629126e+00  2.148466e-04 
 2.629524e+00  2.194300e-04 
 2.629921e+00  2.229040e-04 
 2.630319e+00  2.255744e-04 
 2.630717e+00  2.276879e-04 
 2.631115e+00  2.295830e-04 
 2.631512e+00  2.315242e-04 
 2.631910e+00  2.336833e-04 
 2.632308e+00  2.363020e-04 
 2.632705e+00  2.396247e-04 
 2.633103e+00  2.436694e-04 
 2.633501e+00  2.483699e-04 
 2.633898e+00  2.535223e-04 
 2.634296e+00  2.593173e-04 
 2.634694e+00  2.654554e-04 
 2.635091e+00  2.719362e-04 
 2.635489e+00  2.784866e-04 
 2.635887e+00  2.846174e-04 
 2.636285e+00  2.902285e-04 
 2.636682e+00  2.951704e-04 
 2.637080e+00  2.991282e-04 
 2.637478e+00  3.024303e-04 
 2.637875e+00  3.047429e-04 
 2.638273e+00  3.056475e-04 
 2.638671e+00  3.051081e-04 
 2.639068e+00  3.030301e-04 
 2.639466e+00  2.997399e-04 
 2.639864e+00  2.950979e-04 
 2.640262e+00  2.895715e-04 
 2.640659e+00  2.835649e-04 
 2.641057e+00  2.772608e-04 
 2.641455e+00  2.709873e-04 
 2.641852e+00  2.649885e-04 
 2.642250e+00  2.596036e-04 
 2.642648e+00  2.546176e-04 
 2.643045e+00  2.500032e-04 
 2.643443e+00  2.456337e-04 
 2.643841e+00  2.415785e-04 
 2.644238e+00  2.377788e-04 
 2.644636e+00  2.340720e-04 
 2.645034e+00  2.301932e-04 
 2.645432e+00  2.264977e-04 
 2.645829e+00  2.222274e-04 
 2.646227e+00  2.174203e-04 
 2.646625e+00  2.116718e-04 
 2.647022e+00  2.050503e-04 
 2.647420e+00  1.977544e-04 
 2.647818e+00  1.896130e-04 
 2.648215e+00  1.812244e-04 
 2.648613e+00  1.723424e-04 
 2.649011e+00  1.632393e-04 
 2.649409e+00  1.540636e-04 
 2.649806e+00  1.453211e-04 
 2.650204e+00  1.367903e-04 
 2.650602e+00  1.286622e-04 
 2.650999e+00  1.210335e-04 
 2.651397e+00  1.138702e-04 
 2.651795e+00  1.072535e-04 
 2.652192e+00  1.013321e-04 
 2.652590e+00  9.572681e-05 
 2.652988e+00  9.052246e-05 
 2.653385e+00  8.549196e-05 
 2.653783e+00  8.054323e-05 
 2.654181e+00  7.591905e-05 
 2.654579e+00  7.142456e-05 
 2.654976e+00  6.759033e-05 
 2.655374e+00  6.380405e-05 
 2.655772e+00  6.031963e-05 
 2.656169e+00  5.700602e-05 
 2.656567e+00  5.382099e-05 
 2.656965e+00  5.140341e-05 
 2.657362e+00  4.934289e-05 
 2.657760e+00  4.817360e-05 
 2.658158e+00  4.782676e-05 
 2.658556e+00  4.810875e-05 
 2.658953e+00  4.930470e-05 
 2.659351e+00  5.127116e-05 
 2.659749e+00  5.405834e-05 
 2.660146e+00  5.771181e-05 
 2.660544e+00  6.185913e-05 
 2.660942e+00  6.663390e-05 
 2.661339e+00  7.186734e-05 
 2.661737e+00  7.769766e-05 
 2.662135e+00  8.399600e-05 
 2.662532e+00  9.052491e-05 
 2.662930e+00  9.716767e-05 
 2.663328e+00  1.037000e-04 
 2.663726e+00  1.096935e-04 
 2.664123e+00  1.153252e-04 
 2.664521e+00  1.203144e-04 
 2.664919e+00  1.244603e-04 
 2.665316e+00  1.277868e-04 
 2.665714e+00  1.306373e-04 
 2.666112e+00  1.331523e-04 
 2.666509e+00  1.350657e-04 
 2.666907e+00  1.376020e-04 
 2.667305e+00  1.403224e-04 
 2.667703e+00  1.435707e-04 
 2.668100e+00  1.471313e-04 
 2.668498e+00  1.506006e-04 
 2.668896e+00  1.542411e-04 
 2.669293e+00  1.579522e-04 
 2.669691e+00  1.612605e-04 
 2.670089e+00  1.643856e-04 
 2.670486e+00  1.673148e-04 
 2.670884e+00  1.696900e-04 
 2.671282e+00  1.715118e-04 
 2.671679e+00  1.728191e-04 
 2.672077e+00  1.731627e-04 
 2.672475e+00  1.725975e-04 
 2.672873e+00  1.711106e-04 
 2.673270e+00  1.683780e-04 
 2.673668e+00  1.649176e-04 
 2.674066e+00  1.607836e-04 
 2.674463e+00  1.565037e-04 
 2.674861e+00  1.523429e-04 
 2.675259e+00  1.487348e-04 
 2.675656e+00  1.460896e-04 
 2.676054e+00  1.440630e-04 
 2.676452e+00  1.429996e-04 
 2.676850e+00  1.428784e-04 
 2.677247e+00  1.432394e-04 
 2.677645e+00  1.439935e-04 
 2.678043e+00  1.449680e-04 
 2.678440e+00  1.458411e-04 
 2.678838e+00  1.468526e-04 
 2.679236e+00  1.475705e-04 
 2.679633e+00  1.478860e-04 
 2.680031e+00  1.474336e-04 
 2.680429e+00  1.462443e-04 
 2.680826e+00  1.438488e-04 
 2.681224e+00  1.406518e-04 
 2.681622e+00  1.365930e-04 
 2.682020e+00  1.317000e-04 
 2.682417e+00  1.262623e-04 
 2.682815e+00  1.208612e-04 
 2.683213e+00  1.155293e-04 
 2.683610e+00  1.108634e-04 
 2.684008e+00  1.066582e-04 
 2.684406e+00  1.029314e-04 
 2.684803e+00  9.991310e-05 
 2.685201e+00  9.764520e-05 
 2.685599e+00  9.634129e-05 
 2.685997e+00  9.616470e-05 
 2.686394e+00  9.701514e-05 
 2.686792e+00  9.884109e-05 
 2.687190e+00  1.011824e-04 
 2.687587e+00  1.039565e-04 
 2.687985e+00  1.071607e-04 
 2.688383e+00  1.102115e-04 
 2.688780e+00  1.131204e-04 
 2.689178e+00  1.153661e-04 
 2.689576e+00  1.169426e-04 
 2.689973e+00  1.176521e-04 
 2.690371e+00  1.177209e-04 
 2.690769e+00  1.174038e-04 
 2.691167e+00  1.162679e-04 
 2.691564e+00  1.147676e-04 
 2.691962e+00  1.124958e-04 
 2.692360e+00  1.104451e-04 
 2.692757e+00  1.086085e-04 
 2.693155e+00  1.072558e-04 
 2.693553e+00  1.066350e-04 
 2.693950e+00  1.069706e-04 
 2.694348e+00  1.081645e-04 
 2.694746e+00  1.102176e-04 
 2.695144e+00  1.134200e-04 
 2.695541e+00  1.173963e-04 
 2.695939e+00  1.222936e-04 
 2.696337e+00  1.273786e-04 
 2.696734e+00  1.327809e-04 
 2.697132e+00  1.379969e-04 
 2.697530e+00  1.425044e-04 
 2.697927e+00  1.456388e-04 
 2.698325e+00  1.474657e-04 
 2.698723e+00  1.476801e-04 
 2.699120e+00  1.461308e-04 
 2.699518e+00  1.433604e-04 
 2.699916e+00  1.391255e-04 
 2.700314e+00  1.338526e-04 
 2.700711e+00  1.283014e-04 
 2.701109e+00  1.221818e-04 
 2.701507e+00  1.158300e-04 
 2.701904e+00  1.096518e-04 
 2.702302e+00  1.040149e-04 
 2.702700e+00  9.943462e-05 
 2.703097e+00  9.613138e-05 
 2.703495e+00  9.444116e-05 
 2.703893e+00  9.411003e-05 
 2.704290e+00  9.503074e-05 
 2.704688e+00  9.671289e-05 
 2.705086e+00  9.883893e-05 
 2.705484e+00  1.012380e-04 
 2.705881e+00  1.033648e-04 
 2.706279e+00  1.050943e-04 
 2.706677e+00  1.064673e-04 
 2.707074e+00  1.071612e-04 
 2.707472e+00  1.071546e-04 
 2.707870e+00  1.060691e-04 
 2.708267e+00  1.042832e-04 
 2.708665e+00  1.015114e-04 
 2.709063e+00  9.776233e-05 
 2.709461e+00  9.345918e-05 
 2.709858e+00  8.875049e-05 
 2.710256e+00  8.431290e-05 
 2.710654e+00  8.041499e-05 
 2.711051e+00  7.762965e-05 
 2.711449e+00  7.660071e-05 
 2.711847e+00  7.718354e-05 
 2.712244e+00  7.923199e-05 
 2.712642e+00  8.257283e-05 
 2.713040e+00  8.691136e-05 
 2.713437e+00  9.191529e-05 
 2.713835e+00  9.726011e-05 
 2.714233e+00  1.028124e-04 
 2.714631e+00  1.083233e-04 
 2.715028e+00  1.140028e-04 
 2.715426e+00  1.194449e-04 
 2.715824e+00  1.246326e-04 
 2.716221e+00  1.296478e-04 
 2.716619e+00  1.338134e-04 
 2.717017e+00  1.372726e-04 
 2.717414e+00  1.396884e-04 
 2.717812e+00  1.413835e-04 
 2.718210e+00  1.425129e-04 
 2.718608e+00  1.436856e-04 
 2.719005e+00  1.448863e-04 
 2.719403e+00  1.464593e-04 
 2.719801e+00  1.482548e-04 
 2.720198e+00  1.503911e-04 
 2.720596e+00  1.530912e-04 
 2.720994e+00  1.561698e-04 
 2.721391e+00  1.597185e-04 
 2.721789e+00  1.637750e-04 
 2.722187e+00  1.685627e-04 
 2.722584e+00  1.738522e-04 
 2.722982e+00  1.799955e-04 
 2.723380e+00  1.865157e-04 
 2.723778e+00  1.936345e-04 
 2.724175e+00  2.010323e-04 
 2.724573e+00  2.083199e-04 
 2.724971e+00  2.152483e-04 
 2.725368e+00  2.216107e-04 
 2.725766e+00  2.269546e-04 
 2.726164e+00  2.310622e-04 
 2.726561e+00  2.340182e-04 
 2.726959e+00  2.359216e-04 
 2.727357e+00  2.369088e-04 
 2.727755e+00  2.374130e-04 
 2.728152e+00  2.373107e-04 
 2.728550e+00  2.370306e-04 
 2.728948e+00  2.366408e-04 
 2.729345e+00  2.364001e-04 
 2.729743e+00  2.360392e-04 
 2.730141e+00  2.358621e-04 
 2.730538e+00  2.361662e-04 
 2.730936e+00  2.370476e-04 
 2.731334e+00  2.384606e-04 
 2.731731e+00  2.404805e-04 
 2.732129e+00  2.428037e-04 
 2.732527e+00  2.450042e-04 
 2.732925e+00  2.465243e-04 
 2.733322e+00  2.471518e-04 
 2.733720e+00  2.464265e-04 
 2.734118e+00  2.441613e-04 
 2.734515e+00  2.403884e-04 
 2.734913e+00  2.355001e-04 
 2.735311e+00  2.296809e-04 
 2.735708e+00  2.233213e-04 
 2.736106e+00  2.168028e-04 
 2.736504e+00  2.103519e-04 
 2.736902e+00  2.046866e-04 
 2.737299e+00  1.993378e-04 
 2.737697e+00  1.942281e-04 
 2.738095e+00  1.898224e-04 
 2.738492e+00  1.856061e-04 
 2.738890e+00  1.816152e-04 
 2.739288e+00  1.775209e-04 
 2.739685e+00  1.735876e-04 
 2.740083e+00  1.695598e-04 
 2.740481e+00  1.654540e-04 
 2.740878e+00  1.616161e-04 
 2.741276e+00  1.575787e-04 
 2.741674e+00  1.530336e-04 
 2.742072e+00  1.481452e-04 
 2.742469e+00  1.426584e-04 
 2.742867e+00  1.368514e-04 
 2.743265e+00  1.308306e-04 
 2.743662e+00  1.246938e-04 
 2.744060e+00  1.187378e-04 
 2.744458e+00  1.133342e-04 
 2.744855e+00  1.087123e-04 
 2.745253e+00  1.048020e-04 
 2.745651e+00  1.013461e-04 
 2.746049e+00  9.835388e-05 
 2.746446e+00  9.572842e-05 
 2.746844e+00  9.292405e-05 
 2.747242e+00  9.007446e-05 
 2.747639e+00  8.727461e-05 
 2.748037e+00  8.408433e-05 
 2.748435e+00  8.100744e-05 
 2.748832e+00  7.805441e-05 
 2.749230e+00  7.531222e-05 
 2.749628e+00  7.294525e-05 
 2.750025e+00  7.095876e-05 
 2.750423e+00  6.936669e-05 
 2.750821e+00  6.805498e-05 
 2.751219e+00  6.725221e-05 
 2.751616e+00  6.679408e-05 
 2.752014e+00  6.665068e-05 
 2.752412e+00  6.660697e-05 
 2.752809e+00  6.664510e-05 
 2.753207e+00  6.685850e-05 
 2.753605e+00  6.711329e-05 
 2.754002e+00  6.800060e-05 
 2.754400e+00  6.946677e-05 
 2.754798e+00  7.177259e-05 
 2.755196e+00  7.517256e-05 
 2.755593e+00  7.995528e-05 
 2.755991e+00  8.583322e-05 
 2.756389e+00  9.273351e-05 
 2.756786e+00  1.004861e-04 
 2.757184e+00  1.084297e-04 
 2.757582e+00  1.163791e-04 
 2.757979e+00  1.237062e-04 
 2.758377e+00  1.304011e-04 
 2.758775e+00  1.363396e-04 
 2.759172e+00  1.416001e-04 
 2.759570e+00  1.459860e-04 
 2.759968e+00  1.493425e-04 
 2.760366e+00  1.518510e-04 
 2.760763e+00  1.533759e-04 
 2.761161e+00  1.538535e-04 
 2.761559e+00  1.538392e-04 
 2.761956e+00  1.534035e-04 
 2.762354e+00  1.525909e-04 
 2.762752e+00  1.519213e-04 
 2.763149e+00  1.518201e-04 
 2.763547e+00  1.522911e-04 
 2.763945e+00  1.535321e-04 
 2.764343e+00  1.553847e-04 
 2.764740e+00  1.575823e-04 
 2.765138e+00  1.598587e-04 
 2.765536e+00  1.617555e-04 
 2.765933e+00  1.629752e-04 
 2.766331e+00  1.636142e-04 
 2.766729e+00  1.634007e-04 
 2.767126e+00  1.620620e-04 
 2.767524e+00  1.595191e-04 
 2.767922e+00  1.557758e-04 
 2.768319e+00  1.508568e-04 
 2.768717e+00  1.453053e-04 
 2.769115e+00  1.388603e-04 
 2.769513e+00  1.322925e-04 
 2.769910e+00  1.255997e-04 
 2.770308e+00  1.193548e-04 
 2.770706e+00  1.134825e-04 
 2.771103e+00  1.085824e-04 
 2.771501e+00  1.041572e-04 
 2.771899e+00  1.004843e-04 
 2.772296e+00  9.751530e-05 
 2.772694e+00  9.516223e-05 
 2.773092e+00  9.359908e-05 
 2.773490e+00  9.293060e-05 
 2.773887e+00  9.271457e-05 
 2.774285e+00  9.316951e-05 
 2.774683e+00  9.395343e-05 
 2.775080e+00  9.490941e-05 
 2.775478e+00  9.589370e-05 
 2.775876e+00  9.684183e-05 
 2.776273e+00  9.768021e-05 
 2.776671e+00  9.820355e-05 
 2.777069e+00  9.836549e-05 
 2.777466e+00  9.792511e-05 
 2.777864e+00  9.685856e-05 
 2.778262e+00  9.499726e-05 
 2.778660e+00  9.246234e-05 
 2.779057e+00  8.968873e-05 
 2.779455e+00  8.683530e-05 
 2.779853e+00  8.448627e-05 
 2.780250e+00  8.288967e-05 
 2.780648e+00  8.273540e-05 
 2.781046e+00  8.412853e-05 
 2.781443e+00  8.706585e-05 
 2.781841e+00  9.125707e-05 
 2.782239e+00  9.660816e-05 
 2.782637e+00  1.026129e-04 
 2.783034e+00  1.091309e-04 
 2.783432e+00  1.155814e-04 
 2.783830e+00  1.222325e-04 
 2.784227e+00  1.287918e-04 
 2.784625e+00  1.350713e-04 
 2.785023e+00  1.409715e-04 
 2.785420e+00  1.462868e-04 
 2.785818e+00  1.505664e-04 
 2.786216e+00  1.538791e-04 
 2.786613e+00  1.557182e-04 
 2.787011e+00  1.562799e-04 
 2.787409e+00  1.552177e-04 
 2.787807e+00  1.531895e-04 
 2.788204e+00  1.508165e-04 
 2.788602e+00  1.484358e-04 
 2.789000e+00  1.462608e-04 
 2.789397e+00  1.444214e-04 
 2.789795e+00  1.431034e-04 
 2.790193e+00  1.422057e-04 
 2.790590e+00  1.416561e-04 
 2.790988e+00  1.412213e-04 
 2.791386e+00  1.406288e-04 
 2.791784e+00  1.396387e-04 
 2.792181e+00  1.383627e-04 
 2.792579e+00  1.360361e-04 
 2.792977e+00  1.331493e-04 
 2.793374e+00  1.291167e-04 
 2.793772e+00  1.241165e-04 
 2.794170e+00  1.183038e-04 
 2.794567e+00  1.113687e-04 
 2.794965e+00  1.034789e-04 
 2.795363e+00  9.487884e-05 
 2.795760e+00  8.555279e-05 
 2.796158e+00  7.547960e-05 
 2.796556e+00  6.499784e-05 
 2.796954e+00  5.444034e-05 
 2.797351e+00  4.400629e-05 
 2.797749e+00  3.394532e-05 
 2.798147e+00  2.501866e-05 
 2.798544e+00  1.742501e-05 
 2.798942e+00  1.166062e-05 
 2.799340e+00  7.766600e-06 
 2.799737e+00  5.755780e-06 
 2.800135e+00  5.613672e-06 
 2.800533e+00  7.473155e-06 
 2.800931e+00  1.065308e-05 
 2.801328e+00  1.502863e-05 
 2.801726e+00  2.017360e-05 
 2.802124e+00  2.538954e-05 
 2.802521e+00  3.045566e-05 
 2.802919e+00  3.509049e-05 
 2.803317e+00  3.891555e-05 
 2.803714e+00  4.192978e-05 
 2.804112e+00  4.411390e-05 
 2.804510e+00  4.566451e-05 
 2.804907e+00  4.709521e-05 
 2.805305e+00  4.862862e-05 
 2.805703e+00  5.055546e-05 
 2.806101e+00  5.289563e-05 
 2.806498e+00  5.590219e-05 
 2.806896e+00  5.966686e-05 
 2.807294e+00  6.433770e-05 
 2.807691e+00  6.965618e-05 
 2.808089e+00  7.554448e-05 
 2.808487e+00  8.229667e-05 
 2.808884e+00  8.963783e-05 
 2.809282e+00  9.745679e-05 
 2.809680e+00  1.055718e-04 
 2.810078e+00  1.136764e-04 
 2.810475e+00  1.217976e-04 
 2.810873e+00  1.297402e-04 
 2.811271e+00  1.369917e-04 
 2.811668e+00  1.432129e-04 
 2.812066e+00  1.485771e-04 
 2.812464e+00  1.528485e-04 
 2.812861e+00  1.562374e-04 
 2.813259e+00  1.588408e-04 
 2.813657e+00  1.608279e-04 
 2.814054e+00  1.624417e-04 
 2.814452e+00  1.638584e-04 
 2.814850e+00  1.653206e-04 
 2.815248e+00  1.664874e-04 
 2.815645e+00  1.675604e-04 
 2.816043e+00  1.685460e-04 
 2.816441e+00  1.691024e-04 
 2.816838e+00  1.695070e-04 
 2.817236e+00  1.697157e-04 
 2.817634e+00  1.701412e-04 
 2.818031e+00  1.708544e-04 
 2.818429e+00  1.718884e-04 
 2.818827e+00  1.735368e-04 
 2.819225e+00  1.756320e-04 
 2.819622e+00  1.780301e-04 
 2.820020e+00  1.805245e-04 
 2.820418e+00  1.827700e-04 
 2.820815e+00  1.844947e-04 
 2.821213e+00  1.853887e-04 
 2.821611e+00  1.851932e-04 
 2.822008e+00  1.836826e-04 
 2.822406e+00  1.810179e-04 
 2.822804e+00  1.773053e-04 
 2.823201e+00  1.725265e-04 
 2.823599e+00  1.673671e-04 
 2.823997e+00  1.619971e-04 
 2.824395e+00  1.567624e-04 
 2.824792e+00  1.522798e-04 
 2.825190e+00  1.486940e-04 
 2.825588e+00  1.463973e-04 
 2.825985e+00  1.453938e-04 
 2.826383e+00  1.458369e-04 
 2.826781e+00  1.476623e-04 
 2.827178e+00  1.504277e-04 
 2.827576e+00  1.536176e-04 
 2.827974e+00  1.572802e-04 
 2.828372e+00  1.609962e-04 
 2.828769e+00  1.646210e-04 
 2.829167e+00  1.682748e-04 
 2.829565e+00  1.717304e-04 
 2.829962e+00  1.745870e-04 
 2.830360e+00  1.771749e-04 
 2.830758e+00  1.794906e-04 
 2.831155e+00  1.813447e-04 
 2.831553e+00  1.829878e-04 
 2.831951e+00  1.849121e-04 
 2.832348e+00  1.872415e-04 
 2.832746e+00  1.901505e-04 
 2.833144e+00  1.937080e-04 
 2.833542e+00  1.978207e-04 
 2.833939e+00  2.024810e-04 
 2.834337e+00  2.074899e-04 
 2.834735e+00  2.122473e-04 
 2.835132e+00  2.163523e-04 
 2.835530e+00  2.195728e-04 
 2.835928e+00  2.216432e-04 
 2.836325e+00  2.225177e-04 
 2.836723e+00  2.221797e-04 
 2.837121e+00  2.204743e-04 
 2.837519e+00  2.179736e-04 
 2.837916e+00  2.146190e-04 
 2.838314e+00  2.106843e-04 
 2.838712e+00  2.065029e-04 
 2.839109e+00  2.018972e-04 
 2.839507e+00  1.973828e-04 
 2.839905e+00  1.926445e-04 
 2.840302e+00  1.882104e-04 
 2.840700e+00  1.835722e-04 
 2.841098e+00  1.788058e-04 
 2.841495e+00  1.738252e-04 
 2.841893e+00  1.683887e-04 
 2.842291e+00  1.627517e-04 
 2.842689e+00  1.568174e-04 
 2.843086e+00  1.507231e-04 
 2.843484e+00  1.446858e-04 
 2.843882e+00  1.389554e-04 
 2.844279e+00  1.338069e-04 
 2.844677e+00  1.292627e-04 
 2.845075e+00  1.252289e-04 
 2.845472e+00  1.217561e-04 
 2.845870e+00  1.188724e-04 
 2.846268e+00  1.163497e-04 
 2.846666e+00  1.143339e-04 
 2.847063e+00  1.122917e-04 
 2.847461e+00  1.103828e-04 
 2.847859e+00  1.082358e-04 
 2.848256e+00  1.060388e-04 
 2.848654e+00  1.038032e-04 
 2.849052e+00  1.015589e-04 
 2.849449e+00  9.971140e-05 
 2.849847e+00  9.825457e-05 
