         time tilt_full_... 
------------- ------------- 
 1.347123e-04  9.870918e-03 
 2.843919e-04  9.851235e-03 
 4.340715e-04  9.828756e-03 
 5.837511e-04  9.804068e-03 
 7.333490e-04  9.776789e-03 
 8.829469e-04  9.746162e-03 
 1.032545e-03  9.712314e-03 
 1.182143e-03  9.675947e-03 
 1.331741e-03  9.637361e-03 
 1.481338e-03  9.596213e-03 
 1.630936e-03  9.551882e-03 
 1.780534e-03  9.504038e-03 
 1.930132e-03  9.452915e-03 
 2.079730e-03  9.398825e-03 
 2.229108e-03  9.341616e-03 
 2.378485e-03  9.280400e-03 
 2.527863e-03  9.214519e-03 
 2.677240e-03  9.144268e-03 
 2.826618e-03  9.070354e-03 
 2.975995e-03  8.992721e-03 
 3.125373e-03  8.911184e-03 
 3.274750e-03  8.826590e-03 
 3.424128e-03  8.739833e-03 
 3.573505e-03  8.650784e-03 
 3.722663e-03  8.559294e-03 
 3.871821e-03  8.465560e-03 
 4.020979e-03  8.370128e-03 
 4.170137e-03  8.273301e-03 
 4.319295e-03  8.175050e-03 
 4.468453e-03  7.972677e-03 
 4.617611e-03  7.871508e-03 
 4.766769e-03  7.768662e-03 
 4.915927e-03  7.663235e-03 
 5.065085e-03  7.555774e-03 
 5.214024e-03  7.447550e-03 
 5.362964e-03  7.338511e-03 
 5.511903e-03  7.228294e-03 
 5.660842e-03  7.116431e-03 
 5.809781e-03  7.002575e-03 
 5.958721e-03  6.886889e-03 
 6.107660e-03  6.769654e-03 
 6.256599e-03  6.650978e-03 
 6.405538e-03  6.530875e-03 
 6.554477e-03  6.408947e-03 
 6.703199e-03  6.285025e-03 
 6.851920e-03  6.159448e-03 
 7.000641e-03  6.032818e-03 
 7.149362e-03  5.905041e-03 
 7.298083e-03  5.775685e-03 
 7.446805e-03  5.643983e-03 
 7.595526e-03  5.509294e-03 
 7.744247e-03  5.372285e-03 
 7.892968e-03  5.234133e-03 
 8.041690e-03  5.094886e-03 
 8.190194e-03  4.954142e-03 
 8.338698e-03  4.811194e-03 
 8.487202e-03  4.665331e-03 
 8.635706e-03  4.515909e-03 
 8.784210e-03  4.362840e-03 
 8.932714e-03  4.206395e-03 
 9.081218e-03  4.047204e-03 
 9.229722e-03  3.886219e-03 
 9.378226e-03  3.724215e-03 
 9.526730e-03  3.561384e-03 
 9.675017e-03  3.397459e-03 
 9.823305e-03  3.231697e-03 
 9.971593e-03  3.064584e-03 
 1.011988e-02  2.896798e-03 
 1.026817e-02  2.727862e-03 
 1.041646e-02  2.557162e-03 
 1.056474e-02  2.385468e-03 
 1.071303e-02  2.213323e-03 
 1.086132e-02  2.040042e-03 
 1.100961e-02  1.865156e-03 
 1.115768e-02  1.689685e-03 
 1.130575e-02  1.514323e-03 
 1.145382e-02  1.338657e-03 
 1.160189e-02  1.161292e-03 
 1.174997e-02  9.819159e-04 
 1.189804e-02  8.015176e-04 
 1.204611e-02  6.204689e-04 
 1.219418e-02  4.380349e-04 
 1.234225e-02  2.536417e-04 
 1.249033e-02  6.752135e-05 
 1.263818e-02 -1.195280e-04 
 1.278604e-02 -3.078820e-04 
 1.293390e-02 -4.980406e-04 
 1.308175e-02 -6.894183e-04 
 1.322961e-02 -8.808673e-04 
 1.337747e-02 -1.072899e-03 
 1.352533e-02 -1.267039e-03 
 1.367318e-02 -1.463632e-03 
 1.382104e-02 -1.662489e-03 
 1.396890e-02 -1.864161e-03 
 1.411654e-02 -2.068451e-03 
 1.426418e-02 -2.274349e-03 
 1.441183e-02 -2.480613e-03 
 1.455947e-02 -2.687649e-03 
 1.470711e-02 -2.896517e-03 
 1.485476e-02 -3.106776e-03 
 1.500240e-02 -3.317296e-03 
 1.515004e-02 -3.528414e-03 
 1.529769e-02 -3.741296e-03 
 1.544533e-02 -3.955661e-03 
 1.559276e-02 -4.170525e-03 
 1.574019e-02 -4.386753e-03 
 1.588762e-02 -4.604434e-03 
 1.603505e-02 -4.822390e-03 
 1.618248e-02 -5.039942e-03 
 1.632991e-02 -5.257675e-03 
 1.647734e-02 -5.476505e-03 
 1.662477e-02 -5.696836e-03 
 1.677220e-02 -5.918609e-03 
 1.691963e-02 -6.142099e-03 
 1.706684e-02 -6.367549e-03 
 1.721406e-02 -6.595177e-03 
 1.736128e-02 -6.824373e-03 
 1.750849e-02 -7.055062e-03 
 1.765571e-02 -7.287654e-03 
 1.780293e-02 -7.522446e-03 
 1.795015e-02 -7.759269e-03 
 1.809736e-02 -7.997719e-03 
 1.824458e-02 -8.238608e-03 
 1.839180e-02 -8.483327e-03 
 1.853880e-02 -8.731448e-03 
 1.868581e-02 -8.982022e-03 
 1.883281e-02 -9.234396e-03 
 1.897982e-02 -9.488577e-03 
 1.912683e-02 -9.744322e-03 
 1.927383e-02 -1.000175e-02 
 1.942084e-02 -1.026175e-02 
 1.956784e-02 -1.052477e-02 
 1.971485e-02 -1.079064e-02 
 1.986185e-02 -1.105997e-02 
 2.000865e-02 -1.133341e-02 
 2.015544e-02 -1.161054e-02 
 2.030224e-02 -1.188958e-02 
 2.044903e-02 -1.216990e-02 
 2.059582e-02 -1.245214e-02 
 2.074262e-02 -1.273599e-02 
 2.088941e-02 -1.301955e-02 
 2.103621e-02 -1.330182e-02 
 2.118300e-02 -1.358409e-02 
 2.132980e-02 -1.386749e-02 
 2.147638e-02 -1.415094e-02 
 2.162296e-02 -1.443339e-02 
 2.176955e-02 -1.471442e-02 
 2.191613e-02 -1.499524e-02 
 2.206272e-02 -1.527724e-02 
 2.220930e-02 -1.556028e-02 
 2.235589e-02 -1.584324e-02 
 2.250247e-02 -1.612569e-02 
 2.264905e-02 -1.640787e-02 
 2.279564e-02 -1.668980e-02 
 2.294201e-02 -1.697092e-02 
 2.308839e-02 -1.725182e-02 
 2.323476e-02 -1.753296e-02 
 2.338114e-02 -1.781447e-02 
 2.352751e-02 -1.809589e-02 
 2.367389e-02 -1.837668e-02 
 2.382026e-02 -1.865671e-02 
 2.396664e-02 -1.893629e-02 
 2.411301e-02 -1.921600e-02 
 2.425938e-02 -1.949657e-02 
 2.440555e-02 -1.977777e-02 
 2.455172e-02 -2.005966e-02 
 2.469788e-02 -2.034260e-02 
 2.484405e-02 -2.062748e-02 
 2.499021e-02 -2.091470e-02 
 2.513638e-02 -2.120374e-02 
 2.528255e-02 -2.149387e-02 
 2.542871e-02 -2.178463e-02 
 2.557488e-02 -2.207599e-02 
 2.572104e-02 -2.236843e-02 
 2.586700e-02 -2.266176e-02 
 2.601296e-02 -2.295614e-02 
 2.615892e-02 -2.325122e-02 
 2.630487e-02 -2.354697e-02 
 2.645083e-02 -2.384371e-02 
 2.659679e-02 -2.414137e-02 
 2.674275e-02 -2.443956e-02 
 2.688871e-02 -2.473886e-02 
 2.703466e-02 -2.503962e-02 
 2.718062e-02 -2.534047e-02 
 2.732637e-02 -2.564004e-02 
 2.747212e-02 -2.594034e-02 
 2.761787e-02 -2.624255e-02 
 2.776362e-02 -2.654503e-02 
 2.790937e-02 -2.684615e-02 
 2.805512e-02 -2.714684e-02 
 2.820087e-02 -2.744912e-02 
 2.834662e-02 -2.775298e-02 
 2.849238e-02 -2.805618e-02 
 2.863813e-02 -2.835761e-02 
 2.878367e-02 -2.865794e-02 
 2.892921e-02 -2.895812e-02 
 2.907476e-02 -2.925742e-02 
 2.922030e-02 -2.955596e-02 
 2.936585e-02 -2.985480e-02 
 2.951139e-02 -3.015436e-02 
 2.965693e-02 -3.045389e-02 
 2.980248e-02 -3.075223e-02 
 2.994802e-02 -3.104896e-02 
 3.009357e-02 -3.134426e-02 
 3.023890e-02 -3.163729e-02 
 3.038424e-02 -3.192845e-02 
 3.052958e-02 -3.221777e-02 
 3.067492e-02 -3.250498e-02 
 3.082026e-02 -3.279041e-02 
 3.096559e-02 -3.307587e-02 
 3.111093e-02 -3.336247e-02 
 3.125627e-02 -3.364904e-02 
 3.140161e-02 -3.393381e-02 
 3.154695e-02 -3.421639e-02 
 3.169208e-02 -3.449748e-02 
 3.183721e-02 -3.477868e-02 
 3.198234e-02 -3.505943e-02 
 3.212748e-02 -3.533764e-02 
 3.227261e-02 -3.561202e-02 
 3.241774e-02 -3.588252e-02 
 3.256288e-02 -3.614947e-02 
 3.270801e-02 -3.641384e-02 
 3.285314e-02 -3.667640e-02 
 3.299828e-02 -3.693657e-02 
 3.314320e-02 -3.719356e-02 
 3.328813e-02 -3.744858e-02 
 3.343306e-02 -3.770282e-02 
 3.357799e-02 -3.795665e-02 
 3.372292e-02 -3.820936e-02 
 3.386785e-02 -3.845975e-02 
 3.401277e-02 -3.870741e-02 
 3.415770e-02 -3.895291e-02 
 3.430263e-02 -3.919720e-02 
 3.444756e-02 -3.944163e-02 
 3.459228e-02 -3.968673e-02 
 3.473701e-02 -3.993270e-02 
 3.488173e-02 -4.017898e-02 
 3.502646e-02 -4.042410e-02 
 3.517118e-02 -4.066589e-02 
 3.531591e-02 -4.090550e-02 
 3.546063e-02 -4.114639e-02 
 3.560536e-02 -4.138822e-02 
 3.575008e-02 -4.162726e-02 
 3.589481e-02 -4.186302e-02 
 3.603933e-02 -4.209855e-02 
 3.618385e-02 -4.233557e-02 
 3.632837e-02 -4.257128e-02 
 3.647289e-02 -4.280313e-02 
 3.661742e-02 -4.303245e-02 
 3.676194e-02 -4.326160e-02 
 3.690646e-02 -4.348951e-02 
 3.705098e-02 -4.371350e-02 
 3.719550e-02 -4.393346e-02 
 3.734002e-02 -4.415083e-02 
 3.748434e-02 -4.436567e-02 
 3.762866e-02 -4.457775e-02 
 3.777298e-02 -4.478578e-02 
 3.791730e-02 -4.498766e-02 
 3.806162e-02 -4.518299e-02 
 3.820594e-02 -4.537465e-02 
 3.835026e-02 -4.556542e-02 
 3.849458e-02 -4.575396e-02 
 3.863890e-02 -4.593602e-02 
 3.878322e-02 -4.611009e-02 
 3.892734e-02 -4.627893e-02 
 3.907145e-02 -4.644538e-02 
 3.921557e-02 -4.660821e-02 
 3.935969e-02 -4.676608e-02 
 3.950381e-02 -4.692043e-02 
 3.964793e-02 -4.707255e-02 
 3.979204e-02 -4.722132e-02 
 3.993616e-02 -4.736571e-02 
 4.008028e-02 -4.750672e-02 
 4.022440e-02 -4.764566e-02 
 4.036831e-02 -4.778221e-02 
 4.051223e-02 -4.791443e-02 
 4.065615e-02 -4.804096e-02 
 4.080007e-02 -4.816313e-02 
 4.094398e-02 -4.828284e-02 
 4.108790e-02 -4.840026e-02 
 4.123182e-02 -4.851477e-02 
 4.137573e-02 -4.862609e-02 
 4.151965e-02 -4.873355e-02 
 4.166357e-02 -4.883664e-02 
 4.180728e-02 -4.893602e-02 
 4.195100e-02 -4.903263e-02 
 4.209472e-02 -4.912637e-02 
 4.223843e-02 -4.921661e-02 
 4.238215e-02 -4.930246e-02 
 4.252587e-02 -4.938290e-02 
 4.266958e-02 -4.945735e-02 
 4.281330e-02 -4.952623e-02 
 4.295702e-02 -4.959116e-02 
 4.310073e-02 -4.965406e-02 
 4.324425e-02 -4.971526e-02 
 4.338777e-02 -4.977332e-02 
 4.353128e-02 -4.982615e-02 
 4.367480e-02 -4.987183e-02 
 4.381832e-02 -4.990923e-02 
 4.396184e-02 -4.993918e-02 
 4.410535e-02 -4.996398e-02 
 4.424887e-02 -4.998487e-02 
 4.439239e-02 -5.000136e-02 
 4.453590e-02 -5.001316e-02 
 4.467922e-02 -5.002087e-02 
 4.482254e-02 -5.002520e-02 
 4.496586e-02 -5.002616e-02 
 4.510918e-02 -5.002299e-02 
 4.525250e-02 -5.001506e-02 
 4.539581e-02 -5.000247e-02 
 4.553913e-02 -4.998506e-02 
 4.568245e-02 -4.996244e-02 
 4.582577e-02 -4.993484e-02 
 4.596909e-02 -4.990344e-02 
 4.611221e-02 -4.986917e-02 
 4.625533e-02 -4.983140e-02 
 4.639845e-02 -4.978821e-02 
 4.654157e-02 -4.973853e-02 
 4.668469e-02 -4.968378e-02 
 4.682781e-02 -4.962572e-02 
 4.697093e-02 -4.956376e-02 
 4.711405e-02 -4.949598e-02 
 4.725717e-02 -4.942170e-02 
 4.740029e-02 -4.934205e-02 
 4.754321e-02 -4.925804e-02 
 4.768613e-02 -4.916847e-02 
 4.782906e-02 -4.907202e-02 
 4.797198e-02 -4.897006e-02 
 4.811490e-02 -4.886474e-02 
 4.825782e-02 -4.875490e-02 
 4.840075e-02 -4.863778e-02 
 4.854367e-02 -4.851328e-02 
 4.868659e-02 -4.838283e-02 
 4.882951e-02 -4.824642e-02 
 4.897224e-02 -4.810337e-02 
 4.911497e-02 -4.795323e-02 
 4.925769e-02 -4.779576e-02 
 4.940042e-02 -4.763042e-02 
 4.954314e-02 -4.745744e-02 
 4.968587e-02 -4.727844e-02 
 4.982859e-02 -4.709475e-02 
 4.997132e-02 -4.690546e-02 
 5.011405e-02 -4.670922e-02 
 5.025677e-02 -4.650729e-02 
 5.039930e-02 -4.630164e-02 
 5.054183e-02 -4.609038e-02 
 5.068436e-02 -4.587115e-02 
 5.082689e-02 -4.564488e-02 
 5.096942e-02 -4.541420e-02 
 5.111195e-02 -4.518008e-02 
 5.125448e-02 -4.494129e-02 
 5.139701e-02 -4.469599e-02 
 5.153954e-02 -4.444352e-02 
 5.168207e-02 -4.418495e-02 
 5.182440e-02 -4.392212e-02 
 5.196674e-02 -4.365515e-02 
 5.210907e-02 -4.338344e-02 
 5.225141e-02 -4.310595e-02 
 5.239374e-02 -4.282246e-02 
 5.253607e-02 -4.253363e-02 
 5.267841e-02 -4.223953e-02 
 5.282074e-02 -4.193928e-02 
 5.296308e-02 -4.163282e-02 
 5.310541e-02 -4.132077e-02 
 5.324755e-02 -4.100329e-02 
 5.338969e-02 -4.067955e-02 
 5.353183e-02 -4.035019e-02 
 5.367397e-02 -4.001553e-02 
 5.381611e-02 -3.967474e-02 
 5.395825e-02 -3.932723e-02 
 5.410038e-02 -3.897349e-02 
 5.424252e-02 -3.861475e-02 
 5.438466e-02 -3.825163e-02 
 5.452680e-02 -3.788331e-02 
 5.466875e-02 -3.750914e-02 
 5.481069e-02 -3.712898e-02 
 5.495264e-02 -3.674370e-02 
 5.509458e-02 -3.635284e-02 
 5.523653e-02 -3.595500e-02 
 5.537847e-02 -3.554996e-02 
 5.552042e-02 -3.513993e-02 
 5.566236e-02 -3.472777e-02 
 5.580431e-02 -3.431319e-02 
 5.594625e-02 -3.389299e-02 
 5.608800e-02 -3.346696e-02 
 5.622976e-02 -3.303832e-02 
 5.637151e-02 -3.260974e-02 
 5.651326e-02 -3.217885e-02 
 5.665501e-02 -3.174220e-02 
 5.679676e-02 -3.130065e-02 
 5.693851e-02 -3.085794e-02 
 5.708027e-02 -3.041527e-02 
 5.722202e-02 -2.996988e-02 
 5.736377e-02 -2.951957e-02 
 5.750533e-02 -2.906681e-02 
 5.764689e-02 -2.861386e-02 
 5.778845e-02 -2.816018e-02 
 5.793000e-02 -2.770282e-02 
 5.807156e-02 -2.724001e-02 
 5.821312e-02 -2.677206e-02 
 5.835468e-02 -2.630006e-02 
 5.849624e-02 -2.582439e-02 
 5.863780e-02 -2.534450e-02 
 5.877936e-02 -2.486027e-02 
 5.892072e-02 -2.437276e-02 
 5.906209e-02 -2.388116e-02 
 5.920346e-02 -2.338433e-02 
 5.934482e-02 -2.288192e-02 
 5.948619e-02 -2.237552e-02 
 5.962755e-02 -2.186675e-02 
 5.976892e-02 -2.135495e-02 
 5.991029e-02 -2.083762e-02 
 6.005165e-02 -2.031272e-02 
 6.019302e-02 -1.978076e-02 
 6.033420e-02 -1.924497e-02 
 6.047537e-02 -1.870603e-02 
 6.061655e-02 -1.816262e-02 
 6.075772e-02 -1.761358e-02 
 6.089890e-02 -1.706072e-02 
 6.104007e-02 -1.650639e-02 
 6.118124e-02 -1.594981e-02 
 6.132242e-02 -1.538831e-02 
 6.146359e-02 -1.482173e-02 
 6.160477e-02 -1.425304e-02 
 6.174575e-02 -1.368478e-02 
 6.188674e-02 -1.311459e-02 
 6.202772e-02 -1.254084e-02 
 6.216871e-02 -1.196463e-02 
 6.230969e-02 -1.138774e-02 
 6.245067e-02 -1.081018e-02 
 6.259166e-02 -1.023106e-02 
 6.273264e-02 -9.650261e-03 
 6.287362e-02 -9.068636e-03 
 6.301461e-02 -8.486869e-03 
 6.315540e-02 -7.904871e-03 
 6.329620e-02 -7.319849e-03 
 6.343699e-02 -6.731340e-03 
 6.357778e-02 -6.141199e-03 
 6.371858e-02 -5.550905e-03 
 6.385937e-02 -4.959827e-03 
 6.400016e-02 -4.366343e-03 
 6.414096e-02 -3.769554e-03 
 6.428175e-02 -3.169710e-03 
 6.442255e-02 -2.567231e-03 
 6.456315e-02 -1.962788e-03 
 6.470375e-02 -1.355571e-03 
 6.484436e-02 -7.459040e-04 
 6.498496e-02 -1.329986e-04 
 6.512557e-02  4.846228e-04 
 6.526617e-02  1.106612e-03 
 6.540677e-02  1.730753e-03 
 6.554738e-02  2.355722e-03 
 6.568798e-02  2.982823e-03 
 6.582858e-02  3.614271e-03 
 6.596900e-02  4.249636e-03 
 6.610941e-02  4.888248e-03 
 6.624983e-02  5.529399e-03 
 6.639024e-02  6.174498e-03 
 6.653066e-02  6.824325e-03 
 6.667107e-02  7.477055e-03 
 6.681149e-02  8.130887e-03 
 6.695190e-02  8.786400e-03 
 6.709232e-02  9.445116e-03 
 6.723273e-02  1.010783e-02 
 6.737296e-02  1.077329e-02 
 6.751319e-02  1.144062e-02 
 6.765341e-02  1.210785e-02 
 6.779364e-02  1.277520e-02 
 6.793387e-02  1.344488e-02 
 6.807409e-02  1.411857e-02 
 6.821432e-02  1.479567e-02 
 6.835455e-02  1.547406e-02 
 6.849477e-02  1.615307e-02 
 6.863500e-02  1.683406e-02 
 6.877504e-02  1.751756e-02 
 6.891508e-02  1.820393e-02 
 6.905512e-02  1.889173e-02 
 6.919516e-02  1.958122e-02 
 6.933519e-02  2.027415e-02 
 6.947523e-02  2.097120e-02 
 6.961527e-02  2.167092e-02 
 6.975531e-02  2.237185e-02 
 6.989535e-02  2.307513e-02 
 7.003539e-02  2.378332e-02 
 7.017524e-02  2.449543e-02 
 7.031509e-02  2.520982e-02 
 7.045494e-02  2.592502e-02 
 7.059480e-02  2.664229e-02 
 7.073465e-02  2.736230e-02 
 7.087450e-02  2.808298e-02 
 7.101435e-02  2.880253e-02 
 7.115420e-02  2.952188e-02 
 7.129405e-02  3.024197e-02 
 7.143391e-02  3.096104e-02 
 7.157357e-02  3.167675e-02 
 7.171324e-02  3.239296e-02 
 7.185290e-02  3.311360e-02 
 7.199257e-02  3.383753e-02 
 7.213223e-02  3.455980e-02 
 7.227190e-02  3.527897e-02 
 7.241156e-02  3.599848e-02 
 7.255123e-02  3.672005e-02 
 7.269089e-02  3.744057e-02 
 7.283056e-02  3.815720e-02 
 7.297004e-02  3.887058e-02 
 7.310952e-02  3.958477e-02 
 7.324900e-02  4.030021e-02 
 7.338847e-02  4.101511e-02 
 7.352795e-02  4.172798e-02 
 7.366743e-02  4.243876e-02 
 7.380691e-02  4.314827e-02 
 7.394639e-02  4.385688e-02 
 7.408587e-02  4.456436e-02 
 7.422535e-02  4.527107e-02 
 7.436464e-02  4.597701e-02 
 7.450394e-02  4.668331e-02 
 7.464323e-02  4.738919e-02 
 7.478253e-02  4.809415e-02 
 7.492182e-02  4.879881e-02 
 7.506111e-02  4.950443e-02 
 7.520041e-02  5.021019e-02 
 7.533970e-02  5.091395e-02 
 7.547900e-02  5.161503e-02 
 7.561829e-02  5.231580e-02 
 7.575740e-02  5.301799e-02 
 7.589651e-02  5.372291e-02 
 7.603562e-02  5.442932e-02 
 7.617473e-02  5.513559e-02 
 7.631384e-02  5.584034e-02 
 7.645295e-02  5.654392e-02 
 7.659206e-02  5.724880e-02 
 7.673117e-02  5.795633e-02 
 7.687028e-02  5.866450e-02 
 7.700939e-02  5.937082e-02 
 7.714831e-02  6.007459e-02 
 7.728724e-02  6.077828e-02 
 7.742616e-02  6.148250e-02 
 7.756509e-02  6.218723e-02 
 7.770401e-02  6.289238e-02 
 7.784294e-02  6.359699e-02 
 7.798186e-02  6.429972e-02 
 7.812079e-02  6.500032e-02 
 7.825971e-02  6.569956e-02 
 7.839864e-02  6.639799e-02 
 7.853738e-02  6.709440e-02 
 7.867612e-02  6.778899e-02 
 7.881486e-02  6.848150e-02 
 7.895361e-02  6.917218e-02 
 7.909235e-02  6.986125e-02 
 7.923109e-02  7.054846e-02 
 7.936983e-02  7.123326e-02 
 7.950857e-02  7.191506e-02 
 7.964732e-02  7.259385e-02 
 7.978606e-02  7.327060e-02 
 7.992462e-02  7.394503e-02 
 8.006318e-02  7.461677e-02 
 8.020174e-02  7.528435e-02 
 8.034029e-02  7.594923e-02 
 8.047885e-02  7.661381e-02 
 8.061741e-02  7.727835e-02 
 8.075597e-02  7.794149e-02 
 8.089453e-02  7.860240e-02 
 8.103309e-02  7.926130e-02 
 8.117165e-02  7.991873e-02 
 8.131003e-02  8.057434e-02 
 8.144840e-02  8.122879e-02 
 8.158678e-02  8.188166e-02 
 8.172516e-02  8.253406e-02 
 8.186353e-02  8.318848e-02 
 8.200191e-02  8.384531e-02 
 8.214029e-02  8.450072e-02 
 8.227866e-02  8.515041e-02 
 8.241704e-02  8.579497e-02 
 8.255542e-02  8.643869e-02 
 8.269361e-02  8.708153e-02 
 8.283181e-02  8.771993e-02 
 8.297000e-02  8.835155e-02 
 8.310820e-02  8.898027e-02 
 8.324640e-02  8.960989e-02 
 8.338459e-02  9.023824e-02 
 8.352279e-02  9.086146e-02 
 8.366098e-02  9.148011e-02 
 8.379918e-02  9.209690e-02 
 8.393737e-02  9.271142e-02 
 8.407539e-02  9.332040e-02 
 8.421340e-02  9.392406e-02 
 8.435141e-02  9.452341e-02 
 8.448943e-02  9.511890e-02 
 8.462744e-02  9.571038e-02 
 8.476546e-02  9.629807e-02 
 8.490347e-02  9.688237e-02 
 8.504149e-02  9.746326e-02 
 8.517950e-02  9.804070e-02 
 8.531751e-02  9.861558e-02 
 8.545535e-02  9.918734e-02 
 8.559318e-02  9.975508e-02 
 8.573102e-02  1.003170e-01 
 8.586885e-02  1.008740e-01 
 8.600668e-02  1.014286e-01 
 8.614452e-02  1.019822e-01 
 8.628235e-02  1.025330e-01 
 8.642019e-02  1.030788e-01 
 8.655802e-02  1.036203e-01 
 8.669585e-02  1.041604e-01 
 8.683351e-02  1.047004e-01 
 8.697116e-02  1.052396e-01 
 8.710881e-02  1.057753e-01 
 8.724647e-02  1.063065e-01 
 8.738412e-02  1.068354e-01 
 8.752178e-02  1.073623e-01 
 8.765943e-02  1.078853e-01 
 8.779708e-02  1.084024e-01 
 8.793474e-02  1.089140e-01 
 8.807239e-02  1.094226e-01 
 8.820987e-02  1.099295e-01 
 8.834734e-02  1.104347e-01 
 8.848482e-02  1.109361e-01 
 8.862229e-02  1.114319e-01 
 8.875977e-02  1.119194e-01 
 8.889724e-02  1.124002e-01 
 8.903472e-02  1.128809e-01 
 8.917219e-02  1.133604e-01 
 8.930967e-02  1.138327e-01 
 8.944714e-02  1.142965e-01 
 8.958444e-02  1.147552e-01 
 8.972173e-02  1.152112e-01 
 8.985903e-02  1.156625e-01 
 8.999632e-02  1.161095e-01 
 9.013362e-02  1.165543e-01 
 9.027092e-02  1.169946e-01 
 9.040821e-02  1.174262e-01 
 9.054551e-02  1.178491e-01 
 9.068280e-02  1.182674e-01 
 9.082010e-02  1.186822e-01 
 9.095722e-02  1.190900e-01 
 9.109434e-02  1.194905e-01 
 9.123145e-02  1.198860e-01 
 9.136857e-02  1.202783e-01 
 9.150569e-02  1.206658e-01 
 9.164281e-02  1.210470e-01 
 9.177993e-02  1.214232e-01 
 9.191704e-02  1.217976e-01 
 9.205416e-02  1.221705e-01 
 9.219128e-02  1.225384e-01 
 9.232822e-02  1.228974e-01 
 9.246516e-02  1.232493e-01 
 9.260210e-02  1.235979e-01 
 9.273904e-02  1.239438e-01 
 9.287598e-02  1.242833e-01 
 9.301292e-02  1.246138e-01 
 9.314986e-02  1.249375e-01 
 9.328680e-02  1.252594e-01 
 9.342374e-02  1.255803e-01 
 9.356068e-02  1.258971e-01 
 9.369745e-02  1.262075e-01 
 9.383421e-02  1.265130e-01 
 9.397097e-02  1.268137e-01 
 9.410774e-02  1.271071e-01 
 9.424450e-02  1.273927e-01 
 9.438126e-02  1.276732e-01 
 9.451803e-02  1.279497e-01 
 9.465479e-02  1.282205e-01 
 9.479156e-02  1.284847e-01 
 9.492832e-02  1.287443e-01 
 9.506491e-02  1.289995e-01 
 9.520149e-02  1.292489e-01 
 9.533808e-02  1.294927e-01 
 9.547467e-02  1.297326e-01 
 9.561125e-02  1.299680e-01 
 9.574784e-02  1.301967e-01 
 9.588443e-02  1.304180e-01 
 9.602102e-02  1.306336e-01 
 9.615760e-02  1.308440e-01 
 9.629419e-02  1.310484e-01 
 9.643060e-02  1.312465e-01 
 9.656701e-02  1.314393e-01 
 9.670342e-02  1.316262e-01 
 9.683983e-02  1.318068e-01 
 9.697625e-02  1.319830e-01 
 9.711266e-02  1.321564e-01 
 9.724907e-02  1.323253e-01 
 9.738548e-02  1.324875e-01 
 9.752189e-02  1.326445e-01 
 9.765830e-02  1.327980e-01 
 9.779454e-02  1.329457e-01 
 9.793077e-02  1.330863e-01 
 9.806701e-02  1.332222e-01 
 9.820325e-02  1.333566e-01 
 9.833948e-02  1.334875e-01 
 9.847572e-02  1.336100e-01 
 9.861195e-02  1.337244e-01 
 9.874819e-02  1.338371e-01 
 9.888442e-02  1.339498e-01 
 9.902066e-02  1.340563e-01 
 9.915672e-02  1.341528e-01 
 9.929278e-02  1.342436e-01 
 9.942884e-02  1.343314e-01 
 9.956491e-02  1.344129e-01 
 9.970097e-02  1.344860e-01 
 9.983703e-02  1.345535e-01 
 9.997309e-02  1.346181e-01 
 1.001092e-01  1.346764e-01 
 1.002452e-01  1.347247e-01 
 1.003813e-01  1.347642e-01 
 1.005172e-01  1.347975e-01 
 1.006530e-01  1.348240e-01 
 1.007889e-01  1.348423e-01 
 1.009248e-01  1.348540e-01 
 1.010607e-01  1.348606e-01 
 1.011966e-01  1.348597e-01 
 1.013325e-01  1.348495e-01 
 1.014684e-01  1.348320e-01 
 1.016043e-01  1.348101e-01 
 1.017401e-01  1.347824e-01 
 1.018759e-01  1.347470e-01 
 1.020116e-01  1.347055e-01 
 1.021473e-01  1.346593e-01 
 1.022830e-01  1.346077e-01 
 1.024187e-01  1.345498e-01 
 1.025544e-01  1.344875e-01 
 1.026901e-01  1.344214e-01 
 1.028259e-01  1.343493e-01 
 1.029616e-01  1.342693e-01 
 1.030973e-01  1.341818e-01 
 1.032328e-01  1.340886e-01 
 1.033684e-01  1.339910e-01 
 1.035039e-01  1.338890e-01 
 1.036394e-01  1.337824e-01 
 1.037750e-01  1.336713e-01 
 1.039105e-01  1.335554e-01 
 1.040461e-01  1.334347e-01 
 1.041816e-01  1.333090e-01 
 1.043171e-01  1.331782e-01 
 1.044527e-01  1.330409e-01 
 1.045880e-01  1.328975e-01 
 1.047234e-01  1.327502e-01 
 1.048588e-01  1.325995e-01 
 1.049942e-01  1.324425e-01 
 1.051295e-01  1.322777e-01 
 1.052649e-01  1.321089e-01 
 1.054003e-01  1.319388e-01 
 1.055356e-01  1.317640e-01 
 1.056710e-01  1.315803e-01 
 1.058064e-01  1.313888e-01 
 1.059416e-01  1.311937e-01 
 1.060768e-01  1.309964e-01 
 1.062119e-01  1.307941e-01 
 1.063471e-01  1.305835e-01 
 1.064823e-01  1.303645e-01 
 1.066175e-01  1.301399e-01 
 1.067527e-01  1.299115e-01 
 1.068879e-01  1.296780e-01 
 1.070231e-01  1.294380e-01 
 1.071583e-01  1.291910e-01 
 1.072933e-01  1.289374e-01 
 1.074284e-01  1.286775e-01 
 1.075634e-01  1.284123e-01 
 1.076984e-01  1.281409e-01 
 1.078334e-01  1.278613e-01 
 1.079685e-01  1.275744e-01 
 1.081035e-01  1.272829e-01 
 1.082385e-01  1.269882e-01 
 1.083735e-01  1.266895e-01 
 1.085086e-01  1.263859e-01 
 1.086434e-01  1.260770e-01 
 1.087783e-01  1.257622e-01 
 1.089131e-01  1.254421e-01 
 1.090480e-01  1.251165e-01 
 1.091828e-01  1.247849e-01 
 1.093177e-01  1.244475e-01 
 1.094525e-01  1.241051e-01 
 1.095874e-01  1.237571e-01 
 1.097222e-01  1.234025e-01 
 1.098571e-01  1.230418e-01 
 1.099918e-01  1.226766e-01 
 1.101265e-01  1.223055e-01 
 1.102611e-01  1.219274e-01 
 1.103958e-01  1.215431e-01 
 1.105305e-01  1.211530e-01 
 1.106652e-01  1.207568e-01 
 1.107999e-01  1.203535e-01 
 1.109346e-01  1.199430e-01 
 1.110692e-01  1.195263e-01 
 1.112039e-01  1.191054e-01 
 1.113384e-01  1.186808e-01 
 1.114730e-01  1.182506e-01 
 1.116075e-01  1.178148e-01 
 1.117420e-01  1.173745e-01 
 1.118765e-01  1.169295e-01 
 1.120110e-01  1.164786e-01 
 1.121455e-01  1.160222e-01 
 1.122800e-01  1.155609e-01 
 1.124145e-01  1.150935e-01 
 1.125491e-01  1.146192e-01 
 1.126834e-01  1.141400e-01 
 1.128177e-01  1.136564e-01 
 1.129521e-01  1.131673e-01 
 1.130864e-01  1.126709e-01 
 1.132208e-01  1.121671e-01 
 1.133551e-01  1.116566e-01 
 1.134895e-01  1.111403e-01 
 1.136238e-01  1.106185e-01 
 1.137582e-01  1.100918e-01 
 1.138925e-01  1.095603e-01 
 1.140267e-01  1.090249e-01 
 1.141609e-01  1.084838e-01 
 1.142950e-01  1.079364e-01 
 1.144292e-01  1.073839e-01 
 1.145634e-01  1.068270e-01 
 1.146976e-01  1.062642e-01 
 1.148317e-01  1.056939e-01 
 1.149659e-01  1.051174e-01 
 1.151001e-01  1.045359e-01 
 1.152343e-01  1.039483e-01 
 1.153683e-01  1.033540e-01 
 1.155023e-01  1.027530e-01 
 1.156363e-01  1.021465e-01 
 1.157703e-01  1.015353e-01 
 1.159043e-01  1.009199e-01 
 1.160383e-01  1.002995e-01 
 1.161723e-01  9.967343e-02 
 1.163063e-01  9.904117e-02 
 1.164403e-01  9.840290e-02 
 1.165743e-01  9.775842e-02 
 1.167082e-01  9.710793e-02 
 1.168420e-01  9.645041e-02 
 1.169758e-01  9.578633e-02 
 1.171097e-01  9.511680e-02 
 1.172435e-01  9.444253e-02 
 1.173774e-01  9.376258e-02 
 1.175112e-01  9.307629e-02 
 1.176450e-01  9.238521e-02 
 1.177789e-01  9.169063e-02 
 1.179127e-01  9.099094e-02 
 1.180464e-01  9.028460e-02 
 1.181801e-01  8.957042e-02 
 1.183137e-01  8.884907e-02 
 1.184474e-01  8.812034e-02 
 1.185811e-01  8.738389e-02 
 1.187147e-01  8.664020e-02 
 1.188484e-01  8.588982e-02 
 1.189821e-01  8.513269e-02 
 1.191158e-01  8.436862e-02 
 1.192494e-01  8.359754e-02 
 1.193829e-01  8.282024e-02 
 1.195164e-01  8.203530e-02 
 1.196499e-01  8.124249e-02 
 1.197835e-01  8.044255e-02 
 1.199170e-01  7.963694e-02 
 1.200505e-01  7.882619e-02 
 1.201840e-01  7.800946e-02 
 1.203175e-01  7.718649e-02 
 1.204510e-01  7.635889e-02 
 1.205845e-01  7.552803e-02 
 1.207178e-01  7.469417e-02 
 1.208512e-01  7.385485e-02 
 1.209845e-01  7.300974e-02 
 1.211178e-01  7.215934e-02 
 1.212512e-01  7.130397e-02 
 1.213845e-01  7.044328e-02 
 1.215179e-01  6.957602e-02 
 1.216512e-01  6.870082e-02 
 1.217845e-01  6.781823e-02 
 1.219179e-01  6.693071e-02 
 1.220510e-01  6.604071e-02 
 1.221842e-01  6.514622e-02 
 1.223174e-01  6.424637e-02 
 1.224506e-01  6.334172e-02 
 1.225837e-01  6.243368e-02 
 1.227169e-01  6.152304e-02 
 1.228501e-01  6.060904e-02 
 1.229833e-01  5.969012e-02 
 1.231164e-01  5.876580e-02 
 1.232496e-01  5.783720e-02 
 1.233826e-01  5.690645e-02 
 1.235156e-01  5.597154e-02 
 1.236486e-01  5.503080e-02 
 1.237816e-01  5.408447e-02 
 1.239146e-01  5.313528e-02 
 1.240477e-01  5.218536e-02 
 1.241807e-01  5.123290e-02 
 1.243137e-01  5.027381e-02 
 1.244467e-01  4.930700e-02 
 1.245797e-01  4.833609e-02 
 1.247125e-01  4.736577e-02 
 1.248454e-01  4.639347e-02 
 1.249782e-01  4.541553e-02 
 1.251111e-01  4.443195e-02 
 1.252439e-01  4.344633e-02 
 1.253767e-01  4.246031e-02 
 1.255096e-01  4.147131e-02 
 1.256424e-01  4.047650e-02 
 1.257753e-01  3.947696e-02 
 1.259081e-01  3.847618e-02 
 1.260408e-01  3.747631e-02 
 1.261735e-01  3.647308e-02 
 1.263062e-01  3.546313e-02 
 1.264388e-01  3.444655e-02 
 1.265715e-01  3.342718e-02 
 1.267042e-01  3.240822e-02 
 1.268369e-01  3.138888e-02 
 1.269696e-01  3.036498e-02 
 1.271022e-01  2.933345e-02 
 1.272349e-01  2.829589e-02 
 1.273674e-01  2.725771e-02 
 1.274999e-01  2.621909e-02 
 1.276325e-01  2.517799e-02 
 1.277650e-01  2.413267e-02 
 1.278975e-01  2.308401e-02 
 1.280300e-01  2.203299e-02 
 1.281625e-01  2.097788e-02 
 1.282950e-01  1.991551e-02 
 1.284276e-01  1.884557e-02 
 1.285601e-01  1.777182e-02 
 1.286924e-01  1.669911e-02 
 1.288248e-01  1.562527e-02 
 1.289571e-01  1.454703e-02 
 1.290895e-01  1.346297e-02 
 1.292218e-01  1.237395e-02 
 1.293542e-01  1.128090e-02 
 1.294865e-01  1.018408e-02 
 1.296189e-01  9.083469e-03 
 1.297512e-01  7.978717e-03 
 1.298836e-01  6.869993e-03 
 1.300158e-01  5.759641e-03 
 1.301480e-01  4.646613e-03 
 1.302802e-01  3.529852e-03 
 1.304124e-01  2.408031e-03 
 1.305445e-01  1.281186e-03 
 1.306767e-01  1.507500e-04 
 1.308089e-01 -9.812211e-04 
 1.309411e-01 -2.113367e-03 
 1.310733e-01 -3.246459e-03 
 1.312055e-01 -4.382331e-03 
 1.313375e-01 -5.519697e-03 
 1.314695e-01 -6.658538e-03 
 1.316016e-01 -7.798721e-03 
 1.317336e-01 -8.941608e-03 
 1.318656e-01 -1.008719e-02 
 1.319977e-01 -1.123335e-02 
 1.321297e-01 -1.237855e-02 
 1.322617e-01 -1.352420e-02 
 1.323937e-01 -1.467344e-02 
 1.325258e-01 -1.582746e-02 
 1.326576e-01 -1.698206e-02 
 1.327895e-01 -1.813504e-02 
 1.329214e-01 -1.928713e-02 
 1.330532e-01 -2.044286e-02 
 1.331851e-01 -2.160434e-02 
 1.333170e-01 -2.276856e-02 
 1.334488e-01 -2.393143e-02 
 1.335807e-01 -2.509219e-02 
 1.337126e-01 -2.625305e-02 
 1.338444e-01 -2.741645e-02 
 1.339761e-01 -2.858214e-02 
 1.341078e-01 -2.975058e-02 
 1.342395e-01 -3.091947e-02 
 1.343712e-01 -3.208775e-02 
 1.345029e-01 -3.325725e-02 
 1.346347e-01 -3.443079e-02 
 1.347664e-01 -3.560820e-02 
 1.348981e-01 -3.678596e-02 
 1.350298e-01 -3.796159e-02 
 1.351615e-01 -3.913683e-02 
 1.352930e-01 -4.031383e-02 
 1.354246e-01 -4.149472e-02 
 1.355561e-01 -4.267721e-02 
 1.356876e-01 -4.385960e-02 
 1.358192e-01 -4.504215e-02 
 1.359507e-01 -4.622568e-02 
 1.360823e-01 -4.741083e-02 
 1.362138e-01 -4.859787e-02 
 1.363454e-01 -4.978654e-02 
 1.364769e-01 -5.097641e-02 
 1.366083e-01 -5.216633e-02 
 1.367397e-01 -5.335821e-02 
 1.368711e-01 -5.455124e-02 
 1.370024e-01 -5.574305e-02 
 1.371338e-01 -5.693194e-02 
 1.372652e-01 -5.811939e-02 
 1.373966e-01 -5.930856e-02 
 1.375280e-01 -6.050022e-02 
 1.376594e-01 -6.169147e-02 
 1.377907e-01 -6.287986e-02 
 1.379220e-01 -6.406560e-02 
 1.380532e-01 -6.525384e-02 
 1.381844e-01 -6.644518e-02 
 1.383156e-01 -6.763663e-02 
 1.384469e-01 -6.882608e-02 
 1.385781e-01 -7.001461e-02 
 1.387093e-01 -7.120452e-02 
 1.388405e-01 -7.239616e-02 
 1.389718e-01 -7.358760e-02 
 1.391030e-01 -7.477679e-02 
 1.392341e-01 -7.596187e-02 
 1.393651e-01 -7.714536e-02 
 1.394962e-01 -7.832857e-02 
 1.396272e-01 -7.951238e-02 
 1.397583e-01 -8.069702e-02 
 1.398894e-01 -8.188143e-02 
 1.400204e-01 -8.306349e-02 
 1.401515e-01 -8.424192e-02 
 1.402826e-01 -8.541828e-02 
 1.404136e-01 -8.659498e-02 
 1.405445e-01 -8.777025e-02 
 1.406754e-01 -8.894274e-02 
 1.408064e-01 -9.010976e-02 
 1.409373e-01 -9.127260e-02 
 1.410682e-01 -9.243685e-02 
 1.411991e-01 -9.360259e-02 
 1.413300e-01 -9.476547e-02 
 1.414609e-01 -9.592433e-02 
 1.415918e-01 -9.708250e-02 
 1.417227e-01 -9.824082e-02 
 1.418534e-01 -9.939405e-02 
 1.419842e-01 -1.005417e-01 
 1.421149e-01 -1.016879e-01 
 1.422457e-01 -1.028369e-01 
 1.423764e-01 -1.039879e-01 
 1.425072e-01 -1.051374e-01 
 1.426379e-01 -1.062840e-01 
 1.427687e-01 -1.074276e-01 
 1.428994e-01 -1.085692e-01 
 1.430302e-01 -1.097109e-01 
 1.431608e-01 -1.108541e-01 
 1.432914e-01 -1.119997e-01 
 1.434219e-01 -1.131427e-01 
 1.435525e-01 -1.142795e-01 
 1.436831e-01 -1.154126e-01 
 1.438137e-01 -1.165481e-01 
 1.439443e-01 -1.176882e-01 
 1.440749e-01 -1.188285e-01 
 1.442055e-01 -1.199645e-01 
 1.443361e-01 -1.210975e-01 
 1.444665e-01 -1.222304e-01 
 1.445969e-01 -1.233650e-01 
 1.447274e-01 -1.244978e-01 
 1.448578e-01 -1.256274e-01 
 1.449882e-01 -1.267559e-01 
 1.451187e-01 -1.278861e-01 
 1.452491e-01 -1.290195e-01 
 1.453795e-01 -1.301559e-01 
 1.455100e-01 -1.312912e-01 
 1.456404e-01 -1.324210e-01 
 1.457707e-01 -1.335450e-01 
 1.459010e-01 -1.346712e-01 
 1.460312e-01 -1.358032e-01 
 1.461615e-01 -1.369386e-01 
 1.462918e-01 -1.380732e-01 
 1.464221e-01 -1.392065e-01 
 1.465523e-01 -1.403395e-01 
 1.466826e-01 -1.414718e-01 
 1.468129e-01 -1.426013e-01 
 1.469432e-01 -1.437271e-01 
 1.470733e-01 -1.448510e-01 
 1.472034e-01 -1.459793e-01 
 1.473335e-01 -1.471128e-01 
 1.474636e-01 -1.482466e-01 
 1.475938e-01 -1.493769e-01 
 1.477239e-01 -1.505054e-01 
 1.478540e-01 -1.516352e-01 
 1.479841e-01 -1.527655e-01 
 1.481142e-01 -1.538951e-01 
 1.482444e-01 -1.550268e-01 
 1.483743e-01 -1.561620e-01 
 1.485043e-01 -1.572997e-01 
 1.486342e-01 -1.584347e-01 
 1.487642e-01 -1.595651e-01 
 1.488942e-01 -1.606925e-01 
 1.490241e-01 -1.618189e-01 
 1.491541e-01 -1.629456e-01 
 1.492841e-01 -1.640720e-01 
 1.494140e-01 -1.651960e-01 
 1.495440e-01 -1.663171e-01 
 1.496738e-01 -1.674355e-01 
 1.498036e-01 -1.685529e-01 
 1.499334e-01 -1.696687e-01 
 1.500632e-01 -1.707836e-01 
 1.501930e-01 -1.718978e-01 
 1.503228e-01 -1.730102e-01 
 1.504526e-01 -1.741186e-01 
 1.505824e-01 -1.752231e-01 
 1.507123e-01 -1.763249e-01 
 1.508421e-01 -1.774247e-01 
 1.509717e-01 -1.785218e-01 
 1.511014e-01 -1.796182e-01 
 1.512310e-01 -1.807128e-01 
 1.513607e-01 -1.818053e-01 
 1.514903e-01 -1.828956e-01 
 1.516200e-01 -1.839823e-01 
 1.517496e-01 -1.850632e-01 
 1.518793e-01 -1.861393e-01 
 1.520089e-01 -1.872152e-01 
 1.521386e-01 -1.882924e-01 
 1.522681e-01 -1.893661e-01 
 1.523976e-01 -1.904353e-01 
 1.525271e-01 -1.915022e-01 
 1.526566e-01 -1.925692e-01 
 1.527861e-01 -1.936348e-01 
 1.529156e-01 -1.946963e-01 
 1.530451e-01 -1.957532e-01 
 1.531746e-01 -1.968068e-01 
 1.533041e-01 -1.978584e-01 
 1.534336e-01 -1.989081e-01 
 1.535629e-01 -1.999528e-01 
 1.536923e-01 -2.009923e-01 
 1.538216e-01 -2.020284e-01 
 1.539509e-01 -2.030659e-01 
 1.540803e-01 -2.041071e-01 
 1.542096e-01 -2.051496e-01 
 1.543390e-01 -2.061894e-01 
 1.544683e-01 -2.072256e-01 
 1.545977e-01 -2.082612e-01 
 1.547270e-01 -2.092982e-01 
 1.548562e-01 -2.103333e-01 
 1.549854e-01 -2.113634e-01 
 1.551146e-01 -2.123858e-01 
 1.552438e-01 -2.134014e-01 
 1.553730e-01 -2.144123e-01 
 1.555021e-01 -2.154193e-01 
 1.556313e-01 -2.164214e-01 
 1.557605e-01 -2.174183e-01 
 1.558897e-01 -2.184105e-01 
 1.560189e-01 -2.193987e-01 
 1.561479e-01 -2.203833e-01 
 1.562770e-01 -2.213659e-01 
 1.564060e-01 -2.223450e-01 
 1.565351e-01 -2.233193e-01 
 1.566641e-01 -2.242917e-01 
 1.567931e-01 -2.252670e-01 
 1.569222e-01 -2.262456e-01 
 1.570512e-01 -2.272218e-01 
 1.571802e-01 -2.281910e-01 
 1.573093e-01 -2.291545e-01 
 1.574382e-01 -2.301155e-01 
 1.575670e-01 -2.310762e-01 
 1.576959e-01 -2.320343e-01 
 1.578248e-01 -2.329878e-01 
 1.579537e-01 -2.339379e-01 
 1.580826e-01 -2.348877e-01 
 1.582115e-01 -2.358389e-01 
 1.583403e-01 -2.367902e-01 
 1.584692e-01 -2.377384e-01 
 1.585981e-01 -2.386813e-01 
 1.587268e-01 -2.396187e-01 
 1.588556e-01 -2.405550e-01 
 1.589843e-01 -2.414923e-01 
 1.591130e-01 -2.424287e-01 
 1.592418e-01 -2.433595e-01 
 1.593705e-01 -2.442806e-01 
 1.594992e-01 -2.451935e-01 
 1.596280e-01 -2.461038e-01 
 1.597567e-01 -2.470158e-01 
 1.598854e-01 -2.479287e-01 
 1.600140e-01 -2.488374e-01 
 1.601426e-01 -2.497403e-01 
 1.602712e-01 -2.506378e-01 
 1.603998e-01 -2.515321e-01 
 1.605283e-01 -2.524253e-01 
 1.606569e-01 -2.533172e-01 
 1.607855e-01 -2.542066e-01 
 1.609141e-01 -2.550924e-01 
 1.610427e-01 -2.559766e-01 
 1.611712e-01 -2.568613e-01 
 1.612997e-01 -2.577462e-01 
 1.614281e-01 -2.586311e-01 
 1.615565e-01 -2.595140e-01 
 1.616849e-01 -2.603919e-01 
 1.618134e-01 -2.612620e-01 
 1.619418e-01 -2.621252e-01 
 1.620702e-01 -2.629843e-01 
 1.621987e-01 -2.638397e-01 
 1.623271e-01 -2.646902e-01 
 1.624555e-01 -2.655366e-01 
 1.625838e-01 -2.663817e-01 
 1.627121e-01 -2.672276e-01 
 1.628403e-01 -2.680713e-01 
 1.629686e-01 -2.689110e-01 
 1.630969e-01 -2.697477e-01 
 1.632252e-01 -2.705810e-01 
 1.633535e-01 -2.714074e-01 
 1.634817e-01 -2.722263e-01 
 1.636100e-01 -2.730430e-01 
 1.637383e-01 -2.738611e-01 
 1.638664e-01 -2.746765e-01 
 1.639945e-01 -2.754854e-01 
 1.641227e-01 -2.762891e-01 
 1.642508e-01 -2.770929e-01 
 1.643789e-01 -2.778976e-01 
 1.645070e-01 -2.786997e-01 
 1.646352e-01 -2.794959e-01 
 1.647633e-01 -2.802860e-01 
 1.648914e-01 -2.810716e-01 
 1.650196e-01 -2.818551e-01 
 1.651475e-01 -2.826375e-01 
 1.652755e-01 -2.834191e-01 
 1.654035e-01 -2.841956e-01 
 1.655315e-01 -2.849623e-01 
 1.656594e-01 -2.857207e-01 
 1.657874e-01 -2.864770e-01 
 1.659154e-01 -2.872351e-01 
 1.660434e-01 -2.879923e-01 
 1.661713e-01 -2.887439e-01 
 1.662993e-01 -2.894902e-01 
 1.664271e-01 -2.902359e-01 
 1.665550e-01 -2.909851e-01 
 1.666828e-01 -2.917330e-01 
 1.668106e-01 -2.924734e-01 
 1.669384e-01 -2.932064e-01 
 1.670663e-01 -2.939367e-01 
 1.671941e-01 -2.946667e-01 
 1.673219e-01 -2.953965e-01 
 1.674498e-01 -2.961272e-01 
 1.675776e-01 -2.968584e-01 
 1.677053e-01 -2.975847e-01 
 1.678329e-01 -2.983023e-01 
 1.679606e-01 -2.990125e-01 
 1.680883e-01 -2.997212e-01 
 1.682160e-01 -3.004309e-01 
 1.683436e-01 -3.011373e-01 
 1.684713e-01 -3.018340e-01 
 1.685990e-01 -3.025190e-01 
 1.687267e-01 -3.031982e-01 
 1.688544e-01 -3.038813e-01 
 1.689819e-01 -3.045702e-01 
 1.691094e-01 -3.052564e-01 
 1.692369e-01 -3.059275e-01 
 1.693645e-01 -3.065825e-01 
 1.694920e-01 -3.072323e-01 
 1.696195e-01 -3.078853e-01 
 1.697471e-01 -3.085390e-01 
 1.698746e-01 -3.091845e-01 
 1.700021e-01 -3.098165e-01 
 1.701296e-01 -3.104351e-01 
 1.702570e-01 -3.110426e-01 
 1.703844e-01 -3.116431e-01 
 1.705118e-01 -3.122394e-01 
 1.706392e-01 -3.128340e-01 
 1.707665e-01 -3.134283e-01 
 1.708939e-01 -3.140183e-01 
 1.710213e-01 -3.145953e-01 
 1.711487e-01 -3.151550e-01 
 1.712761e-01 -3.157032e-01 
 1.714034e-01 -3.162486e-01 
 1.715307e-01 -3.167898e-01 
 1.716579e-01 -3.173203e-01 
 1.717851e-01 -3.178401e-01 
 1.719124e-01 -3.183580e-01 
 1.720396e-01 -3.188787e-01 
 1.721668e-01 -3.193951e-01 
 1.722941e-01 -3.198990e-01 
 1.724213e-01 -3.203927e-01 
 1.725485e-01 -3.208842e-01 
 1.726758e-01 -3.213764e-01 
 1.728028e-01 -3.218649e-01 
 1.729299e-01 -3.223471e-01 
 1.730570e-01 -3.228226e-01 
 1.731841e-01 -3.232914e-01 
 1.733112e-01 -3.237530e-01 
 1.734383e-01 -3.242067e-01 
 1.735654e-01 -3.246535e-01 
 1.736924e-01 -3.250952e-01 
 1.738195e-01 -3.255325e-01 
 1.739466e-01 -3.259636e-01 
 1.740735e-01 -3.263869e-01 
 1.742005e-01 -3.268055e-01 
 1.743274e-01 -3.272232e-01 
 1.744544e-01 -3.276397e-01 
 1.745813e-01 -3.280511e-01 
 1.747082e-01 -3.284558e-01 
 1.748352e-01 -3.288566e-01 
 1.749621e-01 -3.292569e-01 
 1.750890e-01 -3.296564e-01 
 1.752160e-01 -3.300518e-01 
 1.753428e-01 -3.304401e-01 
 1.754696e-01 -3.308216e-01 
 1.755964e-01 -3.311985e-01 
 1.757231e-01 -3.315729e-01 
 1.758499e-01 -3.319443e-01 
 1.759767e-01 -3.323104e-01 
 1.761035e-01 -3.326709e-01 
 1.762303e-01 -3.330278e-01 
 1.763571e-01 -3.333816e-01 
 1.764839e-01 -3.337291e-01 
 1.766105e-01 -3.340673e-01 
 1.767372e-01 -3.343981e-01 
 1.768638e-01 -3.347245e-01 
 1.769905e-01 -3.350471e-01 
 1.771171e-01 -3.353640e-01 
 1.772438e-01 -3.356742e-01 
 1.773704e-01 -3.359794e-01 
 1.774971e-01 -3.362819e-01 
 1.776237e-01 -3.365833e-01 
 1.777503e-01 -3.368824e-01 
 1.778768e-01 -3.371759e-01 
 1.780033e-01 -3.374615e-01 
 1.781298e-01 -3.377404e-01 
 1.782563e-01 -3.380158e-01 
 1.783828e-01 -3.382887e-01 
 1.785092e-01 -3.385562e-01 
 1.786357e-01 -3.388153e-01 
 1.787622e-01 -3.390666e-01 
 1.788887e-01 -3.393127e-01 
 1.790152e-01 -3.395549e-01 
 1.791415e-01 -3.397901e-01 
 1.792679e-01 -3.400147e-01 
 1.793942e-01 -3.402287e-01 
 1.795206e-01 -3.404369e-01 
 1.796469e-01 -3.406442e-01 
 1.797733e-01 -3.408512e-01 
 1.798996e-01 -3.410547e-01 
 1.800260e-01 -3.412520e-01 
 1.801523e-01 -3.414429e-01 
 1.802787e-01 -3.416283e-01 
 1.804049e-01 -3.418093e-01 
 1.805311e-01 -3.419874e-01 
 1.806573e-01 -3.421635e-01 
 1.807835e-01 -3.423365e-01 
 1.809097e-01 -3.425046e-01 
 1.810360e-01 -3.426669e-01 
 1.811622e-01 -3.428245e-01 
 1.812884e-01 -3.429775e-01 
 1.814146e-01 -3.431247e-01 
 1.815408e-01 -3.432647e-01 
 1.816669e-01 -3.433983e-01 
 1.817929e-01 -3.435281e-01 
 1.819190e-01 -3.436561e-01 
 1.820450e-01 -3.437816e-01 
 1.821711e-01 -3.439030e-01 
 1.822972e-01 -3.440198e-01 
 1.824232e-01 -3.441331e-01 
 1.825493e-01 -3.442452e-01 
 1.826754e-01 -3.443579e-01 
 1.828014e-01 -3.444706e-01 
 1.829273e-01 -3.445815e-01 
 1.830533e-01 -3.446890e-01 
 1.831792e-01 -3.447929e-01 
 1.833051e-01 -3.448930e-01 
 1.834310e-01 -3.449887e-01 
 1.835569e-01 -3.450786e-01 
 1.836829e-01 -3.451615e-01 
 1.838088e-01 -3.452380e-01 
 1.839347e-01 -3.453103e-01 
 1.840606e-01 -3.453797e-01 
 1.841864e-01 -3.454441e-01 
 1.843122e-01 -3.454034e-01 
 1.844380e-01 -3.454512e-01 
 1.845637e-01 -3.454954e-01 
 1.846895e-01 -3.455360e-01 
 1.848153e-01 -3.455706e-01 
 1.849411e-01 -3.455968e-01 
 1.850668e-01 -3.456154e-01 
 1.851926e-01 -3.456298e-01 
 1.853184e-01 -3.456419e-01 
 1.854440e-01 -3.456493e-01 
 1.855697e-01 -3.456483e-01 
 1.856953e-01 -3.456383e-01 
 1.858209e-01 -3.456226e-01 
 1.859466e-01 -3.456045e-01 
 1.860722e-01 -3.455835e-01 
 1.861978e-01 -3.455561e-01 
 1.863235e-01 -3.455198e-01 
 1.864491e-01 -3.454765e-01 
 1.865747e-01 -3.454301e-01 
 1.867002e-01 -3.453821e-01 
 1.868257e-01 -3.453294e-01 
 1.869512e-01 -3.452690e-01 
 1.870767e-01 -3.452018e-01 
 1.872022e-01 -3.451302e-01 
 1.873277e-01 -3.450542e-01 
 1.874531e-01 -3.449705e-01 
 1.875786e-01 -3.448770e-01 
 1.877041e-01 -3.447756e-01 
 1.878296e-01 -3.446698e-01 
 1.879550e-01 -3.445604e-01 
 1.880803e-01 -3.444439e-01 
 1.882057e-01 -3.443177e-01 
 1.883310e-01 -3.441829e-01 
 1.884564e-01 -3.440428e-01 
 1.885817e-01 -3.438982e-01 
 1.887070e-01 -3.437472e-01 
 1.888324e-01 -3.435876e-01 
 1.889577e-01 -3.434204e-01 
 1.890831e-01 -3.432491e-01 
 1.892083e-01 -3.430755e-01 
 1.893335e-01 -3.428972e-01 
 1.894587e-01 -3.427109e-01 
 1.895839e-01 -3.425156e-01 
 1.897091e-01 -3.423135e-01 
 1.898343e-01 -3.421072e-01 
 1.899595e-01 -3.418978e-01 
 1.900847e-01 -3.416839e-01 
 1.902099e-01 -3.414637e-01 
 1.903351e-01 -3.412365e-01 
 1.904602e-01 -3.410029e-01 
 1.905853e-01 -3.407639e-01 
 1.907103e-01 -3.405215e-01 
 1.908354e-01 -3.402766e-01 
 1.909605e-01 -3.400283e-01 
 1.910855e-01 -3.397744e-01 
 1.912106e-01 -3.395140e-01 
 1.913357e-01 -3.392479e-01 
 1.914607e-01 -3.389772e-01 
 1.915858e-01 -3.387000e-01 
 1.917107e-01 -3.384145e-01 
 1.918356e-01 -3.381202e-01 
 1.919606e-01 -3.378198e-01 
 1.920855e-01 -3.375151e-01 
 1.922104e-01 -3.372062e-01 
 1.923353e-01 -3.368930e-01 
 1.924602e-01 -3.365772e-01 
 1.925852e-01 -3.362597e-01 
 1.927101e-01 -3.359377e-01 
 1.928350e-01 -3.356071e-01 
 1.929598e-01 -3.352659e-01 
 1.930846e-01 -3.349157e-01 
 1.932094e-01 -3.345598e-01 
 1.933341e-01 -3.341988e-01 
 1.934589e-01 -3.338308e-01 
 1.935837e-01 -3.334550e-01 
 1.937085e-01 -3.330737e-01 
 1.938333e-01 -3.326909e-01 
 1.939580e-01 -3.323084e-01 
 1.940828e-01 -3.319235e-01 
 1.942075e-01 -3.315326e-01 
 1.943321e-01 -3.311337e-01 
 1.944568e-01 -3.307285e-01 
 1.945814e-01 -3.303202e-01 
 1.947060e-01 -3.299094e-01 
 1.948307e-01 -3.294932e-01 
 1.949553e-01 -3.290679e-01 
 1.950800e-01 -3.286328e-01 
 1.952046e-01 -3.281911e-01 
 1.953292e-01 -3.277466e-01 
 1.954537e-01 -3.273000e-01 
 1.955782e-01 -3.268478e-01 
 1.957027e-01 -3.263871e-01 
 1.958272e-01 -3.259182e-01 
 1.959517e-01 -3.254433e-01 
 1.960762e-01 -3.249637e-01 
 1.962007e-01 -3.244798e-01 
 1.963252e-01 -3.239914e-01 
 1.964497e-01 -3.234978e-01 
 1.965743e-01 -3.229978e-01 
 1.966986e-01 -3.224905e-01 
 1.968230e-01 -3.219757e-01 
 1.969473e-01 -3.214560e-01 
 1.970717e-01 -3.209339e-01 
 1.971961e-01 -3.204086e-01 
 1.973204e-01 -3.198764e-01 
 1.974448e-01 -3.193338e-01 
 1.975691e-01 -3.187815e-01 
 1.976935e-01 -3.182232e-01 
 1.978179e-01 -3.176616e-01 
 1.979421e-01 -3.170958e-01 
 1.980663e-01 -3.165211e-01 
 1.981905e-01 -3.159358e-01 
 1.983148e-01 -3.153424e-01 
 1.984390e-01 -3.147446e-01 
 1.985632e-01 -3.141438e-01 
 1.986874e-01 -3.135368e-01 
 1.988116e-01 -3.129191e-01 
 1.989359e-01 -3.122886e-01 
 1.990601e-01 -3.116467e-01 
 1.991842e-01 -3.109967e-01 
 1.993083e-01 -3.103386e-01 
 1.994323e-01 -3.096719e-01 
 1.995564e-01 -3.089972e-01 
 1.996805e-01 -3.083167e-01 
 1.998046e-01 -3.076320e-01 
 1.999287e-01 -3.069425e-01 
 2.000528e-01 -3.062463e-01 
 2.001768e-01 -3.055426e-01 
 2.003009e-01 -3.048322e-01 
 2.004249e-01 -3.041164e-01 
 2.005488e-01 -3.033927e-01 
 2.006728e-01 -3.026587e-01 
 2.007967e-01 -3.019133e-01 
 2.009206e-01 -3.011581e-01 
 2.010446e-01 -3.003950e-01 
 2.011685e-01 -2.996248e-01 
 2.012925e-01 -2.988473e-01 
 2.014164e-01 -2.980622e-01 
 2.015404e-01 -2.972700e-01 
 2.016642e-01 -2.964730e-01 
 2.017880e-01 -2.956715e-01 
 2.019118e-01 -2.948654e-01 
 2.020356e-01 -2.940534e-01 
 2.021594e-01 -2.932330e-01 
 2.022832e-01 -2.924020e-01 
 2.024070e-01 -2.915600e-01 
 2.025308e-01 -2.907081e-01 
 2.026546e-01 -2.898482e-01 
 2.027784e-01 -2.889814e-01 
 2.029021e-01 -2.881084e-01 
 2.030258e-01 -2.872274e-01 
 2.031495e-01 -2.863376e-01 
 2.032731e-01 -2.854396e-01 
 2.033968e-01 -2.845351e-01 
 2.035205e-01 -2.836256e-01 
 2.036441e-01 -2.827099e-01 
 2.037678e-01 -2.817844e-01 
 2.038915e-01 -2.808459e-01 
 2.040151e-01 -2.798947e-01 
 2.041387e-01 -2.789360e-01 
 2.042622e-01 -2.779725e-01 
 2.043857e-01 -2.770041e-01 
 2.045093e-01 -2.760278e-01 
 2.046328e-01 -2.750417e-01 
 2.047563e-01 -2.740471e-01 
 2.048799e-01 -2.730457e-01 
 2.050034e-01 -2.720373e-01 
 2.051269e-01 -2.710199e-01 
 2.052505e-01 -2.699937e-01 
 2.053739e-01 -2.689618e-01 
 2.054972e-01 -2.679245e-01 
 2.056206e-01 -2.668804e-01 
 2.057440e-01 -2.658267e-01 
 2.058674e-01 -2.647625e-01 
 2.059908e-01 -2.636904e-01 
 2.061142e-01 -2.626146e-01 
 2.062376e-01 -2.615362e-01 
 2.063610e-01 -2.604533e-01 
 2.064844e-01 -2.593635e-01 
 2.066077e-01 -2.582683e-01 
 2.067309e-01 -2.571686e-01 
 2.068542e-01 -2.560655e-01 
 2.069774e-01 -2.549563e-01 
 2.071007e-01 -2.538368e-01 
 2.072240e-01 -2.527049e-01 
 2.073472e-01 -2.515611e-01 
 2.074705e-01 -2.504087e-01 
 2.075937e-01 -2.492506e-01 
 2.077170e-01 -2.480865e-01 
 2.078401e-01 -2.469151e-01 
 2.079632e-01 -2.457336e-01 
 2.080864e-01 -2.445441e-01 
 2.082095e-01 -2.433499e-01 
 2.083326e-01 -2.421515e-01 
 2.084557e-01 -2.409463e-01 
 2.085789e-01 -2.397321e-01 
 2.087020e-01 -2.385100e-01 
 2.088251e-01 -2.372826e-01 
 2.089482e-01 -2.360504e-01 
 2.090830e-01 -2.346940e-01 
 2.092201e-01 -2.333059e-01 
 2.093571e-01 -2.319129e-01 
 2.094942e-01 -2.305172e-01 
 2.096313e-01 -2.291142e-01 
 2.097684e-01 -2.276978e-01 
 2.099055e-01 -2.262689e-01 
 2.100425e-01 -2.248346e-01 
 2.101796e-01 -2.233978e-01 
 2.103167e-01 -2.219534e-01 
 2.104536e-01 -2.204974e-01 
 2.105905e-01 -2.190292e-01 
 2.107274e-01 -2.176116e-01 
 2.108643e-01 -2.161284e-01 
 2.110013e-01 -2.146345e-01 
 2.111382e-01 -2.131297e-01 
 2.112751e-01 -2.116139e-01 
 2.114120e-01 -2.100887e-01 
 2.115489e-01 -2.085568e-01 
 2.116858e-01 -2.070206e-01 
 2.118226e-01 -2.054813e-01 
 2.119593e-01 -2.039338e-01 
 2.120960e-01 -2.023746e-01 
 2.122328e-01 -2.008036e-01 
 2.123695e-01 -1.992239e-01 
 2.125063e-01 -1.976381e-01 
 2.126430e-01 -1.960448e-01 
 2.127798e-01 -1.944404e-01 
 2.129165e-01 -1.928245e-01 
 2.130533e-01 -1.912003e-01 
 2.131898e-01 -1.895719e-01 
 2.133264e-01 -1.879345e-01 
 2.134630e-01 -1.862839e-01 
 2.135996e-01 -1.846210e-01 
 2.137361e-01 -1.829511e-01 
 2.138727e-01 -1.812773e-01 
 2.140093e-01 -1.795963e-01 
 2.141459e-01 -1.779032e-01 
 2.142825e-01 -1.761990e-01 
 2.144190e-01 -1.744896e-01 
 2.145555e-01 -1.727807e-01 
 2.146919e-01 -1.710666e-01 
 2.148283e-01 -1.693407e-01 
 2.149647e-01 -1.676013e-01 
 2.151011e-01 -1.658527e-01 
 2.152375e-01 -1.640988e-01 
 2.153739e-01 -1.623386e-01 
 2.155103e-01 -1.605680e-01 
 2.156468e-01 -1.587855e-01 
 2.157832e-01 -1.569938e-01 
 2.159194e-01 -1.551976e-01 
 2.160557e-01 -1.533942e-01 
 2.161919e-01 -1.515810e-01 
 2.163282e-01 -1.497583e-01 
 2.164644e-01 -1.479299e-01 
 2.166007e-01 -1.460988e-01 
 2.167369e-01 -1.442627e-01 
 2.168732e-01 -1.424148e-01 
 2.170094e-01 -1.405512e-01 
 2.171457e-01 -1.386741e-01 
 2.172817e-01 -1.367916e-01 
 2.174178e-01 -1.349050e-01 
 2.175539e-01 -1.330129e-01 
 2.176900e-01 -1.311126e-01 
 2.178261e-01 -1.292044e-01 
 2.179622e-01 -1.272922e-01 
 2.180982e-01 -1.253773e-01 
 2.182343e-01 -1.234568e-01 
 2.183704e-01 -1.215256e-01 
 2.185065e-01 -1.195823e-01 
 2.186424e-01 -1.176321e-01 
 2.187783e-01 -1.156751e-01 
 2.189142e-01 -1.137095e-01 
 2.190502e-01 -1.117305e-01 
 2.191861e-01 -1.097366e-01 
 2.193220e-01 -1.077318e-01 
 2.194579e-01 -1.057217e-01 
 2.195938e-01 -1.037085e-01 
 2.197298e-01 -1.016911e-01 
 2.198657e-01 -9.966715e-02 
 2.200014e-01 -9.763761e-02 
 2.201372e-01 -9.559924e-02 
 2.202729e-01 -9.355300e-02 
 2.204087e-01 -9.150165e-02 
 2.205445e-01 -8.944629e-02 
 2.206802e-01 -8.738327e-02 
 2.208160e-01 -8.530729e-02 
 2.209517e-01 -8.321796e-02 
 2.210875e-01 -8.112056e-02 
 2.212232e-01 -7.901893e-02 
 2.213588e-01 -7.691259e-02 
 2.214944e-01 -7.479291e-02 
 2.216300e-01 -7.265898e-02 
 2.217656e-01 -7.051731e-02 
 2.219012e-01 -6.837563e-02 
 2.220368e-01 -6.623472e-02 
 2.221724e-01 -6.408765e-02 
 2.223080e-01 -6.192776e-02 
 2.224436e-01 -5.975633e-02 
 2.225791e-01 -5.758126e-02 
 2.227146e-01 -5.541075e-02 
 2.228500e-01 -5.323994e-02 
 2.229854e-01 -5.106308e-02 
 2.231209e-01 -4.887845e-02 
 2.232563e-01 -4.668941e-02 
 2.233917e-01 -4.449954e-02 
 2.235272e-01 -4.230923e-02 
 2.236626e-01 -4.011727e-02 
 2.237980e-01 -3.792428e-02 
 2.239334e-01 -3.573246e-02 
 2.240687e-01 -3.354440e-02 
 2.242040e-01 -3.135424e-02 
 2.243392e-01 -2.915962e-02 
 2.244745e-01 -2.696222e-02 
 2.246098e-01 -2.476538e-02 
 2.247450e-01 -2.256943e-02 
 2.248803e-01 -2.036984e-02 
 2.250156e-01 -1.815956e-02 
 2.251508e-01 -1.593474e-02 
 2.252861e-01 -1.370012e-02 
 2.254212e-01 -1.146779e-02 
 2.255563e-01 -9.238756e-03 
 2.256914e-01 -7.007945e-03 
 2.258265e-01 -4.770332e-03 
 2.259616e-01 -2.529799e-03 
 2.260967e-01 -2.969420e-04 
 2.262318e-01  1.921049e-03 
 2.263669e-01  4.127896e-03 
 2.265021e-01  6.334245e-03 
 2.266372e-01  8.545889e-03 
 2.267721e-01  1.075676e-02 
 2.269070e-01  1.296495e-02 
 2.270420e-01  1.517033e-02 
 2.271769e-01  1.737369e-02 
 2.273119e-01  1.957379e-02 
 2.274468e-01  2.177011e-02 
 2.275818e-01  2.396457e-02 
 2.277167e-01  2.615899e-02 
 2.278517e-01  2.835376e-02 
 2.279866e-01  3.055832e-02 
 2.281214e-01  3.274449e-02 
 2.282562e-01  3.493432e-02 
 2.283909e-01  3.712887e-02 
 2.285257e-01  3.931922e-02 
 2.286605e-01  4.149225e-02 
 2.287953e-01  4.364823e-02 
 2.289301e-01  4.580241e-02 
 2.290649e-01  4.796628e-02 
 2.291996e-01  5.013553e-02 
 2.293344e-01  5.229924e-02 
 2.294690e-01  5.445078e-02 
 2.296037e-01  5.659673e-02 
 2.297383e-01  5.874211e-02 
 2.298729e-01  6.088964e-02 
 2.300075e-01  6.304211e-02 
 2.301422e-01  6.520350e-02 
 2.302768e-01  6.737518e-02 
 2.304114e-01  6.955470e-02 
 2.305460e-01  7.173937e-02 
 2.306806e-01  7.392827e-02 
 2.308151e-01  7.611715e-02 
 2.309496e-01  7.830412e-02 
 2.310840e-01  8.048313e-02 
 2.312185e-01  8.265069e-02 
 2.313530e-01  8.481494e-02 
 2.314874e-01  8.699380e-02 
 2.316219e-01  8.919254e-02 
 2.317563e-01  9.139574e-02 
 2.318908e-01  9.358977e-02 
 2.320253e-01  9.577922e-02 
 2.321596e-01  9.796866e-02 
 2.322939e-01  1.001546e-01 
 2.324282e-01  1.023324e-01 
 2.325625e-01  1.045144e-01 
 2.326968e-01  1.067128e-01 
 2.328311e-01  1.089207e-01 
 2.329654e-01  1.111244e-01 
 2.330997e-01  1.133232e-01 
 2.332340e-01  1.155286e-01 
 2.333683e-01  1.177502e-01 
 2.335024e-01  1.199860e-01 
 2.336366e-01  1.222333e-01 
 2.337707e-01  1.244869e-01 
 2.339049e-01  1.267458e-01 
 2.340390e-01  1.290123e-01 
 2.341732e-01  1.312885e-01 
 2.343073e-01  1.335721e-01 
 2.344415e-01  1.358572e-01 
 2.345756e-01  1.381399e-01 
 2.347097e-01  1.404247e-01 
 2.348437e-01  1.427179e-01 
 2.349777e-01  1.450247e-01 
 2.351117e-01  1.473399e-01 
 2.352457e-01  1.496606e-01 
 2.353797e-01  1.519885e-01 
 2.355137e-01  1.543186e-01 
 2.356476e-01  1.566400e-01 
 2.357816e-01  1.589538e-01 
 2.359156e-01  1.612737e-01 
 2.360496e-01  1.636010e-01 
 2.361834e-01  1.659187e-01 
 2.363173e-01  1.682284e-01 
 2.364511e-01  1.705509e-01 
 2.365849e-01  1.728981e-01 
 2.367187e-01  1.752541e-01 
 2.368526e-01  1.776010e-01 
 2.369864e-01  1.799446e-01 
 2.371202e-01  1.822961e-01 
 2.372540e-01  1.846470e-01 
 2.373879e-01  1.869814e-01 
 2.375215e-01  1.892993e-01 
 2.376552e-01  1.916183e-01 
 2.377889e-01  1.939412e-01 
 2.379226e-01  1.962581e-01 
 2.380562e-01  1.985682e-01 
 2.381899e-01  2.008785e-01 
 2.383236e-01  2.031873e-01 
 2.384572e-01  2.054866e-01 
 2.385909e-01  2.077789e-01 
 2.387246e-01  2.100760e-01 
 2.388581e-01  2.123753e-01 
 2.389916e-01  2.146659e-01 
 2.391251e-01  2.169405e-01 
 2.392586e-01  2.192073e-01 
 2.393921e-01  2.214740e-01 
 2.395257e-01  2.237351e-01 
 2.396592e-01  2.259836e-01 
 2.397927e-01  2.282229e-01 
 2.399262e-01  2.304584e-01 
 2.400597e-01  2.326909e-01 
 2.401931e-01  2.349231e-01 
 2.403264e-01  2.371666e-01 
 2.404598e-01  2.394186e-01 
 2.405931e-01  2.416630e-01 
 2.407265e-01  2.438945e-01 
 2.408598e-01  2.461255e-01 
 2.409932e-01  2.483623e-01 
 2.411266e-01  2.505930e-01 
 2.412599e-01  2.528073e-01 
 2.413933e-01  2.550129e-01 
 2.415265e-01  2.572176e-01 
 2.416597e-01  2.594213e-01 
 2.417929e-01  2.616163e-01 
 2.419261e-01  2.638020e-01 
 2.420593e-01  2.659817e-01 
 2.421925e-01  2.681544e-01 
 2.423257e-01  2.703158e-01 
 2.424589e-01  2.724651e-01 
 2.425921e-01  2.746047e-01 
 2.427253e-01  2.767381e-01 
 2.428583e-01  2.788672e-01 
 2.429914e-01  2.809971e-01 
 2.431244e-01  2.831249e-01 
 2.432575e-01  2.852429e-01 
 2.433905e-01  2.873476e-01 
 2.435235e-01  2.894462e-01 
 2.436566e-01  2.915478e-01 
 2.437896e-01  2.936483e-01 
 2.439227e-01  2.957324e-01 
 2.440557e-01  2.977950e-01 
 2.441886e-01  2.998479e-01 
 2.443215e-01  3.019063e-01 
 2.444544e-01  3.039637e-01 
 2.445873e-01  3.060090e-01 
 2.447202e-01  3.080479e-01 
 2.448531e-01  3.100950e-01 
 2.449859e-01  3.121508e-01 
 2.451188e-01  3.142035e-01 
 2.452517e-01  3.162467e-01 
 2.453846e-01  3.182859e-01 
 2.455173e-01  3.203248e-01 
 2.456501e-01  3.223650e-01 
 2.457828e-01  3.244008e-01 
 2.459155e-01  3.264273e-01 
 2.460483e-01  3.284461e-01 
 2.461810e-01  3.304637e-01 
 2.463137e-01  3.324842e-01 
 2.464465e-01  3.345059e-01 
 2.465792e-01  3.365273e-01 
 2.467119e-01  3.385515e-01 
 2.468445e-01  3.405792e-01 
 2.469771e-01  3.426104e-01 
 2.471097e-01  3.446420e-01 
 2.472423e-01  3.466739e-01 
 2.473748e-01  3.487060e-01 
 2.475074e-01  3.507355e-01 
 2.476400e-01  3.527602e-01 
 2.477726e-01  3.547831e-01 
 2.479052e-01  3.568039e-01 
 2.480377e-01  3.588159e-01 
 2.481702e-01  3.608212e-01 
 2.483026e-01  3.628209e-01 
 2.484350e-01  3.648151e-01 
 2.485674e-01  3.668057e-01 
 2.486999e-01  3.687916e-01 
 2.488323e-01  3.707700e-01 
 2.489647e-01  3.727432e-01 
 2.490971e-01  3.747171e-01 
 2.492296e-01  3.766947e-01 
 2.493620e-01  3.786747e-01 
 2.494943e-01  3.806511e-01 
 2.496265e-01  3.826219e-01 
 2.497588e-01  3.845857e-01 
 2.498911e-01  3.865466e-01 
 2.500234e-01  3.885084e-01 
 2.501556e-01  3.904688e-01 
 2.502879e-01  3.924228e-01 
 2.504202e-01  3.943685e-01 
 2.505524e-01  3.963053e-01 
 2.506847e-01  3.982333e-01 
 2.508168e-01  4.001539e-01 
 2.509490e-01  4.020735e-01 
 2.510811e-01  4.039924e-01 
 2.512132e-01  4.059100e-01 
 2.513453e-01  4.078290e-01 
 2.514774e-01  4.097518e-01 
 2.516096e-01  4.116756e-01 
 2.517417e-01  4.135954e-01 
 2.518738e-01  4.155076e-01 
 2.520059e-01  4.174113e-01 
 2.521379e-01  4.193002e-01 
 2.522698e-01  4.211727e-01 
 2.524018e-01  4.230320e-01 
 2.525338e-01  4.248862e-01 
 2.526657e-01  4.267416e-01 
 2.527977e-01  4.285999e-01 
 2.529297e-01  4.304583e-01 
 2.530616e-01  4.323123e-01 
 2.531936e-01  4.341607e-01 
 2.533256e-01  4.360071e-01 
 2.534574e-01  4.378547e-01 
 2.535892e-01  4.397053e-01 
 2.537210e-01  4.415520e-01 
 2.538528e-01  4.433871e-01 
 2.539846e-01  4.452115e-01 
 2.541164e-01  4.470345e-01 
 2.542483e-01  4.488632e-01 
 2.543801e-01  4.506927e-01 
 2.545119e-01  4.525120e-01 
 2.546437e-01  4.543163e-01 
 2.547754e-01  4.561083e-01 
 2.549070e-01  4.578957e-01 
 2.550387e-01  4.596778e-01 
 2.551703e-01  4.614489e-01 
 2.553020e-01  4.631944e-01 
 2.554337e-01  4.649259e-01 
 2.555653e-01  4.666433e-01 
 2.556970e-01  4.683367e-01 
 2.558287e-01  4.700023e-01 
 2.559603e-01  4.716482e-01 
 2.560918e-01  4.732834e-01 
 2.562233e-01  4.749103e-01 
 2.563548e-01  4.765195e-01 
 2.564864e-01  4.781054e-01 
 2.566179e-01  4.796745e-01 
 2.567494e-01  4.812379e-01 
 2.568809e-01  4.828004e-01 
 2.570124e-01  4.843594e-01 
 2.571439e-01  4.859119e-01 
 2.572754e-01  4.874578e-01 
 2.574068e-01  4.889964e-01 
 2.575381e-01  4.905254e-01 
 2.576695e-01  4.920334e-01 
 2.578009e-01  4.935341e-01 
 2.579322e-01  4.950287e-01 
 2.580636e-01  4.965114e-01 
 2.581949e-01  4.979766e-01 
 2.583263e-01  4.994264e-01 
 2.584577e-01  5.008663e-01 
 2.585890e-01  5.022939e-01 
 2.587202e-01  5.036981e-01 
 2.588514e-01  5.050784e-01 
 2.589826e-01  5.064478e-01 
 2.591138e-01  5.078230e-01 
 2.592451e-01  5.092083e-01 
 2.593763e-01  5.105963e-01 
 2.595075e-01  5.119801e-01 
 2.596387e-01  5.133603e-01 
 2.597699e-01  5.147391e-01 
 2.599011e-01  5.161160e-01 
 2.600322e-01  5.174907e-01 
 2.601632e-01  5.188693e-01 
 2.602943e-01  5.202528e-01 
 2.604253e-01  5.216309e-01 
 2.605564e-01  5.229891e-01 
 2.606875e-01  5.243231e-01 
 2.608185e-01  5.256407e-01 
 2.609496e-01  5.269522e-01 
 2.610806e-01  5.282614e-01 
 2.612117e-01  5.295678e-01 
 2.613426e-01  5.308692e-01 
 2.614735e-01  5.321659e-01 
 2.616044e-01  5.334552e-01 
 2.617353e-01  5.347344e-01 
 2.618662e-01  5.360066e-01 
 2.619971e-01  5.372808e-01 
 2.621281e-01  5.385643e-01 
 2.622590e-01  5.398555e-01 
 2.623899e-01  5.411454e-01 
 2.625208e-01  5.424281e-01 
 2.626515e-01  5.437053e-01 
 2.627823e-01  5.449841e-01 
 2.629131e-01  5.462641e-01 
 2.630438e-01  5.475396e-01 
 2.631746e-01  5.488046e-01 
 2.633053e-01  5.500565e-01 
 2.634361e-01  5.512947e-01 
 2.635669e-01  5.525185e-01 
 2.636976e-01  5.537259e-01 
 2.638284e-01  5.549150e-01 
 2.639590e-01  5.560851e-01 
 2.640896e-01  5.572404e-01 
 2.642202e-01  5.583811e-01 
 2.643508e-01  5.595048e-01 
 2.644814e-01  5.606097e-01 
 2.646120e-01  5.616976e-01 
 2.647426e-01  5.627735e-01 
 2.648733e-01  5.638414e-01 
 2.650039e-01  5.649013e-01 
 2.651345e-01  5.659490e-01 
 2.652649e-01  5.669796e-01 
 2.653954e-01  5.679970e-01 
 2.655259e-01  5.690069e-01 
 2.656563e-01  5.700102e-01 
 2.657868e-01  5.710015e-01 
 2.659172e-01  5.719752e-01 
 2.660477e-01  5.729319e-01 
 2.661782e-01  5.738766e-01 
 2.663086e-01  5.748137e-01 
 2.664391e-01  5.757447e-01 
 2.665694e-01  5.766670e-01 
 2.666997e-01  5.775798e-01 
 2.668300e-01  5.784862e-01 
 2.669603e-01  5.793944e-01 
 2.670907e-01  5.803094e-01 
 2.672210e-01  5.812274e-01 
 2.673513e-01  5.821415e-01 
 2.674816e-01  5.830520e-01 
 2.676119e-01  5.839660e-01 
 2.677422e-01  5.848890e-01 
 2.678724e-01  5.858181e-01 
 2.680026e-01  5.867481e-01 
 2.681327e-01  5.876740e-01 
 2.682629e-01  5.885939e-01 
 2.683930e-01  5.895102e-01 
 2.685232e-01  5.904277e-01 
 2.686534e-01  5.913499e-01 
 2.687835e-01  5.922755e-01 
 2.689137e-01  5.931990e-01 
 2.690439e-01  5.941173e-01 
 2.691739e-01  5.950332e-01 
 2.693039e-01  5.959553e-01 
 2.694339e-01  5.968848e-01 
 2.695639e-01  5.978129e-01 
 2.696940e-01  5.987274e-01 
 2.698240e-01  5.996265e-01 
 2.699540e-01  6.005182e-01 
 2.700840e-01  6.014101e-01 
 2.702140e-01  6.023022e-01 
 2.703441e-01  6.031891e-01 
 2.704739e-01  6.040641e-01 
 2.706038e-01  6.049238e-01 
 2.707337e-01  6.057664e-01 
 2.708635e-01  6.065946e-01 
 2.709934e-01  6.074136e-01 
 2.711233e-01  6.082258e-01 
 2.712532e-01  6.090275e-01 
 2.713830e-01  6.098116e-01 
 2.715129e-01  6.105741e-01 
 2.716428e-01  6.113184e-01 
 2.717725e-01  6.120520e-01 
 2.719022e-01  6.127803e-01 
 2.720319e-01  6.134981e-01 
 2.721617e-01  6.141947e-01 
 2.722914e-01  6.148663e-01 
 2.724211e-01  6.155223e-01 
 2.725508e-01  6.161781e-01 
 2.726806e-01  6.168424e-01 
 2.728103e-01  6.175131e-01 
 2.729400e-01  6.181835e-01 
 2.730696e-01  6.188495e-01 
 2.731992e-01  6.195130e-01 
 2.733287e-01  6.201751e-01 
 2.734583e-01  6.208345e-01 
 2.735879e-01  6.214887e-01 
 2.737175e-01  6.221372e-01 
 2.738470e-01  6.227803e-01 
 2.739766e-01  6.234171e-01 
 2.741062e-01  6.240474e-01 
 2.742358e-01  6.246743e-01 
 2.743652e-01  6.253026e-01 
 2.744946e-01  6.259357e-01 
 2.746241e-01  6.265721e-01 
 2.747535e-01  6.272083e-01 
 2.748829e-01  6.278433e-01 
 2.750124e-01  6.284787e-01 
 2.751418e-01  6.291156e-01 
 2.752712e-01  6.297515e-01 
 2.754007e-01  6.303792e-01 
 2.755301e-01  6.309914e-01 
 2.756594e-01  6.315887e-01 
 2.757887e-01  6.321811e-01 
 2.759180e-01  6.327764e-01 
 2.760472e-01  6.333700e-01 
 2.761765e-01  6.339420e-01 
 2.763058e-01  6.344952e-01 
 2.764351e-01  6.350338e-01 
 2.765644e-01  6.355492e-01 
 2.766937e-01  6.360334e-01 
 2.768230e-01  6.364820e-01 
 2.769521e-01  6.368963e-01 
 2.770813e-01  6.372856e-01 
 2.772104e-01  6.376590e-01 
 2.773395e-01  6.380131e-01 
 2.774687e-01  6.383284e-01 
 2.775978e-01  6.385855e-01 
 2.777270e-01  6.387862e-01 
 2.778561e-01  6.389564e-01 
 2.779852e-01  6.391244e-01 
 2.781144e-01  6.392978e-01 
 2.782434e-01  6.394585e-01 
 2.783724e-01  6.395798e-01 
 2.785014e-01  6.396536e-01 
 2.786304e-01  6.397092e-01 
 2.787594e-01  6.397996e-01 
 2.788884e-01  6.399617e-01 
 2.790174e-01  6.401889e-01 
 2.791464e-01  6.404495e-01 
 2.792754e-01  6.407314e-01 
 2.794044e-01  6.410506e-01 
 2.795332e-01  6.414130e-01 
 2.796621e-01  6.417863e-01 
 2.797909e-01  6.421274e-01 
 2.799198e-01  6.424367e-01 
 2.800486e-01  6.427621e-01 
 2.801775e-01  6.431374e-01 
 2.803063e-01  6.435281e-01 
 2.804352e-01  6.438580e-01 
 2.805640e-01  6.440926e-01 
 2.806929e-01  6.442761e-01 
 2.808216e-01  6.444813e-01 
 2.809503e-01  6.447347e-01 
 2.810790e-01  6.450016e-01 
 2.812077e-01  6.452385e-01 
 2.813365e-01  6.454403e-01 
 2.814652e-01  6.456356e-01 
 2.815939e-01  6.458504e-01 
 2.817226e-01  6.460859e-01 
 2.818513e-01  6.463304e-01 
 2.819800e-01  6.465830e-01 
 2.821086e-01  6.468589e-01 
 2.822371e-01  6.471763e-01 
 2.823657e-01  6.475362e-01 
 2.824943e-01  6.479198e-01 
 2.826228e-01  6.483095e-01 
 2.827514e-01  6.487085e-01 
 2.828800e-01  6.491327e-01 
 2.830085e-01  6.495827e-01 
 2.831371e-01  6.500350e-01 
 2.832657e-01  6.504619e-01 
 2.833941e-01  6.508565e-01 
 2.835225e-01  6.512337e-01 
 2.836509e-01  6.516098e-01 
 2.837794e-01  6.519618e-01 
 2.839078e-01  6.523095e-01 
 2.840362e-01  6.526313e-01 
 2.841646e-01  6.529342e-01 
 2.842930e-01  6.532498e-01 
 2.844215e-01  6.535871e-01 
 2.845499e-01  6.539605e-01 
 2.846782e-01  6.543462e-01 
 2.848065e-01  6.546846e-01 
 2.849347e-01  6.550169e-01 
 2.850630e-01  6.553855e-01 
 2.851913e-01  6.557754e-01 
 2.853196e-01  6.561958e-01 
 2.854479e-01  6.566214e-01 
 2.855761e-01  6.570509e-01 
 2.857044e-01  6.574897e-01 
 2.858327e-01  6.579087e-01 
 2.859608e-01  6.583964e-01 
 2.860890e-01  6.588638e-01 
 2.862171e-01  6.593368e-01 
 2.863453e-01  6.597983e-01 
 2.864734e-01  6.602267e-01 
 2.866015e-01  6.606157e-01 
 2.867297e-01  6.609786e-01 
 2.868578e-01  6.613301e-01 
 2.869860e-01  6.616683e-01 
 2.871141e-01  6.619782e-01 
 2.872421e-01  6.622509e-01 
 2.873701e-01  6.624928e-01 
 2.874981e-01  6.627125e-01 
 2.876261e-01  6.629073e-01 
 2.877541e-01  6.630660e-01 
 2.878821e-01  6.631836e-01 
 2.880101e-01  6.632682e-01 
 2.881381e-01  6.633332e-01 
 2.882661e-01  6.633873e-01 
 2.883941e-01  6.634124e-01 
 2.885219e-01  6.634887e-01 
 2.886498e-01  6.636008e-01 
 2.887776e-01  6.637397e-01 
 2.889055e-01  6.638786e-01 
 2.890333e-01  6.640425e-01 
 2.891612e-01  6.642452e-01 
 2.892891e-01  6.644744e-01 
 2.894169e-01  6.647076e-01 
 2.895448e-01  6.649408e-01 
 2.896726e-01  6.651931e-01 
 2.898003e-01  6.654803e-01 
 2.899281e-01  6.657909e-01 
 2.900558e-01  6.660948e-01 
 2.901835e-01  6.663728e-01 
 2.903112e-01  6.666315e-01 
 2.904389e-01  6.668845e-01 
 2.905666e-01  6.671277e-01 
 2.906943e-01  6.673425e-01 
 2.908221e-01  6.675221e-01 
 2.909498e-01  6.676843e-01 
 2.910773e-01  6.678484e-01 
 2.912049e-01  6.680098e-01 
 2.913325e-01  6.681471e-01 
 2.914601e-01  6.682584e-01 
 2.915876e-01  6.683748e-01 
 2.917152e-01  6.685292e-01 
 2.918428e-01  6.687155e-01 
 2.919704e-01  6.688949e-01 
 2.920979e-01  6.690428e-01 
 2.922255e-01  6.691767e-01 
 2.923529e-01  6.693300e-01 
 2.924804e-01  6.695066e-01 
 2.926078e-01  6.696774e-01 
 2.927353e-01  6.698205e-01 
 2.928627e-01  6.699503e-01 
 2.929901e-01  6.700937e-01 
 2.931176e-01  6.702510e-01 
 2.932450e-01  6.703903e-01 
 2.933724e-01  6.704819e-01 
 2.934999e-01  6.705283e-01 
 2.936271e-01  6.705544e-01 
 2.937544e-01  6.705738e-01 
 2.938817e-01  6.705727e-01 
 2.940090e-01  6.705311e-01 
 2.941363e-01  6.704536e-01 
 2.942636e-01  6.703731e-01 
 2.943909e-01  6.703237e-01 
 2.945182e-01  6.703116e-01 
 2.946455e-01  6.703016e-01 
 2.947728e-01  6.702866e-01 
 2.949000e-01  6.702701e-01 
 2.950271e-01  6.702694e-01 
 2.951543e-01  6.702713e-01 
 2.952814e-01  6.702922e-01 
 2.954086e-01  6.703174e-01 
 2.955357e-01  6.703383e-01 
 2.956629e-01  6.703672e-01 
 2.957900e-01  6.704286e-01 
 2.959172e-01  6.705377e-01 
 2.960443e-01  6.706836e-01 
 2.961714e-01  6.708503e-01 
 2.962984e-01  6.710619e-01 
 2.964254e-01  6.713157e-01 
 2.965524e-01  6.715999e-01 
 2.966794e-01  6.719025e-01 
 2.968064e-01  6.722200e-01 
 2.969335e-01  6.725560e-01 
 2.970605e-01  6.729157e-01 
 2.971875e-01  6.733008e-01 
 2.973145e-01  6.737080e-01 
 2.974414e-01  6.741271e-01 
 2.975683e-01  6.745434e-01 
 2.976951e-01  6.749315e-01 
 2.978220e-01  6.753063e-01 
 2.979489e-01  6.756729e-01 
 2.980758e-01  6.760328e-01 
 2.982026e-01  6.763816e-01 
 2.983295e-01  6.767122e-01 
 2.984564e-01  6.770193e-01 
 2.985833e-01  6.773013e-01 
 2.987100e-01  6.775627e-01 
 2.988368e-01  6.778155e-01 
 2.989635e-01  6.780766e-01 
 2.990902e-01  6.783590e-01 
 2.992170e-01  6.786644e-01 
 2.993437e-01  6.789835e-01 
 2.994704e-01  6.793068e-01 
 2.995972e-01  6.796345e-01 
 2.997239e-01  6.799743e-01 
 2.998507e-01  6.803299e-01 
 2.999773e-01  6.806959e-01 
 3.001039e-01  6.810657e-01 
 3.002305e-01  6.814390e-01 
 3.003571e-01  6.818242e-01 
 3.004837e-01  6.822300e-01 
 3.006103e-01  6.826571e-01 
 3.007369e-01  6.830982e-01 
 3.008635e-01  6.835451e-01 
 3.009901e-01  6.839938e-01 
 3.011167e-01  6.844411e-01 
 3.012431e-01  6.848773e-01 
 3.013696e-01  6.852886e-01 
 3.014961e-01  6.856646e-01 
 3.016225e-01  6.860086e-01 
 3.017490e-01  6.863362e-01 
 3.018755e-01  6.866646e-01 
 3.020019e-01  6.870059e-01 
 3.021284e-01  6.873665e-01 
 3.022549e-01  6.877512e-01 
 3.023813e-01  6.881630e-01 
 3.025076e-01  6.885990e-01 
 3.026340e-01  6.890509e-01 
 3.027603e-01  6.895084e-01 
 3.028866e-01  6.899644e-01 
 3.030129e-01  6.904162e-01 
 3.031393e-01  6.908643e-01 
 3.032656e-01  6.913096e-01 
 3.033919e-01  6.917503e-01 
 3.035183e-01  6.921818e-01 
 3.036446e-01  6.926026e-01 
 3.037708e-01  6.930203e-01 
 3.038970e-01  6.934472e-01 
 3.040232e-01  6.938868e-01 
 3.041493e-01  6.943269e-01 
 3.042755e-01  6.947522e-01 
 3.044017e-01  6.951600e-01 
 3.045279e-01  6.955615e-01 
 3.046541e-01  6.959408e-01 
 3.047803e-01  6.963337e-01 
 3.049065e-01  6.967324e-01 
 3.050325e-01  6.971399e-01 
 3.051586e-01  6.975499e-01 
 3.052846e-01  6.979446e-01 
 3.054107e-01  6.983361e-01 
 3.055367e-01  6.987162e-01 
 3.056628e-01  6.990842e-01 
 3.057889e-01  6.994397e-01 
 3.059149e-01  6.997883e-01 
 3.060410e-01  7.001350e-01 
 3.061670e-01  7.004729e-01 
 3.062929e-01  7.008002e-01 
 3.064189e-01  7.011218e-01 
 3.065448e-01  7.014397e-01 
 3.066707e-01  7.017505e-01 
 3.067966e-01  7.020617e-01 
 3.069225e-01  7.023567e-01 
 3.070484e-01  7.026438e-01 
 3.071744e-01  7.029289e-01 
 3.073003e-01  7.032186e-01 
 3.074262e-01  7.035180e-01 
 3.075520e-01  7.038264e-01 
 3.076778e-01  7.041399e-01 
 3.078035e-01  7.044555e-01 
 3.079293e-01  7.047768e-01 
 3.080551e-01  7.051072e-01 
 3.081809e-01  7.054417e-01 
 3.083067e-01  7.057671e-01 
 3.084325e-01  7.060759e-01 
 3.085582e-01  7.063737e-01 
 3.086840e-01  7.066705e-01 
 3.088097e-01  7.069646e-01 
 3.089353e-01  7.072416e-01 
 3.090610e-01  7.074886e-01 
 3.091866e-01  7.077088e-01 
 3.093123e-01  7.079191e-01 
 3.094379e-01  7.081360e-01 
 3.095636e-01  7.083653e-01 
 3.096892e-01  7.086022e-01 
 3.098149e-01  7.088372e-01 
 3.099405e-01  7.090639e-01 
 3.100660e-01  7.092826e-01 
 3.101915e-01  7.095012e-01 
 3.103170e-01  7.097279e-01 
 3.104426e-01  7.099641e-01 
 3.105681e-01  7.102054e-01 
 3.106936e-01  7.104492e-01 
 3.108191e-01  7.106999e-01 
 3.109446e-01  7.109623e-01 
 3.110701e-01  7.112331e-01 
 3.111956e-01  7.115015e-01 
 3.113210e-01  7.117599e-01 
 3.114464e-01  7.120118e-01 
 3.115718e-01  7.122644e-01 
 3.116972e-01  7.125161e-01 
 3.118225e-01  7.127557e-01 
 3.119479e-01  7.129749e-01 
 3.120733e-01  7.131793e-01 
 3.121987e-01  7.133824e-01 
 3.123241e-01  7.135896e-01 
 3.124494e-01  7.137941e-01 
 3.125747e-01  7.139914e-01 
 3.126999e-01  7.141890e-01 
 3.128252e-01  7.143828e-01 
 3.129504e-01  7.145674e-01 
 3.130757e-01  7.147431e-01 
 3.132009e-01  7.149072e-01 
 3.133262e-01  7.150354e-01 
 3.134514e-01  7.151639e-01 
 3.135767e-01  7.152838e-01 
 3.137019e-01  7.153606e-01 
 3.138270e-01  7.154396e-01 
 3.139521e-01  7.155148e-01 
 3.140772e-01  7.155806e-01 
 3.142024e-01  7.156370e-01 
 3.143275e-01  7.156578e-01 
 3.144526e-01  7.156687e-01 
 3.145777e-01  7.156802e-01 
 3.147028e-01  7.156920e-01 
 3.148279e-01  7.156950e-01 
 3.149530e-01  7.156805e-01 
 3.150780e-01  7.156490e-01 
 3.152030e-01  7.156127e-01 
 3.153280e-01  7.155840e-01 
 3.154529e-01  7.155622e-01 
 3.155779e-01  7.155335e-01 
 3.157029e-01  7.154875e-01 
 3.158279e-01  7.154299e-01 
 3.159529e-01  7.153757e-01 
 3.160779e-01  7.153316e-01 
 3.162028e-01  7.152889e-01 
 3.163277e-01  7.152373e-01 
 3.164525e-01  7.151778e-01 
 3.165774e-01  7.151191e-01 
 3.167022e-01  7.150647e-01 
 3.168271e-01  7.150097e-01 
 3.169519e-01  7.149504e-01 
 3.170768e-01  7.148906e-01 
 3.172016e-01  7.148370e-01 
 3.173265e-01  7.147898e-01 
 3.174513e-01  7.147406e-01 
 3.175760e-01  7.146798e-01 
 3.177007e-01  7.146058e-01 
 3.178255e-01  7.145250e-01 
 3.179502e-01  7.144453e-01 
 3.180749e-01  7.143697e-01 
 3.181996e-01  7.142970e-01 
 3.183243e-01  7.142280e-01 
 3.184490e-01  7.141652e-01 
 3.185738e-01  7.141091e-01 
 3.186985e-01  7.140557e-01 
 3.188231e-01  7.140024e-01 
 3.189476e-01  7.139536e-01 
 3.190722e-01  7.139186e-01 
 3.191968e-01  7.138985e-01 
 3.193214e-01  7.138813e-01 
 3.194460e-01  7.138572e-01 
 3.195706e-01  7.138156e-01 
 3.196951e-01  7.137868e-01 
 3.198197e-01  7.138038e-01 
 3.199443e-01  7.137786e-01 
 3.200688e-01  7.137505e-01 
 3.201932e-01  7.137269e-01 
 3.203177e-01  7.137096e-01 
 3.204421e-01  7.136948e-01 
 3.205666e-01  7.136805e-01 
 3.206910e-01  7.136704e-01 
 3.208155e-01  7.136709e-01 
 3.209399e-01  7.136852e-01 
 3.210644e-01  7.137114e-01 
 3.211888e-01  7.137451e-01 
 3.213132e-01  7.137853e-01 
 3.214375e-01  7.138344e-01 
 3.215618e-01  7.138948e-01 
 3.216861e-01  7.139622e-01 
 3.218104e-01  7.140255e-01 
 3.219348e-01  7.140734e-01 
 3.220591e-01  7.141023e-01 
 3.221834e-01  7.141167e-01 
 3.223077e-01  7.141217e-01 
 3.224320e-01  7.141161e-01 
 3.225562e-01  7.140939e-01 
 3.226804e-01  7.140505e-01 
 3.228046e-01  7.139850e-01 
 3.229288e-01  7.138991e-01 
 3.230530e-01  7.137948e-01 
 3.231772e-01  7.136632e-01 
 3.233014e-01  7.135163e-01 
 3.234256e-01  7.133541e-01 
 3.235498e-01  7.131782e-01 
 3.236740e-01  7.129935e-01 
 3.237980e-01  7.127987e-01 
 3.239221e-01  7.125847e-01 
 3.240461e-01  7.123447e-01 
 3.241702e-01  7.120825e-01 
 3.242943e-01  7.118088e-01 
 3.244183e-01  7.115275e-01 
 3.245424e-01  7.112314e-01 
 3.246664e-01  7.109142e-01 
 3.247905e-01  7.105819e-01 
 3.249146e-01  7.102483e-01 
 3.250385e-01  7.099183e-01 
 3.251624e-01  7.095785e-01 
 3.252863e-01  7.092117e-01 
 3.254103e-01  7.088154e-01 
 3.255342e-01  7.084028e-01 
 3.256581e-01  7.079838e-01 
 3.257821e-01  7.075505e-01 
 3.259060e-01  7.070774e-01 
 3.260299e-01  7.065832e-01 
 3.261539e-01  7.060531e-01 
 3.262777e-01  7.055087e-01 
 3.264015e-01  7.049496e-01 
 3.265253e-01  7.043498e-01 
 3.266491e-01  7.037218e-01 
 3.267729e-01  7.030803e-01 
 3.268967e-01  7.024173e-01 
 3.270205e-01  7.017133e-01 
 3.271443e-01  7.009549e-01 
 3.272681e-01  7.001445e-01 
 3.273919e-01  6.992905e-01 
 3.275155e-01  6.983983e-01 
 3.276392e-01  6.974815e-01 
 3.277629e-01  6.965284e-01 
 3.278865e-01  6.955328e-01 
 3.280102e-01  6.945062e-01 
 3.281339e-01  6.934696e-01 
 3.282576e-01  6.924326e-01 
 3.283812e-01  6.913600e-01 
 3.285049e-01  6.902643e-01 
 3.286286e-01  6.891481e-01 
 3.287521e-01  6.880076e-01 
 3.288757e-01  6.868369e-01 
 3.289992e-01  6.856389e-01 
 3.291227e-01  6.844220e-01 
 3.292463e-01  6.831910e-01 
 3.293698e-01  6.819419e-01 
 3.294934e-01  6.806688e-01 
 3.296169e-01  6.793745e-01 
 3.297404e-01  6.780710e-01 
 3.298640e-01  6.767688e-01 
 3.299874e-01  6.754701e-01 
 3.301108e-01  6.741673e-01 
 3.302342e-01  6.728567e-01 
 3.303576e-01  6.715407e-01 
 3.304810e-01  6.702226e-01 
 3.306045e-01  6.689019e-01 
 3.307279e-01  6.675757e-01 
 3.308513e-01  6.662426e-01 
 3.309747e-01  6.649029e-01 
 3.310981e-01  6.635557e-01 
 3.312214e-01  6.622006e-01 
 3.313447e-01  6.608361e-01 
 3.314679e-01  6.594654e-01 
 3.315912e-01  6.580929e-01 
 3.317145e-01  6.567200e-01 
 3.318378e-01  6.553449e-01 
 3.319611e-01  6.539658e-01 
 3.320844e-01  6.525837e-01 
 3.322076e-01  6.512021e-01 
 3.323309e-01  6.498250e-01 
 3.324689e-01  6.482927e-01 
 3.326106e-01  6.467262e-01 
 3.327523e-01  6.451603e-01 
 3.328939e-01  6.435756e-01 
 3.330356e-01  6.419801e-01 
 3.331772e-01  6.403860e-01 
 3.333189e-01  6.387905e-01 
 3.334605e-01  6.371827e-01 
 3.336022e-01  6.355608e-01 
 3.337438e-01  6.339301e-01 
 3.338853e-01  6.322931e-01 
 3.340268e-01  6.306455e-01 
 3.341683e-01  6.289933e-01 
 3.343098e-01  6.273473e-01 
 3.344513e-01  6.257063e-01 
 3.345928e-01  6.240571e-01 
 3.347343e-01  6.223958e-01 
 3.348757e-01  6.207397e-01 
 3.350172e-01  6.191075e-01 
 3.351587e-01  6.174969e-01 
 3.353000e-01  6.158935e-01 
 3.354414e-01  6.142884e-01 
 3.355827e-01  6.126892e-01 
 3.357240e-01  6.111024e-01 
 3.358653e-01  6.095210e-01 
 3.360066e-01  6.079355e-01 
 3.361479e-01  6.063486e-01 
 3.362893e-01  6.047719e-01 
 3.364306e-01  6.032101e-01 
 3.365719e-01  6.016527e-01 
 3.367131e-01  6.000846e-01 
 3.368542e-01  5.984922e-01 
 3.369954e-01  5.968733e-01 
 3.371365e-01  5.952324e-01 
 3.372777e-01  5.935718e-01 
 3.374188e-01  5.918846e-01 
 3.375600e-01  5.901605e-01 
 3.377011e-01  5.883997e-01 
 3.378423e-01  5.866183e-01 
 3.379834e-01  5.848383e-01 
 3.381244e-01  5.830785e-01 
 3.382654e-01  5.813426e-01 
 3.384064e-01  5.796283e-01 
 3.385474e-01  5.779314e-01 
 3.386883e-01  5.762468e-01 
 3.388293e-01  5.745730e-01 
 3.389703e-01  5.729199e-01 
 3.391113e-01  5.713066e-01 
 3.392523e-01  5.697444e-01 
 3.393933e-01  5.682270e-01 
 3.395341e-01  5.667413e-01 
 3.396749e-01  5.652799e-01 
 3.398157e-01  5.638489e-01 
 3.399565e-01  5.624490e-01 
 3.400973e-01  5.610649e-01 
 3.402382e-01  5.596758e-01 
 3.403790e-01  5.582729e-01 
 3.405198e-01  5.568578e-01 
 3.406606e-01  5.554294e-01 
 3.408014e-01  5.539807e-01 
 3.409421e-01  5.525074e-01 
 3.410827e-01  5.510034e-01 
 3.412234e-01  5.494614e-01 
 3.413640e-01  5.478906e-01 
 3.415047e-01  5.462717e-01 
 3.416453e-01  5.446544e-01 
 3.417860e-01  5.430169e-01 
 3.419266e-01  5.413486e-01 
 3.420673e-01  5.396533e-01 
 3.422079e-01  5.379502e-01 
 3.423484e-01  5.362427e-01 
 3.424889e-01  5.345001e-01 
 3.426294e-01  5.326892e-01 
 3.427699e-01  5.307889e-01 
 3.429104e-01  5.288021e-01 
 3.430509e-01  5.267450e-01 
 3.431913e-01  5.246264e-01 
 3.433318e-01  5.224491e-01 
 3.434723e-01  5.202296e-01 
 3.436128e-01  5.180014e-01 
 3.437531e-01  5.157922e-01 
 3.438934e-01  5.136005e-01 
 3.440337e-01  5.114224e-01 
 3.441741e-01  5.092701e-01 
 3.443144e-01  5.071592e-01 
 3.444547e-01  5.050843e-01 
 3.445950e-01  5.030294e-01 
 3.447353e-01  5.009958e-01 
 3.448757e-01  4.989988e-01 
 3.450160e-01  4.970653e-01 
 3.451561e-01  4.950769e-01 
 3.452963e-01  4.930939e-01 
 3.454364e-01  4.910607e-01 
 3.455766e-01  4.890051e-01 
 3.457167e-01  4.868884e-01 
 3.458569e-01  4.846817e-01 
 3.459970e-01  4.823966e-01 
 3.461372e-01  4.800790e-01 
 3.462774e-01  4.777569e-01 
 3.464175e-01  4.754590e-01 
 3.465575e-01  4.731212e-01 
 3.466975e-01  4.707611e-01 
 3.468375e-01  4.685312e-01 
 3.469775e-01  4.664047e-01 
 3.471175e-01  4.642498e-01 
 3.472574e-01  4.620882e-01 
 3.473974e-01  4.598925e-01 
 3.475374e-01  4.576816e-01 
 3.476774e-01  4.554621e-01 
 3.478174e-01  4.532439e-01 
 3.479572e-01  4.509886e-01 
 3.480970e-01  4.487235e-01 
 3.482369e-01  4.464472e-01 
 3.483767e-01  4.441495e-01 
 3.485165e-01  4.418154e-01 
 3.486563e-01  4.394372e-01 
 3.487962e-01  4.370126e-01 
 3.489360e-01  4.345367e-01 
 3.490758e-01  4.320104e-01 
 3.492156e-01  4.294547e-01 
 3.493553e-01  4.268982e-01 
 3.494950e-01  4.243411e-01 
 3.496346e-01  4.217716e-01 
 3.497743e-01  4.191984e-01 
 3.499140e-01  4.166532e-01 
 3.500536e-01  4.141504e-01 
 3.501932e-01  4.116638e-01 
 3.503327e-01  4.091477e-01 
 3.504723e-01  4.065844e-01 
 3.506119e-01  4.039885e-01 
 3.507514e-01  4.013760e-01 
 3.508909e-01  3.987399e-01 
 3.510304e-01  3.960727e-01 
 3.511699e-01  3.933909e-01 
 3.513094e-01  3.907251e-01 
 3.514489e-01  3.880846e-01 
 3.515884e-01  3.854447e-01 
 3.517279e-01  3.827727e-01 
 3.518674e-01  3.800547e-01 
 3.520069e-01  3.772968e-01 
 3.521462e-01  3.745115e-01 
 3.522856e-01  3.716999e-01 
 3.524249e-01  3.688628e-01 
 3.525642e-01  3.660006e-01 
 3.527036e-01  3.631119e-01 
 3.528429e-01  3.601948e-01 
 3.529823e-01  3.572488e-01 
 3.531216e-01  3.542748e-01 
 3.532610e-01  3.512704e-01 
 3.534003e-01  3.482316e-01 
 3.535395e-01  3.451612e-01 
 3.536787e-01  3.420562e-01 
 3.538178e-01  3.389135e-01 
 3.539570e-01  3.357337e-01 
 3.540962e-01  3.325306e-01 
 3.542354e-01  3.293231e-01 
 3.543746e-01  3.261144e-01 
 3.545138e-01  3.228918e-01 
 3.546529e-01  3.196468e-01 
 3.547921e-01  3.163863e-01 
 3.549311e-01  3.131231e-01 
 3.550702e-01  3.098509e-01 
 3.552092e-01  3.065578e-01 
 3.553482e-01  3.031936e-01 
 3.554872e-01  2.998578e-01 
 3.556262e-01  2.965149e-01 
 3.557653e-01  2.931647e-01 
 3.559043e-01  2.898214e-01 
 3.560433e-01  2.865025e-01 
 3.561823e-01  2.832097e-01 
 3.563212e-01  2.799269e-01 
 3.564600e-01  2.766287e-01 
 3.565989e-01  2.733123e-01 
 3.567378e-01  2.699903e-01 
 3.568766e-01  2.666709e-01 
 3.570155e-01  2.633524e-01 
 3.571543e-01  2.600384e-01 
 3.572932e-01  2.567464e-01 
 3.574321e-01  2.534882e-01 
 3.575709e-01  2.502508e-01 
 3.577096e-01  2.470127e-01 
 3.578483e-01  2.437580e-01 
 3.579870e-01  2.404875e-01 
 3.581257e-01  2.371942e-01 
 3.582644e-01  2.338592e-01 
 3.584031e-01  2.304727e-01 
 3.585418e-01  2.270487e-01 
 3.586805e-01  2.236111e-01 
 3.588192e-01  2.201730e-01 
 3.589579e-01  2.167341e-01 
 3.590965e-01  2.132950e-01 
 3.592350e-01  2.098471e-01 
 3.593736e-01  2.063840e-01 
 3.595121e-01  2.029154e-01 
 3.596506e-01  1.994206e-01 
 3.597892e-01  1.959320e-01 
 3.599277e-01  1.924441e-01 
 3.600663e-01  1.889493e-01 
 3.602048e-01  1.854499e-01 
 3.603434e-01  1.819627e-01 
 3.604817e-01  1.785108e-01 
 3.606201e-01  1.750920e-01 
 3.607584e-01  1.716903e-01 
 3.608968e-01  1.682875e-01 
 3.610351e-01  1.648758e-01 
 3.611735e-01  1.614579e-01 
 3.613119e-01  1.580361e-01 
 3.614502e-01  1.546014e-01 
 3.615886e-01  1.511366e-01 
 3.617269e-01  1.476368e-01 
 3.618652e-01  1.441299e-01 
 3.620034e-01  1.406521e-01 
 3.621416e-01  1.372245e-01 
 3.622798e-01  1.338367e-01 
 3.624181e-01  1.304673e-01 
 3.625563e-01  1.271152e-01 
 3.626945e-01  1.238024e-01 
 3.628327e-01  1.205477e-01 
 3.629709e-01  1.173503e-01 
 3.631092e-01  1.142066e-01 
 3.632472e-01  1.111350e-01 
 3.633853e-01  1.081534e-01 
 3.635234e-01  1.052660e-01 
 3.636614e-01  1.024631e-01 
 3.637995e-01  9.974455e-02 
 3.639375e-01  9.712070e-02 
 3.640756e-01  9.459302e-02 
 3.642137e-01  9.214441e-02 
 3.643517e-01  8.975483e-02 
 3.644898e-01  8.740996e-02 
 3.646277e-01  8.510793e-02 
 3.647656e-01  8.284893e-02 
 3.649035e-01  8.064099e-02 
 3.650414e-01  7.850027e-02 
 3.651793e-01  7.643871e-02 
 3.653172e-01  7.444655e-02 
 3.654552e-01  7.249405e-02 
 3.655931e-01  7.055777e-02 
 3.657310e-01  6.863788e-02 
 3.658689e-01  6.674044e-02 
 3.660066e-01  6.486160e-02 
 3.661444e-01  6.297810e-02 
 3.662821e-01  6.106746e-02 
 3.664199e-01  5.912398e-02 
 3.665576e-01  5.717502e-02 
 3.666954e-01  5.524178e-02 
 3.668331e-01  5.332576e-02 
 3.669709e-01  5.140674e-02 
 3.671086e-01  4.947247e-02 
 3.672464e-01  4.752097e-02 
 3.673840e-01  4.557386e-02 
 3.675216e-01  4.364557e-02 
 3.676591e-01  4.171238e-02 
 3.677967e-01  3.971119e-02 
 3.679343e-01  3.758412e-02 
 3.680719e-01  3.531604e-02 
 3.682095e-01  3.292647e-02 
 3.683471e-01  3.043097e-02 
 3.684847e-01  2.782047e-02 
 3.686223e-01  2.507326e-02 
 3.687597e-01  2.218095e-02 
 3.688972e-01  1.915366e-02 
 3.690346e-01  1.602821e-02 
 3.691720e-01  1.284534e-02 
 3.693095e-01  9.626269e-03 
 3.694469e-01  6.361495e-03 
 3.695843e-01  3.028101e-03 
 3.697218e-01 -3.796966e-04 
 3.698592e-01 -3.846437e-03 
 3.699967e-01 -7.354805e-03 
 3.701339e-01 -1.088775e-02 
 3.702712e-01 -1.442282e-02 
 3.704085e-01 -1.797031e-02 
 3.705458e-01 -2.150897e-02 
 3.706830e-01 -2.504537e-02 
 3.708203e-01 -2.857288e-02 
 3.709576e-01 -3.207562e-02 
 3.710949e-01 -3.553848e-02 
 3.712322e-01 -3.895822e-02 
 3.713694e-01 -4.234522e-02 
 3.715066e-01 -4.571214e-02 
 3.716437e-01 -4.907536e-02 
 3.717808e-01 -5.242785e-02 
 3.719179e-01 -5.574360e-02 
 3.720551e-01 -5.894277e-02 
 3.721922e-01 -6.221509e-02 
 3.723293e-01 -6.556349e-02 
 3.724664e-01 -6.898168e-02 
 3.726035e-01 -7.241874e-02 
 3.727407e-01 -7.580335e-02 
 3.728776e-01 -7.907858e-02 
 3.730146e-01 -8.225788e-02 
 3.731516e-01 -8.539997e-02 
 3.732885e-01 -8.854113e-02 
 3.734255e-01 -9.166995e-02 
 3.735625e-01 -9.477412e-02 
 3.736994e-01 -9.775422e-02 
 3.738364e-01 -1.009321e-01 
 3.739734e-01 -1.039779e-01 
 3.741103e-01 -1.070194e-01 
 3.742471e-01 -1.100777e-01 
 3.743840e-01 -1.131503e-01 
 3.745208e-01 -1.162309e-01 
 3.746576e-01 -1.193364e-01 
 3.747944e-01 -1.224536e-01 
 3.749312e-01 -1.253700e-01 
 3.750680e-01 -1.284173e-01 
 3.752048e-01 -1.314298e-01 
 3.753416e-01 -1.343882e-01 
 3.754784e-01 -1.373569e-01 
 3.756151e-01 -1.402736e-01 
 3.757518e-01 -1.432040e-01 
 3.758884e-01 -1.461042e-01 
 3.760251e-01 -1.490582e-01 
 3.761617e-01 -1.520343e-01 
 3.762984e-01 -1.549703e-01 
 3.764350e-01 -1.578973e-01 
 3.765717e-01 -1.606681e-01 
 3.767083e-01 -1.634005e-01 
 3.768450e-01 -1.659384e-01 
 3.769815e-01 -1.685040e-01 
 3.771180e-01 -1.710530e-01 
 3.772545e-01 -1.735908e-01 
 3.773910e-01 -1.761229e-01 
 3.775275e-01 -1.786769e-01 
 3.776640e-01 -1.812966e-01 
 3.778005e-01 -1.840117e-01 
 3.779370e-01 -1.868167e-01 
 3.780735e-01 -1.896800e-01 
 3.782100e-01 -1.925607e-01 
 3.783464e-01 -1.954097e-01 
 3.784827e-01 -1.982002e-01 
 3.786190e-01 -2.009267e-01 
 3.787554e-01 -2.035799e-01 
 3.788917e-01 -2.061269e-01 
 3.790281e-01 -2.083641e-01 
 3.791644e-01 -2.108226e-01 
 3.793008e-01 -2.134431e-01 
 3.794371e-01 -2.159990e-01 
 3.795735e-01 -2.185707e-01 
 3.797097e-01 -2.211294e-01 
 3.798459e-01 -2.237058e-01 
 3.799821e-01 -2.262976e-01 
 3.801183e-01 -2.288723e-01 
 3.802545e-01 -2.314419e-01 
 3.803907e-01 -2.340384e-01 
 3.805269e-01 -2.366230e-01 
 3.806631e-01 -2.391241e-01 
 3.807993e-01 -2.415585e-01 
 3.809355e-01 -2.440253e-01 
 3.810715e-01 -2.465734e-01 
 3.812075e-01 -2.491512e-01 
 3.813436e-01 -2.516718e-01 
 3.814796e-01 -2.541096e-01 
 3.816157e-01 -2.565081e-01 
 3.817517e-01 -2.589186e-01 
 3.818878e-01 -2.613526e-01 
 3.820238e-01 -2.637974e-01 
 3.821599e-01 -2.662517e-01 
 3.822959e-01 -2.687228e-01 
 3.824318e-01 -2.711985e-01 
 3.825677e-01 -2.736514e-01 
 3.827036e-01 -2.760503e-01 
 3.828395e-01 -2.783914e-01 
 3.829754e-01 -2.807143e-01 
 3.831113e-01 -2.830589e-01 
 3.832472e-01 -2.853947e-01 
 3.833831e-01 -2.876430e-01 
 3.835190e-01 -2.897751e-01 
 3.836549e-01 -2.918422e-01 
 3.837906e-01 -2.938964e-01 
 3.839264e-01 -2.959326e-01 
 3.840621e-01 -2.979080e-01 
 3.841979e-01 -2.998104e-01 
 3.843336e-01 -3.016746e-01 
 3.844693e-01 -3.035290e-01 
 3.846051e-01 -3.053446e-01 
 3.847408e-01 -3.070710e-01 
 3.848766e-01 -3.087263e-01 
 3.850123e-01 -3.103956e-01 
 3.851479e-01 -3.121139e-01 
 3.852835e-01 -3.138168e-01 
 3.854191e-01 -3.154210e-01 
 3.855547e-01 -3.169179e-01 
 3.856903e-01 -3.183555e-01 
 3.858259e-01 -3.197705e-01 
 3.859615e-01 -3.209503e-01 
 3.860971e-01 -3.225236e-01 
 3.862327e-01 -3.238475e-01 
 3.863683e-01 -3.251596e-01 
 3.865037e-01 -3.264874e-01 
 3.866391e-01 -3.278406e-01 
 3.867746e-01 -3.292056e-01 
 3.869100e-01 -3.303469e-01 
 3.870455e-01 -3.319504e-01 
 3.871809e-01 -3.334089e-01 
 3.873164e-01 -3.347455e-01 
 3.874518e-01 -3.363194e-01 
 3.875872e-01 -3.379742e-01 
 3.877227e-01 -3.399490e-01 
 3.878580e-01 -3.415311e-01 
 3.879933e-01 -3.428238e-01 
 3.881286e-01 -3.440931e-01 
 3.882639e-01 -3.451081e-01 
 3.883991e-01 -3.458495e-01 
 3.885344e-01 -3.463515e-01 
 3.886697e-01 -3.468415e-01 
 3.888050e-01 -3.473544e-01 
 3.889403e-01 -3.479597e-01 
 3.890756e-01 -3.486843e-01 
 3.892107e-01 -3.495118e-01 
 3.893459e-01 -3.503840e-01 
 3.894810e-01 -3.508400e-01 
 3.896162e-01 -3.519199e-01 
 3.897513e-01 -3.526458e-01 
 3.898864e-01 -3.535310e-01 
 3.900216e-01 -3.546176e-01 
 3.901567e-01 -3.558251e-01 
 3.902919e-01 -3.570928e-01 
 3.904270e-01 -3.584359e-01 
 3.905620e-01 -3.598536e-01 
 3.906970e-01 -3.612857e-01 
 3.908320e-01 -3.626595e-01 
 3.909670e-01 -3.639736e-01 
 3.911020e-01 -3.652902e-01 
 3.912370e-01 -3.666675e-01 
 3.913719e-01 -3.681203e-01 
 3.915069e-01 -3.696184e-01 
 3.916419e-01 -3.708818e-01 
 3.917769e-01 -3.723474e-01 
 3.919118e-01 -3.738134e-01 
 3.920466e-01 -3.750602e-01 
 3.921814e-01 -3.763339e-01 
 3.923163e-01 -3.776809e-01 
 3.924511e-01 -3.787703e-01 
 3.925860e-01 -3.800342e-01 
 3.927208e-01 -3.811777e-01 
 3.928556e-01 -3.821428e-01 
 3.929905e-01 -3.829443e-01 
 3.931253e-01 -3.836925e-01 
 3.932600e-01 -3.844311e-01 
 3.933947e-01 -3.850598e-01 
 3.935294e-01 -3.854686e-01 
 3.936641e-01 -3.856890e-01 
 3.937988e-01 -3.858269e-01 
 3.939335e-01 -3.859338e-01 
 3.940682e-01 -3.860308e-01 
 3.942029e-01 -3.861731e-01 
 3.943376e-01 -3.863886e-01 
 3.944723e-01 -3.866155e-01 
 3.946068e-01 -3.867851e-01 
 3.947414e-01 -3.869041e-01 
 3.948759e-01 -3.869901e-01 
 3.950104e-01 -3.871409e-01 
 3.951450e-01 -3.871911e-01 
 3.952795e-01 -3.867938e-01 
 3.954141e-01 -3.867133e-01 
 3.955486e-01 -3.866574e-01 
 3.956832e-01 -3.866969e-01 
 3.958177e-01 -3.863290e-01 
 3.959521e-01 -3.861332e-01 
 3.960865e-01 -3.860415e-01 
 3.962209e-01 -3.860144e-01 
 3.963553e-01 -3.859400e-01 
 3.964897e-01 -3.858045e-01 
 3.966241e-01 -3.857334e-01 
 3.967585e-01 -3.858475e-01 
 3.968929e-01 -3.861389e-01 
 3.970273e-01 -3.865274e-01 
 3.971617e-01 -3.869902e-01 
 3.972959e-01 -3.875711e-01 
 3.974302e-01 -3.885598e-01 
 3.975644e-01 -3.890888e-01 
 3.976987e-01 -3.896601e-01 
 3.978329e-01 -3.902041e-01 
 3.979672e-01 -3.905933e-01 
 3.981014e-01 -3.906896e-01 
 3.982356e-01 -3.907884e-01 
 3.983699e-01 -3.910355e-01 
 3.985041e-01 -3.907820e-01 
 3.986382e-01 -3.907347e-01 
 3.987723e-01 -3.906715e-01 
 3.989064e-01 -3.903479e-01 
 3.990405e-01 -3.898379e-01 
 3.991746e-01 -3.893138e-01 
 3.993087e-01 -3.887378e-01 
 3.994428e-01 -3.882592e-01 
 3.995769e-01 -3.877024e-01 
 3.997110e-01 -3.872185e-01 
 3.998451e-01 -3.868190e-01 
 3.999791e-01 -3.864356e-01 
 4.001130e-01 -3.859683e-01 
 4.002470e-01 -3.853710e-01 
 4.003809e-01 -3.846600e-01 
 4.005149e-01 -3.838699e-01 
 4.006488e-01 -3.830260e-01 
 4.007828e-01 -3.821347e-01 
 4.009167e-01 -3.811551e-01 
 4.010507e-01 -3.800339e-01 
 4.011846e-01 -3.787883e-01 
 4.013184e-01 -3.775264e-01 
 4.014523e-01 -3.763048e-01 
 4.015861e-01 -3.750423e-01 
 4.017199e-01 -3.738992e-01 
 4.018537e-01 -3.727146e-01 
 4.019875e-01 -3.715879e-01 
 4.021213e-01 -3.705301e-01 
 4.022551e-01 -3.695477e-01 
 4.023889e-01 -3.685940e-01 
 4.025227e-01 -3.676300e-01 
 4.026564e-01 -3.667310e-01 
 4.027900e-01 -3.659182e-01 
 4.029237e-01 -3.651903e-01 
 4.030573e-01 -3.644444e-01 
 4.031910e-01 -3.635892e-01 
 4.033247e-01 -3.626858e-01 
 4.034583e-01 -3.618741e-01 
 4.035920e-01 -3.611777e-01 
 4.037256e-01 -3.604914e-01 
 4.038593e-01 -3.597563e-01 
 4.039928e-01 -3.590350e-01 
 4.041263e-01 -3.583949e-01 
 4.042598e-01 -3.578153e-01 
 4.043934e-01 -3.572207e-01 
 4.045269e-01 -3.565553e-01 
 4.046604e-01 -3.558151e-01 
 4.047939e-01 -3.550418e-01 
 4.049274e-01 -3.542771e-01 
 4.050609e-01 -3.535226e-01 
 4.051945e-01 -3.527729e-01 
 4.053278e-01 -3.520728e-01 
 4.054612e-01 -3.514886e-01 
 4.055946e-01 -3.510211e-01 
 4.057279e-01 -3.507131e-01 
 4.058613e-01 -3.501455e-01 
 4.059947e-01 -3.497052e-01 
 4.061281e-01 -3.493112e-01 
 4.062614e-01 -3.489361e-01 
 4.063948e-01 -3.485202e-01 
 4.065282e-01 -3.480638e-01 
 4.066614e-01 -3.476214e-01 
 4.067946e-01 -3.472070e-01 
 4.069279e-01 -3.467719e-01 
 4.070611e-01 -3.462847e-01 
 4.071943e-01 -3.457645e-01 
 4.073275e-01 -3.452061e-01 
 4.074608e-01 -3.446398e-01 
 4.075940e-01 -3.438479e-01 
 4.077272e-01 -3.430061e-01 
 4.078604e-01 -3.420586e-01 
 4.079935e-01 -3.410191e-01 
 4.081266e-01 -3.399600e-01 
 4.082597e-01 -3.389266e-01 
 4.083928e-01 -3.375509e-01 
 4.085259e-01 -3.366816e-01 
 4.086589e-01 -3.359395e-01 
 4.087920e-01 -3.352652e-01 
 4.089251e-01 -3.346338e-01 
 4.090582e-01 -3.340646e-01 
 4.091913e-01 -3.335712e-01 
 4.093242e-01 -3.331265e-01 
 4.094572e-01 -3.326810e-01 
 4.095901e-01 -3.322140e-01 
 4.097231e-01 -3.317605e-01 
 4.098560e-01 -3.316493e-01 
 4.099890e-01 -3.313467e-01 
 4.101220e-01 -3.308205e-01 
 4.102549e-01 -3.304663e-01 
 4.103879e-01 -3.299592e-01 
 4.105208e-01 -3.292894e-01 
 4.106536e-01 -3.284700e-01 
 4.107864e-01 -3.275131e-01 
 4.109192e-01 -3.264543e-01 
 4.110520e-01 -3.253630e-01 
 4.111848e-01 -3.243070e-01 
 4.113176e-01 -3.233078e-01 
 4.114504e-01 -3.223407e-01 
 4.115832e-01 -3.214669e-01 
 4.117159e-01 -3.203874e-01 
 4.118487e-01 -3.193879e-01 
 4.119814e-01 -3.183761e-01 
 4.121140e-01 -3.173384e-01 
 4.122467e-01 -3.162553e-01 
 4.123793e-01 -3.151293e-01 
 4.125120e-01 -3.139891e-01 
 4.126446e-01 -3.130626e-01 
 4.127773e-01 -3.116742e-01 
 4.129099e-01 -3.104264e-01 
 4.130426e-01 -3.091256e-01 
 4.131752e-01 -3.078364e-01 
 4.133077e-01 -3.065870e-01 
 4.134402e-01 -3.053368e-01 
 4.135727e-01 -3.041856e-01 
 4.137052e-01 -3.028626e-01 
 4.138377e-01 -3.016333e-01 
 4.139702e-01 -3.005348e-01 
 4.141027e-01 -2.995380e-01 
 4.142352e-01 -2.985608e-01 
 4.143677e-01 -2.975288e-01 
 4.145003e-01 -2.964297e-01 
 4.146326e-01 -2.950445e-01 
 4.147650e-01 -2.939567e-01 
 4.148973e-01 -2.929071e-01 
 4.150297e-01 -2.919294e-01 
 4.151621e-01 -2.910289e-01 
 4.152944e-01 -2.901807e-01 
 4.154268e-01 -2.893505e-01 
 4.155591e-01 -2.885187e-01 
 4.156915e-01 -2.876850e-01 
 4.158239e-01 -2.868572e-01 
 4.159561e-01 -2.860481e-01 
 4.160883e-01 -2.852736e-01 
 4.162205e-01 -2.847641e-01 
 4.163527e-01 -2.838662e-01 
 4.164850e-01 -2.832509e-01 
 4.166172e-01 -2.827572e-01 
 4.167494e-01 -2.824438e-01 
 4.168816e-01 -2.822895e-01 
 4.170138e-01 -2.824396e-01 
 4.171460e-01 -2.822456e-01 
 4.172781e-01 -2.819094e-01 
 4.174102e-01 -2.814199e-01 
 4.175423e-01 -2.807999e-01 
 4.176743e-01 -2.800690e-01 
 4.178064e-01 -2.792508e-01 
 4.179385e-01 -2.783838e-01 
 4.180706e-01 -2.775227e-01 
 4.182026e-01 -2.767376e-01 
 4.183347e-01 -2.758470e-01 
 4.184668e-01 -2.753165e-01 
 4.185987e-01 -2.749422e-01 
 4.187307e-01 -2.749970e-01 
 4.188626e-01 -2.748060e-01 
 4.189945e-01 -2.747379e-01 
 4.191265e-01 -2.748120e-01 
 4.192584e-01 -2.749745e-01 
 4.193903e-01 -2.751437e-01 
 4.195223e-01 -2.752985e-01 
 4.196542e-01 -2.754869e-01 
 4.197861e-01 -2.757317e-01 
 4.199179e-01 -2.759711e-01 
 4.200497e-01 -2.759160e-01 
 4.201815e-01 -2.761365e-01 
 4.203133e-01 -2.760652e-01 
 4.204451e-01 -2.759598e-01 
 4.205769e-01 -2.758588e-01 
 4.207086e-01 -2.757514e-01 
 4.208404e-01 -2.755777e-01 
 4.209722e-01 -2.752826e-01 
 4.211040e-01 -2.748865e-01 
 4.212357e-01 -2.744870e-01 
 4.213673e-01 -2.739826e-01 
 4.214989e-01 -2.738286e-01 
 4.216306e-01 -2.736871e-01 
 4.217622e-01 -2.734173e-01 
 4.218939e-01 -2.730158e-01 
 4.220255e-01 -2.726357e-01 
 4.221572e-01 -2.724318e-01 
 4.222888e-01 -2.725361e-01 
 4.224205e-01 -2.724364e-01 
 4.225520e-01 -2.723298e-01 
 4.226835e-01 -2.720202e-01 
 4.228150e-01 -2.717963e-01 
 4.229465e-01 -2.717326e-01 
 4.230780e-01 -2.718176e-01 
 4.232095e-01 -2.719066e-01 
 4.233410e-01 -2.718828e-01 
 4.234725e-01 -2.717841e-01 
 4.236040e-01 -2.719878e-01 
 4.237355e-01 -2.719917e-01 
 4.238669e-01 -2.720652e-01 
 4.239983e-01 -2.720031e-01 
 4.241296e-01 -2.719135e-01 
 4.242610e-01 -2.717966e-01 
 4.243924e-01 -2.719634e-01 
 4.245237e-01 -2.719625e-01 
 4.246551e-01 -2.718465e-01 
 4.247865e-01 -2.719106e-01 
 4.249178e-01 -2.720135e-01 
 4.250492e-01 -2.721854e-01 
 4.251804e-01 -2.724304e-01 
 4.253117e-01 -2.727415e-01 
 4.254429e-01 -2.730847e-01 
 4.255741e-01 -2.734028e-01 
 4.257053e-01 -2.736892e-01 
 4.258366e-01 -2.740087e-01 
 4.259678e-01 -2.744325e-01 
 4.260990e-01 -2.749448e-01 
 4.262303e-01 -2.754431e-01 
 4.263615e-01 -2.760226e-01 
 4.264926e-01 -2.761799e-01 
 4.266237e-01 -2.765135e-01 
 4.267548e-01 -2.768864e-01 
 4.268858e-01 -2.772711e-01 
 4.270169e-01 -2.776249e-01 
 4.271480e-01 -2.779514e-01 
 4.272791e-01 -2.783095e-01 
 4.274102e-01 -2.787622e-01 
 4.275413e-01 -2.793694e-01 
 4.276724e-01 -2.799453e-01 
 4.278033e-01 -2.806025e-01 
 4.279343e-01 -2.808698e-01 
 4.280653e-01 -2.812833e-01 
 4.281962e-01 -2.816793e-01 
 4.283272e-01 -2.820333e-01 
 4.284581e-01 -2.823299e-01 
 4.285891e-01 -2.825969e-01 
 4.287200e-01 -2.828602e-01 
 4.288510e-01 -2.831022e-01 
 4.289819e-01 -2.834752e-01 
 4.291127e-01 -2.836063e-01 
 4.292435e-01 -2.837990e-01 
 4.293744e-01 -2.840128e-01 
 4.295052e-01 -2.841947e-01 
 4.296360e-01 -2.843103e-01 
 4.297668e-01 -2.843409e-01 
 4.298976e-01 -2.840458e-01 
 4.300284e-01 -2.838258e-01 
 4.301592e-01 -2.836264e-01 
 4.302901e-01 -2.835317e-01 
 4.304207e-01 -2.835146e-01 
 4.305514e-01 -2.835961e-01 
 4.306821e-01 -2.833335e-01 
 4.308128e-01 -2.831312e-01 
 4.309434e-01 -2.829793e-01 
 4.310741e-01 -2.829483e-01 
 4.312048e-01 -2.830188e-01 
 4.313355e-01 -2.828994e-01 
 4.314661e-01 -2.827886e-01 
 4.315968e-01 -2.826948e-01 
 4.317273e-01 -2.826255e-01 
 4.318579e-01 -2.825238e-01 
 4.319884e-01 -2.825088e-01 
 4.321190e-01 -2.822993e-01 
 4.322495e-01 -2.823030e-01 
 4.323800e-01 -2.823338e-01 
 4.325106e-01 -2.823049e-01 
 4.326411e-01 -2.822247e-01 
 4.327716e-01 -2.821657e-01 
 4.329022e-01 -2.821435e-01 
 4.330326e-01 -2.820919e-01 
 4.331630e-01 -2.819613e-01 
 4.332934e-01 -2.817840e-01 
 4.334238e-01 -2.816385e-01 
 4.335542e-01 -2.815763e-01 
 4.336846e-01 -2.816003e-01 
 4.338150e-01 -2.817546e-01 
 4.339454e-01 -2.816708e-01 
 4.340758e-01 -2.815553e-01 
 4.342062e-01 -2.813389e-01 
 4.343364e-01 -2.811103e-01 
 4.344667e-01 -2.809075e-01 
 4.345969e-01 -2.806801e-01 
 4.347272e-01 -2.803772e-01 
 4.348575e-01 -2.800211e-01 
 4.349877e-01 -2.796644e-01 
 4.351180e-01 -2.790470e-01 
 4.352482e-01 -2.787361e-01 
 4.353785e-01 -2.785536e-01 
 4.355087e-01 -2.781475e-01 
 4.356389e-01 -2.777503e-01 
 4.357690e-01 -2.773743e-01 
 4.358991e-01 -2.770306e-01 
 4.360292e-01 -2.767295e-01 
 4.361594e-01 -2.764859e-01 
 4.362895e-01 -2.763212e-01 
 4.364196e-01 -2.762365e-01 
 4.365497e-01 -2.761987e-01 
 4.366798e-01 -2.761805e-01 
 4.368100e-01 -2.762069e-01 
 4.369400e-01 -2.763239e-01 
 4.370699e-01 -2.765134e-01 
 4.371999e-01 -2.766806e-01 
 4.373299e-01 -2.767518e-01 
 4.374599e-01 -2.767567e-01 
 4.375899e-01 -2.767807e-01 
 4.377199e-01 -2.768684e-01 
 4.378499e-01 -2.770032e-01 
 4.379798e-01 -2.771647e-01 
 4.381098e-01 -2.773675e-01 
 4.382397e-01 -2.776280e-01 
 4.383695e-01 -2.779217e-01 
 4.384994e-01 -2.781268e-01 
 4.386292e-01 -2.783856e-01 
 4.387591e-01 -2.787013e-01 
 4.388889e-01 -2.789960e-01 
 4.390188e-01 -2.793634e-01 
 4.391486e-01 -2.797120e-01 
 4.392785e-01 -2.801200e-01 
 4.394083e-01 -2.805313e-01 
 4.395380e-01 -2.809359e-01 
 4.396678e-01 -2.813855e-01 
 4.397975e-01 -2.818557e-01 
 4.399272e-01 -2.822928e-01 
 4.400569e-01 -2.826537e-01 
 4.401866e-01 -2.829353e-01 
 4.403163e-01 -2.831681e-01 
 4.404461e-01 -2.833915e-01 
 4.405758e-01 -2.836369e-01 
 4.407055e-01 -2.839173e-01 
 4.408351e-01 -2.842201e-01 
 4.409647e-01 -2.845178e-01 
 4.410942e-01 -2.847990e-01 
 4.412238e-01 -2.850855e-01 
 4.413534e-01 -2.854091e-01 
 4.414830e-01 -2.857706e-01 
 4.416126e-01 -2.861392e-01 
 4.417421e-01 -2.864921e-01 
 4.418717e-01 -2.868361e-01 
 4.420013e-01 -2.871901e-01 
 4.421307e-01 -2.875624e-01 
 4.422602e-01 -2.879520e-01 
 4.423896e-01 -2.883554e-01 
 4.425191e-01 -2.887690e-01 
 4.426485e-01 -2.891902e-01 
 4.427780e-01 -2.896212e-01 
 4.429074e-01 -2.900714e-01 
 4.430369e-01 -2.905463e-01 
 4.431663e-01 -2.910380e-01 
 4.432958e-01 -2.915348e-01 
 4.434251e-01 -2.920419e-01 
 4.435544e-01 -2.925875e-01 
 4.436837e-01 -2.931998e-01 
 4.438130e-01 -2.938762e-01 
 4.439423e-01 -2.945783e-01 
 4.440716e-01 -2.952626e-01 
 4.442010e-01 -2.959200e-01 
 4.443303e-01 -2.965813e-01 
 4.444596e-01 -2.972837e-01 
 4.445889e-01 -2.980289e-01 
 4.447181e-01 -2.988643e-01 
 4.448473e-01 -2.994968e-01 
 4.449764e-01 -3.001738e-01 
 4.451056e-01 -3.008285e-01 
 4.452348e-01 -3.014721e-01 
 4.453640e-01 -3.020969e-01 
 4.454931e-01 -3.026954e-01 
 4.456223e-01 -3.032768e-01 
 4.457515e-01 -3.038578e-01 
 4.458807e-01 -3.044487e-01 
 4.460097e-01 -3.050459e-01 
 4.461388e-01 -3.056396e-01 
 4.462678e-01 -3.062101e-01 
 4.463968e-01 -3.068106e-01 
 4.465259e-01 -3.071888e-01 
 4.466549e-01 -3.074886e-01 
 4.467840e-01 -3.077535e-01 
 4.469130e-01 -3.080025e-01 
 4.470421e-01 -3.081337e-01 
 4.471711e-01 -3.081884e-01 
 4.473000e-01 -3.081790e-01 
 4.474289e-01 -3.081511e-01 
 4.475578e-01 -3.081213e-01 
 4.476867e-01 -3.080239e-01 
 4.478156e-01 -3.079674e-01 
 4.479446e-01 -3.079111e-01 
 4.480735e-01 -3.078090e-01 
 4.482024e-01 -3.075963e-01 
 4.483313e-01 -3.073433e-01 
 4.484602e-01 -3.071012e-01 
 4.485890e-01 -3.069123e-01 
 4.487177e-01 -3.067844e-01 
 4.488465e-01 -3.066775e-01 
 4.489753e-01 -3.065329e-01 
 4.491041e-01 -3.063375e-01 
 4.492328e-01 -3.061409e-01 
 4.493616e-01 -3.059876e-01 
 4.494904e-01 -3.058479e-01 
 4.496192e-01 -3.056421e-01 
 4.497479e-01 -3.053304e-01 
 4.498766e-01 -3.049600e-01 
 4.500052e-01 -3.046195e-01 
 4.501339e-01 -3.043682e-01 
 4.502625e-01 -3.042139e-01 
 4.503911e-01 -3.041357e-01 
 4.505198e-01 -3.041053e-01 
 4.506484e-01 -3.040942e-01 
 4.507771e-01 -3.040811e-01 
 4.509057e-01 -3.040669e-01 
 4.510344e-01 -3.039695e-01 
 4.511629e-01 -3.039692e-01 
 4.512914e-01 -3.040514e-01 
 4.514199e-01 -3.042195e-01 
 4.515484e-01 -3.044864e-01 
 4.516769e-01 -3.048762e-01 
 4.518054e-01 -3.053534e-01 
 4.519339e-01 -3.058906e-01 
 4.520624e-01 -3.065065e-01 
 4.521910e-01 -3.071276e-01 
 4.523195e-01 -3.076918e-01 
 4.524478e-01 -3.082490e-01 
 4.525762e-01 -3.087752e-01 
 4.527046e-01 -3.092585e-01 
 4.528330e-01 -3.097321e-01 
 4.529614e-01 -3.102453e-01 
 4.530897e-01 -3.107740e-01 
 4.532181e-01 -3.112456e-01 
 4.533465e-01 -3.117728e-01 
 4.534749e-01 -3.122988e-01 
 4.536033e-01 -3.127448e-01 
 4.537315e-01 -3.131978e-01 
 4.538598e-01 -3.137239e-01 
 4.539880e-01 -3.140471e-01 
 4.541162e-01 -3.144351e-01 
 4.542445e-01 -3.149394e-01 
 4.543727e-01 -3.155414e-01 
 4.545010e-01 -3.161868e-01 
 4.546292e-01 -3.168310e-01 
 4.547575e-01 -3.174507e-01 
 4.548857e-01 -3.180381e-01 
 4.550138e-01 -3.186020e-01 
 4.551420e-01 -3.191645e-01 
 4.552701e-01 -3.197326e-01 
 4.553982e-01 -3.202806e-01 
 4.555263e-01 -3.207773e-01 
 4.556544e-01 -3.212368e-01 
 4.557825e-01 -3.217185e-01 
 4.559107e-01 -3.222694e-01 
 4.560388e-01 -3.228780e-01 
 4.561669e-01 -3.234931e-01 
 4.562949e-01 -3.240784e-01 
 4.564229e-01 -3.246454e-01 
 4.565508e-01 -3.252292e-01 
 4.566788e-01 -3.258508e-01 
 4.568068e-01 -3.265085e-01 
 4.569348e-01 -3.271992e-01 
 4.570628e-01 -3.279286e-01 
 4.571908e-01 -3.286932e-01 
 4.573188e-01 -3.294620e-01 
 4.574467e-01 -3.301915e-01 
 4.575746e-01 -3.308564e-01 
 4.577024e-01 -3.315581e-01 
 4.578303e-01 -3.320345e-01 
 4.579582e-01 -3.325743e-01 
 4.580860e-01 -3.330711e-01 
 4.582139e-01 -3.335136e-01 
 4.583417e-01 -3.339118e-01 
 4.584696e-01 -3.342963e-01 
 4.585974e-01 -3.346956e-01 
 4.587253e-01 -3.350778e-01 
 4.588530e-01 -3.354567e-01 
 4.589807e-01 -3.358483e-01 
 4.591084e-01 -3.362536e-01 
 4.592362e-01 -3.366066e-01 
 4.593639e-01 -3.369371e-01 
 4.594916e-01 -3.372153e-01 
 4.596193e-01 -3.374569e-01 
 4.597471e-01 -3.377496e-01 
 4.598748e-01 -3.381928e-01 
 4.600025e-01 -3.387070e-01 
 4.601301e-01 -3.393165e-01 
 4.602577e-01 -3.399292e-01 
 4.603853e-01 -3.404324e-01 
 4.605129e-01 -3.407849e-01 
 4.606405e-01 -3.410935e-01 
 4.607681e-01 -3.413924e-01 
 4.608957e-01 -3.417558e-01 
 4.610233e-01 -3.421192e-01 
 4.611509e-01 -3.423118e-01 
 4.612785e-01 -3.424437e-01 
 4.614059e-01 -3.425523e-01 
 4.615334e-01 -3.426799e-01 
 4.616608e-01 -3.428608e-01 
 4.617883e-01 -3.431093e-01 
 4.619158e-01 -3.434045e-01 
 4.620432e-01 -3.436900e-01 
 4.621707e-01 -3.439111e-01 
 4.622982e-01 -3.440616e-01 
 4.624256e-01 -3.441963e-01 
 4.625531e-01 -3.443910e-01 
 4.626804e-01 -3.446805e-01 
 4.628078e-01 -3.450312e-01 
 4.629351e-01 -3.453767e-01 
 4.630625e-01 -3.456802e-01 
 4.631898e-01 -3.457992e-01 
 4.633171e-01 -3.460582e-01 
 4.634445e-01 -3.463650e-01 
 4.635718e-01 -3.467205e-01 
 4.636991e-01 -3.470675e-01 
 4.638265e-01 -3.472789e-01 
 4.639537e-01 -3.473480e-01 
 4.640809e-01 -3.473401e-01 
 4.642081e-01 -3.472825e-01 
 4.643353e-01 -3.472123e-01 
 4.644625e-01 -3.471672e-01 
 4.645897e-01 -3.471711e-01 
 4.647169e-01 -3.472164e-01 
 4.648441e-01 -3.472706e-01 
 4.649714e-01 -3.473076e-01 
 4.650986e-01 -3.473368e-01 
 4.652256e-01 -3.473931e-01 
 4.653527e-01 -3.474958e-01 
 4.654798e-01 -3.476159e-01 
 4.656069e-01 -3.476908e-01 
 4.657340e-01 -3.476760e-01 
 4.658611e-01 -3.475726e-01 
 4.659881e-01 -3.474062e-01 
 4.661152e-01 -3.471929e-01 
 4.662423e-01 -3.469450e-01 
 4.663694e-01 -3.466944e-01 
 4.664963e-01 -3.464819e-01 
 4.666233e-01 -3.463136e-01 
 4.667502e-01 -3.461466e-01 
 4.668772e-01 -3.459363e-01 
 4.670041e-01 -3.456837e-01 
 4.671311e-01 -3.454203e-01 
 4.672580e-01 -3.451559e-01 
 4.673850e-01 -3.448623e-01 
 4.675119e-01 -3.445094e-01 
 4.676389e-01 -3.440989e-01 
 4.677657e-01 -3.436569e-01 
 4.678926e-01 -3.432065e-01 
 4.680194e-01 -3.427650e-01 
 4.681462e-01 -3.423493e-01 
 4.682730e-01 -3.419643e-01 
 4.683998e-01 -3.415846e-01 
 4.685267e-01 -3.411630e-01 
 4.686535e-01 -3.406756e-01 
 4.687803e-01 -3.401476e-01 
 4.689071e-01 -3.396287e-01 
 4.690338e-01 -3.391435e-01 
 4.691605e-01 -3.386739e-01 
 4.692872e-01 -3.382015e-01 
 4.694139e-01 -3.377464e-01 
 4.695406e-01 -3.373547e-01 
 4.696673e-01 -3.370473e-01 
 4.697940e-01 -3.368012e-01 
 4.699207e-01 -3.365922e-01 
 4.700474e-01 -3.364419e-01 
 4.701741e-01 -3.363953e-01 
 4.703007e-01 -3.364569e-01 
 4.704273e-01 -3.365647e-01 
 4.705538e-01 -3.365204e-01 
 4.706804e-01 -3.365806e-01 
 4.708070e-01 -3.366901e-01 
 4.709335e-01 -3.368944e-01 
 4.710601e-01 -3.371608e-01 
 4.711867e-01 -3.374132e-01 
 4.713132e-01 -3.377511e-01 
 4.714398e-01 -3.380349e-01 
 4.715663e-01 -3.382986e-01 
 4.716927e-01 -3.386189e-01 
 4.718191e-01 -3.390195e-01 
 4.719456e-01 -3.394734e-01 
 4.720720e-01 -3.399479e-01 
 4.721985e-01 -3.403312e-01 
 4.723249e-01 -3.406953e-01 
 4.724513e-01 -3.410530e-01 
 4.725778e-01 -3.414334e-01 
 4.727042e-01 -3.418319e-01 
 4.728305e-01 -3.422250e-01 
 4.729569e-01 -3.427234e-01 
 4.730832e-01 -3.430705e-01 
 4.732095e-01 -3.434311e-01 
 4.733358e-01 -3.438244e-01 
 4.734621e-01 -3.442339e-01 
 4.735884e-01 -3.446102e-01 
 4.737148e-01 -3.448084e-01 
 4.738411e-01 -3.449098e-01 
 4.739674e-01 -3.449475e-01 
 4.740936e-01 -3.449471e-01 
 4.742198e-01 -3.449228e-01 
 4.743459e-01 -3.449543e-01 
 4.744721e-01 -3.449071e-01 
 4.745983e-01 -3.447643e-01 
 4.747245e-01 -3.446504e-01 
 4.748507e-01 -3.444944e-01 
 4.749769e-01 -3.443250e-01 
 4.751031e-01 -3.441729e-01 
 4.752293e-01 -3.440268e-01 
 4.753553e-01 -3.438308e-01 
 4.754814e-01 -3.435385e-01 
 4.756074e-01 -3.431700e-01 
 4.757335e-01 -3.428006e-01 
 4.758596e-01 -3.424894e-01 
 4.759856e-01 -3.422232e-01 
 4.761117e-01 -3.419339e-01 
 4.762378e-01 -3.415703e-01 
 4.763638e-01 -3.411463e-01 
 4.764899e-01 -3.407225e-01 
 4.766158e-01 -3.403495e-01 
 4.767417e-01 -3.400326e-01 
 4.768677e-01 -3.397440e-01 
 4.769936e-01 -3.394544e-01 
 4.771195e-01 -3.391540e-01 
 4.772455e-01 -3.388480e-01 
 4.773714e-01 -3.385436e-01 
 4.774973e-01 -3.382368e-01 
 4.776233e-01 -3.379090e-01 
 4.777492e-01 -3.375379e-01 
 4.778750e-01 -3.371147e-01 
 4.780008e-01 -3.366534e-01 
 4.781266e-01 -3.361770e-01 
 4.782525e-01 -3.356938e-01 
 4.783783e-01 -3.351962e-01 
 4.785041e-01 -3.346729e-01 
 4.786299e-01 -3.341147e-01 
 4.787557e-01 -3.335141e-01 
 4.788815e-01 -3.328716e-01 
 4.790073e-01 -3.322112e-01 
 4.791330e-01 -3.315785e-01 
 4.792587e-01 -3.310019e-01 
 4.793843e-01 -3.304618e-01 
 4.795100e-01 -3.299053e-01 
 4.796357e-01 -3.293032e-01 
 4.797614e-01 -3.286847e-01 
 4.798871e-01 -3.281064e-01 
 4.800128e-01 -3.275948e-01 
 4.801384e-01 -3.271309e-01 
 4.802641e-01 -3.266868e-01 
 4.803897e-01 -3.262557e-01 
 4.805152e-01 -3.258415e-01 
 4.806408e-01 -3.254381e-01 
 4.807664e-01 -3.250365e-01 
 4.808919e-01 -3.246527e-01 
 4.810175e-01 -3.243199e-01 
 4.811430e-01 -3.240416e-01 
 4.812686e-01 -3.237690e-01 
 4.813941e-01 -3.234442e-01 
 4.815197e-01 -3.230605e-01 
 4.816451e-01 -3.226664e-01 
 4.817706e-01 -3.223045e-01 
 4.818960e-01 -3.219635e-01 
 4.820214e-01 -3.216712e-01 
 4.821469e-01 -3.211523e-01 
 4.822723e-01 -3.206769e-01 
 4.823977e-01 -3.202386e-01 
 4.825232e-01 -3.198951e-01 
 4.826486e-01 -3.196439e-01 
 4.827740e-01 -3.194340e-01 
 4.828993e-01 -3.192228e-01 
 4.830246e-01 -3.190121e-01 
 4.831500e-01 -3.188249e-01 
 4.832753e-01 -3.186534e-01 
 4.834006e-01 -3.184441e-01 
 4.835259e-01 -3.181380e-01 
 4.836512e-01 -3.177198e-01 
 4.837765e-01 -3.172245e-01 
 4.839018e-01 -3.166983e-01 
 4.840271e-01 -3.161616e-01 
 4.841523e-01 -3.156074e-01 
 4.842775e-01 -3.150240e-01 
 4.844027e-01 -3.144159e-01 
 4.845278e-01 -3.138006e-01 
 4.846530e-01 -3.131940e-01 
 4.847782e-01 -3.126014e-01 
 4.849034e-01 -3.120198e-01 
 4.850286e-01 -3.114414e-01 
 4.851538e-01 -3.108546e-01 
 4.852790e-01 -3.102457e-01 
 4.854040e-01 -3.096060e-01 
 4.855291e-01 -3.089387e-01 
 4.856541e-01 -3.082585e-01 
 4.857792e-01 -3.075769e-01 
 4.859043e-01 -3.068911e-01 
 4.860293e-01 -3.061915e-01 
 4.861544e-01 -3.054813e-01 
 4.862794e-01 -3.047795e-01 
 4.864045e-01 -3.040985e-01 
 4.865296e-01 -3.034272e-01 
 4.866545e-01 -3.027509e-01 
 4.867794e-01 -3.020788e-01 
 4.869044e-01 -3.014412e-01 
 4.870293e-01 -3.008464e-01 
 4.871543e-01 -3.002548e-01 
 4.872792e-01 -2.996078e-01 
 4.874041e-01 -2.988793e-01 
 4.875291e-01 -2.980917e-01 
 4.876540e-01 -2.972864e-01 
 4.877790e-01 -2.964900e-01 
 4.879038e-01 -2.957124e-01 
 4.880286e-01 -2.949636e-01 
 4.881534e-01 -2.942676e-01 
 4.882782e-01 -2.936486e-01 
 4.884030e-01 -2.931072e-01 
 4.885278e-01 -2.926152e-01 
 4.886527e-01 -2.921381e-01 
 4.887775e-01 -2.916656e-01 
 4.889023e-01 -2.912090e-01 
 4.890271e-01 -2.907656e-01 
 4.891518e-01 -2.904300e-01 
 4.892765e-01 -2.898560e-01 
 4.894012e-01 -2.889685e-01 
 4.895259e-01 -2.880996e-01 
 4.896506e-01 -2.871545e-01 
 4.897753e-01 -2.861836e-01 
 4.898999e-01 -2.852085e-01 
 4.900246e-01 -2.842346e-01 
 4.901493e-01 -2.832686e-01 
 4.902740e-01 -2.823163e-01 
 4.903986e-01 -2.813770e-01 
 4.905232e-01 -2.804467e-01 
 4.906477e-01 -2.795329e-01 
 4.907723e-01 -2.786464e-01 
 4.908969e-01 -2.777805e-01 
 4.910214e-01 -2.769019e-01 
 4.911460e-01 -2.759698e-01 
 4.912706e-01 -2.749654e-01 
 4.913951e-01 -2.739023e-01 
 4.915197e-01 -2.728087e-01 
 4.916442e-01 -2.717014e-01 
 4.917686e-01 -2.705745e-01 
 4.918931e-01 -2.694236e-01 
 4.920175e-01 -2.682683e-01 
 4.921420e-01 -2.671448e-01 
 4.922664e-01 -2.660673e-01 
 4.923908e-01 -2.650058e-01 
 4.925153e-01 -2.639152e-01 
 4.926397e-01 -2.627849e-01 
 4.927642e-01 -2.616467e-01 
 4.928885e-01 -2.605309e-01 
 4.930128e-01 -2.594238e-01 
 4.931372e-01 -2.582846e-01 
 4.932615e-01 -2.570896e-01 
 4.933858e-01 -2.558493e-01 
 4.935101e-01 -2.545783e-01 
 4.936345e-01 -2.532632e-01 
 4.937588e-01 -2.518674e-01 
 4.938831e-01 -2.503649e-01 
 4.940074e-01 -2.487644e-01 
 4.941316e-01 -2.471027e-01 
 4.942559e-01 -2.454162e-01 
 4.943801e-01 -2.437292e-01 
 4.945043e-01 -2.421899e-01 
 4.946285e-01 -2.404873e-01 
 4.947527e-01 -2.387587e-01 
 4.948769e-01 -2.370377e-01 
 4.950011e-01 -2.353545e-01 
 4.951253e-01 -2.337178e-01 
 4.952495e-01 -2.321270e-01 
 4.953736e-01 -2.305852e-01 
 4.954976e-01 -2.290439e-01 
 4.956217e-01 -2.274484e-01 
 4.957458e-01 -2.258516e-01 
 4.958699e-01 -2.242662e-01 
 4.959940e-01 -2.226975e-01 
 4.961181e-01 -2.214716e-01 
 4.962421e-01 -2.198996e-01 
 4.963662e-01 -2.183013e-01 
 4.964903e-01 -2.166775e-01 
 4.966143e-01 -2.150222e-01 
 4.967382e-01 -2.133060e-01 
 4.968622e-01 -2.114979e-01 
 4.969861e-01 -2.095934e-01 
 4.971101e-01 -2.076111e-01 
 4.972341e-01 -2.055599e-01 
 4.973580e-01 -2.034264e-01 
 4.974820e-01 -2.012021e-01 
 4.976059e-01 -1.989144e-01 
 4.977299e-01 -1.966130e-01 
 4.978537e-01 -1.943330e-01 
 4.979776e-01 -1.920731e-01 
 4.981014e-01 -1.898265e-01 
 4.982253e-01 -1.873274e-01 
 4.983491e-01 -1.851631e-01 
 4.984729e-01 -1.830652e-01 
 4.985968e-01 -1.810142e-01 
 4.987206e-01 -1.789644e-01 
 4.988445e-01 -1.768691e-01 
 4.989683e-01 -1.747079e-01 
 4.990920e-01 -1.727674e-01 
 4.992157e-01 -1.705220e-01 
 4.993395e-01 -1.682445e-01 
 4.994632e-01 -1.659354e-01 
 4.995869e-01 -1.635910e-01 
 4.997106e-01 -1.612325e-01 
 4.998343e-01 -1.589024e-01 
 4.999581e-01 -1.566240e-01 
 5.000818e-01 -1.543772e-01 
 5.002055e-01 -1.521224e-01 
 5.003291e-01 -1.498477e-01 
 5.004527e-01 -1.475731e-01 
 5.005763e-01 -1.453343e-01 
 5.006999e-01 -1.431564e-01 
 5.008235e-01 -1.410467e-01 
 5.009471e-01 -1.389920e-01 
 5.010707e-01 -1.369590e-01 
 5.011943e-01 -1.349139e-01 
 5.013179e-01 -1.328471e-01 
 5.014415e-01 -1.307748e-01 
 5.015650e-01 -1.287162e-01 
 5.016884e-01 -1.266616e-01 
 5.018119e-01 -1.245815e-01 
 5.019354e-01 -1.224596e-01 
 5.020589e-01 -1.203194e-01 
 5.021824e-01 -1.181808e-01 
 5.023058e-01 -1.160853e-01 
 5.024293e-01 -1.140213e-01 
 5.025528e-01 -1.119925e-01 
 5.026763e-01 -1.101191e-01 
 5.027996e-01 -1.080812e-01 
 5.029230e-01 -1.060588e-01 
 5.030464e-01 -1.040846e-01 
 5.031697e-01 -1.021806e-01 
 5.032931e-01 -1.003487e-01 
 5.034164e-01 -9.856285e-02 
 5.035398e-01 -9.677441e-02 
 5.036632e-01 -9.494088e-02 
 5.037865e-01 -9.305916e-02 
 5.039099e-01 -9.116804e-02 
 5.040331e-01 -8.931283e-02 
 5.041564e-01 -8.749632e-02 
 5.042796e-01 -8.567497e-02 
 5.044028e-01 -8.379587e-02 
 5.045261e-01 -8.184503e-02 
 5.046493e-01 -7.985480e-02 
 5.047726e-01 -7.786755e-02 
 5.048958e-01 -7.589348e-02 
 5.050190e-01 -7.390232e-02 
 5.051423e-01 -7.185327e-02 
 5.052654e-01 -6.973340e-02 
 5.053885e-01 -6.756110e-02 
 5.055116e-01 -6.536993e-02 
 5.056348e-01 -6.317625e-02 
 5.057579e-01 -6.097126e-02 
 5.058810e-01 -5.873660e-02 
 5.060041e-01 -5.646435e-02 
 5.061273e-01 -5.416573e-02 
 5.062504e-01 -5.186346e-02 
 5.063735e-01 -4.957478e-02 
 5.064965e-01 -4.730322e-02 
 5.066195e-01 -4.503967e-02 
 5.067425e-01 -4.262175e-02 
 5.068655e-01 -4.042573e-02 
 5.069885e-01 -3.823537e-02 
 5.071115e-01 -3.606607e-02 
 5.072345e-01 -3.394575e-02 
 5.073575e-01 -3.190437e-02 
 5.074805e-01 -2.996078e-02 
 5.076035e-01 -2.811821e-02 
 5.077264e-01 -2.636836e-02 
 5.078493e-01 -2.468821e-02 
 5.079722e-01 -2.304889e-02 
 5.080950e-01 -2.142372e-02 
 5.082179e-01 -1.979995e-02 
 5.083408e-01 -1.817809e-02 
 5.084637e-01 -1.668902e-02 
 5.085866e-01 -1.501428e-02 
 5.087095e-01 -1.334771e-02 
 5.088323e-01 -1.167871e-02 
 5.089551e-01 -1.001463e-02 
 5.090779e-01 -8.377876e-03 
 5.092006e-01 -6.781391e-03 
 5.093234e-01 -5.211138e-03 
 5.094462e-01 -3.645828e-03 
 5.095689e-01 -2.080642e-03 
 5.096917e-01 -5.251834e-04 
 5.098145e-01  1.011561e-03 
 5.099372e-01  2.528654e-03 
 5.100600e-01  4.033100e-03 
 5.101826e-01  5.535519e-03 
 5.103053e-01  7.043267e-03 
 5.104279e-01  8.549674e-03 
 5.105506e-01  1.004328e-02 
 5.106732e-01  1.152103e-02 
 5.107959e-01  1.299454e-02 
 5.109185e-01  1.448108e-02 
 5.110412e-01  1.598897e-02 
 5.111638e-01  1.750975e-02 
 5.112864e-01  1.902897e-02 
 5.114090e-01  2.055296e-02 
 5.115315e-01  2.212651e-02 
 5.116540e-01  2.379847e-02 
 5.117766e-01  2.557582e-02 
 5.118991e-01  2.741171e-02 
 5.120216e-01  2.924459e-02 
 5.121441e-01  3.104751e-02 
 5.122667e-01  3.283322e-02 
 5.123892e-01  3.463887e-02 
 5.125117e-01  3.648126e-02 
 5.126341e-01  3.844846e-02 
 5.127566e-01  4.009795e-02 
 5.128790e-01  4.178485e-02 
 5.130014e-01  4.340275e-02 
 5.131238e-01  4.497147e-02 
 5.132462e-01  4.652001e-02 
 5.133686e-01  4.801559e-02 
 5.134910e-01  4.948010e-02 
 5.136134e-01  5.094185e-02 
 5.137358e-01  5.241272e-02 
 5.138581e-01  5.386165e-02 
 5.139804e-01  5.525718e-02 
 5.141027e-01  5.663012e-02 
 5.142250e-01  5.795059e-02 
 5.143473e-01  5.920941e-02 
 5.144696e-01  6.042549e-02 
 5.145919e-01  6.161703e-02 
 5.147142e-01  6.278493e-02 
 5.148365e-01  6.392743e-02 
 5.149588e-01  6.496492e-02 
 5.150810e-01  6.608116e-02 
 5.152031e-01  6.718998e-02 
 5.153253e-01  6.834801e-02 
 5.154475e-01  6.943860e-02 
 5.155697e-01  7.055899e-02 
 5.156919e-01  7.171398e-02 
 5.158140e-01  7.289142e-02 
 5.159362e-01  7.408385e-02 
 5.160584e-01  7.525332e-02 
 5.161806e-01  7.653983e-02 
 5.163026e-01  7.780307e-02 
 5.164247e-01  7.907463e-02 
 5.165468e-01  8.035237e-02 
 5.166688e-01  8.165423e-02 
 5.167909e-01  8.284308e-02 
 5.169129e-01  8.416053e-02 
 5.170350e-01  8.543971e-02 
 5.171571e-01  8.665536e-02 
 5.172791e-01  8.780501e-02 
 5.174012e-01  8.889463e-02 
 5.175231e-01  9.004912e-02 
 5.176451e-01  9.106695e-02 
 5.177670e-01  9.204074e-02 
 5.178890e-01  9.297242e-02 
 5.180109e-01  9.390701e-02 
 5.181329e-01  9.489144e-02 
 5.182548e-01  9.576558e-02 
 5.183768e-01  9.675848e-02 
 5.184987e-01  9.779637e-02 
 5.186206e-01  9.886061e-02 
 5.187425e-01  9.991128e-02 
 5.188643e-01  1.009335e-01 
 5.189861e-01  1.019460e-01 
 5.191080e-01  1.029737e-01 
 5.192298e-01  1.040140e-01 
 5.193516e-01  1.050339e-01 
 5.194735e-01  1.060061e-01 
 5.195953e-01  1.069419e-01 
 5.197171e-01  1.078750e-01 
 5.198389e-01  1.088167e-01 
 5.199607e-01  1.097425e-01 
 5.200824e-01  1.106287e-01 
 5.202041e-01  1.114769e-01 
 5.203258e-01  1.123061e-01 
 5.204475e-01  1.131301e-01 
 5.205692e-01  1.139484e-01 
 5.206909e-01  1.147520e-01 
 5.208127e-01  1.155389e-01 
 5.209344e-01  1.163284e-01 
 5.210561e-01  1.171532e-01 
 5.211777e-01  1.180277e-01 
 5.212993e-01  1.189370e-01 
 5.214209e-01  1.198668e-01 
 5.215425e-01  1.208343e-01 
 5.216641e-01  1.218647e-01 
 5.217857e-01  1.230100e-01 
 5.219073e-01  1.240448e-01 
 5.220289e-01  1.250778e-01 
 5.221505e-01  1.260567e-01 
 5.222721e-01  1.270491e-01 
 5.223936e-01  1.279497e-01 
 5.225150e-01  1.287863e-01 
 5.226365e-01  1.295524e-01 
 5.227580e-01  1.302353e-01 
 5.228795e-01  1.308319e-01 
 5.230010e-01  1.313621e-01 
 5.231225e-01  1.318566e-01 
 5.232440e-01  1.323273e-01 
 5.233654e-01  1.327547e-01 
 5.234869e-01  1.331062e-01 
 5.236083e-01  1.332944e-01 
 5.237297e-01  1.335333e-01 
 5.238510e-01  1.337588e-01 
 5.239724e-01  1.339704e-01 
 5.240938e-01  1.341653e-01 
 5.242151e-01  1.343594e-01 
 5.243365e-01  1.345423e-01 
 5.244579e-01  1.346906e-01 
 5.245792e-01  1.348024e-01 
 5.247006e-01  1.348577e-01 
 5.248219e-01  1.348216e-01 
 5.249431e-01  1.346697e-01 
 5.250644e-01  1.344099e-01 
 5.251856e-01  1.340810e-01 
 5.253069e-01  1.336958e-01 
 5.254281e-01  1.332740e-01 
 5.255494e-01  1.328087e-01 
 5.256706e-01  1.322955e-01 
 5.257919e-01  1.317496e-01 
 5.259131e-01  1.311952e-01 
 5.260343e-01  1.306440e-01 
 5.261554e-01  1.300900e-01 
 5.262766e-01  1.295254e-01 
 5.263977e-01  1.289425e-01 
 5.265188e-01  1.283292e-01 
 5.266400e-01  1.276778e-01 
 5.267611e-01  1.269985e-01 
 5.268823e-01  1.263142e-01 
 5.270034e-01  1.256430e-01 
 5.271245e-01  1.249925e-01 
 5.272456e-01  1.243663e-01 
 5.273666e-01  1.237637e-01 
 5.274876e-01  1.231822e-01 
 5.276086e-01  1.226230e-01 
 5.277297e-01  1.220906e-01 
 5.278507e-01  1.215780e-01 
 5.279717e-01  1.210590e-01 
 5.280927e-01  1.205109e-01 
 5.282138e-01  1.199345e-01 
 5.283348e-01  1.193418e-01 
 5.284557e-01  1.187318e-01 
 5.285766e-01  1.182203e-01 
 5.286975e-01  1.175405e-01 
 5.288184e-01  1.168338e-01 
 5.289393e-01  1.160815e-01 
 5.290602e-01  1.152882e-01 
 5.291812e-01  1.144838e-01 
 5.293021e-01  1.136903e-01 
 5.294230e-01  1.128962e-01 
 5.295439e-01  1.120704e-01 
 5.296647e-01  1.111544e-01 
 5.297855e-01  1.102605e-01 
 5.299063e-01  1.092771e-01 
 5.300271e-01  1.082474e-01 
 5.301479e-01  1.069970e-01 
 5.302687e-01  1.059170e-01 
 5.303895e-01  1.048958e-01 
 5.305103e-01  1.039294e-01 
 5.306311e-01  1.030042e-01 
 5.307519e-01  1.021256e-01 
 5.308725e-01  1.013169e-01 
 5.309932e-01  1.005801e-01 
 5.311139e-01  9.977696e-02 
 5.312346e-01  9.899550e-02 
 5.313553e-01  9.824657e-02 
 5.314760e-01  9.753616e-02 
 5.315966e-01  9.686204e-02 
 5.317173e-01  9.622108e-02 
 5.318380e-01  9.561941e-02 
 5.319587e-01  9.506792e-02 
 5.320793e-01  9.456642e-02 
 5.321998e-01  9.409775e-02 
 5.323204e-01  9.364301e-02 
 5.324410e-01  9.319436e-02 
 5.325615e-01  9.275354e-02 
 5.326821e-01  9.232141e-02 
 5.328027e-01  9.188934e-02 
 5.329232e-01  9.143903e-02 
 5.330438e-01  9.095248e-02 
 5.331644e-01  9.042639e-02 
 5.332848e-01  8.987815e-02 
 5.334053e-01  8.933513e-02 
 5.335258e-01  8.882196e-02 
 5.336462e-01  8.835040e-02 
 5.337667e-01  8.791627e-02 
 5.338871e-01  8.750253e-02 
 5.340076e-01  8.708932e-02 
 5.341280e-01  8.666213e-02 
 5.342485e-01  8.621111e-02 
 5.343690e-01  8.573051e-02 
 5.344893e-01  8.522474e-02 
 5.346096e-01  8.470557e-02 
 5.347300e-01  8.417896e-02 
 5.348503e-01  8.363867e-02 
 5.349707e-01  8.308577e-02 
 5.350910e-01  8.254767e-02 
 5.352114e-01  8.206060e-02 
 5.353317e-01  8.163104e-02 
 5.354521e-01  8.122555e-02 
 5.355724e-01  8.079939e-02 
 5.356926e-01  8.032855e-02 
 5.358129e-01  7.981344e-02 
 5.359331e-01  7.926360e-02 
 5.360533e-01  7.867937e-02 
 5.361736e-01  7.804806e-02 
 5.362938e-01  7.735615e-02 
 5.364140e-01  7.660851e-02 
 5.365343e-01  7.583222e-02 
 5.366545e-01  7.505908e-02 
 5.367747e-01  7.430321e-02 
 5.368948e-01  7.355563e-02 
 5.370150e-01  7.279325e-02 
 5.371351e-01  7.199887e-02 
 5.372552e-01  7.117016e-02 
 5.373753e-01  7.031559e-02 
 5.374954e-01  6.943956e-02 
 5.376156e-01  6.853494e-02 
 5.377357e-01  6.758949e-02 
 5.378558e-01  6.659470e-02 
 5.379759e-01  6.556131e-02 
 5.380959e-01  6.451941e-02 
 5.382160e-01  6.349081e-02 
 5.383360e-01  6.246868e-02 
 5.384560e-01  6.142671e-02 
 5.385760e-01  6.035776e-02 
 5.386960e-01  5.929285e-02 
 5.388160e-01  5.827243e-02 
 5.389360e-01  5.730144e-02 
 5.390560e-01  5.634526e-02 
 5.391760e-01  5.537179e-02 
 5.392959e-01  5.438594e-02 
 5.394158e-01  5.341186e-02 
 5.395357e-01  5.245630e-02 
 5.396556e-01  5.149271e-02 
 5.397755e-01  5.048241e-02 
 5.398954e-01  4.940503e-02 
 5.400153e-01  4.827131e-02 
 5.401352e-01  4.711199e-02 
 5.402551e-01  4.595416e-02 
 5.403750e-01  4.477396e-02 
 5.404948e-01  4.363190e-02 
 5.406146e-01  4.249947e-02 
 5.407344e-01  4.135926e-02 
 5.408542e-01  4.021225e-02 
 5.409739e-01  3.908295e-02 
 5.410937e-01  3.799593e-02 
 5.412135e-01  3.694119e-02 
 5.413333e-01  3.593552e-02 
 5.414531e-01  3.478362e-02 
 5.415729e-01  3.360194e-02 
 5.416926e-01  3.242089e-02 
 5.418122e-01  3.126385e-02 
 5.419319e-01  3.012641e-02 
 5.420516e-01  2.903849e-02 
 5.421713e-01  2.785573e-02 
 5.422909e-01  2.663781e-02 
 5.424106e-01  2.544002e-02 
 5.425303e-01  2.430445e-02 
 5.426500e-01  2.322990e-02 
 5.427696e-01  2.218417e-02 
 5.428892e-01  2.114576e-02 
 5.430088e-01  2.011192e-02 
 5.431283e-01  1.909223e-02 
 5.432479e-01  1.807737e-02 
 5.433675e-01  1.705782e-02 
 5.434870e-01  1.601587e-02 
 5.436066e-01  1.497093e-02 
 5.437262e-01  1.373539e-02 
 5.438457e-01  1.265366e-02 
 5.439653e-01  1.160273e-02 
 5.440847e-01  1.057093e-02 
 5.442042e-01  9.547753e-03 
 5.443236e-01  8.540907e-03 
 5.444431e-01  7.569393e-03 
 5.445626e-01  6.643791e-03 
 5.446820e-01  5.760532e-03 
 5.448015e-01  4.917603e-03 
 5.449209e-01  4.177796e-03 
 5.450404e-01  3.453090e-03 
 5.451598e-01  2.707755e-03 
 5.452792e-01  1.916315e-03 
 5.453985e-01  1.111300e-03 
 5.455179e-01  3.379868e-04 
 5.456372e-01 -3.975065e-04 
 5.457565e-01 -1.120614e-03 
 5.458759e-01 -1.843316e-03 
 5.459952e-01 -2.547143e-03 
 5.461146e-01 -3.210820e-03 
 5.462339e-01 -3.838200e-03 
 5.463533e-01 -4.446793e-03 
 5.464725e-01 -5.036678e-03 
 5.465917e-01 -5.589548e-03 
 5.467110e-01 -6.096193e-03 
 5.468302e-01 -6.656644e-03 
 5.469494e-01 -7.035801e-03 
 5.470687e-01 -7.476235e-03 
 5.471879e-01 -7.869940e-03 
 5.473071e-01 -8.246881e-03 
 5.474263e-01 -8.625127e-03 
 5.475456e-01 -8.976146e-03 
 5.476647e-01 -9.193393e-03 
 5.477838e-01 -9.432266e-03 
 5.479029e-01 -9.612876e-03 
 5.480221e-01 -9.781702e-03 
 5.481412e-01 -9.970497e-03 
 5.482603e-01 -1.016929e-02 
 5.483794e-01 -1.035571e-02 
 5.484986e-01 -1.053185e-02 
 5.486177e-01 -1.071831e-02 
 5.487368e-01 -1.092428e-02 
 5.488558e-01 -1.114389e-02 
 5.489748e-01 -1.137997e-02 
 5.490938e-01 -1.165102e-02 
 5.492129e-01 -1.196394e-02 
 5.493319e-01 -1.228552e-02 
 5.494509e-01 -1.255605e-02 
 5.495699e-01 -1.273730e-02 
 5.496889e-01 -1.284023e-02 
 5.498079e-01 -1.290163e-02 
 5.499269e-01 -1.294224e-02 
 5.500458e-01 -1.295747e-02 
 5.501647e-01 -1.294275e-02 
 5.502836e-01 -1.291012e-02 
 5.504025e-01 -1.288084e-02 
 5.505215e-01 -1.287319e-02 
 5.506404e-01 -1.290065e-02 
 5.507593e-01 -1.296916e-02 
 5.508782e-01 -1.306848e-02 
 5.509971e-01 -1.317071e-02 
 5.511160e-01 -1.324311e-02 
 5.512348e-01 -1.326303e-02 
 5.513536e-01 -1.322365e-02 
 5.514723e-01 -1.313442e-02 
 5.515911e-01 -1.302007e-02 
 5.517099e-01 -1.290903e-02 
 5.518287e-01 -1.281353e-02 
 5.519475e-01 -1.272259e-02 
 5.520663e-01 -1.261833e-02 
 5.521851e-01 -1.249679e-02 
 5.523039e-01 -1.236977e-02 
 5.524226e-01 -1.224919e-02 
 5.525413e-01 -1.213360e-02 
 5.526600e-01 -1.201286e-02 
 5.527786e-01 -1.187948e-02 
 5.528973e-01 -1.173516e-02 
 5.530160e-01 -1.159145e-02 
 5.531347e-01 -1.146534e-02 
 5.532534e-01 -1.136892e-02 
 5.533721e-01 -1.129787e-02 
 5.534907e-01 -1.123140e-02 
 5.536093e-01 -1.114753e-02 
 5.537279e-01 -1.103817e-02 
 5.538465e-01 -1.090659e-02 
 5.539651e-01 -1.075050e-02 
 5.540836e-01 -1.055493e-02 
 5.542022e-01 -1.030773e-02 
 5.543208e-01 -1.001626e-02 
 5.544394e-01 -9.701988e-03 
 5.545579e-01 -9.379020e-03 
 5.546765e-01 -9.046197e-03 
 5.547950e-01 -8.705764e-03 
 5.549134e-01 -8.374200e-03 
 5.550319e-01 -8.065811e-03 
 5.551504e-01 -7.771423e-03 
 5.552688e-01 -7.464827e-03 
 5.553873e-01 -7.130779e-03 
 5.555058e-01 -6.778217e-03 
 5.556243e-01 -6.585835e-03 
 5.557427e-01 -6.232644e-03 
 5.558612e-01 -5.700879e-03 
 5.559795e-01 -5.330588e-03 
 5.560979e-01 -4.975637e-03 
 5.562163e-01 -4.649672e-03 
 5.563346e-01 -4.338875e-03 
 5.564530e-01 -4.011682e-03 
 5.565713e-01 -3.647602e-03 
 5.566897e-01 -3.251821e-03 
 5.568081e-01 -2.840424e-03 
 5.569264e-01 -2.421521e-03 
 5.570448e-01 -1.996148e-03 
 5.571630e-01 -1.772714e-03 
 5.572813e-01 -1.328338e-03 
 5.573995e-01 -8.467278e-04 
 5.575178e-01 -3.314051e-04 
 5.576360e-01  2.100386e-04 
 5.577543e-01  7.682306e-04 
 5.578726e-01  1.333434e-03 
 5.579908e-01  1.899153e-03 
 5.581091e-01  2.464434e-03 
 5.582273e-01  3.032763e-03 
 5.583455e-01  3.607381e-03 
 5.584636e-01  4.189593e-03 
 5.585817e-01  4.778349e-03 
 5.586999e-01  5.372345e-03 
 5.588180e-01  5.971341e-03 
 5.589362e-01  6.575630e-03 
 5.590543e-01  7.183638e-03 
 5.591725e-01  7.794772e-03 
 5.592906e-01  8.418034e-03 
 5.594088e-01  9.070700e-03 
 5.595268e-01  9.758732e-03 
 5.596448e-01  1.057372e-02 
 5.597629e-01  1.129306e-02 
 5.598809e-01  1.200662e-02 
 5.599989e-01  1.270318e-02 
 5.601170e-01  1.336776e-02 
 5.602350e-01  1.397669e-02 
 5.603531e-01  1.451060e-02 
 5.604711e-01  1.497756e-02 
 5.605891e-01  1.541079e-02 
 5.607071e-01  1.583579e-02 
 5.608250e-01  1.624421e-02 
 5.609429e-01  1.660452e-02 
 5.610609e-01  1.690318e-02 
 5.611788e-01  1.717015e-02 
 5.612967e-01  1.746065e-02 
 5.614147e-01  1.781164e-02 
 5.615326e-01  1.821518e-02 
 5.616505e-01  1.863433e-02 
 5.617684e-01  1.904425e-02 
 5.618863e-01  1.945577e-02 
 5.620041e-01  1.989951e-02 
 5.621219e-01  2.039145e-02 
 5.622397e-01  2.091858e-02 
 5.623576e-01  2.145478e-02 
 5.624754e-01  2.198446e-02 
 5.625932e-01  2.250916e-02 
 5.627110e-01  2.303691e-02 
 5.628289e-01  2.357201e-02 
 5.629467e-01  2.411351e-02 
 5.630644e-01  2.465442e-02 
 5.631821e-01  2.518340e-02 
 5.632998e-01  2.568768e-02 
 5.634176e-01  2.615928e-02 
 5.635353e-01  2.659700e-02 
 5.636530e-01  2.700646e-02 
 5.637707e-01  2.740124e-02 
 5.638884e-01  2.780912e-02 
 5.640062e-01  2.822083e-02 
 5.641239e-01  2.865540e-02 
 5.642415e-01  2.909455e-02 
 5.643591e-01  2.955323e-02 
 5.644767e-01  3.002157e-02 
 5.645943e-01  3.043009e-02 
 5.647119e-01  3.092426e-02 
 5.648295e-01  3.144572e-02 
 5.649472e-01  3.202307e-02 
 5.650648e-01  3.249115e-02 
 5.651824e-01  3.296053e-02 
 5.653000e-01  3.343350e-02 
 5.654175e-01  3.389437e-02 
 5.655350e-01  3.433021e-02 
 5.656525e-01  3.474699e-02 
 5.657700e-01  3.516289e-02 
 5.658875e-01  3.558478e-02 
 5.660050e-01  3.599607e-02 
 5.661225e-01  3.637274e-02 
 5.662400e-01  3.671012e-02 
 5.663575e-01  3.702921e-02 
 5.664750e-01  3.735759e-02 
 5.665924e-01  3.770666e-02 
 5.667098e-01  3.807058e-02 
 5.668272e-01  3.843893e-02 
 5.669446e-01  3.881100e-02 
 5.670620e-01  3.920080e-02 
 5.671794e-01  3.962903e-02 
 5.672968e-01  4.010638e-02 
 5.674142e-01  4.062229e-02 
 5.675316e-01  4.115425e-02 
 5.676490e-01  4.168976e-02 
 5.677663e-01  4.223716e-02 
 5.678836e-01  4.281170e-02 
 5.680009e-01  4.340828e-02 
 5.681182e-01  4.399984e-02 
 5.682355e-01  4.456490e-02 
 5.683528e-01  4.511149e-02 
 5.684701e-01  4.566730e-02 
 5.685874e-01  4.624678e-02 
 5.687047e-01  4.678102e-02 
 5.688220e-01  4.731927e-02 
 5.689392e-01  4.786638e-02 
 5.690564e-01  4.841776e-02 
 5.691735e-01  4.896387e-02 
 5.692907e-01  4.950529e-02 
 5.694079e-01  5.005924e-02 
 5.695251e-01  5.064729e-02 
 5.696423e-01  5.127570e-02 
 5.697595e-01  5.192838e-02 
 5.698767e-01  5.258242e-02 
 5.699939e-01  5.323169e-02 
 5.701109e-01  5.388961e-02 
 5.702280e-01  5.457491e-02 
 5.703451e-01  5.529010e-02 
 5.704622e-01  5.601804e-02 
 5.705793e-01  5.674042e-02 
 5.706964e-01  5.745902e-02 
 5.708134e-01  5.819544e-02 
 5.709305e-01  5.896290e-02 
 5.710476e-01  5.974531e-02 
 5.711647e-01  6.054799e-02 
 5.712817e-01  6.126614e-02 
 5.713987e-01  6.199813e-02 
 5.715156e-01  6.273621e-02 
 5.716326e-01  6.347341e-02 
 5.717496e-01  6.421177e-02 
 5.718666e-01  6.495854e-02 
 5.719835e-01  6.572032e-02 
 5.721005e-01  6.650257e-02 
 5.722175e-01  6.730906e-02 
 5.723345e-01  6.813570e-02 
 5.724514e-01  6.882285e-02 
 5.725682e-01  6.959274e-02 
 5.726851e-01  7.036430e-02 
 5.728020e-01  7.115578e-02 
 5.729188e-01  7.197348e-02 
 5.730357e-01  7.280802e-02 
 5.731526e-01  7.364496e-02 
 5.732695e-01  7.447565e-02 
 5.733863e-01  7.543488e-02 
 5.735032e-01  7.629769e-02 
 5.736200e-01  7.716699e-02 
 5.737368e-01  7.804094e-02 
 5.738535e-01  7.890996e-02 
 5.739703e-01  7.975524e-02 
 5.740871e-01  8.055619e-02 
 5.742038e-01  8.130388e-02 
 5.743206e-01  8.200655e-02 
 5.744374e-01  8.268015e-02 
 5.745541e-01  8.333447e-02 
 5.746709e-01  8.396983e-02 
 5.747876e-01  8.458452e-02 
 5.749042e-01  8.518335e-02 
 5.750209e-01  8.577404e-02 
 5.751376e-01  8.636279e-02 
 5.752542e-01  8.695406e-02 
 5.753709e-01  8.755408e-02 
 5.754876e-01  8.816873e-02 
 5.756042e-01  8.879504e-02 
 5.757209e-01  8.941789e-02 
 5.758376e-01  9.001935e-02 
 5.759541e-01  9.059127e-02 
 5.760707e-01  9.113766e-02 
 5.761872e-01  9.166235e-02 
 5.763038e-01  9.216253e-02 
 5.764204e-01  9.263456e-02 
 5.765369e-01  9.308351e-02 
 5.766535e-01  9.352161e-02 
 5.767701e-01  9.395638e-02 
 5.768866e-01  9.438339e-02 
 5.770032e-01  9.479221e-02 
 5.771196e-01  9.517743e-02 
 5.772361e-01  9.554351e-02 
 5.773525e-01  9.589753e-02 
 5.774690e-01  9.624215e-02 
 5.775855e-01  9.657468e-02 
 5.777019e-01  9.689170e-02 
 5.778184e-01  9.719370e-02 
 5.779348e-01  9.748676e-02 
 5.780513e-01  9.778109e-02 
 5.781677e-01  9.808665e-02 
 5.782841e-01  9.840760e-02 
 5.784005e-01  9.874014e-02 
 5.785168e-01  9.907468e-02 
 5.786332e-01  9.940397e-02 
 5.787495e-01  9.972740e-02 
 5.788659e-01  1.000485e-01 
 5.789822e-01  1.003698e-01 
 5.790986e-01  1.006921e-01 
 5.792149e-01  1.010186e-01 
 5.793313e-01  1.013580e-01 
 5.794475e-01  1.017230e-01 
 5.795638e-01  1.021270e-01 
 5.796800e-01  1.025776e-01 
 5.797963e-01  1.030723e-01 
 5.799125e-01  1.035976e-01 
 5.800288e-01  1.041336e-01 
 5.801450e-01  1.046632e-01 
 5.802613e-01  1.051795e-01 
 5.803775e-01  1.056866e-01 
 5.804938e-01  1.061955e-01 
 5.806099e-01  1.067191e-01 
 5.807261e-01  1.072675e-01 
 5.808422e-01  1.078397e-01 
 5.809584e-01  1.084242e-01 
 5.810745e-01  1.090098e-01 
 5.811907e-01  1.095990e-01 
 5.813068e-01  1.102093e-01 
 5.814230e-01  1.108567e-01 
 5.815391e-01  1.115366e-01 
 5.816553e-01  1.122235e-01 
 5.817713e-01  1.128907e-01 
 5.818873e-01  1.135356e-01 
 5.820034e-01  1.141789e-01 
 5.821194e-01  1.148420e-01 
 5.822355e-01  1.155255e-01 
 5.823515e-01  1.162124e-01 
 5.824676e-01  1.168907e-01 
 5.825836e-01  1.175668e-01 
 5.826996e-01  1.182562e-01 
 5.828157e-01  1.189623e-01 
 5.829316e-01  1.196700e-01 
 5.830476e-01  1.203628e-01 
 5.831635e-01  1.210383e-01 
 5.832795e-01  1.217081e-01 
 5.833954e-01  1.223812e-01 
 5.835113e-01  1.230516e-01 
 5.836273e-01  1.237062e-01 
 5.837432e-01  1.243412e-01 
 5.838592e-01  1.249676e-01 
 5.839751e-01  1.255997e-01 
 5.840909e-01  1.262387e-01 
 5.842068e-01  1.268706e-01 
 5.843226e-01  1.274767e-01 
 5.844385e-01  1.280465e-01 
 5.845543e-01  1.285826e-01 
 5.846701e-01  1.290940e-01 
 5.847860e-01  1.295889e-01 
 5.849018e-01  1.298791e-01 
 5.850177e-01  1.303110e-01 
 5.851335e-01  1.307378e-01 
 5.852492e-01  1.311683e-01 
 5.853650e-01  1.316003e-01 
 5.854807e-01  1.320284e-01 
 5.855964e-01  1.324544e-01 
 5.857122e-01  1.328872e-01 
 5.858279e-01  1.333307e-01 
 5.859436e-01  1.337734e-01 
 5.860594e-01  1.341914e-01 
 5.861751e-01  1.345620e-01 
 5.862909e-01  1.348781e-01 
 5.864065e-01  1.351515e-01 
 5.865221e-01  1.354041e-01 
 5.866378e-01  1.356537e-01 
 5.867534e-01  1.359362e-01 
 5.868690e-01  1.361366e-01 
 5.869847e-01  1.363389e-01 
 5.871003e-01  1.365250e-01 
 5.872159e-01  1.366546e-01 
 5.873316e-01  1.367663e-01 
 5.874472e-01  1.368875e-01 
 5.875627e-01  1.370352e-01 
 5.876783e-01  1.372076e-01 
 5.877938e-01  1.373903e-01 
 5.879093e-01  1.375723e-01 
 5.880249e-01  1.377552e-01 
 5.881404e-01  1.379487e-01 
 5.882559e-01  1.381593e-01 
 5.883715e-01  1.383853e-01 
 5.884870e-01  1.386220e-01 
 5.886025e-01  1.388719e-01 
 5.887180e-01  1.391424e-01 
 5.888334e-01  1.394389e-01 
 5.889488e-01  1.397565e-01 
 5.890642e-01  1.400810e-01 
 5.891797e-01  1.403956e-01 
 5.892951e-01  1.406888e-01 
 5.894105e-01  1.409613e-01 
 5.895260e-01  1.412238e-01 
 5.896414e-01  1.414891e-01 
 5.897568e-01  1.417625e-01 
 5.898722e-01  1.420422e-01 
 5.899875e-01  1.423286e-01 
 5.901028e-01  1.426329e-01 
 5.902181e-01  1.429741e-01 
 5.903335e-01  1.433629e-01 
 5.904488e-01  1.437933e-01 
 5.905641e-01  1.442499e-01 
 5.906795e-01  1.447246e-01 
 5.907948e-01  1.452251e-01 
 5.909101e-01  1.457651e-01 
 5.910254e-01  1.463470e-01 
 5.911406e-01  1.469536e-01 
 5.912558e-01  1.475571e-01 
 5.913710e-01  1.481414e-01 
 5.914863e-01  1.487144e-01 
 5.916015e-01  1.492979e-01 
 5.917167e-01  1.499047e-01 
 5.918319e-01  1.505265e-01 
 5.919472e-01  1.511459e-01 
 5.920624e-01  1.517561e-01 
 5.921775e-01  1.523664e-01 
 5.922927e-01  1.529921e-01 
 5.924078e-01  1.536391e-01 
 5.925229e-01  1.543040e-01 
 5.926380e-01  1.549847e-01 
 5.927532e-01  1.556860e-01 
 5.928683e-01  1.564152e-01 
 5.929834e-01  1.571748e-01 
 5.930985e-01  1.579596e-01 
 5.932137e-01  1.587614e-01 
 5.933287e-01  1.595742e-01 
 5.934437e-01  1.603997e-01 
 5.935588e-01  1.612466e-01 
 5.936738e-01  1.621280e-01 
 5.937888e-01  1.630540e-01 
 5.939038e-01  1.640233e-01 
 5.940189e-01  1.650225e-01 
 5.941339e-01  1.660367e-01 
 5.942489e-01  1.670618e-01 
 5.943639e-01  1.681065e-01 
 5.944789e-01  1.691809e-01 
 5.945938e-01  1.702845e-01 
 5.947087e-01  1.714010e-01 
 5.948236e-01  1.725076e-01 
 5.949386e-01  1.735882e-01 
 5.950535e-01  1.746396e-01 
 5.951684e-01  1.756672e-01 
 5.952834e-01  1.766795e-01 
 5.953983e-01  1.776840e-01 
 5.955132e-01  1.786868e-01 
 5.956280e-01  1.796908e-01 
 5.957429e-01  1.806955e-01 
 5.958577e-01  1.816937e-01 
 5.959725e-01  1.826763e-01 
 5.960873e-01  1.836407e-01 
 5.962022e-01  1.845938e-01 
 5.963170e-01  1.855478e-01 
 5.964318e-01  1.865104e-01 
 5.965466e-01  1.874777e-01 
 5.966615e-01  1.884364e-01 
 5.967762e-01  1.893726e-01 
 5.968909e-01  1.902822e-01 
 5.970056e-01  1.911677e-01 
 5.971204e-01  1.920319e-01 
 5.972351e-01  1.928716e-01 
 5.973498e-01  1.936781e-01 
 5.974646e-01  1.944437e-01 
 5.975793e-01  1.951662e-01 
 5.976940e-01  1.958467e-01 
 5.978087e-01  1.964871e-01 
 5.979234e-01  1.970901e-01 
 5.980380e-01  1.976635e-01 
 5.981526e-01  1.982205e-01 
 5.982672e-01  1.987751e-01 
 5.983819e-01  1.993360e-01 
 5.984965e-01  1.999019e-01 
 5.986111e-01  2.004747e-01 
 5.987258e-01  2.009924e-01 
 5.988404e-01  2.015126e-01 
 5.989550e-01  2.020322e-01 
 5.990695e-01  2.025487e-01 
 5.991841e-01  2.030675e-01 
 5.992986e-01  2.036016e-01 
 5.994131e-01  2.041650e-01 
 5.995276e-01  2.047630e-01 
 5.996422e-01  2.053893e-01 
 5.997567e-01  2.060326e-01 
 5.998712e-01  2.066849e-01 
 5.999858e-01  2.073418e-01 
 6.001003e-01  2.079949e-01 
 6.002147e-01  2.086257e-01 
 6.003291e-01  2.092146e-01 
 6.004436e-01  2.097543e-01 
 6.005580e-01  2.102576e-01 
 6.006724e-01  2.107483e-01 
 6.007869e-01  2.112430e-01 
 6.009013e-01  2.117415e-01 
 6.010157e-01  2.122359e-01 
 6.011301e-01  2.127283e-01 
 6.012446e-01  2.132373e-01 
 6.013589e-01  2.137823e-01 
 6.014732e-01  2.143636e-01 
 6.015876e-01  2.149562e-01 
 6.017019e-01  2.155314e-01 
 6.018162e-01  2.160829e-01 
 6.019306e-01  2.166326e-01 
 6.020449e-01  2.172088e-01 
 6.021592e-01  2.178197e-01 
 6.022735e-01  2.184495e-01 
 6.023879e-01  2.190799e-01 
 6.025021e-01  2.197103e-01 
 6.026163e-01  2.203587e-01 
 6.027306e-01  2.210428e-01 
 6.028448e-01  2.217652e-01 
 6.029590e-01  2.225172e-01 
 6.030733e-01  2.232904e-01 
 6.031875e-01  2.240832e-01 
 6.033017e-01  2.248937e-01 
 6.034160e-01  2.257115e-01 
 6.035302e-01  2.265204e-01 
 6.036443e-01  2.273078e-01 
 6.037585e-01  2.280718e-01 
 6.038726e-01  2.288140e-01 
 6.039867e-01  2.295329e-01 
 6.041009e-01  2.302247e-01 
 6.042150e-01  2.308912e-01 
 6.043291e-01  2.315451e-01 
 6.044432e-01  2.322035e-01 
 6.045574e-01  2.328765e-01 
 6.046715e-01  2.335615e-01 
 6.047855e-01  2.342485e-01 
 6.048996e-01  2.349315e-01 
 6.050136e-01  2.356121e-01 
 6.051277e-01  2.362964e-01 
 6.052417e-01  2.369873e-01 
 6.053557e-01  2.376798e-01 
 6.054698e-01  2.383631e-01 
 6.055838e-01  2.390278e-01 
 6.056978e-01  2.396734e-01 
 6.058119e-01  2.403080e-01 
 6.059258e-01  2.409398e-01 
 6.060397e-01  2.415691e-01 
 6.061537e-01  2.421845e-01 
 6.062676e-01  2.427716e-01 
 6.063815e-01  2.433233e-01 
 6.064955e-01  2.438438e-01 
 6.066094e-01  2.443421e-01 
 6.067233e-01  2.448224e-01 
 6.068373e-01  2.452795e-01 
 6.069512e-01  2.457045e-01 
 6.070651e-01  2.460933e-01 
 6.071789e-01  2.464525e-01 
 6.072927e-01  2.467920e-01 
 6.074066e-01  2.471161e-01 
 6.075204e-01  2.474205e-01 
 6.076342e-01  2.476997e-01 
 6.077481e-01  2.479559e-01 
 6.078619e-01  2.481980e-01 
 6.079758e-01  2.484321e-01 
 6.080896e-01  2.486522e-01 
 6.082033e-01  2.488459e-01 
 6.083171e-01  2.490067e-01 
 6.084308e-01  2.491416e-01 
 6.085445e-01  2.492656e-01 
 6.086583e-01  2.493887e-01 
 6.087720e-01  2.495103e-01 
 6.088858e-01  2.496255e-01 
 6.089995e-01  2.497334e-01 
 6.091132e-01  2.498384e-01 
 6.092270e-01  2.499417e-01 
 6.093406e-01  2.500344e-01 
 6.094543e-01  2.501011e-01 
 6.095679e-01  2.501326e-01 
 6.096816e-01  2.501328e-01 
 6.097952e-01  2.501122e-01 
 6.099088e-01  2.500365e-01 
 6.100225e-01  2.499497e-01 
 6.101361e-01  2.498637e-01 
 6.102498e-01  2.497881e-01 
 6.103634e-01  2.497152e-01 
 6.104770e-01  2.496097e-01 
 6.105905e-01  2.495028e-01 
 6.107040e-01  2.493888e-01 
 6.108176e-01  2.492572e-01 
 6.109311e-01  2.491088e-01 
 6.110447e-01  2.489530e-01 
 6.111582e-01  2.487958e-01 
 6.112718e-01  2.486295e-01 
 6.113853e-01  2.484369e-01 
 6.114989e-01  2.482062e-01 
 6.116123e-01  2.479410e-01 
 6.117258e-01  2.476557e-01 
 6.118392e-01  2.473593e-01 
 6.119527e-01  2.470477e-01 
 6.120661e-01  2.467120e-01 
 6.121796e-01  2.463532e-01 
 6.122930e-01  2.459871e-01 
 6.124064e-01  2.456328e-01 
 6.125199e-01  2.452977e-01 
 6.126333e-01  2.449751e-01 
 6.127467e-01  2.446567e-01 
 6.128600e-01  2.443419e-01 
 6.129734e-01  2.440368e-01 
 6.130867e-01  2.437416e-01 
 6.132001e-01  2.434436e-01 
 6.133135e-01  2.431246e-01 
 6.134268e-01  2.427743e-01 
 6.135402e-01  2.423961e-01 
 6.136535e-01  2.419993e-01 
 6.137669e-01  2.415878e-01 
 6.138801e-01  2.411575e-01 
 6.139934e-01  2.407036e-01 
 6.141066e-01  2.402319e-01 
 6.142199e-01  2.397580e-01 
 6.143331e-01  2.392956e-01 
 6.144464e-01  2.388459e-01 
 6.145596e-01  2.383989e-01 
 6.146729e-01  2.379455e-01 
 6.147861e-01  2.374850e-01 
 6.148994e-01  2.370225e-01 
 6.150126e-01  2.365613e-01 
 6.151257e-01  2.360982e-01 
 6.152389e-01  2.356301e-01 
 6.153520e-01  2.351610e-01 
 6.154652e-01  2.347008e-01 
 6.155783e-01  2.342567e-01 
 6.156915e-01  2.338253e-01 
 6.158047e-01  2.333968e-01 
 6.159178e-01  2.329665e-01 
 6.160310e-01  2.325408e-01 
 6.161440e-01  2.321308e-01 
 6.162571e-01  2.317382e-01 
 6.163702e-01  2.313526e-01 
 6.164832e-01  2.309592e-01 
 6.165963e-01  2.305528e-01 
 6.167093e-01  2.301413e-01 
 6.168224e-01  2.297360e-01 
 6.169355e-01  2.293385e-01 
 6.170485e-01  2.289389e-01 
 6.171616e-01  2.285285e-01 
 6.172746e-01  2.281146e-01 
 6.173875e-01  2.277187e-01 
 6.175005e-01  2.273598e-01 
 6.176134e-01  2.270359e-01 
 6.177264e-01  2.267234e-01 
 6.178394e-01  2.263964e-01 
 6.179523e-01  2.260456e-01 
 6.180653e-01  2.256777e-01 
 6.181783e-01  2.252990e-01 
 6.182912e-01  2.249025e-01 
 6.184041e-01  2.244721e-01 
 6.185170e-01  2.239981e-01 
 6.186298e-01  2.234862e-01 
 6.187427e-01  2.229487e-01 
 6.188556e-01  2.223898e-01 
 6.189685e-01  2.218032e-01 
 6.190813e-01  2.211846e-01 
 6.191942e-01  2.205423e-01 
 6.193071e-01  2.198934e-01 
 6.194199e-01  2.192479e-01 
 6.195327e-01  2.185541e-01 
 6.196455e-01  2.178523e-01 
 6.197582e-01  2.171519e-01 
 6.198710e-01  2.164506e-01 
 6.199838e-01  2.157511e-01 
 6.200966e-01  2.150595e-01 
 6.202093e-01  2.143756e-01 
 6.203221e-01  2.136850e-01 
 6.204349e-01  2.129662e-01 
 6.205477e-01  2.122068e-01 
 6.206603e-01  2.114133e-01 
 6.207730e-01  2.106024e-01 
 6.208857e-01  2.097817e-01 
 6.209984e-01  2.089357e-01 
 6.211111e-01  2.080720e-01 
 6.212237e-01  2.071905e-01 
 6.213364e-01  2.062924e-01 
 6.214491e-01  2.053779e-01 
 6.215618e-01  2.044467e-01 
 6.216744e-01  2.035001e-01 
 6.217870e-01  2.025408e-01 
 6.218996e-01  2.015669e-01 
 6.220122e-01  2.005735e-01 
 6.221248e-01  1.996078e-01 
 6.222374e-01  1.985861e-01 
 6.223499e-01  1.975570e-01 
 6.224625e-01  1.965199e-01 
 6.225751e-01  1.954780e-01 
 6.226877e-01  1.944338e-01 
 6.228003e-01  1.933859e-01 
 6.229127e-01  1.923330e-01 
 6.230252e-01  1.912764e-01 
 6.231377e-01  1.902230e-01 
 6.232502e-01  1.891759e-01 
 6.233627e-01  1.881252e-01 
 6.234752e-01  1.870493e-01 
 6.235877e-01  1.859286e-01 
 6.237002e-01  1.847593e-01 
 6.238126e-01  1.835558e-01 
 6.239251e-01  1.823417e-01 
 6.240375e-01  1.811368e-01 
 6.241499e-01  1.799450e-01 
 6.242623e-01  1.787564e-01 
 6.243747e-01  1.775543e-01 
 6.244871e-01  1.763298e-01 
 6.245995e-01  1.750919e-01 
 6.247119e-01  1.738634e-01 
 6.248243e-01  1.726613e-01 
 6.249367e-01  1.714806e-01 
 6.250491e-01  1.702979e-01 
 6.251614e-01  1.690929e-01 
 6.252736e-01  1.678619e-01 
 6.253859e-01  1.666180e-01 
 6.254982e-01  1.653747e-01 
 6.256105e-01  1.641361e-01 
 6.257228e-01  1.628985e-01 
 6.258351e-01  1.616578e-01 
 6.259474e-01  1.604148e-01 
 6.260597e-01  1.591760e-01 
 6.261720e-01  1.579491e-01 
 6.262842e-01  1.567362e-01 
 6.263964e-01  1.555245e-01 
 6.265086e-01  1.542947e-01 
 6.266208e-01  1.530316e-01 
 6.267330e-01  1.517359e-01 
 6.268452e-01  1.504234e-01 
 6.269574e-01  1.491130e-01 
 6.270696e-01  1.478151e-01 
 6.271817e-01  1.465309e-01 
 6.272939e-01  1.452613e-01 
 6.274060e-01  1.440174e-01 
 6.275182e-01  1.428175e-01 
 6.276303e-01  1.416730e-01 
 6.277424e-01  1.405697e-01 
 6.278545e-01  1.394677e-01 
 6.279666e-01  1.383281e-01 
 6.280787e-01  1.371424e-01 
 6.281908e-01  1.359349e-01 
 6.283029e-01  1.347353e-01 
 6.284150e-01  1.335497e-01 
 6.285270e-01  1.323610e-01 
 6.286391e-01  1.311483e-01 
 6.287511e-01  1.298857e-01 
 6.288631e-01  1.286062e-01 
 6.289751e-01  1.273597e-01 
 6.290871e-01  1.261627e-01 
 6.291991e-01  1.250131e-01 
 6.293111e-01  1.238966e-01 
 6.294232e-01  1.227396e-01 
 6.295352e-01  1.216049e-01 
 6.296471e-01  1.204770e-01 
 6.297590e-01  1.193541e-01 
 6.298709e-01  1.182225e-01 
 6.299829e-01  1.170583e-01 
 6.300948e-01  1.158478e-01 
 6.302067e-01  1.146045e-01 
 6.303186e-01  1.133593e-01 
 6.304305e-01  1.121321e-01 
 6.305425e-01  1.109128e-01 
 6.306544e-01  1.096154e-01 
 6.307662e-01  1.083530e-01 
 6.308780e-01  1.071032e-01 
 6.309899e-01  1.058964e-01 
 6.311017e-01  1.046972e-01 
 6.312135e-01  1.035293e-01 
 6.313253e-01  1.023687e-01 
 6.314372e-01  1.012039e-01 
 6.315490e-01  1.000381e-01 
 6.316608e-01  9.887467e-02 
 6.317726e-01  9.770804e-02 
 6.318844e-01  9.653499e-02 
 6.319961e-01  9.536707e-02 
 6.321079e-01  9.422979e-02 
 6.322196e-01  9.314052e-02 
 6.323313e-01  9.209238e-02 
 6.324431e-01  9.106122e-02 
 6.325548e-01  9.002710e-02 
 6.326665e-01  8.898777e-02 
 6.327783e-01  8.795401e-02 
 6.328900e-01  8.693646e-02 
 6.330016e-01  8.593983e-02 
 6.331133e-01  8.496328e-02 
 6.332249e-01  8.400815e-02 
 6.333366e-01  8.307654e-02 
 6.334482e-01  8.216630e-02 
 6.335598e-01  8.126895e-02 
 6.336715e-01  8.037418e-02 
 6.337831e-01  7.947597e-02 
 6.338948e-01  7.857422e-02 
 6.340064e-01  7.767260e-02 
 6.341179e-01  7.677806e-02 
 6.342295e-01  7.589862e-02 
 6.343410e-01  7.504280e-02 
 6.344526e-01  7.421455e-02 
 6.345641e-01  7.341175e-02 
 6.346757e-01  7.262923e-02 
 6.347872e-01  7.173783e-02 
 6.348988e-01  7.097910e-02 
 6.350103e-01  7.022211e-02 
 6.351219e-01  6.946485e-02 
 6.352333e-01  6.871475e-02 
 6.353448e-01  6.797356e-02 
 6.354562e-01  6.723205e-02 
 6.355677e-01  6.647556e-02 
 6.356791e-01  6.569857e-02 
 6.357906e-01  6.491111e-02 
 6.359021e-01  6.412905e-02 
 6.360135e-01  6.336019e-02 
 6.361250e-01  6.260448e-02 
 6.362364e-01  6.186713e-02 
 6.363478e-01  6.116410e-02 
 6.364591e-01  6.050549e-02 
 6.365705e-01  5.987917e-02 
 6.366819e-01  5.925499e-02 
 6.367932e-01  5.861359e-02 
 6.369046e-01  5.796822e-02 
 6.370160e-01  5.735281e-02 
 6.371273e-01  5.678160e-02 
 6.372387e-01  5.623432e-02 
 6.373500e-01  5.567506e-02 
 6.374613e-01  5.508414e-02 
 6.375726e-01  5.446746e-02 
 6.376838e-01  5.384416e-02 
 6.377951e-01  5.321868e-02 
 6.379064e-01  5.257944e-02 
 6.380177e-01  5.191280e-02 
 6.381289e-01  5.121034e-02 
 6.382402e-01  5.046634e-02 
 6.383515e-01  4.967661e-02 
 6.384627e-01  4.884573e-02 
 6.385739e-01  4.799595e-02 
 6.386851e-01  4.716272e-02 
 6.387963e-01  4.638053e-02 
 6.389074e-01  4.565934e-02 
 6.390186e-01  4.497464e-02 
 6.391298e-01  4.428507e-02 
 6.392410e-01  4.356486e-02 
 6.393521e-01  4.282098e-02 
 6.394633e-01  4.207848e-02 
 6.395745e-01  4.135041e-02 
 6.396856e-01  4.062658e-02 
 6.397967e-01  3.988932e-02 
 6.399078e-01  3.913951e-02 
 6.400188e-01  3.839815e-02 
 6.401299e-01  3.768439e-02 
 6.402410e-01  3.699417e-02 
 6.403521e-01  3.630163e-02 
 6.404632e-01  3.558050e-02 
 6.405743e-01  3.482580e-02 
 6.406853e-01  3.405908e-02 
 6.407963e-01  3.331382e-02 
 6.409073e-01  3.260726e-02 
 6.410183e-01  3.192557e-02 
 6.411293e-01  3.123284e-02 
 6.412403e-01  3.050429e-02 
 6.413513e-01  2.975378e-02 
 6.414623e-01  2.902701e-02 
 6.415733e-01  2.836408e-02 
 6.416843e-01  2.776694e-02 
 6.417953e-01  2.721021e-02 
 6.419062e-01  2.667302e-02 
 6.420171e-01  2.615453e-02 
 6.421280e-01  2.566557e-02 
 6.422389e-01  2.521023e-02 
 6.423498e-01  2.478180e-02 
 6.424607e-01  2.437062e-02 
 6.425716e-01  2.396934e-02 
 6.426825e-01  2.357115e-02 
 6.427934e-01  2.317100e-02 
 6.429043e-01  2.277186e-02 
 6.430151e-01  2.238568e-02 
 6.431259e-01  2.201993e-02 
 6.432367e-01  2.166666e-02 
 6.433475e-01  2.130883e-02 
 6.434583e-01  2.093639e-02 
 6.435691e-01  2.055162e-02 
 6.436799e-01  2.015965e-02 
 6.437908e-01  1.976105e-02 
 6.439016e-01  1.935656e-02 
 6.440124e-01  1.895336e-02 
 6.441231e-01  1.856137e-02 
 6.442338e-01  1.818352e-02 
 6.443445e-01  1.781566e-02 
 6.444552e-01  1.745368e-02 
 6.445660e-01  1.709732e-02 
 6.446767e-01  1.674787e-02 
 6.447874e-01  1.640639e-02 
 6.448981e-01  1.607649e-02 
 6.450088e-01  1.576645e-02 
 6.451195e-01  1.548324e-02 
 6.452302e-01  1.522649e-02 
 6.453408e-01  1.499125e-02 
 6.454514e-01  1.477934e-02 
 6.455621e-01  1.460521e-02 
 6.456727e-01  1.448851e-02 
 6.457833e-01  1.443865e-02 
 6.458939e-01  1.444624e-02 
 6.460046e-01  1.448904e-02 
 6.461152e-01  1.454690e-02 
 6.462258e-01  1.461214e-02 
 6.463363e-01  1.468896e-02 
 6.464469e-01  1.478644e-02 
 6.465574e-01  1.491122e-02 
 6.466679e-01  1.506446e-02 
 6.467785e-01  1.524337e-02 
 6.468890e-01  1.544334e-02 
 6.469996e-01  1.565633e-02 
 6.471101e-01  1.586795e-02 
 6.472206e-01  1.606035e-02 
 6.473312e-01  1.622221e-02 
 6.474416e-01  1.635606e-02 
 6.475520e-01  1.647419e-02 
 6.476625e-01  1.658533e-02 
 6.477729e-01  1.668747e-02 
 6.478834e-01  1.677519e-02 
 6.479938e-01  1.685422e-02 
 6.481043e-01  1.694566e-02 
 6.482147e-01  1.707388e-02 
 6.483252e-01  1.724914e-02 
 6.484356e-01  1.746150e-02 
 6.485460e-01  1.769222e-02 
 6.486563e-01  1.793192e-02 
 6.487667e-01  1.818779e-02 
 6.488770e-01  1.847447e-02 
 6.489874e-01  1.879583e-02 
 6.490977e-01  1.913608e-02 
 6.492081e-01  1.947138e-02 
 6.493184e-01  1.979086e-02 
 6.494288e-01  2.010262e-02 
 6.495391e-01  2.041599e-02 
 6.496494e-01  2.072230e-02 
 6.497597e-01  2.100356e-02 
 6.498699e-01  2.126002e-02 
 6.499802e-01  2.152224e-02 
 6.500904e-01  2.182544e-02 
 6.502007e-01  2.217457e-02 
 6.503110e-01  2.254246e-02 
 6.504212e-01  2.290266e-02 
 6.505315e-01  2.325586e-02 
 6.506418e-01  2.362010e-02 
 6.507519e-01  2.400275e-02 
 6.508621e-01  2.439309e-02 
 6.509723e-01  2.477820e-02 
 6.510824e-01  2.515880e-02 
 6.511926e-01  2.554351e-02 
 6.513028e-01  2.593451e-02 
 6.514130e-01  2.632600e-02 
 6.515231e-01  2.671544e-02 
 6.516333e-01  2.711026e-02 
 6.517435e-01  2.752042e-02 
 6.518536e-01  2.794749e-02 
 6.519636e-01  2.838373e-02 
 6.520737e-01  2.881869e-02 
 6.521838e-01  2.924657e-02 
 6.522939e-01  2.966622e-02 
 6.524040e-01  3.007762e-02 
 6.525141e-01  3.048093e-02 
 6.526241e-01  3.087737e-02 
 6.527342e-01  3.126923e-02 
 6.528443e-01  3.165853e-02 
 6.529543e-01  3.204760e-02 
 6.530643e-01  3.244320e-02 
 6.531743e-01  3.285649e-02 
 6.532843e-01  3.329800e-02 
 6.533943e-01  3.376891e-02 
 6.535043e-01  3.425630e-02 
 6.536143e-01  3.473758e-02 
 6.537243e-01  3.519231e-02 
 6.538342e-01  3.561434e-02 
 6.539442e-01  3.601577e-02 
 6.540541e-01  3.641871e-02 
 6.541640e-01  3.684119e-02 
 6.542739e-01  3.728571e-02 
 6.543838e-01  3.774113e-02 
 6.544938e-01  3.819423e-02 
 6.546037e-01  3.864073e-02 
 6.547136e-01  3.908942e-02 
 6.548235e-01  3.955832e-02 
 6.549334e-01  4.006520e-02 
 6.550433e-01  4.061587e-02 
 6.551531e-01  4.119736e-02 
 6.552629e-01  4.178736e-02 
 6.553727e-01  4.237042e-02 
 6.554825e-01  4.294826e-02 
 6.555923e-01  4.353020e-02 
 6.557021e-01  4.411635e-02 
 6.558120e-01  4.469585e-02 
 6.559218e-01  4.526127e-02 
 6.560316e-01  4.581837e-02 
 6.561414e-01  4.637711e-02 
 6.562511e-01  4.693801e-02 
 6.563608e-01  4.749688e-02 
 6.564706e-01  4.805941e-02 
 6.565803e-01  4.864694e-02 
 6.566900e-01  4.928046e-02 
 6.567997e-01  4.996243e-02 
 6.569095e-01  5.067749e-02 
 6.570192e-01  5.140670e-02 
 6.571289e-01  5.213492e-02 
 6.572386e-01  5.284691e-02 
 6.573483e-01  5.352680e-02 
 6.574579e-01  5.417092e-02 
 6.575675e-01  5.479250e-02 
 6.576772e-01  5.541056e-02 
 6.577868e-01  5.603120e-02 
 6.578964e-01  5.664519e-02 
 6.580061e-01  5.724410e-02 
 6.581157e-01  5.783387e-02 
 6.582254e-01  5.842772e-02 
 6.583350e-01  5.902855e-02 
 6.584445e-01  5.962432e-02 
 6.585541e-01  6.020540e-02 
 6.586636e-01  6.077884e-02 
 6.587732e-01  6.136395e-02 
 6.588827e-01  6.197245e-02 
 6.589923e-01  6.259740e-02 
 6.591018e-01  6.322479e-02 
 6.592114e-01  6.385316e-02 
 6.593209e-01  6.449690e-02 
 6.594304e-01  6.516844e-02 
 6.595399e-01  6.585914e-02 
 6.596494e-01  6.654337e-02 
 6.597588e-01  6.719947e-02 
 6.598683e-01  6.783013e-02 
 6.599777e-01  6.845985e-02 
 6.600872e-01  6.911324e-02 
 6.601966e-01  6.979436e-02 
 6.603061e-01  7.048470e-02 
 6.604156e-01  7.115977e-02 
 6.605250e-01  7.180890e-02 
 6.606344e-01  7.244075e-02 
 6.607437e-01  7.307543e-02 
 6.608531e-01  7.372801e-02 
 6.609625e-01  7.440011e-02 
 6.610718e-01  7.508252e-02 
 6.611812e-01  7.576367e-02 
 6.612906e-01  7.643596e-02 
 6.613999e-01  7.709754e-02 
 6.615093e-01  7.775150e-02 
 6.616187e-01  7.840463e-02 
 6.617280e-01  7.906358e-02 
 6.618372e-01  7.973242e-02 
 6.619465e-01  8.040942e-02 
 6.620558e-01  8.108924e-02 
 6.621651e-01  8.176567e-02 
 6.622744e-01  8.243425e-02 
 6.623836e-01  8.309500e-02 
 6.624929e-01  8.375437e-02 
 6.626022e-01  8.442254e-02 
 6.627115e-01  8.510584e-02 
 6.628207e-01  8.580096e-02 
 6.629299e-01  8.650100e-02 
 6.630390e-01  8.720498e-02 
 6.631482e-01  8.792256e-02 
 6.632574e-01  8.866486e-02 
 6.633666e-01  8.943220e-02 
 6.634758e-01  9.021391e-02 
 6.635850e-01  9.100071e-02 
 6.636942e-01  9.179438e-02 
 6.638034e-01  9.260320e-02 
 6.639125e-01  9.343016e-02 
 6.640216e-01  9.427139e-02 
 6.641307e-01  9.511988e-02 
 6.642398e-01  9.597148e-02 
 6.643489e-01  9.682378e-02 
 6.644580e-01  9.774042e-02 
 6.645671e-01  9.858187e-02 
 6.646762e-01  9.935863e-02 
 6.647853e-01  1.002066e-01 
 6.648944e-01  1.010687e-01 
 6.650034e-01  1.019420e-01 
 6.651124e-01  1.028161e-01 
 6.652215e-01  1.036791e-01 
 6.653305e-01  1.045238e-01 
 6.654395e-01  1.053467e-01 
 6.655485e-01  1.061465e-01 
 6.656575e-01  1.069275e-01 
 6.657665e-01  1.077013e-01 
 6.658755e-01  1.084791e-01 
 6.659846e-01  1.092626e-01 
 6.660935e-01  1.100424e-01 
 6.662024e-01  1.108097e-01 
 6.663113e-01  1.115646e-01 
 6.664203e-01  1.123144e-01 
 6.665292e-01  1.130627e-01 
 6.666381e-01  1.138058e-01 
 6.667470e-01  1.145408e-01 
 6.668560e-01  1.152721e-01 
 6.669649e-01  1.160021e-01 
 6.670738e-01  1.167196e-01 
 6.671827e-01  1.174034e-01 
 6.672915e-01  1.180428e-01 
 6.674003e-01  1.186494e-01 
 6.675092e-01  1.192491e-01 
 6.676180e-01  1.198592e-01 
 6.677268e-01  1.204767e-01 
 6.678357e-01  1.210874e-01 
 6.679445e-01  1.216826e-01 
 6.680534e-01  1.222689e-01 
 6.681622e-01  1.228647e-01 
 6.682709e-01  1.234898e-01 
 6.683797e-01  1.241551e-01 
 6.684884e-01  1.248524e-01 
 6.685972e-01  1.255536e-01 
 6.687059e-01  1.262302e-01 
 6.688147e-01  1.268750e-01 
 6.689234e-01  1.275023e-01 
 6.690322e-01  1.281306e-01 
 6.691409e-01  1.287652e-01 
 6.692497e-01  1.293973e-01 
 6.693584e-01  1.300185e-01 
 6.694670e-01  1.306352e-01 
 6.695757e-01  1.312608e-01 
 6.696844e-01  1.319008e-01 
 6.697930e-01  1.325444e-01 
 6.699017e-01  1.331707e-01 
 6.700103e-01  1.337664e-01 
 6.701190e-01  1.343314e-01 
 6.702277e-01  1.348714e-01 
 6.703363e-01  1.353886e-01 
 6.704449e-01  1.358797e-01 
 6.705535e-01  1.363437e-01 
 6.706621e-01  1.367831e-01 
 6.707706e-01  1.372023e-01 
 6.708792e-01  1.376035e-01 
 6.709878e-01  1.379876e-01 
 6.710964e-01  1.383592e-01 
 6.712049e-01  1.387281e-01 
 6.713135e-01  1.391028e-01 
 6.714221e-01  1.394839e-01 
 6.715306e-01  1.398636e-01 
 6.716391e-01  1.402354e-01 
 6.717476e-01  1.406022e-01 
 6.718560e-01  1.409748e-01 
 6.719645e-01  1.413602e-01 
 6.720730e-01  1.417520e-01 
 6.721815e-01  1.421323e-01 
 6.722900e-01  1.424841e-01 
 6.723985e-01  1.428035e-01 
 6.725070e-01  1.431002e-01 
 6.726154e-01  1.433887e-01 
 6.727238e-01  1.436791e-01 
 6.728322e-01  1.439745e-01 
 6.729406e-01  1.442734e-01 
 6.730490e-01  1.445724e-01 
 6.731574e-01  1.448660e-01 
 6.732658e-01  1.451467e-01 
 6.733742e-01  1.454086e-01 
 6.734826e-01  1.456497e-01 
 6.735910e-01  1.458701e-01 
 6.736993e-01  1.460670e-01 
 6.738076e-01  1.462358e-01 
 6.739159e-01  1.463745e-01 
 6.740243e-01  1.464883e-01 
 6.741326e-01  1.465859e-01 
 6.742409e-01  1.466725e-01 
 6.743492e-01  1.467493e-01 
 6.744575e-01  1.468187e-01 
 6.745658e-01  1.468872e-01 
 6.746741e-01  1.469612e-01 
 6.747824e-01  1.470405e-01 
 6.748906e-01  1.471205e-01 
 6.749988e-01  1.471989e-01 
 6.751071e-01  1.472799e-01 
 6.752153e-01  1.473678e-01 
 6.753235e-01  1.474613e-01 
 6.754317e-01  1.475549e-01 
 6.755400e-01  1.476434e-01 
 6.756482e-01  1.477253e-01 
 6.757564e-01  1.478004e-01 
 6.758646e-01  1.478671e-01 
 6.759727e-01  1.479240e-01 
 6.760809e-01  1.479723e-01 
 6.761890e-01  1.480178e-01 
 6.762971e-01  1.480619e-01 
 6.764053e-01  1.480979e-01 
 6.765134e-01  1.481155e-01 
 6.766216e-01  1.481108e-01 
 6.767297e-01  1.480880e-01 
 6.768379e-01  1.480533e-01 
 6.769459e-01  1.480054e-01 
 6.770540e-01  1.479344e-01 
 6.771620e-01  1.478313e-01 
 6.772701e-01  1.476971e-01 
 6.773781e-01  1.475429e-01 
 6.774862e-01  1.473801e-01 
 6.775943e-01  1.472130e-01 
 6.777023e-01  1.470396e-01 
 6.778104e-01  1.468602e-01 
 6.779184e-01  1.466821e-01 
 6.780264e-01  1.465159e-01 
 6.781344e-01  1.463677e-01 
 6.782423e-01  1.462350e-01 
 6.783503e-01  1.461095e-01 
 6.784583e-01  1.459852e-01 
 6.785662e-01  1.458634e-01 
 6.786742e-01  1.457516e-01 
 6.787822e-01  1.456561e-01 
 6.788902e-01  1.455756e-01 
 6.789981e-01  1.455024e-01 
 6.791060e-01  1.454286e-01 
 6.792139e-01  1.453520e-01 
 6.793218e-01  1.452747e-01 
 6.794297e-01  1.451966e-01 
 6.795376e-01  1.451110e-01 
 6.796454e-01  1.450094e-01 
 6.797533e-01  1.448905e-01 
 6.798612e-01  1.447646e-01 
 6.799691e-01  1.446461e-01 
 6.800770e-01  1.445384e-01 
 6.801848e-01  1.444273e-01 
 6.802926e-01  1.442897e-01 
 6.804004e-01  1.441131e-01 
 6.805082e-01  1.439055e-01 
 6.806160e-01  1.436883e-01 
 6.807238e-01  1.434784e-01 
 6.808316e-01  1.432764e-01 
 6.809394e-01  1.430715e-01 
 6.810472e-01  1.428539e-01 
 6.811550e-01  1.426229e-01 
 6.812627e-01  1.423862e-01 
 6.813704e-01  1.421537e-01 
 6.814781e-01  1.419323e-01 
 6.815858e-01  1.417226e-01 
 6.816935e-01  1.415196e-01 
 6.818012e-01  1.413142e-01 
 6.819090e-01  1.410989e-01 
 6.820167e-01  1.408709e-01 
 6.821244e-01  1.406312e-01 
 6.822321e-01  1.403804e-01 
 6.823397e-01  1.401158e-01 
 6.824474e-01  1.398324e-01 
 6.825550e-01  1.395301e-01 
 6.826626e-01  1.392164e-01 
 6.827702e-01  1.389040e-01 
 6.828779e-01  1.386022e-01 
 6.829855e-01  1.383122e-01 
 6.830931e-01  1.380288e-01 
 6.832008e-01  1.377455e-01 
 6.833084e-01  1.374583e-01 
 6.834159e-01  1.371657e-01 
 6.835235e-01  1.368657e-01 
 6.836310e-01  1.365572e-01 
 6.837386e-01  1.362413e-01 
 6.838461e-01  1.359225e-01 
 6.839536e-01  1.356061e-01 
 6.840612e-01  1.352958e-01 
 6.841687e-01  1.349917e-01 
 6.842763e-01  1.346924e-01 
 6.843838e-01  1.343954e-01 
 6.844913e-01  1.340989e-01 
 6.845987e-01  1.337996e-01 
 6.847062e-01  1.334925e-01 
 6.848136e-01  1.331711e-01 
 6.849211e-01  1.328305e-01 
 6.850286e-01  1.324694e-01 
 6.851360e-01  1.320916e-01 
 6.852435e-01  1.317027e-01 
 6.853509e-01  1.313058e-01 
 6.854584e-01  1.309010e-01 
 6.855658e-01  1.304880e-01 
 6.856731e-01  1.300696e-01 
 6.857805e-01  1.296534e-01 
 6.858879e-01  1.292473e-01 
 6.859953e-01  1.288536e-01 
 6.861026e-01  1.284675e-01 
 6.862100e-01  1.280824e-01 
 6.863174e-01  1.277479e-01 
 6.864247e-01  1.273606e-01 
 6.865321e-01  1.269461e-01 
 6.866394e-01  1.265795e-01 
 6.867467e-01  1.261998e-01 
 6.868540e-01  1.257905e-01 
 6.869613e-01  1.253490e-01 
 6.870686e-01  1.248908e-01 
 6.871758e-01  1.244381e-01 
 6.872831e-01  1.240026e-01 
 6.873904e-01  1.235768e-01 
 6.874977e-01  1.231407e-01 
 6.876050e-01  1.226779e-01 
 6.877122e-01  1.221878e-01 
 6.878194e-01  1.216835e-01 
 6.879266e-01  1.211816e-01 
 6.880338e-01  1.206895e-01 
 6.881410e-01  1.202026e-01 
 6.882482e-01  1.197102e-01 
 6.883554e-01  1.192036e-01 
 6.884626e-01  1.186798e-01 
 6.885698e-01  1.181406e-01 
 6.886770e-01  1.175893e-01 
 6.887842e-01  1.170302e-01 
 6.888913e-01  1.164665e-01 
 6.889984e-01  1.158997e-01 
 6.891055e-01  1.153258e-01 
 6.892126e-01  1.147368e-01 
 6.893198e-01  1.141267e-01 
 6.894269e-01  1.134962e-01 
 6.895340e-01  1.128564e-01 
 6.896411e-01  1.122150e-01 
 6.897482e-01  1.115746e-01 
 6.898553e-01  1.109281e-01 
 6.899623e-01  1.102157e-01 
 6.900693e-01  1.095275e-01 
 6.901764e-01  1.088277e-01 
 6.902834e-01  1.081297e-01 
 6.903904e-01  1.074446e-01 
 6.904975e-01  1.067741e-01 
 6.906045e-01  1.061107e-01 
 6.907115e-01  1.054452e-01 
 6.908186e-01  1.047754e-01 
 6.909255e-01  1.041090e-01 
 6.910325e-01  1.034544e-01 
 6.911394e-01  1.028123e-01 
 6.912464e-01  1.021894e-01 
 6.913533e-01  1.015213e-01 
 6.914603e-01  1.008469e-01 
 6.915672e-01  1.001728e-01 
 6.916742e-01  9.947695e-02 
 6.917811e-01  9.880505e-02 
 6.918881e-01  9.813359e-02 
 6.919950e-01  9.745136e-02 
 6.921018e-01  9.675815e-02 
 6.922087e-01  9.607070e-02 
 6.923156e-01  9.541063e-02 
 6.924224e-01  9.478809e-02 
 6.925293e-01  9.419644e-02 
 6.926362e-01  9.360566e-02 
 6.927430e-01  9.303773e-02 
 6.928499e-01  9.249375e-02 
 6.929568e-01  9.196978e-02 
 6.930635e-01  9.146185e-02 
 6.931703e-01  9.096722e-02 
 6.932771e-01  9.042122e-02 
 6.933839e-01  8.991983e-02 
 6.934907e-01  8.944190e-02 
 6.935975e-01  8.899390e-02 
 6.937042e-01  8.856719e-02 
 6.938110e-01  8.814345e-02 
 6.939178e-01  8.770823e-02 
 6.940246e-01  8.725857e-02 
 6.941313e-01  8.680024e-02 
 6.942380e-01  8.633775e-02 
 6.943447e-01  8.587026e-02 
 6.944514e-01  8.539590e-02 
 6.945581e-01  8.491981e-02 
 6.946648e-01  8.445249e-02 
 6.947715e-01  8.399847e-02 
 6.948782e-01  8.353673e-02 
 6.949849e-01  8.304728e-02 
 6.950916e-01  8.255768e-02 
 6.951982e-01  8.207030e-02 
 6.953048e-01  8.159320e-02 
 6.954114e-01  8.113457e-02 
 6.955180e-01  8.069382e-02 
 6.956247e-01  8.026068e-02 
 6.957313e-01  7.982281e-02 
 6.958379e-01  7.937496e-02 
 6.959445e-01  7.892137e-02 
 6.960511e-01  7.847002e-02 
 6.961577e-01  7.800588e-02 
 6.962643e-01  7.755604e-02 
 6.963708e-01  7.709557e-02 
 6.964773e-01  7.663523e-02 
 6.965839e-01  7.618545e-02 
 6.966904e-01  7.574719e-02 
 6.967969e-01  7.531167e-02 
 6.969035e-01  7.486829e-02 
 6.970100e-01  7.441215e-02 
 6.971165e-01  7.403537e-02 
 6.972231e-01  7.354388e-02 
 6.973295e-01  7.305385e-02 
 6.974360e-01  7.255599e-02 
 6.975424e-01  7.203931e-02 
 6.976489e-01  7.150190e-02 
 6.977553e-01  7.095307e-02 
 6.978618e-01  7.040446e-02 
 6.979682e-01  6.985847e-02 
 6.980747e-01  6.921325e-02 
 6.981811e-01  6.864535e-02 
 6.982876e-01  6.806691e-02 
 6.983939e-01  6.748524e-02 
 6.985003e-01  6.690108e-02 
 6.986067e-01  6.631008e-02 
 6.987130e-01  6.570873e-02 
 6.988194e-01  6.510005e-02 
 6.989258e-01  6.449308e-02 
 6.990321e-01  6.389692e-02 
 6.991385e-01  6.331462e-02 
 6.992449e-01  6.274200e-02 
 6.993512e-01  6.217195e-02 
 6.994575e-01  6.160069e-02 
 6.995638e-01  6.102827e-02 
 6.996701e-01  6.045744e-02 
 6.997764e-01  5.989045e-02 
 6.998827e-01  5.932551e-02 
 6.999890e-01  5.878936e-02 
 7.000952e-01  5.820135e-02 
 7.002015e-01  5.759898e-02 
 7.003078e-01  5.698620e-02 
 7.004141e-01  5.637380e-02 
 7.005203e-01  5.576886e-02 
 7.006265e-01  5.516596e-02 
 7.007327e-01  5.455268e-02 
 7.008389e-01  5.385957e-02 
 7.009451e-01  5.323933e-02 
 7.010513e-01  5.261405e-02 
 7.011575e-01  5.198354e-02 
 7.012637e-01  5.135186e-02 
 7.013699e-01  5.072348e-02 
 7.014761e-01  5.009974e-02 
 7.015822e-01  4.947984e-02 
 7.016884e-01  4.886207e-02 
 7.017945e-01  4.824665e-02 
 7.019006e-01  4.763366e-02 
 7.020067e-01  4.702124e-02 
 7.021128e-01  4.640731e-02 
 7.022190e-01  4.579301e-02 
 7.023251e-01  4.518317e-02 
 7.024312e-01  4.458183e-02 
 7.025373e-01  4.398701e-02 
 7.026433e-01  4.339197e-02 
 7.027494e-01  4.279008e-02 
 7.028554e-01  4.218104e-02 
 7.029615e-01  4.156856e-02 
 7.030675e-01  4.095464e-02 
 7.031735e-01  4.033710e-02 
 7.032796e-01  3.971286e-02 
 7.033856e-01  3.908363e-02 
 7.034916e-01  3.845686e-02 
 7.035977e-01  3.784067e-02 
 7.037036e-01  3.723859e-02 
 7.038096e-01  3.664740e-02 
 7.039156e-01  3.606244e-02 
 7.040215e-01  3.548078e-02 
 7.041275e-01  3.490206e-02 
 7.042334e-01  3.432702e-02 
 7.043394e-01  3.375610e-02 
 7.044453e-01  3.318897e-02 
 7.045513e-01  3.262446e-02 
 7.046572e-01  3.207701e-02 
 7.047631e-01  3.151726e-02 
 7.048690e-01  3.096820e-02 
 7.049749e-01  3.042653e-02 
 7.050807e-01  2.988833e-02 
 7.051866e-01  2.935349e-02 
 7.052925e-01  2.882500e-02 
 7.053984e-01  2.830451e-02 
 7.055042e-01  2.778946e-02 
 7.056101e-01  2.727468e-02 
 7.057160e-01  2.675639e-02 
 7.058218e-01  2.623478e-02 
 7.059276e-01  2.571121e-02 
 7.060334e-01  2.518594e-02 
 7.061392e-01  2.465603e-02 
 7.062449e-01  2.411747e-02 
 7.063507e-01  2.356903e-02 
 7.064565e-01  2.301388e-02 
 7.065623e-01  2.245732e-02 
 7.066681e-01  2.190277e-02 
 7.067739e-01  2.134953e-02 
 7.068796e-01  2.079471e-02 
 7.069853e-01  2.023613e-02 
 7.070910e-01  1.967755e-02 
 7.071968e-01  1.912943e-02 
 7.073025e-01  1.860589e-02 
 7.074082e-01  1.811810e-02 
 7.075139e-01  1.766789e-02 
 7.076196e-01  1.724624e-02 
 7.077253e-01  1.683880e-02 
 7.078310e-01  1.643513e-02 
 7.079366e-01  1.603460e-02 
 7.080423e-01  1.564289e-02 
 7.081479e-01  1.526451e-02 
 7.082535e-01  1.489581e-02 
 7.083592e-01  1.452558e-02 
 7.084648e-01  1.414220e-02 
 7.085704e-01  1.374102e-02 
 7.086761e-01  1.332577e-02 
 7.087817e-01  1.290340e-02 
 7.088873e-01  1.247699e-02 
 7.089929e-01  1.204324e-02 
 7.090984e-01  1.159445e-02 
 7.092040e-01  1.112473e-02 
 7.093095e-01  1.063323e-02 
 7.094151e-01  1.012390e-02 
 7.095206e-01  9.602286e-03 
 7.096262e-01  9.071930e-03 
 7.097317e-01  8.532135e-03 
 7.098373e-01  7.978352e-03 
 7.099428e-01  7.405487e-03 
 7.100483e-01  6.812763e-03 
 7.101537e-01  6.204330e-03 
 7.102592e-01  5.455808e-03 
 7.103647e-01  4.843254e-03 
 7.104701e-01  4.232171e-03 
 7.105756e-01  3.615768e-03 
 7.106811e-01  2.988273e-03 
 7.107866e-01  2.347758e-03 
 7.108920e-01  1.696681e-03 
 7.109975e-01  1.040001e-03 
 7.111029e-01  4.822293e-04 
 7.112083e-01 -1.943788e-04 
 7.113136e-01 -8.784895e-04 
 7.114190e-01 -1.566687e-03 
 7.115244e-01 -2.260103e-03 
 7.116298e-01 -2.965057e-03 
 7.117352e-01 -3.687591e-03 
 7.118406e-01 -4.426243e-03 
 7.119460e-01 -5.170736e-03 
 7.120514e-01 -5.908537e-03 
 7.121567e-01 -6.633711e-03 
 7.122620e-01 -7.411183e-03 
 7.123673e-01 -8.146038e-03 
 7.124726e-01 -8.870630e-03 
 7.125779e-01 -9.589577e-03 
 7.126832e-01 -1.031074e-02 
 7.127885e-01 -1.103475e-02 
 7.128938e-01 -1.175317e-02 
 7.129991e-01 -1.245693e-02 
 7.131044e-01 -1.314605e-02 
 7.132097e-01 -1.382950e-02 
 7.133149e-01 -1.451702e-02 
 7.134201e-01 -1.520836e-02 
 7.135253e-01 -1.589415e-02 
 7.136306e-01 -1.656495e-02 
 7.137358e-01 -1.721928e-02 
 7.138410e-01 -1.786299e-02 
 7.139462e-01 -1.850164e-02 
 7.140515e-01 -1.913505e-02 
 7.141567e-01 -1.975988e-02 
 7.142618e-01 -2.037549e-02 
 7.143670e-01 -2.098787e-02 
 7.144721e-01 -2.160378e-02 
 7.145773e-01 -2.222461e-02 
 7.146824e-01 -2.284454e-02 
 7.147876e-01 -2.345525e-02 
 7.148927e-01 -2.405205e-02 
 7.149979e-01 -2.463630e-02 
 7.151030e-01 -2.521347e-02 
 7.152082e-01 -2.578979e-02 
 7.153132e-01 -2.636982e-02 
 7.154183e-01 -2.695724e-02 
 7.155234e-01 -2.755263e-02 
 7.156284e-01 -2.815231e-02 
 7.157335e-01 -2.874822e-02 
 7.158386e-01 -2.933123e-02 
 7.159436e-01 -2.989654e-02 
 7.160487e-01 -3.044715e-02 
 7.161538e-01 -3.099225e-02 
 7.162588e-01 -3.154152e-02 
 7.163638e-01 -3.206589e-02 
 7.164688e-01 -3.263607e-02 
 7.165738e-01 -3.319952e-02 
 7.166788e-01 -3.376070e-02 
 7.167837e-01 -3.432944e-02 
 7.168887e-01 -3.491535e-02 
 7.169937e-01 -3.552318e-02 
 7.170987e-01 -3.615190e-02 
 7.172037e-01 -3.679708e-02 
 7.173087e-01 -3.745344e-02 
 7.174136e-01 -3.811597e-02 
 7.175185e-01 -3.878296e-02 
 7.176234e-01 -3.945563e-02 
 7.177283e-01 -4.013831e-02 
 7.178332e-01 -4.083518e-02 
 7.179381e-01 -4.154632e-02 
 7.180430e-01 -4.226707e-02 
 7.181479e-01 -4.299194e-02 
 7.182528e-01 -4.371944e-02 
 7.183577e-01 -4.445310e-02 
 7.184626e-01 -4.519717e-02 
 7.185674e-01 -4.595400e-02 
 7.186722e-01 -4.672154e-02 
 7.187770e-01 -4.749685e-02 
 7.188819e-01 -4.827905e-02 
 7.189867e-01 -4.906909e-02 
 7.190915e-01 -4.986761e-02 
 7.191963e-01 -5.067308e-02 
 7.193012e-01 -5.148146e-02 
 7.194060e-01 -5.228726e-02 
 7.195107e-01 -5.308404e-02 
 7.196155e-01 -5.386759e-02 
 7.197202e-01 -5.463559e-02 
 7.198250e-01 -5.538896e-02 
 7.199297e-01 -5.613033e-02 
 7.200345e-01 -5.686081e-02 
 7.201392e-01 -5.757781e-02 
 7.202440e-01 -5.827688e-02 
 7.203487e-01 -5.895665e-02 
 7.204535e-01 -5.962212e-02 
 7.205581e-01 -6.028155e-02 
 7.206628e-01 -6.094148e-02 
 7.207675e-01 -6.160052e-02 
 7.208721e-01 -6.225100e-02 
 7.209768e-01 -6.288570e-02 
 7.210815e-01 -6.350328e-02 
 7.211861e-01 -6.410823e-02 
 7.212908e-01 -6.470593e-02 
 7.213955e-01 -6.529697e-02 
 7.215001e-01 -6.587573e-02 
 7.216047e-01 -6.643355e-02 
 7.217093e-01 -6.696616e-02 
 7.218139e-01 -6.747627e-02 
 7.219185e-01 -6.797312e-02 
 7.220231e-01 -6.846730e-02 
 7.221277e-01 -6.896466e-02 
 7.222323e-01 -6.946367e-02 
 7.223368e-01 -6.995781e-02 
 7.224414e-01 -7.044118e-02 
 7.225460e-01 -7.091265e-02 
 7.226505e-01 -7.137523e-02 
 7.227550e-01 -7.183298e-02 
 7.228595e-01 -7.228607e-02 
 7.229641e-01 -7.273132e-02 
 7.230686e-01 -7.316611e-02 
 7.231731e-01 -7.359165e-02 
 7.232776e-01 -7.401187e-02 
 7.233821e-01 -7.442910e-02 
 7.234866e-01 -7.484033e-02 
 7.235911e-01 -7.523819e-02 
 7.236955e-01 -7.561550e-02 
 7.238000e-01 -7.597075e-02 
 7.239044e-01 -7.630764e-02 
 7.240088e-01 -7.663170e-02 
 7.241133e-01 -7.694607e-02 
 7.242177e-01 -7.724987e-02 
 7.243221e-01 -7.753991e-02 
 7.244265e-01 -7.781359e-02 
 7.245310e-01 -7.807062e-02 
 7.246354e-01 -7.831278e-02 
 7.247398e-01 -7.854232e-02 
 7.248441e-01 -7.876133e-02 
 7.249485e-01 -7.897055e-02 
 7.250528e-01 -7.916907e-02 
 7.251572e-01 -7.935408e-02 
 7.252615e-01 -7.952163e-02 
 7.253659e-01 -7.966870e-02 
 7.254702e-01 -7.979520e-02 
 7.255746e-01 -7.990405e-02 
 7.256789e-01 -7.999873e-02 
 7.257832e-01 -8.008005e-02 
 7.258875e-01 -8.014516e-02 
 7.259917e-01 -8.018929e-02 
 7.260960e-01 -8.020913e-02 
 7.262003e-01 -8.020456e-02 
 7.263046e-01 -8.017791e-02 
 7.264088e-01 -8.013155e-02 
 7.265131e-01 -8.006668e-02 
 7.266174e-01 -7.998410e-02 
 7.267216e-01 -7.988610e-02 
 7.268258e-01 -7.977725e-02 
 7.269300e-01 -7.966315e-02 
 7.270342e-01 -7.954874e-02 
 7.271384e-01 -7.943741e-02 
 7.272426e-01 -7.933119e-02 
 7.273468e-01 -7.923145e-02 
 7.274510e-01 -7.913946e-02 
 7.275552e-01 -7.905579e-02 
 7.276594e-01 -7.897903e-02 
 7.277636e-01 -7.890518e-02 
 7.278677e-01 -7.882899e-02 
 7.279718e-01 -7.874638e-02 
 7.280759e-01 -7.865744e-02 
 7.281800e-01 -7.856616e-02 
 7.282842e-01 -7.847626e-02 
 7.283883e-01 -7.838614e-02 
 7.284924e-01 -7.828829e-02 
 7.285965e-01 -7.817509e-02 
 7.287006e-01 -7.804623e-02 
 7.288047e-01 -7.791059e-02 
 7.289088e-01 -7.777995e-02 
 7.290128e-01 -7.765902e-02 
 7.291169e-01 -7.754172e-02 
 7.292209e-01 -7.741661e-02 
 7.293249e-01 -7.727682e-02 
 7.294290e-01 -7.712537e-02 
 7.295330e-01 -7.697141e-02 
 7.296370e-01 -7.682151e-02 
 7.297411e-01 -7.667455e-02 
 7.298451e-01 -7.652459e-02 
 7.299491e-01 -7.636693e-02 
 7.300530e-01 -7.620139e-02 
 7.301570e-01 -7.603155e-02 
 7.302610e-01 -7.586106e-02 
 7.303649e-01 -7.569143e-02 
 7.304689e-01 -7.552283e-02 
 7.305728e-01 -7.535635e-02 
 7.306768e-01 -7.519541e-02 
 7.307808e-01 -7.504469e-02 
 7.308847e-01 -7.490762e-02 
 7.310055e-01 -7.476522e-02 
 7.311321e-01 -7.462816e-02 
 7.312587e-01 -7.449433e-02 
 7.313854e-01 -7.435886e-02 
 7.315120e-01 -7.422033e-02 
 7.316387e-01 -7.407410e-02 
 7.317653e-01 -7.391084e-02 
 7.318919e-01 -7.372363e-02 
 7.320186e-01 -7.351540e-02 
 7.321452e-01 -7.329716e-02 
 7.322717e-01 -7.307942e-02 
 7.323982e-01 -7.286621e-02 
 7.325248e-01 -7.265852e-02 
 7.326513e-01 -7.245943e-02 
 7.327778e-01 -7.227532e-02 
 7.329043e-01 -7.211136e-02 
 7.330309e-01 -7.196543e-02 
 7.331574e-01 -7.182656e-02 
 7.332839e-01 -7.168062e-02 
 7.334104e-01 -7.151985e-02 
 7.335368e-01 -7.134838e-02 
 7.336632e-01 -7.117703e-02 
 7.337896e-01 -7.101319e-02 
 7.339160e-01 -7.085353e-02 
 7.340425e-01 -7.079912e-02 
 7.341689e-01 -7.060757e-02 
 7.342953e-01 -7.037838e-02 
 7.344217e-01 -7.012077e-02 
 7.345481e-01 -6.984645e-02 
 7.346745e-01 -6.949035e-02 
 7.348008e-01 -6.917955e-02 
 7.349271e-01 -6.885645e-02 
 7.350534e-01 -6.852824e-02 
 7.351797e-01 -6.820012e-02 
 7.353060e-01 -6.781450e-02 
 7.354322e-01 -6.741226e-02 
 7.355585e-01 -6.700691e-02 
 7.356848e-01 -6.664335e-02 
 7.358111e-01 -6.621422e-02 
 7.359374e-01 -6.579223e-02 
 7.360636e-01 -6.534460e-02 
 7.361898e-01 -6.488374e-02 
 7.363160e-01 -6.441508e-02 
 7.364421e-01 -6.393449e-02 
 7.365683e-01 -6.342739e-02 
 7.366945e-01 -6.288612e-02 
 7.368207e-01 -6.231599e-02 
 7.369469e-01 -6.172520e-02 
 7.370730e-01 -6.111654e-02 
 7.371992e-01 -6.048886e-02 
 7.373253e-01 -5.984066e-02 
 7.374513e-01 -5.916934e-02 
 7.375774e-01 -5.847616e-02 
 7.377035e-01 -5.776928e-02 
 7.378295e-01 -5.705971e-02 
 7.379556e-01 -5.635195e-02 
 7.380817e-01 -5.564158e-02 
 7.382077e-01 -5.492195e-02 
 7.383338e-01 -5.419180e-02 
 7.384599e-01 -5.345934e-02 
 7.385858e-01 -5.274001e-02 
 7.387118e-01 -5.204469e-02 
 7.388377e-01 -5.137290e-02 
 7.389637e-01 -5.071477e-02 
 7.390896e-01 -5.006236e-02 
 7.392156e-01 -4.941554e-02 
 7.393415e-01 -4.877752e-02 
 7.394675e-01 -4.814829e-02 
 7.395934e-01 -4.752250e-02 
 7.397194e-01 -4.689147e-02 
 7.398452e-01 -4.624876e-02 
 7.399711e-01 -4.558985e-02 
 7.400969e-01 -4.491004e-02 
 7.402227e-01 -4.420350e-02 
 7.403486e-01 -4.347116e-02 
 7.404744e-01 -4.272416e-02 
 7.406003e-01 -4.197344e-02 
 7.407261e-01 -4.121958e-02 
 7.408519e-01 -4.045809e-02 
 7.409778e-01 -3.969008e-02 
 7.411035e-01 -3.892269e-02 
 7.412292e-01 -3.816067e-02 
 7.413549e-01 -3.740811e-02 
 7.414806e-01 -3.666798e-02 
 7.416063e-01 -3.593571e-02 
 7.417320e-01 -3.519603e-02 
 7.418577e-01 -3.443374e-02 
 7.419835e-01 -3.364994e-02 
 7.421092e-01 -3.286382e-02 
 7.422349e-01 -3.209619e-02 
 7.423605e-01 -3.135259e-02 
 7.424861e-01 -3.062120e-02 
 7.426117e-01 -2.989045e-02 
 7.427373e-01 -2.916077e-02 
 7.428629e-01 -2.843787e-02 
 7.429886e-01 -2.771831e-02 
 7.431142e-01 -2.699017e-02 
 7.432398e-01 -2.624628e-02 
 7.433654e-01 -2.548812e-02 
 7.434910e-01 -2.471561e-02 
 7.436165e-01 -2.392298e-02 
 7.437420e-01 -2.310628e-02 
 7.438675e-01 -2.227242e-02 
 7.439930e-01 -2.143255e-02 
 7.441185e-01 -2.059306e-02 
 7.442440e-01 -1.975357e-02 
 7.443695e-01 -1.890999e-02 
 7.444950e-01 -1.805878e-02 
 7.446205e-01 -1.720029e-02 
 7.447460e-01 -1.633739e-02 
 7.448714e-01 -1.547084e-02 
 7.449968e-01 -1.459645e-02 
 7.451222e-01 -1.371491e-02 
 7.452476e-01 -1.283534e-02 
 7.453730e-01 -1.196860e-02 
 7.454984e-01 -1.111846e-02 
 7.456237e-01 -1.028148e-02 
 7.457491e-01 -9.453983e-03 
 7.458745e-01 -8.637163e-03 
 7.459999e-01 -7.834060e-03 
 7.461252e-01 -7.041964e-03 
 7.462505e-01 -6.246966e-03 
 7.463757e-01 -5.434485e-03 
 7.465010e-01 -4.599871e-03 
 7.466263e-01 -3.749020e-03 
 7.467516e-01 -2.889896e-03 
 7.468769e-01 -2.028004e-03 
 7.470021e-01 -1.167557e-03 
 7.471274e-01 -3.106609e-04 
 7.472527e-01  5.441713e-04 
 7.473778e-01  1.396526e-03 
 7.475030e-01  2.241065e-03 
 7.476282e-01  3.069914e-03 
 7.477533e-01  3.881803e-03 
 7.478785e-01  4.680912e-03 
 7.480037e-01  5.469697e-03 
 7.481288e-01  6.249425e-03 
 7.482540e-01  7.028548e-03 
 7.483792e-01  7.822811e-03 
 7.485043e-01  8.641791e-03 
 7.486294e-01  9.478039e-03 
 7.487545e-01  1.031811e-02 
 7.488795e-01  1.115821e-02 
 7.490046e-01  1.200860e-02 
 7.491296e-01  1.287810e-02 
 7.492547e-01  1.376146e-02 
 7.493797e-01  1.464546e-02 
 7.495048e-01  1.552198e-02 
 7.496298e-01  1.638953e-02 
 7.497549e-01  1.724722e-02 
 7.498798e-01  1.809539e-02 
 7.500048e-01  1.894303e-02 
 7.501297e-01  1.980063e-02 
 7.502547e-01  2.067047e-02 
 7.503796e-01  2.154656e-02 
 7.505046e-01  2.242297e-02 
 7.506295e-01  2.329581e-02 
 7.507544e-01  2.415860e-02 
 7.508794e-01  2.500324e-02 
 7.510043e-01  2.582710e-02 
 7.511292e-01  2.663542e-02 
 7.512540e-01  2.743975e-02 
 7.513788e-01  2.825098e-02 
 7.515037e-01  2.907803e-02 
 7.516285e-01  2.992770e-02 
 7.517533e-01  3.080403e-02 
 7.518782e-01  3.170657e-02 
 7.520030e-01  3.262690e-02 
 7.521278e-01  3.355194e-02 
 7.522527e-01  3.447507e-02 
 7.523774e-01  3.539930e-02 
 7.525021e-01  3.632897e-02 
 7.526268e-01  3.725636e-02 
 7.527515e-01  3.816742e-02 
 7.528763e-01  3.905518e-02 
 7.530010e-01  3.992367e-02 
 7.531257e-01  4.078167e-02 
 7.532504e-01  4.163769e-02 
 7.533752e-01  4.249623e-02 
 7.534999e-01  4.335505e-02 
 7.536245e-01  4.420762e-02 
 7.537491e-01  4.505190e-02 
 7.538737e-01  4.588638e-02 
 7.539983e-01  4.670233e-02 
 7.541229e-01  4.748617e-02 
 7.542475e-01  4.823323e-02 
 7.543722e-01  4.895052e-02 
 7.544968e-01  4.964244e-02 
 7.546214e-01  5.030379e-02 
 7.547460e-01  5.093321e-02 
 7.548705e-01  5.154486e-02 
 7.549950e-01  5.216057e-02 
 7.551195e-01  5.279045e-02 
 7.552440e-01  5.343150e-02 
 7.553685e-01  5.407955e-02 
 7.554930e-01  5.473617e-02 
 7.556175e-01  5.540392e-02 
 7.557420e-01  5.608054e-02 
 7.558665e-01  5.676048e-02 
 7.559910e-01  5.743964e-02 
 7.561154e-01  5.811469e-02 
 7.562398e-01  5.878305e-02 
 7.563642e-01  5.944479e-02 
 7.564886e-01  6.010617e-02 
 7.566130e-01  6.077078e-02 
 7.567374e-01  6.142871e-02 
 7.568617e-01  6.206414e-02 
 7.569861e-01  6.267556e-02 
 7.571105e-01  6.327842e-02 
 7.572349e-01  6.388373e-02 
 7.573592e-01  6.448349e-02 
 7.574835e-01  6.506411e-02 
 7.576078e-01  6.562153e-02 
 7.577320e-01  6.616123e-02 
 7.578563e-01  6.668599e-02 
 7.579806e-01  6.719230e-02 
 7.581049e-01  6.767702e-02 
 7.582292e-01  6.814288e-02 
 7.583534e-01  6.859844e-02 
 7.584777e-01  6.905609e-02 
 7.586019e-01  6.952744e-02 
 7.587261e-01  7.001892e-02 
 7.588502e-01  7.052781e-02 
 7.589744e-01  7.104548e-02 
 7.590986e-01  7.156273e-02 
 7.592228e-01  7.207216e-02 
 7.593469e-01  7.256541e-02 
 7.594711e-01  7.303033e-02 
 7.595953e-01  7.345768e-02 
 7.597194e-01  7.385223e-02 
 7.598435e-01  7.423245e-02 
 7.599676e-01  7.461763e-02 
 7.600916e-01  7.501560e-02 
 7.602157e-01  7.542562e-02 
 7.603398e-01  7.584506e-02 
 7.604638e-01  7.626921e-02 
 7.605879e-01  7.668889e-02 
 7.607119e-01  7.709379e-02 
 7.608360e-01  7.747800e-02 
 7.609601e-01  7.784129e-02 
 7.610840e-01  7.818571e-02 
 7.612080e-01  7.851273e-02 
 7.613319e-01  7.882136e-02 
 7.614559e-01  7.911270e-02 
 7.615798e-01  7.939517e-02 
 7.617038e-01  7.968148e-02 
 7.618277e-01  7.997776e-02 
 7.619517e-01  8.027672e-02 
 7.620757e-01  8.056334e-02 
 7.621996e-01  8.082807e-02 
 7.623234e-01  8.107559e-02 
 7.624473e-01  8.132293e-02 
 7.625711e-01  8.158531e-02 
 7.626950e-01  8.186441e-02 
 7.628188e-01  8.214965e-02 
 7.629427e-01  8.243117e-02 
 7.630665e-01  8.270576e-02 
 7.631904e-01  8.297129e-02 
 7.633142e-01  8.322728e-02 
 7.634380e-01  8.348530e-02 
 7.635618e-01  8.376748e-02 
 7.636855e-01  8.408700e-02 
 7.638093e-01  8.443488e-02 
 7.639330e-01  8.479253e-02 
 7.640567e-01  8.514829e-02 
 7.641805e-01  8.549626e-02 
 7.643042e-01  8.582800e-02 
 7.644279e-01  8.613473e-02 
 7.645517e-01  8.641520e-02 
 7.646754e-01  8.667574e-02 
 7.647990e-01  8.692400e-02 
 7.649227e-01  8.716616e-02 
 7.650463e-01  8.740535e-02 
 7.651699e-01  8.764175e-02 
 7.652935e-01  8.787279e-02 
 7.654172e-01  8.810359e-02 
 7.655408e-01  8.834464e-02 
 7.656644e-01  8.859587e-02 
 7.657881e-01  8.884450e-02 
 7.659117e-01  8.907664e-02 
 7.660352e-01  8.928699e-02 
 7.661587e-01  8.947502e-02 
 7.662822e-01  8.964094e-02 
 7.664058e-01  8.978477e-02 
 7.665293e-01  8.990764e-02 
 7.666528e-01  9.001451e-02 
 7.667763e-01  9.011347e-02 
 7.668998e-01  9.021024e-02 
 7.670234e-01  9.030425e-02 
 7.671469e-01  9.039250e-02 
 7.672703e-01  9.047546e-02 
 7.673937e-01  9.055727e-02 
 7.675171e-01  9.064312e-02 
 7.676405e-01  9.073651e-02 
 7.677639e-01  9.083274e-02 
 7.678873e-01  9.091447e-02 
 7.680108e-01  9.095972e-02 
 7.681342e-01  9.095776e-02 
 7.682576e-01  9.091313e-02 
 7.683810e-01  9.083247e-02 
 7.685043e-01  9.071290e-02 
 7.686276e-01  9.054661e-02 
 7.687509e-01  9.033180e-02 
 7.688742e-01  9.007730e-02 
 7.689975e-01  8.979972e-02 
 7.691208e-01  8.951571e-02 
 7.692441e-01  8.923330e-02 
 7.693674e-01  8.895096e-02 
 7.694907e-01  8.866729e-02 
 7.696140e-01  8.838783e-02 
 7.697372e-01  8.811913e-02 
 7.698604e-01  8.786048e-02 
 7.699836e-01  8.760705e-02 
 7.701068e-01  8.735601e-02 
 7.702300e-01  8.710692e-02 
 7.703532e-01  8.685994e-02 
 7.704764e-01  8.661700e-02 
 7.705996e-01  8.638077e-02 
 7.707228e-01  8.614930e-02 
 7.708460e-01  8.591499e-02 
 7.709691e-01  8.567143e-02 
 7.710922e-01  8.541793e-02 
 7.712153e-01  8.515719e-02 
 7.713384e-01  8.489074e-02 
 7.714615e-01  8.461931e-02 
 7.715846e-01  8.434409e-02 
 7.717076e-01  8.406450e-02 
 7.718307e-01  8.377641e-02 
 7.719538e-01  8.347549e-02 
 7.720769e-01  8.316384e-02 
 7.721999e-01  8.285176e-02 
 7.723229e-01  8.254920e-02 
 7.724459e-01  8.225631e-02 
 7.725688e-01  8.196145e-02 
 7.726918e-01  8.165385e-02 
 7.728148e-01  8.133645e-02 
 7.729378e-01  8.102079e-02 
 7.730608e-01  8.070980e-02 
 7.731838e-01  8.039357e-02 
 7.733067e-01  8.006352e-02 
 7.734296e-01  7.972264e-02 
 7.735525e-01  7.937741e-02 
 7.736754e-01  7.902961e-02 
 7.737982e-01  7.867876e-02 
 7.739211e-01  7.832776e-02 
 7.740440e-01  7.797980e-02 
 7.741669e-01  7.763316e-02 
 7.742897e-01  7.728356e-02 
 7.744126e-01  7.692879e-02 
 7.745355e-01  7.656876e-02 
 7.746583e-01  7.620152e-02 
 7.747810e-01  7.582017e-02 
 7.749038e-01  7.541662e-02 
 7.750266e-01  7.498715e-02 
 7.751493e-01  7.453601e-02 
 7.752721e-01  7.407198e-02 
 7.753949e-01  7.359974e-02 
 7.755177e-01  7.311672e-02 
 7.756404e-01  7.261924e-02 
 7.757632e-01  7.210860e-02 
 7.758859e-01  7.158945e-02 
 7.760085e-01  7.106411e-02 
 7.761312e-01  7.053469e-02 
 7.762538e-01  7.000362e-02 
 7.763765e-01  6.946839e-02 
 7.764992e-01  6.891944e-02 
 7.766218e-01  6.835014e-02 
 7.767445e-01  6.776737e-02 
 7.768672e-01  6.718632e-02 
 7.769898e-01  6.661522e-02 
 7.771124e-01  6.605037e-02 
 7.772349e-01  6.548416e-02 
 7.773575e-01  6.491618e-02 
 7.774801e-01  6.435125e-02 
 7.776026e-01  6.379167e-02 
 7.777252e-01  6.323504e-02 
 7.778477e-01  6.267911e-02 
 7.779703e-01  6.212489e-02 
 7.780928e-01  6.157251e-02 
 7.782154e-01  6.101768e-02 
 7.783378e-01  6.045871e-02 
 7.784603e-01  5.990438e-02 
 7.785827e-01  5.937088e-02 
 7.787052e-01  5.886601e-02 
 7.788276e-01  5.838474e-02 
 7.789501e-01  5.792127e-02 
 7.790725e-01  5.747702e-02 
 7.791950e-01  5.705255e-02 
 7.793174e-01  5.663833e-02 
 7.794399e-01  5.622065e-02 
 7.795622e-01  5.579352e-02 
 7.796846e-01  5.535871e-02 
 7.798069e-01  5.492001e-02 
 7.799293e-01  5.447947e-02 
 7.800516e-01  5.403749e-02 
 7.801740e-01  5.357620e-02 
 7.802963e-01  5.311572e-02 
 7.804187e-01  5.264703e-02 
 7.805410e-01  5.218269e-02 
 7.806634e-01  5.173314e-02 
 7.807856e-01  5.129915e-02 
 7.809078e-01  5.087596e-02 
 7.810301e-01  5.046246e-02 
 7.811523e-01  5.006128e-02 
 7.812746e-01  4.967459e-02 
 7.813968e-01  4.930133e-02 
 7.815190e-01  4.893782e-02 
 7.816413e-01  4.858193e-02 
 7.817635e-01  4.823837e-02 
 7.818858e-01  4.791744e-02 
 7.820079e-01  4.762509e-02 
 7.821300e-01  4.735489e-02 
 7.822522e-01  4.709654e-02 
 7.823743e-01  4.684882e-02 
 7.824964e-01  4.661904e-02 
 7.826186e-01  4.640905e-02 
 7.827407e-01  4.620798e-02 
 7.828628e-01  4.600238e-02 
 7.829850e-01  4.578881e-02 
 7.831071e-01  4.557142e-02 
 7.832291e-01  4.535056e-02 
 7.833512e-01  4.511996e-02 
 7.834732e-01  4.487715e-02 
 7.835952e-01  4.462900e-02 
 7.837172e-01  4.438343e-02 
 7.838393e-01  4.413984e-02 
 7.839613e-01  4.389336e-02 
 7.840833e-01  4.364548e-02 
 7.842054e-01  4.340452e-02 
 7.843274e-01  4.317610e-02 
 7.844493e-01  4.295780e-02 
 7.845712e-01  4.274598e-02 
 7.846932e-01  4.254489e-02 
 7.848151e-01  4.236199e-02 
 7.849370e-01  4.219683e-02 
 7.850589e-01  4.203945e-02 
 7.851809e-01  4.187870e-02 
 7.853028e-01  4.171084e-02 
 7.854247e-01  4.154191e-02 
 7.855466e-01  4.138230e-02 
 7.856685e-01  4.123834e-02 
 7.857903e-01  4.110712e-02 
 7.859121e-01  4.098150e-02 
 7.860339e-01  4.085956e-02 
 7.861557e-01  4.074657e-02 
 7.862776e-01  4.064742e-02 
 7.863994e-01  4.056003e-02 
 7.865212e-01  4.047800e-02 
 7.866430e-01  4.039753e-02 
 7.867649e-01  4.031860e-02 
 7.868866e-01  4.024217e-02 
 7.870083e-01  4.016598e-02 
 7.871300e-01  4.008615e-02 
 7.872517e-01  4.000295e-02 
 7.873734e-01  3.992205e-02 
 7.874952e-01  3.984595e-02 
 7.876169e-01  3.976750e-02 
 7.877386e-01  3.967613e-02 
 7.878603e-01  3.957113e-02 
 7.879820e-01  3.946450e-02 
 7.881036e-01  3.936677e-02 
 7.882252e-01  3.927480e-02 
 7.883469e-01  3.918053e-02 
 7.884685e-01  3.908673e-02 
 7.885901e-01  3.900448e-02 
 7.887117e-01  3.893636e-02 
 7.888333e-01  3.887374e-02 
 7.889549e-01  3.881280e-02 
 7.890765e-01  3.876477e-02 
 7.891981e-01  3.874556e-02 
 7.893197e-01  3.875972e-02 
 7.894412e-01  3.880069e-02 
 7.895627e-01  3.886311e-02 
 7.896842e-01  3.894732e-02 
 7.898057e-01  3.905156e-02 
 7.899272e-01  3.916330e-02 
 7.900487e-01  3.926510e-02 
 7.901702e-01  3.935042e-02 
 7.902917e-01  3.943119e-02 
 7.904132e-01  3.952427e-02 
 7.905346e-01  3.962915e-02 
 7.906560e-01  3.972701e-02 
 7.907775e-01  3.980204e-02 
 7.908989e-01  3.985971e-02 
 7.910203e-01  3.992144e-02 
 7.911417e-01  4.000025e-02 
 7.912631e-01  4.008524e-02 
 7.913845e-01  4.015303e-02 
 7.915059e-01  4.014469e-02 
 7.916273e-01  4.022512e-02 
 7.917486e-01  4.027524e-02 
 7.918699e-01  4.035605e-02 
 7.919912e-01  4.044927e-02 
 7.921125e-01  4.052606e-02 
 7.922338e-01  4.057731e-02 
 7.923551e-01  4.061917e-02 
 7.924764e-01  4.066813e-02 
 7.925977e-01  4.071681e-02 
 7.927190e-01  4.074626e-02 
 7.928403e-01  4.075548e-02 
 7.929615e-01  4.076573e-02 
 7.930827e-01  4.079440e-02 
 7.932039e-01  4.083503e-02 
 7.933251e-01  4.087265e-02 
 7.934463e-01  4.091185e-02 
 7.935675e-01  4.097505e-02 
 7.936887e-01  4.107349e-02 
 7.938099e-01  4.119235e-02 
 7.939311e-01  4.131062e-02 
 7.940523e-01  4.142838e-02 
 7.941734e-01  4.156716e-02 
 7.942945e-01  4.174406e-02 
 7.944156e-01  4.195225e-02 
 7.945367e-01  4.216938e-02 
 7.946578e-01  4.237958e-02 
 7.947789e-01  4.258410e-02 
 7.949000e-01  4.279090e-02 
 7.950211e-01  4.300125e-02 
 7.951422e-01  4.320746e-02 
 7.952633e-01  4.340062e-02 
 7.953843e-01  4.357772e-02 
 7.955052e-01  4.374242e-02 
 7.956262e-01  4.390056e-02 
 7.957472e-01  4.405815e-02 
 7.958682e-01  4.422251e-02 
 7.959892e-01  4.440267e-02 
 7.961102e-01  4.460439e-02 
 7.962312e-01  4.482395e-02 
 7.963522e-01  4.504992e-02 
 7.964732e-01  4.527474e-02 
 7.965941e-01  4.550291e-02 
 7.967150e-01  4.574408e-02 
 7.968359e-01  4.599643e-02 
 7.969568e-01  4.624405e-02 
 7.970777e-01  4.647468e-02 
 7.971985e-01  4.669544e-02 
 7.973194e-01  4.692436e-02 
 7.974403e-01  4.716751e-02 
 7.975612e-01  4.741388e-02 
 7.976821e-01  4.765450e-02 
 7.978029e-01  4.789594e-02 
 7.979237e-01  4.814838e-02 
 7.980445e-01  4.840563e-02 
 7.981653e-01  4.865069e-02 
 7.982860e-01  4.888040e-02 
 7.984068e-01  4.911285e-02 
 7.985276e-01  4.936497e-02 
 7.986484e-01  4.963109e-02 
 7.987692e-01  4.977323e-02 
 7.988900e-01  5.004084e-02 
 7.990107e-01  5.031201e-02 
 7.991314e-01  5.058517e-02 
 7.992521e-01  5.087103e-02 
 7.993727e-01  5.118078e-02 
 7.994934e-01  5.151667e-02 
 7.996141e-01  5.187475e-02 
 7.997348e-01  5.225090e-02 
 7.998555e-01  5.264058e-02 
 7.999762e-01  5.303671e-02 
 8.000969e-01  5.343336e-02 
 8.002174e-01  5.383110e-02 
 8.003380e-01  5.423653e-02 
 8.004586e-01  5.465447e-02 
 8.005792e-01  5.508663e-02 
 8.006998e-01  5.553634e-02 
 8.008204e-01  5.600934e-02 
 8.009409e-01  5.650633e-02 
 8.010615e-01  5.701789e-02 
 8.011821e-01  5.753170e-02 
 8.013027e-01  5.804552e-02 
 8.014232e-01  5.857040e-02 
 8.015437e-01  5.912316e-02 
 8.016642e-01  5.971325e-02 
 8.017846e-01  6.033783e-02 
 8.019051e-01  6.098371e-02 
 8.020256e-01  6.163409e-02 
 8.021461e-01  6.227715e-02 
 8.022666e-01  6.291185e-02 
 8.023870e-01  6.354672e-02 
 8.025075e-01  6.419195e-02 
 8.026279e-01  6.485037e-02 
 8.027483e-01  6.551731e-02 
 8.028687e-01  6.618292e-02 
 8.029891e-01  6.683754e-02 
 8.031094e-01  6.747464e-02 
 8.032298e-01  6.809354e-02 
 8.033502e-01  6.870194e-02 
 8.034706e-01  6.931530e-02 
 8.035910e-01  6.994907e-02 
 8.037113e-01  7.060732e-02 
 8.038316e-01  7.128022e-02 
 8.039519e-01  7.195796e-02 
 8.040722e-01  7.264033e-02 
 8.041925e-01  7.333316e-02 
 8.043127e-01  7.403596e-02 
 8.044330e-01  7.474053e-02 
 8.045533e-01  7.544204e-02 
 8.046736e-01  7.614439e-02 
 8.047939e-01  7.685139e-02 
 8.049142e-01  7.755787e-02 
 8.050343e-01  7.825322e-02 
 8.051545e-01  7.893258e-02 
 8.052747e-01  7.959599e-02 
 8.053949e-01  8.024404e-02 
 8.055150e-01  8.087797e-02 
 8.056352e-01  8.150410e-02 
 8.057554e-01  8.213214e-02 
 8.058756e-01  8.276627e-02 
 8.059958e-01  8.340041e-02 
 8.061159e-01  8.402469e-02 
 8.062360e-01  8.463467e-02 
 8.063561e-01  8.523429e-02 
 8.064762e-01  8.582761e-02 
 8.065963e-01  8.641411e-02 
 8.067163e-01  8.699042e-02 
 8.068364e-01  8.755436e-02 
 8.069565e-01  8.810437e-02 
 8.070766e-01  8.863627e-02 
 8.071967e-01  8.914491e-02 
 8.073167e-01  8.963158e-02 
 8.074367e-01  9.010658e-02 
 8.075567e-01  9.058268e-02 
 8.076767e-01  9.106449e-02 
 8.077966e-01  9.154995e-02 
 8.079166e-01  9.203896e-02 
 8.080366e-01  9.253558e-02 
 8.081566e-01  9.304150e-02 
 8.082766e-01  9.355337e-02 
 8.083965e-01  9.406976e-02 
 8.085165e-01  9.459532e-02 
 8.086364e-01  9.513306e-02 
 8.087563e-01  9.567767e-02 
 8.088761e-01  9.621882e-02 
 8.089960e-01  9.675307e-02 
 8.091159e-01  9.728595e-02 
 8.092358e-01  9.782331e-02 
 8.093557e-01  9.836552e-02 
 8.094755e-01  9.891249e-02 
 8.095954e-01  9.947077e-02 
 8.097153e-01  1.000501e-01 
 8.098351e-01  1.006531e-01 
 8.099548e-01  1.012715e-01 
 8.100746e-01  1.018884e-01 
 8.101944e-01  1.024907e-01 
 8.103142e-01  1.030787e-01 
 8.104340e-01  1.036626e-01 
 8.105537e-01  1.042505e-01 
 8.106735e-01  1.048392e-01 
 8.107933e-01  1.054157e-01 
 8.109131e-01  1.059680e-01 
 8.110327e-01  1.064957e-01 
 8.111524e-01  1.070129e-01 
 8.112721e-01  1.075363e-01 
 8.113918e-01  1.080722e-01 
 8.115115e-01  1.086126e-01 
 8.116311e-01  1.091469e-01 
 8.117508e-01  1.096748e-01 
 8.118705e-01  1.102065e-01 
 8.119902e-01  1.107492e-01 
 8.121098e-01  1.112993e-01 
 8.122294e-01  1.118469e-01 
 8.123490e-01  1.123891e-01 
 8.124686e-01  1.129336e-01 
 8.125882e-01  1.134926e-01 
 8.127077e-01  1.140734e-01 
 8.128273e-01  1.146732e-01 
 8.129469e-01  1.152811e-01 
 8.130665e-01  1.158852e-01 
 8.131860e-01  1.164816e-01 
 8.133056e-01  1.170834e-01 
 8.134251e-01  1.176670e-01 
 8.135446e-01  1.182495e-01 
 8.136641e-01  1.188261e-01 
 8.137835e-01  1.193900e-01 
 8.139030e-01  1.199320e-01 
 8.140225e-01  1.204668e-01 
 8.141420e-01  1.210063e-01 
 8.142614e-01  1.215540e-01 
 8.143809e-01  1.221065e-01 
 8.145004e-01  1.226554e-01 
 8.146198e-01  1.231929e-01 
 8.147392e-01  1.237222e-01 
 8.148585e-01  1.242567e-01 
 8.149779e-01  1.248091e-01 
 8.150973e-01  1.253780e-01 
 8.152167e-01  1.259476e-01 
 8.153361e-01  1.265012e-01 
 8.154554e-01  1.270357e-01 
 8.155748e-01  1.275611e-01 
 8.156942e-01  1.280876e-01 
 8.158135e-01  1.286159e-01 
 8.159328e-01  1.291417e-01 
 8.160520e-01  1.296652e-01 
 8.161713e-01  1.301967e-01 
 8.162906e-01  1.307489e-01 
 8.164099e-01  1.313262e-01 
 8.165292e-01  1.319231e-01 
 8.166484e-01  1.325334e-01 
 8.167677e-01  1.331563e-01 
 8.168870e-01  1.337961e-01 
 8.170062e-01  1.344560e-01 
 8.171254e-01  1.351386e-01 
 8.172445e-01  1.358430e-01 
 8.173637e-01  1.365626e-01 
 8.174829e-01  1.372882e-01 
 8.176021e-01  1.380641e-01 
 8.177213e-01  1.388111e-01 
 8.178404e-01  1.395764e-01 
 8.179596e-01  1.403555e-01 
 8.180788e-01  1.411431e-01 
 8.181979e-01  1.419352e-01 
 8.183170e-01  1.427318e-01 
 8.184361e-01  1.435323e-01 
 8.185551e-01  1.443322e-01 
 8.186742e-01  1.451207e-01 
 8.187933e-01  1.458861e-01 
 8.189124e-01  1.466234e-01 
 8.190315e-01  1.473391e-01 
 8.191505e-01  1.480449e-01 
 8.192696e-01  1.487494e-01 
 8.193886e-01  1.494545e-01 
 8.195076e-01  1.501616e-01 
 8.196266e-01  1.508740e-01 
 8.197456e-01  1.515964e-01 
 8.198645e-01  1.523293e-01 
 8.199835e-01  1.530697e-01 
 8.201025e-01  1.538007e-01 
 8.202215e-01  1.545363e-01 
 8.203405e-01  1.552785e-01 
 8.204595e-01  1.560313e-01 
 8.205784e-01  1.567990e-01 
 8.206972e-01  1.575832e-01 
 8.208161e-01  1.583806e-01 
 8.209350e-01  1.591884e-01 
 8.210539e-01  1.600065e-01 
 8.211728e-01  1.608342e-01 
 8.212917e-01  1.616657e-01 
 8.214106e-01  1.624928e-01 
 8.215294e-01  1.633113e-01 
 8.216483e-01  1.641228e-01 
 8.217671e-01  1.649291e-01 
 8.218859e-01  1.657285e-01 
 8.220047e-01  1.665169e-01 
 8.221235e-01  1.672941e-01 
 8.222423e-01  1.680663e-01 
 8.223611e-01  1.688397e-01 
 8.224798e-01  1.696153e-01 
 8.225986e-01  1.703909e-01 
 8.227174e-01  1.711680e-01 
 8.228362e-01  1.719511e-01 
 8.229549e-01  1.727430e-01 
 8.230736e-01  1.735453e-01 
 8.231923e-01  1.743603e-01 
 8.233110e-01  1.751915e-01 
 8.234297e-01  1.760383e-01 
 8.235483e-01  1.768930e-01 
 8.236670e-01  1.777288e-01 
 8.237857e-01  1.785629e-01 
 8.239044e-01  1.793945e-01 
 8.240231e-01  1.802250e-01 
 8.241417e-01  1.810569e-01 
 8.242603e-01  1.818920e-01 
 8.243789e-01  1.827279e-01 
 8.244975e-01  1.835619e-01 
 8.246161e-01  1.843973e-01 
 8.247347e-01  1.852432e-01 
 8.248532e-01  1.861063e-01 
 8.249718e-01  1.869838e-01 
 8.250904e-01  1.878641e-01 
 8.252090e-01  1.887369e-01 
 8.253275e-01  1.895998e-01 
 8.254460e-01  1.904597e-01 
 8.255645e-01  1.913223e-01 
 8.256830e-01  1.921858e-01 
 8.258015e-01  1.930426e-01 
 8.259200e-01  1.938878e-01 
 8.260385e-01  1.947271e-01 
 8.261570e-01  1.955738e-01 
 8.262755e-01  1.964355e-01 
 8.263940e-01  1.973062e-01 
 8.265124e-01  1.981703e-01 
 8.266308e-01  1.990177e-01 
 8.267492e-01  1.998468e-01 
 8.268676e-01  2.006587e-01 
 8.269860e-01  2.014504e-01 
 8.271044e-01  2.022175e-01 
 8.272228e-01  2.029617e-01 
 8.273412e-01  2.036906e-01 
 8.274595e-01  2.044090e-01 
 8.275779e-01  2.051150e-01 
 8.276962e-01  2.058043e-01 
 8.278145e-01  2.064798e-01 
 8.279328e-01  2.071493e-01 
 8.280511e-01  2.078176e-01 
 8.281694e-01  2.084830e-01 
 8.282877e-01  2.091413e-01 
 8.284060e-01  2.097943e-01 
 8.285243e-01  2.104499e-01 
 8.286426e-01  2.111147e-01 
 8.287610e-01  2.117885e-01 
 8.288792e-01  2.124662e-01 
 8.289974e-01  2.131470e-01 
 8.291156e-01  2.138344e-01 
 8.292338e-01  2.145308e-01 
 8.293520e-01  2.152325e-01 
 8.294702e-01  2.159321e-01 
 8.295884e-01  2.166258e-01 
 8.297066e-01  2.173168e-01 
 8.298248e-01  2.180105e-01 
 8.299430e-01  2.187073e-01 
 8.300611e-01  2.193998e-01 
 8.301792e-01  2.200813e-01 
 8.302973e-01  2.207514e-01 
 8.304154e-01  2.214172e-01 
 8.305335e-01  2.220845e-01 
 8.306516e-01  2.227511e-01 
 8.307697e-01  2.234096e-01 
 8.308878e-01  2.240561e-01 
 8.310059e-01  2.246941e-01 
 8.311241e-01  2.253314e-01 
 8.312421e-01  2.259723e-01 
 8.313601e-01  2.266180e-01 
 8.314781e-01  2.272670e-01 
 8.315961e-01  2.279181e-01 
 8.317141e-01  2.285699e-01 
 8.318321e-01  2.292211e-01 
 8.319501e-01  2.298722e-01 
 8.320681e-01  2.305266e-01 
 8.321861e-01  2.311869e-01 
 8.323042e-01  2.318511e-01 
 8.324221e-01  2.325125e-01 
 8.325400e-01  2.331673e-01 
 8.326579e-01  2.338182e-01 
 8.327758e-01  2.344724e-01 
 8.328937e-01  2.351344e-01 
 8.330116e-01  2.358011e-01 
 8.331296e-01  2.364644e-01 
 8.332475e-01  2.371181e-01 
 8.333654e-01  2.377620e-01 
 8.334833e-01  2.383998e-01 
 8.336011e-01  2.390343e-01 
 8.337189e-01  2.396671e-01 
 8.338367e-01  2.402995e-01 
 8.339546e-01  2.409350e-01 
 8.340724e-01  2.415776e-01 
 8.341902e-01  2.422273e-01 
 8.343080e-01  2.428860e-01 
 8.344258e-01  2.435639e-01 
 8.345437e-01  2.442576e-01 
 8.346615e-01  2.449568e-01 
 8.347792e-01  2.456478e-01 
 8.348969e-01  2.463221e-01 
 8.350146e-01  2.469283e-01 
 8.351324e-01  2.475790e-01 
 8.352501e-01  2.482241e-01 
 8.353678e-01  2.488542e-01 
 8.354855e-01  2.494549e-01 
 8.356033e-01  2.500180e-01 
 8.357210e-01  2.505477e-01 
 8.358387e-01  2.510532e-01 
 8.359563e-01  2.515365e-01 
 8.360739e-01  2.519894e-01 
 8.361916e-01  2.524019e-01 
 8.363092e-01  2.527745e-01 
 8.364268e-01  2.531185e-01 
 8.365445e-01  2.534463e-01 
 8.366621e-01  2.537635e-01 
 8.367797e-01  2.540705e-01 
 8.368973e-01  2.543701e-01 
 8.370150e-01  2.546677e-01 
 8.371325e-01  2.549664e-01 
 8.372500e-01  2.552638e-01 
 8.373676e-01  2.555538e-01 
 8.374851e-01  2.558335e-01 
 8.376026e-01  2.561035e-01 
 8.377201e-01  2.563649e-01 
 8.378377e-01  2.566152e-01 
 8.379552e-01  2.568489e-01 
 8.380727e-01  2.570615e-01 
 8.381903e-01  2.572523e-01 
 8.383077e-01  2.574242e-01 
 8.384251e-01  2.575817e-01 
 8.385426e-01  2.577283e-01 
 8.386600e-01  2.578647e-01 
 8.387775e-01  2.579888e-01 
 8.388949e-01  2.580954e-01 
 8.390123e-01  2.581791e-01 
 8.391298e-01  2.582382e-01 
 8.392472e-01  2.582766e-01 
 8.393646e-01  2.583016e-01 
 8.394820e-01  2.583188e-01 
 8.395993e-01  2.583288e-01 
 8.397167e-01  2.583288e-01 
 8.398340e-01  2.583175e-01 
 8.399513e-01  2.582965e-01 
 8.400687e-01  2.582675e-01 
 8.401860e-01  2.582310e-01 
 8.403034e-01  2.581872e-01 
 8.404207e-01  2.581387e-01 
 8.405380e-01  2.580887e-01 
 8.406553e-01  2.580362e-01 
 8.407725e-01  2.579735e-01 
 8.408898e-01  2.578917e-01 
 8.410070e-01  2.577890e-01 
 8.411243e-01  2.576730e-01 
 8.412415e-01  2.575546e-01 
 8.413588e-01  2.574391e-01 
 8.414760e-01  2.573243e-01 
 8.415933e-01  2.572064e-01 
 8.417105e-01  2.570855e-01 
 8.418277e-01  2.569647e-01 
 8.419448e-01  2.568450e-01 
 8.420620e-01  2.567248e-01 
 8.421791e-01  2.566013e-01 
 8.422963e-01  2.564728e-01 
 8.424134e-01  2.563384e-01 
 8.425306e-01  2.561970e-01 
 8.426477e-01  2.560476e-01 
 8.427649e-01  2.558902e-01 
 8.428820e-01  2.557264e-01 
 8.429991e-01  2.555582e-01 
 8.431161e-01  2.553866e-01 
 8.432332e-01  2.552120e-01 
 8.433502e-01  2.550330e-01 
 8.434673e-01  2.548469e-01 
 8.435844e-01  2.546522e-01 
 8.437014e-01  2.544512e-01 
 8.438185e-01  2.542507e-01 
 8.439355e-01  2.540596e-01 
 8.440526e-01  2.538905e-01 
 8.441695e-01  2.537135e-01 
 8.442865e-01  2.535583e-01 
 8.444035e-01  2.534308e-01 
 8.445204e-01  2.533333e-01 
 8.446374e-01  2.532634e-01 
 8.447544e-01  2.532163e-01 
 8.448713e-01  2.531855e-01 
 8.449883e-01  2.531628e-01 
 8.451052e-01  2.531373e-01 
 8.452222e-01  2.530991e-01 
 8.453391e-01  2.530433e-01 
 8.454559e-01  2.529720e-01 
 8.455728e-01  2.528910e-01 
 8.456897e-01  2.528027e-01 
 8.458065e-01  2.527044e-01 
 8.459234e-01  2.525926e-01 
 8.460403e-01  2.524670e-01 
 8.461571e-01  2.523292e-01 
 8.462740e-01  2.521801e-01 
 8.463909e-01  2.520205e-01 
 8.465077e-01  2.518544e-01 
 8.466244e-01  2.516871e-01 
 8.467412e-01  2.515206e-01 
 8.468580e-01  2.513518e-01 
 8.469748e-01  2.511745e-01 
 8.470915e-01  2.509830e-01 
 8.472083e-01  2.507758e-01 
 8.473251e-01  2.505556e-01 
 8.474419e-01  2.503267e-01 
 8.475586e-01  2.500905e-01 
 8.476753e-01  2.498449e-01 
 8.477920e-01  2.495872e-01 
 8.479087e-01  2.493155e-01 
 8.480253e-01  2.490263e-01 
 8.481420e-01  2.487169e-01 
 8.482587e-01  2.483913e-01 
 8.483754e-01  2.480612e-01 
 8.484921e-01  2.477364e-01 
 8.486088e-01  2.474167e-01 
 8.487254e-01  2.470807e-01 
 8.488420e-01  2.467304e-01 
 8.489586e-01  2.463716e-01 
 8.490752e-01  2.460046e-01 
 8.491918e-01  2.456289e-01 
 8.493084e-01  2.452421e-01 
 8.494250e-01  2.448401e-01 
 8.495415e-01  2.444193e-01 
 8.496581e-01  2.439801e-01 
 8.497747e-01  2.435287e-01 
 8.498913e-01  2.430743e-01 
 8.500078e-01  2.426205e-01 
 8.501243e-01  2.421605e-01 
 8.502408e-01  2.416835e-01 
 8.503573e-01  2.411854e-01 
 8.504738e-01  2.406735e-01 
 8.505903e-01  2.401601e-01 
 8.507068e-01  2.396498e-01 
 8.508232e-01  2.391331e-01 
 8.509397e-01  2.385938e-01 
 8.510562e-01  2.380232e-01 
 8.511726e-01  2.374281e-01 
 8.512890e-01  2.368231e-01 
 8.514054e-01  2.362196e-01 
 8.515218e-01  2.356184e-01 
 8.516382e-01  2.350142e-01 
 8.517546e-01  2.344028e-01 
 8.518710e-01  2.337842e-01 
 8.519874e-01  2.331595e-01 
 8.521038e-01  2.325275e-01 
 8.522202e-01  2.319379e-01 
 8.523365e-01  2.312607e-01 
 8.524528e-01  2.305622e-01 
 8.525692e-01  2.298512e-01 
 8.526855e-01  2.290971e-01 
 8.528018e-01  2.283545e-01 
 8.529181e-01  2.276134e-01 
 8.530344e-01  2.268825e-01 
 8.531507e-01  2.261607e-01 
 8.532670e-01  2.254392e-01 
 8.533833e-01  2.247108e-01 
 8.534995e-01  2.239772e-01 
 8.536157e-01  2.232464e-01 
 8.537319e-01  2.225260e-01 
 8.538482e-01  2.218186e-01 
 8.539644e-01  2.211242e-01 
 8.540806e-01  2.204448e-01 
 8.541968e-01  2.197845e-01 
 8.543130e-01  2.191463e-01 
 8.544292e-01  2.185276e-01 
 8.545454e-01  2.179204e-01 
 8.546616e-01  2.173148e-01 
 8.547777e-01  2.167028e-01 
 8.548938e-01  2.160832e-01 
 8.550099e-01  2.154565e-01 
 8.551260e-01  2.148189e-01 
 8.552422e-01  2.141623e-01 
 8.553583e-01  2.134849e-01 
 8.554744e-01  2.127981e-01 
 8.555905e-01  2.121206e-01 
 8.557067e-01  2.114631e-01 
 8.558227e-01  2.108225e-01 
 8.559387e-01  2.101902e-01 
 8.560547e-01  2.095667e-01 
 8.561708e-01  2.089606e-01 
 8.562868e-01  2.083751e-01 
 8.564028e-01  2.077997e-01 
 8.565189e-01  2.072182e-01 
 8.566349e-01  2.066232e-01 
 8.567509e-01  2.060198e-01 
 8.568669e-01  2.054157e-01 
 8.569829e-01  2.048110e-01 
 8.570988e-01  2.041984e-01 
 8.572147e-01  2.035745e-01 
 8.573307e-01  2.029458e-01 
 8.574466e-01  2.023239e-01 
 8.575626e-01  2.017155e-01 
 8.576785e-01  2.011168e-01 
 8.577944e-01  2.005179e-01 
 8.579104e-01  1.999110e-01 
 8.580263e-01  1.992964e-01 
 8.581421e-01  1.986779e-01 
 8.582580e-01  1.980546e-01 
 8.583738e-01  1.974212e-01 
 8.584897e-01  1.967739e-01 
 8.586055e-01  1.961175e-01 
 8.587214e-01  1.954615e-01 
 8.588372e-01  1.948129e-01 
 8.589531e-01  1.941709e-01 
 8.590689e-01  1.935320e-01 
 8.591847e-01  1.928945e-01 
 8.593005e-01  1.922585e-01 
 8.594163e-01  1.916212e-01 
 8.595320e-01  1.909797e-01 
 8.596478e-01  1.903337e-01 
 8.597635e-01  1.896880e-01 
 8.598793e-01  1.890500e-01 
 8.599950e-01  1.884287e-01 
 8.601108e-01  1.878318e-01 
 8.602265e-01  1.872625e-01 
 8.603423e-01  1.867163e-01 
 8.604579e-01  1.861834e-01 
 8.605736e-01  1.856554e-01 
 8.606893e-01  1.851318e-01 
 8.608049e-01  1.846158e-01 
 8.609206e-01  1.841061e-01 
 8.610362e-01  1.835952e-01 
 8.611519e-01  1.830744e-01 
 8.612676e-01  1.825393e-01 
 8.613832e-01  1.819891e-01 
 8.614989e-01  1.814255e-01 
 8.616145e-01  1.808546e-01 
 8.617300e-01  1.802871e-01 
 8.618456e-01  1.797358e-01 
 8.619612e-01  1.792060e-01 
 8.620767e-01  1.786924e-01 
 8.621923e-01  1.781830e-01 
 8.623079e-01  1.776686e-01 
 8.624234e-01  1.771489e-01 
 8.625390e-01  1.766332e-01 
 8.626546e-01  1.761342e-01 
 8.627701e-01  1.756611e-01 
 8.628855e-01  1.752143e-01 
 8.630010e-01  1.747907e-01 
 8.631165e-01  1.743902e-01 
 8.632320e-01  1.740158e-01 
 8.633475e-01  1.736683e-01 
 8.634629e-01  1.733406e-01 
 8.635784e-01  1.730198e-01 
 8.636939e-01  1.726942e-01 
 8.638094e-01  1.723580e-01 
 8.639248e-01  1.720135e-01 
 8.640401e-01  1.716689e-01 
 8.641555e-01  1.713340e-01 
 8.642709e-01  1.710098e-01 
 8.643863e-01  1.706841e-01 
 8.645017e-01  1.703390e-01 
 8.646171e-01  1.699676e-01 
 8.647325e-01  1.695788e-01 
 8.648478e-01  1.691854e-01 
 8.649632e-01  1.687891e-01 
 8.650785e-01  1.683831e-01 
 8.651938e-01  1.679662e-01 
 8.653091e-01  1.675492e-01 
 8.654244e-01  1.671419e-01 
 8.655397e-01  1.667412e-01 
 8.656550e-01  1.663352e-01 
 8.657703e-01  1.659185e-01 
 8.658856e-01  1.654972e-01 
 8.660009e-01  1.650784e-01 
 8.661162e-01  1.646611e-01 
 8.662314e-01  1.642412e-01 
 8.663466e-01  1.638174e-01 
 8.664618e-01  1.633928e-01 
 8.665770e-01  1.629688e-01 
 8.666922e-01  1.625430e-01 
 8.668074e-01  1.621131e-01 
 8.669226e-01  1.616781e-01 
 8.670378e-01  1.612361e-01 
 8.671530e-01  1.607834e-01 
 8.672682e-01  1.603193e-01 
 8.673833e-01  1.598493e-01 
 8.674985e-01  1.593796e-01 
 8.676136e-01  1.589121e-01 
 8.677287e-01  1.584418e-01 
 8.678438e-01  1.579628e-01 
 8.679589e-01  1.574727e-01 
 8.680740e-01  1.569756e-01 
 8.681891e-01  1.564803e-01 
 8.683043e-01  1.559954e-01 
 8.684194e-01  1.555227e-01 
 8.685344e-01  1.550539e-01 
 8.686494e-01  1.545732e-01 
 8.687644e-01  1.540692e-01 
 8.688795e-01  1.535412e-01 
 8.689945e-01  1.529964e-01 
 8.691095e-01  1.524404e-01 
 8.692245e-01  1.518689e-01 
 8.693396e-01  1.512726e-01 
 8.694546e-01  1.506495e-01 
 8.695696e-01  1.500119e-01 
 8.696845e-01  1.493782e-01 
 8.697995e-01  1.487544e-01 
 8.699144e-01  1.481310e-01 
 8.700293e-01  1.474963e-01 
 8.701443e-01  1.468541e-01 
 8.702592e-01  1.462210e-01 
 8.703741e-01  1.456071e-01 
 8.704891e-01  1.450036e-01 
 8.706040e-01  1.443955e-01 
 8.707189e-01  1.437825e-01 
 8.708338e-01  1.431817e-01 
 8.709486e-01  1.426087e-01 
 8.710635e-01  1.420643e-01 
 8.711783e-01  1.415397e-01 
 8.712932e-01  1.410295e-01 
 8.714080e-01  1.405343e-01 
 8.715228e-01  1.400509e-01 
 8.716377e-01  1.395707e-01 
 8.717525e-01  1.390888e-01 
 8.718674e-01  1.386114e-01 
 8.719821e-01  1.381503e-01 
 8.720969e-01  1.377113e-01 
 8.722116e-01  1.372927e-01 
 8.723264e-01  1.368929e-01 
 8.724411e-01  1.365137e-01 
 8.725559e-01  1.361569e-01 
 8.726706e-01  1.358183e-01 
 8.727854e-01  1.354895e-01 
 8.729001e-01  1.351618e-01 
 8.730149e-01  1.348293e-01 
 8.731296e-01  1.344903e-01 
 8.732442e-01  1.341483e-01 
 8.733589e-01  1.338120e-01 
 8.734735e-01  1.334900e-01 
 8.735882e-01  1.331842e-01 
 8.737029e-01  1.328899e-01 
 8.738175e-01  1.326012e-01 
 8.739322e-01  1.323152e-01 
 8.740469e-01  1.320293e-01 
 8.741615e-01  1.317386e-01 
 8.742761e-01  1.314353e-01 
 8.743907e-01  1.311123e-01 
 8.745052e-01  1.307654e-01 
 8.746198e-01  1.303946e-01 
 8.747344e-01  1.300038e-01 
 8.748490e-01  1.295999e-01 
 8.749635e-01  1.291896e-01 
 8.750781e-01  1.287743e-01 
 8.751927e-01  1.283494e-01 
 8.753073e-01  1.279077e-01 
 8.754217e-01  1.274476e-01 
 8.755362e-01  1.269755e-01 
 8.756507e-01  1.265026e-01 
 8.757652e-01  1.260354e-01 
 8.758797e-01  1.255699e-01 
 8.759942e-01  1.250971e-01 
 8.761086e-01  1.246142e-01 
 8.762231e-01  1.241293e-01 
 8.763376e-01  1.236530e-01 
 8.764521e-01  1.231864e-01 
 8.765665e-01  1.227212e-01 
 8.766809e-01  1.222504e-01 
 8.767953e-01  1.217795e-01 
 8.769097e-01  1.213213e-01 
 8.770241e-01  1.208861e-01 
 8.771385e-01  1.204776e-01 
 8.772528e-01  1.200963e-01 
 8.773672e-01  1.197398e-01 
 8.774816e-01  1.193969e-01 
 8.775960e-01  1.190478e-01 
 8.777103e-01  1.186774e-01 
 8.778246e-01  1.182866e-01 
 8.779389e-01  1.178883e-01 
 8.780533e-01  1.174897e-01 
 8.781676e-01  1.170823e-01 
 8.782819e-01  1.166530e-01 
 8.783962e-01  1.161993e-01 
 8.785105e-01  1.157332e-01 
 8.786248e-01  1.152684e-01 
 8.787391e-01  1.148112e-01 
 8.788533e-01  1.143623e-01 
 8.789675e-01  1.139212e-01 
 8.790817e-01  1.134886e-01 
 8.791960e-01  1.130629e-01 
 8.793102e-01  1.126418e-01 
 8.794244e-01  1.122244e-01 
 8.795386e-01  1.118112e-01 
 8.796528e-01  1.114016e-01 
 8.797670e-01  1.109948e-01 
 8.798812e-01  1.105926e-01 
 8.799954e-01  1.101976e-01 
 8.801095e-01  1.098073e-01 
 8.802236e-01  1.094148e-01 
 8.803378e-01  1.090176e-01 
 8.804519e-01  1.086232e-01 
 8.805660e-01  1.082435e-01 
 8.806801e-01  1.078811e-01 
 8.807943e-01  1.075247e-01 
 8.809084e-01  1.071599e-01 
 8.810225e-01  1.067810e-01 
 8.811366e-01  1.063934e-01 
 8.812506e-01  1.060045e-01 
 8.813646e-01  1.056168e-01 
 8.814787e-01  1.052282e-01 
 8.815927e-01  1.048373e-01 
 8.817068e-01  1.044471e-01 
 8.818208e-01  1.040632e-01 
 8.819348e-01  1.036898e-01 
 8.820489e-01  1.033271e-01 
 8.821629e-01  1.029724e-01 
 8.822769e-01  1.026237e-01 
 8.823908e-01  1.022810e-01 
 8.825048e-01  1.019473e-01 
 8.826187e-01  1.016253e-01 
 8.827327e-01  1.013154e-01 
 8.828466e-01  1.010148e-01 
 8.829606e-01  1.007157e-01 
 8.830745e-01  1.004158e-01 
 8.831885e-01  1.001304e-01 
 8.833024e-01  9.985017e-02 
 8.834163e-01  9.956569e-02 
 8.835301e-01  9.927633e-02 
 8.836440e-01  9.898916e-02 
 8.837579e-01  9.870348e-02 
 8.838717e-01  9.840527e-02 
 8.839856e-01  9.811213e-02 
 8.840995e-01  9.782120e-02 
 8.842133e-01  9.751966e-02 
 8.843272e-01  9.719461e-02 
 8.844410e-01  9.683871e-02 
 8.845548e-01  9.645841e-02 
 8.846686e-01  9.606527e-02 
 8.847824e-01  9.566523e-02 
 8.848961e-01  9.525660e-02 
 8.850099e-01  9.483920e-02 
 8.851237e-01  9.442130e-02 
 8.852375e-01  9.401519e-02 
 8.853512e-01  9.362702e-02 
 8.854650e-01  9.325410e-02 
 8.855788e-01  9.289224e-02 
 8.856925e-01  9.254353e-02 
 8.858062e-01  9.221443e-02 
 8.859198e-01  9.190945e-02 
 8.860335e-01  9.162658e-02 
 8.861472e-01  9.135923e-02 
 8.862609e-01  9.110023e-02 
 8.863746e-01  9.084385e-02 
 8.864883e-01  9.058538e-02 
 8.866020e-01  9.032074e-02 
 8.867156e-01  9.004728e-02 
 8.868292e-01  8.976622e-02 
 8.869428e-01  8.948389e-02 
 8.870564e-01  8.920951e-02 
 8.871700e-01  8.894761e-02 
 8.872836e-01  8.869213e-02 
 8.873972e-01  8.843027e-02 
 8.875108e-01  8.815429e-02 
 8.876244e-01  8.787020e-02 
 8.877380e-01  8.759354e-02 
 8.878516e-01  8.733651e-02 
 8.879651e-01  8.709970e-02 
 8.880786e-01  8.687464e-02 
 8.881922e-01  8.665319e-02 
 8.883057e-01  8.643324e-02 
 8.884192e-01  8.621856e-02 
 8.885327e-01  8.601567e-02 
 8.886462e-01  8.583057e-02 
 8.887597e-01  8.568834e-02 
 8.888732e-01  8.553802e-02 
 8.889867e-01  8.540872e-02 
 8.891001e-01  8.530344e-02 
 8.892136e-01  8.521871e-02 
 8.893270e-01  8.514803e-02 
 8.894404e-01  8.508984e-02 
 8.895538e-01  8.505023e-02 
 8.896673e-01  8.503628e-02 
 8.897807e-01  8.502051e-02 
 8.898941e-01  8.502415e-02 
 8.900075e-01  8.503791e-02 
 8.901210e-01  8.506150e-02 
 8.902343e-01  8.508519e-02 
 8.903476e-01  8.509627e-02 
 8.904610e-01  8.508923e-02 
 8.905743e-01  8.506951e-02 
 8.906876e-01  8.504714e-02 
 8.908010e-01  8.502668e-02 
 8.909143e-01  8.500442e-02 
 8.910276e-01  8.497479e-02 
 8.911410e-01  8.493869e-02 
 8.912543e-01  8.490364e-02 
 8.913676e-01  8.487570e-02 
 8.914808e-01  8.485388e-02 
 8.915941e-01  8.483385e-02 
 8.917073e-01  8.481280e-02 
 8.918205e-01  8.479256e-02 
 8.919338e-01  8.477804e-02 
 8.920470e-01  8.477311e-02 
 8.921603e-01  8.477708e-02 
 8.922735e-01  8.478401e-02 
 8.923868e-01  8.478463e-02 
 8.925000e-01  8.476955e-02 
 8.926131e-01  8.473295e-02 
 8.927263e-01  8.467477e-02 
 8.928394e-01  8.459911e-02 
 8.929526e-01  8.451054e-02 
 8.930658e-01  8.441132e-02 
 8.931789e-01  8.430210e-02 
 8.932921e-01  8.418511e-02 
 8.934052e-01  8.406583e-02 
 8.935184e-01  8.395091e-02 
 8.936315e-01  8.384460e-02 
 8.937446e-01  8.374734e-02 
 8.938576e-01  8.365914e-02 
 8.939707e-01  8.358345e-02 
 8.940838e-01  8.352661e-02 
 8.941968e-01  8.349244e-02 
 8.943099e-01  8.347718e-02 
 8.944230e-01  8.347076e-02 
 8.945361e-01  8.346309e-02 
 8.946491e-01  8.344945e-02 
 8.947621e-01  8.343051e-02 
 8.948751e-01  8.340858e-02 
 8.949881e-01  8.338505e-02 
 8.951011e-01  8.336043e-02 
 8.952141e-01  8.333503e-02 
 8.953271e-01  8.330795e-02 
 8.954401e-01  8.327529e-02 
 8.955530e-01  8.323100e-02 
 8.956660e-01  8.317037e-02 
 8.957790e-01  8.309244e-02 
 8.958919e-01  8.299848e-02 
 8.960048e-01  8.288865e-02 
 8.961177e-01  8.276199e-02 
 8.962306e-01  8.261946e-02 
 8.963435e-01  8.246607e-02 
 8.964564e-01  8.230808e-02 
 8.965693e-01  8.214908e-02 
 8.966822e-01  8.198914e-02 
 8.967951e-01  8.182745e-02 
 8.969080e-01  8.166458e-02 
 8.970208e-01  8.149960e-02 
 8.971337e-01  8.132535e-02 
 8.972465e-01  8.113137e-02 
 8.973593e-01  8.091235e-02 
 8.974721e-01  8.067270e-02 
 8.975849e-01  8.042149e-02 
 8.976977e-01  8.016322e-02 
 8.978105e-01  7.989512e-02 
 8.979234e-01  7.961244e-02 
 8.980362e-01  7.931395e-02 
 8.981489e-01  7.900235e-02 
 8.982616e-01  7.868203e-02 
 8.983744e-01  7.836138e-02 
 8.984871e-01  7.805081e-02 
 8.985998e-01  7.776157e-02 
 8.987125e-01  7.749803e-02 
 8.988253e-01  7.725365e-02 
 8.989380e-01  7.701753e-02 
 8.990507e-01  7.678606e-02 
 8.991635e-01  7.656708e-02 
 8.992761e-01  7.637220e-02 
 8.993887e-01  7.624702e-02 
 8.995014e-01  7.610287e-02 
 8.996140e-01  7.597571e-02 
 8.997267e-01  7.586469e-02 
 8.998393e-01  7.577384e-02 
 8.999520e-01  7.570233e-02 
 9.000646e-01  7.564517e-02 
 9.001772e-01  7.559493e-02 
 9.002899e-01  7.555012e-02 
 9.004024e-01  7.551842e-02 
 9.005150e-01  7.550843e-02 
 9.006276e-01  7.551875e-02 
 9.007401e-01  7.553591e-02 
 9.008527e-01  7.554382e-02 
 9.009652e-01  7.553612e-02 
 9.010778e-01  7.552018e-02 
 9.011903e-01  7.550901e-02 
 9.013029e-01  7.550790e-02 
 9.014155e-01  7.550771e-02 
 9.015279e-01  7.549267e-02 
 9.016404e-01  7.545524e-02 
 9.017529e-01  7.540281e-02 
 9.018653e-01  7.534998e-02 
 9.019778e-01  7.530574e-02 
 9.020903e-01  7.527984e-02 
 9.022027e-01  7.523740e-02 
 9.023152e-01  7.519403e-02 
 9.024277e-01  7.514411e-02 
 9.025402e-01  7.508381e-02 
 9.026525e-01  7.501141e-02 
 9.027649e-01  7.492778e-02 
 9.028773e-01  7.483842e-02 
 9.029897e-01  7.475233e-02 
 9.031021e-01  7.467555e-02 
 9.032145e-01  7.460566e-02 
 9.033269e-01  7.453465e-02 
 9.034392e-01  7.445784e-02 
 9.035516e-01  7.437830e-02 
 9.036640e-01  7.430079e-02 
 9.037763e-01  7.422292e-02 
 9.038886e-01  7.413406e-02 
 9.040009e-01  7.402474e-02 
 9.041132e-01  7.389483e-02 
 9.042255e-01  7.375048e-02 
 9.043378e-01  7.359474e-02 
 9.044501e-01  7.342486e-02 
 9.045624e-01  7.323643e-02 
 9.046747e-01  7.303101e-02 
 9.047870e-01  7.281473e-02 
 9.048992e-01  7.259128e-02 
 9.050115e-01  7.235753e-02 
 9.051237e-01  7.210748e-02 
 9.052359e-01  7.183929e-02 
 9.053481e-01  7.155840e-02 
 9.054603e-01  7.127287e-02 
 9.055725e-01  7.098537e-02 
 9.056847e-01  7.069135e-02 
 9.057970e-01  7.038534e-02 
 9.059092e-01  7.006749e-02 
 9.060213e-01  6.974290e-02 
 9.061334e-01  6.941454e-02 
 9.062456e-01  6.908103e-02 
 9.063577e-01  6.874077e-02 
 9.064698e-01  6.839815e-02 
 9.065820e-01  6.806328e-02 
 9.066941e-01  6.774414e-02 
 9.068062e-01  6.744272e-02 
 9.069183e-01  6.715074e-02 
 9.070305e-01  6.685712e-02 
 9.071425e-01  6.656115e-02 
 9.072546e-01  6.627024e-02 
 9.073666e-01  6.599031e-02 
 9.074787e-01  6.571912e-02 
 9.075907e-01  6.544949e-02 
 9.077027e-01  6.517638e-02 
 9.078148e-01  6.489913e-02 
 9.079268e-01  6.461606e-02 
 9.080389e-01  6.432267e-02 
 9.081509e-01  6.401587e-02 
 9.082629e-01  6.362370e-02 
 9.083748e-01  6.331507e-02 
 9.084868e-01  6.299557e-02 
 9.085988e-01  6.266926e-02 
 9.087107e-01  6.234850e-02 
 9.088227e-01  6.204030e-02 
 9.089346e-01  6.173922e-02 
 9.090466e-01  6.143370e-02 
 9.091586e-01  6.111755e-02 
 9.092705e-01  6.079464e-02 
 9.093824e-01  6.047448e-02 
 9.094943e-01  6.016427e-02 
 9.096061e-01  5.986596e-02 
 9.097180e-01  5.957581e-02 
 9.098299e-01  5.928622e-02 
 9.099418e-01  5.898992e-02 
 9.100537e-01  5.868410e-02 
 9.101655e-01  5.837157e-02 
 9.102774e-01  5.805773e-02 
 9.103893e-01  5.774554e-02 
 9.105011e-01  5.743127e-02 
 9.106129e-01  5.710461e-02 
 9.107247e-01  5.675720e-02 
 9.108364e-01  5.639065e-02 
 9.109482e-01  5.601606e-02 
 9.110600e-01  5.567144e-02 
 9.111718e-01  5.527599e-02 
 9.112836e-01  5.490299e-02 
 9.113954e-01  5.451844e-02 
 9.115072e-01  5.412597e-02 
 9.116189e-01  5.373693e-02 
 9.117306e-01  5.335786e-02 
 9.118423e-01  5.298418e-02 
 9.119540e-01  5.260494e-02 
 9.120657e-01  5.226276e-02 
 9.121774e-01  5.188715e-02 
 9.122891e-01  5.150550e-02 
 9.124008e-01  5.111693e-02 
 9.125125e-01  5.072252e-02 
 9.126243e-01  5.032090e-02 
 9.127359e-01  4.990773e-02 
 9.128475e-01  4.947880e-02 
 9.129591e-01  4.903520e-02 
 9.130707e-01  4.858211e-02 
 9.131824e-01  4.803540e-02 
 9.132940e-01  4.756714e-02 
 9.134056e-01  4.718708e-02 
 9.135172e-01  4.670762e-02 
 9.136289e-01  4.622830e-02 
 9.137405e-01  4.575831e-02 
 9.138520e-01  4.530188e-02 
 9.139636e-01  4.485429e-02 
 9.140751e-01  4.440685e-02 
 9.141866e-01  4.395274e-02 
 9.142982e-01  4.348922e-02 
 9.144097e-01  4.301603e-02 
 9.145213e-01  4.253413e-02 
 9.146328e-01  4.204649e-02 
 9.147443e-01  4.155794e-02 
 9.148559e-01  4.107177e-02 
 9.149673e-01  4.058712e-02 
 9.150788e-01  4.009972e-02 
 9.151902e-01  3.960882e-02 
 9.153017e-01  3.911957e-02 
 9.154131e-01  3.863812e-02 
 9.155246e-01  3.816426e-02 
 9.156361e-01  3.769047e-02 
 9.157475e-01  3.720869e-02 
 9.158590e-01  3.671785e-02 
 9.159704e-01  3.622422e-02 
 9.160818e-01  3.573549e-02 
 9.161932e-01  3.525345e-02 
 9.163045e-01  3.477438e-02 
 9.164159e-01  3.429356e-02 
 9.165273e-01  3.380970e-02 
 9.166386e-01  3.332468e-02 
 9.167500e-01  3.283938e-02 
 9.168614e-01  3.229381e-02 
 9.169728e-01  3.177092e-02 
 9.170841e-01  3.123993e-02 
 9.171954e-01  3.069898e-02 
 9.173067e-01  3.014855e-02 
 9.174180e-01  2.959372e-02 
 9.175293e-01  2.904014e-02 
 9.176406e-01  2.848945e-02 
 9.177519e-01  2.793938e-02 
 9.178632e-01  2.738808e-02 
 9.179744e-01  2.683902e-02 
 9.180857e-01  2.630099e-02 
 9.181970e-01  2.578158e-02 
 9.183082e-01  2.528073e-02 
 9.184194e-01  2.479044e-02 
 9.185306e-01  2.430384e-02 
 9.186418e-01  2.381975e-02 
 9.187530e-01  2.333880e-02 
 9.188642e-01  2.285762e-02 
 9.189754e-01  2.236994e-02 
 9.190866e-01  2.187315e-02 
 9.191979e-01  2.137108e-02 
 9.193091e-01  2.086902e-02 
 9.194202e-01  2.036793e-02 
 9.195313e-01  1.986326e-02 
 9.196424e-01  1.935153e-02 
 9.197535e-01  1.883561e-02 
 9.198647e-01  1.832533e-02 
 9.199758e-01  1.783185e-02 
 9.200869e-01  1.735977e-02 
 9.201980e-01  1.690435e-02 
 9.203092e-01  1.645806e-02 
 9.204203e-01  1.602001e-02 
 9.205313e-01  1.559754e-02 
 9.206423e-01  1.519598e-02 
 9.207534e-01  1.478991e-02 
 9.208644e-01  1.439555e-02 
 9.209755e-01  1.401206e-02 
 9.210865e-01  1.364244e-02 
 9.211975e-01  1.328270e-02 
 9.213086e-01  1.292350e-02 
 9.214196e-01  1.255777e-02 
 9.215307e-01  1.218709e-02 
 9.216416e-01  1.182077e-02 
 9.217526e-01  1.146742e-02 
 9.218635e-01  1.112932e-02 
 9.219745e-01  1.080299e-02 
 9.220854e-01  1.048456e-02 
 9.221964e-01  1.017310e-02 
 9.223073e-01  9.868403e-03 
 9.224183e-01  9.566784e-03 
 9.225293e-01  9.259779e-03 
 9.226402e-01  8.938162e-03 
 9.227511e-01  8.552728e-03 
 9.228620e-01  8.199575e-03 
 9.229728e-01  7.838939e-03 
 9.230837e-01  7.471495e-03 
 9.231946e-01  7.096452e-03 
 9.233054e-01  6.712669e-03 
 9.234163e-01  6.319380e-03 
 9.235272e-01  5.913943e-03 
 9.236381e-01  5.521600e-03 
 9.237489e-01  5.066324e-03 
 9.238597e-01  4.589365e-03 
 9.239705e-01  4.093102e-03 
 9.240813e-01  3.579629e-03 
 9.241921e-01  3.052447e-03 
 9.243029e-01  2.517278e-03 
 9.244137e-01  1.978412e-03 
 9.245245e-01  1.434694e-03 
 9.246353e-01  8.817733e-04 
 9.247460e-01  3.189763e-04 
 9.248568e-01 -2.486083e-04 
 9.249675e-01 -8.164757e-04 
 9.250783e-01 -1.389703e-03 
 9.251890e-01 -1.979588e-03 
 9.252997e-01 -2.593434e-03 
 9.254104e-01 -3.225657e-03 
 9.255211e-01 -3.876439e-03 
 9.256318e-01 -4.543598e-03 
 9.257425e-01 -5.225703e-03 
 9.258532e-01 -5.922176e-03 
 9.259639e-01 -6.630862e-03 
 9.260745e-01 -7.332753e-03 
 9.261852e-01 -8.052124e-03 
 9.262958e-01 -8.764798e-03 
 9.264064e-01 -9.474727e-03 
 9.265170e-01 -1.019280e-02 
 9.266277e-01 -1.093154e-02 
 9.267383e-01 -1.169653e-02 
 9.268489e-01 -1.248232e-02 
 9.269596e-01 -1.327813e-02 
 9.270702e-01 -1.407812e-02 
 9.271807e-01 -1.488504e-02 
 9.272913e-01 -1.570639e-02 
 9.274018e-01 -1.654410e-02 
 9.275124e-01 -1.739257e-02 
 9.276229e-01 -1.824322e-02 
 9.277334e-01 -1.908939e-02 
 9.278440e-01 -1.992698e-02 
 9.279545e-01 -2.075362e-02 
 9.280651e-01 -2.156938e-02 
 9.281756e-01 -2.237747e-02 
 9.282861e-01 -2.318138e-02 
 9.283965e-01 -2.398198e-02 
 9.285070e-01 -2.477400e-02 
 9.286175e-01 -2.555154e-02 
 9.287279e-01 -2.631559e-02 
 9.288384e-01 -2.707565e-02 
 9.289488e-01 -2.784286e-02 
 9.290593e-01 -2.862154e-02 
 9.291698e-01 -2.940810e-02 
 9.292802e-01 -3.019703e-02 
 9.293906e-01 -3.098526e-02 
 9.295010e-01 -3.177250e-02 
 9.296114e-01 -3.255527e-02 
 9.297218e-01 -3.332796e-02 
 9.298321e-01 -3.408813e-02 
 9.299425e-01 -3.483944e-02 
 9.300529e-01 -3.558822e-02 
 9.301633e-01 -3.633817e-02 
 9.302737e-01 -3.708867e-02 
 9.303840e-01 -3.783651e-02 
 9.304943e-01 -3.857666e-02 
 9.306046e-01 -3.930471e-02 
 9.307149e-01 -4.001809e-02 
 9.308252e-01 -4.071947e-02 
 9.309355e-01 -4.141458e-02 
 9.310458e-01 -4.210518e-02 
 9.311561e-01 -4.278563e-02 
 9.312664e-01 -4.344805e-02 
 9.313767e-01 -4.409069e-02 
 9.314870e-01 -4.471918e-02 
 9.315972e-01 -4.533803e-02 
 9.317075e-01 -4.595307e-02 
 9.318177e-01 -4.656508e-02 
 9.319279e-01 -4.717118e-02 
 9.320381e-01 -4.776839e-02 
 9.321483e-01 -4.835564e-02 
 9.322585e-01 -4.893278e-02 
 9.323688e-01 -4.949841e-02 
 9.324790e-01 -5.005014e-02 
 9.325892e-01 -5.058884e-02 
 9.326993e-01 -5.112197e-02 
 9.328095e-01 -5.166213e-02 
 9.329196e-01 -5.221750e-02 
 9.330297e-01 -5.278654e-02 
 9.331399e-01 -5.336132e-02 
 9.332500e-01 -5.393650e-02 
 9.333602e-01 -5.451403e-02 
 9.334703e-01 -5.509902e-02 
 9.335804e-01 -5.569246e-02 
 9.336906e-01 -5.628881e-02 
 9.338006e-01 -5.687980e-02 
 9.339107e-01 -5.746169e-02 
 9.340207e-01 -5.803564e-02 
 9.341308e-01 -5.860502e-02 
 9.342408e-01 -5.917134e-02 
 9.343509e-01 -5.973335e-02 
 9.344609e-01 -6.028991e-02 
 9.345710e-01 -6.084307e-02 
 9.346811e-01 -6.139757e-02 
 9.347911e-01 -6.195680e-02 
 9.349011e-01 -6.251811e-02 
 9.350111e-01 -6.307380e-02 
 9.351210e-01 -6.361421e-02 
 9.352310e-01 -6.413412e-02 
 9.353410e-01 -6.463646e-02 
 9.354510e-01 -6.513036e-02 
 9.355609e-01 -6.562468e-02 
 9.356709e-01 -6.612162e-02 
 9.357809e-01 -6.661687e-02 
 9.358909e-01 -6.710623e-02 
 9.360008e-01 -6.759119e-02 
 9.361106e-01 -6.807857e-02 
 9.362205e-01 -6.857347e-02 
 9.363304e-01 -6.907675e-02 
 9.364403e-01 -6.958724e-02 
 9.365502e-01 -7.010334e-02 
 9.366601e-01 -7.062056e-02 
 9.367700e-01 -7.112978e-02 
 9.368799e-01 -7.162250e-02 
 9.369898e-01 -7.209784e-02 
 9.370996e-01 -7.256174e-02 
 9.372094e-01 -7.302071e-02 
 9.373192e-01 -7.347651e-02 
 9.374290e-01 -7.392976e-02 
 9.375389e-01 -7.438389e-02 
 9.376487e-01 -7.484294e-02 
 9.377585e-01 -7.530640e-02 
 9.378683e-01 -7.576931e-02 
 9.379781e-01 -7.622788e-02 
 9.380879e-01 -7.668278e-02 
 9.381977e-01 -7.713529e-02 
 9.383074e-01 -7.758321e-02 
 9.384171e-01 -7.802002e-02 
 9.385269e-01 -7.843994e-02 
 9.386366e-01 -7.884100e-02 
 9.387463e-01 -7.922408e-02 
 9.388561e-01 -7.959146e-02 
 9.389658e-01 -7.994727e-02 
 9.390755e-01 -8.029796e-02 
 9.391853e-01 -8.065005e-02 
 9.392949e-01 -8.100592e-02 
 9.394046e-01 -8.136291e-02 
 9.395142e-01 -8.171501e-02 
 9.396239e-01 -8.205790e-02 
 9.397335e-01 -8.239209e-02 
 9.398432e-01 -8.272201e-02 
 9.399528e-01 -8.305200e-02 
 9.400625e-01 -8.338338e-02 
 9.401721e-01 -8.371516e-02 
 9.402818e-01 -8.400630e-02 
 9.403913e-01 -8.435664e-02 
 9.405009e-01 -8.470614e-02 
 9.406105e-01 -8.506112e-02 
 9.407201e-01 -8.540385e-02 
 9.408296e-01 -8.574369e-02 
 9.409392e-01 -8.607843e-02 
 9.410488e-01 -8.640777e-02 
 9.411584e-01 -8.673267e-02 
 9.412679e-01 -8.705379e-02 
 9.413775e-01 -8.737002e-02 
 9.414870e-01 -8.767769e-02 
 9.415965e-01 -8.797344e-02 
 9.417060e-01 -8.825700e-02 
 9.418155e-01 -8.853281e-02 
 9.419250e-01 -8.880812e-02 
 9.420344e-01 -8.908953e-02 
 9.421439e-01 -8.938073e-02 
 9.422534e-01 -8.968213e-02 
 9.423629e-01 -8.999204e-02 
 9.424724e-01 -9.030872e-02 
 9.425818e-01 -9.063136e-02 
 9.426912e-01 -9.096041e-02 
 9.428007e-01 -9.129642e-02 
 9.429101e-01 -9.164137e-02 
 9.430195e-01 -9.200014e-02 
 9.431289e-01 -9.237826e-02 
 9.432383e-01 -9.277603e-02 
 9.433477e-01 -9.318556e-02 
 9.434571e-01 -9.359633e-02 
 9.435665e-01 -9.400415e-02 
 9.436759e-01 -9.441284e-02 
 9.437852e-01 -9.482733e-02 
 9.438945e-01 -9.524483e-02 
 9.440039e-01 -9.565658e-02 
 9.441132e-01 -9.605602e-02 
 9.442225e-01 -9.644328e-02 
 9.443319e-01 -9.682146e-02 
 9.444412e-01 -9.719166e-02 
 9.445505e-01 -9.755292e-02 
 9.446599e-01 -9.790567e-02 
 9.447691e-01 -9.825242e-02 
 9.448784e-01 -9.859601e-02 
 9.449876e-01 -9.893699e-02 
 9.450969e-01 -9.926262e-02 
 9.452061e-01 -9.961506e-02 
 9.453154e-01 -9.995939e-02 
 9.454246e-01 -1.003104e-01 
 9.455339e-01 -1.006637e-01 
 9.456431e-01 -1.010112e-01 
 9.457524e-01 -1.013634e-01 
 9.458872e-01 -1.017705e-01 
 9.460402e-01 -1.021988e-01 
 9.461931e-01 -1.026119e-01 
 9.463460e-01 -1.030225e-01 
 9.464990e-01 -1.034272e-01 
 9.466519e-01 -1.038198e-01 
 9.468048e-01 -1.041997e-01 
 9.469578e-01 -1.045747e-01 
 9.471107e-01 -1.049535e-01 
 9.472637e-01 -1.053340e-01 
 9.474164e-01 -1.057070e-01 
 9.475692e-01 -1.060653e-01 
 9.477220e-01 -1.064069e-01 
 9.478748e-01 -1.067350e-01 
 9.480276e-01 -1.070460e-01 
 9.481804e-01 -1.073252e-01 
 9.483331e-01 -1.075642e-01 
 9.484859e-01 -1.077683e-01 
 9.486387e-01 -1.079451e-01 
 9.487915e-01 -1.080994e-01 
 9.489441e-01 -1.082292e-01 
 9.490968e-01 -1.083278e-01 
 9.492494e-01 -1.084022e-01 
 9.494020e-01 -1.084712e-01 
 9.495547e-01 -1.085380e-01 
 9.497073e-01 -1.085929e-01 
 9.498599e-01 -1.086330e-01 
 9.500126e-01 -1.086576e-01 
 9.501652e-01 -1.086616e-01 
 9.503178e-01 -1.086395e-01 
 9.504703e-01 -1.085863e-01 
 9.506228e-01 -1.085007e-01 
 9.507753e-01 -1.083895e-01 
 9.509278e-01 -1.082612e-01 
 9.510802e-01 -1.081225e-01 
 9.512327e-01 -1.079833e-01 
 9.513852e-01 -1.078516e-01 
 9.515377e-01 -1.077257e-01 
 9.516902e-01 -1.075945e-01 
 9.518426e-01 -1.074476e-01 
 9.519950e-01 -1.072906e-01 
 9.521473e-01 -1.071364e-01 
 9.522996e-01 -1.069807e-01 
 9.524520e-01 -1.068081e-01 
 9.526043e-01 -1.066157e-01 
 9.527566e-01 -1.064081e-01 
 9.529090e-01 -1.061892e-01 
 9.530613e-01 -1.059678e-01 
 9.532136e-01 -1.057526e-01 
 9.533659e-01 -1.055486e-01 
 9.535181e-01 -1.053609e-01 
 9.536703e-01 -1.051859e-01 
 9.538225e-01 -1.050130e-01 
 9.539747e-01 -1.048456e-01 
 9.541268e-01 -1.047003e-01 
 9.542790e-01 -1.045855e-01 
 9.544312e-01 -1.044929e-01 
 9.545834e-01 -1.044050e-01 
 9.547356e-01 -1.043124e-01 
 9.548877e-01 -1.042237e-01 
 9.550398e-01 -1.041455e-01 
 9.551918e-01 -1.040651e-01 
 9.553438e-01 -1.039715e-01 
 9.554959e-01 -1.038652e-01 
 9.556479e-01 -1.037448e-01 
 9.557999e-01 -1.036124e-01 
 9.559519e-01 -1.034835e-01 
 9.561040e-01 -1.033743e-01 
 9.562560e-01 -1.032913e-01 
 9.564080e-01 -1.032328e-01 
 9.565599e-01 -1.031928e-01 
 9.567118e-01 -1.031690e-01 
 9.568637e-01 -1.031619e-01 
 9.570155e-01 -1.031613e-01 
 9.571674e-01 -1.031522e-01 
 9.573193e-01 -1.031293e-01 
 9.574712e-01 -1.030921e-01 
 9.576231e-01 -1.030370e-01 
 9.577749e-01 -1.029588e-01 
 9.579268e-01 -1.028538e-01 
 9.580785e-01 -1.027252e-01 
 9.582303e-01 -1.025825e-01 
 9.583820e-01 -1.024289e-01 
 9.585337e-01 -1.022600e-01 
 9.586854e-01 -1.020746e-01 
 9.588372e-01 -1.018745e-01 
 9.589889e-01 -1.016611e-01 
 9.591406e-01 -1.014341e-01 
 9.592924e-01 -1.011901e-01 
 9.594441e-01 -1.009283e-01 
 9.595957e-01 -1.006568e-01 
 9.597472e-01 -1.003801e-01 
 9.598988e-01 -1.000937e-01 
 9.600504e-01 -9.979239e-02 
 9.602020e-01 -9.946981e-02 
 9.603536e-01 -9.911757e-02 
 9.605051e-01 -9.873493e-02 
 9.606567e-01 -9.832368e-02 
 9.608083e-01 -9.788030e-02 
 9.609599e-01 -9.740673e-02 
 9.611113e-01 -9.691458e-02 
 9.612627e-01 -9.641231e-02 
 9.614142e-01 -9.590796e-02 
 9.615656e-01 -9.541339e-02 
 9.617170e-01 -9.493822e-02 
 9.618684e-01 -9.448579e-02 
 9.620199e-01 -9.405103e-02 
 9.621713e-01 -9.361882e-02 
 9.623227e-01 -9.317363e-02 
 9.624742e-01 -9.271164e-02 
 9.626254e-01 -9.224272e-02 
 9.627767e-01 -9.178084e-02 
 9.629280e-01 -9.133019e-02 
 9.630793e-01 -9.088146e-02 
 9.632306e-01 -9.043239e-02 
 9.633818e-01 -8.999649e-02 
 9.635331e-01 -8.958355e-02 
 9.636844e-01 -8.918842e-02 
 9.638357e-01 -8.879882e-02 
 9.639870e-01 -8.840250e-02 
 9.641381e-01 -8.799476e-02 
 9.642892e-01 -8.757924e-02 
 9.644403e-01 -8.715669e-02 
 9.645915e-01 -8.672087e-02 
 9.647426e-01 -8.626692e-02 
 9.648937e-01 -8.578959e-02 
 9.650449e-01 -8.528105e-02 
 9.651960e-01 -8.473850e-02 
 9.653471e-01 -8.416530e-02 
 9.654983e-01 -8.356588e-02 
 9.656492e-01 -8.294530e-02 
 9.658002e-01 -8.230529e-02 
 9.659512e-01 -8.164834e-02 
 9.661022e-01 -8.098727e-02 
 9.662532e-01 -8.033403e-02 
 9.664042e-01 -7.968566e-02 
 9.665551e-01 -7.903506e-02 
 9.667061e-01 -7.838043e-02 
 9.668571e-01 -7.771979e-02 
 9.670081e-01 -7.705023e-02 
 9.671589e-01 -7.636832e-02 
 9.673098e-01 -7.566628e-02 
 9.674606e-01 -7.494190e-02 
 9.676114e-01 -7.419911e-02 
 9.677623e-01 -7.343689e-02 
 9.679131e-01 -7.265301e-02 
 9.680639e-01 -7.185393e-02 
 9.682148e-01 -7.104636e-02 
 9.683656e-01 -7.022730e-02 
 9.685164e-01 -6.938835e-02 
 9.686671e-01 -6.852468e-02 
 9.688178e-01 -6.763782e-02 
 9.689685e-01 -6.673681e-02 
 9.691192e-01 -6.582733e-02 
 9.692699e-01 -6.490410e-02 
 9.694206e-01 -6.395709e-02 
 9.695712e-01 -6.298601e-02 
 9.697219e-01 -6.200530e-02 
 9.698726e-01 -6.102579e-02 
 9.700233e-01 -6.003535e-02 
 9.701738e-01 -5.901566e-02 
 9.703244e-01 -5.796318e-02 
 9.704749e-01 -5.688653e-02 
 9.706255e-01 -5.579345e-02 
 9.707760e-01 -5.469181e-02 
 9.709265e-01 -5.358539e-02 
 9.710771e-01 -5.247023e-02 
 9.712276e-01 -5.134699e-02 
 9.713782e-01 -5.022679e-02 
 9.715287e-01 -4.911796e-02 
 9.716791e-01 -4.801960e-02 
 9.718295e-01 -4.692666e-02 
 9.719799e-01 -4.583953e-02 
 9.721303e-01 -4.475655e-02 
 9.722807e-01 -4.366846e-02 
 9.724311e-01 -4.257040e-02 
 9.725815e-01 -4.147356e-02 
 9.727318e-01 -4.039030e-02 
 9.728822e-01 -3.931564e-02 
 9.730326e-01 -3.823757e-02 
 9.731829e-01 -3.715776e-02 
 9.733331e-01 -3.608852e-02 
 9.734834e-01 -3.504186e-02 
 9.736336e-01 -3.401413e-02 
 9.737839e-01 -3.298877e-02 
 9.739341e-01 -3.195465e-02 
 9.740844e-01 -3.091110e-02 
 9.742346e-01 -2.985689e-02 
 9.743848e-01 -2.879049e-02 
 9.745351e-01 -2.771618e-02 
 9.746852e-01 -2.663739e-02 
 9.748353e-01 -2.554818e-02 
 9.749854e-01 -2.444790e-02 
 9.751355e-01 -2.334265e-02 
 9.752856e-01 -2.221946e-02 
 9.754357e-01 -2.106318e-02 
 9.755858e-01 -1.989972e-02 
 9.757359e-01 -1.870921e-02 
 9.758860e-01 -1.749782e-02 
 9.760361e-01 -1.627361e-02 
 9.761861e-01 -1.504270e-02 
 9.763360e-01 -1.380928e-02 
 9.764860e-01 -1.257591e-02 
 9.766359e-01 -1.133816e-02 
 9.767859e-01 -1.009119e-02 
 9.769358e-01 -8.833022e-03 
 9.770858e-01 -7.563060e-03 
 9.772357e-01 -6.285001e-03 
 9.773857e-01 -5.002442e-03 
 9.775356e-01 -3.712319e-03 
 9.776854e-01 -2.420044e-03 
 9.778353e-01 -1.115333e-03 
 9.779851e-01  2.047281e-04 
 9.781349e-01  1.541011e-03 
 9.782847e-01  2.893742e-03 
 9.784345e-01  4.264163e-03 
 9.785843e-01  5.650201e-03 
 9.787341e-01  7.044384e-03 
 9.788839e-01  8.440032e-03 
 9.790337e-01  9.837466e-03 
 9.791834e-01  1.124186e-02 
 9.793331e-01  1.266183e-02 
 9.794827e-01  1.409913e-02 
 9.796324e-01  1.554976e-02 
 9.797820e-01  1.700936e-02 
 9.799317e-01  1.847438e-02 
 9.800814e-01  1.993861e-02 
 9.802310e-01  2.139320e-02 
 9.803807e-01  2.283114e-02 
 9.805304e-01  2.424891e-02 
 9.806799e-01  2.564396e-02 
 9.808294e-01  2.701847e-02 
 9.809789e-01  2.837501e-02 
 9.811284e-01  2.971758e-02 
 9.812780e-01  3.105026e-02 
 9.814275e-01  3.237594e-02 
 9.815770e-01  3.369738e-02 
 9.817265e-01  3.501744e-02 
 9.818760e-01  3.633926e-02 
 9.820255e-01  3.766747e-02 
 9.821749e-01  3.899852e-02 
 9.823243e-01  4.031665e-02 
 9.824737e-01  4.160956e-02 
 9.826230e-01  4.289037e-02 
 9.827724e-01  4.417611e-02 
 9.829218e-01  4.545788e-02 
 9.830712e-01  4.671621e-02 
 9.832205e-01  4.795189e-02 
 9.833699e-01  4.917934e-02 
 9.835193e-01  5.040122e-02 
 9.836685e-01  5.160665e-02 
 9.838177e-01  5.279336e-02 
 9.839670e-01  5.396898e-02 
 9.841162e-01  5.513937e-02 
 9.842654e-01  5.630248e-02 
 9.844147e-01  5.745893e-02 
 9.845639e-01  5.861635e-02 
 9.847131e-01  5.977681e-02 
 9.848623e-01  6.093070e-02 
 9.850116e-01  6.206895e-02 
 9.851607e-01  6.318934e-02 
 9.853097e-01  6.428944e-02 
 9.854588e-01  6.535798e-02 
 9.856079e-01  6.638968e-02 
 9.857570e-01  6.740082e-02 
 9.859061e-01  6.841699e-02 
 9.860552e-01  6.944611e-02 
 9.862043e-01  7.048668e-02 
 9.863533e-01  7.154994e-02 
 9.865024e-01  7.264429e-02 
 9.866514e-01  7.375024e-02 
 9.868003e-01  7.484916e-02 
 9.869492e-01  7.595223e-02 
 9.870982e-01  7.703116e-02 
 9.872471e-01  7.807556e-02 
 9.873961e-01  7.911720e-02 
 9.875450e-01  8.011224e-02 
 9.876940e-01  8.110239e-02 
 9.878429e-01  8.209513e-02 
 9.879918e-01  8.308414e-02 
 9.881406e-01  8.407056e-02 
 9.882894e-01  8.507993e-02 
 9.884382e-01  8.606836e-02 
 9.885870e-01  8.706506e-02 
 9.887358e-01  8.807034e-02 
 9.888846e-01  8.907049e-02 
 9.890334e-01  9.004804e-02 
 9.891822e-01  9.099789e-02 
 9.893310e-01  9.192605e-02 
 9.894798e-01  9.283269e-02 
 9.896285e-01  9.371094e-02 
 9.897771e-01  9.456508e-02 
 9.899258e-01  9.540912e-02 
 9.900745e-01  9.625368e-02 
 9.902231e-01  9.709825e-02 
 9.903718e-01  9.793548e-02 
 9.905204e-01  9.875700e-02 
 9.906691e-01  9.955279e-02 
 9.908177e-01  1.003185e-01 
 9.909664e-01  1.010670e-01 
 9.911149e-01  1.018106e-01 
 9.912634e-01  1.025402e-01 
 9.914119e-01  1.032489e-01 
 9.915604e-01  1.039617e-01 
 9.917090e-01  1.047028e-01 
 9.918575e-01  1.054631e-01 
 9.920060e-01  1.062251e-01 
 9.921545e-01  1.069885e-01 
 9.923030e-01  1.077571e-01 
 9.924515e-01  1.085300e-01 
 9.925999e-01  1.093067e-01 
 9.927483e-01  1.100839e-01 
 9.928966e-01  1.108533e-01 
 9.930450e-01  1.116160e-01 
 9.931934e-01  1.123821e-01 
 9.933418e-01  1.131546e-01 
 9.934901e-01  1.139228e-01 
 9.936385e-01  1.146788e-01 
 9.937869e-01  1.154274e-01 
 9.939352e-01  1.161759e-01 
 9.940835e-01  1.169230e-01 
 9.942317e-01  1.176701e-01 
 9.943799e-01  1.184214e-01 
 9.945282e-01  1.191732e-01 
 9.946764e-01  1.199212e-01 
 9.948246e-01  1.206667e-01 
 9.949728e-01  1.214053e-01 
 9.951211e-01  1.221314e-01 
 9.952693e-01  1.228543e-01 
 9.954175e-01  1.235862e-01 
 9.955656e-01  1.243152e-01 
 9.957137e-01  1.250267e-01 
 9.958618e-01  1.257338e-01 
 9.960099e-01  1.264571e-01 
 9.961580e-01  1.271905e-01 
 9.963061e-01  1.279150e-01 
 9.964542e-01  1.286271e-01 
 9.966022e-01  1.293338e-01 
 9.967503e-01  1.300367e-01 
 9.968984e-01  1.307353e-01 
 9.970464e-01  1.314331e-01 
 9.971943e-01  1.321305e-01 
 9.973423e-01  1.328180e-01 
 9.974902e-01  1.334912e-01 
 9.976382e-01  1.341575e-01 
 9.977861e-01  1.348186e-01 
 9.979340e-01  1.354666e-01 
 9.980820e-01  1.361070e-01 
 9.982299e-01  1.367577e-01 
 9.983779e-01  1.374176e-01 
 9.985257e-01  1.380642e-01 
 9.986735e-01  1.386925e-01 
 9.988213e-01  1.393157e-01 
 9.989691e-01  1.399363e-01 
 9.991169e-01  1.405438e-01 
 9.992647e-01  1.411323e-01 
 9.994125e-01  1.416989e-01 
 9.995603e-01  1.422428e-01 
 9.997081e-01  1.427727e-01 
 9.998559e-01  1.432975e-01 
 1.000004e+00  1.438121e-01 
 1.000151e+00  1.443088e-01 
 1.000299e+00  1.447893e-01 
 1.000447e+00  1.452603e-01 
 1.000594e+00  1.457209e-01 
 1.000742e+00  1.461654e-01 
 1.000890e+00  1.465933e-01 
 1.001037e+00  1.470088e-01 
 1.001185e+00  1.474121e-01 
 1.001333e+00  1.478011e-01 
 1.001480e+00  1.481796e-01 
 1.001628e+00  1.485544e-01 
 1.001775e+00  1.489283e-01 
 1.001923e+00  1.493056e-01 
 1.002070e+00  1.496906e-01 
 1.002218e+00  1.500799e-01 
 1.002365e+00  1.504684e-01 
 1.002513e+00  1.508582e-01 
 1.002660e+00  1.512488e-01 
 1.002808e+00  1.516341e-01 
 1.002955e+00  1.520156e-01 
 1.003103e+00  1.524007e-01 
 1.003250e+00  1.527880e-01 
 1.003397e+00  1.531735e-01 
 1.003545e+00  1.535628e-01 
 1.003692e+00  1.539654e-01 
 1.003840e+00  1.543846e-01 
 1.003987e+00  1.548150e-01 
 1.004134e+00  1.552472e-01 
 1.004282e+00  1.556738e-01 
 1.004429e+00  1.560947e-01 
 1.004576e+00  1.565187e-01 
 1.004723e+00  1.569547e-01 
 1.004871e+00  1.574022e-01 
 1.005018e+00  1.578560e-01 
 1.005165e+00  1.583249e-01 
 1.005312e+00  1.588298e-01 
 1.005460e+00  1.593766e-01 
 1.005607e+00  1.599461e-01 
 1.005754e+00  1.605227e-01 
 1.005939e+00  1.612647e-01 
 1.006241e+00  1.625185e-01 
 1.006647e+00  1.641877e-01 
 1.007054e+00  1.658515e-01 
 1.007461e+00  1.675266e-01 
 1.007868e+00  1.692781e-01 
 1.008275e+00  1.711195e-01 
 1.008682e+00  1.728860e-01 
 1.009089e+00  1.745675e-01 
 1.009496e+00  1.761943e-01 
 1.009903e+00  1.778269e-01 
 1.010310e+00  1.794324e-01 
 1.010717e+00  1.809997e-01 
 1.011124e+00  1.823133e-01 
 1.011532e+00  1.835380e-01 
 1.011939e+00  1.846794e-01 
 1.012346e+00  1.858258e-01 
 1.012753e+00  1.870655e-01 
 1.013160e+00  1.884192e-01 
 1.013567e+00  1.898844e-01 
 1.013974e+00  1.914307e-01 
 1.014381e+00  1.930071e-01 
 1.014788e+00  1.945363e-01 
 1.015195e+00  1.960729e-01 
 1.015602e+00  1.976540e-01 
 1.016009e+00  1.993094e-01 
 1.016416e+00  2.010947e-01 
 1.016823e+00  2.029541e-01 
 1.017231e+00  2.048392e-01 
 1.017638e+00  2.067162e-01 
 1.018045e+00  2.085942e-01 
 1.018452e+00  2.103837e-01 
 1.018859e+00  2.121003e-01 
 1.019266e+00  2.137545e-01 
 1.019673e+00  2.154258e-01 
 1.020080e+00  2.171278e-01 
 1.020487e+00  2.188313e-01 
 1.020895e+00  2.205097e-01 
 1.021302e+00  2.222034e-01 
 1.021709e+00  2.238821e-01 
 1.022116e+00  2.254923e-01 
 1.022523e+00  2.270624e-01 
 1.022930e+00  2.286811e-01 
 1.023337e+00  2.303367e-01 
 1.023745e+00  2.320303e-01 
 1.024152e+00  2.338084e-01 
 1.024559e+00  2.356690e-01 
 1.024966e+00  2.375508e-01 
 1.025373e+00  2.394456e-01 
 1.025780e+00  2.413967e-01 
 1.026187e+00  2.433809e-01 
 1.026595e+00  2.453385e-01 
 1.027002e+00  2.472668e-01 
 1.027409e+00  2.491683e-01 
 1.027816e+00  2.510528e-01 
 1.028223e+00  2.528362e-01 
 1.028631e+00  2.544574e-01 
 1.029038e+00  2.559547e-01 
 1.029445e+00  2.573376e-01 
 1.029852e+00  2.586273e-01 
 1.030259e+00  2.598704e-01 
 1.030666e+00  2.611256e-01 
 1.031074e+00  2.624012e-01 
 1.031481e+00  2.637143e-01 
 1.031888e+00  2.650905e-01 
 1.032295e+00  2.665150e-01 
 1.032702e+00  2.680071e-01 
 1.033109e+00  2.695669e-01 
 1.033516e+00  2.711420e-01 
 1.033924e+00  2.726869e-01 
 1.034331e+00  2.741817e-01 
 1.034738e+00  2.757244e-01 
 1.035145e+00  2.772056e-01 
 1.035552e+00  2.787655e-01 
 1.035959e+00  2.804694e-01 
 1.036367e+00  2.822867e-01 
 1.036774e+00  2.841163e-01 
 1.037181e+00  2.861164e-01 
 1.037588e+00  2.881584e-01 
 1.037995e+00  2.901755e-01 
 1.038402e+00  2.921585e-01 
 1.038810e+00  2.941083e-01 
 1.039217e+00  2.960300e-01 
 1.039624e+00  2.979414e-01 
 1.040031e+00  2.998412e-01 
 1.040439e+00  3.016904e-01 
 1.040846e+00  3.034827e-01 
 1.041253e+00  3.052793e-01 
 1.041660e+00  3.070445e-01 
 1.042068e+00  3.087234e-01 
 1.042475e+00  3.102913e-01 
 1.042882e+00  3.117456e-01 
 1.043289e+00  3.131222e-01 
 1.043696e+00  3.144426e-01 
 1.044104e+00  3.157547e-01 
 1.044511e+00  3.170400e-01 
 1.044918e+00  3.182971e-01 
 1.045325e+00  3.196519e-01 
 1.045733e+00  3.209106e-01 
 1.046140e+00  3.221171e-01 
 1.046547e+00  3.232176e-01 
 1.046954e+00  3.242405e-01 
 1.047361e+00  3.252093e-01 
 1.047769e+00  3.261826e-01 
 1.048176e+00  3.271700e-01 
 1.048583e+00  3.280955e-01 
 1.048990e+00  3.289939e-01 
 1.049397e+00  3.298913e-01 
 1.049805e+00  3.307860e-01 
 1.050212e+00  3.316769e-01 
 1.050619e+00  3.326175e-01 
 1.051026e+00  3.336288e-01 
 1.051434e+00  3.346104e-01 
 1.051841e+00  3.355144e-01 
 1.052248e+00  3.363784e-01 
 1.052655e+00  3.372334e-01 
 1.053062e+00  3.381088e-01 
 1.053470e+00  3.389936e-01 
 1.053877e+00  3.398523e-01 
 1.054284e+00  3.406897e-01 
 1.054691e+00  3.414280e-01 
 1.055098e+00  3.420152e-01 
 1.055506e+00  3.424530e-01 
 1.055913e+00  3.427591e-01 
 1.056320e+00  3.429197e-01 
 1.056727e+00  3.429436e-01 
 1.057134e+00  3.428189e-01 
 1.057542e+00  3.425194e-01 
 1.057949e+00  3.420865e-01 
 1.058356e+00  3.415899e-01 
 1.058763e+00  3.410327e-01 
 1.059171e+00  3.403752e-01 
 1.059578e+00  3.395890e-01 
 1.059985e+00  3.387356e-01 
 1.060392e+00  3.378632e-01 
 1.060799e+00  3.369300e-01 
 1.061207e+00  3.358787e-01 
 1.061614e+00  3.346947e-01 
 1.062021e+00  3.334178e-01 
 1.062428e+00  3.320740e-01 
 1.062836e+00  3.306927e-01 
 1.063243e+00  3.292733e-01 
 1.063650e+00  3.278335e-01 
 1.064057e+00  3.263939e-01 
 1.064465e+00  3.249295e-01 
 1.064872e+00  3.233944e-01 
 1.065279e+00  3.217559e-01 
 1.065687e+00  3.199530e-01 
 1.066094e+00  3.179620e-01 
 1.066501e+00  3.157928e-01 
 1.066908e+00  3.134909e-01 
 1.067316e+00  3.111036e-01 
 1.067723e+00  3.086736e-01 
 1.068130e+00  3.061828e-01 
 1.068538e+00  3.035781e-01 
 1.068945e+00  3.008197e-01 
 1.069352e+00  2.979865e-01 
 1.069759e+00  2.951719e-01 
 1.070167e+00  2.923981e-01 
 1.070574e+00  2.896146e-01 
 1.070981e+00  2.867856e-01 
 1.071389e+00  2.838868e-01 
 1.071796e+00  2.808955e-01 
 1.072203e+00  2.778262e-01 
 1.072611e+00  2.747167e-01 
 1.073018e+00  2.715102e-01 
 1.073425e+00  2.682869e-01 
 1.073832e+00  2.649971e-01 
 1.074240e+00  2.615870e-01 
 1.074647e+00  2.580755e-01 
 1.075054e+00  2.544642e-01 
 1.075462e+00  2.507817e-01 
 1.075869e+00  2.471362e-01 
 1.076276e+00  2.435518e-01 
 1.076683e+00  2.399420e-01 
 1.077091e+00  2.361555e-01 
 1.077498e+00  2.322774e-01 
 1.077905e+00  2.284397e-01 
 1.078312e+00  2.245836e-01 
 1.078720e+00  2.206196e-01 
 1.079127e+00  2.166134e-01 
 1.079534e+00  2.126170e-01 
 1.079941e+00  2.087385e-01 
 1.080348e+00  2.050678e-01 
 1.080756e+00  2.013945e-01 
 1.081163e+00  1.979177e-01 
 1.081570e+00  1.945957e-01 
 1.081977e+00  1.912887e-01 
 1.082384e+00  1.879712e-01 
 1.082792e+00  1.845803e-01 
 1.083199e+00  1.811548e-01 
 1.083606e+00  1.777039e-01 
 1.084013e+00  1.741572e-01 
 1.084421e+00  1.705079e-01 
 1.084828e+00  1.667988e-01 
 1.085235e+00  1.630959e-01 
 1.085642e+00  1.594232e-01 
 1.086049e+00  1.557063e-01 
 1.086457e+00  1.519241e-01 
 1.086864e+00  1.481082e-01 
 1.087271e+00  1.442006e-01 
 1.087678e+00  1.402080e-01 
 1.088086e+00  1.361764e-01 
 1.088493e+00  1.321930e-01 
 1.088900e+00  1.282235e-01 
 1.089307e+00  1.243110e-01 
 1.089715e+00  1.203985e-01 
 1.090122e+00  1.165214e-01 
 1.090529e+00  1.126410e-01 
 1.090936e+00  1.088389e-01 
 1.091343e+00  1.051153e-01 
 1.091751e+00  1.014438e-01 
 1.092158e+00  9.781460e-02 
 1.092565e+00  9.416319e-02 
 1.092972e+00  9.055475e-02 
 1.093379e+00  8.702437e-02 
 1.093786e+00  8.355467e-02 
 1.094193e+00  8.011238e-02 
 1.094601e+00  7.675546e-02 
 1.095008e+00  7.346442e-02 
 1.095415e+00  7.016688e-02 
 1.095822e+00  6.680906e-02 
 1.096229e+00  6.339497e-02 
 1.096636e+00  6.000759e-02 
 1.097043e+00  5.668922e-02 
 1.097451e+00  5.338023e-02 
 1.097858e+00  5.003896e-02 
 1.098265e+00  4.667647e-02 
 1.098672e+00  4.334647e-02 
 1.099079e+00  4.011277e-02 
 1.099487e+00  3.703242e-02 
 1.099894e+00  3.407969e-02 
 1.100301e+00  3.116686e-02 
 1.100708e+00  2.817267e-02 
 1.101115e+00  2.504251e-02 
 1.101523e+00  2.183263e-02 
 1.101930e+00  1.857200e-02 
 1.102337e+00  1.534645e-02 
 1.102744e+00  1.216431e-02 
 1.103152e+00  9.055219e-03 
 1.103559e+00  6.000323e-03 
 1.103966e+00  3.038718e-03 
 1.104374e+00  1.867427e-04 
 1.104781e+00 -2.609421e-03 
 1.105189e+00 -5.418740e-03 
 1.105596e+00 -8.247791e-03 
 1.106003e+00 -1.112765e-02 
 1.106411e+00 -1.398457e-02 
 1.106818e+00 -1.677830e-02 
 1.107226e+00 -1.946194e-02 
 1.107633e+00 -2.202285e-02 
 1.108040e+00 -2.441836e-02 
 1.108448e+00 -2.663504e-02 
 1.108855e+00 -2.872174e-02 
 1.109263e+00 -3.076697e-02 
 1.109670e+00 -3.281217e-02 
 1.110078e+00 -3.481614e-02 
 1.110485e+00 -3.676214e-02 
 1.110893e+00 -3.871060e-02 
 1.111300e+00 -4.063041e-02 
 1.111707e+00 -4.249951e-02 
 1.112115e+00 -4.431606e-02 
 1.112522e+00 -4.609036e-02 
 1.112930e+00 -4.779488e-02 
 1.113337e+00 -4.946429e-02 
 1.113745e+00 -5.118222e-02 
 1.114152e+00 -5.297055e-02 
 1.114559e+00 -5.476519e-02 
 1.114967e+00 -5.654420e-02 
 1.115374e+00 -5.828971e-02 
 1.115782e+00 -6.011149e-02 
 1.116189e+00 -6.176890e-02 
 1.116597e+00 -6.325703e-02 
 1.117004e+00 -6.496538e-02 
 1.117412e+00 -6.650644e-02 
 1.117819e+00 -6.799964e-02 
 1.118227e+00 -6.948341e-02 
 1.118634e+00 -7.096665e-02 
 1.119042e+00 -7.246794e-02 
 1.119449e+00 -7.393698e-02 
 1.119857e+00 -7.531741e-02 
 1.120264e+00 -7.662984e-02 
 1.120672e+00 -7.795047e-02 
 1.121079e+00 -7.930323e-02 
 1.121487e+00 -8.069468e-02 
 1.121894e+00 -8.212268e-02 
 1.122302e+00 -8.360082e-02 
 1.122709e+00 -8.509053e-02 
 1.123117e+00 -8.653929e-02 
 1.123524e+00 -8.790702e-02 
 1.123932e+00 -8.922724e-02 
 1.124339e+00 -9.054301e-02 
 1.124747e+00 -9.187328e-02 
 1.125154e+00 -9.323783e-02 
 1.125562e+00 -9.466086e-02 
 1.125969e+00 -9.612033e-02 
 1.126377e+00 -9.759866e-02 
 1.126784e+00 -9.904114e-02 
 1.127192e+00 -1.004259e-01 
 1.127599e+00 -1.017696e-01 
 1.128007e+00 -1.030840e-01 
 1.128414e+00 -1.043615e-01 
 1.128822e+00 -1.056101e-01 
 1.129229e+00 -1.068356e-01 
 1.129637e+00 -1.081043e-01 
 1.130044e+00 -1.094627e-01 
 1.130452e+00 -1.109110e-01 
 1.130859e+00 -1.123685e-01 
 1.131267e+00 -1.137803e-01 
 1.131674e+00 -1.151120e-01 
 1.132082e+00 -1.163721e-01 
 1.132489e+00 -1.176171e-01 
 1.132897e+00 -1.189066e-01 
 1.133305e+00 -1.202600e-01 
 1.133712e+00 -1.216618e-01 
 1.134120e+00 -1.230973e-01 
 1.134527e+00 -1.245186e-01 
 1.134935e+00 -1.258578e-01 
 1.135342e+00 -1.270890e-01 
 1.135750e+00 -1.282536e-01 
 1.136158e+00 -1.293949e-01 
 1.136565e+00 -1.304976e-01 
 1.136973e+00 -1.315942e-01 
 1.137380e+00 -1.327100e-01 
 1.137788e+00 -1.338688e-01 
 1.138195e+00 -1.350438e-01 
 1.138603e+00 -1.361733e-01 
 1.139011e+00 -1.372328e-01 
 1.139418e+00 -1.382397e-01 
 1.139826e+00 -1.392501e-01 
 1.140233e+00 -1.402499e-01 
 1.140641e+00 -1.412427e-01 
 1.141049e+00 -1.422120e-01 
 1.141456e+00 -1.431550e-01 
 1.141864e+00 -1.440698e-01 
 1.142271e+00 -1.449303e-01 
 1.142679e+00 -1.457527e-01 
 1.143086e+00 -1.465742e-01 
 1.143494e+00 -1.474252e-01 
 1.143901e+00 -1.482868e-01 
 1.144309e+00 -1.491372e-01 
 1.144717e+00 -1.499769e-01 
 1.145124e+00 -1.507890e-01 
 1.145532e+00 -1.515836e-01 
 1.145939e+00 -1.523637e-01 
 1.146347e+00 -1.531365e-01 
 1.146754e+00 -1.538719e-01 
 1.147162e+00 -1.545559e-01 
 1.147569e+00 -1.551925e-01 
 1.147977e+00 -1.557534e-01 
 1.148384e+00 -1.562332e-01 
 1.148792e+00 -1.566203e-01 
 1.149200e+00 -1.569607e-01 
 1.149607e+00 -1.572888e-01 
 1.150015e+00 -1.576165e-01 
 1.150422e+00 -1.579572e-01 
 1.150830e+00 -1.582769e-01 
 1.151237e+00 -1.585846e-01 
 1.151645e+00 -1.588370e-01 
 1.152052e+00 -1.590653e-01 
 1.152460e+00 -1.592811e-01 
 1.152868e+00 -1.594917e-01 
 1.153275e+00 -1.597069e-01 
 1.153683e+00 -1.598639e-01 
 1.154090e+00 -1.599773e-01 
 1.154498e+00 -1.600384e-01 
 1.154905e+00 -1.600485e-01 
 1.155313e+00 -1.600123e-01 
 1.155720e+00 -1.599080e-01 
 1.156128e+00 -1.597495e-01 
 1.156536e+00 -1.595391e-01 
 1.156943e+00 -1.592934e-01 
 1.157351e+00 -1.590221e-01 
 1.157758e+00 -1.587172e-01 
 1.158166e+00 -1.583617e-01 
 1.158573e+00 -1.579349e-01 
 1.158981e+00 -1.574338e-01 
 1.159389e+00 -1.568651e-01 
 1.159796e+00 -1.562260e-01 
 1.160204e+00 -1.555267e-01 
 1.160611e+00 -1.547989e-01 
 1.161019e+00 -1.539374e-01 
 1.161426e+00 -1.532253e-01 
 1.161834e+00 -1.525382e-01 
 1.162241e+00 -1.518377e-01 
 1.162649e+00 -1.511230e-01 
 1.163056e+00 -1.503820e-01 
 1.163464e+00 -1.496267e-01 
 1.163872e+00 -1.488436e-01 
 1.164279e+00 -1.480101e-01 
 1.164687e+00 -1.471217e-01 
 1.165094e+00 -1.463093e-01 
 1.165502e+00 -1.453278e-01 
 1.165909e+00 -1.443280e-01 
 1.166317e+00 -1.432941e-01 
 1.166724e+00 -1.422105e-01 
 1.167132e+00 -1.410497e-01 
 1.167539e+00 -1.397977e-01 
 1.167947e+00 -1.384638e-01 
 1.168354e+00 -1.370763e-01 
 1.168762e+00 -1.356514e-01 
 1.169169e+00 -1.342025e-01 
 1.169577e+00 -1.327299e-01 
 1.169985e+00 -1.312379e-01 
 1.170392e+00 -1.297129e-01 
 1.170800e+00 -1.281408e-01 
 1.171207e+00 -1.264917e-01 
 1.171615e+00 -1.247844e-01 
 1.172022e+00 -1.230321e-01 
 1.172430e+00 -1.212574e-01 
 1.172837e+00 -1.194564e-01 
 1.173245e+00 -1.176339e-01 
 1.173652e+00 -1.157646e-01 
 1.174060e+00 -1.138386e-01 
 1.174467e+00 -1.118389e-01 
 1.174875e+00 -1.097548e-01 
 1.175282e+00 -1.075855e-01 
 1.175690e+00 -1.053298e-01 
 1.176098e+00 -1.030191e-01 
 1.176505e+00 -1.006614e-01 
 1.176913e+00 -9.826248e-02 
 1.177320e+00 -9.581155e-02 
 1.177728e+00 -9.330999e-02 
 1.178135e+00 -9.075135e-02 
 1.178543e+00 -8.812919e-02 
 1.178950e+00 -8.544310e-02 
 1.179358e+00 -8.266501e-02 
 1.179765e+00 -7.980096e-02 
 1.180173e+00 -7.683257e-02 
 1.180580e+00 -7.378419e-02 
 1.180988e+00 -7.063197e-02 
 1.181395e+00 -6.747072e-02 
 1.181803e+00 -6.426413e-02 
 1.182211e+00 -6.101298e-02 
 1.182618e+00 -5.771148e-02 
 1.183026e+00 -5.435892e-02 
 1.183433e+00 -5.095461e-02 
 1.183841e+00 -4.749919e-02 
 1.184248e+00 -4.400070e-02 
 1.184656e+00 -4.046673e-02 
 1.185063e+00 -3.688849e-02 
 1.185471e+00 -3.325034e-02 
 1.185878e+00 -2.955884e-02 
 1.186286e+00 -2.585722e-02 
 1.186693e+00 -2.213349e-02 
 1.187101e+00 -1.839232e-02 
 1.187508e+00 -1.463134e-02 
 1.187916e+00 -1.085412e-02 
 1.188323e+00 -7.100118e-03 
 1.188731e+00 -3.389637e-03 
 1.189139e+00  2.663302e-04 
 1.189546e+00  3.899003e-03 
 1.189954e+00  7.564864e-03 
 1.190361e+00  1.128936e-02 
 1.190769e+00  1.505730e-02 
 1.191176e+00  1.884216e-02 
 1.191584e+00  2.262740e-02 
 1.191991e+00  2.641706e-02 
 1.192399e+00  3.023142e-02 
 1.192806e+00  3.403841e-02 
 1.193214e+00  3.786813e-02 
 1.193622e+00  4.167652e-02 
 1.194029e+00  4.551859e-02 
 1.194437e+00  4.937568e-02 
 1.194844e+00  5.324489e-02 
 1.195252e+00  5.709265e-02 
 1.195659e+00  6.093157e-02 
 1.196067e+00  6.477458e-02 
 1.196474e+00  6.866100e-02 
 1.196882e+00  7.259536e-02 
 1.197289e+00  7.657189e-02 
 1.197696e+00  8.054567e-02 
 1.198104e+00  8.451122e-02 
 1.198511e+00  8.842549e-02 
 1.198919e+00  9.227655e-02 
 1.199326e+00  9.605279e-02 
 1.199734e+00  9.983149e-02 
 1.200141e+00  1.035579e-01 
 1.200549e+00  1.072317e-01 
 1.200956e+00  1.108716e-01 
 1.201364e+00  1.144921e-01 
 1.201771e+00  1.181269e-01 
 1.202179e+00  1.217614e-01 
 1.202586e+00  1.253814e-01 
 1.202994e+00  1.289691e-01 
 1.203401e+00  1.325057e-01 
 1.203809e+00  1.359860e-01 
 1.204216e+00  1.393838e-01 
 1.204624e+00  1.427579e-01 
 1.205031e+00  1.461063e-01 
 1.205439e+00  1.494602e-01 
 1.205846e+00  1.527502e-01 
 1.206254e+00  1.559924e-01 
 1.206661e+00  1.591406e-01 
 1.207069e+00  1.622753e-01 
 1.207476e+00  1.653947e-01 
 1.207884e+00  1.684883e-01 
 1.208291e+00  1.715117e-01 
 1.208699e+00  1.744401e-01 
 1.209106e+00  1.772917e-01 
 1.209514e+00  1.801137e-01 
 1.209921e+00  1.828914e-01 
 1.210329e+00  1.856163e-01 
 1.210736e+00  1.882865e-01 
 1.211143e+00  1.909185e-01 
 1.211551e+00  1.935179e-01 
 1.211958e+00  1.960832e-01 
 1.212366e+00  1.986038e-01 
 1.212773e+00  2.011097e-01 
 1.213181e+00  2.036479e-01 
 1.213588e+00  2.062210e-01 
 1.213996e+00  2.087896e-01 
 1.214403e+00  2.114018e-01 
 1.214811e+00  2.140651e-01 
 1.215218e+00  2.167410e-01 
 1.215626e+00  2.193788e-01 
 1.216033e+00  2.219942e-01 
 1.216441e+00  2.246115e-01 
 1.216848e+00  2.272461e-01 
 1.217255e+00  2.298772e-01 
 1.217663e+00  2.325152e-01 
 1.218070e+00  2.351355e-01 
 1.218478e+00  2.377119e-01 
 1.218885e+00  2.402603e-01 
 1.219293e+00  2.427572e-01 
 1.219700e+00  2.452057e-01 
 1.220108e+00  2.475356e-01 
 1.220515e+00  2.497772e-01 
 1.220923e+00  2.519541e-01 
 1.221330e+00  2.540055e-01 
 1.221738e+00  2.559049e-01 
 1.222145e+00  2.577294e-01 
 1.222553e+00  2.594890e-01 
 1.222960e+00  2.612321e-01 
 1.223368e+00  2.629453e-01 
 1.223775e+00  2.646475e-01 
 1.224183e+00  2.662953e-01 
 1.224590e+00  2.679075e-01 
 1.224998e+00  2.694239e-01 
 1.225405e+00  2.708528e-01 
 1.225813e+00  2.722346e-01 
 1.226220e+00  2.736429e-01 
 1.226628e+00  2.750727e-01 
 1.227035e+00  2.765041e-01 
 1.227443e+00  2.779129e-01 
 1.227850e+00  2.792864e-01 
 1.228258e+00  2.805806e-01 
 1.228665e+00  2.817543e-01 
 1.229072e+00  2.828644e-01 
 1.229480e+00  2.839451e-01 
 1.229887e+00  2.850510e-01 
 1.230295e+00  2.862031e-01 
 1.230702e+00  2.873878e-01 
 1.231109e+00  2.885482e-01 
 1.231517e+00  2.896879e-01 
 1.231924e+00  2.907961e-01 
 1.232332e+00  2.919198e-01 
 1.232739e+00  2.930592e-01 
 1.233146e+00  2.941846e-01 
 1.233554e+00  2.952565e-01 
 1.233961e+00  2.963149e-01 
 1.234369e+00  2.973229e-01 
 1.234776e+00  2.982592e-01 
 1.235183e+00  2.991157e-01 
 1.235591e+00  2.998956e-01 
 1.235998e+00  3.006529e-01 
 1.236406e+00  3.014178e-01 
 1.236813e+00  3.022314e-01 
 1.237220e+00  3.030592e-01 
 1.237628e+00  3.039032e-01 
 1.238014e+00  3.047251e-01 
 1.238401e+00  3.055390e-01 
 1.238788e+00  3.063284e-01 
 1.239175e+00  3.070936e-01 
 1.239562e+00  3.078385e-01 
 1.239948e+00  3.085734e-01 
 1.240335e+00  3.092839e-01 
 1.240722e+00  3.099495e-01 
 1.241109e+00  3.105470e-01 
 1.241495e+00  3.110870e-01 
 1.241879e+00  3.115772e-01 
 1.242262e+00  3.119851e-01 
 1.242646e+00  3.122742e-01 
 1.243029e+00  3.124653e-01 
 1.243412e+00  3.125643e-01 
 1.243796e+00  3.125869e-01 
 1.244179e+00  3.124950e-01 
 1.244563e+00  3.123520e-01 
 1.244946e+00  3.121833e-01 
 1.245330e+00  3.120271e-01 
 1.245712e+00  3.118476e-01 
 1.246095e+00  3.116860e-01 
 1.246478e+00  3.115462e-01 
 1.246860e+00  3.114830e-01 
 1.247243e+00  3.114876e-01 
 1.247625e+00  3.115252e-01 
 1.248008e+00  3.116037e-01 
 1.248391e+00  3.116938e-01 
 1.248773e+00  3.118224e-01 
 1.249156e+00  3.120088e-01 
 1.249543e+00  3.122316e-01 
 1.249930e+00  3.124761e-01 
 1.250318e+00  3.127113e-01 
 1.250705e+00  3.129470e-01 
 1.251093e+00  3.131930e-01 
 1.251480e+00  3.134296e-01 
 1.251868e+00  3.136106e-01 
 1.252255e+00  3.137190e-01 
 1.252643e+00  3.137663e-01 
 1.253030e+00  3.137199e-01 
 1.253420e+00  3.135801e-01 
 1.253809e+00  3.133433e-01 
 1.254199e+00  3.130259e-01 
 1.254589e+00  3.126572e-01 
 1.254979e+00  3.122319e-01 
 1.255369e+00  3.117929e-01 
 1.255758e+00  3.113328e-01 
 1.256148e+00  3.108596e-01 
 1.256538e+00  3.103558e-01 
 1.256928e+00  3.098037e-01 
 1.257320e+00  3.092042e-01 
 1.257713e+00  3.085673e-01 
 1.258106e+00  3.078704e-01 
 1.258499e+00  3.070944e-01 
 1.258893e+00  3.062499e-01 
 1.259286e+00  3.053700e-01 
 1.259679e+00  3.044681e-01 
 1.260072e+00  3.035304e-01 
 1.260465e+00  3.025769e-01 
 1.260858e+00  3.015891e-01 
 1.261254e+00  3.005990e-01 
 1.261651e+00  2.996035e-01 
 1.262047e+00  2.986255e-01 
 1.262444e+00  2.976660e-01 
 1.262840e+00  2.967054e-01 
 1.263237e+00  2.957017e-01 
 1.263633e+00  2.946688e-01 
 1.264030e+00  2.936428e-01 
 1.264427e+00  2.926146e-01 
 1.264823e+00  2.915587e-01 
 1.265220e+00  2.904279e-01 
 1.265616e+00  2.891975e-01 
 1.266012e+00  2.878718e-01 
 1.266409e+00  2.864525e-01 
 1.266805e+00  2.849536e-01 
 1.267202e+00  2.833491e-01 
 1.267598e+00  2.816530e-01 
 1.267995e+00  2.798396e-01 
 1.268391e+00  2.779328e-01 
 1.268788e+00  2.759270e-01 
 1.269188e+00  2.738619e-01 
 1.269588e+00  2.717824e-01 
 1.269989e+00  2.697226e-01 
 1.270390e+00  2.676649e-01 
 1.270790e+00  2.655863e-01 
 1.271191e+00  2.634956e-01 
 1.271591e+00  2.614029e-01 
 1.271992e+00  2.593322e-01 
 1.272393e+00  2.572581e-01 
 1.272793e+00  2.551628e-01 
 1.273197e+00  2.529831e-01 
 1.273602e+00  2.507102e-01 
 1.274007e+00  2.483633e-01 
 1.274411e+00  2.459403e-01 
 1.274816e+00  2.434719e-01 
 1.275221e+00  2.409491e-01 
 1.275625e+00  2.384251e-01 
 1.276030e+00  2.359020e-01 
 1.276435e+00  2.333622e-01 
 1.276839e+00  2.307931e-01 
 1.277245e+00  2.281516e-01 
 1.277651e+00  2.254764e-01 
 1.278058e+00  2.227351e-01 
 1.278464e+00  2.199043e-01 
 1.278870e+00  2.169200e-01 
 1.279276e+00  2.139106e-01 
 1.279682e+00  2.108362e-01 
 1.280088e+00  2.077614e-01 
 1.280494e+00  2.046918e-01 
 1.280901e+00  2.016374e-01 
 1.281307e+00  1.986534e-01 
 1.281714e+00  1.957401e-01 
 1.282121e+00  1.928347e-01 
 1.282527e+00  1.899144e-01 
 1.282934e+00  1.869601e-01 
 1.283341e+00  1.840008e-01 
 1.283747e+00  1.810124e-01 
 1.284154e+00  1.779977e-01 
 1.284561e+00  1.749892e-01 
 1.284967e+00  1.719098e-01 
 1.285375e+00  1.687212e-01 
 1.285782e+00  1.655078e-01 
 1.286190e+00  1.622908e-01 
 1.286597e+00  1.591246e-01 
 1.287004e+00  1.559446e-01 
 1.287412e+00  1.526905e-01 
 1.287819e+00  1.493532e-01 
 1.288227e+00  1.459558e-01 
 1.288634e+00  1.425387e-01 
 1.289042e+00  1.390706e-01 
 1.289449e+00  1.355146e-01 
 1.289856e+00  1.318661e-01 
 1.290264e+00  1.280797e-01 
 1.290671e+00  1.241411e-01 
 1.291079e+00  1.201175e-01 
 1.291486e+00  1.161622e-01 
 1.291894e+00  1.123061e-01 
 1.292301e+00  1.085561e-01 
 1.292709e+00  1.049651e-01 
 1.293116e+00  1.014988e-01 
 1.293523e+00  9.810683e-02 
 1.293931e+00  9.470300e-02 
 1.294338e+00  9.133996e-02 
 1.294746e+00  8.805975e-02 
 1.295153e+00  8.479969e-02 
 1.295561e+00  8.155673e-02 
 1.295968e+00  7.825152e-02 
 1.296375e+00  7.486822e-02 
 1.296783e+00  7.137283e-02 
 1.297190e+00  6.793454e-02 
 1.297598e+00  6.460405e-02 
 1.298005e+00  6.142334e-02 
 1.298413e+00  5.827621e-02 
 1.298820e+00  5.515468e-02 
 1.299228e+00  5.216720e-02 
 1.299635e+00  4.919543e-02 
 1.300042e+00  4.622150e-02 
 1.300450e+00  4.314436e-02 
 1.300857e+00  3.986771e-02 
 1.301265e+00  3.651527e-02 
 1.301672e+00  3.315937e-02 
 1.302080e+00  2.988610e-02 
 1.302487e+00  2.665227e-02 
 1.302895e+00  2.357726e-02 
 1.303302e+00  2.059452e-02 
 1.303710e+00  1.769904e-02 
 1.304117e+00  1.487410e-02 
 1.304525e+00  1.195572e-02 
 1.304932e+00  9.128134e-03 
 1.305340e+00  6.389898e-03 
 1.305747e+00  3.603158e-03 
 1.306155e+00  9.112179e-04 
 1.306562e+00 -2.013373e-03 
 1.306969e+00 -4.969815e-03 
 1.307377e+00 -7.995733e-03 
 1.307784e+00 -1.081121e-02 
 1.308192e+00 -1.355051e-02 
 1.308599e+00 -1.617584e-02 
 1.309007e+00 -1.863616e-02 
 1.309414e+00 -2.094620e-02 
 1.309822e+00 -2.312567e-02 
 1.310229e+00 -2.521861e-02 
 1.310637e+00 -2.720690e-02 
 1.311044e+00 -2.914896e-02 
 1.311452e+00 -3.111422e-02 
 1.311859e+00 -3.310895e-02 
 1.312267e+00 -3.507173e-02 
 1.312674e+00 -3.698193e-02 
 1.313082e+00 -3.880247e-02 
 1.313489e+00 -4.061821e-02 
 1.313897e+00 -4.242645e-02 
 1.314304e+00 -4.420421e-02 
 1.314712e+00 -4.583160e-02 
 1.315119e+00 -4.732564e-02 
 1.315527e+00 -4.867961e-02 
 1.315934e+00 -4.988756e-02 
 1.316342e+00 -5.101175e-02 
 1.316749e+00 -5.205972e-02 
 1.317157e+00 -5.319087e-02 
 1.317564e+00 -5.434173e-02 
 1.317972e+00 -5.547975e-02 
 1.318379e+00 -5.658542e-02 
 1.318787e+00 -5.769122e-02 
 1.319195e+00 -5.879817e-02 
 1.319602e+00 -5.987766e-02 
 1.320010e+00 -6.092851e-02 
 1.320417e+00 -6.190808e-02 
 1.320825e+00 -6.287178e-02 
 1.321232e+00 -6.377981e-02 
 1.321640e+00 -6.464575e-02 
 1.322047e+00 -6.545083e-02 
 1.322455e+00 -6.621786e-02 
 1.322862e+00 -6.692667e-02 
 1.323270e+00 -6.759246e-02 
 1.323677e+00 -6.825353e-02 
 1.324085e+00 -6.898350e-02 
 1.324492e+00 -6.973475e-02 
 1.324900e+00 -7.042467e-02 
 1.325307e+00 -7.096143e-02 
 1.325715e+00 -7.138379e-02 
 1.326122e+00 -7.176330e-02 
 1.326530e+00 -7.213873e-02 
 1.326938e+00 -7.248970e-02 
 1.327345e+00 -7.280234e-02 
 1.327753e+00 -7.310913e-02 
 1.328160e+00 -7.345133e-02 
 1.328568e+00 -7.375274e-02 
 1.328975e+00 -7.399307e-02 
 1.329383e+00 -7.409414e-02 
 1.329790e+00 -7.430832e-02 
 1.330198e+00 -7.471917e-02 
 1.330606e+00 -7.491428e-02 
 1.331013e+00 -7.520292e-02 
 1.331421e+00 -7.542047e-02 
 1.331828e+00 -7.569768e-02 
 1.332236e+00 -7.585510e-02 
 1.332643e+00 -7.595810e-02 
 1.333051e+00 -7.599588e-02 
 1.333459e+00 -7.616238e-02 
 1.333866e+00 -7.636908e-02 
 1.334274e+00 -7.656639e-02 
 1.334681e+00 -7.671053e-02 
 1.335089e+00 -7.686856e-02 
 1.335497e+00 -7.708072e-02 
 1.335904e+00 -7.743196e-02 
 1.336312e+00 -7.768721e-02 
 1.336719e+00 -7.789280e-02 
 1.337127e+00 -7.808062e-02 
 1.337535e+00 -7.823816e-02 
 1.337942e+00 -7.834654e-02 
 1.338350e+00 -7.843204e-02 
 1.338758e+00 -7.850137e-02 
 1.339165e+00 -7.854915e-02 
 1.339573e+00 -7.862578e-02 
 1.339980e+00 -7.867459e-02 
 1.340388e+00 -7.870061e-02 
 1.340796e+00 -7.870865e-02 
 1.341203e+00 -7.875957e-02 
 1.341611e+00 -7.881235e-02 
 1.342019e+00 -7.883494e-02 
 1.342426e+00 -7.882173e-02 
 1.342834e+00 -7.880292e-02 
 1.343241e+00 -7.881641e-02 
 1.343649e+00 -7.887091e-02 
 1.344057e+00 -7.893273e-02 
 1.344464e+00 -7.897781e-02 
 1.344872e+00 -7.897718e-02 
 1.345280e+00 -7.892818e-02 
 1.345687e+00 -7.884608e-02 
 1.346095e+00 -7.870469e-02 
 1.346503e+00 -7.852885e-02 
 1.346910e+00 -7.832339e-02 
 1.347318e+00 -7.810307e-02 
 1.347726e+00 -7.787551e-02 
 1.348133e+00 -7.766756e-02 
 1.348541e+00 -7.747738e-02 
 1.348948e+00 -7.729141e-02 
 1.349356e+00 -7.711737e-02 
 1.349764e+00 -7.695248e-02 
 1.350171e+00 -7.674052e-02 
 1.350579e+00 -7.647146e-02 
 1.350987e+00 -7.613508e-02 
 1.351394e+00 -7.574580e-02 
 1.351802e+00 -7.530187e-02 
 1.352210e+00 -7.480951e-02 
 1.352617e+00 -7.428607e-02 
 1.353025e+00 -7.380068e-02 
 1.353433e+00 -7.333151e-02 
 1.353840e+00 -7.285025e-02 
 1.354248e+00 -7.233857e-02 
 1.354655e+00 -7.176776e-02 
 1.355063e+00 -7.116189e-02 
 1.355471e+00 -7.049024e-02 
 1.355878e+00 -6.974674e-02 
 1.356286e+00 -6.893384e-02 
 1.356694e+00 -6.808152e-02 
 1.357101e+00 -6.720736e-02 
 1.357509e+00 -6.633724e-02 
 1.357916e+00 -6.547849e-02 
 1.358324e+00 -6.460699e-02 
 1.358732e+00 -6.370428e-02 
 1.359139e+00 -6.276513e-02 
 1.359547e+00 -6.179650e-02 
 1.359955e+00 -6.078278e-02 
 1.360362e+00 -5.972457e-02 
 1.360770e+00 -5.864591e-02 
 1.361178e+00 -5.756617e-02 
 1.361585e+00 -5.651165e-02 
 1.361993e+00 -5.545121e-02 
 1.362400e+00 -5.440863e-02 
 1.362808e+00 -5.339411e-02 
 1.363216e+00 -5.237143e-02 
 1.363623e+00 -5.134885e-02 
 1.364031e+00 -5.015943e-02 
 1.364439e+00 -4.908091e-02 
 1.364846e+00 -4.797536e-02 
 1.365254e+00 -4.694300e-02 
 1.365661e+00 -4.576150e-02 
 1.366069e+00 -4.449085e-02 
 1.366477e+00 -4.312700e-02 
 1.366884e+00 -4.157025e-02 
 1.367292e+00 -4.004951e-02 
 1.367699e+00 -3.846312e-02 
 1.368107e+00 -3.683956e-02 
 1.368515e+00 -3.523044e-02 
 1.368922e+00 -3.364842e-02 
 1.369330e+00 -3.209198e-02 
 1.369737e+00 -3.053503e-02 
 1.370145e+00 -2.896898e-02 
 1.370553e+00 -2.738890e-02 
 1.370960e+00 -2.577419e-02 
 1.371368e+00 -2.412952e-02 
 1.371775e+00 -2.247133e-02 
 1.372183e+00 -2.078782e-02 
 1.372591e+00 -1.907723e-02 
 1.372998e+00 -1.734889e-02 
 1.373406e+00 -1.559341e-02 
 1.373813e+00 -1.377424e-02 
 1.374221e+00 -1.191034e-02 
 1.374629e+00 -9.957624e-03 
 1.375036e+00 -8.014194e-03 
 1.375444e+00 -6.082614e-03 
 1.375851e+00 -4.178830e-03 
 1.376259e+00 -2.321199e-03 
 1.376667e+00 -5.076532e-04 
 1.377074e+00  1.333211e-03 
 1.377482e+00  3.224173e-03 
 1.377889e+00  5.193997e-03 
 1.378297e+00  7.217753e-03 
 1.378705e+00  9.294353e-03 
 1.379112e+00  1.145245e-02 
 1.379520e+00  1.359094e-02 
 1.379927e+00  1.575789e-02 
 1.380335e+00  1.794919e-02 
 1.380743e+00  2.017422e-02 
 1.381150e+00  2.238983e-02 
 1.381558e+00  2.458806e-02 
 1.381966e+00  2.682837e-02 
 1.382373e+00  2.908122e-02 
 1.382781e+00  3.133457e-02 
 1.383188e+00  3.359184e-02 
 1.383596e+00  3.587089e-02 
 1.384004e+00  3.818920e-02 
 1.384411e+00  4.056305e-02 
 1.384819e+00  4.290553e-02 
 1.385227e+00  4.530294e-02 
 1.385634e+00  4.773243e-02 
 1.386042e+00  5.017081e-02 
 1.386449e+00  5.260537e-02 
 1.386857e+00  5.504093e-02 
 1.387265e+00  5.750630e-02 
 1.387672e+00  6.000154e-02 
 1.388080e+00  6.249491e-02 
 1.388488e+00  6.495552e-02 
 1.388895e+00  6.744204e-02 
 1.389303e+00  6.998320e-02 
 1.389710e+00  7.258278e-02 
 1.390118e+00  7.518157e-02 
 1.390526e+00  7.777385e-02 
 1.390933e+00  8.033703e-02 
 1.391341e+00  8.289560e-02 
 1.391748e+00  8.548818e-02 
 1.392156e+00  8.813578e-02 
 1.392564e+00  9.080548e-02 
 1.392971e+00  9.346123e-02 
 1.393379e+00  9.605146e-02 
 1.393787e+00  9.857785e-02 
 1.394194e+00  1.010870e-01 
 1.394602e+00  1.036589e-01 
 1.395009e+00  1.063177e-01 
 1.395417e+00  1.090281e-01 
 1.395825e+00  1.117228e-01 
 1.396232e+00  1.143583e-01 
 1.396640e+00  1.169422e-01 
 1.397047e+00  1.195010e-01 
 1.397455e+00  1.220411e-01 
 1.397863e+00  1.245850e-01 
 1.398270e+00  1.270997e-01 
 1.398678e+00  1.295451e-01 
 1.399086e+00  1.318946e-01 
 1.399493e+00  1.341783e-01 
 1.399901e+00  1.364118e-01 
 1.400308e+00  1.386109e-01 
 1.400716e+00  1.407904e-01 
 1.401124e+00  1.429756e-01 
 1.401531e+00  1.451525e-01 
 1.401939e+00  1.473454e-01 
 1.402347e+00  1.495278e-01 
 1.402754e+00  1.516733e-01 
 1.403162e+00  1.537375e-01 
 1.403570e+00  1.557234e-01 
 1.403977e+00  1.576826e-01 
 1.404385e+00  1.596721e-01 
 1.404793e+00  1.616810e-01 
 1.405200e+00  1.636536e-01 
 1.405608e+00  1.655839e-01 
 1.406015e+00  1.674651e-01 
 1.406423e+00  1.693152e-01 
 1.406831e+00  1.711215e-01 
 1.407238e+00  1.728905e-01 
 1.407646e+00  1.746578e-01 
 1.408054e+00  1.764139e-01 
 1.408461e+00  1.781404e-01 
 1.408869e+00  1.797841e-01 
 1.409277e+00  1.813582e-01 
 1.409684e+00  1.828769e-01 
 1.410092e+00  1.843692e-01 
 1.410500e+00  1.857911e-01 
 1.410907e+00  1.871900e-01 
 1.411315e+00  1.885280e-01 
 1.411723e+00  1.898086e-01 
 1.412131e+00  1.910402e-01 
 1.412538e+00  1.922256e-01 
 1.412946e+00  1.934133e-01 
 1.413354e+00  1.946159e-01 
 1.413761e+00  1.958353e-01 
 1.414169e+00  1.970626e-01 
 1.414577e+00  1.982969e-01 
 1.414984e+00  1.995280e-01 
 1.415392e+00  2.007096e-01 
 1.415800e+00  2.018439e-01 
 1.416207e+00  2.029050e-01 
 1.416615e+00  2.038948e-01 
 1.417023e+00  2.048087e-01 
 1.417430e+00  2.056427e-01 
 1.417838e+00  2.064563e-01 
 1.418246e+00  2.072607e-01 
 1.418654e+00  2.080458e-01 
 1.419061e+00  2.087974e-01 
 1.419469e+00  2.095147e-01 
 1.419877e+00  2.102082e-01 
 1.420284e+00  2.108566e-01 
 1.420692e+00  2.114888e-01 
 1.421100e+00  2.120856e-01 
 1.421507e+00  2.126503e-01 
 1.421915e+00  2.131693e-01 
 1.422323e+00  2.136690e-01 
 1.422730e+00  2.141602e-01 
 1.423138e+00  2.146795e-01 
 1.423546e+00  2.152330e-01 
 1.423953e+00  2.158009e-01 
 1.424361e+00  2.163519e-01 
 1.424769e+00  2.168487e-01 
 1.425176e+00  2.172742e-01 
 1.425584e+00  2.176485e-01 
 1.425992e+00  2.179647e-01 
 1.426399e+00  2.182243e-01 
 1.426807e+00  2.184298e-01 
 1.427215e+00  2.185757e-01 
 1.427622e+00  2.186927e-01 
 1.428030e+00  2.188037e-01 
 1.428438e+00  2.189140e-01 
 1.428845e+00  2.189898e-01 
 1.429253e+00  2.190135e-01 
 1.429661e+00  2.189952e-01 
 1.430068e+00  2.189644e-01 
 1.430476e+00  2.189470e-01 
 1.430884e+00  2.189587e-01 
 1.431291e+00  2.189807e-01 
 1.431699e+00  2.189887e-01 
 1.432107e+00  2.189440e-01 
 1.432514e+00  2.188114e-01 
 1.432922e+00  2.185970e-01 
 1.433330e+00  2.183871e-01 
 1.433737e+00  2.182126e-01 
 1.434145e+00  2.180730e-01 
 1.434553e+00  2.179628e-01 
 1.434960e+00  2.178349e-01 
 1.435368e+00  2.176820e-01 
 1.435775e+00  2.174451e-01 
 1.436183e+00  2.171462e-01 
 1.436591e+00  2.167967e-01 
 1.436998e+00  2.164153e-01 
 1.437406e+00  2.160212e-01 
 1.437814e+00  2.156331e-01 
 1.438221e+00  2.152933e-01 
 1.438629e+00  2.149863e-01 
 1.439037e+00  2.146728e-01 
 1.439444e+00  2.143300e-01 
 1.439852e+00  2.139449e-01 
 1.440260e+00  2.135526e-01 
 1.440667e+00  2.131503e-01 
 1.441075e+00  2.127486e-01 
 1.441483e+00  2.123542e-01 
 1.441890e+00  2.119569e-01 
 1.442298e+00  2.115140e-01 
 1.442706e+00  2.110329e-01 
 1.443113e+00  2.105057e-01 
 1.443521e+00  2.099752e-01 
 1.443928e+00  2.094746e-01 
 1.444336e+00  2.089861e-01 
 1.444744e+00  2.084986e-01 
 1.445151e+00  2.079851e-01 
 1.445559e+00  2.074785e-01 
 1.445967e+00  2.069543e-01 
 1.446374e+00  2.064205e-01 
 1.446782e+00  2.058584e-01 
 1.447190e+00  2.053136e-01 
 1.447597e+00  2.047747e-01 
 1.448005e+00  2.042173e-01 
 1.448412e+00  2.036203e-01 
 1.448820e+00  2.029756e-01 
 1.449228e+00  2.023099e-01 
 1.449635e+00  2.016373e-01 
 1.450043e+00  2.009791e-01 
 1.450450e+00  2.003467e-01 
 1.450858e+00  1.997265e-01 
 1.451266e+00  1.990954e-01 
 1.451673e+00  1.984798e-01 
 1.452081e+00  1.979065e-01 
 1.452488e+00  1.973825e-01 
 1.452896e+00  1.968683e-01 
 1.453304e+00  1.963531e-01 
 1.453711e+00  1.957848e-01 
 1.454119e+00  1.951826e-01 
 1.454526e+00  1.945330e-01 
 1.454934e+00  1.938514e-01 
 1.455342e+00  1.931072e-01 
 1.455749e+00  1.923531e-01 
 1.456157e+00  1.915713e-01 
 1.456564e+00  1.907961e-01 
 1.456972e+00  1.899921e-01 
 1.457380e+00  1.891844e-01 
 1.457787e+00  1.883861e-01 
 1.458195e+00  1.875698e-01 
 1.458602e+00  1.867254e-01 
 1.459010e+00  1.858650e-01 
 1.459418e+00  1.850378e-01 
 1.459825e+00  1.842617e-01 
 1.460233e+00  1.835554e-01 
 1.460640e+00  1.828983e-01 
 1.461048e+00  1.822563e-01 
 1.461455e+00  1.815818e-01 
 1.461863e+00  1.809043e-01 
 1.462271e+00  1.802145e-01 
 1.462678e+00  1.794955e-01 
 1.463086e+00  1.787558e-01 
 1.463493e+00  1.779572e-01 
 1.463901e+00  1.770903e-01 
 1.464308e+00  1.761696e-01 
 1.464716e+00  1.752204e-01 
 1.465123e+00  1.742411e-01 
 1.465531e+00  1.732424e-01 
 1.465939e+00  1.722300e-01 
 1.466346e+00  1.712391e-01 
 1.466754e+00  1.702555e-01 
 1.467161e+00  1.692639e-01 
 1.467569e+00  1.682416e-01 
 1.467976e+00  1.671916e-01 
 1.468384e+00  1.661271e-01 
 1.468792e+00  1.650484e-01 
 1.469199e+00  1.639277e-01 
 1.469607e+00  1.627445e-01 
 1.470014e+00  1.614882e-01 
 1.470422e+00  1.601599e-01 
 1.470829e+00  1.587549e-01 
 1.471237e+00  1.572816e-01 
 1.471645e+00  1.557723e-01 
 1.472052e+00  1.542485e-01 
 1.472460e+00  1.527064e-01 
 1.472867e+00  1.511398e-01 
 1.473275e+00  1.495538e-01 
 1.473682e+00  1.479445e-01 
 1.474090e+00  1.463260e-01 
 1.474498e+00  1.446873e-01 
 1.474905e+00  1.430440e-01 
 1.475313e+00  1.413955e-01 
 1.475720e+00  1.397242e-01 
 1.476128e+00  1.380040e-01 
 1.476536e+00  1.362482e-01 
 1.476943e+00  1.345090e-01 
 1.477351e+00  1.327817e-01 
 1.477758e+00  1.310547e-01 
 1.478166e+00  1.293071e-01 
 1.478574e+00  1.275311e-01 
 1.478981e+00  1.257228e-01 
 1.479389e+00  1.238637e-01 
 1.479796e+00  1.219650e-01 
 1.480204e+00  1.200447e-01 
 1.480612e+00  1.180938e-01 
 1.481019e+00  1.160956e-01 
 1.481427e+00  1.140527e-01 
 1.481835e+00  1.119761e-01 
 1.482242e+00  1.098700e-01 
 1.482650e+00  1.077328e-01 
 1.483057e+00  1.055713e-01 
 1.483465e+00  1.033758e-01 
 1.483873e+00  1.011557e-01 
 1.484280e+00  9.888291e-02 
 1.484688e+00  9.656048e-02 
 1.485096e+00  9.418672e-02 
 1.485503e+00  9.175815e-02 
 1.485911e+00  8.928062e-02 
 1.486319e+00  8.676570e-02 
 1.486726e+00  8.422281e-02 
 1.487134e+00  8.169906e-02 
 1.487541e+00  7.918992e-02 
 1.487949e+00  7.666034e-02 
 1.488357e+00  7.404812e-02 
 1.488764e+00  7.143620e-02 
 1.489172e+00  6.884904e-02 
 1.489580e+00  6.628433e-02 
 1.489987e+00  6.371788e-02 
 1.490395e+00  6.116950e-02 
 1.490803e+00  5.868624e-02 
 1.491210e+00  5.633077e-02 
 1.491618e+00  5.402327e-02 
 1.492026e+00  5.174676e-02 
 1.492433e+00  4.946943e-02 
 1.492841e+00  4.719663e-02 
 1.493249e+00  4.495271e-02 
 1.493657e+00  4.269322e-02 
 1.494064e+00  4.048372e-02 
 1.494472e+00  3.824716e-02 
 1.494880e+00  3.601457e-02 
 1.495287e+00  3.382305e-02 
 1.495695e+00  3.166538e-02 
 1.496103e+00  2.959267e-02 
 1.496510e+00  2.759513e-02 
 1.496918e+00  2.565047e-02 
 1.497326e+00  2.373064e-02 
 1.497733e+00  2.179773e-02 
 1.498141e+00  1.988803e-02 
 1.498549e+00  1.802261e-02 
 1.498957e+00  1.620158e-02 
 1.499364e+00  1.442692e-02 
 1.499772e+00  1.270881e-02 
 1.500180e+00  1.102840e-02 
 1.500587e+00  9.361988e-03 
 1.500995e+00  7.709905e-03 
 1.501403e+00  6.123927e-03 
 1.501811e+00  4.596761e-03 
 1.502218e+00  3.104904e-03 
 1.502626e+00  1.625442e-03 
 1.503034e+00  1.812542e-04 
 1.503441e+00 -1.177720e-03 
 1.503849e+00 -2.408164e-03 
 1.504257e+00 -3.527191e-03 
 1.504664e+00 -4.584648e-03 
 1.505072e+00 -5.570507e-03 
 1.505480e+00 -6.494924e-03 
 1.505888e+00 -7.374424e-03 
 1.506295e+00 -8.187738e-03 
 1.506703e+00 -8.957882e-03 
 1.507111e+00 -9.653957e-03 
 1.507518e+00 -1.025197e-02 
 1.507926e+00 -1.078137e-02 
 1.508334e+00 -1.127659e-02 
 1.508741e+00 -1.176839e-02 
 1.509149e+00 -1.224088e-02 
 1.509557e+00 -1.267092e-02 
 1.509965e+00 -1.306589e-02 
 1.510372e+00 -1.344961e-02 
 1.510780e+00 -1.377835e-02 
 1.511188e+00 -1.403477e-02 
 1.511595e+00 -1.426920e-02 
 1.512003e+00 -1.452772e-02 
 1.512411e+00 -1.478934e-02 
 1.512819e+00 -1.498552e-02 
 1.513226e+00 -1.511571e-02 
 1.513634e+00 -1.517489e-02 
 1.514042e+00 -1.516592e-02 
 1.514449e+00 -1.510081e-02 
 1.514857e+00 -1.503990e-02 
 1.515265e+00 -1.502763e-02 
 1.515673e+00 -1.504344e-02 
 1.516080e+00 -1.503003e-02 
 1.516488e+00 -1.496488e-02 
 1.516896e+00 -1.485009e-02 
 1.517304e+00 -1.468234e-02 
 1.517711e+00 -1.446990e-02 
 1.518119e+00 -1.420360e-02 
 1.518527e+00 -1.387972e-02 
 1.518935e+00 -1.350420e-02 
 1.519342e+00 -1.304386e-02 
 1.519750e+00 -1.253014e-02 
 1.520158e+00 -1.200177e-02 
 1.520566e+00 -1.146450e-02 
 1.520973e+00 -1.091216e-02 
 1.521381e+00 -1.029155e-02 
 1.521789e+00 -9.597284e-03 
 1.522196e+00 -8.844201e-03 
 1.522604e+00 -8.078516e-03 
 1.523012e+00 -7.295964e-03 
 1.523420e+00 -6.482427e-03 
 1.523827e+00 -5.677715e-03 
 1.524235e+00 -4.861606e-03 
 1.524643e+00 -4.013391e-03 
 1.525051e+00 -3.138122e-03 
 1.525458e+00 -2.234901e-03 
 1.525866e+00 -1.379226e-03 
 1.526274e+00 -5.355883e-04 
 1.526681e+00  3.082715e-04 
 1.527089e+00  1.196969e-03 
 1.527497e+00  2.067499e-03 
 1.527905e+00  2.923076e-03 
 1.528312e+00  3.731447e-03 
 1.528720e+00  4.525501e-03 
 1.529128e+00  5.334642e-03 
 1.529536e+00  6.164098e-03 
 1.529943e+00  6.985801e-03 
 1.530351e+00  7.790843e-03 
 1.530759e+00  8.601450e-03 
 1.531166e+00  9.378782e-03 
 1.531574e+00  1.008472e-02 
 1.531982e+00  1.071411e-02 
 1.532390e+00  1.131654e-02 
 1.532797e+00  1.192603e-02 
 1.533205e+00  1.256850e-02 
 1.533613e+00  1.323028e-02 
 1.534021e+00  1.393669e-02 
 1.534428e+00  1.465947e-02 
 1.534836e+00  1.537531e-02 
 1.535244e+00  1.605659e-02 
 1.535652e+00  1.669965e-02 
 1.536059e+00  1.734462e-02 
 1.536467e+00  1.804343e-02 
 1.536875e+00  1.876279e-02 
 1.537282e+00  1.950074e-02 
 1.537690e+00  2.021894e-02 
 1.538098e+00  2.091183e-02 
 1.538506e+00  2.155873e-02 
 1.538913e+00  2.216524e-02 
 1.539321e+00  2.276493e-02 
 1.539729e+00  2.336124e-02 
 1.540136e+00  2.398756e-02 
 1.540544e+00  2.463287e-02 
 1.540952e+00  2.527617e-02 
 1.541360e+00  2.590163e-02 
 1.541767e+00  2.649566e-02 
 1.542175e+00  2.708349e-02 
 1.542583e+00  2.765643e-02 
 1.542990e+00  2.826056e-02 
 1.543398e+00  2.884486e-02 
 1.543806e+00  2.940210e-02 
 1.544214e+00  3.002813e-02 
 1.544621e+00  3.062769e-02 
 1.545029e+00  3.116575e-02 
 1.545437e+00  3.164243e-02 
 1.545844e+00  3.205600e-02 
 1.546252e+00  3.247081e-02 
 1.546660e+00  3.286154e-02 
 1.547067e+00  3.325965e-02 
 1.547475e+00  3.366501e-02 
 1.547883e+00  3.408332e-02 
 1.548290e+00  3.451885e-02 
 1.548698e+00  3.495777e-02 
 1.549106e+00  3.537335e-02 
 1.549513e+00  3.575912e-02 
 1.549921e+00  3.612566e-02 
 1.550329e+00  3.651107e-02 
 1.550736e+00  3.694936e-02 
 1.551144e+00  3.742727e-02 
 1.551552e+00  3.794694e-02 
 1.551959e+00  3.848383e-02 
 1.552367e+00  3.904636e-02 
 1.552775e+00  3.962650e-02 
 1.553182e+00  4.023894e-02 
 1.553590e+00  4.090443e-02 
 1.553998e+00  4.161799e-02 
 1.554405e+00  4.235247e-02 
 1.554813e+00  4.308658e-02 
 1.555221e+00  4.380529e-02 
 1.555628e+00  4.449962e-02 
 1.556036e+00  4.519257e-02 
 1.556444e+00  4.590422e-02 
 1.556851e+00  4.667379e-02 
 1.557259e+00  4.749181e-02 
 1.557667e+00  4.834765e-02 
 1.558074e+00  4.921971e-02 
 1.558482e+00  5.012764e-02 
 1.558890e+00  5.105453e-02 
 1.559297e+00  5.202506e-02 
 1.559705e+00  5.301140e-02 
 1.560113e+00  5.400597e-02 
 1.560520e+00  5.498369e-02 
 1.560928e+00  5.595831e-02 
 1.561336e+00  5.697057e-02 
 1.561743e+00  5.805193e-02 
 1.562151e+00  5.919152e-02 
 1.562559e+00  6.035042e-02 
 1.562966e+00  6.151640e-02 
 1.563374e+00  6.268041e-02 
 1.563781e+00  6.388540e-02 
 1.564189e+00  6.515585e-02 
 1.564597e+00  6.649103e-02 
 1.565004e+00  6.786422e-02 
 1.565412e+00  6.925557e-02 
 1.565820e+00  7.070897e-02 
 1.566227e+00  7.222070e-02 
 1.566635e+00  7.376251e-02 
 1.567043e+00  7.531748e-02 
 1.567450e+00  7.689366e-02 
 1.567858e+00  7.849918e-02 
 1.568265e+00  8.012261e-02 
 1.568673e+00  8.174646e-02 
 1.569081e+00  8.334171e-02 
 1.569488e+00  8.490452e-02 
 1.569896e+00  8.641651e-02 
 1.570304e+00  8.789501e-02 
 1.570711e+00  8.936816e-02 
 1.571119e+00  9.086932e-02 
 1.571527e+00  9.243343e-02 
 1.571934e+00  9.405267e-02 
 1.572342e+00  9.571651e-02 
 1.572750e+00  9.739391e-02 
 1.573157e+00  9.905276e-02 
 1.573565e+00  1.006731e-01 
 1.573972e+00  1.022491e-01 
 1.574380e+00  1.037524e-01 
 1.574788e+00  1.052978e-01 
 1.575195e+00  1.068504e-01 
 1.575603e+00  1.083953e-01 
 1.576011e+00  1.099176e-01 
 1.576418e+00  1.114069e-01 
 1.576826e+00  1.128812e-01 
 1.577234e+00  1.143431e-01 
 1.577641e+00  1.158258e-01 
 1.578049e+00  1.173219e-01 
 1.578457e+00  1.188249e-01 
 1.578864e+00  1.202948e-01 
 1.579272e+00  1.217339e-01 
 1.579680e+00  1.231858e-01 
 1.580087e+00  1.246459e-01 
 1.580495e+00  1.261258e-01 
 1.580903e+00  1.275966e-01 
 1.581310e+00  1.290298e-01 
 1.581718e+00  1.304394e-01 
 1.582125e+00  1.318413e-01 
 1.582533e+00  1.332168e-01 
 1.582941e+00  1.345740e-01 
 1.583348e+00  1.359517e-01 
 1.583756e+00  1.373676e-01 
 1.584164e+00  1.388025e-01 
 1.584571e+00  1.402380e-01 
 1.584979e+00  1.416786e-01 
 1.585387e+00  1.431310e-01 
 1.585794e+00  1.446215e-01 
 1.586202e+00  1.460868e-01 
 1.586610e+00  1.474858e-01 
 1.587017e+00  1.488278e-01 
 1.587425e+00  1.501290e-01 
 1.587833e+00  1.513883e-01 
 1.588240e+00  1.525882e-01 
 1.588648e+00  1.537450e-01 
 1.589056e+00  1.548922e-01 
 1.589463e+00  1.559842e-01 
 1.589871e+00  1.570348e-01 
 1.590279e+00  1.580208e-01 
 1.590686e+00  1.589761e-01 
 1.591094e+00  1.598876e-01 
 1.591502e+00  1.607565e-01 
 1.591909e+00  1.615474e-01 
 1.592317e+00  1.622591e-01 
 1.592725e+00  1.629056e-01 
 1.593133e+00  1.635079e-01 
 1.593540e+00  1.640948e-01 
 1.593948e+00  1.647011e-01 
 1.594356e+00  1.653432e-01 
 1.594763e+00  1.660065e-01 
 1.595171e+00  1.666604e-01 
 1.595579e+00  1.672549e-01 
 1.595987e+00  1.677881e-01 
 1.596394e+00  1.682842e-01 
 1.596802e+00  1.687323e-01 
 1.597210e+00  1.691293e-01 
 1.597618e+00  1.695108e-01 
 1.598025e+00  1.699147e-01 
 1.598433e+00  1.703607e-01 
 1.598841e+00  1.708129e-01 
 1.599248e+00  1.712446e-01 
 1.599656e+00  1.716705e-01 
 1.600064e+00  1.720217e-01 
 1.600472e+00  1.723676e-01 
 1.600879e+00  1.727025e-01 
 1.601287e+00  1.730431e-01 
 1.601695e+00  1.733510e-01 
 1.602103e+00  1.736006e-01 
 1.602510e+00  1.738332e-01 
 1.602918e+00  1.740786e-01 
 1.603326e+00  1.743105e-01 
 1.603733e+00  1.744945e-01 
 1.604141e+00  1.746289e-01 
 1.604549e+00  1.746949e-01 
 1.604957e+00  1.746645e-01 
 1.605364e+00  1.745789e-01 
 1.605772e+00  1.744713e-01 
 1.606180e+00  1.743548e-01 
 1.606588e+00  1.742284e-01 
 1.606995e+00  1.740640e-01 
 1.607403e+00  1.738393e-01 
 1.607811e+00  1.735399e-01 
 1.608219e+00  1.731909e-01 
 1.608626e+00  1.728079e-01 
 1.609034e+00  1.723818e-01 
 1.609442e+00  1.718950e-01 
 1.609849e+00  1.713406e-01 
 1.610257e+00  1.707575e-01 
 1.610665e+00  1.701751e-01 
 1.611073e+00  1.695879e-01 
 1.611480e+00  1.689739e-01 
 1.611888e+00  1.683451e-01 
 1.612296e+00  1.677093e-01 
 1.612704e+00  1.670581e-01 
 1.613111e+00  1.663536e-01 
 1.613519e+00  1.655922e-01 
 1.613927e+00  1.648027e-01 
 1.614335e+00  1.640174e-01 
 1.614742e+00  1.632067e-01 
 1.615150e+00  1.623865e-01 
 1.615558e+00  1.615642e-01 
 1.615966e+00  1.608023e-01 
 1.616373e+00  1.601025e-01 
 1.616781e+00  1.594460e-01 
 1.617189e+00  1.588059e-01 
 1.617597e+00  1.581939e-01 
 1.618004e+00  1.575873e-01 
 1.618412e+00  1.569407e-01 
 1.618820e+00  1.562718e-01 
 1.619227e+00  1.556014e-01 
 1.619635e+00  1.549149e-01 
 1.620043e+00  1.542265e-01 
 1.620451e+00  1.535537e-01 
 1.620859e+00  1.528908e-01 
 1.621266e+00  1.522117e-01 
 1.621674e+00  1.515041e-01 
 1.622082e+00  1.507733e-01 
 1.622490e+00  1.500410e-01 
 1.622897e+00  1.493178e-01 
 1.623305e+00  1.486172e-01 
 1.623713e+00  1.479742e-01 
 1.624121e+00  1.474018e-01 
 1.624528e+00  1.468571e-01 
 1.624936e+00  1.462931e-01 
 1.625344e+00  1.457119e-01 
 1.625752e+00  1.451222e-01 
 1.626159e+00  1.445195e-01 
 1.626567e+00  1.439016e-01 
 1.626975e+00  1.432622e-01 
 1.627383e+00  1.426140e-01 
 1.627790e+00  1.419839e-01 
 1.628198e+00  1.413936e-01 
 1.628606e+00  1.408453e-01 
 1.629013e+00  1.403521e-01 
 1.629421e+00  1.399237e-01 
 1.629829e+00  1.395045e-01 
 1.630236e+00  1.391556e-01 
 1.630644e+00  1.388141e-01 
 1.631052e+00  1.384672e-01 
 1.631460e+00  1.381023e-01 
 1.631867e+00  1.377501e-01 
 1.632275e+00  1.374029e-01 
 1.632683e+00  1.370506e-01 
 1.633090e+00  1.367002e-01 
 1.633498e+00  1.363662e-01 
 1.633906e+00  1.360657e-01 
 1.634314e+00  1.357664e-01 
 1.634721e+00  1.354453e-01 
 1.635129e+00  1.351105e-01 
 1.635537e+00  1.347730e-01 
 1.635944e+00  1.344196e-01 
 1.636352e+00  1.340596e-01 
 1.636760e+00  1.336509e-01 
 1.637167e+00  1.332191e-01 
 1.637575e+00  1.327717e-01 
 1.637983e+00  1.323119e-01 
 1.638390e+00  1.318252e-01 
 1.638798e+00  1.313085e-01 
 1.639206e+00  1.307865e-01 
 1.639613e+00  1.302764e-01 
 1.640021e+00  1.297620e-01 
 1.640429e+00  1.292388e-01 
 1.640836e+00  1.286842e-01 
 1.641244e+00  1.281180e-01 
 1.641652e+00  1.275410e-01 
 1.642059e+00  1.269547e-01 
 1.642467e+00  1.263422e-01 
 1.642874e+00  1.256862e-01 
 1.643282e+00  1.250029e-01 
 1.643690e+00  1.243012e-01 
 1.644097e+00  1.236071e-01 
 1.644505e+00  1.229250e-01 
 1.644913e+00  1.222425e-01 
 1.645320e+00  1.215589e-01 
 1.645728e+00  1.208555e-01 
 1.646136e+00  1.201498e-01 
 1.646543e+00  1.194299e-01 
 1.646951e+00  1.186904e-01 
 1.647358e+00  1.179637e-01 
 1.647766e+00  1.172368e-01 
 1.648174e+00  1.165125e-01 
 1.648581e+00  1.157615e-01 
 1.648989e+00  1.149754e-01 
 1.649397e+00  1.141606e-01 
 1.649804e+00  1.133147e-01 
 1.650212e+00  1.124667e-01 
 1.650620e+00  1.116011e-01 
 1.651027e+00  1.107299e-01 
 1.651435e+00  1.098407e-01 
 1.651842e+00  1.089313e-01 
 1.652250e+00  1.080125e-01 
 1.652658e+00  1.070822e-01 
 1.653065e+00  1.061404e-01 
 1.653473e+00  1.052030e-01 
 1.653881e+00  1.042612e-01 
 1.654289e+00  1.033037e-01 
 1.654696e+00  1.022868e-01 
 1.655104e+00  1.012161e-01 
 1.655512e+00  1.000959e-01 
 1.655919e+00  9.892525e-02 
 1.656327e+00  9.770592e-02 
 1.656735e+00  9.644817e-02 
 1.657142e+00  9.514878e-02 
 1.657550e+00  9.380661e-02 
 1.657958e+00  9.241809e-02 
 1.658366e+00  9.103029e-02 
 1.658773e+00  8.967016e-02 
 1.659181e+00  8.834153e-02 
 1.659589e+00  8.702728e-02 
 1.659996e+00  8.569979e-02 
 1.660404e+00  8.434898e-02 
 1.660812e+00  8.299211e-02 
 1.661220e+00  8.164709e-02 
 1.661627e+00  8.032883e-02 
 1.662035e+00  7.901477e-02 
 1.662443e+00  7.770430e-02 
 1.662850e+00  7.639965e-02 
 1.663258e+00  7.511162e-02 
 1.663666e+00  7.382297e-02 
 1.664074e+00  7.253842e-02 
 1.664481e+00  7.127597e-02 
 1.664889e+00  7.004205e-02 
 1.665297e+00  6.883920e-02 
 1.665704e+00  6.765115e-02 
 1.666112e+00  6.644360e-02 
 1.666520e+00  6.521277e-02 
 1.666928e+00  6.396346e-02 
 1.667335e+00  6.271046e-02 
 1.667743e+00  6.144091e-02 
 1.668151e+00  6.015760e-02 
 1.668558e+00  5.886825e-02 
 1.668966e+00  5.751522e-02 
 1.669374e+00  5.622600e-02 
 1.669782e+00  5.494570e-02 
 1.670189e+00  5.364492e-02 
 1.670597e+00  5.232124e-02 
 1.671005e+00  5.099565e-02 
 1.671412e+00  4.966975e-02 
 1.671820e+00  4.835665e-02 
 1.672228e+00  4.703680e-02 
 1.672635e+00  4.566751e-02 
 1.673043e+00  4.428098e-02 
 1.673451e+00  4.286128e-02 
 1.673859e+00  4.143396e-02 
 1.674266e+00  3.997721e-02 
 1.674674e+00  3.851183e-02 
 1.675082e+00  3.705183e-02 
 1.675489e+00  3.562653e-02 
 1.675897e+00  3.424869e-02 
 1.676305e+00  3.280785e-02 
 1.676713e+00  3.125783e-02 
 1.677120e+00  2.962284e-02 
 1.677528e+00  2.796157e-02 
 1.677936e+00  2.636248e-02 
 1.678343e+00  2.481051e-02 
 1.678751e+00  2.331576e-02 
 1.679159e+00  2.191860e-02 
 1.679567e+00  2.061024e-02 
 1.679974e+00  1.938308e-02 
 1.680382e+00  1.816884e-02 
 1.680790e+00  1.705779e-02 
 1.681198e+00  1.589723e-02 
 1.681605e+00  1.481995e-02 
 1.682013e+00  1.377311e-02 
 1.682421e+00  1.268231e-02 
 1.682828e+00  1.157823e-02 
 1.683236e+00  1.052442e-02 
 1.683644e+00  9.552306e-03 
 1.684052e+00  8.647858e-03 
 1.684459e+00  7.793290e-03 
 1.684867e+00  6.946705e-03 
 1.685275e+00  6.107302e-03 
 1.685683e+00  5.298880e-03 
 1.686090e+00  4.506094e-03 
 1.686498e+00  3.690256e-03 
 1.686906e+00  2.843887e-03 
 1.687314e+00  1.997671e-03 
 1.687721e+00  1.163251e-03 
 1.688129e+00  3.708582e-04 
 1.688537e+00 -3.523933e-04 
 1.688945e+00 -1.033723e-03 
 1.689353e+00 -1.720969e-03 
 1.689760e+00 -2.430070e-03 
 1.690168e+00 -3.139673e-03 
 1.690576e+00 -3.801074e-03 
 1.690984e+00 -4.396298e-03 
 1.691391e+00 -4.927067e-03 
 1.691799e+00 -5.411424e-03 
 1.692207e+00 -5.854003e-03 
 1.692615e+00 -6.272107e-03 
 1.693022e+00 -6.678517e-03 
 1.693430e+00 -7.062294e-03 
 1.693838e+00 -7.398147e-03 
 1.694246e+00 -7.655885e-03 
 1.694654e+00 -7.843431e-03 
 1.695061e+00 -7.969635e-03 
 1.695469e+00 -8.039459e-03 
 1.695877e+00 -8.070115e-03 
 1.696285e+00 -8.061157e-03 
 1.696692e+00 -8.007919e-03 
 1.697100e+00 -7.892913e-03 
 1.697508e+00 -7.728209e-03 
 1.697916e+00 -7.499612e-03 
 1.698324e+00 -7.172229e-03 
 1.698731e+00 -6.743030e-03 
 1.699139e+00 -6.258320e-03 
 1.699547e+00 -5.799271e-03 
 1.699955e+00 -5.347825e-03 
 1.700363e+00 -4.834856e-03 
 1.700770e+00 -4.240102e-03 
 1.701178e+00 -3.522891e-03 
 1.701586e+00 -2.734862e-03 
 1.701994e+00 -1.893776e-03 
 1.702402e+00 -1.052398e-03 
 1.702809e+00 -2.245104e-04 
 1.703217e+00  5.720404e-04 
 1.703625e+00  1.329123e-03 
 1.704033e+00  2.091367e-03 
 1.704441e+00  2.871137e-03 
 1.704848e+00  3.698489e-03 
 1.705256e+00  4.569224e-03 
 1.705664e+00  5.427720e-03 
 1.706072e+00  6.391232e-03 
 1.706480e+00  7.433535e-03 
 1.706887e+00  8.555389e-03 
 1.707295e+00  9.786083e-03 
 1.707703e+00  1.101080e-02 
 1.708111e+00  1.223949e-02 
 1.708519e+00  1.347696e-02 
 1.708926e+00  1.472955e-02 
 1.709334e+00  1.600176e-02 
 1.709742e+00  1.733663e-02 
 1.710150e+00  1.870850e-02 
 1.710558e+00  2.011292e-02 
 1.710965e+00  2.150966e-02 
 1.711373e+00  2.290687e-02 
 1.711781e+00  2.433340e-02 
 1.712189e+00  2.577480e-02 
 1.712597e+00  2.721841e-02 
 1.713004e+00  2.864404e-02 
 1.713412e+00  3.008631e-02 
 1.713820e+00  3.153881e-02 
 1.714228e+00  3.297634e-02 
 1.714636e+00  3.437696e-02 
 1.715043e+00  3.573954e-02 
 1.715451e+00  3.710161e-02 
 1.715859e+00  3.847701e-02 
 1.716267e+00  3.984176e-02 
 1.716674e+00  4.120897e-02 
 1.717082e+00  4.255306e-02 
 1.717490e+00  4.391623e-02 
 1.717898e+00  4.527076e-02 
 1.718305e+00  4.660243e-02 
 1.718713e+00  4.787955e-02 
 1.719121e+00  4.900995e-02 
 1.719529e+00  5.020829e-02 
 1.719937e+00  5.138978e-02 
 1.720344e+00  5.257745e-02 
 1.720752e+00  5.377156e-02 
 1.721160e+00  5.496597e-02 
 1.721568e+00  5.615558e-02 
 1.721975e+00  5.730003e-02 
 1.722383e+00  5.839694e-02 
 1.722791e+00  5.942426e-02 
 1.723199e+00  6.038312e-02 
 1.723607e+00  6.130674e-02 
 1.724014e+00  6.222308e-02 
 1.724422e+00  6.315004e-02 
 1.724830e+00  6.410218e-02 
 1.725238e+00  6.504947e-02 
 1.725645e+00  6.596590e-02 
 1.726053e+00  6.684341e-02 
 1.726461e+00  6.771004e-02 
 1.726869e+00  6.859470e-02 
 1.727276e+00  6.950179e-02 
 1.727684e+00  7.044225e-02 
 1.728092e+00  7.139629e-02 
 1.728500e+00  7.232887e-02 
 1.728907e+00  7.319262e-02 
 1.729315e+00  7.398808e-02 
 1.729723e+00  7.475694e-02 
 1.730131e+00  7.553538e-02 
 1.730538e+00  7.631621e-02 
 1.730946e+00  7.707028e-02 
 1.731354e+00  7.777310e-02 
 1.731762e+00  7.840824e-02 
 1.732169e+00  7.900175e-02 
 1.732577e+00  7.957685e-02 
 1.732985e+00  8.013418e-02 
 1.733393e+00  8.069137e-02 
 1.733800e+00  8.126750e-02 
 1.734208e+00  8.185955e-02 
 1.734616e+00  8.247653e-02 
 1.735023e+00  8.310349e-02 
 1.735431e+00  8.374280e-02 
 1.735839e+00  8.442164e-02 
 1.736247e+00  8.512172e-02 
 1.736654e+00  8.582708e-02 
 1.737062e+00  8.655465e-02 
 1.737470e+00  8.729747e-02 
 1.737877e+00  8.802068e-02 
 1.738285e+00  8.874968e-02 
 1.738693e+00  8.950455e-02 
 1.739101e+00  9.028790e-02 
 1.739508e+00  9.109977e-02 
 1.739916e+00  9.194316e-02 
 1.740324e+00  9.283141e-02 
 1.740731e+00  9.373779e-02 
 1.741139e+00  9.464411e-02 
 1.741547e+00  9.554273e-02 
 1.741954e+00  9.643935e-02 
 1.742362e+00  9.732963e-02 
 1.742770e+00  9.823293e-02 
 1.743178e+00  9.922631e-02 
 1.743585e+00  1.001683e-01 
 1.743993e+00  1.011285e-01 
 1.744401e+00  1.021450e-01 
 1.744808e+00  1.032020e-01 
 1.745216e+00  1.042714e-01 
 1.745624e+00  1.053396e-01 
 1.746032e+00  1.064138e-01 
 1.746439e+00  1.075074e-01 
 1.746847e+00  1.086154e-01 
 1.747255e+00  1.097301e-01 
 1.747662e+00  1.107992e-01 
 1.748070e+00  1.119344e-01 
 1.748478e+00  1.130631e-01 
 1.748885e+00  1.142702e-01 
 1.749293e+00  1.154138e-01 
 1.749701e+00  1.165566e-01 
 1.750108e+00  1.176799e-01 
 1.750516e+00  1.187973e-01 
 1.750924e+00  1.199127e-01 
 1.751331e+00  1.209420e-01 
 1.751739e+00  1.220370e-01 
 1.752147e+00  1.231464e-01 
 1.752554e+00  1.242576e-01 
 1.752962e+00  1.253779e-01 
 1.753370e+00  1.265084e-01 
 1.753777e+00  1.276725e-01 
 1.754185e+00  1.288924e-01 
 1.754593e+00  1.301433e-01 
 1.755000e+00  1.314109e-01 
 1.755408e+00  1.326821e-01 
 1.755816e+00  1.339490e-01 
 1.756223e+00  1.351791e-01 
 1.756631e+00  1.364001e-01 
 1.757039e+00  1.376329e-01 
 1.757447e+00  1.388855e-01 
 1.757854e+00  1.401651e-01 
 1.758262e+00  1.414930e-01 
 1.758670e+00  1.428572e-01 
 1.759077e+00  1.442766e-01 
 1.759485e+00  1.457569e-01 
 1.759893e+00  1.473139e-01 
 1.760300e+00  1.488974e-01 
 1.760708e+00  1.504764e-01 
 1.761116e+00  1.520086e-01 
 1.761523e+00  1.534903e-01 
 1.761931e+00  1.549416e-01 
 1.762339e+00  1.563585e-01 
 1.762747e+00  1.577731e-01 
 1.763154e+00  1.592009e-01 
 1.763562e+00  1.606432e-01 
 1.763970e+00  1.620937e-01 
 1.764377e+00  1.635335e-01 
 1.764785e+00  1.649558e-01 
 1.765193e+00  1.663511e-01 
 1.765601e+00  1.677205e-01 
 1.766008e+00  1.690636e-01 
 1.766413e+00  1.703561e-01 
 1.766818e+00  1.715916e-01 
 1.767222e+00  1.727765e-01 
 1.767627e+00  1.739243e-01 
 1.768032e+00  1.750418e-01 
 1.768436e+00  1.761292e-01 
 1.768841e+00  1.771780e-01 
 1.769246e+00  1.782176e-01 
 1.769650e+00  1.792217e-01 
 1.770055e+00  1.802048e-01 
 1.770454e+00  1.811356e-01 
 1.770854e+00  1.820164e-01 
 1.771253e+00  1.828736e-01 
 1.771652e+00  1.837041e-01 
 1.772052e+00  1.845542e-01 
 1.772451e+00  1.854486e-01 
 1.772851e+00  1.863817e-01 
 1.773250e+00  1.873472e-01 
 1.773649e+00  1.883079e-01 
 1.774049e+00  1.892433e-01 
 1.774443e+00  1.901320e-01 
 1.774837e+00  1.909902e-01 
 1.775232e+00  1.918147e-01 
 1.775626e+00  1.926190e-01 
 1.776020e+00  1.933952e-01 
 1.776414e+00  1.941272e-01 
 1.776809e+00  1.948086e-01 
 1.777203e+00  1.954557e-01 
 1.777597e+00  1.960648e-01 
 1.777991e+00  1.966189e-01 
 1.778381e+00  1.970838e-01 
 1.778770e+00  1.974702e-01 
 1.779159e+00  1.978011e-01 
 1.779548e+00  1.980532e-01 
 1.779938e+00  1.982491e-01 
 1.780327e+00  1.983927e-01 
 1.780716e+00  1.985027e-01 
 1.781105e+00  1.985875e-01 
 1.781495e+00  1.986045e-01 
 1.781884e+00  1.985434e-01 
 1.782268e+00  1.984097e-01 
 1.782653e+00  1.982219e-01 
 1.783037e+00  1.980023e-01 
 1.783422e+00  1.977561e-01 
 1.783806e+00  1.974804e-01 
 1.784191e+00  1.971963e-01 
 1.784575e+00  1.967790e-01 
 1.784959e+00  1.962924e-01 
 1.785344e+00  1.957721e-01 
 1.785728e+00  1.952117e-01 
 1.786108e+00  1.946169e-01 
 1.786488e+00  1.939621e-01 
 1.786868e+00  1.932515e-01 
 1.787248e+00  1.924778e-01 
 1.787627e+00  1.916599e-01 
 1.788007e+00  1.908177e-01 
 1.788387e+00  1.899561e-01 
 1.788767e+00  1.890981e-01 
 1.789147e+00  1.882362e-01 
 1.789526e+00  1.873783e-01 
 1.789902e+00  1.865350e-01 
 1.790277e+00  1.856925e-01 
 1.790652e+00  1.848270e-01 
 1.791028e+00  1.839179e-01 
 1.791403e+00  1.829627e-01 
 1.791778e+00  1.819783e-01 
 1.792153e+00  1.809752e-01 
 1.792529e+00  1.799690e-01 
 1.792904e+00  1.789534e-01 
 1.793279e+00  1.779220e-01 
 1.793650e+00  1.768796e-01 
 1.794021e+00  1.758216e-01 
 1.794392e+00  1.747477e-01 
 1.794763e+00  1.736364e-01 
 1.795134e+00  1.724777e-01 
 1.795505e+00  1.712728e-01 
 1.795876e+00  1.700220e-01 
 1.796247e+00  1.687264e-01 
 1.796618e+00  1.673853e-01 
 1.796989e+00  1.660117e-01 
 1.797356e+00  1.646472e-01 
 1.797722e+00  1.632905e-01 
 1.798089e+00  1.619455e-01 
 1.798456e+00  1.606176e-01 
 1.798822e+00  1.593007e-01 
 1.799189e+00  1.580042e-01 
 1.799556e+00  1.567213e-01 
 1.799923e+00  1.554532e-01 
 1.800289e+00  1.541862e-01 
 1.800656e+00  1.529082e-01 
 1.801018e+00  1.516289e-01 
 1.801381e+00  1.503560e-01 
 1.801744e+00  1.490855e-01 
 1.802106e+00  1.478352e-01 
 1.802469e+00  1.466166e-01 
 1.802831e+00  1.454562e-01 
 1.803194e+00  1.443555e-01 
 1.803556e+00  1.433248e-01 
 1.803919e+00  1.423268e-01 
 1.804281e+00  1.413456e-01 
 1.804640e+00  1.403728e-01 
 1.804998e+00  1.393811e-01 
 1.805357e+00  1.383687e-01 
 1.805715e+00  1.372557e-01 
 1.806074e+00  1.363107e-01 
 1.806432e+00  1.353110e-01 
 1.806791e+00  1.342591e-01 
 1.807149e+00  1.332846e-01 
 1.807508e+00  1.323046e-01 
 1.807866e+00  1.313259e-01 
 1.808221e+00  1.303722e-01 
 1.808575e+00  1.294516e-01 
 1.808930e+00  1.285516e-01 
 1.809284e+00  1.276758e-01 
 1.809639e+00  1.267801e-01 
 1.809993e+00  1.258586e-01 
 1.810348e+00  1.249153e-01 
 1.810702e+00  1.239685e-01 
 1.811057e+00  1.230315e-01 
 1.811411e+00  1.221265e-01 
 1.811762e+00  1.212489e-01 
 1.812113e+00  1.203922e-01 
 1.812465e+00  1.195368e-01 
 1.812816e+00  1.186837e-01 
 1.813167e+00  1.178119e-01 
 1.813518e+00  1.169344e-01 
 1.813869e+00  1.160275e-01 
 1.814220e+00  1.151334e-01 
 1.814571e+00  1.142469e-01 
 1.814922e+00  1.133937e-01 
 1.815270e+00  1.125832e-01 
 1.815617e+00  1.118016e-01 
 1.815964e+00  1.110348e-01 
 1.816312e+00  1.102784e-01 
 1.816659e+00  1.095350e-01 
 1.817006e+00  1.088018e-01 
 1.817354e+00  1.080918e-01 
 1.817701e+00  1.074148e-01 
 1.818049e+00  1.067778e-01 
 1.818396e+00  1.061552e-01 
 1.818740e+00  1.055475e-01 
 1.819084e+00  1.049477e-01 
 1.819427e+00  1.043555e-01 
 1.819771e+00  1.037859e-01 
 1.820115e+00  1.032370e-01 
 1.820459e+00  1.026953e-01 
 1.820802e+00  1.021634e-01 
 1.821146e+00  1.016358e-01 
 1.821490e+00  1.011151e-01 
 1.821834e+00  1.005766e-01 
 1.822174e+00  1.000253e-01 
 1.822514e+00  9.943456e-02 
 1.822855e+00  9.881228e-02 
 1.823195e+00  9.816638e-02 
 1.823535e+00  9.748813e-02 
 1.823876e+00  9.678778e-02 
 1.824216e+00  9.606880e-02 
 1.824556e+00  9.533709e-02 
 1.824896e+00  9.460456e-02 
 1.825237e+00  9.386630e-02 
 1.825573e+00  9.312512e-02 
 1.825910e+00  9.238123e-02 
 1.826247e+00  9.162268e-02 
 1.826584e+00  9.085186e-02 
 1.826921e+00  9.006995e-02 
 1.827258e+00  8.926618e-02 
 1.827594e+00  8.844064e-02 
 1.827931e+00  8.760602e-02 
 1.828268e+00  8.676470e-02 
 1.828605e+00  8.594109e-02 
 1.828938e+00  8.513523e-02 
 1.829272e+00  8.441323e-02 
 1.829605e+00  8.363346e-02 
 1.829939e+00  8.284436e-02 
 1.830272e+00  8.205814e-02 
 1.830606e+00  8.126129e-02 
 1.830939e+00  8.045712e-02 
 1.831273e+00  7.963939e-02 
 1.831606e+00  7.880097e-02 
 1.831940e+00  7.793905e-02 
 1.832270e+00  7.706430e-02 
 1.832600e+00  7.617302e-02 
 1.832930e+00  7.527213e-02 
 1.833261e+00  7.436881e-02 
 1.833591e+00  7.346686e-02 
 1.833921e+00  7.256423e-02 
 1.834251e+00  7.167358e-02 
 1.834582e+00  7.079771e-02 
 1.834912e+00  6.993390e-02 
 1.835242e+00  6.906647e-02 
 1.835569e+00  6.818995e-02 
 1.835897e+00  6.729335e-02 
 1.836224e+00  6.636854e-02 
 1.836551e+00  6.544189e-02 
 1.836879e+00  6.451350e-02 
 1.837206e+00  6.358427e-02 
 1.837534e+00  6.264426e-02 
 1.837861e+00  6.169912e-02 
 1.838188e+00  6.075531e-02 
 1.838516e+00  5.982078e-02 
 1.838840e+00  5.889727e-02 
 1.839164e+00  5.796869e-02 
 1.839488e+00  5.701623e-02 
 1.839813e+00  5.604151e-02 
 1.840137e+00  5.503633e-02 
 1.840461e+00  5.401861e-02 
 1.840786e+00  5.296684e-02 
 1.841110e+00  5.188796e-02 
 1.841434e+00  5.079563e-02 
 1.841758e+00  4.970387e-02 
 1.842080e+00  4.860438e-02 
 1.842401e+00  4.747282e-02 
 1.842722e+00  4.630560e-02 
 1.843043e+00  4.510235e-02 
 1.843364e+00  4.385970e-02 
 1.843686e+00  4.260489e-02 
 1.844007e+00  4.133812e-02 
 1.844328e+00  4.006920e-02 
 1.844649e+00  3.880489e-02 
 1.844971e+00  3.752975e-02 
 1.845289e+00  3.626599e-02 
 1.845607e+00  3.499344e-02 
 1.845925e+00  3.374211e-02 
 1.846244e+00  3.243149e-02 
 1.846562e+00  3.119462e-02 
 1.846880e+00  2.995032e-02 
 1.847199e+00  2.871098e-02 
 1.847517e+00  2.749327e-02 
 1.847835e+00  2.628125e-02 
 1.848153e+00  2.509973e-02 
 1.848469e+00  2.392797e-02 
 1.848784e+00  2.277497e-02 
 1.849100e+00  2.164686e-02 
 1.849415e+00  2.053657e-02 
 1.849730e+00  1.942697e-02 
 1.850046e+00  1.830798e-02 
 1.850361e+00  1.718705e-02 
 1.850677e+00  1.605767e-02 
 1.850992e+00  1.492667e-02 
 1.851307e+00  1.377944e-02 
 1.851620e+00  1.265333e-02 
 1.851933e+00  1.153076e-02 
 1.852245e+00  1.042259e-02 
 1.852558e+00  9.334767e-03 
 1.852870e+00  8.232060e-03 
 1.853183e+00  7.112127e-03 
 1.853495e+00  5.980635e-03 
 1.853808e+00  4.836275e-03 
 1.854121e+00  3.679230e-03 
 1.854433e+00  2.532151e-03 
 1.854743e+00  1.418403e-03 
 1.855053e+00  3.167475e-04 
 1.855363e+00 -7.692503e-04 
 1.855673e+00 -1.849515e-03 
 1.855982e+00 -2.931968e-03 
 1.856292e+00 -3.999110e-03 
 1.856602e+00 -5.039176e-03 
 1.856912e+00 -6.031351e-03 
 1.857222e+00 -6.989306e-03 
 1.857532e+00 -7.912732e-03 
 1.857839e+00 -8.823235e-03 
 1.858146e+00 -9.723713e-03 
 1.858454e+00 -1.060603e-02 
 1.858761e+00 -1.145895e-02 
 1.859069e+00 -1.228850e-02 
 1.859376e+00 -1.309381e-02 
 1.859684e+00 -1.386973e-02 
 1.859991e+00 -1.463108e-02 
 1.860298e+00 -1.539701e-02 
 1.860606e+00 -1.616089e-02 
 1.860911e+00 -1.692116e-02 
 1.861215e+00 -1.769557e-02 
 1.861520e+00 -1.848206e-02 
 1.861825e+00 -1.928168e-02 
 1.862130e+00 -2.010331e-02 
 1.862434e+00 -2.092050e-02 
 1.862739e+00 -2.172687e-02 
 1.863044e+00 -2.252218e-02 
 1.863349e+00 -2.330745e-02 
 1.863654e+00 -2.406682e-02 
 1.863956e+00 -2.479373e-02 
 1.864258e+00 -2.550195e-02 
 1.864560e+00 -2.618012e-02 
 1.864862e+00 -2.682832e-02 
 1.865164e+00 -2.744576e-02 
 1.865467e+00 -2.803637e-02 
 1.865769e+00 -2.856949e-02 
 1.866071e+00 -2.907097e-02 
 1.866373e+00 -2.945794e-02 
 1.866675e+00 -2.989153e-02 
 1.866975e+00 -3.030991e-02 
 1.867275e+00 -3.070533e-02 
 1.867574e+00 -3.107875e-02 
 1.867874e+00 -3.144724e-02 
 1.868174e+00 -3.179855e-02 
 1.868473e+00 -3.211888e-02 
 1.868773e+00 -3.241276e-02 
 1.869072e+00 -3.267971e-02 
 1.869372e+00 -3.292505e-02 
 1.869672e+00 -3.314845e-02 
 1.869969e+00 -3.335517e-02 
 1.870267e+00 -3.354587e-02 
 1.870564e+00 -3.372658e-02 
 1.870862e+00 -3.389590e-02 
 1.871159e+00 -3.406852e-02 
 1.871456e+00 -3.423952e-02 
 1.871754e+00 -3.441858e-02 
 1.872051e+00 -3.457703e-02 
 1.872349e+00 -3.470567e-02 
 1.872646e+00 -3.481777e-02 
 1.872941e+00 -3.490911e-02 
 1.873236e+00 -3.499568e-02 
 1.873531e+00 -3.507702e-02 
 1.873826e+00 -3.515096e-02 
 1.874121e+00 -3.518921e-02 
 1.874416e+00 -3.519420e-02 
 1.874711e+00 -3.516917e-02 
 1.875006e+00 -3.512687e-02 
 1.875301e+00 -3.506929e-02 
 1.875596e+00 -3.498507e-02 
 1.875889e+00 -3.486591e-02 
 1.876182e+00 -3.470619e-02 
 1.876474e+00 -3.451375e-02 
 1.876767e+00 -3.429587e-02 
 1.877059e+00 -3.406840e-02 
 1.877352e+00 -3.383736e-02 
 1.877645e+00 -3.359174e-02 
 1.877937e+00 -3.332373e-02 
 1.878230e+00 -3.304042e-02 
 1.878523e+00 -3.273870e-02 
 1.878813e+00 -3.243891e-02 
 1.879103e+00 -3.213153e-02 
 1.879394e+00 -3.183367e-02 
 1.879684e+00 -3.154660e-02 
 1.879974e+00 -3.127138e-02 
 1.880264e+00 -3.100077e-02 
 1.880555e+00 -3.072253e-02 
 1.880845e+00 -3.043095e-02 
 1.881135e+00 -3.012512e-02 
 1.881426e+00 -2.979752e-02 
 1.881714e+00 -2.943524e-02 
 1.882002e+00 -2.906376e-02 
 1.882290e+00 -2.868938e-02 
 1.882578e+00 -2.830484e-02 
 1.882866e+00 -2.790477e-02 
 1.883154e+00 -2.747606e-02 
 1.883442e+00 -2.702230e-02 
 1.883730e+00 -2.654982e-02 
 1.884018e+00 -2.606396e-02 
 1.884306e+00 -2.557093e-02 
 1.884592e+00 -2.507160e-02 
 1.884878e+00 -2.454862e-02 
 1.885164e+00 -2.399555e-02 
 1.885449e+00 -2.340406e-02 
 1.885735e+00 -2.277465e-02 
 1.886021e+00 -2.211350e-02 
 1.886307e+00 -2.141026e-02 
 1.886593e+00 -2.067171e-02 
 1.886878e+00 -1.990081e-02 
 1.887164e+00 -1.909467e-02 
 1.887448e+00 -1.827748e-02 
 1.887731e+00 -1.744895e-02 
 1.888015e+00 -1.662322e-02 
 1.888299e+00 -1.579556e-02 
 1.888582e+00 -1.496395e-02 
 1.888866e+00 -1.414722e-02 
 1.889149e+00 -1.332495e-02 
 1.889433e+00 -1.249903e-02 
 1.889717e+00 -1.166148e-02 
 1.890000e+00 -1.079797e-02 
 1.890282e+00 -9.912210e-03 
 1.890563e+00 -9.005401e-03 
 1.890845e+00 -8.082584e-03 
 1.891126e+00 -7.145509e-03 
 1.891408e+00 -6.186370e-03 
 1.891689e+00 -5.202672e-03 
 1.891970e+00 -4.184159e-03 
 1.892252e+00 -3.127496e-03 
 1.892533e+00 -2.037601e-03 
 1.892815e+00 -1.001574e-03 
 1.893094e+00  1.346426e-04 
 1.893373e+00  1.380131e-03 
 1.893653e+00  2.557355e-03 
 1.893932e+00  3.745075e-03 
 1.894211e+00  4.944851e-03 
 1.894491e+00  6.150696e-03 
 1.894770e+00  7.368140e-03 
 1.895049e+00  8.602706e-03 
 1.895329e+00  9.843667e-03 
 1.895608e+00  1.108592e-02 
 1.895885e+00  1.232510e-02 
 1.896163e+00  1.356328e-02 
 1.896440e+00  1.479471e-02 
 1.896717e+00  1.602473e-02 
 1.896994e+00  1.724829e-02 
 1.897272e+00  1.846965e-02 
 1.897549e+00  1.967722e-02 
 1.897826e+00  2.086729e-02 
 1.898103e+00  2.204525e-02 
 1.898380e+00  2.321026e-02 
 1.898656e+00  2.435565e-02 
 1.898931e+00  2.549404e-02 
 1.899206e+00  2.663122e-02 
 1.899481e+00  2.775789e-02 
 1.899757e+00  2.888529e-02 
 1.900032e+00  3.001892e-02 
 1.900307e+00  3.116337e-02 
 1.900582e+00  3.223400e-02 
 1.900857e+00  3.336358e-02 
 1.901133e+00  3.447441e-02 
 1.901406e+00  3.556875e-02 
 1.901679e+00  3.666830e-02 
 1.901952e+00  3.777138e-02 
 1.902225e+00  3.889117e-02 
 1.902499e+00  4.001704e-02 
 1.902772e+00  4.111889e-02 
 1.903045e+00  4.222415e-02 
 1.903318e+00  4.333771e-02 
 1.903592e+00  4.446331e-02 
 1.903865e+00  4.559984e-02 
 1.904136e+00  4.674622e-02 
 1.904407e+00  4.789828e-02 
 1.904678e+00  4.905359e-02 
 1.904950e+00  5.021603e-02 
 1.905221e+00  5.137456e-02 
 1.905492e+00  5.252081e-02 
 1.905764e+00  5.365580e-02 
 1.906035e+00  5.476694e-02 
 1.906306e+00  5.586904e-02 
 1.906577e+00  5.696045e-02 
 1.906847e+00  5.803247e-02 
 1.907116e+00  5.909228e-02 
 1.907385e+00  6.013987e-02 
 1.907655e+00  6.117428e-02 
 1.907924e+00  6.220385e-02 
 1.908193e+00  6.322855e-02 
 1.908463e+00  6.425418e-02 
 1.908732e+00  6.528095e-02 
 1.909001e+00  6.637561e-02 
 1.909271e+00  6.738785e-02 
 1.909538e+00  6.839690e-02 
 1.909806e+00  6.932784e-02 
 1.910073e+00  7.031929e-02 
 1.910341e+00  7.129714e-02 
 1.910608e+00  7.226357e-02 
 1.910876e+00  7.321534e-02 
 1.911143e+00  7.417044e-02 
 1.911410e+00  7.511731e-02 
 1.911678e+00  7.605686e-02 
 1.911945e+00  7.699169e-02 
 1.912211e+00  7.792395e-02 
 1.912477e+00  7.886665e-02 
 1.912742e+00  7.980546e-02 
 1.913008e+00  8.075795e-02 
 1.913274e+00  8.171740e-02 
 1.913539e+00  8.269150e-02 
 1.913805e+00  8.367794e-02 
 1.914070e+00  8.466327e-02 
 1.914336e+00  8.563800e-02 
 1.914602e+00  8.660165e-02 
 1.914866e+00  8.753876e-02 
 1.915130e+00  8.852052e-02 
 1.915394e+00  8.942301e-02 
 1.915658e+00  9.031855e-02 
 1.915922e+00  9.120641e-02 
 1.916186e+00  9.207813e-02 
 1.916450e+00  9.292780e-02 
 1.916714e+00  9.374486e-02 
 1.916978e+00  9.453545e-02 
 1.917242e+00  9.529910e-02 
 1.917505e+00  9.597090e-02 
 1.917767e+00  9.670651e-02 
 1.918029e+00  9.750485e-02 
 1.918291e+00  9.814637e-02 
 1.918554e+00  9.884716e-02 
 1.918816e+00  9.954676e-02 
 1.919078e+00  1.003023e-01 
 1.919340e+00  1.009893e-01 
 1.919603e+00  1.016701e-01 
 1.919865e+00  1.023684e-01 
 1.920126e+00  1.030187e-01 
 1.920386e+00  1.037272e-01 
 1.920647e+00  1.044399e-01 
 1.920907e+00  1.051558e-01 
 1.921168e+00  1.058795e-01 
 1.921428e+00  1.066113e-01 
 1.921689e+00  1.073602e-01 
 1.921949e+00  1.081256e-01 
 1.922210e+00  1.089092e-01 
 1.922470e+00  1.097012e-01 
 1.922729e+00  1.104965e-01 
 1.922988e+00  1.112868e-01 
 1.923246e+00  1.121450e-01 
 1.923505e+00  1.129421e-01 
 1.923764e+00  1.137379e-01 
 1.924023e+00  1.145338e-01 
 1.924281e+00  1.153226e-01 
 1.924540e+00  1.161054e-01 
 1.924799e+00  1.168872e-01 
 1.925058e+00  1.176759e-01 
 1.925315e+00  1.184672e-01 
 1.925572e+00  1.192669e-01 
 1.925829e+00  1.200769e-01 
 1.926086e+00  1.208940e-01 
 1.926343e+00  1.217271e-01 
 1.926600e+00  1.225598e-01 
 1.926857e+00  1.233357e-01 
 1.927114e+00  1.241774e-01 
 1.927371e+00  1.250099e-01 
 1.927628e+00  1.258516e-01 
 1.927884e+00  1.267128e-01 
 1.928139e+00  1.275767e-01 
 1.928394e+00  1.284445e-01 
 1.928650e+00  1.293327e-01 
 1.928905e+00  1.302128e-01 
 1.929161e+00  1.310877e-01 
 1.929416e+00  1.319605e-01 
 1.929671e+00  1.328295e-01 
 1.929927e+00  1.337100e-01 
 1.930182e+00  1.345954e-01 
 1.930436e+00  1.354866e-01 
 1.930689e+00  1.364039e-01 
 1.930943e+00  1.373331e-01 
 1.931197e+00  1.382836e-01 
 1.931451e+00  1.392737e-01 
 1.931704e+00  1.402894e-01 
 1.931958e+00  1.413232e-01 
 1.932212e+00  1.423519e-01 
 1.932466e+00  1.433950e-01 
 1.932719e+00  1.444340e-01 
 1.932972e+00  1.454559e-01 
 1.933224e+00  1.464877e-01 
 1.933476e+00  1.475202e-01 
 1.933728e+00  1.485472e-01 
 1.933980e+00  1.495608e-01 
 1.934232e+00  1.505698e-01 
 1.934484e+00  1.515708e-01 
 1.934736e+00  1.525706e-01 
 1.934988e+00  1.535516e-01 
 1.935241e+00  1.545322e-01 
 1.935491e+00  1.554968e-01 
 1.935742e+00  1.564677e-01 
 1.935992e+00  1.574325e-01 
 1.936243e+00  1.584039e-01 
 1.936493e+00  1.593792e-01 
 1.936744e+00  1.603400e-01 
 1.936994e+00  1.612937e-01 
 1.937245e+00  1.622354e-01 
 1.937495e+00  1.631868e-01 
 1.937746e+00  1.641272e-01 
 1.937995e+00  1.650623e-01 
 1.938244e+00  1.659896e-01 
 1.938493e+00  1.669042e-01 
 1.938742e+00  1.678169e-01 
 1.938991e+00  1.687240e-01 
 1.939240e+00  1.696247e-01 
 1.939489e+00  1.705279e-01 
 1.939738e+00  1.714311e-01 
 1.939987e+00  1.723209e-01 
 1.940236e+00  1.732178e-01 
 1.940483e+00  1.741166e-01 
 1.940730e+00  1.750099e-01 
 1.940978e+00  1.759138e-01 
 1.941225e+00  1.768278e-01 
 1.941473e+00  1.777341e-01 
 1.941720e+00  1.786436e-01 
 1.941968e+00  1.795493e-01 
 1.942215e+00  1.804586e-01 
 1.942463e+00  1.813641e-01 
 1.942710e+00  1.822536e-01 
 1.942956e+00  1.831372e-01 
 1.943202e+00  1.840098e-01 
 1.943448e+00  1.848671e-01 
 1.943694e+00  1.857241e-01 
 1.943940e+00  1.865853e-01 
 1.944186e+00  1.874462e-01 
 1.944432e+00  1.883113e-01 
 1.944677e+00  1.891784e-01 
 1.944923e+00  1.900539e-01 
 1.945169e+00  1.909398e-01 
 1.945414e+00  1.918191e-01 
 1.945658e+00  1.926934e-01 
 1.945903e+00  1.935584e-01 
 1.946147e+00  1.944121e-01 
 1.946392e+00  1.952494e-01 
 1.946636e+00  1.960771e-01 
 1.946880e+00  1.969115e-01 
 1.947125e+00  1.977472e-01 
 1.947369e+00  1.985785e-01 
 1.947614e+00  1.994188e-01 
 1.947857e+00  2.002642e-01 
 1.948100e+00  2.011137e-01 
 1.948343e+00  2.019771e-01 
 1.948586e+00  2.028399e-01 
 1.948829e+00  2.036985e-01 
 1.949072e+00  2.045673e-01 
 1.949314e+00  2.054264e-01 
 1.949557e+00  2.062791e-01 
 1.949800e+00  2.071397e-01 
 1.950043e+00  2.079882e-01 
 1.950285e+00  2.088212e-01 
 1.950526e+00  2.096543e-01 
 1.950768e+00  2.104872e-01 
 1.951009e+00  2.113308e-01 
 1.951251e+00  2.121836e-01 
 1.951492e+00  2.130547e-01 
 1.951734e+00  2.139369e-01 
 1.951975e+00  2.148041e-01 
 1.952217e+00  2.156703e-01 
 1.952458e+00  2.165294e-01 
 1.952699e+00  2.173692e-01 
 1.952939e+00  2.182072e-01 
 1.953179e+00  2.190372e-01 
 1.953419e+00  2.198489e-01 
 1.953659e+00  2.206528e-01 
 1.953899e+00  2.214329e-01 
 1.954139e+00  2.221719e-01 
 1.954379e+00  2.228928e-01 
 1.954619e+00  2.235823e-01 
 1.954859e+00  2.242459e-01 
 1.955098e+00  2.248979e-01 
 1.955337e+00  2.255279e-01 
 1.955575e+00  2.261450e-01 
 1.955814e+00  2.267524e-01 
 1.956053e+00  2.273397e-01 
 1.956291e+00  2.279069e-01 
 1.956530e+00  2.284522e-01 
 1.956769e+00  2.289753e-01 
 1.957007e+00  2.294817e-01 
 1.957246e+00  2.299641e-01 
 1.957483e+00  2.304252e-01 
 1.957721e+00  2.308814e-01 
 1.957958e+00  2.313244e-01 
 1.958195e+00  2.317507e-01 
 1.958432e+00  2.321683e-01 
 1.958670e+00  2.325737e-01 
 1.958907e+00  2.329734e-01 
 1.959144e+00  2.333699e-01 
 1.959382e+00  2.337498e-01 
 1.959619e+00  2.341216e-01 
 1.959855e+00  2.344847e-01 
 1.960091e+00  2.348254e-01 
 1.960327e+00  2.351593e-01 
 1.960563e+00  2.354842e-01 
 1.960799e+00  2.357929e-01 
 1.961035e+00  2.361071e-01 
 1.961271e+00  2.364216e-01 
 1.961506e+00  2.367297e-01 
 1.961742e+00  2.370377e-01 
 1.961978e+00  2.373557e-01 
 1.962213e+00  2.376493e-01 
 1.962448e+00  2.379271e-01 
 1.962682e+00  2.381862e-01 
 1.962917e+00  2.384255e-01 
 1.963151e+00  2.386327e-01 
 1.963386e+00  2.388138e-01 
 1.963620e+00  2.389747e-01 
 1.963855e+00  2.391114e-01 
 1.964090e+00  2.392291e-01 
 1.964324e+00  2.393289e-01 
 1.964558e+00  2.394021e-01 
 1.964791e+00  2.394507e-01 
 1.965024e+00  2.394756e-01 
 1.965257e+00  2.394701e-01 
 1.965491e+00  2.394489e-01 
 1.965724e+00  2.394248e-01 
 1.965957e+00  2.393905e-01 
 1.966191e+00  2.393367e-01 
 1.966424e+00  2.392577e-01 
 1.966657e+00  2.391540e-01 
 1.966889e+00  2.390278e-01 
 1.967121e+00  2.388812e-01 
 1.967353e+00  2.387194e-01 
 1.967585e+00  2.385507e-01 
 1.967817e+00  2.383737e-01 
 1.968049e+00  2.381774e-01 
 1.968281e+00  2.379625e-01 
 1.968513e+00  2.377324e-01 
 1.968745e+00  2.374894e-01 
 1.968977e+00  2.372409e-01 
 1.969208e+00  2.369862e-01 
 1.969438e+00  2.367244e-01 
 1.969669e+00  2.364577e-01 
 1.969900e+00  2.361811e-01 
 1.970131e+00  2.358933e-01 
 1.970361e+00  2.355688e-01 
 1.970592e+00  2.352337e-01 
 1.970823e+00  2.348791e-01 
 1.971053e+00  2.345113e-01 
 1.971284e+00  2.341299e-01 
 1.971514e+00  2.337112e-01 
 1.971743e+00  2.332584e-01 
 1.971973e+00  2.327859e-01 
 1.972202e+00  2.322886e-01 
 1.972431e+00  2.317731e-01 
 1.972661e+00  2.312412e-01 
 1.972890e+00  2.306808e-01 
 1.973120e+00  2.300969e-01 
 1.973349e+00  2.294884e-01 
 1.973579e+00  2.288445e-01 
 1.973807e+00  2.281810e-01 
 1.974035e+00  2.275400e-01 
 1.974263e+00  2.268555e-01 
 1.974492e+00  2.261593e-01 
 1.974720e+00  2.254539e-01 
 1.974948e+00  2.247349e-01 
 1.975176e+00  2.239923e-01 
 1.975404e+00  2.232294e-01 
 1.975633e+00  2.224468e-01 
 1.975861e+00  2.216300e-01 
 1.976088e+00  2.207831e-01 
 1.976315e+00  2.199058e-01 
 1.976542e+00  2.189923e-01 
 1.976769e+00  2.180511e-01 
 1.976996e+00  2.170956e-01 
 1.977223e+00  2.161347e-01 
 1.977450e+00  2.151778e-01 
 1.977677e+00  2.142214e-01 
 1.977904e+00  2.132584e-01 
 1.978131e+00  2.122905e-01 
 1.978356e+00  2.113217e-01 
 1.978582e+00  2.103461e-01 
 1.978808e+00  2.093689e-01 
 1.979034e+00  2.083820e-01 
 1.979259e+00  2.073814e-01 
 1.979485e+00  2.063773e-01 
 1.979711e+00  2.053711e-01 
 1.979937e+00  2.043628e-01 
 1.980162e+00  2.033595e-01 
 1.980388e+00  2.023604e-01 
 1.980613e+00  2.013667e-01 
 1.980837e+00  2.003725e-01 
 1.981062e+00  1.993708e-01 
 1.981286e+00  1.983506e-01 
 1.981511e+00  1.973109e-01 
 1.981736e+00  1.962560e-01 
 1.981960e+00  1.951914e-01 
 1.982185e+00  1.941251e-01 
 1.982409e+00  1.930631e-01 
 1.982634e+00  1.920060e-01 
 1.982857e+00  1.909515e-01 
 1.983080e+00  1.898862e-01 
 1.983304e+00  1.888076e-01 
 1.983527e+00  1.877130e-01 
 1.983751e+00  1.866043e-01 
 1.983974e+00  1.854876e-01 
 1.984197e+00  1.843662e-01 
 1.984421e+00  1.832405e-01 
 1.984644e+00  1.821095e-01 
 1.984867e+00  1.809795e-01 
 1.985090e+00  1.798686e-01 
 1.985312e+00  1.787704e-01 
 1.985534e+00  1.776743e-01 
 1.985756e+00  1.765763e-01 
 1.985978e+00  1.754234e-01 
 1.986201e+00  1.743095e-01 
 1.986423e+00  1.731817e-01 
 1.986645e+00  1.720444e-01 
 1.986867e+00  1.708974e-01 
 1.987089e+00  1.697415e-01 
 1.987311e+00  1.685905e-01 
 1.987532e+00  1.674441e-01 
 1.987753e+00  1.663031e-01 
 1.987974e+00  1.651709e-01 
 1.988195e+00  1.640487e-01 
 1.988416e+00  1.629377e-01 
 1.988637e+00  1.618379e-01 
 1.988858e+00  1.607448e-01 
 1.989079e+00  1.596670e-01 
 1.989300e+00  1.586133e-01 
 1.989520e+00  1.575834e-01 
 1.989740e+00  1.565672e-01 
 1.989960e+00  1.555581e-01 
 1.990180e+00  1.545503e-01 
 1.990400e+00  1.535489e-01 
 1.990620e+00  1.525515e-01 
 1.990840e+00  1.515539e-01 
 1.991060e+00  1.505626e-01 
 1.991280e+00  1.495791e-01 
 1.991499e+00  1.485985e-01 
 1.991718e+00  1.476292e-01 
 1.991937e+00  1.466681e-01 
 1.992156e+00  1.457059e-01 
 1.992375e+00  1.447477e-01 
 1.992594e+00  1.438064e-01 
 1.992812e+00  1.428772e-01 
 1.993031e+00  1.419527e-01 
 1.993250e+00  1.410389e-01 
 1.993469e+00  1.401351e-01 
 1.993688e+00  1.392352e-01 
 1.993905e+00  1.383490e-01 
 1.994123e+00  1.374675e-01 
 1.994341e+00  1.365847e-01 
 1.994559e+00  1.357044e-01 
 1.994776e+00  1.348182e-01 
 1.994994e+00  1.339283e-01 
 1.995212e+00  1.330427e-01 
 1.995430e+00  1.321515e-01 
 1.995647e+00  1.312616e-01 
 1.995865e+00  1.303850e-01 
 1.996082e+00  1.295245e-01 
 1.996298e+00  1.286816e-01 
 1.996515e+00  1.278565e-01 
 1.996732e+00  1.270478e-01 
 1.996948e+00  1.262543e-01 
 1.997165e+00  1.254641e-01 
 1.997382e+00  1.246703e-01 
 1.997598e+00  1.238753e-01 
 1.997815e+00  1.230800e-01 
 1.998031e+00  1.222836e-01 
 1.998247e+00  1.214938e-01 
 1.998463e+00  1.207102e-01 
 1.998678e+00  1.199293e-01 
 1.998894e+00  1.191557e-01 
 1.999109e+00  1.183886e-01 
 1.999325e+00  1.176164e-01 
 1.999540e+00  1.168458e-01 
 1.999756e+00  1.160833e-01 
 1.999972e+00  1.153192e-01 
 2.000187e+00  1.145551e-01 
 2.000402e+00  1.138564e-01 
 2.000616e+00  1.131009e-01 
 2.000831e+00  1.123468e-01 
 2.001045e+00  1.115370e-01 
 2.001260e+00  1.107909e-01 
 2.001474e+00  1.100430e-01 
 2.001689e+00  1.093035e-01 
 2.001903e+00  1.085723e-01 
 2.002118e+00  1.078390e-01 
 2.002332e+00  1.071509e-01 
 2.002546e+00  1.064086e-01 
 2.002759e+00  1.056515e-01 
 2.002973e+00  1.048852e-01 
 2.003186e+00  1.041145e-01 
 2.003399e+00  1.033420e-01 
 2.003613e+00  1.025766e-01 
 2.003826e+00  1.018168e-01 
 2.004040e+00  1.010604e-01 
 2.004253e+00  1.003071e-01 
 2.004467e+00  9.955169e-02 
 2.004679e+00  9.880103e-02 
 2.004892e+00  9.805604e-02 
 2.005104e+00  9.731831e-02 
 2.005316e+00  9.658637e-02 
 2.005529e+00  9.585277e-02 
 2.005741e+00  9.512157e-02 
 2.005954e+00  9.439909e-02 
 2.006166e+00  9.367888e-02 
 2.006378e+00  9.296513e-02 
 2.006591e+00  9.226349e-02 
 2.006802e+00  9.156841e-02 
 2.007014e+00  9.087904e-02 
 2.007225e+00  9.020131e-02 
 2.007436e+00  8.952585e-02 
 2.007648e+00  8.885830e-02 
 2.007859e+00  8.820489e-02 
 2.008071e+00  8.755128e-02 
 2.008282e+00  8.690134e-02 
 2.008493e+00  8.626197e-02 
 2.008705e+00  8.561939e-02 
 2.008915e+00  8.497832e-02 
 2.009126e+00  8.433895e-02 
 2.009336e+00  8.368922e-02 
 2.009546e+00  8.303247e-02 
 2.009757e+00  8.237408e-02 
 2.009967e+00  8.170722e-02 
 2.010177e+00  8.103634e-02 
 2.010388e+00  8.036558e-02 
 2.010598e+00  7.968907e-02 
 2.010809e+00  7.900976e-02 
 2.011018e+00  7.833727e-02 
 2.011227e+00  7.767317e-02 
 2.011437e+00  7.702487e-02 
 2.011646e+00  7.639460e-02 
 2.011856e+00  7.577978e-02 
 2.012065e+00  7.517952e-02 
 2.012274e+00  7.458338e-02 
 2.012484e+00  7.397358e-02 
 2.012693e+00  7.335328e-02 
 2.012902e+00  7.272849e-02 
 2.013111e+00  7.209716e-02 
 2.013319e+00  7.146720e-02 
 2.013528e+00  7.084281e-02 
 2.013736e+00  7.021543e-02 
 2.013944e+00  6.959325e-02 
 2.014153e+00  6.897965e-02 
 2.014361e+00  6.836945e-02 
 2.014570e+00  6.776859e-02 
 2.014778e+00  6.717597e-02 
 2.014986e+00  6.658321e-02 
 2.015194e+00  6.599420e-02 
 2.015401e+00  6.540657e-02 
 2.015609e+00  6.481665e-02 
 2.015816e+00  6.422883e-02 
 2.016024e+00  6.364732e-02 
 2.016231e+00  6.306792e-02 
 2.016438e+00  6.249296e-02 
 2.016646e+00  6.192342e-02 
 2.016853e+00  6.135100e-02 
 2.017061e+00  6.077758e-02 
 2.017267e+00  6.020547e-02 
 2.017474e+00  5.961932e-02 
 2.017680e+00  5.902191e-02 
 2.017887e+00  5.842238e-02 
 2.018093e+00  5.781038e-02 
 2.018300e+00  5.718214e-02 
 2.018506e+00  5.654974e-02 
 2.018713e+00  5.591820e-02 
 2.018919e+00  5.528857e-02 
 2.019126e+00  5.466038e-02 
 2.019331e+00  5.403083e-02 
 2.019537e+00  5.339862e-02 
 2.019742e+00  5.276813e-02 
 2.019948e+00  5.213367e-02 
 2.020153e+00  5.149365e-02 
 2.020359e+00  5.085174e-02 
 2.020564e+00  5.020130e-02 
 2.020770e+00  4.953708e-02 
 2.020975e+00  4.886275e-02 
 2.021181e+00  4.817713e-02 
 2.021385e+00  4.747856e-02 
 2.021590e+00  4.676568e-02 
 2.021795e+00  4.603937e-02 
 2.021999e+00  4.529727e-02 
 2.022204e+00  4.454113e-02 
 2.022408e+00  4.377384e-02 
 2.022613e+00  4.300429e-02 
 2.022818e+00  4.224044e-02 
 2.023022e+00  4.147530e-02 
 2.023227e+00  4.070864e-02 
 2.023430e+00  3.994854e-02 
 2.023634e+00  3.918036e-02 
 2.023838e+00  3.840050e-02 
 2.024042e+00  3.761677e-02 
 2.024245e+00  3.682987e-02 
 2.024449e+00  3.604121e-02 
 2.024653e+00  3.525747e-02 
 2.024856e+00  3.448464e-02 
 2.025060e+00  3.372300e-02 
 2.025264e+00  3.296941e-02 
 2.025466e+00  3.222628e-02 
 2.025669e+00  3.148755e-02 
 2.025872e+00  3.075023e-02 
 2.026075e+00  3.001022e-02 
 2.026277e+00  2.926002e-02 
 2.026480e+00  2.850087e-02 
 2.026683e+00  2.773543e-02 
 2.026886e+00  2.696244e-02 
 2.027089e+00  2.619463e-02 
 2.027291e+00  2.543716e-02 
 2.027493e+00  2.468541e-02 
 2.027695e+00  2.393877e-02 
 2.027897e+00  2.320199e-02 
 2.028099e+00  2.247225e-02 
 2.028301e+00  2.174152e-02 
 2.028503e+00  2.100836e-02 
 2.028704e+00  2.027873e-02 
 2.028906e+00  1.954756e-02 
 2.029108e+00  1.880604e-02 
 2.029310e+00  1.805753e-02 
 2.029511e+00  1.731058e-02 
 2.029712e+00  1.656263e-02 
 2.029913e+00  1.581021e-02 
 2.030114e+00  1.505102e-02 
 2.030315e+00  1.428839e-02 
 2.030516e+00  1.351900e-02 
 2.030717e+00  1.274202e-02 
 2.030918e+00  1.195713e-02 
 2.031119e+00  1.116107e-02 
 2.031320e+00  1.036278e-02 
 2.031520e+00  9.568710e-03 
 2.031720e+00  8.766240e-03 
 2.031920e+00  7.957031e-03 
 2.032120e+00  7.075217e-03 
 2.032320e+00  6.319297e-03 
 2.032520e+00  5.489615e-03 
 2.032721e+00  4.650344e-03 
 2.032921e+00  3.797250e-03 
 2.033121e+00  2.880767e-03 
 2.033321e+00  2.032124e-03 
 2.033520e+00  1.242465e-03 
 2.033719e+00  3.466556e-04 
 2.033919e+00 -4.811022e-04 
 2.034118e+00 -1.309158e-03 
 2.034317e+00 -2.150271e-03 
 2.034516e+00 -2.987377e-03 
 2.034716e+00 -3.815956e-03 
 2.034915e+00 -4.640778e-03 
 2.035114e+00 -5.460633e-03 
 2.035313e+00 -6.274108e-03 
 2.035512e+00 -7.081047e-03 
 2.035710e+00 -7.895778e-03 
 2.035908e+00 -8.710071e-03 
 2.036107e+00 -9.510273e-03 
 2.036305e+00 -1.030208e-02 
 2.036503e+00 -1.109180e-02 
 2.036702e+00 -1.188012e-02 
 2.036900e+00 -1.266048e-02 
 2.037099e+00 -1.343886e-02 
 2.037297e+00 -1.423398e-02 
 2.037494e+00 -1.497362e-02 
 2.037692e+00 -1.577113e-02 
 2.037889e+00 -1.657178e-02 
 2.038087e+00 -1.738844e-02 
 2.038285e+00 -1.820206e-02 
 2.038482e+00 -1.900164e-02 
 2.038680e+00 -1.981270e-02 
 2.038877e+00 -2.062360e-02 
 2.039075e+00 -2.141244e-02 
 2.039272e+00 -2.220678e-02 
 2.039469e+00 -2.301241e-02 
 2.039665e+00 -2.380375e-02 
 2.039862e+00 -2.458022e-02 
 2.040059e+00 -2.535910e-02 
 2.040255e+00 -2.614188e-02 
 2.040452e+00 -2.692878e-02 
 2.040649e+00 -2.772177e-02 
 2.040845e+00 -2.851534e-02 
 2.041042e+00 -2.931281e-02 
 2.041239e+00 -3.011885e-02 
 2.041435e+00 -3.091425e-02 
 2.041630e+00 -3.169565e-02 
 2.041826e+00 -3.248035e-02 
 2.042022e+00 -3.325976e-02 
 2.042218e+00 -3.400896e-02 
 2.042414e+00 -3.474010e-02 
 2.042610e+00 -3.546653e-02 
 2.042805e+00 -3.617467e-02 
 2.043001e+00 -3.686799e-02 
 2.043197e+00 -3.755907e-02 
 2.043392e+00 -3.823603e-02 
 2.043587e+00 -3.890156e-02 
 2.043782e+00 -3.956044e-02 
 2.043977e+00 -4.020226e-02 
 2.044172e+00 -4.085160e-02 
 2.044367e+00 -4.152233e-02 
 2.044562e+00 -4.217976e-02 
 2.044757e+00 -4.282207e-02 
 2.044952e+00 -4.346592e-02 
 2.045147e+00 -4.409676e-02 
 2.045341e+00 -4.470797e-02 
 2.045536e+00 -4.531504e-02 
 2.045730e+00 -4.591093e-02 
 2.045924e+00 -4.649409e-02 
 2.046118e+00 -4.707723e-02 
 2.046312e+00 -4.765430e-02 
 2.046507e+00 -4.821557e-02 
 2.046701e+00 -4.876658e-02 
 2.046895e+00 -4.930340e-02 
 2.047089e+00 -4.981736e-02 
 2.047283e+00 -5.031952e-02 
 2.047476e+00 -5.081566e-02 
 2.047669e+00 -5.128907e-02 
 2.047863e+00 -5.174863e-02 
 2.048056e+00 -5.220049e-02 
 2.048249e+00 -5.262873e-02 
 2.048443e+00 -5.304914e-02 
 2.048636e+00 -5.346930e-02 
 2.048830e+00 -5.386540e-02 
 2.049023e+00 -5.425501e-02 
 2.049216e+00 -5.465421e-02 
 2.049408e+00 -5.503678e-02 
 2.049601e+00 -5.540875e-02 
 2.049793e+00 -5.578863e-02 
 2.049986e+00 -5.614987e-02 
 2.050179e+00 -5.650101e-02 
 2.050371e+00 -5.686250e-02 
 2.050564e+00 -5.722087e-02 
 2.050756e+00 -5.757215e-02 
 2.050949e+00 -5.793600e-02 
 2.051141e+00 -5.829749e-02 
 2.051332e+00 -5.863565e-02 
 2.051524e+00 -5.896463e-02 
 2.051716e+00 -5.929424e-02 
 2.051908e+00 -5.960671e-02 
 2.052100e+00 -5.990216e-02 
 2.052291e+00 -6.019162e-02 
 2.052483e+00 -6.046561e-02 
 2.052675e+00 -6.072163e-02 
 2.052867e+00 -6.097194e-02 
 2.053058e+00 -6.121412e-02 
 2.053249e+00 -6.144064e-02 
 2.053440e+00 -6.165966e-02 
 2.053631e+00 -6.188043e-02 
 2.053822e+00 -6.209377e-02 
 2.054013e+00 -6.229158e-02 
 2.054204e+00 -6.248097e-02 
 2.054395e+00 -6.266818e-02 
 2.054586e+00 -6.284475e-02 
 2.054777e+00 -6.300548e-02 
 2.054967e+00 -6.315560e-02 
 2.055158e+00 -6.329067e-02 
 2.055348e+00 -6.340441e-02 
 2.055538e+00 -6.350461e-02 
 2.055728e+00 -6.359605e-02 
 2.055919e+00 -6.367572e-02 
 2.056109e+00 -6.374568e-02 
 2.056299e+00 -6.381354e-02 
 2.056489e+00 -6.387607e-02 
 2.056680e+00 -6.392575e-02 
 2.056869e+00 -6.397006e-02 
 2.057059e+00 -6.401178e-02 
 2.057248e+00 -6.403751e-02 
 2.057438e+00 -6.404529e-02 
 2.057627e+00 -6.404712e-02 
 2.057816e+00 -6.404255e-02 
 2.058006e+00 -6.402162e-02 
 2.058195e+00 -6.398810e-02 
 2.058385e+00 -6.395153e-02 
 2.058574e+00 -6.390823e-02 
 2.058763e+00 -6.384729e-02 
 2.058952e+00 -6.376862e-02 
 2.059141e+00 -6.368501e-02 
 2.059329e+00 -6.359907e-02 
 2.059518e+00 -6.350253e-02 
 2.059707e+00 -6.339742e-02 
 2.059896e+00 -6.329238e-02 
 2.060084e+00 -6.318674e-02 
 2.060273e+00 -6.307360e-02 
 2.060462e+00 -6.295720e-02 
 2.060650e+00 -6.284376e-02 
 2.060838e+00 -6.272119e-02 
 2.061026e+00 -6.258461e-02 
 2.061214e+00 -6.244454e-02 
 2.061402e+00 -6.229734e-02 
 2.061590e+00 -6.213025e-02 
 2.061778e+00 -6.194669e-02 
 2.061966e+00 -6.175467e-02 
 2.062154e+00 -6.154714e-02 
 2.062342e+00 -6.131851e-02 
 2.062529e+00 -6.107703e-02 
 2.062716e+00 -6.082635e-02 
 2.062903e+00 -6.056595e-02 
 2.063091e+00 -6.029437e-02 
 2.063278e+00 -6.001088e-02 
 2.063465e+00 -5.972075e-02 
 2.063652e+00 -5.943094e-02 
 2.063840e+00 -5.914449e-02 
 2.064027e+00 -5.886035e-02 
 2.064214e+00 -5.857763e-02 
 2.064401e+00 -5.829682e-02 
 2.064587e+00 -5.801127e-02 
 2.064774e+00 -5.771690e-02 
 2.064960e+00 -5.741478e-02 
 2.065147e+00 -5.710483e-02 
 2.065333e+00 -5.678440e-02 
 2.065520e+00 -5.645003e-02 
 2.065706e+00 -5.609872e-02 
 2.065893e+00 -5.573010e-02 
 2.066080e+00 -5.534824e-02 
 2.066265e+00 -5.495669e-02 
 2.066451e+00 -5.455603e-02 
 2.066637e+00 -5.415710e-02 
 2.066823e+00 -5.376235e-02 
 2.067009e+00 -5.336363e-02 
 2.067194e+00 -5.296388e-02 
 2.067380e+00 -5.256641e-02 
 2.067566e+00 -5.216415e-02 
 2.067752e+00 -5.175583e-02 
 2.067938e+00 -5.134609e-02 
 2.068123e+00 -5.093358e-02 
 2.068308e+00 -5.051270e-02 
 2.068493e+00 -5.008863e-02 
 2.068678e+00 -4.966655e-02 
 2.068863e+00 -4.924378e-02 
 2.069048e+00 -4.881476e-02 
 2.069233e+00 -4.837871e-02 
 2.069418e+00 -4.794135e-02 
 2.069604e+00 -4.750244e-02 
 2.069789e+00 -4.705654e-02 
 2.069973e+00 -4.660989e-02 
 2.070157e+00 -4.616611e-02 
 2.070342e+00 -4.572106e-02 
 2.070526e+00 -4.526986e-02 
 2.070711e+00 -4.481174e-02 
 2.070895e+00 -4.434791e-02 
 2.071079e+00 -4.387665e-02 
 2.071264e+00 -4.339256e-02 
 2.071448e+00 -4.289406e-02 
 2.071633e+00 -4.238313e-02 
 2.071816e+00 -4.186057e-02 
 2.072000e+00 -4.132471e-02 
 2.072184e+00 -4.078198e-02 
 2.072367e+00 -4.023358e-02 
 2.072551e+00 -3.967607e-02 
 2.072735e+00 -3.911352e-02 
 2.072918e+00 -3.854682e-02 
 2.073102e+00 -3.797084e-02 
 2.073286e+00 -3.738703e-02 
 2.073469e+00 -3.679654e-02 
 2.073652e+00 -3.619852e-02 
 2.073835e+00 -3.558807e-02 
 2.074018e+00 -3.496429e-02 
 2.074201e+00 -3.433329e-02 
 2.074384e+00 -3.369902e-02 
 2.074567e+00 -3.305422e-02 
 2.074750e+00 -3.239831e-02 
 2.074933e+00 -3.174234e-02 
 2.075116e+00 -3.108974e-02 
 2.075299e+00 -3.043586e-02 
 2.075482e+00 -2.978118e-02 
 2.075664e+00 -2.912083e-02 
 2.075846e+00 -2.845302e-02 
 2.076028e+00 -2.777852e-02 
 2.076211e+00 -2.709327e-02 
 2.076393e+00 -2.639719e-02 
 2.076575e+00 -2.569839e-02 
 2.076758e+00 -2.499569e-02 
 2.076940e+00 -2.428352e-02 
 2.077122e+00 -2.356472e-02 
 2.077304e+00 -2.284295e-02 
 2.077485e+00 -2.211218e-02 
 2.077667e+00 -2.137158e-02 
 2.077849e+00 -2.062156e-02 
 2.078030e+00 -1.986375e-02 
 2.078212e+00 -1.910260e-02 
 2.078394e+00 -1.834103e-02 
 2.078575e+00 -1.757989e-02 
 2.078757e+00 -1.682242e-02 
 2.078938e+00 -1.606766e-02 
 2.079119e+00 -1.537037e-02 
 2.079300e+00 -1.460651e-02 
 2.079481e+00 -1.383858e-02 
 2.079662e+00 -1.306149e-02 
 2.079843e+00 -1.227226e-02 
 2.080024e+00 -1.147743e-02 
 2.080205e+00 -1.068697e-02 
 2.080386e+00 -9.901131e-03 
 2.080567e+00 -9.109624e-03 
 2.080748e+00 -8.309044e-03 
 2.080928e+00 -7.507674e-03 
 2.081108e+00 -6.704364e-03 
 2.081289e+00 -5.898273e-03 
 2.081469e+00 -5.090589e-03 
 2.081649e+00 -4.281705e-03 
 2.081829e+00 -3.466108e-03 
 2.082010e+00 -2.643147e-03 
 2.082190e+00 -1.820768e-03 
 2.082370e+00 -9.953014e-04 
 2.082550e+00 -1.585606e-04 
 2.082730e+00  6.854912e-04 
 2.082910e+00  1.537051e-03 
 2.083089e+00  2.392944e-03 
 2.083269e+00  3.253764e-03 
 2.083448e+00  4.123453e-03 
 2.083628e+00  5.001016e-03 
 2.083808e+00  5.884046e-03 
 2.083987e+00  6.769874e-03 
 2.084167e+00  7.657585e-03 
 2.084346e+00  8.597590e-03 
 2.084525e+00  9.487972e-03 
 2.084704e+00  1.038031e-02 
 2.084883e+00  1.127314e-02 
 2.085062e+00  1.216803e-02 
 2.085241e+00  1.306343e-02 
 2.085420e+00  1.395446e-02 
 2.085599e+00  1.484418e-02 
 2.085778e+00  1.573877e-02 
 2.085957e+00  1.663494e-02 
 2.086136e+00  1.752904e-02 
 2.086314e+00  1.842138e-02 
 2.086492e+00  1.931584e-02 
 2.086671e+00  2.020780e-02 
 2.086849e+00  2.109388e-02 
 2.087027e+00  2.197395e-02 
 2.087206e+00  2.285076e-02 
 2.087384e+00  2.372443e-02 
 2.087562e+00  2.458865e-02 
 2.087740e+00  2.544276e-02 
 2.087919e+00  2.629635e-02 
 2.088096e+00  2.714803e-02 
 2.088274e+00  2.799364e-02 
 2.088452e+00  2.883357e-02 
 2.088629e+00  2.967134e-02 
 2.088807e+00  3.050774e-02 
 2.088985e+00  3.134687e-02 
 2.089162e+00  3.219116e-02 
 2.089340e+00  3.303924e-02 
 2.089518e+00  3.389087e-02 
 2.089695e+00  3.474354e-02 
 2.089872e+00  3.559154e-02 
 2.090049e+00  3.643816e-02 
 2.090226e+00  3.728189e-02 
 2.090403e+00  3.812042e-02 
 2.090580e+00  3.895522e-02 
 2.090757e+00  3.979006e-02 
 2.090934e+00  4.062621e-02 
 2.091111e+00  4.146289e-02 
 2.091288e+00  4.229983e-02 
 2.091465e+00  4.313803e-02 
 2.091642e+00  4.397573e-02 
 2.091818e+00  4.481555e-02 
 2.091995e+00  4.565759e-02 
 2.092171e+00  4.650596e-02 
 2.092347e+00  4.736364e-02 
 2.092524e+00  4.822715e-02 
 2.092700e+00  4.909313e-02 
 2.092877e+00  4.995986e-02 
 2.093053e+00  5.082367e-02 
 2.093229e+00  5.168451e-02 
 2.093405e+00  5.254230e-02 
 2.093581e+00  5.339812e-02 
 2.093757e+00  5.424876e-02 
 2.093932e+00  5.509648e-02 
 2.094108e+00  5.594343e-02 
 2.094284e+00  5.678659e-02 
 2.094460e+00  5.762485e-02 
 2.094636e+00  5.845925e-02 
 2.094811e+00  5.928879e-02 
 2.094987e+00  6.011842e-02 
 2.095162e+00  6.095141e-02 
 2.095337e+00  6.178627e-02 
 2.095513e+00  6.262090e-02 
 2.095688e+00  6.346143e-02 
 2.095863e+00  6.430911e-02 
 2.096038e+00  6.515995e-02 
 2.096213e+00  6.600933e-02 
 2.096388e+00  6.685274e-02 
 2.096564e+00  6.768996e-02 
 2.096739e+00  6.852095e-02 
 2.096913e+00  6.933975e-02 
 2.097088e+00  7.015204e-02 
 2.097262e+00  7.096502e-02 
 2.097437e+00  7.177866e-02 
 2.097611e+00  7.258903e-02 
 2.097786e+00  7.339645e-02 
 2.097961e+00  7.420187e-02 
 2.098135e+00  7.500634e-02 
 2.098310e+00  7.581057e-02 
 2.098484e+00  7.661127e-02 
 2.098658e+00  7.740629e-02 
 2.098832e+00  7.820515e-02 
 2.099006e+00  7.900790e-02 
 2.099180e+00  7.981036e-02 
 2.099354e+00  8.061336e-02 
 2.099528e+00  8.141827e-02 
 2.099702e+00  8.222456e-02 
 2.099876e+00  8.303005e-02 
 2.100050e+00  8.383124e-02 
 2.100224e+00  8.462956e-02 
 2.100397e+00  8.542330e-02 
 2.100570e+00  8.621075e-02 
 2.100744e+00  8.699216e-02 
 2.100917e+00  8.777065e-02 
 2.101090e+00  8.854474e-02 
 2.101264e+00  8.931522e-02 
 2.101437e+00  9.008407e-02 
 2.101610e+00  9.085005e-02 
 2.101784e+00  9.161431e-02 
 2.101957e+00  9.237949e-02 
 2.102130e+00  9.313927e-02 
 2.102303e+00  9.389243e-02 
 2.102475e+00  9.464110e-02 
 2.102648e+00  9.538584e-02 
 2.102821e+00  9.612377e-02 
 2.102994e+00  9.685456e-02 
 2.103166e+00  9.758073e-02 
 2.103339e+00  9.830226e-02 
 2.103512e+00  9.901812e-02 
 2.103685e+00  9.972862e-02 
 2.103857e+00  1.004305e-01 
 2.104029e+00  1.011256e-01 
 2.104201e+00  1.018156e-01 
 2.104373e+00  1.025029e-01 
 2.104545e+00  1.031882e-01 
 2.104718e+00  1.038701e-01 
 2.104890e+00  1.045483e-01 
 2.105062e+00  1.052239e-01 
 2.105234e+00  1.058977e-01 
 2.105406e+00  1.065699e-01 
 2.105578e+00  1.072372e-01 
 2.105749e+00  1.079031e-01 
 2.105921e+00  1.085702e-01 
 2.106093e+00  1.092363e-01 
 2.106264e+00  1.098952e-01 
 2.106436e+00  1.105466e-01 
 2.106607e+00  1.111923e-01 
 2.106779e+00  1.118320e-01 
 2.106950e+00  1.124657e-01 
 2.107122e+00  1.130942e-01 
 2.107293e+00  1.137137e-01 
 2.107464e+00  1.143242e-01 
 2.107635e+00  1.149303e-01 
 2.107806e+00  1.155361e-01 
 2.107977e+00  1.161393e-01 
 2.108148e+00  1.167406e-01 
 2.108319e+00  1.173450e-01 
 2.108490e+00  1.179518e-01 
 2.108661e+00  1.185582e-01 
 2.108832e+00  1.191656e-01 
 2.109002e+00  1.197695e-01 
 2.109173e+00  1.203671e-01 
 2.109343e+00  1.209618e-01 
 2.109514e+00  1.215594e-01 
 2.109684e+00  1.221573e-01 
 2.109855e+00  1.227511e-01 
 2.110025e+00  1.233448e-01 
 2.110195e+00  1.239441e-01 
 2.110366e+00  1.245467e-01 
 2.110536e+00  1.251494e-01 
 2.110706e+00  1.257532e-01 
 2.110876e+00  1.263619e-01 
 2.111046e+00  1.269727e-01 
 2.111216e+00  1.275847e-01 
 2.111385e+00  1.281995e-01 
 2.111555e+00  1.288164e-01 
 2.111725e+00  1.294346e-01 
 2.111895e+00  1.300566e-01 
 2.112065e+00  1.306847e-01 
 2.112235e+00  1.313180e-01 
 2.112404e+00  1.319526e-01 
 2.112573e+00  1.325911e-01 
 2.112743e+00  1.332310e-01 
 2.112912e+00  1.338658e-01 
 2.113081e+00  1.344961e-01 
 2.113250e+00  1.351272e-01 
 2.113420e+00  1.357587e-01 
 2.113589e+00  1.363894e-01 
 2.113758e+00  1.370210e-01 
 2.113927e+00  1.376527e-01 
 2.114096e+00  1.382825e-01 
 2.114265e+00  1.389157e-01 
 2.114434e+00  1.395511e-01 
 2.114602e+00  1.401820e-01 
 2.114771e+00  1.408084e-01 
 2.114940e+00  1.414362e-01 
 2.115108e+00  1.420666e-01 
 2.115277e+00  1.426977e-01 
 2.115446e+00  1.433290e-01 
 2.115615e+00  1.439591e-01 
 2.115783e+00  1.445860e-01 
 2.115951e+00  1.452142e-01 
 2.116119e+00  1.458426e-01 
 2.116287e+00  1.464691e-01 
 2.116455e+00  1.470947e-01 
 2.116624e+00  1.477176e-01 
 2.116792e+00  1.483357e-01 
 2.116960e+00  1.489544e-01 
 2.117128e+00  1.495791e-01 
 2.117296e+00  1.502063e-01 
 2.117464e+00  1.508304e-01 
 2.117631e+00  1.514590e-01 
 2.117799e+00  1.520975e-01 
 2.117967e+00  1.527410e-01 
 2.118134e+00  1.533825e-01 
 2.118302e+00  1.540243e-01 
 2.118470e+00  1.546749e-01 
 2.118637e+00  1.553324e-01 
 2.118805e+00  1.559907e-01 
 2.118972e+00  1.566595e-01 
 2.119139e+00  1.573488e-01 
 2.119307e+00  1.579877e-01 
 2.119474e+00  1.586867e-01 
 2.119641e+00  1.594295e-01 
 2.119808e+00  1.600585e-01 
 2.119975e+00  1.607465e-01 
 2.120142e+00  1.614440e-01 
 2.120309e+00  1.621358e-01 
 2.120476e+00  1.628205e-01 
 2.120643e+00  1.635120e-01 
 2.120810e+00  1.642048e-01 
 2.120976e+00  1.648865e-01 
 2.121143e+00  1.655605e-01 
 2.121309e+00  1.662396e-01 
 2.121476e+00  1.669230e-01 
 2.121642e+00  1.676029e-01 
 2.121809e+00  1.682819e-01 
 2.121975e+00  1.689681e-01 
 2.122142e+00  1.696589e-01 
 2.122308e+00  1.703459e-01 
 2.122474e+00  1.710278e-01 
 2.122640e+00  1.717175e-01 
 2.122806e+00  1.724203e-01 
 2.122972e+00  1.731233e-01 
 2.123138e+00  1.738152e-01 
 2.123304e+00  1.745078e-01 
 2.123470e+00  1.752137e-01 
 2.123636e+00  1.759205e-01 
 2.123802e+00  1.766074e-01 
 2.123968e+00  1.772705e-01 
 2.124134e+00  1.779200e-01 
 2.124299e+00  1.785615e-01 
 2.124465e+00  1.791923e-01 
 2.124630e+00  1.798136e-01 
 2.124796e+00  1.804297e-01 
 2.124961e+00  1.810420e-01 
 2.125127e+00  1.816518e-01 
 2.125292e+00  1.822607e-01 
 2.125458e+00  1.828669e-01 
 2.125623e+00  1.834694e-01 
 2.125788e+00  1.840675e-01 
 2.125953e+00  1.846596e-01 
 2.126118e+00  1.852461e-01 
 2.126283e+00  1.858352e-01 
 2.126448e+00  1.864298e-01 
 2.126613e+00  1.870269e-01 
 2.126778e+00  1.876270e-01 
 2.126943e+00  1.882280e-01 
 2.127108e+00  1.888252e-01 
 2.127273e+00  1.894226e-01 
 2.127437e+00  1.900250e-01 
 2.127601e+00  1.906303e-01 
 2.127766e+00  1.912283e-01 
 2.127930e+00  1.918240e-01 
 2.128095e+00  1.924293e-01 
 2.128259e+00  1.930373e-01 
 2.128424e+00  1.936345e-01 
 2.128588e+00  1.942234e-01 
 2.128752e+00  1.948134e-01 
 2.128917e+00  1.954066e-01 
 2.129081e+00  1.960000e-01 
 2.129245e+00  1.965938e-01 
 2.129409e+00  1.971878e-01 
 2.129572e+00  1.977842e-01 
 2.129736e+00  1.983788e-01 
 2.129900e+00  1.989653e-01 
 2.130064e+00  1.995507e-01 
 2.130228e+00  2.001418e-01 
 2.130392e+00  2.007289e-01 
 2.130556e+00  2.013036e-01 
 2.130719e+00  2.018725e-01 
 2.130883e+00  2.024485e-01 
 2.131046e+00  2.030311e-01 
 2.131210e+00  2.036138e-01 
 2.131373e+00  2.041960e-01 
 2.131536e+00  2.047799e-01 
 2.131700e+00  2.053633e-01 
 2.131863e+00  2.059438e-01 
 2.132027e+00  2.065240e-01 
 2.132190e+00  2.071069e-01 
 2.132353e+00  2.076854e-01 
 2.132516e+00  2.082527e-01 
 2.132679e+00  2.088108e-01 
 2.132842e+00  2.093669e-01 
 2.133004e+00  2.099192e-01 
 2.133167e+00  2.104630e-01 
 2.133330e+00  2.110001e-01 
 2.133493e+00  2.115330e-01 
 2.133656e+00  2.120646e-01 
 2.133819e+00  2.125964e-01 
 2.133981e+00  2.131220e-01 
 2.134144e+00  2.136428e-01 
 2.134306e+00  2.141661e-01 
 2.134469e+00  2.146920e-01 
 2.134631e+00  2.152129e-01 
 2.134793e+00  2.157296e-01 
 2.134956e+00  2.162484e-01 
 2.135118e+00  2.167671e-01 
 2.135281e+00  2.172793e-01 
 2.135443e+00  2.177852e-01 
 2.135605e+00  2.182853e-01 
 2.135767e+00  2.187804e-01 
 2.135929e+00  2.192730e-01 
 2.136090e+00  2.197659e-01 
 2.136252e+00  2.202560e-01 
 2.136414e+00  2.207411e-01 
 2.136576e+00  2.212251e-01 
 2.136738e+00  2.217091e-01 
 2.136900e+00  2.221880e-01 
 2.137062e+00  2.226584e-01 
 2.137223e+00  2.231217e-01 
 2.137385e+00  2.235853e-01 
 2.137546e+00  2.240541e-01 
 2.137707e+00  2.245266e-01 
 2.137869e+00  2.249967e-01 
 2.138030e+00  2.254645e-01 
 2.138192e+00  2.259358e-01 
 2.138353e+00  2.264097e-01 
 2.138514e+00  2.268775e-01 
 2.138676e+00  2.273356e-01 
 2.138837e+00  2.277868e-01 
 2.138998e+00  2.282342e-01 
 2.139158e+00  2.286758e-01 
 2.139319e+00  2.291500e-01 
 2.139480e+00  2.295845e-01 
 2.139641e+00  2.300165e-01 
 2.139802e+00  2.304467e-01 
 2.139963e+00  2.308761e-01 
 2.140124e+00  2.312990e-01 
 2.140285e+00  2.317093e-01 
 2.140445e+00  2.321111e-01 
 2.140605e+00  2.325139e-01 
 2.140766e+00  2.329174e-01 
 2.140926e+00  2.333190e-01 
 2.141087e+00  2.337206e-01 
 2.141247e+00  2.341250e-01 
 2.141408e+00  2.345330e-01 
 2.141568e+00  2.349434e-01 
 2.141728e+00  2.353544e-01 
 2.141889e+00  2.357641e-01 
 2.142049e+00  2.361712e-01 
 2.142209e+00  2.365752e-01 
 2.142368e+00  2.369717e-01 
 2.142528e+00  2.373567e-01 
 2.142688e+00  2.377294e-01 
 2.142848e+00  2.380918e-01 
 2.143008e+00  2.384481e-01 
 2.143168e+00  2.388002e-01 
 2.143328e+00  2.391449e-01 
 2.143488e+00  2.394772e-01 
 2.143647e+00  2.397944e-01 
 2.143807e+00  2.400993e-01 
 2.143966e+00  2.403928e-01 
 2.144126e+00  2.406734e-01 
 2.144285e+00  2.409412e-01 
 2.144445e+00  2.412012e-01 
 2.144604e+00  2.414577e-01 
 2.144763e+00  2.417100e-01 
 2.144923e+00  2.419567e-01 
 2.145082e+00  2.422000e-01 
 2.145241e+00  2.424417e-01 
 2.145400e+00  2.426815e-01 
 2.145559e+00  2.429167e-01 
 2.145718e+00  2.431474e-01 
 2.145877e+00  2.433752e-01 
 2.146036e+00  2.435997e-01 
 2.146195e+00  2.438181e-01 
 2.146354e+00  2.440294e-01 
 2.146513e+00  2.442360e-01 
 2.146672e+00  2.444386e-01 
 2.146830e+00  2.446348e-01 
 2.146989e+00  2.448268e-01 
 2.147147e+00  2.450184e-01 
 2.147306e+00  2.452089e-01 
 2.147464e+00  2.453968e-01 
 2.147623e+00  2.455848e-01 
 2.147781e+00  2.457737e-01 
 2.147940e+00  2.459584e-01 
 2.148098e+00  2.461371e-01 
 2.148257e+00  2.463131e-01 
 2.148415e+00  2.464859e-01 
 2.148573e+00  2.466536e-01 
 2.148731e+00  2.468181e-01 
 2.148889e+00  2.469814e-01 
 2.149047e+00  2.471391e-01 
 2.149205e+00  2.472873e-01 
 2.149363e+00  2.474278e-01 
 2.149521e+00  2.475622e-01 
 2.149679e+00  2.476884e-01 
 2.149837e+00  2.478056e-01 
 2.149995e+00  2.479145e-01 
 2.150152e+00  2.480167e-01 
 2.150310e+00  2.481155e-01 
 2.150467e+00  2.482129e-01 
 2.150625e+00  2.483056e-01 
 2.150782e+00  2.483893e-01 
 2.150940e+00  2.484646e-01 
 2.151098e+00  2.485318e-01 
 2.151255e+00  2.485867e-01 
 2.151413e+00  2.486251e-01 
 2.151570e+00  2.486474e-01 
 2.151727e+00  2.486584e-01 
 2.151884e+00  2.486621e-01 
 2.152041e+00  2.486597e-01 
 2.152198e+00  2.486525e-01 
 2.152355e+00  2.486440e-01 
 2.152512e+00  2.486339e-01 
 2.152670e+00  2.486141e-01 
 2.152827e+00  2.485796e-01 
 2.152984e+00  2.485355e-01 
 2.153140e+00  2.484851e-01 
 2.153297e+00  2.484229e-01 
 2.153454e+00  2.483471e-01 
 2.153610e+00  2.482642e-01 
 2.153767e+00  2.481767e-01 
 2.153924e+00  2.480780e-01 
 2.154080e+00  2.479646e-01 
 2.154237e+00  2.478409e-01 
 2.154394e+00  2.477100e-01 
 2.154550e+00  2.475699e-01 
 2.154706e+00  2.474192e-01 
 2.154863e+00  2.472595e-01 
 2.155019e+00  2.470943e-01 
 2.155175e+00  2.469248e-01 
 2.155331e+00  2.467499e-01 
 2.155487e+00  2.465695e-01 
 2.155644e+00  2.463860e-01 
 2.155800e+00  2.462010e-01 
 2.155956e+00  2.460126e-01 
 2.156112e+00  2.458181e-01 
 2.156268e+00  2.456187e-01 
 2.156424e+00  2.454175e-01 
 2.156579e+00  2.452163e-01 
 2.156735e+00  2.450147e-01 
 2.156891e+00  2.448114e-01 
 2.157047e+00  2.446066e-01 
 2.157202e+00  2.444005e-01 
 2.157358e+00  2.441914e-01 
 2.157514e+00  2.439779e-01 
 2.157670e+00  2.437585e-01 
 2.157825e+00  2.435315e-01 
 2.157980e+00  2.432440e-01 
 2.158136e+00  2.429942e-01 
 2.158291e+00  2.427328e-01 
 2.158446e+00  2.424636e-01 
 2.158602e+00  2.421904e-01 
 2.158757e+00  2.419127e-01 
 2.158912e+00  2.416273e-01 
 2.159067e+00  2.413333e-01 
 2.159223e+00  2.410330e-01 
 2.159378e+00  2.407290e-01 
 2.159532e+00  2.404183e-01 
 2.159687e+00  2.400995e-01 
 2.159842e+00  2.397743e-01 
 2.159997e+00  2.394445e-01 
 2.160152e+00  2.391082e-01 
 2.160307e+00  2.387630e-01 
 2.160462e+00  2.384086e-01 
 2.160617e+00  2.380470e-01 
 2.160771e+00  2.376785e-01 
 2.160926e+00  2.373025e-01 
 2.161080e+00  2.369171e-01 
 2.161235e+00  2.365251e-01 
 2.161389e+00  2.361291e-01 
 2.161544e+00  2.357270e-01 
 2.161698e+00  2.353147e-01 
 2.161852e+00  2.348925e-01 
 2.162007e+00  2.344657e-01 
 2.162161e+00  2.340373e-01 
 2.162316e+00  2.336038e-01 
 2.162470e+00  2.331619e-01 
 2.162624e+00  2.327102e-01 
 2.162778e+00  2.322511e-01 
 2.162932e+00  2.317828e-01 
 2.163086e+00  2.313004e-01 
 2.163240e+00  2.308033e-01 
 2.163394e+00  2.302972e-01 
 2.163547e+00  2.297870e-01 
 2.163701e+00  2.292708e-01 
 2.163855e+00  2.287454e-01 
 2.164009e+00  2.282138e-01 
 2.164163e+00  2.276795e-01 
 2.164316e+00  2.271444e-01 
 2.164470e+00  2.266068e-01 
 2.164623e+00  2.260644e-01 
 2.164777e+00  2.255168e-01 
 2.164930e+00  2.249648e-01 
 2.165084e+00  2.244082e-01 
 2.165237e+00  2.238457e-01 
 2.165391e+00  2.232761e-01 
 2.165544e+00  2.226997e-01 
 2.165697e+00  2.221148e-01 
 2.165850e+00  2.215228e-01 
 2.166003e+00  2.209253e-01 
 2.166157e+00  2.203234e-01 
 2.166310e+00  2.197176e-01 
 2.166463e+00  2.191073e-01 
 2.166616e+00  2.184916e-01 
 2.166769e+00  2.178695e-01 
 2.166922e+00  2.172393e-01 
 2.167075e+00  2.166001e-01 
 2.167227e+00  2.159487e-01 
 2.167380e+00  2.152885e-01 
 2.167533e+00  2.146244e-01 
 2.167686e+00  2.139574e-01 
 2.167838e+00  2.132855e-01 
 2.167991e+00  2.126094e-01 
 2.168144e+00  2.119305e-01 
 2.168296e+00  2.112469e-01 
 2.168449e+00  2.105561e-01 
 2.168601e+00  2.098603e-01 
 2.168754e+00  2.091593e-01 
 2.168906e+00  2.084529e-01 
 2.169058e+00  2.077406e-01 
 2.169210e+00  2.070218e-01 
 2.169363e+00  2.062963e-01 
 2.169515e+00  2.055640e-01 
 2.169667e+00  2.048260e-01 
 2.169819e+00  2.040845e-01 
 2.169972e+00  2.033394e-01 
 2.170123e+00  2.025890e-01 
 2.170275e+00  2.018285e-01 
 2.170427e+00  2.010597e-01 
 2.170579e+00  2.002846e-01 
 2.170731e+00  1.995031e-01 
 2.170883e+00  1.987141e-01 
 2.171034e+00  1.979171e-01 
 2.171186e+00  1.971114e-01 
 2.171338e+00  1.962963e-01 
 2.171490e+00  1.954732e-01 
 2.171641e+00  1.946474e-01 
 2.171793e+00  1.938184e-01 
 2.171944e+00  1.929865e-01 
 2.172096e+00  1.921530e-01 
 2.172247e+00  1.913196e-01 
 2.172399e+00  1.904851e-01 
 2.172550e+00  1.896472e-01 
 2.172701e+00  1.888072e-01 
 2.172853e+00  1.879667e-01 
 2.173004e+00  1.871244e-01 
 2.173155e+00  1.862807e-01 
 2.173306e+00  1.854328e-01 
 2.173457e+00  1.845801e-01 
 2.173608e+00  1.837240e-01 
 2.173759e+00  1.828683e-01 
 2.173910e+00  1.820149e-01 
 2.174061e+00  1.811621e-01 
 2.174212e+00  1.803090e-01 
 2.174363e+00  1.794582e-01 
 2.174514e+00  1.786121e-01 
 2.174665e+00  1.777707e-01 
 2.174815e+00  1.769265e-01 
 2.174966e+00  1.760766e-01 
 2.175117e+00  1.752229e-01 
 2.175267e+00  1.743676e-01 
 2.175418e+00  1.735110e-01 
 2.175568e+00  1.726537e-01 
 2.175719e+00  1.717979e-01 
 2.175870e+00  1.709448e-01 
 2.176020e+00  1.700936e-01 
 2.176170e+00  1.692455e-01 
 2.176321e+00  1.683981e-01 
 2.176471e+00  1.675524e-01 
 2.176621e+00  1.667098e-01 
 2.176771e+00  1.658708e-01 
 2.176921e+00  1.650358e-01 
 2.177072e+00  1.642059e-01 
 2.177222e+00  1.633827e-01 
 2.177372e+00  1.625680e-01 
 2.177522e+00  1.617616e-01 
 2.177672e+00  1.610216e-01 
 2.177822e+00  1.602229e-01 
 2.177972e+00  1.594258e-01 
 2.178121e+00  1.586296e-01 
 2.178271e+00  1.578342e-01 
 2.178421e+00  1.570396e-01 
 2.178571e+00  1.562444e-01 
 2.178720e+00  1.554474e-01 
 2.178870e+00  1.546507e-01 
 2.179020e+00  1.538571e-01 
 2.179169e+00  1.530685e-01 
 2.179319e+00  1.522802e-01 
 2.179468e+00  1.514917e-01 
 2.179618e+00  1.507043e-01 
 2.179767e+00  1.499177e-01 
 2.179916e+00  1.491294e-01 
 2.180066e+00  1.483371e-01 
 2.180215e+00  1.475413e-01 
 2.180364e+00  1.467433e-01 
 2.180514e+00  1.459434e-01 
 2.180663e+00  1.451457e-01 
 2.180812e+00  1.443528e-01 
 2.180961e+00  1.435678e-01 
 2.181110e+00  1.427877e-01 
 2.181259e+00  1.420067e-01 
 2.181408e+00  1.412229e-01 
 2.181557e+00  1.404392e-01 
 2.181706e+00  1.396584e-01 
 2.181855e+00  1.388812e-01 
 2.182004e+00  1.381076e-01 
 2.182152e+00  1.373395e-01 
 2.182301e+00  1.365753e-01 
 2.182450e+00  1.358138e-01 
 2.182598e+00  1.350512e-01 
 2.182747e+00  1.342817e-01 
 2.182895e+00  1.335032e-01 
 2.183044e+00  1.327190e-01 
 2.183192e+00  1.319334e-01 
 2.183341e+00  1.311487e-01 
 2.183490e+00  1.303652e-01 
 2.183638e+00  1.295869e-01 
 2.183786e+00  1.288153e-01 
 2.183934e+00  1.280523e-01 
 2.184082e+00  1.272962e-01 
 2.184231e+00  1.265451e-01 
 2.184379e+00  1.257998e-01 
 2.184527e+00  1.250613e-01 
 2.184675e+00  1.243267e-01 
 2.184823e+00  1.235928e-01 
 2.184972e+00  1.228601e-01 
 2.185120e+00  1.221312e-01 
 2.185267e+00  1.214021e-01 
 2.185415e+00  1.206707e-01 
 2.185563e+00  1.199384e-01 
 2.185711e+00  1.192057e-01 
 2.185859e+00  1.184705e-01 
 2.186006e+00  1.177314e-01 
 2.186154e+00  1.169902e-01 
 2.186302e+00  1.162484e-01 
 2.186450e+00  1.155058e-01 
 2.186597e+00  1.147638e-01 
 2.186745e+00  1.140201e-01 
 2.186892e+00  1.132759e-01 
 2.187040e+00  1.125332e-01 
 2.187187e+00  1.117922e-01 
 2.187334e+00  1.110495e-01 
 2.187482e+00  1.103045e-01 
 2.187629e+00  1.095624e-01 
 2.187777e+00  1.088265e-01 
 2.187924e+00  1.080931e-01 
 2.188071e+00  1.073611e-01 
 2.188218e+00  1.066333e-01 
 2.188365e+00  1.059143e-01 
 2.188512e+00  1.051996e-01 
 2.188659e+00  1.044828e-01 
 2.188806e+00  1.037654e-01 
 2.188953e+00  1.030529e-01 
 2.189100e+00  1.023451e-01 
 2.189248e+00  1.016372e-01 
 2.189395e+00  1.009286e-01 
 2.189541e+00  1.002246e-01 
 2.189688e+00  9.952562e-02 
 2.189835e+00  9.883025e-02 
 2.189981e+00  9.813755e-02 
 2.190128e+00  9.744869e-02 
 2.190275e+00  9.676463e-02 
 2.190421e+00  9.608501e-02 
 2.190568e+00  9.540949e-02 
 2.190715e+00  9.473801e-02 
 2.190861e+00  9.406943e-02 
 2.191007e+00  9.340403e-02 
 2.191154e+00  9.274020e-02 
 2.191300e+00  9.207893e-02 
 2.191446e+00  9.141954e-02 
 2.191593e+00  9.075996e-02 
 2.191739e+00  9.010044e-02 
 2.191885e+00  8.944445e-02 
 2.192031e+00  8.879393e-02 
 2.192178e+00  8.814612e-02 
 2.192324e+00  8.749834e-02 
 2.192470e+00  8.685518e-02 
 2.192616e+00  8.621983e-02 
 2.192762e+00  8.559170e-02 
 2.192908e+00  8.496586e-02 
 2.193054e+00  8.434059e-02 
 2.193199e+00  8.371902e-02 
 2.193345e+00  8.310268e-02 
 2.193491e+00  8.248832e-02 
 2.193637e+00  8.187302e-02 
 2.193783e+00  8.125830e-02 
 2.193929e+00  8.064841e-02 
 2.194074e+00  8.004148e-02 
 2.194220e+00  7.943620e-02 
 2.194365e+00  7.883248e-02 
 2.194511e+00  7.823024e-02 
 2.194656e+00  7.762909e-02 
 2.194802e+00  7.702984e-02 
 2.194947e+00  7.643381e-02 
 2.195093e+00  7.584071e-02 
 2.195238e+00  7.525010e-02 
 2.195383e+00  7.466549e-02 
 2.195529e+00  7.408816e-02 
 2.195674e+00  7.351892e-02 
 2.195819e+00  7.295801e-02 
 2.195964e+00  7.240604e-02 
 2.196109e+00  7.186142e-02 
 2.196254e+00  7.131982e-02 
 2.196400e+00  7.077746e-02 
 2.196545e+00  7.023374e-02 
 2.196690e+00  6.968938e-02 
 2.196835e+00  6.914597e-02 
 2.196979e+00  6.860261e-02 
 2.197124e+00  6.806039e-02 
 2.197269e+00  6.751981e-02 
 2.197414e+00  6.698129e-02 
 2.197559e+00  6.644624e-02 
 2.197703e+00  6.591497e-02 
 2.197848e+00  6.538429e-02 
 2.197993e+00  6.485027e-02 
 2.198138e+00  6.431310e-02 
 2.198282e+00  6.377710e-02 
 2.198427e+00  6.324137e-02 
 2.198571e+00  6.270382e-02 
 2.198715e+00  6.216494e-02 
 2.198860e+00  6.162846e-02 
 2.199004e+00  6.109652e-02 
 2.199149e+00  6.056785e-02 
 2.199293e+00  6.004195e-02 
 2.199437e+00  5.952156e-02 
 2.199582e+00  5.900888e-02 
 2.199726e+00  5.850302e-02 
 2.199870e+00  5.799829e-02 
 2.200014e+00  5.749254e-02 
 2.200158e+00  5.698664e-02 
 2.200302e+00  5.648187e-02 
 2.200446e+00  5.597851e-02 
 2.200590e+00  5.547615e-02 
 2.200734e+00  5.497526e-02 
 2.200878e+00  5.447769e-02 
 2.201022e+00  5.398439e-02 
 2.201166e+00  5.349483e-02 
 2.201310e+00  5.300587e-02 
 2.201453e+00  5.251849e-02 
 2.201597e+00  5.203428e-02 
 2.201741e+00  5.155151e-02 
 2.201885e+00  5.106694e-02 
 2.202028e+00  5.058145e-02 
 2.202172e+00  5.010005e-02 
 2.202316e+00  4.962532e-02 
 2.202459e+00  4.915435e-02 
 2.202603e+00  4.868524e-02 
 2.202746e+00  4.821849e-02 
 2.202889e+00  4.775698e-02 
 2.203033e+00  4.729922e-02 
 2.203176e+00  4.684154e-02 
 2.203319e+00  4.638326e-02 
 2.203463e+00  4.592522e-02 
 2.203606e+00  4.546645e-02 
 2.203749e+00  4.500718e-02 
 2.203893e+00  4.455162e-02 
 2.204036e+00  4.410404e-02 
 2.204178e+00  4.366123e-02 
 2.204321e+00  4.322108e-02 
 2.204464e+00  4.278660e-02 
 2.204607e+00  4.236097e-02 
 2.204750e+00  4.194131e-02 
 2.204893e+00  4.152272e-02 
 2.205036e+00  4.110499e-02 
 2.205179e+00  4.068962e-02 
 2.205322e+00  4.027325e-02 
 2.205465e+00  3.985233e-02 
 2.205607e+00  3.942756e-02 
 2.205750e+00  3.900430e-02 
 2.205893e+00  3.858285e-02 
 2.206035e+00  3.815750e-02 
 2.206178e+00  3.772391e-02 
 2.206321e+00  3.728352e-02 
 2.206463e+00  3.684080e-02 
 2.206606e+00  3.639940e-02 
 2.206748e+00  3.596053e-02 
 2.206891e+00  3.552492e-02 
 2.207033e+00  3.509094e-02 
 2.207175e+00  3.465774e-02 
 2.207317e+00  3.422396e-02 
 2.207460e+00  3.378902e-02 
 2.207602e+00  3.335444e-02 
 2.207744e+00  3.292130e-02 
 2.207887e+00  3.248744e-02 
 2.208029e+00  3.205005e-02 
 2.208171e+00  3.160946e-02 
 2.208313e+00  3.116848e-02 
 2.208455e+00  3.072551e-02 
 2.208597e+00  3.027947e-02 
 2.208739e+00  2.983172e-02 
 2.208881e+00  2.938365e-02 
 2.209023e+00  2.893421e-02 
 2.209165e+00  2.848321e-02 
 2.209306e+00  2.803359e-02 
 2.209448e+00  2.758670e-02 
 2.209590e+00  2.713857e-02 
 2.209732e+00  2.668662e-02 
 2.209873e+00  2.623270e-02 
 2.210015e+00  2.578163e-02 
 2.210157e+00  2.533237e-02 
 2.210298e+00  2.488037e-02 
 2.210440e+00  2.442593e-02 
 2.210581e+00  2.397504e-02 
 2.210723e+00  2.353211e-02 
 2.210864e+00  2.309554e-02 
 2.211006e+00  2.266180e-02 
 2.211147e+00  2.223158e-02 
 2.211288e+00  2.180577e-02 
 2.211430e+00  2.138446e-02 
 2.211571e+00  2.096484e-02 
 2.211712e+00  2.054455e-02 
 2.211853e+00  2.012410e-02 
 2.211995e+00  1.970508e-02 
 2.212136e+00  1.928696e-02 
 2.212277e+00  1.886765e-02 
 2.212418e+00  1.844678e-02 
 2.212559e+00  1.802744e-02 
 2.212700e+00  1.760953e-02 
 2.212841e+00  1.719022e-02 
 2.212982e+00  1.676623e-02 
 2.213123e+00  1.633871e-02 
 2.213263e+00  1.591225e-02 
 2.213404e+00  1.549030e-02 
 2.213545e+00  1.507313e-02 
 2.213686e+00  1.465894e-02 
 2.213827e+00  1.424547e-02 
 2.213968e+00  1.383295e-02 
 2.214108e+00  1.342322e-02 
 2.214249e+00  1.302078e-02 
 2.214389e+00  1.262596e-02 
 2.214530e+00  1.223342e-02 
 2.214670e+00  1.183928e-02 
 2.214811e+00  1.144619e-02 
 2.214951e+00  1.105744e-02 
 2.215092e+00  1.067004e-02 
 2.215232e+00  1.027879e-02 
 2.215373e+00  9.885074e-03 
 2.215513e+00  9.492195e-03 
 2.215653e+00  9.101717e-03 
 2.215793e+00  8.713457e-03 
 2.215934e+00  8.329261e-03 
 2.216074e+00  7.949776e-03 
 2.216214e+00  7.571030e-03 
 2.216354e+00  7.189540e-03 
 2.216494e+00  6.807003e-03 
 2.216635e+00  6.425352e-03 
 2.216774e+00  6.042939e-03 
 2.216914e+00  5.656958e-03 
 2.217054e+00  5.270195e-03 
 2.217194e+00  4.884438e-03 
 2.217334e+00  4.496099e-03 
 2.217474e+00  4.101845e-03 
 2.217614e+00  3.704374e-03 
 2.217754e+00  3.308255e-03 
 2.217893e+00  2.912992e-03 
 2.218033e+00  2.514542e-03 
 2.218173e+00  2.112653e-03 
 2.218312e+00  1.709245e-03 
 2.218452e+00  1.306948e-03 
 2.218591e+00  9.054551e-04 
 2.218731e+00  5.031802e-04 
 2.218870e+00  9.965786e-05 
 2.219010e+00 -3.043804e-04 
 2.219150e+00 -7.087463e-04 
 2.219289e+00 -1.114989e-03 
 2.219429e+00 -1.525192e-03 
 2.219568e+00 -1.938427e-03 
 2.219707e+00 -2.353582e-03 
 2.219846e+00 -2.769445e-03 
 2.219985e+00 -3.186941e-03 
 2.220125e+00 -3.606185e-03 
 2.220264e+00 -4.024957e-03 
 2.220403e+00 -4.442474e-03 
 2.220542e+00 -4.862236e-03 
 2.220682e+00 -5.288246e-03 
 2.220821e+00 -5.720048e-03 
 2.220960e+00 -6.153707e-03 
 2.221099e+00 -6.590710e-03 
 2.221237e+00 -7.034476e-03 
 2.221376e+00 -7.484179e-03 
 2.221515e+00 -7.932387e-03 
 2.221654e+00 -8.372852e-03 
 2.221793e+00 -8.807283e-03 
 2.221932e+00 -9.240704e-03 
 2.222071e+00 -9.673122e-03 
 2.222210e+00 -1.010084e-02 
 2.222348e+00 -1.052317e-02 
 2.222487e+00 -1.094623e-02 
 2.222625e+00 -1.137345e-02 
 2.222764e+00 -1.180337e-02 
 2.222902e+00 -1.223281e-02 
 2.223041e+00 -1.266004e-02 
 2.223179e+00 -1.308491e-02 
 2.223318e+00 -1.350766e-02 
 2.223457e+00 -1.392828e-02 
 2.223595e+00 -1.434651e-02 
 2.223733e+00 -1.476111e-02 
 2.223872e+00 -1.517322e-02 
 2.224010e+00 -1.558429e-02 
 2.224148e+00 -1.599773e-02 
 2.224286e+00 -1.641720e-02 
 2.224424e+00 -1.684221e-02 
 2.224563e+00 -1.726683e-02 
 2.224701e+00 -1.768667e-02 
 2.224839e+00 -1.810598e-02 
 2.224977e+00 -1.853285e-02 
 2.225115e+00 -1.896616e-02 
 2.225253e+00 -1.939790e-02 
 2.225391e+00 -1.982268e-02 
 2.225529e+00 -2.024527e-02 
 2.225667e+00 -2.067130e-02 
 2.225805e+00 -2.109745e-02 
 2.225943e+00 -2.151601e-02 
 2.226081e+00 -2.192541e-02 
 2.226219e+00 -2.233106e-02 
 2.226357e+00 -2.273748e-02 
 2.226494e+00 -2.314263e-02 
 2.226632e+00 -2.354339e-02 
 2.226769e+00 -2.393746e-02 
 2.226907e+00 -2.432672e-02 
 2.227044e+00 -2.471611e-02 
 2.227182e+00 -2.510895e-02 
 2.227320e+00 -2.550286e-02 
 2.227457e+00 -2.589156e-02 
 2.227595e+00 -2.627172e-02 
 2.227732e+00 -2.664687e-02 
 2.227870e+00 -2.702308e-02 
 2.228007e+00 -2.740501e-02 
 2.228144e+00 -2.779044e-02 
 2.228282e+00 -2.817399e-02 
 2.228419e+00 -2.855245e-02 
 2.228556e+00 -2.892707e-02 
 2.228693e+00 -2.930012e-02 
 2.228831e+00 -2.967042e-02 
 2.228968e+00 -3.003414e-02 
 2.229105e+00 -3.038965e-02 
 2.229242e+00 -3.073847e-02 
 2.229379e+00 -3.108398e-02 
 2.229516e+00 -3.142640e-02 
 2.229653e+00 -3.176638e-02 
 2.229790e+00 -3.210728e-02 
 2.229927e+00 -3.245128e-02 
 2.230064e+00 -3.279532e-02 
 2.230201e+00 -3.313506e-02 
 2.230338e+00 -3.347190e-02 
 2.230475e+00 -3.381110e-02 
 2.230611e+00 -3.415236e-02 
 2.230748e+00 -3.449050e-02 
 2.230885e+00 -3.482148e-02 
 2.231021e+00 -3.514852e-02 
 2.231158e+00 -3.547631e-02 
 2.231295e+00 -3.580347e-02 
 2.231431e+00 -3.612471e-02 
 2.231568e+00 -3.643853e-02 
 2.231704e+00 -3.674880e-02 
 2.231841e+00 -3.705864e-02 
 2.231977e+00 -3.736545e-02 
 2.232114e+00 -3.766645e-02 
 2.232250e+00 -3.796211e-02 
 2.232386e+00 -3.825661e-02 
 2.232523e+00 -3.855264e-02 
 2.232659e+00 -3.884867e-02 
 2.232795e+00 -3.914211e-02 
 2.232932e+00 -3.943414e-02 
 2.233068e+00 -3.972921e-02 
 2.233204e+00 -4.002889e-02 
 2.233340e+00 -4.032721e-02 
 2.233476e+00 -4.061784e-02 
 2.233612e+00 -4.090059e-02 
 2.233748e+00 -4.118159e-02 
 2.233884e+00 -4.146383e-02 
 2.234020e+00 -4.174323e-02 
 2.234156e+00 -4.201627e-02 
 2.234292e+00 -4.228664e-02 
 2.234428e+00 -4.256000e-02 
 2.234564e+00 -4.283573e-02 
 2.234700e+00 -4.310783e-02 
 2.234836e+00 -4.337450e-02 
 2.234972e+00 -4.363812e-02 
 2.235107e+00 -4.390073e-02 
 2.235243e+00 -4.416067e-02 
 2.235379e+00 -4.441549e-02 
 2.235514e+00 -4.466605e-02 
 2.235650e+00 -4.491647e-02 
 2.235786e+00 -4.516995e-02 
 2.235922e+00 -4.542551e-02 
 2.236057e+00 -4.567831e-02 
 2.236192e+00 -4.592557e-02 
 2.236328e+00 -4.616781e-02 
 2.236463e+00 -4.640802e-02 
 2.236599e+00 -4.664703e-02 
 2.236734e+00 -4.688156e-02 
 2.236869e+00 -4.710790e-02 
 2.237005e+00 -4.732683e-02 
 2.237140e+00 -4.754295e-02 
 2.237276e+00 -4.775905e-02 
 2.237411e+00 -4.797283e-02 
 2.237546e+00 -4.818153e-02 
 2.237681e+00 -4.838425e-02 
 2.237816e+00 -4.858173e-02 
 2.237951e+00 -4.877365e-02 
 2.238086e+00 -4.895839e-02 
 2.238221e+00 -4.913488e-02 
 2.238356e+00 -4.930383e-02 
 2.238491e+00 -4.946759e-02 
 2.238626e+00 -4.962861e-02 
 2.238761e+00 -4.978669e-02 
 2.238896e+00 -4.993920e-02 
 2.239031e+00 -5.008318e-02 
 2.239166e+00 -5.021999e-02 
 2.239300e+00 -5.035444e-02 
 2.239435e+00 -5.048871e-02 
 2.239570e+00 -5.061964e-02 
 2.239705e+00 -5.074335e-02 
 2.239840e+00 -5.086039e-02 
 2.239974e+00 -5.097418e-02 
 2.240109e+00 -5.108579e-02 
 2.240243e+00 -5.119402e-02 
 2.240378e+00 -5.129798e-02 
 2.240512e+00 -5.139907e-02 
 2.240647e+00 -5.149919e-02 
 2.240781e+00 -5.159823e-02 
 2.240916e+00 -5.169399e-02 
 2.241050e+00 -5.178441e-02 
 2.241185e+00 -5.186980e-02 
 2.241319e+00 -5.195262e-02 
 2.241453e+00 -5.203434e-02 
 2.241588e+00 -5.211389e-02 
 2.241722e+00 -5.218879e-02 
 2.241856e+00 -5.225862e-02 
 2.241990e+00 -5.232453e-02 
 2.242124e+00 -5.238590e-02 
 2.242258e+00 -5.244081e-02 
 2.242393e+00 -5.248994e-02 
 2.242527e+00 -5.253679e-02 
 2.242661e+00 -5.258295e-02 
 2.242795e+00 -5.262617e-02 
 2.242929e+00 -5.266547e-02 
 2.243063e+00 -5.270443e-02 
 2.243197e+00 -5.274695e-02 
 2.243330e+00 -5.279129e-02 
 2.243464e+00 -5.283197e-02 
 2.243598e+00 -5.286680e-02 
 2.243732e+00 -5.289848e-02 
 2.243866e+00 -5.292922e-02 
 2.244000e+00 -5.295678e-02 
 2.244134e+00 -5.297689e-02 
 2.244267e+00 -5.298812e-02 
 2.244401e+00 -5.299311e-02 
 2.244534e+00 -5.299589e-02 
 2.244668e+00 -5.299844e-02 
 2.244801e+00 -5.299994e-02 
 2.244935e+00 -5.299812e-02 
 2.245069e+00 -5.299063e-02 
 2.245202e+00 -5.297583e-02 
 2.245336e+00 -5.295441e-02 
 2.245469e+00 -5.293050e-02 
 2.245602e+00 -5.290868e-02 
 2.245736e+00 -5.288970e-02 
 2.245869e+00 -5.286949e-02 
 2.246002e+00 -5.284324e-02 
 2.246136e+00 -5.280980e-02 
 2.246269e+00 -5.277255e-02 
 2.246402e+00 -5.273587e-02 
 2.246536e+00 -5.270022e-02 
 2.246669e+00 -5.266113e-02 
 2.246802e+00 -5.261429e-02 
 2.246935e+00 -5.256019e-02 
 2.247068e+00 -5.250220e-02 
 2.247201e+00 -5.244078e-02 
 2.247334e+00 -5.237328e-02 
 2.247467e+00 -5.229899e-02 
 2.247600e+00 -5.222028e-02 
 2.247733e+00 -5.213785e-02 
 2.247866e+00 -5.204866e-02 
 2.247999e+00 -5.195095e-02 
 2.248132e+00 -5.184865e-02 
 2.248264e+00 -5.174711e-02 
 2.248397e+00 -5.164706e-02 
 2.248530e+00 -5.154448e-02 
 2.248662e+00 -5.143677e-02 
 2.248795e+00 -5.132433e-02 
 2.248928e+00 -5.120838e-02 
 2.249061e+00 -5.108853e-02 
 2.249193e+00 -5.096291e-02 
 2.249326e+00 -5.083018e-02 
 2.249459e+00 -5.069133e-02 
 2.249591e+00 -5.054765e-02 
 2.249723e+00 -5.039890e-02 
 2.249856e+00 -5.024258e-02 
 2.249988e+00 -5.007707e-02 
 2.250121e+00 -4.990433e-02 
 2.250253e+00 -4.972778e-02 
 2.250386e+00 -4.954836e-02 
 2.250518e+00 -4.936402e-02 
 2.250650e+00 -4.917260e-02 
 2.250783e+00 -4.897380e-02 
 2.250915e+00 -4.876761e-02 
 2.251047e+00 -4.855542e-02 
 2.251179e+00 -4.833897e-02 
 2.251311e+00 -4.811816e-02 
 2.251443e+00 -4.789033e-02 
 2.251575e+00 -4.765366e-02 
 2.251708e+00 -4.741045e-02 
 2.251840e+00 -4.716457e-02 
 2.251972e+00 -4.691609e-02 
 2.252104e+00 -4.666202e-02 
 2.252236e+00 -4.640038e-02 
 2.252367e+00 -4.613416e-02 
 2.252499e+00 -4.586559e-02 
 2.252631e+00 -4.559143e-02 
 2.252763e+00 -4.530670e-02 
 2.252895e+00 -4.501155e-02 
 2.253027e+00 -4.471095e-02 
 2.253159e+00 -4.440772e-02 
 2.253290e+00 -4.409965e-02 
 2.253422e+00 -4.378512e-02 
 2.253554e+00 -4.346535e-02 
 2.253685e+00 -4.314389e-02 
 2.253817e+00 -4.282213e-02 
 2.253948e+00 -4.250015e-02 
 2.254080e+00 -4.217901e-02 
 2.254211e+00 -4.185981e-02 
 2.254343e+00 -4.154145e-02 
 2.254475e+00 -4.122169e-02 
 2.254606e+00 -4.089967e-02 
 2.254737e+00 -4.057670e-02 
 2.254869e+00 -4.025250e-02 
 2.255000e+00 -3.992684e-02 
 2.255131e+00 -3.959921e-02 
 2.255263e+00 -3.926870e-02 
 2.255394e+00 -3.893428e-02 
 2.255525e+00 -3.859625e-02 
 2.255656e+00 -3.825634e-02 
 2.255788e+00 -3.791523e-02 
 2.255919e+00 -3.757121e-02 
 2.256050e+00 -3.722387e-02 
 2.256181e+00 -3.687479e-02 
 2.256312e+00 -3.652772e-02 
 2.256443e+00 -3.618352e-02 
 2.256574e+00 -3.583961e-02 
 2.256705e+00 -3.549338e-02 
 2.256836e+00 -3.521391e-02 
 2.256967e+00 -3.485768e-02 
 2.257098e+00 -3.449984e-02 
 2.257229e+00 -3.414301e-02 
 2.257360e+00 -3.378494e-02 
 2.257491e+00 -3.342000e-02 
 2.257621e+00 -3.304777e-02 
 2.257752e+00 -3.267241e-02 
 2.257883e+00 -3.229764e-02 
 2.258014e+00 -3.192421e-02 
 2.258144e+00 -3.155153e-02 
 2.258275e+00 -3.117863e-02 
 2.258406e+00 -3.080353e-02 
 2.258537e+00 -3.042463e-02 
 2.258667e+00 -3.004392e-02 
 2.258798e+00 -2.966289e-02 
 2.258928e+00 -2.928087e-02 
 2.259058e+00 -2.889456e-02 
 2.259189e+00 -2.850232e-02 
 2.259319e+00 -2.810558e-02 
 2.259450e+00 -2.770588e-02 
 2.259580e+00 -2.730282e-02 
 2.259711e+00 -2.689573e-02 
 2.259841e+00 -2.642628e-02 
 2.259971e+00 -2.601087e-02 
 2.260102e+00 -2.559137e-02 
 2.260232e+00 -2.516861e-02 
 2.260362e+00 -2.474359e-02 
 2.260492e+00 -2.431704e-02 
 2.260622e+00 -2.388827e-02 
 2.260753e+00 -2.345554e-02 
 2.260883e+00 -2.301859e-02 
 2.261013e+00 -2.257993e-02 
 2.261143e+00 -2.214190e-02 
 2.261273e+00 -2.170395e-02 
 2.261403e+00 -2.126108e-02 
 2.261533e+00 -2.081190e-02 
 2.261663e+00 -2.035970e-02 
 2.261793e+00 -1.990784e-02 
 2.261923e+00 -1.945530e-02 
 2.262052e+00 -1.899846e-02 
 2.262182e+00 -1.853567e-02 
 2.262312e+00 -1.806829e-02 
 2.262442e+00 -1.759796e-02 
 2.262572e+00 -1.712601e-02 
 2.262701e+00 -1.665151e-02 
 2.262831e+00 -1.617471e-02 
 2.262961e+00 -1.569498e-02 
 2.263090e+00 -1.521103e-02 
 2.263220e+00 -1.472360e-02 
 2.263350e+00 -1.423634e-02 
 2.263479e+00 -1.375253e-02 
 2.263609e+00 -1.327148e-02 
 2.263739e+00 -1.278996e-02 
 2.263868e+00 -1.230779e-02 
 2.263997e+00 -1.182610e-02 
 2.264127e+00 -1.134705e-02 
 2.264256e+00 -1.087004e-02 
 2.264385e+00 -1.039266e-02 
 2.264515e+00 -9.912780e-03 
 2.264644e+00 -9.429183e-03 
 2.264774e+00 -8.941291e-03 
 2.264903e+00 -8.449194e-03 
 2.265032e+00 -7.953472e-03 
 2.265161e+00 -7.455439e-03 
 2.265291e+00 -6.953513e-03 
 2.265420e+00 -6.446849e-03 
 2.265549e+00 -5.935422e-03 
 2.265678e+00 -5.420663e-03 
 2.265807e+00 -4.904763e-03 
 2.265936e+00 -4.388809e-03 
 2.266065e+00 -3.871497e-03 
 2.266194e+00 -3.350198e-03 
 2.266323e+00 -2.823556e-03 
 2.266452e+00 -2.293756e-03 
 2.266581e+00 -1.761393e-03 
 2.266710e+00 -1.226218e-03 
 2.266839e+00 -6.861729e-04 
 2.266967e+00 -1.404088e-04 
 2.267096e+00  4.088066e-04 
 2.267225e+00  9.584289e-04 
 2.267354e+00  1.508302e-03 
 2.267483e+00  2.060981e-03 
 2.267612e+00  2.618074e-03 
 2.267740e+00  3.177436e-03 
 2.267869e+00  3.739052e-03 
 2.267997e+00  4.303739e-03 
 2.268126e+00  4.873021e-03 
 2.268254e+00  5.447066e-03 
 2.268383e+00  6.025090e-03 
 2.268512e+00  6.606839e-03 
 2.268640e+00  7.192399e-03 
 2.268769e+00  7.780949e-03 
 2.268897e+00  8.370580e-03 
 2.269026e+00  8.958074e-03 
 2.269154e+00  9.543559e-03 
 2.269282e+00  1.012732e-02 
 2.269410e+00  1.071091e-02 
 2.269539e+00  1.129613e-02 
 2.269667e+00  1.188373e-02 
 2.269795e+00  1.247300e-02 
 2.269924e+00  1.306336e-02 
 2.270052e+00  1.365596e-02 
 2.270180e+00  1.425296e-02 
 2.270308e+00  1.485394e-02 
 2.270436e+00  1.545907e-02 
 2.270564e+00  1.606745e-02 
 2.270692e+00  1.667964e-02 
 2.270820e+00  1.729587e-02 
 2.270948e+00  1.791450e-02 
 2.271076e+00  1.853340e-02 
 2.271205e+00  1.915222e-02 
 2.271333e+00  1.977157e-02 
 2.271461e+00  2.039086e-02 
 2.271588e+00  2.100748e-02 
 2.271716e+00  2.162281e-02 
 2.271844e+00  2.223861e-02 
 2.271972e+00  2.285619e-02 
 2.272099e+00  2.347558e-02 
 2.272227e+00  2.409672e-02 
 2.272355e+00  2.471996e-02 
 2.272483e+00  2.534485e-02 
 2.272611e+00  2.596989e-02 
 2.272738e+00  2.659445e-02 
 2.272866e+00  2.721872e-02 
 2.272993e+00  2.784572e-02 
 2.273121e+00  2.847504e-02 
 2.273248e+00  2.910479e-02 
 2.273376e+00  2.973432e-02 
 2.273503e+00  3.036488e-02 
 2.273631e+00  3.099734e-02 
 2.273758e+00  3.163045e-02 
 2.273886e+00  3.226234e-02 
 2.274013e+00  3.289267e-02 
 2.274141e+00  3.352105e-02 
 2.274268e+00  3.414910e-02 
 2.274395e+00  3.477673e-02 
 2.274522e+00  3.540455e-02 
 2.274650e+00  3.603347e-02 
 2.274777e+00  3.666394e-02 
 2.274904e+00  3.729538e-02 
 2.275032e+00  3.792714e-02 
 2.275159e+00  3.855941e-02 
 2.275286e+00  3.919230e-02 
 2.275413e+00  3.982435e-02 
 2.275540e+00  4.045590e-02 
 2.275667e+00  4.108533e-02 
 2.275794e+00  4.171121e-02 
 2.275921e+00  4.233318e-02 
 2.276048e+00  4.295207e-02 
 2.276175e+00  4.356879e-02 
 2.276302e+00  4.418355e-02 
 2.276429e+00  4.479618e-02 
 2.276556e+00  4.540663e-02 
 2.276683e+00  4.601321e-02 
 2.276809e+00  4.661593e-02 
 2.276936e+00  4.721402e-02 
 2.277063e+00  4.780835e-02 
 2.277190e+00  4.840102e-02 
 2.277316e+00  4.899375e-02 
 2.277443e+00  4.958681e-02 
 2.277570e+00  5.017959e-02 
 2.277697e+00  5.077149e-02 
 2.277823e+00  5.136184e-02 
 2.277950e+00  5.194827e-02 
 2.278076e+00  5.253105e-02 
 2.278203e+00  5.311097e-02 
 2.278329e+00  5.368961e-02 
 2.278456e+00  5.426668e-02 
 2.278582e+00  5.483953e-02 
 2.278709e+00  5.540618e-02 
 2.278835e+00  5.596813e-02 
 2.278962e+00  5.652890e-02 
 2.279088e+00  5.709014e-02 
 2.279215e+00  5.764935e-02 
 2.279341e+00  5.820611e-02 
 2.279467e+00  5.876203e-02 
 2.279593e+00  5.932120e-02 
 2.279720e+00  5.988606e-02 
 2.279846e+00  6.045451e-02 
 2.279972e+00  6.102235e-02 
 2.280098e+00  6.158837e-02 
 2.280224e+00  6.215513e-02 
 2.280351e+00  6.272448e-02 
 2.280477e+00  6.329266e-02 
 2.280603e+00  6.385623e-02 
 2.280729e+00  6.441390e-02 
 2.280855e+00  6.496844e-02 
 2.280981e+00  6.552244e-02 
 2.281107e+00  6.607562e-02 
 2.281233e+00  6.662703e-02 
 2.281359e+00  6.717790e-02 
 2.281485e+00  6.773043e-02 
 2.281611e+00  6.828455e-02 
 2.281736e+00  6.883665e-02 
 2.281862e+00  6.938629e-02 
 2.281988e+00  6.993509e-02 
 2.282114e+00  7.048524e-02 
 2.282239e+00  7.103629e-02 
 2.282365e+00  7.158589e-02 
 2.282491e+00  7.213318e-02 
 2.282616e+00  7.267948e-02 
 2.282742e+00  7.322572e-02 
 2.282868e+00  7.377131e-02 
 2.282993e+00  7.431500e-02 
 2.283119e+00  7.485936e-02 
 2.283244e+00  7.540585e-02 
 2.283370e+00  7.595411e-02 
 2.283495e+00  7.650306e-02 
 2.283621e+00  7.705283e-02 
 2.283746e+00  7.760433e-02 
 2.283872e+00  7.815716e-02 
 2.283997e+00  7.870926e-02 
 2.284123e+00  7.925921e-02 
 2.284248e+00  7.980713e-02 
 2.284373e+00  8.035679e-02 
 2.284499e+00  8.090934e-02 
 2.284624e+00  8.146313e-02 
 2.284749e+00  8.201573e-02 
 2.284874e+00  8.256634e-02 
 2.285000e+00  8.311582e-02 
 2.285125e+00  8.366475e-02 
 2.285250e+00  8.421265e-02 
 2.285375e+00  8.475919e-02 
 2.285500e+00  8.530414e-02 
 2.285625e+00  8.584976e-02 
 2.285750e+00  8.639650e-02 
 2.285875e+00  8.694434e-02 
 2.286000e+00  8.749342e-02 
 2.286125e+00  8.804406e-02 
 2.286250e+00  8.859633e-02 
 2.286375e+00  8.915020e-02 
 2.286500e+00  8.970576e-02 
 2.286625e+00  9.026263e-02 
 2.286750e+00  9.081855e-02 
 2.286875e+00  9.137334e-02 
 2.287000e+00  9.192674e-02 
 2.287124e+00  9.247944e-02 
 2.287249e+00  9.303163e-02 
 2.287374e+00  9.358269e-02 
 2.287499e+00  9.413201e-02 
 2.287623e+00  9.467919e-02 
 2.287748e+00  9.522340e-02 
 2.287873e+00  9.576401e-02 
 2.287997e+00  9.630147e-02 
 2.288122e+00  9.683973e-02 
 2.288246e+00  9.737968e-02 
 2.288371e+00  9.791896e-02 
 2.288495e+00  9.845503e-02 
 2.288620e+00  9.898833e-02 
 2.288744e+00  9.952117e-02 
 2.288869e+00  1.000545e-01 
 2.288993e+00  1.005872e-01 
 2.289118e+00  1.011182e-01 
 2.289242e+00  1.016465e-01 
 2.289366e+00  1.021729e-01 
 2.289491e+00  1.026968e-01 
 2.289615e+00  1.032180e-01 
 2.289739e+00  1.037371e-01 
 2.289864e+00  1.042547e-01 
 2.289988e+00  1.047698e-01 
 2.290112e+00  1.052815e-01 
 2.290236e+00  1.057891e-01 
 2.290361e+00  1.062920e-01 
 2.290485e+00  1.067890e-01 
 2.290609e+00  1.072818e-01 
 2.290733e+00  1.077717e-01 
 2.290857e+00  1.082584e-01 
 2.290981e+00  1.087411e-01 
 2.291105e+00  1.092194e-01 
 2.291229e+00  1.096941e-01 
 2.291353e+00  1.101662e-01 
 2.291477e+00  1.106352e-01 
 2.291601e+00  1.110997e-01 
 2.291725e+00  1.115589e-01 
 2.291848e+00  1.120153e-01 
 2.291972e+00  1.124693e-01 
 2.292096e+00  1.129193e-01 
 2.292220e+00  1.133631e-01 
 2.292344e+00  1.138013e-01 
 2.292467e+00  1.142375e-01 
 2.292591e+00  1.146739e-01 
 2.292715e+00  1.151095e-01 
 2.292839e+00  1.155418e-01 
 2.292962e+00  1.159693e-01 
 2.293086e+00  1.163942e-01 
 2.293209e+00  1.168171e-01 
 2.293333e+00  1.172379e-01 
 2.293457e+00  1.176570e-01 
 2.293580e+00  1.180757e-01 
 2.293704e+00  1.184948e-01 
 2.293827e+00  1.189133e-01 
 2.293951e+00  1.193299e-01 
 2.294074e+00  1.197459e-01 
 2.294198e+00  1.201623e-01 
 2.294321e+00  1.205801e-01 
 2.294444e+00  1.209983e-01 
 2.294568e+00  1.214161e-01 
 2.294691e+00  1.218343e-01 
 2.294814e+00  1.222537e-01 
 2.294937e+00  1.226741e-01 
 2.295061e+00  1.230943e-01 
 2.295184e+00  1.235137e-01 
 2.295307e+00  1.239328e-01 
 2.295430e+00  1.243513e-01 
 2.295554e+00  1.247696e-01 
 2.295677e+00  1.251877e-01 
 2.295800e+00  1.256064e-01 
 2.295923e+00  1.260264e-01 
 2.296046e+00  1.264473e-01 
 2.296169e+00  1.268678e-01 
 2.296292e+00  1.272866e-01 
 2.296415e+00  1.277033e-01 
 2.296538e+00  1.281177e-01 
 2.296661e+00  1.285291e-01 
 2.296784e+00  1.289383e-01 
 2.296907e+00  1.293453e-01 
 2.297029e+00  1.297491e-01 
 2.297152e+00  1.301491e-01 
 2.297275e+00  1.305456e-01 
 2.297398e+00  1.309404e-01 
 2.297521e+00  1.313349e-01 
 2.297644e+00  1.317297e-01 
 2.297767e+00  1.321247e-01 
 2.297889e+00  1.325201e-01 
 2.298012e+00  1.329172e-01 
 2.298134e+00  1.333156e-01 
 2.298257e+00  1.337138e-01 
 2.298380e+00  1.341101e-01 
 2.298502e+00  1.345031e-01 
 2.298625e+00  1.348918e-01 
 2.298747e+00  1.352757e-01 
 2.298870e+00  1.356564e-01 
 2.298993e+00  1.360357e-01 
 2.299115e+00  1.364126e-01 
 2.299237e+00  1.367863e-01 
 2.299360e+00  1.371566e-01 
 2.299482e+00  1.375267e-01 
 2.299604e+00  1.379008e-01 
 2.299727e+00  1.382797e-01 
 2.299849e+00  1.386608e-01 
 2.299972e+00  1.390411e-01 
 2.300094e+00  1.394200e-01 
 2.300216e+00  1.397978e-01 
 2.300338e+00  1.401732e-01 
 2.300461e+00  1.405459e-01 
 2.300583e+00  1.409155e-01 
 2.300705e+00  1.412824e-01 
 2.300827e+00  1.416469e-01 
 2.300949e+00  1.420094e-01 
 2.301071e+00  1.423711e-01 
 2.301194e+00  1.427331e-01 
 2.301316e+00  1.430955e-01 
 2.301438e+00  1.434574e-01 
 2.301560e+00  1.438182e-01 
 2.301682e+00  1.441797e-01 
 2.301804e+00  1.445426e-01 
 2.301925e+00  1.449059e-01 
 2.302047e+00  1.452684e-01 
 2.302169e+00  1.456303e-01 
 2.302291e+00  1.459922e-01 
 2.302413e+00  1.463540e-01 
 2.302535e+00  1.467147e-01 
 2.302657e+00  1.470746e-01 
 2.302779e+00  1.474342e-01 
 2.302900e+00  1.477943e-01 
 2.303022e+00  1.481530e-01 
 2.303144e+00  1.485085e-01 
 2.303265e+00  1.488619e-01 
 2.303387e+00  1.492153e-01 
 2.303509e+00  1.495695e-01 
 2.303630e+00  1.499233e-01 
 2.303752e+00  1.502764e-01 
 2.303874e+00  1.506311e-01 
 2.303995e+00  1.509887e-01 
 2.304117e+00  1.513492e-01 
 2.304238e+00  1.517106e-01 
 2.304360e+00  1.520725e-01 
 2.304481e+00  1.524369e-01 
 2.304603e+00  1.528047e-01 
 2.304724e+00  1.531746e-01 
 2.304846e+00  1.535448e-01 
 2.304967e+00  1.539151e-01 
 2.305088e+00  1.542866e-01 
 2.305210e+00  1.546585e-01 
 2.305331e+00  1.550299e-01 
 2.305452e+00  1.553999e-01 
 2.305573e+00  1.557686e-01 
 2.305695e+00  1.561363e-01 
 2.305816e+00  1.565027e-01 
 2.305937e+00  1.568678e-01 
 2.306058e+00  1.572327e-01 
 2.306180e+00  1.575989e-01 
 2.306301e+00  1.579673e-01 
 2.306422e+00  1.583381e-01 
 2.306543e+00  1.587128e-01 
 2.306664e+00  1.590920e-01 
 2.306785e+00  1.594751e-01 
 2.306906e+00  1.598605e-01 
 2.307027e+00  1.602475e-01 
 2.307148e+00  1.606360e-01 
 2.307269e+00  1.610258e-01 
 2.307390e+00  1.614154e-01 
 2.307511e+00  1.618037e-01 
 2.307632e+00  1.621909e-01 
 2.307752e+00  1.625789e-01 
 2.307873e+00  1.629666e-01 
 2.307994e+00  1.633511e-01 
 2.308115e+00  1.637310e-01 
 2.308236e+00  1.641079e-01 
 2.308356e+00  1.644840e-01 
 2.308477e+00  1.648588e-01 
 2.308598e+00  1.652298e-01 
 2.308719e+00  1.655961e-01 
 2.308839e+00  1.659584e-01 
 2.308960e+00  1.663189e-01 
 2.309080e+00  1.666780e-01 
 2.309201e+00  1.670361e-01 
 2.309322e+00  1.673946e-01 
 2.309442e+00  1.677553e-01 
 2.309563e+00  1.681182e-01 
 2.309683e+00  1.684822e-01 
 2.309804e+00  1.688461e-01 
 2.309924e+00  1.692100e-01 
 2.310045e+00  1.695735e-01 
 2.310165e+00  1.699364e-01 
 2.310285e+00  1.702975e-01 
 2.310406e+00  1.706563e-01 
 2.310526e+00  1.710131e-01 
 2.310647e+00  1.713676e-01 
 2.310767e+00  1.717187e-01 
 2.310887e+00  1.720656e-01 
 2.311008e+00  1.724079e-01 
 2.311128e+00  1.727465e-01 
 2.311248e+00  1.730818e-01 
 2.311368e+00  1.734160e-01 
 2.311488e+00  1.737499e-01 
 2.311608e+00  1.740826e-01 
 2.311729e+00  1.744120e-01 
 2.311849e+00  1.747373e-01 
 2.311969e+00  1.750603e-01 
 2.312089e+00  1.753829e-01 
 2.312209e+00  1.757043e-01 
 2.312329e+00  1.760216e-01 
 2.312449e+00  1.763325e-01 
 2.312569e+00  1.766390e-01 
 2.312689e+00  1.769439e-01 
 2.312809e+00  1.772490e-01 
 2.312929e+00  1.775548e-01 
 2.313049e+00  1.778601e-01 
 2.313169e+00  1.781643e-01 
 2.313288e+00  1.784672e-01 
 2.313408e+00  1.787698e-01 
 2.313528e+00  1.790727e-01 
 2.313648e+00  1.793751e-01 
 2.313768e+00  1.796768e-01 
 2.313887e+00  1.799774e-01 
 2.314007e+00  1.802770e-01 
 2.314127e+00  1.805758e-01 
 2.314246e+00  1.808738e-01 
 2.314366e+00  1.811713e-01 
 2.314486e+00  1.814684e-01 
 2.314605e+00  1.817658e-01 
 2.314725e+00  1.820631e-01 
 2.314845e+00  1.823587e-01 
 2.314964e+00  1.826522e-01 
 2.315084e+00  1.829442e-01 
 2.315203e+00  1.832367e-01 
 2.315323e+00  1.835306e-01 
 2.315442e+00  1.838246e-01 
 2.315561e+00  1.841162e-01 
 2.315681e+00  1.844045e-01 
 2.315800e+00  1.846917e-01 
 2.315920e+00  1.849792e-01 
 2.316039e+00  1.852653e-01 
 2.316158e+00  1.855478e-01 
 2.316278e+00  1.858261e-01 
 2.316397e+00  1.861028e-01 
 2.316516e+00  1.863808e-01 
 2.316635e+00  1.866603e-01 
 2.316755e+00  1.869401e-01 
 2.316874e+00  1.872201e-01 
 2.316993e+00  1.875027e-01 
 2.317112e+00  1.877900e-01 
 2.317231e+00  1.880805e-01 
 2.317351e+00  1.883720e-01 
 2.317470e+00  1.886623e-01 
 2.317589e+00  1.889510e-01 
 2.317708e+00  1.892384e-01 
 2.317827e+00  1.895236e-01 
 2.317946e+00  1.898059e-01 
 2.318065e+00  1.900851e-01 
 2.318184e+00  1.903615e-01 
 2.318303e+00  1.906352e-01 
 2.318422e+00  1.909053e-01 
 2.318540e+00  1.911721e-01 
 2.318659e+00  1.914356e-01 
 2.318778e+00  1.916960e-01 
 2.318897e+00  1.919539e-01 
 2.319016e+00  1.922111e-01 
 2.319135e+00  1.924690e-01 
 2.319253e+00  1.927275e-01 
 2.319372e+00  1.929842e-01 
 2.319491e+00  1.932367e-01 
 2.319610e+00  1.934850e-01 
 2.319728e+00  1.937319e-01 
 2.319847e+00  1.939794e-01 
 2.319966e+00  1.942272e-01 
 2.320084e+00  1.944735e-01 
 2.320203e+00  1.947162e-01 
 2.320321e+00  1.949548e-01 
 2.320440e+00  1.951907e-01 
 2.320559e+00  1.954262e-01 
 2.320677e+00  1.956625e-01 
 2.320796e+00  1.958986e-01 
 2.320914e+00  1.961336e-01 
 2.321032e+00  1.963669e-01 
 2.321151e+00  1.965992e-01 
 2.321269e+00  1.968315e-01 
 2.321388e+00  1.970646e-01 
 2.321506e+00  1.972980e-01 
 2.321624e+00  1.975313e-01 
 2.321743e+00  1.977651e-01 
 2.321861e+00  1.980001e-01 
 2.321979e+00  1.982353e-01 
 2.322098e+00  1.984691e-01 
 2.322216e+00  1.986997e-01 
 2.322334e+00  1.989271e-01 
 2.322452e+00  1.991524e-01 
 2.322570e+00  1.993764e-01 
 2.322689e+00  1.995985e-01 
 2.322807e+00  1.998179e-01 
 2.322925e+00  2.000341e-01 
 2.323043e+00  2.002467e-01 
 2.323161e+00  2.004554e-01 
 2.323279e+00  2.006614e-01 
 2.323397e+00  2.008664e-01 
 2.323515e+00  2.010715e-01 
 2.323633e+00  2.012772e-01 
 2.323751e+00  2.014826e-01 
 2.323869e+00  2.016856e-01 
 2.323987e+00  2.018845e-01 
 2.324105e+00  2.020802e-01 
 2.324223e+00  2.022747e-01 
 2.324341e+00  2.024683e-01 
 2.324459e+00  2.026592e-01 
 2.324576e+00  2.028451e-01 
 2.324694e+00  2.030264e-01 
 2.324812e+00  2.032054e-01 
 2.324930e+00  2.033829e-01 
 2.325047e+00  2.035576e-01 
 2.325165e+00  2.037282e-01 
 2.325283e+00  2.038954e-01 
 2.325401e+00  2.040612e-01 
 2.325518e+00  2.042266e-01 
 2.325636e+00  2.043920e-01 
 2.325753e+00  2.045573e-01 
 2.325871e+00  2.047221e-01 
 2.325989e+00  2.048862e-01 
 2.326106e+00  2.050501e-01 
 2.326224e+00  2.052147e-01 
 2.326341e+00  2.053801e-01 
 2.326459e+00  2.055452e-01 
 2.326576e+00  2.057084e-01 
 2.326694e+00  2.058691e-01 
 2.326811e+00  2.060274e-01 
 2.326928e+00  2.061827e-01 
 2.327046e+00  2.063339e-01 
 2.327163e+00  2.064808e-01 
 2.327280e+00  2.066243e-01 
 2.327398e+00  2.067657e-01 
 2.327515e+00  2.069050e-01 
 2.327633e+00  2.070418e-01 
 2.327750e+00  2.071763e-01 
 2.327867e+00  2.073093e-01 
 2.327984e+00  2.074423e-01 
 2.328101e+00  2.075753e-01 
 2.328219e+00  2.077076e-01 
 2.328336e+00  2.078387e-01 
 2.328453e+00  2.079677e-01 
 2.328570e+00  2.080940e-01 
 2.328687e+00  2.082178e-01 
 2.328804e+00  2.083396e-01 
 2.328921e+00  2.084601e-01 
 2.329038e+00  2.085781e-01 
 2.329155e+00  2.086922e-01 
 2.329272e+00  2.088024e-01 
 2.329389e+00  2.089113e-01 
 2.329506e+00  2.090220e-01 
 2.329623e+00  2.091355e-01 
 2.329740e+00  2.092506e-01 
 2.329857e+00  2.093661e-01 
 2.329974e+00  2.094831e-01 
 2.330091e+00  2.096034e-01 
 2.330208e+00  2.097262e-01 
 2.330324e+00  2.098481e-01 
 2.330441e+00  2.099658e-01 
 2.330558e+00  2.100790e-01 
 2.330675e+00  2.101905e-01 
 2.330791e+00  2.103025e-01 
 2.330908e+00  2.104150e-01 
 2.331025e+00  2.105266e-01 
 2.331142e+00  2.106367e-01 
 2.331258e+00  2.107463e-01 
 2.331375e+00  2.108560e-01 
 2.331492e+00  2.109653e-01 
 2.331608e+00  2.110726e-01 
 2.331725e+00  2.111774e-01 
 2.331841e+00  2.112800e-01 
 2.331958e+00  2.113804e-01 
 2.332074e+00  2.114774e-01 
 2.332191e+00  2.115702e-01 
 2.332307e+00  2.116600e-01 
 2.332424e+00  2.117488e-01 
 2.332540e+00  2.118369e-01 
 2.332657e+00  2.119219e-01 
 2.332773e+00  2.120009e-01 
 2.332889e+00  2.120741e-01 
 2.333006e+00  2.121446e-01 
 2.333122e+00  2.122156e-01 
 2.333238e+00  2.122880e-01 
 2.333355e+00  2.123603e-01 
 2.333471e+00  2.124306e-01 
 2.333587e+00  2.124987e-01 
 2.333703e+00  2.125658e-01 
 2.333820e+00  2.126326e-01 
 2.333936e+00  2.126983e-01 
 2.334052e+00  2.127602e-01 
 2.334168e+00  2.128160e-01 
 2.334284e+00  2.128654e-01 
 2.334400e+00  2.129100e-01 
 2.334516e+00  2.129517e-01 
 2.334633e+00  2.129911e-01 
 2.334749e+00  2.130274e-01 
 2.334865e+00  2.130586e-01 
 2.334981e+00  2.130840e-01 
 2.335097e+00  2.131047e-01 
 2.335213e+00  2.131226e-01 
 2.335328e+00  2.131383e-01 
 2.335444e+00  2.131511e-01 
 2.335560e+00  2.131606e-01 
 2.335676e+00  2.131670e-01 
 2.335792e+00  2.131709e-01 
 2.335908e+00  2.131721e-01 
 2.336024e+00  2.131702e-01 
 2.336140e+00  2.131650e-01 
 2.336255e+00  2.131566e-01 
 2.336371e+00  2.131448e-01 
 2.336487e+00  2.131295e-01 
 2.336603e+00  2.131120e-01 
 2.336718e+00  2.130944e-01 
 2.336834e+00  2.130784e-01 
 2.336950e+00  2.130636e-01 
 2.337066e+00  2.130484e-01 
 2.337181e+00  2.130315e-01 
 2.337297e+00  2.130126e-01 
 2.337412e+00  2.129920e-01 
 2.337528e+00  2.129697e-01 
 2.337643e+00  2.129446e-01 
 2.337759e+00  2.129151e-01 
 2.337875e+00  2.128796e-01 
 2.337990e+00  2.128382e-01 
 2.338106e+00  2.127930e-01 
 2.338221e+00  2.127453e-01 
 2.338337e+00  2.126358e-01 
 2.338452e+00  2.125784e-01 
 2.338567e+00  2.125193e-01 
 2.338683e+00  2.124613e-01 
 2.338798e+00  2.124050e-01 
 2.338913e+00  2.123489e-01 
 2.339029e+00  2.122917e-01 
 2.339144e+00  2.122333e-01 
 2.339259e+00  2.121746e-01 
 2.339375e+00  2.121161e-01 
 2.339490e+00  2.120570e-01 
 2.339605e+00  2.119957e-01 
 2.339720e+00  2.119305e-01 
 2.339835e+00  2.118612e-01 
 2.339951e+00  2.117900e-01 
 2.340066e+00  2.117189e-01 
 2.340181e+00  2.116482e-01 
 2.340296e+00  2.115767e-01 
 2.340411e+00  2.115034e-01 
 2.340526e+00  2.114284e-01 
 2.340641e+00  2.113517e-01 
 2.340756e+00  2.112721e-01 
 2.340871e+00  2.111882e-01 
 2.340986e+00  2.110990e-01 
 2.341101e+00  2.110046e-01 
 2.341216e+00  2.109054e-01 
 2.341331e+00  2.108027e-01 
 2.341446e+00  2.106971e-01 
 2.341561e+00  2.105878e-01 
 2.341676e+00  2.104741e-01 
 2.341791e+00  2.103577e-01 
 2.341905e+00  2.102421e-01 
 2.342020e+00  2.101299e-01 
 2.342135e+00  2.100200e-01 
 2.342250e+00  2.099094e-01 
 2.342365e+00  2.097949e-01 
 2.342479e+00  2.096754e-01 
 2.342594e+00  2.095507e-01 
 2.342709e+00  2.094219e-01 
 2.342824e+00  2.092906e-01 
 2.342938e+00  2.091574e-01 
 2.343053e+00  2.090209e-01 
 2.343167e+00  2.088795e-01 
 2.343282e+00  2.087332e-01 
 2.343397e+00  2.085837e-01 
 2.343511e+00  2.084325e-01 
 2.343626e+00  2.082802e-01 
 2.343740e+00  2.081274e-01 
 2.343855e+00  2.079747e-01 
 2.343969e+00  2.078222e-01 
 2.344084e+00  2.076690e-01 
 2.344198e+00  2.075135e-01 
 2.344313e+00  2.073555e-01 
 2.344427e+00  2.071955e-01 
 2.344541e+00  2.070339e-01 
 2.344656e+00  2.068712e-01 
 2.344770e+00  2.067075e-01 
 2.344884e+00  2.065427e-01 
 2.344999e+00  2.063764e-01 
 2.345113e+00  2.062083e-01 
 2.345227e+00  2.060390e-01 
 2.345342e+00  2.058679e-01 
 2.345456e+00  2.056934e-01 
 2.345570e+00  2.055145e-01 
 2.345684e+00  2.053320e-01 
 2.345798e+00  2.051482e-01 
 2.345913e+00  2.049644e-01 
 2.346027e+00  2.047800e-01 
 2.346141e+00  2.045932e-01 
 2.346255e+00  2.044027e-01 
 2.346369e+00  2.042081e-01 
 2.346483e+00  2.040095e-01 
 2.346597e+00  2.038079e-01 
 2.346711e+00  2.036041e-01 
 2.346825e+00  2.033979e-01 
 2.346939e+00  2.031888e-01 
 2.347053e+00  2.029764e-01 
 2.347167e+00  2.027614e-01 
 2.347281e+00  2.025441e-01 
 2.347395e+00  2.023242e-01 
 2.347509e+00  2.021020e-01 
 2.347623e+00  2.018776e-01 
 2.347737e+00  2.016520e-01 
 2.347850e+00  2.014259e-01 
 2.347964e+00  2.011996e-01 
 2.348078e+00  2.009729e-01 
 2.348192e+00  2.007447e-01 
 2.348306e+00  2.005133e-01 
 2.348419e+00  2.002777e-01 
 2.348533e+00  2.000391e-01 
 2.348647e+00  1.998000e-01 
 2.348760e+00  1.995616e-01 
 2.348874e+00  1.993242e-01 
 2.348988e+00  1.990869e-01 
 2.349101e+00  1.988487e-01 
 2.349215e+00  1.986088e-01 
 2.349329e+00  1.983673e-01 
 2.349442e+00  1.981247e-01 
 2.349556e+00  1.978807e-01 
 2.349669e+00  1.976334e-01 
 2.349783e+00  1.973813e-01 
 2.349896e+00  1.971244e-01 
 2.350010e+00  1.968642e-01 
 2.350123e+00  1.966017e-01 
 2.350237e+00  1.963361e-01 
 2.350350e+00  1.960664e-01 
 2.350464e+00  1.957929e-01 
 2.350577e+00  1.955166e-01 
 2.350690e+00  1.952382e-01 
 2.350804e+00  1.949581e-01 
 2.350917e+00  1.946761e-01 
 2.351030e+00  1.943909e-01 
 2.351144e+00  1.941013e-01 
 2.351257e+00  1.938075e-01 
 2.351370e+00  1.935109e-01 
 2.351483e+00  1.932133e-01 
 2.351597e+00  1.929153e-01 
 2.351710e+00  1.926167e-01 
 2.351823e+00  1.923172e-01 
 2.351936e+00  1.920166e-01 
 2.352049e+00  1.917144e-01 
 2.352162e+00  1.914092e-01 
 2.352275e+00  1.911007e-01 
 2.352389e+00  1.907892e-01 
 2.352502e+00  1.904747e-01 
 2.352615e+00  1.901577e-01 
 2.352728e+00  1.898390e-01 
 2.352841e+00  1.895197e-01 
 2.352954e+00  1.891992e-01 
 2.353067e+00  1.888750e-01 
 2.353180e+00  1.885460e-01 
 2.353293e+00  1.882123e-01 
 2.353406e+00  1.878757e-01 
 2.353518e+00  1.875375e-01 
 2.353631e+00  1.871980e-01 
 2.353744e+00  1.868570e-01 
 2.353857e+00  1.865138e-01 
 2.353970e+00  1.861674e-01 
 2.354083e+00  1.858173e-01 
 2.354196e+00  1.854644e-01 
 2.354308e+00  1.851111e-01 
 2.354421e+00  1.847575e-01 
 2.354534e+00  1.844034e-01 
 2.354646e+00  1.840484e-01 
 2.354759e+00  1.836926e-01 
 2.354872e+00  1.833357e-01 
 2.354985e+00  1.829767e-01 
 2.355097e+00  1.826151e-01 
 2.355210e+00  1.822513e-01 
 2.355323e+00  1.818857e-01 
 2.355435e+00  1.815182e-01 
 2.355548e+00  1.811469e-01 
 2.355660e+00  1.807710e-01 
 2.355773e+00  1.803904e-01 
 2.355885e+00  1.800045e-01 
 2.355998e+00  1.796130e-01 
 2.356110e+00  1.792164e-01 
 2.356223e+00  1.788165e-01 
 2.356335e+00  1.784147e-01 
 2.356448e+00  1.780123e-01 
 2.356560e+00  1.776102e-01 
 2.356672e+00  1.772071e-01 
 2.356785e+00  1.768018e-01 
 2.356897e+00  1.763928e-01 
 2.357009e+00  1.759800e-01 
 2.357122e+00  1.755639e-01 
 2.357234e+00  1.751452e-01 
 2.357346e+00  1.747234e-01 
 2.357459e+00  1.742986e-01 
 2.357571e+00  1.738714e-01 
 2.357683e+00  1.734433e-01 
 2.357795e+00  1.730144e-01 
 2.357907e+00  1.725850e-01 
 2.358020e+00  1.721547e-01 
 2.358132e+00  1.717222e-01 
 2.358244e+00  1.712862e-01 
 2.358356e+00  1.708459e-01 
 2.358468e+00  1.704016e-01 
 2.358580e+00  1.699542e-01 
 2.358692e+00  1.695035e-01 
 2.358804e+00  1.690494e-01 
 2.358916e+00  1.685905e-01 
 2.359028e+00  1.681276e-01 
 2.359140e+00  1.676624e-01 
 2.359252e+00  1.671962e-01 
 2.359364e+00  1.667297e-01 
 2.359476e+00  1.662621e-01 
 2.359588e+00  1.657921e-01 
 2.359700e+00  1.653187e-01 
 2.359812e+00  1.648426e-01 
 2.359924e+00  1.643652e-01 
 2.360036e+00  1.638856e-01 
 2.360147e+00  1.634029e-01 
 2.360259e+00  1.629172e-01 
 2.360371e+00  1.624299e-01 
 2.360483e+00  1.619429e-01 
 2.360595e+00  1.614562e-01 
 2.360706e+00  1.609687e-01 
 2.360818e+00  1.604795e-01 
 2.360930e+00  1.599893e-01 
 2.361042e+00  1.595001e-01 
 2.361153e+00  1.590123e-01 
 2.361265e+00  1.585260e-01 
 2.361376e+00  1.580404e-01 
 2.361488e+00  1.575538e-01 
 2.361600e+00  1.570653e-01 
 2.361711e+00  1.565747e-01 
 2.361823e+00  1.560829e-01 
 2.361934e+00  1.555908e-01 
 2.362046e+00  1.550993e-01 
 2.362157e+00  1.546097e-01 
 2.362269e+00  1.541221e-01 
 2.362380e+00  1.536365e-01 
 2.362492e+00  1.531523e-01 
 2.362603e+00  1.526689e-01 
 2.362715e+00  1.521864e-01 
 2.362826e+00  1.517047e-01 
 2.362937e+00  1.512235e-01 
 2.363049e+00  1.507419e-01 
 2.363160e+00  1.502589e-01 
 2.363272e+00  1.497749e-01 
 2.363383e+00  1.492883e-01 
 2.363494e+00  1.487990e-01 
 2.363605e+00  1.483082e-01 
 2.363717e+00  1.478181e-01 
 2.363828e+00  1.473299e-01 
 2.363939e+00  1.469171e-01 
 2.364050e+00  1.464252e-01 
 2.364162e+00  1.459329e-01 
 2.364273e+00  1.454402e-01 
 2.364384e+00  1.449477e-01 
 2.364495e+00  1.444540e-01 
 2.364606e+00  1.439589e-01 
 2.364717e+00  1.434623e-01 
 2.364828e+00  1.429646e-01 
 2.364939e+00  1.424664e-01 
 2.365050e+00  1.419683e-01 
 2.365161e+00  1.414704e-01 
 2.365272e+00  1.409729e-01 
 2.365384e+00  1.404759e-01 
 2.365494e+00  1.399812e-01 
 2.365605e+00  1.394892e-01 
 2.365716e+00  1.390004e-01 
 2.365827e+00  1.385137e-01 
 2.365938e+00  1.380275e-01 
 2.366049e+00  1.375410e-01 
 2.366160e+00  1.370550e-01 
 2.366271e+00  1.365703e-01 
 2.366382e+00  1.360874e-01 
 2.366493e+00  1.356052e-01 
 2.366603e+00  1.351226e-01 
 2.366714e+00  1.346379e-01 
 2.366825e+00  1.341510e-01 
 2.366935e+00  1.336629e-01 
 2.367046e+00  1.331741e-01 
 2.367157e+00  1.326836e-01 
 2.367268e+00  1.321894e-01 
 2.367378e+00  1.316903e-01 
 2.367489e+00  1.311871e-01 
 2.367600e+00  1.306822e-01 
 2.367710e+00  1.301777e-01 
 2.367821e+00  1.296721e-01 
 2.367931e+00  1.291633e-01 
 2.368042e+00  1.286498e-01 
 2.368153e+00  1.281329e-01 
 2.368263e+00  1.276148e-01 
 2.368374e+00  1.270970e-01 
 2.368484e+00  1.265786e-01 
 2.368595e+00  1.260578e-01 
 2.368705e+00  1.255339e-01 
 2.368816e+00  1.250091e-01 
 2.368926e+00  1.244846e-01 
 2.369036e+00  1.239611e-01 
 2.369147e+00  1.234369e-01 
 2.369257e+00  1.229102e-01 
 2.369368e+00  1.223803e-01 
 2.369478e+00  1.218484e-01 
 2.369588e+00  1.213154e-01 
 2.369699e+00  1.207815e-01 
 2.369809e+00  1.202464e-01 
 2.369919e+00  1.197110e-01 
 2.370030e+00  1.191750e-01 
 2.370140e+00  1.186397e-01 
 2.370250e+00  1.181058e-01 
 2.370360e+00  1.175737e-01 
 2.370470e+00  1.170427e-01 
 2.370581e+00  1.165120e-01 
 2.370691e+00  1.159811e-01 
 2.370801e+00  1.154508e-01 
 2.370911e+00  1.149223e-01 
 2.371021e+00  1.143969e-01 
 2.371131e+00  1.138727e-01 
 2.371241e+00  1.133487e-01 
 2.371351e+00  1.128246e-01 
 2.371461e+00  1.123010e-01 
 2.371571e+00  1.117784e-01 
 2.371681e+00  1.112570e-01 
 2.371791e+00  1.107361e-01 
 2.371901e+00  1.102146e-01 
 2.372011e+00  1.096921e-01 
 2.372121e+00  1.091701e-01 
 2.372231e+00  1.086492e-01 
 2.372341e+00  1.081311e-01 
 2.372451e+00  1.076162e-01 
 2.372561e+00  1.071042e-01 
 2.372671e+00  1.065941e-01 
 2.372780e+00  1.060856e-01 
 2.372890e+00  1.055791e-01 
 2.373000e+00  1.050753e-01 
 2.373110e+00  1.045739e-01 
 2.373220e+00  1.040745e-01 
 2.373329e+00  1.035750e-01 
 2.373439e+00  1.030751e-01 
 2.373549e+00  1.025758e-01 
 2.373658e+00  1.020785e-01 
 2.373768e+00  1.015834e-01 
 2.373878e+00  1.010894e-01 
 2.373988e+00  1.005955e-01 
 2.374097e+00  1.001023e-01 
 2.374207e+00  9.961106e-02 
 2.374316e+00  9.912309e-02 
 2.374426e+00  9.863655e-02 
 2.374535e+00  9.814965e-02 
 2.374645e+00  9.766156e-02 
 2.374755e+00  9.717293e-02 
 2.374864e+00  9.668493e-02 
 2.374974e+00  9.619808e-02 
 2.375083e+00  9.571182e-02 
 2.375193e+00  9.522518e-02 
 2.375302e+00  9.473771e-02 
 2.375411e+00  9.425072e-02 
 2.375521e+00  9.376451e-02 
 2.375630e+00  9.327977e-02 
 2.375740e+00  9.279632e-02 
 2.375849e+00  9.231339e-02 
 2.375958e+00  9.183033e-02 
 2.376068e+00  9.134686e-02 
 2.376177e+00  9.086300e-02 
 2.376286e+00  9.037886e-02 
 2.376396e+00  8.989464e-02 
 2.376505e+00  8.941136e-02 
 2.376614e+00  8.892838e-02 
 2.376723e+00  8.844553e-02 
 2.376832e+00  8.796256e-02 
 2.376942e+00  8.747940e-02 
 2.377051e+00  8.699610e-02 
 2.377160e+00  8.651248e-02 
 2.377269e+00  8.602827e-02 
 2.377378e+00  8.554365e-02 
 2.377487e+00  8.505947e-02 
 2.377596e+00  8.457741e-02 
 2.377705e+00  8.409686e-02 
 2.377814e+00  8.361720e-02 
 2.377923e+00  8.313778e-02 
 2.378032e+00  8.265864e-02 
 2.378141e+00  8.218029e-02 
 2.378250e+00  8.170316e-02 
 2.378359e+00  8.122734e-02 
 2.378469e+00  8.075277e-02 
 2.378578e+00  8.027946e-02 
 2.378686e+00  7.980824e-02 
 2.378795e+00  7.933817e-02 
 2.378904e+00  7.886860e-02 
 2.379013e+00  7.839874e-02 
 2.379122e+00  7.792810e-02 
 2.379231e+00  7.745670e-02 
 2.379339e+00  7.698475e-02 
 2.379448e+00  7.651217e-02 
 2.379557e+00  7.603858e-02 
 2.379666e+00  7.556418e-02 
 2.379775e+00  7.509102e-02 
 2.379883e+00  7.461986e-02 
 2.379992e+00  7.415114e-02 
 2.380101e+00  7.368400e-02 
 2.380209e+00  7.321748e-02 
 2.380318e+00  7.275172e-02 
 2.380427e+00  7.228805e-02 
 2.380535e+00  7.182804e-02 
 2.380644e+00  7.137252e-02 
 2.380753e+00  7.092123e-02 
 2.380861e+00  7.047373e-02 
 2.380970e+00  7.002806e-02 
 2.381078e+00  6.958383e-02 
 2.381187e+00  6.914191e-02 
 2.381295e+00  6.870351e-02 
 2.381404e+00  6.826860e-02 
 2.381512e+00  6.783533e-02 
 2.381621e+00  6.740143e-02 
 2.381729e+00  6.696618e-02 
 2.381838e+00  6.653089e-02 
 2.381946e+00  6.609797e-02 
 2.382055e+00  6.566719e-02 
 2.382163e+00  6.523749e-02 
 2.382271e+00  6.480780e-02 
 2.382380e+00  6.437834e-02 
 2.382488e+00  6.395053e-02 
 2.382596e+00  6.352564e-02 
 2.382705e+00  6.310360e-02 
 2.382813e+00  6.268312e-02 
 2.382921e+00  6.226286e-02 
 2.383030e+00  6.184326e-02 
 2.383138e+00  6.142453e-02 
 2.383246e+00  6.100745e-02 
 2.383354e+00  6.059198e-02 
 2.383462e+00  6.017772e-02 
 2.383570e+00  5.976484e-02 
 2.383679e+00  5.935432e-02 
 2.383787e+00  5.894695e-02 
 2.383895e+00  5.854271e-02 
 2.384003e+00  5.814123e-02 
 2.384111e+00  5.774330e-02 
 2.384219e+00  5.734937e-02 
 2.384327e+00  5.696056e-02 
 2.384435e+00  5.657700e-02 
 2.384543e+00  5.619750e-02 
 2.384651e+00  5.582026e-02 
 2.384759e+00  5.544394e-02 
 2.384867e+00  5.506838e-02 
 2.384975e+00  5.469429e-02 
 2.385083e+00  5.432231e-02 
 2.385191e+00  5.395284e-02 
 2.385299e+00  5.358439e-02 
 2.385407e+00  5.321607e-02 
 2.385515e+00  5.284766e-02 
 2.385623e+00  5.247951e-02 
 2.385731e+00  5.211205e-02 
 2.385838e+00  5.174562e-02 
 2.385946e+00  5.138063e-02 
 2.386054e+00  5.101758e-02 
 2.386162e+00  5.065668e-02 
 2.386270e+00  5.029825e-02 
 2.386377e+00  4.994136e-02 
 2.386485e+00  4.958614e-02 
 2.386593e+00  4.923326e-02 
 2.386700e+00  4.888334e-02 
 2.386808e+00  4.853614e-02 
 2.386916e+00  4.819053e-02 
 2.387024e+00  4.784533e-02 
 2.387131e+00  4.750045e-02 
 2.387239e+00  4.715722e-02 
 2.387346e+00  4.681778e-02 
 2.387454e+00  4.648196e-02 
 2.387562e+00  4.614823e-02 
 2.387669e+00  4.581434e-02 
 2.387777e+00  4.547922e-02 
 2.387884e+00  4.514349e-02 
 2.387992e+00  4.480841e-02 
 2.388099e+00  4.447446e-02 
 2.388207e+00  4.414105e-02 
 2.388314e+00  4.380745e-02 
 2.388422e+00  4.347407e-02 
 2.388529e+00  4.314092e-02 
 2.388636e+00  4.280838e-02 
 2.388744e+00  4.247644e-02 
 2.388851e+00  4.214496e-02 
 2.388958e+00  4.181415e-02 
 2.389066e+00  4.148458e-02 
 2.389173e+00  4.115685e-02 
 2.389281e+00  4.083134e-02 
 2.389388e+00  4.050828e-02 
 2.389495e+00  4.018854e-02 
 2.389602e+00  3.987189e-02 
 2.389710e+00  3.955785e-02 
 2.389817e+00  3.924549e-02 
 2.389924e+00  3.893434e-02 
 2.390031e+00  3.862496e-02 
 2.390138e+00  3.831870e-02 
 2.390246e+00  3.801636e-02 
 2.390353e+00  3.771686e-02 
 2.390460e+00  3.741772e-02 
 2.390567e+00  3.711741e-02 
 2.390674e+00  3.681542e-02 
 2.390781e+00  3.651314e-02 
 2.390888e+00  3.621197e-02 
 2.390995e+00  3.591243e-02 
 2.391102e+00  3.561460e-02 
 2.391210e+00  3.531884e-02 
 2.391317e+00  3.502574e-02 
 2.391424e+00  3.473566e-02 
 2.391531e+00  3.444853e-02 
 2.391638e+00  3.416473e-02 
 2.391744e+00  3.388422e-02 
 2.391851e+00  3.360769e-02 
 2.391958e+00  3.333556e-02 
 2.392065e+00  3.306756e-02 
 2.392172e+00  3.280268e-02 
 2.392279e+00  3.253962e-02 
 2.392386e+00  3.227716e-02 
 2.392493e+00  3.201452e-02 
 2.392600e+00  3.175142e-02 
 2.392706e+00  3.148825e-02 
 2.392813e+00  3.122461e-02 
 2.392920e+00  3.096001e-02 
 2.393027e+00  3.069358e-02 
 2.393133e+00  3.042464e-02 
 2.393240e+00  3.015365e-02 
 2.393347e+00  2.988254e-02 
 2.393454e+00  2.961384e-02 
 2.393560e+00  2.934882e-02 
 2.393667e+00  2.908619e-02 
 2.393774e+00  2.882356e-02 
 2.393880e+00  2.855890e-02 
 2.393987e+00  2.829310e-02 
 2.394093e+00  2.802840e-02 
 2.394200e+00  2.776579e-02 
 2.394307e+00  2.750404e-02 
 2.394413e+00  2.724099e-02 
 2.394520e+00  2.697568e-02 
 2.394626e+00  2.670897e-02 
 2.394733e+00  2.644250e-02 
 2.394839e+00  2.617773e-02 
 2.394946e+00  2.591455e-02 
 2.395052e+00  2.565325e-02 
 2.395159e+00  2.539468e-02 
 2.395265e+00  2.514015e-02 
 2.395371e+00  2.489068e-02 
 2.395478e+00  2.464633e-02 
 2.395584e+00  2.440618e-02 
 2.395691e+00  2.416908e-02 
 2.395797e+00  2.393449e-02 
 2.395903e+00  2.370323e-02 
 2.396010e+00  2.347602e-02 
 2.396116e+00  2.325356e-02 
 2.396222e+00  2.303539e-02 
 2.396328e+00  2.281980e-02 
 2.396435e+00  2.260458e-02 
 2.396541e+00  2.238830e-02 
 2.396647e+00  2.217108e-02 
 2.396754e+00  2.195418e-02 
 2.396860e+00  2.173857e-02 
 2.396966e+00  2.152390e-02 
 2.397072e+00  2.130790e-02 
 2.397178e+00  2.108907e-02 
 2.397284e+00  2.086756e-02 
 2.397390e+00  2.064482e-02 
 2.397497e+00  2.042201e-02 
 2.397603e+00  2.019891e-02 
 2.397709e+00  1.997438e-02 
 2.397815e+00  1.974761e-02 
 2.397921e+00  1.951890e-02 
 2.398027e+00  1.928996e-02 
 2.398133e+00  1.906220e-02 
 2.398239e+00  1.883682e-02 
 2.398345e+00  1.861402e-02 
 2.398451e+00  1.839322e-02 
 2.398557e+00  1.817403e-02 
 2.398663e+00  1.795695e-02 
 2.398769e+00  1.774314e-02 
 2.398875e+00  1.753332e-02 
 2.398981e+00  1.732689e-02 
 2.399086e+00  1.712263e-02 
 2.399192e+00  1.691917e-02 
 2.399298e+00  1.671673e-02 
 2.399404e+00  1.651645e-02 
 2.399510e+00  1.631908e-02 
 2.399615e+00  1.612444e-02 
 2.399721e+00  1.593187e-02 
 2.399827e+00  1.574137e-02 
 2.399933e+00  1.555393e-02 
 2.400039e+00  1.537078e-02 
 2.400144e+00  1.519248e-02 
 2.400250e+00  1.501790e-02 
 2.400356e+00  1.484608e-02 
 2.400461e+00  1.467715e-02 
 2.400567e+00  1.451218e-02 
 2.400673e+00  1.435174e-02 
 2.400778e+00  1.419464e-02 
 2.400884e+00  1.403852e-02 
 2.400989e+00  1.388171e-02 
 2.401095e+00  1.372453e-02 
 2.401201e+00  1.356867e-02 
 2.401306e+00  1.341459e-02 
 2.401412e+00  1.326125e-02 
 2.401517e+00  1.310666e-02 
 2.401623e+00  1.294966e-02 
 2.401728e+00  1.279084e-02 
 2.401834e+00  1.263204e-02 
 2.401939e+00  1.247492e-02 
 2.402045e+00  1.231993e-02 
 2.402150e+00  1.216640e-02 
 2.402255e+00  1.201380e-02 
 2.402361e+00  1.186184e-02 
 2.402466e+00  1.171111e-02 
 2.402572e+00  1.156201e-02 
 2.402677e+00  1.141398e-02 
 2.402782e+00  1.126575e-02 
 2.402888e+00  1.111616e-02 
 2.402993e+00  1.096486e-02 
 2.403098e+00  1.081223e-02 
 2.403204e+00  1.065878e-02 
 2.403309e+00  1.050495e-02 
 2.403414e+00  1.035049e-02 
 2.403519e+00  1.019533e-02 
 2.403624e+00  1.003979e-02 
 2.403730e+00  9.884783e-03 
 2.403835e+00  9.731477e-03 
 2.403940e+00  9.580534e-03 
 2.404045e+00  9.431696e-03 
 2.404150e+00  9.284312e-03 
 2.404256e+00  9.138313e-03 
 2.404361e+00  8.994620e-03 
 2.404466e+00  8.853624e-03 
 2.404571e+00  8.714983e-03 
 2.404676e+00  8.577777e-03 
 2.404781e+00  8.441683e-03 
 2.404886e+00  8.307507e-03 
 2.404991e+00  8.176231e-03 
 2.405096e+00  8.047738e-03 
 2.405201e+00  7.920746e-03 
 2.405306e+00  7.794018e-03 
 2.405411e+00  7.667584e-03 
 2.405516e+00  7.542000e-03 
 2.405621e+00  7.417819e-03 
 2.405726e+00  7.294647e-03 
 2.405830e+00  7.171406e-03 
 2.405935e+00  7.047251e-03 
 2.406040e+00  6.922232e-03 
 2.406145e+00  6.797138e-03 
 2.406250e+00  6.672816e-03 
 2.406355e+00  6.549699e-03 
 2.406460e+00  6.427985e-03 
 2.406564e+00  6.307428e-03 
 2.406669e+00  6.187959e-03 
 2.406774e+00  6.069051e-03 
 2.406879e+00  5.949852e-03 
 2.406983e+00  5.829934e-03 
 2.407088e+00  5.709974e-03 
 2.407193e+00  5.591658e-03 
 2.407298e+00  5.476538e-03 
 2.407402e+00  5.364749e-03 
 2.407507e+00  5.255510e-03 
 2.407612e+00  5.147466e-03 
 2.407716e+00  5.039869e-03 
 2.407821e+00  4.932647e-03 
 2.407925e+00  4.826282e-03 
 2.408030e+00  4.721456e-03 
 2.408134e+00  4.618507e-03 
 2.408239e+00  4.516945e-03 
 2.408344e+00  4.415538e-03 
 2.408448e+00  4.313144e-03 
 2.408553e+00  4.209703e-03 
 2.408657e+00  4.105684e-03 
 2.408762e+00  4.001503e-03 
 2.408866e+00  3.896556e-03 
 2.408970e+00  3.789558e-03 
 2.409075e+00  3.679651e-03 
 2.409179e+00  3.567188e-03 
 2.409284e+00  3.453504e-03 
 2.409388e+00  3.340094e-03 
 2.409493e+00  3.227979e-03 
 2.409597e+00  3.117838e-03 
 2.409701e+00  3.009779e-03 
 2.409806e+00  2.903966e-03 
 2.409910e+00  2.800406e-03 
 2.410014e+00  2.699029e-03 
 2.410118e+00  2.600049e-03 
 2.410223e+00  2.504229e-03 
 2.410327e+00  2.412566e-03 
 2.410431e+00  2.325392e-03 
 2.410536e+00  2.241566e-03 
 2.410640e+00  2.158874e-03 
 2.410744e+00  2.075199e-03 
 2.410848e+00  1.990445e-03 
 2.410952e+00  1.906352e-03 
 2.411056e+00  1.824581e-03 
 2.411161e+00  1.744722e-03 
 2.411265e+00  1.664327e-03 
 2.411369e+00  1.581050e-03 
 2.411473e+00  1.494658e-03 
 2.411577e+00  1.407016e-03 
 2.411681e+00  1.320292e-03 
 2.411785e+00  1.234339e-03 
 2.411889e+00  1.147185e-03 
 2.411993e+00  1.056885e-03 
 2.412097e+00  9.633707e-04 
 2.412201e+00  8.684761e-04 
 2.412305e+00  7.743271e-04 
 2.412409e+00  6.815973e-04 
 2.412513e+00  5.890907e-04 
 2.412617e+00  4.948498e-04 
 2.412721e+00  3.978722e-04 
 2.412825e+00  2.984342e-04 
 2.412929e+00  1.979663e-04 
 2.413033e+00  9.790119e-05 
 2.413136e+00 -8.583970e-07 
 2.413240e+00 -9.780738e-05 
 2.413344e+00 -1.925997e-04 
 2.413448e+00 -2.852331e-04 
 2.413552e+00 -3.764081e-04 
 2.413656e+00 -4.674389e-04 
 2.413759e+00 -5.594674e-04 
 2.413863e+00 -6.531807e-04 
 2.413967e+00 -7.482864e-04 
 2.414071e+00 -8.440054e-04 
 2.414174e+00 -9.395928e-04 
 2.414278e+00 -1.034749e-03 
 2.414382e+00 -1.129771e-03 
 2.414485e+00 -1.225276e-03 
 2.414589e+00 -1.321561e-03 
 2.414693e+00 -1.418125e-03 
 2.414796e+00 -1.513799e-03 
 2.414900e+00 -1.608024e-03 
 2.415003e+00 -1.700967e-03 
 2.415107e+00 -1.793225e-03 
 2.415211e+00 -1.885000e-03 
 2.415314e+00 -1.975958e-03 
 2.415418e+00 -2.065985e-03 
 2.415521e+00 -2.155881e-03 
 2.415625e+00 -2.247027e-03 
 2.415728e+00 -2.340225e-03 
 2.415832e+00 -2.434832e-03 
 2.415935e+00 -2.529667e-03 
 2.416039e+00 -2.623895e-03 
 2.416142e+00 -2.717954e-03 
 2.416245e+00 -2.813091e-03 
 2.416349e+00 -2.910089e-03 
 2.416452e+00 -3.008362e-03 
 2.416556e+00 -3.106287e-03 
 2.416659e+00 -3.202517e-03 
 2.416763e+00 -3.297070e-03 
 2.416866e+00 -3.391032e-03 
 2.416969e+00 -3.485685e-03 
 2.417072e+00 -3.580945e-03 
 2.417176e+00 -3.675475e-03 
 2.417279e+00 -3.767651e-03 
 2.417382e+00 -3.856507e-03 
 2.417485e+00 -3.941903e-03 
 2.417589e+00 -4.024086e-03 
 2.417692e+00 -4.103278e-03 
 2.417795e+00 -4.179533e-03 
 2.417898e+00 -4.252604e-03 
 2.418002e+00 -4.322244e-03 
 2.418105e+00 -4.388079e-03 
 2.418208e+00 -4.450097e-03 
 2.418311e+00 -4.508798e-03 
 2.418414e+00 -4.564795e-03 
 2.418517e+00 -4.618210e-03 
 2.418620e+00 -4.668627e-03 
 2.418723e+00 -4.715828e-03 
 2.418827e+00 -4.760570e-03 
 2.418930e+00 -4.804437e-03 
 2.419033e+00 -4.849046e-03 
 2.419136e+00 -4.894939e-03 
 2.419239e+00 -4.941531e-03 
 2.419342e+00 -4.987791e-03 
 2.419445e+00 -5.033005e-03 
 2.419548e+00 -5.076988e-03 
 2.419651e+00 -5.119748e-03 
 2.419753e+00 -5.161082e-03 
 2.419856e+00 -5.200680e-03 
 2.419959e+00 -5.238652e-03 
 2.420062e+00 -5.276132e-03 
 2.420165e+00 -5.314741e-03 
 2.420268e+00 -5.355531e-03 
 2.420371e+00 -5.398083e-03 
 2.420474e+00 -5.440791e-03 
 2.420576e+00 -5.482224e-03 
 2.420679e+00 -5.522368e-03 
 2.420782e+00 -5.562648e-03 
 2.420885e+00 -5.604819e-03 
 2.420988e+00 -5.649708e-03 
 2.421090e+00 -5.696946e-03 
 2.421193e+00 -5.745042e-03 
 2.421296e+00 -5.792007e-03 
 2.421398e+00 -5.836057e-03 
 2.421501e+00 -5.876439e-03 
 2.421604e+00 -5.913981e-03 
 2.421707e+00 -5.950751e-03 
 2.421809e+00 -5.988755e-03 
 2.421912e+00 -6.028592e-03 
 2.422015e+00 -6.069091e-03 
 2.422117e+00 -6.108466e-03 
 2.422220e+00 -6.145551e-03 
 2.422322e+00 -6.180559e-03 
 2.422425e+00 -6.214693e-03 
 2.422527e+00 -6.249080e-03 
 2.422630e+00 -6.283863e-03 
 2.422732e+00 -6.318030e-03 
 2.422835e+00 -6.350033e-03 
 2.422938e+00 -6.378756e-03 
 2.423040e+00 -6.404097e-03 
 2.423142e+00 -6.426947e-03 
 2.423245e+00 -6.448401e-03 
 2.423347e+00 -6.469109e-03 
 2.423450e+00 -6.488994e-03 
 2.423552e+00 -6.507456e-03 
 2.423655e+00 -6.523927e-03 
 2.423757e+00 -6.538503e-03 
 2.423859e+00 -6.552195e-03 
 2.423962e+00 -6.566450e-03 
 2.424064e+00 -6.582109e-03 
 2.424166e+00 -6.598780e-03 
 2.424269e+00 -6.615214e-03 
 2.424371e+00 -6.630587e-03 
 2.424473e+00 -6.645350e-03 
 2.424575e+00 -6.660806e-03 
 2.424678e+00 -6.677891e-03 
 2.424780e+00 -6.696513e-03 
 2.424882e+00 -6.716106e-03 
 2.424985e+00 -6.736625e-03 
 2.425087e+00 -6.758751e-03 
 2.425189e+00 -6.783145e-03 
 2.425291e+00 -6.809421e-03 
 2.425393e+00 -6.836200e-03 
 2.425495e+00 -6.862187e-03 
 2.425597e+00 -6.887296e-03 
 2.425700e+00 -6.912783e-03 
 2.425802e+00 -6.940236e-03 
 2.425904e+00 -6.970285e-03 
 2.426006e+00 -7.002078e-03 
 2.426108e+00 -7.033765e-03 
 2.426210e+00 -7.063636e-03 
 2.426312e+00 -7.090662e-03 
 2.426414e+00 -7.114637e-03 
 2.426516e+00 -7.136046e-03 
 2.426618e+00 -7.155929e-03 
 2.426720e+00 -7.175556e-03 
 2.426822e+00 -7.195796e-03 
 2.426924e+00 -7.216510e-03 
 2.427026e+00 -7.236594e-03 
 2.427128e+00 -7.254799e-03 
 2.427230e+00 -7.270662e-03 
 2.427332e+00 -7.284477e-03 
 2.427434e+00 -7.296607e-03 
 2.427535e+00 -7.306897e-03 
 2.427637e+00 -7.314868e-03 
 2.427739e+00 -7.320366e-03 
 2.427841e+00 -7.323773e-03 
 2.427943e+00 -7.325515e-03 
 2.428045e+00 -7.325518e-03 
 2.428146e+00 -7.323340e-03 
 2.428248e+00 -7.318761e-03 
 2.428350e+00 -7.312091e-03 
 2.428452e+00 -7.303791e-03 
 2.428553e+00 -7.293884e-03 
 2.428655e+00 -7.281839e-03 
 2.428757e+00 -7.267033e-03 
 2.428859e+00 -7.249269e-03 
 2.428960e+00 -7.228850e-03 
 2.429062e+00 -7.206270e-03 
 2.429164e+00 -7.181973e-03 
 2.429265e+00 -7.156222e-03 
 2.429367e+00 -7.129267e-03 
 2.429468e+00 -7.101273e-03 
 2.429570e+00 -7.072199e-03 
 2.429672e+00 -7.041774e-03 
 2.429773e+00 -7.009722e-03 
 2.429875e+00 -6.976109e-03 
 2.429976e+00 -6.941469e-03 
 2.430078e+00 -6.906470e-03 
 2.430179e+00 -6.871367e-03 
 2.430281e+00 -6.835527e-03 
 2.430382e+00 -6.797938e-03 
 2.430484e+00 -6.757983e-03 
 2.430585e+00 -6.715987e-03 
 2.430687e+00 -6.672936e-03 
 2.430788e+00 -6.629571e-03 
 2.430890e+00 -6.585684e-03 
 2.430991e+00 -6.540234e-03 
 2.431092e+00 -6.492106e-03 
 2.431194e+00 -6.440899e-03 
 2.431295e+00 -6.386844e-03 
 2.431396e+00 -6.330577e-03 
 2.431498e+00 -6.272600e-03 
 2.431599e+00 -6.213107e-03 
 2.431700e+00 -6.152133e-03 
 2.431802e+00 -6.089793e-03 
 2.431903e+00 -6.026394e-03 
 2.432004e+00 -5.962298e-03 
 2.432106e+00 -5.897620e-03 
 2.432207e+00 -5.832134e-03 
 2.432308e+00 -5.765269e-03 
 2.432409e+00 -5.696968e-03 
 2.432510e+00 -5.627925e-03 
 2.432612e+00 -5.559135e-03 
 2.432713e+00 -5.490964e-03 
 2.432814e+00 -5.422641e-03 
 2.432915e+00 -5.352797e-03 
 2.433016e+00 -5.280674e-03 
 2.433117e+00 -5.206869e-03 
 2.433218e+00 -5.132927e-03 
 2.433320e+00 -5.059606e-03 
 2.433421e+00 -4.986091e-03 
 2.433522e+00 -4.910192e-03 
 2.433623e+00 -4.829881e-03 
 2.433724e+00 -4.744794e-03 
 2.433825e+00 -4.656317e-03 
 2.433926e+00 -4.566136e-03 
 2.434027e+00 -4.474672e-03 
 2.434128e+00 -4.380939e-03 
 2.434229e+00 -4.284101e-03 
 2.434330e+00 -4.184805e-03 
 2.434431e+00 -4.085451e-03 
 2.434532e+00 -3.988089e-03 
 2.434632e+00 -3.892668e-03 
 2.434733e+00 -3.797330e-03 
 2.434834e+00 -3.700414e-03 
 2.434935e+00 -3.602072e-03 
 2.435036e+00 -3.503964e-03 
 2.435137e+00 -3.407612e-03 
 2.435238e+00 -3.313391e-03 
 2.435339e+00 -3.220556e-03 
 2.435439e+00 -3.128722e-03 
 2.435540e+00 -3.130596e-03 
 2.435641e+00 -3.043500e-03 
 2.435742e+00 -2.954466e-03 
 2.435842e+00 -2.863243e-03 
 2.435943e+00 -2.770763e-03 
 2.436044e+00 -2.677557e-03 
 2.436145e+00 -2.582997e-03 
 2.436245e+00 -2.486087e-03 
 2.436346e+00 -2.386045e-03 
 2.436447e+00 -2.282758e-03 
 2.436547e+00 -2.176022e-03 
 2.436648e+00 -2.065270e-03 
 2.436749e+00 -1.950071e-03 
 2.436849e+00 -1.830596e-03 
 2.436950e+00 -1.707362e-03 
 2.437051e+00 -1.580536e-03 
 2.437151e+00 -1.449703e-03 
 2.437252e+00 -1.314528e-03 
 2.437352e+00 -1.174782e-03 
 2.437453e+00 -1.030835e-03 
 2.437553e+00 -8.829593e-04 
 2.437654e+00 -7.310500e-04 
 2.437754e+00 -5.750282e-04 
 2.437855e+00 -4.155256e-04 
 2.437955e+00 -2.540050e-04 
 2.438056e+00 -9.205020e-05 
 2.438156e+00  6.971175e-05 
 2.438257e+00  2.319039e-04 
 2.438357e+00  3.963106e-04 
 2.438457e+00  5.636821e-04 
 2.438558e+00  7.329010e-04 
 2.438658e+00  9.015634e-04 
 2.438759e+00  1.067811e-03 
 2.438859e+00  1.231768e-03 
 2.438959e+00  1.395220e-03 
 2.439060e+00  1.560023e-03 
 2.439160e+00  1.822989e-03 
 2.439260e+00  1.990072e-03 
 2.439361e+00  2.158924e-03 
 2.439461e+00  2.234340e-03 
 2.439561e+00  2.497594e-03 
 2.439661e+00  2.666717e-03 
 2.439762e+00  2.837195e-03 
 2.439862e+00  3.010143e-03 
 2.439962e+00  3.185318e-03 
 2.440062e+00  3.361478e-03 
 2.440163e+00  3.537761e-03 
 2.440263e+00  3.714386e-03 
 2.440363e+00  3.892907e-03 
 2.440463e+00  4.074341e-03 
 2.440563e+00  4.258787e-03 
 2.440663e+00  4.445909e-03 
 2.440763e+00  4.635631e-03 
 2.440863e+00  4.828033e-03 
 2.440964e+00  5.022616e-03 
 2.441064e+00  5.218067e-03 
 2.441164e+00  5.413150e-03 
 2.441264e+00  5.607642e-03 
 2.441364e+00  5.803228e-03 
 2.441464e+00  6.001521e-03 
 2.441564e+00  6.202918e-03 
 2.441664e+00  6.406380e-03 
 2.441764e+00  6.610502e-03 
 2.441864e+00  6.814755e-03 
 2.441964e+00  7.019771e-03 
 2.442064e+00  7.226655e-03 
 2.442164e+00  7.436139e-03 
 2.442263e+00  7.647974e-03 
 2.442363e+00  7.862010e-03 
 2.442463e+00  8.077794e-03 
 2.442563e+00  8.295161e-03 
 2.442663e+00  8.514325e-03 
 2.442763e+00  8.735747e-03 
 2.442863e+00  8.959702e-03 
 2.442962e+00  9.185752e-03 
 2.443062e+00  9.412691e-03 
 2.443162e+00  9.639123e-03 
 2.443262e+00  9.864068e-03 
 2.443362e+00  1.008830e-02 
 2.443461e+00  1.031305e-02 
 2.443561e+00  1.053929e-02 
 2.443661e+00  1.076706e-02 
 2.443760e+00  1.099564e-02 
 2.443860e+00  1.122433e-02 
 2.443960e+00  1.145291e-02 
 2.444060e+00  1.168153e-02 
 2.444159e+00  1.191005e-02 
 2.444259e+00  1.213749e-02 
 2.444358e+00  1.236339e-02 
 2.444458e+00  1.258751e-02 
 2.444558e+00  1.281023e-02 
 2.444657e+00  1.303206e-02 
 2.444757e+00  1.325302e-02 
 2.444856e+00  1.347280e-02 
 2.444956e+00  1.369128e-02 
 2.445056e+00  1.390902e-02 
 2.445155e+00  1.412689e-02 
 2.445255e+00  1.434527e-02 
 2.445354e+00  1.456462e-02 
 2.445454e+00  1.478502e-02 
 2.445553e+00  1.500679e-02 
 2.445653e+00  1.523056e-02 
 2.445752e+00  1.545678e-02 
 2.445851e+00  1.568562e-02 
 2.445951e+00  1.591707e-02 
 2.446050e+00  1.615106e-02 
 2.446150e+00  1.638713e-02 
 2.446249e+00  1.662396e-02 
 2.446349e+00  1.686056e-02 
 2.446448e+00  1.709632e-02 
 2.446547e+00  1.733216e-02 
 2.446647e+00  1.757021e-02 
 2.446746e+00  1.781252e-02 
 2.446845e+00  1.805965e-02 
 2.446945e+00  1.831043e-02 
 2.447044e+00  1.856282e-02 
 2.447143e+00  1.881544e-02 
 2.447242e+00  1.906805e-02 
 2.447342e+00  1.932227e-02 
 2.447441e+00  1.957948e-02 
 2.447540e+00  1.984020e-02 
 2.447639e+00  2.010393e-02 
 2.447738e+00  2.036968e-02 
 2.447838e+00  2.063673e-02 
 2.447937e+00  2.090474e-02 
 2.448036e+00  2.117354e-02 
 2.448135e+00  2.144281e-02 
 2.448234e+00  2.171190e-02 
 2.448333e+00  2.198108e-02 
 2.448432e+00  2.225039e-02 
 2.448532e+00  2.251960e-02 
 2.448631e+00  2.278821e-02 
 2.448730e+00  2.305588e-02 
 2.448829e+00  2.332313e-02 
 2.448928e+00  2.359147e-02 
 2.449027e+00  2.386243e-02 
 2.449126e+00  2.413638e-02 
 2.449225e+00  2.441181e-02 
 2.449324e+00  2.468722e-02 
 2.449423e+00  2.496151e-02 
 2.449522e+00  2.523515e-02 
 2.449621e+00  2.550973e-02 
 2.449720e+00  2.578660e-02 
 2.449819e+00  2.606576e-02 
 2.449918e+00  2.634597e-02 
 2.450016e+00  2.662583e-02 
 2.450115e+00  2.690482e-02 
 2.450214e+00  2.718297e-02 
 2.450313e+00  2.746123e-02 
 2.450412e+00  2.773974e-02 
 2.450511e+00  2.801830e-02 
 2.450610e+00  2.829701e-02 
 2.450708e+00  2.857658e-02 
 2.450807e+00  2.885781e-02 
 2.450906e+00  2.914099e-02 
 2.451005e+00  2.942589e-02 
 2.451104e+00  2.971239e-02 
 2.451202e+00  3.000052e-02 
 2.451301e+00  3.029120e-02 
 2.451400e+00  3.058423e-02 
 2.451498e+00  3.087858e-02 
 2.451597e+00  3.117307e-02 
 2.451696e+00  3.146733e-02 
 2.451795e+00  3.176186e-02 
 2.451893e+00  3.205732e-02 
 2.451992e+00  3.235394e-02 
 2.452091e+00  3.265164e-02 
 2.452189e+00  3.295027e-02 
 2.452288e+00  3.325100e-02 
 2.452386e+00  3.355454e-02 
 2.452485e+00  3.386092e-02 
 2.452583e+00  3.416936e-02 
 2.452682e+00  3.447899e-02 
 2.452781e+00  3.479004e-02 
 2.452879e+00  3.510391e-02 
 2.452978e+00  3.542211e-02 
 2.453076e+00  3.574493e-02 
 2.453175e+00  3.607081e-02 
 2.453273e+00  3.639852e-02 
 2.453372e+00  3.672704e-02 
 2.453470e+00  3.705654e-02 
 2.453568e+00  3.738784e-02 
 2.453667e+00  3.772161e-02 
 2.453765e+00  3.805793e-02 
 2.453864e+00  3.839630e-02 
 2.453962e+00  3.873608e-02 
 2.454061e+00  3.907677e-02 
 2.454159e+00  3.941771e-02 
 2.454257e+00  3.975926e-02 
 2.454356e+00  4.010120e-02 
 2.454454e+00  4.044305e-02 
 2.454552e+00  4.078432e-02 
 2.454651e+00  4.112490e-02 
 2.454749e+00  4.146534e-02 
 2.454847e+00  4.180672e-02 
 2.454946e+00  4.214986e-02 
 2.455044e+00  4.249454e-02 
 2.455142e+00  4.283898e-02 
 2.455240e+00  4.318211e-02 
 2.455338e+00  4.352355e-02 
 2.455437e+00  4.386463e-02 
 2.455535e+00  4.420740e-02 
 2.455633e+00  4.455315e-02 
 2.455731e+00  4.490146e-02 
 2.455829e+00  4.525079e-02 
 2.455928e+00  4.559979e-02 
 2.456026e+00  4.594815e-02 
 2.456124e+00  4.629600e-02 
 2.456222e+00  4.664433e-02 
 2.456320e+00  4.699319e-02 
 2.456418e+00  4.734231e-02 
 2.456516e+00  4.769171e-02 
 2.456614e+00  4.804192e-02 
 2.456712e+00  4.839373e-02 
 2.456810e+00  4.874778e-02 
 2.456908e+00  4.910436e-02 
 2.457006e+00  4.946336e-02 
 2.457104e+00  4.982392e-02 
 2.457202e+00  5.018593e-02 
 2.457300e+00  5.054895e-02 
 2.457398e+00  5.091298e-02 
 2.457496e+00  5.127856e-02 
 2.457594e+00  5.164641e-02 
 2.457692e+00  5.201696e-02 
 2.457790e+00  5.239003e-02 
 2.457888e+00  5.276498e-02 
 2.457986e+00  5.314112e-02 
 2.458084e+00  5.351755e-02 
 2.458182e+00  5.389446e-02 
 2.458279e+00  5.427162e-02 
 2.458377e+00  5.464871e-02 
 2.458475e+00  5.502561e-02 
 2.458573e+00  5.540271e-02 
 2.458671e+00  5.578080e-02 
 2.458768e+00  5.616045e-02 
 2.458866e+00  5.654130e-02 
 2.458964e+00  5.692201e-02 
 2.459062e+00  5.730079e-02 
 2.459159e+00  5.767789e-02 
 2.459257e+00  5.805416e-02 
 2.459355e+00  5.843078e-02 
 2.459453e+00  5.880798e-02 
 2.459550e+00  5.918454e-02 
 2.459648e+00  5.955877e-02 
 2.459746e+00  5.992992e-02 
 2.459843e+00  6.029870e-02 
 2.459941e+00  6.066657e-02 
 2.460039e+00  6.103408e-02 
 2.460136e+00  6.140174e-02 
 2.460234e+00  6.176925e-02 
 2.460331e+00  6.213666e-02 
 2.460429e+00  6.250464e-02 
 2.460527e+00  6.287401e-02 
 2.460624e+00  6.324516e-02 
 2.460722e+00  6.361802e-02 
 2.460819e+00  6.399245e-02 
 2.460917e+00  6.436861e-02 
 2.461014e+00  6.474647e-02 
 2.461112e+00  6.512672e-02 
 2.461209e+00  6.550888e-02 
 2.461307e+00  6.589163e-02 
 2.461404e+00  6.627340e-02 
 2.461502e+00  6.665308e-02 
 2.461599e+00  6.703048e-02 
 2.461696e+00  6.740610e-02 
 2.461794e+00  6.778047e-02 
 2.461891e+00  6.815364e-02 
 2.461989e+00  6.852482e-02 
 2.462086e+00  6.889415e-02 
 2.462183e+00  6.926156e-02 
 2.462281e+00  6.962715e-02 
 2.462378e+00  6.999091e-02 
 2.462475e+00  7.035263e-02 
 2.462573e+00  7.071226e-02 
 2.462670e+00  7.107007e-02 
 2.462767e+00  7.142673e-02 
 2.462865e+00  7.178291e-02 
 2.462962e+00  7.213859e-02 
 2.463059e+00  7.249431e-02 
 2.463156e+00  7.285016e-02 
 2.463254e+00  7.320643e-02 
 2.463351e+00  7.356367e-02 
 2.463448e+00  7.392254e-02 
 2.463545e+00  7.428346e-02 
 2.463642e+00  7.464640e-02 
 2.463740e+00  7.501087e-02 
 2.463837e+00  7.537636e-02 
 2.463934e+00  7.574243e-02 
 2.464031e+00  7.611023e-02 
 2.464128e+00  7.648086e-02 
 2.464225e+00  7.685502e-02 
 2.464322e+00  7.723251e-02 
 2.464419e+00  7.761228e-02 
 2.464516e+00  7.799314e-02 
 2.464614e+00  7.837440e-02 
 2.464711e+00  7.875593e-02 
 2.464808e+00  7.913763e-02 
 2.464905e+00  7.951837e-02 
 2.465002e+00  7.989749e-02 
 2.465099e+00  8.027411e-02 
 2.465196e+00  8.064824e-02 
 2.465293e+00  8.102083e-02 
 2.465390e+00  8.139293e-02 
 2.465487e+00  8.176487e-02 
 2.465583e+00  8.213624e-02 
 2.465680e+00  8.250675e-02 
 2.465777e+00  8.287706e-02 
 2.465874e+00  8.324814e-02 
 2.465971e+00  8.362158e-02 
 2.466068e+00  8.399697e-02 
 2.466165e+00  8.437256e-02 
 2.466262e+00  8.474657e-02 
 2.466359e+00  8.511858e-02 
 2.466455e+00  8.548967e-02 
 2.466552e+00  8.586133e-02 
 2.466649e+00  8.623414e-02 
 2.466746e+00  8.660745e-02 
 2.466843e+00  8.697976e-02 
 2.466939e+00  8.735118e-02 
 2.467036e+00  8.772226e-02 
 2.467133e+00  8.809378e-02 
 2.467230e+00  8.846597e-02 
 2.467326e+00  8.883835e-02 
 2.467423e+00  8.921020e-02 
 2.467520e+00  8.958109e-02 
 2.467617e+00  8.995111e-02 
 2.467713e+00  9.032059e-02 
 2.467810e+00  9.068942e-02 
 2.467906e+00  9.105840e-02 
 2.468003e+00  9.142794e-02 
 2.468100e+00  9.179846e-02 
 2.468196e+00  9.217032e-02 
 2.468293e+00  9.254371e-02 
 2.468390e+00  9.291866e-02 
 2.468486e+00  9.329513e-02 
 2.468583e+00  9.367290e-02 
 2.468679e+00  9.405142e-02 
 2.468776e+00  9.442938e-02 
 2.468872e+00  9.480639e-02 
 2.468969e+00  9.518184e-02 
 2.469065e+00  9.555552e-02 
 2.469162e+00  9.592734e-02 
 2.469258e+00  9.629701e-02 
 2.469355e+00  9.666402e-02 
 2.469451e+00  9.702813e-02 
 2.469548e+00  9.739001e-02 
 2.469644e+00  9.775115e-02 
 2.469741e+00  9.811257e-02 
 2.469837e+00  9.847502e-02 
 2.469933e+00  9.883744e-02 
 2.470030e+00  9.919826e-02 
 2.470126e+00  9.955687e-02 
 2.470223e+00  9.991423e-02 
 2.470319e+00  1.002721e-01 
 2.470415e+00  1.006315e-01 
 2.470512e+00  1.009922e-01 
 2.470608e+00  1.013529e-01 
 2.470704e+00  1.017122e-01 
 2.470801e+00  1.020701e-01 
 2.470897e+00  1.024264e-01 
 2.470993e+00  1.027809e-01 
 2.471089e+00  1.031333e-01 
 2.471186e+00  1.034836e-01 
 2.471282e+00  1.038323e-01 
 2.471378e+00  1.041802e-01 
 2.471474e+00  1.045275e-01 
 2.471571e+00  1.048735e-01 
 2.471667e+00  1.052174e-01 
 2.471763e+00  1.055599e-01 
 2.471859e+00  1.059023e-01 
 2.471955e+00  1.062457e-01 
 2.472051e+00  1.065905e-01 
 2.472147e+00  1.069357e-01 
 2.472244e+00  1.072799e-01 
 2.472340e+00  1.076224e-01 
 2.472436e+00  1.079634e-01 
 2.472532e+00  1.083040e-01 
 2.472628e+00  1.086438e-01 
 2.472724e+00  1.089824e-01 
 2.472820e+00  1.093186e-01 
 2.472916e+00  1.096512e-01 
 2.473012e+00  1.099807e-01 
 2.473108e+00  1.103082e-01 
 2.473204e+00  1.106350e-01 
 2.473300e+00  1.109618e-01 
 2.473396e+00  1.112888e-01 
 2.473492e+00  1.116162e-01 
 2.473588e+00  1.119438e-01 
 2.473684e+00  1.122723e-01 
 2.473780e+00  1.126016e-01 
 2.473876e+00  1.129316e-01 
 2.473972e+00  1.132620e-01 
 2.474068e+00  1.135924e-01 
 2.474164e+00  1.139223e-01 
 2.474259e+00  1.142510e-01 
 2.474355e+00  1.145776e-01 
 2.474451e+00  1.149020e-01 
 2.474547e+00  1.152244e-01 
 2.474643e+00  1.155460e-01 
 2.474739e+00  1.158674e-01 
 2.474834e+00  1.161886e-01 
 2.474930e+00  1.165092e-01 
 2.475026e+00  1.168288e-01 
 2.475122e+00  1.171474e-01 
 2.475218e+00  1.174649e-01 
 2.475313e+00  1.177815e-01 
 2.475409e+00  1.180976e-01 
 2.475505e+00  1.184138e-01 
 2.475601e+00  1.187314e-01 
 2.475696e+00  1.190509e-01 
 2.475792e+00  1.193719e-01 
 2.475888e+00  1.196935e-01 
 2.475983e+00  1.200154e-01 
 2.476079e+00  1.203376e-01 
 2.476175e+00  1.206607e-01 
 2.476270e+00  1.209852e-01 
 2.476366e+00  1.213105e-01 
 2.476461e+00  1.216352e-01 
 2.476557e+00  1.219583e-01 
 2.476653e+00  1.222795e-01 
 2.476748e+00  1.225992e-01 
 2.476844e+00  1.229179e-01 
 2.476939e+00  1.232351e-01 
 2.477035e+00  1.235495e-01 
 2.477130e+00  1.238595e-01 
 2.477226e+00  1.241645e-01 
 2.477321e+00  1.244656e-01 
 2.477417e+00  1.247647e-01 
 2.477512e+00  1.250641e-01 
 2.477608e+00  1.253638e-01 
 2.477703e+00  1.256621e-01 
 2.477799e+00  1.259568e-01 
 2.477894e+00  1.262469e-01 
 2.477990e+00  1.265332e-01 
 2.478085e+00  1.268171e-01 
 2.478180e+00  1.270997e-01 
 2.478276e+00  1.273812e-01 
 2.478371e+00  1.276608e-01 
 2.478467e+00  1.279379e-01 
 2.478562e+00  1.282120e-01 
 2.478657e+00  1.284830e-01 
 2.478752e+00  1.287513e-01 
 2.478848e+00  1.290173e-01 
 2.478943e+00  1.292811e-01 
 2.479038e+00  1.295433e-01 
 2.479134e+00  1.298040e-01 
 2.479229e+00  1.300634e-01 
 2.479324e+00  1.303211e-01 
 2.479420e+00  1.305775e-01 
 2.479515e+00  1.308328e-01 
 2.479610e+00  1.310878e-01 
 2.479705e+00  1.313433e-01 
 2.479800e+00  1.315990e-01 
 2.479896e+00  1.318542e-01 
 2.479991e+00  1.321077e-01 
 2.480086e+00  1.323591e-01 
 2.480181e+00  1.326085e-01 
 2.480276e+00  1.328564e-01 
 2.480371e+00  1.331038e-01 
 2.480467e+00  1.333509e-01 
 2.480562e+00  1.335981e-01 
 2.480657e+00  1.338454e-01 
 2.480752e+00  1.340931e-01 
 2.480847e+00  1.343408e-01 
 2.480942e+00  1.345882e-01 
 2.481037e+00  1.348348e-01 
 2.481132e+00  1.350804e-01 
 2.481227e+00  1.353243e-01 
 2.481322e+00  1.355663e-01 
 2.481417e+00  1.358057e-01 
 2.481512e+00  1.360424e-01 
 2.481607e+00  1.362769e-01 
 2.481702e+00  1.365103e-01 
 2.481797e+00  1.367431e-01 
 2.481892e+00  1.369743e-01 
 2.481987e+00  1.372027e-01 
 2.482082e+00  1.374274e-01 
 2.482177e+00  1.376487e-01 
 2.482272e+00  1.378689e-01 
 2.482367e+00  1.380895e-01 
 2.482462e+00  1.383109e-01 
 2.482556e+00  1.385320e-01 
 2.482651e+00  1.387513e-01 
 2.482746e+00  1.389678e-01 
 2.482841e+00  1.391816e-01 
 2.482936e+00  1.393935e-01 
 2.483031e+00  1.396040e-01 
 2.483126e+00  1.398131e-01 
 2.483220e+00  1.400206e-01 
 2.483315e+00  1.402263e-01 
 2.483410e+00  1.404302e-01 
 2.483505e+00  1.406325e-01 
 2.483599e+00  1.408335e-01 
 2.483694e+00  1.410340e-01 
 2.483789e+00  1.412345e-01 
 2.483884e+00  1.414355e-01 
 2.483978e+00  1.416368e-01 
 2.484073e+00  1.418374e-01 
 2.484168e+00  1.420368e-01 
 2.484262e+00  1.422343e-01 
 2.484357e+00  1.424300e-01 
 2.484452e+00  1.426244e-01 
 2.484546e+00  1.428178e-01 
 2.484641e+00  1.430104e-01 
 2.484736e+00  1.432023e-01 
 2.484830e+00  1.433936e-01 
 2.484925e+00  1.435845e-01 
 2.485019e+00  1.437748e-01 
 2.485114e+00  1.439643e-01 
 2.485208e+00  1.441526e-01 
 2.485303e+00  1.443394e-01 
 2.485397e+00  1.445249e-01 
 2.485492e+00  1.447097e-01 
 2.485587e+00  1.448939e-01 
 2.485681e+00  1.450769e-01 
 2.485776e+00  1.452580e-01 
 2.485870e+00  1.454372e-01 
 2.485965e+00  1.456154e-01 
 2.486059e+00  1.457939e-01 
 2.486153e+00  1.459734e-01 
 2.486248e+00  1.461531e-01 
 2.486342e+00  1.463312e-01 
 2.486437e+00  1.465068e-01 
 2.486531e+00  1.466803e-01 
 2.486626e+00  1.468535e-01 
 2.486720e+00  1.470281e-01 
 2.486814e+00  1.472044e-01 
 2.486909e+00  1.473810e-01 
 2.487003e+00  1.475562e-01 
 2.487097e+00  1.477293e-01 
 2.487192e+00  1.479004e-01 
 2.487286e+00  1.480706e-01 
 2.487380e+00  1.482406e-01 
 2.487475e+00  1.484105e-01 
 2.487569e+00  1.485795e-01 
 2.487663e+00  1.487471e-01 
 2.487757e+00  1.489132e-01 
 2.487852e+00  1.490771e-01 
 2.487946e+00  1.492385e-01 
 2.488040e+00  1.493964e-01 
 2.488134e+00  1.495506e-01 
 2.488228e+00  1.497018e-01 
 2.488323e+00  1.498515e-01 
 2.488417e+00  1.500011e-01 
 2.488511e+00  1.501509e-01 
 2.488605e+00  1.502999e-01 
 2.488699e+00  1.504464e-01 
 2.488794e+00  1.505895e-01 
 2.488888e+00  1.507297e-01 
 2.488982e+00  1.508681e-01 
 2.489076e+00  1.510063e-01 
 2.489170e+00  1.511448e-01 
 2.489264e+00  1.512829e-01 
 2.489358e+00  1.514195e-01 
 2.489452e+00  1.515532e-01 
 2.489546e+00  1.516840e-01 
 2.489640e+00  1.518129e-01 
 2.489734e+00  1.519415e-01 
 2.489828e+00  1.520709e-01 
 2.489922e+00  1.522011e-01 
 2.490016e+00  1.523310e-01 
 2.490110e+00  1.524595e-01 
 2.490204e+00  1.525862e-01 
 2.490298e+00  1.527117e-01 
 2.490392e+00  1.528372e-01 
 2.490486e+00  1.529634e-01 
 2.490580e+00  1.530897e-01 
 2.490674e+00  1.532148e-01 
 2.490768e+00  1.533379e-01 
 2.490862e+00  1.534591e-01 
 2.490956e+00  1.535790e-01 
 2.491050e+00  1.536983e-01 
 2.491143e+00  1.538170e-01 
 2.491237e+00  1.539344e-01 
 2.491331e+00  1.540500e-01 
 2.491425e+00  1.541638e-01 
 2.491519e+00  1.542766e-01 
 2.491613e+00  1.543885e-01 
 2.491706e+00  1.544994e-01 
 2.491800e+00  1.546085e-01 
 2.491894e+00  1.547153e-01 
 2.491988e+00  1.548203e-01 
 2.492081e+00  1.549248e-01 
 2.492175e+00  1.550291e-01 
 2.492269e+00  1.551327e-01 
 2.492363e+00  1.552342e-01 
 2.492456e+00  1.553328e-01 
 2.492550e+00  1.554291e-01 
 2.492644e+00  1.555242e-01 
 2.492737e+00  1.556193e-01 
 2.492831e+00  1.557145e-01 
 2.492925e+00  1.558093e-01 
 2.493018e+00  1.559030e-01 
 2.493112e+00  1.559954e-01 
 2.493206e+00  1.560870e-01 
 2.493299e+00  1.561788e-01 
 2.493393e+00  1.562720e-01 
 2.493487e+00  1.563671e-01 
 2.493580e+00  1.564644e-01 
 2.493674e+00  1.565630e-01 
 2.493767e+00  1.566618e-01 
 2.493861e+00  1.567596e-01 
 2.493954e+00  1.568560e-01 
 2.494048e+00  1.569512e-01 
 2.494141e+00  1.570462e-01 
 2.494235e+00  1.571415e-01 
 2.494328e+00  1.572371e-01 
 2.494422e+00  1.573320e-01 
 2.494515e+00  1.574256e-01 
 2.494609e+00  1.575178e-01 
 2.494702e+00  1.576090e-01 
 2.494796e+00  1.577000e-01 
 2.494889e+00  1.577911e-01 
 2.494982e+00  1.578825e-01 
 2.495076e+00  1.579745e-01 
 2.495169e+00  1.580675e-01 
 2.495263e+00  1.581623e-01 
 2.495356e+00  1.582588e-01 
 2.495449e+00  1.583561e-01 
 2.495543e+00  1.584528e-01 
 2.495636e+00  1.585477e-01 
 2.495729e+00  1.586405e-01 
 2.495823e+00  1.587319e-01 
 2.495916e+00  1.588227e-01 
 2.496009e+00  1.589124e-01 
 2.496103e+00  1.589995e-01 
 2.496196e+00  1.590826e-01 
 2.496289e+00  1.591609e-01 
 2.496383e+00  1.592353e-01 
 2.496476e+00  1.593072e-01 
 2.496569e+00  1.593774e-01 
 2.496662e+00  1.594462e-01 
 2.496755e+00  1.595130e-01 
 2.496849e+00  1.595773e-01 
 2.496942e+00  1.596394e-01 
 2.497035e+00  1.596998e-01 
 2.497128e+00  1.597592e-01 
 2.497221e+00  1.598177e-01 
 2.497314e+00  1.598760e-01 
 2.497408e+00  1.599345e-01 
 2.497501e+00  1.599942e-01 
 2.497594e+00  1.600557e-01 
 2.497687e+00  1.601186e-01 
 2.497780e+00  1.601820e-01 
 2.497873e+00  1.602445e-01 
 2.497966e+00  1.603055e-01 
 2.498059e+00  1.603655e-01 
 2.498152e+00  1.604251e-01 
 2.498245e+00  1.604851e-01 
 2.498338e+00  1.605455e-01 
 2.498431e+00  1.606056e-01 
 2.498524e+00  1.606652e-01 
 2.498617e+00  1.607242e-01 
 2.498710e+00  1.607829e-01 
 2.498803e+00  1.608412e-01 
 2.498896e+00  1.608991e-01 
 2.498989e+00  1.609564e-01 
 2.499082e+00  1.610131e-01 
 2.499175e+00  1.610693e-01 
 2.499268e+00  1.611252e-01 
 2.499361e+00  1.611807e-01 
 2.499454e+00  1.612357e-01 
 2.499547e+00  1.612901e-01 
 2.499640e+00  1.613440e-01 
 2.499733e+00  1.613972e-01 
 2.499825e+00  1.614491e-01 
 2.499918e+00  1.614991e-01 
 2.500011e+00  1.615464e-01 
 2.500104e+00  1.615911e-01 
 2.500197e+00  1.616336e-01 
 2.500290e+00  1.616745e-01 
 2.500382e+00  1.617140e-01 
 2.500475e+00  1.617517e-01 
 2.500568e+00  1.617872e-01 
 2.500661e+00  1.618201e-01 
 2.500753e+00  1.618500e-01 
 2.500846e+00  1.618769e-01 
 2.500939e+00  1.619006e-01 
 2.501032e+00  1.619219e-01 
 2.501124e+00  1.619415e-01 
 2.501217e+00  1.619606e-01 
 2.501310e+00  1.619798e-01 
 2.501402e+00  1.619988e-01 
 2.501495e+00  1.620169e-01 
 2.501588e+00  1.620334e-01 
 2.501680e+00  1.620485e-01 
 2.501773e+00  1.620631e-01 
 2.501866e+00  1.620785e-01 
 2.501958e+00  1.620952e-01 
 2.502051e+00  1.621131e-01 
 2.502143e+00  1.621318e-01 
 2.502236e+00  1.621512e-01 
 2.502329e+00  1.621718e-01 
 2.502421e+00  1.621945e-01 
 2.502514e+00  1.622193e-01 
 2.502606e+00  1.622454e-01 
 2.502699e+00  1.622721e-01 
 2.502791e+00  1.622991e-01 
 2.502884e+00  1.623266e-01 
 2.502976e+00  1.623550e-01 
 2.503069e+00  1.623839e-01 
 2.503161e+00  1.624126e-01 
 2.503254e+00  1.624407e-01 
 2.503346e+00  1.624684e-01 
 2.503439e+00  1.624968e-01 
 2.503531e+00  1.625269e-01 
 2.503624e+00  1.625586e-01 
 2.503716e+00  1.625912e-01 
 2.503808e+00  1.626236e-01 
 2.503901e+00  1.626554e-01 
 2.503993e+00  1.626870e-01 
 2.504085e+00  1.627187e-01 
 2.504178e+00  1.627501e-01 
 2.504270e+00  1.627805e-01 
 2.504363e+00  1.628089e-01 
 2.504455e+00  1.628350e-01 
 2.504547e+00  1.628593e-01 
 2.504640e+00  1.628824e-01 
 2.504732e+00  1.629047e-01 
 2.504824e+00  1.629264e-01 
 2.504916e+00  1.629474e-01 
 2.505009e+00  1.629679e-01 
 2.505101e+00  1.629880e-01 
 2.505193e+00  1.630080e-01 
 2.505285e+00  1.630276e-01 
 2.505378e+00  1.630464e-01 
 2.505470e+00  1.630641e-01 
 2.505562e+00  1.630812e-01 
 2.505654e+00  1.630983e-01 
 2.505746e+00  1.631158e-01 
 2.505839e+00  1.631334e-01 
 2.505931e+00  1.631500e-01 
 2.506023e+00  1.631647e-01 
 2.506115e+00  1.631770e-01 
 2.506207e+00  1.631873e-01 
 2.506299e+00  1.631965e-01 
 2.506392e+00  1.632048e-01 
 2.506484e+00  1.632124e-01 
 2.506576e+00  1.632194e-01 
 2.506668e+00  1.632260e-01 
 2.506760e+00  1.632328e-01 
 2.506852e+00  1.632398e-01 
 2.506944e+00  1.632465e-01 
 2.507036e+00  1.632519e-01 
 2.507128e+00  1.632557e-01 
 2.507220e+00  1.632584e-01 
 2.507312e+00  1.632612e-01 
 2.507404e+00  1.632648e-01 
 2.507496e+00  1.632691e-01 
 2.507588e+00  1.632735e-01 
 2.507680e+00  1.632777e-01 
 2.507772e+00  1.632816e-01 
 2.507864e+00  1.632860e-01 
 2.507956e+00  1.632913e-01 
 2.508048e+00  1.632977e-01 
 2.508140e+00  1.633047e-01 
 2.508232e+00  1.633116e-01 
 2.508323e+00  1.633180e-01 
 2.508415e+00  1.633233e-01 
 2.508507e+00  1.633276e-01 
 2.508599e+00  1.633310e-01 
 2.508691e+00  1.633337e-01 
 2.508783e+00  1.633364e-01 
 2.508875e+00  1.633393e-01 
 2.508966e+00  1.633426e-01 
 2.509058e+00  1.633457e-01 
 2.509150e+00  1.633478e-01 
 2.509242e+00  1.633488e-01 
 2.509334e+00  1.633491e-01 
 2.509425e+00  1.633497e-01 
 2.509517e+00  1.633515e-01 
 2.509609e+00  1.633545e-01 
 2.509701e+00  1.633579e-01 
 2.509792e+00  1.633607e-01 
 2.509884e+00  1.633624e-01 
 2.509976e+00  1.633634e-01 
 2.510068e+00  1.633646e-01 
 2.510159e+00  1.633662e-01 
 2.510251e+00  1.633682e-01 
 2.510342e+00  1.633701e-01 
 2.510434e+00  1.633713e-01 
 2.510526e+00  1.633718e-01 
 2.510617e+00  1.633713e-01 
 2.510709e+00  1.633690e-01 
 2.510801e+00  1.633644e-01 
 2.510892e+00  1.633570e-01 
 2.510984e+00  1.633472e-01 
 2.511075e+00  1.633356e-01 
 2.511167e+00  1.633231e-01 
 2.511259e+00  1.633099e-01 
 2.511350e+00  1.632958e-01 
 2.511442e+00  1.632802e-01 
 2.511533e+00  1.632636e-01 
 2.511625e+00  1.632465e-01 
 2.511716e+00  1.632300e-01 
 2.511808e+00  1.632141e-01 
 2.511899e+00  1.631982e-01 
 2.511991e+00  1.631813e-01 
 2.512082e+00  1.631627e-01 
 2.512174e+00  1.631428e-01 
 2.512265e+00  1.631225e-01 
 2.512357e+00  1.631029e-01 
 2.512448e+00  1.630844e-01 
 2.512539e+00  1.630669e-01 
 2.512631e+00  1.630502e-01 
 2.512722e+00  1.630342e-01 
 2.512814e+00  1.630188e-01 
 2.512905e+00  1.630035e-01 
 2.512996e+00  1.629878e-01 
 2.513088e+00  1.629714e-01 
 2.513179e+00  1.629550e-01 
 2.513270e+00  1.629398e-01 
 2.513362e+00  1.629270e-01 
 2.513453e+00  1.629169e-01 
 2.513544e+00  1.629081e-01 
 2.513636e+00  1.628991e-01 
 2.513727e+00  1.628886e-01 
 2.513818e+00  1.628763e-01 
 2.513910e+00  1.628629e-01 
 2.514001e+00  1.628487e-01 
 2.514092e+00  1.628335e-01 
 2.514183e+00  1.628170e-01 
 2.514274e+00  1.627988e-01 
 2.514366e+00  1.627793e-01 
 2.514457e+00  1.627590e-01 
 2.514548e+00  1.627379e-01 
 2.514639e+00  1.627156e-01 
 2.514731e+00  1.626913e-01 
 2.514822e+00  1.626645e-01 
 2.514913e+00  1.626356e-01 
 2.515004e+00  1.626057e-01 
 2.515095e+00  1.625760e-01 
 2.515186e+00  1.625474e-01 
 2.515277e+00  1.625198e-01 
 2.515369e+00  1.624926e-01 
 2.515460e+00  1.624650e-01 
 2.515551e+00  1.624365e-01 
 2.515642e+00  1.624066e-01 
 2.515733e+00  1.623755e-01 
 2.515824e+00  1.623437e-01 
 2.515915e+00  1.623115e-01 
 2.516006e+00  1.622790e-01 
 2.516097e+00  1.622459e-01 
 2.516188e+00  1.622118e-01 
 2.516279e+00  1.621761e-01 
 2.516370e+00  1.621386e-01 
 2.516461e+00  1.620998e-01 
 2.516552e+00  1.620605e-01 
 2.516643e+00  1.620213e-01 
 2.516734e+00  1.619830e-01 
 2.516825e+00  1.619455e-01 
 2.516916e+00  1.619085e-01 
 2.517007e+00  1.618717e-01 
 2.517098e+00  1.618348e-01 
 2.517189e+00  1.617977e-01 
 2.517280e+00  1.617607e-01 
 2.517370e+00  1.617241e-01 
 2.517461e+00  1.616879e-01 
 2.517552e+00  1.616521e-01 
 2.517643e+00  1.616162e-01 
 2.517734e+00  1.615794e-01 
 2.517825e+00  1.615412e-01 
 2.517915e+00  1.615011e-01 
 2.518006e+00  1.614593e-01 
 2.518097e+00  1.614166e-01 
 2.518188e+00  1.613733e-01 
 2.518279e+00  1.613298e-01 
 2.518370e+00  1.612858e-01 
 2.518460e+00  1.612403e-01 
 2.518551e+00  1.611927e-01 
 2.518642e+00  1.611425e-01 
 2.518732e+00  1.610899e-01 
 2.518823e+00  1.610357e-01 
 2.518914e+00  1.609808e-01 
 2.519005e+00  1.609256e-01 
 2.519095e+00  1.608703e-01 
 2.519186e+00  1.608144e-01 
 2.519277e+00  1.607572e-01 
 2.519367e+00  1.606982e-01 
 2.519458e+00  1.606375e-01 
 2.519549e+00  1.605760e-01 
 2.519639e+00  1.605145e-01 
 2.519730e+00  1.604541e-01 
 2.519821e+00  1.603951e-01 
 2.519911e+00  1.603377e-01 
 2.520002e+00  1.602813e-01 
 2.520092e+00  1.602251e-01 
 2.520183e+00  1.601690e-01 
 2.520274e+00  1.601127e-01 
 2.520364e+00  1.600570e-01 
 2.520455e+00  1.600022e-01 
 2.520545e+00  1.599485e-01 
 2.520636e+00  1.598955e-01 
 2.520726e+00  1.598423e-01 
 2.520817e+00  1.597886e-01 
 2.520907e+00  1.597347e-01 
 2.520998e+00  1.596815e-01 
 2.521088e+00  1.596300e-01 
 2.521179e+00  1.595802e-01 
 2.521269e+00  1.595317e-01 
 2.521360e+00  1.594833e-01 
 2.521450e+00  1.594342e-01 
 2.521540e+00  1.593839e-01 
 2.521631e+00  1.593328e-01 
 2.521721e+00  1.592818e-01 
 2.521812e+00  1.592317e-01 
 2.521902e+00  1.591828e-01 
 2.521993e+00  1.591345e-01 
 2.522083e+00  1.590855e-01 
 2.522173e+00  1.590345e-01 
 2.522264e+00  1.589807e-01 
 2.522354e+00  1.589244e-01 
 2.522444e+00  1.588668e-01 
 2.522535e+00  1.588091e-01 
 2.522625e+00  1.587521e-01 
 2.522715e+00  1.586957e-01 
 2.522806e+00  1.586397e-01 
 2.522896e+00  1.585838e-01 
 2.522986e+00  1.585283e-01 
 2.523076e+00  1.584741e-01 
 2.523167e+00  1.584218e-01 
 2.523257e+00  1.583713e-01 
 2.523347e+00  1.583220e-01 
 2.523437e+00  1.582727e-01 
 2.523527e+00  1.582230e-01 
 2.523618e+00  1.581730e-01 
 2.523708e+00  1.581229e-01 
 2.523798e+00  1.580724e-01 
 2.523888e+00  1.580203e-01 
 2.523978e+00  1.579656e-01 
 2.524069e+00  1.579077e-01 
 2.524159e+00  1.578471e-01 
 2.524249e+00  1.577849e-01 
 2.524339e+00  1.577222e-01 
 2.524429e+00  1.576592e-01 
 2.524519e+00  1.575957e-01 
 2.524609e+00  1.575316e-01 
 2.524699e+00  1.574672e-01 
 2.524789e+00  1.574030e-01 
 2.524880e+00  1.573390e-01 
 2.524970e+00  1.571939e-01 
 2.525060e+00  1.571259e-01 
 2.525150e+00  1.570582e-01 
 2.525240e+00  1.569905e-01 
 2.525330e+00  1.569219e-01 
 2.525420e+00  1.568515e-01 
 2.525510e+00  1.567795e-01 
 2.525600e+00  1.567063e-01 
 2.525690e+00  1.566326e-01 
 2.525780e+00  1.565586e-01 
 2.525870e+00  1.564840e-01 
 2.525960e+00  1.564086e-01 
 2.526049e+00  1.563328e-01 
 2.526139e+00  1.562573e-01 
 2.526229e+00  1.561830e-01 
 2.526319e+00  1.561104e-01 
 2.526409e+00  1.560392e-01 
 2.526499e+00  1.559692e-01 
 2.526589e+00  1.559002e-01 
 2.526679e+00  1.558323e-01 
 2.526769e+00  1.557655e-01 
 2.526858e+00  1.556994e-01 
 2.526948e+00  1.556332e-01 
 2.527038e+00  1.555664e-01 
 2.527128e+00  1.554985e-01 
 2.527218e+00  1.554297e-01 
 2.527308e+00  1.553602e-01 
 2.527397e+00  1.552903e-01 
 2.527487e+00  1.552201e-01 
 2.527577e+00  1.551498e-01 
 2.527667e+00  1.550794e-01 
 2.527756e+00  1.550087e-01 
 2.527846e+00  1.549369e-01 
 2.527936e+00  1.548632e-01 
 2.528026e+00  1.547872e-01 
 2.528115e+00  1.547090e-01 
 2.528205e+00  1.546295e-01 
 2.528295e+00  1.545499e-01 
 2.528385e+00  1.544706e-01 
 2.528474e+00  1.543916e-01 
 2.528564e+00  1.543122e-01 
 2.528654e+00  1.542315e-01 
 2.528743e+00  1.541490e-01 
 2.528833e+00  1.540647e-01 
 2.528922e+00  1.539792e-01 
 2.529012e+00  1.538933e-01 
 2.529102e+00  1.538081e-01 
 2.529191e+00  1.537241e-01 
 2.529281e+00  1.536417e-01 
 2.529370e+00  1.535606e-01 
 2.529460e+00  1.534802e-01 
 2.529550e+00  1.533999e-01 
 2.529639e+00  1.533189e-01 
 2.529729e+00  1.532369e-01 
 2.529818e+00  1.531539e-01 
 2.529908e+00  1.530700e-01 
 2.529997e+00  1.529849e-01 
 2.530087e+00  1.528985e-01 
 2.530176e+00  1.528103e-01 
 2.530266e+00  1.527206e-01 
 2.530355e+00  1.526304e-01 
 2.530445e+00  1.525406e-01 
 2.530534e+00  1.524518e-01 
 2.530624e+00  1.523632e-01 
 2.530713e+00  1.522729e-01 
 2.530803e+00  1.521798e-01 
 2.530892e+00  1.520833e-01 
 2.530981e+00  1.519845e-01 
 2.531071e+00  1.518846e-01 
 2.531160e+00  1.517845e-01 
 2.531249e+00  1.516840e-01 
 2.531339e+00  1.515822e-01 
 2.531428e+00  1.514785e-01 
 2.531518e+00  1.513731e-01 
 2.531607e+00  1.512667e-01 
 2.531696e+00  1.511598e-01 
 2.531786e+00  1.510526e-01 
 2.531875e+00  1.509450e-01 
 2.531964e+00  1.508365e-01 
 2.532053e+00  1.507271e-01 
 2.532143e+00  1.506170e-01 
 2.532232e+00  1.505066e-01 
 2.532321e+00  1.503956e-01 
 2.532411e+00  1.502836e-01 
 2.532500e+00  1.501705e-01 
 2.532589e+00  1.500560e-01 
 2.532678e+00  1.499403e-01 
 2.532768e+00  1.498233e-01 
 2.532857e+00  1.497049e-01 
 2.532946e+00  1.495849e-01 
 2.533035e+00  1.494631e-01 
 2.533124e+00  1.493397e-01 
 2.533213e+00  1.492152e-01 
 2.533303e+00  1.490897e-01 
 2.533392e+00  1.489632e-01 
 2.533481e+00  1.488353e-01 
 2.533570e+00  1.487055e-01 
 2.533659e+00  1.485736e-01 
 2.533748e+00  1.484393e-01 
 2.533837e+00  1.483025e-01 
 2.533926e+00  1.481631e-01 
 2.534016e+00  1.480207e-01 
 2.534105e+00  1.478758e-01 
 2.534194e+00  1.477290e-01 
 2.534283e+00  1.475813e-01 
 2.534372e+00  1.474337e-01 
 2.534461e+00  1.472867e-01 
 2.534550e+00  1.471407e-01 
 2.534639e+00  1.469954e-01 
 2.534728e+00  1.468508e-01 
 2.534817e+00  1.467067e-01 
 2.534906e+00  1.465629e-01 
 2.534995e+00  1.464190e-01 
 2.535084e+00  1.462751e-01 
 2.535173e+00  1.461313e-01 
 2.535262e+00  1.459884e-01 
 2.535351e+00  1.458464e-01 
 2.535440e+00  1.457045e-01 
 2.535529e+00  1.455608e-01 
 2.535617e+00  1.454131e-01 
 2.535706e+00  1.452606e-01 
 2.535795e+00  1.451040e-01 
 2.535884e+00  1.449452e-01 
 2.535973e+00  1.447858e-01 
 2.536062e+00  1.446267e-01 
 2.536151e+00  1.444674e-01 
 2.536240e+00  1.443067e-01 
 2.536329e+00  1.441444e-01 
 2.536417e+00  1.439807e-01 
 2.536506e+00  1.438162e-01 
 2.536595e+00  1.436514e-01 
 2.536684e+00  1.434863e-01 
 2.536773e+00  1.433202e-01 
 2.536861e+00  1.431532e-01 
 2.536950e+00  1.429858e-01 
 2.537039e+00  1.428187e-01 
 2.537128e+00  1.426523e-01 
 2.537216e+00  1.424862e-01 
 2.537305e+00  1.423187e-01 
 2.537394e+00  1.421485e-01 
 2.537483e+00  1.419755e-01 
 2.537571e+00  1.418005e-01 
 2.537660e+00  1.416244e-01 
 2.537749e+00  1.414481e-01 
 2.537837e+00  1.412717e-01 
 2.537926e+00  1.410954e-01 
 2.538015e+00  1.409198e-01 
 2.538103e+00  1.407456e-01 
 2.538192e+00  1.405729e-01 
 2.538281e+00  1.404008e-01 
 2.538369e+00  1.402277e-01 
 2.538458e+00  1.400523e-01 
 2.538546e+00  1.398747e-01 
 2.538635e+00  1.396959e-01 
 2.538724e+00  1.395174e-01 
 2.538812e+00  1.393399e-01 
 2.538901e+00  1.391630e-01 
 2.538989e+00  1.389855e-01 
 2.539078e+00  1.388065e-01 
 2.539166e+00  1.386258e-01 
 2.539255e+00  1.384442e-01 
 2.539343e+00  1.382623e-01 
 2.539432e+00  1.380804e-01 
 2.539521e+00  1.378979e-01 
 2.539609e+00  1.377140e-01 
 2.539698e+00  1.375282e-01 
 2.539786e+00  1.373406e-01 
 2.539874e+00  1.371520e-01 
 2.539963e+00  1.369627e-01 
 2.540051e+00  1.367728e-01 
 2.540140e+00  1.365822e-01 
 2.540228e+00  1.363906e-01 
 2.540317e+00  1.361977e-01 
 2.540405e+00  1.360037e-01 
 2.540493e+00  1.358091e-01 
 2.540582e+00  1.356145e-01 
 2.540670e+00  1.354203e-01 
 2.540759e+00  1.352268e-01 
 2.540847e+00  1.350334e-01 
 2.540935e+00  1.348396e-01 
 2.541024e+00  1.346450e-01 
 2.541112e+00  1.344493e-01 
 2.541200e+00  1.342524e-01 
 2.541289e+00  1.340546e-01 
 2.541377e+00  1.338562e-01 
 2.541465e+00  1.336572e-01 
 2.541554e+00  1.334574e-01 
 2.541642e+00  1.332566e-01 
 2.541730e+00  1.330544e-01 
 2.541818e+00  1.328512e-01 
 2.541907e+00  1.326473e-01 
 2.541995e+00  1.324430e-01 
 2.542083e+00  1.322377e-01 
 2.542171e+00  1.320306e-01 
 2.542260e+00  1.318210e-01 
 2.542348e+00  1.316089e-01 
 2.542436e+00  1.313950e-01 
 2.542524e+00  1.311802e-01 
 2.542612e+00  1.309643e-01 
 2.542701e+00  1.307468e-01 
 2.542789e+00  1.305268e-01 
 2.542877e+00  1.303036e-01 
 2.542965e+00  1.300775e-01 
 2.543053e+00  1.298490e-01 
 2.543141e+00  1.296188e-01 
 2.543229e+00  1.293874e-01 
 2.543318e+00  1.291548e-01 
 2.543406e+00  1.289213e-01 
 2.543494e+00  1.286868e-01 
 2.543582e+00  1.284513e-01 
 2.543670e+00  1.282148e-01 
 2.543758e+00  1.279768e-01 
 2.543846e+00  1.277368e-01 
 2.543934e+00  1.274944e-01 
 2.544022e+00  1.272499e-01 
 2.544110e+00  1.270037e-01 
 2.544198e+00  1.267559e-01 
 2.544286e+00  1.265066e-01 
 2.544374e+00  1.262552e-01 
 2.544462e+00  1.260017e-01 
 2.544550e+00  1.257463e-01 
 2.544638e+00  1.255692e-01 
 2.544726e+00  1.253087e-01 
 2.544814e+00  1.250454e-01 
 2.544902e+00  1.247798e-01 
 2.544990e+00  1.245127e-01 
 2.545078e+00  1.242446e-01 
 2.545166e+00  1.239757e-01 
 2.545254e+00  1.237056e-01 
 2.545341e+00  1.234341e-01 
 2.545429e+00  1.231615e-01 
 2.545517e+00  1.228883e-01 
 2.545605e+00  1.226148e-01 
 2.545693e+00  1.223410e-01 
 2.545781e+00  1.220664e-01 
 2.545869e+00  1.217909e-01 
 2.545957e+00  1.215145e-01 
 2.546044e+00  1.212377e-01 
 2.546132e+00  1.209602e-01 
 2.546220e+00  1.206819e-01 
 2.546308e+00  1.204021e-01 
 2.546395e+00  1.201205e-01 
 2.546483e+00  1.198373e-01 
 2.546571e+00  1.195530e-01 
 2.546659e+00  1.192678e-01 
 2.546747e+00  1.189817e-01 
 2.546834e+00  1.186940e-01 
 2.546922e+00  1.184048e-01 
 2.547010e+00  1.181139e-01 
 2.547098e+00  1.178219e-01 
 2.547185e+00  1.175295e-01 
 2.547273e+00  1.172371e-01 
 2.547361e+00  1.169443e-01 
 2.547448e+00  1.166505e-01 
 2.547536e+00  1.163556e-01 
 2.547624e+00  1.160601e-01 
 2.547711e+00  1.157645e-01 
 2.547799e+00  1.154696e-01 
 2.547887e+00  1.151748e-01 
 2.547974e+00  1.148800e-01 
 2.548062e+00  1.145851e-01 
 2.548149e+00  1.142902e-01 
 2.548237e+00  1.139958e-01 
 2.548325e+00  1.137017e-01 
 2.548412e+00  1.134075e-01 
 2.548500e+00  1.131122e-01 
 2.548587e+00  1.128153e-01 
 2.548675e+00  1.125171e-01 
 2.548762e+00  1.122175e-01 
 2.548850e+00  1.119170e-01 
 2.548937e+00  1.116157e-01 
 2.549025e+00  1.113135e-01 
 2.549112e+00  1.110104e-01 
 2.549200e+00  1.107066e-01 
 2.549288e+00  1.104019e-01 
 2.549375e+00  1.100963e-01 
 2.549463e+00  1.097891e-01 
 2.549550e+00  1.094802e-01 
 2.549637e+00  1.091696e-01 
 2.549725e+00  1.088583e-01 
 2.549812e+00  1.085479e-01 
 2.549900e+00  1.082393e-01 
 2.549987e+00  1.079325e-01 
 2.550075e+00  1.076264e-01 
 2.550162e+00  1.073196e-01 
 2.550249e+00  1.070114e-01 
 2.550337e+00  1.067024e-01 
 2.550424e+00  1.063938e-01 
 2.550511e+00  1.060864e-01 
 2.550599e+00  1.057798e-01 
 2.550686e+00  1.054731e-01 
 2.550773e+00  1.051647e-01 
 2.550861e+00  1.048539e-01 
 2.550948e+00  1.045407e-01 
 2.551035e+00  1.042258e-01 
 2.551123e+00  1.039101e-01 
 2.551210e+00  1.035940e-01 
 2.551297e+00  1.032777e-01 
 2.551385e+00  1.029606e-01 
 2.551472e+00  1.026423e-01 
 2.551559e+00  1.023230e-01 
 2.551646e+00  1.020030e-01 
 2.551734e+00  1.016829e-01 
 2.551821e+00  1.013632e-01 
 2.551908e+00  1.010443e-01 
 2.551995e+00  1.007266e-01 
 2.552083e+00  1.004099e-01 
 2.552170e+00  1.000945e-01 
 2.552257e+00  9.977961e-02 
 2.552344e+00  9.946511e-02 
 2.552431e+00  9.915100e-02 
 2.552518e+00  9.883749e-02 
 2.552606e+00  9.852475e-02 
 2.552693e+00  9.821280e-02 
 2.552780e+00  9.790141e-02 
 2.552867e+00  9.759026e-02 
 2.552954e+00  9.727913e-02 
 2.553041e+00  9.696831e-02 
 2.553128e+00  9.665750e-02 
 2.553215e+00  9.634653e-02 
 2.553302e+00  9.603501e-02 
 2.553389e+00  9.572245e-02 
 2.553477e+00  9.540850e-02 
 2.553564e+00  9.509304e-02 
 2.553651e+00  9.477611e-02 
 2.553738e+00  9.445760e-02 
 2.553825e+00  9.413725e-02 
 2.553912e+00  9.381518e-02 
 2.553999e+00  9.349122e-02 
 2.554086e+00  9.316605e-02 
 2.554173e+00  9.284052e-02 
 2.554260e+00  9.251510e-02 
 2.554347e+00  9.218945e-02 
 2.554434e+00  9.186261e-02 
 2.554521e+00  9.153355e-02 
 2.554608e+00  9.120189e-02 
 2.554695e+00  9.086805e-02 
 2.554782e+00  9.053310e-02 
 2.554868e+00  9.019715e-02 
 2.554955e+00  8.986001e-02 
 2.555042e+00  8.952120e-02 
 2.555129e+00  8.918056e-02 
 2.555216e+00  8.883868e-02 
 2.555303e+00  8.849678e-02 
 2.555390e+00  8.815603e-02 
 2.555477e+00  8.781697e-02 
 2.555564e+00  8.747946e-02 
 2.555650e+00  8.714340e-02 
 2.555737e+00  8.680824e-02 
 2.555824e+00  8.647418e-02 
 2.555911e+00  8.614158e-02 
 2.555998e+00  8.581062e-02 
 2.556084e+00  8.548107e-02 
 2.556171e+00  8.515255e-02 
 2.556258e+00  8.482482e-02 
 2.556345e+00  8.449805e-02 
 2.556432e+00  8.417273e-02 
 2.556518e+00  8.384963e-02 
 2.556605e+00  8.352860e-02 
 2.556692e+00  8.320933e-02 
 2.556778e+00  8.289121e-02 
 2.556865e+00  8.257347e-02 
 2.556952e+00  8.225544e-02 
 2.557039e+00  8.193673e-02 
 2.557125e+00  8.161730e-02 
 2.557212e+00  8.129752e-02 
 2.557299e+00  8.097800e-02 
 2.557385e+00  8.065964e-02 
 2.557472e+00  8.034222e-02 
 2.557559e+00  8.002523e-02 
 2.557645e+00  7.970757e-02 
 2.557732e+00  7.938807e-02 
 2.557818e+00  7.906614e-02 
 2.557905e+00  7.874213e-02 
 2.557992e+00  7.841722e-02 
 2.558078e+00  7.809276e-02 
 2.558165e+00  7.776957e-02 
 2.558251e+00  7.744792e-02 
 2.558338e+00  7.712676e-02 
 2.558425e+00  7.680522e-02 
 2.558511e+00  7.648281e-02 
 2.558598e+00  7.615957e-02 
 2.558684e+00  7.583583e-02 
 2.558771e+00  7.551194e-02 
 2.558857e+00  7.518814e-02 
 2.558944e+00  7.486455e-02 
 2.559030e+00  7.454133e-02 
 2.559117e+00  7.421895e-02 
 2.559203e+00  7.389718e-02 
 2.559290e+00  7.357601e-02 
 2.559376e+00  7.325533e-02 
 2.559463e+00  7.293504e-02 
 2.559549e+00  7.261509e-02 
 2.559635e+00  7.229551e-02 
 2.559722e+00  7.197637e-02 
 2.559808e+00  7.165776e-02 
 2.559895e+00  7.133978e-02 
 2.559981e+00  7.102282e-02 
 2.560068e+00  7.070649e-02 
 2.560154e+00  7.039048e-02 
 2.560240e+00  7.007435e-02 
 2.560327e+00  6.975784e-02 
 2.560413e+00  6.944121e-02 
 2.560499e+00  6.912530e-02 
 2.560586e+00  6.881116e-02 
 2.560672e+00  6.849947e-02 
 2.560759e+00  6.818997e-02 
 2.560845e+00  6.788180e-02 
 2.560931e+00  6.757319e-02 
 2.561017e+00  6.726312e-02 
 2.561104e+00  6.695160e-02 
 2.561190e+00  6.663952e-02 
 2.561276e+00  6.632799e-02 
 2.561362e+00  6.601760e-02 
 2.561449e+00  6.570810e-02 
 2.561535e+00  6.539866e-02 
 2.561621e+00  6.508857e-02 
 2.561707e+00  6.477806e-02 
 2.561794e+00  6.446738e-02 
 2.561880e+00  6.415727e-02 
 2.561966e+00  6.384815e-02 
 2.562052e+00  6.353984e-02 
 2.562138e+00  6.323183e-02 
 2.562225e+00  6.292373e-02 
 2.562311e+00  6.261559e-02 
 2.562397e+00  6.230777e-02 
 2.562483e+00  6.200069e-02 
 2.562569e+00  6.169479e-02 
 2.562655e+00  6.138959e-02 
 2.562742e+00  6.108482e-02 
 2.562828e+00  6.078037e-02 
 2.562914e+00  6.047645e-02 
 2.563000e+00  6.017339e-02 
 2.563086e+00  5.987139e-02 
 2.563172e+00  5.957041e-02 
 2.563258e+00  5.927025e-02 
 2.563344e+00  5.897073e-02 
 2.563430e+00  5.867205e-02 
 2.563516e+00  5.837389e-02 
 2.563602e+00  5.807622e-02 
 2.563688e+00  5.777898e-02 
 2.563774e+00  5.748208e-02 
 2.563860e+00  5.718546e-02 
 2.563946e+00  5.688913e-02 
 2.564032e+00  5.659322e-02 
 2.564118e+00  5.629787e-02 
 2.564204e+00  5.600318e-02 
 2.564290e+00  5.570936e-02 
 2.564376e+00  5.541588e-02 
 2.564462e+00  5.512243e-02 
 2.564548e+00  5.482886e-02 
 2.564634e+00  5.453525e-02 
 2.564720e+00  5.424199e-02 
 2.564806e+00  5.394961e-02 
 2.564892e+00  5.365859e-02 
 2.564978e+00  5.336930e-02 
 2.565064e+00  5.308196e-02 
 2.565150e+00  5.279700e-02 
 2.565236e+00  5.251418e-02 
 2.565321e+00  5.223351e-02 
 2.565407e+00  5.195498e-02 
 2.565493e+00  5.167859e-02 
 2.565579e+00  5.140437e-02 
 2.565665e+00  5.113233e-02 
 2.565751e+00  5.086237e-02 
 2.565836e+00  5.059419e-02 
 2.565922e+00  5.032722e-02 
 2.566008e+00  5.006125e-02 
 2.566094e+00  4.979586e-02 
 2.566180e+00  4.953133e-02 
 2.566265e+00  4.926808e-02 
 2.566351e+00  4.900638e-02 
 2.566437e+00  4.874611e-02 
 2.566523e+00  4.848691e-02 
 2.566608e+00  4.822854e-02 
 2.566694e+00  4.797111e-02 
 2.566780e+00  4.771503e-02 
 2.566866e+00  4.746091e-02 
 2.566951e+00  4.720843e-02 
 2.567037e+00  4.695708e-02 
 2.567123e+00  4.670618e-02 
 2.567208e+00  4.645543e-02 
 2.567294e+00  4.620511e-02 
 2.567380e+00  4.595607e-02 
 2.567465e+00  4.570925e-02 
 2.567551e+00  4.546522e-02 
 2.567637e+00  4.522385e-02 
 2.567722e+00  4.498463e-02 
 2.567808e+00  4.474626e-02 
 2.567894e+00  4.450783e-02 
 2.567979e+00  4.426899e-02 
 2.568065e+00  4.403012e-02 
 2.568150e+00  4.379215e-02 
 2.568236e+00  4.355616e-02 
 2.568322e+00  4.332285e-02 
 2.568407e+00  4.309217e-02 
 2.568493e+00  4.286332e-02 
 2.568578e+00  4.263542e-02 
 2.568664e+00  4.240758e-02 
 2.568749e+00  4.218007e-02 
 2.568835e+00  4.195420e-02 
 2.568920e+00  4.173161e-02 
 2.569006e+00  4.151333e-02 
 2.569091e+00  4.129907e-02 
 2.569177e+00  4.108728e-02 
 2.569262e+00  4.087606e-02 
 2.569348e+00  4.066419e-02 
 2.569433e+00  4.045202e-02 
 2.569519e+00  4.024044e-02 
 2.569604e+00  4.003053e-02 
 2.569689e+00  3.982245e-02 
 2.569775e+00  3.961532e-02 
 2.569860e+00  3.940782e-02 
 2.569946e+00  3.919926e-02 
 2.570031e+00  3.899011e-02 
 2.570117e+00  3.878178e-02 
 2.570202e+00  3.857585e-02 
 2.570287e+00  3.837346e-02 
 2.570373e+00  3.817450e-02 
 2.570458e+00  3.797856e-02 
 2.570543e+00  3.778530e-02 
 2.570629e+00  3.759467e-02 
 2.570714e+00  3.740682e-02 
 2.570799e+00  3.722170e-02 
 2.570885e+00  3.703887e-02 
 2.570970e+00  3.685757e-02 
 2.571055e+00  3.667719e-02 
 2.571141e+00  3.649786e-02 
 2.571226e+00  3.631976e-02 
 2.571311e+00  3.614325e-02 
 2.571397e+00  3.596843e-02 
 2.571482e+00  3.579505e-02 
 2.571567e+00  3.562289e-02 
 2.571652e+00  3.545199e-02 
 2.571738e+00  3.528262e-02 
 2.571823e+00  3.511499e-02 
 2.571908e+00  3.494883e-02 
 2.571993e+00  3.478359e-02 
 2.572078e+00  3.461829e-02 
 2.572164e+00  3.445257e-02 
 2.572249e+00  3.428677e-02 
 2.572334e+00  3.412168e-02 
 2.572419e+00  3.395794e-02 
 2.572504e+00  3.379551e-02 
 2.572589e+00  3.363355e-02 
 2.572675e+00  3.347093e-02 
 2.572760e+00  3.330692e-02 
 2.572845e+00  3.314186e-02 
 2.572930e+00  3.297663e-02 
 2.573015e+00  3.281259e-02 
 2.573100e+00  3.265074e-02 
 2.573185e+00  3.249118e-02 
 2.573270e+00  3.233321e-02 
 2.573355e+00  3.217580e-02 
 2.573441e+00  3.201816e-02 
 2.573526e+00  3.186011e-02 
 2.573611e+00  3.170210e-02 
 2.573696e+00  3.154498e-02 
 2.573781e+00  3.138918e-02 
 2.573866e+00  3.123492e-02 
 2.573951e+00  3.108207e-02 
 2.574036e+00  3.093029e-02 
 2.574121e+00  3.077919e-02 
 2.574206e+00  3.062845e-02 
 2.574291e+00  3.047788e-02 
 2.574376e+00  3.032752e-02 
 2.574461e+00  3.017759e-02 
 2.574546e+00  3.002863e-02 
 2.574631e+00  2.988085e-02 
 2.574716e+00  2.973447e-02 
 2.574801e+00  2.958953e-02 
 2.574885e+00  2.944600e-02 
 2.574970e+00  2.930399e-02 
 2.575055e+00  2.916373e-02 
 2.575140e+00  2.902554e-02 
 2.575225e+00  2.888960e-02 
 2.575310e+00  2.875593e-02 
 2.575395e+00  2.862455e-02 
 2.575480e+00  2.849522e-02 
 2.575565e+00  2.836791e-02 
 2.575649e+00  2.824256e-02 
 2.575734e+00  2.811902e-02 
 2.575819e+00  2.799692e-02 
 2.575904e+00  2.787579e-02 
 2.575989e+00  2.775521e-02 
 2.576074e+00  2.763487e-02 
 2.576159e+00  2.751451e-02 
 2.576243e+00  2.739392e-02 
 2.576328e+00  2.727257e-02 
 2.576413e+00  2.715011e-02 
 2.576498e+00  2.702652e-02 
 2.576582e+00  2.690230e-02 
 2.576667e+00  2.677833e-02 
 2.576752e+00  2.665546e-02 
 2.576837e+00  2.653404e-02 
 2.576921e+00  2.641366e-02 
 2.577006e+00  2.629337e-02 
 2.577091e+00  2.617232e-02 
 2.577176e+00  2.604993e-02 
 2.577260e+00  2.592650e-02 
 2.577345e+00  2.580286e-02 
 2.577430e+00  2.567971e-02 
 2.577514e+00  2.555704e-02 
 2.577599e+00  2.543408e-02 
 2.577684e+00  2.530980e-02 
 2.577768e+00  2.518365e-02 
 2.577853e+00  2.505612e-02 
 2.577938e+00  2.492869e-02 
 2.578022e+00  2.480271e-02 
 2.578107e+00  2.467899e-02 
 2.578191e+00  2.455736e-02 
 2.578276e+00  2.443707e-02 
 2.578361e+00  2.431744e-02 
 2.578445e+00  2.419841e-02 
 2.578530e+00  2.408048e-02 
 2.578614e+00  2.396430e-02 
 2.578699e+00  2.385016e-02 
 2.578783e+00  2.373806e-02 
 2.578868e+00  2.362764e-02 
 2.578953e+00  2.351888e-02 
 2.579037e+00  2.341216e-02 
 2.579122e+00  2.330800e-02 
 2.579206e+00  2.320678e-02 
 2.579291e+00  2.310841e-02 
 2.579375e+00  2.301249e-02 
 2.579460e+00  2.291849e-02 
 2.579544e+00  2.282609e-02 
 2.579629e+00  2.273540e-02 
 2.579713e+00  2.264655e-02 
 2.579797e+00  2.255977e-02 
 2.579882e+00  2.247512e-02 
 2.579966e+00  2.239232e-02 
 2.580051e+00  2.231087e-02 
 2.580135e+00  2.223016e-02 
 2.580220e+00  2.214961e-02 
 2.580304e+00  2.206880e-02 
 2.580388e+00  2.198755e-02 
 2.580473e+00  2.190600e-02 
 2.580557e+00  2.182428e-02 
 2.580642e+00  2.174260e-02 
 2.580726e+00  2.166113e-02 
 2.580810e+00  2.157992e-02 
 2.580895e+00  2.149900e-02 
 2.580979e+00  2.141850e-02 
 2.581063e+00  2.133875e-02 
 2.581148e+00  2.126027e-02 
 2.581232e+00  2.118363e-02 
 2.581316e+00  2.110931e-02 
 2.581401e+00  2.103734e-02 
 2.581485e+00  2.096748e-02 
 2.581569e+00  2.089931e-02 
 2.581653e+00  2.083245e-02 
 2.581738e+00  2.076679e-02 
 2.581822e+00  2.070256e-02 
 2.581906e+00  2.064037e-02 
 2.581990e+00  2.058101e-02 
 2.582075e+00  2.052519e-02 
 2.582159e+00  2.047334e-02 
 2.582243e+00  2.042522e-02 
 2.582327e+00  2.038010e-02 
 2.582412e+00  2.033708e-02 
 2.582496e+00  2.029551e-02 
 2.582580e+00  2.025541e-02 
 2.582664e+00  2.021748e-02 
 2.582748e+00  2.018269e-02 
 2.582832e+00  2.015161e-02 
 2.582917e+00  2.012405e-02 
 2.583001e+00  2.009903e-02 
 2.583085e+00  2.007534e-02 
 2.583169e+00  2.005221e-02 
 2.583253e+00  2.002974e-02 
 2.583337e+00  2.000878e-02 
 2.583421e+00  1.999039e-02 
 2.583505e+00  1.997521e-02 
 2.583590e+00  1.996313e-02 
 2.583674e+00  1.995341e-02 
 2.583758e+00  1.994514e-02 
 2.583842e+00  1.993771e-02 
 2.583926e+00  1.993103e-02 
 2.584010e+00  1.992542e-02 
 2.584094e+00  1.992135e-02 
 2.584178e+00  1.991911e-02 
 2.584262e+00  1.991872e-02 
 2.584346e+00  1.991996e-02 
 2.584430e+00  1.992252e-02 
 2.584514e+00  1.992610e-02 
 2.584598e+00  1.993059e-02 
 2.584682e+00  1.993611e-02 
 2.584766e+00  1.994313e-02 
 2.584850e+00  1.995231e-02 
 2.584934e+00  1.996427e-02 
 2.585018e+00  1.997925e-02 
 2.585102e+00  1.999686e-02 
 2.585186e+00  2.001621e-02 
 2.585270e+00  2.003632e-02 
 2.585354e+00  2.005651e-02 
 2.585438e+00  2.007663e-02 
 2.585521e+00  2.009685e-02 
 2.585605e+00  2.011734e-02 
 2.585689e+00  2.013804e-02 
 2.585773e+00  2.015871e-02 
 2.585857e+00  2.017930e-02 
 2.585941e+00  2.020014e-02 
 2.586025e+00  2.022188e-02 
 2.586109e+00  2.024521e-02 
 2.586192e+00  2.027046e-02 
 2.586276e+00  2.029761e-02 
 2.586360e+00  2.032644e-02 
 2.586444e+00  2.035693e-02 
 2.586528e+00  2.038928e-02 
 2.586612e+00  2.042381e-02 
 2.586695e+00  2.046062e-02 
 2.586779e+00  2.049945e-02 
 2.586863e+00  2.053967e-02 
 2.586947e+00  2.058062e-02 
 2.587030e+00  2.062191e-02 
 2.587114e+00  2.066350e-02 
 2.587198e+00  2.070554e-02 
 2.587282e+00  2.074823e-02 
 2.587365e+00  2.079146e-02 
 2.587449e+00  2.083487e-02 
 2.587533e+00  2.087818e-02 
 2.587617e+00  2.092139e-02 
 2.587700e+00  2.096486e-02 
 2.587784e+00  2.100903e-02 
 2.587868e+00  2.105406e-02 
 2.587951e+00  2.109976e-02 
 2.588035e+00  2.114575e-02 
 2.588119e+00  2.119173e-02 
 2.588202e+00  2.123801e-02 
 2.588286e+00  2.128547e-02 
 2.588370e+00  2.133512e-02 
 2.588453e+00  2.138746e-02 
 2.588537e+00  2.144221e-02 
 2.588620e+00  2.149854e-02 
 2.588704e+00  2.155563e-02 
 2.588788e+00  2.161302e-02 
 2.588871e+00  2.167069e-02 
 2.588955e+00  2.172887e-02 
 2.589038e+00  2.178761e-02 
 2.589122e+00  2.184667e-02 
 2.589205e+00  2.190555e-02 
 2.589289e+00  2.196369e-02 
 2.589373e+00  2.202053e-02 
 2.589456e+00  2.207564e-02 
 2.589540e+00  2.212880e-02 
 2.589623e+00  2.218014e-02 
 2.589707e+00  2.223012e-02 
 2.589790e+00  2.227948e-02 
 2.589874e+00  2.232880e-02 
 2.589957e+00  2.237826e-02 
 2.590041e+00  2.242757e-02 
 2.590124e+00  2.247628e-02 
 2.590208e+00  2.252412e-02 
 2.590291e+00  2.257125e-02 
 2.590374e+00  2.261822e-02 
 2.590458e+00  2.266561e-02 
 2.590541e+00  2.271357e-02 
 2.590625e+00  2.276185e-02 
 2.590708e+00  2.280984e-02 
 2.590792e+00  2.285705e-02 
 2.590875e+00  2.290346e-02 
 2.590958e+00  2.294946e-02 
 2.591042e+00  2.299558e-02 
 2.591125e+00  2.304202e-02 
 2.591209e+00  2.308854e-02 
 2.591292e+00  2.313468e-02 
 2.591375e+00  2.318033e-02 
 2.591459e+00  2.322624e-02 
 2.591542e+00  2.327377e-02 
 2.591625e+00  2.332432e-02 
 2.591708e+00  2.337852e-02 
 2.591792e+00  2.343590e-02 
 2.591875e+00  2.349526e-02 
 2.591958e+00  2.355550e-02 
 2.592042e+00  2.361637e-02 
 2.592125e+00  2.367854e-02 
 2.592208e+00  2.374288e-02 
 2.592292e+00  2.380980e-02 
 2.592375e+00  2.387856e-02 
 2.592458e+00  2.394768e-02 
 2.592541e+00  2.401572e-02 
 2.592624e+00  2.408216e-02 
 2.592708e+00  2.414753e-02 
 2.592791e+00  2.421301e-02 
 2.592874e+00  2.427961e-02 
 2.592957e+00  2.434768e-02 
 2.593041e+00  2.441681e-02 
 2.593124e+00  2.448640e-02 
 2.593207e+00  2.455594e-02 
 2.593290e+00  2.462522e-02 
 2.593373e+00  2.469423e-02 
 2.593456e+00  2.476292e-02 
 2.593540e+00  2.483107e-02 
 2.593623e+00  2.489834e-02 
 2.593706e+00  2.496449e-02 
 2.593789e+00  2.502965e-02 
 2.593872e+00  2.509410e-02 
 2.593955e+00  2.515836e-02 
 2.594038e+00  2.522285e-02 
 2.594121e+00  2.528800e-02 
 2.594204e+00  2.535422e-02 
 2.594288e+00  2.542187e-02 
 2.594371e+00  2.549101e-02 
 2.594454e+00  2.556131e-02 
 2.594537e+00  2.563217e-02 
 2.594620e+00  2.570308e-02 
 2.594703e+00  2.577397e-02 
 2.594786e+00  2.584554e-02 
 2.594869e+00  2.591865e-02 
 2.594952e+00  2.599383e-02 
 2.595035e+00  2.607083e-02 
 2.595118e+00  2.614860e-02 
 2.595201e+00  2.622588e-02 
 2.595284e+00  2.630184e-02 
 2.595367e+00  2.637641e-02 
 2.595450e+00  2.645016e-02 
 2.595533e+00  2.652375e-02 
 2.595616e+00  2.659761e-02 
 2.595699e+00  2.667169e-02 
 2.595782e+00  2.674575e-02 
 2.595865e+00  2.681971e-02 
 2.595947e+00  2.689381e-02 
 2.596030e+00  2.696843e-02 
 2.596113e+00  2.704385e-02 
 2.596196e+00  2.712003e-02 
 2.596279e+00  2.719667e-02 
 2.596362e+00  2.727346e-02 
 2.596445e+00  2.735049e-02 
 2.596528e+00  2.742809e-02 
 2.596611e+00  2.750672e-02 
 2.596693e+00  2.758671e-02 
 2.596776e+00  2.766810e-02 
 2.596859e+00  2.775070e-02 
 2.596942e+00  2.783432e-02 
 2.597025e+00  2.791905e-02 
 2.597108e+00  2.800534e-02 
 2.597190e+00  2.809368e-02 
 2.597273e+00  2.818456e-02 
 2.597356e+00  2.827792e-02 
 2.597439e+00  2.837317e-02 
 2.597522e+00  2.846940e-02 
 2.597604e+00  2.856577e-02 
 2.597687e+00  2.866174e-02 
 2.597770e+00  2.875720e-02 
 2.597853e+00  2.885239e-02 
 2.597935e+00  2.894763e-02 
 2.598018e+00  2.904304e-02 
 2.598101e+00  2.913869e-02 
 2.598184e+00  2.923428e-02 
 2.598266e+00  2.932938e-02 
 2.598349e+00  2.942354e-02 
 2.598432e+00  2.951644e-02 
 2.598514e+00  2.960792e-02 
 2.598597e+00  2.969791e-02 
 2.598680e+00  2.978639e-02 
 2.598762e+00  2.987330e-02 
 2.598845e+00  2.995861e-02 
 2.598928e+00  3.004258e-02 
 2.599010e+00  3.012557e-02 
 2.599093e+00  3.020800e-02 
 2.599175e+00  3.029007e-02 
 2.599258e+00  3.037159e-02 
 2.599341e+00  3.045206e-02 
 2.599423e+00  3.053104e-02 
 2.599506e+00  3.060845e-02 
 2.599589e+00  3.068471e-02 
 2.599671e+00  3.076040e-02 
 2.599754e+00  3.083600e-02 
 2.599836e+00  3.091144e-02 
 2.599919e+00  3.098618e-02 
 2.600001e+00  3.105966e-02 
 2.600084e+00  3.113166e-02 
 2.600166e+00  3.120248e-02 
 2.600249e+00  3.127274e-02 
 2.600331e+00  3.134301e-02 
 2.600414e+00  3.141342e-02 
 2.600496e+00  3.148367e-02 
 2.600579e+00  3.155344e-02 
 2.600661e+00  3.162247e-02 
 2.600744e+00  3.169085e-02 
 2.600826e+00  3.175899e-02 
 2.600909e+00  3.182743e-02 
 2.600991e+00  3.189670e-02 
 2.601074e+00  3.196719e-02 
 2.601156e+00  3.203910e-02 
 2.601239e+00  3.211247e-02 
 2.601321e+00  3.218711e-02 
 2.601403e+00  3.226289e-02 
 2.601486e+00  3.233960e-02 
 2.601568e+00  3.241709e-02 
 2.601651e+00  3.249531e-02 
 2.601733e+00  3.257429e-02 
 2.601815e+00  3.265407e-02 
 2.601898e+00  3.273462e-02 
 2.601980e+00  3.281573e-02 
 2.602063e+00  3.289708e-02 
 2.602145e+00  3.297828e-02 
 2.602227e+00  3.305922e-02 
 2.602310e+00  3.313989e-02 
 2.602392e+00  3.322040e-02 
 2.602474e+00  3.330088e-02 
 2.602556e+00  3.338139e-02 
 2.602639e+00  3.346199e-02 
 2.602721e+00  3.354279e-02 
 2.602803e+00  3.362397e-02 
 2.602886e+00  3.370565e-02 
 2.602968e+00  3.378775e-02 
 2.603050e+00  3.387013e-02 
 2.603132e+00  3.395247e-02 
 2.603215e+00  3.403453e-02 
 2.603297e+00  3.411634e-02 
 2.603379e+00  3.419812e-02 
 2.603461e+00  3.428002e-02 
 2.603544e+00  3.436193e-02 
 2.603626e+00  3.444332e-02 
 2.603708e+00  3.452357e-02 
 2.603790e+00  3.460224e-02 
 2.603872e+00  3.467950e-02 
 2.603955e+00  3.475575e-02 
 2.604037e+00  3.483131e-02 
 2.604119e+00  3.490604e-02 
 2.604201e+00  3.497937e-02 
 2.604283e+00  3.505071e-02 
 2.604365e+00  3.511993e-02 
 2.604448e+00  3.518764e-02 
 2.604530e+00  3.525485e-02 
 2.604612e+00  3.532243e-02 
 2.604694e+00  3.539071e-02 
 2.604776e+00  3.545927e-02 
 2.604858e+00  3.552742e-02 
 2.604940e+00  3.559479e-02 
 2.605022e+00  3.566166e-02 
 2.605104e+00  3.572886e-02 
 2.605186e+00  3.579720e-02 
 2.605269e+00  3.586691e-02 
 2.605351e+00  3.593745e-02 
 2.605433e+00  3.600781e-02 
 2.605515e+00  3.607732e-02 
 2.605597e+00  3.614599e-02 
 2.605679e+00  3.621451e-02 
 2.605761e+00  3.628379e-02 
 2.605843e+00  3.635432e-02 
 2.605925e+00  3.642577e-02 
 2.606007e+00  3.649717e-02 
 2.606089e+00  3.656751e-02 
 2.606171e+00  3.663631e-02 
 2.606253e+00  3.670381e-02 
 2.606335e+00  3.677084e-02 
 2.606417e+00  3.683818e-02 
 2.606499e+00  3.690609e-02 
 2.606580e+00  3.697427e-02 
 2.606662e+00  3.704206e-02 
 2.606744e+00  3.710889e-02 
 2.606826e+00  3.717452e-02 
 2.606908e+00  3.723911e-02 
 2.606990e+00  3.730301e-02 
 2.607072e+00  3.736648e-02 
 2.607154e+00  3.742965e-02 
 2.607236e+00  3.749244e-02 
 2.607318e+00  3.755481e-02 
 2.607399e+00  3.761688e-02 
 2.607481e+00  3.767906e-02 
 2.607563e+00  3.774187e-02 
 2.607645e+00  3.780568e-02 
 2.607727e+00  3.787050e-02 
 2.607809e+00  3.793592e-02 
 2.607891e+00  3.800116e-02 
 2.607972e+00  3.806552e-02 
 2.608054e+00  3.812845e-02 
 2.608136e+00  3.818965e-02 
 2.608218e+00  3.824908e-02 
 2.608300e+00  3.830686e-02 
 2.608381e+00  3.836318e-02 
 2.608463e+00  3.841824e-02 
 2.608545e+00  3.847223e-02 
 2.608627e+00  3.852526e-02 
 2.608708e+00  3.857731e-02 
 2.608790e+00  3.862841e-02 
 2.608872e+00  3.867857e-02 
 2.608954e+00  3.872793e-02 
 2.609035e+00  3.877682e-02 
 2.609117e+00  3.882559e-02 
 2.609199e+00  3.887454e-02 
 2.609280e+00  3.892371e-02 
 2.609362e+00  3.897293e-02 
 2.609444e+00  3.902195e-02 
 2.609525e+00  3.907049e-02 
 2.609607e+00  3.911852e-02 
 2.609689e+00  3.916603e-02 
 2.609770e+00  3.921302e-02 
 2.609852e+00  3.925945e-02 
 2.609934e+00  3.930519e-02 
 2.610015e+00  3.935002e-02 
 2.610097e+00  3.939362e-02 
 2.610179e+00  3.943557e-02 
 2.610260e+00  3.947542e-02 
 2.610342e+00  3.951283e-02 
 2.610423e+00  3.954781e-02 
 2.610505e+00  3.958074e-02 
 2.610586e+00  3.961230e-02 
 2.610668e+00  3.964318e-02 
 2.610750e+00  3.967385e-02 
 2.610831e+00  3.970455e-02 
 2.610913e+00  3.973533e-02 
 2.610994e+00  3.976635e-02 
 2.611076e+00  3.979790e-02 
 2.611157e+00  3.983036e-02 
 2.611239e+00  3.986411e-02 
 2.611320e+00  3.989933e-02 
 2.611402e+00  3.993607e-02 
 2.611483e+00  3.997435e-02 
 2.611565e+00  4.001425e-02 
 2.611646e+00  4.005582e-02 
 2.611728e+00  4.009886e-02 
 2.611809e+00  4.014282e-02 
 2.611891e+00  4.018686e-02 
 2.611972e+00  4.023000e-02 
 2.612054e+00  4.027167e-02 
 2.612135e+00  4.031173e-02 
 2.612216e+00  4.035048e-02 
 2.612298e+00  4.038846e-02 
 2.612379e+00  4.042617e-02 
 2.612461e+00  4.046394e-02 
 2.612542e+00  4.050189e-02 
 2.612624e+00  4.054000e-02 
 2.612705e+00  4.057818e-02 
 2.612786e+00  4.061630e-02 
 2.612868e+00  4.065427e-02 
 2.612949e+00  4.069212e-02 
 2.613030e+00  4.073006e-02 
 2.613112e+00  4.076855e-02 
 2.613193e+00  4.080820e-02 
 2.613274e+00  4.084953e-02 
 2.613356e+00  4.089269e-02 
 2.613437e+00  4.093730e-02 
 2.613518e+00  4.098261e-02 
 2.613600e+00  4.102784e-02 
 2.613681e+00  4.107269e-02 
 2.613762e+00  4.111728e-02 
 2.613844e+00  4.116195e-02 
 2.613925e+00  4.120676e-02 
 2.614006e+00  4.125116e-02 
 2.614087e+00  4.129416e-02 
 2.614169e+00  4.133484e-02 
 2.614250e+00  4.137308e-02 
 2.614331e+00  4.140974e-02 
 2.614412e+00  4.144624e-02 
 2.614494e+00  4.148393e-02 
 2.614575e+00  4.152320e-02 
 2.614656e+00  4.156347e-02 
 2.614737e+00  4.160371e-02 
 2.614818e+00  4.164334e-02 
 2.614900e+00  4.168274e-02 
 2.614981e+00  4.172315e-02 
 2.615062e+00  4.176595e-02 
 2.615143e+00  4.181182e-02 
 2.615224e+00  4.186034e-02 
 2.615305e+00  4.191041e-02 
 2.615387e+00  4.196099e-02 
 2.615468e+00  4.201180e-02 
 2.615549e+00  4.206345e-02 
 2.615630e+00  4.211703e-02 
 2.615711e+00  4.217334e-02 
 2.615792e+00  4.223234e-02 
 2.615873e+00  4.229310e-02 
 2.615954e+00  4.235431e-02 
 2.616036e+00  4.241496e-02 
 2.616117e+00  4.247486e-02 
 2.616198e+00  4.253436e-02 
 2.616279e+00  4.259402e-02 
 2.616360e+00  4.265406e-02 
 2.616441e+00  4.271431e-02 
 2.616522e+00  4.277439e-02 
 2.616603e+00  4.283413e-02 
 2.616684e+00  4.289370e-02 
 2.616765e+00  4.295352e-02 
 2.616846e+00  4.301391e-02 
 2.616927e+00  4.307495e-02 
 2.617008e+00  4.313627e-02 
 2.617089e+00  4.319729e-02 
 2.617170e+00  4.325747e-02 
 2.617251e+00  4.331655e-02 
 2.617332e+00  4.337453e-02 
 2.617413e+00  4.343170e-02 
 2.617494e+00  4.348847e-02 
 2.617575e+00  4.354528e-02 
 2.617656e+00  4.360243e-02 
 2.617737e+00  4.366014e-02 
 2.617818e+00  4.371828e-02 
 2.617899e+00  4.377656e-02 
 2.617979e+00  4.383472e-02 
 2.618060e+00  4.380338e-02 
 2.618141e+00  4.386355e-02 
 2.618222e+00  4.392460e-02 
 2.618303e+00  4.398603e-02 
 2.618384e+00  4.404776e-02 
 2.618465e+00  4.411039e-02 
 2.618546e+00  4.417514e-02 
 2.618626e+00  4.424298e-02 
 2.618707e+00  4.431414e-02 
 2.618788e+00  4.438792e-02 
 2.618869e+00  4.446311e-02 
 2.618950e+00  4.453868e-02 
 2.619031e+00  4.461429e-02 
 2.619112e+00  4.469033e-02 
 2.619192e+00  4.476741e-02 
 2.619273e+00  4.484576e-02 
 2.619354e+00  4.492518e-02 
 2.619435e+00  4.500504e-02 
 2.619515e+00  4.508480e-02 
 2.619596e+00  4.516439e-02 
 2.619677e+00  4.524411e-02 
 2.619758e+00  4.532437e-02 
 2.619838e+00  4.550028e-02 
 2.619919e+00  4.557691e-02 
 2.620000e+00  4.565285e-02 
 2.620081e+00  4.572834e-02 
 2.620161e+00  4.580416e-02 
 2.620242e+00  4.588121e-02 
 2.620323e+00  4.596023e-02 
 2.620403e+00  4.595234e-02 
 2.620484e+00  4.603060e-02 
 2.620565e+00  4.611109e-02 
 2.620646e+00  4.619411e-02 
 2.620726e+00  4.627966e-02 
 2.620807e+00  4.636749e-02 
 2.620888e+00  4.645704e-02 
 2.620968e+00  4.663713e-02 
 2.621049e+00  4.672671e-02 
 2.621129e+00  4.681789e-02 
 2.621210e+00  4.690972e-02 
 2.621291e+00  4.700128e-02 
 2.621371e+00  4.709225e-02 
 2.621452e+00  4.718315e-02 
 2.621533e+00  4.727498e-02 
 2.621613e+00  4.736854e-02 
 2.621694e+00  4.746377e-02 
 2.621774e+00  4.755990e-02 
 2.621855e+00  4.765573e-02 
 2.621935e+00  4.775042e-02 
 2.622016e+00  4.784397e-02 
 2.622097e+00  4.784039e-02 
 2.622177e+00  4.793245e-02 
 2.622258e+00  4.802358e-02 
 2.622338e+00  4.811419e-02 
 2.622419e+00  4.820454e-02 
 2.622499e+00  4.829450e-02 
 2.622580e+00  4.838367e-02 
 2.622660e+00  4.847156e-02 
 2.622741e+00  4.855810e-02 
 2.622821e+00  4.864372e-02 
 2.622902e+00  4.872904e-02 
 2.622982e+00  4.881449e-02 
 2.623063e+00  4.889989e-02 
 2.623143e+00  4.898465e-02 
 2.623224e+00  4.906824e-02 
 2.623304e+00  4.915061e-02 
 2.623384e+00  4.923255e-02 
 2.623465e+00  4.931513e-02 
 2.623545e+00  4.939921e-02 
 2.623626e+00  4.948497e-02 
 2.623706e+00  4.957205e-02 
 2.623786e+00  4.965995e-02 
 2.623867e+00  4.974853e-02 
 2.623947e+00  4.983815e-02 
 2.624028e+00  4.992942e-02 
 2.624108e+00  5.002273e-02 
 2.624188e+00  5.011819e-02 
 2.624269e+00  5.021545e-02 
 2.624349e+00  5.031412e-02 
 2.624429e+00  5.041410e-02 
 2.624510e+00  5.051560e-02 
 2.624590e+00  5.061899e-02 
 2.624670e+00  5.072451e-02 
 2.624751e+00  5.083207e-02 
 2.624831e+00  5.094121e-02 
 2.624911e+00  5.105115e-02 
 2.624992e+00  5.116129e-02 
 2.625072e+00  5.127118e-02 
 2.625152e+00  5.138073e-02 
 2.625232e+00  5.149022e-02 
 2.625313e+00  5.160025e-02 
 2.625393e+00  5.171151e-02 
 2.625473e+00  5.182447e-02 
 2.625553e+00  5.193913e-02 
 2.625634e+00  5.205496e-02 
 2.625714e+00  5.217099e-02 
 2.625794e+00  5.228647e-02 
 2.625874e+00  5.240100e-02 
 2.625954e+00  5.259150e-02 
 2.626035e+00  5.270725e-02 
 2.626115e+00  5.282483e-02 
 2.626195e+00  5.294369e-02 
 2.626275e+00  5.298239e-02 
 2.626355e+00  5.310445e-02 
 2.626436e+00  5.322722e-02 
 2.626516e+00  5.334955e-02 
 2.626596e+00  5.347116e-02 
 2.626676e+00  5.359251e-02 
 2.626756e+00  5.371464e-02 
 2.626836e+00  5.383845e-02 
 2.626916e+00  5.396424e-02 
 2.626997e+00  5.409147e-02 
 2.627077e+00  5.421922e-02 
 2.627157e+00  5.434683e-02 
 2.627237e+00  5.447427e-02 
 2.627317e+00  5.460205e-02 
 2.627397e+00  5.473108e-02 
 2.627477e+00  5.486186e-02 
 2.627557e+00  5.499442e-02 
 2.627637e+00  5.512847e-02 
 2.627717e+00  5.526369e-02 
 2.627797e+00  5.539995e-02 
 2.627877e+00  5.553719e-02 
 2.627957e+00  5.567526e-02 
 2.628038e+00  5.581382e-02 
 2.628118e+00  5.595234e-02 
 2.628198e+00  5.609083e-02 
 2.628277e+00  5.622963e-02 
 2.628357e+00  5.636944e-02 
 2.628437e+00  5.651092e-02 
 2.628517e+00  5.672947e-02 
 2.628597e+00  5.687402e-02 
 2.628677e+00  5.701940e-02 
 2.628757e+00  5.716479e-02 
 2.628837e+00  5.730964e-02 
 2.628917e+00  5.738302e-02 
 2.628997e+00  5.752954e-02 
 2.629077e+00  5.767734e-02 
 2.629157e+00  5.782691e-02 
 2.629237e+00  5.797856e-02 
 2.629317e+00  5.819837e-02 
 2.629397e+00  5.835570e-02 
 2.629477e+00  5.851512e-02 
 2.629557e+00  5.867624e-02 
 2.629637e+00  5.883912e-02 
 2.629716e+00  5.900395e-02 
 2.629796e+00  5.917110e-02 
 2.629876e+00  5.934050e-02 
 2.629956e+00  5.951175e-02 
 2.630036e+00  5.961853e-02 
 2.630116e+00  5.978959e-02 
 2.630196e+00  6.003315e-02 
 2.630275e+00  6.020926e-02 
 2.630355e+00  6.030625e-02 
 2.630435e+00  6.048064e-02 
 2.630515e+00  6.065635e-02 
 2.630595e+00  6.083336e-02 
 2.630674e+00  6.101114e-02 
 2.630754e+00  6.118892e-02 
 2.630834e+00  6.136604e-02 
 2.630914e+00  6.154224e-02 
 2.630993e+00  6.171784e-02 
 2.631073e+00  6.189362e-02 
 2.631153e+00  6.207053e-02 
 2.631233e+00  6.224929e-02 
 2.631313e+00  6.242994e-02 
 2.631392e+00  6.261231e-02 
 2.631472e+00  6.279571e-02 
 2.631552e+00  6.297952e-02 
 2.631631e+00  6.316346e-02 
 2.631711e+00  6.334774e-02 
 2.631791e+00  6.353303e-02 
 2.631871e+00  6.372007e-02 
 2.631950e+00  6.398980e-02 
 2.632030e+00  6.417842e-02 
 2.632110e+00  6.436956e-02 
 2.632189e+00  6.456294e-02 
 2.632269e+00  6.475748e-02 
 2.632348e+00  6.495202e-02 
 2.632428e+00  6.514591e-02 
 2.632508e+00  6.533934e-02 
 2.632587e+00  6.553314e-02 
 2.632667e+00  6.572836e-02 
 2.632747e+00  6.592573e-02 
 2.632826e+00  6.612534e-02 
 2.632906e+00  6.632649e-02 
 2.632985e+00  6.652842e-02 
 2.633065e+00  6.673015e-02 
 2.633145e+00  6.693099e-02 
 2.633224e+00  6.713076e-02 
 2.633304e+00  6.732983e-02 
 2.633383e+00  6.752889e-02 
 2.633463e+00  6.772862e-02 
 2.633542e+00  6.792926e-02 
 2.633622e+00  6.813048e-02 
 2.633702e+00  6.833127e-02 
 2.633781e+00  6.853096e-02 
 2.633861e+00  6.872916e-02 
 2.633940e+00  6.892622e-02 
 2.634020e+00  6.912311e-02 
 2.634099e+00  6.932097e-02 
 2.634179e+00  6.952061e-02 
 2.634258e+00  6.972229e-02 
 2.634338e+00  6.992576e-02 
 2.634417e+00  7.013053e-02 
 2.634496e+00  7.033619e-02 
 2.634576e+00  7.054307e-02 
 2.634655e+00  7.075151e-02 
 2.634735e+00  7.096165e-02 
 2.634814e+00  7.117323e-02 
 2.634894e+00  7.138567e-02 
 2.634973e+00  7.159847e-02 
 2.635053e+00  7.181157e-02 
 2.635132e+00  7.202539e-02 
 2.635211e+00  7.224053e-02 
 2.635291e+00  7.245707e-02 
 2.635370e+00  7.267480e-02 
 2.635449e+00  7.289271e-02 
 2.635529e+00  7.310967e-02 
 2.635608e+00  7.332499e-02 
 2.635688e+00  7.353869e-02 
 2.635767e+00  7.375148e-02 
 2.635846e+00  7.396429e-02 
 2.635926e+00  7.417779e-02 
 2.636005e+00  7.439221e-02 
 2.636084e+00  7.460710e-02 
 2.636164e+00  7.482220e-02 
 2.636243e+00  7.503703e-02 
 2.636322e+00  7.525127e-02 
 2.636402e+00  7.546465e-02 
 2.636481e+00  7.567703e-02 
 2.636560e+00  7.588835e-02 
 2.636639e+00  7.609867e-02 
 2.636719e+00  7.630823e-02 
 2.636798e+00  7.651734e-02 
 2.636877e+00  7.672608e-02 
 2.636956e+00  7.693475e-02 
 2.637036e+00  7.714330e-02 
 2.637115e+00  7.735165e-02 
 2.637194e+00  7.755980e-02 
 2.637273e+00  7.776788e-02 
 2.637353e+00  7.797614e-02 
 2.637432e+00  7.818484e-02 
 2.637511e+00  7.839426e-02 
 2.637590e+00  7.860462e-02 
 2.637669e+00  7.881600e-02 
 2.637749e+00  7.902880e-02 
 2.637828e+00  7.924316e-02 
 2.637907e+00  7.945908e-02 
 2.637986e+00  7.967641e-02 
 2.638065e+00  7.989496e-02 
 2.638144e+00  8.011476e-02 
 2.638224e+00  8.033616e-02 
 2.638303e+00  8.055975e-02 
 2.638382e+00  8.078611e-02 
 2.638461e+00  8.101516e-02 
 2.638540e+00  8.124656e-02 
 2.638619e+00  8.147920e-02 
 2.638698e+00  8.171179e-02 
 2.638777e+00  8.194344e-02 
 2.638856e+00  8.217399e-02 
 2.638936e+00  8.240403e-02 
 2.639015e+00  8.263449e-02 
 2.639094e+00  8.286607e-02 
 2.639173e+00  8.309886e-02 
 2.639252e+00  8.333216e-02 
 2.639331e+00  8.356538e-02 
 2.639410e+00  8.379801e-02 
 2.639489e+00  8.403018e-02 
 2.639568e+00  8.426263e-02 
 2.639647e+00  8.449637e-02 
 2.639726e+00  8.473211e-02 
 2.639805e+00  8.496984e-02 
 2.639884e+00  8.520881e-02 
 2.639963e+00  8.544792e-02 
 2.640042e+00  8.568610e-02 
 2.640121e+00  8.592333e-02 
 2.640200e+00  8.616021e-02 
 2.640279e+00  8.639779e-02 
 2.640358e+00  8.663701e-02 
 2.640437e+00  8.687826e-02 
 2.640516e+00  8.712110e-02 
 2.640595e+00  8.736454e-02 
 2.640674e+00  8.760758e-02 
 2.640753e+00  8.784966e-02 
 2.640832e+00  8.809077e-02 
 2.640910e+00  8.833201e-02 
 2.640989e+00  8.857453e-02 
 2.641068e+00  8.881927e-02 
 2.641147e+00  8.906641e-02 
 2.641226e+00  8.931527e-02 
 2.641305e+00  8.956449e-02 
 2.641384e+00  8.981254e-02 
 2.641463e+00  9.005836e-02 
 2.641542e+00  9.030176e-02 
 2.641620e+00  9.054324e-02 
 2.641699e+00  9.078434e-02 
 2.641778e+00  9.102635e-02 
 2.641857e+00  9.127004e-02 
 2.641936e+00  9.151537e-02 
 2.642015e+00  9.176164e-02 
 2.642093e+00  9.200791e-02 
 2.642172e+00  9.225354e-02 
 2.642251e+00  9.249852e-02 
 2.642330e+00  9.274341e-02 
 2.642409e+00  9.298886e-02 
 2.642487e+00  9.323579e-02 
 2.642566e+00  9.348449e-02 
 2.642645e+00  9.373485e-02 
 2.642724e+00  9.398662e-02 
 2.642802e+00  9.423969e-02 
 2.642881e+00  9.449424e-02 
 2.642960e+00  9.475053e-02 
 2.643039e+00  9.500860e-02 
 2.643117e+00  9.526797e-02 
 2.643196e+00  9.552745e-02 
 2.643275e+00  9.578619e-02 
 2.643353e+00  9.604345e-02 
 2.643432e+00  9.629916e-02 
 2.643511e+00  9.655382e-02 
 2.643590e+00  9.680816e-02 
 2.643668e+00  9.706266e-02 
 2.643747e+00  9.731724e-02 
 2.643826e+00  9.757137e-02 
 2.643904e+00  9.782444e-02 
 2.643983e+00  9.807600e-02 
 2.644062e+00  9.832662e-02 
 2.644140e+00  9.857722e-02 
 2.644219e+00  9.882887e-02 
 2.644297e+00  9.908237e-02 
 2.644376e+00  9.933786e-02 
 2.644455e+00  9.959475e-02 
 2.644533e+00  9.985195e-02 
 2.644612e+00  1.001083e-01 
 2.644691e+00  1.003631e-01 
 2.644769e+00  1.006162e-01 
 2.644848e+00  1.008687e-01 
 2.644926e+00  1.011217e-01 
 2.645005e+00  1.013763e-01 
 2.645083e+00  1.016329e-01 
 2.645162e+00  1.018910e-01 
 2.645240e+00  1.021494e-01 
 2.645319e+00  1.024069e-01 
 2.645398e+00  1.026628e-01 
 2.645476e+00  1.029173e-01 
 2.645555e+00  1.031715e-01 
 2.645633e+00  1.034269e-01 
 2.645712e+00  1.036843e-01 
 2.645790e+00  1.039437e-01 
 2.645869e+00  1.042042e-01 
 2.645947e+00  1.044647e-01 
 2.646026e+00  1.047243e-01 
 2.646104e+00  1.049828e-01 
 2.646183e+00  1.052409e-01 
 2.646261e+00  1.054992e-01 
 2.646339e+00  1.057583e-01 
 2.646418e+00  1.060184e-01 
 2.646496e+00  1.062788e-01 
 2.646575e+00  1.065388e-01 
 2.646653e+00  1.067973e-01 
 2.646732e+00  1.070538e-01 
 2.646810e+00  1.073081e-01 
 2.646888e+00  1.075607e-01 
 2.646967e+00  1.078124e-01 
 2.647045e+00  1.080636e-01 
 2.647124e+00  1.083146e-01 
 2.647202e+00  1.085658e-01 
 2.647280e+00  1.088169e-01 
 2.647359e+00  1.090675e-01 
 2.647437e+00  1.093174e-01 
 2.647515e+00  1.095669e-01 
 2.647594e+00  1.098167e-01 
 2.647672e+00  1.100673e-01 
 2.647750e+00  1.103191e-01 
 2.647829e+00  1.105717e-01 
 2.647907e+00  1.108241e-01 
 2.647985e+00  1.110755e-01 
 2.648064e+00  1.113258e-01 
 2.648142e+00  1.115753e-01 
 2.648220e+00  1.118253e-01 
 2.648299e+00  1.120771e-01 
 2.648377e+00  1.123314e-01 
 2.648455e+00  1.125876e-01 
 2.648533e+00  1.128446e-01 
 2.648612e+00  1.131008e-01 
 2.648690e+00  1.133550e-01 
 2.648768e+00  1.136075e-01 
 2.648846e+00  1.138590e-01 
 2.648925e+00  1.141103e-01 
 2.649003e+00  1.143619e-01 
 2.649081e+00  1.146134e-01 
 2.649159e+00  1.148641e-01 
 2.649238e+00  1.151129e-01 
 2.649316e+00  1.153595e-01 
 2.649394e+00  1.156043e-01 
 2.649472e+00  1.158477e-01 
 2.649550e+00  1.160910e-01 
 2.649629e+00  1.163343e-01 
 2.649707e+00  1.165777e-01 
 2.649785e+00  1.168207e-01 
 2.649863e+00  1.170628e-01 
 2.649941e+00  1.173036e-01 
 2.650019e+00  1.175431e-01 
 2.650097e+00  1.177816e-01 
 2.650176e+00  1.180195e-01 
 2.650254e+00  1.182572e-01 
 2.650332e+00  1.184954e-01 
 2.650410e+00  1.187346e-01 
 2.650488e+00  1.189752e-01 
 2.650566e+00  1.192174e-01 
 2.650644e+00  1.194609e-01 
 2.650722e+00  1.197054e-01 
 2.650800e+00  1.199504e-01 
 2.650879e+00  1.201960e-01 
 2.650957e+00  1.204424e-01 
 2.651035e+00  1.206900e-01 
 2.651113e+00  1.209394e-01 
 2.651191e+00  1.211905e-01 
 2.651269e+00  1.214423e-01 
 2.651347e+00  1.216936e-01 
 2.651425e+00  1.219434e-01 
 2.651503e+00  1.221913e-01 
 2.651581e+00  1.224377e-01 
 2.651659e+00  1.226835e-01 
 2.651737e+00  1.229294e-01 
 2.651815e+00  1.231756e-01 
 2.651893e+00  1.234217e-01 
 2.651971e+00  1.236668e-01 
 2.652049e+00  1.239102e-01 
 2.652127e+00  1.241515e-01 
 2.652205e+00  1.243911e-01 
 2.652283e+00  1.246293e-01 
 2.652361e+00  1.248665e-01 
 2.652439e+00  1.251026e-01 
 2.652517e+00  1.253375e-01 
 2.652594e+00  1.255706e-01 
 2.652672e+00  1.258019e-01 
 2.652750e+00  1.260317e-01 
 2.652828e+00  1.262598e-01 
 2.652906e+00  1.264863e-01 
 2.652984e+00  1.267112e-01 
 2.653062e+00  1.269345e-01 
 2.653140e+00  1.271565e-01 
 2.653218e+00  1.273778e-01 
 2.653296e+00  1.275991e-01 
 2.653373e+00  1.278209e-01 
 2.653451e+00  1.280435e-01 
 2.653529e+00  1.282667e-01 
 2.653607e+00  1.284902e-01 
 2.653685e+00  1.287137e-01 
 2.653763e+00  1.289372e-01 
 2.653840e+00  1.291609e-01 
 2.653918e+00  1.293850e-01 
 2.653996e+00  1.296095e-01 
 2.654074e+00  1.298342e-01 
 2.654152e+00  1.300583e-01 
 2.654229e+00  1.302819e-01 
 2.654307e+00  1.305047e-01 
 2.654385e+00  1.307270e-01 
 2.654463e+00  1.309487e-01 
 2.654541e+00  1.311700e-01 
 2.654618e+00  1.313904e-01 
 2.654696e+00  1.316097e-01 
 2.654774e+00  1.318275e-01 
 2.654852e+00  1.320438e-01 
 2.654929e+00  1.322584e-01 
 2.655007e+00  1.324716e-01 
 2.655085e+00  1.326837e-01 
 2.655162e+00  1.328945e-01 
 2.655240e+00  1.331039e-01 
 2.655318e+00  1.333116e-01 
 2.655396e+00  1.335173e-01 
 2.655473e+00  1.337207e-01 
 2.655551e+00  1.339213e-01 
 2.655629e+00  1.341193e-01 
 2.655706e+00  1.343148e-01 
 2.655784e+00  1.345091e-01 
 2.655862e+00  1.347030e-01 
 2.655939e+00  1.348972e-01 
 2.656017e+00  1.350918e-01 
 2.656095e+00  1.352863e-01 
 2.656172e+00  1.354797e-01 
 2.656250e+00  1.356714e-01 
 2.656327e+00  1.358613e-01 
 2.656405e+00  1.360498e-01 
 2.656483e+00  1.362375e-01 
 2.656560e+00  1.364250e-01 
 2.656638e+00  1.366121e-01 
 2.656715e+00  1.367979e-01 
 2.656793e+00  1.369815e-01 
 2.656871e+00  1.371623e-01 
 2.656948e+00  1.373403e-01 
 2.657026e+00  1.375163e-01 
 2.657103e+00  1.376908e-01 
 2.657181e+00  1.378641e-01 
 2.657258e+00  1.380358e-01 
 2.657336e+00  1.382053e-01 
 2.657413e+00  1.383721e-01 
 2.657491e+00  1.385363e-01 
 2.657568e+00  1.386986e-01 
 2.657646e+00  1.388598e-01 
 2.657723e+00  1.390208e-01 
 2.657801e+00  1.391818e-01 
 2.657879e+00  1.393429e-01 
 2.657956e+00  1.395037e-01 
 2.658033e+00  1.396642e-01 
 2.658111e+00  1.398246e-01 
 2.658188e+00  1.399853e-01 
 2.658266e+00  1.401463e-01 
 2.658343e+00  1.403075e-01 
 2.658421e+00  1.404683e-01 
 2.658498e+00  1.406287e-01 
 2.658576e+00  1.407885e-01 
 2.658653e+00  1.409479e-01 
 2.658731e+00  1.411071e-01 
 2.658808e+00  1.412657e-01 
 2.658885e+00  1.414231e-01 
 2.658963e+00  1.415782e-01 
 2.659040e+00  1.417304e-01 
 2.659117e+00  1.418795e-01 
 2.659195e+00  1.420263e-01 
 2.659272e+00  1.421718e-01 
 2.659350e+00  1.423167e-01 
 2.659427e+00  1.424614e-01 
 2.659504e+00  1.426052e-01 
 2.659582e+00  1.427474e-01 
 2.659659e+00  1.428876e-01 
 2.659736e+00  1.430261e-01 
 2.659814e+00  1.431636e-01 
 2.659891e+00  1.433008e-01 
 2.659968e+00  1.434382e-01 
 2.660046e+00  1.435756e-01 
 2.660123e+00  1.437124e-01 
 2.660200e+00  1.438480e-01 
 2.660278e+00  1.439822e-01 
 2.660355e+00  1.441153e-01 
 2.660432e+00  1.442480e-01 
 2.660509e+00  1.443809e-01 
 2.660587e+00  1.445141e-01 
 2.660664e+00  1.446475e-01 
 2.660741e+00  1.447805e-01 
 2.660818e+00  1.449128e-01 
 2.660896e+00  1.450442e-01 
 2.660973e+00  1.451751e-01 
 2.661050e+00  1.453058e-01 
 2.661127e+00  1.454366e-01 
 2.661205e+00  1.455676e-01 
 2.661282e+00  1.456985e-01 
 2.661359e+00  1.458289e-01 
 2.661436e+00  1.459579e-01 
 2.661513e+00  1.460853e-01 
 2.661591e+00  1.462105e-01 
 2.661668e+00  1.463339e-01 
 2.661745e+00  1.464556e-01 
 2.661822e+00  1.465761e-01 
 2.661899e+00  1.466958e-01 
 2.661976e+00  1.468151e-01 
 2.662054e+00  1.469337e-01 
 2.662131e+00  1.470512e-01 
 2.662208e+00  1.471672e-01 
 2.662285e+00  1.472810e-01 
 2.662362e+00  1.473925e-01 
 2.662439e+00  1.475020e-01 
 2.662516e+00  1.476097e-01 
 2.662593e+00  1.477159e-01 
 2.662671e+00  1.478200e-01 
 2.662748e+00  1.479217e-01 
 2.662825e+00  1.480204e-01 
 2.662902e+00  1.481160e-01 
 2.662979e+00  1.482092e-01 
 2.663056e+00  1.483009e-01 
 2.663133e+00  1.483922e-01 
 2.663210e+00  1.484835e-01 
 2.663287e+00  1.485743e-01 
 2.663364e+00  1.486638e-01 
 2.663441e+00  1.487515e-01 
 2.663518e+00  1.488375e-01 
 2.663595e+00  1.489227e-01 
 2.663672e+00  1.490083e-01 
 2.663749e+00  1.490953e-01 
 2.663826e+00  1.491838e-01 
 2.663903e+00  1.492732e-01 
 2.663980e+00  1.493626e-01 
 2.664057e+00  1.494513e-01 
 2.664134e+00  1.495393e-01 
 2.664211e+00  1.496271e-01 
 2.664288e+00  1.497154e-01 
 2.664365e+00  1.498043e-01 
 2.664442e+00  1.498935e-01 
 2.664519e+00  1.499820e-01 
 2.664596e+00  1.500685e-01 
 2.664673e+00  1.501527e-01 
 2.664750e+00  1.502345e-01 
 2.664827e+00  1.503147e-01 
 2.664904e+00  1.503941e-01 
 2.664981e+00  1.504734e-01 
 2.665057e+00  1.505525e-01 
 2.665134e+00  1.506309e-01 
 2.665211e+00  1.507080e-01 
 2.665288e+00  1.507830e-01 
 2.665365e+00  1.508556e-01 
 2.665442e+00  1.509259e-01 
 2.665519e+00  1.509943e-01 
 2.665596e+00  1.510612e-01 
 2.665672e+00  1.511271e-01 
 2.665749e+00  1.511921e-01 
 2.665826e+00  1.512561e-01 
 2.665903e+00  1.513185e-01 
 2.665980e+00  1.513785e-01 
 2.666057e+00  1.514355e-01 
 2.666133e+00  1.514892e-01 
 2.666210e+00  1.515394e-01 
 2.666287e+00  1.515865e-01 
 2.666364e+00  1.516308e-01 
 2.666441e+00  1.516725e-01 
 2.666517e+00  1.517116e-01 
 2.666594e+00  1.517478e-01 
 2.666671e+00  1.517811e-01 
 2.666748e+00  1.518117e-01 
 2.666824e+00  1.518400e-01 
 2.666901e+00  1.518666e-01 
 2.666978e+00  1.518920e-01 
 2.667055e+00  1.519165e-01 
 2.667131e+00  1.519401e-01 
 2.667208e+00  1.519628e-01 
 2.667285e+00  1.519847e-01 
 2.667362e+00  1.520057e-01 
 2.667438e+00  1.520261e-01 
 2.667515e+00  1.520460e-01 
 2.667592e+00  1.520652e-01 
 2.667668e+00  1.520836e-01 
 2.667745e+00  1.521009e-01 
 2.667822e+00  1.521171e-01 
 2.667898e+00  1.521320e-01 
 2.667975e+00  1.521455e-01 
 2.668052e+00  1.521575e-01 
 2.668128e+00  1.521677e-01 
 2.668205e+00  1.521759e-01 
 2.668282e+00  1.521821e-01 
 2.668358e+00  1.521864e-01 
 2.668435e+00  1.521890e-01 
 2.668512e+00  1.521904e-01 
 2.668588e+00  1.521909e-01 
 2.668665e+00  1.521906e-01 
 2.668741e+00  1.521895e-01 
 2.668818e+00  1.521876e-01 
 2.668895e+00  1.521847e-01 
 2.668971e+00  1.521808e-01 
 2.669048e+00  1.521759e-01 
 2.669124e+00  1.521702e-01 
 2.669201e+00  1.521636e-01 
 2.669277e+00  1.521565e-01 
 2.669354e+00  1.521489e-01 
 2.669431e+00  1.521413e-01 
 2.669507e+00  1.521337e-01 
 2.669584e+00  1.521261e-01 
 2.669660e+00  1.521179e-01 
 2.669737e+00  1.521084e-01 
 2.669813e+00  1.520968e-01 
 2.669890e+00  1.520825e-01 
 2.669966e+00  1.520655e-01 
 2.670043e+00  1.520464e-01 
 2.670119e+00  1.520261e-01 
 2.670196e+00  1.520050e-01 
 2.670272e+00  1.519834e-01 
 2.670349e+00  1.519608e-01 
 2.670425e+00  1.519366e-01 
 2.670502e+00  1.519103e-01 
 2.670578e+00  1.518816e-01 
 2.670654e+00  1.518510e-01 
 2.670731e+00  1.518190e-01 
 2.670807e+00  1.517861e-01 
 2.670884e+00  1.517524e-01 
 2.670960e+00  1.517178e-01 
 2.671037e+00  1.516820e-01 
 2.671113e+00  1.516448e-01 
 2.671189e+00  1.516062e-01 
 2.671266e+00  1.515665e-01 
 2.671342e+00  1.515257e-01 
 2.671419e+00  1.514839e-01 
 2.671495e+00  1.514410e-01 
 2.671571e+00  1.513965e-01 
 2.671648e+00  1.513504e-01 
 2.671724e+00  1.513027e-01 
 2.671801e+00  1.512541e-01 
 2.671877e+00  1.512050e-01 
 2.671953e+00  1.511559e-01 
 2.672030e+00  1.511071e-01 
 2.672106e+00  1.510585e-01 
 2.672182e+00  1.510100e-01 
 2.672258e+00  1.509615e-01 
 2.672335e+00  1.509132e-01 
 2.672411e+00  1.508653e-01 
 2.672487e+00  1.508184e-01 
 2.672564e+00  1.507725e-01 
 2.672640e+00  1.507275e-01 
 2.672716e+00  1.506829e-01 
 2.672793e+00  1.506381e-01 
 2.672869e+00  1.505926e-01 
 2.672945e+00  1.505458e-01 
 2.673021e+00  1.504977e-01 
 2.673098e+00  1.504482e-01 
 2.673174e+00  1.503973e-01 
 2.673250e+00  1.503449e-01 
 2.673326e+00  1.502910e-01 
 2.673403e+00  1.502354e-01 
 2.673479e+00  1.501778e-01 
 2.673555e+00  1.501181e-01 
 2.673631e+00  1.500564e-01 
 2.673707e+00  1.499931e-01 
 2.673784e+00  1.499288e-01 
 2.673860e+00  1.498642e-01 
 2.673936e+00  1.497997e-01 
 2.674012e+00  1.497354e-01 
 2.674088e+00  1.496711e-01 
 2.674165e+00  1.496065e-01 
 2.674241e+00  1.495414e-01 
 2.674317e+00  1.494757e-01 
 2.674393e+00  1.494099e-01 
 2.674469e+00  1.493444e-01 
 2.674545e+00  1.492795e-01 
 2.674621e+00  1.492148e-01 
 2.674698e+00  1.491499e-01 
 2.674774e+00  1.490841e-01 
 2.674850e+00  1.490169e-01 
 2.674926e+00  1.489484e-01 
 2.675002e+00  1.488790e-01 
 2.675078e+00  1.488091e-01 
 2.675154e+00  1.487390e-01 
 2.675230e+00  1.486684e-01 
 2.675306e+00  1.485966e-01 
 2.675382e+00  1.485230e-01 
 2.675458e+00  1.484469e-01 
 2.675535e+00  1.483684e-01 
 2.675611e+00  1.482878e-01 
 2.675687e+00  1.482057e-01 
 2.675763e+00  1.481222e-01 
 2.675839e+00  1.480374e-01 
 2.675915e+00  1.479511e-01 
 2.675991e+00  1.478630e-01 
 2.676067e+00  1.477731e-01 
 2.676143e+00  1.476820e-01 
 2.676219e+00  1.475903e-01 
 2.676295e+00  1.474985e-01 
 2.676371e+00  1.474071e-01 
 2.676447e+00  1.473162e-01 
 2.676523e+00  1.472256e-01 
 2.676599e+00  1.471353e-01 
 2.676675e+00  1.470454e-01 
 2.676751e+00  1.469560e-01 
 2.676827e+00  1.468673e-01 
 2.676902e+00  1.467796e-01 
 2.676978e+00  1.466927e-01 
 2.677054e+00  1.466065e-01 
 2.677130e+00  1.465206e-01 
 2.677206e+00  1.464347e-01 
 2.677282e+00  1.463484e-01 
 2.677358e+00  1.462614e-01 
 2.677434e+00  1.461736e-01 
 2.677510e+00  1.460852e-01 
 2.677586e+00  1.459961e-01 
 2.677662e+00  1.459066e-01 
 2.677738e+00  1.458167e-01 
 2.677813e+00  1.457263e-01 
 2.677889e+00  1.456351e-01 
 2.677965e+00  1.455432e-01 
 2.678041e+00  1.454501e-01 
 2.678117e+00  1.453561e-01 
 2.678193e+00  1.452613e-01 
 2.678269e+00  1.451657e-01 
 2.678344e+00  1.450693e-01 
 2.678420e+00  1.449720e-01 
 2.678496e+00  1.448733e-01 
 2.678572e+00  1.447732e-01 
 2.678648e+00  1.446717e-01 
 2.678723e+00  1.445691e-01 
 2.678799e+00  1.444657e-01 
 2.678875e+00  1.443618e-01 
 2.678951e+00  1.442574e-01 
 2.679027e+00  1.441524e-01 
 2.679102e+00  1.440468e-01 
 2.679178e+00  1.439406e-01 
 2.679254e+00  1.438342e-01 
 2.679330e+00  1.437278e-01 
 2.679405e+00  1.436219e-01 
 2.679481e+00  1.435168e-01 
 2.679557e+00  1.434121e-01 
 2.679633e+00  1.433075e-01 
 2.679708e+00  1.432027e-01 
 2.679784e+00  1.430975e-01 
 2.679860e+00  1.429921e-01 
 2.679935e+00  1.428867e-01 
 2.680011e+00  1.427816e-01 
 2.680087e+00  1.426768e-01 
 2.680163e+00  1.425725e-01 
 2.680238e+00  1.424685e-01 
 2.680314e+00  1.423646e-01 
 2.680390e+00  1.422608e-01 
 2.680465e+00  1.421569e-01 
 2.680541e+00  1.420530e-01 
 2.680617e+00  1.419489e-01 
 2.680692e+00  1.418446e-01 
 2.680768e+00  1.417400e-01 
 2.680844e+00  1.416351e-01 
 2.680919e+00  1.415302e-01 
 2.680995e+00  1.414257e-01 
 2.681070e+00  1.413218e-01 
 2.681146e+00  1.412186e-01 
 2.681222e+00  1.411160e-01 
 2.681297e+00  1.410140e-01 
 2.681373e+00  1.409124e-01 
 2.681448e+00  1.408114e-01 
 2.681524e+00  1.407112e-01 
 2.681600e+00  1.406118e-01 
 2.681675e+00  1.405132e-01 
 2.681751e+00  1.404150e-01 
 2.681826e+00  1.403167e-01 
 2.681902e+00  1.402179e-01 
 2.681977e+00  1.401183e-01 
 2.682053e+00  1.400180e-01 
 2.682128e+00  1.399169e-01 
 2.682204e+00  1.398152e-01 
 2.682279e+00  1.397124e-01 
 2.682355e+00  1.396081e-01 
 2.682431e+00  1.395024e-01 
 2.682506e+00  1.393953e-01 
 2.682581e+00  1.392872e-01 
 2.682657e+00  1.391788e-01 
 2.682732e+00  1.390703e-01 
 2.682808e+00  1.389614e-01 
 2.682883e+00  1.388516e-01 
 2.682959e+00  1.387402e-01 
 2.683034e+00  1.386272e-01 
 2.683110e+00  1.385132e-01 
 2.683185e+00  1.383993e-01 
 2.683261e+00  1.382868e-01 
 2.683336e+00  1.381761e-01 
 2.683412e+00  1.380668e-01 
 2.683487e+00  1.379582e-01 
 2.683562e+00  1.378491e-01 
 2.683638e+00  1.377389e-01 
 2.683713e+00  1.376277e-01 
 2.683789e+00  1.375160e-01 
 2.683864e+00  1.374047e-01 
 2.683939e+00  1.372943e-01 
 2.684015e+00  1.371850e-01 
 2.684090e+00  1.370764e-01 
 2.684166e+00  1.369680e-01 
 2.684241e+00  1.368596e-01 
 2.684316e+00  1.367514e-01 
 2.684392e+00  1.366437e-01 
 2.684467e+00  1.365369e-01 
 2.684542e+00  1.364310e-01 
 2.684618e+00  1.363259e-01 
 2.684693e+00  1.362212e-01 
 2.684768e+00  1.361171e-01 
 2.684844e+00  1.360136e-01 
 2.684919e+00  1.359109e-01 
 2.684994e+00  1.358095e-01 
 2.685070e+00  1.357090e-01 
 2.685145e+00  1.356090e-01 
 2.685220e+00  1.355086e-01 
 2.685295e+00  1.354070e-01 
 2.685371e+00  1.353038e-01 
 2.685446e+00  1.351993e-01 
 2.685521e+00  1.350941e-01 
 2.685597e+00  1.349890e-01 
 2.685672e+00  1.348845e-01 
 2.685747e+00  1.347811e-01 
 2.685822e+00  1.346785e-01 
 2.685898e+00  1.345766e-01 
 2.685973e+00  1.344748e-01 
 2.686048e+00  1.343731e-01 
 2.686123e+00  1.342716e-01 
 2.686198e+00  1.341705e-01 
 2.686274e+00  1.340703e-01 
 2.686349e+00  1.339716e-01 
 2.686424e+00  1.338744e-01 
 2.686499e+00  1.337789e-01 
 2.686574e+00  1.336848e-01 
 2.686650e+00  1.335917e-01 
 2.686725e+00  1.334994e-01 
 2.686800e+00  1.334076e-01 
 2.686875e+00  1.333165e-01 
 2.686950e+00  1.332267e-01 
 2.687025e+00  1.331385e-01 
 2.687101e+00  1.330521e-01 
 2.687176e+00  1.329675e-01 
 2.687251e+00  1.328843e-01 
 2.687326e+00  1.328018e-01 
 2.687401e+00  1.327199e-01 
 2.687476e+00  1.326383e-01 
 2.687551e+00  1.325574e-01 
 2.687626e+00  1.324771e-01 
 2.687702e+00  1.323972e-01 
 2.687777e+00  1.323173e-01 
 2.687852e+00  1.322367e-01 
 2.687927e+00  1.321549e-01 
 2.688002e+00  1.320716e-01 
 2.688077e+00  1.319873e-01 
 2.688152e+00  1.319025e-01 
 2.688227e+00  1.318176e-01 
 2.688302e+00  1.317328e-01 
 2.688377e+00  1.316478e-01 
 2.688452e+00  1.315620e-01 
 2.688527e+00  1.314748e-01 
 2.688602e+00  1.313861e-01 
 2.688677e+00  1.312958e-01 
 2.688752e+00  1.312046e-01 
 2.688827e+00  1.311129e-01 
 2.688902e+00  1.310211e-01 
 2.688977e+00  1.309295e-01 
 2.689052e+00  1.308380e-01 
 2.689127e+00  1.307465e-01 
 2.689202e+00  1.306547e-01 
 2.689277e+00  1.305627e-01 
 2.689352e+00  1.304705e-01 
 2.689427e+00  1.303784e-01 
 2.689502e+00  1.302866e-01 
 2.689577e+00  1.301957e-01 
 2.689652e+00  1.301059e-01 
 2.689727e+00  1.300174e-01 
 2.689802e+00  1.299302e-01 
 2.689877e+00  1.298442e-01 
 2.689952e+00  1.297588e-01 
 2.690027e+00  1.296741e-01 
 2.690101e+00  1.295901e-01 
 2.690176e+00  1.295070e-01 
 2.690251e+00  1.294255e-01 
 2.690326e+00  1.293461e-01 
 2.690401e+00  1.292693e-01 
 2.690476e+00  1.291952e-01 
 2.690551e+00  1.291233e-01 
 2.690626e+00  1.290531e-01 
 2.690701e+00  1.289840e-01 
 2.690775e+00  1.289154e-01 
 2.690850e+00  1.288470e-01 
 2.690925e+00  1.287789e-01 
 2.691000e+00  1.287111e-01 
 2.691075e+00  1.286439e-01 
 2.691150e+00  1.285773e-01 
 2.691224e+00  1.285113e-01 
 2.691299e+00  1.284457e-01 
 2.691374e+00  1.283799e-01 
 2.691449e+00  1.283135e-01 
 2.691524e+00  1.282463e-01 
 2.691598e+00  1.281776e-01 
 2.691673e+00  1.281073e-01 
 2.691748e+00  1.280355e-01 
 2.691823e+00  1.279626e-01 
 2.691898e+00  1.278892e-01 
 2.691972e+00  1.278158e-01 
 2.692047e+00  1.277431e-01 
 2.692122e+00  1.276710e-01 
 2.692197e+00  1.275992e-01 
 2.692271e+00  1.275272e-01 
 2.692346e+00  1.274544e-01 
 2.692421e+00  1.273804e-01 
 2.692495e+00  1.273054e-01 
 2.692570e+00  1.272295e-01 
 2.692645e+00  1.271532e-01 
 2.692720e+00  1.270768e-01 
 2.692794e+00  1.270003e-01 
 2.692869e+00  1.269237e-01 
 2.692944e+00  1.268469e-01 
 2.693018e+00  1.267701e-01 
 2.693093e+00  1.266934e-01 
 2.693168e+00  1.266171e-01 
 2.693242e+00  1.265413e-01 
 2.693317e+00  1.264661e-01 
 2.693392e+00  1.263914e-01 
 2.693466e+00  1.263170e-01 
 2.693541e+00  1.262430e-01 
 2.693616e+00  1.261695e-01 
 2.693690e+00  1.260965e-01 
 2.693765e+00  1.260245e-01 
 2.693840e+00  1.259536e-01 
 2.693914e+00  1.258842e-01 
 2.693989e+00  1.258165e-01 
 2.694063e+00  1.257505e-01 
 2.694138e+00  1.256861e-01 
 2.694213e+00  1.256229e-01 
 2.694287e+00  1.255604e-01 
 2.694362e+00  1.254982e-01 
 2.694436e+00  1.254363e-01 
 2.694511e+00  1.253749e-01 
 2.694585e+00  1.253143e-01 
 2.694660e+00  1.252546e-01 
 2.694735e+00  1.251959e-01 
 2.694809e+00  1.251379e-01 
 2.694884e+00  1.250803e-01 
 2.694958e+00  1.250227e-01 
 2.695033e+00  1.249653e-01 
 2.695107e+00  1.249083e-01 
 2.695182e+00  1.248521e-01 
 2.695256e+00  1.247970e-01 
 2.695331e+00  1.247431e-01 
 2.695405e+00  1.246898e-01 
 2.695480e+00  1.246366e-01 
 2.695554e+00  1.245832e-01 
 2.695629e+00  1.245292e-01 
 2.695703e+00  1.244748e-01 
 2.695778e+00  1.244202e-01 
 2.695852e+00  1.243655e-01 
 2.695927e+00  1.243109e-01 
 2.696001e+00  1.242562e-01 
 2.696075e+00  1.242014e-01 
 2.696150e+00  1.241463e-01 
 2.696224e+00  1.240910e-01 
 2.696299e+00  1.240356e-01 
 2.696373e+00  1.239802e-01 
 2.696448e+00  1.239251e-01 
 2.696522e+00  1.238700e-01 
 2.696596e+00  1.238151e-01 
 2.696671e+00  1.237606e-01 
 2.696745e+00  1.237066e-01 
 2.696820e+00  1.236533e-01 
 2.696894e+00  1.236010e-01 
 2.696968e+00  1.235493e-01 
 2.697043e+00  1.234980e-01 
 2.697117e+00  1.234464e-01 
 2.697191e+00  1.233942e-01 
 2.697266e+00  1.233411e-01 
 2.697340e+00  1.232874e-01 
 2.697415e+00  1.232334e-01 
 2.697489e+00  1.231794e-01 
 2.697563e+00  1.231256e-01 
 2.697638e+00  1.230719e-01 
 2.697712e+00  1.230180e-01 
 2.697786e+00  1.229638e-01 
 2.697860e+00  1.229094e-01 
 2.697935e+00  1.228549e-01 
 2.698009e+00  1.228007e-01 
 2.698083e+00  1.227472e-01 
 2.698158e+00  1.226947e-01 
 2.698232e+00  1.226434e-01 
 2.698306e+00  1.225932e-01 
 2.698380e+00  1.225442e-01 
 2.698455e+00  1.224965e-01 
 2.698529e+00  1.224501e-01 
 2.698603e+00  1.224050e-01 
 2.698678e+00  1.223612e-01 
 2.698752e+00  1.223182e-01 
 2.698826e+00  1.222757e-01 
 2.698900e+00  1.222332e-01 
 2.698974e+00  1.221904e-01 
 2.699049e+00  1.221471e-01 
 2.699123e+00  1.221032e-01 
 2.699197e+00  1.220587e-01 
 2.699271e+00  1.220139e-01 
 2.699345e+00  1.219689e-01 
 2.699420e+00  1.219237e-01 
 2.699494e+00  1.218785e-01 
 2.699568e+00  1.218330e-01 
 2.699642e+00  1.217872e-01 
 2.699716e+00  1.217407e-01 
 2.699791e+00  1.216934e-01 
 2.699865e+00  1.216454e-01 
 2.699939e+00  1.215969e-01 
 2.700013e+00  1.215481e-01 
 2.700087e+00  1.214994e-01 
 2.700161e+00  1.214508e-01 
 2.700235e+00  1.214022e-01 
 2.700310e+00  1.213534e-01 
 2.700384e+00  1.213042e-01 
 2.700458e+00  1.212545e-01 
 2.700532e+00  1.212043e-01 
 2.700606e+00  1.211538e-01 
 2.700680e+00  1.211033e-01 
 2.700754e+00  1.210527e-01 
 2.700828e+00  1.210017e-01 
 2.700902e+00  1.209500e-01 
 2.700976e+00  1.208972e-01 
 2.701050e+00  1.208429e-01 
 2.701125e+00  1.207873e-01 
 2.701199e+00  1.207306e-01 
 2.701273e+00  1.206732e-01 
 2.701347e+00  1.206155e-01 
 2.701421e+00  1.205577e-01 
 2.701495e+00  1.204998e-01 
 2.701569e+00  1.204416e-01 
 2.701643e+00  1.203830e-01 
 2.701717e+00  1.203238e-01 
 2.701791e+00  1.202639e-01 
 2.701865e+00  1.202034e-01 
 2.701939e+00  1.201425e-01 
 2.702013e+00  1.200812e-01 
 2.702087e+00  1.200197e-01 
 2.702161e+00  1.199579e-01 
 2.702235e+00  1.198961e-01 
 2.702309e+00  1.198343e-01 
 2.702383e+00  1.197729e-01 
 2.702457e+00  1.197118e-01 
 2.702531e+00  1.196513e-01 
 2.702605e+00  1.195913e-01 
 2.702678e+00  1.195316e-01 
 2.702752e+00  1.194718e-01 
 2.702826e+00  1.194117e-01 
 2.702900e+00  1.193509e-01 
 2.702974e+00  1.192895e-01 
 2.703048e+00  1.192277e-01 
 2.703122e+00  1.191658e-01 
 2.703196e+00  1.191043e-01 
 2.703270e+00  1.190435e-01 
 2.703344e+00  1.189834e-01 
 2.703418e+00  1.189242e-01 
 2.703491e+00  1.188656e-01 
 2.703565e+00  1.188075e-01 
 2.703639e+00  1.187498e-01 
 2.703713e+00  1.186925e-01 
 2.703787e+00  1.186358e-01 
 2.703861e+00  1.185797e-01 
 2.703935e+00  1.185243e-01 
 2.704008e+00  1.184692e-01 
 2.704082e+00  1.184142e-01 
 2.704156e+00  1.183588e-01 
 2.704230e+00  1.183031e-01 
 2.704304e+00  1.182473e-01 
 2.704378e+00  1.181915e-01 
 2.704451e+00  1.181359e-01 
 2.704525e+00  1.180801e-01 
 2.704599e+00  1.180235e-01 
 2.704673e+00  1.179655e-01 
 2.704747e+00  1.179060e-01 
 2.704820e+00  1.178456e-01 
 2.704894e+00  1.177852e-01 
 2.704968e+00  1.177257e-01 
 2.705042e+00  1.176676e-01 
 2.705115e+00  1.176106e-01 
 2.705189e+00  1.175538e-01 
 2.705263e+00  1.174965e-01 
 2.705337e+00  1.174381e-01 
 2.705410e+00  1.173791e-01 
 2.705484e+00  1.173204e-01 
 2.705558e+00  1.172629e-01 
 2.705632e+00  1.172072e-01 
 2.705705e+00  1.171528e-01 
 2.705779e+00  1.170990e-01 
 2.705853e+00  1.170448e-01 
 2.705926e+00  1.169900e-01 
 2.706000e+00  1.169351e-01 
 2.706074e+00  1.168812e-01 
 2.706147e+00  1.168294e-01 
 2.706221e+00  1.167801e-01 
 2.706295e+00  1.167327e-01 
 2.706368e+00  1.166863e-01 
 2.706442e+00  1.166394e-01 
 2.706516e+00  1.165913e-01 
 2.706589e+00  1.165421e-01 
 2.706663e+00  1.164926e-01 
 2.706737e+00  1.164438e-01 
 2.706810e+00  1.163962e-01 
 2.706884e+00  1.163499e-01 
 2.706958e+00  1.163044e-01 
 2.707031e+00  1.162590e-01 
 2.707105e+00  1.162135e-01 
 2.707178e+00  1.161675e-01 
 2.707252e+00  1.161213e-01 
 2.707325e+00  1.160750e-01 
 2.707399e+00  1.160287e-01 
 2.707473e+00  1.159824e-01 
 2.707546e+00  1.159358e-01 
 2.707620e+00  1.158889e-01 
 2.707693e+00  1.158416e-01 
 2.707767e+00  1.157940e-01 
 2.707840e+00  1.157459e-01 
 2.707914e+00  1.156973e-01 
 2.707988e+00  1.156481e-01 
 2.708061e+00  1.155983e-01 
 2.708135e+00  1.155482e-01 
 2.708208e+00  1.154985e-01 
 2.708282e+00  1.154496e-01 
 2.708355e+00  1.154019e-01 
 2.708429e+00  1.153550e-01 
 2.708502e+00  1.153085e-01 
 2.708576e+00  1.152618e-01 
 2.708649e+00  1.152148e-01 
 2.708723e+00  1.151677e-01 
 2.708796e+00  1.151211e-01 
 2.708870e+00  1.150755e-01 
 2.708943e+00  1.150310e-01 
 2.709017e+00  1.149871e-01 
 2.709090e+00  1.149428e-01 
 2.709163e+00  1.148970e-01 
 2.709237e+00  1.148491e-01 
 2.709310e+00  1.147992e-01 
 2.709384e+00  1.147481e-01 
 2.709457e+00  1.146964e-01 
 2.709531e+00  1.146448e-01 
 2.709604e+00  1.145934e-01 
 2.709677e+00  1.145417e-01 
 2.709751e+00  1.144892e-01 
 2.709824e+00  1.144352e-01 
 2.709898e+00  1.143800e-01 
 2.709971e+00  1.143238e-01 
 2.710044e+00  1.142674e-01 
 2.710118e+00  1.142113e-01 
 2.710191e+00  1.141558e-01 
 2.710265e+00  1.141007e-01 
 2.710338e+00  1.140456e-01 
 2.710411e+00  1.139900e-01 
 2.710485e+00  1.139337e-01 
 2.710558e+00  1.138767e-01 
 2.710631e+00  1.138192e-01 
 2.710705e+00  1.137615e-01 
 2.710778e+00  1.137038e-01 
 2.710851e+00  1.136462e-01 
 2.710925e+00  1.135884e-01 
 2.710998e+00  1.135304e-01 
 2.711071e+00  1.134719e-01 
 2.711145e+00  1.134128e-01 
 2.711218e+00  1.133531e-01 
 2.711291e+00  1.132927e-01 
 2.711364e+00  1.132314e-01 
 2.711438e+00  1.131690e-01 
 2.711511e+00  1.131051e-01 
 2.711584e+00  1.130394e-01 
 2.711657e+00  1.129717e-01 
 2.711731e+00  1.129021e-01 
 2.711804e+00  1.128310e-01 
 2.711877e+00  1.127589e-01 
 2.711950e+00  1.126864e-01 
 2.712024e+00  1.126136e-01 
 2.712097e+00  1.125404e-01 
 2.712170e+00  1.124665e-01 
 2.712243e+00  1.123915e-01 
 2.712317e+00  1.123151e-01 
 2.712390e+00  1.122378e-01 
 2.712463e+00  1.121601e-01 
 2.712536e+00  1.120827e-01 
 2.712609e+00  1.120063e-01 
 2.712683e+00  1.119307e-01 
 2.712756e+00  1.118553e-01 
 2.712829e+00  1.117791e-01 
 2.712902e+00  1.117016e-01 
 2.712975e+00  1.116226e-01 
 2.713048e+00  1.115426e-01 
 2.713122e+00  1.114623e-01 
 2.713195e+00  1.113827e-01 
 2.713268e+00  1.113040e-01 
 2.713341e+00  1.112258e-01 
 2.713414e+00  1.111474e-01 
 2.713487e+00  1.110678e-01 
 2.713560e+00  1.109864e-01 
 2.713634e+00  1.109031e-01 
 2.713707e+00  1.108188e-01 
 2.713780e+00  1.107343e-01 
 2.713853e+00  1.106504e-01 
 2.713926e+00  1.105674e-01 
 2.713999e+00  1.104847e-01 
 2.714072e+00  1.104016e-01 
 2.714145e+00  1.103173e-01 
 2.714218e+00  1.102313e-01 
 2.714291e+00  1.101439e-01 
 2.714364e+00  1.100555e-01 
 2.714437e+00  1.099666e-01 
 2.714511e+00  1.098770e-01 
 2.714584e+00  1.097864e-01 
 2.714657e+00  1.096942e-01 
 2.714730e+00  1.096000e-01 
 2.714803e+00  1.095039e-01 
 2.714876e+00  1.094063e-01 
 2.714949e+00  1.093080e-01 
 2.715022e+00  1.092092e-01 
 2.715095e+00  1.091097e-01 
 2.715168e+00  1.090091e-01 
 2.715241e+00  1.089062e-01 
 2.715314e+00  1.088006e-01 
 2.715387e+00  1.086923e-01 
 2.715460e+00  1.085818e-01 
 2.715533e+00  1.084702e-01 
 2.715606e+00  1.083582e-01 
 2.715679e+00  1.082464e-01 
 2.715752e+00  1.081344e-01 
 2.715825e+00  1.080219e-01 
 2.715897e+00  1.079086e-01 
 2.715970e+00  1.077941e-01 
 2.716043e+00  1.076789e-01 
 2.716116e+00  1.075637e-01 
 2.716189e+00  1.074490e-01 
 2.716262e+00  1.073353e-01 
 2.716335e+00  1.072225e-01 
 2.716408e+00  1.071102e-01 
 2.716481e+00  1.069979e-01 
 2.716554e+00  1.068853e-01 
 2.716627e+00  1.067723e-01 
 2.716700e+00  1.066590e-01 
 2.716772e+00  1.065454e-01 
 2.716845e+00  1.064318e-01 
 2.716918e+00  1.063183e-01 
 2.716991e+00  1.062049e-01 
 2.717064e+00  1.060918e-01 
 2.717137e+00  1.059792e-01 
 2.717210e+00  1.058669e-01 
 2.717282e+00  1.057547e-01 
 2.717355e+00  1.056424e-01 
 2.717428e+00  1.055296e-01 
 2.717501e+00  1.054163e-01 
 2.717574e+00  1.053027e-01 
 2.717647e+00  1.051894e-01 
 2.717719e+00  1.050766e-01 
 2.717792e+00  1.049646e-01 
 2.717865e+00  1.048528e-01 
 2.717938e+00  1.047407e-01 
 2.718011e+00  1.046277e-01 
 2.718083e+00  1.045136e-01 
 2.718156e+00  1.043980e-01 
 2.718229e+00  1.042814e-01 
 2.718302e+00  1.041641e-01 
 2.718374e+00  1.040461e-01 
 2.718447e+00  1.039276e-01 
 2.718520e+00  1.038082e-01 
 2.718593e+00  1.036876e-01 
 2.718665e+00  1.035654e-01 
 2.718738e+00  1.034416e-01 
 2.718811e+00  1.033161e-01 
 2.718884e+00  1.031891e-01 
 2.718956e+00  1.030605e-01 
 2.719029e+00  1.029306e-01 
 2.719102e+00  1.027992e-01 
 2.719174e+00  1.026664e-01 
 2.719247e+00  1.025322e-01 
 2.719320e+00  1.023968e-01 
 2.719393e+00  1.022602e-01 
 2.719465e+00  1.021230e-01 
 2.719538e+00  1.019856e-01 
 2.719611e+00  1.018483e-01 
 2.719683e+00  1.017114e-01 
 2.719756e+00  1.015749e-01 
 2.719829e+00  1.014387e-01 
 2.719901e+00  1.013027e-01 
 2.719974e+00  1.011664e-01 
 2.720047e+00  1.010298e-01 
 2.720119e+00  1.008928e-01 
 2.720192e+00  1.007555e-01 
 2.720264e+00  1.006179e-01 
 2.720337e+00  1.004801e-01 
 2.720410e+00  1.003421e-01 
 2.720482e+00  1.002041e-01 
 2.720555e+00  1.000662e-01 
 2.720627e+00  9.992882e-02 
 2.720700e+00  9.979209e-02 
 2.720773e+00  9.965613e-02 
 2.720845e+00  9.952077e-02 
 2.720918e+00  9.938562e-02 
 2.720990e+00  9.925037e-02 
 2.721063e+00  9.911466e-02 
 2.721136e+00  9.897864e-02 
 2.721208e+00  9.884285e-02 
 2.721281e+00  9.870802e-02 
 2.721353e+00  9.857477e-02 
 2.721426e+00  9.844324e-02 
 2.721498e+00  9.831298e-02 
 2.721571e+00  9.818302e-02 
 2.721643e+00  9.805229e-02 
 2.721716e+00  9.792008e-02 
 2.721788e+00  9.778605e-02 
 2.721861e+00  9.765050e-02 
 2.721933e+00  9.751399e-02 
 2.722006e+00  9.737703e-02 
 2.722078e+00  9.723973e-02 
 2.722151e+00  9.710175e-02 
 2.722223e+00  9.696246e-02 
 2.722296e+00  9.682131e-02 
 2.722368e+00  9.667805e-02 
 2.722441e+00  9.653295e-02 
 2.722513e+00  9.638639e-02 
 2.722586e+00  9.623887e-02 
 2.722658e+00  9.609065e-02 
 2.722730e+00  9.594169e-02 
 2.722803e+00  9.579179e-02 
 2.722875e+00  9.564075e-02 
 2.722948e+00  9.548866e-02 
 2.723020e+00  9.533586e-02 
 2.723093e+00  9.518287e-02 
 2.723165e+00  9.503016e-02 
 2.723237e+00  9.487767e-02 
 2.723310e+00  9.472505e-02 
 2.723382e+00  9.457171e-02 
 2.723455e+00  9.441715e-02 
 2.723527e+00  9.426114e-02 
 2.723599e+00  9.410390e-02 
 2.723672e+00  9.394597e-02 
 2.723744e+00  9.378793e-02 
 2.723817e+00  9.363013e-02 
 2.723889e+00  9.347259e-02 
 2.723961e+00  9.331474e-02 
 2.724034e+00  9.315596e-02 
 2.724106e+00  9.299576e-02 
 2.724178e+00  9.283405e-02 
 2.724251e+00  9.267110e-02 
 2.724323e+00  9.250744e-02 
 2.724395e+00  9.234351e-02 
 2.724468e+00  9.217947e-02 
 2.724540e+00  9.201509e-02 
 2.724612e+00  9.185002e-02 
 2.724684e+00  9.168364e-02 
 2.724757e+00  9.151565e-02 
 2.724829e+00  9.134611e-02 
 2.724901e+00  9.117534e-02 
 2.724974e+00  9.100376e-02 
 2.725046e+00  9.083169e-02 
 2.725118e+00  9.065921e-02 
 2.725190e+00  9.048615e-02 
 2.725263e+00  9.031224e-02 
 2.725335e+00  9.013739e-02 
 2.725407e+00  8.996145e-02 
 2.725479e+00  8.978455e-02 
 2.725552e+00  8.960689e-02 
 2.725624e+00  8.942856e-02 
 2.725696e+00  8.924943e-02 
 2.725768e+00  8.906915e-02 
 2.725841e+00  8.888733e-02 
 2.725913e+00  8.870375e-02 
 2.725985e+00  8.851858e-02 
 2.726057e+00  8.833253e-02 
 2.726129e+00  8.814625e-02 
 2.726202e+00  8.796045e-02 
 2.726274e+00  8.777537e-02 
 2.726346e+00  8.759072e-02 
 2.726418e+00  8.740575e-02 
 2.726490e+00  8.721961e-02 
 2.726562e+00  8.703173e-02 
 2.726635e+00  8.684215e-02 
 2.726707e+00  8.665145e-02 
 2.726779e+00  8.646071e-02 
 2.726851e+00  8.627061e-02 
 2.726923e+00  8.608151e-02 
 2.726995e+00  8.589317e-02 
 2.727067e+00  8.570491e-02 
 2.727139e+00  8.551594e-02 
 2.727212e+00  8.532579e-02 
 2.727284e+00  8.513449e-02 
 2.727356e+00  8.494257e-02 
 2.727428e+00  8.475070e-02 
 2.727500e+00  8.455947e-02 
 2.727572e+00  8.436876e-02 
 2.727644e+00  8.417807e-02 
 2.727716e+00  8.398670e-02 
 2.727788e+00  8.379403e-02 
 2.727860e+00  8.359982e-02 
 2.727932e+00  8.340421e-02 
 2.728005e+00  8.320757e-02 
 2.728077e+00  8.301017e-02 
 2.728149e+00  8.281204e-02 
 2.728221e+00  8.261304e-02 
 2.728293e+00  8.241265e-02 
 2.728365e+00  8.221061e-02 
 2.728437e+00  8.200688e-02 
 2.728509e+00  8.180168e-02 
 2.728581e+00  8.159532e-02 
 2.728653e+00  8.138806e-02 
 2.728725e+00  8.118009e-02 
 2.728797e+00  8.097158e-02 
 2.728869e+00  8.076275e-02 
 2.728941e+00  8.055407e-02 
 2.729013e+00  8.034570e-02 
 2.729085e+00  8.013774e-02 
 2.729157e+00  7.992995e-02 
 2.729229e+00  7.972183e-02 
 2.729301e+00  7.951281e-02 
 2.729373e+00  7.930260e-02 
 2.729445e+00  7.909141e-02 
 2.729517e+00  7.887984e-02 
 2.729589e+00  7.866863e-02 
 2.729660e+00  7.845841e-02 
 2.729732e+00  7.824893e-02 
 2.729804e+00  7.803958e-02 
 2.729876e+00  7.782954e-02 
 2.729948e+00  7.761824e-02 
 2.730020e+00  7.740567e-02 
 2.730092e+00  7.719237e-02 
 2.730164e+00  7.697914e-02 
 2.730236e+00  7.676660e-02 
 2.730308e+00  7.655481e-02 
 2.730380e+00  7.634350e-02 
 2.730451e+00  7.613178e-02 
 2.730523e+00  7.591915e-02 
 2.730595e+00  7.570553e-02 
 2.730667e+00  7.549132e-02 
 2.730739e+00  7.527711e-02 
 2.730811e+00  7.506331e-02 
 2.730883e+00  7.484990e-02 
 2.730954e+00  7.463650e-02 
 2.731026e+00  7.442262e-02 
 2.731098e+00  7.420821e-02 
 2.731170e+00  7.399343e-02 
 2.731242e+00  7.377902e-02 
 2.731314e+00  7.356583e-02 
 2.731385e+00  7.335441e-02 
 2.731457e+00  7.314473e-02 
 2.731529e+00  7.293614e-02 
 2.731601e+00  7.272759e-02 
 2.731673e+00  7.251806e-02 
 2.731744e+00  7.230684e-02 
 2.731816e+00  7.209387e-02 
 2.731888e+00  7.187922e-02 
 2.731960e+00  7.166330e-02 
 2.732031e+00  7.144649e-02 
 2.732103e+00  7.122896e-02 
 2.732175e+00  7.101070e-02 
 2.732247e+00  7.079161e-02 
 2.732318e+00  7.057167e-02 
 2.732390e+00  7.035103e-02 
 2.732462e+00  7.012997e-02 
 2.732534e+00  6.990894e-02 
 2.732605e+00  6.968789e-02 
 2.732677e+00  6.946668e-02 
 2.732749e+00  6.924496e-02 
 2.732821e+00  6.902236e-02 
 2.732892e+00  6.879869e-02 
 2.732964e+00  6.857409e-02 
 2.733036e+00  6.834909e-02 
 2.733107e+00  6.812441e-02 
 2.733179e+00  6.790074e-02 
 2.733251e+00  6.767865e-02 
 2.733322e+00  6.745800e-02 
 2.733394e+00  6.723841e-02 
 2.733466e+00  6.701929e-02 
 2.733537e+00  6.680006e-02 
 2.733609e+00  6.658038e-02 
 2.733681e+00  6.636028e-02 
 2.733752e+00  6.614008e-02 
 2.733824e+00  6.592027e-02 
 2.733896e+00  6.570125e-02 
 2.733967e+00  6.548330e-02 
 2.734039e+00  6.526605e-02 
 2.734110e+00  6.504898e-02 
 2.734182e+00  6.483148e-02 
 2.734254e+00  6.461305e-02 
 2.734325e+00  6.439348e-02 
 2.734397e+00  6.417285e-02 
 2.734468e+00  6.395144e-02 
 2.734540e+00  6.372948e-02 
 2.734612e+00  6.350705e-02 
 2.734683e+00  6.328413e-02 
 2.734755e+00  6.306021e-02 
 2.734826e+00  6.283491e-02 
 2.734898e+00  6.260799e-02 
 2.734969e+00  6.237945e-02 
 2.735041e+00  6.214952e-02 
 2.735113e+00  6.191858e-02 
 2.735184e+00  6.168703e-02 
 2.735256e+00  6.145525e-02 
 2.735327e+00  6.122360e-02 
 2.735399e+00  6.099257e-02 
 2.735470e+00  6.076236e-02 
 2.735542e+00  6.053336e-02 
 2.735613e+00  6.030586e-02 
 2.735685e+00  6.008000e-02 
 2.735756e+00  5.985565e-02 
 2.735828e+00  5.963244e-02 
 2.735899e+00  5.940982e-02 
 2.735971e+00  5.918729e-02 
 2.736042e+00  5.896453e-02 
 2.736114e+00  5.874168e-02 
 2.736185e+00  5.851878e-02 
 2.736257e+00  5.829612e-02 
 2.736328e+00  5.807391e-02 
 2.736399e+00  5.785211e-02 
 2.736471e+00  5.763043e-02 
 2.736542e+00  5.740846e-02 
 2.736614e+00  5.718581e-02 
 2.736685e+00  5.696228e-02 
 2.736757e+00  5.673798e-02 
 2.736828e+00  5.651344e-02 
 2.736899e+00  5.628898e-02 
 2.736971e+00  5.606507e-02 
 2.737042e+00  5.584202e-02 
 2.737114e+00  5.561992e-02 
 2.737185e+00  5.539869e-02 
 2.737256e+00  5.517813e-02 
 2.737328e+00  5.495802e-02 
 2.737399e+00  5.473814e-02 
 2.737471e+00  5.451832e-02 
 2.737542e+00  5.429860e-02 
 2.737613e+00  5.407878e-02 
 2.737685e+00  5.385892e-02 
 2.737756e+00  5.363917e-02 
 2.737827e+00  5.341978e-02 
 2.737899e+00  5.320095e-02 
 2.737970e+00  5.298276e-02 
 2.738041e+00  5.276509e-02 
 2.738113e+00  5.254760e-02 
 2.738184e+00  5.232990e-02 
 2.738255e+00  5.211183e-02 
 2.738327e+00  5.189321e-02 
 2.738398e+00  5.167430e-02 
 2.738469e+00  5.145560e-02 
 2.738541e+00  5.123760e-02 
 2.738612e+00  5.102058e-02 
 2.738683e+00  5.080453e-02 
 2.738755e+00  5.058911e-02 
 2.738826e+00  5.037387e-02 
 2.738897e+00  5.015840e-02 
 2.738968e+00  4.994267e-02 
 2.739040e+00  4.972655e-02 
 2.739111e+00  4.951025e-02 
 2.739182e+00  4.929399e-02 
 2.739253e+00  4.907793e-02 
 2.739325e+00  4.886211e-02 
 2.739396e+00  4.864645e-02 
 2.739467e+00  4.843079e-02 
 2.739538e+00  4.821498e-02 
 2.739610e+00  4.799893e-02 
 2.739681e+00  4.778274e-02 
 2.739752e+00  4.756633e-02 
 2.739823e+00  4.734983e-02 
 2.739894e+00  4.713344e-02 
 2.739966e+00  4.691738e-02 
 2.740037e+00  4.670183e-02 
 2.740108e+00  4.648694e-02 
 2.740179e+00  4.627275e-02 
 2.740250e+00  4.605927e-02 
 2.740322e+00  4.584648e-02 
 2.740393e+00  4.563455e-02 
 2.740464e+00  4.542335e-02 
 2.740535e+00  4.521292e-02 
 2.740606e+00  4.500326e-02 
 2.740677e+00  4.479434e-02 
 2.740748e+00  4.458611e-02 
 2.740820e+00  4.437854e-02 
 2.740891e+00  4.417158e-02 
 2.740962e+00  4.396518e-02 
 2.741033e+00  4.375923e-02 
 2.741104e+00  4.355374e-02 
 2.741175e+00  4.334832e-02 
 2.741246e+00  4.314279e-02 
 2.741317e+00  4.293706e-02 
 2.741388e+00  4.273120e-02 
 2.741460e+00  4.252544e-02 
 2.741531e+00  4.231998e-02 
 2.741602e+00  4.211489e-02 
 2.741673e+00  4.190997e-02 
 2.741744e+00  4.170482e-02 
 2.741815e+00  4.149921e-02 
 2.741886e+00  4.129287e-02 
 2.741957e+00  4.108612e-02 
 2.742028e+00  4.087973e-02 
 2.742099e+00  4.067464e-02 
 2.742170e+00  4.047157e-02 
 2.742241e+00  4.027071e-02 
 2.742312e+00  4.007164e-02 
 2.742383e+00  3.987353e-02 
 2.742454e+00  3.967551e-02 
 2.742525e+00  3.947730e-02 
 2.742596e+00  3.927897e-02 
 2.742667e+00  3.908127e-02 
 2.742738e+00  3.888521e-02 
 2.742809e+00  3.869161e-02 
 2.742880e+00  3.850082e-02 
 2.742951e+00  3.831261e-02 
 2.743022e+00  3.812639e-02 
 2.743093e+00  3.794153e-02 
 2.743164e+00  3.775769e-02 
 2.743235e+00  3.757515e-02 
 2.743306e+00  3.739430e-02 
 2.743377e+00  3.721585e-02 
 2.743448e+00  3.704033e-02 
 2.743519e+00  3.686783e-02 
 2.743590e+00  3.669799e-02 
 2.743661e+00  3.653007e-02 
 2.743732e+00  3.636325e-02 
 2.743803e+00  3.619692e-02 
 2.743874e+00  3.603081e-02 
 2.743945e+00  3.586515e-02 
 2.744015e+00  3.570013e-02 
 2.744086e+00  3.553608e-02 
 2.744157e+00  3.537309e-02 
 2.744228e+00  3.521100e-02 
 2.744299e+00  3.504936e-02 
 2.744370e+00  3.488762e-02 
 2.744441e+00  3.472536e-02 
 2.744512e+00  3.456243e-02 
 2.744583e+00  3.439908e-02 
 2.744653e+00  3.423601e-02 
 2.744724e+00  3.407386e-02 
 2.744795e+00  3.391332e-02 
 2.744866e+00  3.375477e-02 
 2.744937e+00  3.359818e-02 
 2.745008e+00  3.344319e-02 
 2.745079e+00  3.328922e-02 
 2.745149e+00  3.313578e-02 
 2.745220e+00  3.298260e-02 
 2.745291e+00  3.282965e-02 
 2.745362e+00  3.267720e-02 
 2.745433e+00  3.252532e-02 
 2.745503e+00  3.237410e-02 
 2.745574e+00  3.222350e-02 
 2.745645e+00  3.207349e-02 
 2.745716e+00  3.192411e-02 
 2.745787e+00  3.177559e-02 
 2.745857e+00  3.162826e-02 
 2.745928e+00  3.148244e-02 
 2.745999e+00  3.133826e-02 
 2.746070e+00  3.119569e-02 
 2.746140e+00  3.105428e-02 
 2.746211e+00  3.091364e-02 
 2.746282e+00  3.077353e-02 
 2.746353e+00  3.063397e-02 
 2.746423e+00  3.049523e-02 
 2.746494e+00  3.035766e-02 
 2.746565e+00  3.022153e-02 
 2.746636e+00  3.008685e-02 
 2.746706e+00  2.995339e-02 
 2.746777e+00  2.982087e-02 
 2.746848e+00  2.968886e-02 
 2.746918e+00  2.955729e-02 
 2.746989e+00  2.942633e-02 
 2.747060e+00  2.929633e-02 
 2.747131e+00  2.916763e-02 
 2.747201e+00  2.904042e-02 
 2.747272e+00  2.891461e-02 
 2.747343e+00  2.878993e-02 
 2.747413e+00  2.866605e-02 
 2.747484e+00  2.854281e-02 
 2.747555e+00  2.842007e-02 
 2.747625e+00  2.829793e-02 
 2.747696e+00  2.817653e-02 
 2.747767e+00  2.805589e-02 
 2.747837e+00  2.793586e-02 
 2.747908e+00  2.781613e-02 
 2.747978e+00  2.769640e-02 
 2.748049e+00  2.757656e-02 
 2.748120e+00  2.745680e-02 
 2.748190e+00  2.733776e-02 
 2.748261e+00  2.722009e-02 
 2.748332e+00  2.710449e-02 
 2.748402e+00  2.699142e-02 
 2.748473e+00  2.688095e-02 
 2.748543e+00  2.677277e-02 
 2.748614e+00  2.666635e-02 
 2.748684e+00  2.656115e-02 
 2.748755e+00  2.645682e-02 
 2.748826e+00  2.635326e-02 
 2.748896e+00  2.625068e-02 
 2.748967e+00  2.614924e-02 
 2.749037e+00  2.604919e-02 
 2.749108e+00  2.595059e-02 
 2.749178e+00  2.585333e-02 
 2.749249e+00  2.575707e-02 
 2.749319e+00  2.566134e-02 
 2.749390e+00  2.556565e-02 
 2.749461e+00  2.546962e-02 
 2.749531e+00  2.537309e-02 
 2.749602e+00  2.527624e-02 
 2.749672e+00  2.517928e-02 
 2.749743e+00  2.508258e-02 
 2.749813e+00  2.498631e-02 
 2.749884e+00  2.489046e-02 
 2.749954e+00  2.479476e-02 
 2.750025e+00  2.469897e-02 
 2.750095e+00  2.460303e-02 
 2.750166e+00  2.450728e-02 
 2.750236e+00  2.441236e-02 
 2.750307e+00  2.431907e-02 
 2.750377e+00  2.422789e-02 
 2.750447e+00  2.413891e-02 
 2.750518e+00  2.405182e-02 
 2.750588e+00  2.396614e-02 
 2.750659e+00  2.388154e-02 
 2.750729e+00  2.379809e-02 
 2.750800e+00  2.371631e-02 
 2.750870e+00  2.363692e-02 
 2.750941e+00  2.356044e-02 
 2.751011e+00  2.348696e-02 
 2.751081e+00  2.341587e-02 
 2.751152e+00  2.334626e-02 
 2.751222e+00  2.327719e-02 
 2.751293e+00  2.320808e-02 
 2.751363e+00  2.313883e-02 
 2.751433e+00  2.306975e-02 
 2.751504e+00  2.300125e-02 
 2.751574e+00  2.293362e-02 
 2.751644e+00  2.286685e-02 
 2.751715e+00  2.280082e-02 
 2.751785e+00  2.273537e-02 
 2.751856e+00  2.267061e-02 
 2.751926e+00  2.260697e-02 
 2.751996e+00  2.254500e-02 
 2.752067e+00  2.248510e-02 
 2.752137e+00  2.242736e-02 
 2.752207e+00  2.237145e-02 
 2.752278e+00  2.231679e-02 
 2.752348e+00  2.226282e-02 
 2.752418e+00  2.220929e-02 
 2.752489e+00  2.215625e-02 
 2.752559e+00  2.210407e-02 
 2.752629e+00  2.205320e-02 
 2.752699e+00  2.200398e-02 
 2.752770e+00  2.195649e-02 
 2.752840e+00  2.191054e-02 
 2.752910e+00  2.186581e-02 
 2.752981e+00  2.182196e-02 
 2.753051e+00  2.177870e-02 
 2.753121e+00  2.173595e-02 
 2.753191e+00  2.169369e-02 
 2.753262e+00  2.165201e-02 
 2.753332e+00  2.161106e-02 
 2.753402e+00  2.157098e-02 
 2.753472e+00  2.153184e-02 
 2.753543e+00  2.149367e-02 
 2.753613e+00  2.145640e-02 
 2.753683e+00  2.141990e-02 
 2.753753e+00  2.138401e-02 
 2.753824e+00  2.134867e-02 
 2.753894e+00  2.131384e-02 
 2.753964e+00  2.127962e-02 
 2.754034e+00  2.124618e-02 
 2.754104e+00  2.121375e-02 
 2.754175e+00  2.118247e-02 
 2.754245e+00  2.115241e-02 
 2.754315e+00  2.112346e-02 
 2.754385e+00  2.109537e-02 
 2.754455e+00  2.106779e-02 
 2.754526e+00  2.104035e-02 
 2.754596e+00  2.101270e-02 
 2.754666e+00  2.098465e-02 
 2.754736e+00  2.095619e-02 
 2.754806e+00  2.092752e-02 
 2.754876e+00  2.089901e-02 
 2.754947e+00  2.087122e-02 
 2.755017e+00  2.084474e-02 
 2.755087e+00  2.082010e-02 
 2.755157e+00  2.079766e-02 
 2.755227e+00  2.077744e-02 
 2.755297e+00  2.075917e-02 
 2.755367e+00  2.074230e-02 
 2.755437e+00  2.072626e-02 
 2.755507e+00  2.071068e-02 
 2.755578e+00  2.069552e-02 
 2.755648e+00  2.068117e-02 
 2.755718e+00  2.066828e-02 
 2.755788e+00  2.065744e-02 
 2.755858e+00  2.064893e-02 
 2.755928e+00  2.064252e-02 
 2.755998e+00  2.063752e-02 
 2.756068e+00  2.063303e-02 
 2.756138e+00  2.062835e-02 
 2.756208e+00  2.062319e-02 
 2.756278e+00  2.061779e-02 
 2.756348e+00  2.061276e-02 
 2.756418e+00  2.060869e-02 
 2.756489e+00  2.060591e-02 
 2.756559e+00  2.060426e-02 
 2.756629e+00  2.060321e-02 
 2.756699e+00  2.060219e-02 
 2.756769e+00  2.060093e-02 
 2.756839e+00  2.059963e-02 
 2.756909e+00  2.059897e-02 
 2.756979e+00  2.059987e-02 
 2.757049e+00  2.060311e-02 
 2.757119e+00  2.060909e-02 
 2.757189e+00  2.061771e-02 
 2.757259e+00  2.062848e-02 
 2.757329e+00  2.064077e-02 
 2.757399e+00  2.065406e-02 
 2.757468e+00  2.066810e-02 
 2.757538e+00  2.068287e-02 
 2.757608e+00  2.069855e-02 
 2.757678e+00  2.071543e-02 
 2.757748e+00  2.073377e-02 
 2.757818e+00  2.075379e-02 
 2.757888e+00  2.077558e-02 
 2.757958e+00  2.079905e-02 
 2.758028e+00  2.082389e-02 
 2.758098e+00  2.084958e-02 
 2.758168e+00  2.087549e-02 
 2.758238e+00  2.090106e-02 
 2.758308e+00  2.092603e-02 
 2.758378e+00  2.095060e-02 
 2.758448e+00  2.097530e-02 
 2.758517e+00  2.100086e-02 
 2.758587e+00  2.102783e-02 
 2.758657e+00  2.105637e-02 
 2.758730e+00  2.108722e-02 
 2.758802e+00  2.111884e-02 
 2.758875e+00  2.115045e-02 
 2.758948e+00  2.118177e-02 
 2.759020e+00  2.121305e-02 
 2.759093e+00  2.124485e-02 
 2.759165e+00  2.127774e-02 
 2.759238e+00  2.131191e-02 
 2.759311e+00  2.134715e-02 
 2.759383e+00  2.138293e-02 
 2.759456e+00  2.141880e-02 
 2.759528e+00  2.145464e-02 
 2.759601e+00  2.149074e-02 
 2.759673e+00  2.152755e-02 
 2.759746e+00  2.156544e-02 
 2.759819e+00  2.160452e-02 
 2.759891e+00  2.164456e-02 
 2.759964e+00  2.168525e-02 
 2.760036e+00  2.172644e-02 
 2.760109e+00  2.176822e-02 
 2.760181e+00  2.181091e-02 
 2.760254e+00  2.185488e-02 
 2.760326e+00  2.190028e-02 
 2.760399e+00  2.194699e-02 
 2.760471e+00  2.199471e-02 
 2.760544e+00  2.204315e-02 
 2.760617e+00  2.209229e-02 
 2.760689e+00  2.214238e-02 
 2.760762e+00  2.219389e-02 
 2.760834e+00  2.224730e-02 
 2.760907e+00  2.230292e-02 
 2.760979e+00  2.236086e-02 
 2.761051e+00  2.242101e-02 
 2.761124e+00  2.248312e-02 
 2.761196e+00  2.254687e-02 
 2.761269e+00  2.261191e-02 
 2.761341e+00  2.267783e-02 
 2.761414e+00  2.274417e-02 
 2.761486e+00  2.281049e-02 
 2.761559e+00  2.287648e-02 
 2.761631e+00  2.294202e-02 
 2.761704e+00  2.300738e-02 
 2.761776e+00  2.307305e-02 
 2.761848e+00  2.313958e-02 
 2.761921e+00  2.320741e-02 
 2.761993e+00  2.327675e-02 
 2.762066e+00  2.334749e-02 
 2.762138e+00  2.341931e-02 
 2.762210e+00  2.349183e-02 
 2.762283e+00  2.356479e-02 
 2.762355e+00  2.363808e-02 
 2.762428e+00  2.371191e-02 
 2.762500e+00  2.378656e-02 
 2.762572e+00  2.386227e-02 
 2.762645e+00  2.393912e-02 
 2.762717e+00  2.401699e-02 
 2.762789e+00  2.409558e-02 
 2.762862e+00  2.417461e-02 
 2.762934e+00  2.425398e-02 
 2.763006e+00  2.433380e-02 
 2.763079e+00  2.441438e-02 
 2.763151e+00  2.449621e-02 
 2.763223e+00  2.457961e-02 
 2.763296e+00  2.466470e-02 
 2.763368e+00  2.475129e-02 
 2.763440e+00  2.483907e-02 
 2.763513e+00  2.492763e-02 
 2.763585e+00  2.501666e-02 
 2.763657e+00  2.510598e-02 
 2.763730e+00  2.519555e-02 
 2.763802e+00  2.528538e-02 
 2.763874e+00  2.537568e-02 
 2.763946e+00  2.546669e-02 
 2.764019e+00  2.555869e-02 
 2.764091e+00  2.565193e-02 
 2.764163e+00  2.574657e-02 
 2.764235e+00  2.584255e-02 
 2.764308e+00  2.593960e-02 
 2.764380e+00  2.603737e-02 
 2.764452e+00  2.613551e-02 
 2.764524e+00  2.623379e-02 
 2.764597e+00  2.633235e-02 
 2.764669e+00  2.643141e-02 
 2.764741e+00  2.653120e-02 
 2.764813e+00  2.663183e-02 
 2.764885e+00  2.673323e-02 
 2.764958e+00  2.683523e-02 
 2.765030e+00  2.693762e-02 
 2.765102e+00  2.704031e-02 
 2.765174e+00  2.714333e-02 
 2.765246e+00  2.724678e-02 
 2.765318e+00  2.735097e-02 
 2.765391e+00  2.745614e-02 
 2.765463e+00  2.756260e-02 
 2.765535e+00  2.767062e-02 
 2.765607e+00  2.778049e-02 
 2.765679e+00  2.789241e-02 
 2.765751e+00  2.800646e-02 
 2.765824e+00  2.812256e-02 
 2.765896e+00  2.824052e-02 
 2.765968e+00  2.836004e-02 
 2.766040e+00  2.848104e-02 
 2.766112e+00  2.860341e-02 
 2.766184e+00  2.872706e-02 
 2.766256e+00  2.885180e-02 
 2.766328e+00  2.897725e-02 
 2.766400e+00  2.910287e-02 
 2.766473e+00  2.922809e-02 
 2.766545e+00  2.935248e-02 
 2.766617e+00  2.947591e-02 
 2.766689e+00  2.959848e-02 
 2.766761e+00  2.972067e-02 
 2.766833e+00  2.984291e-02 
 2.766905e+00  2.996550e-02 
 2.766977e+00  3.008857e-02 
 2.767049e+00  3.021210e-02 
 2.767121e+00  3.033606e-02 
 2.767193e+00  3.046051e-02 
 2.767265e+00  3.058559e-02 
 2.767337e+00  3.071147e-02 
 2.767409e+00  3.083815e-02 
 2.767481e+00  3.096568e-02 
 2.767553e+00  3.109388e-02 
 2.767625e+00  3.122248e-02 
 2.767697e+00  3.135124e-02 
 2.767769e+00  3.147995e-02 
 2.767841e+00  3.160849e-02 
 2.767913e+00  3.173676e-02 
 2.767985e+00  3.186465e-02 
 2.768057e+00  3.199206e-02 
 2.768129e+00  3.211881e-02 
 2.768201e+00  3.224491e-02 
 2.768273e+00  3.237035e-02 
 2.768345e+00  3.249517e-02 
 2.768417e+00  3.261943e-02 
 2.768489e+00  3.274325e-02 
 2.768561e+00  3.286678e-02 
 2.768633e+00  3.299017e-02 
 2.768705e+00  3.311361e-02 
 2.768777e+00  3.323724e-02 
 2.768849e+00  3.336104e-02 
 2.768921e+00  3.348513e-02 
 2.768992e+00  3.360950e-02 
 2.769064e+00  3.373424e-02 
 2.769136e+00  3.385955e-02 
 2.769208e+00  3.398582e-02 
 2.769280e+00  3.411352e-02 
 2.769352e+00  3.424313e-02 
 2.769424e+00  3.437495e-02 
 2.769496e+00  3.450910e-02 
 2.769568e+00  3.464533e-02 
 2.769639e+00  3.478344e-02 
 2.769711e+00  3.492304e-02 
 2.769783e+00  3.506369e-02 
 2.769855e+00  3.520495e-02 
 2.769927e+00  3.534638e-02 
 2.769999e+00  3.548753e-02 
 2.770071e+00  3.562803e-02 
 2.770142e+00  3.576768e-02 
 2.770214e+00  3.590644e-02 
 2.770286e+00  3.604438e-02 
 2.770358e+00  3.618182e-02 
 2.770430e+00  3.631893e-02 
 2.770501e+00  3.645571e-02 
 2.770573e+00  3.659196e-02 
 2.770645e+00  3.672742e-02 
 2.770717e+00  3.686184e-02 
 2.770789e+00  3.699520e-02 
 2.770860e+00  3.712772e-02 
 2.770932e+00  3.725982e-02 
 2.771004e+00  3.739190e-02 
 2.771076e+00  3.752442e-02 
 2.771148e+00  3.765750e-02 
 2.771219e+00  3.779102e-02 
 2.771291e+00  3.792469e-02 
 2.771363e+00  3.805820e-02 
 2.771434e+00  3.819140e-02 
 2.771506e+00  3.832435e-02 
 2.771578e+00  3.845730e-02 
 2.771650e+00  3.859055e-02 
 2.771721e+00  3.872424e-02 
 2.771793e+00  3.885846e-02 
 2.771865e+00  3.899305e-02 
 2.771937e+00  3.912768e-02 
 2.772008e+00  3.926207e-02 
 2.772080e+00  3.939614e-02 
 2.772152e+00  3.953002e-02 
 2.772223e+00  3.966412e-02 
 2.772295e+00  3.979891e-02 
 2.772367e+00  3.993478e-02 
 2.772438e+00  4.007184e-02 
 2.772510e+00  4.021016e-02 
 2.772582e+00  4.034954e-02 
 2.772653e+00  4.048975e-02 
 2.772725e+00  4.063064e-02 
 2.772797e+00  4.077215e-02 
 2.772868e+00  4.091426e-02 
 2.772940e+00  4.105687e-02 
 2.773012e+00  4.119973e-02 
 2.773083e+00  4.134246e-02 
 2.773155e+00  4.148450e-02 
 2.773226e+00  4.162559e-02 
 2.773298e+00  4.176555e-02 
 2.773370e+00  4.190444e-02 
 2.773441e+00  4.204250e-02 
 2.773513e+00  4.217995e-02 
 2.773584e+00  4.231693e-02 
 2.773656e+00  4.245337e-02 
 2.773728e+00  4.258906e-02 
 2.773799e+00  4.272375e-02 
 2.773871e+00  4.285714e-02 
 2.773942e+00  4.298934e-02 
 2.774014e+00  4.312055e-02 
 2.774085e+00  4.325120e-02 
 2.774157e+00  4.338178e-02 
 2.774228e+00  4.351273e-02 
 2.774300e+00  4.364432e-02 
 2.774372e+00  4.377662e-02 
 2.774443e+00  4.390951e-02 
 2.774515e+00  4.404286e-02 
 2.774586e+00  4.417655e-02 
 2.774658e+00  4.431082e-02 
 2.774729e+00  4.444600e-02 
 2.774801e+00  4.458240e-02 
 2.774872e+00  4.472018e-02 
 2.774944e+00  4.485920e-02 
 2.775015e+00  4.499904e-02 
 2.775087e+00  4.513909e-02 
 2.775158e+00  4.527885e-02 
 2.775230e+00  4.541799e-02 
 2.775301e+00  4.555644e-02 
 2.775372e+00  4.569450e-02 
 2.775444e+00  4.583245e-02 
 2.775515e+00  4.597046e-02 
 2.775587e+00  4.610852e-02 
 2.775658e+00  4.624649e-02 
 2.775730e+00  4.638420e-02 
 2.775801e+00  4.652159e-02 
 2.775873e+00  4.665877e-02 
 2.775944e+00  4.679596e-02 
 2.776015e+00  4.693327e-02 
 2.776087e+00  4.707089e-02 
 2.776158e+00  4.720871e-02 
 2.776230e+00  4.734655e-02 
 2.776301e+00  4.748421e-02 
 2.776372e+00  4.762164e-02 
 2.776444e+00  4.775898e-02 
 2.776515e+00  4.789652e-02 
 2.776587e+00  4.803454e-02 
 2.776658e+00  4.817322e-02 
 2.776729e+00  4.831240e-02 
 2.776801e+00  4.845194e-02 
 2.776872e+00  4.859148e-02 
 2.776943e+00  4.873061e-02 
 2.777015e+00  4.886906e-02 
 2.777086e+00  4.900663e-02 
 2.777157e+00  4.914328e-02 
 2.777229e+00  4.927904e-02 
 2.777300e+00  4.941409e-02 
 2.777371e+00  4.954861e-02 
 2.777443e+00  4.968277e-02 
 2.777514e+00  4.981685e-02 
 2.777585e+00  4.995097e-02 
 2.777657e+00  5.008512e-02 
 2.777728e+00  5.021918e-02 
 2.777799e+00  5.035301e-02 
 2.777871e+00  5.048642e-02 
 2.777942e+00  5.061933e-02 
 2.778013e+00  5.075180e-02 
 2.778084e+00  5.088403e-02 
 2.778156e+00  5.101626e-02 
 2.778227e+00  5.114892e-02 
 2.778298e+00  5.128228e-02 
 2.778369e+00  5.141649e-02 
 2.778441e+00  5.155148e-02 
 2.778512e+00  5.168705e-02 
 2.778583e+00  5.182286e-02 
 2.778654e+00  5.195857e-02 
 2.778726e+00  5.209390e-02 
 2.778797e+00  5.222876e-02 
 2.778868e+00  5.236311e-02 
 2.778939e+00  5.249719e-02 
 2.779011e+00  5.263120e-02 
 2.779082e+00  5.276526e-02 
 2.779153e+00  5.289938e-02 
 2.779224e+00  5.303351e-02 
 2.779295e+00  5.316757e-02 
 2.779367e+00  5.330151e-02 
 2.779438e+00  5.343535e-02 
 2.779509e+00  5.356916e-02 
 2.779582e+00  5.370713e-02 
 2.779656e+00  5.384542e-02 
 2.779730e+00  5.398328e-02 
 2.779803e+00  5.412031e-02 
 2.779877e+00  5.425610e-02 
 2.779951e+00  5.439044e-02 
 2.780024e+00  5.452335e-02 
 2.780098e+00  5.465509e-02 
 2.780172e+00  5.478603e-02 
 2.780245e+00  5.491650e-02 
 2.780319e+00  5.504652e-02 
 2.780393e+00  5.517611e-02 
 2.780466e+00  5.530511e-02 
 2.780540e+00  5.543334e-02 
 2.780613e+00  5.556079e-02 
 2.780687e+00  5.568762e-02 
 2.780761e+00  5.581408e-02 
 2.780834e+00  5.594039e-02 
 2.780908e+00  5.606666e-02 
 2.780981e+00  5.619281e-02 
 2.781055e+00  5.631849e-02 
 2.781129e+00  5.644354e-02 
 2.781202e+00  5.656783e-02 
 2.781276e+00  5.669143e-02 
 2.781349e+00  5.681457e-02 
 2.781423e+00  5.693756e-02 
 2.781496e+00  5.706060e-02 
 2.781570e+00  5.718375e-02 
 2.781643e+00  5.730687e-02 
 2.781717e+00  5.742970e-02 
 2.781796e+00  5.756028e-02 
 2.781875e+00  5.769137e-02 
 2.781954e+00  5.782159e-02 
 2.782034e+00  5.795088e-02 
 2.782113e+00  5.807906e-02 
 2.782192e+00  5.820581e-02 
 2.782272e+00  5.833077e-02 
 2.782351e+00  5.845376e-02 
 2.782430e+00  5.857503e-02 
 2.782510e+00  5.869526e-02 
 2.782589e+00  5.881521e-02 
 2.782668e+00  5.893571e-02 
 2.782747e+00  5.905700e-02 
 2.782827e+00  5.917874e-02 
 2.782906e+00  5.930024e-02 
 2.782985e+00  5.942088e-02 
 2.783065e+00  5.954043e-02 
 2.783144e+00  5.965924e-02 
 2.783223e+00  5.977808e-02 
 2.783302e+00  5.989774e-02 
 2.783382e+00  6.001858e-02 
 2.783461e+00  6.014057e-02 
 2.783540e+00  6.026303e-02 
 2.783619e+00  6.038501e-02 
 2.783698e+00  6.050564e-02 
 2.783778e+00  6.062448e-02 
 2.783857e+00  6.074159e-02 
 2.783936e+00  6.085752e-02 
 2.784015e+00  6.097294e-02 
 2.784095e+00  6.108830e-02 
 2.784174e+00  6.120351e-02 
 2.784253e+00  6.131815e-02 
 2.784332e+00  6.143147e-02 
 2.784411e+00  6.154292e-02 
 2.784490e+00  6.165244e-02 
 2.784570e+00  6.176058e-02 
 2.784649e+00  6.186820e-02 
 2.784728e+00  6.197609e-02 
 2.784807e+00  6.208455e-02 
 2.784886e+00  6.219333e-02 
 2.784965e+00  6.230168e-02 
 2.785044e+00  6.240909e-02 
 2.785123e+00  6.251527e-02 
 2.785202e+00  6.262035e-02 
 2.785282e+00  6.272465e-02 
 2.785361e+00  6.282828e-02 
 2.785440e+00  6.293098e-02 
 2.785519e+00  6.303209e-02 
 2.785598e+00  6.313085e-02 
 2.785677e+00  6.322676e-02 
 2.785756e+00  6.331967e-02 
 2.785835e+00  6.341002e-02 
 2.785914e+00  6.349840e-02 
 2.785993e+00  6.358536e-02 
 2.786072e+00  6.367121e-02 
 2.786151e+00  6.375603e-02 
 2.786230e+00  6.383970e-02 
 2.786309e+00  6.392213e-02 
 2.786388e+00  6.400334e-02 
 2.786467e+00  6.408351e-02 
 2.786546e+00  6.416296e-02 
 2.786625e+00  6.424226e-02 
 2.786704e+00  6.432204e-02 
 2.786783e+00  6.440292e-02 
 2.786862e+00  6.448537e-02 
 2.786941e+00  6.456962e-02 
 2.787020e+00  6.465552e-02 
 2.787099e+00  6.474260e-02 
 2.787178e+00  6.483028e-02 
 2.787257e+00  6.491811e-02 
 2.787336e+00  6.500584e-02 
 2.787415e+00  6.509365e-02 
 2.787494e+00  6.518173e-02 
 2.787573e+00  6.527017e-02 
 2.787652e+00  6.535877e-02 
 2.787731e+00  6.544708e-02 
 2.787809e+00  6.553455e-02 
 2.787888e+00  6.562080e-02 
 2.787967e+00  6.570581e-02 
 2.788046e+00  6.578990e-02 
 2.788125e+00  6.587361e-02 
 2.788204e+00  6.595762e-02 
 2.788283e+00  6.604233e-02 
 2.788362e+00  6.612771e-02 
 2.788440e+00  6.621336e-02 
 2.788519e+00  6.629868e-02 
 2.788598e+00  6.638319e-02 
 2.788677e+00  6.646684e-02 
 2.788756e+00  6.655002e-02 
 2.788835e+00  6.663342e-02 
 2.788914e+00  6.671759e-02 
 2.788992e+00  6.680280e-02 
 2.789071e+00  6.688867e-02 
 2.789150e+00  6.697438e-02 
 2.789229e+00  6.705901e-02 
 2.789307e+00  6.714190e-02 
 2.789386e+00  6.722288e-02 
 2.789465e+00  6.730236e-02 
 2.789544e+00  6.738110e-02 
 2.789623e+00  6.745993e-02 
 2.789701e+00  6.753941e-02 
 2.789780e+00  6.761976e-02 
 2.789859e+00  6.770069e-02 
 2.789938e+00  6.778158e-02 
 2.790016e+00  6.786175e-02 
 2.790095e+00  6.794078e-02 
 2.790174e+00  6.801864e-02 
 2.790252e+00  6.809572e-02 
 2.790331e+00  6.817259e-02 
 2.790410e+00  6.824977e-02 
 2.790489e+00  6.832744e-02 
 2.790567e+00  6.840562e-02 
 2.790646e+00  6.848410e-02 
 2.790725e+00  6.856266e-02 
 2.790803e+00  6.864124e-02 
 2.790882e+00  6.871987e-02 
 2.790961e+00  6.879858e-02 
 2.791039e+00  6.887722e-02 
 2.791118e+00  6.895541e-02 
 2.791197e+00  6.903271e-02 
 2.791275e+00  6.910876e-02 
 2.791354e+00  6.918366e-02 
 2.791432e+00  6.925774e-02 
 2.791511e+00  6.933152e-02 
 2.791590e+00  6.940537e-02 
 2.791668e+00  6.947931e-02 
 2.791747e+00  6.955304e-02 
 2.791826e+00  6.962613e-02 
 2.791904e+00  6.969827e-02 
 2.791983e+00  6.976948e-02 
 2.792061e+00  6.984003e-02 
 2.792140e+00  6.991045e-02 
 2.792218e+00  6.998118e-02 
 2.792297e+00  7.005252e-02 
 2.792375e+00  7.012471e-02 
 2.792454e+00  7.019789e-02 
 2.792533e+00  7.027220e-02 
 2.792611e+00  7.034761e-02 
 2.792690e+00  7.042390e-02 
 2.792768e+00  7.050056e-02 
 2.792847e+00  7.057695e-02 
 2.792925e+00  7.065261e-02 
 2.793004e+00  7.072724e-02 
 2.793082e+00  7.080080e-02 
 2.793161e+00  7.087342e-02 
 2.793239e+00  7.094518e-02 
 2.793318e+00  7.101607e-02 
 2.793396e+00  7.108593e-02 
 2.793475e+00  7.115456e-02 
 2.793553e+00  7.122181e-02 
 2.793632e+00  7.128753e-02 
 2.793710e+00  7.135179e-02 
 2.793788e+00  7.141469e-02 
 2.793867e+00  7.147648e-02 
 2.793945e+00  7.153757e-02 
 2.794024e+00  7.159844e-02 
 2.794102e+00  7.165950e-02 
 2.794181e+00  7.172090e-02 
 2.794259e+00  7.178248e-02 
 2.794337e+00  7.184388e-02 
 2.794416e+00  7.190481e-02 
 2.794494e+00  7.196537e-02 
 2.794573e+00  7.202605e-02 
 2.794651e+00  7.208750e-02 
 2.794729e+00  7.215020e-02 
 2.794808e+00  7.221415e-02 
 2.794886e+00  7.227881e-02 
 2.794964e+00  7.234339e-02 
 2.795043e+00  7.240724e-02 
 2.795121e+00  7.247016e-02 
 2.795199e+00  7.253237e-02 
 2.795278e+00  7.259448e-02 
 2.795356e+00  7.265688e-02 
 2.795434e+00  7.271961e-02 
 2.795513e+00  7.278223e-02 
 2.795591e+00  7.284409e-02 
 2.795669e+00  7.290465e-02 
 2.795748e+00  7.296373e-02 
 2.795826e+00  7.302161e-02 
 2.795904e+00  7.307887e-02 
 2.795983e+00  7.313606e-02 
 2.796061e+00  7.319353e-02 
 2.796139e+00  7.325123e-02 
 2.796217e+00  7.330884e-02 
 2.796296e+00  7.336606e-02 
 2.796374e+00  7.342286e-02 
 2.796452e+00  7.347960e-02 
 2.796530e+00  7.353688e-02 
 2.796609e+00  7.359518e-02 
 2.796687e+00  7.365459e-02 
 2.796777e+00  7.372356e-02 
 2.796870e+00  7.379507e-02 
 2.796963e+00  7.386527e-02 
 2.797057e+00  7.393385e-02 
 2.797150e+00  7.400140e-02 
 2.797243e+00  7.406883e-02 
 2.797337e+00  7.413669e-02 
 2.797430e+00  7.420501e-02 
 2.797524e+00  7.427348e-02 
 2.797617e+00  7.434186e-02 
 2.797710e+00  7.441008e-02 
 2.797804e+00  7.447843e-02 
 2.797897e+00  7.454719e-02 
 2.797990e+00  7.461674e-02 
 2.798083e+00  7.468756e-02 
 2.798177e+00  7.476025e-02 
 2.798270e+00  7.483523e-02 
 2.798363e+00  7.491241e-02 
 2.798457e+00  7.499111e-02 
 2.798550e+00  7.507053e-02 
 2.798643e+00  7.515020e-02 
 2.798736e+00  7.523059e-02 
 2.798830e+00  7.531250e-02 
 2.798923e+00  7.539637e-02 
 2.799016e+00  7.548178e-02 
 2.799109e+00  7.556767e-02 
 2.799202e+00  7.565308e-02 
 2.799296e+00  7.573773e-02 
 2.799389e+00  7.582207e-02 
 2.799482e+00  7.590667e-02 
 2.799575e+00  7.599166e-02 
 2.799668e+00  7.607696e-02 
 2.799761e+00  7.616241e-02 
 2.799854e+00  7.624814e-02 
 2.799948e+00  7.633457e-02 
 2.800041e+00  7.642208e-02 
 2.800134e+00  7.651078e-02 
 2.800227e+00  7.660045e-02 
 2.800320e+00  7.669076e-02 
 2.800413e+00  7.678139e-02 
 2.800506e+00  7.687209e-02 
 2.800599e+00  7.696302e-02 
 2.800692e+00  7.705432e-02 
 2.800785e+00  7.714594e-02 
 2.800878e+00  7.723731e-02 
 2.800971e+00  7.732749e-02 
 2.801065e+00  7.741587e-02 
 2.801158e+00  7.750300e-02 
 2.801251e+00  7.759066e-02 
 2.801344e+00  7.768112e-02 
 2.801437e+00  7.777552e-02 
 2.801530e+00  7.787342e-02 
 2.801623e+00  7.797297e-02 
 2.801715e+00  7.807251e-02 
 2.801808e+00  7.817183e-02 
 2.801901e+00  7.827228e-02 
 2.801994e+00  7.837556e-02 
 2.802087e+00  7.848227e-02 
 2.802180e+00  7.859122e-02 
 2.802273e+00  7.870012e-02 
 2.802366e+00  7.880687e-02 
 2.802459e+00  7.891087e-02 
 2.802552e+00  7.901293e-02 
 2.802645e+00  7.911465e-02 
 2.802738e+00  7.921753e-02 
 2.802830e+00  7.932240e-02 
 2.802923e+00  7.942932e-02 
 2.803016e+00  7.953774e-02 
 2.803109e+00  7.964670e-02 
 2.803202e+00  7.975520e-02 
 2.803295e+00  7.986268e-02 
 2.803388e+00  7.996974e-02 
 2.803480e+00  8.007784e-02 
 2.803573e+00  8.018859e-02 
 2.803666e+00  8.030272e-02 
 2.803759e+00  8.041943e-02 
 2.803851e+00  8.053680e-02 
 2.803944e+00  8.065297e-02 
 2.804037e+00  8.076728e-02 
 2.804130e+00  8.088055e-02 
 2.804223e+00  8.099429e-02 
 2.804315e+00  8.111006e-02 
 2.804408e+00  8.122851e-02 
 2.804501e+00  8.134954e-02 
 2.804593e+00  8.147255e-02 
 2.804686e+00  8.159676e-02 
 2.804779e+00  8.172138e-02 
 2.804872e+00  8.184580e-02 
 2.804964e+00  8.196986e-02 
 2.805057e+00  8.209407e-02 
 2.805150e+00  8.221935e-02 
 2.805242e+00  8.234696e-02 
 2.805335e+00  8.247754e-02 
 2.805427e+00  8.261098e-02 
 2.805520e+00  8.274650e-02 
 2.805613e+00  8.288310e-02 
 2.805705e+00  8.302020e-02 
 2.805798e+00  8.315799e-02 
 2.805891e+00  8.329741e-02 
 2.805983e+00  8.343965e-02 
 2.806076e+00  8.358534e-02 
 2.806168e+00  8.373450e-02 
 2.806261e+00  8.388627e-02 
 2.806353e+00  8.403955e-02 
 2.806446e+00  8.419341e-02 
 2.806538e+00  8.434728e-02 
 2.806631e+00  8.450073e-02 
 2.806723e+00  8.465341e-02 
 2.806816e+00  8.480514e-02 
 2.806909e+00  8.495602e-02 
 2.807001e+00  8.510658e-02 
 2.807093e+00  8.525775e-02 
 2.807186e+00  8.540967e-02 
 2.807278e+00  8.556139e-02 
 2.807371e+00  8.571151e-02 
 2.807463e+00  8.585932e-02 
 2.807556e+00  8.600578e-02 
 2.807648e+00  8.615323e-02 
 2.807741e+00  8.630393e-02 
 2.807833e+00  8.645849e-02 
 2.807926e+00  8.661530e-02 
 2.808018e+00  8.677206e-02 
 2.808110e+00  8.692724e-02 
 2.808203e+00  8.708133e-02 
 2.808295e+00  8.723649e-02 
 2.808387e+00  8.739487e-02 
 2.808480e+00  8.755695e-02 
 2.808572e+00  8.772124e-02 
 2.808665e+00  8.788545e-02 
 2.808757e+00  8.804825e-02 
 2.808849e+00  8.821005e-02 
 2.808942e+00  8.837285e-02 
 2.809034e+00  8.853832e-02 
 2.809126e+00  8.870679e-02 
 2.809218e+00  8.887714e-02 
 2.809311e+00  8.904799e-02 
 2.809403e+00  8.921882e-02 
 2.809495e+00  8.939033e-02 
 2.809588e+00  8.956403e-02 
 2.809680e+00  8.974121e-02 
 2.809772e+00  8.992195e-02 
 2.809864e+00  9.010553e-02 
 2.809957e+00  9.029070e-02 
 2.810049e+00  9.047669e-02 
 2.810141e+00  9.066367e-02 
 2.810233e+00  9.085238e-02 
 2.810325e+00  9.104334e-02 
 2.810418e+00  9.123632e-02 
 2.810510e+00  9.143049e-02 
 2.810602e+00  9.162513e-02 
 2.810694e+00  9.182015e-02 
 2.810786e+00  9.201651e-02 
 2.810878e+00  9.221510e-02 
 2.810971e+00  9.241615e-02 
 2.811063e+00  9.261911e-02 
 2.811155e+00  9.282322e-02 
 2.811247e+00  9.302815e-02 
 2.811339e+00  9.323435e-02 
 2.811431e+00  9.344268e-02 
 2.811523e+00  9.365387e-02 
 2.811626e+00  9.389373e-02 
 2.811732e+00  9.414343e-02 
 2.811838e+00  9.439587e-02 
 2.811943e+00  9.464996e-02 
 2.812049e+00  9.490480e-02 
 2.812155e+00  9.516039e-02 
 2.812261e+00  9.541816e-02 
 2.812366e+00  9.568041e-02 
 2.812472e+00  9.594859e-02 
 2.812578e+00  9.622181e-02 
 2.812683e+00  9.649670e-02 
 2.812789e+00  9.677027e-02 
 2.812894e+00  9.704128e-02 
 2.813000e+00  9.731095e-02 
 2.813106e+00  9.758143e-02 
 2.813211e+00  9.785360e-02 
 2.813317e+00  9.812630e-02 
 2.813422e+00  9.839754e-02 
 2.813528e+00  9.866643e-02 
 2.813634e+00  9.893394e-02 
 2.813739e+00  9.920176e-02 
 2.813845e+00  9.947158e-02 
 2.813950e+00  9.974366e-02 
 2.814055e+00  1.000175e-01 
 2.814161e+00  1.002925e-01 
 2.814266e+00  1.005687e-01 
 2.814372e+00  1.008460e-01 
 2.814477e+00  1.011245e-01 
 2.814583e+00  1.014038e-01 
 2.814688e+00  1.016833e-01 
 2.814794e+00  1.019624e-01 
 2.814899e+00  1.022411e-01 
 2.815005e+00  1.025197e-01 
 2.815110e+00  1.027982e-01 
 2.815215e+00  1.030766e-01 
 2.815321e+00  1.033546e-01 
 2.815426e+00  1.036321e-01 
 2.815531e+00  1.039092e-01 
 2.815637e+00  1.041870e-01 
 2.815742e+00  1.044670e-01 
 2.815847e+00  1.047500e-01 
 2.815953e+00  1.050371e-01 
 2.816058e+00  1.053278e-01 
 2.816163e+00  1.056207e-01 
 2.816269e+00  1.059141e-01 
 2.816374e+00  1.062074e-01 
 2.816479e+00  1.065010e-01 
 2.816584e+00  1.067952e-01 
 2.816690e+00  1.070900e-01 
 2.816795e+00  1.073841e-01 
 2.816900e+00  1.076761e-01 
 2.817005e+00  1.079658e-01 
 2.817110e+00  1.082537e-01 
 2.817216e+00  1.085406e-01 
 2.817321e+00  1.088274e-01 
 2.817426e+00  1.091146e-01 
 2.817531e+00  1.094025e-01 
 2.817636e+00  1.096913e-01 
 2.817741e+00  1.099812e-01 
 2.817847e+00  1.102727e-01 
 2.817952e+00  1.105666e-01 
 2.818057e+00  1.108643e-01 
 2.818162e+00  1.111660e-01 
 2.818267e+00  1.114699e-01 
 2.818372e+00  1.117739e-01 
 2.818477e+00  1.120765e-01 
 2.818582e+00  1.123782e-01 
 2.818687e+00  1.126809e-01 
 2.818792e+00  1.129858e-01 
 2.818897e+00  1.132927e-01 
 2.819002e+00  1.135996e-01 
 2.819107e+00  1.139052e-01 
 2.819212e+00  1.142094e-01 
 2.819317e+00  1.145138e-01 
 2.819422e+00  1.148204e-01 
 2.819527e+00  1.151296e-01 
 2.819632e+00  1.154403e-01 
 2.819737e+00  1.157500e-01 
 2.819842e+00  1.160572e-01 
 2.819947e+00  1.163625e-01 
 2.820051e+00  1.166679e-01 
 2.820156e+00  1.169759e-01 
 2.820261e+00  1.172864e-01 
 2.820366e+00  1.175976e-01 
 2.820471e+00  1.179075e-01 
 2.820576e+00  1.182160e-01 
 2.820681e+00  1.185246e-01 
 2.820785e+00  1.188353e-01 
 2.820890e+00  1.191485e-01 
 2.820995e+00  1.194630e-01 
 2.821125e+00  1.198510e-01 
 2.821272e+00  1.202917e-01 
 2.821420e+00  1.207355e-01 
 2.821567e+00  1.211839e-01 
 2.821715e+00  1.216339e-01 
 2.821862e+00  1.220828e-01 
 2.822010e+00  1.225329e-01 
 2.822157e+00  1.229129e-01 
 2.822305e+00  1.233650e-01 
 2.822452e+00  1.238198e-01 
 2.822599e+00  1.242735e-01 
 2.822747e+00  1.247241e-01 
 2.822894e+00  1.251734e-01 
 2.823041e+00  1.256242e-01 
 2.823188e+00  1.260761e-01 
 2.823336e+00  1.265264e-01 
 2.823483e+00  1.269741e-01 
 2.823630e+00  1.274211e-01 
 2.823778e+00  1.278700e-01 
 2.823925e+00  1.283208e-01 
 2.824072e+00  1.287704e-01 
 2.824219e+00  1.292182e-01 
 2.824366e+00  1.296648e-01 
 2.824513e+00  1.301097e-01 
 2.824660e+00  1.305526e-01 
 2.824807e+00  1.309946e-01 
 2.824954e+00  1.314363e-01 
 2.825101e+00  1.318771e-01 
 2.825248e+00  1.323176e-01 
 2.825396e+00  1.327587e-01 
 2.825542e+00  1.331993e-01 
 2.825689e+00  1.336395e-01 
 2.825836e+00  1.340796e-01 
 2.825983e+00  1.345199e-01 
 2.826130e+00  1.349593e-01 
 2.826277e+00  1.353964e-01 
 2.826424e+00  1.358302e-01 
 2.826570e+00  1.362621e-01 
 2.826717e+00  1.366954e-01 
 2.826864e+00  1.371309e-01 
 2.827011e+00  1.375660e-01 
 2.827157e+00  1.379998e-01 
 2.827304e+00  1.384317e-01 
 2.827451e+00  1.388604e-01 
 2.827597e+00  1.392838e-01 
 2.827744e+00  1.397011e-01 
 2.827891e+00  1.401136e-01 
 2.828037e+00  1.405242e-01 
 2.828184e+00  1.409335e-01 
 2.828331e+00  1.413385e-01 
 2.828477e+00  1.417374e-01 
 2.828624e+00  1.421337e-01 
 2.828770e+00  1.425296e-01 
 2.828917e+00  1.429232e-01 
 2.829063e+00  1.433114e-01 
 2.829209e+00  1.436940e-01 
 2.829356e+00  1.440738e-01 
 2.829502e+00  1.444538e-01 
 2.829649e+00  1.448325e-01 
 2.829795e+00  1.452064e-01 
 2.829941e+00  1.455757e-01 
 2.830088e+00  1.459445e-01 
 2.830234e+00  1.463137e-01 
 2.830380e+00  1.466804e-01 
 2.830526e+00  1.470422e-01 
 2.830673e+00  1.473988e-01 
 2.830819e+00  1.477521e-01 
 2.830965e+00  1.481033e-01 
 2.831111e+00  1.484499e-01 
 2.831258e+00  1.487879e-01 
 2.831404e+00  1.491168e-01 
 2.831550e+00  1.494409e-01 
 2.831696e+00  1.497624e-01 
 2.831842e+00  1.500796e-01 
 2.831988e+00  1.503903e-01 
 2.832134e+00  1.506953e-01 
 2.832280e+00  1.509973e-01 
 2.832426e+00  1.512966e-01 
 2.832572e+00  1.515916e-01 
 2.832718e+00  1.518834e-01 
 2.832864e+00  1.521732e-01 
 2.833010e+00  1.524605e-01 
 2.833156e+00  1.527446e-01 
 2.833301e+00  1.530276e-01 
 2.833447e+00  1.533109e-01 
 2.833593e+00  1.535938e-01 
 2.833739e+00  1.538773e-01 
 2.833885e+00  1.541633e-01 
 2.834031e+00  1.544482e-01 
 2.834176e+00  1.547254e-01 
 2.834322e+00  1.549913e-01 
 2.834468e+00  1.552485e-01 
 2.834613e+00  1.555025e-01 
 2.834759e+00  1.557537e-01 
 2.834905e+00  1.559913e-01 
 2.835050e+00  1.562134e-01 
 2.835196e+00  1.564365e-01 
 2.835341e+00  1.566710e-01 
 2.835487e+00  1.569034e-01 
 2.835633e+00  1.571195e-01 
 2.835778e+00  1.573286e-01 
 2.835924e+00  1.575466e-01 
 2.836069e+00  1.577686e-01 
 2.836214e+00  1.579796e-01 
 2.836360e+00  1.581789e-01 
 2.836505e+00  1.583780e-01 
 2.836651e+00  1.585783e-01 
 2.836796e+00  1.587703e-01 
 2.836942e+00  1.589502e-01 
 2.837087e+00  1.591261e-01 
 2.837232e+00  1.592989e-01 
 2.837378e+00  1.594630e-01 
 2.837523e+00  1.596191e-01 
 2.837668e+00  1.597720e-01 
 2.837813e+00  1.599183e-01 
 2.837958e+00  1.600535e-01 
 2.838104e+00  1.601827e-01 
 2.838249e+00  1.603114e-01 
 2.838394e+00  1.604344e-01 
 2.838539e+00  1.605456e-01 
 2.838684e+00  1.606487e-01 
 2.838829e+00  1.607500e-01 
 2.838974e+00  1.608472e-01 
 2.839119e+00  1.609358e-01 
 2.839264e+00  1.610194e-01 
 2.839410e+00  1.611040e-01 
 2.839555e+00  1.612517e-01 
 2.839700e+00  1.613296e-01 
 2.839845e+00  1.614032e-01 
 2.839990e+00  1.614659e-01 
 2.840134e+00  1.615214e-01 
 2.840279e+00  1.615765e-01 
 2.840424e+00  1.616278e-01 
 2.840569e+00  1.616669e-01 
 2.840714e+00  1.616952e-01 
 2.840859e+00  1.617227e-01 
 2.841003e+00  1.617514e-01 
 2.841148e+00  1.617724e-01 
 2.841293e+00  1.617811e-01 
 2.841438e+00  1.617847e-01 
 2.841583e+00  1.617892e-01 
 2.841727e+00  1.617902e-01 
 2.841872e+00  1.617826e-01 
 2.842016e+00  1.617703e-01 
 2.842161e+00  1.617582e-01 
 2.842306e+00  1.617431e-01 
 2.842450e+00  1.617193e-01 
 2.842595e+00  1.616881e-01 
 2.842740e+00  1.616531e-01 
 2.842884e+00  1.616123e-01 
 2.843029e+00  1.615610e-01 
 2.843173e+00  1.614991e-01 
 2.843317e+00  1.614295e-01 
 2.843462e+00  1.613521e-01 
 2.843606e+00  1.612648e-01 
 2.843751e+00  1.611692e-01 
 2.843895e+00  1.610686e-01 
 2.844040e+00  1.609625e-01 
 2.844184e+00  1.608488e-01 
 2.844328e+00  1.607291e-01 
 2.844473e+00  1.606073e-01 
 2.844617e+00  1.604848e-01 
 2.844761e+00  1.603617e-01 
 2.844905e+00  1.602379e-01 
 2.845050e+00  1.601124e-01 
 2.845194e+00  1.599824e-01 
 2.845338e+00  1.598476e-01 
 2.845482e+00  1.597108e-01 
 2.845627e+00  1.595743e-01 
 2.845771e+00  1.594358e-01 
 2.845915e+00  1.592928e-01 
 2.846059e+00  1.591447e-01 
 2.846203e+00  1.589912e-01 
 2.846347e+00  1.588306e-01 
 2.846491e+00  1.586627e-01 
 2.846635e+00  1.584888e-01 
 2.846779e+00  1.583090e-01 
 2.846923e+00  1.581223e-01 
 2.847067e+00  1.579307e-01 
 2.847211e+00  1.577359e-01 
 2.847355e+00  1.575373e-01 
 2.847499e+00  1.573336e-01 
 2.847643e+00  1.571260e-01 
 2.847786e+00  1.569144e-01 
 2.847930e+00  1.566972e-01 
 2.848074e+00  1.564754e-01 
 2.848218e+00  1.562527e-01 
 2.848362e+00  1.560309e-01 
 2.848506e+00  1.558089e-01 
 2.848649e+00  1.555873e-01 
 2.848793e+00  1.553682e-01 
 2.848937e+00  1.551485e-01 
 2.849080e+00  1.549229e-01 
 2.849224e+00  1.546904e-01 
 2.849368e+00  1.544531e-01 
 2.849511e+00  1.542095e-01 
 2.849655e+00  1.539555e-01 
 2.849799e+00  1.536923e-01 
 2.849942e+00  1.534247e-01 
