         time Z Displace... 
------------- ------------- 
 3.180675e-05  8.328127e-05 
 3.498742e-04  8.400259e-05 
 6.679417e-04  8.472212e-05 
 9.860091e-04  8.543980e-05 
 1.304077e-03  8.615537e-05 
 1.622144e-03  8.686884e-05 
 1.940211e-03  8.758186e-05 
 2.258279e-03  8.827706e-05 
 2.576346e-03  8.880869e-05 
 2.894414e-03  8.897333e-05 
 3.212481e-03  8.899755e-05 
 3.530549e-03  8.914245e-05 
 3.848616e-03  8.929223e-05 
 4.166684e-03  8.943787e-05 
 4.484751e-03  8.946692e-05 
 4.802819e-03  8.942708e-05 
 5.120886e-03  8.941222e-05 
 5.438953e-03  8.957549e-05 
 5.757021e-03  9.000759e-05 
 6.075088e-03  9.074840e-05 
 6.393156e-03  9.186677e-05 
 6.711223e-03  9.347148e-05 
 7.029291e-03  9.553501e-05 
 7.347358e-03  9.800159e-05 
 7.665426e-03  1.008869e-04 
 7.983493e-03  1.044656e-04 
 8.301561e-03  1.089086e-04 
 8.619628e-03  1.139864e-04 
 8.937695e-03  1.195933e-04 
 9.255763e-03  1.258265e-04 
 9.573830e-03  1.326445e-04 
 9.891898e-03  1.402150e-04 
 1.020997e-02  1.486596e-04 
 1.052803e-02  1.580303e-04 
 1.084610e-02  1.684171e-04 
 1.116417e-02  1.796805e-04 
 1.148224e-02  1.918039e-04 
 1.180030e-02  2.048241e-04 
 1.211837e-02  2.188147e-04 
 1.243644e-02  2.337201e-04 
 1.275450e-02  2.494031e-04 
 1.307257e-02  2.658446e-04 
 1.339064e-02  2.831601e-04 
 1.370871e-02  3.013971e-04 
 1.402677e-02  3.203113e-04 
 1.434484e-02  3.399494e-04 
 1.466291e-02  3.605124e-04 
 1.498098e-02  3.820645e-04 
 1.529904e-02  4.046607e-04 
 1.561711e-02  4.281410e-04 
 1.593518e-02  4.523101e-04 
 1.625325e-02  4.772124e-04 
 1.657131e-02  5.028614e-04 
 1.688938e-02  5.293089e-04 
 1.720745e-02  5.565420e-04 
 1.752552e-02  5.845902e-04 
 1.784358e-02  6.135644e-04 
 1.816165e-02  6.434240e-04 
 1.847972e-02  6.740281e-04 
 1.879779e-02  7.053229e-04 
 1.911585e-02  7.374078e-04 
 1.943392e-02  7.702291e-04 
 1.975199e-02  8.035587e-04 
 2.007006e-02  8.373208e-04 
 2.038812e-02  8.714123e-04 
 2.070619e-02  9.056522e-04 
 2.102426e-02  9.400753e-04 
 2.134233e-02  9.746716e-04 
 2.166039e-02  1.009474e-03 
 2.197846e-02  1.044607e-03 
 2.229653e-02  1.080027e-03 
 2.261460e-02  1.115677e-03 
 2.293266e-02  1.151536e-03 
 2.325073e-02  1.187556e-03 
 2.356880e-02  1.223855e-03 
 2.388687e-02  1.260344e-03 
 2.420493e-02  1.296833e-03 
 2.452300e-02  1.333400e-03 
 2.484107e-02  1.370007e-03 
 2.515914e-02  1.406609e-03 
 2.547720e-02  1.443298e-03 
 2.579527e-02  1.480102e-03 
 2.611334e-02  1.517053e-03 
 2.643141e-02  1.554272e-03 
 2.674947e-02  1.591690e-03 
 2.706754e-02  1.629201e-03 
 2.738561e-02  1.666832e-03 
 2.770368e-02  1.704631e-03 
 2.802174e-02  1.742604e-03 
 2.833981e-02  1.780510e-03 
 2.865788e-02  1.818316e-03 
 2.897595e-02  1.856084e-03 
 2.929401e-02  1.893868e-03 
 2.961208e-02  1.931721e-03 
 2.993015e-02  1.969651e-03 
 3.024821e-02  2.007776e-03 
 3.056628e-02  2.046141e-03 
 3.088435e-02  2.084767e-03 
 3.120242e-02  2.123686e-03 
 3.152048e-02  2.162768e-03 
 3.183855e-02  2.201943e-03 
 3.215662e-02  2.241249e-03 
 3.247469e-02  2.280651e-03 
 3.279275e-02  2.320143e-03 
 3.311082e-02  2.359749e-03 
 3.342889e-02  2.399453e-03 
 3.374696e-02  2.439416e-03 
 3.406502e-02  2.479624e-03 
 3.438309e-02  2.520083e-03 
 3.470116e-02  2.560981e-03 
 3.501923e-02  2.602340e-03 
 3.533729e-02  2.644056e-03 
 3.565536e-02  2.686089e-03 
 3.597343e-02  2.728408e-03 
 3.629150e-02  2.770959e-03 
 3.660956e-02  2.813709e-03 
 3.692763e-02  2.856610e-03 
 3.724570e-02  2.899712e-03 
 3.756377e-02  2.943224e-03 
 3.788183e-02  2.987237e-03 
 3.819990e-02  3.031499e-03 
 3.851797e-02  3.075886e-03 
 3.883604e-02  3.120500e-03 
 3.915410e-02  3.165345e-03 
 3.947217e-02  3.210423e-03 
 3.979024e-02  3.255594e-03 
 4.010831e-02  3.300770e-03 
 4.042637e-02  3.345827e-03 
 4.074444e-02  3.390724e-03 
 4.106251e-02  3.435527e-03 
 4.138058e-02  3.480184e-03 
 4.169864e-02  3.524669e-03 
 4.201671e-02  3.568915e-03 
 4.233478e-02  3.613019e-03 
 4.265285e-02  3.657035e-03 
 4.297091e-02  3.700917e-03 
 4.328898e-02  3.744594e-03 
 4.360705e-02  3.787996e-03 
 4.392512e-02  3.831108e-03 
 4.424318e-02  3.873962e-03 
 4.456125e-02  3.916560e-03 
 4.487932e-02  3.958919e-03 
 4.519739e-02  4.000920e-03 
 4.551545e-02  4.042432e-03 
 4.583352e-02  4.083480e-03 
 4.615159e-02  4.123993e-03 
 4.646965e-02  4.163955e-03 
 4.678772e-02  4.203296e-03 
 4.710579e-02  4.242062e-03 
 4.742386e-02  4.280313e-03 
 4.774192e-02  4.318160e-03 
 4.805999e-02  4.355440e-03 
 4.837806e-02  4.391905e-03 
 4.869613e-02  4.427688e-03 
 4.901419e-02  4.462930e-03 
 4.933226e-02  4.497581e-03 
 4.965033e-02  4.531639e-03 
 4.996840e-02  4.564961e-03 
 5.028646e-02  4.597496e-03 
 5.060453e-02  4.629161e-03 
 5.092260e-02  4.660028e-03 
 5.124067e-02  4.690129e-03 
 5.155873e-02  4.719468e-03 
 5.187680e-02  4.748096e-03 
 5.219487e-02  4.776083e-03 
 5.251294e-02  4.803560e-03 
 5.283100e-02  4.830625e-03 
 5.314907e-02  4.857199e-03 
 5.346714e-02  4.883282e-03 
 5.378521e-02  4.908955e-03 
 5.410327e-02  4.934313e-03 
 5.442134e-02  4.959463e-03 
 5.473941e-02  4.984405e-03 
 5.505748e-02  5.008996e-03 
 5.537554e-02  5.033128e-03 
 5.569361e-02  5.056879e-03 
 5.601168e-02  5.080340e-03 
 5.632975e-02  5.103464e-03 
 5.664781e-02  5.126211e-03 
 5.696588e-02  5.148558e-03 
 5.728395e-02  5.170469e-03 
 5.760202e-02  5.192040e-03 
 5.792008e-02  5.213164e-03 
 5.823815e-02  5.233613e-03 
 5.855622e-02  5.253377e-03 
 5.887429e-02  5.272665e-03 
 5.919235e-02  5.291467e-03 
 5.951042e-02  5.309712e-03 
 5.982849e-02  5.327383e-03 
 6.014656e-02  5.344400e-03 
 6.046462e-02  5.360766e-03 
 6.078269e-02  5.376541e-03 
 6.110076e-02  5.391677e-03 
 6.141883e-02  5.406134e-03 
 6.173689e-02  5.419997e-03 
 6.205496e-02  5.433299e-03 
 6.237303e-02  5.445900e-03 
 6.269110e-02  5.457958e-03 
 6.300916e-02  5.469562e-03 
 6.332723e-02  5.480566e-03 
 6.364530e-02  5.491034e-03 
 6.396336e-02  5.501032e-03 
 6.428143e-02  5.510739e-03 
 6.459950e-02  5.520075e-03 
 6.491757e-02  5.528841e-03 
 6.523563e-02  5.536917e-03 
 6.555370e-02  5.544273e-03 
 6.587177e-02  5.550954e-03 
 6.618984e-02  5.556922e-03 
 6.650790e-02  5.561987e-03 
 6.682597e-02  5.566082e-03 
 6.714404e-02  5.569185e-03 
 6.746211e-02  5.571176e-03 
 6.778017e-02  5.572113e-03 
 6.809824e-02  5.572082e-03 
 6.841631e-02  5.570755e-03 
 6.873438e-02  5.568424e-03 
 6.905244e-02  5.565336e-03 
 6.937051e-02  5.561303e-03 
 6.968858e-02  5.556206e-03 
 7.000665e-02  5.550078e-03 
 7.032471e-02  5.542891e-03 
 7.064278e-02  5.534857e-03 
 7.096085e-02  5.526012e-03 
 7.127892e-02  5.516317e-03 
 7.159698e-02  5.505706e-03 
 7.191505e-02  5.494343e-03 
 7.223312e-02  5.482074e-03 
 7.255119e-02  5.468790e-03 
 7.286925e-02  5.454423e-03 
 7.318732e-02  5.439099e-03 
 7.350539e-02  5.422588e-03 
 7.382346e-02  5.404965e-03 
 7.414152e-02  5.386248e-03 
 7.445959e-02  5.366526e-03 
 7.477766e-02  5.345699e-03 
 7.509573e-02  5.323680e-03 
 7.541379e-02  5.300621e-03 
 7.573186e-02  5.276677e-03 
 7.604993e-02  5.251722e-03 
 7.636800e-02  5.225570e-03 
 7.668606e-02  5.198630e-03 
 7.700413e-02  5.171045e-03 
 7.732220e-02  5.142097e-03 
 7.764027e-02  5.111969e-03 
 7.795833e-02  5.080564e-03 
 7.827640e-02  5.047816e-03 
 7.859447e-02  5.013488e-03 
 7.891254e-02  4.977750e-03 
 7.923060e-02  4.940676e-03 
 7.954867e-02  4.902021e-03 
 7.986674e-02  4.862194e-03 
 8.018481e-02  4.821257e-03 
 8.050287e-02  4.778983e-03 
 8.082094e-02  4.736433e-03 
 8.113901e-02  4.694157e-03 
 8.145707e-02  4.651415e-03 
 8.177514e-02  4.608378e-03 
 8.209321e-02  4.565073e-03 
 8.241128e-02  4.521184e-03 
 8.272934e-02  4.476805e-03 
 8.304741e-02  4.431650e-03 
 8.336548e-02  4.386086e-03 
 8.368355e-02  4.339567e-03 
 8.400161e-02  4.292201e-03 
 8.431968e-02  4.243979e-03 
 8.463775e-02  4.194571e-03 
 8.495582e-02  4.144338e-03 
 8.527388e-02  4.093154e-03 
 8.559195e-02  4.041289e-03 
 8.591002e-02  3.988875e-03 
 8.622809e-02  3.935712e-03 
 8.654615e-02  3.881542e-03 
 8.686422e-02  3.826644e-03 
 8.718229e-02  3.770729e-03 
 8.750036e-02  3.714162e-03 
 8.781842e-02  3.657433e-03 
 8.813649e-02  3.599984e-03 
 8.845456e-02  3.542459e-03 
 8.877263e-02  3.484680e-03 
 8.909069e-02  3.426878e-03 
 8.940876e-02  3.368828e-03 
 8.972683e-02  3.310632e-03 
 9.004490e-02  3.252604e-03 
 9.036296e-02  3.194580e-03 
 9.068103e-02  3.136407e-03 
 9.099910e-02  3.078003e-03 
 9.131717e-02  3.019383e-03 
 9.163523e-02  2.960618e-03 
 9.195330e-02  2.902056e-03 
 9.227137e-02  2.843618e-03 
 9.258944e-02  2.785182e-03 
 9.290750e-02  2.726823e-03 
 9.322557e-02  2.668460e-03 
 9.354364e-02  2.610097e-03 
 9.386171e-02  2.551560e-03 
 9.417977e-02  2.493199e-03 
 9.449784e-02  2.434808e-03 
 9.481591e-02  2.376401e-03 
 9.513398e-02  2.317870e-03 
 9.545204e-02  2.259526e-03 
 9.577011e-02  2.201361e-03 
 9.608818e-02  2.143371e-03 
 9.640625e-02  2.085604e-03 
 9.672431e-02  2.028277e-03 
 9.704238e-02  1.971300e-03 
 9.736045e-02  1.914846e-03 
 9.767851e-02  1.858584e-03 
 9.799658e-02  1.802384e-03 
 9.831465e-02  1.746518e-03 
 9.863272e-02  1.691347e-03 
 9.895078e-02  1.636767e-03 
 9.926885e-02  1.582690e-03 
 9.958692e-02  1.529231e-03 
 9.990499e-02  1.476454e-03 
 1.002231e-01  1.424699e-03 
 1.005411e-01  1.373744e-03 
 1.008592e-01  1.323675e-03 
 1.011773e-01  1.274425e-03 
 1.014953e-01  1.225959e-03 
 1.018134e-01  1.178055e-03 
 1.021315e-01  1.130436e-03 
 1.024495e-01  1.083094e-03 
 1.027676e-01  1.035727e-03 
 1.030857e-01  9.884342e-04 
 1.034037e-01  9.414575e-04 
 1.037218e-01  8.946311e-04 
 1.040399e-01  8.480581e-04 
 1.043579e-01  8.019770e-04 
 1.046760e-01  7.563540e-04 
 1.049941e-01  7.110267e-04 
 1.053121e-01  6.662829e-04 
 1.056302e-01  6.222555e-04 
 1.059483e-01  5.789222e-04 
 1.062663e-01  5.364209e-04 
 1.065844e-01  4.947664e-04 
 1.069025e-01  4.536500e-04 
 1.072205e-01  4.133278e-04 
 1.075386e-01  3.739209e-04 
 1.078567e-01  3.351021e-04 
 1.081747e-01  2.972111e-04 
 1.084928e-01  2.604625e-04 
 1.088109e-01  2.247580e-04 
 1.091289e-01  1.900021e-04 
 1.094470e-01  1.559232e-04 
 1.097651e-01  1.224860e-04 
 1.100831e-01  8.966467e-05 
 1.104012e-01  5.740733e-05 
 1.107193e-01  2.551214e-05 
 1.110373e-01 -6.163688e-06 
 1.113554e-01 -3.779017e-05 
 1.116735e-01 -6.946453e-05 
 1.119916e-01 -1.010721e-04 
 1.123096e-01 -1.327202e-04 
 1.126277e-01 -1.639292e-04 
 1.129458e-01 -1.946691e-04 
 1.132638e-01 -2.247774e-04 
 1.135819e-01 -2.542645e-04 
 1.139000e-01 -2.830885e-04 
 1.142180e-01 -3.112391e-04 
 1.145361e-01 -3.389508e-04 
 1.148542e-01 -3.662720e-04 
 1.151722e-01 -3.933047e-04 
 1.154903e-01 -4.199515e-04 
 1.158084e-01 -4.462419e-04 
 1.161264e-01 -4.722051e-04 
 1.164445e-01 -4.980875e-04 
 1.167626e-01 -5.236505e-04 
 1.170806e-01 -5.489925e-04 
 1.173987e-01 -5.738979e-04 
 1.177168e-01 -5.985432e-04 
 1.180348e-01 -6.226743e-04 
 1.183529e-01 -6.462786e-04 
 1.186710e-01 -6.691769e-04 
 1.189890e-01 -6.916455e-04 
 1.193071e-01 -7.134131e-04 
 1.196252e-01 -7.347777e-04 
 1.199432e-01 -7.557980e-04 
 1.202613e-01 -7.764172e-04 
 1.205794e-01 -7.967128e-04 
 1.208974e-01 -8.170224e-04 
 1.212155e-01 -8.373161e-04 
 1.215336e-01 -8.579734e-04 
 1.218516e-01 -8.788735e-04 
 1.221697e-01 -8.999856e-04 
 1.224878e-01 -9.211411e-04 
 1.228058e-01 -9.420510e-04 
 1.231239e-01 -9.624969e-04 
 1.234420e-01 -9.823677e-04 
 1.237600e-01 -1.001714e-03 
 1.240781e-01 -1.020183e-03 
 1.243962e-01 -1.038020e-03 
 1.247142e-01 -1.055341e-03 
 1.250323e-01 -1.072244e-03 
 1.253504e-01 -1.088602e-03 
 1.256685e-01 -1.104699e-03 
 1.259865e-01 -1.120453e-03 
 1.263046e-01 -1.136130e-03 
 1.266227e-01 -1.151454e-03 
 1.269407e-01 -1.166585e-03 
 1.272588e-01 -1.181043e-03 
 1.275769e-01 -1.194889e-03 
 1.278949e-01 -1.207881e-03 
 1.282130e-01 -1.220365e-03 
 1.285311e-01 -1.232240e-03 
 1.288491e-01 -1.243738e-03 
 1.291672e-01 -1.254902e-03 
 1.294853e-01 -1.266116e-03 
 1.298033e-01 -1.277511e-03 
 1.301214e-01 -1.289333e-03 
 1.304395e-01 -1.301640e-03 
 1.307575e-01 -1.314540e-03 
 1.310756e-01 -1.328147e-03 
 1.313937e-01 -1.342736e-03 
 1.317117e-01 -1.358156e-03 
 1.320298e-01 -1.374666e-03 
 1.323479e-01 -1.391872e-03 
 1.326659e-01 -1.409241e-03 
 1.329840e-01 -1.426677e-03 
 1.333021e-01 -1.444296e-03 
 1.336201e-01 -1.461738e-03 
 1.339382e-01 -1.478538e-03 
 1.342563e-01 -1.494439e-03 
 1.345743e-01 -1.509202e-03 
 1.348924e-01 -1.522599e-03 
 1.352105e-01 -1.534148e-03 
 1.355285e-01 -1.543694e-03 
 1.358466e-01 -1.551342e-03 
 1.361647e-01 -1.557162e-03 
 1.364827e-01 -1.561218e-03 
 1.368008e-01 -1.563669e-03 
 1.371189e-01 -1.564636e-03 
 1.374369e-01 -1.564340e-03 
 1.377550e-01 -1.563046e-03 
 1.380731e-01 -1.561129e-03 
 1.383911e-01 -1.559494e-03 
 1.387092e-01 -1.558493e-03 
 1.390273e-01 -1.558283e-03 
 1.393454e-01 -1.558871e-03 
 1.396634e-01 -1.560124e-03 
 1.399815e-01 -1.561940e-03 
 1.402996e-01 -1.563859e-03 
 1.406176e-01 -1.565893e-03 
 1.409357e-01 -1.567367e-03 
 1.412538e-01 -1.568291e-03 
 1.415718e-01 -1.568885e-03 
 1.418899e-01 -1.568096e-03 
 1.422080e-01 -1.565164e-03 
 1.425260e-01 -1.560484e-03 
 1.428441e-01 -1.554392e-03 
 1.431622e-01 -1.546824e-03 
 1.434802e-01 -1.538105e-03 
 1.437983e-01 -1.528134e-03 
 1.441164e-01 -1.516740e-03 
 1.444344e-01 -1.504144e-03 
 1.447525e-01 -1.489958e-03 
 1.450706e-01 -1.474084e-03 
 1.453886e-01 -1.457082e-03 
 1.457067e-01 -1.438929e-03 
 1.460248e-01 -1.419808e-03 
 1.463428e-01 -1.400091e-03 
 1.466609e-01 -1.379582e-03 
 1.469790e-01 -1.357559e-03 
 1.472970e-01 -1.333309e-03 
 1.476151e-01 -1.307834e-03 
 1.479332e-01 -1.280633e-03 
 1.482512e-01 -1.252229e-03 
 1.485693e-01 -1.223947e-03 
 1.488874e-01 -1.193963e-03 
 1.492054e-01 -1.162610e-03 
 1.495235e-01 -1.129849e-03 
 1.498416e-01 -1.096350e-03 
 1.501596e-01 -1.062859e-03 
 1.504777e-01 -1.029640e-03 
 1.507958e-01 -9.974120e-04 
 1.511138e-01 -9.659853e-04 
 1.514319e-01 -9.341438e-04 
 1.517500e-01 -9.012890e-04 
 1.520680e-01 -8.675466e-04 
 1.523861e-01 -8.335571e-04 
 1.527042e-01 -7.988418e-04 
 1.530223e-01 -7.630606e-04 
 1.533403e-01 -7.255122e-04 
 1.536584e-01 -6.868646e-04 
 1.539765e-01 -6.468890e-04 
 1.542945e-01 -6.055457e-04 
 1.546126e-01 -5.621773e-04 
 1.549307e-01 -5.171000e-04 
 1.552487e-01 -4.707906e-04 
 1.555668e-01 -4.232038e-04 
 1.558849e-01 -3.741822e-04 
 1.562029e-01 -3.243473e-04 
 1.565210e-01 -2.734631e-04 
 1.568391e-01 -2.215091e-04 
 1.571571e-01 -1.686254e-04 
 1.574752e-01 -1.147648e-04 
 1.577933e-01 -6.134641e-05 
 1.581113e-01 -8.215979e-06 
 1.584294e-01  4.408693e-05 
 1.587475e-01  9.559077e-05 
 1.590655e-01  1.470295e-04 
 1.593836e-01  1.982577e-04 
 1.597017e-01  2.490808e-04 
 1.600197e-01  2.992551e-04 
 1.603378e-01  3.487815e-04 
 1.606559e-01  3.976121e-04 
 1.609739e-01  4.460464e-04 
 1.612920e-01  4.941517e-04 
 1.616101e-01  5.426850e-04 
 1.619281e-01  5.920806e-04 
 1.622462e-01  6.419662e-04 
 1.625643e-01  6.928707e-04 
 1.628823e-01  7.447985e-04 
 1.632004e-01  7.975848e-04 
 1.635185e-01  8.521898e-04 
 1.638365e-01  9.094884e-04 
 1.641546e-01  9.687708e-04 
 1.644727e-01  1.029567e-03 
 1.647907e-01  1.091530e-03 
 1.651088e-01  1.155066e-03 
 1.654269e-01  1.219996e-03 
 1.657450e-01  1.286582e-03 
 1.660630e-01  1.354715e-03 
 1.663811e-01  1.424253e-03 
 1.666992e-01  1.494601e-03 
 1.670172e-01  1.565873e-03 
 1.673353e-01  1.638079e-03 
 1.676534e-01  1.711575e-03 
 1.679714e-01  1.785713e-03 
 1.682895e-01  1.860251e-03 
 1.686076e-01  1.935472e-03 
 1.689256e-01  2.010979e-03 
 1.692437e-01  2.086570e-03 
 1.695618e-01  2.161770e-03 
 1.698798e-01  2.237127e-03 
 1.701979e-01  2.313313e-03 
 1.705160e-01  2.390195e-03 
 1.708340e-01  2.467374e-03 
 1.711521e-01  2.545270e-03 
 1.714702e-01  2.624753e-03 
 1.717882e-01  2.706324e-03 
 1.721063e-01  2.790557e-03 
 1.724244e-01  2.877599e-03 
 1.727424e-01  2.967515e-03 
 1.730605e-01  3.059667e-03 
 1.733786e-01  3.153977e-03 
 1.736966e-01  3.250568e-03 
 1.740147e-01  3.349434e-03 
 1.743328e-01  3.450011e-03 
 1.746508e-01  3.552187e-03 
 1.749689e-01  3.655665e-03 
 1.752870e-01  3.760705e-03 
 1.756050e-01  3.867084e-03 
 1.759231e-01  3.974785e-03 
 1.762412e-01  4.083728e-03 
 1.765592e-01  4.193873e-03 
 1.768773e-01  4.305177e-03 
 1.771954e-01  4.416997e-03 
 1.775134e-01  4.528894e-03 
 1.778315e-01  4.640238e-03 
 1.781496e-01  4.750889e-03 
 1.784676e-01  4.860524e-03 
 1.787857e-01  4.969045e-03 
 1.791038e-01  5.076888e-03 
 1.794219e-01  5.184626e-03 
 1.797399e-01  5.292384e-03 
 1.800580e-01  5.400174e-03 
 1.803761e-01  5.508381e-03 
 1.806941e-01  5.617243e-03 
 1.810122e-01  5.727215e-03 
 1.813303e-01  5.838620e-03 
 1.816483e-01  5.951706e-03 
 1.819664e-01  6.066129e-03 
 1.822845e-01  6.181842e-03 
 1.826025e-01  6.298478e-03 
 1.829206e-01  6.415298e-03 
 1.832387e-01  6.531941e-03 
 1.835567e-01  6.647871e-03 
 1.838748e-01  6.762236e-03 
 1.841929e-01  6.874478e-03 
 1.845109e-01  6.984465e-03 
 1.848290e-01  7.091174e-03 
 1.851471e-01  7.194370e-03 
 1.854651e-01  7.294029e-03 
 1.857832e-01  7.390881e-03 
 1.861013e-01  7.485442e-03 
 1.864193e-01  7.577326e-03 
 1.867374e-01  7.666716e-03 
 1.870555e-01  7.753606e-03 
 1.873735e-01  7.838026e-03 
 1.876916e-01  7.919238e-03 
 1.880097e-01  7.997007e-03 
 1.883277e-01  8.071565e-03 
 1.886458e-01  8.142763e-03 
 1.889639e-01  8.210583e-03 
 1.892819e-01  8.274799e-03 
 1.896000e-01  8.335306e-03 
 1.899181e-01  8.392868e-03 
 1.902361e-01  8.447887e-03 
 1.905542e-01  8.500915e-03 
 1.908723e-01  8.552739e-03 
 1.911903e-01  8.603225e-03 
 1.915084e-01  8.651498e-03 
 1.918265e-01  8.698479e-03 
 1.921445e-01  8.744223e-03 
 1.924626e-01  8.788894e-03 
 1.927807e-01  8.833606e-03 
 1.930988e-01  8.875385e-03 
 1.934168e-01  8.917977e-03 
 1.937349e-01  8.957319e-03 
 1.940530e-01  8.997759e-03 
 1.943710e-01  9.033823e-03 
 1.946891e-01  9.068053e-03 
 1.950072e-01  9.099663e-03 
 1.953252e-01  9.127687e-03 
 1.956433e-01  9.152450e-03 
 1.959614e-01  9.175224e-03 
 1.962794e-01  9.195840e-03 
 1.965975e-01  9.215614e-03 
 1.969156e-01  9.232643e-03 
 1.972336e-01  9.248360e-03 
 1.975517e-01  9.263027e-03 
 1.978698e-01  9.275952e-03 
 1.981878e-01  9.287035e-03 
 1.985059e-01  9.296106e-03 
 1.988240e-01  9.304975e-03 
 1.991420e-01  9.313220e-03 
 1.994601e-01  9.321197e-03 
 1.997782e-01  9.328513e-03 
 2.000962e-01  9.336214e-03 
 2.004143e-01  9.344595e-03 
 2.007324e-01  9.354391e-03 
 2.010504e-01  9.365743e-03 
 2.013685e-01  9.379810e-03 
 2.016866e-01  9.395867e-03 
 2.020046e-01  9.413878e-03 
 2.023227e-01  9.432296e-03 
 2.026408e-01  9.451155e-03 
 2.029588e-01  9.470599e-03 
 2.032769e-01  9.490117e-03 
 2.035950e-01  9.508537e-03 
 2.039130e-01  9.525891e-03 
 2.042311e-01  9.542298e-03 
 2.045492e-01  9.557373e-03 
 2.048672e-01  9.571863e-03 
 2.051853e-01  9.585694e-03 
 2.055034e-01  9.600394e-03 
 2.058214e-01  9.614981e-03 
 2.061395e-01  9.629300e-03 
 2.064576e-01  9.642991e-03 
 2.067757e-01  9.657242e-03 
 2.070937e-01  9.670659e-03 
 2.074118e-01  9.683638e-03 
 2.077299e-01  9.695361e-03 
 2.080479e-01  9.707139e-03 
 2.083660e-01  9.717556e-03 
 2.086841e-01  9.728341e-03 
 2.090021e-01  9.738180e-03 
 2.093202e-01  9.748987e-03 
 2.096383e-01  9.760533e-03 
 2.099563e-01  9.772393e-03 
 2.102744e-01  9.784305e-03 
 2.105925e-01  9.796804e-03 
 2.109105e-01  9.809340e-03 
 2.112286e-01  9.821923e-03 
 2.115467e-01  9.833380e-03 
 2.118647e-01  9.843880e-03 
 2.121828e-01  9.853125e-03 
 2.125009e-01  9.861014e-03 
 2.128189e-01  9.866929e-03 
 2.131370e-01  9.870649e-03 
 2.134551e-01  9.872023e-03 
 2.137731e-01  9.871094e-03 
 2.140912e-01  9.868977e-03 
 2.144093e-01  9.865323e-03 
 2.147273e-01  9.860682e-03 
 2.150454e-01  9.855239e-03 
 2.153635e-01  9.848892e-03 
 2.156815e-01  9.841929e-03 
 2.159996e-01  9.834710e-03 
 2.163177e-01  9.827034e-03 
 2.166357e-01  9.819023e-03 
 2.169538e-01  9.809473e-03 
 2.172719e-01  9.798854e-03 
 2.175899e-01  9.787242e-03 
 2.179080e-01  9.774250e-03 
 2.182261e-01  9.759802e-03 
 2.185441e-01  9.744944e-03 
 2.188622e-01  9.730233e-03 
 2.191803e-01  9.715905e-03 
 2.194983e-01  9.701533e-03 
 2.198164e-01  9.687943e-03 
 2.201345e-01  9.675878e-03 
 2.204526e-01  9.665998e-03 
 2.207706e-01  9.657072e-03 
 2.210887e-01  9.650236e-03 
 2.214068e-01  9.645134e-03 
 2.217248e-01  9.641239e-03 
 2.220429e-01  9.637513e-03 
 2.223610e-01  9.633562e-03 
 2.226790e-01  9.629694e-03 
 2.229971e-01  9.625200e-03 
 2.233152e-01  9.619982e-03 
 2.236332e-01  9.613513e-03 
 2.239513e-01  9.605933e-03 
 2.242694e-01  9.598928e-03 
 2.245874e-01  9.591947e-03 
 2.249055e-01  9.585548e-03 
 2.252236e-01  9.580961e-03 
 2.255416e-01  9.579072e-03 
 2.258597e-01  9.579707e-03 
 2.261778e-01  9.581998e-03 
 2.264958e-01  9.586761e-03 
 2.268139e-01  9.593553e-03 
 2.271320e-01  9.602388e-03 
 2.274500e-01  9.613317e-03 
 2.277681e-01  9.625911e-03 
 2.280862e-01  9.640499e-03 
 2.284042e-01  9.656577e-03 
 2.287223e-01  9.673151e-03 
 2.290404e-01  9.690399e-03 
 2.293584e-01  9.708654e-03 
 2.296765e-01  9.728095e-03 
 2.299946e-01  9.748589e-03 
 2.303126e-01  9.768995e-03 
 2.306307e-01  9.789750e-03 
 2.309488e-01  9.810360e-03 
 2.312668e-01  9.830066e-03 
 2.315849e-01  9.848425e-03 
 2.319030e-01  9.866424e-03 
 2.322210e-01  9.883722e-03 
 2.325391e-01  9.900093e-03 
 2.328572e-01  9.914874e-03 
 2.331753e-01  9.928733e-03 
 2.334933e-01  9.942111e-03 
 2.338114e-01  9.954718e-03 
 2.341295e-01  9.966489e-03 
 2.344475e-01  9.977357e-03 
 2.347656e-01  9.987447e-03 
 2.350837e-01  9.996382e-03 
 2.354017e-01  1.000405e-02 
 2.357198e-01  1.000962e-02 
 2.360379e-01  1.001275e-02 
 2.363559e-01  1.001284e-02 
 2.366740e-01  1.000975e-02 
 2.369921e-01  1.000380e-02 
 2.373101e-01  9.995819e-03 
 2.376282e-01  9.986598e-03 
 2.379463e-01  9.975978e-03 
 2.382643e-01  9.964183e-03 
 2.385824e-01  9.951586e-03 
 2.389005e-01  9.938747e-03 
 2.392185e-01  9.925360e-03 
 2.395366e-01  9.910379e-03 
 2.398547e-01  9.893475e-03 
 2.401727e-01  9.874219e-03 
 2.404908e-01  9.851558e-03 
 2.408089e-01  9.825072e-03 
 2.411269e-01  9.794261e-03 
 2.414450e-01  9.759450e-03 
 2.417631e-01  9.720851e-03 
 2.420811e-01  9.678506e-03 
 2.423992e-01  9.632787e-03 
 2.427173e-01  9.584319e-03 
 2.430353e-01  9.533193e-03 
 2.433534e-01  9.479311e-03 
 2.436715e-01  9.423100e-03 
 2.439895e-01  9.365442e-03 
 2.443076e-01  9.306696e-03 
 2.446257e-01  9.246637e-03 
 2.449437e-01  9.185161e-03 
 2.452618e-01  9.122958e-03 
 2.455799e-01  9.060056e-03 
 2.458979e-01  8.997053e-03 
 2.462160e-01  8.933981e-03 
 2.465341e-01  8.871137e-03 
 2.468522e-01  8.808343e-03 
 2.471702e-01  8.745337e-03 
 2.474883e-01  8.681851e-03 
 2.478064e-01  8.617814e-03 
 2.481244e-01  8.553608e-03 
 2.484425e-01  8.489030e-03 
 2.487606e-01  8.423897e-03 
 2.490786e-01  8.357789e-03 
 2.493967e-01  8.290886e-03 
 2.497148e-01  8.224046e-03 
 2.500328e-01  8.156749e-03 
 2.503509e-01  8.089392e-03 
 2.506690e-01  8.022475e-03 
 2.509870e-01  7.956002e-03 
 2.513051e-01  7.889927e-03 
 2.516232e-01  7.824323e-03 
 2.519412e-01  7.759674e-03 
 2.522593e-01  7.696432e-03 
 2.525774e-01  7.634574e-03 
 2.528954e-01  7.573901e-03 
 2.532135e-01  7.514228e-03 
 2.535316e-01  7.456124e-03 
 2.538496e-01  7.399540e-03 
 2.541677e-01  7.344078e-03 
 2.544858e-01  7.289994e-03 
 2.548038e-01  7.237596e-03 
 2.551219e-01  7.186752e-03 
 2.554400e-01  7.137632e-03 
 2.557580e-01  7.090535e-03 
 2.560761e-01  7.045465e-03 
 2.563942e-01  7.001949e-03 
 2.567122e-01  6.960352e-03 
 2.570303e-01  6.920549e-03 
 2.573484e-01  6.883007e-03 
 2.576664e-01  6.847085e-03 
 2.579845e-01  6.811663e-03 
 2.583026e-01  6.776163e-03 
 2.586206e-01  6.740326e-03 
 2.589387e-01  6.703886e-03 
 2.592568e-01  6.666151e-03 
 2.595748e-01  6.626638e-03 
 2.598929e-01  6.585915e-03 
 2.602110e-01  6.543700e-03 
 2.605291e-01  6.500289e-03 
 2.608471e-01  6.455772e-03 
 2.611652e-01  6.410834e-03 
 2.614833e-01  6.365851e-03 
 2.618013e-01  6.321203e-03 
 2.621194e-01  6.277215e-03 
 2.624375e-01  6.234079e-03 
 2.627555e-01  6.192173e-03 
 2.630736e-01  6.151208e-03 
 2.633917e-01  6.111321e-03 
 2.637097e-01  6.072735e-03 
 2.640278e-01  6.035909e-03 
 2.643459e-01  6.000531e-03 
 2.646639e-01  5.966134e-03 
 2.649820e-01  5.932632e-03 
 2.653001e-01  5.900185e-03 
 2.656181e-01  5.868358e-03 
 2.659362e-01  5.836553e-03 
 2.662543e-01  5.804756e-03 
 2.665723e-01  5.772277e-03 
 2.668904e-01  5.738665e-03 
 2.672085e-01  5.703742e-03 
 2.675265e-01  5.667301e-03 
 2.678446e-01  5.629057e-03 
 2.681627e-01  5.589063e-03 
 2.684807e-01  5.547502e-03 
 2.687988e-01  5.504741e-03 
 2.691169e-01  5.461278e-03 
 2.694349e-01  5.417698e-03 
 2.697530e-01  5.374809e-03 
 2.700711e-01  5.332376e-03 
 2.703891e-01  5.290749e-03 
 2.707072e-01  5.250285e-03 
 2.710253e-01  5.211241e-03 
 2.713433e-01  5.173965e-03 
 2.716614e-01  5.138489e-03 
 2.719795e-01  5.104635e-03 
 2.722975e-01  5.071974e-03 
 2.726156e-01  5.040782e-03 
 2.729337e-01  5.010407e-03 
 2.732517e-01  4.981529e-03 
 2.735698e-01  4.954714e-03 
 2.738879e-01  4.929643e-03 
 2.742060e-01  4.906665e-03 
 2.745240e-01  4.885421e-03 
 2.748421e-01  4.866377e-03 
 2.751602e-01  4.849390e-03 
 2.754782e-01  4.834324e-03 
 2.757963e-01  4.821069e-03 
 2.761144e-01  4.809665e-03 
 2.764324e-01  4.799535e-03 
 2.767505e-01  4.790512e-03 
 2.770686e-01  4.781809e-03 
 2.773866e-01  4.773088e-03 
 2.777047e-01  4.763700e-03 
 2.780228e-01  4.753712e-03 
 2.783408e-01  4.743348e-03 
 2.786589e-01  4.733053e-03 
 2.789770e-01  4.723589e-03 
 2.792950e-01  4.714515e-03 
 2.796131e-01  4.706450e-03 
 2.799312e-01  4.699801e-03 
 2.802492e-01  4.694831e-03 
 2.805673e-01  4.691883e-03 
 2.808854e-01  4.691286e-03 
 2.812034e-01  4.693048e-03 
 2.815215e-01  4.697286e-03 
 2.818396e-01  4.703317e-03 
 2.821576e-01  4.710728e-03 
 2.824757e-01  4.719717e-03 
 2.827938e-01  4.730492e-03 
 2.831118e-01  4.742765e-03 
 2.834299e-01  4.756475e-03 
 2.837480e-01  4.771527e-03 
 2.840660e-01  4.787634e-03 
 2.843841e-01  4.803844e-03 
 2.847022e-01  4.820183e-03 
 2.850202e-01  4.835926e-03 
 2.853383e-01  4.851336e-03 
 2.856564e-01  4.865516e-03 
 2.859744e-01  4.877861e-03 
 2.862925e-01  4.887546e-03 
 2.866106e-01  4.895024e-03 
 2.869286e-01  4.899919e-03 
 2.872467e-01  4.902119e-03 
 2.875648e-01  4.901910e-03 
 2.878829e-01  4.899896e-03 
 2.882009e-01  4.896066e-03 
 2.885190e-01  4.890651e-03 
 2.888371e-01  4.883218e-03 
 2.891551e-01  4.874101e-03 
 2.894732e-01  4.863841e-03 
 2.897913e-01  4.852102e-03 
 2.901093e-01  4.839294e-03 
 2.904274e-01  4.825338e-03 
 2.907455e-01  4.810489e-03 
 2.910635e-01  4.794747e-03 
 2.913816e-01  4.778006e-03 
 2.916997e-01  4.760109e-03 
 2.920177e-01  4.741359e-03 
 2.923358e-01  4.722109e-03 
 2.926539e-01  4.702177e-03 
 2.929719e-01  4.681837e-03 
 2.932900e-01  4.661086e-03 
 2.936081e-01  4.639665e-03 
 2.939261e-01  4.617065e-03 
 2.942442e-01  4.592659e-03 
 2.945623e-01  4.566263e-03 
 2.948803e-01  4.537741e-03 
 2.951984e-01  4.506863e-03 
 2.955165e-01  4.472930e-03 
 2.958345e-01  4.436106e-03 
 2.961526e-01  4.396302e-03 
 2.964707e-01  4.353588e-03 
 2.967887e-01  4.308328e-03 
 2.971068e-01  4.261172e-03 
 2.974249e-01  4.212425e-03 
 2.977429e-01  4.161896e-03 
 2.980610e-01  4.109799e-03 
 2.983791e-01  4.056845e-03 
 2.986971e-01  4.003912e-03 
 2.990152e-01  3.951070e-03 
 2.993333e-01  3.898576e-03 
 2.996513e-01  3.846795e-03 
 2.999694e-01  3.795687e-03 
 3.002875e-01  3.745179e-03 
 3.006056e-01  3.695632e-03 
 3.009236e-01  3.647280e-03 
 3.012417e-01  3.600248e-03 
 3.015598e-01  3.554091e-03 
 3.018778e-01  3.508335e-03 
 3.021959e-01  3.462808e-03 
 3.025140e-01  3.417054e-03 
 3.028320e-01  3.371437e-03 
 3.031501e-01  3.325920e-03 
 3.034682e-01  3.280813e-03 
 3.037862e-01  3.236162e-03 
 3.041043e-01  3.191006e-03 
 3.044224e-01  3.144942e-03 
 3.047404e-01  3.098418e-03 
 3.050585e-01  3.051493e-03 
 3.053766e-01  3.004224e-03 
 3.056946e-01  2.956417e-03 
 3.060127e-01  2.907746e-03 
 3.063308e-01  2.858043e-03 
 3.066488e-01  2.807138e-03 
 3.069669e-01  2.755241e-03 
 3.072850e-01  2.702415e-03 
 3.076030e-01  2.649689e-03 
 3.079211e-01  2.597751e-03 
 3.082392e-01  2.546464e-03 
 3.085572e-01  2.496097e-03 
 3.088753e-01  2.446912e-03 
 3.091934e-01  2.399341e-03 
 3.095114e-01  2.353545e-03 
 3.098295e-01  2.309673e-03 
 3.101476e-01  2.267824e-03 
 3.104656e-01  2.227808e-03 
 3.107837e-01  2.189353e-03 
 3.111018e-01  2.152131e-03 
 3.114198e-01  2.115706e-03 
 3.117379e-01  2.079944e-03 
 3.120560e-01  2.044426e-03 
 3.123740e-01  2.009437e-03 
 3.126921e-01  1.974645e-03 
 3.130102e-01  1.939639e-03 
 3.133282e-01  1.904099e-03 
 3.136463e-01  1.867847e-03 
 3.139644e-01  1.830577e-03 
 3.142825e-01  1.792303e-03 
 3.146005e-01  1.752811e-03 
 3.149186e-01  1.712992e-03 
 3.152367e-01  1.672394e-03 
 3.155547e-01  1.631028e-03 
 3.158728e-01  1.589083e-03 
 3.161909e-01  1.547054e-03 
 3.165089e-01  1.505352e-03 
 3.168270e-01  1.464074e-03 
 3.171451e-01  1.423347e-03 
 3.174631e-01  1.383375e-03 
 3.177812e-01  1.344088e-03 
 3.180993e-01  1.305653e-03 
 3.184173e-01  1.267919e-03 
 3.187354e-01  1.230939e-03 
 3.190535e-01  1.195046e-03 
 3.193715e-01  1.160451e-03 
 3.196896e-01  1.127179e-03 
 3.200077e-01  1.095506e-03 
 3.203257e-01  1.065625e-03 
 3.206438e-01  1.037384e-03 
 3.209619e-01  1.010901e-03 
 3.212799e-01  9.862562e-04 
 3.215980e-01  9.627909e-04 
 3.219161e-01  9.405566e-04 
 3.222341e-01  9.190846e-04 
 3.225522e-01  8.983423e-04 
 3.228703e-01  8.783215e-04 
 3.231883e-01  8.586406e-04 
 3.235064e-01  8.393737e-04 
 3.238245e-01  8.205573e-04 
 3.241425e-01  8.021756e-04 
 3.244606e-01  7.838274e-04 
 3.247787e-01  7.658484e-04 
 3.250967e-01  7.482780e-04 
 3.254148e-01  7.310613e-04 
 3.257329e-01  7.142822e-04 
 3.260509e-01  6.983278e-04 
 3.263690e-01  6.834124e-04 
 3.266871e-01  6.698300e-04 
 3.270051e-01  6.581265e-04 
 3.273232e-01  6.487086e-04 
 3.276413e-01  6.420370e-04 
 3.279594e-01  6.383475e-04 
 3.282774e-01  6.376537e-04 
 3.285955e-01  6.398383e-04 
 3.289136e-01  6.444577e-04 
 3.292316e-01  6.511410e-04 
 3.295497e-01  6.594489e-04 
 3.298678e-01  6.691012e-04 
 3.301858e-01  6.798805e-04 
 3.305039e-01  6.913144e-04 
 3.308220e-01  7.033867e-04 
 3.311400e-01  7.157345e-04 
 3.314581e-01  7.282275e-04 
 3.317762e-01  7.408391e-04 
 3.320942e-01  7.532320e-04 
 3.324123e-01  7.653539e-04 
 3.327304e-01  7.768690e-04 
 3.330484e-01  7.876783e-04 
 3.333665e-01  7.974447e-04 
 3.336846e-01  8.063207e-04 
 3.340026e-01  8.141963e-04 
 3.343207e-01  8.208245e-04 
 3.346388e-01  8.264238e-04 
 3.349568e-01  8.316354e-04 
 3.352749e-01  8.363488e-04 
 3.355930e-01  8.405938e-04 
 3.359110e-01  8.446772e-04 
 3.362291e-01  8.486138e-04 
 3.365472e-01  8.522890e-04 
 3.368652e-01  8.556364e-04 
 3.371833e-01  8.585788e-04 
 3.375014e-01  8.607158e-04 
 3.378194e-01  8.623191e-04 
 3.381375e-01  8.632457e-04 
 3.384556e-01  8.632113e-04 
 3.387736e-01  8.625465e-04 
 3.390917e-01  8.612676e-04 
 3.394098e-01  8.592454e-04 
 3.397278e-01  8.567311e-04 
 3.400459e-01  8.536300e-04 
 3.403640e-01  8.495301e-04 
 3.406820e-01  8.437344e-04 
 3.410001e-01  8.358782e-04 
 3.413182e-01  8.258455e-04 
 3.416363e-01  8.134845e-04 
 3.419543e-01  7.988250e-04 
 3.422724e-01  7.820012e-04 
 3.425905e-01  7.626328e-04 
 3.429085e-01  7.406385e-04 
 3.432266e-01  7.161981e-04 
 3.435447e-01  6.895668e-04 
 3.438627e-01  6.610643e-04 
 3.441808e-01  6.307513e-04 
 3.444989e-01  5.986400e-04 
 3.448169e-01  5.651876e-04 
 3.451350e-01  5.305301e-04 
 3.454531e-01  4.946654e-04 
 3.457711e-01  4.584054e-04 
 3.460892e-01  4.224359e-04 
 3.464073e-01  3.873998e-04 
 3.467253e-01  3.532084e-04 
 3.470434e-01  3.196880e-04 
 3.473615e-01  2.866477e-04 
 3.476795e-01  2.540879e-04 
 3.479976e-01  2.220506e-04 
 3.483157e-01  1.903446e-04 
 3.486337e-01  1.585358e-04 
 3.489518e-01  1.265809e-04 
 3.492699e-01  9.457354e-05 
 3.495879e-01  6.218424e-05 
 3.499060e-01  2.968612e-05 
 3.502241e-01 -2.790282e-06 
 3.505421e-01 -3.515670e-05 
 3.508602e-01 -6.737954e-05 
 3.511783e-01 -9.980388e-05 
 3.514963e-01 -1.328266e-04 
 3.518144e-01 -1.665224e-04 
 3.521325e-01 -2.010199e-04 
 3.524505e-01 -2.360996e-04 
 3.527686e-01 -2.716016e-04 
 3.530867e-01 -3.070667e-04 
 3.534047e-01 -3.425648e-04 
 3.537228e-01 -3.774397e-04 
 3.540409e-01 -4.118826e-04 
 3.543589e-01 -4.455003e-04 
 3.546770e-01 -4.778348e-04 
 3.549951e-01 -5.088705e-04 
 3.553132e-01 -5.387126e-04 
 3.556312e-01 -5.673089e-04 
 3.559493e-01 -5.945614e-04 
 3.562674e-01 -6.201443e-04 
 3.565854e-01 -6.443202e-04 
 3.569035e-01 -6.668727e-04 
 3.572216e-01 -6.877100e-04 
 3.575396e-01 -7.068026e-04 
 3.578577e-01 -7.240995e-04 
 3.581758e-01 -7.395773e-04 
 3.584938e-01 -7.535567e-04 
 3.588119e-01 -7.661131e-04 
 3.591300e-01 -7.775305e-04 
 3.594480e-01 -7.883214e-04 
 3.597661e-01 -7.991827e-04 
 3.600842e-01 -8.103093e-04 
 3.604022e-01 -8.222269e-04 
 3.607203e-01 -8.348370e-04 
 3.610384e-01 -8.480079e-04 
 3.613564e-01 -8.617282e-04 
 3.616745e-01 -8.760915e-04 
 3.619926e-01 -8.903627e-04 
 3.623106e-01 -9.041939e-04 
 3.626287e-01 -9.175455e-04 
 3.629468e-01 -9.301695e-04 
 3.632648e-01 -9.421451e-04 
 3.635829e-01 -9.532726e-04 
 3.639010e-01 -9.637120e-04 
 3.642190e-01 -9.736032e-04 
 3.645371e-01 -9.827956e-04 
 3.648552e-01 -9.913030e-04 
 3.651732e-01 -9.990050e-04 
 3.654913e-01 -1.005611e-03 
 3.658094e-01 -1.011033e-03 
 3.661274e-01 -1.014544e-03 
 3.664455e-01 -1.016063e-03 
 3.667636e-01 -1.015833e-03 
 3.670816e-01 -1.014278e-03 
 3.673997e-01 -1.011597e-03 
 3.677178e-01 -1.008233e-03 
 3.680359e-01 -1.004258e-03 
 3.683539e-01 -9.998733e-04 
 3.686720e-01 -9.954693e-04 
 3.689901e-01 -9.909753e-04 
 3.693081e-01 -9.866033e-04 
 3.696262e-01 -9.822868e-04 
 3.699443e-01 -9.779023e-04 
 3.702623e-01 -9.731666e-04 
 3.705804e-01 -9.682662e-04 
 3.708985e-01 -9.635823e-04 
 3.712165e-01 -9.595232e-04 
 3.715346e-01 -9.560445e-04 
 3.718527e-01 -9.530396e-04 
 3.721707e-01 -9.504973e-04 
 3.724888e-01 -9.483786e-04 
 3.728069e-01 -9.461947e-04 
 3.731249e-01 -9.432579e-04 
 3.734430e-01 -9.394071e-04 
 3.737611e-01 -9.340284e-04 
 3.740791e-01 -9.266918e-04 
 3.743972e-01 -9.174244e-04 
 3.747153e-01 -9.056740e-04 
 3.750333e-01 -8.923937e-04 
 3.753514e-01 -8.770537e-04 
 3.756695e-01 -8.601257e-04 
 3.759875e-01 -8.416679e-04 
 3.763056e-01 -8.221108e-04 
 3.766237e-01 -8.017481e-04 
 3.769417e-01 -7.807167e-04 
 3.772598e-01 -7.596367e-04 
 3.775779e-01 -7.384035e-04 
 3.778959e-01 -7.173160e-04 
 3.782140e-01 -6.964153e-04 
 3.785321e-01 -6.762053e-04 
 3.788501e-01 -6.566699e-04 
 3.791682e-01 -6.378901e-04 
 3.794863e-01 -6.199260e-04 
 3.798043e-01 -6.033482e-04 
 3.801224e-01 -5.876870e-04 
 3.804405e-01 -5.726039e-04 
 3.807585e-01 -5.577947e-04 
 3.810766e-01 -5.429971e-04 
 3.813947e-01 -5.281130e-04 
 3.817128e-01 -5.127264e-04 
 3.820308e-01 -4.971047e-04 
 3.823489e-01 -4.809529e-04 
 3.826670e-01 -4.646003e-04 
 3.829850e-01 -4.477139e-04 
 3.833031e-01 -4.302774e-04 
 3.836212e-01 -4.127658e-04 
 3.839392e-01 -3.955684e-04 
 3.842573e-01 -3.783164e-04 
 3.845754e-01 -3.609770e-04 
 3.848934e-01 -3.434927e-04 
 3.852115e-01 -3.254287e-04 
 3.855296e-01 -3.073135e-04 
 3.858476e-01 -2.889708e-04 
 3.861657e-01 -2.705302e-04 
 3.864838e-01 -2.522197e-04 
 3.868018e-01 -2.346423e-04 
 3.871199e-01 -2.177127e-04 
 3.874380e-01 -2.017515e-04 
 3.877560e-01 -1.869198e-04 
 3.880741e-01 -1.735031e-04 
 3.883922e-01 -1.616259e-04 
 3.887102e-01 -1.510077e-04 
 3.890283e-01 -1.413521e-04 
 3.893464e-01 -1.321799e-04 
 3.896644e-01 -1.238087e-04 
 3.899825e-01 -1.159970e-04 
 3.903006e-01 -1.087120e-04 
 3.906186e-01 -1.020314e-04 
 3.909367e-01 -9.549541e-05 
 3.912548e-01 -8.880839e-05 
 3.915728e-01 -8.173951e-05 
 3.918909e-01 -7.443002e-05 
 3.922090e-01 -6.633791e-05 
 3.925270e-01 -5.743187e-05 
 3.928451e-01 -4.728987e-05 
 3.931632e-01 -3.595242e-05 
 3.934812e-01 -2.329424e-05 
 3.937993e-01 -9.255896e-06 
 3.941174e-01  5.823687e-06 
 3.944354e-01  2.193442e-05 
 3.947535e-01  3.839880e-05 
 3.950716e-01  5.529261e-05 
 3.953897e-01  7.213995e-05 
 3.957077e-01  8.893879e-05 
 3.960258e-01  1.055348e-04 
 3.963439e-01  1.217112e-04 
 3.966619e-01  1.371702e-04 
 3.969800e-01  1.520815e-04 
 3.972981e-01  1.664172e-04 
 3.976161e-01  1.799857e-04 
 3.979342e-01  1.928100e-04 
 3.982523e-01  2.045607e-04 
 3.985703e-01  2.157570e-04 
 3.988884e-01  2.260230e-04 
 3.992065e-01  2.358416e-04 
 3.995245e-01  2.452866e-04 
 3.998426e-01  2.543482e-04 
 4.001607e-01  2.635842e-04 
 4.004787e-01  2.730224e-04 
 4.007968e-01  2.825142e-04 
 4.011149e-01  2.923418e-04 
 4.014329e-01  3.029932e-04 
 4.017510e-01  3.144126e-04 
 4.020691e-01  3.267239e-04 
 4.023871e-01  3.396845e-04 
 4.027052e-01  3.529876e-04 
 4.030233e-01  3.665308e-04 
 4.033413e-01  3.802375e-04 
 4.036594e-01  3.938440e-04 
 4.039775e-01  4.076558e-04 
 4.042955e-01  4.211666e-04 
 4.046136e-01  4.341448e-04 
 4.049317e-01  4.460989e-04 
 4.052497e-01  4.567785e-04 
 4.055678e-01  4.662196e-04 
 4.058859e-01  4.740997e-04 
 4.062039e-01  4.803314e-04 
 4.065220e-01  4.847783e-04 
 4.068401e-01  4.872597e-04 
 4.071581e-01  4.877537e-04 
 4.074762e-01  4.866332e-04 
 4.077943e-01  4.837828e-04 
 4.081123e-01  4.797393e-04 
 4.084304e-01  4.749925e-04 
 4.087485e-01  4.697043e-04 
 4.090666e-01  4.637119e-04 
 4.093846e-01  4.573278e-04 
 4.097027e-01  4.502047e-04 
 4.100208e-01  4.426893e-04 
 4.103388e-01  4.344534e-04 
 4.106569e-01  4.258301e-04 
 4.109750e-01  4.166831e-04 
 4.112930e-01  4.071965e-04 
 4.116111e-01  3.978723e-04 
 4.119292e-01  3.884609e-04 
 4.122472e-01  3.787487e-04 
 4.125653e-01  3.691601e-04 
 4.128834e-01  3.597116e-04 
 4.132014e-01  3.505445e-04 
 4.135195e-01  3.418175e-04 
 4.138376e-01  3.331990e-04 
 4.141556e-01  3.242285e-04 
 4.144737e-01  3.153418e-04 
 4.147918e-01  3.061817e-04 
 4.151098e-01  2.966151e-04 
 4.154279e-01  2.868895e-04 
 4.157460e-01  2.771759e-04 
 4.160640e-01  2.671333e-04 
 4.163821e-01  2.567710e-04 
 4.167002e-01  2.458089e-04 
 4.170182e-01  2.347375e-04 
 4.173363e-01  2.234596e-04 
 4.176544e-01  2.120119e-04 
 4.179724e-01  2.007277e-04 
 4.182905e-01  1.895135e-04 
 4.186086e-01  1.783850e-04 
 4.189266e-01  1.676183e-04 
 4.192447e-01  1.575391e-04 
 4.195628e-01  1.484044e-04 
 4.198808e-01  1.404049e-04 
 4.201989e-01  1.336597e-04 
 4.205170e-01  1.282060e-04 
 4.208350e-01  1.243037e-04 
 4.211531e-01  1.218837e-04 
 4.214712e-01  1.209794e-04 
 4.217893e-01  1.216908e-04 
 4.221073e-01  1.236900e-04 
 4.224254e-01  1.270116e-04 
 4.227435e-01  1.313293e-04 
 4.230615e-01  1.365671e-04 
 4.233796e-01  1.424421e-04 
 4.236977e-01  1.487796e-04 
 4.240157e-01  1.553330e-04 
 4.243338e-01  1.623504e-04 
 4.246519e-01  1.693892e-04 
 4.249699e-01  1.761950e-04 
 4.252880e-01  1.825891e-04 
 4.256061e-01  1.888476e-04 
 4.259241e-01  1.946611e-04 
 4.262422e-01  2.001217e-04 
 4.265603e-01  2.051949e-04 
 4.268783e-01  2.101144e-04 
 4.271964e-01  2.148455e-04 
 4.275145e-01  2.195162e-04 
 4.278325e-01  2.243362e-04 
 4.281506e-01  2.293874e-04 
 4.284687e-01  2.349022e-04 
 4.287867e-01  2.407277e-04 
 4.291048e-01  2.468497e-04 
 4.294229e-01  2.531691e-04 
 4.297409e-01  2.596618e-04 
 4.300590e-01  2.661282e-04 
 4.303771e-01  2.725551e-04 
 4.306951e-01  2.787676e-04 
 4.310132e-01  2.847251e-04 
 4.313313e-01  2.904602e-04 
 4.316493e-01  2.961009e-04 
 4.319674e-01  3.017143e-04 
 4.322855e-01  3.074975e-04 
 4.326035e-01  3.132844e-04 
 4.329216e-01  3.189618e-04 
 4.332397e-01  3.240239e-04 
 4.335577e-01  3.282223e-04 
 4.338758e-01  3.317453e-04 
 4.341939e-01  3.344627e-04 
 4.345119e-01  3.359136e-04 
 4.348300e-01  3.360673e-04 
 4.351481e-01  3.349632e-04 
 4.354662e-01  3.324315e-04 
 4.357842e-01  3.287570e-04 
 4.361023e-01  3.238494e-04 
 4.364204e-01  3.180236e-04 
 4.367384e-01  3.114288e-04 
 4.370565e-01  3.041090e-04 
 4.373746e-01  2.959687e-04 
 4.376926e-01  2.873510e-04 
 4.380107e-01  2.782423e-04 
 4.383288e-01  2.688702e-04 
 4.386468e-01  2.593364e-04 
 4.389649e-01  2.497113e-04 
 4.392830e-01  2.402040e-04 
 4.396010e-01  2.307760e-04 
 4.399191e-01  2.215886e-04 
 4.402372e-01  2.127779e-04 
 4.405552e-01  2.041937e-04 
 4.408733e-01  1.958684e-04 
 4.411914e-01  1.876067e-04 
 4.415094e-01  1.795383e-04 
 4.418275e-01  1.713649e-04 
 4.421456e-01  1.631392e-04 
 4.424636e-01  1.546502e-04 
 4.427817e-01  1.461261e-04 
 4.430998e-01  1.373067e-04 
 4.434178e-01  1.282167e-04 
 4.437359e-01  1.188160e-04 
 4.440540e-01  1.092615e-04 
 4.443720e-01  9.958031e-05 
 4.446901e-01  8.988709e-05 
 4.450082e-01  8.031990e-05 
 4.453262e-01  7.106250e-05 
 4.456443e-01  6.205143e-05 
 4.459624e-01  5.310399e-05 
 4.462804e-01  4.429689e-05 
 4.465985e-01  3.593478e-05 
 4.469166e-01  2.818516e-05 
 4.472346e-01  2.113734e-05 
 4.475527e-01  1.469430e-05 
 4.478708e-01  8.764404e-06 
 4.481888e-01  3.361158e-06 
 4.485069e-01 -1.411490e-06 
 4.488250e-01 -5.767190e-06 
 4.491431e-01 -9.774209e-06 
 4.494611e-01 -1.342079e-05 
 4.497792e-01 -1.684979e-05 
 4.500973e-01 -2.034224e-05 
 4.504153e-01 -2.425263e-05 
 4.507334e-01 -2.842826e-05 
 4.510515e-01 -3.303098e-05 
 4.513695e-01 -3.789832e-05 
 4.516876e-01 -4.305965e-05 
 4.520057e-01 -4.875553e-05 
 4.523237e-01 -5.499071e-05 
 4.526418e-01 -6.179770e-05 
 4.529599e-01 -6.945768e-05 
 4.532779e-01 -7.797053e-05 
 4.535960e-01 -8.705420e-05 
 4.539141e-01 -9.702447e-05 
 4.542321e-01 -1.076360e-04 
 4.545502e-01 -1.189746e-04 
 4.548683e-01 -1.307273e-04 
 4.551863e-01 -1.430028e-04 
 4.555044e-01 -1.559020e-04 
 4.558225e-01 -1.692891e-04 
 4.561405e-01 -1.828672e-04 
 4.564586e-01 -1.965097e-04 
 4.567767e-01 -2.102498e-04 
 4.570947e-01 -2.241359e-04 
 4.574128e-01 -2.381598e-04 
 4.577309e-01 -2.520597e-04 
 4.580489e-01 -2.659195e-04 
 4.583670e-01 -2.798887e-04 
 4.586851e-01 -2.936932e-04 
 4.590031e-01 -3.072572e-04 
 4.593212e-01 -3.206641e-04 
 4.596393e-01 -3.338741e-04 
 4.599573e-01 -3.468620e-04 
 4.602754e-01 -3.597464e-04 
 4.605935e-01 -3.726182e-04 
 4.609115e-01 -3.854997e-04 
 4.612296e-01 -3.982155e-04 
 4.615477e-01 -4.110426e-04 
 4.618657e-01 -4.239129e-04 
 4.621838e-01 -4.371627e-04 
 4.625019e-01 -4.505858e-04 
 4.628200e-01 -4.640623e-04 
 4.631380e-01 -4.776100e-04 
 4.634561e-01 -4.912225e-04 
 4.637742e-01 -5.046165e-04 
 4.640922e-01 -5.174263e-04 
 4.644103e-01 -5.298933e-04 
 4.647284e-01 -5.416262e-04 
 4.650464e-01 -5.524136e-04 
 4.653645e-01 -5.619959e-04 
 4.656826e-01 -5.705210e-04 
 4.660006e-01 -5.779413e-04 
 4.663187e-01 -5.842155e-04 
 4.666368e-01 -5.893600e-04 
 4.669548e-01 -5.931656e-04 
 4.672729e-01 -5.957450e-04 
 4.675910e-01 -5.970880e-04 
 4.679090e-01 -5.970318e-04 
 4.682271e-01 -5.959405e-04 
 4.685452e-01 -5.938255e-04 
 4.688632e-01 -5.909808e-04 
 4.691813e-01 -5.872291e-04 
 4.694994e-01 -5.829669e-04 
 4.698174e-01 -5.782147e-04 
 4.701355e-01 -5.729787e-04 
 4.704536e-01 -5.674902e-04 
 4.707716e-01 -5.617458e-04 
 4.710897e-01 -5.554419e-04 
 4.714078e-01 -5.490777e-04 
 4.717258e-01 -5.423705e-04 
 4.720439e-01 -5.352688e-04 
 4.723620e-01 -5.277890e-04 
 4.726800e-01 -5.200405e-04 
 4.729981e-01 -5.121987e-04 
 4.733162e-01 -5.041038e-04 
 4.736342e-01 -4.954749e-04 
 4.739523e-01 -4.861318e-04 
 4.742704e-01 -4.763712e-04 
 4.745884e-01 -4.659175e-04 
 4.749065e-01 -4.549055e-04 
 4.752246e-01 -4.433382e-04 
 4.755426e-01 -4.315155e-04 
 4.758607e-01 -4.196067e-04 
 4.761788e-01 -4.077192e-04 
 4.764969e-01 -3.960614e-04 
 4.768149e-01 -3.846395e-04 
 4.771330e-01 -3.736174e-04 
 4.774511e-01 -3.629048e-04 
 4.777691e-01 -3.525565e-04 
 4.780872e-01 -3.426332e-04 
 4.784053e-01 -3.329912e-04 
 4.787233e-01 -3.237968e-04 
 4.790414e-01 -3.148827e-04 
 4.793595e-01 -3.065260e-04 
 4.796775e-01 -2.986240e-04 
 4.799956e-01 -2.914917e-04 
 4.803137e-01 -2.851872e-04 
 4.806317e-01 -2.798275e-04 
 4.809498e-01 -2.754172e-04 
 4.812679e-01 -2.719929e-04 
 4.815859e-01 -2.694025e-04 
 4.819040e-01 -2.675707e-04 
 4.822221e-01 -2.666373e-04 
 4.825401e-01 -2.663934e-04 
 4.828582e-01 -2.667473e-04 
 4.831763e-01 -2.675152e-04 
 4.834943e-01 -2.685861e-04 
 4.838124e-01 -2.699136e-04 
 4.841305e-01 -2.715243e-04 
 4.844485e-01 -2.734115e-04 
 4.847666e-01 -2.755976e-04 
 4.850847e-01 -2.779892e-04 
 4.854027e-01 -2.805653e-04 
 4.857208e-01 -2.831763e-04 
 4.860389e-01 -2.859052e-04 
 4.863569e-01 -2.886985e-04 
 4.866750e-01 -2.915341e-04 
 4.869931e-01 -2.945989e-04 
 4.873111e-01 -2.979697e-04 
 4.876292e-01 -3.015538e-04 
 4.879473e-01 -3.052428e-04 
 4.882653e-01 -3.092473e-04 
 4.885834e-01 -3.138379e-04 
 4.889015e-01 -3.190701e-04 
 4.892196e-01 -3.246809e-04 
 4.895376e-01 -3.307240e-04 
 4.898557e-01 -3.367933e-04 
 4.901738e-01 -3.426621e-04 
 4.904918e-01 -3.481328e-04 
 4.908099e-01 -3.529228e-04 
 4.911280e-01 -3.569774e-04 
 4.914460e-01 -3.602530e-04 
 4.917641e-01 -3.626422e-04 
 4.920822e-01 -3.641210e-04 
 4.924002e-01 -3.645563e-04 
 4.927183e-01 -3.640832e-04 
 4.930364e-01 -3.628375e-04 
 4.933544e-01 -3.609137e-04 
 4.936725e-01 -3.583682e-04 
 4.939906e-01 -3.552769e-04 
 4.943086e-01 -3.514019e-04 
 4.946267e-01 -3.465682e-04 
 4.949448e-01 -3.407632e-04 
 4.952628e-01 -3.340497e-04 
 4.955809e-01 -3.269287e-04 
 4.958990e-01 -3.191448e-04 
 4.962170e-01 -3.106329e-04 
 4.965351e-01 -3.014860e-04 
 4.968532e-01 -2.917593e-04 
 4.971712e-01 -2.811669e-04 
 4.974893e-01 -2.697949e-04 
 4.978074e-01 -2.576512e-04 
 4.981254e-01 -2.446766e-04 
 4.984435e-01 -2.312585e-04 
 4.987616e-01 -2.170943e-04 
 4.990796e-01 -2.023402e-04 
 4.993977e-01 -1.869767e-04 
 4.997158e-01 -1.711419e-04 
 5.000338e-01 -1.548313e-04 
 5.003519e-01 -1.382303e-04 
 5.006700e-01 -1.212755e-04 
 5.009880e-01 -1.039729e-04 
 5.013061e-01 -8.616021e-05 
 5.016242e-01 -6.792146e-05 
 5.019422e-01 -4.912688e-05 
 5.022603e-01 -2.974456e-05 
 5.025784e-01 -9.864422e-06 
 5.028965e-01  1.046630e-05 
 5.032145e-01  3.118735e-05 
 5.035326e-01  5.216460e-05 
 5.038507e-01  7.329138e-05 
 5.041687e-01  9.448984e-05 
 5.044868e-01  1.155520e-04 
 5.048049e-01  1.364027e-04 
 5.051229e-01  1.569189e-04 
 5.054410e-01  1.769782e-04 
 5.057591e-01  1.965136e-04 
 5.060771e-01  2.154486e-04 
 5.063952e-01  2.337585e-04 
 5.067133e-01  2.513043e-04 
 5.070313e-01  2.680981e-04 
 5.073494e-01  2.839995e-04 
 5.076675e-01  2.991435e-04 
 5.079855e-01  3.135085e-04 
 5.083036e-01  3.270702e-04 
 5.086217e-01  3.397520e-04 
 5.089397e-01  3.517132e-04 
 5.092578e-01  3.631274e-04 
 5.095759e-01  3.738648e-04 
 5.098939e-01  3.839832e-04 
 5.102120e-01  3.937669e-04 
 5.105301e-01  4.032324e-04 
 5.108481e-01  4.122807e-04 
 5.111662e-01  4.209269e-04 
 5.114843e-01  4.290409e-04 
 5.118023e-01  4.365973e-04 
 5.121204e-01  4.436963e-04 
 5.124385e-01  4.501323e-04 
 5.127565e-01  4.557277e-04 
 5.130746e-01  4.606718e-04 
 5.133927e-01  4.650356e-04 
 5.137107e-01  4.688662e-04 
 5.140288e-01  4.720237e-04 
 5.143469e-01  4.745884e-04 
 5.146649e-01  4.766926e-04 
 5.149830e-01  4.784026e-04 
 5.153011e-01  4.798762e-04 
 5.156191e-01  4.810413e-04 
 5.159372e-01  4.819228e-04 
 5.162553e-01  4.826545e-04 
 5.165734e-01  4.831743e-04 
 5.168914e-01  4.833455e-04 
 5.172095e-01  4.833645e-04 
 5.175276e-01  4.833304e-04 
 5.178456e-01  4.829914e-04 
 5.181637e-01  4.824539e-04 
 5.184818e-01  4.816805e-04 
 5.187998e-01  4.807474e-04 
 5.191179e-01  4.796685e-04 
 5.194360e-01  4.786448e-04 
 5.197540e-01  4.776119e-04 
 5.200721e-01  4.769025e-04 
 5.203902e-01  4.765101e-04 
 5.207082e-01  4.764104e-04 
 5.210263e-01  4.766708e-04 
 5.213444e-01  4.772161e-04 
 5.216624e-01  4.779077e-04 
 5.219805e-01  4.787621e-04 
 5.222986e-01  4.798343e-04 
 5.226166e-01  4.812418e-04 
 5.229347e-01  4.827552e-04 
 5.232528e-01  4.844094e-04 
 5.235708e-01  4.862284e-04 
 5.238889e-01  4.880704e-04 
 5.242070e-01  4.897581e-04 
 5.245250e-01  4.915691e-04 
 5.248431e-01  4.932672e-04 
 5.251612e-01  4.947175e-04 
 5.254792e-01  4.958619e-04 
 5.257973e-01  4.965763e-04 
 5.261154e-01  4.968596e-04 
 5.264334e-01  4.966507e-04 
 5.267515e-01  4.959345e-04 
 5.270696e-01  4.946178e-04 
 5.273876e-01  4.927590e-04 
 5.277057e-01  4.902547e-04 
 5.280238e-01  4.872506e-04 
 5.283418e-01  4.834946e-04 
 5.286599e-01  4.789646e-04 
 5.289780e-01  4.736141e-04 
 5.292960e-01  4.676594e-04 
 5.296141e-01  4.612362e-04 
 5.299322e-01  4.541811e-04 
 5.302503e-01  4.465355e-04 
 5.305683e-01  4.383473e-04 
 5.308864e-01  4.298276e-04 
 5.312045e-01  4.207959e-04 
 5.315225e-01  4.114881e-04 
 5.318406e-01  4.018997e-04 
 5.321587e-01  3.921419e-04 
 5.324767e-01  3.817094e-04 
 5.327948e-01  3.709848e-04 
 5.331129e-01  3.599269e-04 
 5.334309e-01  3.484256e-04 
 5.337490e-01  3.364240e-04 
 5.340671e-01  3.237638e-04 
 5.343851e-01  3.105041e-04 
 5.347032e-01  2.965662e-04 
 5.350213e-01  2.818960e-04 
 5.353393e-01  2.664084e-04 
 5.356574e-01  2.502403e-04 
 5.359755e-01  2.333377e-04 
 5.362935e-01  2.159139e-04 
 5.366116e-01  1.977014e-04 
 5.369297e-01  1.791510e-04 
 5.372477e-01  1.602140e-04 
 5.375658e-01  1.411988e-04 
 5.378839e-01  1.221594e-04 
 5.382019e-01  1.032166e-04 
 5.385200e-01  8.458834e-05 
 5.388381e-01  6.626438e-05 
 5.391561e-01  4.857302e-05 
 5.394742e-01  3.145239e-05 
 5.397923e-01  1.500316e-05 
 5.401103e-01 -5.655440e-07 
 5.404284e-01 -1.518140e-05 
 5.407465e-01 -2.890090e-05 
 5.410645e-01 -4.188065e-05 
 5.413826e-01 -5.420980e-05 
 5.417007e-01 -6.573521e-05 
 5.420187e-01 -7.647878e-05 
 5.423368e-01 -8.628228e-05 
 5.426549e-01 -9.510518e-05 
 5.429729e-01 -1.028561e-04 
 5.432910e-01 -1.096454e-04 
 5.436091e-01 -1.150861e-04 
 5.439272e-01 -1.195423e-04 
 5.442452e-01 -1.227881e-04 
 5.445633e-01 -1.249247e-04 
 5.448814e-01 -1.261741e-04 
 5.451994e-01 -1.265865e-04 
 5.455175e-01 -1.262539e-04 
 5.458356e-01 -1.250182e-04 
 5.461536e-01 -1.231984e-04 
 5.464717e-01 -1.207130e-04 
 5.467898e-01 -1.175847e-04 
 5.471078e-01 -1.136207e-04 
 5.474259e-01 -1.088748e-04 
 5.477440e-01 -1.031626e-04 
 5.480620e-01 -9.661024e-05 
 5.483801e-01 -8.903171e-05 
 5.486982e-01 -8.059827e-05 
 5.490162e-01 -7.115617e-05 
 5.493343e-01 -6.087887e-05 
 5.496524e-01 -4.975276e-05 
 5.499704e-01 -3.767984e-05 
 5.502885e-01 -2.482752e-05 
 5.506066e-01 -1.124889e-05 
 5.509246e-01  3.023220e-06 
 5.512427e-01  1.759039e-05 
 5.515608e-01  3.260781e-05 
 5.518788e-01  4.776063e-05 
 5.521969e-01  6.301774e-05 
 5.525150e-01  7.797807e-05 
 5.528330e-01  9.259346e-05 
 5.531511e-01  1.068036e-04 
 5.534692e-01  1.205807e-04 
 5.537872e-01  1.334659e-04 
 5.541053e-01  1.456348e-04 
 5.544234e-01  1.570188e-04 
 5.547414e-01  1.677415e-04 
 5.550595e-01  1.776681e-04 
 5.553776e-01  1.868541e-04 
 5.556956e-01  1.952689e-04 
 5.560137e-01  2.032921e-04 
 5.563318e-01  2.107799e-04 
 5.566499e-01  2.178629e-04 
 5.569679e-01  2.247396e-04 
 5.572860e-01  2.312611e-04 
 5.576041e-01  2.373576e-04 
 5.579221e-01  2.429751e-04 
 5.582402e-01  2.478144e-04 
 5.585583e-01  2.519126e-04 
 5.588763e-01  2.549501e-04 
 5.591944e-01  2.568974e-04 
 5.595125e-01  2.576428e-04 
 5.598305e-01  2.571736e-04 
 5.601486e-01  2.555073e-04 
 5.604667e-01  2.526843e-04 
 5.607847e-01  2.486945e-04 
 5.611028e-01  2.435268e-04 
 5.614209e-01  2.373943e-04 
 5.617389e-01  2.301722e-04 
 5.620570e-01  2.220276e-04 
 5.623751e-01  2.130182e-04 
 5.626931e-01  2.032921e-04 
 5.630112e-01  1.929248e-04 
 5.633293e-01  1.820587e-04 
 5.636473e-01  1.707066e-04 
 5.639654e-01  1.589783e-04 
 5.642835e-01  1.471099e-04 
 5.646015e-01  1.351072e-04 
 5.649196e-01  1.231084e-04 
 5.652377e-01  1.110497e-04 
 5.655557e-01  9.901451e-05 
 5.658738e-01  8.701464e-05 
 5.661919e-01  7.506511e-05 
 5.665099e-01  6.319607e-05 
 5.668280e-01  5.136265e-05 
 5.671461e-01  3.964621e-05 
 5.674641e-01  2.824074e-05 
 5.677822e-01  1.704250e-05 
 5.681003e-01  5.967411e-06 
 5.684183e-01 -4.644496e-06 
 5.687364e-01 -1.481998e-05 
 5.690545e-01 -2.455120e-05 
 5.693725e-01 -3.397284e-05 
 5.696906e-01 -4.288126e-05 
 5.700087e-01 -5.143006e-05 
 5.703268e-01 -5.959993e-05 
 5.706448e-01 -6.749597e-05 
 5.709629e-01 -7.515775e-05 
 5.712810e-01 -8.246248e-05 
 5.715990e-01 -8.959356e-05 
 5.719171e-01 -9.666810e-05 
 5.722352e-01 -1.035989e-04 
 5.725532e-01 -1.102303e-04 
 5.728713e-01 -1.165672e-04 
 5.731894e-01 -1.225511e-04 
 5.735074e-01 -1.281423e-04 
 5.738255e-01 -1.331323e-04 
 5.741436e-01 -1.375315e-04 
 5.744616e-01 -1.413855e-04 
 5.747797e-01 -1.444524e-04 
 5.750978e-01 -1.470537e-04 
 5.754158e-01 -1.490536e-04 
 5.757339e-01 -1.505488e-04 
 5.760520e-01 -1.515165e-04 
 5.763700e-01 -1.523047e-04 
 5.766881e-01 -1.529739e-04 
 5.770062e-01 -1.538162e-04 
 5.773242e-01 -1.545744e-04 
 5.776423e-01 -1.557237e-04 
 5.779604e-01 -1.572975e-04 
 5.782784e-01 -1.593321e-04 
 5.785965e-01 -1.618160e-04 
 5.789146e-01 -1.649201e-04 
 5.792326e-01 -1.685170e-04 
 5.795507e-01 -1.728135e-04 
 5.798688e-01 -1.774927e-04 
 5.801868e-01 -1.825249e-04 
 5.805049e-01 -1.879596e-04 
 5.808230e-01 -1.938872e-04 
 5.811410e-01 -2.001917e-04 
 5.814591e-01 -2.068807e-04 
 5.817772e-01 -2.138214e-04 
 5.820952e-01 -2.211069e-04 
 5.824133e-01 -2.286484e-04 
 5.827314e-01 -2.363565e-04 
 5.830494e-01 -2.443861e-04 
 5.833675e-01 -2.525378e-04 
 5.836856e-01 -2.610564e-04 
 5.840037e-01 -2.698596e-04 
 5.843217e-01 -2.789813e-04 
 5.846398e-01 -2.883316e-04 
 5.849579e-01 -2.982005e-04 
 5.852759e-01 -3.083303e-04 
 5.855940e-01 -3.188501e-04 
 5.859121e-01 -3.295932e-04 
 5.862301e-01 -3.406507e-04 
 5.865482e-01 -3.517852e-04 
 5.868663e-01 -3.630182e-04 
 5.871843e-01 -3.741515e-04 
 5.875024e-01 -3.853017e-04 
 5.878205e-01 -3.964014e-04 
 5.881385e-01 -4.073821e-04 
 5.884566e-01 -4.181902e-04 
 5.887747e-01 -4.286994e-04 
 5.890927e-01 -4.385730e-04 
 5.894108e-01 -4.480214e-04 
 5.897289e-01 -4.567422e-04 
 5.900469e-01 -4.648006e-04 
 5.903650e-01 -4.721322e-04 
 5.906831e-01 -4.784296e-04 
 5.910011e-01 -4.835423e-04 
 5.913192e-01 -4.873967e-04 
 5.916373e-01 -4.899307e-04 
 5.919553e-01 -4.910531e-04 
 5.922734e-01 -4.908278e-04 
 5.925915e-01 -4.891610e-04 
 5.929095e-01 -4.859255e-04 
 5.932276e-01 -4.811982e-04 
 5.935457e-01 -4.749989e-04 
 5.938637e-01 -4.673877e-04 
 5.941818e-01 -4.583606e-04 
 5.944999e-01 -4.481201e-04 
 5.948179e-01 -4.366951e-04 
 5.951360e-01 -4.239404e-04 
 5.954541e-01 -4.097611e-04 
 5.957721e-01 -3.943928e-04 
 5.960902e-01 -3.775595e-04 
 5.964083e-01 -3.594406e-04 
 5.967263e-01 -3.402558e-04 
 5.970444e-01 -3.199260e-04 
 5.973625e-01 -2.985038e-04 
 5.976806e-01 -2.760528e-04 
 5.979986e-01 -2.525268e-04 
 5.983167e-01 -2.279091e-04 
 5.986348e-01 -2.022607e-04 
 5.989528e-01 -1.757947e-04 
 5.992709e-01 -1.486856e-04 
 5.995890e-01 -1.206967e-04 
 5.999070e-01 -9.200894e-05 
 6.002251e-01 -6.267683e-05 
 6.005432e-01 -3.305724e-05 
 6.008612e-01 -3.254951e-06 
 6.011793e-01  2.668305e-05 
 6.014974e-01  5.670843e-05 
 6.018154e-01  8.666906e-05 
 6.021335e-01  1.167167e-04 
 6.024516e-01  1.468415e-04 
 6.027696e-01  1.769008e-04 
 6.030877e-01  2.065706e-04 
 6.034058e-01  2.358324e-04 
 6.037238e-01  2.645874e-04 
 6.040419e-01  2.926662e-04 
 6.043600e-01  3.199467e-04 
 6.046780e-01  3.464773e-04 
 6.049961e-01  3.721443e-04 
 6.053142e-01  3.967422e-04 
 6.056322e-01  4.203175e-04 
 6.059503e-01  4.427528e-04 
 6.062684e-01  4.639605e-04 
 6.065864e-01  4.839116e-04 
 6.069045e-01  5.025967e-04 
 6.072226e-01  5.198279e-04 
 6.075406e-01  5.355821e-04 
 6.078587e-01  5.497926e-04 
 6.081768e-01  5.625565e-04 
 6.084948e-01  5.739414e-04 
 6.088129e-01  5.838862e-04 
 6.091310e-01  5.926616e-04 
 6.094490e-01  6.003494e-04 
 6.097671e-01  6.070857e-04 
 6.100852e-01  6.127491e-04 
 6.104033e-01  6.174946e-04 
 6.107213e-01  6.211492e-04 
 6.110394e-01  6.238628e-04 
 6.113575e-01  6.256083e-04 
 6.116755e-01  6.263685e-04 
 6.119936e-01  6.261695e-04 
 6.123117e-01  6.251584e-04 
 6.126297e-01  6.232732e-04 
 6.129478e-01  6.204598e-04 
 6.132659e-01  6.167411e-04 
 6.135839e-01  6.121576e-04 
 6.139020e-01  6.069321e-04 
 6.142201e-01  6.010233e-04 
 6.145381e-01  5.945415e-04 
 6.148562e-01  5.874624e-04 
 6.151743e-01  5.799476e-04 
 6.154923e-01  5.721646e-04 
 6.158104e-01  5.641501e-04 
 6.161285e-01  5.559854e-04 
 6.164465e-01  5.476801e-04 
 6.167646e-01  5.392997e-04 
 6.170827e-01  5.307281e-04 
 6.174007e-01  5.220747e-04 
 6.177188e-01  5.132207e-04 
 6.180369e-01  5.040502e-04 
 6.183549e-01  4.948762e-04 
 6.186730e-01  4.855486e-04 
 6.189911e-01  4.759875e-04 
 6.193091e-01  4.662262e-04 
 6.196272e-01  4.565753e-04 
 6.199453e-01  4.470399e-04 
 6.202633e-01  4.377740e-04 
 6.205814e-01  4.287186e-04 
 6.208995e-01  4.200698e-04 
 6.212175e-01  4.119759e-04 
 6.215356e-01  4.043401e-04 
 6.218537e-01  3.970962e-04 
 6.221717e-01  3.905489e-04 
 6.224898e-01  3.847701e-04 
 6.228079e-01  3.795464e-04 
 6.231259e-01  3.745968e-04 
 6.234440e-01  3.700281e-04 
 6.237621e-01  3.656992e-04 
 6.240802e-01  3.615194e-04 
 6.243982e-01  3.572922e-04 
 6.247163e-01  3.530641e-04 
 6.250344e-01  3.486381e-04 
 6.253524e-01  3.438302e-04 
 6.256705e-01  3.387014e-04 
 6.259886e-01  3.331271e-04 
 6.263066e-01  3.271323e-04 
 6.266247e-01  3.207847e-04 
 6.269428e-01  3.140206e-04 
 6.272608e-01  3.069594e-04 
 6.275789e-01  2.995587e-04 
 6.278970e-01  2.919663e-04 
 6.282150e-01  2.841307e-04 
 6.285331e-01  2.762292e-04 
 6.288512e-01  2.684313e-04 
 6.291692e-01  2.605483e-04 
 6.294873e-01  2.529398e-04 
 6.298054e-01  2.453396e-04 
 6.301234e-01  2.377881e-04 
 6.304415e-01  2.301731e-04 
 6.307596e-01  2.223763e-04 
 6.310776e-01  2.143187e-04 
 6.313957e-01  2.059784e-04 
 6.317138e-01  1.973160e-04 
 6.320318e-01  1.883982e-04 
 6.323499e-01  1.792948e-04 
 6.326680e-01  1.699189e-04 
 6.329860e-01  1.602384e-04 
 6.333041e-01  1.503766e-04 
 6.336222e-01  1.404465e-04 
 6.339402e-01  1.304641e-04 
 6.342583e-01  1.206521e-04 
 6.345764e-01  1.110467e-04 
 6.348944e-01  1.016741e-04 
 6.352125e-01  9.248474e-05 
 6.355306e-01  8.342162e-05 
 6.358486e-01  7.454797e-05 
 6.361667e-01  6.595816e-05 
 6.364848e-01  5.775996e-05 
 6.368028e-01  4.984426e-05 
 6.371209e-01  4.234293e-05 
 6.374390e-01  3.531087e-05 
 6.377571e-01  2.875825e-05 
 6.380751e-01  2.290267e-05 
 6.383932e-01  1.782049e-05 
 6.387113e-01  1.357189e-05 
 6.390293e-01  1.033996e-05 
 6.393474e-01  8.299422e-06 
 6.396655e-01  7.412753e-06 
 6.399835e-01  7.747127e-06 
 6.403016e-01  9.254613e-06 
 6.406197e-01  1.200148e-05 
 6.409377e-01  1.611714e-05 
 6.412558e-01  2.144766e-05 
 6.415739e-01  2.787186e-05 
 6.418919e-01  3.528373e-05 
 6.422100e-01  4.368224e-05 
 6.425281e-01  5.317626e-05 
 6.428461e-01  6.343972e-05 
 6.431642e-01  7.457746e-05 
 6.434823e-01  8.640009e-05 
 6.438003e-01  9.901315e-05 
 6.441184e-01  1.120926e-04 
 6.444365e-01  1.257419e-04 
 6.447545e-01  1.399792e-04 
 6.450726e-01  1.548098e-04 
 6.453907e-01  1.701333e-04 
 6.457087e-01  1.859386e-04 
 6.460268e-01  2.022499e-04 
 6.463449e-01  2.192377e-04 
 6.466629e-01  2.369307e-04 
 6.469810e-01  2.551515e-04 
 6.472991e-01  2.740518e-04 
 6.476171e-01  2.934251e-04 
 6.479352e-01  3.133144e-04 
 6.482533e-01  3.334196e-04 
 6.485713e-01  3.536575e-04 
 6.488894e-01  3.740375e-04 
 6.492075e-01  3.942985e-04 
 6.495255e-01  4.142508e-04 
 6.498436e-01  4.338725e-04 
 6.501617e-01  4.528186e-04 
 6.504797e-01  4.710449e-04 
 6.507978e-01  4.885394e-04 
 6.511159e-01  5.052751e-04 
 6.514340e-01  5.210346e-04 
 6.517520e-01  5.358631e-04 
 6.520701e-01  5.496351e-04 
 6.523882e-01  5.623975e-04 
 6.527062e-01  5.741148e-04 
 6.530243e-01  5.848460e-04 
 6.533424e-01  5.946062e-04 
 6.536604e-01  6.033823e-04 
 6.539785e-01  6.110906e-04 
 6.542966e-01  6.177377e-04 
 6.546146e-01  6.232846e-04 
 6.549327e-01  6.276789e-04 
 6.552508e-01  6.309189e-04 
 6.555688e-01  6.328332e-04 
 6.558869e-01  6.335144e-04 
 6.562050e-01  6.328462e-04 
 6.565230e-01  6.307958e-04 
 6.568411e-01  6.273769e-04 
 6.571592e-01  6.227555e-04 
 6.574772e-01  6.169658e-04 
 6.577953e-01  6.100765e-04 
 6.581134e-01  6.021611e-04 
 6.584314e-01  5.931556e-04 
 6.587495e-01  5.831354e-04 
 6.590676e-01  5.721095e-04 
 6.593856e-01  5.600647e-04 
 6.597037e-01  5.469616e-04 
 6.600218e-01  5.329122e-04 
 6.603398e-01  5.178696e-04 
 6.606579e-01  5.019705e-04 
 6.609760e-01  4.852314e-04 
 6.612940e-01  4.678078e-04 
 6.616121e-01  4.498265e-04 
 6.619302e-01  4.315100e-04 
 6.622482e-01  4.129365e-04 
 6.625663e-01  3.939787e-04 
 6.628844e-01  3.747895e-04 
 6.632024e-01  3.553453e-04 
 6.635205e-01  3.358379e-04 
 6.638386e-01  3.162825e-04 
 6.641566e-01  2.966820e-04 
 6.644747e-01  2.772154e-04 
 6.647928e-01  2.578321e-04 
 6.651109e-01  2.388322e-04 
 6.654289e-01  2.200284e-04 
 6.657470e-01  2.014319e-04 
 6.660651e-01  1.831184e-04 
 6.663831e-01  1.652026e-04 
 6.667012e-01  1.475661e-04 
 6.670193e-01  1.302596e-04 
 6.673373e-01  1.133450e-04 
 6.676554e-01  9.676845e-05 
 6.679735e-01  8.052618e-05 
 6.682915e-01  6.452503e-05 
 6.686096e-01  4.895698e-05 
 6.689277e-01  3.388187e-05 
 6.692457e-01  1.925698e-05 
 6.695638e-01  5.064736e-06 
 6.698819e-01 -8.686380e-06 
 6.701999e-01 -2.184581e-05 
 6.705180e-01 -3.450826e-05 
 6.708361e-01 -4.654772e-05 
 6.711541e-01 -5.792135e-05 
 6.714722e-01 -6.865082e-05 
 6.717903e-01 -7.884314e-05 
 6.721083e-01 -8.840416e-05 
 6.724264e-01 -9.753939e-05 
 6.727445e-01 -1.061624e-04 
 6.730625e-01 -1.143935e-04 
 6.733806e-01 -1.223241e-04 
 6.736987e-01 -1.301511e-04 
 6.740167e-01 -1.379243e-04 
 6.743348e-01 -1.456721e-04 
 6.746529e-01 -1.533829e-04 
 6.749709e-01 -1.611677e-04 
 6.752890e-01 -1.689676e-04 
 6.756071e-01 -1.769160e-04 
 6.759251e-01 -1.849237e-04 
 6.762432e-01 -1.930730e-04 
 6.765613e-01 -2.014366e-04 
 6.768793e-01 -2.099223e-04 
 6.771974e-01 -2.184804e-04 
 6.775155e-01 -2.271124e-04 
 6.778336e-01 -2.359048e-04 
 6.781516e-01 -2.448043e-04 
 6.784697e-01 -2.538444e-04 
 6.787878e-01 -2.628730e-04 
 6.791058e-01 -2.719209e-04 
 6.794239e-01 -2.808315e-04 
 6.797420e-01 -2.896588e-04 
 6.800600e-01 -2.982214e-04 
 6.803781e-01 -3.064937e-04 
 6.806962e-01 -3.143184e-04 
 6.810142e-01 -3.216985e-04 
 6.813323e-01 -3.286222e-04 
 6.816504e-01 -3.351055e-04 
 6.819684e-01 -3.411024e-04 
 6.822865e-01 -3.466797e-04 
 6.826046e-01 -3.519416e-04 
 6.829226e-01 -3.570024e-04 
 6.832407e-01 -3.618281e-04 
 6.835588e-01 -3.665337e-04 
 6.838768e-01 -3.710996e-04 
 6.841949e-01 -3.754648e-04 
 6.845130e-01 -3.794441e-04 
 6.848310e-01 -3.830549e-04 
 6.851491e-01 -3.863062e-04 
 6.854672e-01 -3.891436e-04 
 6.857852e-01 -3.913798e-04 
 6.861033e-01 -3.929493e-04 
 6.864214e-01 -3.938444e-04 
 6.867394e-01 -3.941423e-04 
 6.870575e-01 -3.936398e-04 
 6.873756e-01 -3.922030e-04 
 6.876936e-01 -3.897683e-04 
 6.880117e-01 -3.864630e-04 
 6.883298e-01 -3.819618e-04 
 6.886478e-01 -3.762127e-04 
 6.889659e-01 -3.693126e-04 
 6.892840e-01 -3.612587e-04 
 6.896020e-01 -3.520112e-04 
 6.899201e-01 -3.416439e-04 
 6.902382e-01 -3.302781e-04 
 6.905562e-01 -3.178969e-04 
 6.908743e-01 -3.047145e-04 
 6.911924e-01 -2.905661e-04 
 6.915105e-01 -2.755029e-04 
 6.918285e-01 -2.596992e-04 
 6.921466e-01 -2.431217e-04 
 6.924647e-01 -2.257582e-04 
 6.927827e-01 -2.078805e-04 
 6.931008e-01 -1.895166e-04 
 6.934189e-01 -1.706844e-04 
 6.937369e-01 -1.514882e-04 
 6.940550e-01 -1.318472e-04 
 6.943731e-01 -1.118738e-04 
 6.946911e-01 -9.162008e-05 
 6.950092e-01 -7.113075e-05 
 6.953273e-01 -5.037233e-05 
 6.956453e-01 -2.947570e-05 
 6.959634e-01 -8.399165e-06 
 6.962815e-01  1.274045e-05 
 6.965995e-01  3.387890e-05 
 6.969176e-01  5.492995e-05 
 6.972357e-01  7.588352e-05 
 6.975537e-01  9.650555e-05 
 6.978718e-01  1.167768e-04 
 6.981899e-01  1.367128e-04 
 6.985079e-01  1.563869e-04 
 6.988260e-01  1.758398e-04 
 6.991441e-01  1.950683e-04 
 6.994621e-01  2.140238e-04 
 6.997802e-01  2.326353e-04 
 7.000983e-01  2.509265e-04 
 7.004163e-01  2.687839e-04 
 7.007344e-01  2.861450e-04 
 7.010525e-01  3.028687e-04 
 7.013705e-01  3.188131e-04 
 7.016886e-01  3.338184e-04 
 7.020067e-01  3.477433e-04 
 7.023247e-01  3.605857e-04 
 7.026428e-01  3.723169e-04 
 7.029609e-01  3.830237e-04 
 7.032789e-01  3.927396e-04 
 7.035970e-01  4.014245e-04 
 7.039151e-01  4.090659e-04 
 7.042331e-01  4.158144e-04 
 7.045512e-01  4.217235e-04 
 7.048693e-01  4.266599e-04 
 7.051874e-01  4.306843e-04 
 7.055054e-01  4.337766e-04 
 7.058235e-01  4.360205e-04 
 7.061416e-01  4.373659e-04 
 7.064596e-01  4.378263e-04 
 7.067777e-01  4.374936e-04 
 7.070958e-01  4.365124e-04 
 7.074138e-01  4.348540e-04 
 7.077319e-01  4.324470e-04 
 7.080500e-01  4.293637e-04 
 7.083680e-01  4.256975e-04 
 7.086861e-01  4.213818e-04 
 7.090042e-01  4.164393e-04 
 7.093222e-01  4.107558e-04 
 7.096403e-01  4.044850e-04 
 7.099584e-01  3.976570e-04 
 7.102764e-01  3.903263e-04 
 7.105945e-01  3.825022e-04 
 7.109126e-01  3.742732e-04 
 7.112306e-01  3.657157e-04 
 7.115487e-01  3.568156e-04 
 7.118668e-01  3.477087e-04 
 7.121848e-01  3.383364e-04 
 7.125029e-01  3.289847e-04 
 7.128210e-01  3.195805e-04 
 7.131390e-01  3.100798e-04 
 7.134571e-01  3.005613e-04 
 7.137752e-01  2.910079e-04 
 7.140932e-01  2.814644e-04 
 7.144113e-01  2.719132e-04 
 7.147294e-01  2.623335e-04 
 7.150474e-01  2.527217e-04 
 7.153655e-01  2.431121e-04 
 7.156836e-01  2.335020e-04 
 7.160016e-01  2.238404e-04 
 7.163197e-01  2.142985e-04 
 7.166378e-01  2.047944e-04 
 7.169558e-01  1.953655e-04 
 7.172739e-01  1.861524e-04 
 7.175920e-01  1.772345e-04 
 7.179100e-01  1.686038e-04 
 7.182281e-01  1.602209e-04 
 7.185462e-01  1.522001e-04 
 7.188643e-01  1.444940e-04 
 7.191823e-01  1.373024e-04 
 7.195004e-01  1.303562e-04 
 7.198185e-01  1.236219e-04 
 7.201365e-01  1.172333e-04 
 7.204546e-01  1.110726e-04 
 7.207727e-01  1.050987e-04 
 7.210907e-01  9.937069e-05 
 7.214088e-01  9.386236e-05 
 7.217269e-01  8.860687e-05 
 7.220449e-01  8.353848e-05 
 7.223630e-01  7.880395e-05 
 7.226811e-01  7.446057e-05 
 7.229991e-01  7.040449e-05 
 7.233172e-01  6.665112e-05 
 7.236353e-01  6.318458e-05 
 7.239533e-01  6.004305e-05 
 7.242714e-01  5.731403e-05 
 7.245895e-01  5.487748e-05 
 7.249075e-01  5.263604e-05 
 7.252256e-01  5.067761e-05 
 7.255437e-01  4.909493e-05 
 7.258617e-01  4.783438e-05 
 7.261798e-01  4.688965e-05 
 7.264979e-01  4.641275e-05 
 7.268159e-01  4.636633e-05 
 7.271340e-01  4.690307e-05 
 7.274521e-01  4.791613e-05 
 7.277701e-01  4.927028e-05 
 7.280882e-01  5.114921e-05 
 7.284063e-01  5.339129e-05 
 7.287243e-01  5.602799e-05 
 7.290424e-01  5.901361e-05 
 7.293605e-01  6.235724e-05 
 7.296785e-01  6.616623e-05 
 7.299966e-01  7.031101e-05 
 7.303147e-01  7.486264e-05 
 7.306327e-01  7.969212e-05 
 7.309508e-01  8.493554e-05 
 7.312689e-01  9.038616e-05 
 7.315869e-01  9.606931e-05 
 7.319050e-01  1.019912e-04 
 7.322231e-01  1.081003e-04 
 7.325412e-01  1.145022e-04 
 7.328592e-01  1.210542e-04 
 7.331773e-01  1.278252e-04 
 7.334954e-01  1.348533e-04 
 7.338134e-01  1.421457e-04 
 7.341315e-01  1.496823e-04 
 7.344496e-01  1.574340e-04 
 7.347676e-01  1.653911e-04 
 7.350857e-01  1.735004e-04 
 7.354038e-01  1.817101e-04 
 7.357218e-01  1.900904e-04 
 7.360399e-01  1.986118e-04 
 7.363580e-01  2.073597e-04 
 7.366760e-01  2.165221e-04 
 7.369941e-01  2.259960e-04 
 7.373122e-01  2.358088e-04 
 7.376302e-01  2.458426e-04 
 7.379483e-01  2.560888e-04 
 7.382664e-01  2.664486e-04 
 7.385844e-01  2.769197e-04 
 7.389025e-01  2.874816e-04 
 7.392206e-01  2.979620e-04 
 7.395386e-01  3.083182e-04 
 7.398567e-01  3.185474e-04 
 7.401748e-01  3.285574e-04 
 7.404928e-01  3.385077e-04 
 7.408109e-01  3.483288e-04 
 7.411290e-01  3.580868e-04 
 7.414470e-01  3.678549e-04 
 7.417651e-01  3.776243e-04 
 7.420832e-01  3.872081e-04 
 7.424012e-01  3.965263e-04 
 7.427193e-01  4.057148e-04 
 7.430374e-01  4.146503e-04 
 7.433554e-01  4.232090e-04 
 7.436735e-01  4.314871e-04 
 7.439916e-01  4.396311e-04 
 7.443096e-01  4.475840e-04 
 7.446277e-01  4.552707e-04 
 7.449458e-01  4.626978e-04 
 7.452639e-01  4.699933e-04 
 7.455819e-01  4.772331e-04 
 7.459000e-01  4.844103e-04 
 7.462181e-01  4.913591e-04 
 7.465361e-01  4.981772e-04 
 7.468542e-01  5.046987e-04 
 7.471723e-01  5.108602e-04 
 7.474903e-01  5.166122e-04 
 7.478084e-01  5.220230e-04 
 7.481265e-01  5.270272e-04 
 7.484445e-01  5.314976e-04 
 7.487626e-01  5.355463e-04 
 7.490807e-01  5.389629e-04 
 7.493987e-01  5.419185e-04 
 7.497168e-01  5.443088e-04 
 7.500349e-01  5.461065e-04 
 7.503529e-01  5.474727e-04 
 7.506710e-01  5.482437e-04 
 7.509891e-01  5.486266e-04 
 7.513071e-01  5.485795e-04 
 7.516252e-01  5.480690e-04 
 7.519433e-01  5.471042e-04 
 7.522613e-01  5.456752e-04 
 7.525794e-01  5.438364e-04 
 7.528975e-01  5.415498e-04 
 7.532155e-01  5.386906e-04 
 7.535336e-01  5.353531e-04 
 7.538517e-01  5.315203e-04 
 7.541697e-01  5.271380e-04 
 7.544878e-01  5.221782e-04 
 7.548059e-01  5.165910e-04 
 7.551239e-01  5.103194e-04 
 7.554420e-01  5.033894e-04 
 7.557601e-01  4.958022e-04 
 7.560781e-01  4.875453e-04 
 7.563962e-01  4.786353e-04 
 7.567143e-01  4.690810e-04 
 7.570323e-01  4.587329e-04 
 7.573504e-01  4.477458e-04 
 7.576685e-01  4.360027e-04 
 7.579865e-01  4.236183e-04 
 7.583046e-01  4.106159e-04 
 7.586227e-01  3.970627e-04 
 7.589408e-01  3.830046e-04 
 7.592588e-01  3.684751e-04 
 7.595769e-01  3.535253e-04 
 7.598950e-01  3.382109e-04 
 7.602130e-01  3.225878e-04 
 7.605311e-01  3.066622e-04 
 7.608492e-01  2.904975e-04 
 7.611672e-01  2.740457e-04 
 7.614853e-01  2.573531e-04 
 7.618034e-01  2.403379e-04 
 7.621214e-01  2.230244e-04 
 7.624395e-01  2.055315e-04 
 7.627576e-01  1.879069e-04 
 7.630756e-01  1.701598e-04 
 7.633937e-01  1.522646e-04 
 7.637118e-01  1.343369e-04 
 7.640298e-01  1.165037e-04 
 7.643479e-01  9.860043e-05 
 7.646660e-01  8.068306e-05 
 7.649840e-01  6.279945e-05 
 7.653021e-01  4.501886e-05 
 7.656202e-01  2.727729e-05 
 7.659382e-01  9.502398e-06 
 7.662563e-01 -8.252057e-06 
 7.665744e-01 -2.579713e-05 
 7.668924e-01 -4.313403e-05 
 7.672105e-01 -6.029124e-05 
 7.675286e-01 -7.718050e-05 
 7.678466e-01 -9.367178e-05 
 7.681647e-01 -1.097906e-04 
 7.684828e-01 -1.254894e-04 
 7.688008e-01 -1.406499e-04 
 7.691189e-01 -1.552475e-04 
 7.694370e-01 -1.691879e-04 
 7.697550e-01 -1.824129e-04 
 7.700731e-01 -1.947854e-04 
 7.703912e-01 -2.063182e-04 
 7.707092e-01 -2.168668e-04 
 7.710273e-01 -2.265567e-04 
 7.713454e-01 -2.354088e-04 
 7.716634e-01 -2.433079e-04 
 7.719815e-01 -2.503525e-04 
 7.722996e-01 -2.566191e-04 
 7.726177e-01 -2.621685e-04 
 7.729357e-01 -2.670155e-04 
 7.732538e-01 -2.711932e-04 
 7.735719e-01 -2.747417e-04 
 7.738899e-01 -2.774694e-04 
 7.742080e-01 -2.795403e-04 
 7.745261e-01 -2.810578e-04 
 7.748441e-01 -2.817256e-04 
 7.751622e-01 -2.817951e-04 
 7.754803e-01 -2.812322e-04 
 7.757983e-01 -2.799799e-04 
 7.761164e-01 -2.780615e-04 
 7.764345e-01 -2.755922e-04 
 7.767525e-01 -2.723546e-04 
 7.770706e-01 -2.685668e-04 
 7.773887e-01 -2.642114e-04 
 7.777067e-01 -2.591448e-04 
 7.780248e-01 -2.534575e-04 
 7.783429e-01 -2.470855e-04 
 7.786609e-01 -2.399999e-04 
 7.789790e-01 -2.322394e-04 
 7.792971e-01 -2.239508e-04 
 7.796151e-01 -2.151689e-04 
 7.799332e-01 -2.059750e-04 
 7.802513e-01 -1.964592e-04 
 7.805693e-01 -1.866311e-04 
 7.808874e-01 -1.765974e-04 
 7.812055e-01 -1.664211e-04 
 7.815235e-01 -1.560708e-04 
 7.818416e-01 -1.456568e-04 
 7.821597e-01 -1.350739e-04 
 7.824777e-01 -1.242878e-04 
 7.827958e-01 -1.132874e-04 
 7.831139e-01 -1.022951e-04 
 7.834319e-01 -9.133668e-05 
 7.837500e-01 -8.038573e-05 
 7.840681e-01 -6.959470e-05 
 7.843861e-01 -5.904298e-05 
 7.847042e-01 -4.874036e-05 
 7.850223e-01 -3.859720e-05 
 7.853403e-01 -2.867896e-05 
 7.856584e-01 -1.898436e-05 
 7.859765e-01 -9.474106e-06 
 7.862946e-01 -9.689491e-08 
 7.866126e-01  9.310230e-06 
 7.869307e-01  1.870157e-05 
 7.872488e-01  2.800913e-05 
 7.875668e-01  3.732108e-05 
 7.878849e-01  4.653551e-05 
 7.882030e-01  5.553374e-05 
 7.885210e-01  6.434798e-05 
 7.888391e-01  7.292141e-05 
 7.891572e-01  8.136549e-05 
 7.894752e-01  8.955737e-05 
 7.897933e-01  9.758745e-05 
 7.901114e-01  1.053080e-04 
 7.904294e-01  1.127066e-04 
 7.907475e-01  1.198866e-04 
 7.910656e-01  1.266991e-04 
 7.913836e-01  1.332234e-04 
 7.917017e-01  1.393278e-04 
 7.920198e-01  1.450493e-04 
 7.923378e-01  1.504514e-04 
 7.926559e-01  1.554937e-04 
 7.929740e-01  1.603276e-04 
 7.932920e-01  1.649473e-04 
 7.936101e-01  1.694062e-04 
 7.939282e-01  1.736844e-04 
 7.942462e-01  1.778510e-04 
 7.945643e-01  1.819628e-04 
 7.948824e-01  1.859386e-04 
 7.952004e-01  1.897812e-04 
 7.955185e-01  1.934877e-04 
 7.958366e-01  1.970294e-04 
 7.961546e-01  2.005072e-04 
 7.964727e-01  2.039455e-04 
 7.967908e-01  2.071583e-04 
 7.971088e-01  2.103874e-04 
 7.974269e-01  2.134644e-04 
 7.977450e-01  2.163737e-04 
 7.980630e-01  2.192235e-04 
 7.983811e-01  2.219612e-04 
 7.986992e-01  2.246438e-04 
 7.990172e-01  2.273351e-04 
 7.993353e-01  2.299275e-04 
 7.996534e-01  2.324822e-04 
 7.999715e-01  2.348889e-04 
 8.002895e-01  2.370814e-04 
 8.006076e-01  2.391152e-04 
 8.009257e-01  2.409255e-04 
 8.012437e-01  2.424794e-04 
 8.015618e-01  2.437941e-04 
 8.018799e-01  2.447210e-04 
 8.021979e-01  2.453301e-04 
 8.025160e-01  2.455620e-04 
 8.028341e-01  2.452866e-04 
 8.031521e-01  2.446615e-04 
 8.034702e-01  2.437225e-04 
 8.037883e-01  2.424107e-04 
 8.041063e-01  2.405927e-04 
 8.044244e-01  2.384407e-04 
 8.047425e-01  2.360450e-04 
 8.050605e-01  2.333978e-04 
 8.053786e-01  2.304304e-04 
 8.056967e-01  2.272892e-04 
 8.060147e-01  2.239595e-04 
 8.063328e-01  2.203346e-04 
 8.066509e-01  2.163912e-04 
 8.069689e-01  2.121477e-04 
 8.072870e-01  2.074764e-04 
 8.076051e-01  2.023560e-04 
 8.079231e-01  1.969056e-04 
 8.082412e-01  1.910250e-04 
 8.085593e-01  1.848049e-04 
 8.088773e-01  1.781883e-04 
 8.091954e-01  1.711761e-04 
 8.095135e-01  1.638374e-04 
 8.098315e-01  1.562483e-04 
 8.101496e-01  1.483484e-04 
 8.104677e-01  1.402537e-04 
 8.107857e-01  1.318704e-04 
 8.111038e-01  1.232126e-04 
 8.114219e-01  1.142496e-04 
 8.117399e-01  1.052194e-04 
 8.120580e-01  9.604285e-05 
 8.123761e-01  8.684988e-05 
 8.126942e-01  7.757853e-05 
 8.130122e-01  6.834845e-05 
 8.133303e-01  5.920028e-05 
 8.136484e-01  4.998212e-05 
 8.139664e-01  4.078471e-05 
 8.142845e-01  3.163208e-05 
 8.146026e-01  2.250202e-05 
 8.149206e-01  1.344707e-05 
 8.152387e-01  4.507933e-06 
 8.155568e-01 -4.223279e-06 
 8.158748e-01 -1.268779e-05 
 8.161929e-01 -2.074834e-05 
 8.165110e-01 -2.821214e-05 
 8.168290e-01 -3.507435e-05 
 8.171471e-01 -4.117172e-05 
 8.174652e-01 -4.663500e-05 
 8.177832e-01 -5.134896e-05 
 8.181013e-01 -5.540288e-05 
 8.184194e-01 -5.873484e-05 
 8.187374e-01 -6.131618e-05 
 8.190555e-01 -6.324559e-05 
 8.193736e-01 -6.442664e-05 
 8.196916e-01 -6.499521e-05 
 8.200097e-01 -6.491730e-05 
 8.203278e-01 -6.412395e-05 
 8.206458e-01 -6.274322e-05 
 8.209639e-01 -6.067438e-05 
 8.212820e-01 -5.801365e-05 
 8.216000e-01 -5.476290e-05 
 8.219181e-01 -5.087782e-05 
 8.222362e-01 -4.643218e-05 
 8.225542e-01 -4.141043e-05 
 8.228723e-01 -3.576001e-05 
 8.231904e-01 -2.943805e-05 
 8.235084e-01 -2.241530e-05 
 8.238265e-01 -1.472149e-05 
 8.241446e-01 -6.352826e-06 
 8.244626e-01  2.747672e-06 
 8.247807e-01  1.252052e-05 
 8.250988e-01  2.292857e-05 
 8.254168e-01  3.397530e-05 
 8.257349e-01  4.562228e-05 
 8.260530e-01  5.770715e-05 
 8.263711e-01  7.024041e-05 
 8.266891e-01  8.311726e-05 
 8.270072e-01  9.639901e-05 
 8.273253e-01  1.100050e-04 
 8.276433e-01  1.239334e-04 
 8.279614e-01  1.382309e-04 
 8.282795e-01  1.527937e-04 
 8.285975e-01  1.676175e-04 
 8.289156e-01  1.826993e-04 
 8.292337e-01  1.979534e-04 
 8.295517e-01  2.132645e-04 
 8.298698e-01  2.285400e-04 
 8.301879e-01  2.437182e-04 
 8.305059e-01  2.586913e-04 
 8.308240e-01  2.734252e-04 
 8.311421e-01  2.878609e-04 
 8.314601e-01  3.018493e-04 
 8.317782e-01  3.155175e-04 
 8.320963e-01  3.288213e-04 
 8.324143e-01  3.416299e-04 
 8.327324e-01  3.540296e-04 
 8.330505e-01  3.658689e-04 
 8.333685e-01  3.771954e-04 
 8.336866e-01  3.879354e-04 
 8.340047e-01  3.982060e-04 
 8.343227e-01  4.079861e-04 
 8.346408e-01  4.172974e-04 
 8.349589e-01  4.261398e-04 
 8.352769e-01  4.345967e-04 
 8.355950e-01  4.426877e-04 
 8.359131e-01  4.504992e-04 
 8.362311e-01  4.580718e-04 
 8.365492e-01  4.652727e-04 
 8.368673e-01  4.719824e-04 
 8.371853e-01  4.782578e-04 
 8.375034e-01  4.839346e-04 
 8.378215e-01  4.889908e-04 
 8.381395e-01  4.933694e-04 
 8.384576e-01  4.970413e-04 
 8.387757e-01  4.999898e-04 
 8.390937e-01  5.021641e-04 
 8.394118e-01  5.036523e-04 
 8.397299e-01  5.045065e-04 
 8.400480e-01  5.047301e-04 
 8.403660e-01  5.044600e-04 
 8.406841e-01  5.037237e-04 
 8.410022e-01  5.024810e-04 
 8.413202e-01  5.008532e-04 
 8.416383e-01  4.987741e-04 
 8.419564e-01  4.962966e-04 
 8.422744e-01  4.934158e-04 
 8.425925e-01  4.902799e-04 
 8.429106e-01  4.867972e-04 
 8.432286e-01  4.831136e-04 
 8.435467e-01  4.792120e-04 
 8.438648e-01  4.751281e-04 
 8.441828e-01  4.709728e-04 
 8.445009e-01  4.667396e-04 
 8.448190e-01  4.624889e-04 
 8.451370e-01  4.581539e-04 
 8.454551e-01  4.537577e-04 
 8.457732e-01  4.493045e-04 
 8.460912e-01  4.448684e-04 
 8.464093e-01  4.403619e-04 
 8.467274e-01  4.358239e-04 
 8.470454e-01  4.312423e-04 
 8.473635e-01  4.266354e-04 
 8.476816e-01  4.220435e-04 
 8.479996e-01  4.174125e-04 
 8.483177e-01  4.126670e-04 
 8.486358e-01  4.078430e-04 
 8.489538e-01  4.028745e-04 
 8.492719e-01  3.976571e-04 
 8.495900e-01  3.921762e-04 
 8.499080e-01  3.864260e-04 
 8.502261e-01  3.803968e-04 
 8.505442e-01  3.740211e-04 
 8.508622e-01  3.674299e-04 
 8.511803e-01  3.606604e-04 
 8.514984e-01  3.538263e-04 
 8.518164e-01  3.468397e-04 
 8.521345e-01  3.398412e-04 
 8.524526e-01  3.327098e-04 
 8.527706e-01  3.255185e-04 
 8.530887e-01  3.183408e-04 
 8.534068e-01  3.111288e-04 
 8.537249e-01  3.038415e-04 
 8.540429e-01  2.964964e-04 
 8.543610e-01  2.890708e-04 
 8.546791e-01  2.815986e-04 
 8.549971e-01  2.740739e-04 
 8.553152e-01  2.663895e-04 
 8.556333e-01  2.585392e-04 
 8.559513e-01  2.504941e-04 
 8.562694e-01  2.422059e-04 
 8.565875e-01  2.335395e-04 
 8.569055e-01  2.245176e-04 
 8.572236e-01  2.151006e-04 
 8.575417e-01  2.052832e-04 
 8.578597e-01  1.950635e-04 
 8.581778e-01  1.845682e-04 
 8.584959e-01  1.738223e-04 
 8.588139e-01  1.629257e-04 
 8.591320e-01  1.517700e-04 
 8.594501e-01  1.404158e-04 
 8.597681e-01  1.288728e-04 
 8.600862e-01  1.171768e-04 
 8.604043e-01  1.053302e-04 
 8.607223e-01  9.330143e-05 
 8.610404e-01  8.114305e-05 
 8.613585e-01  6.895269e-05 
 8.616765e-01  5.672792e-05 
 8.619946e-01  4.454186e-05 
 8.623127e-01  3.240755e-05 
 8.626307e-01  2.043866e-05 
 8.629488e-01  8.653181e-06 
 8.632669e-01 -2.850887e-06 
 8.635849e-01 -1.409589e-05 
 8.639030e-01 -2.507097e-05 
 8.642211e-01 -3.573240e-05 
 8.645391e-01 -4.605719e-05 
 8.648572e-01 -5.600967e-05 
 8.651753e-01 -6.555583e-05 
 8.654933e-01 -7.455453e-05 
 8.658114e-01 -8.310861e-05 
 8.661295e-01 -9.118031e-05 
 8.664476e-01 -9.890842e-05 
 8.667656e-01 -1.060765e-04 
 8.670837e-01 -1.128441e-04 
 8.674018e-01 -1.191061e-04 
 8.677198e-01 -1.250124e-04 
 8.680379e-01 -1.303558e-04 
 8.683560e-01 -1.352257e-04 
 8.686740e-01 -1.395464e-04 
 8.689921e-01 -1.432673e-04 
 8.693102e-01 -1.463461e-04 
 8.696282e-01 -1.486933e-04 
 8.699463e-01 -1.503024e-04 
 8.702644e-01 -1.510602e-04 
 8.705824e-01 -1.509559e-04 
 8.709005e-01 -1.500346e-04 
 8.712186e-01 -1.482870e-04 
 8.715366e-01 -1.457775e-04 
 8.718547e-01 -1.425394e-04 
 8.721728e-01 -1.385860e-04 
 8.724908e-01 -1.339549e-04 
 8.728089e-01 -1.287109e-04 
 8.731270e-01 -1.228631e-04 
 8.734450e-01 -1.164265e-04 
 8.737631e-01 -1.093986e-04 
 8.740812e-01 -1.018251e-04 
 8.743992e-01 -9.367046e-05 
 8.747173e-01 -8.504351e-05 
 8.750354e-01 -7.593429e-05 
 8.753534e-01 -6.644585e-05 
 8.756715e-01 -5.656016e-05 
 8.759896e-01 -4.632734e-05 
 8.763076e-01 -3.590558e-05 
 8.766257e-01 -2.529312e-05 
 8.769438e-01 -1.447160e-05 
 8.772618e-01 -3.477689e-06 
 8.775799e-01  7.670717e-06 
 8.778980e-01  1.886777e-05 
 8.782160e-01  3.005248e-05 
 8.785341e-01  4.122135e-05 
 8.788522e-01  5.224382e-05 
 8.791702e-01  6.305140e-05 
 8.794883e-01  7.360090e-05 
 8.798064e-01  8.381969e-05 
 8.801245e-01  9.366078e-05 
 8.804425e-01  1.031193e-04 
 8.807606e-01  1.122042e-04 
 8.810787e-01  1.209805e-04 
 8.813967e-01  1.295159e-04 
 8.817148e-01  1.377572e-04 
 8.820329e-01  1.457379e-04 
 8.823509e-01  1.534967e-04 
 8.826690e-01  1.609854e-04 
 8.829871e-01  1.681997e-04 
 8.833051e-01  1.750549e-04 
 8.836232e-01  1.815118e-04 
 8.839413e-01  1.875215e-04 
 8.842593e-01  1.930580e-04 
 8.845774e-01  1.980688e-04 
 8.848955e-01  2.024472e-04 
 8.852135e-01  2.062916e-04 
 8.855316e-01  2.096081e-04 
 8.858497e-01  2.123324e-04 
 8.861677e-01  2.144710e-04 
 8.864858e-01  2.160171e-04 
 8.868039e-01  2.169861e-04 
 8.871219e-01  2.174639e-04 
 8.874400e-01  2.175068e-04 
 8.877581e-01  2.171917e-04 
 8.880761e-01  2.165365e-04 
 8.883942e-01  2.156614e-04 
 8.887123e-01  2.145357e-04 
 8.890303e-01  2.132325e-04 
 8.893484e-01  2.116985e-04 
 8.896665e-01  2.100105e-04 
 8.899845e-01  2.080409e-04 
 8.903026e-01  2.058294e-04 
 8.906207e-01  2.032842e-04 
 8.909387e-01  2.004378e-04 
 8.912568e-01  1.973118e-04 
 8.915749e-01  1.939102e-04 
 8.918929e-01  1.902090e-04 
 8.922110e-01  1.862626e-04 
 8.925291e-01  1.821985e-04 
 8.928471e-01  1.780370e-04 
 8.931652e-01  1.738722e-04 
 8.934833e-01  1.696439e-04 
 8.938014e-01  1.654725e-04 
 8.941194e-01  1.613338e-04 
 8.944375e-01  1.573079e-04 
 8.947556e-01  1.532504e-04 
 8.950736e-01  1.492536e-04 
 8.953917e-01  1.452873e-04 
 8.957098e-01  1.412751e-04 
 8.960278e-01  1.372408e-04 
 8.963459e-01  1.332024e-04 
 8.966640e-01  1.291464e-04 
 8.969820e-01  1.250963e-04 
 8.973001e-01  1.210495e-04 
 8.976182e-01  1.169591e-04 
 8.979362e-01  1.128138e-04 
 8.982543e-01  1.086312e-04 
 8.985724e-01  1.043100e-04 
 8.988904e-01  9.989005e-05 
 8.992085e-01  9.542919e-05 
 8.995266e-01  9.098245e-05 
 8.998446e-01  8.665952e-05 
 9.001627e-01  8.243544e-05 
 9.004808e-01  7.832896e-05 
 9.007988e-01  7.447485e-05 
 9.011169e-01  7.087062e-05 
 9.014350e-01  6.745353e-05 
 9.017530e-01  6.421822e-05 
 9.020711e-01  6.100327e-05 
 9.023892e-01  5.796456e-05 
 9.027072e-01  5.489075e-05 
 9.030253e-01  5.173751e-05 
 9.033434e-01  4.850728e-05 
 9.036614e-01  4.518771e-05 
 9.039795e-01  4.170413e-05 
 9.042976e-01  3.808384e-05 
 9.046156e-01  3.423821e-05 
 9.049337e-01  3.029217e-05 
 9.052518e-01  2.631998e-05 
 9.055698e-01  2.229785e-05 
 9.058879e-01  1.833466e-05 
 9.062060e-01  1.440342e-05 
 9.065240e-01  1.062345e-05 
 9.068421e-01  7.031072e-06 
 9.071602e-01  3.671139e-06 
 9.074783e-01  5.246341e-07 
 9.077963e-01 -2.382081e-06 
 9.081144e-01 -5.038086e-06 
 9.084325e-01 -7.449025e-06 
 9.087505e-01 -9.667352e-06 
 9.090686e-01 -1.177568e-05 
 9.093867e-01 -1.371675e-05 
 9.097047e-01 -1.544918e-05 
 9.100228e-01 -1.698155e-05 
 9.103409e-01 -1.825131e-05 
 9.106589e-01 -1.935024e-05 
 9.109770e-01 -2.010786e-05 
 9.112951e-01 -2.055693e-05 
 9.116131e-01 -2.073313e-05 
 9.119312e-01 -2.048937e-05 
 9.122493e-01 -1.994776e-05 
 9.125673e-01 -1.909309e-05 
 9.128854e-01 -1.798271e-05 
 9.132035e-01 -1.664157e-05 
 9.135215e-01 -1.502768e-05 
 9.138396e-01 -1.307438e-05 
 9.141577e-01 -1.083534e-05 
 9.144757e-01 -8.262386e-06 
 9.147938e-01 -5.400683e-06 
 9.151119e-01 -2.220106e-06 
 9.154299e-01  1.308268e-06 
 9.157480e-01  5.151245e-06 
 9.160661e-01  9.315468e-06 
 9.163841e-01  1.381357e-05 
 9.167022e-01  1.877108e-05 
 9.170203e-01  2.409140e-05 
 9.173383e-01  2.987933e-05 
 9.176564e-01  3.611051e-05 
 9.179745e-01  4.287052e-05 
 9.182925e-01  5.009174e-05 
 9.186106e-01  5.791512e-05 
 9.189287e-01  6.622076e-05 
 9.192467e-01  7.504710e-05 
 9.195648e-01  8.441392e-05 
 9.198829e-01  9.418243e-05 
 9.202009e-01  1.043889e-04 
 9.205190e-01  1.149326e-04 
 9.208371e-01  1.257019e-04 
 9.211552e-01  1.366803e-04 
 9.214732e-01  1.477238e-04 
 9.217913e-01  1.588586e-04 
 9.221094e-01  1.700109e-04 
 9.224274e-01  1.811713e-04 
 9.227455e-01  1.922840e-04 
 9.230636e-01  2.032980e-04 
 9.233816e-01  2.142164e-04 
 9.236997e-01  2.250705e-04 
 9.240178e-01  2.359304e-04 
 9.243358e-01  2.467564e-04 
 9.246539e-01  2.576267e-04 
 9.249720e-01  2.684375e-04 
 9.252900e-01  2.792531e-04 
 9.256081e-01  2.900477e-04 
 9.259262e-01  3.009039e-04 
 9.262442e-01  3.117666e-04 
 9.265623e-01  3.227118e-04 
 9.268804e-01  3.335826e-04 
 9.271984e-01  3.443897e-04 
 9.275165e-01  3.550097e-04 
 9.278346e-01  3.654917e-04 
 9.281526e-01  3.757279e-04 
 9.284707e-01  3.856979e-04 
 9.287888e-01  3.953784e-04 
 9.291068e-01  4.047950e-04 
 9.294249e-01  4.138168e-04 
 9.297430e-01  4.224775e-04 
 9.300610e-01  4.306774e-04 
 9.303791e-01  4.385727e-04 
 9.306972e-01  4.460778e-04 
 9.310152e-01  4.531123e-04 
 9.313333e-01  4.595386e-04 
 9.316514e-01  4.654266e-04 
 9.319694e-01  4.706499e-04 
 9.322875e-01  4.752934e-04 
 9.326056e-01  4.793116e-04 
 9.329236e-01  4.827292e-04 
 9.332417e-01  4.855974e-04 
 9.335598e-01  4.879755e-04 
 9.338779e-01  4.899396e-04 
 9.341959e-01  4.914433e-04 
 9.345140e-01  4.925645e-04 
 9.348321e-01  4.933392e-04 
 9.351501e-01  4.937782e-04 
 9.354682e-01  4.939326e-04 
 9.357863e-01  4.937757e-04 
 9.361043e-01  4.933085e-04 
 9.364224e-01  4.925382e-04 
 9.367405e-01  4.914968e-04 
 9.370585e-01  4.901374e-04 
 9.373766e-01  4.885289e-04 
 9.376947e-01  4.866543e-04 
 9.380127e-01  4.844594e-04 
 9.383308e-01  4.818443e-04 
 9.386489e-01  4.788754e-04 
 9.389669e-01  4.754015e-04 
 9.392850e-01  4.714205e-04 
 9.396031e-01  4.670048e-04 
 9.399211e-01  4.621208e-04 
 9.402392e-01  4.566966e-04 
 9.405573e-01  4.508601e-04 
 9.408753e-01  4.446292e-04 
 9.411934e-01  4.379467e-04 
 9.415115e-01  4.309300e-04 
 9.418295e-01  4.236054e-04 
 9.421476e-01  4.160397e-04 
 9.424657e-01  4.082859e-04 
 9.427837e-01  4.002935e-04 
 9.431018e-01  3.920908e-04 
 9.434199e-01  3.837176e-04 
 9.437379e-01  3.752669e-04 
 9.440560e-01  3.667595e-04 
 9.443741e-01  3.582269e-04 
 9.446921e-01  3.496762e-04 
 9.450102e-01  3.411502e-04 
 9.453283e-01  3.325751e-04 
 9.456463e-01  3.240094e-04 
 9.459644e-01  3.155195e-04 
 9.462825e-01  3.070439e-04 
 9.466005e-01  2.986511e-04 
 9.469186e-01  2.902647e-04 
 9.472367e-01  2.818666e-04 
 9.475548e-01  2.734469e-04 
 9.478728e-01  2.649905e-04 
 9.481909e-01  2.565366e-04 
 9.485090e-01  2.479796e-04 
 9.488270e-01  2.394023e-04 
 9.491451e-01  2.307854e-04 
 9.494632e-01  2.220999e-04 
 9.497812e-01  2.133156e-04 
 9.500993e-01  2.044618e-04 
 9.504174e-01  1.954931e-04 
 9.507354e-01  1.864539e-04 
 9.510535e-01  1.773652e-04 
 9.513716e-01  1.682735e-04 
 9.516896e-01  1.592798e-04 
 9.520077e-01  1.504300e-04 
 9.523258e-01  1.417722e-04 
 9.526438e-01  1.333836e-04 
 9.529619e-01  1.252918e-04 
 9.532800e-01  1.175624e-04 
 9.535980e-01  1.102205e-04 
 9.539161e-01  1.031819e-04 
 9.542342e-01  9.653898e-05 
 9.545522e-01  9.018760e-05 
 9.548703e-01  8.413061e-05 
 9.551884e-01  7.830553e-05 
 9.555064e-01  7.277812e-05 
 9.558245e-01  6.745657e-05 
 9.561426e-01  6.245720e-05 
 9.564606e-01  5.771278e-05 
 9.567787e-01  5.326500e-05 
 9.570968e-01  4.903420e-05 
 9.574148e-01  4.502018e-05 
 9.577329e-01  4.123397e-05 
 9.580510e-01  3.772044e-05 
 9.583690e-01  3.446848e-05 
 9.586871e-01  3.160057e-05 
 9.590052e-01  2.901850e-05 
 9.593232e-01  2.686540e-05 
 9.596413e-01  2.511035e-05 
 9.599594e-01  2.381784e-05 
 9.602774e-01  2.301662e-05 
 9.605955e-01  2.271023e-05 
 9.609136e-01  2.293045e-05 
 9.612317e-01  2.355941e-05 
 9.615497e-01  2.459379e-05 
 9.618678e-01  2.602621e-05 
 9.621859e-01  2.778973e-05 
 9.625039e-01  2.988021e-05 
 9.628220e-01  3.231411e-05 
 9.631401e-01  3.508854e-05 
 9.634581e-01  3.821791e-05 
 9.637762e-01  4.170014e-05 
 9.640943e-01  4.547277e-05 
 9.644123e-01  4.954495e-05 
 9.647304e-01  5.391046e-05 
 9.650485e-01  5.856797e-05 
 9.653665e-01  6.343430e-05 
 9.656846e-01  6.853147e-05 
 9.660027e-01  7.382259e-05 
 9.663207e-01  7.927886e-05 
 9.666388e-01  8.485462e-05 
 9.669569e-01  9.054045e-05 
 9.672749e-01  9.637105e-05 
 9.675930e-01  1.022727e-04 
 9.679111e-01  1.082041e-04 
 9.682291e-01  1.141068e-04 
 9.685472e-01  1.199941e-04 
 9.688653e-01  1.258497e-04 
 9.691833e-01  1.315773e-04 
 9.695014e-01  1.372316e-04 
 9.698195e-01  1.427394e-04 
 9.701375e-01  1.481560e-04 
 9.704556e-01  1.534584e-04 
 9.707737e-01  1.587524e-04 
 9.710917e-01  1.640059e-04 
 9.714098e-01  1.693001e-04 
 9.717279e-01  1.745720e-04 
 9.720459e-01  1.799209e-04 
 9.723640e-01  1.853372e-04 
 9.726821e-01  1.906625e-04 
 9.730001e-01  1.958529e-04 
 9.733182e-01  2.009097e-04 
 9.736363e-01  2.057345e-04 
 9.739543e-01  2.103426e-04 
 9.742724e-01  2.146226e-04 
 9.745905e-01  2.185613e-04 
 9.749086e-01  2.221903e-04 
 9.752266e-01  2.255246e-04 
 9.755447e-01  2.286313e-04 
 9.758628e-01  2.314812e-04 
 9.761808e-01  2.340967e-04 
 9.764989e-01  2.364730e-04 
 9.768170e-01  2.386249e-04 
 9.771350e-01  2.404883e-04 
 9.774531e-01  2.421043e-04 
 9.777712e-01  2.434964e-04 
 9.780892e-01  2.446105e-04 
 9.784073e-01  2.454912e-04 
 9.787254e-01  2.461925e-04 
 9.790434e-01  2.466643e-04 
 9.793615e-01  2.469783e-04 
 9.796796e-01  2.470631e-04 
 9.799976e-01  2.469425e-04 
 9.803157e-01  2.466627e-04 
 9.806338e-01  2.461114e-04 
 9.809518e-01  2.453173e-04 
 9.812699e-01  2.442014e-04 
 9.815880e-01  2.428373e-04 
 9.819060e-01  2.412035e-04 
 9.822241e-01  2.393435e-04 
 9.825422e-01  2.372696e-04 
 9.828602e-01  2.350426e-04 
 9.831783e-01  2.326892e-04 
 9.834964e-01  2.301960e-04 
 9.838144e-01  2.275880e-04 
 9.841325e-01  2.248922e-04 
 9.844506e-01  2.219815e-04 
 9.847686e-01  2.189475e-04 
 9.850867e-01  2.156639e-04 
 9.854048e-01  2.121787e-04 
 9.857228e-01  2.084796e-04 
 9.860409e-01  2.045380e-04 
 9.863590e-01  2.002886e-04 
 9.866770e-01  1.957651e-04 
 9.869951e-01  1.908935e-04 
 9.873132e-01  1.857518e-04 
 9.876312e-01  1.802837e-04 
 9.879493e-01  1.745967e-04 
 9.882674e-01  1.686439e-04 
 9.885855e-01  1.625057e-04 
 9.889035e-01  1.562162e-04 
 9.892216e-01  1.497986e-04 
 9.895397e-01  1.433434e-04 
 9.898577e-01  1.369119e-04 
 9.901758e-01  1.305093e-04 
 9.904939e-01  1.241740e-04 
 9.908119e-01  1.179316e-04 
 9.911300e-01  1.117788e-04 
 9.914481e-01  1.056586e-04 
 9.917661e-01  9.958993e-05 
 9.920842e-01  9.349480e-05 
 9.924023e-01  8.734483e-05 
 9.927203e-01  8.119736e-05 
 9.930384e-01  7.497879e-05 
 9.933565e-01  6.866753e-05 
 9.936745e-01  6.236129e-05 
 9.939926e-01  5.598263e-05 
 9.943107e-01  4.961125e-05 
 9.946287e-01  4.331451e-05 
 9.949468e-01  3.708550e-05 
 9.952649e-01  3.090232e-05 
 9.955829e-01  2.473706e-05 
 9.959010e-01  1.865028e-05 
 9.962191e-01  1.261876e-05 
 9.965371e-01  6.629201e-06 
 9.968552e-01  6.757085e-07 
 9.971733e-01 -5.196542e-06 
 9.974913e-01 -1.090730e-05 
 9.978094e-01 -1.641411e-05 
 9.981275e-01 -2.172838e-05 
 9.984455e-01 -2.675993e-05 
 9.987636e-01 -3.145681e-05 
 9.990817e-01 -3.580815e-05 
 9.993997e-01 -3.981680e-05 
 9.997178e-01 -4.340137e-05 
 1.000036e+00 -4.659702e-05 
 1.000354e+00 -4.940895e-05 
 1.000672e+00 -5.178088e-05 
 1.000990e+00 -5.376209e-05 
 1.001308e+00 -5.532597e-05 
 1.001626e+00 -5.642902e-05 
 1.001944e+00 -5.708823e-05 
 1.002262e+00 -5.728296e-05 
 1.002580e+00 -5.701897e-05 
 1.002898e+00 -5.633074e-05 
 1.003217e+00 -5.518429e-05 
 1.003535e+00 -5.363727e-05 
 1.003853e+00 -5.173527e-05 
 1.004171e+00 -4.949849e-05 
 1.004489e+00 -4.694496e-05 
 1.004807e+00 -4.415953e-05 
 1.005125e+00 -4.109399e-05 
 1.005443e+00 -3.781409e-05 
 1.005761e+00 -3.425935e-05 
 1.006079e+00 -3.044522e-05 
 1.006397e+00 -2.630802e-05 
 1.006715e+00 -2.188020e-05 
 1.007033e+00 -1.706317e-05 
 1.007351e+00 -1.188077e-05 
 1.007669e+00 -6.206071e-06 
 1.007988e+00 -5.276224e-08 
 1.008306e+00  6.627081e-06 
 1.008624e+00  1.381668e-05 
 1.008942e+00  2.154054e-05 
 1.009260e+00  2.973211e-05 
 1.009578e+00  3.838229e-05 
 1.009896e+00  4.741937e-05 
 1.010214e+00  5.684384e-05 
 1.010532e+00  6.659140e-05 
 1.010850e+00  7.656455e-05 
 1.011168e+00  8.664850e-05 
 1.011486e+00  9.685718e-05 
 1.011804e+00  1.071486e-04 
 1.012122e+00  1.175700e-04 
 1.012441e+00  1.279954e-04 
 1.012759e+00  1.384299e-04 
 1.013077e+00  1.488746e-04 
 1.013395e+00  1.592500e-04 
 1.013713e+00  1.695885e-04 
 1.014031e+00  1.797762e-04 
 1.014349e+00  1.898783e-04 
 1.014667e+00  1.998192e-04 
 1.014985e+00  2.096215e-04 
 1.015303e+00  2.192959e-04 
 1.015621e+00  2.288181e-04 
 1.015939e+00  2.382503e-04 
 1.016257e+00  2.476166e-04 
 1.016575e+00  2.569269e-04 
 1.016893e+00  2.662611e-04 
 1.017212e+00  2.756077e-04 
 1.017530e+00  2.849446e-04 
 1.017848e+00  2.942311e-04 
 1.018166e+00  3.035239e-04 
 1.018484e+00  3.127112e-04 
 1.018802e+00  3.217582e-04 
 1.019120e+00  3.305778e-04 
 1.019438e+00  3.391067e-04 
 1.019756e+00  3.473153e-04 
 1.020074e+00  3.551785e-04 
 1.020392e+00  3.626918e-04 
 1.020710e+00  3.698716e-04 
 1.021028e+00  3.766306e-04 
 1.021346e+00  3.830118e-04 
 1.021664e+00  3.889614e-04 
 1.021983e+00  3.945222e-04 
 1.022301e+00  3.996054e-04 
 1.022619e+00  4.042154e-04 
 1.022937e+00  4.083329e-04 
 1.023255e+00  4.119858e-04 
 1.023573e+00  4.151931e-04 
 1.023891e+00  4.179596e-04 
 1.024209e+00  4.203253e-04 
 1.024527e+00  4.223706e-04 
 1.024845e+00  4.241111e-04 
 1.025163e+00  4.255973e-04 
 1.025481e+00  4.268592e-04 
 1.025799e+00  4.279179e-04 
 1.026117e+00  4.287967e-04 
 1.026435e+00  4.294465e-04 
 1.026754e+00  4.299011e-04 
 1.027072e+00  4.301550e-04 
 1.027390e+00  4.302165e-04 
 1.027708e+00  4.300349e-04 
 1.028026e+00  4.296162e-04 
 1.028344e+00  4.289378e-04 
 1.028662e+00  4.279856e-04 
 1.028980e+00  4.267079e-04 
 1.029298e+00  4.251418e-04 
 1.029616e+00  4.232506e-04 
 1.029934e+00  4.210449e-04 
 1.030252e+00  4.184946e-04 
 1.030570e+00  4.156049e-04 
 1.030888e+00  4.123861e-04 
 1.031206e+00  4.088181e-04 
 1.031525e+00  4.049361e-04 
 1.031843e+00  4.007914e-04 
 1.032161e+00  3.964018e-04 
 1.032479e+00  3.918313e-04 
 1.032797e+00  3.871113e-04 
 1.033115e+00  3.822217e-04 
 1.033433e+00  3.771765e-04 
 1.033751e+00  3.719854e-04 
 1.034069e+00  3.667040e-04 
 1.034387e+00  3.614149e-04 
 1.034705e+00  3.560757e-04 
 1.035023e+00  3.507177e-04 
 1.035341e+00  3.453907e-04 
 1.035659e+00  3.400791e-04 
 1.035978e+00  3.348395e-04 
 1.036296e+00  3.296432e-04 
 1.036614e+00  3.244841e-04 
 1.036932e+00  3.193682e-04 
 1.037250e+00  3.142578e-04 
 1.037568e+00  3.090919e-04 
 1.037886e+00  3.038438e-04 
 1.038204e+00  2.984361e-04 
 1.038522e+00  2.928633e-04 
 1.038840e+00  2.871383e-04 
 1.039158e+00  2.812343e-04 
 1.039476e+00  2.751736e-04 
 1.039794e+00  2.689271e-04 
 1.040112e+00  2.626098e-04 
 1.040430e+00  2.562079e-04 
 1.040749e+00  2.497774e-04 
 1.041067e+00  2.433515e-04 
 1.041385e+00  2.369851e-04 
 1.041703e+00  2.307096e-04 
 1.042021e+00  2.245192e-04 
 1.042339e+00  2.184193e-04 
 1.042657e+00  2.124814e-04 
 1.042975e+00  2.067147e-04 
 1.043293e+00  2.010907e-04 
 1.043611e+00  1.956445e-04 
 1.043929e+00  1.904460e-04 
 1.044247e+00  1.854539e-04 
 1.044565e+00  1.806638e-04 
 1.044883e+00  1.760552e-04 
 1.045201e+00  1.715982e-04 
 1.045520e+00  1.673160e-04 
 1.045838e+00  1.631785e-04 
 1.046156e+00  1.591413e-04 
 1.046474e+00  1.552058e-04 
 1.046792e+00  1.514232e-04 
 1.047110e+00  1.477653e-04 
 1.047428e+00  1.442544e-04 
 1.047746e+00  1.408678e-04 
 1.048064e+00  1.377033e-04 
 1.048382e+00  1.346877e-04 
 1.048700e+00  1.318638e-04 
 1.049018e+00  1.292564e-04 
 1.049336e+00  1.269073e-04 
 1.049654e+00  1.247812e-04 
 1.049972e+00  1.228536e-04 
 1.050291e+00  1.211640e-04 
 1.050609e+00  1.197502e-04 
 1.050927e+00  1.185860e-04 
 1.051245e+00  1.176539e-04 
 1.051563e+00  1.169724e-04 
 1.051881e+00  1.165460e-04 
 1.052199e+00  1.163198e-04 
 1.052517e+00  1.163564e-04 
 1.052835e+00  1.166304e-04 
 1.053153e+00  1.171809e-04 
 1.053471e+00  1.180028e-04 
 1.053789e+00  1.190891e-04 
 1.054107e+00  1.204623e-04 
 1.054425e+00  1.221108e-04 
 1.054743e+00  1.241119e-04 
 1.055062e+00  1.263515e-04 
 1.055380e+00  1.289489e-04 
 1.055698e+00  1.317377e-04 
 1.056016e+00  1.347764e-04 
 1.056334e+00  1.380210e-04 
 1.056652e+00  1.414729e-04 
 1.056970e+00  1.450561e-04 
 1.057288e+00  1.488121e-04 
 1.057606e+00  1.527129e-04 
 1.057924e+00  1.567170e-04 
 1.058242e+00  1.608532e-04 
 1.058560e+00  1.650777e-04 
 1.058878e+00  1.694306e-04 
 1.059196e+00  1.739024e-04 
 1.059514e+00  1.785026e-04 
 1.059833e+00  1.832601e-04 
 1.060151e+00  1.881635e-04 
 1.060469e+00  1.931632e-04 
 1.060787e+00  1.982304e-04 
 1.061105e+00  2.033990e-04 
 1.061423e+00  2.086959e-04 
 1.061741e+00  2.140350e-04 
 1.062059e+00  2.193713e-04 
 1.062377e+00  2.247385e-04 
 1.062695e+00  2.300297e-04 
 1.063013e+00  2.353106e-04 
 1.063331e+00  2.404835e-04 
 1.063649e+00  2.455818e-04 
 1.063967e+00  2.505725e-04 
 1.064286e+00  2.553947e-04 
 1.064604e+00  2.600218e-04 
 1.064922e+00  2.644689e-04 
 1.065240e+00  2.687371e-04 
 1.065558e+00  2.727825e-04 
 1.065876e+00  2.765912e-04 
 1.066194e+00  2.801663e-04 
 1.066512e+00  2.835146e-04 
 1.066830e+00  2.866516e-04 
 1.067148e+00  2.895021e-04 
 1.067466e+00  2.921058e-04 
 1.067784e+00  2.944442e-04 
 1.068102e+00  2.964814e-04 
 1.068420e+00  2.981818e-04 
 1.068738e+00  2.995456e-04 
 1.069057e+00  3.005612e-04 
 1.069375e+00  3.011935e-04 
 1.069693e+00  3.014434e-04 
 1.070011e+00  3.012926e-04 
 1.070329e+00  3.007902e-04 
 1.070647e+00  2.998864e-04 
 1.070965e+00  2.985532e-04 
 1.071283e+00  2.968496e-04 
 1.071601e+00  2.947685e-04 
 1.071919e+00  2.923230e-04 
 1.072237e+00  2.895324e-04 
 1.072555e+00  2.864072e-04 
 1.072873e+00  2.829889e-04 
 1.073191e+00  2.793043e-04 
 1.073509e+00  2.753748e-04 
 1.073828e+00  2.712661e-04 
 1.074146e+00  2.669601e-04 
 1.074464e+00  2.624695e-04 
 1.074782e+00  2.577647e-04 
 1.075100e+00  2.528260e-04 
 1.075418e+00  2.476383e-04 
 1.075736e+00  2.421863e-04 
 1.076054e+00  2.364899e-04 
 1.076372e+00  2.304907e-04 
 1.076690e+00  2.242382e-04 
 1.077008e+00  2.177558e-04 
 1.077326e+00  2.110477e-04 
 1.077644e+00  2.041597e-04 
 1.077962e+00  1.971014e-04 
 1.078280e+00  1.898904e-04 
 1.078599e+00  1.825815e-04 
 1.078917e+00  1.751843e-04 
 1.079235e+00  1.677229e-04 
 1.079553e+00  1.602213e-04 
 1.079871e+00  1.526643e-04 
 1.080189e+00  1.451356e-04 
 1.080507e+00  1.376805e-04 
 1.080825e+00  1.302779e-04 
 1.081143e+00  1.229526e-04 
 1.081461e+00  1.157967e-04 
 1.081779e+00  1.087961e-04 
 1.082097e+00  1.020048e-04 
 1.082415e+00  9.538890e-05 
 1.082733e+00  8.897828e-05 
 1.083051e+00  8.279035e-05 
 1.083370e+00  7.679589e-05 
 1.083688e+00  7.099847e-05 
 1.084006e+00  6.538130e-05 
 1.084324e+00  5.993297e-05 
 1.084642e+00  5.466051e-05 
 1.084960e+00  4.947650e-05 
 1.085278e+00  4.444942e-05 
 1.085596e+00  3.955395e-05 
 1.085914e+00  3.479571e-05 
 1.086232e+00  3.017242e-05 
 1.086550e+00  2.570519e-05 
 1.086868e+00  2.136424e-05 
 1.087186e+00  1.715902e-05 
 1.087504e+00  1.312105e-05 
 1.087822e+00  9.198141e-06 
 1.088141e+00  5.467891e-06 
 1.088459e+00  1.897320e-06 
 1.088777e+00 -1.501311e-06 
 1.089095e+00 -4.638236e-06 
 1.089413e+00 -7.546394e-06 
 1.089731e+00 -1.020243e-05 
 1.090049e+00 -1.257567e-05 
 1.090367e+00 -1.466679e-05 
 1.090685e+00 -1.644905e-05 
 1.091003e+00 -1.792713e-05 
 1.091321e+00 -1.909463e-05 
 1.091639e+00 -1.998781e-05 
 1.091957e+00 -2.057965e-05 
 1.092275e+00 -2.089141e-05 
 1.092594e+00 -2.092468e-05 
 1.092912e+00 -2.071049e-05 
 1.093230e+00 -2.025165e-05 
 1.093548e+00 -1.958752e-05 
 1.093866e+00 -1.874543e-05 
 1.094184e+00 -1.776369e-05 
 1.094502e+00 -1.662211e-05 
 1.094820e+00 -1.538797e-05 
 1.095138e+00 -1.402329e-05 
 1.095456e+00 -1.254859e-05 
 1.095774e+00 -1.095673e-05 
 1.096092e+00 -9.203513e-06 
 1.096410e+00 -7.291224e-06 
 1.096728e+00 -5.189165e-06 
 1.097046e+00 -2.900976e-06 
 1.097365e+00 -4.060819e-07 
 1.097683e+00  2.317914e-06 
 1.098001e+00  5.288671e-06 
 1.098319e+00  8.501548e-06 
 1.098637e+00  1.197563e-05 
 1.098955e+00  1.570372e-05 
 1.099273e+00  1.972498e-05 
 1.099591e+00  2.403895e-05 
 1.099909e+00  2.868340e-05 
 1.100227e+00  3.363111e-05 
 1.100545e+00  3.886043e-05 
 1.100863e+00  4.436070e-05 
 1.101181e+00  5.012869e-05 
 1.101499e+00  5.611666e-05 
 1.101817e+00  6.231143e-05 
 1.102136e+00  6.861744e-05 
 1.102454e+00  7.507410e-05 
 1.102772e+00  8.160291e-05 
 1.103090e+00  8.818065e-05 
 1.103408e+00  9.476020e-05 
 1.103726e+00  1.013429e-04 
 1.104044e+00  1.079275e-04 
 1.104362e+00  1.145541e-04 
 1.104680e+00  1.211949e-04 
 1.104998e+00  1.278584e-04 
 1.105316e+00  1.346222e-04 
 1.105634e+00  1.414068e-04 
 1.105952e+00  1.482970e-04 
 1.106270e+00  1.553002e-04 
 1.106588e+00  1.624496e-04 
 1.106907e+00  1.697704e-04 
 1.107225e+00  1.772129e-04 
 1.107543e+00  1.847746e-04 
 1.107861e+00  1.924621e-04 
 1.108179e+00  2.002597e-04 
 1.108497e+00  2.081365e-04 
 1.108815e+00  2.161054e-04 
 1.109133e+00  2.240808e-04 
 1.109451e+00  2.320632e-04 
 1.109769e+00  2.400194e-04 
 1.110087e+00  2.479071e-04 
 1.110405e+00  2.557193e-04 
 1.110723e+00  2.633629e-04 
 1.111041e+00  2.708231e-04 
 1.111359e+00  2.781112e-04 
 1.111678e+00  2.851821e-04 
 1.111996e+00  2.920107e-04 
 1.112314e+00  2.985662e-04 
 1.112632e+00  3.048531e-04 
 1.112950e+00  3.108298e-04 
 1.113268e+00  3.165600e-04 
 1.113586e+00  3.219880e-04 
 1.113904e+00  3.271549e-04 
 1.114222e+00  3.320457e-04 
 1.114540e+00  3.366698e-04 
 1.114858e+00  3.410406e-04 
 1.115176e+00  3.451668e-04 
 1.115494e+00  3.490592e-04 
 1.115812e+00  3.527339e-04 
 1.116131e+00  3.561725e-04 
 1.116449e+00  3.593807e-04 
 1.116767e+00  3.623131e-04 
 1.117085e+00  3.649842e-04 
 1.117403e+00  3.673740e-04 
 1.117721e+00  3.694441e-04 
 1.118039e+00  3.711885e-04 
 1.118357e+00  3.726260e-04 
 1.118675e+00  3.737918e-04 
 1.118993e+00  3.746319e-04 
 1.119311e+00  3.751645e-04 
 1.119629e+00  3.753650e-04 
 1.119947e+00  3.752238e-04 
 1.120265e+00  3.747221e-04 
 1.120583e+00  3.738384e-04 
 1.120902e+00  3.725699e-04 
 1.121220e+00  3.708858e-04 
 1.121538e+00  3.688087e-04 
 1.121856e+00  3.663131e-04 
 1.122174e+00  3.634694e-04 
 1.122492e+00  3.603058e-04 
 1.122810e+00  3.568349e-04 
 1.123128e+00  3.531217e-04 
 1.123446e+00  3.492198e-04 
 1.123764e+00  3.451405e-04 
 1.124082e+00  3.409373e-04 
 1.124400e+00  3.365973e-04 
 1.124718e+00  3.321721e-04 
 1.125036e+00  3.276718e-04 
 1.125354e+00  3.231077e-04 
 1.125673e+00  3.184991e-04 
 1.125991e+00  3.138292e-04 
 1.126309e+00  3.091096e-04 
 1.126627e+00  3.043662e-04 
 1.126945e+00  2.995462e-04 
 1.127263e+00  2.946897e-04 
 1.127581e+00  2.897915e-04 
 1.127899e+00  2.848052e-04 
 1.128217e+00  2.797637e-04 
 1.128535e+00  2.746348e-04 
 1.128853e+00  2.694232e-04 
 1.129171e+00  2.641343e-04 
 1.129489e+00  2.587901e-04 
 1.129807e+00  2.534087e-04 
 1.130125e+00  2.480406e-04 
 1.130444e+00  2.426781e-04 
 1.130762e+00  2.373877e-04 
 1.131080e+00  2.322136e-04 
 1.131398e+00  2.271794e-04 
 1.131716e+00  2.223044e-04 
 1.132034e+00  2.176328e-04 
 1.132352e+00  2.131903e-04 
 1.132670e+00  2.089799e-04 
 1.132988e+00  2.049596e-04 
 1.133306e+00  2.011407e-04 
 1.133624e+00  1.975771e-04 
 1.133942e+00  1.942266e-04 
 1.134260e+00  1.910781e-04 
 1.134578e+00  1.881133e-04 
 1.134896e+00  1.853399e-04 
 1.135215e+00  1.827772e-04 
 1.135533e+00  1.804277e-04 
 1.135851e+00  1.782633e-04 
 1.136169e+00  1.762461e-04 
 1.136487e+00  1.744494e-04 
 1.136805e+00  1.728308e-04 
 1.137123e+00  1.713856e-04 
 1.137441e+00  1.701129e-04 
 1.137759e+00  1.690255e-04 
 1.138077e+00  1.681329e-04 
 1.138395e+00  1.673956e-04 
 1.138713e+00  1.668489e-04 
 1.139031e+00  1.664740e-04 
 1.139349e+00  1.663020e-04 
 1.139667e+00  1.663138e-04 
 1.139986e+00  1.664669e-04 
 1.140304e+00  1.668045e-04 
 1.140622e+00  1.673159e-04 
 1.140940e+00  1.680064e-04 
 1.141258e+00  1.688524e-04 
 1.141576e+00  1.698791e-04 
 1.141894e+00  1.711251e-04 
 1.142212e+00  1.725431e-04 
 1.142530e+00  1.741385e-04 
 1.142848e+00  1.759498e-04 
 1.143166e+00  1.779302e-04 
 1.143484e+00  1.800314e-04 
 1.143802e+00  1.822696e-04 
 1.144120e+00  1.846578e-04 
 1.144439e+00  1.871810e-04 
 1.144757e+00  1.897991e-04 
 1.145075e+00  1.925002e-04 
 1.145393e+00  1.952727e-04 
 1.145711e+00  1.981394e-04 
 1.146029e+00  2.010780e-04 
 1.146347e+00  2.040679e-04 
 1.146665e+00  2.071172e-04 
 1.146983e+00  2.102160e-04 
 1.147301e+00  2.133333e-04 
 1.147619e+00  2.164585e-04 
 1.147937e+00  2.196232e-04 
 1.148255e+00  2.228197e-04 
 1.148573e+00  2.260314e-04 
 1.148891e+00  2.292932e-04 
 1.149210e+00  2.325878e-04 
 1.149528e+00  2.359422e-04 
 1.149846e+00  2.393439e-04 
 1.150164e+00  2.427641e-04 
 1.150482e+00  2.462084e-04 
 1.150800e+00  2.496648e-04 
 1.151118e+00  2.530954e-04 
 1.151436e+00  2.565391e-04 
 1.151754e+00  2.599230e-04 
 1.152072e+00  2.632701e-04 
 1.152390e+00  2.665151e-04 
 1.152708e+00  2.696875e-04 
 1.153026e+00  2.727681e-04 
 1.153344e+00  2.757803e-04 
 1.153662e+00  2.786929e-04 
 1.153981e+00  2.814966e-04 
 1.154299e+00  2.842059e-04 
 1.154617e+00  2.868226e-04 
 1.154935e+00  2.893465e-04 
 1.155253e+00  2.917745e-04 
 1.155571e+00  2.941077e-04 
 1.155889e+00  2.963460e-04 
 1.156207e+00  2.985053e-04 
 1.156525e+00  3.005529e-04 
 1.156843e+00  3.024956e-04 
 1.157161e+00  3.042904e-04 
 1.157479e+00  3.059614e-04 
 1.157797e+00  3.074788e-04 
 1.158115e+00  3.088550e-04 
 1.158433e+00  3.100605e-04 
 1.158752e+00  3.110861e-04 
 1.159070e+00  3.119255e-04 
 1.159388e+00  3.125489e-04 
 1.159706e+00  3.129385e-04 
 1.160024e+00  3.131022e-04 
 1.160342e+00  3.130241e-04 
 1.160660e+00  3.126863e-04 
 1.160978e+00  3.120907e-04 
 1.161296e+00  3.112858e-04 
 1.161614e+00  3.102489e-04 
 1.161932e+00  3.089808e-04 
 1.162250e+00  3.074834e-04 
 1.162568e+00  3.057449e-04 
 1.162886e+00  3.038305e-04 
 1.163204e+00  3.017102e-04 
 1.163523e+00  2.993971e-04 
 1.163841e+00  2.968890e-04 
 1.164159e+00  2.942331e-04 
 1.164477e+00  2.914017e-04 
 1.164795e+00  2.884317e-04 
 1.165113e+00  2.853303e-04 
 1.165431e+00  2.820426e-04 
 1.165749e+00  2.785542e-04 
 1.166067e+00  2.748951e-04 
 1.166385e+00  2.710250e-04 
 1.166703e+00  2.669684e-04 
 1.167021e+00  2.626650e-04 
 1.167339e+00  2.581129e-04 
 1.167657e+00  2.533197e-04 
 1.167975e+00  2.482859e-04 
 1.168294e+00  2.430487e-04 
 1.168612e+00  2.375975e-04 
 1.168930e+00  2.319961e-04 
 1.169248e+00  2.261615e-04 
 1.169566e+00  2.201625e-04 
 1.169884e+00  2.139855e-04 
 1.170202e+00  2.076387e-04 
 1.170520e+00  2.011949e-04 
 1.170838e+00  1.946194e-04 
 1.171156e+00  1.879520e-04 
 1.171474e+00  1.812378e-04 
 1.171792e+00  1.744857e-04 
 1.172110e+00  1.677552e-04 
 1.172428e+00  1.610570e-04 
 1.172747e+00  1.543964e-04 
 1.173065e+00  1.477799e-04 
 1.173383e+00  1.412001e-04 
 1.173701e+00  1.346847e-04 
 1.174019e+00  1.282061e-04 
 1.174337e+00  1.217765e-04 
 1.174655e+00  1.153607e-04 
 1.174973e+00  1.089727e-04 
 1.175291e+00  1.026040e-04 
 1.175609e+00  9.629285e-05 
 1.175927e+00  9.001018e-05 
 1.176245e+00  8.381197e-05 
 1.176563e+00  7.768762e-05 
 1.176881e+00  7.162903e-05 
 1.177199e+00  6.565009e-05 
 1.177518e+00  5.972625e-05 
 1.177836e+00  5.388526e-05 
 1.178154e+00  4.819698e-05 
 1.178472e+00  4.262422e-05 
 1.178790e+00  3.724677e-05 
 1.179108e+00  3.202687e-05 
 1.179426e+00  2.699638e-05 
 1.179744e+00  2.217595e-05 
 1.180062e+00  1.761435e-05 
 1.180380e+00  1.332517e-05 
 1.180698e+00  9.358604e-06 
 1.181016e+00  5.719872e-06 
 1.181334e+00  2.373563e-06 
 1.181652e+00 -6.435679e-07 
 1.181970e+00 -3.351108e-06 
 1.182289e+00 -5.740688e-06 
 1.182607e+00 -7.807907e-06 
 1.182925e+00 -9.554801e-06 
 1.183243e+00 -1.101140e-05 
 1.183561e+00 -1.217510e-05 
 1.183879e+00 -1.305162e-05 
 1.184197e+00 -1.366090e-05 
 1.184515e+00 -1.400816e-05 
 1.184833e+00 -1.409361e-05 
 1.185151e+00 -1.396537e-05 
 1.185469e+00 -1.359336e-05 
 1.185787e+00 -1.298633e-05 
 1.186105e+00 -1.216989e-05 
 1.186423e+00 -1.117627e-05 
 1.186741e+00 -1.001594e-05 
 1.187060e+00 -8.606849e-06 
 1.187378e+00 -6.951449e-06 
 1.187696e+00 -5.085250e-06 
 1.188014e+00 -2.943991e-06 
 1.188332e+00 -5.200953e-07 
 1.188650e+00  2.167056e-06 
 1.188968e+00  5.175172e-06 
 1.189286e+00  8.512402e-06 
 1.189604e+00  1.216881e-05 
 1.189922e+00  1.614757e-05 
 1.190240e+00  2.041943e-05 
 1.190558e+00  2.499787e-05 
 1.190876e+00  2.987706e-05 
 1.191194e+00  3.502733e-05 
 1.191512e+00  4.042050e-05 
 1.191831e+00  4.598419e-05 
 1.192149e+00  5.168458e-05 
 1.192467e+00  5.751538e-05 
 1.192785e+00  6.344615e-05 
 1.193103e+00  6.943720e-05 
 1.193421e+00  7.549598e-05 
 1.193739e+00  8.153162e-05 
 1.194057e+00  8.752648e-05 
 1.194375e+00  9.357210e-05 
 1.194693e+00  9.958587e-05 
 1.195011e+00  1.056205e-04 
 1.195329e+00  1.116501e-04 
 1.195647e+00  1.176563e-04 
 1.195965e+00  1.237022e-04 
 1.196283e+00  1.297347e-04 
 1.196602e+00  1.358404e-04 
 1.196920e+00  1.419474e-04 
 1.197238e+00  1.480494e-04 
 1.197556e+00  1.541466e-04 
 1.197874e+00  1.602390e-04 
 1.198192e+00  1.663334e-04 
 1.198510e+00  1.724220e-04 
 1.198828e+00  1.784714e-04 
 1.199146e+00  1.844799e-04 
 1.199464e+00  1.904186e-04 
 1.199782e+00  1.962582e-04 
 1.200100e+00  2.020033e-04 
 1.200418e+00  2.076477e-04 
 1.200736e+00  2.131534e-04 
 1.201055e+00  2.185047e-04 
 1.201373e+00  2.236722e-04 
 1.201691e+00  2.286604e-04 
 1.202009e+00  2.334437e-04 
 1.202327e+00  2.380175e-04 
 1.202645e+00  2.423747e-04 
 1.202963e+00  2.465595e-04 
 1.203281e+00  2.505223e-04 
 1.203599e+00  2.542653e-04 
 1.203917e+00  2.577945e-04 
 1.204235e+00  2.611114e-04 
 1.204553e+00  2.642333e-04 
 1.204871e+00  2.671574e-04 
 1.205189e+00  2.698912e-04 
 1.205507e+00  2.724452e-04 
 1.205826e+00  2.748174e-04 
 1.206144e+00  2.770228e-04 
 1.206462e+00  2.790679e-04 
 1.206780e+00  2.809910e-04 
 1.207098e+00  2.827716e-04 
 1.207416e+00  2.844146e-04 
 1.207734e+00  2.859416e-04 
 1.208052e+00  2.873671e-04 
 1.208370e+00  2.886269e-04 
 1.208688e+00  2.897479e-04 
 1.209006e+00  2.906722e-04 
 1.209324e+00  2.914510e-04 
 1.209642e+00  2.920529e-04 
 1.209960e+00  2.924381e-04 
 1.210278e+00  2.926244e-04 
 1.210597e+00  2.926077e-04 
 1.210915e+00  2.923746e-04 
 1.211233e+00  2.919418e-04 
 1.211551e+00  2.912625e-04 
 1.211869e+00  2.903753e-04 
 1.212187e+00  2.892898e-04 
 1.212505e+00  2.880200e-04 
 1.212823e+00  2.865607e-04 
 1.213141e+00  2.849682e-04 
 1.213459e+00  2.832328e-04 
 1.213777e+00  2.814132e-04 
 1.214095e+00  2.795266e-04 
 1.214413e+00  2.775697e-04 
 1.214731e+00  2.755786e-04 
 1.215049e+00  2.735291e-04 
 1.215368e+00  2.714401e-04 
 1.215686e+00  2.693350e-04 
 1.216004e+00  2.671476e-04 
 1.216322e+00  2.648904e-04 
 1.216640e+00  2.625621e-04 
 1.216958e+00  2.601603e-04 
 1.217276e+00  2.576952e-04 
 1.217594e+00  2.551325e-04 
 1.217912e+00  2.524808e-04 
 1.218230e+00  2.497425e-04 
 1.218548e+00  2.469171e-04 
 1.218866e+00  2.440025e-04 
 1.219184e+00  2.410245e-04 
 1.219502e+00  2.379358e-04 
 1.219820e+00  2.347990e-04 
 1.220139e+00  2.315843e-04 
 1.220457e+00  2.283315e-04 
 1.220775e+00  2.250697e-04 
 1.221093e+00  2.217890e-04 
 1.221411e+00  2.185499e-04 
 1.221729e+00  2.153336e-04 
 1.222047e+00  2.121567e-04 
 1.222365e+00  2.090600e-04 
 1.222683e+00  2.060229e-04 
 1.223001e+00  2.030796e-04 
 1.223319e+00  2.001939e-04 
 1.223637e+00  1.973840e-04 
 1.223955e+00  1.946510e-04 
 1.224273e+00  1.919930e-04 
 1.224592e+00  1.894072e-04 
 1.224910e+00  1.869213e-04 
 1.225228e+00  1.845560e-04 
 1.225546e+00  1.823317e-04 
 1.225864e+00  1.802082e-04 
 1.226182e+00  1.782185e-04 
 1.226500e+00  1.763275e-04 
 1.226818e+00  1.745859e-04 
 1.227136e+00  1.729871e-04 
 1.227454e+00  1.715434e-04 
 1.227772e+00  1.702209e-04 
 1.228090e+00  1.690639e-04 
 1.228408e+00  1.680622e-04 
 1.228726e+00  1.672506e-04 
 1.229044e+00  1.666118e-04 
 1.229363e+00  1.661819e-04 
 1.229681e+00  1.659397e-04 
 1.229999e+00  1.659254e-04 
 1.230317e+00  1.661293e-04 
 1.230635e+00  1.665334e-04 
 1.230953e+00  1.671785e-04 
 1.231271e+00  1.680519e-04 
 1.231589e+00  1.691197e-04 
 1.231907e+00  1.704197e-04 
 1.232225e+00  1.719283e-04 
 1.232543e+00  1.736689e-04 
 1.232861e+00  1.755839e-04 
 1.233179e+00  1.777209e-04 
 1.233497e+00  1.800620e-04 
 1.233815e+00  1.825703e-04 
 1.234134e+00  1.852611e-04 
 1.234452e+00  1.881525e-04 
 1.234770e+00  1.911803e-04 
 1.235088e+00  1.943610e-04 
 1.235406e+00  1.976592e-04 
 1.235724e+00  2.010573e-04 
 1.236042e+00  2.045955e-04 
 1.236360e+00  2.082516e-04 
 1.236678e+00  2.120005e-04 
 1.236996e+00  2.158594e-04 
 1.237314e+00  2.198154e-04 
 1.237632e+00  2.238881e-04 
 1.237950e+00  2.280880e-04 
 1.238268e+00  2.323897e-04 
 1.238586e+00  2.367800e-04 
 1.238905e+00  2.412530e-04 
 1.239223e+00  2.457749e-04 
 1.239541e+00  2.503695e-04 
 1.239859e+00  2.550084e-04 
 1.240177e+00  2.596438e-04 
 1.240495e+00  2.642879e-04 
 1.240813e+00  2.689041e-04 
 1.241131e+00  2.734965e-04 
 1.241449e+00  2.780429e-04 
 1.241767e+00  2.825290e-04 
 1.242085e+00  2.869572e-04 
 1.242403e+00  2.912878e-04 
 1.242721e+00  2.955273e-04 
 1.243039e+00  2.996480e-04 
 1.243357e+00  3.036285e-04 
 1.243676e+00  3.074895e-04 
 1.243994e+00  3.111912e-04 
 1.244312e+00  3.147320e-04 
 1.244630e+00  3.181054e-04 
 1.244948e+00  3.213191e-04 
 1.245266e+00  3.243812e-04 
 1.245584e+00  3.272890e-04 
 1.245902e+00  3.299917e-04 
 1.246220e+00  3.325535e-04 
 1.246538e+00  3.349404e-04 
 1.246856e+00  3.371690e-04 
 1.247174e+00  3.392220e-04 
 1.247492e+00  3.410955e-04 
 1.247810e+00  3.427798e-04 
 1.248128e+00  3.442777e-04 
 1.248447e+00  3.455710e-04 
 1.248765e+00  3.466477e-04 
 1.249083e+00  3.474973e-04 
 1.249401e+00  3.481228e-04 
 1.249719e+00  3.484739e-04 
 1.250037e+00  3.485419e-04 
 1.250355e+00  3.483228e-04 
 1.250673e+00  3.478437e-04 
 1.250991e+00  3.470890e-04 
 1.251309e+00  3.460489e-04 
 1.251627e+00  3.447295e-04 
 1.251945e+00  3.431620e-04 
 1.252263e+00  3.413438e-04 
 1.252581e+00  3.393174e-04 
 1.252900e+00  3.370613e-04 
 1.253218e+00  3.346073e-04 
 1.253536e+00  3.319629e-04 
 1.253854e+00  3.291349e-04 
 1.254172e+00  3.261404e-04 
 1.254490e+00  3.229888e-04 
 1.254808e+00  3.196882e-04 
 1.255126e+00  3.162294e-04 
 1.255444e+00  3.126462e-04 
 1.255762e+00  3.089414e-04 
 1.256080e+00  3.050985e-04 
 1.256398e+00  3.011544e-04 
 1.256716e+00  2.970738e-04 
 1.257034e+00  2.928656e-04 
 1.257352e+00  2.885163e-04 
 1.257671e+00  2.839860e-04 
 1.257989e+00  2.793003e-04 
 1.258307e+00  2.744630e-04 
 1.258625e+00  2.694547e-04 
 1.258943e+00  2.642902e-04 
 1.259261e+00  2.589584e-04 
 1.259579e+00  2.534781e-04 
 1.259897e+00  2.478747e-04 
 1.260215e+00  2.421726e-04 
 1.260533e+00  2.363995e-04 
 1.260851e+00  2.305643e-04 
 1.261169e+00  2.246802e-04 
 1.261487e+00  2.187445e-04 
 1.261805e+00  2.127814e-04 
 1.262123e+00  2.068144e-04 
 1.262442e+00  2.008431e-04 
 1.262760e+00  1.948916e-04 
 1.263078e+00  1.889738e-04 
 1.263396e+00  1.830932e-04 
 1.263714e+00  1.772433e-04 
 1.264032e+00  1.714257e-04 
 1.264350e+00  1.656700e-04 
 1.264668e+00  1.599592e-04 
 1.264986e+00  1.542983e-04 
 1.265304e+00  1.487059e-04 
 1.265622e+00  1.431516e-04 
 1.265940e+00  1.376403e-04 
 1.266258e+00  1.321437e-04 
 1.266576e+00  1.267243e-04 
 1.266894e+00  1.213801e-04 
 1.267213e+00  1.161043e-04 
 1.267531e+00  1.108521e-04 
 1.267849e+00  1.056683e-04 
 1.268167e+00  1.005687e-04 
 1.268485e+00  9.554375e-05 
 1.268803e+00  9.059782e-05 
 1.269121e+00  8.575941e-05 
 1.269439e+00  8.103006e-05 
 1.269757e+00  7.642101e-05 
 1.270075e+00  7.195263e-05 
 1.270393e+00  6.768011e-05 
 1.270711e+00  6.362467e-05 
 1.271029e+00  5.980783e-05 
 1.271347e+00  5.617718e-05 
 1.271665e+00  5.279337e-05 
 1.271984e+00  4.969982e-05 
 1.272302e+00  4.682437e-05 
 1.272620e+00  4.417485e-05 
 1.272938e+00  4.176890e-05 
 1.273256e+00  3.963056e-05 
 1.273574e+00  3.771062e-05 
 1.273892e+00  3.602966e-05 
 1.274210e+00  3.457542e-05 
 1.274528e+00  3.331218e-05 
 1.274846e+00  3.226247e-05 
 1.275164e+00  3.139554e-05 
 1.275482e+00  3.072090e-05 
 1.275800e+00  3.021255e-05 
 1.276118e+00  2.990376e-05 
 1.276436e+00  2.974569e-05 
 1.276755e+00  2.974931e-05 
 1.277073e+00  2.989088e-05 
 1.277391e+00  3.022682e-05 
 1.277709e+00  3.076681e-05 
 1.278027e+00  3.147408e-05 
 1.278345e+00  3.237692e-05 
 1.278663e+00  3.349282e-05 
 1.278981e+00  3.484739e-05 
 1.279299e+00  3.646737e-05 
 1.279617e+00  3.835885e-05 
 1.279935e+00  4.045414e-05 
 1.280253e+00  4.284236e-05 
 1.280571e+00  4.548065e-05 
 1.280889e+00  4.836797e-05 
 1.281208e+00  5.145129e-05 
 1.281526e+00  5.474477e-05 
 1.281844e+00  5.820061e-05 
 1.282162e+00  6.179565e-05 
 1.282480e+00  6.551078e-05 
 1.282798e+00  6.937172e-05 
 1.283116e+00  7.335191e-05 
 1.283434e+00  7.741996e-05 
 1.283752e+00  8.159675e-05 
 1.284070e+00  8.582229e-05 
 1.284388e+00  9.009849e-05 
 1.284706e+00  9.441851e-05 
 1.285024e+00  9.878517e-05 
 1.285342e+00  1.032100e-04 
 1.285660e+00  1.076555e-04 
 1.285979e+00  1.121285e-04 
 1.286297e+00  1.166217e-04 
 1.286615e+00  1.211580e-04 
 1.286933e+00  1.257384e-04 
 1.287251e+00  1.303375e-04 
 1.287569e+00  1.350047e-04 
 1.287887e+00  1.396927e-04 
 1.288205e+00  1.444258e-04 
 1.288523e+00  1.491497e-04 
 1.288841e+00  1.538829e-04 
 1.289159e+00  1.586046e-04 
 1.289477e+00  1.633240e-04 
 1.289795e+00  1.679662e-04 
 1.290113e+00  1.725949e-04 
 1.290431e+00  1.771574e-04 
 1.290750e+00  1.816486e-04 
 1.291068e+00  1.860438e-04 
 1.291386e+00  1.903259e-04 
 1.291704e+00  1.945046e-04 
 1.292022e+00  1.985321e-04 
 1.292340e+00  2.024096e-04 
 1.292658e+00  2.060998e-04 
 1.292976e+00  2.096237e-04 
 1.293294e+00  2.129846e-04 
 1.293612e+00  2.161674e-04 
 1.293930e+00  2.191662e-04 
 1.294248e+00  2.219852e-04 
 1.294566e+00  2.246269e-04 
 1.294884e+00  2.270922e-04 
 1.295202e+00  2.293857e-04 
 1.295521e+00  2.315056e-04 
 1.295839e+00  2.334744e-04 
 1.296157e+00  2.352738e-04 
 1.296475e+00  2.369089e-04 
 1.296793e+00  2.383835e-04 
 1.297111e+00  2.397034e-04 
 1.297429e+00  2.409006e-04 
 1.297747e+00  2.419500e-04 
 1.298065e+00  2.428490e-04 
 1.298383e+00  2.436054e-04 
 1.298701e+00  2.442099e-04 
 1.299019e+00  2.446563e-04 
 1.299337e+00  2.449221e-04 
 1.299655e+00  2.449879e-04 
 1.299973e+00  2.448806e-04 
 1.300292e+00  2.445868e-04 
 1.300610e+00  2.440891e-04 
 1.300928e+00  2.433961e-04 
 1.301246e+00  2.425014e-04 
 1.301564e+00  2.414155e-04 
 1.301882e+00  2.401224e-04 
 1.302200e+00  2.386662e-04 
 1.302518e+00  2.370204e-04 
 1.302836e+00  2.352395e-04 
 1.303154e+00  2.333114e-04 
 1.303472e+00  2.312707e-04 
 1.303790e+00  2.291026e-04 
 1.304108e+00  2.268371e-04 
 1.304426e+00  2.244933e-04 
 1.304745e+00  2.220699e-04 
 1.305063e+00  2.195995e-04 
 1.305381e+00  2.170750e-04 
 1.305699e+00  2.145250e-04 
 1.306017e+00  2.119546e-04 
 1.306335e+00  2.093507e-04 
 1.306653e+00  2.067020e-04 
 1.306971e+00  2.040181e-04 
 1.307289e+00  2.013188e-04 
 1.307607e+00  1.985983e-04 
 1.307925e+00  1.958608e-04 
 1.308243e+00  1.930925e-04 
 1.308561e+00  1.903295e-04 
 1.308879e+00  1.875516e-04 
 1.309197e+00  1.847817e-04 
 1.309516e+00  1.820418e-04 
 1.309834e+00  1.793424e-04 
 1.310152e+00  1.766728e-04 
 1.310470e+00  1.740636e-04 
 1.310788e+00  1.715107e-04 
 1.311106e+00  1.690053e-04 
 1.311424e+00  1.665917e-04 
 1.311742e+00  1.643051e-04 
 1.312060e+00  1.621258e-04 
 1.312378e+00  1.600736e-04 
 1.312696e+00  1.581525e-04 
 1.313014e+00  1.563700e-04 
 1.313332e+00  1.547571e-04 
 1.313650e+00  1.532890e-04 
 1.313968e+00  1.519474e-04 
 1.314287e+00  1.507481e-04 
 1.314605e+00  1.496987e-04 
 1.314923e+00  1.487971e-04 
 1.315241e+00  1.480214e-04 
 1.315559e+00  1.473851e-04 
 1.315877e+00  1.469008e-04 
 1.316195e+00  1.465448e-04 
 1.316513e+00  1.463321e-04 
 1.316831e+00  1.462568e-04 
 1.317149e+00  1.463613e-04 
 1.317467e+00  1.466085e-04 
 1.317785e+00  1.470104e-04 
 1.318103e+00  1.475496e-04 
 1.318421e+00  1.482612e-04 
 1.318739e+00  1.491133e-04 
 1.319058e+00  1.501275e-04 
 1.319376e+00  1.512817e-04 
 1.319694e+00  1.525992e-04 
 1.320012e+00  1.540710e-04 
 1.320330e+00  1.556978e-04 
 1.320648e+00  1.574945e-04 
 1.320966e+00  1.594463e-04 
 1.321284e+00  1.615653e-04 
 1.321602e+00  1.638461e-04 
 1.321920e+00  1.662532e-04 
 1.322238e+00  1.688334e-04 
 1.322556e+00  1.715640e-04 
 1.322874e+00  1.744116e-04 
 1.323192e+00  1.773787e-04 
 1.323510e+00  1.804527e-04 
 1.323829e+00  1.836241e-04 
 1.324147e+00  1.868963e-04 
 1.324465e+00  1.902837e-04 
 1.324783e+00  1.937178e-04 
 1.325101e+00  1.972337e-04 
 1.325419e+00  2.008104e-04 
 1.325737e+00  2.044693e-04 
 1.326055e+00  2.081893e-04 
 1.326373e+00  2.119583e-04 
 1.326691e+00  2.157898e-04 
 1.327009e+00  2.196709e-04 
 1.327327e+00  2.235975e-04 
 1.327645e+00  2.275547e-04 
 1.327963e+00  2.315547e-04 
 1.328281e+00  2.356075e-04 
 1.328600e+00  2.397123e-04 
 1.328918e+00  2.438541e-04 
 1.329236e+00  2.480423e-04 
 1.329554e+00  2.522428e-04 
 1.329872e+00  2.564680e-04 
 1.330190e+00  2.606961e-04 
 1.330508e+00  2.649158e-04 
 1.330826e+00  2.691273e-04 
 1.331144e+00  2.733177e-04 
 1.331462e+00  2.774569e-04 
 1.331780e+00  2.815743e-04 
 1.332098e+00  2.856182e-04 
 1.332416e+00  2.895813e-04 
 1.332734e+00  2.934767e-04 
 1.333053e+00  2.972973e-04 
 1.333371e+00  3.010140e-04 
 1.333689e+00  3.046230e-04 
 1.334007e+00  3.081077e-04 
 1.334325e+00  3.114753e-04 
 1.334643e+00  3.147336e-04 
 1.334961e+00  3.178652e-04 
 1.335279e+00  3.208842e-04 
 1.335597e+00  3.238172e-04 
 1.335915e+00  3.266502e-04 
 1.336233e+00  3.293791e-04 
 1.336551e+00  3.320045e-04 
 1.336869e+00  3.345309e-04 
 1.337187e+00  3.369628e-04 
 1.337505e+00  3.392588e-04 
 1.337824e+00  3.414267e-04 
 1.338142e+00  3.434532e-04 
 1.338460e+00  3.453347e-04 
 1.338778e+00  3.470557e-04 
 1.339096e+00  3.485992e-04 
 1.339414e+00  3.499590e-04 
 1.339732e+00  3.511377e-04 
 1.340050e+00  3.521188e-04 
 1.340368e+00  3.528927e-04 
 1.340686e+00  3.534379e-04 
 1.341004e+00  3.537504e-04 
 1.341322e+00  3.538308e-04 
 1.341640e+00  3.536666e-04 
 1.341958e+00  3.532649e-04 
 1.342276e+00  3.526132e-04 
 1.342595e+00  3.517404e-04 
 1.342913e+00  3.506446e-04 
 1.343231e+00  3.493249e-04 
 1.343549e+00  3.477925e-04 
 1.343867e+00  3.460656e-04 
 1.344185e+00  3.441471e-04 
 1.344503e+00  3.420544e-04 
 1.344821e+00  3.397842e-04 
 1.345139e+00  3.373320e-04 
 1.345457e+00  3.347101e-04 
 1.345775e+00  3.319231e-04 
 1.346093e+00  3.289530e-04 
 1.346411e+00  3.258323e-04 
 1.346729e+00  3.225413e-04 
 1.347047e+00  3.190684e-04 
 1.347366e+00  3.154129e-04 
 1.347684e+00  3.115822e-04 
 1.348002e+00  3.075516e-04 
 1.348320e+00  3.033382e-04 
 1.348638e+00  2.989436e-04 
 1.348956e+00  2.943774e-04 
 1.349274e+00  2.896496e-04 
 1.349592e+00  2.847577e-04 
 1.349910e+00  2.797139e-04 
 1.350228e+00  2.745368e-04 
 1.350546e+00  2.692332e-04 
 1.350864e+00  2.638174e-04 
 1.351182e+00  2.583139e-04 
 1.351500e+00  2.527294e-04 
 1.351818e+00  2.470679e-04 
 1.352137e+00  2.413531e-04 
 1.352455e+00  2.356013e-04 
 1.352773e+00  2.298484e-04 
 1.353091e+00  2.240990e-04 
 1.353409e+00  2.183747e-04 
 1.353727e+00  2.126850e-04 
 1.354045e+00  2.070474e-04 
 1.354363e+00  2.014548e-04 
 1.354681e+00  1.959271e-04 
 1.354999e+00  1.904705e-04 
 1.355317e+00  1.850838e-04 
 1.355635e+00  1.797733e-04 
 1.355953e+00  1.745345e-04 
 1.356271e+00  1.693613e-04 
 1.356589e+00  1.642658e-04 
 1.356908e+00  1.592473e-04 
 1.357226e+00  1.543102e-04 
 1.357544e+00  1.494479e-04 
 1.357862e+00  1.446774e-04 
 1.358180e+00  1.400267e-04 
 1.358498e+00  1.354907e-04 
 1.358816e+00  1.310683e-04 
 1.359134e+00  1.267760e-04 
 1.359452e+00  1.226236e-04 
 1.359770e+00  1.186161e-04 
 1.360088e+00  1.147836e-04 
 1.360406e+00  1.111111e-04 
 1.360724e+00  1.076183e-04 
 1.361042e+00  1.043327e-04 
 1.361361e+00  1.012547e-04 
 1.361679e+00  9.838434e-05 
 1.361997e+00  9.575194e-05 
 1.362315e+00  9.335176e-05 
 1.362633e+00  9.120123e-05 
 1.362951e+00  8.929015e-05 
 1.363269e+00  8.760902e-05 
 1.363587e+00  8.616715e-05 
 1.363905e+00  8.495363e-05 
 1.364223e+00  8.394265e-05 
 1.364541e+00  8.311288e-05 
 1.364859e+00  8.246957e-05 
 1.365177e+00  8.199642e-05 
 1.365495e+00  8.167473e-05 
 1.365813e+00  8.150326e-05 
 1.366132e+00  8.145772e-05 
 1.366450e+00  8.154718e-05 
 1.366768e+00  8.177557e-05 
 1.367086e+00  8.213351e-05 
 1.367404e+00  8.262190e-05 
 1.367722e+00  8.324681e-05 
 1.368040e+00  8.399641e-05 
 1.368358e+00  8.487878e-05 
 1.368676e+00  8.590873e-05 
 1.368994e+00  8.707357e-05 
 1.369312e+00  8.838538e-05 
 1.369630e+00  8.985525e-05 
 1.369948e+00  9.147947e-05 
 1.370266e+00  9.323650e-05 
 1.370584e+00  9.514537e-05 
 1.370903e+00  9.718145e-05 
 1.371221e+00  9.935173e-05 
 1.371539e+00  1.016387e-04 
 1.371857e+00  1.040301e-04 
 1.372175e+00  1.065093e-04 
 1.372493e+00  1.090693e-04 
 1.372811e+00  1.116829e-04 
 1.373129e+00  1.143391e-04 
 1.373447e+00  1.170276e-04 
 1.373765e+00  1.197431e-04 
 1.374083e+00  1.224791e-04 
 1.374401e+00  1.252160e-04 
 1.374719e+00  1.279417e-04 
 1.375037e+00  1.306618e-04 
 1.375355e+00  1.333615e-04 
 1.375674e+00  1.360525e-04 
 1.375992e+00  1.387312e-04 
 1.376310e+00  1.413991e-04 
 1.376628e+00  1.440538e-04 
 1.376946e+00  1.467090e-04 
 1.377264e+00  1.493575e-04 
 1.377582e+00  1.519904e-04 
 1.377900e+00  1.546325e-04 
 1.378218e+00  1.572697e-04 
 1.378536e+00  1.599051e-04 
 1.378854e+00  1.625283e-04 
 1.379172e+00  1.651291e-04 
 1.379490e+00  1.677085e-04 
 1.379808e+00  1.702565e-04 
 1.380126e+00  1.727561e-04 
 1.380445e+00  1.752134e-04 
 1.380763e+00  1.776164e-04 
 1.381081e+00  1.799752e-04 
 1.381399e+00  1.822677e-04 
 1.381717e+00  1.844818e-04 
 1.382035e+00  1.866198e-04 
 1.382353e+00  1.886688e-04 
 1.382671e+00  1.906099e-04 
 1.382989e+00  1.924290e-04 
 1.383307e+00  1.941380e-04 
 1.383625e+00  1.957209e-04 
 1.383943e+00  1.971728e-04 
 1.384261e+00  1.984987e-04 
 1.384579e+00  1.996880e-04 
 1.384897e+00  2.007663e-04 
 1.385216e+00  2.017281e-04 
 1.385534e+00  2.025845e-04 
 1.385852e+00  2.033283e-04 
 1.386170e+00  2.039691e-04 
 1.386488e+00  2.044984e-04 
 1.386806e+00  2.049253e-04 
 1.387124e+00  2.052470e-04 
 1.387442e+00  2.054668e-04 
 1.387760e+00  2.055857e-04 
 1.388078e+00  2.056165e-04 
 1.388396e+00  2.055401e-04 
 1.388714e+00  2.053570e-04 
 1.389032e+00  2.050717e-04 
 1.389350e+00  2.046765e-04 
 1.389669e+00  2.041623e-04 
 1.389987e+00  2.035246e-04 
 1.390305e+00  2.027604e-04 
 1.390623e+00  2.018861e-04 
 1.390941e+00  2.008894e-04 
 1.391259e+00  1.997619e-04 
 1.391577e+00  1.985097e-04 
 1.391895e+00  1.971437e-04 
 1.392213e+00  1.956549e-04 
 1.392531e+00  1.940524e-04 
 1.392849e+00  1.923405e-04 
 1.393167e+00  1.905167e-04 
 1.393485e+00  1.886041e-04 
 1.393803e+00  1.866056e-04 
 1.394121e+00  1.845404e-04 
 1.394440e+00  1.824143e-04 
 1.394758e+00  1.802346e-04 
 1.395076e+00  1.780139e-04 
 1.395394e+00  1.757656e-04 
 1.395712e+00  1.734925e-04 
 1.396030e+00  1.711947e-04 
 1.396348e+00  1.688745e-04 
 1.396666e+00  1.665355e-04 
 1.396984e+00  1.641787e-04 
 1.397302e+00  1.617918e-04 
 1.397620e+00  1.593939e-04 
 1.397938e+00  1.569897e-04 
 1.398256e+00  1.545883e-04 
 1.398574e+00  1.521754e-04 
 1.398892e+00  1.497675e-04 
 1.399211e+00  1.473749e-04 
 1.399529e+00  1.450054e-04 
 1.399847e+00  1.426703e-04 
 1.400165e+00  1.403644e-04 
 1.400483e+00  1.381119e-04 
 1.400801e+00  1.359219e-04 
 1.401119e+00  1.337996e-04 
 1.401437e+00  1.317551e-04 
 1.401755e+00  1.298054e-04 
 1.402073e+00  1.279601e-04 
 1.402391e+00  1.262155e-04 
 1.402709e+00  1.245969e-04 
 1.403027e+00  1.230963e-04 
 1.403345e+00  1.217354e-04 
 1.403663e+00  1.205141e-04 
 1.403982e+00  1.194239e-04 
 1.404300e+00  1.184815e-04 
 1.404618e+00  1.176867e-04 
 1.404936e+00  1.170393e-04 
 1.405254e+00  1.165430e-04 
 1.405572e+00  1.161912e-04 
 1.405890e+00  1.159744e-04 
 1.406208e+00  1.159069e-04 
 1.406526e+00  1.159875e-04 
 1.406844e+00  1.162184e-04 
 1.407162e+00  1.165879e-04 
 1.407480e+00  1.171104e-04 
 1.407798e+00  1.177874e-04 
 1.408116e+00  1.186352e-04 
 1.408434e+00  1.196412e-04 
 1.408753e+00  1.208128e-04 
 1.409071e+00  1.221681e-04 
 1.409389e+00  1.236825e-04 
 1.409707e+00  1.253604e-04 
 1.410025e+00  1.272094e-04 
 1.410343e+00  1.292219e-04 
 1.410661e+00  1.314163e-04 
 1.410979e+00  1.337630e-04 
 1.411297e+00  1.362626e-04 
 1.411615e+00  1.389207e-04 
 1.411933e+00  1.417471e-04 
 1.412251e+00  1.447269e-04 
 1.412569e+00  1.478470e-04 
 1.412887e+00  1.511031e-04 
 1.413206e+00  1.544936e-04 
 1.413524e+00  1.579904e-04 
 1.413842e+00  1.615998e-04 
 1.414160e+00  1.653024e-04 
 1.414478e+00  1.690816e-04 
 1.414796e+00  1.729689e-04 
 1.415114e+00  1.769422e-04 
 1.415432e+00  1.809969e-04 
 1.415750e+00  1.851074e-04 
 1.416068e+00  1.892516e-04 
 1.416386e+00  1.934647e-04 
 1.416704e+00  1.977336e-04 
 1.417022e+00  2.020326e-04 
 1.417340e+00  2.063587e-04 
 1.417658e+00  2.107475e-04 
 1.417977e+00  2.151702e-04 
 1.418295e+00  2.196181e-04 
 1.418613e+00  2.240928e-04 
 1.418931e+00  2.286140e-04 
 1.419249e+00  2.331812e-04 
 1.419567e+00  2.377421e-04 
 1.419885e+00  2.422963e-04 
 1.420203e+00  2.468419e-04 
 1.420521e+00  2.513631e-04 
 1.420839e+00  2.558433e-04 
 1.421157e+00  2.602478e-04 
 1.421475e+00  2.646004e-04 
 1.421793e+00  2.688844e-04 
 1.422111e+00  2.730737e-04 
 1.422429e+00  2.771576e-04 
 1.422748e+00  2.811483e-04 
 1.423066e+00  2.850449e-04 
 1.423384e+00  2.888134e-04 
 1.423702e+00  2.924830e-04 
 1.424020e+00  2.960121e-04 
 1.424338e+00  2.993994e-04 
 1.424656e+00  3.026405e-04 
 1.424974e+00  3.057322e-04 
 1.425292e+00  3.086933e-04 
 1.425610e+00  3.115039e-04 
 1.425928e+00  3.141713e-04 
 1.426246e+00  3.167092e-04 
 1.426564e+00  3.191351e-04 
 1.426882e+00  3.214013e-04 
 1.427200e+00  3.235413e-04 
 1.427519e+00  3.255709e-04 
 1.427837e+00  3.274639e-04 
 1.428155e+00  3.292088e-04 
 1.428473e+00  3.308027e-04 
 1.428791e+00  3.322386e-04 
 1.429109e+00  3.335280e-04 
 1.429427e+00  3.346363e-04 
 1.429745e+00  3.355710e-04 
 1.430063e+00  3.363306e-04 
 1.430381e+00  3.369150e-04 
 1.430699e+00  3.372864e-04 
 1.431017e+00  3.374733e-04 
 1.431335e+00  3.374720e-04 
 1.431653e+00  3.372669e-04 
 1.431971e+00  3.368979e-04 
 1.432290e+00  3.363412e-04 
 1.432608e+00  3.356015e-04 
 1.432926e+00  3.346902e-04 
 1.433244e+00  3.335966e-04 
 1.433562e+00  3.323522e-04 
 1.433880e+00  3.309637e-04 
 1.434198e+00  3.294200e-04 
 1.434516e+00  3.277362e-04 
 1.434834e+00  3.259353e-04 
 1.435152e+00  3.240022e-04 
 1.435470e+00  3.219511e-04 
 1.435788e+00  3.197978e-04 
 1.436106e+00  3.175606e-04 
 1.436424e+00  3.152207e-04 
 1.436742e+00  3.127863e-04 
 1.437061e+00  3.102477e-04 
 1.437379e+00  3.076115e-04 
 1.437697e+00  3.048889e-04 
 1.438015e+00  3.020522e-04 
 1.438333e+00  2.990923e-04 
 1.438651e+00  2.960404e-04 
 1.438969e+00  2.928783e-04 
 1.439287e+00  2.896133e-04 
 1.439605e+00  2.862460e-04 
 1.439923e+00  2.827727e-04 
 1.440241e+00  2.792040e-04 
 1.440559e+00  2.755529e-04 
 1.440877e+00  2.718279e-04 
 1.441195e+00  2.680343e-04 
 1.441514e+00  2.641956e-04 
 1.441832e+00  2.603194e-04 
 1.442150e+00  2.564267e-04 
 1.442468e+00  2.525105e-04 
 1.442786e+00  2.486067e-04 
 1.443104e+00  2.447139e-04 
 1.443422e+00  2.408315e-04 
 1.443740e+00  2.369786e-04 
 1.444058e+00  2.331544e-04 
 1.444376e+00  2.293674e-04 
 1.444694e+00  2.256133e-04 
 1.445012e+00  2.219170e-04 
 1.445330e+00  2.182474e-04 
 1.445648e+00  2.146162e-04 
 1.445966e+00  2.110367e-04 
 1.446285e+00  2.075055e-04 
 1.446603e+00  2.040210e-04 
 1.446921e+00  2.005729e-04 
 1.447239e+00  1.971636e-04 
 1.447557e+00  1.938061e-04 
 1.447875e+00  1.904858e-04 
 1.448193e+00  1.872095e-04 
 1.448511e+00  1.839859e-04 
 1.448829e+00  1.808095e-04 
 1.449147e+00  1.776892e-04 
 1.449465e+00  1.746224e-04 
 1.449783e+00  1.716414e-04 
 1.450101e+00  1.687526e-04 
 1.450419e+00  1.659728e-04 
 1.450737e+00  1.632778e-04 
 1.451056e+00  1.606873e-04 
 1.451374e+00  1.582251e-04 
 1.451692e+00  1.558999e-04 
 1.452010e+00  1.537016e-04 
 1.452328e+00  1.516350e-04 
 1.452646e+00  1.496913e-04 
 1.452964e+00  1.478941e-04 
 1.453282e+00  1.462321e-04 
 1.453600e+00  1.447144e-04 
 1.453918e+00  1.433249e-04 
 1.454236e+00  1.420882e-04 
 1.454554e+00  1.409802e-04 
 1.454872e+00  1.399942e-04 
 1.455190e+00  1.391346e-04 
 1.455508e+00  1.383800e-04 
 1.455827e+00  1.377544e-04 
 1.456145e+00  1.372464e-04 
 1.456463e+00  1.368325e-04 
 1.456781e+00  1.365291e-04 
 1.457099e+00  1.363240e-04 
 1.457417e+00  1.362002e-04 
 1.457735e+00  1.361835e-04 
 1.458053e+00  1.362558e-04 
 1.458371e+00  1.364516e-04 
 1.458689e+00  1.367650e-04 
 1.459007e+00  1.371916e-04 
 1.459325e+00  1.377305e-04 
 1.459643e+00  1.383776e-04 
 1.459961e+00  1.391600e-04 
 1.460279e+00  1.400815e-04 
 1.460598e+00  1.411387e-04 
 1.460916e+00  1.423163e-04 
 1.461234e+00  1.436120e-04 
 1.461552e+00  1.450329e-04 
 1.461870e+00  1.465523e-04 
 1.462188e+00  1.481706e-04 
 1.462506e+00  1.498472e-04 
 1.462824e+00  1.516059e-04 
 1.463142e+00  1.534208e-04 
 1.463460e+00  1.552827e-04 
 1.463778e+00  1.571746e-04 
 1.464096e+00  1.591045e-04 
 1.464414e+00  1.610643e-04 
 1.464732e+00  1.630289e-04 
 1.465050e+00  1.650037e-04 
 1.465369e+00  1.669780e-04 
 1.465687e+00  1.689393e-04 
 1.466005e+00  1.708948e-04 
 1.466323e+00  1.728266e-04 
 1.466641e+00  1.747291e-04 
 1.466959e+00  1.766099e-04 
 1.467277e+00  1.784673e-04 
 1.467595e+00  1.802971e-04 
 1.467913e+00  1.821032e-04 
 1.468231e+00  1.838813e-04 
 1.468549e+00  1.856182e-04 
 1.468867e+00  1.873345e-04 
 1.469185e+00  1.890153e-04 
 1.469503e+00  1.906498e-04 
 1.469822e+00  1.922238e-04 
 1.470140e+00  1.937298e-04 
 1.470458e+00  1.951892e-04 
 1.470776e+00  1.965680e-04 
 1.471094e+00  1.978562e-04 
 1.471412e+00  1.990580e-04 
 1.471730e+00  2.001603e-04 
 1.472048e+00  2.011435e-04 
 1.472366e+00  2.020162e-04 
 1.472684e+00  2.027687e-04 
 1.473002e+00  2.034043e-04 
 1.473320e+00  2.039085e-04 
 1.473638e+00  2.042672e-04 
 1.473956e+00  2.045055e-04 
 1.474274e+00  2.046214e-04 
 1.474593e+00  2.046089e-04 
 1.474911e+00  2.044548e-04 
 1.475229e+00  2.041871e-04 
 1.475547e+00  2.037854e-04 
 1.475865e+00  2.032592e-04 
 1.476183e+00  2.026118e-04 
 1.476501e+00  2.018492e-04 
 1.476819e+00  2.009702e-04 
 1.477137e+00  1.999845e-04 
 1.477455e+00  1.988950e-04 
 1.477773e+00  1.977134e-04 
 1.478091e+00  1.964409e-04 
 1.478409e+00  1.950823e-04 
 1.478727e+00  1.936375e-04 
 1.479045e+00  1.921190e-04 
 1.479364e+00  1.904954e-04 
 1.479682e+00  1.887760e-04 
 1.480000e+00  1.869741e-04 
 1.480318e+00  1.850878e-04 
 1.480636e+00  1.831086e-04 
 1.480954e+00  1.810615e-04 
 1.481272e+00  1.789346e-04 
 1.481590e+00  1.767433e-04 
 1.481908e+00  1.744832e-04 
 1.482226e+00  1.721513e-04 
 1.482544e+00  1.697892e-04 
 1.482862e+00  1.673859e-04 
 1.483180e+00  1.649435e-04 
 1.483498e+00  1.624731e-04 
 1.483816e+00  1.599795e-04 
 1.484135e+00  1.574849e-04 
 1.484453e+00  1.549913e-04 
 1.484771e+00  1.525034e-04 
 1.485089e+00  1.500416e-04 
 1.485407e+00  1.475963e-04 
 1.485725e+00  1.451795e-04 
 1.486043e+00  1.427898e-04 
 1.486361e+00  1.404324e-04 
 1.486679e+00  1.381033e-04 
 1.486997e+00  1.358202e-04 
 1.487315e+00  1.335872e-04 
 1.487633e+00  1.313956e-04 
 1.487951e+00  1.292650e-04 
 1.488269e+00  1.271858e-04 
 1.488587e+00  1.251733e-04 
 1.488906e+00  1.232208e-04 
 1.489224e+00  1.213280e-04 
 1.489542e+00  1.194882e-04 
 1.489860e+00  1.177237e-04 
 1.490178e+00  1.160357e-04 
 1.490496e+00  1.144048e-04 
 1.490814e+00  1.128529e-04 
 1.491132e+00  1.113872e-04 
 1.491450e+00  1.100164e-04 
 1.491768e+00  1.087493e-04 
 1.492086e+00  1.075793e-04 
 1.492404e+00  1.065144e-04 
 1.492722e+00  1.055707e-04 
 1.493040e+00  1.047364e-04 
 1.493359e+00  1.040075e-04 
 1.493677e+00  1.034044e-04 
 1.493995e+00  1.028993e-04 
 1.494313e+00  1.025006e-04 
 1.494631e+00  1.022136e-04 
 1.494949e+00  1.020356e-04 
 1.495267e+00  1.019761e-04 
 1.495585e+00  1.020249e-04 
 1.495903e+00  1.021761e-04 
 1.496221e+00  1.024393e-04 
 1.496539e+00  1.028172e-04 
 1.496857e+00  1.032959e-04 
 1.497175e+00  1.038939e-04 
 1.497493e+00  1.045997e-04 
 1.497811e+00  1.054094e-04 
 1.498130e+00  1.063207e-04 
 1.498448e+00  1.073549e-04 
 1.498766e+00  1.084968e-04 
 1.499084e+00  1.097494e-04 
 1.499402e+00  1.111126e-04 
 1.499720e+00  1.125913e-04 
 1.500038e+00  1.141867e-04 
 1.500356e+00  1.158982e-04 
 1.500674e+00  1.177134e-04 
 1.500992e+00  1.196639e-04 
 1.501310e+00  1.217378e-04 
 1.501628e+00  1.239314e-04 
 1.501946e+00  1.262364e-04 
 1.502264e+00  1.286583e-04 
 1.502582e+00  1.311822e-04 
 1.502901e+00  1.338136e-04 
 1.503219e+00  1.365358e-04 
 1.503537e+00  1.393452e-04 
 1.503855e+00  1.422448e-04 
 1.504173e+00  1.452085e-04 
 1.504491e+00  1.482373e-04 
 1.504809e+00  1.513486e-04 
 1.505127e+00  1.545160e-04 
 1.505445e+00  1.577570e-04 
 1.505763e+00  1.610577e-04 
 1.506081e+00  1.644083e-04 
 1.506399e+00  1.678082e-04 
 1.506717e+00  1.712632e-04 
 1.507035e+00  1.747695e-04 
 1.507353e+00  1.783348e-04 
 1.507672e+00  1.819505e-04 
 1.507990e+00  1.856133e-04 
 1.508308e+00  1.893136e-04 
 1.508626e+00  1.930727e-04 
 1.508944e+00  1.968532e-04 
 1.509262e+00  2.006787e-04 
 1.509580e+00  2.045315e-04 
 1.509898e+00  2.084142e-04 
 1.510216e+00  2.123032e-04 
 1.510534e+00  2.162054e-04 
 1.510852e+00  2.201013e-04 
 1.511170e+00  2.239863e-04 
 1.511488e+00  2.278468e-04 
 1.511806e+00  2.316812e-04 
 1.512124e+00  2.354823e-04 
 1.512443e+00  2.392418e-04 
 1.512761e+00  2.429410e-04 
 1.513079e+00  2.465698e-04 
 1.513397e+00  2.501213e-04 
 1.513715e+00  2.536042e-04 
 1.514033e+00  2.570038e-04 
 1.514351e+00  2.603155e-04 
 1.514669e+00  2.635368e-04 
 1.514987e+00  2.666585e-04 
 1.515305e+00  2.696866e-04 
 1.515623e+00  2.726296e-04 
 1.515941e+00  2.754832e-04 
 1.516259e+00  2.782346e-04 
 1.516577e+00  2.808904e-04 
 1.516895e+00  2.834465e-04 
 1.517214e+00  2.858958e-04 
 1.517532e+00  2.882424e-04 
 1.517850e+00  2.904828e-04 
 1.518168e+00  2.926152e-04 
 1.518486e+00  2.946226e-04 
 1.518804e+00  2.964961e-04 
 1.519122e+00  2.982403e-04 
 1.519440e+00  2.998579e-04 
 1.519758e+00  3.013187e-04 
 1.520076e+00  3.026341e-04 
 1.520394e+00  3.038087e-04 
 1.520712e+00  3.048296e-04 
 1.521030e+00  3.056937e-04 
 1.521348e+00  3.064006e-04 
 1.521667e+00  3.069424e-04 
 1.521985e+00  3.073202e-04 
 1.522303e+00  3.075347e-04 
 1.522621e+00  3.075941e-04 
 1.522939e+00  3.074916e-04 
 1.523257e+00  3.072353e-04 
 1.523575e+00  3.068268e-04 
 1.523893e+00  3.062674e-04 
 1.524211e+00  3.055826e-04 
 1.524529e+00  3.047626e-04 
 1.524847e+00  3.038285e-04 
 1.525165e+00  3.027808e-04 
 1.525483e+00  3.016306e-04 
 1.525801e+00  3.003770e-04 
 1.526119e+00  2.990152e-04 
 1.526438e+00  2.975677e-04 
 1.526756e+00  2.960347e-04 
 1.527074e+00  2.944094e-04 
 1.527392e+00  2.926993e-04 
 1.527710e+00  2.909028e-04 
 1.528028e+00  2.890215e-04 
 1.528346e+00  2.870522e-04 
 1.528664e+00  2.849985e-04 
 1.528982e+00  2.828529e-04 
 1.529300e+00  2.806291e-04 
 1.529618e+00  2.783360e-04 
 1.529936e+00  2.759578e-04 
 1.530254e+00  2.735207e-04 
 1.530572e+00  2.710309e-04 
 1.530890e+00  2.684735e-04 
 1.531209e+00  2.658724e-04 
 1.531527e+00  2.632266e-04 
 1.531845e+00  2.605431e-04 
 1.532163e+00  2.578345e-04 
 1.532481e+00  2.551139e-04 
 1.532799e+00  2.523865e-04 
 1.533117e+00  2.496676e-04 
 1.533435e+00  2.469476e-04 
 1.533753e+00  2.442472e-04 
 1.534071e+00  2.415882e-04 
 1.534389e+00  2.389770e-04 
 1.534707e+00  2.364082e-04 
 1.535025e+00  2.338804e-04 
 1.535343e+00  2.314018e-04 
 1.535661e+00  2.289648e-04 
 1.535980e+00  2.265756e-04 
 1.536298e+00  2.242328e-04 
 1.536616e+00  2.219406e-04 
 1.536934e+00  2.197009e-04 
 1.537252e+00  2.175051e-04 
 1.537570e+00  2.153562e-04 
 1.537888e+00  2.132554e-04 
 1.538206e+00  2.112032e-04 
 1.538524e+00  2.091916e-04 
 1.538842e+00  2.072384e-04 
 1.539160e+00  2.053483e-04 
 1.539478e+00  2.035153e-04 
 1.539796e+00  2.017483e-04 
 1.540114e+00  2.000511e-04 
 1.540432e+00  1.984283e-04 
 1.540751e+00  1.968867e-04 
 1.541069e+00  1.954250e-04 
 1.541387e+00  1.940520e-04 
 1.541705e+00  1.927724e-04 
 1.542023e+00  1.915787e-04 
 1.542341e+00  1.904786e-04 
 1.542659e+00  1.894762e-04 
 1.542977e+00  1.885688e-04 
 1.543295e+00  1.877586e-04 
 1.543613e+00  1.870482e-04 
 1.543931e+00  1.864424e-04 
 1.544249e+00  1.859320e-04 
 1.544567e+00  1.855119e-04 
 1.544885e+00  1.851820e-04 
 1.545203e+00  1.849258e-04 
 1.545522e+00  1.847324e-04 
 1.545840e+00  1.846018e-04 
 1.546158e+00  1.845283e-04 
 1.546476e+00  1.845139e-04 
 1.546794e+00  1.845543e-04 
 1.547112e+00  1.846385e-04 
 1.547430e+00  1.847781e-04 
 1.547748e+00  1.849778e-04 
 1.548066e+00  1.852335e-04 
 1.548384e+00  1.855439e-04 
 1.548702e+00  1.859098e-04 
 1.549020e+00  1.863361e-04 
 1.549338e+00  1.868187e-04 
 1.549656e+00  1.873475e-04 
 1.549975e+00  1.879357e-04 
 1.550293e+00  1.885798e-04 
 1.550611e+00  1.892851e-04 
 1.550929e+00  1.900398e-04 
 1.551247e+00  1.908414e-04 
 1.551565e+00  1.916914e-04 
 1.551883e+00  1.925787e-04 
 1.552201e+00  1.935000e-04 
 1.552519e+00  1.944541e-04 
 1.552837e+00  1.954384e-04 
 1.553155e+00  1.964365e-04 
 1.553473e+00  1.974528e-04 
 1.553791e+00  1.984806e-04 
 1.554109e+00  1.995126e-04 
 1.554427e+00  2.005441e-04 
 1.554746e+00  2.015632e-04 
 1.555064e+00  2.025645e-04 
 1.555382e+00  2.035442e-04 
 1.555700e+00  2.044889e-04 
 1.556018e+00  2.054058e-04 
 1.556336e+00  2.062867e-04 
 1.556654e+00  2.071411e-04 
 1.556972e+00  2.079635e-04 
 1.557290e+00  2.087574e-04 
 1.557608e+00  2.095167e-04 
 1.557926e+00  2.102437e-04 
 1.558244e+00  2.109402e-04 
 1.558562e+00  2.116023e-04 
 1.558880e+00  2.122272e-04 
 1.559198e+00  2.128200e-04 
 1.559517e+00  2.133648e-04 
 1.559835e+00  2.138657e-04 
 1.560153e+00  2.143160e-04 
 1.560471e+00  2.147085e-04 
 1.560789e+00  2.150578e-04 
 1.561107e+00  2.153561e-04 
 1.561425e+00  2.155958e-04 
 1.561743e+00  2.157725e-04 
 1.562061e+00  2.158835e-04 
 1.562379e+00  2.159223e-04 
 1.562697e+00  2.158808e-04 
 1.563015e+00  2.157627e-04 
 1.563333e+00  2.155635e-04 
 1.563651e+00  2.152854e-04 
 1.563969e+00  2.149175e-04 
 1.564288e+00  2.144597e-04 
 1.564606e+00  2.139164e-04 
 1.564924e+00  2.132860e-04 
 1.565242e+00  2.125678e-04 
 1.565560e+00  2.117689e-04 
 1.565878e+00  2.108916e-04 
 1.566196e+00  2.099406e-04 
 1.566514e+00  2.089177e-04 
 1.566832e+00  2.078290e-04 
 1.567150e+00  2.066760e-04 
 1.567468e+00  2.054614e-04 
 1.567786e+00  2.041819e-04 
 1.568104e+00  2.028337e-04 
 1.568422e+00  2.014181e-04 
 1.568740e+00  1.999392e-04 
 1.569059e+00  1.983915e-04 
 1.569377e+00  1.967815e-04 
 1.569695e+00  1.950937e-04 
 1.570013e+00  1.933368e-04 
 1.570331e+00  1.915179e-04 
 1.570649e+00  1.896233e-04 
 1.570967e+00  1.876672e-04 
 1.571285e+00  1.856571e-04 
 1.571603e+00  1.835821e-04 
 1.571921e+00  1.814511e-04 
 1.572239e+00  1.792502e-04 
 1.572557e+00  1.770019e-04 
 1.572875e+00  1.747257e-04 
 1.573193e+00  1.724120e-04 
 1.573511e+00  1.700450e-04 
 1.573830e+00  1.676594e-04 
 1.574148e+00  1.652488e-04 
 1.574466e+00  1.628063e-04 
 1.574784e+00  1.603426e-04 
 1.575102e+00  1.578523e-04 
 1.575420e+00  1.553679e-04 
 1.575738e+00  1.528819e-04 
 1.576056e+00  1.503958e-04 
 1.576374e+00  1.479193e-04 
 1.576692e+00  1.454577e-04 
 1.577010e+00  1.430003e-04 
 1.577328e+00  1.405583e-04 
 1.577646e+00  1.381515e-04 
 1.577964e+00  1.357882e-04 
 1.578283e+00  1.334528e-04 
 1.578601e+00  1.311306e-04 
 1.578919e+00  1.288438e-04 
 1.579237e+00  1.266022e-04 
 1.579555e+00  1.244029e-04 
 1.579873e+00  1.222699e-04 
 1.580191e+00  1.201955e-04 
 1.580509e+00  1.181737e-04 
 1.580827e+00  1.162302e-04 
 1.581145e+00  1.143480e-04 
 1.581463e+00  1.125354e-04 
 1.581781e+00  1.108032e-04 
 1.582099e+00  1.091487e-04 
 1.582417e+00  1.075723e-04 
 1.582735e+00  1.061065e-04 
 1.583054e+00  1.047325e-04 
 1.583372e+00  1.034414e-04 
 1.583690e+00  1.022627e-04 
 1.584008e+00  1.011872e-04 
 1.584326e+00  1.002223e-04 
 1.584644e+00  9.936653e-05 
 1.584962e+00  9.863371e-05 
 1.585280e+00  9.802558e-05 
 1.585598e+00  9.753030e-05 
 1.585916e+00  9.714445e-05 
 1.586234e+00  9.688036e-05 
 1.586552e+00  9.674272e-05 
 1.586870e+00  9.672143e-05 
 1.587188e+00  9.681550e-05 
 1.587506e+00  9.704421e-05 
 1.587825e+00  9.737603e-05 
 1.588143e+00  9.781265e-05 
 1.588461e+00  9.836794e-05 
 1.588779e+00  9.902977e-05 
 1.589097e+00  9.982412e-05 
 1.589415e+00  1.007293e-04 
 1.589733e+00  1.017648e-04 
 1.590051e+00  1.029214e-04 
 1.590369e+00  1.042147e-04 
 1.590687e+00  1.056082e-04 
 1.591005e+00  1.071267e-04 
 1.591323e+00  1.087624e-04 
 1.591641e+00  1.105064e-04 
 1.591959e+00  1.123687e-04 
 1.592277e+00  1.143289e-04 
 1.592596e+00  1.164054e-04 
 1.592914e+00  1.185636e-04 
 1.593232e+00  1.208233e-04 
 1.593550e+00  1.231573e-04 
 1.593868e+00  1.255820e-04 
 1.594186e+00  1.280923e-04 
 1.594504e+00  1.306637e-04 
 1.594822e+00  1.333095e-04 
 1.595140e+00  1.360173e-04 
 1.595458e+00  1.387635e-04 
 1.595776e+00  1.415663e-04 
 1.596094e+00  1.444109e-04 
 1.596412e+00  1.473079e-04 
 1.596730e+00  1.502554e-04 
 1.597048e+00  1.532361e-04 
 1.597367e+00  1.562365e-04 
 1.597685e+00  1.592738e-04 
 1.598003e+00  1.623349e-04 
 1.598321e+00  1.654075e-04 
 1.598639e+00  1.685031e-04 
 1.598957e+00  1.716130e-04 
 1.599275e+00  1.747393e-04 
 1.599593e+00  1.778821e-04 
 1.599911e+00  1.810191e-04 
 1.600229e+00  1.841579e-04 
 1.600547e+00  1.872811e-04 
 1.600865e+00  1.903874e-04 
 1.601183e+00  1.934760e-04 
 1.601501e+00  1.965439e-04 
 1.601820e+00  1.995791e-04 
 1.602138e+00  2.025728e-04 
 1.602456e+00  2.055350e-04 
 1.602774e+00  2.084298e-04 
 1.603092e+00  2.112837e-04 
 1.603410e+00  2.140774e-04 
 1.603728e+00  2.168160e-04 
 1.604046e+00  2.195017e-04 
 1.604364e+00  2.221100e-04 
 1.604682e+00  2.246521e-04 
 1.605000e+00  2.271315e-04 
 1.605318e+00  2.295387e-04 
 1.605636e+00  2.318721e-04 
 1.605954e+00  2.341528e-04 
 1.606272e+00  2.363653e-04 
 1.606591e+00  2.385084e-04 
 1.606909e+00  2.405888e-04 
 1.607227e+00  2.425882e-04 
 1.607545e+00  2.445329e-04 
 1.607863e+00  2.464097e-04 
 1.608181e+00  2.482185e-04 
 1.608499e+00  2.499602e-04 
 1.608817e+00  2.516359e-04 
 1.609135e+00  2.532299e-04 
 1.609453e+00  2.547568e-04 
 1.609771e+00  2.562025e-04 
 1.610089e+00  2.575632e-04 
 1.610407e+00  2.588403e-04 
 1.610725e+00  2.600310e-04 
 1.611043e+00  2.611145e-04 
 1.611362e+00  2.621080e-04 
 1.611680e+00  2.630013e-04 
 1.611998e+00  2.637989e-04 
 1.612316e+00  2.645062e-04 
 1.612634e+00  2.651156e-04 
 1.612952e+00  2.656259e-04 
 1.613270e+00  2.660418e-04 
 1.613588e+00  2.663673e-04 
 1.613906e+00  2.666061e-04 
 1.614224e+00  2.667666e-04 
 1.614542e+00  2.668429e-04 
 1.614860e+00  2.668407e-04 
 1.615178e+00  2.667604e-04 
 1.615496e+00  2.666016e-04 
 1.615814e+00  2.663889e-04 
 1.616133e+00  2.661130e-04 
 1.616451e+00  2.657770e-04 
 1.616769e+00  2.653688e-04 
 1.617087e+00  2.649108e-04 
 1.617405e+00  2.643791e-04 
 1.617723e+00  2.637802e-04 
 1.618041e+00  2.631174e-04 
 1.618359e+00  2.623890e-04 
 1.618677e+00  2.615976e-04 
 1.618995e+00  2.607420e-04 
 1.619313e+00  2.598296e-04 
 1.619631e+00  2.588622e-04 
 1.619949e+00  2.578191e-04 
 1.620267e+00  2.567226e-04 
 1.620585e+00  2.555615e-04 
 1.620904e+00  2.543628e-04 
 1.621222e+00  2.531041e-04 
 1.621540e+00  2.518006e-04 
 1.621858e+00  2.504488e-04 
 1.622176e+00  2.490407e-04 
 1.622494e+00  2.475948e-04 
 1.622812e+00  2.461253e-04 
 1.623130e+00  2.446619e-04 
 1.623448e+00  2.431759e-04 
 1.623766e+00  2.416549e-04 
 1.624084e+00  2.401416e-04 
 1.624402e+00  2.386306e-04 
 1.624720e+00  2.371309e-04 
 1.625038e+00  2.356407e-04 
 1.625356e+00  2.341719e-04 
 1.625675e+00  2.327184e-04 
 1.625993e+00  2.312820e-04 
 1.626311e+00  2.298656e-04 
 1.626629e+00  2.284608e-04 
 1.626947e+00  2.270937e-04 
 1.627265e+00  2.257381e-04 
 1.627583e+00  2.244004e-04 
 1.627901e+00  2.230816e-04 
 1.628219e+00  2.217915e-04 
 1.628537e+00  2.205138e-04 
 1.628855e+00  2.192634e-04 
 1.629173e+00  2.180435e-04 
 1.629491e+00  2.168493e-04 
 1.629809e+00  2.156954e-04 
 1.630128e+00  2.145706e-04 
 1.630446e+00  2.135061e-04 
 1.630764e+00  2.124924e-04 
 1.631082e+00  2.115213e-04 
 1.631400e+00  2.106211e-04 
 1.631718e+00  2.097905e-04 
 1.632036e+00  2.090438e-04 
 1.632354e+00  2.083721e-04 
 1.632672e+00  2.077787e-04 
 1.632990e+00  2.072552e-04 
 1.633308e+00  2.068156e-04 
 1.633626e+00  2.064527e-04 
 1.633944e+00  2.061677e-04 
 1.634262e+00  2.059715e-04 
 1.634580e+00  2.058472e-04 
 1.634899e+00  2.057945e-04 
 1.635217e+00  2.058120e-04 
 1.635535e+00  2.059023e-04 
 1.635853e+00  2.060469e-04 
 1.636171e+00  2.062614e-04 
 1.636489e+00  2.065354e-04 
 1.636807e+00  2.068659e-04 
 1.637125e+00  2.072513e-04 
 1.637443e+00  2.076837e-04 
 1.637761e+00  2.081514e-04 
 1.638079e+00  2.086848e-04 
 1.638397e+00  2.092598e-04 
 1.638715e+00  2.098900e-04 
 1.639033e+00  2.105807e-04 
 1.639351e+00  2.113100e-04 
 1.639670e+00  2.120780e-04 
 1.639988e+00  2.128819e-04 
 1.640306e+00  2.137239e-04 
 1.640624e+00  2.145968e-04 
 1.640942e+00  2.155130e-04 
 1.641260e+00  2.164499e-04 
 1.641578e+00  2.174269e-04 
 1.641896e+00  2.184189e-04 
 1.642214e+00  2.194287e-04 
 1.642532e+00  2.204653e-04 
 1.642850e+00  2.215319e-04 
 1.643168e+00  2.225975e-04 
 1.643486e+00  2.236805e-04 
 1.643804e+00  2.247501e-04 
 1.644122e+00  2.258158e-04 
 1.644441e+00  2.268600e-04 
 1.644759e+00  2.278815e-04 
 1.645077e+00  2.288722e-04 
 1.645395e+00  2.298578e-04 
 1.645713e+00  2.307942e-04 
 1.646031e+00  2.316971e-04 
 1.646349e+00  2.325533e-04 
 1.646667e+00  2.333688e-04 
 1.646985e+00  2.341360e-04 
 1.647303e+00  2.348578e-04 
 1.647621e+00  2.355184e-04 
 1.647939e+00  2.361432e-04 
 1.648257e+00  2.367120e-04 
 1.648575e+00  2.372202e-04 
 1.648893e+00  2.376724e-04 
 1.649212e+00  2.380782e-04 
 1.649530e+00  2.384263e-04 
 1.649848e+00  2.387300e-04 
 1.650166e+00  2.389805e-04 
 1.650484e+00  2.391735e-04 
 1.650802e+00  2.393052e-04 
 1.651120e+00  2.393736e-04 
 1.651438e+00  2.393836e-04 
 1.651756e+00  2.393209e-04 
 1.652074e+00  2.391831e-04 
 1.652392e+00  2.389589e-04 
 1.652710e+00  2.386694e-04 
 1.653028e+00  2.382968e-04 
 1.653346e+00  2.378361e-04 
 1.653664e+00  2.372948e-04 
 1.653983e+00  2.366658e-04 
 1.654301e+00  2.359629e-04 
 1.654619e+00  2.351838e-04 
 1.654937e+00  2.343261e-04 
 1.655255e+00  2.333979e-04 
 1.655573e+00  2.323950e-04 
 1.655891e+00  2.313167e-04 
 1.656209e+00  2.301629e-04 
 1.656527e+00  2.289458e-04 
 1.656845e+00  2.276559e-04 
 1.657163e+00  2.263037e-04 
 1.657481e+00  2.248938e-04 
 1.657799e+00  2.234151e-04 
 1.658117e+00  2.218725e-04 
 1.658436e+00  2.202774e-04 
 1.658754e+00  2.186262e-04 
 1.659072e+00  2.169214e-04 
 1.659390e+00  2.151563e-04 
 1.659708e+00  2.133399e-04 
 1.660026e+00  2.114673e-04 
 1.660344e+00  2.095400e-04 
 1.660662e+00  2.075536e-04 
 1.660980e+00  2.055265e-04 
 1.661298e+00  2.034538e-04 
 1.661616e+00  2.013337e-04 
 1.661934e+00  1.991789e-04 
 1.662252e+00  1.969854e-04 
 1.662570e+00  1.947641e-04 
 1.662888e+00  1.925063e-04 
 1.663207e+00  1.902150e-04 
 1.663525e+00  1.878954e-04 
 1.663843e+00  1.855550e-04 
 1.664161e+00  1.831868e-04 
 1.664479e+00  1.808015e-04 
 1.664797e+00  1.784083e-04 
 1.665115e+00  1.759978e-04 
 1.665433e+00  1.735812e-04 
 1.665751e+00  1.711701e-04 
 1.666069e+00  1.687612e-04 
 1.666387e+00  1.663575e-04 
 1.666705e+00  1.639626e-04 
 1.667023e+00  1.615740e-04 
 1.667341e+00  1.592000e-04 
 1.667659e+00  1.568455e-04 
 1.667978e+00  1.545076e-04 
 1.668296e+00  1.521874e-04 
 1.668614e+00  1.498949e-04 
 1.668932e+00  1.476218e-04 
 1.669250e+00  1.453855e-04 
 1.669568e+00  1.431865e-04 
 1.669886e+00  1.410153e-04 
 1.670204e+00  1.388825e-04 
 1.670522e+00  1.367862e-04 
 1.670840e+00  1.347258e-04 
 1.671158e+00  1.327239e-04 
 1.671476e+00  1.307632e-04 
 1.671794e+00  1.288593e-04 
 1.672112e+00  1.270168e-04 
 1.672430e+00  1.252380e-04 
 1.672749e+00  1.235323e-04 
 1.673067e+00  1.219008e-04 
 1.673385e+00  1.203458e-04 
 1.673703e+00  1.188738e-04 
 1.674021e+00  1.174827e-04 
 1.674339e+00  1.161673e-04 
 1.674657e+00  1.149338e-04 
 1.674975e+00  1.137842e-04 
 1.675293e+00  1.127095e-04 
 1.675611e+00  1.117224e-04 
 1.675929e+00  1.108141e-04 
 1.676247e+00  1.099956e-04 
 1.676565e+00  1.092695e-04 
 1.676883e+00  1.086291e-04 
 1.677201e+00  1.080730e-04 
 1.677520e+00  1.076203e-04 
 1.677838e+00  1.072488e-04 
 1.678156e+00  1.069716e-04 
 1.678474e+00  1.067906e-04 
 1.678792e+00  1.066900e-04 
 1.679110e+00  1.066844e-04 
 1.679428e+00  1.067650e-04 
 1.679746e+00  1.069451e-04 
 1.680064e+00  1.072138e-04 
 1.680382e+00  1.075856e-04 
 1.680700e+00  1.080618e-04 
 1.681018e+00  1.086322e-04 
 1.681336e+00  1.093067e-04 
 1.681654e+00  1.100850e-04 
 1.681973e+00  1.109594e-04 
 1.682291e+00  1.119312e-04 
 1.682609e+00  1.129941e-04 
 1.682927e+00  1.141482e-04 
 1.683245e+00  1.153883e-04 
 1.683563e+00  1.167077e-04 
 1.683881e+00  1.181096e-04 
 1.684199e+00  1.195922e-04 
 1.684517e+00  1.211408e-04 
 1.684835e+00  1.227710e-04 
 1.685153e+00  1.244646e-04 
 1.685471e+00  1.262307e-04 
 1.685789e+00  1.280593e-04 
 1.686107e+00  1.299395e-04 
 1.686425e+00  1.318725e-04 
 1.686744e+00  1.338654e-04 
 1.687062e+00  1.359044e-04 
 1.687380e+00  1.379881e-04 
 1.687698e+00  1.401239e-04 
 1.688016e+00  1.423030e-04 
 1.688334e+00  1.445223e-04 
 1.688652e+00  1.467802e-04 
 1.688970e+00  1.490770e-04 
 1.689288e+00  1.514081e-04 
 1.689606e+00  1.537791e-04 
 1.689924e+00  1.561740e-04 
 1.690242e+00  1.585957e-04 
 1.690560e+00  1.610363e-04 
 1.690878e+00  1.634985e-04 
 1.691196e+00  1.659761e-04 
 1.691515e+00  1.684669e-04 
 1.691833e+00  1.709595e-04 
 1.692151e+00  1.734416e-04 
 1.692469e+00  1.759241e-04 
 1.692787e+00  1.783766e-04 
 1.693105e+00  1.808191e-04 
 1.693423e+00  1.832298e-04 
 1.693741e+00  1.856045e-04 
 1.694059e+00  1.879461e-04 
 1.694377e+00  1.902491e-04 
 1.694695e+00  1.925062e-04 
 1.695013e+00  1.947201e-04 
 1.695331e+00  1.968909e-04 
 1.695649e+00  1.990148e-04 
 1.695967e+00  2.011023e-04 
 1.696286e+00  2.031404e-04 
 1.696604e+00  2.051309e-04 
 1.696922e+00  2.070775e-04 
 1.697240e+00  2.089650e-04 
 1.697558e+00  2.108004e-04 
 1.697876e+00  2.125857e-04 
 1.698194e+00  2.143143e-04 
 1.698512e+00  2.159824e-04 
 1.698830e+00  2.175945e-04 
 1.699148e+00  2.191429e-04 
 1.699466e+00  2.206235e-04 
 1.699784e+00  2.220395e-04 
 1.700102e+00  2.233871e-04 
 1.700420e+00  2.246666e-04 
 1.700738e+00  2.258762e-04 
 1.701057e+00  2.270003e-04 
 1.701375e+00  2.280496e-04 
 1.701693e+00  2.290173e-04 
 1.702011e+00  2.298957e-04 
 1.702329e+00  2.306908e-04 
 1.702647e+00  2.314104e-04 
 1.702965e+00  2.320467e-04 
 1.703283e+00  2.326036e-04 
 1.703601e+00  2.330821e-04 
 1.703919e+00  2.334835e-04 
 1.704237e+00  2.338155e-04 
 1.704555e+00  2.340731e-04 
 1.704873e+00  2.342692e-04 
 1.705191e+00  2.344019e-04 
 1.705509e+00  2.344724e-04 
 1.705828e+00  2.344731e-04 
 1.706146e+00  2.344184e-04 
 1.706464e+00  2.343028e-04 
 1.706782e+00  2.341272e-04 
 1.707100e+00  2.339056e-04 
 1.707418e+00  2.336384e-04 
 1.707736e+00  2.333324e-04 
 1.708054e+00  2.329847e-04 
 1.708372e+00  2.325854e-04 
 1.708690e+00  2.321537e-04 
 1.709008e+00  2.316810e-04 
 1.709326e+00  2.311731e-04 
 1.709644e+00  2.306264e-04 
 1.709962e+00  2.300366e-04 
 1.710281e+00  2.294142e-04 
 1.710599e+00  2.287527e-04 
 1.710917e+00  2.280673e-04 
 1.711235e+00  2.273471e-04 
 1.711553e+00  2.266077e-04 
 1.711871e+00  2.258492e-04 
 1.712189e+00  2.250690e-04 
 1.712507e+00  2.242830e-04 
 1.712825e+00  2.234869e-04 
 1.713143e+00  2.226885e-04 
 1.713461e+00  2.218902e-04 
 1.713779e+00  2.210949e-04 
 1.714097e+00  2.203152e-04 
 1.714415e+00  2.195523e-04 
 1.714733e+00  2.188080e-04 
 1.715052e+00  2.180877e-04 
 1.715370e+00  2.174030e-04 
 1.715688e+00  2.167385e-04 
 1.716006e+00  2.161029e-04 
 1.716324e+00  2.154974e-04 
 1.716642e+00  2.149166e-04 
 1.716960e+00  2.143661e-04 
 1.717278e+00  2.138376e-04 
 1.717596e+00  2.133272e-04 
 1.717914e+00  2.128500e-04 
 1.718232e+00  2.124047e-04 
 1.718550e+00  2.119817e-04 
 1.718868e+00  2.115876e-04 
 1.719186e+00  2.112304e-04 
 1.719504e+00  2.109151e-04 
 1.719823e+00  2.106288e-04 
 1.720141e+00  2.103650e-04 
 1.720459e+00  2.101282e-04 
 1.720777e+00  2.099314e-04 
 1.721095e+00  2.097765e-04 
 1.721413e+00  2.096567e-04 
 1.721731e+00  2.095902e-04 
 1.722049e+00  2.095730e-04 
 1.722367e+00  2.096063e-04 
 1.722685e+00  2.096948e-04 
 1.723003e+00  2.098298e-04 
 1.723321e+00  2.100286e-04 
 1.723639e+00  2.102776e-04 
 1.723957e+00  2.105744e-04 
 1.724275e+00  2.109076e-04 
 1.724594e+00  2.112982e-04 
 1.724912e+00  2.117324e-04 
 1.725230e+00  2.121928e-04 
 1.725548e+00  2.126972e-04 
 1.725866e+00  2.132542e-04 
 1.726184e+00  2.138501e-04 
 1.726502e+00  2.144710e-04 
 1.726820e+00  2.151341e-04 
 1.727138e+00  2.158335e-04 
 1.727456e+00  2.165543e-04 
 1.727774e+00  2.173082e-04 
 1.728092e+00  2.180894e-04 
 1.728410e+00  2.189043e-04 
 1.728728e+00  2.197426e-04 
 1.729046e+00  2.206112e-04 
 1.729365e+00  2.214965e-04 
 1.729683e+00  2.224142e-04 
 1.730001e+00  2.233591e-04 
 1.730319e+00  2.243213e-04 
 1.730637e+00  2.253111e-04 
 1.730955e+00  2.263280e-04 
 1.731273e+00  2.273614e-04 
 1.731591e+00  2.284199e-04 
 1.731909e+00  2.295004e-04 
 1.732227e+00  2.305885e-04 
 1.732545e+00  2.316913e-04 
 1.732863e+00  2.327965e-04 
 1.733181e+00  2.339257e-04 
 1.733499e+00  2.350599e-04 
 1.733817e+00  2.361886e-04 
 1.734136e+00  2.373022e-04 
 1.734454e+00  2.384079e-04 
 1.734772e+00  2.395062e-04 
 1.735090e+00  2.405792e-04 
 1.735408e+00  2.416309e-04 
 1.735726e+00  2.426749e-04 
 1.736044e+00  2.436936e-04 
 1.736362e+00  2.446896e-04 
 1.736680e+00  2.456551e-04 
 1.736998e+00  2.465832e-04 
 1.737316e+00  2.474946e-04 
 1.737634e+00  2.483740e-04 
 1.737952e+00  2.492244e-04 
 1.738270e+00  2.500421e-04 
 1.738589e+00  2.508227e-04 
 1.738907e+00  2.515619e-04 
 1.739225e+00  2.522584e-04 
 1.739543e+00  2.529061e-04 
 1.739861e+00  2.535121e-04 
 1.740179e+00  2.540755e-04 
 1.740497e+00  2.545776e-04 
 1.740815e+00  2.550293e-04 
 1.741133e+00  2.554193e-04 
 1.741451e+00  2.557520e-04 
 1.741769e+00  2.560224e-04 
 1.742087e+00  2.562445e-04 
 1.742405e+00  2.563871e-04 
 1.742723e+00  2.564599e-04 
 1.743041e+00  2.564690e-04 
 1.743360e+00  2.563996e-04 
 1.743678e+00  2.562553e-04 
 1.743996e+00  2.560285e-04 
 1.744314e+00  2.557212e-04 
 1.744632e+00  2.553356e-04 
 1.744950e+00  2.548652e-04 
 1.745268e+00  2.543125e-04 
 1.745586e+00  2.536839e-04 
 1.745904e+00  2.529827e-04 
 1.746222e+00  2.521912e-04 
 1.746540e+00  2.513205e-04 
 1.746858e+00  2.503638e-04 
 1.747176e+00  2.493292e-04 
 1.747494e+00  2.482139e-04 
 1.747812e+00  2.470228e-04 
 1.748131e+00  2.457556e-04 
 1.748449e+00  2.444109e-04 
 1.748767e+00  2.429865e-04 
 1.749085e+00  2.414900e-04 
 1.749403e+00  2.399186e-04 
 1.749721e+00  2.382790e-04 
 1.750039e+00  2.365689e-04 
 1.750357e+00  2.347936e-04 
 1.750675e+00  2.329572e-04 
 1.750993e+00  2.310495e-04 
 1.751311e+00  2.290736e-04 
 1.751629e+00  2.270366e-04 
 1.751947e+00  2.249456e-04 
 1.752265e+00  2.228017e-04 
 1.752583e+00  2.205976e-04 
 1.752902e+00  2.183471e-04 
 1.753220e+00  2.160389e-04 
 1.753538e+00  2.136936e-04 
 1.753856e+00  2.113120e-04 
 1.754174e+00  2.089043e-04 
 1.754492e+00  2.064722e-04 
 1.754810e+00  2.040128e-04 
 1.755128e+00  2.015296e-04 
 1.755446e+00  1.990279e-04 
 1.755764e+00  1.965342e-04 
 1.756082e+00  1.940254e-04 
 1.756400e+00  1.915149e-04 
 1.756718e+00  1.889964e-04 
 1.757036e+00  1.864895e-04 
 1.757354e+00  1.839887e-04 
 1.757673e+00  1.814990e-04 
 1.757991e+00  1.790215e-04 
 1.758309e+00  1.765613e-04 
 1.758627e+00  1.741177e-04 
 1.758945e+00  1.716883e-04 
 1.759263e+00  1.692771e-04 
 1.759581e+00  1.668939e-04 
 1.759899e+00  1.645440e-04 
 1.760217e+00  1.622290e-04 
 1.760535e+00  1.599536e-04 
 1.760853e+00  1.577207e-04 
 1.761171e+00  1.555402e-04 
 1.761489e+00  1.534108e-04 
 1.761807e+00  1.513339e-04 
 1.762125e+00  1.493208e-04 
 1.762444e+00  1.473717e-04 
 1.762762e+00  1.454879e-04 
 1.763080e+00  1.436621e-04 
 1.763398e+00  1.419041e-04 
 1.763716e+00  1.402068e-04 
 1.764034e+00  1.385795e-04 
 1.764352e+00  1.370292e-04 
 1.764670e+00  1.355641e-04 
 1.764988e+00  1.341686e-04 
 1.765306e+00  1.328532e-04 
 1.765624e+00  1.316119e-04 
 1.765942e+00  1.304489e-04 
 1.766260e+00  1.293606e-04 
 1.766578e+00  1.283471e-04 
 1.766897e+00  1.274128e-04 
 1.767215e+00  1.265468e-04 
 1.767533e+00  1.257625e-04 
 1.767851e+00  1.250604e-04 
 1.768169e+00  1.244416e-04 
 1.768487e+00  1.239060e-04 
 1.768805e+00  1.234504e-04 
 1.769123e+00  1.230804e-04 
 1.769441e+00  1.227826e-04 
 1.769759e+00  1.225686e-04 
 1.770077e+00  1.224336e-04 
 1.770395e+00  1.223663e-04 
 1.770713e+00  1.223771e-04 
 1.771031e+00  1.224616e-04 
 1.771349e+00  1.226326e-04 
 1.771668e+00  1.228730e-04 
 1.771986e+00  1.231916e-04 
 1.772304e+00  1.235837e-04 
 1.772622e+00  1.240491e-04 
 1.772940e+00  1.245872e-04 
 1.773258e+00  1.251972e-04 
 1.773576e+00  1.258703e-04 
 1.773894e+00  1.266053e-04 
 1.774212e+00  1.274147e-04 
 1.774530e+00  1.282741e-04 
 1.774848e+00  1.292021e-04 
 1.775166e+00  1.301816e-04 
 1.775484e+00  1.312114e-04 
 1.775802e+00  1.322902e-04 
 1.776120e+00  1.334134e-04 
 1.776439e+00  1.345828e-04 
 1.776757e+00  1.357930e-04 
 1.777075e+00  1.370394e-04 
 1.777393e+00  1.383275e-04 
 1.777711e+00  1.396374e-04 
 1.778029e+00  1.409918e-04 
 1.778347e+00  1.423789e-04 
 1.778665e+00  1.438079e-04 
 1.778983e+00  1.452603e-04 
 1.779301e+00  1.467338e-04 
 1.779619e+00  1.482446e-04 
 1.779937e+00  1.497874e-04 
 1.780255e+00  1.513501e-04 
 1.780573e+00  1.529403e-04 
 1.780891e+00  1.545515e-04 
 1.781210e+00  1.561840e-04 
 1.781528e+00  1.578202e-04 
 1.781846e+00  1.594642e-04 
 1.782164e+00  1.611234e-04 
 1.782482e+00  1.627796e-04 
 1.782800e+00  1.644391e-04 
 1.783118e+00  1.660929e-04 
 1.783436e+00  1.677416e-04 
 1.783754e+00  1.693612e-04 
 1.784072e+00  1.709777e-04 
 1.784390e+00  1.725624e-04 
 1.784708e+00  1.741459e-04 
 1.785026e+00  1.757055e-04 
 1.785344e+00  1.772496e-04 
 1.785662e+00  1.787617e-04 
 1.785981e+00  1.802507e-04 
 1.786299e+00  1.817008e-04 
 1.786617e+00  1.831186e-04 
 1.786935e+00  1.845123e-04 
 1.787253e+00  1.858692e-04 
 1.787571e+00  1.871954e-04 
 1.787889e+00  1.884824e-04 
 1.788207e+00  1.897388e-04 
 1.788525e+00  1.909604e-04 
 1.788843e+00  1.921433e-04 
 1.789161e+00  1.932897e-04 
 1.789479e+00  1.944015e-04 
 1.789797e+00  1.954683e-04 
 1.790115e+00  1.964811e-04 
 1.790434e+00  1.974462e-04 
 1.790752e+00  1.983595e-04 
 1.791070e+00  1.992151e-04 
 1.791388e+00  2.000167e-04 
 1.791706e+00  2.007625e-04 
 1.792024e+00  2.014602e-04 
 1.792342e+00  2.021003e-04 
 1.792660e+00  2.026864e-04 
 1.792978e+00  2.032117e-04 
 1.793296e+00  2.036874e-04 
 1.793614e+00  2.041003e-04 
 1.793932e+00  2.044631e-04 
 1.794250e+00  2.047748e-04 
 1.794568e+00  2.050374e-04 
 1.794886e+00  2.052418e-04 
 1.795205e+00  2.053965e-04 
 1.795523e+00  2.055028e-04 
 1.795841e+00  2.055617e-04 
 1.796159e+00  2.055766e-04 
 1.796477e+00  2.055432e-04 
 1.796795e+00  2.054748e-04 
 1.797113e+00  2.053732e-04 
 1.797431e+00  2.052301e-04 
 1.797749e+00  2.050479e-04 
 1.798067e+00  2.048381e-04 
 1.798385e+00  2.045882e-04 
 1.798703e+00  2.043018e-04 
 1.799021e+00  2.039875e-04 
 1.799339e+00  2.036447e-04 
 1.799657e+00  2.032784e-04 
 1.799976e+00  2.028737e-04 
 1.800294e+00  2.024423e-04 
 1.800612e+00  2.019869e-04 
 1.800930e+00  2.015154e-04 
 1.801248e+00  2.010263e-04 
 1.801566e+00  2.005186e-04 
 1.801884e+00  2.000039e-04 
 1.802202e+00  1.994757e-04 
 1.802520e+00  1.989445e-04 
 1.802838e+00  1.984086e-04 
 1.803156e+00  1.978747e-04 
 1.803474e+00  1.973543e-04 
 1.803792e+00  1.968392e-04 
 1.804110e+00  1.963285e-04 
 1.804428e+00  1.958325e-04 
 1.804747e+00  1.953535e-04 
 1.805065e+00  1.948921e-04 
 1.805383e+00  1.944557e-04 
 1.805701e+00  1.940323e-04 
 1.806019e+00  1.936426e-04 
 1.806337e+00  1.932745e-04 
 1.806655e+00  1.929392e-04 
 1.806973e+00  1.926384e-04 
 1.807291e+00  1.923719e-04 
 1.807609e+00  1.921441e-04 
 1.807927e+00  1.919580e-04 
 1.808245e+00  1.918067e-04 
 1.808563e+00  1.916946e-04 
 1.808881e+00  1.916312e-04 
 1.809199e+00  1.916039e-04 
 1.809518e+00  1.916150e-04 
 1.809836e+00  1.916754e-04 
 1.810154e+00  1.917743e-04 
 1.810472e+00  1.919121e-04 
 1.810790e+00  1.921029e-04 
 1.811108e+00  1.923437e-04 
 1.811426e+00  1.926341e-04 
 1.811744e+00  1.929757e-04 
 1.812062e+00  1.933720e-04 
 1.812380e+00  1.938217e-04 
 1.812698e+00  1.943285e-04 
 1.813016e+00  1.948960e-04 
 1.813334e+00  1.955033e-04 
 1.813652e+00  1.961762e-04 
 1.813970e+00  1.969011e-04 
 1.814289e+00  1.976792e-04 
 1.814607e+00  1.985100e-04 
 1.814925e+00  1.993880e-04 
 1.815243e+00  2.003129e-04 
 1.815561e+00  2.012858e-04 
 1.815879e+00  2.023036e-04 
 1.816197e+00  2.033702e-04 
 1.816515e+00  2.044843e-04 
 1.816833e+00  2.056334e-04 
 1.817151e+00  2.068213e-04 
 1.817469e+00  2.080463e-04 
 1.817787e+00  2.093023e-04 
 1.818105e+00  2.105934e-04 
 1.818423e+00  2.119101e-04 
 1.818742e+00  2.132459e-04 
 1.819060e+00  2.146148e-04 
 1.819378e+00  2.160047e-04 
 1.819696e+00  2.174203e-04 
 1.820014e+00  2.188602e-04 
 1.820332e+00  2.203259e-04 
 1.820650e+00  2.218166e-04 
 1.820968e+00  2.233264e-04 
 1.821286e+00  2.248550e-04 
 1.821604e+00  2.263936e-04 
 1.821922e+00  2.279404e-04 
 1.822240e+00  2.294886e-04 
 1.822558e+00  2.310386e-04 
 1.822876e+00  2.325836e-04 
 1.823194e+00  2.341225e-04 
 1.823513e+00  2.356544e-04 
 1.823831e+00  2.371712e-04 
 1.824149e+00  2.386707e-04 
 1.824467e+00  2.401556e-04 
 1.824785e+00  2.416194e-04 
 1.825103e+00  2.430609e-04 
 1.825421e+00  2.444722e-04 
 1.825739e+00  2.458621e-04 
 1.826057e+00  2.472188e-04 
 1.826375e+00  2.485487e-04 
 1.826693e+00  2.498437e-04 
 1.827011e+00  2.510925e-04 
 1.827329e+00  2.523069e-04 
 1.827647e+00  2.534765e-04 
 1.827965e+00  2.545998e-04 
 1.828284e+00  2.556761e-04 
 1.828602e+00  2.567036e-04 
 1.828920e+00  2.576730e-04 
 1.829238e+00  2.585882e-04 
 1.829556e+00  2.594464e-04 
 1.829874e+00  2.602500e-04 
 1.830192e+00  2.609997e-04 
 1.830510e+00  2.616911e-04 
 1.830828e+00  2.623231e-04 
 1.831146e+00  2.628976e-04 
 1.831464e+00  2.634059e-04 
 1.831782e+00  2.638497e-04 
 1.832100e+00  2.642242e-04 
 1.832418e+00  2.645346e-04 
 1.832736e+00  2.647673e-04 
 1.833055e+00  2.649321e-04 
 1.833373e+00  2.650260e-04 
 1.833691e+00  2.650480e-04 
 1.834009e+00  2.649996e-04 
 1.834327e+00  2.648770e-04 
 1.834645e+00  2.646852e-04 
 1.834963e+00  2.644247e-04 
 1.835281e+00  2.640902e-04 
 1.835599e+00  2.636782e-04 
 1.835917e+00  2.631919e-04 
 1.836235e+00  2.626333e-04 
 1.836553e+00  2.619977e-04 
 1.836871e+00  2.612924e-04 
 1.837189e+00  2.605162e-04 
 1.837507e+00  2.596715e-04 
 1.837826e+00  2.587617e-04 
 1.838144e+00  2.577832e-04 
 1.838462e+00  2.567484e-04 
 1.838780e+00  2.556513e-04 
 1.839098e+00  2.544933e-04 
 1.839416e+00  2.532761e-04 
 1.839734e+00  2.520006e-04 
 1.840052e+00  2.506662e-04 
 1.840370e+00  2.492781e-04 
 1.840688e+00  2.478313e-04 
 1.841006e+00  2.463286e-04 
 1.841324e+00  2.447639e-04 
 1.841642e+00  2.431399e-04 
 1.841960e+00  2.414622e-04 
 1.842278e+00  2.397344e-04 
 1.842597e+00  2.379587e-04 
 1.842915e+00  2.361408e-04 
 1.843233e+00  2.342826e-04 
 1.843551e+00  2.323878e-04 
 1.843869e+00  2.304543e-04 
 1.844187e+00  2.284936e-04 
 1.844505e+00  2.265042e-04 
 1.844823e+00  2.244902e-04 
 1.845141e+00  2.224514e-04 
 1.845459e+00  2.203894e-04 
 1.845777e+00  2.183107e-04 
 1.846095e+00  2.162136e-04 
 1.846413e+00  2.141037e-04 
 1.846731e+00  2.119832e-04 
 1.847050e+00  2.098543e-04 
 1.847368e+00  2.077186e-04 
 1.847686e+00  2.055794e-04 
 1.848004e+00  2.034411e-04 
 1.848322e+00  2.012984e-04 
 1.848640e+00  1.991638e-04 
 1.848958e+00  1.970302e-04 
 1.849276e+00  1.949012e-04 
 1.849594e+00  1.927855e-04 
 1.849912e+00  1.906816e-04 
 1.850230e+00  1.885945e-04 
 1.850548e+00  1.865313e-04 
 1.850866e+00  1.844890e-04 
 1.851184e+00  1.824734e-04 
 1.851502e+00  1.804855e-04 
 1.851821e+00  1.785288e-04 
 1.852139e+00  1.766082e-04 
 1.852457e+00  1.747221e-04 
 1.852775e+00  1.728745e-04 
 1.853093e+00  1.710703e-04 
 1.853411e+00  1.693053e-04 
 1.853729e+00  1.675855e-04 
 1.854047e+00  1.659152e-04 
 1.854365e+00  1.642970e-04 
 1.854683e+00  1.627315e-04 
 1.855001e+00  1.612165e-04 
 1.855319e+00  1.597582e-04 
 1.855637e+00  1.583552e-04 
 1.855955e+00  1.570100e-04 
 1.856273e+00  1.557247e-04 
 1.856592e+00  1.544989e-04 
 1.856910e+00  1.533365e-04 
 1.857228e+00  1.522432e-04 
 1.857546e+00  1.512138e-04 
 1.857864e+00  1.502501e-04 
 1.858182e+00  1.493559e-04 
 1.858500e+00  1.485244e-04 
 1.858818e+00  1.477623e-04 
 1.859136e+00  1.470667e-04 
 1.859454e+00  1.464368e-04 
 1.859772e+00  1.458727e-04 
 1.860090e+00  1.453714e-04 
 1.860408e+00  1.449404e-04 
 1.860726e+00  1.445793e-04 
 1.861044e+00  1.442858e-04 
 1.861363e+00  1.440618e-04 
 1.861681e+00  1.439076e-04 
 1.861999e+00  1.438226e-04 
 1.862317e+00  1.438070e-04 
 1.862635e+00  1.438624e-04 
 1.862953e+00  1.439852e-04 
 1.863271e+00  1.441755e-04 
 1.863589e+00  1.444239e-04 
 1.863907e+00  1.447285e-04 
 1.864225e+00  1.450929e-04 
 1.864543e+00  1.455102e-04 
 1.864861e+00  1.459809e-04 
 1.865179e+00  1.465017e-04 
 1.865497e+00  1.470701e-04 
 1.865815e+00  1.476870e-04 
 1.866134e+00  1.483484e-04 
 1.866452e+00  1.490495e-04 
 1.866770e+00  1.497905e-04 
 1.867088e+00  1.505656e-04 
 1.867406e+00  1.513783e-04 
 1.867724e+00  1.522178e-04 
 1.868042e+00  1.530892e-04 
 1.868360e+00  1.539827e-04 
 1.868678e+00  1.549007e-04 
 1.868996e+00  1.558415e-04 
 1.869314e+00  1.567981e-04 
 1.869632e+00  1.577778e-04 
 1.869950e+00  1.587807e-04 
 1.870268e+00  1.597988e-04 
 1.870587e+00  1.608222e-04 
 1.870905e+00  1.618537e-04 
 1.871223e+00  1.628984e-04 
 1.871541e+00  1.639388e-04 
 1.871859e+00  1.649790e-04 
 1.872177e+00  1.660104e-04 
 1.872495e+00  1.670325e-04 
 1.872813e+00  1.680484e-04 
 1.873131e+00  1.690451e-04 
 1.873449e+00  1.700260e-04 
 1.873767e+00  1.709920e-04 
 1.874085e+00  1.719414e-04 
 1.874403e+00  1.728635e-04 
 1.874721e+00  1.737559e-04 
 1.875039e+00  1.746310e-04 
 1.875358e+00  1.754835e-04 
 1.875676e+00  1.762948e-04 
 1.875994e+00  1.770698e-04 
 1.876312e+00  1.778221e-04 
 1.876630e+00  1.785381e-04 
 1.876948e+00  1.792194e-04 
 1.877266e+00  1.798690e-04 
 1.877584e+00  1.804840e-04 
 1.877902e+00  1.810665e-04 
 1.878220e+00  1.816097e-04 
 1.878538e+00  1.821188e-04 
 1.878856e+00  1.825886e-04 
 1.879174e+00  1.830265e-04 
 1.879492e+00  1.834234e-04 
 1.879810e+00  1.837831e-04 
 1.880129e+00  1.841118e-04 
 1.880447e+00  1.843931e-04 
 1.880765e+00  1.846391e-04 
 1.881083e+00  1.848450e-04 
 1.881401e+00  1.850059e-04 
 1.881719e+00  1.851264e-04 
 1.882037e+00  1.852063e-04 
 1.882355e+00  1.852492e-04 
 1.882673e+00  1.852602e-04 
 1.882991e+00  1.852250e-04 
 1.883309e+00  1.851517e-04 
 1.883627e+00  1.850442e-04 
 1.883945e+00  1.849053e-04 
 1.884263e+00  1.847351e-04 
 1.884581e+00  1.845342e-04 
 1.884900e+00  1.843114e-04 
 1.885218e+00  1.840603e-04 
 1.885536e+00  1.837786e-04 
 1.885854e+00  1.834787e-04 
 1.886172e+00  1.831563e-04 
 1.886490e+00  1.828125e-04 
 1.886808e+00  1.824592e-04 
 1.887126e+00  1.820949e-04 
 1.887444e+00  1.817144e-04 
 1.887762e+00  1.813125e-04 
 1.888080e+00  1.809076e-04 
 1.888398e+00  1.804876e-04 
 1.888716e+00  1.800606e-04 
 1.889034e+00  1.796223e-04 
 1.889352e+00  1.791825e-04 
 1.889671e+00  1.787359e-04 
 1.889989e+00  1.782872e-04 
 1.890307e+00  1.778307e-04 
 1.890625e+00  1.773706e-04 
 1.890943e+00  1.769154e-04 
 1.891261e+00  1.764581e-04 
 1.891579e+00  1.760067e-04 
 1.891897e+00  1.755632e-04 
 1.892215e+00  1.751389e-04 
 1.892533e+00  1.747266e-04 
 1.892851e+00  1.743240e-04 
 1.893169e+00  1.739359e-04 
 1.893487e+00  1.735663e-04 
 1.893805e+00  1.732186e-04 
 1.894123e+00  1.728928e-04 
 1.894442e+00  1.725860e-04 
 1.894760e+00  1.723051e-04 
 1.895078e+00  1.720477e-04 
 1.895396e+00  1.718141e-04 
 1.895714e+00  1.716084e-04 
 1.896032e+00  1.714374e-04 
 1.896350e+00  1.713018e-04 
 1.896668e+00  1.712022e-04 
 1.896986e+00  1.711387e-04 
 1.897304e+00  1.711156e-04 
 1.897622e+00  1.711299e-04 
 1.897940e+00  1.711765e-04 
 1.898258e+00  1.712579e-04 
 1.898576e+00  1.713813e-04 
 1.898895e+00  1.715422e-04 
 1.899213e+00  1.717432e-04 
 1.899531e+00  1.719870e-04 
 1.899849e+00  1.722722e-04 
 1.900167e+00  1.726003e-04 
 1.900485e+00  1.729666e-04 
 1.900803e+00  1.733807e-04 
 1.901121e+00  1.738419e-04 
 1.901439e+00  1.743505e-04 
 1.901757e+00  1.749050e-04 
 1.902075e+00  1.755067e-04 
 1.902393e+00  1.761594e-04 
 1.902711e+00  1.768499e-04 
 1.903029e+00  1.775957e-04 
 1.903347e+00  1.783903e-04 
 1.903666e+00  1.792402e-04 
 1.903984e+00  1.801449e-04 
 1.904302e+00  1.810965e-04 
 1.904620e+00  1.821003e-04 
 1.904938e+00  1.831499e-04 
 1.905256e+00  1.842441e-04 
 1.905574e+00  1.853790e-04 
 1.905892e+00  1.865628e-04 
 1.906210e+00  1.877881e-04 
 1.906528e+00  1.890556e-04 
 1.906846e+00  1.903585e-04 
 1.907164e+00  1.916909e-04 
 1.907482e+00  1.930606e-04 
 1.907800e+00  1.944592e-04 
 1.908118e+00  1.958959e-04 
 1.908437e+00  1.973610e-04 
 1.908755e+00  1.988578e-04 
 1.909073e+00  2.003843e-04 
 1.909391e+00  2.019442e-04 
 1.909709e+00  2.035246e-04 
 1.910027e+00  2.051277e-04 
 1.910345e+00  2.067538e-04 
 1.910663e+00  2.084038e-04 
 1.910981e+00  2.100715e-04 
 1.911299e+00  2.117580e-04 
 1.911617e+00  2.134587e-04 
 1.911935e+00  2.151688e-04 
 1.912253e+00  2.168836e-04 
 1.912571e+00  2.186013e-04 
 1.912889e+00  2.203244e-04 
 1.913208e+00  2.220480e-04 
 1.913526e+00  2.237667e-04 
 1.913844e+00  2.254794e-04 
 1.914162e+00  2.271800e-04 
 1.914480e+00  2.288700e-04 
 1.914798e+00  2.305478e-04 
 1.915116e+00  2.322113e-04 
 1.915434e+00  2.338536e-04 
 1.915752e+00  2.354754e-04 
 1.916070e+00  2.370706e-04 
 1.916388e+00  2.386446e-04 
 1.916706e+00  2.401881e-04 
 1.917024e+00  2.416960e-04 
 1.917342e+00  2.431606e-04 
 1.917660e+00  2.445893e-04 
 1.917979e+00  2.459767e-04 
 1.918297e+00  2.473229e-04 
 1.918615e+00  2.486233e-04 
 1.918933e+00  2.498745e-04 
 1.919251e+00  2.510848e-04 
 1.919569e+00  2.522390e-04 
 1.919887e+00  2.533381e-04 
 1.920205e+00  2.543892e-04 
 1.920523e+00  2.553838e-04 
 1.920841e+00  2.563217e-04 
 1.921159e+00  2.571962e-04 
 1.921477e+00  2.580107e-04 
 1.921795e+00  2.587628e-04 
 1.922113e+00  2.594507e-04 
 1.922431e+00  2.600767e-04 
 1.922750e+00  2.606364e-04 
 1.923068e+00  2.611320e-04 
 1.923386e+00  2.615628e-04 
 1.923704e+00  2.619235e-04 
 1.924022e+00  2.622146e-04 
 1.924340e+00  2.624373e-04 
 1.924658e+00  2.625842e-04 
 1.924976e+00  2.626619e-04 
 1.925294e+00  2.626674e-04 
 1.925612e+00  2.626037e-04 
 1.925930e+00  2.624678e-04 
 1.926248e+00  2.622645e-04 
 1.926566e+00  2.619914e-04 
 1.926884e+00  2.616530e-04 
 1.927203e+00  2.612488e-04 
 1.927521e+00  2.607821e-04 
 1.927839e+00  2.602520e-04 
 1.928157e+00  2.596595e-04 
 1.928475e+00  2.590059e-04 
 1.928793e+00  2.582948e-04 
 1.929111e+00  2.575240e-04 
 1.929429e+00  2.566944e-04 
 1.929747e+00  2.558037e-04 
 1.930065e+00  2.548577e-04 
 1.930383e+00  2.538554e-04 
 1.930701e+00  2.528006e-04 
 1.931019e+00  2.516932e-04 
 1.931337e+00  2.505384e-04 
 1.931655e+00  2.493357e-04 
 1.931974e+00  2.480865e-04 
 1.932292e+00  2.467980e-04 
 1.932610e+00  2.454662e-04 
 1.932928e+00  2.440944e-04 
 1.933246e+00  2.426876e-04 
 1.933564e+00  2.412499e-04 
 1.933882e+00  2.397758e-04 
 1.934200e+00  2.382753e-04 
 1.934518e+00  2.367467e-04 
 1.934836e+00  2.351927e-04 
 1.935154e+00  2.336228e-04 
 1.935472e+00  2.320311e-04 
 1.935790e+00  2.304250e-04 
 1.936108e+00  2.288071e-04 
 1.936426e+00  2.271783e-04 
 1.936745e+00  2.255358e-04 
 1.937063e+00  2.238847e-04 
 1.937381e+00  2.222284e-04 
 1.937699e+00  2.205724e-04 
 1.938017e+00  2.189134e-04 
 1.938335e+00  2.172549e-04 
 1.938653e+00  2.156015e-04 
 1.938971e+00  2.139562e-04 
 1.939289e+00  2.123137e-04 
 1.939607e+00  2.106827e-04 
 1.939925e+00  2.090632e-04 
 1.940243e+00  2.074626e-04 
 1.940561e+00  2.058796e-04 
 1.940879e+00  2.043141e-04 
 1.941197e+00  2.027679e-04 
 1.941516e+00  2.012504e-04 
 1.941834e+00  1.997559e-04 
 1.942152e+00  1.982893e-04 
 1.942470e+00  1.968530e-04 
 1.942788e+00  1.954485e-04 
 1.943106e+00  1.940759e-04 
 1.943424e+00  1.927351e-04 
 1.943742e+00  1.914286e-04 
 1.944060e+00  1.901569e-04 
 1.944378e+00  1.889229e-04 
 1.944696e+00  1.877285e-04 
 1.945014e+00  1.865755e-04 
 1.945332e+00  1.854643e-04 
 1.945650e+00  1.843944e-04 
 1.945968e+00  1.833670e-04 
 1.946287e+00  1.823833e-04 
 1.946605e+00  1.814427e-04 
 1.946923e+00  1.805416e-04 
 1.947241e+00  1.796846e-04 
 1.947559e+00  1.788671e-04 
 1.947877e+00  1.780939e-04 
 1.948195e+00  1.773658e-04 
 1.948513e+00  1.766776e-04 
 1.948831e+00  1.760246e-04 
 1.949149e+00  1.754145e-04 
 1.949467e+00  1.748548e-04 
 1.949785e+00  1.743401e-04 
 1.950103e+00  1.738566e-04 
 1.950421e+00  1.734227e-04 
 1.950739e+00  1.730403e-04 
 1.951058e+00  1.726984e-04 
 1.951376e+00  1.724033e-04 
 1.951694e+00  1.721519e-04 
 1.952012e+00  1.719427e-04 
 1.952330e+00  1.717797e-04 
 1.952648e+00  1.716522e-04 
 1.952966e+00  1.715604e-04 
 1.953284e+00  1.715118e-04 
 1.953602e+00  1.715050e-04 
 1.953920e+00  1.715139e-04 
 1.954238e+00  1.715554e-04 
 1.954556e+00  1.716374e-04 
 1.954874e+00  1.717517e-04 
 1.955192e+00  1.718814e-04 
 1.955511e+00  1.720403e-04 
 1.955829e+00  1.722277e-04 
 1.956147e+00  1.724307e-04 
 1.956465e+00  1.726564e-04 
 1.956783e+00  1.729054e-04 
 1.957101e+00  1.731698e-04 
 1.957419e+00  1.734633e-04 
 1.957737e+00  1.737691e-04 
 1.958055e+00  1.740839e-04 
 1.958373e+00  1.744273e-04 
 1.958691e+00  1.747807e-04 
 1.959009e+00  1.751349e-04 
 1.959327e+00  1.754986e-04 
 1.959645e+00  1.758752e-04 
 1.959963e+00  1.762574e-04 
 1.960282e+00  1.766443e-04 
 1.960600e+00  1.770318e-04 
 1.960918e+00  1.774258e-04 
 1.961236e+00  1.778169e-04 
 1.961554e+00  1.782070e-04 
 1.961872e+00  1.785938e-04 
 1.962190e+00  1.789795e-04 
 1.962508e+00  1.793595e-04 
 1.962826e+00  1.797305e-04 
 1.963144e+00  1.800901e-04 
 1.963462e+00  1.804326e-04 
 1.963780e+00  1.807602e-04 
 1.964098e+00  1.810707e-04 
 1.964416e+00  1.813652e-04 
 1.964734e+00  1.816415e-04 
 1.965053e+00  1.818959e-04 
 1.965371e+00  1.821314e-04 
 1.965689e+00  1.823370e-04 
 1.966007e+00  1.825204e-04 
 1.966325e+00  1.826756e-04 
 1.966643e+00  1.828089e-04 
 1.966961e+00  1.829194e-04 
 1.967279e+00  1.830061e-04 
 1.967597e+00  1.830681e-04 
 1.967915e+00  1.831040e-04 
 1.968233e+00  1.831135e-04 
 1.968551e+00  1.830984e-04 
 1.968869e+00  1.830582e-04 
 1.969187e+00  1.829974e-04 
 1.969505e+00  1.829067e-04 
 1.969824e+00  1.827838e-04 
 1.970142e+00  1.826353e-04 
 1.970460e+00  1.824602e-04 
 1.970778e+00  1.822493e-04 
 1.971096e+00  1.820115e-04 
 1.971414e+00  1.817386e-04 
 1.971732e+00  1.814434e-04 
 1.972050e+00  1.811134e-04 
 1.972368e+00  1.807518e-04 
 1.972686e+00  1.803590e-04 
 1.973004e+00  1.799398e-04 
 1.973322e+00  1.794908e-04 
 1.973640e+00  1.790121e-04 
 1.973958e+00  1.785055e-04 
 1.974276e+00  1.779752e-04 
 1.974595e+00  1.774278e-04 
 1.974913e+00  1.768541e-04 
 1.975231e+00  1.762593e-04 
 1.975549e+00  1.756502e-04 
 1.975867e+00  1.750208e-04 
 1.976185e+00  1.743777e-04 
 1.976503e+00  1.737191e-04 
 1.976821e+00  1.730465e-04 
 1.977139e+00  1.723682e-04 
 1.977457e+00  1.716793e-04 
 1.977775e+00  1.709821e-04 
 1.978093e+00  1.702816e-04 
 1.978411e+00  1.695678e-04 
 1.978729e+00  1.688531e-04 
 1.979048e+00  1.681402e-04 
 1.979366e+00  1.674261e-04 
 1.979684e+00  1.667178e-04 
 1.980002e+00  1.660104e-04 
 1.980320e+00  1.653108e-04 
 1.980638e+00  1.646222e-04 
 1.980956e+00  1.639424e-04 
 1.981274e+00  1.632720e-04 
 1.981592e+00  1.626209e-04 
 1.981910e+00  1.619815e-04 
 1.982228e+00  1.613556e-04 
 1.982546e+00  1.607523e-04 
 1.982864e+00  1.601662e-04 
 1.983182e+00  1.596091e-04 
 1.983500e+00  1.590715e-04 
 1.983819e+00  1.585630e-04 
 1.984137e+00  1.580841e-04 
 1.984455e+00  1.576393e-04 
 1.984773e+00  1.572302e-04 
 1.985091e+00  1.568587e-04 
 1.985409e+00  1.565227e-04 
 1.985727e+00  1.562250e-04 
 1.986045e+00  1.559659e-04 
 1.986363e+00  1.557527e-04 
 1.986681e+00  1.555883e-04 
 1.986999e+00  1.554685e-04 
 1.987317e+00  1.553951e-04 
 1.987635e+00  1.553683e-04 
 1.987953e+00  1.553870e-04 
 1.988271e+00  1.554491e-04 
 1.988590e+00  1.555592e-04 
 1.988908e+00  1.557176e-04 
 1.989226e+00  1.559263e-04 
 1.989544e+00  1.561825e-04 
 1.989862e+00  1.564874e-04 
 1.990180e+00  1.568389e-04 
 1.990498e+00  1.572387e-04 
 1.990816e+00  1.576920e-04 
 1.991134e+00  1.581942e-04 
 1.991452e+00  1.587512e-04 
 1.991770e+00  1.593590e-04 
 1.992088e+00  1.600143e-04 
 1.992406e+00  1.607212e-04 
 1.992724e+00  1.614760e-04 
 1.993042e+00  1.622834e-04 
 1.993361e+00  1.631412e-04 
 1.993679e+00  1.640459e-04 
 1.993997e+00  1.649991e-04 
 1.994315e+00  1.660019e-04 
 1.994633e+00  1.670472e-04 
 1.994951e+00  1.681379e-04 
 1.995269e+00  1.692684e-04 
 1.995587e+00  1.704383e-04 
 1.995905e+00  1.716502e-04 
 1.996223e+00  1.728926e-04 
 1.996541e+00  1.741743e-04 
 1.996859e+00  1.754896e-04 
 1.997177e+00  1.768348e-04 
 1.997495e+00  1.782141e-04 
 1.997813e+00  1.796225e-04 
 1.998132e+00  1.810567e-04 
 1.998450e+00  1.825179e-04 
 1.998768e+00  1.840069e-04 
 1.999086e+00  1.855171e-04 
 1.999404e+00  1.870468e-04 
 1.999722e+00  1.885977e-04 
 2.000040e+00  1.901661e-04 
 2.000358e+00  1.917481e-04 
 2.000676e+00  1.933394e-04 
 2.000994e+00  1.949437e-04 
 2.001312e+00  1.965565e-04 
 2.001630e+00  1.981738e-04 
 2.001948e+00  1.997942e-04 
 2.002266e+00  2.014130e-04 
 2.002584e+00  2.030350e-04 
 2.002903e+00  2.046599e-04 
 2.003221e+00  2.062786e-04 
 2.003539e+00  2.078937e-04 
 2.003857e+00  2.095063e-04 
 2.004175e+00  2.111085e-04 
 2.004493e+00  2.126991e-04 
 2.004811e+00  2.142783e-04 
 2.005129e+00  2.158401e-04 
 2.005447e+00  2.173838e-04 
 2.005765e+00  2.189090e-04 
 2.006083e+00  2.204129e-04 
 2.006401e+00  2.218931e-04 
 2.006719e+00  2.233491e-04 
 2.007037e+00  2.247812e-04 
 2.007356e+00  2.261855e-04 
 2.007674e+00  2.275615e-04 
 2.007992e+00  2.289059e-04 
 2.008310e+00  2.302153e-04 
 2.008628e+00  2.314929e-04 
 2.008946e+00  2.327358e-04 
 2.009264e+00  2.339454e-04 
 2.009582e+00  2.351182e-04 
 2.009900e+00  2.362537e-04 
 2.010218e+00  2.373489e-04 
 2.010536e+00  2.384062e-04 
 2.010854e+00  2.394231e-04 
 2.011172e+00  2.403965e-04 
 2.011490e+00  2.413289e-04 
 2.011808e+00  2.422160e-04 
 2.012127e+00  2.430544e-04 
 2.012445e+00  2.438425e-04 
 2.012763e+00  2.445809e-04 
 2.013081e+00  2.452716e-04 
 2.013399e+00  2.459130e-04 
 2.013717e+00  2.465048e-04 
 2.014035e+00  2.470434e-04 
 2.014353e+00  2.475328e-04 
 2.014671e+00  2.479713e-04 
 2.014989e+00  2.483537e-04 
 2.015307e+00  2.486886e-04 
 2.015625e+00  2.489726e-04 
 2.015943e+00  2.492085e-04 
 2.016261e+00  2.493918e-04 
 2.016579e+00  2.495243e-04 
 2.016898e+00  2.496079e-04 
 2.017216e+00  2.496427e-04 
 2.017534e+00  2.496298e-04 
 2.017852e+00  2.495663e-04 
 2.018170e+00  2.494563e-04 
 2.018488e+00  2.492975e-04 
 2.018806e+00  2.490877e-04 
 2.019124e+00  2.488265e-04 
 2.019442e+00  2.485172e-04 
 2.019760e+00  2.481647e-04 
 2.020078e+00  2.477656e-04 
 2.020396e+00  2.473172e-04 
 2.020714e+00  2.468296e-04 
 2.021032e+00  2.462981e-04 
 2.021350e+00  2.457267e-04 
 2.021669e+00  2.451117e-04 
 2.021987e+00  2.444604e-04 
 2.022305e+00  2.437725e-04 
 2.022623e+00  2.430478e-04 
 2.022941e+00  2.422880e-04 
 2.023259e+00  2.414964e-04 
 2.023577e+00  2.406736e-04 
 2.023895e+00  2.398217e-04 
 2.024213e+00  2.389403e-04 
 2.024531e+00  2.380334e-04 
 2.024849e+00  2.371031e-04 
 2.025167e+00  2.361507e-04 
 2.025485e+00  2.351748e-04 
 2.025803e+00  2.341830e-04 
 2.026121e+00  2.331743e-04 
 2.026440e+00  2.321518e-04 
 2.026758e+00  2.311182e-04 
 2.027076e+00  2.300711e-04 
 2.027394e+00  2.290171e-04 
 2.027712e+00  2.279560e-04 
 2.028030e+00  2.268900e-04 
 2.028348e+00  2.258157e-04 
 2.028666e+00  2.247349e-04 
 2.028984e+00  2.236559e-04 
 2.029302e+00  2.225775e-04 
 2.029620e+00  2.214930e-04 
 2.029938e+00  2.204150e-04 
 2.030256e+00  2.193483e-04 
 2.030574e+00  2.182854e-04 
 2.030892e+00  2.172347e-04 
 2.031211e+00  2.161964e-04 
 2.031529e+00  2.151713e-04 
 2.031847e+00  2.141665e-04 
 2.032165e+00  2.131772e-04 
 2.032483e+00  2.122057e-04 
 2.032801e+00  2.112537e-04 
 2.033119e+00  2.103283e-04 
 2.033437e+00  2.094243e-04 
 2.033755e+00  2.085395e-04 
 2.034073e+00  2.076810e-04 
 2.034391e+00  2.068532e-04 
 2.034709e+00  2.060515e-04 
 2.035027e+00  2.052778e-04 
 2.035345e+00  2.045352e-04 
 2.035664e+00  2.038164e-04 
 2.035982e+00  2.031268e-04 
 2.036300e+00  2.024680e-04 
 2.036618e+00  2.018377e-04 
 2.036936e+00  2.012397e-04 
 2.037254e+00  2.006706e-04 
 2.037572e+00  2.001300e-04 
 2.037890e+00  1.996147e-04 
 2.038208e+00  1.991295e-04 
 2.038526e+00  1.986762e-04 
 2.038844e+00  1.982502e-04 
 2.039162e+00  1.978529e-04 
 2.039480e+00  1.974845e-04 
 2.039798e+00  1.971468e-04 
 2.040116e+00  1.968368e-04 
 2.040435e+00  1.965570e-04 
 2.040753e+00  1.963094e-04 
 2.041071e+00  1.960889e-04 
 2.041389e+00  1.958934e-04 
 2.041707e+00  1.957284e-04 
 2.042025e+00  1.955841e-04 
 2.042343e+00  1.954661e-04 
 2.042661e+00  1.953675e-04 
 2.042979e+00  1.952944e-04 
 2.043297e+00  1.952339e-04 
 2.043615e+00  1.951933e-04 
 2.043933e+00  1.951695e-04 
 2.044251e+00  1.951689e-04 
 2.044569e+00  1.951859e-04 
 2.044887e+00  1.952172e-04 
 2.045206e+00  1.952621e-04 
 2.045524e+00  1.953153e-04 
 2.045842e+00  1.953833e-04 
 2.046160e+00  1.954585e-04 
 2.046478e+00  1.955433e-04 
 2.046796e+00  1.956318e-04 
 2.047114e+00  1.957212e-04 
 2.047432e+00  1.958131e-04 
 2.047750e+00  1.959004e-04 
 2.048068e+00  1.959879e-04 
 2.048386e+00  1.960763e-04 
 2.048704e+00  1.961623e-04 
 2.049022e+00  1.962497e-04 
 2.049340e+00  1.963307e-04 
 2.049658e+00  1.964073e-04 
 2.049977e+00  1.964772e-04 
 2.050295e+00  1.965417e-04 
 2.050613e+00  1.965981e-04 
 2.050931e+00  1.966459e-04 
 2.051249e+00  1.966876e-04 
 2.051567e+00  1.967196e-04 
 2.051885e+00  1.967359e-04 
 2.052203e+00  1.967406e-04 
 2.052521e+00  1.967280e-04 
 2.052839e+00  1.967012e-04 
 2.053157e+00  1.966586e-04 
 2.053475e+00  1.965950e-04 
 2.053793e+00  1.965100e-04 
 2.054111e+00  1.964040e-04 
 2.054429e+00  1.962750e-04 
 2.054748e+00  1.961198e-04 
 2.055066e+00  1.959423e-04 
 2.055384e+00  1.957363e-04 
 2.055702e+00  1.955136e-04 
 2.056020e+00  1.952652e-04 
 2.056338e+00  1.949916e-04 
 2.056656e+00  1.946930e-04 
 2.056974e+00  1.943704e-04 
 2.057292e+00  1.940229e-04 
 2.057610e+00  1.936512e-04 
 2.057928e+00  1.932543e-04 
 2.058246e+00  1.928393e-04 
 2.058564e+00  1.924013e-04 
 2.058882e+00  1.919430e-04 
 2.059201e+00  1.914588e-04 
 2.059519e+00  1.909528e-04 
 2.059837e+00  1.904237e-04 
 2.060155e+00  1.898764e-04 
 2.060473e+00  1.893044e-04 
 2.060791e+00  1.887116e-04 
 2.061109e+00  1.880961e-04 
 2.061427e+00  1.874552e-04 
 2.061745e+00  1.867883e-04 
 2.062063e+00  1.861032e-04 
 2.062381e+00  1.853973e-04 
 2.062699e+00  1.846742e-04 
 2.063017e+00  1.839365e-04 
 2.063335e+00  1.831799e-04 
 2.063653e+00  1.824050e-04 
 2.063972e+00  1.816163e-04 
 2.064290e+00  1.808111e-04 
 2.064608e+00  1.799959e-04 
 2.064926e+00  1.791665e-04 
 2.065244e+00  1.783277e-04 
 2.065562e+00  1.774747e-04 
 2.065880e+00  1.766127e-04 
 2.066198e+00  1.757424e-04 
 2.066516e+00  1.748680e-04 
 2.066834e+00  1.739894e-04 
 2.067152e+00  1.731100e-04 
 2.067470e+00  1.722235e-04 
 2.067788e+00  1.713366e-04 
 2.068106e+00  1.704502e-04 
 2.068424e+00  1.695689e-04 
 2.068743e+00  1.686924e-04 
 2.069061e+00  1.678215e-04 
 2.069379e+00  1.669582e-04 
 2.069697e+00  1.661040e-04 
 2.070015e+00  1.652593e-04 
 2.070333e+00  1.644241e-04 
 2.070651e+00  1.636007e-04 
 2.070969e+00  1.627918e-04 
 2.071287e+00  1.619966e-04 
 2.071605e+00  1.612159e-04 
 2.071923e+00  1.604487e-04 
 2.072241e+00  1.596972e-04 
 2.072559e+00  1.589639e-04 
 2.072877e+00  1.582572e-04 
 2.073195e+00  1.575731e-04 
 2.073514e+00  1.569102e-04 
 2.073832e+00  1.562728e-04 
 2.074150e+00  1.556630e-04 
 2.074468e+00  1.550802e-04 
 2.074786e+00  1.545242e-04 
 2.075104e+00  1.540012e-04 
 2.075422e+00  1.535157e-04 
 2.075740e+00  1.530611e-04 
 2.076058e+00  1.526430e-04 
 2.076376e+00  1.522594e-04 
 2.076694e+00  1.519158e-04 
 2.077012e+00  1.516139e-04 
 2.077330e+00  1.513500e-04 
 2.077648e+00  1.511204e-04 
 2.077966e+00  1.509316e-04 
 2.078285e+00  1.507878e-04 
 2.078603e+00  1.506809e-04 
 2.078921e+00  1.506099e-04 
 2.079239e+00  1.505821e-04 
 2.079557e+00  1.505971e-04 
 2.079875e+00  1.506576e-04 
 2.080193e+00  1.507602e-04 
 2.080511e+00  1.509057e-04 
 2.080829e+00  1.510946e-04 
 2.081147e+00  1.513243e-04 
 2.081465e+00  1.515997e-04 
 2.081783e+00  1.519172e-04 
 2.082101e+00  1.522810e-04 
 2.082419e+00  1.526916e-04 
 2.082737e+00  1.531431e-04 
 2.083056e+00  1.536402e-04 
 2.083374e+00  1.541820e-04 
 2.083692e+00  1.547681e-04 
 2.084010e+00  1.553969e-04 
 2.084328e+00  1.560700e-04 
 2.084646e+00  1.567837e-04 
 2.084964e+00  1.575351e-04 
 2.085282e+00  1.583258e-04 
 2.085600e+00  1.591542e-04 
 2.085918e+00  1.600239e-04 
 2.086236e+00  1.609302e-04 
 2.086554e+00  1.618734e-04 
 2.086872e+00  1.628543e-04 
 2.087190e+00  1.638713e-04 
 2.087509e+00  1.649202e-04 
 2.087827e+00  1.660024e-04 
 2.088145e+00  1.671140e-04 
 2.088463e+00  1.682559e-04 
 2.088781e+00  1.694250e-04 
 2.089099e+00  1.706221e-04 
 2.089417e+00  1.718447e-04 
 2.089735e+00  1.730888e-04 
 2.090053e+00  1.743553e-04 
 2.090371e+00  1.756429e-04 
 2.090689e+00  1.769503e-04 
 2.091007e+00  1.782766e-04 
 2.091325e+00  1.796171e-04 
 2.091643e+00  1.809663e-04 
 2.091961e+00  1.823273e-04 
 2.092280e+00  1.837087e-04 
 2.092598e+00  1.851041e-04 
 2.092916e+00  1.865019e-04 
 2.093234e+00  1.879064e-04 
 2.093552e+00  1.893245e-04 
 2.093870e+00  1.907404e-04 
 2.094188e+00  1.921533e-04 
 2.094506e+00  1.935617e-04 
 2.094824e+00  1.949610e-04 
 2.095142e+00  1.963548e-04 
 2.095460e+00  1.977389e-04 
 2.095778e+00  1.991083e-04 
 2.096096e+00  2.004682e-04 
 2.096414e+00  2.018189e-04 
 2.096732e+00  2.031506e-04 
 2.097051e+00  2.044620e-04 
 2.097369e+00  2.057679e-04 
 2.097687e+00  2.070581e-04 
 2.098005e+00  2.083240e-04 
 2.098323e+00  2.095641e-04 
 2.098641e+00  2.107899e-04 
 2.098959e+00  2.119867e-04 
 2.099277e+00  2.131571e-04 
 2.099595e+00  2.143057e-04 
 2.099913e+00  2.154267e-04 
 2.100231e+00  2.165135e-04 
 2.100549e+00  2.175759e-04 
 2.100867e+00  2.186023e-04 
 2.101185e+00  2.195964e-04 
 2.101503e+00  2.205638e-04 
 2.101822e+00  2.214873e-04 
 2.102140e+00  2.223759e-04 
 2.102458e+00  2.232348e-04 
 2.102776e+00  2.240520e-04 
 2.103094e+00  2.248312e-04 
 2.103412e+00  2.255727e-04 
 2.103730e+00  2.262740e-04 
 2.104048e+00  2.269338e-04 
 2.104366e+00  2.275531e-04 
 2.104684e+00  2.281367e-04 
 2.105002e+00  2.286833e-04 
 2.105320e+00  2.291971e-04 
 2.105638e+00  2.296657e-04 
 2.105956e+00  2.300978e-04 
 2.106274e+00  2.304947e-04 
 2.106593e+00  2.308559e-04 
 2.106911e+00  2.311830e-04 
 2.107229e+00  2.314731e-04 
 2.107547e+00  2.317249e-04 
 2.107865e+00  2.319383e-04 
 2.108183e+00  2.321125e-04 
 2.108501e+00  2.322518e-04 
 2.108819e+00  2.323521e-04 
 2.109137e+00  2.324258e-04 
 2.109455e+00  2.324661e-04 
 2.109773e+00  2.324792e-04 
 2.110091e+00  2.324574e-04 
 2.110409e+00  2.324057e-04 
 2.110727e+00  2.323228e-04 
 2.111045e+00  2.322124e-04 
 2.111364e+00  2.320761e-04 
 2.111682e+00  2.319143e-04 
 2.112000e+00  2.317244e-04 
 2.112318e+00  2.315094e-04 
 2.112636e+00  2.312646e-04 
 2.112954e+00  2.309960e-04 
 2.113272e+00  2.307057e-04 
 2.113590e+00  2.303962e-04 
 2.113908e+00  2.300640e-04 
 2.114226e+00  2.297161e-04 
 2.114544e+00  2.293504e-04 
 2.114862e+00  2.289746e-04 
 2.115180e+00  2.285751e-04 
 2.115498e+00  2.281640e-04 
 2.115817e+00  2.277455e-04 
 2.116135e+00  2.273192e-04 
 2.116453e+00  2.268825e-04 
 2.116771e+00  2.264400e-04 
 2.117089e+00  2.259898e-04 
 2.117407e+00  2.255364e-04 
 2.117725e+00  2.250790e-04 
 2.118043e+00  2.246195e-04 
 2.118361e+00  2.241605e-04 
 2.118679e+00  2.237014e-04 
 2.118997e+00  2.232409e-04 
 2.119315e+00  2.227822e-04 
 2.119633e+00  2.223165e-04 
 2.119951e+00  2.218535e-04 
 2.120269e+00  2.213911e-04 
 2.120588e+00  2.209264e-04 
 2.120906e+00  2.204632e-04 
 2.121224e+00  2.200068e-04 
 2.121542e+00  2.195488e-04 
 2.121860e+00  2.191014e-04 
 2.122178e+00  2.186639e-04 
 2.122496e+00  2.182294e-04 
 2.122814e+00  2.178066e-04 
 2.123132e+00  2.173988e-04 
 2.123450e+00  2.170003e-04 
 2.123768e+00  2.166170e-04 
 2.124086e+00  2.162440e-04 
 2.124404e+00  2.158813e-04 
 2.124722e+00  2.155374e-04 
 2.125040e+00  2.152040e-04 
 2.125359e+00  2.148889e-04 
 2.125677e+00  2.145889e-04 
 2.125995e+00  2.142987e-04 
 2.126313e+00  2.140246e-04 
 2.126631e+00  2.137590e-04 
 2.126949e+00  2.135096e-04 
 2.127267e+00  2.132724e-04 
 2.127585e+00  2.130526e-04 
 2.127903e+00  2.128416e-04 
 2.128221e+00  2.126472e-04 
 2.128539e+00  2.124690e-04 
 2.128857e+00  2.123051e-04 
 2.129175e+00  2.121617e-04 
 2.129493e+00  2.120300e-04 
 2.129811e+00  2.119113e-04 
 2.130130e+00  2.118038e-04 
 2.130448e+00  2.117091e-04 
 2.130766e+00  2.116266e-04 
 2.131084e+00  2.115569e-04 
 2.131402e+00  2.114992e-04 
 2.131720e+00  2.114576e-04 
 2.132038e+00  2.114269e-04 
 2.132356e+00  2.114075e-04 
 2.132674e+00  2.113992e-04 
 2.132992e+00  2.114041e-04 
 2.133310e+00  2.114205e-04 
 2.133628e+00  2.114474e-04 
 2.133946e+00  2.114862e-04 
 2.134264e+00  2.115276e-04 
 2.134582e+00  2.115793e-04 
 2.134901e+00  2.116335e-04 
 2.135219e+00  2.116946e-04 
 2.135537e+00  2.117655e-04 
 2.135855e+00  2.118380e-04 
 2.136173e+00  2.119130e-04 
 2.136491e+00  2.119899e-04 
 2.136809e+00  2.120628e-04 
 2.137127e+00  2.121381e-04 
 2.137445e+00  2.122122e-04 
 2.137763e+00  2.122812e-04 
 2.138081e+00  2.123493e-04 
 2.138399e+00  2.124121e-04 
 2.138717e+00  2.124707e-04 
 2.139035e+00  2.125241e-04 
 2.139353e+00  2.125666e-04 
 2.139672e+00  2.126036e-04 
 2.139990e+00  2.126264e-04 
 2.140308e+00  2.126393e-04 
 2.140626e+00  2.126448e-04 
 2.140944e+00  2.126359e-04 
 2.141262e+00  2.126175e-04 
 2.141580e+00  2.125883e-04 
 2.141898e+00  2.125454e-04 
 2.142216e+00  2.124866e-04 
 2.142534e+00  2.124131e-04 
 2.142852e+00  2.123243e-04 
 2.143170e+00  2.122154e-04 
 2.143488e+00  2.120850e-04 
 2.143806e+00  2.119310e-04 
 2.144125e+00  2.117531e-04 
 2.144443e+00  2.115554e-04 
 2.144761e+00  2.113321e-04 
 2.145079e+00  2.110854e-04 
 2.145397e+00  2.108161e-04 
 2.145715e+00  2.105252e-04 
 2.146033e+00  2.102109e-04 
 2.146351e+00  2.098673e-04 
 2.146669e+00  2.094999e-04 
 2.146987e+00  2.091081e-04 
 2.147305e+00  2.086862e-04 
 2.147623e+00  2.082373e-04 
 2.147941e+00  2.077649e-04 
 2.148259e+00  2.072656e-04 
 2.148577e+00  2.067408e-04 
 2.148896e+00  2.061897e-04 
 2.149214e+00  2.056102e-04 
 2.149532e+00  2.050073e-04 
 2.149850e+00  2.043775e-04 
 2.150168e+00  2.037228e-04 
 2.150486e+00  2.030410e-04 
 2.150804e+00  2.023347e-04 
 2.151122e+00  2.016028e-04 
 2.151440e+00  2.008487e-04 
 2.151758e+00  2.000725e-04 
 2.152076e+00  1.992733e-04 
 2.152394e+00  1.984542e-04 
 2.152712e+00  1.976125e-04 
 2.153030e+00  1.967520e-04 
 2.153348e+00  1.958710e-04 
 2.153667e+00  1.949681e-04 
 2.153985e+00  1.940475e-04 
 2.154303e+00  1.931069e-04 
 2.154621e+00  1.921528e-04 
 2.154939e+00  1.911846e-04 
 2.155257e+00  1.902019e-04 
 2.155575e+00  1.892107e-04 
 2.155893e+00  1.882101e-04 
 2.156211e+00  1.871999e-04 
 2.156529e+00  1.861829e-04 
 2.156847e+00  1.851567e-04 
 2.157165e+00  1.841265e-04 
 2.157483e+00  1.830939e-04 
 2.157801e+00  1.820580e-04 
 2.158119e+00  1.810211e-04 
 2.158438e+00  1.799863e-04 
 2.158756e+00  1.789531e-04 
 2.159074e+00  1.779243e-04 
 2.159392e+00  1.768975e-04 
 2.159710e+00  1.758806e-04 
 2.160028e+00  1.748693e-04 
 2.160346e+00  1.738659e-04 
 2.160664e+00  1.728719e-04 
 2.160982e+00  1.718851e-04 
 2.161300e+00  1.709123e-04 
 2.161618e+00  1.699499e-04 
 2.161936e+00  1.690011e-04 
 2.162254e+00  1.680685e-04 
 2.162572e+00  1.671541e-04 
 2.162890e+00  1.662596e-04 
 2.163209e+00  1.653843e-04 
 2.163527e+00  1.645281e-04 
 2.163845e+00  1.637002e-04 
 2.164163e+00  1.628948e-04 
 2.164481e+00  1.621158e-04 
 2.164799e+00  1.613633e-04 
 2.165117e+00  1.606410e-04 
 2.165435e+00  1.599473e-04 
 2.165753e+00  1.592825e-04 
 2.166071e+00  1.586470e-04 
 2.166389e+00  1.580421e-04 
 2.166707e+00  1.574689e-04 
 2.167025e+00  1.569261e-04 
 2.167343e+00  1.564151e-04 
 2.167662e+00  1.559375e-04 
 2.167980e+00  1.554921e-04 
 2.168298e+00  1.550813e-04 
 2.168616e+00  1.547054e-04 
 2.168934e+00  1.543651e-04 
 2.169252e+00  1.540599e-04 
 2.169570e+00  1.537923e-04 
 2.169888e+00  1.535605e-04 
 2.170206e+00  1.533654e-04 
 2.170524e+00  1.532096e-04 
 2.170842e+00  1.530880e-04 
 2.171160e+00  1.530036e-04 
 2.171478e+00  1.529611e-04 
 2.171796e+00  1.529576e-04 
 2.172114e+00  1.529910e-04 
 2.172433e+00  1.530607e-04 
 2.172751e+00  1.531701e-04 
 2.173069e+00  1.533170e-04 
 2.173387e+00  1.534998e-04 
 2.173705e+00  1.537186e-04 
 2.174023e+00  1.539732e-04 
 2.174341e+00  1.542646e-04 
 2.174659e+00  1.545923e-04 
 2.174977e+00  1.549548e-04 
 2.175295e+00  1.553516e-04 
 2.175613e+00  1.557832e-04 
 2.175931e+00  1.562482e-04 
 2.176249e+00  1.567464e-04 
 2.176567e+00  1.572768e-04 
 2.176885e+00  1.578420e-04 
 2.177204e+00  1.584397e-04 
 2.177522e+00  1.590626e-04 
 2.177840e+00  1.597146e-04 
 2.178158e+00  1.603973e-04 
 2.178476e+00  1.611057e-04 
 2.178794e+00  1.618413e-04 
 2.179112e+00  1.626008e-04 
 2.179430e+00  1.633851e-04 
 2.179748e+00  1.641908e-04 
 2.180066e+00  1.650188e-04 
 2.180384e+00  1.658677e-04 
 2.180702e+00  1.667368e-04 
 2.181020e+00  1.676293e-04 
 2.181338e+00  1.685368e-04 
 2.181656e+00  1.694648e-04 
 2.181975e+00  1.704105e-04 
 2.182293e+00  1.713731e-04 
 2.182611e+00  1.723514e-04 
 2.182929e+00  1.733432e-04 
 2.183247e+00  1.743444e-04 
 2.183565e+00  1.753557e-04 
 2.183883e+00  1.763773e-04 
 2.184201e+00  1.774062e-04 
 2.184519e+00  1.784408e-04 
 2.184837e+00  1.794775e-04 
 2.185155e+00  1.805178e-04 
 2.185473e+00  1.815571e-04 
 2.185791e+00  1.825945e-04 
 2.186109e+00  1.836307e-04 
 2.186427e+00  1.846661e-04 
 2.186746e+00  1.857013e-04 
 2.187064e+00  1.867312e-04 
 2.187382e+00  1.877539e-04 
 2.187700e+00  1.887735e-04 
 2.188018e+00  1.897852e-04 
 2.188336e+00  1.907889e-04 
 2.188654e+00  1.917859e-04 
 2.188972e+00  1.927755e-04 
 2.189290e+00  1.937504e-04 
 2.189608e+00  1.947154e-04 
 2.189926e+00  1.956643e-04 
 2.190244e+00  1.966016e-04 
 2.190562e+00  1.975238e-04 
 2.190880e+00  1.984316e-04 
 2.191198e+00  1.993199e-04 
 2.191517e+00  2.001923e-04 
 2.191835e+00  2.010435e-04 
 2.192153e+00  2.018738e-04 
 2.192471e+00  2.026808e-04 
 2.192789e+00  2.034671e-04 
 2.193107e+00  2.042303e-04 
 2.193425e+00  2.049694e-04 
 2.193743e+00  2.056877e-04 
 2.194061e+00  2.063808e-04 
 2.194379e+00  2.070518e-04 
 2.194697e+00  2.076961e-04 
 2.195015e+00  2.083163e-04 
 2.195333e+00  2.089136e-04 
 2.195651e+00  2.094874e-04 
 2.195970e+00  2.100351e-04 
 2.196288e+00  2.105577e-04 
 2.196606e+00  2.110540e-04 
 2.196924e+00  2.115263e-04 
 2.197242e+00  2.119726e-04 
 2.197560e+00  2.123913e-04 
 2.197878e+00  2.127881e-04 
 2.198196e+00  2.131624e-04 
 2.198514e+00  2.135102e-04 
 2.198832e+00  2.138354e-04 
 2.199150e+00  2.141352e-04 
 2.199468e+00  2.144129e-04 
 2.199786e+00  2.146658e-04 
 2.200104e+00  2.148973e-04 
 2.200422e+00  2.151058e-04 
 2.200741e+00  2.152957e-04 
 2.201059e+00  2.154630e-04 
 2.201377e+00  2.156121e-04 
 2.201695e+00  2.157392e-04 
 2.202013e+00  2.158447e-04 
 2.202331e+00  2.159286e-04 
 2.202649e+00  2.159938e-04 
 2.202967e+00  2.160409e-04 
 2.203285e+00  2.160699e-04 
 2.203603e+00  2.160811e-04 
 2.203921e+00  2.160768e-04 
 2.204239e+00  2.160587e-04 
 2.204557e+00  2.160259e-04 
 2.204875e+00  2.159845e-04 
 2.205193e+00  2.159326e-04 
 2.205512e+00  2.158686e-04 
 2.205830e+00  2.157949e-04 
 2.206148e+00  2.157130e-04 
 2.206466e+00  2.156256e-04 
 2.206784e+00  2.155320e-04 
 2.207102e+00  2.154355e-04 
 2.207420e+00  2.153356e-04 
 2.207738e+00  2.152329e-04 
 2.208056e+00  2.151300e-04 
 2.208374e+00  2.150236e-04 
 2.208692e+00  2.149178e-04 
 2.209010e+00  2.148124e-04 
 2.209328e+00  2.147058e-04 
 2.209646e+00  2.145989e-04 
 2.209964e+00  2.144915e-04 
 2.210283e+00  2.143860e-04 
 2.210601e+00  2.142824e-04 
 2.210919e+00  2.141831e-04 
 2.211237e+00  2.140903e-04 
 2.211555e+00  2.140038e-04 
 2.211873e+00  2.139216e-04 
 2.212191e+00  2.138487e-04 
 2.212509e+00  2.137815e-04 
 2.212827e+00  2.137253e-04 
 2.213145e+00  2.136767e-04 
 2.213463e+00  2.136395e-04 
 2.213781e+00  2.136121e-04 
 2.214099e+00  2.135966e-04 
 2.214417e+00  2.135898e-04 
 2.214735e+00  2.135966e-04 
 2.215054e+00  2.136163e-04 
 2.215372e+00  2.136472e-04 
 2.215690e+00  2.136915e-04 
 2.216008e+00  2.137487e-04 
 2.216326e+00  2.138167e-04 
 2.216644e+00  2.138984e-04 
 2.216962e+00  2.139921e-04 
 2.217280e+00  2.140979e-04 
 2.217598e+00  2.142165e-04 
 2.217916e+00  2.143487e-04 
 2.218234e+00  2.144920e-04 
 2.218552e+00  2.146466e-04 
 2.218870e+00  2.148095e-04 
 2.219188e+00  2.149842e-04 
 2.219506e+00  2.151685e-04 
 2.219825e+00  2.153640e-04 
 2.220143e+00  2.155677e-04 
 2.220461e+00  2.157794e-04 
 2.220779e+00  2.159997e-04 
 2.221097e+00  2.162304e-04 
 2.221415e+00  2.164710e-04 
 2.221733e+00  2.167178e-04 
 2.222051e+00  2.169671e-04 
 2.222369e+00  2.172150e-04 
 2.222687e+00  2.174711e-04 
 2.223005e+00  2.177356e-04 
 2.223323e+00  2.179944e-04 
 2.223641e+00  2.182584e-04 
 2.223959e+00  2.185328e-04 
 2.224278e+00  2.188082e-04 
 2.224596e+00  2.190886e-04 
 2.224914e+00  2.193725e-04 
 2.225232e+00  2.196574e-04 
 2.225550e+00  2.199440e-04 
 2.225868e+00  2.202281e-04 
 2.226186e+00  2.205022e-04 
 2.226504e+00  2.207760e-04 
 2.226822e+00  2.210462e-04 
 2.227140e+00  2.213053e-04 
 2.227458e+00  2.215465e-04 
 2.227776e+00  2.217853e-04 
 2.228094e+00  2.220184e-04 
 2.228412e+00  2.222363e-04 
 2.228730e+00  2.224396e-04 
 2.229049e+00  2.226355e-04 
 2.229367e+00  2.228144e-04 
 2.229685e+00  2.229769e-04 
 2.230003e+00  2.231308e-04 
 2.230321e+00  2.232675e-04 
 2.230639e+00  2.233922e-04 
 2.230957e+00  2.235009e-04 
 2.231275e+00  2.235890e-04 
 2.231593e+00  2.236624e-04 
 2.231911e+00  2.237245e-04 
 2.232229e+00  2.237570e-04 
 2.232547e+00  2.237726e-04 
 2.232865e+00  2.237689e-04 
 2.233183e+00  2.237428e-04 
 2.233501e+00  2.237006e-04 
 2.233820e+00  2.236371e-04 
 2.234138e+00  2.235543e-04 
 2.234456e+00  2.234440e-04 
 2.234774e+00  2.233127e-04 
 2.235092e+00  2.231518e-04 
 2.235410e+00  2.229748e-04 
 2.235728e+00  2.227682e-04 
 2.236046e+00  2.225393e-04 
 2.236364e+00  2.222814e-04 
 2.236682e+00  2.219954e-04 
 2.237000e+00  2.216832e-04 
 2.237318e+00  2.213442e-04 
 2.237636e+00  2.209807e-04 
 2.237954e+00  2.205971e-04 
 2.238272e+00  2.201848e-04 
 2.238591e+00  2.197492e-04 
 2.238909e+00  2.192847e-04 
 2.239227e+00  2.187935e-04 
 2.239545e+00  2.182753e-04 
 2.239863e+00  2.177328e-04 
 2.240181e+00  2.171673e-04 
 2.240499e+00  2.165761e-04 
 2.240817e+00  2.159613e-04 
 2.241135e+00  2.153214e-04 
 2.241453e+00  2.146552e-04 
 2.241771e+00  2.139677e-04 
 2.242089e+00  2.132579e-04 
 2.242407e+00  2.125294e-04 
 2.242725e+00  2.117799e-04 
 2.243043e+00  2.110066e-04 
 2.243362e+00  2.102146e-04 
 2.243680e+00  2.094009e-04 
 2.243998e+00  2.085673e-04 
 2.244316e+00  2.077149e-04 
 2.244634e+00  2.068427e-04 
 2.244952e+00  2.059536e-04 
 2.245270e+00  2.050466e-04 
 2.245588e+00  2.041234e-04 
 2.245906e+00  2.031809e-04 
 2.246224e+00  2.022277e-04 
 2.246542e+00  2.012596e-04 
 2.246860e+00  2.002818e-04 
 2.247178e+00  1.992901e-04 
 2.247496e+00  1.982900e-04 
 2.247815e+00  1.972855e-04 
 2.248133e+00  1.962717e-04 
 2.248451e+00  1.952472e-04 
 2.248769e+00  1.942187e-04 
 2.249087e+00  1.931829e-04 
 2.249405e+00  1.921474e-04 
 2.249723e+00  1.911080e-04 
 2.250041e+00  1.900647e-04 
 2.250359e+00  1.890242e-04 
 2.250677e+00  1.879837e-04 
 2.250995e+00  1.869450e-04 
 2.251313e+00  1.859111e-04 
 2.251631e+00  1.848811e-04 
 2.251949e+00  1.838516e-04 
 2.252267e+00  1.828372e-04 
 2.252586e+00  1.818291e-04 
 2.252904e+00  1.808311e-04 
 2.253222e+00  1.798431e-04 
 2.253540e+00  1.788663e-04 
 2.253858e+00  1.779062e-04 
 2.254176e+00  1.769611e-04 
 2.254494e+00  1.760274e-04 
 2.254812e+00  1.751133e-04 
 2.255130e+00  1.742123e-04 
 2.255448e+00  1.733273e-04 
 2.255766e+00  1.724624e-04 
 2.256084e+00  1.716204e-04 
 2.256402e+00  1.708030e-04 
 2.256720e+00  1.700110e-04 
 2.257038e+00  1.692417e-04 
 2.257357e+00  1.684975e-04 
 2.257675e+00  1.677816e-04 
 2.257993e+00  1.670937e-04 
 2.258311e+00  1.664308e-04 
 2.258629e+00  1.657926e-04 
 2.258947e+00  1.651807e-04 
 2.259265e+00  1.645965e-04 
 2.259583e+00  1.640373e-04 
 2.259901e+00  1.635127e-04 
 2.260219e+00  1.630180e-04 
 2.260537e+00  1.625582e-04 
 2.260855e+00  1.621288e-04 
 2.261173e+00  1.617350e-04 
 2.261491e+00  1.613712e-04 
 2.261809e+00  1.610404e-04 
 2.262128e+00  1.607459e-04 
 2.262446e+00  1.604862e-04 
 2.262764e+00  1.602588e-04 
 2.263082e+00  1.600642e-04 
 2.263400e+00  1.599035e-04 
 2.263718e+00  1.597740e-04 
 2.264036e+00  1.596792e-04 
 2.264354e+00  1.596215e-04 
 2.264672e+00  1.595950e-04 
 2.264990e+00  1.596058e-04 
 2.265308e+00  1.596491e-04 
 2.265626e+00  1.597210e-04 
 2.265944e+00  1.598284e-04 
 2.266262e+00  1.599668e-04 
 2.266580e+00  1.601380e-04 
 2.266899e+00  1.603385e-04 
 2.267217e+00  1.605657e-04 
 2.267535e+00  1.608218e-04 
 2.267853e+00  1.611026e-04 
 2.268171e+00  1.614088e-04 
 2.268489e+00  1.617387e-04 
 2.268807e+00  1.620919e-04 
 2.269125e+00  1.624725e-04 
 2.269443e+00  1.628759e-04 
 2.269761e+00  1.633057e-04 
 2.270079e+00  1.637583e-04 
 2.270397e+00  1.642344e-04 
 2.270715e+00  1.647298e-04 
 2.271033e+00  1.652500e-04 
 2.271351e+00  1.657879e-04 
 2.271670e+00  1.663443e-04 
 2.271988e+00  1.669197e-04 
 2.272306e+00  1.675097e-04 
 2.272624e+00  1.681109e-04 
 2.272942e+00  1.687291e-04 
 2.273260e+00  1.693600e-04 
 2.273578e+00  1.700079e-04 
 2.273896e+00  1.706626e-04 
 2.274214e+00  1.713262e-04 
 2.274532e+00  1.719999e-04 
 2.274850e+00  1.726754e-04 
 2.275168e+00  1.733579e-04 
 2.275486e+00  1.740400e-04 
 2.275804e+00  1.747258e-04 
 2.276123e+00  1.754169e-04 
 2.276441e+00  1.761098e-04 
 2.276759e+00  1.768026e-04 
 2.277077e+00  1.774964e-04 
 2.277395e+00  1.781887e-04 
 2.277713e+00  1.788789e-04 
 2.278031e+00  1.795675e-04 
 2.278349e+00  1.802516e-04 
 2.278667e+00  1.809326e-04 
 2.278985e+00  1.816096e-04 
 2.279303e+00  1.822801e-04 
 2.279621e+00  1.829437e-04 
 2.279939e+00  1.836014e-04 
 2.280257e+00  1.842536e-04 
 2.280575e+00  1.848992e-04 
 2.280894e+00  1.855367e-04 
 2.281212e+00  1.861641e-04 
 2.281530e+00  1.867797e-04 
 2.281848e+00  1.873832e-04 
 2.282166e+00  1.879757e-04 
 2.282484e+00  1.885557e-04 
 2.282802e+00  1.891245e-04 
 2.283120e+00  1.896827e-04 
 2.283438e+00  1.902264e-04 
 2.283756e+00  1.907589e-04 
 2.284074e+00  1.912762e-04 
 2.284392e+00  1.917800e-04 
 2.284710e+00  1.922689e-04 
 2.285028e+00  1.927436e-04 
 2.285346e+00  1.932008e-04 
 2.285665e+00  1.936414e-04 
 2.285983e+00  1.940647e-04 
 2.286301e+00  1.944718e-04 
 2.286619e+00  1.948645e-04 
 2.286937e+00  1.952417e-04 
 2.287255e+00  1.956042e-04 
 2.287573e+00  1.959524e-04 
 2.287891e+00  1.962865e-04 
 2.288209e+00  1.966060e-04 
 2.288527e+00  1.969117e-04 
 2.288845e+00  1.972028e-04 
 2.289163e+00  1.974869e-04 
 2.289481e+00  1.977568e-04 
 2.289799e+00  1.980147e-04 
 2.290117e+00  1.982594e-04 
 2.290436e+00  1.984943e-04 
 2.290754e+00  1.987192e-04 
 2.291072e+00  1.989324e-04 
 2.291390e+00  1.991340e-04 
 2.291708e+00  1.993252e-04 
 2.292026e+00  1.995054e-04 
 2.292344e+00  1.996737e-04 
 2.292662e+00  1.998281e-04 
 2.292980e+00  1.999743e-04 
 2.293298e+00  2.001143e-04 
 2.293616e+00  2.002420e-04 
 2.293934e+00  2.003624e-04 
 2.294252e+00  2.004744e-04 
 2.294570e+00  2.005814e-04 
 2.294888e+00  2.006781e-04 
 2.295207e+00  2.007719e-04 
 2.295525e+00  2.008628e-04 
 2.295843e+00  2.009529e-04 
 2.296161e+00  2.010408e-04 
 2.296479e+00  2.011267e-04 
 2.296797e+00  2.012129e-04 
 2.297115e+00  2.012990e-04 
 2.297433e+00  2.013855e-04 
 2.297751e+00  2.014732e-04 
 2.298069e+00  2.015620e-04 
 2.298387e+00  2.016536e-04 
 2.298705e+00  2.017458e-04 
 2.299023e+00  2.018422e-04 
 2.299341e+00  2.019429e-04 
 2.299659e+00  2.020461e-04 
 2.299978e+00  2.021574e-04 
 2.300296e+00  2.022705e-04 
 2.300614e+00  2.023908e-04 
 2.300932e+00  2.025166e-04 
 2.301250e+00  2.026478e-04 
 2.301568e+00  2.027851e-04 
 2.301886e+00  2.029318e-04 
 2.302204e+00  2.030843e-04 
 2.302522e+00  2.032464e-04 
 2.302840e+00  2.034194e-04 
 2.303158e+00  2.036036e-04 
 2.303476e+00  2.037999e-04 
 2.303794e+00  2.040055e-04 
 2.304112e+00  2.042213e-04 
 2.304431e+00  2.044496e-04 
 2.304749e+00  2.046854e-04 
 2.305067e+00  2.049343e-04 
 2.305385e+00  2.051947e-04 
 2.305703e+00  2.054671e-04 
 2.306021e+00  2.057540e-04 
 2.306339e+00  2.060519e-04 
 2.306657e+00  2.063619e-04 
 2.306975e+00  2.066833e-04 
 2.307293e+00  2.070190e-04 
 2.307611e+00  2.073683e-04 
 2.307929e+00  2.077282e-04 
 2.308247e+00  2.081001e-04 
 2.308565e+00  2.084810e-04 
 2.308883e+00  2.088758e-04 
 2.309202e+00  2.092823e-04 
 2.309520e+00  2.097002e-04 
 2.309838e+00  2.101267e-04 
 2.310156e+00  2.105669e-04 
 2.310474e+00  2.110170e-04 
 2.310792e+00  2.114759e-04 
 2.311110e+00  2.119402e-04 
 2.311428e+00  2.124134e-04 
 2.311746e+00  2.128909e-04 
 2.312064e+00  2.133741e-04 
 2.312382e+00  2.138598e-04 
 2.312700e+00  2.143528e-04 
 2.313018e+00  2.148490e-04 
 2.313336e+00  2.153509e-04 
 2.313654e+00  2.158547e-04 
 2.313973e+00  2.163614e-04 
 2.314291e+00  2.168735e-04 
 2.314609e+00  2.173905e-04 
 2.314927e+00  2.179093e-04 
 2.315245e+00  2.184274e-04 
 2.315563e+00  2.189447e-04 
 2.315881e+00  2.194614e-04 
 2.316199e+00  2.199732e-04 
 2.316517e+00  2.204814e-04 
 2.316835e+00  2.209831e-04 
 2.317153e+00  2.214766e-04 
 2.317471e+00  2.219639e-04 
 2.317789e+00  2.224426e-04 
 2.318107e+00  2.229104e-04 
 2.318425e+00  2.233722e-04 
 2.318744e+00  2.238217e-04 
 2.319062e+00  2.242609e-04 
 2.319380e+00  2.246871e-04 
 2.319698e+00  2.251023e-04 
 2.320016e+00  2.255014e-04 
 2.320334e+00  2.258846e-04 
 2.320652e+00  2.262474e-04 
 2.320970e+00  2.265940e-04 
 2.321288e+00  2.269220e-04 
 2.321606e+00  2.272325e-04 
 2.321924e+00  2.275256e-04 
 2.322242e+00  2.278015e-04 
 2.322560e+00  2.280566e-04 
 2.322878e+00  2.282917e-04 
 2.323196e+00  2.285064e-04 
 2.323515e+00  2.286980e-04 
 2.323833e+00  2.288670e-04 
 2.324151e+00  2.290111e-04 
 2.324469e+00  2.291281e-04 
 2.324787e+00  2.292202e-04 
 2.325105e+00  2.292834e-04 
 2.325423e+00  2.293207e-04 
 2.325741e+00  2.293321e-04 
 2.326059e+00  2.293170e-04 
 2.326377e+00  2.292769e-04 
 2.326695e+00  2.292083e-04 
 2.327013e+00  2.291119e-04 
 2.327331e+00  2.289876e-04 
 2.327649e+00  2.288340e-04 
 2.327967e+00  2.286496e-04 
 2.328286e+00  2.284396e-04 
 2.328604e+00  2.282006e-04 
 2.328922e+00  2.279340e-04 
 2.329240e+00  2.276375e-04 
 2.329558e+00  2.273138e-04 
 2.329876e+00  2.269610e-04 
 2.330194e+00  2.265829e-04 
 2.330512e+00  2.261747e-04 
 2.330830e+00  2.257406e-04 
 2.331148e+00  2.252777e-04 
 2.331466e+00  2.247892e-04 
 2.331784e+00  2.242724e-04 
 2.332102e+00  2.237313e-04 
 2.332420e+00  2.231639e-04 
 2.332739e+00  2.225726e-04 
 2.333057e+00  2.219577e-04 
 2.333375e+00  2.213181e-04 
 2.333693e+00  2.206547e-04 
 2.334011e+00  2.199691e-04 
 2.334329e+00  2.192613e-04 
 2.334647e+00  2.185312e-04 
 2.334965e+00  2.177792e-04 
 2.335283e+00  2.170080e-04 
 2.335601e+00  2.162201e-04 
 2.335919e+00  2.154157e-04 
 2.336237e+00  2.145939e-04 
 2.336555e+00  2.137562e-04 
 2.336873e+00  2.129035e-04 
 2.337191e+00  2.120376e-04 
 2.337510e+00  2.111588e-04 
 2.337828e+00  2.102658e-04 
 2.338146e+00  2.093631e-04 
 2.338464e+00  2.084495e-04 
 2.338782e+00  2.075269e-04 
 2.339100e+00  2.065941e-04 
 2.339418e+00  2.056541e-04 
 2.339736e+00  2.047069e-04 
 2.340054e+00  2.037553e-04 
 2.340372e+00  2.028004e-04 
 2.340690e+00  2.018428e-04 
 2.341008e+00  2.008834e-04 
 2.341326e+00  1.999242e-04 
 2.341644e+00  1.989662e-04 
 2.341962e+00  1.980102e-04 
 2.342281e+00  1.970580e-04 
 2.342599e+00  1.961106e-04 
 2.342917e+00  1.951668e-04 
 2.343235e+00  1.942272e-04 
 2.343553e+00  1.932927e-04 
 2.343871e+00  1.923643e-04 
 2.344189e+00  1.914458e-04 
 2.344507e+00  1.905368e-04 
 2.344825e+00  1.896380e-04 
 2.345143e+00  1.887514e-04 
 2.345461e+00  1.878777e-04 
 2.345779e+00  1.870187e-04 
 2.346097e+00  1.861741e-04 
 2.346415e+00  1.853452e-04 
 2.346733e+00  1.845316e-04 
 2.347052e+00  1.837344e-04 
 2.347370e+00  1.829533e-04 
 2.347688e+00  1.821881e-04 
 2.348006e+00  1.814416e-04 
 2.348324e+00  1.807144e-04 
 2.348642e+00  1.800093e-04 
 2.348960e+00  1.793243e-04 
 2.349278e+00  1.786605e-04 
 2.349596e+00  1.780211e-04 
 2.349914e+00  1.774029e-04 
 2.350232e+00  1.768069e-04 
 2.350550e+00  1.762330e-04 
 2.350868e+00  1.756830e-04 
 2.351186e+00  1.751556e-04 
 2.351504e+00  1.746509e-04 
 2.351823e+00  1.741685e-04 
 2.352141e+00  1.737078e-04 
 2.352459e+00  1.732732e-04 
 2.352777e+00  1.728636e-04 
 2.353095e+00  1.724791e-04 
 2.353413e+00  1.721198e-04 
 2.353731e+00  1.717839e-04 
 2.354049e+00  1.714756e-04 
 2.354367e+00  1.711924e-04 
 2.354685e+00  1.709339e-04 
 2.355003e+00  1.707022e-04 
 2.355321e+00  1.704974e-04 
 2.355639e+00  1.703174e-04 
 2.355957e+00  1.701625e-04 
 2.356276e+00  1.700313e-04 
 2.356594e+00  1.699256e-04 
 2.356912e+00  1.698411e-04 
 2.357230e+00  1.697789e-04 
 2.357548e+00  1.697383e-04 
 2.357866e+00  1.697172e-04 
 2.358184e+00  1.697179e-04 
 2.358502e+00  1.697386e-04 
 2.358820e+00  1.697786e-04 
 2.359138e+00  1.698393e-04 
 2.359456e+00  1.699185e-04 
 2.359774e+00  1.700191e-04 
 2.360092e+00  1.701374e-04 
 2.360410e+00  1.702756e-04 
 2.360728e+00  1.704306e-04 
 2.361047e+00  1.706034e-04 
 2.361365e+00  1.707912e-04 
 2.361683e+00  1.709955e-04 
 2.362001e+00  1.712141e-04 
 2.362319e+00  1.714488e-04 
 2.362637e+00  1.716983e-04 
 2.362955e+00  1.719603e-04 
 2.363273e+00  1.722337e-04 
 2.363591e+00  1.725180e-04 
 2.363909e+00  1.728127e-04 
 2.364227e+00  1.731184e-04 
 2.364545e+00  1.734320e-04 
 2.364863e+00  1.737540e-04 
 2.365181e+00  1.740827e-04 
 2.365499e+00  1.744150e-04 
 2.365818e+00  1.747527e-04 
 2.366136e+00  1.750925e-04 
 2.366454e+00  1.754368e-04 
 2.366772e+00  1.757839e-04 
 2.367090e+00  1.761337e-04 
 2.367408e+00  1.764852e-04 
 2.367726e+00  1.768377e-04 
 2.368044e+00  1.771916e-04 
 2.368362e+00  1.775458e-04 
 2.368680e+00  1.778992e-04 
 2.368998e+00  1.782510e-04 
 2.369316e+00  1.785999e-04 
 2.369634e+00  1.789451e-04 
 2.369952e+00  1.792845e-04 
 2.370270e+00  1.796175e-04 
 2.370589e+00  1.799446e-04 
 2.370907e+00  1.802666e-04 
 2.371225e+00  1.805831e-04 
 2.371543e+00  1.808949e-04 
 2.371861e+00  1.812001e-04 
 2.372179e+00  1.814996e-04 
 2.372497e+00  1.817928e-04 
 2.372815e+00  1.820765e-04 
 2.373133e+00  1.823489e-04 
 2.373451e+00  1.826154e-04 
 2.373769e+00  1.828802e-04 
 2.374087e+00  1.831359e-04 
 2.374405e+00  1.833754e-04 
 2.374723e+00  1.836067e-04 
 2.375041e+00  1.838367e-04 
 2.375360e+00  1.840512e-04 
 2.375678e+00  1.842521e-04 
 2.375996e+00  1.844432e-04 
 2.376314e+00  1.846201e-04 
 2.376632e+00  1.847857e-04 
 2.376950e+00  1.849395e-04 
 2.377268e+00  1.850781e-04 
 2.377586e+00  1.852110e-04 
 2.377904e+00  1.853347e-04 
 2.378222e+00  1.854450e-04 
 2.378540e+00  1.855450e-04 
 2.378858e+00  1.856486e-04 
 2.379176e+00  1.857451e-04 
 2.379494e+00  1.858318e-04 
 2.379812e+00  1.859115e-04 
 2.380131e+00  1.859913e-04 
 2.380449e+00  1.860616e-04 
 2.380767e+00  1.861284e-04 
 2.381085e+00  1.861933e-04 
 2.381403e+00  1.862545e-04 
 2.381721e+00  1.863067e-04 
 2.382039e+00  1.863583e-04 
 2.382357e+00  1.864014e-04 
 2.382675e+00  1.864433e-04 
 2.382993e+00  1.864886e-04 
 2.383311e+00  1.865213e-04 
 2.383629e+00  1.865565e-04 
 2.383947e+00  1.865940e-04 
 2.384265e+00  1.866297e-04 
 2.384584e+00  1.866648e-04 
 2.384902e+00  1.867039e-04 
 2.385220e+00  1.867418e-04 
 2.385538e+00  1.867824e-04 
 2.385856e+00  1.868259e-04 
 2.386174e+00  1.868756e-04 
 2.386492e+00  1.869336e-04 
 2.386810e+00  1.869983e-04 
 2.387128e+00  1.870672e-04 
 2.387446e+00  1.871453e-04 
 2.387764e+00  1.872327e-04 
 2.388082e+00  1.873301e-04 
 2.388400e+00  1.874398e-04 
 2.388718e+00  1.875590e-04 
 2.389036e+00  1.876889e-04 
 2.389355e+00  1.878261e-04 
 2.389673e+00  1.879723e-04 
 2.389991e+00  1.881296e-04 
 2.390309e+00  1.882969e-04 
 2.390627e+00  1.884822e-04 
 2.390945e+00  1.886785e-04 
 2.391263e+00  1.888916e-04 
 2.391581e+00  1.891155e-04 
 2.391899e+00  1.893537e-04 
 2.392217e+00  1.896057e-04 
 2.392535e+00  1.898714e-04 
 2.392853e+00  1.901526e-04 
 2.393171e+00  1.904475e-04 
 2.393489e+00  1.907578e-04 
 2.393807e+00  1.910818e-04 
 2.394126e+00  1.914172e-04 
 2.394444e+00  1.917686e-04 
 2.394762e+00  1.921366e-04 
 2.395080e+00  1.925203e-04 
 2.395398e+00  1.929172e-04 
 2.395716e+00  1.933321e-04 
 2.396034e+00  1.937598e-04 
 2.396352e+00  1.942054e-04 
 2.396670e+00  1.946604e-04 
 2.396988e+00  1.951313e-04 
 2.397306e+00  1.956176e-04 
 2.397624e+00  1.961207e-04 
 2.397942e+00  1.966392e-04 
 2.398260e+00  1.971713e-04 
 2.398578e+00  1.977174e-04 
 2.398897e+00  1.982782e-04 
 2.399215e+00  1.988509e-04 
 2.399533e+00  1.994319e-04 
 2.399851e+00  2.000270e-04 
 2.400169e+00  2.006318e-04 
 2.400487e+00  2.012442e-04 
 2.400805e+00  2.018681e-04 
 2.401123e+00  2.024966e-04 
 2.401441e+00  2.031350e-04 
 2.401759e+00  2.037829e-04 
 2.402077e+00  2.044351e-04 
 2.402395e+00  2.050957e-04 
 2.402713e+00  2.057603e-04 
 2.403031e+00  2.064273e-04 
 2.403349e+00  2.071043e-04 
 2.403668e+00  2.077816e-04 
 2.403986e+00  2.084602e-04 
 2.404304e+00  2.091411e-04 
 2.404622e+00  2.098237e-04 
 2.404940e+00  2.105096e-04 
 2.405258e+00  2.111947e-04 
 2.405576e+00  2.118782e-04 
 2.405894e+00  2.125599e-04 
 2.406212e+00  2.132429e-04 
 2.406530e+00  2.139189e-04 
 2.406848e+00  2.145951e-04 
 2.407166e+00  2.152681e-04 
 2.407484e+00  2.159315e-04 
 2.407802e+00  2.165909e-04 
 2.408120e+00  2.172369e-04 
 2.408439e+00  2.178772e-04 
 2.408757e+00  2.185072e-04 
 2.409075e+00  2.191270e-04 
 2.409393e+00  2.197335e-04 
 2.409711e+00  2.203289e-04 
 2.410029e+00  2.209098e-04 
 2.410347e+00  2.214786e-04 
 2.410665e+00  2.220354e-04 
 2.410983e+00  2.225783e-04 
 2.411301e+00  2.231048e-04 
 2.411619e+00  2.236129e-04 
 2.411937e+00  2.241033e-04 
 2.412255e+00  2.245748e-04 
 2.412573e+00  2.250271e-04 
 2.412892e+00  2.254616e-04 
 2.413210e+00  2.258782e-04 
 2.413528e+00  2.262740e-04 
 2.413846e+00  2.266474e-04 
 2.414164e+00  2.269994e-04 
 2.414482e+00  2.273306e-04 
 2.414800e+00  2.276405e-04 
 2.415118e+00  2.279284e-04 
 2.415436e+00  2.281927e-04 
 2.415754e+00  2.284298e-04 
 2.416072e+00  2.286434e-04 
 2.416390e+00  2.288284e-04 
 2.416708e+00  2.289883e-04 
 2.417026e+00  2.291236e-04 
 2.417344e+00  2.292310e-04 
 2.417663e+00  2.293131e-04 
 2.417981e+00  2.293685e-04 
 2.418299e+00  2.293951e-04 
 2.418617e+00  2.293980e-04 
 2.418935e+00  2.293743e-04 
 2.419253e+00  2.293216e-04 
 2.419571e+00  2.292436e-04 
 2.419889e+00  2.291387e-04 
 2.420207e+00  2.290102e-04 
 2.420525e+00  2.288564e-04 
 2.420843e+00  2.286735e-04 
 2.421161e+00  2.284679e-04 
 2.421479e+00  2.282335e-04 
 2.421797e+00  2.279742e-04 
 2.422115e+00  2.276916e-04 
 2.422434e+00  2.273800e-04 
 2.422752e+00  2.270445e-04 
 2.423070e+00  2.266845e-04 
 2.423388e+00  2.262972e-04 
 2.423706e+00  2.258853e-04 
 2.424024e+00  2.254509e-04 
 2.424342e+00  2.249961e-04 
 2.424660e+00  2.245190e-04 
 2.424978e+00  2.240201e-04 
 2.425296e+00  2.235006e-04 
 2.425614e+00  2.229637e-04 
 2.425932e+00  2.224066e-04 
 2.426250e+00  2.218324e-04 
 2.426568e+00  2.212407e-04 
 2.426886e+00  2.206319e-04 
 2.427205e+00  2.200098e-04 
 2.427523e+00  2.193704e-04 
 2.427841e+00  2.187143e-04 
 2.428159e+00  2.180462e-04 
 2.428477e+00  2.173642e-04 
 2.428795e+00  2.166697e-04 
 2.429113e+00  2.159651e-04 
 2.429431e+00  2.152506e-04 
 2.429749e+00  2.145265e-04 
 2.430067e+00  2.137948e-04 
 2.430385e+00  2.130563e-04 
 2.430703e+00  2.123095e-04 
 2.431021e+00  2.115584e-04 
 2.431339e+00  2.108016e-04 
 2.431657e+00  2.100416e-04 
 2.431976e+00  2.092775e-04 
 2.432294e+00  2.085109e-04 
 2.432612e+00  2.077430e-04 
 2.432930e+00  2.069763e-04 
 2.433248e+00  2.062138e-04 
 2.433566e+00  2.054517e-04 
 2.433884e+00  2.046942e-04 
 2.434202e+00  2.039375e-04 
 2.434520e+00  2.031855e-04 
 2.434838e+00  2.024373e-04 
 2.435156e+00  2.016944e-04 
 2.435474e+00  2.009564e-04 
 2.435792e+00  2.002248e-04 
 2.436110e+00  1.995021e-04 
 2.436429e+00  1.987870e-04 
 2.436747e+00  1.980817e-04 
 2.437065e+00  1.973897e-04 
 2.437383e+00  1.967118e-04 
 2.437701e+00  1.960460e-04 
 2.438019e+00  1.953934e-04 
 2.438337e+00  1.947532e-04 
 2.438655e+00  1.941268e-04 
 2.438973e+00  1.935155e-04 
 2.439291e+00  1.929170e-04 
 2.439609e+00  1.923328e-04 
 2.439927e+00  1.917660e-04 
 2.440245e+00  1.912122e-04 
 2.440563e+00  1.906739e-04 
 2.440881e+00  1.901490e-04 
 2.441200e+00  1.896407e-04 
 2.441518e+00  1.891484e-04 
 2.441836e+00  1.886719e-04 
 2.442154e+00  1.882103e-04 
 2.442472e+00  1.877646e-04 
 2.442790e+00  1.873368e-04 
 2.443108e+00  1.869247e-04 
 2.443426e+00  1.865302e-04 
 2.443744e+00  1.861539e-04 
 2.444062e+00  1.857978e-04 
 2.444380e+00  1.854604e-04 
 2.444698e+00  1.851397e-04 
 2.445016e+00  1.848367e-04 
 2.445334e+00  1.845532e-04 
 2.445652e+00  1.842833e-04 
 2.445971e+00  1.840313e-04 
 2.446289e+00  1.837942e-04 
 2.446607e+00  1.835748e-04 
 2.446925e+00  1.833701e-04 
 2.447243e+00  1.831789e-04 
 2.447561e+00  1.830025e-04 
 2.447879e+00  1.828401e-04 
 2.448197e+00  1.826908e-04 
 2.448515e+00  1.825547e-04 
 2.448833e+00  1.824306e-04 
 2.449151e+00  1.823189e-04 
 2.449469e+00  1.822182e-04 
 2.449787e+00  1.821281e-04 
 2.450105e+00  1.820494e-04 
 2.450423e+00  1.819827e-04 
 2.450742e+00  1.819253e-04 
 2.451060e+00  1.818786e-04 
 2.451378e+00  1.818411e-04 
 2.451696e+00  1.818122e-04 
 2.452014e+00  1.817936e-04 
 2.452332e+00  1.817802e-04 
 2.452650e+00  1.817754e-04 
 2.452968e+00  1.817786e-04 
 2.453286e+00  1.817859e-04 
 2.453604e+00  1.817986e-04 
 2.453922e+00  1.818162e-04 
 2.454240e+00  1.818367e-04 
 2.454558e+00  1.818613e-04 
 2.454876e+00  1.818861e-04 
 2.455194e+00  1.819148e-04 
 2.455513e+00  1.819459e-04 
 2.455831e+00  1.819801e-04 
 2.456149e+00  1.820146e-04 
 2.456467e+00  1.820515e-04 
 2.456785e+00  1.820883e-04 
 2.457103e+00  1.821241e-04 
 2.457421e+00  1.821592e-04 
 2.457739e+00  1.821915e-04 
 2.458057e+00  1.822217e-04 
 2.458375e+00  1.822496e-04 
 2.458693e+00  1.822715e-04 
 2.459011e+00  1.822887e-04 
 2.459329e+00  1.823008e-04 
 2.459647e+00  1.823113e-04 
 2.459965e+00  1.823150e-04 
 2.460284e+00  1.823182e-04 
 2.460602e+00  1.823153e-04 
 2.460920e+00  1.823061e-04 
 2.461238e+00  1.822962e-04 
 2.461556e+00  1.822809e-04 
 2.461874e+00  1.822602e-04 
 2.462192e+00  1.822343e-04 
 2.462510e+00  1.822047e-04 
 2.462828e+00  1.821678e-04 
 2.463146e+00  1.821280e-04 
 2.463464e+00  1.820806e-04 
 2.463782e+00  1.820309e-04 
 2.464100e+00  1.819732e-04 
 2.464418e+00  1.819112e-04 
 2.464737e+00  1.818424e-04 
 2.465055e+00  1.817688e-04 
 2.465373e+00  1.816874e-04 
 2.465691e+00  1.816017e-04 
 2.466009e+00  1.815063e-04 
 2.466327e+00  1.814072e-04 
 2.466645e+00  1.813005e-04 
 2.466963e+00  1.811892e-04 
 2.467281e+00  1.810739e-04 
 2.467599e+00  1.809555e-04 
 2.467917e+00  1.808318e-04 
 2.468235e+00  1.807086e-04 
 2.468553e+00  1.805813e-04 
 2.468871e+00  1.804531e-04 
 2.469189e+00  1.803208e-04 
 2.469508e+00  1.801871e-04 
 2.469826e+00  1.800527e-04 
 2.470144e+00  1.799173e-04 
 2.470462e+00  1.797834e-04 
 2.470780e+00  1.796483e-04 
 2.471098e+00  1.795150e-04 
 2.471416e+00  1.793814e-04 
 2.471734e+00  1.792492e-04 
 2.472052e+00  1.791185e-04 
 2.472370e+00  1.789930e-04 
 2.472688e+00  1.788696e-04 
 2.473006e+00  1.787493e-04 
 2.473324e+00  1.786318e-04 
 2.473642e+00  1.785158e-04 
 2.473960e+00  1.784056e-04 
 2.474279e+00  1.783016e-04 
 2.474597e+00  1.782031e-04 
 2.474915e+00  1.781129e-04 
 2.475233e+00  1.780292e-04 
 2.475551e+00  1.779517e-04 
 2.475869e+00  1.778819e-04 
 2.476187e+00  1.778228e-04 
 2.476505e+00  1.777704e-04 
 2.476823e+00  1.777306e-04 
 2.477141e+00  1.776994e-04 
 2.477459e+00  1.776800e-04 
 2.477777e+00  1.776713e-04 
 2.478095e+00  1.776725e-04 
 2.478413e+00  1.776867e-04 
 2.478731e+00  1.777163e-04 
 2.479050e+00  1.777582e-04 
 2.479368e+00  1.778163e-04 
 2.479686e+00  1.778888e-04 
 2.480004e+00  1.779764e-04 
 2.480322e+00  1.780791e-04 
 2.480640e+00  1.781973e-04 
 2.480958e+00  1.783305e-04 
 2.481276e+00  1.784808e-04 
 2.481594e+00  1.786462e-04 
 2.481912e+00  1.788269e-04 
 2.482230e+00  1.790258e-04 
 2.482548e+00  1.792420e-04 
 2.482866e+00  1.794743e-04 
 2.483184e+00  1.797239e-04 
 2.483502e+00  1.799899e-04 
 2.483821e+00  1.802747e-04 
 2.484139e+00  1.805761e-04 
 2.484457e+00  1.808947e-04 
 2.484775e+00  1.812308e-04 
 2.485093e+00  1.815846e-04 
 2.485411e+00  1.819559e-04 
 2.485729e+00  1.823445e-04 
 2.486047e+00  1.827523e-04 
 2.486365e+00  1.831764e-04 
 2.486683e+00  1.836193e-04 
 2.487001e+00  1.840795e-04 
 2.487319e+00  1.845566e-04 
 2.487637e+00  1.850502e-04 
 2.487955e+00  1.855611e-04 
 2.488273e+00  1.860876e-04 
 2.488592e+00  1.866309e-04 
 2.488910e+00  1.871891e-04 
 2.489228e+00  1.877635e-04 
 2.489546e+00  1.883525e-04 
 2.489864e+00  1.889543e-04 
 2.490182e+00  1.895688e-04 
 2.490500e+00  1.901983e-04 
 2.490818e+00  1.908400e-04 
 2.491136e+00  1.914938e-04 
 2.491454e+00  1.921583e-04 
 2.491772e+00  1.928320e-04 
 2.492090e+00  1.935157e-04 
 2.492408e+00  1.942085e-04 
 2.492726e+00  1.949099e-04 
 2.493045e+00  1.956202e-04 
 2.493363e+00  1.963359e-04 
 2.493681e+00  1.970581e-04 
 2.493999e+00  1.977840e-04 
 2.494317e+00  1.985153e-04 
 2.494635e+00  1.992518e-04 
 2.494953e+00  1.999908e-04 
 2.495271e+00  2.007332e-04 
 2.495589e+00  2.014765e-04 
 2.495907e+00  2.022211e-04 
 2.496225e+00  2.029663e-04 
 2.496543e+00  2.037101e-04 
 2.496861e+00  2.044534e-04 
 2.497179e+00  2.051961e-04 
 2.497497e+00  2.059347e-04 
 2.497816e+00  2.066668e-04 
 2.498134e+00  2.073952e-04 
 2.498452e+00  2.081166e-04 
 2.498770e+00  2.088305e-04 
 2.499088e+00  2.095387e-04 
 2.499406e+00  2.102389e-04 
 2.499724e+00  2.109307e-04 
 2.500042e+00  2.116105e-04 
 2.500360e+00  2.122777e-04 
 2.500678e+00  2.129326e-04 
 2.500996e+00  2.135766e-04 
 2.501314e+00  2.142076e-04 
 2.501632e+00  2.148250e-04 
 2.501950e+00  2.154272e-04 
 2.502268e+00  2.160140e-04 
 2.502587e+00  2.165875e-04 
 2.502905e+00  2.171434e-04 
 2.503223e+00  2.176841e-04 
 2.503541e+00  2.182089e-04 
 2.503859e+00  2.187150e-04 
 2.504177e+00  2.192013e-04 
 2.504495e+00  2.196697e-04 
 2.504813e+00  2.201176e-04 
 2.505131e+00  2.205460e-04 
 2.505449e+00  2.209549e-04 
 2.505767e+00  2.213418e-04 
 2.506085e+00  2.217083e-04 
 2.506403e+00  2.220546e-04 
 2.506721e+00  2.223793e-04 
 2.507039e+00  2.226822e-04 
 2.507358e+00  2.229628e-04 
 2.507676e+00  2.232214e-04 
 2.507994e+00  2.234582e-04 
 2.508312e+00  2.236729e-04 
 2.508630e+00  2.238661e-04 
 2.508948e+00  2.240391e-04 
 2.509266e+00  2.241886e-04 
 2.509584e+00  2.243172e-04 
 2.509902e+00  2.244237e-04 
 2.510220e+00  2.245089e-04 
 2.510538e+00  2.245723e-04 
 2.510856e+00  2.246138e-04 
 2.511174e+00  2.246332e-04 
 2.511492e+00  2.246306e-04 
 2.511810e+00  2.246060e-04 
 2.512129e+00  2.245588e-04 
 2.512447e+00  2.244904e-04 
 2.512765e+00  2.244021e-04 
 2.513083e+00  2.242942e-04 
 2.513401e+00  2.241661e-04 
 2.513719e+00  2.240193e-04 
 2.514037e+00  2.238537e-04 
 2.514355e+00  2.236696e-04 
 2.514673e+00  2.234682e-04 
 2.514991e+00  2.232523e-04 
 2.515309e+00  2.230198e-04 
 2.515627e+00  2.227675e-04 
 2.515945e+00  2.224950e-04 
 2.516263e+00  2.222093e-04 
 2.516581e+00  2.219111e-04 
 2.516900e+00  2.215927e-04 
 2.517218e+00  2.212591e-04 
 2.517536e+00  2.209179e-04 
 2.517854e+00  2.205627e-04 
 2.518172e+00  2.201965e-04 
 2.518490e+00  2.198204e-04 
 2.518808e+00  2.194323e-04 
 2.519126e+00  2.190369e-04 
 2.519444e+00  2.186343e-04 
 2.519762e+00  2.182166e-04 
 2.520080e+00  2.177945e-04 
 2.520398e+00  2.173678e-04 
 2.520716e+00  2.169301e-04 
 2.521034e+00  2.164789e-04 
 2.521353e+00  2.160270e-04 
 2.521671e+00  2.155721e-04 
 2.521989e+00  2.151094e-04 
 2.522307e+00  2.146407e-04 
 2.522625e+00  2.141716e-04 
 2.522943e+00  2.136960e-04 
 2.523261e+00  2.132161e-04 
 2.523579e+00  2.127377e-04 
 2.523897e+00  2.122557e-04 
 2.524215e+00  2.117742e-04 
 2.524533e+00  2.112925e-04 
 2.524851e+00  2.108073e-04 
 2.525169e+00  2.103247e-04 
 2.525487e+00  2.098497e-04 
 2.525805e+00  2.093724e-04 
 2.526124e+00  2.088993e-04 
 2.526442e+00  2.084314e-04 
 2.526760e+00  2.079675e-04 
 2.527078e+00  2.075096e-04 
 2.527396e+00  2.070581e-04 
 2.527714e+00  2.066150e-04 
 2.528032e+00  2.061733e-04 
 2.528350e+00  2.057394e-04 
 2.528668e+00  2.053070e-04 
 2.528986e+00  2.048857e-04 
 2.529304e+00  2.044686e-04 
 2.529622e+00  2.040589e-04 
 2.529940e+00  2.036541e-04 
 2.530258e+00  2.032550e-04 
 2.530576e+00  2.028622e-04 
 2.530895e+00  2.024770e-04 
 2.531213e+00  2.021018e-04 
 2.531531e+00  2.017360e-04 
 2.531849e+00  2.013783e-04 
 2.532167e+00  2.010313e-04 
 2.532485e+00  2.006906e-04 
 2.532803e+00  2.003581e-04 
 2.533121e+00  2.000339e-04 
 2.533439e+00  1.997199e-04 
 2.533757e+00  1.994170e-04 
 2.534075e+00  1.991237e-04 
 2.534393e+00  1.988392e-04 
 2.534711e+00  1.985641e-04 
 2.535029e+00  1.982958e-04 
 2.535347e+00  1.980371e-04 
 2.535666e+00  1.977858e-04 
 2.535984e+00  1.975459e-04 
 2.536302e+00  1.973147e-04 
 2.536620e+00  1.970893e-04 
 2.536938e+00  1.968725e-04 
 2.537256e+00  1.966628e-04 
 2.537574e+00  1.964614e-04 
 2.537892e+00  1.962661e-04 
 2.538210e+00  1.960770e-04 
 2.538528e+00  1.958950e-04 
 2.538846e+00  1.957192e-04 
 2.539164e+00  1.955483e-04 
 2.539482e+00  1.953803e-04 
 2.539800e+00  1.952182e-04 
 2.540118e+00  1.950596e-04 
 2.540437e+00  1.949066e-04 
 2.540755e+00  1.947550e-04 
 2.541073e+00  1.946075e-04 
 2.541391e+00  1.944652e-04 
 2.541709e+00  1.943245e-04 
 2.542027e+00  1.941831e-04 
 2.542345e+00  1.940460e-04 
 2.542663e+00  1.939091e-04 
 2.542981e+00  1.937744e-04 
 2.543299e+00  1.936404e-04 
 2.543617e+00  1.935046e-04 
 2.543935e+00  1.933696e-04 
 2.544253e+00  1.932338e-04 
 2.544571e+00  1.930997e-04 
 2.544890e+00  1.929657e-04 
 2.545208e+00  1.928285e-04 
 2.545526e+00  1.926858e-04 
 2.545844e+00  1.925479e-04 
 2.546162e+00  1.924055e-04 
 2.546480e+00  1.922596e-04 
 2.546798e+00  1.921091e-04 
 2.547116e+00  1.919527e-04 
 2.547434e+00  1.917937e-04 
 2.547752e+00  1.916318e-04 
 2.548070e+00  1.914619e-04 
 2.548388e+00  1.912891e-04 
 2.548706e+00  1.911092e-04 
 2.549024e+00  1.909220e-04 
 2.549342e+00  1.907281e-04 
 2.549661e+00  1.905300e-04 
 2.549979e+00  1.903262e-04 
 2.550297e+00  1.901177e-04 
 2.550615e+00  1.899006e-04 
 2.550933e+00  1.896765e-04 
 2.551251e+00  1.894482e-04 
 2.551569e+00  1.892129e-04 
 2.551887e+00  1.889728e-04 
 2.552205e+00  1.887264e-04 
 2.552523e+00  1.884722e-04 
 2.552841e+00  1.882113e-04 
 2.553159e+00  1.879440e-04 
 2.553477e+00  1.876735e-04 
 2.553795e+00  1.873967e-04 
 2.554113e+00  1.871170e-04 
 2.554432e+00  1.868316e-04 
 2.554750e+00  1.865397e-04 
 2.555068e+00  1.862419e-04 
 2.555386e+00  1.859374e-04 
 2.555704e+00  1.856301e-04 
 2.556022e+00  1.853181e-04 
 2.556340e+00  1.850016e-04 
 2.556658e+00  1.846803e-04 
 2.556976e+00  1.843546e-04 
 2.557294e+00  1.840252e-04 
 2.557612e+00  1.836942e-04 
 2.557930e+00  1.833610e-04 
 2.558248e+00  1.830278e-04 
 2.558566e+00  1.826926e-04 
 2.558884e+00  1.823566e-04 
 2.559203e+00  1.820188e-04 
 2.559521e+00  1.816821e-04 
 2.559839e+00  1.813451e-04 
 2.560157e+00  1.810097e-04 
 2.560475e+00  1.806764e-04 
 2.560793e+00  1.803424e-04 
 2.561111e+00  1.800130e-04 
 2.561429e+00  1.796859e-04 
 2.561747e+00  1.793623e-04 
 2.562065e+00  1.790420e-04 
 2.562383e+00  1.787253e-04 
 2.562701e+00  1.784153e-04 
 2.563019e+00  1.781103e-04 
 2.563337e+00  1.778128e-04 
 2.563655e+00  1.775227e-04 
 2.563974e+00  1.772384e-04 
 2.564292e+00  1.769619e-04 
 2.564610e+00  1.766956e-04 
 2.564928e+00  1.764356e-04 
 2.565246e+00  1.761860e-04 
 2.565564e+00  1.759478e-04 
 2.565882e+00  1.757198e-04 
 2.566200e+00  1.755002e-04 
 2.566518e+00  1.752923e-04 
 2.566836e+00  1.750972e-04 
 2.567154e+00  1.749162e-04 
 2.567472e+00  1.747457e-04 
 2.567790e+00  1.745892e-04 
 2.568108e+00  1.744470e-04 
 2.568426e+00  1.743174e-04 
 2.568745e+00  1.742035e-04 
 2.569063e+00  1.741026e-04 
 2.569381e+00  1.740143e-04 
 2.569699e+00  1.739449e-04 
 2.570017e+00  1.738906e-04 
 2.570335e+00  1.738510e-04 
 2.570653e+00  1.738287e-04 
 2.570971e+00  1.738241e-04 
 2.571289e+00  1.738347e-04 
 2.571607e+00  1.738646e-04 
 2.571925e+00  1.739105e-04 
 2.572243e+00  1.739747e-04 
 2.572561e+00  1.740578e-04 
 2.572879e+00  1.741587e-04 
 2.573198e+00  1.742763e-04 
 2.573516e+00  1.744116e-04 
 2.573834e+00  1.745651e-04 
 2.574152e+00  1.747368e-04 
 2.574470e+00  1.749280e-04 
 2.574788e+00  1.751355e-04 
 2.575106e+00  1.753607e-04 
 2.575424e+00  1.756023e-04 
 2.575742e+00  1.758624e-04 
 2.576060e+00  1.761400e-04 
 2.576378e+00  1.764359e-04 
 2.576696e+00  1.767497e-04 
 2.577014e+00  1.770802e-04 
 2.577332e+00  1.774284e-04 
 2.577650e+00  1.777928e-04 
 2.577969e+00  1.781735e-04 
 2.578287e+00  1.785700e-04 
 2.578605e+00  1.789833e-04 
 2.578923e+00  1.794114e-04 
 2.579241e+00  1.798540e-04 
 2.579559e+00  1.803105e-04 
 2.579877e+00  1.807822e-04 
 2.580195e+00  1.812678e-04 
 2.580513e+00  1.817674e-04 
 2.580831e+00  1.822792e-04 
 2.581149e+00  1.828038e-04 
 2.581467e+00  1.833414e-04 
 2.581785e+00  1.838877e-04 
 2.582103e+00  1.844456e-04 
 2.582421e+00  1.850131e-04 
 2.582740e+00  1.855932e-04 
 2.583058e+00  1.861816e-04 
 2.583376e+00  1.867791e-04 
 2.583694e+00  1.873841e-04 
 2.584012e+00  1.879985e-04 
 2.584330e+00  1.886205e-04 
 2.584648e+00  1.892487e-04 
 2.584966e+00  1.898820e-04 
 2.585284e+00  1.905226e-04 
 2.585602e+00  1.911672e-04 
 2.585920e+00  1.918160e-04 
 2.586238e+00  1.924653e-04 
 2.586556e+00  1.931187e-04 
 2.586874e+00  1.937737e-04 
 2.587192e+00  1.944284e-04 
 2.587511e+00  1.950844e-04 
 2.587829e+00  1.957410e-04 
 2.588147e+00  1.963964e-04 
 2.588465e+00  1.970494e-04 
 2.588783e+00  1.976993e-04 
 2.589101e+00  1.983475e-04 
 2.589419e+00  1.989929e-04 
 2.589737e+00  1.996338e-04 
 2.590055e+00  2.002709e-04 
 2.590373e+00  2.009021e-04 
 2.590691e+00  2.015276e-04 
 2.591009e+00  2.021483e-04 
 2.591327e+00  2.027619e-04 
 2.591645e+00  2.033679e-04 
 2.591963e+00  2.039673e-04 
 2.592282e+00  2.045563e-04 
 2.592600e+00  2.051375e-04 
 2.592918e+00  2.057088e-04 
 2.593236e+00  2.062697e-04 
 2.593554e+00  2.068204e-04 
 2.593872e+00  2.073597e-04 
 2.594190e+00  2.078869e-04 
 2.594508e+00  2.084020e-04 
 2.594826e+00  2.089038e-04 
 2.595144e+00  2.093929e-04 
 2.595462e+00  2.098690e-04 
 2.595780e+00  2.103311e-04 
 2.596098e+00  2.107792e-04 
 2.596416e+00  2.112130e-04 
 2.596734e+00  2.116324e-04 
 2.597053e+00  2.120387e-04 
 2.597371e+00  2.124300e-04 
 2.597689e+00  2.128039e-04 
 2.598007e+00  2.131633e-04 
 2.598325e+00  2.135076e-04 
 2.598643e+00  2.138366e-04 
 2.598961e+00  2.141477e-04 
 2.599279e+00  2.144440e-04 
 2.599597e+00  2.147258e-04 
 2.599915e+00  2.149932e-04 
 2.600233e+00  2.152441e-04 
 2.600551e+00  2.154769e-04 
 2.600869e+00  2.156976e-04 
 2.601187e+00  2.159026e-04 
 2.601506e+00  2.160896e-04 
 2.601824e+00  2.162607e-04 
 2.602142e+00  2.164147e-04 
 2.602460e+00  2.165513e-04 
 2.602778e+00  2.166718e-04 
 2.603096e+00  2.167780e-04 
 2.603414e+00  2.168679e-04 
 2.603732e+00  2.169436e-04 
 2.604050e+00  2.170042e-04 
 2.604368e+00  2.170497e-04 
 2.604686e+00  2.170816e-04 
 2.605004e+00  2.171013e-04 
 2.605322e+00  2.171110e-04 
 2.605640e+00  2.171059e-04 
 2.605958e+00  2.170869e-04 
 2.606277e+00  2.170552e-04 
 2.606595e+00  2.170126e-04 
 2.606913e+00  2.169588e-04 
 2.607231e+00  2.168950e-04 
 2.607549e+00  2.168185e-04 
 2.607867e+00  2.167321e-04 
 2.608185e+00  2.166347e-04 
 2.608503e+00  2.165275e-04 
 2.608821e+00  2.164117e-04 
 2.609139e+00  2.162879e-04 
 2.609457e+00  2.161557e-04 
 2.609775e+00  2.160156e-04 
 2.610093e+00  2.158680e-04 
 2.610411e+00  2.157136e-04 
 2.610729e+00  2.155529e-04 
 2.611048e+00  2.153846e-04 
 2.611366e+00  2.152119e-04 
 2.611684e+00  2.150319e-04 
 2.612002e+00  2.148490e-04 
 2.612320e+00  2.146600e-04 
 2.612638e+00  2.144698e-04 
 2.612956e+00  2.142769e-04 
 2.613274e+00  2.140802e-04 
 2.613592e+00  2.138787e-04 
 2.613910e+00  2.136755e-04 
 2.614228e+00  2.134705e-04 
 2.614546e+00  2.132646e-04 
 2.614864e+00  2.130565e-04 
 2.615182e+00  2.128498e-04 
 2.615500e+00  2.126418e-04 
 2.615819e+00  2.124345e-04 
 2.616137e+00  2.122279e-04 
 2.616455e+00  2.120223e-04 
 2.616773e+00  2.118200e-04 
 2.617091e+00  2.116182e-04 
 2.617409e+00  2.114193e-04 
 2.617727e+00  2.112229e-04 
 2.618045e+00  2.110276e-04 
 2.618363e+00  2.108336e-04 
 2.618681e+00  2.106403e-04 
 2.618999e+00  2.104507e-04 
 2.619317e+00  2.102647e-04 
 2.619635e+00  2.100823e-04 
 2.619953e+00  2.099017e-04 
 2.620271e+00  2.097232e-04 
 2.620590e+00  2.095466e-04 
 2.620908e+00  2.093719e-04 
 2.621226e+00  2.092006e-04 
 2.621544e+00  2.090317e-04 
 2.621862e+00  2.088668e-04 
 2.622180e+00  2.087034e-04 
 2.622498e+00  2.085443e-04 
 2.622816e+00  2.083880e-04 
 2.623134e+00  2.082348e-04 
 2.623452e+00  2.080849e-04 
 2.623770e+00  2.079411e-04 
 2.624088e+00  2.077996e-04 
 2.624406e+00  2.076627e-04 
 2.624724e+00  2.075266e-04 
 2.625043e+00  2.073949e-04 
 2.625361e+00  2.072633e-04 
 2.625679e+00  2.071359e-04 
 2.625997e+00  2.070087e-04 
 2.626315e+00  2.068848e-04 
 2.626633e+00  2.067618e-04 
 2.626951e+00  2.066391e-04 
 2.627269e+00  2.065152e-04 
 2.627587e+00  2.063926e-04 
 2.627905e+00  2.062708e-04 
 2.628223e+00  2.061493e-04 
 2.628541e+00  2.060262e-04 
 2.628859e+00  2.059046e-04 
 2.629177e+00  2.057818e-04 
 2.629495e+00  2.056607e-04 
 2.629814e+00  2.055361e-04 
 2.630132e+00  2.054115e-04 
 2.630450e+00  2.052837e-04 
 2.630768e+00  2.051545e-04 
 2.631086e+00  2.050233e-04 
 2.631404e+00  2.048887e-04 
 2.631722e+00  2.047515e-04 
 2.632040e+00  2.046117e-04 
 2.632358e+00  2.044687e-04 
 2.632676e+00  2.043220e-04 
 2.632994e+00  2.041726e-04 
 2.633312e+00  2.040181e-04 
 2.633630e+00  2.038599e-04 
 2.633948e+00  2.036974e-04 
 2.634266e+00  2.035300e-04 
 2.634585e+00  2.033580e-04 
 2.634903e+00  2.031808e-04 
 2.635221e+00  2.029985e-04 
 2.635539e+00  2.028106e-04 
 2.635857e+00  2.026161e-04 
 2.636175e+00  2.024178e-04 
 2.636493e+00  2.022144e-04 
 2.636811e+00  2.020045e-04 
 2.637129e+00  2.017882e-04 
 2.637447e+00  2.015641e-04 
 2.637765e+00  2.013325e-04 
 2.638083e+00  2.010930e-04 
 2.638401e+00  2.008457e-04 
 2.638719e+00  2.005909e-04 
 2.639037e+00  2.003288e-04 
 2.639356e+00  2.000589e-04 
 2.639674e+00  1.997809e-04 
 2.639992e+00  1.994968e-04 
 2.640310e+00  1.992031e-04 
 2.640628e+00  1.989025e-04 
 2.640946e+00  1.985954e-04 
 2.641264e+00  1.982799e-04 
 2.641582e+00  1.979590e-04 
 2.641900e+00  1.976290e-04 
 2.642218e+00  1.972938e-04 
 2.642536e+00  1.969519e-04 
 2.642854e+00  1.966028e-04 
 2.643172e+00  1.962474e-04 
 2.643490e+00  1.958848e-04 
 2.643808e+00  1.955170e-04 
 2.644127e+00  1.951420e-04 
 2.644445e+00  1.947594e-04 
 2.644763e+00  1.943714e-04 
 2.645081e+00  1.939771e-04 
 2.645399e+00  1.935757e-04 
 2.645717e+00  1.931678e-04 
 2.646035e+00  1.927560e-04 
 2.646353e+00  1.923395e-04 
 2.646671e+00  1.919192e-04 
 2.646989e+00  1.914936e-04 
 2.647307e+00  1.910636e-04 
 2.647625e+00  1.906304e-04 
 2.647943e+00  1.901941e-04 
 2.648261e+00  1.897554e-04 
 2.648579e+00  1.893133e-04 
 2.648898e+00  1.888703e-04 
 2.649216e+00  1.884262e-04 
 2.649534e+00  1.879794e-04 
 2.649852e+00  1.875311e-04 
 2.650170e+00  1.870831e-04 
 2.650488e+00  1.866347e-04 
 2.650806e+00  1.861864e-04 
 2.651124e+00  1.857381e-04 
 2.651442e+00  1.852915e-04 
 2.651760e+00  1.848467e-04 
 2.652078e+00  1.844045e-04 
 2.652396e+00  1.839648e-04 
 2.652714e+00  1.835292e-04 
 2.653032e+00  1.830975e-04 
 2.653351e+00  1.826717e-04 
 2.653669e+00  1.822506e-04 
 2.653987e+00  1.818354e-04 
 2.654305e+00  1.814263e-04 
 2.654623e+00  1.810229e-04 
 2.654941e+00  1.806255e-04 
 2.655259e+00  1.802353e-04 
 2.655577e+00  1.798506e-04 
 2.655895e+00  1.794758e-04 
 2.656213e+00  1.791126e-04 
 2.656531e+00  1.787609e-04 
 2.656849e+00  1.784156e-04 
 2.657167e+00  1.780789e-04 
 2.657485e+00  1.777587e-04 
 2.657803e+00  1.774482e-04 
 2.658122e+00  1.771458e-04 
 2.658440e+00  1.768564e-04 
 2.658758e+00  1.765771e-04 
 2.659076e+00  1.763091e-04 
 2.659394e+00  1.760551e-04 
 2.659712e+00  1.758110e-04 
 2.660030e+00  1.755811e-04 
 2.660348e+00  1.753681e-04 
 2.660666e+00  1.751667e-04 
 2.660984e+00  1.749785e-04 
 2.661302e+00  1.748097e-04 
 2.661620e+00  1.746586e-04 
 2.661938e+00  1.745207e-04 
 2.662256e+00  1.743968e-04 
 2.662574e+00  1.742934e-04 
 2.662893e+00  1.742059e-04 
 2.663211e+00  1.741339e-04 
 2.663529e+00  1.740801e-04 
 2.663847e+00  1.740434e-04 
 2.664165e+00  1.740200e-04 
 2.664483e+00  1.740159e-04 
 2.664801e+00  1.740255e-04 
 2.665119e+00  1.740528e-04 
 2.665437e+00  1.740997e-04 
 2.665755e+00  1.741596e-04 
 2.666073e+00  1.742345e-04 
 2.666391e+00  1.743318e-04 
 2.666709e+00  1.744424e-04 
 2.667027e+00  1.745697e-04 
 2.667345e+00  1.747137e-04 
 2.667664e+00  1.748712e-04 
 2.667982e+00  1.750438e-04 
 2.668300e+00  1.752305e-04 
 2.668618e+00  1.754344e-04 
 2.668936e+00  1.756540e-04 
 2.669254e+00  1.758916e-04 
 2.669572e+00  1.761401e-04 
 2.669890e+00  1.764047e-04 
 2.670208e+00  1.766842e-04 
 2.670526e+00  1.769791e-04 
 2.670844e+00  1.772891e-04 
 2.671162e+00  1.776135e-04 
 2.671480e+00  1.779514e-04 
 2.671798e+00  1.782994e-04 
 2.672116e+00  1.786584e-04 
 2.672435e+00  1.790295e-04 
 2.672753e+00  1.794104e-04 
 2.673071e+00  1.798054e-04 
 2.673389e+00  1.802102e-04 
 2.673707e+00  1.806260e-04 
 2.674025e+00  1.810504e-04 
 2.674343e+00  1.814836e-04 
 2.674661e+00  1.819252e-04 
 2.674979e+00  1.823751e-04 
 2.675297e+00  1.828329e-04 
 2.675615e+00  1.832993e-04 
 2.675933e+00  1.837714e-04 
 2.676251e+00  1.842491e-04 
 2.676569e+00  1.847304e-04 
 2.676887e+00  1.852158e-04 
 2.677206e+00  1.857071e-04 
 2.677524e+00  1.862023e-04 
 2.677842e+00  1.867007e-04 
 2.678160e+00  1.872028e-04 
 2.678478e+00  1.877061e-04 
 2.678796e+00  1.882131e-04 
 2.679114e+00  1.887196e-04 
 2.679432e+00  1.892278e-04 
 2.679750e+00  1.897365e-04 
 2.680068e+00  1.902466e-04 
 2.680386e+00  1.907558e-04 
 2.680704e+00  1.912647e-04 
 2.681022e+00  1.917714e-04 
 2.681340e+00  1.922782e-04 
 2.681659e+00  1.927833e-04 
 2.681977e+00  1.932831e-04 
 2.682295e+00  1.937820e-04 
 2.682613e+00  1.942786e-04 
 2.682931e+00  1.947701e-04 
 2.683249e+00  1.952589e-04 
 2.683567e+00  1.957396e-04 
 2.683885e+00  1.962158e-04 
 2.684203e+00  1.966872e-04 
 2.684521e+00  1.971503e-04 
 2.684839e+00  1.976081e-04 
 2.685157e+00  1.980589e-04 
 2.685475e+00  1.985010e-04 
 2.685793e+00  1.989385e-04 
 2.686111e+00  1.993689e-04 
 2.686430e+00  1.997880e-04 
 2.686748e+00  2.001997e-04 
 2.687066e+00  2.006028e-04 
 2.687384e+00  2.009997e-04 
 2.687702e+00  2.013886e-04 
 2.688020e+00  2.017667e-04 
 2.688338e+00  2.021358e-04 
 2.688656e+00  2.024983e-04 
 2.688974e+00  2.028500e-04 
 2.689292e+00  2.031959e-04 
 2.689610e+00  2.035331e-04 
 2.689928e+00  2.038604e-04 
 2.690246e+00  2.041798e-04 
 2.690564e+00  2.044863e-04 
 2.690882e+00  2.047839e-04 
 2.691201e+00  2.050727e-04 
 2.691519e+00  2.053520e-04 
 2.691837e+00  2.056206e-04 
 2.692155e+00  2.058804e-04 
 2.692473e+00  2.061302e-04 
 2.692791e+00  2.063706e-04 
 2.693109e+00  2.066034e-04 
 2.693427e+00  2.068269e-04 
 2.693745e+00  2.070410e-04 
 2.694063e+00  2.072444e-04 
 2.694381e+00  2.074400e-04 
 2.694699e+00  2.076259e-04 
 2.695017e+00  2.078033e-04 
 2.695335e+00  2.079731e-04 
 2.695653e+00  2.081352e-04 
 2.695972e+00  2.082892e-04 
 2.696290e+00  2.084347e-04 
 2.696608e+00  2.085719e-04 
 2.696926e+00  2.087023e-04 
 2.697244e+00  2.088257e-04 
 2.697562e+00  2.089430e-04 
 2.697880e+00  2.090537e-04 
 2.698198e+00  2.091563e-04 
 2.698516e+00  2.092538e-04 
 2.698834e+00  2.093438e-04 
 2.699152e+00  2.094281e-04 
 2.699470e+00  2.095077e-04 
 2.699788e+00  2.095820e-04 
 2.700106e+00  2.096511e-04 
 2.700424e+00  2.097152e-04 
 2.700743e+00  2.097741e-04 
 2.701061e+00  2.098297e-04 
 2.701379e+00  2.098823e-04 
 2.701697e+00  2.099300e-04 
 2.702015e+00  2.099752e-04 
 2.702333e+00  2.100173e-04 
 2.702651e+00  2.100569e-04 
 2.702969e+00  2.100938e-04 
 2.703287e+00  2.101256e-04 
 2.703605e+00  2.101562e-04 
 2.703923e+00  2.101825e-04 
 2.704241e+00  2.102067e-04 
 2.704559e+00  2.102304e-04 
 2.704877e+00  2.102521e-04 
 2.705195e+00  2.102722e-04 
 2.705514e+00  2.102924e-04 
 2.705832e+00  2.103115e-04 
 2.706150e+00  2.103295e-04 
 2.706468e+00  2.103471e-04 
 2.706786e+00  2.103657e-04 
 2.707104e+00  2.103841e-04 
 2.707422e+00  2.104019e-04 
 2.707740e+00  2.104186e-04 
 2.708058e+00  2.104372e-04 
 2.708376e+00  2.104557e-04 
 2.708694e+00  2.104750e-04 
 2.709012e+00  2.104956e-04 
 2.709330e+00  2.105162e-04 
 2.709648e+00  2.105399e-04 
 2.709967e+00  2.105634e-04 
 2.710285e+00  2.105853e-04 
 2.710603e+00  2.106083e-04 
 2.710921e+00  2.106311e-04 
 2.711239e+00  2.106544e-04 
 2.711557e+00  2.106793e-04 
 2.711875e+00  2.107049e-04 
 2.712193e+00  2.107310e-04 
 2.712511e+00  2.107593e-04 
 2.712829e+00  2.107874e-04 
 2.713147e+00  2.108153e-04 
 2.713465e+00  2.108440e-04 
 2.713783e+00  2.108731e-04 
 2.714101e+00  2.109027e-04 
 2.714419e+00  2.109318e-04 
 2.714738e+00  2.109604e-04 
 2.715056e+00  2.109881e-04 
 2.715374e+00  2.110166e-04 
 2.715692e+00  2.110460e-04 
 2.716010e+00  2.110743e-04 
 2.716328e+00  2.111019e-04 
 2.716646e+00  2.111277e-04 
 2.716964e+00  2.111517e-04 
 2.717282e+00  2.111736e-04 
 2.717600e+00  2.111945e-04 
 2.717918e+00  2.112120e-04 
 2.718236e+00  2.112267e-04 
 2.718554e+00  2.112403e-04 
 2.718872e+00  2.112508e-04 
 2.719190e+00  2.112582e-04 
 2.719509e+00  2.112630e-04 
 2.719827e+00  2.112658e-04 
 2.720145e+00  2.112647e-04 
 2.720463e+00  2.112596e-04 
 2.720781e+00  2.112500e-04 
 2.721099e+00  2.112352e-04 
 2.721417e+00  2.112156e-04 
 2.721735e+00  2.111905e-04 
 2.722053e+00  2.111594e-04 
 2.722371e+00  2.111247e-04 
 2.722689e+00  2.110827e-04 
 2.723007e+00  2.110354e-04 
 2.723325e+00  2.109791e-04 
 2.723643e+00  2.109170e-04 
 2.723961e+00  2.108482e-04 
 2.724280e+00  2.107731e-04 
 2.724598e+00  2.106897e-04 
 2.724916e+00  2.105977e-04 
 2.725234e+00  2.104980e-04 
 2.725552e+00  2.103896e-04 
 2.725870e+00  2.102726e-04 
 2.726188e+00  2.101474e-04 
 2.726506e+00  2.100145e-04 
 2.726824e+00  2.098739e-04 
 2.727142e+00  2.097238e-04 
 2.727460e+00  2.095640e-04 
 2.727778e+00  2.093963e-04 
 2.728096e+00  2.092182e-04 
 2.728414e+00  2.090314e-04 
 2.728732e+00  2.088341e-04 
 2.729051e+00  2.086284e-04 
 2.729369e+00  2.084123e-04 
 2.729687e+00  2.081849e-04 
 2.730005e+00  2.079467e-04 
 2.730323e+00  2.076987e-04 
 2.730641e+00  2.074404e-04 
 2.730959e+00  2.071727e-04 
 2.731277e+00  2.068952e-04 
 2.731595e+00  2.066080e-04 
 2.731913e+00  2.063110e-04 
 2.732231e+00  2.060043e-04 
 2.732549e+00  2.056881e-04 
 2.732867e+00  2.053636e-04 
 2.733185e+00  2.050279e-04 
 2.733504e+00  2.046835e-04 
 2.733822e+00  2.043299e-04 
 2.734140e+00  2.039659e-04 
 2.734458e+00  2.035947e-04 
 2.734776e+00  2.032144e-04 
 2.735094e+00  2.028259e-04 
 2.735412e+00  2.024307e-04 
 2.735730e+00  2.020277e-04 
 2.736048e+00  2.016168e-04 
 2.736366e+00  2.011996e-04 
 2.736684e+00  2.007752e-04 
 2.737002e+00  2.003438e-04 
 2.737320e+00  1.999053e-04 
 2.737638e+00  1.994599e-04 
 2.737956e+00  1.990099e-04 
 2.738275e+00  1.985552e-04 
 2.738593e+00  1.980950e-04 
 2.738911e+00  1.976311e-04 
 2.739229e+00  1.971618e-04 
 2.739547e+00  1.966900e-04 
 2.739865e+00  1.962153e-04 
 2.740183e+00  1.957359e-04 
 2.740501e+00  1.952536e-04 
 2.740819e+00  1.947707e-04 
 2.741137e+00  1.942848e-04 
 2.741455e+00  1.937967e-04 
 2.741773e+00  1.933077e-04 
 2.742091e+00  1.928188e-04 
 2.742409e+00  1.923293e-04 
 2.742727e+00  1.918409e-04 
 2.743046e+00  1.913542e-04 
 2.743364e+00  1.908689e-04 
 2.743682e+00  1.903857e-04 
 2.744000e+00  1.899052e-04 
 2.744318e+00  1.894274e-04 
 2.744636e+00  1.889553e-04 
 2.744954e+00  1.884845e-04 
 2.745272e+00  1.880184e-04 
 2.745590e+00  1.875575e-04 
 2.745908e+00  1.871014e-04 
 2.746226e+00  1.866508e-04 
 2.746544e+00  1.862067e-04 
 2.746862e+00  1.857690e-04 
 2.747180e+00  1.853362e-04 
 2.747498e+00  1.849104e-04 
 2.747817e+00  1.844926e-04 
 2.748135e+00  1.840833e-04 
 2.748453e+00  1.836826e-04 
 2.748771e+00  1.832885e-04 
 2.749089e+00  1.829038e-04 
 2.749407e+00  1.825279e-04 
 2.749725e+00  1.821626e-04 
 2.750043e+00  1.818058e-04 
 2.750361e+00  1.814594e-04 
 2.750679e+00  1.811219e-04 
 2.750997e+00  1.807969e-04 
 2.751315e+00  1.804819e-04 
 2.751633e+00  1.801802e-04 
 2.751951e+00  1.798908e-04 
 2.752269e+00  1.796153e-04 
 2.752588e+00  1.793520e-04 
 2.752906e+00  1.791028e-04 
 2.753224e+00  1.788666e-04 
 2.753542e+00  1.786449e-04 
 2.753860e+00  1.784371e-04 
 2.754178e+00  1.782435e-04 
 2.754496e+00  1.780606e-04 
 2.754814e+00  1.778910e-04 
 2.755132e+00  1.777337e-04 
 2.755450e+00  1.775907e-04 
 2.755768e+00  1.774607e-04 
 2.756086e+00  1.773448e-04 
 2.756404e+00  1.772415e-04 
 2.756722e+00  1.771513e-04 
 2.757040e+00  1.770748e-04 
 2.757359e+00  1.770119e-04 
 2.757677e+00  1.769632e-04 
 2.757995e+00  1.769295e-04 
 2.758313e+00  1.769103e-04 
 2.758631e+00  1.769034e-04 
 2.758949e+00  1.769121e-04 
 2.759267e+00  1.769324e-04 
 2.759585e+00  1.769670e-04 
 2.759903e+00  1.770124e-04 
 2.760221e+00  1.770738e-04 
 2.760539e+00  1.771473e-04 
 2.760857e+00  1.772349e-04 
 2.761175e+00  1.773352e-04 
 2.761493e+00  1.774465e-04 
 2.761812e+00  1.775730e-04 
 2.762130e+00  1.777109e-04 
 2.762448e+00  1.778606e-04 
 2.762766e+00  1.780222e-04 
 2.763084e+00  1.781958e-04 
 2.763402e+00  1.783795e-04 
 2.763720e+00  1.785729e-04 
 2.764038e+00  1.787782e-04 
 2.764356e+00  1.789907e-04 
 2.764674e+00  1.792130e-04 
 2.764992e+00  1.794441e-04 
 2.765310e+00  1.796860e-04 
 2.765628e+00  1.799370e-04 
 2.765946e+00  1.801953e-04 
 2.766264e+00  1.804600e-04 
 2.766583e+00  1.807329e-04 
 2.766901e+00  1.810121e-04 
 2.767219e+00  1.812978e-04 
 2.767537e+00  1.815903e-04 
 2.767855e+00  1.818891e-04 
 2.768173e+00  1.821932e-04 
 2.768491e+00  1.825028e-04 
 2.768809e+00  1.828166e-04 
 2.769127e+00  1.831355e-04 
 2.769445e+00  1.834593e-04 
 2.769763e+00  1.837858e-04 
 2.770081e+00  1.841168e-04 
 2.770399e+00  1.844521e-04 
 2.770717e+00  1.847899e-04 
 2.771035e+00  1.851313e-04 
 2.771354e+00  1.854729e-04 
 2.771672e+00  1.858182e-04 
 2.771990e+00  1.861644e-04 
 2.772308e+00  1.865123e-04 
 2.772626e+00  1.868595e-04 
 2.772944e+00  1.872080e-04 
 2.773262e+00  1.875545e-04 
 2.773580e+00  1.879006e-04 
 2.773898e+00  1.882449e-04 
 2.774216e+00  1.885859e-04 
 2.774534e+00  1.889255e-04 
 2.774852e+00  1.892637e-04 
 2.775170e+00  1.895989e-04 
 2.775488e+00  1.899330e-04 
 2.775806e+00  1.902640e-04 
 2.776125e+00  1.905932e-04 
 2.776443e+00  1.909195e-04 
 2.776761e+00  1.912432e-04 
 2.777079e+00  1.915634e-04 
 2.777397e+00  1.918805e-04 
 2.777715e+00  1.921943e-04 
 2.778033e+00  1.925043e-04 
 2.778351e+00  1.928085e-04 
 2.778669e+00  1.931090e-04 
 2.778987e+00  1.934043e-04 
 2.779305e+00  1.936950e-04 
 2.779623e+00  1.939829e-04 
 2.779941e+00  1.942669e-04 
 2.780259e+00  1.945473e-04 
 2.780577e+00  1.948231e-04 
 2.780896e+00  1.950954e-04 
 2.781214e+00  1.953633e-04 
 2.781532e+00  1.956263e-04 
 2.781850e+00  1.958845e-04 
 2.782168e+00  1.961374e-04 
 2.782486e+00  1.963854e-04 
 2.782804e+00  1.966265e-04 
 2.783122e+00  1.968627e-04 
 2.783440e+00  1.970934e-04 
 2.783758e+00  1.973201e-04 
 2.784076e+00  1.975432e-04 
 2.784394e+00  1.977613e-04 
 2.784712e+00  1.979755e-04 
 2.785030e+00  1.981868e-04 
 2.785348e+00  1.983938e-04 
 2.785667e+00  1.985959e-04 
 2.785985e+00  1.987954e-04 
 2.786303e+00  1.989912e-04 
 2.786621e+00  1.991815e-04 
 2.786939e+00  1.993682e-04 
 2.787257e+00  1.995525e-04 
 2.787575e+00  1.997347e-04 
 2.787893e+00  1.999144e-04 
 2.788211e+00  2.000920e-04 
 2.788529e+00  2.002664e-04 
 2.788847e+00  2.004400e-04 
 2.789165e+00  2.006122e-04 
 2.789483e+00  2.007815e-04 
 2.789801e+00  2.009476e-04 
 2.790120e+00  2.011120e-04 
 2.790438e+00  2.012763e-04 
 2.790756e+00  2.014381e-04 
 2.791074e+00  2.015966e-04 
 2.791392e+00  2.017562e-04 
 2.791710e+00  2.019148e-04 
 2.792028e+00  2.020719e-04 
 2.792346e+00  2.022309e-04 
 2.792664e+00  2.023891e-04 
 2.792982e+00  2.025479e-04 
 2.793300e+00  2.027075e-04 
 2.793618e+00  2.028652e-04 
 2.793936e+00  2.030235e-04 
 2.794254e+00  2.031838e-04 
 2.794572e+00  2.033445e-04 
 2.794891e+00  2.035041e-04 
 2.795209e+00  2.036656e-04 
 2.795527e+00  2.038280e-04 
 2.795845e+00  2.039911e-04 
 2.796163e+00  2.041536e-04 
 2.796481e+00  2.043173e-04 
 2.796799e+00  2.044832e-04 
 2.797117e+00  2.046493e-04 
 2.797435e+00  2.048178e-04 
 2.797753e+00  2.049877e-04 
 2.798071e+00  2.051590e-04 
 2.798389e+00  2.053325e-04 
 2.798707e+00  2.055076e-04 
 2.799025e+00  2.056843e-04 
 2.799343e+00  2.058657e-04 
 2.799662e+00  2.060466e-04 
 2.799980e+00  2.062292e-04 
 2.800298e+00  2.064133e-04 
 2.800616e+00  2.065981e-04 
 2.800934e+00  2.067849e-04 
 2.801252e+00  2.069725e-04 
 2.801570e+00  2.071617e-04 
 2.801888e+00  2.073522e-04 
 2.802206e+00  2.075429e-04 
 2.802524e+00  2.077319e-04 
 2.802842e+00  2.079222e-04 
 2.803160e+00  2.081135e-04 
 2.803478e+00  2.083056e-04 
 2.803796e+00  2.084974e-04 
 2.804114e+00  2.086890e-04 
 2.804433e+00  2.088798e-04 
 2.804751e+00  2.090707e-04 
 2.805069e+00  2.092610e-04 
 2.805387e+00  2.094512e-04 
 2.805705e+00  2.096406e-04 
 2.806023e+00  2.098285e-04 
 2.806341e+00  2.100156e-04 
 2.806659e+00  2.102000e-04 
 2.806977e+00  2.103832e-04 
 2.807295e+00  2.105651e-04 
 2.807613e+00  2.107449e-04 
 2.807931e+00  2.109220e-04 
 2.808249e+00  2.110976e-04 
 2.808567e+00  2.112701e-04 
 2.808885e+00  2.114380e-04 
 2.809204e+00  2.116024e-04 
 2.809522e+00  2.117620e-04 
 2.809840e+00  2.119179e-04 
 2.810158e+00  2.120705e-04 
 2.810476e+00  2.122183e-04 
 2.810794e+00  2.123612e-04 
 2.811112e+00  2.124981e-04 
 2.811430e+00  2.126307e-04 
 2.811748e+00  2.127567e-04 
 2.812066e+00  2.128772e-04 
 2.812384e+00  2.129905e-04 
 2.812702e+00  2.130975e-04 
 2.813020e+00  2.131970e-04 
 2.813338e+00  2.132882e-04 
 2.813657e+00  2.133723e-04 
 2.813975e+00  2.134476e-04 
 2.814293e+00  2.135156e-04 
 2.814611e+00  2.135755e-04 
 2.814929e+00  2.136259e-04 
 2.815247e+00  2.136688e-04 
 2.815565e+00  2.137027e-04 
 2.815883e+00  2.137262e-04 
 2.816201e+00  2.137411e-04 
 2.816519e+00  2.137466e-04 
 2.816837e+00  2.137426e-04 
 2.817155e+00  2.137299e-04 
 2.817473e+00  2.137066e-04 
 2.817791e+00  2.136738e-04 
 2.818109e+00  2.136317e-04 
 2.818428e+00  2.135792e-04 
 2.818746e+00  2.135163e-04 
 2.819064e+00  2.134437e-04 
 2.819382e+00  2.133587e-04 
 2.819700e+00  2.132628e-04 
 2.820018e+00  2.131552e-04 
 2.820336e+00  2.130360e-04 
 2.820654e+00  2.129051e-04 
 2.820972e+00  2.127617e-04 
 2.821290e+00  2.126079e-04 
 2.821608e+00  2.124428e-04 
 2.821926e+00  2.122665e-04 
 2.822244e+00  2.120788e-04 
 2.822562e+00  2.118805e-04 
 2.822880e+00  2.116708e-04 
 2.823199e+00  2.114500e-04 
 2.823517e+00  2.112182e-04 
 2.823835e+00  2.109751e-04 
 2.824153e+00  2.107231e-04 
 2.824471e+00  2.104595e-04 
 2.824789e+00  2.101851e-04 
 2.825107e+00  2.099011e-04 
 2.825425e+00  2.096073e-04 
 2.825743e+00  2.093038e-04 
 2.826061e+00  2.089905e-04 
 2.826379e+00  2.086678e-04 
 2.826697e+00  2.083355e-04 
 2.827015e+00  2.079939e-04 
 2.827333e+00  2.076443e-04 
 2.827651e+00  2.072858e-04 
 2.827970e+00  2.069189e-04 
 2.828288e+00  2.065440e-04 
 2.828606e+00  2.061609e-04 
 2.828924e+00  2.057705e-04 
 2.829242e+00  2.053726e-04 
 2.829560e+00  2.049678e-04 
 2.829878e+00  2.045561e-04 
 2.830196e+00  2.041390e-04 
 2.830514e+00  2.037161e-04 
 2.830832e+00  2.032875e-04 
 2.831150e+00  2.028536e-04 
 2.831468e+00  2.024145e-04 
 2.831786e+00  2.019710e-04 
 2.832104e+00  2.015227e-04 
 2.832422e+00  2.010717e-04 
 2.832741e+00  2.006176e-04 
 2.833059e+00  2.001604e-04 
 2.833377e+00  1.997015e-04 
 2.833695e+00  1.992414e-04 
 2.834013e+00  1.987804e-04 
 2.834331e+00  1.983191e-04 
 2.834649e+00  1.978569e-04 
 2.834967e+00  1.973946e-04 
 2.835285e+00  1.969325e-04 
 2.835603e+00  1.964719e-04 
 2.835921e+00  1.960123e-04 
 2.836239e+00  1.955537e-04 
 2.836557e+00  1.950971e-04 
 2.836875e+00  1.946436e-04 
 2.837193e+00  1.941919e-04 
 2.837512e+00  1.937446e-04 
 2.837830e+00  1.933008e-04 
 2.838148e+00  1.928598e-04 
 2.838466e+00  1.924246e-04 
 2.838784e+00  1.919924e-04 
 2.839102e+00  1.915650e-04 
 2.839420e+00  1.911430e-04 
 2.839738e+00  1.907264e-04 
 2.840056e+00  1.903163e-04 
 2.840374e+00  1.899123e-04 
 2.840692e+00  1.895153e-04 
 2.841010e+00  1.891266e-04 
 2.841328e+00  1.887455e-04 
 2.841646e+00  1.883725e-04 
 2.841965e+00  1.880082e-04 
 2.842283e+00  1.876533e-04 
 2.842601e+00  1.873075e-04 
 2.842919e+00  1.869696e-04 
 2.843237e+00  1.866390e-04 
 2.843555e+00  1.863176e-04 
 2.843873e+00  1.860064e-04 
 2.844191e+00  1.857044e-04 
 2.844509e+00  1.854109e-04 
 2.844827e+00  1.851280e-04 
 2.845145e+00  1.848556e-04 
 2.845463e+00  1.845937e-04 
 2.845781e+00  1.843428e-04 
 2.846099e+00  1.841033e-04 
 2.846417e+00  1.838749e-04 
 2.846736e+00  1.836577e-04 
 2.847054e+00  1.834511e-04 
 2.847372e+00  1.832551e-04 
 2.847690e+00  1.830690e-04 
 2.848008e+00  1.828939e-04 
 2.848326e+00  1.827294e-04 
 2.848644e+00  1.825750e-04 
 2.848962e+00  1.824300e-04 
 2.849280e+00  1.822953e-04 
 2.849598e+00  1.821725e-04 
 2.849916e+00  1.820594e-04 
