         time total_shea... 
------------- ------------- 
 3.229910e-04 -1.016445e+00 
 6.459819e-04 -1.016506e+00 
 9.689729e-04 -1.016574e+00 
 1.291964e-03 -1.016638e+00 
 1.614955e-03 -1.016698e+00 
 1.937946e-03 -1.016750e+00 
 2.260937e-03 -1.016796e+00 
 2.583928e-03 -1.016834e+00 
 2.906919e-03 -1.016865e+00 
 3.229910e-03 -1.016890e+00 
 3.552901e-03 -1.016903e+00 
 3.875891e-03 -1.016903e+00 
 4.198882e-03 -1.016894e+00 
 4.521873e-03 -1.016872e+00 
 4.844864e-03 -1.016840e+00 
 5.167855e-03 -1.016811e+00 
 5.490846e-03 -1.016801e+00 
 5.813837e-03 -1.016773e+00 
 6.136828e-03 -1.016733e+00 
 6.459819e-03 -1.016685e+00 
 6.782810e-03 -1.016634e+00 
 7.105801e-03 -1.016578e+00 
 7.428792e-03 -1.016518e+00 
 7.751783e-03 -1.016454e+00 
 8.074774e-03 -1.016381e+00 
 8.397765e-03 -1.016301e+00 
 8.720756e-03 -1.016221e+00 
 9.043747e-03 -1.016136e+00 
 9.366738e-03 -1.016053e+00 
 9.689729e-03 -1.015981e+00 
 1.001272e-02 -1.015914e+00 
 1.033571e-02 -1.015839e+00 
 1.065870e-02 -1.015744e+00 
 1.098169e-02 -1.015652e+00 
 1.130468e-02 -1.015581e+00 
 1.162767e-02 -1.015516e+00 
 1.195067e-02 -1.015445e+00 
 1.227366e-02 -1.015373e+00 
 1.259665e-02 -1.015298e+00 
 1.291964e-02 -1.015224e+00 
 1.324263e-02 -1.015159e+00 
 1.356562e-02 -1.015099e+00 
 1.388861e-02 -1.015051e+00 
 1.421160e-02 -1.015013e+00 
 1.453459e-02 -1.014977e+00 
 1.485758e-02 -1.014942e+00 
 1.518057e-02 -1.014913e+00 
 1.550357e-02 -1.014908e+00 
 1.582656e-02 -1.014916e+00 
 1.614955e-02 -1.014905e+00 
 1.647254e-02 -1.014876e+00 
 1.679553e-02 -1.014854e+00 
 1.711852e-02 -1.014843e+00 
 1.744151e-02 -1.014842e+00 
 1.776450e-02 -1.014855e+00 
 1.808749e-02 -1.014873e+00 
 1.841048e-02 -1.014896e+00 
 1.873348e-02 -1.014920e+00 
 1.905647e-02 -1.014941e+00 
 1.937946e-02 -1.014963e+00 
 1.970245e-02 -1.014985e+00 
 2.002544e-02 -1.015009e+00 
 2.034843e-02 -1.015030e+00 
 2.067142e-02 -1.015044e+00 
 2.099441e-02 -1.015054e+00 
 2.131740e-02 -1.015076e+00 
 2.164039e-02 -1.015118e+00 
 2.196339e-02 -1.015165e+00 
 2.228638e-02 -1.015208e+00 
 2.260937e-02 -1.015246e+00 
 2.293236e-02 -1.015277e+00 
 2.325535e-02 -1.015303e+00 
 2.357834e-02 -1.015333e+00 
 2.390133e-02 -1.015366e+00 
 2.422432e-02 -1.015390e+00 
 2.454731e-02 -1.015408e+00 
 2.487030e-02 -1.015419e+00 
 2.519329e-02 -1.015422e+00 
 2.551629e-02 -1.015427e+00 
 2.583928e-02 -1.015442e+00 
 2.616227e-02 -1.015452e+00 
 2.648526e-02 -1.015442e+00 
 2.680825e-02 -1.015413e+00 
 2.713124e-02 -1.015385e+00 
 2.745423e-02 -1.015356e+00 
 2.777722e-02 -1.015321e+00 
 2.810021e-02 -1.015284e+00 
 2.842320e-02 -1.015233e+00 
 2.874620e-02 -1.015160e+00 
 2.906919e-02 -1.015082e+00 
 2.939218e-02 -1.014998e+00 
 2.971517e-02 -1.014907e+00 
 3.003816e-02 -1.014822e+00 
 3.036115e-02 -1.014737e+00 
 3.068414e-02 -1.014649e+00 
 3.100713e-02 -1.014557e+00 
 3.133012e-02 -1.014465e+00 
 3.165311e-02 -1.014379e+00 
 3.197610e-02 -1.014293e+00 
 3.229910e-02 -1.014199e+00 
 3.262209e-02 -1.014096e+00 
 3.294508e-02 -1.013985e+00 
 3.326807e-02 -1.013877e+00 
 3.359106e-02 -1.013775e+00 
 3.391405e-02 -1.013686e+00 
 3.423704e-02 -1.013610e+00 
 3.456003e-02 -1.013540e+00 
 3.488302e-02 -1.013470e+00 
 3.520601e-02 -1.013403e+00 
 3.552901e-02 -1.013339e+00 
 3.585200e-02 -1.013287e+00 
 3.617499e-02 -1.013246e+00 
 3.649798e-02 -1.013203e+00 
 3.682097e-02 -1.013153e+00 
 3.714396e-02 -1.013109e+00 
 3.746695e-02 -1.013083e+00 
 3.778994e-02 -1.013077e+00 
 3.811293e-02 -1.013079e+00 
 3.843592e-02 -1.013092e+00 
 3.875891e-02 -1.013115e+00 
 3.908191e-02 -1.013139e+00 
 3.940490e-02 -1.013174e+00 
 3.972789e-02 -1.013227e+00 
 4.005088e-02 -1.013292e+00 
 4.037387e-02 -1.013368e+00 
 4.069686e-02 -1.013450e+00 
 4.101985e-02 -1.013527e+00 
 4.134284e-02 -1.013610e+00 
 4.166583e-02 -1.013704e+00 
 4.198882e-02 -1.013805e+00 
 4.231182e-02 -1.013913e+00 
 4.263481e-02 -1.014020e+00 
 4.295780e-02 -1.014127e+00 
 4.328079e-02 -1.014241e+00 
 4.360378e-02 -1.014359e+00 
 4.392677e-02 -1.014481e+00 
 4.424976e-02 -1.014609e+00 
 4.457275e-02 -1.014734e+00 
 4.489574e-02 -1.014846e+00 
 4.521873e-02 -1.014940e+00 
 4.554172e-02 -1.015025e+00 
 4.586472e-02 -1.015111e+00 
 4.618771e-02 -1.015200e+00 
 4.651070e-02 -1.015290e+00 
 4.683369e-02 -1.015371e+00 
 4.715668e-02 -1.015439e+00 
 4.747967e-02 -1.015505e+00 
 4.780266e-02 -1.015575e+00 
 4.812565e-02 -1.015639e+00 
 4.844864e-02 -1.015692e+00 
 4.877163e-02 -1.015733e+00 
 4.909463e-02 -1.015762e+00 
 4.941762e-02 -1.015777e+00 
 4.974061e-02 -1.015787e+00 
 5.006360e-02 -1.015802e+00 
 5.038659e-02 -1.015817e+00 
 5.070958e-02 -1.015829e+00 
 5.103257e-02 -1.015835e+00 
 5.135556e-02 -1.015828e+00 
 5.167855e-02 -1.015819e+00 
 5.200154e-02 -1.015812e+00 
 5.232454e-02 -1.015801e+00 
 5.264753e-02 -1.015778e+00 
 5.297052e-02 -1.015751e+00 
 5.329351e-02 -1.015722e+00 
 5.361650e-02 -1.015691e+00 
 5.393949e-02 -1.015662e+00 
 5.426248e-02 -1.015631e+00 
 5.458547e-02 -1.015603e+00 
 5.490846e-02 -1.015577e+00 
 5.523145e-02 -1.015546e+00 
 5.555444e-02 -1.015512e+00 
 5.587744e-02 -1.015483e+00 
 5.620043e-02 -1.015466e+00 
 5.652342e-02 -1.015460e+00 
 5.684641e-02 -1.015453e+00 
 5.716940e-02 -1.015442e+00 
 5.749239e-02 -1.015432e+00 
 5.781538e-02 -1.015429e+00 
 5.813837e-02 -1.015436e+00 
 5.846136e-02 -1.015450e+00 
 5.878435e-02 -1.015466e+00 
 5.910735e-02 -1.015490e+00 
 5.943034e-02 -1.015522e+00 
 5.975333e-02 -1.015563e+00 
 6.007632e-02 -1.015614e+00 
 6.039931e-02 -1.015677e+00 
 6.072230e-02 -1.015743e+00 
 6.104529e-02 -1.015805e+00 
 6.136828e-02 -1.015861e+00 
 6.169127e-02 -1.015917e+00 
 6.201426e-02 -1.015980e+00 
 6.233726e-02 -1.016057e+00 
 6.266025e-02 -1.016140e+00 
 6.298324e-02 -1.016222e+00 
 6.330623e-02 -1.016310e+00 
 6.362922e-02 -1.016405e+00 
 6.395221e-02 -1.016503e+00 
 6.427520e-02 -1.016602e+00 
 6.459819e-02 -1.016701e+00 
 6.492118e-02 -1.016797e+00 
 6.524417e-02 -1.016891e+00 
 6.556716e-02 -1.016978e+00 
 6.589016e-02 -1.017061e+00 
 6.621315e-02 -1.017151e+00 
 6.653614e-02 -1.017250e+00 
 6.685913e-02 -1.017352e+00 
 6.718212e-02 -1.017447e+00 
 6.750511e-02 -1.017533e+00 
 6.782810e-02 -1.017612e+00 
 6.815109e-02 -1.017693e+00 
 6.847408e-02 -1.017772e+00 
 6.879707e-02 -1.017846e+00 
 6.912007e-02 -1.017910e+00 
 6.944306e-02 -1.017966e+00 
 6.976605e-02 -1.018015e+00 
 7.008904e-02 -1.018055e+00 
 7.041203e-02 -1.018092e+00 
 7.073502e-02 -1.018125e+00 
 7.105801e-02 -1.018146e+00 
 7.138100e-02 -1.018155e+00 
 7.170399e-02 -1.018154e+00 
 7.202698e-02 -1.018147e+00 
 7.234998e-02 -1.018139e+00 
 7.267297e-02 -1.018129e+00 
 7.299596e-02 -1.018109e+00 
 7.331895e-02 -1.018072e+00 
 7.364194e-02 -1.018025e+00 
 7.396493e-02 -1.017972e+00 
 7.428792e-02 -1.017911e+00 
 7.461091e-02 -1.017842e+00 
 7.493390e-02 -1.017769e+00 
 7.525689e-02 -1.017689e+00 
 7.557988e-02 -1.017606e+00 
 7.590288e-02 -1.017521e+00 
 7.622587e-02 -1.017432e+00 
 7.654886e-02 -1.017343e+00 
 7.687185e-02 -1.017254e+00 
 7.719484e-02 -1.017156e+00 
 7.751783e-02 -1.017047e+00 
 7.784082e-02 -1.016928e+00 
 7.816381e-02 -1.016809e+00 
 7.848680e-02 -1.016695e+00 
 7.880979e-02 -1.016586e+00 
 7.913279e-02 -1.016476e+00 
 7.945578e-02 -1.016366e+00 
 7.977877e-02 -1.016257e+00 
 8.010176e-02 -1.016149e+00 
 8.042475e-02 -1.016041e+00 
 8.074774e-02 -1.015936e+00 
 8.107073e-02 -1.015834e+00 
 8.139372e-02 -1.015731e+00 
 8.171671e-02 -1.015625e+00 
 8.203970e-02 -1.015523e+00 
 8.236269e-02 -1.015433e+00 
 8.268569e-02 -1.015356e+00 
 8.300868e-02 -1.015287e+00 
 8.333167e-02 -1.015221e+00 
 8.365466e-02 -1.015157e+00 
 8.397765e-02 -1.015098e+00 
 8.430064e-02 -1.015049e+00 
 8.462363e-02 -1.015007e+00 
 8.494662e-02 -1.014972e+00 
 8.526961e-02 -1.014944e+00 
 8.559260e-02 -1.014920e+00 
 8.591560e-02 -1.014900e+00 
 8.623859e-02 -1.014888e+00 
 8.656158e-02 -1.014882e+00 
 8.688457e-02 -1.014885e+00 
 8.720756e-02 -1.014895e+00 
 8.753055e-02 -1.014906e+00 
 8.785354e-02 -1.014917e+00 
 8.817653e-02 -1.014932e+00 
 8.849952e-02 -1.014955e+00 
 8.882251e-02 -1.014983e+00 
 8.914550e-02 -1.015014e+00 
 8.946850e-02 -1.015042e+00 
 8.979149e-02 -1.015066e+00 
 9.011448e-02 -1.015088e+00 
 9.043747e-02 -1.015108e+00 
 9.076046e-02 -1.015127e+00 
 9.108345e-02 -1.015149e+00 
 9.140644e-02 -1.015172e+00 
 9.172943e-02 -1.015191e+00 
 9.205242e-02 -1.015207e+00 
 9.237541e-02 -1.015223e+00 
 9.269841e-02 -1.015240e+00 
 9.302140e-02 -1.015253e+00 
 9.334439e-02 -1.015257e+00 
 9.366738e-02 -1.015249e+00 
 9.399037e-02 -1.015231e+00 
 9.431336e-02 -1.015208e+00 
 9.463635e-02 -1.015184e+00 
 9.495934e-02 -1.015156e+00 
 9.528233e-02 -1.015125e+00 
 9.560532e-02 -1.015090e+00 
 9.592831e-02 -1.015047e+00 
 9.625131e-02 -1.014997e+00 
 9.657430e-02 -1.014944e+00 
 9.689729e-02 -1.014886e+00 
 9.722028e-02 -1.014822e+00 
 9.754327e-02 -1.014752e+00 
 9.786626e-02 -1.014673e+00 
 9.818925e-02 -1.014587e+00 
 9.851224e-02 -1.014501e+00 
 9.883523e-02 -1.014418e+00 
 9.915822e-02 -1.014334e+00 
 9.948122e-02 -1.014247e+00 
 9.980421e-02 -1.014159e+00 
 1.001272e-01 -1.014069e+00 
 1.004502e-01 -1.013982e+00 
 1.007732e-01 -1.013898e+00 
 1.010962e-01 -1.013819e+00 
 1.014192e-01 -1.013745e+00 
 1.017422e-01 -1.013672e+00 
 1.020651e-01 -1.013599e+00 
 1.023881e-01 -1.013528e+00 
 1.027111e-01 -1.013464e+00 
 1.030341e-01 -1.013409e+00 
 1.033571e-01 -1.013360e+00 
 1.036801e-01 -1.013313e+00 
 1.040031e-01 -1.013271e+00 
 1.043261e-01 -1.013239e+00 
 1.046491e-01 -1.013218e+00 
 1.049721e-01 -1.013209e+00 
 1.052951e-01 -1.013210e+00 
 1.056180e-01 -1.013219e+00 
 1.059410e-01 -1.013232e+00 
 1.062640e-01 -1.013248e+00 
 1.065870e-01 -1.013269e+00 
 1.069100e-01 -1.013301e+00 
 1.072330e-01 -1.013342e+00 
 1.075560e-01 -1.013393e+00 
 1.078790e-01 -1.013451e+00 
 1.082020e-01 -1.013517e+00 
 1.085250e-01 -1.013590e+00 
 1.088480e-01 -1.013675e+00 
 1.091709e-01 -1.013768e+00 
 1.094939e-01 -1.013864e+00 
 1.098169e-01 -1.013962e+00 
 1.101399e-01 -1.014064e+00 
 1.104629e-01 -1.014169e+00 
 1.107859e-01 -1.014280e+00 
 1.111089e-01 -1.014395e+00 
 1.114319e-01 -1.014514e+00 
 1.117549e-01 -1.014636e+00 
 1.120779e-01 -1.014757e+00 
 1.124009e-01 -1.014876e+00 
 1.127238e-01 -1.014994e+00 
 1.130468e-01 -1.015115e+00 
 1.133698e-01 -1.015236e+00 
 1.136928e-01 -1.015352e+00 
 1.140158e-01 -1.015461e+00 
 1.143388e-01 -1.015566e+00 
 1.146618e-01 -1.015667e+00 
 1.149848e-01 -1.015766e+00 
 1.153078e-01 -1.015862e+00 
 1.156308e-01 -1.015953e+00 
 1.159538e-01 -1.016037e+00 
 1.162767e-01 -1.016114e+00 
 1.165997e-01 -1.016184e+00 
 1.169227e-01 -1.016249e+00 
 1.172457e-01 -1.016312e+00 
 1.175687e-01 -1.016373e+00 
 1.178917e-01 -1.016426e+00 
 1.182147e-01 -1.016469e+00 
 1.185377e-01 -1.016504e+00 
 1.188607e-01 -1.016534e+00 
 1.191837e-01 -1.016560e+00 
 1.195067e-01 -1.016582e+00 
 1.198296e-01 -1.016596e+00 
 1.201526e-01 -1.016604e+00 
 1.204756e-01 -1.016611e+00 
 1.207986e-01 -1.016617e+00 
 1.211216e-01 -1.016622e+00 
 1.214446e-01 -1.016624e+00 
 1.217676e-01 -1.016621e+00 
 1.220906e-01 -1.016613e+00 
 1.224136e-01 -1.016596e+00 
 1.227366e-01 -1.016575e+00 
 1.230596e-01 -1.016552e+00 
 1.233825e-01 -1.016533e+00 
 1.237055e-01 -1.016516e+00 
 1.240285e-01 -1.016499e+00 
 1.243515e-01 -1.016483e+00 
 1.246745e-01 -1.016470e+00 
 1.249975e-01 -1.016462e+00 
 1.253205e-01 -1.016456e+00 
 1.256435e-01 -1.016453e+00 
 1.259665e-01 -1.016453e+00 
 1.262895e-01 -1.016454e+00 
 1.266125e-01 -1.016456e+00 
 1.269354e-01 -1.016462e+00 
 1.272584e-01 -1.016475e+00 
 1.275814e-01 -1.016495e+00 
 1.279044e-01 -1.016523e+00 
 1.282274e-01 -1.016555e+00 
 1.285504e-01 -1.016590e+00 
 1.288734e-01 -1.016631e+00 
 1.291964e-01 -1.016679e+00 
 1.295194e-01 -1.016734e+00 
 1.298424e-01 -1.016793e+00 
 1.301654e-01 -1.016853e+00 
 1.304883e-01 -1.016915e+00 
 1.308113e-01 -1.016982e+00 
 1.311343e-01 -1.017054e+00 
 1.314573e-01 -1.017129e+00 
 1.317803e-01 -1.017206e+00 
 1.321033e-01 -1.017285e+00 
 1.324263e-01 -1.017365e+00 
 1.327493e-01 -1.017446e+00 
 1.330723e-01 -1.017530e+00 
 1.333953e-01 -1.017620e+00 
 1.337183e-01 -1.017713e+00 
 1.340412e-01 -1.017806e+00 
 1.343642e-01 -1.017895e+00 
 1.346872e-01 -1.017980e+00 
 1.350102e-01 -1.018065e+00 
 1.353332e-01 -1.018146e+00 
 1.356562e-01 -1.018225e+00 
 1.359792e-01 -1.018302e+00 
 1.363022e-01 -1.018377e+00 
 1.366252e-01 -1.018451e+00 
 1.369482e-01 -1.018521e+00 
 1.372712e-01 -1.018589e+00 
 1.375941e-01 -1.018654e+00 
 1.379171e-01 -1.018713e+00 
 1.382401e-01 -1.018766e+00 
 1.385631e-01 -1.018807e+00 
 1.388861e-01 -1.018838e+00 
 1.392091e-01 -1.018862e+00 
 1.395321e-01 -1.018881e+00 
 1.398551e-01 -1.018896e+00 
 1.401781e-01 -1.018902e+00 
 1.405011e-01 -1.018899e+00 
 1.408241e-01 -1.018887e+00 
 1.411470e-01 -1.018869e+00 
 1.414700e-01 -1.018846e+00 
 1.417930e-01 -1.018813e+00 
 1.421160e-01 -1.018771e+00 
 1.424390e-01 -1.018719e+00 
 1.427620e-01 -1.018658e+00 
 1.430850e-01 -1.018590e+00 
 1.434080e-01 -1.018518e+00 
 1.437310e-01 -1.018443e+00 
 1.440540e-01 -1.018364e+00 
 1.443770e-01 -1.018279e+00 
 1.447000e-01 -1.018189e+00 
 1.450229e-01 -1.018093e+00 
 1.453459e-01 -1.017996e+00 
 1.456689e-01 -1.017895e+00 
 1.459919e-01 -1.017790e+00 
 1.463149e-01 -1.017682e+00 
 1.466379e-01 -1.017573e+00 
 1.469609e-01 -1.017461e+00 
 1.472839e-01 -1.017348e+00 
 1.476069e-01 -1.017234e+00 
 1.479299e-01 -1.017122e+00 
 1.482529e-01 -1.017009e+00 
 1.485758e-01 -1.016896e+00 
 1.488988e-01 -1.016785e+00 
 1.492218e-01 -1.016676e+00 
 1.495448e-01 -1.016572e+00 
 1.498678e-01 -1.016474e+00 
 1.501908e-01 -1.016380e+00 
 1.505138e-01 -1.016287e+00 
 1.508368e-01 -1.016195e+00 
 1.511598e-01 -1.016106e+00 
 1.514828e-01 -1.016022e+00 
 1.518058e-01 -1.015946e+00 
 1.521287e-01 -1.015877e+00 
 1.524517e-01 -1.015815e+00 
 1.527747e-01 -1.015761e+00 
 1.530977e-01 -1.015715e+00 
 1.534207e-01 -1.015678e+00 
 1.537437e-01 -1.015651e+00 
 1.540667e-01 -1.015632e+00 
 1.543897e-01 -1.015616e+00 
 1.547127e-01 -1.015603e+00 
 1.550357e-01 -1.015593e+00 
 1.553587e-01 -1.015588e+00 
 1.556816e-01 -1.015589e+00 
 1.560046e-01 -1.015595e+00 
 1.563276e-01 -1.015605e+00 
 1.566506e-01 -1.015619e+00 
 1.569736e-01 -1.015638e+00 
 1.572966e-01 -1.015659e+00 
 1.576196e-01 -1.015682e+00 
 1.579426e-01 -1.015707e+00 
 1.582656e-01 -1.015730e+00 
 1.585886e-01 -1.015751e+00 
 1.589116e-01 -1.015770e+00 
 1.592345e-01 -1.015784e+00 
 1.595575e-01 -1.015796e+00 
 1.598805e-01 -1.015807e+00 
 1.602035e-01 -1.015816e+00 
 1.605265e-01 -1.015820e+00 
 1.608495e-01 -1.015819e+00 
 1.611725e-01 -1.015815e+00 
 1.614955e-01 -1.015806e+00 
 1.618185e-01 -1.015795e+00 
 1.621415e-01 -1.015782e+00 
 1.624645e-01 -1.015764e+00 
 1.627874e-01 -1.015740e+00 
 1.631104e-01 -1.015709e+00 
 1.634334e-01 -1.015672e+00 
 1.637564e-01 -1.015629e+00 
 1.640794e-01 -1.015581e+00 
 1.644024e-01 -1.015529e+00 
 1.647254e-01 -1.015468e+00 
 1.650484e-01 -1.015402e+00 
 1.653714e-01 -1.015333e+00 
 1.656944e-01 -1.015262e+00 
 1.660174e-01 -1.015190e+00 
 1.663403e-01 -1.015114e+00 
 1.666633e-01 -1.015035e+00 
 1.669863e-01 -1.014952e+00 
 1.673093e-01 -1.014866e+00 
 1.676323e-01 -1.014777e+00 
 1.679553e-01 -1.014686e+00 
 1.682783e-01 -1.014595e+00 
 1.686013e-01 -1.014505e+00 
 1.689243e-01 -1.014416e+00 
 1.692473e-01 -1.014329e+00 
 1.695703e-01 -1.014247e+00 
 1.698932e-01 -1.014171e+00 
 1.702162e-01 -1.014100e+00 
 1.705392e-01 -1.014034e+00 
 1.708622e-01 -1.013971e+00 
 1.711852e-01 -1.013912e+00 
 1.715082e-01 -1.013859e+00 
 1.718312e-01 -1.013813e+00 
 1.721542e-01 -1.013776e+00 
 1.724772e-01 -1.013747e+00 
 1.728002e-01 -1.013726e+00 
 1.731232e-01 -1.013711e+00 
 1.734461e-01 -1.013704e+00 
 1.737691e-01 -1.013705e+00 
 1.740921e-01 -1.013715e+00 
 1.744151e-01 -1.013733e+00 
 1.747381e-01 -1.013759e+00 
 1.750611e-01 -1.013789e+00 
 1.753841e-01 -1.013827e+00 
 1.757071e-01 -1.013871e+00 
 1.760301e-01 -1.013922e+00 
 1.763531e-01 -1.013980e+00 
 1.766761e-01 -1.014042e+00 
 1.769990e-01 -1.014109e+00 
 1.773220e-01 -1.014181e+00 
 1.776450e-01 -1.014258e+00 
 1.779680e-01 -1.014341e+00 
 1.782910e-01 -1.014430e+00 
 1.786140e-01 -1.014523e+00 
 1.789370e-01 -1.014620e+00 
 1.792600e-01 -1.014718e+00 
 1.795830e-01 -1.014818e+00 
 1.799060e-01 -1.014920e+00 
 1.802290e-01 -1.015024e+00 
 1.805519e-01 -1.015129e+00 
 1.808749e-01 -1.015233e+00 
 1.811979e-01 -1.015335e+00 
 1.815209e-01 -1.015438e+00 
 1.818439e-01 -1.015541e+00 
 1.821669e-01 -1.015643e+00 
 1.824899e-01 -1.015743e+00 
 1.828129e-01 -1.015841e+00 
 1.831359e-01 -1.015933e+00 
 1.834589e-01 -1.016019e+00 
 1.837819e-01 -1.016099e+00 
 1.841048e-01 -1.016174e+00 
 1.844278e-01 -1.016243e+00 
 1.847508e-01 -1.016308e+00 
 1.850738e-01 -1.016367e+00 
 1.853968e-01 -1.016419e+00 
 1.857198e-01 -1.016466e+00 
 1.860428e-01 -1.016510e+00 
 1.863658e-01 -1.016548e+00 
 1.866888e-01 -1.016581e+00 
 1.870118e-01 -1.016608e+00 
 1.873348e-01 -1.016628e+00 
 1.876577e-01 -1.016642e+00 
 1.879807e-01 -1.016652e+00 
 1.883037e-01 -1.016658e+00 
 1.886267e-01 -1.016659e+00 
 1.889497e-01 -1.016657e+00 
 1.892727e-01 -1.016650e+00 
 1.895957e-01 -1.016640e+00 
 1.899187e-01 -1.016626e+00 
 1.902417e-01 -1.016612e+00 
 1.905647e-01 -1.016596e+00 
 1.908877e-01 -1.016580e+00 
 1.912106e-01 -1.016560e+00 
 1.915336e-01 -1.016539e+00 
 1.918566e-01 -1.016516e+00 
 1.921796e-01 -1.016493e+00 
 1.925026e-01 -1.016470e+00 
 1.928256e-01 -1.016445e+00 
 1.931486e-01 -1.016419e+00 
 1.934716e-01 -1.016393e+00 
 1.937946e-01 -1.016367e+00 
 1.941176e-01 -1.016343e+00 
 1.944406e-01 -1.016322e+00 
 1.947635e-01 -1.016304e+00 
 1.950865e-01 -1.016290e+00 
 1.954095e-01 -1.016276e+00 
 1.957325e-01 -1.016264e+00 
 1.960555e-01 -1.016256e+00 
 1.963785e-01 -1.016253e+00 
 1.967015e-01 -1.016254e+00 
 1.970245e-01 -1.016259e+00 
 1.973475e-01 -1.016269e+00 
 1.976705e-01 -1.016284e+00 
 1.979935e-01 -1.016305e+00 
 1.983164e-01 -1.016334e+00 
 1.986394e-01 -1.016368e+00 
 1.989624e-01 -1.016407e+00 
 1.992854e-01 -1.016452e+00 
 1.996084e-01 -1.016499e+00 
 1.999314e-01 -1.016551e+00 
 2.002544e-01 -1.016606e+00 
 2.005774e-01 -1.016666e+00 
 2.009004e-01 -1.016730e+00 
 2.012234e-01 -1.016798e+00 
 2.015464e-01 -1.016870e+00 
 2.018693e-01 -1.016944e+00 
 2.021923e-01 -1.017020e+00 
 2.025153e-01 -1.017099e+00 
 2.028383e-01 -1.017178e+00 
 2.031613e-01 -1.017257e+00 
 2.034843e-01 -1.017335e+00 
 2.038073e-01 -1.017411e+00 
 2.041303e-01 -1.017486e+00 
 2.044533e-01 -1.017560e+00 
 2.047763e-01 -1.017634e+00 
 2.050993e-01 -1.017706e+00 
 2.054223e-01 -1.017774e+00 
 2.057452e-01 -1.017837e+00 
 2.060682e-01 -1.017897e+00 
 2.063912e-01 -1.017954e+00 
 2.067142e-01 -1.018008e+00 
 2.070372e-01 -1.018055e+00 
 2.073602e-01 -1.018097e+00 
 2.076832e-01 -1.018131e+00 
 2.080062e-01 -1.018159e+00 
 2.083292e-01 -1.018179e+00 
 2.086522e-01 -1.018192e+00 
 2.089752e-01 -1.018198e+00 
 2.092981e-01 -1.018195e+00 
 2.096211e-01 -1.018185e+00 
 2.099441e-01 -1.018168e+00 
 2.102671e-01 -1.018142e+00 
 2.105901e-01 -1.018110e+00 
 2.109131e-01 -1.018070e+00 
 2.112361e-01 -1.018023e+00 
 2.115591e-01 -1.017967e+00 
 2.118821e-01 -1.017903e+00 
 2.122051e-01 -1.017831e+00 
 2.125281e-01 -1.017753e+00 
 2.128510e-01 -1.017669e+00 
 2.131740e-01 -1.017580e+00 
 2.134970e-01 -1.017487e+00 
 2.138200e-01 -1.017392e+00 
 2.141430e-01 -1.017294e+00 
 2.144660e-01 -1.017196e+00 
 2.147890e-01 -1.017098e+00 
 2.151120e-01 -1.017001e+00 
 2.154350e-01 -1.016905e+00 
 2.157580e-01 -1.016807e+00 
 2.160810e-01 -1.016707e+00 
 2.164039e-01 -1.016610e+00 
 2.167269e-01 -1.016517e+00 
 2.170499e-01 -1.016428e+00 
 2.173729e-01 -1.016343e+00 
 2.176959e-01 -1.016263e+00 
 2.180189e-01 -1.016189e+00 
 2.183419e-01 -1.016120e+00 
 2.186649e-01 -1.016058e+00 
 2.189879e-01 -1.016002e+00 
 2.193109e-01 -1.015951e+00 
 2.196339e-01 -1.015906e+00 
 2.199568e-01 -1.015866e+00 
 2.202798e-01 -1.015833e+00 
 2.206028e-01 -1.015808e+00 
 2.209258e-01 -1.015789e+00 
 2.212488e-01 -1.015775e+00 
 2.215718e-01 -1.015766e+00 
 2.218948e-01 -1.015763e+00 
 2.222178e-01 -1.015766e+00 
 2.225408e-01 -1.015775e+00 
 2.228638e-01 -1.015790e+00 
 2.231868e-01 -1.015810e+00 
 2.235097e-01 -1.015835e+00 
 2.238327e-01 -1.015865e+00 
 2.241557e-01 -1.015898e+00 
 2.244787e-01 -1.015934e+00 
 2.248017e-01 -1.015972e+00 
 2.251247e-01 -1.016013e+00 
 2.254477e-01 -1.016058e+00 
 2.257707e-01 -1.016104e+00 
 2.260937e-01 -1.016148e+00 
 2.264167e-01 -1.016192e+00 
 2.267397e-01 -1.016236e+00 
 2.270626e-01 -1.016281e+00 
 2.273856e-01 -1.016324e+00 
 2.277086e-01 -1.016364e+00 
 2.280316e-01 -1.016401e+00 
 2.283546e-01 -1.016433e+00 
 2.286776e-01 -1.016461e+00 
 2.290006e-01 -1.016486e+00 
 2.293236e-01 -1.016505e+00 
 2.296466e-01 -1.016520e+00 
 2.299696e-01 -1.016529e+00 
 2.302926e-01 -1.016534e+00 
 2.306155e-01 -1.016537e+00 
 2.309385e-01 -1.016536e+00 
 2.312615e-01 -1.016530e+00 
 2.315845e-01 -1.016517e+00 
 2.319075e-01 -1.016498e+00 
 2.322305e-01 -1.016474e+00 
 2.325535e-01 -1.016447e+00 
 2.328765e-01 -1.016415e+00 
 2.331995e-01 -1.016379e+00 
 2.335225e-01 -1.016339e+00 
 2.338455e-01 -1.016297e+00 
 2.341684e-01 -1.016252e+00 
 2.344914e-01 -1.016206e+00 
 2.348144e-01 -1.016157e+00 
 2.351374e-01 -1.016106e+00 
 2.354604e-01 -1.016054e+00 
 2.357834e-01 -1.016003e+00 
 2.361064e-01 -1.015951e+00 
 2.364294e-01 -1.015896e+00 
 2.367524e-01 -1.015840e+00 
 2.370754e-01 -1.015786e+00 
 2.373984e-01 -1.015732e+00 
 2.377213e-01 -1.015679e+00 
 2.380443e-01 -1.015627e+00 
 2.383673e-01 -1.015577e+00 
 2.386903e-01 -1.015528e+00 
 2.390133e-01 -1.015484e+00 
 2.393363e-01 -1.015445e+00 
 2.396593e-01 -1.015409e+00 
 2.399823e-01 -1.015376e+00 
 2.403053e-01 -1.015348e+00 
 2.406283e-01 -1.015324e+00 
 2.409513e-01 -1.015306e+00 
 2.412742e-01 -1.015294e+00 
 2.415972e-01 -1.015286e+00 
 2.419202e-01 -1.015281e+00 
 2.422432e-01 -1.015281e+00 
 2.425662e-01 -1.015288e+00 
 2.428892e-01 -1.015302e+00 
 2.432122e-01 -1.015323e+00 
 2.435352e-01 -1.015351e+00 
 2.438582e-01 -1.015385e+00 
 2.441812e-01 -1.015426e+00 
 2.445042e-01 -1.015472e+00 
 2.448271e-01 -1.015523e+00 
 2.451501e-01 -1.015578e+00 
 2.454731e-01 -1.015636e+00 
 2.457961e-01 -1.015700e+00 
 2.461191e-01 -1.015769e+00 
 2.464421e-01 -1.015842e+00 
 2.467651e-01 -1.015917e+00 
 2.470881e-01 -1.015995e+00 
 2.474111e-01 -1.016077e+00 
 2.477341e-01 -1.016162e+00 
 2.480571e-01 -1.016250e+00 
 2.483800e-01 -1.016338e+00 
 2.487030e-01 -1.016428e+00 
 2.490260e-01 -1.016518e+00 
 2.493490e-01 -1.016609e+00 
 2.496720e-01 -1.016700e+00 
 2.499950e-01 -1.016790e+00 
 2.503180e-01 -1.016877e+00 
 2.506410e-01 -1.016961e+00 
 2.509640e-01 -1.017044e+00 
 2.512870e-01 -1.017126e+00 
 2.516100e-01 -1.017205e+00 
 2.519329e-01 -1.017280e+00 
 2.522559e-01 -1.017350e+00 
 2.525789e-01 -1.017416e+00 
 2.529019e-01 -1.017479e+00 
 2.532249e-01 -1.017537e+00 
 2.535479e-01 -1.017590e+00 
 2.538709e-01 -1.017637e+00 
 2.541939e-01 -1.017676e+00 
 2.545169e-01 -1.017709e+00 
 2.548399e-01 -1.017736e+00 
 2.551629e-01 -1.017755e+00 
 2.554858e-01 -1.017766e+00 
 2.558088e-01 -1.017770e+00 
 2.561318e-01 -1.017769e+00 
 2.564548e-01 -1.017762e+00 
 2.567778e-01 -1.017748e+00 
 2.571008e-01 -1.017727e+00 
 2.574238e-01 -1.017700e+00 
 2.577468e-01 -1.017668e+00 
 2.580698e-01 -1.017631e+00 
 2.583928e-01 -1.017589e+00 
 2.587158e-01 -1.017543e+00 
 2.590388e-01 -1.017492e+00 
 2.593617e-01 -1.017437e+00 
 2.596847e-01 -1.017380e+00 
 2.600077e-01 -1.017322e+00 
 2.603307e-01 -1.017258e+00 
 2.606537e-01 -1.017191e+00 
 2.609767e-01 -1.017123e+00 
 2.612997e-01 -1.017055e+00 
 2.616227e-01 -1.016990e+00 
 2.619457e-01 -1.016926e+00 
 2.622687e-01 -1.016862e+00 
 2.625917e-01 -1.016799e+00 
 2.629146e-01 -1.016739e+00 
 2.632376e-01 -1.016684e+00 
 2.635606e-01 -1.016632e+00 
 2.638836e-01 -1.016582e+00 
 2.642066e-01 -1.016536e+00 
 2.645296e-01 -1.016493e+00 
 2.648526e-01 -1.016455e+00 
 2.651756e-01 -1.016421e+00 
 2.654986e-01 -1.016391e+00 
 2.658216e-01 -1.016365e+00 
 2.661446e-01 -1.016347e+00 
 2.664675e-01 -1.016336e+00 
 2.667905e-01 -1.016332e+00 
 2.671135e-01 -1.016334e+00 
 2.674365e-01 -1.016342e+00 
 2.677595e-01 -1.016355e+00 
 2.680825e-01 -1.016374e+00 
 2.684055e-01 -1.016398e+00 
 2.687285e-01 -1.016427e+00 
 2.690515e-01 -1.016460e+00 
 2.693745e-01 -1.016497e+00 
 2.696975e-01 -1.016537e+00 
 2.700204e-01 -1.016582e+00 
 2.703434e-01 -1.016629e+00 
 2.706664e-01 -1.016677e+00 
 2.709894e-01 -1.016725e+00 
 2.713124e-01 -1.016776e+00 
 2.716354e-01 -1.016830e+00 
 2.719584e-01 -1.016886e+00 
 2.722814e-01 -1.016941e+00 
 2.726044e-01 -1.016993e+00 
 2.729274e-01 -1.017043e+00 
 2.732504e-01 -1.017090e+00 
 2.735733e-01 -1.017134e+00 
 2.738963e-01 -1.017175e+00 
 2.742193e-01 -1.017211e+00 
 2.745423e-01 -1.017241e+00 
 2.748653e-01 -1.017268e+00 
 2.751883e-01 -1.017291e+00 
 2.755113e-01 -1.017310e+00 
 2.758343e-01 -1.017321e+00 
 2.761573e-01 -1.017326e+00 
 2.764803e-01 -1.017326e+00 
 2.768033e-01 -1.017320e+00 
 2.771262e-01 -1.017309e+00 
 2.774492e-01 -1.017291e+00 
 2.777722e-01 -1.017265e+00 
 2.780952e-01 -1.017233e+00 
 2.784182e-01 -1.017195e+00 
 2.787412e-01 -1.017151e+00 
 2.790642e-01 -1.017103e+00 
 2.793872e-01 -1.017048e+00 
 2.797102e-01 -1.016989e+00 
 2.800332e-01 -1.016926e+00 
 2.803562e-01 -1.016860e+00 
 2.806791e-01 -1.016790e+00 
 2.810021e-01 -1.016714e+00 
 2.813251e-01 -1.016634e+00 
 2.816481e-01 -1.016552e+00 
 2.819711e-01 -1.016471e+00 
 2.822941e-01 -1.016389e+00 
 2.826171e-01 -1.016305e+00 
 2.829401e-01 -1.016220e+00 
 2.832631e-01 -1.016135e+00 
 2.835861e-01 -1.016051e+00 
 2.839091e-01 -1.015970e+00 
 2.842320e-01 -1.015890e+00 
 2.845550e-01 -1.015812e+00 
 2.848780e-01 -1.015737e+00 
 2.852010e-01 -1.015665e+00 
 2.855240e-01 -1.015599e+00 
 2.858470e-01 -1.015538e+00 
 2.861700e-01 -1.015479e+00 
 2.864930e-01 -1.015425e+00 
 2.868160e-01 -1.015376e+00 
 2.871390e-01 -1.015333e+00 
 2.874620e-01 -1.015297e+00 
 2.877849e-01 -1.015267e+00 
 2.881079e-01 -1.015243e+00 
 2.884309e-01 -1.015224e+00 
 2.887539e-01 -1.015211e+00 
 2.890769e-01 -1.015204e+00 
 2.893999e-01 -1.015202e+00 
 2.897229e-01 -1.015204e+00 
 2.900459e-01 -1.015212e+00 
 2.903689e-01 -1.015226e+00 
 2.906919e-01 -1.015247e+00 
 2.910149e-01 -1.015274e+00 
 2.913378e-01 -1.015305e+00 
 2.916608e-01 -1.015341e+00 
 2.919838e-01 -1.015382e+00 
 2.923068e-01 -1.015430e+00 
 2.926298e-01 -1.015481e+00 
 2.929528e-01 -1.015534e+00 
 2.932758e-01 -1.015588e+00 
 2.935988e-01 -1.015644e+00 
 2.939218e-01 -1.015702e+00 
 2.942448e-01 -1.015762e+00 
 2.945678e-01 -1.015824e+00 
 2.948907e-01 -1.015885e+00 
 2.952137e-01 -1.015947e+00 
 2.955367e-01 -1.016011e+00 
 2.958597e-01 -1.016077e+00 
 2.961827e-01 -1.016142e+00 
 2.965057e-01 -1.016204e+00 
 2.968287e-01 -1.016263e+00 
 2.971517e-01 -1.016320e+00 
 2.974747e-01 -1.016374e+00 
 2.977977e-01 -1.016425e+00 
 2.981207e-01 -1.016472e+00 
 2.984436e-01 -1.016515e+00 
 2.987666e-01 -1.016552e+00 
 2.990896e-01 -1.016586e+00 
 2.994126e-01 -1.016616e+00 
 2.997356e-01 -1.016642e+00 
 3.000586e-01 -1.016665e+00 
 3.003816e-01 -1.016683e+00 
 3.007046e-01 -1.016699e+00 
 3.010276e-01 -1.016711e+00 
 3.013506e-01 -1.016719e+00 
 3.016736e-01 -1.016721e+00 
 3.019965e-01 -1.016717e+00 
 3.023195e-01 -1.016710e+00 
 3.026425e-01 -1.016700e+00 
 3.029655e-01 -1.016685e+00 
 3.032885e-01 -1.016666e+00 
 3.036115e-01 -1.016643e+00 
 3.039345e-01 -1.016619e+00 
 3.042575e-01 -1.016594e+00 
 3.045805e-01 -1.016568e+00 
 3.049035e-01 -1.016541e+00 
 3.052265e-01 -1.016513e+00 
 3.055494e-01 -1.016484e+00 
 3.058724e-01 -1.016455e+00 
 3.061954e-01 -1.016426e+00 
 3.065184e-01 -1.016397e+00 
 3.068414e-01 -1.016367e+00 
 3.071644e-01 -1.016337e+00 
 3.074874e-01 -1.016310e+00 
 3.078104e-01 -1.016285e+00 
 3.081334e-01 -1.016264e+00 
 3.084564e-01 -1.016246e+00 
 3.087794e-01 -1.016231e+00 
 3.091023e-01 -1.016221e+00 
 3.094253e-01 -1.016215e+00 
 3.097483e-01 -1.016214e+00 
 3.100713e-01 -1.016218e+00 
 3.103943e-01 -1.016225e+00 
 3.107173e-01 -1.016238e+00 
 3.110403e-01 -1.016257e+00 
 3.113633e-01 -1.016282e+00 
 3.116863e-01 -1.016312e+00 
 3.120093e-01 -1.016346e+00 
 3.123323e-01 -1.016385e+00 
 3.126552e-01 -1.016430e+00 
 3.129782e-01 -1.016482e+00 
 3.133012e-01 -1.016538e+00 
 3.136242e-01 -1.016600e+00 
 3.139472e-01 -1.016666e+00 
 3.142702e-01 -1.016736e+00 
 3.145932e-01 -1.016812e+00 
 3.149162e-01 -1.016892e+00 
 3.152392e-01 -1.016973e+00 
 3.155622e-01 -1.017056e+00 
 3.158852e-01 -1.017141e+00 
 3.162082e-01 -1.017229e+00 
 3.165311e-01 -1.017319e+00 
 3.168541e-01 -1.017410e+00 
 3.171771e-01 -1.017501e+00 
 3.175001e-01 -1.017592e+00 
 3.178231e-01 -1.017682e+00 
 3.181461e-01 -1.017773e+00 
 3.184691e-01 -1.017863e+00 
 3.187921e-01 -1.017950e+00 
 3.191151e-01 -1.018034e+00 
 3.194381e-01 -1.018115e+00 
 3.197611e-01 -1.018194e+00 
 3.200840e-01 -1.018269e+00 
 3.204070e-01 -1.018339e+00 
 3.207300e-01 -1.018404e+00 
 3.210530e-01 -1.018464e+00 
 3.213760e-01 -1.018519e+00 
 3.216990e-01 -1.018569e+00 
 3.220220e-01 -1.018612e+00 
 3.223450e-01 -1.018647e+00 
 3.226680e-01 -1.018675e+00 
 3.229910e-01 -1.018697e+00 
 3.233140e-01 -1.018713e+00 
 3.236369e-01 -1.018721e+00 
 3.239599e-01 -1.018721e+00 
 3.242829e-01 -1.018715e+00 
 3.246059e-01 -1.018702e+00 
 3.249289e-01 -1.018684e+00 
 3.252519e-01 -1.018660e+00 
 3.255749e-01 -1.018628e+00 
 3.258979e-01 -1.018588e+00 
 3.262209e-01 -1.018543e+00 
 3.265439e-01 -1.018494e+00 
 3.268669e-01 -1.018439e+00 
 3.271898e-01 -1.018379e+00 
 3.275128e-01 -1.018315e+00 
 3.278358e-01 -1.018247e+00 
 3.281588e-01 -1.018177e+00 
 3.284818e-01 -1.018106e+00 
 3.288048e-01 -1.018034e+00 
 3.291278e-01 -1.017960e+00 
 3.294508e-01 -1.017885e+00 
 3.297738e-01 -1.017811e+00 
 3.300968e-01 -1.017737e+00 
 3.304198e-01 -1.017666e+00 
 3.307427e-01 -1.017594e+00 
 3.310657e-01 -1.017522e+00 
 3.313887e-01 -1.017452e+00 
 3.317117e-01 -1.017385e+00 
 3.320347e-01 -1.017320e+00 
 3.323577e-01 -1.017259e+00 
 3.326807e-01 -1.017201e+00 
 3.330037e-01 -1.017148e+00 
 3.333267e-01 -1.017099e+00 
 3.336497e-01 -1.017056e+00 
 3.339727e-01 -1.017017e+00 
 3.342956e-01 -1.016983e+00 
 3.346186e-01 -1.016953e+00 
 3.349416e-01 -1.016927e+00 
 3.352646e-01 -1.016906e+00 
 3.355876e-01 -1.016891e+00 
 3.359106e-01 -1.016879e+00 
 3.362336e-01 -1.016870e+00 
 3.365566e-01 -1.016866e+00 
 3.368796e-01 -1.016869e+00 
 3.372026e-01 -1.016877e+00 
 3.375256e-01 -1.016889e+00 
 3.378485e-01 -1.016904e+00 
 3.381715e-01 -1.016922e+00 
 3.384945e-01 -1.016943e+00 
 3.388175e-01 -1.016968e+00 
 3.391405e-01 -1.016995e+00 
 3.394635e-01 -1.017022e+00 
 3.397865e-01 -1.017048e+00 
 3.401095e-01 -1.017076e+00 
 3.404325e-01 -1.017103e+00 
 3.407555e-01 -1.017132e+00 
 3.410785e-01 -1.017159e+00 
 3.414014e-01 -1.017183e+00 
 3.417244e-01 -1.017206e+00 
 3.420474e-01 -1.017227e+00 
 3.423704e-01 -1.017246e+00 
 3.426934e-01 -1.017261e+00 
 3.430164e-01 -1.017272e+00 
 3.433394e-01 -1.017279e+00 
 3.436624e-01 -1.017281e+00 
 3.439854e-01 -1.017280e+00 
 3.443084e-01 -1.017273e+00 
 3.446314e-01 -1.017261e+00 
 3.449543e-01 -1.017244e+00 
 3.452773e-01 -1.017222e+00 
 3.456003e-01 -1.017195e+00 
 3.459233e-01 -1.017165e+00 
 3.462463e-01 -1.017130e+00 
 3.465693e-01 -1.017089e+00 
 3.468923e-01 -1.017044e+00 
 3.472153e-01 -1.016996e+00 
 3.475383e-01 -1.016944e+00 
 3.478613e-01 -1.016887e+00 
 3.481843e-01 -1.016826e+00 
 3.485072e-01 -1.016761e+00 
 3.488302e-01 -1.016693e+00 
 3.491532e-01 -1.016624e+00 
 3.494762e-01 -1.016552e+00 
 3.497992e-01 -1.016478e+00 
 3.501222e-01 -1.016402e+00 
 3.504452e-01 -1.016324e+00 
 3.507682e-01 -1.016245e+00 
 3.510912e-01 -1.016168e+00 
 3.514142e-01 -1.016091e+00 
 3.517372e-01 -1.016012e+00 
 3.520601e-01 -1.015936e+00 
 3.523831e-01 -1.015862e+00 
 3.527061e-01 -1.015792e+00 
 3.530291e-01 -1.015724e+00 
 3.533521e-01 -1.015659e+00 
 3.536751e-01 -1.015598e+00 
 3.539981e-01 -1.015541e+00 
 3.543211e-01 -1.015490e+00 
 3.546441e-01 -1.015444e+00 
 3.549671e-01 -1.015402e+00 
 3.552901e-01 -1.015366e+00 
 3.556130e-01 -1.015335e+00 
 3.559360e-01 -1.015310e+00 
 3.562590e-01 -1.015293e+00 
 3.565820e-01 -1.015281e+00 
 3.569050e-01 -1.015276e+00 
 3.572280e-01 -1.015277e+00 
 3.575510e-01 -1.015286e+00 
 3.578740e-01 -1.015301e+00 
 3.581970e-01 -1.015322e+00 
 3.585200e-01 -1.015348e+00 
 3.588430e-01 -1.015380e+00 
 3.591659e-01 -1.015418e+00 
 3.594889e-01 -1.015462e+00 
 3.598119e-01 -1.015511e+00 
 3.601349e-01 -1.015563e+00 
 3.604579e-01 -1.015619e+00 
 3.607809e-01 -1.015678e+00 
 3.611039e-01 -1.015742e+00 
 3.614269e-01 -1.015810e+00 
 3.617499e-01 -1.015880e+00 
 3.620729e-01 -1.015953e+00 
 3.623959e-01 -1.016028e+00 
 3.627188e-01 -1.016107e+00 
 3.630418e-01 -1.016187e+00 
 3.633648e-01 -1.016267e+00 
 3.636878e-01 -1.016348e+00 
 3.640108e-01 -1.016428e+00 
 3.643338e-01 -1.016507e+00 
 3.646568e-01 -1.016587e+00 
 3.649798e-01 -1.016664e+00 
 3.653028e-01 -1.016740e+00 
 3.656258e-01 -1.016814e+00 
 3.659488e-01 -1.016885e+00 
 3.662717e-01 -1.016954e+00 
 3.665947e-01 -1.017021e+00 
 3.669177e-01 -1.017085e+00 
 3.672407e-01 -1.017144e+00 
 3.675637e-01 -1.017199e+00 
 3.678867e-01 -1.017251e+00 
 3.682097e-01 -1.017297e+00 
 3.685327e-01 -1.017339e+00 
 3.688557e-01 -1.017375e+00 
 3.691787e-01 -1.017406e+00 
 3.695017e-01 -1.017432e+00 
 3.698247e-01 -1.017454e+00 
 3.701476e-01 -1.017470e+00 
 3.704706e-01 -1.017482e+00 
 3.707936e-01 -1.017490e+00 
 3.711166e-01 -1.017494e+00 
 3.714396e-01 -1.017494e+00 
 3.717626e-01 -1.017492e+00 
 3.720856e-01 -1.017487e+00 
 3.724086e-01 -1.017477e+00 
 3.727316e-01 -1.017465e+00 
 3.730546e-01 -1.017452e+00 
 3.733776e-01 -1.017437e+00 
 3.737005e-01 -1.017419e+00 
 3.740235e-01 -1.017400e+00 
 3.743465e-01 -1.017379e+00 
 3.746695e-01 -1.017359e+00 
 3.749925e-01 -1.017340e+00 
 3.753155e-01 -1.017322e+00 
 3.756385e-01 -1.017305e+00 
 3.759615e-01 -1.017290e+00 
 3.762845e-01 -1.017276e+00 
 3.766075e-01 -1.017265e+00 
 3.769305e-01 -1.017256e+00 
 3.772534e-01 -1.017250e+00 
 3.775764e-01 -1.017245e+00 
 3.778994e-01 -1.017244e+00 
 3.782224e-01 -1.017248e+00 
 3.785454e-01 -1.017255e+00 
 3.788684e-01 -1.017265e+00 
 3.791914e-01 -1.017281e+00 
 3.795144e-01 -1.017301e+00 
 3.798374e-01 -1.017326e+00 
 3.801604e-01 -1.017357e+00 
 3.804834e-01 -1.017394e+00 
 3.808063e-01 -1.017435e+00 
 3.811293e-01 -1.017481e+00 
 3.814523e-01 -1.017532e+00 
 3.817753e-01 -1.017588e+00 
 3.820983e-01 -1.017649e+00 
 3.824213e-01 -1.017715e+00 
 3.827443e-01 -1.017784e+00 
 3.830673e-01 -1.017857e+00 
 3.833903e-01 -1.017933e+00 
 3.837133e-01 -1.018013e+00 
 3.840363e-01 -1.018096e+00 
 3.843592e-01 -1.018180e+00 
 3.846822e-01 -1.018267e+00 
 3.850052e-01 -1.018355e+00 
 3.853282e-01 -1.018446e+00 
 3.856512e-01 -1.018537e+00 
 3.859742e-01 -1.018627e+00 
 3.862972e-01 -1.018715e+00 
 3.866202e-01 -1.018801e+00 
 3.869432e-01 -1.018886e+00 
 3.872662e-01 -1.018967e+00 
 3.875892e-01 -1.019045e+00 
 3.879121e-01 -1.019119e+00 
 3.882351e-01 -1.019189e+00 
 3.885581e-01 -1.019255e+00 
 3.888811e-01 -1.019316e+00 
 3.892041e-01 -1.019372e+00 
 3.895271e-01 -1.019422e+00 
 3.898501e-01 -1.019466e+00 
 3.901731e-01 -1.019504e+00 
 3.904961e-01 -1.019538e+00 
 3.908191e-01 -1.019565e+00 
 3.911421e-01 -1.019584e+00 
 3.914650e-01 -1.019595e+00 
 3.917880e-01 -1.019600e+00 
 3.921110e-01 -1.019598e+00 
 3.924340e-01 -1.019588e+00 
 3.927570e-01 -1.019572e+00 
 3.930800e-01 -1.019548e+00 
 3.934030e-01 -1.019517e+00 
 3.937260e-01 -1.019481e+00 
 3.940490e-01 -1.019440e+00 
 3.943720e-01 -1.019392e+00 
 3.946950e-01 -1.019338e+00 
 3.950179e-01 -1.019278e+00 
 3.953409e-01 -1.019215e+00 
 3.956639e-01 -1.019149e+00 
 3.959869e-01 -1.019079e+00 
 3.963099e-01 -1.019004e+00 
 3.966329e-01 -1.018925e+00 
 3.969559e-01 -1.018844e+00 
 3.972789e-01 -1.018762e+00 
 3.976019e-01 -1.018678e+00 
 3.979249e-01 -1.018593e+00 
 3.982479e-01 -1.018509e+00 
 3.985708e-01 -1.018425e+00 
 3.988938e-01 -1.018344e+00 
 3.992168e-01 -1.018264e+00 
 3.995398e-01 -1.018186e+00 
 3.998628e-01 -1.018109e+00 
 4.001858e-01 -1.018036e+00 
 4.005088e-01 -1.017968e+00 
 4.008318e-01 -1.017905e+00 
 4.011548e-01 -1.017845e+00 
 4.014778e-01 -1.017788e+00 
 4.018008e-01 -1.017735e+00 
 4.021237e-01 -1.017687e+00 
 4.024467e-01 -1.017643e+00 
 4.027697e-01 -1.017604e+00 
 4.030927e-01 -1.017570e+00 
 4.034157e-01 -1.017539e+00 
 4.037387e-01 -1.017514e+00 
 4.040617e-01 -1.017494e+00 
 4.043847e-01 -1.017478e+00 
 4.047077e-01 -1.017466e+00 
 4.050307e-01 -1.017457e+00 
 4.053537e-01 -1.017454e+00 
 4.056766e-01 -1.017454e+00 
 4.059996e-01 -1.017458e+00 
 4.063226e-01 -1.017465e+00 
 4.066456e-01 -1.017472e+00 
 4.069686e-01 -1.017482e+00 
 4.072916e-01 -1.017493e+00 
 4.076146e-01 -1.017506e+00 
 4.079376e-01 -1.017520e+00 
 4.082606e-01 -1.017535e+00 
 4.085836e-01 -1.017551e+00 
 4.089066e-01 -1.017567e+00 
 4.092295e-01 -1.017583e+00 
 4.095525e-01 -1.017598e+00 
 4.098755e-01 -1.017612e+00 
 4.101985e-01 -1.017624e+00 
 4.105215e-01 -1.017635e+00 
 4.108445e-01 -1.017644e+00 
 4.111675e-01 -1.017651e+00 
 4.114905e-01 -1.017654e+00 
 4.118135e-01 -1.017652e+00 
 4.121365e-01 -1.017647e+00 
 4.124595e-01 -1.017638e+00 
 4.127824e-01 -1.017625e+00 
 4.131054e-01 -1.017609e+00 
 4.134284e-01 -1.017588e+00 
 4.137514e-01 -1.017564e+00 
 4.140744e-01 -1.017536e+00 
 4.143974e-01 -1.017504e+00 
 4.147204e-01 -1.017468e+00 
 4.150434e-01 -1.017428e+00 
 4.153664e-01 -1.017381e+00 
 4.156894e-01 -1.017331e+00 
 4.160124e-01 -1.017278e+00 
 4.163353e-01 -1.017223e+00 
 4.166583e-01 -1.017164e+00 
 4.169813e-01 -1.017102e+00 
 4.173043e-01 -1.017036e+00 
 4.176273e-01 -1.016969e+00 
 4.179503e-01 -1.016902e+00 
 4.182733e-01 -1.016833e+00 
 4.185963e-01 -1.016763e+00 
 4.189193e-01 -1.016693e+00 
 4.192423e-01 -1.016623e+00 
 4.195653e-01 -1.016553e+00 
 4.198882e-01 -1.016484e+00 
 4.202112e-01 -1.016415e+00 
 4.205342e-01 -1.016344e+00 
 4.208572e-01 -1.016277e+00 
 4.211802e-01 -1.016213e+00 
 4.215032e-01 -1.016152e+00 
 4.218262e-01 -1.016093e+00 
 4.221492e-01 -1.016038e+00 
 4.224722e-01 -1.015986e+00 
 4.227952e-01 -1.015938e+00 
 4.231182e-01 -1.015895e+00 
 4.234412e-01 -1.015858e+00 
 4.237641e-01 -1.015825e+00 
 4.240871e-01 -1.015798e+00 
 4.244101e-01 -1.015776e+00 
 4.247331e-01 -1.015760e+00 
 4.250561e-01 -1.015750e+00 
 4.253791e-01 -1.015743e+00 
 4.257021e-01 -1.015742e+00 
 4.260251e-01 -1.015747e+00 
 4.263481e-01 -1.015761e+00 
 4.266711e-01 -1.015782e+00 
 4.269941e-01 -1.015808e+00 
 4.273170e-01 -1.015840e+00 
 4.276400e-01 -1.015879e+00 
 4.279630e-01 -1.015923e+00 
 4.282860e-01 -1.015974e+00 
 4.286090e-01 -1.016031e+00 
 4.289320e-01 -1.016092e+00 
 4.292550e-01 -1.016158e+00 
 4.295780e-01 -1.016228e+00 
 4.299010e-01 -1.016303e+00 
 4.302240e-01 -1.016382e+00 
 4.305470e-01 -1.016462e+00 
 4.308699e-01 -1.016544e+00 
 4.311929e-01 -1.016628e+00 
 4.315159e-01 -1.016716e+00 
 4.318389e-01 -1.016805e+00 
 4.321619e-01 -1.016895e+00 
 4.324849e-01 -1.016985e+00 
 4.328079e-01 -1.017074e+00 
 4.331309e-01 -1.017164e+00 
 4.334539e-01 -1.017253e+00 
 4.337769e-01 -1.017341e+00 
 4.340999e-01 -1.017426e+00 
 4.344228e-01 -1.017509e+00 
 4.347458e-01 -1.017589e+00 
 4.350688e-01 -1.017666e+00 
 4.353918e-01 -1.017741e+00 
 4.357148e-01 -1.017809e+00 
 4.360378e-01 -1.017872e+00 
 4.363608e-01 -1.017931e+00 
 4.366838e-01 -1.017987e+00 
 4.370068e-01 -1.018038e+00 
 4.373298e-01 -1.018084e+00 
 4.376528e-01 -1.018124e+00 
 4.379757e-01 -1.018159e+00 
 4.382987e-01 -1.018189e+00 
 4.386217e-01 -1.018215e+00 
 4.389447e-01 -1.018236e+00 
 4.392677e-01 -1.018251e+00 
 4.395907e-01 -1.018261e+00 
 4.399137e-01 -1.018265e+00 
 4.402367e-01 -1.018267e+00 
 4.405597e-01 -1.018266e+00 
 4.408827e-01 -1.018258e+00 
 4.412057e-01 -1.018245e+00 
 4.415286e-01 -1.018230e+00 
 4.418516e-01 -1.018214e+00 
 4.421746e-01 -1.018197e+00 
 4.424976e-01 -1.018177e+00 
 4.428206e-01 -1.018157e+00 
 4.431436e-01 -1.018135e+00 
 4.434666e-01 -1.018113e+00 
 4.437896e-01 -1.018093e+00 
 4.441126e-01 -1.018073e+00 
 4.444356e-01 -1.018053e+00 
 4.447586e-01 -1.018034e+00 
 4.450815e-01 -1.018017e+00 
 4.454045e-01 -1.018004e+00 
 4.457275e-01 -1.017996e+00 
 4.460505e-01 -1.017989e+00 
 4.463735e-01 -1.017984e+00 
 4.466965e-01 -1.017984e+00 
 4.470195e-01 -1.017991e+00 
 4.473425e-01 -1.018002e+00 
 4.476655e-01 -1.018017e+00 
 4.479885e-01 -1.018037e+00 
 4.483115e-01 -1.018060e+00 
 4.486344e-01 -1.018088e+00 
 4.489574e-01 -1.018122e+00 
 4.492804e-01 -1.018159e+00 
 4.496034e-01 -1.018200e+00 
 4.499264e-01 -1.018245e+00 
 4.502494e-01 -1.018294e+00 
 4.505724e-01 -1.018350e+00 
 4.508954e-01 -1.018410e+00 
 4.512184e-01 -1.018473e+00 
 4.515414e-01 -1.018537e+00 
 4.518644e-01 -1.018606e+00 
 4.521873e-01 -1.018678e+00 
 4.525103e-01 -1.018752e+00 
 4.528333e-01 -1.018827e+00 
 4.531563e-01 -1.018902e+00 
 4.534793e-01 -1.018978e+00 
 4.538023e-01 -1.019053e+00 
 4.541253e-01 -1.019129e+00 
 4.544483e-01 -1.019203e+00 
 4.547713e-01 -1.019274e+00 
 4.550943e-01 -1.019345e+00 
 4.554173e-01 -1.019412e+00 
 4.557402e-01 -1.019478e+00 
 4.560632e-01 -1.019543e+00 
 4.563862e-01 -1.019603e+00 
 4.567092e-01 -1.019657e+00 
 4.570322e-01 -1.019708e+00 
 4.573552e-01 -1.019755e+00 
 4.576782e-01 -1.019797e+00 
 4.580012e-01 -1.019832e+00 
 4.583242e-01 -1.019861e+00 
 4.586472e-01 -1.019884e+00 
 4.589702e-01 -1.019900e+00 
 4.592931e-01 -1.019912e+00 
 4.596161e-01 -1.019918e+00 
 4.599391e-01 -1.019917e+00 
 4.602621e-01 -1.019909e+00 
 4.605851e-01 -1.019894e+00 
 4.609081e-01 -1.019876e+00 
 4.612311e-01 -1.019853e+00 
 4.615541e-01 -1.019823e+00 
 4.618771e-01 -1.019786e+00 
 4.622001e-01 -1.019744e+00 
 4.625231e-01 -1.019699e+00 
 4.628460e-01 -1.019648e+00 
 4.631690e-01 -1.019593e+00 
 4.634920e-01 -1.019534e+00 
 4.638150e-01 -1.019470e+00 
 4.641380e-01 -1.019403e+00 
 4.644610e-01 -1.019335e+00 
 4.647840e-01 -1.019265e+00 
 4.651070e-01 -1.019191e+00 
 4.654300e-01 -1.019114e+00 
 4.657530e-01 -1.019036e+00 
 4.660760e-01 -1.018959e+00 
 4.663989e-01 -1.018883e+00 
 4.667219e-01 -1.018806e+00 
 4.670449e-01 -1.018729e+00 
 4.673679e-01 -1.018654e+00 
 4.676909e-01 -1.018581e+00 
 4.680139e-01 -1.018509e+00 
 4.683369e-01 -1.018439e+00 
 4.686599e-01 -1.018371e+00 
 4.689829e-01 -1.018306e+00 
 4.693059e-01 -1.018244e+00 
 4.696289e-01 -1.018187e+00 
 4.699518e-01 -1.018133e+00 
 4.702748e-01 -1.018081e+00 
 4.705978e-01 -1.018031e+00 
 4.709208e-01 -1.017986e+00 
 4.712438e-01 -1.017946e+00 
 4.715668e-01 -1.017912e+00 
 4.718898e-01 -1.017881e+00 
 4.722128e-01 -1.017854e+00 
 4.725358e-01 -1.017832e+00 
 4.728588e-01 -1.017814e+00 
 4.731818e-01 -1.017800e+00 
 4.735048e-01 -1.017790e+00 
 4.738277e-01 -1.017783e+00 
 4.741507e-01 -1.017778e+00 
 4.744737e-01 -1.017778e+00 
 4.747967e-01 -1.017781e+00 
 4.751197e-01 -1.017787e+00 
 4.754427e-01 -1.017794e+00 
 4.757657e-01 -1.017803e+00 
 4.760887e-01 -1.017813e+00 
 4.764117e-01 -1.017827e+00 
 4.767347e-01 -1.017844e+00 
 4.770577e-01 -1.017860e+00 
 4.773806e-01 -1.017877e+00 
 4.777036e-01 -1.017894e+00 
 4.780266e-01 -1.017911e+00 
 4.783496e-01 -1.017928e+00 
 4.786726e-01 -1.017943e+00 
 4.789956e-01 -1.017956e+00 
 4.793186e-01 -1.017967e+00 
 4.796416e-01 -1.017977e+00 
 4.799646e-01 -1.017986e+00 
 4.802876e-01 -1.017992e+00 
 4.806106e-01 -1.017994e+00 
 4.809335e-01 -1.017993e+00 
 4.812565e-01 -1.017988e+00 
 4.815795e-01 -1.017981e+00 
 4.819025e-01 -1.017972e+00 
 4.822255e-01 -1.017958e+00 
 4.825485e-01 -1.017938e+00 
 4.828715e-01 -1.017915e+00 
 4.831945e-01 -1.017889e+00 
 4.835175e-01 -1.017858e+00 
 4.838405e-01 -1.017822e+00 
 4.841635e-01 -1.017782e+00 
 4.844864e-01 -1.017738e+00 
 4.848094e-01 -1.017691e+00 
 4.851324e-01 -1.017643e+00 
 4.854554e-01 -1.017592e+00 
 4.857784e-01 -1.017537e+00 
 4.861014e-01 -1.017478e+00 
 4.864244e-01 -1.017417e+00 
 4.867474e-01 -1.017355e+00 
 4.870704e-01 -1.017292e+00 
 4.873934e-01 -1.017228e+00 
 4.877164e-01 -1.017162e+00 
 4.880393e-01 -1.017095e+00 
 4.883623e-01 -1.017029e+00 
 4.886853e-01 -1.016963e+00 
 4.890083e-01 -1.016899e+00 
 4.893313e-01 -1.016835e+00 
 4.896543e-01 -1.016773e+00 
 4.899773e-01 -1.016714e+00 
 4.903003e-01 -1.016660e+00 
 4.906233e-01 -1.016610e+00 
 4.909463e-01 -1.016561e+00 
 4.912693e-01 -1.016516e+00 
 4.915922e-01 -1.016475e+00 
 4.919152e-01 -1.016440e+00 
 4.922382e-01 -1.016410e+00 
 4.925612e-01 -1.016384e+00 
 4.928842e-01 -1.016363e+00 
 4.932072e-01 -1.016348e+00 
 4.935302e-01 -1.016339e+00 
 4.938532e-01 -1.016337e+00 
 4.941762e-01 -1.016340e+00 
 4.944992e-01 -1.016350e+00 
 4.948222e-01 -1.016366e+00 
 4.951451e-01 -1.016389e+00 
 4.954681e-01 -1.016419e+00 
 4.957911e-01 -1.016456e+00 
 4.961141e-01 -1.016497e+00 
 4.964371e-01 -1.016543e+00 
 4.967601e-01 -1.016594e+00 
 4.970831e-01 -1.016650e+00 
 4.974061e-01 -1.016712e+00 
 4.977291e-01 -1.016777e+00 
 4.980521e-01 -1.016845e+00 
 4.983751e-01 -1.016917e+00 
 4.986980e-01 -1.016993e+00 
 4.990210e-01 -1.017071e+00 
 4.993440e-01 -1.017152e+00 
 4.996670e-01 -1.017234e+00 
 4.999900e-01 -1.017316e+00 
 5.003130e-01 -1.017400e+00 
 5.006360e-01 -1.017485e+00 
 5.009590e-01 -1.017571e+00 
 5.012820e-01 -1.017654e+00 
 5.016050e-01 -1.017735e+00 
 5.019280e-01 -1.017814e+00 
 5.022509e-01 -1.017892e+00 
 5.025739e-01 -1.017967e+00 
 5.028969e-01 -1.018039e+00 
 5.032199e-01 -1.018107e+00 
 5.035429e-01 -1.018171e+00 
 5.038659e-01 -1.018232e+00 
 5.041889e-01 -1.018290e+00 
 5.045119e-01 -1.018342e+00 
 5.048349e-01 -1.018389e+00 
 5.051579e-01 -1.018432e+00 
 5.054809e-01 -1.018469e+00 
 5.058038e-01 -1.018503e+00 
 5.061268e-01 -1.018533e+00 
 5.064498e-01 -1.018555e+00 
 5.067728e-01 -1.018572e+00 
 5.070958e-01 -1.018584e+00 
 5.074188e-01 -1.018592e+00 
 5.077418e-01 -1.018596e+00 
 5.080648e-01 -1.018594e+00 
 5.083878e-01 -1.018588e+00 
 5.087108e-01 -1.018577e+00 
 5.090338e-01 -1.018564e+00 
 5.093567e-01 -1.018549e+00 
 5.096797e-01 -1.018529e+00 
 5.100027e-01 -1.018508e+00 
 5.103257e-01 -1.018484e+00 
 5.106487e-01 -1.018458e+00 
 5.109717e-01 -1.018432e+00 
 5.112947e-01 -1.018406e+00 
 5.116177e-01 -1.018378e+00 
 5.119407e-01 -1.018349e+00 
 5.122637e-01 -1.018321e+00 
 5.125867e-01 -1.018295e+00 
 5.129096e-01 -1.018270e+00 
 5.132326e-01 -1.018247e+00 
 5.135556e-01 -1.018225e+00 
 5.138786e-01 -1.018207e+00 
 5.142016e-01 -1.018192e+00 
 5.145246e-01 -1.018180e+00 
 5.148476e-01 -1.018172e+00 
 5.151706e-01 -1.018166e+00 
 5.154936e-01 -1.018164e+00 
 5.158166e-01 -1.018166e+00 
 5.161396e-01 -1.018172e+00 
 5.164625e-01 -1.018182e+00 
 5.167855e-01 -1.018196e+00 
 5.171085e-01 -1.018212e+00 
 5.174315e-01 -1.018234e+00 
 5.177545e-01 -1.018260e+00 
 5.180775e-01 -1.018291e+00 
 5.184005e-01 -1.018325e+00 
 5.187235e-01 -1.018363e+00 
 5.190465e-01 -1.018404e+00 
 5.193695e-01 -1.018449e+00 
 5.196925e-01 -1.018498e+00 
 5.200154e-01 -1.018549e+00 
 5.203384e-01 -1.018601e+00 
 5.206614e-01 -1.018655e+00 
 5.209844e-01 -1.018711e+00 
 5.213074e-01 -1.018769e+00 
 5.216304e-01 -1.018829e+00 
 5.219534e-01 -1.018889e+00 
 5.222764e-01 -1.018949e+00 
 5.225994e-01 -1.019009e+00 
 5.229224e-01 -1.019070e+00 
 5.232454e-01 -1.019131e+00 
 5.235683e-01 -1.019190e+00 
 5.238913e-01 -1.019247e+00 
 5.242143e-01 -1.019301e+00 
 5.245373e-01 -1.019353e+00 
 5.248603e-01 -1.019403e+00 
 5.251833e-01 -1.019449e+00 
 5.255063e-01 -1.019490e+00 
 5.258293e-01 -1.019527e+00 
 5.261523e-01 -1.019560e+00 
 5.264753e-01 -1.019590e+00 
 5.267983e-01 -1.019616e+00 
 5.271213e-01 -1.019636e+00 
 5.274442e-01 -1.019651e+00 
 5.277672e-01 -1.019661e+00 
 5.280902e-01 -1.019667e+00 
 5.284132e-01 -1.019668e+00 
 5.287362e-01 -1.019663e+00 
 5.290592e-01 -1.019652e+00 
 5.293822e-01 -1.019636e+00 
 5.297052e-01 -1.019616e+00 
 5.300282e-01 -1.019592e+00 
 5.303512e-01 -1.019563e+00 
 5.306742e-01 -1.019528e+00 
 5.309971e-01 -1.019489e+00 
 5.313201e-01 -1.019447e+00 
 5.316431e-01 -1.019401e+00 
 5.319661e-01 -1.019353e+00 
 5.322891e-01 -1.019300e+00 
 5.326121e-01 -1.019245e+00 
 5.329351e-01 -1.019188e+00 
 5.332581e-01 -1.019129e+00 
 5.335811e-01 -1.019069e+00 
 5.339041e-01 -1.019007e+00 
 5.342271e-01 -1.018944e+00 
 5.345500e-01 -1.018881e+00 
 5.348730e-01 -1.018819e+00 
 5.351960e-01 -1.018758e+00 
 5.355190e-01 -1.018699e+00 
 5.358420e-01 -1.018638e+00 
 5.361650e-01 -1.018579e+00 
 5.364880e-01 -1.018523e+00 
 5.368110e-01 -1.018469e+00 
 5.371340e-01 -1.018418e+00 
 5.374570e-01 -1.018370e+00 
 5.377800e-01 -1.018325e+00 
 5.381029e-01 -1.018284e+00 
 5.384259e-01 -1.018248e+00 
 5.387489e-01 -1.018217e+00 
 5.390719e-01 -1.018189e+00 
 5.393949e-01 -1.018166e+00 
 5.397179e-01 -1.018148e+00 
 5.400409e-01 -1.018134e+00 
 5.403639e-01 -1.018126e+00 
 5.406869e-01 -1.018123e+00 
 5.410099e-01 -1.018122e+00 
 5.413329e-01 -1.018125e+00 
 5.416558e-01 -1.018134e+00 
 5.419788e-01 -1.018147e+00 
 5.423018e-01 -1.018164e+00 
 5.426248e-01 -1.018184e+00 
 5.429478e-01 -1.018208e+00 
 5.432708e-01 -1.018236e+00 
 5.435938e-01 -1.018268e+00 
 5.439168e-01 -1.018302e+00 
 5.442398e-01 -1.018337e+00 
 5.445628e-01 -1.018374e+00 
 5.448858e-01 -1.018412e+00 
 5.452087e-01 -1.018451e+00 
 5.455317e-01 -1.018492e+00 
 5.458547e-01 -1.018532e+00 
 5.461777e-01 -1.018572e+00 
 5.465007e-01 -1.018610e+00 
 5.468237e-01 -1.018649e+00 
 5.471467e-01 -1.018689e+00 
 5.474697e-01 -1.018726e+00 
 5.477927e-01 -1.018762e+00 
 5.481157e-01 -1.018795e+00 
 5.484387e-01 -1.018827e+00 
 5.487616e-01 -1.018856e+00 
 5.490846e-01 -1.018881e+00 
 5.494076e-01 -1.018903e+00 
 5.497306e-01 -1.018920e+00 
 5.500536e-01 -1.018933e+00 
 5.503766e-01 -1.018943e+00 
 5.506996e-01 -1.018950e+00 
 5.510226e-01 -1.018953e+00 
 5.513456e-01 -1.018951e+00 
 5.516686e-01 -1.018946e+00 
 5.519916e-01 -1.018937e+00 
 5.523145e-01 -1.018925e+00 
 5.526375e-01 -1.018908e+00 
 5.529605e-01 -1.018887e+00 
 5.532835e-01 -1.018861e+00 
 5.536065e-01 -1.018831e+00 
 5.539295e-01 -1.018799e+00 
 5.542525e-01 -1.018763e+00 
 5.545755e-01 -1.018723e+00 
 5.548985e-01 -1.018681e+00 
 5.552215e-01 -1.018637e+00 
 5.555445e-01 -1.018594e+00 
 5.558674e-01 -1.018550e+00 
 5.561904e-01 -1.018505e+00 
 5.565134e-01 -1.018458e+00 
 5.568364e-01 -1.018412e+00 
 5.571594e-01 -1.018367e+00 
 5.574824e-01 -1.018322e+00 
 5.578054e-01 -1.018278e+00 
 5.581284e-01 -1.018236e+00 
 5.584514e-01 -1.018194e+00 
 5.587744e-01 -1.018156e+00 
 5.590974e-01 -1.018121e+00 
 5.594203e-01 -1.018090e+00 
 5.597433e-01 -1.018062e+00 
 5.600663e-01 -1.018038e+00 
 5.603893e-01 -1.018020e+00 
 5.607123e-01 -1.018007e+00 
 5.610353e-01 -1.017999e+00 
 5.613583e-01 -1.017996e+00 
 5.616813e-01 -1.017996e+00 
 5.620043e-01 -1.018000e+00 
 5.623273e-01 -1.018010e+00 
 5.626503e-01 -1.018025e+00 
 5.629732e-01 -1.018045e+00 
 5.632962e-01 -1.018071e+00 
 5.636192e-01 -1.018101e+00 
 5.639422e-01 -1.018137e+00 
 5.642652e-01 -1.018180e+00 
 5.645882e-01 -1.018227e+00 
 5.649112e-01 -1.018278e+00 
 5.652342e-01 -1.018333e+00 
 5.655572e-01 -1.018394e+00 
 5.658802e-01 -1.018458e+00 
 5.662032e-01 -1.018525e+00 
 5.665261e-01 -1.018595e+00 
 5.668491e-01 -1.018666e+00 
 5.671721e-01 -1.018740e+00 
 5.674951e-01 -1.018816e+00 
 5.678181e-01 -1.018894e+00 
 5.681411e-01 -1.018972e+00 
 5.684641e-01 -1.019051e+00 
 5.687871e-01 -1.019130e+00 
 5.691101e-01 -1.019208e+00 
 5.694331e-01 -1.019286e+00 
 5.697561e-01 -1.019363e+00 
 5.700790e-01 -1.019436e+00 
 5.704020e-01 -1.019506e+00 
 5.707250e-01 -1.019575e+00 
 5.710480e-01 -1.019640e+00 
 5.713710e-01 -1.019702e+00 
 5.716940e-01 -1.019759e+00 
 5.720170e-01 -1.019812e+00 
 5.723400e-01 -1.019860e+00 
 5.726630e-01 -1.019904e+00 
 5.729860e-01 -1.019944e+00 
 5.733090e-01 -1.019979e+00 
 5.736319e-01 -1.020008e+00 
 5.739549e-01 -1.020031e+00 
 5.742779e-01 -1.020050e+00 
 5.746009e-01 -1.020063e+00 
 5.749239e-01 -1.020070e+00 
 5.752469e-01 -1.020072e+00 
 5.755699e-01 -1.020069e+00 
 5.758929e-01 -1.020062e+00 
 5.762159e-01 -1.020051e+00 
 5.765389e-01 -1.020036e+00 
 5.768619e-01 -1.020016e+00 
 5.771849e-01 -1.019992e+00 
 5.775078e-01 -1.019963e+00 
 5.778308e-01 -1.019932e+00 
 5.781538e-01 -1.019898e+00 
 5.784768e-01 -1.019860e+00 
 5.787998e-01 -1.019820e+00 
 5.791228e-01 -1.019778e+00 
 5.794458e-01 -1.019734e+00 
 5.797688e-01 -1.019690e+00 
 5.800918e-01 -1.019645e+00 
 5.804148e-01 -1.019600e+00 
 5.807378e-01 -1.019555e+00 
 5.810607e-01 -1.019511e+00 
 5.813837e-01 -1.019468e+00 
 5.817067e-01 -1.019427e+00 
 5.820297e-01 -1.019386e+00 
 5.823527e-01 -1.019346e+00 
 5.826757e-01 -1.019309e+00 
 5.829987e-01 -1.019275e+00 
 5.833217e-01 -1.019244e+00 
 5.836447e-01 -1.019216e+00 
 5.839677e-01 -1.019191e+00 
 5.842907e-01 -1.019170e+00 
 5.846136e-01 -1.019153e+00 
 5.849366e-01 -1.019141e+00 
 5.852596e-01 -1.019133e+00 
 5.855826e-01 -1.019128e+00 
 5.859056e-01 -1.019127e+00 
 5.862286e-01 -1.019131e+00 
 5.865516e-01 -1.019138e+00 
 5.868746e-01 -1.019148e+00 
 5.871976e-01 -1.019161e+00 
 5.875206e-01 -1.019176e+00 
 5.878436e-01 -1.019195e+00 
 5.881665e-01 -1.019217e+00 
 5.884895e-01 -1.019243e+00 
 5.888125e-01 -1.019271e+00 
 5.891355e-01 -1.019302e+00 
 5.894585e-01 -1.019334e+00 
 5.897815e-01 -1.019368e+00 
 5.901045e-01 -1.019403e+00 
 5.904275e-01 -1.019439e+00 
 5.907505e-01 -1.019474e+00 
 5.910735e-01 -1.019508e+00 
 5.913965e-01 -1.019542e+00 
 5.917194e-01 -1.019576e+00 
 5.920424e-01 -1.019608e+00 
 5.923654e-01 -1.019639e+00 
 5.926884e-01 -1.019668e+00 
 5.930114e-01 -1.019695e+00 
 5.933344e-01 -1.019720e+00 
 5.936574e-01 -1.019744e+00 
 5.939804e-01 -1.019764e+00 
 5.943034e-01 -1.019781e+00 
 5.946264e-01 -1.019794e+00 
 5.949494e-01 -1.019803e+00 
 5.952723e-01 -1.019808e+00 
 5.955953e-01 -1.019807e+00 
 5.959183e-01 -1.019803e+00 
 5.962413e-01 -1.019794e+00 
 5.965643e-01 -1.019781e+00 
 5.968873e-01 -1.019764e+00 
 5.972103e-01 -1.019743e+00 
 5.975333e-01 -1.019717e+00 
 5.978563e-01 -1.019687e+00 
 5.981793e-01 -1.019652e+00 
 5.985023e-01 -1.019613e+00 
 5.988252e-01 -1.019571e+00 
 5.991482e-01 -1.019525e+00 
 5.994712e-01 -1.019475e+00 
 5.997942e-01 -1.019421e+00 
 6.001172e-01 -1.019364e+00 
 6.004402e-01 -1.019304e+00 
 6.007632e-01 -1.019242e+00 
 6.010862e-01 -1.019178e+00 
 6.014092e-01 -1.019113e+00 
 6.017322e-01 -1.019047e+00 
 6.020552e-01 -1.018981e+00 
 6.023781e-01 -1.018914e+00 
 6.027011e-01 -1.018847e+00 
 6.030241e-01 -1.018780e+00 
 6.033471e-01 -1.018714e+00 
 6.036701e-01 -1.018650e+00 
 6.039931e-01 -1.018587e+00 
 6.043161e-01 -1.018526e+00 
 6.046391e-01 -1.018468e+00 
 6.049621e-01 -1.018412e+00 
 6.052851e-01 -1.018360e+00 
 6.056081e-01 -1.018311e+00 
 6.059310e-01 -1.018266e+00 
 6.062540e-01 -1.018225e+00 
 6.065770e-01 -1.018188e+00 
 6.069000e-01 -1.018155e+00 
 6.072230e-01 -1.018128e+00 
 6.075460e-01 -1.018105e+00 
 6.078690e-01 -1.018087e+00 
 6.081920e-01 -1.018074e+00 
 6.085150e-01 -1.018066e+00 
 6.088380e-01 -1.018064e+00 
 6.091610e-01 -1.018068e+00 
 6.094839e-01 -1.018077e+00 
 6.098069e-01 -1.018090e+00 
 6.101299e-01 -1.018109e+00 
 6.104529e-01 -1.018133e+00 
 6.107759e-01 -1.018161e+00 
 6.110989e-01 -1.018193e+00 
 6.114219e-01 -1.018229e+00 
 6.117449e-01 -1.018269e+00 
 6.120679e-01 -1.018312e+00 
 6.123909e-01 -1.018360e+00 
 6.127139e-01 -1.018411e+00 
 6.130368e-01 -1.018463e+00 
 6.133598e-01 -1.018518e+00 
 6.136828e-01 -1.018575e+00 
 6.140058e-01 -1.018633e+00 
 6.143288e-01 -1.018693e+00 
 6.146518e-01 -1.018753e+00 
 6.149748e-01 -1.018812e+00 
 6.152978e-01 -1.018871e+00 
 6.156208e-01 -1.018929e+00 
 6.159438e-01 -1.018985e+00 
 6.162668e-01 -1.019039e+00 
 6.165897e-01 -1.019091e+00 
 6.169127e-01 -1.019141e+00 
 6.172357e-01 -1.019189e+00 
 6.175587e-01 -1.019235e+00 
 6.178817e-01 -1.019277e+00 
 6.182047e-01 -1.019315e+00 
 6.185277e-01 -1.019349e+00 
 6.188507e-01 -1.019380e+00 
 6.191737e-01 -1.019407e+00 
 6.194967e-01 -1.019429e+00 
 6.198197e-01 -1.019447e+00 
 6.201426e-01 -1.019460e+00 
 6.204656e-01 -1.019469e+00 
 6.207886e-01 -1.019474e+00 
 6.211116e-01 -1.019475e+00 
 6.214346e-01 -1.019471e+00 
 6.217576e-01 -1.019465e+00 
 6.220806e-01 -1.019455e+00 
 6.224036e-01 -1.019443e+00 
 6.227266e-01 -1.019427e+00 
 6.230496e-01 -1.019408e+00 
 6.233726e-01 -1.019387e+00 
 6.236955e-01 -1.019363e+00 
 6.240185e-01 -1.019336e+00 
 6.243415e-01 -1.019309e+00 
 6.246645e-01 -1.019280e+00 
 6.249875e-01 -1.019250e+00 
 6.253105e-01 -1.019220e+00 
 6.256335e-01 -1.019190e+00 
 6.259565e-01 -1.019162e+00 
 6.262795e-01 -1.019135e+00 
 6.266025e-01 -1.019109e+00 
 6.269255e-01 -1.019086e+00 
 6.272485e-01 -1.019064e+00 
 6.275714e-01 -1.019046e+00 
 6.278944e-01 -1.019030e+00 
 6.282174e-01 -1.019018e+00 
 6.285404e-01 -1.019008e+00 
 6.288634e-01 -1.019002e+00 
 6.291864e-01 -1.019001e+00 
 6.295094e-01 -1.019003e+00 
 6.298324e-01 -1.019010e+00 
 6.301554e-01 -1.019022e+00 
 6.304784e-01 -1.019038e+00 
 6.308014e-01 -1.019060e+00 
 6.311243e-01 -1.019087e+00 
 6.314473e-01 -1.019119e+00 
 6.317703e-01 -1.019154e+00 
 6.320933e-01 -1.019195e+00 
 6.324163e-01 -1.019239e+00 
 6.327393e-01 -1.019288e+00 
 6.330623e-01 -1.019341e+00 
 6.333853e-01 -1.019397e+00 
 6.337083e-01 -1.019456e+00 
 6.340313e-01 -1.019518e+00 
 6.343543e-01 -1.019585e+00 
 6.346772e-01 -1.019653e+00 
 6.350002e-01 -1.019724e+00 
 6.353232e-01 -1.019797e+00 
 6.356462e-01 -1.019870e+00 
 6.359692e-01 -1.019945e+00 
 6.362922e-01 -1.020022e+00 
 6.366152e-01 -1.020097e+00 
 6.369382e-01 -1.020172e+00 
 6.372612e-01 -1.020246e+00 
 6.375842e-01 -1.020320e+00 
 6.379072e-01 -1.020392e+00 
 6.382301e-01 -1.020463e+00 
 6.385531e-01 -1.020531e+00 
 6.388761e-01 -1.020596e+00 
 6.391991e-01 -1.020658e+00 
 6.395221e-01 -1.020718e+00 
 6.398451e-01 -1.020773e+00 
 6.401681e-01 -1.020825e+00 
 6.404911e-01 -1.020871e+00 
 6.408141e-01 -1.020914e+00 
 6.411371e-01 -1.020951e+00 
 6.414601e-01 -1.020985e+00 
 6.417830e-01 -1.021013e+00 
 6.421060e-01 -1.021036e+00 
 6.424290e-01 -1.021054e+00 
 6.427520e-01 -1.021068e+00 
 6.430750e-01 -1.021076e+00 
 6.433980e-01 -1.021079e+00 
 6.437210e-01 -1.021076e+00 
 6.440440e-01 -1.021069e+00 
 6.443670e-01 -1.021056e+00 
 6.446900e-01 -1.021039e+00 
 6.450130e-01 -1.021018e+00 
 6.453359e-01 -1.020992e+00 
 6.456589e-01 -1.020961e+00 
 6.459819e-01 -1.020928e+00 
 6.463049e-01 -1.020891e+00 
 6.466279e-01 -1.020851e+00 
 6.469509e-01 -1.020808e+00 
 6.472739e-01 -1.020763e+00 
 6.475969e-01 -1.020715e+00 
 6.479199e-01 -1.020666e+00 
 6.482429e-01 -1.020615e+00 
 6.485659e-01 -1.020564e+00 
 6.488888e-01 -1.020511e+00 
 6.492118e-01 -1.020457e+00 
 6.495348e-01 -1.020405e+00 
 6.498578e-01 -1.020352e+00 
 6.501808e-01 -1.020301e+00 
 6.505038e-01 -1.020250e+00 
 6.508268e-01 -1.020200e+00 
 6.511498e-01 -1.020153e+00 
 6.514728e-01 -1.020109e+00 
 6.517958e-01 -1.020067e+00 
 6.521188e-01 -1.020027e+00 
 6.524417e-01 -1.019989e+00 
 6.527647e-01 -1.019955e+00 
 6.530877e-01 -1.019923e+00 
 6.534107e-01 -1.019895e+00 
 6.537337e-01 -1.019871e+00 
 6.540567e-01 -1.019849e+00 
 6.543797e-01 -1.019831e+00 
 6.547027e-01 -1.019817e+00 
 6.550257e-01 -1.019807e+00 
 6.553487e-01 -1.019800e+00 
 6.556717e-01 -1.019796e+00 
 6.559946e-01 -1.019796e+00 
 6.563176e-01 -1.019798e+00 
 6.566406e-01 -1.019804e+00 
 6.569636e-01 -1.019813e+00 
 6.572866e-01 -1.019824e+00 
 6.576096e-01 -1.019837e+00 
 6.579326e-01 -1.019852e+00 
 6.582556e-01 -1.019869e+00 
 6.585786e-01 -1.019887e+00 
 6.589016e-01 -1.019906e+00 
 6.592246e-01 -1.019926e+00 
 6.595475e-01 -1.019946e+00 
 6.598705e-01 -1.019967e+00 
 6.601935e-01 -1.019988e+00 
 6.605165e-01 -1.020009e+00 
 6.608395e-01 -1.020028e+00 
 6.611625e-01 -1.020045e+00 
 6.614855e-01 -1.020061e+00 
 6.618085e-01 -1.020075e+00 
 6.621315e-01 -1.020087e+00 
 6.624545e-01 -1.020096e+00 
 6.627775e-01 -1.020102e+00 
 6.631004e-01 -1.020104e+00 
 6.634234e-01 -1.020104e+00 
 6.637464e-01 -1.020100e+00 
 6.640694e-01 -1.020092e+00 
 6.643924e-01 -1.020080e+00 
 6.647154e-01 -1.020064e+00 
 6.650384e-01 -1.020044e+00 
 6.653614e-01 -1.020021e+00 
 6.656844e-01 -1.019994e+00 
 6.660074e-01 -1.019962e+00 
 6.663304e-01 -1.019925e+00 
 6.666533e-01 -1.019884e+00 
 6.669763e-01 -1.019839e+00 
 6.672993e-01 -1.019791e+00 
 6.676223e-01 -1.019739e+00 
 6.679453e-01 -1.019683e+00 
 6.682683e-01 -1.019624e+00 
 6.685913e-01 -1.019563e+00 
 6.689143e-01 -1.019499e+00 
 6.692373e-01 -1.019433e+00 
 6.695603e-01 -1.019365e+00 
 6.698833e-01 -1.019296e+00 
 6.702062e-01 -1.019226e+00 
 6.705292e-01 -1.019157e+00 
 6.708522e-01 -1.019087e+00 
 6.711752e-01 -1.019017e+00 
 6.714982e-01 -1.018947e+00 
 6.718212e-01 -1.018878e+00 
 6.721442e-01 -1.018811e+00 
 6.724672e-01 -1.018746e+00 
 6.727902e-01 -1.018683e+00 
 6.731132e-01 -1.018623e+00 
 6.734362e-01 -1.018566e+00 
 6.737591e-01 -1.018513e+00 
 6.740821e-01 -1.018464e+00 
 6.744051e-01 -1.018419e+00 
 6.747281e-01 -1.018378e+00 
 6.750511e-01 -1.018342e+00 
 6.753741e-01 -1.018311e+00 
 6.756971e-01 -1.018286e+00 
 6.760201e-01 -1.018267e+00 
 6.763431e-01 -1.018252e+00 
 6.766661e-01 -1.018242e+00 
 6.769891e-01 -1.018237e+00 
 6.773121e-01 -1.018239e+00 
 6.776350e-01 -1.018246e+00 
 6.779580e-01 -1.018258e+00 
 6.782810e-01 -1.018275e+00 
 6.786040e-01 -1.018297e+00 
 6.789270e-01 -1.018325e+00 
 6.792500e-01 -1.018358e+00 
 6.795730e-01 -1.018395e+00 
 6.798960e-01 -1.018435e+00 
 6.802190e-01 -1.018479e+00 
 6.805420e-01 -1.018527e+00 
 6.808650e-01 -1.018580e+00 
 6.811879e-01 -1.018634e+00 
 6.815109e-01 -1.018690e+00 
 6.818339e-01 -1.018748e+00 
 6.821569e-01 -1.018808e+00 
 6.824799e-01 -1.018869e+00 
 6.828029e-01 -1.018931e+00 
 6.831259e-01 -1.018993e+00 
 6.834489e-01 -1.019054e+00 
 6.837719e-01 -1.019115e+00 
 6.840949e-01 -1.019176e+00 
 6.844179e-01 -1.019236e+00 
 6.847408e-01 -1.019293e+00 
 6.850638e-01 -1.019349e+00 
 6.853868e-01 -1.019402e+00 
 6.857098e-01 -1.019452e+00 
 6.860328e-01 -1.019501e+00 
 6.863558e-01 -1.019547e+00 
 6.866788e-01 -1.019588e+00 
 6.870018e-01 -1.019626e+00 
 6.873248e-01 -1.019660e+00 
 6.876478e-01 -1.019691e+00 
 6.879708e-01 -1.019719e+00 
 6.882937e-01 -1.019742e+00 
 6.886167e-01 -1.019761e+00 
 6.889397e-01 -1.019777e+00 
 6.892627e-01 -1.019789e+00 
 6.895857e-01 -1.019798e+00 
 6.899087e-01 -1.019804e+00 
 6.902317e-01 -1.019806e+00 
 6.905547e-01 -1.019804e+00 
 6.908777e-01 -1.019800e+00 
 6.912007e-01 -1.019794e+00 
 6.915237e-01 -1.019784e+00 
 6.918466e-01 -1.019772e+00 
 6.921696e-01 -1.019757e+00 
 6.924926e-01 -1.019740e+00 
 6.928156e-01 -1.019723e+00 
 6.931386e-01 -1.019705e+00 
 6.934616e-01 -1.019686e+00 
 6.937846e-01 -1.019666e+00 
 6.941076e-01 -1.019647e+00 
 6.944306e-01 -1.019629e+00 
 6.947536e-01 -1.019612e+00 
 6.950766e-01 -1.019596e+00 
 6.953995e-01 -1.019581e+00 
 6.957225e-01 -1.019567e+00 
 6.960455e-01 -1.019555e+00 
 6.963685e-01 -1.019546e+00 
 6.966915e-01 -1.019539e+00 
 6.970145e-01 -1.019534e+00 
 6.973375e-01 -1.019532e+00 
 6.976605e-01 -1.019534e+00 
 6.979835e-01 -1.019540e+00 
 6.983065e-01 -1.019549e+00 
 6.986295e-01 -1.019562e+00 
 6.989524e-01 -1.019580e+00 
 6.992754e-01 -1.019601e+00 
 6.995984e-01 -1.019626e+00 
 6.999214e-01 -1.019655e+00 
 7.002444e-01 -1.019686e+00 
 7.005674e-01 -1.019721e+00 
 7.008904e-01 -1.019759e+00 
 7.012134e-01 -1.019801e+00 
 7.015364e-01 -1.019846e+00 
 7.018594e-01 -1.019895e+00 
 7.021824e-01 -1.019946e+00 
 7.025053e-01 -1.019999e+00 
 7.028283e-01 -1.020055e+00 
 7.031513e-01 -1.020114e+00 
 7.034743e-01 -1.020175e+00 
 7.037973e-01 -1.020238e+00 
 7.041203e-01 -1.020300e+00 
 7.044433e-01 -1.020364e+00 
 7.047663e-01 -1.020428e+00 
 7.050893e-01 -1.020491e+00 
 7.054123e-01 -1.020553e+00 
 7.057353e-01 -1.020615e+00 
 7.060582e-01 -1.020676e+00 
 7.063812e-01 -1.020735e+00 
 7.067042e-01 -1.020794e+00 
 7.070272e-01 -1.020851e+00 
 7.073502e-01 -1.020905e+00 
 7.076732e-01 -1.020956e+00 
 7.079962e-01 -1.021005e+00 
 7.083192e-01 -1.021050e+00 
 7.086422e-01 -1.021091e+00 
 7.089652e-01 -1.021128e+00 
 7.092882e-01 -1.021161e+00 
 7.096111e-01 -1.021188e+00 
 7.099341e-01 -1.021212e+00 
 7.102571e-01 -1.021230e+00 
 7.105801e-01 -1.021243e+00 
 7.109031e-01 -1.021251e+00 
 7.112261e-01 -1.021255e+00 
 7.115491e-01 -1.021254e+00 
 7.118721e-01 -1.021249e+00 
 7.121951e-01 -1.021239e+00 
 7.125181e-01 -1.021223e+00 
 7.128411e-01 -1.021203e+00 
 7.131640e-01 -1.021179e+00 
 7.134870e-01 -1.021150e+00 
 7.138100e-01 -1.021117e+00 
 7.141330e-01 -1.021080e+00 
 7.144560e-01 -1.021039e+00 
 7.147790e-01 -1.020994e+00 
 7.151020e-01 -1.020947e+00 
 7.154250e-01 -1.020897e+00 
 7.157480e-01 -1.020843e+00 
 7.160710e-01 -1.020787e+00 
 7.163940e-01 -1.020731e+00 
 7.167169e-01 -1.020673e+00 
 7.170399e-01 -1.020615e+00 
 7.173629e-01 -1.020556e+00 
 7.176859e-01 -1.020497e+00 
 7.180089e-01 -1.020437e+00 
 7.183319e-01 -1.020378e+00 
 7.186549e-01 -1.020320e+00 
 7.189779e-01 -1.020263e+00 
 7.193009e-01 -1.020208e+00 
 7.196239e-01 -1.020155e+00 
 7.199469e-01 -1.020103e+00 
 7.202698e-01 -1.020054e+00 
 7.205928e-01 -1.020006e+00 
 7.209158e-01 -1.019961e+00 
 7.212388e-01 -1.019919e+00 
 7.215618e-01 -1.019882e+00 
 7.218848e-01 -1.019848e+00 
 7.222078e-01 -1.019819e+00 
 7.225308e-01 -1.019793e+00 
 7.228538e-01 -1.019770e+00 
 7.231768e-01 -1.019751e+00 
 7.234998e-01 -1.019736e+00 
 7.238228e-01 -1.019725e+00 
 7.241457e-01 -1.019717e+00 
 7.244687e-01 -1.019712e+00 
 7.247917e-01 -1.019711e+00 
 7.251147e-01 -1.019713e+00 
 7.254377e-01 -1.019716e+00 
 7.257607e-01 -1.019721e+00 
 7.260837e-01 -1.019728e+00 
 7.264067e-01 -1.019739e+00 
 7.267297e-01 -1.019752e+00 
 7.270527e-01 -1.019766e+00 
 7.273757e-01 -1.019783e+00 
 7.276986e-01 -1.019800e+00 
 7.280216e-01 -1.019817e+00 
 7.283446e-01 -1.019835e+00 
 7.286676e-01 -1.019852e+00 
 7.289906e-01 -1.019868e+00 
 7.293136e-01 -1.019882e+00 
 7.296366e-01 -1.019895e+00 
 7.299596e-01 -1.019906e+00 
 7.302826e-01 -1.019915e+00 
 7.306056e-01 -1.019921e+00 
 7.309286e-01 -1.019924e+00 
 7.312515e-01 -1.019924e+00 
 7.315745e-01 -1.019923e+00 
 7.318975e-01 -1.019920e+00 
 7.322205e-01 -1.019913e+00 
 7.325435e-01 -1.019904e+00 
 7.328665e-01 -1.019890e+00 
 7.331895e-01 -1.019872e+00 
 7.335125e-01 -1.019850e+00 
 7.338355e-01 -1.019824e+00 
 7.341585e-01 -1.019794e+00 
 7.344815e-01 -1.019760e+00 
 7.348044e-01 -1.019722e+00 
 7.351274e-01 -1.019681e+00 
 7.354504e-01 -1.019637e+00 
 7.357734e-01 -1.019589e+00 
 7.360964e-01 -1.019539e+00 
 7.364194e-01 -1.019486e+00 
 7.367424e-01 -1.019431e+00 
 7.370654e-01 -1.019375e+00 
 7.373884e-01 -1.019317e+00 
 7.377114e-01 -1.019257e+00 
 7.380344e-01 -1.019196e+00 
 7.383573e-01 -1.019133e+00 
 7.386803e-01 -1.019069e+00 
 7.390033e-01 -1.019005e+00 
 7.393263e-01 -1.018941e+00 
 7.396493e-01 -1.018878e+00 
 7.399723e-01 -1.018817e+00 
 7.402953e-01 -1.018758e+00 
 7.406183e-01 -1.018702e+00 
 7.409413e-01 -1.018647e+00 
 7.412643e-01 -1.018594e+00 
 7.415873e-01 -1.018545e+00 
 7.419102e-01 -1.018500e+00 
 7.422332e-01 -1.018458e+00 
 7.425562e-01 -1.018421e+00 
 7.428792e-01 -1.018387e+00 
 7.432022e-01 -1.018357e+00 
 7.435252e-01 -1.018332e+00 
 7.438482e-01 -1.018311e+00 
 7.441712e-01 -1.018296e+00 
 7.444942e-01 -1.018285e+00 
 7.448172e-01 -1.018280e+00 
 7.451402e-01 -1.018281e+00 
 7.454631e-01 -1.018290e+00 
 7.457861e-01 -1.018302e+00 
 7.461091e-01 -1.018319e+00 
 7.464321e-01 -1.018340e+00 
 7.467551e-01 -1.018365e+00 
 7.470781e-01 -1.018397e+00 
 7.474011e-01 -1.018433e+00 
 7.477241e-01 -1.018473e+00 
 7.480471e-01 -1.018517e+00 
 7.483701e-01 -1.018564e+00 
 7.486931e-01 -1.018615e+00 
 7.490160e-01 -1.018669e+00 
 7.493390e-01 -1.018726e+00 
 7.496620e-01 -1.018785e+00 
 7.499850e-01 -1.018847e+00 
 7.503080e-01 -1.018912e+00 
 7.506310e-01 -1.018980e+00 
 7.509540e-01 -1.019049e+00 
 7.512770e-01 -1.019116e+00 
 7.516000e-01 -1.019184e+00 
 7.519230e-01 -1.019251e+00 
 7.522460e-01 -1.019319e+00 
 7.525689e-01 -1.019386e+00 
 7.528919e-01 -1.019451e+00 
 7.532149e-01 -1.019514e+00 
 7.535379e-01 -1.019575e+00 
 7.538609e-01 -1.019634e+00 
 7.541839e-01 -1.019691e+00 
 7.545069e-01 -1.019744e+00 
 7.548299e-01 -1.019795e+00 
 7.551529e-01 -1.019842e+00 
 7.554759e-01 -1.019888e+00 
 7.557989e-01 -1.019932e+00 
 7.561218e-01 -1.019972e+00 
 7.564448e-01 -1.020005e+00 
 7.567678e-01 -1.020035e+00 
 7.570908e-01 -1.020062e+00 
 7.574138e-01 -1.020084e+00 
 7.577368e-01 -1.020103e+00 
 7.580598e-01 -1.020118e+00 
 7.583828e-01 -1.020129e+00 
 7.587058e-01 -1.020135e+00 
 7.590288e-01 -1.020140e+00 
 7.593518e-01 -1.020141e+00 
 7.596747e-01 -1.020139e+00 
 7.599977e-01 -1.020134e+00 
 7.603207e-01 -1.020128e+00 
 7.606437e-01 -1.020121e+00 
 7.609667e-01 -1.020115e+00 
 7.612897e-01 -1.020105e+00 
 7.616127e-01 -1.020093e+00 
 7.619357e-01 -1.020079e+00 
 7.622587e-01 -1.020064e+00 
 7.625817e-01 -1.020049e+00 
 7.629047e-01 -1.020034e+00 
 7.632276e-01 -1.020019e+00 
 7.635506e-01 -1.020005e+00 
 7.638736e-01 -1.019992e+00 
 7.641966e-01 -1.019981e+00 
 7.645196e-01 -1.019972e+00 
 7.648426e-01 -1.019964e+00 
 7.651656e-01 -1.019959e+00 
 7.654886e-01 -1.019956e+00 
 7.658116e-01 -1.019958e+00 
 7.661346e-01 -1.019963e+00 
 7.664576e-01 -1.019970e+00 
 7.667805e-01 -1.019978e+00 
 7.671035e-01 -1.019989e+00 
 7.674265e-01 -1.020003e+00 
 7.677495e-01 -1.020021e+00 
 7.680725e-01 -1.020043e+00 
 7.683955e-01 -1.020068e+00 
 7.687185e-01 -1.020097e+00 
 7.690415e-01 -1.020129e+00 
 7.693645e-01 -1.020165e+00 
 7.696875e-01 -1.020205e+00 
 7.700105e-01 -1.020248e+00 
 7.703334e-01 -1.020293e+00 
 7.706564e-01 -1.020341e+00 
 7.709794e-01 -1.020392e+00 
 7.713024e-01 -1.020445e+00 
 7.716254e-01 -1.020500e+00 
 7.719484e-01 -1.020553e+00 
 7.722714e-01 -1.020608e+00 
 7.725944e-01 -1.020664e+00 
 7.729174e-01 -1.020721e+00 
 7.732404e-01 -1.020779e+00 
 7.735634e-01 -1.020837e+00 
 7.738864e-01 -1.020894e+00 
 7.742093e-01 -1.020951e+00 
 7.745323e-01 -1.021008e+00 
 7.748553e-01 -1.021063e+00 
 7.751783e-01 -1.021115e+00 
 7.755013e-01 -1.021165e+00 
 7.758243e-01 -1.021213e+00 
 7.761473e-01 -1.021258e+00 
 7.764703e-01 -1.021300e+00 
 7.767933e-01 -1.021337e+00 
 7.771163e-01 -1.021370e+00 
 7.774393e-01 -1.021399e+00 
 7.777622e-01 -1.021424e+00 
 7.780852e-01 -1.021446e+00 
 7.784082e-01 -1.021464e+00 
 7.787312e-01 -1.021477e+00 
 7.790542e-01 -1.021486e+00 
 7.793772e-01 -1.021490e+00 
 7.797002e-01 -1.021490e+00 
 7.800232e-01 -1.021485e+00 
 7.803462e-01 -1.021476e+00 
 7.806692e-01 -1.021460e+00 
 7.809922e-01 -1.021441e+00 
 7.813151e-01 -1.021417e+00 
 7.816381e-01 -1.021389e+00 
 7.819611e-01 -1.021356e+00 
 7.822841e-01 -1.021318e+00 
 7.826071e-01 -1.021276e+00 
 7.829301e-01 -1.021232e+00 
 7.832531e-01 -1.021185e+00 
 7.835761e-01 -1.021136e+00 
 7.838991e-01 -1.021085e+00 
 7.842221e-01 -1.021031e+00 
 7.845451e-01 -1.020976e+00 
 7.848680e-01 -1.020919e+00 
 7.851910e-01 -1.020861e+00 
 7.855140e-01 -1.020803e+00 
 7.858370e-01 -1.020743e+00 
 7.861600e-01 -1.020683e+00 
 7.864830e-01 -1.020624e+00 
 7.868060e-01 -1.020565e+00 
 7.871290e-01 -1.020508e+00 
 7.874520e-01 -1.020451e+00 
 7.877750e-01 -1.020395e+00 
 7.880980e-01 -1.020343e+00 
 7.884209e-01 -1.020294e+00 
 7.887439e-01 -1.020248e+00 
 7.890669e-01 -1.020205e+00 
 7.893899e-01 -1.020165e+00 
 7.897129e-01 -1.020127e+00 
 7.900359e-01 -1.020094e+00 
 7.903589e-01 -1.020064e+00 
 7.906819e-01 -1.020037e+00 
 7.910049e-01 -1.020013e+00 
 7.913279e-01 -1.019992e+00 
 7.916509e-01 -1.019975e+00 
 7.919738e-01 -1.019963e+00 
 7.922968e-01 -1.019953e+00 
 7.926198e-01 -1.019947e+00 
 7.929428e-01 -1.019944e+00 
 7.932658e-01 -1.019945e+00 
 7.935888e-01 -1.019951e+00 
 7.939118e-01 -1.019959e+00 
 7.942348e-01 -1.019970e+00 
 7.945578e-01 -1.019981e+00 
 7.948808e-01 -1.019995e+00 
 7.952038e-01 -1.020011e+00 
 7.955267e-01 -1.020029e+00 
 7.958497e-01 -1.020046e+00 
 7.961727e-01 -1.020065e+00 
 7.964957e-01 -1.020083e+00 
 7.968187e-01 -1.020102e+00 
 7.971417e-01 -1.020122e+00 
 7.974647e-01 -1.020141e+00 
 7.977877e-01 -1.020159e+00 
 7.981107e-01 -1.020175e+00 
 7.984337e-01 -1.020191e+00 
 7.987567e-01 -1.020206e+00 
 7.990796e-01 -1.020218e+00 
 7.994026e-01 -1.020228e+00 
 7.997256e-01 -1.020234e+00 
 8.000486e-01 -1.020236e+00 
 8.003716e-01 -1.020237e+00 
 8.006946e-01 -1.020234e+00 
 8.010176e-01 -1.020227e+00 
 8.013406e-01 -1.020216e+00 
 8.016636e-01 -1.020202e+00 
 8.019866e-01 -1.020185e+00 
 8.023096e-01 -1.020164e+00 
 8.026325e-01 -1.020140e+00 
 8.029555e-01 -1.020112e+00 
 8.032785e-01 -1.020080e+00 
 8.036015e-01 -1.020046e+00 
 8.039245e-01 -1.020008e+00 
 8.042475e-01 -1.019968e+00 
 8.045705e-01 -1.019924e+00 
 8.048935e-01 -1.019876e+00 
 8.052165e-01 -1.019826e+00 
 8.055395e-01 -1.019774e+00 
 8.058625e-01 -1.019721e+00 
 8.061854e-01 -1.019665e+00 
 8.065084e-01 -1.019609e+00 
 8.068314e-01 -1.019551e+00 
 8.071544e-01 -1.019494e+00 
 8.074774e-01 -1.019436e+00 
 8.078004e-01 -1.019379e+00 
 8.081234e-01 -1.019321e+00 
 8.084464e-01 -1.019265e+00 
 8.087694e-01 -1.019211e+00 
 8.090924e-01 -1.019158e+00 
 8.094154e-01 -1.019108e+00 
 8.097383e-01 -1.019059e+00 
 8.100613e-01 -1.019012e+00 
 8.103843e-01 -1.018968e+00 
 8.107073e-01 -1.018927e+00 
 8.110303e-01 -1.018890e+00 
 8.113533e-01 -1.018857e+00 
 8.116763e-01 -1.018828e+00 
 8.119993e-01 -1.018803e+00 
 8.123223e-01 -1.018784e+00 
 8.126453e-01 -1.018769e+00 
 8.129683e-01 -1.018759e+00 
 8.132912e-01 -1.018753e+00 
 8.136142e-01 -1.018752e+00 
 8.139372e-01 -1.018755e+00 
 8.142602e-01 -1.018764e+00 
 8.145832e-01 -1.018777e+00 
 8.149062e-01 -1.018794e+00 
 8.152292e-01 -1.018815e+00 
 8.155522e-01 -1.018839e+00 
 8.158752e-01 -1.018869e+00 
 8.161982e-01 -1.018902e+00 
 8.165212e-01 -1.018940e+00 
 8.168441e-01 -1.018981e+00 
 8.171671e-01 -1.019025e+00 
 8.174901e-01 -1.019073e+00 
 8.178131e-01 -1.019123e+00 
 8.181361e-01 -1.019176e+00 
 8.184591e-01 -1.019230e+00 
 8.187821e-01 -1.019286e+00 
 8.191051e-01 -1.019342e+00 
 8.194281e-01 -1.019400e+00 
 8.197511e-01 -1.019457e+00 
 8.200741e-01 -1.019514e+00 
 8.203971e-01 -1.019570e+00 
 8.207200e-01 -1.019624e+00 
 8.210430e-01 -1.019679e+00 
 8.213660e-01 -1.019734e+00 
 8.216890e-01 -1.019787e+00 
 8.220120e-01 -1.019838e+00 
 8.223350e-01 -1.019887e+00 
 8.226580e-01 -1.019935e+00 
 8.229810e-01 -1.019979e+00 
 8.233040e-01 -1.020021e+00 
 8.236270e-01 -1.020059e+00 
 8.239500e-01 -1.020092e+00 
 8.242729e-01 -1.020123e+00 
 8.245959e-01 -1.020150e+00 
 8.249189e-01 -1.020174e+00 
 8.252419e-01 -1.020193e+00 
 8.255649e-01 -1.020209e+00 
 8.258879e-01 -1.020220e+00 
 8.262109e-01 -1.020229e+00 
 8.265339e-01 -1.020236e+00 
 8.268569e-01 -1.020239e+00 
 8.271799e-01 -1.020239e+00 
 8.275029e-01 -1.020235e+00 
 8.278258e-01 -1.020229e+00 
 8.281488e-01 -1.020219e+00 
 8.284718e-01 -1.020206e+00 
 8.287948e-01 -1.020191e+00 
 8.291178e-01 -1.020172e+00 
 8.294408e-01 -1.020152e+00 
 8.297638e-01 -1.020131e+00 
 8.300868e-01 -1.020109e+00 
 8.304098e-01 -1.020086e+00 
 8.307328e-01 -1.020061e+00 
 8.310558e-01 -1.020036e+00 
 8.313787e-01 -1.020012e+00 
 8.317017e-01 -1.019989e+00 
 8.320247e-01 -1.019966e+00 
 8.323477e-01 -1.019943e+00 
 8.326707e-01 -1.019921e+00 
 8.329937e-01 -1.019901e+00 
 8.333167e-01 -1.019882e+00 
 8.336397e-01 -1.019865e+00 
 8.339627e-01 -1.019850e+00 
 8.342857e-01 -1.019837e+00 
 8.346087e-01 -1.019827e+00 
 8.349316e-01 -1.019820e+00 
 8.352546e-01 -1.019816e+00 
 8.355776e-01 -1.019816e+00 
 8.359006e-01 -1.019818e+00 
 8.362236e-01 -1.019822e+00 
 8.365466e-01 -1.019831e+00 
 8.368696e-01 -1.019844e+00 
 8.371926e-01 -1.019859e+00 
 8.375156e-01 -1.019877e+00 
 8.378386e-01 -1.019898e+00 
 8.381616e-01 -1.019923e+00 
 8.384845e-01 -1.019950e+00 
 8.388075e-01 -1.019979e+00 
 8.391305e-01 -1.020011e+00 
 8.394535e-01 -1.020045e+00 
 8.397765e-01 -1.020081e+00 
 8.400995e-01 -1.020120e+00 
 8.404225e-01 -1.020160e+00 
 8.407455e-01 -1.020201e+00 
 8.410685e-01 -1.020243e+00 
 8.413915e-01 -1.020285e+00 
 8.417145e-01 -1.020328e+00 
 8.420374e-01 -1.020372e+00 
 8.423604e-01 -1.020414e+00 
 8.426834e-01 -1.020456e+00 
 8.430064e-01 -1.020497e+00 
 8.433294e-01 -1.020537e+00 
 8.436524e-01 -1.020574e+00 
 8.439754e-01 -1.020609e+00 
 8.442984e-01 -1.020642e+00 
 8.446214e-01 -1.020671e+00 
 8.449444e-01 -1.020698e+00 
 8.452674e-01 -1.020722e+00 
 8.455903e-01 -1.020742e+00 
 8.459133e-01 -1.020759e+00 
 8.462363e-01 -1.020773e+00 
 8.465593e-01 -1.020782e+00 
 8.468823e-01 -1.020788e+00 
 8.472053e-01 -1.020790e+00 
 8.475283e-01 -1.020787e+00 
 8.478513e-01 -1.020779e+00 
 8.481743e-01 -1.020767e+00 
 8.484973e-01 -1.020751e+00 
 8.488203e-01 -1.020730e+00 
 8.491432e-01 -1.020705e+00 
 8.494662e-01 -1.020676e+00 
 8.497892e-01 -1.020642e+00 
 8.501122e-01 -1.020605e+00 
 8.504352e-01 -1.020564e+00 
 8.507582e-01 -1.020520e+00 
 8.510812e-01 -1.020474e+00 
 8.514042e-01 -1.020425e+00 
 8.517272e-01 -1.020374e+00 
 8.520502e-01 -1.020321e+00 
 8.523732e-01 -1.020266e+00 
 8.526961e-01 -1.020209e+00 
 8.530191e-01 -1.020150e+00 
 8.533421e-01 -1.020091e+00 
 8.536651e-01 -1.020031e+00 
 8.539881e-01 -1.019971e+00 
 8.543111e-01 -1.019911e+00 
 8.546341e-01 -1.019852e+00 
 8.549571e-01 -1.019795e+00 
 8.552801e-01 -1.019739e+00 
 8.556031e-01 -1.019684e+00 
 8.559261e-01 -1.019632e+00 
 8.562490e-01 -1.019582e+00 
 8.565720e-01 -1.019536e+00 
 8.568950e-01 -1.019492e+00 
 8.572180e-01 -1.019451e+00 
 8.575410e-01 -1.019414e+00 
 8.578640e-01 -1.019379e+00 
 8.581870e-01 -1.019349e+00 
 8.585100e-01 -1.019322e+00 
 8.588330e-01 -1.019298e+00 
 8.591560e-01 -1.019279e+00 
 8.594790e-01 -1.019264e+00 
 8.598019e-01 -1.019254e+00 
 8.601249e-01 -1.019249e+00 
 8.604479e-01 -1.019247e+00 
 8.607709e-01 -1.019248e+00 
 8.610939e-01 -1.019252e+00 
 8.614169e-01 -1.019262e+00 
 8.617399e-01 -1.019274e+00 
 8.620629e-01 -1.019289e+00 
 8.623859e-01 -1.019307e+00 
 8.627089e-01 -1.019328e+00 
 8.630319e-01 -1.019352e+00 
 8.633548e-01 -1.019377e+00 
 8.636778e-01 -1.019405e+00 
 8.640008e-01 -1.019434e+00 
 8.643238e-01 -1.019464e+00 
 8.646468e-01 -1.019497e+00 
 8.649698e-01 -1.019530e+00 
 8.652928e-01 -1.019564e+00 
 8.656158e-01 -1.019597e+00 
 8.659388e-01 -1.019628e+00 
 8.662618e-01 -1.019659e+00 
 8.665848e-01 -1.019690e+00 
 8.669077e-01 -1.019719e+00 
 8.672307e-01 -1.019746e+00 
 8.675537e-01 -1.019771e+00 
 8.678767e-01 -1.019795e+00 
 8.681997e-01 -1.019816e+00 
 8.685227e-01 -1.019834e+00 
 8.688457e-01 -1.019850e+00 
 8.691687e-01 -1.019863e+00 
 8.694917e-01 -1.019873e+00 
 8.698147e-01 -1.019880e+00 
 8.701377e-01 -1.019884e+00 
 8.704607e-01 -1.019885e+00 
 8.707836e-01 -1.019883e+00 
 8.711066e-01 -1.019876e+00 
 8.714296e-01 -1.019866e+00 
 8.717526e-01 -1.019853e+00 
 8.720756e-01 -1.019837e+00 
 8.723986e-01 -1.019818e+00 
 8.727216e-01 -1.019796e+00 
 8.730446e-01 -1.019772e+00 
 8.733676e-01 -1.019745e+00 
 8.736906e-01 -1.019715e+00 
 8.740136e-01 -1.019683e+00 
 8.743365e-01 -1.019649e+00 
 8.746595e-01 -1.019614e+00 
 8.749825e-01 -1.019578e+00 
 8.753055e-01 -1.019542e+00 
 8.756285e-01 -1.019508e+00 
 8.759515e-01 -1.019470e+00 
 8.762745e-01 -1.019432e+00 
 8.765975e-01 -1.019394e+00 
 8.769205e-01 -1.019357e+00 
 8.772435e-01 -1.019321e+00 
 8.775665e-01 -1.019286e+00 
 8.778894e-01 -1.019252e+00 
 8.782124e-01 -1.019220e+00 
 8.785354e-01 -1.019189e+00 
 8.788584e-01 -1.019162e+00 
 8.791814e-01 -1.019137e+00 
 8.795044e-01 -1.019115e+00 
 8.798274e-01 -1.019096e+00 
 8.801504e-01 -1.019081e+00 
 8.804734e-01 -1.019072e+00 
 8.807964e-01 -1.019066e+00 
 8.811194e-01 -1.019063e+00 
 8.814423e-01 -1.019062e+00 
 8.817653e-01 -1.019065e+00 
 8.820883e-01 -1.019072e+00 
 8.824113e-01 -1.019083e+00 
 8.827343e-01 -1.019097e+00 
 8.830573e-01 -1.019116e+00 
 8.833803e-01 -1.019139e+00 
 8.837033e-01 -1.019165e+00 
 8.840263e-01 -1.019195e+00 
 8.843493e-01 -1.019229e+00 
 8.846723e-01 -1.019266e+00 
 8.849952e-01 -1.019306e+00 
 8.853182e-01 -1.019349e+00 
 8.856412e-01 -1.019396e+00 
 8.859642e-01 -1.019446e+00 
 8.862872e-01 -1.019495e+00 
 8.866102e-01 -1.019545e+00 
 8.869332e-01 -1.019596e+00 
 8.872562e-01 -1.019649e+00 
 8.875792e-01 -1.019703e+00 
 8.879022e-01 -1.019757e+00 
 8.882252e-01 -1.019811e+00 
 8.885481e-01 -1.019865e+00 
 8.888711e-01 -1.019918e+00 
 8.891941e-01 -1.019971e+00 
 8.895171e-01 -1.020023e+00 
 8.898401e-01 -1.020071e+00 
 8.901631e-01 -1.020118e+00 
 8.904861e-01 -1.020162e+00 
 8.908091e-01 -1.020205e+00 
 8.911321e-01 -1.020246e+00 
 8.914551e-01 -1.020282e+00 
 8.917781e-01 -1.020314e+00 
 8.921010e-01 -1.020343e+00 
 8.924240e-01 -1.020369e+00 
 8.927470e-01 -1.020391e+00 
 8.930700e-01 -1.020409e+00 
 8.933930e-01 -1.020423e+00 
 8.937160e-01 -1.020433e+00 
 8.940390e-01 -1.020439e+00 
 8.943620e-01 -1.020442e+00 
 8.946850e-01 -1.020440e+00 
 8.950080e-01 -1.020434e+00 
 8.953310e-01 -1.020423e+00 
 8.956539e-01 -1.020408e+00 
 8.959769e-01 -1.020392e+00 
 8.962999e-01 -1.020373e+00 
 8.966229e-01 -1.020349e+00 
 8.969459e-01 -1.020322e+00 
 8.972689e-01 -1.020291e+00 
 8.975919e-01 -1.020259e+00 
 8.979149e-01 -1.020225e+00 
 8.982379e-01 -1.020189e+00 
 8.985609e-01 -1.020151e+00 
 8.988839e-01 -1.020112e+00 
 8.992068e-01 -1.020072e+00 
 8.995298e-01 -1.020033e+00 
 8.998528e-01 -1.019993e+00 
 9.001758e-01 -1.019953e+00 
 9.004988e-01 -1.019911e+00 
 9.008218e-01 -1.019871e+00 
 9.011448e-01 -1.019834e+00 
 9.014678e-01 -1.019798e+00 
 9.017908e-01 -1.019762e+00 
 9.021138e-01 -1.019727e+00 
 9.024368e-01 -1.019694e+00 
 9.027597e-01 -1.019663e+00 
 9.030827e-01 -1.019636e+00 
 9.034057e-01 -1.019612e+00 
 9.037287e-01 -1.019591e+00 
 9.040517e-01 -1.019573e+00 
 9.043747e-01 -1.019558e+00 
 9.046977e-01 -1.019547e+00 
 9.050207e-01 -1.019539e+00 
 9.053437e-01 -1.019533e+00 
 9.056667e-01 -1.019528e+00 
 9.059897e-01 -1.019527e+00 
 9.063126e-01 -1.019530e+00 
 9.066356e-01 -1.019536e+00 
 9.069586e-01 -1.019543e+00 
 9.072816e-01 -1.019553e+00 
 9.076046e-01 -1.019565e+00 
 9.079276e-01 -1.019580e+00 
 9.082506e-01 -1.019599e+00 
 9.085736e-01 -1.019620e+00 
 9.088966e-01 -1.019641e+00 
 9.092196e-01 -1.019664e+00 
 9.095426e-01 -1.019688e+00 
 9.098655e-01 -1.019712e+00 
 9.101885e-01 -1.019736e+00 
 9.105115e-01 -1.019759e+00 
 9.108345e-01 -1.019779e+00 
 9.111575e-01 -1.019799e+00 
 9.114805e-01 -1.019820e+00 
 9.118035e-01 -1.019840e+00 
 9.121265e-01 -1.019858e+00 
 9.124495e-01 -1.019873e+00 
 9.127725e-01 -1.019887e+00 
 9.130955e-01 -1.019899e+00 
 9.134184e-01 -1.019909e+00 
 9.137414e-01 -1.019917e+00 
 9.140644e-01 -1.019920e+00 
 9.143874e-01 -1.019919e+00 
 9.147104e-01 -1.019915e+00 
 9.150334e-01 -1.019908e+00 
 9.153564e-01 -1.019896e+00 
 9.156794e-01 -1.019879e+00 
 9.160024e-01 -1.019858e+00 
 9.163254e-01 -1.019834e+00 
 9.166484e-01 -1.019808e+00 
 9.169713e-01 -1.019779e+00 
 9.172943e-01 -1.019746e+00 
 9.176173e-01 -1.019709e+00 
 9.179403e-01 -1.019669e+00 
 9.182633e-01 -1.019626e+00 
 9.185863e-01 -1.019580e+00 
 9.189093e-01 -1.019531e+00 
 9.192323e-01 -1.019478e+00 
 9.195553e-01 -1.019422e+00 
 9.198783e-01 -1.019365e+00 
 9.202013e-01 -1.019307e+00 
 9.205243e-01 -1.019247e+00 
 9.208472e-01 -1.019185e+00 
 9.211702e-01 -1.019122e+00 
 9.214932e-01 -1.019060e+00 
 9.218162e-01 -1.018998e+00 
 9.221392e-01 -1.018937e+00 
 9.224622e-01 -1.018876e+00 
 9.227852e-01 -1.018814e+00 
 9.231082e-01 -1.018754e+00 
 9.234312e-01 -1.018696e+00 
 9.237542e-01 -1.018640e+00 
 9.240772e-01 -1.018585e+00 
 9.244001e-01 -1.018533e+00 
 9.247231e-01 -1.018482e+00 
 9.250461e-01 -1.018436e+00 
 9.253691e-01 -1.018393e+00 
 9.256921e-01 -1.018354e+00 
 9.260151e-01 -1.018317e+00 
 9.263381e-01 -1.018283e+00 
 9.266611e-01 -1.018253e+00 
 9.269841e-01 -1.018229e+00 
 9.273071e-01 -1.018209e+00 
 9.276301e-01 -1.018193e+00 
 9.279530e-01 -1.018180e+00 
 9.282760e-01 -1.018172e+00 
 9.285990e-01 -1.018168e+00 
 9.289220e-01 -1.018168e+00 
 9.292450e-01 -1.018172e+00 
 9.295680e-01 -1.018179e+00 
 9.298910e-01 -1.018190e+00 
 9.302140e-01 -1.018204e+00 
 9.305370e-01 -1.018222e+00 
 9.308600e-01 -1.018243e+00 
 9.311830e-01 -1.018267e+00 
 9.315059e-01 -1.018292e+00 
 9.318289e-01 -1.018321e+00 
 9.321519e-01 -1.018354e+00 
 9.324749e-01 -1.018388e+00 
 9.327979e-01 -1.018423e+00 
 9.331209e-01 -1.018460e+00 
 9.334439e-01 -1.018497e+00 
 9.337669e-01 -1.018535e+00 
 9.340899e-01 -1.018574e+00 
 9.344129e-01 -1.018613e+00 
 9.347359e-01 -1.018650e+00 
 9.350588e-01 -1.018686e+00 
 9.353818e-01 -1.018721e+00 
 9.357048e-01 -1.018755e+00 
 9.360278e-01 -1.018789e+00 
 9.363508e-01 -1.018821e+00 
 9.366738e-01 -1.018851e+00 
 9.369968e-01 -1.018880e+00 
 9.373198e-01 -1.018908e+00 
 9.376428e-01 -1.018933e+00 
 9.379658e-01 -1.018955e+00 
 9.382888e-01 -1.018973e+00 
 9.386117e-01 -1.018988e+00 
 9.389347e-01 -1.019000e+00 
 9.392577e-01 -1.019009e+00 
 9.395807e-01 -1.019015e+00 
 9.399037e-01 -1.019017e+00 
 9.402267e-01 -1.019016e+00 
 9.405497e-01 -1.019011e+00 
 9.408727e-01 -1.019006e+00 
 9.411957e-01 -1.018998e+00 
 9.415187e-01 -1.018988e+00 
 9.418417e-01 -1.018975e+00 
 9.421646e-01 -1.018961e+00 
 9.424876e-01 -1.018945e+00 
 9.428106e-01 -1.018927e+00 
 9.431336e-01 -1.018906e+00 
 9.434566e-01 -1.018884e+00 
 9.437796e-01 -1.018860e+00 
 9.441026e-01 -1.018836e+00 
 9.444256e-01 -1.018812e+00 
 9.447486e-01 -1.018788e+00 
 9.450716e-01 -1.018763e+00 
 9.453946e-01 -1.018739e+00 
 9.457175e-01 -1.018715e+00 
 9.460405e-01 -1.018694e+00 
 9.463635e-01 -1.018675e+00 
 9.466865e-01 -1.018656e+00 
 9.470095e-01 -1.018640e+00 
 9.473325e-01 -1.018625e+00 
 9.476555e-01 -1.018614e+00 
 9.479785e-01 -1.018605e+00 
 9.483015e-01 -1.018598e+00 
 9.486245e-01 -1.018594e+00 
 9.489475e-01 -1.018593e+00 
 9.492704e-01 -1.018595e+00 
 9.495934e-01 -1.018602e+00 
 9.499164e-01 -1.018613e+00 
 9.502394e-01 -1.018626e+00 
 9.505624e-01 -1.018642e+00 
 9.508854e-01 -1.018662e+00 
 9.512084e-01 -1.018686e+00 
 9.515314e-01 -1.018715e+00 
 9.518544e-01 -1.018746e+00 
 9.521774e-01 -1.018780e+00 
 9.525004e-01 -1.018818e+00 
 9.528233e-01 -1.018860e+00 
 9.531463e-01 -1.018904e+00 
 9.534693e-01 -1.018951e+00 
 9.537923e-01 -1.018999e+00 
 9.541153e-01 -1.019050e+00 
 9.544383e-01 -1.019103e+00 
 9.547613e-01 -1.019158e+00 
 9.550843e-01 -1.019214e+00 
 9.554073e-01 -1.019271e+00 
 9.557303e-01 -1.019327e+00 
 9.560533e-01 -1.019384e+00 
 9.563762e-01 -1.019442e+00 
 9.566992e-01 -1.019500e+00 
 9.570222e-01 -1.019557e+00 
 9.573452e-01 -1.019613e+00 
 9.576682e-01 -1.019667e+00 
 9.579912e-01 -1.019720e+00 
 9.583142e-01 -1.019771e+00 
 9.586372e-01 -1.019819e+00 
 9.589602e-01 -1.019863e+00 
 9.592832e-01 -1.019905e+00 
 9.596062e-01 -1.019944e+00 
 9.599291e-01 -1.019980e+00 
 9.602521e-01 -1.020014e+00 
 9.605751e-01 -1.020044e+00 
 9.608981e-01 -1.020069e+00 
 9.612211e-01 -1.020090e+00 
 9.615441e-01 -1.020108e+00 
 9.618671e-01 -1.020122e+00 
 9.621901e-01 -1.020132e+00 
 9.625131e-01 -1.020138e+00 
 9.628361e-01 -1.020139e+00 
 9.631591e-01 -1.020136e+00 
 9.634820e-01 -1.020128e+00 
 9.638050e-01 -1.020117e+00 
 9.641280e-01 -1.020101e+00 
 9.644510e-01 -1.020081e+00 
 9.647740e-01 -1.020059e+00 
 9.650970e-01 -1.020035e+00 
 9.654200e-01 -1.020009e+00 
 9.657430e-01 -1.019981e+00 
 9.660660e-01 -1.019949e+00 
 9.663890e-01 -1.019914e+00 
 9.667120e-01 -1.019877e+00 
 9.670349e-01 -1.019840e+00 
 9.673579e-01 -1.019800e+00 
 9.676809e-01 -1.019758e+00 
 9.680039e-01 -1.019716e+00 
 9.683269e-01 -1.019673e+00 
 9.686499e-01 -1.019630e+00 
 9.689729e-01 -1.019588e+00 
 9.692959e-01 -1.019546e+00 
 9.696189e-01 -1.019506e+00 
 9.699419e-01 -1.019467e+00 
 9.702649e-01 -1.019430e+00 
 9.705879e-01 -1.019397e+00 
 9.709108e-01 -1.019364e+00 
 9.712338e-01 -1.019332e+00 
 9.715568e-01 -1.019301e+00 
 9.718798e-01 -1.019273e+00 
 9.722028e-01 -1.019248e+00 
 9.725258e-01 -1.019225e+00 
 9.728488e-01 -1.019204e+00 
 9.731718e-01 -1.019187e+00 
 9.734948e-01 -1.019173e+00 
 9.738178e-01 -1.019161e+00 
 9.741408e-01 -1.019153e+00 
 9.744637e-01 -1.019147e+00 
 9.747867e-01 -1.019144e+00 
 9.751097e-01 -1.019143e+00 
 9.754327e-01 -1.019145e+00 
 9.757557e-01 -1.019150e+00 
 9.760787e-01 -1.019157e+00 
 9.764017e-01 -1.019164e+00 
 9.767247e-01 -1.019173e+00 
 9.770477e-01 -1.019184e+00 
 9.773707e-01 -1.019196e+00 
 9.776937e-01 -1.019209e+00 
 9.780166e-01 -1.019222e+00 
 9.783396e-01 -1.019236e+00 
 9.786626e-01 -1.019251e+00 
 9.789856e-01 -1.019265e+00 
 9.793086e-01 -1.019279e+00 
 9.796316e-01 -1.019292e+00 
 9.799546e-01 -1.019304e+00 
 9.802776e-01 -1.019313e+00 
 9.806006e-01 -1.019322e+00 
 9.809236e-01 -1.019330e+00 
 9.812466e-01 -1.019335e+00 
 9.815695e-01 -1.019338e+00 
 9.818925e-01 -1.019338e+00 
 9.822155e-01 -1.019336e+00 
 9.825385e-01 -1.019332e+00 
 9.828615e-01 -1.019324e+00 
 9.831845e-01 -1.019313e+00 
 9.835075e-01 -1.019298e+00 
 9.838305e-01 -1.019280e+00 
 9.841535e-01 -1.019259e+00 
 9.844765e-01 -1.019235e+00 
 9.847995e-01 -1.019207e+00 
 9.851224e-01 -1.019176e+00 
 9.854454e-01 -1.019141e+00 
 9.857684e-01 -1.019103e+00 
 9.860914e-01 -1.019064e+00 
 9.864144e-01 -1.019021e+00 
 9.867374e-01 -1.018975e+00 
 9.870604e-01 -1.018926e+00 
 9.873834e-01 -1.018874e+00 
 9.877064e-01 -1.018820e+00 
 9.880294e-01 -1.018764e+00 
 9.883524e-01 -1.018707e+00 
 9.886753e-01 -1.018648e+00 
 9.889983e-01 -1.018588e+00 
 9.893213e-01 -1.018527e+00 
 9.896443e-01 -1.018467e+00 
 9.899673e-01 -1.018406e+00 
 9.902903e-01 -1.018346e+00 
 9.906133e-01 -1.018285e+00 
 9.909363e-01 -1.018226e+00 
 9.912593e-01 -1.018168e+00 
 9.915823e-01 -1.018110e+00 
 9.919053e-01 -1.018054e+00 
 9.922282e-01 -1.017999e+00 
 9.925512e-01 -1.017947e+00 
 9.928742e-01 -1.017897e+00 
 9.931972e-01 -1.017850e+00 
 9.935202e-01 -1.017806e+00 
 9.938432e-01 -1.017766e+00 
 9.941662e-01 -1.017730e+00 
 9.944892e-01 -1.017698e+00 
 9.948122e-01 -1.017670e+00 
 9.951352e-01 -1.017646e+00 
 9.954582e-01 -1.017627e+00 
 9.957811e-01 -1.017610e+00 
 9.961041e-01 -1.017597e+00 
 9.964271e-01 -1.017588e+00 
 9.967501e-01 -1.017583e+00 
 9.970731e-01 -1.017581e+00 
 9.973961e-01 -1.017583e+00 
 9.977191e-01 -1.017590e+00 
 9.980421e-01 -1.017602e+00 
 9.983651e-01 -1.017617e+00 
 9.986881e-01 -1.017637e+00 
 9.990111e-01 -1.017660e+00 
 9.993340e-01 -1.017686e+00 
 9.996570e-01 -1.017715e+00 
 9.999800e-01 -1.017747e+00 
 1.000303e+00 -1.017781e+00 
 1.000626e+00 -1.017818e+00 
 1.000949e+00 -1.017855e+00 
 1.001272e+00 -1.017894e+00 
 1.001595e+00 -1.017934e+00 
 1.001918e+00 -1.017975e+00 
 1.002241e+00 -1.018017e+00 
 1.002564e+00 -1.018060e+00 
 1.002887e+00 -1.018103e+00 
 1.003210e+00 -1.018147e+00 
 1.003533e+00 -1.018190e+00 
 1.003856e+00 -1.018232e+00 
 1.004179e+00 -1.018273e+00 
 1.004502e+00 -1.018312e+00 
 1.004825e+00 -1.018350e+00 
 1.005148e+00 -1.018385e+00 
 1.005471e+00 -1.018420e+00 
 1.005794e+00 -1.018452e+00 
 1.006117e+00 -1.018480e+00 
 1.006440e+00 -1.018506e+00 
 1.006763e+00 -1.018530e+00 
 1.007086e+00 -1.018552e+00 
 1.007409e+00 -1.018571e+00 
 1.007732e+00 -1.018587e+00 
 1.008055e+00 -1.018600e+00 
 1.008378e+00 -1.018611e+00 
 1.008701e+00 -1.018619e+00 
 1.009024e+00 -1.018623e+00 
 1.009347e+00 -1.018625e+00 
 1.009670e+00 -1.018623e+00 
 1.009993e+00 -1.018619e+00 
 1.010316e+00 -1.018613e+00 
 1.010639e+00 -1.018605e+00 
 1.010962e+00 -1.018596e+00 
 1.011285e+00 -1.018584e+00 
 1.011608e+00 -1.018571e+00 
 1.011931e+00 -1.018556e+00 
 1.012254e+00 -1.018541e+00 
 1.012577e+00 -1.018525e+00 
 1.012900e+00 -1.018508e+00 
 1.013223e+00 -1.018491e+00 
 1.013546e+00 -1.018474e+00 
 1.013869e+00 -1.018457e+00 
 1.014192e+00 -1.018441e+00 
 1.014515e+00 -1.018425e+00 
 1.014838e+00 -1.018410e+00 
 1.015161e+00 -1.018397e+00 
 1.015484e+00 -1.018385e+00 
 1.015807e+00 -1.018376e+00 
 1.016130e+00 -1.018369e+00 
 1.016453e+00 -1.018364e+00 
 1.016776e+00 -1.018362e+00 
 1.017099e+00 -1.018362e+00 
 1.017422e+00 -1.018365e+00 
 1.017745e+00 -1.018371e+00 
 1.018068e+00 -1.018380e+00 
 1.018391e+00 -1.018393e+00 
 1.018714e+00 -1.018408e+00 
 1.019036e+00 -1.018427e+00 
 1.019359e+00 -1.018450e+00 
 1.019682e+00 -1.018475e+00 
 1.020005e+00 -1.018503e+00 
 1.020328e+00 -1.018534e+00 
 1.020651e+00 -1.018568e+00 
 1.020974e+00 -1.018605e+00 
 1.021297e+00 -1.018645e+00 
 1.021620e+00 -1.018688e+00 
 1.021943e+00 -1.018732e+00 
 1.022266e+00 -1.018779e+00 
 1.022589e+00 -1.018828e+00 
 1.022912e+00 -1.018878e+00 
 1.023235e+00 -1.018930e+00 
 1.023558e+00 -1.018983e+00 
 1.023881e+00 -1.019037e+00 
 1.024204e+00 -1.019091e+00 
 1.024527e+00 -1.019145e+00 
 1.024850e+00 -1.019199e+00 
 1.025173e+00 -1.019252e+00 
 1.025496e+00 -1.019304e+00 
 1.025819e+00 -1.019354e+00 
 1.026142e+00 -1.019403e+00 
 1.026465e+00 -1.019451e+00 
 1.026788e+00 -1.019497e+00 
 1.027111e+00 -1.019540e+00 
 1.027434e+00 -1.019581e+00 
 1.027757e+00 -1.019619e+00 
 1.028080e+00 -1.019653e+00 
 1.028403e+00 -1.019685e+00 
 1.028726e+00 -1.019713e+00 
 1.029049e+00 -1.019737e+00 
 1.029372e+00 -1.019758e+00 
 1.029695e+00 -1.019775e+00 
 1.030018e+00 -1.019788e+00 
 1.030341e+00 -1.019796e+00 
 1.030664e+00 -1.019801e+00 
 1.030987e+00 -1.019801e+00 
 1.031310e+00 -1.019797e+00 
 1.031633e+00 -1.019790e+00 
 1.031956e+00 -1.019779e+00 
 1.032279e+00 -1.019764e+00 
 1.032602e+00 -1.019746e+00 
 1.032925e+00 -1.019724e+00 
 1.033248e+00 -1.019699e+00 
 1.033571e+00 -1.019671e+00 
 1.033894e+00 -1.019641e+00 
 1.034217e+00 -1.019607e+00 
 1.034540e+00 -1.019572e+00 
 1.034863e+00 -1.019534e+00 
 1.035186e+00 -1.019495e+00 
 1.035509e+00 -1.019454e+00 
 1.035832e+00 -1.019412e+00 
 1.036155e+00 -1.019368e+00 
 1.036478e+00 -1.019325e+00 
 1.036801e+00 -1.019282e+00 
 1.037124e+00 -1.019239e+00 
 1.037447e+00 -1.019195e+00 
 1.037770e+00 -1.019153e+00 
 1.038093e+00 -1.019112e+00 
 1.038416e+00 -1.019072e+00 
 1.038739e+00 -1.019034e+00 
 1.039062e+00 -1.018997e+00 
 1.039385e+00 -1.018962e+00 
 1.039708e+00 -1.018929e+00 
 1.040031e+00 -1.018898e+00 
 1.040354e+00 -1.018870e+00 
 1.040677e+00 -1.018845e+00 
 1.041000e+00 -1.018822e+00 
 1.041323e+00 -1.018802e+00 
 1.041646e+00 -1.018784e+00 
 1.041969e+00 -1.018771e+00 
 1.042292e+00 -1.018760e+00 
 1.042615e+00 -1.018751e+00 
 1.042938e+00 -1.018746e+00 
 1.043261e+00 -1.018743e+00 
 1.043584e+00 -1.018743e+00 
 1.043907e+00 -1.018745e+00 
 1.044230e+00 -1.018749e+00 
 1.044553e+00 -1.018755e+00 
 1.044876e+00 -1.018763e+00 
 1.045199e+00 -1.018774e+00 
 1.045522e+00 -1.018787e+00 
 1.045845e+00 -1.018801e+00 
 1.046168e+00 -1.018816e+00 
 1.046491e+00 -1.018832e+00 
 1.046814e+00 -1.018849e+00 
 1.047137e+00 -1.018866e+00 
 1.047460e+00 -1.018883e+00 
 1.047783e+00 -1.018900e+00 
 1.048106e+00 -1.018916e+00 
 1.048429e+00 -1.018931e+00 
 1.048752e+00 -1.018945e+00 
 1.049075e+00 -1.018957e+00 
 1.049398e+00 -1.018968e+00 
 1.049721e+00 -1.018977e+00 
 1.050044e+00 -1.018984e+00 
 1.050367e+00 -1.018990e+00 
 1.050690e+00 -1.018995e+00 
 1.051013e+00 -1.018996e+00 
 1.051336e+00 -1.018995e+00 
 1.051659e+00 -1.018990e+00 
 1.051982e+00 -1.018982e+00 
 1.052305e+00 -1.018971e+00 
 1.052628e+00 -1.018957e+00 
 1.052951e+00 -1.018939e+00 
 1.053274e+00 -1.018918e+00 
 1.053597e+00 -1.018894e+00 
 1.053920e+00 -1.018867e+00 
 1.054243e+00 -1.018837e+00 
 1.054566e+00 -1.018804e+00 
 1.054888e+00 -1.018768e+00 
 1.055211e+00 -1.018729e+00 
 1.055534e+00 -1.018689e+00 
 1.055857e+00 -1.018647e+00 
 1.056180e+00 -1.018603e+00 
 1.056503e+00 -1.018556e+00 
 1.056826e+00 -1.018507e+00 
 1.057149e+00 -1.018457e+00 
 1.057472e+00 -1.018405e+00 
 1.057795e+00 -1.018353e+00 
 1.058118e+00 -1.018299e+00 
 1.058441e+00 -1.018245e+00 
 1.058764e+00 -1.018192e+00 
 1.059087e+00 -1.018139e+00 
 1.059410e+00 -1.018087e+00 
 1.059733e+00 -1.018036e+00 
 1.060056e+00 -1.017985e+00 
 1.060379e+00 -1.017936e+00 
 1.060702e+00 -1.017889e+00 
 1.061025e+00 -1.017845e+00 
 1.061348e+00 -1.017802e+00 
 1.061671e+00 -1.017762e+00 
 1.061994e+00 -1.017724e+00 
 1.062317e+00 -1.017689e+00 
 1.062640e+00 -1.017657e+00 
 1.062963e+00 -1.017629e+00 
 1.063286e+00 -1.017605e+00 
 1.063609e+00 -1.017584e+00 
 1.063932e+00 -1.017567e+00 
 1.064255e+00 -1.017554e+00 
 1.064578e+00 -1.017545e+00 
 1.064901e+00 -1.017539e+00 
 1.065224e+00 -1.017537e+00 
 1.065547e+00 -1.017538e+00 
 1.065870e+00 -1.017545e+00 
 1.066193e+00 -1.017555e+00 
 1.066516e+00 -1.017569e+00 
 1.066839e+00 -1.017587e+00 
 1.067162e+00 -1.017607e+00 
 1.067485e+00 -1.017630e+00 
 1.067808e+00 -1.017657e+00 
 1.068131e+00 -1.017687e+00 
 1.068454e+00 -1.017719e+00 
 1.068777e+00 -1.017753e+00 
 1.069100e+00 -1.017790e+00 
 1.069423e+00 -1.017829e+00 
 1.069746e+00 -1.017869e+00 
 1.070069e+00 -1.017911e+00 
 1.070392e+00 -1.017954e+00 
 1.070715e+00 -1.017997e+00 
 1.071038e+00 -1.018042e+00 
 1.071361e+00 -1.018086e+00 
 1.071684e+00 -1.018131e+00 
 1.072007e+00 -1.018174e+00 
 1.072330e+00 -1.018216e+00 
 1.072653e+00 -1.018257e+00 
 1.072976e+00 -1.018297e+00 
 1.073299e+00 -1.018335e+00 
 1.073622e+00 -1.018372e+00 
 1.073945e+00 -1.018407e+00 
 1.074268e+00 -1.018439e+00 
 1.074591e+00 -1.018470e+00 
 1.074914e+00 -1.018499e+00 
 1.075237e+00 -1.018525e+00 
 1.075560e+00 -1.018548e+00 
 1.075883e+00 -1.018568e+00 
 1.076206e+00 -1.018585e+00 
 1.076529e+00 -1.018599e+00 
 1.076852e+00 -1.018610e+00 
 1.077175e+00 -1.018617e+00 
 1.077498e+00 -1.018622e+00 
 1.077821e+00 -1.018623e+00 
 1.078144e+00 -1.018623e+00 
 1.078467e+00 -1.018620e+00 
 1.078790e+00 -1.018615e+00 
 1.079113e+00 -1.018608e+00 
 1.079436e+00 -1.018598e+00 
 1.079759e+00 -1.018587e+00 
 1.080082e+00 -1.018574e+00 
 1.080405e+00 -1.018559e+00 
 1.080728e+00 -1.018541e+00 
 1.081051e+00 -1.018523e+00 
 1.081374e+00 -1.018504e+00 
 1.081697e+00 -1.018485e+00 
 1.082020e+00 -1.018466e+00 
 1.082343e+00 -1.018447e+00 
 1.082666e+00 -1.018428e+00 
 1.082989e+00 -1.018411e+00 
 1.083312e+00 -1.018394e+00 
 1.083635e+00 -1.018379e+00 
 1.083958e+00 -1.018365e+00 
 1.084281e+00 -1.018353e+00 
 1.084604e+00 -1.018342e+00 
 1.084927e+00 -1.018333e+00 
 1.085250e+00 -1.018325e+00 
 1.085573e+00 -1.018319e+00 
 1.085896e+00 -1.018315e+00 
 1.086219e+00 -1.018314e+00 
 1.086542e+00 -1.018317e+00 
 1.086865e+00 -1.018324e+00 
 1.087188e+00 -1.018333e+00 
 1.087511e+00 -1.018345e+00 
 1.087834e+00 -1.018360e+00 
 1.088157e+00 -1.018378e+00 
 1.088480e+00 -1.018399e+00 
 1.088803e+00 -1.018422e+00 
 1.089126e+00 -1.018448e+00 
 1.089449e+00 -1.018476e+00 
 1.089772e+00 -1.018506e+00 
 1.090095e+00 -1.018538e+00 
 1.090417e+00 -1.018573e+00 
 1.090740e+00 -1.018608e+00 
 1.091063e+00 -1.018646e+00 
 1.091386e+00 -1.018685e+00 
 1.091709e+00 -1.018727e+00 
 1.092032e+00 -1.018770e+00 
 1.092355e+00 -1.018813e+00 
 1.092678e+00 -1.018855e+00 
 1.093001e+00 -1.018898e+00 
 1.093324e+00 -1.018940e+00 
 1.093647e+00 -1.018982e+00 
 1.093970e+00 -1.019022e+00 
 1.094293e+00 -1.019061e+00 
 1.094616e+00 -1.019100e+00 
 1.094939e+00 -1.019137e+00 
 1.095262e+00 -1.019173e+00 
 1.095585e+00 -1.019207e+00 
 1.095908e+00 -1.019238e+00 
 1.096231e+00 -1.019265e+00 
 1.096554e+00 -1.019291e+00 
 1.096877e+00 -1.019313e+00 
 1.097200e+00 -1.019332e+00 
 1.097523e+00 -1.019347e+00 
 1.097846e+00 -1.019358e+00 
 1.098169e+00 -1.019366e+00 
 1.098492e+00 -1.019370e+00 
 1.098815e+00 -1.019371e+00 
 1.099138e+00 -1.019369e+00 
 1.099461e+00 -1.019363e+00 
 1.099784e+00 -1.019354e+00 
 1.100107e+00 -1.019341e+00 
 1.100430e+00 -1.019327e+00 
 1.100753e+00 -1.019309e+00 
 1.101076e+00 -1.019285e+00 
 1.101399e+00 -1.019258e+00 
 1.101722e+00 -1.019227e+00 
 1.102045e+00 -1.019195e+00 
 1.102368e+00 -1.019159e+00 
 1.102691e+00 -1.019122e+00 
 1.103014e+00 -1.019082e+00 
 1.103337e+00 -1.019040e+00 
 1.103660e+00 -1.018998e+00 
 1.103983e+00 -1.018955e+00 
 1.104306e+00 -1.018911e+00 
 1.104629e+00 -1.018866e+00 
 1.104952e+00 -1.018819e+00 
 1.105275e+00 -1.018773e+00 
 1.105598e+00 -1.018728e+00 
 1.105921e+00 -1.018682e+00 
 1.106244e+00 -1.018635e+00 
 1.106567e+00 -1.018588e+00 
 1.106890e+00 -1.018544e+00 
 1.107213e+00 -1.018502e+00 
 1.107536e+00 -1.018461e+00 
 1.107859e+00 -1.018423e+00 
 1.108182e+00 -1.018387e+00 
 1.108505e+00 -1.018353e+00 
 1.108828e+00 -1.018322e+00 
 1.109151e+00 -1.018293e+00 
 1.109474e+00 -1.018267e+00 
 1.109797e+00 -1.018242e+00 
 1.110120e+00 -1.018218e+00 
 1.110443e+00 -1.018198e+00 
 1.110766e+00 -1.018182e+00 
 1.111089e+00 -1.018168e+00 
 1.111412e+00 -1.018157e+00 
 1.111735e+00 -1.018149e+00 
 1.112058e+00 -1.018145e+00 
 1.112381e+00 -1.018144e+00 
 1.112704e+00 -1.018146e+00 
 1.113027e+00 -1.018150e+00 
 1.113350e+00 -1.018155e+00 
 1.113673e+00 -1.018162e+00 
 1.113996e+00 -1.018171e+00 
 1.114319e+00 -1.018181e+00 
 1.114642e+00 -1.018191e+00 
 1.114965e+00 -1.018202e+00 
 1.115288e+00 -1.018214e+00 
 1.115611e+00 -1.018226e+00 
 1.115934e+00 -1.018241e+00 
 1.116257e+00 -1.018257e+00 
 1.116580e+00 -1.018273e+00 
 1.116903e+00 -1.018288e+00 
 1.117226e+00 -1.018303e+00 
 1.117549e+00 -1.018317e+00 
 1.117872e+00 -1.018330e+00 
 1.118195e+00 -1.018342e+00 
 1.118518e+00 -1.018351e+00 
 1.118841e+00 -1.018357e+00 
 1.119164e+00 -1.018361e+00 
 1.119487e+00 -1.018364e+00 
 1.119810e+00 -1.018365e+00 
 1.120133e+00 -1.018364e+00 
 1.120456e+00 -1.018359e+00 
 1.120779e+00 -1.018352e+00 
 1.121102e+00 -1.018345e+00 
 1.121425e+00 -1.018336e+00 
 1.121748e+00 -1.018322e+00 
 1.122071e+00 -1.018305e+00 
 1.122394e+00 -1.018285e+00 
 1.122717e+00 -1.018263e+00 
 1.123040e+00 -1.018238e+00 
 1.123363e+00 -1.018210e+00 
 1.123686e+00 -1.018179e+00 
 1.124009e+00 -1.018146e+00 
 1.124332e+00 -1.018112e+00 
 1.124655e+00 -1.018077e+00 
 1.124978e+00 -1.018041e+00 
 1.125301e+00 -1.018002e+00 
 1.125624e+00 -1.017961e+00 
 1.125947e+00 -1.017919e+00 
 1.126269e+00 -1.017877e+00 
 1.126592e+00 -1.017835e+00 
 1.126915e+00 -1.017791e+00 
 1.127238e+00 -1.017746e+00 
 1.127561e+00 -1.017703e+00 
 1.127884e+00 -1.017660e+00 
 1.128207e+00 -1.017619e+00 
 1.128530e+00 -1.017578e+00 
 1.128853e+00 -1.017539e+00 
 1.129176e+00 -1.017501e+00 
 1.129499e+00 -1.017467e+00 
 1.129822e+00 -1.017435e+00 
 1.130145e+00 -1.017404e+00 
 1.130468e+00 -1.017376e+00 
 1.130791e+00 -1.017349e+00 
 1.131114e+00 -1.017324e+00 
 1.131437e+00 -1.017304e+00 
 1.131760e+00 -1.017287e+00 
 1.132083e+00 -1.017273e+00 
 1.132406e+00 -1.017262e+00 
 1.132729e+00 -1.017256e+00 
 1.133052e+00 -1.017253e+00 
 1.133375e+00 -1.017254e+00 
 1.133698e+00 -1.017259e+00 
 1.134021e+00 -1.017266e+00 
 1.134344e+00 -1.017277e+00 
 1.134667e+00 -1.017292e+00 
 1.134990e+00 -1.017310e+00 
 1.135313e+00 -1.017330e+00 
 1.135636e+00 -1.017353e+00 
 1.135959e+00 -1.017378e+00 
 1.136282e+00 -1.017405e+00 
 1.136605e+00 -1.017437e+00 
 1.136928e+00 -1.017471e+00 
 1.137251e+00 -1.017507e+00 
 1.137574e+00 -1.017544e+00 
 1.137897e+00 -1.017584e+00 
 1.138220e+00 -1.017624e+00 
 1.138543e+00 -1.017665e+00 
 1.138866e+00 -1.017707e+00 
 1.139189e+00 -1.017748e+00 
 1.139512e+00 -1.017789e+00 
 1.139835e+00 -1.017830e+00 
 1.140158e+00 -1.017871e+00 
 1.140481e+00 -1.017911e+00 
 1.140804e+00 -1.017951e+00 
 1.141127e+00 -1.017988e+00 
 1.141450e+00 -1.018024e+00 
 1.141773e+00 -1.018060e+00 
 1.142096e+00 -1.018094e+00 
 1.142419e+00 -1.018125e+00 
 1.142742e+00 -1.018153e+00 
 1.143065e+00 -1.018180e+00 
 1.143388e+00 -1.018204e+00 
 1.143711e+00 -1.018225e+00 
 1.144034e+00 -1.018243e+00 
 1.144357e+00 -1.018257e+00 
 1.144680e+00 -1.018269e+00 
 1.145003e+00 -1.018278e+00 
 1.145326e+00 -1.018285e+00 
 1.145649e+00 -1.018291e+00 
 1.145972e+00 -1.018293e+00 
 1.146295e+00 -1.018291e+00 
 1.146618e+00 -1.018287e+00 
 1.146941e+00 -1.018281e+00 
 1.147264e+00 -1.018274e+00 
 1.147587e+00 -1.018263e+00 
 1.147910e+00 -1.018250e+00 
 1.148233e+00 -1.018235e+00 
 1.148556e+00 -1.018218e+00 
 1.148879e+00 -1.018201e+00 
 1.149202e+00 -1.018181e+00 
 1.149525e+00 -1.018161e+00 
 1.149848e+00 -1.018140e+00 
 1.150171e+00 -1.018119e+00 
 1.150494e+00 -1.018099e+00 
 1.150817e+00 -1.018079e+00 
 1.151140e+00 -1.018059e+00 
 1.151463e+00 -1.018038e+00 
 1.151786e+00 -1.018018e+00 
 1.152109e+00 -1.017999e+00 
 1.152432e+00 -1.017982e+00 
 1.152755e+00 -1.017966e+00 
 1.153078e+00 -1.017951e+00 
 1.153401e+00 -1.017938e+00 
 1.153724e+00 -1.017927e+00 
 1.154047e+00 -1.017918e+00 
 1.154370e+00 -1.017911e+00 
 1.154693e+00 -1.017907e+00 
 1.155016e+00 -1.017904e+00 
 1.155339e+00 -1.017904e+00 
 1.155662e+00 -1.017908e+00 
 1.155985e+00 -1.017914e+00 
 1.156308e+00 -1.017922e+00 
 1.156631e+00 -1.017932e+00 
 1.156954e+00 -1.017945e+00 
 1.157277e+00 -1.017961e+00 
 1.157600e+00 -1.017979e+00 
 1.157923e+00 -1.017999e+00 
 1.158246e+00 -1.018021e+00 
 1.158569e+00 -1.018044e+00 
 1.158892e+00 -1.018070e+00 
 1.159215e+00 -1.018097e+00 
 1.159538e+00 -1.018126e+00 
 1.159861e+00 -1.018155e+00 
 1.160184e+00 -1.018185e+00 
 1.160507e+00 -1.018216e+00 
 1.160830e+00 -1.018249e+00 
 1.161153e+00 -1.018282e+00 
 1.161476e+00 -1.018315e+00 
 1.161799e+00 -1.018346e+00 
 1.162121e+00 -1.018378e+00 
 1.162444e+00 -1.018409e+00 
 1.162767e+00 -1.018439e+00 
 1.163090e+00 -1.018467e+00 
 1.163413e+00 -1.018493e+00 
 1.163736e+00 -1.018517e+00 
 1.164059e+00 -1.018540e+00 
 1.164382e+00 -1.018561e+00 
 1.164705e+00 -1.018579e+00 
 1.165028e+00 -1.018595e+00 
 1.165351e+00 -1.018607e+00 
 1.165674e+00 -1.018617e+00 
 1.165997e+00 -1.018625e+00 
 1.166320e+00 -1.018630e+00 
 1.166643e+00 -1.018631e+00 
 1.166966e+00 -1.018629e+00 
 1.167289e+00 -1.018623e+00 
 1.167612e+00 -1.018613e+00 
 1.167935e+00 -1.018601e+00 
 1.168258e+00 -1.018585e+00 
 1.168581e+00 -1.018566e+00 
 1.168904e+00 -1.018544e+00 
 1.169227e+00 -1.018520e+00 
 1.169550e+00 -1.018493e+00 
 1.169873e+00 -1.018464e+00 
 1.170196e+00 -1.018432e+00 
 1.170519e+00 -1.018396e+00 
 1.170842e+00 -1.018358e+00 
 1.171165e+00 -1.018319e+00 
 1.171488e+00 -1.018279e+00 
 1.171811e+00 -1.018236e+00 
 1.172134e+00 -1.018192e+00 
 1.172457e+00 -1.018147e+00 
 1.172780e+00 -1.018102e+00 
 1.173103e+00 -1.018057e+00 
 1.173426e+00 -1.018012e+00 
 1.173749e+00 -1.017967e+00 
 1.174072e+00 -1.017923e+00 
 1.174395e+00 -1.017880e+00 
 1.174718e+00 -1.017838e+00 
 1.175041e+00 -1.017797e+00 
 1.175364e+00 -1.017757e+00 
 1.175687e+00 -1.017719e+00 
 1.176010e+00 -1.017682e+00 
 1.176333e+00 -1.017648e+00 
 1.176656e+00 -1.017616e+00 
 1.176979e+00 -1.017586e+00 
 1.177302e+00 -1.017560e+00 
 1.177625e+00 -1.017536e+00 
 1.177948e+00 -1.017516e+00 
 1.178271e+00 -1.017499e+00 
 1.178594e+00 -1.017485e+00 
 1.178917e+00 -1.017474e+00 
 1.179240e+00 -1.017465e+00 
 1.179563e+00 -1.017461e+00 
 1.179886e+00 -1.017459e+00 
 1.180209e+00 -1.017461e+00 
 1.180532e+00 -1.017466e+00 
 1.180855e+00 -1.017473e+00 
 1.181178e+00 -1.017482e+00 
 1.181501e+00 -1.017495e+00 
 1.181824e+00 -1.017510e+00 
 1.182147e+00 -1.017527e+00 
 1.182470e+00 -1.017546e+00 
 1.182793e+00 -1.017567e+00 
 1.183116e+00 -1.017590e+00 
 1.183439e+00 -1.017615e+00 
 1.183762e+00 -1.017640e+00 
 1.184085e+00 -1.017666e+00 
 1.184408e+00 -1.017692e+00 
 1.184731e+00 -1.017719e+00 
 1.185054e+00 -1.017746e+00 
 1.185377e+00 -1.017774e+00 
 1.185700e+00 -1.017803e+00 
 1.186023e+00 -1.017829e+00 
 1.186346e+00 -1.017853e+00 
 1.186669e+00 -1.017878e+00 
 1.186992e+00 -1.017901e+00 
 1.187315e+00 -1.017921e+00 
 1.187638e+00 -1.017940e+00 
 1.187961e+00 -1.017957e+00 
 1.188284e+00 -1.017971e+00 
 1.188607e+00 -1.017984e+00 
 1.188930e+00 -1.017994e+00 
 1.189253e+00 -1.018001e+00 
 1.189576e+00 -1.018006e+00 
 1.189899e+00 -1.018008e+00 
 1.190222e+00 -1.018008e+00 
 1.190545e+00 -1.018007e+00 
 1.190868e+00 -1.018003e+00 
 1.191191e+00 -1.017995e+00 
 1.191514e+00 -1.017983e+00 
 1.191837e+00 -1.017970e+00 
 1.192160e+00 -1.017954e+00 
 1.192483e+00 -1.017936e+00 
 1.192806e+00 -1.017915e+00 
 1.193129e+00 -1.017893e+00 
 1.193452e+00 -1.017869e+00 
 1.193775e+00 -1.017843e+00 
 1.194098e+00 -1.017817e+00 
 1.194421e+00 -1.017789e+00 
 1.194744e+00 -1.017760e+00 
 1.195067e+00 -1.017730e+00 
 1.195390e+00 -1.017700e+00 
 1.195713e+00 -1.017671e+00 
 1.196036e+00 -1.017642e+00 
 1.196359e+00 -1.017613e+00 
 1.196682e+00 -1.017583e+00 
 1.197005e+00 -1.017555e+00 
 1.197328e+00 -1.017528e+00 
 1.197651e+00 -1.017502e+00 
 1.197973e+00 -1.017478e+00 
 1.198296e+00 -1.017455e+00 
 1.198619e+00 -1.017436e+00 
 1.198942e+00 -1.017418e+00 
 1.199265e+00 -1.017403e+00 
 1.199588e+00 -1.017390e+00 
 1.199911e+00 -1.017379e+00 
 1.200234e+00 -1.017371e+00 
 1.200557e+00 -1.017366e+00 
 1.200880e+00 -1.017365e+00 
 1.201203e+00 -1.017367e+00 
 1.201526e+00 -1.017371e+00 
 1.201849e+00 -1.017378e+00 
 1.202172e+00 -1.017388e+00 
 1.202495e+00 -1.017402e+00 
 1.202818e+00 -1.017418e+00 
 1.203141e+00 -1.017438e+00 
 1.203464e+00 -1.017460e+00 
 1.203787e+00 -1.017485e+00 
 1.204110e+00 -1.017512e+00 
 1.204433e+00 -1.017542e+00 
 1.204756e+00 -1.017573e+00 
 1.205079e+00 -1.017607e+00 
 1.205402e+00 -1.017641e+00 
 1.205725e+00 -1.017677e+00 
 1.206048e+00 -1.017716e+00 
 1.206371e+00 -1.017756e+00 
 1.206694e+00 -1.017796e+00 
 1.207017e+00 -1.017836e+00 
 1.207340e+00 -1.017876e+00 
 1.207663e+00 -1.017917e+00 
 1.207986e+00 -1.017957e+00 
 1.208309e+00 -1.017996e+00 
 1.208632e+00 -1.018035e+00 
 1.208955e+00 -1.018073e+00 
 1.209278e+00 -1.018110e+00 
 1.209601e+00 -1.018146e+00 
 1.209924e+00 -1.018179e+00 
 1.210247e+00 -1.018211e+00 
 1.210570e+00 -1.018240e+00 
 1.210893e+00 -1.018268e+00 
 1.211216e+00 -1.018293e+00 
 1.211539e+00 -1.018316e+00 
 1.211862e+00 -1.018335e+00 
 1.212185e+00 -1.018351e+00 
 1.212508e+00 -1.018364e+00 
 1.212831e+00 -1.018374e+00 
 1.213154e+00 -1.018381e+00 
 1.213477e+00 -1.018385e+00 
 1.213800e+00 -1.018387e+00 
 1.214123e+00 -1.018386e+00 
 1.214446e+00 -1.018383e+00 
 1.214769e+00 -1.018377e+00 
 1.215092e+00 -1.018368e+00 
 1.215415e+00 -1.018357e+00 
 1.215738e+00 -1.018343e+00 
 1.216061e+00 -1.018326e+00 
 1.216384e+00 -1.018307e+00 
 1.216707e+00 -1.018286e+00 
 1.217030e+00 -1.018262e+00 
 1.217353e+00 -1.018237e+00 
 1.217676e+00 -1.018210e+00 
 1.217999e+00 -1.018183e+00 
 1.218322e+00 -1.018155e+00 
 1.218645e+00 -1.018127e+00 
 1.218968e+00 -1.018099e+00 
 1.219291e+00 -1.018070e+00 
 1.219614e+00 -1.018041e+00 
 1.219937e+00 -1.018012e+00 
 1.220260e+00 -1.017984e+00 
 1.220583e+00 -1.017958e+00 
 1.220906e+00 -1.017931e+00 
 1.221229e+00 -1.017905e+00 
 1.221552e+00 -1.017880e+00 
 1.221875e+00 -1.017857e+00 
 1.222198e+00 -1.017835e+00 
 1.222521e+00 -1.017815e+00 
 1.222844e+00 -1.017797e+00 
 1.223167e+00 -1.017782e+00 
 1.223490e+00 -1.017769e+00 
 1.223813e+00 -1.017758e+00 
 1.224136e+00 -1.017749e+00 
 1.224459e+00 -1.017742e+00 
 1.224782e+00 -1.017737e+00 
 1.225105e+00 -1.017734e+00 
 1.225428e+00 -1.017733e+00 
 1.225751e+00 -1.017735e+00 
 1.226074e+00 -1.017739e+00 
 1.226397e+00 -1.017744e+00 
 1.226720e+00 -1.017752e+00 
 1.227043e+00 -1.017762e+00 
 1.227366e+00 -1.017772e+00 
 1.227689e+00 -1.017785e+00 
 1.228012e+00 -1.017799e+00 
 1.228335e+00 -1.017814e+00 
 1.228658e+00 -1.017830e+00 
 1.228981e+00 -1.017846e+00 
 1.229304e+00 -1.017863e+00 
 1.229627e+00 -1.017879e+00 
 1.229950e+00 -1.017894e+00 
 1.230273e+00 -1.017909e+00 
 1.230596e+00 -1.017923e+00 
 1.230919e+00 -1.017938e+00 
 1.231242e+00 -1.017953e+00 
 1.231565e+00 -1.017966e+00 
 1.231888e+00 -1.017978e+00 
 1.232211e+00 -1.017988e+00 
 1.232534e+00 -1.017996e+00 
 1.232857e+00 -1.018002e+00 
 1.233180e+00 -1.018006e+00 
 1.233502e+00 -1.018008e+00 
 1.233825e+00 -1.018006e+00 
 1.234148e+00 -1.018002e+00 
 1.234471e+00 -1.017996e+00 
 1.234794e+00 -1.017986e+00 
 1.235117e+00 -1.017973e+00 
 1.235440e+00 -1.017956e+00 
 1.235763e+00 -1.017936e+00 
 1.236086e+00 -1.017915e+00 
 1.236409e+00 -1.017892e+00 
 1.236732e+00 -1.017866e+00 
 1.237055e+00 -1.017837e+00 
 1.237378e+00 -1.017805e+00 
 1.237701e+00 -1.017770e+00 
 1.238024e+00 -1.017732e+00 
 1.238347e+00 -1.017692e+00 
 1.238670e+00 -1.017650e+00 
 1.238993e+00 -1.017606e+00 
 1.239316e+00 -1.017560e+00 
 1.239639e+00 -1.017513e+00 
 1.239962e+00 -1.017466e+00 
 1.240285e+00 -1.017416e+00 
 1.240608e+00 -1.017363e+00 
 1.240931e+00 -1.017310e+00 
 1.241254e+00 -1.017259e+00 
 1.241577e+00 -1.017208e+00 
 1.241900e+00 -1.017156e+00 
 1.242223e+00 -1.017105e+00 
 1.242546e+00 -1.017055e+00 
 1.242869e+00 -1.017006e+00 
 1.243192e+00 -1.016958e+00 
 1.243515e+00 -1.016912e+00 
 1.243838e+00 -1.016868e+00 
 1.244161e+00 -1.016826e+00 
 1.244484e+00 -1.016786e+00 
 1.244807e+00 -1.016750e+00 
 1.245130e+00 -1.016716e+00 
 1.245453e+00 -1.016681e+00 
 1.245776e+00 -1.016648e+00 
 1.246099e+00 -1.016619e+00 
 1.246422e+00 -1.016595e+00 
 1.246745e+00 -1.016574e+00 
 1.247068e+00 -1.016557e+00 
 1.247391e+00 -1.016543e+00 
 1.247714e+00 -1.016533e+00 
 1.248037e+00 -1.016526e+00 
 1.248360e+00 -1.016523e+00 
 1.248683e+00 -1.016523e+00 
 1.249006e+00 -1.016526e+00 
 1.249329e+00 -1.016532e+00 
 1.249652e+00 -1.016541e+00 
 1.249975e+00 -1.016553e+00 
 1.250298e+00 -1.016566e+00 
 1.250621e+00 -1.016580e+00 
 1.250944e+00 -1.016595e+00 
 1.251267e+00 -1.016613e+00 
 1.251590e+00 -1.016635e+00 
 1.251913e+00 -1.016660e+00 
 1.252236e+00 -1.016686e+00 
 1.252559e+00 -1.016713e+00 
 1.252882e+00 -1.016742e+00 
 1.253205e+00 -1.016771e+00 
 1.253528e+00 -1.016800e+00 
 1.253851e+00 -1.016830e+00 
 1.254174e+00 -1.016858e+00 
 1.254497e+00 -1.016886e+00 
 1.254820e+00 -1.016913e+00 
 1.255143e+00 -1.016940e+00 
 1.255466e+00 -1.016965e+00 
 1.255789e+00 -1.016987e+00 
 1.256112e+00 -1.017007e+00 
 1.256435e+00 -1.017028e+00 
 1.256758e+00 -1.017049e+00 
 1.257081e+00 -1.017069e+00 
 1.257404e+00 -1.017087e+00 
 1.257727e+00 -1.017102e+00 
 1.258050e+00 -1.017114e+00 
 1.258373e+00 -1.017125e+00 
 1.258696e+00 -1.017132e+00 
 1.259019e+00 -1.017137e+00 
 1.259342e+00 -1.017139e+00 
 1.259665e+00 -1.017138e+00 
 1.259988e+00 -1.017137e+00 
 1.260311e+00 -1.017134e+00 
 1.260634e+00 -1.017128e+00 
 1.260957e+00 -1.017119e+00 
 1.261280e+00 -1.017109e+00 
 1.261603e+00 -1.017098e+00 
 1.261926e+00 -1.017087e+00 
 1.262249e+00 -1.017076e+00 
 1.262572e+00 -1.017063e+00 
 1.262895e+00 -1.017049e+00 
 1.263218e+00 -1.017034e+00 
 1.263541e+00 -1.017017e+00 
 1.263864e+00 -1.017000e+00 
 1.264187e+00 -1.016983e+00 
 1.264510e+00 -1.016966e+00 
 1.264833e+00 -1.016950e+00 
 1.265156e+00 -1.016936e+00 
 1.265479e+00 -1.016924e+00 
 1.265802e+00 -1.016913e+00 
 1.266125e+00 -1.016902e+00 
 1.266448e+00 -1.016892e+00 
 1.266771e+00 -1.016885e+00 
 1.267094e+00 -1.016881e+00 
 1.267417e+00 -1.016880e+00 
 1.267740e+00 -1.016881e+00 
 1.268063e+00 -1.016883e+00 
 1.268386e+00 -1.016886e+00 
 1.268709e+00 -1.016893e+00 
 1.269032e+00 -1.016902e+00 
 1.269354e+00 -1.016914e+00 
 1.269677e+00 -1.016928e+00 
 1.270000e+00 -1.016946e+00 
 1.270323e+00 -1.016969e+00 
 1.270646e+00 -1.016997e+00 
 1.270969e+00 -1.017025e+00 
 1.271292e+00 -1.017054e+00 
 1.271615e+00 -1.017085e+00 
 1.271938e+00 -1.017120e+00 
 1.272261e+00 -1.017158e+00 
 1.272584e+00 -1.017198e+00 
 1.272907e+00 -1.017240e+00 
 1.273230e+00 -1.017282e+00 
 1.273553e+00 -1.017325e+00 
 1.273876e+00 -1.017370e+00 
 1.274199e+00 -1.017416e+00 
 1.274522e+00 -1.017463e+00 
 1.274845e+00 -1.017510e+00 
 1.275168e+00 -1.017558e+00 
 1.275491e+00 -1.017610e+00 
 1.275814e+00 -1.017662e+00 
 1.276137e+00 -1.017711e+00 
 1.276460e+00 -1.017759e+00 
 1.276783e+00 -1.017805e+00 
 1.277106e+00 -1.017851e+00 
 1.277429e+00 -1.017896e+00 
 1.277752e+00 -1.017939e+00 
 1.278075e+00 -1.017980e+00 
 1.278398e+00 -1.018017e+00 
 1.278721e+00 -1.018053e+00 
 1.279044e+00 -1.018086e+00 
 1.279367e+00 -1.018118e+00 
 1.279690e+00 -1.018146e+00 
 1.280013e+00 -1.018171e+00 
 1.280336e+00 -1.018193e+00 
 1.280659e+00 -1.018215e+00 
 1.280982e+00 -1.018235e+00 
 1.281305e+00 -1.018250e+00 
 1.281628e+00 -1.018260e+00 
 1.281951e+00 -1.018267e+00 
 1.282274e+00 -1.018271e+00 
 1.282597e+00 -1.018272e+00 
 1.282920e+00 -1.018271e+00 
 1.283243e+00 -1.018265e+00 
 1.283566e+00 -1.018256e+00 
 1.283889e+00 -1.018245e+00 
 1.284212e+00 -1.018231e+00 
 1.284535e+00 -1.018216e+00 
 1.284858e+00 -1.018198e+00 
 1.285181e+00 -1.018177e+00 
 1.285504e+00 -1.018154e+00 
 1.285827e+00 -1.018133e+00 
 1.286150e+00 -1.018110e+00 
 1.286473e+00 -1.018085e+00 
 1.286796e+00 -1.018057e+00 
 1.287119e+00 -1.018028e+00 
 1.287442e+00 -1.017999e+00 
 1.287765e+00 -1.017970e+00 
 1.288088e+00 -1.017942e+00 
 1.288411e+00 -1.017913e+00 
 1.288734e+00 -1.017883e+00 
 1.289057e+00 -1.017855e+00 
 1.289380e+00 -1.017828e+00 
 1.289703e+00 -1.017803e+00 
 1.290026e+00 -1.017778e+00 
 1.290349e+00 -1.017754e+00 
 1.290672e+00 -1.017732e+00 
 1.290995e+00 -1.017714e+00 
 1.291318e+00 -1.017699e+00 
 1.291641e+00 -1.017683e+00 
 1.291964e+00 -1.017668e+00 
 1.292287e+00 -1.017655e+00 
 1.292610e+00 -1.017645e+00 
 1.292933e+00 -1.017638e+00 
 1.293256e+00 -1.017633e+00 
 1.293579e+00 -1.017629e+00 
 1.293902e+00 -1.017627e+00 
 1.294225e+00 -1.017628e+00 
 1.294548e+00 -1.017632e+00 
 1.294871e+00 -1.017639e+00 
 1.295194e+00 -1.017647e+00 
 1.295517e+00 -1.017656e+00 
 1.295840e+00 -1.017668e+00 
 1.296163e+00 -1.017682e+00 
 1.296486e+00 -1.017699e+00 
 1.296809e+00 -1.017714e+00 
 1.297132e+00 -1.017728e+00 
 1.297455e+00 -1.017743e+00 
 1.297778e+00 -1.017760e+00 
 1.298101e+00 -1.017777e+00 
 1.298424e+00 -1.017794e+00 
 1.298747e+00 -1.017811e+00 
 1.299070e+00 -1.017827e+00 
 1.299393e+00 -1.017844e+00 
 1.299716e+00 -1.017860e+00 
 1.300039e+00 -1.017877e+00 
 1.300362e+00 -1.017892e+00 
 1.300685e+00 -1.017905e+00 
 1.301008e+00 -1.017915e+00 
 1.301331e+00 -1.017925e+00 
 1.301654e+00 -1.017932e+00 
 1.301977e+00 -1.017936e+00 
 1.302300e+00 -1.017935e+00 
 1.302623e+00 -1.017932e+00 
 1.302946e+00 -1.017927e+00 
 1.303269e+00 -1.017921e+00 
 1.303592e+00 -1.017912e+00 
 1.303915e+00 -1.017900e+00 
 1.304238e+00 -1.017886e+00 
 1.304561e+00 -1.017869e+00 
 1.304884e+00 -1.017851e+00 
 1.305206e+00 -1.017829e+00 
 1.305529e+00 -1.017805e+00 
 1.305852e+00 -1.017777e+00 
 1.306175e+00 -1.017745e+00 
 1.306498e+00 -1.017711e+00 
 1.306821e+00 -1.017675e+00 
 1.307144e+00 -1.017635e+00 
 1.307467e+00 -1.017593e+00 
 1.307790e+00 -1.017549e+00 
 1.308113e+00 -1.017506e+00 
 1.308436e+00 -1.017462e+00 
 1.308759e+00 -1.017417e+00 
 1.309082e+00 -1.017371e+00 
 1.309405e+00 -1.017324e+00 
 1.309728e+00 -1.017277e+00 
 1.310051e+00 -1.017229e+00 
 1.310374e+00 -1.017181e+00 
 1.310697e+00 -1.017133e+00 
 1.311020e+00 -1.017085e+00 
 1.311343e+00 -1.017037e+00 
 1.311666e+00 -1.016991e+00 
 1.311989e+00 -1.016947e+00 
 1.312312e+00 -1.016904e+00 
 1.312635e+00 -1.016863e+00 
 1.312958e+00 -1.016824e+00 
 1.313281e+00 -1.016789e+00 
 1.313604e+00 -1.016757e+00 
 1.313927e+00 -1.016728e+00 
 1.314250e+00 -1.016700e+00 
 1.314573e+00 -1.016674e+00 
 1.314896e+00 -1.016652e+00 
 1.315219e+00 -1.016632e+00 
 1.315542e+00 -1.016614e+00 
 1.315865e+00 -1.016600e+00 
 1.316188e+00 -1.016589e+00 
 1.316511e+00 -1.016581e+00 
 1.316834e+00 -1.016578e+00 
 1.317157e+00 -1.016579e+00 
 1.317480e+00 -1.016582e+00 
 1.317803e+00 -1.016587e+00 
 1.318126e+00 -1.016596e+00 
 1.318449e+00 -1.016608e+00 
 1.318772e+00 -1.016623e+00 
 1.319095e+00 -1.016640e+00 
 1.319418e+00 -1.016659e+00 
 1.319741e+00 -1.016679e+00 
 1.320064e+00 -1.016702e+00 
 1.320387e+00 -1.016726e+00 
 1.320710e+00 -1.016750e+00 
 1.321033e+00 -1.016777e+00 
 1.321356e+00 -1.016805e+00 
 1.321679e+00 -1.016834e+00 
 1.322002e+00 -1.016864e+00 
 1.322325e+00 -1.016894e+00 
 1.322648e+00 -1.016924e+00 
 1.322971e+00 -1.016952e+00 
 1.323294e+00 -1.016981e+00 
 1.323617e+00 -1.017010e+00 
 1.323940e+00 -1.017039e+00 
 1.324263e+00 -1.017066e+00 
 1.324586e+00 -1.017091e+00 
 1.324909e+00 -1.017116e+00 
 1.325232e+00 -1.017139e+00 
 1.325555e+00 -1.017160e+00 
 1.325878e+00 -1.017178e+00 
 1.326201e+00 -1.017194e+00 
 1.326524e+00 -1.017209e+00 
 1.326847e+00 -1.017221e+00 
 1.327170e+00 -1.017232e+00 
 1.327493e+00 -1.017241e+00 
 1.327816e+00 -1.017248e+00 
 1.328139e+00 -1.017251e+00 
 1.328462e+00 -1.017254e+00 
 1.328785e+00 -1.017256e+00 
 1.329108e+00 -1.017256e+00 
 1.329431e+00 -1.017254e+00 
 1.329754e+00 -1.017250e+00 
 1.330077e+00 -1.017244e+00 
 1.330400e+00 -1.017236e+00 
 1.330723e+00 -1.017226e+00 
 1.331046e+00 -1.017214e+00 
 1.331369e+00 -1.017202e+00 
 1.331692e+00 -1.017189e+00 
 1.332015e+00 -1.017176e+00 
 1.332338e+00 -1.017164e+00 
 1.332661e+00 -1.017152e+00 
 1.332984e+00 -1.017140e+00 
 1.333307e+00 -1.017129e+00 
 1.333630e+00 -1.017119e+00 
 1.333953e+00 -1.017110e+00 
 1.334276e+00 -1.017102e+00 
 1.334599e+00 -1.017094e+00 
 1.334922e+00 -1.017087e+00 
 1.335245e+00 -1.017080e+00 
 1.335568e+00 -1.017075e+00 
 1.335891e+00 -1.017072e+00 
 1.336214e+00 -1.017071e+00 
 1.336537e+00 -1.017072e+00 
 1.336860e+00 -1.017077e+00 
 1.337183e+00 -1.017085e+00 
 1.337506e+00 -1.017097e+00 
 1.337829e+00 -1.017111e+00 
 1.338152e+00 -1.017128e+00 
 1.338475e+00 -1.017146e+00 
 1.338798e+00 -1.017167e+00 
 1.339121e+00 -1.017191e+00 
 1.339444e+00 -1.017216e+00 
 1.339767e+00 -1.017244e+00 
 1.340090e+00 -1.017273e+00 
 1.340413e+00 -1.017304e+00 
 1.340735e+00 -1.017338e+00 
 1.341058e+00 -1.017375e+00 
 1.341381e+00 -1.017414e+00 
 1.341704e+00 -1.017455e+00 
 1.342027e+00 -1.017499e+00 
 1.342350e+00 -1.017545e+00 
 1.342673e+00 -1.017591e+00 
 1.342996e+00 -1.017639e+00 
 1.343319e+00 -1.017686e+00 
 1.343642e+00 -1.017733e+00 
 1.343965e+00 -1.017780e+00 
 1.344288e+00 -1.017827e+00 
 1.344611e+00 -1.017873e+00 
 1.344934e+00 -1.017919e+00 
 1.345257e+00 -1.017965e+00 
 1.345580e+00 -1.018011e+00 
 1.345903e+00 -1.018056e+00 
 1.346226e+00 -1.018099e+00 
 1.346549e+00 -1.018141e+00 
 1.346872e+00 -1.018181e+00 
 1.347195e+00 -1.018220e+00 
 1.347518e+00 -1.018256e+00 
 1.347841e+00 -1.018289e+00 
 1.348164e+00 -1.018320e+00 
 1.348487e+00 -1.018347e+00 
 1.348810e+00 -1.018371e+00 
 1.349133e+00 -1.018392e+00 
 1.349456e+00 -1.018411e+00 
 1.349779e+00 -1.018427e+00 
 1.350102e+00 -1.018441e+00 
 1.350425e+00 -1.018453e+00 
 1.350748e+00 -1.018462e+00 
 1.351071e+00 -1.018467e+00 
 1.351394e+00 -1.018469e+00 
 1.351717e+00 -1.018467e+00 
 1.352040e+00 -1.018463e+00 
 1.352363e+00 -1.018457e+00 
 1.352686e+00 -1.018448e+00 
 1.353009e+00 -1.018437e+00 
 1.353332e+00 -1.018423e+00 
 1.353655e+00 -1.018407e+00 
 1.353978e+00 -1.018389e+00 
 1.354301e+00 -1.018369e+00 
 1.354624e+00 -1.018349e+00 
 1.354947e+00 -1.018327e+00 
 1.355270e+00 -1.018303e+00 
 1.355593e+00 -1.018281e+00 
 1.355916e+00 -1.018257e+00 
 1.356239e+00 -1.018232e+00 
 1.356562e+00 -1.018206e+00 
 1.356885e+00 -1.018181e+00 
 1.357208e+00 -1.018157e+00 
 1.357531e+00 -1.018133e+00 
 1.357854e+00 -1.018111e+00 
 1.358177e+00 -1.018089e+00 
 1.358500e+00 -1.018068e+00 
 1.358823e+00 -1.018048e+00 
 1.359146e+00 -1.018029e+00 
 1.359469e+00 -1.018012e+00 
 1.359792e+00 -1.017996e+00 
 1.360115e+00 -1.017982e+00 
 1.360438e+00 -1.017969e+00 
 1.360761e+00 -1.017960e+00 
 1.361084e+00 -1.017954e+00 
 1.361407e+00 -1.017949e+00 
 1.361730e+00 -1.017947e+00 
 1.362053e+00 -1.017947e+00 
 1.362376e+00 -1.017949e+00 
 1.362699e+00 -1.017953e+00 
 1.363022e+00 -1.017959e+00 
 1.363345e+00 -1.017967e+00 
 1.363668e+00 -1.017975e+00 
 1.363991e+00 -1.017986e+00 
 1.364314e+00 -1.017997e+00 
 1.364637e+00 -1.018010e+00 
 1.364960e+00 -1.018025e+00 
 1.365283e+00 -1.018041e+00 
 1.365606e+00 -1.018059e+00 
 1.365929e+00 -1.018079e+00 
 1.366252e+00 -1.018101e+00 
 1.366575e+00 -1.018122e+00 
 1.366898e+00 -1.018143e+00 
 1.367221e+00 -1.018164e+00 
 1.367544e+00 -1.018184e+00 
 1.367867e+00 -1.018203e+00 
 1.368190e+00 -1.018221e+00 
 1.368513e+00 -1.018238e+00 
 1.368836e+00 -1.018254e+00 
 1.369159e+00 -1.018269e+00 
 1.369482e+00 -1.018283e+00 
 1.369805e+00 -1.018295e+00 
 1.370128e+00 -1.018307e+00 
 1.370451e+00 -1.018318e+00 
 1.370774e+00 -1.018327e+00 
 1.371097e+00 -1.018334e+00 
 1.371420e+00 -1.018339e+00 
 1.371743e+00 -1.018340e+00 
 1.372066e+00 -1.018339e+00 
 1.372389e+00 -1.018333e+00 
 1.372712e+00 -1.018326e+00 
 1.373035e+00 -1.018315e+00 
 1.373358e+00 -1.018303e+00 
 1.373681e+00 -1.018288e+00 
 1.374004e+00 -1.018271e+00 
 1.374327e+00 -1.018253e+00 
 1.374650e+00 -1.018232e+00 
 1.374973e+00 -1.018210e+00 
 1.375296e+00 -1.018187e+00 
 1.375619e+00 -1.018161e+00 
 1.375942e+00 -1.018133e+00 
 1.376265e+00 -1.018104e+00 
 1.376587e+00 -1.018072e+00 
 1.376910e+00 -1.018039e+00 
 1.377233e+00 -1.018003e+00 
 1.377556e+00 -1.017967e+00 
 1.377879e+00 -1.017931e+00 
 1.378202e+00 -1.017895e+00 
 1.378525e+00 -1.017860e+00 
 1.378848e+00 -1.017825e+00 
 1.379171e+00 -1.017790e+00 
 1.379494e+00 -1.017757e+00 
 1.379817e+00 -1.017724e+00 
 1.380140e+00 -1.017692e+00 
 1.380463e+00 -1.017661e+00 
 1.380786e+00 -1.017631e+00 
 1.381109e+00 -1.017602e+00 
 1.381432e+00 -1.017575e+00 
 1.381755e+00 -1.017551e+00 
 1.382078e+00 -1.017528e+00 
 1.382401e+00 -1.017508e+00 
 1.382724e+00 -1.017490e+00 
 1.383047e+00 -1.017475e+00 
 1.383370e+00 -1.017463e+00 
 1.383693e+00 -1.017455e+00 
 1.384016e+00 -1.017448e+00 
 1.384339e+00 -1.017445e+00 
 1.384662e+00 -1.017444e+00 
 1.384985e+00 -1.017446e+00 
 1.385308e+00 -1.017450e+00 
 1.385631e+00 -1.017457e+00 
 1.385954e+00 -1.017467e+00 
 1.386277e+00 -1.017480e+00 
 1.386600e+00 -1.017496e+00 
 1.386923e+00 -1.017514e+00 
 1.387246e+00 -1.017535e+00 
 1.387569e+00 -1.017557e+00 
 1.387892e+00 -1.017581e+00 
 1.388215e+00 -1.017608e+00 
 1.388538e+00 -1.017635e+00 
 1.388861e+00 -1.017665e+00 
 1.389184e+00 -1.017695e+00 
 1.389507e+00 -1.017726e+00 
 1.389830e+00 -1.017758e+00 
 1.390153e+00 -1.017792e+00 
 1.390476e+00 -1.017825e+00 
 1.390799e+00 -1.017859e+00 
 1.391122e+00 -1.017894e+00 
 1.391445e+00 -1.017928e+00 
 1.391768e+00 -1.017961e+00 
 1.392091e+00 -1.017994e+00 
 1.392414e+00 -1.018025e+00 
 1.392737e+00 -1.018054e+00 
 1.393060e+00 -1.018082e+00 
 1.393383e+00 -1.018109e+00 
 1.393706e+00 -1.018135e+00 
 1.394029e+00 -1.018159e+00 
 1.394352e+00 -1.018182e+00 
 1.394675e+00 -1.018203e+00 
 1.394998e+00 -1.018223e+00 
 1.395321e+00 -1.018242e+00 
 1.395644e+00 -1.018258e+00 
 1.395967e+00 -1.018272e+00 
 1.396290e+00 -1.018282e+00 
 1.396613e+00 -1.018291e+00 
 1.396936e+00 -1.018297e+00 
 1.397259e+00 -1.018300e+00 
 1.397582e+00 -1.018302e+00 
 1.397905e+00 -1.018301e+00 
 1.398228e+00 -1.018300e+00 
 1.398551e+00 -1.018297e+00 
 1.398874e+00 -1.018293e+00 
 1.399197e+00 -1.018288e+00 
 1.399520e+00 -1.018283e+00 
 1.399843e+00 -1.018276e+00 
 1.400166e+00 -1.018269e+00 
 1.400489e+00 -1.018262e+00 
 1.400812e+00 -1.018253e+00 
 1.401135e+00 -1.018243e+00 
 1.401458e+00 -1.018232e+00 
 1.401781e+00 -1.018221e+00 
 1.402104e+00 -1.018211e+00 
 1.402427e+00 -1.018201e+00 
 1.402750e+00 -1.018192e+00 
 1.403073e+00 -1.018185e+00 
 1.403396e+00 -1.018179e+00 
 1.403719e+00 -1.018175e+00 
 1.404042e+00 -1.018173e+00 
 1.404365e+00 -1.018173e+00 
 1.404688e+00 -1.018174e+00 
 1.405011e+00 -1.018176e+00 
 1.405334e+00 -1.018180e+00 
 1.405657e+00 -1.018188e+00 
 1.405980e+00 -1.018196e+00 
 1.406303e+00 -1.018206e+00 
 1.406626e+00 -1.018218e+00 
 1.406949e+00 -1.018232e+00 
 1.407272e+00 -1.018250e+00 
 1.407595e+00 -1.018270e+00 
 1.407918e+00 -1.018292e+00 
 1.408241e+00 -1.018316e+00 
 1.408564e+00 -1.018342e+00 
 1.408887e+00 -1.018371e+00 
 1.409210e+00 -1.018402e+00 
 1.409533e+00 -1.018434e+00 
 1.409856e+00 -1.018467e+00 
 1.410179e+00 -1.018501e+00 
 1.410502e+00 -1.018537e+00 
 1.410825e+00 -1.018576e+00 
 1.411148e+00 -1.018615e+00 
 1.411471e+00 -1.018653e+00 
 1.411794e+00 -1.018693e+00 
 1.412117e+00 -1.018732e+00 
 1.412439e+00 -1.018772e+00 
 1.412762e+00 -1.018812e+00 
 1.413085e+00 -1.018851e+00 
 1.413408e+00 -1.018889e+00 
 1.413731e+00 -1.018927e+00 
 1.414054e+00 -1.018964e+00 
 1.414377e+00 -1.018999e+00 
 1.414700e+00 -1.019033e+00 
 1.415023e+00 -1.019064e+00 
 1.415346e+00 -1.019094e+00 
 1.415669e+00 -1.019124e+00 
 1.415992e+00 -1.019152e+00 
 1.416315e+00 -1.019176e+00 
 1.416638e+00 -1.019198e+00 
 1.416961e+00 -1.019216e+00 
 1.417284e+00 -1.019232e+00 
 1.417607e+00 -1.019245e+00 
 1.417930e+00 -1.019255e+00 
 1.418253e+00 -1.019262e+00 
 1.418576e+00 -1.019267e+00 
 1.418899e+00 -1.019269e+00 
 1.419222e+00 -1.019268e+00 
 1.419545e+00 -1.019265e+00 
 1.419868e+00 -1.019259e+00 
 1.420191e+00 -1.019250e+00 
 1.420514e+00 -1.019237e+00 
 1.420837e+00 -1.019224e+00 
 1.421160e+00 -1.019209e+00 
 1.421483e+00 -1.019191e+00 
 1.421806e+00 -1.019169e+00 
 1.422129e+00 -1.019145e+00 
 1.422452e+00 -1.019120e+00 
 1.422775e+00 -1.019093e+00 
 1.423098e+00 -1.019066e+00 
 1.423421e+00 -1.019038e+00 
 1.423744e+00 -1.019010e+00 
 1.424067e+00 -1.018980e+00 
 1.424390e+00 -1.018951e+00 
 1.424713e+00 -1.018922e+00 
 1.425036e+00 -1.018891e+00 
 1.425359e+00 -1.018860e+00 
 1.425682e+00 -1.018829e+00 
 1.426005e+00 -1.018800e+00 
 1.426328e+00 -1.018772e+00 
 1.426651e+00 -1.018745e+00 
 1.426974e+00 -1.018718e+00 
 1.427297e+00 -1.018692e+00 
 1.427620e+00 -1.018669e+00 
 1.427943e+00 -1.018648e+00 
 1.428266e+00 -1.018629e+00 
 1.428589e+00 -1.018612e+00 
 1.428912e+00 -1.018596e+00 
 1.429235e+00 -1.018583e+00 
 1.429558e+00 -1.018572e+00 
 1.429881e+00 -1.018563e+00 
 1.430204e+00 -1.018556e+00 
 1.430527e+00 -1.018549e+00 
 1.430850e+00 -1.018545e+00 
 1.431173e+00 -1.018545e+00 
 1.431496e+00 -1.018547e+00 
 1.431819e+00 -1.018551e+00 
 1.432142e+00 -1.018556e+00 
 1.432465e+00 -1.018563e+00 
 1.432788e+00 -1.018573e+00 
 1.433111e+00 -1.018584e+00 
 1.433434e+00 -1.018597e+00 
 1.433757e+00 -1.018610e+00 
 1.434080e+00 -1.018624e+00 
 1.434403e+00 -1.018640e+00 
 1.434726e+00 -1.018656e+00 
 1.435049e+00 -1.018673e+00 
 1.435372e+00 -1.018690e+00 
 1.435695e+00 -1.018707e+00 
 1.436018e+00 -1.018723e+00 
 1.436341e+00 -1.018741e+00 
 1.436664e+00 -1.018758e+00 
 1.436987e+00 -1.018775e+00 
 1.437310e+00 -1.018789e+00 
 1.437633e+00 -1.018802e+00 
 1.437956e+00 -1.018815e+00 
 1.438279e+00 -1.018826e+00 
 1.438602e+00 -1.018836e+00 
 1.438925e+00 -1.018844e+00 
 1.439248e+00 -1.018851e+00 
 1.439571e+00 -1.018855e+00 
 1.439894e+00 -1.018858e+00 
 1.440217e+00 -1.018859e+00 
 1.440540e+00 -1.018857e+00 
 1.440863e+00 -1.018852e+00 
 1.441186e+00 -1.018845e+00 
 1.441509e+00 -1.018836e+00 
 1.441832e+00 -1.018826e+00 
 1.442155e+00 -1.018812e+00 
 1.442478e+00 -1.018796e+00 
 1.442801e+00 -1.018778e+00 
 1.443124e+00 -1.018759e+00 
 1.443447e+00 -1.018738e+00 
 1.443770e+00 -1.018716e+00 
 1.444093e+00 -1.018691e+00 
 1.444416e+00 -1.018665e+00 
 1.444739e+00 -1.018637e+00 
 1.445062e+00 -1.018608e+00 
 1.445385e+00 -1.018577e+00 
 1.445708e+00 -1.018544e+00 
 1.446031e+00 -1.018510e+00 
 1.446354e+00 -1.018476e+00 
 1.446677e+00 -1.018443e+00 
 1.447000e+00 -1.018411e+00 
 1.447323e+00 -1.018378e+00 
 1.447646e+00 -1.018346e+00 
 1.447968e+00 -1.018314e+00 
 1.448291e+00 -1.018285e+00 
 1.448614e+00 -1.018256e+00 
 1.448937e+00 -1.018229e+00 
 1.449260e+00 -1.018202e+00 
 1.449583e+00 -1.018175e+00 
 1.449906e+00 -1.018151e+00 
 1.450229e+00 -1.018128e+00 
 1.450552e+00 -1.018105e+00 
 1.450875e+00 -1.018085e+00 
 1.451198e+00 -1.018067e+00 
 1.451521e+00 -1.018053e+00 
 1.451844e+00 -1.018044e+00 
 1.452167e+00 -1.018037e+00 
 1.452490e+00 -1.018034e+00 
 1.452813e+00 -1.018032e+00 
 1.453136e+00 -1.018032e+00 
 1.453459e+00 -1.018036e+00 
 1.453782e+00 -1.018042e+00 
 1.454105e+00 -1.018049e+00 
 1.454428e+00 -1.018059e+00 
 1.454751e+00 -1.018070e+00 
 1.455074e+00 -1.018085e+00 
 1.455397e+00 -1.018101e+00 
 1.455720e+00 -1.018119e+00 
 1.456043e+00 -1.018140e+00 
 1.456366e+00 -1.018163e+00 
 1.456689e+00 -1.018190e+00 
 1.457012e+00 -1.018218e+00 
 1.457335e+00 -1.018248e+00 
 1.457658e+00 -1.018278e+00 
 1.457981e+00 -1.018308e+00 
 1.458304e+00 -1.018338e+00 
 1.458627e+00 -1.018369e+00 
 1.458950e+00 -1.018399e+00 
 1.459273e+00 -1.018430e+00 
 1.459596e+00 -1.018460e+00 
 1.459919e+00 -1.018490e+00 
 1.460242e+00 -1.018521e+00 
 1.460565e+00 -1.018551e+00 
 1.460888e+00 -1.018579e+00 
 1.461211e+00 -1.018606e+00 
 1.461534e+00 -1.018632e+00 
 1.461857e+00 -1.018658e+00 
 1.462180e+00 -1.018681e+00 
 1.462503e+00 -1.018703e+00 
 1.462826e+00 -1.018722e+00 
 1.463149e+00 -1.018738e+00 
 1.463472e+00 -1.018752e+00 
 1.463795e+00 -1.018764e+00 
 1.464118e+00 -1.018775e+00 
 1.464441e+00 -1.018783e+00 
 1.464764e+00 -1.018790e+00 
 1.465087e+00 -1.018795e+00 
 1.465410e+00 -1.018798e+00 
 1.465733e+00 -1.018798e+00 
 1.466056e+00 -1.018795e+00 
 1.466379e+00 -1.018790e+00 
 1.466702e+00 -1.018783e+00 
 1.467025e+00 -1.018775e+00 
 1.467348e+00 -1.018766e+00 
 1.467671e+00 -1.018755e+00 
 1.467994e+00 -1.018743e+00 
 1.468317e+00 -1.018729e+00 
 1.468640e+00 -1.018714e+00 
 1.468963e+00 -1.018700e+00 
 1.469286e+00 -1.018684e+00 
 1.469609e+00 -1.018668e+00 
 1.469932e+00 -1.018652e+00 
 1.470255e+00 -1.018635e+00 
 1.470578e+00 -1.018618e+00 
 1.470901e+00 -1.018601e+00 
 1.471224e+00 -1.018584e+00 
 1.471547e+00 -1.018568e+00 
 1.471870e+00 -1.018554e+00 
 1.472193e+00 -1.018541e+00 
 1.472516e+00 -1.018531e+00 
 1.472839e+00 -1.018522e+00 
 1.473162e+00 -1.018515e+00 
 1.473485e+00 -1.018508e+00 
 1.473808e+00 -1.018503e+00 
 1.474131e+00 -1.018500e+00 
 1.474454e+00 -1.018498e+00 
 1.474777e+00 -1.018498e+00 
 1.475100e+00 -1.018500e+00 
 1.475423e+00 -1.018504e+00 
 1.475746e+00 -1.018511e+00 
 1.476069e+00 -1.018520e+00 
 1.476392e+00 -1.018532e+00 
 1.476715e+00 -1.018546e+00 
 1.477038e+00 -1.018563e+00 
 1.477361e+00 -1.018583e+00 
 1.477684e+00 -1.018604e+00 
 1.478007e+00 -1.018627e+00 
 1.478330e+00 -1.018650e+00 
 1.478653e+00 -1.018673e+00 
 1.478976e+00 -1.018698e+00 
 1.479299e+00 -1.018724e+00 
 1.479622e+00 -1.018751e+00 
 1.479945e+00 -1.018778e+00 
 1.480268e+00 -1.018808e+00 
 1.480591e+00 -1.018839e+00 
 1.480914e+00 -1.018871e+00 
 1.481237e+00 -1.018903e+00 
 1.481560e+00 -1.018934e+00 
 1.481883e+00 -1.018965e+00 
 1.482206e+00 -1.018995e+00 
 1.482529e+00 -1.019024e+00 
 1.482852e+00 -1.019051e+00 
 1.483175e+00 -1.019077e+00 
 1.483498e+00 -1.019100e+00 
 1.483820e+00 -1.019121e+00 
 1.484143e+00 -1.019141e+00 
 1.484466e+00 -1.019160e+00 
 1.484789e+00 -1.019177e+00 
 1.485112e+00 -1.019193e+00 
 1.485435e+00 -1.019208e+00 
 1.485758e+00 -1.019221e+00 
 1.486081e+00 -1.019231e+00 
 1.486404e+00 -1.019237e+00 
 1.486727e+00 -1.019240e+00 
 1.487050e+00 -1.019240e+00 
 1.487373e+00 -1.019237e+00 
 1.487696e+00 -1.019231e+00 
 1.488019e+00 -1.019223e+00 
 1.488342e+00 -1.019211e+00 
 1.488665e+00 -1.019198e+00 
 1.488988e+00 -1.019182e+00 
 1.489311e+00 -1.019165e+00 
 1.489634e+00 -1.019146e+00 
 1.489957e+00 -1.019125e+00 
 1.490280e+00 -1.019103e+00 
 1.490603e+00 -1.019080e+00 
 1.490926e+00 -1.019055e+00 
 1.491249e+00 -1.019027e+00 
 1.491572e+00 -1.018997e+00 
 1.491895e+00 -1.018966e+00 
 1.492218e+00 -1.018933e+00 
 1.492541e+00 -1.018901e+00 
 1.492864e+00 -1.018868e+00 
 1.493187e+00 -1.018836e+00 
 1.493510e+00 -1.018804e+00 
 1.493833e+00 -1.018772e+00 
 1.494156e+00 -1.018741e+00 
 1.494479e+00 -1.018710e+00 
 1.494802e+00 -1.018681e+00 
 1.495125e+00 -1.018652e+00 
 1.495448e+00 -1.018623e+00 
 1.495771e+00 -1.018597e+00 
 1.496094e+00 -1.018573e+00 
 1.496417e+00 -1.018549e+00 
 1.496740e+00 -1.018527e+00 
 1.497063e+00 -1.018507e+00 
 1.497386e+00 -1.018489e+00 
 1.497709e+00 -1.018474e+00 
 1.498032e+00 -1.018462e+00 
 1.498355e+00 -1.018451e+00 
 1.498678e+00 -1.018442e+00 
 1.499001e+00 -1.018435e+00 
 1.499324e+00 -1.018430e+00 
 1.499647e+00 -1.018428e+00 
 1.499970e+00 -1.018427e+00 
 1.500293e+00 -1.018428e+00 
 1.500616e+00 -1.018431e+00 
 1.500939e+00 -1.018437e+00 
 1.501262e+00 -1.018446e+00 
 1.501585e+00 -1.018456e+00 
 1.501908e+00 -1.018467e+00 
 1.502231e+00 -1.018480e+00 
 1.502554e+00 -1.018493e+00 
 1.502877e+00 -1.018508e+00 
 1.503200e+00 -1.018524e+00 
 1.503523e+00 -1.018540e+00 
 1.503846e+00 -1.018556e+00 
 1.504169e+00 -1.018572e+00 
 1.504492e+00 -1.018590e+00 
 1.504815e+00 -1.018607e+00 
 1.505138e+00 -1.018625e+00 
 1.505461e+00 -1.018642e+00 
 1.505784e+00 -1.018659e+00 
 1.506107e+00 -1.018676e+00 
 1.506430e+00 -1.018693e+00 
 1.506753e+00 -1.018707e+00 
 1.507076e+00 -1.018720e+00 
 1.507399e+00 -1.018730e+00 
 1.507722e+00 -1.018739e+00 
 1.508045e+00 -1.018747e+00 
 1.508368e+00 -1.018753e+00 
 1.508691e+00 -1.018758e+00 
 1.509014e+00 -1.018761e+00 
 1.509337e+00 -1.018763e+00 
 1.509660e+00 -1.018764e+00 
 1.509983e+00 -1.018763e+00 
 1.510306e+00 -1.018761e+00 
 1.510629e+00 -1.018756e+00 
 1.510952e+00 -1.018749e+00 
 1.511275e+00 -1.018740e+00 
 1.511598e+00 -1.018728e+00 
 1.511921e+00 -1.018714e+00 
 1.512244e+00 -1.018698e+00 
 1.512567e+00 -1.018680e+00 
 1.512890e+00 -1.018661e+00 
 1.513213e+00 -1.018642e+00 
 1.513536e+00 -1.018623e+00 
 1.513859e+00 -1.018603e+00 
 1.514182e+00 -1.018583e+00 
 1.514505e+00 -1.018562e+00 
 1.514828e+00 -1.018541e+00 
 1.515151e+00 -1.018520e+00 
 1.515474e+00 -1.018499e+00 
 1.515797e+00 -1.018476e+00 
 1.516120e+00 -1.018453e+00 
 1.516443e+00 -1.018430e+00 
 1.516766e+00 -1.018408e+00 
 1.517089e+00 -1.018386e+00 
 1.517412e+00 -1.018366e+00 
 1.517735e+00 -1.018348e+00 
 1.518058e+00 -1.018332e+00 
 1.518381e+00 -1.018318e+00 
 1.518704e+00 -1.018306e+00 
 1.519027e+00 -1.018296e+00 
 1.519350e+00 -1.018287e+00 
 1.519672e+00 -1.018280e+00 
 1.519995e+00 -1.018275e+00 
 1.520318e+00 -1.018271e+00 
 1.520641e+00 -1.018269e+00 
 1.520964e+00 -1.018269e+00 
 1.521287e+00 -1.018270e+00 
 1.521610e+00 -1.018274e+00 
 1.521933e+00 -1.018282e+00 
 1.522256e+00 -1.018293e+00 
 1.522579e+00 -1.018305e+00 
 1.522902e+00 -1.018320e+00 
 1.523225e+00 -1.018337e+00 
 1.523548e+00 -1.018357e+00 
 1.523871e+00 -1.018378e+00 
 1.524194e+00 -1.018400e+00 
 1.524517e+00 -1.018423e+00 
 1.524840e+00 -1.018447e+00 
 1.525163e+00 -1.018472e+00 
 1.525486e+00 -1.018497e+00 
 1.525809e+00 -1.018524e+00 
 1.526132e+00 -1.018552e+00 
 1.526455e+00 -1.018581e+00 
 1.526778e+00 -1.018611e+00 
 1.527101e+00 -1.018642e+00 
 1.527424e+00 -1.018672e+00 
 1.527747e+00 -1.018702e+00 
 1.528070e+00 -1.018732e+00 
 1.528393e+00 -1.018760e+00 
 1.528716e+00 -1.018788e+00 
 1.529039e+00 -1.018815e+00 
 1.529362e+00 -1.018840e+00 
 1.529685e+00 -1.018863e+00 
 1.530008e+00 -1.018885e+00 
 1.530331e+00 -1.018905e+00 
 1.530654e+00 -1.018924e+00 
 1.530977e+00 -1.018941e+00 
 1.531300e+00 -1.018957e+00 
 1.531623e+00 -1.018970e+00 
 1.531946e+00 -1.018982e+00 
 1.532269e+00 -1.018991e+00 
 1.532592e+00 -1.018999e+00 
 1.532915e+00 -1.019003e+00 
 1.533238e+00 -1.019006e+00 
 1.533561e+00 -1.019006e+00 
 1.533884e+00 -1.019004e+00 
 1.534207e+00 -1.019000e+00 
 1.534530e+00 -1.018994e+00 
 1.534853e+00 -1.018986e+00 
 1.535176e+00 -1.018977e+00 
 1.535499e+00 -1.018964e+00 
 1.535822e+00 -1.018950e+00 
 1.536145e+00 -1.018935e+00 
 1.536468e+00 -1.018918e+00 
 1.536791e+00 -1.018900e+00 
 1.537114e+00 -1.018881e+00 
 1.537437e+00 -1.018862e+00 
 1.537760e+00 -1.018842e+00 
 1.538083e+00 -1.018822e+00 
 1.538406e+00 -1.018801e+00 
 1.538729e+00 -1.018780e+00 
 1.539052e+00 -1.018760e+00 
 1.539375e+00 -1.018740e+00 
 1.539698e+00 -1.018720e+00 
 1.540021e+00 -1.018701e+00 
 1.540344e+00 -1.018682e+00 
 1.540667e+00 -1.018663e+00 
 1.540990e+00 -1.018644e+00 
 1.541313e+00 -1.018628e+00 
 1.541636e+00 -1.018613e+00 
 1.541959e+00 -1.018600e+00 
 1.542282e+00 -1.018589e+00 
 1.542605e+00 -1.018581e+00 
 1.542928e+00 -1.018575e+00 
 1.543251e+00 -1.018569e+00 
 1.543574e+00 -1.018566e+00 
 1.543897e+00 -1.018565e+00 
 1.544220e+00 -1.018565e+00 
 1.544543e+00 -1.018568e+00 
 1.544866e+00 -1.018572e+00 
 1.545189e+00 -1.018577e+00 
 1.545512e+00 -1.018585e+00 
 1.545835e+00 -1.018594e+00 
 1.546158e+00 -1.018604e+00 
 1.546481e+00 -1.018616e+00 
 1.546804e+00 -1.018631e+00 
 1.547127e+00 -1.018647e+00 
 1.547450e+00 -1.018665e+00 
 1.547773e+00 -1.018684e+00 
 1.548096e+00 -1.018704e+00 
 1.548419e+00 -1.018723e+00 
 1.548742e+00 -1.018743e+00 
 1.549065e+00 -1.018763e+00 
 1.549388e+00 -1.018783e+00 
 1.549711e+00 -1.018803e+00 
 1.550034e+00 -1.018823e+00 
 1.550357e+00 -1.018842e+00 
 1.550680e+00 -1.018862e+00 
 1.551003e+00 -1.018880e+00 
 1.551326e+00 -1.018897e+00 
 1.551649e+00 -1.018914e+00 
 1.551972e+00 -1.018929e+00 
 1.552295e+00 -1.018944e+00 
 1.552618e+00 -1.018956e+00 
 1.552941e+00 -1.018966e+00 
 1.553264e+00 -1.018974e+00 
 1.553587e+00 -1.018980e+00 
 1.553910e+00 -1.018983e+00 
 1.554233e+00 -1.018984e+00 
 1.554556e+00 -1.018983e+00 
 1.554879e+00 -1.018979e+00 
 1.555201e+00 -1.018973e+00 
 1.555524e+00 -1.018967e+00 
 1.555847e+00 -1.018958e+00 
 1.556170e+00 -1.018947e+00 
 1.556493e+00 -1.018932e+00 
 1.556816e+00 -1.018916e+00 
 1.557139e+00 -1.018897e+00 
 1.557462e+00 -1.018877e+00 
 1.557785e+00 -1.018854e+00 
 1.558108e+00 -1.018829e+00 
 1.558431e+00 -1.018803e+00 
 1.558754e+00 -1.018774e+00 
 1.559077e+00 -1.018744e+00 
 1.559400e+00 -1.018713e+00 
 1.559723e+00 -1.018681e+00 
 1.560046e+00 -1.018647e+00 
 1.560369e+00 -1.018615e+00 
 1.560692e+00 -1.018583e+00 
 1.561015e+00 -1.018550e+00 
 1.561338e+00 -1.018517e+00 
 1.561661e+00 -1.018483e+00 
 1.561984e+00 -1.018449e+00 
 1.562307e+00 -1.018417e+00 
 1.562630e+00 -1.018385e+00 
 1.562953e+00 -1.018353e+00 
 1.563276e+00 -1.018323e+00 
 1.563599e+00 -1.018294e+00 
 1.563922e+00 -1.018266e+00 
 1.564245e+00 -1.018239e+00 
 1.564568e+00 -1.018215e+00 
 1.564891e+00 -1.018192e+00 
 1.565214e+00 -1.018171e+00 
 1.565537e+00 -1.018154e+00 
 1.565860e+00 -1.018139e+00 
 1.566183e+00 -1.018126e+00 
 1.566506e+00 -1.018115e+00 
 1.566829e+00 -1.018106e+00 
 1.567152e+00 -1.018099e+00 
 1.567475e+00 -1.018095e+00 
 1.567798e+00 -1.018092e+00 
 1.568121e+00 -1.018092e+00 
 1.568444e+00 -1.018094e+00 
 1.568767e+00 -1.018097e+00 
 1.569090e+00 -1.018102e+00 
 1.569413e+00 -1.018110e+00 
 1.569736e+00 -1.018120e+00 
 1.570059e+00 -1.018131e+00 
 1.570382e+00 -1.018145e+00 
 1.570705e+00 -1.018160e+00 
 1.571028e+00 -1.018178e+00 
 1.571351e+00 -1.018197e+00 
 1.571674e+00 -1.018216e+00 
 1.571997e+00 -1.018234e+00 
 1.572320e+00 -1.018254e+00 
 1.572643e+00 -1.018273e+00 
 1.572966e+00 -1.018293e+00 
 1.573289e+00 -1.018312e+00 
 1.573612e+00 -1.018331e+00 
 1.573935e+00 -1.018350e+00 
 1.574258e+00 -1.018369e+00 
 1.574581e+00 -1.018388e+00 
 1.574904e+00 -1.018406e+00 
 1.575227e+00 -1.018423e+00 
 1.575550e+00 -1.018438e+00 
 1.575873e+00 -1.018453e+00 
 1.576196e+00 -1.018468e+00 
 1.576519e+00 -1.018480e+00 
 1.576842e+00 -1.018490e+00 
 1.577165e+00 -1.018498e+00 
 1.577488e+00 -1.018503e+00 
 1.577811e+00 -1.018507e+00 
 1.578134e+00 -1.018510e+00 
 1.578457e+00 -1.018511e+00 
 1.578780e+00 -1.018510e+00 
 1.579103e+00 -1.018508e+00 
 1.579426e+00 -1.018504e+00 
 1.579749e+00 -1.018500e+00 
 1.580072e+00 -1.018493e+00 
 1.580395e+00 -1.018484e+00 
 1.580718e+00 -1.018473e+00 
 1.581041e+00 -1.018462e+00 
 1.581364e+00 -1.018450e+00 
 1.581687e+00 -1.018437e+00 
 1.582010e+00 -1.018422e+00 
 1.582333e+00 -1.018405e+00 
 1.582656e+00 -1.018388e+00 
 1.582979e+00 -1.018372e+00 
 1.583302e+00 -1.018355e+00 
 1.583625e+00 -1.018339e+00 
 1.583948e+00 -1.018323e+00 
 1.584271e+00 -1.018307e+00 
 1.584594e+00 -1.018292e+00 
 1.584917e+00 -1.018278e+00 
 1.585240e+00 -1.018264e+00 
 1.585563e+00 -1.018249e+00 
 1.585886e+00 -1.018236e+00 
 1.586209e+00 -1.018225e+00 
 1.586532e+00 -1.018216e+00 
 1.586855e+00 -1.018208e+00 
 1.587178e+00 -1.018201e+00 
 1.587501e+00 -1.018196e+00 
 1.587824e+00 -1.018194e+00 
 1.588147e+00 -1.018194e+00 
 1.588470e+00 -1.018196e+00 
 1.588793e+00 -1.018201e+00 
 1.589116e+00 -1.018207e+00 
 1.589439e+00 -1.018216e+00 
 1.589762e+00 -1.018226e+00 
 1.590085e+00 -1.018240e+00 
 1.590408e+00 -1.018255e+00 
 1.590731e+00 -1.018271e+00 
 1.591053e+00 -1.018288e+00 
 1.591376e+00 -1.018310e+00 
 1.591699e+00 -1.018333e+00 
 1.592022e+00 -1.018358e+00 
 1.592345e+00 -1.018385e+00 
 1.592668e+00 -1.018412e+00 
 1.592991e+00 -1.018442e+00 
 1.593314e+00 -1.018473e+00 
 1.593637e+00 -1.018505e+00 
 1.593960e+00 -1.018538e+00 
 1.594283e+00 -1.018572e+00 
 1.594606e+00 -1.018606e+00 
 1.594929e+00 -1.018641e+00 
 1.595252e+00 -1.018676e+00 
 1.595575e+00 -1.018711e+00 
 1.595898e+00 -1.018744e+00 
 1.596221e+00 -1.018777e+00 
 1.596544e+00 -1.018810e+00 
 1.596867e+00 -1.018843e+00 
 1.597190e+00 -1.018875e+00 
 1.597513e+00 -1.018905e+00 
 1.597836e+00 -1.018934e+00 
 1.598159e+00 -1.018961e+00 
 1.598482e+00 -1.018987e+00 
 1.598805e+00 -1.019011e+00 
 1.599128e+00 -1.019034e+00 
 1.599451e+00 -1.019054e+00 
 1.599774e+00 -1.019072e+00 
 1.600097e+00 -1.019088e+00 
 1.600420e+00 -1.019102e+00 
 1.600743e+00 -1.019113e+00 
 1.601066e+00 -1.019121e+00 
 1.601389e+00 -1.019126e+00 
 1.601712e+00 -1.019131e+00 
 1.602035e+00 -1.019133e+00 
 1.602358e+00 -1.019132e+00 
 1.602681e+00 -1.019129e+00 
 1.603004e+00 -1.019124e+00 
 1.603327e+00 -1.019117e+00 
 1.603650e+00 -1.019108e+00 
 1.603973e+00 -1.019098e+00 
 1.604296e+00 -1.019085e+00 
 1.604619e+00 -1.019070e+00 
 1.604942e+00 -1.019055e+00 
 1.605265e+00 -1.019038e+00 
 1.605588e+00 -1.019020e+00 
 1.605911e+00 -1.019000e+00 
 1.606234e+00 -1.018979e+00 
 1.606557e+00 -1.018957e+00 
 1.606880e+00 -1.018936e+00 
 1.607203e+00 -1.018915e+00 
 1.607526e+00 -1.018893e+00 
 1.607849e+00 -1.018872e+00 
 1.608172e+00 -1.018851e+00 
 1.608495e+00 -1.018830e+00 
 1.608818e+00 -1.018810e+00 
 1.609141e+00 -1.018792e+00 
 1.609464e+00 -1.018773e+00 
 1.609787e+00 -1.018755e+00 
 1.610110e+00 -1.018739e+00 
 1.610433e+00 -1.018725e+00 
 1.610756e+00 -1.018713e+00 
 1.611079e+00 -1.018701e+00 
 1.611402e+00 -1.018690e+00 
 1.611725e+00 -1.018681e+00 
 1.612048e+00 -1.018675e+00 
 1.612371e+00 -1.018671e+00 
 1.612694e+00 -1.018669e+00 
 1.613017e+00 -1.018668e+00 
 1.613340e+00 -1.018669e+00 
 1.613663e+00 -1.018671e+00 
 1.613986e+00 -1.018676e+00 
 1.614309e+00 -1.018682e+00 
 1.614632e+00 -1.018689e+00 
 1.614955e+00 -1.018697e+00 
 1.615278e+00 -1.018707e+00 
 1.615601e+00 -1.018720e+00 
 1.615924e+00 -1.018734e+00 
 1.616247e+00 -1.018748e+00 
 1.616570e+00 -1.018762e+00 
 1.616893e+00 -1.018776e+00 
 1.617216e+00 -1.018792e+00 
 1.617539e+00 -1.018809e+00 
 1.617862e+00 -1.018825e+00 
 1.618185e+00 -1.018841e+00 
 1.618508e+00 -1.018856e+00 
 1.618831e+00 -1.018871e+00 
 1.619154e+00 -1.018886e+00 
 1.619477e+00 -1.018900e+00 
 1.619800e+00 -1.018913e+00 
 1.620123e+00 -1.018924e+00 
 1.620446e+00 -1.018934e+00 
 1.620769e+00 -1.018944e+00 
 1.621092e+00 -1.018952e+00 
 1.621415e+00 -1.018958e+00 
 1.621738e+00 -1.018961e+00 
 1.622061e+00 -1.018962e+00 
 1.622384e+00 -1.018962e+00 
 1.622707e+00 -1.018960e+00 
 1.623030e+00 -1.018955e+00 
 1.623353e+00 -1.018948e+00 
 1.623676e+00 -1.018938e+00 
 1.623999e+00 -1.018927e+00 
 1.624322e+00 -1.018914e+00 
 1.624645e+00 -1.018898e+00 
 1.624968e+00 -1.018879e+00 
 1.625291e+00 -1.018858e+00 
 1.625614e+00 -1.018835e+00 
 1.625937e+00 -1.018811e+00 
 1.626260e+00 -1.018785e+00 
 1.626583e+00 -1.018757e+00 
 1.626905e+00 -1.018727e+00 
 1.627228e+00 -1.018695e+00 
 1.627551e+00 -1.018663e+00 
 1.627874e+00 -1.018630e+00 
 1.628197e+00 -1.018596e+00 
 1.628520e+00 -1.018560e+00 
 1.628843e+00 -1.018524e+00 
 1.629166e+00 -1.018488e+00 
 1.629489e+00 -1.018452e+00 
 1.629812e+00 -1.018415e+00 
 1.630135e+00 -1.018378e+00 
 1.630458e+00 -1.018340e+00 
 1.630781e+00 -1.018304e+00 
 1.631104e+00 -1.018271e+00 
 1.631427e+00 -1.018238e+00 
 1.631750e+00 -1.018205e+00 
 1.632073e+00 -1.018174e+00 
 1.632396e+00 -1.018145e+00 
 1.632719e+00 -1.018117e+00 
 1.633042e+00 -1.018092e+00 
 1.633365e+00 -1.018068e+00 
 1.633688e+00 -1.018046e+00 
 1.634011e+00 -1.018025e+00 
 1.634334e+00 -1.018007e+00 
 1.634657e+00 -1.017992e+00 
 1.634980e+00 -1.017978e+00 
 1.635303e+00 -1.017967e+00 
 1.635626e+00 -1.017958e+00 
 1.635949e+00 -1.017952e+00 
 1.636272e+00 -1.017949e+00 
 1.636595e+00 -1.017949e+00 
 1.636918e+00 -1.017950e+00 
 1.637241e+00 -1.017953e+00 
 1.637564e+00 -1.017957e+00 
 1.637887e+00 -1.017965e+00 
 1.638210e+00 -1.017974e+00 
 1.638533e+00 -1.017985e+00 
 1.638856e+00 -1.017996e+00 
 1.639179e+00 -1.018009e+00 
 1.639502e+00 -1.018024e+00 
 1.639825e+00 -1.018041e+00 
 1.640148e+00 -1.018058e+00 
 1.640471e+00 -1.018077e+00 
 1.640794e+00 -1.018095e+00 
 1.641117e+00 -1.018115e+00 
 1.641440e+00 -1.018135e+00 
 1.641763e+00 -1.018156e+00 
 1.642086e+00 -1.018175e+00 
 1.642409e+00 -1.018193e+00 
 1.642732e+00 -1.018211e+00 
 1.643055e+00 -1.018228e+00 
 1.643378e+00 -1.018245e+00 
 1.643701e+00 -1.018261e+00 
 1.644024e+00 -1.018276e+00 
 1.644347e+00 -1.018290e+00 
 1.644670e+00 -1.018303e+00 
 1.644993e+00 -1.018315e+00 
 1.645316e+00 -1.018325e+00 
 1.645639e+00 -1.018334e+00 
 1.645962e+00 -1.018340e+00 
 1.646285e+00 -1.018345e+00 
 1.646608e+00 -1.018348e+00 
 1.646931e+00 -1.018349e+00 
 1.647254e+00 -1.018348e+00 
 1.647577e+00 -1.018344e+00 
 1.647900e+00 -1.018340e+00 
 1.648223e+00 -1.018334e+00 
 1.648546e+00 -1.018328e+00 
 1.648869e+00 -1.018319e+00 
 1.649192e+00 -1.018309e+00 
 1.649515e+00 -1.018298e+00 
 1.649838e+00 -1.018286e+00 
 1.650161e+00 -1.018273e+00 
 1.650484e+00 -1.018259e+00 
 1.650807e+00 -1.018243e+00 
 1.651130e+00 -1.018226e+00 
 1.651453e+00 -1.018209e+00 
 1.651776e+00 -1.018193e+00 
 1.652099e+00 -1.018176e+00 
 1.652422e+00 -1.018158e+00 
 1.652745e+00 -1.018141e+00 
 1.653068e+00 -1.018125e+00 
 1.653391e+00 -1.018110e+00 
 1.653714e+00 -1.018096e+00 
 1.654037e+00 -1.018083e+00 
 1.654360e+00 -1.018070e+00 
 1.654683e+00 -1.018058e+00 
 1.655006e+00 -1.018047e+00 
 1.655329e+00 -1.018038e+00 
 1.655652e+00 -1.018030e+00 
 1.655975e+00 -1.018023e+00 
 1.656298e+00 -1.018018e+00 
 1.656621e+00 -1.018016e+00 
 1.656944e+00 -1.018016e+00 
 1.657267e+00 -1.018019e+00 
 1.657590e+00 -1.018023e+00 
 1.657913e+00 -1.018029e+00 
 1.658236e+00 -1.018037e+00 
 1.658559e+00 -1.018048e+00 
 1.658882e+00 -1.018061e+00 
 1.659205e+00 -1.018075e+00 
 1.659528e+00 -1.018090e+00 
 1.659851e+00 -1.018107e+00 
 1.660174e+00 -1.018126e+00 
 1.660497e+00 -1.018146e+00 
 1.660820e+00 -1.018168e+00 
 1.661143e+00 -1.018192e+00 
 1.661466e+00 -1.018218e+00 
 1.661789e+00 -1.018245e+00 
 1.662112e+00 -1.018274e+00 
 1.662435e+00 -1.018303e+00 
 1.662757e+00 -1.018333e+00 
 1.663080e+00 -1.018363e+00 
 1.663403e+00 -1.018393e+00 
 1.663726e+00 -1.018423e+00 
 1.664049e+00 -1.018454e+00 
 1.664372e+00 -1.018484e+00 
 1.664695e+00 -1.018513e+00 
 1.665018e+00 -1.018542e+00 
 1.665341e+00 -1.018570e+00 
 1.665664e+00 -1.018597e+00 
 1.665987e+00 -1.018623e+00 
 1.666310e+00 -1.018649e+00 
 1.666633e+00 -1.018673e+00 
 1.666956e+00 -1.018696e+00 
 1.667279e+00 -1.018717e+00 
 1.667602e+00 -1.018737e+00 
 1.667925e+00 -1.018753e+00 
 1.668248e+00 -1.018768e+00 
 1.668571e+00 -1.018781e+00 
 1.668894e+00 -1.018791e+00 
 1.669217e+00 -1.018800e+00 
 1.669540e+00 -1.018807e+00 
 1.669863e+00 -1.018812e+00 
 1.670186e+00 -1.018815e+00 
 1.670509e+00 -1.018816e+00 
 1.670832e+00 -1.018814e+00 
 1.671155e+00 -1.018810e+00 
 1.671478e+00 -1.018805e+00 
 1.671801e+00 -1.018797e+00 
 1.672124e+00 -1.018787e+00 
 1.672447e+00 -1.018776e+00 
 1.672770e+00 -1.018762e+00 
 1.673093e+00 -1.018747e+00 
 1.673416e+00 -1.018731e+00 
 1.673739e+00 -1.018713e+00 
 1.674062e+00 -1.018695e+00 
 1.674385e+00 -1.018676e+00 
 1.674708e+00 -1.018657e+00 
 1.675031e+00 -1.018637e+00 
 1.675354e+00 -1.018618e+00 
 1.675677e+00 -1.018598e+00 
 1.676000e+00 -1.018577e+00 
 1.676323e+00 -1.018556e+00 
 1.676646e+00 -1.018535e+00 
 1.676969e+00 -1.018515e+00 
 1.677292e+00 -1.018495e+00 
 1.677615e+00 -1.018477e+00 
 1.677938e+00 -1.018459e+00 
 1.678261e+00 -1.018442e+00 
 1.678584e+00 -1.018427e+00 
 1.678907e+00 -1.018413e+00 
 1.679230e+00 -1.018401e+00 
 1.679553e+00 -1.018390e+00 
 1.679876e+00 -1.018380e+00 
 1.680199e+00 -1.018372e+00 
 1.680522e+00 -1.018367e+00 
 1.680845e+00 -1.018364e+00 
 1.681168e+00 -1.018361e+00 
 1.681491e+00 -1.018359e+00 
 1.681814e+00 -1.018359e+00 
 1.682137e+00 -1.018361e+00 
 1.682460e+00 -1.018365e+00 
 1.682783e+00 -1.018371e+00 
 1.683106e+00 -1.018379e+00 
 1.683429e+00 -1.018387e+00 
 1.683752e+00 -1.018397e+00 
 1.684075e+00 -1.018408e+00 
 1.684398e+00 -1.018420e+00 
 1.684721e+00 -1.018432e+00 
 1.685044e+00 -1.018445e+00 
 1.685367e+00 -1.018459e+00 
 1.685690e+00 -1.018474e+00 
 1.686013e+00 -1.018490e+00 
 1.686336e+00 -1.018505e+00 
 1.686659e+00 -1.018519e+00 
 1.686982e+00 -1.018534e+00 
 1.687305e+00 -1.018549e+00 
 1.687628e+00 -1.018563e+00 
 1.687951e+00 -1.018577e+00 
 1.688274e+00 -1.018590e+00 
 1.688597e+00 -1.018601e+00 
 1.688920e+00 -1.018610e+00 
 1.689243e+00 -1.018619e+00 
 1.689566e+00 -1.018626e+00 
 1.689889e+00 -1.018631e+00 
 1.690212e+00 -1.018634e+00 
 1.690535e+00 -1.018636e+00 
 1.690858e+00 -1.018636e+00 
 1.691181e+00 -1.018636e+00 
 1.691504e+00 -1.018633e+00 
 1.691827e+00 -1.018627e+00 
 1.692150e+00 -1.018620e+00 
 1.692473e+00 -1.018611e+00 
 1.692796e+00 -1.018599e+00 
 1.693119e+00 -1.018586e+00 
 1.693442e+00 -1.018570e+00 
 1.693765e+00 -1.018552e+00 
 1.694088e+00 -1.018532e+00 
 1.694411e+00 -1.018511e+00 
 1.694734e+00 -1.018488e+00 
 1.695057e+00 -1.018464e+00 
 1.695380e+00 -1.018438e+00 
 1.695703e+00 -1.018411e+00 
 1.696026e+00 -1.018384e+00 
 1.696349e+00 -1.018357e+00 
 1.696672e+00 -1.018327e+00 
 1.696995e+00 -1.018297e+00 
 1.697318e+00 -1.018266e+00 
 1.697641e+00 -1.018235e+00 
 1.697964e+00 -1.018204e+00 
 1.698286e+00 -1.018173e+00 
 1.698609e+00 -1.018142e+00 
 1.698932e+00 -1.018111e+00 
 1.699255e+00 -1.018082e+00 
 1.699578e+00 -1.018054e+00 
 1.699901e+00 -1.018027e+00 
 1.700224e+00 -1.018001e+00 
 1.700547e+00 -1.017977e+00 
 1.700870e+00 -1.017953e+00 
 1.701193e+00 -1.017932e+00 
 1.701516e+00 -1.017913e+00 
 1.701839e+00 -1.017894e+00 
 1.702162e+00 -1.017877e+00 
 1.702485e+00 -1.017862e+00 
 1.702808e+00 -1.017849e+00 
 1.703131e+00 -1.017838e+00 
 1.703454e+00 -1.017830e+00 
 1.703777e+00 -1.017824e+00 
 1.704100e+00 -1.017820e+00 
 1.704423e+00 -1.017819e+00 
 1.704746e+00 -1.017821e+00 
 1.705069e+00 -1.017824e+00 
 1.705392e+00 -1.017828e+00 
 1.705715e+00 -1.017834e+00 
 1.706038e+00 -1.017842e+00 
 1.706361e+00 -1.017852e+00 
 1.706684e+00 -1.017863e+00 
 1.707007e+00 -1.017876e+00 
 1.707330e+00 -1.017889e+00 
 1.707653e+00 -1.017903e+00 
 1.707976e+00 -1.017920e+00 
 1.708299e+00 -1.017937e+00 
 1.708622e+00 -1.017956e+00 
 1.708945e+00 -1.017974e+00 
 1.709268e+00 -1.017994e+00 
 1.709591e+00 -1.018013e+00 
 1.709914e+00 -1.018033e+00 
 1.710237e+00 -1.018052e+00 
 1.710560e+00 -1.018068e+00 
 1.710883e+00 -1.018085e+00 
 1.711206e+00 -1.018101e+00 
 1.711529e+00 -1.018117e+00 
 1.711852e+00 -1.018132e+00 
 1.712175e+00 -1.018146e+00 
 1.712498e+00 -1.018158e+00 
 1.712821e+00 -1.018170e+00 
 1.713144e+00 -1.018180e+00 
 1.713467e+00 -1.018190e+00 
 1.713790e+00 -1.018197e+00 
 1.714113e+00 -1.018203e+00 
 1.714436e+00 -1.018206e+00 
 1.714759e+00 -1.018208e+00 
 1.715082e+00 -1.018208e+00 
 1.715405e+00 -1.018205e+00 
 1.715728e+00 -1.018199e+00 
 1.716051e+00 -1.018192e+00 
 1.716374e+00 -1.018184e+00 
 1.716697e+00 -1.018175e+00 
 1.717020e+00 -1.018165e+00 
 1.717343e+00 -1.018154e+00 
 1.717666e+00 -1.018141e+00 
 1.717989e+00 -1.018127e+00 
 1.718312e+00 -1.018112e+00 
 1.718635e+00 -1.018096e+00 
 1.718958e+00 -1.018079e+00 
 1.719281e+00 -1.018061e+00 
 1.719604e+00 -1.018041e+00 
 1.719927e+00 -1.018022e+00 
 1.720250e+00 -1.018003e+00 
 1.720573e+00 -1.017982e+00 
 1.720896e+00 -1.017961e+00 
 1.721219e+00 -1.017941e+00 
 1.721542e+00 -1.017923e+00 
 1.721865e+00 -1.017905e+00 
 1.722188e+00 -1.017889e+00 
 1.722511e+00 -1.017873e+00 
 1.722834e+00 -1.017859e+00 
 1.723157e+00 -1.017845e+00 
 1.723480e+00 -1.017833e+00 
 1.723803e+00 -1.017822e+00 
 1.724126e+00 -1.017813e+00 
 1.724449e+00 -1.017805e+00 
 1.724772e+00 -1.017798e+00 
 1.725095e+00 -1.017795e+00 
 1.725418e+00 -1.017794e+00 
 1.725741e+00 -1.017793e+00 
 1.726064e+00 -1.017794e+00 
 1.726387e+00 -1.017797e+00 
 1.726710e+00 -1.017803e+00 
 1.727033e+00 -1.017812e+00 
 1.727356e+00 -1.017823e+00 
 1.727679e+00 -1.017835e+00 
 1.728002e+00 -1.017849e+00 
 1.728325e+00 -1.017864e+00 
 1.728648e+00 -1.017882e+00 
 1.728971e+00 -1.017901e+00 
 1.729294e+00 -1.017921e+00 
 1.729617e+00 -1.017942e+00 
 1.729940e+00 -1.017965e+00 
 1.730263e+00 -1.017990e+00 
 1.730586e+00 -1.018016e+00 
 1.730909e+00 -1.018041e+00 
 1.731232e+00 -1.018066e+00 
 1.731555e+00 -1.018092e+00 
 1.731878e+00 -1.018119e+00 
 1.732201e+00 -1.018146e+00 
 1.732524e+00 -1.018173e+00 
 1.732847e+00 -1.018200e+00 
 1.733170e+00 -1.018225e+00 
 1.733493e+00 -1.018250e+00 
 1.733816e+00 -1.018275e+00 
 1.734138e+00 -1.018298e+00 
 1.734461e+00 -1.018320e+00 
 1.734784e+00 -1.018340e+00 
 1.735107e+00 -1.018359e+00 
 1.735430e+00 -1.018377e+00 
 1.735753e+00 -1.018394e+00 
 1.736076e+00 -1.018408e+00 
 1.736399e+00 -1.018418e+00 
 1.736722e+00 -1.018428e+00 
 1.737045e+00 -1.018436e+00 
 1.737368e+00 -1.018443e+00 
 1.737691e+00 -1.018448e+00 
 1.738014e+00 -1.018450e+00 
 1.738337e+00 -1.018449e+00 
 1.738660e+00 -1.018446e+00 
 1.738983e+00 -1.018442e+00 
 1.739306e+00 -1.018435e+00 
 1.739629e+00 -1.018425e+00 
 1.739952e+00 -1.018413e+00 
 1.740275e+00 -1.018400e+00 
 1.740598e+00 -1.018386e+00 
 1.740921e+00 -1.018371e+00 
 1.741244e+00 -1.018353e+00 
 1.741567e+00 -1.018333e+00 
 1.741890e+00 -1.018313e+00 
 1.742213e+00 -1.018293e+00 
 1.742536e+00 -1.018272e+00 
 1.742859e+00 -1.018250e+00 
 1.743182e+00 -1.018227e+00 
 1.743505e+00 -1.018202e+00 
 1.743828e+00 -1.018177e+00 
 1.744151e+00 -1.018153e+00 
 1.744474e+00 -1.018129e+00 
 1.744797e+00 -1.018104e+00 
 1.745120e+00 -1.018079e+00 
 1.745443e+00 -1.018056e+00 
 1.745766e+00 -1.018035e+00 
 1.746089e+00 -1.018016e+00 
 1.746412e+00 -1.017997e+00 
 1.746735e+00 -1.017978e+00 
 1.747058e+00 -1.017961e+00 
 1.747381e+00 -1.017946e+00 
 1.747704e+00 -1.017932e+00 
 1.748027e+00 -1.017920e+00 
 1.748350e+00 -1.017909e+00 
 1.748673e+00 -1.017899e+00 
 1.748996e+00 -1.017891e+00 
 1.749319e+00 -1.017886e+00 
 1.749642e+00 -1.017882e+00 
 1.749965e+00 -1.017880e+00 
 1.750288e+00 -1.017880e+00 
 1.750611e+00 -1.017882e+00 
 1.750934e+00 -1.017887e+00 
 1.751257e+00 -1.017895e+00 
 1.751580e+00 -1.017902e+00 
 1.751903e+00 -1.017911e+00 
 1.752226e+00 -1.017921e+00 
 1.752549e+00 -1.017933e+00 
 1.752872e+00 -1.017946e+00 
 1.753195e+00 -1.017960e+00 
 1.753518e+00 -1.017974e+00 
 1.753841e+00 -1.017988e+00 
 1.754164e+00 -1.018004e+00 
 1.754487e+00 -1.018021e+00 
 1.754810e+00 -1.018038e+00 
 1.755133e+00 -1.018055e+00 
 1.755456e+00 -1.018072e+00 
 1.755779e+00 -1.018089e+00 
 1.756102e+00 -1.018107e+00 
 1.756425e+00 -1.018124e+00 
 1.756748e+00 -1.018139e+00 
 1.757071e+00 -1.018153e+00 
 1.757394e+00 -1.018166e+00 
 1.757717e+00 -1.018178e+00 
 1.758040e+00 -1.018189e+00 
 1.758363e+00 -1.018198e+00 
 1.758686e+00 -1.018206e+00 
 1.759009e+00 -1.018212e+00 
 1.759332e+00 -1.018216e+00 
 1.759655e+00 -1.018220e+00 
 1.759978e+00 -1.018222e+00 
 1.760301e+00 -1.018221e+00 
 1.760624e+00 -1.018218e+00 
 1.760947e+00 -1.018215e+00 
 1.761270e+00 -1.018209e+00 
 1.761593e+00 -1.018202e+00 
 1.761916e+00 -1.018192e+00 
 1.762239e+00 -1.018180e+00 
 1.762562e+00 -1.018166e+00 
 1.762885e+00 -1.018152e+00 
 1.763208e+00 -1.018135e+00 
 1.763531e+00 -1.018118e+00 
 1.763854e+00 -1.018099e+00 
 1.764177e+00 -1.018078e+00 
 1.764500e+00 -1.018057e+00 
 1.764823e+00 -1.018036e+00 
 1.765146e+00 -1.018014e+00 
 1.765469e+00 -1.017991e+00 
 1.765792e+00 -1.017967e+00 
 1.766115e+00 -1.017944e+00 
 1.766438e+00 -1.017922e+00 
 1.766761e+00 -1.017899e+00 
 1.767084e+00 -1.017876e+00 
 1.767407e+00 -1.017852e+00 
 1.767730e+00 -1.017830e+00 
 1.768053e+00 -1.017809e+00 
 1.768376e+00 -1.017789e+00 
 1.768699e+00 -1.017771e+00 
 1.769022e+00 -1.017753e+00 
 1.769345e+00 -1.017737e+00 
 1.769668e+00 -1.017723e+00 
 1.769990e+00 -1.017711e+00 
 1.770313e+00 -1.017700e+00 
 1.770636e+00 -1.017690e+00 
 1.770959e+00 -1.017683e+00 
 1.771282e+00 -1.017678e+00 
 1.771605e+00 -1.017675e+00 
 1.771928e+00 -1.017674e+00 
 1.772251e+00 -1.017675e+00 
 1.772574e+00 -1.017677e+00 
 1.772897e+00 -1.017681e+00 
 1.773220e+00 -1.017689e+00 
 1.773543e+00 -1.017699e+00 
 1.773866e+00 -1.017710e+00 
 1.774189e+00 -1.017723e+00 
 1.774512e+00 -1.017737e+00 
 1.774835e+00 -1.017754e+00 
 1.775158e+00 -1.017772e+00 
 1.775481e+00 -1.017792e+00 
 1.775804e+00 -1.017811e+00 
 1.776127e+00 -1.017832e+00 
 1.776450e+00 -1.017854e+00 
 1.776773e+00 -1.017878e+00 
 1.777096e+00 -1.017902e+00 
 1.777419e+00 -1.017926e+00 
 1.777742e+00 -1.017950e+00 
 1.778065e+00 -1.017975e+00 
 1.778388e+00 -1.018000e+00 
 1.778711e+00 -1.018025e+00 
 1.779034e+00 -1.018050e+00 
 1.779357e+00 -1.018073e+00 
 1.779680e+00 -1.018096e+00 
 1.780003e+00 -1.018119e+00 
 1.780326e+00 -1.018141e+00 
 1.780649e+00 -1.018161e+00 
 1.780972e+00 -1.018178e+00 
 1.781295e+00 -1.018195e+00 
 1.781618e+00 -1.018211e+00 
 1.781941e+00 -1.018225e+00 
 1.782264e+00 -1.018238e+00 
 1.782587e+00 -1.018248e+00 
 1.782910e+00 -1.018257e+00 
 1.783233e+00 -1.018264e+00 
 1.783556e+00 -1.018270e+00 
 1.783879e+00 -1.018274e+00 
 1.784202e+00 -1.018276e+00 
 1.784525e+00 -1.018276e+00 
 1.784848e+00 -1.018274e+00 
 1.785171e+00 -1.018272e+00 
 1.785494e+00 -1.018267e+00 
 1.785817e+00 -1.018260e+00 
 1.786140e+00 -1.018250e+00 
 1.786463e+00 -1.018240e+00 
 1.786786e+00 -1.018229e+00 
 1.787109e+00 -1.018218e+00 
 1.787432e+00 -1.018205e+00 
 1.787755e+00 -1.018191e+00 
 1.788078e+00 -1.018176e+00 
 1.788401e+00 -1.018161e+00 
 1.788724e+00 -1.018146e+00 
 1.789047e+00 -1.018131e+00 
 1.789370e+00 -1.018115e+00 
 1.789693e+00 -1.018100e+00 
 1.790016e+00 -1.018085e+00 
 1.790339e+00 -1.018069e+00 
 1.790662e+00 -1.018054e+00 
 1.790985e+00 -1.018040e+00 
 1.791308e+00 -1.018026e+00 
 1.791631e+00 -1.018013e+00 
 1.791954e+00 -1.018002e+00 
 1.792277e+00 -1.017993e+00 
 1.792600e+00 -1.017986e+00 
 1.792923e+00 -1.017979e+00 
 1.793246e+00 -1.017974e+00 
 1.793569e+00 -1.017971e+00 
 1.793892e+00 -1.017970e+00 
 1.794215e+00 -1.017971e+00 
 1.794538e+00 -1.017973e+00 
 1.794861e+00 -1.017976e+00 
 1.795184e+00 -1.017981e+00 
 1.795507e+00 -1.017987e+00 
 1.795830e+00 -1.017995e+00 
 1.796153e+00 -1.018004e+00 
 1.796476e+00 -1.018015e+00 
 1.796799e+00 -1.018029e+00 
 1.797122e+00 -1.018045e+00 
 1.797445e+00 -1.018063e+00 
 1.797768e+00 -1.018082e+00 
 1.798091e+00 -1.018102e+00 
 1.798414e+00 -1.018123e+00 
 1.798737e+00 -1.018145e+00 
 1.799060e+00 -1.018168e+00 
 1.799383e+00 -1.018191e+00 
 1.799706e+00 -1.018215e+00 
 1.800029e+00 -1.018238e+00 
 1.800352e+00 -1.018262e+00 
 1.800675e+00 -1.018286e+00 
 1.800998e+00 -1.018309e+00 
 1.801321e+00 -1.018333e+00 
 1.801644e+00 -1.018357e+00 
 1.801967e+00 -1.018380e+00 
 1.802290e+00 -1.018403e+00 
 1.802613e+00 -1.018426e+00 
 1.802936e+00 -1.018448e+00 
 1.803259e+00 -1.018467e+00 
 1.803582e+00 -1.018485e+00 
 1.803905e+00 -1.018502e+00 
 1.804228e+00 -1.018517e+00 
 1.804551e+00 -1.018530e+00 
 1.804874e+00 -1.018542e+00 
 1.805197e+00 -1.018552e+00 
 1.805519e+00 -1.018562e+00 
 1.805842e+00 -1.018569e+00 
 1.806165e+00 -1.018573e+00 
 1.806488e+00 -1.018577e+00 
 1.806811e+00 -1.018578e+00 
 1.807134e+00 -1.018577e+00 
 1.807457e+00 -1.018576e+00 
 1.807780e+00 -1.018572e+00 
 1.808103e+00 -1.018566e+00 
 1.808426e+00 -1.018558e+00 
 1.808749e+00 -1.018548e+00 
 1.809072e+00 -1.018537e+00 
 1.809395e+00 -1.018525e+00 
 1.809718e+00 -1.018511e+00 
 1.810041e+00 -1.018497e+00 
 1.810364e+00 -1.018482e+00 
 1.810687e+00 -1.018468e+00 
 1.811010e+00 -1.018451e+00 
 1.811333e+00 -1.018434e+00 
 1.811656e+00 -1.018415e+00 
 1.811979e+00 -1.018397e+00 
 1.812302e+00 -1.018379e+00 
 1.812625e+00 -1.018361e+00 
 1.812948e+00 -1.018343e+00 
 1.813271e+00 -1.018325e+00 
 1.813594e+00 -1.018308e+00 
 1.813917e+00 -1.018291e+00 
 1.814240e+00 -1.018276e+00 
 1.814563e+00 -1.018262e+00 
 1.814886e+00 -1.018248e+00 
 1.815209e+00 -1.018236e+00 
 1.815532e+00 -1.018226e+00 
 1.815855e+00 -1.018218e+00 
 1.816178e+00 -1.018211e+00 
 1.816501e+00 -1.018204e+00 
 1.816824e+00 -1.018199e+00 
 1.817147e+00 -1.018196e+00 
 1.817470e+00 -1.018195e+00 
 1.817793e+00 -1.018196e+00 
 1.818116e+00 -1.018199e+00 
 1.818439e+00 -1.018203e+00 
 1.818762e+00 -1.018209e+00 
 1.819085e+00 -1.018217e+00 
 1.819408e+00 -1.018226e+00 
 1.819731e+00 -1.018236e+00 
 1.820054e+00 -1.018248e+00 
 1.820377e+00 -1.018261e+00 
 1.820700e+00 -1.018278e+00 
 1.821023e+00 -1.018295e+00 
 1.821346e+00 -1.018313e+00 
 1.821669e+00 -1.018331e+00 
 1.821992e+00 -1.018351e+00 
 1.822315e+00 -1.018371e+00 
 1.822638e+00 -1.018393e+00 
 1.822961e+00 -1.018415e+00 
 1.823284e+00 -1.018437e+00 
 1.823607e+00 -1.018458e+00 
 1.823930e+00 -1.018479e+00 
 1.824253e+00 -1.018500e+00 
 1.824576e+00 -1.018520e+00 
 1.824899e+00 -1.018540e+00 
 1.825222e+00 -1.018559e+00 
 1.825545e+00 -1.018579e+00 
 1.825868e+00 -1.018599e+00 
 1.826191e+00 -1.018619e+00 
 1.826514e+00 -1.018636e+00 
 1.826837e+00 -1.018652e+00 
 1.827160e+00 -1.018667e+00 
 1.827483e+00 -1.018679e+00 
 1.827806e+00 -1.018690e+00 
 1.828129e+00 -1.018700e+00 
 1.828452e+00 -1.018708e+00 
 1.828775e+00 -1.018713e+00 
 1.829098e+00 -1.018717e+00 
 1.829421e+00 -1.018720e+00 
 1.829744e+00 -1.018721e+00 
 1.830067e+00 -1.018721e+00 
 1.830390e+00 -1.018721e+00 
 1.830713e+00 -1.018721e+00 
 1.831036e+00 -1.018720e+00 
 1.831359e+00 -1.018717e+00 
 1.831682e+00 -1.018711e+00 
 1.832005e+00 -1.018703e+00 
 1.832328e+00 -1.018693e+00 
 1.832651e+00 -1.018682e+00 
 1.832974e+00 -1.018671e+00 
 1.833297e+00 -1.018658e+00 
 1.833620e+00 -1.018646e+00 
 1.833943e+00 -1.018633e+00 
 1.834266e+00 -1.018620e+00 
 1.834589e+00 -1.018608e+00 
 1.834912e+00 -1.018596e+00 
 1.835235e+00 -1.018585e+00 
 1.835558e+00 -1.018576e+00 
 1.835881e+00 -1.018567e+00 
 1.836204e+00 -1.018559e+00 
 1.836527e+00 -1.018549e+00 
 1.836850e+00 -1.018540e+00 
 1.837173e+00 -1.018530e+00 
 1.837496e+00 -1.018521e+00 
 1.837819e+00 -1.018514e+00 
 1.838142e+00 -1.018509e+00 
 1.838465e+00 -1.018505e+00 
 1.838788e+00 -1.018504e+00 
 1.839111e+00 -1.018505e+00 
 1.839434e+00 -1.018508e+00 
 1.839757e+00 -1.018513e+00 
 1.840080e+00 -1.018520e+00 
 1.840403e+00 -1.018528e+00 
 1.840726e+00 -1.018538e+00 
 1.841049e+00 -1.018550e+00 
 1.841371e+00 -1.018563e+00 
 1.841694e+00 -1.018577e+00 
 1.842017e+00 -1.018591e+00 
 1.842340e+00 -1.018606e+00 
 1.842663e+00 -1.018624e+00 
 1.842986e+00 -1.018643e+00 
 1.843309e+00 -1.018664e+00 
 1.843632e+00 -1.018688e+00 
 1.843955e+00 -1.018712e+00 
 1.844278e+00 -1.018738e+00 
 1.844601e+00 -1.018764e+00 
 1.844924e+00 -1.018790e+00 
 1.845247e+00 -1.018815e+00 
 1.845570e+00 -1.018840e+00 
 1.845893e+00 -1.018868e+00 
 1.846216e+00 -1.018895e+00 
 1.846539e+00 -1.018922e+00 
 1.846862e+00 -1.018948e+00 
 1.847185e+00 -1.018973e+00 
 1.847508e+00 -1.018997e+00 
 1.847831e+00 -1.019021e+00 
 1.848154e+00 -1.019045e+00 
 1.848477e+00 -1.019068e+00 
 1.848800e+00 -1.019090e+00 
 1.849123e+00 -1.019110e+00 
 1.849446e+00 -1.019129e+00 
 1.849769e+00 -1.019146e+00 
 1.850092e+00 -1.019161e+00 
 1.850415e+00 -1.019173e+00 
 1.850738e+00 -1.019184e+00 
 1.851061e+00 -1.019195e+00 
 1.851384e+00 -1.019204e+00 
 1.851707e+00 -1.019211e+00 
 1.852030e+00 -1.019216e+00 
 1.852353e+00 -1.019219e+00 
 1.852676e+00 -1.019219e+00 
 1.852999e+00 -1.019217e+00 
 1.853322e+00 -1.019215e+00 
 1.853645e+00 -1.019211e+00 
 1.853968e+00 -1.019205e+00 
 1.854291e+00 -1.019198e+00 
 1.854614e+00 -1.019189e+00 
 1.854937e+00 -1.019180e+00 
 1.855260e+00 -1.019169e+00 
 1.855583e+00 -1.019156e+00 
 1.855906e+00 -1.019142e+00 
 1.856229e+00 -1.019128e+00 
 1.856552e+00 -1.019115e+00 
 1.856875e+00 -1.019099e+00 
 1.857198e+00 -1.019083e+00 
 1.857521e+00 -1.019066e+00 
 1.857844e+00 -1.019048e+00 
 1.858167e+00 -1.019031e+00 
 1.858490e+00 -1.019015e+00 
 1.858813e+00 -1.019000e+00 
 1.859136e+00 -1.018986e+00 
 1.859459e+00 -1.018973e+00 
 1.859782e+00 -1.018961e+00 
 1.860105e+00 -1.018950e+00 
 1.860428e+00 -1.018939e+00 
 1.860751e+00 -1.018928e+00 
 1.861074e+00 -1.018918e+00 
 1.861397e+00 -1.018910e+00 
 1.861720e+00 -1.018903e+00 
 1.862043e+00 -1.018897e+00 
 1.862366e+00 -1.018893e+00 
 1.862689e+00 -1.018890e+00 
 1.863012e+00 -1.018889e+00 
 1.863335e+00 -1.018890e+00 
 1.863658e+00 -1.018894e+00 
 1.863981e+00 -1.018899e+00 
 1.864304e+00 -1.018907e+00 
 1.864627e+00 -1.018915e+00 
 1.864950e+00 -1.018926e+00 
 1.865273e+00 -1.018936e+00 
 1.865596e+00 -1.018947e+00 
 1.865919e+00 -1.018957e+00 
 1.866242e+00 -1.018969e+00 
 1.866565e+00 -1.018982e+00 
 1.866888e+00 -1.018997e+00 
 1.867211e+00 -1.019012e+00 
 1.867534e+00 -1.019028e+00 
 1.867857e+00 -1.019045e+00 
 1.868180e+00 -1.019063e+00 
 1.868503e+00 -1.019081e+00 
 1.868826e+00 -1.019101e+00 
 1.869149e+00 -1.019119e+00 
 1.869472e+00 -1.019137e+00 
 1.869795e+00 -1.019153e+00 
 1.870118e+00 -1.019169e+00 
 1.870441e+00 -1.019181e+00 
 1.870764e+00 -1.019193e+00 
 1.871087e+00 -1.019203e+00 
 1.871410e+00 -1.019212e+00 
 1.871733e+00 -1.019222e+00 
 1.872056e+00 -1.019232e+00 
 1.872379e+00 -1.019241e+00 
 1.872702e+00 -1.019247e+00 
 1.873025e+00 -1.019252e+00 
 1.873348e+00 -1.019256e+00 
 1.873671e+00 -1.019258e+00 
 1.873994e+00 -1.019258e+00 
 1.874317e+00 -1.019256e+00 
 1.874640e+00 -1.019250e+00 
 1.874963e+00 -1.019243e+00 
 1.875286e+00 -1.019234e+00 
 1.875609e+00 -1.019221e+00 
 1.875932e+00 -1.019207e+00 
 1.876255e+00 -1.019193e+00 
 1.876578e+00 -1.019178e+00 
 1.876901e+00 -1.019163e+00 
 1.877223e+00 -1.019147e+00 
 1.877546e+00 -1.019129e+00 
 1.877869e+00 -1.019110e+00 
 1.878192e+00 -1.019090e+00 
 1.878515e+00 -1.019069e+00 
 1.878838e+00 -1.019047e+00 
 1.879161e+00 -1.019024e+00 
 1.879484e+00 -1.019000e+00 
 1.879807e+00 -1.018975e+00 
 1.880130e+00 -1.018951e+00 
 1.880453e+00 -1.018926e+00 
 1.880776e+00 -1.018901e+00 
 1.881099e+00 -1.018876e+00 
 1.881422e+00 -1.018853e+00 
 1.881745e+00 -1.018832e+00 
 1.882068e+00 -1.018812e+00 
 1.882391e+00 -1.018793e+00 
 1.882714e+00 -1.018775e+00 
 1.883037e+00 -1.018757e+00 
 1.883360e+00 -1.018741e+00 
 1.883683e+00 -1.018726e+00 
 1.884006e+00 -1.018712e+00 
 1.884329e+00 -1.018701e+00 
 1.884652e+00 -1.018690e+00 
 1.884975e+00 -1.018682e+00 
 1.885298e+00 -1.018676e+00 
 1.885621e+00 -1.018671e+00 
 1.885944e+00 -1.018667e+00 
 1.886267e+00 -1.018665e+00 
 1.886590e+00 -1.018666e+00 
 1.886913e+00 -1.018669e+00 
 1.887236e+00 -1.018675e+00 
 1.887559e+00 -1.018683e+00 
 1.887882e+00 -1.018692e+00 
 1.888205e+00 -1.018703e+00 
 1.888528e+00 -1.018715e+00 
 1.888851e+00 -1.018728e+00 
 1.889174e+00 -1.018743e+00 
 1.889497e+00 -1.018759e+00 
 1.889820e+00 -1.018777e+00 
 1.890143e+00 -1.018795e+00 
 1.890466e+00 -1.018815e+00 
 1.890789e+00 -1.018834e+00 
 1.891112e+00 -1.018853e+00 
 1.891435e+00 -1.018874e+00 
 1.891758e+00 -1.018895e+00 
 1.892081e+00 -1.018918e+00 
 1.892404e+00 -1.018941e+00 
 1.892727e+00 -1.018965e+00 
 1.893050e+00 -1.018987e+00 
 1.893373e+00 -1.019008e+00 
 1.893696e+00 -1.019029e+00 
 1.894019e+00 -1.019049e+00 
 1.894342e+00 -1.019067e+00 
 1.894665e+00 -1.019085e+00 
 1.894988e+00 -1.019102e+00 
 1.895311e+00 -1.019117e+00 
 1.895634e+00 -1.019133e+00 
 1.895957e+00 -1.019146e+00 
 1.896280e+00 -1.019158e+00 
 1.896603e+00 -1.019169e+00 
 1.896926e+00 -1.019179e+00 
 1.897249e+00 -1.019188e+00 
 1.897572e+00 -1.019196e+00 
 1.897895e+00 -1.019202e+00 
 1.898218e+00 -1.019206e+00 
 1.898541e+00 -1.019208e+00 
 1.898864e+00 -1.019208e+00 
 1.899187e+00 -1.019206e+00 
 1.899510e+00 -1.019203e+00 
 1.899833e+00 -1.019199e+00 
 1.900156e+00 -1.019193e+00 
 1.900479e+00 -1.019188e+00 
 1.900802e+00 -1.019182e+00 
 1.901125e+00 -1.019175e+00 
 1.901448e+00 -1.019168e+00 
 1.901771e+00 -1.019159e+00 
 1.902094e+00 -1.019151e+00 
 1.902417e+00 -1.019143e+00 
 1.902740e+00 -1.019134e+00 
 1.903063e+00 -1.019125e+00 
 1.903386e+00 -1.019116e+00 
 1.903709e+00 -1.019105e+00 
 1.904032e+00 -1.019096e+00 
 1.904355e+00 -1.019087e+00 
 1.904678e+00 -1.019079e+00 
 1.905001e+00 -1.019071e+00 
 1.905324e+00 -1.019065e+00 
 1.905647e+00 -1.019060e+00 
 1.905970e+00 -1.019058e+00 
 1.906293e+00 -1.019056e+00 
 1.906616e+00 -1.019055e+00 
 1.906939e+00 -1.019056e+00 
 1.907262e+00 -1.019060e+00 
 1.907585e+00 -1.019065e+00 
 1.907908e+00 -1.019071e+00 
 1.908231e+00 -1.019079e+00 
 1.908554e+00 -1.019088e+00 
 1.908877e+00 -1.019098e+00 
 1.909200e+00 -1.019111e+00 
 1.909523e+00 -1.019125e+00 
 1.909846e+00 -1.019140e+00 
 1.910169e+00 -1.019159e+00 
 1.910492e+00 -1.019178e+00 
 1.910815e+00 -1.019199e+00 
 1.911138e+00 -1.019223e+00 
 1.911461e+00 -1.019249e+00 
 1.911784e+00 -1.019274e+00 
 1.912107e+00 -1.019302e+00 
 1.912430e+00 -1.019331e+00 
 1.912752e+00 -1.019361e+00 
 1.913075e+00 -1.019391e+00 
 1.913398e+00 -1.019422e+00 
 1.913721e+00 -1.019452e+00 
 1.914044e+00 -1.019483e+00 
 1.914367e+00 -1.019514e+00 
 1.914690e+00 -1.019546e+00 
 1.915013e+00 -1.019578e+00 
 1.915336e+00 -1.019610e+00 
 1.915659e+00 -1.019642e+00 
 1.915982e+00 -1.019673e+00 
 1.916305e+00 -1.019705e+00 
 1.916628e+00 -1.019735e+00 
 1.916951e+00 -1.019764e+00 
 1.917274e+00 -1.019792e+00 
 1.917597e+00 -1.019819e+00 
 1.917920e+00 -1.019844e+00 
 1.918243e+00 -1.019867e+00 
 1.918566e+00 -1.019888e+00 
 1.918889e+00 -1.019907e+00 
 1.919212e+00 -1.019924e+00 
 1.919535e+00 -1.019941e+00 
 1.919858e+00 -1.019956e+00 
 1.920181e+00 -1.019970e+00 
 1.920504e+00 -1.019985e+00 
 1.920827e+00 -1.019996e+00 
 1.921150e+00 -1.020006e+00 
 1.921473e+00 -1.020013e+00 
 1.921796e+00 -1.020019e+00 
 1.922119e+00 -1.020022e+00 
 1.922442e+00 -1.020022e+00 
 1.922765e+00 -1.020021e+00 
 1.923088e+00 -1.020018e+00 
 1.923411e+00 -1.020014e+00 
 1.923734e+00 -1.020008e+00 
 1.924057e+00 -1.020002e+00 
 1.924380e+00 -1.019995e+00 
 1.924703e+00 -1.019988e+00 
 1.925026e+00 -1.019981e+00 
 1.925349e+00 -1.019974e+00 
 1.925672e+00 -1.019968e+00 
 1.925995e+00 -1.019960e+00 
 1.926318e+00 -1.019950e+00 
 1.926641e+00 -1.019941e+00 
 1.926964e+00 -1.019930e+00 
 1.927287e+00 -1.019920e+00 
 1.927610e+00 -1.019909e+00 
 1.927933e+00 -1.019899e+00 
 1.928256e+00 -1.019890e+00 
 1.928579e+00 -1.019882e+00 
 1.928902e+00 -1.019875e+00 
 1.929225e+00 -1.019870e+00 
 1.929548e+00 -1.019865e+00 
 1.929871e+00 -1.019863e+00 
 1.930194e+00 -1.019861e+00 
 1.930517e+00 -1.019863e+00 
 1.930840e+00 -1.019866e+00 
 1.931163e+00 -1.019868e+00 
 1.931486e+00 -1.019870e+00 
 1.931809e+00 -1.019874e+00 
 1.932132e+00 -1.019879e+00 
 1.932455e+00 -1.019884e+00 
 1.932778e+00 -1.019892e+00 
 1.933101e+00 -1.019902e+00 
 1.933424e+00 -1.019913e+00 
 1.933747e+00 -1.019926e+00 
 1.934070e+00 -1.019940e+00 
 1.934393e+00 -1.019954e+00 
 1.934716e+00 -1.019969e+00 
 1.935039e+00 -1.019985e+00 
 1.935362e+00 -1.020002e+00 
 1.935685e+00 -1.020021e+00 
 1.936008e+00 -1.020041e+00 
 1.936331e+00 -1.020059e+00 
 1.936654e+00 -1.020077e+00 
 1.936977e+00 -1.020095e+00 
 1.937300e+00 -1.020114e+00 
 1.937623e+00 -1.020131e+00 
 1.937946e+00 -1.020149e+00 
 1.938269e+00 -1.020166e+00 
 1.938592e+00 -1.020183e+00 
 1.938915e+00 -1.020199e+00 
 1.939238e+00 -1.020214e+00 
 1.939561e+00 -1.020228e+00 
 1.939884e+00 -1.020240e+00 
 1.940207e+00 -1.020251e+00 
 1.940530e+00 -1.020262e+00 
 1.940853e+00 -1.020273e+00 
 1.941176e+00 -1.020282e+00 
 1.941499e+00 -1.020288e+00 
 1.941822e+00 -1.020292e+00 
 1.942145e+00 -1.020295e+00 
 1.942468e+00 -1.020295e+00 
 1.942791e+00 -1.020294e+00 
 1.943114e+00 -1.020291e+00 
 1.943437e+00 -1.020286e+00 
 1.943760e+00 -1.020280e+00 
 1.944083e+00 -1.020272e+00 
 1.944406e+00 -1.020263e+00 
 1.944729e+00 -1.020253e+00 
 1.945052e+00 -1.020241e+00 
 1.945375e+00 -1.020227e+00 
 1.945698e+00 -1.020212e+00 
 1.946021e+00 -1.020198e+00 
 1.946344e+00 -1.020183e+00 
 1.946667e+00 -1.020165e+00 
 1.946990e+00 -1.020145e+00 
 1.947313e+00 -1.020124e+00 
 1.947636e+00 -1.020102e+00 
 1.947959e+00 -1.020080e+00 
 1.948282e+00 -1.020058e+00 
 1.948604e+00 -1.020037e+00 
 1.948927e+00 -1.020016e+00 
 1.949250e+00 -1.019995e+00 
 1.949573e+00 -1.019976e+00 
 1.949896e+00 -1.019958e+00 
 1.950219e+00 -1.019939e+00 
 1.950542e+00 -1.019919e+00 
 1.950865e+00 -1.019901e+00 
 1.951188e+00 -1.019884e+00 
 1.951511e+00 -1.019869e+00 
 1.951834e+00 -1.019853e+00 
 1.952157e+00 -1.019837e+00 
 1.952480e+00 -1.019824e+00 
 1.952803e+00 -1.019812e+00 
 1.953126e+00 -1.019803e+00 
 1.953449e+00 -1.019796e+00 
 1.953772e+00 -1.019791e+00 
 1.954095e+00 -1.019788e+00 
 1.954418e+00 -1.019787e+00 
 1.954741e+00 -1.019788e+00 
 1.955064e+00 -1.019790e+00 
 1.955387e+00 -1.019793e+00 
 1.955710e+00 -1.019797e+00 
 1.956033e+00 -1.019802e+00 
 1.956356e+00 -1.019810e+00 
 1.956679e+00 -1.019819e+00 
 1.957002e+00 -1.019829e+00 
 1.957325e+00 -1.019840e+00 
 1.957648e+00 -1.019852e+00 
 1.957971e+00 -1.019867e+00 
 1.958294e+00 -1.019883e+00 
 1.958617e+00 -1.019901e+00 
 1.958940e+00 -1.019920e+00 
 1.959263e+00 -1.019939e+00 
 1.959586e+00 -1.019959e+00 
 1.959909e+00 -1.019980e+00 
 1.960232e+00 -1.020000e+00 
 1.960555e+00 -1.020019e+00 
 1.960878e+00 -1.020037e+00 
 1.961201e+00 -1.020056e+00 
 1.961524e+00 -1.020075e+00 
 1.961847e+00 -1.020094e+00 
 1.962170e+00 -1.020112e+00 
 1.962493e+00 -1.020129e+00 
 1.962816e+00 -1.020146e+00 
 1.963139e+00 -1.020163e+00 
 1.963462e+00 -1.020180e+00 
 1.963785e+00 -1.020195e+00 
 1.964108e+00 -1.020209e+00 
 1.964431e+00 -1.020221e+00 
 1.964754e+00 -1.020232e+00 
 1.965077e+00 -1.020242e+00 
 1.965400e+00 -1.020251e+00 
 1.965723e+00 -1.020257e+00 
 1.966046e+00 -1.020262e+00 
 1.966369e+00 -1.020265e+00 
 1.966692e+00 -1.020267e+00 
 1.967015e+00 -1.020269e+00 
 1.967338e+00 -1.020268e+00 
 1.967661e+00 -1.020266e+00 
 1.967984e+00 -1.020263e+00 
 1.968307e+00 -1.020260e+00 
 1.968630e+00 -1.020256e+00 
 1.968953e+00 -1.020251e+00 
 1.969276e+00 -1.020245e+00 
 1.969599e+00 -1.020238e+00 
 1.969922e+00 -1.020230e+00 
 1.970245e+00 -1.020221e+00 
 1.970568e+00 -1.020213e+00 
 1.970891e+00 -1.020203e+00 
 1.971214e+00 -1.020192e+00 
 1.971537e+00 -1.020181e+00 
 1.971860e+00 -1.020171e+00 
 1.972183e+00 -1.020162e+00 
 1.972506e+00 -1.020153e+00 
 1.972829e+00 -1.020144e+00 
 1.973152e+00 -1.020137e+00 
 1.973475e+00 -1.020130e+00 
 1.973798e+00 -1.020125e+00 
 1.974121e+00 -1.020121e+00 
 1.974444e+00 -1.020116e+00 
 1.974767e+00 -1.020113e+00 
 1.975090e+00 -1.020111e+00 
 1.975413e+00 -1.020111e+00 
 1.975736e+00 -1.020113e+00 
 1.976059e+00 -1.020115e+00 
 1.976382e+00 -1.020118e+00 
 1.976705e+00 -1.020123e+00 
 1.977028e+00 -1.020131e+00 
 1.977351e+00 -1.020140e+00 
 1.977674e+00 -1.020151e+00 
 1.977997e+00 -1.020164e+00 
 1.978320e+00 -1.020178e+00 
 1.978643e+00 -1.020194e+00 
 1.978966e+00 -1.020212e+00 
 1.979289e+00 -1.020231e+00 
 1.979612e+00 -1.020250e+00 
 1.979935e+00 -1.020269e+00 
 1.980258e+00 -1.020290e+00 
 1.980581e+00 -1.020313e+00 
 1.980904e+00 -1.020338e+00 
 1.981227e+00 -1.020363e+00 
 1.981550e+00 -1.020388e+00 
 1.981873e+00 -1.020414e+00 
 1.982196e+00 -1.020442e+00 
 1.982519e+00 -1.020470e+00 
 1.982842e+00 -1.020498e+00 
 1.983165e+00 -1.020525e+00 
 1.983488e+00 -1.020552e+00 
 1.983811e+00 -1.020578e+00 
 1.984134e+00 -1.020605e+00 
 1.984456e+00 -1.020630e+00 
 1.984779e+00 -1.020654e+00 
 1.985102e+00 -1.020677e+00 
 1.985425e+00 -1.020698e+00 
 1.985748e+00 -1.020720e+00 
 1.986071e+00 -1.020741e+00 
 1.986394e+00 -1.020761e+00 
 1.986717e+00 -1.020778e+00 
 1.987040e+00 -1.020795e+00 
 1.987363e+00 -1.020810e+00 
 1.987686e+00 -1.020823e+00 
 1.988009e+00 -1.020835e+00 
 1.988332e+00 -1.020844e+00 
 1.988655e+00 -1.020852e+00 
 1.988978e+00 -1.020858e+00 
 1.989301e+00 -1.020862e+00 
 1.989624e+00 -1.020864e+00 
 1.989947e+00 -1.020865e+00 
 1.990270e+00 -1.020862e+00 
 1.990593e+00 -1.020857e+00 
 1.990916e+00 -1.020852e+00 
 1.991239e+00 -1.020847e+00 
 1.991562e+00 -1.020840e+00 
 1.991885e+00 -1.020831e+00 
 1.992208e+00 -1.020821e+00 
 1.992531e+00 -1.020811e+00 
 1.992854e+00 -1.020799e+00 
 1.993177e+00 -1.020786e+00 
 1.993500e+00 -1.020773e+00 
 1.993823e+00 -1.020759e+00 
 1.994146e+00 -1.020744e+00 
 1.994469e+00 -1.020730e+00 
 1.994792e+00 -1.020715e+00 
 1.995115e+00 -1.020700e+00 
 1.995438e+00 -1.020683e+00 
 1.995761e+00 -1.020665e+00 
 1.996084e+00 -1.020650e+00 
 1.996407e+00 -1.020636e+00 
 1.996730e+00 -1.020623e+00 
 1.997053e+00 -1.020611e+00 
 1.997376e+00 -1.020600e+00 
 1.997699e+00 -1.020590e+00 
 1.998022e+00 -1.020582e+00 
 1.998345e+00 -1.020575e+00 
 1.998668e+00 -1.020568e+00 
 1.998991e+00 -1.020563e+00 
 1.999314e+00 -1.020559e+00 
 1.999637e+00 -1.020556e+00 
 1.999960e+00 -1.020555e+00 
 2.000283e+00 -1.020555e+00 
 2.000606e+00 -1.020553e+00 
 2.000929e+00 -1.020553e+00 
 2.001252e+00 -1.020557e+00 
 2.001575e+00 -1.020565e+00 
 2.001898e+00 -1.020573e+00 
 2.002221e+00 -1.020582e+00 
 2.002544e+00 -1.020593e+00 
 2.002867e+00 -1.020605e+00 
 2.003190e+00 -1.020618e+00 
 2.003513e+00 -1.020632e+00 
 2.003836e+00 -1.020646e+00 
 2.004159e+00 -1.020660e+00 
 2.004482e+00 -1.020675e+00 
 2.004805e+00 -1.020691e+00 
 2.005128e+00 -1.020708e+00 
 2.005451e+00 -1.020725e+00 
 2.005774e+00 -1.020739e+00 
 2.006097e+00 -1.020754e+00 
 2.006420e+00 -1.020771e+00 
 2.006743e+00 -1.020789e+00 
 2.007066e+00 -1.020807e+00 
 2.007389e+00 -1.020823e+00 
 2.007712e+00 -1.020839e+00 
 2.008035e+00 -1.020853e+00 
 2.008358e+00 -1.020867e+00 
 2.008681e+00 -1.020879e+00 
 2.009004e+00 -1.020889e+00 
 2.009327e+00 -1.020898e+00 
 2.009650e+00 -1.020906e+00 
 2.009973e+00 -1.020914e+00 
 2.010296e+00 -1.020921e+00 
 2.010619e+00 -1.020927e+00 
 2.010942e+00 -1.020929e+00 
 2.011265e+00 -1.020929e+00 
 2.011588e+00 -1.020931e+00 
 2.011911e+00 -1.020931e+00 
 2.012234e+00 -1.020929e+00 
 2.012557e+00 -1.020925e+00 
 2.012880e+00 -1.020919e+00 
 2.013203e+00 -1.020912e+00 
 2.013526e+00 -1.020903e+00 
 2.013849e+00 -1.020893e+00 
 2.014172e+00 -1.020881e+00 
 2.014495e+00 -1.020868e+00 
 2.014818e+00 -1.020855e+00 
 2.015141e+00 -1.020842e+00 
 2.015464e+00 -1.020830e+00 
 2.015787e+00 -1.020816e+00 
 2.016110e+00 -1.020799e+00 
 2.016433e+00 -1.020782e+00 
 2.016756e+00 -1.020766e+00 
 2.017079e+00 -1.020751e+00 
 2.017402e+00 -1.020734e+00 
 2.017725e+00 -1.020718e+00 
 2.018048e+00 -1.020701e+00 
 2.018371e+00 -1.020685e+00 
 2.018694e+00 -1.020669e+00 
 2.019017e+00 -1.020654e+00 
 2.019340e+00 -1.020639e+00 
 2.019663e+00 -1.020625e+00 
 2.019986e+00 -1.020612e+00 
 2.020308e+00 -1.020602e+00 
 2.020631e+00 -1.020595e+00 
 2.020954e+00 -1.020588e+00 
 2.021277e+00 -1.020580e+00 
 2.021600e+00 -1.020573e+00 
 2.021923e+00 -1.020569e+00 
 2.022246e+00 -1.020567e+00 
 2.022569e+00 -1.020566e+00 
 2.022892e+00 -1.020566e+00 
 2.023215e+00 -1.020568e+00 
 2.023538e+00 -1.020571e+00 
 2.023861e+00 -1.020575e+00 
 2.024184e+00 -1.020582e+00 
 2.024507e+00 -1.020589e+00 
 2.024830e+00 -1.020597e+00 
 2.025153e+00 -1.020606e+00 
 2.025476e+00 -1.020619e+00 
 2.025799e+00 -1.020634e+00 
 2.026122e+00 -1.020650e+00 
 2.026445e+00 -1.020665e+00 
 2.026768e+00 -1.020681e+00 
 2.027091e+00 -1.020699e+00 
 2.027414e+00 -1.020718e+00 
 2.027737e+00 -1.020737e+00 
 2.028060e+00 -1.020756e+00 
 2.028383e+00 -1.020774e+00 
 2.028706e+00 -1.020793e+00 
 2.029029e+00 -1.020811e+00 
 2.029352e+00 -1.020830e+00 
 2.029675e+00 -1.020849e+00 
 2.029998e+00 -1.020867e+00 
 2.030321e+00 -1.020885e+00 
 2.030644e+00 -1.020904e+00 
 2.030967e+00 -1.020924e+00 
 2.031290e+00 -1.020943e+00 
 2.031613e+00 -1.020958e+00 
 2.031936e+00 -1.020973e+00 
 2.032259e+00 -1.020987e+00 
 2.032582e+00 -1.021000e+00 
 2.032905e+00 -1.021011e+00 
 2.033228e+00 -1.021020e+00 
 2.033551e+00 -1.021028e+00 
 2.033874e+00 -1.021034e+00 
 2.034197e+00 -1.021040e+00 
 2.034520e+00 -1.021045e+00 
 2.034843e+00 -1.021048e+00 
 2.035166e+00 -1.021050e+00 
 2.035489e+00 -1.021052e+00 
 2.035812e+00 -1.021053e+00 
 2.036135e+00 -1.021054e+00 
 2.036458e+00 -1.021052e+00 
 2.036781e+00 -1.021048e+00 
 2.037104e+00 -1.021042e+00 
 2.037427e+00 -1.021035e+00 
 2.037750e+00 -1.021028e+00 
 2.038073e+00 -1.021019e+00 
 2.038396e+00 -1.021009e+00 
 2.038719e+00 -1.020999e+00 
 2.039042e+00 -1.020988e+00 
 2.039365e+00 -1.020980e+00 
 2.039688e+00 -1.020971e+00 
 2.040011e+00 -1.020962e+00 
 2.040334e+00 -1.020953e+00 
 2.040657e+00 -1.020944e+00 
 2.040980e+00 -1.020936e+00 
 2.041303e+00 -1.020929e+00 
 2.041626e+00 -1.020921e+00 
 2.041949e+00 -1.020911e+00 
 2.042272e+00 -1.020902e+00 
 2.042595e+00 -1.020895e+00 
 2.042918e+00 -1.020889e+00 
 2.043241e+00 -1.020885e+00 
 2.043564e+00 -1.020881e+00 
 2.043887e+00 -1.020880e+00 
 2.044210e+00 -1.020880e+00 
 2.044533e+00 -1.020882e+00 
 2.044856e+00 -1.020886e+00 
 2.045179e+00 -1.020890e+00 
 2.045502e+00 -1.020895e+00 
 2.045825e+00 -1.020902e+00 
 2.046148e+00 -1.020910e+00 
 2.046471e+00 -1.020920e+00 
 2.046794e+00 -1.020930e+00 
 2.047117e+00 -1.020941e+00 
 2.047440e+00 -1.020952e+00 
 2.047763e+00 -1.020966e+00 
 2.048086e+00 -1.020982e+00 
 2.048409e+00 -1.020999e+00 
 2.048732e+00 -1.021017e+00 
 2.049055e+00 -1.021036e+00 
 2.049378e+00 -1.021057e+00 
 2.049701e+00 -1.021078e+00 
 2.050024e+00 -1.021099e+00 
 2.050347e+00 -1.021120e+00 
 2.050670e+00 -1.021140e+00 
 2.050993e+00 -1.021161e+00 
 2.051316e+00 -1.021182e+00 
 2.051639e+00 -1.021203e+00 
 2.051962e+00 -1.021224e+00 
 2.052285e+00 -1.021243e+00 
 2.052608e+00 -1.021263e+00 
 2.052931e+00 -1.021283e+00 
 2.053254e+00 -1.021302e+00 
 2.053577e+00 -1.021321e+00 
 2.053900e+00 -1.021339e+00 
 2.054223e+00 -1.021354e+00 
 2.054546e+00 -1.021369e+00 
 2.054869e+00 -1.021382e+00 
 2.055192e+00 -1.021395e+00 
 2.055515e+00 -1.021403e+00 
 2.055837e+00 -1.021411e+00 
 2.056160e+00 -1.021418e+00 
 2.056483e+00 -1.021424e+00 
 2.056806e+00 -1.021428e+00 
 2.057129e+00 -1.021431e+00 
 2.057452e+00 -1.021431e+00 
 2.057775e+00 -1.021429e+00 
 2.058098e+00 -1.021427e+00 
 2.058421e+00 -1.021424e+00 
 2.058744e+00 -1.021419e+00 
 2.059067e+00 -1.021412e+00 
 2.059390e+00 -1.021404e+00 
 2.059713e+00 -1.021394e+00 
 2.060036e+00 -1.021384e+00 
 2.060359e+00 -1.021373e+00 
 2.060682e+00 -1.021359e+00 
 2.061005e+00 -1.021343e+00 
 2.061328e+00 -1.021328e+00 
 2.061651e+00 -1.021313e+00 
 2.061974e+00 -1.021298e+00 
 2.062297e+00 -1.021281e+00 
 2.062620e+00 -1.021264e+00 
 2.062943e+00 -1.021247e+00 
 2.063266e+00 -1.021231e+00 
 2.063589e+00 -1.021215e+00 
 2.063912e+00 -1.021199e+00 
 2.064235e+00 -1.021183e+00 
 2.064558e+00 -1.021168e+00 
 2.064881e+00 -1.021154e+00 
 2.065204e+00 -1.021142e+00 
 2.065527e+00 -1.021129e+00 
 2.065850e+00 -1.021116e+00 
 2.066173e+00 -1.021104e+00 
 2.066496e+00 -1.021094e+00 
 2.066819e+00 -1.021085e+00 
 2.067142e+00 -1.021077e+00 
 2.067465e+00 -1.021071e+00 
 2.067788e+00 -1.021066e+00 
 2.068111e+00 -1.021062e+00 
 2.068434e+00 -1.021061e+00 
 2.068757e+00 -1.021062e+00 
 2.069080e+00 -1.021065e+00 
 2.069403e+00 -1.021068e+00 
 2.069726e+00 -1.021073e+00 
 2.070049e+00 -1.021079e+00 
 2.070372e+00 -1.021087e+00 
 2.070695e+00 -1.021095e+00 
 2.071018e+00 -1.021102e+00 
 2.071341e+00 -1.021110e+00 
 2.071664e+00 -1.021121e+00 
 2.071987e+00 -1.021133e+00 
 2.072310e+00 -1.021146e+00 
 2.072633e+00 -1.021160e+00 
 2.072956e+00 -1.021175e+00 
 2.073279e+00 -1.021190e+00 
 2.073602e+00 -1.021206e+00 
 2.073925e+00 -1.021224e+00 
 2.074248e+00 -1.021240e+00 
 2.074571e+00 -1.021256e+00 
 2.074894e+00 -1.021271e+00 
 2.075217e+00 -1.021286e+00 
 2.075540e+00 -1.021300e+00 
 2.075863e+00 -1.021313e+00 
 2.076186e+00 -1.021324e+00 
 2.076509e+00 -1.021335e+00 
 2.076832e+00 -1.021347e+00 
 2.077155e+00 -1.021358e+00 
 2.077478e+00 -1.021369e+00 
 2.077801e+00 -1.021378e+00 
 2.078124e+00 -1.021386e+00 
 2.078447e+00 -1.021393e+00 
 2.078770e+00 -1.021399e+00 
 2.079093e+00 -1.021404e+00 
 2.079416e+00 -1.021406e+00 
 2.079739e+00 -1.021406e+00 
 2.080062e+00 -1.021404e+00 
 2.080385e+00 -1.021401e+00 
 2.080708e+00 -1.021397e+00 
 2.081031e+00 -1.021392e+00 
 2.081354e+00 -1.021384e+00 
 2.081677e+00 -1.021377e+00 
 2.082000e+00 -1.021369e+00 
 2.082323e+00 -1.021362e+00 
 2.082646e+00 -1.021353e+00 
 2.082969e+00 -1.021342e+00 
 2.083292e+00 -1.021331e+00 
 2.083615e+00 -1.021318e+00 
 2.083938e+00 -1.021305e+00 
 2.084261e+00 -1.021291e+00 
 2.084584e+00 -1.021276e+00 
 2.084907e+00 -1.021261e+00 
 2.085230e+00 -1.021246e+00 
 2.085553e+00 -1.021232e+00 
 2.085876e+00 -1.021218e+00 
 2.086199e+00 -1.021205e+00 
 2.086522e+00 -1.021192e+00 
 2.086845e+00 -1.021179e+00 
 2.087168e+00 -1.021169e+00 
 2.087491e+00 -1.021159e+00 
 2.087814e+00 -1.021151e+00 
 2.088137e+00 -1.021142e+00 
 2.088460e+00 -1.021135e+00 
 2.088783e+00 -1.021128e+00 
 2.089106e+00 -1.021123e+00 
 2.089429e+00 -1.021119e+00 
 2.089752e+00 -1.021117e+00 
 2.090075e+00 -1.021115e+00 
 2.090398e+00 -1.021117e+00 
 2.090721e+00 -1.021121e+00 
 2.091044e+00 -1.021126e+00 
 2.091367e+00 -1.021134e+00 
 2.091689e+00 -1.021142e+00 
 2.092012e+00 -1.021151e+00 
 2.092335e+00 -1.021164e+00 
 2.092658e+00 -1.021178e+00 
 2.092981e+00 -1.021192e+00 
 2.093304e+00 -1.021208e+00 
 2.093627e+00 -1.021224e+00 
 2.093950e+00 -1.021242e+00 
 2.094273e+00 -1.021262e+00 
 2.094596e+00 -1.021283e+00 
 2.094919e+00 -1.021304e+00 
 2.095242e+00 -1.021327e+00 
 2.095565e+00 -1.021351e+00 
 2.095888e+00 -1.021376e+00 
 2.096211e+00 -1.021401e+00 
 2.096534e+00 -1.021426e+00 
 2.096857e+00 -1.021451e+00 
 2.097180e+00 -1.021476e+00 
 2.097503e+00 -1.021502e+00 
 2.097826e+00 -1.021528e+00 
 2.098149e+00 -1.021553e+00 
 2.098472e+00 -1.021577e+00 
 2.098795e+00 -1.021600e+00 
 2.099118e+00 -1.021623e+00 
 2.099441e+00 -1.021645e+00 
 2.099764e+00 -1.021666e+00 
 2.100087e+00 -1.021685e+00 
 2.100410e+00 -1.021703e+00 
 2.100733e+00 -1.021721e+00 
 2.101056e+00 -1.021738e+00 
 2.101379e+00 -1.021754e+00 
 2.101702e+00 -1.021769e+00 
 2.102025e+00 -1.021781e+00 
 2.102348e+00 -1.021792e+00 
 2.102671e+00 -1.021802e+00 
 2.102994e+00 -1.021811e+00 
 2.103317e+00 -1.021817e+00 
 2.103640e+00 -1.021821e+00 
 2.103963e+00 -1.021824e+00 
 2.104286e+00 -1.021825e+00 
 2.104609e+00 -1.021826e+00 
 2.104932e+00 -1.021825e+00 
 2.105255e+00 -1.021822e+00 
 2.105578e+00 -1.021818e+00 
 2.105901e+00 -1.021814e+00 
 2.106224e+00 -1.021811e+00 
 2.106547e+00 -1.021806e+00 
 2.106870e+00 -1.021800e+00 
 2.107193e+00 -1.021792e+00 
 2.107516e+00 -1.021785e+00 
 2.107839e+00 -1.021777e+00 
 2.108162e+00 -1.021769e+00 
 2.108485e+00 -1.021760e+00 
 2.108808e+00 -1.021750e+00 
 2.109131e+00 -1.021741e+00 
 2.109454e+00 -1.021732e+00 
 2.109777e+00 -1.021724e+00 
 2.110100e+00 -1.021717e+00 
 2.110423e+00 -1.021710e+00 
 2.110746e+00 -1.021705e+00 
 2.111069e+00 -1.021701e+00 
 2.111392e+00 -1.021698e+00 
 2.111715e+00 -1.021696e+00 
 2.112038e+00 -1.021694e+00 
 2.112361e+00 -1.021693e+00 
 2.112684e+00 -1.021693e+00 
 2.113007e+00 -1.021694e+00 
 2.113330e+00 -1.021697e+00 
 2.113653e+00 -1.021701e+00 
 2.113976e+00 -1.021706e+00 
 2.114299e+00 -1.021713e+00 
 2.114622e+00 -1.021721e+00 
 2.114945e+00 -1.021732e+00 
 2.115268e+00 -1.021744e+00 
 2.115591e+00 -1.021757e+00 
 2.115914e+00 -1.021772e+00 
 2.116237e+00 -1.021787e+00 
 2.116560e+00 -1.021804e+00 
 2.116883e+00 -1.021821e+00 
 2.117206e+00 -1.021839e+00 
 2.117529e+00 -1.021856e+00 
 2.117852e+00 -1.021875e+00 
 2.118175e+00 -1.021895e+00 
 2.118498e+00 -1.021915e+00 
 2.118821e+00 -1.021936e+00 
 2.119144e+00 -1.021957e+00 
 2.119467e+00 -1.021978e+00 
 2.119790e+00 -1.022000e+00 
 2.120113e+00 -1.022022e+00 
 2.120436e+00 -1.022044e+00 
 2.120759e+00 -1.022065e+00 
 2.121082e+00 -1.022084e+00 
 2.121405e+00 -1.022103e+00 
 2.121728e+00 -1.022122e+00 
 2.122051e+00 -1.022139e+00 
 2.122374e+00 -1.022155e+00 
 2.122697e+00 -1.022169e+00 
 2.123020e+00 -1.022182e+00 
 2.123343e+00 -1.022195e+00 
 2.123666e+00 -1.022206e+00 
 2.123989e+00 -1.022216e+00 
 2.124312e+00 -1.022224e+00 
 2.124635e+00 -1.022231e+00 
 2.124958e+00 -1.022236e+00 
 2.125281e+00 -1.022240e+00 
 2.125604e+00 -1.022242e+00 
 2.125927e+00 -1.022243e+00 
 2.126250e+00 -1.022241e+00 
 2.126573e+00 -1.022237e+00 
 2.126896e+00 -1.022233e+00 
 2.127219e+00 -1.022227e+00 
 2.127541e+00 -1.022219e+00 
 2.127864e+00 -1.022209e+00 
 2.128187e+00 -1.022198e+00 
 2.128510e+00 -1.022186e+00 
 2.128833e+00 -1.022173e+00 
 2.129156e+00 -1.022159e+00 
 2.129479e+00 -1.022144e+00 
 2.129802e+00 -1.022128e+00 
 2.130125e+00 -1.022112e+00 
 2.130448e+00 -1.022096e+00 
 2.130771e+00 -1.022079e+00 
 2.131094e+00 -1.022062e+00 
 2.131417e+00 -1.022044e+00 
 2.131740e+00 -1.022026e+00 
 2.132063e+00 -1.022009e+00 
 2.132386e+00 -1.021991e+00 
 2.132709e+00 -1.021973e+00 
 2.133032e+00 -1.021956e+00 
 2.133355e+00 -1.021940e+00 
 2.133678e+00 -1.021925e+00 
 2.134001e+00 -1.021911e+00 
 2.134324e+00 -1.021898e+00 
 2.134647e+00 -1.021886e+00 
 2.134970e+00 -1.021875e+00 
 2.135293e+00 -1.021866e+00 
 2.135616e+00 -1.021857e+00 
 2.135939e+00 -1.021851e+00 
 2.136262e+00 -1.021846e+00 
 2.136585e+00 -1.021841e+00 
 2.136908e+00 -1.021839e+00 
 2.137231e+00 -1.021838e+00 
 2.137554e+00 -1.021838e+00 
 2.137877e+00 -1.021839e+00 
 2.138200e+00 -1.021842e+00 
 2.138523e+00 -1.021846e+00 
 2.138846e+00 -1.021853e+00 
 2.139169e+00 -1.021861e+00 
 2.139492e+00 -1.021870e+00 
 2.139815e+00 -1.021880e+00 
 2.140138e+00 -1.021892e+00 
 2.140461e+00 -1.021904e+00 
 2.140784e+00 -1.021917e+00 
 2.141107e+00 -1.021931e+00 
 2.141430e+00 -1.021945e+00 
 2.141753e+00 -1.021960e+00 
 2.142076e+00 -1.021975e+00 
 2.142399e+00 -1.021990e+00 
 2.142722e+00 -1.022006e+00 
 2.143045e+00 -1.022022e+00 
 2.143368e+00 -1.022038e+00 
 2.143691e+00 -1.022055e+00 
 2.144014e+00 -1.022071e+00 
 2.144337e+00 -1.022087e+00 
 2.144660e+00 -1.022102e+00 
 2.144983e+00 -1.022117e+00 
 2.145306e+00 -1.022130e+00 
 2.145629e+00 -1.022142e+00 
 2.145952e+00 -1.022153e+00 
 2.146275e+00 -1.022163e+00 
 2.146598e+00 -1.022172e+00 
 2.146921e+00 -1.022179e+00 
 2.147244e+00 -1.022186e+00 
 2.147567e+00 -1.022192e+00 
 2.147890e+00 -1.022197e+00 
 2.148213e+00 -1.022200e+00 
 2.148536e+00 -1.022202e+00 
 2.148859e+00 -1.022203e+00 
 2.149182e+00 -1.022203e+00 
 2.149505e+00 -1.022202e+00 
 2.149828e+00 -1.022200e+00 
 2.150151e+00 -1.022196e+00 
 2.150474e+00 -1.022190e+00 
 2.150797e+00 -1.022182e+00 
 2.151120e+00 -1.022174e+00 
 2.151443e+00 -1.022165e+00 
 2.151766e+00 -1.022156e+00 
 2.152089e+00 -1.022146e+00 
 2.152412e+00 -1.022136e+00 
 2.152735e+00 -1.022126e+00 
 2.153058e+00 -1.022115e+00 
 2.153381e+00 -1.022105e+00 
 2.153704e+00 -1.022094e+00 
 2.154027e+00 -1.022084e+00 
 2.154350e+00 -1.022073e+00 
 2.154673e+00 -1.022063e+00 
 2.154996e+00 -1.022053e+00 
 2.155319e+00 -1.022043e+00 
 2.155642e+00 -1.022033e+00 
 2.155965e+00 -1.022024e+00 
 2.156288e+00 -1.022016e+00 
 2.156611e+00 -1.022010e+00 
 2.156934e+00 -1.022005e+00 
 2.157257e+00 -1.022001e+00 
 2.157580e+00 -1.021999e+00 
 2.157903e+00 -1.021999e+00 
 2.158226e+00 -1.022000e+00 
 2.158549e+00 -1.022002e+00 
 2.158872e+00 -1.022006e+00 
 2.159195e+00 -1.022012e+00 
 2.159518e+00 -1.022019e+00 
 2.159841e+00 -1.022028e+00 
 2.160164e+00 -1.022037e+00 
 2.160487e+00 -1.022048e+00 
 2.160810e+00 -1.022059e+00 
 2.161133e+00 -1.022072e+00 
 2.161456e+00 -1.022088e+00 
 2.161779e+00 -1.022105e+00 
 2.162102e+00 -1.022124e+00 
 2.162425e+00 -1.022145e+00 
 2.162748e+00 -1.022167e+00 
 2.163071e+00 -1.022191e+00 
 2.163393e+00 -1.022215e+00 
 2.163716e+00 -1.022239e+00 
 2.164039e+00 -1.022264e+00 
 2.164362e+00 -1.022289e+00 
 2.164685e+00 -1.022315e+00 
 2.165008e+00 -1.022341e+00 
 2.165331e+00 -1.022367e+00 
 2.165654e+00 -1.022392e+00 
 2.165977e+00 -1.022417e+00 
 2.166300e+00 -1.022443e+00 
 2.166623e+00 -1.022469e+00 
 2.166946e+00 -1.022495e+00 
 2.167269e+00 -1.022520e+00 
 2.167592e+00 -1.022546e+00 
 2.167915e+00 -1.022570e+00 
 2.168238e+00 -1.022594e+00 
 2.168561e+00 -1.022616e+00 
 2.168884e+00 -1.022636e+00 
 2.169207e+00 -1.022656e+00 
 2.169530e+00 -1.022674e+00 
 2.169853e+00 -1.022691e+00 
 2.170176e+00 -1.022706e+00 
 2.170499e+00 -1.022719e+00 
 2.170822e+00 -1.022730e+00 
 2.171145e+00 -1.022740e+00 
 2.171468e+00 -1.022749e+00 
 2.171791e+00 -1.022758e+00 
 2.172114e+00 -1.022765e+00 
 2.172437e+00 -1.022772e+00 
 2.172760e+00 -1.022777e+00 
 2.173083e+00 -1.022781e+00 
 2.173406e+00 -1.022783e+00 
 2.173729e+00 -1.022784e+00 
 2.174052e+00 -1.022783e+00 
 2.174375e+00 -1.022780e+00 
 2.174698e+00 -1.022778e+00 
 2.175021e+00 -1.022774e+00 
 2.175344e+00 -1.022770e+00 
 2.175667e+00 -1.022765e+00 
 2.175990e+00 -1.022758e+00 
 2.176313e+00 -1.022752e+00 
 2.176636e+00 -1.022746e+00 
 2.176959e+00 -1.022741e+00 
 2.177282e+00 -1.022736e+00 
 2.177605e+00 -1.022731e+00 
 2.177928e+00 -1.022726e+00 
 2.178251e+00 -1.022721e+00 
 2.178574e+00 -1.022716e+00 
 2.178897e+00 -1.022712e+00 
 2.179220e+00 -1.022708e+00 
 2.179543e+00 -1.022704e+00 
 2.179866e+00 -1.022702e+00 
 2.180189e+00 -1.022701e+00 
 2.180512e+00 -1.022701e+00 
 2.180835e+00 -1.022701e+00 
 2.181158e+00 -1.022702e+00 
 2.181481e+00 -1.022706e+00 
 2.181804e+00 -1.022711e+00 
 2.182127e+00 -1.022718e+00 
 2.182450e+00 -1.022727e+00 
 2.182773e+00 -1.022736e+00 
 2.183096e+00 -1.022746e+00 
 2.183419e+00 -1.022758e+00 
 2.183742e+00 -1.022770e+00 
 2.184065e+00 -1.022783e+00 
 2.184388e+00 -1.022798e+00 
 2.184711e+00 -1.022813e+00 
 2.185034e+00 -1.022830e+00 
 2.185357e+00 -1.022849e+00 
 2.185680e+00 -1.022870e+00 
 2.186003e+00 -1.022890e+00 
 2.186326e+00 -1.022910e+00 
 2.186649e+00 -1.022932e+00 
 2.186972e+00 -1.022955e+00 
 2.187295e+00 -1.022978e+00 
 2.187618e+00 -1.023001e+00 
 2.187941e+00 -1.023024e+00 
 2.188264e+00 -1.023047e+00 
 2.188587e+00 -1.023070e+00 
 2.188910e+00 -1.023093e+00 
 2.189233e+00 -1.023115e+00 
 2.189556e+00 -1.023136e+00 
 2.189879e+00 -1.023157e+00 
 2.190202e+00 -1.023177e+00 
 2.190525e+00 -1.023200e+00 
 2.190848e+00 -1.023221e+00 
 2.191171e+00 -1.023240e+00 
 2.191494e+00 -1.023257e+00 
 2.191817e+00 -1.023274e+00 
 2.192140e+00 -1.023290e+00 
 2.192463e+00 -1.023304e+00 
 2.192786e+00 -1.023317e+00 
 2.193109e+00 -1.023327e+00 
 2.193432e+00 -1.023336e+00 
 2.193755e+00 -1.023343e+00 
 2.194078e+00 -1.023349e+00 
 2.194401e+00 -1.023354e+00 
 2.194724e+00 -1.023357e+00 
 2.195047e+00 -1.023358e+00 
 2.195370e+00 -1.023360e+00 
 2.195693e+00 -1.023363e+00 
 2.196016e+00 -1.023364e+00 
 2.196339e+00 -1.023361e+00 
 2.196662e+00 -1.023356e+00 
 2.196985e+00 -1.023351e+00 
 2.197308e+00 -1.023345e+00 
 2.197631e+00 -1.023338e+00 
 2.197954e+00 -1.023330e+00 
 2.198277e+00 -1.023320e+00 
 2.198600e+00 -1.023310e+00 
 2.198923e+00 -1.023300e+00 
 2.199245e+00 -1.023289e+00 
 2.199568e+00 -1.023278e+00 
 2.199891e+00 -1.023266e+00 
 2.200214e+00 -1.023254e+00 
 2.200537e+00 -1.023246e+00 
 2.200860e+00 -1.023239e+00 
 2.201183e+00 -1.023232e+00 
 2.201506e+00 -1.023223e+00 
 2.201829e+00 -1.023214e+00 
 2.202152e+00 -1.023207e+00 
 2.202475e+00 -1.023200e+00 
 2.202798e+00 -1.023194e+00 
 2.203121e+00 -1.023189e+00 
 2.203444e+00 -1.023183e+00 
 2.203767e+00 -1.023180e+00 
 2.204090e+00 -1.023178e+00 
 2.204413e+00 -1.023178e+00 
 2.204736e+00 -1.023179e+00 
 2.205059e+00 -1.023181e+00 
 2.205382e+00 -1.023185e+00 
 2.205705e+00 -1.023193e+00 
 2.206028e+00 -1.023203e+00 
 2.206351e+00 -1.023214e+00 
 2.206674e+00 -1.023223e+00 
 2.206997e+00 -1.023234e+00 
 2.207320e+00 -1.023247e+00 
 2.207643e+00 -1.023260e+00 
 2.207966e+00 -1.023276e+00 
 2.208289e+00 -1.023292e+00 
 2.208612e+00 -1.023308e+00 
 2.208935e+00 -1.023326e+00 
 2.209258e+00 -1.023345e+00 
 2.209581e+00 -1.023366e+00 
 2.209904e+00 -1.023386e+00 
 2.210227e+00 -1.023407e+00 
 2.210550e+00 -1.023428e+00 
 2.210873e+00 -1.023452e+00 
 2.211196e+00 -1.023478e+00 
 2.211519e+00 -1.023502e+00 
 2.211842e+00 -1.023525e+00 
 2.212165e+00 -1.023546e+00 
 2.212488e+00 -1.023567e+00 
 2.212811e+00 -1.023588e+00 
 2.213134e+00 -1.023608e+00 
 2.213457e+00 -1.023628e+00 
 2.213780e+00 -1.023647e+00 
 2.214103e+00 -1.023666e+00 
 2.214426e+00 -1.023685e+00 
 2.214749e+00 -1.023704e+00 
 2.215072e+00 -1.023721e+00 
 2.215395e+00 -1.023736e+00 
 2.215718e+00 -1.023750e+00 
 2.216041e+00 -1.023765e+00 
 2.216364e+00 -1.023779e+00 
 2.216687e+00 -1.023790e+00 
 2.217010e+00 -1.023799e+00 
 2.217333e+00 -1.023805e+00 
 2.217656e+00 -1.023811e+00 
 2.217979e+00 -1.023817e+00 
 2.218302e+00 -1.023821e+00 
 2.218625e+00 -1.023825e+00 
 2.218948e+00 -1.023827e+00 
 2.219271e+00 -1.023830e+00 
 2.219594e+00 -1.023832e+00 
 2.219917e+00 -1.023833e+00 
 2.220240e+00 -1.023834e+00 
 2.220563e+00 -1.023833e+00 
 2.220886e+00 -1.023832e+00 
 2.221209e+00 -1.023831e+00 
 2.221532e+00 -1.023830e+00 
 2.221855e+00 -1.023827e+00 
 2.222178e+00 -1.023823e+00 
 2.222501e+00 -1.023819e+00 
 2.222824e+00 -1.023815e+00 
 2.223147e+00 -1.023812e+00 
 2.223470e+00 -1.023812e+00 
 2.223793e+00 -1.023811e+00 
 2.224116e+00 -1.023811e+00 
 2.224439e+00 -1.023813e+00 
 2.224762e+00 -1.023817e+00 
 2.225085e+00 -1.023821e+00 
 2.225408e+00 -1.023825e+00 
 2.225731e+00 -1.023830e+00 
 2.226054e+00 -1.023835e+00 
 2.226377e+00 -1.023843e+00 
 2.226700e+00 -1.023852e+00 
 2.227023e+00 -1.023861e+00 
 2.227346e+00 -1.023871e+00 
 2.227669e+00 -1.023882e+00 
 2.227992e+00 -1.023896e+00 
 2.228315e+00 -1.023911e+00 
 2.228638e+00 -1.023929e+00 
 2.228961e+00 -1.023949e+00 
 2.229284e+00 -1.023969e+00 
 2.229607e+00 -1.023991e+00 
 2.229930e+00 -1.024015e+00 
 2.230253e+00 -1.024040e+00 
 2.230576e+00 -1.024066e+00 
 2.230899e+00 -1.024092e+00 
 2.231222e+00 -1.024119e+00 
 2.231545e+00 -1.024146e+00 
 2.231868e+00 -1.024175e+00 
 2.232191e+00 -1.024203e+00 
 2.232514e+00 -1.024231e+00 
 2.232837e+00 -1.024260e+00 
 2.233160e+00 -1.024291e+00 
 2.233483e+00 -1.024322e+00 
 2.233806e+00 -1.024355e+00 
 2.234129e+00 -1.024387e+00 
 2.234452e+00 -1.024418e+00 
 2.234774e+00 -1.024449e+00 
 2.235097e+00 -1.024479e+00 
 2.235420e+00 -1.024510e+00 
 2.235743e+00 -1.024539e+00 
 2.236066e+00 -1.024567e+00 
 2.236389e+00 -1.024593e+00 
 2.236712e+00 -1.024619e+00 
 2.237035e+00 -1.024644e+00 
 2.237358e+00 -1.024667e+00 
 2.237681e+00 -1.024689e+00 
 2.238004e+00 -1.024709e+00 
 2.238327e+00 -1.024729e+00 
 2.238650e+00 -1.024748e+00 
 2.238973e+00 -1.024767e+00 
 2.239296e+00 -1.024782e+00 
 2.239619e+00 -1.024796e+00 
 2.239942e+00 -1.024808e+00 
 2.240265e+00 -1.024819e+00 
 2.240588e+00 -1.024831e+00 
 2.240911e+00 -1.024840e+00 
 2.241234e+00 -1.024846e+00 
 2.241557e+00 -1.024850e+00 
 2.241880e+00 -1.024854e+00 
 2.242203e+00 -1.024857e+00 
 2.242526e+00 -1.024858e+00 
 2.242849e+00 -1.024857e+00 
 2.243172e+00 -1.024856e+00 
 2.243495e+00 -1.024855e+00 
 2.243818e+00 -1.024853e+00 
 2.244141e+00 -1.024851e+00 
 2.244464e+00 -1.024847e+00 
 2.244787e+00 -1.024843e+00 
 2.245110e+00 -1.024837e+00 
 2.245433e+00 -1.024833e+00 
 2.245756e+00 -1.024829e+00 
 2.246079e+00 -1.024826e+00 
 2.246402e+00 -1.024821e+00 
 2.246725e+00 -1.024815e+00 
 2.247048e+00 -1.024811e+00 
 2.247371e+00 -1.024807e+00 
 2.247694e+00 -1.024803e+00 
 2.248017e+00 -1.024799e+00 
 2.248340e+00 -1.024796e+00 
 2.248663e+00 -1.024258e+00 
 2.248986e+00 -1.024260e+00 
 2.249309e+00 -1.024267e+00 
 2.249632e+00 -1.024275e+00 
 2.249955e+00 -1.024279e+00 
 2.250278e+00 -1.024280e+00 
 2.250601e+00 -1.024300e+00 
 2.250924e+00 -1.024344e+00 
 2.251247e+00 -1.024408e+00 
 2.251570e+00 -1.024483e+00 
 2.251893e+00 -1.024565e+00 
 2.252216e+00 -1.024643e+00 
 2.252539e+00 -1.024711e+00 
 2.252862e+00 -1.024770e+00 
 2.253185e+00 -1.024823e+00 
 2.253508e+00 -1.024864e+00 
 2.253831e+00 -1.024892e+00 
 2.254154e+00 -1.024914e+00 
 2.254477e+00 -1.024942e+00 
 2.254800e+00 -1.024981e+00 
 2.255123e+00 -1.025032e+00 
 2.255446e+00 -1.025093e+00 
 2.255769e+00 -1.025161e+00 
 2.256092e+00 -1.025224e+00 
 2.256415e+00 -1.025272e+00 
 2.256738e+00 -1.025303e+00 
 2.257061e+00 -1.025321e+00 
 2.257384e+00 -1.025329e+00 
 2.257707e+00 -1.025329e+00 
 2.258030e+00 -1.025323e+00 
 2.258353e+00 -1.025318e+00 
 2.258676e+00 -1.025320e+00 
 2.258999e+00 -1.025329e+00 
 2.259322e+00 -1.025348e+00 
 2.259645e+00 -1.025371e+00 
 2.259968e+00 -1.025393e+00 
 2.260291e+00 -1.025405e+00 
 2.260614e+00 -1.025402e+00 
 2.260937e+00 -1.025391e+00 
 2.261260e+00 -1.025370e+00 
 2.261583e+00 -1.025338e+00 
 2.261906e+00 -1.025298e+00 
 2.262229e+00 -1.025259e+00 
 2.262552e+00 -1.025224e+00 
 2.262875e+00 -1.025194e+00 
 2.263198e+00 -1.025174e+00 
 2.263521e+00 -1.025164e+00 
 2.263844e+00 -1.025160e+00 
 2.264167e+00 -1.025156e+00 
 2.264490e+00 -1.025145e+00 
 2.264813e+00 -1.025120e+00 
 2.265136e+00 -1.025082e+00 
 2.265459e+00 -1.025031e+00 
 2.265782e+00 -1.024972e+00 
 2.266105e+00 -1.024916e+00 
 2.266428e+00 -1.024870e+00 
 2.266751e+00 -1.024836e+00 
 2.267074e+00 -1.024815e+00 
 2.267397e+00 -1.024805e+00 
 2.267720e+00 -1.024802e+00 
 2.268043e+00 -1.024808e+00 
 2.268366e+00 -1.024821e+00 
 2.268689e+00 -1.024835e+00 
 2.269012e+00 -1.024839e+00 
 2.269335e+00 -1.024835e+00 
 2.269658e+00 -1.024822e+00 
 2.269981e+00 -1.024799e+00 
 2.270304e+00 -1.024765e+00 
 2.270626e+00 -1.024730e+00 
 2.270949e+00 -1.024707e+00 
 2.271272e+00 -1.024703e+00 
 2.271595e+00 -1.024716e+00 
 2.271918e+00 -1.024731e+00 
 2.272241e+00 -1.024739e+00 
 2.272564e+00 -1.024744e+00 
 2.272887e+00 -1.024747e+00 
 2.273210e+00 -1.024746e+00 
 2.273533e+00 -1.024738e+00 
 2.273856e+00 -1.024723e+00 
 2.274179e+00 -1.024709e+00 
 2.274502e+00 -1.024703e+00 
 2.274825e+00 -1.024714e+00 
 2.275148e+00 -1.024742e+00 
 2.275471e+00 -1.024780e+00 
 2.275794e+00 -1.024823e+00 
 2.276117e+00 -1.024870e+00 
 2.276440e+00 -1.024913e+00 
 2.276763e+00 -1.024949e+00 
 2.277086e+00 -1.024978e+00 
 2.277409e+00 -1.025004e+00 
 2.277732e+00 -1.025025e+00 
 2.278055e+00 -1.025044e+00 
 2.278378e+00 -1.025060e+00 
 2.278701e+00 -1.025077e+00 
 2.279024e+00 -1.025099e+00 
 2.279347e+00 -1.025129e+00 
 2.279670e+00 -1.025164e+00 
 2.279993e+00 -1.025201e+00 
 2.280316e+00 -1.025238e+00 
 2.280639e+00 -1.025272e+00 
 2.280962e+00 -1.025301e+00 
 2.281285e+00 -1.025326e+00 
 2.281608e+00 -1.025348e+00 
 2.281931e+00 -1.025366e+00 
 2.282254e+00 -1.025373e+00 
 2.282577e+00 -1.025374e+00 
 2.282900e+00 -1.025376e+00 
 2.283223e+00 -1.025382e+00 
 2.283546e+00 -1.025394e+00 
 2.283869e+00 -1.025414e+00 
 2.284192e+00 -1.025436e+00 
 2.284515e+00 -1.025457e+00 
 2.284838e+00 -1.025473e+00 
 2.285161e+00 -1.025483e+00 
 2.285484e+00 -1.025489e+00 
 2.285807e+00 -1.025490e+00 
 2.286130e+00 -1.025485e+00 
 2.286453e+00 -1.025478e+00 
 2.286776e+00 -1.025474e+00 
 2.287099e+00 -1.025472e+00 
 2.287422e+00 -1.025473e+00 
 2.287745e+00 -1.025472e+00 
 2.288068e+00 -1.025466e+00 
 2.288391e+00 -1.025454e+00 
 2.288714e+00 -1.025438e+00 
 2.289037e+00 -1.025417e+00 
 2.289360e+00 -1.025388e+00 
 2.289683e+00 -1.025352e+00 
 2.290006e+00 -1.025311e+00 
 2.290329e+00 -1.025265e+00 
 2.290652e+00 -1.025216e+00 
 2.290975e+00 -1.025166e+00 
 2.291298e+00 -1.025122e+00 
 2.291621e+00 -1.025088e+00 
 2.291944e+00 -1.025063e+00 
 2.292267e+00 -1.025043e+00 
 2.292590e+00 -1.025023e+00 
 2.292913e+00 -1.025000e+00 
 2.293236e+00 -1.024978e+00 
 2.293559e+00 -1.024959e+00 
 2.293882e+00 -1.024940e+00 
 2.294205e+00 -1.024918e+00 
 2.294528e+00 -1.024895e+00 
 2.294851e+00 -1.024872e+00 
 2.295174e+00 -1.024853e+00 
 2.295497e+00 -1.024847e+00 
 2.295820e+00 -1.024852e+00 
 2.296143e+00 -1.024865e+00 
 2.296466e+00 -1.024885e+00 
 2.296789e+00 -1.024912e+00 
 2.297112e+00 -1.024945e+00 
 2.297435e+00 -1.024982e+00 
 2.297758e+00 -1.025020e+00 
 2.298081e+00 -1.025054e+00 
 2.298404e+00 -1.025082e+00 
 2.298727e+00 -1.025105e+00 
 2.299050e+00 -1.025131e+00 
 2.299373e+00 -1.025164e+00 
 2.299696e+00 -1.025206e+00 
 2.300019e+00 -1.025259e+00 
 2.300342e+00 -1.025322e+00 
 2.300665e+00 -1.025393e+00 
 2.300988e+00 -1.025468e+00 
 2.301311e+00 -1.025542e+00 
 2.301634e+00 -1.025607e+00 
 2.301957e+00 -1.025663e+00 
 2.302280e+00 -1.025709e+00 
 2.302603e+00 -1.025748e+00 
 2.302926e+00 -1.025779e+00 
 2.303249e+00 -1.025807e+00 
 2.303572e+00 -1.025839e+00 
 2.303895e+00 -1.025880e+00 
 2.304218e+00 -1.025929e+00 
 2.304541e+00 -1.025981e+00 
 2.304864e+00 -1.026032e+00 
 2.305187e+00 -1.026077e+00 
 2.305510e+00 -1.026116e+00 
 2.305833e+00 -1.026144e+00 
 2.306156e+00 -1.026159e+00 
 2.306478e+00 -1.026159e+00 
 2.306801e+00 -1.026147e+00 
 2.307124e+00 -1.026128e+00 
 2.307447e+00 -1.026107e+00 
 2.307770e+00 -1.026087e+00 
 2.308093e+00 -1.026068e+00 
 2.308416e+00 -1.026050e+00 
 2.308739e+00 -1.026034e+00 
 2.309062e+00 -1.026019e+00 
 2.309385e+00 -1.026005e+00 
 2.309708e+00 -1.025986e+00 
 2.310031e+00 -1.025959e+00 
 2.310354e+00 -1.025924e+00 
 2.310677e+00 -1.025884e+00 
 2.311000e+00 -1.025839e+00 
 2.311323e+00 -1.025792e+00 
 2.311646e+00 -1.025749e+00 
 2.311969e+00 -1.025715e+00 
 2.312292e+00 -1.025695e+00 
 2.312615e+00 -1.025686e+00 
 2.312938e+00 -1.025685e+00 
 2.313261e+00 -1.025685e+00 
 2.313584e+00 -1.025684e+00 
 2.313907e+00 -1.025680e+00 
 2.314230e+00 -1.025671e+00 
 2.314553e+00 -1.025656e+00 
 2.314876e+00 -1.025635e+00 
 2.315199e+00 -1.025613e+00 
 2.315522e+00 -1.025594e+00 
 2.315845e+00 -1.025585e+00 
 2.316168e+00 -1.025589e+00 
 2.316491e+00 -1.025600e+00 
 2.316814e+00 -1.025614e+00 
 2.317137e+00 -1.025631e+00 
 2.317460e+00 -1.025649e+00 
 2.317783e+00 -1.025666e+00 
 2.318106e+00 -1.025680e+00 
 2.318429e+00 -1.025689e+00 
 2.318752e+00 -1.025694e+00 
 2.319075e+00 -1.025700e+00 
 2.319398e+00 -1.025714e+00 
 2.319721e+00 -1.025738e+00 
 2.320044e+00 -1.025767e+00 
 2.320367e+00 -1.025801e+00 
 2.320690e+00 -1.025838e+00 
 2.321013e+00 -1.025876e+00 
 2.321336e+00 -1.025915e+00 
 2.321659e+00 -1.025951e+00 
 2.321982e+00 -1.025982e+00 
 2.322305e+00 -1.026007e+00 
 2.322628e+00 -1.026027e+00 
 2.322951e+00 -1.026044e+00 
 2.323274e+00 -1.026061e+00 
 2.323597e+00 -1.026081e+00 
 2.323920e+00 -1.026108e+00 
 2.324243e+00 -1.026141e+00 
 2.324566e+00 -1.026177e+00 
 2.324889e+00 -1.026213e+00 
 2.325212e+00 -1.026246e+00 
 2.325535e+00 -1.026275e+00 
 2.325858e+00 -1.026301e+00 
 2.326181e+00 -1.026324e+00 
 2.326504e+00 -1.026340e+00 
 2.326827e+00 -1.026348e+00 
 2.327150e+00 -1.026349e+00 
 2.327473e+00 -1.026349e+00 
 2.327796e+00 -1.026352e+00 
 2.328119e+00 -1.026360e+00 
 2.328442e+00 -1.026374e+00 
 2.328765e+00 -1.026390e+00 
 2.329088e+00 -1.026406e+00 
 2.329411e+00 -1.026420e+00 
 2.329734e+00 -1.026434e+00 
 2.330057e+00 -1.026446e+00 
 2.330380e+00 -1.026450e+00 
 2.330703e+00 -1.026445e+00 
 2.331026e+00 -1.026433e+00 
 2.331349e+00 -1.026415e+00 
 2.331672e+00 -1.026393e+00 
 2.331995e+00 -1.026371e+00 
 2.332318e+00 -1.026352e+00 
 2.332641e+00 -1.026337e+00 
 2.332964e+00 -1.026322e+00 
 2.333287e+00 -1.026307e+00 
 2.333610e+00 -1.026289e+00 
 2.333933e+00 -1.026267e+00 
 2.334256e+00 -1.026242e+00 
 2.334579e+00 -1.026215e+00 
 2.334902e+00 -1.026186e+00 
 2.335225e+00 -1.026156e+00 
 2.335548e+00 -1.026123e+00 
 2.335871e+00 -1.026088e+00 
 2.336194e+00 -1.026056e+00 
 2.336517e+00 -1.026032e+00 
 2.336840e+00 -1.026014e+00 
 2.337163e+00 -1.025999e+00 
 2.337486e+00 -1.025983e+00 
 2.337809e+00 -1.025967e+00 
 2.338132e+00 -1.025952e+00 
 2.338455e+00 -1.025940e+00 
 2.338778e+00 -1.025925e+00 
 2.339101e+00 -1.025907e+00 
 2.339424e+00 -1.025886e+00 
 2.339747e+00 -1.025865e+00 
 2.340070e+00 -1.025847e+00 
 2.340393e+00 -1.025831e+00 
 2.340716e+00 -1.025818e+00 
 2.341039e+00 -1.025809e+00 
 2.341362e+00 -1.025808e+00 
 2.341685e+00 -1.025816e+00 
 2.342008e+00 -1.025830e+00 
 2.342330e+00 -1.025848e+00 
 2.342653e+00 -1.025864e+00 
 2.342976e+00 -1.025878e+00 
 2.343299e+00 -1.025891e+00 
 2.343622e+00 -1.025901e+00 
 2.343945e+00 -1.025910e+00 
 2.344268e+00 -1.025920e+00 
 2.344591e+00 -1.025934e+00 
 2.344914e+00 -1.025951e+00 
 2.345237e+00 -1.025972e+00 
 2.345560e+00 -1.025993e+00 
 2.345883e+00 -1.026017e+00 
 2.346206e+00 -1.026042e+00 
 2.346529e+00 -1.026067e+00 
 2.346852e+00 -1.026092e+00 
 2.347175e+00 -1.026115e+00 
 2.347498e+00 -1.026135e+00 
 2.347821e+00 -1.026154e+00 
 2.348144e+00 -1.026173e+00 
 2.348467e+00 -1.026195e+00 
 2.348790e+00 -1.026220e+00 
 2.349113e+00 -1.026247e+00 
 2.349436e+00 -1.026274e+00 
 2.349759e+00 -1.026299e+00 
 2.350082e+00 -1.026324e+00 
 2.350405e+00 -1.026346e+00 
 2.350728e+00 -1.026363e+00 
 2.351051e+00 -1.026373e+00 
 2.351374e+00 -1.026378e+00 
 2.351697e+00 -1.026381e+00 
 2.352020e+00 -1.026383e+00 
 2.352343e+00 -1.026387e+00 
 2.352666e+00 -1.026393e+00 
 2.352989e+00 -1.026399e+00 
 2.353312e+00 -1.026405e+00 
 2.353635e+00 -1.026412e+00 
 2.353958e+00 -1.026417e+00 
 2.354281e+00 -1.026420e+00 
 2.354604e+00 -1.026418e+00 
 2.354927e+00 -1.026409e+00 
 2.355250e+00 -1.026395e+00 
 2.355573e+00 -1.026374e+00 
 2.355896e+00 -1.026346e+00 
 2.356219e+00 -1.026316e+00 
 2.356542e+00 -1.026285e+00 
 2.356865e+00 -1.026258e+00 
 2.357188e+00 -1.026233e+00 
 2.357511e+00 -1.026209e+00 
 2.357834e+00 -1.026183e+00 
 2.358157e+00 -1.026154e+00 
 2.358480e+00 -1.026122e+00 
 2.358803e+00 -1.026086e+00 
 2.359126e+00 -1.026046e+00 
 2.359449e+00 -1.025999e+00 
 2.359772e+00 -1.025949e+00 
 2.360095e+00 -1.025899e+00 
 2.360418e+00 -1.025854e+00 
 2.360741e+00 -1.025817e+00 
 2.361064e+00 -1.025787e+00 
 2.361387e+00 -1.025763e+00 
 2.361710e+00 -1.025746e+00 
 2.362033e+00 -1.025736e+00 
 2.362356e+00 -1.025732e+00 
 2.362679e+00 -1.025730e+00 
 2.363002e+00 -1.025727e+00 
 2.363325e+00 -1.025721e+00 
 2.363648e+00 -1.025714e+00 
 2.363971e+00 -1.025709e+00 
 2.364294e+00 -1.025709e+00 
 2.364617e+00 -1.025716e+00 
 2.364940e+00 -1.025731e+00 
 2.365263e+00 -1.025753e+00 
 2.365586e+00 -1.025783e+00 
 2.365909e+00 -1.025818e+00 
 2.366232e+00 -1.025857e+00 
 2.366555e+00 -1.025899e+00 
 2.366878e+00 -1.025941e+00 
 2.367201e+00 -1.025983e+00 
 2.367524e+00 -1.026023e+00 
 2.367847e+00 -1.026061e+00 
 2.368170e+00 -1.026095e+00 
 2.368493e+00 -1.026126e+00 
 2.368816e+00 -1.026158e+00 
 2.369139e+00 -1.026190e+00 
 2.369462e+00 -1.026223e+00 
 2.369785e+00 -1.026257e+00 
 2.370108e+00 -1.026292e+00 
 2.370431e+00 -1.026327e+00 
 2.370754e+00 -1.026362e+00 
 2.371077e+00 -1.026394e+00 
 2.371400e+00 -1.026421e+00 
 2.371723e+00 -1.026441e+00 
 2.372046e+00 -1.026455e+00 
 2.372369e+00 -1.026466e+00 
 2.372692e+00 -1.026475e+00 
 2.373015e+00 -1.026484e+00 
 2.373338e+00 -1.026493e+00 
 2.373661e+00 -1.026501e+00 
 2.373984e+00 -1.026510e+00 
 2.374307e+00 -1.026519e+00 
 2.374630e+00 -1.026528e+00 
 2.374953e+00 -1.026533e+00 
 2.375276e+00 -1.026532e+00 
 2.375599e+00 -1.026524e+00 
 2.375922e+00 -1.026509e+00 
 2.376245e+00 -1.026489e+00 
 2.376568e+00 -1.026464e+00 
 2.376891e+00 -1.026437e+00 
 2.377214e+00 -1.026412e+00 
 2.377537e+00 -1.026390e+00 
 2.377860e+00 -1.026372e+00 
 2.378182e+00 -1.026355e+00 
 2.378505e+00 -1.026340e+00 
 2.378828e+00 -1.026326e+00 
 2.379151e+00 -1.026313e+00 
 2.379474e+00 -1.026300e+00 
 2.379797e+00 -1.026285e+00 
 2.380120e+00 -1.026269e+00 
 2.380443e+00 -1.026252e+00 
 2.380766e+00 -1.026236e+00 
 2.381089e+00 -1.026222e+00 
 2.381412e+00 -1.026210e+00 
 2.381735e+00 -1.026200e+00 
 2.382058e+00 -1.026192e+00 
 2.382381e+00 -1.026185e+00 
 2.382704e+00 -1.026180e+00 
 2.383027e+00 -1.026176e+00 
 2.383350e+00 -1.026170e+00 
 2.383673e+00 -1.026159e+00 
 2.383996e+00 -1.026144e+00 
 2.384319e+00 -1.026127e+00 
 2.384642e+00 -1.026111e+00 
 2.384965e+00 -1.026099e+00 
 2.385288e+00 -1.026092e+00 
 2.385611e+00 -1.026091e+00 
 2.385934e+00 -1.026095e+00 
 2.386257e+00 -1.026104e+00 
 2.386580e+00 -1.026118e+00 
 2.386903e+00 -1.026134e+00 
 2.387226e+00 -1.026150e+00 
 2.387549e+00 -1.026164e+00 
 2.387872e+00 -1.026175e+00 
 2.388195e+00 -1.026185e+00 
 2.388518e+00 -1.026193e+00 
 2.388841e+00 -1.026202e+00 
 2.389164e+00 -1.026215e+00 
 2.389487e+00 -1.026235e+00 
 2.389810e+00 -1.026262e+00 
 2.390133e+00 -1.026295e+00 
 2.390456e+00 -1.026334e+00 
 2.390779e+00 -1.026376e+00 
 2.391102e+00 -1.026418e+00 
 2.391425e+00 -1.026457e+00 
 2.391748e+00 -1.026491e+00 
 2.392071e+00 -1.026520e+00 
 2.392394e+00 -1.026544e+00 
 2.392717e+00 -1.026566e+00 
 2.393040e+00 -1.026588e+00 
 2.393363e+00 -1.026612e+00 
 2.393686e+00 -1.026638e+00 
 2.394009e+00 -1.026666e+00 
 2.394332e+00 -1.026694e+00 
 2.394655e+00 -1.026722e+00 
 2.394978e+00 -1.026748e+00 
 2.395301e+00 -1.026769e+00 
 2.395624e+00 -1.026786e+00 
 2.395947e+00 -1.026797e+00 
 2.396270e+00 -1.026801e+00 
 2.396593e+00 -1.026801e+00 
 2.396916e+00 -1.026799e+00 
 2.397239e+00 -1.026797e+00 
 2.397562e+00 -1.026795e+00 
 2.397885e+00 -1.026796e+00 
 2.398208e+00 -1.026800e+00 
 2.398531e+00 -1.026804e+00 
 2.398854e+00 -1.026809e+00 
 2.399177e+00 -1.026811e+00 
 2.399500e+00 -1.026808e+00 
 2.399823e+00 -1.026801e+00 
 2.400146e+00 -1.026790e+00 
 2.400469e+00 -1.026774e+00 
 2.400792e+00 -1.026757e+00 
 2.401115e+00 -1.026738e+00 
 2.401438e+00 -1.026719e+00 
 2.401761e+00 -1.026702e+00 
 2.402084e+00 -1.026687e+00 
 2.402407e+00 -1.026673e+00 
 2.402730e+00 -1.026659e+00 
 2.403053e+00 -1.026647e+00 
 2.403376e+00 -1.026635e+00 
 2.403699e+00 -1.026622e+00 
 2.404022e+00 -1.026605e+00 
 2.404345e+00 -1.026584e+00 
 2.404668e+00 -1.026560e+00 
 2.404991e+00 -1.026536e+00 
 2.405314e+00 -1.026515e+00 
 2.405637e+00 -1.026497e+00 
 2.405960e+00 -1.026481e+00 
 2.406283e+00 -1.026467e+00 
 2.406606e+00 -1.026454e+00 
 2.406929e+00 -1.026441e+00 
 2.407252e+00 -1.026430e+00 
 2.407575e+00 -1.026418e+00 
 2.407898e+00 -1.026405e+00 
 2.408221e+00 -1.026392e+00 
 2.408544e+00 -1.026380e+00 
 2.408867e+00 -1.026368e+00 
 2.409190e+00 -1.026359e+00 
 2.409513e+00 -1.026353e+00 
 2.409836e+00 -1.026350e+00 
 2.410159e+00 -1.026350e+00 
 2.410482e+00 -1.026352e+00 
 2.410805e+00 -1.026358e+00 
 2.411128e+00 -1.026366e+00 
 2.411451e+00 -1.026376e+00 
 2.411774e+00 -1.026386e+00 
 2.412097e+00 -1.026397e+00 
 2.412420e+00 -1.026409e+00 
 2.412743e+00 -1.026421e+00 
 2.413066e+00 -1.026436e+00 
 2.413389e+00 -1.026454e+00 
 2.413712e+00 -1.026476e+00 
 2.414034e+00 -1.026503e+00 
 2.414357e+00 -1.026534e+00 
 2.414680e+00 -1.026569e+00 
 2.415003e+00 -1.026607e+00 
 2.415326e+00 -1.026647e+00 
 2.415649e+00 -1.026689e+00 
 2.415972e+00 -1.026731e+00 
 2.416295e+00 -1.026774e+00 
 2.416618e+00 -1.026815e+00 
 2.416941e+00 -1.026854e+00 
 2.417264e+00 -1.026892e+00 
 2.417587e+00 -1.026929e+00 
 2.417910e+00 -1.026965e+00 
 2.418233e+00 -1.027000e+00 
 2.418556e+00 -1.027034e+00 
 2.418879e+00 -1.027066e+00 
 2.419202e+00 -1.027095e+00 
 2.419525e+00 -1.027121e+00 
 2.419848e+00 -1.027141e+00 
 2.420171e+00 -1.027154e+00 
 2.420494e+00 -1.027159e+00 
 2.420817e+00 -1.027158e+00 
 2.421140e+00 -1.027150e+00 
 2.421463e+00 -1.027138e+00 
 2.421786e+00 -1.027122e+00 
 2.422109e+00 -1.027105e+00 
 2.422432e+00 -1.027088e+00 
 2.422755e+00 -1.027071e+00 
 2.423078e+00 -1.027054e+00 
 2.423401e+00 -1.027036e+00 
 2.423724e+00 -1.027019e+00 
 2.424047e+00 -1.027000e+00 
 2.424370e+00 -1.026977e+00 
 2.424693e+00 -1.026950e+00 
 2.425016e+00 -1.026919e+00 
 2.425339e+00 -1.026885e+00 
 2.425662e+00 -1.026850e+00 
 2.425985e+00 -1.026815e+00 
 2.426308e+00 -1.026783e+00 
 2.426631e+00 -1.026754e+00 
 2.426954e+00 -1.026729e+00 
 2.427277e+00 -1.026708e+00 
 2.427600e+00 -1.026690e+00 
 2.427923e+00 -1.026676e+00 
 2.428246e+00 -1.026662e+00 
 2.428569e+00 -1.026648e+00 
 2.428892e+00 -1.026632e+00 
 2.429215e+00 -1.026618e+00 
 2.429538e+00 -1.026603e+00 
 2.429861e+00 -1.026591e+00 
 2.430184e+00 -1.026582e+00 
 2.430507e+00 -1.026578e+00 
 2.430830e+00 -1.026579e+00 
 2.431153e+00 -1.026586e+00 
 2.431476e+00 -1.026599e+00 
 2.431799e+00 -1.026617e+00 
 2.432122e+00 -1.026638e+00 
 2.432445e+00 -1.026659e+00 
 2.432768e+00 -1.026679e+00 
 2.433091e+00 -1.026699e+00 
 2.433414e+00 -1.026718e+00 
 2.433737e+00 -1.026739e+00 
 2.434060e+00 -1.026762e+00 
 2.434383e+00 -1.026789e+00 
 2.434706e+00 -1.026820e+00 
 2.435029e+00 -1.026856e+00 
 2.435352e+00 -1.026894e+00 
 2.435675e+00 -1.026935e+00 
 2.435998e+00 -1.026974e+00 
 2.436321e+00 -1.027010e+00 
 2.436644e+00 -1.027042e+00 
 2.436967e+00 -1.027069e+00 
 2.437290e+00 -1.027090e+00 
 2.437613e+00 -1.027108e+00 
 2.437936e+00 -1.027124e+00 
 2.438259e+00 -1.027138e+00 
 2.438582e+00 -1.027152e+00 
 2.438905e+00 -1.027168e+00 
 2.439228e+00 -1.027184e+00 
 2.439551e+00 -1.027202e+00 
 2.439874e+00 -1.027220e+00 
 2.440197e+00 -1.027237e+00 
 2.440520e+00 -1.027253e+00 
 2.440843e+00 -1.027266e+00 
 2.441166e+00 -1.027275e+00 
 2.441489e+00 -1.027283e+00 
 2.441812e+00 -1.027289e+00 
 2.442135e+00 -1.027296e+00 
 2.442458e+00 -1.027303e+00 
 2.442781e+00 -1.027310e+00 
 2.443104e+00 -1.027319e+00 
 2.443427e+00 -1.027328e+00 
 2.443750e+00 -1.027337e+00 
 2.444073e+00 -1.027344e+00 
 2.444396e+00 -1.027349e+00 
 2.444719e+00 -1.027351e+00 
 2.445042e+00 -1.027349e+00 
 2.445365e+00 -1.027342e+00 
 2.445688e+00 -1.027334e+00 
 2.446011e+00 -1.027324e+00 
 2.446334e+00 -1.027315e+00 
 2.446657e+00 -1.027308e+00 
 2.446980e+00 -1.027301e+00 
 2.447303e+00 -1.027295e+00 
 2.447626e+00 -1.027290e+00 
 2.447949e+00 -1.027284e+00 
 2.448272e+00 -1.027276e+00 
 2.448595e+00 -1.027264e+00 
 2.448918e+00 -1.027249e+00 
 2.449241e+00 -1.027229e+00 
 2.449564e+00 -1.027207e+00 
 2.449886e+00 -1.027184e+00 
 2.450209e+00 -1.027162e+00 
 2.450532e+00 -1.027140e+00 
 2.450855e+00 -1.027121e+00 
 2.451178e+00 -1.027105e+00 
 2.451501e+00 -1.027092e+00 
 2.451824e+00 -1.027083e+00 
 2.452147e+00 -1.027076e+00 
 2.452470e+00 -1.027070e+00 
 2.452793e+00 -1.027065e+00 
 2.453116e+00 -1.027059e+00 
 2.453439e+00 -1.027054e+00 
 2.453762e+00 -1.027049e+00 
 2.454085e+00 -1.027044e+00 
 2.454408e+00 -1.027041e+00 
 2.454731e+00 -1.027041e+00 
 2.455054e+00 -1.027044e+00 
 2.455377e+00 -1.027048e+00 
 2.455700e+00 -1.027054e+00 
 2.456023e+00 -1.027061e+00 
 2.456346e+00 -1.027071e+00 
 2.456669e+00 -1.027080e+00 
 2.456992e+00 -1.027089e+00 
 2.457315e+00 -1.027098e+00 
 2.457638e+00 -1.027107e+00 
 2.457961e+00 -1.027117e+00 
 2.458284e+00 -1.027130e+00 
 2.458607e+00 -1.027144e+00 
 2.458930e+00 -1.027160e+00 
 2.459253e+00 -1.027181e+00 
 2.459576e+00 -1.027205e+00 
 2.459899e+00 -1.027232e+00 
 2.460222e+00 -1.027262e+00 
 2.460545e+00 -1.027293e+00 
 2.460868e+00 -1.027323e+00 
 2.461191e+00 -1.027352e+00 
 2.461514e+00 -1.027380e+00 
 2.461837e+00 -1.027407e+00 
 2.462160e+00 -1.027432e+00 
 2.462483e+00 -1.027457e+00 
 2.462806e+00 -1.027481e+00 
 2.463129e+00 -1.027505e+00 
 2.463452e+00 -1.027530e+00 
 2.463775e+00 -1.027554e+00 
 2.464098e+00 -1.027578e+00 
 2.464421e+00 -1.027601e+00 
 2.464744e+00 -1.027622e+00 
 2.465067e+00 -1.027640e+00 
 2.465390e+00 -1.027654e+00 
 2.465713e+00 -1.027665e+00 
 2.466036e+00 -1.027671e+00 
 2.466359e+00 -1.027674e+00 
 2.466682e+00 -1.027677e+00 
 2.467005e+00 -1.027679e+00 
 2.467328e+00 -1.027680e+00 
 2.467651e+00 -1.027681e+00 
 2.467974e+00 -1.027681e+00 
 2.468297e+00 -1.027681e+00 
 2.468620e+00 -1.027678e+00 
 2.468943e+00 -1.027674e+00 
 2.469266e+00 -1.027666e+00 
 2.469589e+00 -1.027654e+00 
 2.469912e+00 -1.027640e+00 
 2.470235e+00 -1.027623e+00 
 2.470558e+00 -1.027606e+00 
 2.470881e+00 -1.027587e+00 
 2.471204e+00 -1.027567e+00 
 2.471527e+00 -1.027547e+00 
 2.471850e+00 -1.027529e+00 
 2.472173e+00 -1.027511e+00 
 2.472496e+00 -1.027494e+00 
 2.472819e+00 -1.027475e+00 
 2.473142e+00 -1.027455e+00 
 2.473465e+00 -1.027431e+00 
 2.473788e+00 -1.027406e+00 
 2.474111e+00 -1.027380e+00 
 2.474434e+00 -1.027353e+00 
 2.474757e+00 -1.027326e+00 
 2.475080e+00 -1.027301e+00 
 2.475403e+00 -1.027279e+00 
 2.475726e+00 -1.027262e+00 
 2.476049e+00 -1.027247e+00 
 2.476372e+00 -1.027236e+00 
 2.476695e+00 -1.027228e+00 
 2.477018e+00 -1.027222e+00 
 2.477341e+00 -1.027218e+00 
 2.477664e+00 -1.027217e+00 
 2.477987e+00 -1.027218e+00 
 2.478310e+00 -1.027222e+00 
 2.478633e+00 -1.027230e+00 
 2.478956e+00 -1.027243e+00 
 2.479279e+00 -1.027259e+00 
 2.479602e+00 -1.027279e+00 
 2.479925e+00 -1.027304e+00 
 2.480248e+00 -1.027331e+00 
 2.480571e+00 -1.027361e+00 
 2.480894e+00 -1.027394e+00 
 2.481217e+00 -1.027427e+00 
 2.481540e+00 -1.027459e+00 
 2.481863e+00 -1.027490e+00 
 2.482186e+00 -1.027522e+00 
 2.482509e+00 -1.027553e+00 
 2.482832e+00 -1.027585e+00 
 2.483155e+00 -1.027619e+00 
 2.483478e+00 -1.027653e+00 
 2.483801e+00 -1.027689e+00 
 2.484124e+00 -1.027726e+00 
 2.484447e+00 -1.027763e+00 
 2.484770e+00 -1.027800e+00 
 2.485093e+00 -1.027834e+00 
 2.485416e+00 -1.027866e+00 
 2.485738e+00 -1.027895e+00 
 2.486061e+00 -1.027918e+00 
 2.486384e+00 -1.027938e+00 
 2.486707e+00 -1.027954e+00 
 2.487030e+00 -1.027967e+00 
 2.487353e+00 -1.027979e+00 
 2.487676e+00 -1.027989e+00 
 2.487999e+00 -1.027996e+00 
 2.488322e+00 -1.028002e+00 
 2.488645e+00 -1.028005e+00 
 2.488968e+00 -1.028006e+00 
 2.489291e+00 -1.028005e+00 
 2.489614e+00 -1.028002e+00 
 2.489937e+00 -1.027995e+00 
 2.490260e+00 -1.027986e+00 
 2.490583e+00 -1.027975e+00 
 2.490906e+00 -1.027964e+00 
 2.491229e+00 -1.027952e+00 
 2.491552e+00 -1.027940e+00 
 2.491875e+00 -1.027928e+00 
 2.492198e+00 -1.027916e+00 
 2.492521e+00 -1.027905e+00 
 2.492844e+00 -1.027895e+00 
 2.493167e+00 -1.027885e+00 
 2.493490e+00 -1.027874e+00 
 2.493813e+00 -1.027863e+00 
 2.494136e+00 -1.027850e+00 
 2.494459e+00 -1.027838e+00 
 2.494782e+00 -1.027827e+00 
 2.495105e+00 -1.027817e+00 
 2.495428e+00 -1.027808e+00 
 2.495751e+00 -1.027802e+00 
 2.496074e+00 -1.027798e+00 
 2.496397e+00 -1.027798e+00 
 2.496720e+00 -1.027799e+00 
 2.497043e+00 -1.027802e+00 
 2.497366e+00 -1.027806e+00 
 2.497689e+00 -1.027810e+00 
 2.498012e+00 -1.027814e+00 
 2.498335e+00 -1.027816e+00 
 2.498658e+00 -1.027818e+00 
 2.498981e+00 -1.027819e+00 
 2.499304e+00 -1.027819e+00 
 2.499627e+00 -1.027820e+00 
 2.499950e+00 -1.027822e+00 
 2.500273e+00 -1.027825e+00 
 2.500596e+00 -1.027828e+00 
 2.500919e+00 -1.027834e+00 
 2.501242e+00 -1.027843e+00 
 2.501565e+00 -1.027853e+00 
 2.501888e+00 -1.027864e+00 
 2.502211e+00 -1.027875e+00 
 2.502534e+00 -1.027886e+00 
 2.502857e+00 -1.027897e+00 
 2.503180e+00 -1.027908e+00 
 2.503503e+00 -1.027920e+00 
 2.503826e+00 -1.027933e+00 
 2.504149e+00 -1.027949e+00 
 2.504472e+00 -1.027966e+00 
 2.504795e+00 -1.027985e+00 
 2.505118e+00 -1.028006e+00 
 2.505441e+00 -1.028027e+00 
 2.505764e+00 -1.028048e+00 
 2.506087e+00 -1.028069e+00 
 2.506410e+00 -1.028091e+00 
 2.506733e+00 -1.028112e+00 
 2.507056e+00 -1.028133e+00 
 2.507379e+00 -1.028153e+00 
 2.507702e+00 -1.028174e+00 
 2.508025e+00 -1.028197e+00 
 2.508348e+00 -1.028222e+00 
 2.508671e+00 -1.028248e+00 
 2.508994e+00 -1.028275e+00 
 2.509317e+00 -1.028302e+00 
 2.509640e+00 -1.028329e+00 
 2.509963e+00 -1.028356e+00 
 2.510286e+00 -1.028379e+00 
 2.510609e+00 -1.028400e+00 
 2.510932e+00 -1.028417e+00 
 2.511255e+00 -1.028432e+00 
 2.511578e+00 -1.028446e+00 
 2.511901e+00 -1.028459e+00 
 2.512224e+00 -1.028470e+00 
 2.512547e+00 -1.028482e+00 
 2.512870e+00 -1.028494e+00 
 2.513193e+00 -1.028506e+00 
 2.513516e+00 -1.028518e+00 
 2.513839e+00 -1.028528e+00 
 2.514162e+00 -1.028536e+00 
 2.514485e+00 -1.028540e+00 
 2.514808e+00 -1.028542e+00 
 2.515131e+00 -1.028541e+00 
 2.515454e+00 -1.028540e+00 
 2.515777e+00 -1.028536e+00 
 2.516100e+00 -1.028529e+00 
 2.516423e+00 -1.028522e+00 
 2.516746e+00 -1.028514e+00 
 2.517069e+00 -1.028506e+00 
 2.517392e+00 -1.028497e+00 
 2.517715e+00 -1.028486e+00 
 2.518038e+00 -1.028475e+00 
 2.518361e+00 -1.028461e+00 
 2.518684e+00 -1.028447e+00 
 2.519007e+00 -1.028432e+00 
 2.519330e+00 -1.028418e+00 
 2.519653e+00 -1.028404e+00 
 2.519976e+00 -1.028390e+00 
 2.520299e+00 -1.028380e+00 
 2.520622e+00 -1.028374e+00 
 2.520945e+00 -1.028369e+00 
 2.521268e+00 -1.028364e+00 
 2.521590e+00 -1.028361e+00 
 2.521913e+00 -1.028359e+00 
 2.522236e+00 -1.028357e+00 
 2.522559e+00 -1.028355e+00 
 2.522882e+00 -1.028353e+00 
 2.523205e+00 -1.028352e+00 
 2.523528e+00 -1.028351e+00 
 2.523851e+00 -1.028353e+00 
 2.524174e+00 -1.028358e+00 
 2.524497e+00 -1.028364e+00 
 2.524820e+00 -1.028373e+00 
 2.525143e+00 -1.028383e+00 
 2.525466e+00 -1.028396e+00 
 2.525789e+00 -1.028412e+00 
 2.526112e+00 -1.028428e+00 
 2.526435e+00 -1.028442e+00 
 2.526758e+00 -1.028457e+00 
 2.527081e+00 -1.028475e+00 
 2.527404e+00 -1.028494e+00 
 2.527727e+00 -1.028514e+00 
 2.528050e+00 -1.028538e+00 
 2.528373e+00 -1.028563e+00 
 2.528696e+00 -1.028590e+00 
 2.529019e+00 -1.028618e+00 
 2.529342e+00 -1.028646e+00 
 2.529665e+00 -1.028674e+00 
 2.529988e+00 -1.028702e+00 
 2.530311e+00 -1.028729e+00 
 2.530634e+00 -1.028755e+00 
 2.530957e+00 -1.028783e+00 
 2.531280e+00 -1.028808e+00 
 2.531603e+00 -1.028831e+00 
 2.531926e+00 -1.028855e+00 
 2.532249e+00 -1.028878e+00 
 2.532572e+00 -1.028901e+00 
 2.532895e+00 -1.028923e+00 
 2.533218e+00 -1.028945e+00 
 2.533541e+00 -1.028966e+00 
 2.533864e+00 -1.028985e+00 
 2.534187e+00 -1.029002e+00 
 2.534510e+00 -1.029016e+00 
 2.534833e+00 -1.029025e+00 
 2.535156e+00 -1.029029e+00 
 2.535479e+00 -1.029031e+00 
 2.535802e+00 -1.029031e+00 
 2.536125e+00 -1.029031e+00 
 2.536448e+00 -1.029028e+00 
 2.536771e+00 -1.029022e+00 
 2.537094e+00 -1.029015e+00 
 2.537417e+00 -1.029008e+00 
 2.537740e+00 -1.029000e+00 
 2.538063e+00 -1.028991e+00 
 2.538386e+00 -1.028980e+00 
 2.538709e+00 -1.028969e+00 
 2.539032e+00 -1.028957e+00 
 2.539355e+00 -1.028946e+00 
 2.539678e+00 -1.028935e+00 
 2.540001e+00 -1.028923e+00 
 2.540324e+00 -1.028911e+00 
 2.540647e+00 -1.028900e+00 
 2.540970e+00 -1.028891e+00 
 2.541293e+00 -1.028883e+00 
 2.541616e+00 -1.028875e+00 
 2.541939e+00 -1.028867e+00 
 2.542262e+00 -1.028859e+00 
 2.542585e+00 -1.028851e+00 
 2.542908e+00 -1.028844e+00 
 2.543231e+00 -1.028836e+00 
 2.543554e+00 -1.028827e+00 
 2.543877e+00 -1.028819e+00 
 2.544200e+00 -1.028812e+00 
 2.544523e+00 -1.028807e+00 
 2.544846e+00 -1.028803e+00 
 2.545169e+00 -1.028802e+00 
 2.545492e+00 -1.028802e+00 
 2.545815e+00 -1.028805e+00 
 2.546138e+00 -1.028810e+00 
 2.546461e+00 -1.028817e+00 
 2.546784e+00 -1.028826e+00 
 2.547107e+00 -1.028835e+00 
 2.547430e+00 -1.028844e+00 
 2.547753e+00 -1.028856e+00 
 2.548076e+00 -1.028868e+00 
 2.548399e+00 -1.028881e+00 
 2.548722e+00 -1.028895e+00 
 2.549045e+00 -1.028911e+00 
 2.549368e+00 -1.028928e+00 
 2.549691e+00 -1.028947e+00 
 2.550014e+00 -1.028968e+00 
 2.550337e+00 -1.028988e+00 
 2.550660e+00 -1.029007e+00 
 2.550983e+00 -1.029028e+00 
 2.551306e+00 -1.029049e+00 
 2.551629e+00 -1.029071e+00 
 2.551952e+00 -1.029092e+00 
 2.552275e+00 -1.029112e+00 
 2.552598e+00 -1.029132e+00 
 2.552921e+00 -1.029153e+00 
 2.553244e+00 -1.029175e+00 
 2.553567e+00 -1.029197e+00 
 2.553890e+00 -1.029220e+00 
 2.554213e+00 -1.029241e+00 
 2.554536e+00 -1.029262e+00 
 2.554859e+00 -1.029282e+00 
 2.555182e+00 -1.029301e+00 
 2.555505e+00 -1.029317e+00 
 2.555828e+00 -1.029331e+00 
 2.556151e+00 -1.029345e+00 
 2.556474e+00 -1.029360e+00 
 2.556797e+00 -1.029375e+00 
 2.557120e+00 -1.029389e+00 
 2.557442e+00 -1.029404e+00 
 2.557765e+00 -1.029419e+00 
 2.558088e+00 -1.029435e+00 
 2.558411e+00 -1.029451e+00 
 2.558734e+00 -1.029466e+00 
 2.559057e+00 -1.029478e+00 
 2.559380e+00 -1.029488e+00 
 2.559703e+00 -1.029496e+00 
 2.560026e+00 -1.029502e+00 
 2.560349e+00 -1.029507e+00 
 2.560672e+00 -1.029510e+00 
 2.560995e+00 -1.029511e+00 
 2.561318e+00 -1.029513e+00 
 2.561641e+00 -1.029516e+00 
 2.561964e+00 -1.029520e+00 
 2.562287e+00 -1.029523e+00 
 2.562610e+00 -1.029526e+00 
 2.562933e+00 -1.029528e+00 
 2.563256e+00 -1.029530e+00 
 2.563579e+00 -1.029531e+00 
 2.563902e+00 -1.029531e+00 
 2.564225e+00 -1.029529e+00 
 2.564548e+00 -1.029527e+00 
 2.564871e+00 -1.029526e+00 
 2.565194e+00 -1.029525e+00 
 2.565517e+00 -1.029527e+00 
 2.565840e+00 -1.029529e+00 
 2.566163e+00 -1.029531e+00 
 2.566486e+00 -1.029534e+00 
 2.566809e+00 -1.029537e+00 
 2.567132e+00 -1.029539e+00 
 2.567455e+00 -1.029541e+00 
 2.567778e+00 -1.029541e+00 
 2.568101e+00 -1.029540e+00 
 2.568424e+00 -1.029540e+00 
 2.568747e+00 -1.029541e+00 
 2.569070e+00 -1.029542e+00 
 2.569393e+00 -1.029544e+00 
 2.569716e+00 -1.029548e+00 
 2.570039e+00 -1.029553e+00 
 2.570362e+00 -1.029561e+00 
 2.570685e+00 -1.029571e+00 
 2.571008e+00 -1.029580e+00 
 2.571331e+00 -1.029589e+00 
 2.571654e+00 -1.029597e+00 
 2.571977e+00 -1.029606e+00 
 2.572300e+00 -1.029616e+00 
 2.572623e+00 -1.029625e+00 
 2.572946e+00 -1.029636e+00 
 2.573269e+00 -1.029647e+00 
 2.573592e+00 -1.029660e+00 
 2.573915e+00 -1.029675e+00 
 2.574238e+00 -1.029692e+00 
 2.574561e+00 -1.029710e+00 
 2.574884e+00 -1.029729e+00 
 2.575207e+00 -1.029748e+00 
 2.575530e+00 -1.029769e+00 
 2.575853e+00 -1.029791e+00 
 2.576176e+00 -1.029812e+00 
 2.576499e+00 -1.029831e+00 
 2.576822e+00 -1.029851e+00 
 2.577145e+00 -1.029871e+00 
 2.577468e+00 -1.029891e+00 
 2.577791e+00 -1.029911e+00 
 2.578114e+00 -1.029931e+00 
 2.578437e+00 -1.029950e+00 
 2.578760e+00 -1.029970e+00 
 2.579083e+00 -1.029990e+00 
 2.579406e+00 -1.030008e+00 
 2.579729e+00 -1.030025e+00 
 2.580052e+00 -1.030040e+00 
 2.580375e+00 -1.030054e+00 
 2.580698e+00 -1.030068e+00 
 2.581021e+00 -1.030083e+00 
 2.581344e+00 -1.030096e+00 
 2.581667e+00 -1.030108e+00 
 2.581990e+00 -1.030121e+00 
 2.582313e+00 -1.030134e+00 
 2.582636e+00 -1.030147e+00 
 2.582959e+00 -1.030159e+00 
 2.583282e+00 -1.030170e+00 
 2.583605e+00 -1.030178e+00 
 2.583928e+00 -1.030186e+00 
 2.584251e+00 -1.030192e+00 
 2.584574e+00 -1.030196e+00 
 2.584897e+00 -1.030197e+00 
 2.585220e+00 -1.030196e+00 
 2.585543e+00 -1.030194e+00 
 2.585866e+00 -1.030192e+00 
 2.586189e+00 -1.030191e+00 
 2.586512e+00 -1.030189e+00 
 2.586835e+00 -1.030184e+00 
 2.587158e+00 -1.030178e+00 
 2.587481e+00 -1.030171e+00 
 2.587804e+00 -1.030163e+00 
 2.588127e+00 -1.030153e+00 
 2.588450e+00 -1.030142e+00 
 2.588773e+00 -1.030129e+00 
 2.589096e+00 -1.030116e+00 
 2.589419e+00 -1.030104e+00 
 2.589742e+00 -1.030093e+00 
 2.590065e+00 -1.030081e+00 
 2.590388e+00 -1.030071e+00 
 2.590711e+00 -1.030060e+00 
 2.591034e+00 -1.030052e+00 
 2.591357e+00 -1.030045e+00 
 2.591680e+00 -1.030038e+00 
 2.592003e+00 -1.030029e+00 
 2.592326e+00 -1.030021e+00 
 2.592649e+00 -1.030013e+00 
 2.592972e+00 -1.030005e+00 
 2.593294e+00 -1.029998e+00 
 2.593617e+00 -1.029991e+00 
 2.593940e+00 -1.029987e+00 
 2.594263e+00 -1.029985e+00 
 2.594586e+00 -1.029985e+00 
 2.594909e+00 -1.029988e+00 
 2.595232e+00 -1.029992e+00 
 2.595555e+00 -1.029995e+00 
 2.595878e+00 -1.029998e+00 
 2.596201e+00 -1.030003e+00 
 2.596524e+00 -1.030009e+00 
 2.596847e+00 -1.030014e+00 
 2.597170e+00 -1.030018e+00 
 2.597493e+00 -1.030024e+00 
 2.597816e+00 -1.030031e+00 
 2.598139e+00 -1.030040e+00 
 2.598462e+00 -1.030051e+00 
 2.598785e+00 -1.030063e+00 
 2.599108e+00 -1.030077e+00 
 2.599431e+00 -1.030091e+00 
 2.599754e+00 -1.030107e+00 
 2.600077e+00 -1.030124e+00 
 2.600400e+00 -1.030139e+00 
 2.600723e+00 -1.030153e+00 
 2.601046e+00 -1.030166e+00 
 2.601369e+00 -1.030180e+00 
 2.601692e+00 -1.030196e+00 
 2.602015e+00 -1.030211e+00 
 2.602338e+00 -1.030226e+00 
 2.602661e+00 -1.030241e+00 
 2.602984e+00 -1.030257e+00 
 2.603307e+00 -1.030272e+00 
 2.603630e+00 -1.030286e+00 
 2.603953e+00 -1.030297e+00 
 2.604276e+00 -1.030307e+00 
 2.604599e+00 -1.030315e+00 
 2.604922e+00 -1.030321e+00 
 2.605245e+00 -1.030325e+00 
 2.605568e+00 -1.030327e+00 
 2.605891e+00 -1.030328e+00 
 2.606214e+00 -1.030327e+00 
 2.606537e+00 -1.030329e+00 
 2.606860e+00 -1.030331e+00 
 2.607183e+00 -1.030333e+00 
 2.607506e+00 -1.030334e+00 
 2.607829e+00 -1.030336e+00 
 2.608152e+00 -1.030337e+00 
 2.608475e+00 -1.030339e+00 
 2.608798e+00 -1.030339e+00 
 2.609121e+00 -1.030338e+00 
 2.609444e+00 -1.030336e+00 
 2.609767e+00 -1.030334e+00 
 2.610090e+00 -1.030333e+00 
 2.610413e+00 -1.030331e+00 
 2.610736e+00 -1.030330e+00 
 2.611059e+00 -1.030327e+00 
 2.611382e+00 -1.030325e+00 
 2.611705e+00 -1.030323e+00 
 2.612028e+00 -1.030323e+00 
 2.612351e+00 -1.030321e+00 
 2.612674e+00 -1.030319e+00 
 2.612997e+00 -1.030317e+00 
 2.613320e+00 -1.030314e+00 
 2.613643e+00 -1.030312e+00 
 2.613966e+00 -1.030309e+00 
 2.614289e+00 -1.030305e+00 
 2.614612e+00 -1.030302e+00 
 2.614935e+00 -1.030299e+00 
 2.615258e+00 -1.030297e+00 
 2.615581e+00 -1.030296e+00 
 2.615904e+00 -1.030293e+00 
 2.616227e+00 -1.030290e+00 
 2.616550e+00 -1.030286e+00 
 2.616873e+00 -1.030284e+00 
 2.617196e+00 -1.030282e+00 
 2.617519e+00 -1.030280e+00 
 2.617842e+00 -1.030278e+00 
 2.618165e+00 -1.030277e+00 
 2.618488e+00 -1.030277e+00 
 2.618811e+00 -1.030279e+00 
 2.619134e+00 -1.030281e+00 
 2.619457e+00 -1.030285e+00 
 2.619780e+00 -1.030290e+00 
 2.620103e+00 -1.030296e+00 
 2.620426e+00 -1.030304e+00 
 2.620749e+00 -1.030313e+00 
 2.621072e+00 -1.030321e+00 
 2.621395e+00 -1.030328e+00 
 2.621718e+00 -1.030336e+00 
 2.622041e+00 -1.030345e+00 
 2.622364e+00 -1.030355e+00 
 2.622687e+00 -1.030366e+00 
 2.623010e+00 -1.030377e+00 
 2.623333e+00 -1.030389e+00 
 2.623656e+00 -1.030403e+00 
 2.623979e+00 -1.030418e+00 
 2.624302e+00 -1.030433e+00 
 2.624625e+00 -1.030450e+00 
 2.624948e+00 -1.030466e+00 
 2.625271e+00 -1.030482e+00 
 2.625594e+00 -1.030500e+00 
 2.625917e+00 -1.030518e+00 
 2.626240e+00 -1.030535e+00 
 2.626563e+00 -1.030552e+00 
 2.626886e+00 -1.030570e+00 
 2.627209e+00 -1.030590e+00 
 2.627532e+00 -1.030610e+00 
 2.627855e+00 -1.030630e+00 
 2.628178e+00 -1.030650e+00 
 2.628501e+00 -1.030670e+00 
 2.628824e+00 -1.030689e+00 
 2.629146e+00 -1.030708e+00 
 2.629469e+00 -1.030725e+00 
 2.629792e+00 -1.030740e+00 
 2.630115e+00 -1.030754e+00 
 2.630438e+00 -1.030767e+00 
 2.630761e+00 -1.030780e+00 
 2.631084e+00 -1.030795e+00 
 2.631407e+00 -1.030808e+00 
 2.631730e+00 -1.030821e+00 
 2.632053e+00 -1.030835e+00 
 2.632376e+00 -1.030848e+00 
 2.632699e+00 -1.030861e+00 
 2.633022e+00 -1.030873e+00 
 2.633345e+00 -1.030883e+00 
 2.633668e+00 -1.030891e+00 
 2.633991e+00 -1.030898e+00 
 2.634314e+00 -1.030904e+00 
 2.634637e+00 -1.030910e+00 
 2.634960e+00 -1.030914e+00 
 2.635283e+00 -1.030918e+00 
 2.635606e+00 -1.030921e+00 
 2.635929e+00 -1.030926e+00 
 2.636252e+00 -1.030931e+00 
 2.636575e+00 -1.030935e+00 
 2.636898e+00 -1.030938e+00 
 2.637221e+00 -1.030940e+00 
 2.637544e+00 -1.030941e+00 
 2.637867e+00 -1.030942e+00 
 2.638190e+00 -1.030940e+00 
 2.638513e+00 -1.030938e+00 
 2.638836e+00 -1.030935e+00 
 2.639159e+00 -1.030932e+00 
 2.639482e+00 -1.030929e+00 
 2.639805e+00 -1.030927e+00 
 2.640128e+00 -1.030925e+00 
 2.640451e+00 -1.030924e+00 
 2.640774e+00 -1.030922e+00 
 2.641097e+00 -1.030922e+00 
 2.641420e+00 -1.030923e+00 
 2.641743e+00 -1.030923e+00 
 2.642066e+00 -1.030923e+00 
 2.642389e+00 -1.030923e+00 
 2.642712e+00 -1.030926e+00 
 2.643035e+00 -1.030929e+00 
 2.643358e+00 -1.030934e+00 
 2.643681e+00 -1.030940e+00 
 2.644004e+00 -1.030948e+00 
 2.644327e+00 -1.030958e+00 
 2.644650e+00 -1.030970e+00 
 2.644973e+00 -1.030982e+00 
 2.645296e+00 -1.030996e+00 
 2.645619e+00 -1.031012e+00 
 2.645942e+00 -1.031027e+00 
 2.646265e+00 -1.031043e+00 
 2.646588e+00 -1.031059e+00 
 2.646911e+00 -1.031076e+00 
 2.647234e+00 -1.031092e+00 
 2.647557e+00 -1.031109e+00 
 2.647880e+00 -1.031127e+00 
 2.648203e+00 -1.031145e+00 
 2.648526e+00 -1.031163e+00 
 2.648849e+00 -1.031181e+00 
 2.649172e+00 -1.031198e+00 
 2.649495e+00 -1.031216e+00 
 2.649818e+00 -1.031234e+00 
 2.650141e+00 -1.031252e+00 
 2.650464e+00 -1.031270e+00 
 2.650787e+00 -1.031288e+00 
 2.651110e+00 -1.031305e+00 
 2.651433e+00 -1.031323e+00 
 2.651756e+00 -1.031340e+00 
 2.652079e+00 -1.031356e+00 
 2.652402e+00 -1.031371e+00 
 2.652725e+00 -1.031386e+00 
 2.653048e+00 -1.031401e+00 
 2.653371e+00 -1.031415e+00 
 2.653694e+00 -1.031427e+00 
 2.654017e+00 -1.031439e+00 
 2.654340e+00 -1.031449e+00 
 2.654663e+00 -1.031459e+00 
 2.654986e+00 -1.031468e+00 
 2.655309e+00 -1.031476e+00 
 2.655632e+00 -1.031484e+00 
 2.655955e+00 -1.031492e+00 
 2.656278e+00 -1.031498e+00 
 2.656601e+00 -1.031503e+00 
 2.656924e+00 -1.031508e+00 
 2.657247e+00 -1.031512e+00 
 2.657570e+00 -1.031514e+00 
 2.657893e+00 -1.031515e+00 
 2.658216e+00 -1.031516e+00 
 2.658539e+00 -1.031516e+00 
 2.658862e+00 -1.031515e+00 
 2.659185e+00 -1.031514e+00 
 2.659508e+00 -1.031512e+00 
 2.659831e+00 -1.031510e+00 
 2.660154e+00 -1.031507e+00 
 2.660477e+00 -1.031505e+00 
 2.660800e+00 -1.031504e+00 
 2.661123e+00 -1.031503e+00 
 2.661446e+00 -1.031500e+00 
 2.661769e+00 -1.031498e+00 
 2.662092e+00 -1.031497e+00 
 2.662415e+00 -1.031494e+00 
 2.662738e+00 -1.031492e+00 
 2.663061e+00 -1.031489e+00 
 2.663384e+00 -1.031487e+00 
 2.663707e+00 -1.031485e+00 
 2.664030e+00 -1.031482e+00 
 2.664353e+00 -1.031479e+00 
 2.664676e+00 -1.031475e+00 
 2.664998e+00 -1.031472e+00 
 2.665321e+00 -1.031468e+00 
 2.665644e+00 -1.031463e+00 
 2.665967e+00 -1.031459e+00 
 2.666290e+00 -1.031454e+00 
 2.666613e+00 -1.031449e+00 
 2.666936e+00 -1.031443e+00 
 2.667259e+00 -1.031437e+00 
 2.667582e+00 -1.031431e+00 
 2.667905e+00 -1.031425e+00 
 2.668228e+00 -1.031420e+00 
 2.668551e+00 -1.031416e+00 
 2.668874e+00 -1.031413e+00 
 2.669197e+00 -1.031410e+00 
 2.669520e+00 -1.031409e+00 
 2.669843e+00 -1.031408e+00 
 2.670166e+00 -1.031408e+00 
 2.670489e+00 -1.031408e+00 
 2.670812e+00 -1.031409e+00 
 2.671135e+00 -1.031411e+00 
 2.671458e+00 -1.031413e+00 
 2.671781e+00 -1.031415e+00 
 2.672104e+00 -1.031418e+00 
 2.672427e+00 -1.031421e+00 
 2.672750e+00 -1.031425e+00 
 2.673073e+00 -1.031430e+00 
 2.673396e+00 -1.031436e+00 
 2.673719e+00 -1.031443e+00 
 2.674042e+00 -1.031451e+00 
 2.674365e+00 -1.031459e+00 
 2.674688e+00 -1.031468e+00 
 2.675011e+00 -1.031477e+00 
 2.675334e+00 -1.031486e+00 
 2.675657e+00 -1.031495e+00 
 2.675980e+00 -1.031504e+00 
 2.676303e+00 -1.031513e+00 
 2.676626e+00 -1.031523e+00 
 2.676949e+00 -1.031533e+00 
 2.677272e+00 -1.031543e+00 
 2.677595e+00 -1.031553e+00 
 2.677918e+00 -1.031563e+00 
 2.678241e+00 -1.031573e+00 
 2.678564e+00 -1.031584e+00 
 2.678887e+00 -1.031595e+00 
 2.679210e+00 -1.031606e+00 
 2.679533e+00 -1.031616e+00 
 2.679856e+00 -1.031627e+00 
 2.680179e+00 -1.031637e+00 
 2.680502e+00 -1.031645e+00 
 2.680825e+00 -1.031653e+00 
 2.681148e+00 -1.031660e+00 
 2.681471e+00 -1.031668e+00 
 2.681794e+00 -1.031676e+00 
 2.682117e+00 -1.031682e+00 
 2.682440e+00 -1.031688e+00 
 2.682763e+00 -1.031694e+00 
 2.683086e+00 -1.031698e+00 
 2.683409e+00 -1.031702e+00 
 2.683732e+00 -1.031705e+00 
 2.684055e+00 -1.031707e+00 
 2.684378e+00 -1.031708e+00 
 2.684701e+00 -1.031708e+00 
 2.685024e+00 -1.031708e+00 
 2.685347e+00 -1.031706e+00 
 2.685670e+00 -1.031703e+00 
 2.685993e+00 -1.031699e+00 
 2.686316e+00 -1.031696e+00 
 2.686639e+00 -1.031693e+00 
 2.686962e+00 -1.031691e+00 
 2.687285e+00 -1.031686e+00 
 2.687608e+00 -1.031682e+00 
 2.687931e+00 -1.031677e+00 
 2.688254e+00 -1.031672e+00 
 2.688577e+00 -1.031667e+00 
 2.688900e+00 -1.031661e+00 
 2.689223e+00 -1.031656e+00 
 2.689546e+00 -1.031650e+00 
 2.689869e+00 -1.031644e+00 
 2.690192e+00 -1.031639e+00 
 2.690515e+00 -1.031634e+00 
 2.690838e+00 -1.031628e+00 
 2.691161e+00 -1.031622e+00 
 2.691484e+00 -1.031616e+00 
 2.691807e+00 -1.031611e+00 
 2.692130e+00 -1.031606e+00 
 2.692453e+00 -1.031601e+00 
 2.692776e+00 -1.031597e+00 
 2.693099e+00 -1.031593e+00 
 2.693422e+00 -1.031590e+00 
 2.693745e+00 -1.031587e+00 
 2.694068e+00 -1.031586e+00 
 2.694391e+00 -1.031585e+00 
 2.694714e+00 -1.031586e+00 
 2.695037e+00 -1.031588e+00 
 2.695360e+00 -1.031592e+00 
 2.695683e+00 -1.031597e+00 
 2.696006e+00 -1.031602e+00 
 2.696329e+00 -1.031608e+00 
 2.696652e+00 -1.031616e+00 
 2.696975e+00 -1.031624e+00 
 2.697298e+00 -1.031635e+00 
 2.697621e+00 -1.031646e+00 
 2.697944e+00 -1.031658e+00 
 2.698267e+00 -1.031671e+00 
 2.698590e+00 -1.031685e+00 
 2.698913e+00 -1.031701e+00 
 2.699236e+00 -1.031716e+00 
 2.699559e+00 -1.031733e+00 
 2.699882e+00 -1.031750e+00 
 2.700205e+00 -1.031768e+00 
 2.700528e+00 -1.031786e+00 
 2.700850e+00 -1.031804e+00 
 2.701173e+00 -1.031821e+00 
 2.701496e+00 -1.031838e+00 
 2.701819e+00 -1.031855e+00 
 2.702142e+00 -1.031873e+00 
 2.702465e+00 -1.031892e+00 
 2.702788e+00 -1.031911e+00 
 2.703111e+00 -1.031928e+00 
 2.703434e+00 -1.031946e+00 
 2.703757e+00 -1.031963e+00 
 2.704080e+00 -1.031979e+00 
 2.704403e+00 -1.031995e+00 
 2.704726e+00 -1.032010e+00 
 2.705049e+00 -1.032023e+00 
 2.705372e+00 -1.032036e+00 
 2.705695e+00 -1.032049e+00 
 2.706018e+00 -1.032062e+00 
 2.706341e+00 -1.032073e+00 
 2.706664e+00 -1.032084e+00 
 2.706987e+00 -1.032096e+00 
 2.707310e+00 -1.032107e+00 
 2.707633e+00 -1.032118e+00 
 2.707956e+00 -1.032128e+00 
 2.708279e+00 -1.032137e+00 
 2.708602e+00 -1.032145e+00 
 2.708925e+00 -1.032152e+00 
 2.709248e+00 -1.032157e+00 
 2.709571e+00 -1.032162e+00 
 2.709894e+00 -1.032165e+00 
 2.710217e+00 -1.032167e+00 
 2.710540e+00 -1.032169e+00 
 2.710863e+00 -1.032172e+00 
 2.711186e+00 -1.032174e+00 
 2.711509e+00 -1.032176e+00 
 2.711832e+00 -1.032178e+00 
 2.712155e+00 -1.032181e+00 
 2.712478e+00 -1.032183e+00 
 2.712801e+00 -1.032185e+00 
 2.713124e+00 -1.032187e+00 
 2.713447e+00 -1.032188e+00 
 2.713770e+00 -1.032188e+00 
 2.714093e+00 -1.032188e+00 
 2.714416e+00 -1.032188e+00 
 2.714739e+00 -1.032187e+00 
 2.715062e+00 -1.032187e+00 
 2.715385e+00 -1.032187e+00 
 2.715708e+00 -1.032187e+00 
 2.716031e+00 -1.032187e+00 
 2.716354e+00 -1.032188e+00 
 2.716677e+00 -1.032188e+00 
 2.717000e+00 -1.032188e+00 
 2.717323e+00 -1.032188e+00 
 2.717646e+00 -1.032188e+00 
 2.717969e+00 -1.032188e+00 
 2.718292e+00 -1.032188e+00 
 2.718615e+00 -1.032189e+00 
 2.718938e+00 -1.032189e+00 
 2.719261e+00 -1.032190e+00 
 2.719584e+00 -1.032193e+00 
 2.719907e+00 -1.032195e+00 
 2.720230e+00 -1.032199e+00 
 2.720553e+00 -1.032204e+00 
 2.720876e+00 -1.032209e+00 
 2.721199e+00 -1.032216e+00 
 2.721522e+00 -1.032224e+00 
 2.721845e+00 -1.032231e+00 
 2.722168e+00 -1.032240e+00 
 2.722491e+00 -1.032249e+00 
 2.722814e+00 -1.032260e+00 
 2.723137e+00 -1.032272e+00 
 2.723460e+00 -1.032284e+00 
 2.723783e+00 -1.032298e+00 
 2.724106e+00 -1.032313e+00 
 2.724429e+00 -1.032329e+00 
 2.724752e+00 -1.032346e+00 
 2.725075e+00 -1.032364e+00 
 2.725398e+00 -1.032382e+00 
 2.725721e+00 -1.032400e+00 
 2.726044e+00 -1.032418e+00 
 2.726367e+00 -1.032436e+00 
 2.726690e+00 -1.032454e+00 
 2.727013e+00 -1.032472e+00 
 2.727336e+00 -1.032490e+00 
 2.727659e+00 -1.032507e+00 
 2.727982e+00 -1.032525e+00 
 2.728305e+00 -1.032543e+00 
 2.728628e+00 -1.032560e+00 
 2.728951e+00 -1.032577e+00 
 2.729274e+00 -1.032594e+00 
 2.729597e+00 -1.032610e+00 
 2.729920e+00 -1.032626e+00 
 2.730243e+00 -1.032642e+00 
 2.730566e+00 -1.032656e+00 
 2.730889e+00 -1.032671e+00 
 2.731212e+00 -1.032685e+00 
 2.731535e+00 -1.032700e+00 
 2.731858e+00 -1.032714e+00 
 2.732181e+00 -1.032727e+00 
 2.732504e+00 -1.032739e+00 
 2.732827e+00 -1.032750e+00 
 2.733150e+00 -1.032761e+00 
 2.733473e+00 -1.032770e+00 
 2.733796e+00 -1.032778e+00 
 2.734119e+00 -1.032784e+00 
 2.734442e+00 -1.032790e+00 
 2.734765e+00 -1.032794e+00 
 2.735088e+00 -1.032798e+00 
 2.735411e+00 -1.032801e+00 
 2.735734e+00 -1.032803e+00 
 2.736057e+00 -1.032804e+00 
 2.736380e+00 -1.032805e+00 
 2.736702e+00 -1.032805e+00 
 2.737025e+00 -1.032804e+00 
 2.737348e+00 -1.032802e+00 
 2.737671e+00 -1.032798e+00 
 2.737994e+00 -1.032794e+00 
 2.738317e+00 -1.032789e+00 
 2.738640e+00 -1.032783e+00 
 2.738963e+00 -1.032776e+00 
 2.739286e+00 -1.032768e+00 
 2.739609e+00 -1.032761e+00 
 2.739932e+00 -1.032754e+00 
 2.740255e+00 -1.032747e+00 
 2.740578e+00 -1.032742e+00 
 2.740901e+00 -1.032736e+00 
 2.741224e+00 -1.032731e+00 
 2.741547e+00 -1.032726e+00 
 2.741870e+00 -1.032720e+00 
 2.742193e+00 -1.032714e+00 
 2.742516e+00 -1.032708e+00 
 2.742839e+00 -1.032703e+00 
 2.743162e+00 -1.032698e+00 
 2.743485e+00 -1.032694e+00 
 2.743808e+00 -1.032690e+00 
 2.744131e+00 -1.032688e+00 
 2.744454e+00 -1.032687e+00 
 2.744777e+00 -1.032687e+00 
 2.745100e+00 -1.032688e+00 
 2.745423e+00 -1.032692e+00 
 2.745746e+00 -1.032696e+00 
 2.746069e+00 -1.032700e+00 
 2.746392e+00 -1.032704e+00 
 2.746715e+00 -1.032709e+00 
 2.747038e+00 -1.032715e+00 
 2.747361e+00 -1.032721e+00 
 2.747684e+00 -1.032728e+00 
 2.748007e+00 -1.032737e+00 
 2.748330e+00 -1.032747e+00 
 2.748653e+00 -1.032758e+00 
 2.748976e+00 -1.032771e+00 
 2.749299e+00 -1.032785e+00 
 2.749622e+00 -1.032799e+00 
 2.749945e+00 -1.032814e+00 
 2.750268e+00 -1.032830e+00 
 2.750591e+00 -1.032848e+00 
 2.750914e+00 -1.032865e+00 
 2.751237e+00 -1.032881e+00 
 2.751560e+00 -1.032897e+00 
 2.751883e+00 -1.032913e+00 
 2.752206e+00 -1.032930e+00 
 2.752529e+00 -1.032946e+00 
 2.752852e+00 -1.032962e+00 
 2.753175e+00 -1.032979e+00 
 2.753498e+00 -1.032995e+00 
 2.753821e+00 -1.033012e+00 
 2.754144e+00 -1.033028e+00 
 2.754467e+00 -1.033045e+00 
 2.754790e+00 -1.033060e+00 
 2.755113e+00 -1.033074e+00 
 2.755436e+00 -1.033088e+00 
 2.755759e+00 -1.033101e+00 
 2.756082e+00 -1.033115e+00 
 2.756405e+00 -1.033128e+00 
 2.756728e+00 -1.033140e+00 
 2.757051e+00 -1.033152e+00 
 2.757374e+00 -1.033163e+00 
 2.757697e+00 -1.033174e+00 
 2.758020e+00 -1.033184e+00 
 2.758343e+00 -1.033193e+00 
 2.758666e+00 -1.033202e+00 
 2.758989e+00 -1.033210e+00 
 2.759312e+00 -1.033217e+00 
 2.759635e+00 -1.033223e+00 
 2.759958e+00 -1.033228e+00 
 2.760281e+00 -1.033231e+00 
 2.760604e+00 -1.033232e+00 
 2.760927e+00 -1.033234e+00 
 2.761250e+00 -1.033236e+00 
 2.761573e+00 -1.033236e+00 
 2.761896e+00 -1.033235e+00 
 2.762219e+00 -1.033234e+00 
 2.762542e+00 -1.033233e+00 
 2.762865e+00 -1.033230e+00 
 2.763188e+00 -1.033227e+00 
 2.763511e+00 -1.033224e+00 
 2.763834e+00 -1.033220e+00 
 2.764157e+00 -1.033215e+00 
 2.764480e+00 -1.033210e+00 
 2.764803e+00 -1.033205e+00 
 2.765126e+00 -1.033199e+00 
 2.765449e+00 -1.033191e+00 
 2.765772e+00 -1.033183e+00 
 2.766095e+00 -1.033177e+00 
 2.766418e+00 -1.033172e+00 
 2.766741e+00 -1.033167e+00 
 2.767064e+00 -1.033162e+00 
 2.767387e+00 -1.033158e+00 
 2.767710e+00 -1.033154e+00 
 2.768033e+00 -1.033151e+00 
 2.768356e+00 -1.033148e+00 
 2.768679e+00 -1.033146e+00 
 2.769002e+00 -1.033145e+00 
 2.769325e+00 -1.033144e+00 
 2.769648e+00 -1.033144e+00 
 2.769971e+00 -1.033145e+00 
 2.770294e+00 -1.033147e+00 
 2.770617e+00 -1.033147e+00 
 2.770940e+00 -1.033147e+00 
 2.771263e+00 -1.033149e+00 
 2.771586e+00 -1.033153e+00 
 2.771909e+00 -1.033157e+00 
 2.772232e+00 -1.033161e+00 
 2.772554e+00 -1.033167e+00 
 2.772877e+00 -1.033173e+00 
 2.773200e+00 -1.033181e+00 
 2.773523e+00 -1.033189e+00 
 2.773846e+00 -1.033199e+00 
 2.774169e+00 -1.033209e+00 
 2.774492e+00 -1.033221e+00 
 2.774815e+00 -1.033234e+00 
 2.775138e+00 -1.033248e+00 
 2.775461e+00 -1.033261e+00 
 2.775784e+00 -1.033274e+00 
 2.776107e+00 -1.033287e+00 
 2.776430e+00 -1.033302e+00 
 2.776753e+00 -1.033318e+00 
 2.777076e+00 -1.033333e+00 
 2.777399e+00 -1.033349e+00 
 2.777722e+00 -1.033366e+00 
 2.778045e+00 -1.033383e+00 
 2.778368e+00 -1.033401e+00 
 2.778691e+00 -1.033418e+00 
 2.779014e+00 -1.033436e+00 
 2.779337e+00 -1.033454e+00 
 2.779660e+00 -1.033472e+00 
 2.779983e+00 -1.033491e+00 
 2.780306e+00 -1.033508e+00 
 2.780629e+00 -1.033526e+00 
 2.780952e+00 -1.033541e+00 
 2.781275e+00 -1.033555e+00 
 2.781598e+00 -1.033571e+00 
 2.781921e+00 -1.033587e+00 
 2.782244e+00 -1.033603e+00 
 2.782567e+00 -1.033618e+00 
 2.782890e+00 -1.033633e+00 
 2.783213e+00 -1.033647e+00 
 2.783536e+00 -1.033660e+00 
 2.783859e+00 -1.033673e+00 
 2.784182e+00 -1.033685e+00 
 2.784505e+00 -1.033694e+00 
 2.784828e+00 -1.033704e+00 
 2.785151e+00 -1.033712e+00 
 2.785474e+00 -1.033719e+00 
 2.785797e+00 -1.033725e+00 
 2.786120e+00 -1.033728e+00 
 2.786443e+00 -1.033730e+00 
 2.786766e+00 -1.033733e+00 
 2.787089e+00 -1.033736e+00 
 2.787412e+00 -1.033737e+00 
 2.787735e+00 -1.033737e+00 
 2.788058e+00 -1.033736e+00 
 2.788381e+00 -1.033734e+00 
 2.788704e+00 -1.033731e+00 
 2.789027e+00 -1.033727e+00 
 2.789350e+00 -1.033721e+00 
 2.789673e+00 -1.033714e+00 
 2.789996e+00 -1.033707e+00 
 2.790319e+00 -1.033700e+00 
 2.790642e+00 -1.033694e+00 
 2.790965e+00 -1.033687e+00 
 2.791288e+00 -1.033679e+00 
 2.791611e+00 -1.033672e+00 
 2.791934e+00 -1.033667e+00 
 2.792257e+00 -1.033663e+00 
 2.792580e+00 -1.033659e+00 
 2.792903e+00 -1.033656e+00 
 2.793226e+00 -1.033653e+00 
 2.793549e+00 -1.033650e+00 
 2.793872e+00 -1.033647e+00 
 2.794195e+00 -1.033646e+00 
 2.794518e+00 -1.033644e+00 
 2.794841e+00 -1.033643e+00 
 2.795164e+00 -1.033643e+00 
 2.795487e+00 -1.033646e+00 
 2.795810e+00 -1.033651e+00 
 2.796133e+00 -1.033655e+00 
 2.796456e+00 -1.033660e+00 
 2.796779e+00 -1.033666e+00 
 2.797102e+00 -1.033674e+00 
 2.797425e+00 -1.033683e+00 
 2.797748e+00 -1.033693e+00 
 2.798071e+00 -1.033702e+00 
 2.798394e+00 -1.033713e+00 
 2.798717e+00 -1.033724e+00 
 2.799040e+00 -1.033736e+00 
 2.799363e+00 -1.033749e+00 
 2.799686e+00 -1.033762e+00 
 2.800009e+00 -1.033777e+00 
 2.800332e+00 -1.033793e+00 
 2.800655e+00 -1.033811e+00 
 2.800978e+00 -1.033830e+00 
 2.801301e+00 -1.033849e+00 
 2.801624e+00 -1.033868e+00 
 2.801947e+00 -1.033887e+00 
 2.802270e+00 -1.033907e+00 
 2.802593e+00 -1.033928e+00 
 2.802916e+00 -1.033948e+00 
 2.803239e+00 -1.033968e+00 
 2.803562e+00 -1.033987e+00 
 2.803885e+00 -1.034008e+00 
 2.804208e+00 -1.034028e+00 
 2.804531e+00 -1.034049e+00 
 2.804854e+00 -1.034069e+00 
 2.805177e+00 -1.034088e+00 
 2.805500e+00 -1.034108e+00 
 2.805823e+00 -1.034129e+00 
 2.806146e+00 -1.034149e+00 
 2.806469e+00 -1.034167e+00 
 2.806792e+00 -1.034184e+00 
 2.807115e+00 -1.034200e+00 
 2.807438e+00 -1.034216e+00 
 2.807761e+00 -1.034232e+00 
 2.808084e+00 -1.034247e+00 
 2.808406e+00 -1.034261e+00 
 2.808729e+00 -1.034274e+00 
 2.809052e+00 -1.034286e+00 
 2.809375e+00 -1.034298e+00 
 2.809698e+00 -1.034309e+00 
 2.810021e+00 -1.034319e+00 
 2.810344e+00 -1.034327e+00 
 2.810667e+00 -1.034334e+00 
 2.810990e+00 -1.034343e+00 
 2.811313e+00 -1.034350e+00 
 2.811636e+00 -1.034356e+00 
 2.811959e+00 -1.034361e+00 
 2.812282e+00 -1.034366e+00 
 2.812605e+00 -1.034370e+00 
 2.812928e+00 -1.034375e+00 
 2.813251e+00 -1.034378e+00 
 2.813574e+00 -1.034380e+00 
 2.813897e+00 -1.034381e+00 
 2.814220e+00 -1.034382e+00 
 2.814543e+00 -1.034382e+00 
 2.814866e+00 -1.034382e+00 
 2.815189e+00 -1.034381e+00 
 2.815512e+00 -1.034379e+00 
 2.815835e+00 -1.034378e+00 
 2.816158e+00 -1.034379e+00 
 2.816481e+00 -1.034379e+00 
 2.816804e+00 -1.034380e+00 
 2.817127e+00 -1.034379e+00 
 2.817450e+00 -1.034379e+00 
 2.817773e+00 -1.034380e+00 
 2.818096e+00 -1.034381e+00 
 2.818419e+00 -1.034383e+00 
 2.818742e+00 -1.034384e+00 
 2.819065e+00 -1.034385e+00 
 2.819388e+00 -1.034387e+00 
 2.819711e+00 -1.034389e+00 
 2.820034e+00 -1.034393e+00 
 2.820357e+00 -1.034398e+00 
 2.820680e+00 -1.034404e+00 
 2.821003e+00 -1.034410e+00 
 2.821326e+00 -1.034418e+00 
 2.821649e+00 -1.034427e+00 
 2.821972e+00 -1.034435e+00 
 2.822295e+00 -1.034442e+00 
 2.822618e+00 -1.034451e+00 
 2.822941e+00 -1.034459e+00 
 2.823264e+00 -1.034469e+00 
 2.823587e+00 -1.034480e+00 
 2.823910e+00 -1.034490e+00 
 2.824233e+00 -1.034502e+00 
 2.824556e+00 -1.034516e+00 
 2.824879e+00 -1.034531e+00 
 2.825202e+00 -1.034548e+00 
 2.825525e+00 -1.034566e+00 
 2.825848e+00 -1.034585e+00 
 2.826171e+00 -1.034603e+00 
 2.826494e+00 -1.034622e+00 
 2.826817e+00 -1.034642e+00 
 2.827140e+00 -1.034661e+00 
 2.827463e+00 -1.034680e+00 
 2.827786e+00 -1.034700e+00 
 2.828109e+00 -1.034721e+00 
 2.828432e+00 -1.034743e+00 
 2.828755e+00 -1.034766e+00 
 2.829078e+00 -1.034790e+00 
 2.829401e+00 -1.034814e+00 
 2.829724e+00 -1.034839e+00 
 2.830047e+00 -1.034865e+00 
 2.830370e+00 -1.034891e+00 
 2.830693e+00 -1.034918e+00 
 2.831016e+00 -1.034943e+00 
 2.831339e+00 -1.034966e+00 
 2.831662e+00 -1.034989e+00 
 2.831985e+00 -1.035011e+00 
 2.832308e+00 -1.035032e+00 
 2.832631e+00 -1.035052e+00 
 2.832954e+00 -1.035072e+00 
 2.833277e+00 -1.035092e+00 
 2.833600e+00 -1.035111e+00 
 2.833923e+00 -1.035130e+00 
 2.834246e+00 -1.035148e+00 
 2.834569e+00 -1.035164e+00 
 2.834892e+00 -1.035179e+00 
 2.835215e+00 -1.035193e+00 
 2.835538e+00 -1.035207e+00 
 2.835861e+00 -1.035220e+00 
 2.836184e+00 -1.035231e+00 
 2.836507e+00 -1.035240e+00 
 2.836830e+00 -1.035249e+00 
 2.837153e+00 -1.035257e+00 
 2.837476e+00 -1.035264e+00 
 2.837799e+00 -1.035270e+00 
 2.838122e+00 -1.035275e+00 
 2.838445e+00 -1.035279e+00 
 2.838768e+00 -1.035283e+00 
 2.839091e+00 -1.035286e+00 
 2.839414e+00 -1.035287e+00 
 2.839737e+00 -1.035286e+00 
 2.840060e+00 -1.035285e+00 
 2.840383e+00 -1.035284e+00 
 2.840706e+00 -1.035284e+00 
 2.841029e+00 -1.035284e+00 
 2.841352e+00 -1.035283e+00 
 2.841675e+00 -1.035281e+00 
 2.841998e+00 -1.035280e+00 
 2.842321e+00 -1.035278e+00 
 2.842644e+00 -1.035276e+00 
 2.842967e+00 -1.035273e+00 
 2.843290e+00 -1.035270e+00 
 2.843613e+00 -1.035268e+00 
 2.843936e+00 -1.035265e+00 
 2.844258e+00 -1.035264e+00 
 2.844581e+00 -1.035262e+00 
 2.844904e+00 -1.035261e+00 
 2.845227e+00 -1.035260e+00 
 2.845550e+00 -1.035261e+00 
 2.845873e+00 -1.035263e+00 
 2.846196e+00 -1.035267e+00 
 2.846519e+00 -1.035270e+00 
 2.846842e+00 -1.035273e+00 
 2.847165e+00 -1.035276e+00 
 2.847488e+00 -1.035280e+00 
 2.847811e+00 -1.035285e+00 
 2.848134e+00 -1.035289e+00 
 2.848457e+00 -1.035296e+00 
 2.848780e+00 -1.035303e+00 
 2.849103e+00 -1.035312e+00 
 2.849426e+00 -1.035322e+00 
 2.849749e+00 -1.035333e+00 
 2.850072e+00 -1.035345e+00 
 2.850395e+00 -1.035357e+00 
 2.850718e+00 -1.035370e+00 
 2.851041e+00 -1.035384e+00 
 2.851364e+00 -1.035398e+00 
 2.851687e+00 -1.035412e+00 
 2.852010e+00 -1.035426e+00 
 2.852333e+00 -1.035440e+00 
 2.852656e+00 -1.035455e+00 
 2.852979e+00 -1.035471e+00 
 2.853302e+00 -1.035488e+00 
 2.853625e+00 -1.035506e+00 
 2.853948e+00 -1.035524e+00 
 2.854271e+00 -1.035544e+00 
 2.854594e+00 -1.035564e+00 
 2.854917e+00 -1.035583e+00 
 2.855240e+00 -1.035602e+00 
 2.855563e+00 -1.035618e+00 
 2.855886e+00 -1.035634e+00 
 2.856209e+00 -1.035650e+00 
 2.856532e+00 -1.035666e+00 
 2.856855e+00 -1.035681e+00 
 2.857178e+00 -1.035695e+00 
 2.857501e+00 -1.035710e+00 
 2.857824e+00 -1.035724e+00 
 2.858147e+00 -1.035738e+00 
 2.858470e+00 -1.035752e+00 
 2.858793e+00 -1.035766e+00 
 2.859116e+00 -1.035778e+00 
 2.859439e+00 -1.035790e+00 
 2.859762e+00 -1.035800e+00 
 2.860085e+00 -1.035810e+00 
 2.860408e+00 -1.035816e+00 
 2.860731e+00 -1.035820e+00 
 2.861054e+00 -1.035825e+00 
 2.861377e+00 -1.035830e+00 
 2.861700e+00 -1.035835e+00 
 2.862023e+00 -1.035840e+00 
 2.862346e+00 -1.035844e+00 
 2.862669e+00 -1.035848e+00 
 2.862992e+00 -1.035851e+00 
 2.863315e+00 -1.035854e+00 
 2.863638e+00 -1.035857e+00 
 2.863961e+00 -1.035858e+00 
 2.864284e+00 -1.035859e+00 
 2.864607e+00 -1.035859e+00 
 2.864930e+00 -1.035858e+00 
 2.865253e+00 -1.035857e+00 
 2.865576e+00 -1.035854e+00 
 2.865899e+00 -1.035851e+00 
 2.866222e+00 -1.035848e+00 
 2.866545e+00 -1.035847e+00 
 2.866868e+00 -1.035846e+00 
 2.867191e+00 -1.035844e+00 
 2.867514e+00 -1.035842e+00 
 2.867837e+00 -1.035840e+00 
 2.868160e+00 -1.035838e+00 
 2.868483e+00 -1.035836e+00 
 2.868806e+00 -1.035833e+00 
 2.869129e+00 -1.035831e+00 
 2.869452e+00 -1.035828e+00 
 2.869775e+00 -1.035826e+00 
 2.870098e+00 -1.035825e+00 
 2.870421e+00 -1.035825e+00 
 2.870744e+00 -1.035825e+00 
 2.871067e+00 -1.035823e+00 
 2.871390e+00 -1.035823e+00 
 2.871713e+00 -1.035825e+00 
 2.872036e+00 -1.035827e+00 
 2.872359e+00 -1.035829e+00 
 2.872682e+00 -1.035831e+00 
 2.873005e+00 -1.035835e+00 
 2.873328e+00 -1.035839e+00 
 2.873651e+00 -1.035845e+00 
 2.873974e+00 -1.035851e+00 
 2.874297e+00 -1.035858e+00 
 2.874620e+00 -1.035866e+00 
 2.874943e+00 -1.035876e+00 
 2.875266e+00 -1.035886e+00 
 2.875589e+00 -1.035898e+00 
 2.875912e+00 -1.035909e+00 
 2.876235e+00 -1.035919e+00 
 2.876558e+00 -1.035931e+00 
 2.876881e+00 -1.035944e+00 
 2.877204e+00 -1.035958e+00 
 2.877527e+00 -1.035973e+00 
 2.877850e+00 -1.035989e+00 
 2.878173e+00 -1.036005e+00 
 2.878496e+00 -1.036023e+00 
 2.878819e+00 -1.036041e+00 
 2.879142e+00 -1.036060e+00 
 2.879465e+00 -1.036079e+00 
 2.879788e+00 -1.036099e+00 
 2.880110e+00 -1.036118e+00 
 2.880433e+00 -1.036138e+00 
 2.880756e+00 -1.036158e+00 
 2.881079e+00 -1.036177e+00 
 2.881402e+00 -1.036195e+00 
 2.881725e+00 -1.036214e+00 
 2.882048e+00 -1.036234e+00 
 2.882371e+00 -1.036254e+00 
 2.882694e+00 -1.036274e+00 
 2.883017e+00 -1.036294e+00 
 2.883340e+00 -1.036313e+00 
 2.883663e+00 -1.036331e+00 
 2.883986e+00 -1.036349e+00 
 2.884309e+00 -1.036365e+00 
 2.884632e+00 -1.036380e+00 
 2.884955e+00 -1.036394e+00 
 2.885278e+00 -1.036407e+00 
 2.885601e+00 -1.036419e+00 
 2.885924e+00 -1.036432e+00 
 2.886247e+00 -1.036444e+00 
 2.886570e+00 -1.036455e+00 
 2.886893e+00 -1.036466e+00 
 2.887216e+00 -1.036477e+00 
 2.887539e+00 -1.036488e+00 
 2.887862e+00 -1.036497e+00 
 2.888185e+00 -1.036505e+00 
 2.888508e+00 -1.036512e+00 
 2.888831e+00 -1.036518e+00 
 2.889154e+00 -1.036524e+00 
 2.889477e+00 -1.036528e+00 
 2.889800e+00 -1.036531e+00 
 2.890123e+00 -1.036533e+00 
 2.890446e+00 -1.036535e+00 
 2.890769e+00 -1.036537e+00 
 2.891092e+00 -1.036540e+00 
 2.891415e+00 -1.036543e+00 
 2.891738e+00 -1.036544e+00 
 2.892061e+00 -1.036546e+00 
 2.892384e+00 -1.036549e+00 
 2.892707e+00 -1.036550e+00 
 2.893030e+00 -1.036551e+00 
 2.893353e+00 -1.036551e+00 
 2.893676e+00 -1.036550e+00 
 2.893999e+00 -1.036549e+00 
 2.894322e+00 -1.036548e+00 
 2.894645e+00 -1.036548e+00 
 2.894968e+00 -1.036547e+00 
 2.895291e+00 -1.036547e+00 
 2.895614e+00 -1.036547e+00 
 2.895937e+00 -1.036548e+00 
 2.896260e+00 -1.036551e+00 
 2.896583e+00 -1.036555e+00 
 2.896906e+00 -1.036558e+00 
 2.897229e+00 -1.036561e+00 
 2.897552e+00 -1.036567e+00 
 2.897875e+00 -1.036572e+00 
 2.898198e+00 -1.036578e+00 
 2.898521e+00 -1.036585e+00 
 2.898844e+00 -1.036592e+00 
 2.899167e+00 -1.036601e+00 
 2.899490e+00 -1.036611e+00 
 2.899813e+00 -1.036622e+00 
 2.900136e+00 -1.036634e+00 
 2.900459e+00 -1.036646e+00 
 2.900782e+00 -1.036659e+00 
 2.901105e+00 -1.036673e+00 
 2.901428e+00 -1.036689e+00 
 2.901751e+00 -1.036705e+00 
 2.902074e+00 -1.036721e+00 
 2.902397e+00 -1.036739e+00 
 2.902720e+00 -1.036757e+00 
 2.903043e+00 -1.036776e+00 
 2.903366e+00 -1.036796e+00 
 2.903689e+00 -1.036815e+00 
 2.904012e+00 -1.036835e+00 
 2.904335e+00 -1.036855e+00 
 2.904658e+00 -1.036877e+00 
 2.904981e+00 -1.036899e+00 
 2.905304e+00 -1.036921e+00 
 2.905627e+00 -1.036943e+00 
 2.905950e+00 -1.036965e+00 
 2.906273e+00 -1.036987e+00 
 2.906596e+00 -1.037009e+00 
 2.906919e+00 -1.037032e+00 
 2.907242e+00 -1.037053e+00 
 2.907565e+00 -1.037075e+00 
 2.907888e+00 -1.037097e+00 
 2.908211e+00 -1.037118e+00 
 2.908534e+00 -1.037139e+00 
 2.908857e+00 -1.037159e+00 
 2.909180e+00 -1.037179e+00 
 2.909503e+00 -1.037198e+00 
 2.909826e+00 -1.037217e+00 
 2.910149e+00 -1.037236e+00 
 2.910472e+00 -1.037254e+00 
 2.910795e+00 -1.037273e+00 
 2.911118e+00 -1.037289e+00 
 2.911441e+00 -1.037305e+00 
 2.911764e+00 -1.037321e+00 
 2.912087e+00 -1.037336e+00 
 2.912410e+00 -1.037349e+00 
 2.912733e+00 -1.037361e+00 
 2.913056e+00 -1.037373e+00 
 2.913379e+00 -1.037383e+00 
 2.913702e+00 -1.037393e+00 
 2.914025e+00 -1.037401e+00 
 2.914348e+00 -1.037409e+00 
 2.914671e+00 -1.037416e+00 
 2.914994e+00 -1.037423e+00 
 2.915317e+00 -1.037429e+00 
 2.915640e+00 -1.037435e+00 
 2.915962e+00 -1.037441e+00 
 2.916285e+00 -1.037445e+00 
 2.916608e+00 -1.037448e+00 
 2.916931e+00 -1.037451e+00 
 2.917254e+00 -1.037453e+00 
 2.917577e+00 -1.037454e+00 
 2.917900e+00 -1.037454e+00 
 2.918223e+00 -1.037455e+00 
 2.918546e+00 -1.037454e+00 
 2.918869e+00 -1.037454e+00 
 2.919192e+00 -1.037452e+00 
 2.919515e+00 -1.037451e+00 
 2.919838e+00 -1.037449e+00 
 2.920161e+00 -1.037448e+00 
 2.920484e+00 -1.037445e+00 
 2.920807e+00 -1.037443e+00 
 2.921130e+00 -1.037442e+00 
 2.921453e+00 -1.037441e+00 
 2.921776e+00 -1.037439e+00 
 2.922099e+00 -1.037438e+00 
 2.922422e+00 -1.037437e+00 
 2.922745e+00 -1.037437e+00 
 2.923068e+00 -1.037437e+00 
 2.923391e+00 -1.037438e+00 
 2.923714e+00 -1.037438e+00 
 2.924037e+00 -1.037440e+00 
 2.924360e+00 -1.037442e+00 
 2.924683e+00 -1.037444e+00 
 2.925006e+00 -1.037447e+00 
 2.925329e+00 -1.037450e+00 
 2.925652e+00 -1.037453e+00 
 2.925975e+00 -1.037458e+00 
 2.926298e+00 -1.037464e+00 
 2.926621e+00 -1.037470e+00 
 2.926944e+00 -1.037477e+00 
 2.927267e+00 -1.037485e+00 
 2.927590e+00 -1.037494e+00 
 2.927913e+00 -1.037503e+00 
 2.928236e+00 -1.037513e+00 
 2.928559e+00 -1.037523e+00 
 2.928882e+00 -1.037534e+00 
 2.929205e+00 -1.037545e+00 
 2.929528e+00 -1.037557e+00 
 2.929851e+00 -1.037569e+00 
 2.930174e+00 -1.037583e+00 
 2.930497e+00 -1.037597e+00 
 2.930820e+00 -1.037611e+00 
 2.931143e+00 -1.037625e+00 
 2.931466e+00 -1.037642e+00 
 2.931789e+00 -1.037658e+00 
 2.932112e+00 -1.037674e+00 
 2.932435e+00 -1.037691e+00 
 2.932758e+00 -1.037708e+00 
 2.933081e+00 -1.037724e+00 
 2.933404e+00 -1.037740e+00 
 2.933727e+00 -1.037757e+00 
 2.934050e+00 -1.037774e+00 
 2.934373e+00 -1.037791e+00 
 2.934696e+00 -1.037809e+00 
 2.935019e+00 -1.037828e+00 
 2.935342e+00 -1.037846e+00 
 2.935665e+00 -1.037865e+00 
 2.935988e+00 -1.037882e+00 
 2.936311e+00 -1.037899e+00 
 2.936634e+00 -1.037916e+00 
 2.936957e+00 -1.037931e+00 
 2.937280e+00 -1.037945e+00 
 2.937603e+00 -1.037959e+00 
 2.937926e+00 -1.037971e+00 
 2.938249e+00 -1.037983e+00 
 2.938572e+00 -1.037995e+00 
 2.938895e+00 -1.038006e+00 
 2.939218e+00 -1.038017e+00 
 2.939541e+00 -1.038028e+00 
 2.939864e+00 -1.038039e+00 
 2.940187e+00 -1.038050e+00 
 2.940510e+00 -1.038060e+00 
 2.940833e+00 -1.038069e+00 
 2.941156e+00 -1.038076e+00 
 2.941479e+00 -1.038082e+00 
 2.941802e+00 -1.038087e+00 
 2.942125e+00 -1.038091e+00 
 2.942448e+00 -1.038095e+00 
 2.942771e+00 -1.038098e+00 
 2.943094e+00 -1.038101e+00 
 2.943417e+00 -1.038104e+00 
 2.943740e+00 -1.038108e+00 
 2.944063e+00 -1.038112e+00 
 2.944386e+00 -1.038115e+00 
 2.944709e+00 -1.038119e+00 
 2.945032e+00 -1.038122e+00 
 2.945355e+00 -1.038124e+00 
 2.945678e+00 -1.038128e+00 
 2.946001e+00 -1.038130e+00 
 2.946324e+00 -1.038131e+00 
 2.946647e+00 -1.038132e+00 
 2.946970e+00 -1.038134e+00 
 2.947293e+00 -1.038137e+00 
 2.947616e+00 -1.038140e+00 
 2.947939e+00 -1.038145e+00 
 2.948262e+00 -1.038151e+00 
 2.948585e+00 -1.038157e+00 
 2.948908e+00 -1.038165e+00 
 2.949231e+00 -1.038172e+00 
 2.949554e+00 -1.038180e+00 
 2.949877e+00 -1.038187e+00 
 2.950200e+00 -1.038195e+00 
 2.950523e+00 -1.038203e+00 
 2.950846e+00 -1.038213e+00 
 2.951169e+00 -1.038224e+00 
 2.951491e+00 -1.038235e+00 
 2.951814e+00 -1.038246e+00 
 2.952137e+00 -1.038260e+00 
 2.952460e+00 -1.038274e+00 
 2.952783e+00 -1.038289e+00 
 2.953106e+00 -1.038305e+00 
 2.953429e+00 -1.038322e+00 
 2.953752e+00 -1.038338e+00 
 2.954075e+00 -1.038355e+00 
 2.954398e+00 -1.038371e+00 
 2.954721e+00 -1.038388e+00 
 2.955044e+00 -1.038404e+00 
 2.955367e+00 -1.038422e+00 
 2.955690e+00 -1.038440e+00 
 2.956013e+00 -1.038460e+00 
 2.956336e+00 -1.038481e+00 
 2.956659e+00 -1.038501e+00 
 2.956982e+00 -1.038521e+00 
 2.957305e+00 -1.038543e+00 
 2.957628e+00 -1.038564e+00 
 2.957951e+00 -1.038585e+00 
 2.958274e+00 -1.038606e+00 
 2.958597e+00 -1.038626e+00 
 2.958920e+00 -1.038646e+00 
 2.959243e+00 -1.038666e+00 
 2.959566e+00 -1.038687e+00 
 2.959889e+00 -1.038708e+00 
 2.960212e+00 -1.038729e+00 
 2.960535e+00 -1.038751e+00 
 2.960858e+00 -1.038773e+00 
 2.961181e+00 -1.038795e+00 
 2.961504e+00 -1.038816e+00 
 2.961827e+00 -1.038836e+00 
 2.962150e+00 -1.038855e+00 
 2.962473e+00 -1.038874e+00 
 2.962796e+00 -1.038892e+00 
 2.963119e+00 -1.038909e+00 
 2.963442e+00 -1.038926e+00 
 2.963765e+00 -1.038942e+00 
 2.964088e+00 -1.038958e+00 
 2.964411e+00 -1.038975e+00 
 2.964734e+00 -1.038991e+00 
 2.965057e+00 -1.039007e+00 
 2.965380e+00 -1.039022e+00 
 2.965703e+00 -1.039036e+00 
 2.966026e+00 -1.039050e+00 
 2.966349e+00 -1.039063e+00 
 2.966672e+00 -1.039074e+00 
 2.966995e+00 -1.039085e+00 
 2.967318e+00 -1.039094e+00 
 2.967641e+00 -1.039104e+00 
 2.967964e+00 -1.039114e+00 
 2.968287e+00 -1.039123e+00 
 2.968610e+00 -1.039133e+00 
 2.968933e+00 -1.039143e+00 
 2.969256e+00 -1.039153e+00 
 2.969579e+00 -1.039163e+00 
 2.969902e+00 -1.039173e+00 
 2.970225e+00 -1.039182e+00 
 2.970548e+00 -1.039190e+00 
 2.970871e+00 -1.039197e+00 
 2.971194e+00 -1.039205e+00 
 2.971517e+00 -1.039212e+00 
 2.971840e+00 -1.039220e+00 
 2.972163e+00 -1.039227e+00 
 2.972486e+00 -1.039234e+00 
 2.972809e+00 -1.039243e+00 
 2.973132e+00 -1.039252e+00 
 2.973455e+00 -1.039261e+00 
 2.973778e+00 -1.039271e+00 
 2.974101e+00 -1.039280e+00 
 2.974424e+00 -1.039289e+00 
 2.974747e+00 -1.039299e+00 
 2.975070e+00 -1.039307e+00 
 2.975393e+00 -1.039315e+00 
 2.975716e+00 -1.039323e+00 
 2.976039e+00 -1.039331e+00 
 2.976362e+00 -1.039341e+00 
 2.976685e+00 -1.039352e+00 
 2.977008e+00 -1.039363e+00 
 2.977331e+00 -1.039374e+00 
 2.977654e+00 -1.039386e+00 
 2.977977e+00 -1.039399e+00 
 2.978300e+00 -1.039413e+00 
 2.978623e+00 -1.039426e+00 
 2.978946e+00 -1.039440e+00 
 2.979269e+00 -1.039453e+00 
 2.979592e+00 -1.039466e+00 
 2.979915e+00 -1.039480e+00 
 2.980238e+00 -1.039494e+00 
 2.980561e+00 -1.039507e+00 
 2.980884e+00 -1.039519e+00 
 2.981207e+00 -1.039534e+00 
 2.981530e+00 -1.039549e+00 
 2.981853e+00 -1.039566e+00 
 2.982176e+00 -1.039582e+00 
 2.982499e+00 -1.039598e+00 
 2.982822e+00 -1.039614e+00 
 2.983145e+00 -1.039631e+00 
 2.983468e+00 -1.039648e+00 
 2.983791e+00 -1.039664e+00 
 2.984114e+00 -1.039679e+00 
 2.984437e+00 -1.039694e+00 
 2.984760e+00 -1.039709e+00 
 2.985083e+00 -1.039724e+00 
 2.985406e+00 -1.039738e+00 
 2.985729e+00 -1.039750e+00 
 2.986052e+00 -1.039763e+00 
 2.986375e+00 -1.039776e+00 
 2.986698e+00 -1.039790e+00 
 2.987021e+00 -1.039803e+00 
 2.987343e+00 -1.039816e+00 
 2.987666e+00 -1.039827e+00 
 2.987989e+00 -1.039838e+00 
 2.988312e+00 -1.039849e+00 
 2.988635e+00 -1.039859e+00 
 2.988958e+00 -1.039867e+00 
 2.989281e+00 -1.039875e+00 
 2.989604e+00 -1.039882e+00 
 2.989927e+00 -1.039889e+00 
 2.990250e+00 -1.039896e+00 
 2.990573e+00 -1.039901e+00 
 2.990896e+00 -1.039904e+00 
 2.991219e+00 -1.039906e+00 
 2.991542e+00 -1.039910e+00 
 2.991865e+00 -1.039913e+00 
 2.992188e+00 -1.039916e+00 
 2.992511e+00 -1.039919e+00 
 2.992834e+00 -1.039920e+00 
 2.993157e+00 -1.039922e+00 
 2.993480e+00 -1.039923e+00 
 2.993803e+00 -1.039924e+00 
 2.994126e+00 -1.039924e+00 
 2.994449e+00 -1.039924e+00 
 2.994772e+00 -1.039924e+00 
 2.995095e+00 -1.039924e+00 
 2.995418e+00 -1.039924e+00 
 2.995741e+00 -1.039924e+00 
 2.996064e+00 -1.039922e+00 
 2.996387e+00 -1.039921e+00 
 2.996710e+00 -1.039921e+00 
 2.997033e+00 -1.039922e+00 
 2.997356e+00 -1.039924e+00 
 2.997679e+00 -1.039925e+00 
 2.998002e+00 -1.039926e+00 
 2.998325e+00 -1.039928e+00 
 2.998648e+00 -1.039929e+00 
 2.998971e+00 -1.039932e+00 
 2.999294e+00 -1.039935e+00 
 2.999617e+00 -1.039937e+00 
 2.999940e+00 -1.039941e+00 
 3.000263e+00 -1.039946e+00 
 3.000586e+00 -1.039952e+00 
 3.000909e+00 -1.039959e+00 
 3.001232e+00 -1.039964e+00 
 3.001555e+00 -1.039970e+00 
 3.001878e+00 -1.039979e+00 
 3.002201e+00 -1.039988e+00 
 3.002524e+00 -1.039998e+00 
 3.002847e+00 -1.040009e+00 
 3.003170e+00 -1.040019e+00 
 3.003493e+00 -1.040030e+00 
 3.003816e+00 -1.040041e+00 
 3.004139e+00 -1.040054e+00 
 3.004462e+00 -1.040067e+00 
 3.004785e+00 -1.040080e+00 
 3.005108e+00 -1.040093e+00 
 3.005431e+00 -1.040109e+00 
 3.005754e+00 -1.040127e+00 
 3.006077e+00 -1.040144e+00 
 3.006400e+00 -1.040160e+00 
 3.006723e+00 -1.040176e+00 
 3.007046e+00 -1.040193e+00 
 3.007369e+00 -1.040211e+00 
 3.007692e+00 -1.040229e+00 
 3.008015e+00 -1.040247e+00 
 3.008338e+00 -1.040264e+00 
 3.008661e+00 -1.040281e+00 
 3.008984e+00 -1.040299e+00 
 3.009307e+00 -1.040317e+00 
 3.009630e+00 -1.040335e+00 
 3.009953e+00 -1.040352e+00 
 3.010276e+00 -1.040370e+00 
 3.010599e+00 -1.040389e+00 
 3.010922e+00 -1.040409e+00 
 3.011245e+00 -1.040428e+00 
 3.011568e+00 -1.040444e+00 
 3.011891e+00 -1.040460e+00 
 3.012214e+00 -1.040477e+00 
 3.012537e+00 -1.040495e+00 
 3.012860e+00 -1.040511e+00 
 3.013183e+00 -1.040527e+00 
 3.013506e+00 -1.040542e+00 
 3.013829e+00 -1.040556e+00 
 3.014152e+00 -1.040571e+00 
 3.014475e+00 -1.040586e+00 
 3.014798e+00 -1.040599e+00 
 3.015121e+00 -1.040612e+00 
 3.015444e+00 -1.040626e+00 
 3.015767e+00 -1.040642e+00 
 3.016090e+00 -1.040657e+00 
 3.016413e+00 -1.040671e+00 
 3.016736e+00 -1.040683e+00 
 3.017059e+00 -1.040696e+00 
 3.017382e+00 -1.040708e+00 
 3.017705e+00 -1.040721e+00 
 3.018028e+00 -1.040734e+00 
 3.018351e+00 -1.040745e+00 
 3.018674e+00 -1.040756e+00 
 3.018997e+00 -1.040767e+00 
 3.019320e+00 -1.040779e+00 
 3.019643e+00 -1.040790e+00 
 3.019966e+00 -1.040801e+00 
 3.020289e+00 -1.040812e+00 
 3.020612e+00 -1.040825e+00 
 3.020935e+00 -1.040839e+00 
 3.021258e+00 -1.040854e+00 
 3.021581e+00 -1.040867e+00 
 3.021904e+00 -1.040880e+00 
 3.022227e+00 -1.040893e+00 
 3.022550e+00 -1.040906e+00 
 3.022873e+00 -1.040919e+00 
 3.023195e+00 -1.040933e+00 
 3.023518e+00 -1.040945e+00 
 3.023841e+00 -1.040958e+00 
 3.024164e+00 -1.040971e+00 
 3.024487e+00 -1.040986e+00 
 3.024810e+00 -1.041002e+00 
 3.025133e+00 -1.041017e+00 
 3.025456e+00 -1.041032e+00 
 3.025779e+00 -1.041049e+00 
 3.026102e+00 -1.041069e+00 
 3.026425e+00 -1.041088e+00 
 3.026748e+00 -1.041106e+00 
 3.027071e+00 -1.041123e+00 
 3.027394e+00 -1.041141e+00 
 3.027717e+00 -1.041159e+00 
 3.028040e+00 -1.041178e+00 
 3.028363e+00 -1.041198e+00 
 3.028686e+00 -1.041218e+00 
 3.029009e+00 -1.041238e+00 
 3.029332e+00 -1.041260e+00 
 3.029655e+00 -1.041283e+00 
 3.029978e+00 -1.041306e+00 
 3.030301e+00 -1.041329e+00 
 3.030624e+00 -1.041352e+00 
 3.030947e+00 -1.041377e+00 
 3.031270e+00 -1.041404e+00 
 3.031593e+00 -1.041429e+00 
 3.031916e+00 -1.041454e+00 
 3.032239e+00 -1.041477e+00 
 3.032562e+00 -1.041500e+00 
 3.032885e+00 -1.041524e+00 
 3.033208e+00 -1.041548e+00 
 3.033531e+00 -1.041573e+00 
 3.033854e+00 -1.041597e+00 
 3.034177e+00 -1.041621e+00 
 3.034500e+00 -1.041646e+00 
 3.034823e+00 -1.041671e+00 
 3.035146e+00 -1.041696e+00 
 3.035469e+00 -1.041720e+00 
 3.035792e+00 -1.041743e+00 
 3.036115e+00 -1.041766e+00 
 3.036438e+00 -1.041789e+00 
 3.036761e+00 -1.041811e+00 
 3.037084e+00 -1.041831e+00 
 3.037407e+00 -1.041850e+00 
 3.037730e+00 -1.041868e+00 
 3.038053e+00 -1.041888e+00 
 3.038376e+00 -1.041907e+00 
 3.038699e+00 -1.041926e+00 
 3.039022e+00 -1.041944e+00 
 3.039345e+00 -1.041962e+00 
 3.039668e+00 -1.041979e+00 
 3.039991e+00 -1.041997e+00 
 3.040314e+00 -1.042014e+00 
 3.040637e+00 -1.042030e+00 
 3.040960e+00 -1.042045e+00 
 3.041283e+00 -1.042059e+00 
 3.041606e+00 -1.042074e+00 
 3.041929e+00 -1.042087e+00 
 3.042252e+00 -1.042099e+00 
 3.042575e+00 -1.042109e+00 
 3.042898e+00 -1.042120e+00 
 3.043221e+00 -1.042131e+00 
 3.043544e+00 -1.042142e+00 
 3.043867e+00 -1.042154e+00 
 3.044190e+00 -1.042164e+00 
 3.044513e+00 -1.042174e+00 
 3.044836e+00 -1.042185e+00 
 3.045159e+00 -1.042195e+00 
 3.045482e+00 -1.042206e+00 
 3.045805e+00 -1.042215e+00 
 3.046128e+00 -1.042223e+00 
 3.046451e+00 -1.042231e+00 
 3.046774e+00 -1.042239e+00 
 3.047097e+00 -1.042247e+00 
 3.047420e+00 -1.042254e+00 
 3.047743e+00 -1.042260e+00 
 3.048066e+00 -1.042267e+00 
 3.048389e+00 -1.042275e+00 
 3.048712e+00 -1.042284e+00 
 3.049035e+00 -1.042293e+00 
 3.049358e+00 -1.042302e+00 
 3.049681e+00 -1.042310e+00 
 3.050004e+00 -1.042319e+00 
 3.050327e+00 -1.042328e+00 
 3.050650e+00 -1.042337e+00 
 3.050973e+00 -1.042345e+00 
 3.051296e+00 -1.042353e+00 
 3.051619e+00 -1.042361e+00 
 3.051942e+00 -1.042370e+00 
 3.052265e+00 -1.042379e+00 
 3.052588e+00 -1.042387e+00 
 3.052911e+00 -1.042396e+00 
 3.053234e+00 -1.042405e+00 
 3.053557e+00 -1.042416e+00 
 3.053880e+00 -1.042428e+00 
 3.054203e+00 -1.042440e+00 
 3.054526e+00 -1.042451e+00 
 3.054849e+00 -1.042461e+00 
 3.055172e+00 -1.042472e+00 
 3.055495e+00 -1.042483e+00 
 3.055818e+00 -1.042493e+00 
 3.056141e+00 -1.042504e+00 
 3.056464e+00 -1.042513e+00 
 3.056787e+00 -1.042524e+00 
 3.057110e+00 -1.042535e+00 
 3.057433e+00 -1.042547e+00 
 3.057756e+00 -1.042558e+00 
 3.058079e+00 -1.042568e+00 
 3.058402e+00 -1.042579e+00 
 3.058725e+00 -1.042591e+00 
 3.059047e+00 -1.042602e+00 
 3.059370e+00 -1.042613e+00 
 3.059693e+00 -1.042622e+00 
 3.060016e+00 -1.042631e+00 
 3.060339e+00 -1.042639e+00 
 3.060662e+00 -1.042647e+00 
 3.060985e+00 -1.042655e+00 
 3.061308e+00 -1.042662e+00 
 3.061631e+00 -1.042669e+00 
 3.061954e+00 -1.042676e+00 
 3.062277e+00 -1.042684e+00 
 3.062600e+00 -1.042691e+00 
 3.062923e+00 -1.042697e+00 
 3.063246e+00 -1.042703e+00 
 3.063569e+00 -1.042709e+00 
 3.063892e+00 -1.042715e+00 
 3.064215e+00 -1.042721e+00 
 3.064538e+00 -1.042726e+00 
 3.064861e+00 -1.042730e+00 
 3.065184e+00 -1.042734e+00 
 3.065507e+00 -1.042737e+00 
 3.065830e+00 -1.042739e+00 
 3.066153e+00 -1.042743e+00 
 3.066476e+00 -1.042746e+00 
 3.066799e+00 -1.042749e+00 
 3.067122e+00 -1.042752e+00 
 3.067445e+00 -1.042756e+00 
 3.067768e+00 -1.042759e+00 
 3.068091e+00 -1.042762e+00 
 3.068414e+00 -1.042764e+00 
 3.068737e+00 -1.042767e+00 
 3.069060e+00 -1.042769e+00 
 3.069383e+00 -1.042772e+00 
 3.069706e+00 -1.042775e+00 
 3.070029e+00 -1.042777e+00 
 3.070352e+00 -1.042779e+00 
 3.070675e+00 -1.042780e+00 
 3.070998e+00 -1.042781e+00 
 3.071321e+00 -1.042783e+00 
 3.071644e+00 -1.042785e+00 
 3.071967e+00 -1.042787e+00 
 3.072290e+00 -1.042789e+00 
 3.072613e+00 -1.042793e+00 
 3.072936e+00 -1.042796e+00 
 3.073259e+00 -1.042799e+00 
 3.073582e+00 -1.042803e+00 
 3.073905e+00 -1.042807e+00 
 3.074228e+00 -1.042812e+00 
 3.074551e+00 -1.042818e+00 
 3.074874e+00 -1.042823e+00 
 3.075197e+00 -1.042828e+00 
 3.075520e+00 -1.042832e+00 
 3.075843e+00 -1.042836e+00 
 3.076166e+00 -1.042841e+00 
 3.076489e+00 -1.042847e+00 
 3.076812e+00 -1.042854e+00 
 3.077135e+00 -1.042861e+00 
 3.077458e+00 -1.042870e+00 
 3.077781e+00 -1.042879e+00 
 3.078104e+00 -1.042889e+00 
 3.078427e+00 -1.042899e+00 
 3.078750e+00 -1.042910e+00 
 3.079073e+00 -1.042921e+00 
 3.079396e+00 -1.042932e+00 
 3.079719e+00 -1.042943e+00 
 3.080042e+00 -1.042955e+00 
 3.080365e+00 -1.042966e+00 
 3.080688e+00 -1.042976e+00 
 3.081011e+00 -1.042986e+00 
 3.081334e+00 -1.042998e+00 
 3.081657e+00 -1.043011e+00 
 3.081980e+00 -1.043025e+00 
 3.082303e+00 -1.043040e+00 
 3.082626e+00 -1.043055e+00 
 3.082949e+00 -1.043072e+00 
 3.083272e+00 -1.043088e+00 
 3.083595e+00 -1.043104e+00 
 3.083918e+00 -1.043119e+00 
 3.084241e+00 -1.043135e+00 
 3.084564e+00 -1.043150e+00 
 3.084887e+00 -1.043165e+00 
 3.085210e+00 -1.043180e+00 
 3.085533e+00 -1.043194e+00 
 3.085856e+00 -1.043209e+00 
 3.086179e+00 -1.043223e+00 
 3.086502e+00 -1.043239e+00 
 3.086825e+00 -1.043256e+00 
 3.087148e+00 -1.043273e+00 
 3.087471e+00 -1.043290e+00 
 3.087794e+00 -1.043307e+00 
 3.088117e+00 -1.043325e+00 
 3.088440e+00 -1.043341e+00 
 3.088763e+00 -1.043356e+00 
 3.089086e+00 -1.043371e+00 
 3.089409e+00 -1.043386e+00 
 3.089732e+00 -1.043400e+00 
 3.090055e+00 -1.043415e+00 
 3.090378e+00 -1.043431e+00 
 3.090701e+00 -1.043447e+00 
 3.091024e+00 -1.043462e+00 
 3.091347e+00 -1.043477e+00 
 3.091670e+00 -1.043493e+00 
 3.091993e+00 -1.043509e+00 
 3.092316e+00 -1.043525e+00 
 3.092639e+00 -1.043541e+00 
 3.092962e+00 -1.043556e+00 
 3.093285e+00 -1.043571e+00 
 3.093608e+00 -1.043585e+00 
 3.093931e+00 -1.043598e+00 
 3.094254e+00 -1.043611e+00 
 3.094577e+00 -1.043624e+00 
 3.094899e+00 -1.043637e+00 
 3.095222e+00 -1.043651e+00 
 3.095545e+00 -1.043666e+00 
 3.095868e+00 -1.043682e+00 
 3.096191e+00 -1.043695e+00 
 3.096514e+00 -1.043709e+00 
 3.096837e+00 -1.043723e+00 
 3.097160e+00 -1.043738e+00 
 3.097483e+00 -1.043752e+00 
 3.097806e+00 -1.043766e+00 
 3.098129e+00 -1.043780e+00 
 3.098452e+00 -1.043793e+00 
 3.098775e+00 -1.043807e+00 
 3.099098e+00 -1.043821e+00 
 3.099421e+00 -1.043835e+00 
 3.099744e+00 -1.043849e+00 
 3.100067e+00 -1.043864e+00 
 3.100390e+00 -1.043880e+00 
 3.100713e+00 -1.043897e+00 
 3.101036e+00 -1.043915e+00 
 3.101359e+00 -1.043931e+00 
 3.101682e+00 -1.043947e+00 
 3.102005e+00 -1.043964e+00 
 3.102328e+00 -1.043981e+00 
 3.102651e+00 -1.043999e+00 
 3.102974e+00 -1.044016e+00 
 3.103297e+00 -1.044034e+00 
 3.103620e+00 -1.044051e+00 
 3.103943e+00 -1.044069e+00 
 3.104266e+00 -1.044086e+00 
 3.104589e+00 -1.044104e+00 
 3.104912e+00 -1.044121e+00 
 3.105235e+00 -1.044139e+00 
 3.105558e+00 -1.044158e+00 
 3.105881e+00 -1.044179e+00 
 3.106204e+00 -1.044199e+00 
 3.106527e+00 -1.044218e+00 
 3.106850e+00 -1.044236e+00 
 3.107173e+00 -1.044255e+00 
 3.107496e+00 -1.044274e+00 
 3.107819e+00 -1.044293e+00 
 3.108142e+00 -1.044311e+00 
 3.108465e+00 -1.044329e+00 
 3.108788e+00 -1.044346e+00 
 3.109111e+00 -1.044364e+00 
 3.109434e+00 -1.044381e+00 
 3.109757e+00 -1.044398e+00 
 3.110080e+00 -1.044415e+00 
 3.110403e+00 -1.044432e+00 
 3.110726e+00 -1.044450e+00 
 3.111049e+00 -1.044469e+00 
 3.111372e+00 -1.044487e+00 
 3.111695e+00 -1.044504e+00 
 3.112018e+00 -1.044520e+00 
 3.112341e+00 -1.044536e+00 
 3.112664e+00 -1.044552e+00 
 3.112987e+00 -1.044566e+00 
 3.113310e+00 -1.044580e+00 
 3.113633e+00 -1.044594e+00 
 3.113956e+00 -1.044607e+00 
 3.114279e+00 -1.044620e+00 
 3.114602e+00 -1.044634e+00 
 3.114925e+00 -1.044647e+00 
 3.115248e+00 -1.044659e+00 
 3.115571e+00 -1.044673e+00 
 3.115894e+00 -1.044686e+00 
 3.116217e+00 -1.044701e+00 
 3.116540e+00 -1.044714e+00 
 3.116863e+00 -1.044725e+00 
 3.117186e+00 -1.044735e+00 
 3.117509e+00 -1.044745e+00 
 3.117832e+00 -1.044755e+00 
 3.118155e+00 -1.044764e+00 
 3.118478e+00 -1.044773e+00 
 3.118801e+00 -1.044782e+00 
 3.119124e+00 -1.044790e+00 
 3.119447e+00 -1.044799e+00 
 3.119770e+00 -1.044808e+00 
 3.120093e+00 -1.044817e+00 
 3.120416e+00 -1.044825e+00 
 3.120739e+00 -1.044833e+00 
 3.121062e+00 -1.044841e+00 
 3.121385e+00 -1.044849e+00 
 3.121708e+00 -1.044857e+00 
 3.122031e+00 -1.044862e+00 
 3.122354e+00 -1.044868e+00 
 3.122677e+00 -1.044873e+00 
 3.123000e+00 -1.044878e+00 
 3.123323e+00 -1.044883e+00 
 3.123646e+00 -1.044889e+00 
 3.123969e+00 -1.044894e+00 
 3.124292e+00 -1.044900e+00 
 3.124615e+00 -1.044906e+00 
 3.124938e+00 -1.044912e+00 
 3.125261e+00 -1.044918e+00 
 3.125584e+00 -1.044923e+00 
 3.125907e+00 -1.044928e+00 
 3.126230e+00 -1.044933e+00 
 3.126553e+00 -1.044939e+00 
 3.126876e+00 -1.044944e+00 
 3.127199e+00 -1.044949e+00 
 3.127522e+00 -1.044953e+00 
 3.127845e+00 -1.044958e+00 
 3.128168e+00 -1.044963e+00 
 3.128491e+00 -1.044969e+00 
 3.128814e+00 -1.044975e+00 
 3.129137e+00 -1.044981e+00 
 3.129460e+00 -1.044987e+00 
 3.129783e+00 -1.044993e+00 
 3.130106e+00 -1.045000e+00 
 3.130429e+00 -1.045005e+00 
 3.130751e+00 -1.045009e+00 
 3.131074e+00 -1.045014e+00 
 3.131397e+00 -1.045020e+00 
 3.131720e+00 -1.045027e+00 
 3.132043e+00 -1.045033e+00 
 3.132366e+00 -1.045039e+00 
 3.132689e+00 -1.045044e+00 
 3.133012e+00 -1.045050e+00 
 3.133335e+00 -1.045057e+00 
 3.133658e+00 -1.045063e+00 
 3.133981e+00 -1.045070e+00 
 3.134304e+00 -1.045076e+00 
 3.134627e+00 -1.045083e+00 
 3.134950e+00 -1.045091e+00 
 3.135273e+00 -1.045098e+00 
 3.135596e+00 -1.045104e+00 
 3.135919e+00 -1.045109e+00 
 3.136242e+00 -1.045115e+00 
 3.136565e+00 -1.045123e+00 
 3.136888e+00 -1.045130e+00 
 3.137211e+00 -1.045137e+00 
 3.137534e+00 -1.045143e+00 
 3.137857e+00 -1.045150e+00 
 3.138180e+00 -1.045156e+00 
 3.138503e+00 -1.045164e+00 
 3.138826e+00 -1.045171e+00 
 3.139149e+00 -1.045178e+00 
 3.139472e+00 -1.045184e+00 
 3.139795e+00 -1.045191e+00 
 3.140118e+00 -1.045199e+00 
 3.140441e+00 -1.045206e+00 
 3.140764e+00 -1.045211e+00 
 3.141087e+00 -1.045215e+00 
 3.141410e+00 -1.045220e+00 
 3.141733e+00 -1.045226e+00 
 3.142056e+00 -1.045231e+00 
 3.142379e+00 -1.045236e+00 
 3.142702e+00 -1.045241e+00 
 3.143025e+00 -1.045245e+00 
 3.143348e+00 -1.045250e+00 
 3.143671e+00 -1.045256e+00 
 3.143994e+00 -1.045261e+00 
 3.144317e+00 -1.045267e+00 
 3.144640e+00 -1.045272e+00 
 3.144963e+00 -1.045277e+00 
 3.145286e+00 -1.045283e+00 
 3.145609e+00 -1.045288e+00 
 3.145932e+00 -1.045291e+00 
 3.146255e+00 -1.045293e+00 
 3.146578e+00 -1.045297e+00 
 3.146901e+00 -1.045301e+00 
 3.147224e+00 -1.045306e+00 
 3.147547e+00 -1.045311e+00 
 3.147870e+00 -1.045316e+00 
 3.148193e+00 -1.045322e+00 
 3.148516e+00 -1.045328e+00 
 3.148839e+00 -1.045335e+00 
 3.149162e+00 -1.045342e+00 
 3.149485e+00 -1.045349e+00 
 3.149808e+00 -1.045356e+00 
 3.150131e+00 -1.045363e+00 
 3.150454e+00 -1.045371e+00 
 3.150777e+00 -1.045379e+00 
 3.151100e+00 -1.045386e+00 
 3.151423e+00 -1.045392e+00 
 3.151746e+00 -1.045401e+00 
 3.152069e+00 -1.045410e+00 
 3.152392e+00 -1.045421e+00 
 3.152715e+00 -1.045432e+00 
 3.153038e+00 -1.045444e+00 
 3.153361e+00 -1.045455e+00 
 3.153684e+00 -1.045468e+00 
 3.154007e+00 -1.045481e+00 
 3.154330e+00 -1.045495e+00 
 3.154653e+00 -1.045508e+00 
 3.154976e+00 -1.045521e+00 
 3.155299e+00 -1.045534e+00 
 3.155622e+00 -1.045551e+00 
 3.155945e+00 -1.045566e+00 
 3.156268e+00 -1.045580e+00 
 3.156591e+00 -1.045594e+00 
 3.156914e+00 -1.045611e+00 
 3.157237e+00 -1.045628e+00 
 3.157560e+00 -1.045647e+00 
 3.157883e+00 -1.045665e+00 
 3.158206e+00 -1.045683e+00 
 3.158529e+00 -1.045701e+00 
 3.158852e+00 -1.045720e+00 
 3.159175e+00 -1.045739e+00 
 3.159498e+00 -1.045758e+00 
 3.159821e+00 -1.045776e+00 
 3.160144e+00 -1.045795e+00 
 3.160467e+00 -1.045815e+00 
 3.160790e+00 -1.045837e+00 
 3.161113e+00 -1.045858e+00 
 3.161436e+00 -1.045878e+00 
 3.161759e+00 -1.045897e+00 
 3.162082e+00 -1.045918e+00 
 3.162405e+00 -1.045940e+00 
 3.162728e+00 -1.045962e+00 
 3.163051e+00 -1.045983e+00 
 3.163374e+00 -1.046003e+00 
 3.163697e+00 -1.046023e+00 
 3.164020e+00 -1.046045e+00 
 3.164343e+00 -1.046065e+00 
 3.164666e+00 -1.046086e+00 
 3.164989e+00 -1.046105e+00 
 3.165312e+00 -1.046125e+00 
 3.165635e+00 -1.046146e+00 
 3.165958e+00 -1.046168e+00 
 3.166280e+00 -1.046189e+00 
 3.166603e+00 -1.046208e+00 
 3.166926e+00 -1.046226e+00 
 3.167249e+00 -1.046246e+00 
 3.167572e+00 -1.046266e+00 
 3.167895e+00 -1.046286e+00 
 3.168218e+00 -1.046305e+00 
 3.168541e+00 -1.046323e+00 
 3.168864e+00 -1.046342e+00 
 3.169187e+00 -1.046360e+00 
 3.169510e+00 -1.046378e+00 
 3.169833e+00 -1.046396e+00 
 3.170156e+00 -1.046412e+00 
 3.170479e+00 -1.046428e+00 
 3.170802e+00 -1.046445e+00 
 3.171125e+00 -1.046464e+00 
 3.171448e+00 -1.046481e+00 
 3.171771e+00 -1.046497e+00 
 3.172094e+00 -1.046513e+00 
 3.172417e+00 -1.046529e+00 
 3.172740e+00 -1.046546e+00 
 3.173063e+00 -1.046563e+00 
 3.173386e+00 -1.046579e+00 
 3.173709e+00 -1.046594e+00 
 3.174032e+00 -1.046609e+00 
 3.174355e+00 -1.046624e+00 
 3.174678e+00 -1.046639e+00 
 3.175001e+00 -1.046653e+00 
 3.175324e+00 -1.046666e+00 
 3.175647e+00 -1.046677e+00 
 3.175970e+00 -1.046691e+00 
 3.176293e+00 -1.046707e+00 
 3.176616e+00 -1.046722e+00 
 3.176939e+00 -1.046736e+00 
 3.177262e+00 -1.046750e+00 
 3.177585e+00 -1.046765e+00 
 3.177908e+00 -1.046780e+00 
 3.178231e+00 -1.046795e+00 
 3.178554e+00 -1.046809e+00 
 3.178877e+00 -1.046822e+00 
 3.179200e+00 -1.046835e+00 
 3.179523e+00 -1.046849e+00 
 3.179846e+00 -1.046863e+00 
 3.180169e+00 -1.046877e+00 
 3.180492e+00 -1.046888e+00 
 3.180815e+00 -1.046899e+00 
 3.181138e+00 -1.046913e+00 
 3.181461e+00 -1.046928e+00 
 3.181784e+00 -1.046944e+00 
 3.182107e+00 -1.046958e+00 
 3.182430e+00 -1.046972e+00 
 3.182753e+00 -1.046987e+00 
 3.183076e+00 -1.047002e+00 
 3.183399e+00 -1.047017e+00 
 3.183722e+00 -1.047031e+00 
 3.184045e+00 -1.047044e+00 
 3.184368e+00 -1.047058e+00 
 3.184691e+00 -1.047072e+00 
 3.185014e+00 -1.047088e+00 
 3.185337e+00 -1.047102e+00 
 3.185660e+00 -1.047113e+00 
 3.185983e+00 -1.047125e+00 
 3.186306e+00 -1.047139e+00 
 3.186629e+00 -1.047155e+00 
 3.186952e+00 -1.047170e+00 
 3.187275e+00 -1.047183e+00 
 3.187598e+00 -1.047197e+00 
 3.187921e+00 -1.047210e+00 
 3.188244e+00 -1.047224e+00 
 3.188567e+00 -1.047237e+00 
 3.188890e+00 -1.047249e+00 
 3.189213e+00 -1.047261e+00 
 3.189536e+00 -1.047273e+00 
 3.189859e+00 -1.047286e+00 
 3.190182e+00 -1.047299e+00 
 3.190505e+00 -1.047311e+00 
 3.190828e+00 -1.047320e+00 
 3.191151e+00 -1.047328e+00 
 3.191474e+00 -1.047339e+00 
 3.191797e+00 -1.047350e+00 
 3.192120e+00 -1.047360e+00 
 3.192443e+00 -1.047369e+00 
 3.192766e+00 -1.047377e+00 
 3.193089e+00 -1.047386e+00 
 3.193412e+00 -1.047395e+00 
 3.193735e+00 -1.047403e+00 
 3.194058e+00 -1.047410e+00 
 3.194381e+00 -1.047417e+00 
 3.194704e+00 -1.047424e+00 
 3.195027e+00 -1.047432e+00 
 3.195350e+00 -1.047440e+00 
 3.195673e+00 -1.047448e+00 
 3.195996e+00 -1.047453e+00 
 3.196319e+00 -1.047457e+00 
 3.196642e+00 -1.047463e+00 
 3.196965e+00 -1.047470e+00 
 3.197288e+00 -1.047476e+00 
 3.197611e+00 -1.047482e+00 
 3.197934e+00 -1.047487e+00 
 3.198257e+00 -1.047492e+00 
 3.198580e+00 -1.047498e+00 
 3.198903e+00 -1.047504e+00 
 3.199226e+00 -1.047509e+00 
 3.199549e+00 -1.047513e+00 
 3.199872e+00 -1.047518e+00 
 3.200195e+00 -1.047524e+00 
 3.200518e+00 -1.047532e+00 
 3.200841e+00 -1.047539e+00 
 3.201164e+00 -1.047544e+00 
 3.201487e+00 -1.047548e+00 
 3.201810e+00 -1.047554e+00 
 3.202132e+00 -1.047561e+00 
 3.202455e+00 -1.047568e+00 
 3.202778e+00 -1.047574e+00 
 3.203101e+00 -1.047580e+00 
 3.203424e+00 -1.047587e+00 
 3.203747e+00 -1.047594e+00 
 3.204070e+00 -1.047601e+00 
 3.204393e+00 -1.047608e+00 
 3.204716e+00 -1.047614e+00 
 3.205039e+00 -1.047621e+00 
 3.205362e+00 -1.047630e+00 
 3.205685e+00 -1.047642e+00 
 3.206008e+00 -1.047654e+00 
 3.206331e+00 -1.047663e+00 
 3.206654e+00 -1.047671e+00 
 3.206977e+00 -1.047682e+00 
 3.207300e+00 -1.047694e+00 
 3.207623e+00 -1.047705e+00 
 3.207946e+00 -1.047716e+00 
 3.208269e+00 -1.047726e+00 
 3.208592e+00 -1.047737e+00 
 3.208915e+00 -1.047749e+00 
 3.209238e+00 -1.047761e+00 
 3.209561e+00 -1.047773e+00 
 3.209884e+00 -1.047784e+00 
 3.210207e+00 -1.047795e+00 
 3.210530e+00 -1.047810e+00 
 3.210853e+00 -1.047826e+00 
 3.211176e+00 -1.047842e+00 
 3.211499e+00 -1.047855e+00 
 3.211822e+00 -1.047868e+00 
 3.212145e+00 -1.047883e+00 
 3.212468e+00 -1.047898e+00 
 3.212791e+00 -1.047912e+00 
 3.213114e+00 -1.047925e+00 
 3.213437e+00 -1.047938e+00 
 3.213760e+00 -1.047952e+00 
 3.214083e+00 -1.047966e+00 
 3.214406e+00 -1.047981e+00 
 3.214729e+00 -1.047995e+00 
 3.215052e+00 -1.048008e+00 
 3.215375e+00 -1.048022e+00 
 3.215698e+00 -1.048039e+00 
 3.216021e+00 -1.048057e+00 
 3.216344e+00 -1.048074e+00 
 3.216667e+00 -1.048088e+00 
 3.216990e+00 -1.048102e+00 
 3.217313e+00 -1.048118e+00 
 3.217636e+00 -1.048133e+00 
 3.217959e+00 -1.048148e+00 
 3.218282e+00 -1.048163e+00 
 3.218605e+00 -1.048177e+00 
 3.218928e+00 -1.048192e+00 
 3.219251e+00 -1.048208e+00 
 3.219574e+00 -1.048225e+00 
 3.219897e+00 -1.048241e+00 
 3.220220e+00 -1.048256e+00 
 3.220543e+00 -1.048272e+00 
 3.220866e+00 -1.048290e+00 
 3.221189e+00 -1.048310e+00 
 3.221512e+00 -1.048328e+00 
 3.221835e+00 -1.048344e+00 
 3.222158e+00 -1.048360e+00 
 3.222481e+00 -1.048377e+00 
 3.222804e+00 -1.048395e+00 
 3.223127e+00 -1.048413e+00 
 3.223450e+00 -1.048430e+00 
 3.223773e+00 -1.048447e+00 
 3.224096e+00 -1.048465e+00 
 3.224419e+00 -1.048485e+00 
 3.224742e+00 -1.048505e+00 
 3.225065e+00 -1.048525e+00 
 3.225388e+00 -1.048544e+00 
 3.225711e+00 -1.048563e+00 
 3.226034e+00 -1.048585e+00 
 3.226357e+00 -1.048607e+00 
 3.226680e+00 -1.048628e+00 
 3.227003e+00 -1.048648e+00 
 3.227326e+00 -1.048667e+00 
 3.227649e+00 -1.048687e+00 
 3.227972e+00 -1.048709e+00 
 3.228295e+00 -1.048730e+00 
 3.228618e+00 -1.048751e+00 
 3.228941e+00 -1.048773e+00 
 3.229264e+00 -1.048796e+00 
 3.229587e+00 -1.048820e+00 
 3.229910e+00 -1.048844e+00 
 3.230233e+00 -1.048868e+00 
 3.230556e+00 -1.048891e+00 
 3.230879e+00 -1.048914e+00 
 3.231202e+00 -1.048939e+00 
 3.231525e+00 -1.048964e+00 
 3.231848e+00 -1.048989e+00 
 3.232171e+00 -1.049011e+00 
 3.232494e+00 -1.049034e+00 
 3.232817e+00 -1.049059e+00 
 3.233140e+00 -1.049084e+00 
 3.233463e+00 -1.049109e+00 
 3.233786e+00 -1.049134e+00 
 3.234109e+00 -1.049159e+00 
 3.234432e+00 -1.049185e+00 
 3.234755e+00 -1.049211e+00 
 3.235078e+00 -1.049238e+00 
 3.235401e+00 -1.049264e+00 
 3.235724e+00 -1.049288e+00 
 3.236047e+00 -1.049313e+00 
 3.236370e+00 -1.049338e+00 
 3.236693e+00 -1.049363e+00 
 3.237016e+00 -1.049388e+00 
 3.237339e+00 -1.049411e+00 
 3.237662e+00 -1.049433e+00 
 3.237984e+00 -1.049457e+00 
 3.238307e+00 -1.049482e+00 
 3.238630e+00 -1.049507e+00 
 3.238953e+00 -1.049531e+00 
 3.239276e+00 -1.049554e+00 
 3.239599e+00 -1.049577e+00 
 3.239922e+00 -1.049601e+00 
 3.240245e+00 -1.049624e+00 
 3.240568e+00 -1.049647e+00 
 3.240891e+00 -1.049668e+00 
 3.241214e+00 -1.049688e+00 
 3.241537e+00 -1.049709e+00 
 3.241860e+00 -1.049731e+00 
 3.242183e+00 -1.049750e+00 
 3.242506e+00 -1.049769e+00 
 3.242829e+00 -1.049787e+00 
 3.243152e+00 -1.049807e+00 
 3.243475e+00 -1.049826e+00 
 3.243798e+00 -1.049845e+00 
 3.244121e+00 -1.049864e+00 
 3.244444e+00 -1.049881e+00 
 3.244767e+00 -1.049899e+00 
 3.245090e+00 -1.049916e+00 
 3.245413e+00 -1.049933e+00 
 3.245736e+00 -1.049949e+00 
 3.246059e+00 -1.049964e+00 
 3.246382e+00 -1.049978e+00 
 3.246705e+00 -1.049993e+00 
 3.247028e+00 -1.050007e+00 
 3.247351e+00 -1.050021e+00 
 3.247674e+00 -1.050034e+00 
 3.247997e+00 -1.050047e+00 
 3.248320e+00 -1.050060e+00 
 3.248643e+00 -1.050074e+00 
 3.248966e+00 -1.050088e+00 
 3.249289e+00 -1.050101e+00 
 3.249612e+00 -1.050112e+00 
 3.249935e+00 -1.050124e+00 
 3.250258e+00 -1.050136e+00 
 3.250581e+00 -1.050147e+00 
 3.250904e+00 -1.050157e+00 
 3.251227e+00 -1.050167e+00 
 3.251550e+00 -1.050177e+00 
 3.251873e+00 -1.050187e+00 
 3.252196e+00 -1.050198e+00 
 3.252519e+00 -1.050208e+00 
 3.252842e+00 -1.050218e+00 
 3.253165e+00 -1.050227e+00 
 3.253488e+00 -1.050238e+00 
 3.253811e+00 -1.050249e+00 
 3.254134e+00 -1.050260e+00 
 3.254457e+00 -1.050270e+00 
 3.254780e+00 -1.050280e+00 
 3.255103e+00 -1.050289e+00 
 3.255426e+00 -1.050298e+00 
 3.255749e+00 -1.050306e+00 
 3.256072e+00 -1.050315e+00 
 3.256395e+00 -1.050323e+00 
 3.256718e+00 -1.050332e+00 
 3.257041e+00 -1.050341e+00 
 3.257364e+00 -1.050352e+00 
 3.257687e+00 -1.050361e+00 
 3.258010e+00 -1.050371e+00 
 3.258333e+00 -1.050380e+00 
 3.258656e+00 -1.050390e+00 
 3.258979e+00 -1.050400e+00 
 3.259302e+00 -1.050410e+00 
 3.259625e+00 -1.050419e+00 
 3.259948e+00 -1.050427e+00 
 3.260271e+00 -1.050436e+00 
 3.260594e+00 -1.050444e+00 
 3.260917e+00 -1.050451e+00 
 3.261240e+00 -1.050459e+00 
 3.261563e+00 -1.050466e+00 
 3.261886e+00 -1.050475e+00 
 3.262209e+00 -1.050483e+00 
 3.262532e+00 -1.050492e+00 
 3.262855e+00 -1.050500e+00 
 3.263178e+00 -1.050508e+00 
 3.263501e+00 -1.050516e+00 
 3.263824e+00 -1.050524e+00 
 3.264147e+00 -1.050532e+00 
 3.264470e+00 -1.050540e+00 
 3.264793e+00 -1.050548e+00 
 3.265116e+00 -1.050555e+00 
 3.265439e+00 -1.050562e+00 
 3.265762e+00 -1.050570e+00 
 3.266085e+00 -1.050576e+00 
 3.266408e+00 -1.050583e+00 
 3.266731e+00 -1.050590e+00 
 3.267054e+00 -1.050598e+00 
 3.267377e+00 -1.050606e+00 
 3.267700e+00 -1.050615e+00 
 3.268023e+00 -1.050623e+00 
 3.268346e+00 -1.050630e+00 
 3.268669e+00 -1.050638e+00 
 3.268992e+00 -1.050647e+00 
 3.269315e+00 -1.050655e+00 
 3.269638e+00 -1.050664e+00 
 3.269961e+00 -1.050672e+00 
 3.270284e+00 -1.050681e+00 
 3.270607e+00 -1.050691e+00 
 3.270930e+00 -1.050700e+00 
 3.271253e+00 -1.050709e+00 
 3.271576e+00 -1.050718e+00 
 3.271899e+00 -1.050727e+00 
 3.272222e+00 -1.050737e+00 
 3.272545e+00 -1.050747e+00 
 3.272868e+00 -1.050758e+00 
 3.273191e+00 -1.050769e+00 
 3.273514e+00 -1.050779e+00 
 3.273836e+00 -1.050790e+00 
 3.274159e+00 -1.050802e+00 
 3.274482e+00 -1.050814e+00 
 3.274805e+00 -1.050825e+00 
 3.275128e+00 -1.050836e+00 
 3.275451e+00 -1.050849e+00 
 3.275774e+00 -1.050862e+00 
 3.276097e+00 -1.050875e+00 
 3.276420e+00 -1.050887e+00 
 3.276743e+00 -1.050900e+00 
 3.277066e+00 -1.050914e+00 
 3.277389e+00 -1.050929e+00 
 3.277712e+00 -1.050944e+00 
 3.278035e+00 -1.050959e+00 
 3.278358e+00 -1.050974e+00 
 3.278681e+00 -1.050989e+00 
 3.279004e+00 -1.051005e+00 
 3.279327e+00 -1.051020e+00 
 3.279650e+00 -1.051036e+00 
 3.279973e+00 -1.051051e+00 
 3.280296e+00 -1.051065e+00 
 3.280619e+00 -1.051082e+00 
 3.280942e+00 -1.051099e+00 
 3.281265e+00 -1.051116e+00 
 3.281588e+00 -1.051133e+00 
 3.281911e+00 -1.051150e+00 
 3.282234e+00 -1.051169e+00 
 3.282557e+00 -1.051187e+00 
 3.282880e+00 -1.051207e+00 
 3.283203e+00 -1.051226e+00 
 3.283526e+00 -1.051244e+00 
 3.283849e+00 -1.051262e+00 
 3.284172e+00 -1.051280e+00 
 3.284495e+00 -1.051297e+00 
 3.284818e+00 -1.051315e+00 
 3.285141e+00 -1.051332e+00 
 3.285464e+00 -1.051350e+00 
 3.285787e+00 -1.051369e+00 
 3.286110e+00 -1.051390e+00 
 3.286433e+00 -1.051410e+00 
 3.286756e+00 -1.051430e+00 
 3.287079e+00 -1.051451e+00 
 3.287402e+00 -1.051472e+00 
 3.287725e+00 -1.051494e+00 
 3.288048e+00 -1.051516e+00 
 3.288371e+00 -1.051537e+00 
 3.288694e+00 -1.051557e+00 
 3.289017e+00 -1.051577e+00 
 3.289340e+00 -1.051597e+00 
 3.289663e+00 -1.051618e+00 
 3.289986e+00 -1.051639e+00 
 3.290309e+00 -1.051661e+00 
 3.290632e+00 -1.051682e+00 
 3.290955e+00 -1.051705e+00 
 3.291278e+00 -1.051729e+00 
 3.291601e+00 -1.051753e+00 
 3.291924e+00 -1.051777e+00 
 3.292247e+00 -1.051800e+00 
 3.292570e+00 -1.051823e+00 
 3.292893e+00 -1.051846e+00 
 3.293216e+00 -1.051869e+00 
 3.293539e+00 -1.051892e+00 
 3.293862e+00 -1.051915e+00 
 3.294185e+00 -1.051937e+00 
 3.294508e+00 -1.051960e+00 
 3.294831e+00 -1.051985e+00 
 3.295154e+00 -1.052009e+00 
 3.295477e+00 -1.052033e+00 
 3.295800e+00 -1.052058e+00 
 3.296123e+00 -1.052083e+00 
 3.296446e+00 -1.052109e+00 
 3.296769e+00 -1.052135e+00 
 3.297092e+00 -1.052159e+00 
 3.297415e+00 -1.052183e+00 
 3.297738e+00 -1.052207e+00 
 3.298061e+00 -1.052231e+00 
 3.298384e+00 -1.052255e+00 
 3.298707e+00 -1.052279e+00 
 3.299030e+00 -1.052303e+00 
 3.299353e+00 -1.052328e+00 
 3.299676e+00 -1.052353e+00 
 3.299999e+00 -1.052380e+00 
 3.300322e+00 -1.052406e+00 
 3.300645e+00 -1.052432e+00 
 3.300968e+00 -1.052457e+00 
 3.301291e+00 -1.052483e+00 
 3.301614e+00 -1.052509e+00 
 3.301937e+00 -1.052534e+00 
 3.302260e+00 -1.052559e+00 
 3.302583e+00 -1.052583e+00 
 3.302906e+00 -1.052607e+00 
 3.303229e+00 -1.052632e+00 
 3.303552e+00 -1.052657e+00 
 3.303875e+00 -1.052683e+00 
 3.304198e+00 -1.052708e+00 
 3.304521e+00 -1.052733e+00 
 3.304844e+00 -1.052759e+00 
 3.305167e+00 -1.052785e+00 
 3.305490e+00 -1.052810e+00 
 3.305813e+00 -1.052835e+00 
 3.306136e+00 -1.052859e+00 
 3.306459e+00 -1.052883e+00 
 3.306782e+00 -1.052908e+00 
 3.307105e+00 -1.052931e+00 
 3.307428e+00 -1.052953e+00 
 3.307751e+00 -1.052975e+00 
 3.308074e+00 -1.052997e+00 
 3.308397e+00 -1.053019e+00 
 3.308720e+00 -1.053042e+00 
 3.309043e+00 -1.053064e+00 
 3.309365e+00 -1.053085e+00 
 3.309688e+00 -1.053106e+00 
 3.310011e+00 -1.053127e+00 
 3.310334e+00 -1.053147e+00 
 3.310657e+00 -1.053167e+00 
 3.310980e+00 -1.053186e+00 
 3.311303e+00 -1.053205e+00 
 3.311626e+00 -1.053223e+00 
 3.311949e+00 -1.053241e+00 
 3.312272e+00 -1.053258e+00 
 3.312595e+00 -1.053275e+00 
 3.312918e+00 -1.053291e+00 
 3.313241e+00 -1.053307e+00 
 3.313564e+00 -1.053323e+00 
 3.313887e+00 -1.053339e+00 
 3.314210e+00 -1.053354e+00 
 3.314533e+00 -1.053368e+00 
 3.314856e+00 -1.053382e+00 
 3.315179e+00 -1.053395e+00 
 3.315502e+00 -1.053409e+00 
 3.315825e+00 -1.053422e+00 
 3.316148e+00 -1.053435e+00 
 3.316471e+00 -1.053448e+00 
 3.316794e+00 -1.053460e+00 
 3.317117e+00 -1.053472e+00 
 3.317440e+00 -1.053484e+00 
 3.317763e+00 -1.053494e+00 
 3.318086e+00 -1.053504e+00 
 3.318409e+00 -1.053515e+00 
 3.318732e+00 -1.053525e+00 
 3.319055e+00 -1.053535e+00 
 3.319378e+00 -1.053545e+00 
 3.319701e+00 -1.053554e+00 
 3.320024e+00 -1.053563e+00 
 3.320347e+00 -1.053573e+00 
 3.320670e+00 -1.053582e+00 
 3.320993e+00 -1.053592e+00 
 3.321316e+00 -1.053601e+00 
 3.321639e+00 -1.053609e+00 
 3.321962e+00 -1.053618e+00 
 3.322285e+00 -1.053627e+00 
 3.322608e+00 -1.053635e+00 
 3.322931e+00 -1.053642e+00 
 3.323254e+00 -1.053649e+00 
 3.323577e+00 -1.053657e+00 
 3.323900e+00 -1.053664e+00 
 3.324223e+00 -1.053672e+00 
 3.324546e+00 -1.053680e+00 
 3.324869e+00 -1.053687e+00 
 3.325192e+00 -1.053696e+00 
 3.325515e+00 -1.053704e+00 
 3.325838e+00 -1.053711e+00 
 3.326161e+00 -1.053719e+00 
 3.326484e+00 -1.053726e+00 
 3.326807e+00 -1.053733e+00 
 3.327130e+00 -1.053740e+00 
 3.327453e+00 -1.053748e+00 
 3.327776e+00 -1.053755e+00 
 3.328099e+00 -1.053761e+00 
 3.328422e+00 -1.053768e+00 
 3.328745e+00 -1.053776e+00 
 3.329068e+00 -1.053784e+00 
 3.329391e+00 -1.053792e+00 
 3.329714e+00 -1.053800e+00 
 3.330037e+00 -1.053808e+00 
 3.330360e+00 -1.053815e+00 
 3.330683e+00 -1.053821e+00 
 3.331006e+00 -1.053828e+00 
 3.331329e+00 -1.053834e+00 
 3.331652e+00 -1.053841e+00 
 3.331975e+00 -1.053847e+00 
 3.332298e+00 -1.053854e+00 
 3.332621e+00 -1.053861e+00 
 3.332944e+00 -1.053868e+00 
 3.333267e+00 -1.053874e+00 
 3.333590e+00 -1.053882e+00 
 3.333913e+00 -1.053889e+00 
 3.334236e+00 -1.053897e+00 
 3.334559e+00 -1.053905e+00 
 3.334882e+00 -1.053912e+00 
 3.335205e+00 -1.053919e+00 
 3.335528e+00 -1.053925e+00 
 3.335851e+00 -1.053930e+00 
 3.336174e+00 -1.053936e+00 
 3.336497e+00 -1.053942e+00 
 3.336820e+00 -1.053948e+00 
 3.337143e+00 -1.053955e+00 
 3.337466e+00 -1.053962e+00 
 3.337789e+00 -1.053970e+00 
 3.338112e+00 -1.053979e+00 
 3.338435e+00 -1.053987e+00 
 3.338758e+00 -1.053996e+00 
 3.339081e+00 -1.054005e+00 
 3.339404e+00 -1.054014e+00 
 3.339727e+00 -1.054022e+00 
 3.340050e+00 -1.054031e+00 
 3.340373e+00 -1.054039e+00 
 3.340696e+00 -1.054047e+00 
 3.341019e+00 -1.054054e+00 
 3.341342e+00 -1.054063e+00 
 3.341665e+00 -1.054073e+00 
 3.341988e+00 -1.054083e+00 
 3.342311e+00 -1.054093e+00 
 3.342634e+00 -1.054105e+00 
 3.342957e+00 -1.054116e+00 
 3.343280e+00 -1.054128e+00 
 3.343603e+00 -1.054140e+00 
 3.343926e+00 -1.054151e+00 
 3.344249e+00 -1.054164e+00 
 3.344572e+00 -1.054176e+00 
 3.344895e+00 -1.054189e+00 
 3.345217e+00 -1.054202e+00 
 3.345540e+00 -1.054216e+00 
 3.345863e+00 -1.054229e+00 
 3.346186e+00 -1.054242e+00 
 3.346509e+00 -1.054257e+00 
 3.346832e+00 -1.054272e+00 
 3.347155e+00 -1.054287e+00 
 3.347478e+00 -1.054303e+00 
 3.347801e+00 -1.054320e+00 
 3.348124e+00 -1.054337e+00 
 3.348447e+00 -1.054355e+00 
 3.348770e+00 -1.054372e+00 
 3.349093e+00 -1.054390e+00 
 3.349416e+00 -1.054408e+00 
 3.349739e+00 -1.054426e+00 
 3.350062e+00 -1.054446e+00 
 3.350385e+00 -1.054466e+00 
 3.350708e+00 -1.054488e+00 
 3.351031e+00 -1.054508e+00 
 3.351354e+00 -1.054529e+00 
 3.351677e+00 -1.054550e+00 
 3.352000e+00 -1.054571e+00 
 3.352323e+00 -1.054593e+00 
 3.352646e+00 -1.054616e+00 
 3.352969e+00 -1.054639e+00 
 3.353292e+00 -1.054663e+00 
 3.353615e+00 -1.054686e+00 
 3.353938e+00 -1.054710e+00 
 3.354261e+00 -1.054734e+00 
 3.354584e+00 -1.054759e+00 
 3.354907e+00 -1.054784e+00 
 3.355230e+00 -1.054809e+00 
 3.355553e+00 -1.054836e+00 
 3.355876e+00 -1.054864e+00 
 3.356199e+00 -1.054890e+00 
 3.356522e+00 -1.054915e+00 
 3.356845e+00 -1.054941e+00 
 3.357168e+00 -1.054968e+00 
 3.357491e+00 -1.054995e+00 
 3.357814e+00 -1.055023e+00 
 3.358137e+00 -1.055050e+00 
 3.358460e+00 -1.055077e+00 
 3.358783e+00 -1.055105e+00 
 3.359106e+00 -1.055132e+00 
 3.359429e+00 -1.055160e+00 
 3.359752e+00 -1.055187e+00 
 3.360075e+00 -1.055213e+00 
 3.360398e+00 -1.055240e+00 
 3.360721e+00 -1.055269e+00 
 3.361044e+00 -1.055298e+00 
 3.361367e+00 -1.055326e+00 
 3.361690e+00 -1.055353e+00 
 3.362013e+00 -1.055381e+00 
 3.362336e+00 -1.055409e+00 
 3.362659e+00 -1.055437e+00 
 3.362982e+00 -1.055464e+00 
 3.363305e+00 -1.055492e+00 
 3.363628e+00 -1.055519e+00 
 3.363951e+00 -1.055546e+00 
 3.364274e+00 -1.055573e+00 
 3.364597e+00 -1.055599e+00 
 3.364920e+00 -1.055624e+00 
 3.365243e+00 -1.055650e+00 
 3.365566e+00 -1.055675e+00 
 3.365889e+00 -1.055702e+00 
 3.366212e+00 -1.055730e+00 
 3.366535e+00 -1.055756e+00 
 3.366858e+00 -1.055782e+00 
 3.367181e+00 -1.055808e+00 
 3.367504e+00 -1.055833e+00 
 3.367827e+00 -1.055859e+00 
 3.368150e+00 -1.055884e+00 
 3.368473e+00 -1.055909e+00 
 3.368796e+00 -1.055932e+00 
 3.369119e+00 -1.055956e+00 
 3.369442e+00 -1.055979e+00 
 3.369765e+00 -1.056002e+00 
 3.370088e+00 -1.056025e+00 
 3.370411e+00 -1.056048e+00 
 3.370734e+00 -1.056071e+00 
 3.371057e+00 -1.056096e+00 
 3.371380e+00 -1.056121e+00 
 3.371703e+00 -1.056145e+00 
 3.372026e+00 -1.056168e+00 
 3.372349e+00 -1.056191e+00 
 3.372672e+00 -1.056214e+00 
 3.372995e+00 -1.056236e+00 
 3.373318e+00 -1.056259e+00 
 3.373641e+00 -1.056281e+00 
 3.373964e+00 -1.056302e+00 
 3.374287e+00 -1.056325e+00 
 3.374610e+00 -1.056347e+00 
 3.374933e+00 -1.056370e+00 
 3.375256e+00 -1.056393e+00 
 3.375579e+00 -1.056416e+00 
 3.375902e+00 -1.056438e+00 
 3.376225e+00 -1.056462e+00 
 3.376548e+00 -1.056486e+00 
 3.376871e+00 -1.056508e+00 
 3.377194e+00 -1.056530e+00 
 3.377517e+00 -1.056551e+00 
 3.377840e+00 -1.056573e+00 
 3.378163e+00 -1.056594e+00 
 3.378486e+00 -1.056616e+00 
 3.378809e+00 -1.056637e+00 
 3.379132e+00 -1.056658e+00 
 3.379455e+00 -1.056680e+00 
 3.379778e+00 -1.056702e+00 
 3.380101e+00 -1.056725e+00 
 3.380424e+00 -1.056747e+00 
 3.380747e+00 -1.056769e+00 
 3.381069e+00 -1.056790e+00 
 3.381392e+00 -1.056812e+00 
 3.381715e+00 -1.056833e+00 
 3.382038e+00 -1.056853e+00 
 3.382361e+00 -1.056872e+00 
 3.382684e+00 -1.056891e+00 
 3.383007e+00 -1.056910e+00 
 3.383330e+00 -1.056929e+00 
 3.383653e+00 -1.056948e+00 
 3.383976e+00 -1.056968e+00 
 3.384299e+00 -1.056987e+00 
 3.384622e+00 -1.057006e+00 
 3.384945e+00 -1.057025e+00 
 3.385268e+00 -1.057043e+00 
 3.385591e+00 -1.057061e+00 
 3.385914e+00 -1.057078e+00 
 3.386237e+00 -1.057094e+00 
 3.386560e+00 -1.057110e+00 
 3.386883e+00 -1.057127e+00 
 3.387206e+00 -1.057142e+00 
 3.387529e+00 -1.057155e+00 
 3.387852e+00 -1.057169e+00 
 3.388175e+00 -1.057183e+00 
 3.388498e+00 -1.057197e+00 
 3.388821e+00 -1.057211e+00 
 3.389144e+00 -1.057224e+00 
 3.389467e+00 -1.057236e+00 
 3.389790e+00 -1.057248e+00 
 3.390113e+00 -1.057259e+00 
 3.390436e+00 -1.057269e+00 
 3.390759e+00 -1.057278e+00 
 3.391082e+00 -1.057287e+00 
 3.391405e+00 -1.057296e+00 
 3.391728e+00 -1.057304e+00 
 3.392051e+00 -1.057312e+00 
 3.392374e+00 -1.057319e+00 
 3.392697e+00 -1.057325e+00 
 3.393020e+00 -1.057331e+00 
 3.393343e+00 -1.057337e+00 
 3.393666e+00 -1.057343e+00 
 3.393989e+00 -1.057349e+00 
 3.394312e+00 -1.057353e+00 
 3.394635e+00 -1.057356e+00 
 3.394958e+00 -1.057359e+00 
 3.395281e+00 -1.057361e+00 
 3.395604e+00 -1.057362e+00 
 3.395927e+00 -1.057364e+00 
 3.396250e+00 -1.057365e+00 
 3.396573e+00 -1.057367e+00 
 3.396896e+00 -1.057369e+00 
 3.397219e+00 -1.057371e+00 
 3.397542e+00 -1.057372e+00 
 3.397865e+00 -1.057372e+00 
 3.398188e+00 -1.057373e+00 
 3.398511e+00 -1.057374e+00 
 3.398834e+00 -1.057375e+00 
 3.399157e+00 -1.057375e+00 
 3.399480e+00 -1.057376e+00 
 3.399803e+00 -1.057376e+00 
 3.400126e+00 -1.057376e+00 
 3.400449e+00 -1.057377e+00 
 3.400772e+00 -1.057378e+00 
 3.401095e+00 -1.057379e+00 
 3.401418e+00 -1.057381e+00 
 3.401741e+00 -1.057383e+00 
 3.402064e+00 -1.057386e+00 
 3.402387e+00 -1.057389e+00 
 3.402710e+00 -1.057392e+00 
 3.403033e+00 -1.057394e+00 
 3.403356e+00 -1.057398e+00 
 3.403679e+00 -1.057402e+00 
 3.404002e+00 -1.057406e+00 
 3.404325e+00 -1.057411e+00 
 3.404648e+00 -1.057417e+00 
 3.404971e+00 -1.057423e+00 
 3.405294e+00 -1.057431e+00 
 3.405617e+00 -1.057439e+00 
 3.405940e+00 -1.057448e+00 
 3.406263e+00 -1.057456e+00 
 3.406586e+00 -1.057466e+00 
 3.406909e+00 -1.057476e+00 
 3.407232e+00 -1.057486e+00 
 3.407555e+00 -1.057496e+00 
 3.407878e+00 -1.057507e+00 
 3.408201e+00 -1.057517e+00 
 3.408524e+00 -1.057529e+00 
 3.408847e+00 -1.057542e+00 
 3.409170e+00 -1.057556e+00 
 3.409493e+00 -1.057571e+00 
 3.409816e+00 -1.057587e+00 
 3.410139e+00 -1.057603e+00 
 3.410462e+00 -1.057620e+00 
 3.410785e+00 -1.057637e+00 
 3.411108e+00 -1.057653e+00 
 3.411431e+00 -1.057669e+00 
 3.411754e+00 -1.057685e+00 
 3.412077e+00 -1.057702e+00 
 3.412400e+00 -1.057718e+00 
 3.412723e+00 -1.057735e+00 
 3.413046e+00 -1.057752e+00 
 3.413369e+00 -1.057770e+00 
 3.413692e+00 -1.057788e+00 
 3.414015e+00 -1.057807e+00 
 3.414338e+00 -1.057827e+00 
 3.414661e+00 -1.057846e+00 
 3.414984e+00 -1.057866e+00 
 3.415307e+00 -1.057884e+00 
 3.415630e+00 -1.057903e+00 
 3.415953e+00 -1.057921e+00 
 3.416276e+00 -1.057938e+00 
 3.416598e+00 -1.057955e+00 
 3.416921e+00 -1.057972e+00 
 3.417244e+00 -1.057990e+00 
 3.417567e+00 -1.058007e+00 
 3.417890e+00 -1.058025e+00 
 3.418213e+00 -1.058043e+00 
 3.418536e+00 -1.058061e+00 
 3.418859e+00 -1.058080e+00 
 3.419182e+00 -1.058099e+00 
 3.419505e+00 -1.058116e+00 
 3.419828e+00 -1.058133e+00 
 3.420151e+00 -1.058149e+00 
 3.420474e+00 -1.058164e+00 
 3.420797e+00 -1.058180e+00 
 3.421120e+00 -1.058196e+00 
 3.421443e+00 -1.058212e+00 
 3.421766e+00 -1.058227e+00 
 3.422089e+00 -1.058244e+00 
 3.422412e+00 -1.058262e+00 
 3.422735e+00 -1.058279e+00 
 3.423058e+00 -1.058297e+00 
 3.423381e+00 -1.058315e+00 
 3.423704e+00 -1.058332e+00 
 3.424027e+00 -1.058350e+00 
 3.424350e+00 -1.058367e+00 
 3.424673e+00 -1.058383e+00 
 3.424996e+00 -1.058399e+00 
 3.425319e+00 -1.058415e+00 
 3.425642e+00 -1.058432e+00 
 3.425965e+00 -1.058449e+00 
 3.426288e+00 -1.058468e+00 
 3.426611e+00 -1.058488e+00 
 3.426934e+00 -1.058507e+00 
 3.427257e+00 -1.058528e+00 
 3.427580e+00 -1.058548e+00 
 3.427903e+00 -1.058569e+00 
 3.428226e+00 -1.058590e+00 
 3.428549e+00 -1.058611e+00 
 3.428872e+00 -1.058631e+00 
 3.429195e+00 -1.058652e+00 
 3.429518e+00 -1.058673e+00 
 3.429841e+00 -1.058694e+00 
 3.430164e+00 -1.058716e+00 
 3.430487e+00 -1.058739e+00 
 3.430810e+00 -1.058762e+00 
 3.431133e+00 -1.058786e+00 
 3.431456e+00 -1.058812e+00 
 3.431779e+00 -1.058837e+00 
 3.432102e+00 -1.058863e+00 
 3.432425e+00 -1.058888e+00 
 3.432748e+00 -1.058914e+00 
 3.433071e+00 -1.058940e+00 
 3.433394e+00 -1.058966e+00 
 3.433717e+00 -1.058992e+00 
 3.434040e+00 -1.059017e+00 
 3.434363e+00 -1.059044e+00 
 3.434686e+00 -1.059072e+00 
 3.435009e+00 -1.059100e+00 
 3.435332e+00 -1.059128e+00 
 3.435655e+00 -1.059156e+00 
 3.435978e+00 -1.059184e+00 
 3.436301e+00 -1.059212e+00 
 3.436624e+00 -1.059241e+00 
 3.436947e+00 -1.059268e+00 
 3.437270e+00 -1.059295e+00 
 3.437593e+00 -1.059322e+00 
 3.437916e+00 -1.059350e+00 
 3.438239e+00 -1.059377e+00 
 3.438562e+00 -1.059404e+00 
 3.438885e+00 -1.059431e+00 
 3.439208e+00 -1.059458e+00 
 3.439531e+00 -1.059485e+00 
 3.439854e+00 -1.059512e+00 
 3.440177e+00 -1.059538e+00 
 3.440500e+00 -1.059564e+00 
 3.440823e+00 -1.059588e+00 
 3.441146e+00 -1.059611e+00 
 3.441469e+00 -1.059634e+00 
 3.441792e+00 -1.059657e+00 
 3.442115e+00 -1.059680e+00 
 3.442438e+00 -1.059702e+00 
 3.442761e+00 -1.059723e+00 
 3.443084e+00 -1.059745e+00 
 3.443407e+00 -1.059766e+00 
 3.443730e+00 -1.059787e+00 
 3.444053e+00 -1.059807e+00 
 3.444376e+00 -1.059826e+00 
 3.444699e+00 -1.059844e+00 
 3.445022e+00 -1.059862e+00 
 3.445345e+00 -1.059879e+00 
 3.445668e+00 -1.059895e+00 
 3.445991e+00 -1.059910e+00 
 3.446314e+00 -1.059924e+00 
 3.446637e+00 -1.059939e+00 
 3.446960e+00 -1.059953e+00 
 3.447283e+00 -1.059967e+00 
 3.447606e+00 -1.059981e+00 
 3.447929e+00 -1.059994e+00 
 3.448252e+00 -1.060007e+00 
 3.448575e+00 -1.060020e+00 
 3.448898e+00 -1.060032e+00 
 3.449221e+00 -1.060042e+00 
 3.449544e+00 -1.060052e+00 
 3.449867e+00 -1.060062e+00 
 3.450190e+00 -1.060071e+00 
 3.450513e+00 -1.060081e+00 
 3.450836e+00 -1.060090e+00 
 3.451159e+00 -1.060099e+00 
 3.451482e+00 -1.060108e+00 
 3.451805e+00 -1.060118e+00 
 3.452128e+00 -1.060128e+00 
 3.452450e+00 -1.060137e+00 
 3.452773e+00 -1.060146e+00 
 3.453096e+00 -1.060155e+00 
 3.453419e+00 -1.060164e+00 
 3.453742e+00 -1.060172e+00 
 3.454065e+00 -1.060181e+00 
 3.454388e+00 -1.060189e+00 
 3.454711e+00 -1.060197e+00 
 3.455034e+00 -1.060206e+00 
 3.455357e+00 -1.060216e+00 
 3.455680e+00 -1.060226e+00 
 3.456003e+00 -1.060236e+00 
 3.456326e+00 -1.060246e+00 
 3.456649e+00 -1.060256e+00 
 3.456972e+00 -1.060266e+00 
 3.457295e+00 -1.060277e+00 
 3.457618e+00 -1.060287e+00 
 3.457941e+00 -1.060298e+00 
 3.458264e+00 -1.060308e+00 
 3.458587e+00 -1.060319e+00 
 3.458910e+00 -1.060329e+00 
 3.459233e+00 -1.060340e+00 
 3.459556e+00 -1.060351e+00 
 3.459879e+00 -1.060362e+00 
 3.460202e+00 -1.060374e+00 
 3.460525e+00 -1.060387e+00 
 3.460848e+00 -1.060400e+00 
 3.461171e+00 -1.060412e+00 
 3.461494e+00 -1.060424e+00 
 3.461817e+00 -1.060435e+00 
 3.462140e+00 -1.060447e+00 
 3.462463e+00 -1.060459e+00 
 3.462786e+00 -1.060470e+00 
 3.463109e+00 -1.060481e+00 
 3.463432e+00 -1.060492e+00 
 3.463755e+00 -1.060503e+00 
 3.464078e+00 -1.060515e+00 
 3.464401e+00 -1.060526e+00 
 3.464724e+00 -1.060537e+00 
 3.465047e+00 -1.060547e+00 
 3.465370e+00 -1.060557e+00 
 3.465693e+00 -1.060569e+00 
 3.466016e+00 -1.060580e+00 
 3.466339e+00 -1.060590e+00 
 3.466662e+00 -1.060599e+00 
 3.466985e+00 -1.060609e+00 
 3.467308e+00 -1.060618e+00 
 3.467631e+00 -1.060628e+00 
 3.467954e+00 -1.060636e+00 
 3.468277e+00 -1.060645e+00 
 3.468600e+00 -1.060652e+00 
 3.468923e+00 -1.060660e+00 
 3.469246e+00 -1.060668e+00 
 3.469569e+00 -1.060676e+00 
 3.469892e+00 -1.060682e+00 
 3.470215e+00 -1.060689e+00 
 3.470538e+00 -1.060696e+00 
 3.470861e+00 -1.060705e+00 
 3.471184e+00 -1.060713e+00 
 3.471507e+00 -1.060721e+00 
 3.471830e+00 -1.060727e+00 
 3.472153e+00 -1.060734e+00 
 3.472476e+00 -1.060741e+00 
 3.472799e+00 -1.060748e+00 
 3.473122e+00 -1.060754e+00 
 3.473445e+00 -1.060760e+00 
 3.473768e+00 -1.060765e+00 
 3.474091e+00 -1.060772e+00 
 3.474414e+00 -1.060778e+00 
 3.474737e+00 -1.060785e+00 
 3.475060e+00 -1.060791e+00 
 3.475383e+00 -1.060798e+00 
 3.475706e+00 -1.060805e+00 
 3.476029e+00 -1.060814e+00 
 3.476352e+00 -1.060823e+00 
 3.476675e+00 -1.060832e+00 
 3.476998e+00 -1.060840e+00 
 3.477321e+00 -1.060848e+00 
 3.477644e+00 -1.060856e+00 
 3.477967e+00 -1.060865e+00 
 3.478290e+00 -1.060874e+00 
 3.478613e+00 -1.060883e+00 
 3.478936e+00 -1.060893e+00 
 3.479259e+00 -1.060903e+00 
 3.479582e+00 -1.060915e+00 
 3.479905e+00 -1.060926e+00 
 3.480228e+00 -1.060938e+00 
 3.480551e+00 -1.060950e+00 
 3.480874e+00 -1.060962e+00 
 3.481197e+00 -1.060976e+00 
 3.481520e+00 -1.060990e+00 
 3.481843e+00 -1.061004e+00 
 3.482166e+00 -1.061017e+00 
 3.482489e+00 -1.061031e+00 
 3.482812e+00 -1.061046e+00 
 3.483135e+00 -1.061062e+00 
 3.483458e+00 -1.061079e+00 
 3.483781e+00 -1.061096e+00 
 3.484104e+00 -1.061113e+00 
 3.484427e+00 -1.061131e+00 
 3.484750e+00 -1.061150e+00 
 3.485073e+00 -1.061169e+00 
 3.485396e+00 -1.061188e+00 
 3.485719e+00 -1.061204e+00 
 3.486042e+00 -1.061223e+00 
 3.486365e+00 -1.061242e+00 
 3.486688e+00 -1.061263e+00 
 3.487011e+00 -1.061283e+00 
 3.487334e+00 -1.061303e+00 
 3.487657e+00 -1.061324e+00 
 3.487979e+00 -1.061346e+00 
 3.488302e+00 -1.061368e+00 
 3.488625e+00 -1.061390e+00 
 3.488948e+00 -1.061412e+00 
 3.489271e+00 -1.061434e+00 
 3.489594e+00 -1.061457e+00 
 3.489917e+00 -1.061480e+00 
 3.490240e+00 -1.061503e+00 
 3.490563e+00 -1.061524e+00 
 3.490886e+00 -1.061544e+00 
 3.491209e+00 -1.061565e+00 
 3.491532e+00 -1.061587e+00 
 3.491855e+00 -1.061610e+00 
 3.492178e+00 -1.061633e+00 
 3.492501e+00 -1.061655e+00 
 3.492824e+00 -1.061678e+00 
 3.493147e+00 -1.061700e+00 
 3.493470e+00 -1.061723e+00 
 3.493793e+00 -1.061746e+00 
 3.494116e+00 -1.061768e+00 
 3.494439e+00 -1.061789e+00 
 3.494762e+00 -1.061811e+00 
 3.495085e+00 -1.061834e+00 
 3.495408e+00 -1.061855e+00 
 3.495731e+00 -1.061874e+00 
 3.496054e+00 -1.061892e+00 
 3.496377e+00 -1.061912e+00 
 3.496700e+00 -1.061933e+00 
 3.497023e+00 -1.061954e+00 
 3.497346e+00 -1.061975e+00 
 3.497669e+00 -1.061994e+00 
 3.497992e+00 -1.062014e+00 
 3.498315e+00 -1.062034e+00 
 3.498638e+00 -1.062053e+00 
 3.498961e+00 -1.062072e+00 
 3.499284e+00 -1.062090e+00 
 3.499607e+00 -1.062108e+00 
 3.499930e+00 -1.062128e+00 
 3.500253e+00 -1.062147e+00 
 3.500576e+00 -1.062165e+00 
 3.500899e+00 -1.062182e+00 
 3.501222e+00 -1.062198e+00 
 3.501545e+00 -1.062215e+00 
 3.501868e+00 -1.062233e+00 
 3.502191e+00 -1.062251e+00 
 3.502514e+00 -1.062268e+00 
 3.502837e+00 -1.062285e+00 
 3.503160e+00 -1.062302e+00 
 3.503483e+00 -1.062320e+00 
 3.503806e+00 -1.062338e+00 
 3.504129e+00 -1.062355e+00 
 3.504452e+00 -1.062372e+00 
 3.504775e+00 -1.062389e+00 
 3.505098e+00 -1.062407e+00 
 3.505421e+00 -1.062426e+00 
 3.505744e+00 -1.062444e+00 
 3.506067e+00 -1.062461e+00 
 3.506390e+00 -1.062477e+00 
 3.506713e+00 -1.062494e+00 
 3.507036e+00 -1.062512e+00 
 3.507359e+00 -1.062531e+00 
 3.507682e+00 -1.062549e+00 
 3.508005e+00 -1.062566e+00 
 3.508328e+00 -1.062584e+00 
 3.508651e+00 -1.062603e+00 
 3.508974e+00 -1.062621e+00 
 3.509297e+00 -1.062640e+00 
 3.509620e+00 -1.062658e+00 
 3.509943e+00 -1.062676e+00 
 3.510266e+00 -1.062695e+00 
 3.510589e+00 -1.062715e+00 
 3.510912e+00 -1.062735e+00 
 3.511235e+00 -1.062752e+00 
 3.511558e+00 -1.062769e+00 
 3.511881e+00 -1.062787e+00 
 3.512204e+00 -1.062807e+00 
 3.512527e+00 -1.062826e+00 
 3.512850e+00 -1.062844e+00 
 3.513173e+00 -1.062863e+00 
 3.513496e+00 -1.062881e+00 
 3.513819e+00 -1.062900e+00 
 3.514142e+00 -1.062918e+00 
 3.514465e+00 -1.062936e+00 
 3.514788e+00 -1.062953e+00 
 3.515111e+00 -1.062969e+00 
 3.515434e+00 -1.062987e+00 
 3.515757e+00 -1.063006e+00 
 3.516080e+00 -1.063024e+00 
 3.516403e+00 -1.063040e+00 
 3.516726e+00 -1.063055e+00 
 3.517049e+00 -1.063072e+00 
 3.517372e+00 -1.063089e+00 
 3.517695e+00 -1.063105e+00 
 3.518018e+00 -1.063121e+00 
 3.518341e+00 -1.063136e+00 
 3.518664e+00 -1.063150e+00 
 3.518987e+00 -1.063165e+00 
 3.519310e+00 -1.063179e+00 
 3.519633e+00 -1.063192e+00 
 3.519956e+00 -1.063205e+00 
 3.520279e+00 -1.063217e+00 
 3.520602e+00 -1.063228e+00 
 3.520925e+00 -1.063242e+00 
 3.521248e+00 -1.063254e+00 
 3.521571e+00 -1.063265e+00 
 3.521894e+00 -1.063275e+00 
 3.522217e+00 -1.063286e+00 
 3.522540e+00 -1.063298e+00 
 3.522863e+00 -1.063309e+00 
 3.523186e+00 -1.063319e+00 
 3.523509e+00 -1.063327e+00 
 3.523831e+00 -1.063336e+00 
 3.524154e+00 -1.063345e+00 
 3.524477e+00 -1.063353e+00 
 3.524800e+00 -1.063361e+00 
 3.525123e+00 -1.063367e+00 
 3.525446e+00 -1.063373e+00 
 3.525769e+00 -1.063379e+00 
 3.526092e+00 -1.063388e+00 
 3.526415e+00 -1.063395e+00 
 3.526738e+00 -1.063402e+00 
 3.527061e+00 -1.063408e+00 
 3.527384e+00 -1.063415e+00 
 3.527707e+00 -1.063423e+00 
 3.528030e+00 -1.063430e+00 
 3.528353e+00 -1.063436e+00 
 3.528676e+00 -1.063442e+00 
 3.528999e+00 -1.063448e+00 
 3.529322e+00 -1.063455e+00 
 3.529645e+00 -1.063461e+00 
 3.529968e+00 -1.063467e+00 
 3.530291e+00 -1.063473e+00 
 3.530614e+00 -1.063477e+00 
 3.530937e+00 -1.063483e+00 
 3.531260e+00 -1.063492e+00 
 3.531583e+00 -1.063500e+00 
 3.531906e+00 -1.063507e+00 
 3.532229e+00 -1.063515e+00 
 3.532552e+00 -1.063524e+00 
 3.532875e+00 -1.063533e+00 
 3.533198e+00 -1.063542e+00 
 3.533521e+00 -1.063551e+00 
 3.533844e+00 -1.063559e+00 
 3.534167e+00 -1.063568e+00 
 3.534490e+00 -1.063577e+00 
 3.534813e+00 -1.063588e+00 
 3.535136e+00 -1.063599e+00 
 3.535459e+00 -1.063610e+00 
 3.535782e+00 -1.063621e+00 
 3.536105e+00 -1.063633e+00 
 3.536428e+00 -1.063647e+00 
 3.536751e+00 -1.063661e+00 
 3.537074e+00 -1.063674e+00 
 3.537397e+00 -1.063688e+00 
 3.537720e+00 -1.063702e+00 
 3.538043e+00 -1.063717e+00 
 3.538366e+00 -1.063732e+00 
 3.538689e+00 -1.063747e+00 
 3.539012e+00 -1.063762e+00 
 3.539335e+00 -1.063778e+00 
 3.539658e+00 -1.063795e+00 
 3.539981e+00 -1.063813e+00 
 3.540304e+00 -1.063831e+00 
 3.540627e+00 -1.063852e+00 
 3.540950e+00 -1.063871e+00 
 3.541273e+00 -1.063890e+00 
 3.541596e+00 -1.063910e+00 
 3.541919e+00 -1.063930e+00 
 3.542242e+00 -1.063949e+00 
 3.542565e+00 -1.063967e+00 
 3.542888e+00 -1.063987e+00 
 3.543211e+00 -1.064006e+00 
 3.543534e+00 -1.064026e+00 
 3.543857e+00 -1.064046e+00 
 3.544180e+00 -1.064066e+00 
 3.544503e+00 -1.064086e+00 
 3.544826e+00 -1.064107e+00 
 3.545149e+00 -1.064129e+00 
 3.545472e+00 -1.064151e+00 
 3.545795e+00 -1.064174e+00 
 3.546118e+00 -1.064195e+00 
 3.546441e+00 -1.064215e+00 
 3.546764e+00 -1.064236e+00 
 3.547087e+00 -1.064255e+00 
 3.547410e+00 -1.064274e+00 
 3.547733e+00 -1.064292e+00 
 3.548056e+00 -1.064311e+00 
 3.548379e+00 -1.064331e+00 
 3.548702e+00 -1.064350e+00 
 3.549025e+00 -1.064370e+00 
 3.549348e+00 -1.064388e+00 
 3.549671e+00 -1.064407e+00 
 3.549994e+00 -1.064426e+00 
 3.550317e+00 -1.064444e+00 
 3.550640e+00 -1.064464e+00 
 3.550963e+00 -1.064484e+00 
 3.551286e+00 -1.064502e+00 
 3.551609e+00 -1.064518e+00 
 3.551932e+00 -1.064536e+00 
 3.552255e+00 -1.064553e+00 
 3.552578e+00 -1.064570e+00 
 3.552901e+00 -1.064586e+00 
 3.553224e+00 -1.064604e+00 
 3.553547e+00 -1.064622e+00 
 3.553870e+00 -1.064639e+00 
 3.554193e+00 -1.064657e+00 
 3.554516e+00 -1.064674e+00 
 3.554839e+00 -1.064690e+00 
 3.555162e+00 -1.064707e+00 
 3.555485e+00 -1.064724e+00 
 3.555808e+00 -1.064742e+00 
 3.556131e+00 -1.064761e+00 
 3.556454e+00 -1.064779e+00 
 3.556777e+00 -1.064797e+00 
 3.557100e+00 -1.064815e+00 
 3.557423e+00 -1.064834e+00 
 3.557746e+00 -1.064852e+00 
 3.558069e+00 -1.064871e+00 
 3.558392e+00 -1.064891e+00 
 3.558715e+00 -1.064910e+00 
 3.559038e+00 -1.064930e+00 
 3.559360e+00 -1.064949e+00 
 3.559683e+00 -1.064969e+00 
 3.560006e+00 -1.064988e+00 
 3.560329e+00 -1.065008e+00 
 3.560652e+00 -1.065030e+00 
 3.560975e+00 -1.065053e+00 
 3.561298e+00 -1.065077e+00 
 3.561621e+00 -1.065100e+00 
 3.561944e+00 -1.065123e+00 
 3.562267e+00 -1.065146e+00 
 3.562590e+00 -1.065169e+00 
 3.562913e+00 -1.065192e+00 
 3.563236e+00 -1.065215e+00 
 3.563559e+00 -1.065238e+00 
 3.563882e+00 -1.065262e+00 
 3.564205e+00 -1.065286e+00 
 3.564528e+00 -1.065312e+00 
 3.564851e+00 -1.065336e+00 
 3.565174e+00 -1.065362e+00 
 3.565497e+00 -1.065387e+00 
 3.565820e+00 -1.065413e+00 
 3.566143e+00 -1.065440e+00 
 3.566466e+00 -1.065467e+00 
 3.566789e+00 -1.065493e+00 
 3.567112e+00 -1.065518e+00 
 3.567435e+00 -1.065543e+00 
 3.567758e+00 -1.065568e+00 
 3.568081e+00 -1.065592e+00 
 3.568404e+00 -1.065616e+00 
 3.568727e+00 -1.065641e+00 
 3.569050e+00 -1.065666e+00 
 3.569373e+00 -1.065691e+00 
 3.569696e+00 -1.065716e+00 
 3.570019e+00 -1.065742e+00 
 3.570342e+00 -1.065766e+00 
 3.570665e+00 -1.065789e+00 
 3.570988e+00 -1.065812e+00 
 3.571311e+00 -1.065836e+00 
 3.571634e+00 -1.065859e+00 
 3.571957e+00 -1.065880e+00 
 3.572280e+00 -1.065900e+00 
 3.572603e+00 -1.065919e+00 
 3.572926e+00 -1.065939e+00 
 3.573249e+00 -1.065958e+00 
 3.573572e+00 -1.065978e+00 
 3.573895e+00 -1.065997e+00 
 3.574218e+00 -1.066017e+00 
 3.574541e+00 -1.066037e+00 
 3.574864e+00 -1.066056e+00 
 3.575187e+00 -1.066075e+00 
 3.575510e+00 -1.066090e+00 
 3.575833e+00 -1.066104e+00 
 3.576156e+00 -1.066118e+00 
 3.576479e+00 -1.066133e+00 
 3.576802e+00 -1.066147e+00 
 3.577125e+00 -1.066160e+00 
 3.577448e+00 -1.066172e+00 
 3.577771e+00 -1.066185e+00 
 3.578094e+00 -1.066198e+00 
 3.578417e+00 -1.066211e+00 
 3.578740e+00 -1.066223e+00 
 3.579063e+00 -1.066236e+00 
 3.579386e+00 -1.066248e+00 
 3.579709e+00 -1.066259e+00 
 3.580032e+00 -1.066269e+00 
 3.580355e+00 -1.066278e+00 
 3.580678e+00 -1.066285e+00 
 3.581001e+00 -1.066291e+00 
 3.581324e+00 -1.066298e+00 
 3.581647e+00 -1.066306e+00 
 3.581970e+00 -1.066314e+00 
 3.582293e+00 -1.066322e+00 
 3.582616e+00 -1.066329e+00 
 3.582939e+00 -1.066337e+00 
 3.583262e+00 -1.066345e+00 
 3.583585e+00 -1.066353e+00 
 3.583908e+00 -1.066361e+00 
 3.584231e+00 -1.066369e+00 
 3.584554e+00 -1.066375e+00 
 3.584877e+00 -1.066382e+00 
 3.585200e+00 -1.066389e+00 
 3.585523e+00 -1.066394e+00 
 3.585846e+00 -1.066397e+00 
 3.586169e+00 -1.066401e+00 
 3.586492e+00 -1.066407e+00 
 3.586815e+00 -1.066415e+00 
 3.587138e+00 -1.066422e+00 
 3.587461e+00 -1.066430e+00 
 3.587784e+00 -1.066438e+00 
 3.588107e+00 -1.066445e+00 
 3.588430e+00 -1.066454e+00 
 3.588753e+00 -1.066462e+00 
 3.589076e+00 -1.066469e+00 
 3.589399e+00 -1.066477e+00 
 3.589722e+00 -1.066484e+00 
 3.590045e+00 -1.066492e+00 
 3.590368e+00 -1.066501e+00 
 3.590691e+00 -1.066509e+00 
 3.591014e+00 -1.066515e+00 
 3.591337e+00 -1.066522e+00 
 3.591660e+00 -1.066531e+00 
 3.591983e+00 -1.066540e+00 
 3.592306e+00 -1.066550e+00 
 3.592629e+00 -1.066560e+00 
 3.592952e+00 -1.066570e+00 
 3.593275e+00 -1.066579e+00 
 3.593598e+00 -1.066590e+00 
 3.593921e+00 -1.066599e+00 
 3.594244e+00 -1.066609e+00 
 3.594567e+00 -1.066619e+00 
 3.594889e+00 -1.066628e+00 
 3.595212e+00 -1.066639e+00 
 3.595535e+00 -1.066650e+00 
 3.595858e+00 -1.066659e+00 
 3.596181e+00 -1.066667e+00 
 3.596504e+00 -1.066676e+00 
 3.596827e+00 -1.066686e+00 
 3.597150e+00 -1.066696e+00 
 3.597473e+00 -1.066707e+00 
 3.597796e+00 -1.066718e+00 
 3.598119e+00 -1.066728e+00 
 3.598442e+00 -1.066738e+00 
 3.598765e+00 -1.066748e+00 
 3.599088e+00 -1.066758e+00 
 3.599411e+00 -1.066767e+00 
 3.599734e+00 -1.066777e+00 
 3.600057e+00 -1.066787e+00 
 3.600380e+00 -1.066798e+00 
 3.600703e+00 -1.066810e+00 
 3.601026e+00 -1.066819e+00 
 3.601349e+00 -1.066828e+00 
 3.601672e+00 -1.066837e+00 
 3.601995e+00 -1.066847e+00 
 3.602318e+00 -1.066858e+00 
 3.602641e+00 -1.066869e+00 
 3.602964e+00 -1.066880e+00 
 3.603287e+00 -1.066891e+00 
 3.603610e+00 -1.066901e+00 
 3.603933e+00 -1.066912e+00 
 3.604256e+00 -1.066923e+00 
 3.604579e+00 -1.066933e+00 
 3.604902e+00 -1.066944e+00 
 3.605225e+00 -1.066954e+00 
 3.605548e+00 -1.066968e+00 
 3.605871e+00 -1.066982e+00 
 3.606194e+00 -1.066994e+00 
 3.606517e+00 -1.067006e+00 
 3.606840e+00 -1.067018e+00 
 3.607163e+00 -1.067032e+00 
 3.607486e+00 -1.067047e+00 
 3.607809e+00 -1.067061e+00 
 3.608132e+00 -1.067075e+00 
 3.608455e+00 -1.067089e+00 
 3.608778e+00 -1.067103e+00 
 3.609101e+00 -1.067119e+00 
 3.609424e+00 -1.067134e+00 
 3.609747e+00 -1.067149e+00 
 3.610070e+00 -1.067165e+00 
 3.610393e+00 -1.067181e+00 
 3.610716e+00 -1.067200e+00 
 3.611039e+00 -1.067220e+00 
 3.611362e+00 -1.067238e+00 
 3.611685e+00 -1.067256e+00 
 3.612008e+00 -1.067274e+00 
 3.612331e+00 -1.067294e+00 
 3.612654e+00 -1.067315e+00 
 3.612977e+00 -1.067336e+00 
 3.613300e+00 -1.067356e+00 
 3.613623e+00 -1.067376e+00 
 3.613946e+00 -1.067397e+00 
 3.614269e+00 -1.067418e+00 
 3.614592e+00 -1.067440e+00 
 3.614915e+00 -1.067460e+00 
 3.615238e+00 -1.067481e+00 
 3.615561e+00 -1.067503e+00 
 3.615884e+00 -1.067527e+00 
 3.616207e+00 -1.067552e+00 
 3.616530e+00 -1.067576e+00 
 3.616853e+00 -1.067598e+00 
 3.617176e+00 -1.067622e+00 
 3.617499e+00 -1.067646e+00 
 3.617822e+00 -1.067671e+00 
 3.618145e+00 -1.067695e+00 
 3.618468e+00 -1.067719e+00 
 3.618791e+00 -1.067743e+00 
 3.619114e+00 -1.067766e+00 
 3.619437e+00 -1.067791e+00 
 3.619760e+00 -1.067815e+00 
 3.620083e+00 -1.067838e+00 
 3.620406e+00 -1.067861e+00 
 3.620729e+00 -1.067884e+00 
 3.621052e+00 -1.067910e+00 
 3.621375e+00 -1.067937e+00 
 3.621698e+00 -1.067962e+00 
 3.622021e+00 -1.067986e+00 
 3.622344e+00 -1.068010e+00 
 3.622667e+00 -1.068035e+00 
 3.622990e+00 -1.068061e+00 
 3.623313e+00 -1.068085e+00 
 3.623636e+00 -1.068109e+00 
 3.623959e+00 -1.068132e+00 
 3.624282e+00 -1.068156e+00 
 3.624605e+00 -1.068180e+00 
 3.624928e+00 -1.068204e+00 
 3.625251e+00 -1.068228e+00 
 3.625574e+00 -1.068250e+00 
 3.625897e+00 -1.068274e+00 
 3.626220e+00 -1.068300e+00 
 3.626543e+00 -1.068326e+00 
 3.626866e+00 -1.068351e+00 
 3.627189e+00 -1.068374e+00 
 3.627512e+00 -1.068398e+00 
 3.627835e+00 -1.068422e+00 
 3.628158e+00 -1.068445e+00 
 3.628481e+00 -1.068468e+00 
 3.628804e+00 -1.068491e+00 
 3.629127e+00 -1.068513e+00 
 3.629450e+00 -1.068536e+00 
 3.629773e+00 -1.068559e+00 
 3.630096e+00 -1.068584e+00 
 3.630419e+00 -1.068607e+00 
 3.630741e+00 -1.068629e+00 
 3.631064e+00 -1.068652e+00 
 3.631387e+00 -1.068676e+00 
 3.631710e+00 -1.068701e+00 
 3.632033e+00 -1.068723e+00 
 3.632356e+00 -1.068745e+00 
 3.632679e+00 -1.068766e+00 
 3.633002e+00 -1.068788e+00 
 3.633325e+00 -1.068810e+00 
 3.633648e+00 -1.068832e+00 
 3.633971e+00 -1.068853e+00 
 3.634294e+00 -1.068875e+00 
 3.634617e+00 -1.068897e+00 
 3.634940e+00 -1.068920e+00 
 3.635263e+00 -1.068943e+00 
 3.635586e+00 -1.068965e+00 
 3.635909e+00 -1.068985e+00 
 3.636232e+00 -1.069006e+00 
 3.636555e+00 -1.069028e+00 
 3.636878e+00 -1.069049e+00 
 3.637201e+00 -1.069069e+00 
 3.637524e+00 -1.069088e+00 
 3.637847e+00 -1.069108e+00 
 3.638170e+00 -1.069127e+00 
 3.638493e+00 -1.069148e+00 
 3.638816e+00 -1.069168e+00 
 3.639139e+00 -1.069188e+00 
 3.639462e+00 -1.069208e+00 
 3.639785e+00 -1.069228e+00 
 3.640108e+00 -1.069248e+00 
 3.640431e+00 -1.069268e+00 
 3.640754e+00 -1.069286e+00 
 3.641077e+00 -1.069303e+00 
 3.641400e+00 -1.069319e+00 
 3.641723e+00 -1.069337e+00 
 3.642046e+00 -1.069355e+00 
 3.642369e+00 -1.069372e+00 
 3.642692e+00 -1.069388e+00 
 3.643015e+00 -1.069404e+00 
 3.643338e+00 -1.069421e+00 
 3.643661e+00 -1.069438e+00 
 3.643984e+00 -1.069454e+00 
 3.644307e+00 -1.069469e+00 
 3.644630e+00 -1.069484e+00 
 3.644953e+00 -1.069499e+00 
 3.645276e+00 -1.069515e+00 
 3.645599e+00 -1.069530e+00 
 3.645922e+00 -1.069543e+00 
 3.646245e+00 -1.069554e+00 
 3.646568e+00 -1.069567e+00 
 3.646891e+00 -1.069580e+00 
 3.647214e+00 -1.069593e+00 
 3.647537e+00 -1.069605e+00 
 3.647860e+00 -1.069616e+00 
 3.648183e+00 -1.069627e+00 
 3.648506e+00 -1.069639e+00 
 3.648829e+00 -1.069650e+00 
 3.649152e+00 -1.069661e+00 
 3.649475e+00 -1.069671e+00 
 3.649798e+00 -1.069680e+00 
 3.650121e+00 -1.069689e+00 
 3.650444e+00 -1.069700e+00 
 3.650767e+00 -1.069709e+00 
 3.651090e+00 -1.069718e+00 
 3.651413e+00 -1.069725e+00 
 3.651736e+00 -1.069733e+00 
 3.652059e+00 -1.069741e+00 
 3.652382e+00 -1.069750e+00 
 3.652705e+00 -1.069757e+00 
 3.653028e+00 -1.069763e+00 
 3.653351e+00 -1.069770e+00 
 3.653674e+00 -1.069776e+00 
 3.653997e+00 -1.069783e+00 
 3.654320e+00 -1.069790e+00 
 3.654643e+00 -1.069796e+00 
 3.654966e+00 -1.069802e+00 
 3.655289e+00 -1.069808e+00 
 3.655612e+00 -1.069815e+00 
 3.655935e+00 -1.069822e+00 
 3.656258e+00 -1.069827e+00 
 3.656581e+00 -1.069832e+00 
 3.656904e+00 -1.069837e+00 
 3.657227e+00 -1.069843e+00 
 3.657550e+00 -1.069849e+00 
 3.657873e+00 -1.069854e+00 
 3.658196e+00 -1.069859e+00 
 3.658519e+00 -1.069865e+00 
 3.658842e+00 -1.069871e+00 
 3.659165e+00 -1.069877e+00 
 3.659488e+00 -1.069884e+00 
 3.659811e+00 -1.069890e+00 
 3.660134e+00 -1.069896e+00 
 3.660457e+00 -1.069903e+00 
 3.660780e+00 -1.069910e+00 
 3.661103e+00 -1.069918e+00 
 3.661426e+00 -1.069924e+00 
 3.661749e+00 -1.069930e+00 
 3.662072e+00 -1.069937e+00 
 3.662395e+00 -1.069945e+00 
 3.662718e+00 -1.069953e+00 
 3.663041e+00 -1.069961e+00 
 3.663364e+00 -1.069968e+00 
 3.663687e+00 -1.069976e+00 
 3.664010e+00 -1.069986e+00 
 3.664333e+00 -1.069995e+00 
 3.664656e+00 -1.070005e+00 
 3.664979e+00 -1.070014e+00 
 3.665302e+00 -1.070023e+00 
 3.665625e+00 -1.070033e+00 
 3.665948e+00 -1.070044e+00 
 3.666270e+00 -1.070055e+00 
 3.666593e+00 -1.070065e+00 
 3.666916e+00 -1.070075e+00 
 3.667239e+00 -1.070086e+00 
 3.667562e+00 -1.070099e+00 
 3.667885e+00 -1.070111e+00 
 3.668208e+00 -1.070123e+00 
 3.668531e+00 -1.070135e+00 
 3.668854e+00 -1.070148e+00 
 3.669177e+00 -1.070161e+00 
 3.669500e+00 -1.070175e+00 
 3.669823e+00 -1.070189e+00 
 3.670146e+00 -1.070202e+00 
 3.670469e+00 -1.070216e+00 
 3.670792e+00 -1.070232e+00 
 3.671115e+00 -1.070248e+00 
 3.671438e+00 -1.070264e+00 
 3.671761e+00 -1.070280e+00 
 3.672084e+00 -1.070295e+00 
 3.672407e+00 -1.070311e+00 
 3.672730e+00 -1.070329e+00 
 3.673053e+00 -1.070346e+00 
 3.673376e+00 -1.070363e+00 
 3.673699e+00 -1.070380e+00 
 3.674022e+00 -1.070397e+00 
 3.674345e+00 -1.070416e+00 
 3.674668e+00 -1.070435e+00 
 3.674991e+00 -1.070454e+00 
 3.675314e+00 -1.070473e+00 
 3.675637e+00 -1.070494e+00 
 3.675960e+00 -1.070515e+00 
 3.676283e+00 -1.070536e+00 
 3.676606e+00 -1.070557e+00 
 3.676929e+00 -1.070577e+00 
 3.677252e+00 -1.070597e+00 
 3.677575e+00 -1.070618e+00 
 3.677898e+00 -1.070640e+00 
 3.678221e+00 -1.070662e+00 
 3.678544e+00 -1.070684e+00 
 3.678867e+00 -1.070706e+00 
 3.679190e+00 -1.070728e+00 
 3.679513e+00 -1.070752e+00 
 3.679836e+00 -1.070776e+00 
 3.680159e+00 -1.070799e+00 
 3.680482e+00 -1.070823e+00 
 3.680805e+00 -1.070848e+00 
 3.681128e+00 -1.070873e+00 
 3.681451e+00 -1.070898e+00 
 3.681774e+00 -1.070922e+00 
 3.682097e+00 -1.070945e+00 
 3.682420e+00 -1.070969e+00 
 3.682743e+00 -1.070993e+00 
 3.683066e+00 -1.071018e+00 
 3.683389e+00 -1.071044e+00 
 3.683712e+00 -1.071069e+00 
 3.684035e+00 -1.071095e+00 
 3.684358e+00 -1.071120e+00 
 3.684681e+00 -1.071147e+00 
 3.685004e+00 -1.071173e+00 
 3.685327e+00 -1.071198e+00 
 3.685650e+00 -1.071224e+00 
 3.685973e+00 -1.071250e+00 
 3.686296e+00 -1.071277e+00 
 3.686619e+00 -1.071303e+00 
 3.686942e+00 -1.071329e+00 
 3.687265e+00 -1.071355e+00 
 3.687588e+00 -1.071381e+00 
 3.687911e+00 -1.071407e+00 
 3.688234e+00 -1.071434e+00 
 3.688557e+00 -1.071461e+00 
 3.688880e+00 -1.071488e+00 
 3.689203e+00 -1.071514e+00 
 3.689526e+00 -1.071540e+00 
 3.689849e+00 -1.071567e+00 
 3.690172e+00 -1.071593e+00 
 3.690495e+00 -1.071619e+00 
 3.690818e+00 -1.071645e+00 
 3.691141e+00 -1.071673e+00 
 3.691464e+00 -1.071700e+00 
 3.691787e+00 -1.071727e+00 
 3.692110e+00 -1.071754e+00 
 3.692433e+00 -1.071780e+00 
 3.692756e+00 -1.071806e+00 
 3.693079e+00 -1.071832e+00 
 3.693402e+00 -1.071859e+00 
 3.693725e+00 -1.071886e+00 
 3.694048e+00 -1.071912e+00 
 3.694371e+00 -1.071937e+00 
 3.694694e+00 -1.071963e+00 
 3.695017e+00 -1.071989e+00 
 3.695340e+00 -1.072014e+00 
 3.695663e+00 -1.072039e+00 
 3.695986e+00 -1.072065e+00 
 3.696309e+00 -1.072091e+00 
 3.696632e+00 -1.072118e+00 
 3.696955e+00 -1.072143e+00 
 3.697278e+00 -1.072168e+00 
 3.697601e+00 -1.072192e+00 
 3.697924e+00 -1.072215e+00 
 3.698247e+00 -1.072240e+00 
 3.698570e+00 -1.072265e+00 
 3.698893e+00 -1.072290e+00 
 3.699216e+00 -1.072314e+00 
 3.699539e+00 -1.072338e+00 
 3.699862e+00 -1.072362e+00 
 3.700185e+00 -1.072386e+00 
 3.700508e+00 -1.072409e+00 
 3.700831e+00 -1.072432e+00 
 3.701154e+00 -1.072455e+00 
 3.701477e+00 -1.072478e+00 
 3.701799e+00 -1.072500e+00 
 3.702122e+00 -1.072521e+00 
 3.702445e+00 -1.072541e+00 
 3.702768e+00 -1.072561e+00 
 3.703091e+00 -1.072580e+00 
 3.703414e+00 -1.072599e+00 
 3.703737e+00 -1.072619e+00 
 3.704060e+00 -1.072638e+00 
 3.704383e+00 -1.072657e+00 
 3.704706e+00 -1.072675e+00 
 3.705029e+00 -1.072693e+00 
 3.705352e+00 -1.072711e+00 
 3.705675e+00 -1.072727e+00 
 3.705998e+00 -1.072743e+00 
 3.706321e+00 -1.072759e+00 
 3.706644e+00 -1.072774e+00 
 3.706967e+00 -1.072789e+00 
 3.707290e+00 -1.072803e+00 
 3.707613e+00 -1.072817e+00 
 3.707936e+00 -1.072830e+00 
 3.708259e+00 -1.072843e+00 
 3.708582e+00 -1.072856e+00 
 3.708905e+00 -1.072869e+00 
 3.709228e+00 -1.072882e+00 
 3.709551e+00 -1.072894e+00 
 3.709874e+00 -1.072906e+00 
 3.710197e+00 -1.072918e+00 
 3.710520e+00 -1.072929e+00 
 3.710843e+00 -1.072939e+00 
 3.711166e+00 -1.072948e+00 
 3.711489e+00 -1.072957e+00 
 3.711812e+00 -1.072967e+00 
 3.712135e+00 -1.072976e+00 
 3.712458e+00 -1.072985e+00 
 3.712781e+00 -1.072994e+00 
 3.713104e+00 -1.073002e+00 
 3.713427e+00 -1.073011e+00 
 3.713750e+00 -1.073020e+00 
 3.714073e+00 -1.073029e+00 
 3.714396e+00 -1.073037e+00 
 3.714719e+00 -1.073045e+00 
 3.715042e+00 -1.073053e+00 
 3.715365e+00 -1.073060e+00 
 3.715688e+00 -1.073067e+00 
 3.716011e+00 -1.073073e+00 
 3.716334e+00 -1.073079e+00 
 3.716657e+00 -1.073086e+00 
 3.716980e+00 -1.073093e+00 
 3.717303e+00 -1.073100e+00 
 3.717626e+00 -1.073106e+00 
 3.717949e+00 -1.073112e+00 
 3.718272e+00 -1.073118e+00 
 3.718595e+00 -1.073124e+00 
 3.718918e+00 -1.073130e+00 
 3.719241e+00 -1.073136e+00 
 3.719564e+00 -1.073141e+00 
 3.719887e+00 -1.073146e+00 
 3.720210e+00 -1.073152e+00 
 3.720533e+00 -1.073157e+00 
 3.720856e+00 -1.073161e+00 
 3.721179e+00 -1.073165e+00 
 3.721502e+00 -1.073169e+00 
 3.721825e+00 -1.073174e+00 
 3.722148e+00 -1.073179e+00 
 3.722471e+00 -1.073183e+00 
 3.722794e+00 -1.073187e+00 
 3.723117e+00 -1.073191e+00 
 3.723440e+00 -1.073195e+00 
 3.723763e+00 -1.073198e+00 
 3.724086e+00 -1.073202e+00 
 3.724409e+00 -1.073206e+00 
 3.724732e+00 -1.073209e+00 
 3.725055e+00 -1.073212e+00 
 3.725378e+00 -1.073215e+00 
 3.725701e+00 -1.073217e+00 
 3.726024e+00 -1.073220e+00 
 3.726347e+00 -1.073222e+00 
 3.726670e+00 -1.073224e+00 
 3.726993e+00 -1.073227e+00 
 3.727316e+00 -1.073229e+00 
 3.727639e+00 -1.073232e+00 
 3.727962e+00 -1.073234e+00 
 3.728285e+00 -1.073236e+00 
 3.728608e+00 -1.073238e+00 
 3.728931e+00 -1.073241e+00 
 3.729254e+00 -1.073243e+00 
 3.729577e+00 -1.073245e+00 
 3.729900e+00 -1.073247e+00 
 3.730223e+00 -1.073249e+00 
 3.730546e+00 -1.073250e+00 
 3.730869e+00 -1.073252e+00 
 3.731192e+00 -1.073253e+00 
 3.731515e+00 -1.073254e+00 
 3.731838e+00 -1.073256e+00 
 3.732161e+00 -1.073259e+00 
 3.732484e+00 -1.073262e+00 
 3.732807e+00 -1.073266e+00 
 3.733130e+00 -1.073270e+00 
 3.733453e+00 -1.073273e+00 
 3.733776e+00 -1.073276e+00 
 3.734099e+00 -1.073280e+00 
 3.734422e+00 -1.073283e+00 
 3.734745e+00 -1.073287e+00 
 3.735068e+00 -1.073291e+00 
 3.735391e+00 -1.073294e+00 
 3.735714e+00 -1.073298e+00 
 3.736037e+00 -1.073302e+00 
 3.736360e+00 -1.073307e+00 
 3.736683e+00 -1.073312e+00 
 3.737006e+00 -1.073319e+00 
 3.737329e+00 -1.073326e+00 
 3.737651e+00 -1.073334e+00 
 3.737974e+00 -1.073342e+00 
 3.738297e+00 -1.073350e+00 
 3.738620e+00 -1.073357e+00 
 3.738943e+00 -1.073366e+00 
 3.739266e+00 -1.073374e+00 
 3.739589e+00 -1.073384e+00 
 3.739912e+00 -1.073394e+00 
 3.740235e+00 -1.073404e+00 
 3.740558e+00 -1.073413e+00 
 3.740881e+00 -1.073423e+00 
 3.741204e+00 -1.073434e+00 
 3.741527e+00 -1.073447e+00 
 3.741850e+00 -1.073460e+00 
 3.742173e+00 -1.073473e+00 
 3.742496e+00 -1.073488e+00 
 3.742819e+00 -1.073502e+00 
 3.743142e+00 -1.073517e+00 
 3.743465e+00 -1.073532e+00 
 3.743788e+00 -1.073547e+00 
 3.744111e+00 -1.073562e+00 
 3.744434e+00 -1.073578e+00 
 3.744757e+00 -1.073595e+00 
 3.745080e+00 -1.073612e+00 
 3.745403e+00 -1.073629e+00 
 3.745726e+00 -1.073645e+00 
 3.746049e+00 -1.073661e+00 
 3.746372e+00 -1.073678e+00 
 3.746695e+00 -1.073697e+00 
 3.747018e+00 -1.073715e+00 
 3.747341e+00 -1.073734e+00 
 3.747664e+00 -1.073754e+00 
 3.747987e+00 -1.073774e+00 
 3.748310e+00 -1.073794e+00 
 3.748633e+00 -1.073814e+00 
 3.748956e+00 -1.073834e+00 
 3.749279e+00 -1.073854e+00 
 3.749602e+00 -1.073874e+00 
 3.749925e+00 -1.073895e+00 
 3.750248e+00 -1.073916e+00 
 3.750571e+00 -1.073936e+00 
 3.750894e+00 -1.073955e+00 
 3.751217e+00 -1.073975e+00 
 3.751540e+00 -1.073995e+00 
 3.751863e+00 -1.074017e+00 
 3.752186e+00 -1.074038e+00 
 3.752509e+00 -1.074060e+00 
 3.752832e+00 -1.074082e+00 
 3.753155e+00 -1.074105e+00 
 3.753478e+00 -1.074127e+00 
 3.753801e+00 -1.074148e+00 
 3.754124e+00 -1.074170e+00 
 3.754447e+00 -1.074191e+00 
 3.754770e+00 -1.074212e+00 
 3.755093e+00 -1.074235e+00 
 3.755416e+00 -1.074257e+00 
 3.755739e+00 -1.074279e+00 
 3.756062e+00 -1.074300e+00 
 3.756385e+00 -1.074321e+00 
 3.756708e+00 -1.074344e+00 
 3.757031e+00 -1.074367e+00 
 3.757354e+00 -1.074390e+00 
 3.757677e+00 -1.074413e+00 
 3.758000e+00 -1.074436e+00 
 3.758323e+00 -1.074459e+00 
 3.758646e+00 -1.074482e+00 
 3.758969e+00 -1.074505e+00 
 3.759292e+00 -1.074527e+00 
 3.759615e+00 -1.074549e+00 
 3.759938e+00 -1.074572e+00 
 3.760261e+00 -1.074596e+00 
 3.760584e+00 -1.074622e+00 
 3.760907e+00 -1.074646e+00 
 3.761230e+00 -1.074669e+00 
 3.761553e+00 -1.074693e+00 
 3.761876e+00 -1.074717e+00 
 3.762199e+00 -1.074742e+00 
 3.762522e+00 -1.074766e+00 
 3.762845e+00 -1.074790e+00 
 3.763168e+00 -1.074814e+00 
 3.763491e+00 -1.074838e+00 
 3.763814e+00 -1.074861e+00 
 3.764137e+00 -1.074885e+00 
 3.764460e+00 -1.074908e+00 
 3.764783e+00 -1.074931e+00 
 3.765106e+00 -1.074955e+00 
 3.765429e+00 -1.074981e+00 
 3.765752e+00 -1.075007e+00 
 3.766075e+00 -1.075031e+00 
 3.766398e+00 -1.075055e+00 
 3.766721e+00 -1.075078e+00 
 3.767044e+00 -1.075101e+00 
 3.767367e+00 -1.075125e+00 
 3.767690e+00 -1.075148e+00 
 3.768013e+00 -1.075171e+00 
 3.768336e+00 -1.075193e+00 
 3.768659e+00 -1.075215e+00 
 3.768982e+00 -1.075237e+00 
 3.769305e+00 -1.075258e+00 
 3.769628e+00 -1.075279e+00 
 3.769951e+00 -1.075300e+00 
 3.770274e+00 -1.075320e+00 
 3.770597e+00 -1.075341e+00 
 3.770920e+00 -1.075362e+00 
 3.771243e+00 -1.075382e+00 
 3.771566e+00 -1.075400e+00 
 3.771889e+00 -1.075418e+00 
 3.772212e+00 -1.075437e+00 
 3.772535e+00 -1.075455e+00 
 3.772858e+00 -1.075472e+00 
 3.773180e+00 -1.075489e+00 
 3.773503e+00 -1.075505e+00 
 3.773826e+00 -1.075521e+00 
 3.774149e+00 -1.075536e+00 
 3.774472e+00 -1.075551e+00 
 3.774795e+00 -1.075564e+00 
 3.775118e+00 -1.075577e+00 
 3.775441e+00 -1.075590e+00 
 3.775764e+00 -1.075603e+00 
 3.776087e+00 -1.075616e+00 
 3.776410e+00 -1.075629e+00 
 3.776733e+00 -1.075640e+00 
 3.777056e+00 -1.075651e+00 
 3.777379e+00 -1.075663e+00 
 3.777702e+00 -1.075675e+00 
 3.778025e+00 -1.075686e+00 
 3.778348e+00 -1.075696e+00 
 3.778671e+00 -1.075705e+00 
 3.778994e+00 -1.075713e+00 
 3.779317e+00 -1.075722e+00 
 3.779640e+00 -1.075730e+00 
 3.779963e+00 -1.075737e+00 
 3.780286e+00 -1.075745e+00 
 3.780609e+00 -1.075753e+00 
 3.780932e+00 -1.075762e+00 
 3.781255e+00 -1.075772e+00 
 3.781578e+00 -1.075781e+00 
 3.781901e+00 -1.075789e+00 
 3.782224e+00 -1.075797e+00 
 3.782547e+00 -1.075805e+00 
 3.782870e+00 -1.075812e+00 
 3.783193e+00 -1.075819e+00 
 3.783516e+00 -1.075826e+00 
 3.783839e+00 -1.075832e+00 
 3.784162e+00 -1.075838e+00 
 3.784485e+00 -1.075846e+00 
 3.784808e+00 -1.075854e+00 
 3.785131e+00 -1.075862e+00 
 3.785454e+00 -1.075871e+00 
 3.785777e+00 -1.075880e+00 
 3.786100e+00 -1.075891e+00 
 3.786423e+00 -1.075901e+00 
 3.786746e+00 -1.075910e+00 
 3.787069e+00 -1.075918e+00 
 3.787392e+00 -1.075926e+00 
 3.787715e+00 -1.075934e+00 
 3.788038e+00 -1.075943e+00 
 3.788361e+00 -1.075951e+00 
 3.788684e+00 -1.075959e+00 
 3.789007e+00 -1.075968e+00 
 3.789330e+00 -1.075978e+00 
 3.789653e+00 -1.075989e+00 
 3.789976e+00 -1.076000e+00 
 3.790299e+00 -1.076011e+00 
 3.790622e+00 -1.076023e+00 
 3.790945e+00 -1.076035e+00 
 3.791268e+00 -1.076047e+00 
 3.791591e+00 -1.076057e+00 
 3.791914e+00 -1.076067e+00 
 3.792237e+00 -1.076076e+00 
 3.792560e+00 -1.076084e+00 
 3.792883e+00 -1.076094e+00 
 3.793206e+00 -1.076104e+00 
 3.793529e+00 -1.076115e+00 
 3.793852e+00 -1.076126e+00 
 3.794175e+00 -1.076137e+00 
 3.794498e+00 -1.076149e+00 
 3.794821e+00 -1.076161e+00 
 3.795144e+00 -1.076172e+00 
 3.795467e+00 -1.076182e+00 
 3.795790e+00 -1.076192e+00 
 3.796113e+00 -1.076202e+00 
 3.796436e+00 -1.076211e+00 
 3.796759e+00 -1.076220e+00 
 3.797082e+00 -1.076228e+00 
 3.797405e+00 -1.076236e+00 
 3.797728e+00 -1.076245e+00 
 3.798051e+00 -1.076254e+00 
 3.798374e+00 -1.076263e+00 
 3.798697e+00 -1.076272e+00 
 3.799020e+00 -1.076281e+00 
 3.799343e+00 -1.076290e+00 
 3.799666e+00 -1.076298e+00 
 3.799989e+00 -1.076305e+00 
 3.800312e+00 -1.076312e+00 
 3.800635e+00 -1.076319e+00 
 3.800958e+00 -1.076326e+00 
 3.801281e+00 -1.076333e+00 
 3.801604e+00 -1.076340e+00 
 3.801927e+00 -1.076347e+00 
 3.802250e+00 -1.076354e+00 
 3.802573e+00 -1.076361e+00 
 3.802896e+00 -1.076367e+00 
 3.803219e+00 -1.076375e+00 
 3.803542e+00 -1.076383e+00 
 3.803865e+00 -1.076390e+00 
 3.804188e+00 -1.076397e+00 
 3.804511e+00 -1.076404e+00 
 3.804834e+00 -1.076410e+00 
 3.805157e+00 -1.076417e+00 
 3.805480e+00 -1.076423e+00 
 3.805803e+00 -1.076430e+00 
 3.806126e+00 -1.076438e+00 
 3.806449e+00 -1.076447e+00 
 3.806772e+00 -1.076456e+00 
 3.807095e+00 -1.076465e+00 
 3.807418e+00 -1.076474e+00 
 3.807741e+00 -1.076483e+00 
 3.808064e+00 -1.076492e+00 
 3.808387e+00 -1.076502e+00 
 3.808709e+00 -1.076512e+00 
 3.809032e+00 -1.076522e+00 
 3.809355e+00 -1.076533e+00 
 3.809678e+00 -1.076544e+00 
 3.810001e+00 -1.076556e+00 
 3.810324e+00 -1.076570e+00 
 3.810647e+00 -1.076582e+00 
 3.810970e+00 -1.076596e+00 
 3.811293e+00 -1.076610e+00 
 3.811616e+00 -1.076625e+00 
 3.811939e+00 -1.076640e+00 
 3.812262e+00 -1.076655e+00 
 3.812585e+00 -1.076670e+00 
 3.812908e+00 -1.076685e+00 
 3.813231e+00 -1.076700e+00 
 3.813554e+00 -1.076717e+00 
 3.813877e+00 -1.076735e+00 
 3.814200e+00 -1.076753e+00 
 3.814523e+00 -1.076772e+00 
 3.814846e+00 -1.076792e+00 
 3.815169e+00 -1.076813e+00 
 3.815492e+00 -1.076833e+00 
 3.815815e+00 -1.076853e+00 
 3.816138e+00 -1.076872e+00 
 3.816461e+00 -1.076892e+00 
 3.816784e+00 -1.076912e+00 
 3.817107e+00 -1.076933e+00 
 3.817430e+00 -1.076953e+00 
 3.817753e+00 -1.076974e+00 
 3.818076e+00 -1.076995e+00 
 3.818399e+00 -1.077016e+00 
 3.818722e+00 -1.077039e+00 
 3.819045e+00 -1.077063e+00 
 3.819368e+00 -1.077086e+00 
 3.819691e+00 -1.077110e+00 
 3.820014e+00 -1.077133e+00 
 3.820337e+00 -1.077156e+00 
 3.820660e+00 -1.077178e+00 
 3.820983e+00 -1.077198e+00 
 3.821306e+00 -1.077218e+00 
 3.821629e+00 -1.077240e+00 
 3.821952e+00 -1.077261e+00 
 3.822275e+00 -1.077283e+00 
 3.822598e+00 -1.077305e+00 
 3.822921e+00 -1.077327e+00 
 3.823244e+00 -1.077349e+00 
 3.823567e+00 -1.077371e+00 
 3.823890e+00 -1.077394e+00 
 3.824213e+00 -1.077416e+00 
 3.824536e+00 -1.077437e+00 
 3.824859e+00 -1.077457e+00 
 3.825182e+00 -1.077477e+00 
 3.825505e+00 -1.077495e+00 
 3.825828e+00 -1.077512e+00 
 3.826151e+00 -1.077529e+00 
 3.826474e+00 -1.077547e+00 
 3.826797e+00 -1.077565e+00 
 3.827120e+00 -1.077584e+00 
 3.827443e+00 -1.077603e+00 
 3.827766e+00 -1.077621e+00 
 3.828089e+00 -1.077640e+00 
 3.828412e+00 -1.077658e+00 
 3.828735e+00 -1.077676e+00 
 3.829058e+00 -1.077693e+00 
 3.829381e+00 -1.077710e+00 
 3.829704e+00 -1.077725e+00 
 3.830027e+00 -1.077740e+00 
 3.830350e+00 -1.077755e+00 
 3.830673e+00 -1.077768e+00 
 3.830996e+00 -1.077781e+00 
 3.831319e+00 -1.077794e+00 
 3.831642e+00 -1.077808e+00 
 3.831965e+00 -1.077823e+00 
 3.832288e+00 -1.077838e+00 
 3.832611e+00 -1.077854e+00 
 3.832934e+00 -1.077869e+00 
 3.833257e+00 -1.077883e+00 
 3.833580e+00 -1.077897e+00 
 3.833903e+00 -1.077911e+00 
 3.834226e+00 -1.077924e+00 
 3.834549e+00 -1.077937e+00 
 3.834872e+00 -1.077949e+00 
 3.835195e+00 -1.077962e+00 
 3.835518e+00 -1.077975e+00 
 3.835841e+00 -1.077987e+00 
 3.836164e+00 -1.077999e+00 
 3.836487e+00 -1.078011e+00 
 3.836810e+00 -1.078025e+00 
 3.837133e+00 -1.078038e+00 
 3.837456e+00 -1.078053e+00 
 3.837779e+00 -1.078067e+00 
 3.838102e+00 -1.078081e+00 
 3.838425e+00 -1.078095e+00 
 3.838748e+00 -1.078108e+00 
 3.839071e+00 -1.078122e+00 
 3.839394e+00 -1.078135e+00 
 3.839717e+00 -1.078148e+00 
 3.840040e+00 -1.078162e+00 
 3.840363e+00 -1.078176e+00 
 3.840686e+00 -1.078191e+00 
 3.841009e+00 -1.078204e+00 
 3.841332e+00 -1.078217e+00 
 3.841655e+00 -1.078231e+00 
 3.841978e+00 -1.078246e+00 
 3.842301e+00 -1.078261e+00 
 3.842624e+00 -1.078277e+00 
 3.842947e+00 -1.078292e+00 
 3.843270e+00 -1.078306e+00 
 3.843593e+00 -1.078321e+00 
 3.843916e+00 -1.078335e+00 
 3.844238e+00 -1.078349e+00 
 3.844561e+00 -1.078363e+00 
 3.844884e+00 -1.078377e+00 
 3.845207e+00 -1.078391e+00 
 3.845530e+00 -1.078408e+00 
 3.845853e+00 -1.078424e+00 
 3.846176e+00 -1.078438e+00 
 3.846499e+00 -1.078451e+00 
 3.846822e+00 -1.078465e+00 
 3.847145e+00 -1.078480e+00 
 3.847468e+00 -1.078495e+00 
 3.847791e+00 -1.078510e+00 
 3.848114e+00 -1.078524e+00 
 3.848437e+00 -1.078537e+00 
 3.848760e+00 -1.078550e+00 
 3.849083e+00 -1.078564e+00 
 3.849406e+00 -1.078577e+00 
 3.849729e+00 -1.078589e+00 
 3.850052e+00 -1.078601e+00 
 3.850375e+00 -1.078613e+00 
 3.850698e+00 -1.078627e+00 
 3.851021e+00 -1.078640e+00 
 3.851344e+00 -1.078652e+00 
 3.851667e+00 -1.078662e+00 
 3.851990e+00 -1.078674e+00 
 3.852313e+00 -1.078685e+00 
 3.852636e+00 -1.078697e+00 
 3.852959e+00 -1.078708e+00 
 3.853282e+00 -1.078718e+00 
 3.853605e+00 -1.078728e+00 
 3.853928e+00 -1.078737e+00 
 3.854251e+00 -1.078746e+00 
 3.854574e+00 -1.078755e+00 
 3.854897e+00 -1.078763e+00 
 3.855220e+00 -1.078770e+00 
 3.855543e+00 -1.078778e+00 
 3.855866e+00 -1.078788e+00 
 3.856189e+00 -1.078797e+00 
 3.856512e+00 -1.078805e+00 
 3.856835e+00 -1.078813e+00 
 3.857158e+00 -1.078820e+00 
 3.857481e+00 -1.078828e+00 
 3.857804e+00 -1.078837e+00 
 3.858127e+00 -1.078845e+00 
 3.858450e+00 -1.078852e+00 
 3.858773e+00 -1.078859e+00 
 3.859096e+00 -1.078865e+00 
 3.859419e+00 -1.078872e+00 
 3.859742e+00 -1.078879e+00 
 3.860065e+00 -1.078885e+00 
 3.860388e+00 -1.078891e+00 
 3.860711e+00 -1.078899e+00 
 3.861034e+00 -1.078908e+00 
 3.861357e+00 -1.078918e+00 
 3.861680e+00 -1.078927e+00 
 3.862003e+00 -1.078935e+00 
 3.862326e+00 -1.078945e+00 
 3.862649e+00 -1.078954e+00 
 3.862972e+00 -1.078964e+00 
 3.863295e+00 -1.078974e+00 
 3.863618e+00 -1.078984e+00 
 3.863941e+00 -1.078993e+00 
 3.864264e+00 -1.079003e+00 
 3.864587e+00 -1.079014e+00 
 3.864910e+00 -1.079025e+00 
 3.865233e+00 -1.079037e+00 
 3.865556e+00 -1.079049e+00 
 3.865879e+00 -1.079062e+00 
 3.866202e+00 -1.079077e+00 
 3.866525e+00 -1.079093e+00 
 3.866848e+00 -1.079107e+00 
 3.867171e+00 -1.079122e+00 
 3.867494e+00 -1.079137e+00 
 3.867817e+00 -1.079153e+00 
 3.868140e+00 -1.079169e+00 
 3.868463e+00 -1.079185e+00 
 3.868786e+00 -1.079201e+00 
 3.869109e+00 -1.079217e+00 
 3.869432e+00 -1.079234e+00 
 3.869755e+00 -1.079252e+00 
 3.870078e+00 -1.079271e+00 
 3.870401e+00 -1.079291e+00 
 3.870724e+00 -1.079310e+00 
 3.871047e+00 -1.079331e+00 
 3.871370e+00 -1.079353e+00 
 3.871693e+00 -1.079374e+00 
 3.872016e+00 -1.079395e+00 
 3.872339e+00 -1.079415e+00 
 3.872662e+00 -1.079435e+00 
 3.872985e+00 -1.079456e+00 
 3.873308e+00 -1.079477e+00 
 3.873631e+00 -1.079498e+00 
 3.873954e+00 -1.079519e+00 
 3.874277e+00 -1.079541e+00 
 3.874600e+00 -1.079563e+00 
 3.874923e+00 -1.079587e+00 
 3.875246e+00 -1.079610e+00 
 3.875569e+00 -1.079634e+00 
 3.875892e+00 -1.079656e+00 
 3.876215e+00 -1.079679e+00 
 3.876538e+00 -1.079703e+00 
 3.876861e+00 -1.079725e+00 
 3.877184e+00 -1.079747e+00 
 3.877507e+00 -1.079767e+00 
 3.877830e+00 -1.079788e+00 
 3.878153e+00 -1.079809e+00 
 3.878476e+00 -1.079831e+00 
 3.878799e+00 -1.079852e+00 
 3.879122e+00 -1.079873e+00 
 3.879445e+00 -1.079894e+00 
 3.879768e+00 -1.079916e+00 
 3.880090e+00 -1.079938e+00 
 3.880413e+00 -1.079960e+00 
 3.880736e+00 -1.079982e+00 
 3.881059e+00 -1.080003e+00 
 3.881382e+00 -1.080023e+00 
 3.881705e+00 -1.080044e+00 
 3.882028e+00 -1.080064e+00 
 3.882351e+00 -1.080083e+00 
 3.882674e+00 -1.080101e+00 
 3.882997e+00 -1.080119e+00 
 3.883320e+00 -1.080138e+00 
 3.883643e+00 -1.080157e+00 
 3.883966e+00 -1.080176e+00 
 3.884289e+00 -1.080195e+00 
 3.884612e+00 -1.080214e+00 
 3.884935e+00 -1.080233e+00 
 3.885258e+00 -1.080253e+00 
 3.885581e+00 -1.080273e+00 
 3.885904e+00 -1.080293e+00 
 3.886227e+00 -1.080312e+00 
 3.886550e+00 -1.080330e+00 
 3.886873e+00 -1.080349e+00 
 3.887196e+00 -1.080367e+00 
 3.887519e+00 -1.080385e+00 
 3.887842e+00 -1.080403e+00 
 3.888165e+00 -1.080421e+00 
 3.888488e+00 -1.080440e+00 
 3.888811e+00 -1.080460e+00 
 3.889134e+00 -1.080479e+00 
 3.889457e+00 -1.080499e+00 
 3.889780e+00 -1.080518e+00 
 3.890103e+00 -1.080538e+00 
 3.890426e+00 -1.080559e+00 
 3.890749e+00 -1.080580e+00 
 3.891072e+00 -1.080602e+00 
 3.891395e+00 -1.080622e+00 
 3.891718e+00 -1.080642e+00 
 3.892041e+00 -1.080663e+00 
 3.892364e+00 -1.080683e+00 
 3.892687e+00 -1.080703e+00 
 3.893010e+00 -1.080723e+00 
 3.893333e+00 -1.080744e+00 
 3.893656e+00 -1.080766e+00 
 3.893979e+00 -1.080789e+00 
 3.894302e+00 -1.080811e+00 
 3.894625e+00 -1.080833e+00 
 3.894948e+00 -1.080855e+00 
 3.895271e+00 -1.080878e+00 
 3.895594e+00 -1.080900e+00 
 3.895917e+00 -1.080923e+00 
 3.896240e+00 -1.080946e+00 
 3.896563e+00 -1.080967e+00 
 3.896886e+00 -1.080989e+00 
 3.897209e+00 -1.081010e+00 
 3.897532e+00 -1.081032e+00 
 3.897855e+00 -1.081054e+00 
 3.898178e+00 -1.081075e+00 
 3.898501e+00 -1.081097e+00 
 3.898824e+00 -1.081119e+00 
 3.899147e+00 -1.081141e+00 
 3.899470e+00 -1.081163e+00 
 3.899793e+00 -1.081185e+00 
 3.900116e+00 -1.081205e+00 
 3.900439e+00 -1.081226e+00 
 3.900762e+00 -1.081245e+00 
 3.901085e+00 -1.081266e+00 
 3.901408e+00 -1.081285e+00 
 3.901731e+00 -1.081304e+00 
 3.902054e+00 -1.081322e+00 
 3.902377e+00 -1.081340e+00 
 3.902700e+00 -1.081357e+00 
 3.903023e+00 -1.081374e+00 
 3.903346e+00 -1.081391e+00 
 3.903669e+00 -1.081407e+00 
 3.903992e+00 -1.081424e+00 
 3.904315e+00 -1.081440e+00 
 3.904638e+00 -1.081456e+00 
 3.904961e+00 -1.081471e+00 
 3.905284e+00 -1.081485e+00 
 3.905607e+00 -1.081497e+00 
 3.905930e+00 -1.081509e+00 
 3.906253e+00 -1.081522e+00 
 3.906576e+00 -1.081533e+00 
 3.906899e+00 -1.081545e+00 
 3.907222e+00 -1.081555e+00 
 3.907545e+00 -1.081566e+00 
 3.907868e+00 -1.081576e+00 
 3.908191e+00 -1.081586e+00 
 3.908514e+00 -1.081595e+00 
 3.908837e+00 -1.081605e+00 
 3.909160e+00 -1.081614e+00 
 3.909483e+00 -1.081624e+00 
 3.909806e+00 -1.081633e+00 
 3.910129e+00 -1.081641e+00 
 3.910452e+00 -1.081648e+00 
 3.910775e+00 -1.081654e+00 
 3.911098e+00 -1.081660e+00 
 3.911421e+00 -1.081666e+00 
 3.911744e+00 -1.081673e+00 
 3.912067e+00 -1.081679e+00 
 3.912390e+00 -1.081685e+00 
 3.912713e+00 -1.081692e+00 
 3.913036e+00 -1.081698e+00 
 3.913359e+00 -1.081705e+00 
 3.913682e+00 -1.081713e+00 
 3.914005e+00 -1.081720e+00 
 3.914328e+00 -1.081728e+00 
 3.914651e+00 -1.081735e+00 
 3.914974e+00 -1.081743e+00 
 3.915297e+00 -1.081750e+00 
 3.915619e+00 -1.081754e+00 
 3.915942e+00 -1.081759e+00 
 3.916265e+00 -1.081765e+00 
 3.916588e+00 -1.081772e+00 
 3.916911e+00 -1.081780e+00 
 3.917234e+00 -1.081787e+00 
 3.917557e+00 -1.081795e+00 
 3.917880e+00 -1.081804e+00 
 3.918203e+00 -1.081813e+00 
 3.918526e+00 -1.081823e+00 
 3.918849e+00 -1.081832e+00 
 3.919172e+00 -1.081842e+00 
 3.919495e+00 -1.081851e+00 
 3.919818e+00 -1.081861e+00 
 3.920141e+00 -1.081872e+00 
 3.920464e+00 -1.081881e+00 
 3.920787e+00 -1.081889e+00 
 3.921110e+00 -1.081897e+00 
 3.921433e+00 -1.081906e+00 
 3.921756e+00 -1.081917e+00 
 3.922079e+00 -1.081928e+00 
 3.922402e+00 -1.081939e+00 
 3.922725e+00 -1.081951e+00 
 3.923048e+00 -1.081963e+00 
 3.923371e+00 -1.081975e+00 
 3.923694e+00 -1.081987e+00 
 3.924017e+00 -1.081999e+00 
 3.924340e+00 -1.082010e+00 
 3.924663e+00 -1.082022e+00 
 3.924986e+00 -1.082033e+00 
 3.925309e+00 -1.082045e+00 
 3.925632e+00 -1.082058e+00 
 3.925955e+00 -1.082069e+00 
 3.926278e+00 -1.082079e+00 
 3.926601e+00 -1.082091e+00 
 3.926924e+00 -1.082104e+00 
 3.927247e+00 -1.082117e+00 
 3.927570e+00 -1.082129e+00 
 3.927893e+00 -1.082142e+00 
 3.928216e+00 -1.082154e+00 
 3.928539e+00 -1.082167e+00 
 3.928862e+00 -1.082179e+00 
 3.929185e+00 -1.082191e+00 
 3.929508e+00 -1.082202e+00 
 3.929831e+00 -1.082214e+00 
 3.930154e+00 -1.082226e+00 
 3.930477e+00 -1.082239e+00 
 3.930800e+00 -1.082253e+00 
 3.931123e+00 -1.082265e+00 
 3.931446e+00 -1.082276e+00 
 3.931769e+00 -1.082288e+00 
 3.932092e+00 -1.082302e+00 
 3.932415e+00 -1.082315e+00 
 3.932738e+00 -1.082328e+00 
 3.933061e+00 -1.082341e+00 
 3.933384e+00 -1.082354e+00 
 3.933707e+00 -1.082367e+00 
 3.934030e+00 -1.082380e+00 
 3.934353e+00 -1.082393e+00 
 3.934676e+00 -1.082406e+00 
 3.934999e+00 -1.082418e+00 
 3.935322e+00 -1.082432e+00 
 3.935645e+00 -1.082447e+00 
 3.935968e+00 -1.082462e+00 
 3.936291e+00 -1.082476e+00 
 3.936614e+00 -1.082490e+00 
 3.936937e+00 -1.082505e+00 
 3.937260e+00 -1.082521e+00 
 3.937583e+00 -1.082536e+00 
 3.937906e+00 -1.082552e+00 
 3.938229e+00 -1.082568e+00 
 3.938552e+00 -1.082585e+00 
 3.938875e+00 -1.082601e+00 
 3.939198e+00 -1.082618e+00 
 3.939521e+00 -1.082635e+00 
 3.939844e+00 -1.082651e+00 
 3.940167e+00 -1.082668e+00 
 3.940490e+00 -1.082685e+00 
 3.940813e+00 -1.082704e+00 
 3.941136e+00 -1.082723e+00 
 3.941459e+00 -1.082742e+00 
 3.941782e+00 -1.082760e+00 
 3.942105e+00 -1.082780e+00 
 3.942428e+00 -1.082801e+00 
 3.942751e+00 -1.082823e+00 
 3.943074e+00 -1.082844e+00 
 3.943397e+00 -1.082865e+00 
 3.943720e+00 -1.082886e+00 
 3.944043e+00 -1.082907e+00 
 3.944366e+00 -1.082928e+00 
 3.944689e+00 -1.082949e+00 
 3.945012e+00 -1.082969e+00 
 3.945335e+00 -1.082990e+00 
 3.945658e+00 -1.083011e+00 
 3.945981e+00 -1.083035e+00 
 3.946304e+00 -1.083060e+00 
 3.946627e+00 -1.083083e+00 
 3.946950e+00 -1.083107e+00 
 3.947273e+00 -1.083131e+00 
 3.947596e+00 -1.083155e+00 
 3.947919e+00 -1.083180e+00 
 3.948242e+00 -1.083203e+00 
 3.948565e+00 -1.083227e+00 
 3.948888e+00 -1.083250e+00 
 3.949211e+00 -1.083273e+00 
 3.949534e+00 -1.083296e+00 
 3.949857e+00 -1.083319e+00 
 3.950180e+00 -1.083342e+00 
 3.950503e+00 -1.083365e+00 
 3.950826e+00 -1.083389e+00 
 3.951148e+00 -1.083415e+00 
 3.951471e+00 -1.083441e+00 
 3.951794e+00 -1.083465e+00 
 3.952117e+00 -1.083489e+00 
 3.952440e+00 -1.083513e+00 
 3.952763e+00 -1.083536e+00 
 3.953086e+00 -1.083559e+00 
 3.953409e+00 -1.083582e+00 
 3.953732e+00 -1.083604e+00 
 3.954055e+00 -1.083625e+00 
 3.954378e+00 -1.083647e+00 
 3.954701e+00 -1.083670e+00 
 3.955024e+00 -1.083693e+00 
 3.955347e+00 -1.083715e+00 
 3.955670e+00 -1.083737e+00 
 3.955993e+00 -1.083759e+00 
 3.956316e+00 -1.083783e+00 
 3.956639e+00 -1.083805e+00 
 3.956962e+00 -1.083826e+00 
 3.957285e+00 -1.083846e+00 
 3.957608e+00 -1.083866e+00 
 3.957931e+00 -1.083886e+00 
 3.958254e+00 -1.083906e+00 
 3.958577e+00 -1.083926e+00 
 3.958900e+00 -1.083945e+00 
 3.959223e+00 -1.083965e+00 
 3.959546e+00 -1.083985e+00 
 3.959869e+00 -1.084005e+00 
 3.960192e+00 -1.084026e+00 
 3.960515e+00 -1.084045e+00 
 3.960838e+00 -1.084063e+00 
 3.961161e+00 -1.084082e+00 
 3.961484e+00 -1.084101e+00 
 3.961807e+00 -1.084120e+00 
 3.962130e+00 -1.084138e+00 
 3.962453e+00 -1.084155e+00 
 3.962776e+00 -1.084173e+00 
 3.963099e+00 -1.084190e+00 
 3.963422e+00 -1.084208e+00 
 3.963745e+00 -1.084226e+00 
 3.964068e+00 -1.084243e+00 
 3.964391e+00 -1.084261e+00 
 3.964714e+00 -1.084278e+00 
 3.965037e+00 -1.084297e+00 
 3.965360e+00 -1.084314e+00 
 3.965683e+00 -1.084330e+00 
 3.966006e+00 -1.084346e+00 
 3.966329e+00 -1.084362e+00 
 3.966652e+00 -1.084378e+00 
 3.966975e+00 -1.084395e+00 
 3.967298e+00 -1.084411e+00 
 3.967621e+00 -1.084426e+00 
 3.967944e+00 -1.084442e+00 
 3.968267e+00 -1.084459e+00 
 3.968590e+00 -1.084475e+00 
 3.968913e+00 -1.084490e+00 
 3.969236e+00 -1.084505e+00 
 3.969559e+00 -1.084519e+00 
 3.969882e+00 -1.084534e+00 
 3.970205e+00 -1.084549e+00 
 3.970528e+00 -1.084563e+00 
 3.970851e+00 -1.084576e+00 
 3.971174e+00 -1.084590e+00 
 3.971497e+00 -1.084603e+00 
 3.971820e+00 -1.084618e+00 
 3.972143e+00 -1.084632e+00 
 3.972466e+00 -1.084645e+00 
 3.972789e+00 -1.084657e+00 
 3.973112e+00 -1.084670e+00 
 3.973435e+00 -1.084682e+00 
 3.973758e+00 -1.084694e+00 
 3.974081e+00 -1.084705e+00 
 3.974404e+00 -1.084716e+00 
 3.974727e+00 -1.084727e+00 
 3.975050e+00 -1.084739e+00 
 3.975373e+00 -1.084750e+00 
 3.975696e+00 -1.084761e+00 
 3.976019e+00 -1.084772e+00 
 3.976342e+00 -1.084782e+00 
 3.976665e+00 -1.084792e+00 
 3.976988e+00 -1.084802e+00 
 3.977311e+00 -1.084812e+00 
 3.977634e+00 -1.084821e+00 
 3.977957e+00 -1.084830e+00 
 3.978280e+00 -1.084838e+00 
 3.978603e+00 -1.084847e+00 
 3.978926e+00 -1.084856e+00 
 3.979249e+00 -1.084864e+00 
 3.979572e+00 -1.084872e+00 
 3.979895e+00 -1.084881e+00 
 3.980218e+00 -1.084890e+00 
 3.980541e+00 -1.084900e+00 
 3.980864e+00 -1.084910e+00 
 3.981187e+00 -1.084918e+00 
 3.981510e+00 -1.084926e+00 
 3.981833e+00 -1.084934e+00 
 3.982156e+00 -1.084942e+00 
 3.982479e+00 -1.084950e+00 
 3.982802e+00 -1.084957e+00 
 3.983125e+00 -1.084964e+00 
 3.983448e+00 -1.084972e+00 
 3.983771e+00 -1.084980e+00 
 3.984094e+00 -1.084989e+00 
 3.984417e+00 -1.084997e+00 
 3.984740e+00 -1.085006e+00 
 3.985063e+00 -1.085016e+00 
 3.985386e+00 -1.085025e+00 
 3.985709e+00 -1.085037e+00 
 3.986032e+00 -1.085046e+00 
 3.986355e+00 -1.085055e+00 
 3.986677e+00 -1.085063e+00 
 3.987000e+00 -1.085072e+00 
 3.987323e+00 -1.085081e+00 
 3.987646e+00 -1.085090e+00 
 3.987969e+00 -1.085099e+00 
 3.988292e+00 -1.085109e+00 
 3.988615e+00 -1.085118e+00 
 3.988938e+00 -1.085129e+00 
 3.989261e+00 -1.085140e+00 
 3.989584e+00 -1.085151e+00 
 3.989907e+00 -1.085162e+00 
 3.990230e+00 -1.085173e+00 
 3.990553e+00 -1.085184e+00 
 3.990876e+00 -1.085196e+00 
 3.991199e+00 -1.085207e+00 
 3.991522e+00 -1.085217e+00 
 3.991845e+00 -1.085227e+00 
 3.992168e+00 -1.085238e+00 
 3.992491e+00 -1.085250e+00 
 3.992814e+00 -1.085261e+00 
 3.993137e+00 -1.085273e+00 
 3.993460e+00 -1.085284e+00 
 3.993783e+00 -1.085296e+00 
 3.994106e+00 -1.085310e+00 
 3.994429e+00 -1.085323e+00 
 3.994752e+00 -1.085335e+00 
 3.995075e+00 -1.085347e+00 
 3.995398e+00 -1.085358e+00 
 3.995721e+00 -1.085369e+00 
 3.996044e+00 -1.085382e+00 
 3.996367e+00 -1.085394e+00 
 3.996690e+00 -1.085405e+00 
 3.997013e+00 -1.085417e+00 
 3.997336e+00 -1.085430e+00 
 3.997659e+00 -1.085443e+00 
 3.997982e+00 -1.085457e+00 
 3.998305e+00 -1.085471e+00 
 3.998628e+00 -1.085484e+00 
 3.998951e+00 -1.085498e+00 
 3.999274e+00 -1.085512e+00 
 3.999597e+00 -1.085525e+00 
 3.999920e+00 -1.085539e+00 
 4.000243e+00 -1.085551e+00 
 4.000566e+00 -1.085563e+00 
 4.000889e+00 -1.085575e+00 
 4.001212e+00 -1.085589e+00 
 4.001535e+00 -1.085604e+00 
 4.001858e+00 -1.085617e+00 
 4.002181e+00 -1.085632e+00 
 4.002504e+00 -1.085647e+00 
 4.002827e+00 -1.085663e+00 
 4.003150e+00 -1.085678e+00 
 4.003473e+00 -1.085694e+00 
 4.003796e+00 -1.085710e+00 
 4.004119e+00 -1.085725e+00 
 4.004442e+00 -1.085741e+00 
 4.004765e+00 -1.085757e+00 
 4.005088e+00 -1.085774e+00 
 4.005411e+00 -1.085789e+00 
 4.005734e+00 -1.085803e+00 
 4.006057e+00 -1.085819e+00 
 4.006380e+00 -1.085837e+00 
 4.006703e+00 -1.085855e+00 
 4.007026e+00 -1.085873e+00 
 4.007349e+00 -1.085891e+00 
 4.007672e+00 -1.085910e+00 
 4.007995e+00 -1.085929e+00 
 4.008318e+00 -1.085948e+00 
 4.008641e+00 -1.085967e+00 
 4.008964e+00 -1.085986e+00 
 4.009287e+00 -1.086005e+00 
 4.009610e+00 -1.086025e+00 
 4.009933e+00 -1.086046e+00 
 4.010256e+00 -1.086068e+00 
 4.010579e+00 -1.086088e+00 
 4.010902e+00 -1.086108e+00 
 4.011225e+00 -1.086128e+00 
 4.011548e+00 -1.086151e+00 
 4.011871e+00 -1.086173e+00 
 4.012194e+00 -1.086195e+00 
 4.012517e+00 -1.086217e+00 
 4.012840e+00 -1.086240e+00 
 4.013163e+00 -1.086264e+00 
 4.013486e+00 -1.086288e+00 
 4.013809e+00 -1.086311e+00 
 4.014132e+00 -1.086335e+00 
 4.014455e+00 -1.086359e+00 
 4.014778e+00 -1.086384e+00 
 4.015101e+00 -1.086409e+00 
 4.015424e+00 -1.086435e+00 
 4.015747e+00 -1.086461e+00 
 4.016070e+00 -1.086485e+00 
 4.016393e+00 -1.086509e+00 
 4.016716e+00 -1.086535e+00 
 4.017039e+00 -1.086560e+00 
 4.017362e+00 -1.086585e+00 
 4.017685e+00 -1.086611e+00 
 4.018008e+00 -1.086637e+00 
 4.018331e+00 -1.086662e+00 
 4.018654e+00 -1.086688e+00 
 4.018977e+00 -1.086714e+00 
 4.019300e+00 -1.086740e+00 
 4.019623e+00 -1.086766e+00 
 4.019946e+00 -1.086792e+00 
 4.020269e+00 -1.086819e+00 
 4.020592e+00 -1.086846e+00 
 4.020915e+00 -1.086872e+00 
 4.021238e+00 -1.086896e+00 
 4.021561e+00 -1.086921e+00 
 4.021884e+00 -1.086946e+00 
 4.022206e+00 -1.086971e+00 
 4.022529e+00 -1.086996e+00 
 4.022852e+00 -1.087020e+00 
 4.023175e+00 -1.087045e+00 
 4.023498e+00 -1.087069e+00 
 4.023821e+00 -1.087094e+00 
 4.024144e+00 -1.087118e+00 
 4.024467e+00 -1.087141e+00 
 4.024790e+00 -1.087163e+00 
 4.025113e+00 -1.087185e+00 
 4.025436e+00 -1.087208e+00 
 4.025759e+00 -1.087231e+00 
 4.026082e+00 -1.087254e+00 
 4.026405e+00 -1.087274e+00 
 4.026728e+00 -1.087294e+00 
 4.027051e+00 -1.087316e+00 
 4.027374e+00 -1.087337e+00 
 4.027697e+00 -1.087357e+00 
 4.028020e+00 -1.087378e+00 
 4.028343e+00 -1.087398e+00 
 4.028666e+00 -1.087417e+00 
 4.028989e+00 -1.087436e+00 
 4.029312e+00 -1.087455e+00 
 4.029635e+00 -1.087472e+00 
 4.029958e+00 -1.087488e+00 
 4.030281e+00 -1.087504e+00 
 4.030604e+00 -1.087521e+00 
 4.030927e+00 -1.087539e+00 
 4.031250e+00 -1.087556e+00 
 4.031573e+00 -1.087572e+00 
 4.031896e+00 -1.087587e+00 
 4.032219e+00 -1.087604e+00 
 4.032542e+00 -1.087621e+00 
 4.032865e+00 -1.087636e+00 
 4.033188e+00 -1.087652e+00 
 4.033511e+00 -1.087667e+00 
 4.033834e+00 -1.087681e+00 
 4.034157e+00 -1.087695e+00 
 4.034480e+00 -1.087708e+00 
 4.034803e+00 -1.087721e+00 
 4.035126e+00 -1.087733e+00 
 4.035449e+00 -1.087746e+00 
 4.035772e+00 -1.087759e+00 
 4.036095e+00 -1.087774e+00 
 4.036418e+00 -1.087788e+00 
 4.036741e+00 -1.087801e+00 
 4.037064e+00 -1.087814e+00 
 4.037387e+00 -1.087828e+00 
 4.037710e+00 -1.087842e+00 
 4.038033e+00 -1.087854e+00 
 4.038356e+00 -1.087867e+00 
 4.038679e+00 -1.087879e+00 
 4.039002e+00 -1.087891e+00 
 4.039325e+00 -1.087903e+00 
 4.039648e+00 -1.087915e+00 
 4.039971e+00 -1.087927e+00 
 4.040294e+00 -1.087939e+00 
 4.040617e+00 -1.087952e+00 
 4.040940e+00 -1.087965e+00 
 4.041263e+00 -1.087980e+00 
 4.041586e+00 -1.087994e+00 
 4.041909e+00 -1.088007e+00 
 4.042232e+00 -1.088019e+00 
 4.042555e+00 -1.088033e+00 
 4.042878e+00 -1.088046e+00 
 4.043201e+00 -1.088058e+00 
 4.043524e+00 -1.088070e+00 
 4.043847e+00 -1.088082e+00 
 4.044170e+00 -1.088094e+00 
 4.044493e+00 -1.088107e+00 
 4.044816e+00 -1.088120e+00 
 4.045139e+00 -1.088134e+00 
 4.045462e+00 -1.088148e+00 
 4.045785e+00 -1.088162e+00 
 4.046108e+00 -1.088177e+00 
 4.046431e+00 -1.088193e+00 
 4.046754e+00 -1.088207e+00 
 4.047077e+00 -1.088220e+00 
 4.047400e+00 -1.088233e+00 
 4.047723e+00 -1.088246e+00 
 4.048046e+00 -1.088259e+00 
 4.048369e+00 -1.088271e+00 
 4.048692e+00 -1.088284e+00 
 4.049015e+00 -1.088298e+00 
 4.049338e+00 -1.088312e+00 
 4.049661e+00 -1.088326e+00 
 4.049984e+00 -1.088341e+00 
 4.050307e+00 -1.088355e+00 
 4.050630e+00 -1.088370e+00 
 4.050953e+00 -1.088385e+00 
 4.051276e+00 -1.088400e+00 
 4.051599e+00 -1.088415e+00 
 4.051922e+00 -1.088428e+00 
 4.052245e+00 -1.088440e+00 
 4.052568e+00 -1.088452e+00 
 4.052891e+00 -1.088465e+00 
 4.053214e+00 -1.088478e+00 
 4.053537e+00 -1.088490e+00 
 4.053860e+00 -1.088503e+00 
 4.054183e+00 -1.088516e+00 
 4.054506e+00 -1.088530e+00 
 4.054829e+00 -1.088543e+00 
 4.055152e+00 -1.088556e+00 
 4.055475e+00 -1.088569e+00 
 4.055798e+00 -1.088583e+00 
 4.056121e+00 -1.088596e+00 
 4.056444e+00 -1.088608e+00 
 4.056767e+00 -1.088620e+00 
 4.057090e+00 -1.088631e+00 
 4.057413e+00 -1.088641e+00 
 4.057735e+00 -1.088651e+00 
 4.058058e+00 -1.088663e+00 
 4.058381e+00 -1.088674e+00 
 4.058704e+00 -1.088686e+00 
 4.059027e+00 -1.088697e+00 
 4.059350e+00 -1.088709e+00 
 4.059673e+00 -1.088720e+00 
 4.059996e+00 -1.088730e+00 
 4.060319e+00 -1.088741e+00 
 4.060642e+00 -1.088751e+00 
 4.060965e+00 -1.088762e+00 
 4.061288e+00 -1.088772e+00 
 4.061611e+00 -1.088783e+00 
 4.061934e+00 -1.088793e+00 
 4.062257e+00 -1.088804e+00 
 4.062580e+00 -1.088814e+00 
 4.062903e+00 -1.088824e+00 
 4.063226e+00 -1.088835e+00 
 4.063549e+00 -1.088846e+00 
 4.063872e+00 -1.088857e+00 
 4.064195e+00 -1.088867e+00 
 4.064518e+00 -1.088878e+00 
 4.064841e+00 -1.088889e+00 
 4.065164e+00 -1.088900e+00 
 4.065487e+00 -1.088911e+00 
 4.065810e+00 -1.088922e+00 
 4.066133e+00 -1.088934e+00 
 4.066456e+00 -1.088947e+00 
 4.066779e+00 -1.088960e+00 
 4.067102e+00 -1.088973e+00 
 4.067425e+00 -1.088985e+00 
 4.067748e+00 -1.088998e+00 
 4.068071e+00 -1.089011e+00 
 4.068394e+00 -1.089025e+00 
 4.068717e+00 -1.089038e+00 
 4.069040e+00 -1.089052e+00 
 4.069363e+00 -1.089067e+00 
 4.069686e+00 -1.089081e+00 
 4.070009e+00 -1.089096e+00 
 4.070332e+00 -1.089112e+00 
 4.070655e+00 -1.089128e+00 
 4.070978e+00 -1.089144e+00 
 4.071301e+00 -1.089161e+00 
 4.071624e+00 -1.089179e+00 
 4.071947e+00 -1.089196e+00 
 4.072270e+00 -1.089214e+00 
 4.072593e+00 -1.089231e+00 
 4.072916e+00 -1.089248e+00 
 4.073239e+00 -1.089265e+00 
 4.073562e+00 -1.089283e+00 
 4.073885e+00 -1.089301e+00 
 4.074208e+00 -1.089320e+00 
 4.074531e+00 -1.089340e+00 
 4.074854e+00 -1.089360e+00 
 4.075177e+00 -1.089381e+00 
 4.075500e+00 -1.089401e+00 
 4.075823e+00 -1.089421e+00 
 4.076146e+00 -1.089440e+00 
 4.076469e+00 -1.089461e+00 
 4.076792e+00 -1.089481e+00 
 4.077115e+00 -1.089500e+00 
 4.077438e+00 -1.089520e+00 
 4.077761e+00 -1.089539e+00 
 4.078084e+00 -1.089558e+00 
 4.078407e+00 -1.089578e+00 
 4.078730e+00 -1.089599e+00 
 4.079053e+00 -1.089619e+00 
 4.079376e+00 -1.089641e+00 
 4.079699e+00 -1.089662e+00 
 4.080022e+00 -1.089683e+00 
 4.080345e+00 -1.089703e+00 
 4.080668e+00 -1.089722e+00 
 4.080991e+00 -1.089740e+00 
 4.081314e+00 -1.089759e+00 
 4.081637e+00 -1.089777e+00 
 4.081960e+00 -1.089796e+00 
 4.082283e+00 -1.089814e+00 
 4.082606e+00 -1.089832e+00 
 4.082929e+00 -1.089850e+00 
 4.083252e+00 -1.089868e+00 
 4.083575e+00 -1.089886e+00 
 4.083898e+00 -1.089905e+00 
 4.084221e+00 -1.089924e+00 
 4.084544e+00 -1.089943e+00 
 4.084867e+00 -1.089961e+00 
 4.085190e+00 -1.089979e+00 
 4.085513e+00 -1.089995e+00 
 4.085836e+00 -1.090010e+00 
 4.086159e+00 -1.090024e+00 
 4.086482e+00 -1.090039e+00 
 4.086805e+00 -1.090055e+00 
 4.087128e+00 -1.090071e+00 
 4.087451e+00 -1.090087e+00 
 4.087774e+00 -1.090103e+00 
 4.088097e+00 -1.090119e+00 
 4.088420e+00 -1.090135e+00 
 4.088743e+00 -1.090152e+00 
 4.089066e+00 -1.090168e+00 
 4.089389e+00 -1.090184e+00 
 4.089712e+00 -1.090199e+00 
 4.090035e+00 -1.090214e+00 
 4.090358e+00 -1.090229e+00 
 4.090681e+00 -1.090243e+00 
 4.091004e+00 -1.090257e+00 
 4.091327e+00 -1.090271e+00 
 4.091650e+00 -1.090285e+00 
 4.091973e+00 -1.090301e+00 
 4.092296e+00 -1.090316e+00 
 4.092619e+00 -1.090332e+00 
 4.092942e+00 -1.090347e+00 
 4.093264e+00 -1.090363e+00 
 4.093587e+00 -1.090378e+00 
 4.093910e+00 -1.090394e+00 
 4.094233e+00 -1.090410e+00 
 4.094556e+00 -1.090425e+00 
 4.094879e+00 -1.090440e+00 
 4.095202e+00 -1.090456e+00 
 4.095525e+00 -1.090472e+00 
 4.095848e+00 -1.090487e+00 
 4.096171e+00 -1.090501e+00 
 4.096494e+00 -1.090516e+00 
 4.096817e+00 -1.090532e+00 
 4.097140e+00 -1.090548e+00 
 4.097463e+00 -1.090564e+00 
 4.097786e+00 -1.090580e+00 
 4.098109e+00 -1.090596e+00 
 4.098432e+00 -1.090612e+00 
 4.098755e+00 -1.090628e+00 
 4.099078e+00 -1.090644e+00 
 4.099401e+00 -1.090659e+00 
 4.099724e+00 -1.090675e+00 
 4.100047e+00 -1.090690e+00 
 4.100370e+00 -1.090705e+00 
 4.100693e+00 -1.090722e+00 
 4.101016e+00 -1.090737e+00 
 4.101339e+00 -1.090752e+00 
 4.101662e+00 -1.090766e+00 
 4.101985e+00 -1.090780e+00 
 4.102308e+00 -1.090796e+00 
 4.102631e+00 -1.090811e+00 
 4.102954e+00 -1.090825e+00 
 4.103277e+00 -1.090839e+00 
 4.103600e+00 -1.090853e+00 
 4.103923e+00 -1.090867e+00 
 4.104246e+00 -1.090881e+00 
 4.104569e+00 -1.090894e+00 
 4.104892e+00 -1.090907e+00 
 4.105215e+00 -1.090919e+00 
 4.105538e+00 -1.090932e+00 
 4.105861e+00 -1.090945e+00 
 4.106184e+00 -1.090957e+00 
 4.106507e+00 -1.090968e+00 
 4.106830e+00 -1.090979e+00 
 4.107153e+00 -1.090991e+00 
 4.107476e+00 -1.091003e+00 
 4.107799e+00 -1.091014e+00 
 4.108122e+00 -1.091026e+00 
 4.108445e+00 -1.091036e+00 
 4.108768e+00 -1.091045e+00 
 4.109091e+00 -1.091055e+00 
 4.109414e+00 -1.091065e+00 
 4.109737e+00 -1.091074e+00 
 4.110060e+00 -1.091082e+00 
 4.110383e+00 -1.091090e+00 
 4.110706e+00 -1.091101e+00 
 4.111029e+00 -1.091111e+00 
 4.111352e+00 -1.091120e+00 
 4.111675e+00 -1.091129e+00 
 4.111998e+00 -1.091137e+00 
 4.112321e+00 -1.091146e+00 
 4.112644e+00 -1.091155e+00 
 4.112967e+00 -1.091164e+00 
 4.113290e+00 -1.091173e+00 
 4.113613e+00 -1.091180e+00 
 4.113936e+00 -1.091188e+00 
 4.114259e+00 -1.091196e+00 
 4.114582e+00 -1.091204e+00 
 4.114905e+00 -1.091211e+00 
 4.115228e+00 -1.091218e+00 
 4.115551e+00 -1.091226e+00 
 4.115874e+00 -1.091236e+00 
 4.116197e+00 -1.091246e+00 
 4.116520e+00 -1.091256e+00 
 4.116843e+00 -1.091264e+00 
 4.117166e+00 -1.091273e+00 
 4.117489e+00 -1.091282e+00 
 4.117812e+00 -1.091292e+00 
 4.118135e+00 -1.091301e+00 
 4.118458e+00 -1.091310e+00 
 4.118781e+00 -1.091318e+00 
 4.119104e+00 -1.091327e+00 
 4.119427e+00 -1.091337e+00 
 4.119750e+00 -1.091347e+00 
 4.120073e+00 -1.091357e+00 
 4.120396e+00 -1.091366e+00 
 4.120719e+00 -1.091376e+00 
 4.121042e+00 -1.091387e+00 
 4.121365e+00 -1.091399e+00 
 4.121688e+00 -1.091410e+00 
 4.122011e+00 -1.091420e+00 
 4.122334e+00 -1.091430e+00 
 4.122657e+00 -1.091441e+00 
 4.122980e+00 -1.091452e+00 
 4.123303e+00 -1.091464e+00 
 4.123626e+00 -1.091475e+00 
 4.123949e+00 -1.091486e+00 
 4.124272e+00 -1.091498e+00 
 4.124595e+00 -1.091510e+00 
 4.124918e+00 -1.091521e+00 
 4.125241e+00 -1.091532e+00 
 4.125564e+00 -1.091541e+00 
 4.125887e+00 -1.091551e+00 
 4.126210e+00 -1.091563e+00 
 4.126533e+00 -1.091575e+00 
 4.126856e+00 -1.091587e+00 
 4.127179e+00 -1.091598e+00 
 4.127502e+00 -1.091609e+00 
 4.127825e+00 -1.091620e+00 
 4.128148e+00 -1.091632e+00 
 4.128471e+00 -1.091644e+00 
 4.128793e+00 -1.091655e+00 
 4.129116e+00 -1.091666e+00 
 4.129439e+00 -1.091676e+00 
 4.129762e+00 -1.091688e+00 
 4.130085e+00 -1.091699e+00 
 4.130408e+00 -1.091709e+00 
 4.130731e+00 -1.091717e+00 
 4.131054e+00 -1.091726e+00 
 4.131377e+00 -1.091737e+00 
 4.131700e+00 -1.091749e+00 
 4.132023e+00 -1.091760e+00 
 4.132346e+00 -1.091770e+00 
 4.132669e+00 -1.091780e+00 
 4.132992e+00 -1.091791e+00 
 4.133315e+00 -1.091802e+00 
 4.133638e+00 -1.091812e+00 
 4.133961e+00 -1.091822e+00 
 4.134284e+00 -1.091831e+00 
 4.134607e+00 -1.091841e+00 
 4.134930e+00 -1.091851e+00 
 4.135253e+00 -1.091862e+00 
 4.135576e+00 -1.091872e+00 
 4.135899e+00 -1.091881e+00 
 4.136222e+00 -1.091891e+00 
 4.136545e+00 -1.091903e+00 
 4.136868e+00 -1.091915e+00 
 4.137191e+00 -1.091926e+00 
 4.137514e+00 -1.091936e+00 
 4.137837e+00 -1.091946e+00 
 4.138160e+00 -1.091956e+00 
 4.138483e+00 -1.091967e+00 
 4.138806e+00 -1.091978e+00 
 4.139129e+00 -1.091988e+00 
 4.139452e+00 -1.091999e+00 
 4.139775e+00 -1.092010e+00 
 4.140098e+00 -1.092023e+00 
 4.140421e+00 -1.092036e+00 
 4.140744e+00 -1.092048e+00 
 4.141067e+00 -1.092058e+00 
 4.141390e+00 -1.092069e+00 
 4.141713e+00 -1.092082e+00 
 4.142036e+00 -1.092094e+00 
 4.142359e+00 -1.092106e+00 
 4.142682e+00 -1.092118e+00 
 4.143005e+00 -1.092129e+00 
 4.143328e+00 -1.092141e+00 
 4.143651e+00 -1.092154e+00 
 4.143974e+00 -1.092167e+00 
 4.144297e+00 -1.092180e+00 
 4.144620e+00 -1.092193e+00 
 4.144943e+00 -1.092206e+00 
 4.145266e+00 -1.092221e+00 
 4.145589e+00 -1.092234e+00 
 4.145912e+00 -1.092247e+00 
 4.146235e+00 -1.092258e+00 
 4.146558e+00 -1.092270e+00 
 4.146881e+00 -1.092283e+00 
 4.147204e+00 -1.092296e+00 
 4.147527e+00 -1.092309e+00 
 4.147850e+00 -1.092322e+00 
 4.148173e+00 -1.092335e+00 
 4.148496e+00 -1.092348e+00 
 4.148819e+00 -1.092362e+00 
 4.149142e+00 -1.092376e+00 
 4.149465e+00 -1.092389e+00 
 4.149788e+00 -1.092401e+00 
 4.150111e+00 -1.092414e+00 
 4.150434e+00 -1.092427e+00 
 4.150757e+00 -1.092441e+00 
 4.151080e+00 -1.092453e+00 
 4.151403e+00 -1.092464e+00 
 4.151726e+00 -1.092476e+00 
 4.152049e+00 -1.092489e+00 
 4.152372e+00 -1.092503e+00 
 4.152695e+00 -1.092517e+00 
 4.153018e+00 -1.092529e+00 
 4.153341e+00 -1.092542e+00 
 4.153664e+00 -1.092554e+00 
 4.153987e+00 -1.092567e+00 
 4.154310e+00 -1.092579e+00 
 4.154633e+00 -1.092590e+00 
 4.154956e+00 -1.092601e+00 
 4.155279e+00 -1.092613e+00 
 4.155602e+00 -1.092628e+00 
 4.155925e+00 -1.092642e+00 
 4.156248e+00 -1.092654e+00 
 4.156571e+00 -1.092666e+00 
 4.156894e+00 -1.092679e+00 
 4.157217e+00 -1.092692e+00 
 4.157540e+00 -1.092705e+00 
 4.157863e+00 -1.092718e+00 
 4.158186e+00 -1.092730e+00 
 4.158509e+00 -1.092741e+00 
 4.158832e+00 -1.092753e+00 
 4.159155e+00 -1.092765e+00 
 4.159478e+00 -1.092777e+00 
 4.159801e+00 -1.092789e+00 
 4.160124e+00 -1.092801e+00 
 4.160447e+00 -1.092815e+00 
 4.160770e+00 -1.092831e+00 
 4.161093e+00 -1.092845e+00 
 4.161416e+00 -1.092859e+00 
 4.161739e+00 -1.092870e+00 
 4.162062e+00 -1.092883e+00 
 4.162385e+00 -1.092896e+00 
 4.162708e+00 -1.092909e+00 
 4.163031e+00 -1.092922e+00 
 4.163354e+00 -1.092933e+00 
 4.163677e+00 -1.092945e+00 
 4.164000e+00 -1.092958e+00 
 4.164322e+00 -1.092972e+00 
 4.164645e+00 -1.092986e+00 
 4.164968e+00 -1.092999e+00 
 4.165291e+00 -1.093011e+00 
 4.165614e+00 -1.093024e+00 
 4.165937e+00 -1.093038e+00 
 4.166260e+00 -1.093052e+00 
 4.166583e+00 -1.093063e+00 
 4.166906e+00 -1.093074e+00 
 4.167229e+00 -1.093085e+00 
 4.167552e+00 -1.093097e+00 
 4.167875e+00 -1.093110e+00 
 4.168198e+00 -1.093122e+00 
 4.168521e+00 -1.093134e+00 
 4.168844e+00 -1.093146e+00 
 4.169167e+00 -1.093158e+00 
 4.169490e+00 -1.093171e+00 
 4.169813e+00 -1.093183e+00 
 4.170136e+00 -1.093193e+00 
 4.170459e+00 -1.093201e+00 
 4.170782e+00 -1.093209e+00 
 4.171105e+00 -1.093220e+00 
 4.171428e+00 -1.093230e+00 
 4.171751e+00 -1.093239e+00 
 4.172074e+00 -1.093247e+00 
 4.172397e+00 -1.093257e+00 
 4.172720e+00 -1.093267e+00 
 4.173043e+00 -1.093278e+00 
 4.173366e+00 -1.093288e+00 
 4.173689e+00 -1.093297e+00 
 4.174012e+00 -1.093305e+00 
 4.174335e+00 -1.093313e+00 
 4.174658e+00 -1.093322e+00 
 4.174981e+00 -1.093329e+00 
 4.175304e+00 -1.093335e+00 
 4.175627e+00 -1.093339e+00 
 4.175950e+00 -1.093344e+00 
 4.176273e+00 -1.093352e+00 
 4.176596e+00 -1.093360e+00 
 4.176919e+00 -1.093368e+00 
 4.177242e+00 -1.093374e+00 
 4.177565e+00 -1.093382e+00 
 4.177888e+00 -1.093390e+00 
 4.178211e+00 -1.093398e+00 
 4.178534e+00 -1.093405e+00 
 4.178857e+00 -1.093411e+00 
 4.179180e+00 -1.093416e+00 
 4.179503e+00 -1.093422e+00 
 4.179826e+00 -1.093428e+00 
 4.180149e+00 -1.093435e+00 
 4.180472e+00 -1.093442e+00 
 4.180795e+00 -1.093448e+00 
 4.181118e+00 -1.093454e+00 
 4.181441e+00 -1.093464e+00 
 4.181764e+00 -1.093473e+00 
 4.182087e+00 -1.093481e+00 
 4.182410e+00 -1.093488e+00 
 4.182733e+00 -1.093496e+00 
 4.183056e+00 -1.093504e+00 
 4.183379e+00 -1.093512e+00 
 4.183702e+00 -1.093519e+00 
 4.184025e+00 -1.093527e+00 
 4.184348e+00 -1.093535e+00 
 4.184671e+00 -1.093545e+00 
 4.184994e+00 -1.093556e+00 
 4.185317e+00 -1.093568e+00 
 4.185640e+00 -1.093581e+00 
 4.185963e+00 -1.093591e+00 
 4.186286e+00 -1.093601e+00 
 4.186609e+00 -1.093613e+00 
 4.186932e+00 -1.093624e+00 
 4.187255e+00 -1.093634e+00 
 4.187578e+00 -1.093644e+00 
 4.187901e+00 -1.093655e+00 
 4.188224e+00 -1.093666e+00 
 4.188547e+00 -1.093679e+00 
 4.188870e+00 -1.093691e+00 
 4.189193e+00 -1.093704e+00 
 4.189516e+00 -1.093717e+00 
 4.189839e+00 -1.093731e+00 
 4.190162e+00 -1.093746e+00 
 4.190485e+00 -1.093762e+00 
 4.190808e+00 -1.093777e+00 
 4.191131e+00 -1.093789e+00 
 4.191454e+00 -1.093800e+00 
 4.191777e+00 -1.093813e+00 
 4.192100e+00 -1.093825e+00 
 4.192423e+00 -1.093837e+00 
 4.192746e+00 -1.093849e+00 
 4.193069e+00 -1.093863e+00 
 4.193392e+00 -1.093877e+00 
 4.193715e+00 -1.093891e+00 
 4.194038e+00 -1.093906e+00 
 4.194361e+00 -1.093919e+00 
 4.194684e+00 -1.093932e+00 
 4.195007e+00 -1.093945e+00 
 4.195330e+00 -1.093957e+00 
 4.195653e+00 -1.093970e+00 
 4.195976e+00 -1.093982e+00 
 4.196299e+00 -1.093991e+00 
 4.196622e+00 -1.094001e+00 
 4.196945e+00 -1.094013e+00 
 4.197268e+00 -1.094025e+00 
 4.197591e+00 -1.094036e+00 
 4.197914e+00 -1.094048e+00 
 4.198237e+00 -1.094060e+00 
 4.198560e+00 -1.094072e+00 
 4.198883e+00 -1.094083e+00 
 4.199206e+00 -1.094094e+00 
 4.199529e+00 -1.094102e+00 
 4.199851e+00 -1.094110e+00 
 4.200174e+00 -1.094118e+00 
 4.200497e+00 -1.094125e+00 
 4.200820e+00 -1.094133e+00 
 4.201143e+00 -1.094142e+00 
 4.201466e+00 -1.094150e+00 
 4.201789e+00 -1.094158e+00 
 4.202112e+00 -1.094168e+00 
 4.202435e+00 -1.094178e+00 
 4.202758e+00 -1.094187e+00 
 4.203081e+00 -1.094195e+00 
 4.203404e+00 -1.094204e+00 
 4.203727e+00 -1.094212e+00 
 4.204050e+00 -1.094219e+00 
 4.204373e+00 -1.094226e+00 
 4.204696e+00 -1.094232e+00 
 4.205019e+00 -1.094238e+00 
 4.205342e+00 -1.094245e+00 
 4.205665e+00 -1.094250e+00 
 4.205988e+00 -1.094258e+00 
 4.206311e+00 -1.094267e+00 
 4.206634e+00 -1.094275e+00 
 4.206957e+00 -1.094284e+00 
 4.207280e+00 -1.094293e+00 
 4.207603e+00 -1.094303e+00 
 4.207926e+00 -1.094311e+00 
 4.208249e+00 -1.094319e+00 
 4.208572e+00 -1.094328e+00 
 4.208895e+00 -1.094336e+00 
 4.209218e+00 -1.094344e+00 
 4.209541e+00 -1.094353e+00 
 4.209864e+00 -1.094362e+00 
 4.210187e+00 -1.094372e+00 
 4.210510e+00 -1.094382e+00 
 4.210833e+00 -1.094392e+00 
 4.211156e+00 -1.094403e+00 
 4.211479e+00 -1.094415e+00 
 4.211802e+00 -1.094426e+00 
 4.212125e+00 -1.094437e+00 
 4.212448e+00 -1.094449e+00 
 4.212771e+00 -1.094461e+00 
 4.213094e+00 -1.094473e+00 
 4.213417e+00 -1.094484e+00 
 4.213740e+00 -1.094497e+00 
 4.214063e+00 -1.094510e+00 
 4.214386e+00 -1.094524e+00 
 4.214709e+00 -1.094538e+00 
 4.215032e+00 -1.094553e+00 
 4.215355e+00 -1.094568e+00 
 4.215678e+00 -1.094583e+00 
 4.216001e+00 -1.094597e+00 
 4.216324e+00 -1.094612e+00 
 4.216647e+00 -1.094628e+00 
 4.216970e+00 -1.094643e+00 
 4.217293e+00 -1.094657e+00 
 4.217616e+00 -1.094673e+00 
 4.217939e+00 -1.094689e+00 
 4.218262e+00 -1.094705e+00 
 4.218585e+00 -1.094721e+00 
 4.218908e+00 -1.094737e+00 
 4.219231e+00 -1.094754e+00 
 4.219554e+00 -1.094771e+00 
 4.219877e+00 -1.094788e+00 
 4.220200e+00 -1.094806e+00 
 4.220523e+00 -1.094824e+00 
 4.220846e+00 -1.094841e+00 
 4.221169e+00 -1.094857e+00 
 4.221492e+00 -1.094873e+00 
 4.221815e+00 -1.094890e+00 
 4.222138e+00 -1.094906e+00 
 4.222461e+00 -1.094922e+00 
 4.222784e+00 -1.094939e+00 
 4.223107e+00 -1.094956e+00 
 4.223430e+00 -1.094972e+00 
 4.223753e+00 -1.094987e+00 
 4.224076e+00 -1.095004e+00 
 4.224399e+00 -1.095020e+00 
 4.224722e+00 -1.095035e+00 
 4.225045e+00 -1.095051e+00 
 4.225368e+00 -1.095066e+00 
 4.225691e+00 -1.095082e+00 
 4.226014e+00 -1.095097e+00 
 4.226337e+00 -1.095111e+00 
 4.226660e+00 -1.095124e+00 
 4.226983e+00 -1.095138e+00 
 4.227306e+00 -1.095152e+00 
 4.227629e+00 -1.095165e+00 
 4.227952e+00 -1.095179e+00 
 4.228275e+00 -1.095192e+00 
 4.228598e+00 -1.095205e+00 
 4.228921e+00 -1.095217e+00 
 4.229244e+00 -1.095229e+00 
 4.229567e+00 -1.095241e+00 
 4.229890e+00 -1.095252e+00 
 4.230213e+00 -1.095263e+00 
 4.230536e+00 -1.095274e+00 
 4.230859e+00 -1.095286e+00 
 4.231182e+00 -1.095297e+00 
 4.231505e+00 -1.095307e+00 
 4.231828e+00 -1.095317e+00 
 4.232151e+00 -1.095327e+00 
 4.232474e+00 -1.095337e+00 
 4.232797e+00 -1.095348e+00 
 4.233120e+00 -1.095358e+00 
 4.233443e+00 -1.095369e+00 
 4.233766e+00 -1.095378e+00 
 4.234089e+00 -1.095388e+00 
 4.234412e+00 -1.095397e+00 
 4.234735e+00 -1.095405e+00 
 4.235058e+00 -1.095413e+00 
 4.235380e+00 -1.095422e+00 
 4.235703e+00 -1.095432e+00 
 4.236026e+00 -1.095443e+00 
 4.236349e+00 -1.095454e+00 
 4.236672e+00 -1.095464e+00 
 4.236995e+00 -1.095474e+00 
 4.237318e+00 -1.095484e+00 
 4.237641e+00 -1.095495e+00 
 4.237964e+00 -1.095506e+00 
 4.238287e+00 -1.095516e+00 
 4.238610e+00 -1.095527e+00 
 4.238933e+00 -1.095537e+00 
 4.239256e+00 -1.095547e+00 
 4.239579e+00 -1.095557e+00 
 4.239902e+00 -1.095568e+00 
 4.240225e+00 -1.095579e+00 
 4.240548e+00 -1.095591e+00 
 4.240871e+00 -1.095605e+00 
 4.241194e+00 -1.095619e+00 
 4.241517e+00 -1.095633e+00 
 4.241840e+00 -1.095646e+00 
 4.242163e+00 -1.095659e+00 
 4.242486e+00 -1.095673e+00 
 4.242809e+00 -1.095686e+00 
 4.243132e+00 -1.095699e+00 
 4.243455e+00 -1.095713e+00 
 4.243778e+00 -1.095725e+00 
 4.244101e+00 -1.095738e+00 
 4.244424e+00 -1.095752e+00 
 4.244747e+00 -1.095766e+00 
 4.245070e+00 -1.095781e+00 
 4.245393e+00 -1.095796e+00 
 4.245716e+00 -1.095812e+00 
 4.246039e+00 -1.095829e+00 
 4.246362e+00 -1.095846e+00 
 4.246685e+00 -1.095862e+00 
 4.247008e+00 -1.095876e+00 
 4.247331e+00 -1.095890e+00 
 4.247654e+00 -1.095904e+00 
 4.247977e+00 -1.095918e+00 
 4.248300e+00 -1.095932e+00 
 4.248623e+00 -1.095946e+00 
 4.248946e+00 -1.095960e+00 
 4.249269e+00 -1.095975e+00 
 4.249592e+00 -1.095990e+00 
 4.249915e+00 -1.096006e+00 
 4.250238e+00 -1.096021e+00 
 4.250561e+00 -1.096035e+00 
 4.250884e+00 -1.096049e+00 
 4.251207e+00 -1.096063e+00 
 4.251530e+00 -1.096077e+00 
 4.251853e+00 -1.096090e+00 
 4.252176e+00 -1.096101e+00 
 4.252499e+00 -1.096112e+00 
 4.252822e+00 -1.096123e+00 
 4.253145e+00 -1.096135e+00 
 4.253468e+00 -1.096146e+00 
 4.253791e+00 -1.096158e+00 
 4.254114e+00 -1.096169e+00 
 4.254437e+00 -1.096181e+00 
 4.254760e+00 -1.096193e+00 
 4.255083e+00 -1.096204e+00 
 4.255406e+00 -1.096214e+00 
 4.255729e+00 -1.096224e+00 
 4.256052e+00 -1.096233e+00 
 4.256375e+00 -1.096243e+00 
 4.256698e+00 -1.096252e+00 
 4.257021e+00 -1.096260e+00 
 4.257344e+00 -1.096267e+00 
 4.257667e+00 -1.096275e+00 
 4.257990e+00 -1.096282e+00 
 4.258313e+00 -1.096290e+00 
 4.258636e+00 -1.096299e+00 
 4.258959e+00 -1.096308e+00 
 4.259282e+00 -1.096316e+00 
 4.259605e+00 -1.096324e+00 
 4.259928e+00 -1.096331e+00 
 4.260251e+00 -1.096339e+00 
 4.260574e+00 -1.096347e+00 
 4.260897e+00 -1.096355e+00 
 4.261220e+00 -1.096363e+00 
 4.261543e+00 -1.096371e+00 
 4.261866e+00 -1.096379e+00 
 4.262189e+00 -1.096387e+00 
 4.262512e+00 -1.096395e+00 
 4.262835e+00 -1.096403e+00 
 4.263158e+00 -1.096411e+00 
 4.263481e+00 -1.096420e+00 
 4.263804e+00 -1.096429e+00 
 4.264127e+00 -1.096437e+00 
 4.264450e+00 -1.096445e+00 
 4.264773e+00 -1.096454e+00 
 4.265096e+00 -1.096468e+00 
 4.265419e+00 -1.096482e+00 
 4.265742e+00 -1.096491e+00 
 4.266065e+00 -1.096500e+00 
 4.266388e+00 -1.096514e+00 
 4.266711e+00 -1.096523e+00 
 4.267034e+00 -1.096532e+00 
 4.267357e+00 -1.096543e+00 
 4.267680e+00 -1.096551e+00 
 4.268003e+00 -1.096568e+00 
 4.268326e+00 -1.096581e+00 
 4.268649e+00 -1.096596e+00 
 4.268972e+00 -1.096610e+00 
 4.269295e+00 -1.096615e+00 
 4.269618e+00 -1.096635e+00 
 4.269941e+00 -1.096653e+00 
 4.270264e+00 -1.096658e+00 
 4.270586e+00 -1.096676e+00 
 4.270909e+00 -1.096692e+00 
 4.271232e+00 -1.096709e+00 
 4.271555e+00 -1.096721e+00 
 4.271878e+00 -1.096729e+00 
 4.272201e+00 -1.096749e+00 
 4.272524e+00 -1.096757e+00 
 4.272847e+00 -1.096770e+00 
 4.273170e+00 -1.096784e+00 
 4.273493e+00 -1.096799e+00 
 4.273816e+00 -1.096814e+00 
 4.274139e+00 -1.096828e+00 
 4.274462e+00 -1.096844e+00 
 4.274785e+00 -1.096861e+00 
 4.275108e+00 -1.096871e+00 
 4.275431e+00 -1.096882e+00 
 4.275754e+00 -1.096893e+00 
 4.276077e+00 -1.096900e+00 
 4.276400e+00 -1.096912e+00 
 4.276723e+00 -1.096918e+00 
 4.277046e+00 -1.096932e+00 
 4.277369e+00 -1.096941e+00 
 4.277692e+00 -1.096953e+00 
 4.278015e+00 -1.096962e+00 
 4.278338e+00 -1.096972e+00 
 4.278661e+00 -1.096982e+00 
 4.278984e+00 -1.096990e+00 
 4.279307e+00 -1.097001e+00 
 4.279630e+00 -1.097008e+00 
 4.279953e+00 -1.097013e+00 
 4.280276e+00 -1.097020e+00 
 4.280599e+00 -1.097021e+00 
 4.280922e+00 -1.097024e+00 
 4.281245e+00 -1.097030e+00 
 4.281568e+00 -1.097034e+00 
 4.281891e+00 -1.097040e+00 
 4.282214e+00 -1.097045e+00 
 4.282537e+00 -1.097049e+00 
 4.282860e+00 -1.097056e+00 
 4.283183e+00 -1.097061e+00 
 4.283506e+00 -1.097063e+00 
 4.283829e+00 -1.097072e+00 
 4.284152e+00 -1.097072e+00 
 4.284475e+00 -1.097078e+00 
 4.284798e+00 -1.097075e+00 
 4.285121e+00 -1.097080e+00 
 4.285444e+00 -1.097081e+00 
 4.285767e+00 -1.097087e+00 
 4.286090e+00 -1.097089e+00 
 4.286413e+00 -1.097093e+00 
 4.286736e+00 -1.097096e+00 
 4.287059e+00 -1.097104e+00 
 4.287382e+00 -1.097107e+00 
 4.287705e+00 -1.097112e+00 
 4.288028e+00 -1.097117e+00 
 4.288351e+00 -1.097125e+00 
 4.288674e+00 -1.097129e+00 
 4.288997e+00 -1.097134e+00 
 4.289320e+00 -1.097141e+00 
 4.289643e+00 -1.097151e+00 
 4.289966e+00 -1.097153e+00 
 4.290289e+00 -1.097161e+00 
 4.290612e+00 -1.097175e+00 
 4.290935e+00 -1.097183e+00 
 4.291258e+00 -1.097185e+00 
 4.291581e+00 -1.097198e+00 
 4.291904e+00 -1.097209e+00 
 4.292227e+00 -1.097215e+00 
 4.292550e+00 -1.097228e+00 
 4.292873e+00 -1.097237e+00 
 4.293196e+00 -1.097250e+00 
 4.293519e+00 -1.097260e+00 
 4.293842e+00 -1.097272e+00 
 4.294165e+00 -1.097290e+00 
 4.294488e+00 -1.097300e+00 
 4.294811e+00 -1.097316e+00 
 4.295134e+00 -1.097330e+00 
 4.295457e+00 -1.097343e+00 
 4.295780e+00 -1.097358e+00 
 4.296103e+00 -1.097368e+00 
 4.296426e+00 -1.097378e+00 
 4.296749e+00 -1.097395e+00 
 4.297072e+00 -1.097409e+00 
 4.297395e+00 -1.097423e+00 
 4.297718e+00 -1.097439e+00 
 4.298041e+00 -1.097455e+00 
 4.298364e+00 -1.097468e+00 
 4.298687e+00 -1.097480e+00 
 4.299010e+00 -1.097494e+00 
 4.299333e+00 -1.097509e+00 
 4.299656e+00 -1.097522e+00 
 4.299979e+00 -1.097533e+00 
 4.300302e+00 -1.097546e+00 
 4.300625e+00 -1.097555e+00 
 4.300948e+00 -1.097568e+00 
 4.301271e+00 -1.097576e+00 
 4.301594e+00 -1.097585e+00 
 4.301917e+00 -1.097597e+00 
 4.302240e+00 -1.097609e+00 
 4.302563e+00 -1.097618e+00 
 4.302886e+00 -1.097628e+00 
 4.303209e+00 -1.097640e+00 
 4.303532e+00 -1.097649e+00 
 4.303855e+00 -1.097656e+00 
 4.304178e+00 -1.097665e+00 
 4.304501e+00 -1.097670e+00 
 4.304824e+00 -1.097674e+00 
 4.305147e+00 -1.097679e+00 
 4.305470e+00 -1.097683e+00 
 4.305793e+00 -1.097692e+00 
 4.306115e+00 -1.097700e+00 
 4.306438e+00 -1.097705e+00 
 4.306761e+00 -1.097712e+00 
 4.307084e+00 -1.097717e+00 
 4.307407e+00 -1.097725e+00 
 4.307730e+00 -1.097731e+00 
 4.308053e+00 -1.097736e+00 
 4.308376e+00 -1.097740e+00 
 4.308699e+00 -1.097747e+00 
 4.309022e+00 -1.097748e+00 
 4.309345e+00 -1.097752e+00 
 4.309668e+00 -1.097755e+00 
 4.309991e+00 -1.097759e+00 
 4.310314e+00 -1.097761e+00 
 4.310637e+00 -1.097767e+00 
 4.310960e+00 -1.097775e+00 
 4.311283e+00 -1.097784e+00 
 4.311606e+00 -1.097790e+00 
 4.311929e+00 -1.097796e+00 
 4.312252e+00 -1.097806e+00 
 4.312575e+00 -1.097811e+00 
 4.312898e+00 -1.097819e+00 
 4.313221e+00 -1.097828e+00 
 4.313544e+00 -1.097835e+00 
 4.313867e+00 -1.097838e+00 
 4.314190e+00 -1.097846e+00 
 4.314513e+00 -1.097857e+00 
 4.314836e+00 -1.097865e+00 
 4.315159e+00 -1.097872e+00 
 4.315482e+00 -1.097885e+00 
 4.315805e+00 -1.097898e+00 
 4.316128e+00 -1.097911e+00 
 4.316451e+00 -1.097927e+00 
 4.316774e+00 -1.097937e+00 
 4.317097e+00 -1.097949e+00 
 4.317420e+00 -1.097963e+00 
 4.317743e+00 -1.097977e+00 
 4.318066e+00 -1.097989e+00 
 4.318389e+00 -1.098002e+00 
 4.318712e+00 -1.098015e+00 
 4.319035e+00 -1.098029e+00 
 4.319358e+00 -1.098044e+00 
 4.319681e+00 -1.098061e+00 
 4.320004e+00 -1.098077e+00 
 4.320327e+00 -1.098093e+00 
 4.320650e+00 -1.098109e+00 
 4.320973e+00 -1.098124e+00 
 4.321296e+00 -1.098141e+00 
 4.321619e+00 -1.098158e+00 
 4.321942e+00 -1.098173e+00 
 4.322265e+00 -1.098188e+00 
 4.322588e+00 -1.098206e+00 
 4.322911e+00 -1.098223e+00 
 4.323234e+00 -1.098238e+00 
 4.323557e+00 -1.098254e+00 
 4.323880e+00 -1.098271e+00 
 4.324203e+00 -1.098286e+00 
 4.324526e+00 -1.098300e+00 
 4.324849e+00 -1.098316e+00 
 4.325172e+00 -1.098332e+00 
 4.325495e+00 -1.098343e+00 
 4.325818e+00 -1.098355e+00 
 4.326141e+00 -1.098370e+00 
 4.326464e+00 -1.098385e+00 
 4.326787e+00 -1.098398e+00 
 4.327110e+00 -1.098410e+00 
 4.327433e+00 -1.098423e+00 
 4.327756e+00 -1.098433e+00 
 4.328079e+00 -1.098445e+00 
 4.328402e+00 -1.098457e+00 
 4.328725e+00 -1.098467e+00 
 4.329048e+00 -1.098476e+00 
 4.329371e+00 -1.098485e+00 
 4.329694e+00 -1.098493e+00 
 4.330017e+00 -1.098501e+00 
 4.330340e+00 -1.098509e+00 
 4.330663e+00 -1.098514e+00 
 4.330986e+00 -1.098520e+00 
 4.331309e+00 -1.098528e+00 
 4.331632e+00 -1.098537e+00 
 4.331955e+00 -1.098545e+00 
 4.332278e+00 -1.098550e+00 
 4.332601e+00 -1.098556e+00 
 4.332924e+00 -1.098560e+00 
 4.333247e+00 -1.098563e+00 
 4.333570e+00 -1.098568e+00 
 4.333893e+00 -1.098572e+00 
 4.334216e+00 -1.098575e+00 
 4.334539e+00 -1.098578e+00 
 4.334862e+00 -1.098585e+00 
 4.335185e+00 -1.098593e+00 
 4.335508e+00 -1.098596e+00 
 4.335831e+00 -1.098599e+00 
 4.336154e+00 -1.098605e+00 
 4.336477e+00 -1.098609e+00 
 4.336800e+00 -1.098613e+00 
 4.337123e+00 -1.098619e+00 
 4.337446e+00 -1.098624e+00 
 4.337769e+00 -1.098626e+00 
 4.338092e+00 -1.098631e+00 
 4.338415e+00 -1.098639e+00 
 4.338738e+00 -1.098646e+00 
 4.339061e+00 -1.098651e+00 
 4.339384e+00 -1.098659e+00 
 4.339707e+00 -1.098667e+00 
 4.340030e+00 -1.098677e+00 
 4.340353e+00 -1.098688e+00 
 4.340676e+00 -1.098695e+00 
 4.340999e+00 -1.098702e+00 
 4.341322e+00 -1.098709e+00 
 4.341644e+00 -1.098716e+00 
 4.341967e+00 -1.098727e+00 
 4.342290e+00 -1.098735e+00 
 4.342613e+00 -1.098745e+00 
 4.342936e+00 -1.098756e+00 
 4.343259e+00 -1.098766e+00 
 4.343582e+00 -1.098777e+00 
 4.343905e+00 -1.098790e+00 
 4.344228e+00 -1.098800e+00 
 4.344551e+00 -1.098812e+00 
 4.344874e+00 -1.098824e+00 
 4.345197e+00 -1.098837e+00 
 4.345520e+00 -1.098850e+00 
 4.345843e+00 -1.098861e+00 
 4.346166e+00 -1.098870e+00 
 4.346489e+00 -1.098880e+00 
 4.346812e+00 -1.098891e+00 
 4.347135e+00 -1.098903e+00 
 4.347458e+00 -1.098916e+00 
 4.347781e+00 -1.098927e+00 
 4.348104e+00 -1.098938e+00 
 4.348427e+00 -1.098950e+00 
 4.348750e+00 -1.098962e+00 
 4.349073e+00 -1.098973e+00 
 4.349396e+00 -1.098983e+00 
 4.349719e+00 -1.098993e+00 
 4.350042e+00 -1.099003e+00 
 4.350365e+00 -1.099011e+00 
 4.350688e+00 -1.099022e+00 
 4.351011e+00 -1.099031e+00 
 4.351334e+00 -1.099038e+00 
 4.351657e+00 -1.099044e+00 
 4.351980e+00 -1.099053e+00 
 4.352303e+00 -1.099063e+00 
 4.352626e+00 -1.099070e+00 
 4.352949e+00 -1.099075e+00 
 4.353272e+00 -1.099081e+00 
 4.353595e+00 -1.099086e+00 
 4.353918e+00 -1.099092e+00 
 4.354241e+00 -1.099098e+00 
 4.354564e+00 -1.099102e+00 
 4.354887e+00 -1.099105e+00 
 4.355210e+00 -1.099109e+00 
 4.355533e+00 -1.099113e+00 
 4.355856e+00 -1.099118e+00 
 4.356179e+00 -1.099122e+00 
 4.356502e+00 -1.099124e+00 
 4.356825e+00 -1.099126e+00 
 4.357148e+00 -1.099129e+00 
 4.357471e+00 -1.099132e+00 
 4.357794e+00 -1.099135e+00 
 4.358117e+00 -1.099137e+00 
 4.358440e+00 -1.099138e+00 
 4.358763e+00 -1.099140e+00 
 4.359086e+00 -1.099142e+00 
 4.359409e+00 -1.099144e+00 
 4.359732e+00 -1.099145e+00 
 4.360055e+00 -1.099147e+00 
 4.360378e+00 -1.099149e+00 
 4.360701e+00 -1.099153e+00 
 4.361024e+00 -1.099158e+00 
 4.361347e+00 -1.099160e+00 
 4.361670e+00 -1.099160e+00 
 4.361993e+00 -1.099162e+00 
 4.362316e+00 -1.099165e+00 
 4.362639e+00 -1.099170e+00 
 4.362962e+00 -1.099174e+00 
 4.363285e+00 -1.099178e+00 
 4.363608e+00 -1.099182e+00 
 4.363931e+00 -1.099187e+00 
 4.364254e+00 -1.099193e+00 
 4.364577e+00 -1.099200e+00 
 4.364900e+00 -1.099205e+00 
 4.365223e+00 -1.099210e+00 
 4.365546e+00 -1.099217e+00 
 4.365869e+00 -1.099226e+00 
 4.366192e+00 -1.099233e+00 
 4.366515e+00 -1.099241e+00 
 4.366838e+00 -1.099248e+00 
 4.367161e+00 -1.099255e+00 
 4.367484e+00 -1.099266e+00 
 4.367807e+00 -1.099277e+00 
 4.368130e+00 -1.099287e+00 
 4.368453e+00 -1.099299e+00 
 4.368776e+00 -1.099309e+00 
 4.369099e+00 -1.099321e+00 
 4.369422e+00 -1.099333e+00 
 4.369745e+00 -1.099345e+00 
 4.370068e+00 -1.099357e+00 
 4.370391e+00 -1.099368e+00 
 4.370714e+00 -1.099381e+00 
 4.371037e+00 -1.099396e+00 
 4.371360e+00 -1.099410e+00 
 4.371683e+00 -1.099424e+00 
 4.372006e+00 -1.099437e+00 
 4.372329e+00 -1.099452e+00 
 4.372652e+00 -1.099468e+00 
 4.372975e+00 -1.099483e+00 
 4.373298e+00 -1.099498e+00 
 4.373621e+00 -1.099513e+00 
 4.373944e+00 -1.099526e+00 
 4.374267e+00 -1.099541e+00 
 4.374590e+00 -1.099557e+00 
 4.374913e+00 -1.099573e+00 
 4.375236e+00 -1.099587e+00 
 4.375559e+00 -1.099601e+00 
 4.375882e+00 -1.099617e+00 
 4.376205e+00 -1.099634e+00 
 4.376528e+00 -1.099650e+00 
 4.376851e+00 -1.099666e+00 
 4.377173e+00 -1.099680e+00 
 4.377496e+00 -1.099694e+00 
 4.377819e+00 -1.099709e+00 
 4.378142e+00 -1.099723e+00 
 4.378465e+00 -1.099737e+00 
 4.378788e+00 -1.099750e+00 
 4.379111e+00 -1.099763e+00 
 4.379434e+00 -1.099777e+00 
 4.379757e+00 -1.099791e+00 
 4.380080e+00 -1.099805e+00 
 4.380403e+00 -1.099818e+00 
 4.380726e+00 -1.099830e+00 
 4.381049e+00 -1.099845e+00 
 4.381372e+00 -1.099858e+00 
 4.381695e+00 -1.099871e+00 
 4.382018e+00 -1.099882e+00 
 4.382341e+00 -1.099891e+00 
 4.382664e+00 -1.099903e+00 
 4.382987e+00 -1.099915e+00 
 4.383310e+00 -1.099928e+00 
 4.383633e+00 -1.099940e+00 
 4.383956e+00 -1.099950e+00 
 4.384279e+00 -1.099961e+00 
 4.384602e+00 -1.099972e+00 
 4.384925e+00 -1.099983e+00 
 4.385248e+00 -1.099994e+00 
 4.385571e+00 -1.100003e+00 
 4.385894e+00 -1.100012e+00 
 4.386217e+00 -1.100024e+00 
 4.386540e+00 -1.100035e+00 
 4.386863e+00 -1.100046e+00 
 4.387186e+00 -1.100055e+00 
 4.387509e+00 -1.100065e+00 
 4.387832e+00 -1.100076e+00 
 4.388155e+00 -1.100087e+00 
 4.388478e+00 -1.100099e+00 
 4.388801e+00 -1.100110e+00 
 4.389124e+00 -1.100120e+00 
 4.389447e+00 -1.100131e+00 
 4.389770e+00 -1.100142e+00 
 4.390093e+00 -1.100153e+00 
 4.390416e+00 -1.100164e+00 
 4.390739e+00 -1.100175e+00 
 4.391062e+00 -1.100185e+00 
 4.391385e+00 -1.100198e+00 
 4.391708e+00 -1.100211e+00 
 4.392031e+00 -1.100224e+00 
 4.392354e+00 -1.100236e+00 
 4.392677e+00 -1.100248e+00 
 4.393000e+00 -1.100261e+00 
 4.393323e+00 -1.100275e+00 
 4.393646e+00 -1.100288e+00 
 4.393969e+00 -1.100300e+00 
 4.394292e+00 -1.100312e+00 
 4.394615e+00 -1.100325e+00 
 4.394938e+00 -1.100339e+00 
 4.395261e+00 -1.100353e+00 
 4.395584e+00 -1.100367e+00 
 4.395907e+00 -1.100381e+00 
 4.396230e+00 -1.100395e+00 
 4.396553e+00 -1.100411e+00 
 4.396876e+00 -1.100426e+00 
 4.397199e+00 -1.100441e+00 
 4.397522e+00 -1.100456e+00 
 4.397845e+00 -1.100469e+00 
 4.398168e+00 -1.100483e+00 
 4.398491e+00 -1.100497e+00 
 4.398814e+00 -1.100512e+00 
 4.399137e+00 -1.100525e+00 
 4.399460e+00 -1.100539e+00 
 4.399783e+00 -1.100554e+00 
 4.400106e+00 -1.100569e+00 
 4.400429e+00 -1.100585e+00 
 4.400752e+00 -1.100600e+00 
 4.401075e+00 -1.100614e+00 
 4.401398e+00 -1.100627e+00 
 4.401721e+00 -1.100642e+00 
 4.402044e+00 -1.100656e+00 
 4.402367e+00 -1.100668e+00 
 4.402690e+00 -1.100680e+00 
 4.403013e+00 -1.100691e+00 
 4.403336e+00 -1.100703e+00 
 4.403659e+00 -1.100716e+00 
 4.403982e+00 -1.100728e+00 
 4.404305e+00 -1.100741e+00 
 4.404628e+00 -1.100752e+00 
 4.404951e+00 -1.100764e+00 
 4.405274e+00 -1.100775e+00 
 4.405597e+00 -1.100786e+00 
 4.405920e+00 -1.100796e+00 
 4.406243e+00 -1.100804e+00 
 4.406566e+00 -1.100812e+00 
 4.406889e+00 -1.100821e+00 
 4.407212e+00 -1.100828e+00 
 4.407535e+00 -1.100836e+00 
 4.407858e+00 -1.100843e+00 
 4.408181e+00 -1.100849e+00 
 4.408504e+00 -1.100856e+00 
 4.408827e+00 -1.100865e+00 
 4.409150e+00 -1.100872e+00 
 4.409473e+00 -1.100879e+00 
 4.409796e+00 -1.100884e+00 
 4.410119e+00 -1.100889e+00 
 4.410442e+00 -1.100893e+00 
 4.410765e+00 -1.100897e+00 
 4.411088e+00 -1.100900e+00 
 4.411411e+00 -1.100903e+00 
 4.411734e+00 -1.100905e+00 
 4.412057e+00 -1.100908e+00 
 4.412380e+00 -1.100912e+00 
 4.412702e+00 -1.100915e+00 
 4.413025e+00 -1.100918e+00 
 4.413348e+00 -1.100921e+00 
 4.413671e+00 -1.100924e+00 
 4.413994e+00 -1.100926e+00 
 4.414317e+00 -1.100929e+00 
 4.414640e+00 -1.100930e+00 
 4.414963e+00 -1.100930e+00 
 4.415286e+00 -1.100932e+00 
 4.415609e+00 -1.100935e+00 
 4.415932e+00 -1.100938e+00 
 4.416255e+00 -1.100941e+00 
 4.416578e+00 -1.100943e+00 
 4.416901e+00 -1.100945e+00 
 4.417224e+00 -1.100949e+00 
 4.417547e+00 -1.100953e+00 
 4.417870e+00 -1.100957e+00 
 4.418193e+00 -1.100959e+00 
 4.418516e+00 -1.100962e+00 
 4.418839e+00 -1.100965e+00 
 4.419162e+00 -1.100969e+00 
 4.419485e+00 -1.100972e+00 
 4.419808e+00 -1.100977e+00 
 4.420131e+00 -1.100981e+00 
 4.420454e+00 -1.100988e+00 
 4.420777e+00 -1.100996e+00 
 4.421100e+00 -1.101005e+00 
 4.421423e+00 -1.101013e+00 
 4.421746e+00 -1.101019e+00 
 4.422069e+00 -1.101027e+00 
 4.422392e+00 -1.101035e+00 
 4.422715e+00 -1.101044e+00 
 4.423038e+00 -1.101051e+00 
 4.423361e+00 -1.101059e+00 
 4.423684e+00 -1.101068e+00 
 4.424007e+00 -1.101077e+00 
 4.424330e+00 -1.101088e+00 
 4.424653e+00 -1.101100e+00 
 4.424976e+00 -1.101111e+00 
 4.425299e+00 -1.101121e+00 
 4.425622e+00 -1.101134e+00 
 4.425945e+00 -1.101147e+00 
 4.426268e+00 -1.101160e+00 
 4.426591e+00 -1.101170e+00 
 4.426914e+00 -1.101181e+00 
 4.427237e+00 -1.101192e+00 
 4.427560e+00 -1.101203e+00 
 4.427883e+00 -1.101215e+00 
 4.428206e+00 -1.101227e+00 
 4.428529e+00 -1.101238e+00 
 4.428852e+00 -1.101250e+00 
 4.429175e+00 -1.101262e+00 
 4.429498e+00 -1.101275e+00 
 4.429821e+00 -1.101288e+00 
 4.430144e+00 -1.101298e+00 
 4.430467e+00 -1.101308e+00 
 4.430790e+00 -1.101318e+00 
 4.431113e+00 -1.101328e+00 
 4.431436e+00 -1.101338e+00 
 4.431759e+00 -1.101347e+00 
 4.432082e+00 -1.101355e+00 
 4.432405e+00 -1.101364e+00 
 4.432728e+00 -1.101373e+00 
 4.433051e+00 -1.101382e+00 
 4.433374e+00 -1.101390e+00 
 4.433697e+00 -1.101398e+00 
 4.434020e+00 -1.101405e+00 
 4.434343e+00 -1.101412e+00 
 4.434666e+00 -1.101419e+00 
 4.434989e+00 -1.101424e+00 
 4.435312e+00 -1.101429e+00 
 4.435635e+00 -1.101431e+00 
 4.435958e+00 -1.101436e+00 
 4.436281e+00 -1.101441e+00 
 4.436604e+00 -1.101446e+00 
 4.436927e+00 -1.101450e+00 
 4.437250e+00 -1.101455e+00 
 4.437573e+00 -1.101459e+00 
 4.437896e+00 -1.101463e+00 
 4.438219e+00 -1.101468e+00 
 4.438542e+00 -1.101472e+00 
 4.438865e+00 -1.101474e+00 
 4.439188e+00 -1.101476e+00 
 4.439511e+00 -1.101479e+00 
 4.439834e+00 -1.101482e+00 
 4.440157e+00 -1.101485e+00 
 4.440480e+00 -1.101488e+00 
 4.440803e+00 -1.101491e+00 
 4.441126e+00 -1.101495e+00 
 4.441449e+00 -1.101501e+00 
 4.441772e+00 -1.101508e+00 
 4.442095e+00 -1.101513e+00 
 4.442418e+00 -1.101518e+00 
 4.442741e+00 -1.101523e+00 
 4.443064e+00 -1.101529e+00 
 4.443387e+00 -1.101536e+00 
 4.443710e+00 -1.101543e+00 
 4.444033e+00 -1.101549e+00 
 4.444356e+00 -1.101557e+00 
 4.444679e+00 -1.101566e+00 
 4.445002e+00 -1.101577e+00 
 4.445325e+00 -1.101588e+00 
 4.445648e+00 -1.101600e+00 
 4.445971e+00 -1.101612e+00 
 4.446294e+00 -1.101625e+00 
 4.446617e+00 -1.101639e+00 
 4.446940e+00 -1.101653e+00 
 4.447263e+00 -1.101666e+00 
 4.447586e+00 -1.101679e+00 
 4.447908e+00 -1.101693e+00 
 4.448231e+00 -1.101708e+00 
 4.448554e+00 -1.101724e+00 
 4.448877e+00 -1.101740e+00 
 4.449200e+00 -1.101758e+00 
 4.449523e+00 -1.101776e+00 
 4.449846e+00 -1.101796e+00 
 4.450169e+00 -1.101817e+00 
 4.450492e+00 -1.101837e+00 
 4.450815e+00 -1.101857e+00 
 4.451138e+00 -1.101875e+00 
 4.451461e+00 -1.101893e+00 
 4.451784e+00 -1.101913e+00 
 4.452107e+00 -1.101932e+00 
 4.452430e+00 -1.101950e+00 
 4.452753e+00 -1.101968e+00 
 4.453076e+00 -1.101988e+00 
 4.453399e+00 -1.102008e+00 
 4.453722e+00 -1.102029e+00 
 4.454045e+00 -1.102050e+00 
 4.454368e+00 -1.102069e+00 
 4.454691e+00 -1.102089e+00 
 4.455014e+00 -1.102108e+00 
 4.455337e+00 -1.102126e+00 
 4.455660e+00 -1.102142e+00 
 4.455983e+00 -1.102158e+00 
 4.456306e+00 -1.102172e+00 
 4.456629e+00 -1.102186e+00 
 4.456952e+00 -1.102201e+00 
 4.457275e+00 -1.102216e+00 
 4.457598e+00 -1.102229e+00 
 4.457921e+00 -1.102243e+00 
 4.458244e+00 -1.102256e+00 
 4.458567e+00 -1.102269e+00 
 4.458890e+00 -1.102280e+00 
 4.459213e+00 -1.102291e+00 
 4.459536e+00 -1.102299e+00 
 4.459859e+00 -1.102307e+00 
 4.460182e+00 -1.102313e+00 
 4.460505e+00 -1.102319e+00 
 4.460828e+00 -1.102324e+00 
 4.461151e+00 -1.102329e+00 
 4.461474e+00 -1.102332e+00 
 4.461797e+00 -1.102337e+00 
 4.462120e+00 -1.102342e+00 
 4.462443e+00 -1.102347e+00 
 4.462766e+00 -1.102350e+00 
 4.463089e+00 -1.102353e+00 
 4.463412e+00 -1.102355e+00 
 4.463735e+00 -1.102357e+00 
 4.464058e+00 -1.102357e+00 
 4.464381e+00 -1.102357e+00 
 4.464704e+00 -1.102356e+00 
 4.465027e+00 -1.102355e+00 
 4.465350e+00 -1.102354e+00 
 4.465673e+00 -1.102353e+00 
 4.465996e+00 -1.102353e+00 
 4.466319e+00 -1.102353e+00 
 4.466642e+00 -1.102353e+00 
 4.466965e+00 -1.102354e+00 
 4.467288e+00 -1.102356e+00 
 4.467611e+00 -1.102356e+00 
 4.467934e+00 -1.102356e+00 
 4.468257e+00 -1.102357e+00 
 4.468580e+00 -1.102357e+00 
 4.468903e+00 -1.102358e+00 
 4.469226e+00 -1.102360e+00 
 4.469549e+00 -1.102362e+00 
 4.469872e+00 -1.102364e+00 
 4.470195e+00 -1.102368e+00 
 4.470518e+00 -1.102372e+00 
 4.470841e+00 -1.102376e+00 
 4.471164e+00 -1.102381e+00 
 4.471487e+00 -1.102386e+00 
 4.471810e+00 -1.102392e+00 
 4.472133e+00 -1.102398e+00 
 4.472456e+00 -1.102405e+00 
 4.472779e+00 -1.102412e+00 
 4.473102e+00 -1.102419e+00 
 4.473425e+00 -1.102427e+00 
 4.473748e+00 -1.102436e+00 
 4.474071e+00 -1.102445e+00 
 4.474394e+00 -1.102455e+00 
 4.474717e+00 -1.102466e+00 
 4.475040e+00 -1.102477e+00 
 4.475363e+00 -1.102489e+00 
 4.475686e+00 -1.102501e+00 
 4.476009e+00 -1.102512e+00 
 4.476332e+00 -1.102523e+00 
 4.476655e+00 -1.102534e+00 
 4.476978e+00 -1.102544e+00 
 4.477301e+00 -1.102556e+00 
 4.477624e+00 -1.102568e+00 
 4.477947e+00 -1.102580e+00 
 4.478270e+00 -1.102591e+00 
 4.478593e+00 -1.102603e+00 
 4.478916e+00 -1.102615e+00 
 4.479239e+00 -1.102627e+00 
 4.479562e+00 -1.102639e+00 
 4.479885e+00 -1.102650e+00 
 4.480208e+00 -1.102660e+00 
 4.480531e+00 -1.102671e+00 
 4.480854e+00 -1.102681e+00 
 4.481177e+00 -1.102689e+00 
 4.481500e+00 -1.102696e+00 
 4.481823e+00 -1.102703e+00 
 4.482146e+00 -1.102711e+00 
 4.482469e+00 -1.102718e+00 
 4.482792e+00 -1.102725e+00 
 4.483115e+00 -1.102732e+00 
 4.483437e+00 -1.102737e+00 
 4.483760e+00 -1.102742e+00 
 4.484083e+00 -1.102746e+00 
 4.484406e+00 -1.102750e+00 
 4.484729e+00 -1.102752e+00 
 4.485052e+00 -1.102753e+00 
 4.485375e+00 -1.102754e+00 
 4.485698e+00 -1.102755e+00 
 4.486021e+00 -1.102756e+00 
 4.486344e+00 -1.102755e+00 
 4.486667e+00 -1.102754e+00 
 4.486990e+00 -1.102753e+00 
 4.487313e+00 -1.102753e+00 
 4.487636e+00 -1.102751e+00 
 4.487959e+00 -1.102750e+00 
 4.488282e+00 -1.102748e+00 
 4.488605e+00 -1.102744e+00 
 4.488928e+00 -1.102741e+00 
 4.489251e+00 -1.102738e+00 
 4.489574e+00 -1.102734e+00 
 4.489897e+00 -1.102729e+00 
 4.490220e+00 -1.102725e+00 
 4.490543e+00 -1.102721e+00 
 4.490866e+00 -1.102719e+00 
 4.491189e+00 -1.102718e+00 
 4.491512e+00 -1.102715e+00 
 4.491835e+00 -1.102713e+00 
 4.492158e+00 -1.102711e+00 
 4.492481e+00 -1.102710e+00 
 4.492804e+00 -1.102709e+00 
 4.493127e+00 -1.102709e+00 
 4.493450e+00 -1.102708e+00 
 4.493773e+00 -1.102707e+00 
 4.494096e+00 -1.102707e+00 
 4.494419e+00 -1.102707e+00 
 4.494742e+00 -1.102709e+00 
 4.495065e+00 -1.102711e+00 
 4.495388e+00 -1.102713e+00 
 4.495711e+00 -1.102718e+00 
 4.496034e+00 -1.102724e+00 
 4.496357e+00 -1.102730e+00 
 4.496680e+00 -1.102737e+00 
 4.497003e+00 -1.102743e+00 
 4.497326e+00 -1.102750e+00 
 4.497649e+00 -1.102758e+00 
 4.497972e+00 -1.102767e+00 
 4.498295e+00 -1.102776e+00 
 4.498618e+00 -1.102786e+00 
 4.498941e+00 -1.102796e+00 
 4.499264e+00 -1.102806e+00 
 4.499587e+00 -1.102818e+00 
 4.499910e+00 -1.102830e+00 
 4.500233e+00 -1.102842e+00 
 4.500556e+00 -1.102855e+00 
 4.500879e+00 -1.102870e+00 
 4.501202e+00 -1.102886e+00 
 4.501525e+00 -1.102901e+00 
 4.501848e+00 -1.102916e+00 
 4.502171e+00 -1.102931e+00 
 4.502494e+00 -1.102945e+00 
 4.502817e+00 -1.102960e+00 
 4.503140e+00 -1.102976e+00 
 4.503463e+00 -1.102991e+00 
 4.503786e+00 -1.103006e+00 
 4.504109e+00 -1.103021e+00 
 4.504432e+00 -1.103036e+00 
 4.504755e+00 -1.103052e+00 
 4.505078e+00 -1.103067e+00 
 4.505401e+00 -1.103082e+00 
 4.505724e+00 -1.103097e+00 
 4.506047e+00 -1.103112e+00 
 4.506370e+00 -1.103128e+00 
 4.506693e+00 -1.103142e+00 
 4.507016e+00 -1.103156e+00 
 4.507339e+00 -1.103168e+00 
 4.507662e+00 -1.103180e+00 
 4.507985e+00 -1.103192e+00 
 4.508308e+00 -1.103204e+00 
 4.508631e+00 -1.103215e+00 
 4.508954e+00 -1.103225e+00 
 4.509277e+00 -1.103235e+00 
 4.509600e+00 -1.103245e+00 
 4.509923e+00 -1.103255e+00 
 4.510246e+00 -1.103265e+00 
 4.510569e+00 -1.103272e+00 
 4.510892e+00 -1.103279e+00 
 4.511215e+00 -1.103287e+00 
 4.511538e+00 -1.103294e+00 
 4.511861e+00 -1.103300e+00 
 4.512184e+00 -1.103306e+00 
 4.512507e+00 -1.103310e+00 
 4.512830e+00 -1.103314e+00 
 4.513153e+00 -1.103318e+00 
 4.513476e+00 -1.103321e+00 
 4.513799e+00 -1.103325e+00 
 4.514122e+00 -1.103328e+00 
 4.514445e+00 -1.103331e+00 
 4.514768e+00 -1.103334e+00 
 4.515091e+00 -1.103337e+00 
 4.515414e+00 -1.103340e+00 
 4.515737e+00 -1.103340e+00 
 4.516060e+00 -1.103341e+00 
 4.516383e+00 -1.103343e+00 
 4.516706e+00 -1.103345e+00 
 4.517029e+00 -1.103346e+00 
 4.517352e+00 -1.103347e+00 
 4.517675e+00 -1.103348e+00 
 4.517998e+00 -1.103350e+00 
 4.518321e+00 -1.103352e+00 
 4.518644e+00 -1.103355e+00 
 4.518966e+00 -1.103358e+00 
 4.519289e+00 -1.103360e+00 
 4.519612e+00 -1.103363e+00 
 4.519935e+00 -1.103367e+00 
 4.520258e+00 -1.103371e+00 
 4.520581e+00 -1.103375e+00 
 4.520904e+00 -1.103378e+00 
 4.521227e+00 -1.103382e+00 
 4.521550e+00 -1.103387e+00 
 4.521873e+00 -1.103394e+00 
 4.522196e+00 -1.103400e+00 
 4.522519e+00 -1.103406e+00 
 4.522842e+00 -1.103413e+00 
 4.523165e+00 -1.103420e+00 
 4.523488e+00 -1.103429e+00 
 4.523811e+00 -1.103438e+00 
 4.524134e+00 -1.103446e+00 
 4.524457e+00 -1.103456e+00 
 4.524780e+00 -1.103465e+00 
 4.525103e+00 -1.103476e+00 
 4.525426e+00 -1.103487e+00 
 4.525749e+00 -1.103497e+00 
 4.526072e+00 -1.103506e+00 
 4.526395e+00 -1.103515e+00 
 4.526718e+00 -1.103527e+00 
 4.527041e+00 -1.103538e+00 
 4.527364e+00 -1.103550e+00 
 4.527687e+00 -1.103561e+00 
 4.528010e+00 -1.103572e+00 
 4.528333e+00 -1.103583e+00 
 4.528656e+00 -1.103595e+00 
 4.528979e+00 -1.103607e+00 
 4.529302e+00 -1.103618e+00 
 4.529625e+00 -1.103629e+00 
 4.529948e+00 -1.103641e+00 
 4.530271e+00 -1.103653e+00 
 4.530594e+00 -1.103663e+00 
 4.530917e+00 -1.103673e+00 
 4.531240e+00 -1.103681e+00 
 4.531563e+00 -1.103689e+00 
 4.531886e+00 -1.103698e+00 
 4.532209e+00 -1.103707e+00 
 4.532532e+00 -1.103715e+00 
 4.532855e+00 -1.103723e+00 
 4.533178e+00 -1.103730e+00 
 4.533501e+00 -1.103737e+00 
 4.533824e+00 -1.103745e+00 
 4.534147e+00 -1.103751e+00 
 4.534470e+00 -1.103757e+00 
 4.534793e+00 -1.103762e+00 
 4.535116e+00 -1.103767e+00 
 4.535439e+00 -1.103770e+00 
 4.535762e+00 -1.103773e+00 
 4.536085e+00 -1.103774e+00 
 4.536408e+00 -1.103775e+00 
 4.536731e+00 -1.103775e+00 
 4.537054e+00 -1.103777e+00 
 4.537377e+00 -1.103778e+00 
 4.537700e+00 -1.103779e+00 
 4.538023e+00 -1.103780e+00 
 4.538346e+00 -1.103780e+00 
 4.538669e+00 -1.103779e+00 
 4.538992e+00 -1.103779e+00 
 4.539315e+00 -1.103778e+00 
 4.539638e+00 -1.103775e+00 
 4.539961e+00 -1.103773e+00 
 4.540284e+00 -1.103770e+00 
 4.540607e+00 -1.103766e+00 
 4.540930e+00 -1.103762e+00 
 4.541253e+00 -1.103757e+00 
 4.541576e+00 -1.103753e+00 
 4.541899e+00 -1.103750e+00 
 4.542222e+00 -1.103747e+00 
 4.542545e+00 -1.103745e+00 
 4.542868e+00 -1.103743e+00 
 4.543191e+00 -1.103740e+00 
 4.543514e+00 -1.103737e+00 
 4.543837e+00 -1.103733e+00 
 4.544160e+00 -1.103730e+00 
 4.544483e+00 -1.103727e+00 
 4.544806e+00 -1.103723e+00 
 4.545129e+00 -1.103720e+00 
 4.545452e+00 -1.103717e+00 
 4.545775e+00 -1.103714e+00 
 4.546098e+00 -1.103711e+00 
 4.546421e+00 -1.103709e+00 
 4.546744e+00 -1.103708e+00 
 4.547067e+00 -1.103707e+00 
 4.547390e+00 -1.103708e+00 
 4.547713e+00 -1.103709e+00 
 4.548036e+00 -1.103709e+00 
 4.548359e+00 -1.103710e+00 
 4.548682e+00 -1.103710e+00 
 4.549005e+00 -1.103710e+00 
 4.549328e+00 -1.103711e+00 
 4.549651e+00 -1.103713e+00 
 4.549974e+00 -1.103715e+00 
 4.550297e+00 -1.103718e+00 
 4.550620e+00 -1.103722e+00 
 4.550943e+00 -1.103726e+00 
 4.551266e+00 -1.103730e+00 
 4.551589e+00 -1.103734e+00 
 4.551912e+00 -1.103738e+00 
 4.552235e+00 -1.103743e+00 
 4.552558e+00 -1.103749e+00 
 4.552881e+00 -1.103756e+00 
 4.553204e+00 -1.103762e+00 
 4.553527e+00 -1.103768e+00 
 4.553850e+00 -1.103775e+00 
 4.554173e+00 -1.103782e+00 
 4.554495e+00 -1.103789e+00 
 4.554818e+00 -1.103798e+00 
 4.555141e+00 -1.103805e+00 
 4.555464e+00 -1.103814e+00 
 4.555787e+00 -1.103824e+00 
 4.556110e+00 -1.103832e+00 
 4.556433e+00 -1.103840e+00 
 4.556756e+00 -1.103848e+00 
 4.557079e+00 -1.103856e+00 
 4.557402e+00 -1.103865e+00 
 4.557725e+00 -1.103875e+00 
 4.558048e+00 -1.103884e+00 
 4.558371e+00 -1.103893e+00 
 4.558694e+00 -1.103902e+00 
 4.559017e+00 -1.103911e+00 
 4.559340e+00 -1.103920e+00 
 4.559663e+00 -1.103929e+00 
 4.559986e+00 -1.103937e+00 
 4.560309e+00 -1.103945e+00 
 4.560632e+00 -1.103954e+00 
 4.560955e+00 -1.103963e+00 
 4.561278e+00 -1.103972e+00 
 4.561601e+00 -1.103979e+00 
 4.561924e+00 -1.103987e+00 
 4.562247e+00 -1.103994e+00 
 4.562570e+00 -1.104002e+00 
 4.562893e+00 -1.104010e+00 
 4.563216e+00 -1.104018e+00 
 4.563539e+00 -1.104025e+00 
 4.563862e+00 -1.104031e+00 
 4.564185e+00 -1.104037e+00 
 4.564508e+00 -1.104042e+00 
 4.564831e+00 -1.104047e+00 
 4.565154e+00 -1.104052e+00 
 4.565477e+00 -1.104057e+00 
 4.565800e+00 -1.104063e+00 
 4.566123e+00 -1.104070e+00 
 4.566446e+00 -1.104076e+00 
 4.566769e+00 -1.104082e+00 
 4.567092e+00 -1.104087e+00 
 4.567415e+00 -1.104092e+00 
 4.567738e+00 -1.104098e+00 
 4.568061e+00 -1.104103e+00 
 4.568384e+00 -1.104108e+00 
 4.568707e+00 -1.104112e+00 
 4.569030e+00 -1.104116e+00 
 4.569353e+00 -1.104120e+00 
 4.569676e+00 -1.104124e+00 
 4.569999e+00 -1.104128e+00 
 4.570322e+00 -1.104132e+00 
 4.570645e+00 -1.104138e+00 
 4.570968e+00 -1.104146e+00 
 4.571291e+00 -1.104154e+00 
 4.571614e+00 -1.104162e+00 
 4.571937e+00 -1.104168e+00 
 4.572260e+00 -1.104175e+00 
 4.572583e+00 -1.104182e+00 
 4.572906e+00 -1.104189e+00 
 4.573229e+00 -1.104197e+00 
 4.573552e+00 -1.104205e+00 
 4.573875e+00 -1.104212e+00 
 4.574198e+00 -1.104220e+00 
 4.574521e+00 -1.104228e+00 
 4.574844e+00 -1.104238e+00 
 4.575167e+00 -1.104248e+00 
 4.575490e+00 -1.104259e+00 
 4.575813e+00 -1.104272e+00 
 4.576136e+00 -1.104286e+00 
 4.576459e+00 -1.104300e+00 
 4.576782e+00 -1.104313e+00 
 4.577105e+00 -1.104326e+00 
 4.577428e+00 -1.104338e+00 
 4.577751e+00 -1.104351e+00 
 4.578074e+00 -1.104365e+00 
 4.578397e+00 -1.104379e+00 
 4.578720e+00 -1.104394e+00 
 4.579043e+00 -1.104409e+00 
 4.579366e+00 -1.104424e+00 
 4.579689e+00 -1.104441e+00 
 4.580012e+00 -1.104458e+00 
 4.580335e+00 -1.104475e+00 
 4.580658e+00 -1.104491e+00 
 4.580981e+00 -1.104509e+00 
 4.581304e+00 -1.104528e+00 
 4.581627e+00 -1.104546e+00 
 4.581950e+00 -1.104563e+00 
 4.582273e+00 -1.104580e+00 
 4.582596e+00 -1.104596e+00 
 4.582919e+00 -1.104613e+00 
 4.583242e+00 -1.104629e+00 
 4.583565e+00 -1.104647e+00 
 4.583888e+00 -1.104664e+00 
 4.584211e+00 -1.104681e+00 
 4.584534e+00 -1.104698e+00 
 4.584857e+00 -1.104715e+00 
 4.585180e+00 -1.104732e+00 
 4.585503e+00 -1.104747e+00 
 4.585826e+00 -1.104761e+00 
 4.586149e+00 -1.104776e+00 
 4.586472e+00 -1.104791e+00 
 4.586795e+00 -1.104806e+00 
 4.587118e+00 -1.104819e+00 
 4.587441e+00 -1.104831e+00 
 4.587764e+00 -1.104842e+00 
 4.588087e+00 -1.104854e+00 
 4.588410e+00 -1.104865e+00 
 4.588733e+00 -1.104876e+00 
 4.589056e+00 -1.104886e+00 
 4.589379e+00 -1.104896e+00 
 4.589701e+00 -1.104904e+00 
 4.590024e+00 -1.104913e+00 
 4.590347e+00 -1.104921e+00 
 4.590670e+00 -1.104926e+00 
 4.590993e+00 -1.104931e+00 
 4.591316e+00 -1.104937e+00 
 4.591639e+00 -1.104942e+00 
 4.591962e+00 -1.104947e+00 
 4.592285e+00 -1.104950e+00 
 4.592608e+00 -1.104952e+00 
 4.592931e+00 -1.104954e+00 
 4.593254e+00 -1.104956e+00 
 4.593577e+00 -1.104957e+00 
 4.593900e+00 -1.104959e+00 
 4.594223e+00 -1.104960e+00 
 4.594546e+00 -1.104960e+00 
 4.594869e+00 -1.104960e+00 
 4.595192e+00 -1.104961e+00 
 4.595515e+00 -1.104961e+00 
 4.595838e+00 -1.104960e+00 
 4.596161e+00 -1.104958e+00 
 4.596484e+00 -1.104957e+00 
 4.596807e+00 -1.104956e+00 
 4.597130e+00 -1.104955e+00 
 4.597453e+00 -1.104953e+00 
 4.597776e+00 -1.104951e+00 
 4.598099e+00 -1.104949e+00 
 4.598422e+00 -1.104948e+00 
 4.598745e+00 -1.104947e+00 
 4.599068e+00 -1.104947e+00 
 4.599391e+00 -1.104947e+00 
 4.599714e+00 -1.104947e+00 
 4.600037e+00 -1.104948e+00 
 4.600360e+00 -1.104950e+00 
 4.600683e+00 -1.104952e+00 
 4.601006e+00 -1.104952e+00 
 4.601329e+00 -1.104953e+00 
 4.601652e+00 -1.104954e+00 
 4.601975e+00 -1.104957e+00 
 4.602298e+00 -1.104959e+00 
 4.602621e+00 -1.104962e+00 
 4.602944e+00 -1.104965e+00 
 4.603267e+00 -1.104968e+00 
 4.603590e+00 -1.104973e+00 
 4.603913e+00 -1.104979e+00 
 4.604236e+00 -1.104985e+00 
 4.604559e+00 -1.104992e+00 
 4.604882e+00 -1.104998e+00 
 4.605205e+00 -1.105006e+00 
 4.605528e+00 -1.105014e+00 
 4.605851e+00 -1.105022e+00 
 4.606174e+00 -1.105028e+00 
 4.606497e+00 -1.105034e+00 
 4.606820e+00 -1.105041e+00 
 4.607143e+00 -1.105049e+00 
 4.607466e+00 -1.105058e+00 
 4.607789e+00 -1.105066e+00 
 4.608112e+00 -1.105073e+00 
 4.608435e+00 -1.105082e+00 
 4.608758e+00 -1.105090e+00 
 4.609081e+00 -1.105100e+00 
 4.609404e+00 -1.105108e+00 
 4.609727e+00 -1.105116e+00 
 4.610050e+00 -1.105123e+00 
 4.610373e+00 -1.105130e+00 
 4.610696e+00 -1.105137e+00 
 4.611019e+00 -1.105143e+00 
 4.611342e+00 -1.105147e+00 
 4.611665e+00 -1.105151e+00 
 4.611988e+00 -1.105155e+00 
 4.612311e+00 -1.105160e+00 
 4.612634e+00 -1.105164e+00 
 4.612957e+00 -1.105167e+00 
 4.613280e+00 -1.105170e+00 
 4.613603e+00 -1.105172e+00 
 4.613926e+00 -1.105174e+00 
 4.614249e+00 -1.105175e+00 
 4.614572e+00 -1.105175e+00 
 4.614895e+00 -1.105174e+00 
 4.615218e+00 -1.105171e+00 
 4.615541e+00 -1.105168e+00 
 4.615864e+00 -1.105164e+00 
 4.616187e+00 -1.105160e+00 
 4.616510e+00 -1.105155e+00 
 4.616833e+00 -1.105149e+00 
 4.617156e+00 -1.105144e+00 
 4.617479e+00 -1.105140e+00 
 4.617802e+00 -1.105134e+00 
 4.618125e+00 -1.105128e+00 
 4.618448e+00 -1.105121e+00 
 4.618771e+00 -1.105114e+00 
 4.619094e+00 -1.105107e+00 
 4.619417e+00 -1.105099e+00 
 4.619740e+00 -1.105091e+00 
 4.620063e+00 -1.105081e+00 
 4.620386e+00 -1.105072e+00 
 4.620709e+00 -1.105062e+00 
 4.621032e+00 -1.105054e+00 
 4.621355e+00 -1.105046e+00 
 4.621678e+00 -1.105037e+00 
 4.622001e+00 -1.105029e+00 
 4.622324e+00 -1.105023e+00 
 4.622647e+00 -1.105017e+00 
 4.622970e+00 -1.105011e+00 
 4.623293e+00 -1.105005e+00 
 4.623616e+00 -1.104999e+00 
 4.623939e+00 -1.104994e+00 
 4.624262e+00 -1.104989e+00 
 4.624585e+00 -1.104986e+00 
 4.624908e+00 -1.104983e+00 
 4.625230e+00 -1.104980e+00 
 4.625553e+00 -1.104978e+00 
 4.625876e+00 -1.104976e+00 
 4.626199e+00 -1.104976e+00 
 4.626522e+00 -1.104978e+00 
 4.626845e+00 -1.104979e+00 
 4.627168e+00 -1.104982e+00 
 4.627491e+00 -1.104986e+00 
 4.627814e+00 -1.104991e+00 
 4.628137e+00 -1.104997e+00 
 4.628460e+00 -1.105004e+00 
 4.628783e+00 -1.105010e+00 
 4.629106e+00 -1.105018e+00 
 4.629429e+00 -1.105027e+00 
 4.629752e+00 -1.105037e+00 
 4.630075e+00 -1.105048e+00 
 4.630398e+00 -1.105059e+00 
 4.630721e+00 -1.105071e+00 
 4.631044e+00 -1.105082e+00 
 4.631367e+00 -1.105095e+00 
 4.631690e+00 -1.105109e+00 
 4.632013e+00 -1.105122e+00 
 4.632336e+00 -1.105136e+00 
 4.632659e+00 -1.105152e+00 
 4.632982e+00 -1.105168e+00 
 4.633305e+00 -1.105184e+00 
 4.633628e+00 -1.105199e+00 
 4.633951e+00 -1.105215e+00 
 4.634274e+00 -1.105231e+00 
 4.634597e+00 -1.105248e+00 
 4.634920e+00 -1.105264e+00 
 4.635243e+00 -1.105280e+00 
 4.635566e+00 -1.105297e+00 
 4.635889e+00 -1.105313e+00 
 4.636212e+00 -1.105328e+00 
 4.636535e+00 -1.105343e+00 
 4.636858e+00 -1.105358e+00 
 4.637181e+00 -1.105373e+00 
 4.637504e+00 -1.105387e+00 
 4.637827e+00 -1.105401e+00 
 4.638150e+00 -1.105416e+00 
 4.638473e+00 -1.105429e+00 
 4.638796e+00 -1.105442e+00 
 4.639119e+00 -1.105454e+00 
 4.639442e+00 -1.105465e+00 
 4.639765e+00 -1.105475e+00 
 4.640088e+00 -1.105486e+00 
 4.640411e+00 -1.105495e+00 
 4.640734e+00 -1.105505e+00 
 4.641057e+00 -1.105515e+00 
 4.641380e+00 -1.105523e+00 
 4.641703e+00 -1.105531e+00 
 4.642026e+00 -1.105539e+00 
 4.642349e+00 -1.105546e+00 
 4.642672e+00 -1.105553e+00 
 4.642995e+00 -1.105560e+00 
 4.643318e+00 -1.105566e+00 
 4.643641e+00 -1.105572e+00 
 4.643964e+00 -1.105577e+00 
 4.644287e+00 -1.105581e+00 
 4.644610e+00 -1.105585e+00 
 4.644933e+00 -1.105589e+00 
 4.645256e+00 -1.105593e+00 
 4.645579e+00 -1.105598e+00 
 4.645902e+00 -1.105604e+00 
 4.646225e+00 -1.105610e+00 
 4.646548e+00 -1.105615e+00 
 4.646871e+00 -1.105621e+00 
 4.647194e+00 -1.105627e+00 
 4.647517e+00 -1.105633e+00 
 4.647840e+00 -1.105639e+00 
 4.648163e+00 -1.105646e+00 
 4.648486e+00 -1.105652e+00 
 4.648809e+00 -1.105659e+00 
 4.649132e+00 -1.105666e+00 
 4.649455e+00 -1.105673e+00 
 4.649778e+00 -1.105680e+00 
 4.650101e+00 -1.105688e+00 
 4.650424e+00 -1.105698e+00 
 4.650747e+00 -1.105710e+00 
 4.651070e+00 -1.105722e+00 
 4.651393e+00 -1.105735e+00 
 4.651716e+00 -1.105748e+00 
 4.652039e+00 -1.105761e+00 
 4.652362e+00 -1.105774e+00 
 4.652685e+00 -1.105788e+00 
 4.653008e+00 -1.105802e+00 
 4.653331e+00 -1.105816e+00 
 4.653654e+00 -1.105831e+00 
 4.653977e+00 -1.105846e+00 
 4.654300e+00 -1.105862e+00 
 4.654623e+00 -1.105878e+00 
 4.654946e+00 -1.105895e+00 
 4.655269e+00 -1.105913e+00 
 4.655592e+00 -1.105931e+00 
 4.655915e+00 -1.105950e+00 
 4.656238e+00 -1.105970e+00 
 4.656561e+00 -1.105989e+00 
 4.656884e+00 -1.106007e+00 
 4.657207e+00 -1.106026e+00 
 4.657530e+00 -1.106044e+00 
 4.657853e+00 -1.106062e+00 
 4.658176e+00 -1.106080e+00 
 4.658499e+00 -1.106098e+00 
 4.658822e+00 -1.106116e+00 
 4.659145e+00 -1.106133e+00 
 4.659468e+00 -1.106151e+00 
 4.659791e+00 -1.106169e+00 
 4.660114e+00 -1.106186e+00 
 4.660437e+00 -1.106202e+00 
 4.660759e+00 -1.106217e+00 
 4.661082e+00 -1.106232e+00 
 4.661405e+00 -1.106248e+00 
 4.661728e+00 -1.106262e+00 
 4.662051e+00 -1.106275e+00 
 4.662374e+00 -1.106287e+00 
 4.662697e+00 -1.106299e+00 
 4.663020e+00 -1.106310e+00 
 4.663343e+00 -1.106319e+00 
 4.663666e+00 -1.106329e+00 
 4.663989e+00 -1.106338e+00 
 4.664312e+00 -1.106346e+00 
 4.664635e+00 -1.106354e+00 
 4.664958e+00 -1.106361e+00 
 4.665281e+00 -1.106367e+00 
 4.665604e+00 -1.106370e+00 
 4.665927e+00 -1.106373e+00 
 4.666250e+00 -1.106377e+00 
 4.666573e+00 -1.106380e+00 
 4.666896e+00 -1.106382e+00 
 4.667219e+00 -1.106383e+00 
 4.667542e+00 -1.106383e+00 
 4.667865e+00 -1.106382e+00 
 4.668188e+00 -1.106381e+00 
 4.668511e+00 -1.106379e+00 
 4.668834e+00 -1.106378e+00 
 4.669157e+00 -1.106375e+00 
 4.669480e+00 -1.106373e+00 
 4.669803e+00 -1.106370e+00 
 4.670126e+00 -1.106367e+00 
 4.670449e+00 -1.106364e+00 
 4.670772e+00 -1.106359e+00 
 4.671095e+00 -1.106354e+00 
 4.671418e+00 -1.106349e+00 
 4.671741e+00 -1.106346e+00 
 4.672064e+00 -1.106341e+00 
 4.672387e+00 -1.106336e+00 
 4.672710e+00 -1.106331e+00 
 4.673033e+00 -1.106326e+00 
 4.673356e+00 -1.106322e+00 
 4.673679e+00 -1.106318e+00 
 4.674002e+00 -1.106314e+00 
 4.674325e+00 -1.106310e+00 
 4.674648e+00 -1.106307e+00 
 4.674971e+00 -1.106305e+00 
 4.675294e+00 -1.106303e+00 
 4.675617e+00 -1.106301e+00 
 4.675940e+00 -1.106299e+00 
 4.676263e+00 -1.106296e+00 
 4.676586e+00 -1.106295e+00 
 4.676909e+00 -1.106295e+00 
 4.677232e+00 -1.106294e+00 
 4.677555e+00 -1.106293e+00 
 4.677878e+00 -1.106293e+00 
 4.678201e+00 -1.106294e+00 
 4.678524e+00 -1.106295e+00 
 4.678847e+00 -1.106297e+00 
 4.679170e+00 -1.106299e+00 
 4.679493e+00 -1.106302e+00 
 4.679816e+00 -1.106305e+00 
 4.680139e+00 -1.106309e+00 
 4.680462e+00 -1.106313e+00 
 4.680785e+00 -1.106317e+00 
 4.681108e+00 -1.106320e+00 
 4.681431e+00 -1.106323e+00 
 4.681754e+00 -1.106326e+00 
 4.682077e+00 -1.106331e+00 
 4.682400e+00 -1.106335e+00 
 4.682723e+00 -1.106339e+00 
 4.683046e+00 -1.106343e+00 
 4.683369e+00 -1.106347e+00 
 4.683692e+00 -1.106352e+00 
 4.684015e+00 -1.106357e+00 
 4.684338e+00 -1.106362e+00 
 4.684661e+00 -1.106366e+00 
 4.684984e+00 -1.106370e+00 
 4.685307e+00 -1.106374e+00 
 4.685630e+00 -1.106377e+00 
 4.685953e+00 -1.106379e+00 
 4.686276e+00 -1.106380e+00 
 4.686599e+00 -1.106381e+00 
 4.686922e+00 -1.106383e+00 
 4.687245e+00 -1.106385e+00 
 4.687568e+00 -1.106386e+00 
 4.687891e+00 -1.106387e+00 
 4.688214e+00 -1.106388e+00 
 4.688537e+00 -1.106389e+00 
 4.688860e+00 -1.106389e+00 
 4.689183e+00 -1.106389e+00 
 4.689506e+00 -1.106388e+00 
 4.689829e+00 -1.106386e+00 
 4.690152e+00 -1.106383e+00 
 4.690475e+00 -1.106380e+00 
 4.690798e+00 -1.106375e+00 
 4.691121e+00 -1.106371e+00 
 4.691444e+00 -1.106367e+00 
 4.691767e+00 -1.106362e+00 
 4.692090e+00 -1.106359e+00 
 4.692413e+00 -1.106355e+00 
 4.692736e+00 -1.106351e+00 
 4.693059e+00 -1.106347e+00 
 4.693382e+00 -1.106343e+00 
 4.693705e+00 -1.106338e+00 
 4.694028e+00 -1.106333e+00 
 4.694351e+00 -1.106328e+00 
 4.694674e+00 -1.106322e+00 
 4.694997e+00 -1.106316e+00 
 4.695320e+00 -1.106311e+00 
 4.695643e+00 -1.106304e+00 
 4.695965e+00 -1.106298e+00 
 4.696288e+00 -1.106293e+00 
 4.696611e+00 -1.106289e+00 
 4.696934e+00 -1.106284e+00 
 4.697257e+00 -1.106281e+00 
 4.697580e+00 -1.106278e+00 
 4.697903e+00 -1.106275e+00 
 4.698226e+00 -1.106273e+00 
 4.698549e+00 -1.106271e+00 
 4.698872e+00 -1.106268e+00 
 4.699195e+00 -1.106266e+00 
 4.699518e+00 -1.106265e+00 
 4.699841e+00 -1.106265e+00 
 4.700164e+00 -1.106265e+00 
 4.700487e+00 -1.106266e+00 
 4.700810e+00 -1.106268e+00 
 4.701133e+00 -1.106270e+00 
 4.701456e+00 -1.106274e+00 
 4.701779e+00 -1.106278e+00 
 4.702102e+00 -1.106282e+00 
 4.702425e+00 -1.106288e+00 
 4.702748e+00 -1.106294e+00 
 4.703071e+00 -1.106301e+00 
 4.703394e+00 -1.106308e+00 
 4.703717e+00 -1.106315e+00 
 4.704040e+00 -1.106323e+00 
 4.704363e+00 -1.106332e+00 
 4.704686e+00 -1.106343e+00 
 4.705009e+00 -1.106354e+00 
 4.705332e+00 -1.106366e+00 
 4.705655e+00 -1.106380e+00 
 4.705978e+00 -1.106393e+00 
 4.706301e+00 -1.106405e+00 
 4.706624e+00 -1.106419e+00 
 4.706947e+00 -1.106433e+00 
 4.707270e+00 -1.106447e+00 
 4.707593e+00 -1.106462e+00 
 4.707916e+00 -1.106477e+00 
 4.708239e+00 -1.106493e+00 
 4.708562e+00 -1.106509e+00 
 4.708885e+00 -1.106526e+00 
 4.709208e+00 -1.106543e+00 
 4.709531e+00 -1.106560e+00 
 4.709854e+00 -1.106578e+00 
 4.710177e+00 -1.106596e+00 
 4.710500e+00 -1.106615e+00 
 4.710823e+00 -1.106634e+00 
 4.711146e+00 -1.106652e+00 
 4.711469e+00 -1.106669e+00 
 4.711792e+00 -1.106686e+00 
 4.712115e+00 -1.106703e+00 
 4.712438e+00 -1.106720e+00 
 4.712761e+00 -1.106738e+00 
 4.713084e+00 -1.106756e+00 
 4.713407e+00 -1.106773e+00 
 4.713730e+00 -1.106791e+00 
 4.714053e+00 -1.106808e+00 
 4.714376e+00 -1.106825e+00 
 4.714699e+00 -1.106841e+00 
 4.715022e+00 -1.106857e+00 
 4.715345e+00 -1.106872e+00 
 4.715668e+00 -1.106887e+00 
 4.715991e+00 -1.106903e+00 
 4.716314e+00 -1.106917e+00 
 4.716637e+00 -1.106931e+00 
 4.716960e+00 -1.106944e+00 
 4.717283e+00 -1.106958e+00 
 4.717606e+00 -1.106972e+00 
 4.717929e+00 -1.106986e+00 
 4.718252e+00 -1.106999e+00 
 4.718575e+00 -1.107012e+00 
 4.718898e+00 -1.107024e+00 
 4.719221e+00 -1.107035e+00 
 4.719544e+00 -1.107045e+00 
 4.719867e+00 -1.107055e+00 
 4.720190e+00 -1.107063e+00 
 4.720513e+00 -1.107072e+00 
 4.720836e+00 -1.107082e+00 
 4.721159e+00 -1.107093e+00 
 4.721482e+00 -1.107104e+00 
 4.721805e+00 -1.107113e+00 
 4.722128e+00 -1.107123e+00 
 4.722451e+00 -1.107132e+00 
 4.722774e+00 -1.107141e+00 
 4.723097e+00 -1.107151e+00 
 4.723420e+00 -1.107159e+00 
 4.723743e+00 -1.107167e+00 
 4.724066e+00 -1.107174e+00 
 4.724389e+00 -1.107182e+00 
 4.724712e+00 -1.107189e+00 
 4.725035e+00 -1.107196e+00 
 4.725358e+00 -1.107204e+00 
 4.725681e+00 -1.107212e+00 
 4.726004e+00 -1.107222e+00 
 4.726327e+00 -1.107234e+00 
 4.726650e+00 -1.107244e+00 
 4.726973e+00 -1.107254e+00 
 4.727296e+00 -1.107264e+00 
 4.727619e+00 -1.107273e+00 
 4.727942e+00 -1.107283e+00 
 4.728265e+00 -1.107293e+00 
 4.728588e+00 -1.107302e+00 
 4.728911e+00 -1.107311e+00 
 4.729234e+00 -1.107321e+00 
 4.729557e+00 -1.107332e+00 
 4.729880e+00 -1.107343e+00 
 4.730203e+00 -1.107355e+00 
 4.730526e+00 -1.107367e+00 
 4.730849e+00 -1.107381e+00 
 4.731172e+00 -1.107395e+00 
 4.731494e+00 -1.107409e+00 
 4.731817e+00 -1.107423e+00 
 4.732140e+00 -1.107435e+00 
 4.732463e+00 -1.107447e+00 
 4.732786e+00 -1.107460e+00 
 4.733109e+00 -1.107473e+00 
 4.733432e+00 -1.107486e+00 
 4.733755e+00 -1.107500e+00 
 4.734078e+00 -1.107514e+00 
 4.734401e+00 -1.107529e+00 
 4.734724e+00 -1.107544e+00 
 4.735047e+00 -1.107560e+00 
 4.735370e+00 -1.107576e+00 
 4.735693e+00 -1.107591e+00 
 4.736016e+00 -1.107606e+00 
 4.736339e+00 -1.107622e+00 
 4.736662e+00 -1.107636e+00 
 4.736985e+00 -1.107650e+00 
 4.737308e+00 -1.107663e+00 
 4.737631e+00 -1.107675e+00 
 4.737954e+00 -1.107688e+00 
 4.738277e+00 -1.107700e+00 
 4.738600e+00 -1.107713e+00 
 4.738923e+00 -1.107726e+00 
 4.739246e+00 -1.107739e+00 
 4.739569e+00 -1.107751e+00 
 4.739892e+00 -1.107763e+00 
 4.740215e+00 -1.107774e+00 
 4.740538e+00 -1.107784e+00 
 4.740861e+00 -1.107794e+00 
 4.741184e+00 -1.107802e+00 
 4.741507e+00 -1.107811e+00 
 4.741830e+00 -1.107818e+00 
 4.742153e+00 -1.107825e+00 
 4.742476e+00 -1.107830e+00 
 4.742799e+00 -1.107834e+00 
 4.743122e+00 -1.107839e+00 
 4.743445e+00 -1.107843e+00 
 4.743768e+00 -1.107847e+00 
 4.744091e+00 -1.107851e+00 
 4.744414e+00 -1.107853e+00 
 4.744737e+00 -1.107854e+00 
 4.745060e+00 -1.107855e+00 
 4.745383e+00 -1.107854e+00 
 4.745706e+00 -1.107853e+00 
 4.746029e+00 -1.107851e+00 
 4.746352e+00 -1.107849e+00 
 4.746675e+00 -1.107846e+00 
 4.746998e+00 -1.107843e+00 
 4.747321e+00 -1.107839e+00 
 4.747644e+00 -1.107834e+00 
 4.747967e+00 -1.107829e+00 
 4.748290e+00 -1.107823e+00 
 4.748613e+00 -1.107817e+00 
 4.748936e+00 -1.107811e+00 
 4.749259e+00 -1.107804e+00 
 4.749582e+00 -1.107797e+00 
 4.749905e+00 -1.107789e+00 
 4.750228e+00 -1.107782e+00 
 4.750551e+00 -1.107775e+00 
 4.750874e+00 -1.107769e+00 
 4.751197e+00 -1.107762e+00 
 4.751520e+00 -1.107755e+00 
 4.751843e+00 -1.107747e+00 
 4.752166e+00 -1.107740e+00 
 4.752489e+00 -1.107732e+00 
 4.752812e+00 -1.107724e+00 
 4.753135e+00 -1.107716e+00 
 4.753458e+00 -1.107709e+00 
 4.753781e+00 -1.107703e+00 
 4.754104e+00 -1.107697e+00 
 4.754427e+00 -1.107691e+00 
 4.754750e+00 -1.107686e+00 
 4.755073e+00 -1.107681e+00 
 4.755396e+00 -1.107678e+00 
 4.755719e+00 -1.107676e+00 
 4.756042e+00 -1.107674e+00 
 4.756365e+00 -1.107672e+00 
 4.756688e+00 -1.107669e+00 
 4.757011e+00 -1.107667e+00 
 4.757334e+00 -1.107666e+00 
 4.757657e+00 -1.107664e+00 
 4.757980e+00 -1.107663e+00 
 4.758303e+00 -1.107663e+00 
 4.758626e+00 -1.107664e+00 
 4.758949e+00 -1.107666e+00 
 4.759272e+00 -1.107669e+00 
 4.759595e+00 -1.107672e+00 
 4.759918e+00 -1.107676e+00 
 4.760241e+00 -1.107680e+00 
 4.760564e+00 -1.107685e+00 
 4.760887e+00 -1.107691e+00 
 4.761210e+00 -1.107696e+00 
 4.761533e+00 -1.107701e+00 
 4.761856e+00 -1.107706e+00 
 4.762179e+00 -1.107712e+00 
 4.762502e+00 -1.107717e+00 
 4.762825e+00 -1.107723e+00 
 4.763148e+00 -1.107729e+00 
 4.763471e+00 -1.107735e+00 
 4.763794e+00 -1.107742e+00 
 4.764117e+00 -1.107749e+00 
 4.764440e+00 -1.107756e+00 
 4.764763e+00 -1.107763e+00 
 4.765086e+00 -1.107769e+00 
 4.765409e+00 -1.107774e+00 
 4.765732e+00 -1.107780e+00 
 4.766055e+00 -1.107786e+00 
 4.766378e+00 -1.107791e+00 
 4.766701e+00 -1.107796e+00 
 4.767023e+00 -1.107800e+00 
 4.767346e+00 -1.107804e+00 
 4.767669e+00 -1.107808e+00 
 4.767992e+00 -1.107811e+00 
 4.768315e+00 -1.107814e+00 
 4.768638e+00 -1.107816e+00 
 4.768961e+00 -1.107819e+00 
 4.769284e+00 -1.107821e+00 
 4.769607e+00 -1.107822e+00 
 4.769930e+00 -1.107823e+00 
 4.770253e+00 -1.107822e+00 
 4.770576e+00 -1.107819e+00 
 4.770899e+00 -1.107817e+00 
 4.771222e+00 -1.107816e+00 
 4.771545e+00 -1.107814e+00 
 4.771868e+00 -1.107811e+00 
 4.772191e+00 -1.107808e+00 
 4.772514e+00 -1.107805e+00 
 4.772837e+00 -1.107801e+00 
 4.773160e+00 -1.107797e+00 
 4.773483e+00 -1.107793e+00 
 4.773806e+00 -1.107789e+00 
 4.774129e+00 -1.107784e+00 
 4.774452e+00 -1.107780e+00 
 4.774775e+00 -1.107775e+00 
 4.775098e+00 -1.107770e+00 
 4.775421e+00 -1.107764e+00 
 4.775744e+00 -1.107757e+00 
 4.776067e+00 -1.107751e+00 
 4.776390e+00 -1.107746e+00 
 4.776713e+00 -1.107742e+00 
 4.777036e+00 -1.107737e+00 
 4.777359e+00 -1.107733e+00 
 4.777682e+00 -1.107729e+00 
 4.778005e+00 -1.107726e+00 
 4.778328e+00 -1.107723e+00 
 4.778651e+00 -1.107721e+00 
 4.778974e+00 -1.107720e+00 
 4.779297e+00 -1.107719e+00 
 4.779620e+00 -1.107719e+00 
 4.779943e+00 -1.107720e+00 
 4.780266e+00 -1.107722e+00 
 4.780589e+00 -1.107722e+00 
 4.780912e+00 -1.107721e+00 
 4.781235e+00 -1.107722e+00 
 4.781558e+00 -1.107726e+00 
 4.781881e+00 -1.107730e+00 
 4.782204e+00 -1.107735e+00 
 4.782527e+00 -1.107740e+00 
 4.782850e+00 -1.107747e+00 
 4.783173e+00 -1.107755e+00 
 4.783496e+00 -1.107764e+00 
 4.783819e+00 -1.107774e+00 
 4.784142e+00 -1.107784e+00 
 4.784465e+00 -1.107795e+00 
 4.784788e+00 -1.107807e+00 
 4.785111e+00 -1.107819e+00 
 4.785434e+00 -1.107831e+00 
 4.785757e+00 -1.107842e+00 
 4.786080e+00 -1.107852e+00 
 4.786403e+00 -1.107864e+00 
 4.786726e+00 -1.107878e+00 
 4.787049e+00 -1.107892e+00 
 4.787372e+00 -1.107907e+00 
 4.787695e+00 -1.107923e+00 
 4.788018e+00 -1.107938e+00 
 4.788341e+00 -1.107954e+00 
 4.788664e+00 -1.107971e+00 
 4.788987e+00 -1.107987e+00 
 4.789310e+00 -1.108003e+00 
 4.789633e+00 -1.108018e+00 
 4.789956e+00 -1.108034e+00 
 4.790279e+00 -1.108050e+00 
 4.790602e+00 -1.108064e+00 
 4.790925e+00 -1.108077e+00 
 4.791248e+00 -1.108089e+00 
 4.791571e+00 -1.108102e+00 
 4.791894e+00 -1.108116e+00 
 4.792217e+00 -1.108129e+00 
 4.792540e+00 -1.108143e+00 
 4.792863e+00 -1.108155e+00 
 4.793186e+00 -1.108167e+00 
 4.793509e+00 -1.108178e+00 
 4.793832e+00 -1.108189e+00 
 4.794155e+00 -1.108199e+00 
 4.794478e+00 -1.108207e+00 
 4.794801e+00 -1.108214e+00 
 4.795124e+00 -1.108222e+00 
 4.795447e+00 -1.108229e+00 
 4.795770e+00 -1.108235e+00 
 4.796093e+00 -1.108239e+00 
 4.796416e+00 -1.108242e+00 
 4.796739e+00 -1.108245e+00 
 4.797062e+00 -1.108250e+00 
 4.797385e+00 -1.108253e+00 
 4.797708e+00 -1.108256e+00 
 4.798031e+00 -1.108258e+00 
 4.798354e+00 -1.108260e+00 
 4.798677e+00 -1.108260e+00 
 4.799000e+00 -1.108260e+00 
 4.799323e+00 -1.108260e+00 
 4.799646e+00 -1.108258e+00 
 4.799969e+00 -1.108256e+00 
 4.800292e+00 -1.108254e+00 
 4.800615e+00 -1.108252e+00 
 4.800938e+00 -1.108250e+00 
 4.801261e+00 -1.108246e+00 
 4.801584e+00 -1.108242e+00 
 4.801907e+00 -1.108240e+00 
 4.802229e+00 -1.108239e+00 
 4.802552e+00 -1.108237e+00 
 4.802875e+00 -1.108236e+00 
 4.803198e+00 -1.108234e+00 
 4.803521e+00 -1.108232e+00 
 4.803844e+00 -1.108230e+00 
 4.804167e+00 -1.108229e+00 
 4.804490e+00 -1.108227e+00 
 4.804813e+00 -1.108225e+00 
 4.805136e+00 -1.108223e+00 
 4.805459e+00 -1.108222e+00 
 4.805782e+00 -1.108221e+00 
 4.806105e+00 -1.108221e+00 
 4.806428e+00 -1.108221e+00 
 4.806751e+00 -1.108222e+00 
 4.807074e+00 -1.108224e+00 
 4.807397e+00 -1.108227e+00 
 4.807720e+00 -1.108232e+00 
 4.808043e+00 -1.108235e+00 
 4.808366e+00 -1.108239e+00 
 4.808689e+00 -1.108243e+00 
 4.809012e+00 -1.108247e+00 
 4.809335e+00 -1.108250e+00 
 4.809658e+00 -1.108254e+00 
 4.809981e+00 -1.108258e+00 
 4.810304e+00 -1.108262e+00 
 4.810627e+00 -1.108267e+00 
 4.810950e+00 -1.108273e+00 
 4.811273e+00 -1.108279e+00 
 4.811596e+00 -1.108285e+00 
 4.811919e+00 -1.108291e+00 
 4.812242e+00 -1.108298e+00 
 4.812565e+00 -1.108306e+00 
 4.812888e+00 -1.108314e+00 
 4.813211e+00 -1.108321e+00 
 4.813534e+00 -1.108327e+00 
 4.813857e+00 -1.108333e+00 
 4.814180e+00 -1.108339e+00 
 4.814503e+00 -1.108345e+00 
 4.814826e+00 -1.108350e+00 
 4.815149e+00 -1.108356e+00 
 4.815472e+00 -1.108362e+00 
 4.815795e+00 -1.108368e+00 
 4.816118e+00 -1.108374e+00 
 4.816441e+00 -1.108380e+00 
 4.816764e+00 -1.108385e+00 
 4.817087e+00 -1.108389e+00 
 4.817410e+00 -1.108394e+00 
 4.817733e+00 -1.108399e+00 
 4.818056e+00 -1.108402e+00 
 4.818379e+00 -1.108404e+00 
 4.818702e+00 -1.108405e+00 
 4.819025e+00 -1.108406e+00 
 4.819348e+00 -1.108407e+00 
 4.819671e+00 -1.108407e+00 
 4.819994e+00 -1.108407e+00 
 4.820317e+00 -1.108407e+00 
 4.820640e+00 -1.108407e+00 
 4.820963e+00 -1.108407e+00 
 4.821286e+00 -1.108407e+00 
 4.821609e+00 -1.108405e+00 
 4.821932e+00 -1.108403e+00 
 4.822255e+00 -1.108399e+00 
 4.822578e+00 -1.108396e+00 
 4.822901e+00 -1.108392e+00 
 4.823224e+00 -1.108388e+00 
 4.823547e+00 -1.108382e+00 
 4.823870e+00 -1.108377e+00 
 4.824193e+00 -1.108371e+00 
 4.824516e+00 -1.108365e+00 
 4.824839e+00 -1.108359e+00 
 4.825162e+00 -1.108353e+00 
 4.825485e+00 -1.108347e+00 
 4.825808e+00 -1.108341e+00 
 4.826131e+00 -1.108335e+00 
 4.826454e+00 -1.108328e+00 
 4.826777e+00 -1.108322e+00 
 4.827100e+00 -1.108315e+00 
 4.827423e+00 -1.108308e+00 
 4.827746e+00 -1.108301e+00 
 4.828069e+00 -1.108295e+00 
 4.828392e+00 -1.108289e+00 
 4.828715e+00 -1.108282e+00 
 4.829038e+00 -1.108276e+00 
 4.829361e+00 -1.108270e+00 
 4.829684e+00 -1.108265e+00 
 4.830007e+00 -1.108260e+00 
 4.830330e+00 -1.108255e+00 
 4.830653e+00 -1.108251e+00 
 4.830976e+00 -1.108248e+00 
 4.831299e+00 -1.108245e+00 
 4.831622e+00 -1.108243e+00 
 4.831945e+00 -1.108241e+00 
 4.832268e+00 -1.108240e+00 
 4.832591e+00 -1.108239e+00 
 4.832914e+00 -1.108239e+00 
 4.833237e+00 -1.108240e+00 
 4.833560e+00 -1.108241e+00 
 4.833883e+00 -1.108242e+00 
 4.834206e+00 -1.108243e+00 
 4.834529e+00 -1.108244e+00 
 4.834852e+00 -1.108246e+00 
 4.835175e+00 -1.108249e+00 
 4.835498e+00 -1.108253e+00 
 4.835821e+00 -1.108257e+00 
 4.836144e+00 -1.108262e+00 
 4.836467e+00 -1.108269e+00 
 4.836790e+00 -1.108275e+00 
 4.837113e+00 -1.108282e+00 
 4.837436e+00 -1.108289e+00 
 4.837758e+00 -1.108296e+00 
 4.838081e+00 -1.108304e+00 
 4.838404e+00 -1.108312e+00 
 4.838727e+00 -1.108319e+00 
 4.839050e+00 -1.108326e+00 
 4.839373e+00 -1.108333e+00 
 4.839696e+00 -1.108341e+00 
 4.840019e+00 -1.108350e+00 
 4.840342e+00 -1.108359e+00 
 4.840665e+00 -1.108369e+00 
 4.840988e+00 -1.108379e+00 
 4.841311e+00 -1.108390e+00 
 4.841634e+00 -1.108400e+00 
 4.841957e+00 -1.108410e+00 
 4.842280e+00 -1.108419e+00 
 4.842603e+00 -1.108427e+00 
 4.842926e+00 -1.108436e+00 
 4.843249e+00 -1.108444e+00 
 4.843572e+00 -1.108452e+00 
 4.843895e+00 -1.108459e+00 
 4.844218e+00 -1.108467e+00 
 4.844541e+00 -1.108475e+00 
 4.844864e+00 -1.108484e+00 
 4.845187e+00 -1.108493e+00 
 4.845510e+00 -1.108502e+00 
 4.845833e+00 -1.108510e+00 
 4.846156e+00 -1.108518e+00 
 4.846479e+00 -1.108525e+00 
 4.846802e+00 -1.108530e+00 
 4.847125e+00 -1.108535e+00 
 4.847448e+00 -1.108538e+00 
 4.847771e+00 -1.108541e+00 
 4.848094e+00 -1.108544e+00 
 4.848417e+00 -1.108547e+00 
 4.848740e+00 -1.108550e+00 
 4.849063e+00 -1.108553e+00 
 4.849386e+00 -1.108557e+00 
 4.849709e+00 -1.108562e+00 
 4.850032e+00 -1.108566e+00 
 4.850355e+00 -1.108571e+00 
 4.850678e+00 -1.108577e+00 
 4.851001e+00 -1.108582e+00 
 4.851324e+00 -1.108586e+00 
 4.851647e+00 -1.108589e+00 
 4.851970e+00 -1.108592e+00 
 4.852293e+00 -1.108595e+00 
 4.852616e+00 -1.108597e+00 
 4.852939e+00 -1.108600e+00 
 4.853262e+00 -1.108603e+00 
 4.853585e+00 -1.108608e+00 
 4.853908e+00 -1.108613e+00 
 4.854231e+00 -1.108619e+00 
 4.854554e+00 -1.108624e+00 
 4.854877e+00 -1.108630e+00 
 4.855200e+00 -1.108636e+00 
 4.855523e+00 -1.108643e+00 
 4.855846e+00 -1.108650e+00 
 4.856169e+00 -1.108657e+00 
 4.856492e+00 -1.108663e+00 
 4.856815e+00 -1.108670e+00 
 4.857138e+00 -1.108676e+00 
 4.857461e+00 -1.108684e+00 
 4.857784e+00 -1.108691e+00 
 4.858107e+00 -1.108699e+00 
 4.858430e+00 -1.108708e+00 
 4.858753e+00 -1.108717e+00 
 4.859076e+00 -1.108728e+00 
 4.859399e+00 -1.108738e+00 
 4.859722e+00 -1.108748e+00 
 4.860045e+00 -1.108757e+00 
 4.860368e+00 -1.108767e+00 
 4.860691e+00 -1.108778e+00 
 4.861014e+00 -1.108789e+00 
 4.861337e+00 -1.108799e+00 
 4.861660e+00 -1.108809e+00 
 4.861983e+00 -1.108819e+00 
 4.862306e+00 -1.108829e+00 
 4.862629e+00 -1.108839e+00 
 4.862952e+00 -1.108848e+00 
 4.863275e+00 -1.108858e+00 
 4.863598e+00 -1.108868e+00 
 4.863921e+00 -1.108879e+00 
 4.864244e+00 -1.108889e+00 
 4.864567e+00 -1.108899e+00 
 4.864890e+00 -1.108908e+00 
 4.865213e+00 -1.108917e+00 
 4.865536e+00 -1.108926e+00 
 4.865859e+00 -1.108936e+00 
 4.866182e+00 -1.108946e+00 
 4.866505e+00 -1.108955e+00 
 4.866828e+00 -1.108963e+00 
 4.867151e+00 -1.108970e+00 
 4.867474e+00 -1.108978e+00 
 4.867797e+00 -1.108984e+00 
 4.868120e+00 -1.108991e+00 
 4.868443e+00 -1.108997e+00 
 4.868766e+00 -1.109003e+00 
 4.869089e+00 -1.109010e+00 
 4.869412e+00 -1.109016e+00 
 4.869735e+00 -1.109022e+00 
 4.870058e+00 -1.109027e+00 
 4.870381e+00 -1.109032e+00 
 4.870704e+00 -1.109037e+00 
 4.871027e+00 -1.109043e+00 
 4.871350e+00 -1.109048e+00 
 4.871673e+00 -1.109051e+00 
 4.871996e+00 -1.109054e+00 
 4.872319e+00 -1.109056e+00 
 4.872642e+00 -1.109058e+00 
 4.872965e+00 -1.109059e+00 
 4.873287e+00 -1.109061e+00 
 4.873610e+00 -1.109063e+00 
 4.873933e+00 -1.109064e+00 
 4.874256e+00 -1.109067e+00 
 4.874579e+00 -1.109069e+00 
 4.874902e+00 -1.109071e+00 
 4.875225e+00 -1.109072e+00 
 4.875548e+00 -1.109072e+00 
 4.875871e+00 -1.109072e+00 
 4.876194e+00 -1.109073e+00 
 4.876517e+00 -1.109073e+00 
 4.876840e+00 -1.109073e+00 
 4.877163e+00 -1.109071e+00 
 4.877486e+00 -1.109070e+00 
 4.877809e+00 -1.109069e+00 
 4.878132e+00 -1.109068e+00 
 4.878455e+00 -1.109068e+00 
 4.878778e+00 -1.109068e+00 
 4.879101e+00 -1.109068e+00 
 4.879424e+00 -1.109068e+00 
 4.879747e+00 -1.109068e+00 
 4.880070e+00 -1.109067e+00 
 4.880393e+00 -1.109065e+00 
 4.880716e+00 -1.109062e+00 
 4.881039e+00 -1.109059e+00 
 4.881362e+00 -1.109057e+00 
 4.881685e+00 -1.109055e+00 
 4.882008e+00 -1.109053e+00 
 4.882331e+00 -1.109052e+00 
 4.882654e+00 -1.109051e+00 
 4.882977e+00 -1.109050e+00 
 4.883300e+00 -1.109050e+00 
 4.883623e+00 -1.109051e+00 
 4.883946e+00 -1.109051e+00 
 4.884269e+00 -1.109051e+00 
 4.884592e+00 -1.109052e+00 
 4.884915e+00 -1.109052e+00 
 4.885238e+00 -1.109051e+00 
 4.885561e+00 -1.109049e+00 
 4.885884e+00 -1.109046e+00 
 4.886207e+00 -1.109044e+00 
 4.886530e+00 -1.109043e+00 
 4.886853e+00 -1.109043e+00 
 4.887176e+00 -1.109043e+00 
 4.887499e+00 -1.109043e+00 
 4.887822e+00 -1.109043e+00 
 4.888145e+00 -1.109044e+00 
 4.888468e+00 -1.109045e+00 
 4.888791e+00 -1.109046e+00 
 4.889114e+00 -1.109045e+00 
 4.889437e+00 -1.109045e+00 
 4.889760e+00 -1.109045e+00 
 4.890083e+00 -1.109044e+00 
 4.890406e+00 -1.109043e+00 
 4.890729e+00 -1.109039e+00 
 4.891052e+00 -1.109035e+00 
 4.891375e+00 -1.109032e+00 
 4.891698e+00 -1.109032e+00 
 4.892021e+00 -1.109031e+00 
 4.892344e+00 -1.109030e+00 
 4.892667e+00 -1.109029e+00 
 4.892990e+00 -1.109027e+00 
 4.893313e+00 -1.109026e+00 
 4.893636e+00 -1.109026e+00 
 4.893959e+00 -1.109024e+00 
 4.894282e+00 -1.109022e+00 
 4.894605e+00 -1.109020e+00 
 4.894928e+00 -1.109018e+00 
 4.895251e+00 -1.109016e+00 
 4.895574e+00 -1.109014e+00 
 4.895897e+00 -1.109010e+00 
 4.896220e+00 -1.109005e+00 
 4.896543e+00 -1.109002e+00 
 4.896866e+00 -1.109000e+00 
 4.897189e+00 -1.108998e+00 
 4.897512e+00 -1.108995e+00 
 4.897835e+00 -1.108993e+00 
 4.898158e+00 -1.108991e+00 
 4.898481e+00 -1.108989e+00 
 4.898804e+00 -1.108986e+00 
 4.899127e+00 -1.108984e+00 
 4.899450e+00 -1.108981e+00 
 4.899773e+00 -1.108978e+00 
 4.900096e+00 -1.108976e+00 
 4.900419e+00 -1.108975e+00 
 4.900742e+00 -1.108974e+00 
 4.901065e+00 -1.108971e+00 
 4.901388e+00 -1.108967e+00 
 4.901711e+00 -1.108965e+00 
 4.902034e+00 -1.108964e+00 
 4.902357e+00 -1.108963e+00 
 4.902680e+00 -1.108962e+00 
 4.903003e+00 -1.108961e+00 
 4.903326e+00 -1.108960e+00 
 4.903649e+00 -1.108959e+00 
 4.903972e+00 -1.108958e+00 
 4.904295e+00 -1.108956e+00 
 4.904618e+00 -1.108955e+00 
 4.904941e+00 -1.108953e+00 
 4.905264e+00 -1.108952e+00 
 4.905587e+00 -1.108953e+00 
 4.905910e+00 -1.108955e+00 
 4.906233e+00 -1.108953e+00 
 4.906556e+00 -1.108952e+00 
 4.906879e+00 -1.108951e+00 
 4.907202e+00 -1.108952e+00 
 4.907525e+00 -1.108953e+00 
 4.907848e+00 -1.108954e+00 
 4.908171e+00 -1.108955e+00 
 4.908493e+00 -1.108955e+00 
 4.908816e+00 -1.108956e+00 
 4.909139e+00 -1.108957e+00 
 4.909462e+00 -1.108957e+00 
 4.909785e+00 -1.108958e+00 
 4.910108e+00 -1.108958e+00 
 4.910431e+00 -1.108959e+00 
 4.910754e+00 -1.108963e+00 
 4.911077e+00 -1.108966e+00 
 4.911400e+00 -1.108968e+00 
 4.911723e+00 -1.108970e+00 
 4.912046e+00 -1.108973e+00 
 4.912369e+00 -1.108978e+00 
 4.912692e+00 -1.108982e+00 
 4.913015e+00 -1.108985e+00 
 4.913338e+00 -1.108989e+00 
 4.913661e+00 -1.108992e+00 
 4.913984e+00 -1.108996e+00 
 4.914307e+00 -1.109000e+00 
 4.914630e+00 -1.109003e+00 
 4.914953e+00 -1.109006e+00 
 4.915276e+00 -1.109009e+00 
 4.915599e+00 -1.109013e+00 
 4.915922e+00 -1.109019e+00 
 4.916245e+00 -1.109026e+00 
 4.916568e+00 -1.109031e+00 
 4.916891e+00 -1.109036e+00 
 4.917214e+00 -1.109042e+00 
 4.917537e+00 -1.109049e+00 
 4.917860e+00 -1.109055e+00 
 4.918183e+00 -1.109061e+00 
 4.918506e+00 -1.109066e+00 
 4.918829e+00 -1.109071e+00 
 4.919152e+00 -1.109076e+00 
 4.919475e+00 -1.109081e+00 
 4.919798e+00 -1.109085e+00 
 4.920121e+00 -1.109088e+00 
 4.920444e+00 -1.109091e+00 
 4.920767e+00 -1.109095e+00 
 4.921090e+00 -1.109101e+00 
 4.921413e+00 -1.109108e+00 
 4.921736e+00 -1.109113e+00 
 4.922059e+00 -1.109117e+00 
 4.922382e+00 -1.109121e+00 
 4.922705e+00 -1.109126e+00 
 4.923028e+00 -1.109131e+00 
 4.923351e+00 -1.109134e+00 
 4.923674e+00 -1.109137e+00 
 4.923997e+00 -1.109139e+00 
 4.924320e+00 -1.109142e+00 
 4.924643e+00 -1.109145e+00 
 4.924966e+00 -1.109148e+00 
 4.925289e+00 -1.109151e+00 
 4.925612e+00 -1.109152e+00 
 4.925935e+00 -1.109155e+00 
 4.926258e+00 -1.109160e+00 
 4.926581e+00 -1.109165e+00 
 4.926904e+00 -1.109168e+00 
 4.927227e+00 -1.109171e+00 
 4.927550e+00 -1.109174e+00 
 4.927873e+00 -1.109177e+00 
 4.928196e+00 -1.109180e+00 
 4.928519e+00 -1.109182e+00 
 4.928842e+00 -1.109184e+00 
 4.929165e+00 -1.109185e+00 
 4.929488e+00 -1.109188e+00 
 4.929811e+00 -1.109192e+00 
 4.930134e+00 -1.109196e+00 
 4.930457e+00 -1.109199e+00 
 4.930780e+00 -1.109202e+00 
 4.931103e+00 -1.109205e+00 
 4.931426e+00 -1.109211e+00 
 4.931749e+00 -1.109216e+00 
 4.932072e+00 -1.109220e+00 
 4.932395e+00 -1.109222e+00 
 4.932718e+00 -1.109226e+00 
 4.933041e+00 -1.109230e+00 
 4.933364e+00 -1.109234e+00 
 4.933687e+00 -1.109238e+00 
 4.934010e+00 -1.109242e+00 
 4.934333e+00 -1.109247e+00 
 4.934656e+00 -1.109253e+00 
 4.934979e+00 -1.109260e+00 
 4.935302e+00 -1.109267e+00 
 4.935625e+00 -1.109273e+00 
 4.935948e+00 -1.109279e+00 
 4.936271e+00 -1.109285e+00 
 4.936594e+00 -1.109292e+00 
 4.936917e+00 -1.109300e+00 
 4.937240e+00 -1.109306e+00 
 4.937563e+00 -1.109312e+00 
 4.937886e+00 -1.109319e+00 
 4.938209e+00 -1.109326e+00 
 4.938532e+00 -1.109334e+00 
 4.938855e+00 -1.109342e+00 
 4.939178e+00 -1.109350e+00 
 4.939501e+00 -1.109358e+00 
 4.939824e+00 -1.109367e+00 
 4.940147e+00 -1.109376e+00 
 4.940470e+00 -1.109385e+00 
 4.940793e+00 -1.109394e+00 
 4.941116e+00 -1.109400e+00 
 4.941439e+00 -1.109407e+00 
 4.941762e+00 -1.109415e+00 
 4.942085e+00 -1.109422e+00 
 4.942408e+00 -1.109428e+00 
 4.942731e+00 -1.109433e+00 
 4.943054e+00 -1.109438e+00 
 4.943377e+00 -1.109444e+00 
 4.943700e+00 -1.109450e+00 
 4.944022e+00 -1.109456e+00 
 4.944345e+00 -1.109461e+00 
 4.944668e+00 -1.109465e+00 
 4.944991e+00 -1.109470e+00 
 4.945314e+00 -1.109475e+00 
 4.945637e+00 -1.109480e+00 
 4.945960e+00 -1.109485e+00 
 4.946283e+00 -1.109487e+00 
 4.946606e+00 -1.109489e+00 
 4.946929e+00 -1.109492e+00 
 4.947252e+00 -1.109493e+00 
 4.947575e+00 -1.109494e+00 
 4.947898e+00 -1.109494e+00 
 4.948221e+00 -1.109494e+00 
 4.948544e+00 -1.109494e+00 
 4.948867e+00 -1.109494e+00 
 4.949190e+00 -1.109494e+00 
 4.949513e+00 -1.109492e+00 
 4.949836e+00 -1.109491e+00 
 4.950159e+00 -1.109490e+00 
 4.950482e+00 -1.109489e+00 
 4.950805e+00 -1.109489e+00 
 4.951128e+00 -1.109488e+00 
 4.951451e+00 -1.109485e+00 
 4.951774e+00 -1.109481e+00 
 4.952097e+00 -1.109478e+00 
 4.952420e+00 -1.109475e+00 
 4.952743e+00 -1.109471e+00 
 4.953066e+00 -1.109466e+00 
 4.953389e+00 -1.109462e+00 
 4.953712e+00 -1.109457e+00 
 4.954035e+00 -1.109454e+00 
 4.954358e+00 -1.109449e+00 
 4.954681e+00 -1.109445e+00 
 4.955004e+00 -1.109440e+00 
 4.955327e+00 -1.109435e+00 
 4.955650e+00 -1.109432e+00 
 4.955973e+00 -1.109429e+00 
 4.956296e+00 -1.109425e+00 
 4.956619e+00 -1.109419e+00 
 4.956942e+00 -1.109414e+00 
 4.957265e+00 -1.109409e+00 
 4.957588e+00 -1.109404e+00 
 4.957911e+00 -1.109398e+00 
 4.958234e+00 -1.109392e+00 
 4.958557e+00 -1.109386e+00 
 4.958880e+00 -1.109381e+00 
 4.959203e+00 -1.109377e+00 
 4.959526e+00 -1.109372e+00 
 4.959849e+00 -1.109366e+00 
 4.960172e+00 -1.109360e+00 
 4.960495e+00 -1.109354e+00 
 4.960818e+00 -1.109347e+00 
 4.961141e+00 -1.109342e+00 
 4.961464e+00 -1.109336e+00 
 4.961787e+00 -1.109329e+00 
 4.962110e+00 -1.109322e+00 
 4.962433e+00 -1.109316e+00 
 4.962756e+00 -1.109310e+00 
 4.963079e+00 -1.109304e+00 
 4.963402e+00 -1.109298e+00 
 4.963725e+00 -1.109292e+00 
 4.964048e+00 -1.109288e+00 
 4.964371e+00 -1.109284e+00 
 4.964694e+00 -1.109280e+00 
 4.965017e+00 -1.109275e+00 
 4.965340e+00 -1.109271e+00 
 4.965663e+00 -1.109264e+00 
 4.965986e+00 -1.109259e+00 
 4.966309e+00 -1.109255e+00 
 4.966632e+00 -1.109251e+00 
 4.966955e+00 -1.109246e+00 
 4.967278e+00 -1.109242e+00 
 4.967601e+00 -1.109238e+00 
 4.967924e+00 -1.109235e+00 
 4.968247e+00 -1.109232e+00 
 4.968570e+00 -1.109228e+00 
 4.968893e+00 -1.109225e+00 
 4.969216e+00 -1.109222e+00 
 4.969539e+00 -1.109220e+00 
 4.969862e+00 -1.109217e+00 
 4.970185e+00 -1.109213e+00 
 4.970508e+00 -1.109208e+00 
 4.970831e+00 -1.109200e+00 
 4.971154e+00 -1.109195e+00 
 4.971477e+00 -1.109191e+00 
 4.971800e+00 -1.109187e+00 
 4.972123e+00 -1.109182e+00 
 4.972446e+00 -1.109177e+00 
 4.972769e+00 -1.109173e+00 
 4.973092e+00 -1.109168e+00 
 4.973415e+00 -1.109164e+00 
 4.973738e+00 -1.109159e+00 
 4.974061e+00 -1.109154e+00 
 4.974384e+00 -1.109150e+00 
 4.974707e+00 -1.109145e+00 
 4.975030e+00 -1.109141e+00 
 4.975353e+00 -1.109136e+00 
 4.975676e+00 -1.109129e+00 
 4.975999e+00 -1.109121e+00 
 4.976322e+00 -1.109115e+00 
 4.976645e+00 -1.109110e+00 
 4.976968e+00 -1.109106e+00 
 4.977291e+00 -1.109100e+00 
 4.977614e+00 -1.109096e+00 
 4.977937e+00 -1.109092e+00 
 4.978260e+00 -1.109088e+00 
 4.978583e+00 -1.109085e+00 
 4.978906e+00 -1.109081e+00 
 4.979228e+00 -1.109078e+00 
 4.979551e+00 -1.109076e+00 
 4.979874e+00 -1.109074e+00 
 4.980197e+00 -1.109073e+00 
 4.980520e+00 -1.109072e+00 
 4.980843e+00 -1.109070e+00 
 4.981166e+00 -1.109067e+00 
 4.981489e+00 -1.109066e+00 
 4.981812e+00 -1.109067e+00 
 4.982135e+00 -1.109068e+00 
 4.982458e+00 -1.109068e+00 
 4.982781e+00 -1.109070e+00 
 4.983104e+00 -1.109072e+00 
 4.983427e+00 -1.109075e+00 
 4.983750e+00 -1.109078e+00 
 4.984073e+00 -1.109081e+00 
 4.984396e+00 -1.109084e+00 
 4.984719e+00 -1.109086e+00 
 4.985042e+00 -1.109090e+00 
 4.985365e+00 -1.109094e+00 
 4.985688e+00 -1.109099e+00 
 4.986011e+00 -1.109102e+00 
 4.986334e+00 -1.109104e+00 
 4.986657e+00 -1.109108e+00 
 4.986980e+00 -1.109112e+00 
 4.987303e+00 -1.109117e+00 
 4.987626e+00 -1.109122e+00 
 4.987949e+00 -1.109127e+00 
 4.988272e+00 -1.109132e+00 
 4.988595e+00 -1.109138e+00 
 4.988918e+00 -1.109143e+00 
 4.989241e+00 -1.109148e+00 
 4.989564e+00 -1.109152e+00 
 4.989887e+00 -1.109156e+00 
 4.990210e+00 -1.109160e+00 
 4.990533e+00 -1.109164e+00 
 4.990856e+00 -1.109169e+00 
 4.991179e+00 -1.109173e+00 
 4.991502e+00 -1.109175e+00 
 4.991825e+00 -1.109179e+00 
 4.992148e+00 -1.109184e+00 
 4.992471e+00 -1.109189e+00 
 4.992794e+00 -1.109194e+00 
 4.993117e+00 -1.109199e+00 
 4.993440e+00 -1.109203e+00 
 4.993763e+00 -1.109207e+00 
 4.994086e+00 -1.109211e+00 
 4.994409e+00 -1.109214e+00 
 4.994732e+00 -1.109215e+00 
 4.995055e+00 -1.109217e+00 
 4.995378e+00 -1.109218e+00 
 4.995701e+00 -1.109219e+00 
 4.996024e+00 -1.109222e+00 
 4.996347e+00 -1.109223e+00 
 4.996670e+00 -1.109224e+00 
 4.996993e+00 -1.109226e+00 
 4.997316e+00 -1.109229e+00 
 4.997639e+00 -1.109231e+00 
 4.997962e+00 -1.109233e+00 
 4.998285e+00 -1.109234e+00 
 4.998608e+00 -1.109234e+00 
 4.998931e+00 -1.109233e+00 
 4.999254e+00 -1.109230e+00 
 4.999577e+00 -1.109227e+00 
 4.999900e+00 -1.109223e+00 
 5.000223e+00 -1.109219e+00 
 5.000546e+00 -1.109216e+00 
 5.000869e+00 -1.109213e+00 
 5.001192e+00 -1.109211e+00 
 5.001515e+00 -1.109209e+00 
 5.001838e+00 -1.109207e+00 
 5.002161e+00 -1.109206e+00 
 5.002484e+00 -1.109205e+00 
 5.002807e+00 -1.109204e+00 
 5.003130e+00 -1.109202e+00 
 5.003453e+00 -1.109200e+00 
 5.003776e+00 -1.109198e+00 
 5.004099e+00 -1.109195e+00 
 5.004422e+00 -1.109193e+00 
 5.004745e+00 -1.109191e+00 
 5.005068e+00 -1.109190e+00 
 5.005391e+00 -1.109190e+00 
 5.005714e+00 -1.109190e+00 
 5.006037e+00 -1.109191e+00 
 5.006360e+00 -1.109193e+00 
 5.006683e+00 -1.109195e+00 
 5.007006e+00 -1.109196e+00 
 5.007329e+00 -1.109198e+00 
 5.007652e+00 -1.109200e+00 
 5.007975e+00 -1.109202e+00 
 5.008298e+00 -1.109204e+00 
 5.008621e+00 -1.109206e+00 
 5.008944e+00 -1.109208e+00 
 5.009267e+00 -1.109210e+00 
 5.009590e+00 -1.109214e+00 
 5.009913e+00 -1.109218e+00 
 5.010236e+00 -1.109223e+00 
 5.010559e+00 -1.109229e+00 
 5.010882e+00 -1.109234e+00 
 5.011205e+00 -1.109240e+00 
 5.011528e+00 -1.109245e+00 
 5.011851e+00 -1.109250e+00 
 5.012174e+00 -1.109254e+00 
 5.012497e+00 -1.109258e+00 
 5.012820e+00 -1.109262e+00 
 5.013143e+00 -1.109266e+00 
 5.013466e+00 -1.109269e+00 
 5.013789e+00 -1.109273e+00 
 5.014112e+00 -1.109276e+00 
 5.014435e+00 -1.109280e+00 
 5.014757e+00 -1.109284e+00 
 5.015080e+00 -1.109287e+00 
 5.015403e+00 -1.109290e+00 
 5.015726e+00 -1.109293e+00 
 5.016049e+00 -1.109296e+00 
 5.016372e+00 -1.109298e+00 
 5.016695e+00 -1.109299e+00 
 5.017018e+00 -1.109300e+00 
 5.017341e+00 -1.109300e+00 
 5.017664e+00 -1.109300e+00 
 5.017987e+00 -1.109300e+00 
 5.018310e+00 -1.109300e+00 
 5.018633e+00 -1.109299e+00 
 5.018956e+00 -1.109299e+00 
 5.019279e+00 -1.109298e+00 
 5.019602e+00 -1.109296e+00 
 5.019925e+00 -1.109295e+00 
 5.020248e+00 -1.109292e+00 
 5.020571e+00 -1.109289e+00 
 5.020894e+00 -1.109287e+00 
 5.021217e+00 -1.109284e+00 
 5.021540e+00 -1.109280e+00 
 5.021863e+00 -1.109277e+00 
 5.022186e+00 -1.109273e+00 
 5.022509e+00 -1.109268e+00 
 5.022832e+00 -1.109263e+00 
 5.023155e+00 -1.109259e+00 
 5.023478e+00 -1.109254e+00 
 5.023801e+00 -1.109249e+00 
 5.024124e+00 -1.109243e+00 
 5.024447e+00 -1.109236e+00 
 5.024770e+00 -1.109229e+00 
 5.025093e+00 -1.109222e+00 
 5.025416e+00 -1.109215e+00 
 5.025739e+00 -1.109208e+00 
 5.026062e+00 -1.109202e+00 
 5.026385e+00 -1.109197e+00 
 5.026708e+00 -1.109191e+00 
 5.027031e+00 -1.109185e+00 
 5.027354e+00 -1.109180e+00 
 5.027677e+00 -1.109173e+00 
 5.028000e+00 -1.109167e+00 
 5.028323e+00 -1.109161e+00 
 5.028646e+00 -1.109154e+00 
 5.028969e+00 -1.109147e+00 
 5.029292e+00 -1.109140e+00 
 5.029615e+00 -1.109133e+00 
 5.029938e+00 -1.109127e+00 
 5.030261e+00 -1.109121e+00 
 5.030584e+00 -1.109116e+00 
 5.030907e+00 -1.109112e+00 
 5.031230e+00 -1.109109e+00 
 5.031553e+00 -1.109106e+00 
 5.031876e+00 -1.109103e+00 
 5.032199e+00 -1.109099e+00 
 5.032522e+00 -1.109095e+00 
 5.032845e+00 -1.109091e+00 
 5.033168e+00 -1.109087e+00 
 5.033491e+00 -1.109083e+00 
 5.033814e+00 -1.109079e+00 
 5.034137e+00 -1.109075e+00 
 5.034460e+00 -1.109073e+00 
 5.034783e+00 -1.109071e+00 
 5.035106e+00 -1.109070e+00 
 5.035429e+00 -1.109069e+00 
 5.035752e+00 -1.109068e+00 
 5.036075e+00 -1.109068e+00 
 5.036398e+00 -1.109067e+00 
 5.036721e+00 -1.109066e+00 
 5.037044e+00 -1.109064e+00 
 5.037367e+00 -1.109061e+00 
 5.037690e+00 -1.109058e+00 
 5.038013e+00 -1.109054e+00 
 5.038336e+00 -1.109051e+00 
 5.038659e+00 -1.109048e+00 
 5.038982e+00 -1.109045e+00 
 5.039305e+00 -1.109042e+00 
 5.039628e+00 -1.109039e+00 
 5.039951e+00 -1.109037e+00 
 5.040274e+00 -1.109034e+00 
 5.040597e+00 -1.109030e+00 
 5.040920e+00 -1.109025e+00 
 5.041243e+00 -1.109020e+00 
 5.041566e+00 -1.109014e+00 
 5.041889e+00 -1.109008e+00 
 5.042212e+00 -1.109001e+00 
 5.042535e+00 -1.108994e+00 
 5.042858e+00 -1.108986e+00 
 5.043181e+00 -1.108979e+00 
 5.043504e+00 -1.108972e+00 
 5.043827e+00 -1.108966e+00 
 5.044150e+00 -1.108960e+00 
 5.044473e+00 -1.108954e+00 
 5.044796e+00 -1.108948e+00 
 5.045119e+00 -1.108941e+00 
 5.045442e+00 -1.108934e+00 
 5.045765e+00 -1.108924e+00 
 5.046088e+00 -1.108915e+00 
 5.046411e+00 -1.108906e+00 
 5.046734e+00 -1.108898e+00 
 5.047057e+00 -1.108890e+00 
 5.047380e+00 -1.108882e+00 
 5.047703e+00 -1.108875e+00 
 5.048026e+00 -1.108868e+00 
 5.048349e+00 -1.108862e+00 
 5.048672e+00 -1.108856e+00 
 5.048995e+00 -1.108851e+00 
 5.049318e+00 -1.108846e+00 
 5.049641e+00 -1.108841e+00 
 5.049964e+00 -1.108836e+00 
 5.050286e+00 -1.108831e+00 
 5.050609e+00 -1.108824e+00 
 5.050932e+00 -1.108816e+00 
 5.051255e+00 -1.108810e+00 
 5.051578e+00 -1.108805e+00 
 5.051901e+00 -1.108801e+00 
 5.052224e+00 -1.108798e+00 
 5.052547e+00 -1.108795e+00 
 5.052870e+00 -1.108793e+00 
 5.053193e+00 -1.108791e+00 
 5.053516e+00 -1.108790e+00 
 5.053839e+00 -1.108789e+00 
 5.054162e+00 -1.108789e+00 
 5.054485e+00 -1.108788e+00 
 5.054808e+00 -1.108788e+00 
 5.055131e+00 -1.108788e+00 
 5.055454e+00 -1.108788e+00 
 5.055777e+00 -1.108786e+00 
 5.056100e+00 -1.108784e+00 
 5.056423e+00 -1.108783e+00 
 5.056746e+00 -1.108784e+00 
 5.057069e+00 -1.108786e+00 
 5.057392e+00 -1.108788e+00 
 5.057715e+00 -1.108790e+00 
 5.058038e+00 -1.108792e+00 
 5.058361e+00 -1.108795e+00 
 5.058684e+00 -1.108798e+00 
 5.059007e+00 -1.108800e+00 
 5.059330e+00 -1.108803e+00 
 5.059653e+00 -1.108805e+00 
 5.059976e+00 -1.108808e+00 
 5.060299e+00 -1.108812e+00 
 5.060622e+00 -1.108816e+00 
 5.060945e+00 -1.108817e+00 
 5.061268e+00 -1.108818e+00 
 5.061591e+00 -1.108821e+00 
 5.061914e+00 -1.108824e+00 
 5.062237e+00 -1.108828e+00 
 5.062560e+00 -1.108831e+00 
 5.062883e+00 -1.108835e+00 
 5.063206e+00 -1.108838e+00 
 5.063529e+00 -1.108841e+00 
 5.063852e+00 -1.108844e+00 
 5.064175e+00 -1.108847e+00 
 5.064498e+00 -1.108849e+00 
 5.064821e+00 -1.108852e+00 
 5.065144e+00 -1.108855e+00 
 5.065467e+00 -1.108858e+00 
 5.065790e+00 -1.108862e+00 
 5.066113e+00 -1.108863e+00 
 5.066436e+00 -1.108863e+00 
 5.066759e+00 -1.108863e+00 
 5.067082e+00 -1.108865e+00 
 5.067405e+00 -1.108867e+00 
 5.067728e+00 -1.108869e+00 
 5.068051e+00 -1.108871e+00 
 5.068374e+00 -1.108872e+00 
 5.068697e+00 -1.108873e+00 
 5.069020e+00 -1.108874e+00 
 5.069343e+00 -1.108875e+00 
 5.069666e+00 -1.108875e+00 
 5.069989e+00 -1.108876e+00 
 5.070312e+00 -1.108876e+00 
 5.070635e+00 -1.108878e+00 
 5.070958e+00 -1.108880e+00 
 5.071281e+00 -1.108880e+00 
 5.071604e+00 -1.108879e+00 
 5.071927e+00 -1.108880e+00 
 5.072250e+00 -1.108882e+00 
 5.072573e+00 -1.108884e+00 
 5.072896e+00 -1.108887e+00 
 5.073219e+00 -1.108889e+00 
 5.073542e+00 -1.108891e+00 
 5.073865e+00 -1.108892e+00 
 5.074188e+00 -1.108895e+00 
 5.074511e+00 -1.108896e+00 
 5.074834e+00 -1.108897e+00 
 5.075157e+00 -1.108898e+00 
 5.075480e+00 -1.108900e+00 
 5.075803e+00 -1.108904e+00 
 5.076126e+00 -1.108908e+00 
 5.076449e+00 -1.108910e+00 
 5.076772e+00 -1.108912e+00 
 5.077095e+00 -1.108915e+00 
 5.077418e+00 -1.108919e+00 
 5.077741e+00 -1.108923e+00 
 5.078064e+00 -1.108927e+00 
 5.078387e+00 -1.108931e+00 
 5.078710e+00 -1.108933e+00 
 5.079033e+00 -1.108936e+00 
 5.079356e+00 -1.108940e+00 
 5.079679e+00 -1.108942e+00 
 5.080002e+00 -1.108944e+00 
 5.080325e+00 -1.108946e+00 
 5.080648e+00 -1.108949e+00 
 5.080971e+00 -1.108954e+00 
 5.081294e+00 -1.108959e+00 
 5.081617e+00 -1.108962e+00 
 5.081940e+00 -1.108964e+00 
 5.082263e+00 -1.108967e+00 
 5.082586e+00 -1.108971e+00 
 5.082909e+00 -1.108975e+00 
 5.083232e+00 -1.108978e+00 
 5.083555e+00 -1.108980e+00 
 5.083878e+00 -1.108981e+00 
 5.084201e+00 -1.108983e+00 
 5.084524e+00 -1.108985e+00 
 5.084847e+00 -1.108986e+00 
 5.085170e+00 -1.108986e+00 
 5.085492e+00 -1.108986e+00 
 5.085815e+00 -1.108986e+00 
 5.086138e+00 -1.108988e+00 
 5.086461e+00 -1.108990e+00 
 5.086784e+00 -1.108990e+00 
 5.087107e+00 -1.108989e+00 
 5.087430e+00 -1.108988e+00 
 5.087753e+00 -1.108988e+00 
 5.088076e+00 -1.108988e+00 
 5.088399e+00 -1.108987e+00 
 5.088722e+00 -1.108985e+00 
 5.089045e+00 -1.108982e+00 
 5.089368e+00 -1.108979e+00 
 5.089691e+00 -1.108976e+00 
 5.090014e+00 -1.108973e+00 
 5.090337e+00 -1.108969e+00 
 5.090660e+00 -1.108963e+00 
 5.090983e+00 -1.108958e+00 
 5.091306e+00 -1.108955e+00 
 5.091629e+00 -1.108952e+00 
 5.091952e+00 -1.108947e+00 
 5.092275e+00 -1.108942e+00 
 5.092598e+00 -1.108937e+00 
 5.092921e+00 -1.108933e+00 
 5.093244e+00 -1.108929e+00 
 5.093567e+00 -1.108924e+00 
 5.093890e+00 -1.108918e+00 
 5.094213e+00 -1.108912e+00 
 5.094536e+00 -1.108907e+00 
 5.094859e+00 -1.108903e+00 
 5.095182e+00 -1.108898e+00 
 5.095505e+00 -1.108893e+00 
 5.095828e+00 -1.108887e+00 
 5.096151e+00 -1.108882e+00 
 5.096474e+00 -1.108880e+00 
 5.096797e+00 -1.108878e+00 
 5.097120e+00 -1.108874e+00 
 5.097443e+00 -1.108871e+00 
 5.097766e+00 -1.108868e+00 
 5.098089e+00 -1.108866e+00 
 5.098412e+00 -1.108864e+00 
 5.098735e+00 -1.108862e+00 
 5.099058e+00 -1.108859e+00 
 5.099381e+00 -1.108857e+00 
 5.099704e+00 -1.108855e+00 
 5.100027e+00 -1.108856e+00 
 5.100350e+00 -1.108856e+00 
 5.100673e+00 -1.108856e+00 
 5.100996e+00 -1.108856e+00 
 5.101319e+00 -1.108857e+00 
 5.101642e+00 -1.108859e+00 
 5.101965e+00 -1.108862e+00 
 5.102288e+00 -1.108863e+00 
 5.102611e+00 -1.108863e+00 
 5.102934e+00 -1.108864e+00 
 5.103257e+00 -1.108865e+00 
 5.103580e+00 -1.108867e+00 
 5.103903e+00 -1.108868e+00 
 5.104226e+00 -1.108870e+00 
 5.104549e+00 -1.108871e+00 
 5.104872e+00 -1.108873e+00 
 5.105195e+00 -1.108876e+00 
 5.105518e+00 -1.108880e+00 
 5.105841e+00 -1.108883e+00 
 5.106164e+00 -1.108885e+00 
 5.106487e+00 -1.108887e+00 
 5.106810e+00 -1.108889e+00 
 5.107133e+00 -1.108891e+00 
 5.107456e+00 -1.108891e+00 
 5.107779e+00 -1.108891e+00 
 5.108102e+00 -1.108891e+00 
 5.108425e+00 -1.108892e+00 
 5.108748e+00 -1.108892e+00 
 5.109071e+00 -1.108893e+00 
 5.109394e+00 -1.108893e+00 
 5.109717e+00 -1.108893e+00 
 5.110040e+00 -1.108894e+00 
 5.110363e+00 -1.108895e+00 
 5.110686e+00 -1.108896e+00 
 5.111009e+00 -1.108897e+00 
 5.111332e+00 -1.108895e+00 
 5.111655e+00 -1.108894e+00 
 5.111978e+00 -1.108893e+00 
 5.112301e+00 -1.108892e+00 
 5.112624e+00 -1.108891e+00 
 5.112947e+00 -1.108889e+00 
 5.113270e+00 -1.108888e+00 
 5.113593e+00 -1.108887e+00 
 5.113916e+00 -1.108887e+00 
 5.114239e+00 -1.108887e+00 
 5.114562e+00 -1.108886e+00 
 5.114885e+00 -1.108884e+00 
 5.115208e+00 -1.108883e+00 
 5.115531e+00 -1.108883e+00 
 5.115854e+00 -1.108883e+00 
 5.116177e+00 -1.108882e+00 
 5.116500e+00 -1.108881e+00 
 5.116823e+00 -1.108879e+00 
 5.117146e+00 -1.108879e+00 
 5.117469e+00 -1.108880e+00 
 5.117792e+00 -1.108879e+00 
 5.118115e+00 -1.108879e+00 
 5.118438e+00 -1.108879e+00 
 5.118761e+00 -1.108879e+00 
 5.119084e+00 -1.108880e+00 
 5.119407e+00 -1.108880e+00 
 5.119730e+00 -1.108880e+00 
 5.120053e+00 -1.108879e+00 
 5.120376e+00 -1.108880e+00 
 5.120699e+00 -1.108882e+00 
 5.121021e+00 -1.108885e+00 
 5.121344e+00 -1.108887e+00 
 5.121667e+00 -1.108889e+00 
 5.121990e+00 -1.108892e+00 
 5.122313e+00 -1.108896e+00 
 5.122636e+00 -1.108900e+00 
 5.122959e+00 -1.108903e+00 
 5.123282e+00 -1.108906e+00 
 5.123605e+00 -1.108909e+00 
 5.123928e+00 -1.108913e+00 
 5.124251e+00 -1.108917e+00 
 5.124574e+00 -1.108922e+00 
 5.124897e+00 -1.108926e+00 
 5.125220e+00 -1.108931e+00 
 5.125543e+00 -1.108937e+00 
 5.125866e+00 -1.108945e+00 
 5.126189e+00 -1.108953e+00 
 5.126512e+00 -1.108959e+00 
 5.126835e+00 -1.108966e+00 
 5.127158e+00 -1.108972e+00 
 5.127481e+00 -1.108978e+00 
 5.127804e+00 -1.108984e+00 
 5.128127e+00 -1.108990e+00 
 5.128450e+00 -1.108995e+00 
 5.128773e+00 -1.109001e+00 
 5.129096e+00 -1.109007e+00 
 5.129419e+00 -1.109015e+00 
 5.129742e+00 -1.109022e+00 
 5.130065e+00 -1.109029e+00 
 5.130388e+00 -1.109036e+00 
 5.130711e+00 -1.109045e+00 
 5.131034e+00 -1.109053e+00 
 5.131357e+00 -1.109061e+00 
 5.131680e+00 -1.109067e+00 
 5.132003e+00 -1.109072e+00 
 5.132326e+00 -1.109077e+00 
 5.132649e+00 -1.109081e+00 
 5.132972e+00 -1.109086e+00 
 5.133295e+00 -1.109090e+00 
 5.133618e+00 -1.109094e+00 
 5.133941e+00 -1.109098e+00 
 5.134264e+00 -1.109104e+00 
 5.134587e+00 -1.109109e+00 
 5.134910e+00 -1.109114e+00 
 5.135233e+00 -1.109117e+00 
 5.135556e+00 -1.109121e+00 
 5.135879e+00 -1.109126e+00 
 5.136202e+00 -1.109131e+00 
 5.136525e+00 -1.109133e+00 
 5.136848e+00 -1.109134e+00 
 5.137171e+00 -1.109135e+00 
 5.137494e+00 -1.109135e+00 
 5.137817e+00 -1.109136e+00 
 5.138140e+00 -1.109137e+00 
 5.138463e+00 -1.109138e+00 
 5.138786e+00 -1.109139e+00 
 5.139109e+00 -1.109140e+00 
 5.139432e+00 -1.109142e+00 
 5.139755e+00 -1.109144e+00 
 5.140078e+00 -1.109145e+00 
 5.140401e+00 -1.109144e+00 
 5.140724e+00 -1.109146e+00 
 5.141047e+00 -1.109148e+00 
 5.141370e+00 -1.109149e+00 
 5.141693e+00 -1.109150e+00 
 5.142016e+00 -1.109150e+00 
 5.142339e+00 -1.109149e+00 
 5.142662e+00 -1.109149e+00 
 5.142985e+00 -1.109150e+00 
 5.143308e+00 -1.109151e+00 
 5.143631e+00 -1.109152e+00 
 5.143954e+00 -1.109153e+00 
 5.144277e+00 -1.109154e+00 
 5.144600e+00 -1.109156e+00 
 5.144923e+00 -1.109157e+00 
 5.145246e+00 -1.109157e+00 
 5.145569e+00 -1.109157e+00 
 5.145892e+00 -1.109159e+00 
 5.146215e+00 -1.109162e+00 
 5.146538e+00 -1.109164e+00 
 5.146861e+00 -1.109166e+00 
 5.147184e+00 -1.109166e+00 
 5.147507e+00 -1.109167e+00 
 5.147830e+00 -1.109168e+00 
 5.148153e+00 -1.109169e+00 
 5.148476e+00 -1.109171e+00 
 5.148799e+00 -1.109172e+00 
 5.149122e+00 -1.109173e+00 
 5.149445e+00 -1.109175e+00 
 5.149768e+00 -1.109177e+00 
 5.150091e+00 -1.109178e+00 
 5.150414e+00 -1.109178e+00 
 5.150737e+00 -1.109177e+00 
 5.151060e+00 -1.109177e+00 
 5.151383e+00 -1.109179e+00 
 5.151706e+00 -1.109179e+00 
 5.152029e+00 -1.109179e+00 
 5.152352e+00 -1.109177e+00 
 5.152675e+00 -1.109175e+00 
 5.152998e+00 -1.109174e+00 
 5.153321e+00 -1.109173e+00 
 5.153644e+00 -1.109172e+00 
 5.153967e+00 -1.109170e+00 
 5.154290e+00 -1.109168e+00 
 5.154613e+00 -1.109166e+00 
 5.154936e+00 -1.109164e+00 
 5.155259e+00 -1.109161e+00 
 5.155582e+00 -1.109156e+00 
 5.155905e+00 -1.109148e+00 
 5.156227e+00 -1.109143e+00 
 5.156550e+00 -1.109138e+00 
 5.156873e+00 -1.109133e+00 
 5.157196e+00 -1.109127e+00 
 5.157519e+00 -1.109120e+00 
 5.157842e+00 -1.109114e+00 
 5.158165e+00 -1.109107e+00 
 5.158488e+00 -1.109102e+00 
 5.158811e+00 -1.109097e+00 
 5.159134e+00 -1.109090e+00 
 5.159457e+00 -1.109083e+00 
 5.159780e+00 -1.109076e+00 
 5.160103e+00 -1.109070e+00 
 5.160426e+00 -1.109062e+00 
 5.160749e+00 -1.109051e+00 
 5.161072e+00 -1.109039e+00 
 5.161395e+00 -1.109030e+00 
 5.161718e+00 -1.109023e+00 
 5.162041e+00 -1.109015e+00 
 5.162364e+00 -1.109007e+00 
 5.162687e+00 -1.108998e+00 
 5.163010e+00 -1.108990e+00 
 5.163333e+00 -1.108983e+00 
 5.163656e+00 -1.108977e+00 
 5.163979e+00 -1.108970e+00 
 5.164302e+00 -1.108962e+00 
 5.164625e+00 -1.108955e+00 
 5.164948e+00 -1.108948e+00 
 5.165271e+00 -1.108943e+00 
 5.165594e+00 -1.108935e+00 
 5.165917e+00 -1.108925e+00 
 5.166240e+00 -1.108916e+00 
 5.166563e+00 -1.108909e+00 
 5.166886e+00 -1.108905e+00 
 5.167209e+00 -1.108900e+00 
 5.167532e+00 -1.108895e+00 
 5.167855e+00 -1.108890e+00 
 5.168178e+00 -1.108885e+00 
 5.168501e+00 -1.108882e+00 
 5.168824e+00 -1.108878e+00 
 5.169147e+00 -1.108875e+00 
 5.169470e+00 -1.108871e+00 
 5.169793e+00 -1.108868e+00 
 5.170116e+00 -1.108866e+00 
 5.170439e+00 -1.108864e+00 
 5.170762e+00 -1.108861e+00 
 5.171085e+00 -1.108856e+00 
 5.171408e+00 -1.108851e+00 
 5.171731e+00 -1.108848e+00 
 5.172054e+00 -1.108848e+00 
 5.172377e+00 -1.108847e+00 
 5.172700e+00 -1.108845e+00 
 5.173023e+00 -1.108843e+00 
 5.173346e+00 -1.108842e+00 
 5.173669e+00 -1.108842e+00 
 5.173992e+00 -1.108842e+00 
 5.174315e+00 -1.108841e+00 
 5.174638e+00 -1.108840e+00 
 5.174961e+00 -1.108839e+00 
 5.175284e+00 -1.108839e+00 
 5.175607e+00 -1.108840e+00 
 5.175930e+00 -1.108839e+00 
 5.176253e+00 -1.108836e+00 
 5.176576e+00 -1.108833e+00 
 5.176899e+00 -1.108832e+00 
 5.177222e+00 -1.108833e+00 
 5.177545e+00 -1.108833e+00 
 5.177868e+00 -1.108833e+00 
 5.178191e+00 -1.108832e+00 
 5.178514e+00 -1.108831e+00 
 5.178837e+00 -1.108831e+00 
 5.179160e+00 -1.108832e+00 
 5.179483e+00 -1.108830e+00 
 5.179806e+00 -1.108828e+00 
 5.180129e+00 -1.108826e+00 
 5.180452e+00 -1.108824e+00 
 5.180775e+00 -1.108824e+00 
 5.181098e+00 -1.108822e+00 
 5.181421e+00 -1.108818e+00 
 5.181744e+00 -1.108814e+00 
 5.182067e+00 -1.108813e+00 
 5.182390e+00 -1.108813e+00 
 5.182713e+00 -1.108813e+00 
 5.183036e+00 -1.108812e+00 
 5.183359e+00 -1.108810e+00 
 5.183682e+00 -1.108808e+00 
 5.184005e+00 -1.108807e+00 
 5.184328e+00 -1.108805e+00 
 5.184651e+00 -1.108802e+00 
 5.184974e+00 -1.108799e+00 
 5.185297e+00 -1.108795e+00 
 5.185620e+00 -1.108792e+00 
 5.185943e+00 -1.108792e+00 
 5.186266e+00 -1.108790e+00 
 5.186589e+00 -1.108787e+00 
 5.186912e+00 -1.108785e+00 
 5.187235e+00 -1.108785e+00 
 5.187558e+00 -1.108787e+00 
 5.187881e+00 -1.108788e+00 
 5.188204e+00 -1.108788e+00 
 5.188527e+00 -1.108787e+00 
 5.188850e+00 -1.108786e+00 
 5.189173e+00 -1.108785e+00 
 5.189496e+00 -1.108784e+00 
 5.189819e+00 -1.108783e+00 
 5.190142e+00 -1.108781e+00 
 5.190465e+00 -1.108780e+00 
 5.190788e+00 -1.108781e+00 
 5.191111e+00 -1.108784e+00 
 5.191434e+00 -1.108786e+00 
 5.191756e+00 -1.108788e+00 
 5.192079e+00 -1.108791e+00 
 5.192402e+00 -1.108795e+00 
 5.192725e+00 -1.108800e+00 
 5.193048e+00 -1.108804e+00 
 5.193371e+00 -1.108807e+00 
 5.193694e+00 -1.108809e+00 
 5.194017e+00 -1.108811e+00 
 5.194340e+00 -1.108813e+00 
 5.194663e+00 -1.108817e+00 
 5.194986e+00 -1.108820e+00 
 5.195309e+00 -1.108823e+00 
 5.195632e+00 -1.108826e+00 
 5.195955e+00 -1.108830e+00 
 5.196278e+00 -1.108837e+00 
 5.196601e+00 -1.108843e+00 
 5.196924e+00 -1.108848e+00 
 5.197247e+00 -1.108852e+00 
 5.197570e+00 -1.108857e+00 
 5.197893e+00 -1.108863e+00 
 5.198216e+00 -1.108867e+00 
 5.198539e+00 -1.108870e+00 
 5.198862e+00 -1.108872e+00 
 5.199185e+00 -1.108874e+00 
 5.199508e+00 -1.108878e+00 
 5.199831e+00 -1.108882e+00 
 5.200154e+00 -1.108885e+00 
 5.200477e+00 -1.108887e+00 
 5.200800e+00 -1.108889e+00 
 5.201123e+00 -1.108893e+00 
 5.201446e+00 -1.108897e+00 
 5.201769e+00 -1.108900e+00 
 5.202092e+00 -1.108902e+00 
 5.202415e+00 -1.108903e+00 
 5.202738e+00 -1.108905e+00 
 5.203061e+00 -1.108907e+00 
 5.203384e+00 -1.108908e+00 
 5.203707e+00 -1.108908e+00 
 5.204030e+00 -1.108907e+00 
 5.204353e+00 -1.108907e+00 
 5.204676e+00 -1.108908e+00 
 5.204999e+00 -1.108910e+00 
 5.205322e+00 -1.108911e+00 
 5.205645e+00 -1.108910e+00 
 5.205968e+00 -1.108909e+00 
 5.206291e+00 -1.108910e+00 
 5.206614e+00 -1.108911e+00 
 5.206937e+00 -1.108911e+00 
 5.207260e+00 -1.108910e+00 
 5.207583e+00 -1.108909e+00 
 5.207906e+00 -1.108909e+00 
 5.208229e+00 -1.108909e+00 
 5.208552e+00 -1.108909e+00 
 5.208875e+00 -1.108907e+00 
 5.209198e+00 -1.108906e+00 
 5.209521e+00 -1.108906e+00 
 5.209844e+00 -1.108906e+00 
 5.210167e+00 -1.108908e+00 
 5.210490e+00 -1.108908e+00 
 5.210813e+00 -1.108909e+00 
 5.211136e+00 -1.108908e+00 
 5.211459e+00 -1.108909e+00 
 5.211782e+00 -1.108911e+00 
 5.212105e+00 -1.108912e+00 
 5.212428e+00 -1.108912e+00 
 5.212751e+00 -1.108912e+00 
 5.213074e+00 -1.108913e+00 
 5.213397e+00 -1.108915e+00 
 5.213720e+00 -1.108916e+00 
 5.214043e+00 -1.108917e+00 
 5.214366e+00 -1.108918e+00 
 5.214689e+00 -1.108919e+00 
 5.215012e+00 -1.108921e+00 
 5.215335e+00 -1.108924e+00 
 5.215658e+00 -1.108926e+00 
 5.215981e+00 -1.108928e+00 
 5.216304e+00 -1.108929e+00 
 5.216627e+00 -1.108930e+00 
 5.216950e+00 -1.108933e+00 
 5.217273e+00 -1.108934e+00 
 5.217596e+00 -1.108935e+00 
 5.217919e+00 -1.108935e+00 
 5.218242e+00 -1.108936e+00 
 5.218565e+00 -1.108938e+00 
 5.218888e+00 -1.108939e+00 
 5.219211e+00 -1.108939e+00 
 5.219534e+00 -1.108939e+00 
 5.219857e+00 -1.108939e+00 
 5.220180e+00 -1.108940e+00 
 5.220503e+00 -1.108941e+00 
 5.220826e+00 -1.108941e+00 
 5.221149e+00 -1.108940e+00 
 5.221472e+00 -1.108939e+00 
 5.221795e+00 -1.108938e+00 
 5.222118e+00 -1.108938e+00 
 5.222441e+00 -1.108937e+00 
 5.222764e+00 -1.108934e+00 
 5.223087e+00 -1.108932e+00 
 5.223410e+00 -1.108930e+00 
 5.223733e+00 -1.108928e+00 
 5.224056e+00 -1.108926e+00 
 5.224379e+00 -1.108922e+00 
 5.224702e+00 -1.108918e+00 
 5.225025e+00 -1.108915e+00 
 5.225348e+00 -1.108912e+00 
 5.225671e+00 -1.108908e+00 
 5.225994e+00 -1.108904e+00 
 5.226317e+00 -1.108900e+00 
 5.226640e+00 -1.108895e+00 
 5.226963e+00 -1.108891e+00 
 5.227285e+00 -1.108887e+00 
 5.227608e+00 -1.108882e+00 
 5.227931e+00 -1.108876e+00 
 5.228254e+00 -1.108871e+00 
 5.228577e+00 -1.108866e+00 
 5.228900e+00 -1.108862e+00 
 5.229223e+00 -1.108857e+00 
 5.229546e+00 -1.108851e+00 
 5.229869e+00 -1.108845e+00 
 5.230192e+00 -1.108841e+00 
 5.230515e+00 -1.108837e+00 
 5.230838e+00 -1.108833e+00 
 5.231161e+00 -1.108828e+00 
 5.231484e+00 -1.108824e+00 
 5.231807e+00 -1.108819e+00 
 5.232130e+00 -1.108816e+00 
 5.232453e+00 -1.108812e+00 
 5.232776e+00 -1.108808e+00 
 5.233099e+00 -1.108804e+00 
 5.233422e+00 -1.108800e+00 
 5.233745e+00 -1.108797e+00 
 5.234068e+00 -1.108794e+00 
 5.234391e+00 -1.108792e+00 
 5.234714e+00 -1.108790e+00 
 5.235037e+00 -1.108788e+00 
 5.235360e+00 -1.108787e+00 
 5.235683e+00 -1.108788e+00 
 5.236006e+00 -1.108789e+00 
 5.236329e+00 -1.108789e+00 
 5.236652e+00 -1.108789e+00 
 5.236975e+00 -1.108789e+00 
 5.237298e+00 -1.108789e+00 
 5.237621e+00 -1.108790e+00 
 5.237944e+00 -1.108790e+00 
 5.238267e+00 -1.108790e+00 
 5.238590e+00 -1.108790e+00 
 5.238913e+00 -1.108792e+00 
 5.239236e+00 -1.108795e+00 
 5.239559e+00 -1.108798e+00 
 5.239882e+00 -1.108801e+00 
 5.240205e+00 -1.108804e+00 
 5.240528e+00 -1.108809e+00 
 5.240851e+00 -1.108815e+00 
 5.241174e+00 -1.108819e+00 
 5.241497e+00 -1.108822e+00 
 5.241820e+00 -1.108824e+00 
 5.242143e+00 -1.108826e+00 
 5.242466e+00 -1.108829e+00 
 5.242789e+00 -1.108832e+00 
 5.243112e+00 -1.108835e+00 
 5.243435e+00 -1.108837e+00 
 5.243758e+00 -1.108841e+00 
 5.244081e+00 -1.108845e+00 
 5.244404e+00 -1.108850e+00 
 5.244727e+00 -1.108855e+00 
 5.245050e+00 -1.108859e+00 
 5.245373e+00 -1.108862e+00 
 5.245696e+00 -1.108866e+00 
 5.246019e+00 -1.108870e+00 
 5.246342e+00 -1.108873e+00 
 5.246665e+00 -1.108875e+00 
 5.246988e+00 -1.108875e+00 
 5.247311e+00 -1.108877e+00 
 5.247634e+00 -1.108879e+00 
 5.247957e+00 -1.108881e+00 
 5.248280e+00 -1.108883e+00 
 5.248603e+00 -1.108885e+00 
 5.248926e+00 -1.108888e+00 
 5.249249e+00 -1.108890e+00 
 5.249572e+00 -1.108893e+00 
 5.249895e+00 -1.108894e+00 
 5.250218e+00 -1.108894e+00 
 5.250541e+00 -1.108894e+00 
 5.250864e+00 -1.108894e+00 
 5.251187e+00 -1.108896e+00 
 5.251510e+00 -1.108896e+00 
 5.251833e+00 -1.108895e+00 
 5.252156e+00 -1.108895e+00 
 5.252479e+00 -1.108895e+00 
 5.252802e+00 -1.108897e+00 
 5.253125e+00 -1.108898e+00 
 5.253448e+00 -1.108900e+00 
 5.253771e+00 -1.108900e+00 
 5.254094e+00 -1.108902e+00 
 5.254417e+00 -1.108903e+00 
 5.254740e+00 -1.108903e+00 
 5.255063e+00 -1.108903e+00 
 5.255386e+00 -1.108903e+00 
 5.255709e+00 -1.108902e+00 
 5.256032e+00 -1.108904e+00 
 5.256355e+00 -1.108907e+00 
 5.256678e+00 -1.108909e+00 
 5.257001e+00 -1.108912e+00 
 5.257324e+00 -1.108914e+00 
 5.257647e+00 -1.108917e+00 
 5.257970e+00 -1.108921e+00 
 5.258293e+00 -1.108925e+00 
 5.258616e+00 -1.108929e+00 
 5.258939e+00 -1.108933e+00 
 5.259262e+00 -1.108936e+00 
 5.259585e+00 -1.108940e+00 
 5.259908e+00 -1.108945e+00 
 5.260231e+00 -1.108949e+00 
 5.260554e+00 -1.108954e+00 
 5.260877e+00 -1.108958e+00 
 5.261200e+00 -1.108965e+00 
 5.261523e+00 -1.108972e+00 
 5.261846e+00 -1.108980e+00 
 5.262169e+00 -1.108986e+00 
 5.262491e+00 -1.108992e+00 
 5.262814e+00 -1.108998e+00 
 5.263137e+00 -1.109005e+00 
 5.263460e+00 -1.109012e+00 
 5.263783e+00 -1.109018e+00 
 5.264106e+00 -1.109024e+00 
 5.264429e+00 -1.109030e+00 
 5.264752e+00 -1.109037e+00 
 5.265075e+00 -1.109045e+00 
 5.265398e+00 -1.109052e+00 
 5.265721e+00 -1.109058e+00 
 5.266044e+00 -1.109063e+00 
 5.266367e+00 -1.109070e+00 
 5.266690e+00 -1.109076e+00 
 5.267013e+00 -1.109082e+00 
 5.267336e+00 -1.109086e+00 
 5.267659e+00 -1.109090e+00 
 5.267982e+00 -1.109094e+00 
 5.268305e+00 -1.109098e+00 
 5.268628e+00 -1.109102e+00 
 5.268951e+00 -1.109106e+00 
 5.269274e+00 -1.109110e+00 
 5.269597e+00 -1.109113e+00 
 5.269920e+00 -1.109117e+00 
 5.270243e+00 -1.109121e+00 
 5.270566e+00 -1.109123e+00 
 5.270889e+00 -1.109123e+00 
 5.271212e+00 -1.109123e+00 
 5.271535e+00 -1.109124e+00 
 5.271858e+00 -1.109125e+00 
 5.272181e+00 -1.109125e+00 
 5.272504e+00 -1.109124e+00 
 5.272827e+00 -1.109123e+00 
 5.273150e+00 -1.109123e+00 
 5.273473e+00 -1.109123e+00 
 5.273796e+00 -1.109124e+00 
 5.274119e+00 -1.109124e+00 
 5.274442e+00 -1.109123e+00 
 5.274765e+00 -1.109122e+00 
 5.275088e+00 -1.109121e+00 
 5.275411e+00 -1.109119e+00 
 5.275734e+00 -1.109117e+00 
 5.276057e+00 -1.109113e+00 
 5.276380e+00 -1.109110e+00 
 5.276703e+00 -1.109107e+00 
 5.277026e+00 -1.109106e+00 
 5.277349e+00 -1.109104e+00 
 5.277672e+00 -1.109102e+00 
 5.277995e+00 -1.109100e+00 
 5.278318e+00 -1.109098e+00 
 5.278641e+00 -1.109097e+00 
 5.278964e+00 -1.109096e+00 
 5.279287e+00 -1.109095e+00 
 5.279610e+00 -1.109092e+00 
 5.279933e+00 -1.109090e+00 
 5.280256e+00 -1.109088e+00 
 5.280579e+00 -1.109087e+00 
 5.280902e+00 -1.109085e+00 
 5.281225e+00 -1.109082e+00 
 5.281548e+00 -1.109080e+00 
 5.281871e+00 -1.109080e+00 
 5.282194e+00 -1.109080e+00 
 5.282517e+00 -1.109080e+00 
 5.282840e+00 -1.109079e+00 
 5.283163e+00 -1.109079e+00 
 5.283486e+00 -1.109079e+00 
 5.283809e+00 -1.109079e+00 
 5.284132e+00 -1.109079e+00 
 5.284455e+00 -1.109079e+00 
 5.284778e+00 -1.109078e+00 
 5.285101e+00 -1.109077e+00 
 5.285424e+00 -1.109077e+00 
 5.285747e+00 -1.109078e+00 
 5.286070e+00 -1.109079e+00 
 5.286393e+00 -1.109078e+00 
 5.286716e+00 -1.109078e+00 
 5.287039e+00 -1.109080e+00 
 5.287362e+00 -1.109081e+00 
 5.287685e+00 -1.109082e+00 
 5.288008e+00 -1.109082e+00 
 5.288331e+00 -1.109082e+00 
 5.288654e+00 -1.109083e+00 
 5.288977e+00 -1.109083e+00 
 5.289300e+00 -1.109084e+00 
 5.289623e+00 -1.109083e+00 
 5.289946e+00 -1.109082e+00 
 5.290269e+00 -1.109082e+00 
 5.290592e+00 -1.109082e+00 
 5.290915e+00 -1.109082e+00 
 5.291238e+00 -1.109081e+00 
 5.291561e+00 -1.109079e+00 
 5.291884e+00 -1.109078e+00 
 5.292207e+00 -1.109077e+00 
 5.292530e+00 -1.109076e+00 
 5.292853e+00 -1.109075e+00 
 5.293176e+00 -1.109073e+00 
 5.293499e+00 -1.109070e+00 
 5.293822e+00 -1.109068e+00 
 5.294145e+00 -1.109066e+00 
 5.294468e+00 -1.109064e+00 
 5.294791e+00 -1.109060e+00 
 5.295114e+00 -1.109056e+00 
 5.295437e+00 -1.109052e+00 
 5.295760e+00 -1.109048e+00 
 5.296083e+00 -1.109045e+00 
 5.296406e+00 -1.109041e+00 
 5.296729e+00 -1.109037e+00 
 5.297052e+00 -1.109033e+00 
 5.297375e+00 -1.109030e+00 
 5.297698e+00 -1.109028e+00 
 5.298020e+00 -1.109024e+00 
 5.298343e+00 -1.109020e+00 
 5.298666e+00 -1.109016e+00 
 5.298989e+00 -1.109013e+00 
 5.299312e+00 -1.109009e+00 
 5.299635e+00 -1.109005e+00 
 5.299958e+00 -1.109001e+00 
 5.300281e+00 -1.108997e+00 
 5.300604e+00 -1.108993e+00 
 5.300927e+00 -1.108990e+00 
 5.301250e+00 -1.108987e+00 
 5.301573e+00 -1.108986e+00 
 5.301896e+00 -1.108984e+00 
 5.302219e+00 -1.108983e+00 
 5.302542e+00 -1.108983e+00 
 5.302865e+00 -1.108983e+00 
 5.303188e+00 -1.108982e+00 
 5.303511e+00 -1.108981e+00 
 5.303834e+00 -1.108980e+00 
 5.304157e+00 -1.108980e+00 
 5.304480e+00 -1.108980e+00 
 5.304803e+00 -1.108981e+00 
 5.305126e+00 -1.108982e+00 
 5.305449e+00 -1.108984e+00 
 5.305772e+00 -1.108985e+00 
 5.306095e+00 -1.108988e+00 
 5.306418e+00 -1.108993e+00 
 5.306741e+00 -1.108997e+00 
 5.307064e+00 -1.109001e+00 
 5.307387e+00 -1.109005e+00 
 5.307710e+00 -1.109010e+00 
 5.308033e+00 -1.109014e+00 
 5.308356e+00 -1.109019e+00 
 5.308679e+00 -1.109023e+00 
 5.309002e+00 -1.109027e+00 
 5.309325e+00 -1.109032e+00 
 5.309648e+00 -1.109039e+00 
 5.309971e+00 -1.109045e+00 
 5.310294e+00 -1.109052e+00 
 5.310617e+00 -1.109059e+00 
 5.310940e+00 -1.109065e+00 
 5.311263e+00 -1.109072e+00 
 5.311586e+00 -1.109080e+00 
 5.311909e+00 -1.109086e+00 
 5.312232e+00 -1.109092e+00 
 5.312555e+00 -1.109098e+00 
 5.312878e+00 -1.109104e+00 
 5.313201e+00 -1.109111e+00 
 5.313524e+00 -1.109117e+00 
 5.313847e+00 -1.109123e+00 
 5.314170e+00 -1.109129e+00 
 5.314493e+00 -1.109136e+00 
 5.314816e+00 -1.109143e+00 
 5.315139e+00 -1.109148e+00 
 5.315462e+00 -1.109151e+00 
 5.315785e+00 -1.109154e+00 
 5.316108e+00 -1.109155e+00 
 5.316431e+00 -1.109156e+00 
 5.316754e+00 -1.109157e+00 
 5.317077e+00 -1.109158e+00 
 5.317400e+00 -1.109158e+00 
 5.317723e+00 -1.109158e+00 
 5.318046e+00 -1.109156e+00 
 5.318369e+00 -1.109152e+00 
 5.318692e+00 -1.109149e+00 
 5.319015e+00 -1.109146e+00 
 5.319338e+00 -1.109143e+00 
 5.319661e+00 -1.109140e+00 
 5.319984e+00 -1.109137e+00 
 5.320307e+00 -1.109134e+00 
 5.320630e+00 -1.109132e+00 
 5.320953e+00 -1.109131e+00 
 5.321276e+00 -1.109129e+00 
 5.321599e+00 -1.109129e+00 
 5.321922e+00 -1.109129e+00 
 5.322245e+00 -1.109131e+00 
 5.322568e+00 -1.109133e+00 
 5.322891e+00 -1.109136e+00 
 5.323214e+00 -1.109139e+00 
 5.323537e+00 -1.109143e+00 
 5.323860e+00 -1.109146e+00 
 5.324183e+00 -1.109149e+00 
 5.324506e+00 -1.109153e+00 
 5.324829e+00 -1.109158e+00 
 5.325152e+00 -1.109163e+00 
 5.325475e+00 -1.109170e+00 
 5.325798e+00 -1.109179e+00 
 5.326121e+00 -1.109188e+00 
 5.326444e+00 -1.109197e+00 
 5.326767e+00 -1.109207e+00 
 5.327090e+00 -1.109217e+00 
 5.327413e+00 -1.109227e+00 
 5.327736e+00 -1.109236e+00 
 5.328059e+00 -1.109246e+00 
 5.328382e+00 -1.109255e+00 
 5.328705e+00 -1.109264e+00 
 5.329028e+00 -1.109273e+00 
 5.329351e+00 -1.109282e+00 
 5.329674e+00 -1.109292e+00 
 5.329997e+00 -1.109302e+00 
 5.330320e+00 -1.109313e+00 
 5.330643e+00 -1.109324e+00 
 5.330966e+00 -1.109337e+00 
 5.331289e+00 -1.109348e+00 
 5.331612e+00 -1.109357e+00 
 5.331935e+00 -1.109364e+00 
 5.332258e+00 -1.109371e+00 
 5.332581e+00 -1.109377e+00 
 5.332904e+00 -1.109382e+00 
 5.333227e+00 -1.109387e+00 
 5.333549e+00 -1.109392e+00 
 5.333872e+00 -1.109398e+00 
 5.334195e+00 -1.109403e+00 
 5.334518e+00 -1.109409e+00 
 5.334841e+00 -1.109415e+00 
 5.335164e+00 -1.109420e+00 
 5.335487e+00 -1.109426e+00 
 5.335810e+00 -1.109432e+00 
 5.336133e+00 -1.109439e+00 
 5.336456e+00 -1.109444e+00 
 5.336779e+00 -1.109448e+00 
 5.337102e+00 -1.109451e+00 
 5.337425e+00 -1.109454e+00 
 5.337748e+00 -1.109456e+00 
 5.338071e+00 -1.109459e+00 
 5.338394e+00 -1.109462e+00 
 5.338717e+00 -1.109465e+00 
 5.339040e+00 -1.109468e+00 
 5.339363e+00 -1.109471e+00 
 5.339686e+00 -1.109474e+00 
 5.340009e+00 -1.109475e+00 
 5.340332e+00 -1.109476e+00 
 5.340655e+00 -1.109475e+00 
 5.340978e+00 -1.109475e+00 
 5.341301e+00 -1.109475e+00 
 5.341624e+00 -1.109475e+00 
 5.341947e+00 -1.109473e+00 
 5.342270e+00 -1.109471e+00 
 5.342593e+00 -1.109470e+00 
 5.342916e+00 -1.109468e+00 
 5.343239e+00 -1.109466e+00 
 5.343562e+00 -1.109464e+00 
 5.343885e+00 -1.109462e+00 
 5.344208e+00 -1.109459e+00 
 5.344531e+00 -1.109457e+00 
 5.344854e+00 -1.109455e+00 
 5.345177e+00 -1.109452e+00 
 5.345500e+00 -1.109448e+00 
 5.345823e+00 -1.109445e+00 
 5.346146e+00 -1.109442e+00 
 5.346469e+00 -1.109440e+00 
 5.346792e+00 -1.109437e+00 
 5.347115e+00 -1.109434e+00 
 5.347438e+00 -1.109431e+00 
 5.347761e+00 -1.109428e+00 
 5.348084e+00 -1.109425e+00 
 5.348407e+00 -1.109423e+00 
 5.348730e+00 -1.109421e+00 
 5.349053e+00 -1.109419e+00 
 5.349376e+00 -1.109418e+00 
 5.349699e+00 -1.109418e+00 
 5.350022e+00 -1.109417e+00 
 5.350345e+00 -1.109418e+00 
 5.350668e+00 -1.109417e+00 
 5.350991e+00 -1.109417e+00 
 5.351314e+00 -1.109417e+00 
 5.351637e+00 -1.109419e+00 
 5.351960e+00 -1.109420e+00 
 5.352283e+00 -1.109421e+00 
 5.352606e+00 -1.109422e+00 
 5.352929e+00 -1.109424e+00 
 5.353252e+00 -1.109425e+00 
 5.353575e+00 -1.109428e+00 
 5.353898e+00 -1.109432e+00 
 5.354221e+00 -1.109436e+00 
 5.354544e+00 -1.109441e+00 
 5.354867e+00 -1.109446e+00 
 5.355190e+00 -1.109451e+00 
 5.355513e+00 -1.109456e+00 
 5.355836e+00 -1.109459e+00 
 5.356159e+00 -1.109463e+00 
 5.356482e+00 -1.109467e+00 
 5.356805e+00 -1.109471e+00 
 5.357128e+00 -1.109476e+00 
 5.357451e+00 -1.109479e+00 
 5.357774e+00 -1.109483e+00 
 5.358097e+00 -1.109488e+00 
 5.358420e+00 -1.109493e+00 
 5.358743e+00 -1.109498e+00 
 5.359066e+00 -1.109503e+00 
 5.359389e+00 -1.109508e+00 
 5.359712e+00 -1.109513e+00 
 5.360035e+00 -1.109517e+00 
 5.360358e+00 -1.109520e+00 
 5.360681e+00 -1.109521e+00 
 5.361004e+00 -1.109521e+00 
 5.361327e+00 -1.109520e+00 
 5.361650e+00 -1.109520e+00 
 5.361973e+00 -1.109521e+00 
 5.362296e+00 -1.109521e+00 
 5.362619e+00 -1.109520e+00 
 5.362942e+00 -1.109520e+00 
 5.363265e+00 -1.109520e+00 
 5.363588e+00 -1.109519e+00 
 5.363911e+00 -1.109518e+00 
 5.364234e+00 -1.109516e+00 
 5.364557e+00 -1.109512e+00 
 5.364880e+00 -1.109507e+00 
 5.365203e+00 -1.109502e+00 
 5.365526e+00 -1.109496e+00 
 5.365849e+00 -1.109489e+00 
 5.366172e+00 -1.109480e+00 
 5.366495e+00 -1.109472e+00 
 5.366818e+00 -1.109465e+00 
 5.367141e+00 -1.109459e+00 
 5.367464e+00 -1.109453e+00 
 5.367787e+00 -1.109447e+00 
 5.368110e+00 -1.109440e+00 
 5.368433e+00 -1.109434e+00 
 5.368755e+00 -1.109427e+00 
 5.369078e+00 -1.109419e+00 
 5.369401e+00 -1.109412e+00 
 5.369724e+00 -1.109403e+00 
 5.370047e+00 -1.109396e+00 
 5.370370e+00 -1.109389e+00 
 5.370693e+00 -1.109385e+00 
 5.371016e+00 -1.109381e+00 
 5.371339e+00 -1.109375e+00 
 5.371662e+00 -1.109371e+00 
 5.371985e+00 -1.109368e+00 
 5.372308e+00 -1.109366e+00 
 5.372631e+00 -1.109363e+00 
 5.372954e+00 -1.109360e+00 
 5.373277e+00 -1.109358e+00 
 5.373600e+00 -1.109355e+00 
 5.373923e+00 -1.109353e+00 
 5.374246e+00 -1.109353e+00 
 5.374569e+00 -1.109352e+00 
 5.374892e+00 -1.109353e+00 
 5.375215e+00 -1.109355e+00 
 5.375538e+00 -1.109359e+00 
 5.375861e+00 -1.109365e+00 
 5.376184e+00 -1.109370e+00 
 5.376507e+00 -1.109373e+00 
 5.376830e+00 -1.109377e+00 
 5.377153e+00 -1.109381e+00 
 5.377476e+00 -1.109386e+00 
 5.377799e+00 -1.109391e+00 
 5.378122e+00 -1.109396e+00 
 5.378445e+00 -1.109401e+00 
 5.378768e+00 -1.109407e+00 
 5.379091e+00 -1.109415e+00 
 5.379414e+00 -1.109424e+00 
 5.379737e+00 -1.109432e+00 
 5.380060e+00 -1.109440e+00 
 5.380383e+00 -1.109448e+00 
 5.380706e+00 -1.109457e+00 
 5.381029e+00 -1.109467e+00 
 5.381352e+00 -1.109474e+00 
 5.381675e+00 -1.109480e+00 
 5.381998e+00 -1.109486e+00 
 5.382321e+00 -1.109493e+00 
 5.382644e+00 -1.109500e+00 
 5.382967e+00 -1.109508e+00 
 5.383290e+00 -1.109516e+00 
 5.383613e+00 -1.109524e+00 
 5.383936e+00 -1.109532e+00 
 5.384259e+00 -1.109540e+00 
 5.384582e+00 -1.109547e+00 
 5.384905e+00 -1.109553e+00 
 5.385228e+00 -1.109556e+00 
 5.385551e+00 -1.109559e+00 
 5.385874e+00 -1.109562e+00 
 5.386197e+00 -1.109567e+00 
 5.386520e+00 -1.109570e+00 
 5.386843e+00 -1.109573e+00 
 5.387166e+00 -1.109576e+00 
 5.387489e+00 -1.109581e+00 
 5.387812e+00 -1.109586e+00 
 5.388135e+00 -1.109590e+00 
 5.388458e+00 -1.109594e+00 
 5.388781e+00 -1.109596e+00 
 5.389104e+00 -1.109597e+00 
 5.389427e+00 -1.109598e+00 
 5.389750e+00 -1.109598e+00 
 5.390073e+00 -1.109596e+00 
 5.390396e+00 -1.109594e+00 
 5.390719e+00 -1.109591e+00 
 5.391042e+00 -1.109590e+00 
 5.391365e+00 -1.109591e+00 
 5.391688e+00 -1.109592e+00 
 5.392011e+00 -1.109592e+00 
 5.392334e+00 -1.109592e+00 
 5.392657e+00 -1.109592e+00 
 5.392980e+00 -1.109592e+00 
 5.393303e+00 -1.109590e+00 
 5.393626e+00 -1.109586e+00 
 5.393949e+00 -1.109581e+00 
 5.394272e+00 -1.109576e+00 
 5.394595e+00 -1.109571e+00 
 5.394918e+00 -1.109566e+00 
 5.395241e+00 -1.109561e+00 
 5.395564e+00 -1.109557e+00 
 5.395887e+00 -1.109553e+00 
 5.396210e+00 -1.109551e+00 
 5.396533e+00 -1.109551e+00 
 5.396856e+00 -1.109549e+00 
 5.397179e+00 -1.109547e+00 
 5.397502e+00 -1.109544e+00 
 5.397825e+00 -1.109541e+00 
 5.398148e+00 -1.109538e+00 
 5.398471e+00 -1.109535e+00 
 5.398794e+00 -1.109533e+00 
 5.399117e+00 -1.109530e+00 
 5.399440e+00 -1.109529e+00 
 5.399763e+00 -1.109530e+00 
 5.400086e+00 -1.109532e+00 
 5.400409e+00 -1.109535e+00 
 5.400732e+00 -1.109537e+00 
 5.401055e+00 -1.109540e+00 
 5.401378e+00 -1.109543e+00 
 5.401701e+00 -1.109547e+00 
 5.402024e+00 -1.109550e+00 
 5.402347e+00 -1.109551e+00 
 5.402670e+00 -1.109554e+00 
 5.402993e+00 -1.109557e+00 
 5.403316e+00 -1.109561e+00 
 5.403639e+00 -1.109567e+00 
 5.403962e+00 -1.109573e+00 
 5.404284e+00 -1.109580e+00 
 5.404607e+00 -1.109588e+00 
 5.404930e+00 -1.109598e+00 
 5.405253e+00 -1.109608e+00 
 5.405576e+00 -1.109618e+00 
 5.405899e+00 -1.109627e+00 
 5.406222e+00 -1.109635e+00 
 5.406545e+00 -1.109643e+00 
 5.406868e+00 -1.109653e+00 
 5.407191e+00 -1.109662e+00 
 5.407514e+00 -1.109670e+00 
 5.407837e+00 -1.109680e+00 
 5.408160e+00 -1.109690e+00 
 5.408483e+00 -1.109701e+00 
 5.408806e+00 -1.109712e+00 
 5.409129e+00 -1.109722e+00 
 5.409452e+00 -1.109732e+00 
 5.409775e+00 -1.109741e+00 
 5.410098e+00 -1.109750e+00 
 5.410421e+00 -1.109757e+00 
 5.410744e+00 -1.109763e+00 
 5.411067e+00 -1.109768e+00 
 5.411390e+00 -1.109773e+00 
 5.411713e+00 -1.109778e+00 
 5.412036e+00 -1.109784e+00 
 5.412359e+00 -1.109789e+00 
 5.412682e+00 -1.109793e+00 
 5.413005e+00 -1.109797e+00 
 5.413328e+00 -1.109801e+00 
 5.413651e+00 -1.109803e+00 
 5.413974e+00 -1.109804e+00 
 5.414297e+00 -1.109804e+00 
 5.414620e+00 -1.109801e+00 
 5.414943e+00 -1.109797e+00 
 5.415266e+00 -1.109793e+00 
 5.415589e+00 -1.109788e+00 
 5.415912e+00 -1.109782e+00 
 5.416235e+00 -1.109776e+00 
 5.416558e+00 -1.109770e+00 
 5.416881e+00 -1.109765e+00 
 5.417204e+00 -1.109760e+00 
 5.417527e+00 -1.109753e+00 
 5.417850e+00 -1.109745e+00 
 5.418173e+00 -1.109736e+00 
 5.418496e+00 -1.109727e+00 
 5.418819e+00 -1.109717e+00 
 5.419142e+00 -1.109706e+00 
 5.419465e+00 -1.109695e+00 
 5.419788e+00 -1.109683e+00 
 5.420111e+00 -1.109672e+00 
 5.420434e+00 -1.109663e+00 
 5.420757e+00 -1.109653e+00 
 5.421080e+00 -1.109643e+00 
 5.421403e+00 -1.109633e+00 
 5.421726e+00 -1.109624e+00 
 5.422049e+00 -1.109616e+00 
 5.422372e+00 -1.109607e+00 
 5.422695e+00 -1.109599e+00 
 5.423018e+00 -1.109590e+00 
 5.423341e+00 -1.109581e+00 
 5.423664e+00 -1.109573e+00 
 5.423987e+00 -1.109567e+00 
 5.424310e+00 -1.109561e+00 
 5.424633e+00 -1.109556e+00 
 5.424956e+00 -1.109552e+00 
 5.425279e+00 -1.109550e+00 
 5.425602e+00 -1.109549e+00 
 5.425925e+00 -1.109547e+00 
 5.426248e+00 -1.109545e+00 
 5.426571e+00 -1.109543e+00 
 5.426894e+00 -1.109542e+00 
 5.427217e+00 -1.109541e+00 
 5.427540e+00 -1.109541e+00 
 5.427863e+00 -1.109542e+00 
 5.428186e+00 -1.109543e+00 
 5.428509e+00 -1.109545e+00 
 5.428832e+00 -1.109548e+00 
 5.429155e+00 -1.109553e+00 
 5.429478e+00 -1.109558e+00 
 5.429801e+00 -1.109564e+00 
 5.430124e+00 -1.109570e+00 
 5.430447e+00 -1.109577e+00 
 5.430770e+00 -1.109584e+00 
 5.431093e+00 -1.109590e+00 
 5.431416e+00 -1.109595e+00 
 5.431739e+00 -1.109601e+00 
 5.432062e+00 -1.109608e+00 
 5.432385e+00 -1.109615e+00 
 5.432708e+00 -1.109623e+00 
 5.433031e+00 -1.109630e+00 
 5.433354e+00 -1.109637e+00 
 5.433677e+00 -1.109645e+00 
 5.434000e+00 -1.109653e+00 
 5.434323e+00 -1.109661e+00 
 5.434646e+00 -1.109668e+00 
 5.434969e+00 -1.109674e+00 
 5.435292e+00 -1.109679e+00 
 5.435615e+00 -1.109684e+00 
 5.435938e+00 -1.109689e+00 
 5.436261e+00 -1.109693e+00 
 5.436584e+00 -1.109696e+00 
 5.436907e+00 -1.109700e+00 
 5.437230e+00 -1.109703e+00 
 5.437553e+00 -1.109706e+00 
 5.437876e+00 -1.109709e+00 
 5.438199e+00 -1.109711e+00 
 5.438522e+00 -1.109711e+00 
 5.438845e+00 -1.109711e+00 
 5.439168e+00 -1.109710e+00 
 5.439490e+00 -1.109709e+00 
 5.439813e+00 -1.109706e+00 
 5.440136e+00 -1.109703e+00 
 5.440459e+00 -1.109699e+00 
 5.440782e+00 -1.109694e+00 
 5.441105e+00 -1.109690e+00 
 5.441428e+00 -1.109686e+00 
 5.441751e+00 -1.109681e+00 
 5.442074e+00 -1.109675e+00 
 5.442397e+00 -1.109670e+00 
 5.442720e+00 -1.109664e+00 
 5.443043e+00 -1.109658e+00 
 5.443366e+00 -1.109651e+00 
 5.443689e+00 -1.109642e+00 
 5.444012e+00 -1.109634e+00 
 5.444335e+00 -1.109625e+00 
 5.444658e+00 -1.109616e+00 
 5.444981e+00 -1.109607e+00 
 5.445304e+00 -1.109598e+00 
 5.445627e+00 -1.109588e+00 
 5.445950e+00 -1.109579e+00 
 5.446273e+00 -1.109571e+00 
 5.446596e+00 -1.109563e+00 
 5.446919e+00 -1.109554e+00 
 5.447242e+00 -1.109545e+00 
 5.447565e+00 -1.109537e+00 
 5.447888e+00 -1.109529e+00 
 5.448211e+00 -1.109522e+00 
 5.448534e+00 -1.109516e+00 
 5.448857e+00 -1.109509e+00 
 5.449180e+00 -1.109503e+00 
 5.449503e+00 -1.109498e+00 
 5.449826e+00 -1.109494e+00 
 5.450149e+00 -1.109491e+00 
 5.450472e+00 -1.109489e+00 
 5.450795e+00 -1.109488e+00 
 5.451118e+00 -1.109487e+00 
 5.451441e+00 -1.109487e+00 
 5.451764e+00 -1.109487e+00 
 5.452087e+00 -1.109488e+00 
 5.452410e+00 -1.109490e+00 
 5.452733e+00 -1.109493e+00 
 5.453056e+00 -1.109497e+00 
 5.453379e+00 -1.109502e+00 
 5.453702e+00 -1.109508e+00 
 5.454025e+00 -1.109514e+00 
 5.454348e+00 -1.109521e+00 
 5.454671e+00 -1.109529e+00 
 5.454994e+00 -1.109537e+00 
 5.455317e+00 -1.109546e+00 
 5.455640e+00 -1.109557e+00 
 5.455963e+00 -1.109568e+00 
 5.456286e+00 -1.109579e+00 
 5.456609e+00 -1.109590e+00 
 5.456932e+00 -1.109603e+00 
 5.457255e+00 -1.109615e+00 
 5.457578e+00 -1.109627e+00 
 5.457901e+00 -1.109641e+00 
 5.458224e+00 -1.109654e+00 
 5.458547e+00 -1.109668e+00 
 5.458870e+00 -1.109681e+00 
 5.459193e+00 -1.109695e+00 
 5.459516e+00 -1.109708e+00 
 5.459839e+00 -1.109722e+00 
 5.460162e+00 -1.109737e+00 
 5.460485e+00 -1.109751e+00 
 5.460808e+00 -1.109766e+00 
 5.461131e+00 -1.109780e+00 
 5.461454e+00 -1.109794e+00 
 5.461777e+00 -1.109806e+00 
 5.462100e+00 -1.109819e+00 
 5.462423e+00 -1.109830e+00 
 5.462746e+00 -1.109841e+00 
 5.463069e+00 -1.109851e+00 
 5.463392e+00 -1.109861e+00 
 5.463715e+00 -1.109869e+00 
 5.464038e+00 -1.109877e+00 
 5.464361e+00 -1.109885e+00 
 5.464684e+00 -1.109892e+00 
 5.465007e+00 -1.109898e+00 
 5.465330e+00 -1.109904e+00 
 5.465653e+00 -1.109908e+00 
 5.465976e+00 -1.109913e+00 
 5.466299e+00 -1.109918e+00 
 5.466622e+00 -1.109920e+00 
 5.466945e+00 -1.109921e+00 
 5.467268e+00 -1.109922e+00 
 5.467591e+00 -1.109922e+00 
 5.467914e+00 -1.109921e+00 
 5.468237e+00 -1.109921e+00 
 5.468560e+00 -1.109919e+00 
 5.468883e+00 -1.109918e+00 
 5.469206e+00 -1.109915e+00 
 5.469529e+00 -1.109912e+00 
 5.469852e+00 -1.109908e+00 
 5.470175e+00 -1.109903e+00 
 5.470498e+00 -1.109898e+00 
 5.470821e+00 -1.109892e+00 
 5.471144e+00 -1.109887e+00 
 5.471467e+00 -1.109882e+00 
 5.471790e+00 -1.109876e+00 
 5.472113e+00 -1.109870e+00 
 5.472436e+00 -1.109865e+00 
 5.472759e+00 -1.109859e+00 
 5.473082e+00 -1.109854e+00 
 5.473405e+00 -1.109849e+00 
 5.473728e+00 -1.109845e+00 
 5.474051e+00 -1.109841e+00 
 5.474374e+00 -1.109837e+00 
 5.474697e+00 -1.109833e+00 
 5.475019e+00 -1.109829e+00 
 5.475342e+00 -1.109826e+00 
 5.475665e+00 -1.109822e+00 
 5.475988e+00 -1.109819e+00 
 5.476311e+00 -1.109818e+00 
 5.476634e+00 -1.109818e+00 
 5.476957e+00 -1.109818e+00 
 5.477280e+00 -1.109818e+00 
 5.477603e+00 -1.109819e+00 
 5.477926e+00 -1.109820e+00 
 5.478249e+00 -1.109822e+00 
 5.478572e+00 -1.109825e+00 
 5.478895e+00 -1.109829e+00 
 5.479218e+00 -1.109832e+00 
 5.479541e+00 -1.109836e+00 
 5.479864e+00 -1.109841e+00 
 5.480187e+00 -1.109846e+00 
 5.480510e+00 -1.109853e+00 
 5.480833e+00 -1.109859e+00 
 5.481156e+00 -1.109865e+00 
 5.481479e+00 -1.109873e+00 
 5.481802e+00 -1.109881e+00 
 5.482125e+00 -1.109888e+00 
 5.482448e+00 -1.109896e+00 
 5.482771e+00 -1.109904e+00 
 5.483094e+00 -1.109911e+00 
 5.483417e+00 -1.109919e+00 
 5.483740e+00 -1.109928e+00 
 5.484063e+00 -1.109936e+00 
 5.484386e+00 -1.109945e+00 
 5.484709e+00 -1.109954e+00 
 5.485032e+00 -1.109963e+00 
 5.485355e+00 -1.109973e+00 
 5.485678e+00 -1.109982e+00 
 5.486001e+00 -1.109991e+00 
 5.486324e+00 -1.109999e+00 
 5.486647e+00 -1.110007e+00 
 5.486970e+00 -1.110015e+00 
 5.487293e+00 -1.110021e+00 
 5.487616e+00 -1.110027e+00 
 5.487939e+00 -1.110033e+00 
 5.488262e+00 -1.110038e+00 
 5.488585e+00 -1.110043e+00 
 5.488908e+00 -1.110048e+00 
 5.489231e+00 -1.110053e+00 
 5.489554e+00 -1.110057e+00 
 5.489877e+00 -1.110061e+00 
 5.490200e+00 -1.110065e+00 
 5.490523e+00 -1.110067e+00 
 5.490846e+00 -1.110069e+00 
 5.491169e+00 -1.110070e+00 
 5.491492e+00 -1.110069e+00 
 5.491815e+00 -1.110069e+00 
 5.492138e+00 -1.110068e+00 
 5.492461e+00 -1.110066e+00 
 5.492784e+00 -1.110064e+00 
 5.493107e+00 -1.110061e+00 
 5.493430e+00 -1.110058e+00 
 5.493753e+00 -1.110055e+00 
 5.494076e+00 -1.110052e+00 
 5.494399e+00 -1.110048e+00 
 5.494722e+00 -1.110043e+00 
 5.495045e+00 -1.110037e+00 
 5.495368e+00 -1.110030e+00 
 5.495691e+00 -1.110022e+00 
 5.496014e+00 -1.110014e+00 
 5.496337e+00 -1.110004e+00 
 5.496660e+00 -1.109994e+00 
 5.496983e+00 -1.109985e+00 
 5.497306e+00 -1.109976e+00 
 5.497629e+00 -1.109967e+00 
 5.497952e+00 -1.109957e+00 
 5.498275e+00 -1.109947e+00 
 5.498598e+00 -1.109937e+00 
 5.498921e+00 -1.109927e+00 
 5.499244e+00 -1.109917e+00 
 5.499567e+00 -1.109907e+00 
 5.499890e+00 -1.109895e+00 
 5.500213e+00 -1.109884e+00 
 5.500536e+00 -1.109873e+00 
 5.500859e+00 -1.109863e+00 
 5.501182e+00 -1.109853e+00 
 5.501505e+00 -1.109844e+00 
 5.501828e+00 -1.109836e+00 
 5.502151e+00 -1.109829e+00 
 5.502474e+00 -1.109823e+00 
 5.502797e+00 -1.109818e+00 
 5.503120e+00 -1.109813e+00 
 5.503443e+00 -1.109808e+00 
 5.503766e+00 -1.109804e+00 
 5.504089e+00 -1.109800e+00 
 5.504412e+00 -1.109797e+00 
 5.504735e+00 -1.109794e+00 
 5.505058e+00 -1.109792e+00 
 5.505381e+00 -1.109792e+00 
 5.505704e+00 -1.109792e+00 
 5.506027e+00 -1.109793e+00 
 5.506350e+00 -1.109796e+00 
 5.506673e+00 -1.109799e+00 
 5.506996e+00 -1.109802e+00 
 5.507319e+00 -1.109806e+00 
 5.507642e+00 -1.109811e+00 
 5.507965e+00 -1.109816e+00 
 5.508288e+00 -1.109822e+00 
 5.508611e+00 -1.109828e+00 
 5.508934e+00 -1.109834e+00 
 5.509257e+00 -1.109841e+00 
 5.509580e+00 -1.109849e+00 
 5.509903e+00 -1.109857e+00 
 5.510226e+00 -1.109866e+00 
 5.510548e+00 -1.109875e+00 
 5.510871e+00 -1.109884e+00 
 5.511194e+00 -1.109893e+00 
 5.511517e+00 -1.109901e+00 
 5.511840e+00 -1.109910e+00 
 5.512163e+00 -1.109918e+00 
 5.512486e+00 -1.109926e+00 
 5.512809e+00 -1.109933e+00 
 5.513132e+00 -1.109940e+00 
 5.513455e+00 -1.109945e+00 
 5.513778e+00 -1.109951e+00 
 5.514101e+00 -1.109956e+00 
 5.514424e+00 -1.109961e+00 
 5.514747e+00 -1.109966e+00 
 5.515070e+00 -1.109970e+00 
 5.515393e+00 -1.109973e+00 
 5.515716e+00 -1.109975e+00 
 5.516039e+00 -1.109976e+00 
 5.516362e+00 -1.109976e+00 
 5.516685e+00 -1.109977e+00 
 5.517008e+00 -1.109977e+00 
 5.517331e+00 -1.109977e+00 
 5.517654e+00 -1.109976e+00 
 5.517977e+00 -1.109976e+00 
 5.518300e+00 -1.109975e+00 
 5.518623e+00 -1.109973e+00 
 5.518946e+00 -1.109970e+00 
 5.519269e+00 -1.109967e+00 
 5.519592e+00 -1.109963e+00 
 5.519915e+00 -1.109959e+00 
 5.520238e+00 -1.109954e+00 
 5.520561e+00 -1.109948e+00 
 5.520884e+00 -1.109941e+00 
 5.521207e+00 -1.109935e+00 
 5.521530e+00 -1.109929e+00 
 5.521853e+00 -1.109923e+00 
 5.522176e+00 -1.109917e+00 
 5.522499e+00 -1.109912e+00 
 5.522822e+00 -1.109907e+00 
 5.523145e+00 -1.109902e+00 
 5.523468e+00 -1.109897e+00 
 5.523791e+00 -1.109891e+00 
 5.524114e+00 -1.109885e+00 
 5.524437e+00 -1.109880e+00 
 5.524760e+00 -1.109874e+00 
 5.525083e+00 -1.109868e+00 
 5.525406e+00 -1.109863e+00 
 5.525729e+00 -1.109860e+00 
 5.526052e+00 -1.109856e+00 
 5.526375e+00 -1.109853e+00 
 5.526698e+00 -1.109851e+00 
 5.527021e+00 -1.109849e+00 
 5.527344e+00 -1.109848e+00 
 5.527667e+00 -1.109847e+00 
 5.527990e+00 -1.109846e+00 
 5.528313e+00 -1.109846e+00 
 5.528636e+00 -1.109847e+00 
 5.528959e+00 -1.109847e+00 
 5.529282e+00 -1.109848e+00 
 5.529605e+00 -1.109850e+00 
 5.529928e+00 -1.109854e+00 
 5.530251e+00 -1.109858e+00 
 5.530574e+00 -1.109864e+00 
 5.530897e+00 -1.109872e+00 
 5.531220e+00 -1.109879e+00 
 5.531543e+00 -1.109887e+00 
 5.531866e+00 -1.109894e+00 
 5.532189e+00 -1.109903e+00 
 5.532512e+00 -1.109911e+00 
 5.532835e+00 -1.109920e+00 
 5.533158e+00 -1.109929e+00 
 5.533481e+00 -1.109939e+00 
 5.533804e+00 -1.109949e+00 
 5.534127e+00 -1.109960e+00 
 5.534450e+00 -1.109972e+00 
 5.534773e+00 -1.109984e+00 
 5.535096e+00 -1.109997e+00 
 5.535419e+00 -1.110011e+00 
 5.535742e+00 -1.110026e+00 
 5.536065e+00 -1.110041e+00 
 5.536388e+00 -1.110055e+00 
 5.536711e+00 -1.110069e+00 
 5.537034e+00 -1.110082e+00 
 5.537357e+00 -1.110095e+00 
 5.537680e+00 -1.110108e+00 
 5.538003e+00 -1.110121e+00 
 5.538326e+00 -1.110134e+00 
 5.538649e+00 -1.110146e+00 
 5.538972e+00 -1.110159e+00 
 5.539295e+00 -1.110172e+00 
 5.539618e+00 -1.110184e+00 
 5.539941e+00 -1.110196e+00 
 5.540264e+00 -1.110207e+00 
 5.540587e+00 -1.110219e+00 
 5.540910e+00 -1.110232e+00 
 5.541233e+00 -1.110244e+00 
 5.541556e+00 -1.110254e+00 
 5.541879e+00 -1.110263e+00 
 5.542202e+00 -1.110272e+00 
 5.542525e+00 -1.110280e+00 
 5.542848e+00 -1.110288e+00 
 5.543171e+00 -1.110296e+00 
 5.543494e+00 -1.110302e+00 
 5.543817e+00 -1.110308e+00 
 5.544140e+00 -1.110314e+00 
 5.544463e+00 -1.110319e+00 
 5.544786e+00 -1.110323e+00 
 5.545109e+00 -1.110326e+00 
 5.545432e+00 -1.110329e+00 
 5.545754e+00 -1.110334e+00 
 5.546077e+00 -1.110339e+00 
 5.546400e+00 -1.110343e+00 
 5.546723e+00 -1.110345e+00 
 5.547046e+00 -1.110347e+00 
 5.547369e+00 -1.110348e+00 
 5.547692e+00 -1.110348e+00 
 5.548015e+00 -1.110348e+00 
 5.548338e+00 -1.110347e+00 
 5.548661e+00 -1.110346e+00 
 5.548984e+00 -1.110345e+00 
 5.549307e+00 -1.110344e+00 
 5.549630e+00 -1.110343e+00 
 5.549953e+00 -1.110341e+00 
 5.550276e+00 -1.110340e+00 
 5.550599e+00 -1.110338e+00 
 5.550922e+00 -1.110338e+00 
 5.551245e+00 -1.110339e+00 
 5.551568e+00 -1.110339e+00 
 5.551891e+00 -1.110337e+00 
 5.552214e+00 -1.110335e+00 
 5.552537e+00 -1.110333e+00 
 5.552860e+00 -1.110331e+00 
 5.553183e+00 -1.110330e+00 
 5.553506e+00 -1.110329e+00 
 5.553829e+00 -1.110328e+00 
 5.554152e+00 -1.110328e+00 
 5.554475e+00 -1.110329e+00 
 5.554798e+00 -1.110331e+00 
 5.555121e+00 -1.110332e+00 
 5.555444e+00 -1.110333e+00 
 5.555767e+00 -1.110333e+00 
 5.556090e+00 -1.110336e+00 
 5.556413e+00 -1.110339e+00 
 5.556736e+00 -1.110342e+00 
 5.557059e+00 -1.110344e+00 
 5.557382e+00 -1.110346e+00 
 5.557705e+00 -1.110349e+00 
 5.558028e+00 -1.110352e+00 
 5.558351e+00 -1.110356e+00 
 5.558674e+00 -1.110361e+00 
 5.558997e+00 -1.110367e+00 
 5.559320e+00 -1.110373e+00 
 5.559643e+00 -1.110379e+00 
 5.559966e+00 -1.110386e+00 
 5.560289e+00 -1.110392e+00 
 5.560612e+00 -1.110397e+00 
 5.560935e+00 -1.110401e+00 
 5.561258e+00 -1.110407e+00 
 5.561581e+00 -1.110414e+00 
 5.561904e+00 -1.110421e+00 
 5.562227e+00 -1.110427e+00 
 5.562550e+00 -1.110433e+00 
 5.562873e+00 -1.110439e+00 
 5.563196e+00 -1.110445e+00 
 5.563519e+00 -1.110451e+00 
 5.563842e+00 -1.110458e+00 
 5.564165e+00 -1.110464e+00 
 5.564488e+00 -1.110469e+00 
 5.564811e+00 -1.110475e+00 
 5.565134e+00 -1.110480e+00 
 5.565457e+00 -1.110484e+00 
 5.565780e+00 -1.110487e+00 
 5.566103e+00 -1.110489e+00 
 5.566426e+00 -1.110492e+00 
 5.566749e+00 -1.110496e+00 
 5.567072e+00 -1.110499e+00 
 5.567395e+00 -1.110499e+00 
 5.567718e+00 -1.110500e+00 
 5.568041e+00 -1.110499e+00 
 5.568364e+00 -1.110499e+00 
 5.568687e+00 -1.110498e+00 
 5.569010e+00 -1.110496e+00 
 5.569333e+00 -1.110494e+00 
 5.569656e+00 -1.110491e+00 
 5.569979e+00 -1.110489e+00 
 5.570302e+00 -1.110486e+00 
 5.570625e+00 -1.110484e+00 
 5.570948e+00 -1.110479e+00 
 5.571271e+00 -1.110474e+00 
 5.571594e+00 -1.110469e+00 
 5.571917e+00 -1.110464e+00 
 5.572240e+00 -1.110458e+00 
 5.572563e+00 -1.110451e+00 
 5.572886e+00 -1.110443e+00 
 5.573209e+00 -1.110434e+00 
 5.573532e+00 -1.110426e+00 
 5.573855e+00 -1.110418e+00 
 5.574178e+00 -1.110410e+00 
 5.574501e+00 -1.110402e+00 
 5.574824e+00 -1.110394e+00 
 5.575147e+00 -1.110386e+00 
 5.575470e+00 -1.110378e+00 
 5.575793e+00 -1.110371e+00 
 5.576116e+00 -1.110361e+00 
 5.576439e+00 -1.110351e+00 
 5.576762e+00 -1.110340e+00 
 5.577085e+00 -1.110331e+00 
 5.577408e+00 -1.110321e+00 
 5.577731e+00 -1.110311e+00 
 5.578054e+00 -1.110301e+00 
 5.578377e+00 -1.110292e+00 
 5.578700e+00 -1.110284e+00 
 5.579023e+00 -1.110278e+00 
 5.579346e+00 -1.110271e+00 
 5.579669e+00 -1.110265e+00 
 5.579992e+00 -1.110258e+00 
 5.580315e+00 -1.110251e+00 
 5.580638e+00 -1.110245e+00 
 5.580961e+00 -1.110239e+00 
 5.581283e+00 -1.110231e+00 
 5.581606e+00 -1.110224e+00 
 5.581929e+00 -1.110218e+00 
 5.582252e+00 -1.110213e+00 
 5.582575e+00 -1.110209e+00 
 5.582898e+00 -1.110205e+00 
 5.583221e+00 -1.110202e+00 
 5.583544e+00 -1.110200e+00 
 5.583867e+00 -1.110199e+00 
 5.584190e+00 -1.110198e+00 
 5.584513e+00 -1.110197e+00 
 5.584836e+00 -1.110195e+00 
 5.585159e+00 -1.110193e+00 
 5.585482e+00 -1.110191e+00 
 5.585805e+00 -1.110190e+00 
 5.586128e+00 -1.110189e+00 
 5.586451e+00 -1.110188e+00 
 5.586774e+00 -1.110188e+00 
 5.587097e+00 -1.110189e+00 
 5.587420e+00 -1.110192e+00 
 5.587743e+00 -1.110194e+00 
 5.588066e+00 -1.110196e+00 
 5.588389e+00 -1.110198e+00 
 5.588712e+00 -1.110200e+00 
 5.589035e+00 -1.110201e+00 
 5.589358e+00 -1.110202e+00 
 5.589681e+00 -1.110202e+00 
 5.590004e+00 -1.110202e+00 
 5.590327e+00 -1.110202e+00 
 5.590650e+00 -1.110202e+00 
 5.590973e+00 -1.110203e+00 
 5.591296e+00 -1.110204e+00 
 5.591619e+00 -1.110205e+00 
 5.591942e+00 -1.110205e+00 
 5.592265e+00 -1.110204e+00 
 5.592588e+00 -1.110204e+00 
 5.592911e+00 -1.110202e+00 
 5.593234e+00 -1.110198e+00 
 5.593557e+00 -1.110193e+00 
 5.593880e+00 -1.110188e+00 
 5.594203e+00 -1.110182e+00 
 5.594526e+00 -1.110176e+00 
 5.594849e+00 -1.110170e+00 
 5.595172e+00 -1.110163e+00 
 5.595495e+00 -1.110157e+00 
 5.595818e+00 -1.110149e+00 
 5.596141e+00 -1.110143e+00 
 5.596464e+00 -1.110136e+00 
 5.596787e+00 -1.110129e+00 
 5.597110e+00 -1.110121e+00 
 5.597433e+00 -1.110114e+00 
 5.597756e+00 -1.110106e+00 
 5.598079e+00 -1.110099e+00 
 5.598402e+00 -1.110091e+00 
 5.598725e+00 -1.110084e+00 
 5.599048e+00 -1.110077e+00 
 5.599371e+00 -1.110071e+00 
 5.599694e+00 -1.110067e+00 
 5.600017e+00 -1.110062e+00 
 5.600340e+00 -1.110058e+00 
 5.600663e+00 -1.110052e+00 
 5.600986e+00 -1.110047e+00 
 5.601309e+00 -1.110043e+00 
 5.601632e+00 -1.110039e+00 
 5.601955e+00 -1.110036e+00 
 5.602278e+00 -1.110033e+00 
 5.602601e+00 -1.110031e+00 
 5.602924e+00 -1.110031e+00 
 5.603247e+00 -1.110031e+00 
 5.603570e+00 -1.110032e+00 
 5.603893e+00 -1.110034e+00 
 5.604216e+00 -1.110036e+00 
 5.604539e+00 -1.110039e+00 
 5.604862e+00 -1.110042e+00 
 5.605185e+00 -1.110045e+00 
 5.605508e+00 -1.110048e+00 
 5.605831e+00 -1.110050e+00 
 5.606154e+00 -1.110053e+00 
 5.606477e+00 -1.110057e+00 
 5.606800e+00 -1.110063e+00 
 5.607123e+00 -1.110069e+00 
 5.607446e+00 -1.110076e+00 
 5.607769e+00 -1.110084e+00 
 5.608092e+00 -1.110093e+00 
 5.608415e+00 -1.110102e+00 
 5.608738e+00 -1.110111e+00 
 5.609061e+00 -1.110120e+00 
 5.609384e+00 -1.110128e+00 
 5.609707e+00 -1.110136e+00 
 5.610030e+00 -1.110145e+00 
 5.610353e+00 -1.110154e+00 
 5.610676e+00 -1.110162e+00 
 5.610999e+00 -1.110169e+00 
 5.611322e+00 -1.110177e+00 
 5.611645e+00 -1.110187e+00 
 5.611968e+00 -1.110198e+00 
 5.612291e+00 -1.110208e+00 
 5.612614e+00 -1.110217e+00 
 5.612937e+00 -1.110227e+00 
 5.613260e+00 -1.110236e+00 
 5.613583e+00 -1.110244e+00 
 5.613906e+00 -1.110251e+00 
 5.614229e+00 -1.110257e+00 
 5.614552e+00 -1.110262e+00 
 5.614875e+00 -1.110268e+00 
 5.615198e+00 -1.110274e+00 
 5.615521e+00 -1.110280e+00 
 5.615844e+00 -1.110285e+00 
 5.616167e+00 -1.110289e+00 
 5.616489e+00 -1.110292e+00 
 5.616812e+00 -1.110296e+00 
 5.617135e+00 -1.110300e+00 
 5.617458e+00 -1.110302e+00 
 5.617781e+00 -1.110302e+00 
 5.618104e+00 -1.110303e+00 
 5.618427e+00 -1.110302e+00 
 5.618750e+00 -1.110300e+00 
 5.619073e+00 -1.110298e+00 
 5.619396e+00 -1.110295e+00 
 5.619719e+00 -1.110292e+00 
 5.620042e+00 -1.110290e+00 
 5.620365e+00 -1.110288e+00 
 5.620688e+00 -1.110286e+00 
 5.621011e+00 -1.110283e+00 
 5.621334e+00 -1.110278e+00 
 5.621657e+00 -1.110273e+00 
 5.621980e+00 -1.110269e+00 
 5.622303e+00 -1.110264e+00 
 5.622626e+00 -1.110259e+00 
 5.622949e+00 -1.110254e+00 
 5.623272e+00 -1.110250e+00 
 5.623595e+00 -1.110246e+00 
 5.623918e+00 -1.110242e+00 
 5.624241e+00 -1.110238e+00 
 5.624564e+00 -1.110234e+00 
 5.624887e+00 -1.110231e+00 
 5.625210e+00 -1.110229e+00 
 5.625533e+00 -1.110226e+00 
 5.625856e+00 -1.110224e+00 
 5.626179e+00 -1.110221e+00 
 5.626502e+00 -1.110218e+00 
 5.626825e+00 -1.110216e+00 
 5.627148e+00 -1.110215e+00 
 5.627471e+00 -1.110215e+00 
 5.627794e+00 -1.110215e+00 
 5.628117e+00 -1.110216e+00 
 5.628440e+00 -1.110217e+00 
 5.628763e+00 -1.110218e+00 
 5.629086e+00 -1.110220e+00 
 5.629409e+00 -1.110221e+00 
 5.629732e+00 -1.110222e+00 
 5.630055e+00 -1.110223e+00 
 5.630378e+00 -1.110224e+00 
 5.630701e+00 -1.110225e+00 
 5.631024e+00 -1.110226e+00 
 5.631347e+00 -1.110228e+00 
 5.631670e+00 -1.110230e+00 
 5.631993e+00 -1.110233e+00 
 5.632316e+00 -1.110237e+00 
 5.632639e+00 -1.110241e+00 
 5.632962e+00 -1.110244e+00 
 5.633285e+00 -1.110247e+00 
 5.633608e+00 -1.110249e+00 
 5.633931e+00 -1.110251e+00 
 5.634254e+00 -1.110252e+00 
 5.634577e+00 -1.110252e+00 
 5.634900e+00 -1.110252e+00 
 5.635223e+00 -1.110252e+00 
 5.635546e+00 -1.110252e+00 
 5.635869e+00 -1.110252e+00 
 5.636192e+00 -1.110253e+00 
 5.636515e+00 -1.110253e+00 
 5.636838e+00 -1.110253e+00 
 5.637161e+00 -1.110252e+00 
 5.637484e+00 -1.110251e+00 
 5.637807e+00 -1.110250e+00 
 5.638130e+00 -1.110246e+00 
 5.638453e+00 -1.110242e+00 
 5.638776e+00 -1.110237e+00 
 5.639099e+00 -1.110232e+00 
 5.639422e+00 -1.110226e+00 
 5.639745e+00 -1.110220e+00 
 5.640068e+00 -1.110214e+00 
 5.640391e+00 -1.110208e+00 
 5.640714e+00 -1.110202e+00 
 5.641037e+00 -1.110195e+00 
 5.641360e+00 -1.110188e+00 
 5.641683e+00 -1.110181e+00 
 5.642006e+00 -1.110172e+00 
 5.642329e+00 -1.110162e+00 
 5.642652e+00 -1.110152e+00 
 5.642975e+00 -1.110142e+00 
 5.643298e+00 -1.110131e+00 
 5.643621e+00 -1.110119e+00 
 5.643944e+00 -1.110108e+00 
 5.644267e+00 -1.110097e+00 
 5.644590e+00 -1.110087e+00 
 5.644913e+00 -1.110077e+00 
 5.645236e+00 -1.110067e+00 
 5.645559e+00 -1.110058e+00 
 5.645882e+00 -1.110048e+00 
 5.646205e+00 -1.110038e+00 
 5.646528e+00 -1.110029e+00 
 5.646851e+00 -1.110019e+00 
 5.647174e+00 -1.110009e+00 
 5.647497e+00 -1.110000e+00 
 5.647820e+00 -1.109992e+00 
 5.648143e+00 -1.109984e+00 
 5.648466e+00 -1.109977e+00 
 5.648789e+00 -1.109971e+00 
 5.649112e+00 -1.109966e+00 
 5.649435e+00 -1.109962e+00 
 5.649758e+00 -1.109958e+00 
 5.650081e+00 -1.109955e+00 
 5.650404e+00 -1.109953e+00 
 5.650727e+00 -1.109950e+00 
 5.651050e+00 -1.109948e+00 
 5.651373e+00 -1.109946e+00 
 5.651696e+00 -1.109945e+00 
 5.652018e+00 -1.109944e+00 
 5.652341e+00 -1.109944e+00 
 5.652664e+00 -1.109946e+00 
 5.652987e+00 -1.109948e+00 
 5.653310e+00 -1.109950e+00 
 5.653633e+00 -1.109953e+00 
 5.653956e+00 -1.109955e+00 
 5.654279e+00 -1.109958e+00 
 5.654602e+00 -1.109960e+00 
 5.654925e+00 -1.109963e+00 
 5.655248e+00 -1.109966e+00 
 5.655571e+00 -1.109968e+00 
 5.655894e+00 -1.109970e+00 
 5.656217e+00 -1.109972e+00 
 5.656540e+00 -1.109975e+00 
 5.656863e+00 -1.109978e+00 
 5.657186e+00 -1.109981e+00 
 5.657509e+00 -1.109984e+00 
 5.657832e+00 -1.109987e+00 
 5.658155e+00 -1.109990e+00 
 5.658478e+00 -1.109993e+00 
 5.658801e+00 -1.109994e+00 
 5.659124e+00 -1.109995e+00 
 5.659447e+00 -1.109996e+00 
 5.659770e+00 -1.109996e+00 
 5.660093e+00 -1.109997e+00 
 5.660416e+00 -1.109997e+00 
 5.660739e+00 -1.109996e+00 
 5.661062e+00 -1.109996e+00 
 5.661385e+00 -1.109997e+00 
 5.661708e+00 -1.109997e+00 
 5.662031e+00 -1.109996e+00 
 5.662354e+00 -1.109996e+00 
 5.662677e+00 -1.109994e+00 
 5.663000e+00 -1.109993e+00 
 5.663323e+00 -1.109992e+00 
 5.663646e+00 -1.109990e+00 
 5.663969e+00 -1.109987e+00 
 5.664292e+00 -1.109985e+00 
 5.664615e+00 -1.109983e+00 
 5.664938e+00 -1.109981e+00 
 5.665261e+00 -1.109980e+00 
 5.665584e+00 -1.109979e+00 
 5.665907e+00 -1.109977e+00 
 5.666230e+00 -1.109975e+00 
 5.666553e+00 -1.109974e+00 
 5.666876e+00 -1.109972e+00 
 5.667199e+00 -1.109971e+00 
 5.667522e+00 -1.109970e+00 
 5.667845e+00 -1.109968e+00 
 5.668168e+00 -1.109968e+00 
 5.668491e+00 -1.109967e+00 
 5.668814e+00 -1.109968e+00 
 5.669137e+00 -1.109968e+00 
 5.669460e+00 -1.109969e+00 
 5.669783e+00 -1.109970e+00 
 5.670106e+00 -1.109972e+00 
 5.670429e+00 -1.109975e+00 
 5.670752e+00 -1.109979e+00 
 5.671075e+00 -1.109981e+00 
 5.671398e+00 -1.109984e+00 
 5.671721e+00 -1.109988e+00 
 5.672044e+00 -1.109992e+00 
 5.672367e+00 -1.109997e+00 
 5.672690e+00 -1.110003e+00 
 5.673013e+00 -1.110009e+00 
 5.673336e+00 -1.110016e+00 
 5.673659e+00 -1.110023e+00 
 5.673982e+00 -1.110032e+00 
 5.674305e+00 -1.110040e+00 
 5.674628e+00 -1.110049e+00 
 5.674951e+00 -1.110059e+00 
 5.675274e+00 -1.110069e+00 
 5.675597e+00 -1.110081e+00 
 5.675920e+00 -1.110093e+00 
 5.676243e+00 -1.110103e+00 
 5.676566e+00 -1.110114e+00 
 5.676889e+00 -1.110126e+00 
 5.677212e+00 -1.110138e+00 
 5.677535e+00 -1.110150e+00 
 5.677858e+00 -1.110162e+00 
 5.678181e+00 -1.110175e+00 
 5.678504e+00 -1.110187e+00 
 5.678827e+00 -1.110199e+00 
 5.679150e+00 -1.110211e+00 
 5.679473e+00 -1.110223e+00 
 5.679796e+00 -1.110235e+00 
 5.680119e+00 -1.110246e+00 
 5.680442e+00 -1.110257e+00 
 5.680765e+00 -1.110269e+00 
 5.681088e+00 -1.110281e+00 
 5.681411e+00 -1.110290e+00 
 5.681734e+00 -1.110299e+00 
 5.682057e+00 -1.110307e+00 
 5.682380e+00 -1.110315e+00 
 5.682703e+00 -1.110322e+00 
 5.683026e+00 -1.110329e+00 
 5.683349e+00 -1.110334e+00 
 5.683672e+00 -1.110339e+00 
 5.683995e+00 -1.110345e+00 
 5.684318e+00 -1.110349e+00 
 5.684641e+00 -1.110352e+00 
 5.684964e+00 -1.110355e+00 
 5.685287e+00 -1.110357e+00 
 5.685610e+00 -1.110358e+00 
 5.685933e+00 -1.110360e+00 
 5.686256e+00 -1.110361e+00 
 5.686579e+00 -1.110360e+00 
 5.686902e+00 -1.110359e+00 
 5.687225e+00 -1.110357e+00 
 5.687547e+00 -1.110355e+00 
 5.687870e+00 -1.110353e+00 
 5.688193e+00 -1.110350e+00 
 5.688516e+00 -1.110347e+00 
 5.688839e+00 -1.110344e+00 
 5.689162e+00 -1.110341e+00 
 5.689485e+00 -1.110338e+00 
 5.689808e+00 -1.110334e+00 
 5.690131e+00 -1.110330e+00 
 5.690454e+00 -1.110325e+00 
 5.690777e+00 -1.110320e+00 
 5.691100e+00 -1.110317e+00 
 5.691423e+00 -1.110313e+00 
 5.691746e+00 -1.110309e+00 
 5.692069e+00 -1.110304e+00 
 5.692392e+00 -1.110301e+00 
 5.692715e+00 -1.110297e+00 
 5.693038e+00 -1.110294e+00 
 5.693361e+00 -1.110292e+00 
 5.693684e+00 -1.110289e+00 
 5.694007e+00 -1.110287e+00 
 5.694330e+00 -1.110284e+00 
 5.694653e+00 -1.110283e+00 
 5.694976e+00 -1.110280e+00 
 5.695299e+00 -1.110278e+00 
 5.695622e+00 -1.110276e+00 
 5.695945e+00 -1.110274e+00 
 5.696268e+00 -1.110275e+00 
 5.696591e+00 -1.110275e+00 
 5.696914e+00 -1.110276e+00 
 5.697237e+00 -1.110276e+00 
 5.697560e+00 -1.110275e+00 
 5.697883e+00 -1.110272e+00 
 5.698206e+00 -1.110269e+00 
 5.698529e+00 -1.110265e+00 
 5.698852e+00 -1.110262e+00 
 5.699175e+00 -1.110258e+00 
 5.699498e+00 -1.110255e+00 
 5.699821e+00 -1.110252e+00 
 5.700144e+00 -1.110250e+00 
 5.700467e+00 -1.110248e+00 
 5.700790e+00 -1.110246e+00 
 5.701113e+00 -1.110245e+00 
 5.701436e+00 -1.110247e+00 
 5.701759e+00 -1.110248e+00 
 5.702082e+00 -1.110249e+00 
 5.702405e+00 -1.110250e+00 
 5.702728e+00 -1.110252e+00 
 5.703051e+00 -1.110253e+00 
 5.703374e+00 -1.110254e+00 
 5.703697e+00 -1.110254e+00 
 5.704020e+00 -1.110255e+00 
 5.704343e+00 -1.110256e+00 
 5.704666e+00 -1.110258e+00 
 5.704989e+00 -1.110260e+00 
 5.705312e+00 -1.110263e+00 
 5.705635e+00 -1.110265e+00 
 5.705958e+00 -1.110266e+00 
 5.706281e+00 -1.110268e+00 
 5.706604e+00 -1.110269e+00 
 5.706927e+00 -1.110271e+00 
 5.707250e+00 -1.110271e+00 
 5.707573e+00 -1.110270e+00 
 5.707896e+00 -1.110269e+00 
 5.708219e+00 -1.110268e+00 
 5.708542e+00 -1.110267e+00 
 5.708865e+00 -1.110266e+00 
 5.709188e+00 -1.110265e+00 
 5.709511e+00 -1.110264e+00 
 5.709834e+00 -1.110263e+00 
 5.710157e+00 -1.110261e+00 
 5.710480e+00 -1.110259e+00 
 5.710803e+00 -1.110255e+00 
 5.711126e+00 -1.110249e+00 
 5.711449e+00 -1.110244e+00 
 5.711772e+00 -1.110238e+00 
 5.712095e+00 -1.110233e+00 
 5.712418e+00 -1.110227e+00 
 5.712741e+00 -1.110220e+00 
 5.713064e+00 -1.110214e+00 
 5.713387e+00 -1.110209e+00 
 5.713710e+00 -1.110204e+00 
 5.714033e+00 -1.110198e+00 
 5.714356e+00 -1.110192e+00 
 5.714679e+00 -1.110185e+00 
 5.715002e+00 -1.110179e+00 
 5.715325e+00 -1.110171e+00 
 5.715648e+00 -1.110163e+00 
 5.715971e+00 -1.110154e+00 
 5.716294e+00 -1.110146e+00 
 5.716617e+00 -1.110138e+00 
 5.716940e+00 -1.110131e+00 
 5.717263e+00 -1.110125e+00 
 5.717586e+00 -1.110120e+00 
 5.717909e+00 -1.110115e+00 
 5.718232e+00 -1.110111e+00 
 5.718555e+00 -1.110107e+00 
 5.718878e+00 -1.110104e+00 
 5.719201e+00 -1.110100e+00 
 5.719524e+00 -1.110096e+00 
 5.719847e+00 -1.110092e+00 
 5.720170e+00 -1.110089e+00 
 5.720493e+00 -1.110087e+00 
 5.720816e+00 -1.110087e+00 
 5.721139e+00 -1.110086e+00 
 5.721462e+00 -1.110086e+00 
 5.721785e+00 -1.110087e+00 
 5.722108e+00 -1.110089e+00 
 5.722431e+00 -1.110092e+00 
 5.722753e+00 -1.110096e+00 
 5.723076e+00 -1.110099e+00 
 5.723399e+00 -1.110102e+00 
 5.723722e+00 -1.110106e+00 
 5.724045e+00 -1.110110e+00 
 5.724368e+00 -1.110114e+00 
 5.724691e+00 -1.110119e+00 
 5.725014e+00 -1.110125e+00 
 5.725337e+00 -1.110132e+00 
 5.725660e+00 -1.110143e+00 
 5.725983e+00 -1.110153e+00 
 5.726306e+00 -1.110163e+00 
 5.726629e+00 -1.110173e+00 
 5.726952e+00 -1.110183e+00 
 5.727275e+00 -1.110194e+00 
 5.727598e+00 -1.110205e+00 
 5.727921e+00 -1.110215e+00 
 5.728244e+00 -1.110225e+00 
 5.728567e+00 -1.110235e+00 
 5.728890e+00 -1.110246e+00 
 5.729213e+00 -1.110257e+00 
 5.729536e+00 -1.110269e+00 
 5.729859e+00 -1.110280e+00 
 5.730182e+00 -1.110292e+00 
 5.730505e+00 -1.110305e+00 
 5.730828e+00 -1.110320e+00 
 5.731151e+00 -1.110335e+00 
 5.731474e+00 -1.110347e+00 
 5.731797e+00 -1.110358e+00 
 5.732120e+00 -1.110369e+00 
 5.732443e+00 -1.110380e+00 
 5.732766e+00 -1.110391e+00 
 5.733089e+00 -1.110401e+00 
 5.733412e+00 -1.110411e+00 
 5.733735e+00 -1.110421e+00 
 5.734058e+00 -1.110432e+00 
 5.734381e+00 -1.110444e+00 
 5.734704e+00 -1.110455e+00 
 5.735027e+00 -1.110465e+00 
 5.735350e+00 -1.110474e+00 
 5.735673e+00 -1.110484e+00 
 5.735996e+00 -1.110496e+00 
 5.736319e+00 -1.110506e+00 
 5.736642e+00 -1.110514e+00 
 5.736965e+00 -1.110522e+00 
 5.737288e+00 -1.110530e+00 
 5.737611e+00 -1.110538e+00 
 5.737934e+00 -1.110546e+00 
 5.738257e+00 -1.110553e+00 
 5.738580e+00 -1.110559e+00 
 5.738903e+00 -1.110563e+00 
 5.739226e+00 -1.110568e+00 
 5.739549e+00 -1.110572e+00 
 5.739872e+00 -1.110574e+00 
 5.740195e+00 -1.110575e+00 
 5.740518e+00 -1.110576e+00 
 5.740841e+00 -1.110576e+00 
 5.741164e+00 -1.110579e+00 
 5.741487e+00 -1.110582e+00 
 5.741810e+00 -1.110583e+00 
 5.742133e+00 -1.110583e+00 
 5.742456e+00 -1.110584e+00 
 5.742779e+00 -1.110586e+00 
 5.743102e+00 -1.110587e+00 
 5.743425e+00 -1.110588e+00 
 5.743748e+00 -1.110588e+00 
 5.744071e+00 -1.110588e+00 
 5.744394e+00 -1.110588e+00 
 5.744717e+00 -1.110588e+00 
 5.745040e+00 -1.110587e+00 
 5.745363e+00 -1.110586e+00 
 5.745686e+00 -1.110584e+00 
 5.746009e+00 -1.110584e+00 
 5.746332e+00 -1.110587e+00 
 5.746655e+00 -1.110590e+00 
 5.746978e+00 -1.110591e+00 
 5.747301e+00 -1.110592e+00 
 5.747624e+00 -1.110593e+00 
 5.747947e+00 -1.110594e+00 
 5.748270e+00 -1.110595e+00 
 5.748593e+00 -1.110596e+00 
 5.748916e+00 -1.110597e+00 
 5.749239e+00 -1.110598e+00 
 5.749562e+00 -1.110601e+00 
 5.749885e+00 -1.110605e+00 
 5.750208e+00 -1.110609e+00 
 5.750531e+00 -1.110614e+00 
 5.750854e+00 -1.110618e+00 
 5.751177e+00 -1.110624e+00 
 5.751500e+00 -1.110632e+00 
 5.751823e+00 -1.110639e+00 
 5.752146e+00 -1.110644e+00 
 5.752469e+00 -1.110649e+00 
 5.752792e+00 -1.110654e+00 
 5.753115e+00 -1.110660e+00 
 5.753438e+00 -1.110666e+00 
 5.753761e+00 -1.110672e+00 
 5.754084e+00 -1.110679e+00 
 5.754407e+00 -1.110687e+00 
 5.754730e+00 -1.110696e+00 
 5.755053e+00 -1.110706e+00 
 5.755376e+00 -1.110716e+00 
 5.755699e+00 -1.110726e+00 
 5.756022e+00 -1.110734e+00 
 5.756345e+00 -1.110741e+00 
 5.756668e+00 -1.110750e+00 
 5.756991e+00 -1.110757e+00 
 5.757314e+00 -1.110763e+00 
 5.757637e+00 -1.110769e+00 
 5.757960e+00 -1.110775e+00 
 5.758282e+00 -1.110781e+00 
 5.758605e+00 -1.110789e+00 
 5.758928e+00 -1.110796e+00 
 5.759251e+00 -1.110804e+00 
 5.759574e+00 -1.110811e+00 
 5.759897e+00 -1.110818e+00 
 5.760220e+00 -1.110825e+00 
 5.760543e+00 -1.110830e+00 
 5.760866e+00 -1.110834e+00 
 5.761189e+00 -1.110836e+00 
 5.761512e+00 -1.110838e+00 
 5.761835e+00 -1.110840e+00 
 5.762158e+00 -1.110842e+00 
 5.762481e+00 -1.110843e+00 
 5.762804e+00 -1.110844e+00 
 5.763127e+00 -1.110846e+00 
 5.763450e+00 -1.110847e+00 
 5.763773e+00 -1.110849e+00 
 5.764096e+00 -1.110850e+00 
 5.764419e+00 -1.110850e+00 
 5.764742e+00 -1.110848e+00 
 5.765065e+00 -1.110846e+00 
 5.765388e+00 -1.110843e+00 
 5.765711e+00 -1.110838e+00 
 5.766034e+00 -1.110833e+00 
 5.766357e+00 -1.110828e+00 
 5.766680e+00 -1.110822e+00 
 5.767003e+00 -1.110818e+00 
 5.767326e+00 -1.110814e+00 
 5.767649e+00 -1.110809e+00 
 5.767972e+00 -1.110803e+00 
 5.768295e+00 -1.110798e+00 
 5.768618e+00 -1.110792e+00 
 5.768941e+00 -1.110786e+00 
 5.769264e+00 -1.110779e+00 
 5.769587e+00 -1.110771e+00 
 5.769910e+00 -1.110762e+00 
 5.770233e+00 -1.110754e+00 
 5.770556e+00 -1.110745e+00 
 5.770879e+00 -1.110736e+00 
 5.771202e+00 -1.110727e+00 
 5.771525e+00 -1.110719e+00 
 5.771848e+00 -1.110712e+00 
 5.772171e+00 -1.110705e+00 
 5.772494e+00 -1.110698e+00 
 5.772817e+00 -1.110690e+00 
 5.773140e+00 -1.110682e+00 
 5.773463e+00 -1.110675e+00 
 5.773786e+00 -1.110668e+00 
 5.774109e+00 -1.110661e+00 
 5.774432e+00 -1.110654e+00 
 5.774755e+00 -1.110646e+00 
 5.775078e+00 -1.110640e+00 
 5.775401e+00 -1.110635e+00 
 5.775724e+00 -1.110628e+00 
 5.776047e+00 -1.110622e+00 
 5.776370e+00 -1.110618e+00 
 5.776693e+00 -1.110613e+00 
 5.777016e+00 -1.110609e+00 
 5.777339e+00 -1.110606e+00 
 5.777662e+00 -1.110603e+00 
 5.777985e+00 -1.110599e+00 
 5.778308e+00 -1.110596e+00 
 5.778631e+00 -1.110594e+00 
 5.778954e+00 -1.110593e+00 
 5.779277e+00 -1.110592e+00 
 5.779600e+00 -1.110592e+00 
 5.779923e+00 -1.110592e+00 
 5.780246e+00 -1.110592e+00 
 5.780569e+00 -1.110593e+00 
 5.780892e+00 -1.110592e+00 
 5.781215e+00 -1.110592e+00 
 5.781538e+00 -1.110592e+00 
 5.781861e+00 -1.110592e+00 
 5.782184e+00 -1.110593e+00 
 5.782507e+00 -1.110594e+00 
 5.782830e+00 -1.110596e+00 
 5.783153e+00 -1.110596e+00 
 5.783476e+00 -1.110597e+00 
 5.783799e+00 -1.110599e+00 
 5.784122e+00 -1.110600e+00 
 5.784445e+00 -1.110601e+00 
 5.784768e+00 -1.110602e+00 
 5.785091e+00 -1.110603e+00 
 5.785414e+00 -1.110603e+00 
 5.785737e+00 -1.110603e+00 
 5.786060e+00 -1.110601e+00 
 5.786383e+00 -1.110598e+00 
 5.786706e+00 -1.110597e+00 
 5.787029e+00 -1.110596e+00 
 5.787352e+00 -1.110595e+00 
 5.787675e+00 -1.110595e+00 
 5.787998e+00 -1.110595e+00 
 5.788321e+00 -1.110594e+00 
 5.788644e+00 -1.110593e+00 
 5.788967e+00 -1.110592e+00 
 5.789290e+00 -1.110591e+00 
 5.789613e+00 -1.110589e+00 
 5.789936e+00 -1.110587e+00 
 5.790259e+00 -1.110585e+00 
 5.790582e+00 -1.110582e+00 
 5.790905e+00 -1.110579e+00 
 5.791228e+00 -1.110575e+00 
 5.791551e+00 -1.110571e+00 
 5.791874e+00 -1.110567e+00 
 5.792197e+00 -1.110565e+00 
 5.792520e+00 -1.110563e+00 
 5.792843e+00 -1.110561e+00 
 5.793166e+00 -1.110559e+00 
 5.793488e+00 -1.110556e+00 
 5.793811e+00 -1.110553e+00 
 5.794134e+00 -1.110550e+00 
 5.794457e+00 -1.110547e+00 
 5.794780e+00 -1.110543e+00 
 5.795103e+00 -1.110540e+00 
 5.795426e+00 -1.110536e+00 
 5.795749e+00 -1.110533e+00 
 5.796072e+00 -1.110530e+00 
 5.796395e+00 -1.110527e+00 
 5.796718e+00 -1.110525e+00 
 5.797041e+00 -1.110523e+00 
 5.797364e+00 -1.110522e+00 
 5.797687e+00 -1.110522e+00 
 5.798010e+00 -1.110522e+00 
 5.798333e+00 -1.110521e+00 
 5.798656e+00 -1.110520e+00 
 5.798979e+00 -1.110520e+00 
 5.799302e+00 -1.110519e+00 
 5.799625e+00 -1.110518e+00 
 5.799948e+00 -1.110518e+00 
 5.800271e+00 -1.110518e+00 
 5.800594e+00 -1.110518e+00 
 5.800917e+00 -1.110520e+00 
 5.801240e+00 -1.110522e+00 
 5.801563e+00 -1.110525e+00 
 5.801886e+00 -1.110527e+00 
 5.802209e+00 -1.110531e+00 
 5.802532e+00 -1.110535e+00 
 5.802855e+00 -1.110540e+00 
 5.803178e+00 -1.110546e+00 
 5.803501e+00 -1.110552e+00 
 5.803824e+00 -1.110557e+00 
 5.804147e+00 -1.110562e+00 
 5.804470e+00 -1.110569e+00 
 5.804793e+00 -1.110576e+00 
 5.805116e+00 -1.110583e+00 
 5.805439e+00 -1.110591e+00 
 5.805762e+00 -1.110601e+00 
 5.806085e+00 -1.110611e+00 
 5.806408e+00 -1.110621e+00 
 5.806731e+00 -1.110631e+00 
 5.807054e+00 -1.110641e+00 
 5.807377e+00 -1.110653e+00 
 5.807700e+00 -1.110665e+00 
 5.808023e+00 -1.110677e+00 
 5.808346e+00 -1.110689e+00 
 5.808669e+00 -1.110701e+00 
 5.808992e+00 -1.110712e+00 
 5.809315e+00 -1.110723e+00 
 5.809638e+00 -1.110735e+00 
 5.809961e+00 -1.110747e+00 
 5.810284e+00 -1.110758e+00 
 5.810607e+00 -1.110772e+00 
 5.810930e+00 -1.110786e+00 
 5.811253e+00 -1.110801e+00 
 5.811576e+00 -1.110814e+00 
 5.811899e+00 -1.110827e+00 
 5.812222e+00 -1.110840e+00 
 5.812545e+00 -1.110852e+00 
 5.812868e+00 -1.110865e+00 
 5.813191e+00 -1.110877e+00 
 5.813514e+00 -1.110888e+00 
 5.813837e+00 -1.110898e+00 
 5.814160e+00 -1.110908e+00 
 5.814483e+00 -1.110917e+00 
 5.814806e+00 -1.110927e+00 
 5.815129e+00 -1.110936e+00 
 5.815452e+00 -1.110945e+00 
 5.815775e+00 -1.110955e+00 
 5.816098e+00 -1.110965e+00 
 5.816421e+00 -1.110975e+00 
 5.816744e+00 -1.110983e+00 
 5.817067e+00 -1.110990e+00 
 5.817390e+00 -1.110997e+00 
 5.817713e+00 -1.111003e+00 
 5.818036e+00 -1.111008e+00 
 5.818359e+00 -1.111013e+00 
 5.818682e+00 -1.111017e+00 
 5.819005e+00 -1.111021e+00 
 5.819328e+00 -1.111025e+00 
 5.819651e+00 -1.111029e+00 
 5.819974e+00 -1.111033e+00 
 5.820297e+00 -1.111037e+00 
 5.820620e+00 -1.111041e+00 
 5.820943e+00 -1.111044e+00 
 5.821266e+00 -1.111049e+00 
 5.821589e+00 -1.111053e+00 
 5.821912e+00 -1.111055e+00 
 5.822235e+00 -1.111057e+00 
 5.822558e+00 -1.111058e+00 
 5.822881e+00 -1.111059e+00 
 5.823204e+00 -1.111061e+00 
 5.823527e+00 -1.111063e+00 
 5.823850e+00 -1.111065e+00 
 5.824173e+00 -1.111066e+00 
 5.824496e+00 -1.111069e+00 
 5.824819e+00 -1.111072e+00 
 5.825142e+00 -1.111074e+00 
 5.825465e+00 -1.111077e+00 
 5.825788e+00 -1.111078e+00 
 5.826111e+00 -1.111081e+00 
 5.826434e+00 -1.111084e+00 
 5.826757e+00 -1.111086e+00 
 5.827080e+00 -1.111088e+00 
 5.827403e+00 -1.111090e+00 
 5.827726e+00 -1.111091e+00 
 5.828049e+00 -1.111093e+00 
 5.828372e+00 -1.111097e+00 
 5.828695e+00 -1.111100e+00 
 5.829017e+00 -1.111103e+00 
 5.829340e+00 -1.111107e+00 
 5.829663e+00 -1.111111e+00 
 5.829986e+00 -1.111115e+00 
 5.830309e+00 -1.111119e+00 
 5.830632e+00 -1.111123e+00 
 5.830955e+00 -1.111127e+00 
 5.831278e+00 -1.111132e+00 
 5.831601e+00 -1.111137e+00 
 5.831924e+00 -1.111142e+00 
 5.832247e+00 -1.111147e+00 
 5.832570e+00 -1.111151e+00 
 5.832893e+00 -1.111155e+00 
 5.833216e+00 -1.111159e+00 
 5.833539e+00 -1.111164e+00 
 5.833862e+00 -1.111169e+00 
 5.834185e+00 -1.111173e+00 
 5.834508e+00 -1.111177e+00 
 5.834831e+00 -1.111181e+00 
 5.835154e+00 -1.111186e+00 
 5.835477e+00 -1.111191e+00 
 5.835800e+00 -1.111196e+00 
 5.836123e+00 -1.111199e+00 
 5.836446e+00 -1.111204e+00 
 5.836769e+00 -1.111208e+00 
 5.837092e+00 -1.111213e+00 
 5.837415e+00 -1.111216e+00 
 5.837738e+00 -1.111218e+00 
 5.838061e+00 -1.111220e+00 
 5.838384e+00 -1.111223e+00 
 5.838707e+00 -1.111226e+00 
 5.839030e+00 -1.111228e+00 
 5.839353e+00 -1.111231e+00 
 5.839676e+00 -1.111233e+00 
 5.839999e+00 -1.111236e+00 
 5.840322e+00 -1.111239e+00 
 5.840645e+00 -1.111242e+00 
 5.840968e+00 -1.111245e+00 
 5.841291e+00 -1.111246e+00 
 5.841614e+00 -1.111247e+00 
 5.841937e+00 -1.111248e+00 
 5.842260e+00 -1.111249e+00 
 5.842583e+00 -1.111248e+00 
 5.842906e+00 -1.111247e+00 
 5.843229e+00 -1.111246e+00 
 5.843552e+00 -1.111245e+00 
 5.843875e+00 -1.111244e+00 
 5.844198e+00 -1.111244e+00 
 5.844521e+00 -1.111243e+00 
 5.844844e+00 -1.111241e+00 
 5.845167e+00 -1.111240e+00 
 5.845490e+00 -1.111238e+00 
 5.845813e+00 -1.111237e+00 
 5.846136e+00 -1.111234e+00 
 5.846459e+00 -1.111230e+00 
 5.846782e+00 -1.111226e+00 
 5.847105e+00 -1.111222e+00 
 5.847428e+00 -1.111217e+00 
 5.847751e+00 -1.111212e+00 
 5.848074e+00 -1.111207e+00 
 5.848397e+00 -1.111201e+00 
 5.848720e+00 -1.111197e+00 
 5.849043e+00 -1.111192e+00 
 5.849366e+00 -1.111188e+00 
 5.849689e+00 -1.111183e+00 
 5.850012e+00 -1.111178e+00 
 5.850335e+00 -1.111172e+00 
 5.850658e+00 -1.111167e+00 
 5.850981e+00 -1.111163e+00 
 5.851304e+00 -1.111158e+00 
 5.851627e+00 -1.111152e+00 
 5.851950e+00 -1.111146e+00 
 5.852273e+00 -1.111141e+00 
 5.852596e+00 -1.111137e+00 
 5.852919e+00 -1.111132e+00 
 5.853242e+00 -1.111128e+00 
 5.853565e+00 -1.111125e+00 
 5.853888e+00 -1.111121e+00 
 5.854211e+00 -1.111119e+00 
 5.854534e+00 -1.111117e+00 
 5.854857e+00 -1.111114e+00 
 5.855180e+00 -1.111112e+00 
 5.855503e+00 -1.111110e+00 
 5.855826e+00 -1.111108e+00 
 5.856149e+00 -1.111108e+00 
 5.856472e+00 -1.111107e+00 
 5.856795e+00 -1.111106e+00 
 5.857118e+00 -1.111106e+00 
 5.857441e+00 -1.111107e+00 
 5.857764e+00 -1.111109e+00 
 5.858087e+00 -1.111110e+00 
 5.858410e+00 -1.111112e+00 
 5.858733e+00 -1.111115e+00 
 5.859056e+00 -1.111118e+00 
 5.859379e+00 -1.111121e+00 
 5.859702e+00 -1.111125e+00 
 5.860025e+00 -1.111128e+00 
 5.860348e+00 -1.111131e+00 
 5.860671e+00 -1.111135e+00 
 5.860994e+00 -1.111139e+00 
 5.861317e+00 -1.111143e+00 
 5.861640e+00 -1.111147e+00 
 5.861963e+00 -1.111150e+00 
 5.862286e+00 -1.111154e+00 
 5.862609e+00 -1.111159e+00 
 5.862932e+00 -1.111163e+00 
 5.863255e+00 -1.111167e+00 
 5.863578e+00 -1.111171e+00 
 5.863901e+00 -1.111175e+00 
 5.864224e+00 -1.111180e+00 
 5.864546e+00 -1.111184e+00 
 5.864869e+00 -1.111186e+00 
 5.865192e+00 -1.111187e+00 
 5.865515e+00 -1.111187e+00 
 5.865838e+00 -1.111187e+00 
 5.866161e+00 -1.111187e+00 
 5.866484e+00 -1.111186e+00 
 5.866807e+00 -1.111185e+00 
 5.867130e+00 -1.111184e+00 
 5.867453e+00 -1.111183e+00 
 5.867776e+00 -1.111182e+00 
 5.868099e+00 -1.111181e+00 
 5.868422e+00 -1.111179e+00 
 5.868745e+00 -1.111178e+00 
 5.869068e+00 -1.111177e+00 
 5.869391e+00 -1.111176e+00 
 5.869714e+00 -1.111175e+00 
 5.870037e+00 -1.111173e+00 
 5.870360e+00 -1.111171e+00 
 5.870683e+00 -1.111168e+00 
 5.871006e+00 -1.111164e+00 
 5.871329e+00 -1.111161e+00 
 5.871652e+00 -1.111159e+00 
 5.871975e+00 -1.111156e+00 
 5.872298e+00 -1.111154e+00 
 5.872621e+00 -1.111152e+00 
 5.872944e+00 -1.111151e+00 
 5.873267e+00 -1.111149e+00 
 5.873590e+00 -1.111148e+00 
 5.873913e+00 -1.111147e+00 
 5.874236e+00 -1.111146e+00 
 5.874559e+00 -1.111146e+00 
 5.874882e+00 -1.111145e+00 
 5.875205e+00 -1.111145e+00 
 5.875528e+00 -1.111144e+00 
 5.875851e+00 -1.111143e+00 
 5.876174e+00 -1.111142e+00 
 5.876497e+00 -1.111142e+00 
 5.876820e+00 -1.111142e+00 
 5.877143e+00 -1.111142e+00 
 5.877466e+00 -1.111142e+00 
 5.877789e+00 -1.111142e+00 
 5.878112e+00 -1.111143e+00 
 5.878435e+00 -1.111145e+00 
 5.878758e+00 -1.111147e+00 
 5.879081e+00 -1.111148e+00 
 5.879404e+00 -1.111150e+00 
 5.879727e+00 -1.111152e+00 
 5.880050e+00 -1.111154e+00 
 5.880373e+00 -1.111157e+00 
 5.880696e+00 -1.111159e+00 
 5.881019e+00 -1.111162e+00 
 5.881342e+00 -1.111165e+00 
 5.881665e+00 -1.111169e+00 
 5.881988e+00 -1.111174e+00 
 5.882311e+00 -1.111179e+00 
 5.882634e+00 -1.111184e+00 
 5.882957e+00 -1.111189e+00 
 5.883280e+00 -1.111195e+00 
 5.883603e+00 -1.111201e+00 
 5.883926e+00 -1.111207e+00 
 5.884249e+00 -1.111213e+00 
 5.884572e+00 -1.111219e+00 
 5.884895e+00 -1.111225e+00 
 5.885218e+00 -1.111232e+00 
 5.885541e+00 -1.111239e+00 
 5.885864e+00 -1.111246e+00 
 5.886187e+00 -1.111252e+00 
 5.886510e+00 -1.111260e+00 
 5.886833e+00 -1.111268e+00 
 5.887156e+00 -1.111276e+00 
 5.887479e+00 -1.111284e+00 
 5.887802e+00 -1.111292e+00 
 5.888125e+00 -1.111300e+00 
 5.888448e+00 -1.111308e+00 
 5.888771e+00 -1.111316e+00 
 5.889094e+00 -1.111324e+00 
 5.889417e+00 -1.111331e+00 
 5.889740e+00 -1.111338e+00 
 5.890063e+00 -1.111345e+00 
 5.890386e+00 -1.111352e+00 
 5.890709e+00 -1.111357e+00 
 5.891032e+00 -1.111363e+00 
 5.891355e+00 -1.111368e+00 
 5.891678e+00 -1.111374e+00 
 5.892001e+00 -1.111380e+00 
 5.892324e+00 -1.111385e+00 
 5.892647e+00 -1.111391e+00 
 5.892970e+00 -1.111396e+00 
 5.893293e+00 -1.111401e+00 
 5.893616e+00 -1.111405e+00 
 5.893939e+00 -1.111410e+00 
 5.894262e+00 -1.111413e+00 
 5.894585e+00 -1.111416e+00 
 5.894908e+00 -1.111419e+00 
 5.895231e+00 -1.111422e+00 
 5.895554e+00 -1.111424e+00 
 5.895877e+00 -1.111425e+00 
 5.896200e+00 -1.111426e+00 
 5.896523e+00 -1.111427e+00 
 5.896846e+00 -1.111429e+00 
 5.897169e+00 -1.111430e+00 
 5.897492e+00 -1.111432e+00 
 5.897815e+00 -1.111434e+00 
 5.898138e+00 -1.111434e+00 
 5.898461e+00 -1.111435e+00 
 5.898784e+00 -1.111435e+00 
 5.899107e+00 -1.111435e+00 
 5.899430e+00 -1.111434e+00 
 5.899752e+00 -1.111433e+00 
 5.900075e+00 -1.111432e+00 
 5.900398e+00 -1.111432e+00 
 5.900721e+00 -1.111433e+00 
 5.901044e+00 -1.111433e+00 
 5.901367e+00 -1.111434e+00 
 5.901690e+00 -1.111435e+00 
 5.902013e+00 -1.111436e+00 
 5.902336e+00 -1.111438e+00 
 5.902659e+00 -1.111439e+00 
 5.902982e+00 -1.111441e+00 
 5.903305e+00 -1.111441e+00 
 5.903628e+00 -1.111442e+00 
 5.903951e+00 -1.111443e+00 
 5.904274e+00 -1.111444e+00 
 5.904597e+00 -1.111445e+00 
 5.904920e+00 -1.111447e+00 
 5.905243e+00 -1.111449e+00 
 5.905566e+00 -1.111453e+00 
 5.905889e+00 -1.111458e+00 
 5.906212e+00 -1.111462e+00 
 5.906535e+00 -1.111466e+00 
 5.906858e+00 -1.111470e+00 
 5.907181e+00 -1.111473e+00 
 5.907504e+00 -1.111477e+00 
 5.907827e+00 -1.111481e+00 
 5.908150e+00 -1.111484e+00 
 5.908473e+00 -1.111487e+00 
 5.908796e+00 -1.111490e+00 
 5.909119e+00 -1.111494e+00 
 5.909442e+00 -1.111499e+00 
 5.909765e+00 -1.111503e+00 
 5.910088e+00 -1.111508e+00 
 5.910411e+00 -1.111513e+00 
 5.910734e+00 -1.111520e+00 
 5.911057e+00 -1.111527e+00 
 5.911380e+00 -1.111533e+00 
 5.911703e+00 -1.111537e+00 
 5.912026e+00 -1.111542e+00 
 5.912349e+00 -1.111547e+00 
 5.912672e+00 -1.111551e+00 
 5.912995e+00 -1.111556e+00 
 5.913318e+00 -1.111560e+00 
 5.913641e+00 -1.111564e+00 
 5.913964e+00 -1.111569e+00 
 5.914287e+00 -1.111573e+00 
 5.914610e+00 -1.111577e+00 
 5.914933e+00 -1.111580e+00 
 5.915256e+00 -1.111583e+00 
 5.915579e+00 -1.111585e+00 
 5.915902e+00 -1.111589e+00 
 5.916225e+00 -1.111593e+00 
 5.916548e+00 -1.111595e+00 
 5.916871e+00 -1.111595e+00 
 5.917194e+00 -1.111596e+00 
 5.917517e+00 -1.111596e+00 
 5.917840e+00 -1.111596e+00 
 5.918163e+00 -1.111597e+00 
 5.918486e+00 -1.111596e+00 
 5.918809e+00 -1.111594e+00 
 5.919132e+00 -1.111593e+00 
 5.919455e+00 -1.111592e+00 
 5.919778e+00 -1.111589e+00 
 5.920101e+00 -1.111586e+00 
 5.920424e+00 -1.111583e+00 
 5.920747e+00 -1.111579e+00 
 5.921070e+00 -1.111578e+00 
 5.921393e+00 -1.111576e+00 
 5.921716e+00 -1.111573e+00 
 5.922039e+00 -1.111569e+00 
 5.922362e+00 -1.111565e+00 
 5.922685e+00 -1.111561e+00 
 5.923008e+00 -1.111557e+00 
 5.923331e+00 -1.111552e+00 
 5.923654e+00 -1.111547e+00 
 5.923977e+00 -1.111541e+00 
 5.924300e+00 -1.111536e+00 
 5.924623e+00 -1.111530e+00 
 5.924946e+00 -1.111525e+00 
 5.925269e+00 -1.111519e+00 
 5.925592e+00 -1.111512e+00 
 5.925915e+00 -1.111507e+00 
 5.926238e+00 -1.111503e+00 
 5.926561e+00 -1.111500e+00 
 5.926884e+00 -1.111495e+00 
 5.927207e+00 -1.111489e+00 
 5.927530e+00 -1.111484e+00 
 5.927853e+00 -1.111478e+00 
 5.928176e+00 -1.111472e+00 
 5.928499e+00 -1.111467e+00 
 5.928822e+00 -1.111461e+00 
 5.929145e+00 -1.111456e+00 
 5.929468e+00 -1.111451e+00 
 5.929791e+00 -1.111447e+00 
 5.930114e+00 -1.111444e+00 
 5.930437e+00 -1.111441e+00 
 5.930760e+00 -1.111438e+00 
 5.931083e+00 -1.111436e+00 
 5.931406e+00 -1.111436e+00 
 5.931729e+00 -1.111435e+00 
 5.932052e+00 -1.111434e+00 
 5.932375e+00 -1.111431e+00 
 5.932698e+00 -1.111429e+00 
 5.933021e+00 -1.111427e+00 
 5.933344e+00 -1.111426e+00 
 5.933667e+00 -1.111426e+00 
 5.933990e+00 -1.111426e+00 
 5.934313e+00 -1.111426e+00 
 5.934636e+00 -1.111428e+00 
 5.934959e+00 -1.111431e+00 
 5.935281e+00 -1.111435e+00 
 5.935604e+00 -1.111438e+00 
 5.935927e+00 -1.111440e+00 
 5.936250e+00 -1.111443e+00 
 5.936573e+00 -1.111446e+00 
 5.936896e+00 -1.111450e+00 
 5.937219e+00 -1.111452e+00 
 5.937542e+00 -1.111454e+00 
 5.937865e+00 -1.111457e+00 
 5.938188e+00 -1.111460e+00 
 5.938511e+00 -1.111464e+00 
 5.938834e+00 -1.111469e+00 
 5.939157e+00 -1.111474e+00 
 5.939480e+00 -1.111479e+00 
 5.939803e+00 -1.111485e+00 
 5.940126e+00 -1.111491e+00 
 5.940449e+00 -1.111497e+00 
 5.940772e+00 -1.111501e+00 
 5.941095e+00 -1.111503e+00 
 5.941418e+00 -1.111506e+00 
 5.941741e+00 -1.111509e+00 
 5.942064e+00 -1.111513e+00 
 5.942387e+00 -1.111515e+00 
 5.942710e+00 -1.111517e+00 
 5.943033e+00 -1.111519e+00 
 5.943356e+00 -1.111521e+00 
 5.943679e+00 -1.111524e+00 
 5.944002e+00 -1.111526e+00 
 5.944325e+00 -1.111527e+00 
 5.944648e+00 -1.111526e+00 
 5.944971e+00 -1.111526e+00 
 5.945294e+00 -1.111524e+00 
 5.945617e+00 -1.111521e+00 
 5.945940e+00 -1.111516e+00 
 5.946263e+00 -1.111511e+00 
 5.946586e+00 -1.111505e+00 
 5.946909e+00 -1.111500e+00 
 5.947232e+00 -1.111495e+00 
 5.947555e+00 -1.111488e+00 
 5.947878e+00 -1.111482e+00 
 5.948201e+00 -1.111475e+00 
 5.948524e+00 -1.111469e+00 
 5.948847e+00 -1.111463e+00 
 5.949170e+00 -1.111456e+00 
 5.949493e+00 -1.111449e+00 
 5.949816e+00 -1.111442e+00 
 5.950139e+00 -1.111434e+00 
 5.950462e+00 -1.111428e+00 
 5.950785e+00 -1.111420e+00 
 5.951108e+00 -1.111412e+00 
 5.951431e+00 -1.111405e+00 
 5.951754e+00 -1.111398e+00 
 5.952077e+00 -1.111393e+00 
 5.952400e+00 -1.111388e+00 
 5.952723e+00 -1.111383e+00 
 5.953046e+00 -1.111378e+00 
 5.953369e+00 -1.111374e+00 
 5.953692e+00 -1.111371e+00 
 5.954015e+00 -1.111369e+00 
 5.954338e+00 -1.111366e+00 
 5.954661e+00 -1.111364e+00 
 5.954984e+00 -1.111362e+00 
 5.955307e+00 -1.111361e+00 
 5.955630e+00 -1.111362e+00 
 5.955953e+00 -1.111363e+00 
 5.956276e+00 -1.111363e+00 
 5.956599e+00 -1.111364e+00 
 5.956922e+00 -1.111366e+00 
 5.957245e+00 -1.111369e+00 
 5.957568e+00 -1.111372e+00 
 5.957891e+00 -1.111376e+00 
 5.958214e+00 -1.111379e+00 
 5.958537e+00 -1.111383e+00 
 5.958860e+00 -1.111388e+00 
 5.959183e+00 -1.111393e+00 
 5.959506e+00 -1.111399e+00 
 5.959829e+00 -1.111404e+00 
 5.960152e+00 -1.111409e+00 
 5.960475e+00 -1.111416e+00 
 5.960798e+00 -1.111423e+00 
 5.961121e+00 -1.111430e+00 
 5.961444e+00 -1.111435e+00 
 5.961767e+00 -1.111440e+00 
 5.962090e+00 -1.111446e+00 
 5.962413e+00 -1.111452e+00 
 5.962736e+00 -1.111458e+00 
 5.963059e+00 -1.111463e+00 
 5.963382e+00 -1.111468e+00 
 5.963705e+00 -1.111473e+00 
 5.964028e+00 -1.111478e+00 
 5.964351e+00 -1.111483e+00 
 5.964674e+00 -1.111487e+00 
 5.964997e+00 -1.111490e+00 
 5.965320e+00 -1.111493e+00 
 5.965643e+00 -1.111496e+00 
 5.965966e+00 -1.111499e+00 
 5.966289e+00 -1.111501e+00 
 5.966612e+00 -1.111500e+00 
 5.966935e+00 -1.111500e+00 
 5.967258e+00 -1.111499e+00 
 5.967581e+00 -1.111498e+00 
 5.967904e+00 -1.111497e+00 
 5.968227e+00 -1.111495e+00 
 5.968550e+00 -1.111492e+00 
 5.968873e+00 -1.111489e+00 
 5.969196e+00 -1.111486e+00 
 5.969519e+00 -1.111482e+00 
 5.969842e+00 -1.111477e+00 
 5.970165e+00 -1.111471e+00 
 5.970487e+00 -1.111464e+00 
 5.970810e+00 -1.111456e+00 
 5.971133e+00 -1.111450e+00 
 5.971456e+00 -1.111442e+00 
 5.971779e+00 -1.111433e+00 
 5.972102e+00 -1.111425e+00 
 5.972425e+00 -1.111417e+00 
 5.972748e+00 -1.111410e+00 
 5.973071e+00 -1.111402e+00 
 5.973394e+00 -1.111395e+00 
 5.973717e+00 -1.111386e+00 
 5.974040e+00 -1.111379e+00 
 5.974363e+00 -1.111371e+00 
 5.974686e+00 -1.111363e+00 
 5.975009e+00 -1.111355e+00 
 5.975332e+00 -1.111347e+00 
 5.975655e+00 -1.111337e+00 
 5.975978e+00 -1.111329e+00 
 5.976301e+00 -1.111323e+00 
 5.976624e+00 -1.111316e+00 
 5.976947e+00 -1.111310e+00 
 5.977270e+00 -1.111304e+00 
 5.977593e+00 -1.111300e+00 
 5.977916e+00 -1.111296e+00 
 5.978239e+00 -1.111293e+00 
 5.978562e+00 -1.111289e+00 
 5.978885e+00 -1.111285e+00 
 5.979208e+00 -1.111281e+00 
 5.979531e+00 -1.111278e+00 
 5.979854e+00 -1.111275e+00 
 5.980177e+00 -1.111271e+00 
 5.980500e+00 -1.111268e+00 
 5.980823e+00 -1.111263e+00 
 5.981146e+00 -1.111260e+00 
 5.981469e+00 -1.111259e+00 
 5.981792e+00 -1.111259e+00 
 5.982115e+00 -1.111258e+00 
 5.982438e+00 -1.111257e+00 
 5.982761e+00 -1.111258e+00 
 5.983084e+00 -1.111258e+00 
 5.983407e+00 -1.111259e+00 
 5.983730e+00 -1.111259e+00 
 5.984053e+00 -1.111258e+00 
 5.984376e+00 -1.111258e+00 
 5.984699e+00 -1.111259e+00 
 5.985022e+00 -1.111260e+00 
 5.985345e+00 -1.111261e+00 
 5.985668e+00 -1.111261e+00 
 5.985991e+00 -1.111259e+00 
 5.986314e+00 -1.111260e+00 
 5.986637e+00 -1.111262e+00 
 5.986960e+00 -1.111264e+00 
 5.987283e+00 -1.111265e+00 
 5.987606e+00 -1.111266e+00 
 5.987929e+00 -1.111267e+00 
 5.988252e+00 -1.111268e+00 
 5.988575e+00 -1.111269e+00 
 5.988898e+00 -1.111269e+00 
 5.989221e+00 -1.111269e+00 
 5.989544e+00 -1.111268e+00 
 5.989867e+00 -1.111268e+00 
 5.990190e+00 -1.111268e+00 
 5.990513e+00 -1.111267e+00 
 5.990836e+00 -1.111264e+00 
 5.991159e+00 -1.111260e+00 
 5.991482e+00 -1.111257e+00 
 5.991805e+00 -1.111255e+00 
 5.992128e+00 -1.111252e+00 
 5.992451e+00 -1.111248e+00 
 5.992774e+00 -1.111243e+00 
 5.993097e+00 -1.111239e+00 
 5.993420e+00 -1.111234e+00 
 5.993743e+00 -1.111228e+00 
 5.994066e+00 -1.111221e+00 
 5.994389e+00 -1.111214e+00 
 5.994712e+00 -1.111206e+00 
 5.995035e+00 -1.111198e+00 
 5.995358e+00 -1.111190e+00 
 5.995681e+00 -1.111181e+00 
 5.996004e+00 -1.111169e+00 
 5.996327e+00 -1.111158e+00 
 5.996650e+00 -1.111147e+00 
 5.996973e+00 -1.111138e+00 
 5.997296e+00 -1.111130e+00 
 5.997619e+00 -1.111120e+00 
 5.997942e+00 -1.111112e+00 
 5.998265e+00 -1.111103e+00 
 5.998588e+00 -1.111095e+00 
 5.998911e+00 -1.111087e+00 
 5.999234e+00 -1.111079e+00 
 5.999557e+00 -1.111071e+00 
 5.999880e+00 -1.111063e+00 
 6.000203e+00 -1.111057e+00 
 6.000526e+00 -1.111051e+00 
 6.000849e+00 -1.111046e+00 
 6.001172e+00 -1.111039e+00 
 6.001495e+00 -1.111034e+00 
 6.001818e+00 -1.111031e+00 
 6.002141e+00 -1.111031e+00 
 6.002464e+00 -1.111030e+00 
 6.002787e+00 -1.111030e+00 
 6.003110e+00 -1.111030e+00 
 6.003433e+00 -1.111031e+00 
 6.003756e+00 -1.111032e+00 
 6.004079e+00 -1.111033e+00 
 6.004402e+00 -1.111034e+00 
 6.004725e+00 -1.111035e+00 
 6.005048e+00 -1.111036e+00 
 6.005371e+00 -1.111040e+00 
 6.005694e+00 -1.111045e+00 
 6.006016e+00 -1.111049e+00 
 6.006339e+00 -1.111052e+00 
 6.006662e+00 -1.111056e+00 
 6.006985e+00 -1.111062e+00 
 6.007308e+00 -1.111068e+00 
 6.007631e+00 -1.111074e+00 
 6.007954e+00 -1.111079e+00 
 6.008277e+00 -1.111083e+00 
 6.008600e+00 -1.111087e+00 
 6.008923e+00 -1.111091e+00 
 6.009246e+00 -1.111095e+00 
 6.009569e+00 -1.111098e+00 
 6.009892e+00 -1.111100e+00 
 6.010215e+00 -1.111103e+00 
 6.010538e+00 -1.111108e+00 
 6.010861e+00 -1.111114e+00 
 6.011184e+00 -1.111117e+00 
 6.011507e+00 -1.111119e+00 
 6.011830e+00 -1.111121e+00 
 6.012153e+00 -1.111123e+00 
 6.012476e+00 -1.111126e+00 
 6.012799e+00 -1.111127e+00 
 6.013122e+00 -1.111127e+00 
 6.013445e+00 -1.111127e+00 
 6.013768e+00 -1.111126e+00 
 6.014091e+00 -1.111126e+00 
 6.014414e+00 -1.111125e+00 
 6.014737e+00 -1.111123e+00 
 6.015060e+00 -1.111122e+00 
 6.015383e+00 -1.111120e+00 
 6.015706e+00 -1.111121e+00 
 6.016029e+00 -1.111122e+00 
 6.016352e+00 -1.111121e+00 
 6.016675e+00 -1.111118e+00 
 6.016998e+00 -1.111115e+00 
 6.017321e+00 -1.111113e+00 
 6.017644e+00 -1.111111e+00 
 6.017967e+00 -1.111109e+00 
 6.018290e+00 -1.111106e+00 
 6.018613e+00 -1.111103e+00 
 6.018936e+00 -1.111100e+00 
 6.019259e+00 -1.111098e+00 
 6.019582e+00 -1.111095e+00 
 6.019905e+00 -1.111093e+00 
 6.020228e+00 -1.111090e+00 
 6.020551e+00 -1.111087e+00 
 6.020874e+00 -1.111086e+00 
 6.021197e+00 -1.111086e+00 
 6.021520e+00 -1.111085e+00 
 6.021843e+00 -1.111082e+00 
 6.022166e+00 -1.111080e+00 
 6.022489e+00 -1.111079e+00 
 6.022812e+00 -1.111079e+00 
 6.023135e+00 -1.111079e+00 
 6.023458e+00 -1.111078e+00 
 6.023781e+00 -1.111077e+00 
 6.024104e+00 -1.111077e+00 
 6.024427e+00 -1.111077e+00 
 6.024750e+00 -1.111078e+00 
 6.025073e+00 -1.111079e+00 
 6.025396e+00 -1.111079e+00 
 6.025719e+00 -1.111080e+00 
 6.026042e+00 -1.111083e+00 
 6.026365e+00 -1.111087e+00 
 6.026688e+00 -1.111091e+00 
 6.027011e+00 -1.111094e+00 
 6.027334e+00 -1.111097e+00 
 6.027657e+00 -1.111101e+00 
 6.027980e+00 -1.111106e+00 
 6.028303e+00 -1.111110e+00 
 6.028626e+00 -1.111114e+00 
 6.028949e+00 -1.111118e+00 
 6.029272e+00 -1.111122e+00 
 6.029595e+00 -1.111127e+00 
 6.029918e+00 -1.111132e+00 
 6.030241e+00 -1.111136e+00 
 6.030564e+00 -1.111141e+00 
 6.030887e+00 -1.111145e+00 
 6.031210e+00 -1.111151e+00 
 6.031533e+00 -1.111158e+00 
 6.031856e+00 -1.111163e+00 
 6.032179e+00 -1.111166e+00 
 6.032502e+00 -1.111170e+00 
 6.032825e+00 -1.111173e+00 
 6.033148e+00 -1.111177e+00 
 6.033471e+00 -1.111180e+00 
 6.033794e+00 -1.111182e+00 
 6.034117e+00 -1.111183e+00 
 6.034440e+00 -1.111185e+00 
 6.034763e+00 -1.111187e+00 
 6.035086e+00 -1.111190e+00 
 6.035409e+00 -1.111192e+00 
 6.035732e+00 -1.111193e+00 
 6.036055e+00 -1.111194e+00 
 6.036378e+00 -1.111195e+00 
 6.036701e+00 -1.111197e+00 
 6.037024e+00 -1.111197e+00 
 6.037347e+00 -1.111195e+00 
 6.037670e+00 -1.111193e+00 
 6.037993e+00 -1.111192e+00 
 6.038316e+00 -1.111191e+00 
 6.038639e+00 -1.111190e+00 
 6.038962e+00 -1.111188e+00 
 6.039285e+00 -1.111186e+00 
 6.039608e+00 -1.111185e+00 
 6.039931e+00 -1.111185e+00 
 6.040254e+00 -1.111185e+00 
 6.040577e+00 -1.111183e+00 
 6.040900e+00 -1.111181e+00 
 6.041222e+00 -1.111178e+00 
 6.041545e+00 -1.111176e+00 
 6.041868e+00 -1.111174e+00 
 6.042191e+00 -1.111170e+00 
 6.042514e+00 -1.111166e+00 
 6.042837e+00 -1.111163e+00 
 6.043160e+00 -1.111161e+00 
 6.043483e+00 -1.111159e+00 
 6.043806e+00 -1.111158e+00 
 6.044129e+00 -1.111156e+00 
 6.044452e+00 -1.111154e+00 
 6.044775e+00 -1.111153e+00 
 6.045098e+00 -1.111153e+00 
 6.045421e+00 -1.111152e+00 
 6.045744e+00 -1.111151e+00 
 6.046067e+00 -1.111149e+00 
 6.046390e+00 -1.111146e+00 
 6.046713e+00 -1.111145e+00 
 6.047036e+00 -1.111144e+00 
 6.047359e+00 -1.111143e+00 
 6.047682e+00 -1.111141e+00 
 6.048005e+00 -1.111141e+00 
 6.048328e+00 -1.111141e+00 
 6.048651e+00 -1.111143e+00 
 6.048974e+00 -1.111144e+00 
 6.049297e+00 -1.111145e+00 
 6.049620e+00 -1.111147e+00 
 6.049943e+00 -1.111149e+00 
 6.050266e+00 -1.111151e+00 
 6.050589e+00 -1.111155e+00 
 6.050912e+00 -1.111158e+00 
 6.051235e+00 -1.111160e+00 
 6.051558e+00 -1.111163e+00 
 6.051881e+00 -1.111167e+00 
 6.052204e+00 -1.111171e+00 
 6.052527e+00 -1.111175e+00 
 6.052850e+00 -1.111179e+00 
 6.053173e+00 -1.111184e+00 
 6.053496e+00 -1.111189e+00 
 6.053819e+00 -1.111195e+00 
 6.054142e+00 -1.111201e+00 
 6.054465e+00 -1.111206e+00 
 6.054788e+00 -1.111210e+00 
 6.055111e+00 -1.111215e+00 
 6.055434e+00 -1.111221e+00 
 6.055757e+00 -1.111227e+00 
 6.056080e+00 -1.111233e+00 
 6.056403e+00 -1.111236e+00 
 6.056726e+00 -1.111240e+00 
 6.057049e+00 -1.111244e+00 
 6.057372e+00 -1.111247e+00 
 6.057695e+00 -1.111250e+00 
 6.058018e+00 -1.111252e+00 
 6.058341e+00 -1.111254e+00 
 6.058664e+00 -1.111256e+00 
 6.058987e+00 -1.111258e+00 
 6.059310e+00 -1.111259e+00 
 6.059633e+00 -1.111259e+00 
 6.059956e+00 -1.111258e+00 
 6.060279e+00 -1.111257e+00 
 6.060602e+00 -1.111257e+00 
 6.060925e+00 -1.111257e+00 
 6.061248e+00 -1.111256e+00 
 6.061571e+00 -1.111253e+00 
 6.061894e+00 -1.111249e+00 
 6.062217e+00 -1.111246e+00 
 6.062540e+00 -1.111243e+00 
 6.062863e+00 -1.111239e+00 
 6.063186e+00 -1.111235e+00 
 6.063509e+00 -1.111231e+00 
 6.063832e+00 -1.111227e+00 
 6.064155e+00 -1.111224e+00 
 6.064478e+00 -1.111221e+00 
 6.064801e+00 -1.111217e+00 
 6.065124e+00 -1.111213e+00 
 6.065447e+00 -1.111209e+00 
 6.065770e+00 -1.111205e+00 
 6.066093e+00 -1.111203e+00 
 6.066416e+00 -1.111200e+00 
 6.066739e+00 -1.111196e+00 
 6.067062e+00 -1.111193e+00 
 6.067385e+00 -1.111191e+00 
 6.067708e+00 -1.111190e+00 
 6.068031e+00 -1.111189e+00 
 6.068354e+00 -1.111188e+00 
 6.068677e+00 -1.111188e+00 
 6.069000e+00 -1.111189e+00 
 6.069323e+00 -1.111190e+00 
 6.069646e+00 -1.111191e+00 
 6.069969e+00 -1.111192e+00 
 6.070292e+00 -1.111193e+00 
 6.070615e+00 -1.111193e+00 
 6.070938e+00 -1.111193e+00 
 6.071261e+00 -1.111196e+00 
 6.071584e+00 -1.111198e+00 
 6.071907e+00 -1.111200e+00 
 6.072230e+00 -1.111203e+00 
 6.072553e+00 -1.111207e+00 
 6.072876e+00 -1.111211e+00 
 6.073199e+00 -1.111215e+00 
 6.073522e+00 -1.111218e+00 
 6.073845e+00 -1.111222e+00 
 6.074168e+00 -1.111226e+00 
 6.074491e+00 -1.111231e+00 
 6.074814e+00 -1.111235e+00 
 6.075137e+00 -1.111238e+00 
 6.075460e+00 -1.111241e+00 
 6.075783e+00 -1.111242e+00 
 6.076106e+00 -1.111244e+00 
 6.076429e+00 -1.111249e+00 
 6.076751e+00 -1.111253e+00 
 6.077074e+00 -1.111257e+00 
 6.077397e+00 -1.111261e+00 
 6.077720e+00 -1.111266e+00 
 6.078043e+00 -1.111270e+00 
 6.078366e+00 -1.111274e+00 
 6.078689e+00 -1.111278e+00 
 6.079012e+00 -1.111282e+00 
 6.079335e+00 -1.111286e+00 
 6.079658e+00 -1.111290e+00 
 6.079981e+00 -1.111294e+00 
 6.080304e+00 -1.111298e+00 
 6.080627e+00 -1.111301e+00 
 6.080950e+00 -1.111303e+00 
 6.081273e+00 -1.111306e+00 
 6.081596e+00 -1.111311e+00 
 6.081919e+00 -1.111315e+00 
 6.082242e+00 -1.111318e+00 
 6.082565e+00 -1.111322e+00 
 6.082888e+00 -1.111325e+00 
 6.083211e+00 -1.111329e+00 
 6.083534e+00 -1.111332e+00 
 6.083857e+00 -1.111335e+00 
 6.084180e+00 -1.111338e+00 
 6.084503e+00 -1.111341e+00 
 6.084826e+00 -1.111344e+00 
 6.085149e+00 -1.111347e+00 
 6.085472e+00 -1.111351e+00 
 6.085795e+00 -1.111354e+00 
 6.086118e+00 -1.111355e+00 
 6.086441e+00 -1.111358e+00 
 6.086764e+00 -1.111362e+00 
 6.087087e+00 -1.111365e+00 
 6.087410e+00 -1.111368e+00 
 6.087733e+00 -1.111372e+00 
 6.088056e+00 -1.111376e+00 
 6.088379e+00 -1.111380e+00 
 6.088702e+00 -1.111384e+00 
 6.089025e+00 -1.111388e+00 
 6.089348e+00 -1.111392e+00 
 6.089671e+00 -1.111397e+00 
 6.089994e+00 -1.111402e+00 
 6.090317e+00 -1.111408e+00 
 6.090640e+00 -1.111415e+00 
 6.090963e+00 -1.111421e+00 
 6.091286e+00 -1.111425e+00 
 6.091609e+00 -1.111431e+00 
 6.091932e+00 -1.111438e+00 
 6.092255e+00 -1.111442e+00 
 6.092578e+00 -1.111443e+00 
 6.092901e+00 -1.111437e+00 
 6.093224e+00 -1.111432e+00 
 6.093547e+00 -1.111426e+00 
 6.093870e+00 -1.111421e+00 
 6.094193e+00 -1.111414e+00 
 6.094516e+00 -1.111408e+00 
 6.094839e+00 -1.111402e+00 
 6.095162e+00 -1.111397e+00 
 6.095485e+00 -1.111393e+00 
 6.095808e+00 -1.111391e+00 
 6.096131e+00 -1.111388e+00 
 6.096454e+00 -1.111385e+00 
 6.096777e+00 -1.111383e+00 
 6.097100e+00 -1.111383e+00 
 6.097423e+00 -1.111384e+00 
 6.097746e+00 -1.111384e+00 
 6.098069e+00 -1.111384e+00 
 6.098392e+00 -1.111385e+00 
 6.098715e+00 -1.111386e+00 
 6.099038e+00 -1.111387e+00 
 6.099361e+00 -1.111389e+00 
 6.099684e+00 -1.111392e+00 
 6.100007e+00 -1.111397e+00 
 6.100330e+00 -1.111402e+00 
 6.100653e+00 -1.111409e+00 
 6.100976e+00 -1.111418e+00 
 6.101299e+00 -1.111427e+00 
 6.101622e+00 -1.111434e+00 
 6.101945e+00 -1.111442e+00 
 6.102268e+00 -1.111450e+00 
 6.102591e+00 -1.111458e+00 
 6.102914e+00 -1.111466e+00 
 6.103237e+00 -1.111474e+00 
 6.103560e+00 -1.111482e+00 
 6.103883e+00 -1.111490e+00 
 6.104206e+00 -1.111499e+00 
 6.104529e+00 -1.111507e+00 
 6.104852e+00 -1.111516e+00 
 6.105175e+00 -1.111523e+00 
 6.105498e+00 -1.111531e+00 
 6.105821e+00 -1.111539e+00 
 6.106144e+00 -1.111548e+00 
 6.106467e+00 -1.111556e+00 
 6.106790e+00 -1.111562e+00 
 6.107113e+00 -1.111568e+00 
 6.107436e+00 -1.111575e+00 
 6.107759e+00 -1.111580e+00 
 6.108082e+00 -1.111585e+00 
 6.108405e+00 -1.111590e+00 
 6.108728e+00 -1.111595e+00 
 6.109051e+00 -1.111599e+00 
 6.109374e+00 -1.111602e+00 
 6.109697e+00 -1.111605e+00 
 6.110020e+00 -1.111607e+00 
 6.110343e+00 -1.111609e+00 
 6.110666e+00 -1.111611e+00 
 6.110989e+00 -1.111614e+00 
 6.111312e+00 -1.111618e+00 
 6.111635e+00 -1.111620e+00 
 6.111958e+00 -1.111621e+00 
 6.112280e+00 -1.111622e+00 
 6.112603e+00 -1.111624e+00 
 6.112926e+00 -1.111625e+00 
 6.113249e+00 -1.111626e+00 
 6.113572e+00 -1.111626e+00 
 6.113895e+00 -1.111626e+00 
 6.114218e+00 -1.111626e+00 
 6.114541e+00 -1.111626e+00 
 6.114864e+00 -1.111626e+00 
 6.115187e+00 -1.111626e+00 
 6.115510e+00 -1.111626e+00 
 6.115833e+00 -1.111627e+00 
 6.116156e+00 -1.111629e+00 
 6.116479e+00 -1.111631e+00 
 6.116802e+00 -1.111632e+00 
 6.117125e+00 -1.111631e+00 
 6.117448e+00 -1.111630e+00 
 6.117771e+00 -1.111629e+00 
 6.118094e+00 -1.111627e+00 
 6.118417e+00 -1.111624e+00 
 6.118740e+00 -1.111623e+00 
 6.119063e+00 -1.111622e+00 
 6.119386e+00 -1.111622e+00 
 6.119709e+00 -1.111623e+00 
 6.120032e+00 -1.111625e+00 
 6.120355e+00 -1.111627e+00 
 6.120678e+00 -1.111628e+00 
 6.121001e+00 -1.111630e+00 
 6.121324e+00 -1.111634e+00 
 6.121647e+00 -1.111636e+00 
 6.121970e+00 -1.111638e+00 
 6.122293e+00 -1.111639e+00 
 6.122616e+00 -1.111640e+00 
 6.122939e+00 -1.111642e+00 
 6.123262e+00 -1.111644e+00 
 6.123585e+00 -1.111647e+00 
 6.123908e+00 -1.111651e+00 
 6.124231e+00 -1.111656e+00 
 6.124554e+00 -1.111662e+00 
 6.124877e+00 -1.111669e+00 
 6.125200e+00 -1.111676e+00 
 6.125523e+00 -1.111681e+00 
 6.125846e+00 -1.111684e+00 
 6.126169e+00 -1.111689e+00 
 6.126492e+00 -1.111695e+00 
 6.126815e+00 -1.111701e+00 
 6.127138e+00 -1.111706e+00 
 6.127461e+00 -1.111711e+00 
 6.127784e+00 -1.111716e+00 
 6.128107e+00 -1.111721e+00 
 6.128430e+00 -1.111728e+00 
 6.128753e+00 -1.111735e+00 
 6.129076e+00 -1.111742e+00 
 6.129399e+00 -1.111749e+00 
 6.129722e+00 -1.111755e+00 
 6.130045e+00 -1.111762e+00 
 6.130368e+00 -1.111768e+00 
 6.130691e+00 -1.111771e+00 
 6.131014e+00 -1.111774e+00 
 6.131337e+00 -1.111779e+00 
 6.131660e+00 -1.111786e+00 
 6.131983e+00 -1.111793e+00 
 6.132306e+00 -1.111799e+00 
 6.132629e+00 -1.111805e+00 
 6.132952e+00 -1.111812e+00 
 6.133275e+00 -1.111818e+00 
 6.133598e+00 -1.111825e+00 
 6.133921e+00 -1.111831e+00 
 6.134244e+00 -1.111835e+00 
 6.134567e+00 -1.111839e+00 
 6.134890e+00 -1.111842e+00 
 6.135213e+00 -1.111845e+00 
 6.135536e+00 -1.111849e+00 
 6.135859e+00 -1.111852e+00 
 6.136182e+00 -1.111853e+00 
 6.136505e+00 -1.111856e+00 
 6.136828e+00 -1.111859e+00 
 6.137151e+00 -1.111862e+00 
 6.137474e+00 -1.111864e+00 
 6.137797e+00 -1.111865e+00 
 6.138120e+00 -1.111865e+00 
 6.138443e+00 -1.111866e+00 
 6.138766e+00 -1.111866e+00 
 6.139089e+00 -1.111865e+00 
 6.139412e+00 -1.111864e+00 
 6.139735e+00 -1.111863e+00 
 6.140058e+00 -1.111864e+00 
 6.140381e+00 -1.111865e+00 
 6.140704e+00 -1.111868e+00 
 6.141027e+00 -1.111868e+00 
 6.141350e+00 -1.111867e+00 
 6.141673e+00 -1.111867e+00 
 6.141996e+00 -1.111868e+00 
 6.142319e+00 -1.111868e+00 
 6.142642e+00 -1.111867e+00 
 6.142965e+00 -1.111865e+00 
 6.143288e+00 -1.111862e+00 
 6.143611e+00 -1.111861e+00 
 6.143934e+00 -1.111861e+00 
 6.144257e+00 -1.111861e+00 
 6.144580e+00 -1.111862e+00 
 6.144903e+00 -1.111865e+00 
 6.145226e+00 -1.111868e+00 
 6.145549e+00 -1.111872e+00 
 6.145872e+00 -1.111877e+00 
 6.146195e+00 -1.111880e+00 
 6.146518e+00 -1.111881e+00 
 6.146841e+00 -1.111882e+00 
 6.147164e+00 -1.111885e+00 
 6.147486e+00 -1.111887e+00 
 6.147809e+00 -1.111890e+00 
 6.148132e+00 -1.111893e+00 
 6.148455e+00 -1.111898e+00 
 6.148778e+00 -1.111904e+00 
 6.149101e+00 -1.111913e+00 
 6.149424e+00 -1.111922e+00 
 6.149747e+00 -1.111930e+00 
 6.150070e+00 -1.111939e+00 
 6.150393e+00 -1.111946e+00 
 6.150716e+00 -1.111952e+00 
 6.151039e+00 -1.111960e+00 
 6.151362e+00 -1.111966e+00 
 6.151685e+00 -1.111970e+00 
 6.152008e+00 -1.111976e+00 
 6.152331e+00 -1.111983e+00 
 6.152654e+00 -1.111991e+00 
 6.152977e+00 -1.111999e+00 
 6.153300e+00 -1.112007e+00 
 6.153623e+00 -1.112016e+00 
 6.153946e+00 -1.112025e+00 
 6.154269e+00 -1.112033e+00 
 6.154592e+00 -1.112040e+00 
 6.154915e+00 -1.112045e+00 
 6.155238e+00 -1.112048e+00 
 6.155561e+00 -1.112049e+00 
 6.155884e+00 -1.112049e+00 
 6.156207e+00 -1.112051e+00 
 6.156530e+00 -1.112053e+00 
 6.156853e+00 -1.112055e+00 
 6.157176e+00 -1.112058e+00 
 6.157499e+00 -1.112062e+00 
 6.157822e+00 -1.112066e+00 
 6.158145e+00 -1.112069e+00 
 6.158468e+00 -1.112072e+00 
 6.158791e+00 -1.112072e+00 
 6.159114e+00 -1.112071e+00 
 6.159437e+00 -1.112070e+00 
 6.159760e+00 -1.112066e+00 
 6.160083e+00 -1.112061e+00 
 6.160406e+00 -1.112057e+00 
 6.160729e+00 -1.112052e+00 
 6.161052e+00 -1.112048e+00 
 6.161375e+00 -1.112045e+00 
 6.161698e+00 -1.112043e+00 
 6.162021e+00 -1.112040e+00 
 6.162344e+00 -1.112038e+00 
 6.162667e+00 -1.112035e+00 
 6.162990e+00 -1.112031e+00 
 6.163313e+00 -1.112026e+00 
 6.163636e+00 -1.112021e+00 
 6.163959e+00 -1.112014e+00 
 6.164282e+00 -1.112008e+00 
 6.164605e+00 -1.112003e+00 
 6.164928e+00 -1.111999e+00 
 6.165251e+00 -1.111996e+00 
 6.165574e+00 -1.111994e+00 
 6.165897e+00 -1.111993e+00 
 6.166220e+00 -1.111990e+00 
 6.166543e+00 -1.111989e+00 
 6.166866e+00 -1.111988e+00 
 6.167189e+00 -1.111984e+00 
 6.167512e+00 -1.111981e+00 
 6.167835e+00 -1.111979e+00 
 6.168158e+00 -1.111976e+00 
 6.168481e+00 -1.111972e+00 
 6.168804e+00 -1.111969e+00 
 6.169127e+00 -1.111966e+00 
 6.169450e+00 -1.111965e+00 
 6.169773e+00 -1.111966e+00 
 6.170096e+00 -1.111968e+00 
 6.170419e+00 -1.111969e+00 
 6.170742e+00 -1.111971e+00 
 6.171065e+00 -1.111972e+00 
 6.171388e+00 -1.111972e+00 
 6.171711e+00 -1.111972e+00 
 6.172034e+00 -1.111972e+00 
 6.172357e+00 -1.111971e+00 
 6.172680e+00 -1.111971e+00 
 6.173003e+00 -1.111973e+00 
 6.173326e+00 -1.111975e+00 
 6.173649e+00 -1.111978e+00 
 6.173972e+00 -1.111982e+00 
 6.174295e+00 -1.111987e+00 
 6.174618e+00 -1.111992e+00 
 6.174941e+00 -1.111998e+00 
 6.175264e+00 -1.112002e+00 
 6.175587e+00 -1.112005e+00 
 6.175910e+00 -1.112009e+00 
 6.176233e+00 -1.112011e+00 
 6.176556e+00 -1.112014e+00 
 6.176879e+00 -1.112016e+00 
 6.177202e+00 -1.112020e+00 
 6.177525e+00 -1.112024e+00 
 6.177848e+00 -1.112028e+00 
 6.178171e+00 -1.112034e+00 
 6.178494e+00 -1.112039e+00 
 6.178817e+00 -1.112043e+00 
 6.179140e+00 -1.112047e+00 
 6.179463e+00 -1.112050e+00 
 6.179786e+00 -1.112052e+00 
 6.180109e+00 -1.112052e+00 
 6.180432e+00 -1.112052e+00 
 6.180755e+00 -1.112052e+00 
 6.181078e+00 -1.112052e+00 
 6.181401e+00 -1.112054e+00 
 6.181724e+00 -1.112055e+00 
 6.182047e+00 -1.112058e+00 
 6.182370e+00 -1.112061e+00 
 6.182693e+00 -1.112064e+00 
 6.183015e+00 -1.112066e+00 
 6.183338e+00 -1.112069e+00 
 6.183661e+00 -1.112070e+00 
 6.183984e+00 -1.112070e+00 
 6.184307e+00 -1.112068e+00 
 6.184630e+00 -1.112066e+00 
 6.184953e+00 -1.112063e+00 
 6.185276e+00 -1.112061e+00 
 6.185599e+00 -1.112060e+00 
 6.185922e+00 -1.112060e+00 
 6.186245e+00 -1.112061e+00 
 6.186568e+00 -1.112064e+00 
 6.186891e+00 -1.112066e+00 
 6.187214e+00 -1.112067e+00 
 6.187537e+00 -1.112069e+00 
 6.187860e+00 -1.112069e+00 
 6.188183e+00 -1.112069e+00 
 6.188506e+00 -1.112068e+00 
 6.188829e+00 -1.112066e+00 
 6.189152e+00 -1.112064e+00 
 6.189475e+00 -1.112062e+00 
 6.189798e+00 -1.112060e+00 
 6.190121e+00 -1.112060e+00 
 6.190444e+00 -1.112061e+00 
 6.190767e+00 -1.112064e+00 
 6.191090e+00 -1.112066e+00 
 6.191413e+00 -1.112069e+00 
 6.191736e+00 -1.112071e+00 
 6.192059e+00 -1.112073e+00 
 6.192382e+00 -1.112074e+00 
 6.192705e+00 -1.112075e+00 
 6.193028e+00 -1.112075e+00 
 6.193351e+00 -1.112076e+00 
 6.193674e+00 -1.112078e+00 
 6.193997e+00 -1.112080e+00 
 6.194320e+00 -1.112083e+00 
 6.194643e+00 -1.112088e+00 
 6.194966e+00 -1.112094e+00 
 6.195289e+00 -1.112100e+00 
 6.195612e+00 -1.112107e+00 
 6.195935e+00 -1.112114e+00 
 6.196258e+00 -1.112120e+00 
 6.196581e+00 -1.112125e+00 
 6.196904e+00 -1.112131e+00 
 6.197227e+00 -1.112136e+00 
 6.197550e+00 -1.112142e+00 
 6.197873e+00 -1.112149e+00 
 6.198196e+00 -1.112156e+00 
 6.198519e+00 -1.112163e+00 
 6.198842e+00 -1.112173e+00 
 6.199165e+00 -1.112184e+00 
 6.199488e+00 -1.112194e+00 
 6.199811e+00 -1.112206e+00 
 6.200134e+00 -1.112217e+00 
 6.200457e+00 -1.112228e+00 
 6.200780e+00 -1.112240e+00 
 6.201103e+00 -1.112251e+00 
 6.201426e+00 -1.112262e+00 
 6.201749e+00 -1.112273e+00 
 6.202072e+00 -1.112285e+00 
 6.202395e+00 -1.112297e+00 
 6.202718e+00 -1.112309e+00 
 6.203041e+00 -1.112321e+00 
 6.203364e+00 -1.112334e+00 
 6.203687e+00 -1.112346e+00 
 6.204010e+00 -1.112358e+00 
 6.204333e+00 -1.112370e+00 
 6.204656e+00 -1.112381e+00 
 6.204979e+00 -1.112391e+00 
 6.205302e+00 -1.112400e+00 
 6.205625e+00 -1.112408e+00 
 6.205948e+00 -1.112418e+00 
 6.206271e+00 -1.112428e+00 
 6.206594e+00 -1.112436e+00 
 6.206917e+00 -1.112445e+00 
 6.207240e+00 -1.112453e+00 
 6.207563e+00 -1.112460e+00 
 6.207886e+00 -1.112466e+00 
 6.208209e+00 -1.112471e+00 
 6.208532e+00 -1.112475e+00 
 6.208855e+00 -1.112477e+00 
 6.209178e+00 -1.112479e+00 
 6.209501e+00 -1.112480e+00 
 6.209824e+00 -1.112480e+00 
 6.210147e+00 -1.112479e+00 
 6.210470e+00 -1.112478e+00 
 6.210793e+00 -1.112476e+00 
 6.211116e+00 -1.112475e+00 
 6.211439e+00 -1.112475e+00 
 6.211762e+00 -1.112473e+00 
 6.212085e+00 -1.112470e+00 
 6.212408e+00 -1.112466e+00 
 6.212731e+00 -1.112460e+00 
 6.213054e+00 -1.112454e+00 
 6.213377e+00 -1.112447e+00 
 6.213700e+00 -1.112440e+00 
 6.214023e+00 -1.112432e+00 
 6.214346e+00 -1.112425e+00 
 6.214669e+00 -1.112418e+00 
 6.214992e+00 -1.112411e+00 
 6.215315e+00 -1.112405e+00 
 6.215638e+00 -1.112399e+00 
 6.215961e+00 -1.112392e+00 
 6.216284e+00 -1.112386e+00 
 6.216607e+00 -1.112380e+00 
 6.216930e+00 -1.112373e+00 
 6.217253e+00 -1.112365e+00 
 6.217576e+00 -1.112358e+00 
 6.217899e+00 -1.112351e+00 
 6.218221e+00 -1.112344e+00 
 6.218544e+00 -1.112338e+00 
 6.218867e+00 -1.112334e+00 
 6.219190e+00 -1.112329e+00 
 6.219513e+00 -1.112326e+00 
 6.219836e+00 -1.112324e+00 
 6.220159e+00 -1.112323e+00 
 6.220482e+00 -1.112321e+00 
 6.220805e+00 -1.112319e+00 
 6.221128e+00 -1.112317e+00 
 6.221451e+00 -1.112315e+00 
 6.221774e+00 -1.112314e+00 
 6.222097e+00 -1.112312e+00 
 6.222420e+00 -1.112310e+00 
 6.222743e+00 -1.112310e+00 
 6.223066e+00 -1.112311e+00 
 6.223389e+00 -1.112312e+00 
 6.223712e+00 -1.112313e+00 
 6.224035e+00 -1.112316e+00 
 6.224358e+00 -1.112319e+00 
 6.224681e+00 -1.112322e+00 
 6.225004e+00 -1.112326e+00 
 6.225327e+00 -1.112330e+00 
 6.225650e+00 -1.112334e+00 
 6.225973e+00 -1.112337e+00 
 6.226296e+00 -1.112339e+00 
 6.226619e+00 -1.112343e+00 
 6.226942e+00 -1.112347e+00 
 6.227265e+00 -1.112352e+00 
 6.227588e+00 -1.112356e+00 
 6.227911e+00 -1.112361e+00 
 6.228234e+00 -1.112367e+00 
 6.228557e+00 -1.112372e+00 
 6.228880e+00 -1.112377e+00 
 6.229203e+00 -1.112383e+00 
 6.229526e+00 -1.112388e+00 
 6.229849e+00 -1.112392e+00 
 6.230172e+00 -1.112397e+00 
 6.230495e+00 -1.112400e+00 
 6.230818e+00 -1.112402e+00 
 6.231141e+00 -1.112404e+00 
 6.231464e+00 -1.112405e+00 
 6.231787e+00 -1.112407e+00 
 6.232110e+00 -1.112409e+00 
 6.232433e+00 -1.112410e+00 
 6.232756e+00 -1.112410e+00 
 6.233079e+00 -1.112409e+00 
 6.233402e+00 -1.112408e+00 
 6.233725e+00 -1.112406e+00 
 6.234048e+00 -1.112404e+00 
 6.234371e+00 -1.112401e+00 
 6.234694e+00 -1.112397e+00 
 6.235017e+00 -1.112392e+00 
 6.235340e+00 -1.112388e+00 
 6.235663e+00 -1.112380e+00 
 6.235986e+00 -1.112372e+00 
 6.236309e+00 -1.112364e+00 
 6.236632e+00 -1.112356e+00 
 6.236955e+00 -1.112348e+00 
 6.237278e+00 -1.112340e+00 
 6.237601e+00 -1.112332e+00 
 6.237924e+00 -1.112322e+00 
 6.238247e+00 -1.112313e+00 
 6.238570e+00 -1.112304e+00 
 6.238893e+00 -1.112293e+00 
 6.239216e+00 -1.112283e+00 
 6.239539e+00 -1.112272e+00 
 6.239862e+00 -1.112260e+00 
 6.240185e+00 -1.112248e+00 
 6.240508e+00 -1.112236e+00 
 6.240831e+00 -1.112223e+00 
 6.241154e+00 -1.112209e+00 
 6.241477e+00 -1.112195e+00 
 6.241800e+00 -1.112183e+00 
 6.242123e+00 -1.112171e+00 
 6.242446e+00 -1.112160e+00 
 6.242769e+00 -1.112150e+00 
 6.243092e+00 -1.112139e+00 
 6.243415e+00 -1.112130e+00 
 6.243738e+00 -1.112121e+00 
 6.244061e+00 -1.112111e+00 
 6.244384e+00 -1.112103e+00 
 6.244707e+00 -1.112094e+00 
 6.245030e+00 -1.112087e+00 
 6.245353e+00 -1.112081e+00 
 6.245676e+00 -1.112076e+00 
 6.245999e+00 -1.112071e+00 
 6.246322e+00 -1.112065e+00 
 6.246645e+00 -1.112062e+00 
 6.246968e+00 -1.112059e+00 
 6.247291e+00 -1.112058e+00 
 6.247614e+00 -1.112058e+00 
 6.247937e+00 -1.112059e+00 
 6.248260e+00 -1.112061e+00 
 6.248583e+00 -1.112063e+00 
 6.248906e+00 -1.112066e+00 
 6.249229e+00 -1.112070e+00 
 6.249552e+00 -1.112075e+00 
 6.249875e+00 -1.112081e+00 
 6.250198e+00 -1.112088e+00 
 6.250521e+00 -1.112096e+00 
 6.250844e+00 -1.112107e+00 
 6.251167e+00 -1.112117e+00 
 6.251490e+00 -1.112125e+00 
 6.251813e+00 -1.112135e+00 
 6.252136e+00 -1.112146e+00 
 6.252459e+00 -1.112157e+00 
 6.252782e+00 -1.112169e+00 
 6.253105e+00 -1.112181e+00 
 6.253428e+00 -1.112192e+00 
 6.253750e+00 -1.112204e+00 
 6.254073e+00 -1.112218e+00 
 6.254396e+00 -1.112231e+00 
 6.254719e+00 -1.112244e+00 
 6.255042e+00 -1.112257e+00 
 6.255365e+00 -1.112269e+00 
 6.255688e+00 -1.112282e+00 
 6.256011e+00 -1.112296e+00 
 6.256334e+00 -1.112307e+00 
 6.256657e+00 -1.112316e+00 
 6.256980e+00 -1.112326e+00 
 6.257303e+00 -1.112335e+00 
 6.257626e+00 -1.112344e+00 
 6.257949e+00 -1.112353e+00 
 6.258272e+00 -1.112361e+00 
 6.258595e+00 -1.112368e+00 
 6.258918e+00 -1.112374e+00 
 6.259241e+00 -1.112380e+00 
 6.259564e+00 -1.112385e+00 
 6.259887e+00 -1.112388e+00 
 6.260210e+00 -1.112389e+00 
 6.260533e+00 -1.112388e+00 
 6.260856e+00 -1.112388e+00 
 6.261179e+00 -1.112388e+00 
 6.261502e+00 -1.112387e+00 
 6.261825e+00 -1.112384e+00 
 6.262148e+00 -1.112381e+00 
 6.262471e+00 -1.112378e+00 
 6.262794e+00 -1.112374e+00 
 6.263117e+00 -1.112370e+00 
 6.263440e+00 -1.112364e+00 
 6.263763e+00 -1.112357e+00 
 6.264086e+00 -1.112350e+00 
 6.264409e+00 -1.112341e+00 
 6.264732e+00 -1.112332e+00 
 6.265055e+00 -1.112321e+00 
 6.265378e+00 -1.112310e+00 
 6.265701e+00 -1.112298e+00 
 6.266024e+00 -1.112289e+00 
 6.266347e+00 -1.112282e+00 
 6.266670e+00 -1.112275e+00 
 6.266993e+00 -1.112268e+00 
 6.267316e+00 -1.112262e+00 
 6.267639e+00 -1.112258e+00 
 6.267962e+00 -1.112254e+00 
 6.268285e+00 -1.112251e+00 
 6.268608e+00 -1.112248e+00 
 6.268931e+00 -1.112244e+00 
 6.269254e+00 -1.112241e+00 
 6.269577e+00 -1.112240e+00 
 6.269900e+00 -1.112240e+00 
 6.270223e+00 -1.112240e+00 
 6.270546e+00 -1.112240e+00 
 6.270869e+00 -1.112242e+00 
 6.271192e+00 -1.112245e+00 
 6.271515e+00 -1.112250e+00 
 6.271838e+00 -1.112254e+00 
 6.272161e+00 -1.112258e+00 
 6.272484e+00 -1.112262e+00 
 6.272807e+00 -1.112266e+00 
 6.273130e+00 -1.112271e+00 
 6.273453e+00 -1.112276e+00 
 6.273776e+00 -1.112281e+00 
 6.274099e+00 -1.112287e+00 
 6.274422e+00 -1.112295e+00 
 6.274745e+00 -1.112304e+00 
 6.275068e+00 -1.112316e+00 
 6.275391e+00 -1.112328e+00 
 6.275714e+00 -1.112342e+00 
 6.276037e+00 -1.112357e+00 
 6.276360e+00 -1.112371e+00 
 6.276683e+00 -1.112385e+00 
 6.277006e+00 -1.112398e+00 
 6.277329e+00 -1.112410e+00 
 6.277652e+00 -1.112422e+00 
 6.277975e+00 -1.112434e+00 
 6.278298e+00 -1.112447e+00 
 6.278621e+00 -1.112460e+00 
 6.278944e+00 -1.112474e+00 
 6.279267e+00 -1.112489e+00 
 6.279590e+00 -1.112505e+00 
 6.279913e+00 -1.112521e+00 
 6.280236e+00 -1.112537e+00 
 6.280559e+00 -1.112553e+00 
 6.280882e+00 -1.112569e+00 
 6.281205e+00 -1.112583e+00 
 6.281528e+00 -1.112596e+00 
 6.281851e+00 -1.112608e+00 
 6.282174e+00 -1.112618e+00 
 6.282497e+00 -1.112627e+00 
 6.282820e+00 -1.112636e+00 
 6.283143e+00 -1.112645e+00 
 6.283466e+00 -1.112653e+00 
 6.283789e+00 -1.112662e+00 
 6.284112e+00 -1.112670e+00 
 6.284435e+00 -1.112675e+00 
 6.284758e+00 -1.112679e+00 
 6.285081e+00 -1.112680e+00 
 6.285404e+00 -1.112678e+00 
 6.285727e+00 -1.112673e+00 
 6.286050e+00 -1.112667e+00 
 6.286373e+00 -1.112660e+00 
 6.286696e+00 -1.112650e+00 
 6.287019e+00 -1.112639e+00 
 6.287342e+00 -1.112626e+00 
 6.287665e+00 -1.112611e+00 
 6.287988e+00 -1.112596e+00 
 6.288311e+00 -1.112580e+00 
 6.288634e+00 -1.112564e+00 
 6.288956e+00 -1.112547e+00 
 6.289279e+00 -1.112528e+00 
 6.289602e+00 -1.112508e+00 
 6.289925e+00 -1.112486e+00 
 6.290248e+00 -1.112465e+00 
 6.290571e+00 -1.112442e+00 
 6.290894e+00 -1.112419e+00 
 6.291217e+00 -1.112399e+00 
 6.291540e+00 -1.112381e+00 
 6.291863e+00 -1.112363e+00 
 6.292186e+00 -1.112346e+00 
 6.292509e+00 -1.112330e+00 
 6.292832e+00 -1.112313e+00 
 6.293155e+00 -1.112297e+00 
 6.293478e+00 -1.112283e+00 
 6.293801e+00 -1.112270e+00 
 6.294124e+00 -1.112255e+00 
 6.294447e+00 -1.112242e+00 
 6.294770e+00 -1.112229e+00 
 6.295093e+00 -1.112218e+00 
 6.295416e+00 -1.112209e+00 
 6.295739e+00 -1.112200e+00 
 6.296062e+00 -1.112192e+00 
 6.296385e+00 -1.112188e+00 
 6.296708e+00 -1.112185e+00 
 6.297031e+00 -1.112183e+00 
 6.297354e+00 -1.112181e+00 
 6.297677e+00 -1.112180e+00 
 6.298000e+00 -1.112179e+00 
 6.298323e+00 -1.112178e+00 
 6.298646e+00 -1.112179e+00 
 6.298969e+00 -1.112181e+00 
 6.299292e+00 -1.112183e+00 
 6.299615e+00 -1.112187e+00 
 6.299938e+00 -1.112193e+00 
 6.300261e+00 -1.112200e+00 
 6.300584e+00 -1.112208e+00 
 6.300907e+00 -1.112215e+00 
 6.301230e+00 -1.112221e+00 
 6.301553e+00 -1.112228e+00 
 6.301876e+00 -1.112236e+00 
 6.302199e+00 -1.112242e+00 
 6.302522e+00 -1.112247e+00 
 6.302845e+00 -1.112252e+00 
 6.303168e+00 -1.112257e+00 
 6.303491e+00 -1.112262e+00 
 6.303814e+00 -1.112268e+00 
 6.304137e+00 -1.112274e+00 
 6.304460e+00 -1.112280e+00 
 6.304783e+00 -1.112286e+00 
 6.305106e+00 -1.112293e+00 
 6.305429e+00 -1.112298e+00 
 6.305752e+00 -1.112302e+00 
 6.306075e+00 -1.112302e+00 
 6.306398e+00 -1.112300e+00 
 6.306721e+00 -1.112298e+00 
 6.307044e+00 -1.112295e+00 
 6.307367e+00 -1.112291e+00 
 6.307690e+00 -1.112286e+00 
 6.308013e+00 -1.112281e+00 
 6.308336e+00 -1.112274e+00 
 6.308659e+00 -1.112268e+00 
 6.308982e+00 -1.112262e+00 
 6.309305e+00 -1.112254e+00 
 6.309628e+00 -1.112245e+00 
 6.309951e+00 -1.112235e+00 
 6.310274e+00 -1.112223e+00 
 6.310597e+00 -1.112208e+00 
 6.310920e+00 -1.112192e+00 
 6.311243e+00 -1.112174e+00 
 6.311566e+00 -1.112155e+00 
 6.311889e+00 -1.112137e+00 
 6.312212e+00 -1.112119e+00 
 6.312535e+00 -1.112101e+00 
 6.312858e+00 -1.112083e+00 
 6.313181e+00 -1.112065e+00 
 6.313504e+00 -1.112046e+00 
 6.313827e+00 -1.112027e+00 
 6.314150e+00 -1.112009e+00 
 6.314473e+00 -1.111990e+00 
 6.314796e+00 -1.111970e+00 
 6.315119e+00 -1.111950e+00 
 6.315442e+00 -1.111931e+00 
 6.315765e+00 -1.111911e+00 
 6.316088e+00 -1.111892e+00 
 6.316411e+00 -1.111875e+00 
 6.316734e+00 -1.111859e+00 
 6.317057e+00 -1.111846e+00 
 6.317380e+00 -1.111835e+00 
 6.317703e+00 -1.111825e+00 
 6.318026e+00 -1.111815e+00 
 6.318349e+00 -1.111807e+00 
 6.318672e+00 -1.111800e+00 
 6.318995e+00 -1.111794e+00 
 6.319318e+00 -1.111789e+00 
 6.319641e+00 -1.111785e+00 
 6.319964e+00 -1.111781e+00 
 6.320287e+00 -1.111780e+00 
 6.320610e+00 -1.111780e+00 
 6.320933e+00 -1.111781e+00 
 6.321256e+00 -1.111784e+00 
 6.321579e+00 -1.111788e+00 
 6.321902e+00 -1.111793e+00 
 6.322225e+00 -1.111800e+00 
 6.322548e+00 -1.111809e+00 
 6.322871e+00 -1.111818e+00 
 6.323194e+00 -1.111828e+00 
 6.323517e+00 -1.111838e+00 
 6.323840e+00 -1.111849e+00 
 6.324163e+00 -1.111860e+00 
 6.324485e+00 -1.111872e+00 
 6.324808e+00 -1.111884e+00 
 6.325131e+00 -1.111897e+00 
 6.325454e+00 -1.111910e+00 
 6.325777e+00 -1.111925e+00 
 6.326100e+00 -1.111938e+00 
 6.326423e+00 -1.111952e+00 
 6.326746e+00 -1.111965e+00 
 6.327069e+00 -1.111978e+00 
 6.327392e+00 -1.111991e+00 
 6.327715e+00 -1.112005e+00 
 6.328038e+00 -1.112018e+00 
 6.328361e+00 -1.112030e+00 
 6.328684e+00 -1.112041e+00 
 6.329007e+00 -1.112052e+00 
 6.329330e+00 -1.112062e+00 
 6.329653e+00 -1.112072e+00 
 6.329976e+00 -1.112081e+00 
 6.330299e+00 -1.112088e+00 
 6.330622e+00 -1.112096e+00 
 6.330945e+00 -1.112103e+00 
 6.331268e+00 -1.112108e+00 
 6.331591e+00 -1.112111e+00 
 6.331914e+00 -1.112112e+00 
 6.332237e+00 -1.112113e+00 
 6.332560e+00 -1.112114e+00 
 6.332883e+00 -1.112114e+00 
 6.333206e+00 -1.112112e+00 
 6.333529e+00 -1.112109e+00 
 6.333852e+00 -1.112104e+00 
 6.334175e+00 -1.112099e+00 
 6.334498e+00 -1.112093e+00 
 6.334821e+00 -1.112087e+00 
 6.335144e+00 -1.112079e+00 
 6.335467e+00 -1.112070e+00 
 6.335790e+00 -1.112062e+00 
 6.336113e+00 -1.112053e+00 
 6.336436e+00 -1.112043e+00 
 6.336759e+00 -1.112032e+00 
 6.337082e+00 -1.112022e+00 
 6.337405e+00 -1.112011e+00 
 6.337728e+00 -1.112001e+00 
 6.338051e+00 -1.111992e+00 
 6.338374e+00 -1.111982e+00 
 6.338697e+00 -1.111972e+00 
 6.339020e+00 -1.111962e+00 
 6.339343e+00 -1.111953e+00 
 6.339666e+00 -1.111945e+00 
 6.339989e+00 -1.111937e+00 
 6.340312e+00 -1.111929e+00 
 6.340635e+00 -1.111921e+00 
 6.340958e+00 -1.111916e+00 
 6.341281e+00 -1.111914e+00 
 6.341604e+00 -1.111911e+00 
 6.341927e+00 -1.111909e+00 
 6.342250e+00 -1.111910e+00 
 6.342573e+00 -1.111911e+00 
 6.342896e+00 -1.111913e+00 
 6.343219e+00 -1.111917e+00 
 6.343542e+00 -1.111922e+00 
 6.343865e+00 -1.111926e+00 
 6.344188e+00 -1.111931e+00 
 6.344511e+00 -1.111938e+00 
 6.344834e+00 -1.111944e+00 
 6.345157e+00 -1.111951e+00 
 6.345480e+00 -1.111959e+00 
 6.345803e+00 -1.111966e+00 
 6.346126e+00 -1.111976e+00 
 6.346449e+00 -1.111988e+00 
 6.346772e+00 -1.112000e+00 
 6.347095e+00 -1.112010e+00 
 6.347418e+00 -1.112021e+00 
 6.347741e+00 -1.112032e+00 
 6.348064e+00 -1.112043e+00 
 6.348387e+00 -1.112054e+00 
 6.348710e+00 -1.112063e+00 
 6.349033e+00 -1.112071e+00 
 6.349356e+00 -1.112079e+00 
 6.349679e+00 -1.112087e+00 
 6.350002e+00 -1.112093e+00 
 6.350325e+00 -1.112100e+00 
 6.350648e+00 -1.112105e+00 
 6.350971e+00 -1.112108e+00 
 6.351294e+00 -1.112113e+00 
 6.351617e+00 -1.112117e+00 
 6.351940e+00 -1.112119e+00 
 6.352263e+00 -1.112119e+00 
 6.352586e+00 -1.112119e+00 
 6.352909e+00 -1.112118e+00 
 6.353232e+00 -1.112116e+00 
 6.353555e+00 -1.112113e+00 
 6.353878e+00 -1.112108e+00 
 6.354201e+00 -1.112102e+00 
 6.354524e+00 -1.112095e+00 
 6.354847e+00 -1.112088e+00 
 6.355170e+00 -1.112081e+00 
 6.355493e+00 -1.112074e+00 
 6.355816e+00 -1.112065e+00 
 6.356139e+00 -1.112054e+00 
 6.356462e+00 -1.112043e+00 
 6.356785e+00 -1.112033e+00 
 6.357108e+00 -1.112022e+00 
 6.357431e+00 -1.112009e+00 
 6.357754e+00 -1.111996e+00 
 6.358077e+00 -1.111983e+00 
 6.358400e+00 -1.111970e+00 
 6.358723e+00 -1.111956e+00 
 6.359046e+00 -1.111942e+00 
 6.359369e+00 -1.111928e+00 
 6.359692e+00 -1.111914e+00 
 6.360014e+00 -1.111902e+00 
 6.360337e+00 -1.111889e+00 
 6.360660e+00 -1.111877e+00 
 6.360983e+00 -1.111864e+00 
 6.361306e+00 -1.111851e+00 
 6.361629e+00 -1.111838e+00 
 6.361952e+00 -1.111826e+00 
 6.362275e+00 -1.111815e+00 
 6.362598e+00 -1.111802e+00 
 6.362921e+00 -1.111791e+00 
 6.363244e+00 -1.111780e+00 
 6.363567e+00 -1.111769e+00 
 6.363890e+00 -1.111761e+00 
 6.364213e+00 -1.111753e+00 
 6.364536e+00 -1.111745e+00 
 6.364859e+00 -1.111738e+00 
 6.365182e+00 -1.111733e+00 
 6.365505e+00 -1.111728e+00 
 6.365828e+00 -1.111724e+00 
 6.366151e+00 -1.111720e+00 
 6.366474e+00 -1.111717e+00 
 6.366797e+00 -1.111715e+00 
 6.367120e+00 -1.111714e+00 
 6.367443e+00 -1.111714e+00 
 6.367766e+00 -1.111714e+00 
 6.368089e+00 -1.111714e+00 
 6.368412e+00 -1.111716e+00 
 6.368735e+00 -1.111719e+00 
 6.369058e+00 -1.111722e+00 
 6.369381e+00 -1.111726e+00 
 6.369704e+00 -1.111729e+00 
 6.370027e+00 -1.111732e+00 
 6.370350e+00 -1.111736e+00 
 6.370673e+00 -1.111740e+00 
 6.370996e+00 -1.111743e+00 
 6.371319e+00 -1.111747e+00 
 6.371642e+00 -1.111750e+00 
 6.371965e+00 -1.111753e+00 
 6.372288e+00 -1.111757e+00 
 6.372611e+00 -1.111761e+00 
 6.372934e+00 -1.111763e+00 
 6.373257e+00 -1.111764e+00 
 6.373580e+00 -1.111766e+00 
 6.373903e+00 -1.111766e+00 
 6.374226e+00 -1.111766e+00 
 6.374549e+00 -1.111764e+00 
 6.374872e+00 -1.111761e+00 
 6.375195e+00 -1.111758e+00 
 6.375518e+00 -1.111754e+00 
 6.375841e+00 -1.111750e+00 
 6.376164e+00 -1.111745e+00 
 6.376487e+00 -1.111739e+00 
 6.376810e+00 -1.111732e+00 
 6.377133e+00 -1.111725e+00 
 6.377456e+00 -1.111718e+00 
 6.377779e+00 -1.111710e+00 
 6.378102e+00 -1.111700e+00 
 6.378425e+00 -1.111690e+00 
 6.378748e+00 -1.111679e+00 
 6.379071e+00 -1.111668e+00 
 6.379394e+00 -1.111657e+00 
 6.379717e+00 -1.111645e+00 
 6.380040e+00 -1.111633e+00 
 6.380363e+00 -1.111622e+00 
 6.380686e+00 -1.111612e+00 
 6.381009e+00 -1.111602e+00 
 6.381332e+00 -1.111590e+00 
 6.381655e+00 -1.111579e+00 
 6.381978e+00 -1.111568e+00 
 6.382301e+00 -1.111556e+00 
 6.382624e+00 -1.111546e+00 
 6.382947e+00 -1.111536e+00 
 6.383270e+00 -1.111525e+00 
 6.383593e+00 -1.111515e+00 
 6.383916e+00 -1.111506e+00 
 6.384239e+00 -1.111498e+00 
 6.384562e+00 -1.111492e+00 
 6.384885e+00 -1.111486e+00 
 6.385208e+00 -1.111481e+00 
 6.385531e+00 -1.111478e+00 
 6.385854e+00 -1.111477e+00 
 6.386177e+00 -1.111476e+00 
 6.386500e+00 -1.111474e+00 
 6.386823e+00 -1.111472e+00 
 6.387146e+00 -1.111471e+00 
 6.387469e+00 -1.111471e+00 
 6.387792e+00 -1.111472e+00 
 6.388115e+00 -1.111474e+00 
 6.388438e+00 -1.111476e+00 
 6.388761e+00 -1.111480e+00 
 6.389084e+00 -1.111485e+00 
 6.389407e+00 -1.111492e+00 
 6.389730e+00 -1.111499e+00 
 6.390053e+00 -1.111507e+00 
 6.390376e+00 -1.111515e+00 
 6.390699e+00 -1.111524e+00 
 6.391022e+00 -1.111534e+00 
 6.391345e+00 -1.111545e+00 
 6.391668e+00 -1.111554e+00 
 6.391991e+00 -1.111564e+00 
 6.392314e+00 -1.111574e+00 
 6.392637e+00 -1.111585e+00 
 6.392960e+00 -1.111597e+00 
 6.393283e+00 -1.111610e+00 
 6.393606e+00 -1.111622e+00 
 6.393929e+00 -1.111634e+00 
 6.394252e+00 -1.111647e+00 
 6.394575e+00 -1.111660e+00 
 6.394898e+00 -1.111673e+00 
 6.395220e+00 -1.111684e+00 
 6.395543e+00 -1.111694e+00 
 6.395866e+00 -1.111703e+00 
 6.396189e+00 -1.111714e+00 
 6.396512e+00 -1.111724e+00 
 6.396835e+00 -1.111732e+00 
 6.397158e+00 -1.111740e+00 
 6.397481e+00 -1.111747e+00 
 6.397804e+00 -1.111754e+00 
 6.398127e+00 -1.111760e+00 
 6.398450e+00 -1.111765e+00 
 6.398773e+00 -1.111769e+00 
 6.399096e+00 -1.111771e+00 
 6.399419e+00 -1.111773e+00 
 6.399742e+00 -1.111773e+00 
 6.400065e+00 -1.111772e+00 
 6.400388e+00 -1.111769e+00 
 6.400711e+00 -1.111764e+00 
 6.401034e+00 -1.111759e+00 
 6.401357e+00 -1.111755e+00 
 6.401680e+00 -1.111751e+00 
 6.402003e+00 -1.111744e+00 
 6.402326e+00 -1.111738e+00 
 6.402649e+00 -1.111731e+00 
 6.402972e+00 -1.111723e+00 
 6.403295e+00 -1.111716e+00 
 6.403618e+00 -1.111708e+00 
 6.403941e+00 -1.111699e+00 
 6.404264e+00 -1.111690e+00 
 6.404587e+00 -1.111681e+00 
 6.404910e+00 -1.111672e+00 
 6.405233e+00 -1.111664e+00 
 6.405556e+00 -1.111655e+00 
 6.405879e+00 -1.111644e+00 
 6.406202e+00 -1.111636e+00 
 6.406525e+00 -1.111629e+00 
 6.406848e+00 -1.111623e+00 
 6.407171e+00 -1.111617e+00 
 6.407494e+00 -1.111610e+00 
 6.407817e+00 -1.111605e+00 
 6.408140e+00 -1.111601e+00 
 6.408463e+00 -1.111598e+00 
 6.408786e+00 -1.111596e+00 
 6.409109e+00 -1.111593e+00 
 6.409432e+00 -1.111592e+00 
 6.409755e+00 -1.111593e+00 
 6.410078e+00 -1.111595e+00 
 6.410401e+00 -1.111598e+00 
 6.410724e+00 -1.111599e+00 
 6.411047e+00 -1.111600e+00 
 6.411370e+00 -1.111602e+00 
 6.411693e+00 -1.111607e+00 
 6.412016e+00 -1.111613e+00 
 6.412339e+00 -1.111618e+00 
 6.412662e+00 -1.111623e+00 
 6.412985e+00 -1.111629e+00 
 6.413308e+00 -1.111636e+00 
 6.413631e+00 -1.111644e+00 
 6.413954e+00 -1.111652e+00 
 6.414277e+00 -1.111660e+00 
 6.414600e+00 -1.111668e+00 
 6.414923e+00 -1.111676e+00 
 6.415246e+00 -1.111686e+00 
 6.415569e+00 -1.111693e+00 
 6.415892e+00 -1.111698e+00 
 6.416215e+00 -1.111702e+00 
 6.416538e+00 -1.111706e+00 
 6.416861e+00 -1.111712e+00 
 6.417184e+00 -1.111718e+00 
 6.417507e+00 -1.111723e+00 
 6.417830e+00 -1.111727e+00 
 6.418153e+00 -1.111731e+00 
 6.418476e+00 -1.111736e+00 
 6.418799e+00 -1.111740e+00 
 6.419122e+00 -1.111743e+00 
 6.419445e+00 -1.111744e+00 
 6.419768e+00 -1.111745e+00 
 6.420091e+00 -1.111745e+00 
 6.420414e+00 -1.111745e+00 
 6.420737e+00 -1.111743e+00 
 6.421060e+00 -1.111739e+00 
 6.421383e+00 -1.111733e+00 
 6.421706e+00 -1.111728e+00 
 6.422029e+00 -1.111725e+00 
 6.422352e+00 -1.111721e+00 
 6.422675e+00 -1.111716e+00 
 6.422998e+00 -1.111710e+00 
 6.423321e+00 -1.111703e+00 
 6.423644e+00 -1.111696e+00 
 6.423967e+00 -1.111689e+00 
 6.424290e+00 -1.111680e+00 
 6.424613e+00 -1.111669e+00 
 6.424936e+00 -1.111658e+00 
 6.425259e+00 -1.111647e+00 
 6.425582e+00 -1.111637e+00 
 6.425905e+00 -1.111625e+00 
 6.426228e+00 -1.111612e+00 
 6.426551e+00 -1.111598e+00 
 6.426874e+00 -1.111586e+00 
 6.427197e+00 -1.111576e+00 
 6.427520e+00 -1.111565e+00 
 6.427843e+00 -1.111554e+00 
 6.428166e+00 -1.111543e+00 
 6.428489e+00 -1.111532e+00 
 6.428812e+00 -1.111522e+00 
 6.429135e+00 -1.111512e+00 
 6.429458e+00 -1.111501e+00 
 6.429781e+00 -1.111491e+00 
 6.430104e+00 -1.111481e+00 
 6.430427e+00 -1.111473e+00 
 6.430749e+00 -1.111468e+00 
 6.431072e+00 -1.111463e+00 
 6.431395e+00 -1.111457e+00 
 6.431718e+00 -1.111451e+00 
 6.432041e+00 -1.111448e+00 
 6.432364e+00 -1.111446e+00 
 6.432687e+00 -1.111445e+00 
 6.433010e+00 -1.111445e+00 
 6.433333e+00 -1.111444e+00 
 6.433656e+00 -1.111444e+00 
 6.433979e+00 -1.111446e+00 
 6.434302e+00 -1.111448e+00 
 6.434625e+00 -1.111450e+00 
 6.434948e+00 -1.111453e+00 
 6.435271e+00 -1.111456e+00 
 6.435594e+00 -1.111462e+00 
 6.435917e+00 -1.111470e+00 
 6.436240e+00 -1.111477e+00 
 6.436563e+00 -1.111483e+00 
 6.436886e+00 -1.111489e+00 
 6.437209e+00 -1.111496e+00 
 6.437532e+00 -1.111505e+00 
 6.437855e+00 -1.111514e+00 
 6.438178e+00 -1.111523e+00 
 6.438501e+00 -1.111531e+00 
 6.438824e+00 -1.111539e+00 
 6.439147e+00 -1.111548e+00 
 6.439470e+00 -1.111556e+00 
 6.439793e+00 -1.111564e+00 
 6.440116e+00 -1.111571e+00 
 6.440439e+00 -1.111578e+00 
 6.440762e+00 -1.111585e+00 
 6.441085e+00 -1.111594e+00 
 6.441408e+00 -1.111602e+00 
 6.441731e+00 -1.111607e+00 
 6.442054e+00 -1.111611e+00 
 6.442377e+00 -1.111617e+00 
 6.442700e+00 -1.111623e+00 
 6.443023e+00 -1.111628e+00 
 6.443346e+00 -1.111631e+00 
 6.443669e+00 -1.111632e+00 
 6.443992e+00 -1.111633e+00 
 6.444315e+00 -1.111634e+00 
 6.444638e+00 -1.111634e+00 
 6.444961e+00 -1.111633e+00 
 6.445284e+00 -1.111630e+00 
 6.445607e+00 -1.111626e+00 
 6.445930e+00 -1.111623e+00 
 6.446253e+00 -1.111622e+00 
 6.446576e+00 -1.111620e+00 
 6.446899e+00 -1.111616e+00 
 6.447222e+00 -1.111612e+00 
 6.447545e+00 -1.111608e+00 
 6.447868e+00 -1.111604e+00 
 6.448191e+00 -1.111600e+00 
 6.448514e+00 -1.111594e+00 
 6.448837e+00 -1.111588e+00 
 6.449160e+00 -1.111581e+00 
 6.449483e+00 -1.111574e+00 
 6.449806e+00 -1.111568e+00 
 6.450129e+00 -1.111561e+00 
 6.450452e+00 -1.111555e+00 
 6.450775e+00 -1.111548e+00 
 6.451098e+00 -1.111544e+00 
 6.451421e+00 -1.111542e+00 
 6.451744e+00 -1.111539e+00 
 6.452067e+00 -1.111536e+00 
 6.452390e+00 -1.111532e+00 
 6.452713e+00 -1.111531e+00 
 6.453036e+00 -1.111529e+00 
 6.453359e+00 -1.111529e+00 
 6.453682e+00 -1.111528e+00 
 6.454005e+00 -1.111527e+00 
 6.454328e+00 -1.111528e+00 
 6.454651e+00 -1.111531e+00 
 6.454974e+00 -1.111536e+00 
 6.455297e+00 -1.111541e+00 
 6.455620e+00 -1.111548e+00 
 6.455943e+00 -1.111555e+00 
 6.456266e+00 -1.111565e+00 
 6.456589e+00 -1.111577e+00 
 6.456912e+00 -1.111588e+00 
 6.457235e+00 -1.111599e+00 
 6.457558e+00 -1.111611e+00 
 6.457881e+00 -1.111625e+00 
 6.458204e+00 -1.111639e+00 
 6.458527e+00 -1.111655e+00 
 6.458850e+00 -1.111671e+00 
 6.459173e+00 -1.111686e+00 
 6.459496e+00 -1.111704e+00 
 6.459819e+00 -1.111723e+00 
 6.460142e+00 -1.111743e+00 
 6.460465e+00 -1.111763e+00 
 6.460788e+00 -1.111783e+00 
 6.461111e+00 -1.111801e+00 
 6.461434e+00 -1.111820e+00 
 6.461757e+00 -1.111840e+00 
 6.462080e+00 -1.111859e+00 
 6.462403e+00 -1.111875e+00 
 6.462726e+00 -1.111892e+00 
 6.463049e+00 -1.111909e+00 
 6.463372e+00 -1.111926e+00 
 6.463695e+00 -1.111942e+00 
 6.464018e+00 -1.111958e+00 
 6.464341e+00 -1.111972e+00 
 6.464664e+00 -1.111987e+00 
 6.464987e+00 -1.112001e+00 
 6.465310e+00 -1.112015e+00 
 6.465633e+00 -1.112027e+00 
 6.465955e+00 -1.112038e+00 
 6.466278e+00 -1.112047e+00 
 6.466601e+00 -1.112056e+00 
 6.466924e+00 -1.112064e+00 
 6.467247e+00 -1.112071e+00 
 6.467570e+00 -1.112076e+00 
 6.467893e+00 -1.112081e+00 
 6.468216e+00 -1.112085e+00 
 6.468539e+00 -1.112090e+00 
 6.468862e+00 -1.112094e+00 
 6.469185e+00 -1.112097e+00 
 6.469508e+00 -1.112098e+00 
 6.469831e+00 -1.112099e+00 
 6.470154e+00 -1.112101e+00 
 6.470477e+00 -1.112101e+00 
 6.470800e+00 -1.112102e+00 
 6.471123e+00 -1.112102e+00 
 6.471446e+00 -1.112100e+00 
 6.471769e+00 -1.112100e+00 
 6.472092e+00 -1.112100e+00 
 6.472415e+00 -1.112099e+00 
 6.472738e+00 -1.112097e+00 
 6.473061e+00 -1.112096e+00 
 6.473384e+00 -1.112096e+00 
 6.473707e+00 -1.112095e+00 
 6.474030e+00 -1.112095e+00 
 6.474353e+00 -1.112094e+00 
 6.474676e+00 -1.112093e+00 
 6.474999e+00 -1.112093e+00 
 6.475322e+00 -1.112094e+00 
 6.475645e+00 -1.112096e+00 
 6.475968e+00 -1.112099e+00 
 6.476291e+00 -1.112102e+00 
 6.476614e+00 -1.112105e+00 
 6.476937e+00 -1.112109e+00 
 6.477260e+00 -1.112113e+00 
 6.477583e+00 -1.112117e+00 
 6.477906e+00 -1.112121e+00 
 6.478229e+00 -1.112125e+00 
 6.478552e+00 -1.112130e+00 
 6.478875e+00 -1.112135e+00 
 6.479198e+00 -1.112142e+00 
 6.479521e+00 -1.112148e+00 
 6.479844e+00 -1.112155e+00 
 6.480167e+00 -1.112162e+00 
 6.480490e+00 -1.112171e+00 
 6.480813e+00 -1.112182e+00 
 6.481136e+00 -1.112193e+00 
 6.481459e+00 -1.112203e+00 
 6.481782e+00 -1.112212e+00 
 6.482105e+00 -1.112221e+00 
 6.482428e+00 -1.112231e+00 
 6.482751e+00 -1.112241e+00 
 6.483074e+00 -1.112250e+00 
 6.483397e+00 -1.112259e+00 
 6.483720e+00 -1.112269e+00 
 6.484043e+00 -1.112280e+00 
 6.484366e+00 -1.112291e+00 
 6.484689e+00 -1.112302e+00 
 6.485012e+00 -1.112313e+00 
 6.485335e+00 -1.112323e+00 
 6.485658e+00 -1.112334e+00 
 6.485981e+00 -1.112345e+00 
 6.486304e+00 -1.112354e+00 
 6.486627e+00 -1.112362e+00 
 6.486950e+00 -1.112369e+00 
 6.487273e+00 -1.112375e+00 
 6.487596e+00 -1.112381e+00 
 6.487919e+00 -1.112386e+00 
 6.488242e+00 -1.112390e+00 
 6.488565e+00 -1.112394e+00 
 6.488888e+00 -1.112398e+00 
 6.489211e+00 -1.112402e+00 
 6.489534e+00 -1.112405e+00 
 6.489857e+00 -1.112407e+00 
 6.490180e+00 -1.112407e+00 
 6.490503e+00 -1.112406e+00 
 6.490826e+00 -1.112405e+00 
 6.491149e+00 -1.112404e+00 
 6.491472e+00 -1.112401e+00 
 6.491795e+00 -1.112397e+00 
 6.492118e+00 -1.112391e+00 
 6.492441e+00 -1.112386e+00 
 6.492764e+00 -1.112381e+00 
 6.493087e+00 -1.112375e+00 
 6.493410e+00 -1.112368e+00 
 6.493733e+00 -1.112362e+00 
 6.494056e+00 -1.112356e+00 
 6.494379e+00 -1.112350e+00 
 6.494702e+00 -1.112343e+00 
 6.495025e+00 -1.112336e+00 
 6.495348e+00 -1.112328e+00 
 6.495671e+00 -1.112320e+00 
 6.495994e+00 -1.112312e+00 
 6.496317e+00 -1.112306e+00 
 6.496640e+00 -1.112300e+00 
 6.496963e+00 -1.112293e+00 
 6.497286e+00 -1.112287e+00 
 6.497609e+00 -1.112281e+00 
 6.497932e+00 -1.112277e+00 
 6.498255e+00 -1.112272e+00 
 6.498578e+00 -1.112269e+00 
 6.498901e+00 -1.112266e+00 
 6.499224e+00 -1.112264e+00 
 6.499547e+00 -1.112263e+00 
 6.499870e+00 -1.112263e+00 
 6.500193e+00 -1.112260e+00 
 6.500516e+00 -1.112247e+00 
 6.500839e+00 -1.112235e+00 
 6.501162e+00 -1.112223e+00 
 6.501484e+00 -1.112212e+00 
 6.501807e+00 -1.112201e+00 
 6.502130e+00 -1.112189e+00 
 6.502453e+00 -1.112178e+00 
 6.502776e+00 -1.112168e+00 
 6.503099e+00 -1.112160e+00 
 6.503422e+00 -1.112155e+00 
 6.503745e+00 -1.112151e+00 
 6.504068e+00 -1.112150e+00 
 6.504391e+00 -1.112151e+00 
 6.504714e+00 -1.112152e+00 
 6.505037e+00 -1.112154e+00 
 6.505360e+00 -1.112156e+00 
 6.505683e+00 -1.112158e+00 
 6.506006e+00 -1.112161e+00 
 6.506329e+00 -1.112164e+00 
 6.506652e+00 -1.112169e+00 
 6.506975e+00 -1.112174e+00 
 6.507298e+00 -1.112180e+00 
 6.507621e+00 -1.112188e+00 
 6.507944e+00 -1.112198e+00 
 6.508267e+00 -1.112210e+00 
 6.508590e+00 -1.112222e+00 
 6.508913e+00 -1.112233e+00 
 6.509236e+00 -1.112245e+00 
 6.509559e+00 -1.112257e+00 
 6.509882e+00 -1.112270e+00 
 6.510205e+00 -1.112281e+00 
 6.510528e+00 -1.112291e+00 
 6.510851e+00 -1.112302e+00 
 6.511174e+00 -1.112313e+00 
 6.511497e+00 -1.112324e+00 
 6.511820e+00 -1.112336e+00 
 6.512143e+00 -1.112348e+00 
 6.512466e+00 -1.112359e+00 
 6.512789e+00 -1.112371e+00 
 6.513112e+00 -1.112383e+00 
 6.513435e+00 -1.112394e+00 
 6.513758e+00 -1.112404e+00 
 6.514081e+00 -1.112412e+00 
 6.514404e+00 -1.112420e+00 
 6.514727e+00 -1.112427e+00 
 6.515050e+00 -1.112433e+00 
 6.515373e+00 -1.112438e+00 
 6.515696e+00 -1.112443e+00 
 6.516019e+00 -1.112447e+00 
 6.516342e+00 -1.112452e+00 
 6.516665e+00 -1.112457e+00 
 6.516988e+00 -1.112462e+00 
 6.517311e+00 -1.112466e+00 
 6.517634e+00 -1.112468e+00 
 6.517957e+00 -1.112470e+00 
 6.518280e+00 -1.112471e+00 
 6.518603e+00 -1.112472e+00 
 6.518926e+00 -1.112473e+00 
 6.519249e+00 -1.112473e+00 
 6.519572e+00 -1.112473e+00 
 6.519895e+00 -1.112473e+00 
 6.520218e+00 -1.112473e+00 
 6.520541e+00 -1.112473e+00 
 6.520864e+00 -1.112472e+00 
 6.521187e+00 -1.112472e+00 
 6.521510e+00 -1.112473e+00 
 6.521833e+00 -1.112473e+00 
 6.522156e+00 -1.112473e+00 
 6.522479e+00 -1.112472e+00 
 6.522802e+00 -1.112470e+00 
 6.523125e+00 -1.112468e+00 
 6.523448e+00 -1.112467e+00 
 6.523771e+00 -1.112466e+00 
 6.524094e+00 -1.112465e+00 
 6.524417e+00 -1.112464e+00 
 6.524740e+00 -1.112463e+00 
 6.525063e+00 -1.112462e+00 
 6.525386e+00 -1.112462e+00 
 6.525709e+00 -1.112460e+00 
 6.526032e+00 -1.112457e+00 
 6.526355e+00 -1.112455e+00 
 6.526678e+00 -1.112454e+00 
 6.527001e+00 -1.112454e+00 
 6.527324e+00 -1.112454e+00 
 6.527647e+00 -1.112456e+00 
 6.527970e+00 -1.112458e+00 
 6.528293e+00 -1.112460e+00 
 6.528616e+00 -1.112464e+00 
 6.528939e+00 -1.112469e+00 
 6.529262e+00 -1.112473e+00 
 6.529585e+00 -1.112478e+00 
 6.529908e+00 -1.112483e+00 
 6.530231e+00 -1.112489e+00 
 6.530554e+00 -1.112494e+00 
 6.530877e+00 -1.112499e+00 
 6.531200e+00 -1.112503e+00 
 6.531523e+00 -1.112509e+00 
 6.531846e+00 -1.112517e+00 
 6.532169e+00 -1.112526e+00 
 6.532492e+00 -1.112537e+00 
 6.532815e+00 -1.112548e+00 
 6.533138e+00 -1.112559e+00 
 6.533461e+00 -1.112572e+00 
 6.533784e+00 -1.112585e+00 
 6.534107e+00 -1.112598e+00 
 6.534430e+00 -1.112611e+00 
 6.534753e+00 -1.112623e+00 
 6.535076e+00 -1.112636e+00 
 6.535399e+00 -1.112649e+00 
 6.535722e+00 -1.112662e+00 
 6.536045e+00 -1.112674e+00 
 6.536368e+00 -1.112686e+00 
 6.536690e+00 -1.112700e+00 
 6.537013e+00 -1.112715e+00 
 6.537336e+00 -1.112730e+00 
 6.537659e+00 -1.112745e+00 
 6.537982e+00 -1.112760e+00 
 6.538305e+00 -1.112774e+00 
 6.538628e+00 -1.112787e+00 
 6.538951e+00 -1.112801e+00 
 6.539274e+00 -1.112814e+00 
 6.539597e+00 -1.112826e+00 
 6.539920e+00 -1.112838e+00 
 6.540243e+00 -1.112849e+00 
 6.540566e+00 -1.112862e+00 
 6.540889e+00 -1.112876e+00 
 6.541212e+00 -1.112887e+00 
 6.541535e+00 -1.112897e+00 
 6.541858e+00 -1.112908e+00 
 6.542181e+00 -1.112918e+00 
 6.542504e+00 -1.112927e+00 
 6.542827e+00 -1.112935e+00 
 6.543150e+00 -1.112941e+00 
 6.543473e+00 -1.112945e+00 
 6.543796e+00 -1.112949e+00 
 6.544119e+00 -1.112953e+00 
 6.544442e+00 -1.112957e+00 
 6.544765e+00 -1.112959e+00 
 6.545088e+00 -1.112962e+00 
 6.545411e+00 -1.112965e+00 
 6.545734e+00 -1.112972e+00 
 6.546057e+00 -1.112978e+00 
 6.546380e+00 -1.112981e+00 
 6.546703e+00 -1.112982e+00 
 6.547026e+00 -1.112983e+00 
 6.547349e+00 -1.112984e+00 
 6.547672e+00 -1.112983e+00 
 6.547995e+00 -1.112982e+00 
 6.548318e+00 -1.112980e+00 
 6.548641e+00 -1.112978e+00 
 6.548964e+00 -1.112976e+00 
 6.549287e+00 -1.112976e+00 
 6.549610e+00 -1.112975e+00 
 6.549933e+00 -1.112973e+00 
 6.550256e+00 -1.112972e+00 
 6.550579e+00 -1.112971e+00 
 6.550902e+00 -1.112972e+00 
 6.551225e+00 -1.112973e+00 
 6.551548e+00 -1.112971e+00 
 6.551871e+00 -1.112967e+00 
 6.552194e+00 -1.112965e+00 
 6.552517e+00 -1.112964e+00 
 6.552840e+00 -1.112963e+00 
 6.553163e+00 -1.112963e+00 
 6.553486e+00 -1.112963e+00 
 6.553809e+00 -1.112964e+00 
 6.554132e+00 -1.112966e+00 
 6.554455e+00 -1.112969e+00 
 6.554778e+00 -1.112971e+00 
 6.555101e+00 -1.112973e+00 
 6.555424e+00 -1.112974e+00 
 6.555747e+00 -1.112978e+00 
 6.556070e+00 -1.112985e+00 
 6.556393e+00 -1.112992e+00 
 6.556716e+00 -1.112999e+00 
 6.557039e+00 -1.113005e+00 
 6.557362e+00 -1.113014e+00 
 6.557685e+00 -1.113024e+00 
 6.558008e+00 -1.113034e+00 
 6.558331e+00 -1.113045e+00 
 6.558654e+00 -1.113055e+00 
 6.558977e+00 -1.113066e+00 
 6.559300e+00 -1.113076e+00 
 6.559623e+00 -1.113088e+00 
 6.559946e+00 -1.113099e+00 
 6.560269e+00 -1.113109e+00 
 6.560592e+00 -1.113120e+00 
 6.560915e+00 -1.113133e+00 
 6.561238e+00 -1.113149e+00 
 6.561561e+00 -1.113165e+00 
 6.561884e+00 -1.113180e+00 
 6.562207e+00 -1.113193e+00 
 6.562530e+00 -1.113207e+00 
 6.562853e+00 -1.113220e+00 
 6.563176e+00 -1.113232e+00 
 6.563499e+00 -1.113243e+00 
 6.563822e+00 -1.113253e+00 
 6.564145e+00 -1.113263e+00 
 6.564468e+00 -1.113273e+00 
 6.564791e+00 -1.113284e+00 
 6.565114e+00 -1.113294e+00 
 6.565437e+00 -1.113304e+00 
 6.565760e+00 -1.113314e+00 
 6.566083e+00 -1.113326e+00 
 6.566406e+00 -1.113338e+00 
 6.566729e+00 -1.113348e+00 
 6.567052e+00 -1.113355e+00 
 6.567375e+00 -1.113359e+00 
 6.567698e+00 -1.113363e+00 
 6.568021e+00 -1.113365e+00 
 6.568344e+00 -1.113366e+00 
 6.568667e+00 -1.113367e+00 
 6.568990e+00 -1.113366e+00 
 6.569313e+00 -1.113366e+00 
 6.569636e+00 -1.113367e+00 
 6.569959e+00 -1.113368e+00 
 6.570282e+00 -1.113368e+00 
 6.570605e+00 -1.113365e+00 
 6.570928e+00 -1.113361e+00 
 6.571251e+00 -1.113358e+00 
 6.571574e+00 -1.113355e+00 
 6.571897e+00 -1.113350e+00 
 6.572219e+00 -1.113343e+00 
 6.572542e+00 -1.113334e+00 
 6.572865e+00 -1.113325e+00 
 6.573188e+00 -1.113316e+00 
 6.573511e+00 -1.113308e+00 
 6.573834e+00 -1.113301e+00 
 6.574157e+00 -1.113293e+00 
 6.574480e+00 -1.113285e+00 
 6.574803e+00 -1.113278e+00 
 6.575126e+00 -1.113271e+00 
 6.575449e+00 -1.113263e+00 
 6.575772e+00 -1.113250e+00 
 6.576095e+00 -1.113237e+00 
 6.576418e+00 -1.113226e+00 
 6.576741e+00 -1.113216e+00 
 6.577064e+00 -1.113205e+00 
 6.577387e+00 -1.113193e+00 
 6.577710e+00 -1.113181e+00 
 6.578033e+00 -1.113170e+00 
 6.578356e+00 -1.113160e+00 
 6.578679e+00 -1.113152e+00 
 6.579002e+00 -1.113144e+00 
 6.579325e+00 -1.113135e+00 
 6.579648e+00 -1.113126e+00 
 6.579971e+00 -1.113117e+00 
 6.580294e+00 -1.113109e+00 
 6.580617e+00 -1.113099e+00 
 6.580940e+00 -1.113088e+00 
 6.581263e+00 -1.113077e+00 
 6.581586e+00 -1.113069e+00 
 6.581909e+00 -1.113063e+00 
 6.582232e+00 -1.113058e+00 
 6.582555e+00 -1.113052e+00 
 6.582878e+00 -1.113046e+00 
 6.583201e+00 -1.113041e+00 
 6.583524e+00 -1.113038e+00 
 6.583847e+00 -1.113035e+00 
 6.584170e+00 -1.113031e+00 
 6.584493e+00 -1.113027e+00 
 6.584816e+00 -1.113023e+00 
 6.585139e+00 -1.113021e+00 
 6.585462e+00 -1.113019e+00 
 6.585785e+00 -1.113017e+00 
 6.586108e+00 -1.113013e+00 
 6.586431e+00 -1.113010e+00 
 6.586754e+00 -1.113009e+00 
 6.587077e+00 -1.113010e+00 
 6.587400e+00 -1.113010e+00 
 6.587723e+00 -1.113008e+00 
 6.588046e+00 -1.113007e+00 
 6.588369e+00 -1.113006e+00 
 6.588692e+00 -1.113006e+00 
 6.589015e+00 -1.113006e+00 
 6.589338e+00 -1.113006e+00 
 6.589661e+00 -1.113005e+00 
 6.589984e+00 -1.113007e+00 
 6.590307e+00 -1.113009e+00 
 6.590630e+00 -1.113014e+00 
 6.590953e+00 -1.113018e+00 
 6.591276e+00 -1.113018e+00 
 6.591599e+00 -1.113019e+00 
 6.591922e+00 -1.113021e+00 
 6.592245e+00 -1.113022e+00 
 6.592568e+00 -1.113023e+00 
 6.592891e+00 -1.113022e+00 
 6.593214e+00 -1.113021e+00 
 6.593537e+00 -1.113021e+00 
 6.593860e+00 -1.113022e+00 
 6.594183e+00 -1.113024e+00 
 6.594506e+00 -1.113025e+00 
 6.594829e+00 -1.113026e+00 
 6.595152e+00 -1.113027e+00 
 6.595475e+00 -1.113027e+00 
 6.595798e+00 -1.113029e+00 
 6.596121e+00 -1.113027e+00 
 6.596444e+00 -1.113022e+00 
 6.596767e+00 -1.113016e+00 
 6.597090e+00 -1.113011e+00 
 6.597413e+00 -1.113005e+00 
 6.597736e+00 -1.113000e+00 
 6.598059e+00 -1.112993e+00 
 6.598382e+00 -1.112987e+00 
 6.598705e+00 -1.112981e+00 
 6.599028e+00 -1.112977e+00 
 6.599351e+00 -1.112972e+00 
 6.599674e+00 -1.112966e+00 
 6.599997e+00 -1.112959e+00 
 6.600320e+00 -1.112950e+00 
 6.600643e+00 -1.112941e+00 
 6.600966e+00 -1.112933e+00 
 6.601289e+00 -1.112923e+00 
 6.601612e+00 -1.112912e+00 
 6.601935e+00 -1.112901e+00 
 6.602258e+00 -1.112892e+00 
 6.602581e+00 -1.112885e+00 
 6.602904e+00 -1.112877e+00 
 6.603227e+00 -1.112869e+00 
 6.603550e+00 -1.112861e+00 
 6.603873e+00 -1.112853e+00 
 6.604196e+00 -1.112846e+00 
 6.604519e+00 -1.112838e+00 
 6.604842e+00 -1.112829e+00 
 6.605165e+00 -1.112820e+00 
 6.605488e+00 -1.112811e+00 
 6.605811e+00 -1.112803e+00 
 6.606134e+00 -1.112798e+00 
 6.606457e+00 -1.112795e+00 
 6.606780e+00 -1.112792e+00 
 6.607103e+00 -1.112791e+00 
 6.607425e+00 -1.112793e+00 
 6.607748e+00 -1.112798e+00 
 6.608071e+00 -1.112802e+00 
 6.608394e+00 -1.112806e+00 
 6.608717e+00 -1.112811e+00 
 6.609040e+00 -1.112815e+00 
 6.609363e+00 -1.112821e+00 
 6.609686e+00 -1.112828e+00 
 6.610009e+00 -1.112834e+00 
 6.610332e+00 -1.112840e+00 
 6.610655e+00 -1.112848e+00 
 6.610978e+00 -1.112858e+00 
 6.611301e+00 -1.112870e+00 
 6.611624e+00 -1.112882e+00 
 6.611947e+00 -1.112894e+00 
 6.612270e+00 -1.112906e+00 
 6.612593e+00 -1.112919e+00 
 6.612916e+00 -1.112932e+00 
 6.613239e+00 -1.112944e+00 
 6.613562e+00 -1.112955e+00 
 6.613885e+00 -1.112965e+00 
 6.614208e+00 -1.112976e+00 
 6.614531e+00 -1.112987e+00 
 6.614854e+00 -1.112999e+00 
 6.615177e+00 -1.113010e+00 
 6.615500e+00 -1.113020e+00 
 6.615823e+00 -1.113030e+00 
 6.616146e+00 -1.113039e+00 
 6.616469e+00 -1.113049e+00 
 6.616792e+00 -1.113058e+00 
 6.617115e+00 -1.113064e+00 
 6.617438e+00 -1.113069e+00 
 6.617761e+00 -1.113075e+00 
 6.618084e+00 -1.113080e+00 
 6.618407e+00 -1.113084e+00 
 6.618730e+00 -1.113088e+00 
 6.619053e+00 -1.113090e+00 
 6.619376e+00 -1.113091e+00 
 6.619699e+00 -1.113091e+00 
 6.620022e+00 -1.113091e+00 
 6.620345e+00 -1.113089e+00 
 6.620668e+00 -1.113086e+00 
 6.620991e+00 -1.113082e+00 
 6.621314e+00 -1.113077e+00 
 6.621637e+00 -1.113073e+00 
 6.621960e+00 -1.113069e+00 
 6.622283e+00 -1.113064e+00 
 6.622606e+00 -1.113060e+00 
 6.622929e+00 -1.113058e+00 
 6.623252e+00 -1.113057e+00 
 6.623575e+00 -1.113056e+00 
 6.623898e+00 -1.113054e+00 
 6.624221e+00 -1.113052e+00 
 6.624544e+00 -1.113051e+00 
 6.624867e+00 -1.113049e+00 
 6.625190e+00 -1.113048e+00 
 6.625513e+00 -1.113045e+00 
 6.625836e+00 -1.113040e+00 
 6.626159e+00 -1.113036e+00 
 6.626482e+00 -1.113034e+00 
 6.626805e+00 -1.113034e+00 
 6.627128e+00 -1.113034e+00 
 6.627451e+00 -1.113035e+00 
 6.627774e+00 -1.113036e+00 
 6.628097e+00 -1.113038e+00 
 6.628420e+00 -1.113040e+00 
 6.628743e+00 -1.113041e+00 
 6.629066e+00 -1.113041e+00 
 6.629389e+00 -1.113040e+00 
 6.629712e+00 -1.113038e+00 
 6.630035e+00 -1.113037e+00 
 6.630358e+00 -1.113036e+00 
 6.630681e+00 -1.113033e+00 
 6.631004e+00 -1.113029e+00 
 6.631327e+00 -1.113027e+00 
 6.631650e+00 -1.113027e+00 
 6.631973e+00 -1.113028e+00 
 6.632296e+00 -1.113029e+00 
 6.632619e+00 -1.113029e+00 
 6.632942e+00 -1.113028e+00 
 6.633265e+00 -1.113028e+00 
 6.633588e+00 -1.113028e+00 
 6.633911e+00 -1.113026e+00 
 6.634234e+00 -1.113023e+00 
 6.634557e+00 -1.113019e+00 
 6.634880e+00 -1.113015e+00 
 6.635203e+00 -1.113013e+00 
 6.635526e+00 -1.113012e+00 
 6.635849e+00 -1.113008e+00 
 6.636172e+00 -1.113004e+00 
 6.636495e+00 -1.113002e+00 
 6.636818e+00 -1.113001e+00 
 6.637141e+00 -1.113000e+00 
 6.637464e+00 -1.112998e+00 
 6.637787e+00 -1.112995e+00 
 6.638110e+00 -1.112992e+00 
 6.638433e+00 -1.112990e+00 
 6.638756e+00 -1.112987e+00 
 6.639079e+00 -1.112983e+00 
 6.639402e+00 -1.112979e+00 
 6.639725e+00 -1.112974e+00 
 6.640048e+00 -1.112971e+00 
 6.640371e+00 -1.112969e+00 
 6.640694e+00 -1.112967e+00 
 6.641017e+00 -1.112963e+00 
 6.641340e+00 -1.112957e+00 
 6.641663e+00 -1.112952e+00 
 6.641986e+00 -1.112949e+00 
 6.642309e+00 -1.112945e+00 
 6.642632e+00 -1.112941e+00 
 6.642954e+00 -1.112936e+00 
 6.643277e+00 -1.112931e+00 
 6.643600e+00 -1.112927e+00 
 6.643923e+00 -1.112923e+00 
 6.644246e+00 -1.112918e+00 
 6.644569e+00 -1.112912e+00 
 6.644892e+00 -1.112907e+00 
 6.645215e+00 -1.112902e+00 
 6.645538e+00 -1.112898e+00 
 6.645861e+00 -1.112896e+00 
 6.646184e+00 -1.112889e+00 
 6.646507e+00 -1.112881e+00 
 6.646830e+00 -1.112874e+00 
 6.647153e+00 -1.112867e+00 
 6.647476e+00 -1.112861e+00 
 6.647799e+00 -1.112855e+00 
 6.648122e+00 -1.112848e+00 
 6.648445e+00 -1.112840e+00 
 6.648768e+00 -1.112833e+00 
 6.649091e+00 -1.112826e+00 
 6.649414e+00 -1.112818e+00 
 6.649737e+00 -1.112810e+00 
 6.650060e+00 -1.112802e+00 
 6.650383e+00 -1.112794e+00 
 6.650706e+00 -1.112791e+00 
 6.651029e+00 -1.112788e+00 
 6.651352e+00 -1.112783e+00 
 6.651675e+00 -1.112776e+00 
 6.651998e+00 -1.112770e+00 
 6.652321e+00 -1.112767e+00 
 6.652644e+00 -1.112763e+00 
 6.652967e+00 -1.112759e+00 
 6.653290e+00 -1.112755e+00 
 6.653613e+00 -1.112750e+00 
 6.653936e+00 -1.112747e+00 
 6.654259e+00 -1.112744e+00 
 6.654582e+00 -1.112741e+00 
 6.654905e+00 -1.112738e+00 
 6.655228e+00 -1.112735e+00 
 6.655551e+00 -1.112734e+00 
 6.655874e+00 -1.112738e+00 
 6.656197e+00 -1.112742e+00 
 6.656520e+00 -1.112744e+00 
 6.656843e+00 -1.112743e+00 
 6.657166e+00 -1.112744e+00 
 6.657489e+00 -1.112747e+00 
 6.657812e+00 -1.112748e+00 
 6.658135e+00 -1.112749e+00 
 6.658458e+00 -1.112749e+00 
 6.658781e+00 -1.112749e+00 
 6.659104e+00 -1.112750e+00 
 6.659427e+00 -1.112752e+00 
 6.659750e+00 -1.112753e+00 
 6.660073e+00 -1.112754e+00 
 6.660396e+00 -1.112754e+00 
 6.660719e+00 -1.112755e+00 
 6.661042e+00 -1.112760e+00 
 6.661365e+00 -1.112765e+00 
 6.661688e+00 -1.112766e+00 
 6.662011e+00 -1.112765e+00 
 6.662334e+00 -1.112764e+00 
 6.662657e+00 -1.112763e+00 
 6.662980e+00 -1.112761e+00 
 6.663303e+00 -1.112758e+00 
 6.663626e+00 -1.112754e+00 
 6.663949e+00 -1.112749e+00 
 6.664272e+00 -1.112744e+00 
 6.664595e+00 -1.112739e+00 
 6.664918e+00 -1.112733e+00 
 6.665241e+00 -1.112726e+00 
 6.665564e+00 -1.112717e+00 
 6.665887e+00 -1.112708e+00 
 6.666210e+00 -1.112703e+00 
 6.666533e+00 -1.112697e+00 
 6.666856e+00 -1.112688e+00 
 6.667179e+00 -1.112677e+00 
 6.667502e+00 -1.112667e+00 
 6.667825e+00 -1.112658e+00 
 6.668148e+00 -1.112649e+00 
 6.668471e+00 -1.112640e+00 
 6.668794e+00 -1.112630e+00 
 6.669117e+00 -1.112621e+00 
 6.669440e+00 -1.112612e+00 
 6.669763e+00 -1.112605e+00 
 6.670086e+00 -1.112597e+00 
 6.670409e+00 -1.112590e+00 
 6.670732e+00 -1.112580e+00 
 6.671055e+00 -1.112573e+00 
 6.671378e+00 -1.112569e+00 
 6.671701e+00 -1.112567e+00 
 6.672024e+00 -1.112562e+00 
 6.672347e+00 -1.112557e+00 
 6.672670e+00 -1.112554e+00 
 6.672993e+00 -1.112552e+00 
 6.673316e+00 -1.112551e+00 
 6.673639e+00 -1.112550e+00 
 6.673962e+00 -1.112549e+00 
 6.674285e+00 -1.112549e+00 
 6.674608e+00 -1.112551e+00 
 6.674931e+00 -1.112554e+00 
 6.675254e+00 -1.112558e+00 
 6.675577e+00 -1.112561e+00 
 6.675900e+00 -1.112563e+00 
 6.676223e+00 -1.112566e+00 
 6.676546e+00 -1.112573e+00 
 6.676869e+00 -1.112580e+00 
 6.677192e+00 -1.112584e+00 
 6.677515e+00 -1.112587e+00 
 6.677838e+00 -1.112591e+00 
 6.678161e+00 -1.112595e+00 
 6.678483e+00 -1.112600e+00 
 6.678806e+00 -1.112605e+00 
 6.679129e+00 -1.112610e+00 
 6.679452e+00 -1.112615e+00 
 6.679775e+00 -1.112622e+00 
 6.680098e+00 -1.112630e+00 
 6.680421e+00 -1.112637e+00 
 6.680744e+00 -1.112642e+00 
 6.681067e+00 -1.112645e+00 
 6.681390e+00 -1.112648e+00 
 6.681713e+00 -1.112653e+00 
 6.682036e+00 -1.112657e+00 
 6.682359e+00 -1.112658e+00 
 6.682682e+00 -1.112658e+00 
 6.683005e+00 -1.112659e+00 
 6.683328e+00 -1.112660e+00 
 6.683651e+00 -1.112662e+00 
 6.683974e+00 -1.112664e+00 
 6.684297e+00 -1.112666e+00 
 6.684620e+00 -1.112667e+00 
 6.684943e+00 -1.112669e+00 
 6.685266e+00 -1.112672e+00 
 6.685589e+00 -1.112673e+00 
 6.685912e+00 -1.112672e+00 
 6.686235e+00 -1.112668e+00 
 6.686558e+00 -1.112665e+00 
 6.686881e+00 -1.112663e+00 
 6.687204e+00 -1.112662e+00 
 6.687527e+00 -1.112659e+00 
 6.687850e+00 -1.112655e+00 
 6.688173e+00 -1.112653e+00 
 6.688496e+00 -1.112653e+00 
 6.688819e+00 -1.112654e+00 
 6.689142e+00 -1.112654e+00 
 6.689465e+00 -1.112653e+00 
 6.689788e+00 -1.112651e+00 
 6.690111e+00 -1.112649e+00 
 6.690434e+00 -1.112647e+00 
 6.690757e+00 -1.112644e+00 
 6.691080e+00 -1.112638e+00 
 6.691403e+00 -1.112632e+00 
 6.691726e+00 -1.112626e+00 
 6.692049e+00 -1.112622e+00 
 6.692372e+00 -1.112620e+00 
 6.692695e+00 -1.112616e+00 
 6.693018e+00 -1.112612e+00 
 6.693341e+00 -1.112609e+00 
 6.693664e+00 -1.112606e+00 
 6.693987e+00 -1.112604e+00 
 6.694310e+00 -1.112600e+00 
 6.694633e+00 -1.112594e+00 
 6.694956e+00 -1.112587e+00 
 6.695279e+00 -1.112581e+00 
 6.695602e+00 -1.112576e+00 
 6.695925e+00 -1.112571e+00 
 6.696248e+00 -1.112564e+00 
 6.696571e+00 -1.112557e+00 
 6.696894e+00 -1.112551e+00 
 6.697217e+00 -1.112548e+00 
 6.697540e+00 -1.112545e+00 
 6.697863e+00 -1.112540e+00 
 6.698186e+00 -1.112535e+00 
 6.698509e+00 -1.112531e+00 
 6.698832e+00 -1.112527e+00 
 6.699155e+00 -1.112523e+00 
 6.699478e+00 -1.112518e+00 
 6.699801e+00 -1.112512e+00 
 6.700124e+00 -1.112506e+00 
 6.700447e+00 -1.112501e+00 
 6.700770e+00 -1.112500e+00 
 6.701093e+00 -1.112497e+00 
 6.701416e+00 -1.112493e+00 
 6.701739e+00 -1.112488e+00 
 6.702062e+00 -1.112484e+00 
 6.702385e+00 -1.112482e+00 
 6.702708e+00 -1.112479e+00 
 6.703031e+00 -1.112475e+00 
 6.703354e+00 -1.112470e+00 
 6.703677e+00 -1.112465e+00 
 6.704000e+00 -1.112461e+00 
 6.704323e+00 -1.112458e+00 
 6.704646e+00 -1.112454e+00 
 6.704969e+00 -1.112451e+00 
 6.705292e+00 -1.112446e+00 
 6.705615e+00 -1.112444e+00 
 6.705938e+00 -1.112443e+00 
 6.706261e+00 -1.112441e+00 
 6.706584e+00 -1.112437e+00 
 6.706907e+00 -1.112431e+00 
 6.707230e+00 -1.112426e+00 
 6.707553e+00 -1.112421e+00 
 6.707876e+00 -1.112416e+00 
 6.708199e+00 -1.112410e+00 
 6.708522e+00 -1.112403e+00 
 6.708845e+00 -1.112396e+00 
 6.709168e+00 -1.112390e+00 
 6.709491e+00 -1.112385e+00 
 6.709814e+00 -1.112378e+00 
 6.710137e+00 -1.112370e+00 
 6.710460e+00 -1.112361e+00 
 6.710783e+00 -1.112353e+00 
 6.711106e+00 -1.112346e+00 
 6.711429e+00 -1.112337e+00 
 6.711752e+00 -1.112326e+00 
 6.712075e+00 -1.112314e+00 
 6.712398e+00 -1.112302e+00 
 6.712721e+00 -1.112292e+00 
 6.713044e+00 -1.112281e+00 
 6.713367e+00 -1.112270e+00 
 6.713689e+00 -1.112257e+00 
 6.714012e+00 -1.112245e+00 
 6.714335e+00 -1.112234e+00 
 6.714658e+00 -1.112223e+00 
 6.714981e+00 -1.112209e+00 
 6.715304e+00 -1.112195e+00 
 6.715627e+00 -1.112180e+00 
 6.715950e+00 -1.112167e+00 
 6.716273e+00 -1.112155e+00 
 6.716596e+00 -1.112143e+00 
 6.716919e+00 -1.112130e+00 
 6.717242e+00 -1.112117e+00 
 6.717565e+00 -1.112106e+00 
 6.717888e+00 -1.112096e+00 
 6.718211e+00 -1.112086e+00 
 6.718534e+00 -1.112075e+00 
 6.718857e+00 -1.112065e+00 
 6.719180e+00 -1.112055e+00 
 6.719503e+00 -1.112046e+00 
 6.719826e+00 -1.112037e+00 
 6.720149e+00 -1.112028e+00 
 6.720472e+00 -1.112018e+00 
 6.720795e+00 -1.112008e+00 
 6.721118e+00 -1.112002e+00 
 6.721441e+00 -1.111999e+00 
 6.721764e+00 -1.111995e+00 
 6.722087e+00 -1.111990e+00 
 6.722410e+00 -1.111986e+00 
 6.722733e+00 -1.111983e+00 
 6.723056e+00 -1.111982e+00 
 6.723379e+00 -1.111980e+00 
 6.723702e+00 -1.111977e+00 
 6.724025e+00 -1.111975e+00 
 6.724348e+00 -1.111973e+00 
 6.724671e+00 -1.111972e+00 
 6.724994e+00 -1.111971e+00 
 6.725317e+00 -1.111970e+00 
 6.725640e+00 -1.111969e+00 
 6.725963e+00 -1.111967e+00 
 6.726286e+00 -1.111968e+00 
 6.726609e+00 -1.111970e+00 
 6.726932e+00 -1.111971e+00 
 6.727255e+00 -1.111971e+00 
 6.727578e+00 -1.111970e+00 
 6.727901e+00 -1.111970e+00 
 6.728224e+00 -1.111971e+00 
 6.728547e+00 -1.111971e+00 
 6.728870e+00 -1.111969e+00 
 6.729193e+00 -1.111967e+00 
 6.729516e+00 -1.111965e+00 
 6.729839e+00 -1.111964e+00 
 6.730162e+00 -1.111962e+00 
 6.730485e+00 -1.111960e+00 
 6.730808e+00 -1.111954e+00 
 6.731131e+00 -1.111948e+00 
 6.731454e+00 -1.111943e+00 
 6.731777e+00 -1.111940e+00 
 6.732100e+00 -1.111936e+00 
 6.732423e+00 -1.111929e+00 
 6.732746e+00 -1.111923e+00 
 6.733069e+00 -1.111917e+00 
 6.733392e+00 -1.111911e+00 
 6.733715e+00 -1.111906e+00 
 6.734038e+00 -1.111899e+00 
 6.734361e+00 -1.111892e+00 
 6.734684e+00 -1.111885e+00 
 6.735007e+00 -1.111879e+00 
 6.735330e+00 -1.111874e+00 
 6.735653e+00 -1.111865e+00 
 6.735976e+00 -1.111855e+00 
 6.736299e+00 -1.111845e+00 
 6.736622e+00 -1.111838e+00 
 6.736945e+00 -1.111833e+00 
 6.737268e+00 -1.111828e+00 
 6.737591e+00 -1.111821e+00 
 6.737914e+00 -1.111816e+00 
 6.738237e+00 -1.111811e+00 
 6.738560e+00 -1.111807e+00 
 6.738883e+00 -1.111803e+00 
 6.739206e+00 -1.111797e+00 
 6.739529e+00 -1.111792e+00 
 6.739852e+00 -1.111787e+00 
 6.740175e+00 -1.111784e+00 
 6.740498e+00 -1.111781e+00 
 6.740821e+00 -1.111775e+00 
 6.741144e+00 -1.111768e+00 
 6.741467e+00 -1.111763e+00 
 6.741790e+00 -1.111761e+00 
 6.742113e+00 -1.111761e+00 
 6.742436e+00 -1.111759e+00 
 6.742759e+00 -1.111757e+00 
 6.743082e+00 -1.111755e+00 
 6.743405e+00 -1.111753e+00 
 6.743728e+00 -1.111752e+00 
 6.744051e+00 -1.111750e+00 
 6.744374e+00 -1.111748e+00 
 6.744697e+00 -1.111745e+00 
 6.745020e+00 -1.111743e+00 
 6.745343e+00 -1.111744e+00 
 6.745666e+00 -1.111744e+00 
 6.745989e+00 -1.111742e+00 
 6.746312e+00 -1.111738e+00 
 6.746635e+00 -1.111737e+00 
 6.746958e+00 -1.111737e+00 
 6.747281e+00 -1.111738e+00 
 6.747604e+00 -1.111738e+00 
 6.747927e+00 -1.111737e+00 
 6.748250e+00 -1.111736e+00 
 6.748573e+00 -1.111735e+00 
 6.748896e+00 -1.111735e+00 
 6.749218e+00 -1.111734e+00 
 6.749541e+00 -1.111732e+00 
 6.749864e+00 -1.111731e+00 
 6.750187e+00 -1.111731e+00 
 6.750510e+00 -1.111732e+00 
 6.750833e+00 -1.111733e+00 
 6.751156e+00 -1.111732e+00 
 6.751479e+00 -1.111728e+00 
 6.751802e+00 -1.111726e+00 
 6.752125e+00 -1.111725e+00 
 6.752448e+00 -1.111724e+00 
 6.752771e+00 -1.111722e+00 
 6.753094e+00 -1.111719e+00 
 6.753417e+00 -1.111717e+00 
 6.753740e+00 -1.111715e+00 
 6.754063e+00 -1.111713e+00 
 6.754386e+00 -1.111712e+00 
 6.754709e+00 -1.111709e+00 
 6.755032e+00 -1.111706e+00 
 6.755355e+00 -1.111704e+00 
 6.755678e+00 -1.111703e+00 
 6.756001e+00 -1.111702e+00 
 6.756324e+00 -1.111698e+00 
 6.756647e+00 -1.111692e+00 
 6.756970e+00 -1.111686e+00 
 6.757293e+00 -1.111683e+00 
 6.757616e+00 -1.111680e+00 
 6.757939e+00 -1.111677e+00 
 6.758262e+00 -1.111672e+00 
 6.758585e+00 -1.111666e+00 
 6.758908e+00 -1.111661e+00 
 6.759231e+00 -1.111656e+00 
 6.759554e+00 -1.111651e+00 
 6.759877e+00 -1.111644e+00 
 6.760200e+00 -1.111636e+00 
 6.760523e+00 -1.111629e+00 
 6.760846e+00 -1.111624e+00 
 6.761169e+00 -1.111619e+00 
 6.761492e+00 -1.111610e+00 
 6.761815e+00 -1.111601e+00 
 6.762138e+00 -1.111593e+00 
 6.762461e+00 -1.111587e+00 
 6.762784e+00 -1.111581e+00 
 6.763107e+00 -1.111574e+00 
 6.763430e+00 -1.111565e+00 
 6.763753e+00 -1.111556e+00 
 6.764076e+00 -1.111548e+00 
 6.764399e+00 -1.111540e+00 
 6.764722e+00 -1.111531e+00 
 6.765045e+00 -1.111521e+00 
 6.765368e+00 -1.111511e+00 
 6.765691e+00 -1.111503e+00 
 6.766014e+00 -1.111499e+00 
 6.766337e+00 -1.111494e+00 
 6.766660e+00 -1.111487e+00 
 6.766983e+00 -1.111479e+00 
 6.767306e+00 -1.111473e+00 
 6.767629e+00 -1.111469e+00 
 6.767952e+00 -1.111464e+00 
 6.768275e+00 -1.111457e+00 
 6.768598e+00 -1.111450e+00 
 6.768921e+00 -1.111442e+00 
 6.769244e+00 -1.111436e+00 
 6.769567e+00 -1.111430e+00 
 6.769890e+00 -1.111425e+00 
 6.770213e+00 -1.111419e+00 
 6.770536e+00 -1.111414e+00 
 6.770859e+00 -1.111412e+00 
 6.771182e+00 -1.111413e+00 
 6.771505e+00 -1.111413e+00 
 6.771828e+00 -1.111411e+00 
 6.772151e+00 -1.111407e+00 
 6.772474e+00 -1.111405e+00 
 6.772797e+00 -1.111403e+00 
 6.773120e+00 -1.111401e+00 
 6.773443e+00 -1.111398e+00 
 6.773766e+00 -1.111394e+00 
 6.774089e+00 -1.111390e+00 
 6.774412e+00 -1.111387e+00 
 6.774735e+00 -1.111386e+00 
 6.775058e+00 -1.111384e+00 
 6.775381e+00 -1.111380e+00 
 6.775704e+00 -1.111378e+00 
 6.776027e+00 -1.111378e+00 
 6.776350e+00 -1.111378e+00 
 6.776673e+00 -1.111376e+00 
 6.776996e+00 -1.111370e+00 
 6.777319e+00 -1.111363e+00 
 6.777642e+00 -1.111357e+00 
 6.777965e+00 -1.111350e+00 
 6.778288e+00 -1.111344e+00 
 6.778611e+00 -1.111336e+00 
 6.778934e+00 -1.111327e+00 
 6.779257e+00 -1.111319e+00 
 6.779580e+00 -1.111312e+00 
 6.779903e+00 -1.111305e+00 
 6.780226e+00 -1.111298e+00 
 6.780549e+00 -1.111288e+00 
 6.780872e+00 -1.111279e+00 
 6.781195e+00 -1.111271e+00 
 6.781518e+00 -1.111263e+00 
 6.781841e+00 -1.111253e+00 
 6.782164e+00 -1.111241e+00 
 6.782487e+00 -1.111228e+00 
 6.782810e+00 -1.111217e+00 
 6.783133e+00 -1.111207e+00 
 6.783456e+00 -1.111198e+00 
 6.783779e+00 -1.111188e+00 
 6.784102e+00 -1.111178e+00 
 6.784424e+00 -1.111169e+00 
 6.784747e+00 -1.111161e+00 
 6.785070e+00 -1.111154e+00 
 6.785393e+00 -1.111146e+00 
 6.785716e+00 -1.111136e+00 
 6.786039e+00 -1.111127e+00 
 6.786362e+00 -1.111120e+00 
 6.786685e+00 -1.111114e+00 
 6.787008e+00 -1.111108e+00 
 6.787331e+00 -1.111100e+00 
 6.787654e+00 -1.111092e+00 
 6.787977e+00 -1.111087e+00 
 6.788300e+00 -1.111083e+00 
 6.788623e+00 -1.111080e+00 
 6.788946e+00 -1.111077e+00 
 6.789269e+00 -1.111073e+00 
 6.789592e+00 -1.111070e+00 
 6.789915e+00 -1.111068e+00 
 6.790238e+00 -1.111067e+00 
 6.790561e+00 -1.111064e+00 
 6.790884e+00 -1.111058e+00 
 6.791207e+00 -1.111054e+00 
 6.791530e+00 -1.111053e+00 
 6.791853e+00 -1.111053e+00 
 6.792176e+00 -1.111051e+00 
 6.792499e+00 -1.111049e+00 
 6.792822e+00 -1.111046e+00 
 6.793145e+00 -1.111044e+00 
 6.793468e+00 -1.111044e+00 
 6.793791e+00 -1.111044e+00 
 6.794114e+00 -1.111043e+00 
 6.794437e+00 -1.111040e+00 
 6.794760e+00 -1.111038e+00 
 6.795083e+00 -1.111037e+00 
 6.795406e+00 -1.111037e+00 
 6.795729e+00 -1.111033e+00 
 6.796052e+00 -1.111028e+00 
 6.796375e+00 -1.111024e+00 
 6.796698e+00 -1.111023e+00 
 6.797021e+00 -1.111021e+00 
 6.797344e+00 -1.111019e+00 
 6.797667e+00 -1.111015e+00 
 6.797990e+00 -1.111011e+00 
 6.798313e+00 -1.111008e+00 
 6.798636e+00 -1.111006e+00 
 6.798959e+00 -1.111005e+00 
 6.799282e+00 -1.111002e+00 
 6.799605e+00 -1.110999e+00 
 6.799928e+00 -1.110997e+00 
 6.800251e+00 -1.110997e+00 
 6.800574e+00 -1.110997e+00 
 6.800897e+00 -1.110994e+00 
 6.801220e+00 -1.110990e+00 
 6.801543e+00 -1.110986e+00 
 6.801866e+00 -1.110986e+00 
 6.802189e+00 -1.110985e+00 
 6.802512e+00 -1.110983e+00 
 6.802835e+00 -1.110980e+00 
 6.803158e+00 -1.110977e+00 
 6.803481e+00 -1.110976e+00 
 6.803804e+00 -1.110975e+00 
 6.804127e+00 -1.110975e+00 
 6.804450e+00 -1.110973e+00 
 6.804773e+00 -1.110971e+00 
 6.805096e+00 -1.110971e+00 
 6.805419e+00 -1.110971e+00 
 6.805742e+00 -1.110972e+00 
 6.806065e+00 -1.110971e+00 
 6.806388e+00 -1.110966e+00 
 6.806711e+00 -1.110963e+00 
 6.807034e+00 -1.110962e+00 
 6.807357e+00 -1.110961e+00 
 6.807680e+00 -1.110959e+00 
 6.808003e+00 -1.110956e+00 
 6.808326e+00 -1.110953e+00 
 6.808649e+00 -1.110951e+00 
 6.808972e+00 -1.110951e+00 
 6.809295e+00 -1.110950e+00 
 6.809618e+00 -1.110948e+00 
 6.809941e+00 -1.110946e+00 
 6.810264e+00 -1.110944e+00 
 6.810587e+00 -1.110942e+00 
 6.810910e+00 -1.110942e+00 
 6.811233e+00 -1.110939e+00 
 6.811556e+00 -1.110933e+00 
 6.811879e+00 -1.110928e+00 
 6.812202e+00 -1.110926e+00 
 6.812525e+00 -1.110923e+00 
 6.812848e+00 -1.110920e+00 
 6.813171e+00 -1.110915e+00 
 6.813494e+00 -1.110911e+00 
 6.813817e+00 -1.110907e+00 
 6.814140e+00 -1.110905e+00 
 6.814463e+00 -1.110902e+00 
 6.814786e+00 -1.110897e+00 
 6.815109e+00 -1.110891e+00 
 6.815432e+00 -1.110886e+00 
 6.815755e+00 -1.110882e+00 
 6.816078e+00 -1.110879e+00 
 6.816401e+00 -1.110873e+00 
 6.816724e+00 -1.110866e+00 
 6.817047e+00 -1.110860e+00 
 6.817370e+00 -1.110857e+00 
 6.817693e+00 -1.110853e+00 
 6.818016e+00 -1.110849e+00 
 6.818339e+00 -1.110844e+00 
 6.818662e+00 -1.110839e+00 
 6.818985e+00 -1.110835e+00 
 6.819308e+00 -1.110832e+00 
 6.819631e+00 -1.110827e+00 
 6.819953e+00 -1.110820e+00 
 6.820276e+00 -1.110813e+00 
 6.820599e+00 -1.110805e+00 
 6.820922e+00 -1.110799e+00 
 6.821245e+00 -1.110794e+00 
 6.821568e+00 -1.110788e+00 
 6.821891e+00 -1.110781e+00 
 6.822214e+00 -1.110774e+00 
 6.822537e+00 -1.110770e+00 
 6.822860e+00 -1.110765e+00 
 6.823183e+00 -1.110759e+00 
 6.823506e+00 -1.110752e+00 
 6.823829e+00 -1.110744e+00 
 6.824152e+00 -1.110736e+00 
 6.824475e+00 -1.110729e+00 
 6.824798e+00 -1.110721e+00 
 6.825121e+00 -1.110710e+00 
 6.825444e+00 -1.110700e+00 
 6.825767e+00 -1.110691e+00 
 6.826090e+00 -1.110682e+00 
 6.826413e+00 -1.110675e+00 
 6.826736e+00 -1.110667e+00 
 6.827059e+00 -1.110657e+00 
 6.827382e+00 -1.110649e+00 
 6.827705e+00 -1.110642e+00 
 6.828028e+00 -1.110634e+00 
 6.828351e+00 -1.110625e+00 
 6.828674e+00 -1.110615e+00 
 6.828997e+00 -1.110605e+00 
 6.829320e+00 -1.110595e+00 
 6.829643e+00 -1.110586e+00 
 6.829966e+00 -1.110576e+00 
 6.830289e+00 -1.110566e+00 
 6.830612e+00 -1.110557e+00 
 6.830935e+00 -1.110549e+00 
 6.831258e+00 -1.110541e+00 
 6.831581e+00 -1.110535e+00 
 6.831904e+00 -1.110528e+00 
 6.832227e+00 -1.110519e+00 
 6.832550e+00 -1.110512e+00 
 6.832873e+00 -1.110505e+00 
 6.833196e+00 -1.110499e+00 
 6.833519e+00 -1.110492e+00 
 6.833842e+00 -1.110484e+00 
 6.834165e+00 -1.110477e+00 
 6.834488e+00 -1.110472e+00 
 6.834811e+00 -1.110468e+00 
 6.835134e+00 -1.110464e+00 
 6.835457e+00 -1.110460e+00 
 6.835780e+00 -1.110457e+00 
 6.836103e+00 -1.110455e+00 
 6.836426e+00 -1.110453e+00 
 6.836749e+00 -1.110451e+00 
 6.837072e+00 -1.110449e+00 
 6.837395e+00 -1.110445e+00 
 6.837718e+00 -1.110442e+00 
 6.838041e+00 -1.110441e+00 
 6.838364e+00 -1.110440e+00 
 6.838687e+00 -1.110438e+00 
 6.839010e+00 -1.110435e+00 
 6.839333e+00 -1.110433e+00 
 6.839656e+00 -1.110431e+00 
 6.839979e+00 -1.110430e+00 
 6.840302e+00 -1.110428e+00 
 6.840625e+00 -1.110425e+00 
 6.840948e+00 -1.110422e+00 
 6.841271e+00 -1.110419e+00 
 6.841594e+00 -1.110416e+00 
 6.841917e+00 -1.110412e+00 
 6.842240e+00 -1.110407e+00 
 6.842563e+00 -1.110400e+00 
 6.842886e+00 -1.110394e+00 
 6.843209e+00 -1.110388e+00 
 6.843532e+00 -1.110383e+00 
 6.843855e+00 -1.110376e+00 
 6.844178e+00 -1.110368e+00 
 6.844501e+00 -1.110360e+00 
 6.844824e+00 -1.110352e+00 
 6.845147e+00 -1.110344e+00 
 6.845470e+00 -1.110334e+00 
 6.845793e+00 -1.110323e+00 
 6.846116e+00 -1.110312e+00 
 6.846439e+00 -1.110303e+00 
 6.846762e+00 -1.110293e+00 
 6.847085e+00 -1.110283e+00 
 6.847408e+00 -1.110272e+00 
 6.847731e+00 -1.110260e+00 
 6.848054e+00 -1.110249e+00 
 6.848377e+00 -1.110240e+00 
 6.848700e+00 -1.110230e+00 
 6.849023e+00 -1.110219e+00 
 6.849346e+00 -1.110207e+00 
 6.849669e+00 -1.110195e+00 
 6.849992e+00 -1.110183e+00 
 6.850315e+00 -1.110173e+00 
 6.850638e+00 -1.110161e+00 
 6.850961e+00 -1.110148e+00 
 6.851284e+00 -1.110138e+00 
 6.851607e+00 -1.110129e+00 
 6.851930e+00 -1.110121e+00 
 6.852253e+00 -1.110112e+00 
 6.852576e+00 -1.110103e+00 
 6.852899e+00 -1.110094e+00 
 6.853222e+00 -1.110085e+00 
 6.853545e+00 -1.110078e+00 
 6.853868e+00 -1.110071e+00 
 6.854191e+00 -1.110063e+00 
 6.854514e+00 -1.110055e+00 
 6.854837e+00 -1.110047e+00 
 6.855159e+00 -1.110041e+00 
 6.855482e+00 -1.110036e+00 
 6.855805e+00 -1.110029e+00 
 6.856128e+00 -1.110022e+00 
 6.856451e+00 -1.110017e+00 
 6.856774e+00 -1.110014e+00 
 6.857097e+00 -1.110010e+00 
 6.857420e+00 -1.110006e+00 
 6.857743e+00 -1.110001e+00 
 6.858066e+00 -1.109995e+00 
 6.858389e+00 -1.109991e+00 
 6.858712e+00 -1.109987e+00 
 6.859035e+00 -1.109982e+00 
 6.859358e+00 -1.109977e+00 
 6.859681e+00 -1.109973e+00 
 6.860004e+00 -1.109970e+00 
 6.860327e+00 -1.109968e+00 
 6.860650e+00 -1.109967e+00 
 6.860973e+00 -1.109965e+00 
 6.861296e+00 -1.109961e+00 
 6.861619e+00 -1.109958e+00 
 6.861942e+00 -1.109957e+00 
 6.862265e+00 -1.109954e+00 
 6.862588e+00 -1.109951e+00 
 6.862911e+00 -1.109948e+00 
 6.863234e+00 -1.109944e+00 
 6.863557e+00 -1.109941e+00 
 6.863880e+00 -1.109939e+00 
 6.864203e+00 -1.109937e+00 
 6.864526e+00 -1.109936e+00 
 6.864849e+00 -1.109934e+00 
 6.865172e+00 -1.109933e+00 
 6.865495e+00 -1.109933e+00 
 6.865818e+00 -1.109934e+00 
 6.866141e+00 -1.109932e+00 
 6.866464e+00 -1.109929e+00 
 6.866787e+00 -1.109926e+00 
 6.867110e+00 -1.109924e+00 
 6.867433e+00 -1.109921e+00 
 6.867756e+00 -1.109918e+00 
 6.868079e+00 -1.109915e+00 
 6.868402e+00 -1.109911e+00 
 6.868725e+00 -1.109907e+00 
 6.869048e+00 -1.109905e+00 
 6.869371e+00 -1.109903e+00 
 6.869694e+00 -1.109899e+00 
 6.870017e+00 -1.109895e+00 
 6.870340e+00 -1.109891e+00 
 6.870663e+00 -1.109889e+00 
 6.870986e+00 -1.109887e+00 
 6.871309e+00 -1.109882e+00 
 6.871632e+00 -1.109875e+00 
 6.871955e+00 -1.109869e+00 
 6.872278e+00 -1.109864e+00 
 6.872601e+00 -1.109858e+00 
 6.872924e+00 -1.109852e+00 
 6.873247e+00 -1.109845e+00 
 6.873570e+00 -1.109838e+00 
 6.873893e+00 -1.109832e+00 
 6.874216e+00 -1.109827e+00 
 6.874539e+00 -1.109821e+00 
 6.874862e+00 -1.109814e+00 
 6.875185e+00 -1.109805e+00 
 6.875508e+00 -1.109798e+00 
 6.875831e+00 -1.109793e+00 
 6.876154e+00 -1.109788e+00 
 6.876477e+00 -1.109782e+00 
 6.876800e+00 -1.109773e+00 
 6.877123e+00 -1.109766e+00 
 6.877446e+00 -1.109760e+00 
 6.877769e+00 -1.109754e+00 
 6.878092e+00 -1.109747e+00 
 6.878415e+00 -1.109739e+00 
 6.878738e+00 -1.109731e+00 
 6.879061e+00 -1.109725e+00 
 6.879384e+00 -1.109718e+00 
 6.879707e+00 -1.109712e+00 
 6.880030e+00 -1.109704e+00 
 6.880353e+00 -1.109696e+00 
 6.880676e+00 -1.109690e+00 
 6.880999e+00 -1.109686e+00 
 6.881322e+00 -1.109682e+00 
 6.881645e+00 -1.109676e+00 
 6.881968e+00 -1.109668e+00 
 6.882291e+00 -1.109661e+00 
 6.882614e+00 -1.109656e+00 
 6.882937e+00 -1.109650e+00 
 6.883260e+00 -1.109644e+00 
 6.883583e+00 -1.109637e+00 
 6.883906e+00 -1.109630e+00 
 6.884229e+00 -1.109624e+00 
 6.884552e+00 -1.109618e+00 
 6.884875e+00 -1.109612e+00 
 6.885198e+00 -1.109604e+00 
 6.885521e+00 -1.109597e+00 
 6.885844e+00 -1.109590e+00 
 6.886167e+00 -1.109586e+00 
 6.886490e+00 -1.109581e+00 
 6.886813e+00 -1.109574e+00 
 6.887136e+00 -1.109565e+00 
 6.887459e+00 -1.109557e+00 
 6.887782e+00 -1.109549e+00 
 6.888105e+00 -1.109542e+00 
 6.888428e+00 -1.109533e+00 
 6.888751e+00 -1.109524e+00 
 6.889074e+00 -1.109515e+00 
 6.889397e+00 -1.109507e+00 
 6.889720e+00 -1.109499e+00 
 6.890043e+00 -1.109490e+00 
 6.890366e+00 -1.109480e+00 
 6.890688e+00 -1.109467e+00 
 6.891011e+00 -1.109455e+00 
 6.891334e+00 -1.109445e+00 
 6.891657e+00 -1.109435e+00 
 6.891980e+00 -1.109422e+00 
 6.892303e+00 -1.109409e+00 
 6.892626e+00 -1.109396e+00 
 6.892949e+00 -1.109383e+00 
 6.893272e+00 -1.109371e+00 
 6.893595e+00 -1.109358e+00 
 6.893918e+00 -1.109344e+00 
 6.894241e+00 -1.109330e+00 
 6.894564e+00 -1.109316e+00 
 6.894887e+00 -1.109303e+00 
 6.895210e+00 -1.109289e+00 
 6.895533e+00 -1.109273e+00 
 6.895856e+00 -1.109254e+00 
 6.896179e+00 -1.109237e+00 
 6.896502e+00 -1.109223e+00 
 6.896825e+00 -1.109209e+00 
 6.897148e+00 -1.109194e+00 
 6.897471e+00 -1.109178e+00 
 6.897794e+00 -1.109162e+00 
 6.898117e+00 -1.109148e+00 
 6.898440e+00 -1.109134e+00 
 6.898763e+00 -1.109121e+00 
 6.899086e+00 -1.109106e+00 
 6.899409e+00 -1.109092e+00 
 6.899732e+00 -1.109080e+00 
 6.900055e+00 -1.109068e+00 
 6.900378e+00 -1.109056e+00 
 6.900701e+00 -1.109042e+00 
 6.901024e+00 -1.109026e+00 
 6.901347e+00 -1.109012e+00 
 6.901670e+00 -1.109002e+00 
 6.901993e+00 -1.108993e+00 
 6.902316e+00 -1.108982e+00 
 6.902639e+00 -1.108971e+00 
 6.902962e+00 -1.108961e+00 
 6.903285e+00 -1.108952e+00 
 6.903608e+00 -1.108944e+00 
 6.903931e+00 -1.108936e+00 
 6.904254e+00 -1.108927e+00 
 6.904577e+00 -1.108918e+00 
 6.904900e+00 -1.108911e+00 
 6.905223e+00 -1.108905e+00 
 6.905546e+00 -1.108899e+00 
 6.905869e+00 -1.108889e+00 
 6.906192e+00 -1.108878e+00 
 6.906515e+00 -1.108869e+00 
 6.906838e+00 -1.108863e+00 
 6.907161e+00 -1.108856e+00 
 6.907484e+00 -1.108848e+00 
 6.907807e+00 -1.108840e+00 
 6.908130e+00 -1.108832e+00 
 6.908453e+00 -1.108825e+00 
 6.908776e+00 -1.108819e+00 
 6.909099e+00 -1.108812e+00 
 6.909422e+00 -1.108804e+00 
 6.909745e+00 -1.108796e+00 
 6.910068e+00 -1.108789e+00 
 6.910391e+00 -1.108783e+00 
 6.910714e+00 -1.108774e+00 
 6.911037e+00 -1.108762e+00 
 6.911360e+00 -1.108749e+00 
 6.911683e+00 -1.108738e+00 
 6.912006e+00 -1.108729e+00 
 6.912329e+00 -1.108720e+00 
 6.912652e+00 -1.108711e+00 
 6.912975e+00 -1.108701e+00 
 6.913298e+00 -1.108691e+00 
 6.913621e+00 -1.108683e+00 
 6.913944e+00 -1.108674e+00 
 6.914267e+00 -1.108665e+00 
 6.914590e+00 -1.108654e+00 
 6.914913e+00 -1.108643e+00 
 6.915236e+00 -1.108633e+00 
 6.915559e+00 -1.108623e+00 
 6.915882e+00 -1.108613e+00 
 6.916205e+00 -1.108599e+00 
 6.916528e+00 -1.108584e+00 
 6.916851e+00 -1.108573e+00 
 6.917174e+00 -1.108563e+00 
 6.917497e+00 -1.108554e+00 
 6.917820e+00 -1.108544e+00 
 6.918143e+00 -1.108534e+00 
 6.918466e+00 -1.108524e+00 
 6.918789e+00 -1.108515e+00 
 6.919112e+00 -1.108506e+00 
 6.919435e+00 -1.108495e+00 
 6.919758e+00 -1.108483e+00 
 6.920081e+00 -1.108471e+00 
 6.920404e+00 -1.108460e+00 
 6.920727e+00 -1.108451e+00 
 6.921050e+00 -1.108441e+00 
 6.921373e+00 -1.108428e+00 
 6.921696e+00 -1.108417e+00 
 6.922019e+00 -1.108408e+00 
 6.922342e+00 -1.108401e+00 
 6.922665e+00 -1.108394e+00 
 6.922988e+00 -1.108386e+00 
 6.923311e+00 -1.108377e+00 
 6.923634e+00 -1.108368e+00 
 6.923957e+00 -1.108358e+00 
 6.924280e+00 -1.108350e+00 
 6.924603e+00 -1.108340e+00 
 6.924926e+00 -1.108330e+00 
 6.925249e+00 -1.108320e+00 
 6.925572e+00 -1.108313e+00 
 6.925894e+00 -1.108308e+00 
 6.926217e+00 -1.108301e+00 
 6.926540e+00 -1.108294e+00 
 6.926863e+00 -1.108286e+00 
 6.927186e+00 -1.108280e+00 
 6.927509e+00 -1.108276e+00 
 6.927832e+00 -1.108272e+00 
 6.928155e+00 -1.108267e+00 
 6.928478e+00 -1.108261e+00 
 6.928801e+00 -1.108254e+00 
 6.929124e+00 -1.108249e+00 
 6.929447e+00 -1.108244e+00 
 6.929770e+00 -1.108238e+00 
 6.930093e+00 -1.108232e+00 
 6.930416e+00 -1.108227e+00 
 6.930739e+00 -1.108223e+00 
 6.931062e+00 -1.108222e+00 
 6.931385e+00 -1.108219e+00 
 6.931708e+00 -1.108214e+00 
 6.932031e+00 -1.108209e+00 
 6.932354e+00 -1.108206e+00 
 6.932677e+00 -1.108204e+00 
 6.933000e+00 -1.108201e+00 
 6.933323e+00 -1.108196e+00 
 6.933646e+00 -1.108191e+00 
 6.933969e+00 -1.108185e+00 
 6.934292e+00 -1.108181e+00 
 6.934615e+00 -1.108177e+00 
 6.934938e+00 -1.108172e+00 
 6.935261e+00 -1.108166e+00 
 6.935584e+00 -1.108161e+00 
 6.935907e+00 -1.108157e+00 
 6.936230e+00 -1.108154e+00 
 6.936553e+00 -1.108149e+00 
 6.936876e+00 -1.108142e+00 
 6.937199e+00 -1.108135e+00 
 6.937522e+00 -1.108130e+00 
 6.937845e+00 -1.108126e+00 
 6.938168e+00 -1.108121e+00 
 6.938491e+00 -1.108114e+00 
 6.938814e+00 -1.108107e+00 
 6.939137e+00 -1.108099e+00 
 6.939460e+00 -1.108092e+00 
 6.939783e+00 -1.108085e+00 
 6.940106e+00 -1.108077e+00 
 6.940429e+00 -1.108068e+00 
 6.940752e+00 -1.108060e+00 
 6.941075e+00 -1.108054e+00 
 6.941398e+00 -1.108048e+00 
 6.941721e+00 -1.108041e+00 
 6.942044e+00 -1.108033e+00 
 6.942367e+00 -1.108024e+00 
 6.942690e+00 -1.108017e+00 
 6.943013e+00 -1.108010e+00 
 6.943336e+00 -1.108002e+00 
 6.943659e+00 -1.107993e+00 
 6.943982e+00 -1.107984e+00 
 6.944305e+00 -1.107974e+00 
 6.944628e+00 -1.107966e+00 
 6.944951e+00 -1.107959e+00 
 6.945274e+00 -1.107950e+00 
 6.945597e+00 -1.107941e+00 
 6.945920e+00 -1.107934e+00 
 6.946243e+00 -1.107928e+00 
 6.946566e+00 -1.107923e+00 
 6.946889e+00 -1.107917e+00 
 6.947212e+00 -1.107909e+00 
 6.947535e+00 -1.107902e+00 
 6.947858e+00 -1.107895e+00 
 6.948181e+00 -1.107890e+00 
 6.948504e+00 -1.107883e+00 
 6.948827e+00 -1.107876e+00 
 6.949150e+00 -1.107868e+00 
 6.949473e+00 -1.107862e+00 
 6.949796e+00 -1.107857e+00 
 6.950119e+00 -1.107852e+00 
 6.950442e+00 -1.107847e+00 
 6.950765e+00 -1.107842e+00 
 6.951088e+00 -1.107838e+00 
 6.951411e+00 -1.107835e+00 
 6.951734e+00 -1.107832e+00 
 6.952057e+00 -1.107828e+00 
 6.952380e+00 -1.107821e+00 
 6.952703e+00 -1.107815e+00 
 6.953026e+00 -1.107810e+00 
 6.953349e+00 -1.107805e+00 
 6.953672e+00 -1.107800e+00 
 6.953995e+00 -1.107794e+00 
 6.954318e+00 -1.107788e+00 
 6.954641e+00 -1.107783e+00 
 6.954964e+00 -1.107778e+00 
 6.955287e+00 -1.107774e+00 
 6.955610e+00 -1.107768e+00 
 6.955933e+00 -1.107761e+00 
 6.956256e+00 -1.107755e+00 
 6.956579e+00 -1.107749e+00 
 6.956902e+00 -1.107743e+00 
 6.957225e+00 -1.107735e+00 
 6.957548e+00 -1.107726e+00 
 6.957871e+00 -1.107717e+00 
 6.958194e+00 -1.107708e+00 
 6.958517e+00 -1.107700e+00 
 6.958840e+00 -1.107691e+00 
 6.959163e+00 -1.107681e+00 
 6.959486e+00 -1.107670e+00 
 6.959809e+00 -1.107660e+00 
 6.960132e+00 -1.107650e+00 
 6.960455e+00 -1.107640e+00 
 6.960778e+00 -1.107628e+00 
 6.961101e+00 -1.107616e+00 
 6.961423e+00 -1.107604e+00 
 6.961746e+00 -1.107593e+00 
 6.962069e+00 -1.107581e+00 
 6.962392e+00 -1.107568e+00 
 6.962715e+00 -1.107554e+00 
 6.963038e+00 -1.107540e+00 
 6.963361e+00 -1.107527e+00 
 6.963684e+00 -1.107515e+00 
 6.964007e+00 -1.107503e+00 
 6.964330e+00 -1.107489e+00 
 6.964653e+00 -1.107476e+00 
 6.964976e+00 -1.107464e+00 
 6.965299e+00 -1.107452e+00 
 6.965622e+00 -1.107440e+00 
 6.965945e+00 -1.107428e+00 
 6.966268e+00 -1.107416e+00 
 6.966591e+00 -1.107404e+00 
 6.966914e+00 -1.107395e+00 
 6.967237e+00 -1.107384e+00 
 6.967560e+00 -1.107373e+00 
 6.967883e+00 -1.107362e+00 
 6.968206e+00 -1.107351e+00 
 6.968529e+00 -1.107341e+00 
 6.968852e+00 -1.107331e+00 
 6.969175e+00 -1.107322e+00 
 6.969498e+00 -1.107312e+00 
 6.969821e+00 -1.107303e+00 
 6.970144e+00 -1.107295e+00 
 6.970467e+00 -1.107288e+00 
 6.970790e+00 -1.107281e+00 
 6.971113e+00 -1.107273e+00 
 6.971436e+00 -1.107264e+00 
 6.971759e+00 -1.107256e+00 
 6.972082e+00 -1.107249e+00 
 6.972405e+00 -1.107241e+00 
 6.972728e+00 -1.107232e+00 
 6.973051e+00 -1.107223e+00 
 6.973374e+00 -1.107215e+00 
 6.973697e+00 -1.107208e+00 
 6.974020e+00 -1.107201e+00 
 6.974343e+00 -1.107195e+00 
 6.974666e+00 -1.107188e+00 
 6.974989e+00 -1.107182e+00 
 6.975312e+00 -1.107176e+00 
 6.975635e+00 -1.107170e+00 
 6.975958e+00 -1.107162e+00 
 6.976281e+00 -1.107154e+00 
 6.976604e+00 -1.107146e+00 
 6.976927e+00 -1.107138e+00 
 6.977250e+00 -1.107130e+00 
 6.977573e+00 -1.107123e+00 
 6.977896e+00 -1.107114e+00 
 6.978219e+00 -1.107105e+00 
 6.978542e+00 -1.107098e+00 
 6.978865e+00 -1.107091e+00 
 6.979188e+00 -1.107085e+00 
 6.979511e+00 -1.107079e+00 
 6.979834e+00 -1.107071e+00 
 6.980157e+00 -1.107064e+00 
 6.980480e+00 -1.107057e+00 
 6.980803e+00 -1.107049e+00 
 6.981126e+00 -1.107039e+00 
 6.981449e+00 -1.107029e+00 
 6.981772e+00 -1.107019e+00 
 6.982095e+00 -1.107010e+00 
 6.982418e+00 -1.107001e+00 
 6.982741e+00 -1.106993e+00 
 6.983064e+00 -1.106985e+00 
 6.983387e+00 -1.106976e+00 
 6.983710e+00 -1.106969e+00 
 6.984033e+00 -1.106962e+00 
 6.984356e+00 -1.106954e+00 
 6.984679e+00 -1.106946e+00 
 6.985002e+00 -1.106936e+00 
 6.985325e+00 -1.106927e+00 
 6.985648e+00 -1.106917e+00 
 6.985971e+00 -1.106908e+00 
 6.986294e+00 -1.106898e+00 
 6.986617e+00 -1.106888e+00 
 6.986940e+00 -1.106879e+00 
 6.987263e+00 -1.106871e+00 
 6.987586e+00 -1.106863e+00 
 6.987909e+00 -1.106855e+00 
 6.988232e+00 -1.106847e+00 
 6.988555e+00 -1.106838e+00 
 6.988878e+00 -1.106829e+00 
 6.989201e+00 -1.106822e+00 
 6.989524e+00 -1.106814e+00 
 6.989847e+00 -1.106805e+00 
 6.990170e+00 -1.106796e+00 
 6.990493e+00 -1.106788e+00 
 6.990816e+00 -1.106782e+00 
 6.991139e+00 -1.106776e+00 
 6.991462e+00 -1.106769e+00 
 6.991785e+00 -1.106761e+00 
 6.992108e+00 -1.106755e+00 
 6.992431e+00 -1.106749e+00 
 6.992754e+00 -1.106745e+00 
 6.993077e+00 -1.106740e+00 
 6.993400e+00 -1.106734e+00 
 6.993723e+00 -1.106729e+00 
 6.994046e+00 -1.106724e+00 
 6.994369e+00 -1.106721e+00 
 6.994692e+00 -1.106717e+00 
 6.995015e+00 -1.106713e+00 
 6.995338e+00 -1.106710e+00 
 6.995661e+00 -1.106708e+00 
 6.995984e+00 -1.106708e+00 
 6.996307e+00 -1.106707e+00 
 6.996629e+00 -1.106705e+00 
 6.996952e+00 -1.106702e+00 
 6.997275e+00 -1.106699e+00 
 6.997598e+00 -1.106697e+00 
 6.997921e+00 -1.106696e+00 
 6.998244e+00 -1.106695e+00 
 6.998567e+00 -1.106692e+00 
 6.998890e+00 -1.106690e+00 
 6.999213e+00 -1.106689e+00 
 6.999536e+00 -1.106689e+00 
 6.999859e+00 -1.106688e+00 
 7.000182e+00 -1.106686e+00 
 7.000505e+00 -1.106684e+00 
 7.000828e+00 -1.106682e+00 
 7.001151e+00 -1.106682e+00 
 7.001474e+00 -1.106680e+00 
 7.001797e+00 -1.106676e+00 
 7.002120e+00 -1.106672e+00 
 7.002443e+00 -1.106668e+00 
 7.002766e+00 -1.106665e+00 
 7.003089e+00 -1.106663e+00 
 7.003412e+00 -1.106660e+00 
 7.003735e+00 -1.106656e+00 
 7.004058e+00 -1.106651e+00 
 7.004381e+00 -1.106647e+00 
 7.004704e+00 -1.106642e+00 
 7.005027e+00 -1.106637e+00 
 7.005350e+00 -1.106630e+00 
 7.005673e+00 -1.106622e+00 
 7.005996e+00 -1.106616e+00 
 7.006319e+00 -1.106611e+00 
 7.006642e+00 -1.106604e+00 
 7.006965e+00 -1.106596e+00 
 7.007288e+00 -1.106588e+00 
 7.007611e+00 -1.106581e+00 
 7.007934e+00 -1.106573e+00 
 7.008257e+00 -1.106567e+00 
 7.008580e+00 -1.106559e+00 
 7.008903e+00 -1.106550e+00 
 7.009226e+00 -1.106541e+00 
 7.009549e+00 -1.106532e+00 
 7.009872e+00 -1.106523e+00 
 7.010195e+00 -1.106513e+00 
 7.010518e+00 -1.106503e+00 
 7.010841e+00 -1.106493e+00 
 7.011164e+00 -1.106485e+00 
 7.011487e+00 -1.106478e+00 
 7.011810e+00 -1.106471e+00 
 7.012133e+00 -1.106462e+00 
 7.012456e+00 -1.106454e+00 
 7.012779e+00 -1.106446e+00 
 7.013102e+00 -1.106439e+00 
 7.013425e+00 -1.106431e+00 
 7.013748e+00 -1.106423e+00 
 7.014071e+00 -1.106414e+00 
 7.014394e+00 -1.106405e+00 
 7.014717e+00 -1.106398e+00 
 7.015040e+00 -1.106391e+00 
 7.015363e+00 -1.106384e+00 
 7.015686e+00 -1.106378e+00 
 7.016009e+00 -1.106372e+00 
 7.016332e+00 -1.106368e+00 
 7.016655e+00 -1.106365e+00 
 7.016978e+00 -1.106360e+00 
 7.017301e+00 -1.106354e+00 
 7.017624e+00 -1.106347e+00 
 7.017947e+00 -1.106341e+00 
 7.018270e+00 -1.106336e+00 
 7.018593e+00 -1.106331e+00 
 7.018916e+00 -1.106325e+00 
 7.019239e+00 -1.106319e+00 
 7.019562e+00 -1.106315e+00 
 7.019885e+00 -1.106310e+00 
 7.020208e+00 -1.106306e+00 
 7.020531e+00 -1.106302e+00 
 7.020854e+00 -1.106297e+00 
 7.021177e+00 -1.106292e+00 
 7.021500e+00 -1.106288e+00 
 7.021823e+00 -1.106283e+00 
 7.022146e+00 -1.106277e+00 
 7.022469e+00 -1.106269e+00 
 7.022792e+00 -1.106261e+00 
 7.023115e+00 -1.106253e+00 
 7.023438e+00 -1.106245e+00 
 7.023761e+00 -1.106238e+00 
 7.024084e+00 -1.106230e+00 
 7.024407e+00 -1.106221e+00 
 7.024730e+00 -1.106213e+00 
 7.025053e+00 -1.106205e+00 
 7.025376e+00 -1.106196e+00 
 7.025699e+00 -1.106186e+00 
 7.026022e+00 -1.106175e+00 
 7.026345e+00 -1.106163e+00 
 7.026668e+00 -1.106152e+00 
 7.026991e+00 -1.106140e+00 
 7.027314e+00 -1.106128e+00 
 7.027637e+00 -1.106114e+00 
 7.027960e+00 -1.106100e+00 
 7.028283e+00 -1.106087e+00 
 7.028606e+00 -1.106075e+00 
 7.028929e+00 -1.106063e+00 
 7.029252e+00 -1.106050e+00 
 7.029575e+00 -1.106035e+00 
 7.029898e+00 -1.106021e+00 
 7.030221e+00 -1.106006e+00 
 7.030544e+00 -1.105991e+00 
 7.030867e+00 -1.105973e+00 
 7.031190e+00 -1.105957e+00 
 7.031513e+00 -1.105941e+00 
 7.031835e+00 -1.105927e+00 
 7.032158e+00 -1.105912e+00 
 7.032481e+00 -1.105898e+00 
 7.032804e+00 -1.105882e+00 
 7.033127e+00 -1.105866e+00 
 7.033450e+00 -1.105851e+00 
 7.033773e+00 -1.105836e+00 
 7.034096e+00 -1.105821e+00 
 7.034419e+00 -1.105805e+00 
 7.034742e+00 -1.105789e+00 
 7.035065e+00 -1.105773e+00 
 7.035388e+00 -1.105758e+00 
 7.035711e+00 -1.105742e+00 
 7.036034e+00 -1.105725e+00 
 7.036357e+00 -1.105709e+00 
 7.036680e+00 -1.105695e+00 
 7.037003e+00 -1.105682e+00 
 7.037326e+00 -1.105669e+00 
 7.037649e+00 -1.105655e+00 
 7.037972e+00 -1.105641e+00 
 7.038295e+00 -1.105627e+00 
 7.038618e+00 -1.105614e+00 
 7.038941e+00 -1.105602e+00 
 7.039264e+00 -1.105589e+00 
 7.039587e+00 -1.105576e+00 
 7.039910e+00 -1.105563e+00 
 7.040233e+00 -1.105551e+00 
 7.040556e+00 -1.105540e+00 
 7.040879e+00 -1.105527e+00 
 7.041202e+00 -1.105515e+00 
 7.041525e+00 -1.105503e+00 
 7.041848e+00 -1.105493e+00 
 7.042171e+00 -1.105484e+00 
 7.042494e+00 -1.105474e+00 
 7.042817e+00 -1.105464e+00 
 7.043140e+00 -1.105453e+00 
 7.043463e+00 -1.105442e+00 
 7.043786e+00 -1.105433e+00 
 7.044109e+00 -1.105425e+00 
 7.044432e+00 -1.105416e+00 
 7.044755e+00 -1.105407e+00 
 7.045078e+00 -1.105400e+00 
 7.045401e+00 -1.105393e+00 
 7.045724e+00 -1.105384e+00 
 7.046047e+00 -1.105374e+00 
 7.046370e+00 -1.105363e+00 
 7.046693e+00 -1.105353e+00 
 7.047016e+00 -1.105344e+00 
 7.047339e+00 -1.105336e+00 
 7.047662e+00 -1.105328e+00 
 7.047985e+00 -1.105320e+00 
 7.048308e+00 -1.105311e+00 
 7.048631e+00 -1.105303e+00 
 7.048954e+00 -1.105296e+00 
 7.049277e+00 -1.105288e+00 
 7.049600e+00 -1.105279e+00 
 7.049923e+00 -1.105270e+00 
 7.050246e+00 -1.105262e+00 
 7.050569e+00 -1.105253e+00 
 7.050892e+00 -1.105243e+00 
 7.051215e+00 -1.105231e+00 
 7.051538e+00 -1.105219e+00 
 7.051861e+00 -1.105208e+00 
 7.052184e+00 -1.105198e+00 
 7.052507e+00 -1.105189e+00 
 7.052830e+00 -1.105180e+00 
 7.053153e+00 -1.105170e+00 
 7.053476e+00 -1.105160e+00 
 7.053799e+00 -1.105150e+00 
 7.054122e+00 -1.105140e+00 
 7.054445e+00 -1.105130e+00 
 7.054768e+00 -1.105120e+00 
 7.055091e+00 -1.105110e+00 
 7.055414e+00 -1.105099e+00 
 7.055737e+00 -1.105089e+00 
 7.056060e+00 -1.105078e+00 
 7.056383e+00 -1.105066e+00 
 7.056706e+00 -1.105054e+00 
 7.057029e+00 -1.105045e+00 
 7.057352e+00 -1.105037e+00 
 7.057675e+00 -1.105029e+00 
 7.057998e+00 -1.105022e+00 
 7.058321e+00 -1.105014e+00 
 7.058644e+00 -1.105005e+00 
 7.058967e+00 -1.104997e+00 
 7.059290e+00 -1.104989e+00 
 7.059613e+00 -1.104981e+00 
 7.059936e+00 -1.104973e+00 
 7.060259e+00 -1.104965e+00 
 7.060582e+00 -1.104959e+00 
 7.060905e+00 -1.104955e+00 
 7.061228e+00 -1.104950e+00 
 7.061551e+00 -1.104944e+00 
 7.061874e+00 -1.104938e+00 
 7.062197e+00 -1.104933e+00 
 7.062520e+00 -1.104930e+00 
 7.062843e+00 -1.104927e+00 
 7.063166e+00 -1.104924e+00 
 7.063489e+00 -1.104920e+00 
 7.063812e+00 -1.104916e+00 
 7.064135e+00 -1.104912e+00 
 7.064458e+00 -1.104910e+00 
 7.064781e+00 -1.104907e+00 
 7.065104e+00 -1.104904e+00 
 7.065427e+00 -1.104901e+00 
 7.065750e+00 -1.104901e+00 
 7.066073e+00 -1.104902e+00 
 7.066396e+00 -1.104901e+00 
 7.066719e+00 -1.104899e+00 
 7.067042e+00 -1.104897e+00 
 7.067364e+00 -1.104896e+00 
 7.067687e+00 -1.104895e+00 
 7.068010e+00 -1.104895e+00 
 7.068333e+00 -1.104894e+00 
 7.068656e+00 -1.104891e+00 
 7.068979e+00 -1.104888e+00 
 7.069302e+00 -1.104886e+00 
 7.069625e+00 -1.104884e+00 
 7.069948e+00 -1.104881e+00 
 7.070271e+00 -1.104878e+00 
 7.070594e+00 -1.104875e+00 
 7.070917e+00 -1.104875e+00 
 7.071240e+00 -1.104875e+00 
 7.071563e+00 -1.104872e+00 
 7.071886e+00 -1.104867e+00 
 7.072209e+00 -1.104862e+00 
 7.072532e+00 -1.104857e+00 
 7.072855e+00 -1.104853e+00 
 7.073178e+00 -1.104849e+00 
 7.073501e+00 -1.104844e+00 
 7.073824e+00 -1.104838e+00 
 7.074147e+00 -1.104831e+00 
 7.074470e+00 -1.104825e+00 
 7.074793e+00 -1.104819e+00 
 7.075116e+00 -1.104811e+00 
 7.075439e+00 -1.104802e+00 
 7.075762e+00 -1.104794e+00 
 7.076085e+00 -1.104788e+00 
 7.076408e+00 -1.104783e+00 
 7.076731e+00 -1.104776e+00 
 7.077054e+00 -1.104767e+00 
 7.077377e+00 -1.104758e+00 
 7.077700e+00 -1.104750e+00 
 7.078023e+00 -1.104742e+00 
 7.078346e+00 -1.104734e+00 
 7.078669e+00 -1.104725e+00 
 7.078992e+00 -1.104714e+00 
 7.079315e+00 -1.104704e+00 
 7.079638e+00 -1.104695e+00 
 7.079961e+00 -1.104685e+00 
 7.080284e+00 -1.104675e+00 
 7.080607e+00 -1.104665e+00 
 7.080930e+00 -1.104656e+00 
 7.081253e+00 -1.104649e+00 
 7.081576e+00 -1.104642e+00 
 7.081899e+00 -1.104634e+00 
 7.082222e+00 -1.104625e+00 
 7.082545e+00 -1.104615e+00 
 7.082868e+00 -1.104607e+00 
 7.083191e+00 -1.104599e+00 
 7.083514e+00 -1.104591e+00 
 7.083837e+00 -1.104582e+00 
 7.084160e+00 -1.104573e+00 
 7.084483e+00 -1.104564e+00 
 7.084806e+00 -1.104556e+00 
 7.085129e+00 -1.104549e+00 
 7.085452e+00 -1.104541e+00 
 7.085775e+00 -1.104533e+00 
 7.086098e+00 -1.104526e+00 
 7.086421e+00 -1.104522e+00 
 7.086744e+00 -1.104517e+00 
 7.087067e+00 -1.104511e+00 
 7.087390e+00 -1.104504e+00 
 7.087713e+00 -1.104495e+00 
 7.088036e+00 -1.104488e+00 
 7.088359e+00 -1.104480e+00 
 7.088682e+00 -1.104473e+00 
 7.089005e+00 -1.104465e+00 
 7.089328e+00 -1.104458e+00 
 7.089651e+00 -1.104451e+00 
 7.089974e+00 -1.104445e+00 
 7.090297e+00 -1.104440e+00 
 7.090620e+00 -1.104434e+00 
 7.090943e+00 -1.104426e+00 
 7.091266e+00 -1.104418e+00 
 7.091589e+00 -1.104412e+00 
 7.091912e+00 -1.104405e+00 
 7.092235e+00 -1.104396e+00 
 7.092558e+00 -1.104386e+00 
 7.092881e+00 -1.104375e+00 
 7.093204e+00 -1.104366e+00 
 7.093527e+00 -1.104357e+00 
 7.093850e+00 -1.104349e+00 
 7.094173e+00 -1.104339e+00 
 7.094496e+00 -1.104330e+00 
 7.094819e+00 -1.104320e+00 
 7.095142e+00 -1.104311e+00 
 7.095465e+00 -1.104302e+00 
 7.095788e+00 -1.104291e+00 
 7.096111e+00 -1.104279e+00 
 7.096434e+00 -1.104266e+00 
 7.096757e+00 -1.104255e+00 
 7.097080e+00 -1.104243e+00 
 7.097403e+00 -1.104230e+00 
 7.097726e+00 -1.104215e+00 
 7.098049e+00 -1.104201e+00 
 7.098372e+00 -1.104188e+00 
 7.098695e+00 -1.104176e+00 
 7.099018e+00 -1.104164e+00 
 7.099341e+00 -1.104151e+00 
 7.099664e+00 -1.104137e+00 
 7.099987e+00 -1.104124e+00 
 7.100310e+00 -1.104111e+00 
 7.100633e+00 -1.104097e+00 
 7.100956e+00 -1.104080e+00 
 7.101279e+00 -1.104063e+00 
 7.101602e+00 -1.104046e+00 
 7.101925e+00 -1.104032e+00 
 7.102248e+00 -1.104018e+00 
 7.102570e+00 -1.104003e+00 
 7.102893e+00 -1.103987e+00 
 7.103216e+00 -1.103973e+00 
 7.103539e+00 -1.103959e+00 
 7.103862e+00 -1.103946e+00 
 7.104185e+00 -1.103933e+00 
 7.104508e+00 -1.103918e+00 
 7.104831e+00 -1.103903e+00 
 7.105154e+00 -1.103888e+00 
 7.105477e+00 -1.103875e+00 
 7.105800e+00 -1.103860e+00 
 7.106123e+00 -1.103845e+00 
 7.106446e+00 -1.103830e+00 
 7.106769e+00 -1.103816e+00 
 7.107092e+00 -1.103805e+00 
 7.107415e+00 -1.103793e+00 
 7.107738e+00 -1.103781e+00 
 7.108061e+00 -1.103769e+00 
 7.108384e+00 -1.103757e+00 
 7.108707e+00 -1.103747e+00 
 7.109030e+00 -1.103737e+00 
 7.109353e+00 -1.103726e+00 
 7.109676e+00 -1.103715e+00 
 7.109999e+00 -1.103705e+00 
 7.110322e+00 -1.103695e+00 
 7.110645e+00 -1.103686e+00 
 7.110968e+00 -1.103676e+00 
 7.111291e+00 -1.103665e+00 
 7.111614e+00 -1.103655e+00 
 7.111937e+00 -1.103647e+00 
 7.112260e+00 -1.103641e+00 
 7.112583e+00 -1.103634e+00 
 7.112906e+00 -1.103627e+00 
 7.113229e+00 -1.103619e+00 
 7.113552e+00 -1.103611e+00 
 7.113875e+00 -1.103604e+00 
 7.114198e+00 -1.103598e+00 
 7.114521e+00 -1.103592e+00 
 7.114844e+00 -1.103584e+00 
 7.115167e+00 -1.103578e+00 
 7.115490e+00 -1.103573e+00 
 7.115813e+00 -1.103568e+00 
 7.116136e+00 -1.103563e+00 
 7.116459e+00 -1.103556e+00 
 7.116782e+00 -1.103549e+00 
 7.117105e+00 -1.103542e+00 
 7.117428e+00 -1.103537e+00 
 7.117751e+00 -1.103532e+00 
 7.118074e+00 -1.103525e+00 
 7.118397e+00 -1.103519e+00 
 7.118720e+00 -1.103513e+00 
 7.119043e+00 -1.103507e+00 
 7.119366e+00 -1.103502e+00 
 7.119689e+00 -1.103497e+00 
 7.120012e+00 -1.103491e+00 
 7.120335e+00 -1.103484e+00 
 7.120658e+00 -1.103479e+00 
 7.120981e+00 -1.103473e+00 
 7.121304e+00 -1.103466e+00 
 7.121627e+00 -1.103457e+00 
 7.121950e+00 -1.103449e+00 
 7.122273e+00 -1.103442e+00 
 7.122596e+00 -1.103436e+00 
 7.122919e+00 -1.103431e+00 
 7.123242e+00 -1.103424e+00 
 7.123565e+00 -1.103417e+00 
 7.123888e+00 -1.103410e+00 
 7.124211e+00 -1.103404e+00 
 7.124534e+00 -1.103397e+00 
 7.124857e+00 -1.103391e+00 
 7.125180e+00 -1.103383e+00 
 7.125503e+00 -1.103375e+00 
 7.125826e+00 -1.103368e+00 
 7.126149e+00 -1.103362e+00 
 7.126472e+00 -1.103354e+00 
 7.126795e+00 -1.103345e+00 
 7.127118e+00 -1.103337e+00 
 7.127441e+00 -1.103331e+00 
 7.127764e+00 -1.103326e+00 
 7.128087e+00 -1.103321e+00 
 7.128410e+00 -1.103316e+00 
 7.128733e+00 -1.103310e+00 
 7.129056e+00 -1.103305e+00 
 7.129379e+00 -1.103300e+00 
 7.129702e+00 -1.103294e+00 
 7.130025e+00 -1.103288e+00 
 7.130348e+00 -1.103282e+00 
 7.130671e+00 -1.103275e+00 
 7.130994e+00 -1.103270e+00 
 7.131317e+00 -1.103266e+00 
 7.131640e+00 -1.103262e+00 
 7.131963e+00 -1.103258e+00 
 7.132286e+00 -1.103255e+00 
 7.132609e+00 -1.103253e+00 
 7.132932e+00 -1.103252e+00 
 7.133255e+00 -1.103250e+00 
 7.133578e+00 -1.103248e+00 
 7.133901e+00 -1.103244e+00 
 7.134224e+00 -1.103241e+00 
 7.134547e+00 -1.103239e+00 
 7.134870e+00 -1.103237e+00 
 7.135193e+00 -1.103234e+00 
 7.135516e+00 -1.103232e+00 
 7.135839e+00 -1.103231e+00 
 7.136162e+00 -1.103230e+00 
 7.136485e+00 -1.103231e+00 
 7.136808e+00 -1.103231e+00 
 7.137131e+00 -1.103230e+00 
 7.137454e+00 -1.103229e+00 
 7.137776e+00 -1.103229e+00 
 7.138099e+00 -1.103230e+00 
 7.138422e+00 -1.103229e+00 
 7.138745e+00 -1.103228e+00 
 7.139068e+00 -1.103225e+00 
 7.139391e+00 -1.103223e+00 
 7.139714e+00 -1.103222e+00 
 7.140037e+00 -1.103220e+00 
 7.140360e+00 -1.103219e+00 
 7.140683e+00 -1.103219e+00 
 7.141006e+00 -1.103220e+00 
 7.141329e+00 -1.103220e+00 
 7.141652e+00 -1.103221e+00 
 7.141975e+00 -1.103220e+00 
 7.142298e+00 -1.103218e+00 
 7.142621e+00 -1.103216e+00 
 7.142944e+00 -1.103214e+00 
 7.143267e+00 -1.103212e+00 
 7.143590e+00 -1.103209e+00 
 7.143913e+00 -1.103206e+00 
 7.144236e+00 -1.103202e+00 
 7.144559e+00 -1.103199e+00 
 7.144882e+00 -1.103197e+00 
 7.145205e+00 -1.103195e+00 
 7.145528e+00 -1.103193e+00 
 7.145851e+00 -1.103192e+00 
 7.146174e+00 -1.103190e+00 
 7.146497e+00 -1.103188e+00 
 7.146820e+00 -1.103185e+00 
 7.147143e+00 -1.103181e+00 
 7.147466e+00 -1.103176e+00 
 7.147789e+00 -1.103171e+00 
 7.148112e+00 -1.103167e+00 
 7.148435e+00 -1.103163e+00 
 7.148758e+00 -1.103158e+00 
 7.149081e+00 -1.103153e+00 
 7.149404e+00 -1.103148e+00 
 7.149727e+00 -1.103143e+00 
 7.150050e+00 -1.103138e+00 
 7.150373e+00 -1.103133e+00 
 7.150696e+00 -1.103128e+00 
 7.151019e+00 -1.103123e+00 
 7.151342e+00 -1.103119e+00 
 7.151665e+00 -1.103113e+00 
 7.151988e+00 -1.103108e+00 
 7.152311e+00 -1.103101e+00 
 7.152634e+00 -1.103094e+00 
 7.152957e+00 -1.103086e+00 
 7.153280e+00 -1.103080e+00 
 7.153603e+00 -1.103073e+00 
 7.153926e+00 -1.103067e+00 
 7.154249e+00 -1.103060e+00 
 7.154572e+00 -1.103052e+00 
 7.154895e+00 -1.103045e+00 
 7.155218e+00 -1.103038e+00 
 7.155541e+00 -1.103029e+00 
 7.155864e+00 -1.103019e+00 
 7.156187e+00 -1.103011e+00 
 7.156510e+00 -1.103003e+00 
 7.156833e+00 -1.102995e+00 
 7.157156e+00 -1.102987e+00 
 7.157479e+00 -1.102978e+00 
 7.157802e+00 -1.102969e+00 
 7.158125e+00 -1.102959e+00 
 7.158448e+00 -1.102951e+00 
 7.158771e+00 -1.102943e+00 
 7.159094e+00 -1.102933e+00 
 7.159417e+00 -1.102923e+00 
 7.159740e+00 -1.102913e+00 
 7.160063e+00 -1.102902e+00 
 7.160386e+00 -1.102893e+00 
 7.160709e+00 -1.102880e+00 
 7.161032e+00 -1.102867e+00 
 7.161355e+00 -1.102858e+00 
 7.161678e+00 -1.102848e+00 
 7.162001e+00 -1.102839e+00 
 7.162324e+00 -1.102828e+00 
 7.162647e+00 -1.102817e+00 
 7.162970e+00 -1.102805e+00 
 7.163293e+00 -1.102793e+00 
 7.163616e+00 -1.102782e+00 
 7.163939e+00 -1.102772e+00 
 7.164262e+00 -1.102760e+00 
 7.164585e+00 -1.102749e+00 
 7.164908e+00 -1.102737e+00 
 7.165231e+00 -1.102727e+00 
 7.165554e+00 -1.102716e+00 
 7.165877e+00 -1.102702e+00 
 7.166200e+00 -1.102688e+00 
 7.166523e+00 -1.102677e+00 
 7.166846e+00 -1.102667e+00 
 7.167169e+00 -1.102656e+00 
 7.167492e+00 -1.102644e+00 
 7.167815e+00 -1.102632e+00 
 7.168138e+00 -1.102620e+00 
 7.168461e+00 -1.102608e+00 
 7.168784e+00 -1.102598e+00 
 7.169107e+00 -1.102587e+00 
 7.169430e+00 -1.102576e+00 
 7.169753e+00 -1.102565e+00 
 7.170076e+00 -1.102556e+00 
 7.170399e+00 -1.102548e+00 
 7.170722e+00 -1.102539e+00 
 7.171045e+00 -1.102529e+00 
 7.171368e+00 -1.102517e+00 
 7.171691e+00 -1.102507e+00 
 7.172014e+00 -1.102498e+00 
 7.172337e+00 -1.102489e+00 
 7.172660e+00 -1.102479e+00 
 7.172983e+00 -1.102470e+00 
 7.173305e+00 -1.102460e+00 
 7.173628e+00 -1.102452e+00 
 7.173951e+00 -1.102444e+00 
 7.174274e+00 -1.102438e+00 
 7.174597e+00 -1.102431e+00 
 7.174920e+00 -1.102424e+00 
 7.175243e+00 -1.102419e+00 
 7.175566e+00 -1.102414e+00 
 7.175889e+00 -1.102411e+00 
 7.176212e+00 -1.102404e+00 
 7.176535e+00 -1.102396e+00 
 7.176858e+00 -1.102390e+00 
 7.177181e+00 -1.102385e+00 
 7.177504e+00 -1.102380e+00 
 7.177827e+00 -1.102376e+00 
 7.178150e+00 -1.102370e+00 
 7.178473e+00 -1.102365e+00 
 7.178796e+00 -1.102361e+00 
 7.179119e+00 -1.102358e+00 
 7.179442e+00 -1.102355e+00 
 7.179765e+00 -1.102352e+00 
 7.180088e+00 -1.102349e+00 
 7.180411e+00 -1.102345e+00 
 7.180734e+00 -1.102346e+00 
 7.181057e+00 -1.102346e+00 
 7.181380e+00 -1.102343e+00 
 7.181703e+00 -1.102337e+00 
 7.182026e+00 -1.102334e+00 
 7.182349e+00 -1.102332e+00 
 7.182672e+00 -1.102329e+00 
 7.182995e+00 -1.102326e+00 
 7.183318e+00 -1.102323e+00 
 7.183641e+00 -1.102320e+00 
 7.183964e+00 -1.102318e+00 
 7.184287e+00 -1.102317e+00 
 7.184610e+00 -1.102314e+00 
 7.184933e+00 -1.102310e+00 
 7.185256e+00 -1.102306e+00 
 7.185579e+00 -1.102302e+00 
 7.185902e+00 -1.102301e+00 
 7.186225e+00 -1.102301e+00 
 7.186548e+00 -1.102296e+00 
 7.186871e+00 -1.102290e+00 
 7.187194e+00 -1.102287e+00 
 7.187517e+00 -1.102284e+00 
 7.187840e+00 -1.102280e+00 
 7.188163e+00 -1.102276e+00 
 7.188486e+00 -1.102272e+00 
 7.188809e+00 -1.102267e+00 
 7.189132e+00 -1.102263e+00 
 7.189455e+00 -1.102259e+00 
 7.189778e+00 -1.102254e+00 
 7.190101e+00 -1.102247e+00 
 7.190424e+00 -1.102240e+00 
 7.190747e+00 -1.102234e+00 
 7.191070e+00 -1.102231e+00 
 7.191393e+00 -1.102228e+00 
 7.191716e+00 -1.102222e+00 
 7.192039e+00 -1.102215e+00 
 7.192362e+00 -1.102210e+00 
 7.192685e+00 -1.102206e+00 
 7.193008e+00 -1.102201e+00 
 7.193331e+00 -1.102197e+00 
 7.193654e+00 -1.102192e+00 
 7.193977e+00 -1.102186e+00 
 7.194300e+00 -1.102181e+00 
 7.194623e+00 -1.102176e+00 
 7.194946e+00 -1.102171e+00 
 7.195269e+00 -1.102163e+00 
 7.195592e+00 -1.102157e+00 
 7.195915e+00 -1.102151e+00 
 7.196238e+00 -1.102149e+00 
 7.196561e+00 -1.102148e+00 
 7.196884e+00 -1.102144e+00 
 7.197207e+00 -1.102139e+00 
 7.197530e+00 -1.102136e+00 
 7.197853e+00 -1.102133e+00 
 7.198176e+00 -1.102130e+00 
 7.198499e+00 -1.102126e+00 
 7.198822e+00 -1.102122e+00 
 7.199145e+00 -1.102118e+00 
 7.199468e+00 -1.102115e+00 
 7.199791e+00 -1.102113e+00 
 7.200114e+00 -1.102110e+00 
 7.200437e+00 -1.102107e+00 
 7.200760e+00 -1.102103e+00 
 7.201083e+00 -1.102100e+00 
 7.201406e+00 -1.102099e+00 
 7.201729e+00 -1.102099e+00 
 7.202052e+00 -1.102097e+00 
 7.202375e+00 -1.102094e+00 
 7.202698e+00 -1.102092e+00 
 7.203021e+00 -1.102090e+00 
 7.203344e+00 -1.102088e+00 
 7.203667e+00 -1.102085e+00 
 7.203990e+00 -1.102082e+00 
 7.204313e+00 -1.102079e+00 
 7.204636e+00 -1.102078e+00 
 7.204959e+00 -1.102077e+00 
 7.205282e+00 -1.102077e+00 
 7.205605e+00 -1.102075e+00 
 7.205928e+00 -1.102071e+00 
 7.206251e+00 -1.102069e+00 
 7.206574e+00 -1.102069e+00 
 7.206897e+00 -1.102068e+00 
 7.207220e+00 -1.102065e+00 
 7.207543e+00 -1.102060e+00 
 7.207866e+00 -1.102056e+00 
 7.208189e+00 -1.102053e+00 
 7.208511e+00 -1.102050e+00 
 7.208834e+00 -1.102047e+00 
 7.209157e+00 -1.102043e+00 
 7.209480e+00 -1.102040e+00 
 7.209803e+00 -1.102038e+00 
 7.210126e+00 -1.102037e+00 
 7.210449e+00 -1.102035e+00 
 7.210772e+00 -1.102030e+00 
 7.211095e+00 -1.102023e+00 
 7.211418e+00 -1.102018e+00 
 7.211741e+00 -1.102013e+00 
 7.212064e+00 -1.102009e+00 
 7.212387e+00 -1.102003e+00 
 7.212710e+00 -1.101995e+00 
 7.213033e+00 -1.101989e+00 
 7.213356e+00 -1.101984e+00 
 7.213679e+00 -1.101979e+00 
 7.214002e+00 -1.101974e+00 
 7.214325e+00 -1.101968e+00 
 7.214648e+00 -1.101962e+00 
 7.214971e+00 -1.101956e+00 
 7.215294e+00 -1.101950e+00 
 7.215617e+00 -1.101944e+00 
 7.215940e+00 -1.101935e+00 
 7.216263e+00 -1.101925e+00 
 7.216586e+00 -1.101916e+00 
 7.216909e+00 -1.101909e+00 
 7.217232e+00 -1.101901e+00 
 7.217555e+00 -1.101893e+00 
 7.217878e+00 -1.101883e+00 
 7.218201e+00 -1.101875e+00 
 7.218524e+00 -1.101869e+00 
 7.218847e+00 -1.101862e+00 
 7.219170e+00 -1.101855e+00 
 7.219493e+00 -1.101846e+00 
 7.219816e+00 -1.101837e+00 
 7.220139e+00 -1.101828e+00 
 7.220462e+00 -1.101820e+00 
 7.220785e+00 -1.101810e+00 
 7.221108e+00 -1.101799e+00 
 7.221431e+00 -1.101788e+00 
 7.221754e+00 -1.101779e+00 
 7.222077e+00 -1.101771e+00 
 7.222400e+00 -1.101764e+00 
 7.222723e+00 -1.101756e+00 
 7.223046e+00 -1.101747e+00 
 7.223369e+00 -1.101738e+00 
 7.223692e+00 -1.101731e+00 
 7.224015e+00 -1.101723e+00 
 7.224338e+00 -1.101714e+00 
 7.224661e+00 -1.101704e+00 
 7.224984e+00 -1.101694e+00 
 7.225307e+00 -1.101685e+00 
 7.225630e+00 -1.101677e+00 
 7.225953e+00 -1.101667e+00 
 7.226276e+00 -1.101657e+00 
 7.226599e+00 -1.101647e+00 
 7.226922e+00 -1.101638e+00 
 7.227245e+00 -1.101630e+00 
 7.227568e+00 -1.101622e+00 
 7.227891e+00 -1.101613e+00 
 7.228214e+00 -1.101604e+00 
 7.228537e+00 -1.101594e+00 
 7.228860e+00 -1.101586e+00 
 7.229183e+00 -1.101577e+00 
 7.229506e+00 -1.101567e+00 
 7.229829e+00 -1.101556e+00 
 7.230152e+00 -1.101546e+00 
 7.230475e+00 -1.101536e+00 
 7.230798e+00 -1.101526e+00 
 7.231121e+00 -1.101515e+00 
 7.231444e+00 -1.101504e+00 
 7.231767e+00 -1.101493e+00 
 7.232090e+00 -1.101483e+00 
 7.232413e+00 -1.101474e+00 
 7.232736e+00 -1.101465e+00 
 7.233059e+00 -1.101455e+00 
 7.233382e+00 -1.101443e+00 
 7.233705e+00 -1.101432e+00 
 7.234028e+00 -1.101422e+00 
 7.234351e+00 -1.101411e+00 
 7.234674e+00 -1.101400e+00 
 7.234997e+00 -1.101389e+00 
 7.235320e+00 -1.101378e+00 
 7.235643e+00 -1.101368e+00 
 7.235966e+00 -1.101358e+00 
 7.236289e+00 -1.101347e+00 
 7.236612e+00 -1.101335e+00 
 7.236935e+00 -1.101323e+00 
 7.237258e+00 -1.101313e+00 
 7.237581e+00 -1.101304e+00 
 7.237904e+00 -1.101294e+00 
 7.238227e+00 -1.101284e+00 
 7.238550e+00 -1.101273e+00 
 7.238873e+00 -1.101263e+00 
 7.239196e+00 -1.101254e+00 
 7.239519e+00 -1.101244e+00 
 7.239842e+00 -1.101235e+00 
 7.240165e+00 -1.101225e+00 
 7.240488e+00 -1.101215e+00 
 7.240811e+00 -1.101207e+00 
 7.241134e+00 -1.101200e+00 
 7.241457e+00 -1.101191e+00 
 7.241780e+00 -1.101182e+00 
 7.242103e+00 -1.101174e+00 
 7.242426e+00 -1.101167e+00 
 7.242749e+00 -1.101161e+00 
 7.243072e+00 -1.101155e+00 
 7.243395e+00 -1.101148e+00 
 7.243717e+00 -1.101140e+00 
 7.244040e+00 -1.101134e+00 
 7.244363e+00 -1.101129e+00 
 7.244686e+00 -1.101124e+00 
 7.245009e+00 -1.101118e+00 
 7.245332e+00 -1.101113e+00 
 7.245655e+00 -1.101109e+00 
 7.245978e+00 -1.101107e+00 
 7.246301e+00 -1.101104e+00 
 7.246624e+00 -1.101100e+00 
 7.246947e+00 -1.101095e+00 
 7.247270e+00 -1.101092e+00 
 7.247593e+00 -1.101089e+00 
 7.247916e+00 -1.101088e+00 
 7.248239e+00 -1.101086e+00 
 7.248562e+00 -1.101083e+00 
 7.248885e+00 -1.101080e+00 
 7.249208e+00 -1.101078e+00 
 7.249531e+00 -1.101076e+00 
 7.249854e+00 -1.101075e+00 
 7.250177e+00 -1.101072e+00 
 7.250500e+00 -1.101070e+00 
 7.250823e+00 -1.101070e+00 
 7.251146e+00 -1.101070e+00 
 7.251469e+00 -1.101070e+00 
 7.251792e+00 -1.101068e+00 
 7.252115e+00 -1.101066e+00 
 7.252438e+00 -1.101065e+00 
 7.252761e+00 -1.101064e+00 
 7.253084e+00 -1.101064e+00 
 7.253407e+00 -1.101063e+00 
 7.253730e+00 -1.101061e+00 
 7.254053e+00 -1.101059e+00 
 7.254376e+00 -1.101058e+00 
 7.254699e+00 -1.101057e+00 
 7.255022e+00 -1.101055e+00 
 7.255345e+00 -1.101052e+00 
 7.255668e+00 -1.101050e+00 
 7.255991e+00 -1.101048e+00 
 7.256314e+00 -1.101047e+00 
 7.256637e+00 -1.101046e+00 
 7.256960e+00 -1.101043e+00 
 7.257283e+00 -1.101040e+00 
 7.257606e+00 -1.101038e+00 
 7.257929e+00 -1.101037e+00 
 7.258252e+00 -1.101036e+00 
 7.258575e+00 -1.101034e+00 
 7.258898e+00 -1.101031e+00 
 7.259221e+00 -1.101027e+00 
 7.259544e+00 -1.101024e+00 
 7.259867e+00 -1.101020e+00 
 7.260190e+00 -1.101017e+00 
 7.260513e+00 -1.101012e+00 
 7.260836e+00 -1.101008e+00 
 7.261159e+00 -1.101006e+00 
 7.261482e+00 -1.101005e+00 
 7.261805e+00 -1.101003e+00 
 7.262128e+00 -1.101000e+00 
 7.262451e+00 -1.100997e+00 
 7.262774e+00 -1.100995e+00 
 7.263097e+00 -1.100993e+00 
 7.263420e+00 -1.100991e+00 
 7.263743e+00 -1.100988e+00 
 7.264066e+00 -1.100984e+00 
 7.264389e+00 -1.100980e+00 
 7.264712e+00 -1.100976e+00 
 7.265035e+00 -1.100974e+00 
 7.265358e+00 -1.100971e+00 
 7.265681e+00 -1.100967e+00 
 7.266004e+00 -1.100964e+00 
 7.266327e+00 -1.100963e+00 
 7.266650e+00 -1.100963e+00 
 7.266973e+00 -1.100963e+00 
 7.267296e+00 -1.100961e+00 
 7.267619e+00 -1.100959e+00 
 7.267942e+00 -1.100957e+00 
 7.268265e+00 -1.100955e+00 
 7.268588e+00 -1.100953e+00 
 7.268911e+00 -1.100951e+00 
 7.269234e+00 -1.100947e+00 
 7.269557e+00 -1.100944e+00 
 7.269880e+00 -1.100942e+00 
 7.270203e+00 -1.100942e+00 
 7.270526e+00 -1.100942e+00 
 7.270849e+00 -1.100940e+00 
 7.271172e+00 -1.100939e+00 
 7.271495e+00 -1.100939e+00 
 7.271818e+00 -1.100939e+00 
 7.272141e+00 -1.100938e+00 
 7.272464e+00 -1.100935e+00 
 7.272787e+00 -1.100932e+00 
 7.273110e+00 -1.100929e+00 
 7.273433e+00 -1.100926e+00 
 7.273756e+00 -1.100924e+00 
 7.274079e+00 -1.100921e+00 
 7.274402e+00 -1.100918e+00 
 7.274725e+00 -1.100916e+00 
 7.275048e+00 -1.100915e+00 
 7.275371e+00 -1.100914e+00 
 7.275694e+00 -1.100912e+00 
 7.276017e+00 -1.100908e+00 
 7.276340e+00 -1.100904e+00 
 7.276663e+00 -1.100900e+00 
 7.276986e+00 -1.100897e+00 
 7.277309e+00 -1.100892e+00 
 7.277632e+00 -1.100885e+00 
 7.277955e+00 -1.100879e+00 
 7.278278e+00 -1.100873e+00 
 7.278601e+00 -1.100868e+00 
 7.278924e+00 -1.100863e+00 
 7.279246e+00 -1.100858e+00 
 7.279569e+00 -1.100852e+00 
 7.279892e+00 -1.100847e+00 
 7.280215e+00 -1.100842e+00 
 7.280538e+00 -1.100836e+00 
 7.280861e+00 -1.100828e+00 
 7.281184e+00 -1.100819e+00 
 7.281507e+00 -1.100809e+00 
 7.281830e+00 -1.100801e+00 
 7.282153e+00 -1.100792e+00 
 7.282476e+00 -1.100783e+00 
 7.282799e+00 -1.100774e+00 
 7.283122e+00 -1.100765e+00 
 7.283445e+00 -1.100756e+00 
 7.283768e+00 -1.100749e+00 
 7.284091e+00 -1.100742e+00 
 7.284414e+00 -1.100733e+00 
 7.284737e+00 -1.100724e+00 
 7.285060e+00 -1.100715e+00 
 7.285383e+00 -1.100706e+00 
 7.285706e+00 -1.100696e+00 
 7.286029e+00 -1.100685e+00 
 7.286352e+00 -1.100673e+00 
 7.286675e+00 -1.100663e+00 
 7.286998e+00 -1.100653e+00 
 7.287321e+00 -1.100645e+00 
 7.287644e+00 -1.100637e+00 
 7.287967e+00 -1.100627e+00 
 7.288290e+00 -1.100618e+00 
 7.288613e+00 -1.100610e+00 
 7.288936e+00 -1.100602e+00 
 7.289259e+00 -1.100593e+00 
 7.289582e+00 -1.100584e+00 
 7.289905e+00 -1.100575e+00 
 7.290228e+00 -1.100566e+00 
 7.290551e+00 -1.100558e+00 
 7.290874e+00 -1.100551e+00 
 7.291197e+00 -1.100542e+00 
 7.291520e+00 -1.100532e+00 
 7.291843e+00 -1.100524e+00 
 7.292166e+00 -1.100518e+00 
 7.292489e+00 -1.100511e+00 
 7.292812e+00 -1.100505e+00 
 7.293135e+00 -1.100498e+00 
 7.293458e+00 -1.100490e+00 
 7.293781e+00 -1.100484e+00 
 7.294104e+00 -1.100478e+00 
 7.294427e+00 -1.100472e+00 
 7.294750e+00 -1.100465e+00 
 7.295073e+00 -1.100458e+00 
 7.295396e+00 -1.100452e+00 
 7.295719e+00 -1.100448e+00 
 7.296042e+00 -1.100444e+00 
 7.296365e+00 -1.100438e+00 
 7.296688e+00 -1.100432e+00 
 7.297011e+00 -1.100427e+00 
 7.297334e+00 -1.100423e+00 
 7.297657e+00 -1.100418e+00 
 7.297980e+00 -1.100413e+00 
 7.298303e+00 -1.100408e+00 
 7.298626e+00 -1.100402e+00 
 7.298949e+00 -1.100397e+00 
 7.299272e+00 -1.100393e+00 
 7.299595e+00 -1.100389e+00 
 7.299918e+00 -1.100385e+00 
 7.300241e+00 -1.100380e+00 
 7.300564e+00 -1.100376e+00 
 7.300887e+00 -1.100374e+00 
 7.301210e+00 -1.100370e+00 
 7.301533e+00 -1.100365e+00 
 7.301856e+00 -1.100359e+00 
 7.302179e+00 -1.100354e+00 
 7.302502e+00 -1.100350e+00 
 7.302825e+00 -1.100346e+00 
 7.303148e+00 -1.100342e+00 
 7.303471e+00 -1.100336e+00 
 7.303794e+00 -1.100331e+00 
 7.304117e+00 -1.100327e+00 
 7.304440e+00 -1.100323e+00 
 7.304763e+00 -1.100319e+00 
 7.305086e+00 -1.100313e+00 
 7.305409e+00 -1.100308e+00 
 7.305732e+00 -1.100303e+00 
 7.306055e+00 -1.100300e+00 
 7.306378e+00 -1.100296e+00 
 7.306701e+00 -1.100291e+00 
 7.307024e+00 -1.100285e+00 
 7.307347e+00 -1.100280e+00 
 7.307670e+00 -1.100275e+00 
 7.307993e+00 -1.100272e+00 
 7.308316e+00 -1.100268e+00 
 7.308639e+00 -1.100263e+00 
 7.308962e+00 -1.100258e+00 
 7.309285e+00 -1.100255e+00 
 7.309608e+00 -1.100252e+00 
 7.309931e+00 -1.100248e+00 
 7.310254e+00 -1.100243e+00 
 7.310577e+00 -1.100238e+00 
 7.310900e+00 -1.100235e+00 
 7.311223e+00 -1.100233e+00 
 7.311546e+00 -1.100230e+00 
 7.311869e+00 -1.100227e+00 
 7.312192e+00 -1.100223e+00 
 7.312515e+00 -1.100221e+00 
 7.312838e+00 -1.100220e+00 
 7.313161e+00 -1.100220e+00 
 7.313484e+00 -1.100219e+00 
 7.313807e+00 -1.100217e+00 
 7.314130e+00 -1.100215e+00 
 7.314452e+00 -1.100214e+00 
 7.314775e+00 -1.100214e+00 
 7.315098e+00 -1.100213e+00 
 7.315421e+00 -1.100212e+00 
 7.315744e+00 -1.100211e+00 
 7.316067e+00 -1.100211e+00 
 7.316390e+00 -1.100214e+00 
 7.316713e+00 -1.100216e+00 
 7.317036e+00 -1.100216e+00 
 7.317359e+00 -1.100217e+00 
 7.317682e+00 -1.100218e+00 
 7.318005e+00 -1.100220e+00 
 7.318328e+00 -1.100223e+00 
 7.318651e+00 -1.100225e+00 
 7.318974e+00 -1.100226e+00 
 7.319297e+00 -1.100227e+00 
 7.319620e+00 -1.100230e+00 
 7.319943e+00 -1.100233e+00 
 7.320266e+00 -1.100235e+00 
 7.320589e+00 -1.100238e+00 
 7.320912e+00 -1.100241e+00 
 7.321235e+00 -1.100244e+00 
 7.321558e+00 -1.100249e+00 
 7.321881e+00 -1.100253e+00 
 7.322204e+00 -1.100255e+00 
 7.322527e+00 -1.100258e+00 
 7.322850e+00 -1.100261e+00 
 7.323173e+00 -1.100264e+00 
 7.323496e+00 -1.100268e+00 
 7.323819e+00 -1.100271e+00 
 7.324142e+00 -1.100273e+00 
 7.324465e+00 -1.100275e+00 
 7.324788e+00 -1.100279e+00 
 7.325111e+00 -1.100282e+00 
 7.325434e+00 -1.100286e+00 
 7.325757e+00 -1.100290e+00 
 7.326080e+00 -1.100294e+00 
 7.326403e+00 -1.100297e+00 
 7.326726e+00 -1.100301e+00 
 7.327049e+00 -1.100304e+00 
 7.327372e+00 -1.100306e+00 
 7.327695e+00 -1.100307e+00 
 7.328018e+00 -1.100308e+00 
 7.328341e+00 -1.100311e+00 
 7.328664e+00 -1.100313e+00 
 7.328987e+00 -1.100314e+00 
 7.329310e+00 -1.100316e+00 
 7.329633e+00 -1.100317e+00 
 7.329956e+00 -1.100319e+00 
 7.330279e+00 -1.100320e+00 
 7.330602e+00 -1.100321e+00 
 7.330925e+00 -1.100322e+00 
 7.331248e+00 -1.100322e+00 
 7.331571e+00 -1.100323e+00 
 7.331894e+00 -1.100323e+00 
 7.332217e+00 -1.100323e+00 
 7.332540e+00 -1.100322e+00 
 7.332863e+00 -1.100320e+00 
 7.333186e+00 -1.100319e+00 
 7.333509e+00 -1.100318e+00 
 7.333832e+00 -1.100317e+00 
 7.334155e+00 -1.100316e+00 
 7.334478e+00 -1.100314e+00 
 7.334801e+00 -1.100311e+00 
 7.335124e+00 -1.100310e+00 
 7.335447e+00 -1.100307e+00 
 7.335770e+00 -1.100302e+00 
 7.336093e+00 -1.100298e+00 
 7.336416e+00 -1.100295e+00 
 7.336739e+00 -1.100291e+00 
 7.337062e+00 -1.100288e+00 
 7.337385e+00 -1.100284e+00 
 7.337708e+00 -1.100279e+00 
 7.338031e+00 -1.100274e+00 
 7.338354e+00 -1.100270e+00 
 7.338677e+00 -1.100266e+00 
 7.339000e+00 -1.100261e+00 
 7.339323e+00 -1.100256e+00 
 7.339646e+00 -1.100250e+00 
 7.339969e+00 -1.100244e+00 
 7.340292e+00 -1.100238e+00 
 7.340615e+00 -1.100231e+00 
 7.340938e+00 -1.100221e+00 
 7.341261e+00 -1.100214e+00 
 7.341584e+00 -1.100208e+00 
 7.341907e+00 -1.100202e+00 
 7.342230e+00 -1.100196e+00 
 7.342553e+00 -1.100190e+00 
 7.342876e+00 -1.100182e+00 
 7.343199e+00 -1.100175e+00 
 7.343522e+00 -1.100168e+00 
 7.343845e+00 -1.100161e+00 
 7.344168e+00 -1.100153e+00 
 7.344491e+00 -1.100146e+00 
 7.344814e+00 -1.100137e+00 
 7.345137e+00 -1.100130e+00 
 7.345460e+00 -1.100123e+00 
 7.345783e+00 -1.100115e+00 
 7.346106e+00 -1.100105e+00 
 7.346429e+00 -1.100097e+00 
 7.346752e+00 -1.100090e+00 
 7.347075e+00 -1.100083e+00 
 7.347398e+00 -1.100076e+00 
 7.347721e+00 -1.100069e+00 
 7.348044e+00 -1.100060e+00 
 7.348367e+00 -1.100051e+00 
 7.348690e+00 -1.100044e+00 
 7.349013e+00 -1.100037e+00 
 7.349336e+00 -1.100029e+00 
 7.349658e+00 -1.100021e+00 
 7.349981e+00 -1.100013e+00 
 7.350304e+00 -1.100007e+00 
 7.350627e+00 -1.100002e+00 
 7.350950e+00 -1.099996e+00 
 7.351273e+00 -1.099987e+00 
 7.351596e+00 -1.099980e+00 
 7.351919e+00 -1.099973e+00 
 7.352242e+00 -1.099967e+00 
 7.352565e+00 -1.099960e+00 
 7.352888e+00 -1.099952e+00 
 7.353211e+00 -1.099944e+00 
 7.353534e+00 -1.099937e+00 
 7.353857e+00 -1.099930e+00 
 7.354180e+00 -1.099924e+00 
 7.354503e+00 -1.099919e+00 
 7.354826e+00 -1.099913e+00 
 7.355149e+00 -1.099908e+00 
 7.355472e+00 -1.099904e+00 
 7.355795e+00 -1.099901e+00 
 7.356118e+00 -1.099895e+00 
 7.356441e+00 -1.099887e+00 
 7.356764e+00 -1.099879e+00 
 7.357087e+00 -1.099873e+00 
 7.357410e+00 -1.099867e+00 
 7.357733e+00 -1.099861e+00 
 7.358056e+00 -1.099855e+00 
 7.358379e+00 -1.099849e+00 
 7.358702e+00 -1.099843e+00 
 7.359025e+00 -1.099839e+00 
 7.359348e+00 -1.099835e+00 
 7.359671e+00 -1.099830e+00 
 7.359994e+00 -1.099825e+00 
 7.360317e+00 -1.099819e+00 
 7.360640e+00 -1.099814e+00 
 7.360963e+00 -1.099811e+00 
 7.361286e+00 -1.099805e+00 
 7.361609e+00 -1.099797e+00 
 7.361932e+00 -1.099790e+00 
 7.362255e+00 -1.099785e+00 
 7.362578e+00 -1.099780e+00 
 7.362901e+00 -1.099776e+00 
 7.363224e+00 -1.099771e+00 
 7.363547e+00 -1.099766e+00 
 7.363870e+00 -1.099761e+00 
 7.364193e+00 -1.099757e+00 
 7.364516e+00 -1.099753e+00 
 7.364839e+00 -1.099747e+00 
 7.365162e+00 -1.099741e+00 
 7.365485e+00 -1.099734e+00 
 7.365808e+00 -1.099728e+00 
 7.366131e+00 -1.099724e+00 
 7.366454e+00 -1.099719e+00 
 7.366777e+00 -1.099712e+00 
 7.367100e+00 -1.099707e+00 
 7.367423e+00 -1.099704e+00 
 7.367746e+00 -1.099701e+00 
 7.368069e+00 -1.099697e+00 
 7.368392e+00 -1.099694e+00 
 7.368715e+00 -1.099689e+00 
 7.369038e+00 -1.099684e+00 
 7.369361e+00 -1.099679e+00 
 7.369684e+00 -1.099674e+00 
 7.370007e+00 -1.099668e+00 
 7.370330e+00 -1.099662e+00 
 7.370653e+00 -1.099657e+00 
 7.370976e+00 -1.099654e+00 
 7.371299e+00 -1.099653e+00 
 7.371622e+00 -1.099651e+00 
 7.371945e+00 -1.099648e+00 
 7.372268e+00 -1.099646e+00 
 7.372591e+00 -1.099644e+00 
 7.372914e+00 -1.099643e+00 
 7.373237e+00 -1.099641e+00 
 7.373560e+00 -1.099639e+00 
 7.373883e+00 -1.099635e+00 
 7.374206e+00 -1.099632e+00 
 7.374529e+00 -1.099631e+00 
 7.374852e+00 -1.099630e+00 
 7.375175e+00 -1.099628e+00 
 7.375498e+00 -1.099627e+00 
 7.375821e+00 -1.099627e+00 
 7.376144e+00 -1.099629e+00 
 7.376467e+00 -1.099632e+00 
 7.376790e+00 -1.099634e+00 
 7.377113e+00 -1.099634e+00 
 7.377436e+00 -1.099635e+00 
 7.377759e+00 -1.099636e+00 
 7.378082e+00 -1.099638e+00 
 7.378405e+00 -1.099638e+00 
 7.378728e+00 -1.099639e+00 
 7.379051e+00 -1.099639e+00 
 7.379374e+00 -1.099640e+00 
 7.379697e+00 -1.099643e+00 
 7.380020e+00 -1.099647e+00 
 7.380343e+00 -1.099650e+00 
 7.380666e+00 -1.099653e+00 
 7.380989e+00 -1.099657e+00 
 7.381312e+00 -1.099662e+00 
 7.381635e+00 -1.099666e+00 
 7.381958e+00 -1.099669e+00 
 7.382281e+00 -1.099670e+00 
 7.382604e+00 -1.099672e+00 
 7.382927e+00 -1.099674e+00 
 7.383250e+00 -1.099677e+00 
 7.383573e+00 -1.099679e+00 
 7.383896e+00 -1.099682e+00 
 7.384219e+00 -1.099684e+00 
 7.384542e+00 -1.099688e+00 
 7.384864e+00 -1.099692e+00 
 7.385187e+00 -1.099696e+00 
 7.385510e+00 -1.099698e+00 
 7.385833e+00 -1.099700e+00 
 7.386156e+00 -1.099702e+00 
 7.386479e+00 -1.099704e+00 
 7.386802e+00 -1.099707e+00 
 7.387125e+00 -1.099708e+00 
 7.387448e+00 -1.099708e+00 
 7.387771e+00 -1.099708e+00 
 7.388094e+00 -1.099709e+00 
 7.388417e+00 -1.099711e+00 
 7.388740e+00 -1.099712e+00 
 7.389063e+00 -1.099713e+00 
 7.389386e+00 -1.099714e+00 
 7.389709e+00 -1.099715e+00 
 7.390032e+00 -1.099717e+00 
 7.390355e+00 -1.099717e+00 
 7.390678e+00 -1.099716e+00 
 7.391001e+00 -1.099714e+00 
 7.391324e+00 -1.099713e+00 
 7.391647e+00 -1.099713e+00 
 7.391970e+00 -1.099713e+00 
 7.392293e+00 -1.099713e+00 
 7.392616e+00 -1.099711e+00 
 7.392939e+00 -1.099709e+00 
 7.393262e+00 -1.099709e+00 
 7.393585e+00 -1.099709e+00 
 7.393908e+00 -1.099708e+00 
 7.394231e+00 -1.099707e+00 
 7.394554e+00 -1.099705e+00 
 7.394877e+00 -1.099703e+00 
 7.395200e+00 -1.099701e+00 
 7.395523e+00 -1.099699e+00 
 7.395846e+00 -1.099697e+00 
 7.396169e+00 -1.099694e+00 
 7.396492e+00 -1.099692e+00 
 7.396815e+00 -1.099692e+00 
 7.397138e+00 -1.099691e+00 
 7.397461e+00 -1.099689e+00 
 7.397784e+00 -1.099686e+00 
 7.398107e+00 -1.099683e+00 
 7.398430e+00 -1.099681e+00 
 7.398753e+00 -1.099679e+00 
 7.399076e+00 -1.099677e+00 
 7.399399e+00 -1.099674e+00 
 7.399722e+00 -1.099671e+00 
 7.400045e+00 -1.099669e+00 
 7.400368e+00 -1.099667e+00 
 7.400691e+00 -1.099667e+00 
 7.401014e+00 -1.099665e+00 
 7.401337e+00 -1.099662e+00 
 7.401660e+00 -1.099660e+00 
 7.401983e+00 -1.099659e+00 
 7.402306e+00 -1.099656e+00 
 7.402629e+00 -1.099653e+00 
 7.402952e+00 -1.099649e+00 
 7.403275e+00 -1.099645e+00 
 7.403598e+00 -1.099643e+00 
 7.403921e+00 -1.099640e+00 
 7.404244e+00 -1.099637e+00 
 7.404567e+00 -1.099633e+00 
 7.404890e+00 -1.099629e+00 
 7.405213e+00 -1.099626e+00 
 7.405536e+00 -1.099624e+00 
 7.405859e+00 -1.099622e+00 
 7.406182e+00 -1.099619e+00 
 7.406505e+00 -1.099614e+00 
 7.406828e+00 -1.099609e+00 
 7.407151e+00 -1.099605e+00 
 7.407474e+00 -1.099599e+00 
 7.407797e+00 -1.099593e+00 
 7.408120e+00 -1.099586e+00 
 7.408443e+00 -1.099579e+00 
 7.408766e+00 -1.099573e+00 
 7.409089e+00 -1.099568e+00 
 7.409412e+00 -1.099561e+00 
 7.409735e+00 -1.099554e+00 
 7.410058e+00 -1.099547e+00 
 7.410381e+00 -1.099540e+00 
 7.410704e+00 -1.099533e+00 
 7.411027e+00 -1.099526e+00 
 7.411350e+00 -1.099517e+00 
 7.411673e+00 -1.099506e+00 
 7.411996e+00 -1.099496e+00 
 7.412319e+00 -1.099487e+00 
 7.412642e+00 -1.099477e+00 
 7.412965e+00 -1.099466e+00 
 7.413288e+00 -1.099455e+00 
 7.413611e+00 -1.099444e+00 
 7.413934e+00 -1.099434e+00 
 7.414257e+00 -1.099423e+00 
 7.414580e+00 -1.099412e+00 
 7.414903e+00 -1.099400e+00 
 7.415226e+00 -1.099387e+00 
 7.415549e+00 -1.099374e+00 
 7.415872e+00 -1.099361e+00 
 7.416195e+00 -1.099348e+00 
 7.416518e+00 -1.099335e+00 
 7.416841e+00 -1.099321e+00 
 7.417164e+00 -1.099308e+00 
 7.417487e+00 -1.099295e+00 
 7.417810e+00 -1.099282e+00 
 7.418133e+00 -1.099268e+00 
 7.418456e+00 -1.099254e+00 
 7.418779e+00 -1.099240e+00 
 7.419102e+00 -1.099227e+00 
 7.419425e+00 -1.099214e+00 
 7.419748e+00 -1.099201e+00 
 7.420071e+00 -1.099186e+00 
 7.420393e+00 -1.099172e+00 
 7.420716e+00 -1.099155e+00 
 7.421039e+00 -1.099140e+00 
 7.421362e+00 -1.099127e+00 
 7.421685e+00 -1.099113e+00 
 7.422008e+00 -1.099100e+00 
 7.422331e+00 -1.099086e+00 
 7.422654e+00 -1.099074e+00 
 7.422977e+00 -1.099061e+00 
 7.423300e+00 -1.099048e+00 
 7.423623e+00 -1.099036e+00 
 7.423946e+00 -1.099023e+00 
 7.424269e+00 -1.099011e+00 
 7.424592e+00 -1.099000e+00 
 7.424915e+00 -1.098988e+00 
 7.425238e+00 -1.098977e+00 
 7.425561e+00 -1.098965e+00 
 7.425884e+00 -1.098950e+00 
 7.426207e+00 -1.098938e+00 
 7.426530e+00 -1.098927e+00 
 7.426853e+00 -1.098917e+00 
 7.427176e+00 -1.098906e+00 
 7.427499e+00 -1.098896e+00 
 7.427822e+00 -1.098886e+00 
 7.428145e+00 -1.098877e+00 
 7.428468e+00 -1.098868e+00 
 7.428791e+00 -1.098860e+00 
 7.429114e+00 -1.098851e+00 
 7.429437e+00 -1.098843e+00 
 7.429760e+00 -1.098836e+00 
 7.430083e+00 -1.098828e+00 
 7.430406e+00 -1.098821e+00 
 7.430729e+00 -1.098811e+00 
 7.431052e+00 -1.098800e+00 
 7.431375e+00 -1.098790e+00 
 7.431698e+00 -1.098783e+00 
 7.432021e+00 -1.098776e+00 
 7.432344e+00 -1.098768e+00 
 7.432667e+00 -1.098762e+00 
 7.432990e+00 -1.098757e+00 
 7.433313e+00 -1.098751e+00 
 7.433636e+00 -1.098746e+00 
 7.433959e+00 -1.098740e+00 
 7.434282e+00 -1.098734e+00 
 7.434605e+00 -1.098729e+00 
 7.434928e+00 -1.098724e+00 
 7.435251e+00 -1.098720e+00 
 7.435574e+00 -1.098715e+00 
 7.435897e+00 -1.098708e+00 
 7.436220e+00 -1.098700e+00 
 7.436543e+00 -1.098693e+00 
 7.436866e+00 -1.098689e+00 
 7.437189e+00 -1.098684e+00 
 7.437512e+00 -1.098680e+00 
 7.437835e+00 -1.098677e+00 
 7.438158e+00 -1.098675e+00 
 7.438481e+00 -1.098672e+00 
 7.438804e+00 -1.098669e+00 
 7.439127e+00 -1.098666e+00 
 7.439450e+00 -1.098663e+00 
 7.439773e+00 -1.098659e+00 
 7.440096e+00 -1.098657e+00 
 7.440419e+00 -1.098655e+00 
 7.440742e+00 -1.098652e+00 
 7.441065e+00 -1.098648e+00 
 7.441388e+00 -1.098643e+00 
 7.441711e+00 -1.098641e+00 
 7.442034e+00 -1.098640e+00 
 7.442357e+00 -1.098640e+00 
 7.442680e+00 -1.098640e+00 
 7.443003e+00 -1.098640e+00 
 7.443326e+00 -1.098640e+00 
 7.443649e+00 -1.098640e+00 
 7.443972e+00 -1.098639e+00 
 7.444295e+00 -1.098639e+00 
 7.444618e+00 -1.098638e+00 
 7.444941e+00 -1.098637e+00 
 7.445264e+00 -1.098638e+00 
 7.445587e+00 -1.098639e+00 
 7.445910e+00 -1.098641e+00 
 7.446233e+00 -1.098640e+00 
 7.446556e+00 -1.098640e+00 
 7.446879e+00 -1.098640e+00 
 7.447202e+00 -1.098643e+00 
 7.447525e+00 -1.098645e+00 
 7.447848e+00 -1.098648e+00 
 7.448171e+00 -1.098650e+00 
 7.448494e+00 -1.098653e+00 
 7.448817e+00 -1.098654e+00 
 7.449140e+00 -1.098656e+00 
 7.449463e+00 -1.098658e+00 
 7.449786e+00 -1.098658e+00 
 7.450109e+00 -1.098659e+00 
 7.450432e+00 -1.098661e+00 
 7.450755e+00 -1.098665e+00 
 7.451078e+00 -1.098668e+00 
 7.451401e+00 -1.098670e+00 
 7.451724e+00 -1.098671e+00 
 7.452047e+00 -1.098673e+00 
 7.452370e+00 -1.098676e+00 
 7.452693e+00 -1.098680e+00 
 7.453016e+00 -1.098682e+00 
 7.453339e+00 -1.098685e+00 
 7.453662e+00 -1.098687e+00 
 7.453985e+00 -1.098688e+00 
 7.454308e+00 -1.098689e+00 
 7.454631e+00 -1.098690e+00 
 7.454954e+00 -1.098690e+00 
 7.455277e+00 -1.098690e+00 
 7.455599e+00 -1.098692e+00 
 7.455922e+00 -1.098695e+00 
 7.456245e+00 -1.098697e+00 
 7.456568e+00 -1.098697e+00 
 7.456891e+00 -1.098697e+00 
 7.457214e+00 -1.098698e+00 
 7.457537e+00 -1.098699e+00 
 7.457860e+00 -1.098701e+00 
 7.458183e+00 -1.098702e+00 
 7.458506e+00 -1.098702e+00 
 7.458829e+00 -1.098701e+00 
 7.459152e+00 -1.098700e+00 
 7.459475e+00 -1.098698e+00 
 7.459798e+00 -1.098697e+00 
 7.460121e+00 -1.098694e+00 
 7.460444e+00 -1.098692e+00 
 7.460767e+00 -1.098691e+00 
 7.461090e+00 -1.098692e+00 
 7.461413e+00 -1.098692e+00 
 7.461736e+00 -1.098690e+00 
 7.462059e+00 -1.098688e+00 
 7.462382e+00 -1.098686e+00 
 7.462705e+00 -1.098685e+00 
 7.463028e+00 -1.098684e+00 
 7.463351e+00 -1.098681e+00 
 7.463674e+00 -1.098678e+00 
 7.463997e+00 -1.098674e+00 
 7.464320e+00 -1.098671e+00 
 7.464643e+00 -1.098667e+00 
 7.464966e+00 -1.098664e+00 
 7.465289e+00 -1.098660e+00 
 7.465612e+00 -1.098656e+00 
 7.465935e+00 -1.098654e+00 
 7.466258e+00 -1.098653e+00 
 7.466581e+00 -1.098651e+00 
 7.466904e+00 -1.098648e+00 
 7.467227e+00 -1.098644e+00 
 7.467550e+00 -1.098641e+00 
 7.467873e+00 -1.098638e+00 
 7.468196e+00 -1.098634e+00 
 7.468519e+00 -1.098630e+00 
 7.468842e+00 -1.098625e+00 
 7.469165e+00 -1.098620e+00 
 7.469488e+00 -1.098615e+00 
 7.469811e+00 -1.098611e+00 
 7.470134e+00 -1.098607e+00 
 7.470457e+00 -1.098603e+00 
 7.470780e+00 -1.098599e+00 
 7.471103e+00 -1.098597e+00 
 7.471426e+00 -1.098595e+00 
 7.471749e+00 -1.098593e+00 
 7.472072e+00 -1.098588e+00 
 7.472395e+00 -1.098583e+00 
 7.472718e+00 -1.098578e+00 
 7.473041e+00 -1.098573e+00 
 7.473364e+00 -1.098568e+00 
 7.473687e+00 -1.098563e+00 
 7.474010e+00 -1.098558e+00 
 7.474333e+00 -1.098552e+00 
 7.474656e+00 -1.098548e+00 
 7.474979e+00 -1.098544e+00 
 7.475302e+00 -1.098539e+00 
 7.475625e+00 -1.098535e+00 
 7.475948e+00 -1.098531e+00 
 7.476271e+00 -1.098527e+00 
 7.476594e+00 -1.098524e+00 
 7.476917e+00 -1.098520e+00 
 7.477240e+00 -1.098513e+00 
 7.477563e+00 -1.098507e+00 
 7.477886e+00 -1.098500e+00 
 7.478209e+00 -1.098495e+00 
 7.478532e+00 -1.098488e+00 
 7.478855e+00 -1.098482e+00 
 7.479178e+00 -1.098475e+00 
 7.479501e+00 -1.098469e+00 
 7.479824e+00 -1.098463e+00 
 7.480147e+00 -1.098457e+00 
 7.480470e+00 -1.098451e+00 
 7.480793e+00 -1.098445e+00 
 7.481116e+00 -1.098440e+00 
 7.481439e+00 -1.098435e+00 
 7.481762e+00 -1.098429e+00 
 7.482085e+00 -1.098421e+00 
 7.482408e+00 -1.098413e+00 
 7.482731e+00 -1.098404e+00 
 7.483054e+00 -1.098396e+00 
 7.483377e+00 -1.098388e+00 
 7.483700e+00 -1.098380e+00 
 7.484023e+00 -1.098372e+00 
 7.484346e+00 -1.098364e+00 
 7.484669e+00 -1.098356e+00 
 7.484992e+00 -1.098348e+00 
 7.485315e+00 -1.098341e+00 
 7.485638e+00 -1.098333e+00 
 7.485961e+00 -1.098325e+00 
 7.486284e+00 -1.098318e+00 
 7.486607e+00 -1.098310e+00 
 7.486930e+00 -1.098302e+00 
 7.487253e+00 -1.098293e+00 
 7.487576e+00 -1.098283e+00 
 7.487899e+00 -1.098274e+00 
 7.488222e+00 -1.098264e+00 
 7.488545e+00 -1.098256e+00 
 7.488868e+00 -1.098247e+00 
 7.489191e+00 -1.098239e+00 
 7.489514e+00 -1.098230e+00 
 7.489837e+00 -1.098222e+00 
 7.490160e+00 -1.098214e+00 
 7.490483e+00 -1.098207e+00 
 7.490805e+00 -1.098198e+00 
 7.491128e+00 -1.098190e+00 
 7.491451e+00 -1.098182e+00 
 7.491774e+00 -1.098174e+00 
 7.492097e+00 -1.098166e+00 
 7.492420e+00 -1.098157e+00 
 7.492743e+00 -1.098148e+00 
 7.493066e+00 -1.098139e+00 
 7.493389e+00 -1.098132e+00 
 7.493712e+00 -1.098125e+00 
 7.494035e+00 -1.098118e+00 
 7.494358e+00 -1.098112e+00 
 7.494681e+00 -1.098105e+00 
 7.495004e+00 -1.098098e+00 
 7.495327e+00 -1.098092e+00 
 7.495650e+00 -1.098085e+00 
 7.495973e+00 -1.098076e+00 
 7.496296e+00 -1.098070e+00 
 7.496619e+00 -1.098063e+00 
 7.496942e+00 -1.098057e+00 
 7.497265e+00 -1.098051e+00 
 7.497588e+00 -1.098044e+00 
 7.497911e+00 -1.098038e+00 
 7.498234e+00 -1.098031e+00 
 7.498557e+00 -1.098026e+00 
 7.498880e+00 -1.098021e+00 
 7.499203e+00 -1.098016e+00 
 7.499526e+00 -1.098012e+00 
 7.499849e+00 -1.098007e+00 
 7.500172e+00 -1.098003e+00 
 7.500495e+00 -1.097999e+00 
 7.500818e+00 -1.097993e+00 
 7.501141e+00 -1.097986e+00 
 7.501464e+00 -1.097981e+00 
 7.501787e+00 -1.097977e+00 
 7.502110e+00 -1.097973e+00 
 7.502433e+00 -1.097968e+00 
 7.502756e+00 -1.097964e+00 
 7.503079e+00 -1.097960e+00 
 7.503402e+00 -1.097956e+00 
 7.503725e+00 -1.097954e+00 
 7.504048e+00 -1.097951e+00 
 7.504371e+00 -1.097949e+00 
 7.504694e+00 -1.097946e+00 
 7.505017e+00 -1.097944e+00 
 7.505340e+00 -1.097942e+00 
 7.505663e+00 -1.097940e+00 
 7.505986e+00 -1.097936e+00 
 7.506309e+00 -1.097932e+00 
 7.506632e+00 -1.097929e+00 
 7.506955e+00 -1.097928e+00 
 7.507278e+00 -1.097926e+00 
 7.507601e+00 -1.097925e+00 
 7.507924e+00 -1.097923e+00 
 7.508247e+00 -1.097921e+00 
 7.508570e+00 -1.097920e+00 
 7.508893e+00 -1.097919e+00 
 7.509216e+00 -1.097920e+00 
 7.509539e+00 -1.097920e+00 
 7.509862e+00 -1.097920e+00 
 7.510185e+00 -1.097921e+00 
 7.510508e+00 -1.097922e+00 
 7.510831e+00 -1.097921e+00 
 7.511154e+00 -1.097919e+00 
 7.511477e+00 -1.097917e+00 
 7.511800e+00 -1.097916e+00 
 7.512123e+00 -1.097916e+00 
 7.512446e+00 -1.097916e+00 
 7.512769e+00 -1.097917e+00 
 7.513092e+00 -1.097917e+00 
 7.513415e+00 -1.097918e+00 
 7.513738e+00 -1.097919e+00 
 7.514061e+00 -1.097921e+00 
 7.514384e+00 -1.097923e+00 
 7.514707e+00 -1.097924e+00 
 7.515030e+00 -1.097925e+00 
 7.515353e+00 -1.097926e+00 
 7.515676e+00 -1.097927e+00 
 7.515999e+00 -1.097927e+00 
 7.516322e+00 -1.097925e+00 
 7.516645e+00 -1.097924e+00 
 7.516968e+00 -1.097924e+00 
 7.517291e+00 -1.097925e+00 
 7.517614e+00 -1.097926e+00 
 7.517937e+00 -1.097927e+00 
 7.518260e+00 -1.097929e+00 
 7.518583e+00 -1.097930e+00 
 7.518906e+00 -1.097931e+00 
 7.519229e+00 -1.097933e+00 
 7.519552e+00 -1.097935e+00 
 7.519875e+00 -1.097935e+00 
 7.520198e+00 -1.097935e+00 
 7.520521e+00 -1.097934e+00 
 7.520844e+00 -1.097934e+00 
 7.521167e+00 -1.097934e+00 
 7.521490e+00 -1.097932e+00 
 7.521813e+00 -1.097931e+00 
 7.522136e+00 -1.097932e+00 
 7.522459e+00 -1.097933e+00 
 7.522782e+00 -1.097935e+00 
 7.523105e+00 -1.097937e+00 
 7.523428e+00 -1.097938e+00 
 7.523751e+00 -1.097938e+00 
 7.524074e+00 -1.097938e+00 
 7.524397e+00 -1.097938e+00 
 7.524720e+00 -1.097937e+00 
 7.525043e+00 -1.097936e+00 
 7.525366e+00 -1.097934e+00 
 7.525689e+00 -1.097934e+00 
 7.526011e+00 -1.097935e+00 
 7.526334e+00 -1.097935e+00 
 7.526657e+00 -1.097934e+00 
 7.526980e+00 -1.097934e+00 
 7.527303e+00 -1.097934e+00 
 7.527626e+00 -1.097936e+00 
 7.527949e+00 -1.097936e+00 
 7.528272e+00 -1.097937e+00 
 7.528595e+00 -1.097936e+00 
 7.528918e+00 -1.097935e+00 
 7.529241e+00 -1.097933e+00 
 7.529564e+00 -1.097932e+00 
 7.529887e+00 -1.097931e+00 
 7.530210e+00 -1.097929e+00 
 7.530533e+00 -1.097927e+00 
 7.530856e+00 -1.097928e+00 
 7.531179e+00 -1.097928e+00 
 7.531502e+00 -1.097928e+00 
 7.531825e+00 -1.097927e+00 
 7.532148e+00 -1.097926e+00 
 7.532471e+00 -1.097925e+00 
 7.532794e+00 -1.097925e+00 
 7.533117e+00 -1.097924e+00 
 7.533440e+00 -1.097922e+00 
 7.533763e+00 -1.097920e+00 
 7.534086e+00 -1.097917e+00 
 7.534409e+00 -1.097914e+00 
 7.534732e+00 -1.097912e+00 
 7.535055e+00 -1.097910e+00 
 7.535378e+00 -1.097907e+00 
 7.535701e+00 -1.097905e+00 
 7.536024e+00 -1.097905e+00 
 7.536347e+00 -1.097904e+00 
 7.536670e+00 -1.097902e+00 
 7.536993e+00 -1.097898e+00 
 7.537316e+00 -1.097895e+00 
 7.537639e+00 -1.097892e+00 
 7.537962e+00 -1.097890e+00 
 7.538285e+00 -1.097887e+00 
 7.538608e+00 -1.097884e+00 
 7.538931e+00 -1.097880e+00 
 7.539254e+00 -1.097876e+00 
 7.539577e+00 -1.097873e+00 
 7.539900e+00 -1.097869e+00 
 7.540223e+00 -1.097865e+00 
 7.540546e+00 -1.097860e+00 
 7.540869e+00 -1.097855e+00 
 7.541192e+00 -1.097852e+00 
 7.541515e+00 -1.097849e+00 
 7.541838e+00 -1.097845e+00 
 7.542161e+00 -1.097840e+00 
 7.542484e+00 -1.097835e+00 
 7.542807e+00 -1.097831e+00 
 7.543130e+00 -1.097827e+00 
 7.543453e+00 -1.097822e+00 
 7.543776e+00 -1.097817e+00 
 7.544099e+00 -1.097811e+00 
 7.544422e+00 -1.097805e+00 
 7.544745e+00 -1.097800e+00 
 7.545068e+00 -1.097794e+00 
 7.545391e+00 -1.097788e+00 
 7.545714e+00 -1.097780e+00 
 7.546037e+00 -1.097774e+00 
 7.546360e+00 -1.097769e+00 
 7.546683e+00 -1.097764e+00 
 7.547006e+00 -1.097759e+00 
 7.547329e+00 -1.097752e+00 
 7.547652e+00 -1.097746e+00 
 7.547975e+00 -1.097740e+00 
 7.548298e+00 -1.097734e+00 
 7.548621e+00 -1.097728e+00 
 7.548944e+00 -1.097721e+00 
 7.549267e+00 -1.097714e+00 
 7.549590e+00 -1.097707e+00 
 7.549913e+00 -1.097700e+00 
 7.550236e+00 -1.097693e+00 
 7.550559e+00 -1.097686e+00 
 7.550882e+00 -1.097678e+00 
 7.551205e+00 -1.097672e+00 
 7.551528e+00 -1.097668e+00 
 7.551851e+00 -1.097663e+00 
 7.552174e+00 -1.097658e+00 
 7.552497e+00 -1.097652e+00 
 7.552820e+00 -1.097645e+00 
 7.553143e+00 -1.097639e+00 
 7.553466e+00 -1.097634e+00 
 7.553789e+00 -1.097628e+00 
 7.554112e+00 -1.097621e+00 
 7.554435e+00 -1.097615e+00 
 7.554758e+00 -1.097610e+00 
 7.555081e+00 -1.097605e+00 
 7.555404e+00 -1.097602e+00 
 7.555727e+00 -1.097598e+00 
 7.556050e+00 -1.097594e+00 
 7.556373e+00 -1.097590e+00 
 7.556696e+00 -1.097588e+00 
 7.557019e+00 -1.097585e+00 
 7.557342e+00 -1.097581e+00 
 7.557665e+00 -1.097577e+00 
 7.557988e+00 -1.097572e+00 
 7.558311e+00 -1.097568e+00 
 7.558634e+00 -1.097565e+00 
 7.558957e+00 -1.097563e+00 
 7.559280e+00 -1.097559e+00 
 7.559603e+00 -1.097556e+00 
 7.559926e+00 -1.097554e+00 
 7.560249e+00 -1.097553e+00 
 7.560572e+00 -1.097552e+00 
 7.560895e+00 -1.097551e+00 
 7.561217e+00 -1.097549e+00 
 7.561540e+00 -1.097547e+00 
 7.561863e+00 -1.097546e+00 
 7.562186e+00 -1.097544e+00 
 7.562509e+00 -1.097542e+00 
 7.562832e+00 -1.097538e+00 
 7.563155e+00 -1.097535e+00 
 7.563478e+00 -1.097533e+00 
 7.563801e+00 -1.097532e+00 
 7.564124e+00 -1.097530e+00 
 7.564447e+00 -1.097529e+00 
 7.564770e+00 -1.097527e+00 
 7.565093e+00 -1.097526e+00 
 7.565416e+00 -1.097525e+00 
 7.565739e+00 -1.097523e+00 
 7.566062e+00 -1.097520e+00 
 7.566385e+00 -1.097516e+00 
 7.566708e+00 -1.097513e+00 
 7.567031e+00 -1.097511e+00 
 7.567354e+00 -1.097508e+00 
 7.567677e+00 -1.097505e+00 
 7.568000e+00 -1.097502e+00 
 7.568323e+00 -1.097499e+00 
 7.568646e+00 -1.097497e+00 
 7.568969e+00 -1.097495e+00 
 7.569292e+00 -1.097493e+00 
 7.569615e+00 -1.097490e+00 
 7.569938e+00 -1.097487e+00 
 7.570261e+00 -1.097484e+00 
 7.570584e+00 -1.097480e+00 
 7.570907e+00 -1.097475e+00 
 7.571230e+00 -1.097471e+00 
 7.571553e+00 -1.097467e+00 
 7.571876e+00 -1.097463e+00 
 7.572199e+00 -1.097461e+00 
 7.572522e+00 -1.097458e+00 
 7.572845e+00 -1.097456e+00 
 7.573168e+00 -1.097453e+00 
 7.573491e+00 -1.097450e+00 
 7.573814e+00 -1.097448e+00 
 7.574137e+00 -1.097446e+00 
 7.574460e+00 -1.097444e+00 
 7.574783e+00 -1.097441e+00 
 7.575106e+00 -1.097438e+00 
 7.575429e+00 -1.097436e+00 
 7.575752e+00 -1.097434e+00 
 7.576075e+00 -1.097431e+00 
 7.576398e+00 -1.097429e+00 
 7.576721e+00 -1.097427e+00 
 7.577044e+00 -1.097427e+00 
 7.577367e+00 -1.097427e+00 
 7.577690e+00 -1.097428e+00 
 7.578013e+00 -1.097428e+00 
 7.578336e+00 -1.097427e+00 
 7.578659e+00 -1.097427e+00 
 7.578982e+00 -1.097427e+00 
 7.579305e+00 -1.097427e+00 
 7.579628e+00 -1.097428e+00 
 7.579951e+00 -1.097428e+00 
 7.580274e+00 -1.097430e+00 
 7.580597e+00 -1.097433e+00 
 7.580920e+00 -1.097437e+00 
 7.581243e+00 -1.097439e+00 
 7.581566e+00 -1.097441e+00 
 7.581889e+00 -1.097444e+00 
 7.582212e+00 -1.097447e+00 
 7.582535e+00 -1.097450e+00 
 7.582858e+00 -1.097453e+00 
 7.583181e+00 -1.097455e+00 
 7.583504e+00 -1.097457e+00 
 7.583827e+00 -1.097460e+00 
 7.584150e+00 -1.097463e+00 
 7.584473e+00 -1.097467e+00 
 7.584796e+00 -1.097471e+00 
 7.585119e+00 -1.097475e+00 
 7.585442e+00 -1.097480e+00 
 7.585765e+00 -1.097487e+00 
 7.586088e+00 -1.097493e+00 
 7.586411e+00 -1.097497e+00 
 7.586734e+00 -1.097500e+00 
 7.587057e+00 -1.097503e+00 
 7.587380e+00 -1.097505e+00 
 7.587703e+00 -1.097509e+00 
 7.588026e+00 -1.097512e+00 
 7.588349e+00 -1.097514e+00 
 7.588672e+00 -1.097516e+00 
 7.588995e+00 -1.097520e+00 
 7.589318e+00 -1.097523e+00 
 7.589641e+00 -1.097527e+00 
 7.589964e+00 -1.097531e+00 
 7.590287e+00 -1.097533e+00 
 7.590610e+00 -1.097535e+00 
 7.590933e+00 -1.097540e+00 
 7.591256e+00 -1.097542e+00 
 7.591579e+00 -1.097542e+00 
 7.591902e+00 -1.097540e+00 
 7.592225e+00 -1.097539e+00 
 7.592548e+00 -1.097539e+00 
 7.592871e+00 -1.097539e+00 
 7.593194e+00 -1.097540e+00 
 7.593517e+00 -1.097539e+00 
 7.593840e+00 -1.097538e+00 
 7.594163e+00 -1.097538e+00 
 7.594486e+00 -1.097538e+00 
 7.594809e+00 -1.097537e+00 
 7.595132e+00 -1.097534e+00 
 7.595455e+00 -1.097530e+00 
 7.595778e+00 -1.097525e+00 
 7.596101e+00 -1.097522e+00 
 7.596424e+00 -1.097519e+00 
 7.596746e+00 -1.097514e+00 
 7.597069e+00 -1.097509e+00 
 7.597392e+00 -1.097505e+00 
 7.597715e+00 -1.097501e+00 
 7.598038e+00 -1.097498e+00 
 7.598361e+00 -1.097495e+00 
 7.598684e+00 -1.097490e+00 
 7.599007e+00 -1.097485e+00 
 7.599330e+00 -1.097480e+00 
 7.599653e+00 -1.097475e+00 
 7.599976e+00 -1.097469e+00 
 7.600299e+00 -1.097461e+00 
 7.600622e+00 -1.097454e+00 
 7.600945e+00 -1.097446e+00 
 7.601268e+00 -1.097442e+00 
 7.601591e+00 -1.097438e+00 
 7.601914e+00 -1.097433e+00 
 7.602237e+00 -1.097428e+00 
 7.602560e+00 -1.097424e+00 
 7.602883e+00 -1.097420e+00 
 7.603206e+00 -1.097416e+00 
 7.603529e+00 -1.097412e+00 
 7.603852e+00 -1.097407e+00 
 7.604175e+00 -1.097401e+00 
 7.604498e+00 -1.097395e+00 
 7.604821e+00 -1.097391e+00 
 7.605144e+00 -1.097386e+00 
 7.605467e+00 -1.097382e+00 
 7.605790e+00 -1.097378e+00 
 7.606113e+00 -1.097374e+00 
 7.606436e+00 -1.097374e+00 
 7.606759e+00 -1.097374e+00 
 7.607082e+00 -1.097372e+00 
 7.607405e+00 -1.097369e+00 
 7.607728e+00 -1.097367e+00 
 7.608051e+00 -1.097365e+00 
 7.608374e+00 -1.097363e+00 
 7.608697e+00 -1.097361e+00 
 7.609020e+00 -1.097358e+00 
 7.609343e+00 -1.097355e+00 
 7.609666e+00 -1.097355e+00 
 7.609989e+00 -1.097355e+00 
 7.610312e+00 -1.097356e+00 
 7.610635e+00 -1.097357e+00 
 7.610958e+00 -1.097357e+00 
 7.611281e+00 -1.097357e+00 
 7.611604e+00 -1.097358e+00 
 7.611927e+00 -1.097359e+00 
 7.612250e+00 -1.097357e+00 
 7.612573e+00 -1.097355e+00 
 7.612896e+00 -1.097354e+00 
 7.613219e+00 -1.097353e+00 
 7.613542e+00 -1.097352e+00 
 7.613865e+00 -1.097352e+00 
 7.614188e+00 -1.097351e+00 
 7.614511e+00 -1.097350e+00 
 7.614834e+00 -1.097351e+00 
 7.615157e+00 -1.097353e+00 
 7.615480e+00 -1.097353e+00 
 7.615803e+00 -1.097353e+00 
 7.616126e+00 -1.097352e+00 
 7.616449e+00 -1.097349e+00 
 7.616772e+00 -1.097347e+00 
 7.617095e+00 -1.097345e+00 
 7.617418e+00 -1.097341e+00 
 7.617741e+00 -1.097337e+00 
 7.618064e+00 -1.097335e+00 
 7.618387e+00 -1.097332e+00 
 7.618710e+00 -1.097330e+00 
 7.619033e+00 -1.097329e+00 
 7.619356e+00 -1.097326e+00 
 7.619679e+00 -1.097324e+00 
 7.620002e+00 -1.097321e+00 
 7.620325e+00 -1.097319e+00 
 7.620648e+00 -1.097314e+00 
 7.620971e+00 -1.097310e+00 
 7.621294e+00 -1.097304e+00 
 7.621617e+00 -1.097298e+00 
 7.621940e+00 -1.097294e+00 
 7.622263e+00 -1.097290e+00 
 7.622586e+00 -1.097286e+00 
 7.622909e+00 -1.097281e+00 
 7.623232e+00 -1.097278e+00 
 7.623555e+00 -1.097274e+00 
 7.623878e+00 -1.097271e+00 
 7.624201e+00 -1.097268e+00 
 7.624524e+00 -1.097264e+00 
 7.624847e+00 -1.097259e+00 
 7.625170e+00 -1.097253e+00 
 7.625493e+00 -1.097249e+00 
 7.625816e+00 -1.097243e+00 
 7.626139e+00 -1.097238e+00 
 7.626462e+00 -1.097234e+00 
 7.626785e+00 -1.097230e+00 
 7.627108e+00 -1.097227e+00 
 7.627431e+00 -1.097225e+00 
 7.627754e+00 -1.097222e+00 
 7.628077e+00 -1.097219e+00 
 7.628400e+00 -1.097217e+00 
 7.628723e+00 -1.097215e+00 
 7.629046e+00 -1.097213e+00 
 7.629369e+00 -1.097210e+00 
 7.629692e+00 -1.097207e+00 
 7.630015e+00 -1.097204e+00 
 7.630338e+00 -1.097201e+00 
 7.630661e+00 -1.097199e+00 
 7.630984e+00 -1.097197e+00 
 7.631307e+00 -1.097196e+00 
 7.631630e+00 -1.097195e+00 
 7.631952e+00 -1.097194e+00 
 7.632275e+00 -1.097195e+00 
 7.632598e+00 -1.097195e+00 
 7.632921e+00 -1.097195e+00 
 7.633244e+00 -1.097194e+00 
 7.633567e+00 -1.097194e+00 
 7.633890e+00 -1.097194e+00 
 7.634213e+00 -1.097194e+00 
 7.634536e+00 -1.097194e+00 
 7.634859e+00 -1.097194e+00 
 7.635182e+00 -1.097194e+00 
 7.635505e+00 -1.097195e+00 
 7.635828e+00 -1.097196e+00 
 7.636151e+00 -1.097197e+00 
 7.636474e+00 -1.097198e+00 
 7.636797e+00 -1.097199e+00 
 7.637120e+00 -1.097199e+00 
 7.637443e+00 -1.097201e+00 
 7.637766e+00 -1.097202e+00 
 7.638089e+00 -1.097203e+00 
 7.638412e+00 -1.097203e+00 
 7.638735e+00 -1.097204e+00 
 7.639058e+00 -1.097205e+00 
 7.639381e+00 -1.097206e+00 
 7.639704e+00 -1.097207e+00 
 7.640027e+00 -1.097209e+00 
 7.640350e+00 -1.097210e+00 
 7.640673e+00 -1.097211e+00 
 7.640996e+00 -1.097213e+00 
 7.641319e+00 -1.097213e+00 
 7.641642e+00 -1.097213e+00 
 7.641965e+00 -1.097214e+00 
 7.642288e+00 -1.097214e+00 
 7.642611e+00 -1.097216e+00 
 7.642934e+00 -1.097217e+00 
 7.643257e+00 -1.097217e+00 
 7.643580e+00 -1.097217e+00 
 7.643903e+00 -1.097217e+00 
 7.644226e+00 -1.097218e+00 
 7.644549e+00 -1.097219e+00 
 7.644872e+00 -1.097220e+00 
 7.645195e+00 -1.097220e+00 
 7.645518e+00 -1.097220e+00 
 7.645841e+00 -1.097222e+00 
 7.646164e+00 -1.097222e+00 
 7.646487e+00 -1.097222e+00 
 7.646810e+00 -1.097222e+00 
 7.647133e+00 -1.097222e+00 
 7.647456e+00 -1.097223e+00 
 7.647779e+00 -1.097224e+00 
 7.648102e+00 -1.097224e+00 
 7.648425e+00 -1.097224e+00 
 7.648748e+00 -1.097224e+00 
 7.649071e+00 -1.097224e+00 
 7.649394e+00 -1.097225e+00 
 7.649717e+00 -1.097225e+00 
 7.650040e+00 -1.097225e+00 
 7.650363e+00 -1.097225e+00 
 7.650686e+00 -1.097225e+00 
 7.651009e+00 -1.097227e+00 
 7.651332e+00 -1.097228e+00 
 7.651655e+00 -1.097228e+00 
 7.651978e+00 -1.097228e+00 
 7.652301e+00 -1.097229e+00 
 7.652624e+00 -1.097230e+00 
 7.652947e+00 -1.097231e+00 
 7.653270e+00 -1.097231e+00 
 7.653593e+00 -1.097231e+00 
 7.653916e+00 -1.097231e+00 
 7.654239e+00 -1.097232e+00 
 7.654562e+00 -1.097233e+00 
 7.654885e+00 -1.097233e+00 
 7.655208e+00 -1.097233e+00 
 7.655531e+00 -1.097233e+00 
 7.655854e+00 -1.097234e+00 
 7.656177e+00 -1.097235e+00 
 7.656500e+00 -1.097236e+00 
 7.656823e+00 -1.097236e+00 
 7.657146e+00 -1.097235e+00 
 7.657469e+00 -1.097235e+00 
 7.657792e+00 -1.097235e+00 
 7.658115e+00 -1.097236e+00 
 7.658438e+00 -1.097236e+00 
 7.658761e+00 -1.097236e+00 
 7.659084e+00 -1.097235e+00 
 7.659407e+00 -1.097234e+00 
 7.659730e+00 -1.097234e+00 
 7.660053e+00 -1.097233e+00 
 7.660376e+00 -1.097231e+00 
 7.660699e+00 -1.097229e+00 
 7.661022e+00 -1.097227e+00 
 7.661345e+00 -1.097226e+00 
 7.661668e+00 -1.097224e+00 
 7.661991e+00 -1.097222e+00 
 7.662314e+00 -1.097220e+00 
 7.662637e+00 -1.097218e+00 
 7.662960e+00 -1.097216e+00 
 7.663283e+00 -1.097214e+00 
 7.663606e+00 -1.097211e+00 
 7.663929e+00 -1.097208e+00 
 7.664252e+00 -1.097204e+00 
 7.664575e+00 -1.097201e+00 
 7.664898e+00 -1.097197e+00 
 7.665221e+00 -1.097193e+00 
 7.665544e+00 -1.097189e+00 
 7.665867e+00 -1.097184e+00 
 7.666190e+00 -1.097179e+00 
 7.666513e+00 -1.097176e+00 
 7.666836e+00 -1.097173e+00 
 7.667158e+00 -1.097168e+00 
 7.667481e+00 -1.097164e+00 
 7.667804e+00 -1.097161e+00 
 7.668127e+00 -1.097157e+00 
 7.668450e+00 -1.097153e+00 
 7.668773e+00 -1.097148e+00 
 7.669096e+00 -1.097143e+00 
 7.669419e+00 -1.097137e+00 
 7.669742e+00 -1.097133e+00 
 7.670065e+00 -1.097129e+00 
 7.670388e+00 -1.097125e+00 
 7.670711e+00 -1.097120e+00 
 7.671034e+00 -1.097116e+00 
 7.671357e+00 -1.097112e+00 
 7.671680e+00 -1.097110e+00 
 7.672003e+00 -1.097108e+00 
 7.672326e+00 -1.097104e+00 
 7.672649e+00 -1.097100e+00 
 7.672972e+00 -1.097097e+00 
 7.673295e+00 -1.097093e+00 
 7.673618e+00 -1.097090e+00 
 7.673941e+00 -1.097086e+00 
 7.674264e+00 -1.097083e+00 
 7.674587e+00 -1.097080e+00 
 7.674910e+00 -1.097078e+00 
 7.675233e+00 -1.097077e+00 
 7.675556e+00 -1.097076e+00 
 7.675879e+00 -1.097074e+00 
 7.676202e+00 -1.097072e+00 
 7.676525e+00 -1.097071e+00 
 7.676848e+00 -1.097070e+00 
 7.677171e+00 -1.097069e+00 
 7.677494e+00 -1.097067e+00 
 7.677817e+00 -1.097064e+00 
 7.678140e+00 -1.097062e+00 
 7.678463e+00 -1.097061e+00 
 7.678786e+00 -1.097059e+00 
 7.679109e+00 -1.097058e+00 
 7.679432e+00 -1.097057e+00 
 7.679755e+00 -1.097056e+00 
 7.680078e+00 -1.097056e+00 
 7.680401e+00 -1.097057e+00 
 7.680724e+00 -1.097056e+00 
 7.681047e+00 -1.097055e+00 
 7.681370e+00 -1.097053e+00 
 7.681693e+00 -1.097052e+00 
 7.682016e+00 -1.097050e+00 
 7.682339e+00 -1.097049e+00 
 7.682662e+00 -1.097046e+00 
 7.682985e+00 -1.097044e+00 
 7.683308e+00 -1.097042e+00 
 7.683631e+00 -1.097041e+00 
 7.683954e+00 -1.097041e+00 
 7.684277e+00 -1.097040e+00 
 7.684600e+00 -1.097039e+00 
 7.684923e+00 -1.097037e+00 
 7.685246e+00 -1.097036e+00 
 7.685569e+00 -1.097035e+00 
 7.685892e+00 -1.097032e+00 
 7.686215e+00 -1.097029e+00 
 7.686538e+00 -1.097026e+00 
 7.686861e+00 -1.097023e+00 
 7.687184e+00 -1.097021e+00 
 7.687507e+00 -1.097019e+00 
 7.687830e+00 -1.097017e+00 
 7.688153e+00 -1.097015e+00 
 7.688476e+00 -1.097013e+00 
 7.688799e+00 -1.097012e+00 
 7.689122e+00 -1.097011e+00 
 7.689445e+00 -1.097009e+00 
 7.689768e+00 -1.097007e+00 
 7.690091e+00 -1.097004e+00 
 7.690414e+00 -1.097002e+00 
 7.690737e+00 -1.097001e+00 
 7.691060e+00 -1.096999e+00 
 7.691383e+00 -1.096997e+00 
 7.691706e+00 -1.096994e+00 
 7.692029e+00 -1.096993e+00 
 7.692352e+00 -1.096992e+00 
 7.692675e+00 -1.096992e+00 
 7.692998e+00 -1.096991e+00 
 7.693321e+00 -1.096991e+00 
 7.693644e+00 -1.096990e+00 
 7.693967e+00 -1.096990e+00 
 7.694290e+00 -1.096990e+00 
 7.694613e+00 -1.096990e+00 
 7.694936e+00 -1.096989e+00 
 7.695259e+00 -1.096989e+00 
 7.695582e+00 -1.096990e+00 
 7.695905e+00 -1.096991e+00 
 7.696228e+00 -1.096992e+00 
 7.696551e+00 -1.096993e+00 
 7.696874e+00 -1.096994e+00 
 7.697197e+00 -1.096996e+00 
 7.697520e+00 -1.096998e+00 
 7.697843e+00 -1.097000e+00 
 7.698166e+00 -1.097002e+00 
 7.698489e+00 -1.097003e+00 
 7.698812e+00 -1.097005e+00 
 7.699135e+00 -1.097007e+00 
 7.699458e+00 -1.097010e+00 
 7.699781e+00 -1.097012e+00 
 7.700104e+00 -1.097015e+00 
 7.700427e+00 -1.097017e+00 
 7.700750e+00 -1.097021e+00 
 7.701073e+00 -1.097025e+00 
 7.701396e+00 -1.097027e+00 
 7.701719e+00 -1.097030e+00 
 7.702042e+00 -1.097032e+00 
 7.702364e+00 -1.097035e+00 
 7.702687e+00 -1.097038e+00 
 7.703010e+00 -1.097041e+00 
 7.703333e+00 -1.097044e+00 
 7.703656e+00 -1.097047e+00 
 7.703979e+00 -1.097050e+00 
 7.704302e+00 -1.097054e+00 
 7.704625e+00 -1.097057e+00 
 7.704948e+00 -1.097060e+00 
 7.705271e+00 -1.097062e+00 
 7.705594e+00 -1.097065e+00 
 7.705917e+00 -1.097067e+00 
 7.706240e+00 -1.097069e+00 
 7.706563e+00 -1.097071e+00 
 7.706886e+00 -1.097073e+00 
 7.707209e+00 -1.097075e+00 
 7.707532e+00 -1.097077e+00 
 7.707855e+00 -1.097079e+00 
 7.708178e+00 -1.097082e+00 
 7.708501e+00 -1.097084e+00 
 7.708824e+00 -1.097085e+00 
 7.709147e+00 -1.097087e+00 
 7.709470e+00 -1.097089e+00 
 7.709793e+00 -1.097090e+00 
 7.710116e+00 -1.097091e+00 
 7.710439e+00 -1.097091e+00 
 7.710762e+00 -1.097091e+00 
 7.711085e+00 -1.097091e+00 
 7.711408e+00 -1.097092e+00 
 7.711731e+00 -1.097092e+00 
 7.712054e+00 -1.097093e+00 
 7.712377e+00 -1.097093e+00 
 7.712700e+00 -1.097094e+00 
 7.713023e+00 -1.097096e+00 
 7.713346e+00 -1.097097e+00 
 7.713669e+00 -1.097097e+00 
 7.713992e+00 -1.097097e+00 
 7.714315e+00 -1.097097e+00 
 7.714638e+00 -1.097098e+00 
 7.714961e+00 -1.097098e+00 
 7.715284e+00 -1.097098e+00 
 7.715607e+00 -1.097098e+00 
 7.715930e+00 -1.097098e+00 
 7.716253e+00 -1.097099e+00 
 7.716576e+00 -1.097100e+00 
 7.716899e+00 -1.097102e+00 
 7.717222e+00 -1.097103e+00 
 7.717545e+00 -1.097104e+00 
 7.717868e+00 -1.097106e+00 
 7.718191e+00 -1.097107e+00 
 7.718514e+00 -1.097109e+00 
 7.718837e+00 -1.097110e+00 
 7.719160e+00 -1.097111e+00 
 7.719483e+00 -1.097112e+00 
 7.719806e+00 -1.097114e+00 
 7.720129e+00 -1.097117e+00 
 7.720452e+00 -1.097119e+00 
 7.720775e+00 -1.097122e+00 
 7.721098e+00 -1.097125e+00 
 7.721421e+00 -1.097128e+00 
 7.721744e+00 -1.097132e+00 
 7.722067e+00 -1.097134e+00 
 7.722390e+00 -1.097137e+00 
 7.722713e+00 -1.097139e+00 
 7.723036e+00 -1.097142e+00 
 7.723359e+00 -1.097145e+00 
 7.723682e+00 -1.097148e+00 
 7.724005e+00 -1.097151e+00 
 7.724328e+00 -1.097154e+00 
 7.724651e+00 -1.097157e+00 
 7.724974e+00 -1.097160e+00 
 7.725297e+00 -1.097164e+00 
 7.725620e+00 -1.097167e+00 
 7.725943e+00 -1.097172e+00 
 7.726266e+00 -1.097175e+00 
 7.726589e+00 -1.097177e+00 
 7.726912e+00 -1.097180e+00 
 7.727235e+00 -1.097182e+00 
 7.727558e+00 -1.097183e+00 
 7.727881e+00 -1.097185e+00 
 7.728204e+00 -1.097187e+00 
 7.728527e+00 -1.097189e+00 
 7.728850e+00 -1.097190e+00 
 7.729173e+00 -1.097192e+00 
 7.729496e+00 -1.097193e+00 
 7.729819e+00 -1.097194e+00 
 7.730142e+00 -1.097195e+00 
 7.730465e+00 -1.097195e+00 
 7.730788e+00 -1.097197e+00 
 7.731111e+00 -1.097198e+00 
 7.731434e+00 -1.097198e+00 
 7.731757e+00 -1.097197e+00 
 7.732080e+00 -1.097197e+00 
 7.732403e+00 -1.097196e+00 
 7.732726e+00 -1.097195e+00 
 7.733049e+00 -1.097194e+00 
 7.733372e+00 -1.097193e+00 
 7.733695e+00 -1.097192e+00 
 7.734018e+00 -1.097190e+00 
 7.734341e+00 -1.097189e+00 
 7.734664e+00 -1.097186e+00 
 7.734987e+00 -1.097183e+00 
 7.735310e+00 -1.097181e+00 
 7.735633e+00 -1.097179e+00 
 7.735956e+00 -1.097178e+00 
 7.736279e+00 -1.097178e+00 
 7.736602e+00 -1.097177e+00 
 7.736925e+00 -1.097175e+00 
 7.737248e+00 -1.097173e+00 
 7.737570e+00 -1.097171e+00 
 7.737893e+00 -1.097168e+00 
 7.738216e+00 -1.097166e+00 
 7.738539e+00 -1.097163e+00 
 7.738862e+00 -1.097161e+00 
 7.739185e+00 -1.097158e+00 
 7.739508e+00 -1.097155e+00 
 7.739831e+00 -1.097153e+00 
 7.740154e+00 -1.097150e+00 
 7.740477e+00 -1.097148e+00 
 7.740800e+00 -1.097147e+00 
 7.741123e+00 -1.097148e+00 
 7.741446e+00 -1.097149e+00 
 7.741769e+00 -1.097149e+00 
 7.742092e+00 -1.097147e+00 
 7.742415e+00 -1.097146e+00 
 7.742738e+00 -1.097144e+00 
 7.743061e+00 -1.097142e+00 
 7.743384e+00 -1.097140e+00 
 7.743707e+00 -1.097138e+00 
 7.744030e+00 -1.097137e+00 
 7.744353e+00 -1.097135e+00 
 7.744676e+00 -1.097134e+00 
 7.744999e+00 -1.097134e+00 
 7.745322e+00 -1.097133e+00 
 7.745645e+00 -1.097132e+00 
 7.745968e+00 -1.097133e+00 
 7.746291e+00 -1.097134e+00 
 7.746614e+00 -1.097135e+00 
 7.746937e+00 -1.097134e+00 
 7.747260e+00 -1.097132e+00 
 7.747583e+00 -1.097130e+00 
 7.747906e+00 -1.097128e+00 
 7.748229e+00 -1.097125e+00 
 7.748552e+00 -1.097123e+00 
 7.748875e+00 -1.097122e+00 
 7.749198e+00 -1.097121e+00 
 7.749521e+00 -1.097120e+00 
 7.749844e+00 -1.097120e+00 
 7.750167e+00 -1.097118e+00 
 7.750490e+00 -1.097117e+00 
 7.750813e+00 -1.097113e+00 
 7.751136e+00 -1.097111e+00 
 7.751459e+00 -1.097110e+00 
 7.751782e+00 -1.097108e+00 
 7.752105e+00 -1.097105e+00 
 7.752428e+00 -1.097101e+00 
 7.752751e+00 -1.097098e+00 
 7.753074e+00 -1.097094e+00 
 7.753397e+00 -1.097091e+00 
 7.753720e+00 -1.097088e+00 
 7.754043e+00 -1.097085e+00 
 7.754366e+00 -1.097082e+00 
 7.754689e+00 -1.097080e+00 
 7.755012e+00 -1.097077e+00 
 7.755335e+00 -1.097074e+00 
 7.755658e+00 -1.097069e+00 
 7.755981e+00 -1.097063e+00 
 7.756304e+00 -1.097059e+00 
 7.756627e+00 -1.097056e+00 
 7.756950e+00 -1.097052e+00 
 7.757273e+00 -1.097048e+00 
 7.757596e+00 -1.097043e+00 
 7.757919e+00 -1.097039e+00 
 7.758242e+00 -1.097035e+00 
 7.758565e+00 -1.097032e+00 
 7.758888e+00 -1.097028e+00 
 7.759211e+00 -1.097025e+00 
 7.759534e+00 -1.097022e+00 
 7.759857e+00 -1.097019e+00 
 7.760180e+00 -1.097016e+00 
 7.760503e+00 -1.097014e+00 
 7.760826e+00 -1.097009e+00 
 7.761149e+00 -1.097004e+00 
 7.761472e+00 -1.097001e+00 
 7.761795e+00 -1.096999e+00 
 7.762118e+00 -1.096997e+00 
 7.762441e+00 -1.096995e+00 
 7.762764e+00 -1.096992e+00 
 7.763087e+00 -1.096989e+00 
 7.763410e+00 -1.096987e+00 
 7.763733e+00 -1.096985e+00 
 7.764056e+00 -1.096984e+00 
 7.764379e+00 -1.096983e+00 
 7.764702e+00 -1.096983e+00 
 7.765025e+00 -1.096983e+00 
 7.765348e+00 -1.096983e+00 
 7.765671e+00 -1.096983e+00 
 7.765994e+00 -1.096982e+00 
 7.766317e+00 -1.096980e+00 
 7.766640e+00 -1.096979e+00 
 7.766963e+00 -1.096980e+00 
 7.767286e+00 -1.096980e+00 
 7.767609e+00 -1.096979e+00 
 7.767932e+00 -1.096979e+00 
 7.768255e+00 -1.096979e+00 
 7.768578e+00 -1.096980e+00 
 7.768901e+00 -1.096981e+00 
 7.769224e+00 -1.096983e+00 
 7.769547e+00 -1.096984e+00 
 7.769870e+00 -1.096986e+00 
 7.770193e+00 -1.096988e+00 
 7.770516e+00 -1.096990e+00 
 7.770839e+00 -1.096991e+00 
 7.771162e+00 -1.096990e+00 
 7.771485e+00 -1.096988e+00 
 7.771808e+00 -1.096988e+00 
 7.772131e+00 -1.096989e+00 
 7.772454e+00 -1.096989e+00 
 7.772776e+00 -1.096989e+00 
 7.773099e+00 -1.096989e+00 
 7.773422e+00 -1.096990e+00 
 7.773745e+00 -1.096991e+00 
 7.774068e+00 -1.096992e+00 
 7.774391e+00 -1.096993e+00 
 7.774714e+00 -1.096993e+00 
 7.775037e+00 -1.096993e+00 
 7.775360e+00 -1.096992e+00 
 7.775683e+00 -1.096991e+00 
 7.776006e+00 -1.096990e+00 
 7.776329e+00 -1.096986e+00 
 7.776652e+00 -1.096982e+00 
 7.776975e+00 -1.096980e+00 
 7.777298e+00 -1.096979e+00 
 7.777621e+00 -1.096978e+00 
 7.777944e+00 -1.096977e+00 
 7.778267e+00 -1.096976e+00 
 7.778590e+00 -1.096974e+00 
 7.778913e+00 -1.096972e+00 
 7.779236e+00 -1.096971e+00 
 7.779559e+00 -1.096968e+00 
 7.779882e+00 -1.096964e+00 
 7.780205e+00 -1.096960e+00 
 7.780528e+00 -1.096956e+00 
 7.780851e+00 -1.096954e+00 
 7.781174e+00 -1.096950e+00 
 7.781497e+00 -1.096946e+00 
 7.781820e+00 -1.096941e+00 
 7.782143e+00 -1.096939e+00 
 7.782466e+00 -1.096937e+00 
 7.782789e+00 -1.096936e+00 
 7.783112e+00 -1.096933e+00 
 7.783435e+00 -1.096930e+00 
 7.783758e+00 -1.096927e+00 
 7.784081e+00 -1.096924e+00 
 7.784404e+00 -1.096921e+00 
 7.784727e+00 -1.096917e+00 
 7.785050e+00 -1.096914e+00 
 7.785373e+00 -1.096910e+00 
 7.785696e+00 -1.096908e+00 
 7.786019e+00 -1.096906e+00 
 7.786342e+00 -1.096905e+00 
 7.786665e+00 -1.096902e+00 
 7.786988e+00 -1.096900e+00 
 7.787311e+00 -1.096899e+00 
 7.787634e+00 -1.096899e+00 
 7.787957e+00 -1.096898e+00 
 7.788280e+00 -1.096896e+00 
 7.788603e+00 -1.096894e+00 
 7.788926e+00 -1.096892e+00 
 7.789249e+00 -1.096891e+00 
 7.789572e+00 -1.096890e+00 
 7.789895e+00 -1.096888e+00 
 7.790218e+00 -1.096887e+00 
 7.790541e+00 -1.096886e+00 
 7.790864e+00 -1.096886e+00 
 7.791187e+00 -1.096886e+00 
 7.791510e+00 -1.096886e+00 
 7.791833e+00 -1.096884e+00 
 7.792156e+00 -1.096882e+00 
 7.792479e+00 -1.096882e+00 
 7.792802e+00 -1.096881e+00 
 7.793125e+00 -1.096881e+00 
 7.793448e+00 -1.096879e+00 
 7.793771e+00 -1.096878e+00 
 7.794094e+00 -1.096876e+00 
 7.794417e+00 -1.096875e+00 
 7.794740e+00 -1.096874e+00 
 7.795063e+00 -1.096872e+00 
 7.795386e+00 -1.096870e+00 
 7.795709e+00 -1.096867e+00 
 7.796032e+00 -1.096864e+00 
 7.796355e+00 -1.096862e+00 
 7.796678e+00 -1.096859e+00 
 7.797001e+00 -1.096855e+00 
 7.797324e+00 -1.096852e+00 
 7.797647e+00 -1.096849e+00 
 7.797970e+00 -1.096847e+00 
 7.798293e+00 -1.096844e+00 
 7.798616e+00 -1.096840e+00 
 7.798939e+00 -1.096836e+00 
 7.799262e+00 -1.096831e+00 
 7.799585e+00 -1.096827e+00 
 7.799908e+00 -1.096822e+00 
 7.800231e+00 -1.096817e+00 
 7.800554e+00 -1.096811e+00 
 7.800877e+00 -1.096804e+00 
 7.801200e+00 -1.096798e+00 
 7.801523e+00 -1.096793e+00 
 7.801846e+00 -1.096788e+00 
 7.802169e+00 -1.096783e+00 
 7.802492e+00 -1.096777e+00 
 7.802815e+00 -1.096772e+00 
 7.803138e+00 -1.096768e+00 
 7.803461e+00 -1.096763e+00 
 7.803784e+00 -1.096757e+00 
 7.804107e+00 -1.096751e+00 
 7.804430e+00 -1.096744e+00 
 7.804753e+00 -1.096738e+00 
 7.805076e+00 -1.096732e+00 
 7.805399e+00 -1.096726e+00 
 7.805722e+00 -1.096719e+00 
 7.806045e+00 -1.096713e+00 
 7.806368e+00 -1.096708e+00 
 7.806691e+00 -1.096704e+00 
 7.807014e+00 -1.096701e+00 
 7.807337e+00 -1.096696e+00 
 7.807660e+00 -1.096692e+00 
 7.807983e+00 -1.096688e+00 
 7.808305e+00 -1.096684e+00 
 7.808628e+00 -1.096680e+00 
 7.808951e+00 -1.096675e+00 
 7.809274e+00 -1.096670e+00 
 7.809597e+00 -1.096666e+00 
 7.809920e+00 -1.096662e+00 
 7.810243e+00 -1.096660e+00 
 7.810566e+00 -1.096657e+00 
 7.810889e+00 -1.096654e+00 
 7.811212e+00 -1.096651e+00 
 7.811535e+00 -1.096650e+00 
 7.811858e+00 -1.096649e+00 
 7.812181e+00 -1.096648e+00 
 7.812504e+00 -1.096645e+00 
 7.812827e+00 -1.096643e+00 
 7.813150e+00 -1.096641e+00 
 7.813473e+00 -1.096640e+00 
 7.813796e+00 -1.096638e+00 
 7.814119e+00 -1.096636e+00 
 7.814442e+00 -1.096635e+00 
 7.814765e+00 -1.096633e+00 
 7.815088e+00 -1.096633e+00 
 7.815411e+00 -1.096633e+00 
 7.815734e+00 -1.096633e+00 
 7.816057e+00 -1.096631e+00 
 7.816380e+00 -1.096630e+00 
 7.816703e+00 -1.096629e+00 
 7.817026e+00 -1.096629e+00 
 7.817349e+00 -1.096627e+00 
 7.817672e+00 -1.096626e+00 
 7.817995e+00 -1.096624e+00 
 7.818318e+00 -1.096623e+00 
 7.818641e+00 -1.096622e+00 
 7.818964e+00 -1.096621e+00 
 7.819287e+00 -1.096619e+00 
 7.819610e+00 -1.096617e+00 
 7.819933e+00 -1.096616e+00 
 7.820256e+00 -1.096615e+00 
 7.820579e+00 -1.096613e+00 
 7.820902e+00 -1.096611e+00 
 7.821225e+00 -1.096608e+00 
 7.821548e+00 -1.096605e+00 
 7.821871e+00 -1.096602e+00 
 7.822194e+00 -1.096600e+00 
 7.822517e+00 -1.096598e+00 
 7.822840e+00 -1.096595e+00 
 7.823163e+00 -1.096592e+00 
 7.823486e+00 -1.096590e+00 
 7.823809e+00 -1.096587e+00 
 7.824132e+00 -1.096584e+00 
 7.824455e+00 -1.096580e+00 
 7.824778e+00 -1.096576e+00 
 7.825101e+00 -1.096573e+00 
 7.825424e+00 -1.096569e+00 
 7.825747e+00 -1.096566e+00 
 7.826070e+00 -1.096563e+00 
 7.826393e+00 -1.096558e+00 
 7.826716e+00 -1.096555e+00 
 7.827039e+00 -1.096552e+00 
 7.827362e+00 -1.096549e+00 
 7.827685e+00 -1.096546e+00 
 7.828008e+00 -1.096543e+00 
 7.828331e+00 -1.096539e+00 
 7.828654e+00 -1.096536e+00 
 7.828977e+00 -1.096533e+00 
 7.829300e+00 -1.096530e+00 
 7.829623e+00 -1.096526e+00 
 7.829946e+00 -1.096523e+00 
 7.830269e+00 -1.096520e+00 
 7.830592e+00 -1.096518e+00 
 7.830915e+00 -1.096516e+00 
 7.831238e+00 -1.096515e+00 
 7.831561e+00 -1.096512e+00 
 7.831884e+00 -1.096510e+00 
 7.832207e+00 -1.096509e+00 
 7.832530e+00 -1.096508e+00 
 7.832853e+00 -1.096507e+00 
 7.833176e+00 -1.096505e+00 
 7.833499e+00 -1.096503e+00 
 7.833822e+00 -1.096502e+00 
 7.834145e+00 -1.096501e+00 
 7.834468e+00 -1.096501e+00 
 7.834791e+00 -1.096500e+00 
 7.835114e+00 -1.096500e+00 
 7.835437e+00 -1.096500e+00 
 7.835760e+00 -1.096502e+00 
 7.836083e+00 -1.096503e+00 
 7.836406e+00 -1.096504e+00 
 7.836729e+00 -1.096503e+00 
 7.837052e+00 -1.096503e+00 
 7.837375e+00 -1.096503e+00 
 7.837698e+00 -1.096504e+00 
 7.838021e+00 -1.096504e+00 
 7.838344e+00 -1.096504e+00 
 7.838667e+00 -1.096504e+00 
 7.838990e+00 -1.096505e+00 
 7.839313e+00 -1.096506e+00 
 7.839636e+00 -1.096507e+00 
 7.839959e+00 -1.096508e+00 
 7.840282e+00 -1.096508e+00 
 7.840605e+00 -1.096509e+00 
 7.840928e+00 -1.096510e+00 
 7.841251e+00 -1.096511e+00 
 7.841574e+00 -1.096511e+00 
 7.841897e+00 -1.096510e+00 
 7.842220e+00 -1.096509e+00 
 7.842543e+00 -1.096509e+00 
 7.842866e+00 -1.096509e+00 
 7.843189e+00 -1.096508e+00 
 7.843511e+00 -1.096507e+00 
 7.843834e+00 -1.096506e+00 
 7.844157e+00 -1.096505e+00 
 7.844480e+00 -1.096505e+00 
 7.844803e+00 -1.096503e+00 
 7.845126e+00 -1.096502e+00 
 7.845449e+00 -1.096500e+00 
 7.845772e+00 -1.096498e+00 
 7.846095e+00 -1.096498e+00 
 7.846418e+00 -1.096496e+00 
 7.846741e+00 -1.096494e+00 
 7.847064e+00 -1.096491e+00 
 7.847387e+00 -1.096489e+00 
 7.847710e+00 -1.096487e+00 
 7.848033e+00 -1.096485e+00 
 7.848356e+00 -1.096483e+00 
 7.848679e+00 -1.096479e+00 
 7.849002e+00 -1.096477e+00 
 7.849325e+00 -1.096474e+00 
 7.849648e+00 -1.096471e+00 
 7.849971e+00 -1.096469e+00 
 7.850294e+00 -1.096465e+00 
 7.850617e+00 -1.096463e+00 
 7.850940e+00 -1.096461e+00 
 7.851263e+00 -1.096460e+00 
 7.851586e+00 -1.096459e+00 
 7.851909e+00 -1.096457e+00 
 7.852232e+00 -1.096454e+00 
 7.852555e+00 -1.096452e+00 
 7.852878e+00 -1.096449e+00 
 7.853201e+00 -1.096447e+00 
 7.853524e+00 -1.096445e+00 
 7.853847e+00 -1.096442e+00 
 7.854170e+00 -1.096440e+00 
 7.854493e+00 -1.096438e+00 
 7.854816e+00 -1.096437e+00 
 7.855139e+00 -1.096436e+00 
 7.855462e+00 -1.096434e+00 
 7.855785e+00 -1.096433e+00 
 7.856108e+00 -1.096433e+00 
 7.856431e+00 -1.096433e+00 
 7.856754e+00 -1.096432e+00 
 7.857077e+00 -1.096430e+00 
 7.857400e+00 -1.096428e+00 
 7.857723e+00 -1.096427e+00 
 7.858046e+00 -1.096425e+00 
 7.858369e+00 -1.096424e+00 
 7.858692e+00 -1.096423e+00 
 7.859015e+00 -1.096422e+00 
 7.859338e+00 -1.096421e+00 
 7.859661e+00 -1.096420e+00 
 7.859984e+00 -1.096420e+00 
 7.860307e+00 -1.096419e+00 
 7.860630e+00 -1.096417e+00 
 7.860953e+00 -1.096414e+00 
 7.861276e+00 -1.096412e+00 
 7.861599e+00 -1.096411e+00 
 7.861922e+00 -1.096409e+00 
 7.862245e+00 -1.096406e+00 
 7.862568e+00 -1.096403e+00 
 7.862891e+00 -1.096400e+00 
 7.863214e+00 -1.096398e+00 
 7.863537e+00 -1.096397e+00 
 7.863860e+00 -1.096394e+00 
 7.864183e+00 -1.096392e+00 
 7.864506e+00 -1.096389e+00 
 7.864829e+00 -1.096386e+00 
 7.865152e+00 -1.096383e+00 
 7.865475e+00 -1.096380e+00 
 7.865798e+00 -1.096374e+00 
 7.866121e+00 -1.096367e+00 
 7.866444e+00 -1.096363e+00 
 7.866767e+00 -1.096359e+00 
 7.867090e+00 -1.096354e+00 
 7.867413e+00 -1.096349e+00 
 7.867736e+00 -1.096345e+00 
 7.868059e+00 -1.096340e+00 
 7.868382e+00 -1.096336e+00 
 7.868705e+00 -1.096333e+00 
 7.869028e+00 -1.096328e+00 
 7.869351e+00 -1.096323e+00 
 7.869674e+00 -1.096317e+00 
 7.869997e+00 -1.096312e+00 
 7.870320e+00 -1.096308e+00 
 7.870643e+00 -1.096302e+00 
 7.870966e+00 -1.096294e+00 
 7.871289e+00 -1.096287e+00 
 7.871612e+00 -1.096281e+00 
 7.871935e+00 -1.096277e+00 
 7.872258e+00 -1.096273e+00 
 7.872581e+00 -1.096268e+00 
 7.872904e+00 -1.096263e+00 
 7.873227e+00 -1.096258e+00 
 7.873550e+00 -1.096254e+00 
 7.873873e+00 -1.096250e+00 
 7.874196e+00 -1.096246e+00 
 7.874519e+00 -1.096241e+00 
 7.874842e+00 -1.096237e+00 
 7.875165e+00 -1.096234e+00 
 7.875488e+00 -1.096231e+00 
 7.875811e+00 -1.096227e+00 
 7.876134e+00 -1.096221e+00 
 7.876457e+00 -1.096217e+00 
 7.876780e+00 -1.096214e+00 
 7.877103e+00 -1.096212e+00 
 7.877426e+00 -1.096209e+00 
 7.877749e+00 -1.096207e+00 
 7.878072e+00 -1.096204e+00 
 7.878395e+00 -1.096202e+00 
 7.878717e+00 -1.096201e+00 
 7.879040e+00 -1.096200e+00 
 7.879363e+00 -1.096198e+00 
 7.879686e+00 -1.096197e+00 
 7.880009e+00 -1.096196e+00 
 7.880332e+00 -1.096197e+00 
 7.880655e+00 -1.096197e+00 
 7.880978e+00 -1.096196e+00 
 7.881301e+00 -1.096193e+00 
 7.881624e+00 -1.096191e+00 
 7.881947e+00 -1.096191e+00 
 7.882270e+00 -1.096191e+00 
 7.882593e+00 -1.096190e+00 
 7.882916e+00 -1.096190e+00 
 7.883239e+00 -1.096190e+00 
 7.883562e+00 -1.096190e+00 
 7.883885e+00 -1.096192e+00 
 7.884208e+00 -1.096193e+00 
 7.884531e+00 -1.096194e+00 
 7.884854e+00 -1.096194e+00 
 7.885177e+00 -1.096194e+00 
 7.885500e+00 -1.096195e+00 
 7.885823e+00 -1.096195e+00 
 7.886146e+00 -1.096193e+00 
 7.886469e+00 -1.096190e+00 
 7.886792e+00 -1.096188e+00 
 7.887115e+00 -1.096188e+00 
 7.887438e+00 -1.096189e+00 
 7.887761e+00 -1.096189e+00 
 7.888084e+00 -1.096189e+00 
 7.888407e+00 -1.096189e+00 
 7.888730e+00 -1.096189e+00 
 7.889053e+00 -1.096189e+00 
 7.889376e+00 -1.096189e+00 
 7.889699e+00 -1.096187e+00 
 7.890022e+00 -1.096185e+00 
 7.890345e+00 -1.096183e+00 
 7.890668e+00 -1.096181e+00 
 7.890991e+00 -1.096178e+00 
 7.891314e+00 -1.096175e+00 
 7.891637e+00 -1.096172e+00 
 7.891960e+00 -1.096169e+00 
 7.892283e+00 -1.096168e+00 
 7.892606e+00 -1.096168e+00 
 7.892929e+00 -1.096167e+00 
 7.893252e+00 -1.096166e+00 
 7.893575e+00 -1.096165e+00 
 7.893898e+00 -1.096163e+00 
 7.894221e+00 -1.096161e+00 
 7.894544e+00 -1.096159e+00 
 7.894867e+00 -1.096156e+00 
 7.895190e+00 -1.096152e+00 
 7.895513e+00 -1.096150e+00 
 7.895836e+00 -1.096148e+00 
 7.896159e+00 -1.096146e+00 
 7.896482e+00 -1.096145e+00 
 7.896805e+00 -1.096143e+00 
 7.897128e+00 -1.096142e+00 
 7.897451e+00 -1.096143e+00 
 7.897774e+00 -1.096145e+00 
 7.898097e+00 -1.096146e+00 
 7.898420e+00 -1.096146e+00 
 7.898743e+00 -1.096145e+00 
 7.899066e+00 -1.096145e+00 
 7.899389e+00 -1.096145e+00 
 7.899712e+00 -1.096145e+00 
 7.900035e+00 -1.096145e+00 
 7.900358e+00 -1.096146e+00 
 7.900681e+00 -1.096148e+00 
 7.901004e+00 -1.096151e+00 
 7.901327e+00 -1.096154e+00 
 7.901650e+00 -1.096157e+00 
 7.901973e+00 -1.096159e+00 
 7.902296e+00 -1.096163e+00 
 7.902619e+00 -1.096167e+00 
 7.902942e+00 -1.096172e+00 
 7.903265e+00 -1.096176e+00 
 7.903588e+00 -1.096179e+00 
 7.903911e+00 -1.096182e+00 
 7.904234e+00 -1.096186e+00 
 7.904557e+00 -1.096190e+00 
 7.904880e+00 -1.096194e+00 
 7.905203e+00 -1.096199e+00 
 7.905526e+00 -1.096204e+00 
 7.905849e+00 -1.096210e+00 
 7.906172e+00 -1.096217e+00 
 7.906495e+00 -1.096223e+00 
 7.906818e+00 -1.096228e+00 
 7.907141e+00 -1.096233e+00 
 7.907464e+00 -1.096238e+00 
 7.907787e+00 -1.096244e+00 
 7.908110e+00 -1.096250e+00 
 7.908433e+00 -1.096255e+00 
 7.908756e+00 -1.096259e+00 
 7.909079e+00 -1.096263e+00 
 7.909402e+00 -1.096268e+00 
 7.909725e+00 -1.096273e+00 
 7.910048e+00 -1.096278e+00 
 7.910371e+00 -1.096282e+00 
 7.910694e+00 -1.096287e+00 
 7.911017e+00 -1.096293e+00 
 7.911340e+00 -1.096299e+00 
 7.911663e+00 -1.096304e+00 
 7.911986e+00 -1.096308e+00 
 7.912309e+00 -1.096311e+00 
 7.912632e+00 -1.096315e+00 
 7.912955e+00 -1.096319e+00 
 7.913278e+00 -1.096324e+00 
 7.913601e+00 -1.096327e+00 
 7.913923e+00 -1.096329e+00 
 7.914246e+00 -1.096332e+00 
 7.914569e+00 -1.096335e+00 
 7.914892e+00 -1.096338e+00 
 7.915215e+00 -1.096340e+00 
 7.915538e+00 -1.096342e+00 
 7.915861e+00 -1.096347e+00 
 7.916184e+00 -1.096351e+00 
 7.916507e+00 -1.096356e+00 
 7.916830e+00 -1.096359e+00 
 7.917153e+00 -1.096362e+00 
 7.917476e+00 -1.096364e+00 
 7.917799e+00 -1.096367e+00 
 7.918122e+00 -1.096370e+00 
 7.918445e+00 -1.096373e+00 
 7.918768e+00 -1.096375e+00 
 7.919091e+00 -1.096376e+00 
 7.919414e+00 -1.096378e+00 
 7.919737e+00 -1.096381e+00 
 7.920060e+00 -1.096383e+00 
 7.920383e+00 -1.096385e+00 
 7.920706e+00 -1.096388e+00 
 7.921029e+00 -1.096393e+00 
 7.921352e+00 -1.096399e+00 
 7.921675e+00 -1.096404e+00 
 7.921998e+00 -1.096407e+00 
 7.922321e+00 -1.096410e+00 
 7.922644e+00 -1.096413e+00 
 7.922967e+00 -1.096416e+00 
 7.923290e+00 -1.096419e+00 
 7.923613e+00 -1.096423e+00 
 7.923936e+00 -1.096425e+00 
 7.924259e+00 -1.096428e+00 
 7.924582e+00 -1.096431e+00 
 7.924905e+00 -1.096435e+00 
 7.925228e+00 -1.096438e+00 
 7.925551e+00 -1.096442e+00 
 7.925874e+00 -1.096446e+00 
 7.926197e+00 -1.096452e+00 
 7.926520e+00 -1.096458e+00 
 7.926843e+00 -1.096463e+00 
 7.927166e+00 -1.096467e+00 
 7.927489e+00 -1.096469e+00 
 7.927812e+00 -1.096472e+00 
 7.928135e+00 -1.096475e+00 
 7.928458e+00 -1.096478e+00 
 7.928781e+00 -1.096481e+00 
 7.929104e+00 -1.096484e+00 
 7.929427e+00 -1.096487e+00 
 7.929750e+00 -1.096490e+00 
 7.930073e+00 -1.096494e+00 
 7.930396e+00 -1.096497e+00 
 7.930719e+00 -1.096500e+00 
 7.931042e+00 -1.096503e+00 
 7.931365e+00 -1.096507e+00 
 7.931688e+00 -1.096512e+00 
 7.932011e+00 -1.096515e+00 
 7.932334e+00 -1.096516e+00 
 7.932657e+00 -1.096517e+00 
 7.932980e+00 -1.096518e+00 
 7.933303e+00 -1.096519e+00 
 7.933626e+00 -1.096521e+00 
 7.933949e+00 -1.096522e+00 
 7.934272e+00 -1.096523e+00 
 7.934595e+00 -1.096524e+00 
 7.934918e+00 -1.096526e+00 
 7.935241e+00 -1.096528e+00 
 7.935564e+00 -1.096529e+00 
 7.935887e+00 -1.096529e+00 
 7.936210e+00 -1.096530e+00 
 7.936533e+00 -1.096531e+00 
 7.936856e+00 -1.096533e+00 
 7.937179e+00 -1.096533e+00 
 7.937502e+00 -1.096532e+00 
 7.937825e+00 -1.096531e+00 
 7.938148e+00 -1.096529e+00 
 7.938471e+00 -1.096528e+00 
 7.938794e+00 -1.096528e+00 
 7.939117e+00 -1.096528e+00 
 7.939440e+00 -1.096528e+00 
 7.939763e+00 -1.096528e+00 
 7.940086e+00 -1.096528e+00 
 7.940409e+00 -1.096529e+00 
 7.940732e+00 -1.096529e+00 
 7.941055e+00 -1.096528e+00 
 7.941378e+00 -1.096527e+00 
 7.941701e+00 -1.096527e+00 
 7.942024e+00 -1.096528e+00 
 7.942347e+00 -1.096527e+00 
 7.942670e+00 -1.096525e+00 
 7.942993e+00 -1.096524e+00 
 7.943316e+00 -1.096522e+00 
 7.943639e+00 -1.096522e+00 
 7.943962e+00 -1.096522e+00 
 7.944285e+00 -1.096523e+00 
 7.944608e+00 -1.096524e+00 
 7.944931e+00 -1.096525e+00 
 7.945254e+00 -1.096527e+00 
 7.945577e+00 -1.096530e+00 
 7.945900e+00 -1.096531e+00 
 7.946223e+00 -1.096532e+00 
 7.946546e+00 -1.096532e+00 
 7.946869e+00 -1.096534e+00 
 7.947192e+00 -1.096535e+00 
 7.947515e+00 -1.096536e+00 
 7.947838e+00 -1.096537e+00 
 7.948161e+00 -1.096537e+00 
 7.948484e+00 -1.096538e+00 
 7.948807e+00 -1.096541e+00 
 7.949129e+00 -1.096545e+00 
 7.949452e+00 -1.096549e+00 
 7.949775e+00 -1.096552e+00 
 7.950098e+00 -1.096556e+00 
 7.950421e+00 -1.096560e+00 
 7.950744e+00 -1.096564e+00 
 7.951067e+00 -1.096568e+00 
 7.951390e+00 -1.096570e+00 
 7.951713e+00 -1.096571e+00 
 7.952036e+00 -1.096574e+00 
 7.952359e+00 -1.096577e+00 
 7.952682e+00 -1.096579e+00 
 7.953005e+00 -1.096582e+00 
 7.953328e+00 -1.096584e+00 
 7.953651e+00 -1.096587e+00 
 7.953974e+00 -1.096591e+00 
 7.954297e+00 -1.096596e+00 
 7.954620e+00 -1.096600e+00 
 7.954943e+00 -1.096603e+00 
 7.955266e+00 -1.096606e+00 
 7.955589e+00 -1.096609e+00 
 7.955912e+00 -1.096613e+00 
 7.956235e+00 -1.096615e+00 
 7.956558e+00 -1.096616e+00 
 7.956881e+00 -1.096616e+00 
 7.957204e+00 -1.096618e+00 
 7.957527e+00 -1.096620e+00 
 7.957850e+00 -1.096621e+00 
 7.958173e+00 -1.096623e+00 
 7.958496e+00 -1.096624e+00 
 7.958819e+00 -1.096626e+00 
 7.959142e+00 -1.096628e+00 
 7.959465e+00 -1.096631e+00 
 7.959788e+00 -1.096632e+00 
 7.960111e+00 -1.096632e+00 
 7.960434e+00 -1.096632e+00 
 7.960757e+00 -1.096632e+00 
 7.961080e+00 -1.096633e+00 
 7.961403e+00 -1.096633e+00 
 7.961726e+00 -1.096632e+00 
 7.962049e+00 -1.096631e+00 
 7.962372e+00 -1.096632e+00 
 7.962695e+00 -1.096633e+00 
 7.963018e+00 -1.096633e+00 
 7.963341e+00 -1.096634e+00 
 7.963664e+00 -1.096634e+00 
 7.963987e+00 -1.096635e+00 
 7.964310e+00 -1.096636e+00 
 7.964633e+00 -1.096637e+00 
 7.964956e+00 -1.096637e+00 
 7.965279e+00 -1.096636e+00 
 7.965602e+00 -1.096635e+00 
 7.965925e+00 -1.096635e+00 
 7.966248e+00 -1.096636e+00 
 7.966571e+00 -1.096637e+00 
 7.966894e+00 -1.096637e+00 
 7.967217e+00 -1.096638e+00 
 7.967540e+00 -1.096640e+00 
 7.967863e+00 -1.096642e+00 
 7.968186e+00 -1.096644e+00 
 7.968509e+00 -1.096646e+00 
 7.968832e+00 -1.096647e+00 
 7.969155e+00 -1.096649e+00 
 7.969478e+00 -1.096652e+00 
 7.969801e+00 -1.096654e+00 
 7.970124e+00 -1.096656e+00 
 7.970447e+00 -1.096658e+00 
 7.970770e+00 -1.096658e+00 
 7.971093e+00 -1.096660e+00 
 7.971416e+00 -1.096663e+00 
 7.971739e+00 -1.096666e+00 
 7.972062e+00 -1.096668e+00 
 7.972385e+00 -1.096671e+00 
 7.972708e+00 -1.096675e+00 
 7.973031e+00 -1.096679e+00 
 7.973354e+00 -1.096682e+00 
 7.973677e+00 -1.096686e+00 
 7.974000e+00 -1.096689e+00 
 7.974323e+00 -1.096692e+00 
 7.974646e+00 -1.096696e+00 
 7.974969e+00 -1.096700e+00 
 7.975292e+00 -1.096703e+00 
 7.975615e+00 -1.096705e+00 
 7.975938e+00 -1.096706e+00 
 7.976261e+00 -1.096708e+00 
 7.976584e+00 -1.096711e+00 
 7.976907e+00 -1.096715e+00 
 7.977230e+00 -1.096717e+00 
 7.977553e+00 -1.096720e+00 
 7.977876e+00 -1.096723e+00 
 7.978199e+00 -1.096727e+00 
 7.978522e+00 -1.096730e+00 
 7.978845e+00 -1.096733e+00 
 7.979168e+00 -1.096735e+00 
 7.979491e+00 -1.096738e+00 
 7.979814e+00 -1.096741e+00 
 7.980137e+00 -1.096744e+00 
 7.980460e+00 -1.096746e+00 
 7.980783e+00 -1.096747e+00 
 7.981106e+00 -1.096747e+00 
 7.981429e+00 -1.096748e+00 
 7.981752e+00 -1.096750e+00 
 7.982075e+00 -1.096752e+00 
 7.982398e+00 -1.096753e+00 
 7.982721e+00 -1.096755e+00 
 7.983044e+00 -1.096758e+00 
 7.983367e+00 -1.096760e+00 
 7.983690e+00 -1.096763e+00 
 7.984013e+00 -1.096765e+00 
 7.984335e+00 -1.096766e+00 
 7.984658e+00 -1.096767e+00 
 7.984981e+00 -1.096769e+00 
 7.985304e+00 -1.096771e+00 
 7.985627e+00 -1.096772e+00 
 7.985950e+00 -1.096772e+00 
 7.986273e+00 -1.096771e+00 
 7.986596e+00 -1.096771e+00 
 7.986919e+00 -1.096773e+00 
 7.987242e+00 -1.096775e+00 
 7.987565e+00 -1.096777e+00 
 7.987888e+00 -1.096779e+00 
 7.988211e+00 -1.096781e+00 
 7.988534e+00 -1.096784e+00 
 7.988857e+00 -1.096787e+00 
 7.989180e+00 -1.096788e+00 
 7.989503e+00 -1.096790e+00 
 7.989826e+00 -1.096791e+00 
 7.990149e+00 -1.096793e+00 
 7.990472e+00 -1.096795e+00 
 7.990795e+00 -1.096796e+00 
 7.991118e+00 -1.096796e+00 
 7.991441e+00 -1.096796e+00 
 7.991764e+00 -1.096798e+00 
 7.992087e+00 -1.096801e+00 
 7.992410e+00 -1.096804e+00 
 7.992733e+00 -1.096808e+00 
 7.993056e+00 -1.096811e+00 
 7.993379e+00 -1.096815e+00 
 7.993702e+00 -1.096818e+00 
 7.994025e+00 -1.096821e+00 
 7.994348e+00 -1.096824e+00 
 7.994671e+00 -1.096826e+00 
 7.994994e+00 -1.096828e+00 
 7.995317e+00 -1.096831e+00 
 7.995640e+00 -1.096834e+00 
 7.995963e+00 -1.096837e+00 
 7.996286e+00 -1.096839e+00 
 7.996609e+00 -1.096842e+00 
 7.996932e+00 -1.096846e+00 
 7.997255e+00 -1.096851e+00 
 7.997578e+00 -1.096857e+00 
 7.997901e+00 -1.096861e+00 
 7.998224e+00 -1.096866e+00 
 7.998547e+00 -1.096870e+00 
 7.998870e+00 -1.096874e+00 
 7.999193e+00 -1.096878e+00 
 7.999516e+00 -1.096881e+00 
 7.999839e+00 -1.096883e+00 
 8.000162e+00 -1.096886e+00 
 8.000485e+00 -1.096890e+00 
 8.000808e+00 -1.096897e+00 
 8.001131e+00 -1.096902e+00 
 8.001454e+00 -1.096906e+00 
 8.001777e+00 -1.096911e+00 
 8.002100e+00 -1.096916e+00 
 8.002423e+00 -1.096922e+00 
 8.002746e+00 -1.096928e+00 
 8.003069e+00 -1.096932e+00 
 8.003392e+00 -1.096936e+00 
 8.003715e+00 -1.096939e+00 
 8.004038e+00 -1.096943e+00 
 8.004361e+00 -1.096946e+00 
 8.004684e+00 -1.096948e+00 
 8.005007e+00 -1.096951e+00 
 8.005330e+00 -1.096955e+00 
 8.005653e+00 -1.096960e+00 
 8.005976e+00 -1.096968e+00 
 8.006299e+00 -1.096974e+00 
 8.006622e+00 -1.096979e+00 
 8.006945e+00 -1.096982e+00 
 8.007268e+00 -1.096987e+00 
 8.007591e+00 -1.096991e+00 
 8.007914e+00 -1.096995e+00 
 8.008237e+00 -1.096998e+00 
 8.008560e+00 -1.097000e+00 
 8.008883e+00 -1.097002e+00 
 8.009206e+00 -1.097006e+00 
 8.009529e+00 -1.097008e+00 
 8.009852e+00 -1.097011e+00 
 8.010175e+00 -1.097014e+00 
 8.010498e+00 -1.097017e+00 
 8.010821e+00 -1.097023e+00 
 8.011144e+00 -1.097031e+00 
 8.011467e+00 -1.097036e+00 
 8.011790e+00 -1.097039e+00 
 8.012113e+00 -1.097042e+00 
 8.012436e+00 -1.097045e+00 
 8.012759e+00 -1.097049e+00 
 8.013082e+00 -1.097052e+00 
 8.013405e+00 -1.097054e+00 
 8.013728e+00 -1.097056e+00 
 8.014051e+00 -1.097059e+00 
 8.014374e+00 -1.097063e+00 
 8.014697e+00 -1.097066e+00 
 8.015020e+00 -1.097070e+00 
 8.015343e+00 -1.097072e+00 
 8.015666e+00 -1.097075e+00 
 8.015989e+00 -1.097081e+00 
 8.016312e+00 -1.097088e+00 
 8.016635e+00 -1.097093e+00 
 8.016958e+00 -1.097096e+00 
 8.017281e+00 -1.097099e+00 
 8.017604e+00 -1.097102e+00 
 8.017927e+00 -1.097106e+00 
 8.018250e+00 -1.097109e+00 
 8.018573e+00 -1.097112e+00 
 8.018896e+00 -1.097115e+00 
 8.019219e+00 -1.097118e+00 
 8.019542e+00 -1.097122e+00 
 8.019864e+00 -1.097126e+00 
 8.020187e+00 -1.097128e+00 
 8.020510e+00 -1.097131e+00 
 8.020833e+00 -1.097134e+00 
 8.021156e+00 -1.097140e+00 
 8.021479e+00 -1.097146e+00 
 8.021802e+00 -1.097151e+00 
 8.022125e+00 -1.097153e+00 
 8.022448e+00 -1.097156e+00 
 8.022771e+00 -1.097159e+00 
 8.023094e+00 -1.097162e+00 
 8.023417e+00 -1.097165e+00 
 8.023740e+00 -1.097167e+00 
 8.024063e+00 -1.097168e+00 
 8.024386e+00 -1.097171e+00 
 8.024709e+00 -1.097174e+00 
 8.025032e+00 -1.097177e+00 
 8.025355e+00 -1.097180e+00 
 8.025678e+00 -1.097182e+00 
 8.026001e+00 -1.097185e+00 
 8.026324e+00 -1.097191e+00 
 8.026647e+00 -1.097196e+00 
 8.026970e+00 -1.097200e+00 
 8.027293e+00 -1.097201e+00 
 8.027616e+00 -1.097202e+00 
 8.027939e+00 -1.097204e+00 
 8.028262e+00 -1.097206e+00 
 8.028585e+00 -1.097208e+00 
 8.028908e+00 -1.097209e+00 
 8.029231e+00 -1.097211e+00 
 8.029554e+00 -1.097213e+00 
 8.029877e+00 -1.097217e+00 
 8.030200e+00 -1.097221e+00 
 8.030523e+00 -1.097224e+00 
 8.030846e+00 -1.097227e+00 
 8.031169e+00 -1.097230e+00 
 8.031492e+00 -1.097235e+00 
 8.031815e+00 -1.097239e+00 
 8.032138e+00 -1.097242e+00 
 8.032461e+00 -1.097242e+00 
 8.032784e+00 -1.097243e+00 
 8.033107e+00 -1.097244e+00 
 8.033430e+00 -1.097246e+00 
 8.033753e+00 -1.097248e+00 
 8.034076e+00 -1.097251e+00 
 8.034399e+00 -1.097254e+00 
 8.034722e+00 -1.097258e+00 
 8.035045e+00 -1.097263e+00 
 8.035368e+00 -1.097267e+00 
 8.035691e+00 -1.097270e+00 
 8.036014e+00 -1.097272e+00 
 8.036337e+00 -1.097274e+00 
 8.036660e+00 -1.097277e+00 
 8.036983e+00 -1.097280e+00 
 8.037306e+00 -1.097281e+00 
 8.037629e+00 -1.097281e+00 
 8.037952e+00 -1.097282e+00 
 8.038275e+00 -1.097283e+00 
 8.038598e+00 -1.097286e+00 
 8.038921e+00 -1.097289e+00 
 8.039244e+00 -1.097292e+00 
 8.039567e+00 -1.097294e+00 
 8.039890e+00 -1.097297e+00 
 8.040213e+00 -1.097301e+00 
 8.040536e+00 -1.097303e+00 
 8.040859e+00 -1.097303e+00 
 8.041182e+00 -1.097301e+00 
 8.041505e+00 -1.097301e+00 
 8.041828e+00 -1.097302e+00 
 8.042151e+00 -1.097303e+00 
 8.042474e+00 -1.097303e+00 
 8.042797e+00 -1.097302e+00 
 8.043120e+00 -1.097301e+00 
 8.043443e+00 -1.097302e+00 
 8.043766e+00 -1.097303e+00 
 8.044089e+00 -1.097305e+00 
 8.044412e+00 -1.097305e+00 
 8.044735e+00 -1.097305e+00 
 8.045058e+00 -1.097306e+00 
 8.045381e+00 -1.097307e+00 
 8.045704e+00 -1.097305e+00 
 8.046027e+00 -1.097301e+00 
 8.046350e+00 -1.097297e+00 
 8.046673e+00 -1.097294e+00 
 8.046996e+00 -1.097294e+00 
 8.047319e+00 -1.097293e+00 
 8.047642e+00 -1.097291e+00 
 8.047965e+00 -1.097289e+00 
 8.048288e+00 -1.097287e+00 
 8.048611e+00 -1.097287e+00 
 8.048934e+00 -1.097287e+00 
 8.049257e+00 -1.097286e+00 
 8.049580e+00 -1.097284e+00 
 8.049903e+00 -1.097282e+00 
 8.050226e+00 -1.097282e+00 
 8.050549e+00 -1.097281e+00 
 8.050872e+00 -1.097277e+00 
 8.051195e+00 -1.097272e+00 
 8.051518e+00 -1.097268e+00 
 8.051841e+00 -1.097265e+00 
 8.052164e+00 -1.097264e+00 
 8.052487e+00 -1.097263e+00 
 8.052810e+00 -1.097261e+00 
 8.053133e+00 -1.097259e+00 
 8.053456e+00 -1.097257e+00 
 8.053779e+00 -1.097257e+00 
 8.054102e+00 -1.097257e+00 
 8.054425e+00 -1.097256e+00 
 8.054748e+00 -1.097255e+00 
 8.055070e+00 -1.097254e+00 
 8.055393e+00 -1.097254e+00 
 8.055716e+00 -1.097254e+00 
 8.056039e+00 -1.097252e+00 
 8.056362e+00 -1.097248e+00 
 8.056685e+00 -1.097245e+00 
 8.057008e+00 -1.097244e+00 
 8.057331e+00 -1.097244e+00 
 8.057654e+00 -1.097244e+00 
 8.057977e+00 -1.097245e+00 
 8.058300e+00 -1.097244e+00 
 8.058623e+00 -1.097245e+00 
 8.058946e+00 -1.097246e+00 
 8.059269e+00 -1.097248e+00 
 8.059592e+00 -1.097249e+00 
 8.059915e+00 -1.097249e+00 
 8.060238e+00 -1.097250e+00 
 8.060561e+00 -1.097252e+00 
 8.060884e+00 -1.097254e+00 
 8.061207e+00 -1.097254e+00 
 8.061530e+00 -1.097251e+00 
 8.061853e+00 -1.097251e+00 
 8.062176e+00 -1.097252e+00 
 8.062499e+00 -1.097255e+00 
 8.062822e+00 -1.097257e+00 
 8.063145e+00 -1.097260e+00 
 8.063468e+00 -1.097261e+00 
 8.063791e+00 -1.097264e+00 
 8.064114e+00 -1.097267e+00 
 8.064437e+00 -1.097270e+00 
 8.064760e+00 -1.097272e+00 
 8.065083e+00 -1.097273e+00 
 8.065406e+00 -1.097274e+00 
 8.065729e+00 -1.097276e+00 
 8.066052e+00 -1.097279e+00 
 8.066375e+00 -1.097279e+00 
 8.066698e+00 -1.097278e+00 
 8.067021e+00 -1.097279e+00 
 8.067344e+00 -1.097281e+00 
 8.067667e+00 -1.097285e+00 
 8.067990e+00 -1.097288e+00 
 8.068313e+00 -1.097291e+00 
 8.068636e+00 -1.097293e+00 
 8.068959e+00 -1.097294e+00 
 8.069282e+00 -1.097297e+00 
 8.069605e+00 -1.097299e+00 
 8.069928e+00 -1.097299e+00 
 8.070251e+00 -1.097299e+00 
 8.070574e+00 -1.097298e+00 
 8.070897e+00 -1.097299e+00 
 8.071220e+00 -1.097300e+00 
 8.071543e+00 -1.097299e+00 
 8.071866e+00 -1.097298e+00 
 8.072189e+00 -1.097299e+00 
 8.072512e+00 -1.097301e+00 
 8.072835e+00 -1.097304e+00 
 8.073158e+00 -1.097307e+00 
 8.073481e+00 -1.097308e+00 
 8.073804e+00 -1.097308e+00 
 8.074127e+00 -1.097309e+00 
 8.074450e+00 -1.097310e+00 
 8.074773e+00 -1.097310e+00 
 8.075096e+00 -1.097308e+00 
 8.075419e+00 -1.097307e+00 
 8.075742e+00 -1.097305e+00 
 8.076065e+00 -1.097305e+00 
 8.076388e+00 -1.097307e+00 
 8.076711e+00 -1.097307e+00 
 8.077034e+00 -1.097308e+00 
 8.077357e+00 -1.097309e+00 
 8.077680e+00 -1.097313e+00 
 8.078003e+00 -1.097317e+00 
 8.078326e+00 -1.097320e+00 
 8.078649e+00 -1.097322e+00 
 8.078972e+00 -1.097323e+00 
 8.079295e+00 -1.097324e+00 
 8.079618e+00 -1.097326e+00 
 8.079941e+00 -1.097327e+00 
 8.080264e+00 -1.097328e+00 
 8.080587e+00 -1.097330e+00 
 8.080910e+00 -1.097332e+00 
 8.081233e+00 -1.097336e+00 
 8.081556e+00 -1.097342e+00 
 8.081879e+00 -1.097347e+00 
 8.082202e+00 -1.097351e+00 
 8.082525e+00 -1.097356e+00 
 8.082848e+00 -1.097363e+00 
 8.083171e+00 -1.097370e+00 
 8.083494e+00 -1.097376e+00 
 8.083817e+00 -1.097380e+00 
 8.084140e+00 -1.097384e+00 
 8.084463e+00 -1.097388e+00 
 8.084786e+00 -1.097394e+00 
 8.085109e+00 -1.097400e+00 
 8.085432e+00 -1.097406e+00 
 8.085755e+00 -1.097413e+00 
 8.086078e+00 -1.097421e+00 
 8.086401e+00 -1.097430e+00 
 8.086724e+00 -1.097439e+00 
 8.087047e+00 -1.097448e+00 
 8.087370e+00 -1.097455e+00 
 8.087693e+00 -1.097463e+00 
 8.088016e+00 -1.097472e+00 
 8.088339e+00 -1.097480e+00 
 8.088662e+00 -1.097487e+00 
 8.088985e+00 -1.097493e+00 
 8.089308e+00 -1.097499e+00 
 8.089631e+00 -1.097506e+00 
 8.089954e+00 -1.097515e+00 
 8.090276e+00 -1.097523e+00 
 8.090599e+00 -1.097532e+00 
 8.090922e+00 -1.097542e+00 
 8.091245e+00 -1.097551e+00 
 8.091568e+00 -1.097560e+00 
 8.091891e+00 -1.097569e+00 
 8.092214e+00 -1.097576e+00 
 8.092537e+00 -1.097583e+00 
 8.092860e+00 -1.097589e+00 
 8.093183e+00 -1.097597e+00 
 8.093506e+00 -1.097604e+00 
 8.093829e+00 -1.097610e+00 
 8.094152e+00 -1.097616e+00 
 8.094475e+00 -1.097621e+00 
 8.094798e+00 -1.097628e+00 
 8.095121e+00 -1.097635e+00 
 8.095444e+00 -1.097641e+00 
 8.095767e+00 -1.097647e+00 
 8.096090e+00 -1.097654e+00 
 8.096413e+00 -1.097660e+00 
 8.096736e+00 -1.097666e+00 
 8.097059e+00 -1.097671e+00 
 8.097382e+00 -1.097676e+00 
 8.097705e+00 -1.097679e+00 
 8.098028e+00 -1.097683e+00 
 8.098351e+00 -1.097688e+00 
 8.098674e+00 -1.097693e+00 
 8.098997e+00 -1.097697e+00 
 8.099320e+00 -1.097700e+00 
 8.099643e+00 -1.097703e+00 
 8.099966e+00 -1.097707e+00 
 8.100289e+00 -1.097710e+00 
 8.100612e+00 -1.097712e+00 
 8.100935e+00 -1.097714e+00 
 8.101258e+00 -1.097718e+00 
 8.101581e+00 -1.097721e+00 
 8.101904e+00 -1.097725e+00 
 8.102227e+00 -1.097728e+00 
 8.102550e+00 -1.097731e+00 
 8.102873e+00 -1.097733e+00 
 8.103196e+00 -1.097736e+00 
 8.103519e+00 -1.097739e+00 
 8.103842e+00 -1.097742e+00 
 8.104165e+00 -1.097744e+00 
 8.104488e+00 -1.097745e+00 
 8.104811e+00 -1.097746e+00 
 8.105134e+00 -1.097747e+00 
 8.105457e+00 -1.097750e+00 
 8.105780e+00 -1.097752e+00 
 8.106103e+00 -1.097754e+00 
 8.106426e+00 -1.097758e+00 
 8.106749e+00 -1.097762e+00 
 8.107072e+00 -1.097766e+00 
 8.107395e+00 -1.097770e+00 
 8.107718e+00 -1.097773e+00 
 8.108041e+00 -1.097775e+00 
 8.108364e+00 -1.097777e+00 
 8.108687e+00 -1.097781e+00 
 8.109010e+00 -1.097783e+00 
 8.109333e+00 -1.097785e+00 
 8.109656e+00 -1.097787e+00 
 8.109979e+00 -1.097790e+00 
 8.110302e+00 -1.097794e+00 
 8.110625e+00 -1.097799e+00 
 8.110948e+00 -1.097804e+00 
 8.111271e+00 -1.097809e+00 
 8.111594e+00 -1.097815e+00 
 8.111917e+00 -1.097821e+00 
 8.112240e+00 -1.097826e+00 
 8.112563e+00 -1.097830e+00 
 8.112886e+00 -1.097833e+00 
 8.113209e+00 -1.097835e+00 
 8.113532e+00 -1.097837e+00 
 8.113855e+00 -1.097841e+00 
 8.114178e+00 -1.097845e+00 
 8.114501e+00 -1.097848e+00 
 8.114824e+00 -1.097853e+00 
 8.115147e+00 -1.097858e+00 
 8.115470e+00 -1.097864e+00 
 8.115793e+00 -1.097871e+00 
 8.116116e+00 -1.097877e+00 
 8.116439e+00 -1.097881e+00 
 8.116762e+00 -1.097885e+00 
 8.117085e+00 -1.097889e+00 
 8.117408e+00 -1.097891e+00 
 8.117731e+00 -1.097893e+00 
 8.118054e+00 -1.097894e+00 
 8.118377e+00 -1.097895e+00 
 8.118700e+00 -1.097897e+00 
 8.119023e+00 -1.097900e+00 
 8.119346e+00 -1.097904e+00 
 8.119669e+00 -1.097907e+00 
 8.119992e+00 -1.097910e+00 
 8.120315e+00 -1.097914e+00 
 8.120638e+00 -1.097917e+00 
 8.120961e+00 -1.097919e+00 
 8.121284e+00 -1.097921e+00 
 8.121607e+00 -1.097921e+00 
 8.121930e+00 -1.097920e+00 
 8.122253e+00 -1.097920e+00 
 8.122576e+00 -1.097919e+00 
 8.122899e+00 -1.097918e+00 
 8.123222e+00 -1.097918e+00 
 8.123545e+00 -1.097917e+00 
 8.123868e+00 -1.097917e+00 
 8.124191e+00 -1.097919e+00 
 8.124514e+00 -1.097920e+00 
 8.124837e+00 -1.097921e+00 
 8.125160e+00 -1.097921e+00 
 8.125482e+00 -1.097920e+00 
 8.125805e+00 -1.097919e+00 
 8.126128e+00 -1.097918e+00 
 8.126451e+00 -1.097917e+00 
 8.126774e+00 -1.097915e+00 
 8.127097e+00 -1.097914e+00 
 8.127420e+00 -1.097913e+00 
 8.127743e+00 -1.097913e+00 
 8.128066e+00 -1.097913e+00 
 8.128389e+00 -1.097913e+00 
 8.128712e+00 -1.097913e+00 
 8.129035e+00 -1.097914e+00 
 8.129358e+00 -1.097915e+00 
 8.129681e+00 -1.097916e+00 
 8.130004e+00 -1.097916e+00 
 8.130327e+00 -1.097916e+00 
 8.130650e+00 -1.097917e+00 
 8.130973e+00 -1.097918e+00 
 8.131296e+00 -1.097920e+00 
 8.131619e+00 -1.097922e+00 
 8.131942e+00 -1.097924e+00 
 8.132265e+00 -1.097927e+00 
 8.132588e+00 -1.097930e+00 
 8.132911e+00 -1.097933e+00 
 8.133234e+00 -1.097935e+00 
 8.133557e+00 -1.097938e+00 
 8.133880e+00 -1.097941e+00 
 8.134203e+00 -1.097945e+00 
 8.134526e+00 -1.097949e+00 
 8.134849e+00 -1.097953e+00 
 8.135172e+00 -1.097957e+00 
 8.135495e+00 -1.097962e+00 
 8.135818e+00 -1.097969e+00 
 8.136141e+00 -1.097975e+00 
 8.136464e+00 -1.097981e+00 
 8.136787e+00 -1.097987e+00 
 8.137110e+00 -1.097992e+00 
 8.137433e+00 -1.097997e+00 
 8.137756e+00 -1.098002e+00 
 8.138079e+00 -1.098007e+00 
 8.138402e+00 -1.098012e+00 
 8.138725e+00 -1.098018e+00 
 8.139048e+00 -1.098023e+00 
 8.139371e+00 -1.098030e+00 
 8.139694e+00 -1.098037e+00 
 8.140017e+00 -1.098044e+00 
 8.140340e+00 -1.098050e+00 
 8.140663e+00 -1.098058e+00 
 8.140986e+00 -1.098066e+00 
 8.141309e+00 -1.098073e+00 
 8.141632e+00 -1.098079e+00 
 8.141955e+00 -1.098083e+00 
 8.142278e+00 -1.098087e+00 
 8.142601e+00 -1.098092e+00 
 8.142924e+00 -1.098097e+00 
 8.143247e+00 -1.098102e+00 
 8.143570e+00 -1.098107e+00 
 8.143893e+00 -1.098112e+00 
 8.144216e+00 -1.098119e+00 
 8.144539e+00 -1.098125e+00 
 8.144862e+00 -1.098132e+00 
 8.145185e+00 -1.098137e+00 
 8.145508e+00 -1.098141e+00 
 8.145831e+00 -1.098145e+00 
 8.146154e+00 -1.098150e+00 
 8.146477e+00 -1.098153e+00 
 8.146800e+00 -1.098155e+00 
 8.147123e+00 -1.098158e+00 
 8.147446e+00 -1.098161e+00 
 8.147769e+00 -1.098164e+00 
 8.148092e+00 -1.098168e+00 
 8.148415e+00 -1.098173e+00 
 8.148738e+00 -1.098177e+00 
 8.149061e+00 -1.098181e+00 
 8.149384e+00 -1.098185e+00 
 8.149707e+00 -1.098189e+00 
 8.150030e+00 -1.098192e+00 
 8.150353e+00 -1.098194e+00 
 8.150676e+00 -1.098194e+00 
 8.150999e+00 -1.098194e+00 
 8.151322e+00 -1.098196e+00 
 8.151645e+00 -1.098199e+00 
 8.151968e+00 -1.098201e+00 
 8.152291e+00 -1.098203e+00 
 8.152614e+00 -1.098206e+00 
 8.152937e+00 -1.098209e+00 
 8.153260e+00 -1.098213e+00 
 8.153583e+00 -1.098217e+00 
 8.153906e+00 -1.098220e+00 
 8.154229e+00 -1.098223e+00 
 8.154552e+00 -1.098226e+00 
 8.154875e+00 -1.098228e+00 
 8.155198e+00 -1.098230e+00 
 8.155521e+00 -1.098232e+00 
 8.155844e+00 -1.098232e+00 
 8.156167e+00 -1.098233e+00 
 8.156490e+00 -1.098237e+00 
 8.156813e+00 -1.098241e+00 
 8.157136e+00 -1.098245e+00 
 8.157459e+00 -1.098249e+00 
 8.157782e+00 -1.098253e+00 
 8.158105e+00 -1.098257e+00 
 8.158428e+00 -1.098262e+00 
 8.158751e+00 -1.098266e+00 
 8.159074e+00 -1.098270e+00 
 8.159397e+00 -1.098273e+00 
 8.159720e+00 -1.098277e+00 
 8.160043e+00 -1.098281e+00 
 8.160366e+00 -1.098286e+00 
 8.160688e+00 -1.098291e+00 
 8.161011e+00 -1.098294e+00 
 8.161334e+00 -1.098297e+00 
 8.161657e+00 -1.098303e+00 
 8.161980e+00 -1.098309e+00 
 8.162303e+00 -1.098313e+00 
 8.162626e+00 -1.098318e+00 
 8.162949e+00 -1.098322e+00 
 8.163272e+00 -1.098326e+00 
 8.163595e+00 -1.098332e+00 
 8.163918e+00 -1.098337e+00 
 8.164241e+00 -1.098342e+00 
 8.164564e+00 -1.098347e+00 
 8.164887e+00 -1.098353e+00 
 8.165210e+00 -1.098359e+00 
 8.165533e+00 -1.098365e+00 
 8.165856e+00 -1.098369e+00 
 8.166179e+00 -1.098372e+00 
 8.166502e+00 -1.098374e+00 
 8.166825e+00 -1.098379e+00 
 8.167148e+00 -1.098383e+00 
 8.167471e+00 -1.098387e+00 
 8.167794e+00 -1.098391e+00 
 8.168117e+00 -1.098394e+00 
 8.168440e+00 -1.098398e+00 
 8.168763e+00 -1.098403e+00 
 8.169086e+00 -1.098408e+00 
 8.169409e+00 -1.098411e+00 
 8.169732e+00 -1.098414e+00 
 8.170055e+00 -1.098418e+00 
 8.170378e+00 -1.098422e+00 
 8.170701e+00 -1.098425e+00 
 8.171024e+00 -1.098428e+00 
 8.171347e+00 -1.098427e+00 
 8.171670e+00 -1.098428e+00 
 8.171993e+00 -1.098430e+00 
 8.172316e+00 -1.098433e+00 
 8.172639e+00 -1.098435e+00 
 8.172962e+00 -1.098438e+00 
 8.173285e+00 -1.098440e+00 
 8.173608e+00 -1.098443e+00 
 8.173931e+00 -1.098445e+00 
 8.174254e+00 -1.098448e+00 
 8.174577e+00 -1.098449e+00 
 8.174900e+00 -1.098449e+00 
 8.175223e+00 -1.098449e+00 
 8.175546e+00 -1.098450e+00 
 8.175869e+00 -1.098452e+00 
 8.176192e+00 -1.098453e+00 
 8.176515e+00 -1.098453e+00 
 8.176838e+00 -1.098453e+00 
 8.177161e+00 -1.098456e+00 
 8.177484e+00 -1.098459e+00 
 8.177807e+00 -1.098461e+00 
 8.178130e+00 -1.098462e+00 
 8.178453e+00 -1.098464e+00 
 8.178776e+00 -1.098465e+00 
 8.179099e+00 -1.098466e+00 
 8.179422e+00 -1.098467e+00 
 8.179745e+00 -1.098467e+00 
 8.180068e+00 -1.098466e+00 
 8.180391e+00 -1.098466e+00 
 8.180714e+00 -1.098467e+00 
 8.181037e+00 -1.098470e+00 
 8.181360e+00 -1.098472e+00 
 8.181683e+00 -1.098473e+00 
 8.182006e+00 -1.098474e+00 
 8.182329e+00 -1.098477e+00 
 8.182652e+00 -1.098479e+00 
 8.182975e+00 -1.098481e+00 
 8.183298e+00 -1.098482e+00 
 8.183621e+00 -1.098483e+00 
 8.183944e+00 -1.098484e+00 
 8.184267e+00 -1.098484e+00 
 8.184590e+00 -1.098485e+00 
 8.184913e+00 -1.098485e+00 
 8.185236e+00 -1.098484e+00 
 8.185559e+00 -1.098484e+00 
 8.185882e+00 -1.098486e+00 
 8.186205e+00 -1.098488e+00 
 8.186528e+00 -1.098490e+00 
 8.186851e+00 -1.098491e+00 
 8.187174e+00 -1.098491e+00 
 8.187497e+00 -1.098493e+00 
 8.187820e+00 -1.098495e+00 
 8.188143e+00 -1.098495e+00 
 8.188466e+00 -1.098495e+00 
 8.188789e+00 -1.098495e+00 
 8.189112e+00 -1.098494e+00 
 8.189435e+00 -1.098494e+00 
 8.189758e+00 -1.098495e+00 
 8.190081e+00 -1.098494e+00 
 8.190404e+00 -1.098493e+00 
 8.190727e+00 -1.098493e+00 
 8.191050e+00 -1.098494e+00 
 8.191373e+00 -1.098495e+00 
 8.191696e+00 -1.098496e+00 
 8.192019e+00 -1.098496e+00 
 8.192342e+00 -1.098495e+00 
 8.192665e+00 -1.098496e+00 
 8.192988e+00 -1.098497e+00 
 8.193311e+00 -1.098498e+00 
 8.193634e+00 -1.098497e+00 
 8.193957e+00 -1.098496e+00 
 8.194280e+00 -1.098496e+00 
 8.194603e+00 -1.098496e+00 
 8.194926e+00 -1.098496e+00 
 8.195249e+00 -1.098496e+00 
 8.195572e+00 -1.098496e+00 
 8.195894e+00 -1.098496e+00 
 8.196217e+00 -1.098498e+00 
 8.196540e+00 -1.098500e+00 
 8.196863e+00 -1.098502e+00 
 8.197186e+00 -1.098503e+00 
 8.197509e+00 -1.098503e+00 
 8.197832e+00 -1.098505e+00 
 8.198155e+00 -1.098507e+00 
 8.198478e+00 -1.098507e+00 
 8.198801e+00 -1.098508e+00 
 8.199124e+00 -1.098508e+00 
 8.199447e+00 -1.098509e+00 
 8.199770e+00 -1.098511e+00 
 8.200093e+00 -1.098514e+00 
 8.200416e+00 -1.098516e+00 
 8.200739e+00 -1.098518e+00 
 8.201062e+00 -1.098520e+00 
 8.201385e+00 -1.098523e+00 
 8.201708e+00 -1.098526e+00 
 8.202031e+00 -1.098529e+00 
 8.202354e+00 -1.098531e+00 
 8.202677e+00 -1.098533e+00 
 8.203000e+00 -1.098536e+00 
 8.203323e+00 -1.098538e+00 
 8.203646e+00 -1.098540e+00 
 8.203969e+00 -1.098543e+00 
 8.204292e+00 -1.098545e+00 
 8.204615e+00 -1.098548e+00 
 8.204938e+00 -1.098552e+00 
 8.205261e+00 -1.098556e+00 
 8.205584e+00 -1.098560e+00 
 8.205907e+00 -1.098560e+00 
 8.206230e+00 -1.098563e+00 
 8.206553e+00 -1.098566e+00 
 8.206876e+00 -1.098569e+00 
 8.207199e+00 -1.098572e+00 
 8.207522e+00 -1.098574e+00 
 8.207845e+00 -1.098576e+00 
 8.208168e+00 -1.098579e+00 
 8.208491e+00 -1.098582e+00 
 8.208814e+00 -1.098585e+00 
 8.209137e+00 -1.098589e+00 
 8.209460e+00 -1.098592e+00 
 8.209783e+00 -1.098595e+00 
 8.210106e+00 -1.098599e+00 
 8.210429e+00 -1.098603e+00 
 8.210752e+00 -1.098604e+00 
 8.211075e+00 -1.098604e+00 
 8.211398e+00 -1.098606e+00 
 8.211721e+00 -1.098608e+00 
 8.212044e+00 -1.098612e+00 
 8.212367e+00 -1.098614e+00 
 8.212690e+00 -1.098617e+00 
 8.213013e+00 -1.098620e+00 
 8.213336e+00 -1.098624e+00 
 8.213659e+00 -1.098628e+00 
 8.213982e+00 -1.098632e+00 
 8.214305e+00 -1.098634e+00 
 8.214628e+00 -1.098637e+00 
 8.214951e+00 -1.098640e+00 
 8.215274e+00 -1.098644e+00 
 8.215597e+00 -1.098648e+00 
 8.215920e+00 -1.098651e+00 
 8.216243e+00 -1.098653e+00 
 8.216566e+00 -1.098656e+00 
 8.216889e+00 -1.098661e+00 
 8.217212e+00 -1.098666e+00 
 8.217535e+00 -1.098670e+00 
 8.217858e+00 -1.098675e+00 
 8.218181e+00 -1.098679e+00 
 8.218504e+00 -1.098684e+00 
 8.218827e+00 -1.098689e+00 
 8.219150e+00 -1.098693e+00 
 8.219473e+00 -1.098697e+00 
 8.219796e+00 -1.098701e+00 
 8.220119e+00 -1.098706e+00 
 8.220442e+00 -1.098713e+00 
 8.220765e+00 -1.098721e+00 
 8.221088e+00 -1.098728e+00 
 8.221411e+00 -1.098732e+00 
 8.221734e+00 -1.098738e+00 
 8.222057e+00 -1.098745e+00 
 8.222380e+00 -1.098752e+00 
 8.222703e+00 -1.098758e+00 
 8.223026e+00 -1.098764e+00 
 8.223349e+00 -1.098769e+00 
 8.223672e+00 -1.098775e+00 
 8.223995e+00 -1.098781e+00 
 8.224318e+00 -1.098788e+00 
 8.224641e+00 -1.098794e+00 
 8.224964e+00 -1.098801e+00 
 8.225287e+00 -1.098809e+00 
 8.225610e+00 -1.098817e+00 
 8.225933e+00 -1.098827e+00 
 8.226256e+00 -1.098834e+00 
 8.226579e+00 -1.098839e+00 
 8.226902e+00 -1.098845e+00 
 8.227225e+00 -1.098851e+00 
 8.227548e+00 -1.098857e+00 
 8.227871e+00 -1.098862e+00 
 8.228194e+00 -1.098867e+00 
 8.228517e+00 -1.098872e+00 
 8.228840e+00 -1.098878e+00 
 8.229163e+00 -1.098885e+00 
 8.229486e+00 -1.098892e+00 
 8.229809e+00 -1.098897e+00 
 8.230132e+00 -1.098903e+00 
 8.230455e+00 -1.098908e+00 
 8.230778e+00 -1.098914e+00 
 8.231101e+00 -1.098920e+00 
 8.231423e+00 -1.098924e+00 
 8.231746e+00 -1.098926e+00 
 8.232069e+00 -1.098928e+00 
 8.232392e+00 -1.098932e+00 
 8.232715e+00 -1.098935e+00 
 8.233038e+00 -1.098938e+00 
 8.233361e+00 -1.098942e+00 
 8.233684e+00 -1.098945e+00 
 8.234007e+00 -1.098948e+00 
 8.234330e+00 -1.098952e+00 
 8.234653e+00 -1.098955e+00 
 8.234976e+00 -1.098957e+00 
 8.235299e+00 -1.098958e+00 
 8.235622e+00 -1.098959e+00 
 8.235945e+00 -1.098960e+00 
 8.236268e+00 -1.098963e+00 
 8.236591e+00 -1.098964e+00 
 8.236914e+00 -1.098963e+00 
 8.237237e+00 -1.098964e+00 
 8.237560e+00 -1.098967e+00 
 8.237883e+00 -1.098969e+00 
 8.238206e+00 -1.098971e+00 
 8.238529e+00 -1.098973e+00 
 8.238852e+00 -1.098974e+00 
 8.239175e+00 -1.098975e+00 
 8.239498e+00 -1.098976e+00 
 8.239821e+00 -1.098977e+00 
 8.240144e+00 -1.098976e+00 
 8.240467e+00 -1.098976e+00 
 8.240790e+00 -1.098977e+00 
 8.241113e+00 -1.098980e+00 
 8.241436e+00 -1.098983e+00 
 8.241759e+00 -1.098986e+00 
 8.242082e+00 -1.098988e+00 
 8.242405e+00 -1.098990e+00 
 8.242728e+00 -1.098993e+00 
 8.243051e+00 -1.098996e+00 
 8.243374e+00 -1.098999e+00 
 8.243697e+00 -1.099001e+00 
 8.244020e+00 -1.099003e+00 
 8.244343e+00 -1.099005e+00 
 8.244666e+00 -1.099008e+00 
 8.244989e+00 -1.099012e+00 
 8.245312e+00 -1.099015e+00 
 8.245635e+00 -1.099019e+00 
 8.245958e+00 -1.099025e+00 
 8.246281e+00 -1.099031e+00 
 8.246604e+00 -1.099037e+00 
 8.246927e+00 -1.099042e+00 
 8.247250e+00 -1.099045e+00 
 8.247573e+00 -1.099049e+00 
 8.247896e+00 -1.099054e+00 
 8.248219e+00 -1.099058e+00 
 8.248542e+00 -1.099062e+00 
 8.248865e+00 -1.099066e+00 
 8.249188e+00 -1.099071e+00 
 8.249511e+00 -1.099077e+00 
 8.249834e+00 -1.099083e+00 
 8.250157e+00 -1.099089e+00 
 8.250480e+00 -1.099094e+00 
 8.250803e+00 -1.099100e+00 
 8.251126e+00 -1.099107e+00 
 8.251449e+00 -1.099113e+00 
 8.251772e+00 -1.099118e+00 
 8.252095e+00 -1.099122e+00 
 8.252418e+00 -1.099125e+00 
 8.252741e+00 -1.099128e+00 
 8.253064e+00 -1.099133e+00 
 8.253387e+00 -1.099137e+00 
 8.253710e+00 -1.099141e+00 
 8.254033e+00 -1.099146e+00 
 8.254356e+00 -1.099150e+00 
 8.254679e+00 -1.099155e+00 
 8.255002e+00 -1.099160e+00 
 8.255325e+00 -1.099164e+00 
 8.255648e+00 -1.099166e+00 
 8.255971e+00 -1.099170e+00 
 8.256294e+00 -1.099173e+00 
 8.256617e+00 -1.099176e+00 
 8.256940e+00 -1.099179e+00 
 8.257263e+00 -1.099181e+00 
 8.257586e+00 -1.099183e+00 
 8.257909e+00 -1.099185e+00 
 8.258232e+00 -1.099188e+00 
 8.258555e+00 -1.099191e+00 
 8.258878e+00 -1.099194e+00 
 8.259201e+00 -1.099196e+00 
 8.259524e+00 -1.099198e+00 
 8.259847e+00 -1.099199e+00 
 8.260170e+00 -1.099201e+00 
 8.260493e+00 -1.099202e+00 
 8.260816e+00 -1.099203e+00 
 8.261139e+00 -1.099204e+00 
 8.261462e+00 -1.099207e+00 
 8.261785e+00 -1.099210e+00 
 8.262108e+00 -1.099212e+00 
 8.262431e+00 -1.099214e+00 
 8.262754e+00 -1.099215e+00 
 8.263077e+00 -1.099217e+00 
 8.263400e+00 -1.099220e+00 
 8.263723e+00 -1.099222e+00 
 8.264046e+00 -1.099224e+00 
 8.264369e+00 -1.099225e+00 
 8.264692e+00 -1.099227e+00 
 8.265015e+00 -1.099229e+00 
 8.265338e+00 -1.099231e+00 
 8.265661e+00 -1.099233e+00 
 8.265984e+00 -1.099234e+00 
 8.266307e+00 -1.099238e+00 
 8.266629e+00 -1.099242e+00 
 8.266952e+00 -1.099246e+00 
 8.267275e+00 -1.099249e+00 
 8.267598e+00 -1.099251e+00 
 8.267921e+00 -1.099253e+00 
 8.268244e+00 -1.099256e+00 
 8.268567e+00 -1.099259e+00 
 8.268890e+00 -1.099262e+00 
 8.269213e+00 -1.099265e+00 
 8.269536e+00 -1.099268e+00 
 8.269859e+00 -1.099272e+00 
 8.270182e+00 -1.099276e+00 
 8.270505e+00 -1.099280e+00 
 8.270828e+00 -1.099282e+00 
 8.271151e+00 -1.099284e+00 
 8.271474e+00 -1.099288e+00 
 8.271797e+00 -1.099291e+00 
 8.272120e+00 -1.099294e+00 
 8.272443e+00 -1.099297e+00 
 8.272766e+00 -1.099299e+00 
 8.273089e+00 -1.099301e+00 
 8.273412e+00 -1.099304e+00 
 8.273735e+00 -1.099308e+00 
 8.274058e+00 -1.099312e+00 
 8.274381e+00 -1.099315e+00 
 8.274704e+00 -1.099318e+00 
 8.275027e+00 -1.099321e+00 
 8.275350e+00 -1.099325e+00 
 8.275673e+00 -1.099327e+00 
 8.275996e+00 -1.099326e+00 
 8.276319e+00 -1.099326e+00 
 8.276642e+00 -1.099327e+00 
 8.276965e+00 -1.099329e+00 
 8.277288e+00 -1.099331e+00 
 8.277611e+00 -1.099333e+00 
 8.277934e+00 -1.099334e+00 
 8.278257e+00 -1.099335e+00 
 8.278580e+00 -1.099337e+00 
 8.278903e+00 -1.099340e+00 
 8.279226e+00 -1.099342e+00 
 8.279549e+00 -1.099343e+00 
 8.279872e+00 -1.099344e+00 
 8.280195e+00 -1.099345e+00 
 8.280518e+00 -1.099346e+00 
 8.280841e+00 -1.099345e+00 
 8.281164e+00 -1.099343e+00 
 8.281487e+00 -1.099342e+00 
 8.281810e+00 -1.099343e+00 
 8.282133e+00 -1.099344e+00 
 8.282456e+00 -1.099346e+00 
 8.282779e+00 -1.099347e+00 
 8.283102e+00 -1.099348e+00 
 8.283425e+00 -1.099349e+00 
 8.283748e+00 -1.099351e+00 
 8.284071e+00 -1.099352e+00 
 8.284394e+00 -1.099353e+00 
 8.284717e+00 -1.099353e+00 
 8.285040e+00 -1.099354e+00 
 8.285363e+00 -1.099355e+00 
 8.285686e+00 -1.099357e+00 
 8.286009e+00 -1.099358e+00 
 8.286332e+00 -1.099357e+00 
 8.286655e+00 -1.099358e+00 
 8.286978e+00 -1.099361e+00 
 8.287301e+00 -1.099365e+00 
 8.287624e+00 -1.099368e+00 
 8.287947e+00 -1.099370e+00 
 8.288270e+00 -1.099372e+00 
 8.288593e+00 -1.099374e+00 
 8.288916e+00 -1.099376e+00 
 8.289239e+00 -1.099380e+00 
 8.289562e+00 -1.099383e+00 
 8.289885e+00 -1.099386e+00 
 8.290208e+00 -1.099390e+00 
 8.290531e+00 -1.099394e+00 
 8.290854e+00 -1.099399e+00 
 8.291177e+00 -1.099402e+00 
 8.291500e+00 -1.099405e+00 
 8.291823e+00 -1.099408e+00 
 8.292146e+00 -1.099412e+00 
 8.292469e+00 -1.099416e+00 
 8.292792e+00 -1.099421e+00 
 8.293115e+00 -1.099425e+00 
 8.293438e+00 -1.099429e+00 
 8.293761e+00 -1.099433e+00 
 8.294084e+00 -1.099438e+00 
 8.294407e+00 -1.099444e+00 
 8.294730e+00 -1.099448e+00 
 8.295053e+00 -1.099453e+00 
 8.295376e+00 -1.099457e+00 
 8.295699e+00 -1.099462e+00 
 8.296022e+00 -1.099467e+00 
 8.296345e+00 -1.099470e+00 
 8.296668e+00 -1.099472e+00 
 8.296991e+00 -1.099475e+00 
 8.297314e+00 -1.099479e+00 
 8.297637e+00 -1.099484e+00 
 8.297960e+00 -1.099489e+00 
 8.298283e+00 -1.099493e+00 
 8.298606e+00 -1.099496e+00 
 8.298929e+00 -1.099500e+00 
 8.299252e+00 -1.099504e+00 
 8.299575e+00 -1.099507e+00 
 8.299898e+00 -1.099510e+00 
 8.300221e+00 -1.099511e+00 
 8.300544e+00 -1.099513e+00 
 8.300867e+00 -1.099516e+00 
 8.301190e+00 -1.099519e+00 
 8.301513e+00 -1.099521e+00 
 8.301835e+00 -1.099522e+00 
 8.302158e+00 -1.099523e+00 
 8.302481e+00 -1.099527e+00 
 8.302804e+00 -1.099531e+00 
 8.303127e+00 -1.099534e+00 
 8.303450e+00 -1.099536e+00 
 8.303773e+00 -1.099538e+00 
 8.304096e+00 -1.099539e+00 
 8.304419e+00 -1.099540e+00 
 8.304742e+00 -1.099541e+00 
 8.305065e+00 -1.099541e+00 
 8.305388e+00 -1.099541e+00 
 8.305711e+00 -1.099543e+00 
 8.306034e+00 -1.099547e+00 
 8.306357e+00 -1.099550e+00 
 8.306680e+00 -1.099553e+00 
 8.307003e+00 -1.099555e+00 
 8.307326e+00 -1.099557e+00 
 8.307649e+00 -1.099561e+00 
 8.307972e+00 -1.099565e+00 
 8.308295e+00 -1.099568e+00 
 8.308618e+00 -1.099569e+00 
 8.308941e+00 -1.099570e+00 
 8.309264e+00 -1.099572e+00 
 8.309587e+00 -1.099575e+00 
 8.309910e+00 -1.099578e+00 
 8.310233e+00 -1.099580e+00 
 8.310556e+00 -1.099583e+00 
 8.310879e+00 -1.099588e+00 
 8.311202e+00 -1.099595e+00 
 8.311525e+00 -1.099601e+00 
 8.311848e+00 -1.099606e+00 
 8.312171e+00 -1.099610e+00 
 8.312494e+00 -1.099614e+00 
 8.312817e+00 -1.099619e+00 
 8.313140e+00 -1.099624e+00 
 8.313463e+00 -1.099628e+00 
 8.313786e+00 -1.099632e+00 
 8.314109e+00 -1.099635e+00 
 8.314432e+00 -1.099640e+00 
 8.314755e+00 -1.099645e+00 
 8.315078e+00 -1.099651e+00 
 8.315401e+00 -1.099656e+00 
 8.315724e+00 -1.099662e+00 
 8.316047e+00 -1.099669e+00 
 8.316370e+00 -1.099677e+00 
 8.316693e+00 -1.099683e+00 
 8.317016e+00 -1.099688e+00 
 8.317339e+00 -1.099692e+00 
 8.317662e+00 -1.099696e+00 
 8.317985e+00 -1.099701e+00 
 8.318308e+00 -1.099706e+00 
 8.318631e+00 -1.099711e+00 
 8.318954e+00 -1.099715e+00 
 8.319277e+00 -1.099720e+00 
 8.319600e+00 -1.099725e+00 
 8.319923e+00 -1.099730e+00 
 8.320246e+00 -1.099735e+00 
 8.320569e+00 -1.099739e+00 
 8.320892e+00 -1.099743e+00 
 8.321215e+00 -1.099748e+00 
 8.321538e+00 -1.099753e+00 
 8.321861e+00 -1.099758e+00 
 8.322184e+00 -1.099761e+00 
 8.322507e+00 -1.099764e+00 
 8.322830e+00 -1.099767e+00 
 8.323153e+00 -1.099770e+00 
 8.323476e+00 -1.099774e+00 
 8.323799e+00 -1.099777e+00 
 8.324122e+00 -1.099780e+00 
 8.324445e+00 -1.099782e+00 
 8.324768e+00 -1.099785e+00 
 8.325091e+00 -1.099788e+00 
 8.325414e+00 -1.099791e+00 
 8.325737e+00 -1.099793e+00 
 8.326060e+00 -1.099795e+00 
 8.326383e+00 -1.099798e+00 
 8.326706e+00 -1.099803e+00 
 8.327029e+00 -1.099806e+00 
 8.327352e+00 -1.099808e+00 
 8.327675e+00 -1.099809e+00 
 8.327998e+00 -1.099811e+00 
 8.328321e+00 -1.099813e+00 
 8.328644e+00 -1.099815e+00 
 8.328967e+00 -1.099818e+00 
 8.329290e+00 -1.099819e+00 
 8.329613e+00 -1.099821e+00 
 8.329936e+00 -1.099823e+00 
 8.330259e+00 -1.099826e+00 
 8.330582e+00 -1.099829e+00 
 8.330905e+00 -1.099831e+00 
 8.331228e+00 -1.099833e+00 
 8.331551e+00 -1.099837e+00 
 8.331874e+00 -1.099841e+00 
 8.332197e+00 -1.099844e+00 
 8.332520e+00 -1.099846e+00 
 8.332843e+00 -1.099847e+00 
 8.333166e+00 -1.099848e+00 
 8.333489e+00 -1.099851e+00 
 8.333812e+00 -1.099853e+00 
 8.334135e+00 -1.099856e+00 
 8.334458e+00 -1.099858e+00 
 8.334781e+00 -1.099862e+00 
 8.335104e+00 -1.099866e+00 
 8.335427e+00 -1.099870e+00 
 8.335750e+00 -1.099873e+00 
 8.336073e+00 -1.099875e+00 
 8.336396e+00 -1.099878e+00 
 8.336719e+00 -1.099881e+00 
 8.337041e+00 -1.099884e+00 
 8.337364e+00 -1.099886e+00 
 8.337687e+00 -1.099888e+00 
 8.338010e+00 -1.099889e+00 
 8.338333e+00 -1.099891e+00 
 8.338656e+00 -1.099894e+00 
 8.338979e+00 -1.099898e+00 
 8.339302e+00 -1.099901e+00 
 8.339625e+00 -1.099904e+00 
 8.339948e+00 -1.099907e+00 
 8.340271e+00 -1.099910e+00 
 8.340594e+00 -1.099913e+00 
 8.340917e+00 -1.099915e+00 
 8.341240e+00 -1.099916e+00 
 8.341563e+00 -1.099917e+00 
 8.341886e+00 -1.099919e+00 
 8.342209e+00 -1.099921e+00 
 8.342532e+00 -1.099922e+00 
 8.342855e+00 -1.099923e+00 
 8.343178e+00 -1.099924e+00 
 8.343501e+00 -1.099925e+00 
 8.343824e+00 -1.099928e+00 
 8.344147e+00 -1.099930e+00 
 8.344470e+00 -1.099932e+00 
 8.344793e+00 -1.099933e+00 
 8.345116e+00 -1.099934e+00 
 8.345439e+00 -1.099935e+00 
 8.345762e+00 -1.099937e+00 
 8.346085e+00 -1.099937e+00 
 8.346408e+00 -1.099936e+00 
 8.346731e+00 -1.099935e+00 
 8.347054e+00 -1.099936e+00 
 8.347377e+00 -1.099937e+00 
 8.347700e+00 -1.099938e+00 
 8.348023e+00 -1.099938e+00 
 8.348346e+00 -1.099937e+00 
 8.348669e+00 -1.099937e+00 
 8.348992e+00 -1.099938e+00 
 8.349315e+00 -1.099939e+00 
 8.349638e+00 -1.099938e+00 
 8.349961e+00 -1.099938e+00 
 8.350284e+00 -1.099938e+00 
 8.350607e+00 -1.099938e+00 
 8.350930e+00 -1.099940e+00 
 8.351253e+00 -1.099939e+00 
 8.351576e+00 -1.099938e+00 
 8.351899e+00 -1.099938e+00 
 8.352222e+00 -1.099938e+00 
 8.352545e+00 -1.099938e+00 
 8.352868e+00 -1.099938e+00 
 8.353191e+00 -1.099937e+00 
 8.353514e+00 -1.099935e+00 
 8.353837e+00 -1.099935e+00 
 8.354160e+00 -1.099936e+00 
 8.354483e+00 -1.099937e+00 
 8.354806e+00 -1.099937e+00 
 8.355129e+00 -1.099938e+00 
 8.355452e+00 -1.099938e+00 
 8.355775e+00 -1.099938e+00 
 8.356098e+00 -1.099939e+00 
 8.356421e+00 -1.099939e+00 
 8.356744e+00 -1.099937e+00 
 8.357067e+00 -1.099936e+00 
 8.357390e+00 -1.099936e+00 
 8.357713e+00 -1.099936e+00 
 8.358036e+00 -1.099936e+00 
 8.358359e+00 -1.099936e+00 
 8.358682e+00 -1.099936e+00 
 8.359005e+00 -1.099937e+00 
 8.359328e+00 -1.099939e+00 
 8.359651e+00 -1.099940e+00 
 8.359974e+00 -1.099940e+00 
 8.360297e+00 -1.099940e+00 
 8.360620e+00 -1.099939e+00 
 8.360943e+00 -1.099938e+00 
 8.361266e+00 -1.099937e+00 
 8.361589e+00 -1.099935e+00 
 8.361912e+00 -1.099933e+00 
 8.362235e+00 -1.099932e+00 
 8.362558e+00 -1.099932e+00 
 8.362881e+00 -1.099933e+00 
 8.363204e+00 -1.099933e+00 
 8.363527e+00 -1.099933e+00 
 8.363850e+00 -1.099933e+00 
 8.364173e+00 -1.099933e+00 
 8.364496e+00 -1.099934e+00 
 8.364819e+00 -1.099933e+00 
 8.365142e+00 -1.099931e+00 
 8.365465e+00 -1.099929e+00 
 8.365788e+00 -1.099925e+00 
 8.366111e+00 -1.099922e+00 
 8.366434e+00 -1.099920e+00 
 8.366757e+00 -1.099918e+00 
 8.367080e+00 -1.099916e+00 
 8.367403e+00 -1.099916e+00 
 8.367726e+00 -1.099916e+00 
 8.368049e+00 -1.099917e+00 
 8.368372e+00 -1.099917e+00 
 8.368695e+00 -1.099916e+00 
 8.369018e+00 -1.099914e+00 
 8.369341e+00 -1.099913e+00 
 8.369664e+00 -1.099912e+00 
 8.369987e+00 -1.099910e+00 
 8.370310e+00 -1.099908e+00 
 8.370633e+00 -1.099906e+00 
 8.370956e+00 -1.099905e+00 
 8.371279e+00 -1.099903e+00 
 8.371602e+00 -1.099903e+00 
 8.371925e+00 -1.099904e+00 
 8.372247e+00 -1.099904e+00 
 8.372570e+00 -1.099905e+00 
 8.372893e+00 -1.099907e+00 
 8.373216e+00 -1.099908e+00 
 8.373539e+00 -1.099909e+00 
 8.373862e+00 -1.099909e+00 
 8.374185e+00 -1.099909e+00 
 8.374508e+00 -1.099910e+00 
 8.374831e+00 -1.099912e+00 
 8.375154e+00 -1.099914e+00 
 8.375477e+00 -1.099916e+00 
 8.375800e+00 -1.099919e+00 
 8.376123e+00 -1.099922e+00 
 8.376446e+00 -1.099925e+00 
 8.376769e+00 -1.099929e+00 
 8.377092e+00 -1.099932e+00 
 8.377415e+00 -1.099936e+00 
 8.377738e+00 -1.099939e+00 
 8.378061e+00 -1.099943e+00 
 8.378384e+00 -1.099947e+00 
 8.378707e+00 -1.099951e+00 
 8.379030e+00 -1.099955e+00 
 8.379353e+00 -1.099959e+00 
 8.379676e+00 -1.099963e+00 
 8.379999e+00 -1.099969e+00 
 8.380322e+00 -1.099975e+00 
 8.380645e+00 -1.099980e+00 
 8.380968e+00 -1.099987e+00 
 8.381291e+00 -1.099992e+00 
 8.381614e+00 -1.099997e+00 
 8.381937e+00 -1.100001e+00 
 8.382260e+00 -1.100006e+00 
 8.382583e+00 -1.100010e+00 
 8.382906e+00 -1.100015e+00 
 8.383229e+00 -1.100021e+00 
 8.383552e+00 -1.100027e+00 
 8.383875e+00 -1.100032e+00 
 8.384198e+00 -1.100037e+00 
 8.384521e+00 -1.100042e+00 
 8.384844e+00 -1.100047e+00 
 8.385167e+00 -1.100052e+00 
 8.385490e+00 -1.100056e+00 
 8.385813e+00 -1.100060e+00 
 8.386136e+00 -1.100064e+00 
 8.386459e+00 -1.100067e+00 
 8.386782e+00 -1.100070e+00 
 8.387105e+00 -1.100073e+00 
 8.387428e+00 -1.100077e+00 
 8.387751e+00 -1.100080e+00 
 8.388074e+00 -1.100084e+00 
 8.388397e+00 -1.100089e+00 
 8.388720e+00 -1.100092e+00 
 8.389043e+00 -1.100095e+00 
 8.389366e+00 -1.100097e+00 
 8.389689e+00 -1.100099e+00 
 8.390012e+00 -1.100100e+00 
 8.390335e+00 -1.100101e+00 
 8.390658e+00 -1.100102e+00 
 8.390981e+00 -1.100103e+00 
 8.391304e+00 -1.100104e+00 
 8.391627e+00 -1.100106e+00 
 8.391950e+00 -1.100107e+00 
 8.392273e+00 -1.100109e+00 
 8.392596e+00 -1.100112e+00 
 8.392919e+00 -1.100114e+00 
 8.393242e+00 -1.100116e+00 
 8.393565e+00 -1.100118e+00 
 8.393888e+00 -1.100119e+00 
 8.394211e+00 -1.100119e+00 
 8.394534e+00 -1.100119e+00 
 8.394857e+00 -1.100118e+00 
 8.395180e+00 -1.100118e+00 
 8.395503e+00 -1.100119e+00 
 8.395826e+00 -1.100119e+00 
 8.396149e+00 -1.100120e+00 
 8.396472e+00 -1.100123e+00 
 8.396795e+00 -1.100125e+00 
 8.397118e+00 -1.100128e+00 
 8.397441e+00 -1.100130e+00 
 8.397764e+00 -1.100132e+00 
 8.398087e+00 -1.100134e+00 
 8.398410e+00 -1.100136e+00 
 8.398733e+00 -1.100138e+00 
 8.399056e+00 -1.100139e+00 
 8.399379e+00 -1.100140e+00 
 8.399702e+00 -1.100141e+00 
 8.400025e+00 -1.100143e+00 
 8.400348e+00 -1.100146e+00 
 8.400671e+00 -1.100150e+00 
 8.400994e+00 -1.100153e+00 
 8.401317e+00 -1.100157e+00 
 8.401640e+00 -1.100161e+00 
 8.401963e+00 -1.100166e+00 
 8.402286e+00 -1.100169e+00 
 8.402609e+00 -1.100173e+00 
 8.402932e+00 -1.100176e+00 
 8.403255e+00 -1.100179e+00 
 8.403578e+00 -1.100182e+00 
 8.403901e+00 -1.100185e+00 
 8.404224e+00 -1.100188e+00 
 8.404547e+00 -1.100192e+00 
 8.404870e+00 -1.100196e+00 
 8.405193e+00 -1.100201e+00 
 8.405516e+00 -1.100206e+00 
 8.405839e+00 -1.100211e+00 
 8.406162e+00 -1.100215e+00 
 8.406485e+00 -1.100219e+00 
 8.406808e+00 -1.100224e+00 
 8.407131e+00 -1.100227e+00 
 8.407454e+00 -1.100230e+00 
 8.407776e+00 -1.100233e+00 
 8.408099e+00 -1.100236e+00 
 8.408422e+00 -1.100239e+00 
 8.408745e+00 -1.100242e+00 
 8.409068e+00 -1.100245e+00 
 8.409391e+00 -1.100248e+00 
 8.409714e+00 -1.100251e+00 
 8.410037e+00 -1.100255e+00 
 8.410360e+00 -1.100258e+00 
 8.410683e+00 -1.100260e+00 
 8.411006e+00 -1.100263e+00 
 8.411329e+00 -1.100264e+00 
 8.411652e+00 -1.100265e+00 
 8.411975e+00 -1.100266e+00 
 8.412298e+00 -1.100268e+00 
 8.412621e+00 -1.100268e+00 
 8.412944e+00 -1.100269e+00 
 8.413267e+00 -1.100270e+00 
 8.413590e+00 -1.100270e+00 
 8.413913e+00 -1.100270e+00 
 8.414236e+00 -1.100271e+00 
 8.414559e+00 -1.100271e+00 
 8.414882e+00 -1.100271e+00 
 8.415205e+00 -1.100271e+00 
 8.415528e+00 -1.100270e+00 
 8.415851e+00 -1.100269e+00 
 8.416174e+00 -1.100269e+00 
 8.416497e+00 -1.100268e+00 
 8.416820e+00 -1.100266e+00 
 8.417143e+00 -1.100265e+00 
 8.417466e+00 -1.100265e+00 
 8.417789e+00 -1.100264e+00 
 8.418112e+00 -1.100263e+00 
 8.418435e+00 -1.100262e+00 
 8.418758e+00 -1.100261e+00 
 8.419081e+00 -1.100260e+00 
 8.419404e+00 -1.100260e+00 
 8.419727e+00 -1.100258e+00 
 8.420050e+00 -1.100257e+00 
 8.420373e+00 -1.100256e+00 
 8.420696e+00 -1.100255e+00 
 8.421019e+00 -1.100256e+00 
 8.421342e+00 -1.100256e+00 
 8.421665e+00 -1.100256e+00 
 8.421988e+00 -1.100257e+00 
 8.422311e+00 -1.100257e+00 
 8.422634e+00 -1.100258e+00 
 8.422957e+00 -1.100259e+00 
 8.423280e+00 -1.100259e+00 
 8.423603e+00 -1.100260e+00 
 8.423926e+00 -1.100261e+00 
 8.424249e+00 -1.100262e+00 
 8.424572e+00 -1.100263e+00 
 8.424895e+00 -1.100265e+00 
 8.425218e+00 -1.100266e+00 
 8.425541e+00 -1.100269e+00 
 8.425864e+00 -1.100274e+00 
 8.426187e+00 -1.100278e+00 
 8.426510e+00 -1.100282e+00 
 8.426833e+00 -1.100285e+00 
 8.427156e+00 -1.100288e+00 
 8.427479e+00 -1.100291e+00 
 8.427802e+00 -1.100294e+00 
 8.428125e+00 -1.100298e+00 
 8.428448e+00 -1.100301e+00 
 8.428771e+00 -1.100304e+00 
 8.429094e+00 -1.100307e+00 
 8.429417e+00 -1.100311e+00 
 8.429740e+00 -1.100315e+00 
 8.430063e+00 -1.100320e+00 
 8.430386e+00 -1.100324e+00 
 8.430709e+00 -1.100330e+00 
 8.431032e+00 -1.100336e+00 
 8.431355e+00 -1.100342e+00 
 8.431678e+00 -1.100346e+00 
 8.432001e+00 -1.100350e+00 
 8.432324e+00 -1.100353e+00 
 8.432647e+00 -1.100356e+00 
 8.432970e+00 -1.100360e+00 
 8.433293e+00 -1.100363e+00 
 8.433616e+00 -1.100365e+00 
 8.433939e+00 -1.100368e+00 
 8.434262e+00 -1.100372e+00 
 8.434585e+00 -1.100375e+00 
 8.434908e+00 -1.100379e+00 
 8.435231e+00 -1.100383e+00 
 8.435554e+00 -1.100385e+00 
 8.435877e+00 -1.100389e+00 
 8.436200e+00 -1.100393e+00 
 8.436523e+00 -1.100396e+00 
 8.436846e+00 -1.100398e+00 
 8.437169e+00 -1.100398e+00 
 8.437492e+00 -1.100399e+00 
 8.437815e+00 -1.100400e+00 
 8.438138e+00 -1.100401e+00 
 8.438461e+00 -1.100402e+00 
 8.438784e+00 -1.100403e+00 
 8.439107e+00 -1.100405e+00 
 8.439430e+00 -1.100406e+00 
 8.439753e+00 -1.100408e+00 
 8.440076e+00 -1.100409e+00 
 8.440399e+00 -1.100409e+00 
 8.440722e+00 -1.100407e+00 
 8.441045e+00 -1.100407e+00 
 8.441368e+00 -1.100409e+00 
 8.441691e+00 -1.100409e+00 
 8.442014e+00 -1.100408e+00 
 8.442337e+00 -1.100408e+00 
 8.442660e+00 -1.100407e+00 
 8.442982e+00 -1.100407e+00 
 8.443305e+00 -1.100407e+00 
 8.443628e+00 -1.100407e+00 
 8.443951e+00 -1.100407e+00 
 8.444274e+00 -1.100408e+00 
 8.444597e+00 -1.100408e+00 
 8.444920e+00 -1.100409e+00 
 8.445243e+00 -1.100409e+00 
 8.445566e+00 -1.100408e+00 
 8.445889e+00 -1.100405e+00 
 8.446212e+00 -1.100405e+00 
 8.446535e+00 -1.100406e+00 
 8.446858e+00 -1.100407e+00 
 8.447181e+00 -1.100408e+00 
 8.447504e+00 -1.100408e+00 
 8.447827e+00 -1.100409e+00 
 8.448150e+00 -1.100409e+00 
 8.448473e+00 -1.100411e+00 
 8.448796e+00 -1.100413e+00 
 8.449119e+00 -1.100414e+00 
 8.449442e+00 -1.100416e+00 
 8.449765e+00 -1.100418e+00 
 8.450088e+00 -1.100419e+00 
 8.450411e+00 -1.100422e+00 
 8.450734e+00 -1.100423e+00 
 8.451057e+00 -1.100422e+00 
 8.451380e+00 -1.100424e+00 
 8.451703e+00 -1.100428e+00 
 8.452026e+00 -1.100431e+00 
 8.452349e+00 -1.100433e+00 
 8.452672e+00 -1.100436e+00 
 8.452995e+00 -1.100438e+00 
 8.453318e+00 -1.100440e+00 
 8.453641e+00 -1.100444e+00 
 8.453964e+00 -1.100448e+00 
 8.454287e+00 -1.100450e+00 
 8.454610e+00 -1.100454e+00 
 8.454933e+00 -1.100458e+00 
 8.455256e+00 -1.100462e+00 
 8.455579e+00 -1.100467e+00 
 8.455902e+00 -1.100470e+00 
 8.456225e+00 -1.100471e+00 
 8.456548e+00 -1.100474e+00 
 8.456871e+00 -1.100478e+00 
 8.457194e+00 -1.100481e+00 
 8.457517e+00 -1.100484e+00 
 8.457840e+00 -1.100487e+00 
 8.458163e+00 -1.100490e+00 
 8.458486e+00 -1.100493e+00 
 8.458809e+00 -1.100497e+00 
 8.459132e+00 -1.100500e+00 
 8.459455e+00 -1.100504e+00 
 8.459778e+00 -1.100507e+00 
 8.460101e+00 -1.100511e+00 
 8.460424e+00 -1.100515e+00 
 8.460747e+00 -1.100519e+00 
 8.461070e+00 -1.100521e+00 
 8.461393e+00 -1.100521e+00 
 8.461716e+00 -1.100523e+00 
 8.462039e+00 -1.100525e+00 
 8.462362e+00 -1.100527e+00 
 8.462685e+00 -1.100529e+00 
 8.463008e+00 -1.100530e+00 
 8.463331e+00 -1.100532e+00 
 8.463654e+00 -1.100534e+00 
 8.463977e+00 -1.100537e+00 
 8.464300e+00 -1.100540e+00 
 8.464623e+00 -1.100542e+00 
 8.464946e+00 -1.100543e+00 
 8.465269e+00 -1.100545e+00 
 8.465592e+00 -1.100547e+00 
 8.465915e+00 -1.100549e+00 
 8.466238e+00 -1.100548e+00 
 8.466561e+00 -1.100547e+00 
 8.466884e+00 -1.100547e+00 
 8.467207e+00 -1.100548e+00 
 8.467530e+00 -1.100550e+00 
 8.467853e+00 -1.100551e+00 
 8.468176e+00 -1.100552e+00 
 8.468499e+00 -1.100553e+00 
 8.468822e+00 -1.100554e+00 
 8.469145e+00 -1.100556e+00 
 8.469468e+00 -1.100558e+00 
 8.469791e+00 -1.100558e+00 
 8.470114e+00 -1.100558e+00 
 8.470437e+00 -1.100558e+00 
 8.470760e+00 -1.100558e+00 
 8.471083e+00 -1.100559e+00 
 8.471406e+00 -1.100558e+00 
 8.471729e+00 -1.100557e+00 
 8.472052e+00 -1.100557e+00 
 8.472375e+00 -1.100559e+00 
 8.472698e+00 -1.100561e+00 
 8.473021e+00 -1.100562e+00 
 8.473344e+00 -1.100564e+00 
 8.473667e+00 -1.100565e+00 
 8.473990e+00 -1.100566e+00 
 8.474313e+00 -1.100567e+00 
 8.474636e+00 -1.100568e+00 
 8.474959e+00 -1.100567e+00 
 8.475282e+00 -1.100566e+00 
 8.475605e+00 -1.100566e+00 
 8.475928e+00 -1.100567e+00 
 8.476251e+00 -1.100568e+00 
 8.476574e+00 -1.100568e+00 
 8.476897e+00 -1.100568e+00 
 8.477220e+00 -1.100569e+00 
 8.477543e+00 -1.100571e+00 
 8.477866e+00 -1.100573e+00 
 8.478188e+00 -1.100574e+00 
 8.478511e+00 -1.100575e+00 
 8.478834e+00 -1.100576e+00 
 8.479157e+00 -1.100576e+00 
 8.479480e+00 -1.100576e+00 
 8.479803e+00 -1.100576e+00 
 8.480126e+00 -1.100575e+00 
 8.480449e+00 -1.100574e+00 
 8.480772e+00 -1.100575e+00 
 8.481095e+00 -1.100577e+00 
 8.481418e+00 -1.100578e+00 
 8.481741e+00 -1.100579e+00 
 8.482064e+00 -1.100579e+00 
 8.482387e+00 -1.100580e+00 
 8.482710e+00 -1.100581e+00 
 8.483033e+00 -1.100583e+00 
 8.483356e+00 -1.100583e+00 
 8.483679e+00 -1.100582e+00 
 8.484002e+00 -1.100582e+00 
 8.484325e+00 -1.100582e+00 
 8.484648e+00 -1.100582e+00 
 8.484971e+00 -1.100582e+00 
 8.485294e+00 -1.100582e+00 
 8.485617e+00 -1.100582e+00 
 8.485940e+00 -1.100584e+00 
 8.486263e+00 -1.100586e+00 
 8.486586e+00 -1.100588e+00 
 8.486909e+00 -1.100589e+00 
 8.487232e+00 -1.100589e+00 
 8.487555e+00 -1.100590e+00 
 8.487878e+00 -1.100591e+00 
 8.488201e+00 -1.100592e+00 
 8.488524e+00 -1.100592e+00 
 8.488847e+00 -1.100592e+00 
 8.489170e+00 -1.100592e+00 
 8.489493e+00 -1.100593e+00 
 8.489816e+00 -1.100594e+00 
 8.490139e+00 -1.100595e+00 
 8.490462e+00 -1.100596e+00 
 8.490785e+00 -1.100597e+00 
 8.491108e+00 -1.100600e+00 
 8.491431e+00 -1.100602e+00 
 8.491754e+00 -1.100604e+00 
 8.492077e+00 -1.100605e+00 
 8.492400e+00 -1.100606e+00 
 8.492723e+00 -1.100607e+00 
 8.493046e+00 -1.100608e+00 
 8.493369e+00 -1.100610e+00 
 8.493692e+00 -1.100610e+00 
 8.494015e+00 -1.100611e+00 
 8.494338e+00 -1.100612e+00 
 8.494661e+00 -1.100614e+00 
 8.494984e+00 -1.100616e+00 
 8.495307e+00 -1.100617e+00 
 8.495630e+00 -1.100617e+00 
 8.495953e+00 -1.100617e+00 
 8.496276e+00 -1.100619e+00 
 8.496599e+00 -1.100621e+00 
 8.496922e+00 -1.100623e+00 
 8.497245e+00 -1.100623e+00 
 8.497568e+00 -1.100624e+00 
 8.497891e+00 -1.100624e+00 
 8.498214e+00 -1.100626e+00 
 8.498537e+00 -1.100627e+00 
 8.498860e+00 -1.100628e+00 
 8.499183e+00 -1.100628e+00 
 8.499506e+00 -1.100629e+00 
 8.499829e+00 -1.100629e+00 
 8.500152e+00 -1.100630e+00 
 8.500475e+00 -1.100630e+00 
 8.500798e+00 -1.100628e+00 
 8.501121e+00 -1.100627e+00 
 8.501444e+00 -1.100629e+00 
 8.501767e+00 -1.100630e+00 
 8.502090e+00 -1.100631e+00 
 8.502413e+00 -1.100631e+00 
 8.502736e+00 -1.100631e+00 
 8.503059e+00 -1.100631e+00 
 8.503382e+00 -1.100632e+00 
 8.503705e+00 -1.100633e+00 
 8.504028e+00 -1.100633e+00 
 8.504351e+00 -1.100632e+00 
 8.504674e+00 -1.100631e+00 
 8.504997e+00 -1.100631e+00 
 8.505320e+00 -1.100631e+00 
 8.505643e+00 -1.100631e+00 
 8.505966e+00 -1.100630e+00 
 8.506289e+00 -1.100630e+00 
 8.506612e+00 -1.100632e+00 
 8.506935e+00 -1.100634e+00 
 8.507258e+00 -1.100635e+00 
 8.507581e+00 -1.100635e+00 
 8.507904e+00 -1.100635e+00 
 8.508227e+00 -1.100635e+00 
 8.508550e+00 -1.100636e+00 
 8.508873e+00 -1.100637e+00 
 8.509196e+00 -1.100636e+00 
 8.509519e+00 -1.100636e+00 
 8.509842e+00 -1.100636e+00 
 8.510165e+00 -1.100638e+00 
 8.510488e+00 -1.100640e+00 
 8.510811e+00 -1.100642e+00 
 8.511134e+00 -1.100643e+00 
 8.511457e+00 -1.100644e+00 
 8.511780e+00 -1.100647e+00 
 8.512103e+00 -1.100650e+00 
 8.512426e+00 -1.100651e+00 
 8.512749e+00 -1.100652e+00 
 8.513072e+00 -1.100653e+00 
 8.513394e+00 -1.100653e+00 
 8.513717e+00 -1.100655e+00 
 8.514040e+00 -1.100657e+00 
 8.514363e+00 -1.100658e+00 
 8.514686e+00 -1.100659e+00 
 8.515009e+00 -1.100662e+00 
 8.515332e+00 -1.100666e+00 
 8.515655e+00 -1.100669e+00 
 8.515978e+00 -1.100672e+00 
 8.516301e+00 -1.100674e+00 
 8.516624e+00 -1.100675e+00 
 8.516947e+00 -1.100678e+00 
 8.517270e+00 -1.100680e+00 
 8.517593e+00 -1.100681e+00 
 8.517916e+00 -1.100681e+00 
 8.518239e+00 -1.100682e+00 
 8.518562e+00 -1.100683e+00 
 8.518885e+00 -1.100685e+00 
 8.519208e+00 -1.100688e+00 
 8.519531e+00 -1.100690e+00 
 8.519854e+00 -1.100692e+00 
 8.520177e+00 -1.100694e+00 
 8.520500e+00 -1.100696e+00 
 8.520823e+00 -1.100698e+00 
 8.521146e+00 -1.100699e+00 
 8.521469e+00 -1.100698e+00 
 8.521792e+00 -1.100697e+00 
 8.522115e+00 -1.100698e+00 
 8.522438e+00 -1.100698e+00 
 8.522761e+00 -1.100698e+00 
 8.523084e+00 -1.100697e+00 
 8.523407e+00 -1.100697e+00 
 8.523730e+00 -1.100697e+00 
 8.524053e+00 -1.100698e+00 
 8.524376e+00 -1.100698e+00 
 8.524699e+00 -1.100697e+00 
 8.525022e+00 -1.100696e+00 
 8.525345e+00 -1.100695e+00 
 8.525668e+00 -1.100694e+00 
 8.525991e+00 -1.100692e+00 
 8.526314e+00 -1.100689e+00 
 8.526637e+00 -1.100686e+00 
 8.526960e+00 -1.100683e+00 
 8.527283e+00 -1.100682e+00 
 8.527606e+00 -1.100681e+00 
 8.527929e+00 -1.100679e+00 
 8.528252e+00 -1.100676e+00 
 8.528575e+00 -1.100674e+00 
 8.528898e+00 -1.100673e+00 
 8.529221e+00 -1.100671e+00 
 8.529544e+00 -1.100669e+00 
 8.529867e+00 -1.100666e+00 
 8.530190e+00 -1.100662e+00 
 8.530513e+00 -1.100660e+00 
 8.530836e+00 -1.100656e+00 
 8.531159e+00 -1.100653e+00 
 8.531482e+00 -1.100650e+00 
 8.531805e+00 -1.100647e+00 
 8.532128e+00 -1.100645e+00 
 8.532451e+00 -1.100644e+00 
 8.532774e+00 -1.100642e+00 
 8.533097e+00 -1.100640e+00 
 8.533420e+00 -1.100638e+00 
 8.533743e+00 -1.100636e+00 
 8.534066e+00 -1.100634e+00 
 8.534389e+00 -1.100633e+00 
 8.534712e+00 -1.100631e+00 
 8.535035e+00 -1.100629e+00 
 8.535358e+00 -1.100628e+00 
 8.535681e+00 -1.100627e+00 
 8.536004e+00 -1.100626e+00 
 8.536327e+00 -1.100625e+00 
 8.536650e+00 -1.100624e+00 
 8.536973e+00 -1.100623e+00 
 8.537296e+00 -1.100622e+00 
 8.537619e+00 -1.100622e+00 
 8.537942e+00 -1.100623e+00 
 8.538265e+00 -1.100623e+00 
 8.538588e+00 -1.100622e+00 
 8.538911e+00 -1.100622e+00 
 8.539234e+00 -1.100623e+00 
 8.539557e+00 -1.100624e+00 
 8.539880e+00 -1.100625e+00 
 8.540203e+00 -1.100626e+00 
 8.540526e+00 -1.100627e+00 
 8.540849e+00 -1.100628e+00 
 8.541172e+00 -1.100628e+00 
 8.541495e+00 -1.100627e+00 
 8.541818e+00 -1.100627e+00 
 8.542141e+00 -1.100627e+00 
 8.542464e+00 -1.100628e+00 
 8.542787e+00 -1.100629e+00 
 8.543110e+00 -1.100630e+00 
 8.543433e+00 -1.100631e+00 
 8.543756e+00 -1.100632e+00 
 8.544079e+00 -1.100633e+00 
 8.544402e+00 -1.100634e+00 
 8.544725e+00 -1.100635e+00 
 8.545048e+00 -1.100637e+00 
 8.545371e+00 -1.100637e+00 
 8.545694e+00 -1.100637e+00 
 8.546017e+00 -1.100636e+00 
 8.546340e+00 -1.100635e+00 
 8.546663e+00 -1.100634e+00 
 8.546986e+00 -1.100633e+00 
 8.547309e+00 -1.100633e+00 
 8.547632e+00 -1.100633e+00 
 8.547955e+00 -1.100634e+00 
 8.548278e+00 -1.100635e+00 
 8.548601e+00 -1.100636e+00 
 8.548923e+00 -1.100636e+00 
 8.549246e+00 -1.100636e+00 
 8.549569e+00 -1.100636e+00 
 8.549892e+00 -1.100636e+00 
 8.550215e+00 -1.100635e+00 
 8.550538e+00 -1.100634e+00 
 8.550861e+00 -1.100633e+00 
 8.551184e+00 -1.100632e+00 
 8.551507e+00 -1.100632e+00 
 8.551830e+00 -1.100631e+00 
 8.552153e+00 -1.100632e+00 
 8.552476e+00 -1.100633e+00 
 8.552799e+00 -1.100634e+00 
 8.553122e+00 -1.100636e+00 
 8.553445e+00 -1.100637e+00 
 8.553768e+00 -1.100638e+00 
 8.554091e+00 -1.100638e+00 
 8.554414e+00 -1.100639e+00 
 8.554737e+00 -1.100639e+00 
 8.555060e+00 -1.100640e+00 
 8.555383e+00 -1.100641e+00 
 8.555706e+00 -1.100643e+00 
 8.556029e+00 -1.100646e+00 
 8.556352e+00 -1.100649e+00 
 8.556675e+00 -1.100652e+00 
 8.556998e+00 -1.100655e+00 
 8.557321e+00 -1.100658e+00 
 8.557644e+00 -1.100662e+00 
 8.557967e+00 -1.100666e+00 
 8.558290e+00 -1.100670e+00 
 8.558613e+00 -1.100674e+00 
 8.558936e+00 -1.100677e+00 
 8.559259e+00 -1.100680e+00 
 8.559582e+00 -1.100684e+00 
 8.559905e+00 -1.100688e+00 
 8.560228e+00 -1.100692e+00 
 8.560551e+00 -1.100698e+00 
 8.560874e+00 -1.100705e+00 
 8.561197e+00 -1.100712e+00 
 8.561520e+00 -1.100718e+00 
 8.561843e+00 -1.100723e+00 
 8.562166e+00 -1.100729e+00 
 8.562489e+00 -1.100734e+00 
 8.562812e+00 -1.100739e+00 
 8.563135e+00 -1.100745e+00 
 8.563458e+00 -1.100751e+00 
 8.563781e+00 -1.100756e+00 
 8.564104e+00 -1.100762e+00 
 8.564427e+00 -1.100767e+00 
 8.564750e+00 -1.100773e+00 
 8.565073e+00 -1.100779e+00 
 8.565396e+00 -1.100784e+00 
 8.565719e+00 -1.100790e+00 
 8.566042e+00 -1.100797e+00 
 8.566365e+00 -1.100803e+00 
 8.566688e+00 -1.100808e+00 
 8.567011e+00 -1.100813e+00 
 8.567334e+00 -1.100817e+00 
 8.567657e+00 -1.100821e+00 
 8.567980e+00 -1.100826e+00 
 8.568303e+00 -1.100831e+00 
 8.568626e+00 -1.100835e+00 
 8.568949e+00 -1.100840e+00 
 8.569272e+00 -1.100843e+00 
 8.569595e+00 -1.100847e+00 
 8.569918e+00 -1.100850e+00 
 8.570241e+00 -1.100853e+00 
 8.570564e+00 -1.100855e+00 
 8.570887e+00 -1.100857e+00 
 8.571210e+00 -1.100860e+00 
 8.571533e+00 -1.100863e+00 
 8.571856e+00 -1.100865e+00 
 8.572179e+00 -1.100867e+00 
 8.572502e+00 -1.100869e+00 
 8.572825e+00 -1.100871e+00 
 8.573148e+00 -1.100873e+00 
 8.573471e+00 -1.100875e+00 
 8.573794e+00 -1.100876e+00 
 8.574117e+00 -1.100877e+00 
 8.574440e+00 -1.100877e+00 
 8.574763e+00 -1.100878e+00 
 8.575086e+00 -1.100877e+00 
 8.575409e+00 -1.100877e+00 
 8.575732e+00 -1.100876e+00 
 8.576055e+00 -1.100876e+00 
 8.576378e+00 -1.100878e+00 
 8.576701e+00 -1.100880e+00 
 8.577024e+00 -1.100881e+00 
 8.577347e+00 -1.100882e+00 
 8.577670e+00 -1.100883e+00 
 8.577993e+00 -1.100884e+00 
 8.578316e+00 -1.100884e+00 
 8.578639e+00 -1.100885e+00 
 8.578962e+00 -1.100885e+00 
 8.579285e+00 -1.100884e+00 
 8.579608e+00 -1.100884e+00 
 8.579931e+00 -1.100885e+00 
 8.580254e+00 -1.100886e+00 
 8.580577e+00 -1.100887e+00 
 8.580900e+00 -1.100888e+00 
 8.581223e+00 -1.100890e+00 
 8.581546e+00 -1.100894e+00 
 8.581869e+00 -1.100897e+00 
 8.582192e+00 -1.100900e+00 
 8.582515e+00 -1.100901e+00 
 8.582838e+00 -1.100903e+00 
 8.583161e+00 -1.100904e+00 
 8.583484e+00 -1.100905e+00 
 8.583807e+00 -1.100907e+00 
 8.584129e+00 -1.100909e+00 
 8.584452e+00 -1.100911e+00 
 8.584775e+00 -1.100914e+00 
 8.585098e+00 -1.100918e+00 
 8.585421e+00 -1.100922e+00 
 8.585744e+00 -1.100925e+00 
 8.586067e+00 -1.100928e+00 
 8.586390e+00 -1.100931e+00 
 8.586713e+00 -1.100936e+00 
 8.587036e+00 -1.100939e+00 
 8.587359e+00 -1.100941e+00 
 8.587682e+00 -1.100943e+00 
 8.588005e+00 -1.100944e+00 
 8.588328e+00 -1.100946e+00 
 8.588651e+00 -1.100948e+00 
 8.588974e+00 -1.100951e+00 
 8.589297e+00 -1.100954e+00 
 8.589620e+00 -1.100957e+00 
 8.589943e+00 -1.100960e+00 
 8.590266e+00 -1.100963e+00 
 8.590589e+00 -1.100966e+00 
 8.590912e+00 -1.100967e+00 
 8.591235e+00 -1.100967e+00 
 8.591558e+00 -1.100967e+00 
 8.591881e+00 -1.100968e+00 
 8.592204e+00 -1.100968e+00 
 8.592527e+00 -1.100967e+00 
 8.592850e+00 -1.100967e+00 
 8.593173e+00 -1.100966e+00 
 8.593496e+00 -1.100966e+00 
 8.593819e+00 -1.100967e+00 
 8.594142e+00 -1.100967e+00 
 8.594465e+00 -1.100967e+00 
 8.594788e+00 -1.100966e+00 
 8.595111e+00 -1.100966e+00 
 8.595434e+00 -1.100965e+00 
 8.595757e+00 -1.100962e+00 
 8.596080e+00 -1.100958e+00 
 8.596403e+00 -1.100954e+00 
 8.596726e+00 -1.100950e+00 
 8.597049e+00 -1.100948e+00 
 8.597372e+00 -1.100946e+00 
 8.597695e+00 -1.100944e+00 
 8.598018e+00 -1.100941e+00 
 8.598341e+00 -1.100939e+00 
 8.598664e+00 -1.100937e+00 
 8.598987e+00 -1.100936e+00 
 8.599310e+00 -1.100934e+00 
 8.599633e+00 -1.100931e+00 
 8.599956e+00 -1.100928e+00 
 8.600279e+00 -1.100925e+00 
 8.600602e+00 -1.100923e+00 
 8.600925e+00 -1.100919e+00 
 8.601248e+00 -1.100915e+00 
 8.601571e+00 -1.100912e+00 
 8.601894e+00 -1.100910e+00 
 8.602217e+00 -1.100910e+00 
 8.602540e+00 -1.100909e+00 
 8.602863e+00 -1.100909e+00 
 8.603186e+00 -1.100908e+00 
 8.603509e+00 -1.100908e+00 
 8.603832e+00 -1.100908e+00 
 8.604155e+00 -1.100908e+00 
 8.604478e+00 -1.100908e+00 
 8.604801e+00 -1.100907e+00 
 8.605124e+00 -1.100907e+00 
 8.605447e+00 -1.100909e+00 
 8.605770e+00 -1.100911e+00 
 8.606093e+00 -1.100913e+00 
 8.606416e+00 -1.100914e+00 
 8.606739e+00 -1.100916e+00 
 8.607062e+00 -1.100919e+00 
 8.607385e+00 -1.100922e+00 
 8.607708e+00 -1.100926e+00 
 8.608031e+00 -1.100929e+00 
 8.608354e+00 -1.100932e+00 
 8.608677e+00 -1.100936e+00 
 8.609000e+00 -1.100939e+00 
 8.609323e+00 -1.100943e+00 
 8.609646e+00 -1.100948e+00 
 8.609969e+00 -1.100952e+00 
 8.610292e+00 -1.100957e+00 
 8.610615e+00 -1.100963e+00 
 8.610938e+00 -1.100971e+00 
 8.611261e+00 -1.100976e+00 
 8.611584e+00 -1.100981e+00 
 8.611907e+00 -1.100985e+00 
 8.612230e+00 -1.100990e+00 
 8.612553e+00 -1.100996e+00 
 8.612876e+00 -1.101001e+00 
 8.613199e+00 -1.101007e+00 
 8.613522e+00 -1.101012e+00 
 8.613845e+00 -1.101017e+00 
 8.614168e+00 -1.101023e+00 
 8.614491e+00 -1.101029e+00 
 8.614814e+00 -1.101034e+00 
 8.615137e+00 -1.101040e+00 
 8.615460e+00 -1.101045e+00 
 8.615783e+00 -1.101052e+00 
 8.616106e+00 -1.101059e+00 
 8.616429e+00 -1.101064e+00 
 8.616752e+00 -1.101067e+00 
 8.617075e+00 -1.101070e+00 
 8.617398e+00 -1.101075e+00 
 8.617721e+00 -1.101080e+00 
 8.618044e+00 -1.101085e+00 
 8.618367e+00 -1.101090e+00 
 8.618690e+00 -1.101094e+00 
 8.619013e+00 -1.101099e+00 
 8.619335e+00 -1.101104e+00 
 8.619658e+00 -1.101108e+00 
 8.619981e+00 -1.101112e+00 
 8.620304e+00 -1.101115e+00 
 8.620627e+00 -1.101118e+00 
 8.620950e+00 -1.101123e+00 
 8.621273e+00 -1.101129e+00 
 8.621596e+00 -1.101132e+00 
 8.621919e+00 -1.101135e+00 
 8.622242e+00 -1.101138e+00 
 8.622565e+00 -1.101143e+00 
 8.622888e+00 -1.101148e+00 
 8.623211e+00 -1.101153e+00 
 8.623534e+00 -1.101157e+00 
 8.623857e+00 -1.101160e+00 
 8.624180e+00 -1.101164e+00 
 8.624503e+00 -1.101169e+00 
 8.624826e+00 -1.101173e+00 
 8.625149e+00 -1.101176e+00 
 8.625472e+00 -1.101179e+00 
 8.625795e+00 -1.101183e+00 
 8.626118e+00 -1.101189e+00 
 8.626441e+00 -1.101195e+00 
 8.626764e+00 -1.101201e+00 
 8.627087e+00 -1.101206e+00 
 8.627410e+00 -1.101211e+00 
 8.627733e+00 -1.101217e+00 
 8.628056e+00 -1.101223e+00 
 8.628379e+00 -1.101229e+00 
 8.628702e+00 -1.101235e+00 
 8.629025e+00 -1.101240e+00 
 8.629348e+00 -1.101246e+00 
 8.629671e+00 -1.101252e+00 
 8.629994e+00 -1.101258e+00 
 8.630317e+00 -1.101264e+00 
 8.630640e+00 -1.101270e+00 
 8.630963e+00 -1.101276e+00 
 8.631286e+00 -1.101285e+00 
 8.631609e+00 -1.101294e+00 
 8.631932e+00 -1.101302e+00 
 8.632255e+00 -1.101309e+00 
 8.632578e+00 -1.101316e+00 
 8.632901e+00 -1.101324e+00 
 8.633224e+00 -1.101332e+00 
 8.633547e+00 -1.101339e+00 
 8.633870e+00 -1.101347e+00 
 8.634193e+00 -1.101353e+00 
 8.634516e+00 -1.101361e+00 
 8.634839e+00 -1.101369e+00 
 8.635162e+00 -1.101377e+00 
 8.635485e+00 -1.101385e+00 
 8.635808e+00 -1.101392e+00 
 8.636131e+00 -1.101400e+00 
 8.636454e+00 -1.101409e+00 
 8.636777e+00 -1.101419e+00 
 8.637100e+00 -1.101426e+00 
 8.637423e+00 -1.101433e+00 
 8.637746e+00 -1.101439e+00 
 8.638069e+00 -1.101446e+00 
 8.638392e+00 -1.101454e+00 
 8.638715e+00 -1.101461e+00 
 8.639038e+00 -1.101468e+00 
 8.639361e+00 -1.101474e+00 
 8.639684e+00 -1.101481e+00 
 8.640007e+00 -1.101488e+00 
 8.640330e+00 -1.101495e+00 
 8.640653e+00 -1.101502e+00 
 8.640976e+00 -1.101509e+00 
 8.641299e+00 -1.101515e+00 
 8.641622e+00 -1.101522e+00 
 8.641945e+00 -1.101529e+00 
 8.642268e+00 -1.101534e+00 
 8.642591e+00 -1.101539e+00 
 8.642914e+00 -1.101544e+00 
 8.643237e+00 -1.101549e+00 
 8.643560e+00 -1.101554e+00 
 8.643883e+00 -1.101559e+00 
 8.644206e+00 -1.101564e+00 
 8.644529e+00 -1.101568e+00 
 8.644852e+00 -1.101573e+00 
 8.645175e+00 -1.101579e+00 
 8.645498e+00 -1.101584e+00 
 8.645821e+00 -1.101589e+00 
 8.646144e+00 -1.101594e+00 
 8.646467e+00 -1.101599e+00 
 8.646790e+00 -1.101604e+00 
 8.647113e+00 -1.101609e+00 
 8.647436e+00 -1.101613e+00 
 8.647759e+00 -1.101616e+00 
 8.648082e+00 -1.101619e+00 
 8.648405e+00 -1.101623e+00 
 8.648728e+00 -1.101627e+00 
 8.649051e+00 -1.101631e+00 
 8.649374e+00 -1.101635e+00 
 8.649697e+00 -1.101639e+00 
 8.650020e+00 -1.101643e+00 
 8.650343e+00 -1.101648e+00 
 8.650666e+00 -1.101652e+00 
 8.650989e+00 -1.101656e+00 
 8.651312e+00 -1.101660e+00 
 8.651635e+00 -1.101664e+00 
 8.651958e+00 -1.101668e+00 
 8.652281e+00 -1.101673e+00 
 8.652604e+00 -1.101675e+00 
 8.652927e+00 -1.101678e+00 
 8.653250e+00 -1.101680e+00 
 8.653573e+00 -1.101684e+00 
 8.653896e+00 -1.101688e+00 
 8.654219e+00 -1.101692e+00 
 8.654541e+00 -1.101695e+00 
 8.654864e+00 -1.101699e+00 
 8.655187e+00 -1.101702e+00 
 8.655510e+00 -1.101705e+00 
 8.655833e+00 -1.101708e+00 
 8.656156e+00 -1.101711e+00 
 8.656479e+00 -1.101713e+00 
 8.656802e+00 -1.101715e+00 
 8.657125e+00 -1.101717e+00 
 8.657448e+00 -1.101719e+00 
 8.657771e+00 -1.101721e+00 
 8.658094e+00 -1.101722e+00 
 8.658417e+00 -1.101724e+00 
 8.658740e+00 -1.101726e+00 
 8.659063e+00 -1.101728e+00 
 8.659386e+00 -1.101730e+00 
 8.659709e+00 -1.101732e+00 
 8.660032e+00 -1.101732e+00 
 8.660355e+00 -1.101733e+00 
 8.660678e+00 -1.101733e+00 
 8.661001e+00 -1.101733e+00 
 8.661324e+00 -1.101733e+00 
 8.661647e+00 -1.101733e+00 
 8.661970e+00 -1.101733e+00 
 8.662293e+00 -1.101733e+00 
 8.662616e+00 -1.101733e+00 
 8.662939e+00 -1.101733e+00 
 8.663262e+00 -1.101732e+00 
 8.663585e+00 -1.101732e+00 
 8.663908e+00 -1.101732e+00 
 8.664231e+00 -1.101732e+00 
 8.664554e+00 -1.101731e+00 
 8.664877e+00 -1.101730e+00 
 8.665200e+00 -1.101729e+00 
 8.665523e+00 -1.101728e+00 
 8.665846e+00 -1.101727e+00 
 8.666169e+00 -1.101726e+00 
 8.666492e+00 -1.101725e+00 
 8.666815e+00 -1.101724e+00 
 8.667138e+00 -1.101723e+00 
 8.667461e+00 -1.101723e+00 
 8.667784e+00 -1.101723e+00 
 8.668107e+00 -1.101723e+00 
 8.668430e+00 -1.101721e+00 
 8.668753e+00 -1.101721e+00 
 8.669076e+00 -1.101721e+00 
 8.669399e+00 -1.101721e+00 
 8.669722e+00 -1.101721e+00 
 8.670045e+00 -1.101721e+00 
 8.670368e+00 -1.101721e+00 
 8.670691e+00 -1.101722e+00 
 8.671014e+00 -1.101722e+00 
 8.671337e+00 -1.101723e+00 
 8.671660e+00 -1.101723e+00 
 8.671983e+00 -1.101724e+00 
 8.672306e+00 -1.101725e+00 
 8.672629e+00 -1.101726e+00 
 8.672952e+00 -1.101728e+00 
 8.673275e+00 -1.101729e+00 
 8.673598e+00 -1.101729e+00 
 8.673921e+00 -1.101731e+00 
 8.674244e+00 -1.101734e+00 
 8.674567e+00 -1.101737e+00 
 8.674890e+00 -1.101740e+00 
 8.675213e+00 -1.101743e+00 
 8.675536e+00 -1.101746e+00 
 8.675859e+00 -1.101747e+00 
 8.676182e+00 -1.101749e+00 
 8.676505e+00 -1.101750e+00 
 8.676828e+00 -1.101752e+00 
 8.677151e+00 -1.101755e+00 
 8.677474e+00 -1.101757e+00 
 8.677797e+00 -1.101760e+00 
 8.678120e+00 -1.101764e+00 
 8.678443e+00 -1.101767e+00 
 8.678766e+00 -1.101770e+00 
 8.679089e+00 -1.101774e+00 
 8.679412e+00 -1.101778e+00 
 8.679735e+00 -1.101782e+00 
 8.680058e+00 -1.101786e+00 
 8.680381e+00 -1.101789e+00 
 8.680704e+00 -1.101792e+00 
 8.681027e+00 -1.101793e+00 
 8.681350e+00 -1.101794e+00 
 8.681673e+00 -1.101796e+00 
 8.681996e+00 -1.101799e+00 
 8.682319e+00 -1.101802e+00 
 8.682642e+00 -1.101806e+00 
 8.682965e+00 -1.101810e+00 
 8.683288e+00 -1.101814e+00 
 8.683611e+00 -1.101819e+00 
 8.683934e+00 -1.101823e+00 
 8.684257e+00 -1.101827e+00 
 8.684580e+00 -1.101831e+00 
 8.684903e+00 -1.101834e+00 
 8.685226e+00 -1.101837e+00 
 8.685549e+00 -1.101840e+00 
 8.685872e+00 -1.101843e+00 
 8.686195e+00 -1.101844e+00 
 8.686518e+00 -1.101847e+00 
 8.686841e+00 -1.101851e+00 
 8.687164e+00 -1.101856e+00 
 8.687487e+00 -1.101862e+00 
 8.687810e+00 -1.101868e+00 
 8.688133e+00 -1.101873e+00 
 8.688456e+00 -1.101879e+00 
 8.688779e+00 -1.101884e+00 
 8.689102e+00 -1.101889e+00 
 8.689425e+00 -1.101893e+00 
 8.689748e+00 -1.101898e+00 
 8.690070e+00 -1.101903e+00 
 8.690393e+00 -1.101909e+00 
 8.690716e+00 -1.101916e+00 
 8.691039e+00 -1.101923e+00 
 8.691362e+00 -1.101929e+00 
 8.691685e+00 -1.101936e+00 
 8.692008e+00 -1.101944e+00 
 8.692331e+00 -1.101952e+00 
 8.692654e+00 -1.101960e+00 
 8.692977e+00 -1.101969e+00 
 8.693300e+00 -1.101977e+00 
 8.693623e+00 -1.101985e+00 
 8.693946e+00 -1.101993e+00 
 8.694269e+00 -1.102001e+00 
 8.694592e+00 -1.102009e+00 
 8.694915e+00 -1.102018e+00 
 8.695238e+00 -1.102028e+00 
 8.695561e+00 -1.102038e+00 
 8.695884e+00 -1.102050e+00 
 8.696207e+00 -1.102060e+00 
 8.696530e+00 -1.102070e+00 
 8.696853e+00 -1.102080e+00 
 8.697176e+00 -1.102090e+00 
 8.697499e+00 -1.102101e+00 
 8.697822e+00 -1.102111e+00 
 8.698145e+00 -1.102122e+00 
 8.698468e+00 -1.102132e+00 
 8.698791e+00 -1.102142e+00 
 8.699114e+00 -1.102152e+00 
 8.699437e+00 -1.102163e+00 
 8.699760e+00 -1.102173e+00 
 8.700083e+00 -1.102184e+00 
 8.700406e+00 -1.102195e+00 
 8.700729e+00 -1.102205e+00 
 8.701052e+00 -1.102217e+00 
 8.701375e+00 -1.102227e+00 
 8.701698e+00 -1.102236e+00 
 8.702021e+00 -1.102245e+00 
 8.702344e+00 -1.102254e+00 
 8.702667e+00 -1.102263e+00 
 8.702990e+00 -1.102273e+00 
 8.703313e+00 -1.102283e+00 
 8.703636e+00 -1.102292e+00 
 8.703959e+00 -1.102300e+00 
 8.704282e+00 -1.102309e+00 
 8.704605e+00 -1.102317e+00 
 8.704928e+00 -1.102325e+00 
 8.705251e+00 -1.102331e+00 
 8.705574e+00 -1.102337e+00 
 8.705897e+00 -1.102344e+00 
 8.706220e+00 -1.102351e+00 
 8.706543e+00 -1.102358e+00 
 8.706866e+00 -1.102364e+00 
 8.707189e+00 -1.102370e+00 
 8.707512e+00 -1.102377e+00 
 8.707835e+00 -1.102383e+00 
 8.708158e+00 -1.102390e+00 
 8.708481e+00 -1.102396e+00 
 8.708804e+00 -1.102401e+00 
 8.709127e+00 -1.102406e+00 
 8.709450e+00 -1.102410e+00 
 8.709773e+00 -1.102414e+00 
 8.710096e+00 -1.102417e+00 
 8.710419e+00 -1.102420e+00 
 8.710742e+00 -1.102424e+00 
 8.711065e+00 -1.102428e+00 
 8.711388e+00 -1.102434e+00 
 8.711711e+00 -1.102440e+00 
 8.712034e+00 -1.102444e+00 
 8.712357e+00 -1.102449e+00 
 8.712680e+00 -1.102454e+00 
 8.713003e+00 -1.102459e+00 
 8.713326e+00 -1.102464e+00 
 8.713649e+00 -1.102468e+00 
 8.713972e+00 -1.102472e+00 
 8.714295e+00 -1.102475e+00 
 8.714618e+00 -1.102478e+00 
 8.714941e+00 -1.102482e+00 
 8.715264e+00 -1.102486e+00 
 8.715587e+00 -1.102492e+00 
 8.715910e+00 -1.102498e+00 
 8.716233e+00 -1.102505e+00 
 8.716556e+00 -1.102514e+00 
 8.716879e+00 -1.102521e+00 
 8.717202e+00 -1.102527e+00 
 8.717525e+00 -1.102532e+00 
 8.717848e+00 -1.102538e+00 
 8.718171e+00 -1.102543e+00 
 8.718494e+00 -1.102548e+00 
 8.718817e+00 -1.102554e+00 
 8.719140e+00 -1.102559e+00 
 8.719463e+00 -1.102565e+00 
 8.719786e+00 -1.102572e+00 
 8.720109e+00 -1.102580e+00 
 8.720432e+00 -1.102588e+00 
 8.720755e+00 -1.102597e+00 
 8.721078e+00 -1.102606e+00 
 8.721401e+00 -1.102615e+00 
 8.721724e+00 -1.102623e+00 
 8.722047e+00 -1.102630e+00 
 8.722370e+00 -1.102636e+00 
 8.722693e+00 -1.102641e+00 
 8.723016e+00 -1.102647e+00 
 8.723339e+00 -1.102653e+00 
 8.723662e+00 -1.102659e+00 
 8.723985e+00 -1.102665e+00 
 8.724308e+00 -1.102672e+00 
 8.724631e+00 -1.102678e+00 
 8.724954e+00 -1.102686e+00 
 8.725276e+00 -1.102693e+00 
 8.725599e+00 -1.102699e+00 
 8.725922e+00 -1.102706e+00 
 8.726245e+00 -1.102712e+00 
 8.726568e+00 -1.102717e+00 
 8.726891e+00 -1.102722e+00 
 8.727214e+00 -1.102726e+00 
 8.727537e+00 -1.102728e+00 
 8.727860e+00 -1.102731e+00 
 8.728183e+00 -1.102734e+00 
 8.728506e+00 -1.102737e+00 
 8.728829e+00 -1.102741e+00 
 8.729152e+00 -1.102744e+00 
 8.729475e+00 -1.102748e+00 
 8.729798e+00 -1.102750e+00 
 8.730121e+00 -1.102753e+00 
 8.730444e+00 -1.102754e+00 
 8.730767e+00 -1.102755e+00 
 8.731090e+00 -1.102756e+00 
 8.731413e+00 -1.102757e+00 
 8.731736e+00 -1.102758e+00 
 8.732059e+00 -1.102759e+00 
 8.732382e+00 -1.102759e+00 
 8.732705e+00 -1.102759e+00 
 8.733028e+00 -1.102759e+00 
 8.733351e+00 -1.102759e+00 
 8.733674e+00 -1.102760e+00 
 8.733997e+00 -1.102760e+00 
 8.734320e+00 -1.102760e+00 
 8.734643e+00 -1.102760e+00 
 8.734966e+00 -1.102759e+00 
 8.735289e+00 -1.102759e+00 
 8.735612e+00 -1.102758e+00 
 8.735935e+00 -1.102757e+00 
 8.736258e+00 -1.102757e+00 
 8.736581e+00 -1.102758e+00 
 8.736904e+00 -1.102759e+00 
 8.737227e+00 -1.102760e+00 
 8.737550e+00 -1.102761e+00 
 8.737873e+00 -1.102761e+00 
 8.738196e+00 -1.102761e+00 
 8.738519e+00 -1.102762e+00 
 8.738842e+00 -1.102764e+00 
 8.739165e+00 -1.102765e+00 
 8.739488e+00 -1.102766e+00 
 8.739811e+00 -1.102768e+00 
 8.740134e+00 -1.102770e+00 
 8.740457e+00 -1.102773e+00 
 8.740780e+00 -1.102776e+00 
 8.741103e+00 -1.102778e+00 
 8.741426e+00 -1.102782e+00 
 8.741749e+00 -1.102787e+00 
 8.742072e+00 -1.102791e+00 
 8.742395e+00 -1.102795e+00 
 8.742718e+00 -1.102799e+00 
 8.743041e+00 -1.102802e+00 
 8.743364e+00 -1.102806e+00 
 8.743687e+00 -1.102810e+00 
 8.744010e+00 -1.102815e+00 
 8.744333e+00 -1.102820e+00 
 8.744656e+00 -1.102826e+00 
 8.744979e+00 -1.102832e+00 
 8.745302e+00 -1.102839e+00 
 8.745625e+00 -1.102846e+00 
 8.745948e+00 -1.102853e+00 
 8.746271e+00 -1.102858e+00 
 8.746594e+00 -1.102864e+00 
 8.746917e+00 -1.102870e+00 
 8.747240e+00 -1.102876e+00 
 8.747563e+00 -1.102881e+00 
 8.747886e+00 -1.102886e+00 
 8.748209e+00 -1.102892e+00 
 8.748532e+00 -1.102897e+00 
 8.748855e+00 -1.102904e+00 
 8.749178e+00 -1.102911e+00 
 8.749501e+00 -1.102917e+00 
 8.749824e+00 -1.102924e+00 
 8.750147e+00 -1.102931e+00 
 8.750470e+00 -1.102938e+00 
 8.750793e+00 -1.102944e+00 
 8.751116e+00 -1.102949e+00 
 8.751439e+00 -1.102953e+00 
 8.751762e+00 -1.102957e+00 
 8.752085e+00 -1.102962e+00 
 8.752408e+00 -1.102966e+00 
 8.752731e+00 -1.102970e+00 
 8.753054e+00 -1.102975e+00 
 8.753377e+00 -1.102979e+00 
 8.753700e+00 -1.102984e+00 
 8.754023e+00 -1.102989e+00 
 8.754346e+00 -1.102995e+00 
 8.754669e+00 -1.103000e+00 
 8.754992e+00 -1.103005e+00 
 8.755315e+00 -1.103009e+00 
 8.755638e+00 -1.103013e+00 
 8.755961e+00 -1.103016e+00 
 8.756284e+00 -1.103019e+00 
 8.756607e+00 -1.103022e+00 
 8.756930e+00 -1.103025e+00 
 8.757253e+00 -1.103029e+00 
 8.757576e+00 -1.103033e+00 
 8.757899e+00 -1.103037e+00 
 8.758222e+00 -1.103041e+00 
 8.758545e+00 -1.103045e+00 
 8.758868e+00 -1.103050e+00 
 8.759191e+00 -1.103055e+00 
 8.759514e+00 -1.103059e+00 
 8.759837e+00 -1.103064e+00 
 8.760160e+00 -1.103067e+00 
 8.760482e+00 -1.103071e+00 
 8.760805e+00 -1.103076e+00 
 8.761128e+00 -1.103081e+00 
 8.761451e+00 -1.103086e+00 
 8.761774e+00 -1.103091e+00 
 8.762097e+00 -1.103096e+00 
 8.762420e+00 -1.103102e+00 
 8.762743e+00 -1.103108e+00 
 8.763066e+00 -1.103114e+00 
 8.763389e+00 -1.103120e+00 
 8.763712e+00 -1.103126e+00 
 8.764035e+00 -1.103133e+00 
 8.764358e+00 -1.103140e+00 
 8.764681e+00 -1.103146e+00 
 8.765004e+00 -1.103153e+00 
 8.765327e+00 -1.103160e+00 
 8.765650e+00 -1.103167e+00 
 8.765973e+00 -1.103175e+00 
 8.766296e+00 -1.103182e+00 
 8.766619e+00 -1.103190e+00 
 8.766942e+00 -1.103197e+00 
 8.767265e+00 -1.103204e+00 
 8.767588e+00 -1.103212e+00 
 8.767911e+00 -1.103220e+00 
 8.768234e+00 -1.103228e+00 
 8.768557e+00 -1.103235e+00 
 8.768880e+00 -1.103243e+00 
 8.769203e+00 -1.103251e+00 
 8.769526e+00 -1.103259e+00 
 8.769849e+00 -1.103266e+00 
 8.770172e+00 -1.103273e+00 
 8.770495e+00 -1.103280e+00 
 8.770818e+00 -1.103288e+00 
 8.771141e+00 -1.103295e+00 
 8.771464e+00 -1.103302e+00 
 8.771787e+00 -1.103308e+00 
 8.772110e+00 -1.103314e+00 
 8.772433e+00 -1.103319e+00 
 8.772756e+00 -1.103326e+00 
 8.773079e+00 -1.103332e+00 
 8.773402e+00 -1.103337e+00 
 8.773725e+00 -1.103343e+00 
 8.774048e+00 -1.103348e+00 
 8.774371e+00 -1.103353e+00 
 8.774694e+00 -1.103358e+00 
 8.775017e+00 -1.103363e+00 
 8.775340e+00 -1.103366e+00 
 8.775663e+00 -1.103369e+00 
 8.775986e+00 -1.103372e+00 
 8.776309e+00 -1.103375e+00 
 8.776632e+00 -1.103377e+00 
 8.776955e+00 -1.103380e+00 
 8.777278e+00 -1.103382e+00 
 8.777601e+00 -1.103384e+00 
 8.777924e+00 -1.103387e+00 
 8.778247e+00 -1.103390e+00 
 8.778570e+00 -1.103392e+00 
 8.778893e+00 -1.103394e+00 
 8.779216e+00 -1.103395e+00 
 8.779539e+00 -1.103396e+00 
 8.779862e+00 -1.103397e+00 
 8.780185e+00 -1.103397e+00 
 8.780508e+00 -1.103397e+00 
 8.780831e+00 -1.103397e+00 
 8.781154e+00 -1.103397e+00 
 8.781477e+00 -1.103398e+00 
 8.781800e+00 -1.103399e+00 
 8.782123e+00 -1.103400e+00 
 8.782446e+00 -1.103401e+00 
 8.782769e+00 -1.103403e+00 
 8.783092e+00 -1.103404e+00 
 8.783415e+00 -1.103405e+00 
 8.783738e+00 -1.103406e+00 
 8.784061e+00 -1.103406e+00 
 8.784384e+00 -1.103407e+00 
 8.784707e+00 -1.103408e+00 
 8.785030e+00 -1.103409e+00 
 8.785353e+00 -1.103410e+00 
 8.785676e+00 -1.103411e+00 
 8.785999e+00 -1.103412e+00 
 8.786322e+00 -1.103414e+00 
 8.786645e+00 -1.103417e+00 
 8.786968e+00 -1.103420e+00 
 8.787291e+00 -1.103422e+00 
 8.787614e+00 -1.103425e+00 
 8.787937e+00 -1.103427e+00 
 8.788260e+00 -1.103429e+00 
 8.788583e+00 -1.103432e+00 
 8.788906e+00 -1.103434e+00 
 8.789229e+00 -1.103436e+00 
 8.789552e+00 -1.103439e+00 
 8.789875e+00 -1.103442e+00 
 8.790198e+00 -1.103445e+00 
 8.790521e+00 -1.103449e+00 
 8.790844e+00 -1.103452e+00 
 8.791167e+00 -1.103454e+00 
 8.791490e+00 -1.103457e+00 
 8.791813e+00 -1.103461e+00 
 8.792136e+00 -1.103463e+00 
 8.792459e+00 -1.103466e+00 
 8.792782e+00 -1.103468e+00 
 8.793105e+00 -1.103470e+00 
 8.793428e+00 -1.103473e+00 
 8.793751e+00 -1.103476e+00 
 8.794074e+00 -1.103479e+00 
 8.794397e+00 -1.103481e+00 
 8.794720e+00 -1.103483e+00 
 8.795043e+00 -1.103486e+00 
 8.795366e+00 -1.103488e+00 
 8.795688e+00 -1.103489e+00 
 8.796011e+00 -1.103489e+00 
 8.796334e+00 -1.103488e+00 
 8.796657e+00 -1.103488e+00 
 8.796980e+00 -1.103489e+00 
 8.797303e+00 -1.103489e+00 
 8.797626e+00 -1.103489e+00 
 8.797949e+00 -1.103489e+00 
 8.798272e+00 -1.103490e+00 
 8.798595e+00 -1.103490e+00 
 8.798918e+00 -1.103491e+00 
 8.799241e+00 -1.103490e+00 
 8.799564e+00 -1.103490e+00 
 8.799887e+00 -1.103489e+00 
 8.800210e+00 -1.103487e+00 
 8.800533e+00 -1.103486e+00 
 8.800856e+00 -1.103484e+00 
 8.801179e+00 -1.103480e+00 
 8.801502e+00 -1.103477e+00 
 8.801825e+00 -1.103476e+00 
 8.802148e+00 -1.103475e+00 
 8.802471e+00 -1.103474e+00 
 8.802794e+00 -1.103474e+00 
 8.803117e+00 -1.103474e+00 
 8.803440e+00 -1.103473e+00 
 8.803763e+00 -1.103473e+00 
 8.804086e+00 -1.103472e+00 
 8.804409e+00 -1.103471e+00 
 8.804732e+00 -1.103469e+00 
 8.805055e+00 -1.103467e+00 
 8.805378e+00 -1.103467e+00 
 8.805701e+00 -1.103467e+00 
 8.806024e+00 -1.103467e+00 
 8.806347e+00 -1.103467e+00 
 8.806670e+00 -1.103468e+00 
 8.806993e+00 -1.103470e+00 
 8.807316e+00 -1.103473e+00 
 8.807639e+00 -1.103476e+00 
 8.807962e+00 -1.103478e+00 
 8.808285e+00 -1.103480e+00 
 8.808608e+00 -1.103482e+00 
 8.808931e+00 -1.103485e+00 
 8.809254e+00 -1.103487e+00 
 8.809577e+00 -1.103490e+00 
 8.809900e+00 -1.103492e+00 
 8.810223e+00 -1.103496e+00 
 8.810546e+00 -1.103501e+00 
 8.810869e+00 -1.103509e+00 
 8.811192e+00 -1.103516e+00 
 8.811515e+00 -1.103521e+00 
 8.811838e+00 -1.103527e+00 
 8.812161e+00 -1.103533e+00 
 8.812484e+00 -1.103540e+00 
 8.812807e+00 -1.103546e+00 
 8.813130e+00 -1.103552e+00 
 8.813453e+00 -1.103557e+00 
 8.813776e+00 -1.103563e+00 
 8.814099e+00 -1.103569e+00 
 8.814422e+00 -1.103575e+00 
 8.814745e+00 -1.103582e+00 
 8.815068e+00 -1.103589e+00 
 8.815391e+00 -1.103596e+00 
 8.815714e+00 -1.103605e+00 
 8.816037e+00 -1.103614e+00 
 8.816360e+00 -1.103623e+00 
 8.816683e+00 -1.103629e+00 
 8.817006e+00 -1.103635e+00 
 8.817329e+00 -1.103640e+00 
 8.817652e+00 -1.103646e+00 
 8.817975e+00 -1.103652e+00 
 8.818298e+00 -1.103657e+00 
 8.818621e+00 -1.103663e+00 
 8.818944e+00 -1.103668e+00 
 8.819267e+00 -1.103674e+00 
 8.819590e+00 -1.103680e+00 
 8.819913e+00 -1.103685e+00 
 8.820236e+00 -1.103690e+00 
 8.820559e+00 -1.103694e+00 
 8.820882e+00 -1.103699e+00 
 8.821205e+00 -1.103704e+00 
 8.821528e+00 -1.103708e+00 
 8.821851e+00 -1.103711e+00 
 8.822174e+00 -1.103713e+00 
 8.822497e+00 -1.103716e+00 
 8.822820e+00 -1.103719e+00 
 8.823143e+00 -1.103723e+00 
 8.823466e+00 -1.103726e+00 
 8.823789e+00 -1.103728e+00 
 8.824112e+00 -1.103730e+00 
 8.824435e+00 -1.103732e+00 
 8.824758e+00 -1.103734e+00 
 8.825081e+00 -1.103735e+00 
 8.825404e+00 -1.103735e+00 
 8.825727e+00 -1.103736e+00 
 8.826050e+00 -1.103738e+00 
 8.826373e+00 -1.103741e+00 
 8.826696e+00 -1.103743e+00 
 8.827019e+00 -1.103745e+00 
 8.827342e+00 -1.103746e+00 
 8.827665e+00 -1.103749e+00 
 8.827988e+00 -1.103751e+00 
 8.828311e+00 -1.103753e+00 
 8.828634e+00 -1.103754e+00 
 8.828957e+00 -1.103755e+00 
 8.829280e+00 -1.103756e+00 
 8.829603e+00 -1.103758e+00 
 8.829926e+00 -1.103760e+00 
 8.830249e+00 -1.103761e+00 
 8.830572e+00 -1.103763e+00 
 8.830895e+00 -1.103765e+00 
 8.831217e+00 -1.103770e+00 
 8.831540e+00 -1.103775e+00 
 8.831863e+00 -1.103780e+00 
 8.832186e+00 -1.103783e+00 
 8.832509e+00 -1.103786e+00 
 8.832832e+00 -1.103790e+00 
 8.833155e+00 -1.103793e+00 
 8.833478e+00 -1.103796e+00 
 8.833801e+00 -1.103799e+00 
 8.834124e+00 -1.103802e+00 
 8.834447e+00 -1.103806e+00 
 8.834770e+00 -1.103810e+00 
 8.835093e+00 -1.103816e+00 
 8.835416e+00 -1.103821e+00 
 8.835739e+00 -1.103825e+00 
 8.836062e+00 -1.103830e+00 
 8.836385e+00 -1.103836e+00 
 8.836708e+00 -1.103842e+00 
 8.837031e+00 -1.103846e+00 
 8.837354e+00 -1.103849e+00 
 8.837677e+00 -1.103852e+00 
 8.838000e+00 -1.103855e+00 
 8.838323e+00 -1.103858e+00 
 8.838646e+00 -1.103862e+00 
 8.838969e+00 -1.103866e+00 
 8.839292e+00 -1.103869e+00 
 8.839615e+00 -1.103873e+00 
 8.839938e+00 -1.103878e+00 
 8.840261e+00 -1.103883e+00 
 8.840584e+00 -1.103886e+00 
 8.840907e+00 -1.103887e+00 
 8.841230e+00 -1.103887e+00 
 8.841553e+00 -1.103889e+00 
 8.841876e+00 -1.103890e+00 
 8.842199e+00 -1.103891e+00 
 8.842522e+00 -1.103890e+00 
 8.842845e+00 -1.103890e+00 
 8.843168e+00 -1.103890e+00 
 8.843491e+00 -1.103891e+00 
 8.843814e+00 -1.103891e+00 
 8.844137e+00 -1.103892e+00 
 8.844460e+00 -1.103891e+00 
 8.844783e+00 -1.103891e+00 
 8.845106e+00 -1.103891e+00 
 8.845429e+00 -1.103890e+00 
 8.845752e+00 -1.103887e+00 
 8.846075e+00 -1.103882e+00 
 8.846398e+00 -1.103878e+00 
 8.846721e+00 -1.103875e+00 
 8.847044e+00 -1.103873e+00 
 8.847367e+00 -1.103871e+00 
 8.847690e+00 -1.103867e+00 
 8.848013e+00 -1.103864e+00 
 8.848336e+00 -1.103862e+00 
 8.848659e+00 -1.103860e+00 
 8.848982e+00 -1.103858e+00 
 8.849305e+00 -1.103855e+00 
 8.849628e+00 -1.103852e+00 
 8.849951e+00 -1.103848e+00 
 8.850274e+00 -1.103846e+00 
 8.850597e+00 -1.103844e+00 
 8.850920e+00 -1.103840e+00 
 8.851243e+00 -1.103836e+00 
 8.851566e+00 -1.103832e+00 
 8.851889e+00 -1.103831e+00 
 8.852212e+00 -1.103830e+00 
 8.852535e+00 -1.103829e+00 
 8.852858e+00 -1.103827e+00 
 8.853181e+00 -1.103825e+00 
 8.853504e+00 -1.103824e+00 
 8.853827e+00 -1.103823e+00 
 8.854150e+00 -1.103822e+00 
 8.854473e+00 -1.103822e+00 
 8.854796e+00 -1.103821e+00 
 8.855119e+00 -1.103821e+00 
 8.855442e+00 -1.103823e+00 
 8.855765e+00 -1.103825e+00 
 8.856088e+00 -1.103826e+00 
 8.856411e+00 -1.103825e+00 
 8.856734e+00 -1.103826e+00 
 8.857057e+00 -1.103827e+00 
 8.857380e+00 -1.103829e+00 
 8.857703e+00 -1.103830e+00 
 8.858026e+00 -1.103831e+00 
 8.858349e+00 -1.103832e+00 
 8.858672e+00 -1.103834e+00 
 8.858995e+00 -1.103836e+00 
 8.859318e+00 -1.103839e+00 
 8.859641e+00 -1.103842e+00 
 8.859964e+00 -1.103844e+00 
 8.860287e+00 -1.103847e+00 
 8.860610e+00 -1.103850e+00 
 8.860933e+00 -1.103853e+00 
 8.861256e+00 -1.103855e+00 
 8.861579e+00 -1.103854e+00 
 8.861902e+00 -1.103854e+00 
 8.862225e+00 -1.103855e+00 
 8.862548e+00 -1.103856e+00 
 8.862871e+00 -1.103857e+00 
 8.863194e+00 -1.103858e+00 
 8.863517e+00 -1.103859e+00 
 8.863840e+00 -1.103861e+00 
 8.864163e+00 -1.103863e+00 
 8.864486e+00 -1.103864e+00 
 8.864809e+00 -1.103865e+00 
 8.865132e+00 -1.103864e+00 
 8.865455e+00 -1.103864e+00 
 8.865778e+00 -1.103862e+00 
 8.866101e+00 -1.103860e+00 
 8.866423e+00 -1.103856e+00 
 8.866746e+00 -1.103852e+00 
 8.867069e+00 -1.103849e+00 
 8.867392e+00 -1.103848e+00 
 8.867715e+00 -1.103847e+00 
 8.868038e+00 -1.103846e+00 
 8.868361e+00 -1.103845e+00 
 8.868684e+00 -1.103844e+00 
 8.869007e+00 -1.103842e+00 
 8.869330e+00 -1.103841e+00 
 8.869653e+00 -1.103838e+00 
 8.869976e+00 -1.103834e+00 
 8.870299e+00 -1.103829e+00 
 8.870622e+00 -1.103825e+00 
 8.870945e+00 -1.103820e+00 
 8.871268e+00 -1.103817e+00 
 8.871591e+00 -1.103813e+00 
 8.871914e+00 -1.103810e+00 
 8.872237e+00 -1.103809e+00 
 8.872560e+00 -1.103808e+00 
 8.872883e+00 -1.103809e+00 
 8.873206e+00 -1.103809e+00 
 8.873529e+00 -1.103808e+00 
 8.873852e+00 -1.103807e+00 
 8.874175e+00 -1.103805e+00 
 8.874498e+00 -1.103804e+00 
 8.874821e+00 -1.103803e+00 
 8.875144e+00 -1.103802e+00 
 8.875467e+00 -1.103801e+00 
 8.875790e+00 -1.103802e+00 
 8.876113e+00 -1.103803e+00 
 8.876436e+00 -1.103806e+00 
 8.876759e+00 -1.103809e+00 
 8.877082e+00 -1.103812e+00 
 8.877405e+00 -1.103816e+00 
 8.877728e+00 -1.103821e+00 
 8.878051e+00 -1.103826e+00 
 8.878374e+00 -1.103830e+00 
 8.878697e+00 -1.103834e+00 
 8.879020e+00 -1.103838e+00 
 8.879343e+00 -1.103842e+00 
 8.879666e+00 -1.103848e+00 
 8.879989e+00 -1.103854e+00 
 8.880312e+00 -1.103860e+00 
 8.880635e+00 -1.103868e+00 
 8.880958e+00 -1.103876e+00 
 8.881281e+00 -1.103885e+00 
 8.881604e+00 -1.103893e+00 
 8.881927e+00 -1.103901e+00 
 8.882250e+00 -1.103908e+00 
 8.882573e+00 -1.103916e+00 
 8.882896e+00 -1.103924e+00 
 8.883219e+00 -1.103932e+00 
 8.883542e+00 -1.103940e+00 
 8.883865e+00 -1.103948e+00 
 8.884188e+00 -1.103956e+00 
 8.884511e+00 -1.103965e+00 
 8.884834e+00 -1.103974e+00 
 8.885157e+00 -1.103983e+00 
 8.885480e+00 -1.103991e+00 
 8.885803e+00 -1.103999e+00 
 8.886126e+00 -1.104007e+00 
 8.886449e+00 -1.104014e+00 
 8.886772e+00 -1.104021e+00 
 8.887095e+00 -1.104027e+00 
 8.887418e+00 -1.104033e+00 
 8.887741e+00 -1.104040e+00 
 8.888064e+00 -1.104047e+00 
 8.888387e+00 -1.104054e+00 
 8.888710e+00 -1.104060e+00 
 8.889033e+00 -1.104066e+00 
 8.889356e+00 -1.104072e+00 
 8.889679e+00 -1.104077e+00 
 8.890002e+00 -1.104082e+00 
 8.890325e+00 -1.104086e+00 
 8.890648e+00 -1.104088e+00 
 8.890971e+00 -1.104091e+00 
 8.891294e+00 -1.104094e+00 
 8.891617e+00 -1.104097e+00 
 8.891940e+00 -1.104100e+00 
 8.892263e+00 -1.104103e+00 
 8.892586e+00 -1.104106e+00 
 8.892909e+00 -1.104110e+00 
 8.893232e+00 -1.104114e+00 
 8.893555e+00 -1.104118e+00 
 8.893878e+00 -1.104121e+00 
 8.894201e+00 -1.104122e+00 
 8.894524e+00 -1.104124e+00 
 8.894847e+00 -1.104124e+00 
 8.895170e+00 -1.104125e+00 
 8.895493e+00 -1.104126e+00 
 8.895816e+00 -1.104126e+00 
 8.896139e+00 -1.104127e+00 
 8.896462e+00 -1.104130e+00 
 8.896785e+00 -1.104134e+00 
 8.897108e+00 -1.104137e+00 
 8.897431e+00 -1.104141e+00 
 8.897754e+00 -1.104144e+00 
 8.898077e+00 -1.104148e+00 
 8.898400e+00 -1.104152e+00 
 8.898723e+00 -1.104155e+00 
 8.899046e+00 -1.104158e+00 
 8.899369e+00 -1.104159e+00 
 8.899692e+00 -1.104162e+00 
 8.900015e+00 -1.104165e+00 
 8.900338e+00 -1.104169e+00 
 8.900661e+00 -1.104173e+00 
 8.900984e+00 -1.104178e+00 
 8.901307e+00 -1.104183e+00 
 8.901629e+00 -1.104190e+00 
 8.901952e+00 -1.104196e+00 
 8.902275e+00 -1.104203e+00 
 8.902598e+00 -1.104208e+00 
 8.902921e+00 -1.104214e+00 
 8.903244e+00 -1.104219e+00 
 8.903567e+00 -1.104225e+00 
 8.903890e+00 -1.104231e+00 
 8.904213e+00 -1.104236e+00 
 8.904536e+00 -1.104241e+00 
 8.904859e+00 -1.104247e+00 
 8.905182e+00 -1.104254e+00 
 8.905505e+00 -1.104262e+00 
 8.905828e+00 -1.104270e+00 
 8.906151e+00 -1.104277e+00 
 8.906474e+00 -1.104283e+00 
 8.906797e+00 -1.104291e+00 
 8.907120e+00 -1.104298e+00 
 8.907443e+00 -1.104303e+00 
 8.907766e+00 -1.104308e+00 
 8.908089e+00 -1.104313e+00 
 8.908412e+00 -1.104319e+00 
 8.908735e+00 -1.104324e+00 
 8.909058e+00 -1.104329e+00 
 8.909381e+00 -1.104334e+00 
 8.909704e+00 -1.104339e+00 
 8.910027e+00 -1.104344e+00 
 8.910350e+00 -1.104350e+00 
 8.910673e+00 -1.104355e+00 
 8.910996e+00 -1.104361e+00 
 8.911319e+00 -1.104364e+00 
 8.911642e+00 -1.104368e+00 
 8.911965e+00 -1.104371e+00 
 8.912288e+00 -1.104374e+00 
 8.912611e+00 -1.104376e+00 
 8.912934e+00 -1.104378e+00 
 8.913257e+00 -1.104380e+00 
 8.913580e+00 -1.104382e+00 
 8.913903e+00 -1.104384e+00 
 8.914226e+00 -1.104386e+00 
 8.914549e+00 -1.104387e+00 
 8.914872e+00 -1.104388e+00 
 8.915195e+00 -1.104389e+00 
 8.915518e+00 -1.104390e+00 
 8.915841e+00 -1.104393e+00 
 8.916164e+00 -1.104396e+00 
 8.916487e+00 -1.104397e+00 
 8.916810e+00 -1.104397e+00 
 8.917133e+00 -1.104398e+00 
 8.917456e+00 -1.104399e+00 
 8.917779e+00 -1.104400e+00 
 8.918102e+00 -1.104400e+00 
 8.918425e+00 -1.104400e+00 
 8.918748e+00 -1.104400e+00 
 8.919071e+00 -1.104400e+00 
 8.919394e+00 -1.104401e+00 
 8.919717e+00 -1.104402e+00 
 8.920040e+00 -1.104403e+00 
 8.920363e+00 -1.104404e+00 
 8.920686e+00 -1.104406e+00 
 8.921009e+00 -1.104410e+00 
 8.921332e+00 -1.104414e+00 
 8.921655e+00 -1.104417e+00 
 8.921978e+00 -1.104418e+00 
 8.922301e+00 -1.104421e+00 
 8.922624e+00 -1.104423e+00 
 8.922947e+00 -1.104425e+00 
 8.923270e+00 -1.104427e+00 
 8.923593e+00 -1.104429e+00 
 8.923916e+00 -1.104431e+00 
 8.924239e+00 -1.104434e+00 
 8.924562e+00 -1.104438e+00 
 8.924885e+00 -1.104442e+00 
 8.925208e+00 -1.104445e+00 
 8.925531e+00 -1.104449e+00 
 8.925854e+00 -1.104453e+00 
 8.926177e+00 -1.104459e+00 
 8.926500e+00 -1.104465e+00 
 8.926823e+00 -1.104468e+00 
 8.927146e+00 -1.104471e+00 
 8.927469e+00 -1.104475e+00 
 8.927792e+00 -1.104478e+00 
 8.928115e+00 -1.104481e+00 
 8.928438e+00 -1.104484e+00 
 8.928761e+00 -1.104488e+00 
 8.929084e+00 -1.104493e+00 
 8.929407e+00 -1.104498e+00 
 8.929730e+00 -1.104503e+00 
 8.930053e+00 -1.104507e+00 
 8.930376e+00 -1.104510e+00 
 8.930699e+00 -1.104512e+00 
 8.931022e+00 -1.104514e+00 
 8.931345e+00 -1.104518e+00 
 8.931668e+00 -1.104521e+00 
 8.931991e+00 -1.104522e+00 
 8.932314e+00 -1.104524e+00 
 8.932637e+00 -1.104526e+00 
 8.932960e+00 -1.104529e+00 
 8.933283e+00 -1.104531e+00 
 8.933606e+00 -1.104534e+00 
 8.933929e+00 -1.104536e+00 
 8.934252e+00 -1.104539e+00 
 8.934575e+00 -1.104541e+00 
 8.934898e+00 -1.104543e+00 
 8.935221e+00 -1.104544e+00 
 8.935544e+00 -1.104545e+00 
 8.935867e+00 -1.104544e+00 
 8.936190e+00 -1.104544e+00 
 8.936513e+00 -1.104546e+00 
 8.936836e+00 -1.104548e+00 
 8.937158e+00 -1.104549e+00 
 8.937481e+00 -1.104551e+00 
 8.937804e+00 -1.104553e+00 
 8.938127e+00 -1.104555e+00 
 8.938450e+00 -1.104557e+00 
 8.938773e+00 -1.104559e+00 
 8.939096e+00 -1.104561e+00 
 8.939419e+00 -1.104563e+00 
 8.939742e+00 -1.104565e+00 
 8.940065e+00 -1.104568e+00 
 8.940388e+00 -1.104571e+00 
 8.940711e+00 -1.104575e+00 
 8.941034e+00 -1.104578e+00 
 8.941357e+00 -1.104581e+00 
 8.941680e+00 -1.104587e+00 
 8.942003e+00 -1.104593e+00 
 8.942326e+00 -1.104599e+00 
 8.942649e+00 -1.104603e+00 
 8.942972e+00 -1.104609e+00 
 8.943295e+00 -1.104614e+00 
 8.943618e+00 -1.104620e+00 
 8.943941e+00 -1.104626e+00 
 8.944264e+00 -1.104633e+00 
 8.944587e+00 -1.104640e+00 
 8.944910e+00 -1.104649e+00 
 8.945233e+00 -1.104659e+00 
 8.945556e+00 -1.104669e+00 
 8.945879e+00 -1.104681e+00 
 8.946202e+00 -1.104691e+00 
 8.946525e+00 -1.104701e+00 
 8.946848e+00 -1.104711e+00 
 8.947171e+00 -1.104722e+00 
 8.947494e+00 -1.104731e+00 
 8.947817e+00 -1.104740e+00 
 8.948140e+00 -1.104750e+00 
 8.948463e+00 -1.104760e+00 
 8.948786e+00 -1.104771e+00 
 8.949109e+00 -1.104783e+00 
 8.949432e+00 -1.104796e+00 
 8.949755e+00 -1.104808e+00 
 8.950078e+00 -1.104822e+00 
 8.950401e+00 -1.104835e+00 
 8.950724e+00 -1.104848e+00 
 8.951047e+00 -1.104861e+00 
 8.951370e+00 -1.104871e+00 
 8.951693e+00 -1.104881e+00 
 8.952016e+00 -1.104891e+00 
 8.952339e+00 -1.104901e+00 
 8.952662e+00 -1.104910e+00 
 8.952985e+00 -1.104919e+00 
 8.953308e+00 -1.104930e+00 
 8.953631e+00 -1.104941e+00 
 8.953954e+00 -1.104952e+00 
 8.954277e+00 -1.104963e+00 
 8.954600e+00 -1.104973e+00 
 8.954923e+00 -1.104983e+00 
 8.955246e+00 -1.104991e+00 
 8.955569e+00 -1.104999e+00 
 8.955892e+00 -1.105006e+00 
 8.956215e+00 -1.105013e+00 
 8.956538e+00 -1.105018e+00 
 8.956861e+00 -1.105022e+00 
 8.957184e+00 -1.105027e+00 
 8.957507e+00 -1.105033e+00 
 8.957830e+00 -1.105039e+00 
 8.958153e+00 -1.105045e+00 
 8.958476e+00 -1.105052e+00 
 8.958799e+00 -1.105058e+00 
 8.959122e+00 -1.105063e+00 
 8.959445e+00 -1.105068e+00 
 8.959768e+00 -1.105071e+00 
 8.960091e+00 -1.105073e+00 
 8.960414e+00 -1.105074e+00 
 8.960737e+00 -1.105075e+00 
 8.961060e+00 -1.105077e+00 
 8.961383e+00 -1.105080e+00 
 8.961706e+00 -1.105082e+00 
 8.962029e+00 -1.105085e+00 
 8.962352e+00 -1.105089e+00 
 8.962675e+00 -1.105093e+00 
 8.962998e+00 -1.105096e+00 
 8.963321e+00 -1.105099e+00 
 8.963644e+00 -1.105102e+00 
 8.963967e+00 -1.105105e+00 
 8.964290e+00 -1.105107e+00 
 8.964613e+00 -1.105109e+00 
 8.964936e+00 -1.105110e+00 
 8.965259e+00 -1.105112e+00 
 8.965582e+00 -1.105114e+00 
 8.965905e+00 -1.105117e+00 
 8.966228e+00 -1.105122e+00 
 8.966551e+00 -1.105127e+00 
 8.966874e+00 -1.105132e+00 
 8.967197e+00 -1.105137e+00 
 8.967520e+00 -1.105142e+00 
 8.967843e+00 -1.105148e+00 
 8.968166e+00 -1.105152e+00 
 8.968489e+00 -1.105157e+00 
 8.968812e+00 -1.105161e+00 
 8.969135e+00 -1.105166e+00 
 8.969458e+00 -1.105170e+00 
 8.969781e+00 -1.105176e+00 
 8.970104e+00 -1.105182e+00 
 8.970427e+00 -1.105188e+00 
 8.970750e+00 -1.105195e+00 
 8.971073e+00 -1.105202e+00 
 8.971396e+00 -1.105210e+00 
 8.971719e+00 -1.105218e+00 
 8.972042e+00 -1.105224e+00 
 8.972364e+00 -1.105230e+00 
 8.972687e+00 -1.105236e+00 
 8.973010e+00 -1.105242e+00 
 8.973333e+00 -1.105247e+00 
 8.973656e+00 -1.105253e+00 
 8.973979e+00 -1.105259e+00 
 8.974302e+00 -1.105265e+00 
 8.974625e+00 -1.105272e+00 
 8.974948e+00 -1.105279e+00 
 8.975271e+00 -1.105286e+00 
 8.975594e+00 -1.105291e+00 
 8.975917e+00 -1.105295e+00 
 8.976240e+00 -1.105300e+00 
 8.976563e+00 -1.105304e+00 
 8.976886e+00 -1.105307e+00 
 8.977209e+00 -1.105310e+00 
 8.977532e+00 -1.105313e+00 
 8.977855e+00 -1.105316e+00 
 8.978178e+00 -1.105319e+00 
 8.978501e+00 -1.105321e+00 
 8.978824e+00 -1.105324e+00 
 8.979147e+00 -1.105327e+00 
 8.979470e+00 -1.105329e+00 
 8.979793e+00 -1.105331e+00 
 8.980116e+00 -1.105332e+00 
 8.980439e+00 -1.105332e+00 
 8.980762e+00 -1.105331e+00 
 8.981085e+00 -1.105329e+00 
 8.981408e+00 -1.105327e+00 
 8.981731e+00 -1.105326e+00 
 8.982054e+00 -1.105325e+00 
 8.982377e+00 -1.105324e+00 
 8.982700e+00 -1.105323e+00 
 8.983023e+00 -1.105322e+00 
 8.983346e+00 -1.105321e+00 
 8.983669e+00 -1.105320e+00 
 8.983992e+00 -1.105319e+00 
 8.984315e+00 -1.105317e+00 
 8.984638e+00 -1.105316e+00 
 8.984961e+00 -1.105313e+00 
 8.985284e+00 -1.105311e+00 
 8.985607e+00 -1.105308e+00 
 8.985930e+00 -1.105305e+00 
 8.986253e+00 -1.105302e+00 
 8.986576e+00 -1.105300e+00 
 8.986899e+00 -1.105299e+00 
 8.987222e+00 -1.105300e+00 
 8.987545e+00 -1.105300e+00 
 8.987868e+00 -1.105300e+00 
 8.988191e+00 -1.105300e+00 
 8.988514e+00 -1.105300e+00 
 8.988837e+00 -1.105301e+00 
 8.989160e+00 -1.105301e+00 
 8.989483e+00 -1.105301e+00 
 8.989806e+00 -1.105301e+00 
 8.990129e+00 -1.105302e+00 
 8.990452e+00 -1.105304e+00 
 8.990775e+00 -1.105307e+00 
 8.991098e+00 -1.105309e+00 
 8.991421e+00 -1.105312e+00 
 8.991744e+00 -1.105315e+00 
 8.992067e+00 -1.105320e+00 
 8.992390e+00 -1.105324e+00 
 8.992713e+00 -1.105329e+00 
 8.993036e+00 -1.105333e+00 
 8.993359e+00 -1.105337e+00 
 8.993682e+00 -1.105343e+00 
 8.994005e+00 -1.105348e+00 
 8.994328e+00 -1.105353e+00 
 8.994651e+00 -1.105359e+00 
 8.994974e+00 -1.105365e+00 
 8.995297e+00 -1.105371e+00 
 8.995620e+00 -1.105379e+00 
 8.995943e+00 -1.105386e+00 
 8.996266e+00 -1.105392e+00 
 8.996589e+00 -1.105399e+00 
 8.996912e+00 -1.105405e+00 
 8.997235e+00 -1.105412e+00 
 8.997558e+00 -1.105420e+00 
 8.997881e+00 -1.105427e+00 
 8.998204e+00 -1.105433e+00 
 8.998527e+00 -1.105440e+00 
 8.998850e+00 -1.105447e+00 
 8.999173e+00 -1.105454e+00 
 8.999496e+00 -1.105461e+00 
 8.999819e+00 -1.105467e+00 
 9.000142e+00 -1.105474e+00 
 9.000465e+00 -1.105480e+00 
 9.000788e+00 -1.105487e+00 
 9.001111e+00 -1.105494e+00 
 9.001434e+00 -1.105499e+00 
 9.001757e+00 -1.105504e+00 
 9.002080e+00 -1.105510e+00 
 9.002403e+00 -1.105515e+00 
 9.002726e+00 -1.105521e+00 
 9.003049e+00 -1.105527e+00 
 9.003372e+00 -1.105532e+00 
 9.003695e+00 -1.105537e+00 
 9.004018e+00 -1.105541e+00 
 9.004341e+00 -1.105546e+00 
 9.004664e+00 -1.105550e+00 
 9.004987e+00 -1.105553e+00 
 9.005310e+00 -1.105557e+00 
 9.005633e+00 -1.105560e+00 
 9.005956e+00 -1.105565e+00 
 9.006279e+00 -1.105569e+00 
 9.006602e+00 -1.105573e+00 
 9.006925e+00 -1.105576e+00 
 9.007248e+00 -1.105581e+00 
 9.007570e+00 -1.105585e+00 
 9.007893e+00 -1.105590e+00 
 9.008216e+00 -1.105594e+00 
 9.008539e+00 -1.105597e+00 
 9.008862e+00 -1.105600e+00 
 9.009185e+00 -1.105604e+00 
 9.009508e+00 -1.105607e+00 
 9.009831e+00 -1.105611e+00 
 9.010154e+00 -1.105615e+00 
 9.010477e+00 -1.105619e+00 
 9.010800e+00 -1.105622e+00 
 9.011123e+00 -1.105627e+00 
 9.011446e+00 -1.105633e+00 
 9.011769e+00 -1.105638e+00 
 9.012092e+00 -1.105643e+00 
 9.012415e+00 -1.105649e+00 
 9.012738e+00 -1.105655e+00 
 9.013061e+00 -1.105661e+00 
 9.013384e+00 -1.105667e+00 
 9.013707e+00 -1.105673e+00 
 9.014030e+00 -1.105679e+00 
 9.014353e+00 -1.105685e+00 
 9.014676e+00 -1.105692e+00 
 9.014999e+00 -1.105699e+00 
 9.015322e+00 -1.105706e+00 
 9.015645e+00 -1.105713e+00 
 9.015968e+00 -1.105719e+00 
 9.016291e+00 -1.105726e+00 
 9.016614e+00 -1.105735e+00 
 9.016937e+00 -1.105743e+00 
 9.017260e+00 -1.105750e+00 
 9.017583e+00 -1.105758e+00 
 9.017906e+00 -1.105767e+00 
 9.018229e+00 -1.105775e+00 
 9.018552e+00 -1.105784e+00 
 9.018875e+00 -1.105792e+00 
 9.019198e+00 -1.105801e+00 
 9.019521e+00 -1.105810e+00 
 9.019844e+00 -1.105819e+00 
 9.020167e+00 -1.105828e+00 
 9.020490e+00 -1.105837e+00 
 9.020813e+00 -1.105845e+00 
 9.021136e+00 -1.105852e+00 
 9.021459e+00 -1.105860e+00 
 9.021782e+00 -1.105868e+00 
 9.022105e+00 -1.105877e+00 
 9.022428e+00 -1.105884e+00 
 9.022751e+00 -1.105893e+00 
 9.023074e+00 -1.105902e+00 
 9.023397e+00 -1.105910e+00 
 9.023720e+00 -1.105919e+00 
 9.024043e+00 -1.105926e+00 
 9.024366e+00 -1.105934e+00 
 9.024689e+00 -1.105941e+00 
 9.025012e+00 -1.105949e+00 
 9.025335e+00 -1.105956e+00 
 9.025658e+00 -1.105964e+00 
 9.025981e+00 -1.105971e+00 
 9.026304e+00 -1.105977e+00 
 9.026627e+00 -1.105984e+00 
 9.026950e+00 -1.105991e+00 
 9.027273e+00 -1.105998e+00 
 9.027596e+00 -1.106004e+00 
 9.027919e+00 -1.106011e+00 
 9.028242e+00 -1.106018e+00 
 9.028565e+00 -1.106024e+00 
 9.028888e+00 -1.106030e+00 
 9.029211e+00 -1.106036e+00 
 9.029534e+00 -1.106042e+00 
 9.029857e+00 -1.106048e+00 
 9.030180e+00 -1.106055e+00 
 9.030503e+00 -1.106062e+00 
 9.030826e+00 -1.106069e+00 
 9.031149e+00 -1.106075e+00 
 9.031472e+00 -1.106080e+00 
 9.031795e+00 -1.106085e+00 
 9.032118e+00 -1.106092e+00 
 9.032441e+00 -1.106098e+00 
 9.032764e+00 -1.106104e+00 
 9.033087e+00 -1.106111e+00 
 9.033410e+00 -1.106117e+00 
 9.033733e+00 -1.106123e+00 
 9.034056e+00 -1.106129e+00 
 9.034379e+00 -1.106136e+00 
 9.034702e+00 -1.106142e+00 
 9.035025e+00 -1.106149e+00 
 9.035348e+00 -1.106157e+00 
 9.035671e+00 -1.106164e+00 
 9.035994e+00 -1.106171e+00 
 9.036317e+00 -1.106178e+00 
 9.036640e+00 -1.106183e+00 
 9.036963e+00 -1.106189e+00 
 9.037286e+00 -1.106196e+00 
 9.037609e+00 -1.106203e+00 
 9.037932e+00 -1.106210e+00 
 9.038255e+00 -1.106217e+00 
 9.038578e+00 -1.106225e+00 
 9.038901e+00 -1.106233e+00 
 9.039224e+00 -1.106241e+00 
 9.039547e+00 -1.106248e+00 
 9.039870e+00 -1.106255e+00 
 9.040193e+00 -1.106262e+00 
 9.040516e+00 -1.106269e+00 
 9.040839e+00 -1.106276e+00 
 9.041162e+00 -1.106283e+00 
 9.041485e+00 -1.106289e+00 
 9.041808e+00 -1.106294e+00 
 9.042131e+00 -1.106301e+00 
 9.042454e+00 -1.106309e+00 
 9.042777e+00 -1.106317e+00 
 9.043099e+00 -1.106324e+00 
 9.043422e+00 -1.106331e+00 
 9.043745e+00 -1.106339e+00 
 9.044068e+00 -1.106345e+00 
 9.044391e+00 -1.106352e+00 
 9.044714e+00 -1.106357e+00 
 9.045037e+00 -1.106362e+00 
 9.045360e+00 -1.106367e+00 
 9.045683e+00 -1.106373e+00 
 9.046006e+00 -1.106380e+00 
 9.046329e+00 -1.106387e+00 
 9.046652e+00 -1.106393e+00 
 9.046975e+00 -1.106398e+00 
 9.047298e+00 -1.106405e+00 
 9.047621e+00 -1.106412e+00 
 9.047944e+00 -1.106418e+00 
 9.048267e+00 -1.106424e+00 
 9.048590e+00 -1.106430e+00 
 9.048913e+00 -1.106435e+00 
 9.049236e+00 -1.106440e+00 
 9.049559e+00 -1.106445e+00 
 9.049882e+00 -1.106450e+00 
 9.050205e+00 -1.106454e+00 
 9.050528e+00 -1.106460e+00 
 9.050851e+00 -1.106468e+00 
 9.051174e+00 -1.106475e+00 
 9.051497e+00 -1.106483e+00 
 9.051820e+00 -1.106489e+00 
 9.052143e+00 -1.106496e+00 
 9.052466e+00 -1.106502e+00 
 9.052789e+00 -1.106509e+00 
 9.053112e+00 -1.106515e+00 
 9.053435e+00 -1.106521e+00 
 9.053758e+00 -1.106527e+00 
 9.054081e+00 -1.106532e+00 
 9.054404e+00 -1.106539e+00 
 9.054727e+00 -1.106546e+00 
 9.055050e+00 -1.106554e+00 
 9.055373e+00 -1.106562e+00 
 9.055696e+00 -1.106571e+00 
 9.056019e+00 -1.106581e+00 
 9.056342e+00 -1.106591e+00 
 9.056665e+00 -1.106600e+00 
 9.056988e+00 -1.106607e+00 
 9.057311e+00 -1.106614e+00 
 9.057634e+00 -1.106622e+00 
 9.057957e+00 -1.106630e+00 
 9.058280e+00 -1.106638e+00 
 9.058603e+00 -1.106647e+00 
 9.058926e+00 -1.106656e+00 
 9.059249e+00 -1.106666e+00 
 9.059572e+00 -1.106676e+00 
 9.059895e+00 -1.106686e+00 
 9.060218e+00 -1.106696e+00 
 9.060541e+00 -1.106706e+00 
 9.060864e+00 -1.106714e+00 
 9.061187e+00 -1.106724e+00 
 9.061510e+00 -1.106734e+00 
 9.061833e+00 -1.106742e+00 
 9.062156e+00 -1.106750e+00 
 9.062479e+00 -1.106759e+00 
 9.062802e+00 -1.106768e+00 
 9.063125e+00 -1.106778e+00 
 9.063448e+00 -1.106788e+00 
 9.063771e+00 -1.106798e+00 
 9.064094e+00 -1.106808e+00 
 9.064417e+00 -1.106818e+00 
 9.064740e+00 -1.106828e+00 
 9.065063e+00 -1.106837e+00 
 9.065386e+00 -1.106846e+00 
 9.065709e+00 -1.106853e+00 
 9.066032e+00 -1.106859e+00 
 9.066355e+00 -1.106867e+00 
 9.066678e+00 -1.106876e+00 
 9.067001e+00 -1.106884e+00 
 9.067324e+00 -1.106893e+00 
 9.067647e+00 -1.106902e+00 
 9.067970e+00 -1.106911e+00 
 9.068293e+00 -1.106921e+00 
 9.068616e+00 -1.106931e+00 
 9.068939e+00 -1.106940e+00 
 9.069262e+00 -1.106948e+00 
 9.069585e+00 -1.106956e+00 
 9.069908e+00 -1.106964e+00 
 9.070231e+00 -1.106971e+00 
 9.070554e+00 -1.106979e+00 
 9.070877e+00 -1.106985e+00 
 9.071200e+00 -1.106993e+00 
 9.071523e+00 -1.107003e+00 
 9.071846e+00 -1.107014e+00 
 9.072169e+00 -1.107025e+00 
 9.072492e+00 -1.107034e+00 
 9.072815e+00 -1.107044e+00 
 9.073138e+00 -1.107054e+00 
 9.073461e+00 -1.107064e+00 
 9.073784e+00 -1.107074e+00 
 9.074107e+00 -1.107083e+00 
 9.074430e+00 -1.107093e+00 
 9.074753e+00 -1.107103e+00 
 9.075076e+00 -1.107114e+00 
 9.075399e+00 -1.107126e+00 
 9.075722e+00 -1.107139e+00 
 9.076045e+00 -1.107153e+00 
 9.076368e+00 -1.107165e+00 
 9.076691e+00 -1.107180e+00 
 9.077014e+00 -1.107194e+00 
 9.077337e+00 -1.107208e+00 
 9.077660e+00 -1.107220e+00 
 9.077983e+00 -1.107233e+00 
 9.078305e+00 -1.107247e+00 
 9.078628e+00 -1.107260e+00 
 9.078951e+00 -1.107274e+00 
 9.079274e+00 -1.107288e+00 
 9.079597e+00 -1.107302e+00 
 9.079920e+00 -1.107318e+00 
 9.080243e+00 -1.107335e+00 
 9.080566e+00 -1.107352e+00 
 9.080889e+00 -1.107373e+00 
 9.081212e+00 -1.107392e+00 
 9.081535e+00 -1.107408e+00 
 9.081858e+00 -1.107425e+00 
 9.082181e+00 -1.107441e+00 
 9.082504e+00 -1.107456e+00 
 9.082827e+00 -1.107471e+00 
 9.083150e+00 -1.107486e+00 
 9.083473e+00 -1.107502e+00 
 9.083796e+00 -1.107518e+00 
 9.084119e+00 -1.107535e+00 
 9.084442e+00 -1.107552e+00 
 9.084765e+00 -1.107570e+00 
 9.085088e+00 -1.107587e+00 
 9.085411e+00 -1.107604e+00 
 9.085734e+00 -1.107621e+00 
 9.086057e+00 -1.107640e+00 
 9.086380e+00 -1.107656e+00 
 9.086703e+00 -1.107670e+00 
 9.087026e+00 -1.107684e+00 
 9.087349e+00 -1.107698e+00 
 9.087672e+00 -1.107712e+00 
 9.087995e+00 -1.107725e+00 
 9.088318e+00 -1.107739e+00 
 9.088641e+00 -1.107752e+00 
 9.088964e+00 -1.107766e+00 
 9.089287e+00 -1.107780e+00 
 9.089610e+00 -1.107793e+00 
 9.089933e+00 -1.107804e+00 
 9.090256e+00 -1.107815e+00 
 9.090579e+00 -1.107825e+00 
 9.090902e+00 -1.107836e+00 
 9.091225e+00 -1.107849e+00 
 9.091548e+00 -1.107859e+00 
 9.091871e+00 -1.107868e+00 
 9.092194e+00 -1.107877e+00 
 9.092517e+00 -1.107886e+00 
 9.092840e+00 -1.107895e+00 
 9.093163e+00 -1.107903e+00 
 9.093486e+00 -1.107911e+00 
 9.093809e+00 -1.107919e+00 
 9.094132e+00 -1.107927e+00 
 9.094455e+00 -1.107935e+00 
 9.094778e+00 -1.107942e+00 
 9.095101e+00 -1.107947e+00 
 9.095424e+00 -1.107951e+00 
 9.095747e+00 -1.107955e+00 
 9.096070e+00 -1.107961e+00 
 9.096393e+00 -1.107970e+00 
 9.096716e+00 -1.107977e+00 
 9.097039e+00 -1.107983e+00 
 9.097362e+00 -1.107990e+00 
 9.097685e+00 -1.107996e+00 
 9.098008e+00 -1.108002e+00 
 9.098331e+00 -1.108007e+00 
 9.098654e+00 -1.108012e+00 
 9.098977e+00 -1.108017e+00 
 9.099300e+00 -1.108022e+00 
 9.099623e+00 -1.108028e+00 
 9.099946e+00 -1.108034e+00 
 9.100269e+00 -1.108039e+00 
 9.100592e+00 -1.108044e+00 
 9.100915e+00 -1.108050e+00 
 9.101238e+00 -1.108058e+00 
 9.101561e+00 -1.108068e+00 
 9.101884e+00 -1.108076e+00 
 9.102207e+00 -1.108083e+00 
 9.102530e+00 -1.108089e+00 
 9.102853e+00 -1.108096e+00 
 9.103176e+00 -1.108102e+00 
 9.103499e+00 -1.108109e+00 
 9.103822e+00 -1.108116e+00 
 9.104145e+00 -1.108124e+00 
 9.104468e+00 -1.108132e+00 
 9.104791e+00 -1.108141e+00 
 9.105114e+00 -1.108150e+00 
 9.105437e+00 -1.108160e+00 
 9.105760e+00 -1.108169e+00 
 9.106083e+00 -1.108177e+00 
 9.106406e+00 -1.108187e+00 
 9.106729e+00 -1.108199e+00 
 9.107052e+00 -1.108208e+00 
 9.107375e+00 -1.108216e+00 
 9.107698e+00 -1.108224e+00 
 9.108021e+00 -1.108232e+00 
 9.108344e+00 -1.108239e+00 
 9.108667e+00 -1.108248e+00 
 9.108990e+00 -1.108256e+00 
 9.109313e+00 -1.108265e+00 
 9.109636e+00 -1.108275e+00 
 9.109959e+00 -1.108286e+00 
 9.110282e+00 -1.108297e+00 
 9.110605e+00 -1.108306e+00 
 9.110928e+00 -1.108314e+00 
 9.111251e+00 -1.108322e+00 
 9.111574e+00 -1.108330e+00 
 9.111897e+00 -1.108338e+00 
 9.112220e+00 -1.108345e+00 
 9.112543e+00 -1.108350e+00 
 9.112866e+00 -1.108356e+00 
 9.113189e+00 -1.108362e+00 
 9.113512e+00 -1.108369e+00 
 9.113834e+00 -1.108375e+00 
 9.114157e+00 -1.108383e+00 
 9.114480e+00 -1.108390e+00 
 9.114803e+00 -1.108396e+00 
 9.115126e+00 -1.108403e+00 
 9.115449e+00 -1.108409e+00 
 9.115772e+00 -1.108413e+00 
 9.116095e+00 -1.108417e+00 
 9.116418e+00 -1.108420e+00 
 9.116741e+00 -1.108424e+00 
 9.117064e+00 -1.108429e+00 
 9.117387e+00 -1.108433e+00 
 9.117710e+00 -1.108435e+00 
 9.118033e+00 -1.108438e+00 
 9.118356e+00 -1.108442e+00 
 9.118679e+00 -1.108446e+00 
 9.119002e+00 -1.108450e+00 
 9.119325e+00 -1.108454e+00 
 9.119648e+00 -1.108459e+00 
 9.119971e+00 -1.108462e+00 
 9.120294e+00 -1.108466e+00 
 9.120617e+00 -1.108469e+00 
 9.120940e+00 -1.108470e+00 
 9.121263e+00 -1.108471e+00 
 9.121586e+00 -1.108473e+00 
 9.121909e+00 -1.108475e+00 
 9.122232e+00 -1.108479e+00 
 9.122555e+00 -1.108483e+00 
 9.122878e+00 -1.108486e+00 
 9.123201e+00 -1.108489e+00 
 9.123524e+00 -1.108494e+00 
 9.123847e+00 -1.108500e+00 
 9.124170e+00 -1.108505e+00 
 9.124493e+00 -1.108510e+00 
 9.124816e+00 -1.108514e+00 
 9.125139e+00 -1.108518e+00 
 9.125462e+00 -1.108523e+00 
 9.125785e+00 -1.108527e+00 
 9.126108e+00 -1.108530e+00 
 9.126431e+00 -1.108533e+00 
 9.126754e+00 -1.108538e+00 
 9.127077e+00 -1.108545e+00 
 9.127400e+00 -1.108552e+00 
 9.127723e+00 -1.108559e+00 
 9.128046e+00 -1.108565e+00 
 9.128369e+00 -1.108572e+00 
 9.128692e+00 -1.108581e+00 
 9.129015e+00 -1.108589e+00 
 9.129338e+00 -1.108597e+00 
 9.129661e+00 -1.108604e+00 
 9.129984e+00 -1.108612e+00 
 9.130307e+00 -1.108620e+00 
 9.130630e+00 -1.108629e+00 
 9.130953e+00 -1.108636e+00 
 9.131276e+00 -1.108643e+00 
 9.131599e+00 -1.108650e+00 
 9.131922e+00 -1.108658e+00 
 9.132245e+00 -1.108668e+00 
 9.132568e+00 -1.108678e+00 
 9.132891e+00 -1.108689e+00 
 9.133214e+00 -1.108699e+00 
 9.133537e+00 -1.108708e+00 
 9.133860e+00 -1.108718e+00 
 9.134183e+00 -1.108728e+00 
 9.134506e+00 -1.108737e+00 
 9.134829e+00 -1.108746e+00 
 9.135152e+00 -1.108756e+00 
 9.135475e+00 -1.108766e+00 
 9.135798e+00 -1.108777e+00 
 9.136121e+00 -1.108787e+00 
 9.136444e+00 -1.108795e+00 
 9.136767e+00 -1.108804e+00 
 9.137090e+00 -1.108814e+00 
 9.137413e+00 -1.108824e+00 
 9.137736e+00 -1.108835e+00 
 9.138059e+00 -1.108845e+00 
 9.138382e+00 -1.108853e+00 
 9.138705e+00 -1.108862e+00 
 9.139028e+00 -1.108872e+00 
 9.139351e+00 -1.108881e+00 
 9.139674e+00 -1.108891e+00 
 9.139997e+00 -1.108900e+00 
 9.140320e+00 -1.108909e+00 
 9.140643e+00 -1.108918e+00 
 9.140966e+00 -1.108928e+00 
 9.141289e+00 -1.108936e+00 
 9.141612e+00 -1.108943e+00 
 9.141935e+00 -1.108950e+00 
 9.142258e+00 -1.108959e+00 
 9.142581e+00 -1.108968e+00 
 9.142904e+00 -1.108977e+00 
 9.143227e+00 -1.108986e+00 
 9.143550e+00 -1.108993e+00 
 9.143873e+00 -1.109001e+00 
 9.144196e+00 -1.109010e+00 
 9.144519e+00 -1.109018e+00 
 9.144842e+00 -1.109026e+00 
 9.145165e+00 -1.109034e+00 
 9.145488e+00 -1.109041e+00 
 9.145811e+00 -1.109047e+00 
 9.146134e+00 -1.109054e+00 
 9.146457e+00 -1.109061e+00 
 9.146780e+00 -1.109067e+00 
 9.147103e+00 -1.109073e+00 
 9.147426e+00 -1.109081e+00 
 9.147749e+00 -1.109090e+00 
 9.148072e+00 -1.109098e+00 
 9.148395e+00 -1.109107e+00 
 9.148718e+00 -1.109115e+00 
 9.149040e+00 -1.109123e+00 
 9.149363e+00 -1.109132e+00 
 9.149686e+00 -1.109140e+00 
 9.150009e+00 -1.109147e+00 
 9.150332e+00 -1.109153e+00 
 9.150655e+00 -1.109159e+00 
 9.150978e+00 -1.109164e+00 
 9.151301e+00 -1.109171e+00 
 9.151624e+00 -1.109179e+00 
 9.151947e+00 -1.109186e+00 
 9.152270e+00 -1.109195e+00 
 9.152593e+00 -1.109205e+00 
 9.152916e+00 -1.109216e+00 
 9.153239e+00 -1.109226e+00 
 9.153562e+00 -1.109236e+00 
 9.153885e+00 -1.109245e+00 
 9.154208e+00 -1.109253e+00 
 9.154531e+00 -1.109260e+00 
 9.154854e+00 -1.109269e+00 
 9.155177e+00 -1.109276e+00 
 9.155500e+00 -1.109284e+00 
 9.155823e+00 -1.109293e+00 
 9.156146e+00 -1.109302e+00 
 9.156469e+00 -1.109312e+00 
 9.156792e+00 -1.109323e+00 
 9.157115e+00 -1.109333e+00 
 9.157438e+00 -1.109344e+00 
 9.157761e+00 -1.109355e+00 
 9.158084e+00 -1.109366e+00 
 9.158407e+00 -1.109377e+00 
 9.158730e+00 -1.109387e+00 
 9.159053e+00 -1.109395e+00 
 9.159376e+00 -1.109403e+00 
 9.159699e+00 -1.109412e+00 
 9.160022e+00 -1.109421e+00 
 9.160345e+00 -1.109431e+00 
 9.160668e+00 -1.109442e+00 
 9.160991e+00 -1.109456e+00 
 9.161314e+00 -1.109467e+00 
 9.161637e+00 -1.109480e+00 
 9.161960e+00 -1.109492e+00 
 9.162283e+00 -1.109502e+00 
 9.162606e+00 -1.109513e+00 
 9.162929e+00 -1.109523e+00 
 9.163252e+00 -1.109533e+00 
 9.163575e+00 -1.109543e+00 
 9.163898e+00 -1.109551e+00 
 9.164221e+00 -1.109559e+00 
 9.164544e+00 -1.109568e+00 
 9.164867e+00 -1.109578e+00 
 9.165190e+00 -1.109589e+00 
 9.165513e+00 -1.109600e+00 
 9.165836e+00 -1.109614e+00 
 9.166159e+00 -1.109627e+00 
 9.166482e+00 -1.109639e+00 
 9.166805e+00 -1.109649e+00 
 9.167128e+00 -1.109658e+00 
 9.167451e+00 -1.109666e+00 
 9.167774e+00 -1.109674e+00 
 9.168097e+00 -1.109683e+00 
 9.168420e+00 -1.109692e+00 
 9.168743e+00 -1.109700e+00 
 9.169066e+00 -1.109709e+00 
 9.169389e+00 -1.109718e+00 
 9.169712e+00 -1.109726e+00 
 9.170035e+00 -1.109736e+00 
 9.170358e+00 -1.109744e+00 
 9.170681e+00 -1.109752e+00 
 9.171004e+00 -1.109763e+00 
 9.171327e+00 -1.109773e+00 
 9.171650e+00 -1.109781e+00 
 9.171973e+00 -1.109788e+00 
 9.172296e+00 -1.109795e+00 
 9.172619e+00 -1.109801e+00 
 9.172942e+00 -1.109807e+00 
 9.173265e+00 -1.109815e+00 
 9.173588e+00 -1.109822e+00 
 9.173911e+00 -1.109828e+00 
 9.174234e+00 -1.109835e+00 
 9.174557e+00 -1.109841e+00 
 9.174880e+00 -1.109847e+00 
 9.175203e+00 -1.109852e+00 
 9.175526e+00 -1.109857e+00 
 9.175849e+00 -1.109860e+00 
 9.176172e+00 -1.109866e+00 
 9.176495e+00 -1.109874e+00 
 9.176818e+00 -1.109879e+00 
 9.177141e+00 -1.109883e+00 
 9.177464e+00 -1.109889e+00 
 9.177787e+00 -1.109893e+00 
 9.178110e+00 -1.109898e+00 
 9.178433e+00 -1.109904e+00 
 9.178756e+00 -1.109909e+00 
 9.179079e+00 -1.109912e+00 
 9.179402e+00 -1.109915e+00 
 9.179725e+00 -1.109918e+00 
 9.180048e+00 -1.109921e+00 
 9.180371e+00 -1.109923e+00 
 9.180694e+00 -1.109926e+00 
 9.181017e+00 -1.109928e+00 
 9.181340e+00 -1.109934e+00 
 9.181663e+00 -1.109941e+00 
 9.181986e+00 -1.109946e+00 
 9.182309e+00 -1.109951e+00 
 9.182632e+00 -1.109955e+00 
 9.182955e+00 -1.109958e+00 
 9.183278e+00 -1.109961e+00 
 9.183601e+00 -1.109964e+00 
 9.183924e+00 -1.109968e+00 
 9.184246e+00 -1.109970e+00 
 9.184569e+00 -1.109973e+00 
 9.184892e+00 -1.109978e+00 
 9.185215e+00 -1.109982e+00 
 9.185538e+00 -1.109988e+00 
 9.185861e+00 -1.109992e+00 
 9.186184e+00 -1.109997e+00 
 9.186507e+00 -1.110003e+00 
 9.186830e+00 -1.110010e+00 
 9.187153e+00 -1.110016e+00 
 9.187476e+00 -1.110020e+00 
 9.187799e+00 -1.110024e+00 
 9.188122e+00 -1.110028e+00 
 9.188445e+00 -1.110032e+00 
 9.188768e+00 -1.110037e+00 
 9.189091e+00 -1.110042e+00 
 9.189414e+00 -1.110047e+00 
 9.189737e+00 -1.110053e+00 
 9.190060e+00 -1.110061e+00 
 9.190383e+00 -1.110070e+00 
 9.190706e+00 -1.110078e+00 
 9.191029e+00 -1.110084e+00 
 9.191352e+00 -1.110090e+00 
 9.191675e+00 -1.110096e+00 
 9.191998e+00 -1.110103e+00 
 9.192321e+00 -1.110109e+00 
 9.192644e+00 -1.110113e+00 
 9.192967e+00 -1.110118e+00 
 9.193290e+00 -1.110123e+00 
 9.193613e+00 -1.110129e+00 
 9.193936e+00 -1.110137e+00 
 9.194259e+00 -1.110145e+00 
 9.194582e+00 -1.110153e+00 
 9.194905e+00 -1.110162e+00 
 9.195228e+00 -1.110171e+00 
 9.195551e+00 -1.110180e+00 
 9.195874e+00 -1.110186e+00 
 9.196197e+00 -1.110190e+00 
 9.196520e+00 -1.110194e+00 
 9.196843e+00 -1.110199e+00 
 9.197166e+00 -1.110206e+00 
 9.197489e+00 -1.110211e+00 
 9.197812e+00 -1.110217e+00 
 9.198135e+00 -1.110223e+00 
 9.198458e+00 -1.110229e+00 
 9.198781e+00 -1.110237e+00 
 9.199104e+00 -1.110245e+00 
 9.199427e+00 -1.110253e+00 
 9.199750e+00 -1.110259e+00 
 9.200073e+00 -1.110266e+00 
 9.200396e+00 -1.110273e+00 
 9.200719e+00 -1.110279e+00 
 9.201042e+00 -1.110283e+00 
 9.201365e+00 -1.110286e+00 
 9.201688e+00 -1.110290e+00 
 9.202011e+00 -1.110295e+00 
 9.202334e+00 -1.110302e+00 
 9.202657e+00 -1.110308e+00 
 9.202980e+00 -1.110314e+00 
 9.203303e+00 -1.110320e+00 
 9.203626e+00 -1.110327e+00 
 9.203949e+00 -1.110335e+00 
 9.204272e+00 -1.110342e+00 
 9.204595e+00 -1.110349e+00 
 9.204918e+00 -1.110354e+00 
 9.205241e+00 -1.110359e+00 
 9.205564e+00 -1.110366e+00 
 9.205887e+00 -1.110372e+00 
 9.206210e+00 -1.110377e+00 
 9.206533e+00 -1.110381e+00 
 9.206856e+00 -1.110387e+00 
 9.207179e+00 -1.110395e+00 
 9.207502e+00 -1.110403e+00 
 9.207825e+00 -1.110411e+00 
 9.208148e+00 -1.110418e+00 
 9.208471e+00 -1.110425e+00 
 9.208794e+00 -1.110432e+00 
 9.209117e+00 -1.110440e+00 
 9.209440e+00 -1.110448e+00 
 9.209763e+00 -1.110455e+00 
 9.210086e+00 -1.110462e+00 
 9.210409e+00 -1.110470e+00 
 9.210732e+00 -1.110480e+00 
 9.211055e+00 -1.110490e+00 
 9.211378e+00 -1.110497e+00 
 9.211701e+00 -1.110504e+00 
 9.212024e+00 -1.110512e+00 
 9.212347e+00 -1.110521e+00 
 9.212670e+00 -1.110530e+00 
 9.212993e+00 -1.110540e+00 
 9.213316e+00 -1.110549e+00 
 9.213639e+00 -1.110558e+00 
 9.213962e+00 -1.110568e+00 
 9.214285e+00 -1.110578e+00 
 9.214608e+00 -1.110588e+00 
 9.214931e+00 -1.110597e+00 
 9.215254e+00 -1.110607e+00 
 9.215577e+00 -1.110616e+00 
 9.215900e+00 -1.110629e+00 
 9.216223e+00 -1.110640e+00 
 9.216546e+00 -1.110649e+00 
 9.216869e+00 -1.110657e+00 
 9.217192e+00 -1.110666e+00 
 9.217515e+00 -1.110676e+00 
 9.217838e+00 -1.110687e+00 
 9.218161e+00 -1.110698e+00 
 9.218484e+00 -1.110708e+00 
 9.218807e+00 -1.110717e+00 
 9.219130e+00 -1.110727e+00 
 9.219453e+00 -1.110738e+00 
 9.219775e+00 -1.110748e+00 
 9.220098e+00 -1.110758e+00 
 9.220421e+00 -1.110767e+00 
 9.220744e+00 -1.110776e+00 
 9.221067e+00 -1.110787e+00 
 9.221390e+00 -1.110796e+00 
 9.221713e+00 -1.110804e+00 
 9.222036e+00 -1.110812e+00 
 9.222359e+00 -1.110820e+00 
 9.222682e+00 -1.110830e+00 
 9.223005e+00 -1.110840e+00 
 9.223328e+00 -1.110850e+00 
 9.223651e+00 -1.110858e+00 
 9.223974e+00 -1.110866e+00 
 9.224297e+00 -1.110874e+00 
 9.224620e+00 -1.110882e+00 
 9.224943e+00 -1.110889e+00 
 9.225266e+00 -1.110895e+00 
 9.225589e+00 -1.110900e+00 
 9.225912e+00 -1.110907e+00 
 9.226235e+00 -1.110915e+00 
 9.226558e+00 -1.110923e+00 
 9.226881e+00 -1.110929e+00 
 9.227204e+00 -1.110935e+00 
 9.227527e+00 -1.110942e+00 
 9.227850e+00 -1.110949e+00 
 9.228173e+00 -1.110957e+00 
 9.228496e+00 -1.110963e+00 
 9.228819e+00 -1.110968e+00 
 9.229142e+00 -1.110973e+00 
 9.229465e+00 -1.110979e+00 
 9.229788e+00 -1.110985e+00 
 9.230111e+00 -1.110990e+00 
 9.230434e+00 -1.110994e+00 
 9.230757e+00 -1.110997e+00 
 9.231080e+00 -1.111002e+00 
 9.231403e+00 -1.111009e+00 
 9.231726e+00 -1.111015e+00 
 9.232049e+00 -1.111021e+00 
 9.232372e+00 -1.111026e+00 
 9.232695e+00 -1.111031e+00 
 9.233018e+00 -1.111038e+00 
 9.233341e+00 -1.111044e+00 
 9.233664e+00 -1.111050e+00 
 9.233987e+00 -1.111055e+00 
 9.234310e+00 -1.111059e+00 
 9.234633e+00 -1.111065e+00 
 9.234956e+00 -1.111070e+00 
 9.235279e+00 -1.111076e+00 
 9.235602e+00 -1.111081e+00 
 9.235925e+00 -1.111085e+00 
 9.236248e+00 -1.111091e+00 
 9.236571e+00 -1.111099e+00 
 9.236894e+00 -1.111107e+00 
 9.237217e+00 -1.111113e+00 
 9.237540e+00 -1.111118e+00 
 9.237863e+00 -1.111124e+00 
 9.238186e+00 -1.111131e+00 
 9.238509e+00 -1.111138e+00 
 9.238832e+00 -1.111146e+00 
 9.239155e+00 -1.111152e+00 
 9.239478e+00 -1.111158e+00 
 9.239801e+00 -1.111165e+00 
 9.240124e+00 -1.111173e+00 
 9.240447e+00 -1.111180e+00 
 9.240770e+00 -1.111187e+00 
 9.241093e+00 -1.111192e+00 
 9.241416e+00 -1.111198e+00 
 9.241739e+00 -1.111207e+00 
 9.242062e+00 -1.111215e+00 
 9.242385e+00 -1.111222e+00 
 9.242708e+00 -1.111228e+00 
 9.243031e+00 -1.111236e+00 
 9.243354e+00 -1.111244e+00 
 9.243677e+00 -1.111251e+00 
 9.244000e+00 -1.111259e+00 
 9.244323e+00 -1.111265e+00 
 9.244646e+00 -1.111271e+00 
 9.244969e+00 -1.111278e+00 
 9.245292e+00 -1.111286e+00 
 9.245615e+00 -1.111293e+00 
 9.245938e+00 -1.111298e+00 
 9.246261e+00 -1.111303e+00 
 9.246584e+00 -1.111309e+00 
 9.246907e+00 -1.111316e+00 
 9.247230e+00 -1.111324e+00 
 9.247553e+00 -1.111329e+00 
 9.247876e+00 -1.111335e+00 
 9.248199e+00 -1.111341e+00 
 9.248522e+00 -1.111347e+00 
 9.248845e+00 -1.111354e+00 
 9.249168e+00 -1.111360e+00 
 9.249491e+00 -1.111365e+00 
 9.249814e+00 -1.111370e+00 
 9.250137e+00 -1.111376e+00 
 9.250460e+00 -1.111382e+00 
 9.250783e+00 -1.111387e+00 
 9.251106e+00 -1.111391e+00 
 9.251429e+00 -1.111394e+00 
 9.251752e+00 -1.111399e+00 
 9.252075e+00 -1.111406e+00 
 9.252398e+00 -1.111413e+00 
 9.252721e+00 -1.111418e+00 
 9.253044e+00 -1.111423e+00 
 9.253367e+00 -1.111428e+00 
 9.253690e+00 -1.111434e+00 
 9.254013e+00 -1.111440e+00 
 9.254336e+00 -1.111445e+00 
 9.254659e+00 -1.111450e+00 
 9.254981e+00 -1.111455e+00 
 9.255304e+00 -1.111461e+00 
 9.255627e+00 -1.111468e+00 
 9.255950e+00 -1.111474e+00 
 9.256273e+00 -1.111480e+00 
 9.256596e+00 -1.111484e+00 
 9.256919e+00 -1.111491e+00 
 9.257242e+00 -1.111499e+00 
 9.257565e+00 -1.111506e+00 
 9.257888e+00 -1.111513e+00 
 9.258211e+00 -1.111519e+00 
 9.258534e+00 -1.111526e+00 
 9.258857e+00 -1.111534e+00 
 9.259180e+00 -1.111542e+00 
 9.259503e+00 -1.111550e+00 
 9.259826e+00 -1.111556e+00 
 9.260149e+00 -1.111564e+00 
 9.260472e+00 -1.111572e+00 
 9.260795e+00 -1.111582e+00 
 9.261118e+00 -1.111592e+00 
 9.261441e+00 -1.111600e+00 
 9.261764e+00 -1.111609e+00 
 9.262087e+00 -1.111618e+00 
 9.262410e+00 -1.111629e+00 
 9.262733e+00 -1.111640e+00 
 9.263056e+00 -1.111649e+00 
 9.263379e+00 -1.111658e+00 
 9.263702e+00 -1.111667e+00 
 9.264025e+00 -1.111677e+00 
 9.264348e+00 -1.111687e+00 
 9.264671e+00 -1.111697e+00 
 9.264994e+00 -1.111706e+00 
 9.265317e+00 -1.111716e+00 
 9.265640e+00 -1.111728e+00 
 9.265963e+00 -1.111743e+00 
 9.266286e+00 -1.111755e+00 
 9.266609e+00 -1.111766e+00 
 9.266932e+00 -1.111776e+00 
 9.267255e+00 -1.111786e+00 
 9.267578e+00 -1.111798e+00 
 9.267901e+00 -1.111809e+00 
 9.268224e+00 -1.111820e+00 
 9.268547e+00 -1.111830e+00 
 9.268870e+00 -1.111840e+00 
 9.269193e+00 -1.111851e+00 
 9.269516e+00 -1.111862e+00 
 9.269839e+00 -1.111873e+00 
 9.270162e+00 -1.111883e+00 
 9.270485e+00 -1.111893e+00 
 9.270808e+00 -1.111906e+00 
 9.271131e+00 -1.111920e+00 
 9.271454e+00 -1.111933e+00 
 9.271777e+00 -1.111943e+00 
 9.272100e+00 -1.111952e+00 
 9.272423e+00 -1.111963e+00 
 9.272746e+00 -1.111973e+00 
 9.273069e+00 -1.111983e+00 
 9.273392e+00 -1.111993e+00 
 9.273715e+00 -1.112001e+00 
 9.274038e+00 -1.112010e+00 
 9.274361e+00 -1.112020e+00 
 9.274684e+00 -1.112031e+00 
 9.275007e+00 -1.112041e+00 
 9.275330e+00 -1.112049e+00 
 9.275653e+00 -1.112058e+00 
 9.275976e+00 -1.112069e+00 
 9.276299e+00 -1.112081e+00 
 9.276622e+00 -1.112092e+00 
 9.276945e+00 -1.112099e+00 
 9.277268e+00 -1.112107e+00 
 9.277591e+00 -1.112115e+00 
 9.277914e+00 -1.112124e+00 
 9.278237e+00 -1.112133e+00 
 9.278560e+00 -1.112141e+00 
 9.278883e+00 -1.112149e+00 
 9.279206e+00 -1.112157e+00 
 9.279529e+00 -1.112166e+00 
 9.279852e+00 -1.112175e+00 
 9.280175e+00 -1.112182e+00 
 9.280498e+00 -1.112189e+00 
 9.280821e+00 -1.112195e+00 
 9.281144e+00 -1.112205e+00 
 9.281467e+00 -1.112216e+00 
 9.281790e+00 -1.112225e+00 
 9.282113e+00 -1.112233e+00 
 9.282436e+00 -1.112240e+00 
 9.282759e+00 -1.112248e+00 
 9.283082e+00 -1.112256e+00 
 9.283405e+00 -1.112264e+00 
 9.283728e+00 -1.112272e+00 
 9.284051e+00 -1.112279e+00 
 9.284374e+00 -1.112287e+00 
 9.284697e+00 -1.112296e+00 
 9.285020e+00 -1.112305e+00 
 9.285343e+00 -1.112313e+00 
 9.285666e+00 -1.112319e+00 
 9.285989e+00 -1.112326e+00 
 9.286312e+00 -1.112336e+00 
 9.286635e+00 -1.112347e+00 
 9.286958e+00 -1.112356e+00 
 9.287281e+00 -1.112363e+00 
 9.287604e+00 -1.112371e+00 
 9.287927e+00 -1.112379e+00 
 9.288250e+00 -1.112388e+00 
 9.288573e+00 -1.112397e+00 
 9.288896e+00 -1.112405e+00 
 9.289219e+00 -1.112413e+00 
 9.289542e+00 -1.112421e+00 
 9.289865e+00 -1.112430e+00 
 9.290188e+00 -1.112439e+00 
 9.290510e+00 -1.112449e+00 
 9.290833e+00 -1.112456e+00 
 9.291156e+00 -1.112464e+00 
 9.291479e+00 -1.112474e+00 
 9.291802e+00 -1.112485e+00 
 9.292125e+00 -1.112494e+00 
 9.292448e+00 -1.112501e+00 
 9.292771e+00 -1.112508e+00 
 9.293094e+00 -1.112516e+00 
 9.293417e+00 -1.112524e+00 
 9.293740e+00 -1.112532e+00 
 9.294063e+00 -1.112540e+00 
 9.294386e+00 -1.112548e+00 
 9.294709e+00 -1.112557e+00 
 9.295032e+00 -1.112567e+00 
 9.295355e+00 -1.112577e+00 
 9.295678e+00 -1.112586e+00 
 9.296001e+00 -1.112593e+00 
 9.296324e+00 -1.112600e+00 
 9.296647e+00 -1.112608e+00 
 9.296970e+00 -1.112617e+00 
 9.297293e+00 -1.112625e+00 
 9.297616e+00 -1.112630e+00 
 9.297939e+00 -1.112636e+00 
 9.298262e+00 -1.112643e+00 
 9.298585e+00 -1.112650e+00 
 9.298908e+00 -1.112658e+00 
 9.299231e+00 -1.112665e+00 
 9.299554e+00 -1.112672e+00 
 9.299877e+00 -1.112680e+00 
 9.300200e+00 -1.112689e+00 
 9.300523e+00 -1.112698e+00 
 9.300846e+00 -1.112706e+00 
 9.301169e+00 -1.112712e+00 
 9.301492e+00 -1.112717e+00 
 9.301815e+00 -1.112723e+00 
 9.302138e+00 -1.112730e+00 
 9.302461e+00 -1.112736e+00 
 9.302784e+00 -1.112740e+00 
 9.303107e+00 -1.112744e+00 
 9.303430e+00 -1.112750e+00 
 9.303753e+00 -1.112758e+00 
 9.304076e+00 -1.112765e+00 
 9.304399e+00 -1.112772e+00 
 9.304722e+00 -1.112779e+00 
 9.305045e+00 -1.112785e+00 
 9.305368e+00 -1.112792e+00 
 9.305691e+00 -1.112799e+00 
 9.306014e+00 -1.112804e+00 
 9.306337e+00 -1.112808e+00 
 9.306660e+00 -1.112811e+00 
 9.306983e+00 -1.112816e+00 
 9.307306e+00 -1.112823e+00 
 9.307629e+00 -1.112828e+00 
 9.307952e+00 -1.112832e+00 
 9.308275e+00 -1.112837e+00 
 9.308598e+00 -1.112843e+00 
 9.308921e+00 -1.112849e+00 
 9.309244e+00 -1.112856e+00 
 9.309567e+00 -1.112861e+00 
 9.309890e+00 -1.112865e+00 
 9.310213e+00 -1.112870e+00 
 9.310536e+00 -1.112875e+00 
 9.310859e+00 -1.112880e+00 
 9.311182e+00 -1.112884e+00 
 9.311505e+00 -1.112886e+00 
 9.311828e+00 -1.112889e+00 
 9.312151e+00 -1.112893e+00 
 9.312474e+00 -1.112899e+00 
 9.312797e+00 -1.112903e+00 
 9.313120e+00 -1.112907e+00 
 9.313443e+00 -1.112911e+00 
 9.313766e+00 -1.112917e+00 
 9.314089e+00 -1.112922e+00 
 9.314412e+00 -1.112927e+00 
 9.314735e+00 -1.112931e+00 
 9.315058e+00 -1.112933e+00 
 9.315381e+00 -1.112936e+00 
 9.315704e+00 -1.112940e+00 
 9.316027e+00 -1.112943e+00 
 9.316350e+00 -1.112946e+00 
 9.316673e+00 -1.112948e+00 
 9.316996e+00 -1.112951e+00 
 9.317319e+00 -1.112956e+00 
 9.317642e+00 -1.112961e+00 
 9.317965e+00 -1.112965e+00 
 9.318288e+00 -1.112969e+00 
 9.318611e+00 -1.112972e+00 
 9.318934e+00 -1.112976e+00 
 9.319257e+00 -1.112980e+00 
 9.319580e+00 -1.112984e+00 
 9.319903e+00 -1.112988e+00 
 9.320226e+00 -1.112990e+00 
 9.320549e+00 -1.112994e+00 
 9.320872e+00 -1.112998e+00 
 9.321195e+00 -1.113002e+00 
 9.321518e+00 -1.113005e+00 
 9.321841e+00 -1.113009e+00 
 9.322164e+00 -1.113013e+00 
 9.322487e+00 -1.113017e+00 
 9.322810e+00 -1.113023e+00 
 9.323133e+00 -1.113028e+00 
 9.323456e+00 -1.113031e+00 
 9.323779e+00 -1.113036e+00 
 9.324102e+00 -1.113041e+00 
 9.324425e+00 -1.113046e+00 
 9.324748e+00 -1.113051e+00 
 9.325071e+00 -1.113056e+00 
 9.325394e+00 -1.113060e+00 
 9.325716e+00 -1.113065e+00 
 9.326039e+00 -1.113070e+00 
 9.326362e+00 -1.113075e+00 
 9.326685e+00 -1.113080e+00 
 9.327008e+00 -1.113085e+00 
 9.327331e+00 -1.113091e+00 
 9.327654e+00 -1.113097e+00 
 9.327977e+00 -1.113103e+00 
 9.328300e+00 -1.113109e+00 
 9.328623e+00 -1.113114e+00 
 9.328946e+00 -1.113120e+00 
 9.329269e+00 -1.113126e+00 
 9.329592e+00 -1.113134e+00 
 9.329915e+00 -1.113141e+00 
 9.330238e+00 -1.113147e+00 
 9.330561e+00 -1.113153e+00 
 9.330884e+00 -1.113158e+00 
 9.331207e+00 -1.113164e+00 
 9.331530e+00 -1.113170e+00 
 9.331853e+00 -1.113176e+00 
 9.332176e+00 -1.113181e+00 
 9.332499e+00 -1.113188e+00 
 9.332822e+00 -1.113195e+00 
 9.333145e+00 -1.113203e+00 
 9.333468e+00 -1.113211e+00 
 9.333791e+00 -1.113217e+00 
 9.334114e+00 -1.113224e+00 
 9.334437e+00 -1.113232e+00 
 9.334760e+00 -1.113239e+00 
 9.335083e+00 -1.113246e+00 
 9.335406e+00 -1.113252e+00 
 9.335729e+00 -1.113257e+00 
 9.336052e+00 -1.113262e+00 
 9.336375e+00 -1.113268e+00 
 9.336698e+00 -1.113275e+00 
 9.337021e+00 -1.113282e+00 
 9.337344e+00 -1.113289e+00 
 9.337667e+00 -1.113296e+00 
 9.337990e+00 -1.113304e+00 
 9.338313e+00 -1.113312e+00 
 9.338636e+00 -1.113320e+00 
 9.338959e+00 -1.113327e+00 
 9.339282e+00 -1.113334e+00 
 9.339605e+00 -1.113341e+00 
 9.339928e+00 -1.113348e+00 
 9.340251e+00 -1.113354e+00 
 9.340574e+00 -1.113360e+00 
 9.340897e+00 -1.113366e+00 
 9.341220e+00 -1.113372e+00 
 9.341543e+00 -1.113379e+00 
 9.341866e+00 -1.113386e+00 
 9.342189e+00 -1.113394e+00 
 9.342512e+00 -1.113402e+00 
 9.342835e+00 -1.113411e+00 
 9.343158e+00 -1.113420e+00 
 9.343481e+00 -1.113429e+00 
 9.343804e+00 -1.113437e+00 
 9.344127e+00 -1.113444e+00 
 9.344450e+00 -1.113450e+00 
 9.344773e+00 -1.113457e+00 
 9.345096e+00 -1.113465e+00 
 9.345419e+00 -1.113473e+00 
 9.345742e+00 -1.113481e+00 
 9.346065e+00 -1.113490e+00 
 9.346388e+00 -1.113498e+00 
 9.346711e+00 -1.113508e+00 
 9.347034e+00 -1.113517e+00 
 9.347357e+00 -1.113526e+00 
 9.347680e+00 -1.113536e+00 
 9.348003e+00 -1.113545e+00 
 9.348326e+00 -1.113555e+00 
 9.348649e+00 -1.113564e+00 
 9.348972e+00 -1.113573e+00 
 9.349295e+00 -1.113581e+00 
 9.349618e+00 -1.113590e+00 
 9.349941e+00 -1.113599e+00 
 9.350264e+00 -1.113609e+00 
 9.350587e+00 -1.113619e+00 
 9.350910e+00 -1.113630e+00 
 9.351233e+00 -1.113639e+00 
 9.351556e+00 -1.113636e+00 
 9.351879e+00 -1.113630e+00 
 9.352202e+00 -1.113623e+00 
 9.352525e+00 -1.113616e+00 
 9.352848e+00 -1.113608e+00 
 9.353171e+00 -1.113592e+00 
 9.353494e+00 -1.113571e+00 
 9.353817e+00 -1.113550e+00 
 9.354140e+00 -1.113531e+00 
 9.354463e+00 -1.113513e+00 
 9.354786e+00 -1.113496e+00 
 9.355109e+00 -1.113482e+00 
 9.355432e+00 -1.113471e+00 
 9.355755e+00 -1.113461e+00 
 9.356078e+00 -1.113454e+00 
 9.356401e+00 -1.113448e+00 
 9.356724e+00 -1.113442e+00 
 9.357047e+00 -1.113437e+00 
 9.357370e+00 -1.113433e+00 
 9.357693e+00 -1.113430e+00 
 9.358016e+00 -1.113428e+00 
 9.358339e+00 -1.113428e+00 
 9.358662e+00 -1.113430e+00 
 9.358985e+00 -1.113434e+00 
 9.359308e+00 -1.113439e+00 
 9.359631e+00 -1.113445e+00 
 9.359954e+00 -1.113453e+00 
 9.360277e+00 -1.113462e+00 
 9.360600e+00 -1.113471e+00 
 9.360923e+00 -1.113480e+00 
 9.361245e+00 -1.113490e+00 
 9.361568e+00 -1.113500e+00 
 9.361891e+00 -1.113510e+00 
 9.362214e+00 -1.113520e+00 
 9.362537e+00 -1.113531e+00 
 9.362860e+00 -1.113542e+00 
 9.363183e+00 -1.113553e+00 
 9.363506e+00 -1.113566e+00 
 9.363829e+00 -1.113578e+00 
 9.364152e+00 -1.113590e+00 
 9.364475e+00 -1.113601e+00 
 9.364798e+00 -1.113613e+00 
 9.365121e+00 -1.113624e+00 
 9.365444e+00 -1.113634e+00 
 9.365767e+00 -1.113644e+00 
 9.366090e+00 -1.113655e+00 
 9.366413e+00 -1.113666e+00 
 9.366736e+00 -1.113676e+00 
 9.367059e+00 -1.113686e+00 
 9.367382e+00 -1.113696e+00 
 9.367705e+00 -1.113705e+00 
 9.368028e+00 -1.113713e+00 
 9.368351e+00 -1.113721e+00 
 9.368674e+00 -1.113728e+00 
 9.368997e+00 -1.113734e+00 
 9.369320e+00 -1.113739e+00 
 9.369643e+00 -1.113743e+00 
 9.369966e+00 -1.113746e+00 
 9.370289e+00 -1.113750e+00 
 9.370612e+00 -1.113753e+00 
 9.370935e+00 -1.113756e+00 
 9.371258e+00 -1.113761e+00 
 9.371581e+00 -1.113767e+00 
 9.371904e+00 -1.113771e+00 
 9.372227e+00 -1.113775e+00 
 9.372550e+00 -1.113778e+00 
 9.372873e+00 -1.113780e+00 
 9.373196e+00 -1.113780e+00 
 9.373519e+00 -1.113780e+00 
 9.373842e+00 -1.113779e+00 
 9.374165e+00 -1.113777e+00 
 9.374488e+00 -1.113776e+00 
 9.374811e+00 -1.113775e+00 
 9.375134e+00 -1.113774e+00 
 9.375457e+00 -1.113772e+00 
 9.375780e+00 -1.113770e+00 
 9.376103e+00 -1.113767e+00 
 9.376426e+00 -1.113765e+00 
 9.376749e+00 -1.113761e+00 
 9.377072e+00 -1.113756e+00 
 9.377395e+00 -1.113749e+00 
 9.377718e+00 -1.113742e+00 
 9.378041e+00 -1.113735e+00 
 9.378364e+00 -1.113727e+00 
 9.378687e+00 -1.113720e+00 
 9.379010e+00 -1.113714e+00 
 9.379333e+00 -1.113708e+00 
 9.379656e+00 -1.113703e+00 
 9.379979e+00 -1.113699e+00 
 9.380302e+00 -1.113696e+00 
 9.380625e+00 -1.113693e+00 
 9.380948e+00 -1.113690e+00 
 9.381271e+00 -1.113687e+00 
 9.381594e+00 -1.113684e+00 
 9.381917e+00 -1.113682e+00 
 9.382240e+00 -1.113679e+00 
 9.382563e+00 -1.113677e+00 
 9.382886e+00 -1.113675e+00 
 9.383209e+00 -1.113675e+00 
 9.383532e+00 -1.113675e+00 
 9.383855e+00 -1.113678e+00 
 9.384178e+00 -1.113682e+00 
 9.384501e+00 -1.113688e+00 
 9.384824e+00 -1.113695e+00 
 9.385147e+00 -1.113702e+00 
 9.385470e+00 -1.113710e+00 
 9.385793e+00 -1.113718e+00 
 9.386116e+00 -1.113726e+00 
 9.386439e+00 -1.113734e+00 
 9.386762e+00 -1.113744e+00 
 9.387085e+00 -1.113754e+00 
 9.387408e+00 -1.113764e+00 
 9.387731e+00 -1.113776e+00 
 9.388054e+00 -1.113788e+00 
 9.388377e+00 -1.113801e+00 
 9.388700e+00 -1.113815e+00 
 9.389023e+00 -1.113830e+00 
 9.389346e+00 -1.113846e+00 
 9.389669e+00 -1.113862e+00 
 9.389992e+00 -1.113879e+00 
 9.390315e+00 -1.113896e+00 
 9.390638e+00 -1.113913e+00 
 9.390961e+00 -1.113929e+00 
 9.391284e+00 -1.113946e+00 
 9.391607e+00 -1.113962e+00 
 9.391930e+00 -1.113979e+00 
 9.392253e+00 -1.113995e+00 
 9.392576e+00 -1.114011e+00 
 9.392899e+00 -1.114027e+00 
 9.393222e+00 -1.114041e+00 
 9.393545e+00 -1.114055e+00 
 9.393868e+00 -1.114068e+00 
 9.394191e+00 -1.114079e+00 
 9.394514e+00 -1.114089e+00 
 9.394837e+00 -1.114098e+00 
 9.395160e+00 -1.114106e+00 
 9.395483e+00 -1.114113e+00 
 9.395806e+00 -1.114119e+00 
 9.396129e+00 -1.114123e+00 
 9.396451e+00 -1.114127e+00 
 9.396774e+00 -1.114130e+00 
 9.397097e+00 -1.114133e+00 
 9.397420e+00 -1.114136e+00 
 9.397743e+00 -1.114137e+00 
 9.398066e+00 -1.114137e+00 
 9.398389e+00 -1.114136e+00 
 9.398712e+00 -1.114135e+00 
 9.399035e+00 -1.114133e+00 
 9.399358e+00 -1.114130e+00 
 9.399681e+00 -1.114127e+00 
 9.400004e+00 -1.114123e+00 
 9.400327e+00 -1.114119e+00 
 9.400650e+00 -1.114114e+00 
 9.400973e+00 -1.114107e+00 
 9.401296e+00 -1.114099e+00 
 9.401619e+00 -1.114091e+00 
 9.401942e+00 -1.114081e+00 
 9.402265e+00 -1.114071e+00 
 9.402588e+00 -1.114060e+00 
 9.402911e+00 -1.114050e+00 
 9.403234e+00 -1.114039e+00 
 9.403557e+00 -1.114029e+00 
 9.403880e+00 -1.114019e+00 
 9.404203e+00 -1.114009e+00 
 9.404526e+00 -1.114000e+00 
 9.404849e+00 -1.113990e+00 
 9.405172e+00 -1.113981e+00 
 9.405495e+00 -1.113972e+00 
 9.405818e+00 -1.113962e+00 
 9.406141e+00 -1.113950e+00 
 9.406464e+00 -1.113939e+00 
 9.406787e+00 -1.113930e+00 
 9.407110e+00 -1.113923e+00 
 9.407433e+00 -1.113918e+00 
 9.407756e+00 -1.113914e+00 
 9.408079e+00 -1.113913e+00 
 9.408402e+00 -1.113913e+00 
 9.408725e+00 -1.113914e+00 
 9.409048e+00 -1.113917e+00 
 9.409371e+00 -1.113921e+00 
 9.409694e+00 -1.113925e+00 
 9.410017e+00 -1.113930e+00 
 9.410340e+00 -1.113936e+00 
 9.410663e+00 -1.113941e+00 
 9.410986e+00 -1.113945e+00 
 9.411309e+00 -1.113950e+00 
 9.411632e+00 -1.113956e+00 
 9.411955e+00 -1.113965e+00 
 9.412278e+00 -1.113975e+00 
 9.412601e+00 -1.113987e+00 
 9.412924e+00 -1.114000e+00 
 9.413247e+00 -1.114014e+00 
 9.413570e+00 -1.114027e+00 
 9.413893e+00 -1.114041e+00 
 9.414216e+00 -1.114054e+00 
 9.414539e+00 -1.114066e+00 
 9.414862e+00 -1.114077e+00 
 9.415185e+00 -1.114089e+00 
 9.415508e+00 -1.114101e+00 
 9.415831e+00 -1.114111e+00 
 9.416154e+00 -1.114121e+00 
 9.416477e+00 -1.114131e+00 
 9.416800e+00 -1.114142e+00 
 9.417123e+00 -1.114155e+00 
 9.417446e+00 -1.114168e+00 
 9.417769e+00 -1.114181e+00 
 9.418092e+00 -1.114193e+00 
 9.418415e+00 -1.114204e+00 
 9.418738e+00 -1.114214e+00 
 9.419061e+00 -1.114223e+00 
 9.419384e+00 -1.114231e+00 
 9.419707e+00 -1.114238e+00 
 9.420030e+00 -1.114244e+00 
 9.420353e+00 -1.114250e+00 
 9.420676e+00 -1.114255e+00 
 9.420999e+00 -1.114260e+00 
 9.421322e+00 -1.114263e+00 
 9.421645e+00 -1.114266e+00 
 9.421968e+00 -1.114269e+00 
 9.422291e+00 -1.114271e+00 
 9.422614e+00 -1.114274e+00 
 9.422937e+00 -1.114276e+00 
 9.423260e+00 -1.114277e+00 
 9.423583e+00 -1.114278e+00 
 9.423906e+00 -1.114277e+00 
 9.424229e+00 -1.114275e+00 
 9.424552e+00 -1.114273e+00 
 9.424875e+00 -1.114269e+00 
 9.425198e+00 -1.114266e+00 
 9.425521e+00 -1.114262e+00 
 9.425844e+00 -1.114259e+00 
 9.426167e+00 -1.114255e+00 
 9.426490e+00 -1.114248e+00 
 9.426813e+00 -1.114242e+00 
 9.427136e+00 -1.114235e+00 
 9.427459e+00 -1.114229e+00 
 9.427782e+00 -1.114223e+00 
 9.428105e+00 -1.114216e+00 
 9.428428e+00 -1.114208e+00 
 9.428751e+00 -1.114199e+00 
 9.429074e+00 -1.114190e+00 
 9.429397e+00 -1.114181e+00 
 9.429720e+00 -1.114172e+00 
 9.430043e+00 -1.114162e+00 
 9.430366e+00 -1.114152e+00 
 9.430689e+00 -1.114143e+00 
 9.431012e+00 -1.114137e+00 
 9.431335e+00 -1.114129e+00 
 9.431658e+00 -1.114119e+00 
 9.431980e+00 -1.114110e+00 
 9.432303e+00 -1.114102e+00 
 9.432626e+00 -1.114096e+00 
 9.432949e+00 -1.114091e+00 
 9.433272e+00 -1.114087e+00 
 9.433595e+00 -1.114083e+00 
 9.433918e+00 -1.114079e+00 
 9.434241e+00 -1.114075e+00 
 9.434564e+00 -1.114072e+00 
 9.434887e+00 -1.114070e+00 
 9.435210e+00 -1.114068e+00 
 9.435533e+00 -1.114067e+00 
 9.435856e+00 -1.114069e+00 
 9.436179e+00 -1.114074e+00 
 9.436502e+00 -1.114077e+00 
 9.436825e+00 -1.114080e+00 
 9.437148e+00 -1.114083e+00 
 9.437471e+00 -1.114088e+00 
 9.437794e+00 -1.114094e+00 
 9.438117e+00 -1.114100e+00 
 9.438440e+00 -1.114107e+00 
 9.438763e+00 -1.114112e+00 
 9.439086e+00 -1.114118e+00 
 9.439409e+00 -1.114124e+00 
 9.439732e+00 -1.114130e+00 
 9.440055e+00 -1.114135e+00 
 9.440378e+00 -1.114141e+00 
 9.440701e+00 -1.114147e+00 
 9.441024e+00 -1.114157e+00 
 9.441347e+00 -1.114168e+00 
 9.441670e+00 -1.114179e+00 
 9.441993e+00 -1.114189e+00 
 9.442316e+00 -1.114198e+00 
 9.442639e+00 -1.114208e+00 
 9.442962e+00 -1.114219e+00 
 9.443285e+00 -1.114228e+00 
 9.443608e+00 -1.114237e+00 
 9.443931e+00 -1.114245e+00 
 9.444254e+00 -1.114252e+00 
 9.444577e+00 -1.114259e+00 
 9.444900e+00 -1.114266e+00 
 9.445223e+00 -1.114273e+00 
 9.445546e+00 -1.114279e+00 
 9.445869e+00 -1.114286e+00 
 9.446192e+00 -1.114295e+00 
 9.446515e+00 -1.114305e+00 
 9.446838e+00 -1.114313e+00 
 9.447161e+00 -1.114319e+00 
 9.447484e+00 -1.114324e+00 
 9.447807e+00 -1.114328e+00 
 9.448130e+00 -1.114332e+00 
 9.448453e+00 -1.114335e+00 
 9.448776e+00 -1.114336e+00 
 9.449099e+00 -1.114336e+00 
 9.449422e+00 -1.114336e+00 
 9.449745e+00 -1.114336e+00 
 9.450068e+00 -1.114336e+00 
 9.450391e+00 -1.114336e+00 
 9.450714e+00 -1.114335e+00 
 9.451037e+00 -1.114335e+00 
 9.451360e+00 -1.114336e+00 
 9.451683e+00 -1.114337e+00 
 9.452006e+00 -1.114337e+00 
 9.452329e+00 -1.114334e+00 
 9.452652e+00 -1.114330e+00 
 9.452975e+00 -1.114327e+00 
 9.453298e+00 -1.114323e+00 
 9.453621e+00 -1.114318e+00 
 9.453944e+00 -1.114313e+00 
 9.454267e+00 -1.114307e+00 
 9.454590e+00 -1.114302e+00 
 9.454913e+00 -1.114297e+00 
 9.455236e+00 -1.114293e+00 
 9.455559e+00 -1.114289e+00 
 9.455882e+00 -1.114286e+00 
 9.456205e+00 -1.114284e+00 
 9.456528e+00 -1.114282e+00 
 9.456851e+00 -1.114280e+00 
 9.457174e+00 -1.114278e+00 
 9.457497e+00 -1.114275e+00 
 9.457820e+00 -1.114271e+00 
 9.458143e+00 -1.114269e+00 
 9.458466e+00 -1.114269e+00 
 9.458789e+00 -1.114269e+00 
 9.459112e+00 -1.114271e+00 
 9.459435e+00 -1.114274e+00 
 9.459758e+00 -1.114280e+00 
 9.460081e+00 -1.114287e+00 
 9.460404e+00 -1.114296e+00 
 9.460727e+00 -1.114306e+00 
 9.461050e+00 -1.114319e+00 
 9.461373e+00 -1.114332e+00 
 9.461696e+00 -1.114346e+00 
 9.462019e+00 -1.114361e+00 
 9.462342e+00 -1.114375e+00 
 9.462665e+00 -1.114389e+00 
 9.462988e+00 -1.114403e+00 
 9.463311e+00 -1.114419e+00 
 9.463634e+00 -1.114435e+00 
 9.463957e+00 -1.114454e+00 
 9.464280e+00 -1.114473e+00 
 9.464603e+00 -1.114493e+00 
 9.464926e+00 -1.114514e+00 
 9.465249e+00 -1.114536e+00 
 9.465572e+00 -1.114559e+00 
 9.465895e+00 -1.114581e+00 
 9.466218e+00 -1.114604e+00 
 9.466541e+00 -1.114625e+00 
 9.466864e+00 -1.114646e+00 
 9.467187e+00 -1.114666e+00 
 9.467509e+00 -1.114686e+00 
 9.467832e+00 -1.114703e+00 
 9.468155e+00 -1.114721e+00 
 9.468478e+00 -1.114739e+00 
 9.468801e+00 -1.114758e+00 
 9.469124e+00 -1.114777e+00 
 9.469447e+00 -1.114795e+00 
 9.469770e+00 -1.114813e+00 
 9.470093e+00 -1.114830e+00 
 9.470416e+00 -1.114847e+00 
 9.470739e+00 -1.114863e+00 
 9.471062e+00 -1.114879e+00 
 9.471385e+00 -1.114894e+00 
 9.471708e+00 -1.114906e+00 
 9.472031e+00 -1.114918e+00 
 9.472354e+00 -1.114929e+00 
 9.472677e+00 -1.114938e+00 
 9.473000e+00 -1.114946e+00 
 9.473323e+00 -1.114953e+00 
 9.473646e+00 -1.114961e+00 
 9.473969e+00 -1.114969e+00 
 9.474292e+00 -1.114976e+00 
 9.474615e+00 -1.114983e+00 
 9.474938e+00 -1.114988e+00 
 9.475261e+00 -1.114992e+00 
 9.475584e+00 -1.114996e+00 
 9.475907e+00 -1.115000e+00 
 9.476230e+00 -1.115003e+00 
 9.476553e+00 -1.115006e+00 
 9.476876e+00 -1.115008e+00 
 9.477199e+00 -1.115009e+00 
 9.477522e+00 -1.115010e+00 
 9.477845e+00 -1.115011e+00 
 9.478168e+00 -1.115011e+00 
 9.478491e+00 -1.115011e+00 
 9.478814e+00 -1.115012e+00 
 9.479137e+00 -1.115013e+00 
 9.479460e+00 -1.115015e+00 
 9.479783e+00 -1.115016e+00 
 9.480106e+00 -1.115017e+00 
 9.480429e+00 -1.115017e+00 
 9.480752e+00 -1.115017e+00 
 9.481075e+00 -1.115018e+00 
 9.481398e+00 -1.115018e+00 
 9.481721e+00 -1.115018e+00 
 9.482044e+00 -1.115018e+00 
 9.482367e+00 -1.115017e+00 
 9.482690e+00 -1.115017e+00 
 9.483013e+00 -1.115016e+00 
 9.483336e+00 -1.115014e+00 
 9.483659e+00 -1.115013e+00 
 9.483982e+00 -1.115014e+00 
 9.484305e+00 -1.115015e+00 
 9.484628e+00 -1.115017e+00 
 9.484951e+00 -1.115019e+00 
 9.485274e+00 -1.115022e+00 
 9.485597e+00 -1.115024e+00 
 9.485920e+00 -1.115026e+00 
 9.486243e+00 -1.115028e+00 
 9.486566e+00 -1.115031e+00 
 9.486889e+00 -1.115035e+00 
 9.487212e+00 -1.115038e+00 
 9.487535e+00 -1.115042e+00 
 9.487858e+00 -1.115047e+00 
 9.488181e+00 -1.115052e+00 
 9.488504e+00 -1.115058e+00 
 9.488827e+00 -1.115065e+00 
 9.489150e+00 -1.115074e+00 
 9.489473e+00 -1.115084e+00 
 9.489796e+00 -1.115095e+00 
 9.490119e+00 -1.115107e+00 
 9.490442e+00 -1.115118e+00 
 9.490765e+00 -1.115128e+00 
 9.491088e+00 -1.115138e+00 
 9.491411e+00 -1.115148e+00 
 9.491734e+00 -1.115159e+00 
 9.492057e+00 -1.115170e+00 
 9.492380e+00 -1.115181e+00 
 9.492703e+00 -1.115192e+00 
 9.493026e+00 -1.115204e+00 
 9.493349e+00 -1.115217e+00 
 9.493672e+00 -1.115230e+00 
 9.493995e+00 -1.115245e+00 
 9.494318e+00 -1.115259e+00 
 9.494641e+00 -1.115274e+00 
 9.494964e+00 -1.115287e+00 
 9.495287e+00 -1.115300e+00 
 9.495610e+00 -1.115311e+00 
 9.495933e+00 -1.115320e+00 
 9.496256e+00 -1.115328e+00 
 9.496579e+00 -1.115336e+00 
 9.496902e+00 -1.115345e+00 
 9.497225e+00 -1.115353e+00 
 9.497548e+00 -1.115361e+00 
 9.497871e+00 -1.115368e+00 
 9.498194e+00 -1.115375e+00 
 9.498517e+00 -1.115381e+00 
 9.498840e+00 -1.115387e+00 
 9.499163e+00 -1.115391e+00 
 9.499486e+00 -1.115394e+00 
 9.499809e+00 -1.115396e+00 
 9.500132e+00 -1.115396e+00 
 9.500455e+00 -1.115395e+00 
 9.500778e+00 -1.115392e+00 
 9.501101e+00 -1.115387e+00 
 9.501424e+00 -1.115382e+00 
 9.501747e+00 -1.115376e+00 
 9.502070e+00 -1.115372e+00 
 9.502393e+00 -1.115367e+00 
 9.502715e+00 -1.115362e+00 
 9.503038e+00 -1.115356e+00 
 9.503361e+00 -1.115350e+00 
 9.503684e+00 -1.115344e+00 
 9.504007e+00 -1.115337e+00 
 9.504330e+00 -1.115329e+00 
 9.504653e+00 -1.115322e+00 
 9.504976e+00 -1.115314e+00 
 9.505299e+00 -1.115306e+00 
 9.505622e+00 -1.115298e+00 
 9.505945e+00 -1.115292e+00 
 9.506268e+00 -1.115284e+00 
 9.506591e+00 -1.115276e+00 
 9.506914e+00 -1.115269e+00 
 9.507237e+00 -1.115263e+00 
 9.507560e+00 -1.115257e+00 
 9.507883e+00 -1.115252e+00 
 9.508206e+00 -1.115247e+00 
 9.508529e+00 -1.115243e+00 
 9.508852e+00 -1.115239e+00 
 9.509175e+00 -1.115236e+00 
 9.509498e+00 -1.115233e+00 
 9.509821e+00 -1.115230e+00 
 9.510144e+00 -1.115228e+00 
 9.510467e+00 -1.115227e+00 
 9.510790e+00 -1.115227e+00 
 9.511113e+00 -1.115229e+00 
 9.511436e+00 -1.115230e+00 
 9.511759e+00 -1.115230e+00 
 9.512082e+00 -1.115231e+00 
 9.512405e+00 -1.115235e+00 
 9.512728e+00 -1.115239e+00 
 9.513051e+00 -1.115244e+00 
 9.513374e+00 -1.115250e+00 
 9.513697e+00 -1.115256e+00 
 9.514020e+00 -1.115263e+00 
 9.514343e+00 -1.115271e+00 
 9.514666e+00 -1.115279e+00 
 9.514989e+00 -1.115287e+00 
 9.515312e+00 -1.115295e+00 
 9.515635e+00 -1.115303e+00 
 9.515958e+00 -1.115314e+00 
 9.516281e+00 -1.115325e+00 
 9.516604e+00 -1.115335e+00 
 9.516927e+00 -1.115344e+00 
 9.517250e+00 -1.115354e+00 
 9.517573e+00 -1.115366e+00 
 9.517896e+00 -1.115377e+00 
 9.518219e+00 -1.115388e+00 
 9.518542e+00 -1.115399e+00 
 9.518865e+00 -1.115409e+00 
 9.519188e+00 -1.115420e+00 
 9.519511e+00 -1.115430e+00 
 9.519834e+00 -1.115439e+00 
 9.520157e+00 -1.115446e+00 
 9.520480e+00 -1.115453e+00 
 9.520803e+00 -1.115459e+00 
 9.521126e+00 -1.115467e+00 
 9.521449e+00 -1.115476e+00 
 9.521772e+00 -1.115482e+00 
 9.522095e+00 -1.115488e+00 
 9.522418e+00 -1.115494e+00 
 9.522741e+00 -1.115499e+00 
 9.523064e+00 -1.115504e+00 
 9.523387e+00 -1.115508e+00 
 9.523710e+00 -1.115510e+00 
 9.524033e+00 -1.115511e+00 
 9.524356e+00 -1.115511e+00 
 9.524679e+00 -1.115510e+00 
 9.525002e+00 -1.115508e+00 
 9.525325e+00 -1.115504e+00 
 9.525648e+00 -1.115499e+00 
 9.525971e+00 -1.115493e+00 
 9.526294e+00 -1.115489e+00 
 9.526617e+00 -1.115486e+00 
 9.526940e+00 -1.115482e+00 
 9.527263e+00 -1.115476e+00 
 9.527586e+00 -1.115471e+00 
 9.527909e+00 -1.115465e+00 
 9.528232e+00 -1.115458e+00 
 9.528555e+00 -1.115450e+00 
 9.528878e+00 -1.115441e+00 
 9.529201e+00 -1.115431e+00 
 9.529524e+00 -1.115421e+00 
 9.529847e+00 -1.115411e+00 
 9.530170e+00 -1.115401e+00 
 9.530493e+00 -1.115390e+00 
 9.530816e+00 -1.115378e+00 
 9.531139e+00 -1.115365e+00 
 9.531462e+00 -1.115356e+00 
 9.531785e+00 -1.115348e+00 
 9.532108e+00 -1.115339e+00 
 9.532431e+00 -1.115328e+00 
 9.532754e+00 -1.115319e+00 
 9.533077e+00 -1.115309e+00 
 9.533400e+00 -1.115299e+00 
 9.533723e+00 -1.115289e+00 
 9.534046e+00 -1.115279e+00 
 9.534369e+00 -1.115268e+00 
 9.534692e+00 -1.115259e+00 
 9.535015e+00 -1.115250e+00 
 9.535338e+00 -1.115242e+00 
 9.535661e+00 -1.115234e+00 
 9.535984e+00 -1.115222e+00 
 9.536307e+00 -1.115212e+00 
 9.536630e+00 -1.115206e+00 
 9.536953e+00 -1.115201e+00 
 9.537276e+00 -1.115196e+00 
 9.537599e+00 -1.115191e+00 
 9.537922e+00 -1.115187e+00 
 9.538244e+00 -1.115184e+00 
 9.538567e+00 -1.115182e+00 
 9.538890e+00 -1.115181e+00 
 9.539213e+00 -1.115181e+00 
 9.539536e+00 -1.115180e+00 
 9.539859e+00 -1.115182e+00 
 9.540182e+00 -1.115186e+00 
 9.540505e+00 -1.115191e+00 
 9.540828e+00 -1.115193e+00 
 9.541151e+00 -1.115194e+00 
 9.541474e+00 -1.115196e+00 
 9.541797e+00 -1.115203e+00 
 9.542120e+00 -1.115211e+00 
 9.542443e+00 -1.115219e+00 
 9.542766e+00 -1.115227e+00 
 9.543089e+00 -1.115236e+00 
 9.543412e+00 -1.115245e+00 
 9.543735e+00 -1.115255e+00 
 9.544058e+00 -1.115265e+00 
 9.544381e+00 -1.115275e+00 
 9.544704e+00 -1.115284e+00 
 9.545027e+00 -1.115294e+00 
 9.545350e+00 -1.115306e+00 
 9.545673e+00 -1.115318e+00 
 9.545996e+00 -1.115328e+00 
 9.546319e+00 -1.115335e+00 
 9.546642e+00 -1.115343e+00 
 9.546965e+00 -1.115355e+00 
 9.547288e+00 -1.115367e+00 
 9.547611e+00 -1.115378e+00 
 9.547934e+00 -1.115388e+00 
 9.548257e+00 -1.115398e+00 
 9.548580e+00 -1.115407e+00 
 9.548903e+00 -1.115417e+00 
 9.549226e+00 -1.115425e+00 
 9.549549e+00 -1.115433e+00 
 9.549872e+00 -1.115439e+00 
 9.550195e+00 -1.115446e+00 
 9.550518e+00 -1.115455e+00 
 9.550841e+00 -1.115465e+00 
 9.551164e+00 -1.115473e+00 
 9.551487e+00 -1.115477e+00 
 9.551810e+00 -1.115481e+00 
 9.552133e+00 -1.115487e+00 
 9.552456e+00 -1.115494e+00 
 9.552779e+00 -1.115499e+00 
 9.553102e+00 -1.115502e+00 
 9.553425e+00 -1.115505e+00 
 9.553748e+00 -1.115508e+00 
 9.554071e+00 -1.115511e+00 
 9.554394e+00 -1.115514e+00 
 9.554717e+00 -1.115515e+00 
 9.555040e+00 -1.115517e+00 
 9.555363e+00 -1.115520e+00 
 9.555686e+00 -1.115525e+00 
 9.556009e+00 -1.115535e+00 
 9.556332e+00 -1.115540e+00 
 9.556655e+00 -1.115542e+00 
 9.556978e+00 -1.115544e+00 
 9.557301e+00 -1.115549e+00 
 9.557624e+00 -1.115554e+00 
 9.557947e+00 -1.115559e+00 
 9.558270e+00 -1.115563e+00 
 9.558593e+00 -1.115568e+00 
 9.558916e+00 -1.115572e+00 
 9.559239e+00 -1.115578e+00 
 9.559562e+00 -1.115584e+00 
 9.559885e+00 -1.115590e+00 
 9.560208e+00 -1.115596e+00 
 9.560531e+00 -1.115602e+00 
 9.560854e+00 -1.115614e+00 
 9.561177e+00 -1.115627e+00 
 9.561500e+00 -1.115636e+00 
 9.561823e+00 -1.115643e+00 
 9.562146e+00 -1.115650e+00 
 9.562469e+00 -1.115661e+00 
 9.562792e+00 -1.115672e+00 
 9.563115e+00 -1.115683e+00 
 9.563438e+00 -1.115693e+00 
 9.563761e+00 -1.115703e+00 
 9.564084e+00 -1.115715e+00 
 9.564407e+00 -1.115728e+00 
 9.564730e+00 -1.115742e+00 
 9.565053e+00 -1.115755e+00 
 9.565376e+00 -1.115768e+00 
 9.565699e+00 -1.115782e+00 
 9.566022e+00 -1.115801e+00 
 9.566345e+00 -1.115822e+00 
 9.566668e+00 -1.115840e+00 
 9.566991e+00 -1.115855e+00 
 9.567314e+00 -1.115871e+00 
 9.567637e+00 -1.115890e+00 
 9.567960e+00 -1.115910e+00 
 9.568283e+00 -1.115929e+00 
 9.568606e+00 -1.115947e+00 
 9.568929e+00 -1.115964e+00 
 9.569252e+00 -1.115982e+00 
 9.569575e+00 -1.116001e+00 
 9.569898e+00 -1.116020e+00 
 9.570221e+00 -1.116037e+00 
 9.570544e+00 -1.116052e+00 
 9.570867e+00 -1.116067e+00 
 9.571190e+00 -1.116086e+00 
 9.571513e+00 -1.116106e+00 
 9.571836e+00 -1.116123e+00 
 9.572159e+00 -1.116136e+00 
 9.572482e+00 -1.116149e+00 
 9.572805e+00 -1.116163e+00 
 9.573128e+00 -1.116177e+00 
 9.573450e+00 -1.116189e+00 
 9.573773e+00 -1.116199e+00 
 9.574096e+00 -1.116208e+00 
 9.574419e+00 -1.116216e+00 
 9.574742e+00 -1.116225e+00 
 9.575065e+00 -1.116234e+00 
 9.575388e+00 -1.116240e+00 
 9.575711e+00 -1.116244e+00 
 9.576034e+00 -1.116246e+00 
 9.576357e+00 -1.116253e+00 
 9.576680e+00 -1.116260e+00 
 9.577003e+00 -1.116263e+00 
 9.577326e+00 -1.116263e+00 
 9.577649e+00 -1.116263e+00 
 9.577972e+00 -1.116263e+00 
 9.578295e+00 -1.116262e+00 
 9.578618e+00 -1.116260e+00 
 9.578941e+00 -1.116257e+00 
 9.579264e+00 -1.116253e+00 
 9.579587e+00 -1.116250e+00 
 9.579910e+00 -1.116248e+00 
 9.580233e+00 -1.116245e+00 
 9.580556e+00 -1.116242e+00 
 9.580879e+00 -1.116235e+00 
 9.581202e+00 -1.116229e+00 
 9.581525e+00 -1.116225e+00 
 9.581848e+00 -1.116223e+00 
 9.582171e+00 -1.116217e+00 
 9.582494e+00 -1.116209e+00 
 9.582817e+00 -1.116201e+00 
 9.583140e+00 -1.116195e+00 
 9.583463e+00 -1.116189e+00 
 9.583786e+00 -1.116184e+00 
 9.584109e+00 -1.116179e+00 
 9.584432e+00 -1.116173e+00 
 9.584755e+00 -1.116169e+00 
 9.585078e+00 -1.116167e+00 
 9.585401e+00 -1.116166e+00 
 9.585724e+00 -1.116164e+00 
 9.586047e+00 -1.116160e+00 
 9.586370e+00 -1.116156e+00 
 9.586693e+00 -1.116155e+00 
 9.587016e+00 -1.116155e+00 
 9.587339e+00 -1.116153e+00 
 9.587662e+00 -1.116149e+00 
 9.587985e+00 -1.116147e+00 
 9.588308e+00 -1.116146e+00 
 9.588631e+00 -1.116147e+00 
 9.588954e+00 -1.116149e+00 
 9.589277e+00 -1.116151e+00 
 9.589600e+00 -1.116153e+00 
 9.589923e+00 -1.116157e+00 
 9.590246e+00 -1.116163e+00 
 9.590569e+00 -1.116169e+00 
 9.590892e+00 -1.116175e+00 
 9.591215e+00 -1.116179e+00 
 9.591538e+00 -1.116182e+00 
 9.591861e+00 -1.116188e+00 
 9.592184e+00 -1.116195e+00 
 9.592507e+00 -1.116201e+00 
 9.592830e+00 -1.116205e+00 
 9.593153e+00 -1.116211e+00 
 9.593476e+00 -1.116220e+00 
 9.593799e+00 -1.116230e+00 
 9.594122e+00 -1.116241e+00 
 9.594445e+00 -1.116251e+00 
 9.594768e+00 -1.116261e+00 
 9.595091e+00 -1.116271e+00 
 9.595414e+00 -1.116283e+00 
 9.595737e+00 -1.116294e+00 
 9.596060e+00 -1.116305e+00 
 9.596383e+00 -1.116314e+00 
 9.596706e+00 -1.116323e+00 
 9.597029e+00 -1.116333e+00 
 9.597352e+00 -1.116344e+00 
 9.597675e+00 -1.116354e+00 
 9.597998e+00 -1.116363e+00 
 9.598321e+00 -1.116373e+00 
 9.598644e+00 -1.116384e+00 
 9.598967e+00 -1.116396e+00 
 9.599290e+00 -1.116407e+00 
 9.599613e+00 -1.116417e+00 
 9.599936e+00 -1.116425e+00 
 9.600259e+00 -1.116433e+00 
 9.600582e+00 -1.116441e+00 
 9.600905e+00 -1.116449e+00 
 9.601228e+00 -1.116456e+00 
 9.601551e+00 -1.116461e+00 
 9.601874e+00 -1.116465e+00 
 9.602197e+00 -1.116470e+00 
 9.602520e+00 -1.116476e+00 
 9.602843e+00 -1.116480e+00 
 9.603166e+00 -1.116483e+00 
 9.603489e+00 -1.116485e+00 
 9.603812e+00 -1.116488e+00 
 9.604135e+00 -1.116490e+00 
 9.604458e+00 -1.116491e+00 
 9.604781e+00 -1.116490e+00 
 9.605104e+00 -1.116487e+00 
 9.605427e+00 -1.116484e+00 
 9.605750e+00 -1.116482e+00 
 9.606073e+00 -1.116480e+00 
 9.606396e+00 -1.116477e+00 
 9.606719e+00 -1.116473e+00 
 9.607042e+00 -1.116468e+00 
 9.607365e+00 -1.116465e+00 
 9.607688e+00 -1.116463e+00 
 9.608011e+00 -1.116459e+00 
 9.608334e+00 -1.116454e+00 
 9.608657e+00 -1.116449e+00 
 9.608979e+00 -1.116445e+00 
 9.609302e+00 -1.116442e+00 
 9.609625e+00 -1.116439e+00 
 9.609948e+00 -1.116435e+00 
 9.610271e+00 -1.116431e+00 
 9.610594e+00 -1.116428e+00 
 9.610917e+00 -1.116427e+00 
 9.611240e+00 -1.116426e+00 
 9.611563e+00 -1.116425e+00 
 9.611886e+00 -1.116424e+00 
 9.612209e+00 -1.116423e+00 
 9.612532e+00 -1.116424e+00 
 9.612855e+00 -1.116425e+00 
 9.613178e+00 -1.116426e+00 
 9.613501e+00 -1.116427e+00 
 9.613824e+00 -1.116428e+00 
 9.614147e+00 -1.116432e+00 
 9.614470e+00 -1.116436e+00 
 9.614793e+00 -1.116441e+00 
 9.615116e+00 -1.116445e+00 
 9.615439e+00 -1.116450e+00 
 9.615762e+00 -1.116455e+00 
 9.616085e+00 -1.116461e+00 
 9.616408e+00 -1.116467e+00 
 9.616731e+00 -1.116473e+00 
 9.617054e+00 -1.116479e+00 
 9.617377e+00 -1.116485e+00 
 9.617700e+00 -1.116493e+00 
 9.618023e+00 -1.116501e+00 
 9.618346e+00 -1.116509e+00 
 9.618669e+00 -1.116516e+00 
 9.618992e+00 -1.116525e+00 
 9.619315e+00 -1.116534e+00 
 9.619638e+00 -1.116544e+00 
 9.619961e+00 -1.116554e+00 
 9.620284e+00 -1.116562e+00 
 9.620607e+00 -1.116570e+00 
 9.620930e+00 -1.116575e+00 
 9.621253e+00 -1.116582e+00 
 9.621576e+00 -1.116589e+00 
 9.621899e+00 -1.116595e+00 
 9.622222e+00 -1.116600e+00 
 9.622545e+00 -1.116606e+00 
 9.622868e+00 -1.116612e+00 
 9.623191e+00 -1.116617e+00 
 9.623514e+00 -1.116622e+00 
 9.623837e+00 -1.116626e+00 
 9.624160e+00 -1.116629e+00 
 9.624483e+00 -1.116633e+00 
 9.624806e+00 -1.116635e+00 
 9.625129e+00 -1.116636e+00 
 9.625452e+00 -1.116635e+00 
 9.625775e+00 -1.116632e+00 
 9.626098e+00 -1.116628e+00 
 9.626421e+00 -1.116625e+00 
 9.626744e+00 -1.116622e+00 
 9.627067e+00 -1.116619e+00 
 9.627390e+00 -1.116615e+00 
 9.627713e+00 -1.116611e+00 
 9.628036e+00 -1.116607e+00 
 9.628359e+00 -1.116603e+00 
 9.628682e+00 -1.116597e+00 
 9.629005e+00 -1.116590e+00 
 9.629328e+00 -1.116583e+00 
 9.629651e+00 -1.116574e+00 
 9.629974e+00 -1.116565e+00 
 9.630297e+00 -1.116555e+00 
 9.630620e+00 -1.116544e+00 
 9.630943e+00 -1.116531e+00 
 9.631266e+00 -1.116517e+00 
 9.631589e+00 -1.116506e+00 
 9.631912e+00 -1.116496e+00 
 9.632235e+00 -1.116485e+00 
 9.632558e+00 -1.116474e+00 
 9.632881e+00 -1.116463e+00 
 9.633204e+00 -1.116452e+00 
 9.633527e+00 -1.116442e+00 
 9.633850e+00 -1.116430e+00 
 9.634173e+00 -1.116417e+00 
 9.634496e+00 -1.116404e+00 
 9.634819e+00 -1.116392e+00 
 9.635142e+00 -1.116380e+00 
 9.635465e+00 -1.116369e+00 
 9.635788e+00 -1.116359e+00 
 9.636111e+00 -1.116347e+00 
 9.636434e+00 -1.116336e+00 
 9.636757e+00 -1.116329e+00 
 9.637080e+00 -1.116322e+00 
 9.637403e+00 -1.116316e+00 
 9.637726e+00 -1.116310e+00 
 9.638049e+00 -1.116305e+00 
 9.638372e+00 -1.116301e+00 
 9.638695e+00 -1.116298e+00 
 9.639018e+00 -1.116295e+00 
 9.639341e+00 -1.116291e+00 
 9.639664e+00 -1.116289e+00 
 9.639987e+00 -1.116288e+00 
 9.640310e+00 -1.116289e+00 
 9.640633e+00 -1.116291e+00 
 9.640956e+00 -1.116294e+00 
 9.641279e+00 -1.116297e+00 
 9.641602e+00 -1.116300e+00 
 9.641925e+00 -1.116306e+00 
 9.642248e+00 -1.116313e+00 
 9.642571e+00 -1.116320e+00 
 9.642894e+00 -1.116328e+00 
 9.643217e+00 -1.116337e+00 
 9.643540e+00 -1.116347e+00 
 9.643863e+00 -1.116357e+00 
 9.644185e+00 -1.116368e+00 
 9.644508e+00 -1.116379e+00 
 9.644831e+00 -1.116391e+00 
 9.645154e+00 -1.116405e+00 
 9.645477e+00 -1.116420e+00 
 9.645800e+00 -1.116436e+00 
 9.646123e+00 -1.116453e+00 
 9.646446e+00 -1.116468e+00 
 9.646769e+00 -1.116485e+00 
 9.647092e+00 -1.116503e+00 
 9.647415e+00 -1.116521e+00 
 9.647738e+00 -1.116540e+00 
 9.648061e+00 -1.116558e+00 
 9.648384e+00 -1.116577e+00 
 9.648707e+00 -1.116596e+00 
 9.649030e+00 -1.116615e+00 
 9.649353e+00 -1.116633e+00 
 9.649676e+00 -1.116651e+00 
 9.649999e+00 -1.116669e+00 
 9.650322e+00 -1.116688e+00 
 9.650645e+00 -1.116706e+00 
 9.650968e+00 -1.116725e+00 
 9.651291e+00 -1.116743e+00 
 9.651614e+00 -1.116760e+00 
 9.651937e+00 -1.116775e+00 
 9.652260e+00 -1.116792e+00 
 9.652583e+00 -1.116808e+00 
 9.652906e+00 -1.116822e+00 
 9.653229e+00 -1.116836e+00 
 9.653552e+00 -1.116849e+00 
 9.653875e+00 -1.116861e+00 
 9.654198e+00 -1.116872e+00 
 9.654521e+00 -1.116883e+00 
 9.654844e+00 -1.116892e+00 
 9.655167e+00 -1.116901e+00 
 9.655490e+00 -1.116909e+00 
 9.655813e+00 -1.116917e+00 
 9.656136e+00 -1.116925e+00 
 9.656459e+00 -1.116933e+00 
 9.656782e+00 -1.116938e+00 
 9.657105e+00 -1.116943e+00 
 9.657428e+00 -1.116949e+00 
 9.657751e+00 -1.116954e+00 
 9.658074e+00 -1.116958e+00 
 9.658397e+00 -1.116961e+00 
 9.658720e+00 -1.116963e+00 
 9.659043e+00 -1.116966e+00 
 9.659366e+00 -1.116968e+00 
 9.659689e+00 -1.116970e+00 
 9.660012e+00 -1.116971e+00 
 9.660335e+00 -1.116972e+00 
 9.660658e+00 -1.116973e+00 
 9.660981e+00 -1.116975e+00 
 9.661304e+00 -1.116979e+00 
 9.661627e+00 -1.116981e+00 
 9.661950e+00 -1.116983e+00 
 9.662273e+00 -1.116985e+00 
 9.662596e+00 -1.116988e+00 
 9.662919e+00 -1.116991e+00 
 9.663242e+00 -1.116994e+00 
 9.663565e+00 -1.116996e+00 
 9.663888e+00 -1.116999e+00 
 9.664211e+00 -1.117002e+00 
 9.664534e+00 -1.117005e+00 
 9.664857e+00 -1.117009e+00 
 9.665180e+00 -1.117013e+00 
 9.665503e+00 -1.117017e+00 
 9.665826e+00 -1.117022e+00 
 9.666149e+00 -1.117027e+00 
 9.666472e+00 -1.117034e+00 
 9.666795e+00 -1.117040e+00 
 9.667118e+00 -1.117046e+00 
 9.667441e+00 -1.117052e+00 
 9.667764e+00 -1.117059e+00 
 9.668087e+00 -1.117066e+00 
 9.668410e+00 -1.117072e+00 
 9.668733e+00 -1.117079e+00 
 9.669056e+00 -1.117086e+00 
 9.669379e+00 -1.117093e+00 
 9.669702e+00 -1.117101e+00 
 9.670025e+00 -1.117110e+00 
 9.670348e+00 -1.117118e+00 
 9.670671e+00 -1.117126e+00 
 9.670994e+00 -1.117134e+00 
 9.671317e+00 -1.117142e+00 
 9.671640e+00 -1.117152e+00 
 9.671963e+00 -1.117161e+00 
 9.672286e+00 -1.117169e+00 
 9.672609e+00 -1.117177e+00 
 9.672932e+00 -1.117185e+00 
 9.673255e+00 -1.117193e+00 
 9.673578e+00 -1.117201e+00 
 9.673901e+00 -1.117208e+00 
 9.674224e+00 -1.117215e+00 
 9.674547e+00 -1.117223e+00 
 9.674870e+00 -1.117230e+00 
 9.675193e+00 -1.117237e+00 
 9.675516e+00 -1.117244e+00 
 9.675839e+00 -1.117249e+00 
 9.676162e+00 -1.117254e+00 
 9.676485e+00 -1.117259e+00 
 9.676808e+00 -1.117264e+00 
 9.677131e+00 -1.117269e+00 
 9.677454e+00 -1.117272e+00 
 9.677777e+00 -1.117274e+00 
 9.678100e+00 -1.117276e+00 
 9.678423e+00 -1.117278e+00 
 9.678746e+00 -1.117279e+00 
 9.679069e+00 -1.117280e+00 
 9.679392e+00 -1.117280e+00 
 9.679714e+00 -1.117280e+00 
 9.680037e+00 -1.117279e+00 
 9.680360e+00 -1.117279e+00 
 9.680683e+00 -1.117278e+00 
 9.681006e+00 -1.117277e+00 
 9.681329e+00 -1.117275e+00 
 9.681652e+00 -1.117272e+00 
 9.681975e+00 -1.117270e+00 
 9.682298e+00 -1.117267e+00 
 9.682621e+00 -1.117262e+00 
 9.682944e+00 -1.117257e+00 
 9.683267e+00 -1.117252e+00 
 9.683590e+00 -1.117247e+00 
 9.683913e+00 -1.117242e+00 
 9.684236e+00 -1.117236e+00 
 9.684559e+00 -1.117231e+00 
 9.684882e+00 -1.117226e+00 
 9.685205e+00 -1.117221e+00 
 9.685528e+00 -1.117217e+00 
 9.685851e+00 -1.117215e+00 
 9.686174e+00 -1.117212e+00 
 9.686497e+00 -1.117208e+00 
 9.686820e+00 -1.117204e+00 
 9.687143e+00 -1.117201e+00 
 9.687466e+00 -1.117197e+00 
 9.687789e+00 -1.117194e+00 
 9.688112e+00 -1.117191e+00 
 9.688435e+00 -1.117189e+00 
 9.688758e+00 -1.117189e+00 
 9.689081e+00 -1.117189e+00 
 9.689404e+00 -1.117190e+00 
 9.689727e+00 -1.117192e+00 
 9.690050e+00 -1.117195e+00 
 9.690373e+00 -1.117199e+00 
 9.690696e+00 -1.117204e+00 
 9.691019e+00 -1.117212e+00 
 9.691342e+00 -1.117219e+00 
 9.691665e+00 -1.117225e+00 
 9.691988e+00 -1.117232e+00 
 9.692311e+00 -1.117239e+00 
 9.692634e+00 -1.117247e+00 
 9.692957e+00 -1.117256e+00 
 9.693280e+00 -1.117265e+00 
 9.693603e+00 -1.117276e+00 
 9.693926e+00 -1.117288e+00 
 9.694249e+00 -1.117301e+00 
 9.694572e+00 -1.117315e+00 
 9.694895e+00 -1.117329e+00 
 9.695218e+00 -1.117343e+00 
 9.695541e+00 -1.117357e+00 
 9.695864e+00 -1.117374e+00 
 9.696187e+00 -1.117391e+00 
 9.696510e+00 -1.117407e+00 
 9.696833e+00 -1.117422e+00 
 9.697156e+00 -1.117437e+00 
 9.697479e+00 -1.117453e+00 
 9.697802e+00 -1.117470e+00 
 9.698125e+00 -1.117486e+00 
 9.698448e+00 -1.117503e+00 
 9.698771e+00 -1.117520e+00 
 9.699094e+00 -1.117538e+00 
 9.699417e+00 -1.117555e+00 
 9.699740e+00 -1.117573e+00 
 9.700063e+00 -1.117589e+00 
 9.700386e+00 -1.117604e+00 
 9.700709e+00 -1.117619e+00 
 9.701032e+00 -1.117635e+00 
 9.701355e+00 -1.117651e+00 
 9.701678e+00 -1.117666e+00 
 9.702001e+00 -1.117679e+00 
 9.702324e+00 -1.117692e+00 
 9.702647e+00 -1.117705e+00 
 9.702970e+00 -1.117716e+00 
 9.703293e+00 -1.117728e+00 
 9.703616e+00 -1.117738e+00 
 9.703939e+00 -1.117748e+00 
 9.704262e+00 -1.117758e+00 
 9.704585e+00 -1.117766e+00 
 9.704908e+00 -1.117773e+00 
 9.705231e+00 -1.117779e+00 
 9.705554e+00 -1.117784e+00 
 9.705877e+00 -1.117788e+00 
 9.706200e+00 -1.117792e+00 
 9.706523e+00 -1.117798e+00 
 9.706846e+00 -1.117801e+00 
 9.707169e+00 -1.117803e+00 
 9.707492e+00 -1.117804e+00 
 9.707815e+00 -1.117804e+00 
 9.708138e+00 -1.117803e+00 
 9.708461e+00 -1.117802e+00 
 9.708784e+00 -1.117799e+00 
 9.709107e+00 -1.117797e+00 
 9.709430e+00 -1.117793e+00 
 9.709753e+00 -1.117789e+00 
 9.710076e+00 -1.117785e+00 
 9.710399e+00 -1.117779e+00 
 9.710722e+00 -1.117773e+00 
 9.711045e+00 -1.117767e+00 
 9.711368e+00 -1.117762e+00 
 9.711691e+00 -1.117756e+00 
 9.712014e+00 -1.117750e+00 
 9.712337e+00 -1.117742e+00 
 9.712660e+00 -1.117734e+00 
 9.712983e+00 -1.117725e+00 
 9.713306e+00 -1.117716e+00 
 9.713629e+00 -1.117708e+00 
 9.713952e+00 -1.117700e+00 
 9.714275e+00 -1.117692e+00 
 9.714598e+00 -1.117685e+00 
 9.714920e+00 -1.117679e+00 
 9.715243e+00 -1.117673e+00 
 9.715566e+00 -1.117667e+00 
 9.715889e+00 -1.117660e+00 
 9.716212e+00 -1.117654e+00 
 9.716535e+00 -1.117649e+00 
 9.716858e+00 -1.117645e+00 
 9.717181e+00 -1.117640e+00 
 9.717504e+00 -1.117635e+00 
 9.717827e+00 -1.117631e+00 
 9.718150e+00 -1.117627e+00 
 9.718473e+00 -1.117624e+00 
 9.718796e+00 -1.117623e+00 
 9.719119e+00 -1.117622e+00 
 9.719442e+00 -1.117622e+00 
 9.719765e+00 -1.117623e+00 
 9.720088e+00 -1.117624e+00 
 9.720411e+00 -1.117626e+00 
 9.720734e+00 -1.117626e+00 
 9.721057e+00 -1.117625e+00 
 9.721380e+00 -1.117625e+00 
 9.721703e+00 -1.117626e+00 
 9.722026e+00 -1.117628e+00 
 9.722349e+00 -1.117630e+00 
 9.722672e+00 -1.117631e+00 
 9.722995e+00 -1.117633e+00 
 9.723318e+00 -1.117636e+00 
 9.723641e+00 -1.117639e+00 
 9.723964e+00 -1.117643e+00 
 9.724287e+00 -1.117647e+00 
 9.724610e+00 -1.117651e+00 
 9.724933e+00 -1.117654e+00 
 9.725256e+00 -1.117657e+00 
 9.725579e+00 -1.117659e+00 
 9.725902e+00 -1.117660e+00 
 9.726225e+00 -1.117659e+00 
 9.726548e+00 -1.117659e+00 
 9.726871e+00 -1.117661e+00 
 9.727194e+00 -1.117663e+00 
 9.727517e+00 -1.117664e+00 
 9.727840e+00 -1.117665e+00 
 9.728163e+00 -1.117667e+00 
 9.728486e+00 -1.117668e+00 
 9.728809e+00 -1.117670e+00 
 9.729132e+00 -1.117671e+00 
 9.729455e+00 -1.117671e+00 
 9.729778e+00 -1.117671e+00 
 9.730101e+00 -1.117670e+00 
 9.730424e+00 -1.117669e+00 
 9.730747e+00 -1.117668e+00 
 9.731070e+00 -1.117665e+00 
 9.731393e+00 -1.117662e+00 
 9.731716e+00 -1.117660e+00 
 9.732039e+00 -1.117659e+00 
 9.732362e+00 -1.117659e+00 
 9.732685e+00 -1.117658e+00 
 9.733008e+00 -1.117657e+00 
 9.733331e+00 -1.117656e+00 
 9.733654e+00 -1.117655e+00 
 9.733977e+00 -1.117654e+00 
 9.734300e+00 -1.117652e+00 
 9.734623e+00 -1.117650e+00 
 9.734946e+00 -1.117648e+00 
 9.735269e+00 -1.117647e+00 
 9.735592e+00 -1.117646e+00 
 9.735915e+00 -1.117646e+00 
 9.736238e+00 -1.117645e+00 
 9.736561e+00 -1.117643e+00 
 9.736884e+00 -1.117643e+00 
 9.737207e+00 -1.117644e+00 
 9.737530e+00 -1.117646e+00 
 9.737853e+00 -1.117647e+00 
 9.738176e+00 -1.117648e+00 
 9.738499e+00 -1.117649e+00 
 9.738822e+00 -1.117651e+00 
 9.739145e+00 -1.117654e+00 
 9.739468e+00 -1.117657e+00 
 9.739791e+00 -1.117661e+00 
 9.740114e+00 -1.117665e+00 
 9.740437e+00 -1.117670e+00 
 9.740760e+00 -1.117676e+00 
 9.741083e+00 -1.117682e+00 
 9.741406e+00 -1.117688e+00 
 9.741729e+00 -1.117694e+00 
 9.742052e+00 -1.117701e+00 
 9.742375e+00 -1.117710e+00 
 9.742698e+00 -1.117720e+00 
 9.743021e+00 -1.117730e+00 
 9.743344e+00 -1.117741e+00 
 9.743667e+00 -1.117752e+00 
 9.743990e+00 -1.117764e+00 
 9.744313e+00 -1.117777e+00 
 9.744636e+00 -1.117790e+00 
 9.744959e+00 -1.117803e+00 
 9.745282e+00 -1.117817e+00 
 9.745605e+00 -1.117830e+00 
 9.745928e+00 -1.117844e+00 
 9.746251e+00 -1.117858e+00 
 9.746574e+00 -1.117871e+00 
 9.746897e+00 -1.117885e+00 
 9.747220e+00 -1.117900e+00 
 9.747543e+00 -1.117916e+00 
 9.747866e+00 -1.117933e+00 
 9.748189e+00 -1.117950e+00 
 9.748512e+00 -1.117967e+00 
 9.748835e+00 -1.117983e+00 
 9.749158e+00 -1.117999e+00 
 9.749481e+00 -1.118015e+00 
 9.749804e+00 -1.118031e+00 
 9.750127e+00 -1.118045e+00 
 9.750449e+00 -1.118058e+00 
 9.750772e+00 -1.118070e+00 
 9.751095e+00 -1.118081e+00 
 9.751418e+00 -1.118093e+00 
 9.751741e+00 -1.118105e+00 
 9.752064e+00 -1.118117e+00 
 9.752387e+00 -1.118130e+00 
 9.752710e+00 -1.118142e+00 
 9.753033e+00 -1.118155e+00 
 9.753356e+00 -1.118166e+00 
 9.753679e+00 -1.118175e+00 
 9.754002e+00 -1.118183e+00 
 9.754325e+00 -1.118190e+00 
 9.754648e+00 -1.118196e+00 
 9.754971e+00 -1.118201e+00 
 9.755294e+00 -1.118204e+00 
 9.755617e+00 -1.118207e+00 
 9.755940e+00 -1.118208e+00 
 9.756263e+00 -1.118208e+00 
 9.756586e+00 -1.118209e+00 
 9.756909e+00 -1.118210e+00 
 9.757232e+00 -1.118210e+00 
 9.757555e+00 -1.118210e+00 
 9.757878e+00 -1.118209e+00 
 9.758201e+00 -1.118207e+00 
 9.758524e+00 -1.118204e+00 
 9.758847e+00 -1.118199e+00 
 9.759170e+00 -1.118192e+00 
 9.759493e+00 -1.118185e+00 
 9.759816e+00 -1.118178e+00 
 9.760139e+00 -1.118170e+00 
 9.760462e+00 -1.118163e+00 
 9.760785e+00 -1.118155e+00 
 9.761108e+00 -1.118146e+00 
 9.761431e+00 -1.118136e+00 
 9.761754e+00 -1.118128e+00 
 9.762077e+00 -1.118120e+00 
 9.762400e+00 -1.118110e+00 
 9.762723e+00 -1.118102e+00 
 9.763046e+00 -1.118093e+00 
 9.763369e+00 -1.118083e+00 
 9.763692e+00 -1.118074e+00 
 9.764015e+00 -1.118063e+00 
 9.764338e+00 -1.118053e+00 
 9.764661e+00 -1.118044e+00 
 9.764984e+00 -1.118036e+00 
 9.765307e+00 -1.118029e+00 
 9.765630e+00 -1.118023e+00 
 9.765953e+00 -1.118018e+00 
 9.766276e+00 -1.118012e+00 
 9.766599e+00 -1.118006e+00 
 9.766922e+00 -1.118001e+00 
 9.767245e+00 -1.117997e+00 
 9.767568e+00 -1.117993e+00 
 9.767891e+00 -1.117990e+00 
 9.768214e+00 -1.117989e+00 
 9.768537e+00 -1.117987e+00 
 9.768860e+00 -1.117986e+00 
 9.769183e+00 -1.117986e+00 
 9.769506e+00 -1.117987e+00 
 9.769829e+00 -1.117989e+00 
 9.770152e+00 -1.117992e+00 
 9.770475e+00 -1.117995e+00 
 9.770798e+00 -1.118001e+00 
 9.771121e+00 -1.118007e+00 
 9.771444e+00 -1.118012e+00 
 9.771767e+00 -1.118016e+00 
 9.772090e+00 -1.118022e+00 
 9.772413e+00 -1.118029e+00 
 9.772736e+00 -1.118036e+00 
 9.773059e+00 -1.118044e+00 
 9.773382e+00 -1.118052e+00 
 9.773705e+00 -1.118060e+00 
 9.774028e+00 -1.118068e+00 
 9.774351e+00 -1.118076e+00 
 9.774674e+00 -1.118084e+00 
 9.774997e+00 -1.118093e+00 
 9.775320e+00 -1.118101e+00 
 9.775643e+00 -1.118110e+00 
 9.775966e+00 -1.118121e+00 
 9.776289e+00 -1.118133e+00 
 9.776612e+00 -1.118142e+00 
 9.776935e+00 -1.118151e+00 
 9.777258e+00 -1.118161e+00 
 9.777581e+00 -1.118172e+00 
 9.777904e+00 -1.118182e+00 
 9.778227e+00 -1.118192e+00 
 9.778550e+00 -1.118202e+00 
 9.778873e+00 -1.118211e+00 
 9.779196e+00 -1.118219e+00 
 9.779519e+00 -1.118228e+00 
 9.779842e+00 -1.118235e+00 
 9.780165e+00 -1.118242e+00 
 9.780488e+00 -1.118250e+00 
 9.780811e+00 -1.118258e+00 
 9.781134e+00 -1.118268e+00 
 9.781457e+00 -1.118278e+00 
 9.781780e+00 -1.118286e+00 
 9.782103e+00 -1.118294e+00 
 9.782426e+00 -1.118301e+00 
 9.782749e+00 -1.118308e+00 
 9.783072e+00 -1.118314e+00 
 9.783395e+00 -1.118320e+00 
 9.783718e+00 -1.118326e+00 
 9.784041e+00 -1.118330e+00 
 9.784364e+00 -1.118334e+00 
 9.784687e+00 -1.118338e+00 
 9.785010e+00 -1.118342e+00 
 9.785333e+00 -1.118345e+00 
 9.785655e+00 -1.118349e+00 
 9.785978e+00 -1.118354e+00 
 9.786301e+00 -1.118361e+00 
 9.786624e+00 -1.118368e+00 
 9.786947e+00 -1.118372e+00 
 9.787270e+00 -1.118375e+00 
 9.787593e+00 -1.118379e+00 
 9.787916e+00 -1.118382e+00 
 9.788239e+00 -1.118385e+00 
 9.788562e+00 -1.118388e+00 
 9.788885e+00 -1.118391e+00 
 9.789208e+00 -1.118393e+00 
 9.789531e+00 -1.118396e+00 
 9.789854e+00 -1.118400e+00 
 9.790177e+00 -1.118404e+00 
 9.790500e+00 -1.118409e+00 
 9.790823e+00 -1.118414e+00 
 9.791146e+00 -1.118420e+00 
 9.791469e+00 -1.118428e+00 
 9.791792e+00 -1.118435e+00 
 9.792115e+00 -1.118441e+00 
 9.792438e+00 -1.118446e+00 
 9.792761e+00 -1.118452e+00 
 9.793084e+00 -1.118458e+00 
 9.793407e+00 -1.118464e+00 
 9.793730e+00 -1.118471e+00 
 9.794053e+00 -1.118479e+00 
 9.794376e+00 -1.118487e+00 
 9.794699e+00 -1.118497e+00 
 9.795022e+00 -1.118508e+00 
 9.795345e+00 -1.118519e+00 
 9.795668e+00 -1.118530e+00 
 9.795991e+00 -1.118540e+00 
 9.796314e+00 -1.118552e+00 
 9.796637e+00 -1.118565e+00 
 9.796960e+00 -1.118577e+00 
 9.797283e+00 -1.118588e+00 
 9.797606e+00 -1.118599e+00 
 9.797929e+00 -1.118610e+00 
 9.798252e+00 -1.118622e+00 
 9.798575e+00 -1.118633e+00 
 9.798898e+00 -1.118646e+00 
 9.799221e+00 -1.118659e+00 
 9.799544e+00 -1.118672e+00 
 9.799867e+00 -1.118685e+00 
 9.800190e+00 -1.118698e+00 
 9.800513e+00 -1.118711e+00 
 9.800836e+00 -1.118722e+00 
 9.801159e+00 -1.118731e+00 
 9.801482e+00 -1.118742e+00 
 9.801805e+00 -1.118752e+00 
 9.802128e+00 -1.118761e+00 
 9.802451e+00 -1.118769e+00 
 9.802774e+00 -1.118776e+00 
 9.803097e+00 -1.118783e+00 
 9.803420e+00 -1.118790e+00 
 9.803743e+00 -1.118797e+00 
 9.804066e+00 -1.118803e+00 
 9.804389e+00 -1.118809e+00 
 9.804712e+00 -1.118814e+00 
 9.805035e+00 -1.118818e+00 
 9.805358e+00 -1.118822e+00 
 9.805681e+00 -1.118824e+00 
 9.806004e+00 -1.118823e+00 
 9.806327e+00 -1.118822e+00 
 9.806650e+00 -1.118821e+00 
 9.806973e+00 -1.118820e+00 
 9.807296e+00 -1.118818e+00 
 9.807619e+00 -1.118814e+00 
 9.807942e+00 -1.118809e+00 
 9.808265e+00 -1.118804e+00 
 9.808588e+00 -1.118799e+00 
 9.808911e+00 -1.118794e+00 
 9.809234e+00 -1.118788e+00 
 9.809557e+00 -1.118781e+00 
 9.809880e+00 -1.118774e+00 
 9.810203e+00 -1.118766e+00 
 9.810526e+00 -1.118759e+00 
 9.810849e+00 -1.118751e+00 
 9.811172e+00 -1.118742e+00 
 9.811495e+00 -1.118732e+00 
 9.811818e+00 -1.118723e+00 
 9.812141e+00 -1.118714e+00 
 9.812464e+00 -1.118704e+00 
 9.812787e+00 -1.118694e+00 
 9.813110e+00 -1.118684e+00 
 9.813433e+00 -1.118674e+00 
 9.813756e+00 -1.118665e+00 
 9.814079e+00 -1.118656e+00 
 9.814402e+00 -1.118648e+00 
 9.814725e+00 -1.118640e+00 
 9.815048e+00 -1.118633e+00 
 9.815371e+00 -1.118626e+00 
 9.815694e+00 -1.118621e+00 
 9.816017e+00 -1.118619e+00 
 9.816340e+00 -1.118614e+00 
 9.816663e+00 -1.118608e+00 
 9.816986e+00 -1.118604e+00 
 9.817309e+00 -1.118601e+00 
 9.817632e+00 -1.118598e+00 
 9.817955e+00 -1.118595e+00 
 9.818278e+00 -1.118594e+00 
 9.818601e+00 -1.118593e+00 
 9.818924e+00 -1.118594e+00 
 9.819247e+00 -1.118596e+00 
 9.819570e+00 -1.118599e+00 
 9.819893e+00 -1.118603e+00 
 9.820216e+00 -1.118608e+00 
 9.820539e+00 -1.118613e+00 
 9.820861e+00 -1.118622e+00 
 9.821184e+00 -1.118631e+00 
 9.821507e+00 -1.118639e+00 
 9.821830e+00 -1.118646e+00 
 9.822153e+00 -1.118654e+00 
 9.822476e+00 -1.118664e+00 
 9.822799e+00 -1.118674e+00 
 9.823122e+00 -1.118685e+00 
 9.823445e+00 -1.118697e+00 
 9.823768e+00 -1.118710e+00 
 9.824091e+00 -1.118724e+00 
 9.824414e+00 -1.118740e+00 
 9.824737e+00 -1.118755e+00 
 9.825060e+00 -1.118770e+00 
 9.825383e+00 -1.118785e+00 
 9.825706e+00 -1.118800e+00 
 9.826029e+00 -1.118816e+00 
 9.826352e+00 -1.118833e+00 
 9.826675e+00 -1.118848e+00 
 9.826998e+00 -1.118862e+00 
 9.827321e+00 -1.118878e+00 
 9.827644e+00 -1.118895e+00 
 9.827967e+00 -1.118911e+00 
 9.828290e+00 -1.118928e+00 
 9.828613e+00 -1.118944e+00 
 9.828936e+00 -1.118961e+00 
 9.829259e+00 -1.118977e+00 
 9.829582e+00 -1.118994e+00 
 9.829905e+00 -1.119009e+00 
 9.830228e+00 -1.119022e+00 
 9.830551e+00 -1.119034e+00 
 9.830874e+00 -1.119044e+00 
 9.831197e+00 -1.119055e+00 
 9.831520e+00 -1.119068e+00 
 9.831843e+00 -1.119078e+00 
 9.832166e+00 -1.119088e+00 
 9.832489e+00 -1.119099e+00 
 9.832812e+00 -1.119109e+00 
 9.833135e+00 -1.119118e+00 
 9.833458e+00 -1.119127e+00 
 9.833781e+00 -1.119135e+00 
 9.834104e+00 -1.119141e+00 
 9.834427e+00 -1.119147e+00 
 9.834750e+00 -1.119153e+00 
 9.835073e+00 -1.119157e+00 
 9.835396e+00 -1.119159e+00 
 9.835719e+00 -1.119160e+00 
 9.836042e+00 -1.119160e+00 
 9.836365e+00 -1.119161e+00 
 9.836688e+00 -1.119164e+00 
 9.837011e+00 -1.119166e+00 
 9.837334e+00 -1.119166e+00 
 9.837657e+00 -1.119167e+00 
 9.837980e+00 -1.119168e+00 
 9.838303e+00 -1.119168e+00 
 9.838626e+00 -1.119168e+00 
 9.838949e+00 -1.119167e+00 
 9.839272e+00 -1.119166e+00 
 9.839595e+00 -1.119164e+00 
 9.839918e+00 -1.119163e+00 
 9.840241e+00 -1.119162e+00 
 9.840564e+00 -1.119161e+00 
 9.840887e+00 -1.119158e+00 
 9.841210e+00 -1.119154e+00 
 9.841533e+00 -1.119153e+00 
 9.841856e+00 -1.119153e+00 
 9.842179e+00 -1.119152e+00 
 9.842502e+00 -1.119150e+00 
 9.842825e+00 -1.119150e+00 
 9.843148e+00 -1.119149e+00 
 9.843471e+00 -1.119149e+00 
 9.843794e+00 -1.119149e+00 
 9.844117e+00 -1.119149e+00 
 9.844440e+00 -1.119149e+00 
 9.844763e+00 -1.119151e+00 
 9.845086e+00 -1.119153e+00 
 9.845409e+00 -1.119156e+00 
 9.845732e+00 -1.119158e+00 
 9.846055e+00 -1.119159e+00 
 9.846378e+00 -1.119159e+00 
 9.846701e+00 -1.119161e+00 
 9.847024e+00 -1.119165e+00 
 9.847347e+00 -1.119168e+00 
 9.847670e+00 -1.119171e+00 
 9.847993e+00 -1.119175e+00 
 9.848316e+00 -1.119181e+00 
 9.848639e+00 -1.119186e+00 
 9.848962e+00 -1.119192e+00 
 9.849285e+00 -1.119198e+00 
 9.849608e+00 -1.119204e+00 
 9.849931e+00 -1.119210e+00 
 9.850254e+00 -1.119217e+00 
 9.850577e+00 -1.119223e+00 
 9.850900e+00 -1.119227e+00 
 9.851223e+00 -1.119230e+00 
 9.851546e+00 -1.119233e+00 
 9.851869e+00 -1.119237e+00 
 9.852192e+00 -1.119243e+00 
 9.852515e+00 -1.119248e+00 
 9.852838e+00 -1.119253e+00 
 9.853161e+00 -1.119258e+00 
 9.853484e+00 -1.119263e+00 
 9.853807e+00 -1.119268e+00 
 9.854130e+00 -1.119272e+00 
 9.854453e+00 -1.119275e+00 
 9.854776e+00 -1.119276e+00 
 9.855099e+00 -1.119277e+00 
 9.855422e+00 -1.119278e+00 
 9.855745e+00 -1.119278e+00 
 9.856068e+00 -1.119276e+00 
 9.856390e+00 -1.119273e+00 
 9.856713e+00 -1.119270e+00 
 9.857036e+00 -1.119268e+00 
 9.857359e+00 -1.119268e+00 
 9.857682e+00 -1.119266e+00 
 9.858005e+00 -1.119264e+00 
 9.858328e+00 -1.119261e+00 
 9.858651e+00 -1.119257e+00 
 9.858974e+00 -1.119252e+00 
 9.859297e+00 -1.119247e+00 
 9.859620e+00 -1.119239e+00 
 9.859943e+00 -1.119231e+00 
 9.860266e+00 -1.119222e+00 
 9.860589e+00 -1.119214e+00 
 9.860912e+00 -1.119205e+00 
 9.861235e+00 -1.119196e+00 
 9.861558e+00 -1.119187e+00 
 9.861881e+00 -1.119178e+00 
 9.862204e+00 -1.119170e+00 
 9.862527e+00 -1.119163e+00 
 9.862850e+00 -1.119156e+00 
 9.863173e+00 -1.119147e+00 
 9.863496e+00 -1.119138e+00 
 9.863819e+00 -1.119130e+00 
 9.864142e+00 -1.119120e+00 
 9.864465e+00 -1.119111e+00 
 9.864788e+00 -1.119101e+00 
 9.865111e+00 -1.119092e+00 
 9.865434e+00 -1.119084e+00 
 9.865757e+00 -1.119079e+00 
 9.866080e+00 -1.119074e+00 
 9.866403e+00 -1.119069e+00 
 9.866726e+00 -1.119064e+00 
 9.867049e+00 -1.119060e+00 
 9.867372e+00 -1.119058e+00 
 9.867695e+00 -1.119057e+00 
 9.868018e+00 -1.119056e+00 
 9.868341e+00 -1.119055e+00 
 9.868664e+00 -1.119055e+00 
 9.868987e+00 -1.119055e+00 
 9.869310e+00 -1.119056e+00 
 9.869633e+00 -1.119058e+00 
 9.869956e+00 -1.119061e+00 
 9.870279e+00 -1.119065e+00 
 9.870602e+00 -1.119071e+00 
 9.870925e+00 -1.119080e+00 
 9.871248e+00 -1.119089e+00 
 9.871571e+00 -1.119098e+00 
 9.871894e+00 -1.119107e+00 
 9.872217e+00 -1.119118e+00 
 9.872540e+00 -1.119130e+00 
 9.872863e+00 -1.119143e+00 
 9.873186e+00 -1.119156e+00 
 9.873509e+00 -1.119170e+00 
 9.873832e+00 -1.119184e+00 
 9.874155e+00 -1.119199e+00 
 9.874478e+00 -1.119215e+00 
 9.874801e+00 -1.119231e+00 
 9.875124e+00 -1.119249e+00 
 9.875447e+00 -1.119267e+00 
 9.875770e+00 -1.119286e+00 
 9.876093e+00 -1.119308e+00 
 9.876416e+00 -1.119329e+00 
 9.876739e+00 -1.119349e+00 
 9.877062e+00 -1.119368e+00 
 9.877385e+00 -1.119388e+00 
 9.877708e+00 -1.119409e+00 
 9.878031e+00 -1.119430e+00 
 9.878354e+00 -1.119451e+00 
 9.878677e+00 -1.119470e+00 
 9.879000e+00 -1.119489e+00 
 9.879323e+00 -1.119508e+00 
 9.879646e+00 -1.119527e+00 
 9.879969e+00 -1.119546e+00 
 9.880292e+00 -1.119564e+00 
 9.880615e+00 -1.119581e+00 
 9.880938e+00 -1.119600e+00 
 9.881261e+00 -1.119620e+00 
 9.881584e+00 -1.119639e+00 
 9.881907e+00 -1.119655e+00 
 9.882230e+00 -1.119669e+00 
 9.882553e+00 -1.119684e+00 
 9.882876e+00 -1.119698e+00 
 9.883199e+00 -1.119711e+00 
 9.883522e+00 -1.119723e+00 
 9.883845e+00 -1.119733e+00 
 9.884168e+00 -1.119742e+00 
 9.884491e+00 -1.119752e+00 
 9.884814e+00 -1.119760e+00 
 9.885137e+00 -1.119768e+00 
 9.885460e+00 -1.119775e+00 
 9.885783e+00 -1.119781e+00 
 9.886106e+00 -1.119789e+00 
 9.886429e+00 -1.119797e+00 
 9.886752e+00 -1.119803e+00 
 9.887075e+00 -1.119806e+00 
 9.887398e+00 -1.119808e+00 
 9.887721e+00 -1.119810e+00 
 9.888044e+00 -1.119811e+00 
 9.888367e+00 -1.119811e+00 
 9.888690e+00 -1.119811e+00 
 9.889013e+00 -1.119809e+00 
 9.889336e+00 -1.119807e+00 
 9.889659e+00 -1.119805e+00 
 9.889982e+00 -1.119803e+00 
 9.890305e+00 -1.119801e+00 
 9.890628e+00 -1.119798e+00 
 9.890951e+00 -1.119795e+00 
 9.891274e+00 -1.119794e+00 
 9.891596e+00 -1.119793e+00 
 9.891919e+00 -1.119790e+00 
 9.892242e+00 -1.119786e+00 
 9.892565e+00 -1.119780e+00 
 9.892888e+00 -1.119775e+00 
 9.893211e+00 -1.119771e+00 
 9.893534e+00 -1.119766e+00 
 9.893857e+00 -1.119762e+00 
 9.894180e+00 -1.119757e+00 
 9.894503e+00 -1.119753e+00 
 9.894826e+00 -1.119750e+00 
 9.895149e+00 -1.119747e+00 
 9.895472e+00 -1.119745e+00 
 9.895795e+00 -1.119742e+00 
 9.896118e+00 -1.119740e+00 
 9.896441e+00 -1.119740e+00 
 9.896764e+00 -1.119741e+00 
 9.897087e+00 -1.119741e+00 
 9.897410e+00 -1.119739e+00 
 9.897733e+00 -1.119738e+00 
 9.898056e+00 -1.119738e+00 
 9.898379e+00 -1.119739e+00 
 9.898702e+00 -1.119741e+00 
 9.899025e+00 -1.119743e+00 
 9.899348e+00 -1.119745e+00 
 9.899671e+00 -1.119748e+00 
 9.899994e+00 -1.119753e+00 
 9.900317e+00 -1.119758e+00 
 9.900640e+00 -1.119764e+00 
 9.900963e+00 -1.119770e+00 
 9.901286e+00 -1.119777e+00 
 9.901609e+00 -1.119785e+00 
 9.901932e+00 -1.119793e+00 
 9.902255e+00 -1.119801e+00 
 9.902578e+00 -1.119807e+00 
 9.902901e+00 -1.119814e+00 
 9.903224e+00 -1.119821e+00 
 9.903547e+00 -1.119829e+00 
 9.903870e+00 -1.119837e+00 
 9.904193e+00 -1.119846e+00 
 9.904516e+00 -1.119854e+00 
 9.904839e+00 -1.119863e+00 
 9.905162e+00 -1.119873e+00 
 9.905485e+00 -1.119884e+00 
 9.905808e+00 -1.119893e+00 
 9.906131e+00 -1.119902e+00 
 9.906454e+00 -1.119912e+00 
 9.906777e+00 -1.119921e+00 
 9.907100e+00 -1.119930e+00 
 9.907423e+00 -1.119938e+00 
 9.907746e+00 -1.119944e+00 
 9.908069e+00 -1.119949e+00 
 9.908392e+00 -1.119955e+00 
 9.908715e+00 -1.119961e+00 
 9.909038e+00 -1.119968e+00 
 9.909361e+00 -1.119974e+00 
 9.909684e+00 -1.119981e+00 
 9.910007e+00 -1.119987e+00 
 9.910330e+00 -1.119994e+00 
 9.910653e+00 -1.120000e+00 
 9.910976e+00 -1.120005e+00 
 9.911299e+00 -1.120009e+00 
 9.911622e+00 -1.120012e+00 
 9.911945e+00 -1.120016e+00 
 9.912268e+00 -1.120018e+00 
 9.912591e+00 -1.120020e+00 
 9.912914e+00 -1.120020e+00 
 9.913237e+00 -1.120021e+00 
 9.913560e+00 -1.120023e+00 
 9.913883e+00 -1.120025e+00 
 9.914206e+00 -1.120029e+00 
 9.914529e+00 -1.120032e+00 
 9.914852e+00 -1.120035e+00 
 9.915175e+00 -1.120038e+00 
 9.915498e+00 -1.120041e+00 
 9.915821e+00 -1.120043e+00 
 9.916144e+00 -1.120045e+00 
 9.916467e+00 -1.120046e+00 
 9.916790e+00 -1.120047e+00 
 9.917113e+00 -1.120049e+00 
 9.917436e+00 -1.120051e+00 
 9.917759e+00 -1.120053e+00 
 9.918082e+00 -1.120056e+00 
 9.918405e+00 -1.120059e+00 
 9.918728e+00 -1.120064e+00 
 9.919051e+00 -1.120071e+00 
 9.919374e+00 -1.120078e+00 
 9.919697e+00 -1.120084e+00 
 9.920020e+00 -1.120091e+00 
 9.920343e+00 -1.120098e+00 
 9.920666e+00 -1.120105e+00 
 9.920989e+00 -1.120111e+00 
 9.921312e+00 -1.120117e+00 
 9.921635e+00 -1.120123e+00 
 9.921958e+00 -1.120131e+00 
 9.922281e+00 -1.120140e+00 
 9.922604e+00 -1.120150e+00 
 9.922927e+00 -1.120160e+00 
 9.923250e+00 -1.120170e+00 
 9.923573e+00 -1.120181e+00 
 9.923896e+00 -1.120193e+00 
 9.924219e+00 -1.120207e+00 
 9.924542e+00 -1.120220e+00 
 9.924865e+00 -1.120232e+00 
 9.925188e+00 -1.120244e+00 
 9.925511e+00 -1.120257e+00 
 9.925834e+00 -1.120270e+00 
 9.926157e+00 -1.120281e+00 
 9.926480e+00 -1.120293e+00 
 9.926803e+00 -1.120305e+00 
 9.927125e+00 -1.120319e+00 
 9.927448e+00 -1.120333e+00 
 9.927771e+00 -1.120348e+00 
 9.928094e+00 -1.120362e+00 
 9.928417e+00 -1.120376e+00 
 9.928740e+00 -1.120390e+00 
 9.929063e+00 -1.120404e+00 
 9.929386e+00 -1.120419e+00 
 9.929709e+00 -1.120433e+00 
 9.930032e+00 -1.120446e+00 
 9.930355e+00 -1.120458e+00 
 9.930678e+00 -1.120470e+00 
 9.931001e+00 -1.120482e+00 
 9.931324e+00 -1.120492e+00 
 9.931647e+00 -1.120502e+00 
 9.931970e+00 -1.120512e+00 
 9.932293e+00 -1.120522e+00 
 9.932616e+00 -1.120531e+00 
 9.932939e+00 -1.120541e+00 
 9.933262e+00 -1.120549e+00 
 9.933585e+00 -1.120556e+00 
 9.933908e+00 -1.120563e+00 
 9.934231e+00 -1.120570e+00 
 9.934554e+00 -1.120576e+00 
 9.934877e+00 -1.120581e+00 
 9.935200e+00 -1.120584e+00 
 9.935523e+00 -1.120587e+00 
 9.935846e+00 -1.120589e+00 
 9.936169e+00 -1.120590e+00 
 9.936492e+00 -1.120589e+00 
 9.936815e+00 -1.120587e+00 
 9.937138e+00 -1.120585e+00 
 9.937461e+00 -1.120583e+00 
 9.937784e+00 -1.120580e+00 
 9.938107e+00 -1.120577e+00 
 9.938430e+00 -1.120573e+00 
 9.938753e+00 -1.120568e+00 
 9.939076e+00 -1.120562e+00 
 9.939399e+00 -1.120557e+00 
 9.939722e+00 -1.120550e+00 
 9.940045e+00 -1.120542e+00 
 9.940368e+00 -1.120533e+00 
 9.940691e+00 -1.120524e+00 
 9.941014e+00 -1.120514e+00 
 9.941337e+00 -1.120503e+00 
 9.941660e+00 -1.120491e+00 
 9.941983e+00 -1.120479e+00 
 9.942306e+00 -1.120468e+00 
 9.942629e+00 -1.120457e+00 
 9.942952e+00 -1.120447e+00 
 9.943275e+00 -1.120437e+00 
 9.943598e+00 -1.120426e+00 
 9.943921e+00 -1.120415e+00 
 9.944244e+00 -1.120403e+00 
 9.944567e+00 -1.120393e+00 
 9.944890e+00 -1.120381e+00 
 9.945213e+00 -1.120370e+00 
 9.945536e+00 -1.120358e+00 
 9.945859e+00 -1.120346e+00 
 9.946182e+00 -1.120335e+00 
 9.946505e+00 -1.120325e+00 
 9.946828e+00 -1.120315e+00 
 9.947151e+00 -1.120306e+00 
 9.947474e+00 -1.120298e+00 
 9.947797e+00 -1.120291e+00 
 9.948120e+00 -1.120285e+00 
 9.948443e+00 -1.120280e+00 
 9.948766e+00 -1.120274e+00 
 9.949089e+00 -1.120269e+00 
 9.949412e+00 -1.120264e+00 
 9.949735e+00 -1.120259e+00 
 9.950058e+00 -1.120255e+00 
 9.950381e+00 -1.120251e+00 
 9.950704e+00 -1.120247e+00 
 9.951027e+00 -1.120244e+00 
 9.951350e+00 -1.120242e+00 
 9.951673e+00 -1.120241e+00 
 9.951996e+00 -1.120241e+00 
 9.952319e+00 -1.120242e+00 
 9.952642e+00 -1.120244e+00 
 9.952965e+00 -1.120247e+00 
 9.953288e+00 -1.120251e+00 
 9.953611e+00 -1.120255e+00 
 9.953934e+00 -1.120258e+00 
 9.954257e+00 -1.120261e+00 
 9.954580e+00 -1.120264e+00 
 9.954903e+00 -1.120268e+00 
 9.955226e+00 -1.120272e+00 
 9.955549e+00 -1.120276e+00 
 9.955872e+00 -1.120281e+00 
 9.956195e+00 -1.120286e+00 
 9.956518e+00 -1.120292e+00 
 9.956841e+00 -1.120299e+00 
 9.957164e+00 -1.120306e+00 
 9.957487e+00 -1.120313e+00 
 9.957810e+00 -1.120320e+00 
 9.958133e+00 -1.120328e+00 
 9.958456e+00 -1.120336e+00 
 9.958779e+00 -1.120343e+00 
 9.959102e+00 -1.120349e+00 
 9.959425e+00 -1.120354e+00 
 9.959748e+00 -1.120360e+00 
 9.960071e+00 -1.120366e+00 
 9.960394e+00 -1.120372e+00 
 9.960717e+00 -1.120378e+00 
 9.961040e+00 -1.120384e+00 
 9.961363e+00 -1.120390e+00 
 9.961686e+00 -1.120396e+00 
 9.962009e+00 -1.120403e+00 
 9.962331e+00 -1.120409e+00 
 9.962654e+00 -1.120415e+00 
 9.962977e+00 -1.120421e+00 
 9.963300e+00 -1.120426e+00 
 9.963623e+00 -1.120432e+00 
 9.963946e+00 -1.120436e+00 
 9.964269e+00 -1.120440e+00 
 9.964592e+00 -1.120443e+00 
 9.964915e+00 -1.120447e+00 
 9.965238e+00 -1.120451e+00 
 9.965561e+00 -1.120455e+00 
 9.965884e+00 -1.120459e+00 
 9.966207e+00 -1.120464e+00 
 9.966530e+00 -1.120468e+00 
 9.966853e+00 -1.120473e+00 
 9.967176e+00 -1.120478e+00 
 9.967499e+00 -1.120482e+00 
 9.967822e+00 -1.120487e+00 
 9.968145e+00 -1.120491e+00 
 9.968468e+00 -1.120495e+00 
 9.968791e+00 -1.120499e+00 
 9.969114e+00 -1.120503e+00 
 9.969437e+00 -1.120507e+00 
 9.969760e+00 -1.120510e+00 
 9.970083e+00 -1.120515e+00 
 9.970406e+00 -1.120520e+00 
 9.970729e+00 -1.120525e+00 
 9.971052e+00 -1.120531e+00 
 9.971375e+00 -1.120537e+00 
 9.971698e+00 -1.120543e+00 
 9.972021e+00 -1.120550e+00 
 9.972344e+00 -1.120557e+00 
 9.972667e+00 -1.120564e+00 
 9.972990e+00 -1.120570e+00 
 9.973313e+00 -1.120577e+00 
 9.973636e+00 -1.120584e+00 
 9.973959e+00 -1.120591e+00 
 9.974282e+00 -1.120598e+00 
 9.974605e+00 -1.120605e+00 
 9.974928e+00 -1.120613e+00 
 9.975251e+00 -1.120621e+00 
 9.975574e+00 -1.120630e+00 
 9.975897e+00 -1.120638e+00 
 9.976220e+00 -1.120648e+00 
 9.976543e+00 -1.120657e+00 
 9.976866e+00 -1.120667e+00 
 9.977189e+00 -1.120677e+00 
 9.977512e+00 -1.120687e+00 
 9.977835e+00 -1.120696e+00 
 9.978158e+00 -1.120705e+00 
 9.978481e+00 -1.120715e+00 
 9.978804e+00 -1.120724e+00 
 9.979127e+00 -1.120733e+00 
 9.979450e+00 -1.120742e+00 
 9.979773e+00 -1.120751e+00 
 9.980096e+00 -1.120760e+00 
 9.980419e+00 -1.120770e+00 
 9.980742e+00 -1.120779e+00 
 9.981065e+00 -1.120788e+00 
 9.981388e+00 -1.120798e+00 
 9.981711e+00 -1.120807e+00 
 9.982034e+00 -1.120816e+00 
 9.982357e+00 -1.120824e+00 
 9.982680e+00 -1.120832e+00 
 9.983003e+00 -1.120839e+00 
 9.983326e+00 -1.120846e+00 
 9.983649e+00 -1.120852e+00 
 9.983972e+00 -1.120858e+00 
 9.984295e+00 -1.120864e+00 
 9.984618e+00 -1.120869e+00 
 9.984941e+00 -1.120873e+00 
 9.985264e+00 -1.120878e+00 
 9.985587e+00 -1.120883e+00 
 9.985910e+00 -1.120887e+00 
 9.986233e+00 -1.120891e+00 
 9.986556e+00 -1.120894e+00 
 9.986879e+00 -1.120896e+00 
 9.987202e+00 -1.120899e+00 
 9.987525e+00 -1.120900e+00 
 9.987848e+00 -1.120901e+00 
 9.988171e+00 -1.120901e+00 
 9.988494e+00 -1.120900e+00 
 9.988817e+00 -1.120900e+00 
 9.989140e+00 -1.120899e+00 
 9.989463e+00 -1.120897e+00 
 9.989786e+00 -1.120896e+00 
 9.990109e+00 -1.120894e+00 
 9.990432e+00 -1.120893e+00 
 9.990755e+00 -1.120892e+00 
 9.991078e+00 -1.120891e+00 
 9.991401e+00 -1.120889e+00 
 9.991724e+00 -1.120887e+00 
 9.992047e+00 -1.120885e+00 
 9.992370e+00 -1.120882e+00 
 9.992693e+00 -1.120880e+00 
 9.993016e+00 -1.120876e+00 
 9.993339e+00 -1.120873e+00 
 9.993662e+00 -1.120870e+00 
 9.993985e+00 -1.120867e+00 
 9.994308e+00 -1.120865e+00 
 9.994631e+00 -1.120863e+00 
 9.994954e+00 -1.120862e+00 
 9.995277e+00 -1.120861e+00 
 9.995600e+00 -1.120861e+00 
 9.995923e+00 -1.120862e+00 
 9.996246e+00 -1.120863e+00 
 9.996569e+00 -1.120864e+00 
 9.996892e+00 -1.120864e+00 
 9.997215e+00 -1.120865e+00 
 9.997538e+00 -1.120866e+00 
 9.997860e+00 -1.120868e+00 
 9.998183e+00 -1.120870e+00 
 9.998506e+00 -1.120872e+00 
 9.998829e+00 -1.120875e+00 
 9.999152e+00 -1.120880e+00 
 9.999475e+00 -1.120885e+00 
 9.999798e+00 -1.120891e+00 
 1.000012e+01 -1.120898e+00 
 1.000044e+01 -1.120905e+00 
 1.000077e+01 -1.120912e+00 
 1.000109e+01 -1.120921e+00 
 1.000141e+01 -1.120931e+00 
 1.000174e+01 -1.120939e+00 
 1.000206e+01 -1.120948e+00 
 1.000238e+01 -1.120957e+00 
 1.000271e+01 -1.120967e+00 
 1.000303e+01 -1.120978e+00 
 1.000335e+01 -1.120989e+00 
 1.000367e+01 -1.121001e+00 
 1.000400e+01 -1.121013e+00 
 1.000432e+01 -1.121026e+00 
 1.000464e+01 -1.121040e+00 
 1.000497e+01 -1.121055e+00 
 1.000529e+01 -1.121069e+00 
 1.000561e+01 -1.121083e+00 
 1.000594e+01 -1.121098e+00 
 1.000626e+01 -1.121114e+00 
 1.000658e+01 -1.121129e+00 
 1.000690e+01 -1.121144e+00 
 1.000723e+01 -1.121159e+00 
 1.000755e+01 -1.121174e+00 
 1.000787e+01 -1.121189e+00 
 1.000820e+01 -1.121204e+00 
 1.000852e+01 -1.121220e+00 
 1.000884e+01 -1.121235e+00 
 1.000917e+01 -1.121250e+00 
 1.000949e+01 -1.121266e+00 
 1.000981e+01 -1.121281e+00 
 1.001013e+01 -1.121296e+00 
 1.001046e+01 -1.121310e+00 
 1.001078e+01 -1.121324e+00 
 1.001110e+01 -1.121338e+00 
 1.001143e+01 -1.121353e+00 
 1.001175e+01 -1.121366e+00 
 1.001207e+01 -1.121378e+00 
 1.001240e+01 -1.121390e+00 
 1.001272e+01 -1.121401e+00 
 1.001304e+01 -1.121413e+00 
 1.001336e+01 -1.121424e+00 
 1.001369e+01 -1.121434e+00 
 1.001401e+01 -1.121444e+00 
 1.001433e+01 -1.121454e+00 
 1.001466e+01 -1.121463e+00 
 1.001498e+01 -1.121473e+00 
 1.001530e+01 -1.121481e+00 
 1.001562e+01 -1.121489e+00 
 1.001595e+01 -1.121495e+00 
 1.001627e+01 -1.121502e+00 
 1.001659e+01 -1.121508e+00 
 1.001692e+01 -1.121514e+00 
 1.001724e+01 -1.121519e+00 
 1.001756e+01 -1.121523e+00 
 1.001789e+01 -1.121527e+00 
 1.001821e+01 -1.121530e+00 
 1.001853e+01 -1.121534e+00 
 1.001885e+01 -1.121538e+00 
 1.001918e+01 -1.121541e+00 
 1.001950e+01 -1.121544e+00 
 1.001982e+01 -1.121547e+00 
 1.002015e+01 -1.121550e+00 
 1.002047e+01 -1.121552e+00 
 1.002079e+01 -1.121553e+00 
 1.002112e+01 -1.121553e+00 
 1.002144e+01 -1.121553e+00 
 1.002176e+01 -1.121554e+00 
 1.002208e+01 -1.121554e+00 
 1.002241e+01 -1.121554e+00 
 1.002273e+01 -1.121554e+00 
 1.002305e+01 -1.121554e+00 
 1.002338e+01 -1.121555e+00 
 1.002370e+01 -1.121556e+00 
 1.002402e+01 -1.121557e+00 
 1.002435e+01 -1.121558e+00 
 1.002467e+01 -1.121559e+00 
 1.002499e+01 -1.121560e+00 
 1.002531e+01 -1.121561e+00 
 1.002564e+01 -1.121561e+00 
 1.002596e+01 -1.121560e+00 
 1.002628e+01 -1.121559e+00 
 1.002661e+01 -1.121558e+00 
 1.002693e+01 -1.121559e+00 
 1.002725e+01 -1.121559e+00 
 1.002758e+01 -1.121559e+00 
 1.002790e+01 -1.121560e+00 
 1.002822e+01 -1.121560e+00 
 1.002854e+01 -1.121562e+00 
 1.002887e+01 -1.121563e+00 
 1.002919e+01 -1.121564e+00 
 1.002951e+01 -1.121565e+00 
 1.002984e+01 -1.121565e+00 
 1.003016e+01 -1.121566e+00 
 1.003048e+01 -1.121567e+00 
 1.003081e+01 -1.121567e+00 
 1.003113e+01 -1.121565e+00 
 1.003145e+01 -1.121563e+00 
 1.003177e+01 -1.121563e+00 
 1.003210e+01 -1.121563e+00 
 1.003242e+01 -1.121563e+00 
 1.003274e+01 -1.121562e+00 
 1.003307e+01 -1.121562e+00 
 1.003339e+01 -1.121561e+00 
 1.003371e+01 -1.121561e+00 
 1.003404e+01 -1.121561e+00 
 1.003436e+01 -1.121560e+00 
 1.003468e+01 -1.121559e+00 
 1.003500e+01 -1.121557e+00 
 1.003533e+01 -1.121556e+00 
 1.003565e+01 -1.121554e+00 
 1.003597e+01 -1.121551e+00 
 1.003630e+01 -1.121547e+00 
 1.003662e+01 -1.121543e+00 
 1.003694e+01 -1.121540e+00 
 1.003727e+01 -1.121538e+00 
 1.003759e+01 -1.121535e+00 
 1.003791e+01 -1.121531e+00 
 1.003823e+01 -1.121528e+00 
 1.003856e+01 -1.121525e+00 
 1.003888e+01 -1.121522e+00 
 1.003920e+01 -1.121518e+00 
 1.003953e+01 -1.121514e+00 
 1.003985e+01 -1.121510e+00 
 1.004017e+01 -1.121505e+00 
 1.004050e+01 -1.121500e+00 
 1.004082e+01 -1.121496e+00 
 1.004114e+01 -1.121490e+00 
 1.004146e+01 -1.121483e+00 
 1.004179e+01 -1.121476e+00 
 1.004211e+01 -1.121471e+00 
 1.004243e+01 -1.121466e+00 
 1.004276e+01 -1.121462e+00 
 1.004308e+01 -1.121457e+00 
 1.004340e+01 -1.121453e+00 
 1.004373e+01 -1.121449e+00 
 1.004405e+01 -1.121444e+00 
 1.004437e+01 -1.121440e+00 
 1.004469e+01 -1.121435e+00 
 1.004502e+01 -1.121430e+00 
 1.004534e+01 -1.121425e+00 
 1.004566e+01 -1.121421e+00 
 1.004599e+01 -1.121416e+00 
 1.004631e+01 -1.121412e+00 
 1.004663e+01 -1.121407e+00 
 1.004696e+01 -1.121403e+00 
 1.004728e+01 -1.121401e+00 
 1.004760e+01 -1.121400e+00 
 1.004792e+01 -1.121400e+00 
 1.004825e+01 -1.121399e+00 
 1.004857e+01 -1.121399e+00 
 1.004889e+01 -1.121399e+00 
 1.004922e+01 -1.121399e+00 
 1.004954e+01 -1.121400e+00 
 1.004986e+01 -1.121401e+00 
 1.005019e+01 -1.121401e+00 
 1.005051e+01 -1.121403e+00 
 1.005083e+01 -1.121406e+00 
 1.005115e+01 -1.121409e+00 
 1.005148e+01 -1.121413e+00 
 1.005180e+01 -1.121417e+00 
 1.005212e+01 -1.121423e+00 
 1.005245e+01 -1.121430e+00 
 1.005277e+01 -1.121438e+00 
 1.005309e+01 -1.121446e+00 
 1.005341e+01 -1.121455e+00 
 1.005374e+01 -1.121463e+00 
 1.005406e+01 -1.121472e+00 
 1.005438e+01 -1.121481e+00 
 1.005471e+01 -1.121490e+00 
 1.005503e+01 -1.121500e+00 
 1.005535e+01 -1.121509e+00 
 1.005568e+01 -1.121520e+00 
 1.005600e+01 -1.121532e+00 
 1.005632e+01 -1.121545e+00 
 1.005664e+01 -1.121558e+00 
 1.005697e+01 -1.121571e+00 
 1.005729e+01 -1.121584e+00 
 1.005761e+01 -1.121598e+00 
 1.005794e+01 -1.121612e+00 
 1.005826e+01 -1.121626e+00 
 1.005858e+01 -1.121640e+00 
 1.005891e+01 -1.121652e+00 
 1.005923e+01 -1.121665e+00 
 1.005955e+01 -1.121678e+00 
 1.005987e+01 -1.121692e+00 
 1.006020e+01 -1.121704e+00 
 1.006052e+01 -1.121717e+00 
 1.006084e+01 -1.121731e+00 
 1.006117e+01 -1.121745e+00 
 1.006149e+01 -1.121759e+00 
 1.006181e+01 -1.121772e+00 
 1.006214e+01 -1.121784e+00 
 1.006246e+01 -1.121796e+00 
 1.006278e+01 -1.121809e+00 
 1.006310e+01 -1.121821e+00 
 1.006343e+01 -1.121832e+00 
 1.006375e+01 -1.121842e+00 
 1.006407e+01 -1.121852e+00 
 1.006440e+01 -1.121862e+00 
 1.006472e+01 -1.121871e+00 
 1.006504e+01 -1.121880e+00 
 1.006537e+01 -1.121888e+00 
 1.006569e+01 -1.121896e+00 
 1.006601e+01 -1.121904e+00 
 1.006633e+01 -1.121913e+00 
 1.006666e+01 -1.121921e+00 
 1.006698e+01 -1.121927e+00 
 1.006730e+01 -1.121933e+00 
 1.006763e+01 -1.121939e+00 
 1.006795e+01 -1.121945e+00 
 1.006827e+01 -1.121950e+00 
 1.006860e+01 -1.121955e+00 
 1.006892e+01 -1.121958e+00 
 1.006924e+01 -1.121961e+00 
 1.006956e+01 -1.121964e+00 
 1.006989e+01 -1.121967e+00 
 1.007021e+01 -1.121969e+00 
 1.007053e+01 -1.121971e+00 
 1.007086e+01 -1.121973e+00 
 1.007118e+01 -1.121975e+00 
 1.007150e+01 -1.121977e+00 
 1.007183e+01 -1.121980e+00 
 1.007215e+01 -1.121981e+00 
 1.007247e+01 -1.121982e+00 
 1.007279e+01 -1.121983e+00 
 1.007312e+01 -1.121985e+00 
 1.007344e+01 -1.121986e+00 
 1.007376e+01 -1.121987e+00 
 1.007409e+01 -1.121987e+00 
 1.007441e+01 -1.121987e+00 
 1.007473e+01 -1.121987e+00 
 1.007506e+01 -1.121988e+00 
 1.007538e+01 -1.121989e+00 
 1.007570e+01 -1.121990e+00 
 1.007602e+01 -1.121991e+00 
 1.007635e+01 -1.121994e+00 
 1.007667e+01 -1.121998e+00 
 1.007699e+01 -1.122001e+00 
 1.007732e+01 -1.122004e+00 
 1.007764e+01 -1.122006e+00 
 1.007796e+01 -1.122009e+00 
 1.007829e+01 -1.122012e+00 
 1.007861e+01 -1.122015e+00 
 1.007893e+01 -1.122018e+00 
 1.007925e+01 -1.122021e+00 
 1.007958e+01 -1.122024e+00 
 1.007990e+01 -1.122029e+00 
 1.008022e+01 -1.122034e+00 
 1.008055e+01 -1.122039e+00 
 1.008087e+01 -1.122046e+00 
 1.008119e+01 -1.122054e+00 
 1.008152e+01 -1.122061e+00 
 1.008184e+01 -1.122068e+00 
 1.008216e+01 -1.122076e+00 
 1.008248e+01 -1.122087e+00 
 1.008281e+01 -1.122097e+00 
 1.008313e+01 -1.122098e+00 
 1.008345e+01 -1.122100e+00 
 1.008378e+01 -1.122114e+00 
 1.008410e+01 -1.122121e+00 
 1.008442e+01 -1.122123e+00 
 1.008475e+01 -1.122138e+00 
 1.008507e+01 -1.122149e+00 
 1.008539e+01 -1.122161e+00 
 1.008571e+01 -1.122171e+00 
 1.008604e+01 -1.122173e+00 
 1.008636e+01 -1.122190e+00 
 1.008668e+01 -1.122210e+00 
 1.008701e+01 -1.122219e+00 
 1.008733e+01 -1.122222e+00 
 1.008765e+01 -1.122235e+00 
 1.008797e+01 -1.122248e+00 
 1.008830e+01 -1.122260e+00 
 1.008862e+01 -1.122265e+00 
 1.008894e+01 -1.122270e+00 
 1.008927e+01 -1.122291e+00 
 1.008959e+01 -1.122299e+00 
 1.008991e+01 -1.122308e+00 
 1.009024e+01 -1.122324e+00 
 1.009056e+01 -1.122337e+00 
 1.009088e+01 -1.122348e+00 
 1.009120e+01 -1.122359e+00 
 1.009153e+01 -1.122374e+00 
 1.009185e+01 -1.122387e+00 
 1.009217e+01 -1.122393e+00 
 1.009250e+01 -1.122404e+00 
 1.009282e+01 -1.122414e+00 
 1.009314e+01 -1.122427e+00 
 1.009347e+01 -1.122432e+00 
 1.009379e+01 -1.122444e+00 
 1.009411e+01 -1.122458e+00 
 1.009443e+01 -1.122465e+00 
 1.009476e+01 -1.122475e+00 
 1.009508e+01 -1.122491e+00 
 1.009540e+01 -1.122500e+00 
 1.009573e+01 -1.122511e+00 
 1.009605e+01 -1.122522e+00 
 1.009637e+01 -1.122533e+00 
 1.009670e+01 -1.122545e+00 
 1.009702e+01 -1.122552e+00 
 1.009734e+01 -1.122564e+00 
 1.009766e+01 -1.122573e+00 
 1.009799e+01 -1.122584e+00 
 1.009831e+01 -1.122592e+00 
 1.009863e+01 -1.122603e+00 
 1.009896e+01 -1.122615e+00 
 1.009928e+01 -1.122624e+00 
 1.009960e+01 -1.122636e+00 
 1.009993e+01 -1.122648e+00 
 1.010025e+01 -1.122658e+00 
 1.010057e+01 -1.122672e+00 
 1.010089e+01 -1.122681e+00 
 1.010122e+01 -1.122693e+00 
 1.010154e+01 -1.122707e+00 
 1.010186e+01 -1.122718e+00 
 1.010219e+01 -1.122727e+00 
 1.010251e+01 -1.122741e+00 
 1.010283e+01 -1.122753e+00 
 1.010316e+01 -1.122764e+00 
 1.010348e+01 -1.122776e+00 
 1.010380e+01 -1.122789e+00 
 1.010412e+01 -1.122797e+00 
 1.010445e+01 -1.122814e+00 
 1.010477e+01 -1.122825e+00 
 1.010509e+01 -1.122841e+00 
 1.010542e+01 -1.122850e+00 
 1.010574e+01 -1.122868e+00 
 1.010606e+01 -1.122881e+00 
 1.010639e+01 -1.122894e+00 
 1.010671e+01 -1.122901e+00 
 1.010703e+01 -1.122919e+00 
 1.010735e+01 -1.122933e+00 
 1.010768e+01 -1.122948e+00 
 1.010800e+01 -1.122948e+00 
 1.010832e+01 -1.122964e+00 
 1.010865e+01 -1.122986e+00 
 1.010897e+01 -1.122993e+00 
 1.010929e+01 -1.123001e+00 
 1.010962e+01 -1.123015e+00 
 1.010994e+01 -1.123030e+00 
 1.011026e+01 -1.123044e+00 
 1.011058e+01 -1.123052e+00 
 1.011091e+01 -1.123063e+00 
 1.011123e+01 -1.123075e+00 
 1.011155e+01 -1.123086e+00 
 1.011188e+01 -1.123093e+00 
 1.011220e+01 -1.123105e+00 
 1.011252e+01 -1.123115e+00 
 1.011285e+01 -1.123118e+00 
 1.011317e+01 -1.123130e+00 
 1.011349e+01 -1.123136e+00 
 1.011381e+01 -1.123145e+00 
 1.011414e+01 -1.123152e+00 
 1.011446e+01 -1.123156e+00 
 1.011478e+01 -1.123169e+00 
 1.011511e+01 -1.123174e+00 
 1.011543e+01 -1.123178e+00 
 1.011575e+01 -1.123185e+00 
 1.011608e+01 -1.123186e+00 
 1.011640e+01 -1.123188e+00 
 1.011672e+01 -1.123189e+00 
 1.011704e+01 -1.123190e+00 
 1.011737e+01 -1.123192e+00 
 1.011769e+01 -1.123191e+00 
 1.011801e+01 -1.123195e+00 
 1.011834e+01 -1.123191e+00 
 1.011866e+01 -1.123189e+00 
 1.011898e+01 -1.123191e+00 
 1.011931e+01 -1.123188e+00 
 1.011963e+01 -1.123187e+00 
 1.011995e+01 -1.123187e+00 
 1.012027e+01 -1.123180e+00 
 1.012060e+01 -1.123178e+00 
 1.012092e+01 -1.123168e+00 
 1.012124e+01 -1.123162e+00 
 1.012157e+01 -1.123155e+00 
 1.012189e+01 -1.123147e+00 
 1.012221e+01 -1.123141e+00 
 1.012253e+01 -1.123131e+00 
 1.012286e+01 -1.123123e+00 
 1.012318e+01 -1.123116e+00 
 1.012350e+01 -1.123110e+00 
 1.012383e+01 -1.123102e+00 
 1.012415e+01 -1.123094e+00 
 1.012447e+01 -1.123087e+00 
 1.012480e+01 -1.123079e+00 
 1.012512e+01 -1.123068e+00 
 1.012544e+01 -1.123060e+00 
 1.012576e+01 -1.123049e+00 
 1.012609e+01 -1.123041e+00 
 1.012641e+01 -1.123030e+00 
 1.012673e+01 -1.123015e+00 
 1.012706e+01 -1.123006e+00 
 1.012738e+01 -1.123001e+00 
 1.012770e+01 -1.122993e+00 
 1.012803e+01 -1.122982e+00 
 1.012835e+01 -1.122973e+00 
 1.012867e+01 -1.122969e+00 
 1.012899e+01 -1.122963e+00 
 1.012932e+01 -1.122956e+00 
 1.012964e+01 -1.122948e+00 
 1.012996e+01 -1.122942e+00 
 1.013029e+01 -1.122936e+00 
 1.013061e+01 -1.122929e+00 
 1.013093e+01 -1.122924e+00 
 1.013126e+01 -1.122919e+00 
 1.013158e+01 -1.122913e+00 
 1.013190e+01 -1.122906e+00 
 1.013222e+01 -1.122905e+00 
 1.013255e+01 -1.122903e+00 
 1.013287e+01 -1.122899e+00 
 1.013319e+01 -1.122900e+00 
 1.013352e+01 -1.122899e+00 
 1.013384e+01 -1.122898e+00 
 1.013416e+01 -1.122897e+00 
 1.013449e+01 -1.122896e+00 
 1.013481e+01 -1.122900e+00 
 1.013513e+01 -1.122900e+00 
 1.013545e+01 -1.122899e+00 
 1.013578e+01 -1.122905e+00 
 1.013610e+01 -1.122908e+00 
 1.013642e+01 -1.122909e+00 
 1.013675e+01 -1.122910e+00 
 1.013707e+01 -1.122914e+00 
 1.013739e+01 -1.122920e+00 
 1.013772e+01 -1.122923e+00 
 1.013804e+01 -1.122929e+00 
 1.013836e+01 -1.122938e+00 
 1.013868e+01 -1.122943e+00 
 1.013901e+01 -1.122947e+00 
 1.013933e+01 -1.122954e+00 
 1.013965e+01 -1.122963e+00 
 1.013998e+01 -1.122969e+00 
 1.014030e+01 -1.122973e+00 
 1.014062e+01 -1.122981e+00 
 1.014095e+01 -1.122992e+00 
 1.014127e+01 -1.123000e+00 
 1.014159e+01 -1.123006e+00 
 1.014191e+01 -1.123016e+00 
 1.014224e+01 -1.123022e+00 
 1.014256e+01 -1.123031e+00 
 1.014288e+01 -1.123039e+00 
 1.014321e+01 -1.123048e+00 
 1.014353e+01 -1.123059e+00 
 1.014385e+01 -1.123066e+00 
 1.014418e+01 -1.123075e+00 
 1.014450e+01 -1.123086e+00 
 1.014482e+01 -1.123092e+00 
 1.014514e+01 -1.123100e+00 
 1.014547e+01 -1.123105e+00 
 1.014579e+01 -1.123112e+00 
 1.014611e+01 -1.123123e+00 
 1.014644e+01 -1.123128e+00 
 1.014676e+01 -1.123136e+00 
 1.014708e+01 -1.123143e+00 
 1.014741e+01 -1.123150e+00 
 1.014773e+01 -1.123159e+00 
 1.014805e+01 -1.123166e+00 
 1.014837e+01 -1.123176e+00 
 1.014870e+01 -1.123182e+00 
 1.014902e+01 -1.123184e+00 
 1.014934e+01 -1.123193e+00 
 1.014967e+01 -1.123199e+00 
 1.014999e+01 -1.123204e+00 
 1.015031e+01 -1.123208e+00 
 1.015064e+01 -1.123208e+00 
 1.015096e+01 -1.123214e+00 
 1.015128e+01 -1.123218e+00 
 1.015160e+01 -1.123221e+00 
 1.015193e+01 -1.123227e+00 
 1.015225e+01 -1.123232e+00 
 1.015257e+01 -1.123238e+00 
 1.015290e+01 -1.123243e+00 
 1.015322e+01 -1.123247e+00 
 1.015354e+01 -1.123252e+00 
 1.015387e+01 -1.123256e+00 
 1.015419e+01 -1.123258e+00 
 1.015451e+01 -1.123258e+00 
 1.015483e+01 -1.123261e+00 
 1.015516e+01 -1.123266e+00 
 1.015548e+01 -1.123268e+00 
 1.015580e+01 -1.123267e+00 
 1.015613e+01 -1.123270e+00 
 1.015645e+01 -1.123275e+00 
 1.015677e+01 -1.123282e+00 
 1.015709e+01 -1.123285e+00 
 1.015742e+01 -1.123288e+00 
 1.015774e+01 -1.123293e+00 
 1.015806e+01 -1.123300e+00 
 1.015839e+01 -1.123303e+00 
 1.015871e+01 -1.123308e+00 
 1.015903e+01 -1.123310e+00 
 1.015936e+01 -1.123313e+00 
 1.015968e+01 -1.123317e+00 
 1.016000e+01 -1.123320e+00 
 1.016032e+01 -1.123324e+00 
 1.016065e+01 -1.123330e+00 
 1.016097e+01 -1.123334e+00 
 1.016129e+01 -1.123341e+00 
 1.016162e+01 -1.123348e+00 
 1.016194e+01 -1.123356e+00 
 1.016226e+01 -1.123361e+00 
 1.016259e+01 -1.123368e+00 
 1.016291e+01 -1.123374e+00 
 1.016323e+01 -1.123379e+00 
 1.016355e+01 -1.123384e+00 
 1.016388e+01 -1.123388e+00 
 1.016420e+01 -1.123394e+00 
 1.016452e+01 -1.123401e+00 
 1.016485e+01 -1.123405e+00 
 1.016517e+01 -1.123412e+00 
 1.016549e+01 -1.123420e+00 
 1.016582e+01 -1.123427e+00 
 1.016614e+01 -1.123436e+00 
 1.016646e+01 -1.123444e+00 
 1.016678e+01 -1.123452e+00 
 1.016711e+01 -1.123462e+00 
 1.016743e+01 -1.123467e+00 
 1.016775e+01 -1.123471e+00 
 1.016808e+01 -1.123479e+00 
 1.016840e+01 -1.123485e+00 
 1.016872e+01 -1.123490e+00 
 1.016905e+01 -1.123495e+00 
 1.016937e+01 -1.123500e+00 
 1.016969e+01 -1.123507e+00 
 1.017001e+01 -1.123516e+00 
 1.017034e+01 -1.123522e+00 
 1.017066e+01 -1.123530e+00 
 1.017098e+01 -1.123540e+00 
 1.017131e+01 -1.123547e+00 
 1.017163e+01 -1.123553e+00 
 1.017195e+01 -1.123557e+00 
 1.017228e+01 -1.123565e+00 
 1.017260e+01 -1.123571e+00 
 1.017292e+01 -1.123575e+00 
 1.017324e+01 -1.123580e+00 
 1.017357e+01 -1.123585e+00 
 1.017389e+01 -1.123592e+00 
 1.017421e+01 -1.123597e+00 
 1.017454e+01 -1.123602e+00 
 1.017486e+01 -1.123608e+00 
 1.017518e+01 -1.123612e+00 
 1.017551e+01 -1.123619e+00 
 1.017583e+01 -1.123627e+00 
 1.017615e+01 -1.123633e+00 
 1.017647e+01 -1.123638e+00 
 1.017680e+01 -1.123643e+00 
 1.017712e+01 -1.123649e+00 
 1.017744e+01 -1.123654e+00 
 1.017777e+01 -1.123658e+00 
 1.017809e+01 -1.123664e+00 
 1.017841e+01 -1.123669e+00 
 1.017874e+01 -1.123675e+00 
 1.017906e+01 -1.123682e+00 
 1.017938e+01 -1.123688e+00 
 1.017970e+01 -1.123694e+00 
 1.018003e+01 -1.123699e+00 
 1.018035e+01 -1.123705e+00 
 1.018067e+01 -1.123711e+00 
 1.018100e+01 -1.123717e+00 
 1.018132e+01 -1.123724e+00 
 1.018164e+01 -1.123732e+00 
 1.018197e+01 -1.123738e+00 
 1.018229e+01 -1.123747e+00 
 1.018261e+01 -1.123755e+00 
 1.018293e+01 -1.123763e+00 
 1.018326e+01 -1.123770e+00 
 1.018358e+01 -1.123780e+00 
 1.018390e+01 -1.123788e+00 
 1.018423e+01 -1.123797e+00 
 1.018455e+01 -1.123805e+00 
 1.018487e+01 -1.123815e+00 
 1.018520e+01 -1.123824e+00 
 1.018552e+01 -1.123834e+00 
 1.018584e+01 -1.123843e+00 
 1.018616e+01 -1.123854e+00 
 1.018649e+01 -1.123866e+00 
 1.018681e+01 -1.123878e+00 
 1.018713e+01 -1.123890e+00 
 1.018746e+01 -1.123902e+00 
 1.018778e+01 -1.123915e+00 
 1.018810e+01 -1.123927e+00 
 1.018843e+01 -1.123938e+00 
 1.018875e+01 -1.123951e+00 
 1.018907e+01 -1.123965e+00 
 1.018939e+01 -1.123977e+00 
 1.018972e+01 -1.123990e+00 
 1.019004e+01 -1.124004e+00 
 1.019036e+01 -1.124019e+00 
 1.019069e+01 -1.124034e+00 
 1.019101e+01 -1.124047e+00 
 1.019133e+01 -1.124061e+00 
 1.019166e+01 -1.124075e+00 
 1.019198e+01 -1.124090e+00 
 1.019230e+01 -1.124105e+00 
 1.019262e+01 -1.124119e+00 
 1.019295e+01 -1.124134e+00 
 1.019327e+01 -1.124147e+00 
 1.019359e+01 -1.124160e+00 
 1.019392e+01 -1.124175e+00 
 1.019424e+01 -1.124188e+00 
 1.019456e+01 -1.124203e+00 
 1.019488e+01 -1.124219e+00 
 1.019521e+01 -1.124233e+00 
 1.019553e+01 -1.124248e+00 
 1.019585e+01 -1.124261e+00 
 1.019618e+01 -1.124274e+00 
 1.019650e+01 -1.124285e+00 
 1.019682e+01 -1.124296e+00 
 1.019715e+01 -1.124307e+00 
 1.019747e+01 -1.124318e+00 
 1.019779e+01 -1.124328e+00 
 1.019811e+01 -1.124336e+00 
 1.019844e+01 -1.124346e+00 
 1.019876e+01 -1.124357e+00 
 1.019908e+01 -1.124366e+00 
 1.019941e+01 -1.124376e+00 
 1.019973e+01 -1.124385e+00 
 1.020005e+01 -1.124393e+00 
 1.020038e+01 -1.124402e+00 
 1.020070e+01 -1.124409e+00 
 1.020102e+01 -1.124414e+00 
 1.020134e+01 -1.124417e+00 
 1.020167e+01 -1.124420e+00 
 1.020199e+01 -1.124424e+00 
 1.020231e+01 -1.124426e+00 
 1.020264e+01 -1.124428e+00 
 1.020296e+01 -1.124431e+00 
 1.020328e+01 -1.124433e+00 
 1.020361e+01 -1.124435e+00 
 1.020393e+01 -1.124436e+00 
 1.020425e+01 -1.124438e+00 
 1.020457e+01 -1.124440e+00 
 1.020490e+01 -1.124439e+00 
 1.020522e+01 -1.124440e+00 
 1.020554e+01 -1.124439e+00 
 1.020587e+01 -1.124438e+00 
 1.020619e+01 -1.124434e+00 
 1.020651e+01 -1.124429e+00 
 1.020684e+01 -1.124425e+00 
 1.020716e+01 -1.124421e+00 
 1.020748e+01 -1.124418e+00 
 1.020780e+01 -1.124415e+00 
 1.020813e+01 -1.124412e+00 
 1.020845e+01 -1.124408e+00 
 1.020877e+01 -1.124405e+00 
 1.020910e+01 -1.124402e+00 
 1.020942e+01 -1.124399e+00 
 1.020974e+01 -1.124394e+00 
 1.021007e+01 -1.124388e+00 
 1.021039e+01 -1.124383e+00 
 1.021071e+01 -1.124378e+00 
 1.021103e+01 -1.124374e+00 
 1.021136e+01 -1.124368e+00 
 1.021168e+01 -1.124361e+00 
 1.021200e+01 -1.124355e+00 
 1.021233e+01 -1.124350e+00 
 1.021265e+01 -1.124346e+00 
 1.021297e+01 -1.124341e+00 
 1.021330e+01 -1.124338e+00 
 1.021362e+01 -1.124334e+00 
 1.021394e+01 -1.124329e+00 
 1.021426e+01 -1.124325e+00 
 1.021459e+01 -1.124320e+00 
 1.021491e+01 -1.124316e+00 
 1.021523e+01 -1.124311e+00 
 1.021556e+01 -1.124306e+00 
 1.021588e+01 -1.124303e+00 
 1.021620e+01 -1.124301e+00 
 1.021653e+01 -1.124298e+00 
 1.021685e+01 -1.124294e+00 
 1.021717e+01 -1.124289e+00 
 1.021749e+01 -1.124287e+00 
 1.021782e+01 -1.124286e+00 
 1.021814e+01 -1.124283e+00 
 1.021846e+01 -1.124282e+00 
 1.021879e+01 -1.124281e+00 
 1.021911e+01 -1.124279e+00 
 1.021943e+01 -1.124278e+00 
 1.021976e+01 -1.124275e+00 
 1.022008e+01 -1.124274e+00 
 1.022040e+01 -1.124272e+00 
 1.022072e+01 -1.124271e+00 
 1.022105e+01 -1.124274e+00 
 1.022137e+01 -1.124275e+00 
 1.022169e+01 -1.124274e+00 
 1.022202e+01 -1.124274e+00 
 1.022234e+01 -1.124274e+00 
 1.022266e+01 -1.124276e+00 
 1.022299e+01 -1.124277e+00 
 1.022331e+01 -1.124279e+00 
 1.022363e+01 -1.124281e+00 
 1.022395e+01 -1.124281e+00 
 1.022428e+01 -1.124282e+00 
 1.022460e+01 -1.124284e+00 
 1.022492e+01 -1.124285e+00 
 1.022525e+01 -1.124287e+00 
 1.022557e+01 -1.124287e+00 
 1.022589e+01 -1.124289e+00 
 1.022622e+01 -1.124293e+00 
 1.022654e+01 -1.124296e+00 
 1.022686e+01 -1.124299e+00 
 1.022718e+01 -1.124301e+00 
 1.022751e+01 -1.124303e+00 
 1.022783e+01 -1.124307e+00 
 1.022815e+01 -1.124310e+00 
 1.022848e+01 -1.124314e+00 
 1.022880e+01 -1.124315e+00 
 1.022912e+01 -1.124317e+00 
 1.022944e+01 -1.124320e+00 
 1.022977e+01 -1.124323e+00 
 1.023009e+01 -1.124326e+00 
 1.023041e+01 -1.124327e+00 
 1.023074e+01 -1.124329e+00 
 1.023106e+01 -1.124331e+00 
 1.023138e+01 -1.124335e+00 
 1.023171e+01 -1.124341e+00 
 1.023203e+01 -1.124343e+00 
 1.023235e+01 -1.124346e+00 
 1.023267e+01 -1.124349e+00 
 1.023300e+01 -1.124353e+00 
 1.023332e+01 -1.124357e+00 
 1.023364e+01 -1.124360e+00 
 1.023397e+01 -1.124364e+00 
 1.023429e+01 -1.124367e+00 
 1.023461e+01 -1.124370e+00 
 1.023494e+01 -1.124374e+00 
 1.023526e+01 -1.124377e+00 
 1.023558e+01 -1.124381e+00 
 1.023590e+01 -1.124383e+00 
 1.023623e+01 -1.124386e+00 
 1.023655e+01 -1.124392e+00 
 1.023687e+01 -1.124398e+00 
 1.023720e+01 -1.124403e+00 
 1.023752e+01 -1.124407e+00 
 1.023784e+01 -1.124411e+00 
 1.023817e+01 -1.124417e+00 
 1.023849e+01 -1.124422e+00 
 1.023881e+01 -1.124427e+00 
 1.023913e+01 -1.124433e+00 
 1.023946e+01 -1.124438e+00 
 1.023978e+01 -1.124443e+00 
 1.024010e+01 -1.124449e+00 
 1.024043e+01 -1.124455e+00 
 1.024075e+01 -1.124461e+00 
 1.024107e+01 -1.124466e+00 
 1.024140e+01 -1.124472e+00 
 1.024172e+01 -1.124481e+00 
 1.024204e+01 -1.124488e+00 
 1.024236e+01 -1.124495e+00 
 1.024269e+01 -1.124502e+00 
 1.024301e+01 -1.124508e+00 
 1.024333e+01 -1.124515e+00 
 1.024366e+01 -1.124523e+00 
 1.024398e+01 -1.124531e+00 
 1.024430e+01 -1.124538e+00 
 1.024463e+01 -1.124544e+00 
 1.024495e+01 -1.124552e+00 
 1.024527e+01 -1.124561e+00 
 1.024559e+01 -1.124569e+00 
 1.024592e+01 -1.124578e+00 
 1.024624e+01 -1.124586e+00 
 1.024656e+01 -1.124594e+00 
 1.024689e+01 -1.124604e+00 
 1.024721e+01 -1.124614e+00 
 1.024753e+01 -1.124622e+00 
 1.024786e+01 -1.124629e+00 
 1.024818e+01 -1.124636e+00 
 1.024850e+01 -1.124644e+00 
 1.024882e+01 -1.124652e+00 
 1.024915e+01 -1.124660e+00 
 1.024947e+01 -1.124668e+00 
 1.024979e+01 -1.124676e+00 
 1.025012e+01 -1.124684e+00 
 1.025044e+01 -1.124694e+00 
 1.025076e+01 -1.124704e+00 
 1.025109e+01 -1.124713e+00 
 1.025141e+01 -1.124721e+00 
 1.025173e+01 -1.124729e+00 
 1.025205e+01 -1.124738e+00 
 1.025238e+01 -1.124746e+00 
 1.025270e+01 -1.124752e+00 
 1.025302e+01 -1.124759e+00 
 1.025335e+01 -1.124766e+00 
 1.025367e+01 -1.124772e+00 
 1.025399e+01 -1.124779e+00 
 1.025432e+01 -1.124787e+00 
 1.025464e+01 -1.124793e+00 
 1.025496e+01 -1.124799e+00 
 1.025528e+01 -1.124806e+00 
 1.025561e+01 -1.124814e+00 
 1.025593e+01 -1.124822e+00 
 1.025625e+01 -1.124830e+00 
 1.025658e+01 -1.124836e+00 
 1.025690e+01 -1.124842e+00 
 1.025722e+01 -1.124848e+00 
 1.025755e+01 -1.124854e+00 
 1.025787e+01 -1.124858e+00 
 1.025819e+01 -1.124862e+00 
 1.025851e+01 -1.124868e+00 
 1.025884e+01 -1.124873e+00 
 1.025916e+01 -1.124878e+00 
 1.025948e+01 -1.124884e+00 
 1.025981e+01 -1.124889e+00 
 1.026013e+01 -1.124894e+00 
 1.026045e+01 -1.124899e+00 
 1.026078e+01 -1.124904e+00 
 1.026110e+01 -1.124910e+00 
 1.026142e+01 -1.124916e+00 
 1.026174e+01 -1.124921e+00 
 1.026207e+01 -1.124925e+00 
 1.026239e+01 -1.124931e+00 
 1.026271e+01 -1.124937e+00 
 1.026304e+01 -1.124941e+00 
 1.026336e+01 -1.124947e+00 
 1.026368e+01 -1.124952e+00 
 1.026400e+01 -1.124957e+00 
 1.026433e+01 -1.124964e+00 
 1.026465e+01 -1.124970e+00 
 1.026497e+01 -1.124976e+00 
 1.026530e+01 -1.124981e+00 
 1.026562e+01 -1.124987e+00 
 1.026594e+01 -1.124993e+00 
 1.026627e+01 -1.125001e+00 
 1.026659e+01 -1.125010e+00 
 1.026691e+01 -1.125017e+00 
 1.026723e+01 -1.125025e+00 
 1.026756e+01 -1.125034e+00 
 1.026788e+01 -1.125043e+00 
 1.026820e+01 -1.125051e+00 
 1.026853e+01 -1.125058e+00 
 1.026885e+01 -1.125067e+00 
 1.026917e+01 -1.125075e+00 
 1.026950e+01 -1.125084e+00 
 1.026982e+01 -1.125095e+00 
 1.027014e+01 -1.125104e+00 
 1.027046e+01 -1.125114e+00 
 1.027079e+01 -1.125124e+00 
 1.027111e+01 -1.125135e+00 
 1.027143e+01 -1.125147e+00 
 1.027176e+01 -1.125160e+00 
 1.027208e+01 -1.125171e+00 
 1.027240e+01 -1.125183e+00 
 1.027273e+01 -1.125195e+00 
 1.027305e+01 -1.125207e+00 
 1.027337e+01 -1.125218e+00 
 1.027369e+01 -1.125229e+00 
 1.027402e+01 -1.125241e+00 
 1.027434e+01 -1.125254e+00 
 1.027466e+01 -1.125268e+00 
 1.027499e+01 -1.125282e+00 
 1.027531e+01 -1.125296e+00 
 1.027563e+01 -1.125310e+00 
 1.027596e+01 -1.125323e+00 
 1.027628e+01 -1.125336e+00 
 1.027660e+01 -1.125350e+00 
 1.027692e+01 -1.125364e+00 
 1.027725e+01 -1.125377e+00 
 1.027757e+01 -1.125389e+00 
 1.027789e+01 -1.125401e+00 
 1.027822e+01 -1.125415e+00 
 1.027854e+01 -1.125426e+00 
 1.027886e+01 -1.125439e+00 
 1.027919e+01 -1.125453e+00 
 1.027951e+01 -1.125467e+00 
 1.027983e+01 -1.125480e+00 
 1.028015e+01 -1.125494e+00 
 1.028048e+01 -1.125508e+00 
 1.028080e+01 -1.125519e+00 
 1.028112e+01 -1.125529e+00 
 1.028145e+01 -1.125539e+00 
 1.028177e+01 -1.125549e+00 
 1.028209e+01 -1.125559e+00 
 1.028242e+01 -1.125569e+00 
 1.028274e+01 -1.125577e+00 
 1.028306e+01 -1.125586e+00 
 1.028338e+01 -1.125596e+00 
 1.028371e+01 -1.125605e+00 
 1.028403e+01 -1.125613e+00 
 1.028435e+01 -1.125622e+00 
 1.028468e+01 -1.125631e+00 
 1.028500e+01 -1.125639e+00 
 1.028532e+01 -1.125646e+00 
 1.028565e+01 -1.125652e+00 
 1.028597e+01 -1.125657e+00 
 1.028629e+01 -1.125660e+00 
 1.028661e+01 -1.125663e+00 
 1.028694e+01 -1.125667e+00 
 1.028726e+01 -1.125672e+00 
 1.028758e+01 -1.125675e+00 
 1.028791e+01 -1.125678e+00 
 1.028823e+01 -1.125682e+00 
 1.028855e+01 -1.125685e+00 
 1.028888e+01 -1.125688e+00 
 1.028920e+01 -1.125691e+00 
 1.028952e+01 -1.125693e+00 
 1.028984e+01 -1.125694e+00 
 1.029017e+01 -1.125695e+00 
 1.029049e+01 -1.125696e+00 
 1.029081e+01 -1.125696e+00 
 1.029114e+01 -1.125694e+00 
 1.029146e+01 -1.125692e+00 
 1.029178e+01 -1.125691e+00 
 1.029211e+01 -1.125690e+00 
 1.029243e+01 -1.125690e+00 
 1.029275e+01 -1.125689e+00 
 1.029307e+01 -1.125687e+00 
 1.029340e+01 -1.125686e+00 
 1.029372e+01 -1.125686e+00 
 1.029404e+01 -1.125684e+00 
 1.029437e+01 -1.125682e+00 
 1.029469e+01 -1.125679e+00 
 1.029501e+01 -1.125676e+00 
 1.029534e+01 -1.125673e+00 
 1.029566e+01 -1.125671e+00 
 1.029598e+01 -1.125668e+00 
 1.029630e+01 -1.125664e+00 
 1.029663e+01 -1.125659e+00 
 1.029695e+01 -1.125656e+00 
 1.029727e+01 -1.125653e+00 
 1.029760e+01 -1.125649e+00 
 1.029792e+01 -1.125646e+00 
 1.029824e+01 -1.125643e+00 
 1.029856e+01 -1.125640e+00 
 1.029889e+01 -1.125636e+00 
 1.029921e+01 -1.125633e+00 
 1.029953e+01 -1.125629e+00 
 1.029986e+01 -1.125625e+00 
 1.030018e+01 -1.125620e+00 
 1.030050e+01 -1.125617e+00 
 1.030083e+01 -1.125614e+00 
 1.030115e+01 -1.125610e+00 
 1.030147e+01 -1.125604e+00 
 1.030179e+01 -1.125599e+00 
 1.030212e+01 -1.125594e+00 
 1.030244e+01 -1.125590e+00 
 1.030276e+01 -1.125587e+00 
 1.030309e+01 -1.125583e+00 
 1.030341e+01 -1.125579e+00 
 1.030373e+01 -1.125575e+00 
 1.030406e+01 -1.125571e+00 
 1.030438e+01 -1.125567e+00 
 1.030470e+01 -1.125562e+00 
 1.030502e+01 -1.125558e+00 
 1.030535e+01 -1.125553e+00 
 1.030567e+01 -1.125549e+00 
 1.030599e+01 -1.125545e+00 
 1.030632e+01 -1.125541e+00 
 1.030664e+01 -1.125536e+00 
 1.030696e+01 -1.125531e+00 
 1.030729e+01 -1.125527e+00 
 1.030761e+01 -1.125523e+00 
 1.030793e+01 -1.125520e+00 
 1.030825e+01 -1.125517e+00 
 1.030858e+01 -1.125513e+00 
 1.030890e+01 -1.125509e+00 
 1.030922e+01 -1.125505e+00 
 1.030955e+01 -1.125501e+00 
 1.030987e+01 -1.125497e+00 
 1.031019e+01 -1.125492e+00 
 1.031052e+01 -1.125488e+00 
 1.031084e+01 -1.125486e+00 
 1.031116e+01 -1.125484e+00 
 1.031148e+01 -1.125481e+00 
 1.031181e+01 -1.125477e+00 
 1.031213e+01 -1.125474e+00 
 1.031245e+01 -1.125472e+00 
 1.031278e+01 -1.125470e+00 
 1.031310e+01 -1.125468e+00 
 1.031342e+01 -1.125466e+00 
 1.031375e+01 -1.125464e+00 
 1.031407e+01 -1.125462e+00 
 1.031439e+01 -1.125460e+00 
 1.031471e+01 -1.125458e+00 
 1.031504e+01 -1.125457e+00 
 1.031536e+01 -1.125455e+00 
 1.031568e+01 -1.125453e+00 
 1.031601e+01 -1.125453e+00 
 1.031633e+01 -1.125453e+00 
 1.031665e+01 -1.125453e+00 
 1.031698e+01 -1.125452e+00 
 1.031730e+01 -1.125452e+00 
 1.031762e+01 -1.125452e+00 
 1.031794e+01 -1.125453e+00 
 1.031827e+01 -1.125454e+00 
 1.031859e+01 -1.125454e+00 
 1.031891e+01 -1.125455e+00 
 1.031924e+01 -1.125456e+00 
 1.031956e+01 -1.125458e+00 
 1.031988e+01 -1.125459e+00 
 1.032021e+01 -1.125461e+00 
 1.032053e+01 -1.125462e+00 
 1.032085e+01 -1.125463e+00 
 1.032117e+01 -1.125463e+00 
 1.032150e+01 -1.125466e+00 
 1.032182e+01 -1.125468e+00 
 1.032214e+01 -1.125470e+00 
 1.032247e+01 -1.125471e+00 
 1.032279e+01 -1.125474e+00 
 1.032311e+01 -1.125478e+00 
 1.032344e+01 -1.125482e+00 
 1.032376e+01 -1.125485e+00 
 1.032408e+01 -1.125489e+00 
 1.032440e+01 -1.125492e+00 
 1.032473e+01 -1.125496e+00 
 1.032505e+01 -1.125499e+00 
 1.032537e+01 -1.125502e+00 
 1.032570e+01 -1.125504e+00 
 1.032602e+01 -1.125505e+00 
 1.032634e+01 -1.125506e+00 
 1.032667e+01 -1.125510e+00 
 1.032699e+01 -1.125514e+00 
 1.032731e+01 -1.125518e+00 
 1.032763e+01 -1.125522e+00 
 1.032796e+01 -1.125527e+00 
 1.032828e+01 -1.125532e+00 
 1.032860e+01 -1.125536e+00 
 1.032893e+01 -1.125541e+00 
 1.032925e+01 -1.125544e+00 
 1.032957e+01 -1.125546e+00 
 1.032990e+01 -1.125549e+00 
 1.033022e+01 -1.125552e+00 
 1.033054e+01 -1.125554e+00 
 1.033086e+01 -1.125556e+00 
 1.033119e+01 -1.125556e+00 
 1.033151e+01 -1.125558e+00 
 1.033183e+01 -1.125562e+00 
 1.033216e+01 -1.125566e+00 
 1.033248e+01 -1.125570e+00 
 1.033280e+01 -1.125573e+00 
 1.033313e+01 -1.125576e+00 
 1.033345e+01 -1.125580e+00 
 1.033377e+01 -1.125583e+00 
 1.033409e+01 -1.125584e+00 
 1.033442e+01 -1.125585e+00 
 1.033474e+01 -1.125586e+00 
 1.033506e+01 -1.125588e+00 
 1.033539e+01 -1.125590e+00 
 1.033571e+01 -1.125593e+00 
 1.033603e+01 -1.125595e+00 
 1.033635e+01 -1.125595e+00 
 1.033668e+01 -1.125598e+00 
 1.033700e+01 -1.125601e+00 
 1.033732e+01 -1.125605e+00 
 1.033765e+01 -1.125607e+00 
 1.033797e+01 -1.125609e+00 
 1.033829e+01 -1.125612e+00 
 1.033862e+01 -1.125614e+00 
 1.033894e+01 -1.125615e+00 
 1.033926e+01 -1.125617e+00 
 1.033958e+01 -1.125619e+00 
 1.033991e+01 -1.125621e+00 
 1.034023e+01 -1.125625e+00 
 1.034055e+01 -1.125629e+00 
 1.034088e+01 -1.125635e+00 
 1.034120e+01 -1.125639e+00 
 1.034152e+01 -1.125641e+00 
 1.034185e+01 -1.125645e+00 
 1.034217e+01 -1.125650e+00 
 1.034249e+01 -1.125654e+00 
 1.034281e+01 -1.125657e+00 
 1.034314e+01 -1.125661e+00 
 1.034346e+01 -1.125665e+00 
 1.034378e+01 -1.125670e+00 
 1.034411e+01 -1.125674e+00 
 1.034443e+01 -1.125680e+00 
 1.034475e+01 -1.125685e+00 
 1.034508e+01 -1.125691e+00 
 1.034540e+01 -1.125697e+00 
 1.034572e+01 -1.125704e+00 
 1.034604e+01 -1.125711e+00 
 1.034637e+01 -1.125716e+00 
 1.034669e+01 -1.125720e+00 
 1.034701e+01 -1.125725e+00 
 1.034734e+01 -1.125732e+00 
 1.034766e+01 -1.125738e+00 
 1.034798e+01 -1.125744e+00 
 1.034831e+01 -1.125750e+00 
 1.034863e+01 -1.125755e+00 
 1.034895e+01 -1.125761e+00 
 1.034927e+01 -1.125767e+00 
 1.034960e+01 -1.125773e+00 
 1.034992e+01 -1.125779e+00 
 1.035024e+01 -1.125784e+00 
 1.035057e+01 -1.125790e+00 
 1.035089e+01 -1.125797e+00 
 1.035121e+01 -1.125804e+00 
 1.035154e+01 -1.125810e+00 
 1.035186e+01 -1.125815e+00 
 1.035218e+01 -1.125821e+00 
 1.035250e+01 -1.125829e+00 
 1.035283e+01 -1.125837e+00 
 1.035315e+01 -1.125844e+00 
 1.035347e+01 -1.125852e+00 
 1.035380e+01 -1.125859e+00 
 1.035412e+01 -1.125867e+00 
 1.035444e+01 -1.125874e+00 
 1.035477e+01 -1.125881e+00 
 1.035509e+01 -1.125888e+00 
 1.035541e+01 -1.125894e+00 
 1.035573e+01 -1.125901e+00 
 1.035606e+01 -1.125911e+00 
 1.035638e+01 -1.125921e+00 
 1.035670e+01 -1.125929e+00 
 1.035703e+01 -1.125938e+00 
 1.035735e+01 -1.125947e+00 
 1.035767e+01 -1.125957e+00 
 1.035800e+01 -1.125966e+00 
 1.035832e+01 -1.125975e+00 
 1.035864e+01 -1.125984e+00 
 1.035896e+01 -1.125993e+00 
 1.035929e+01 -1.126001e+00 
 1.035961e+01 -1.126010e+00 
 1.035993e+01 -1.126019e+00 
 1.036026e+01 -1.126028e+00 
 1.036058e+01 -1.126038e+00 
 1.036090e+01 -1.126049e+00 
 1.036123e+01 -1.126062e+00 
 1.036155e+01 -1.126074e+00 
 1.036187e+01 -1.126085e+00 
 1.036219e+01 -1.126096e+00 
 1.036252e+01 -1.126106e+00 
 1.036284e+01 -1.126117e+00 
 1.036316e+01 -1.126127e+00 
 1.036349e+01 -1.126137e+00 
 1.036381e+01 -1.126146e+00 
 1.036413e+01 -1.126156e+00 
 1.036446e+01 -1.126166e+00 
 1.036478e+01 -1.126177e+00 
 1.036510e+01 -1.126188e+00 
 1.036542e+01 -1.126198e+00 
 1.036575e+01 -1.126210e+00 
 1.036607e+01 -1.126223e+00 
 1.036639e+01 -1.126237e+00 
 1.036672e+01 -1.126249e+00 
 1.036704e+01 -1.126260e+00 
 1.036736e+01 -1.126270e+00 
 1.036769e+01 -1.126280e+00 
 1.036801e+01 -1.126291e+00 
 1.036833e+01 -1.126301e+00 
 1.036865e+01 -1.126311e+00 
 1.036898e+01 -1.126320e+00 
 1.036930e+01 -1.126331e+00 
 1.036962e+01 -1.126342e+00 
 1.036995e+01 -1.126354e+00 
 1.037027e+01 -1.126365e+00 
 1.037059e+01 -1.126376e+00 
 1.037091e+01 -1.126387e+00 
 1.037124e+01 -1.126399e+00 
 1.037156e+01 -1.126412e+00 
 1.037188e+01 -1.126423e+00 
 1.037221e+01 -1.126432e+00 
 1.037253e+01 -1.126440e+00 
 1.037285e+01 -1.126449e+00 
 1.037318e+01 -1.126458e+00 
 1.037350e+01 -1.126467e+00 
 1.037382e+01 -1.126476e+00 
 1.037414e+01 -1.126485e+00 
 1.037447e+01 -1.126494e+00 
 1.037479e+01 -1.126503e+00 
 1.037511e+01 -1.126512e+00 
 1.037544e+01 -1.126521e+00 
 1.037576e+01 -1.126528e+00 
 1.037608e+01 -1.126535e+00 
 1.037641e+01 -1.126544e+00 
 1.037673e+01 -1.126552e+00 
 1.037705e+01 -1.126558e+00 
 1.037737e+01 -1.126563e+00 
 1.037770e+01 -1.126568e+00 
 1.037802e+01 -1.126572e+00 
 1.037834e+01 -1.126577e+00 
 1.037867e+01 -1.126582e+00 
 1.037899e+01 -1.126586e+00 
 1.037931e+01 -1.126590e+00 
 1.037964e+01 -1.126594e+00 
 1.037996e+01 -1.126597e+00 
 1.038028e+01 -1.126600e+00 
 1.038060e+01 -1.126602e+00 
 1.038093e+01 -1.126602e+00 
 1.038125e+01 -1.126603e+00 
 1.038157e+01 -1.126605e+00 
 1.038190e+01 -1.126607e+00 
 1.038222e+01 -1.126607e+00 
 1.038254e+01 -1.126606e+00 
 1.038287e+01 -1.126604e+00 
 1.038319e+01 -1.126602e+00 
 1.038351e+01 -1.126601e+00 
 1.038383e+01 -1.126599e+00 
 1.038416e+01 -1.126597e+00 
 1.038448e+01 -1.126594e+00 
 1.038480e+01 -1.126592e+00 
 1.038513e+01 -1.126590e+00 
 1.038545e+01 -1.126588e+00 
 1.038577e+01 -1.126584e+00 
 1.038610e+01 -1.126579e+00 
 1.038642e+01 -1.126575e+00 
 1.038674e+01 -1.126572e+00 
 1.038706e+01 -1.126568e+00 
 1.038739e+01 -1.126563e+00 
 1.038771e+01 -1.126558e+00 
 1.038803e+01 -1.126552e+00 
 1.038836e+01 -1.126547e+00 
 1.038868e+01 -1.126543e+00 
 1.038900e+01 -1.126539e+00 
 1.038933e+01 -1.126534e+00 
 1.038965e+01 -1.126530e+00 
 1.038997e+01 -1.126526e+00 
 1.039029e+01 -1.126522e+00 
 1.039062e+01 -1.126518e+00 
 1.039094e+01 -1.126513e+00 
 1.039126e+01 -1.126507e+00 
 1.039159e+01 -1.126502e+00 
 1.039191e+01 -1.126497e+00 
 1.039223e+01 -1.126493e+00 
 1.039256e+01 -1.126488e+00 
 1.039288e+01 -1.126483e+00 
 1.039320e+01 -1.126479e+00 
 1.039352e+01 -1.126475e+00 
 1.039385e+01 -1.126472e+00 
 1.039417e+01 -1.126470e+00 
 1.039449e+01 -1.126468e+00 
 1.039482e+01 -1.126465e+00 
 1.039514e+01 -1.126463e+00 
 1.039546e+01 -1.126462e+00 
 1.039579e+01 -1.126461e+00 
 1.039611e+01 -1.126458e+00 
 1.039643e+01 -1.126454e+00 
 1.039675e+01 -1.126451e+00 
 1.039708e+01 -1.126450e+00 
 1.039740e+01 -1.126449e+00 
 1.039772e+01 -1.126448e+00 
 1.039805e+01 -1.126446e+00 
 1.039837e+01 -1.126445e+00 
 1.039869e+01 -1.126446e+00 
 1.039902e+01 -1.126447e+00 
 1.039934e+01 -1.126448e+00 
 1.039966e+01 -1.126449e+00 
 1.039998e+01 -1.126450e+00 
 1.040031e+01 -1.126451e+00 
 1.040063e+01 -1.126452e+00 
 1.040095e+01 -1.126452e+00 
 1.040128e+01 -1.126452e+00 
 1.040160e+01 -1.126450e+00 
 1.040192e+01 -1.126450e+00 
 1.040225e+01 -1.126452e+00 
 1.040257e+01 -1.126454e+00 
 1.040289e+01 -1.126455e+00 
 1.040321e+01 -1.126456e+00 
 1.040354e+01 -1.126458e+00 
 1.040386e+01 -1.126460e+00 
 1.040418e+01 -1.126463e+00 
 1.040451e+01 -1.126466e+00 
 1.040483e+01 -1.126467e+00 
 1.040515e+01 -1.126469e+00 
 1.040547e+01 -1.126470e+00 
 1.040580e+01 -1.126471e+00 
 1.040612e+01 -1.126470e+00 
 1.040644e+01 -1.126469e+00 
 1.040677e+01 -1.126468e+00 
 1.040709e+01 -1.126469e+00 
 1.040741e+01 -1.126470e+00 
 1.040774e+01 -1.126472e+00 
 1.040806e+01 -1.126474e+00 
 1.040838e+01 -1.126474e+00 
 1.040870e+01 -1.126476e+00 
 1.040903e+01 -1.126477e+00 
 1.040935e+01 -1.126479e+00 
 1.040967e+01 -1.126479e+00 
 1.041000e+01 -1.126479e+00 
 1.041032e+01 -1.126478e+00 
 1.041064e+01 -1.126477e+00 
 1.041097e+01 -1.126477e+00 
 1.041129e+01 -1.126475e+00 
 1.041161e+01 -1.126474e+00 
 1.041193e+01 -1.126473e+00 
 1.041226e+01 -1.126472e+00 
 1.041258e+01 -1.126473e+00 
 1.041290e+01 -1.126474e+00 
 1.041323e+01 -1.126475e+00 
 1.041355e+01 -1.126474e+00 
 1.041387e+01 -1.126474e+00 
 1.041420e+01 -1.126475e+00 
 1.041452e+01 -1.126475e+00 
 1.041484e+01 -1.126474e+00 
 1.041516e+01 -1.126473e+00 
 1.041549e+01 -1.126472e+00 
 1.041581e+01 -1.126471e+00 
 1.041613e+01 -1.126471e+00 
 1.041646e+01 -1.126470e+00 
 1.041678e+01 -1.126469e+00 
 1.041710e+01 -1.126469e+00 
 1.041743e+01 -1.126469e+00 
 1.041775e+01 -1.126471e+00 
 1.041807e+01 -1.126473e+00 
 1.041839e+01 -1.126473e+00 
 1.041872e+01 -1.126474e+00 
 1.041904e+01 -1.126474e+00 
 1.041936e+01 -1.126475e+00 
 1.041969e+01 -1.126476e+00 
 1.042001e+01 -1.126476e+00 
 1.042033e+01 -1.126477e+00 
 1.042066e+01 -1.126478e+00 
 1.042098e+01 -1.126481e+00 
 1.042130e+01 -1.126483e+00 
 1.042162e+01 -1.126484e+00 
 1.042195e+01 -1.126486e+00 
 1.042227e+01 -1.126488e+00 
 1.042259e+01 -1.126490e+00 
 1.042292e+01 -1.126494e+00 
 1.042324e+01 -1.126498e+00 
 1.042356e+01 -1.126501e+00 
 1.042389e+01 -1.126503e+00 
 1.042421e+01 -1.126506e+00 
 1.042453e+01 -1.126508e+00 
 1.042485e+01 -1.126511e+00 
 1.042518e+01 -1.126514e+00 
 1.042550e+01 -1.126516e+00 
 1.042582e+01 -1.126519e+00 
 1.042615e+01 -1.126523e+00 
 1.042647e+01 -1.126526e+00 
 1.042679e+01 -1.126529e+00 
 1.042712e+01 -1.126531e+00 
 1.042744e+01 -1.126534e+00 
 1.042776e+01 -1.126538e+00 
 1.042808e+01 -1.126542e+00 
 1.042841e+01 -1.126545e+00 
 1.042873e+01 -1.126548e+00 
 1.042905e+01 -1.126550e+00 
 1.042938e+01 -1.126552e+00 
 1.042970e+01 -1.126554e+00 
 1.043002e+01 -1.126555e+00 
 1.043035e+01 -1.126557e+00 
 1.043067e+01 -1.126557e+00 
 1.043099e+01 -1.126558e+00 
 1.043131e+01 -1.126560e+00 
 1.043164e+01 -1.126562e+00 
 1.043196e+01 -1.126563e+00 
 1.043228e+01 -1.126564e+00 
 1.043261e+01 -1.126565e+00 
 1.043293e+01 -1.126567e+00 
 1.043325e+01 -1.126569e+00 
 1.043358e+01 -1.126570e+00 
 1.043390e+01 -1.126570e+00 
 1.043422e+01 -1.126569e+00 
 1.043454e+01 -1.126568e+00 
 1.043487e+01 -1.126567e+00 
 1.043519e+01 -1.126566e+00 
 1.043551e+01 -1.126564e+00 
 1.043584e+01 -1.126563e+00 
 1.043616e+01 -1.126563e+00 
 1.043648e+01 -1.126563e+00 
 1.043681e+01 -1.126564e+00 
 1.043713e+01 -1.126564e+00 
 1.043745e+01 -1.126564e+00 
 1.043777e+01 -1.126564e+00 
 1.043810e+01 -1.126565e+00 
 1.043842e+01 -1.126565e+00 
 1.043874e+01 -1.126565e+00 
 1.043907e+01 -1.126564e+00 
 1.043939e+01 -1.126563e+00 
 1.043971e+01 -1.126562e+00 
 1.044003e+01 -1.126562e+00 
 1.044036e+01 -1.126562e+00 
 1.044068e+01 -1.126563e+00 
 1.044100e+01 -1.126564e+00 
 1.044133e+01 -1.126567e+00 
 1.044165e+01 -1.126571e+00 
 1.044197e+01 -1.126574e+00 
 1.044230e+01 -1.126577e+00 
 1.044262e+01 -1.126580e+00 
 1.044294e+01 -1.126583e+00 
 1.044326e+01 -1.126586e+00 
 1.044359e+01 -1.126590e+00 
 1.044391e+01 -1.126593e+00 
 1.044423e+01 -1.126596e+00 
 1.044456e+01 -1.126600e+00 
 1.044488e+01 -1.126605e+00 
 1.044520e+01 -1.126610e+00 
 1.044553e+01 -1.126617e+00 
 1.044585e+01 -1.126623e+00 
 1.044617e+01 -1.126631e+00 
 1.044649e+01 -1.126639e+00 
 1.044682e+01 -1.126648e+00 
 1.044714e+01 -1.126657e+00 
 1.044746e+01 -1.126666e+00 
 1.044779e+01 -1.126674e+00 
 1.044811e+01 -1.126682e+00 
 1.044843e+01 -1.126691e+00 
 1.044876e+01 -1.126701e+00 
 1.044908e+01 -1.126711e+00 
 1.044940e+01 -1.126721e+00 
 1.044972e+01 -1.126732e+00 
 1.045005e+01 -1.126744e+00 
 1.045037e+01 -1.126756e+00 
 1.045069e+01 -1.126769e+00 
 1.045102e+01 -1.126781e+00 
 1.045134e+01 -1.126793e+00 
 1.045166e+01 -1.126805e+00 
 1.045199e+01 -1.126819e+00 
 1.045231e+01 -1.126832e+00 
 1.045263e+01 -1.126844e+00 
 1.045295e+01 -1.126856e+00 
 1.045328e+01 -1.126869e+00 
 1.045360e+01 -1.126882e+00 
 1.045392e+01 -1.126895e+00 
 1.045425e+01 -1.126908e+00 
 1.045457e+01 -1.126921e+00 
 1.045489e+01 -1.126934e+00 
 1.045522e+01 -1.126947e+00 
 1.045554e+01 -1.126961e+00 
 1.045586e+01 -1.126973e+00 
 1.045618e+01 -1.126984e+00 
 1.045651e+01 -1.126995e+00 
 1.045683e+01 -1.127007e+00 
 1.045715e+01 -1.127020e+00 
 1.045748e+01 -1.127031e+00 
 1.045780e+01 -1.127042e+00 
 1.045812e+01 -1.127052e+00 
 1.045845e+01 -1.127063e+00 
 1.045877e+01 -1.127073e+00 
 1.045909e+01 -1.127084e+00 
 1.045941e+01 -1.127094e+00 
 1.045974e+01 -1.127103e+00 
 1.046006e+01 -1.127112e+00 
 1.046038e+01 -1.127121e+00 
 1.046071e+01 -1.127130e+00 
 1.046103e+01 -1.127137e+00 
 1.046135e+01 -1.127144e+00 
 1.046168e+01 -1.127151e+00 
 1.046200e+01 -1.127158e+00 
 1.046232e+01 -1.127166e+00 
 1.046264e+01 -1.127173e+00 
 1.046297e+01 -1.127179e+00 
 1.046329e+01 -1.127184e+00 
 1.046361e+01 -1.127190e+00 
 1.046394e+01 -1.127196e+00 
 1.046426e+01 -1.127202e+00 
 1.046458e+01 -1.127207e+00 
 1.046491e+01 -1.127211e+00 
 1.046523e+01 -1.127216e+00 
 1.046555e+01 -1.127222e+00 
 1.046587e+01 -1.127227e+00 
 1.046620e+01 -1.127231e+00 
 1.046652e+01 -1.127234e+00 
 1.046684e+01 -1.127238e+00 
 1.046717e+01 -1.127242e+00 
 1.046749e+01 -1.127246e+00 
 1.046781e+01 -1.127250e+00 
 1.046814e+01 -1.127253e+00 
 1.046846e+01 -1.127256e+00 
 1.046878e+01 -1.127260e+00 
 1.046910e+01 -1.127263e+00 
 1.046943e+01 -1.127267e+00 
 1.046975e+01 -1.127271e+00 
 1.047007e+01 -1.127274e+00 
 1.047040e+01 -1.127278e+00 
 1.047072e+01 -1.127283e+00 
 1.047104e+01 -1.127288e+00 
 1.047137e+01 -1.127292e+00 
 1.047169e+01 -1.127294e+00 
 1.047201e+01 -1.127298e+00 
 1.047233e+01 -1.127301e+00 
 1.047266e+01 -1.127305e+00 
 1.047298e+01 -1.127309e+00 
 1.047330e+01 -1.127313e+00 
 1.047363e+01 -1.127316e+00 
 1.047395e+01 -1.127320e+00 
 1.047427e+01 -1.127325e+00 
 1.047459e+01 -1.127330e+00 
 1.047492e+01 -1.127335e+00 
 1.047524e+01 -1.127340e+00 
 1.047556e+01 -1.127345e+00 
 1.047589e+01 -1.127351e+00 
 1.047621e+01 -1.127357e+00 
 1.047653e+01 -1.127361e+00 
 1.047686e+01 -1.127364e+00 
 1.047718e+01 -1.127368e+00 
 1.047750e+01 -1.127373e+00 
 1.047782e+01 -1.127377e+00 
 1.047815e+01 -1.127382e+00 
 1.047847e+01 -1.127386e+00 
 1.047879e+01 -1.127391e+00 
 1.047912e+01 -1.127395e+00 
 1.047944e+01 -1.127400e+00 
 1.047976e+01 -1.127405e+00 
 1.048009e+01 -1.127409e+00 
 1.048041e+01 -1.127413e+00 
 1.048073e+01 -1.127416e+00 
 1.048105e+01 -1.127421e+00 
 1.048138e+01 -1.127425e+00 
 1.048170e+01 -1.127427e+00 
 1.048202e+01 -1.127429e+00 
 1.048235e+01 -1.127431e+00 
 1.048267e+01 -1.127434e+00 
 1.048299e+01 -1.127437e+00 
 1.048332e+01 -1.127439e+00 
 1.048364e+01 -1.127441e+00 
 1.048396e+01 -1.127442e+00 
 1.048428e+01 -1.127444e+00 
 1.048461e+01 -1.127445e+00 
 1.048493e+01 -1.127446e+00 
 1.048525e+01 -1.127446e+00 
 1.048558e+01 -1.127445e+00 
 1.048590e+01 -1.127444e+00 
 1.048622e+01 -1.127444e+00 
 1.048655e+01 -1.127444e+00 
 1.048687e+01 -1.127442e+00 
 1.048719e+01 -1.127440e+00 
 1.048751e+01 -1.127439e+00 
 1.048784e+01 -1.127438e+00 
 1.048816e+01 -1.127437e+00 
 1.048848e+01 -1.127435e+00 
 1.048881e+01 -1.127433e+00 
 1.048913e+01 -1.127431e+00 
 1.048945e+01 -1.127429e+00 
 1.048978e+01 -1.127427e+00 
 1.049010e+01 -1.127424e+00 
 1.049042e+01 -1.127420e+00 
 1.049074e+01 -1.127417e+00 
 1.049107e+01 -1.127413e+00 
 1.049139e+01 -1.127412e+00 
 1.049171e+01 -1.127410e+00 
 1.049204e+01 -1.127407e+00 
 1.049236e+01 -1.127404e+00 
 1.049268e+01 -1.127402e+00 
 1.049301e+01 -1.127401e+00 
 1.049333e+01 -1.127399e+00 
 1.049365e+01 -1.127398e+00 
 1.049397e+01 -1.127396e+00 
 1.049430e+01 -1.127394e+00 
 1.049462e+01 -1.127392e+00 
 1.049494e+01 -1.127392e+00 
 1.049527e+01 -1.127391e+00 
 1.049559e+01 -1.127389e+00 
 1.049591e+01 -1.127388e+00 
 1.049624e+01 -1.127388e+00 
 1.049656e+01 -1.127389e+00 
 1.049688e+01 -1.127390e+00 
 1.049720e+01 -1.127391e+00 
 1.049753e+01 -1.127391e+00 
 1.049785e+01 -1.127392e+00 
 1.049817e+01 -1.127394e+00 
 1.049850e+01 -1.127397e+00 
 1.049882e+01 -1.127399e+00 
 1.049914e+01 -1.127401e+00 
 1.049947e+01 -1.127404e+00 
 1.049979e+01 -1.127407e+00 
 1.050011e+01 -1.127411e+00 
 1.050043e+01 -1.127415e+00 
 1.050076e+01 -1.127419e+00 
 1.050108e+01 -1.127422e+00 
 1.050140e+01 -1.127427e+00 
 1.050173e+01 -1.127433e+00 
 1.050205e+01 -1.127438e+00 
 1.050237e+01 -1.127443e+00 
 1.050270e+01 -1.127447e+00 
 1.050302e+01 -1.127453e+00 
 1.050334e+01 -1.127459e+00 
 1.050366e+01 -1.127465e+00 
 1.050399e+01 -1.127471e+00 
 1.050431e+01 -1.127477e+00 
 1.050463e+01 -1.127483e+00 
 1.050496e+01 -1.127489e+00 
 1.050528e+01 -1.127496e+00 
 1.050560e+01 -1.127502e+00 
 1.050593e+01 -1.127508e+00 
 1.050625e+01 -1.127513e+00 
 1.050657e+01 -1.127519e+00 
 1.050689e+01 -1.127525e+00 
 1.050722e+01 -1.127531e+00 
 1.050754e+01 -1.127535e+00 
 1.050786e+01 -1.127540e+00 
 1.050819e+01 -1.127545e+00 
 1.050851e+01 -1.127550e+00 
 1.050883e+01 -1.127555e+00 
 1.050916e+01 -1.127560e+00 
 1.050948e+01 -1.127564e+00 
 1.050980e+01 -1.127568e+00 
 1.051012e+01 -1.127571e+00 
 1.051045e+01 -1.127575e+00 
 1.051077e+01 -1.127578e+00 
 1.051109e+01 -1.127580e+00 
 1.051142e+01 -1.127582e+00 
 1.051174e+01 -1.127584e+00 
 1.051206e+01 -1.127586e+00 
 1.051238e+01 -1.127588e+00 
 1.051271e+01 -1.127589e+00 
 1.051303e+01 -1.127589e+00 
 1.051335e+01 -1.127590e+00 
 1.051368e+01 -1.127591e+00 
 1.051400e+01 -1.127592e+00 
 1.051432e+01 -1.127592e+00 
 1.051465e+01 -1.127591e+00 
 1.051497e+01 -1.127590e+00 
 1.051529e+01 -1.127589e+00 
 1.051561e+01 -1.127588e+00 
 1.051594e+01 -1.127588e+00 
 1.051626e+01 -1.127587e+00 
 1.051658e+01 -1.127586e+00 
 1.051691e+01 -1.127585e+00 
 1.051723e+01 -1.127585e+00 
 1.051755e+01 -1.127584e+00 
 1.051788e+01 -1.127583e+00 
 1.051820e+01 -1.127581e+00 
 1.051852e+01 -1.127580e+00 
 1.051884e+01 -1.127579e+00 
 1.051917e+01 -1.127579e+00 
 1.051949e+01 -1.127578e+00 
 1.051981e+01 -1.127576e+00 
 1.052014e+01 -1.127575e+00 
 1.052046e+01 -1.127575e+00 
 1.052078e+01 -1.127577e+00 
 1.052111e+01 -1.127580e+00 
 1.052143e+01 -1.127582e+00 
 1.052175e+01 -1.127584e+00 
 1.052207e+01 -1.127586e+00 
 1.052240e+01 -1.127589e+00 
 1.052272e+01 -1.127592e+00 
 1.052304e+01 -1.127594e+00 
 1.052337e+01 -1.127596e+00 
 1.052369e+01 -1.127599e+00 
 1.052401e+01 -1.127603e+00 
 1.052434e+01 -1.127607e+00 
 1.052466e+01 -1.127612e+00 
 1.052498e+01 -1.127617e+00 
 1.052530e+01 -1.127623e+00 
 1.052563e+01 -1.127629e+00 
 1.052595e+01 -1.127638e+00 
 1.052627e+01 -1.127648e+00 
 1.052660e+01 -1.127657e+00 
 1.052692e+01 -1.127665e+00 
 1.052724e+01 -1.127674e+00 
 1.052757e+01 -1.127682e+00 
 1.052789e+01 -1.127691e+00 
 1.052821e+01 -1.127699e+00 
 1.052853e+01 -1.127708e+00 
 1.052886e+01 -1.127717e+00 
 1.052918e+01 -1.127728e+00 
 1.052950e+01 -1.127739e+00 
 1.052983e+01 -1.127750e+00 
 1.053015e+01 -1.127761e+00 
 1.053047e+01 -1.127772e+00 
 1.053080e+01 -1.127783e+00 
 1.053112e+01 -1.127796e+00 
 1.053144e+01 -1.127809e+00 
 1.053176e+01 -1.127821e+00 
 1.053209e+01 -1.127831e+00 
 1.053241e+01 -1.127842e+00 
 1.053273e+01 -1.127854e+00 
 1.053306e+01 -1.127865e+00 
 1.053338e+01 -1.127875e+00 
 1.053370e+01 -1.127886e+00 
 1.053403e+01 -1.127897e+00 
 1.053435e+01 -1.127909e+00 
 1.053467e+01 -1.127921e+00 
 1.053499e+01 -1.127932e+00 
 1.053532e+01 -1.127942e+00 
 1.053564e+01 -1.127951e+00 
 1.053596e+01 -1.127960e+00 
 1.053629e+01 -1.127970e+00 
 1.053661e+01 -1.127981e+00 
 1.053693e+01 -1.127990e+00 
 1.053726e+01 -1.127998e+00 
 1.053758e+01 -1.128007e+00 
 1.053790e+01 -1.128016e+00 
 1.053822e+01 -1.128025e+00 
 1.053855e+01 -1.128033e+00 
 1.053887e+01 -1.128040e+00 
 1.053919e+01 -1.128048e+00 
 1.053952e+01 -1.128056e+00 
 1.053984e+01 -1.128064e+00 
 1.054016e+01 -1.128070e+00 
 1.054049e+01 -1.128076e+00 
 1.054081e+01 -1.128082e+00 
 1.054113e+01 -1.128087e+00 
 1.054145e+01 -1.128095e+00 
 1.054178e+01 -1.128103e+00 
 1.054210e+01 -1.128110e+00 
 1.054242e+01 -1.128117e+00 
 1.054275e+01 -1.128123e+00 
 1.054307e+01 -1.128130e+00 
 1.054339e+01 -1.128136e+00 
 1.054372e+01 -1.128142e+00 
 1.054404e+01 -1.128148e+00 
 1.054436e+01 -1.128154e+00 
 1.054468e+01 -1.128161e+00 
 1.054501e+01 -1.128168e+00 
 1.054533e+01 -1.128175e+00 
 1.054565e+01 -1.128182e+00 
 1.054598e+01 -1.128191e+00 
 1.054630e+01 -1.128199e+00 
 1.054662e+01 -1.128209e+00 
 1.054694e+01 -1.128219e+00 
 1.054727e+01 -1.128228e+00 
 1.054759e+01 -1.128237e+00 
 1.054791e+01 -1.128245e+00 
 1.054824e+01 -1.128253e+00 
 1.054856e+01 -1.128262e+00 
 1.054888e+01 -1.128271e+00 
 1.054921e+01 -1.128281e+00 
 1.054953e+01 -1.128292e+00 
 1.054985e+01 -1.128303e+00 
 1.055017e+01 -1.128316e+00 
 1.055050e+01 -1.128329e+00 
 1.055082e+01 -1.128342e+00 
 1.055114e+01 -1.128355e+00 
 1.055147e+01 -1.128368e+00 
 1.055179e+01 -1.128381e+00 
 1.055211e+01 -1.128394e+00 
 1.055244e+01 -1.128406e+00 
 1.055276e+01 -1.128417e+00 
 1.055308e+01 -1.128429e+00 
 1.055340e+01 -1.128442e+00 
 1.055373e+01 -1.128455e+00 
 1.055405e+01 -1.128469e+00 
 1.055437e+01 -1.128484e+00 
 1.055470e+01 -1.128499e+00 
 1.055502e+01 -1.128514e+00 
 1.055534e+01 -1.128529e+00 
 1.055567e+01 -1.128543e+00 
 1.055599e+01 -1.128556e+00 
 1.055631e+01 -1.128568e+00 
 1.055663e+01 -1.128580e+00 
 1.055696e+01 -1.128591e+00 
 1.055728e+01 -1.128603e+00 
 1.055760e+01 -1.128614e+00 
 1.055793e+01 -1.128624e+00 
 1.055825e+01 -1.128636e+00 
 1.055857e+01 -1.128647e+00 
 1.055890e+01 -1.128659e+00 
 1.055922e+01 -1.128670e+00 
 1.055954e+01 -1.128681e+00 
 1.055986e+01 -1.128691e+00 
 1.056019e+01 -1.128700e+00 
 1.056051e+01 -1.128708e+00 
 1.056083e+01 -1.128713e+00 
 1.056116e+01 -1.128718e+00 
 1.056148e+01 -1.128723e+00 
 1.056180e+01 -1.128727e+00 
 1.056213e+01 -1.128732e+00 
 1.056245e+01 -1.128738e+00 
 1.056277e+01 -1.128742e+00 
 1.056309e+01 -1.128746e+00 
 1.056342e+01 -1.128749e+00 
 1.056374e+01 -1.128753e+00 
 1.056406e+01 -1.128755e+00 
 1.056439e+01 -1.128756e+00 
 1.056471e+01 -1.128757e+00 
 1.056503e+01 -1.128756e+00 
 1.056536e+01 -1.128755e+00 
 1.056568e+01 -1.128753e+00 
 1.056600e+01 -1.128751e+00 
 1.056632e+01 -1.128748e+00 
 1.056665e+01 -1.128746e+00 
 1.056697e+01 -1.128744e+00 
 1.056729e+01 -1.128743e+00 
 1.056762e+01 -1.128741e+00 
 1.056794e+01 -1.128739e+00 
 1.056826e+01 -1.128735e+00 
 1.056859e+01 -1.128732e+00 
 1.056891e+01 -1.128729e+00 
 1.056923e+01 -1.128725e+00 
 1.056955e+01 -1.128721e+00 
 1.056988e+01 -1.128716e+00 
 1.057020e+01 -1.128713e+00 
 1.057052e+01 -1.128710e+00 
 1.057085e+01 -1.128707e+00 
 1.057117e+01 -1.128704e+00 
 1.057149e+01 -1.128701e+00 
 1.057182e+01 -1.128699e+00 
 1.057214e+01 -1.128697e+00 
 1.057246e+01 -1.128696e+00 
 1.057278e+01 -1.128694e+00 
 1.057311e+01 -1.128692e+00 
 1.057343e+01 -1.128690e+00 
 1.057375e+01 -1.128689e+00 
 1.057408e+01 -1.128688e+00 
 1.057440e+01 -1.128688e+00 
 1.057472e+01 -1.128689e+00 
 1.057505e+01 -1.128690e+00 
 1.057537e+01 -1.128692e+00 
 1.057569e+01 -1.128695e+00 
 1.057601e+01 -1.128697e+00 
 1.057634e+01 -1.128699e+00 
 1.057666e+01 -1.128700e+00 
 1.057698e+01 -1.128702e+00 
 1.057731e+01 -1.128704e+00 
 1.057763e+01 -1.128707e+00 
 1.057795e+01 -1.128711e+00 
 1.057828e+01 -1.128714e+00 
 1.057860e+01 -1.128718e+00 
 1.057892e+01 -1.128723e+00 
 1.057924e+01 -1.128729e+00 
 1.057957e+01 -1.128735e+00 
 1.057989e+01 -1.128741e+00 
 1.058021e+01 -1.128747e+00 
 1.058054e+01 -1.128753e+00 
 1.058086e+01 -1.128758e+00 
 1.058118e+01 -1.128762e+00 
 1.058150e+01 -1.128765e+00 
 1.058183e+01 -1.128768e+00 
 1.058215e+01 -1.128773e+00 
 1.058247e+01 -1.128778e+00 
 1.058280e+01 -1.128783e+00 
 1.058312e+01 -1.128789e+00 
 1.058344e+01 -1.128795e+00 
 1.058377e+01 -1.128800e+00 
 1.058409e+01 -1.128805e+00 
 1.058441e+01 -1.128810e+00 
 1.058473e+01 -1.128815e+00 
 1.058506e+01 -1.128818e+00 
 1.058538e+01 -1.128820e+00 
 1.058570e+01 -1.128822e+00 
 1.058603e+01 -1.128823e+00 
 1.058635e+01 -1.128824e+00 
 1.058667e+01 -1.128824e+00 
 1.058700e+01 -1.128825e+00 
 1.058732e+01 -1.128827e+00 
 1.058764e+01 -1.128829e+00 
 1.058796e+01 -1.128831e+00 
 1.058829e+01 -1.128832e+00 
 1.058861e+01 -1.128832e+00 
 1.058893e+01 -1.128832e+00 
 1.058926e+01 -1.128830e+00 
 1.058958e+01 -1.128828e+00 
 1.058990e+01 -1.128825e+00 
 1.059023e+01 -1.128821e+00 
 1.059055e+01 -1.128817e+00 
 1.059087e+01 -1.128814e+00 
 1.059119e+01 -1.128811e+00 
 1.059152e+01 -1.128808e+00 
 1.059184e+01 -1.128804e+00 
 1.059216e+01 -1.128801e+00 
 1.059249e+01 -1.128798e+00 
 1.059281e+01 -1.128795e+00 
 1.059313e+01 -1.128791e+00 
 1.059346e+01 -1.128786e+00 
 1.059378e+01 -1.128781e+00 
 1.059410e+01 -1.128775e+00 
 1.059442e+01 -1.128770e+00 
 1.059475e+01 -1.128765e+00 
 1.059507e+01 -1.128759e+00 
 1.059539e+01 -1.128755e+00 
 1.059572e+01 -1.128751e+00 
 1.059604e+01 -1.128749e+00 
 1.059636e+01 -1.128746e+00 
 1.059669e+01 -1.128743e+00 
 1.059701e+01 -1.128740e+00 
 1.059733e+01 -1.128737e+00 
 1.059765e+01 -1.128734e+00 
 1.059798e+01 -1.128732e+00 
 1.059830e+01 -1.128730e+00 
 1.059862e+01 -1.128727e+00 
 1.059895e+01 -1.128725e+00 
 1.059927e+01 -1.128724e+00 
 1.059959e+01 -1.128723e+00 
 1.059992e+01 -1.128724e+00 
 1.060024e+01 -1.128725e+00 
 1.060056e+01 -1.128726e+00 
 1.060088e+01 -1.128728e+00 
 1.060121e+01 -1.128732e+00 
 1.060153e+01 -1.128734e+00 
 1.060185e+01 -1.128736e+00 
 1.060218e+01 -1.128738e+00 
 1.060250e+01 -1.128741e+00 
 1.060282e+01 -1.128745e+00 
 1.060315e+01 -1.128749e+00 
 1.060347e+01 -1.128754e+00 
 1.060379e+01 -1.128759e+00 
 1.060411e+01 -1.128764e+00 
 1.060444e+01 -1.128769e+00 
 1.060476e+01 -1.128775e+00 
 1.060508e+01 -1.128781e+00 
 1.060541e+01 -1.128787e+00 
 1.060573e+01 -1.128792e+00 
 1.060605e+01 -1.128799e+00 
 1.060638e+01 -1.128806e+00 
 1.060670e+01 -1.128812e+00 
 1.060702e+01 -1.128818e+00 
 1.060734e+01 -1.128824e+00 
 1.060767e+01 -1.128831e+00 
 1.060799e+01 -1.128838e+00 
 1.060831e+01 -1.128846e+00 
 1.060864e+01 -1.128853e+00 
 1.060896e+01 -1.128859e+00 
 1.060928e+01 -1.128865e+00 
 1.060961e+01 -1.128870e+00 
 1.060993e+01 -1.128874e+00 
 1.061025e+01 -1.128878e+00 
 1.061057e+01 -1.128881e+00 
 1.061090e+01 -1.128883e+00 
 1.061122e+01 -1.128887e+00 
 1.061154e+01 -1.128891e+00 
 1.061187e+01 -1.128895e+00 
 1.061219e+01 -1.128899e+00 
 1.061251e+01 -1.128902e+00 
 1.061284e+01 -1.128904e+00 
 1.061316e+01 -1.128907e+00 
 1.061348e+01 -1.128909e+00 
 1.061380e+01 -1.128910e+00 
 1.061413e+01 -1.128910e+00 
 1.061445e+01 -1.128909e+00 
 1.061477e+01 -1.128908e+00 
 1.061510e+01 -1.128907e+00 
 1.061542e+01 -1.128906e+00 
 1.061574e+01 -1.128904e+00 
 1.061606e+01 -1.128902e+00 
 1.061639e+01 -1.128901e+00 
 1.061671e+01 -1.128901e+00 
 1.061703e+01 -1.128901e+00 
 1.061736e+01 -1.128899e+00 
 1.061768e+01 -1.128897e+00 
 1.061800e+01 -1.128894e+00 
 1.061833e+01 -1.128892e+00 
 1.061865e+01 -1.128889e+00 
 1.061897e+01 -1.128886e+00 
 1.061929e+01 -1.128882e+00 
 1.061962e+01 -1.128879e+00 
 1.061994e+01 -1.128877e+00 
 1.062026e+01 -1.128876e+00 
 1.062059e+01 -1.128875e+00 
 1.062091e+01 -1.128873e+00 
 1.062123e+01 -1.128871e+00 
 1.062156e+01 -1.128871e+00 
 1.062188e+01 -1.128871e+00 
 1.062220e+01 -1.128871e+00 
 1.062252e+01 -1.128870e+00 
 1.062285e+01 -1.128870e+00 
 1.062317e+01 -1.128869e+00 
 1.062349e+01 -1.128870e+00 
 1.062382e+01 -1.128872e+00 
 1.062414e+01 -1.128874e+00 
 1.062446e+01 -1.128876e+00 
 1.062479e+01 -1.128879e+00 
 1.062511e+01 -1.128884e+00 
 1.062543e+01 -1.128890e+00 
 1.062575e+01 -1.128895e+00 
 1.062608e+01 -1.128901e+00 
 1.062640e+01 -1.128906e+00 
 1.062672e+01 -1.128912e+00 
 1.062705e+01 -1.128919e+00 
 1.062737e+01 -1.128927e+00 
 1.062769e+01 -1.128934e+00 
 1.062802e+01 -1.128942e+00 
 1.062834e+01 -1.128951e+00 
 1.062866e+01 -1.128961e+00 
 1.062898e+01 -1.128972e+00 
 1.062931e+01 -1.128983e+00 
 1.062963e+01 -1.128995e+00 
 1.062995e+01 -1.129006e+00 
 1.063028e+01 -1.129019e+00 
 1.063060e+01 -1.129033e+00 
 1.063092e+01 -1.129048e+00 
 1.063125e+01 -1.129062e+00 
 1.063157e+01 -1.129075e+00 
 1.063189e+01 -1.129089e+00 
 1.063221e+01 -1.129104e+00 
 1.063254e+01 -1.129119e+00 
 1.063286e+01 -1.129134e+00 
 1.063318e+01 -1.129149e+00 
 1.063351e+01 -1.129164e+00 
 1.063383e+01 -1.129179e+00 
 1.063415e+01 -1.129194e+00 
 1.063448e+01 -1.129210e+00 
 1.063480e+01 -1.129225e+00 
 1.063512e+01 -1.129240e+00 
 1.063544e+01 -1.129256e+00 
 1.063577e+01 -1.129272e+00 
 1.063609e+01 -1.129290e+00 
 1.063641e+01 -1.129307e+00 
 1.063674e+01 -1.129321e+00 
 1.063706e+01 -1.129336e+00 
 1.063738e+01 -1.129351e+00 
 1.063771e+01 -1.129365e+00 
 1.063803e+01 -1.129378e+00 
 1.063835e+01 -1.129390e+00 
 1.063867e+01 -1.129403e+00 
 1.063900e+01 -1.129415e+00 
 1.063932e+01 -1.129427e+00 
 1.063964e+01 -1.129439e+00 
 1.063997e+01 -1.129450e+00 
 1.064029e+01 -1.129461e+00 
 1.064061e+01 -1.129471e+00 
 1.064094e+01 -1.129484e+00 
 1.064126e+01 -1.129497e+00 
 1.064158e+01 -1.129508e+00 
 1.064190e+01 -1.129517e+00 
 1.064223e+01 -1.129525e+00 
 1.064255e+01 -1.129533e+00 
 1.064287e+01 -1.129540e+00 
 1.064320e+01 -1.129547e+00 
 1.064352e+01 -1.129553e+00 
 1.064384e+01 -1.129558e+00 
 1.064417e+01 -1.129565e+00 
 1.064449e+01 -1.129572e+00 
 1.064481e+01 -1.129578e+00 
 1.064513e+01 -1.129583e+00 
 1.064546e+01 -1.129588e+00 
 1.064578e+01 -1.129594e+00 
 1.064610e+01 -1.129601e+00 
 1.064643e+01 -1.129609e+00 
 1.064675e+01 -1.129614e+00 
 1.064707e+01 -1.129618e+00 
 1.064740e+01 -1.129622e+00 
 1.064772e+01 -1.129626e+00 
 1.064804e+01 -1.129630e+00 
 1.064836e+01 -1.129634e+00 
 1.064869e+01 -1.129639e+00 
 1.064901e+01 -1.129643e+00 
 1.064933e+01 -1.129649e+00 
 1.064966e+01 -1.129654e+00 
 1.064998e+01 -1.129660e+00 
 1.065030e+01 -1.129665e+00 
 1.065063e+01 -1.129669e+00 
 1.065095e+01 -1.129674e+00 
 1.065127e+01 -1.129680e+00 
 1.065159e+01 -1.129687e+00 
 1.065192e+01 -1.129693e+00 
 1.065224e+01 -1.129698e+00 
 1.065256e+01 -1.129703e+00 
 1.065289e+01 -1.129709e+00 
 1.065321e+01 -1.129716e+00 
 1.065353e+01 -1.129722e+00 
 1.065385e+01 -1.129729e+00 
 1.065418e+01 -1.129736e+00 
 1.065450e+01 -1.129743e+00 
 1.065482e+01 -1.129751e+00 
 1.065515e+01 -1.129758e+00 
 1.065547e+01 -1.129764e+00 
 1.065579e+01 -1.129769e+00 
 1.065612e+01 -1.129771e+00 
 1.065644e+01 -1.129778e+00 
 1.065676e+01 -1.129785e+00 
 1.065708e+01 -1.129792e+00 
 1.065741e+01 -1.129797e+00 
 1.065773e+01 -1.129803e+00 
 1.065805e+01 -1.129810e+00 
 1.065838e+01 -1.129816e+00 
 1.065870e+01 -1.129822e+00 
 1.065902e+01 -1.129827e+00 
 1.065935e+01 -1.129833e+00 
 1.065967e+01 -1.129838e+00 
 1.065999e+01 -1.129843e+00 
 1.066031e+01 -1.129848e+00 
 1.066064e+01 -1.129851e+00 
 1.066096e+01 -1.129849e+00 
 1.066128e+01 -1.129847e+00 
 1.066161e+01 -1.129848e+00 
 1.066193e+01 -1.129850e+00 
 1.066225e+01 -1.129851e+00 
 1.066258e+01 -1.129851e+00 
 1.066290e+01 -1.129851e+00 
 1.066322e+01 -1.129851e+00 
 1.066354e+01 -1.129850e+00 
 1.066387e+01 -1.129850e+00 
 1.066419e+01 -1.129848e+00 
 1.066451e+01 -1.129845e+00 
 1.066484e+01 -1.129843e+00 
 1.066516e+01 -1.129840e+00 
 1.066548e+01 -1.129838e+00 
 1.066581e+01 -1.129832e+00 
 1.066613e+01 -1.129821e+00 
 1.066645e+01 -1.129810e+00 
 1.066677e+01 -1.129803e+00 
 1.066710e+01 -1.129798e+00 
 1.066742e+01 -1.129791e+00 
 1.066774e+01 -1.129783e+00 
 1.066807e+01 -1.129775e+00 
 1.066839e+01 -1.129767e+00 
 1.066871e+01 -1.129760e+00 
 1.066904e+01 -1.129753e+00 
 1.066936e+01 -1.129744e+00 
 1.066968e+01 -1.129735e+00 
 1.067000e+01 -1.129726e+00 
 1.067033e+01 -1.129719e+00 
 1.067065e+01 -1.129711e+00 
 1.067097e+01 -1.129702e+00 
 1.067130e+01 -1.129688e+00 
 1.067162e+01 -1.129674e+00 
 1.067194e+01 -1.129666e+00 
 1.067227e+01 -1.129658e+00 
 1.067259e+01 -1.129650e+00 
 1.067291e+01 -1.129641e+00 
 1.067323e+01 -1.129633e+00 
 1.067356e+01 -1.129626e+00 
 1.067388e+01 -1.129620e+00 
 1.067420e+01 -1.129614e+00 
 1.067453e+01 -1.129608e+00 
 1.067485e+01 -1.129601e+00 
 1.067517e+01 -1.129596e+00 
 1.067550e+01 -1.129592e+00 
 1.067582e+01 -1.129590e+00 
 1.067614e+01 -1.129588e+00 
 1.067646e+01 -1.129580e+00 
 1.067679e+01 -1.129574e+00 
 1.067711e+01 -1.129572e+00 
 1.067743e+01 -1.129572e+00 
 1.067776e+01 -1.129571e+00 
 1.067808e+01 -1.129571e+00 
 1.067840e+01 -1.129571e+00 
 1.067873e+01 -1.129572e+00 
 1.067905e+01 -1.129574e+00 
 1.067937e+01 -1.129577e+00 
 1.067969e+01 -1.129579e+00 
 1.068002e+01 -1.129581e+00 
 1.068034e+01 -1.129585e+00 
 1.068066e+01 -1.129589e+00 
 1.068099e+01 -1.129598e+00 
 1.068131e+01 -1.129604e+00 
 1.068163e+01 -1.129605e+00 
 1.068196e+01 -1.129608e+00 
 1.068228e+01 -1.129614e+00 
 1.068260e+01 -1.129622e+00 
 1.068292e+01 -1.129630e+00 
 1.068325e+01 -1.129637e+00 
 1.068357e+01 -1.129645e+00 
 1.068389e+01 -1.129652e+00 
 1.068422e+01 -1.129660e+00 
 1.068454e+01 -1.129668e+00 
 1.068486e+01 -1.129674e+00 
 1.068519e+01 -1.129680e+00 
 1.068551e+01 -1.129685e+00 
 1.068583e+01 -1.129693e+00 
 1.068615e+01 -1.129703e+00 
 1.068648e+01 -1.129710e+00 
 1.068680e+01 -1.129713e+00 
 1.068712e+01 -1.129717e+00 
 1.068745e+01 -1.129724e+00 
 1.068777e+01 -1.129731e+00 
 1.068809e+01 -1.129738e+00 
 1.068841e+01 -1.129743e+00 
 1.068874e+01 -1.129747e+00 
 1.068906e+01 -1.129751e+00 
 1.068938e+01 -1.129754e+00 
 1.068971e+01 -1.129757e+00 
 1.069003e+01 -1.129757e+00 
 1.069035e+01 -1.129756e+00 
 1.069068e+01 -1.129755e+00 
 1.069100e+01 -1.129757e+00 
 1.069132e+01 -1.129762e+00 
 1.069164e+01 -1.129764e+00 
 1.069197e+01 -1.129763e+00 
 1.069229e+01 -1.129763e+00 
 1.069261e+01 -1.129765e+00 
 1.069294e+01 -1.129767e+00 
 1.069326e+01 -1.129768e+00 
 1.069358e+01 -1.129767e+00 
 1.069391e+01 -1.129764e+00 
 1.069423e+01 -1.129761e+00 
 1.069455e+01 -1.129759e+00 
 1.069487e+01 -1.129755e+00 
 1.069520e+01 -1.129751e+00 
 1.069552e+01 -1.129744e+00 
 1.069584e+01 -1.129740e+00 
 1.069617e+01 -1.129738e+00 
 1.069649e+01 -1.129739e+00 
 1.069681e+01 -1.129737e+00 
 1.069714e+01 -1.129732e+00 
 1.069746e+01 -1.129727e+00 
 1.069778e+01 -1.129724e+00 
 1.069810e+01 -1.129722e+00 
 1.069843e+01 -1.129717e+00 
 1.069875e+01 -1.129712e+00 
 1.069907e+01 -1.129705e+00 
 1.069940e+01 -1.129699e+00 
 1.069972e+01 -1.129695e+00 
 1.070004e+01 -1.129691e+00 
 1.070037e+01 -1.129686e+00 
 1.070069e+01 -1.129682e+00 
 1.070101e+01 -1.129678e+00 
 1.070133e+01 -1.129678e+00 
 1.070166e+01 -1.129680e+00 
 1.070198e+01 -1.129679e+00 
 1.070230e+01 -1.129676e+00 
 1.070263e+01 -1.129674e+00 
 1.070295e+01 -1.129673e+00 
 1.070327e+01 -1.129673e+00 
 1.070360e+01 -1.129671e+00 
 1.070392e+01 -1.129669e+00 
 1.070424e+01 -1.129667e+00 
 1.070456e+01 -1.129667e+00 
 1.070489e+01 -1.129669e+00 
 1.070521e+01 -1.129671e+00 
 1.070553e+01 -1.129673e+00 
 1.070586e+01 -1.129674e+00 
 1.070618e+01 -1.129675e+00 
 1.070650e+01 -1.129680e+00 
 1.070683e+01 -1.129685e+00 
 1.070715e+01 -1.129689e+00 
 1.070747e+01 -1.129691e+00 
 1.070779e+01 -1.129693e+00 
 1.070812e+01 -1.129697e+00 
 1.070844e+01 -1.129701e+00 
 1.070876e+01 -1.129705e+00 
 1.070909e+01 -1.129709e+00 
 1.070941e+01 -1.129713e+00 
 1.070973e+01 -1.129717e+00 
 1.071006e+01 -1.129724e+00 
 1.071038e+01 -1.129730e+00 
 1.071070e+01 -1.129735e+00 
 1.071102e+01 -1.129737e+00 
 1.071135e+01 -1.129741e+00 
 1.071167e+01 -1.129746e+00 
 1.071199e+01 -1.129752e+00 
 1.071232e+01 -1.129757e+00 
 1.071264e+01 -1.129758e+00 
 1.071296e+01 -1.129760e+00 
 1.071329e+01 -1.129763e+00 
 1.071361e+01 -1.129767e+00 
 1.071393e+01 -1.129770e+00 
 1.071425e+01 -1.129772e+00 
 1.071458e+01 -1.129774e+00 
 1.071490e+01 -1.129776e+00 
 1.071522e+01 -1.129779e+00 
 1.071555e+01 -1.129782e+00 
 1.071587e+01 -1.129784e+00 
 1.071619e+01 -1.129784e+00 
 1.071652e+01 -1.129784e+00 
 1.071684e+01 -1.129786e+00 
 1.071716e+01 -1.129789e+00 
 1.071748e+01 -1.129789e+00 
 1.071781e+01 -1.129788e+00 
 1.071813e+01 -1.129786e+00 
 1.071845e+01 -1.129786e+00 
 1.071878e+01 -1.129787e+00 
 1.071910e+01 -1.129787e+00 
 1.071942e+01 -1.129786e+00 
 1.071975e+01 -1.129785e+00 
 1.072007e+01 -1.129784e+00 
 1.072039e+01 -1.129786e+00 
 1.072071e+01 -1.129788e+00 
 1.072104e+01 -1.129790e+00 
 1.072136e+01 -1.129790e+00 
 1.072168e+01 -1.129791e+00 
 1.072201e+01 -1.129793e+00 
 1.072233e+01 -1.129796e+00 
 1.072265e+01 -1.129797e+00 
 1.072297e+01 -1.129797e+00 
 1.072330e+01 -1.129797e+00 
 1.072362e+01 -1.129800e+00 
 1.072394e+01 -1.129804e+00 
 1.072427e+01 -1.129807e+00 
 1.072459e+01 -1.129811e+00 
 1.072491e+01 -1.129815e+00 
 1.072524e+01 -1.129821e+00 
 1.072556e+01 -1.129829e+00 
 1.072588e+01 -1.129838e+00 
 1.072620e+01 -1.129847e+00 
 1.072653e+01 -1.129855e+00 
 1.072685e+01 -1.129863e+00 
 1.072717e+01 -1.129872e+00 
 1.072750e+01 -1.129882e+00 
 1.072782e+01 -1.129891e+00 
 1.072814e+01 -1.129900e+00 
 1.072847e+01 -1.129910e+00 
 1.072879e+01 -1.129922e+00 
 1.072911e+01 -1.129935e+00 
 1.072943e+01 -1.129949e+00 
 1.072976e+01 -1.129963e+00 
 1.073008e+01 -1.129978e+00 
 1.073040e+01 -1.129993e+00 
 1.073073e+01 -1.130010e+00 
 1.073105e+01 -1.130028e+00 
 1.073137e+01 -1.130046e+00 
 1.073170e+01 -1.130062e+00 
 1.073202e+01 -1.130078e+00 
 1.073234e+01 -1.130096e+00 
 1.073266e+01 -1.130115e+00 
 1.073299e+01 -1.130133e+00 
 1.073331e+01 -1.130150e+00 
 1.073363e+01 -1.130169e+00 
 1.073396e+01 -1.130189e+00 
 1.073428e+01 -1.130210e+00 
 1.073460e+01 -1.130231e+00 
 1.073493e+01 -1.130252e+00 
 1.073525e+01 -1.130271e+00 
 1.073557e+01 -1.130291e+00 
 1.073589e+01 -1.130312e+00 
 1.073622e+01 -1.130333e+00 
 1.073654e+01 -1.130353e+00 
 1.073686e+01 -1.130371e+00 
 1.073719e+01 -1.130389e+00 
 1.073751e+01 -1.130409e+00 
 1.073783e+01 -1.130428e+00 
 1.073816e+01 -1.130446e+00 
 1.073848e+01 -1.130463e+00 
 1.073880e+01 -1.130480e+00 
 1.073912e+01 -1.130497e+00 
 1.073945e+01 -1.130515e+00 
 1.073977e+01 -1.130531e+00 
 1.074009e+01 -1.130546e+00 
 1.074042e+01 -1.130560e+00 
 1.074074e+01 -1.130573e+00 
 1.074106e+01 -1.130586e+00 
 1.074139e+01 -1.130599e+00 
 1.074171e+01 -1.130611e+00 
 1.074203e+01 -1.130621e+00 
 1.074235e+01 -1.130631e+00 
 1.074268e+01 -1.130641e+00 
 1.074300e+01 -1.130651e+00 
 1.074332e+01 -1.130659e+00 
 1.074365e+01 -1.130665e+00 
 1.074397e+01 -1.130672e+00 
 1.074429e+01 -1.130678e+00 
 1.074462e+01 -1.130685e+00 
 1.074494e+01 -1.130691e+00 
 1.074526e+01 -1.130695e+00 
 1.074558e+01 -1.130699e+00 
 1.074591e+01 -1.130701e+00 
 1.074623e+01 -1.130703e+00 
 1.074655e+01 -1.130705e+00 
 1.074688e+01 -1.130707e+00 
 1.074720e+01 -1.130706e+00 
 1.074752e+01 -1.130705e+00 
 1.074785e+01 -1.130705e+00 
 1.074817e+01 -1.130705e+00 
 1.074849e+01 -1.130703e+00 
 1.074881e+01 -1.130701e+00 
 1.074914e+01 -1.130699e+00 
 1.074946e+01 -1.130698e+00 
 1.074978e+01 -1.130698e+00 
 1.075011e+01 -1.130697e+00 
 1.075043e+01 -1.130695e+00 
 1.075075e+01 -1.130692e+00 
 1.075108e+01 -1.130688e+00 
 1.075140e+01 -1.130685e+00 
 1.075172e+01 -1.130682e+00 
 1.075204e+01 -1.130678e+00 
 1.075237e+01 -1.130674e+00 
 1.075269e+01 -1.130670e+00 
 1.075301e+01 -1.130668e+00 
 1.075334e+01 -1.130666e+00 
 1.075366e+01 -1.130663e+00 
 1.075398e+01 -1.130661e+00 
 1.075431e+01 -1.130660e+00 
 1.075463e+01 -1.130659e+00 
 1.075495e+01 -1.130658e+00 
 1.075527e+01 -1.130657e+00 
 1.075560e+01 -1.130655e+00 
 1.075592e+01 -1.130652e+00 
 1.075624e+01 -1.130649e+00 
 1.075657e+01 -1.130646e+00 
 1.075689e+01 -1.130644e+00 
 1.075721e+01 -1.130642e+00 
 1.075753e+01 -1.130640e+00 
 1.075786e+01 -1.130639e+00 
 1.075818e+01 -1.130639e+00 
 1.075850e+01 -1.130640e+00 
 1.075883e+01 -1.130640e+00 
 1.075915e+01 -1.130639e+00 
 1.075947e+01 -1.130639e+00 
 1.075980e+01 -1.130639e+00 
 1.076012e+01 -1.130639e+00 
 1.076044e+01 -1.130639e+00 
 1.076076e+01 -1.130637e+00 
 1.076109e+01 -1.130635e+00 
 1.076141e+01 -1.130633e+00 
 1.076173e+01 -1.130631e+00 
 1.076206e+01 -1.130630e+00 
 1.076238e+01 -1.130630e+00 
 1.076270e+01 -1.130629e+00 
 1.076303e+01 -1.130628e+00 
 1.076335e+01 -1.130628e+00 
 1.076367e+01 -1.130628e+00 
 1.076399e+01 -1.130627e+00 
 1.076432e+01 -1.130625e+00 
 1.076464e+01 -1.130622e+00 
 1.076496e+01 -1.130619e+00 
 1.076529e+01 -1.130616e+00 
 1.076561e+01 -1.130613e+00 
 1.076593e+01 -1.130608e+00 
 1.076626e+01 -1.130603e+00 
 1.076658e+01 -1.130598e+00 
 1.076690e+01 -1.130594e+00 
 1.076722e+01 -1.130590e+00 
 1.076755e+01 -1.130585e+00 
 1.076787e+01 -1.130581e+00 
 1.076819e+01 -1.130576e+00 
 1.076852e+01 -1.130571e+00 
 1.076884e+01 -1.130566e+00 
 1.076916e+01 -1.130560e+00 
 1.076949e+01 -1.130553e+00 
 1.076981e+01 -1.130546e+00 
 1.077013e+01 -1.130538e+00 
 1.077045e+01 -1.130530e+00 
 1.077078e+01 -1.130522e+00 
 1.077110e+01 -1.130512e+00 
 1.077142e+01 -1.130502e+00 
 1.077175e+01 -1.130492e+00 
 1.077207e+01 -1.130482e+00 
 1.077239e+01 -1.130472e+00 
 1.077272e+01 -1.130462e+00 
 1.077304e+01 -1.130451e+00 
 1.077336e+01 -1.130441e+00 
 1.077368e+01 -1.130430e+00 
 1.077401e+01 -1.130419e+00 
 1.077433e+01 -1.130407e+00 
 1.077465e+01 -1.130395e+00 
 1.077498e+01 -1.130383e+00 
 1.077530e+01 -1.130372e+00 
 1.077562e+01 -1.130360e+00 
 1.077595e+01 -1.130349e+00 
 1.077627e+01 -1.130338e+00 
 1.077659e+01 -1.130326e+00 
 1.077691e+01 -1.130315e+00 
 1.077724e+01 -1.130305e+00 
 1.077756e+01 -1.130296e+00 
 1.077788e+01 -1.130287e+00 
 1.077821e+01 -1.130278e+00 
 1.077853e+01 -1.130270e+00 
 1.077885e+01 -1.130263e+00 
 1.077918e+01 -1.130256e+00 
 1.077950e+01 -1.130248e+00 
 1.077982e+01 -1.130242e+00 
 1.078014e+01 -1.130236e+00 
 1.078047e+01 -1.130231e+00 
 1.078079e+01 -1.130227e+00 
 1.078111e+01 -1.130225e+00 
 1.078144e+01 -1.130222e+00 
 1.078176e+01 -1.130221e+00 
 1.078208e+01 -1.130220e+00 
 1.078241e+01 -1.130221e+00 
 1.078273e+01 -1.130223e+00 
 1.078305e+01 -1.130226e+00 
 1.078337e+01 -1.130229e+00 
 1.078370e+01 -1.130233e+00 
 1.078402e+01 -1.130237e+00 
 1.078434e+01 -1.130242e+00 
 1.078467e+01 -1.130248e+00 
 1.078499e+01 -1.130254e+00 
 1.078531e+01 -1.130262e+00 
 1.078564e+01 -1.130270e+00 
 1.078596e+01 -1.130279e+00 
 1.078628e+01 -1.130287e+00 
 1.078660e+01 -1.130296e+00 
 1.078693e+01 -1.130305e+00 
 1.078725e+01 -1.130315e+00 
 1.078757e+01 -1.130325e+00 
 1.078790e+01 -1.130335e+00 
 1.078822e+01 -1.130344e+00 
 1.078854e+01 -1.130353e+00 
 1.078887e+01 -1.130361e+00 
 1.078919e+01 -1.130370e+00 
 1.078951e+01 -1.130378e+00 
 1.078983e+01 -1.130386e+00 
 1.079016e+01 -1.130394e+00 
 1.079048e+01 -1.130401e+00 
 1.079080e+01 -1.130408e+00 
 1.079113e+01 -1.130415e+00 
 1.079145e+01 -1.130423e+00 
 1.079177e+01 -1.130429e+00 
 1.079210e+01 -1.130435e+00 
 1.079242e+01 -1.130441e+00 
 1.079274e+01 -1.130447e+00 
 1.079306e+01 -1.130453e+00 
 1.079339e+01 -1.130457e+00 
 1.079371e+01 -1.130461e+00 
 1.079403e+01 -1.130465e+00 
 1.079436e+01 -1.130468e+00 
 1.079468e+01 -1.130471e+00 
 1.079500e+01 -1.130474e+00 
 1.079532e+01 -1.130475e+00 
 1.079565e+01 -1.130477e+00 
 1.079597e+01 -1.130478e+00 
 1.079629e+01 -1.130477e+00 
 1.079662e+01 -1.130476e+00 
 1.079694e+01 -1.130473e+00 
 1.079726e+01 -1.130468e+00 
 1.079759e+01 -1.130462e+00 
 1.079791e+01 -1.130454e+00 
 1.079823e+01 -1.130444e+00 
 1.079855e+01 -1.130434e+00 
 1.079888e+01 -1.130423e+00 
 1.079920e+01 -1.130412e+00 
 1.079952e+01 -1.130401e+00 
 1.079985e+01 -1.130390e+00 
 1.080017e+01 -1.130379e+00 
 1.080049e+01 -1.130369e+00 
 1.080082e+01 -1.130359e+00 
 1.080114e+01 -1.130349e+00 
 1.080146e+01 -1.130340e+00 
 1.080178e+01 -1.130332e+00 
 1.080211e+01 -1.130325e+00 
 1.080243e+01 -1.130318e+00 
 1.080275e+01 -1.130311e+00 
 1.080308e+01 -1.130305e+00 
 1.080340e+01 -1.130299e+00 
 1.080372e+01 -1.130294e+00 
 1.080405e+01 -1.130288e+00 
 1.080437e+01 -1.130283e+00 
 1.080469e+01 -1.130279e+00 
 1.080501e+01 -1.130276e+00 
 1.080534e+01 -1.130274e+00 
 1.080566e+01 -1.130274e+00 
 1.080598e+01 -1.130274e+00 
 1.080631e+01 -1.130275e+00 
 1.080663e+01 -1.130278e+00 
 1.080695e+01 -1.130282e+00 
 1.080728e+01 -1.130287e+00 
 1.080760e+01 -1.130293e+00 
 1.080792e+01 -1.130300e+00 
 1.080824e+01 -1.130308e+00 
 1.080857e+01 -1.130317e+00 
 1.080889e+01 -1.130326e+00 
 1.080921e+01 -1.130335e+00 
 1.080954e+01 -1.130346e+00 
 1.080986e+01 -1.130357e+00 
 1.081018e+01 -1.130370e+00 
 1.081051e+01 -1.130383e+00 
 1.081083e+01 -1.130397e+00 
 1.081115e+01 -1.130411e+00 
 1.081147e+01 -1.130426e+00 
 1.081180e+01 -1.130441e+00 
 1.081212e+01 -1.130456e+00 
 1.081244e+01 -1.130471e+00 
 1.081277e+01 -1.130485e+00 
 1.081309e+01 -1.130499e+00 
 1.081341e+01 -1.130513e+00 
 1.081374e+01 -1.130527e+00 
 1.081406e+01 -1.130540e+00 
 1.081438e+01 -1.130553e+00 
 1.081470e+01 -1.130566e+00 
 1.081503e+01 -1.130579e+00 
 1.081535e+01 -1.130593e+00 
 1.081567e+01 -1.130606e+00 
 1.081600e+01 -1.130618e+00 
 1.081632e+01 -1.130630e+00 
 1.081664e+01 -1.130641e+00 
 1.081697e+01 -1.130652e+00 
 1.081729e+01 -1.130662e+00 
 1.081761e+01 -1.130672e+00 
 1.081793e+01 -1.130681e+00 
 1.081826e+01 -1.130690e+00 
 1.081858e+01 -1.130699e+00 
 1.081890e+01 -1.130706e+00 
 1.081923e+01 -1.130713e+00 
 1.081955e+01 -1.130720e+00 
 1.081987e+01 -1.130726e+00 
 1.082020e+01 -1.130732e+00 
 1.082052e+01 -1.130738e+00 
 1.082084e+01 -1.130743e+00 
 1.082116e+01 -1.130747e+00 
 1.082149e+01 -1.130750e+00 
 1.082181e+01 -1.130753e+00 
 1.082213e+01 -1.130756e+00 
 1.082246e+01 -1.130758e+00 
 1.082278e+01 -1.130760e+00 
 1.082310e+01 -1.130761e+00 
 1.082343e+01 -1.130763e+00 
 1.082375e+01 -1.130764e+00 
 1.082407e+01 -1.130764e+00 
 1.082439e+01 -1.130764e+00 
 1.082472e+01 -1.130765e+00 
 1.082504e+01 -1.130765e+00 
 1.082536e+01 -1.130766e+00 
 1.082569e+01 -1.130768e+00 
 1.082601e+01 -1.130770e+00 
 1.082633e+01 -1.130771e+00 
 1.082666e+01 -1.130773e+00 
 1.082698e+01 -1.130774e+00 
 1.082730e+01 -1.130776e+00 
 1.082762e+01 -1.130778e+00 
 1.082795e+01 -1.130780e+00 
 1.082827e+01 -1.130782e+00 
 1.082859e+01 -1.130785e+00 
 1.082892e+01 -1.130788e+00 
 1.082924e+01 -1.130791e+00 
 1.082956e+01 -1.130795e+00 
 1.082988e+01 -1.130800e+00 
 1.083021e+01 -1.130806e+00 
 1.083053e+01 -1.130812e+00 
 1.083085e+01 -1.130821e+00 
 1.083118e+01 -1.130830e+00 
 1.083150e+01 -1.130838e+00 
 1.083182e+01 -1.130846e+00 
 1.083215e+01 -1.130855e+00 
 1.083247e+01 -1.130863e+00 
 1.083279e+01 -1.130873e+00 
 1.083311e+01 -1.130883e+00 
 1.083344e+01 -1.130894e+00 
 1.083376e+01 -1.130906e+00 
 1.083408e+01 -1.130919e+00 
 1.083441e+01 -1.130934e+00 
 1.083473e+01 -1.130949e+00 
 1.083505e+01 -1.130964e+00 
 1.083538e+01 -1.130980e+00 
 1.083570e+01 -1.130996e+00 
 1.083602e+01 -1.131014e+00 
 1.083634e+01 -1.131032e+00 
 1.083667e+01 -1.131048e+00 
 1.083699e+01 -1.131063e+00 
 1.083731e+01 -1.131079e+00 
 1.083764e+01 -1.131095e+00 
 1.083796e+01 -1.131110e+00 
 1.083828e+01 -1.131126e+00 
 1.083861e+01 -1.131141e+00 
 1.083893e+01 -1.131156e+00 
 1.083925e+01 -1.131172e+00 
 1.083957e+01 -1.131187e+00 
 1.083990e+01 -1.131201e+00 
 1.084022e+01 -1.131214e+00 
 1.084054e+01 -1.131226e+00 
 1.084087e+01 -1.131237e+00 
 1.084119e+01 -1.131248e+00 
 1.084151e+01 -1.131259e+00 
 1.084184e+01 -1.131267e+00 
 1.084216e+01 -1.131274e+00 
 1.084248e+01 -1.131281e+00 
 1.084280e+01 -1.131288e+00 
 1.084313e+01 -1.131294e+00 
 1.084345e+01 -1.131300e+00 
 1.084377e+01 -1.131305e+00 
 1.084410e+01 -1.131309e+00 
 1.084442e+01 -1.131312e+00 
 1.084474e+01 -1.131315e+00 
 1.084507e+01 -1.131316e+00 
 1.084539e+01 -1.131315e+00 
 1.084571e+01 -1.131314e+00 
 1.084603e+01 -1.131311e+00 
 1.084636e+01 -1.131309e+00 
 1.084668e+01 -1.131307e+00 
 1.084700e+01 -1.131303e+00 
 1.084733e+01 -1.131298e+00 
 1.084765e+01 -1.131293e+00 
 1.084797e+01 -1.131288e+00 
 1.084830e+01 -1.131281e+00 
 1.084862e+01 -1.131275e+00 
 1.084894e+01 -1.131267e+00 
 1.084926e+01 -1.131259e+00 
 1.084959e+01 -1.131250e+00 
 1.084991e+01 -1.131240e+00 
 1.085023e+01 -1.131231e+00 
 1.085056e+01 -1.131220e+00 
 1.085088e+01 -1.131210e+00 
 1.085120e+01 -1.131199e+00 
 1.085153e+01 -1.131191e+00 
 1.085185e+01 -1.131183e+00 
 1.085217e+01 -1.131175e+00 
 1.085249e+01 -1.131165e+00 
 1.085282e+01 -1.131157e+00 
 1.085314e+01 -1.131149e+00 
 1.085346e+01 -1.131141e+00 
 1.085379e+01 -1.131133e+00 
 1.085411e+01 -1.131125e+00 
 1.085443e+01 -1.131117e+00 
 1.085476e+01 -1.131111e+00 
 1.085508e+01 -1.131105e+00 
 1.085540e+01 -1.131100e+00 
 1.085572e+01 -1.131097e+00 
 1.085605e+01 -1.131093e+00 
 1.085637e+01 -1.131090e+00 
 1.085669e+01 -1.131089e+00 
 1.085702e+01 -1.131089e+00 
 1.085734e+01 -1.131088e+00 
 1.085766e+01 -1.131086e+00 
 1.085799e+01 -1.131086e+00 
 1.085831e+01 -1.131086e+00 
 1.085863e+01 -1.131087e+00 
 1.085895e+01 -1.131090e+00 
 1.085928e+01 -1.131093e+00 
 1.085960e+01 -1.131098e+00 
 1.085992e+01 -1.131104e+00 
 1.086025e+01 -1.131112e+00 
 1.086057e+01 -1.131120e+00 
 1.086089e+01 -1.131130e+00 
 1.086122e+01 -1.131139e+00 
 1.086154e+01 -1.131147e+00 
 1.086186e+01 -1.131157e+00 
 1.086218e+01 -1.131167e+00 
 1.086251e+01 -1.131177e+00 
 1.086283e+01 -1.131187e+00 
 1.086315e+01 -1.131198e+00 
 1.086348e+01 -1.131210e+00 
 1.086380e+01 -1.131222e+00 
 1.086412e+01 -1.131236e+00 
 1.086444e+01 -1.131249e+00 
 1.086477e+01 -1.131263e+00 
 1.086509e+01 -1.131277e+00 
 1.086541e+01 -1.131291e+00 
 1.086574e+01 -1.131303e+00 
 1.086606e+01 -1.131316e+00 
 1.086638e+01 -1.131327e+00 
 1.086671e+01 -1.131336e+00 
 1.086703e+01 -1.131345e+00 
 1.086735e+01 -1.131355e+00 
 1.086767e+01 -1.131363e+00 
 1.086800e+01 -1.131370e+00 
 1.086832e+01 -1.131379e+00 
 1.086864e+01 -1.131387e+00 
 1.086897e+01 -1.131394e+00 
 1.086929e+01 -1.131402e+00 
 1.086961e+01 -1.131408e+00 
 1.086994e+01 -1.131413e+00 
 1.087026e+01 -1.131416e+00 
 1.087058e+01 -1.131418e+00 
 1.087090e+01 -1.131419e+00 
 1.087123e+01 -1.131419e+00 
 1.087155e+01 -1.131418e+00 
 1.087187e+01 -1.131416e+00 
 1.087220e+01 -1.131414e+00 
 1.087252e+01 -1.131413e+00 
 1.087284e+01 -1.131410e+00 
 1.087317e+01 -1.131407e+00 
 1.087349e+01 -1.131404e+00 
 1.087381e+01 -1.131400e+00 
 1.087413e+01 -1.131395e+00 
 1.087446e+01 -1.131390e+00 
 1.087478e+01 -1.131382e+00 
 1.087510e+01 -1.131374e+00 
 1.087543e+01 -1.131364e+00 
 1.087575e+01 -1.131354e+00 
 1.087607e+01 -1.131342e+00 
 1.087640e+01 -1.131331e+00 
 1.087672e+01 -1.131321e+00 
 1.087704e+01 -1.131312e+00 
 1.087736e+01 -1.131303e+00 
 1.087769e+01 -1.131294e+00 
 1.087801e+01 -1.131285e+00 
 1.087833e+01 -1.131276e+00 
 1.087866e+01 -1.131267e+00 
 1.087898e+01 -1.131258e+00 
 1.087930e+01 -1.131248e+00 
 1.087963e+01 -1.131238e+00 
 1.087995e+01 -1.131228e+00 
 1.088027e+01 -1.131217e+00 
 1.088059e+01 -1.131207e+00 
 1.088092e+01 -1.131196e+00 
 1.088124e+01 -1.131185e+00 
 1.088156e+01 -1.131177e+00 
 1.088189e+01 -1.131170e+00 
 1.088221e+01 -1.131164e+00 
 1.088253e+01 -1.131158e+00 
 1.088286e+01 -1.131154e+00 
 1.088318e+01 -1.131149e+00 
 1.088350e+01 -1.131144e+00 
 1.088382e+01 -1.131140e+00 
 1.088415e+01 -1.131136e+00 
 1.088447e+01 -1.131132e+00 
 1.088479e+01 -1.131128e+00 
 1.088512e+01 -1.131125e+00 
 1.088544e+01 -1.131124e+00 
 1.088576e+01 -1.131123e+00 
 1.088609e+01 -1.131122e+00 
 1.088641e+01 -1.131121e+00 
 1.088673e+01 -1.131122e+00 
 1.088705e+01 -1.131125e+00 
 1.088738e+01 -1.131128e+00 
 1.088770e+01 -1.131132e+00 
 1.088802e+01 -1.131137e+00 
 1.088835e+01 -1.131141e+00 
 1.088867e+01 -1.131146e+00 
 1.088899e+01 -1.131151e+00 
 1.088932e+01 -1.131157e+00 
 1.088964e+01 -1.131163e+00 
 1.088996e+01 -1.131170e+00 
 1.089028e+01 -1.131179e+00 
 1.089061e+01 -1.131187e+00 
 1.089093e+01 -1.131196e+00 
 1.089125e+01 -1.131204e+00 
 1.089158e+01 -1.131210e+00 
 1.089190e+01 -1.131218e+00 
 1.089222e+01 -1.131227e+00 
 1.089255e+01 -1.131235e+00 
 1.089287e+01 -1.131242e+00 
 1.089319e+01 -1.131249e+00 
 1.089351e+01 -1.131256e+00 
 1.089384e+01 -1.131262e+00 
 1.089416e+01 -1.131268e+00 
 1.089448e+01 -1.131274e+00 
 1.089481e+01 -1.131280e+00 
 1.089513e+01 -1.131286e+00 
 1.089545e+01 -1.131292e+00 
 1.089578e+01 -1.131298e+00 
 1.089610e+01 -1.131305e+00 
 1.089642e+01 -1.131309e+00 
 1.089674e+01 -1.131311e+00 
 1.089707e+01 -1.131314e+00 
 1.089739e+01 -1.131316e+00 
 1.089771e+01 -1.131318e+00 
 1.089804e+01 -1.131319e+00 
 1.089836e+01 -1.131320e+00 
 1.089868e+01 -1.131320e+00 
 1.089900e+01 -1.131319e+00 
 1.089933e+01 -1.131319e+00 
 1.089965e+01 -1.131318e+00 
 1.089997e+01 -1.131317e+00 
 1.090030e+01 -1.131315e+00 
 1.090062e+01 -1.131313e+00 
 1.090094e+01 -1.131315e+00 
 1.090127e+01 -1.131316e+00 
 1.090159e+01 -1.131314e+00 
 1.090191e+01 -1.131311e+00 
 1.090223e+01 -1.131308e+00 
 1.090256e+01 -1.131307e+00 
 1.090288e+01 -1.131305e+00 
 1.090320e+01 -1.131303e+00 
 1.090353e+01 -1.131301e+00 
 1.090385e+01 -1.131299e+00 
 1.090417e+01 -1.131297e+00 
 1.090450e+01 -1.131297e+00 
 1.090482e+01 -1.131296e+00 
 1.090514e+01 -1.131295e+00 
 1.090546e+01 -1.131295e+00 
 1.090579e+01 -1.131296e+00 
 1.090611e+01 -1.131302e+00 
 1.090643e+01 -1.131308e+00 
 1.090676e+01 -1.131312e+00 
 1.090708e+01 -1.131314e+00 
 1.090740e+01 -1.131318e+00 
 1.090773e+01 -1.131324e+00 
 1.090805e+01 -1.131329e+00 
 1.090837e+01 -1.131336e+00 
 1.090869e+01 -1.131342e+00 
 1.090902e+01 -1.131348e+00 
 1.090934e+01 -1.131355e+00 
 1.090966e+01 -1.131363e+00 
 1.090999e+01 -1.131372e+00 
 1.091031e+01 -1.131379e+00 
 1.091063e+01 -1.131388e+00 
 1.091096e+01 -1.131400e+00 
 1.091128e+01 -1.131416e+00 
 1.091160e+01 -1.131433e+00 
 1.091192e+01 -1.131447e+00 
 1.091225e+01 -1.131460e+00 
 1.091257e+01 -1.131475e+00 
 1.091289e+01 -1.131490e+00 
 1.091322e+01 -1.131506e+00 
 1.091354e+01 -1.131523e+00 
 1.091386e+01 -1.131539e+00 
 1.091419e+01 -1.131555e+00 
 1.091451e+01 -1.131573e+00 
 1.091483e+01 -1.131591e+00 
 1.091515e+01 -1.131610e+00 
 1.091548e+01 -1.131628e+00 
 1.091580e+01 -1.131647e+00 
 1.091612e+01 -1.131668e+00 
 1.091645e+01 -1.131693e+00 
 1.091677e+01 -1.131717e+00 
 1.091709e+01 -1.131738e+00 
 1.091742e+01 -1.131758e+00 
 1.091774e+01 -1.131777e+00 
 1.091806e+01 -1.131796e+00 
 1.091838e+01 -1.131815e+00 
 1.091871e+01 -1.131833e+00 
 1.091903e+01 -1.131850e+00 
 1.091935e+01 -1.131866e+00 
 1.091968e+01 -1.131883e+00 
 1.092000e+01 -1.131901e+00 
 1.092032e+01 -1.131917e+00 
 1.092065e+01 -1.131932e+00 
 1.092097e+01 -1.131946e+00 
 1.092129e+01 -1.131961e+00 
 1.092161e+01 -1.131978e+00 
 1.092194e+01 -1.131993e+00 
 1.092226e+01 -1.132005e+00 
 1.092258e+01 -1.132014e+00 
 1.092291e+01 -1.132022e+00 
 1.092323e+01 -1.132030e+00 
 1.092355e+01 -1.132038e+00 
 1.092388e+01 -1.132044e+00 
 1.092420e+01 -1.132051e+00 
 1.092452e+01 -1.132056e+00 
 1.092484e+01 -1.132062e+00 
 1.092517e+01 -1.132068e+00 
 1.092549e+01 -1.132073e+00 
 1.092581e+01 -1.132075e+00 
 1.092614e+01 -1.132073e+00 
 1.092646e+01 -1.132075e+00 
 1.092678e+01 -1.132078e+00 
 1.092711e+01 -1.132080e+00 
 1.092743e+01 -1.132077e+00 
 1.092775e+01 -1.132073e+00 
 1.092807e+01 -1.132069e+00 
 1.092840e+01 -1.132065e+00 
 1.092872e+01 -1.132062e+00 
 1.092904e+01 -1.132059e+00 
 1.092937e+01 -1.132055e+00 
 1.092969e+01 -1.132051e+00 
 1.093001e+01 -1.132049e+00 
 1.093034e+01 -1.132046e+00 
 1.093066e+01 -1.132043e+00 
 1.093098e+01 -1.132035e+00 
 1.093130e+01 -1.132027e+00 
 1.093163e+01 -1.132022e+00 
 1.093195e+01 -1.132019e+00 
 1.093227e+01 -1.132015e+00 
 1.093260e+01 -1.132008e+00 
 1.093292e+01 -1.132002e+00 
 1.093324e+01 -1.131996e+00 
 1.093356e+01 -1.131992e+00 
 1.093389e+01 -1.131990e+00 
 1.093421e+01 -1.131988e+00 
 1.093453e+01 -1.131985e+00 
 1.093486e+01 -1.131984e+00 
 1.093518e+01 -1.131983e+00 
 1.093550e+01 -1.131984e+00 
 1.093583e+01 -1.131984e+00 
 1.093615e+01 -1.131980e+00 
 1.093647e+01 -1.131976e+00 
 1.093679e+01 -1.131975e+00 
 1.093712e+01 -1.131977e+00 
 1.093744e+01 -1.131979e+00 
 1.093776e+01 -1.131978e+00 
 1.093809e+01 -1.131979e+00 
 1.093841e+01 -1.131981e+00 
 1.093873e+01 -1.131985e+00 
 1.093906e+01 -1.131990e+00 
 1.093938e+01 -1.131996e+00 
 1.093970e+01 -1.132002e+00 
 1.094002e+01 -1.132008e+00 
 1.094035e+01 -1.132017e+00 
 1.094067e+01 -1.132026e+00 
 1.094099e+01 -1.132036e+00 
 1.094132e+01 -1.132042e+00 
 1.094164e+01 -1.132047e+00 
 1.094196e+01 -1.132055e+00 
 1.094229e+01 -1.132065e+00 
 1.094261e+01 -1.132075e+00 
 1.094293e+01 -1.132083e+00 
 1.094325e+01 -1.132092e+00 
 1.094358e+01 -1.132102e+00 
 1.094390e+01 -1.132113e+00 
 1.094422e+01 -1.132126e+00 
 1.094455e+01 -1.132138e+00 
 1.094487e+01 -1.132148e+00 
 1.094519e+01 -1.132159e+00 
 1.094552e+01 -1.132171e+00 
 1.094584e+01 -1.132183e+00 
 1.094616e+01 -1.132194e+00 
 1.094648e+01 -1.132201e+00 
 1.094681e+01 -1.132206e+00 
 1.094713e+01 -1.132213e+00 
 1.094745e+01 -1.132221e+00 
 1.094778e+01 -1.132229e+00 
 1.094810e+01 -1.132235e+00 
 1.094842e+01 -1.132240e+00 
 1.094875e+01 -1.132246e+00 
 1.094907e+01 -1.132252e+00 
 1.094939e+01 -1.132259e+00 
 1.094971e+01 -1.132265e+00 
 1.095004e+01 -1.132268e+00 
 1.095036e+01 -1.132270e+00 
 1.095068e+01 -1.132272e+00 
 1.095101e+01 -1.132276e+00 
 1.095133e+01 -1.132278e+00 
 1.095165e+01 -1.132275e+00 
 1.095198e+01 -1.132272e+00 
 1.095230e+01 -1.132271e+00 
 1.095262e+01 -1.132272e+00 
 1.095294e+01 -1.132273e+00 
 1.095327e+01 -1.132271e+00 
 1.095359e+01 -1.132269e+00 
 1.095391e+01 -1.132267e+00 
 1.095424e+01 -1.132266e+00 
 1.095456e+01 -1.132265e+00 
 1.095488e+01 -1.132262e+00 
 1.095521e+01 -1.132256e+00 
 1.095553e+01 -1.132250e+00 
 1.095585e+01 -1.132245e+00 
 1.095617e+01 -1.132241e+00 
 1.095650e+01 -1.132237e+00 
 1.095682e+01 -1.132231e+00 
 1.095714e+01 -1.132224e+00 
 1.095747e+01 -1.132220e+00 
 1.095779e+01 -1.132218e+00 
 1.095811e+01 -1.132214e+00 
 1.095844e+01 -1.132209e+00 
 1.095876e+01 -1.132204e+00 
 1.095908e+01 -1.132198e+00 
 1.095940e+01 -1.132192e+00 
 1.095973e+01 -1.132186e+00 
 1.096005e+01 -1.132179e+00 
 1.096037e+01 -1.132170e+00 
 1.096070e+01 -1.132161e+00 
 1.096102e+01 -1.132153e+00 
 1.096134e+01 -1.132147e+00 
 1.096167e+01 -1.132142e+00 
 1.096199e+01 -1.132136e+00 
 1.096231e+01 -1.132130e+00 
 1.096263e+01 -1.132126e+00 
 1.096296e+01 -1.132124e+00 
 1.096328e+01 -1.132121e+00 
 1.096360e+01 -1.132117e+00 
 1.096393e+01 -1.132113e+00 
 1.096425e+01 -1.132109e+00 
 1.096457e+01 -1.132105e+00 
 1.096490e+01 -1.132103e+00 
 1.096522e+01 -1.132101e+00 
 1.096554e+01 -1.132098e+00 
 1.096586e+01 -1.132095e+00 
 1.096619e+01 -1.132092e+00 
 1.096651e+01 -1.132092e+00 
 1.096683e+01 -1.132094e+00 
 1.096716e+01 -1.132095e+00 
 1.096748e+01 -1.132095e+00 
 1.096780e+01 -1.132098e+00 
 1.096813e+01 -1.132102e+00 
 1.096845e+01 -1.132105e+00 
 1.096877e+01 -1.132107e+00 
 1.096909e+01 -1.132110e+00 
 1.096942e+01 -1.132112e+00 
 1.096974e+01 -1.132117e+00 
 1.097006e+01 -1.132122e+00 
 1.097039e+01 -1.132126e+00 
 1.097071e+01 -1.132129e+00 
 1.097103e+01 -1.132130e+00 
 1.097135e+01 -1.132131e+00 
 1.097168e+01 -1.132134e+00 
 1.097200e+01 -1.132138e+00 
 1.097232e+01 -1.132140e+00 
 1.097265e+01 -1.132141e+00 
 1.097297e+01 -1.132143e+00 
 1.097329e+01 -1.132145e+00 
 1.097362e+01 -1.132145e+00 
 1.097394e+01 -1.132144e+00 
 1.097426e+01 -1.132142e+00 
 1.097458e+01 -1.132139e+00 
 1.097491e+01 -1.132136e+00 
 1.097523e+01 -1.132133e+00 
 1.097555e+01 -1.132128e+00 
 1.097588e+01 -1.132121e+00 
 1.097620e+01 -1.132111e+00 
 1.097652e+01 -1.132100e+00 
 1.097685e+01 -1.132092e+00 
 1.097717e+01 -1.132084e+00 
 1.097749e+01 -1.132074e+00 
 1.097781e+01 -1.132064e+00 
 1.097814e+01 -1.132055e+00 
 1.097846e+01 -1.132047e+00 
 1.097878e+01 -1.132037e+00 
 1.097911e+01 -1.132026e+00 
 1.097943e+01 -1.132013e+00 
 1.097975e+01 -1.132000e+00 
 1.098008e+01 -1.131986e+00 
 1.098040e+01 -1.131972e+00 
 1.098072e+01 -1.131957e+00 
 1.098104e+01 -1.131941e+00 
 1.098137e+01 -1.131923e+00 
 1.098169e+01 -1.131906e+00 
 1.098201e+01 -1.131891e+00 
 1.098234e+01 -1.131877e+00 
 1.098266e+01 -1.131862e+00 
 1.098298e+01 -1.131847e+00 
 1.098331e+01 -1.131833e+00 
 1.098363e+01 -1.131819e+00 
 1.098395e+01 -1.131806e+00 
 1.098427e+01 -1.131791e+00 
 1.098460e+01 -1.131775e+00 
 1.098492e+01 -1.131760e+00 
 1.098524e+01 -1.131747e+00 
 1.098557e+01 -1.131736e+00 
 1.098589e+01 -1.131727e+00 
 1.098621e+01 -1.131718e+00 
 1.098654e+01 -1.131708e+00 
 1.098686e+01 -1.131701e+00 
 1.098718e+01 -1.131696e+00 
 1.098750e+01 -1.131693e+00 
 1.098783e+01 -1.131689e+00 
 1.098815e+01 -1.131686e+00 
 1.098847e+01 -1.131684e+00 
 1.098880e+01 -1.131682e+00 
 1.098912e+01 -1.131680e+00 
 1.098944e+01 -1.131678e+00 
 1.098977e+01 -1.131676e+00 
 1.099009e+01 -1.131676e+00 
 1.099041e+01 -1.131678e+00 
 1.099073e+01 -1.131683e+00 
 1.099106e+01 -1.131692e+00 
 1.099138e+01 -1.131699e+00 
 1.099170e+01 -1.131707e+00 
 1.099203e+01 -1.131715e+00 
 1.099235e+01 -1.131726e+00 
 1.099267e+01 -1.131737e+00 
 1.099300e+01 -1.131749e+00 
 1.099332e+01 -1.131760e+00 
 1.099364e+01 -1.131773e+00 
 1.099396e+01 -1.131786e+00 
 1.099429e+01 -1.131799e+00 
 1.099461e+01 -1.131813e+00 
 1.099493e+01 -1.131827e+00 
 1.099526e+01 -1.131843e+00 
 1.099558e+01 -1.131860e+00 
 1.099590e+01 -1.131880e+00 
 1.099623e+01 -1.131902e+00 
 1.099655e+01 -1.131921e+00 
 1.099687e+01 -1.131939e+00 
 1.099719e+01 -1.131957e+00 
 1.099752e+01 -1.131976e+00 
 1.099784e+01 -1.131994e+00 
 1.099816e+01 -1.132011e+00 
 1.099849e+01 -1.132028e+00 
 1.099881e+01 -1.132044e+00 
 1.099913e+01 -1.132060e+00 
 1.099946e+01 -1.132076e+00 
 1.099978e+01 -1.132091e+00 
 1.100010e+01 -1.132105e+00 
 1.100042e+01 -1.132119e+00 
 1.100075e+01 -1.132134e+00 
 1.100107e+01 -1.132150e+00 
 1.100139e+01 -1.132167e+00 
 1.100172e+01 -1.132181e+00 
 1.100204e+01 -1.132192e+00 
 1.100236e+01 -1.132203e+00 
 1.100269e+01 -1.132215e+00 
 1.100301e+01 -1.132225e+00 
 1.100333e+01 -1.132234e+00 
 1.100365e+01 -1.132242e+00 
 1.100398e+01 -1.132249e+00 
 1.100430e+01 -1.132257e+00 
 1.100462e+01 -1.132264e+00 
 1.100495e+01 -1.132271e+00 
 1.100527e+01 -1.132276e+00 
 1.100559e+01 -1.132281e+00 
 1.100591e+01 -1.132285e+00 
 1.100624e+01 -1.132291e+00 
 1.100656e+01 -1.132298e+00 
 1.100688e+01 -1.132302e+00 
 1.100721e+01 -1.132305e+00 
 1.100753e+01 -1.132307e+00 
 1.100785e+01 -1.132309e+00 
 1.100818e+01 -1.132310e+00 
 1.100850e+01 -1.132311e+00 
 1.100882e+01 -1.132311e+00 
 1.100914e+01 -1.132311e+00 
 1.100947e+01 -1.132311e+00 
 1.100979e+01 -1.132312e+00 
 1.101011e+01 -1.132313e+00 
 1.101044e+01 -1.132313e+00 
 1.101076e+01 -1.132314e+00 
 1.101108e+01 -1.132314e+00 
 1.101141e+01 -1.132317e+00 
 1.101173e+01 -1.132321e+00 
 1.101205e+01 -1.132323e+00 
 1.101237e+01 -1.132324e+00 
 1.101270e+01 -1.132325e+00 
 1.101302e+01 -1.132327e+00 
 1.101334e+01 -1.132329e+00 
 1.101367e+01 -1.132328e+00 
 1.101399e+01 -1.132326e+00 
 1.101431e+01 -1.132324e+00 
 1.101464e+01 -1.132322e+00 
 1.101496e+01 -1.132322e+00 
 1.101528e+01 -1.132322e+00 
 1.101560e+01 -1.132322e+00 
 1.101593e+01 -1.132321e+00 
 1.101625e+01 -1.132320e+00 
 1.101657e+01 -1.132321e+00 
 1.101690e+01 -1.132323e+00 
 1.101722e+01 -1.132323e+00 
 1.101754e+01 -1.132322e+00 
 1.101787e+01 -1.132321e+00 
 1.101819e+01 -1.132322e+00 
 1.101851e+01 -1.132323e+00 
 1.101883e+01 -1.132324e+00 
 1.101916e+01 -1.132325e+00 
 1.101948e+01 -1.132327e+00 
 1.101980e+01 -1.132330e+00 
 1.102013e+01 -1.132334e+00 
 1.102045e+01 -1.132338e+00 
 1.102077e+01 -1.132342e+00 
 1.102110e+01 -1.132345e+00 
 1.102142e+01 -1.132348e+00 
 1.102174e+01 -1.132351e+00 
 1.102206e+01 -1.132355e+00 
 1.102239e+01 -1.132357e+00 
 1.102271e+01 -1.132358e+00 
 1.102303e+01 -1.132359e+00 
 1.102336e+01 -1.132361e+00 
 1.102368e+01 -1.132363e+00 
 1.102400e+01 -1.132366e+00 
 1.102433e+01 -1.132368e+00 
 1.102465e+01 -1.132371e+00 
 1.102497e+01 -1.132373e+00 
 1.102529e+01 -1.132376e+00 
 1.102562e+01 -1.132378e+00 
 1.102594e+01 -1.132380e+00 
 1.102626e+01 -1.132380e+00 
 1.102659e+01 -1.132379e+00 
 1.102691e+01 -1.132378e+00 
 1.102723e+01 -1.132377e+00 
 1.102756e+01 -1.132374e+00 
 1.102788e+01 -1.132370e+00 
 1.102820e+01 -1.132366e+00 
 1.102852e+01 -1.132363e+00 
 1.102885e+01 -1.132359e+00 
 1.102917e+01 -1.132354e+00 
 1.102949e+01 -1.132350e+00 
 1.102982e+01 -1.132344e+00 
 1.103014e+01 -1.132338e+00 
 1.103046e+01 -1.132333e+00 
 1.103079e+01 -1.132326e+00 
 1.103111e+01 -1.132321e+00 
 1.103143e+01 -1.132313e+00 
 1.103175e+01 -1.132304e+00 
 1.103208e+01 -1.132296e+00 
 1.103240e+01 -1.132288e+00 
 1.103272e+01 -1.132279e+00 
 1.103305e+01 -1.132269e+00 
 1.103337e+01 -1.132259e+00 
 1.103369e+01 -1.132251e+00 
 1.103402e+01 -1.132243e+00 
 1.103434e+01 -1.132235e+00 
 1.103466e+01 -1.132227e+00 
 1.103498e+01 -1.132219e+00 
 1.103531e+01 -1.132211e+00 
 1.103563e+01 -1.132204e+00 
 1.103595e+01 -1.132198e+00 
 1.103628e+01 -1.132192e+00 
 1.103660e+01 -1.132185e+00 
 1.103692e+01 -1.132179e+00 
 1.103725e+01 -1.132173e+00 
 1.103757e+01 -1.132169e+00 
 1.103789e+01 -1.132165e+00 
 1.103821e+01 -1.132161e+00 
 1.103854e+01 -1.132160e+00 
 1.103886e+01 -1.132159e+00 
 1.103918e+01 -1.132159e+00 
 1.103951e+01 -1.132159e+00 
 1.103983e+01 -1.132160e+00 
 1.104015e+01 -1.132161e+00 
 1.104047e+01 -1.132163e+00 
 1.104080e+01 -1.132165e+00 
 1.104112e+01 -1.132167e+00 
 1.104144e+01 -1.132170e+00 
 1.104177e+01 -1.132174e+00 
 1.104209e+01 -1.132178e+00 
 1.104241e+01 -1.132183e+00 
 1.104274e+01 -1.132190e+00 
 1.104306e+01 -1.132197e+00 
 1.104338e+01 -1.132205e+00 
 1.104370e+01 -1.132214e+00 
 1.104403e+01 -1.132224e+00 
 1.104435e+01 -1.132234e+00 
 1.104467e+01 -1.132245e+00 
 1.104500e+01 -1.132256e+00 
 1.104532e+01 -1.132266e+00 
 1.104564e+01 -1.132277e+00 
 1.104597e+01 -1.132287e+00 
 1.104629e+01 -1.132298e+00 
 1.104661e+01 -1.132310e+00 
 1.104693e+01 -1.132323e+00 
 1.104726e+01 -1.132335e+00 
 1.104758e+01 -1.132349e+00 
 1.104790e+01 -1.132363e+00 
 1.104823e+01 -1.132377e+00 
 1.104855e+01 -1.132390e+00 
 1.104887e+01 -1.132405e+00 
 1.104920e+01 -1.132419e+00 
 1.104952e+01 -1.132434e+00 
 1.104984e+01 -1.132448e+00 
 1.105016e+01 -1.132462e+00 
 1.105049e+01 -1.132476e+00 
 1.105081e+01 -1.132489e+00 
 1.105113e+01 -1.132500e+00 
 1.105146e+01 -1.132511e+00 
 1.105178e+01 -1.132522e+00 
 1.105210e+01 -1.132533e+00 
 1.105243e+01 -1.132544e+00 
 1.105275e+01 -1.132554e+00 
 1.105307e+01 -1.132564e+00 
 1.105339e+01 -1.132573e+00 
 1.105372e+01 -1.132581e+00 
 1.105404e+01 -1.132590e+00 
 1.105436e+01 -1.132597e+00 
 1.105469e+01 -1.132605e+00 
 1.105501e+01 -1.132611e+00 
 1.105533e+01 -1.132616e+00 
 1.105566e+01 -1.132621e+00 
 1.105598e+01 -1.132623e+00 
 1.105630e+01 -1.132624e+00 
 1.105662e+01 -1.132624e+00 
 1.105695e+01 -1.132625e+00 
 1.105727e+01 -1.132624e+00 
 1.105759e+01 -1.132622e+00 
 1.105792e+01 -1.132621e+00 
 1.105824e+01 -1.132618e+00 
 1.105856e+01 -1.132615e+00 
 1.105889e+01 -1.132611e+00 
 1.105921e+01 -1.132606e+00 
 1.105953e+01 -1.132602e+00 
 1.105985e+01 -1.132596e+00 
 1.106018e+01 -1.132590e+00 
 1.106050e+01 -1.132583e+00 
 1.106082e+01 -1.132576e+00 
 1.106115e+01 -1.132567e+00 
 1.106147e+01 -1.132557e+00 
 1.106179e+01 -1.132547e+00 
 1.106212e+01 -1.132538e+00 
 1.106244e+01 -1.132529e+00 
 1.106276e+01 -1.132520e+00 
 1.106308e+01 -1.132512e+00 
 1.106341e+01 -1.132503e+00 
 1.106373e+01 -1.132495e+00 
 1.106405e+01 -1.132486e+00 
 1.106438e+01 -1.132477e+00 
 1.106470e+01 -1.132468e+00 
 1.106502e+01 -1.132459e+00 
 1.106535e+01 -1.132449e+00 
 1.106567e+01 -1.132439e+00 
 1.106599e+01 -1.132430e+00 
 1.106631e+01 -1.132420e+00 
 1.106664e+01 -1.132410e+00 
 1.106696e+01 -1.132401e+00 
 1.106728e+01 -1.132393e+00 
 1.106761e+01 -1.132386e+00 
 1.106793e+01 -1.132379e+00 
 1.106825e+01 -1.132372e+00 
 1.106858e+01 -1.132366e+00 
 1.106890e+01 -1.132359e+00 
 1.106922e+01 -1.132351e+00 
 1.106954e+01 -1.132344e+00 
 1.106987e+01 -1.132336e+00 
 1.107019e+01 -1.132328e+00 
 1.107051e+01 -1.132320e+00 
 1.107084e+01 -1.132313e+00 
 1.107116e+01 -1.132308e+00 
 1.107148e+01 -1.132302e+00 
 1.107181e+01 -1.132296e+00 
 1.107213e+01 -1.132291e+00 
 1.107245e+01 -1.132287e+00 
 1.107277e+01 -1.132284e+00 
 1.107310e+01 -1.132281e+00 
 1.107342e+01 -1.132278e+00 
 1.107374e+01 -1.132275e+00 
 1.107407e+01 -1.132271e+00 
 1.107439e+01 -1.132266e+00 
 1.107471e+01 -1.132262e+00 
 1.107503e+01 -1.132258e+00 
 1.107536e+01 -1.132254e+00 
 1.107568e+01 -1.132251e+00 
 1.107600e+01 -1.132249e+00 
 1.107633e+01 -1.132249e+00 
 1.107665e+01 -1.132247e+00 
 1.107697e+01 -1.132246e+00 
 1.107730e+01 -1.132244e+00 
 1.107762e+01 -1.132243e+00 
 1.107794e+01 -1.132241e+00 
 1.107826e+01 -1.132239e+00 
 1.107859e+01 -1.132237e+00 
 1.107891e+01 -1.132234e+00 
 1.107923e+01 -1.132231e+00 
 1.107956e+01 -1.132228e+00 
 1.107988e+01 -1.132225e+00 
 1.108020e+01 -1.132222e+00 
 1.108053e+01 -1.132219e+00 
 1.108085e+01 -1.132216e+00 
 1.108117e+01 -1.132214e+00 
 1.108149e+01 -1.132212e+00 
 1.108182e+01 -1.132209e+00 
 1.108214e+01 -1.132205e+00 
 1.108246e+01 -1.132201e+00 
 1.108279e+01 -1.132197e+00 
 1.108311e+01 -1.132193e+00 
 1.108343e+01 -1.132189e+00 
 1.108376e+01 -1.132184e+00 
 1.108408e+01 -1.132178e+00 
 1.108440e+01 -1.132173e+00 
 1.108472e+01 -1.132167e+00 
 1.108505e+01 -1.132162e+00 
 1.108537e+01 -1.132157e+00 
 1.108569e+01 -1.132151e+00 
 1.108602e+01 -1.132146e+00 
 1.108634e+01 -1.132141e+00 
 1.108666e+01 -1.132138e+00 
 1.108699e+01 -1.132133e+00 
 1.108731e+01 -1.132129e+00 
 1.108763e+01 -1.132125e+00 
 1.108795e+01 -1.132122e+00 
 1.108828e+01 -1.132119e+00 
 1.108860e+01 -1.132116e+00 
 1.108892e+01 -1.132113e+00 
 1.108925e+01 -1.132111e+00 
 1.108957e+01 -1.132109e+00 
 1.108989e+01 -1.132108e+00 
 1.109022e+01 -1.132107e+00 
 1.109054e+01 -1.132107e+00 
 1.109086e+01 -1.132108e+00 
 1.109118e+01 -1.132109e+00 
 1.109151e+01 -1.132112e+00 
 1.109183e+01 -1.132116e+00 
 1.109215e+01 -1.132120e+00 
 1.109248e+01 -1.132125e+00 
 1.109280e+01 -1.132130e+00 
 1.109312e+01 -1.132135e+00 
 1.109345e+01 -1.132141e+00 
 1.109377e+01 -1.132147e+00 
 1.109409e+01 -1.132153e+00 
 1.109441e+01 -1.132159e+00 
 1.109474e+01 -1.132166e+00 
 1.109506e+01 -1.132173e+00 
 1.109538e+01 -1.132181e+00 
 1.109571e+01 -1.132189e+00 
 1.109603e+01 -1.132198e+00 
 1.109635e+01 -1.132207e+00 
 1.109668e+01 -1.132218e+00 
 1.109700e+01 -1.132228e+00 
 1.109732e+01 -1.132238e+00 
 1.109764e+01 -1.132247e+00 
 1.109797e+01 -1.132256e+00 
 1.109829e+01 -1.132265e+00 
 1.109861e+01 -1.132274e+00 
 1.109894e+01 -1.132284e+00 
 1.109926e+01 -1.132293e+00 
 1.109958e+01 -1.132303e+00 
 1.109991e+01 -1.132312e+00 
 1.110023e+01 -1.132322e+00 
 1.110055e+01 -1.132333e+00 
 1.110087e+01 -1.132343e+00 
 1.110120e+01 -1.132354e+00 
 1.110152e+01 -1.132364e+00 
 1.110184e+01 -1.132374e+00 
 1.110217e+01 -1.132383e+00 
 1.110249e+01 -1.132391e+00 
 1.110281e+01 -1.132399e+00 
 1.110314e+01 -1.132405e+00 
 1.110346e+01 -1.132412e+00 
 1.110378e+01 -1.132418e+00 
 1.110410e+01 -1.132424e+00 
 1.110443e+01 -1.132430e+00 
 1.110475e+01 -1.132436e+00 
 1.110507e+01 -1.132442e+00 
 1.110540e+01 -1.132447e+00 
 1.110572e+01 -1.132453e+00 
 1.110604e+01 -1.132458e+00 
 1.110637e+01 -1.132463e+00 
 1.110669e+01 -1.132466e+00 
 1.110701e+01 -1.132468e+00 
 1.110733e+01 -1.132469e+00 
 1.110766e+01 -1.132469e+00 
 1.110798e+01 -1.132467e+00 
 1.110830e+01 -1.132465e+00 
 1.110863e+01 -1.132463e+00 
 1.110895e+01 -1.132460e+00 
 1.110927e+01 -1.132458e+00 
 1.110960e+01 -1.132454e+00 
 1.110992e+01 -1.132450e+00 
 1.111024e+01 -1.132446e+00 
 1.111056e+01 -1.132441e+00 
 1.111089e+01 -1.132436e+00 
 1.111121e+01 -1.132431e+00 
 1.111153e+01 -1.132425e+00 
 1.111186e+01 -1.132418e+00 
 1.111218e+01 -1.132410e+00 
 1.111250e+01 -1.132402e+00 
 1.111282e+01 -1.132393e+00 
 1.111315e+01 -1.132383e+00 
 1.111347e+01 -1.132374e+00 
 1.111379e+01 -1.132364e+00 
 1.111412e+01 -1.132354e+00 
 1.111444e+01 -1.132345e+00 
 1.111476e+01 -1.132335e+00 
 1.111509e+01 -1.132325e+00 
 1.111541e+01 -1.132316e+00 
 1.111573e+01 -1.132307e+00 
 1.111605e+01 -1.132300e+00 
 1.111638e+01 -1.132293e+00 
 1.111670e+01 -1.132286e+00 
 1.111702e+01 -1.132278e+00 
 1.111735e+01 -1.132271e+00 
 1.111767e+01 -1.132264e+00 
 1.111799e+01 -1.132256e+00 
 1.111832e+01 -1.132249e+00 
 1.111864e+01 -1.132242e+00 
 1.111896e+01 -1.132235e+00 
 1.111928e+01 -1.132230e+00 
 1.111961e+01 -1.132225e+00 
 1.111993e+01 -1.132221e+00 
 1.112025e+01 -1.132217e+00 
 1.112058e+01 -1.132214e+00 
 1.112090e+01 -1.132212e+00 
 1.112122e+01 -1.132211e+00 
 1.112155e+01 -1.132211e+00 
 1.112187e+01 -1.132210e+00 
 1.112219e+01 -1.132209e+00 
 1.112251e+01 -1.132208e+00 
 1.112284e+01 -1.132207e+00 
 1.112316e+01 -1.132206e+00 
 1.112348e+01 -1.132206e+00 
 1.112381e+01 -1.132206e+00 
 1.112413e+01 -1.132208e+00 
 1.112445e+01 -1.132211e+00 
 1.112478e+01 -1.132214e+00 
 1.112510e+01 -1.132218e+00 
 1.112542e+01 -1.132222e+00 
 1.112574e+01 -1.132226e+00 
 1.112607e+01 -1.132228e+00 
 1.112639e+01 -1.132232e+00 
 1.112671e+01 -1.132236e+00 
 1.112704e+01 -1.132240e+00 
 1.112736e+01 -1.132243e+00 
 1.112768e+01 -1.132247e+00 
 1.112801e+01 -1.132251e+00 
 1.112833e+01 -1.132255e+00 
 1.112865e+01 -1.132260e+00 
 1.112897e+01 -1.132266e+00 
 1.112930e+01 -1.132272e+00 
 1.112962e+01 -1.132278e+00 
 1.112994e+01 -1.132285e+00 
 1.113027e+01 -1.132291e+00 
 1.113059e+01 -1.132297e+00 
 1.113091e+01 -1.132300e+00 
 1.113124e+01 -1.132302e+00 
 1.113156e+01 -1.132305e+00 
 1.113188e+01 -1.132309e+00 
 1.113220e+01 -1.132312e+00 
 1.113253e+01 -1.132315e+00 
 1.113285e+01 -1.132319e+00 
 1.113317e+01 -1.132323e+00 
 1.113350e+01 -1.132326e+00 
 1.113382e+01 -1.132331e+00 
 1.113414e+01 -1.132335e+00 
 1.113447e+01 -1.132339e+00 
 1.113479e+01 -1.132342e+00 
 1.113511e+01 -1.132346e+00 
 1.113543e+01 -1.132348e+00 
 1.113576e+01 -1.132349e+00 
 1.113608e+01 -1.132348e+00 
 1.113640e+01 -1.132346e+00 
 1.113673e+01 -1.132347e+00 
 1.113705e+01 -1.132348e+00 
 1.113737e+01 -1.132349e+00 
 1.113770e+01 -1.132350e+00 
 1.113802e+01 -1.132351e+00 
 1.113834e+01 -1.132352e+00 
 1.113866e+01 -1.132353e+00 
 1.113899e+01 -1.132355e+00 
 1.113931e+01 -1.132356e+00 
 1.113963e+01 -1.132357e+00 
 1.113996e+01 -1.132358e+00 
 1.114028e+01 -1.132360e+00 
 1.114060e+01 -1.132362e+00 
 1.114093e+01 -1.132363e+00 
 1.114125e+01 -1.132362e+00 
 1.114157e+01 -1.132362e+00 
 1.114189e+01 -1.132365e+00 
 1.114222e+01 -1.132368e+00 
 1.114254e+01 -1.132371e+00 
 1.114286e+01 -1.132375e+00 
 1.114319e+01 -1.132379e+00 
 1.114351e+01 -1.132383e+00 
 1.114383e+01 -1.132388e+00 
 1.114416e+01 -1.132393e+00 
 1.114448e+01 -1.132398e+00 
 1.114480e+01 -1.132403e+00 
 1.114512e+01 -1.132409e+00 
 1.114545e+01 -1.132416e+00 
 1.114577e+01 -1.132423e+00 
 1.114609e+01 -1.132429e+00 
 1.114642e+01 -1.132433e+00 
 1.114674e+01 -1.132437e+00 
 1.114706e+01 -1.132444e+00 
 1.114738e+01 -1.132451e+00 
 1.114771e+01 -1.132457e+00 
 1.114803e+01 -1.132464e+00 
 1.114835e+01 -1.132472e+00 
 1.114868e+01 -1.132479e+00 
 1.114900e+01 -1.132487e+00 
 1.114932e+01 -1.132495e+00 
 1.114965e+01 -1.132502e+00 
 1.114997e+01 -1.132509e+00 
 1.115029e+01 -1.132517e+00 
 1.115061e+01 -1.132524e+00 
 1.115094e+01 -1.132531e+00 
 1.115126e+01 -1.132536e+00 
 1.115158e+01 -1.132539e+00 
 1.115191e+01 -1.132543e+00 
 1.115223e+01 -1.132547e+00 
 1.115255e+01 -1.132553e+00 
 1.115288e+01 -1.132559e+00 
 1.115320e+01 -1.132564e+00 
 1.115352e+01 -1.132569e+00 
 1.115384e+01 -1.132575e+00 
 1.115417e+01 -1.132580e+00 
 1.115449e+01 -1.132584e+00 
 1.115481e+01 -1.132587e+00 
 1.115514e+01 -1.132589e+00 
 1.115546e+01 -1.132590e+00 
 1.115578e+01 -1.132590e+00 
 1.115611e+01 -1.132590e+00 
 1.115643e+01 -1.132588e+00 
 1.115675e+01 -1.132585e+00 
 1.115707e+01 -1.132582e+00 
 1.115740e+01 -1.132581e+00 
 1.115772e+01 -1.132580e+00 
 1.115804e+01 -1.132579e+00 
 1.115837e+01 -1.132577e+00 
 1.115869e+01 -1.132574e+00 
 1.115901e+01 -1.132570e+00 
 1.115934e+01 -1.132565e+00 
 1.115966e+01 -1.132558e+00 
 1.115998e+01 -1.132551e+00 
 1.116030e+01 -1.132542e+00 
 1.116063e+01 -1.132533e+00 
 1.116095e+01 -1.132524e+00 
 1.116127e+01 -1.132515e+00 
 1.116160e+01 -1.132505e+00 
 1.116192e+01 -1.132495e+00 
 1.116224e+01 -1.132485e+00 
 1.116257e+01 -1.132476e+00 
 1.116289e+01 -1.132468e+00 
 1.116321e+01 -1.132458e+00 
 1.116353e+01 -1.132448e+00 
 1.116386e+01 -1.132436e+00 
 1.116418e+01 -1.132423e+00 
 1.116450e+01 -1.132410e+00 
 1.116483e+01 -1.132397e+00 
 1.116515e+01 -1.132383e+00 
 1.116547e+01 -1.132369e+00 
 1.116580e+01 -1.132356e+00 
 1.116612e+01 -1.132345e+00 
 1.116644e+01 -1.132334e+00 
 1.116676e+01 -1.132323e+00 
 1.116709e+01 -1.132312e+00 
 1.116741e+01 -1.132301e+00 
 1.116773e+01 -1.132292e+00 
 1.116806e+01 -1.132283e+00 
 1.116838e+01 -1.132274e+00 
 1.116870e+01 -1.132264e+00 
 1.116903e+01 -1.132254e+00 
 1.116935e+01 -1.132244e+00 
 1.116967e+01 -1.132236e+00 
 1.116999e+01 -1.132228e+00 
 1.117032e+01 -1.132220e+00 
 1.117064e+01 -1.132214e+00 
 1.117096e+01 -1.132209e+00 
 1.117129e+01 -1.132204e+00 
 1.117161e+01 -1.132201e+00 
 1.117193e+01 -1.132197e+00 
 1.117226e+01 -1.132194e+00 
 1.117258e+01 -1.132192e+00 
 1.117290e+01 -1.132191e+00 
 1.117322e+01 -1.132190e+00 
 1.117355e+01 -1.132190e+00 
 1.117387e+01 -1.132189e+00 
 1.117419e+01 -1.132189e+00 
 1.117452e+01 -1.132189e+00 
 1.117484e+01 -1.132190e+00 
 1.117516e+01 -1.132191e+00 
 1.117549e+01 -1.132192e+00 
 1.117581e+01 -1.132194e+00 
 1.117613e+01 -1.132196e+00 
 1.117645e+01 -1.132199e+00 
 1.117678e+01 -1.132202e+00 
 1.117710e+01 -1.132205e+00 
 1.117742e+01 -1.132208e+00 
 1.117775e+01 -1.132211e+00 
 1.117807e+01 -1.132216e+00 
 1.117839e+01 -1.132220e+00 
 1.117872e+01 -1.132224e+00 
 1.117904e+01 -1.132227e+00 
 1.117936e+01 -1.132230e+00 
 1.117968e+01 -1.132232e+00 
 1.118001e+01 -1.132235e+00 
 1.118033e+01 -1.132236e+00 
 1.118065e+01 -1.132238e+00 
 1.118098e+01 -1.132239e+00 
 1.118130e+01 -1.132241e+00 
 1.118162e+01 -1.132243e+00 
 1.118194e+01 -1.132246e+00 
 1.118227e+01 -1.132248e+00 
 1.118259e+01 -1.132250e+00 
 1.118291e+01 -1.132252e+00 
 1.118324e+01 -1.132254e+00 
 1.118356e+01 -1.132255e+00 
 1.118388e+01 -1.132256e+00 
 1.118421e+01 -1.132255e+00 
 1.118453e+01 -1.132254e+00 
 1.118485e+01 -1.132253e+00 
 1.118517e+01 -1.132252e+00 
 1.118550e+01 -1.132251e+00 
 1.118582e+01 -1.132251e+00 
 1.118614e+01 -1.132252e+00 
 1.118647e+01 -1.132253e+00 
 1.118679e+01 -1.132255e+00 
 1.118711e+01 -1.132257e+00 
 1.118744e+01 -1.132257e+00 
 1.118776e+01 -1.132257e+00 
 1.118808e+01 -1.132256e+00 
 1.118840e+01 -1.132256e+00 
 1.118873e+01 -1.132256e+00 
 1.118905e+01 -1.132254e+00 
 1.118937e+01 -1.132253e+00 
 1.118970e+01 -1.132252e+00 
 1.119002e+01 -1.132251e+00 
 1.119034e+01 -1.132252e+00 
 1.119067e+01 -1.132252e+00 
 1.119099e+01 -1.132254e+00 
 1.119131e+01 -1.132256e+00 
 1.119163e+01 -1.132257e+00 
 1.119196e+01 -1.132257e+00 
 1.119228e+01 -1.132257e+00 
 1.119260e+01 -1.132255e+00 
 1.119293e+01 -1.132252e+00 
 1.119325e+01 -1.132249e+00 
 1.119357e+01 -1.132246e+00 
 1.119390e+01 -1.132243e+00 
 1.119422e+01 -1.132241e+00 
 1.119454e+01 -1.132238e+00 
 1.119486e+01 -1.132237e+00 
 1.119519e+01 -1.132236e+00 
 1.119551e+01 -1.132236e+00 
 1.119583e+01 -1.132237e+00 
 1.119616e+01 -1.132237e+00 
 1.119648e+01 -1.132238e+00 
 1.119680e+01 -1.132238e+00 
 1.119713e+01 -1.132238e+00 
 1.119745e+01 -1.132237e+00 
 1.119777e+01 -1.132236e+00 
 1.119809e+01 -1.132235e+00 
 1.119842e+01 -1.132234e+00 
 1.119874e+01 -1.132235e+00 
 1.119906e+01 -1.132236e+00 
 1.119939e+01 -1.132237e+00 
 1.119971e+01 -1.132238e+00 
 1.120003e+01 -1.132239e+00 
 1.120036e+01 -1.132241e+00 
 1.120068e+01 -1.132243e+00 
 1.120100e+01 -1.132245e+00 
 1.120132e+01 -1.132247e+00 
 1.120165e+01 -1.132249e+00 
 1.120197e+01 -1.132251e+00 
 1.120229e+01 -1.132253e+00 
 1.120262e+01 -1.132255e+00 
 1.120294e+01 -1.132256e+00 
 1.120326e+01 -1.132258e+00 
 1.120359e+01 -1.132260e+00 
 1.120391e+01 -1.132263e+00 
 1.120423e+01 -1.132265e+00 
 1.120455e+01 -1.132267e+00 
 1.120488e+01 -1.132269e+00 
 1.120520e+01 -1.132270e+00 
 1.120552e+01 -1.132272e+00 
 1.120585e+01 -1.132273e+00 
 1.120617e+01 -1.132275e+00 
 1.120649e+01 -1.132276e+00 
 1.120682e+01 -1.132277e+00 
 1.120714e+01 -1.132278e+00 
 1.120746e+01 -1.132278e+00 
 1.120778e+01 -1.132277e+00 
 1.120811e+01 -1.132276e+00 
 1.120843e+01 -1.132274e+00 
 1.120875e+01 -1.132271e+00 
 1.120908e+01 -1.132269e+00 
 1.120940e+01 -1.132266e+00 
 1.120972e+01 -1.132264e+00 
 1.121005e+01 -1.132261e+00 
 1.121037e+01 -1.132258e+00 
 1.121069e+01 -1.132255e+00 
 1.121101e+01 -1.132252e+00 
 1.121134e+01 -1.132250e+00 
 1.121166e+01 -1.132247e+00 
 1.121198e+01 -1.132243e+00 
 1.121231e+01 -1.132238e+00 
 1.121263e+01 -1.132233e+00 
 1.121295e+01 -1.132227e+00 
 1.121328e+01 -1.132220e+00 
 1.121360e+01 -1.132213e+00 
 1.121392e+01 -1.132206e+00 
 1.121424e+01 -1.132201e+00 
 1.121457e+01 -1.132196e+00 
 1.121489e+01 -1.132191e+00 
 1.121521e+01 -1.132186e+00 
 1.121554e+01 -1.132182e+00 
 1.121586e+01 -1.132178e+00 
 1.121618e+01 -1.132173e+00 
 1.121650e+01 -1.132168e+00 
 1.121683e+01 -1.132163e+00 
 1.121715e+01 -1.132157e+00 
 1.121747e+01 -1.132150e+00 
 1.121780e+01 -1.132144e+00 
 1.121812e+01 -1.132138e+00 
 1.121844e+01 -1.132132e+00 
 1.121877e+01 -1.132128e+00 
 1.121909e+01 -1.132124e+00 
 1.121941e+01 -1.132122e+00 
 1.121973e+01 -1.132120e+00 
 1.122006e+01 -1.132118e+00 
 1.122038e+01 -1.132117e+00 
 1.122070e+01 -1.132116e+00 
 1.122103e+01 -1.132115e+00 
 1.122135e+01 -1.132114e+00 
 1.122167e+01 -1.132113e+00 
 1.122200e+01 -1.132112e+00 
 1.122232e+01 -1.132112e+00 
 1.122264e+01 -1.132112e+00 
 1.122296e+01 -1.132114e+00 
 1.122329e+01 -1.132116e+00 
 1.122361e+01 -1.132118e+00 
 1.122393e+01 -1.132122e+00 
 1.122426e+01 -1.132127e+00 
 1.122458e+01 -1.132133e+00 
 1.122490e+01 -1.132139e+00 
 1.122523e+01 -1.132145e+00 
 1.122555e+01 -1.132150e+00 
 1.122587e+01 -1.132156e+00 
 1.122619e+01 -1.132162e+00 
 1.122652e+01 -1.132168e+00 
 1.122684e+01 -1.132174e+00 
 1.122716e+01 -1.132182e+00 
 1.122749e+01 -1.132189e+00 
 1.122781e+01 -1.132198e+00 
 1.122813e+01 -1.132207e+00 
 1.122846e+01 -1.132216e+00 
 1.122878e+01 -1.132226e+00 
 1.122910e+01 -1.132236e+00 
 1.122942e+01 -1.132247e+00 
 1.122975e+01 -1.132257e+00 
 1.123007e+01 -1.132267e+00 
 1.123039e+01 -1.132276e+00 
 1.123072e+01 -1.132286e+00 
 1.123104e+01 -1.132296e+00 
 1.123136e+01 -1.132306e+00 
 1.123169e+01 -1.132316e+00 
 1.123201e+01 -1.132325e+00 
 1.123233e+01 -1.132335e+00 
 1.123265e+01 -1.132345e+00 
 1.123298e+01 -1.132354e+00 
 1.123330e+01 -1.132363e+00 
 1.123362e+01 -1.132373e+00 
 1.123395e+01 -1.132381e+00 
 1.123427e+01 -1.132390e+00 
 1.123459e+01 -1.132399e+00 
 1.123492e+01 -1.132407e+00 
 1.123524e+01 -1.132415e+00 
 1.123556e+01 -1.132423e+00 
 1.123588e+01 -1.132430e+00 
 1.123621e+01 -1.132438e+00 
 1.123653e+01 -1.132445e+00 
 1.123685e+01 -1.132451e+00 
 1.123718e+01 -1.132456e+00 
 1.123750e+01 -1.132461e+00 
 1.123782e+01 -1.132466e+00 
 1.123815e+01 -1.132471e+00 
 1.123847e+01 -1.132475e+00 
 1.123879e+01 -1.132480e+00 
 1.123911e+01 -1.132484e+00 
 1.123944e+01 -1.132489e+00 
 1.123976e+01 -1.132493e+00 
 1.124008e+01 -1.132498e+00 
 1.124041e+01 -1.132501e+00 
 1.124073e+01 -1.132504e+00 
 1.124105e+01 -1.132508e+00 
 1.124138e+01 -1.132511e+00 
 1.124170e+01 -1.132514e+00 
 1.124202e+01 -1.132515e+00 
 1.124234e+01 -1.132516e+00 
 1.124267e+01 -1.132516e+00 
 1.124299e+01 -1.132518e+00 
 1.124331e+01 -1.132519e+00 
 1.124364e+01 -1.132520e+00 
 1.124396e+01 -1.132522e+00 
 1.124428e+01 -1.132523e+00 
 1.124461e+01 -1.132524e+00 
 1.124493e+01 -1.132525e+00 
 1.124525e+01 -1.132526e+00 
 1.124557e+01 -1.132526e+00 
 1.124590e+01 -1.132526e+00 
 1.124622e+01 -1.132527e+00 
 1.124654e+01 -1.132528e+00 
 1.124687e+01 -1.132528e+00 
 1.124719e+01 -1.132528e+00 
 1.124751e+01 -1.132528e+00 
 1.124784e+01 -1.132529e+00 
 1.124816e+01 -1.132530e+00 
 1.124848e+01 -1.132532e+00 
 1.124880e+01 -1.132534e+00 
 1.124913e+01 -1.132535e+00 
 1.124945e+01 -1.132536e+00 
 1.124977e+01 -1.132538e+00 
 1.125010e+01 -1.132539e+00 
 1.125042e+01 -1.132540e+00 
 1.125074e+01 -1.132540e+00 
 1.125106e+01 -1.132541e+00 
 1.125139e+01 -1.132543e+00 
 1.125171e+01 -1.132546e+00 
 1.125203e+01 -1.132548e+00 
 1.125236e+01 -1.132550e+00 
 1.125268e+01 -1.132552e+00 
 1.125300e+01 -1.132555e+00 
 1.125333e+01 -1.132557e+00 
 1.125365e+01 -1.132560e+00 
 1.125397e+01 -1.132562e+00 
 1.125429e+01 -1.132564e+00 
 1.125462e+01 -1.132566e+00 
 1.125494e+01 -1.132568e+00 
 1.125526e+01 -1.132569e+00 
 1.125559e+01 -1.132570e+00 
 1.125591e+01 -1.132570e+00 
 1.125623e+01 -1.132571e+00 
 1.125656e+01 -1.132572e+00 
 1.125688e+01 -1.132574e+00 
 1.125720e+01 -1.132575e+00 
 1.125752e+01 -1.132575e+00 
 1.125785e+01 -1.132575e+00 
 1.125817e+01 -1.132575e+00 
 1.125849e+01 -1.132575e+00 
 1.125882e+01 -1.132574e+00 
 1.125914e+01 -1.132573e+00 
 1.125946e+01 -1.132572e+00 
 1.125979e+01 -1.132570e+00 
 1.126011e+01 -1.132568e+00 
 1.126043e+01 -1.132565e+00 
 1.126075e+01 -1.132562e+00 
 1.126108e+01 -1.132556e+00 
 1.126140e+01 -1.132551e+00 
 1.126172e+01 -1.132547e+00 
 1.126205e+01 -1.132543e+00 
 1.126237e+01 -1.132538e+00 
 1.126269e+01 -1.132533e+00 
 1.126302e+01 -1.132527e+00 
 1.126334e+01 -1.132521e+00 
 1.126366e+01 -1.132515e+00 
 1.126398e+01 -1.132509e+00 
 1.126431e+01 -1.132502e+00 
 1.126463e+01 -1.132495e+00 
 1.126495e+01 -1.132488e+00 
 1.126528e+01 -1.132481e+00 
 1.126560e+01 -1.132474e+00 
 1.126592e+01 -1.132465e+00 
 1.126625e+01 -1.132455e+00 
 1.126657e+01 -1.132447e+00 
 1.126689e+01 -1.132440e+00 
 1.126721e+01 -1.132433e+00 
 1.126754e+01 -1.132425e+00 
 1.126786e+01 -1.132418e+00 
 1.126818e+01 -1.132410e+00 
 1.126851e+01 -1.132403e+00 
 1.126883e+01 -1.132396e+00 
 1.126915e+01 -1.132389e+00 
 1.126948e+01 -1.132382e+00 
 1.126980e+01 -1.132374e+00 
 1.127012e+01 -1.132368e+00 
 1.127044e+01 -1.132361e+00 
 1.127077e+01 -1.132355e+00 
 1.127109e+01 -1.132348e+00 
 1.127141e+01 -1.132341e+00 
 1.127174e+01 -1.132335e+00 
 1.127206e+01 -1.132332e+00 
 1.127238e+01 -1.132329e+00 
 1.127271e+01 -1.132326e+00 
 1.127303e+01 -1.132322e+00 
 1.127335e+01 -1.132320e+00 
 1.127367e+01 -1.132317e+00 
 1.127400e+01 -1.132315e+00 
 1.127432e+01 -1.132314e+00 
 1.127464e+01 -1.132312e+00 
 1.127497e+01 -1.132310e+00 
 1.127529e+01 -1.132308e+00 
 1.127561e+01 -1.132308e+00 
 1.127594e+01 -1.132307e+00 
 1.127626e+01 -1.132304e+00 
 1.127658e+01 -1.132302e+00 
 1.127690e+01 -1.132301e+00 
 1.127723e+01 -1.132301e+00 
 1.127755e+01 -1.132300e+00 
 1.127787e+01 -1.132300e+00 
 1.127820e+01 -1.132298e+00 
 1.127852e+01 -1.132296e+00 
 1.127884e+01 -1.132295e+00 
 1.127917e+01 -1.132293e+00 
 1.127949e+01 -1.132291e+00 
 1.127981e+01 -1.132289e+00 
 1.128013e+01 -1.132286e+00 
 1.128046e+01 -1.132284e+00 
 1.128078e+01 -1.132282e+00 
 1.128110e+01 -1.132279e+00 
 1.128143e+01 -1.132275e+00 
 1.128175e+01 -1.132271e+00 
 1.128207e+01 -1.132268e+00 
 1.128240e+01 -1.132265e+00 
 1.128272e+01 -1.132263e+00 
 1.128304e+01 -1.132260e+00 
 1.128336e+01 -1.132257e+00 
 1.128369e+01 -1.132253e+00 
 1.128401e+01 -1.132249e+00 
 1.128433e+01 -1.132246e+00 
 1.128466e+01 -1.132241e+00 
 1.128498e+01 -1.132237e+00 
 1.128530e+01 -1.132232e+00 
 1.128563e+01 -1.132227e+00 
 1.128595e+01 -1.132223e+00 
 1.128627e+01 -1.132218e+00 
 1.128659e+01 -1.132212e+00 
 1.128692e+01 -1.132205e+00 
 1.128724e+01 -1.132200e+00 
 1.128756e+01 -1.132195e+00 
 1.128789e+01 -1.132191e+00 
 1.128821e+01 -1.132185e+00 
 1.128853e+01 -1.132180e+00 
 1.128885e+01 -1.132174e+00 
 1.128918e+01 -1.132169e+00 
 1.128950e+01 -1.132163e+00 
 1.128982e+01 -1.132157e+00 
 1.129015e+01 -1.132151e+00 
 1.129047e+01 -1.132145e+00 
 1.129079e+01 -1.132139e+00 
 1.129112e+01 -1.132134e+00 
 1.129144e+01 -1.132128e+00 
 1.129176e+01 -1.132122e+00 
 1.129208e+01 -1.132116e+00 
 1.129241e+01 -1.132111e+00 
 1.129273e+01 -1.132108e+00 
 1.129305e+01 -1.132104e+00 
 1.129338e+01 -1.132100e+00 
 1.129370e+01 -1.132095e+00 
 1.129402e+01 -1.132091e+00 
 1.129435e+01 -1.132087e+00 
 1.129467e+01 -1.132083e+00 
 1.129499e+01 -1.132079e+00 
 1.129531e+01 -1.132076e+00 
 1.129564e+01 -1.132073e+00 
 1.129596e+01 -1.132071e+00 
 1.129628e+01 -1.132069e+00 
 1.129661e+01 -1.132068e+00 
 1.129693e+01 -1.132067e+00 
 1.129725e+01 -1.132066e+00 
 1.129758e+01 -1.132067e+00 
 1.129790e+01 -1.132068e+00 
 1.129822e+01 -1.132070e+00 
 1.129854e+01 -1.132072e+00 
 1.129887e+01 -1.132073e+00 
 1.129919e+01 -1.132075e+00 
 1.129951e+01 -1.132078e+00 
 1.129984e+01 -1.132081e+00 
 1.130016e+01 -1.132085e+00 
 1.130048e+01 -1.132090e+00 
 1.130081e+01 -1.132095e+00 
 1.130113e+01 -1.132101e+00 
 1.130145e+01 -1.132106e+00 
 1.130177e+01 -1.132111e+00 
 1.130210e+01 -1.132113e+00 
 1.130242e+01 -1.132114e+00 
 1.130274e+01 -1.132115e+00 
 1.130307e+01 -1.132114e+00 
 1.130339e+01 -1.132113e+00 
 1.130371e+01 -1.132110e+00 
 1.130404e+01 -1.132105e+00 
 1.130436e+01 -1.132101e+00 
 1.130468e+01 -1.132098e+00 
 1.130500e+01 -1.132095e+00 
 1.130533e+01 -1.132093e+00 
 1.130565e+01 -1.132091e+00 
 1.130597e+01 -1.132089e+00 
 1.130630e+01 -1.132087e+00 
 1.130662e+01 -1.132087e+00 
 1.130694e+01 -1.132086e+00 
 1.130727e+01 -1.132085e+00 
 1.130759e+01 -1.132084e+00 
 1.130791e+01 -1.132084e+00 
 1.130823e+01 -1.132085e+00 
 1.130856e+01 -1.132086e+00 
 1.130888e+01 -1.132086e+00 
 1.130920e+01 -1.132086e+00 
 1.130953e+01 -1.132087e+00 
 1.130985e+01 -1.132089e+00 
 1.131017e+01 -1.132091e+00 
 1.131050e+01 -1.132094e+00 
 1.131082e+01 -1.132096e+00 
 1.131114e+01 -1.132099e+00 
 1.131146e+01 -1.132103e+00 
 1.131179e+01 -1.132107e+00 
 1.131211e+01 -1.132111e+00 
 1.131243e+01 -1.132116e+00 
 1.131276e+01 -1.132120e+00 
 1.131308e+01 -1.132126e+00 
 1.131340e+01 -1.132133e+00 
 1.131373e+01 -1.132140e+00 
 1.131405e+01 -1.132147e+00 
 1.131437e+01 -1.132154e+00 
 1.131469e+01 -1.132162e+00 
 1.131502e+01 -1.132170e+00 
 1.131534e+01 -1.132178e+00 
 1.131566e+01 -1.132186e+00 
 1.131599e+01 -1.132194e+00 
 1.131631e+01 -1.132203e+00 
 1.131663e+01 -1.132211e+00 
 1.131696e+01 -1.132219e+00 
 1.131728e+01 -1.132226e+00 
 1.131760e+01 -1.132233e+00 
 1.131792e+01 -1.132239e+00 
 1.131825e+01 -1.132246e+00 
 1.131857e+01 -1.132252e+00 
 1.131889e+01 -1.132257e+00 
 1.131922e+01 -1.132261e+00 
 1.131954e+01 -1.132265e+00 
 1.131986e+01 -1.132269e+00 
 1.132019e+01 -1.132272e+00 
 1.132051e+01 -1.132276e+00 
 1.132083e+01 -1.132279e+00 
 1.132115e+01 -1.132282e+00 
 1.132148e+01 -1.132285e+00 
 1.132180e+01 -1.132287e+00 
 1.132212e+01 -1.132289e+00 
 1.132245e+01 -1.132291e+00 
 1.132277e+01 -1.132293e+00 
 1.132309e+01 -1.132294e+00 
 1.132341e+01 -1.132295e+00 
 1.132374e+01 -1.132297e+00 
 1.132406e+01 -1.132297e+00 
 1.132438e+01 -1.132298e+00 
 1.132471e+01 -1.132297e+00 
 1.132503e+01 -1.132297e+00 
 1.132535e+01 -1.132298e+00 
 1.132568e+01 -1.132298e+00 
 1.132600e+01 -1.132298e+00 
 1.132632e+01 -1.132298e+00 
 1.132664e+01 -1.132298e+00 
 1.132697e+01 -1.132298e+00 
 1.132729e+01 -1.132299e+00 
 1.132761e+01 -1.132299e+00 
 1.132794e+01 -1.132299e+00 
 1.132826e+01 -1.132298e+00 
 1.132858e+01 -1.132298e+00 
 1.132891e+01 -1.132297e+00 
 1.132923e+01 -1.132296e+00 
 1.132955e+01 -1.132294e+00 
 1.132987e+01 -1.132293e+00 
 1.133020e+01 -1.132292e+00 
 1.133052e+01 -1.132291e+00 
 1.133084e+01 -1.132291e+00 
 1.133117e+01 -1.132291e+00 
 1.133149e+01 -1.132291e+00 
 1.133181e+01 -1.132291e+00 
 1.133214e+01 -1.132291e+00 
 1.133246e+01 -1.132291e+00 
 1.133278e+01 -1.132291e+00 
 1.133310e+01 -1.132290e+00 
 1.133343e+01 -1.132289e+00 
 1.133375e+01 -1.132288e+00 
 1.133407e+01 -1.132287e+00 
 1.133440e+01 -1.132286e+00 
 1.133472e+01 -1.132286e+00 
 1.133504e+01 -1.132285e+00 
 1.133537e+01 -1.132285e+00 
 1.133569e+01 -1.132286e+00 
 1.133601e+01 -1.132288e+00 
 1.133633e+01 -1.132289e+00 
 1.133666e+01 -1.132289e+00 
 1.133698e+01 -1.132289e+00 
 1.133730e+01 -1.132289e+00 
 1.133763e+01 -1.132288e+00 
 1.133795e+01 -1.132288e+00 
 1.133827e+01 -1.132287e+00 
 1.133860e+01 -1.132288e+00 
 1.133892e+01 -1.132289e+00 
 1.133924e+01 -1.132291e+00 
 1.133956e+01 -1.132294e+00 
 1.133989e+01 -1.132297e+00 
 1.134021e+01 -1.132301e+00 
 1.134053e+01 -1.132304e+00 
 1.134086e+01 -1.132308e+00 
 1.134118e+01 -1.132313e+00 
 1.134150e+01 -1.132317e+00 
 1.134183e+01 -1.132319e+00 
 1.134215e+01 -1.132321e+00 
 1.134247e+01 -1.132323e+00 
 1.134279e+01 -1.132325e+00 
 1.134312e+01 -1.132327e+00 
 1.134344e+01 -1.132329e+00 
 1.134376e+01 -1.132331e+00 
 1.134409e+01 -1.132334e+00 
 1.134441e+01 -1.132338e+00 
 1.134473e+01 -1.132340e+00 
 1.134506e+01 -1.132342e+00 
 1.134538e+01 -1.132343e+00 
 1.134570e+01 -1.132343e+00 
 1.134602e+01 -1.132343e+00 
 1.134635e+01 -1.132344e+00 
 1.134667e+01 -1.132343e+00 
 1.134699e+01 -1.132340e+00 
 1.134732e+01 -1.132338e+00 
 1.134764e+01 -1.132336e+00 
 1.134796e+01 -1.132335e+00 
 1.134829e+01 -1.132333e+00 
 1.134861e+01 -1.132332e+00 
 1.134893e+01 -1.132330e+00 
 1.134925e+01 -1.132328e+00 
 1.134958e+01 -1.132327e+00 
 1.134990e+01 -1.132325e+00 
 1.135022e+01 -1.132322e+00 
 1.135055e+01 -1.132318e+00 
 1.135087e+01 -1.132315e+00 
 1.135119e+01 -1.132313e+00 
 1.135152e+01 -1.132312e+00 
 1.135184e+01 -1.132311e+00 
 1.135216e+01 -1.132308e+00 
 1.135248e+01 -1.132307e+00 
 1.135281e+01 -1.132306e+00 
 1.135313e+01 -1.132305e+00 
 1.135345e+01 -1.132303e+00 
 1.135378e+01 -1.132302e+00 
 1.135410e+01 -1.132301e+00 
 1.135442e+01 -1.132299e+00 
 1.135475e+01 -1.132298e+00 
 1.135507e+01 -1.132297e+00 
 1.135539e+01 -1.132296e+00 
 1.135571e+01 -1.132295e+00 
 1.135604e+01 -1.132296e+00 
 1.135636e+01 -1.132298e+00 
 1.135668e+01 -1.132301e+00 
 1.135701e+01 -1.132304e+00 
 1.135733e+01 -1.132306e+00 
 1.135765e+01 -1.132308e+00 
 1.135797e+01 -1.132311e+00 
 1.135830e+01 -1.132314e+00 
 1.135862e+01 -1.132317e+00 
 1.135894e+01 -1.132320e+00 
 1.135927e+01 -1.132324e+00 
 1.135959e+01 -1.132328e+00 
 1.135991e+01 -1.132333e+00 
 1.136024e+01 -1.132338e+00 
 1.136056e+01 -1.132343e+00 
 1.136088e+01 -1.132350e+00 
 1.136120e+01 -1.132357e+00 
 1.136153e+01 -1.132365e+00 
 1.136185e+01 -1.132372e+00 
 1.136217e+01 -1.132379e+00 
 1.136250e+01 -1.132385e+00 
 1.136282e+01 -1.132390e+00 
 1.136314e+01 -1.132396e+00 
 1.136347e+01 -1.132403e+00 
 1.136379e+01 -1.132409e+00 
 1.136411e+01 -1.132416e+00 
 1.136443e+01 -1.132424e+00 
 1.136476e+01 -1.132432e+00 
 1.136508e+01 -1.132441e+00 
 1.136540e+01 -1.132450e+00 
 1.136573e+01 -1.132458e+00 
 1.136605e+01 -1.132466e+00 
 1.136637e+01 -1.132474e+00 
 1.136670e+01 -1.132482e+00 
 1.136702e+01 -1.132490e+00 
 1.136734e+01 -1.132497e+00 
 1.136766e+01 -1.132503e+00 
 1.136799e+01 -1.132509e+00 
 1.136831e+01 -1.132516e+00 
 1.136863e+01 -1.132524e+00 
 1.136896e+01 -1.132531e+00 
 1.136928e+01 -1.132539e+00 
 1.136960e+01 -1.132546e+00 
 1.136993e+01 -1.132553e+00 
 1.137025e+01 -1.132560e+00 
 1.137057e+01 -1.132565e+00 
 1.137089e+01 -1.132568e+00 
 1.137122e+01 -1.132570e+00 
 1.137154e+01 -1.132572e+00 
 1.137186e+01 -1.132574e+00 
 1.137219e+01 -1.132576e+00 
 1.137251e+01 -1.132577e+00 
 1.137283e+01 -1.132577e+00 
 1.137316e+01 -1.132577e+00 
 1.137348e+01 -1.132577e+00 
 1.137380e+01 -1.132577e+00 
 1.137412e+01 -1.132576e+00 
 1.137445e+01 -1.132574e+00 
 1.137477e+01 -1.132571e+00 
 1.137509e+01 -1.132568e+00 
 1.137542e+01 -1.132564e+00 
 1.137574e+01 -1.132559e+00 
 1.137606e+01 -1.132553e+00 
 1.137639e+01 -1.132547e+00 
 1.137671e+01 -1.132542e+00 
 1.137703e+01 -1.132538e+00 
 1.137735e+01 -1.132533e+00 
 1.137768e+01 -1.132527e+00 
 1.137800e+01 -1.132521e+00 
 1.137832e+01 -1.132515e+00 
 1.137865e+01 -1.132508e+00 
 1.137897e+01 -1.132502e+00 
 1.137929e+01 -1.132494e+00 
 1.137962e+01 -1.132487e+00 
 1.137994e+01 -1.132479e+00 
 1.138026e+01 -1.132472e+00 
 1.138058e+01 -1.132465e+00 
 1.138091e+01 -1.132459e+00 
 1.138123e+01 -1.132453e+00 
 1.138155e+01 -1.132447e+00 
 1.138188e+01 -1.132442e+00 
 1.138220e+01 -1.132437e+00 
 1.138252e+01 -1.132432e+00 
 1.138285e+01 -1.132426e+00 
 1.138317e+01 -1.132421e+00 
 1.138349e+01 -1.132415e+00 
 1.138381e+01 -1.132410e+00 
 1.138414e+01 -1.132406e+00 
 1.138446e+01 -1.132401e+00 
 1.138478e+01 -1.132398e+00 
 1.138511e+01 -1.132394e+00 
 1.138543e+01 -1.132392e+00 
 1.138575e+01 -1.132390e+00 
 1.138608e+01 -1.132391e+00 
 1.138640e+01 -1.132390e+00 
 1.138672e+01 -1.132388e+00 
 1.138704e+01 -1.132386e+00 
 1.138737e+01 -1.132385e+00 
 1.138769e+01 -1.132384e+00 
 1.138801e+01 -1.132383e+00 
 1.138834e+01 -1.132381e+00 
 1.138866e+01 -1.132381e+00 
 1.138898e+01 -1.132381e+00 
 1.138931e+01 -1.132382e+00 
 1.138963e+01 -1.132384e+00 
 1.138995e+01 -1.132385e+00 
 1.139027e+01 -1.132387e+00 
 1.139060e+01 -1.132389e+00 
 1.139092e+01 -1.132392e+00 
 1.139124e+01 -1.132395e+00 
 1.139157e+01 -1.132397e+00 
 1.139189e+01 -1.132398e+00 
 1.139221e+01 -1.132400e+00 
 1.139253e+01 -1.132402e+00 
 1.139286e+01 -1.132405e+00 
 1.139318e+01 -1.132407e+00 
 1.139350e+01 -1.132410e+00 
 1.139383e+01 -1.132414e+00 
 1.139415e+01 -1.132418e+00 
 1.139447e+01 -1.132423e+00 
 1.139480e+01 -1.132427e+00 
 1.139512e+01 -1.132431e+00 
 1.139544e+01 -1.132433e+00 
 1.139576e+01 -1.132434e+00 
 1.139609e+01 -1.132436e+00 
 1.139641e+01 -1.132439e+00 
 1.139673e+01 -1.132440e+00 
 1.139706e+01 -1.132440e+00 
 1.139738e+01 -1.132441e+00 
 1.139770e+01 -1.132442e+00 
 1.139803e+01 -1.132443e+00 
 1.139835e+01 -1.132443e+00 
 1.139867e+01 -1.132442e+00 
 1.139899e+01 -1.132441e+00 
 1.139932e+01 -1.132440e+00 
 1.139964e+01 -1.132438e+00 
 1.139996e+01 -1.132435e+00 
 1.140029e+01 -1.132430e+00 
 1.140061e+01 -1.132425e+00 
 1.140093e+01 -1.132418e+00 
 1.140126e+01 -1.132411e+00 
 1.140158e+01 -1.132407e+00 
 1.140190e+01 -1.132402e+00 
 1.140222e+01 -1.132397e+00 
 1.140255e+01 -1.132392e+00 
 1.140287e+01 -1.132387e+00 
 1.140319e+01 -1.132382e+00 
 1.140352e+01 -1.132376e+00 
 1.140384e+01 -1.132369e+00 
 1.140416e+01 -1.132362e+00 
 1.140449e+01 -1.132355e+00 
 1.140481e+01 -1.132348e+00 
 1.140513e+01 -1.132340e+00 
 1.140545e+01 -1.132333e+00 
 1.140578e+01 -1.132325e+00 
 1.140610e+01 -1.132315e+00 
 1.140642e+01 -1.132307e+00 
 1.140675e+01 -1.132301e+00 
 1.140707e+01 -1.132297e+00 
 1.140739e+01 -1.132291e+00 
 1.140772e+01 -1.132285e+00 
 1.140804e+01 -1.132280e+00 
 1.140836e+01 -1.132275e+00 
 1.140868e+01 -1.132270e+00 
 1.140901e+01 -1.132265e+00 
 1.140933e+01 -1.132260e+00 
 1.140965e+01 -1.132256e+00 
 1.140998e+01 -1.132253e+00 
 1.141030e+01 -1.132251e+00 
 1.141062e+01 -1.132250e+00 
 1.141095e+01 -1.132248e+00 
 1.141127e+01 -1.132244e+00 
 1.141159e+01 -1.132242e+00 
 1.141191e+01 -1.132242e+00 
 1.141224e+01 -1.132243e+00 
 1.141256e+01 -1.132242e+00 
 1.141288e+01 -1.132242e+00 
 1.141321e+01 -1.132244e+00 
 1.141353e+01 -1.132244e+00 
 1.141385e+01 -1.132246e+00 
 1.141418e+01 -1.132248e+00 
 1.141450e+01 -1.132250e+00 
 1.141482e+01 -1.132253e+00 
 1.141514e+01 -1.132257e+00 
 1.141547e+01 -1.132262e+00 
 1.141579e+01 -1.132268e+00 
 1.141611e+01 -1.132273e+00 
 1.141644e+01 -1.132275e+00 
 1.141676e+01 -1.132278e+00 
 1.141708e+01 -1.132283e+00 
 1.141741e+01 -1.132288e+00 
 1.141773e+01 -1.132293e+00 
 1.141805e+01 -1.132297e+00 
 1.141837e+01 -1.132303e+00 
 1.141870e+01 -1.132309e+00 
 1.141902e+01 -1.132315e+00 
 1.141934e+01 -1.132322e+00 
 1.141967e+01 -1.132329e+00 
 1.141999e+01 -1.132336e+00 
 1.142031e+01 -1.132344e+00 
 1.142064e+01 -1.132352e+00 
 1.142096e+01 -1.132362e+00 
 1.142128e+01 -1.132370e+00 
 1.142160e+01 -1.132375e+00 
 1.142193e+01 -1.132380e+00 
 1.142225e+01 -1.132387e+00 
 1.142257e+01 -1.132393e+00 
 1.142290e+01 -1.132399e+00 
 1.142322e+01 -1.132404e+00 
 1.142354e+01 -1.132409e+00 
 1.142387e+01 -1.132413e+00 
 1.142419e+01 -1.132417e+00 
 1.142451e+01 -1.132421e+00 
 1.142483e+01 -1.132424e+00 
 1.142516e+01 -1.132426e+00 
 1.142548e+01 -1.132427e+00 
 1.142580e+01 -1.132428e+00 
 1.142613e+01 -1.132431e+00 
 1.142645e+01 -1.132432e+00 
 1.142677e+01 -1.132429e+00 
 1.142710e+01 -1.132426e+00 
 1.142742e+01 -1.132425e+00 
 1.142774e+01 -1.132423e+00 
 1.142806e+01 -1.132420e+00 
 1.142839e+01 -1.132417e+00 
 1.142871e+01 -1.132413e+00 
 1.142903e+01 -1.132409e+00 
 1.142936e+01 -1.132405e+00 
 1.142968e+01 -1.132400e+00 
 1.143000e+01 -1.132393e+00 
 1.143032e+01 -1.132386e+00 
 1.143065e+01 -1.132378e+00 
 1.143097e+01 -1.132371e+00 
 1.143129e+01 -1.132366e+00 
 1.143162e+01 -1.132361e+00 
 1.143194e+01 -1.132354e+00 
 1.143226e+01 -1.132347e+00 
 1.143259e+01 -1.132341e+00 
 1.143291e+01 -1.132336e+00 
 1.143323e+01 -1.132330e+00 
 1.143355e+01 -1.132324e+00 
 1.143388e+01 -1.132318e+00 
 1.143420e+01 -1.132311e+00 
 1.143452e+01 -1.132305e+00 
 1.143485e+01 -1.132298e+00 
 1.143517e+01 -1.132291e+00 
 1.143549e+01 -1.132283e+00 
 1.143582e+01 -1.132277e+00 
 1.143614e+01 -1.132272e+00 
 1.143646e+01 -1.132270e+00 
 1.143678e+01 -1.132268e+00 
 1.143711e+01 -1.132265e+00 
 1.143743e+01 -1.132262e+00 
 1.143775e+01 -1.132261e+00 
 1.143808e+01 -1.132260e+00 
 1.143840e+01 -1.132259e+00 
 1.143872e+01 -1.132258e+00 
 1.143905e+01 -1.132257e+00 
 1.143937e+01 -1.132255e+00 
 1.143969e+01 -1.132254e+00 
 1.144001e+01 -1.132255e+00 
 1.144034e+01 -1.132255e+00 
 1.144066e+01 -1.132256e+00 
 1.144098e+01 -1.132258e+00 
 1.144131e+01 -1.132261e+00 
 1.144163e+01 -1.132266e+00 
 1.144195e+01 -1.132271e+00 
 1.144228e+01 -1.132275e+00 
 1.144260e+01 -1.132278e+00 
 1.144292e+01 -1.132282e+00 
 1.144324e+01 -1.132287e+00 
 1.144357e+01 -1.132291e+00 
 1.144389e+01 -1.132295e+00 
 1.144421e+01 -1.132299e+00 
 1.144454e+01 -1.132304e+00 
 1.144486e+01 -1.132311e+00 
 1.144518e+01 -1.132319e+00 
 1.144551e+01 -1.132327e+00 
 1.144583e+01 -1.132334e+00 
 1.144615e+01 -1.132342e+00 
 1.144647e+01 -1.132351e+00 
 1.144680e+01 -1.132360e+00 
 1.144712e+01 -1.132369e+00 
 1.144744e+01 -1.132376e+00 
 1.144777e+01 -1.132382e+00 
 1.144809e+01 -1.132390e+00 
 1.144841e+01 -1.132397e+00 
 1.144874e+01 -1.132404e+00 
 1.144906e+01 -1.132411e+00 
 1.144938e+01 -1.132418e+00 
 1.144970e+01 -1.132426e+00 
 1.145003e+01 -1.132436e+00 
 1.145035e+01 -1.132445e+00 
 1.145067e+01 -1.132453e+00 
 1.145100e+01 -1.132459e+00 
 1.145132e+01 -1.132464e+00 
 1.145164e+01 -1.132469e+00 
 1.145197e+01 -1.132474e+00 
 1.145229e+01 -1.132478e+00 
 1.145261e+01 -1.132480e+00 
 1.145293e+01 -1.132481e+00 
 1.145326e+01 -1.132482e+00 
 1.145358e+01 -1.132484e+00 
 1.145390e+01 -1.132486e+00 
 1.145423e+01 -1.132488e+00 
 1.145455e+01 -1.132489e+00 
 1.145487e+01 -1.132490e+00 
 1.145520e+01 -1.132491e+00 
 1.145552e+01 -1.132491e+00 
 1.145584e+01 -1.132489e+00 
 1.145616e+01 -1.132484e+00 
 1.145649e+01 -1.132480e+00 
 1.145681e+01 -1.132476e+00 
 1.145713e+01 -1.132473e+00 
 1.145746e+01 -1.132469e+00 
 1.145778e+01 -1.132464e+00 
 1.145810e+01 -1.132459e+00 
 1.145843e+01 -1.132455e+00 
 1.145875e+01 -1.132451e+00 
 1.145907e+01 -1.132448e+00 
 1.145939e+01 -1.132443e+00 
 1.145972e+01 -1.132438e+00 
 1.146004e+01 -1.132433e+00 
 1.146036e+01 -1.132427e+00 
 1.146069e+01 -1.132422e+00 
 1.146101e+01 -1.132415e+00 
 1.146133e+01 -1.132407e+00 
 1.146166e+01 -1.132400e+00 
 1.146198e+01 -1.132395e+00 
 1.146230e+01 -1.132391e+00 
 1.146262e+01 -1.132388e+00 
 1.146295e+01 -1.132384e+00 
 1.146327e+01 -1.132381e+00 
 1.146359e+01 -1.132378e+00 
 1.146392e+01 -1.132377e+00 
 1.146424e+01 -1.132374e+00 
 1.146456e+01 -1.132372e+00 
 1.146488e+01 -1.132369e+00 
 1.146521e+01 -1.132366e+00 
 1.146553e+01 -1.132364e+00 
 1.146585e+01 -1.132363e+00 
 1.146618e+01 -1.132360e+00 
 1.146650e+01 -1.132357e+00 
 1.146682e+01 -1.132355e+00 
 1.146715e+01 -1.132356e+00 
 1.146747e+01 -1.132357e+00 
 1.146779e+01 -1.132358e+00 
 1.146811e+01 -1.132360e+00 
 1.146844e+01 -1.132360e+00 
 1.146876e+01 -1.132362e+00 
 1.146908e+01 -1.132364e+00 
 1.146941e+01 -1.132365e+00 
 1.146973e+01 -1.132367e+00 
 1.147005e+01 -1.132368e+00 
 1.147038e+01 -1.132371e+00 
 1.147070e+01 -1.132374e+00 
 1.147102e+01 -1.132377e+00 
 1.147134e+01 -1.132379e+00 
 1.147167e+01 -1.132380e+00 
 1.147199e+01 -1.132382e+00 
 1.147231e+01 -1.132386e+00 
 1.147264e+01 -1.132391e+00 
 1.147296e+01 -1.132395e+00 
 1.147328e+01 -1.132399e+00 
 1.147361e+01 -1.132402e+00 
 1.147393e+01 -1.132406e+00 
 1.147425e+01 -1.132411e+00 
 1.147457e+01 -1.132415e+00 
 1.147490e+01 -1.132418e+00 
 1.147522e+01 -1.132422e+00 
 1.147554e+01 -1.132426e+00 
 1.147587e+01 -1.132430e+00 
 1.147619e+01 -1.132433e+00 
 1.147651e+01 -1.132434e+00 
 1.147684e+01 -1.132434e+00 
 1.147716e+01 -1.132435e+00 
 1.147748e+01 -1.132437e+00 
 1.147780e+01 -1.132440e+00 
 1.147813e+01 -1.132441e+00 
 1.147845e+01 -1.132441e+00 
 1.147877e+01 -1.132441e+00 
 1.147910e+01 -1.132441e+00 
 1.147942e+01 -1.132442e+00 
 1.147974e+01 -1.132441e+00 
 1.148007e+01 -1.132439e+00 
 1.148039e+01 -1.132438e+00 
 1.148071e+01 -1.132436e+00 
 1.148103e+01 -1.132433e+00 
 1.148136e+01 -1.132429e+00 
 1.148168e+01 -1.132423e+00 
 1.148200e+01 -1.132418e+00 
 1.148233e+01 -1.132414e+00 
 1.148265e+01 -1.132411e+00 
 1.148297e+01 -1.132408e+00 
 1.148330e+01 -1.132404e+00 
 1.148362e+01 -1.132400e+00 
 1.148394e+01 -1.132395e+00 
 1.148426e+01 -1.132390e+00 
 1.148459e+01 -1.132385e+00 
 1.148491e+01 -1.132380e+00 
 1.148523e+01 -1.132373e+00 
 1.148556e+01 -1.132367e+00 
 1.148588e+01 -1.132360e+00 
 1.148620e+01 -1.132354e+00 
 1.148653e+01 -1.132347e+00 
 1.148685e+01 -1.132340e+00 
 1.148717e+01 -1.132334e+00 
 1.148749e+01 -1.132329e+00 
 1.148782e+01 -1.132325e+00 
 1.148814e+01 -1.132322e+00 
 1.148846e+01 -1.132318e+00 
 1.148879e+01 -1.132314e+00 
 1.148911e+01 -1.132309e+00 
 1.148943e+01 -1.132305e+00 
 1.148976e+01 -1.132301e+00 
 1.149008e+01 -1.132297e+00 
 1.149040e+01 -1.132292e+00 
 1.149072e+01 -1.132288e+00 
 1.149105e+01 -1.132284e+00 
 1.149137e+01 -1.132281e+00 
 1.149169e+01 -1.132277e+00 
 1.149202e+01 -1.132274e+00 
 1.149234e+01 -1.132272e+00 
 1.149266e+01 -1.132271e+00 
 1.149299e+01 -1.132271e+00 
 1.149331e+01 -1.132271e+00 
 1.149363e+01 -1.132271e+00 
 1.149395e+01 -1.132270e+00 
 1.149428e+01 -1.132270e+00 
 1.149460e+01 -1.132269e+00 
 1.149492e+01 -1.132269e+00 
 1.149525e+01 -1.132269e+00 
 1.149557e+01 -1.132269e+00 
 1.149589e+01 -1.132270e+00 
 1.149622e+01 -1.132272e+00 
 1.149654e+01 -1.132274e+00 
 1.149686e+01 -1.132275e+00 
 1.149718e+01 -1.132277e+00 
 1.149751e+01 -1.132278e+00 
 1.149783e+01 -1.132282e+00 
 1.149815e+01 -1.132286e+00 
 1.149848e+01 -1.132290e+00 
 1.149880e+01 -1.132293e+00 
 1.149912e+01 -1.132296e+00 
 1.149944e+01 -1.132299e+00 
 1.149977e+01 -1.132301e+00 
 1.150009e+01 -1.132305e+00 
 1.150041e+01 -1.132308e+00 
 1.150074e+01 -1.132311e+00 
 1.150106e+01 -1.132317e+00 
 1.150138e+01 -1.132322e+00 
 1.150171e+01 -1.132326e+00 
 1.150203e+01 -1.132330e+00 
 1.150235e+01 -1.132334e+00 
 1.150267e+01 -1.132338e+00 
 1.150300e+01 -1.132342e+00 
 1.150332e+01 -1.132347e+00 
 1.150364e+01 -1.132350e+00 
 1.150397e+01 -1.132352e+00 
 1.150429e+01 -1.132353e+00 
 1.150461e+01 -1.132355e+00 
 1.150494e+01 -1.132356e+00 
 1.150526e+01 -1.132357e+00 
 1.150558e+01 -1.132357e+00 
 1.150590e+01 -1.132359e+00 
 1.150623e+01 -1.132362e+00 
 1.150655e+01 -1.132365e+00 
 1.150687e+01 -1.132365e+00 
 1.150720e+01 -1.132365e+00 
 1.150752e+01 -1.132364e+00 
 1.150784e+01 -1.132361e+00 
 1.150817e+01 -1.132359e+00 
 1.150849e+01 -1.132356e+00 
 1.150881e+01 -1.132352e+00 
 1.150913e+01 -1.132346e+00 
 1.150946e+01 -1.132340e+00 
 1.150978e+01 -1.132334e+00 
 1.151010e+01 -1.132328e+00 
 1.151043e+01 -1.132323e+00 
 1.151075e+01 -1.132317e+00 
 1.151107e+01 -1.132313e+00 
 1.151140e+01 -1.132311e+00 
 1.151172e+01 -1.132308e+00 
 1.151204e+01 -1.132304e+00 
 1.151236e+01 -1.132298e+00 
 1.151269e+01 -1.132292e+00 
 1.151301e+01 -1.132286e+00 
 1.151333e+01 -1.132281e+00 
 1.151366e+01 -1.132275e+00 
 1.151398e+01 -1.132269e+00 
 1.151430e+01 -1.132262e+00 
 1.151463e+01 -1.132256e+00 
 1.151495e+01 -1.132251e+00 
 1.151527e+01 -1.132246e+00 
 1.151559e+01 -1.132241e+00 
 1.151592e+01 -1.132237e+00 
 1.151624e+01 -1.132234e+00 
 1.151656e+01 -1.132233e+00 
 1.151689e+01 -1.132231e+00 
 1.151721e+01 -1.132228e+00 
 1.151753e+01 -1.132224e+00 
 1.151786e+01 -1.132221e+00 
 1.151818e+01 -1.132218e+00 
 1.151850e+01 -1.132216e+00 
 1.151882e+01 -1.132214e+00 
 1.151915e+01 -1.132213e+00 
 1.151947e+01 -1.132211e+00 
 1.151979e+01 -1.132210e+00 
 1.152012e+01 -1.132210e+00 
 1.152044e+01 -1.132209e+00 
 1.152076e+01 -1.132209e+00 
 1.152109e+01 -1.132208e+00 
 1.152141e+01 -1.132209e+00 
 1.152173e+01 -1.132211e+00 
 1.152205e+01 -1.132212e+00 
 1.152238e+01 -1.132213e+00 
 1.152270e+01 -1.132212e+00 
 1.152302e+01 -1.132213e+00 
 1.152335e+01 -1.132213e+00 
 1.152367e+01 -1.132214e+00 
 1.152399e+01 -1.132216e+00 
 1.152432e+01 -1.132217e+00 
 1.152464e+01 -1.132218e+00 
 1.152496e+01 -1.132220e+00 
 1.152528e+01 -1.132222e+00 
 1.152561e+01 -1.132224e+00 
 1.152593e+01 -1.132226e+00 
 1.152625e+01 -1.132228e+00 
 1.152658e+01 -1.132231e+00 
 1.152690e+01 -1.132235e+00 
 1.152722e+01 -1.132238e+00 
 1.152755e+01 -1.132240e+00 
 1.152787e+01 -1.132241e+00 
 1.152819e+01 -1.132243e+00 
 1.152851e+01 -1.132244e+00 
 1.152884e+01 -1.132246e+00 
 1.152916e+01 -1.132248e+00 
 1.152948e+01 -1.132250e+00 
 1.152981e+01 -1.132252e+00 
 1.153013e+01 -1.132254e+00 
 1.153045e+01 -1.132257e+00 
 1.153078e+01 -1.132260e+00 
 1.153110e+01 -1.132262e+00 
 1.153142e+01 -1.132264e+00 
 1.153174e+01 -1.132266e+00 
 1.153207e+01 -1.132268e+00 
 1.153239e+01 -1.132269e+00 
 1.153271e+01 -1.132269e+00 
 1.153304e+01 -1.132267e+00 
 1.153336e+01 -1.132266e+00 
 1.153368e+01 -1.132264e+00 
 1.153400e+01 -1.132264e+00 
 1.153433e+01 -1.132264e+00 
 1.153465e+01 -1.132264e+00 
 1.153497e+01 -1.132264e+00 
 1.153530e+01 -1.132265e+00 
 1.153562e+01 -1.132266e+00 
 1.153594e+01 -1.132268e+00 
 1.153627e+01 -1.132269e+00 
 1.153659e+01 -1.132269e+00 
 1.153691e+01 -1.132269e+00 
 1.153723e+01 -1.132269e+00 
 1.153756e+01 -1.132268e+00 
 1.153788e+01 -1.132267e+00 
 1.153820e+01 -1.132264e+00 
 1.153853e+01 -1.132263e+00 
 1.153885e+01 -1.132262e+00 
 1.153917e+01 -1.132263e+00 
 1.153950e+01 -1.132265e+00 
 1.153982e+01 -1.132266e+00 
 1.154014e+01 -1.132267e+00 
 1.154046e+01 -1.132269e+00 
 1.154079e+01 -1.132270e+00 
 1.154111e+01 -1.132273e+00 
 1.154143e+01 -1.132275e+00 
 1.154176e+01 -1.132275e+00 
 1.154208e+01 -1.132276e+00 
 1.154240e+01 -1.132277e+00 
 1.154273e+01 -1.132279e+00 
 1.154305e+01 -1.132279e+00 
 1.154337e+01 -1.132281e+00 
 1.154369e+01 -1.132283e+00 
 1.154402e+01 -1.132287e+00 
 1.154434e+01 -1.132292e+00 
 1.154466e+01 -1.132298e+00 
 1.154499e+01 -1.132302e+00 
 1.154531e+01 -1.132306e+00 
 1.154563e+01 -1.132310e+00 
 1.154596e+01 -1.132315e+00 
 1.154628e+01 -1.132320e+00 
 1.154660e+01 -1.132325e+00 
 1.154692e+01 -1.132328e+00 
 1.154725e+01 -1.132332e+00 
 1.154757e+01 -1.132337e+00 
 1.154789e+01 -1.132342e+00 
 1.154822e+01 -1.132347e+00 
 1.154854e+01 -1.132353e+00 
 1.154886e+01 -1.132358e+00 
 1.154919e+01 -1.132365e+00 
 1.154951e+01 -1.132371e+00 
 1.154983e+01 -1.132377e+00 
 1.155015e+01 -1.132382e+00 
 1.155048e+01 -1.132387e+00 
 1.155080e+01 -1.132391e+00 
 1.155112e+01 -1.132395e+00 
 1.155145e+01 -1.132401e+00 
 1.155177e+01 -1.132406e+00 
 1.155209e+01 -1.132410e+00 
 1.155242e+01 -1.132414e+00 
 1.155274e+01 -1.132419e+00 
 1.155306e+01 -1.132424e+00 
 1.155338e+01 -1.132428e+00 
 1.155371e+01 -1.132432e+00 
 1.155403e+01 -1.132436e+00 
 1.155435e+01 -1.132440e+00 
 1.155468e+01 -1.132444e+00 
 1.155500e+01 -1.132448e+00 
 1.155532e+01 -1.132451e+00 
 1.155565e+01 -1.132454e+00 
 1.155597e+01 -1.132455e+00 
 1.155629e+01 -1.132457e+00 
 1.155661e+01 -1.132460e+00 
 1.155694e+01 -1.132462e+00 
 1.155726e+01 -1.132463e+00 
 1.155758e+01 -1.132464e+00 
 1.155791e+01 -1.132465e+00 
 1.155823e+01 -1.132465e+00 
 1.155855e+01 -1.132465e+00 
 1.155888e+01 -1.132465e+00 
 1.155920e+01 -1.132465e+00 
 1.155952e+01 -1.132465e+00 
 1.155984e+01 -1.132465e+00 
 1.156017e+01 -1.132465e+00 
 1.156049e+01 -1.132465e+00 
 1.156081e+01 -1.132464e+00 
 1.156114e+01 -1.132461e+00 
 1.156146e+01 -1.132458e+00 
 1.156178e+01 -1.132457e+00 
 1.156211e+01 -1.132455e+00 
 1.156243e+01 -1.132452e+00 
 1.156275e+01 -1.132449e+00 
 1.156307e+01 -1.132448e+00 
 1.156340e+01 -1.132446e+00 
 1.156372e+01 -1.132444e+00 
 1.156404e+01 -1.132443e+00 
 1.156437e+01 -1.132441e+00 
 1.156469e+01 -1.132441e+00 
 1.156501e+01 -1.132440e+00 
 1.156534e+01 -1.132439e+00 
 1.156566e+01 -1.132438e+00 
 1.156598e+01 -1.132434e+00 
 1.156630e+01 -1.132430e+00 
 1.156663e+01 -1.132426e+00 
 1.156695e+01 -1.132424e+00 
 1.156727e+01 -1.132422e+00 
 1.156760e+01 -1.132420e+00 
 1.156792e+01 -1.132419e+00 
 1.156824e+01 -1.132419e+00 
 1.156856e+01 -1.132420e+00 
 1.156889e+01 -1.132420e+00 
 1.156921e+01 -1.132421e+00 
 1.156953e+01 -1.132422e+00 
 1.156986e+01 -1.132423e+00 
 1.157018e+01 -1.132424e+00 
 1.157050e+01 -1.132424e+00 
 1.157083e+01 -1.132424e+00 
 1.157115e+01 -1.132423e+00 
 1.157147e+01 -1.132422e+00 
 1.157179e+01 -1.132422e+00 
 1.157212e+01 -1.132423e+00 
 1.157244e+01 -1.132425e+00 
 1.157276e+01 -1.132427e+00 
 1.157309e+01 -1.132430e+00 
 1.157341e+01 -1.132433e+00 
 1.157373e+01 -1.132436e+00 
 1.157406e+01 -1.132439e+00 
 1.157438e+01 -1.132442e+00 
 1.157470e+01 -1.132444e+00 
 1.157502e+01 -1.132445e+00 
 1.157535e+01 -1.132447e+00 
 1.157567e+01 -1.132449e+00 
 1.157599e+01 -1.132451e+00 
 1.157632e+01 -1.132452e+00 
 1.157664e+01 -1.132453e+00 
 1.157696e+01 -1.132455e+00 
 1.157729e+01 -1.132458e+00 
 1.157761e+01 -1.132461e+00 
 1.157793e+01 -1.132464e+00 
 1.157825e+01 -1.132466e+00 
 1.157858e+01 -1.132468e+00 
 1.157890e+01 -1.132471e+00 
 1.157922e+01 -1.132472e+00 
 1.157955e+01 -1.132473e+00 
 1.157987e+01 -1.132474e+00 
 1.158019e+01 -1.132475e+00 
 1.158052e+01 -1.132477e+00 
 1.158084e+01 -1.132479e+00 
 1.158116e+01 -1.132483e+00 
 1.158148e+01 -1.132485e+00 
 1.158181e+01 -1.132486e+00 
 1.158213e+01 -1.132487e+00 
 1.158245e+01 -1.132489e+00 
 1.158278e+01 -1.132491e+00 
 1.158310e+01 -1.132492e+00 
 1.158342e+01 -1.132493e+00 
 1.158375e+01 -1.132494e+00 
 1.158407e+01 -1.132495e+00 
 1.158439e+01 -1.132495e+00 
 1.158471e+01 -1.132495e+00 
 1.158504e+01 -1.132495e+00 
 1.158536e+01 -1.132494e+00 
 1.158568e+01 -1.132494e+00 
 1.158601e+01 -1.132496e+00 
 1.158633e+01 -1.132497e+00 
 1.158665e+01 -1.132497e+00 
 1.158698e+01 -1.132496e+00 
 1.158730e+01 -1.132496e+00 
 1.158762e+01 -1.132496e+00 
 1.158794e+01 -1.132495e+00 
 1.158827e+01 -1.132495e+00 
 1.158859e+01 -1.132494e+00 
 1.158891e+01 -1.132493e+00 
 1.158924e+01 -1.132493e+00 
 1.158956e+01 -1.132492e+00 
 1.158988e+01 -1.132490e+00 
 1.159021e+01 -1.132488e+00 
 1.159053e+01 -1.132486e+00 
 1.159085e+01 -1.132484e+00 
 1.159117e+01 -1.132483e+00 
 1.159150e+01 -1.132483e+00 
 1.159182e+01 -1.132482e+00 
 1.159214e+01 -1.132480e+00 
 1.159247e+01 -1.132479e+00 
 1.159279e+01 -1.132478e+00 
 1.159311e+01 -1.132478e+00 
 1.159344e+01 -1.132477e+00 
 1.159376e+01 -1.132476e+00 
 1.159408e+01 -1.132475e+00 
 1.159440e+01 -1.132473e+00 
 1.159473e+01 -1.132471e+00 
 1.159505e+01 -1.132470e+00 
 1.159537e+01 -1.132467e+00 
 1.159570e+01 -1.132465e+00 
 1.159602e+01 -1.132464e+00 
 1.159634e+01 -1.132464e+00 
 1.159667e+01 -1.132465e+00 
 1.159699e+01 -1.132465e+00 
 1.159731e+01 -1.132465e+00 
 1.159763e+01 -1.132465e+00 
 1.159796e+01 -1.132465e+00 
 1.159828e+01 -1.132465e+00 
 1.159860e+01 -1.132464e+00 
 1.159893e+01 -1.132463e+00 
 1.159925e+01 -1.132461e+00 
 1.159957e+01 -1.132459e+00 
 1.159990e+01 -1.132458e+00 
 1.160022e+01 -1.132457e+00 
 1.160054e+01 -1.132456e+00 
 1.160086e+01 -1.132455e+00 
 1.160119e+01 -1.132455e+00 
 1.160151e+01 -1.132456e+00 
 1.160183e+01 -1.132458e+00 
 1.160216e+01 -1.132458e+00 
 1.160248e+01 -1.132457e+00 
 1.160280e+01 -1.132456e+00 
 1.160313e+01 -1.132455e+00 
 1.160345e+01 -1.132454e+00 
 1.160377e+01 -1.132452e+00 
 1.160409e+01 -1.132449e+00 
 1.160442e+01 -1.132447e+00 
 1.160474e+01 -1.132446e+00 
 1.160506e+01 -1.132445e+00 
 1.160539e+01 -1.132444e+00 
 1.160571e+01 -1.132444e+00 
 1.160603e+01 -1.132443e+00 
 1.160635e+01 -1.132443e+00 
 1.160668e+01 -1.132443e+00 
 1.160700e+01 -1.132443e+00 
 1.160732e+01 -1.132442e+00 
 1.160765e+01 -1.132439e+00 
 1.160797e+01 -1.132436e+00 
 1.160829e+01 -1.132434e+00 
 1.160862e+01 -1.132431e+00 
 1.160894e+01 -1.132429e+00 
 1.160926e+01 -1.132426e+00 
 1.160958e+01 -1.132424e+00 
 1.160991e+01 -1.132423e+00 
 1.161023e+01 -1.132421e+00 
 1.161055e+01 -1.132419e+00 
 1.161088e+01 -1.132417e+00 
 1.161120e+01 -1.132413e+00 
 1.161152e+01 -1.132410e+00 
 1.161185e+01 -1.132407e+00 
 1.161217e+01 -1.132404e+00 
 1.161249e+01 -1.132399e+00 
 1.161281e+01 -1.132394e+00 
 1.161314e+01 -1.132389e+00 
 1.161346e+01 -1.132384e+00 
 1.161378e+01 -1.132380e+00 
 1.161411e+01 -1.132376e+00 
 1.161443e+01 -1.132372e+00 
 1.161475e+01 -1.132367e+00 
 1.161508e+01 -1.132363e+00 
 1.161540e+01 -1.132359e+00 
 1.161572e+01 -1.132354e+00 
 1.161604e+01 -1.132348e+00 
 1.161637e+01 -1.132342e+00 
 1.161669e+01 -1.132337e+00 
 1.161701e+01 -1.132332e+00 
 1.161734e+01 -1.132327e+00 
 1.161766e+01 -1.132321e+00 
 1.161798e+01 -1.132315e+00 
 1.161831e+01 -1.132310e+00 
 1.161863e+01 -1.132304e+00 
 1.161895e+01 -1.132300e+00 
 1.161927e+01 -1.132294e+00 
 1.161960e+01 -1.132289e+00 
 1.161992e+01 -1.132284e+00 
 1.162024e+01 -1.132279e+00 
 1.162057e+01 -1.132275e+00 
 1.162089e+01 -1.132271e+00 
 1.162121e+01 -1.132266e+00 
 1.162154e+01 -1.132262e+00 
 1.162186e+01 -1.132259e+00 
 1.162218e+01 -1.132257e+00 
 1.162250e+01 -1.132255e+00 
 1.162283e+01 -1.132252e+00 
 1.162315e+01 -1.132249e+00 
 1.162347e+01 -1.132247e+00 
 1.162380e+01 -1.132245e+00 
 1.162412e+01 -1.132243e+00 
 1.162444e+01 -1.132242e+00 
 1.162477e+01 -1.132240e+00 
 1.162509e+01 -1.132239e+00 
 1.162541e+01 -1.132239e+00 
 1.162573e+01 -1.132240e+00 
 1.162606e+01 -1.132241e+00 
 1.162638e+01 -1.132242e+00 
 1.162670e+01 -1.132243e+00 
 1.162703e+01 -1.132244e+00 
 1.162735e+01 -1.132246e+00 
 1.162767e+01 -1.132247e+00 
 1.162800e+01 -1.132248e+00 
 1.162832e+01 -1.132248e+00 
 1.162864e+01 -1.132249e+00 
 1.162896e+01 -1.132251e+00 
 1.162929e+01 -1.132253e+00 
 1.162961e+01 -1.132256e+00 
 1.162993e+01 -1.132259e+00 
 1.163026e+01 -1.132262e+00 
 1.163058e+01 -1.132266e+00 
 1.163090e+01 -1.132271e+00 
 1.163123e+01 -1.132274e+00 
 1.163155e+01 -1.132277e+00 
 1.163187e+01 -1.132279e+00 
 1.163219e+01 -1.132282e+00 
 1.163252e+01 -1.132285e+00 
 1.163284e+01 -1.132288e+00 
 1.163316e+01 -1.132291e+00 
 1.163349e+01 -1.132293e+00 
 1.163381e+01 -1.132297e+00 
 1.163413e+01 -1.132301e+00 
 1.163446e+01 -1.132306e+00 
 1.163478e+01 -1.132311e+00 
 1.163510e+01 -1.132316e+00 
 1.163542e+01 -1.132320e+00 
 1.163575e+01 -1.132325e+00 
 1.163607e+01 -1.132327e+00 
 1.163639e+01 -1.132330e+00 
 1.163672e+01 -1.132331e+00 
 1.163704e+01 -1.132333e+00 
 1.163736e+01 -1.132335e+00 
 1.163769e+01 -1.132338e+00 
 1.163801e+01 -1.132340e+00 
 1.163833e+01 -1.132343e+00 
 1.163865e+01 -1.132345e+00 
 1.163898e+01 -1.132348e+00 
 1.163930e+01 -1.132351e+00 
 1.163962e+01 -1.132353e+00 
 1.163995e+01 -1.132355e+00 
 1.164027e+01 -1.132356e+00 
 1.164059e+01 -1.132356e+00 
 1.164091e+01 -1.132357e+00 
 1.164124e+01 -1.132356e+00 
 1.164156e+01 -1.132355e+00 
 1.164188e+01 -1.132354e+00 
 1.164221e+01 -1.132354e+00 
 1.164253e+01 -1.132354e+00 
 1.164285e+01 -1.132355e+00 
 1.164318e+01 -1.132356e+00 
 1.164350e+01 -1.132357e+00 
 1.164382e+01 -1.132357e+00 
 1.164414e+01 -1.132357e+00 
 1.164447e+01 -1.132358e+00 
 1.164479e+01 -1.132358e+00 
 1.164511e+01 -1.132357e+00 
 1.164544e+01 -1.132357e+00 
 1.164576e+01 -1.132357e+00 
 1.164608e+01 -1.132357e+00 
 1.164641e+01 -1.132357e+00 
 1.164673e+01 -1.132357e+00 
 1.164705e+01 -1.132358e+00 
 1.164737e+01 -1.132359e+00 
 1.164770e+01 -1.132360e+00 
 1.164802e+01 -1.132362e+00 
 1.164834e+01 -1.132364e+00 
 1.164867e+01 -1.132365e+00 
 1.164899e+01 -1.132366e+00 
 1.164931e+01 -1.132367e+00 
 1.164964e+01 -1.132369e+00 
 1.164996e+01 -1.132371e+00 
 1.165028e+01 -1.132373e+00 
 1.165060e+01 -1.132376e+00 
 1.165093e+01 -1.132379e+00 
 1.165125e+01 -1.132382e+00 
 1.165157e+01 -1.132385e+00 
 1.165190e+01 -1.132387e+00 
 1.165222e+01 -1.132389e+00 
 1.165254e+01 -1.132391e+00 
 1.165287e+01 -1.132394e+00 
 1.165319e+01 -1.132397e+00 
 1.165351e+01 -1.132400e+00 
 1.165383e+01 -1.132402e+00 
 1.165416e+01 -1.132405e+00 
 1.165448e+01 -1.132408e+00 
 1.165480e+01 -1.132412e+00 
 1.165513e+01 -1.132415e+00 
 1.165545e+01 -1.132418e+00 
 1.165577e+01 -1.132421e+00 
 1.165610e+01 -1.132423e+00 
 1.165642e+01 -1.132425e+00 
 1.165674e+01 -1.132426e+00 
 1.165706e+01 -1.132426e+00 
 1.165739e+01 -1.132427e+00 
 1.165771e+01 -1.132428e+00 
 1.165803e+01 -1.132430e+00 
 1.165836e+01 -1.132432e+00 
 1.165868e+01 -1.132434e+00 
 1.165900e+01 -1.132436e+00 
 1.165933e+01 -1.132438e+00 
 1.165965e+01 -1.132439e+00 
 1.165997e+01 -1.132440e+00 
 1.166029e+01 -1.132441e+00 
 1.166062e+01 -1.132440e+00 
 1.166094e+01 -1.132438e+00 
 1.166126e+01 -1.132436e+00 
 1.166159e+01 -1.132434e+00 
 1.166191e+01 -1.132431e+00 
 1.166223e+01 -1.132430e+00 
 1.166256e+01 -1.132428e+00 
 1.166288e+01 -1.132428e+00 
 1.166320e+01 -1.132427e+00 
 1.166352e+01 -1.132427e+00 
 1.166385e+01 -1.132426e+00 
 1.166417e+01 -1.132424e+00 
 1.166449e+01 -1.132421e+00 
 1.166482e+01 -1.132418e+00 
 1.166514e+01 -1.132413e+00 
 1.166546e+01 -1.132409e+00 
 1.166579e+01 -1.132403e+00 
 1.166611e+01 -1.132397e+00 
 1.166643e+01 -1.132391e+00 
 1.166675e+01 -1.132387e+00 
 1.166708e+01 -1.132383e+00 
 1.166740e+01 -1.132380e+00 
 1.166772e+01 -1.132376e+00 
 1.166805e+01 -1.132374e+00 
 1.166837e+01 -1.132371e+00 
 1.166869e+01 -1.132367e+00 
 1.166902e+01 -1.132363e+00 
 1.166934e+01 -1.132357e+00 
 1.166966e+01 -1.132351e+00 
 1.166998e+01 -1.132345e+00 
 1.167031e+01 -1.132340e+00 
 1.167063e+01 -1.132336e+00 
 1.167095e+01 -1.132331e+00 
 1.167128e+01 -1.132326e+00 
 1.167160e+01 -1.132322e+00 
 1.167192e+01 -1.132320e+00 
 1.167225e+01 -1.132318e+00 
 1.167257e+01 -1.132315e+00 
 1.167289e+01 -1.132313e+00 
 1.167321e+01 -1.132311e+00 
 1.167354e+01 -1.132309e+00 
 1.167386e+01 -1.132307e+00 
 1.167418e+01 -1.132304e+00 
 1.167451e+01 -1.132302e+00 
 1.167483e+01 -1.132300e+00 
 1.167515e+01 -1.132300e+00 
 1.167547e+01 -1.132300e+00 
 1.167580e+01 -1.132302e+00 
 1.167612e+01 -1.132304e+00 
 1.167644e+01 -1.132305e+00 
 1.167677e+01 -1.132307e+00 
 1.167709e+01 -1.132310e+00 
 1.167741e+01 -1.132312e+00 
 1.167774e+01 -1.132315e+00 
 1.167806e+01 -1.132318e+00 
 1.167838e+01 -1.132321e+00 
 1.167870e+01 -1.132325e+00 
 1.167903e+01 -1.132329e+00 
 1.167935e+01 -1.132333e+00 
 1.167967e+01 -1.132338e+00 
 1.168000e+01 -1.132343e+00 
 1.168032e+01 -1.132349e+00 
 1.168064e+01 -1.132356e+00 
 1.168097e+01 -1.132363e+00 
 1.168129e+01 -1.132370e+00 
 1.168161e+01 -1.132376e+00 
 1.168193e+01 -1.132381e+00 
 1.168226e+01 -1.132387e+00 
 1.168258e+01 -1.132393e+00 
 1.168290e+01 -1.132399e+00 
 1.168323e+01 -1.132406e+00 
 1.168355e+01 -1.132412e+00 
 1.168387e+01 -1.132419e+00 
 1.168420e+01 -1.132426e+00 
 1.168452e+01 -1.132433e+00 
 1.168484e+01 -1.132439e+00 
 1.168516e+01 -1.132445e+00 
 1.168549e+01 -1.132450e+00 
 1.168581e+01 -1.132456e+00 
 1.168613e+01 -1.132462e+00 
 1.168646e+01 -1.132468e+00 
 1.168678e+01 -1.132472e+00 
 1.168710e+01 -1.132476e+00 
 1.168743e+01 -1.132480e+00 
 1.168775e+01 -1.132485e+00 
 1.168807e+01 -1.132489e+00 
 1.168839e+01 -1.132493e+00 
 1.168872e+01 -1.132497e+00 
 1.168904e+01 -1.132500e+00 
 1.168936e+01 -1.132503e+00 
 1.168969e+01 -1.132504e+00 
 1.169001e+01 -1.132505e+00 
 1.169033e+01 -1.132504e+00 
 1.169066e+01 -1.132503e+00 
 1.169098e+01 -1.132502e+00 
 1.169130e+01 -1.132501e+00 
 1.169162e+01 -1.132501e+00 
 1.169195e+01 -1.132500e+00 
 1.169227e+01 -1.132499e+00 
 1.169259e+01 -1.132498e+00 
 1.169292e+01 -1.132497e+00 
 1.169324e+01 -1.132495e+00 
 1.169356e+01 -1.132492e+00 
 1.169389e+01 -1.132489e+00 
 1.169421e+01 -1.132485e+00 
 1.169453e+01 -1.132480e+00 
 1.169485e+01 -1.132474e+00 
 1.169518e+01 -1.132468e+00 
 1.169550e+01 -1.132462e+00 
 1.169582e+01 -1.132456e+00 
 1.169615e+01 -1.132450e+00 
 1.169647e+01 -1.132446e+00 
 1.169679e+01 -1.132442e+00 
 1.169712e+01 -1.132437e+00 
 1.169744e+01 -1.132432e+00 
 1.169776e+01 -1.132427e+00 
 1.169808e+01 -1.132421e+00 
 1.169841e+01 -1.132415e+00 
 1.169873e+01 -1.132409e+00 
 1.169905e+01 -1.132402e+00 
 1.169938e+01 -1.132395e+00 
 1.169970e+01 -1.132388e+00 
 1.170002e+01 -1.132382e+00 
 1.170035e+01 -1.132376e+00 
 1.170067e+01 -1.132370e+00 
 1.170099e+01 -1.132365e+00 
 1.170131e+01 -1.132360e+00 
 1.170164e+01 -1.132356e+00 
 1.170196e+01 -1.132353e+00 
 1.170228e+01 -1.132348e+00 
 1.170261e+01 -1.132344e+00 
 1.170293e+01 -1.132340e+00 
 1.170325e+01 -1.132335e+00 
 1.170358e+01 -1.132331e+00 
 1.170390e+01 -1.132327e+00 
 1.170422e+01 -1.132323e+00 
 1.170454e+01 -1.132319e+00 
 1.170487e+01 -1.132317e+00 
 1.170519e+01 -1.132315e+00 
 1.170551e+01 -1.132314e+00 
 1.170584e+01 -1.132313e+00 
 1.170616e+01 -1.132313e+00 
 1.170648e+01 -1.132312e+00 
 1.170681e+01 -1.132311e+00 
 1.170713e+01 -1.132311e+00 
 1.170745e+01 -1.132310e+00 
 1.170777e+01 -1.132309e+00 
 1.170810e+01 -1.132308e+00 
 1.170842e+01 -1.132307e+00 
 1.170874e+01 -1.132306e+00 
 1.170907e+01 -1.132305e+00 
 1.170939e+01 -1.132305e+00 
 1.170971e+01 -1.132306e+00 
 1.171003e+01 -1.132306e+00 
 1.171036e+01 -1.132308e+00 
 1.171068e+01 -1.132310e+00 
 1.171100e+01 -1.132311e+00 
 1.171133e+01 -1.132312e+00 
 1.171165e+01 -1.132313e+00 
 1.171197e+01 -1.132313e+00 
 1.171230e+01 -1.132313e+00 
 1.171262e+01 -1.132313e+00 
 1.171294e+01 -1.132312e+00 
 1.171326e+01 -1.132312e+00 
 1.171359e+01 -1.132312e+00 
 1.171391e+01 -1.132311e+00 
 1.171423e+01 -1.132311e+00 
 1.171456e+01 -1.132311e+00 
 1.171488e+01 -1.132311e+00 
 1.171520e+01 -1.132311e+00 
 1.171553e+01 -1.132311e+00 
 1.171585e+01 -1.132310e+00 
 1.171617e+01 -1.132310e+00 
 1.171649e+01 -1.132308e+00 
 1.171682e+01 -1.132306e+00 
 1.171714e+01 -1.132304e+00 
 1.171746e+01 -1.132302e+00 
 1.171779e+01 -1.132299e+00 
 1.171811e+01 -1.132295e+00 
 1.171843e+01 -1.132293e+00 
 1.171876e+01 -1.132290e+00 
 1.171908e+01 -1.132287e+00 
 1.171940e+01 -1.132284e+00 
 1.171972e+01 -1.132281e+00 
 1.172005e+01 -1.132277e+00 
 1.172037e+01 -1.132273e+00 
 1.172069e+01 -1.132269e+00 
 1.172102e+01 -1.132265e+00 
 1.172134e+01 -1.132261e+00 
 1.172166e+01 -1.132257e+00 
 1.172199e+01 -1.132252e+00 
 1.172231e+01 -1.132247e+00 
 1.172263e+01 -1.132243e+00 
 1.172295e+01 -1.132239e+00 
 1.172328e+01 -1.132235e+00 
 1.172360e+01 -1.132231e+00 
 1.172392e+01 -1.132227e+00 
 1.172425e+01 -1.132224e+00 
 1.172457e+01 -1.132220e+00 
 1.172489e+01 -1.132217e+00 
 1.172522e+01 -1.132213e+00 
 1.172554e+01 -1.132210e+00 
 1.172586e+01 -1.132207e+00 
 1.172618e+01 -1.132205e+00 
 1.172651e+01 -1.132204e+00 
 1.172683e+01 -1.132202e+00 
 1.172715e+01 -1.132201e+00 
 1.172748e+01 -1.132200e+00 
 1.172780e+01 -1.132200e+00 
 1.172812e+01 -1.132200e+00 
 1.172845e+01 -1.132200e+00 
 1.172877e+01 -1.132201e+00 
 1.172909e+01 -1.132202e+00 
 1.172941e+01 -1.132203e+00 
 1.172974e+01 -1.132205e+00 
 1.173006e+01 -1.132208e+00 
 1.173038e+01 -1.132211e+00 
 1.173071e+01 -1.132214e+00 
 1.173103e+01 -1.132220e+00 
 1.173135e+01 -1.132225e+00 
 1.173168e+01 -1.132231e+00 
 1.173200e+01 -1.132236e+00 
 1.173232e+01 -1.132241e+00 
 1.173264e+01 -1.132247e+00 
 1.173297e+01 -1.132253e+00 
 1.173329e+01 -1.132259e+00 
 1.173361e+01 -1.132265e+00 
 1.173394e+01 -1.132272e+00 
 1.173426e+01 -1.132279e+00 
 1.173458e+01 -1.132286e+00 
 1.173491e+01 -1.132294e+00 
 1.173523e+01 -1.132303e+00 
 1.173555e+01 -1.132311e+00 
 1.173587e+01 -1.132319e+00 
 1.173620e+01 -1.132328e+00 
 1.173652e+01 -1.132337e+00 
 1.173684e+01 -1.132345e+00 
 1.173717e+01 -1.132352e+00 
 1.173749e+01 -1.132359e+00 
 1.173781e+01 -1.132366e+00 
 1.173814e+01 -1.132373e+00 
 1.173846e+01 -1.132379e+00 
 1.173878e+01 -1.132386e+00 
 1.173910e+01 -1.132392e+00 
 1.173943e+01 -1.132399e+00 
 1.173975e+01 -1.132406e+00 
 1.174007e+01 -1.132413e+00 
 1.174040e+01 -1.132419e+00 
 1.174072e+01 -1.132424e+00 
 1.174104e+01 -1.132428e+00 
 1.174137e+01 -1.132431e+00 
 1.174169e+01 -1.132435e+00 
 1.174201e+01 -1.132437e+00 
 1.174233e+01 -1.132439e+00 
 1.174266e+01 -1.132440e+00 
 1.174298e+01 -1.132441e+00 
 1.174330e+01 -1.132442e+00 
 1.174363e+01 -1.132443e+00 
 1.174395e+01 -1.132444e+00 
 1.174427e+01 -1.132444e+00 
 1.174460e+01 -1.132444e+00 
 1.174492e+01 -1.132443e+00 
 1.174524e+01 -1.132442e+00 
 1.174556e+01 -1.132439e+00 
 1.174589e+01 -1.132435e+00 
 1.174621e+01 -1.132428e+00 
 1.174653e+01 -1.132423e+00 
 1.174686e+01 -1.132418e+00 
 1.174718e+01 -1.132412e+00 
 1.174750e+01 -1.132407e+00 
 1.174782e+01 -1.132401e+00 
 1.174815e+01 -1.132395e+00 
 1.174847e+01 -1.132389e+00 
 1.174879e+01 -1.132384e+00 
 1.174912e+01 -1.132378e+00 
 1.174944e+01 -1.132371e+00 
 1.174976e+01 -1.132364e+00 
 1.175009e+01 -1.132356e+00 
 1.175041e+01 -1.132348e+00 
 1.175073e+01 -1.132340e+00 
 1.175105e+01 -1.132329e+00 
 1.175138e+01 -1.132318e+00 
 1.175170e+01 -1.132309e+00 
 1.175202e+01 -1.132301e+00 
 1.175235e+01 -1.132294e+00 
 1.175267e+01 -1.132286e+00 
 1.175299e+01 -1.132279e+00 
 1.175332e+01 -1.132273e+00 
 1.175364e+01 -1.132266e+00 
 1.175396e+01 -1.132260e+00 
 1.175428e+01 -1.132254e+00 
 1.175461e+01 -1.132247e+00 
 1.175493e+01 -1.132241e+00 
 1.175525e+01 -1.132235e+00 
 1.175558e+01 -1.132231e+00 
 1.175590e+01 -1.132226e+00 
 1.175622e+01 -1.132221e+00 
 1.175655e+01 -1.132216e+00 
 1.175687e+01 -1.132212e+00 
 1.175719e+01 -1.132211e+00 
 1.175751e+01 -1.132209e+00 
 1.175784e+01 -1.132207e+00 
 1.175816e+01 -1.132207e+00 
 1.175848e+01 -1.132206e+00 
 1.175881e+01 -1.132206e+00 
 1.175913e+01 -1.132207e+00 
 1.175945e+01 -1.132207e+00 
 1.175978e+01 -1.132208e+00 
 1.176010e+01 -1.132210e+00 
 1.176042e+01 -1.132213e+00 
 1.176074e+01 -1.132216e+00 
 1.176107e+01 -1.132221e+00 
 1.176139e+01 -1.132224e+00 
 1.176171e+01 -1.132227e+00 
 1.176204e+01 -1.132231e+00 
 1.176236e+01 -1.132235e+00 
 1.176268e+01 -1.132240e+00 
 1.176301e+01 -1.132245e+00 
 1.176333e+01 -1.132250e+00 
 1.176365e+01 -1.132255e+00 
 1.176397e+01 -1.132261e+00 
 1.176430e+01 -1.132267e+00 
 1.176462e+01 -1.132273e+00 
 1.176494e+01 -1.132279e+00 
 1.176527e+01 -1.132286e+00 
 1.176559e+01 -1.132292e+00 
 1.176591e+01 -1.132299e+00 
 1.176624e+01 -1.132308e+00 
 1.176656e+01 -1.132313e+00 
 1.176688e+01 -1.132317e+00 
 1.176720e+01 -1.132323e+00 
 1.176753e+01 -1.132329e+00 
 1.176785e+01 -1.132335e+00 
 1.176817e+01 -1.132341e+00 
 1.176850e+01 -1.132347e+00 
 1.176882e+01 -1.132352e+00 
 1.176914e+01 -1.132357e+00 
 1.176947e+01 -1.132363e+00 
 1.176979e+01 -1.132367e+00 
 1.177011e+01 -1.132371e+00 
 1.177043e+01 -1.132374e+00 
 1.177076e+01 -1.132377e+00 
 1.177108e+01 -1.132381e+00 
 1.177140e+01 -1.132385e+00 
 1.177173e+01 -1.132388e+00 
 1.177205e+01 -1.132389e+00 
 1.177237e+01 -1.132391e+00 
 1.177270e+01 -1.132394e+00 
 1.177302e+01 -1.132397e+00 
 1.177334e+01 -1.132399e+00 
 1.177366e+01 -1.132401e+00 
 1.177399e+01 -1.132402e+00 
 1.177431e+01 -1.132403e+00 
 1.177463e+01 -1.132403e+00 
 1.177496e+01 -1.132403e+00 
 1.177528e+01 -1.132401e+00 
 1.177560e+01 -1.132399e+00 
 1.177593e+01 -1.132398e+00 
 1.177625e+01 -1.132399e+00 
 1.177657e+01 -1.132401e+00 
 1.177689e+01 -1.132401e+00 
 1.177722e+01 -1.132400e+00 
 1.177754e+01 -1.132401e+00 
 1.177786e+01 -1.132402e+00 
 1.177819e+01 -1.132403e+00 
 1.177851e+01 -1.132403e+00 
 1.177883e+01 -1.132402e+00 
 1.177916e+01 -1.132401e+00 
 1.177948e+01 -1.132400e+00 
 1.177980e+01 -1.132400e+00 
 1.178012e+01 -1.132399e+00 
 1.178045e+01 -1.132398e+00 
 1.178077e+01 -1.132398e+00 
 1.178109e+01 -1.132399e+00 
 1.178142e+01 -1.132403e+00 
 1.178174e+01 -1.132407e+00 
 1.178206e+01 -1.132409e+00 
 1.178238e+01 -1.132411e+00 
 1.178271e+01 -1.132414e+00 
 1.178303e+01 -1.132417e+00 
 1.178335e+01 -1.132420e+00 
 1.178368e+01 -1.132423e+00 
 1.178400e+01 -1.132425e+00 
 1.178432e+01 -1.132428e+00 
 1.178465e+01 -1.132431e+00 
 1.178497e+01 -1.132436e+00 
 1.178529e+01 -1.132440e+00 
 1.178561e+01 -1.132445e+00 
 1.178594e+01 -1.132449e+00 
 1.178626e+01 -1.132455e+00 
 1.178658e+01 -1.132462e+00 
 1.178691e+01 -1.132470e+00 
 1.178723e+01 -1.132475e+00 
 1.178755e+01 -1.132479e+00 
 1.178788e+01 -1.132484e+00 
 1.178820e+01 -1.132489e+00 
 1.178852e+01 -1.132494e+00 
 1.178884e+01 -1.132498e+00 
 1.178917e+01 -1.132503e+00 
 1.178949e+01 -1.132507e+00 
 1.178981e+01 -1.132512e+00 
 1.179014e+01 -1.132518e+00 
 1.179046e+01 -1.132524e+00 
 1.179078e+01 -1.132528e+00 
 1.179111e+01 -1.132532e+00 
 1.179143e+01 -1.132536e+00 
 1.179175e+01 -1.132541e+00 
 1.179207e+01 -1.132545e+00 
 1.179240e+01 -1.132547e+00 
 1.179272e+01 -1.132548e+00 
 1.179304e+01 -1.132550e+00 
 1.179337e+01 -1.132551e+00 
 1.179369e+01 -1.132552e+00 
 1.179401e+01 -1.132553e+00 
 1.179434e+01 -1.132553e+00 
 1.179466e+01 -1.132553e+00 
 1.179498e+01 -1.132554e+00 
 1.179530e+01 -1.132554e+00 
 1.179563e+01 -1.132553e+00 
 1.179595e+01 -1.132550e+00 
 1.179627e+01 -1.132547e+00 
 1.179660e+01 -1.132544e+00 
 1.179692e+01 -1.132541e+00 
 1.179724e+01 -1.132538e+00 
 1.179757e+01 -1.132534e+00 
 1.179789e+01 -1.132528e+00 
 1.179821e+01 -1.132522e+00 
 1.179853e+01 -1.132516e+00 
 1.179886e+01 -1.132510e+00 
 1.179918e+01 -1.132503e+00 
 1.179950e+01 -1.132496e+00 
 1.179983e+01 -1.132488e+00 
 1.180015e+01 -1.132480e+00 
 1.180047e+01 -1.132472e+00 
 1.180080e+01 -1.132464e+00 
 1.180112e+01 -1.132453e+00 
 1.180144e+01 -1.132443e+00 
 1.180176e+01 -1.132433e+00 
 1.180209e+01 -1.132424e+00 
 1.180241e+01 -1.132415e+00 
 1.180273e+01 -1.132405e+00 
 1.180306e+01 -1.132394e+00 
 1.180338e+01 -1.132383e+00 
 1.180370e+01 -1.132373e+00 
 1.180403e+01 -1.132363e+00 
 1.180435e+01 -1.132353e+00 
 1.180467e+01 -1.132342e+00 
 1.180499e+01 -1.132332e+00 
 1.180532e+01 -1.132322e+00 
 1.180564e+01 -1.132313e+00 
 1.180596e+01 -1.132304e+00 
 1.180629e+01 -1.132294e+00 
 1.180661e+01 -1.132285e+00 
 1.180693e+01 -1.132276e+00 
 1.180726e+01 -1.132269e+00 
 1.180758e+01 -1.132262e+00 
 1.180790e+01 -1.132254e+00 
 1.180822e+01 -1.132247e+00 
 1.180855e+01 -1.132240e+00 
 1.180887e+01 -1.132235e+00 
 1.180919e+01 -1.132230e+00 
 1.180952e+01 -1.132226e+00 
 1.180984e+01 -1.132221e+00 
 1.181016e+01 -1.132218e+00 
 1.181049e+01 -1.132216e+00 
 1.181081e+01 -1.132215e+00 
 1.181113e+01 -1.132214e+00 
 1.181145e+01 -1.132212e+00 
 1.181178e+01 -1.132211e+00 
 1.181210e+01 -1.132211e+00 
 1.181242e+01 -1.132212e+00 
 1.181275e+01 -1.132213e+00 
 1.181307e+01 -1.132214e+00 
 1.181339e+01 -1.132216e+00 
 1.181372e+01 -1.132218e+00 
 1.181404e+01 -1.132221e+00 
 1.181436e+01 -1.132225e+00 
 1.181468e+01 -1.132229e+00 
 1.181501e+01 -1.132233e+00 
 1.181533e+01 -1.132239e+00 
 1.181565e+01 -1.132245e+00 
 1.181598e+01 -1.132253e+00 
 1.181630e+01 -1.132260e+00 
 1.181662e+01 -1.132265e+00 
 1.181694e+01 -1.132271e+00 
 1.181727e+01 -1.132277e+00 
 1.181759e+01 -1.132284e+00 
 1.181791e+01 -1.132291e+00 
 1.181824e+01 -1.132298e+00 
 1.181856e+01 -1.132304e+00 
 1.181888e+01 -1.132311e+00 
 1.181921e+01 -1.132318e+00 
 1.181953e+01 -1.132326e+00 
 1.181985e+01 -1.132334e+00 
 1.182017e+01 -1.132341e+00 
 1.182050e+01 -1.132349e+00 
 1.182082e+01 -1.132357e+00 
 1.182114e+01 -1.132368e+00 
 1.182147e+01 -1.132376e+00 
 1.182179e+01 -1.132383e+00 
 1.182211e+01 -1.132389e+00 
 1.182244e+01 -1.132395e+00 
 1.182276e+01 -1.132402e+00 
 1.182308e+01 -1.132407e+00 
 1.182340e+01 -1.132413e+00 
 1.182373e+01 -1.132418e+00 
 1.182405e+01 -1.132422e+00 
 1.182437e+01 -1.132428e+00 
 1.182470e+01 -1.132434e+00 
 1.182502e+01 -1.132440e+00 
 1.182534e+01 -1.132444e+00 
 1.182567e+01 -1.132448e+00 
 1.182599e+01 -1.132454e+00 
 1.182631e+01 -1.132461e+00 
 1.182663e+01 -1.132465e+00 
 1.182696e+01 -1.132468e+00 
 1.182728e+01 -1.132469e+00 
 1.182760e+01 -1.132472e+00 
 1.182793e+01 -1.132475e+00 
 1.182825e+01 -1.132477e+00 
 1.182857e+01 -1.132478e+00 
 1.182890e+01 -1.132479e+00 
 1.182922e+01 -1.132481e+00 
 1.182954e+01 -1.132484e+00 
 1.182986e+01 -1.132486e+00 
 1.183019e+01 -1.132487e+00 
 1.183051e+01 -1.132487e+00 
 1.183083e+01 -1.132487e+00 
 1.183116e+01 -1.132490e+00 
 1.183148e+01 -1.132493e+00 
 1.183180e+01 -1.132495e+00 
 1.183213e+01 -1.132494e+00 
 1.183245e+01 -1.132493e+00 
 1.183277e+01 -1.132494e+00 
 1.183309e+01 -1.132494e+00 
 1.183342e+01 -1.132495e+00 
 1.183374e+01 -1.132495e+00 
 1.183406e+01 -1.132496e+00 
 1.183439e+01 -1.132497e+00 
 1.183471e+01 -1.132498e+00 
 1.183503e+01 -1.132500e+00 
 1.183536e+01 -1.132500e+00 
 1.183568e+01 -1.132499e+00 
 1.183600e+01 -1.132499e+00 
 1.183632e+01 -1.132501e+00 
 1.183665e+01 -1.132504e+00 
 1.183697e+01 -1.132505e+00 
 1.183729e+01 -1.132505e+00 
 1.183762e+01 -1.132505e+00 
 1.183794e+01 -1.132506e+00 
 1.183826e+01 -1.132508e+00 
 1.183859e+01 -1.132509e+00 
 1.183891e+01 -1.132510e+00 
 1.183923e+01 -1.132511e+00 
 1.183955e+01 -1.132512e+00 
 1.183988e+01 -1.132514e+00 
 1.184020e+01 -1.132515e+00 
 1.184052e+01 -1.132515e+00 
 1.184085e+01 -1.132514e+00 
 1.184117e+01 -1.132513e+00 
 1.184149e+01 -1.132515e+00 
 1.184182e+01 -1.132517e+00 
 1.184214e+01 -1.132518e+00 
 1.184246e+01 -1.132517e+00 
 1.184278e+01 -1.132516e+00 
 1.184311e+01 -1.132516e+00 
 1.184343e+01 -1.132516e+00 
 1.184375e+01 -1.132516e+00 
 1.184408e+01 -1.132515e+00 
 1.184440e+01 -1.132513e+00 
 1.184472e+01 -1.132512e+00 
 1.184505e+01 -1.132512e+00 
 1.184537e+01 -1.132511e+00 
 1.184569e+01 -1.132509e+00 
 1.184601e+01 -1.132504e+00 
 1.184634e+01 -1.132499e+00 
 1.184666e+01 -1.132497e+00 
 1.184698e+01 -1.132495e+00 
 1.184731e+01 -1.132492e+00 
 1.184763e+01 -1.132487e+00 
 1.184795e+01 -1.132482e+00 
 1.184828e+01 -1.132477e+00 
 1.184860e+01 -1.132473e+00 
 1.184892e+01 -1.132468e+00 
 1.184924e+01 -1.132463e+00 
 1.184957e+01 -1.132457e+00 
 1.184989e+01 -1.132451e+00 
 1.185021e+01 -1.132445e+00 
 1.185054e+01 -1.132440e+00 
 1.185086e+01 -1.132432e+00 
 1.185118e+01 -1.132421e+00 
 1.185150e+01 -1.132412e+00 
 1.185183e+01 -1.132404e+00 
 1.185215e+01 -1.132397e+00 
 1.185247e+01 -1.132389e+00 
 1.185280e+01 -1.132380e+00 
 1.185312e+01 -1.132371e+00 
 1.185344e+01 -1.132362e+00 
 1.185377e+01 -1.132354e+00 
 1.185409e+01 -1.132347e+00 
 1.185441e+01 -1.132338e+00 
 1.185473e+01 -1.132330e+00 
 1.185506e+01 -1.132322e+00 
 1.185538e+01 -1.132314e+00 
 1.185570e+01 -1.132308e+00 
 1.185603e+01 -1.132298e+00 
 1.185635e+01 -1.132287e+00 
 1.185667e+01 -1.132277e+00 
 1.185700e+01 -1.132270e+00 
 1.185732e+01 -1.132264e+00 
 1.185764e+01 -1.132258e+00 
 1.185796e+01 -1.132251e+00 
 1.185829e+01 -1.132244e+00 
 1.185861e+01 -1.132239e+00 
 1.185893e+01 -1.132235e+00 
 1.185926e+01 -1.132232e+00 
 1.185958e+01 -1.132228e+00 
 1.185990e+01 -1.132224e+00 
 1.186023e+01 -1.132221e+00 
 1.186055e+01 -1.132219e+00 
 1.186087e+01 -1.132218e+00 
 1.186119e+01 -1.132215e+00 
 1.186152e+01 -1.132211e+00 
 1.186184e+01 -1.132209e+00 
 1.186216e+01 -1.132210e+00 
 1.186249e+01 -1.132212e+00 
 1.186281e+01 -1.132213e+00 
 1.186313e+01 -1.132215e+00 
 1.186346e+01 -1.132217e+00 
 1.186378e+01 -1.132221e+00 
 1.186410e+01 -1.132226e+00 
 1.186442e+01 -1.132231e+00 
 1.186475e+01 -1.132235e+00 
 1.186507e+01 -1.132240e+00 
 1.186539e+01 -1.132246e+00 
 1.186572e+01 -1.132253e+00 
 1.186604e+01 -1.132260e+00 
 1.186636e+01 -1.132265e+00 
 1.186669e+01 -1.132269e+00 
 1.186701e+01 -1.132275e+00 
 1.186733e+01 -1.132284e+00 
 1.186765e+01 -1.132293e+00 
 1.186798e+01 -1.132302e+00 
 1.186830e+01 -1.132311e+00 
 1.186862e+01 -1.132319e+00 
 1.186895e+01 -1.132329e+00 
 1.186927e+01 -1.132339e+00 
 1.186959e+01 -1.132349e+00 
 1.186992e+01 -1.132358e+00 
 1.187024e+01 -1.132366e+00 
 1.187056e+01 -1.132375e+00 
 1.187088e+01 -1.132385e+00 
 1.187121e+01 -1.132394e+00 
 1.187153e+01 -1.132401e+00 
 1.187185e+01 -1.132407e+00 
 1.187218e+01 -1.132415e+00 
 1.187250e+01 -1.132424e+00 
 1.187282e+01 -1.132434e+00 
 1.187315e+01 -1.132443e+00 
 1.187347e+01 -1.132451e+00 
 1.187379e+01 -1.132459e+00 
 1.187411e+01 -1.132467e+00 
 1.187444e+01 -1.132475e+00 
 1.187476e+01 -1.132482e+00 
 1.187508e+01 -1.132487e+00 
 1.187541e+01 -1.132491e+00 
 1.187573e+01 -1.132496e+00 
 1.187605e+01 -1.132501e+00 
 1.187638e+01 -1.132505e+00 
 1.187670e+01 -1.132508e+00 
 1.187702e+01 -1.132510e+00 
 1.187734e+01 -1.132513e+00 
 1.187767e+01 -1.132518e+00 
 1.187799e+01 -1.132523e+00 
 1.187831e+01 -1.132527e+00 
 1.187864e+01 -1.132529e+00 
 1.187896e+01 -1.132530e+00 
 1.187928e+01 -1.132531e+00 
 1.187961e+01 -1.132532e+00 
 1.187993e+01 -1.132532e+00 
 1.188025e+01 -1.132530e+00 
 1.188057e+01 -1.132528e+00 
 1.188090e+01 -1.132526e+00 
 1.188122e+01 -1.132524e+00 
 1.188154e+01 -1.132523e+00 
 1.188187e+01 -1.132520e+00 
 1.188219e+01 -1.132518e+00 
 1.188251e+01 -1.132516e+00 
 1.188284e+01 -1.132516e+00 
 1.188316e+01 -1.132515e+00 
 1.188348e+01 -1.132513e+00 
 1.188380e+01 -1.132510e+00 
 1.188413e+01 -1.132506e+00 
 1.188445e+01 -1.132502e+00 
 1.188477e+01 -1.132498e+00 
 1.188510e+01 -1.132493e+00 
 1.188542e+01 -1.132488e+00 
 1.188574e+01 -1.132484e+00 
 1.188606e+01 -1.132479e+00 
 1.188639e+01 -1.132475e+00 
 1.188671e+01 -1.132471e+00 
 1.188703e+01 -1.132468e+00 
 1.188736e+01 -1.132463e+00 
 1.188768e+01 -1.132460e+00 
 1.188800e+01 -1.132458e+00 
 1.188833e+01 -1.132456e+00 
 1.188865e+01 -1.132452e+00 
 1.188897e+01 -1.132448e+00 
 1.188929e+01 -1.132443e+00 
 1.188962e+01 -1.132439e+00 
 1.188994e+01 -1.132435e+00 
 1.189026e+01 -1.132432e+00 
 1.189059e+01 -1.132428e+00 
 1.189091e+01 -1.132425e+00 
 1.189123e+01 -1.132422e+00 
 1.189156e+01 -1.132419e+00 
 1.189188e+01 -1.132417e+00 
 1.189220e+01 -1.132414e+00 
 1.189252e+01 -1.132411e+00 
 1.189285e+01 -1.132408e+00 
 1.189317e+01 -1.132407e+00 
 1.189349e+01 -1.132405e+00 
 1.189382e+01 -1.132402e+00 
 1.189414e+01 -1.132399e+00 
 1.189446e+01 -1.132395e+00 
 1.189479e+01 -1.132392e+00 
 1.189511e+01 -1.132390e+00 
 1.189543e+01 -1.132387e+00 
 1.189575e+01 -1.132384e+00 
 1.189608e+01 -1.132382e+00 
 1.189640e+01 -1.132379e+00 
 1.189672e+01 -1.132376e+00 
 1.189705e+01 -1.132373e+00 
 1.189737e+01 -1.132369e+00 
 1.189769e+01 -1.132365e+00 
 1.189802e+01 -1.132362e+00 
 1.189834e+01 -1.132359e+00 
 1.189866e+01 -1.132356e+00 
 1.189898e+01 -1.132351e+00 
 1.189931e+01 -1.132346e+00 
 1.189963e+01 -1.132341e+00 
 1.189995e+01 -1.132335e+00 
 1.190028e+01 -1.132331e+00 
 1.190060e+01 -1.132326e+00 
 1.190092e+01 -1.132320e+00 
 1.190125e+01 -1.132315e+00 
 1.190157e+01 -1.132309e+00 
 1.190189e+01 -1.132303e+00 
 1.190221e+01 -1.132297e+00 
 1.190254e+01 -1.132291e+00 
 1.190286e+01 -1.132284e+00 
 1.190318e+01 -1.132278e+00 
 1.190351e+01 -1.132273e+00 
 1.190383e+01 -1.132267e+00 
 1.190415e+01 -1.132260e+00 
 1.190448e+01 -1.132252e+00 
 1.190480e+01 -1.132245e+00 
 1.190512e+01 -1.132238e+00 
 1.190544e+01 -1.132231e+00 
 1.190577e+01 -1.132224e+00 
 1.190609e+01 -1.132217e+00 
 1.190641e+01 -1.132210e+00 
 1.190674e+01 -1.132204e+00 
 1.190706e+01 -1.132198e+00 
 1.190738e+01 -1.132193e+00 
 1.190771e+01 -1.132187e+00 
 1.190803e+01 -1.132181e+00 
 1.190835e+01 -1.132176e+00 
 1.190867e+01 -1.132172e+00 
 1.190900e+01 -1.132167e+00 
 1.190932e+01 -1.132162e+00 
 1.190964e+01 -1.132156e+00 
 1.190997e+01 -1.132150e+00 
 1.191029e+01 -1.132146e+00 
 1.191061e+01 -1.132143e+00 
 1.191094e+01 -1.132140e+00 
 1.191126e+01 -1.132137e+00 
 1.191158e+01 -1.132134e+00 
 1.191190e+01 -1.132133e+00 
 1.191223e+01 -1.132132e+00 
 1.191255e+01 -1.132131e+00 
 1.191287e+01 -1.132131e+00 
 1.191320e+01 -1.132131e+00 
 1.191352e+01 -1.132131e+00 
 1.191384e+01 -1.132132e+00 
 1.191417e+01 -1.132133e+00 
 1.191449e+01 -1.132133e+00 
 1.191481e+01 -1.132134e+00 
 1.191513e+01 -1.132136e+00 
 1.191546e+01 -1.132139e+00 
 1.191578e+01 -1.132143e+00 
 1.191610e+01 -1.132148e+00 
 1.191643e+01 -1.132153e+00 
 1.191675e+01 -1.132158e+00 
 1.191707e+01 -1.132164e+00 
 1.191740e+01 -1.132170e+00 
 1.191772e+01 -1.132176e+00 
 1.191804e+01 -1.132182e+00 
 1.191836e+01 -1.132188e+00 
 1.191869e+01 -1.132195e+00 
 1.191901e+01 -1.132202e+00 
 1.191933e+01 -1.132208e+00 
 1.191966e+01 -1.132215e+00 
 1.191998e+01 -1.132222e+00 
 1.192030e+01 -1.132231e+00 
 1.192063e+01 -1.132240e+00 
 1.192095e+01 -1.132249e+00 
 1.192127e+01 -1.132259e+00 
 1.192159e+01 -1.132268e+00 
 1.192192e+01 -1.132277e+00 
 1.192224e+01 -1.132286e+00 
 1.192256e+01 -1.132294e+00 
 1.192289e+01 -1.132302e+00 
 1.192321e+01 -1.132309e+00 
 1.192353e+01 -1.132316e+00 
 1.192385e+01 -1.132323e+00 
 1.192418e+01 -1.132331e+00 
 1.192450e+01 -1.132338e+00 
 1.192482e+01 -1.132345e+00 
 1.192515e+01 -1.132352e+00 
 1.192547e+01 -1.132360e+00 
 1.192579e+01 -1.132367e+00 
 1.192612e+01 -1.132375e+00 
 1.192644e+01 -1.132382e+00 
 1.192676e+01 -1.132387e+00 
 1.192708e+01 -1.132392e+00 
 1.192741e+01 -1.132396e+00 
 1.192773e+01 -1.132399e+00 
 1.192805e+01 -1.132402e+00 
 1.192838e+01 -1.132404e+00 
 1.192870e+01 -1.132406e+00 
 1.192902e+01 -1.132409e+00 
 1.192935e+01 -1.132411e+00 
 1.192967e+01 -1.132413e+00 
 1.192999e+01 -1.132414e+00 
 1.193031e+01 -1.132415e+00 
 1.193064e+01 -1.132415e+00 
 1.193096e+01 -1.132416e+00 
 1.193128e+01 -1.132417e+00 
 1.193161e+01 -1.132416e+00 
 1.193193e+01 -1.132414e+00 
 1.193225e+01 -1.132411e+00 
 1.193258e+01 -1.132409e+00 
 1.193290e+01 -1.132405e+00 
 1.193322e+01 -1.132402e+00 
 1.193354e+01 -1.132398e+00 
 1.193387e+01 -1.132394e+00 
 1.193419e+01 -1.132390e+00 
 1.193451e+01 -1.132387e+00 
 1.193484e+01 -1.132383e+00 
 1.193516e+01 -1.132378e+00 
 1.193548e+01 -1.132373e+00 
 1.193581e+01 -1.132368e+00 
 1.193613e+01 -1.132365e+00 
 1.193645e+01 -1.132362e+00 
 1.193677e+01 -1.132358e+00 
 1.193710e+01 -1.132352e+00 
 1.193742e+01 -1.132347e+00 
 1.193774e+01 -1.132341e+00 
 1.193807e+01 -1.132336e+00 
 1.193839e+01 -1.132331e+00 
 1.193871e+01 -1.132325e+00 
 1.193904e+01 -1.132320e+00 
 1.193936e+01 -1.132315e+00 
 1.193968e+01 -1.132311e+00 
 1.194000e+01 -1.132307e+00 
 1.194033e+01 -1.132303e+00 
 1.194065e+01 -1.132299e+00 
 1.194097e+01 -1.132298e+00 
 1.194130e+01 -1.132298e+00 
 1.194162e+01 -1.132297e+00 
 1.194194e+01 -1.132296e+00 
 1.194227e+01 -1.132294e+00 
 1.194259e+01 -1.132291e+00 
 1.194291e+01 -1.132289e+00 
 1.194323e+01 -1.132288e+00 
 1.194356e+01 -1.132286e+00 
 1.194388e+01 -1.132285e+00 
 1.194420e+01 -1.132284e+00 
 1.194453e+01 -1.132285e+00 
 1.194485e+01 -1.132286e+00 
 1.194517e+01 -1.132288e+00 
 1.194550e+01 -1.132289e+00 
 1.194582e+01 -1.132290e+00 
 1.194614e+01 -1.132294e+00 
 1.194646e+01 -1.132299e+00 
 1.194679e+01 -1.132302e+00 
 1.194711e+01 -1.132304e+00 
 1.194743e+01 -1.132305e+00 
 1.194776e+01 -1.132306e+00 
 1.194808e+01 -1.132307e+00 
 1.194840e+01 -1.132309e+00 
 1.194873e+01 -1.132312e+00 
 1.194905e+01 -1.132314e+00 
 1.194937e+01 -1.132317e+00 
 1.194969e+01 -1.132321e+00 
 1.195002e+01 -1.132325e+00 
 1.195034e+01 -1.132328e+00 
 1.195066e+01 -1.132330e+00 
 1.195099e+01 -1.132331e+00 
 1.195131e+01 -1.132333e+00 
 1.195163e+01 -1.132336e+00 
 1.195196e+01 -1.132337e+00 
 1.195228e+01 -1.132338e+00 
 1.195260e+01 -1.132338e+00 
 1.195292e+01 -1.132338e+00 
 1.195325e+01 -1.132339e+00 
 1.195357e+01 -1.132341e+00 
 1.195389e+01 -1.132342e+00 
 1.195422e+01 -1.132344e+00 
 1.195454e+01 -1.132345e+00 
 1.195486e+01 -1.132346e+00 
 1.195519e+01 -1.132347e+00 
 1.195551e+01 -1.132346e+00 
 1.195583e+01 -1.132343e+00 
 1.195615e+01 -1.132338e+00 
 1.195648e+01 -1.132336e+00 
 1.195680e+01 -1.132335e+00 
 1.195712e+01 -1.132334e+00 
 1.195745e+01 -1.132332e+00 
 1.195777e+01 -1.132330e+00 
 1.195809e+01 -1.132328e+00 
 1.195841e+01 -1.132327e+00 
 1.195874e+01 -1.132326e+00 
 1.195906e+01 -1.132325e+00 
 1.195938e+01 -1.132323e+00 
 1.195971e+01 -1.132321e+00 
 1.196003e+01 -1.132319e+00 
 1.196035e+01 -1.132317e+00 
 1.196068e+01 -1.132315e+00 
 1.196100e+01 -1.132310e+00 
 1.196132e+01 -1.132305e+00 
 1.196164e+01 -1.132302e+00 
 1.196197e+01 -1.132303e+00 
 1.196229e+01 -1.132303e+00 
 1.196261e+01 -1.132302e+00 
 1.196294e+01 -1.132301e+00 
 1.196326e+01 -1.132300e+00 
 1.196358e+01 -1.132300e+00 
 1.196391e+01 -1.132301e+00 
 1.196423e+01 -1.132301e+00 
 1.196455e+01 -1.132301e+00 
 1.196487e+01 -1.132302e+00 
 1.196520e+01 -1.132304e+00 
 1.196552e+01 -1.132307e+00 
 1.196584e+01 -1.132311e+00 
 1.196617e+01 -1.132314e+00 
 1.196649e+01 -1.132316e+00 
 1.196681e+01 -1.132320e+00 
 1.196714e+01 -1.132327e+00 
 1.196746e+01 -1.132332e+00 
 1.196778e+01 -1.132337e+00 
 1.196810e+01 -1.132342e+00 
 1.196843e+01 -1.132347e+00 
 1.196875e+01 -1.132354e+00 
 1.196907e+01 -1.132361e+00 
 1.196940e+01 -1.132369e+00 
 1.196972e+01 -1.132378e+00 
 1.197004e+01 -1.132387e+00 
 1.197037e+01 -1.132398e+00 
 1.197069e+01 -1.132410e+00 
 1.197101e+01 -1.132423e+00 
 1.197133e+01 -1.132434e+00 
 1.197166e+01 -1.132442e+00 
 1.197198e+01 -1.132452e+00 
 1.197230e+01 -1.132463e+00 
 1.197263e+01 -1.132473e+00 
 1.197295e+01 -1.132483e+00 
 1.197327e+01 -1.132492e+00 
 1.197360e+01 -1.132503e+00 
 1.197392e+01 -1.132514e+00 
 1.197424e+01 -1.132527e+00 
 1.197456e+01 -1.132540e+00 
 1.197489e+01 -1.132552e+00 
 1.197521e+01 -1.132564e+00 
 1.197553e+01 -1.132576e+00 
 1.197586e+01 -1.132587e+00 
 1.197618e+01 -1.132599e+00 
 1.197650e+01 -1.132608e+00 
 1.197683e+01 -1.132614e+00 
 1.197715e+01 -1.132621e+00 
 1.197747e+01 -1.132629e+00 
 1.197779e+01 -1.132637e+00 
 1.197812e+01 -1.132643e+00 
 1.197844e+01 -1.132650e+00 
 1.197876e+01 -1.132657e+00 
 1.197909e+01 -1.132664e+00 
 1.197941e+01 -1.132672e+00 
 1.197973e+01 -1.132677e+00 
 1.198006e+01 -1.132680e+00 
 1.198038e+01 -1.132682e+00 
 1.198070e+01 -1.132683e+00 
 1.198102e+01 -1.132684e+00 
 1.198135e+01 -1.132685e+00 
 1.198167e+01 -1.132684e+00 
 1.198199e+01 -1.132681e+00 
 1.198232e+01 -1.132679e+00 
 1.198264e+01 -1.132679e+00 
 1.198296e+01 -1.132678e+00 
 1.198329e+01 -1.132676e+00 
 1.198361e+01 -1.132673e+00 
 1.198393e+01 -1.132669e+00 
 1.198425e+01 -1.132665e+00 
 1.198458e+01 -1.132659e+00 
 1.198490e+01 -1.132652e+00 
 1.198522e+01 -1.132643e+00 
 1.198555e+01 -1.132632e+00 
 1.198587e+01 -1.132623e+00 
 1.198619e+01 -1.132616e+00 
 1.198652e+01 -1.132609e+00 
 1.198684e+01 -1.132602e+00 
 1.198716e+01 -1.132593e+00 
 1.198748e+01 -1.132586e+00 
 1.198781e+01 -1.132579e+00 
 1.198813e+01 -1.132572e+00 
 1.198845e+01 -1.132563e+00 
 1.198878e+01 -1.132553e+00 
 1.198910e+01 -1.132542e+00 
 1.198942e+01 -1.132532e+00 
 1.198975e+01 -1.132522e+00 
 1.199007e+01 -1.132511e+00 
 1.199039e+01 -1.132501e+00 
 1.199071e+01 -1.132491e+00 
 1.199104e+01 -1.132485e+00 
 1.199136e+01 -1.132480e+00 
 1.199168e+01 -1.132477e+00 
 1.199201e+01 -1.132472e+00 
 1.199233e+01 -1.132466e+00 
 1.199265e+01 -1.132461e+00 
 1.199297e+01 -1.132456e+00 
 1.199330e+01 -1.132451e+00 
 1.199362e+01 -1.132445e+00 
 1.199394e+01 -1.132440e+00 
 1.199427e+01 -1.132435e+00 
 1.199459e+01 -1.132432e+00 
 1.199491e+01 -1.132430e+00 
 1.199524e+01 -1.132429e+00 
 1.199556e+01 -1.132429e+00 
 1.199588e+01 -1.132430e+00 
 1.199620e+01 -1.132433e+00 
 1.199653e+01 -1.132437e+00 
 1.199685e+01 -1.132441e+00 
 1.199717e+01 -1.132443e+00 
 1.199750e+01 -1.132444e+00 
 1.199782e+01 -1.132446e+00 
 1.199814e+01 -1.132448e+00 
 1.199847e+01 -1.132451e+00 
 1.199879e+01 -1.132453e+00 
 1.199911e+01 -1.132457e+00 
 1.199943e+01 -1.132461e+00 
 1.199976e+01 -1.132467e+00 
 1.200008e+01 -1.132474e+00 
 1.200040e+01 -1.132481e+00 
 1.200073e+01 -1.132486e+00 
 1.200105e+01 -1.132491e+00 
 1.200137e+01 -1.132497e+00 
 1.200170e+01 -1.132503e+00 
 1.200202e+01 -1.132508e+00 
 1.200234e+01 -1.132512e+00 
 1.200266e+01 -1.132516e+00 
 1.200299e+01 -1.132519e+00 
 1.200331e+01 -1.132524e+00 
 1.200363e+01 -1.132529e+00 
 1.200396e+01 -1.132533e+00 
 1.200428e+01 -1.132537e+00 
 1.200460e+01 -1.132541e+00 
 1.200493e+01 -1.132546e+00 
 1.200525e+01 -1.132549e+00 
 1.200557e+01 -1.132551e+00 
 1.200589e+01 -1.132550e+00 
 1.200622e+01 -1.132548e+00 
 1.200654e+01 -1.132548e+00 
 1.200686e+01 -1.132549e+00 
 1.200719e+01 -1.132549e+00 
 1.200751e+01 -1.132548e+00 
 1.200783e+01 -1.132546e+00 
 1.200816e+01 -1.132544e+00 
 1.200848e+01 -1.132542e+00 
 1.200880e+01 -1.132540e+00 
 1.200912e+01 -1.132538e+00 
 1.200945e+01 -1.132533e+00 
 1.200977e+01 -1.132529e+00 
 1.201009e+01 -1.132524e+00 
 1.201042e+01 -1.132518e+00 
 1.201074e+01 -1.132511e+00 
 1.201106e+01 -1.132500e+00 
 1.201139e+01 -1.132491e+00 
 1.201171e+01 -1.132484e+00 
 1.201203e+01 -1.132478e+00 
 1.201235e+01 -1.132472e+00 
 1.201268e+01 -1.132464e+00 
 1.201300e+01 -1.132456e+00 
 1.201332e+01 -1.132448e+00 
 1.201365e+01 -1.132441e+00 
 1.201397e+01 -1.132433e+00 
 1.201429e+01 -1.132424e+00 
 1.201462e+01 -1.132414e+00 
 1.201494e+01 -1.132405e+00 
 1.201526e+01 -1.132397e+00 
 1.201558e+01 -1.132390e+00 
 1.201591e+01 -1.132381e+00 
 1.201623e+01 -1.132371e+00 
 1.201655e+01 -1.132362e+00 
 1.201688e+01 -1.132356e+00 
 1.201720e+01 -1.132351e+00 
 1.201752e+01 -1.132345e+00 
 1.201785e+01 -1.132339e+00 
 1.201817e+01 -1.132333e+00 
 1.201849e+01 -1.132327e+00 
 1.201881e+01 -1.132322e+00 
 1.201914e+01 -1.132318e+00 
 1.201946e+01 -1.132314e+00 
 1.201978e+01 -1.132310e+00 
 1.202011e+01 -1.132308e+00 
 1.202043e+01 -1.132308e+00 
 1.202075e+01 -1.132309e+00 
 1.202108e+01 -1.132311e+00 
 1.202140e+01 -1.132309e+00 
 1.202172e+01 -1.132308e+00 
 1.202204e+01 -1.132310e+00 
 1.202237e+01 -1.132313e+00 
 1.202269e+01 -1.132316e+00 
 1.202301e+01 -1.132318e+00 
 1.202334e+01 -1.132320e+00 
 1.202366e+01 -1.132323e+00 
 1.202398e+01 -1.132328e+00 
 1.202431e+01 -1.132334e+00 
 1.202463e+01 -1.132340e+00 
 1.202495e+01 -1.132345e+00 
 1.202527e+01 -1.132353e+00 
 1.202560e+01 -1.132362e+00 
 1.202592e+01 -1.132372e+00 
 1.202624e+01 -1.132383e+00 
 1.202657e+01 -1.132388e+00 
 1.202689e+01 -1.132394e+00 
 1.202721e+01 -1.132402e+00 
 1.202753e+01 -1.132411e+00 
 1.202786e+01 -1.132418e+00 
 1.202818e+01 -1.132425e+00 
 1.202850e+01 -1.132432e+00 
 1.202883e+01 -1.132440e+00 
 1.202915e+01 -1.132448e+00 
 1.202947e+01 -1.132456e+00 
 1.202980e+01 -1.132464e+00 
 1.203012e+01 -1.132471e+00 
 1.203044e+01 -1.132478e+00 
 1.203076e+01 -1.132484e+00 
 1.203109e+01 -1.132494e+00 
 1.203141e+01 -1.132502e+00 
 1.203173e+01 -1.132505e+00 
 1.203206e+01 -1.132508e+00 
 1.203238e+01 -1.132512e+00 
 1.203270e+01 -1.132517e+00 
 1.203303e+01 -1.132519e+00 
 1.203335e+01 -1.132521e+00 
 1.203367e+01 -1.132522e+00 
 1.203399e+01 -1.132523e+00 
 1.203432e+01 -1.132524e+00 
 1.203464e+01 -1.132525e+00 
 1.203496e+01 -1.132524e+00 
 1.203529e+01 -1.132522e+00 
 1.203561e+01 -1.132519e+00 
 1.203593e+01 -1.132517e+00 
 1.203626e+01 -1.132517e+00 
 1.203658e+01 -1.132515e+00 
 1.203690e+01 -1.132510e+00 
 1.203722e+01 -1.132503e+00 
 1.203755e+01 -1.132499e+00 
 1.203787e+01 -1.132495e+00 
 1.203819e+01 -1.132489e+00 
 1.203852e+01 -1.132483e+00 
 1.203884e+01 -1.132476e+00 
 1.203916e+01 -1.132468e+00 
 1.203949e+01 -1.132462e+00 
 1.203981e+01 -1.132456e+00 
 1.204013e+01 -1.132448e+00 
 1.204045e+01 -1.132438e+00 
 1.204078e+01 -1.132429e+00 
 1.204110e+01 -1.132420e+00 
 1.204142e+01 -1.132414e+00 
 1.204175e+01 -1.132408e+00 
 1.204207e+01 -1.132399e+00 
 1.204239e+01 -1.132390e+00 
 1.204272e+01 -1.132383e+00 
 1.204304e+01 -1.132377e+00 
 1.204336e+01 -1.132370e+00 
 1.204368e+01 -1.132364e+00 
 1.204401e+01 -1.132357e+00 
 1.204433e+01 -1.132351e+00 
 1.204465e+01 -1.132346e+00 
 1.204498e+01 -1.132341e+00 
 1.204530e+01 -1.132336e+00 
 1.204562e+01 -1.132330e+00 
 1.204595e+01 -1.132324e+00 
 1.204627e+01 -1.132319e+00 
 1.204659e+01 -1.132317e+00 
 1.204691e+01 -1.132316e+00 
 1.204724e+01 -1.132314e+00 
 1.204756e+01 -1.132311e+00 
 1.204788e+01 -1.132312e+00 
 1.204821e+01 -1.132313e+00 
 1.204853e+01 -1.132314e+00 
 1.204885e+01 -1.132315e+00 
 1.204918e+01 -1.132316e+00 
 1.204950e+01 -1.132317e+00 
 1.204982e+01 -1.132320e+00 
 1.205014e+01 -1.132324e+00 
 1.205047e+01 -1.132327e+00 
 1.205079e+01 -1.132330e+00 
 1.205111e+01 -1.132333e+00 
 1.205144e+01 -1.132337e+00 
 1.205176e+01 -1.132343e+00 
 1.205208e+01 -1.132351e+00 
 1.205241e+01 -1.132356e+00 
 1.205273e+01 -1.132362e+00 
 1.205305e+01 -1.132369e+00 
 1.205337e+01 -1.132377e+00 
 1.205370e+01 -1.132383e+00 
 1.205402e+01 -1.132390e+00 
 1.205434e+01 -1.132396e+00 
 1.205467e+01 -1.132403e+00 
 1.205499e+01 -1.132411e+00 
 1.205531e+01 -1.132420e+00 
 1.205564e+01 -1.132428e+00 
 1.205596e+01 -1.132435e+00 
 1.205628e+01 -1.132441e+00 
 1.205660e+01 -1.132447e+00 
 1.205693e+01 -1.132456e+00 
 1.205725e+01 -1.132463e+00 
 1.205757e+01 -1.132469e+00 
 1.205790e+01 -1.132474e+00 
 1.205822e+01 -1.132479e+00 
 1.205854e+01 -1.132485e+00 
 1.205887e+01 -1.132489e+00 
 1.205919e+01 -1.132493e+00 
 1.205951e+01 -1.132497e+00 
 1.205983e+01 -1.132501e+00 
 1.206016e+01 -1.132505e+00 
 1.206048e+01 -1.132510e+00 
 1.206080e+01 -1.132513e+00 
 1.206113e+01 -1.132513e+00 
 1.206145e+01 -1.132513e+00 
 1.206177e+01 -1.132512e+00 
 1.206210e+01 -1.132512e+00 
 1.206242e+01 -1.132512e+00 
 1.206274e+01 -1.132510e+00 
 1.206306e+01 -1.132507e+00 
 1.206339e+01 -1.132505e+00 
 1.206371e+01 -1.132503e+00 
 1.206403e+01 -1.132501e+00 
 1.206436e+01 -1.132498e+00 
 1.206468e+01 -1.132495e+00 
 1.206500e+01 -1.132491e+00 
 1.206532e+01 -1.132487e+00 
 1.206565e+01 -1.132483e+00 
 1.206597e+01 -1.132477e+00 
 1.206629e+01 -1.132470e+00 
 1.206662e+01 -1.132461e+00 
 1.206694e+01 -1.132454e+00 
 1.206726e+01 -1.132448e+00 
 1.206759e+01 -1.132442e+00 
 1.206791e+01 -1.132435e+00 
 1.206823e+01 -1.132429e+00 
 1.206855e+01 -1.132424e+00 
 1.206888e+01 -1.132420e+00 
 1.206920e+01 -1.132415e+00 
 1.206952e+01 -1.132409e+00 
 1.206985e+01 -1.132403e+00 
 1.207017e+01 -1.132396e+00 
 1.207049e+01 -1.132391e+00 
 1.207082e+01 -1.132386e+00 
 1.207114e+01 -1.132379e+00 
 1.207146e+01 -1.132373e+00 
 1.207178e+01 -1.132367e+00 
 1.207211e+01 -1.132363e+00 
 1.207243e+01 -1.132360e+00 
 1.207275e+01 -1.132359e+00 
 1.207308e+01 -1.132357e+00 
 1.207340e+01 -1.132356e+00 
 1.207372e+01 -1.132356e+00 
 1.207405e+01 -1.132357e+00 
 1.207437e+01 -1.132357e+00 
 1.207469e+01 -1.132356e+00 
 1.207501e+01 -1.132355e+00 
 1.207534e+01 -1.132355e+00 
 1.207566e+01 -1.132357e+00 
 1.207598e+01 -1.132361e+00 
 1.207631e+01 -1.132364e+00 
 1.207663e+01 -1.132366e+00 
 1.207695e+01 -1.132370e+00 
 1.207728e+01 -1.132375e+00 
 1.207760e+01 -1.132382e+00 
 1.207792e+01 -1.132388e+00 
 1.207824e+01 -1.132394e+00 
 1.207857e+01 -1.132400e+00 
 1.207889e+01 -1.132407e+00 
 1.207921e+01 -1.132413e+00 
 1.207954e+01 -1.132419e+00 
 1.207986e+01 -1.132426e+00 
 1.208018e+01 -1.132432e+00 
 1.208051e+01 -1.132440e+00 
 1.208083e+01 -1.132449e+00 
 1.208115e+01 -1.132459e+00 
 1.208147e+01 -1.132467e+00 
 1.208180e+01 -1.132474e+00 
 1.208212e+01 -1.132482e+00 
 1.208244e+01 -1.132490e+00 
 1.208277e+01 -1.132498e+00 
 1.208309e+01 -1.132506e+00 
 1.208341e+01 -1.132512e+00 
 1.208374e+01 -1.132518e+00 
 1.208406e+01 -1.132524e+00 
 1.208438e+01 -1.132531e+00 
 1.208470e+01 -1.132537e+00 
 1.208503e+01 -1.132543e+00 
 1.208535e+01 -1.132548e+00 
 1.208567e+01 -1.132553e+00 
 1.208600e+01 -1.132558e+00 
 1.208632e+01 -1.132563e+00 
 1.208664e+01 -1.132566e+00 
 1.208697e+01 -1.132567e+00 
 1.208729e+01 -1.132568e+00 
 1.208761e+01 -1.132570e+00 
 1.208793e+01 -1.132571e+00 
 1.208826e+01 -1.132572e+00 
 1.208858e+01 -1.132572e+00 
 1.208890e+01 -1.132571e+00 
 1.208923e+01 -1.132571e+00 
 1.208955e+01 -1.132570e+00 
 1.208987e+01 -1.132568e+00 
 1.209020e+01 -1.132566e+00 
 1.209052e+01 -1.132562e+00 
 1.209084e+01 -1.132557e+00 
 1.209116e+01 -1.132551e+00 
 1.209149e+01 -1.132546e+00 
 1.209181e+01 -1.132540e+00 
 1.209213e+01 -1.132533e+00 
 1.209246e+01 -1.132527e+00 
 1.209278e+01 -1.132522e+00 
 1.209310e+01 -1.132517e+00 
 1.209343e+01 -1.132512e+00 
 1.209375e+01 -1.132505e+00 
 1.209407e+01 -1.132499e+00 
 1.209439e+01 -1.132491e+00 
 1.209472e+01 -1.132484e+00 
 1.209504e+01 -1.132476e+00 
 1.209536e+01 -1.132467e+00 
 1.209569e+01 -1.132458e+00 
 1.209601e+01 -1.132448e+00 
 1.209633e+01 -1.132440e+00 
 1.209666e+01 -1.132433e+00 
 1.209698e+01 -1.132426e+00 
 1.209730e+01 -1.132420e+00 
 1.209762e+01 -1.132414e+00 
 1.209795e+01 -1.132409e+00 
 1.209827e+01 -1.132404e+00 
 1.209859e+01 -1.132399e+00 
 1.209892e+01 -1.132393e+00 
 1.209924e+01 -1.132386e+00 
 1.209956e+01 -1.132380e+00 
 1.209988e+01 -1.132375e+00 
 1.210021e+01 -1.132370e+00 
 1.210053e+01 -1.132365e+00 
 1.210085e+01 -1.132362e+00 
 1.210118e+01 -1.132361e+00 
 1.210150e+01 -1.132360e+00 
 1.210182e+01 -1.132360e+00 
 1.210215e+01 -1.132361e+00 
 1.210247e+01 -1.132361e+00 
 1.210279e+01 -1.132361e+00 
 1.210311e+01 -1.132362e+00 
 1.210344e+01 -1.132363e+00 
 1.210376e+01 -1.132364e+00 
 1.210408e+01 -1.132365e+00 
 1.210441e+01 -1.132365e+00 
 1.210473e+01 -1.132367e+00 
 1.210505e+01 -1.132371e+00 
 1.210538e+01 -1.132375e+00 
 1.210570e+01 -1.132380e+00 
 1.210602e+01 -1.132388e+00 
 1.210634e+01 -1.132396e+00 
 1.210667e+01 -1.132403e+00 
 1.210699e+01 -1.132410e+00 
 1.210731e+01 -1.132416e+00 
 1.210764e+01 -1.132421e+00 
 1.210796e+01 -1.132425e+00 
 1.210828e+01 -1.132431e+00 
 1.210861e+01 -1.132436e+00 
 1.210893e+01 -1.132441e+00 
 1.210925e+01 -1.132446e+00 
 1.210957e+01 -1.132452e+00 
 1.210990e+01 -1.132459e+00 
 1.211022e+01 -1.132466e+00 
 1.211054e+01 -1.132473e+00 
 1.211087e+01 -1.132480e+00 
 1.211119e+01 -1.132490e+00 
 1.211151e+01 -1.132497e+00 
 1.211184e+01 -1.132502e+00 
 1.211216e+01 -1.132506e+00 
 1.211248e+01 -1.132509e+00 
 1.211280e+01 -1.132512e+00 
 1.211313e+01 -1.132514e+00 
 1.211345e+01 -1.132517e+00 
 1.211377e+01 -1.132519e+00 
 1.211410e+01 -1.132521e+00 
 1.211442e+01 -1.132524e+00 
 1.211474e+01 -1.132525e+00 
 1.211507e+01 -1.132527e+00 
 1.211539e+01 -1.132528e+00 
 1.211571e+01 -1.132527e+00 
 1.211603e+01 -1.132528e+00 
 1.211636e+01 -1.132529e+00 
 1.211668e+01 -1.132530e+00 
 1.211700e+01 -1.132527e+00 
 1.211733e+01 -1.132525e+00 
 1.211765e+01 -1.132522e+00 
 1.211797e+01 -1.132519e+00 
 1.211830e+01 -1.132515e+00 
 1.211862e+01 -1.132513e+00 
 1.211894e+01 -1.132509e+00 
 1.211926e+01 -1.132505e+00 
 1.211959e+01 -1.132501e+00 
 1.211991e+01 -1.132496e+00 
 1.212023e+01 -1.132490e+00 
 1.212056e+01 -1.132483e+00 
 1.212088e+01 -1.132476e+00 
 1.212120e+01 -1.132469e+00 
 1.212153e+01 -1.132465e+00 
 1.212185e+01 -1.132461e+00 
 1.212217e+01 -1.132455e+00 
 1.212249e+01 -1.132449e+00 
 1.212282e+01 -1.132444e+00 
 1.212314e+01 -1.132437e+00 
 1.212346e+01 -1.132432e+00 
 1.212379e+01 -1.132427e+00 
 1.212411e+01 -1.132422e+00 
 1.212443e+01 -1.132416e+00 
 1.212476e+01 -1.132411e+00 
 1.212508e+01 -1.132406e+00 
 1.212540e+01 -1.132401e+00 
 1.212572e+01 -1.132397e+00 
 1.212605e+01 -1.132389e+00 
 1.212637e+01 -1.132383e+00 
 1.212669e+01 -1.132382e+00 
 1.212702e+01 -1.132380e+00 
 1.212734e+01 -1.132376e+00 
 1.212766e+01 -1.132373e+00 
 1.212799e+01 -1.132370e+00 
 1.212831e+01 -1.132366e+00 
 1.212863e+01 -1.132364e+00 
 1.212895e+01 -1.132363e+00 
 1.212928e+01 -1.132361e+00 
 1.212960e+01 -1.132359e+00 
 1.212992e+01 -1.132358e+00 
 1.213025e+01 -1.132358e+00 
 1.213057e+01 -1.132358e+00 
 1.213089e+01 -1.132356e+00 
 1.213122e+01 -1.132349e+00 
 1.213154e+01 -1.132347e+00 
 1.213186e+01 -1.132347e+00 
 1.213218e+01 -1.132348e+00 
 1.213251e+01 -1.132347e+00 
 1.213283e+01 -1.132347e+00 
 1.213315e+01 -1.132346e+00 
 1.213348e+01 -1.132346e+00 
 1.213380e+01 -1.132346e+00 
 1.213412e+01 -1.132348e+00 
 1.213444e+01 -1.132348e+00 
 1.213477e+01 -1.132348e+00 
 1.213509e+01 -1.132349e+00 
 1.213541e+01 -1.132351e+00 
 1.213574e+01 -1.132353e+00 
 1.213606e+01 -1.132350e+00 
 1.213638e+01 -1.132344e+00 
 1.213671e+01 -1.132340e+00 
 1.213703e+01 -1.132340e+00 
 1.213735e+01 -1.132340e+00 
 1.213767e+01 -1.132338e+00 
 1.213800e+01 -1.132337e+00 
 1.213832e+01 -1.132335e+00 
 1.213864e+01 -1.132333e+00 
 1.213897e+01 -1.132332e+00 
 1.213929e+01 -1.132331e+00 
 1.213961e+01 -1.132330e+00 
 1.213994e+01 -1.132327e+00 
 1.214026e+01 -1.132326e+00 
 1.214058e+01 -1.132326e+00 
 1.214090e+01 -1.132326e+00 
 1.214123e+01 -1.132322e+00 
 1.214155e+01 -1.132314e+00 
 1.214187e+01 -1.132308e+00 
 1.214220e+01 -1.132306e+00 
 1.214252e+01 -1.132304e+00 
 1.214284e+01 -1.132300e+00 
 1.214317e+01 -1.132296e+00 
 1.214349e+01 -1.132292e+00 
 1.214381e+01 -1.132288e+00 
 1.214413e+01 -1.132285e+00 
 1.214446e+01 -1.132282e+00 
 1.214478e+01 -1.132278e+00 
 1.214510e+01 -1.132274e+00 
 1.214543e+01 -1.132272e+00 
 1.214575e+01 -1.132270e+00 
 1.214607e+01 -1.132271e+00 
 1.214640e+01 -1.132268e+00 
 1.214672e+01 -1.132260e+00 
 1.214704e+01 -1.132255e+00 
 1.214736e+01 -1.132253e+00 
 1.214769e+01 -1.132251e+00 
 1.214801e+01 -1.132248e+00 
 1.214833e+01 -1.132245e+00 
 1.214866e+01 -1.132242e+00 
 1.214898e+01 -1.132240e+00 
 1.214930e+01 -1.132240e+00 
 1.214963e+01 -1.132240e+00 
 1.214995e+01 -1.132239e+00 
 1.215027e+01 -1.132238e+00 
 1.215059e+01 -1.132238e+00 
 1.215092e+01 -1.132241e+00 
 1.215124e+01 -1.132247e+00 
 1.215156e+01 -1.132248e+00 
 1.215189e+01 -1.132245e+00 
 1.215221e+01 -1.132244e+00 
 1.215253e+01 -1.132247e+00 
 1.215286e+01 -1.132251e+00 
 1.215318e+01 -1.132254e+00 
 1.215350e+01 -1.132258e+00 
 1.215382e+01 -1.132262e+00 
 1.215415e+01 -1.132267e+00 
 1.215447e+01 -1.132273e+00 
 1.215479e+01 -1.132279e+00 
 1.215512e+01 -1.132283e+00 
 1.215544e+01 -1.132287e+00 
 1.215576e+01 -1.132291e+00 
 1.215609e+01 -1.132301e+00 
 1.215641e+01 -1.132311e+00 
 1.215673e+01 -1.132318e+00 
 1.215705e+01 -1.132321e+00 
 1.215738e+01 -1.132327e+00 
 1.215770e+01 -1.132337e+00 
 1.215802e+01 -1.132347e+00 
 1.215835e+01 -1.132356e+00 
 1.215867e+01 -1.132365e+00 
 1.215899e+01 -1.132373e+00 
 1.215932e+01 -1.132381e+00 
 1.215964e+01 -1.132390e+00 
 1.215996e+01 -1.132397e+00 
 1.216028e+01 -1.132403e+00 
 1.216061e+01 -1.132406e+00 
 1.216093e+01 -1.132413e+00 
 1.216125e+01 -1.132423e+00 
 1.216158e+01 -1.132435e+00 
 1.216190e+01 -1.132443e+00 
 1.216222e+01 -1.132448e+00 
 1.216255e+01 -1.132456e+00 
 1.216287e+01 -1.132465e+00 
 1.216319e+01 -1.132474e+00 
 1.216351e+01 -1.132482e+00 
 1.216384e+01 -1.132488e+00 
 1.216416e+01 -1.132492e+00 
 1.216448e+01 -1.132496e+00 
 1.216481e+01 -1.132501e+00 
 1.216513e+01 -1.132505e+00 
 1.216545e+01 -1.132506e+00 
 1.216578e+01 -1.132507e+00 
 1.216610e+01 -1.132510e+00 
 1.216642e+01 -1.132518e+00 
 1.216674e+01 -1.132526e+00 
 1.216707e+01 -1.132531e+00 
 1.216739e+01 -1.132533e+00 
 1.216771e+01 -1.132535e+00 
 1.216804e+01 -1.132539e+00 
 1.216836e+01 -1.132542e+00 
 1.216868e+01 -1.132543e+00 
 1.216900e+01 -1.132542e+00 
 1.216933e+01 -1.132540e+00 
 1.216965e+01 -1.132539e+00 
 1.216997e+01 -1.132540e+00 
 1.217030e+01 -1.132541e+00 
 1.217062e+01 -1.132539e+00 
 1.217094e+01 -1.132536e+00 
 1.217127e+01 -1.132535e+00 
 1.217159e+01 -1.132538e+00 
 1.217191e+01 -1.132541e+00 
 1.217223e+01 -1.132540e+00 
 1.217256e+01 -1.132536e+00 
 1.217288e+01 -1.132533e+00 
 1.217320e+01 -1.132531e+00 
 1.217353e+01 -1.132528e+00 
 1.217385e+01 -1.132525e+00 
 1.217417e+01 -1.132521e+00 
 1.217450e+01 -1.132517e+00 
 1.217482e+01 -1.132515e+00 
 1.217514e+01 -1.132515e+00 
 1.217546e+01 -1.132515e+00 
 1.217579e+01 -1.132512e+00 
 1.217611e+01 -1.132505e+00 
 1.217643e+01 -1.132501e+00 
 1.217676e+01 -1.132501e+00 
 1.217708e+01 -1.132501e+00 
 1.217740e+01 -1.132497e+00 
 1.217773e+01 -1.132491e+00 
 1.217805e+01 -1.132486e+00 
 1.217837e+01 -1.132484e+00 
 1.217869e+01 -1.132482e+00 
 1.217902e+01 -1.132480e+00 
 1.217934e+01 -1.132477e+00 
 1.217966e+01 -1.132474e+00 
 1.217999e+01 -1.132473e+00 
 1.218031e+01 -1.132472e+00 
 1.218063e+01 -1.132472e+00 
 1.218096e+01 -1.132468e+00 
 1.218128e+01 -1.132462e+00 
 1.218160e+01 -1.132457e+00 
 1.218192e+01 -1.132457e+00 
 1.218225e+01 -1.132457e+00 
 1.218257e+01 -1.132454e+00 
 1.218289e+01 -1.132449e+00 
 1.218322e+01 -1.132446e+00 
 1.218354e+01 -1.132444e+00 
 1.218386e+01 -1.132444e+00 
 1.218419e+01 -1.132443e+00 
 1.218451e+01 -1.132441e+00 
 1.218483e+01 -1.132438e+00 
 1.218515e+01 -1.132437e+00 
 1.218548e+01 -1.132437e+00 
 1.218580e+01 -1.132436e+00 
 1.218612e+01 -1.132433e+00 
 1.218645e+01 -1.132429e+00 
 1.218677e+01 -1.132426e+00 
 1.218709e+01 -1.132426e+00 
 1.218742e+01 -1.132426e+00 
 1.218774e+01 -1.132423e+00 
 1.218806e+01 -1.132419e+00 
 1.218838e+01 -1.132416e+00 
 1.218871e+01 -1.132415e+00 
 1.218903e+01 -1.132414e+00 
 1.218935e+01 -1.132412e+00 
 1.218968e+01 -1.132409e+00 
 1.219000e+01 -1.132405e+00 
 1.219032e+01 -1.132403e+00 
 1.219065e+01 -1.132403e+00 
 1.219097e+01 -1.132404e+00 
 1.219129e+01 -1.132402e+00 
 1.219161e+01 -1.132398e+00 
 1.219194e+01 -1.132395e+00 
 1.219226e+01 -1.132394e+00 
 1.219258e+01 -1.132394e+00 
 1.219291e+01 -1.132390e+00 
 1.219323e+01 -1.132386e+00 
 1.219355e+01 -1.132383e+00 
 1.219388e+01 -1.132381e+00 
 1.219420e+01 -1.132380e+00 
 1.219452e+01 -1.132379e+00 
 1.219484e+01 -1.132376e+00 
 1.219517e+01 -1.132373e+00 
 1.219549e+01 -1.132373e+00 
 1.219581e+01 -1.132373e+00 
 1.219614e+01 -1.132375e+00 
 1.219646e+01 -1.132374e+00 
 1.219678e+01 -1.132370e+00 
 1.219711e+01 -1.132368e+00 
 1.219743e+01 -1.132368e+00 
 1.219775e+01 -1.132368e+00 
 1.219807e+01 -1.132366e+00 
 1.219840e+01 -1.132364e+00 
 1.219872e+01 -1.132363e+00 
 1.219904e+01 -1.132364e+00 
 1.219937e+01 -1.132365e+00 
 1.219969e+01 -1.132367e+00 
 1.220001e+01 -1.132366e+00 
 1.220034e+01 -1.132366e+00 
 1.220066e+01 -1.132367e+00 
 1.220098e+01 -1.132370e+00 
 1.220130e+01 -1.132372e+00 
 1.220163e+01 -1.132373e+00 
 1.220195e+01 -1.132373e+00 
 1.220227e+01 -1.132374e+00 
 1.220260e+01 -1.132378e+00 
 1.220292e+01 -1.132382e+00 
 1.220324e+01 -1.132385e+00 
 1.220356e+01 -1.132388e+00 
 1.220389e+01 -1.132391e+00 
 1.220421e+01 -1.132396e+00 
 1.220453e+01 -1.132402e+00 
 1.220486e+01 -1.132406e+00 
 1.220518e+01 -1.132410e+00 
 1.220550e+01 -1.132413e+00 
 1.220583e+01 -1.132417e+00 
 1.220615e+01 -1.132422e+00 
 1.220647e+01 -1.132428e+00 
 1.220679e+01 -1.132433e+00 
 1.220712e+01 -1.132437e+00 
 1.220744e+01 -1.132443e+00 
 1.220776e+01 -1.132452e+00 
 1.220809e+01 -1.132460e+00 
 1.220841e+01 -1.132466e+00 
 1.220873e+01 -1.132471e+00 
 1.220906e+01 -1.132476e+00 
 1.220938e+01 -1.132482e+00 
 1.220970e+01 -1.132489e+00 
 1.221002e+01 -1.132494e+00 
 1.221035e+01 -1.132498e+00 
 1.221067e+01 -1.132502e+00 
 1.221099e+01 -1.132506e+00 
 1.221132e+01 -1.132511e+00 
 1.221164e+01 -1.132517e+00 
 1.221196e+01 -1.132522e+00 
 1.221229e+01 -1.132525e+00 
 1.221261e+01 -1.132530e+00 
 1.221293e+01 -1.132535e+00 
 1.221325e+01 -1.132539e+00 
 1.221358e+01 -1.132541e+00 
 1.221390e+01 -1.132543e+00 
 1.221422e+01 -1.132545e+00 
 1.221455e+01 -1.132548e+00 
 1.221487e+01 -1.132551e+00 
 1.221519e+01 -1.132554e+00 
 1.221552e+01 -1.132556e+00 
 1.221584e+01 -1.132558e+00 
 1.221616e+01 -1.132559e+00 
 1.221648e+01 -1.132560e+00 
 1.221681e+01 -1.132562e+00 
 1.221713e+01 -1.132563e+00 
 1.221745e+01 -1.132562e+00 
 1.221778e+01 -1.132561e+00 
 1.221810e+01 -1.132562e+00 
 1.221842e+01 -1.132562e+00 
 1.221875e+01 -1.132561e+00 
 1.221907e+01 -1.132560e+00 
 1.221939e+01 -1.132559e+00 
 1.221971e+01 -1.132559e+00 
 1.222004e+01 -1.132560e+00 
 1.222036e+01 -1.132560e+00 
 1.222068e+01 -1.132558e+00 
 1.222101e+01 -1.132555e+00 
 1.222133e+01 -1.132551e+00 
 1.222165e+01 -1.132548e+00 
 1.222198e+01 -1.132545e+00 
 1.222230e+01 -1.132540e+00 
 1.222262e+01 -1.132535e+00 
 1.222294e+01 -1.132532e+00 
 1.222327e+01 -1.132529e+00 
 1.222359e+01 -1.132527e+00 
 1.222391e+01 -1.132523e+00 
 1.222424e+01 -1.132520e+00 
 1.222456e+01 -1.132516e+00 
 1.222488e+01 -1.132513e+00 
 1.222521e+01 -1.132510e+00 
 1.222553e+01 -1.132506e+00 
 1.222585e+01 -1.132500e+00 
 1.222617e+01 -1.132493e+00 
 1.222650e+01 -1.132485e+00 
 1.222682e+01 -1.132478e+00 
 1.222714e+01 -1.132471e+00 
 1.222747e+01 -1.132463e+00 
 1.222779e+01 -1.132455e+00 
 1.222811e+01 -1.132448e+00 
 1.222844e+01 -1.132442e+00 
 1.222876e+01 -1.132436e+00 
 1.222908e+01 -1.132429e+00 
 1.222940e+01 -1.132420e+00 
 1.222973e+01 -1.132412e+00 
 1.223005e+01 -1.132404e+00 
 1.223037e+01 -1.132396e+00 
 1.223070e+01 -1.132387e+00 
 1.223102e+01 -1.132379e+00 
 1.223134e+01 -1.132371e+00 
 1.223167e+01 -1.132363e+00 
 1.223199e+01 -1.132356e+00 
 1.223231e+01 -1.132350e+00 
 1.223263e+01 -1.132344e+00 
 1.223296e+01 -1.132338e+00 
 1.223328e+01 -1.132333e+00 
 1.223360e+01 -1.132328e+00 
 1.223393e+01 -1.132323e+00 
 1.223425e+01 -1.132316e+00 
 1.223457e+01 -1.132310e+00 
 1.223490e+01 -1.132303e+00 
 1.223522e+01 -1.132297e+00 
 1.223554e+01 -1.132293e+00 
 1.223586e+01 -1.132288e+00 
 1.223619e+01 -1.132286e+00 
 1.223651e+01 -1.132282e+00 
 1.223683e+01 -1.132280e+00 
 1.223716e+01 -1.132278e+00 
 1.223748e+01 -1.132276e+00 
 1.223780e+01 -1.132274e+00 
 1.223813e+01 -1.132272e+00 
 1.223845e+01 -1.132271e+00 
 1.223877e+01 -1.132270e+00 
 1.223909e+01 -1.132269e+00 
 1.223942e+01 -1.132267e+00 
 1.223974e+01 -1.132265e+00 
 1.224006e+01 -1.132264e+00 
 1.224039e+01 -1.132264e+00 
 1.224071e+01 -1.132264e+00 
 1.224103e+01 -1.132264e+00 
 1.224135e+01 -1.132265e+00 
 1.224168e+01 -1.132265e+00 
 1.224200e+01 -1.132266e+00 
 1.224232e+01 -1.132266e+00 
 1.224265e+01 -1.132267e+00 
 1.224297e+01 -1.132266e+00 
 1.224329e+01 -1.132266e+00 
 1.224362e+01 -1.132267e+00 
 1.224394e+01 -1.132268e+00 
 1.224426e+01 -1.132268e+00 
 1.224458e+01 -1.132268e+00 
 1.224491e+01 -1.132269e+00 
 1.224523e+01 -1.132269e+00 
 1.224555e+01 -1.132270e+00 
 1.224588e+01 -1.132270e+00 
 1.224620e+01 -1.132269e+00 
 1.224652e+01 -1.132269e+00 
 1.224685e+01 -1.132269e+00 
 1.224717e+01 -1.132269e+00 
 1.224749e+01 -1.132269e+00 
 1.224781e+01 -1.132270e+00 
 1.224814e+01 -1.132271e+00 
 1.224846e+01 -1.132272e+00 
 1.224878e+01 -1.132274e+00 
 1.224911e+01 -1.132275e+00 
 1.224943e+01 -1.132276e+00 
 1.224975e+01 -1.132277e+00 
 1.225008e+01 -1.132277e+00 
 1.225040e+01 -1.132278e+00 
 1.225072e+01 -1.132279e+00 
 1.225104e+01 -1.132277e+00 
 1.225137e+01 -1.132276e+00 
 1.225169e+01 -1.132276e+00 
 1.225201e+01 -1.132277e+00 
 1.225234e+01 -1.132279e+00 
 1.225266e+01 -1.132281e+00 
 1.225298e+01 -1.132283e+00 
 1.225331e+01 -1.132285e+00 
 1.225363e+01 -1.132286e+00 
 1.225395e+01 -1.132288e+00 
 1.225427e+01 -1.132290e+00 
 1.225460e+01 -1.132291e+00 
 1.225492e+01 -1.132292e+00 
 1.225524e+01 -1.132293e+00 
 1.225557e+01 -1.132295e+00 
 1.225589e+01 -1.132297e+00 
 1.225621e+01 -1.132299e+00 
 1.225654e+01 -1.132300e+00 
 1.225686e+01 -1.132303e+00 
 1.225718e+01 -1.132307e+00 
 1.225750e+01 -1.132311e+00 
 1.225783e+01 -1.132314e+00 
 1.225815e+01 -1.132318e+00 
 1.225847e+01 -1.132320e+00 
 1.225880e+01 -1.132322e+00 
 1.225912e+01 -1.132325e+00 
 1.225944e+01 -1.132329e+00 
 1.225977e+01 -1.132332e+00 
 1.226009e+01 -1.132335e+00 
 1.226041e+01 -1.132339e+00 
 1.226073e+01 -1.132345e+00 
 1.226106e+01 -1.132351e+00 
 1.226138e+01 -1.132356e+00 
 1.226170e+01 -1.132360e+00 
 1.226203e+01 -1.132365e+00 
 1.226235e+01 -1.132369e+00 
 1.226267e+01 -1.132373e+00 
 1.226300e+01 -1.132377e+00 
 1.226332e+01 -1.132381e+00 
 1.226364e+01 -1.132384e+00 
 1.226396e+01 -1.132388e+00 
 1.226429e+01 -1.132393e+00 
 1.226461e+01 -1.132398e+00 
 1.226493e+01 -1.132403e+00 
 1.226526e+01 -1.132408e+00 
 1.226558e+01 -1.132413e+00 
 1.226590e+01 -1.132419e+00 
 1.226623e+01 -1.132426e+00 
 1.226655e+01 -1.132430e+00 
 1.226687e+01 -1.132432e+00 
 1.226719e+01 -1.132434e+00 
 1.226752e+01 -1.132437e+00 
 1.226784e+01 -1.132440e+00 
 1.226816e+01 -1.132442e+00 
 1.226849e+01 -1.132444e+00 
 1.226881e+01 -1.132446e+00 
 1.226913e+01 -1.132448e+00 
 1.226946e+01 -1.132450e+00 
 1.226978e+01 -1.132452e+00 
 1.227010e+01 -1.132452e+00 
 1.227042e+01 -1.132451e+00 
 1.227075e+01 -1.132450e+00 
 1.227107e+01 -1.132450e+00 
 1.227139e+01 -1.132450e+00 
 1.227172e+01 -1.132448e+00 
 1.227204e+01 -1.132444e+00 
 1.227236e+01 -1.132441e+00 
 1.227269e+01 -1.132438e+00 
 1.227301e+01 -1.132436e+00 
 1.227333e+01 -1.132434e+00 
 1.227365e+01 -1.132431e+00 
 1.227398e+01 -1.132427e+00 
 1.227430e+01 -1.132423e+00 
 1.227462e+01 -1.132418e+00 
 1.227495e+01 -1.132413e+00 
 1.227527e+01 -1.132406e+00 
 1.227559e+01 -1.132399e+00 
 1.227591e+01 -1.132391e+00 
 1.227624e+01 -1.132386e+00 
 1.227656e+01 -1.132381e+00 
 1.227688e+01 -1.132375e+00 
 1.227721e+01 -1.132368e+00 
 1.227753e+01 -1.132362e+00 
 1.227785e+01 -1.132357e+00 
 1.227818e+01 -1.132351e+00 
 1.227850e+01 -1.132345e+00 
 1.227882e+01 -1.132338e+00 
 1.227914e+01 -1.132330e+00 
 1.227947e+01 -1.132321e+00 
 1.227979e+01 -1.132313e+00 
 1.228011e+01 -1.132305e+00 
 1.228044e+01 -1.132296e+00 
 1.228076e+01 -1.132287e+00 
 1.228108e+01 -1.132280e+00 
 1.228141e+01 -1.132275e+00 
 1.228173e+01 -1.132271e+00 
 1.228205e+01 -1.132266e+00 
 1.228237e+01 -1.132261e+00 
 1.228270e+01 -1.132255e+00 
 1.228302e+01 -1.132251e+00 
 1.228334e+01 -1.132246e+00 
 1.228367e+01 -1.132241e+00 
 1.228399e+01 -1.132235e+00 
 1.228431e+01 -1.132230e+00 
 1.228464e+01 -1.132225e+00 
 1.228496e+01 -1.132222e+00 
 1.228528e+01 -1.132220e+00 
 1.228560e+01 -1.132218e+00 
 1.228593e+01 -1.132216e+00 
 1.228625e+01 -1.132216e+00 
 1.228657e+01 -1.132217e+00 
 1.228690e+01 -1.132219e+00 
 1.228722e+01 -1.132219e+00 
 1.228754e+01 -1.132219e+00 
 1.228787e+01 -1.132219e+00 
 1.228819e+01 -1.132220e+00 
 1.228851e+01 -1.132221e+00 
 1.228883e+01 -1.132223e+00 
 1.228916e+01 -1.132225e+00 
 1.228948e+01 -1.132228e+00 
 1.228980e+01 -1.132233e+00 
 1.229013e+01 -1.132239e+00 
 1.229045e+01 -1.132246e+00 
 1.229077e+01 -1.132253e+00 
 1.229110e+01 -1.132258e+00 
 1.229142e+01 -1.132264e+00 
 1.229174e+01 -1.132271e+00 
 1.229206e+01 -1.132278e+00 
 1.229239e+01 -1.132284e+00 
 1.229271e+01 -1.132289e+00 
 1.229303e+01 -1.132295e+00 
 1.229336e+01 -1.132303e+00 
 1.229368e+01 -1.132311e+00 
 1.229400e+01 -1.132319e+00 
 1.229433e+01 -1.132327e+00 
 1.229465e+01 -1.132336e+00 
 1.229497e+01 -1.132346e+00 
 1.229529e+01 -1.132355e+00 
 1.229562e+01 -1.132365e+00 
 1.229594e+01 -1.132373e+00 
 1.229626e+01 -1.132381e+00 
 1.229659e+01 -1.132387e+00 
 1.229691e+01 -1.132395e+00 
 1.229723e+01 -1.132403e+00 
 1.229756e+01 -1.132409e+00 
 1.229788e+01 -1.132415e+00 
 1.229820e+01 -1.132422e+00 
 1.229852e+01 -1.132430e+00 
 1.229885e+01 -1.132437e+00 
 1.229917e+01 -1.132445e+00 
 1.229949e+01 -1.132452e+00 
 1.229982e+01 -1.132458e+00 
 1.230014e+01 -1.132465e+00 
 1.230046e+01 -1.132471e+00 
 1.230079e+01 -1.132477e+00 
 1.230111e+01 -1.132482e+00 
 1.230143e+01 -1.132486e+00 
 1.230175e+01 -1.132490e+00 
 1.230208e+01 -1.132495e+00 
 1.230240e+01 -1.132500e+00 
 1.230272e+01 -1.132504e+00 
 1.230305e+01 -1.132508e+00 
 1.230337e+01 -1.132511e+00 
 1.230369e+01 -1.132515e+00 
 1.230402e+01 -1.132519e+00 
 1.230434e+01 -1.132522e+00 
 1.230466e+01 -1.132525e+00 
 1.230498e+01 -1.132527e+00 
 1.230531e+01 -1.132528e+00 
 1.230563e+01 -1.132530e+00 
 1.230595e+01 -1.132531e+00 
 1.230628e+01 -1.132532e+00 
 1.230660e+01 -1.132532e+00 
 1.230692e+01 -1.132532e+00 
 1.230725e+01 -1.132533e+00 
 1.230757e+01 -1.132534e+00 
 1.230789e+01 -1.132534e+00 
 1.230821e+01 -1.132533e+00 
 1.230854e+01 -1.132533e+00 
 1.230886e+01 -1.132533e+00 
 1.230918e+01 -1.132533e+00 
 1.230951e+01 -1.132532e+00 
 1.230983e+01 -1.132530e+00 
 1.231015e+01 -1.132528e+00 
 1.231047e+01 -1.132526e+00 
 1.231080e+01 -1.132525e+00 
 1.231112e+01 -1.132522e+00 
 1.231144e+01 -1.132520e+00 
 1.231177e+01 -1.132517e+00 
 1.231209e+01 -1.132515e+00 
 1.231241e+01 -1.132513e+00 
 1.231274e+01 -1.132511e+00 
 1.231306e+01 -1.132509e+00 
 1.231338e+01 -1.132506e+00 
 1.231370e+01 -1.132504e+00 
 1.231403e+01 -1.132503e+00 
 1.231435e+01 -1.132501e+00 
 1.231467e+01 -1.132498e+00 
 1.231500e+01 -1.132495e+00 
 1.231532e+01 -1.132492e+00 
 1.231564e+01 -1.132490e+00 
 1.231597e+01 -1.132489e+00 
 1.231629e+01 -1.132486e+00 
 1.231661e+01 -1.132484e+00 
 1.231693e+01 -1.132482e+00 
 1.231726e+01 -1.132480e+00 
 1.231758e+01 -1.132479e+00 
 1.231790e+01 -1.132478e+00 
 1.231823e+01 -1.132476e+00 
 1.231855e+01 -1.132474e+00 
 1.231887e+01 -1.132473e+00 
 1.231920e+01 -1.132471e+00 
 1.231952e+01 -1.132469e+00 
 1.231984e+01 -1.132468e+00 
 1.232016e+01 -1.132466e+00 
 1.232049e+01 -1.132464e+00 
 1.232081e+01 -1.132464e+00 
 1.232113e+01 -1.132465e+00 
 1.232146e+01 -1.132464e+00 
 1.232178e+01 -1.132463e+00 
 1.232210e+01 -1.132461e+00 
 1.232243e+01 -1.132460e+00 
 1.232275e+01 -1.132459e+00 
 1.232307e+01 -1.132458e+00 
 1.232339e+01 -1.132455e+00 
 1.232372e+01 -1.132452e+00 
 1.232404e+01 -1.132450e+00 
 1.232436e+01 -1.132448e+00 
 1.232469e+01 -1.132446e+00 
 1.232501e+01 -1.132445e+00 
 1.232533e+01 -1.132443e+00 
 1.232566e+01 -1.132442e+00 
 1.232598e+01 -1.132442e+00 
 1.232630e+01 -1.132443e+00 
 1.232662e+01 -1.132442e+00 
 1.232695e+01 -1.132440e+00 
 1.232727e+01 -1.132437e+00 
 1.232759e+01 -1.132435e+00 
 1.232792e+01 -1.132432e+00 
 1.232824e+01 -1.132429e+00 
 1.232856e+01 -1.132426e+00 
 1.232889e+01 -1.132423e+00 
 1.232921e+01 -1.132420e+00 
 1.232953e+01 -1.132419e+00 
 1.232985e+01 -1.132418e+00 
 1.233018e+01 -1.132417e+00 
 1.233050e+01 -1.132415e+00 
 1.233082e+01 -1.132412e+00 
 1.233115e+01 -1.132411e+00 
 1.233147e+01 -1.132411e+00 
 1.233179e+01 -1.132408e+00 
 1.233212e+01 -1.132404e+00 
 1.233244e+01 -1.132400e+00 
 1.233276e+01 -1.132397e+00 
 1.233308e+01 -1.132394e+00 
 1.233341e+01 -1.132392e+00 
 1.233373e+01 -1.132390e+00 
 1.233405e+01 -1.132388e+00 
 1.233438e+01 -1.132387e+00 
 1.233470e+01 -1.132387e+00 
 1.233502e+01 -1.132386e+00 
 1.233535e+01 -1.132384e+00 
 1.233567e+01 -1.132381e+00 
 1.233599e+01 -1.132378e+00 
 1.233631e+01 -1.132376e+00 
 1.233664e+01 -1.132376e+00 
 1.233696e+01 -1.132374e+00 
 1.233728e+01 -1.132372e+00 
 1.233761e+01 -1.132371e+00 
 1.233793e+01 -1.132370e+00 
 1.233825e+01 -1.132371e+00 
 1.233858e+01 -1.132372e+00 
 1.233890e+01 -1.132372e+00 
 1.233922e+01 -1.132373e+00 
 1.233954e+01 -1.132374e+00 
 1.233987e+01 -1.132374e+00 
 1.234019e+01 -1.132374e+00 
 1.234051e+01 -1.132373e+00 
 1.234084e+01 -1.132372e+00 
 1.234116e+01 -1.132372e+00 
 1.234148e+01 -1.132373e+00 
 1.234181e+01 -1.132376e+00 
 1.234213e+01 -1.132379e+00 
 1.234245e+01 -1.132381e+00 
 1.234277e+01 -1.132384e+00 
 1.234310e+01 -1.132388e+00 
 1.234342e+01 -1.132392e+00 
 1.234374e+01 -1.132395e+00 
 1.234407e+01 -1.132398e+00 
 1.234439e+01 -1.132401e+00 
 1.234471e+01 -1.132403e+00 
 1.234503e+01 -1.132406e+00 
 1.234536e+01 -1.132409e+00 
 1.234568e+01 -1.132413e+00 
 1.234600e+01 -1.132416e+00 
 1.234633e+01 -1.132420e+00 
 1.234665e+01 -1.132426e+00 
 1.234697e+01 -1.132433e+00 
 1.234730e+01 -1.132438e+00 
 1.234762e+01 -1.132443e+00 
 1.234794e+01 -1.132447e+00 
 1.234826e+01 -1.132452e+00 
 1.234859e+01 -1.132456e+00 
 1.234891e+01 -1.132459e+00 
 1.234923e+01 -1.132462e+00 
 1.234956e+01 -1.132465e+00 
 1.234988e+01 -1.132469e+00 
 1.235020e+01 -1.132473e+00 
 1.235053e+01 -1.132478e+00 
 1.235085e+01 -1.132482e+00 
 1.235117e+01 -1.132486e+00 
 1.235149e+01 -1.132491e+00 
 1.235182e+01 -1.132496e+00 
 1.235214e+01 -1.132500e+00 
 1.235246e+01 -1.132503e+00 
 1.235279e+01 -1.132505e+00 
 1.235311e+01 -1.132506e+00 
 1.235343e+01 -1.132508e+00 
 1.235376e+01 -1.132509e+00 
 1.235408e+01 -1.132511e+00 
 1.235440e+01 -1.132513e+00 
 1.235472e+01 -1.132514e+00 
 1.235505e+01 -1.132517e+00 
 1.235537e+01 -1.132520e+00 
 1.235569e+01 -1.132522e+00 
 1.235602e+01 -1.132523e+00 
 1.235634e+01 -1.132523e+00 
 1.235666e+01 -1.132523e+00 
 1.235699e+01 -1.132523e+00 
 1.235731e+01 -1.132523e+00 
 1.235763e+01 -1.132521e+00 
 1.235795e+01 -1.132519e+00 
 1.235828e+01 -1.132516e+00 
 1.235860e+01 -1.132514e+00 
 1.235892e+01 -1.132513e+00 
 1.235925e+01 -1.132511e+00 
 1.235957e+01 -1.132509e+00 
 1.235989e+01 -1.132507e+00 
 1.236022e+01 -1.132504e+00 
 1.236054e+01 -1.132502e+00 
 1.236086e+01 -1.132498e+00 
 1.236118e+01 -1.132494e+00 
 1.236151e+01 -1.132489e+00 
 1.236183e+01 -1.132484e+00 
 1.236215e+01 -1.132479e+00 
 1.236248e+01 -1.132475e+00 
 1.236280e+01 -1.132470e+00 
 1.236312e+01 -1.132464e+00 
 1.236345e+01 -1.132459e+00 
 1.236377e+01 -1.132455e+00 
 1.236409e+01 -1.132451e+00 
 1.236441e+01 -1.132446e+00 
 1.236474e+01 -1.132441e+00 
 1.236506e+01 -1.132435e+00 
 1.236538e+01 -1.132430e+00 
 1.236571e+01 -1.132425e+00 
 1.236603e+01 -1.132419e+00 
 1.236635e+01 -1.132413e+00 
 1.236668e+01 -1.132407e+00 
 1.236700e+01 -1.132402e+00 
 1.236732e+01 -1.132397e+00 
 1.236764e+01 -1.132393e+00 
 1.236797e+01 -1.132389e+00 
 1.236829e+01 -1.132384e+00 
 1.236861e+01 -1.132380e+00 
 1.236894e+01 -1.132376e+00 
 1.236926e+01 -1.132372e+00 
 1.236958e+01 -1.132369e+00 
 1.236991e+01 -1.132365e+00 
 1.237023e+01 -1.132361e+00 
 1.237055e+01 -1.132358e+00 
 1.237087e+01 -1.132355e+00 
 1.237120e+01 -1.132353e+00 
 1.237152e+01 -1.132350e+00 
 1.237184e+01 -1.132347e+00 
 1.237217e+01 -1.132345e+00 
 1.237249e+01 -1.132344e+00 
 1.237281e+01 -1.132343e+00 
 1.237314e+01 -1.132341e+00 
 1.237346e+01 -1.132340e+00 
 1.237378e+01 -1.132338e+00 
 1.237410e+01 -1.132338e+00 
 1.237443e+01 -1.132338e+00 
 1.237475e+01 -1.132337e+00 
 1.237507e+01 -1.132337e+00 
 1.237540e+01 -1.132337e+00 
 1.237572e+01 -1.132338e+00 
 1.237604e+01 -1.132337e+00 
 1.237637e+01 -1.132337e+00 
 1.237669e+01 -1.132336e+00 
 1.237701e+01 -1.132335e+00 
 1.237733e+01 -1.132335e+00 
 1.237766e+01 -1.132336e+00 
 1.237798e+01 -1.132337e+00 
 1.237830e+01 -1.132337e+00 
 1.237863e+01 -1.132338e+00 
 1.237895e+01 -1.132338e+00 
 1.237927e+01 -1.132340e+00 
 1.237960e+01 -1.132342e+00 
 1.237992e+01 -1.132343e+00 
 1.238024e+01 -1.132344e+00 
 1.238056e+01 -1.132344e+00 
 1.238089e+01 -1.132345e+00 
 1.238121e+01 -1.132344e+00 
 1.238153e+01 -1.132344e+00 
 1.238186e+01 -1.132344e+00 
 1.238218e+01 -1.132344e+00 
 1.238250e+01 -1.132345e+00 
 1.238282e+01 -1.132347e+00 
 1.238315e+01 -1.132349e+00 
 1.238347e+01 -1.132351e+00 
 1.238379e+01 -1.132352e+00 
 1.238412e+01 -1.132353e+00 
 1.238444e+01 -1.132355e+00 
 1.238476e+01 -1.132356e+00 
 1.238509e+01 -1.132357e+00 
 1.238541e+01 -1.132358e+00 
 1.238573e+01 -1.132359e+00 
 1.238605e+01 -1.132359e+00 
 1.238638e+01 -1.132359e+00 
 1.238670e+01 -1.132360e+00 
 1.238702e+01 -1.132361e+00 
 1.238735e+01 -1.132363e+00 
 1.238767e+01 -1.132366e+00 
 1.238799e+01 -1.132369e+00 
 1.238832e+01 -1.132371e+00 
 1.238864e+01 -1.132373e+00 
 1.238896e+01 -1.132375e+00 
 1.238928e+01 -1.132376e+00 
 1.238961e+01 -1.132378e+00 
 1.238993e+01 -1.132380e+00 
 1.239025e+01 -1.132381e+00 
 1.239058e+01 -1.132383e+00 
 1.239090e+01 -1.132385e+00 
 1.239122e+01 -1.132387e+00 
 1.239155e+01 -1.132389e+00 
 1.239187e+01 -1.132392e+00 
 1.239219e+01 -1.132394e+00 
 1.239251e+01 -1.132397e+00 
 1.239284e+01 -1.132400e+00 
 1.239316e+01 -1.132403e+00 
 1.239348e+01 -1.132406e+00 
 1.239381e+01 -1.132408e+00 
 1.239413e+01 -1.132411e+00 
 1.239445e+01 -1.132413e+00 
 1.239478e+01 -1.132416e+00 
 1.239510e+01 -1.132419e+00 
 1.239542e+01 -1.132423e+00 
 1.239574e+01 -1.132426e+00 
 1.239607e+01 -1.132429e+00 
 1.239639e+01 -1.132432e+00 
 1.239671e+01 -1.132435e+00 
 1.239704e+01 -1.132437e+00 
 1.239736e+01 -1.132440e+00 
 1.239768e+01 -1.132442e+00 
 1.239801e+01 -1.132445e+00 
 1.239833e+01 -1.132449e+00 
 1.239865e+01 -1.132452e+00 
 1.239897e+01 -1.132455e+00 
 1.239930e+01 -1.132458e+00 
 1.239962e+01 -1.132461e+00 
 1.239994e+01 -1.132465e+00 
 1.240027e+01 -1.132468e+00 
 1.240059e+01 -1.132471e+00 
 1.240091e+01 -1.132474e+00 
 1.240124e+01 -1.132475e+00 
 1.240156e+01 -1.132476e+00 
 1.240188e+01 -1.132476e+00 
 1.240220e+01 -1.132477e+00 
 1.240253e+01 -1.132478e+00 
 1.240285e+01 -1.132479e+00 
 1.240317e+01 -1.132481e+00 
 1.240350e+01 -1.132484e+00 
 1.240382e+01 -1.132485e+00 
 1.240414e+01 -1.132487e+00 
 1.240447e+01 -1.132487e+00 
 1.240479e+01 -1.132488e+00 
 1.240511e+01 -1.132487e+00 
 1.240543e+01 -1.132487e+00 
 1.240576e+01 -1.132486e+00 
 1.240608e+01 -1.132486e+00 
 1.240640e+01 -1.132484e+00 
 1.240673e+01 -1.132482e+00 
 1.240705e+01 -1.132480e+00 
 1.240737e+01 -1.132479e+00 
 1.240770e+01 -1.132478e+00 
 1.240802e+01 -1.132477e+00 
 1.240834e+01 -1.132477e+00 
 1.240866e+01 -1.132476e+00 
 1.240899e+01 -1.132474e+00 
 1.240931e+01 -1.132471e+00 
 1.240963e+01 -1.132467e+00 
 1.240996e+01 -1.132463e+00 
 1.241028e+01 -1.132459e+00 
 1.241060e+01 -1.132456e+00 
 1.241093e+01 -1.132452e+00 
 1.241125e+01 -1.132450e+00 
 1.241157e+01 -1.132447e+00 
 1.241189e+01 -1.132444e+00 
 1.241222e+01 -1.132441e+00 
 1.241254e+01 -1.132438e+00 
 1.241286e+01 -1.132436e+00 
 1.241319e+01 -1.132433e+00 
 1.241351e+01 -1.132429e+00 
 1.241383e+01 -1.132426e+00 
 1.241416e+01 -1.132421e+00 
 1.241448e+01 -1.132416e+00 
 1.241480e+01 -1.132411e+00 
 1.241512e+01 -1.132407e+00 
 1.241545e+01 -1.132403e+00 
 1.241577e+01 -1.132400e+00 
 1.241609e+01 -1.132398e+00 
 1.241642e+01 -1.132397e+00 
 1.241674e+01 -1.132395e+00 
 1.241706e+01 -1.132393e+00 
 1.241738e+01 -1.132390e+00 
 1.241771e+01 -1.132388e+00 
 1.241803e+01 -1.132385e+00 
 1.241835e+01 -1.132383e+00 
 1.241868e+01 -1.132380e+00 
 1.241900e+01 -1.132377e+00 
 1.241932e+01 -1.132374e+00 
 1.241965e+01 -1.132372e+00 
 1.241997e+01 -1.132370e+00 
 1.242029e+01 -1.132369e+00 
 1.242061e+01 -1.132367e+00 
 1.242094e+01 -1.132367e+00 
 1.242126e+01 -1.132368e+00 
 1.242158e+01 -1.132369e+00 
 1.242191e+01 -1.132369e+00 
 1.242223e+01 -1.132368e+00 
 1.242255e+01 -1.132368e+00 
 1.242288e+01 -1.132368e+00 
 1.242320e+01 -1.132368e+00 
 1.242352e+01 -1.132368e+00 
 1.242384e+01 -1.132369e+00 
 1.242417e+01 -1.132369e+00 
 1.242449e+01 -1.132370e+00 
 1.242481e+01 -1.132371e+00 
 1.242514e+01 -1.132372e+00 
 1.242546e+01 -1.132373e+00 
 1.242578e+01 -1.132374e+00 
 1.242611e+01 -1.132376e+00 
 1.242643e+01 -1.132379e+00 
 1.242675e+01 -1.132382e+00 
 1.242707e+01 -1.132383e+00 
 1.242740e+01 -1.132385e+00 
 1.242772e+01 -1.132387e+00 
 1.242804e+01 -1.132388e+00 
 1.242837e+01 -1.132390e+00 
 1.242869e+01 -1.132392e+00 
 1.242901e+01 -1.132393e+00 
 1.242934e+01 -1.132395e+00 
 1.242966e+01 -1.132396e+00 
 1.242998e+01 -1.132397e+00 
 1.243030e+01 -1.132398e+00 
 1.243063e+01 -1.132399e+00 
 1.243095e+01 -1.132400e+00 
 1.243127e+01 -1.132402e+00 
 1.243160e+01 -1.132405e+00 
 1.243192e+01 -1.132408e+00 
 1.243224e+01 -1.132410e+00 
 1.243257e+01 -1.132411e+00 
 1.243289e+01 -1.132412e+00 
 1.243321e+01 -1.132413e+00 
 1.243353e+01 -1.132414e+00 
 1.243386e+01 -1.132415e+00 
 1.243418e+01 -1.132416e+00 
 1.243450e+01 -1.132416e+00 
 1.243483e+01 -1.132417e+00 
 1.243515e+01 -1.132418e+00 
 1.243547e+01 -1.132419e+00 
 1.243580e+01 -1.132421e+00 
 1.243612e+01 -1.132421e+00 
 1.243644e+01 -1.132423e+00 
 1.243676e+01 -1.132426e+00 
 1.243709e+01 -1.132428e+00 
 1.243741e+01 -1.132429e+00 
 1.243773e+01 -1.132429e+00 
 1.243806e+01 -1.132429e+00 
 1.243838e+01 -1.132429e+00 
 1.243870e+01 -1.132429e+00 
 1.243903e+01 -1.132430e+00 
 1.243935e+01 -1.132430e+00 
 1.243967e+01 -1.132431e+00 
 1.243999e+01 -1.132432e+00 
 1.244032e+01 -1.132434e+00 
 1.244064e+01 -1.132436e+00 
 1.244096e+01 -1.132436e+00 
 1.244129e+01 -1.132437e+00 
 1.244161e+01 -1.132437e+00 
 1.244193e+01 -1.132439e+00 
 1.244226e+01 -1.132439e+00 
 1.244258e+01 -1.132439e+00 
 1.244290e+01 -1.132438e+00 
 1.244322e+01 -1.132438e+00 
 1.244355e+01 -1.132438e+00 
 1.244387e+01 -1.132438e+00 
 1.244419e+01 -1.132439e+00 
 1.244452e+01 -1.132440e+00 
 1.244484e+01 -1.132441e+00 
 1.244516e+01 -1.132442e+00 
 1.244549e+01 -1.132443e+00 
 1.244581e+01 -1.132444e+00 
 1.244613e+01 -1.132445e+00 
 1.244645e+01 -1.132445e+00 
 1.244678e+01 -1.132445e+00 
 1.244710e+01 -1.132446e+00 
 1.244742e+01 -1.132446e+00 
 1.244775e+01 -1.132446e+00 
 1.244807e+01 -1.132446e+00 
 1.244839e+01 -1.132446e+00 
 1.244872e+01 -1.132446e+00 
 1.244904e+01 -1.132448e+00 
 1.244936e+01 -1.132449e+00 
 1.244968e+01 -1.132450e+00 
 1.245001e+01 -1.132451e+00 
 1.245033e+01 -1.132452e+00 
 1.245065e+01 -1.132453e+00 
 1.245098e+01 -1.132455e+00 
 1.245130e+01 -1.132457e+00 
 1.245162e+01 -1.132458e+00 
 1.245194e+01 -1.132459e+00 
 1.245227e+01 -1.132460e+00 
 1.245259e+01 -1.132461e+00 
 1.245291e+01 -1.132462e+00 
 1.245324e+01 -1.132463e+00 
 1.245356e+01 -1.132463e+00 
 1.245388e+01 -1.132464e+00 
 1.245421e+01 -1.132464e+00 
 1.245453e+01 -1.132466e+00 
 1.245485e+01 -1.132466e+00 
 1.245517e+01 -1.132467e+00 
 1.245550e+01 -1.132468e+00 
 1.245582e+01 -1.132469e+00 
 1.245614e+01 -1.132472e+00 
 1.245647e+01 -1.132474e+00 
 1.245679e+01 -1.132474e+00 
 1.245711e+01 -1.132474e+00 
 1.245744e+01 -1.132474e+00 
 1.245776e+01 -1.132474e+00 
 1.245808e+01 -1.132474e+00 
 1.245840e+01 -1.132473e+00 
 1.245873e+01 -1.132472e+00 
 1.245905e+01 -1.132471e+00 
 1.245937e+01 -1.132471e+00 
 1.245970e+01 -1.132471e+00 
 1.246002e+01 -1.132470e+00 
 1.246034e+01 -1.132470e+00 
 1.246067e+01 -1.132469e+00 
 1.246099e+01 -1.132468e+00 
 1.246131e+01 -1.132469e+00 
 1.246163e+01 -1.132469e+00 
 1.246196e+01 -1.132466e+00 
 1.246228e+01 -1.132464e+00 
 1.246260e+01 -1.132462e+00 
 1.246293e+01 -1.132460e+00 
 1.246325e+01 -1.132458e+00 
 1.246357e+01 -1.132455e+00 
 1.246390e+01 -1.132453e+00 
 1.246422e+01 -1.132452e+00 
 1.246454e+01 -1.132451e+00 
 1.246486e+01 -1.132450e+00 
 1.246519e+01 -1.132449e+00 
 1.246551e+01 -1.132446e+00 
 1.246583e+01 -1.132444e+00 
 1.246616e+01 -1.132441e+00 
 1.246648e+01 -1.132439e+00 
 1.246680e+01 -1.132437e+00 
 1.246713e+01 -1.132434e+00 
 1.246745e+01 -1.132431e+00 
 1.246777e+01 -1.132429e+00 
 1.246809e+01 -1.132428e+00 
 1.246842e+01 -1.132426e+00 
 1.246874e+01 -1.132424e+00 
 1.246906e+01 -1.132423e+00 
 1.246939e+01 -1.132422e+00 
 1.246971e+01 -1.132422e+00 
 1.247003e+01 -1.132421e+00 
 1.247036e+01 -1.132419e+00 
 1.247068e+01 -1.132417e+00 
 1.247100e+01 -1.132415e+00 
 1.247132e+01 -1.132414e+00 
 1.247165e+01 -1.132413e+00 
 1.247197e+01 -1.132414e+00 
 1.247229e+01 -1.132413e+00 
 1.247262e+01 -1.132413e+00 
 1.247294e+01 -1.132414e+00 
 1.247326e+01 -1.132414e+00 
 1.247359e+01 -1.132415e+00 
 1.247391e+01 -1.132416e+00 
 1.247423e+01 -1.132417e+00 
 1.247455e+01 -1.132418e+00 
 1.247488e+01 -1.132420e+00 
 1.247520e+01 -1.132422e+00 
 1.247552e+01 -1.132424e+00 
 1.247585e+01 -1.132426e+00 
 1.247617e+01 -1.132429e+00 
 1.247649e+01 -1.132432e+00 
 1.247682e+01 -1.132437e+00 
 1.247714e+01 -1.132441e+00 
 1.247746e+01 -1.132444e+00 
 1.247778e+01 -1.132448e+00 
 1.247811e+01 -1.132452e+00 
 1.247843e+01 -1.132455e+00 
 1.247875e+01 -1.132459e+00 
 1.247908e+01 -1.132463e+00 
 1.247940e+01 -1.132468e+00 
 1.247972e+01 -1.132473e+00 
 1.248005e+01 -1.132478e+00 
 1.248037e+01 -1.132484e+00 
 1.248069e+01 -1.132490e+00 
 1.248101e+01 -1.132497e+00 
 1.248134e+01 -1.132504e+00 
 1.248166e+01 -1.132510e+00 
 1.248198e+01 -1.132516e+00 
 1.248231e+01 -1.132521e+00 
 1.248263e+01 -1.132526e+00 
 1.248295e+01 -1.132530e+00 
 1.248328e+01 -1.132534e+00 
 1.248360e+01 -1.132539e+00 
 1.248392e+01 -1.132544e+00 
 1.248424e+01 -1.132550e+00 
 1.248457e+01 -1.132556e+00 
 1.248489e+01 -1.132562e+00 
 1.248521e+01 -1.132568e+00 
 1.248554e+01 -1.132574e+00 
 1.248586e+01 -1.132579e+00 
 1.248618e+01 -1.132584e+00 
 1.248650e+01 -1.132589e+00 
 1.248683e+01 -1.132592e+00 
 1.248715e+01 -1.132596e+00 
 1.248747e+01 -1.132599e+00 
 1.248780e+01 -1.132601e+00 
 1.248812e+01 -1.132604e+00 
 1.248844e+01 -1.132607e+00 
 1.248877e+01 -1.132610e+00 
 1.248909e+01 -1.132614e+00 
 1.248941e+01 -1.132617e+00 
 1.248973e+01 -1.132620e+00 
 1.249006e+01 -1.132622e+00 
 1.249038e+01 -1.132623e+00 
 1.249070e+01 -1.132623e+00 
 1.249103e+01 -1.132622e+00 
 1.249135e+01 -1.132622e+00 
 1.249167e+01 -1.132621e+00 
 1.249200e+01 -1.132620e+00 
 1.249232e+01 -1.132619e+00 
 1.249264e+01 -1.132619e+00 
 1.249296e+01 -1.132618e+00 
 1.249329e+01 -1.132617e+00 
 1.249361e+01 -1.132617e+00 
 1.249393e+01 -1.132616e+00 
 1.249426e+01 -1.132614e+00 
 1.249458e+01 -1.132612e+00 
 1.249490e+01 -1.132609e+00 
 1.249523e+01 -1.132606e+00 
 1.249555e+01 -1.132602e+00 
 1.249587e+01 -1.132597e+00 
 1.249619e+01 -1.132592e+00 
 1.249652e+01 -1.132588e+00 
 1.249684e+01 -1.132585e+00 
 1.249716e+01 -1.132582e+00 
 1.249749e+01 -1.132579e+00 
 1.249781e+01 -1.132577e+00 
 1.249813e+01 -1.132573e+00 
 1.249846e+01 -1.132570e+00 
 1.249878e+01 -1.132567e+00 
 1.249910e+01 -1.132563e+00 
 1.249942e+01 -1.132558e+00 
 1.249975e+01 -1.132554e+00 
 1.250007e+01 -1.132549e+00 
 1.250039e+01 -1.132545e+00 
 1.250072e+01 -1.132541e+00 
 1.250104e+01 -1.132537e+00 
 1.250136e+01 -1.132533e+00 
 1.250169e+01 -1.132530e+00 
 1.250201e+01 -1.132528e+00 
 1.250233e+01 -1.132526e+00 
 1.250265e+01 -1.132524e+00 
 1.250298e+01 -1.132522e+00 
 1.250330e+01 -1.132519e+00 
 1.250362e+01 -1.132516e+00 
 1.250395e+01 -1.132514e+00 
 1.250427e+01 -1.132511e+00 
 1.250459e+01 -1.132509e+00 
 1.250492e+01 -1.132508e+00 
 1.250524e+01 -1.132507e+00 
 1.250556e+01 -1.132506e+00 
 1.250588e+01 -1.132506e+00 
 1.250621e+01 -1.132504e+00 
 1.250653e+01 -1.132502e+00 
 1.250685e+01 -1.132501e+00 
 1.250718e+01 -1.132501e+00 
 1.250750e+01 -1.132500e+00 
 1.250782e+01 -1.132499e+00 
 1.250815e+01 -1.132498e+00 
 1.250847e+01 -1.132496e+00 
 1.250879e+01 -1.132495e+00 
 1.250911e+01 -1.132495e+00 
 1.250944e+01 -1.132495e+00 
 1.250976e+01 -1.132496e+00 
 1.251008e+01 -1.132496e+00 
 1.251041e+01 -1.132497e+00 
 1.251073e+01 -1.132497e+00 
 1.251105e+01 -1.132494e+00 
 1.251138e+01 -1.132491e+00 
 1.251170e+01 -1.132488e+00 
 1.251202e+01 -1.132485e+00 
 1.251234e+01 -1.132484e+00 
 1.251267e+01 -1.132482e+00 
 1.251299e+01 -1.132481e+00 
 1.251331e+01 -1.132480e+00 
 1.251364e+01 -1.132479e+00 
 1.251396e+01 -1.132478e+00 
 1.251428e+01 -1.132477e+00 
 1.251461e+01 -1.132476e+00 
 1.251493e+01 -1.132474e+00 
 1.251525e+01 -1.132472e+00 
 1.251557e+01 -1.132470e+00 
 1.251590e+01 -1.132466e+00 
 1.251622e+01 -1.132459e+00 
 1.251654e+01 -1.132453e+00 
 1.251687e+01 -1.132448e+00 
 1.251719e+01 -1.132444e+00 
 1.251751e+01 -1.132441e+00 
 1.251784e+01 -1.132439e+00 
 1.251816e+01 -1.132437e+00 
 1.251848e+01 -1.132434e+00 
 1.251880e+01 -1.132432e+00 
 1.251913e+01 -1.132429e+00 
 1.251945e+01 -1.132425e+00 
 1.251977e+01 -1.132421e+00 
 1.252010e+01 -1.132415e+00 
 1.252042e+01 -1.132411e+00 
 1.252074e+01 -1.132406e+00 
 1.252106e+01 -1.132402e+00 
 1.252139e+01 -1.132396e+00 
 1.252171e+01 -1.132390e+00 
 1.252203e+01 -1.132386e+00 
 1.252236e+01 -1.132384e+00 
 1.252268e+01 -1.132383e+00 
 1.252300e+01 -1.132381e+00 
 1.252333e+01 -1.132379e+00 
 1.252365e+01 -1.132376e+00 
 1.252397e+01 -1.132373e+00 
 1.252429e+01 -1.132370e+00 
 1.252462e+01 -1.132367e+00 
 1.252494e+01 -1.132363e+00 
 1.252526e+01 -1.132360e+00 
 1.252559e+01 -1.132359e+00 
 1.252591e+01 -1.132359e+00 
 1.252623e+01 -1.132361e+00 
 1.252656e+01 -1.132360e+00 
 1.252688e+01 -1.132360e+00 
 1.252720e+01 -1.132361e+00 
 1.252752e+01 -1.132362e+00 
 1.252785e+01 -1.132364e+00 
 1.252817e+01 -1.132366e+00 
 1.252849e+01 -1.132367e+00 
 1.252882e+01 -1.132368e+00 
 1.252914e+01 -1.132369e+00 
 1.252946e+01 -1.132371e+00 
 1.252979e+01 -1.132373e+00 
 1.253011e+01 -1.132376e+00 
 1.253043e+01 -1.132380e+00 
 1.253075e+01 -1.132385e+00 
 1.253108e+01 -1.132394e+00 
 1.253140e+01 -1.132401e+00 
 1.253172e+01 -1.132406e+00 
 1.253205e+01 -1.132411e+00 
 1.253237e+01 -1.132416e+00 
 1.253269e+01 -1.132422e+00 
 1.253302e+01 -1.132428e+00 
 1.253334e+01 -1.132434e+00 
 1.253366e+01 -1.132440e+00 
 1.253398e+01 -1.132445e+00 
 1.253431e+01 -1.132451e+00 
 1.253463e+01 -1.132458e+00 
 1.253495e+01 -1.132465e+00 
 1.253528e+01 -1.132472e+00 
 1.253560e+01 -1.132478e+00 
 1.253592e+01 -1.132486e+00 
 1.253625e+01 -1.132496e+00 
 1.253657e+01 -1.132504e+00 
 1.253689e+01 -1.132509e+00 
 1.253721e+01 -1.132513e+00 
 1.253754e+01 -1.132519e+00 
 1.253786e+01 -1.132525e+00 
 1.253818e+01 -1.132531e+00 
 1.253851e+01 -1.132538e+00 
 1.253883e+01 -1.132542e+00 
 1.253915e+01 -1.132547e+00 
 1.253948e+01 -1.132551e+00 
 1.253980e+01 -1.132555e+00 
 1.254012e+01 -1.132558e+00 
 1.254044e+01 -1.132560e+00 
 1.254077e+01 -1.132561e+00 
 1.254109e+01 -1.132563e+00 
 1.254141e+01 -1.132567e+00 
 1.254174e+01 -1.132570e+00 
 1.254206e+01 -1.132571e+00 
 1.254238e+01 -1.132571e+00 
 1.254271e+01 -1.132572e+00 
 1.254303e+01 -1.132573e+00 
 1.254335e+01 -1.132574e+00 
 1.254367e+01 -1.132573e+00 
 1.254400e+01 -1.132571e+00 
 1.254432e+01 -1.132568e+00 
 1.254464e+01 -1.132565e+00 
 1.254497e+01 -1.132561e+00 
 1.254529e+01 -1.132557e+00 
 1.254561e+01 -1.132551e+00 
 1.254594e+01 -1.132545e+00 
 1.254626e+01 -1.132540e+00 
 1.254658e+01 -1.132538e+00 
 1.254690e+01 -1.132536e+00 
 1.254723e+01 -1.132531e+00 
 1.254755e+01 -1.132526e+00 
 1.254787e+01 -1.132520e+00 
 1.254820e+01 -1.132515e+00 
 1.254852e+01 -1.132509e+00 
 1.254884e+01 -1.132503e+00 
 1.254917e+01 -1.132495e+00 
 1.254949e+01 -1.132486e+00 
 1.254981e+01 -1.132479e+00 
 1.255013e+01 -1.132472e+00 
 1.255046e+01 -1.132465e+00 
 1.255078e+01 -1.132460e+00 
 1.255110e+01 -1.132452e+00 
 1.255143e+01 -1.132447e+00 
 1.255175e+01 -1.132444e+00 
 1.255207e+01 -1.132442e+00 
 1.255240e+01 -1.132436e+00 
 1.255272e+01 -1.132431e+00 
 1.255304e+01 -1.132426e+00 
 1.255336e+01 -1.132421e+00 
 1.255369e+01 -1.132417e+00 
 1.255401e+01 -1.132413e+00 
 1.255433e+01 -1.132408e+00 
 1.255466e+01 -1.132404e+00 
 1.255498e+01 -1.132402e+00 
 1.255530e+01 -1.132401e+00 
 1.255563e+01 -1.132400e+00 
 1.255595e+01 -1.132398e+00 
 1.255627e+01 -1.132393e+00 
 1.255659e+01 -1.132391e+00 
 1.255692e+01 -1.132391e+00 
 1.255724e+01 -1.132391e+00 
 1.255756e+01 -1.132389e+00 
 1.255789e+01 -1.132387e+00 
 1.255821e+01 -1.132386e+00 
 1.255853e+01 -1.132387e+00 
 1.255885e+01 -1.132388e+00 
 1.255918e+01 -1.132389e+00 
 1.255950e+01 -1.132390e+00 
 1.255982e+01 -1.132392e+00 
 1.256015e+01 -1.132395e+00 
 1.256047e+01 -1.132399e+00 
 1.256079e+01 -1.132402e+00 
 1.256112e+01 -1.132404e+00 
 1.256144e+01 -1.132403e+00 
 1.256176e+01 -1.132404e+00 
 1.256208e+01 -1.132408e+00 
 1.256241e+01 -1.132411e+00 
 1.256273e+01 -1.132412e+00 
 1.256305e+01 -1.132414e+00 
 1.256338e+01 -1.132417e+00 
 1.256370e+01 -1.132420e+00 
 1.256402e+01 -1.132425e+00 
 1.256435e+01 -1.132429e+00 
 1.256467e+01 -1.132432e+00 
 1.256499e+01 -1.132435e+00 
 1.256531e+01 -1.132440e+00 
 1.256564e+01 -1.132445e+00 
 1.256596e+01 -1.132450e+00 
 1.256628e+01 -1.132454e+00 
 1.256661e+01 -1.132455e+00 
 1.256693e+01 -1.132458e+00 
 1.256725e+01 -1.132463e+00 
 1.256758e+01 -1.132468e+00 
 1.256790e+01 -1.132471e+00 
 1.256822e+01 -1.132474e+00 
 1.256854e+01 -1.132478e+00 
 1.256887e+01 -1.132482e+00 
 1.256919e+01 -1.132486e+00 
 1.256951e+01 -1.132491e+00 
 1.256984e+01 -1.132494e+00 
 1.257016e+01 -1.132497e+00 
 1.257048e+01 -1.132501e+00 
 1.257081e+01 -1.132506e+00 
 1.257113e+01 -1.132512e+00 
 1.257145e+01 -1.132516e+00 
 1.257177e+01 -1.132518e+00 
 1.257210e+01 -1.132521e+00 
 1.257242e+01 -1.132526e+00 
 1.257274e+01 -1.132530e+00 
 1.257307e+01 -1.132533e+00 
 1.257339e+01 -1.132535e+00 
 1.257371e+01 -1.132539e+00 
 1.257404e+01 -1.132543e+00 
 1.257436e+01 -1.132547e+00 
 1.257468e+01 -1.132552e+00 
 1.257500e+01 -1.132555e+00 
 1.257533e+01 -1.132558e+00 
 1.257565e+01 -1.132563e+00 
 1.257597e+01 -1.132569e+00 
 1.257630e+01 -1.132576e+00 
 1.257662e+01 -1.132581e+00 
 1.257694e+01 -1.132583e+00 
 1.257727e+01 -1.132587e+00 
 1.257759e+01 -1.132593e+00 
 1.257791e+01 -1.132598e+00 
 1.257823e+01 -1.132603e+00 
 1.257856e+01 -1.132607e+00 
 1.257888e+01 -1.132613e+00 
 1.257920e+01 -1.132619e+00 
 1.257953e+01 -1.132626e+00 
 1.257985e+01 -1.132633e+00 
 1.258017e+01 -1.132639e+00 
 1.258050e+01 -1.132644e+00 
 1.258082e+01 -1.132651e+00 
 1.258114e+01 -1.132660e+00 
 1.258146e+01 -1.132670e+00 
 1.258179e+01 -1.132677e+00 
 1.258211e+01 -1.132683e+00 
 1.258243e+01 -1.132690e+00 
 1.258276e+01 -1.132699e+00 
 1.258308e+01 -1.132708e+00 
 1.258340e+01 -1.132716e+00 
 1.258373e+01 -1.132725e+00 
 1.258405e+01 -1.132733e+00 
 1.258437e+01 -1.132743e+00 
 1.258469e+01 -1.132533e+00 
 1.258502e+01 -1.132540e+00 
 1.258534e+01 -1.132546e+00 
 1.258566e+01 -1.132550e+00 
 1.258599e+01 -1.132557e+00 
 1.258631e+01 -1.132565e+00 
 1.258663e+01 -1.132573e+00 
 1.258696e+01 -1.132579e+00 
 1.258728e+01 -1.132583e+00 
 1.258760e+01 -1.132589e+00 
 1.258792e+01 -1.132595e+00 
 1.258825e+01 -1.132601e+00 
 1.258857e+01 -1.132606e+00 
 1.258889e+01 -1.132610e+00 
 1.258922e+01 -1.132614e+00 
 1.258954e+01 -1.132618e+00 
 1.258986e+01 -1.132623e+00 
 1.259019e+01 -1.132627e+00 
 1.259051e+01 -1.132630e+00 
 1.259083e+01 -1.132633e+00 
 1.259115e+01 -1.132636e+00 
 1.259148e+01 -1.132641e+00 
 1.259180e+01 -1.132647e+00 
 1.259212e+01 -1.132651e+00 
 1.259245e+01 -1.132653e+00 
 1.259277e+01 -1.132652e+00 
 1.259309e+01 -1.132648e+00 
 1.259341e+01 -1.132645e+00 
 1.259374e+01 -1.132645e+00 
 1.259406e+01 -1.132650e+00 
 1.259438e+01 -1.132658e+00 
 1.259471e+01 -1.132668e+00 
 1.259503e+01 -1.132680e+00 
 1.259535e+01 -1.132688e+00 
 1.259568e+01 -1.132691e+00 
 1.259600e+01 -1.132689e+00 
 1.259632e+01 -1.132683e+00 
 1.259664e+01 -1.132675e+00 
 1.259697e+01 -1.132665e+00 
 1.259729e+01 -1.132656e+00 
 1.259761e+01 -1.132647e+00 
 1.259794e+01 -1.132638e+00 
 1.259826e+01 -1.132633e+00 
 1.259858e+01 -1.132631e+00 
 1.259891e+01 -1.132625e+00 
 1.259923e+01 -1.132615e+00 
 1.259955e+01 -1.132600e+00 
 1.259987e+01 -1.132581e+00 
 1.260020e+01 -1.132559e+00 
 1.260052e+01 -1.132536e+00 
 1.260084e+01 -1.132514e+00 
 1.260117e+01 -1.132491e+00 
 1.260149e+01 -1.132473e+00 
 1.260181e+01 -1.132460e+00 
 1.260214e+01 -1.132448e+00 
 1.260246e+01 -1.132435e+00 
 1.260278e+01 -1.132422e+00 
 1.260310e+01 -1.132411e+00 
 1.260343e+01 -1.132401e+00 
 1.260375e+01 -1.132393e+00 
 1.260407e+01 -1.132383e+00 
 1.260440e+01 -1.132369e+00 
 1.260472e+01 -1.132353e+00 
 1.260504e+01 -1.132336e+00 
 1.260537e+01 -1.132319e+00 
 1.260569e+01 -1.132304e+00 
 1.260601e+01 -1.132288e+00 
 1.260633e+01 -1.132273e+00 
 1.260666e+01 -1.132262e+00 
 1.260698e+01 -1.132256e+00 
 1.260730e+01 -1.132254e+00 
 1.260763e+01 -1.132253e+00 
 1.260795e+01 -1.132254e+00 
 1.260827e+01 -1.132255e+00 
 1.260860e+01 -1.132253e+00 
 1.260892e+01 -1.132248e+00 
 1.260924e+01 -1.132240e+00 
 1.260956e+01 -1.132229e+00 
 1.260989e+01 -1.132219e+00 
 1.261021e+01 -1.132211e+00 
 1.261053e+01 -1.132207e+00 
 1.261086e+01 -1.132204e+00 
 1.261118e+01 -1.132203e+00 
 1.261150e+01 -1.132202e+00 
 1.261183e+01 -1.132205e+00 
 1.261215e+01 -1.132213e+00 
 1.261247e+01 -1.132223e+00 
 1.261279e+01 -1.132232e+00 
 1.261312e+01 -1.132240e+00 
 1.261344e+01 -1.132244e+00 
 1.261376e+01 -1.132246e+00 
 1.261409e+01 -1.132247e+00 
 1.261441e+01 -1.132249e+00 
 1.261473e+01 -1.132252e+00 
 1.261506e+01 -1.132254e+00 
 1.261538e+01 -1.132258e+00 
 1.261570e+01 -1.132263e+00 
 1.261602e+01 -1.132272e+00 
 1.261635e+01 -1.132284e+00 
 1.261667e+01 -1.132297e+00 
 1.261699e+01 -1.132312e+00 
 1.261732e+01 -1.132327e+00 
 1.261764e+01 -1.132339e+00 
 1.261796e+01 -1.132346e+00 
 1.261829e+01 -1.132349e+00 
 1.261861e+01 -1.132352e+00 
 1.261893e+01 -1.132356e+00 
 1.261925e+01 -1.132362e+00 
 1.261958e+01 -1.132370e+00 
 1.261990e+01 -1.132381e+00 
 1.262022e+01 -1.132398e+00 
 1.262055e+01 -1.132422e+00 
 1.262087e+01 -1.132449e+00 
 1.262119e+01 -1.132478e+00 
 1.262152e+01 -1.132500e+00 
 1.262184e+01 -1.132514e+00 
 1.262216e+01 -1.132522e+00 
 1.262248e+01 -1.132528e+00 
 1.262281e+01 -1.132530e+00 
 1.262313e+01 -1.132531e+00 
 1.262345e+01 -1.132536e+00 
 1.262378e+01 -1.132546e+00 
 1.262410e+01 -1.132557e+00 
 1.262442e+01 -1.132570e+00 
 1.262475e+01 -1.132582e+00 
 1.262507e+01 -1.132592e+00 
 1.262539e+01 -1.132600e+00 
 1.262571e+01 -1.132608e+00 
 1.262604e+01 -1.132615e+00 
 1.262636e+01 -1.132619e+00 
 1.262668e+01 -1.132619e+00 
 1.262701e+01 -1.132615e+00 
 1.262733e+01 -1.132612e+00 
 1.262765e+01 -1.132611e+00 
 1.262797e+01 -1.132612e+00 
 1.262830e+01 -1.132612e+00 
 1.262862e+01 -1.132612e+00 
 1.262894e+01 -1.132613e+00 
 1.262927e+01 -1.132616e+00 
 1.262959e+01 -1.132620e+00 
 1.262991e+01 -1.132625e+00 
 1.263024e+01 -1.132631e+00 
 1.263056e+01 -1.132635e+00 
 1.263088e+01 -1.132638e+00 
 1.263120e+01 -1.132638e+00 
 1.263153e+01 -1.132638e+00 
 1.263185e+01 -1.132639e+00 
 1.263217e+01 -1.132639e+00 
 1.263250e+01 -1.132643e+00 
 1.263282e+01 -1.132650e+00 
 1.263314e+01 -1.132655e+00 
 1.263347e+01 -1.132658e+00 
 1.263379e+01 -1.132659e+00 
 1.263411e+01 -1.132659e+00 
 1.263443e+01 -1.132658e+00 
 1.263476e+01 -1.132658e+00 
 1.263508e+01 -1.132658e+00 
 1.263540e+01 -1.132656e+00 
 1.263573e+01 -1.132654e+00 
 1.263605e+01 -1.132652e+00 
 1.263637e+01 -1.132652e+00 
 1.263670e+01 -1.132655e+00 
 1.263702e+01 -1.132659e+00 
 1.263734e+01 -1.132661e+00 
 1.263766e+01 -1.132664e+00 
 1.263799e+01 -1.132666e+00 
 1.263831e+01 -1.132669e+00 
 1.263863e+01 -1.132670e+00 
 1.263896e+01 -1.132672e+00 
 1.263928e+01 -1.132675e+00 
 1.263960e+01 -1.132678e+00 
 1.263993e+01 -1.132682e+00 
 1.264025e+01 -1.132683e+00 
 1.264057e+01 -1.132683e+00 
 1.264089e+01 -1.132683e+00 
 1.264122e+01 -1.132682e+00 
 1.264154e+01 -1.132682e+00 
 1.264186e+01 -1.132682e+00 
 1.264219e+01 -1.132680e+00 
 1.264251e+01 -1.132677e+00 
 1.264283e+01 -1.132676e+00 
 1.264316e+01 -1.132676e+00 
 1.264348e+01 -1.132675e+00 
 1.264380e+01 -1.132673e+00 
 1.264412e+01 -1.132669e+00 
 1.264445e+01 -1.132662e+00 
 1.264477e+01 -1.132655e+00 
 1.264509e+01 -1.132648e+00 
 1.264542e+01 -1.132641e+00 
 1.264574e+01 -1.132636e+00 
 1.264606e+01 -1.132632e+00 
 1.264639e+01 -1.132630e+00 
 1.264671e+01 -1.132630e+00 
 1.264703e+01 -1.132629e+00 
 1.264735e+01 -1.132625e+00 
 1.264768e+01 -1.132617e+00 
 1.264800e+01 -1.132607e+00 
 1.264832e+01 -1.132597e+00 
 1.264865e+01 -1.132587e+00 
 1.264897e+01 -1.132577e+00 
 1.264929e+01 -1.132568e+00 
 1.264962e+01 -1.132561e+00 
 1.264994e+01 -1.132555e+00 
 1.265026e+01 -1.132550e+00 
 1.265058e+01 -1.132545e+00 
 1.265091e+01 -1.132537e+00 
 1.265123e+01 -1.132526e+00 
 1.265155e+01 -1.132513e+00 
 1.265188e+01 -1.132498e+00 
 1.265220e+01 -1.132484e+00 
 1.265252e+01 -1.132469e+00 
 1.265285e+01 -1.132453e+00 
 1.265317e+01 -1.132437e+00 
 1.265349e+01 -1.132422e+00 
 1.265381e+01 -1.132406e+00 
 1.265414e+01 -1.132388e+00 
 1.265446e+01 -1.132369e+00 
 1.265478e+01 -1.132352e+00 
 1.265511e+01 -1.132338e+00 
 1.265543e+01 -1.132326e+00 
 1.265575e+01 -1.132316e+00 
 1.265608e+01 -1.132306e+00 
 1.265640e+01 -1.132294e+00 
 1.265672e+01 -1.132282e+00 
 1.265704e+01 -1.132271e+00 
 1.265737e+01 -1.132261e+00 
 1.265769e+01 -1.132251e+00 
 1.265801e+01 -1.132241e+00 
 1.265834e+01 -1.132233e+00 
 1.265866e+01 -1.132226e+00 
 1.265898e+01 -1.132220e+00 
 1.265931e+01 -1.132214e+00 
 1.265963e+01 -1.132209e+00 
 1.265995e+01 -1.132204e+00 
 1.266027e+01 -1.132201e+00 
 1.266060e+01 -1.132198e+00 
 1.266092e+01 -1.132197e+00 
 1.266124e+01 -1.132196e+00 
 1.266157e+01 -1.132195e+00 
 1.266189e+01 -1.132195e+00 
 1.266221e+01 -1.132196e+00 
 1.266253e+01 -1.132197e+00 
 1.266286e+01 -1.132197e+00 
 1.266318e+01 -1.132197e+00 
 1.266350e+01 -1.132200e+00 
 1.266383e+01 -1.132204e+00 
 1.266415e+01 -1.132211e+00 
 1.266447e+01 -1.132220e+00 
 1.266480e+01 -1.132231e+00 
 1.266512e+01 -1.132242e+00 
 1.266544e+01 -1.132253e+00 
 1.266576e+01 -1.132264e+00 
 1.266609e+01 -1.132272e+00 
 1.266641e+01 -1.132277e+00 
 1.266673e+01 -1.132280e+00 
 1.266706e+01 -1.132282e+00 
 1.266738e+01 -1.132285e+00 
 1.266770e+01 -1.132289e+00 
 1.266803e+01 -1.132295e+00 
 1.266835e+01 -1.132304e+00 
 1.266867e+01 -1.132317e+00 
 1.266899e+01 -1.132334e+00 
 1.266932e+01 -1.132351e+00 
 1.266964e+01 -1.132367e+00 
 1.266996e+01 -1.132380e+00 
 1.267029e+01 -1.132390e+00 
 1.267061e+01 -1.132395e+00 
 1.267093e+01 -1.132398e+00 
 1.267126e+01 -1.132399e+00 
 1.267158e+01 -1.132400e+00 
 1.267190e+01 -1.132402e+00 
 1.267222e+01 -1.132408e+00 
 1.267255e+01 -1.132418e+00 
 1.267287e+01 -1.132431e+00 
 1.267319e+01 -1.132446e+00 
 1.267352e+01 -1.132461e+00 
 1.267384e+01 -1.132475e+00 
 1.267416e+01 -1.132488e+00 
 1.267449e+01 -1.132498e+00 
 1.267481e+01 -1.132507e+00 
 1.267513e+01 -1.132514e+00 
 1.267545e+01 -1.132520e+00 
 1.267578e+01 -1.132526e+00 
 1.267610e+01 -1.132531e+00 
 1.267642e+01 -1.132536e+00 
 1.267675e+01 -1.132542e+00 
 1.267707e+01 -1.132547e+00 
 1.267739e+01 -1.132553e+00 
 1.267772e+01 -1.132560e+00 
 1.267804e+01 -1.132569e+00 
 1.267836e+01 -1.132577e+00 
 1.267868e+01 -1.132583e+00 
 1.267901e+01 -1.132587e+00 
 1.267933e+01 -1.132588e+00 
 1.267965e+01 -1.132587e+00 
 1.267998e+01 -1.132585e+00 
 1.268030e+01 -1.132581e+00 
 1.268062e+01 -1.132578e+00 
 1.268095e+01 -1.132574e+00 
 1.268127e+01 -1.132571e+00 
 1.268159e+01 -1.132569e+00 
 1.268191e+01 -1.132569e+00 
 1.268224e+01 -1.132569e+00 
 1.268256e+01 -1.132567e+00 
 1.268288e+01 -1.132565e+00 
 1.268321e+01 -1.132560e+00 
 1.268353e+01 -1.132554e+00 
 1.268385e+01 -1.132547e+00 
 1.268418e+01 -1.132539e+00 
 1.268450e+01 -1.132531e+00 
 1.268482e+01 -1.132523e+00 
 1.268514e+01 -1.132515e+00 
 1.268547e+01 -1.132507e+00 
 1.268579e+01 -1.132500e+00 
 1.268611e+01 -1.132492e+00 
 1.268644e+01 -1.132486e+00 
 1.268676e+01 -1.132480e+00 
 1.268708e+01 -1.132477e+00 
 1.268741e+01 -1.132474e+00 
 1.268773e+01 -1.132471e+00 
 1.268805e+01 -1.132468e+00 
 1.268837e+01 -1.132462e+00 
 1.268870e+01 -1.132454e+00 
 1.268902e+01 -1.132445e+00 
 1.268934e+01 -1.132437e+00 
 1.268967e+01 -1.132430e+00 
 1.268999e+01 -1.132424e+00 
 1.269031e+01 -1.132420e+00 
 1.269064e+01 -1.132417e+00 
 1.269096e+01 -1.132417e+00 
 1.269128e+01 -1.132419e+00 
 1.269160e+01 -1.132420e+00 
 1.269193e+01 -1.132421e+00 
 1.269225e+01 -1.132421e+00 
 1.269257e+01 -1.132419e+00 
 1.269290e+01 -1.132416e+00 
 1.269322e+01 -1.132412e+00 
 1.269354e+01 -1.132409e+00 
 1.269387e+01 -1.132406e+00 
 1.269419e+01 -1.132405e+00 
 1.269451e+01 -1.132404e+00 
 1.269483e+01 -1.132403e+00 
 1.269516e+01 -1.132403e+00 
 1.269548e+01 -1.132403e+00 
 1.269580e+01 -1.132403e+00 
 1.269613e+01 -1.132402e+00 
 1.269645e+01 -1.132399e+00 
 1.269677e+01 -1.132392e+00 
 1.269710e+01 -1.132385e+00 
 1.269742e+01 -1.132377e+00 
 1.269774e+01 -1.132373e+00 
 1.269806e+01 -1.132372e+00 
 1.269839e+01 -1.132374e+00 
 1.269871e+01 -1.132378e+00 
 1.269903e+01 -1.132381e+00 
 1.269936e+01 -1.132384e+00 
 1.269968e+01 -1.132386e+00 
 1.270000e+01 -1.132388e+00 
 1.270032e+01 -1.132389e+00 
 1.270065e+01 -1.132389e+00 
 1.270097e+01 -1.132390e+00 
 1.270129e+01 -1.132392e+00 
 1.270162e+01 -1.132393e+00 
 1.270194e+01 -1.132394e+00 
 1.270226e+01 -1.132394e+00 
 1.270259e+01 -1.132394e+00 
 1.270291e+01 -1.132394e+00 
 1.270323e+01 -1.132394e+00 
 1.270355e+01 -1.132394e+00 
 1.270388e+01 -1.132393e+00 
 1.270420e+01 -1.132390e+00 
 1.270452e+01 -1.132387e+00 
 1.270485e+01 -1.132382e+00 
 1.270517e+01 -1.132376e+00 
 1.270549e+01 -1.132368e+00 
 1.270582e+01 -1.132360e+00 
 1.270614e+01 -1.132351e+00 
 1.270646e+01 -1.132345e+00 
 1.270678e+01 -1.132340e+00 
 1.270711e+01 -1.132337e+00 
 1.270743e+01 -1.132334e+00 
 1.270775e+01 -1.132332e+00 
 1.270808e+01 -1.132330e+00 
 1.270840e+01 -1.132326e+00 
 1.270872e+01 -1.132321e+00 
 1.270905e+01 -1.132316e+00 
 1.270937e+01 -1.132310e+00 
 1.270969e+01 -1.132307e+00 
 1.271001e+01 -1.132305e+00 
 1.271034e+01 -1.132305e+00 
 1.271066e+01 -1.132205e+00 
 1.271098e+01 -1.132203e+00 
 1.271131e+01 -1.132202e+00 
 1.271163e+01 -1.132203e+00 
 1.271195e+01 -1.132205e+00 
 1.271228e+01 -1.132207e+00 
 1.271260e+01 -1.132209e+00 
 1.271292e+01 -1.132213e+00 
 1.271324e+01 -1.132217e+00 
 1.271357e+01 -1.132223e+00 
 1.271389e+01 -1.132229e+00 
 1.271421e+01 -1.132233e+00 
 1.271454e+01 -1.132236e+00 
 1.271486e+01 -1.132238e+00 
 1.271518e+01 -1.132241e+00 
 1.271551e+01 -1.132244e+00 
 1.271583e+01 -1.132248e+00 
 1.271615e+01 -1.132255e+00 
 1.271647e+01 -1.132263e+00 
 1.271680e+01 -1.132275e+00 
 1.271712e+01 -1.132289e+00 
 1.271744e+01 -1.132303e+00 
 1.271777e+01 -1.132317e+00 
 1.271809e+01 -1.132331e+00 
 1.271841e+01 -1.132345e+00 
 1.271874e+01 -1.132356e+00 
 1.271906e+01 -1.132366e+00 
 1.271938e+01 -1.132375e+00 
 1.271970e+01 -1.132387e+00 
 1.272003e+01 -1.132402e+00 
 1.272035e+01 -1.132420e+00 
 1.272067e+01 -1.132441e+00 
 1.272100e+01 -1.132463e+00 
 1.272132e+01 -1.132484e+00 
 1.272164e+01 -1.132502e+00 
 1.272197e+01 -1.132520e+00 
 1.272229e+01 -1.132534e+00 
 1.272261e+01 -1.132543e+00 
 1.272293e+01 -1.132551e+00 
 1.272326e+01 -1.132560e+00 
 1.272358e+01 -1.132568e+00 
 1.272390e+01 -1.132577e+00 
 1.272423e+01 -1.132588e+00 
 1.272455e+01 -1.132602e+00 
 1.272487e+01 -1.132615e+00 
 1.272520e+01 -1.132627e+00 
 1.272552e+01 -1.132638e+00 
 1.272584e+01 -1.132646e+00 
 1.272616e+01 -1.132652e+00 
 1.272649e+01 -1.132657e+00 
 1.272681e+01 -1.132662e+00 
 1.272713e+01 -1.132666e+00 
 1.272746e+01 -1.132670e+00 
 1.272778e+01 -1.132673e+00 
 1.272810e+01 -1.132675e+00 
 1.272843e+01 -1.132677e+00 
 1.272875e+01 -1.132678e+00 
 1.272907e+01 -1.132680e+00 
 1.272939e+01 -1.132684e+00 
 1.272972e+01 -1.132687e+00 
 1.273004e+01 -1.132691e+00 
 1.273036e+01 -1.132693e+00 
 1.273069e+01 -1.132693e+00 
 1.273101e+01 -1.132690e+00 
 1.273133e+01 -1.132685e+00 
 1.273166e+01 -1.132677e+00 
 1.273198e+01 -1.132667e+00 
 1.273230e+01 -1.132657e+00 
 1.273262e+01 -1.132647e+00 
 1.273295e+01 -1.132637e+00 
 1.273327e+01 -1.132626e+00 
 1.273359e+01 -1.132617e+00 
 1.273392e+01 -1.132609e+00 
 1.273424e+01 -1.132600e+00 
 1.273456e+01 -1.132589e+00 
 1.273488e+01 -1.132576e+00 
 1.273521e+01 -1.132561e+00 
 1.273553e+01 -1.132547e+00 
 1.273585e+01 -1.132534e+00 
 1.273618e+01 -1.132521e+00 
 1.273650e+01 -1.132509e+00 
 1.273682e+01 -1.132496e+00 
 1.273715e+01 -1.132482e+00 
 1.273747e+01 -1.132469e+00 
 1.273779e+01 -1.132456e+00 
 1.273811e+01 -1.132444e+00 
 1.273844e+01 -1.132434e+00 
 1.273876e+01 -1.132425e+00 
 1.273908e+01 -1.132418e+00 
 1.273941e+01 -1.132410e+00 
 1.273973e+01 -1.132402e+00 
 1.274005e+01 -1.132392e+00 
 1.274038e+01 -1.132382e+00 
 1.274070e+01 -1.132372e+00 
 1.274102e+01 -1.132362e+00 
 1.274134e+01 -1.132352e+00 
 1.274167e+01 -1.132342e+00 
 1.274199e+01 -1.132334e+00 
 1.274231e+01 -1.132329e+00 
 1.274264e+01 -1.132328e+00 
 1.274296e+01 -1.132330e+00 
 1.274328e+01 -1.132333e+00 
 1.274361e+01 -1.132334e+00 
 1.274393e+01 -1.132335e+00 
 1.274425e+01 -1.132333e+00 
 1.274457e+01 -1.132331e+00 
 1.274490e+01 -1.132329e+00 
 1.274522e+01 -1.132326e+00 
 1.274554e+01 -1.132324e+00 
 1.274587e+01 -1.132324e+00 
 1.274619e+01 -1.132329e+00 
 1.274651e+01 -1.132336e+00 
 1.274684e+01 -1.132346e+00 
 1.274716e+01 -1.132355e+00 
 1.274748e+01 -1.132363e+00 
 1.274780e+01 -1.132369e+00 
 1.274813e+01 -1.132374e+00 
 1.274845e+01 -1.132375e+00 
 1.274877e+01 -1.132375e+00 
 1.274910e+01 -1.132375e+00 
 1.274942e+01 -1.132376e+00 
 1.274974e+01 -1.132379e+00 
 1.275007e+01 -1.132384e+00 
 1.275039e+01 -1.132389e+00 
 1.275071e+01 -1.132394e+00 
 1.275103e+01 -1.132400e+00 
 1.275136e+01 -1.132407e+00 
 1.275168e+01 -1.132413e+00 
 1.275200e+01 -1.132418e+00 
 1.275233e+01 -1.132421e+00 
 1.275265e+01 -1.132423e+00 
 1.275297e+01 -1.132425e+00 
 1.275330e+01 -1.132426e+00 
 1.275362e+01 -1.132427e+00 
 1.275394e+01 -1.132428e+00 
 1.275426e+01 -1.132429e+00 
 1.275459e+01 -1.132432e+00 
 1.275491e+01 -1.132436e+00 
 1.275523e+01 -1.132440e+00 
 1.275556e+01 -1.132445e+00 
 1.275588e+01 -1.132451e+00 
 1.275620e+01 -1.132458e+00 
 1.275653e+01 -1.132465e+00 
 1.275685e+01 -1.132469e+00 
 1.275717e+01 -1.132469e+00 
 1.275749e+01 -1.132468e+00 
 1.275782e+01 -1.132467e+00 
 1.275814e+01 -1.132466e+00 
 1.275846e+01 -1.132466e+00 
 1.275879e+01 -1.132468e+00 
 1.275911e+01 -1.132469e+00 
 1.275943e+01 -1.132470e+00 
 1.275976e+01 -1.132472e+00 
 1.276008e+01 -1.132472e+00 
 1.276040e+01 -1.132471e+00 
 1.276072e+01 -1.132470e+00 
 1.276105e+01 -1.132469e+00 
 1.276137e+01 -1.132468e+00 
 1.276169e+01 -1.132470e+00 
 1.276202e+01 -1.132471e+00 
 1.276234e+01 -1.132472e+00 
 1.276266e+01 -1.132474e+00 
 1.276299e+01 -1.132474e+00 
 1.276331e+01 -1.132475e+00 
 1.276363e+01 -1.132476e+00 
 1.276395e+01 -1.132476e+00 
 1.276428e+01 -1.132477e+00 
 1.276460e+01 -1.132479e+00 
 1.276492e+01 -1.132482e+00 
 1.276525e+01 -1.132486e+00 
 1.276557e+01 -1.132490e+00 
 1.276589e+01 -1.132493e+00 
 1.276622e+01 -1.132493e+00 
 1.276654e+01 -1.132494e+00 
 1.276686e+01 -1.132496e+00 
 1.276718e+01 -1.132498e+00 
 1.276751e+01 -1.132498e+00 
 1.276783e+01 -1.132500e+00 
 1.276815e+01 -1.132503e+00 
 1.276848e+01 -1.132509e+00 
 1.276880e+01 -1.132516e+00 
 1.276912e+01 -1.132525e+00 
 1.276944e+01 -1.132533e+00 
 1.276977e+01 -1.132541e+00 
 1.277009e+01 -1.132549e+00 
 1.277041e+01 -1.132555e+00 
 1.277074e+01 -1.132560e+00 
 1.277106e+01 -1.132563e+00 
 1.277138e+01 -1.132566e+00 
 1.277171e+01 -1.132572e+00 
 1.277203e+01 -1.132579e+00 
 1.277235e+01 -1.132588e+00 
 1.277267e+01 -1.132598e+00 
 1.277300e+01 -1.132607e+00 
 1.277332e+01 -1.132617e+00 
 1.277364e+01 -1.132626e+00 
 1.277397e+01 -1.132634e+00 
 1.277429e+01 -1.132641e+00 
 1.277461e+01 -1.132647e+00 
 1.277494e+01 -1.132652e+00 
 1.277526e+01 -1.132657e+00 
 1.277558e+01 -1.132661e+00 
 1.277590e+01 -1.132666e+00 
 1.277623e+01 -1.132669e+00 
 1.277655e+01 -1.132671e+00 
 1.277687e+01 -1.132673e+00 
 1.277720e+01 -1.132676e+00 
 1.277752e+01 -1.132677e+00 
 1.277784e+01 -1.132677e+00 
 1.277817e+01 -1.132676e+00 
 1.277849e+01 -1.132676e+00 
 1.277881e+01 -1.132675e+00 
 1.277913e+01 -1.132675e+00 
 1.277946e+01 -1.132674e+00 
 1.277978e+01 -1.132671e+00 
 1.278010e+01 -1.132667e+00 
 1.278043e+01 -1.132663e+00 
 1.278075e+01 -1.132660e+00 
 1.278107e+01 -1.132657e+00 
 1.278140e+01 -1.132653e+00 
 1.278172e+01 -1.132648e+00 
 1.278204e+01 -1.132644e+00 
 1.278236e+01 -1.132640e+00 
 1.278269e+01 -1.132633e+00 
 1.278301e+01 -1.132625e+00 
 1.278333e+01 -1.132616e+00 
 1.278366e+01 -1.132606e+00 
 1.278398e+01 -1.132596e+00 
 1.278430e+01 -1.132586e+00 
 1.278463e+01 -1.132577e+00 
 1.278495e+01 -1.132566e+00 
 1.278527e+01 -1.132555e+00 
 1.278559e+01 -1.132543e+00 
 1.278592e+01 -1.132532e+00 
 1.278624e+01 -1.132520e+00 
 1.278656e+01 -1.132507e+00 
 1.278689e+01 -1.132494e+00 
 1.278721e+01 -1.132482e+00 
 1.278753e+01 -1.132473e+00 
 1.278786e+01 -1.132463e+00 
 1.278818e+01 -1.132453e+00 
 1.278850e+01 -1.132443e+00 
 1.278882e+01 -1.132431e+00 
 1.278915e+01 -1.132420e+00 
 1.278947e+01 -1.132408e+00 
 1.278979e+01 -1.132396e+00 
 1.279012e+01 -1.132385e+00 
 1.279044e+01 -1.132375e+00 
 1.279076e+01 -1.132369e+00 
 1.279109e+01 -1.132365e+00 
 1.279141e+01 -1.132362e+00 
 1.279173e+01 -1.132359e+00 
 1.279205e+01 -1.132354e+00 
 1.279238e+01 -1.132349e+00 
 1.279270e+01 -1.132344e+00 
 1.279302e+01 -1.132337e+00 
 1.279335e+01 -1.132330e+00 
 1.279367e+01 -1.132324e+00 
 1.279399e+01 -1.132318e+00 
 1.279432e+01 -1.132315e+00 
 1.279464e+01 -1.132314e+00 
 1.279496e+01 -1.132314e+00 
 1.279528e+01 -1.132316e+00 
 1.279561e+01 -1.132317e+00 
 1.279593e+01 -1.132320e+00 
 1.279625e+01 -1.132323e+00 
 1.279658e+01 -1.132325e+00 
 1.279690e+01 -1.132326e+00 
 1.279722e+01 -1.132327e+00 
 1.279755e+01 -1.132328e+00 
 1.279787e+01 -1.132331e+00 
 1.279819e+01 -1.132335e+00 
 1.279851e+01 -1.132340e+00 
 1.279884e+01 -1.132346e+00 
 1.279916e+01 -1.132354e+00 
 1.279948e+01 -1.132362e+00 
 1.279981e+01 -1.132371e+00 
 1.280013e+01 -1.132380e+00 
 1.280045e+01 -1.132387e+00 
 1.280078e+01 -1.132394e+00 
 1.280110e+01 -1.132402e+00 
 1.280142e+01 -1.132410e+00 
 1.280174e+01 -1.132417e+00 
 1.280207e+01 -1.132424e+00 
 1.280239e+01 -1.132430e+00 
 1.280271e+01 -1.132436e+00 
 1.280304e+01 -1.132443e+00 
 1.280336e+01 -1.132450e+00 
 1.280368e+01 -1.132457e+00 
 1.280400e+01 -1.132465e+00 
 1.280433e+01 -1.132473e+00 
 1.280465e+01 -1.132481e+00 
 1.280497e+01 -1.132489e+00 
 1.280530e+01 -1.132496e+00 
 1.280562e+01 -1.132501e+00 
 1.280594e+01 -1.132506e+00 
 1.280627e+01 -1.132512e+00 
 1.280659e+01 -1.132518e+00 
 1.280691e+01 -1.132525e+00 
 1.280723e+01 -1.132531e+00 
 1.280756e+01 -1.132538e+00 
 1.280788e+01 -1.132545e+00 
 1.280820e+01 -1.132551e+00 
 1.280853e+01 -1.132557e+00 
 1.280885e+01 -1.132562e+00 
 1.280917e+01 -1.132566e+00 
 1.280950e+01 -1.132570e+00 
 1.280982e+01 -1.132575e+00 
 1.281014e+01 -1.132580e+00 
 1.281046e+01 -1.132583e+00 
 1.281079e+01 -1.132586e+00 
 1.281111e+01 -1.132588e+00 
 1.281143e+01 -1.132590e+00 
 1.281176e+01 -1.132591e+00 
 1.281208e+01 -1.132592e+00 
 1.281240e+01 -1.132591e+00 
 1.281273e+01 -1.132591e+00 
 1.281305e+01 -1.132591e+00 
 1.281337e+01 -1.132593e+00 
 1.281369e+01 -1.132596e+00 
 1.281402e+01 -1.132597e+00 
 1.281434e+01 -1.132598e+00 
 1.281466e+01 -1.132597e+00 
 1.281499e+01 -1.132596e+00 
 1.281531e+01 -1.132594e+00 
 1.281563e+01 -1.132591e+00 
 1.281596e+01 -1.132588e+00 
 1.281628e+01 -1.132586e+00 
 1.281660e+01 -1.132587e+00 
 1.281692e+01 -1.132589e+00 
 1.281725e+01 -1.132592e+00 
 1.281757e+01 -1.132596e+00 
 1.281789e+01 -1.132599e+00 
 1.281822e+01 -1.132601e+00 
 1.281854e+01 -1.132602e+00 
 1.281886e+01 -1.132603e+00 
 1.281919e+01 -1.132602e+00 
 1.281951e+01 -1.132601e+00 
 1.281983e+01 -1.132600e+00 
 1.282015e+01 -1.132600e+00 
 1.282048e+01 -1.132600e+00 
 1.282080e+01 -1.132600e+00 
 1.282112e+01 -1.132601e+00 
 1.282145e+01 -1.132603e+00 
 1.282177e+01 -1.132605e+00 
 1.282209e+01 -1.132608e+00 
 1.282242e+01 -1.132610e+00 
 1.282274e+01 -1.132611e+00 
 1.282306e+01 -1.132611e+00 
 1.282338e+01 -1.132611e+00 
 1.282371e+01 -1.132612e+00 
 1.282403e+01 -1.132612e+00 
 1.282435e+01 -1.132614e+00 
 1.282468e+01 -1.132615e+00 
 1.282500e+01 -1.132618e+00 
 1.282532e+01 -1.132621e+00 
 1.282565e+01 -1.132624e+00 
 1.282597e+01 -1.132627e+00 
 1.282629e+01 -1.132629e+00 
 1.282661e+01 -1.132631e+00 
 1.282694e+01 -1.132632e+00 
 1.282726e+01 -1.132634e+00 
 1.282758e+01 -1.132634e+00 
 1.282791e+01 -1.132632e+00 
 1.282823e+01 -1.132631e+00 
 1.282855e+01 -1.132629e+00 
 1.282888e+01 -1.132628e+00 
 1.282920e+01 -1.132626e+00 
 1.282952e+01 -1.132625e+00 
 1.282984e+01 -1.132624e+00 
 1.283017e+01 -1.132623e+00 
 1.283049e+01 -1.132621e+00 
 1.283081e+01 -1.132619e+00 
 1.283114e+01 -1.132614e+00 
 1.283146e+01 -1.132608e+00 
 1.283178e+01 -1.132602e+00 
 1.283211e+01 -1.132595e+00 
 1.283243e+01 -1.132588e+00 
 1.283275e+01 -1.132581e+00 
 1.283307e+01 -1.132574e+00 
 1.283340e+01 -1.132567e+00 
 1.283372e+01 -1.132561e+00 
 1.283404e+01 -1.132555e+00 
 1.283437e+01 -1.132548e+00 
 1.283469e+01 -1.132540e+00 
 1.283501e+01 -1.132531e+00 
 1.283534e+01 -1.132524e+00 
 1.283566e+01 -1.132517e+00 
 1.283598e+01 -1.132509e+00 
 1.283630e+01 -1.132501e+00 
 1.283663e+01 -1.132492e+00 
 1.283695e+01 -1.132483e+00 
 1.283727e+01 -1.132474e+00 
 1.283760e+01 -1.132465e+00 
 1.283792e+01 -1.132455e+00 
 1.283824e+01 -1.132445e+00 
 1.283857e+01 -1.132435e+00 
 1.283889e+01 -1.132426e+00 
 1.283921e+01 -1.132419e+00 
 1.283953e+01 -1.132412e+00 
 1.283986e+01 -1.132406e+00 
 1.284018e+01 -1.132399e+00 
 1.284050e+01 -1.132392e+00 
 1.284083e+01 -1.132385e+00 
 1.284115e+01 -1.132376e+00 
 1.284147e+01 -1.132367e+00 
 1.284179e+01 -1.132358e+00 
 1.284212e+01 -1.132352e+00 
 1.284244e+01 -1.132347e+00 
 1.284276e+01 -1.132344e+00 
 1.284309e+01 -1.132342e+00 
 1.284341e+01 -1.132339e+00 
 1.284373e+01 -1.132337e+00 
 1.284406e+01 -1.132336e+00 
 1.284438e+01 -1.132335e+00 
 1.284470e+01 -1.132333e+00 
 1.284502e+01 -1.132331e+00 
 1.284535e+01 -1.132329e+00 
 1.284567e+01 -1.132328e+00 
 1.284599e+01 -1.132328e+00 
 1.284632e+01 -1.132328e+00 
 1.284664e+01 -1.132328e+00 
 1.284696e+01 -1.132330e+00 
 1.284729e+01 -1.132334e+00 
 1.284761e+01 -1.132338e+00 
 1.284793e+01 -1.132344e+00 
 1.284825e+01 -1.132350e+00 
 1.284858e+01 -1.132356e+00 
 1.284890e+01 -1.132362e+00 
 1.284922e+01 -1.132368e+00 
 1.284955e+01 -1.132375e+00 
 1.284987e+01 -1.132382e+00 
 1.285019e+01 -1.132390e+00 
 1.285052e+01 -1.132398e+00 
 1.285084e+01 -1.132408e+00 
 1.285116e+01 -1.132419e+00 
 1.285148e+01 -1.132430e+00 
 1.285181e+01 -1.132441e+00 
 1.285213e+01 -1.132453e+00 
 1.285245e+01 -1.132465e+00 
 1.285278e+01 -1.132478e+00 
 1.285310e+01 -1.132490e+00 
 1.285342e+01 -1.132502e+00 
 1.285375e+01 -1.132512e+00 
 1.285407e+01 -1.132523e+00 
 1.285439e+01 -1.132533e+00 
 1.285471e+01 -1.132544e+00 
 1.285504e+01 -1.132554e+00 
 1.285536e+01 -1.132565e+00 
 1.285568e+01 -1.132575e+00 
 1.285601e+01 -1.132586e+00 
 1.285633e+01 -1.132597e+00 
 1.285665e+01 -1.132606e+00 
 1.285698e+01 -1.132614e+00 
 1.285730e+01 -1.132621e+00 
 1.285762e+01 -1.132628e+00 
 1.285794e+01 -1.132636e+00 
 1.285827e+01 -1.132643e+00 
 1.285859e+01 -1.132650e+00 
 1.285891e+01 -1.132656e+00 
 1.285924e+01 -1.132661e+00 
 1.285956e+01 -1.132667e+00 
 1.285988e+01 -1.132671e+00 
 1.286021e+01 -1.132675e+00 
 1.286053e+01 -1.132677e+00 
 1.286085e+01 -1.132679e+00 
 1.286117e+01 -1.132681e+00 
 1.286150e+01 -1.132684e+00 
 1.286182e+01 -1.132686e+00 
 1.286214e+01 -1.132687e+00 
 1.286247e+01 -1.132688e+00 
 1.286279e+01 -1.132689e+00 
 1.286311e+01 -1.132689e+00 
 1.286344e+01 -1.132687e+00 
 1.286376e+01 -1.132684e+00 
 1.286408e+01 -1.132680e+00 
 1.286440e+01 -1.132675e+00 
 1.286473e+01 -1.132671e+00 
 1.286505e+01 -1.132667e+00 
 1.286537e+01 -1.132664e+00 
 1.286570e+01 -1.132661e+00 
 1.286602e+01 -1.132658e+00 
 1.286634e+01 -1.132654e+00 
 1.286667e+01 -1.132651e+00 
 1.286699e+01 -1.132646e+00 
 1.286731e+01 -1.132640e+00 
 1.286763e+01 -1.132634e+00 
 1.286796e+01 -1.132629e+00 
 1.286828e+01 -1.132623e+00 
 1.286860e+01 -1.132619e+00 
 1.286893e+01 -1.132614e+00 
 1.286925e+01 -1.132608e+00 
 1.286957e+01 -1.132603e+00 
 1.286990e+01 -1.132599e+00 
 1.287022e+01 -1.132594e+00 
 1.287054e+01 -1.132589e+00 
 1.287086e+01 -1.132584e+00 
 1.287119e+01 -1.132578e+00 
 1.287151e+01 -1.132573e+00 
 1.287183e+01 -1.132568e+00 
 1.287216e+01 -1.132562e+00 
 1.287248e+01 -1.132556e+00 
 1.287280e+01 -1.132550e+00 
 1.287313e+01 -1.132545e+00 
 1.287345e+01 -1.132541e+00 
 1.287377e+01 -1.132537e+00 
 1.287409e+01 -1.132533e+00 
 1.287442e+01 -1.132529e+00 
 1.287474e+01 -1.132526e+00 
 1.287506e+01 -1.132523e+00 
 1.287539e+01 -1.132520e+00 
 1.287571e+01 -1.132516e+00 
 1.287603e+01 -1.132511e+00 
 1.287635e+01 -1.132506e+00 
 1.287668e+01 -1.132502e+00 
 1.287700e+01 -1.132500e+00 
 1.287732e+01 -1.132497e+00 
 1.287765e+01 -1.132495e+00 
 1.287797e+01 -1.132493e+00 
 1.287829e+01 -1.132493e+00 
 1.287862e+01 -1.132494e+00 
 1.287894e+01 -1.132494e+00 
 1.287926e+01 -1.132494e+00 
 1.287958e+01 -1.132493e+00 
 1.287991e+01 -1.132491e+00 
 1.288023e+01 -1.132490e+00 
 1.288055e+01 -1.132488e+00 
 1.288088e+01 -1.132485e+00 
 1.288120e+01 -1.132480e+00 
 1.288152e+01 -1.132475e+00 
 1.288185e+01 -1.132471e+00 
 1.288217e+01 -1.132467e+00 
 1.288249e+01 -1.132462e+00 
 1.288281e+01 -1.132457e+00 
 1.288314e+01 -1.132452e+00 
 1.288346e+01 -1.132447e+00 
 1.288378e+01 -1.132441e+00 
 1.288411e+01 -1.132436e+00 
 1.288443e+01 -1.132430e+00 
 1.288475e+01 -1.132424e+00 
 1.288508e+01 -1.132417e+00 
 1.288540e+01 -1.132411e+00 
 1.288572e+01 -1.132404e+00 
 1.288604e+01 -1.132396e+00 
 1.288637e+01 -1.132386e+00 
 1.288669e+01 -1.132377e+00 
 1.288701e+01 -1.132370e+00 
 1.288734e+01 -1.132364e+00 
 1.288766e+01 -1.132359e+00 
 1.288798e+01 -1.132354e+00 
 1.288831e+01 -1.132349e+00 
 1.288863e+01 -1.132344e+00 
 1.288895e+01 -1.132339e+00 
 1.288927e+01 -1.132332e+00 
 1.288960e+01 -1.132324e+00 
 1.288992e+01 -1.132316e+00 
 1.289024e+01 -1.132308e+00 
 1.289057e+01 -1.132302e+00 
 1.289089e+01 -1.132297e+00 
 1.289121e+01 -1.132291e+00 
 1.289154e+01 -1.132284e+00 
 1.289186e+01 -1.132279e+00 
 1.289218e+01 -1.132275e+00 
 1.289250e+01 -1.132270e+00 
 1.289283e+01 -1.132265e+00 
 1.289315e+01 -1.132259e+00 
 1.289347e+01 -1.132253e+00 
 1.289380e+01 -1.132248e+00 
 1.289412e+01 -1.132243e+00 
 1.289444e+01 -1.132238e+00 
 1.289477e+01 -1.132234e+00 
 1.289509e+01 -1.132230e+00 
 1.289541e+01 -1.132228e+00 
 1.289573e+01 -1.132228e+00 
 1.289606e+01 -1.132227e+00 
 1.289638e+01 -1.132227e+00 
 1.289670e+01 -1.132226e+00 
 1.289703e+01 -1.132226e+00 
 1.289735e+01 -1.132228e+00 
 1.289767e+01 -1.132229e+00 
 1.289800e+01 -1.132231e+00 
 1.289832e+01 -1.132232e+00 
 1.289864e+01 -1.132234e+00 
 1.289896e+01 -1.132237e+00 
 1.289929e+01 -1.132241e+00 
 1.289961e+01 -1.132245e+00 
 1.289993e+01 -1.132250e+00 
 1.290026e+01 -1.132255e+00 
 1.290058e+01 -1.132261e+00 
 1.290090e+01 -1.132268e+00 
 1.290123e+01 -1.132276e+00 
 1.290155e+01 -1.132281e+00 
 1.290187e+01 -1.132287e+00 
 1.290219e+01 -1.132293e+00 
 1.290252e+01 -1.132301e+00 
 1.290284e+01 -1.132310e+00 
 1.290316e+01 -1.132320e+00 
 1.290349e+01 -1.132330e+00 
 1.290381e+01 -1.132341e+00 
 1.290413e+01 -1.132352e+00 
 1.290446e+01 -1.132364e+00 
 1.290478e+01 -1.132375e+00 
 1.290510e+01 -1.132385e+00 
 1.290542e+01 -1.132396e+00 
 1.290575e+01 -1.132407e+00 
 1.290607e+01 -1.132419e+00 
 1.290639e+01 -1.132431e+00 
 1.290672e+01 -1.132441e+00 
 1.290704e+01 -1.132451e+00 
 1.290736e+01 -1.132461e+00 
 1.290769e+01 -1.132472e+00 
 1.290801e+01 -1.132483e+00 
 1.290833e+01 -1.132493e+00 
 1.290865e+01 -1.132502e+00 
 1.290898e+01 -1.132510e+00 
 1.290930e+01 -1.132517e+00 
 1.290962e+01 -1.132524e+00 
 1.290995e+01 -1.132530e+00 
 1.291027e+01 -1.132535e+00 
 1.291059e+01 -1.132540e+00 
 1.291091e+01 -1.132546e+00 
 1.291124e+01 -1.132553e+00 
 1.291156e+01 -1.132558e+00 
 1.291188e+01 -1.132560e+00 
 1.291221e+01 -1.132562e+00 
 1.291253e+01 -1.132563e+00 
 1.291285e+01 -1.132565e+00 
 1.291318e+01 -1.132566e+00 
 1.291350e+01 -1.132567e+00 
 1.291382e+01 -1.132567e+00 
 1.291414e+01 -1.132567e+00 
 1.291447e+01 -1.132567e+00 
 1.291479e+01 -1.132566e+00 
 1.291511e+01 -1.132565e+00 
 1.291544e+01 -1.132563e+00 
 1.291576e+01 -1.132560e+00 
 1.291608e+01 -1.132559e+00 
 1.291641e+01 -1.132559e+00 
 1.291673e+01 -1.132559e+00 
 1.291705e+01 -1.132557e+00 
 1.291737e+01 -1.132554e+00 
 1.291770e+01 -1.132552e+00 
 1.291802e+01 -1.132550e+00 
 1.291834e+01 -1.132548e+00 
 1.291867e+01 -1.132545e+00 
 1.291899e+01 -1.132541e+00 
 1.291931e+01 -1.132537e+00 
 1.291964e+01 -1.132534e+00 
 1.291996e+01 -1.132531e+00 
 1.292028e+01 -1.132528e+00 
 1.292060e+01 -1.132524e+00 
 1.292093e+01 -1.132522e+00 
 1.292125e+01 -1.132522e+00 
 1.292157e+01 -1.132523e+00 
 1.292190e+01 -1.132523e+00 
 1.292222e+01 -1.132522e+00 
 1.292254e+01 -1.132520e+00 
 1.292287e+01 -1.132520e+00 
 1.292319e+01 -1.132520e+00 
 1.292351e+01 -1.132521e+00 
 1.292383e+01 -1.132521e+00 
 1.292416e+01 -1.132520e+00 
 1.292448e+01 -1.132520e+00 
 1.292480e+01 -1.132520e+00 
 1.292513e+01 -1.132521e+00 
 1.292545e+01 -1.132521e+00 
 1.292577e+01 -1.132521e+00 
 1.292610e+01 -1.132522e+00 
 1.292642e+01 -1.132526e+00 
 1.292674e+01 -1.132530e+00 
 1.292706e+01 -1.132532e+00 
 1.292739e+01 -1.132533e+00 
 1.292771e+01 -1.132535e+00 
 1.292803e+01 -1.132537e+00 
 1.292836e+01 -1.132540e+00 
 1.292868e+01 -1.132543e+00 
 1.292900e+01 -1.132546e+00 
 1.292933e+01 -1.132549e+00 
 1.292965e+01 -1.132553e+00 
 1.292997e+01 -1.132557e+00 
 1.293029e+01 -1.132561e+00 
 1.293062e+01 -1.132565e+00 
 1.293094e+01 -1.132568e+00 
 1.293126e+01 -1.132571e+00 
 1.293159e+01 -1.132577e+00 
 1.293191e+01 -1.132582e+00 
 1.293223e+01 -1.132587e+00 
 1.293256e+01 -1.132591e+00 
 1.293288e+01 -1.132593e+00 
 1.293320e+01 -1.132597e+00 
 1.293352e+01 -1.132600e+00 
 1.293385e+01 -1.132603e+00 
 1.293417e+01 -1.132605e+00 
 1.293449e+01 -1.132607e+00 
 1.293482e+01 -1.132608e+00 
 1.293514e+01 -1.132611e+00 
 1.293546e+01 -1.132614e+00 
 1.293579e+01 -1.132617e+00 
 1.293611e+01 -1.132619e+00 
 1.293643e+01 -1.132622e+00 
 1.293675e+01 -1.132626e+00 
 1.293708e+01 -1.132630e+00 
 1.293740e+01 -1.132633e+00 
 1.293772e+01 -1.132633e+00 
 1.293805e+01 -1.132633e+00 
 1.293837e+01 -1.132632e+00 
 1.293869e+01 -1.132633e+00 
 1.293902e+01 -1.132634e+00 
 1.293934e+01 -1.132635e+00 
 1.293966e+01 -1.132637e+00 
 1.293998e+01 -1.132640e+00 
 1.294031e+01 -1.132644e+00 
 1.294063e+01 -1.132648e+00 
 1.294095e+01 -1.132650e+00 
 1.294128e+01 -1.132650e+00 
 1.294160e+01 -1.132651e+00 
 1.294192e+01 -1.132652e+00 
 1.294225e+01 -1.132653e+00 
 1.294257e+01 -1.132652e+00 
 1.294289e+01 -1.132651e+00 
 1.294321e+01 -1.132649e+00 
 1.294354e+01 -1.132649e+00 
 1.294386e+01 -1.132649e+00 
 1.294418e+01 -1.132651e+00 
 1.294451e+01 -1.132651e+00 
 1.294483e+01 -1.132652e+00 
 1.294515e+01 -1.132654e+00 
 1.294547e+01 -1.132656e+00 
 1.294580e+01 -1.132658e+00 
 1.294612e+01 -1.132657e+00 
 1.294644e+01 -1.132655e+00 
 1.294677e+01 -1.132655e+00 
 1.294709e+01 -1.132656e+00 
 1.294741e+01 -1.132659e+00 
 1.294774e+01 -1.132661e+00 
 1.294806e+01 -1.132663e+00 
 1.294838e+01 -1.132666e+00 
 1.294870e+01 -1.132672e+00 
 1.294903e+01 -1.132678e+00 
 1.294935e+01 -1.132685e+00 
 1.294967e+01 -1.132691e+00 
 1.295000e+01 -1.132696e+00 
 1.295032e+01 -1.132701e+00 
 1.295064e+01 -1.132707e+00 
 1.295097e+01 -1.132712e+00 
 1.295129e+01 -1.132716e+00 
 1.295161e+01 -1.132719e+00 
 1.295193e+01 -1.132725e+00 
 1.295226e+01 -1.132732e+00 
 1.295258e+01 -1.132740e+00 
 1.295290e+01 -1.132747e+00 
 1.295323e+01 -1.132754e+00 
 1.295355e+01 -1.132760e+00 
 1.295387e+01 -1.132768e+00 
 1.295420e+01 -1.132776e+00 
 1.295452e+01 -1.132783e+00 
 1.295484e+01 -1.132789e+00 
 1.295516e+01 -1.132795e+00 
 1.295549e+01 -1.132802e+00 
 1.295581e+01 -1.132810e+00 
 1.295613e+01 -1.132818e+00 
 1.295646e+01 -1.132823e+00 
 1.295678e+01 -1.132828e+00 
 1.295710e+01 -1.132835e+00 
 1.295743e+01 -1.132843e+00 
 1.295775e+01 -1.132850e+00 
 1.295807e+01 -1.132857e+00 
 1.295839e+01 -1.132863e+00 
 1.295872e+01 -1.132869e+00 
 1.295904e+01 -1.132875e+00 
 1.295936e+01 -1.132881e+00 
 1.295969e+01 -1.132886e+00 
 1.296001e+01 -1.132890e+00 
 1.296033e+01 -1.132894e+00 
 1.296066e+01 -1.132898e+00 
 1.296098e+01 -1.132903e+00 
 1.296130e+01 -1.132908e+00 
 1.296162e+01 -1.132909e+00 
 1.296195e+01 -1.132910e+00 
 1.296227e+01 -1.132912e+00 
 1.296259e+01 -1.132914e+00 
 1.296292e+01 -1.132915e+00 
 1.296324e+01 -1.132915e+00 
 1.296356e+01 -1.132914e+00 
 1.296389e+01 -1.132912e+00 
 1.296421e+01 -1.132911e+00 
 1.296453e+01 -1.132911e+00 
 1.296485e+01 -1.132910e+00 
 1.296518e+01 -1.132908e+00 
 1.296550e+01 -1.132906e+00 
 1.296582e+01 -1.132904e+00 
 1.296615e+01 -1.132903e+00 
 1.296647e+01 -1.132902e+00 
 1.296679e+01 -1.132898e+00 
 1.296712e+01 -1.132892e+00 
 1.296744e+01 -1.132888e+00 
 1.296776e+01 -1.132884e+00 
 1.296808e+01 -1.132880e+00 
 1.296841e+01 -1.132876e+00 
 1.296873e+01 -1.132871e+00 
 1.296905e+01 -1.132866e+00 
 1.296938e+01 -1.132862e+00 
 1.296970e+01 -1.132858e+00 
 1.297002e+01 -1.132854e+00 
 1.297035e+01 -1.132848e+00 
 1.297067e+01 -1.132841e+00 
 1.297099e+01 -1.132834e+00 
 1.297131e+01 -1.132827e+00 
 1.297164e+01 -1.132821e+00 
 1.297196e+01 -1.132814e+00 
 1.297228e+01 -1.132806e+00 
 1.297261e+01 -1.132800e+00 
 1.297293e+01 -1.132795e+00 
 1.297325e+01 -1.132790e+00 
 1.297358e+01 -1.132785e+00 
 1.297390e+01 -1.132780e+00 
 1.297422e+01 -1.132775e+00 
 1.297454e+01 -1.132770e+00 
 1.297487e+01 -1.132766e+00 
 1.297519e+01 -1.132760e+00 
 1.297551e+01 -1.132753e+00 
 1.297584e+01 -1.132746e+00 
 1.297616e+01 -1.132740e+00 
 1.297648e+01 -1.132735e+00 
 1.297681e+01 -1.132732e+00 
 1.297713e+01 -1.132728e+00 
 1.297745e+01 -1.132724e+00 
 1.297777e+01 -1.132722e+00 
 1.297810e+01 -1.132722e+00 
 1.297842e+01 -1.132721e+00 
 1.297874e+01 -1.132719e+00 
 1.297907e+01 -1.132716e+00 
 1.297939e+01 -1.132712e+00 
 1.297971e+01 -1.132709e+00 
 1.298003e+01 -1.132707e+00 
 1.298036e+01 -1.132704e+00 
 1.298068e+01 -1.132701e+00 
 1.298100e+01 -1.132700e+00 
 1.298133e+01 -1.132699e+00 
 1.298165e+01 -1.132700e+00 
 1.298197e+01 -1.132702e+00 
 1.298230e+01 -1.132703e+00 
 1.298262e+01 -1.132703e+00 
 1.298294e+01 -1.132705e+00 
 1.298326e+01 -1.132707e+00 
 1.298359e+01 -1.132709e+00 
 1.298391e+01 -1.132710e+00 
 1.298423e+01 -1.132712e+00 
 1.298456e+01 -1.132714e+00 
 1.298488e+01 -1.132717e+00 
 1.298520e+01 -1.132721e+00 
 1.298553e+01 -1.132725e+00 
 1.298585e+01 -1.132729e+00 
 1.298617e+01 -1.132733e+00 
 1.298649e+01 -1.132737e+00 
 1.298682e+01 -1.132742e+00 
 1.298714e+01 -1.132746e+00 
 1.298746e+01 -1.132748e+00 
 1.298779e+01 -1.132750e+00 
 1.298811e+01 -1.132753e+00 
 1.298843e+01 -1.132756e+00 
 1.298876e+01 -1.132759e+00 
 1.298908e+01 -1.132762e+00 
 1.298940e+01 -1.132765e+00 
 1.298972e+01 -1.132767e+00 
 1.299005e+01 -1.132771e+00 
 1.299037e+01 -1.132774e+00 
 1.299069e+01 -1.132777e+00 
 1.299102e+01 -1.132780e+00 
 1.299134e+01 -1.132783e+00 
 1.299166e+01 -1.132785e+00 
 1.299199e+01 -1.132787e+00 
 1.299231e+01 -1.132789e+00 
 1.299263e+01 -1.132790e+00 
 1.299295e+01 -1.132791e+00 
 1.299328e+01 -1.132793e+00 
 1.299360e+01 -1.132795e+00 
 1.299392e+01 -1.132797e+00 
 1.299425e+01 -1.132798e+00 
 1.299457e+01 -1.132800e+00 
 1.299489e+01 -1.132801e+00 
 1.299522e+01 -1.132802e+00 
 1.299554e+01 -1.132803e+00 
 1.299586e+01 -1.132804e+00 
 1.299618e+01 -1.132805e+00 
 1.299651e+01 -1.132806e+00 
 1.299683e+01 -1.132808e+00 
 1.299715e+01 -1.132810e+00 
 1.299748e+01 -1.132813e+00 
 1.299780e+01 -1.132815e+00 
 1.299812e+01 -1.132817e+00 
 1.299845e+01 -1.132820e+00 
 1.299877e+01 -1.132822e+00 
 1.299909e+01 -1.132825e+00 
 1.299941e+01 -1.132826e+00 
 1.299974e+01 -1.132828e+00 
 1.300006e+01 -1.132829e+00 
 1.300038e+01 -1.132831e+00 
 1.300071e+01 -1.132834e+00 
 1.300103e+01 -1.132837e+00 
 1.300135e+01 -1.132841e+00 
 1.300168e+01 -1.132846e+00 
 1.300200e+01 -1.132851e+00 
 1.300232e+01 -1.132856e+00 
 1.300264e+01 -1.132861e+00 
 1.300297e+01 -1.132865e+00 
 1.300329e+01 -1.132869e+00 
 1.300361e+01 -1.132873e+00 
 1.300394e+01 -1.132877e+00 
 1.300426e+01 -1.132880e+00 
 1.300458e+01 -1.132883e+00 
 1.300491e+01 -1.132885e+00 
 1.300523e+01 -1.132888e+00 
 1.300555e+01 -1.132891e+00 
 1.300587e+01 -1.132896e+00 
 1.300620e+01 -1.132901e+00 
 1.300652e+01 -1.132906e+00 
 1.300684e+01 -1.132911e+00 
 1.300717e+01 -1.132917e+00 
 1.300749e+01 -1.132921e+00 
 1.300781e+01 -1.132926e+00 
 1.300814e+01 -1.132929e+00 
 1.300846e+01 -1.132931e+00 
 1.300878e+01 -1.132935e+00 
 1.300910e+01 -1.132939e+00 
 1.300943e+01 -1.132943e+00 
 1.300975e+01 -1.132948e+00 
 1.301007e+01 -1.132953e+00 
 1.301040e+01 -1.132959e+00 
 1.301072e+01 -1.132965e+00 
 1.301104e+01 -1.132971e+00 
 1.301137e+01 -1.132977e+00 
 1.301169e+01 -1.132982e+00 
 1.301201e+01 -1.132987e+00 
 1.301233e+01 -1.132990e+00 
 1.301266e+01 -1.132994e+00 
 1.301298e+01 -1.132997e+00 
 1.301330e+01 -1.132999e+00 
 1.301363e+01 -1.133001e+00 
 1.301395e+01 -1.133005e+00 
 1.301427e+01 -1.133009e+00 
 1.301460e+01 -1.133013e+00 
 1.301492e+01 -1.133017e+00 
 1.301524e+01 -1.133021e+00 
 1.301556e+01 -1.133024e+00 
 1.301589e+01 -1.133027e+00 
 1.301621e+01 -1.133028e+00 
 1.301653e+01 -1.133029e+00 
 1.301686e+01 -1.133030e+00 
 1.301718e+01 -1.133031e+00 
 1.301750e+01 -1.133032e+00 
 1.301782e+01 -1.133033e+00 
 1.301815e+01 -1.133033e+00 
 1.301847e+01 -1.133034e+00 
 1.301879e+01 -1.133035e+00 
 1.301912e+01 -1.133036e+00 
 1.301944e+01 -1.133037e+00 
 1.301976e+01 -1.133038e+00 
 1.302009e+01 -1.133039e+00 
 1.302041e+01 -1.133039e+00 
 1.302073e+01 -1.133038e+00 
 1.302105e+01 -1.133038e+00 
 1.302138e+01 -1.133037e+00 
 1.302170e+01 -1.133036e+00 
 1.302202e+01 -1.133036e+00 
 1.302235e+01 -1.133036e+00 
 1.302267e+01 -1.133036e+00 
 1.302299e+01 -1.133036e+00 
 1.302332e+01 -1.133036e+00 
 1.302364e+01 -1.133035e+00 
 1.302396e+01 -1.133035e+00 
 1.302428e+01 -1.133034e+00 
 1.302461e+01 -1.133034e+00 
 1.302493e+01 -1.133034e+00 
 1.302525e+01 -1.133033e+00 
 1.302558e+01 -1.133034e+00 
 1.302590e+01 -1.133035e+00 
 1.302622e+01 -1.133038e+00 
 1.302655e+01 -1.133041e+00 
 1.302687e+01 -1.133043e+00 
 1.302719e+01 -1.133046e+00 
 1.302751e+01 -1.133049e+00 
 1.302784e+01 -1.133052e+00 
 1.302816e+01 -1.133055e+00 
 1.302848e+01 -1.133058e+00 
 1.302881e+01 -1.133061e+00 
 1.302913e+01 -1.133065e+00 
 1.302945e+01 -1.133069e+00 
 1.302978e+01 -1.133075e+00 
 1.303010e+01 -1.133081e+00 
 1.303042e+01 -1.133087e+00 
 1.303074e+01 -1.133093e+00 
 1.303107e+01 -1.133101e+00 
 1.303139e+01 -1.133110e+00 
 1.303171e+01 -1.133117e+00 
 1.303204e+01 -1.133123e+00 
 1.303236e+01 -1.133130e+00 
 1.303268e+01 -1.133136e+00 
 1.303301e+01 -1.133143e+00 
 1.303333e+01 -1.133150e+00 
 1.303365e+01 -1.133157e+00 
 1.303397e+01 -1.133165e+00 
 1.303430e+01 -1.133174e+00 
 1.303462e+01 -1.133183e+00 
 1.303494e+01 -1.133193e+00 
 1.303527e+01 -1.133203e+00 
 1.303559e+01 -1.133213e+00 
 1.303591e+01 -1.133223e+00 
 1.303624e+01 -1.133235e+00 
 1.303656e+01 -1.133246e+00 
 1.303688e+01 -1.133255e+00 
 1.303720e+01 -1.133263e+00 
 1.303753e+01 -1.133272e+00 
 1.303785e+01 -1.133281e+00 
 1.303817e+01 -1.133290e+00 
 1.303850e+01 -1.133299e+00 
 1.303882e+01 -1.133308e+00 
 1.303914e+01 -1.133318e+00 
 1.303947e+01 -1.133327e+00 
 1.303979e+01 -1.133337e+00 
 1.304011e+01 -1.133346e+00 
 1.304043e+01 -1.133354e+00 
 1.304076e+01 -1.133361e+00 
 1.304108e+01 -1.133369e+00 
 1.304140e+01 -1.133377e+00 
 1.304173e+01 -1.133384e+00 
 1.304205e+01 -1.133390e+00 
 1.304237e+01 -1.133396e+00 
 1.304270e+01 -1.133401e+00 
 1.304302e+01 -1.133407e+00 
 1.304334e+01 -1.133413e+00 
 1.304366e+01 -1.133419e+00 
 1.304399e+01 -1.133424e+00 
 1.304431e+01 -1.133429e+00 
 1.304463e+01 -1.133434e+00 
 1.304496e+01 -1.133439e+00 
 1.304528e+01 -1.133444e+00 
 1.304560e+01 -1.133447e+00 
 1.304593e+01 -1.133451e+00 
 1.304625e+01 -1.133454e+00 
 1.304657e+01 -1.133459e+00 
 1.304689e+01 -1.133464e+00 
 1.304722e+01 -1.133468e+00 
 1.304754e+01 -1.133471e+00 
 1.304786e+01 -1.133473e+00 
 1.304819e+01 -1.133476e+00 
 1.304851e+01 -1.133479e+00 
 1.304883e+01 -1.133481e+00 
 1.304916e+01 -1.133482e+00 
 1.304948e+01 -1.133482e+00 
 1.304980e+01 -1.133483e+00 
 1.305012e+01 -1.133484e+00 
 1.305045e+01 -1.133485e+00 
 1.305077e+01 -1.133485e+00 
 1.305109e+01 -1.133483e+00 
 1.305142e+01 -1.133483e+00 
 1.305174e+01 -1.133485e+00 
 1.305206e+01 -1.133486e+00 
 1.305238e+01 -1.133486e+00 
 1.305271e+01 -1.133485e+00 
 1.305303e+01 -1.133484e+00 
 1.305335e+01 -1.133483e+00 
 1.305368e+01 -1.133482e+00 
 1.305400e+01 -1.133481e+00 
 1.305432e+01 -1.133480e+00 
 1.305465e+01 -1.133479e+00 
 1.305497e+01 -1.133478e+00 
 1.305529e+01 -1.133479e+00 
 1.305561e+01 -1.133478e+00 
 1.305594e+01 -1.133477e+00 
 1.305626e+01 -1.133473e+00 
 1.305658e+01 -1.133471e+00 
 1.305691e+01 -1.133470e+00 
 1.305723e+01 -1.133468e+00 
 1.305755e+01 -1.133466e+00 
 1.305788e+01 -1.133463e+00 
 1.305820e+01 -1.133461e+00 
 1.305852e+01 -1.133459e+00 
 1.305884e+01 -1.133458e+00 
 1.305917e+01 -1.133458e+00 
 1.305949e+01 -1.133457e+00 
 1.305981e+01 -1.133456e+00 
 1.306014e+01 -1.133455e+00 
 1.306046e+01 -1.133454e+00 
 1.306078e+01 -1.133452e+00 
 1.306111e+01 -1.133447e+00 
 1.306143e+01 -1.133441e+00 
 1.306175e+01 -1.133436e+00 
 1.306207e+01 -1.133434e+00 
 1.306240e+01 -1.133432e+00 
 1.306272e+01 -1.133429e+00 
 1.306304e+01 -1.133426e+00 
 1.306337e+01 -1.133424e+00 
 1.306369e+01 -1.133422e+00 
 1.306401e+01 -1.133421e+00 
 1.306434e+01 -1.133419e+00 
 1.306466e+01 -1.133416e+00 
 1.306498e+01 -1.133413e+00 
 1.306530e+01 -1.133409e+00 
 1.306563e+01 -1.133406e+00 
 1.306595e+01 -1.133402e+00 
 1.306627e+01 -1.133395e+00 
 1.306660e+01 -1.133387e+00 
 1.306692e+01 -1.133381e+00 
 1.306724e+01 -1.133377e+00 
 1.306757e+01 -1.133374e+00 
 1.306789e+01 -1.133369e+00 
 1.306821e+01 -1.133364e+00 
 1.306853e+01 -1.133359e+00 
 1.306886e+01 -1.133354e+00 
 1.306918e+01 -1.133349e+00 
 1.306950e+01 -1.133343e+00 
 1.306983e+01 -1.133337e+00 
 1.307015e+01 -1.133330e+00 
 1.307047e+01 -1.133324e+00 
 1.307080e+01 -1.133319e+00 
 1.307112e+01 -1.133313e+00 
 1.307144e+01 -1.133305e+00 
 1.307176e+01 -1.133297e+00 
 1.307209e+01 -1.133291e+00 
 1.307241e+01 -1.133286e+00 
 1.307273e+01 -1.133281e+00 
 1.307306e+01 -1.133275e+00 
 1.307338e+01 -1.133269e+00 
 1.307370e+01 -1.133263e+00 
 1.307403e+01 -1.133257e+00 
 1.307435e+01 -1.133252e+00 
 1.307467e+01 -1.133247e+00 
 1.307499e+01 -1.133241e+00 
 1.307532e+01 -1.133235e+00 
 1.307564e+01 -1.133231e+00 
 1.307596e+01 -1.133227e+00 
 1.307629e+01 -1.133222e+00 
 1.307661e+01 -1.133216e+00 
 1.307693e+01 -1.133209e+00 
 1.307726e+01 -1.133204e+00 
 1.307758e+01 -1.133201e+00 
 1.307790e+01 -1.133198e+00 
 1.307822e+01 -1.133194e+00 
 1.307855e+01 -1.133190e+00 
 1.307887e+01 -1.133187e+00 
 1.307919e+01 -1.133184e+00 
 1.307952e+01 -1.133182e+00 
 1.307984e+01 -1.133179e+00 
 1.308016e+01 -1.133176e+00 
 1.308049e+01 -1.133174e+00 
 1.308081e+01 -1.133172e+00 
 1.308113e+01 -1.133172e+00 
 1.308145e+01 -1.133171e+00 
 1.308178e+01 -1.133168e+00 
 1.308210e+01 -1.133165e+00 
 1.308242e+01 -1.133165e+00 
 1.308275e+01 -1.133166e+00 
 1.308307e+01 -1.133168e+00 
 1.308339e+01 -1.133169e+00 
 1.308372e+01 -1.133170e+00 
 1.308404e+01 -1.133172e+00 
 1.308436e+01 -1.133174e+00 
 1.308468e+01 -1.133176e+00 
 1.308501e+01 -1.133177e+00 
 1.308533e+01 -1.133178e+00 
 1.308565e+01 -1.133179e+00 
 1.308598e+01 -1.133181e+00 
 1.308630e+01 -1.133183e+00 
 1.308662e+01 -1.133186e+00 
 1.308694e+01 -1.133187e+00 
 1.308727e+01 -1.133189e+00 
 1.308759e+01 -1.133194e+00 
 1.308791e+01 -1.133200e+00 
 1.308824e+01 -1.133206e+00 
 1.308856e+01 -1.133212e+00 
 1.308888e+01 -1.133217e+00 
 1.308921e+01 -1.133222e+00 
 1.308953e+01 -1.133227e+00 
 1.308985e+01 -1.133232e+00 
 1.309017e+01 -1.133236e+00 
 1.309050e+01 -1.133240e+00 
 1.309082e+01 -1.133244e+00 
 1.309114e+01 -1.133250e+00 
 1.309147e+01 -1.133256e+00 
 1.309179e+01 -1.133262e+00 
 1.309211e+01 -1.133267e+00 
 1.309244e+01 -1.133273e+00 
 1.309276e+01 -1.133280e+00 
 1.309308e+01 -1.133288e+00 
 1.309340e+01 -1.133295e+00 
 1.309373e+01 -1.133300e+00 
 1.309405e+01 -1.133305e+00 
 1.309437e+01 -1.133308e+00 
 1.309470e+01 -1.133311e+00 
 1.309502e+01 -1.133314e+00 
 1.309534e+01 -1.133317e+00 
 1.309567e+01 -1.133318e+00 
 1.309599e+01 -1.133318e+00 
 1.309631e+01 -1.133319e+00 
 1.309663e+01 -1.133320e+00 
 1.309696e+01 -1.133321e+00 
 1.309728e+01 -1.133321e+00 
 1.309760e+01 -1.133321e+00 
 1.309793e+01 -1.133321e+00 
 1.309825e+01 -1.133321e+00 
 1.309857e+01 -1.133320e+00 
 1.309890e+01 -1.133318e+00 
 1.309922e+01 -1.133315e+00 
 1.309954e+01 -1.133311e+00 
 1.309986e+01 -1.133309e+00 
 1.310019e+01 -1.133307e+00 
 1.310051e+01 -1.133304e+00 
 1.310083e+01 -1.133301e+00 
 1.310116e+01 -1.133297e+00 
 1.310148e+01 -1.133294e+00 
 1.310180e+01 -1.133292e+00 
 1.310213e+01 -1.133289e+00 
 1.310245e+01 -1.133285e+00 
 1.310277e+01 -1.133281e+00 
 1.310309e+01 -1.133278e+00 
 1.310342e+01 -1.133276e+00 
 1.310374e+01 -1.133273e+00 
 1.310406e+01 -1.133270e+00 
 1.310439e+01 -1.133267e+00 
 1.310471e+01 -1.133264e+00 
 1.310503e+01 -1.133262e+00 
 1.310536e+01 -1.133261e+00 
 1.310568e+01 -1.133260e+00 
 1.310600e+01 -1.133259e+00 
 1.310632e+01 -1.133258e+00 
 1.310665e+01 -1.133257e+00 
 1.310697e+01 -1.133259e+00 
 1.310729e+01 -1.133261e+00 
 1.310762e+01 -1.133262e+00 
 1.310794e+01 -1.133263e+00 
 1.310826e+01 -1.133266e+00 
 1.310859e+01 -1.133269e+00 
 1.310891e+01 -1.133272e+00 
 1.310923e+01 -1.133274e+00 
 1.310955e+01 -1.133276e+00 
 1.310988e+01 -1.133277e+00 
 1.311020e+01 -1.133280e+00 
 1.311052e+01 -1.133284e+00 
 1.311085e+01 -1.133287e+00 
 1.311117e+01 -1.133291e+00 
 1.311149e+01 -1.133295e+00 
 1.311182e+01 -1.133298e+00 
 1.311214e+01 -1.133303e+00 
 1.311246e+01 -1.133307e+00 
 1.311278e+01 -1.133311e+00 
 1.311311e+01 -1.133314e+00 
 1.311343e+01 -1.133318e+00 
 1.311375e+01 -1.133323e+00 
 1.311408e+01 -1.133326e+00 
 1.311440e+01 -1.133329e+00 
 1.311472e+01 -1.133333e+00 
 1.311505e+01 -1.133336e+00 
 1.311537e+01 -1.133342e+00 
 1.311569e+01 -1.133347e+00 
 1.311601e+01 -1.133355e+00 
 1.311634e+01 -1.133364e+00 
 1.311666e+01 -1.133371e+00 
 1.311698e+01 -1.133377e+00 
 1.311731e+01 -1.133384e+00 
 1.311763e+01 -1.133390e+00 
 1.311795e+01 -1.133395e+00 
 1.311828e+01 -1.133400e+00 
 1.311860e+01 -1.133405e+00 
 1.311892e+01 -1.133411e+00 
 1.311924e+01 -1.133416e+00 
 1.311957e+01 -1.133422e+00 
 1.311989e+01 -1.133427e+00 
 1.312021e+01 -1.133434e+00 
 1.312054e+01 -1.133441e+00 
 1.312086e+01 -1.133448e+00 
 1.312118e+01 -1.133458e+00 
 1.312150e+01 -1.133468e+00 
 1.312183e+01 -1.133475e+00 
 1.312215e+01 -1.133481e+00 
 1.312247e+01 -1.133487e+00 
 1.312280e+01 -1.133492e+00 
 1.312312e+01 -1.133497e+00 
 1.312344e+01 -1.133502e+00 
 1.312377e+01 -1.133508e+00 
 1.312409e+01 -1.133514e+00 
 1.312441e+01 -1.133520e+00 
 1.312473e+01 -1.133527e+00 
 1.312506e+01 -1.133534e+00 
 1.312538e+01 -1.133541e+00 
 1.312570e+01 -1.133548e+00 
 1.312603e+01 -1.133556e+00 
 1.312635e+01 -1.133567e+00 
 1.312667e+01 -1.133576e+00 
 1.312700e+01 -1.133584e+00 
 1.312732e+01 -1.133590e+00 
 1.312764e+01 -1.133596e+00 
 1.312796e+01 -1.133603e+00 
 1.312829e+01 -1.133609e+00 
 1.312861e+01 -1.133615e+00 
 1.312893e+01 -1.133622e+00 
 1.312926e+01 -1.133630e+00 
 1.312958e+01 -1.133638e+00 
 1.312990e+01 -1.133645e+00 
 1.313023e+01 -1.133653e+00 
 1.313055e+01 -1.133659e+00 
 1.313087e+01 -1.133667e+00 
 1.313119e+01 -1.133677e+00 
 1.313152e+01 -1.133688e+00 
 1.313184e+01 -1.133699e+00 
 1.313216e+01 -1.133707e+00 
 1.313249e+01 -1.133716e+00 
 1.313281e+01 -1.133726e+00 
 1.313313e+01 -1.133735e+00 
 1.313346e+01 -1.133744e+00 
 1.313378e+01 -1.133753e+00 
 1.313410e+01 -1.133763e+00 
 1.313442e+01 -1.133773e+00 
 1.313475e+01 -1.133783e+00 
 1.313507e+01 -1.133794e+00 
 1.313539e+01 -1.133804e+00 
 1.313572e+01 -1.133813e+00 
 1.313604e+01 -1.133824e+00 
 1.313636e+01 -1.133836e+00 
 1.313669e+01 -1.133850e+00 
 1.313701e+01 -1.133862e+00 
 1.313733e+01 -1.133872e+00 
 1.313765e+01 -1.133882e+00 
 1.313798e+01 -1.133891e+00 
 1.313830e+01 -1.133900e+00 
 1.313862e+01 -1.133909e+00 
 1.313895e+01 -1.133917e+00 
 1.313927e+01 -1.133927e+00 
 1.313959e+01 -1.133936e+00 
 1.313992e+01 -1.133946e+00 
 1.314024e+01 -1.133955e+00 
 1.314056e+01 -1.133965e+00 
 1.314088e+01 -1.133974e+00 
 1.314121e+01 -1.133982e+00 
 1.314153e+01 -1.133992e+00 
 1.314185e+01 -1.134002e+00 
 1.314218e+01 -1.134010e+00 
 1.314250e+01 -1.134017e+00 
 1.314282e+01 -1.134022e+00 
 1.314315e+01 -1.134027e+00 
 1.314347e+01 -1.134032e+00 
 1.314379e+01 -1.134037e+00 
 1.314411e+01 -1.134043e+00 
 1.314444e+01 -1.134049e+00 
 1.314476e+01 -1.134055e+00 
 1.314508e+01 -1.134062e+00 
 1.314541e+01 -1.134068e+00 
 1.314573e+01 -1.134073e+00 
 1.314605e+01 -1.134075e+00 
 1.314638e+01 -1.134076e+00 
 1.314670e+01 -1.134078e+00 
 1.314702e+01 -1.134080e+00 
 1.314734e+01 -1.134080e+00 
 1.314767e+01 -1.134078e+00 
 1.314799e+01 -1.134076e+00 
 1.314831e+01 -1.134074e+00 
 1.314864e+01 -1.134072e+00 
 1.314896e+01 -1.134071e+00 
 1.314928e+01 -1.134071e+00 
 1.314961e+01 -1.134070e+00 
 1.314993e+01 -1.134069e+00 
 1.315025e+01 -1.134068e+00 
 1.315057e+01 -1.134066e+00 
 1.315090e+01 -1.134063e+00 
 1.315122e+01 -1.134056e+00 
 1.315154e+01 -1.134049e+00 
 1.315187e+01 -1.134043e+00 
 1.315219e+01 -1.134038e+00 
 1.315251e+01 -1.134033e+00 
 1.315284e+01 -1.134026e+00 
 1.315316e+01 -1.134020e+00 
 1.315348e+01 -1.134014e+00 
 1.315380e+01 -1.134009e+00 
 1.315413e+01 -1.134005e+00 
 1.315445e+01 -1.134001e+00 
 1.315477e+01 -1.133996e+00 
 1.315510e+01 -1.133991e+00 
 1.315542e+01 -1.133985e+00 
 1.315574e+01 -1.133980e+00 
 1.315607e+01 -1.133972e+00 
 1.315639e+01 -1.133963e+00 
 1.315671e+01 -1.133955e+00 
 1.315703e+01 -1.133948e+00 
 1.315736e+01 -1.133943e+00 
 1.315768e+01 -1.133938e+00 
 1.315800e+01 -1.133933e+00 
 1.315833e+01 -1.133928e+00 
 1.315865e+01 -1.133923e+00 
 1.315897e+01 -1.133919e+00 
 1.315929e+01 -1.133916e+00 
 1.315962e+01 -1.133912e+00 
 1.315994e+01 -1.133908e+00 
 1.316026e+01 -1.133904e+00 
 1.316059e+01 -1.133901e+00 
 1.316091e+01 -1.133898e+00 
 1.316123e+01 -1.133894e+00 
 1.316156e+01 -1.133889e+00 
 1.316188e+01 -1.133884e+00 
 1.316220e+01 -1.133882e+00 
 1.316252e+01 -1.133880e+00 
 1.316285e+01 -1.133878e+00 
 1.316317e+01 -1.133876e+00 
 1.316349e+01 -1.133874e+00 
 1.316382e+01 -1.133873e+00 
 1.316414e+01 -1.133872e+00 
 1.316446e+01 -1.133871e+00 
 1.316479e+01 -1.133871e+00 
 1.316511e+01 -1.133870e+00 
 1.316543e+01 -1.133870e+00 
 1.316575e+01 -1.133870e+00 
 1.316608e+01 -1.133872e+00 
 1.316640e+01 -1.133872e+00 
 1.316672e+01 -1.133871e+00 
 1.316705e+01 -1.133870e+00 
 1.316737e+01 -1.133870e+00 
 1.316769e+01 -1.133870e+00 
 1.316802e+01 -1.133870e+00 
 1.316834e+01 -1.133870e+00 
 1.316866e+01 -1.133869e+00 
 1.316898e+01 -1.133868e+00 
 1.316931e+01 -1.133868e+00 
 1.316963e+01 -1.133868e+00 
 1.316995e+01 -1.133866e+00 
 1.317028e+01 -1.133865e+00 
 1.317060e+01 -1.133862e+00 
 1.317092e+01 -1.133860e+00 
 1.317125e+01 -1.133859e+00 
 1.317157e+01 -1.133855e+00 
 1.317189e+01 -1.133849e+00 
 1.317221e+01 -1.133843e+00 
 1.317254e+01 -1.133838e+00 
 1.317286e+01 -1.133834e+00 
 1.317318e+01 -1.133829e+00 
 1.317351e+01 -1.133824e+00 
 1.317383e+01 -1.133818e+00 
 1.317415e+01 -1.133812e+00 
 1.317448e+01 -1.133807e+00 
 1.317480e+01 -1.133802e+00 
 1.317512e+01 -1.133795e+00 
 1.317544e+01 -1.133787e+00 
 1.317577e+01 -1.133778e+00 
 1.317609e+01 -1.133770e+00 
 1.317641e+01 -1.133763e+00 
 1.317674e+01 -1.133755e+00 
 1.317706e+01 -1.133746e+00 
 1.317738e+01 -1.133737e+00 
 1.317771e+01 -1.133731e+00 
 1.317803e+01 -1.133726e+00 
 1.317835e+01 -1.133720e+00 
 1.317867e+01 -1.133714e+00 
 1.317900e+01 -1.133708e+00 
 1.317932e+01 -1.133702e+00 
 1.317964e+01 -1.133696e+00 
 1.317997e+01 -1.133690e+00 
 1.318029e+01 -1.133683e+00 
 1.318061e+01 -1.133675e+00 
 1.318094e+01 -1.133667e+00 
 1.318126e+01 -1.133661e+00 
 1.318158e+01 -1.133657e+00 
 1.318190e+01 -1.133653e+00 
 1.318223e+01 -1.133649e+00 
 1.318255e+01 -1.133646e+00 
 1.318287e+01 -1.133644e+00 
 1.318320e+01 -1.133643e+00 
 1.318352e+01 -1.133642e+00 
 1.318384e+01 -1.133641e+00 
 1.318417e+01 -1.133639e+00 
 1.318449e+01 -1.133637e+00 
 1.318481e+01 -1.133636e+00 
 1.318513e+01 -1.133636e+00 
 1.318546e+01 -1.133636e+00 
 1.318578e+01 -1.133636e+00 
 1.318610e+01 -1.133637e+00 
 1.318643e+01 -1.133639e+00 
 1.318675e+01 -1.133645e+00 
 1.318707e+01 -1.133650e+00 
 1.318740e+01 -1.133655e+00 
 1.318772e+01 -1.133661e+00 
 1.318804e+01 -1.133667e+00 
 1.318836e+01 -1.133674e+00 
 1.318869e+01 -1.133680e+00 
 1.318901e+01 -1.133684e+00 
 1.318933e+01 -1.133686e+00 
 1.318966e+01 -1.133688e+00 
 1.318998e+01 -1.133690e+00 
 1.319030e+01 -1.133693e+00 
 1.319063e+01 -1.133696e+00 
 1.319095e+01 -1.133699e+00 
 1.319127e+01 -1.133704e+00 
 1.319159e+01 -1.133708e+00 
 1.319192e+01 -1.133714e+00 
 1.319224e+01 -1.133719e+00 
 1.319256e+01 -1.133723e+00 
 1.319289e+01 -1.133726e+00 
 1.319321e+01 -1.133731e+00 
 1.319353e+01 -1.133735e+00 
 1.319385e+01 -1.133739e+00 
 1.319418e+01 -1.133743e+00 
 1.319450e+01 -1.133746e+00 
 1.319482e+01 -1.133751e+00 
 1.319515e+01 -1.133757e+00 
 1.319547e+01 -1.133763e+00 
 1.319579e+01 -1.133769e+00 
 1.319612e+01 -1.133777e+00 
 1.319644e+01 -1.133784e+00 
 1.319676e+01 -1.133791e+00 
 1.319708e+01 -1.133798e+00 
 1.319741e+01 -1.133805e+00 
 1.319773e+01 -1.133810e+00 
 1.319805e+01 -1.133814e+00 
 1.319838e+01 -1.133817e+00 
 1.319870e+01 -1.133818e+00 
 1.319902e+01 -1.133816e+00 
 1.319935e+01 -1.133815e+00 
 1.319967e+01 -1.133814e+00 
 1.319999e+01 -1.133814e+00 
 1.320031e+01 -1.133815e+00 
 1.320064e+01 -1.133816e+00 
 1.320096e+01 -1.133818e+00 
 1.320128e+01 -1.133819e+00 
 1.320161e+01 -1.133822e+00 
 1.320193e+01 -1.133824e+00 
 1.320225e+01 -1.133826e+00 
 1.320258e+01 -1.133829e+00 
 1.320290e+01 -1.133831e+00 
 1.320322e+01 -1.133834e+00 
 1.320354e+01 -1.133838e+00 
 1.320387e+01 -1.133843e+00 
 1.320419e+01 -1.133847e+00 
 1.320451e+01 -1.133851e+00 
 1.320484e+01 -1.133855e+00 
 1.320516e+01 -1.133860e+00 
 1.320548e+01 -1.133864e+00 
 1.320581e+01 -1.133868e+00 
 1.320613e+01 -1.133872e+00 
 1.320645e+01 -1.133877e+00 
 1.320677e+01 -1.133882e+00 
 1.320710e+01 -1.133888e+00 
 1.320742e+01 -1.133894e+00 
 1.320774e+01 -1.133900e+00 
 1.320807e+01 -1.133905e+00 
 1.320839e+01 -1.133911e+00 
 1.320871e+01 -1.133919e+00 
 1.320904e+01 -1.133926e+00 
 1.320936e+01 -1.133933e+00 
 1.320968e+01 -1.133940e+00 
 1.321000e+01 -1.133946e+00 
 1.321033e+01 -1.133953e+00 
 1.321065e+01 -1.133960e+00 
 1.321097e+01 -1.133966e+00 
 1.321130e+01 -1.133971e+00 
 1.321162e+01 -1.133979e+00 
 1.321194e+01 -1.133987e+00 
 1.321227e+01 -1.133996e+00 
 1.321259e+01 -1.134004e+00 
 1.321291e+01 -1.134013e+00 
 1.321323e+01 -1.134020e+00 
 1.321356e+01 -1.134027e+00 
 1.321388e+01 -1.134034e+00 
 1.321420e+01 -1.134040e+00 
 1.321453e+01 -1.134045e+00 
 1.321485e+01 -1.134049e+00 
 1.321517e+01 -1.134053e+00 
 1.321550e+01 -1.134058e+00 
 1.321582e+01 -1.134063e+00 
 1.321614e+01 -1.134067e+00 
 1.321646e+01 -1.134070e+00 
 1.321679e+01 -1.134074e+00 
 1.321711e+01 -1.134079e+00 
 1.321743e+01 -1.134084e+00 
 1.321776e+01 -1.134088e+00 
 1.321808e+01 -1.134092e+00 
 1.321840e+01 -1.134094e+00 
 1.321873e+01 -1.134096e+00 
 1.321905e+01 -1.134099e+00 
 1.321937e+01 -1.134100e+00 
 1.321969e+01 -1.134102e+00 
 1.322002e+01 -1.134103e+00 
 1.322034e+01 -1.134105e+00 
 1.322066e+01 -1.134108e+00 
 1.322099e+01 -1.134110e+00 
 1.322131e+01 -1.134110e+00 
 1.322163e+01 -1.134109e+00 
 1.322196e+01 -1.134110e+00 
 1.322228e+01 -1.134111e+00 
 1.322260e+01 -1.134111e+00 
 1.322292e+01 -1.134111e+00 
 1.322325e+01 -1.134111e+00 
 1.322357e+01 -1.134109e+00 
 1.322389e+01 -1.134108e+00 
 1.322422e+01 -1.134107e+00 
 1.322454e+01 -1.134106e+00 
 1.322486e+01 -1.134105e+00 
 1.322519e+01 -1.134105e+00 
 1.322551e+01 -1.134105e+00 
 1.322583e+01 -1.134105e+00 
 1.322615e+01 -1.134104e+00 
 1.322648e+01 -1.134101e+00 
 1.322680e+01 -1.134098e+00 
 1.322712e+01 -1.134096e+00 
 1.322745e+01 -1.134094e+00 
 1.322777e+01 -1.134092e+00 
 1.322809e+01 -1.134090e+00 
 1.322841e+01 -1.134088e+00 
 1.322874e+01 -1.134085e+00 
 1.322906e+01 -1.134083e+00 
 1.322938e+01 -1.134082e+00 
 1.322971e+01 -1.134081e+00 
 1.323003e+01 -1.134079e+00 
 1.323035e+01 -1.134077e+00 
 1.323068e+01 -1.134075e+00 
 1.323100e+01 -1.134073e+00 
 1.323132e+01 -1.134068e+00 
 1.323164e+01 -1.134063e+00 
 1.323197e+01 -1.134058e+00 
 1.323229e+01 -1.134054e+00 
 1.323261e+01 -1.134051e+00 
 1.323294e+01 -1.134047e+00 
 1.323326e+01 -1.134043e+00 
 1.323358e+01 -1.134039e+00 
 1.323391e+01 -1.134034e+00 
 1.323423e+01 -1.134031e+00 
 1.323455e+01 -1.134027e+00 
 1.323487e+01 -1.134024e+00 
 1.323520e+01 -1.134020e+00 
 1.323552e+01 -1.134017e+00 
 1.323584e+01 -1.134014e+00 
 1.323617e+01 -1.134011e+00 
 1.323649e+01 -1.134006e+00 
 1.323681e+01 -1.134001e+00 
 1.323714e+01 -1.133996e+00 
 1.323746e+01 -1.133993e+00 
 1.323778e+01 -1.133990e+00 
 1.323810e+01 -1.133987e+00 
 1.323843e+01 -1.133984e+00 
 1.323875e+01 -1.133981e+00 
 1.323907e+01 -1.133977e+00 
 1.323940e+01 -1.133973e+00 
 1.323972e+01 -1.133969e+00 
 1.324004e+01 -1.133964e+00 
 1.324037e+01 -1.133958e+00 
 1.324069e+01 -1.133952e+00 
 1.324101e+01 -1.133948e+00 
 1.324133e+01 -1.133942e+00 
 1.324166e+01 -1.133934e+00 
 1.324198e+01 -1.133926e+00 
 1.324230e+01 -1.133918e+00 
 1.324263e+01 -1.133910e+00 
 1.324295e+01 -1.133903e+00 
 1.324327e+01 -1.133896e+00 
 1.324360e+01 -1.133888e+00 
 1.324392e+01 -1.133880e+00 
 1.324424e+01 -1.133871e+00 
 1.324456e+01 -1.133863e+00 
 1.324489e+01 -1.133855e+00 
 1.324521e+01 -1.133847e+00 
 1.324553e+01 -1.133838e+00 
 1.324586e+01 -1.133830e+00 
 1.324618e+01 -1.133825e+00 
 1.324650e+01 -1.133817e+00 
 1.324683e+01 -1.133809e+00 
 1.324715e+01 -1.133800e+00 
 1.324747e+01 -1.133791e+00 
 1.324779e+01 -1.133784e+00 
 1.324812e+01 -1.133777e+00 
 1.324844e+01 -1.133770e+00 
 1.324876e+01 -1.133763e+00 
 1.324909e+01 -1.133754e+00 
 1.324941e+01 -1.133746e+00 
 1.324973e+01 -1.133739e+00 
 1.325006e+01 -1.133731e+00 
 1.325038e+01 -1.133723e+00 
 1.325070e+01 -1.133715e+00 
 1.325102e+01 -1.133708e+00 
 1.325135e+01 -1.133703e+00 
 1.325167e+01 -1.133697e+00 
 1.325199e+01 -1.133691e+00 
 1.325232e+01 -1.133684e+00 
 1.325264e+01 -1.133679e+00 
 1.325296e+01 -1.133675e+00 
 1.325329e+01 -1.133672e+00 
 1.325361e+01 -1.133670e+00 
 1.325393e+01 -1.133667e+00 
 1.325425e+01 -1.133664e+00 
 1.325458e+01 -1.133662e+00 
 1.325490e+01 -1.133660e+00 
 1.325522e+01 -1.133659e+00 
 1.325555e+01 -1.133658e+00 
 1.325587e+01 -1.133656e+00 
 1.325619e+01 -1.133657e+00 
 1.325652e+01 -1.133659e+00 
 1.325684e+01 -1.133661e+00 
 1.325716e+01 -1.133662e+00 
 1.325748e+01 -1.133663e+00 
 1.325781e+01 -1.133666e+00 
 1.325813e+01 -1.133669e+00 
 1.325845e+01 -1.133672e+00 
 1.325878e+01 -1.133676e+00 
 1.325910e+01 -1.133678e+00 
 1.325942e+01 -1.133679e+00 
 1.325975e+01 -1.133682e+00 
 1.326007e+01 -1.133685e+00 
 1.326039e+01 -1.133688e+00 
 1.326071e+01 -1.133690e+00 
 1.326104e+01 -1.133694e+00 
 1.326136e+01 -1.133700e+00 
 1.326168e+01 -1.133707e+00 
 1.326201e+01 -1.133713e+00 
 1.326233e+01 -1.133719e+00 
 1.326265e+01 -1.133724e+00 
 1.326297e+01 -1.133729e+00 
 1.326330e+01 -1.133735e+00 
 1.326362e+01 -1.133742e+00 
 1.326394e+01 -1.133748e+00 
 1.326427e+01 -1.133753e+00 
 1.326459e+01 -1.133758e+00 
 1.326491e+01 -1.133765e+00 
 1.326524e+01 -1.133771e+00 
 1.326556e+01 -1.133778e+00 
 1.326588e+01 -1.133784e+00 
 1.326620e+01 -1.133791e+00 
 1.326653e+01 -1.133799e+00 
 1.326685e+01 -1.133807e+00 
 1.326717e+01 -1.133815e+00 
 1.326750e+01 -1.133820e+00 
 1.326782e+01 -1.133825e+00 
 1.326814e+01 -1.133830e+00 
 1.326847e+01 -1.133835e+00 
 1.326879e+01 -1.133840e+00 
 1.326911e+01 -1.133845e+00 
 1.326943e+01 -1.133850e+00 
 1.326976e+01 -1.133856e+00 
 1.327008e+01 -1.133862e+00 
 1.327040e+01 -1.133870e+00 
 1.327073e+01 -1.133877e+00 
 1.327105e+01 -1.133885e+00 
 1.327137e+01 -1.133893e+00 
 1.327170e+01 -1.133901e+00 
 1.327202e+01 -1.133909e+00 
 1.327234e+01 -1.133916e+00 
 1.327266e+01 -1.133920e+00 
 1.327299e+01 -1.133924e+00 
 1.327331e+01 -1.133927e+00 
 1.327363e+01 -1.133930e+00 
 1.327396e+01 -1.133933e+00 
 1.327428e+01 -1.133937e+00 
 1.327460e+01 -1.133940e+00 
 1.327493e+01 -1.133942e+00 
 1.327525e+01 -1.133944e+00 
 1.327557e+01 -1.133946e+00 
 1.327589e+01 -1.133947e+00 
 1.327622e+01 -1.133947e+00 
 1.327654e+01 -1.133948e+00 
 1.327686e+01 -1.133949e+00 
 1.327719e+01 -1.133951e+00 
 1.327751e+01 -1.133953e+00 
 1.327783e+01 -1.133954e+00 
 1.327816e+01 -1.133955e+00 
 1.327848e+01 -1.133958e+00 
 1.327880e+01 -1.133962e+00 
 1.327912e+01 -1.133967e+00 
 1.327945e+01 -1.133972e+00 
 1.327977e+01 -1.133977e+00 
 1.328009e+01 -1.133981e+00 
 1.328042e+01 -1.133986e+00 
 1.328074e+01 -1.133990e+00 
 1.328106e+01 -1.133993e+00 
 1.328139e+01 -1.133997e+00 
 1.328171e+01 -1.134001e+00 
 1.328203e+01 -1.134006e+00 
 1.328235e+01 -1.134012e+00 
 1.328268e+01 -1.134018e+00 
 1.328300e+01 -1.134024e+00 
 1.328332e+01 -1.134030e+00 
 1.328365e+01 -1.134037e+00 
 1.328397e+01 -1.134044e+00 
 1.328429e+01 -1.134052e+00 
 1.328462e+01 -1.134059e+00 
 1.328494e+01 -1.134065e+00 
 1.328526e+01 -1.134071e+00 
 1.328558e+01 -1.134078e+00 
 1.328591e+01 -1.134084e+00 
 1.328623e+01 -1.134091e+00 
 1.328655e+01 -1.134098e+00 
 1.328688e+01 -1.134105e+00 
 1.328720e+01 -1.134114e+00 
 1.328752e+01 -1.134122e+00 
 1.328785e+01 -1.134129e+00 
 1.328817e+01 -1.134135e+00 
 1.328849e+01 -1.134140e+00 
 1.328881e+01 -1.134145e+00 
 1.328914e+01 -1.134150e+00 
 1.328946e+01 -1.134154e+00 
 1.328978e+01 -1.134158e+00 
 1.329011e+01 -1.134161e+00 
 1.329043e+01 -1.134164e+00 
 1.329075e+01 -1.134167e+00 
 1.329108e+01 -1.134170e+00 
 1.329140e+01 -1.134172e+00 
 1.329172e+01 -1.134172e+00 
 1.329204e+01 -1.134173e+00 
 1.329237e+01 -1.134173e+00 
 1.329269e+01 -1.134172e+00 
 1.329301e+01 -1.134169e+00 
 1.329334e+01 -1.134165e+00 
 1.329366e+01 -1.134159e+00 
 1.329398e+01 -1.134153e+00 
 1.329431e+01 -1.134147e+00 
 1.329463e+01 -1.134140e+00 
 1.329495e+01 -1.134133e+00 
 1.329527e+01 -1.134125e+00 
 1.329560e+01 -1.134117e+00 
 1.329592e+01 -1.134109e+00 
 1.329624e+01 -1.134099e+00 
 1.329657e+01 -1.134089e+00 
 1.329689e+01 -1.134079e+00 
 1.329721e+01 -1.134069e+00 
 1.329753e+01 -1.134060e+00 
 1.329786e+01 -1.134051e+00 
 1.329818e+01 -1.134042e+00 
 1.329850e+01 -1.134033e+00 
 1.329883e+01 -1.134025e+00 
 1.329915e+01 -1.134019e+00 
 1.329947e+01 -1.134013e+00 
 1.329980e+01 -1.134008e+00 
 1.330012e+01 -1.134002e+00 
 1.330044e+01 -1.133996e+00 
 1.330076e+01 -1.133990e+00 
 1.330109e+01 -1.133983e+00 
 1.330141e+01 -1.133975e+00 
 1.330173e+01 -1.133968e+00 
 1.330206e+01 -1.133961e+00 
 1.330238e+01 -1.133956e+00 
 1.330270e+01 -1.133952e+00 
 1.330303e+01 -1.133949e+00 
 1.330335e+01 -1.133946e+00 
 1.330367e+01 -1.133943e+00 
 1.330399e+01 -1.133940e+00 
 1.330432e+01 -1.133937e+00 
 1.330464e+01 -1.133934e+00 
 1.330496e+01 -1.133931e+00 
 1.330529e+01 -1.133927e+00 
 1.330561e+01 -1.133922e+00 
 1.330593e+01 -1.133917e+00 
 1.330626e+01 -1.133910e+00 
 1.330658e+01 -1.133903e+00 
 1.330690e+01 -1.133898e+00 
 1.330722e+01 -1.133893e+00 
 1.330755e+01 -1.133889e+00 
 1.330787e+01 -1.133885e+00 
 1.330819e+01 -1.133882e+00 
 1.330852e+01 -1.133877e+00 
 1.330884e+01 -1.133873e+00 
 1.330916e+01 -1.133867e+00 
 1.330949e+01 -1.133862e+00 
 1.330981e+01 -1.133856e+00 
 1.331013e+01 -1.133850e+00 
 1.331045e+01 -1.133843e+00 
 1.331078e+01 -1.133837e+00 
 1.331110e+01 -1.133830e+00 
 1.331142e+01 -1.133823e+00 
 1.331175e+01 -1.133816e+00 
 1.331207e+01 -1.133811e+00 
 1.331239e+01 -1.133806e+00 
 1.331272e+01 -1.133801e+00 
 1.331304e+01 -1.133798e+00 
 1.331336e+01 -1.133793e+00 
 1.331368e+01 -1.133788e+00 
 1.331401e+01 -1.133783e+00 
 1.331433e+01 -1.133778e+00 
 1.331465e+01 -1.133773e+00 
 1.331498e+01 -1.133768e+00 
 1.331530e+01 -1.133763e+00 
 1.331562e+01 -1.133759e+00 
 1.331595e+01 -1.133755e+00 
 1.331627e+01 -1.133752e+00 
 1.331659e+01 -1.133746e+00 
 1.331691e+01 -1.133740e+00 
 1.331724e+01 -1.133735e+00 
 1.331756e+01 -1.133729e+00 
 1.331788e+01 -1.133723e+00 
 1.331821e+01 -1.133717e+00 
 1.331853e+01 -1.133711e+00 
 1.331885e+01 -1.133704e+00 
 1.331918e+01 -1.133697e+00 
 1.331950e+01 -1.133690e+00 
 1.331982e+01 -1.133684e+00 
 1.332014e+01 -1.133677e+00 
 1.332047e+01 -1.133671e+00 
 1.332079e+01 -1.133665e+00 
 1.332111e+01 -1.133662e+00 
 1.332144e+01 -1.133658e+00 
 1.332176e+01 -1.133652e+00 
 1.332208e+01 -1.133646e+00 
 1.332241e+01 -1.133641e+00 
 1.332273e+01 -1.133637e+00 
 1.332305e+01 -1.133634e+00 
 1.332337e+01 -1.133632e+00 
 1.332370e+01 -1.133630e+00 
 1.332402e+01 -1.133628e+00 
 1.332434e+01 -1.133627e+00 
 1.332467e+01 -1.133627e+00 
 1.332499e+01 -1.133627e+00 
 1.332531e+01 -1.133628e+00 
 1.332564e+01 -1.133630e+00 
 1.332596e+01 -1.133632e+00 
 1.332628e+01 -1.133638e+00 
 1.332660e+01 -1.133643e+00 
 1.332693e+01 -1.133647e+00 
 1.332725e+01 -1.133651e+00 
 1.332757e+01 -1.133657e+00 
 1.332790e+01 -1.133665e+00 
 1.332822e+01 -1.133673e+00 
 1.332854e+01 -1.133682e+00 
 1.332887e+01 -1.133690e+00 
 1.332919e+01 -1.133697e+00 
 1.332951e+01 -1.133705e+00 
 1.332983e+01 -1.133713e+00 
 1.333016e+01 -1.133721e+00 
 1.333048e+01 -1.133728e+00 
 1.333080e+01 -1.133735e+00 
 1.333113e+01 -1.133743e+00 
 1.333145e+01 -1.133754e+00 
 1.333177e+01 -1.133764e+00 
 1.333210e+01 -1.133771e+00 
 1.333242e+01 -1.133778e+00 
 1.333274e+01 -1.133785e+00 
 1.333306e+01 -1.133792e+00 
 1.333339e+01 -1.133797e+00 
 1.333371e+01 -1.133803e+00 
 1.333403e+01 -1.133807e+00 
 1.333436e+01 -1.133810e+00 
 1.333468e+01 -1.133813e+00 
 1.333500e+01 -1.133816e+00 
 1.333532e+01 -1.133819e+00 
 1.333565e+01 -1.133821e+00 
 1.333597e+01 -1.133825e+00 
 1.333629e+01 -1.133829e+00 
 1.333662e+01 -1.133837e+00 
 1.333694e+01 -1.133844e+00 
 1.333726e+01 -1.133848e+00 
 1.333759e+01 -1.133853e+00 
 1.333791e+01 -1.133857e+00 
 1.333823e+01 -1.133862e+00 
 1.333855e+01 -1.133866e+00 
 1.333888e+01 -1.133870e+00 
 1.333920e+01 -1.133874e+00 
 1.333952e+01 -1.133877e+00 
 1.333985e+01 -1.133881e+00 
 1.334017e+01 -1.133887e+00 
 1.334049e+01 -1.133891e+00 
 1.334082e+01 -1.133897e+00 
 1.334114e+01 -1.133901e+00 
 1.334146e+01 -1.133907e+00 
 1.334178e+01 -1.133915e+00 
 1.334211e+01 -1.133921e+00 
 1.334243e+01 -1.133926e+00 
 1.334275e+01 -1.133929e+00 
 1.334308e+01 -1.133933e+00 
 1.334340e+01 -1.133937e+00 
 1.334372e+01 -1.133942e+00 
 1.334405e+01 -1.133946e+00 
 1.334437e+01 -1.133950e+00 
 1.334469e+01 -1.133954e+00 
 1.334501e+01 -1.133959e+00 
 1.334534e+01 -1.133964e+00 
 1.334566e+01 -1.133969e+00 
 1.334598e+01 -1.133972e+00 
 1.334631e+01 -1.133974e+00 
 1.334663e+01 -1.133976e+00 
 1.334695e+01 -1.133980e+00 
 1.334728e+01 -1.133982e+00 
 1.334760e+01 -1.133984e+00 
 1.334792e+01 -1.133985e+00 
 1.334824e+01 -1.133986e+00 
 1.334857e+01 -1.133989e+00 
 1.334889e+01 -1.133991e+00 
 1.334921e+01 -1.133994e+00 
 1.334954e+01 -1.133997e+00 
 1.334986e+01 -1.134000e+00 
 1.335018e+01 -1.134004e+00 
 1.335051e+01 -1.134009e+00 
 1.335083e+01 -1.134014e+00 
 1.335115e+01 -1.134018e+00 
 1.335147e+01 -1.134021e+00 
 1.335180e+01 -1.134025e+00 
 1.335212e+01 -1.134031e+00 
 1.335244e+01 -1.134036e+00 
 1.335277e+01 -1.134040e+00 
 1.335309e+01 -1.134044e+00 
 1.335341e+01 -1.134049e+00 
 1.335374e+01 -1.134054e+00 
 1.335406e+01 -1.134059e+00 
 1.335438e+01 -1.134064e+00 
 1.335470e+01 -1.134069e+00 
 1.335503e+01 -1.134074e+00 
 1.335535e+01 -1.134079e+00 
 1.335567e+01 -1.134085e+00 
 1.335600e+01 -1.134090e+00 
 1.335632e+01 -1.134093e+00 
 1.335664e+01 -1.134097e+00 
 1.335697e+01 -1.134101e+00 
 1.335729e+01 -1.134106e+00 
 1.335761e+01 -1.134110e+00 
 1.335793e+01 -1.134113e+00 
 1.335826e+01 -1.134115e+00 
 1.335858e+01 -1.134118e+00 
 1.335890e+01 -1.134120e+00 
 1.335923e+01 -1.134123e+00 
 1.335955e+01 -1.134126e+00 
 1.335987e+01 -1.134127e+00 
 1.336020e+01 -1.134128e+00 
 1.336052e+01 -1.134129e+00 
 1.336084e+01 -1.134129e+00 
 1.336116e+01 -1.134128e+00 
 1.336149e+01 -1.134126e+00 
 1.336181e+01 -1.134124e+00 
 1.336213e+01 -1.134121e+00 
 1.336246e+01 -1.134119e+00 
 1.336278e+01 -1.134116e+00 
 1.336310e+01 -1.134112e+00 
 1.336343e+01 -1.134108e+00 
 1.336375e+01 -1.134104e+00 
 1.336407e+01 -1.134100e+00 
 1.336439e+01 -1.134096e+00 
 1.336472e+01 -1.134092e+00 
 1.336504e+01 -1.134086e+00 
 1.336536e+01 -1.134081e+00 
 1.336569e+01 -1.134075e+00 
 1.336601e+01 -1.134070e+00 
 1.336633e+01 -1.134064e+00 
 1.336666e+01 -1.134057e+00 
 1.336698e+01 -1.134049e+00 
 1.336730e+01 -1.134043e+00 
 1.336762e+01 -1.134037e+00 
 1.336795e+01 -1.134030e+00 
 1.336827e+01 -1.134024e+00 
 1.336859e+01 -1.134017e+00 
 1.336892e+01 -1.134011e+00 
 1.336924e+01 -1.134005e+00 
 1.336956e+01 -1.133999e+00 
 1.336988e+01 -1.133993e+00 
 1.337021e+01 -1.133986e+00 
 1.337053e+01 -1.133980e+00 
 1.337085e+01 -1.133975e+00 
 1.337118e+01 -1.133970e+00 
 1.337150e+01 -1.133963e+00 
 1.337182e+01 -1.133957e+00 
 1.337215e+01 -1.133950e+00 
 1.337247e+01 -1.133944e+00 
 1.337279e+01 -1.133939e+00 
 1.337311e+01 -1.133935e+00 
 1.337344e+01 -1.133930e+00 
 1.337376e+01 -1.133925e+00 
 1.337408e+01 -1.133920e+00 
 1.337441e+01 -1.133916e+00 
 1.337473e+01 -1.133913e+00 
 1.337505e+01 -1.133909e+00 
 1.337538e+01 -1.133906e+00 
 1.337570e+01 -1.133903e+00 
 1.337602e+01 -1.133901e+00 
 1.337634e+01 -1.133899e+00 
 1.337667e+01 -1.133897e+00 
 1.337699e+01 -1.133894e+00 
 1.337731e+01 -1.133891e+00 
 1.337764e+01 -1.133890e+00 
 1.337796e+01 -1.133889e+00 
 1.337828e+01 -1.133887e+00 
 1.337861e+01 -1.133886e+00 
 1.337893e+01 -1.133884e+00 
 1.337925e+01 -1.133883e+00 
 1.337957e+01 -1.133882e+00 
 1.337990e+01 -1.133882e+00 
 1.338022e+01 -1.133882e+00 
 1.338054e+01 -1.133881e+00 
 1.338087e+01 -1.133880e+00 
 1.338119e+01 -1.133879e+00 
 1.338151e+01 -1.133879e+00 
 1.338184e+01 -1.133878e+00 
 1.338216e+01 -1.133877e+00 
 1.338248e+01 -1.133876e+00 
 1.338280e+01 -1.133875e+00 
 1.338313e+01 -1.133875e+00 
 1.338345e+01 -1.133875e+00 
 1.338377e+01 -1.133874e+00 
 1.338410e+01 -1.133874e+00 
 1.338442e+01 -1.133874e+00 
 1.338474e+01 -1.133874e+00 
 1.338507e+01 -1.133874e+00 
 1.338539e+01 -1.133874e+00 
 1.338571e+01 -1.133873e+00 
 1.338603e+01 -1.133871e+00 
 1.338636e+01 -1.133870e+00 
 1.338668e+01 -1.133869e+00 
 1.338700e+01 -1.133868e+00 
 1.338733e+01 -1.133866e+00 
 1.338765e+01 -1.133865e+00 
 1.338797e+01 -1.133864e+00 
 1.338830e+01 -1.133864e+00 
 1.338862e+01 -1.133863e+00 
 1.338894e+01 -1.133862e+00 
 1.338926e+01 -1.133861e+00 
 1.338959e+01 -1.133860e+00 
 1.338991e+01 -1.133859e+00 
 1.339023e+01 -1.133857e+00 
 1.339056e+01 -1.133855e+00 
 1.339088e+01 -1.133852e+00 
 1.339120e+01 -1.133849e+00 
 1.339153e+01 -1.133847e+00 
 1.339185e+01 -1.133845e+00 
 1.339217e+01 -1.133844e+00 
 1.339249e+01 -1.133842e+00 
 1.339282e+01 -1.133842e+00 
 1.339314e+01 -1.133842e+00 
 1.339346e+01 -1.133843e+00 
 1.339379e+01 -1.133843e+00 
 1.339411e+01 -1.133843e+00 
 1.339443e+01 -1.133843e+00 
 1.339476e+01 -1.133842e+00 
 1.339508e+01 -1.133842e+00 
 1.339540e+01 -1.133842e+00 
 1.339572e+01 -1.133842e+00 
 1.339605e+01 -1.133842e+00 
 1.339637e+01 -1.133842e+00 
 1.339669e+01 -1.133843e+00 
 1.339702e+01 -1.133845e+00 
 1.339734e+01 -1.133847e+00 
 1.339766e+01 -1.133849e+00 
 1.339799e+01 -1.133851e+00 
 1.339831e+01 -1.133853e+00 
 1.339863e+01 -1.133856e+00 
 1.339895e+01 -1.133857e+00 
 1.339928e+01 -1.133858e+00 
 1.339960e+01 -1.133859e+00 
 1.339992e+01 -1.133861e+00 
 1.340025e+01 -1.133864e+00 
 1.340057e+01 -1.133867e+00 
 1.340089e+01 -1.133870e+00 
 1.340122e+01 -1.133873e+00 
 1.340154e+01 -1.133877e+00 
 1.340186e+01 -1.133882e+00 
 1.340218e+01 -1.133888e+00 
 1.340251e+01 -1.133894e+00 
 1.340283e+01 -1.133899e+00 
 1.340315e+01 -1.133905e+00 
 1.340348e+01 -1.133912e+00 
 1.340380e+01 -1.133918e+00 
 1.340412e+01 -1.133925e+00 
 1.340444e+01 -1.133932e+00 
 1.340477e+01 -1.133938e+00 
 1.340509e+01 -1.133946e+00 
 1.340541e+01 -1.133954e+00 
 1.340574e+01 -1.133963e+00 
 1.340606e+01 -1.133971e+00 
 1.340638e+01 -1.133979e+00 
 1.340671e+01 -1.133986e+00 
 1.340703e+01 -1.133993e+00 
 1.340735e+01 -1.134000e+00 
 1.340767e+01 -1.134006e+00 
 1.340800e+01 -1.134011e+00 
 1.340832e+01 -1.134016e+00 
 1.340864e+01 -1.134022e+00 
 1.340897e+01 -1.134027e+00 
 1.340929e+01 -1.134033e+00 
 1.340961e+01 -1.134038e+00 
 1.340994e+01 -1.134042e+00 
 1.341026e+01 -1.134047e+00 
 1.341058e+01 -1.134053e+00 
 1.341090e+01 -1.134057e+00 
 1.341123e+01 -1.134063e+00 
 1.341155e+01 -1.134067e+00 
 1.341187e+01 -1.134071e+00 
 1.341220e+01 -1.134075e+00 
 1.341252e+01 -1.134080e+00 
 1.341284e+01 -1.134083e+00 
 1.341317e+01 -1.134086e+00 
 1.341349e+01 -1.134089e+00 
 1.341381e+01 -1.134092e+00 
 1.341413e+01 -1.134095e+00 
 1.341446e+01 -1.134097e+00 
 1.341478e+01 -1.134098e+00 
 1.341510e+01 -1.134099e+00 
 1.341543e+01 -1.134100e+00 
 1.341575e+01 -1.134101e+00 
 1.341607e+01 -1.134103e+00 
 1.341640e+01 -1.134105e+00 
 1.341672e+01 -1.134107e+00 
 1.341704e+01 -1.134108e+00 
 1.341736e+01 -1.134109e+00 
 1.341769e+01 -1.134110e+00 
 1.341801e+01 -1.134110e+00 
 1.341833e+01 -1.134110e+00 
 1.341866e+01 -1.134110e+00 
 1.341898e+01 -1.134111e+00 
 1.341930e+01 -1.134111e+00 
 1.341963e+01 -1.134111e+00 
 1.341995e+01 -1.134111e+00 
 1.342027e+01 -1.134111e+00 
 1.342059e+01 -1.134110e+00 
 1.342092e+01 -1.134112e+00 
 1.342124e+01 -1.134115e+00 
 1.342156e+01 -1.134118e+00 
 1.342189e+01 -1.134119e+00 
 1.342221e+01 -1.134120e+00 
 1.342253e+01 -1.134121e+00 
 1.342286e+01 -1.134121e+00 
 1.342318e+01 -1.134121e+00 
 1.342350e+01 -1.134121e+00 
 1.342382e+01 -1.134121e+00 
 1.342415e+01 -1.134121e+00 
 1.342447e+01 -1.134121e+00 
 1.342479e+01 -1.134122e+00 
 1.342512e+01 -1.134124e+00 
 1.342544e+01 -1.134125e+00 
 1.342576e+01 -1.134127e+00 
 1.342609e+01 -1.134131e+00 
 1.342641e+01 -1.134135e+00 
 1.342673e+01 -1.134140e+00 
 1.342705e+01 -1.134142e+00 
 1.342738e+01 -1.134144e+00 
 1.342770e+01 -1.134146e+00 
 1.342802e+01 -1.134148e+00 
 1.342835e+01 -1.134150e+00 
 1.342867e+01 -1.134152e+00 
 1.342899e+01 -1.134154e+00 
 1.342932e+01 -1.134157e+00 
 1.342964e+01 -1.134161e+00 
 1.342996e+01 -1.134164e+00 
 1.343028e+01 -1.134168e+00 
 1.343061e+01 -1.134171e+00 
 1.343093e+01 -1.134173e+00 
 1.343125e+01 -1.134176e+00 
 1.343158e+01 -1.134181e+00 
 1.343190e+01 -1.134184e+00 
 1.343222e+01 -1.134186e+00 
 1.343255e+01 -1.134188e+00 
 1.343287e+01 -1.134190e+00 
 1.343319e+01 -1.134191e+00 
 1.343351e+01 -1.134192e+00 
 1.343384e+01 -1.134194e+00 
 1.343416e+01 -1.134195e+00 
 1.343448e+01 -1.134197e+00 
 1.343481e+01 -1.134199e+00 
 1.343513e+01 -1.134200e+00 
 1.343545e+01 -1.134200e+00 
 1.343578e+01 -1.134200e+00 
 1.343610e+01 -1.134198e+00 
 1.343642e+01 -1.134196e+00 
 1.343674e+01 -1.134197e+00 
 1.343707e+01 -1.134196e+00 
 1.343739e+01 -1.134195e+00 
 1.343771e+01 -1.134193e+00 
 1.343804e+01 -1.134191e+00 
 1.343836e+01 -1.134188e+00 
 1.343868e+01 -1.134185e+00 
 1.343900e+01 -1.134182e+00 
 1.343933e+01 -1.134179e+00 
 1.343965e+01 -1.134175e+00 
 1.343997e+01 -1.134171e+00 
 1.344030e+01 -1.134167e+00 
 1.344062e+01 -1.134162e+00 
 1.344094e+01 -1.134156e+00 
 1.344127e+01 -1.134148e+00 
 1.344159e+01 -1.134142e+00 
 1.344191e+01 -1.134138e+00 
 1.344223e+01 -1.134134e+00 
 1.344256e+01 -1.134129e+00 
 1.344288e+01 -1.134123e+00 
 1.344320e+01 -1.134118e+00 
 1.344353e+01 -1.134113e+00 
 1.344385e+01 -1.134108e+00 
 1.344417e+01 -1.134104e+00 
 1.344450e+01 -1.134099e+00 
 1.344482e+01 -1.134095e+00 
 1.344514e+01 -1.134092e+00 
 1.344546e+01 -1.134090e+00 
 1.344579e+01 -1.134088e+00 
 1.344611e+01 -1.134082e+00 
 1.344643e+01 -1.134076e+00 
 1.344676e+01 -1.134072e+00 
 1.344708e+01 -1.134070e+00 
 1.344740e+01 -1.134068e+00 
 1.344773e+01 -1.134065e+00 
 1.344805e+01 -1.134062e+00 
 1.344837e+01 -1.134060e+00 
 1.344869e+01 -1.134057e+00 
 1.344902e+01 -1.134056e+00 
 1.344934e+01 -1.134055e+00 
 1.344966e+01 -1.134054e+00 
 1.344999e+01 -1.134053e+00 
 1.345031e+01 -1.134053e+00 
 1.345063e+01 -1.134054e+00 
 1.345096e+01 -1.134054e+00 
 1.345128e+01 -1.134050e+00 
 1.345160e+01 -1.134046e+00 
 1.345192e+01 -1.134043e+00 
 1.345225e+01 -1.134042e+00 
 1.345257e+01 -1.134041e+00 
 1.345289e+01 -1.134040e+00 
 1.345322e+01 -1.134039e+00 
 1.345354e+01 -1.134039e+00 
 1.345386e+01 -1.134040e+00 
 1.345419e+01 -1.134042e+00 
 1.345451e+01 -1.134044e+00 
 1.345483e+01 -1.134045e+00 
 1.345515e+01 -1.134046e+00 
 1.345548e+01 -1.134048e+00 
 1.345580e+01 -1.134049e+00 
 1.345612e+01 -1.134047e+00 
 1.345645e+01 -1.134041e+00 
 1.345677e+01 -1.134035e+00 
 1.345709e+01 -1.134032e+00 
 1.345742e+01 -1.134029e+00 
 1.345774e+01 -1.134024e+00 
 1.345806e+01 -1.134018e+00 
 1.345838e+01 -1.134012e+00 
 1.345871e+01 -1.134006e+00 
 1.345903e+01 -1.134001e+00 
 1.345935e+01 -1.133995e+00 
 1.345968e+01 -1.133988e+00 
 1.346000e+01 -1.133980e+00 
 1.346032e+01 -1.133973e+00 
 1.346065e+01 -1.133966e+00 
 1.346097e+01 -1.133959e+00 
 1.346129e+01 -1.133952e+00 
 1.346161e+01 -1.133942e+00 
 1.346194e+01 -1.133932e+00 
 1.346226e+01 -1.133925e+00 
 1.346258e+01 -1.133919e+00 
 1.346291e+01 -1.133914e+00 
 1.346323e+01 -1.133908e+00 
 1.346355e+01 -1.133902e+00 
 1.346388e+01 -1.133897e+00 
 1.346420e+01 -1.133891e+00 
 1.346452e+01 -1.133885e+00 
 1.346484e+01 -1.133879e+00 
 1.346517e+01 -1.133872e+00 
 1.346549e+01 -1.133866e+00 
 1.346581e+01 -1.133860e+00 
 1.346614e+01 -1.133857e+00 
 1.346646e+01 -1.133852e+00 
 1.346678e+01 -1.133845e+00 
 1.346711e+01 -1.133839e+00 
 1.346743e+01 -1.133835e+00 
 1.346775e+01 -1.133832e+00 
 1.346807e+01 -1.133830e+00 
 1.346840e+01 -1.133827e+00 
 1.346872e+01 -1.133824e+00 
 1.346904e+01 -1.133820e+00 
 1.346937e+01 -1.133817e+00 
 1.346969e+01 -1.133815e+00 
 1.347001e+01 -1.133812e+00 
 1.347034e+01 -1.133809e+00 
 1.347066e+01 -1.133806e+00 
 1.347098e+01 -1.133805e+00 
 1.347130e+01 -1.133807e+00 
 1.347163e+01 -1.133807e+00 
 1.347195e+01 -1.133805e+00 
 1.347227e+01 -1.133804e+00 
 1.347260e+01 -1.133805e+00 
 1.347292e+01 -1.133807e+00 
 1.347324e+01 -1.133810e+00 
 1.347357e+01 -1.133812e+00 
 1.347389e+01 -1.133814e+00 
 1.347421e+01 -1.133815e+00 
 1.347453e+01 -1.133818e+00 
 1.347486e+01 -1.133821e+00 
 1.347518e+01 -1.133823e+00 
 1.347550e+01 -1.133825e+00 
 1.347583e+01 -1.133828e+00 
 1.347615e+01 -1.133833e+00 
 1.347647e+01 -1.133839e+00 
 1.347679e+01 -1.133844e+00 
 1.347712e+01 -1.133848e+00 
 1.347744e+01 -1.133852e+00 
 1.347776e+01 -1.133858e+00 
 1.347809e+01 -1.133865e+00 
 1.347841e+01 -1.133872e+00 
 1.347873e+01 -1.133878e+00 
 1.347906e+01 -1.133883e+00 
 1.347938e+01 -1.133888e+00 
 1.347970e+01 -1.133894e+00 
 1.348002e+01 -1.133900e+00 
 1.348035e+01 -1.133905e+00 
 1.348067e+01 -1.133910e+00 
 1.348099e+01 -1.133915e+00 
 1.348132e+01 -1.133923e+00 
 1.348164e+01 -1.133931e+00 
 1.348196e+01 -1.133938e+00 
 1.348229e+01 -1.133943e+00 
 1.348261e+01 -1.133948e+00 
 1.348293e+01 -1.133954e+00 
 1.348325e+01 -1.133960e+00 
 1.348358e+01 -1.133965e+00 
 1.348390e+01 -1.133969e+00 
 1.348422e+01 -1.133972e+00 
 1.348455e+01 -1.133975e+00 
 1.348487e+01 -1.133978e+00 
 1.348519e+01 -1.133981e+00 
 1.348552e+01 -1.133982e+00 
 1.348584e+01 -1.133984e+00 
 1.348616e+01 -1.133986e+00 
 1.348648e+01 -1.133991e+00 
 1.348681e+01 -1.133997e+00 
 1.348713e+01 -1.134001e+00 
 1.348745e+01 -1.134003e+00 
 1.348778e+01 -1.134006e+00 
 1.348810e+01 -1.134009e+00 
 1.348842e+01 -1.134013e+00 
 1.348875e+01 -1.134016e+00 
 1.348907e+01 -1.134018e+00 
 1.348939e+01 -1.134020e+00 
 1.348971e+01 -1.134021e+00 
 1.349004e+01 -1.134024e+00 
 1.349036e+01 -1.134028e+00 
 1.349068e+01 -1.134031e+00 
 1.349101e+01 -1.134034e+00 
 1.349133e+01 -1.134038e+00 
 1.349165e+01 -1.134045e+00 
 1.349198e+01 -1.134051e+00 
 1.349230e+01 -1.134056e+00 
 1.349262e+01 -1.134059e+00 
 1.349294e+01 -1.134061e+00 
 1.349327e+01 -1.134065e+00 
 1.349359e+01 -1.134069e+00 
 1.349391e+01 -1.134072e+00 
 1.349424e+01 -1.134075e+00 
 1.349456e+01 -1.134079e+00 
 1.349488e+01 -1.134083e+00 
 1.349521e+01 -1.134088e+00 
 1.349553e+01 -1.134094e+00 
 1.349585e+01 -1.134099e+00 
 1.349617e+01 -1.134104e+00 
 1.349650e+01 -1.134110e+00 
 1.349682e+01 -1.134117e+00 
 1.349714e+01 -1.134124e+00 
 1.349747e+01 -1.134130e+00 
 1.349779e+01 -1.134135e+00 
 1.349811e+01 -1.134140e+00 
 1.349844e+01 -1.134146e+00 
 1.349876e+01 -1.134152e+00 
 1.349908e+01 -1.134158e+00 
 1.349940e+01 -1.134164e+00 
 1.349973e+01 -1.134169e+00 
 1.350005e+01 -1.134174e+00 
 1.350037e+01 -1.134181e+00 
 1.350070e+01 -1.134187e+00 
 1.350102e+01 -1.134192e+00 
 1.350134e+01 -1.134196e+00 
 1.350167e+01 -1.134200e+00 
 1.350199e+01 -1.134205e+00 
 1.350231e+01 -1.134211e+00 
 1.350263e+01 -1.134215e+00 
 1.350296e+01 -1.134217e+00 
 1.350328e+01 -1.134220e+00 
 1.350360e+01 -1.134224e+00 
 1.350393e+01 -1.134228e+00 
 1.350425e+01 -1.134231e+00 
 1.350457e+01 -1.134233e+00 
 1.350490e+01 -1.134235e+00 
 1.350522e+01 -1.134237e+00 
 1.350554e+01 -1.134239e+00 
 1.350586e+01 -1.134242e+00 
 1.350619e+01 -1.134244e+00 
 1.350651e+01 -1.134245e+00 
 1.350683e+01 -1.134246e+00 
 1.350716e+01 -1.134248e+00 
 1.350748e+01 -1.134250e+00 
 1.350780e+01 -1.134250e+00 
 1.350813e+01 -1.134248e+00 
 1.350845e+01 -1.134247e+00 
 1.350877e+01 -1.134246e+00 
 1.350909e+01 -1.134245e+00 
 1.350942e+01 -1.134243e+00 
 1.350974e+01 -1.134241e+00 
 1.351006e+01 -1.134238e+00 
 1.351039e+01 -1.134237e+00 
 1.351071e+01 -1.134236e+00 
 1.351103e+01 -1.134236e+00 
 1.351135e+01 -1.134236e+00 
 1.351168e+01 -1.134234e+00 
 1.351200e+01 -1.134232e+00 
 1.351232e+01 -1.134231e+00 
 1.351265e+01 -1.134229e+00 
 1.351297e+01 -1.134226e+00 
 1.351329e+01 -1.134221e+00 
 1.351362e+01 -1.134218e+00 
 1.351394e+01 -1.134215e+00 
 1.351426e+01 -1.134212e+00 
 1.351458e+01 -1.134210e+00 
 1.351491e+01 -1.134208e+00 
 1.351523e+01 -1.134206e+00 
 1.351555e+01 -1.134204e+00 
 1.351588e+01 -1.134204e+00 
 1.351620e+01 -1.134203e+00 
 1.351652e+01 -1.134203e+00 
 1.351685e+01 -1.134200e+00 
 1.351717e+01 -1.134198e+00 
 1.351749e+01 -1.134196e+00 
 1.351781e+01 -1.134194e+00 
 1.351814e+01 -1.134191e+00 
 1.351846e+01 -1.134188e+00 
 1.351878e+01 -1.134185e+00 
 1.351911e+01 -1.134185e+00 
 1.351943e+01 -1.134185e+00 
 1.351975e+01 -1.134185e+00 
 1.352008e+01 -1.134184e+00 
 1.352040e+01 -1.134184e+00 
 1.352072e+01 -1.134184e+00 
 1.352104e+01 -1.134184e+00 
 1.352137e+01 -1.134185e+00 
 1.352169e+01 -1.134185e+00 
 1.352201e+01 -1.134184e+00 
 1.352234e+01 -1.134184e+00 
 1.352266e+01 -1.134185e+00 
 1.352298e+01 -1.134187e+00 
 1.352331e+01 -1.134188e+00 
 1.352363e+01 -1.134189e+00 
 1.352395e+01 -1.134191e+00 
 1.352427e+01 -1.134194e+00 
 1.352460e+01 -1.134198e+00 
 1.352492e+01 -1.134201e+00 
 1.352524e+01 -1.134203e+00 
 1.352557e+01 -1.134205e+00 
 1.352589e+01 -1.134208e+00 
 1.352621e+01 -1.134209e+00 
 1.352654e+01 -1.134211e+00 
 1.352686e+01 -1.134213e+00 
 1.352718e+01 -1.134215e+00 
 1.352750e+01 -1.134217e+00 
 1.352783e+01 -1.134220e+00 
 1.352815e+01 -1.134223e+00 
 1.352847e+01 -1.134226e+00 
 1.352880e+01 -1.134228e+00 
 1.352912e+01 -1.134231e+00 
 1.352944e+01 -1.134235e+00 
 1.352977e+01 -1.134239e+00 
 1.353009e+01 -1.134242e+00 
 1.353041e+01 -1.134244e+00 
 1.353073e+01 -1.134247e+00 
 1.353106e+01 -1.134249e+00 
 1.353138e+01 -1.134251e+00 
 1.353170e+01 -1.134254e+00 
 1.353203e+01 -1.134257e+00 
 1.353235e+01 -1.134260e+00 
 1.353267e+01 -1.134263e+00 
 1.353300e+01 -1.134266e+00 
 1.353332e+01 -1.134269e+00 
 1.353364e+01 -1.134272e+00 
 1.353396e+01 -1.134274e+00 
 1.353429e+01 -1.134277e+00 
 1.353461e+01 -1.134280e+00 
 1.353493e+01 -1.134283e+00 
 1.353526e+01 -1.134286e+00 
 1.353558e+01 -1.134289e+00 
 1.353590e+01 -1.134292e+00 
 1.353623e+01 -1.134296e+00 
 1.353655e+01 -1.134298e+00 
 1.353687e+01 -1.134301e+00 
 1.353719e+01 -1.134304e+00 
 1.353752e+01 -1.134306e+00 
 1.353784e+01 -1.134307e+00 
 1.353816e+01 -1.134310e+00 
 1.353849e+01 -1.134312e+00 
 1.353881e+01 -1.134313e+00 
 1.353913e+01 -1.134315e+00 
 1.353946e+01 -1.134317e+00 
 1.353978e+01 -1.134320e+00 
 1.354010e+01 -1.134323e+00 
 1.354042e+01 -1.134326e+00 
 1.354075e+01 -1.134329e+00 
 1.354107e+01 -1.134333e+00 
 1.354139e+01 -1.134337e+00 
 1.354172e+01 -1.134339e+00 
 1.354204e+01 -1.134341e+00 
 1.354236e+01 -1.134343e+00 
 1.354269e+01 -1.134345e+00 
 1.354301e+01 -1.134346e+00 
 1.354333e+01 -1.134349e+00 
 1.354365e+01 -1.134352e+00 
 1.354398e+01 -1.134354e+00 
 1.354430e+01 -1.134357e+00 
 1.354462e+01 -1.134361e+00 
 1.354495e+01 -1.134365e+00 
 1.354527e+01 -1.134369e+00 
 1.354559e+01 -1.134372e+00 
 1.354591e+01 -1.134376e+00 
 1.354624e+01 -1.134381e+00 
 1.354656e+01 -1.134385e+00 
 1.354688e+01 -1.134388e+00 
 1.354721e+01 -1.134391e+00 
 1.354753e+01 -1.134394e+00 
 1.354785e+01 -1.134398e+00 
 1.354818e+01 -1.134402e+00 
 1.354850e+01 -1.134407e+00 
 1.354882e+01 -1.134411e+00 
 1.354914e+01 -1.134415e+00 
 1.354947e+01 -1.134420e+00 
 1.354979e+01 -1.134425e+00 
 1.355011e+01 -1.134429e+00 
 1.355044e+01 -1.134432e+00 
 1.355076e+01 -1.134435e+00 
 1.355108e+01 -1.134438e+00 
 1.355141e+01 -1.134442e+00 
 1.355173e+01 -1.134446e+00 
 1.355205e+01 -1.134449e+00 
 1.355237e+01 -1.134451e+00 
 1.355270e+01 -1.134454e+00 
 1.355302e+01 -1.134456e+00 
 1.355334e+01 -1.134459e+00 
 1.355367e+01 -1.134462e+00 
 1.355399e+01 -1.134464e+00 
 1.355431e+01 -1.134464e+00 
 1.355464e+01 -1.134465e+00 
 1.355496e+01 -1.134465e+00 
 1.355528e+01 -1.134465e+00 
 1.355560e+01 -1.134463e+00 
 1.355593e+01 -1.134461e+00 
 1.355625e+01 -1.134458e+00 
 1.355657e+01 -1.134457e+00 
 1.355690e+01 -1.134456e+00 
 1.355722e+01 -1.134453e+00 
 1.355754e+01 -1.134450e+00 
 1.355787e+01 -1.134447e+00 
 1.355819e+01 -1.134444e+00 
 1.355851e+01 -1.134441e+00 
 1.355883e+01 -1.134438e+00 
 1.355916e+01 -1.134434e+00 
 1.355948e+01 -1.134429e+00 
 1.355980e+01 -1.134424e+00 
 1.356013e+01 -1.134419e+00 
 1.356045e+01 -1.134414e+00 
 1.356077e+01 -1.134409e+00 
 1.356110e+01 -1.134402e+00 
 1.356142e+01 -1.134395e+00 
 1.356174e+01 -1.134391e+00 
 1.356206e+01 -1.134386e+00 
 1.356239e+01 -1.134381e+00 
 1.356271e+01 -1.134376e+00 
 1.356303e+01 -1.134371e+00 
 1.356336e+01 -1.134365e+00 
 1.356368e+01 -1.134361e+00 
 1.356400e+01 -1.134356e+00 
 1.356433e+01 -1.134351e+00 
 1.356465e+01 -1.134346e+00 
 1.356497e+01 -1.134342e+00 
 1.356529e+01 -1.134338e+00 
 1.356562e+01 -1.134334e+00 
 1.356594e+01 -1.134329e+00 
 1.356626e+01 -1.134324e+00 
 1.356659e+01 -1.134319e+00 
 1.356691e+01 -1.134317e+00 
 1.356723e+01 -1.134315e+00 
 1.356756e+01 -1.134312e+00 
 1.356788e+01 -1.134309e+00 
 1.356820e+01 -1.134306e+00 
 1.356852e+01 -1.134303e+00 
 1.356885e+01 -1.134301e+00 
 1.356917e+01 -1.134300e+00 
 1.356949e+01 -1.134298e+00 
 1.356982e+01 -1.134296e+00 
 1.357014e+01 -1.134295e+00 
 1.357046e+01 -1.134295e+00 
 1.357079e+01 -1.134295e+00 
 1.357111e+01 -1.134294e+00 
 1.357143e+01 -1.134293e+00 
 1.357175e+01 -1.134292e+00 
 1.357208e+01 -1.134294e+00 
 1.357240e+01 -1.134295e+00 
 1.357272e+01 -1.134296e+00 
 1.357305e+01 -1.134297e+00 
 1.357337e+01 -1.134299e+00 
 1.357369e+01 -1.134301e+00 
 1.357402e+01 -1.134304e+00 
 1.357434e+01 -1.134307e+00 
 1.357466e+01 -1.134310e+00 
 1.357498e+01 -1.134314e+00 
 1.357531e+01 -1.134318e+00 
 1.357563e+01 -1.134323e+00 
 1.357595e+01 -1.134328e+00 
 1.357628e+01 -1.134333e+00 
 1.357660e+01 -1.134336e+00 
 1.357692e+01 -1.134341e+00 
 1.357725e+01 -1.134346e+00 
 1.357757e+01 -1.134352e+00 
 1.357789e+01 -1.134358e+00 
 1.357821e+01 -1.134363e+00 
 1.357854e+01 -1.134368e+00 
 1.357886e+01 -1.134373e+00 
 1.357918e+01 -1.134379e+00 
 1.357951e+01 -1.134386e+00 
 1.357983e+01 -1.134392e+00 
 1.358015e+01 -1.134397e+00 
 1.358047e+01 -1.134403e+00 
 1.358080e+01 -1.134409e+00 
 1.358112e+01 -1.134414e+00 
 1.358144e+01 -1.134419e+00 
 1.358177e+01 -1.134423e+00 
 1.358209e+01 -1.134427e+00 
 1.358241e+01 -1.134432e+00 
 1.358274e+01 -1.134437e+00 
 1.358306e+01 -1.134441e+00 
 1.358338e+01 -1.134445e+00 
 1.358370e+01 -1.134449e+00 
 1.358403e+01 -1.134453e+00 
 1.358435e+01 -1.134457e+00 
 1.358467e+01 -1.134461e+00 
 1.358500e+01 -1.134463e+00 
 1.358532e+01 -1.134465e+00 
 1.358564e+01 -1.134467e+00 
 1.358597e+01 -1.134468e+00 
 1.358629e+01 -1.134470e+00 
 1.358661e+01 -1.134471e+00 
 1.358693e+01 -1.134471e+00 
 1.358726e+01 -1.134471e+00 
 1.358758e+01 -1.134472e+00 
 1.358790e+01 -1.134473e+00 
 1.358823e+01 -1.134474e+00 
 1.358855e+01 -1.134473e+00 
 1.358887e+01 -1.134473e+00 
 1.358920e+01 -1.134473e+00 
 1.358952e+01 -1.134472e+00 
 1.358984e+01 -1.134471e+00 
 1.359016e+01 -1.134469e+00 
 1.359049e+01 -1.134466e+00 
 1.359081e+01 -1.134464e+00 
 1.359113e+01 -1.134463e+00 
 1.359146e+01 -1.134462e+00 
 1.359178e+01 -1.134461e+00 
 1.359210e+01 -1.134460e+00 
 1.359243e+01 -1.134460e+00 
 1.359275e+01 -1.134460e+00 
 1.359307e+01 -1.134461e+00 
 1.359339e+01 -1.134461e+00 
 1.359372e+01 -1.134460e+00 
 1.359404e+01 -1.134459e+00 
 1.359436e+01 -1.134458e+00 
 1.359469e+01 -1.134458e+00 
 1.359501e+01 -1.134457e+00 
 1.359533e+01 -1.134457e+00 
 1.359566e+01 -1.134457e+00 
 1.359598e+01 -1.134458e+00 
 1.359630e+01 -1.134461e+00 
 1.359662e+01 -1.134463e+00 
 1.359695e+01 -1.134466e+00 
 1.359727e+01 -1.134468e+00 
 1.359759e+01 -1.134470e+00 
 1.359792e+01 -1.134473e+00 
 1.359824e+01 -1.134476e+00 
 1.359856e+01 -1.134478e+00 
 1.359889e+01 -1.134480e+00 
 1.359921e+01 -1.134482e+00 
 1.359953e+01 -1.134484e+00 
 1.359985e+01 -1.134487e+00 
 1.360018e+01 -1.134491e+00 
 1.360050e+01 -1.134494e+00 
 1.360082e+01 -1.134498e+00 
 1.360115e+01 -1.134503e+00 
 1.360147e+01 -1.134508e+00 
 1.360179e+01 -1.134513e+00 
 1.360212e+01 -1.134517e+00 
 1.360244e+01 -1.134521e+00 
 1.360276e+01 -1.134524e+00 
 1.360308e+01 -1.134528e+00 
 1.360341e+01 -1.134532e+00 
 1.360373e+01 -1.134536e+00 
 1.360405e+01 -1.134539e+00 
 1.360438e+01 -1.134542e+00 
 1.360470e+01 -1.134546e+00 
 1.360502e+01 -1.134550e+00 
 1.360535e+01 -1.134554e+00 
 1.360567e+01 -1.134556e+00 
 1.360599e+01 -1.134558e+00 
 1.360631e+01 -1.134559e+00 
 1.360664e+01 -1.134561e+00 
 1.360696e+01 -1.134562e+00 
 1.360728e+01 -1.134563e+00 
 1.360761e+01 -1.134562e+00 
 1.360793e+01 -1.134562e+00 
 1.360825e+01 -1.134562e+00 
 1.360858e+01 -1.134562e+00 
 1.360890e+01 -1.134562e+00 
 1.360922e+01 -1.134561e+00 
 1.360954e+01 -1.134560e+00 
 1.360987e+01 -1.134559e+00 
 1.361019e+01 -1.134557e+00 
 1.361051e+01 -1.134555e+00 
 1.361084e+01 -1.134552e+00 
 1.361116e+01 -1.134547e+00 
 1.361148e+01 -1.134542e+00 
 1.361181e+01 -1.134539e+00 
 1.361213e+01 -1.134535e+00 
 1.361245e+01 -1.134531e+00 
 1.361277e+01 -1.134527e+00 
 1.361310e+01 -1.134523e+00 
 1.361342e+01 -1.134519e+00 
 1.361374e+01 -1.134516e+00 
 1.361407e+01 -1.134512e+00 
 1.361439e+01 -1.134507e+00 
 1.361471e+01 -1.134501e+00 
 1.361503e+01 -1.134496e+00 
 1.361536e+01 -1.134491e+00 
 1.361568e+01 -1.134486e+00 
 1.361600e+01 -1.134482e+00 
 1.361633e+01 -1.134476e+00 
 1.361665e+01 -1.134472e+00 
 1.361697e+01 -1.134468e+00 
 1.361730e+01 -1.134465e+00 
 1.361762e+01 -1.134462e+00 
 1.361794e+01 -1.134458e+00 
 1.361826e+01 -1.134455e+00 
 1.361859e+01 -1.134451e+00 
 1.361891e+01 -1.134449e+00 
 1.361923e+01 -1.134445e+00 
 1.361956e+01 -1.134442e+00 
 1.361988e+01 -1.134439e+00 
 1.362020e+01 -1.134437e+00 
 1.362053e+01 -1.134437e+00 
 1.362085e+01 -1.134437e+00 
 1.362117e+01 -1.134440e+00 
 1.362149e+01 -1.134442e+00 
 1.362182e+01 -1.134444e+00 
 1.362214e+01 -1.134447e+00 
 1.362246e+01 -1.134450e+00 
 1.362279e+01 -1.134452e+00 
 1.362311e+01 -1.134454e+00 
 1.362343e+01 -1.134456e+00 
 1.362376e+01 -1.134459e+00 
 1.362408e+01 -1.134463e+00 
 1.362440e+01 -1.134467e+00 
 1.362472e+01 -1.134472e+00 
 1.362505e+01 -1.134477e+00 
 1.362537e+01 -1.134485e+00 
 1.362569e+01 -1.134493e+00 
 1.362602e+01 -1.134503e+00 
 1.362634e+01 -1.134513e+00 
 1.362666e+01 -1.134522e+00 
 1.362699e+01 -1.134530e+00 
 1.362731e+01 -1.134537e+00 
 1.362763e+01 -1.134545e+00 
 1.362795e+01 -1.134553e+00 
 1.362828e+01 -1.134561e+00 
 1.362860e+01 -1.134569e+00 
 1.362892e+01 -1.134578e+00 
 1.362925e+01 -1.134588e+00 
 1.362957e+01 -1.134599e+00 
 1.362989e+01 -1.134609e+00 
 1.363022e+01 -1.134619e+00 
 1.363054e+01 -1.134629e+00 
 1.363086e+01 -1.134638e+00 
 1.363118e+01 -1.134648e+00 
 1.363151e+01 -1.134657e+00 
 1.363183e+01 -1.134665e+00 
 1.363215e+01 -1.134671e+00 
 1.363248e+01 -1.134678e+00 
 1.363280e+01 -1.134685e+00 
 1.363312e+01 -1.134691e+00 
 1.363345e+01 -1.134697e+00 
 1.363377e+01 -1.134704e+00 
 1.363409e+01 -1.134710e+00 
 1.363441e+01 -1.134717e+00 
 1.363474e+01 -1.134722e+00 
 1.363506e+01 -1.134726e+00 
 1.363538e+01 -1.134729e+00 
 1.363571e+01 -1.134731e+00 
 1.363603e+01 -1.134731e+00 
 1.363635e+01 -1.134731e+00 
 1.363668e+01 -1.134732e+00 
 1.363700e+01 -1.134732e+00 
 1.363732e+01 -1.134732e+00 
 1.363764e+01 -1.134731e+00 
 1.363797e+01 -1.134731e+00 
 1.363829e+01 -1.134730e+00 
 1.363861e+01 -1.134729e+00 
 1.363894e+01 -1.134727e+00 
 1.363926e+01 -1.134724e+00 
 1.363958e+01 -1.134720e+00 
 1.363991e+01 -1.134716e+00 
 1.364023e+01 -1.134711e+00 
 1.364055e+01 -1.134705e+00 
 1.364087e+01 -1.134699e+00 
 1.364120e+01 -1.134691e+00 
 1.364152e+01 -1.134685e+00 
 1.364184e+01 -1.134680e+00 
 1.364217e+01 -1.134675e+00 
 1.364249e+01 -1.134670e+00 
 1.364281e+01 -1.134665e+00 
 1.364314e+01 -1.134659e+00 
 1.364346e+01 -1.134653e+00 
 1.364378e+01 -1.134647e+00 
 1.364410e+01 -1.134640e+00 
 1.364443e+01 -1.134634e+00 
 1.364475e+01 -1.134627e+00 
 1.364507e+01 -1.134621e+00 
 1.364540e+01 -1.134615e+00 
 1.364572e+01 -1.134610e+00 
 1.364604e+01 -1.134604e+00 
 1.364637e+01 -1.134597e+00 
 1.364669e+01 -1.134592e+00 
 1.364701e+01 -1.134588e+00 
 1.364733e+01 -1.134584e+00 
 1.364766e+01 -1.134579e+00 
 1.364798e+01 -1.134575e+00 
 1.364830e+01 -1.134571e+00 
 1.364863e+01 -1.134567e+00 
 1.364895e+01 -1.134564e+00 
 1.364927e+01 -1.134561e+00 
 1.364960e+01 -1.134558e+00 
 1.364992e+01 -1.134557e+00 
 1.365024e+01 -1.134556e+00 
 1.365056e+01 -1.134556e+00 
 1.365089e+01 -1.134557e+00 
 1.365121e+01 -1.134555e+00 
 1.365153e+01 -1.134552e+00 
 1.365186e+01 -1.134550e+00 
 1.365218e+01 -1.134550e+00 
 1.365250e+01 -1.134550e+00 
 1.365282e+01 -1.134549e+00 
 1.365315e+01 -1.134550e+00 
 1.365347e+01 -1.134551e+00 
 1.365379e+01 -1.134553e+00 
 1.365412e+01 -1.134555e+00 
 1.365444e+01 -1.134558e+00 
 1.365476e+01 -1.134562e+00 
 1.365509e+01 -1.134565e+00 
 1.365541e+01 -1.134569e+00 
 1.365573e+01 -1.134572e+00 
 1.365605e+01 -1.134575e+00 
 1.365638e+01 -1.134576e+00 
 1.365670e+01 -1.134575e+00 
 1.365702e+01 -1.134575e+00 
 1.365735e+01 -1.134577e+00 
 1.365767e+01 -1.134579e+00 
 1.365799e+01 -1.134582e+00 
 1.365832e+01 -1.134584e+00 
 1.365864e+01 -1.134587e+00 
 1.365896e+01 -1.134589e+00 
 1.365928e+01 -1.134592e+00 
 1.365961e+01 -1.134594e+00 
 1.365993e+01 -1.134595e+00 
 1.366025e+01 -1.134595e+00 
 1.366058e+01 -1.134595e+00 
 1.366090e+01 -1.134594e+00 
 1.366122e+01 -1.134594e+00 
 1.366155e+01 -1.134592e+00 
 1.366187e+01 -1.134589e+00 
 1.366219e+01 -1.134587e+00 
 1.366251e+01 -1.134586e+00 
 1.366284e+01 -1.134586e+00 
 1.366316e+01 -1.134584e+00 
 1.366348e+01 -1.134583e+00 
 1.366381e+01 -1.134581e+00 
 1.366413e+01 -1.134579e+00 
 1.366445e+01 -1.134576e+00 
 1.366478e+01 -1.134573e+00 
 1.366510e+01 -1.134568e+00 
 1.366542e+01 -1.134563e+00 
 1.366574e+01 -1.134558e+00 
 1.366607e+01 -1.134555e+00 
 1.366639e+01 -1.134552e+00 
 1.366671e+01 -1.134548e+00 
 1.366704e+01 -1.134544e+00 
 1.366736e+01 -1.134540e+00 
 1.366768e+01 -1.134538e+00 
 1.366801e+01 -1.134535e+00 
 1.366833e+01 -1.134532e+00 
 1.366865e+01 -1.134529e+00 
 1.366897e+01 -1.134526e+00 
 1.366930e+01 -1.134522e+00 
 1.366962e+01 -1.134519e+00 
 1.366994e+01 -1.134515e+00 
 1.367027e+01 -1.134512e+00 
 1.367059e+01 -1.134509e+00 
 1.367091e+01 -1.134507e+00 
 1.367124e+01 -1.134507e+00 
 1.367156e+01 -1.134508e+00 
 1.367188e+01 -1.134507e+00 
 1.367220e+01 -1.134506e+00 
 1.367253e+01 -1.134507e+00 
 1.367285e+01 -1.134508e+00 
 1.367317e+01 -1.134510e+00 
 1.367350e+01 -1.134512e+00 
 1.367382e+01 -1.134514e+00 
 1.367414e+01 -1.134517e+00 
 1.367447e+01 -1.134519e+00 
 1.367479e+01 -1.134522e+00 
 1.367511e+01 -1.134525e+00 
 1.367543e+01 -1.134528e+00 
 1.367576e+01 -1.134532e+00 
 1.367608e+01 -1.134536e+00 
 1.367640e+01 -1.134543e+00 
 1.367673e+01 -1.134549e+00 
 1.367705e+01 -1.134554e+00 
 1.367737e+01 -1.134560e+00 
 1.367770e+01 -1.134566e+00 
 1.367802e+01 -1.134574e+00 
 1.367834e+01 -1.134582e+00 
 1.367866e+01 -1.134589e+00 
 1.367899e+01 -1.134596e+00 
 1.367931e+01 -1.134603e+00 
 1.367963e+01 -1.134610e+00 
 1.367996e+01 -1.134618e+00 
 1.368028e+01 -1.134625e+00 
 1.368060e+01 -1.134632e+00 
 1.368093e+01 -1.134639e+00 
 1.368125e+01 -1.134648e+00 
 1.368157e+01 -1.134657e+00 
 1.368189e+01 -1.134667e+00 
 1.368222e+01 -1.134676e+00 
 1.368254e+01 -1.134684e+00 
 1.368286e+01 -1.134693e+00 
 1.368319e+01 -1.134702e+00 
 1.368351e+01 -1.134711e+00 
 1.368383e+01 -1.134718e+00 
 1.368416e+01 -1.134724e+00 
 1.368448e+01 -1.134731e+00 
 1.368480e+01 -1.134737e+00 
 1.368512e+01 -1.134743e+00 
 1.368545e+01 -1.134749e+00 
 1.368577e+01 -1.134754e+00 
 1.368609e+01 -1.134759e+00 
 1.368642e+01 -1.134765e+00 
 1.368674e+01 -1.134772e+00 
 1.368706e+01 -1.134778e+00 
 1.368738e+01 -1.134782e+00 
 1.368771e+01 -1.134785e+00 
 1.368803e+01 -1.134787e+00 
 1.368835e+01 -1.134790e+00 
 1.368868e+01 -1.134791e+00 
 1.368900e+01 -1.134792e+00 
 1.368932e+01 -1.134792e+00 
 1.368965e+01 -1.134791e+00 
 1.368997e+01 -1.134791e+00 
 1.369029e+01 -1.134791e+00 
 1.369061e+01 -1.134790e+00 
 1.369094e+01 -1.134789e+00 
 1.369126e+01 -1.134786e+00 
 1.369158e+01 -1.134784e+00 
 1.369191e+01 -1.134783e+00 
 1.369223e+01 -1.134780e+00 
 1.369255e+01 -1.134775e+00 
 1.369288e+01 -1.134770e+00 
 1.369320e+01 -1.134765e+00 
 1.369352e+01 -1.134760e+00 
 1.369384e+01 -1.134754e+00 
 1.369417e+01 -1.134749e+00 
 1.369449e+01 -1.134743e+00 
 1.369481e+01 -1.134737e+00 
 1.369514e+01 -1.134732e+00 
 1.369546e+01 -1.134727e+00 
 1.369578e+01 -1.134721e+00 
 1.369611e+01 -1.134713e+00 
 1.369643e+01 -1.134705e+00 
 1.369675e+01 -1.134699e+00 
 1.369707e+01 -1.134693e+00 
 1.369740e+01 -1.134686e+00 
 1.369772e+01 -1.134679e+00 
 1.369804e+01 -1.134672e+00 
 1.369837e+01 -1.134666e+00 
 1.369869e+01 -1.134661e+00 
 1.369901e+01 -1.134656e+00 
 1.369934e+01 -1.134652e+00 
 1.369966e+01 -1.134646e+00 
 1.369998e+01 -1.134642e+00 
 1.370030e+01 -1.134639e+00 
 1.370063e+01 -1.134636e+00 
 1.370095e+01 -1.134633e+00 
 1.370127e+01 -1.134630e+00 
 1.370160e+01 -1.134626e+00 
 1.370192e+01 -1.134624e+00 
 1.370224e+01 -1.134624e+00 
 1.370257e+01 -1.134624e+00 
 1.370289e+01 -1.134624e+00 
 1.370321e+01 -1.134624e+00 
 1.370353e+01 -1.134624e+00 
 1.370386e+01 -1.134626e+00 
 1.370418e+01 -1.134627e+00 
 1.370450e+01 -1.134628e+00 
 1.370483e+01 -1.134629e+00 
 1.370515e+01 -1.134630e+00 
 1.370547e+01 -1.134633e+00 
 1.370580e+01 -1.134636e+00 
 1.370612e+01 -1.134641e+00 
 1.370644e+01 -1.134644e+00 
 1.370676e+01 -1.134647e+00 
 1.370709e+01 -1.134652e+00 
 1.370741e+01 -1.134658e+00 
 1.370773e+01 -1.134663e+00 
 1.370806e+01 -1.134667e+00 
 1.370838e+01 -1.134672e+00 
 1.370870e+01 -1.134676e+00 
 1.370903e+01 -1.134681e+00 
 1.370935e+01 -1.134686e+00 
 1.370967e+01 -1.134691e+00 
 1.370999e+01 -1.134696e+00 
 1.371032e+01 -1.134701e+00 
 1.371064e+01 -1.134708e+00 
 1.371096e+01 -1.134715e+00 
 1.371129e+01 -1.134723e+00 
 1.371161e+01 -1.134729e+00 
 1.371193e+01 -1.134734e+00 
 1.371226e+01 -1.134739e+00 
 1.371258e+01 -1.134745e+00 
 1.371290e+01 -1.134750e+00 
 1.371322e+01 -1.134754e+00 
 1.371355e+01 -1.134758e+00 
 1.371387e+01 -1.134762e+00 
 1.371419e+01 -1.134767e+00 
 1.371452e+01 -1.134772e+00 
 1.371484e+01 -1.134778e+00 
 1.371516e+01 -1.134783e+00 
 1.371549e+01 -1.134788e+00 
 1.371581e+01 -1.134793e+00 
 1.371613e+01 -1.134798e+00 
 1.371645e+01 -1.134803e+00 
 1.371678e+01 -1.134806e+00 
 1.371710e+01 -1.134808e+00 
 1.371742e+01 -1.134810e+00 
 1.371775e+01 -1.134813e+00 
 1.371807e+01 -1.134816e+00 
 1.371839e+01 -1.134818e+00 
 1.371872e+01 -1.134821e+00 
 1.371904e+01 -1.134823e+00 
 1.371936e+01 -1.134827e+00 
 1.371968e+01 -1.134831e+00 
 1.372001e+01 -1.134834e+00 
 1.372033e+01 -1.134836e+00 
 1.372065e+01 -1.134838e+00 
 1.372098e+01 -1.134840e+00 
 1.372130e+01 -1.134842e+00 
 1.372162e+01 -1.134843e+00 
 1.372194e+01 -1.134844e+00 
 1.372227e+01 -1.134845e+00 
 1.372259e+01 -1.134847e+00 
 1.372291e+01 -1.134850e+00 
 1.372324e+01 -1.134852e+00 
 1.372356e+01 -1.134855e+00 
 1.372388e+01 -1.134858e+00 
 1.372421e+01 -1.134861e+00 
 1.372453e+01 -1.134864e+00 
 1.372485e+01 -1.134868e+00 
 1.372517e+01 -1.134870e+00 
 1.372550e+01 -1.134873e+00 
 1.372582e+01 -1.134875e+00 
 1.372614e+01 -1.134879e+00 
 1.372647e+01 -1.134883e+00 
 1.372679e+01 -1.134888e+00 
 1.372711e+01 -1.134892e+00 
 1.372744e+01 -1.134896e+00 
 1.372776e+01 -1.134901e+00 
 1.372808e+01 -1.134907e+00 
 1.372840e+01 -1.134913e+00 
 1.372873e+01 -1.134918e+00 
 1.372905e+01 -1.134923e+00 
 1.372937e+01 -1.134929e+00 
 1.372970e+01 -1.134934e+00 
 1.373002e+01 -1.134940e+00 
 1.373034e+01 -1.134946e+00 
 1.373067e+01 -1.134952e+00 
 1.373099e+01 -1.134959e+00 
 1.373131e+01 -1.134968e+00 
 1.373163e+01 -1.134976e+00 
 1.373196e+01 -1.134984e+00 
 1.373228e+01 -1.134992e+00 
 1.373260e+01 -1.134998e+00 
 1.373293e+01 -1.135006e+00 
 1.373325e+01 -1.135013e+00 
 1.373357e+01 -1.135020e+00 
 1.373390e+01 -1.135026e+00 
 1.373422e+01 -1.135033e+00 
 1.373454e+01 -1.135040e+00 
 1.373486e+01 -1.135047e+00 
 1.373519e+01 -1.135055e+00 
 1.373551e+01 -1.135062e+00 
 1.373583e+01 -1.135069e+00 
 1.373616e+01 -1.135077e+00 
 1.373648e+01 -1.135085e+00 
 1.373680e+01 -1.135092e+00 
 1.373713e+01 -1.135098e+00 
 1.373745e+01 -1.135102e+00 
 1.373777e+01 -1.135105e+00 
 1.373809e+01 -1.135109e+00 
 1.373842e+01 -1.135113e+00 
 1.373874e+01 -1.135116e+00 
 1.373906e+01 -1.135119e+00 
 1.373939e+01 -1.135122e+00 
 1.373971e+01 -1.135125e+00 
 1.374003e+01 -1.135128e+00 
 1.374036e+01 -1.135130e+00 
 1.374068e+01 -1.135131e+00 
 1.374100e+01 -1.135131e+00 
 1.374132e+01 -1.135132e+00 
 1.374165e+01 -1.135132e+00 
 1.374197e+01 -1.135131e+00 
 1.374229e+01 -1.135129e+00 
 1.374262e+01 -1.135126e+00 
 1.374294e+01 -1.135123e+00 
 1.374326e+01 -1.135120e+00 
 1.374359e+01 -1.135118e+00 
 1.374391e+01 -1.135115e+00 
 1.374423e+01 -1.135112e+00 
 1.374455e+01 -1.135108e+00 
 1.374488e+01 -1.135104e+00 
 1.374520e+01 -1.135100e+00 
 1.374552e+01 -1.135094e+00 
 1.374585e+01 -1.135087e+00 
 1.374617e+01 -1.135081e+00 
 1.374649e+01 -1.135075e+00 
 1.374682e+01 -1.135070e+00 
 1.374714e+01 -1.135065e+00 
 1.374746e+01 -1.135059e+00 
 1.374778e+01 -1.135053e+00 
 1.374811e+01 -1.135047e+00 
 1.374843e+01 -1.135042e+00 
 1.374875e+01 -1.135037e+00 
 1.374908e+01 -1.135031e+00 
 1.374940e+01 -1.135025e+00 
 1.374972e+01 -1.135019e+00 
 1.375005e+01 -1.135014e+00 
 1.375037e+01 -1.135008e+00 
 1.375069e+01 -1.135002e+00 
 1.375101e+01 -1.134997e+00 
 1.375134e+01 -1.134993e+00 
 1.375166e+01 -1.134991e+00 
 1.375198e+01 -1.134989e+00 
 1.375231e+01 -1.134988e+00 
 1.375263e+01 -1.134986e+00 
 1.375295e+01 -1.134983e+00 
 1.375328e+01 -1.134981e+00 
 1.375360e+01 -1.134980e+00 
 1.375392e+01 -1.134979e+00 
 1.375424e+01 -1.134978e+00 
 1.375457e+01 -1.134977e+00 
 1.375489e+01 -1.134976e+00 
 1.375521e+01 -1.134977e+00 
 1.375554e+01 -1.134978e+00 
 1.375586e+01 -1.134980e+00 
 1.375618e+01 -1.134982e+00 
 1.375650e+01 -1.134986e+00 
 1.375683e+01 -1.134990e+00 
 1.375715e+01 -1.134995e+00 
 1.375747e+01 -1.134998e+00 
 1.375780e+01 -1.135001e+00 
 1.375812e+01 -1.135004e+00 
 1.375844e+01 -1.135008e+00 
 1.375877e+01 -1.135012e+00 
 1.375909e+01 -1.135017e+00 
 1.375941e+01 -1.135022e+00 
 1.375973e+01 -1.135028e+00 
 1.376006e+01 -1.135035e+00 
 1.376038e+01 -1.135043e+00 
 1.376070e+01 -1.135051e+00 
 1.376103e+01 -1.135059e+00 
 1.376135e+01 -1.135066e+00 
 1.376167e+01 -1.135073e+00 
 1.376200e+01 -1.135081e+00 
 1.376232e+01 -1.135088e+00 
 1.376264e+01 -1.135095e+00 
 1.376296e+01 -1.135101e+00 
 1.376329e+01 -1.135108e+00 
 1.376361e+01 -1.135115e+00 
 1.376393e+01 -1.135123e+00 
 1.376426e+01 -1.135131e+00 
 1.376458e+01 -1.135139e+00 
 1.376490e+01 -1.135147e+00 
 1.376523e+01 -1.135156e+00 
 1.376555e+01 -1.135163e+00 
 1.376587e+01 -1.135171e+00 
 1.376619e+01 -1.135176e+00 
 1.376652e+01 -1.135181e+00 
 1.376684e+01 -1.135186e+00 
 1.376716e+01 -1.135191e+00 
 1.376749e+01 -1.135197e+00 
 1.376781e+01 -1.135201e+00 
 1.376813e+01 -1.135205e+00 
 1.376846e+01 -1.135209e+00 
 1.376878e+01 -1.135214e+00 
 1.376910e+01 -1.135219e+00 
 1.376942e+01 -1.135223e+00 
 1.376975e+01 -1.135227e+00 
 1.377007e+01 -1.135230e+00 
 1.377039e+01 -1.135233e+00 
 1.377072e+01 -1.135235e+00 
 1.377104e+01 -1.135236e+00 
 1.377136e+01 -1.135237e+00 
 1.377169e+01 -1.135237e+00 
 1.377201e+01 -1.135238e+00 
 1.377233e+01 -1.135239e+00 
 1.377265e+01 -1.135241e+00 
 1.377298e+01 -1.135242e+00 
 1.377330e+01 -1.135242e+00 
 1.377362e+01 -1.135243e+00 
 1.377395e+01 -1.135243e+00 
 1.377427e+01 -1.135244e+00 
 1.377459e+01 -1.135244e+00 
 1.377492e+01 -1.135244e+00 
 1.377524e+01 -1.135243e+00 
 1.377556e+01 -1.135242e+00 
 1.377588e+01 -1.135242e+00 
 1.377621e+01 -1.135242e+00 
 1.377653e+01 -1.135242e+00 
 1.377685e+01 -1.135242e+00 
 1.377718e+01 -1.135243e+00 
 1.377750e+01 -1.135244e+00 
 1.377782e+01 -1.135245e+00 
 1.377815e+01 -1.135245e+00 
 1.377847e+01 -1.135245e+00 
 1.377879e+01 -1.135245e+00 
 1.377911e+01 -1.135246e+00 
 1.377944e+01 -1.135247e+00 
 1.377976e+01 -1.135248e+00 
 1.378008e+01 -1.135250e+00 
 1.378041e+01 -1.135251e+00 
 1.378073e+01 -1.135253e+00 
 1.378105e+01 -1.135256e+00 
 1.378138e+01 -1.135260e+00 
 1.378170e+01 -1.135262e+00 
 1.378202e+01 -1.135264e+00 
 1.378234e+01 -1.135267e+00 
 1.378267e+01 -1.135270e+00 
 1.378299e+01 -1.135273e+00 
 1.378331e+01 -1.135275e+00 
 1.378364e+01 -1.135277e+00 
 1.378396e+01 -1.135280e+00 
 1.378428e+01 -1.135283e+00 
 1.378461e+01 -1.135287e+00 
 1.378493e+01 -1.135291e+00 
 1.378525e+01 -1.135295e+00 
 1.378557e+01 -1.135299e+00 
 1.378590e+01 -1.135304e+00 
 1.378622e+01 -1.135309e+00 
 1.378654e+01 -1.135314e+00 
 1.378687e+01 -1.135317e+00 
 1.378719e+01 -1.135320e+00 
 1.378751e+01 -1.135323e+00 
 1.378784e+01 -1.135327e+00 
 1.378816e+01 -1.135330e+00 
 1.378848e+01 -1.135333e+00 
 1.378880e+01 -1.135336e+00 
 1.378913e+01 -1.135339e+00 
 1.378945e+01 -1.135342e+00 
 1.378977e+01 -1.135346e+00 
 1.379010e+01 -1.135349e+00 
 1.379042e+01 -1.135351e+00 
 1.379074e+01 -1.135353e+00 
 1.379107e+01 -1.135355e+00 
 1.379139e+01 -1.135357e+00 
 1.379171e+01 -1.135359e+00 
 1.379203e+01 -1.135359e+00 
 1.379236e+01 -1.135359e+00 
 1.379268e+01 -1.135359e+00 
 1.379300e+01 -1.135359e+00 
 1.379333e+01 -1.135360e+00 
 1.379365e+01 -1.135360e+00 
 1.379397e+01 -1.135358e+00 
 1.379429e+01 -1.135357e+00 
 1.379462e+01 -1.135356e+00 
 1.379494e+01 -1.135355e+00 
 1.379526e+01 -1.135353e+00 
 1.379559e+01 -1.135350e+00 
 1.379591e+01 -1.135346e+00 
 1.379623e+01 -1.135343e+00 
 1.379656e+01 -1.135341e+00 
 1.379688e+01 -1.135338e+00 
 1.379720e+01 -1.135334e+00 
 1.379752e+01 -1.135330e+00 
 1.379785e+01 -1.135327e+00 
 1.379817e+01 -1.135324e+00 
 1.379849e+01 -1.135321e+00 
 1.379882e+01 -1.135317e+00 
 1.379914e+01 -1.135312e+00 
 1.379946e+01 -1.135308e+00 
 1.379979e+01 -1.135304e+00 
 1.380011e+01 -1.135300e+00 
 1.380043e+01 -1.135295e+00 
 1.380075e+01 -1.135290e+00 
 1.380108e+01 -1.135285e+00 
 1.380140e+01 -1.135281e+00 
 1.380172e+01 -1.135278e+00 
 1.380205e+01 -1.135275e+00 
 1.380237e+01 -1.135272e+00 
 1.380269e+01 -1.135269e+00 
 1.380302e+01 -1.135267e+00 
 1.380334e+01 -1.135265e+00 
 1.380366e+01 -1.135263e+00 
 1.380398e+01 -1.135261e+00 
 1.380431e+01 -1.135259e+00 
 1.380463e+01 -1.135257e+00 
 1.380495e+01 -1.135256e+00 
 1.380528e+01 -1.135256e+00 
 1.380560e+01 -1.135256e+00 
 1.380592e+01 -1.135255e+00 
 1.380625e+01 -1.135255e+00 
 1.380657e+01 -1.135255e+00 
 1.380689e+01 -1.135257e+00 
 1.380721e+01 -1.135259e+00 
 1.380754e+01 -1.135261e+00 
 1.380786e+01 -1.135263e+00 
 1.380818e+01 -1.135266e+00 
 1.380851e+01 -1.135269e+00 
 1.380883e+01 -1.135272e+00 
 1.380915e+01 -1.135276e+00 
 1.380948e+01 -1.135280e+00 
 1.380980e+01 -1.135284e+00 
 1.381012e+01 -1.135289e+00 
 1.381044e+01 -1.135295e+00 
 1.381077e+01 -1.135300e+00 
 1.381109e+01 -1.135307e+00 
 1.381141e+01 -1.135312e+00 
 1.381174e+01 -1.135318e+00 
 1.381206e+01 -1.135326e+00 
 1.381238e+01 -1.135333e+00 
 1.381271e+01 -1.135340e+00 
 1.381303e+01 -1.135346e+00 
 1.381335e+01 -1.135353e+00 
 1.381367e+01 -1.135361e+00 
 1.381400e+01 -1.135369e+00 
 1.381432e+01 -1.135376e+00 
 1.381464e+01 -1.135383e+00 
 1.381497e+01 -1.135391e+00 
 1.381529e+01 -1.135399e+00 
 1.381561e+01 -1.135408e+00 
 1.381594e+01 -1.135416e+00 
 1.381626e+01 -1.135424e+00 
 1.381658e+01 -1.135431e+00 
 1.381690e+01 -1.135438e+00 
 1.381723e+01 -1.135446e+00 
 1.381755e+01 -1.135453e+00 
 1.381787e+01 -1.135459e+00 
 1.381820e+01 -1.135464e+00 
 1.381852e+01 -1.135470e+00 
 1.381884e+01 -1.135476e+00 
 1.381917e+01 -1.135481e+00 
 1.381949e+01 -1.135486e+00 
 1.381981e+01 -1.135491e+00 
 1.382013e+01 -1.135495e+00 
 1.382046e+01 -1.135500e+00 
 1.382078e+01 -1.135504e+00 
 1.382110e+01 -1.135507e+00 
 1.382143e+01 -1.135509e+00 
 1.382175e+01 -1.135511e+00 
 1.382207e+01 -1.135512e+00 
 1.382240e+01 -1.135514e+00 
 1.382272e+01 -1.135515e+00 
 1.382304e+01 -1.135515e+00 
 1.382336e+01 -1.135515e+00 
 1.382369e+01 -1.135514e+00 
 1.382401e+01 -1.135514e+00 
 1.382433e+01 -1.135513e+00 
 1.382466e+01 -1.135512e+00 
 1.382498e+01 -1.135510e+00 
 1.382530e+01 -1.135508e+00 
 1.382563e+01 -1.135505e+00 
 1.382595e+01 -1.135501e+00 
 1.382627e+01 -1.135496e+00 
 1.382659e+01 -1.135492e+00 
 1.382692e+01 -1.135487e+00 
 1.382724e+01 -1.135482e+00 
 1.382756e+01 -1.135478e+00 
 1.382789e+01 -1.135474e+00 
 1.382821e+01 -1.135468e+00 
 1.382853e+01 -1.135463e+00 
 1.382885e+01 -1.135459e+00 
 1.382918e+01 -1.135454e+00 
 1.382950e+01 -1.135449e+00 
 1.382982e+01 -1.135443e+00 
 1.383015e+01 -1.135437e+00 
 1.383047e+01 -1.135431e+00 
 1.383079e+01 -1.135426e+00 
 1.383112e+01 -1.135419e+00 
 1.383144e+01 -1.135412e+00 
 1.383176e+01 -1.135406e+00 
 1.383208e+01 -1.135401e+00 
 1.383241e+01 -1.135396e+00 
 1.383273e+01 -1.135392e+00 
 1.383305e+01 -1.135389e+00 
 1.383338e+01 -1.135384e+00 
 1.383370e+01 -1.135380e+00 
 1.383402e+01 -1.135376e+00 
 1.383435e+01 -1.135372e+00 
 1.383467e+01 -1.135368e+00 
 1.383499e+01 -1.135364e+00 
 1.383531e+01 -1.135360e+00 
 1.383564e+01 -1.135357e+00 
 1.383596e+01 -1.135354e+00 
 1.383628e+01 -1.135351e+00 
 1.383661e+01 -1.135347e+00 
 1.383693e+01 -1.135345e+00 
 1.383725e+01 -1.135343e+00 
 1.383758e+01 -1.135342e+00 
 1.383790e+01 -1.135341e+00 
 1.383822e+01 -1.135340e+00 
 1.383854e+01 -1.135339e+00 
 1.383887e+01 -1.135337e+00 
 1.383919e+01 -1.135336e+00 
 1.383951e+01 -1.135335e+00 
 1.383984e+01 -1.135334e+00 
 1.384016e+01 -1.135334e+00 
 1.384048e+01 -1.135334e+00 
 1.384081e+01 -1.135335e+00 
 1.384113e+01 -1.135336e+00 
 1.384145e+01 -1.135336e+00 
 1.384177e+01 -1.135336e+00 
 1.384210e+01 -1.135336e+00 
 1.384242e+01 -1.135337e+00 
 1.384274e+01 -1.135337e+00 
 1.384307e+01 -1.135338e+00 
 1.384339e+01 -1.135339e+00 
 1.384371e+01 -1.135339e+00 
 1.384404e+01 -1.135339e+00 
 1.384436e+01 -1.135339e+00 
 1.384468e+01 -1.135340e+00 
 1.384500e+01 -1.135341e+00 
 1.384533e+01 -1.135342e+00 
 1.384565e+01 -1.135342e+00 
 1.384597e+01 -1.135343e+00 
 1.384630e+01 -1.135343e+00 
 1.384662e+01 -1.135342e+00 
 1.384694e+01 -1.135339e+00 
 1.384727e+01 -1.135338e+00 
 1.384759e+01 -1.135336e+00 
 1.384791e+01 -1.135334e+00 
 1.384823e+01 -1.135332e+00 
 1.384856e+01 -1.135330e+00 
 1.384888e+01 -1.135327e+00 
 1.384920e+01 -1.135324e+00 
 1.384953e+01 -1.135321e+00 
 1.384985e+01 -1.135318e+00 
 1.385017e+01 -1.135314e+00 
 1.385050e+01 -1.135310e+00 
 1.385082e+01 -1.135305e+00 
 1.385114e+01 -1.135299e+00 
 1.385146e+01 -1.135293e+00 
 1.385179e+01 -1.135286e+00 
 1.385211e+01 -1.135278e+00 
 1.385243e+01 -1.135272e+00 
 1.385276e+01 -1.135266e+00 
 1.385308e+01 -1.135260e+00 
 1.385340e+01 -1.135255e+00 
 1.385373e+01 -1.135250e+00 
 1.385405e+01 -1.135244e+00 
 1.385437e+01 -1.135238e+00 
 1.385469e+01 -1.135232e+00 
 1.385502e+01 -1.135225e+00 
 1.385534e+01 -1.135218e+00 
 1.385566e+01 -1.135211e+00 
 1.385599e+01 -1.135204e+00 
 1.385631e+01 -1.135196e+00 
 1.385663e+01 -1.135190e+00 
 1.385696e+01 -1.135184e+00 
 1.385728e+01 -1.135179e+00 
 1.385760e+01 -1.135175e+00 
 1.385792e+01 -1.135172e+00 
 1.385825e+01 -1.135169e+00 
 1.385857e+01 -1.135167e+00 
 1.385889e+01 -1.135164e+00 
 1.385922e+01 -1.135162e+00 
 1.385954e+01 -1.135159e+00 
 1.385986e+01 -1.135156e+00 
 1.386019e+01 -1.135154e+00 
 1.386051e+01 -1.135152e+00 
 1.386083e+01 -1.135151e+00 
 1.386115e+01 -1.135151e+00 
 1.386148e+01 -1.135152e+00 
 1.386180e+01 -1.135154e+00 
 1.386212e+01 -1.135156e+00 
 1.386245e+01 -1.135159e+00 
 1.386277e+01 -1.135163e+00 
 1.386309e+01 -1.135167e+00 
 1.386341e+01 -1.135171e+00 
 1.386374e+01 -1.135176e+00 
 1.386406e+01 -1.135180e+00 
 1.386438e+01 -1.135184e+00 
 1.386471e+01 -1.135189e+00 
 1.386503e+01 -1.135194e+00 
 1.386535e+01 -1.135200e+00 
 1.386568e+01 -1.135207e+00 
 1.386600e+01 -1.135214e+00 
 1.386632e+01 -1.135223e+00 
 1.386664e+01 -1.135231e+00 
 1.386697e+01 -1.135239e+00 
 1.386729e+01 -1.135247e+00 
 1.386761e+01 -1.135255e+00 
 1.386794e+01 -1.135263e+00 
 1.386826e+01 -1.135271e+00 
 1.386858e+01 -1.135280e+00 
 1.386891e+01 -1.135288e+00 
 1.386923e+01 -1.135296e+00 
 1.386955e+01 -1.135303e+00 
 1.386987e+01 -1.135311e+00 
 1.387020e+01 -1.135319e+00 
 1.387052e+01 -1.135326e+00 
 1.387084e+01 -1.135332e+00 
 1.387117e+01 -1.135336e+00 
 1.387149e+01 -1.135340e+00 
 1.387181e+01 -1.135344e+00 
 1.387214e+01 -1.135347e+00 
 1.387246e+01 -1.135350e+00 
 1.387278e+01 -1.135353e+00 
 1.387310e+01 -1.135355e+00 
 1.387343e+01 -1.135358e+00 
 1.387375e+01 -1.135360e+00 
 1.387407e+01 -1.135362e+00 
 1.387440e+01 -1.135364e+00 
 1.387472e+01 -1.135365e+00 
 1.387504e+01 -1.135366e+00 
 1.387537e+01 -1.135367e+00 
 1.387569e+01 -1.135367e+00 
 1.387601e+01 -1.135367e+00 
 1.387633e+01 -1.135366e+00 
 1.387666e+01 -1.135365e+00 
 1.387698e+01 -1.135364e+00 
 1.387730e+01 -1.135362e+00 
 1.387763e+01 -1.135361e+00 
 1.387795e+01 -1.135360e+00 
 1.387827e+01 -1.135358e+00 
 1.387860e+01 -1.135356e+00 
 1.387892e+01 -1.135353e+00 
 1.387924e+01 -1.135350e+00 
 1.387956e+01 -1.135346e+00 
 1.387989e+01 -1.135341e+00 
 1.388021e+01 -1.135337e+00 
 1.388053e+01 -1.135333e+00 
 1.388086e+01 -1.135329e+00 
 1.388118e+01 -1.135326e+00 
 1.388150e+01 -1.135322e+00 
 1.388183e+01 -1.135320e+00 
 1.388215e+01 -1.135318e+00 
 1.388247e+01 -1.135317e+00 
 1.388279e+01 -1.135316e+00 
 1.388312e+01 -1.135315e+00 
 1.388344e+01 -1.135313e+00 
 1.388376e+01 -1.135313e+00 
 1.388409e+01 -1.135312e+00 
 1.388441e+01 -1.135311e+00 
 1.388473e+01 -1.135310e+00 
 1.388506e+01 -1.135309e+00 
 1.388538e+01 -1.135309e+00 
 1.388570e+01 -1.135309e+00 
 1.388602e+01 -1.135311e+00 
 1.388635e+01 -1.135313e+00 
 1.388667e+01 -1.135314e+00 
 1.388699e+01 -1.135317e+00 
 1.388732e+01 -1.135319e+00 
 1.388764e+01 -1.135321e+00 
 1.388796e+01 -1.135324e+00 
 1.388829e+01 -1.135326e+00 
 1.388861e+01 -1.135328e+00 
 1.388893e+01 -1.135331e+00 
 1.388925e+01 -1.135335e+00 
 1.388958e+01 -1.135338e+00 
 1.388990e+01 -1.135342e+00 
 1.389022e+01 -1.135347e+00 
 1.389055e+01 -1.135352e+00 
 1.389087e+01 -1.135358e+00 
 1.389119e+01 -1.135365e+00 
 1.389152e+01 -1.135372e+00 
 1.389184e+01 -1.135377e+00 
 1.389216e+01 -1.135383e+00 
 1.389248e+01 -1.135389e+00 
 1.389281e+01 -1.135394e+00 
 1.389313e+01 -1.135399e+00 
 1.389345e+01 -1.135405e+00 
 1.389378e+01 -1.135410e+00 
 1.389410e+01 -1.135415e+00 
 1.389442e+01 -1.135421e+00 
 1.389475e+01 -1.135427e+00 
 1.389507e+01 -1.135433e+00 
 1.389539e+01 -1.135439e+00 
 1.389571e+01 -1.135444e+00 
 1.389604e+01 -1.135450e+00 
 1.389636e+01 -1.135456e+00 
 1.389668e+01 -1.135461e+00 
 1.389701e+01 -1.135464e+00 
 1.389733e+01 -1.135468e+00 
 1.389765e+01 -1.135471e+00 
 1.389797e+01 -1.135474e+00 
 1.389830e+01 -1.135476e+00 
 1.389862e+01 -1.135479e+00 
 1.389894e+01 -1.135481e+00 
 1.389927e+01 -1.135484e+00 
 1.389959e+01 -1.135486e+00 
 1.389991e+01 -1.135488e+00 
 1.390024e+01 -1.135489e+00 
 1.390056e+01 -1.135489e+00 
 1.390088e+01 -1.135489e+00 
 1.390120e+01 -1.135489e+00 
 1.390153e+01 -1.135489e+00 
 1.390185e+01 -1.135488e+00 
 1.390217e+01 -1.135486e+00 
 1.390250e+01 -1.135485e+00 
 1.390282e+01 -1.135483e+00 
 1.390314e+01 -1.135481e+00 
 1.390347e+01 -1.135479e+00 
 1.390379e+01 -1.135477e+00 
 1.390411e+01 -1.135474e+00 
 1.390443e+01 -1.135471e+00 
 1.390476e+01 -1.135467e+00 
 1.390508e+01 -1.135463e+00 
 1.390540e+01 -1.135458e+00 
 1.390573e+01 -1.135453e+00 
 1.390605e+01 -1.135449e+00 
 1.390637e+01 -1.135445e+00 
 1.390670e+01 -1.135442e+00 
 1.390702e+01 -1.135439e+00 
 1.390734e+01 -1.135436e+00 
 1.390766e+01 -1.135433e+00 
 1.390799e+01 -1.135430e+00 
 1.390831e+01 -1.135426e+00 
 1.390863e+01 -1.135423e+00 
 1.390896e+01 -1.135420e+00 
 1.390928e+01 -1.135416e+00 
 1.390960e+01 -1.135413e+00 
 1.390993e+01 -1.135410e+00 
 1.391025e+01 -1.135407e+00 
 1.391057e+01 -1.135404e+00 
 1.391089e+01 -1.135402e+00 
 1.391122e+01 -1.135400e+00 
 1.391154e+01 -1.135399e+00 
 1.391186e+01 -1.135399e+00 
 1.391219e+01 -1.135399e+00 
 1.391251e+01 -1.135398e+00 
 1.391283e+01 -1.135396e+00 
 1.391316e+01 -1.135395e+00 
 1.391348e+01 -1.135394e+00 
 1.391380e+01 -1.135393e+00 
 1.391412e+01 -1.135393e+00 
 1.391445e+01 -1.135393e+00 
 1.391477e+01 -1.135393e+00 
 1.391509e+01 -1.135395e+00 
 1.391542e+01 -1.135397e+00 
 1.391574e+01 -1.135399e+00 
 1.391606e+01 -1.135401e+00 
 1.391639e+01 -1.135403e+00 
 1.391671e+01 -1.135405e+00 
 1.391703e+01 -1.135408e+00 
 1.391735e+01 -1.135410e+00 
 1.391768e+01 -1.135411e+00 
 1.391800e+01 -1.135412e+00 
 1.391832e+01 -1.135415e+00 
 1.391865e+01 -1.135417e+00 
 1.391897e+01 -1.135420e+00 
 1.391929e+01 -1.135423e+00 
 1.391962e+01 -1.135427e+00 
 1.391994e+01 -1.135430e+00 
 1.392026e+01 -1.135434e+00 
 1.392058e+01 -1.135438e+00 
 1.392091e+01 -1.135441e+00 
 1.392123e+01 -1.135443e+00 
 1.392155e+01 -1.135444e+00 
 1.392188e+01 -1.135446e+00 
 1.392220e+01 -1.135447e+00 
 1.392252e+01 -1.135448e+00 
 1.392285e+01 -1.135449e+00 
 1.392317e+01 -1.135450e+00 
 1.392349e+01 -1.135451e+00 
 1.392381e+01 -1.135452e+00 
 1.392414e+01 -1.135453e+00 
 1.392446e+01 -1.135454e+00 
 1.392478e+01 -1.135455e+00 
 1.392511e+01 -1.135456e+00 
 1.392543e+01 -1.135456e+00 
 1.392575e+01 -1.135456e+00 
 1.392608e+01 -1.135455e+00 
 1.392640e+01 -1.135454e+00 
 1.392672e+01 -1.135452e+00 
 1.392704e+01 -1.135451e+00 
 1.392737e+01 -1.135449e+00 
 1.392769e+01 -1.135448e+00 
 1.392801e+01 -1.135446e+00 
 1.392834e+01 -1.135444e+00 
 1.392866e+01 -1.135442e+00 
 1.392898e+01 -1.135440e+00 
 1.392931e+01 -1.135438e+00 
 1.392963e+01 -1.135435e+00 
 1.392995e+01 -1.135433e+00 
 1.393027e+01 -1.135429e+00 
 1.393060e+01 -1.135426e+00 
 1.393092e+01 -1.135423e+00 
 1.393124e+01 -1.135420e+00 
 1.393157e+01 -1.135416e+00 
 1.393189e+01 -1.135413e+00 
 1.393221e+01 -1.135409e+00 
 1.393253e+01 -1.135407e+00 
 1.393286e+01 -1.135404e+00 
 1.393318e+01 -1.135401e+00 
 1.393350e+01 -1.135398e+00 
 1.393383e+01 -1.135396e+00 
 1.393415e+01 -1.135393e+00 
 1.393447e+01 -1.135391e+00 
 1.393480e+01 -1.135389e+00 
 1.393512e+01 -1.135387e+00 
 1.393544e+01 -1.135385e+00 
 1.393576e+01 -1.135383e+00 
 1.393609e+01 -1.135382e+00 
 1.393641e+01 -1.135382e+00 
 1.393673e+01 -1.135381e+00 
 1.393706e+01 -1.135381e+00 
 1.393738e+01 -1.135381e+00 
 1.393770e+01 -1.135382e+00 
 1.393803e+01 -1.135382e+00 
 1.393835e+01 -1.135383e+00 
 1.393867e+01 -1.135384e+00 
 1.393899e+01 -1.135386e+00 
 1.393932e+01 -1.135387e+00 
 1.393964e+01 -1.135390e+00 
 1.393996e+01 -1.135392e+00 
 1.394029e+01 -1.135394e+00 
 1.394061e+01 -1.135396e+00 
 1.394093e+01 -1.135399e+00 
 1.394126e+01 -1.135401e+00 
 1.394158e+01 -1.135404e+00 
 1.394190e+01 -1.135407e+00 
 1.394222e+01 -1.135410e+00 
 1.394255e+01 -1.135413e+00 
 1.394287e+01 -1.135416e+00 
 1.394319e+01 -1.135420e+00 
 1.394352e+01 -1.135424e+00 
 1.394384e+01 -1.135428e+00 
 1.394416e+01 -1.135432e+00 
 1.394449e+01 -1.135436e+00 
 1.394481e+01 -1.135440e+00 
 1.394513e+01 -1.135444e+00 
 1.394545e+01 -1.135447e+00 
 1.394578e+01 -1.135450e+00 
 1.394610e+01 -1.135452e+00 
 1.394642e+01 -1.135454e+00 
 1.394675e+01 -1.135456e+00 
 1.394707e+01 -1.135458e+00 
 1.394739e+01 -1.135460e+00 
 1.394772e+01 -1.135462e+00 
 1.394804e+01 -1.135465e+00 
 1.394836e+01 -1.135467e+00 
 1.394868e+01 -1.135469e+00 
 1.394901e+01 -1.135471e+00 
 1.394933e+01 -1.135472e+00 
 1.394965e+01 -1.135473e+00 
 1.394998e+01 -1.135473e+00 
 1.395030e+01 -1.135472e+00 
 1.395062e+01 -1.135472e+00 
 1.395095e+01 -1.135471e+00 
 1.395127e+01 -1.135468e+00 
 1.395159e+01 -1.135466e+00 
 1.395191e+01 -1.135465e+00 
 1.395224e+01 -1.135464e+00 
 1.395256e+01 -1.135463e+00 
 1.395288e+01 -1.135462e+00 
 1.395321e+01 -1.135460e+00 
 1.395353e+01 -1.135458e+00 
 1.395385e+01 -1.135455e+00 
 1.395418e+01 -1.135452e+00 
 1.395450e+01 -1.135449e+00 
 1.395482e+01 -1.135445e+00 
 1.395514e+01 -1.135441e+00 
 1.395547e+01 -1.135437e+00 
 1.395579e+01 -1.135433e+00 
 1.395611e+01 -1.135429e+00 
 1.395644e+01 -1.135424e+00 
 1.395676e+01 -1.135420e+00 
 1.395708e+01 -1.135416e+00 
 1.395741e+01 -1.135412e+00 
 1.395773e+01 -1.135408e+00 
 1.395805e+01 -1.135404e+00 
 1.395837e+01 -1.135400e+00 
 1.395870e+01 -1.135396e+00 
 1.395902e+01 -1.135391e+00 
 1.395934e+01 -1.135387e+00 
 1.395967e+01 -1.135384e+00 
 1.395999e+01 -1.135380e+00 
 1.396031e+01 -1.135377e+00 
 1.396064e+01 -1.135375e+00 
 1.396096e+01 -1.135373e+00 
 1.396128e+01 -1.135372e+00 
 1.396160e+01 -1.135369e+00 
 1.396193e+01 -1.135367e+00 
 1.396225e+01 -1.135366e+00 
 1.396257e+01 -1.135365e+00 
 1.396290e+01 -1.135364e+00 
 1.396322e+01 -1.135363e+00 
 1.396354e+01 -1.135363e+00 
 1.396387e+01 -1.135364e+00 
 1.396419e+01 -1.135364e+00 
 1.396451e+01 -1.135366e+00 
 1.396483e+01 -1.135367e+00 
 1.396516e+01 -1.135369e+00 
 1.396548e+01 -1.135371e+00 
 1.396580e+01 -1.135374e+00 
 1.396613e+01 -1.135378e+00 
 1.396645e+01 -1.135381e+00 
 1.396677e+01 -1.135383e+00 
 1.396710e+01 -1.135386e+00 
 1.396742e+01 -1.135389e+00 
 1.396774e+01 -1.135393e+00 
 1.396806e+01 -1.135397e+00 
 1.396839e+01 -1.135402e+00 
 1.396871e+01 -1.135407e+00 
 1.396903e+01 -1.135411e+00 
 1.396936e+01 -1.135416e+00 
 1.396968e+01 -1.135422e+00 
 1.397000e+01 -1.135427e+00 
 1.397032e+01 -1.135432e+00 
 1.397065e+01 -1.135436e+00 
 1.397097e+01 -1.135441e+00 
 1.397129e+01 -1.135448e+00 
 1.397162e+01 -1.135453e+00 
 1.397194e+01 -1.135458e+00 
 1.397226e+01 -1.135462e+00 
 1.397259e+01 -1.135467e+00 
 1.397291e+01 -1.135473e+00 
 1.397323e+01 -1.135478e+00 
 1.397355e+01 -1.135483e+00 
 1.397388e+01 -1.135487e+00 
 1.397420e+01 -1.135491e+00 
 1.397452e+01 -1.135495e+00 
 1.397485e+01 -1.135498e+00 
 1.397517e+01 -1.135500e+00 
 1.397549e+01 -1.135502e+00 
 1.397582e+01 -1.135504e+00 
 1.397614e+01 -1.135506e+00 
 1.397646e+01 -1.135509e+00 
 1.397678e+01 -1.135512e+00 
 1.397711e+01 -1.135513e+00 
 1.397743e+01 -1.135515e+00 
 1.397775e+01 -1.135517e+00 
 1.397808e+01 -1.135518e+00 
 1.397840e+01 -1.135519e+00 
 1.397872e+01 -1.135520e+00 
 1.397905e+01 -1.135520e+00 
 1.397937e+01 -1.135519e+00 
 1.397969e+01 -1.135518e+00 
 1.398001e+01 -1.135517e+00 
 1.398034e+01 -1.135515e+00 
 1.398066e+01 -1.135513e+00 
 1.398098e+01 -1.135511e+00 
 1.398131e+01 -1.135508e+00 
 1.398163e+01 -1.135507e+00 
 1.398195e+01 -1.135506e+00 
 1.398228e+01 -1.135504e+00 
 1.398260e+01 -1.135501e+00 
 1.398292e+01 -1.135499e+00 
 1.398324e+01 -1.135497e+00 
 1.398357e+01 -1.135494e+00 
 1.398389e+01 -1.135491e+00 
 1.398421e+01 -1.135488e+00 
 1.398454e+01 -1.135484e+00 
 1.398486e+01 -1.135480e+00 
 1.398518e+01 -1.135477e+00 
 1.398551e+01 -1.135474e+00 
 1.398583e+01 -1.135472e+00 
 1.398615e+01 -1.135467e+00 
 1.398647e+01 -1.135464e+00 
 1.398680e+01 -1.135462e+00 
 1.398712e+01 -1.135461e+00 
 1.398744e+01 -1.135459e+00 
 1.398777e+01 -1.135458e+00 
 1.398809e+01 -1.135457e+00 
 1.398841e+01 -1.135456e+00 
 1.398874e+01 -1.135455e+00 
 1.398906e+01 -1.135455e+00 
 1.398938e+01 -1.135454e+00 
 1.398970e+01 -1.135453e+00 
 1.399003e+01 -1.135454e+00 
 1.399035e+01 -1.135455e+00 
 1.399067e+01 -1.135456e+00 
 1.399100e+01 -1.135457e+00 
 1.399132e+01 -1.135457e+00 
 1.399164e+01 -1.135458e+00 
 1.399197e+01 -1.135460e+00 
 1.399229e+01 -1.135463e+00 
 1.399261e+01 -1.135465e+00 
 1.399293e+01 -1.135466e+00 
 1.399326e+01 -1.135469e+00 
 1.399358e+01 -1.135471e+00 
 1.399390e+01 -1.135474e+00 
 1.399423e+01 -1.135477e+00 
 1.399455e+01 -1.135480e+00 
 1.399487e+01 -1.135483e+00 
 1.399520e+01 -1.135486e+00 
 1.399552e+01 -1.135491e+00 
 1.399584e+01 -1.135496e+00 
 1.399616e+01 -1.135501e+00 
 1.399649e+01 -1.135504e+00 
 1.399681e+01 -1.135508e+00 
 1.399713e+01 -1.135513e+00 
 1.399746e+01 -1.135518e+00 
 1.399778e+01 -1.135522e+00 
 1.399810e+01 -1.135525e+00 
 1.399843e+01 -1.135529e+00 
 1.399875e+01 -1.135533e+00 
 1.399907e+01 -1.135537e+00 
 1.399939e+01 -1.135541e+00 
 1.399972e+01 -1.135545e+00 
 1.400004e+01 -1.135549e+00 
 1.400036e+01 -1.135554e+00 
 1.400069e+01 -1.135559e+00 
 1.400101e+01 -1.135565e+00 
 1.400133e+01 -1.135571e+00 
 1.400166e+01 -1.135574e+00 
 1.400198e+01 -1.135577e+00 
 1.400230e+01 -1.135580e+00 
 1.400262e+01 -1.135583e+00 
 1.400295e+01 -1.135585e+00 
 1.400327e+01 -1.135586e+00 
 1.400359e+01 -1.135588e+00 
 1.400392e+01 -1.135590e+00 
 1.400424e+01 -1.135592e+00 
 1.400456e+01 -1.135594e+00 
 1.400488e+01 -1.135596e+00 
 1.400521e+01 -1.135597e+00 
 1.400553e+01 -1.135599e+00 
 1.400585e+01 -1.135601e+00 
 1.400618e+01 -1.135604e+00 
 1.400650e+01 -1.135607e+00 
 1.400682e+01 -1.135607e+00 
 1.400715e+01 -1.135606e+00 
 1.400747e+01 -1.135606e+00 
 1.400779e+01 -1.135606e+00 
 1.400811e+01 -1.135605e+00 
 1.400844e+01 -1.135605e+00 
 1.400876e+01 -1.135604e+00 
 1.400908e+01 -1.135604e+00 
 1.400941e+01 -1.135604e+00 
 1.400973e+01 -1.135604e+00 
 1.401005e+01 -1.135604e+00 
 1.401038e+01 -1.135602e+00 
 1.401070e+01 -1.135601e+00 
 1.401102e+01 -1.135600e+00 
 1.401134e+01 -1.135601e+00 
 1.401167e+01 -1.135602e+00 
 1.401199e+01 -1.135601e+00 
 1.401231e+01 -1.135599e+00 
 1.401264e+01 -1.135599e+00 
 1.401296e+01 -1.135600e+00 
 1.401328e+01 -1.135600e+00 
 1.401361e+01 -1.135600e+00 
 1.401393e+01 -1.135601e+00 
 1.401425e+01 -1.135602e+00 
 1.401457e+01 -1.135602e+00 
 1.401490e+01 -1.135603e+00 
 1.401522e+01 -1.135603e+00 
 1.401554e+01 -1.135603e+00 
 1.401587e+01 -1.135603e+00 
 1.401619e+01 -1.135604e+00 
 1.401651e+01 -1.135607e+00 
 1.401684e+01 -1.135611e+00 
 1.401716e+01 -1.135613e+00 
 1.401748e+01 -1.135615e+00 
 1.401780e+01 -1.135618e+00 
 1.401813e+01 -1.135621e+00 
 1.401845e+01 -1.135624e+00 
 1.401877e+01 -1.135627e+00 
 1.401910e+01 -1.135630e+00 
 1.401942e+01 -1.135633e+00 
 1.401974e+01 -1.135635e+00 
 1.402007e+01 -1.135639e+00 
 1.402039e+01 -1.135642e+00 
 1.402071e+01 -1.135644e+00 
 1.402103e+01 -1.135647e+00 
 1.402136e+01 -1.135650e+00 
 1.402168e+01 -1.135656e+00 
 1.402200e+01 -1.135662e+00 
 1.402233e+01 -1.135666e+00 
 1.402265e+01 -1.135670e+00 
 1.402297e+01 -1.135674e+00 
 1.402330e+01 -1.135678e+00 
 1.402362e+01 -1.135682e+00 
 1.402394e+01 -1.135685e+00 
 1.402426e+01 -1.135688e+00 
 1.402459e+01 -1.135691e+00 
 1.402491e+01 -1.135695e+00 
 1.402523e+01 -1.135700e+00 
 1.402556e+01 -1.135704e+00 
 1.402588e+01 -1.135707e+00 
 1.402620e+01 -1.135708e+00 
 1.402653e+01 -1.135711e+00 
 1.402685e+01 -1.135715e+00 
 1.402717e+01 -1.135718e+00 
 1.402749e+01 -1.135720e+00 
 1.402782e+01 -1.135720e+00 
 1.402814e+01 -1.135721e+00 
 1.402846e+01 -1.135722e+00 
 1.402879e+01 -1.135723e+00 
 1.402911e+01 -1.135724e+00 
 1.402943e+01 -1.135724e+00 
 1.402976e+01 -1.135725e+00 
 1.403008e+01 -1.135727e+00 
 1.403040e+01 -1.135729e+00 
 1.403072e+01 -1.135730e+00 
 1.403105e+01 -1.135728e+00 
 1.403137e+01 -1.135725e+00 
 1.403169e+01 -1.135722e+00 
 1.403202e+01 -1.135721e+00 
 1.403234e+01 -1.135719e+00 
 1.403266e+01 -1.135716e+00 
 1.403299e+01 -1.135713e+00 
 1.403331e+01 -1.135710e+00 
 1.403363e+01 -1.135708e+00 
 1.403395e+01 -1.135706e+00 
 1.403428e+01 -1.135704e+00 
 1.403460e+01 -1.135702e+00 
 1.403492e+01 -1.135699e+00 
 1.403525e+01 -1.135697e+00 
 1.403557e+01 -1.135695e+00 
 1.403589e+01 -1.135692e+00 
 1.403622e+01 -1.135686e+00 
 1.403654e+01 -1.135679e+00 
 1.403686e+01 -1.135673e+00 
 1.403718e+01 -1.135669e+00 
 1.403751e+01 -1.135665e+00 
 1.403783e+01 -1.135661e+00 
 1.403815e+01 -1.135657e+00 
 1.403848e+01 -1.135654e+00 
 1.403880e+01 -1.135651e+00 
 1.403912e+01 -1.135649e+00 
 1.403944e+01 -1.135647e+00 
 1.403977e+01 -1.135644e+00 
 1.404009e+01 -1.135641e+00 
 1.404041e+01 -1.135638e+00 
 1.404074e+01 -1.135636e+00 
 1.404106e+01 -1.135633e+00 
 1.404138e+01 -1.135628e+00 
 1.404171e+01 -1.135622e+00 
 1.404203e+01 -1.135619e+00 
 1.404235e+01 -1.135618e+00 
 1.404267e+01 -1.135617e+00 
 1.404300e+01 -1.135616e+00 
 1.404332e+01 -1.135615e+00 
 1.404364e+01 -1.135615e+00 
 1.404397e+01 -1.135615e+00 
 1.404429e+01 -1.135615e+00 
 1.404461e+01 -1.135615e+00 
 1.404494e+01 -1.135614e+00 
 1.404526e+01 -1.135614e+00 
 1.404558e+01 -1.135614e+00 
 1.404590e+01 -1.135615e+00 
 1.404623e+01 -1.135616e+00 
 1.404655e+01 -1.135615e+00 
 1.404687e+01 -1.135613e+00 
 1.404720e+01 -1.135614e+00 
 1.404752e+01 -1.135616e+00 
 1.404784e+01 -1.135619e+00 
 1.404817e+01 -1.135621e+00 
 1.404849e+01 -1.135623e+00 
 1.404881e+01 -1.135626e+00 
 1.404913e+01 -1.135629e+00 
 1.404946e+01 -1.135631e+00 
 1.404978e+01 -1.135634e+00 
 1.405010e+01 -1.135635e+00 
 1.405043e+01 -1.135637e+00 
 1.405075e+01 -1.135640e+00 
 1.405107e+01 -1.135644e+00 
 1.405140e+01 -1.135648e+00 
 1.405172e+01 -1.135649e+00 
 1.405204e+01 -1.135650e+00 
 1.405236e+01 -1.135653e+00 
 1.405269e+01 -1.135657e+00 
 1.405301e+01 -1.135662e+00 
 1.405333e+01 -1.135665e+00 
 1.405366e+01 -1.135668e+00 
 1.405398e+01 -1.135671e+00 
 1.405430e+01 -1.135674e+00 
 1.405463e+01 -1.135677e+00 
 1.405495e+01 -1.135680e+00 
 1.405527e+01 -1.135681e+00 
 1.405559e+01 -1.135683e+00 
 1.405592e+01 -1.135686e+00 
 1.405624e+01 -1.135691e+00 
 1.405656e+01 -1.135695e+00 
 1.405689e+01 -1.135697e+00 
 1.405721e+01 -1.135698e+00 
 1.405753e+01 -1.135701e+00 
 1.405786e+01 -1.135705e+00 
 1.405818e+01 -1.135709e+00 
 1.405850e+01 -1.135713e+00 
 1.405882e+01 -1.135715e+00 
 1.405915e+01 -1.135717e+00 
 1.405947e+01 -1.135719e+00 
 1.405979e+01 -1.135722e+00 
 1.406012e+01 -1.135723e+00 
 1.406044e+01 -1.135725e+00 
 1.406076e+01 -1.135726e+00 
 1.406109e+01 -1.135729e+00 
 1.406141e+01 -1.135734e+00 
 1.406173e+01 -1.135738e+00 
 1.406205e+01 -1.135740e+00 
 1.406238e+01 -1.135742e+00 
 1.406270e+01 -1.135745e+00 
 1.406302e+01 -1.135749e+00 
 1.406335e+01 -1.135753e+00 
 1.406367e+01 -1.135755e+00 
 1.406399e+01 -1.135757e+00 
 1.406432e+01 -1.135759e+00 
 1.406464e+01 -1.135761e+00 
 1.406496e+01 -1.135764e+00 
 1.406528e+01 -1.135766e+00 
 1.406561e+01 -1.135768e+00 
 1.406593e+01 -1.135771e+00 
 1.406625e+01 -1.135775e+00 
 1.406658e+01 -1.135782e+00 
 1.406690e+01 -1.135787e+00 
 1.406722e+01 -1.135790e+00 
 1.406755e+01 -1.135793e+00 
 1.406787e+01 -1.135798e+00 
 1.406819e+01 -1.135803e+00 
 1.406851e+01 -1.135807e+00 
 1.406884e+01 -1.135811e+00 
 1.406916e+01 -1.135815e+00 
 1.406948e+01 -1.135819e+00 
 1.406981e+01 -1.135823e+00 
 1.407013e+01 -1.135828e+00 
 1.407045e+01 -1.135833e+00 
 1.407078e+01 -1.135837e+00 
 1.407110e+01 -1.135841e+00 
 1.407142e+01 -1.135848e+00 
 1.407174e+01 -1.135855e+00 
 1.407207e+01 -1.135861e+00 
 1.407239e+01 -1.135865e+00 
 1.407271e+01 -1.135869e+00 
 1.407304e+01 -1.135874e+00 
 1.407336e+01 -1.135880e+00 
 1.407368e+01 -1.135885e+00 
 1.407400e+01 -1.135889e+00 
 1.407433e+01 -1.135893e+00 
 1.407465e+01 -1.135897e+00 
 1.407497e+01 -1.135902e+00 
 1.407530e+01 -1.135907e+00 
 1.407562e+01 -1.135911e+00 
 1.407594e+01 -1.135914e+00 
 1.407627e+01 -1.135918e+00 
 1.407659e+01 -1.135923e+00 
 1.407691e+01 -1.135929e+00 
 1.407723e+01 -1.135934e+00 
 1.407756e+01 -1.135936e+00 
 1.407788e+01 -1.135939e+00 
 1.407820e+01 -1.135942e+00 
 1.407853e+01 -1.135945e+00 
 1.407885e+01 -1.135948e+00 
 1.407917e+01 -1.135950e+00 
 1.407950e+01 -1.135951e+00 
 1.407982e+01 -1.135953e+00 
 1.408014e+01 -1.135955e+00 
 1.408046e+01 -1.135957e+00 
 1.408079e+01 -1.135958e+00 
 1.408111e+01 -1.135959e+00 
 1.408143e+01 -1.135960e+00 
 1.408176e+01 -1.135963e+00 
 1.408208e+01 -1.135966e+00 
 1.408240e+01 -1.135968e+00 
 1.408273e+01 -1.135968e+00 
 1.408305e+01 -1.135967e+00 
 1.408337e+01 -1.135967e+00 
 1.408369e+01 -1.135968e+00 
 1.408402e+01 -1.135968e+00 
 1.408434e+01 -1.135967e+00 
 1.408466e+01 -1.135966e+00 
 1.408499e+01 -1.135966e+00 
 1.408531e+01 -1.135966e+00 
 1.408563e+01 -1.135967e+00 
 1.408596e+01 -1.135967e+00 
 1.408628e+01 -1.135968e+00 
 1.408660e+01 -1.135969e+00 
 1.408692e+01 -1.135971e+00 
 1.408725e+01 -1.135973e+00 
 1.408757e+01 -1.135973e+00 
 1.408789e+01 -1.135972e+00 
 1.408822e+01 -1.135971e+00 
 1.408854e+01 -1.135970e+00 
 1.408886e+01 -1.135970e+00 
 1.408919e+01 -1.135970e+00 
 1.408951e+01 -1.135970e+00 
 1.408983e+01 -1.135970e+00 
 1.409015e+01 -1.135971e+00 
 1.409048e+01 -1.135973e+00 
 1.409080e+01 -1.135975e+00 
 1.409112e+01 -1.135978e+00 
 1.409145e+01 -1.135980e+00 
 1.409177e+01 -1.135983e+00 
 1.409209e+01 -1.135986e+00 
 1.409242e+01 -1.135989e+00 
 1.409274e+01 -1.135991e+00 
 1.409306e+01 -1.135991e+00 
 1.409338e+01 -1.135992e+00 
 1.409371e+01 -1.135995e+00 
 1.409403e+01 -1.135998e+00 
 1.409435e+01 -1.136002e+00 
 1.409468e+01 -1.136005e+00 
 1.409500e+01 -1.136009e+00 
 1.409532e+01 -1.136014e+00 
 1.409565e+01 -1.136019e+00 
 1.409597e+01 -1.136025e+00 
 1.409629e+01 -1.136030e+00 
 1.409661e+01 -1.136035e+00 
 1.409694e+01 -1.136040e+00 
 1.409726e+01 -1.136046e+00 
 1.409758e+01 -1.136052e+00 
 1.409791e+01 -1.136056e+00 
 1.409823e+01 -1.136060e+00 
 1.409855e+01 -1.136064e+00 
 1.409888e+01 -1.136070e+00 
 1.409920e+01 -1.136077e+00 
 1.409952e+01 -1.136084e+00 
 1.409984e+01 -1.136090e+00 
 1.410017e+01 -1.136097e+00 
 1.410049e+01 -1.136103e+00 
 1.410081e+01 -1.136110e+00 
 1.410114e+01 -1.136117e+00 
 1.410146e+01 -1.136122e+00 
 1.410178e+01 -1.136128e+00 
 1.410211e+01 -1.136134e+00 
 1.410243e+01 -1.136140e+00 
 1.410275e+01 -1.136147e+00 
 1.410307e+01 -1.136152e+00 
 1.410340e+01 -1.136157e+00 
 1.410372e+01 -1.136162e+00 
 1.410404e+01 -1.136169e+00 
 1.410437e+01 -1.136176e+00 
 1.410469e+01 -1.136182e+00 
 1.410501e+01 -1.136188e+00 
 1.410534e+01 -1.136194e+00 
 1.410566e+01 -1.136200e+00 
 1.410598e+01 -1.136205e+00 
 1.410630e+01 -1.136209e+00 
 1.410663e+01 -1.136212e+00 
 1.410695e+01 -1.136216e+00 
 1.410727e+01 -1.136221e+00 
 1.410760e+01 -1.136225e+00 
 1.410792e+01 -1.136229e+00 
 1.410824e+01 -1.136233e+00 
 1.410857e+01 -1.136236e+00 
 1.410889e+01 -1.136240e+00 
 1.410921e+01 -1.136244e+00 
 1.410953e+01 -1.136249e+00 
 1.410986e+01 -1.136253e+00 
 1.411018e+01 -1.136257e+00 
 1.411050e+01 -1.136260e+00 
 1.411083e+01 -1.136264e+00 
 1.411115e+01 -1.136263e+00 
 1.411147e+01 -1.136262e+00 
 1.411179e+01 -1.136262e+00 
 1.411212e+01 -1.136263e+00 
 1.411244e+01 -1.136264e+00 
 1.411276e+01 -1.136266e+00 
 1.411309e+01 -1.136267e+00 
 1.411341e+01 -1.136268e+00 
 1.411373e+01 -1.136269e+00 
 1.411406e+01 -1.136271e+00 
 1.411438e+01 -1.136273e+00 
 1.411470e+01 -1.136275e+00 
 1.411502e+01 -1.136276e+00 
 1.411535e+01 -1.136277e+00 
 1.411567e+01 -1.136278e+00 
 1.411599e+01 -1.136274e+00 
 1.411632e+01 -1.136263e+00 
 1.411664e+01 -1.136256e+00 
 1.411696e+01 -1.136250e+00 
 1.411729e+01 -1.136246e+00 
 1.411761e+01 -1.136243e+00 
 1.411793e+01 -1.136241e+00 
 1.411825e+01 -1.136240e+00 
 1.411858e+01 -1.136238e+00 
 1.411890e+01 -1.136236e+00 
 1.411922e+01 -1.136235e+00 
 1.411955e+01 -1.136233e+00 
 1.411987e+01 -1.136230e+00 
 1.412019e+01 -1.136225e+00 
 1.412052e+01 -1.136220e+00 
 1.412084e+01 -1.136214e+00 
 1.412116e+01 -1.136185e+00 
 1.412148e+01 -1.136156e+00 
 1.412181e+01 -1.136135e+00 
 1.412213e+01 -1.136120e+00 
 1.412245e+01 -1.136107e+00 
 1.412278e+01 -1.136096e+00 
 1.412310e+01 -1.136087e+00 
 1.412342e+01 -1.136078e+00 
 1.412375e+01 -1.136068e+00 
 1.412407e+01 -1.136059e+00 
 1.412439e+01 -1.136047e+00 
 1.412471e+01 -1.136031e+00 
 1.412504e+01 -1.136013e+00 
 1.412536e+01 -1.135992e+00 
 1.412568e+01 -1.135972e+00 
 1.412601e+01 -1.135926e+00 
 1.412633e+01 -1.135842e+00 
 1.412665e+01 -1.135779e+00 
 1.412698e+01 -1.135730e+00 
 1.412730e+01 -1.135693e+00 
 1.412762e+01 -1.135657e+00 
 1.412794e+01 -1.135627e+00 
 1.412827e+01 -1.135599e+00 
 1.412859e+01 -1.135569e+00 
 1.412891e+01 -1.135541e+00 
 1.412924e+01 -1.135511e+00 
 1.412956e+01 -1.135468e+00 
 1.412988e+01 -1.135421e+00 
 1.413021e+01 -1.135367e+00 
 1.413053e+01 -1.135314e+00 
 1.413085e+01 -1.135256e+00 
 1.413117e+01 -1.135085e+00 
 1.413150e+01 -1.134920e+00 
 1.413182e+01 -1.134794e+00 
 1.413214e+01 -1.134701e+00 
 1.413247e+01 -1.134620e+00 
 1.413279e+01 -1.134545e+00 
 1.413311e+01 -1.134481e+00 
 1.413344e+01 -1.134415e+00 
 1.413376e+01 -1.134348e+00 
 1.413408e+01 -1.134286e+00 
 1.413440e+01 -1.134203e+00 
 1.413473e+01 -1.134100e+00 
 1.413505e+01 -1.133991e+00 
 1.413537e+01 -1.133875e+00 
 1.413570e+01 -1.133770e+00 
 1.413602e+01 -1.133567e+00 
 1.413634e+01 -1.133232e+00 
 1.413667e+01 -1.132965e+00 
 1.413699e+01 -1.132762e+00 
 1.413731e+01 -1.132613e+00 
 1.413763e+01 -1.132471e+00 
 1.413796e+01 -1.132348e+00 
 1.413828e+01 -1.132235e+00 
 1.413860e+01 -1.132115e+00 
 1.413893e+01 -1.132001e+00 
 1.413925e+01 -1.131877e+00 
 1.413957e+01 -1.131706e+00 
 1.413990e+01 -1.131521e+00 
 1.414022e+01 -1.131319e+00 
 1.414054e+01 -1.131136e+00 
 1.414086e+01 -1.130950e+00 
 1.414119e+01 -1.130495e+00 
 1.414151e+01 -1.130031e+00 
 1.414183e+01 -1.129663e+00 
 1.414216e+01 -1.129415e+00 
 1.414248e+01 -1.129213e+00 
 1.414280e+01 -1.129023e+00 
 1.414313e+01 -1.128865e+00 
 1.414345e+01 -1.128699e+00 
 1.414377e+01 -1.128526e+00 
 1.414409e+01 -1.128365e+00 
 1.414442e+01 -1.128146e+00 
 1.414474e+01 -1.127887e+00 
 1.414506e+01 -1.127613e+00 
 1.414539e+01 -1.127348e+00 
 1.414571e+01 -1.127138e+00 
 1.414603e+01 -1.126771e+00 
 1.414635e+01 -1.126171e+00 
 1.414668e+01 -1.125629e+00 
 1.414700e+01 -1.125241e+00 
 1.414732e+01 -1.124994e+00 
 1.414765e+01 -1.124769e+00 
 1.414797e+01 -1.124584e+00 
 1.414829e+01 -1.124418e+00 
 1.414862e+01 -1.124223e+00 
 1.414894e+01 -1.124044e+00 
 1.414926e+01 -1.123837e+00 
 1.414958e+01 -1.123555e+00 
 1.414991e+01 -1.123252e+00 
 1.415023e+01 -1.122931e+00 
 1.415055e+01 -1.122685e+00 
 1.415088e+01 -1.122457e+00 
 1.415120e+01 -1.121913e+00 
 1.415152e+01 -1.121278e+00 
 1.415185e+01 -1.120737e+00 
 1.415217e+01 -1.120422e+00 
 1.415249e+01 -1.120204e+00 
 1.415281e+01 -1.120020e+00 
 1.415314e+01 -1.119885e+00 
 1.415346e+01 -1.119731e+00 
 1.415378e+01 -1.119558e+00 
 1.415411e+01 -1.119392e+00 
 1.415443e+01 -1.119152e+00 
 1.415475e+01 -1.118874e+00 
 1.415508e+01 -1.118540e+00 
 1.415540e+01 -1.118223e+00 
 1.415572e+01 -1.118002e+00 
 1.415604e+01 -1.117623e+00 
 1.415637e+01 -1.116980e+00 
 1.415669e+01 -1.116303e+00 
 1.415701e+01 -1.115804e+00 
 1.415734e+01 -1.115515e+00 
 1.415766e+01 -1.115305e+00 
 1.415798e+01 -1.115168e+00 
 1.415831e+01 -1.115054e+00 
 1.415863e+01 -1.114903e+00 
 1.415895e+01 -1.114750e+00 
 1.415927e+01 -1.114551e+00 
 1.415960e+01 -1.114285e+00 
 1.415992e+01 -1.113978e+00 
 1.416024e+01 -1.113635e+00 
 1.416057e+01 -1.113384e+00 
 1.416089e+01 -1.113126e+00 
 1.416121e+01 -1.112561e+00 
 1.416154e+01 -1.111870e+00 
 1.416186e+01 -1.111224e+00 
 1.416218e+01 -1.110817e+00 
 1.416250e+01 -1.110577e+00 
 1.416283e+01 -1.110439e+00 
 1.416315e+01 -1.110378e+00 
 1.416347e+01 -1.110288e+00 
 1.416380e+01 -1.110159e+00 
 1.416412e+01 -1.110002e+00 
 1.416444e+01 -1.109757e+00 
 1.416477e+01 -1.109468e+00 
 1.416509e+01 -1.109111e+00 
 1.416541e+01 -1.108781e+00 
 1.416573e+01 -1.108556e+00 
 1.416606e+01 -1.108182e+00 
 1.416638e+01 -1.107578e+00 
 1.416670e+01 -1.106933e+00 
 1.416703e+01 -1.106441e+00 
 1.416735e+01 -1.106182e+00 
 1.416767e+01 -1.106074e+00 
 1.416800e+01 -1.106100e+00 
 1.416832e+01 -1.106151e+00 
 1.416864e+01 -1.106125e+00 
 1.416896e+01 -1.106047e+00 
 1.416929e+01 -1.105867e+00 
 1.416961e+01 -1.105612e+00 
 1.416993e+01 -1.105301e+00 
 1.417026e+01 -1.104942e+00 
 1.417058e+01 -1.104684e+00 
 1.417090e+01 -1.104484e+00 
 1.417123e+01 -1.104047e+00 
 1.417155e+01 -1.103522e+00 
 1.417187e+01 -1.103030e+00 
 1.417219e+01 -1.102755e+00 
 1.417252e+01 -1.102646e+00 
 1.417284e+01 -1.102701e+00 
 1.417316e+01 -1.102858e+00 
 1.417349e+01 -1.102949e+00 
 1.417381e+01 -1.102958e+00 
 1.417413e+01 -1.102870e+00 
 1.417446e+01 -1.102666e+00 
 1.417478e+01 -1.102740e+00 
 1.417510e+01 -1.102790e+00 
 1.417542e+01 -1.102896e+00 
 1.417575e+01 -1.103132e+00 
 1.417607e+01 -1.103354e+00 
 1.417639e+01 -1.103444e+00 
 1.417672e+01 -1.103466e+00 
 1.417704e+01 -1.103610e+00 
 1.417736e+01 -1.103892e+00 
 1.417769e+01 -1.104081e+00 
 1.417801e+01 -1.104410e+00 
 1.417833e+01 -1.104652e+00 
 1.417865e+01 -1.104669e+00 
 1.417898e+01 -1.104557e+00 
 1.417930e+01 -1.104296e+00 
 1.417962e+01 -1.103981e+00 
 1.417995e+01 -1.103654e+00 
 1.418027e+01 -1.103352e+00 
 1.418059e+01 -1.103192e+00 
 1.418091e+01 -1.103147e+00 
 1.418124e+01 -1.103099e+00 
 1.418156e+01 -1.102915e+00 
 1.418188e+01 -1.102709e+00 
 1.418221e+01 -1.102623e+00 
 1.418253e+01 -1.102476e+00 
 1.418285e+01 -1.102324e+00 
 1.418318e+01 -1.102266e+00 
 1.418350e+01 -1.102162e+00 
 1.418382e+01 -1.101959e+00 
 1.418414e+01 -1.101636e+00 
 1.418447e+01 -1.101267e+00 
 1.418479e+01 -1.100904e+00 
 1.418511e+01 -1.100551e+00 
 1.418544e+01 -1.100279e+00 
 1.418576e+01 -1.100106e+00 
 1.418608e+01 -1.099992e+00 
 1.418641e+01 -1.099768e+00 
 1.418673e+01 -1.099417e+00 
 1.418705e+01 -1.099081e+00 
 1.418737e+01 -1.098817e+00 
 1.418770e+01 -1.098702e+00 
 1.418802e+01 -1.098718e+00 
 1.418834e+01 -1.098798e+00 
 1.418867e+01 -1.098834e+00 
 1.418899e+01 -1.098756e+00 
 1.418931e+01 -1.098563e+00 
 1.418964e+01 -1.098346e+00 
 1.418996e+01 -1.096124e+00 
 1.419028e+01 -1.095903e+00 
 1.419060e+01 -1.095727e+00 
 1.419093e+01 -1.095598e+00 
 1.419125e+01 -1.095390e+00 
 1.419157e+01 -1.095200e+00 
 1.419190e+01 -1.095048e+00 
 1.419222e+01 -1.095006e+00 
 1.419254e+01 -1.095112e+00 
 1.419287e+01 -1.095400e+00 
 1.419319e+01 -1.095806e+00 
 1.419351e+01 -1.096194e+00 
 1.419383e+01 -1.096453e+00 
 1.419416e+01 -1.095381e+00 
 1.419448e+01 -1.095251e+00 
 1.419480e+01 -1.094999e+00 
 1.419513e+01 -1.094644e+00 
 1.419545e+01 -1.094290e+00 
 1.419577e+01 -1.094053e+00 
 1.419610e+01 -1.093855e+00 
 1.419642e+01 -1.093802e+00 
 1.419674e+01 -1.093928e+00 
 1.419706e+01 -1.093989e+00 
 1.419739e+01 -1.094034e+00 
 1.419771e+01 -1.094017e+00 
 1.419803e+01 -1.094037e+00 
 1.419836e+01 -1.094023e+00 
 1.419868e+01 -1.093884e+00 
 1.419900e+01 -1.093548e+00 
 1.419933e+01 -1.093002e+00 
 1.419965e+01 -1.092380e+00 
 1.419997e+01 -1.091834e+00 
 1.420029e+01 -1.091406e+00 
 1.420062e+01 -1.091180e+00 
 1.420094e+01 -1.090992e+00 
 1.420126e+01 -1.090641e+00 
 1.420159e+01 -1.090352e+00 
 1.420191e+01 -1.090066e+00 
 1.420223e+01 -1.089689e+00 
 1.420256e+01 -1.089184e+00 
 1.420288e+01 -1.088658e+00 
 1.420320e+01 -1.088154e+00 
 1.420352e+01 -1.087612e+00 
 1.420385e+01 -1.087081e+00 
 1.420417e+01 -1.086393e+00 
 1.420449e+01 -1.085591e+00 
 1.420482e+01 -1.084839e+00 
 1.420514e+01 -1.084181e+00 
 1.420546e+01 -1.083611e+00 
 1.420579e+01 -1.083094e+00 
 1.420611e+01 -1.082463e+00 
 1.420643e+01 -1.081702e+00 
 1.420675e+01 -1.080934e+00 
 1.420708e+01 -1.080254e+00 
 1.420740e+01 -1.079469e+00 
 1.420772e+01 -1.078649e+00 
 1.420805e+01 -1.077935e+00 
 1.420837e+01 -1.077321e+00 
 1.420869e+01 -1.076762e+00 
 1.420902e+01 -1.076214e+00 
 1.420934e+01 -1.075600e+00 
 1.420966e+01 -1.074957e+00 
 1.420998e+01 -1.074344e+00 
 1.421031e+01 -1.073859e+00 
 1.421063e+01 -1.073440e+00 
 1.421095e+01 -1.073100e+00 
 1.421128e+01 -1.072813e+00 
 1.421160e+01 -1.072369e+00 
 1.421192e+01 -1.072008e+00 
 1.421225e+01 -1.071782e+00 
 1.421257e+01 -1.071581e+00 
 1.421289e+01 -1.071418e+00 
 1.421321e+01 -1.071307e+00 
 1.421354e+01 -1.071289e+00 
 1.421386e+01 -1.071205e+00 
 1.421418e+01 -1.071071e+00 
 1.421451e+01 -1.070879e+00 
 1.421483e+01 -1.070681e+00 
 1.421515e+01 -1.070534e+00 
 1.421547e+01 -1.070556e+00 
 1.421580e+01 -1.070719e+00 
 1.421612e+01 -1.071376e+00 
 1.421644e+01 -1.072085e+00 
 1.421677e+01 -1.072660e+00 
 1.421709e+01 -1.073149e+00 
 1.421741e+01 -1.073611e+00 
 1.421774e+01 -1.074001e+00 
 1.421806e+01 -1.074333e+00 
 1.421838e+01 -1.074698e+00 
 1.421870e+01 -1.075091e+00 
 1.421903e+01 -1.075448e+00 
 1.421935e+01 -1.075822e+00 
 1.421967e+01 -1.076278e+00 
 1.422000e+01 -1.076834e+00 
 1.422032e+01 -1.077454e+00 
 1.422064e+01 -1.078214e+00 
 1.422097e+01 -1.079249e+00 
 1.422129e+01 -1.080873e+00 
 1.422161e+01 -1.082239e+00 
 1.422193e+01 -1.083269e+00 
 1.422226e+01 -1.084116e+00 
 1.422258e+01 -1.084993e+00 
 1.422290e+01 -1.085813e+00 
 1.422323e+01 -1.086647e+00 
 1.422355e+01 -1.087425e+00 
 1.422387e+01 -1.088212e+00 
 1.422420e+01 -1.089013e+00 
 1.422452e+01 -1.090011e+00 
 1.422484e+01 -1.091076e+00 
 1.422516e+01 -1.092162e+00 
 1.422549e+01 -1.093239e+00 
 1.422581e+01 -1.094312e+00 
 1.422613e+01 -1.095940e+00 
 1.422646e+01 -1.097873e+00 
 1.422678e+01 -1.099365e+00 
 1.422710e+01 -1.100319e+00 
 1.422743e+01 -1.101067e+00 
 1.422775e+01 -1.101821e+00 
 1.422807e+01 -1.102475e+00 
 1.422839e+01 -1.103122e+00 
 1.422872e+01 -1.103829e+00 
 1.422904e+01 -1.104482e+00 
 1.422936e+01 -1.105207e+00 
 1.422969e+01 -1.106097e+00 
 1.423001e+01 -1.106847e+00 
 1.423033e+01 -1.107496e+00 
 1.423066e+01 -1.107956e+00 
 1.423098e+01 -1.108567e+00 
 1.423130e+01 -1.109670e+00 
 1.423162e+01 -1.110881e+00 
 1.423195e+01 -1.111659e+00 
 1.423227e+01 -1.111946e+00 
 1.423259e+01 -1.112209e+00 
 1.423292e+01 -1.112614e+00 
 1.423324e+01 -1.112909e+00 
 1.423356e+01 -1.113282e+00 
 1.423389e+01 -1.113676e+00 
 1.423421e+01 -1.114092e+00 
 1.423453e+01 -1.114642e+00 
 1.423485e+01 -1.115236e+00 
 1.423518e+01 -1.115846e+00 
 1.423550e+01 -1.116228e+00 
 1.423582e+01 -1.116505e+00 
 1.423615e+01 -1.117143e+00 
 1.423647e+01 -1.118121e+00 
 1.423679e+01 -1.119267e+00 
 1.423712e+01 -1.120008e+00 
 1.423744e+01 -1.120429e+00 
 1.423776e+01 -1.120825e+00 
 1.423808e+01 -1.121242e+00 
 1.423841e+01 -1.121686e+00 
 1.423873e+01 -1.122176e+00 
 1.423905e+01 -1.122631e+00 
 1.423938e+01 -1.123195e+00 
 1.423970e+01 -1.123624e+00 
 1.424002e+01 -1.124143e+00 
 1.424035e+01 -1.124622e+00 
 1.424067e+01 -1.124937e+00 
 1.424099e+01 -1.125316e+00 
 1.424131e+01 -1.125970e+00 
 1.424164e+01 -1.127100e+00 
 1.424196e+01 -1.128242e+00 
 1.424228e+01 -1.128985e+00 
 1.424261e+01 -1.129499e+00 
 1.424293e+01 -1.129759e+00 
 1.424325e+01 -1.130021e+00 
 1.424358e+01 -1.130309e+00 
 1.424390e+01 -1.130592e+00 
 1.424422e+01 -1.130957e+00 
 1.424454e+01 -1.131406e+00 
 1.424487e+01 -1.132026e+00 
 1.424519e+01 -1.132877e+00 
 1.424551e+01 -1.133691e+00 
 1.424584e+01 -1.134525e+00 
 1.424616e+01 -1.135099e+00 
 1.424648e+01 -1.135900e+00 
 1.424681e+01 -1.136966e+00 
 1.424713e+01 -1.137855e+00 
 1.424745e+01 -1.138327e+00 
 1.424777e+01 -1.138427e+00 
 1.424810e+01 -1.138407e+00 
 1.424842e+01 -1.138502e+00 
 1.424874e+01 -1.138736e+00 
 1.424907e+01 -1.139268e+00 
 1.424939e+01 -1.139847e+00 
 1.424971e+01 -1.140494e+00 
 1.425003e+01 -1.141303e+00 
 1.425036e+01 -1.142153e+00 
 1.425068e+01 -1.142878e+00 
 1.425100e+01 -1.143242e+00 
 1.425133e+01 -1.143269e+00 
 1.425165e+01 -1.143451e+00 
 1.425197e+01 -1.143694e+00 
 1.425230e+01 -1.143903e+00 
 1.425262e+01 -1.143643e+00 
 1.425294e+01 -1.143144e+00 
 1.425326e+01 -1.142741e+00 
 1.425359e+01 -1.142574e+00 
 1.425391e+01 -1.142648e+00 
 1.425423e+01 -1.142942e+00 
 1.425456e+01 -1.143208e+00 
 1.425488e+01 -1.143411e+00 
 1.425520e+01 -1.143541e+00 
 1.425553e+01 -1.140585e+00 
 1.425585e+01 -1.140341e+00 
 1.425617e+01 -1.139418e+00 
 1.425649e+01 -1.138356e+00 
 1.425682e+01 -1.137500e+00 
 1.425714e+01 -1.136915e+00 
 1.425746e+01 -1.136406e+00 
 1.425779e+01 -1.135712e+00 
 1.425811e+01 -1.134926e+00 
 1.425843e+01 -1.134255e+00 
 1.425876e+01 -1.133910e+00 
 1.425908e+01 -1.133691e+00 
 1.425940e+01 -1.133468e+00 
 1.425972e+01 -1.133098e+00 
 1.426005e+01 -1.132602e+00 
 1.426037e+01 -1.132058e+00 
 1.426069e+01 -1.115075e+00 
 1.426102e+01 -1.114261e+00 
 1.426134e+01 -1.112951e+00 
 1.426166e+01 -1.111691e+00 
 1.426199e+01 -1.110878e+00 
 1.426231e+01 -1.110313e+00 
 1.426263e+01 -1.109780e+00 
 1.426295e+01 -1.109121e+00 
 1.426328e+01 -1.108407e+00 
 1.426360e+01 -1.107709e+00 
 1.426392e+01 -1.107176e+00 
 1.426425e+01 -1.106783e+00 
 1.426457e+01 -1.106355e+00 
 1.426489e+01 -1.105884e+00 
 1.426522e+01 -1.105466e+00 
 1.426554e+01 -1.105107e+00 
 1.426586e+01 -1.104822e+00 
 1.426618e+01 -1.104156e+00 
 1.426651e+01 -1.103160e+00 
 1.426683e+01 -1.102263e+00 
 1.426715e+01 -1.101824e+00 
 1.426748e+01 -1.101661e+00 
 1.426780e+01 -1.101504e+00 
 1.426812e+01 -1.101328e+00 
 1.426845e+01 -1.101113e+00 
 1.426877e+01 -1.100615e+00 
 1.426909e+01 -1.100202e+00 
 1.426941e+01 -1.100064e+00 
 1.426974e+01 -1.100298e+00 
 1.427006e+01 -1.100715e+00 
 1.427038e+01 -1.101353e+00 
 1.427071e+01 -1.102302e+00 
 1.427103e+01 -1.103275e+00 
 1.427135e+01 -1.103789e+00 
 1.427168e+01 -1.103827e+00 
 1.427200e+01 -1.103727e+00 
 1.427232e+01 -1.103737e+00 
 1.427264e+01 -1.103664e+00 
 1.427297e+01 -1.103651e+00 
 1.427329e+01 -1.103810e+00 
 1.427361e+01 -1.104089e+00 
 1.427394e+01 -1.104606e+00 
 1.427426e+01 -1.105409e+00 
 1.427458e+01 -1.106385e+00 
 1.427491e+01 -1.107302e+00 
 1.427523e+01 -1.107546e+00 
 1.427555e+01 -1.107348e+00 
 1.427587e+01 -1.106927e+00 
 1.427620e+01 -1.106501e+00 
 1.427652e+01 -1.105694e+00 
 1.427684e+01 -1.104779e+00 
 1.427717e+01 -1.104386e+00 
 1.427749e+01 -1.105602e+00 
 1.427781e+01 -1.108415e+00 
 1.427814e+01 -1.111500e+00 
 1.427846e+01 -1.114488e+00 
 1.427878e+01 -1.117387e+00 
 1.427910e+01 -1.120314e+00 
 1.427943e+01 -1.123446e+00 
 1.427975e+01 -1.126310e+00 
 1.428007e+01 -1.126886e+00 
 1.428040e+01 -1.127081e+00 
 1.428072e+01 -1.127049e+00 
 1.428104e+01 -1.127418e+00 
 1.428137e+01 -1.128090e+00 
 1.428169e+01 -1.128385e+00 
 1.428201e+01 -1.128582e+00 
 1.428233e+01 -1.129093e+00 
 1.428266e+01 -1.130199e+00 
 1.428298e+01 -1.131746e+00 
 1.428330e+01 -1.133250e+00 
 1.428363e+01 -1.134553e+00 
 1.428395e+01 -1.135670e+00 
 1.428427e+01 -1.136535e+00 
 1.428459e+01 -1.137276e+00 
 1.428492e+01 -1.137434e+00 
 1.428524e+01 -1.137121e+00 
 1.428556e+01 -1.136520e+00 
 1.428589e+01 -1.135943e+00 
 1.428621e+01 -1.135928e+00 
 1.428653e+01 -1.136139e+00 
 1.428686e+01 -1.136232e+00 
 1.428718e+01 -1.136227e+00 
 1.428750e+01 -1.136457e+00 
 1.428782e+01 -1.134081e+00 
 1.428815e+01 -1.135195e+00 
 1.428847e+01 -1.136083e+00 
 1.428879e+01 -1.136539e+00 
 1.428912e+01 -1.136562e+00 
 1.428944e+01 -1.136410e+00 
 1.428976e+01 -1.136310e+00 
 1.429009e+01 -1.136300e+00 
 1.429041e+01 -1.136331e+00 
 1.429073e+01 -1.136378e+00 
 1.429105e+01 -1.136815e+00 
 1.429138e+01 -1.137520e+00 
 1.429170e+01 -1.138392e+00 
 1.429202e+01 -1.139145e+00 
 1.429235e+01 -1.139882e+00 
 1.429267e+01 -1.141027e+00 
 1.429299e+01 -1.142544e+00 
 1.429332e+01 -1.144046e+00 
 1.429364e+01 -1.145293e+00 
 1.429396e+01 -1.146157e+00 
 1.429428e+01 -1.146949e+00 
 1.429461e+01 -1.147640e+00 
 1.429493e+01 -1.148418e+00 
 1.429525e+01 -1.149211e+00 
 1.429558e+01 -1.149831e+00 
 1.429590e+01 -1.150602e+00 
 1.429622e+01 -1.151810e+00 
 1.429655e+01 -1.153710e+00 
 1.429687e+01 -1.155920e+00 
 1.429719e+01 -1.157819e+00 
 1.429751e+01 -1.159271e+00 
 1.429784e+01 -1.160321e+00 
 1.429816e+01 -1.161099e+00 
 1.429848e+01 -1.161520e+00 
 1.429881e+01 -1.161615e+00 
 1.429913e+01 -1.161491e+00 
 1.429945e+01 -1.161424e+00 
 1.429978e+01 -1.161599e+00 
 1.430010e+01 -1.162032e+00 
 1.430042e+01 -1.162340e+00 
 1.430074e+01 -1.162410e+00 
 1.430107e+01 -1.162143e+00 
 1.430139e+01 -1.161929e+00 
 1.430171e+01 -1.161887e+00 
 1.430204e+01 -1.161750e+00 
 1.430236e+01 -1.161188e+00 
 1.430268e+01 -1.160287e+00 
 1.430301e+01 -1.159415e+00 
 1.430333e+01 -1.158854e+00 
 1.430365e+01 -1.158423e+00 
 1.430397e+01 -1.158074e+00 
 1.430430e+01 -1.157423e+00 
 1.430462e+01 -1.156646e+00 
 1.430494e+01 -1.155976e+00 
 1.430527e+01 -1.155470e+00 
 1.430559e+01 -1.155036e+00 
 1.430591e+01 -1.154662e+00 
 1.430624e+01 -1.154398e+00 
 1.430656e+01 -1.154198e+00 
 1.430688e+01 -1.154110e+00 
 1.430720e+01 -1.153999e+00 
 1.430753e+01 -1.153467e+00 
 1.430785e+01 -1.152816e+00 
 1.430817e+01 -1.152344e+00 
 1.430850e+01 -1.152222e+00 
 1.430882e+01 -1.152169e+00 
 1.430914e+01 -1.151885e+00 
 1.430947e+01 -1.151275e+00 
 1.430979e+01 -1.150474e+00 
 1.431011e+01 -1.149734e+00 
 1.431043e+01 -1.149259e+00 
 1.431076e+01 -1.148683e+00 
 1.431108e+01 -1.148151e+00 
 1.431140e+01 -1.147615e+00 
 1.431173e+01 -1.146617e+00 
 1.431205e+01 -1.145793e+00 
 1.431237e+01 -1.145032e+00 
 1.431270e+01 -1.144114e+00 
 1.431302e+01 -1.142942e+00 
 1.431334e+01 -1.141691e+00 
 1.431366e+01 -1.140521e+00 
 1.431399e+01 -1.139035e+00 
 1.431431e+01 -1.137351e+00 
 1.431463e+01 -1.135579e+00 
 1.431496e+01 -1.133967e+00 
 1.431528e+01 -1.132728e+00 
 1.431560e+01 -1.131886e+00 
 1.431593e+01 -1.131273e+00 
 1.431625e+01 -1.130812e+00 
 1.431657e+01 -1.130353e+00 
 1.431689e+01 -1.130119e+00 
 1.431722e+01 -1.129734e+00 
 1.431754e+01 -1.129207e+00 
 1.431786e+01 -1.128285e+00 
 1.431819e+01 -1.127083e+00 
 1.431851e+01 -1.125988e+00 
 1.431883e+01 -1.125208e+00 
 1.431915e+01 -1.124742e+00 
 1.431948e+01 -1.124500e+00 
 1.431980e+01 -1.124346e+00 
 1.432012e+01 -1.124435e+00 
 1.432045e+01 -1.124464e+00 
 1.432077e+01 -1.124590e+00 
 1.432109e+01 -1.124763e+00 
 1.432142e+01 -1.124989e+00 
 1.432174e+01 -1.125392e+00 
 1.432206e+01 -1.125981e+00 
 1.432238e+01 -1.126820e+00 
 1.432271e+01 -1.127671e+00 
 1.432303e+01 -1.128218e+00 
 1.432335e+01 -1.117534e+00 
 1.432368e+01 -1.118960e+00 
 1.432400e+01 -1.120460e+00 
 1.432432e+01 -1.121969e+00 
 1.432465e+01 -1.123400e+00 
 1.432497e+01 -1.124822e+00 
 1.432529e+01 -1.126329e+00 
 1.432561e+01 -1.128015e+00 
 1.432594e+01 -1.129934e+00 
 1.432626e+01 -1.131943e+00 
 1.432658e+01 -1.113041e+00 
 1.432691e+01 -1.117387e+00 
 1.432723e+01 -1.121576e+00 
 1.432755e+01 -1.125721e+00 
 1.432788e+01 -1.129725e+00 
 1.432820e+01 -1.133557e+00 
 1.432852e+01 -1.137340e+00 
 1.432884e+01 -1.141252e+00 
 1.432917e+01 -1.145267e+00 
 1.432949e+01 -1.149177e+00 
 1.432981e+01 -1.142017e+00 
 1.433014e+01 -1.146862e+00 
 1.433046e+01 -1.151726e+00 
 1.433078e+01 -1.156887e+00 
 1.433111e+01 -1.162341e+00 
 1.433143e+01 -1.167764e+00 
 1.433175e+01 -1.173032e+00 
 1.433207e+01 -1.178333e+00 
 1.433240e+01 -1.183909e+00 
 1.433272e+01 -1.189664e+00 
 1.433304e+01 -1.174203e+00 
 1.433337e+01 -1.182514e+00 
 1.433369e+01 -1.190698e+00 
 1.433401e+01 -1.198794e+00 
 1.433434e+01 -1.206830e+00 
 1.433466e+01 -1.214648e+00 
 1.433498e+01 -1.222100e+00 
 1.433530e+01 -1.229675e+00 
 1.433563e+01 -1.238043e+00 
 1.433595e+01 -1.247197e+00 
 1.433627e+01 -1.256812e+00 
 1.433660e+01 -1.266351e+00 
 1.433692e+01 -1.275722e+00 
 1.433724e+01 -1.284472e+00 
 1.433757e+01 -1.292517e+00 
 1.433789e+01 -1.300000e+00 
 1.433821e+01 -1.306665e+00 
 1.433853e+01 -1.312721e+00 
 1.433886e+01 -1.319201e+00 
 1.433918e+01 -1.326702e+00 
 1.433950e+01 -1.335109e+00 
 1.433983e+01 -1.344015e+00 
 1.434015e+01 -1.353622e+00 
 1.434047e+01 -1.363211e+00 
 1.434080e+01 -1.371931e+00 
 1.434112e+01 -1.379781e+00 
 1.434144e+01 -1.386846e+00 
 1.434176e+01 -1.393533e+00 
 1.434209e+01 -1.400565e+00 
 1.434241e+01 -1.408248e+00 
 1.434273e+01 -1.408007e+00 
 1.434306e+01 -1.412098e+00 
 1.434338e+01 -1.416339e+00 
 1.434370e+01 -1.420587e+00 
 1.434403e+01 -1.424715e+00 
 1.434435e+01 -1.428935e+00 
 1.434467e+01 -1.433170e+00 
 1.434499e+01 -1.437362e+00 
 1.434532e+01 -1.441875e+00 
 1.434564e+01 -1.446730e+00 
 1.434596e+01 -1.451676e+00 
 1.434629e+01 -1.456433e+00 
 1.434661e+01 -1.461228e+00 
 1.434693e+01 -1.465817e+00 
 1.434726e+01 -1.469952e+00 
 1.434758e+01 -1.473721e+00 
 1.434790e+01 -1.477455e+00 
 1.434822e+01 -1.481589e+00 
 1.434855e+01 -1.486388e+00 
 1.434887e+01 -1.491959e+00 
 1.434919e+01 -1.498481e+00 
 1.434952e+01 -1.505404e+00 
 1.434984e+01 -1.512569e+00 
 1.435016e+01 -1.512707e+00 
 1.435049e+01 -1.515847e+00 
 1.435081e+01 -1.518526e+00 
 1.435113e+01 -1.520860e+00 
 1.435145e+01 -1.523278e+00 
 1.435178e+01 -1.525879e+00 
 1.435210e+01 -1.528525e+00 
 1.435242e+01 -1.531468e+00 
 1.435275e+01 -1.534435e+00 
 1.435307e+01 -1.537631e+00 
 1.435339e+01 -1.540965e+00 
 1.435371e+01 -1.544432e+00 
 1.435404e+01 -1.547984e+00 
 1.435436e+01 -1.551453e+00 
 1.435468e+01 -1.554592e+00 
 1.435501e+01 -1.558170e+00 
 1.435533e+01 -1.561565e+00 
 1.435565e+01 -1.564767e+00 
 1.435598e+01 -1.567594e+00 
 1.435630e+01 -1.570230e+00 
 1.435662e+01 -1.571824e+00 
 1.435694e+01 -1.572874e+00 
 1.435727e+01 -1.573399e+00 
 1.435759e+01 -1.573570e+00 
 1.435791e+01 -1.573405e+00 
 1.435824e+01 -1.572887e+00 
 1.435856e+01 -1.572132e+00 
 1.435888e+01 -1.573986e+00 
 1.435921e+01 -1.575414e+00 
 1.435953e+01 -1.576724e+00 
 1.435985e+01 -1.578028e+00 
 1.436017e+01 -1.579295e+00 
 1.436050e+01 -1.580666e+00 
 1.436082e+01 -1.582148e+00 
 1.436114e+01 -1.583019e+00 
 1.436147e+01 -1.578278e+00 
 1.436179e+01 -1.578662e+00 
 1.436211e+01 -1.583724e+00 
 1.436244e+01 -1.588519e+00 
 1.436276e+01 -1.592598e+00 
 1.436308e+01 -1.595908e+00 
 1.436340e+01 -1.598679e+00 
 1.436373e+01 -1.601241e+00 
 1.436405e+01 -1.603691e+00 
 1.436437e+01 -1.605811e+00 
 1.436470e+01 -1.607306e+00 
 1.436502e+01 -1.607891e+00 
 1.436534e+01 -1.608192e+00 
 1.436567e+01 -1.609836e+00 
 1.436599e+01 -1.610995e+00 
 1.436631e+01 -1.604245e+00 
 1.436663e+01 -1.593427e+00 
 1.436696e+01 -1.590443e+00 
 1.436728e+01 -1.587996e+00 
 1.436760e+01 -1.578742e+00 
 1.436793e+01 -1.574170e+00 
 1.436825e+01 -1.568722e+00 
 1.436857e+01 -1.560401e+00 
 1.436890e+01 -1.557573e+00 
 1.436922e+01 -1.550066e+00 
 1.436954e+01 -1.542847e+00 
 1.436986e+01 -1.535193e+00 
 1.437019e+01 -1.523149e+00 
 1.437051e+01 -1.513782e+00 
 1.437083e+01 -1.500722e+00 
 1.437116e+01 -1.490445e+00 
 1.437148e+01 -1.478471e+00 
 1.437180e+01 -1.465612e+00 
 1.437213e+01 -1.456879e+00 
 1.437245e+01 -1.447258e+00 
 1.437277e+01 -1.438286e+00 
 1.437309e+01 -1.427474e+00 
 1.437342e+01 -1.418428e+00 
 1.437374e+01 -1.408870e+00 
 1.437406e+01 -1.400284e+00 
 1.437439e+01 -1.390456e+00 
 1.437471e+01 -1.381648e+00 
 1.437503e+01 -1.373065e+00 
 1.437536e+01 -1.366712e+00 
 1.437568e+01 -1.360071e+00 
 1.437600e+01 -1.353676e+00 
 1.437632e+01 -1.336189e+00 
 1.437665e+01 -1.330396e+00 
 1.437697e+01 -1.326230e+00 
 1.437729e+01 -1.301334e+00 
 1.437762e+01 -1.298591e+00 
 1.437794e+01 -1.278511e+00 
 1.437826e+01 -1.260744e+00 
 1.437859e+01 -1.258721e+00 
 1.437891e+01 -1.258697e+00 
 1.437923e+01 -1.241134e+00 
 1.437955e+01 -1.216000e+00 
 1.437988e+01 -1.191377e+00 
 1.438020e+01 -1.186757e+00 
 1.438052e+01 -1.181643e+00 
 1.438085e+01 -1.177815e+00 
 1.438117e+01 -1.172769e+00 
 1.438149e+01 -1.167760e+00 
 1.438182e+01 -1.164591e+00 
 1.438214e+01 -1.162927e+00 
 1.438246e+01 -1.162118e+00 
 1.438278e+01 -1.163189e+00 
 1.438311e+01 -1.164712e+00 
 1.438343e+01 -1.165851e+00 
 1.438375e+01 -1.168452e+00 
 1.438408e+01 -1.171715e+00 
 1.438440e+01 -1.175436e+00 
 1.438472e+01 -1.177841e+00 
 1.438505e+01 -1.181992e+00 
 1.438537e+01 -1.185974e+00 
 1.438569e+01 -1.191381e+00 
 1.438601e+01 -1.197781e+00 
 1.438634e+01 -1.205628e+00 
 1.438666e+01 -1.212689e+00 
 1.438698e+01 -1.220261e+00 
 1.438731e+01 -1.228207e+00 
 1.438763e+01 -1.239235e+00 
 1.438795e+01 -1.250618e+00 
 1.438827e+01 -1.260591e+00 
 1.438860e+01 -1.269190e+00 
 1.438892e+01 -1.278636e+00 
 1.438924e+01 -1.285379e+00 
 1.438957e+01 -1.267304e+00 
 1.438989e+01 -1.275591e+00 
 1.439021e+01 -1.282602e+00 
 1.439054e+01 -1.288290e+00 
 1.439086e+01 -1.296457e+00 
 1.439118e+01 -1.303233e+00 
 1.439150e+01 -1.308537e+00 
 1.439183e+01 -1.315893e+00 
 1.439215e+01 -1.320584e+00 
 1.439247e+01 -1.323494e+00 
 1.439280e+01 -1.327427e+00 
 1.439312e+01 -1.330884e+00 
 1.439344e+01 -1.334111e+00 
 1.439377e+01 -1.336396e+00 
 1.439409e+01 -1.337905e+00 
 1.439441e+01 -1.340987e+00 
 1.439473e+01 -1.343138e+00 
 1.439506e+01 -1.344434e+00 
 1.439538e+01 -1.346310e+00 
 1.439570e+01 -1.346535e+00 
 1.439603e+01 -1.346340e+00 
 1.439635e+01 -1.347589e+00 
 1.439667e+01 -1.348424e+00 
 1.439700e+01 -1.349096e+00 
 1.439732e+01 -1.353382e+00 
 1.439764e+01 -1.360380e+00 
 1.439796e+01 -1.366879e+00 
 1.439829e+01 -1.371473e+00 
 1.439861e+01 -1.374092e+00 
 1.439893e+01 -1.389407e+00 
 1.439926e+01 -1.412892e+00 
 1.439958e+01 -1.435170e+00 
 1.439990e+01 -1.457227e+00 
 1.440023e+01 -1.465226e+00 
 1.440055e+01 -1.465108e+00 
 1.440087e+01 -1.466194e+00 
 1.440119e+01 -1.463921e+00 
 1.440152e+01 -1.459000e+00 
 1.440184e+01 -1.451114e+00 
 1.440216e+01 -1.442746e+00 
 1.440249e+01 -1.433714e+00 
 1.440281e+01 -1.424917e+00 
 1.440313e+01 -1.416920e+00 
 1.440346e+01 -1.410061e+00 
 1.440378e+01 -1.404987e+00 
 1.440410e+01 -1.400627e+00 
 1.440442e+01 -1.396338e+00 
 1.440475e+01 -1.391227e+00 
 1.440507e+01 -1.388077e+00 
 1.440539e+01 -1.383002e+00 
 1.440572e+01 -1.379061e+00 
 1.440604e+01 -1.374331e+00 
 1.440636e+01 -1.369630e+00 
 1.440669e+01 -1.366528e+00 
 1.440701e+01 -1.363270e+00 
 1.440733e+01 -1.361148e+00 
 1.440765e+01 -1.359801e+00 
 1.440798e+01 -1.360933e+00 
 1.440830e+01 -1.363322e+00 
 1.440862e+01 -1.367166e+00 
 1.440895e+01 -1.370535e+00 
 1.440927e+01 -1.372829e+00 
 1.440959e+01 -1.374451e+00 
 1.440992e+01 -1.376136e+00 
 1.441024e+01 -1.377430e+00 
 1.441056e+01 -1.381221e+00 
 1.441088e+01 -1.383433e+00 
 1.441121e+01 -1.384956e+00 
 1.441153e+01 -1.387792e+00 
 1.441185e+01 -1.392376e+00 
 1.441218e+01 -1.397919e+00 
 1.441250e+01 -1.404572e+00 
 1.441282e+01 -1.410661e+00 
 1.441315e+01 -1.415698e+00 
 1.441347e+01 -1.419593e+00 
 1.441379e+01 -1.424258e+00 
 1.441411e+01 -1.425348e+00 
 1.441444e+01 -1.423593e+00 
 1.441476e+01 -1.422357e+00 
 1.441508e+01 -1.421155e+00 
 1.441541e+01 -1.420848e+00 
 1.441573e+01 -1.421821e+00 
 1.441605e+01 -1.422503e+00 
 1.441638e+01 -1.424179e+00 
 1.441670e+01 -1.426897e+00 
 1.441702e+01 -1.429930e+00 
 1.441734e+01 -1.430983e+00 
 1.441767e+01 -1.429445e+00 
 1.441799e+01 -1.425341e+00 
 1.441831e+01 -1.420501e+00 
 1.441864e+01 -1.412522e+00 
 1.441896e+01 -1.402853e+00 
 1.441928e+01 -1.393062e+00 
 1.441961e+01 -1.381921e+00 
 1.441993e+01 -1.371377e+00 
 1.442025e+01 -1.364257e+00 
 1.442057e+01 -1.356868e+00 
 1.442090e+01 -1.350506e+00 
 1.442122e+01 -1.345137e+00 
 1.442154e+01 -1.338457e+00 
 1.442187e+01 -1.330580e+00 
 1.442219e+01 -1.320716e+00 
 1.442251e+01 -1.310367e+00 
 1.442283e+01 -1.298504e+00 
 1.442316e+01 -1.284506e+00 
 1.442348e+01 -1.274539e+00 
 1.442380e+01 -1.263439e+00 
 1.442413e+01 -1.252562e+00 
 1.442445e+01 -1.243682e+00 
 1.442477e+01 -1.198487e+00 
 1.442510e+01 -1.169732e+00 
 1.442542e+01 -1.126797e+00 
 1.442574e+01 -1.118198e+00 
 1.442606e+01 -1.107587e+00 
 1.442639e+01 -1.094010e+00 
 1.442671e+01 -1.081606e+00 
 1.442703e+01 -1.069427e+00 
 1.442736e+01 -1.060293e+00 
 1.442768e+01 -1.053388e+00 
 1.442800e+01 -1.049385e+00 
 1.442833e+01 -1.048144e+00 
 1.442865e+01 -1.048989e+00 
 1.442897e+01 -1.015357e+00 
 1.442929e+01 -1.014226e+00 
 1.442962e+01 -1.008860e+00 
 1.442994e+01 -1.003368e+00 
 1.443026e+01 -9.943203e-01 
 1.443059e+01 -9.863899e-01 
 1.443091e+01 -9.564567e-01 
 1.443123e+01 -9.545621e-01 
 1.443156e+01 -9.572408e-01 
 1.443188e+01 -9.628200e-01 
 1.443220e+01 -9.711288e-01 
 1.443252e+01 -9.811902e-01 
 1.443285e+01 -9.901000e-01 
 1.443317e+01 -1.007413e+00 
 1.443349e+01 -1.023305e+00 
 1.443382e+01 -1.037352e+00 
 1.443414e+01 -1.043235e+00 
 1.443446e+01 -1.049702e+00 
 1.443479e+01 -1.065423e+00 
 1.443511e+01 -1.093171e+00 
 1.443543e+01 -1.123909e+00 
 1.443575e+01 -1.148502e+00 
 1.443608e+01 -1.163392e+00 
 1.443640e+01 -1.179357e+00 
 1.443672e+01 -1.192071e+00 
 1.443705e+01 -1.202172e+00 
 1.443737e+01 -1.208504e+00 
 1.443769e+01 -1.210925e+00 
 1.443802e+01 -1.209542e+00 
 1.443834e+01 -1.207474e+00 
 1.443866e+01 -1.206772e+00 
 1.443898e+01 -1.208721e+00 
 1.443931e+01 -1.213233e+00 
 1.443963e+01 -1.222263e+00 
 1.443995e+01 -1.233957e+00 
 1.444028e+01 -1.248509e+00 
 1.444060e+01 -1.263290e+00 
 1.444092e+01 -1.277085e+00 
 1.444125e+01 -1.289286e+00 
 1.444157e+01 -1.297423e+00 
 1.444189e+01 -1.301378e+00 
 1.444221e+01 -1.277656e+00 
 1.444254e+01 -1.276073e+00 
 1.444286e+01 -1.276576e+00 
 1.444318e+01 -1.279522e+00 
 1.444351e+01 -1.285072e+00 
 1.444383e+01 -1.293786e+00 
 1.444415e+01 -1.305334e+00 
 1.444448e+01 -1.319190e+00 
 1.444480e+01 -1.333447e+00 
 1.444512e+01 -1.346874e+00 
 1.444544e+01 -1.357557e+00 
 1.444577e+01 -1.356708e+00 
 1.444609e+01 -1.359482e+00 
 1.444641e+01 -1.359181e+00 
 1.444674e+01 -1.357601e+00 
 1.444706e+01 -1.356709e+00 
 1.444738e+01 -1.359770e+00 
 1.444771e+01 -1.365585e+00 
 1.444803e+01 -1.373739e+00 
 1.444835e+01 -1.382827e+00 
 1.444867e+01 -1.393308e+00 
 1.444900e+01 -1.403501e+00 
 1.444932e+01 -1.412961e+00 
 1.444964e+01 -1.419110e+00 
 1.444997e+01 -1.420547e+00 
 1.445029e+01 -1.417460e+00 
 1.445061e+01 -1.412494e+00 
 1.445094e+01 -1.407145e+00 
 1.445126e+01 -1.403995e+00 
 1.445158e+01 -1.403521e+00 
 1.445190e+01 -1.404496e+00 
 1.445223e+01 -1.405189e+00 
 1.445255e+01 -1.406292e+00 
 1.445287e+01 -1.405632e+00 
 1.445320e+01 -1.404958e+00 
 1.445352e+01 -1.402727e+00 
 1.445384e+01 -1.397791e+00 
 1.445417e+01 -1.391192e+00 
 1.445449e+01 -1.384057e+00 
 1.445481e+01 -1.375784e+00 
 1.445513e+01 -1.367731e+00 
 1.445546e+01 -1.361045e+00 
 1.445578e+01 -1.356124e+00 
 1.445610e+01 -1.352765e+00 
 1.445643e+01 -1.352413e+00 
 1.445675e+01 -1.354216e+00 
 1.445707e+01 -1.357776e+00 
 1.445739e+01 -1.361759e+00 
 1.445772e+01 -1.364402e+00 
 1.445804e+01 -1.365850e+00 
 1.445836e+01 -1.366527e+00 
 1.445869e+01 -1.365913e+00 
 1.445901e+01 -1.366298e+00 
 1.445933e+01 -1.364894e+00 
 1.445966e+01 -1.364320e+00 
 1.445998e+01 -1.364887e+00 
 1.446030e+01 -1.367544e+00 
 1.446062e+01 -1.371379e+00 
 1.446095e+01 -1.375625e+00 
 1.446127e+01 -1.380406e+00 
 1.446159e+01 -1.384077e+00 
 1.446192e+01 -1.386208e+00 
 1.446224e+01 -1.385720e+00 
 1.446256e+01 -1.381806e+00 
 1.446289e+01 -1.376473e+00 
 1.446321e+01 -1.370319e+00 
 1.446353e+01 -1.363798e+00 
 1.446385e+01 -1.357091e+00 
 1.446418e+01 -1.350914e+00 
 1.446450e+01 -1.345475e+00 
 1.446482e+01 -1.341480e+00 
 1.446515e+01 -1.338449e+00 
 1.446547e+01 -1.335483e+00 
 1.446579e+01 -1.325150e+00 
 1.446612e+01 -1.319194e+00 
 1.446644e+01 -1.294414e+00 
 1.446676e+01 -1.285778e+00 
 1.446708e+01 -1.276240e+00 
 1.446741e+01 -1.260966e+00 
 1.446773e+01 -1.250811e+00 
 1.446805e+01 -1.218848e+00 
 1.446838e+01 -1.210351e+00 
 1.446870e+01 -1.204139e+00 
 1.446902e+01 -1.199489e+00 
 1.446935e+01 -1.196798e+00 
 1.446967e+01 -1.194463e+00 
 1.446999e+01 -1.190972e+00 
 1.447031e+01 -1.184987e+00 
 1.447064e+01 -1.179986e+00 
 1.447096e+01 -1.173261e+00 
 1.447128e+01 -1.164896e+00 
 1.447161e+01 -1.153110e+00 
 1.447193e+01 -1.140021e+00 
 1.447225e+01 -1.133983e+00 
 1.447258e+01 -1.131701e+00 
 1.447290e+01 -1.130588e+00 
 1.447322e+01 -1.129043e+00 
 1.447354e+01 -1.125370e+00 
 1.447387e+01 -1.121894e+00 
 1.447419e+01 -1.117743e+00 
 1.447451e+01 -1.111205e+00 
 1.447484e+01 -1.101807e+00 
 1.447516e+01 -1.090924e+00 
 1.447548e+01 -1.076685e+00 
 1.447581e+01 -1.065227e+00 
 1.447613e+01 -1.056193e+00 
 1.447645e+01 -1.049803e+00 
 1.447677e+01 -1.046414e+00 
 1.447710e+01 -1.046888e+00 
 1.447742e+01 -1.049556e+00 
 1.447774e+01 -1.053092e+00 
 1.447807e+01 -1.056122e+00 
 1.447839e+01 -1.057239e+00 
 1.447871e+01 -1.054642e+00 
 1.447904e+01 -1.050231e+00 
 1.447936e+01 -1.044300e+00 
 1.447968e+01 -1.037292e+00 
 1.448000e+01 -1.030925e+00 
 1.448033e+01 -1.027059e+00 
 1.448065e+01 -1.009287e+00 
 1.448097e+01 -1.010332e+00 
 1.448130e+01 -1.016110e+00 
 1.448162e+01 -1.023410e+00 
 1.448194e+01 -1.030567e+00 
 1.448227e+01 -1.036589e+00 
 1.448259e+01 -1.041008e+00 
 1.448291e+01 -1.043542e+00 
 1.448323e+01 -1.044164e+00 
 1.448356e+01 -1.045139e+00 
 1.448388e+01 -1.047587e+00 
 1.448420e+01 -1.047095e+00 
 1.448453e+01 -1.054615e+00 
 1.448485e+01 -1.063013e+00 
 1.448517e+01 -1.078896e+00 
 1.448550e+01 -1.099733e+00 
 1.448582e+01 -1.122326e+00 
 1.448614e+01 -1.144731e+00 
 1.448646e+01 -1.165301e+00 
 1.448679e+01 -1.179952e+00 
 1.448711e+01 -1.190997e+00 
 1.448743e+01 -1.199466e+00 
 1.448776e+01 -1.207516e+00 
 1.448808e+01 -1.215572e+00 
 1.448840e+01 -1.223313e+00 
 1.448873e+01 -1.231997e+00 
 1.448905e+01 -1.242413e+00 
 1.448937e+01 -1.254378e+00 
 1.448969e+01 -1.267248e+00 
 1.449002e+01 -1.280129e+00 
 1.449034e+01 -1.285445e+00 
 1.449066e+01 -1.292844e+00 
 1.449099e+01 -1.297487e+00 
 1.449131e+01 -1.300459e+00 
 1.449163e+01 -1.302831e+00 
 1.449196e+01 -1.304713e+00 
 1.449228e+01 -1.307326e+00 
 1.449260e+01 -1.310374e+00 
 1.449292e+01 -1.314953e+00 
 1.449325e+01 -1.322038e+00 
 1.449357e+01 -1.330865e+00 
 1.449389e+01 -1.340387e+00 
 1.449422e+01 -1.349744e+00 
 1.449454e+01 -1.357443e+00 
 1.449486e+01 -1.361933e+00 
 1.449518e+01 -1.363747e+00 
 1.449551e+01 -1.362079e+00 
 1.449583e+01 -1.359051e+00 
 1.449615e+01 -1.356642e+00 
 1.449648e+01 -1.355232e+00 
 1.449680e+01 -1.354581e+00 
 1.449712e+01 -1.354916e+00 
 1.449745e+01 -1.356781e+00 
 1.449777e+01 -1.360278e+00 
 1.449809e+01 -1.362955e+00 
 1.449841e+01 -1.363407e+00 
 1.449874e+01 -1.361293e+00 
 1.449906e+01 -1.356928e+00 
 1.449938e+01 -1.350911e+00 
 1.449971e+01 -1.344339e+00 
 1.450003e+01 -1.337687e+00 
 1.450035e+01 -1.330715e+00 
 1.450068e+01 -1.324142e+00 
 1.450100e+01 -1.319731e+00 
 1.450132e+01 -1.317198e+00 
 1.450164e+01 -1.316811e+00 
 1.450197e+01 -1.318321e+00 
 1.450229e+01 -1.320189e+00 
 1.450261e+01 -1.321617e+00 
 1.450294e+01 -1.321918e+00 
 1.450326e+01 -1.320285e+00 
 1.450358e+01 -1.317086e+00 
 1.450391e+01 -1.312841e+00 
 1.450423e+01 -1.308046e+00 
 1.450455e+01 -1.302306e+00 
 1.450487e+01 -1.296610e+00 
 1.450520e+01 -1.291569e+00 
 1.450552e+01 -1.287682e+00 
 1.450584e+01 -1.285177e+00 
 1.450617e+01 -1.283479e+00 
 1.450649e+01 -1.282305e+00 
 1.450681e+01 -1.280593e+00 
 1.450714e+01 -1.277235e+00 
 1.450746e+01 -1.272126e+00 
 1.450778e+01 -1.264481e+00 
 1.450810e+01 -1.254747e+00 
 1.450843e+01 -1.243887e+00 
 1.450875e+01 -1.230870e+00 
 1.450907e+01 -1.220198e+00 
 1.450940e+01 -1.210941e+00 
 1.450972e+01 -1.203937e+00 
 1.451004e+01 -1.199275e+00 
 1.451037e+01 -1.191183e+00 
 1.451069e+01 -1.189293e+00 
 1.451101e+01 -1.186747e+00 
 1.451133e+01 -1.182783e+00 
 1.451166e+01 -1.178129e+00 
 1.451198e+01 -1.172548e+00 
 1.451230e+01 -1.166387e+00 
 1.451263e+01 -1.160153e+00 
 1.451295e+01 -1.154590e+00 
 1.451327e+01 -1.149921e+00 
 1.451360e+01 -1.146515e+00 
 1.451392e+01 -1.144957e+00 
 1.451424e+01 -1.144457e+00 
 1.451456e+01 -1.144972e+00 
 1.451489e+01 -1.146052e+00 
 1.451521e+01 -1.146728e+00 
 1.451553e+01 -1.146212e+00 
 1.451586e+01 -1.144661e+00 
 1.451618e+01 -1.141572e+00 
 1.451650e+01 -1.137507e+00 
 1.451683e+01 -1.133219e+00 
 1.451715e+01 -1.129508e+00 
 1.451747e+01 -1.124998e+00 
 1.451779e+01 -1.120714e+00 
 1.451812e+01 -1.118576e+00 
 1.451844e+01 -1.117389e+00 
 1.451876e+01 -1.116637e+00 
 1.451909e+01 -1.115781e+00 
 1.451941e+01 -1.114424e+00 
 1.451973e+01 -1.112465e+00 
 1.452006e+01 -1.109602e+00 
 1.452038e+01 -1.105670e+00 
 1.452070e+01 -1.099957e+00 
 1.452102e+01 -1.092599e+00 
 1.452135e+01 -1.084496e+00 
 1.452167e+01 -1.077663e+00 
 1.452199e+01 -1.072636e+00 
 1.452232e+01 -1.068808e+00 
 1.452264e+01 -1.065389e+00 
 1.452296e+01 -1.061646e+00 
 1.452329e+01 -1.056837e+00 
 1.452361e+01 -1.051093e+00 
 1.452393e+01 -1.043686e+00 
 1.452425e+01 -1.034730e+00 
 1.452458e+01 -1.024928e+00 
 1.452490e+01 -1.014840e+00 
 1.452522e+01 -1.004935e+00 
 1.452555e+01 -9.962984e-01 
 1.452587e+01 -9.893765e-01 
 1.452619e+01 -9.833234e-01 
 1.452652e+01 -9.783950e-01 
 1.452684e+01 -9.750100e-01 
 1.452716e+01 -9.720457e-01 
 1.452748e+01 -9.693028e-01 
 1.452781e+01 -9.664947e-01 
 1.452813e+01 -9.638261e-01 
 1.452845e+01 -9.618947e-01 
 1.452878e+01 -9.607060e-01 
 1.452910e+01 -9.604017e-01 
 1.452942e+01 -9.611804e-01 
 1.452974e+01 -9.633641e-01 
 1.453007e+01 -9.676851e-01 
 1.453039e+01 -9.735857e-01 
 1.453071e+01 -9.802714e-01 
 1.453104e+01 -9.873380e-01 
 1.453136e+01 -9.877039e-01 
 1.453168e+01 -9.931148e-01 
 1.453201e+01 -9.985613e-01 
 1.453233e+01 -1.004498e+00 
 1.453265e+01 -1.010734e+00 
 1.453297e+01 -1.017148e+00 
 1.453330e+01 -1.024344e+00 
 1.453362e+01 -1.031801e+00 
 1.453394e+01 -1.040280e+00 
 1.453427e+01 -1.050052e+00 
 1.453459e+01 -1.060885e+00 
 1.453491e+01 -1.072529e+00 
 1.453524e+01 -1.084561e+00 
 1.453556e+01 -1.096388e+00 
 1.453588e+01 -1.107589e+00 
 1.453620e+01 -1.116776e+00 
 1.453653e+01 -1.124652e+00 
 1.453685e+01 -1.132459e+00 
 1.453717e+01 -1.141202e+00 
 1.453750e+01 -1.150878e+00 
 1.453782e+01 -1.161465e+00 
 1.453814e+01 -1.172730e+00 
 1.453847e+01 -1.184520e+00 
 1.453879e+01 -1.196206e+00 
 1.453911e+01 -1.207921e+00 
 1.453943e+01 -1.218602e+00 
 1.453976e+01 -1.229045e+00 
 1.454008e+01 -1.238158e+00 
 1.454040e+01 -1.245951e+00 
 1.454073e+01 -1.252980e+00 
 1.454105e+01 -1.257343e+00 
 1.454137e+01 -1.259538e+00 
 1.454170e+01 -1.261697e+00 
 1.454202e+01 -1.264604e+00 
 1.454234e+01 -1.268804e+00 
 1.454266e+01 -1.273746e+00 
 1.454299e+01 -1.280485e+00 
 1.454331e+01 -1.280550e+00 
 1.454363e+01 -1.284599e+00 
 1.454396e+01 -1.287669e+00 
 1.454428e+01 -1.289907e+00 
 1.454460e+01 -1.291426e+00 
 1.454493e+01 -1.292090e+00 
 1.454525e+01 -1.292142e+00 
 1.454557e+01 -1.292642e+00 
 1.454589e+01 -1.293866e+00 
 1.454622e+01 -1.295695e+00 
 1.454654e+01 -1.297405e+00 
 1.454686e+01 -1.299258e+00 
 1.454719e+01 -1.301586e+00 
 1.454751e+01 -1.304399e+00 
 1.454783e+01 -1.307175e+00 
 1.454816e+01 -1.309124e+00 
 1.454848e+01 -1.309884e+00 
 1.454880e+01 -1.309417e+00 
 1.454912e+01 -1.307768e+00 
 1.454945e+01 -1.307177e+00 
 1.454977e+01 -1.305802e+00 
 1.455009e+01 -1.304343e+00 
 1.455042e+01 -1.303798e+00 
 1.455074e+01 -1.304596e+00 
 1.455106e+01 -1.305952e+00 
 1.455139e+01 -1.307484e+00 
 1.455171e+01 -1.307937e+00 
 1.455203e+01 -1.307240e+00 
 1.455235e+01 -1.305512e+00 
 1.455268e+01 -1.302985e+00 
 1.455300e+01 -1.299194e+00 
 1.455332e+01 -1.229832e+00 
 1.455365e+01 -1.222269e+00 
 1.455397e+01 -1.214571e+00 
 1.455429e+01 -1.207473e+00 
 1.455462e+01 -1.201532e+00 
 1.455494e+01 -1.196775e+00 
 1.455526e+01 -1.192502e+00 
 1.455558e+01 -1.188138e+00 
 1.455591e+01 -1.183389e+00 
 1.455623e+01 -1.176935e+00 
 1.455655e+01 -1.163315e+00 
 1.455688e+01 -1.153224e+00 
 1.455720e+01 -1.142278e+00 
 1.455752e+01 -1.131160e+00 
 1.455785e+01 -1.120547e+00 
 1.455817e+01 -1.110947e+00 
 1.455849e+01 -1.102673e+00 
 1.455881e+01 -1.095747e+00 
 1.455914e+01 -1.090402e+00 
 1.455946e+01 -1.085767e+00 
 1.455978e+01 -1.081478e+00 
 1.456011e+01 -1.076658e+00 
 1.456043e+01 -1.071278e+00 
 1.456075e+01 -1.000921e+00 
 1.456108e+01 -9.910190e-01 
 1.456140e+01 -9.810520e-01 
 1.456172e+01 -9.694203e-01 
 1.456204e+01 -9.580484e-01 
 1.456237e+01 -9.510321e-01 
 1.456269e+01 -9.502069e-01 
 1.456301e+01 -9.560473e-01 
 1.456334e+01 -9.670016e-01 
 1.456366e+01 -9.804340e-01 
 1.456398e+01 -9.929483e-01 
 1.456430e+01 -1.002671e+00 
 1.456463e+01 -1.009670e+00 
 1.456495e+01 -1.013315e+00 
 1.456527e+01 -1.013598e+00 
 1.456560e+01 -1.012440e+00 
 1.456592e+01 -1.011092e+00 
 1.456624e+01 -1.011386e+00 
 1.456657e+01 -1.014258e+00 
 1.456689e+01 -1.020854e+00 
 1.456721e+01 -1.030418e+00 
 1.456753e+01 -1.038908e+00 
 1.456786e+01 -1.046593e+00 
 1.456818e+01 -1.054842e+00 
 1.456850e+01 -1.059280e+00 
 1.456883e+01 -1.059746e+00 
 1.456915e+01 -1.056229e+00 
 1.456947e+01 -1.050227e+00 
 1.456980e+01 -1.042872e+00 
 1.457012e+01 -1.036067e+00 
 1.457044e+01 -1.031360e+00 
 1.457076e+01 -1.029131e+00 
 1.457109e+01 -1.030412e+00 
 1.457141e+01 -1.034879e+00 
 1.457173e+01 -1.040556e+00 
 1.457206e+01 -1.045961e+00 
 1.457238e+01 -1.049092e+00 
 1.457270e+01 -1.049437e+00 
 1.457303e+01 -1.046727e+00 
 1.457335e+01 -1.041419e+00 
 1.457367e+01 -1.034485e+00 
 1.457399e+01 -1.026900e+00 
 1.457432e+01 -1.020031e+00 
 1.457464e+01 -1.015009e+00 
 1.457496e+01 -1.012957e+00 
 1.457529e+01 -1.014610e+00 
 1.457561e+01 -1.018166e+00 
 1.457593e+01 -1.023124e+00 
 1.457626e+01 -1.027292e+00 
 1.457658e+01 -1.029051e+00 
 1.457690e+01 -1.031807e+00 
 1.457722e+01 -1.031333e+00 
 1.457755e+01 -1.027793e+00 
 1.457787e+01 -1.022210e+00 
 1.457819e+01 -1.015997e+00 
 1.457852e+01 -1.011206e+00 
 1.457884e+01 -1.008245e+00 
 1.457916e+01 -1.007482e+00 
 1.457949e+01 -1.009011e+00 
 1.457981e+01 -1.012669e+00 
 1.458013e+01 -1.018369e+00 
 1.458045e+01 -1.025464e+00 
 1.458078e+01 -1.032759e+00 
 1.458110e+01 -1.039951e+00 
 1.458142e+01 -1.046216e+00 
 1.458175e+01 -1.050248e+00 
 1.458207e+01 -1.050709e+00 
 1.458239e+01 -1.049412e+00 
 1.458272e+01 -1.049123e+00 
 1.458304e+01 -1.051509e+00 
 1.458336e+01 -1.056971e+00 
 1.458368e+01 -1.064304e+00 
 1.458401e+01 -1.071621e+00 
 1.458433e+01 -1.078444e+00 
 1.458465e+01 -1.085294e+00 
 1.458498e+01 -1.092883e+00 
 1.458530e+01 -1.100037e+00 
 1.458562e+01 -1.105948e+00 
 1.458595e+01 -1.109797e+00 
 1.458627e+01 -1.113242e+00 
 1.458659e+01 -1.093900e+00 
 1.458691e+01 -1.099974e+00 
 1.458724e+01 -1.106639e+00 
 1.458756e+01 -1.113566e+00 
 1.458788e+01 -1.119971e+00 
 1.458821e+01 -1.127349e+00 
 1.458853e+01 -1.135794e+00 
 1.458885e+01 -1.145616e+00 
 1.458918e+01 -1.156279e+00 
 1.458950e+01 -1.166860e+00 
 1.458982e+01 -1.176058e+00 
 1.459014e+01 -1.183064e+00 
 1.459047e+01 -1.187863e+00 
 1.459079e+01 -1.191565e+00 
 1.459111e+01 -1.196255e+00 
 1.459144e+01 -1.203019e+00 
 1.459176e+01 -1.211147e+00 
 1.459208e+01 -1.220566e+00 
 1.459241e+01 -1.230466e+00 
 1.459273e+01 -1.240036e+00 
 1.459305e+01 -1.250755e+00 
 1.459337e+01 -1.265499e+00 
 1.459370e+01 -1.279237e+00 
 1.459402e+01 -1.291440e+00 
 1.459434e+01 -1.296927e+00 
 1.459467e+01 -1.298339e+00 
 1.459499e+01 -1.297786e+00 
 1.459531e+01 -1.297452e+00 
 1.459564e+01 -1.298350e+00 
 1.459596e+01 -1.301020e+00 
 1.459628e+01 -1.305995e+00 
 1.459660e+01 -1.312062e+00 
 1.459693e+01 -1.317383e+00 
 1.459725e+01 -1.320509e+00 
 1.459757e+01 -1.321200e+00 
 1.459790e+01 -1.319689e+00 
 1.459822e+01 -1.315433e+00 
 1.459854e+01 -1.309973e+00 
 1.459887e+01 -1.304697e+00 
 1.459919e+01 -1.300258e+00 
 1.459951e+01 -1.296451e+00 
 1.459983e+01 -1.293057e+00 
 1.460016e+01 -1.290474e+00 
 1.460048e+01 -1.288003e+00 
 1.460080e+01 -1.284793e+00 
 1.460113e+01 -1.280520e+00 
 1.460145e+01 -1.274864e+00 
 1.460177e+01 -1.267029e+00 
 1.460209e+01 -1.256523e+00 
 1.460242e+01 -1.220452e+00 
 1.460274e+01 -1.183102e+00 
 1.460306e+01 -1.168681e+00 
 1.460339e+01 -1.155499e+00 
 1.460371e+01 -1.144256e+00 
 1.460403e+01 -1.134625e+00 
 1.460436e+01 -1.121450e+00 
 1.460468e+01 -1.113950e+00 
 1.460500e+01 -1.106831e+00 
 1.460532e+01 -1.099950e+00 
 1.460565e+01 -1.092709e+00 
 1.460597e+01 -1.084366e+00 
 1.460629e+01 -1.074753e+00 
 1.460662e+01 -1.064125e+00 
 1.460694e+01 -1.053109e+00 
 1.460726e+01 -1.042647e+00 
 1.460759e+01 -1.033826e+00 
 1.460791e+01 -1.026472e+00 
 1.460823e+01 -1.021251e+00 
 1.460855e+01 -1.018178e+00 
 1.460888e+01 -1.019861e+00 
 1.460920e+01 -1.027341e+00 
 1.460952e+01 -1.034676e+00 
 1.460985e+01 -1.035651e+00 
 1.461017e+01 -1.030544e+00 
 1.461049e+01 -1.022275e+00 
 1.461082e+01 -1.011936e+00 
 1.461114e+01 -1.001453e+00 
 1.461146e+01 -9.938952e-01 
 1.461178e+01 -9.922823e-01 
 1.461211e+01 -9.990980e-01 
 1.461243e+01 -1.009213e+00 
 1.461275e+01 -1.017306e+00 
 1.461308e+01 -9.968893e-01 
 1.461340e+01 -9.982007e-01 
 1.461372e+01 -9.984329e-01 
 1.461405e+01 -9.998994e-01 
 1.461437e+01 -1.000107e+00 
 1.461469e+01 -9.760970e-01 
 1.461501e+01 -9.769820e-01 
 1.461534e+01 -9.795135e-01 
 1.461566e+01 -9.834838e-01 
 1.461598e+01 -9.894104e-01 
 1.461631e+01 -9.942613e-01 
 1.461663e+01 -1.004912e+00 
 1.461695e+01 -9.939131e-01 
 1.461728e+01 -1.006438e+00 
 1.461760e+01 -1.018205e+00 
 1.461792e+01 -1.028465e+00 
 1.461824e+01 -1.038804e+00 
 1.461857e+01 -1.035136e+00 
 1.461889e+01 -1.048532e+00 
 1.461921e+01 -1.061896e+00 
 1.461954e+01 -1.068888e+00 
 1.461986e+01 -1.076854e+00 
 1.462018e+01 -1.086137e+00 
 1.462051e+01 -1.091788e+00 
 1.462083e+01 -1.104520e+00 
 1.462115e+01 -1.117113e+00 
 1.462147e+01 -1.111253e+00 
 1.462180e+01 -1.121039e+00 
 1.462212e+01 -1.082052e+00 
 1.462244e+01 -1.085132e+00 
 1.462277e+01 -1.085567e+00 
 1.462309e+01 -1.084212e+00 
 1.462341e+01 -1.077006e+00 
 1.462374e+01 -1.074377e+00 
 1.462406e+01 -1.076782e+00 
 1.462438e+01 -1.082184e+00 
 1.462470e+01 -1.088876e+00 
 1.462503e+01 -1.095494e+00 
 1.462535e+01 -1.101959e+00 
 1.462567e+01 -1.108003e+00 
 1.462600e+01 -1.112873e+00 
 1.462632e+01 -1.116059e+00 
 1.462664e+01 -1.117378e+00 
 1.462697e+01 -1.117595e+00 
 1.462729e+01 -1.117751e+00 
 1.462761e+01 -1.117398e+00 
 1.462793e+01 -1.117234e+00 
 1.462826e+01 -1.116828e+00 
 1.462858e+01 -1.116837e+00 
 1.462890e+01 -1.117933e+00 
 1.462923e+01 -1.120652e+00 
 1.462955e+01 -1.124770e+00 
 1.462987e+01 -1.129010e+00 
 1.463020e+01 -1.132211e+00 
 1.463052e+01 -1.133471e+00 
 1.463084e+01 -1.133351e+00 
 1.463116e+01 -1.132925e+00 
 1.463149e+01 -1.132905e+00 
 1.463181e+01 -1.134174e+00 
 1.463213e+01 -1.137649e+00 
 1.463246e+01 -1.143110e+00 
 1.463278e+01 -1.148945e+00 
 1.463310e+01 -1.154111e+00 
 1.463343e+01 -1.158994e+00 
 1.463375e+01 -1.158320e+00 
 1.463407e+01 -1.162824e+00 
 1.463439e+01 -1.167871e+00 
 1.463472e+01 -1.173254e+00 
 1.463504e+01 -1.177687e+00 
 1.463536e+01 -1.180381e+00 
 1.463569e+01 -1.182131e+00 
 1.463601e+01 -1.183085e+00 
 1.463633e+01 -1.183104e+00 
 1.463665e+01 -1.186185e+00 
 1.463698e+01 -1.189741e+00 
 1.463730e+01 -1.189289e+00 
 1.463762e+01 -1.193597e+00 
 1.463795e+01 -1.200905e+00 
 1.463827e+01 -1.208653e+00 
 1.463859e+01 -1.216137e+00 
 1.463892e+01 -1.219865e+00 
 1.463924e+01 -1.224297e+00 
 1.463956e+01 -1.227189e+00 
 1.463988e+01 -1.229740e+00 
 1.464021e+01 -1.233172e+00 
 1.464053e+01 -1.238383e+00 
 1.464085e+01 -1.245056e+00 
 1.464118e+01 -1.253556e+00 
 1.464150e+01 -1.263360e+00 
 1.464182e+01 -1.273517e+00 
 1.464215e+01 -1.283137e+00 
 1.464247e+01 -1.291808e+00 
 1.464279e+01 -1.299537e+00 
 1.464311e+01 -1.306101e+00 
 1.464344e+01 -1.311239e+00 
 1.464376e+01 -1.316387e+00 
 1.464408e+01 -1.323664e+00 
 1.464441e+01 -1.331830e+00 
 1.464473e+01 -1.340818e+00 
 1.464505e+01 -1.349377e+00 
 1.464538e+01 -1.356474e+00 
 1.464570e+01 -1.361965e+00 
 1.464602e+01 -1.365673e+00 
 1.464634e+01 -1.302683e+00 
 1.464667e+01 -1.302092e+00 
 1.464699e+01 -1.300015e+00 
 1.464731e+01 -1.296159e+00 
 1.464764e+01 -1.290763e+00 
 1.464796e+01 -1.238526e+00 
 1.464828e+01 -1.230717e+00 
 1.464861e+01 -1.223197e+00 
 1.464893e+01 -1.216241e+00 
 1.464925e+01 -1.209616e+00 
 1.464957e+01 -1.202057e+00 
 1.464990e+01 -1.198088e+00 
 1.465022e+01 -1.196111e+00 
 1.465054e+01 -1.194894e+00 
 1.465087e+01 -1.192706e+00 
 1.465119e+01 -1.188470e+00 
 1.465151e+01 -1.181897e+00 
 1.465184e+01 -1.173995e+00 
 1.465216e+01 -1.166530e+00 
 1.465248e+01 -1.159679e+00 
 1.465280e+01 -1.151556e+00 
 1.465313e+01 -1.139841e+00 
 1.465345e+01 -1.135290e+00 
 1.465377e+01 -1.131626e+00 
 1.465410e+01 -1.129065e+00 
 1.465442e+01 -1.125448e+00 
 1.465474e+01 -1.117205e+00 
 1.465507e+01 -1.113562e+00 
 1.465539e+01 -1.109349e+00 
 1.465571e+01 -1.101945e+00 
 1.465603e+01 -1.097593e+00 
 1.465636e+01 -1.091085e+00 
 1.465668e+01 -1.086684e+00 
 1.465700e+01 -1.081872e+00 
 1.465733e+01 -1.078211e+00 
 1.465765e+01 -1.076478e+00 
 1.465797e+01 -1.075751e+00 
 1.465830e+01 -1.075923e+00 
 1.465862e+01 -1.077170e+00 
 1.465894e+01 -1.078389e+00 
 1.465926e+01 -1.078229e+00 
 1.465959e+01 -1.076185e+00 
 1.465991e+01 -1.073759e+00 
 1.466023e+01 -1.071175e+00 
 1.466056e+01 -1.068559e+00 
 1.466088e+01 -1.065826e+00 
 1.466120e+01 -1.061944e+00 
 1.466153e+01 -1.058522e+00 
 1.466185e+01 -1.055226e+00 
 1.466217e+01 -1.052871e+00 
 1.466249e+01 -1.052260e+00 
 1.466282e+01 -1.052797e+00 
 1.466314e+01 -1.054203e+00 
 1.466346e+01 -1.055225e+00 
 1.466379e+01 -1.055751e+00 
 1.466411e+01 -1.055754e+00 
 1.466443e+01 -1.055605e+00 
 1.466476e+01 -1.054802e+00 
 1.466508e+01 -1.053789e+00 
 1.466540e+01 -1.052687e+00 
 1.466572e+01 -1.052252e+00 
 1.466605e+01 -1.052283e+00 
 1.466637e+01 -1.053126e+00 
 1.466669e+01 -1.056033e+00 
 1.466702e+01 -1.061324e+00 
 1.466734e+01 -1.068047e+00 
 1.466766e+01 -1.074791e+00 
 1.466799e+01 -1.080748e+00 
 1.466831e+01 -1.085682e+00 
 1.466863e+01 -1.089463e+00 
 1.466895e+01 -1.090032e+00 
 1.466928e+01 -1.096459e+00 
 1.466960e+01 -1.103020e+00 
 1.466992e+01 -1.110053e+00 
 1.467025e+01 -1.117628e+00 
 1.467057e+01 -1.125713e+00 
 1.467089e+01 -1.133407e+00 
 1.467122e+01 -1.138647e+00 
 1.467154e+01 -1.141486e+00 
 1.467186e+01 -1.143155e+00 
 1.467218e+01 -1.144627e+00 
 1.467251e+01 -1.145820e+00 
 1.467283e+01 -1.147264e+00 
 1.467315e+01 -1.149222e+00 
 1.467348e+01 -1.150408e+00 
 1.467380e+01 -1.154623e+00 
 1.467412e+01 -1.160074e+00 
 1.467444e+01 -1.166021e+00 
 1.467477e+01 -1.172271e+00 
 1.467509e+01 -1.177995e+00 
 1.467541e+01 -1.182939e+00 
 1.467574e+01 -1.187204e+00 
 1.467606e+01 -1.144175e+00 
 1.467638e+01 -1.144667e+00 
 1.467671e+01 -1.144226e+00 
 1.467703e+01 -1.143192e+00 
 1.467735e+01 -1.141902e+00 
 1.467767e+01 -1.141260e+00 
 1.467800e+01 -1.142402e+00 
 1.467832e+01 -1.146199e+00 
 1.467864e+01 -1.151912e+00 
 1.467897e+01 -1.157577e+00 
 1.467929e+01 -1.161496e+00 
 1.467961e+01 -1.162631e+00 
 1.467994e+01 -1.160448e+00 
 1.468026e+01 -1.156390e+00 
 1.468058e+01 -1.151702e+00 
 1.468090e+01 -1.146463e+00 
 1.468123e+01 -1.141080e+00 
 1.468155e+01 -1.137080e+00 
 1.468187e+01 -1.135387e+00 
 1.468220e+01 -1.136460e+00 
 1.468252e+01 -1.139749e+00 
 1.468284e+01 -1.144247e+00 
 1.468317e+01 -1.147909e+00 
 1.468349e+01 -1.150143e+00 
 1.468381e+01 -1.084960e+00 
 1.468413e+01 -1.079862e+00 
 1.468446e+01 -1.071324e+00 
 1.468478e+01 -1.062995e+00 
 1.468510e+01 -1.058476e+00 
 1.468543e+01 -1.057888e+00 
 1.468575e+01 -1.063086e+00 
 1.468607e+01 -1.073540e+00 
 1.468640e+01 -1.087660e+00 
 1.468672e+01 -1.103959e+00 
 1.468704e+01 -1.121321e+00 
 1.468736e+01 -1.137723e+00 
 1.468769e+01 -1.150428e+00 
 1.468801e+01 -1.157792e+00 
 1.468833e+01 -1.158524e+00 
 1.468866e+01 -1.155050e+00 
 1.468898e+01 -1.149000e+00 
 1.468930e+01 -1.142941e+00 
 1.468963e+01 -1.141654e+00 
 1.468995e+01 -1.138149e+00 
 1.469027e+01 -1.141244e+00 
 1.469059e+01 -1.146108e+00 
 1.469092e+01 -1.151710e+00 
 1.469124e+01 -1.156254e+00 
 1.469156e+01 -1.159058e+00 
 1.469189e+01 -1.159612e+00 
 1.469221e+01 -1.156269e+00 
 1.469253e+01 -1.149876e+00 
 1.469286e+01 -1.142428e+00 
 1.469318e+01 -1.135062e+00 
 1.469350e+01 -1.128081e+00 
 1.469382e+01 -1.123126e+00 
 1.469415e+01 -1.119928e+00 
 1.469447e+01 -1.113281e+00 
 1.469479e+01 -1.090389e+00 
 1.469512e+01 -1.090394e+00 
 1.469544e+01 -1.066495e+00 
 1.469576e+01 -1.063791e+00 
 1.469609e+01 -1.056734e+00 
 1.469641e+01 -1.049558e+00 
 1.469673e+01 -1.042007e+00 
 1.469705e+01 -1.035808e+00 
 1.469738e+01 -1.030846e+00 
 1.469770e+01 -1.028318e+00 
 1.469802e+01 -1.029087e+00 
 1.469835e+01 -1.032861e+00 
 1.469867e+01 -1.039486e+00 
 1.469899e+01 -1.047555e+00 
 1.469932e+01 -1.020387e+00 
 1.469964e+01 -1.024454e+00 
 1.469996e+01 -1.022226e+00 
 1.470028e+01 -1.016426e+00 
 1.470061e+01 -1.008251e+00 
 1.470093e+01 -9.997450e-01 
 1.470125e+01 -9.930641e-01 
 1.470158e+01 -9.896053e-01 
 1.470190e+01 -9.890138e-01 
 1.470222e+01 -9.908871e-01 
 1.470255e+01 -9.942104e-01 
 1.470287e+01 -9.978737e-01 
 1.470319e+01 -1.001613e+00 
 1.470351e+01 -1.004300e+00 
 1.470384e+01 -1.004574e+00 
 1.470416e+01 -1.001904e+00 
 1.470448e+01 -9.966767e-01 
 1.470481e+01 -9.891785e-01 
 1.470513e+01 -9.809231e-01 
 1.470545e+01 -9.742401e-01 
 1.470578e+01 -9.699919e-01 
 1.470610e+01 -9.672545e-01 
 1.470642e+01 -9.661724e-01 
 1.470674e+01 -9.659297e-01 
 1.470707e+01 -9.654938e-01 
 1.470739e+01 -9.419293e-01 
 1.470771e+01 -9.424872e-01 
 1.470804e+01 -9.426155e-01 
 1.470836e+01 -9.404553e-01 
 1.470868e+01 -9.358020e-01 
 1.470901e+01 -9.299110e-01 
 1.470933e+01 -9.245680e-01 
 1.470965e+01 -9.244370e-01 
 1.470997e+01 -9.272969e-01 
 1.471030e+01 -9.327820e-01 
 1.471062e+01 -9.401567e-01 
 1.471094e+01 -9.490411e-01 
 1.471127e+01 -9.590396e-01 
 1.471159e+01 -9.694184e-01 
 1.471191e+01 -9.779451e-01 
 1.471223e+01 -9.862626e-01 
 1.471256e+01 -9.934933e-01 
 1.471288e+01 -9.989744e-01 
 1.471320e+01 -1.002482e+00 
 1.471353e+01 -1.004828e+00 
 1.471385e+01 -1.006868e+00 
 1.471417e+01 -1.010444e+00 
 1.471450e+01 -1.018116e+00 
 1.471482e+01 -1.029570e+00 
 1.471514e+01 -1.029221e+00 
 1.471546e+01 -1.036382e+00 
 1.471579e+01 -1.041955e+00 
 1.471611e+01 -1.044771e+00 
 1.471643e+01 -1.044984e+00 
 1.471676e+01 -1.044653e+00 
 1.471708e+01 -1.043500e+00 
 1.471740e+01 -1.041543e+00 
 1.471773e+01 -1.038810e+00 
 1.471805e+01 -1.035930e+00 
 1.471837e+01 -1.034022e+00 
 1.471869e+01 -1.034244e+00 
 1.471902e+01 -1.036810e+00 
 1.471934e+01 -1.040430e+00 
 1.471966e+01 -1.043554e+00 
 1.471999e+01 -1.043594e+00 
 1.472031e+01 -9.946646e-01 
 1.472063e+01 -9.937214e-01 
 1.472096e+01 -9.923529e-01 
 1.472128e+01 -9.921998e-01 
 1.472160e+01 -9.925838e-01 
 1.472192e+01 -9.932426e-01 
 1.472225e+01 -9.952625e-01 
 1.472257e+01 -1.001013e+00 
 1.472289e+01 -1.014150e+00 
 1.472322e+01 -1.029881e+00 
 1.472354e+01 -1.047686e+00 
 1.472386e+01 -1.065017e+00 
 1.472419e+01 -1.075070e+00 
 1.472451e+01 -1.082716e+00 
 1.472483e+01 -1.088629e+00 
 1.472515e+01 -1.092027e+00 
 1.472548e+01 -1.092722e+00 
 1.472580e+01 -1.091811e+00 
 1.472612e+01 -1.091367e+00 
 1.472645e+01 -1.092764e+00 
 1.472677e+01 -1.095593e+00 
 1.472709e+01 -1.100225e+00 
 1.472742e+01 -1.103322e+00 
 1.472774e+01 -1.109443e+00 
 1.472806e+01 -1.115232e+00 
 1.472838e+01 -1.119322e+00 
 1.472871e+01 -1.120328e+00 
 1.472903e+01 -1.117791e+00 
 1.472935e+01 -1.112532e+00 
 1.472968e+01 -1.106571e+00 
 1.473000e+01 -1.101838e+00 
 1.473032e+01 -1.099851e+00 
 1.473065e+01 -1.101341e+00 
 1.473097e+01 -1.105376e+00 
 1.473129e+01 -1.111080e+00 
 1.473161e+01 -1.117077e+00 
 1.473194e+01 -1.120617e+00 
 1.473226e+01 -1.121398e+00 
 1.473258e+01 -1.118920e+00 
 1.473291e+01 -1.113038e+00 
 1.473323e+01 -1.103834e+00 
 1.473355e+01 -1.092296e+00 
 1.473388e+01 -1.079521e+00 
 1.473420e+01 -1.068343e+00 
 1.473452e+01 -1.059891e+00 
 1.473484e+01 -1.050414e+00 
 1.473517e+01 -1.049634e+00 
 1.473549e+01 -1.051797e+00 
 1.473581e+01 -1.055307e+00 
 1.473614e+01 -1.058727e+00 
 1.473646e+01 -1.060322e+00 
 1.473678e+01 -1.059259e+00 
 1.473711e+01 -1.055323e+00 
 1.473743e+01 -1.049756e+00 
 1.473775e+01 -1.043359e+00 
 1.473807e+01 -1.037221e+00 
 1.473840e+01 -1.032342e+00 
 1.473872e+01 -1.029794e+00 
 1.473904e+01 -1.030496e+00 
 1.473937e+01 -1.034840e+00 
 1.473969e+01 -1.042362e+00 
 1.474001e+01 -1.051780e+00 
 1.474034e+01 -1.060352e+00 
 1.474066e+01 -1.066005e+00 
 1.474098e+01 -1.067928e+00 
 1.474130e+01 -1.043424e+00 
 1.474163e+01 -1.038704e+00 
 1.474195e+01 -1.034789e+00 
 1.474227e+01 -1.022347e+00 
 1.474260e+01 -1.002497e+00 
 1.474292e+01 -1.002845e+00 
 1.474324e+01 -1.003460e+00 
 1.474356e+01 -1.006394e+00 
 1.474389e+01 -1.010543e+00 
 1.474421e+01 -1.015529e+00 
 1.474453e+01 -1.020518e+00 
 1.474486e+01 -1.024030e+00 
 1.474518e+01 -1.024763e+00 
 1.474550e+01 -1.021450e+00 
 1.474583e+01 -1.014699e+00 
 1.474615e+01 -1.006540e+00 
 1.474647e+01 -9.999834e-01 
 1.474679e+01 -1.001221e+00 
 1.474712e+01 -1.010606e+00 
 1.474744e+01 -1.022883e+00 
 1.474776e+01 -1.037750e+00 
 1.474809e+01 -1.045839e+00 
 1.474841e+01 -1.053517e+00 
 1.474873e+01 -1.060194e+00 
 1.474906e+01 -1.063691e+00 
 1.474938e+01 -1.062617e+00 
 1.474970e+01 -1.057066e+00 
 1.475002e+01 -1.048411e+00 
 1.475035e+01 -1.038899e+00 
 1.475067e+01 -1.030697e+00 
 1.475099e+01 -1.024751e+00 
 1.475132e+01 -1.020938e+00 
 1.475164e+01 -1.019727e+00 
 1.475196e+01 -1.020593e+00 
 1.475229e+01 -1.023343e+00 
 1.475261e+01 -1.026852e+00 
 1.475293e+01 -1.030009e+00 
 1.475325e+01 -9.869037e-01 
 1.475358e+01 -9.874517e-01 
 1.475390e+01 -9.850642e-01 
 1.475422e+01 -9.807776e-01 
 1.475455e+01 -9.768072e-01 
 1.475487e+01 -9.751295e-01 
 1.475519e+01 -9.767030e-01 
 1.475552e+01 -9.780876e-01 
 1.475584e+01 -9.860089e-01 
 1.475616e+01 -9.955480e-01 
 1.475648e+01 -1.005666e+00 
 1.475681e+01 -1.015802e+00 
 1.475713e+01 -1.025953e+00 
 1.475745e+01 -1.033249e+00 
 1.475778e+01 -1.038944e+00 
 1.475810e+01 -1.046916e+00 
 1.475842e+01 -1.055661e+00 
 1.475875e+01 -1.064189e+00 
 1.475907e+01 -1.072313e+00 
 1.475939e+01 -1.077740e+00 
 1.475971e+01 -1.090332e+00 
 1.476004e+01 -1.105172e+00 
 1.476036e+01 -1.120383e+00 
 1.476068e+01 -1.127784e+00 
 1.476101e+01 -1.131611e+00 
 1.476133e+01 -1.124757e+00 
 1.476165e+01 -1.118747e+00 
 1.476198e+01 -1.109997e+00 
 1.476230e+01 -1.100270e+00 
 1.476262e+01 -1.090731e+00 
 1.476294e+01 -1.082666e+00 
 1.476327e+01 -1.077818e+00 
 1.476359e+01 -1.076296e+00 
 1.476391e+01 -1.059490e+00 
 1.476424e+01 -1.063019e+00 
 1.476456e+01 -1.067833e+00 
 1.476488e+01 -1.071908e+00 
 1.476521e+01 -1.073322e+00 
 1.476553e+01 -1.071860e+00 
 1.476585e+01 -1.053557e+00 
 1.476617e+01 -1.050763e+00 
 1.476650e+01 -1.046489e+00 
 1.476682e+01 -1.042905e+00 
 1.476714e+01 -1.041091e+00 
 1.476747e+01 -1.041054e+00 
 1.476779e+01 -1.043069e+00 
 1.476811e+01 -1.047598e+00 
 1.476844e+01 -1.054457e+00 
 1.476876e+01 -1.059013e+00 
 1.476908e+01 -1.068469e+00 
 1.476940e+01 -1.076618e+00 
 1.476973e+01 -1.088228e+00 
 1.477005e+01 -1.096412e+00 
 1.477037e+01 -1.101350e+00 
 1.477070e+01 -1.101858e+00 
 1.477102e+01 -1.108407e+00 
 1.477134e+01 -1.117072e+00 
 1.477167e+01 -1.120166e+00 
 1.477199e+01 -1.126891e+00 
 1.477231e+01 -1.136765e+00 
 1.477263e+01 -1.149277e+00 
 1.477296e+01 -1.163860e+00 
 1.477328e+01 -1.178688e+00 
 1.477360e+01 -1.191389e+00 
 1.477393e+01 -1.139469e+00 
 1.477425e+01 -1.142246e+00 
 1.477457e+01 -1.141741e+00 
 1.477490e+01 -1.088039e+00 
 1.477522e+01 -1.066054e+00 
 1.477554e+01 -1.045973e+00 
 1.477586e+01 -1.045749e+00 
 1.477619e+01 -1.047080e+00 
 1.477651e+01 -1.047332e+00 
 1.477683e+01 -1.051444e+00 
 1.477716e+01 -1.056234e+00 
 1.477748e+01 -1.060420e+00 
 1.477780e+01 -1.062486e+00 
 1.477813e+01 -1.061641e+00 
 1.477845e+01 -1.057372e+00 
 1.477877e+01 -1.049932e+00 
 1.477909e+01 -1.040578e+00 
 1.477942e+01 -1.031252e+00 
 1.477974e+01 -1.022508e+00 
 1.478006e+01 -1.015108e+00 
 1.478039e+01 -1.010935e+00 
 1.478071e+01 -1.011020e+00 
 1.478103e+01 -1.015278e+00 
 1.478135e+01 -1.022081e+00 
 1.478168e+01 -1.028880e+00 
 1.478200e+01 -1.034065e+00 
 1.478232e+01 -1.035732e+00 
 1.478265e+01 -1.034797e+00 
 1.478297e+01 -1.033256e+00 
 1.478329e+01 -1.032303e+00 
 1.478362e+01 -1.030910e+00 
 1.478394e+01 -1.030569e+00 
 1.478426e+01 -1.031502e+00 
 1.478458e+01 -1.043349e+00 
 1.478491e+01 -1.060596e+00 
 1.478523e+01 -1.080220e+00 
 1.478555e+01 -1.092502e+00 
 1.478588e+01 -1.098232e+00 
 1.478620e+01 -1.101467e+00 
 1.478652e+01 -1.102445e+00 
 1.478685e+01 -1.101019e+00 
 1.478717e+01 -1.096900e+00 
 1.478749e+01 -1.093260e+00 
 1.478781e+01 -1.095136e+00 
 1.478814e+01 -1.100331e+00 
 1.478846e+01 -1.105531e+00 
 1.478878e+01 -1.083868e+00 
 1.478911e+01 -1.060605e+00 
 1.478943e+01 -1.063797e+00 
 1.478975e+01 -1.056017e+00 
 1.479008e+01 -1.052561e+00 
 1.479040e+01 -1.030853e+00 
 1.479072e+01 -1.031848e+00 
 1.479104e+01 -1.033057e+00 
 1.479137e+01 -1.030089e+00 
 1.479169e+01 -1.028467e+00 
 1.479201e+01 -1.029162e+00 
 1.479234e+01 -1.032172e+00 
 1.479266e+01 -1.019274e+00 
 1.479298e+01 -1.008363e+00 
 1.479331e+01 -1.016393e+00 
 1.479363e+01 -1.023203e+00 
 1.479395e+01 -1.026220e+00 
 1.479427e+01 -1.027922e+00 
 1.479460e+01 -1.030774e+00 
 1.479492e+01 -1.031398e+00 
 1.479524e+01 -1.027594e+00 
 1.479557e+01 -1.019866e+00 
 1.479589e+01 -1.014011e+00 
 1.479621e+01 -1.010783e+00 
 1.479654e+01 -9.912828e-01 
 1.479686e+01 -1.000676e+00 
 1.479718e+01 -1.013324e+00 
 1.479750e+01 -1.023852e+00 
 1.479783e+01 -1.027099e+00 
 1.479815e+01 -1.025785e+00 
 1.479847e+01 -1.022450e+00 
 1.479880e+01 -1.021488e+00 
 1.479912e+01 -1.021717e+00 
 1.479944e+01 -1.029326e+00 
 1.479977e+01 -1.037730e+00 
 1.480009e+01 -1.047082e+00 
 1.480041e+01 -1.055089e+00 
 1.480073e+01 -1.061479e+00 
 1.480106e+01 -1.070150e+00 
 1.480138e+01 -1.084608e+00 
 1.480170e+01 -1.103788e+00 
 1.480203e+01 -1.116033e+00 
 1.480235e+01 -1.126793e+00 
 1.480267e+01 -1.131604e+00 
 1.480300e+01 -1.111496e+00 
 1.480332e+01 -1.113249e+00 
 1.480364e+01 -1.113993e+00 
 1.480396e+01 -1.113310e+00 
 1.480429e+01 -1.116352e+00 
 1.480461e+01 -1.123790e+00 
 1.480493e+01 -1.133640e+00 
 1.480526e+01 -1.147221e+00 
 1.480558e+01 -1.134447e+00 
 1.480590e+01 -1.145038e+00 
 1.480623e+01 -1.154796e+00 
 1.480655e+01 -1.140071e+00 
 1.480687e+01 -1.154583e+00 
 1.480719e+01 -1.169551e+00 
 1.480752e+01 -1.179788e+00 
 1.480784e+01 -1.183628e+00 
 1.480816e+01 -1.187083e+00 
 1.480849e+01 -1.191879e+00 
 1.480881e+01 -1.174329e+00 
 1.480913e+01 -1.182264e+00 
 1.480946e+01 -1.192023e+00 
 1.480978e+01 -1.202363e+00 
 1.481010e+01 -1.212377e+00 
 1.481042e+01 -1.225561e+00 
 1.481075e+01 -1.236913e+00 
 1.481107e+01 -1.230200e+00 
 1.481139e+01 -1.247725e+00 
 1.481172e+01 -1.261793e+00 
 1.481204e+01 -1.269328e+00 
 1.481236e+01 -1.274130e+00 
 1.481269e+01 -1.216162e+00 
 1.481301e+01 -1.216898e+00 
 1.481333e+01 -1.216796e+00 
 1.481365e+01 -1.215388e+00 
 1.481398e+01 -1.211583e+00 
 1.481430e+01 -1.206539e+00 
 1.481462e+01 -1.201207e+00 
 1.481495e+01 -1.173949e+00 
 1.481527e+01 -1.148458e+00 
 1.481559e+01 -1.147350e+00 
 1.481591e+01 -1.141931e+00 
 1.481624e+01 -1.117515e+00 
 1.481656e+01 -1.116708e+00 
 1.481688e+01 -1.113660e+00 
 1.481721e+01 -1.113104e+00 
 1.481753e+01 -1.112932e+00 
 1.481785e+01 -1.113175e+00 
 1.481818e+01 -1.113840e+00 
 1.481850e+01 -1.115542e+00 
 1.481882e+01 -1.126084e+00 
 1.481914e+01 -1.140535e+00 
 1.481947e+01 -1.110673e+00 
 1.481979e+01 -1.121293e+00 
 1.482011e+01 -1.127584e+00 
 1.482044e+01 -1.131924e+00 
 1.482076e+01 -1.107498e+00 
 1.482108e+01 -1.106236e+00 
 1.482141e+01 -1.105300e+00 
 1.482173e+01 -1.105687e+00 
 1.482205e+01 -1.107619e+00 
 1.482237e+01 -1.111265e+00 
 1.482270e+01 -1.114826e+00 
 1.482302e+01 -1.115784e+00 
 1.482334e+01 -1.114424e+00 
 1.482367e+01 -1.111718e+00 
 1.482399e+01 -1.107469e+00 
 1.482431e+01 -1.101068e+00 
 1.482464e+01 -1.092158e+00 
 1.482496e+01 -1.088056e+00 
 1.482528e+01 -1.083662e+00 
 1.482560e+01 -1.086567e+00 
 1.482593e+01 -1.091917e+00 
 1.482625e+01 -1.096707e+00 
 1.482657e+01 -1.100009e+00 
 1.482690e+01 -1.101527e+00 
 1.482722e+01 -1.102559e+00 
 1.482754e+01 -1.103333e+00 
 1.482787e+01 -1.080313e+00 
 1.482819e+01 -1.079785e+00 
 1.482851e+01 -1.078663e+00 
 1.482883e+01 -1.076753e+00 
 1.482916e+01 -1.075228e+00 
 1.482948e+01 -1.075131e+00 
 1.482980e+01 -1.078132e+00 
 1.483013e+01 -1.084221e+00 
 1.483045e+01 -1.091994e+00 
 1.483077e+01 -1.098034e+00 
 1.483110e+01 -1.100918e+00 
 1.483142e+01 -1.101146e+00 
 1.483174e+01 -1.099860e+00 
 1.483206e+01 -1.097543e+00 
 1.483239e+01 -1.093895e+00 
 1.483271e+01 -1.087368e+00 
 1.483303e+01 -1.078660e+00 
 1.483336e+01 -1.067705e+00 
 1.483368e+01 -1.067212e+00 
 1.483400e+01 -1.072913e+00 
 1.483433e+01 -1.082653e+00 
 1.483465e+01 -1.089010e+00 
 1.483497e+01 -1.094947e+00 
 1.483529e+01 -1.099880e+00 
 1.483562e+01 -1.102324e+00 
 1.483594e+01 -1.101031e+00 
 1.483626e+01 -1.096062e+00 
 1.483659e+01 -1.089164e+00 
 1.483691e+01 -1.082650e+00 
 1.483723e+01 -1.076857e+00 
 1.483756e+01 -1.072314e+00 
 1.483788e+01 -1.069597e+00 
 1.483820e+01 -1.068914e+00 
 1.483852e+01 -1.069699e+00 
 1.483885e+01 -1.071484e+00 
 1.483917e+01 -1.073835e+00 
 1.483949e+01 -1.075114e+00 
 1.483982e+01 -1.073433e+00 
 1.484014e+01 -1.068878e+00 
 1.484046e+01 -1.061512e+00 
 1.484079e+01 -1.053286e+00 
 1.484111e+01 -1.045634e+00 
 1.484143e+01 -1.040047e+00 
 1.484175e+01 -1.036115e+00 
 1.484208e+01 -1.033141e+00 
 1.484240e+01 -1.007480e+00 
 1.484272e+01 -1.005981e+00 
 1.484305e+01 -9.815522e-01 
 1.484337e+01 -9.819317e-01 
 1.484369e+01 -9.824952e-01 
 1.484402e+01 -9.828879e-01 
 1.484434e+01 -9.826789e-01 
 1.484466e+01 -9.815695e-01 
 1.484498e+01 -9.799369e-01 
 1.484531e+01 -9.816792e-01 
 1.484563e+01 -9.925315e-01 
 1.484595e+01 -1.005123e+00 
 1.484628e+01 -1.014512e+00 
 1.484660e+01 -1.019937e+00 
 1.484692e+01 -1.024142e+00 
 1.484725e+01 -1.027792e+00 
 1.484757e+01 -1.032365e+00 
 1.484789e+01 -1.038586e+00 
 1.484821e+01 -1.046367e+00 
 1.484854e+01 -1.056181e+00 
 1.484886e+01 -1.064494e+00 
 1.484918e+01 -1.071697e+00 
 1.484951e+01 -1.076932e+00 
 1.484983e+01 -1.082481e+00 
 1.485015e+01 -1.089139e+00 
 1.485047e+01 -1.097865e+00 
 1.485080e+01 -1.114357e+00 
 1.485112e+01 -1.129557e+00 
 1.485144e+01 -1.142026e+00 
 1.485177e+01 -1.148871e+00 
 1.485209e+01 -1.156236e+00 
 1.485241e+01 -1.164980e+00 
 1.485274e+01 -1.178598e+00 
 1.485306e+01 -1.196165e+00 
 1.485338e+01 -1.220967e+00 
 1.485370e+01 -1.237921e+00 
 1.485403e+01 -1.254555e+00 
 1.485435e+01 -1.215565e+00 
 1.485467e+01 -1.224130e+00 
 1.485500e+01 -1.230554e+00 
 1.485532e+01 -1.233802e+00 
 1.485564e+01 -1.208965e+00 
 1.485597e+01 -1.204109e+00 
 1.485629e+01 -1.198475e+00 
 1.485661e+01 -1.193552e+00 
 1.485693e+01 -1.189671e+00 
 1.485726e+01 -1.186785e+00 
 1.485758e+01 -1.185903e+00 
 1.485790e+01 -1.186936e+00 
 1.485823e+01 -1.165110e+00 
 1.485855e+01 -1.167967e+00 
 1.485887e+01 -1.170451e+00 
 1.485920e+01 -1.171791e+00 
 1.485952e+01 -1.171678e+00 
 1.485984e+01 -1.169588e+00 
 1.486016e+01 -1.167904e+00 
 1.486049e+01 -1.171919e+00 
 1.486081e+01 -1.176031e+00 
 1.486113e+01 -1.179328e+00 
 1.486146e+01 -1.177418e+00 
 1.486178e+01 -1.171453e+00 
 1.486210e+01 -1.170796e+00 
 1.486243e+01 -1.169241e+00 
 1.486275e+01 -1.167527e+00 
 1.486307e+01 -1.165994e+00 
 1.486339e+01 -1.164780e+00 
 1.486372e+01 -1.159296e+00 
 1.486404e+01 -1.156448e+00 
 1.486436e+01 -1.146869e+00 
 1.486469e+01 -1.141086e+00 
 1.486501e+01 -1.134604e+00 
 1.486533e+01 -1.129995e+00 
 1.486566e+01 -1.126758e+00 
 1.486598e+01 -1.124236e+00 
 1.486630e+01 -1.121727e+00 
 1.486662e+01 -1.119253e+00 
 1.486695e+01 -1.117039e+00 
 1.486727e+01 -1.115055e+00 
 1.486759e+01 -1.112649e+00 
 1.486792e+01 -1.110078e+00 
 1.486824e+01 -1.107972e+00 
 1.486856e+01 -1.105983e+00 
 1.486889e+01 -1.103028e+00 
 1.486921e+01 -1.098666e+00 
 1.486953e+01 -1.094278e+00 
 1.486985e+01 -1.099624e+00 
 1.487018e+01 -1.106850e+00 
 1.487050e+01 -1.110329e+00 
 1.487082e+01 -1.112502e+00 
 1.487115e+01 -1.115957e+00 
 1.487147e+01 -1.118756e+00 
 1.487179e+01 -1.120506e+00 
 1.487212e+01 -1.121952e+00 
 1.487244e+01 -1.122470e+00 
 1.487276e+01 -1.096280e+00 
 1.487308e+01 -1.092205e+00 
 1.487341e+01 -1.087384e+00 
 1.487373e+01 -1.083131e+00 
 1.487405e+01 -1.080487e+00 
 1.487438e+01 -1.079731e+00 
 1.487470e+01 -1.080073e+00 
 1.487502e+01 -1.080478e+00 
 1.487535e+01 -1.080576e+00 
 1.487567e+01 -1.080119e+00 
 1.487599e+01 -1.078378e+00 
 1.487631e+01 -1.077125e+00 
 1.487664e+01 -1.071594e+00 
 1.487696e+01 -1.072427e+00 
 1.487728e+01 -1.073859e+00 
 1.487761e+01 -1.075433e+00 
 1.487793e+01 -1.059437e+00 
 1.487825e+01 -1.063729e+00 
 1.487858e+01 -1.051203e+00 
 1.487890e+01 -1.057773e+00 
 1.487922e+01 -1.063151e+00 
 1.487954e+01 -1.064768e+00 
 1.487987e+01 -1.068251e+00 
 1.488019e+01 -1.071727e+00 
 1.488051e+01 -1.074903e+00 
 1.488084e+01 -1.077104e+00 
 1.488116e+01 -1.079390e+00 
 1.488148e+01 -1.082367e+00 
 1.488181e+01 -1.086322e+00 
 1.488213e+01 -1.091487e+00 
 1.488245e+01 -1.097233e+00 
 1.488277e+01 -1.103347e+00 
 1.488310e+01 -1.108948e+00 
 1.488342e+01 -1.113246e+00 
 1.488374e+01 -1.115805e+00 
 1.488407e+01 -1.117893e+00 
 1.488439e+01 -1.117670e+00 
 1.488471e+01 -1.114872e+00 
 1.488504e+01 -1.109226e+00 
 1.488536e+01 -1.104175e+00 
 1.488568e+01 -1.100732e+00 
 1.488600e+01 -1.100177e+00 
 1.488633e+01 -1.103178e+00 
 1.488665e+01 -1.107368e+00 
 1.488697e+01 -1.111268e+00 
 1.488730e+01 -1.114236e+00 
 1.488762e+01 -1.122526e+00 
 1.488794e+01 -1.129703e+00 
 1.488826e+01 -1.135060e+00 
 1.488859e+01 -1.133856e+00 
 1.488891e+01 -1.131582e+00 
 1.488923e+01 -1.128812e+00 
 1.488956e+01 -1.126108e+00 
 1.488988e+01 -1.124021e+00 
 1.489020e+01 -1.123098e+00 
 1.489053e+01 -1.105183e+00 
 1.489085e+01 -1.107205e+00 
 1.489117e+01 -1.110789e+00 
 1.489149e+01 -1.114144e+00 
 1.489182e+01 -1.116058e+00 
 1.489214e+01 -1.112960e+00 
 1.489246e+01 -1.110498e+00 
 1.489279e+01 -1.101689e+00 
 1.489311e+01 -1.097171e+00 
 1.489343e+01 -1.092118e+00 
 1.489376e+01 -1.087488e+00 
 1.489408e+01 -1.084488e+00 
 1.489440e+01 -1.084305e+00 
 1.489472e+01 -1.087130e+00 
 1.489505e+01 -1.092332e+00 
 1.489537e+01 -1.098462e+00 
 1.489569e+01 -1.105063e+00 
 1.489602e+01 -1.112416e+00 
 1.489634e+01 -1.120428e+00 
 1.489666e+01 -1.127632e+00 
 1.489699e+01 -1.133635e+00 
 1.489731e+01 -1.136505e+00 
 1.489763e+01 -1.139932e+00 
 1.489795e+01 -1.142121e+00 
 1.489828e+01 -1.143853e+00 
 1.489860e+01 -1.146105e+00 
 1.489892e+01 -1.149718e+00 
 1.489925e+01 -1.155456e+00 
 1.489957e+01 -1.163323e+00 
 1.489989e+01 -1.172820e+00 
 1.490022e+01 -1.183389e+00 
 1.490054e+01 -1.193483e+00 
 1.490086e+01 -1.202051e+00 
 1.490118e+01 -1.209137e+00 
 1.490151e+01 -1.214600e+00 
 1.490183e+01 -1.217825e+00 
 1.490215e+01 -1.219055e+00 
 1.490248e+01 -1.219504e+00 
 1.490280e+01 -1.220488e+00 
 1.490312e+01 -1.222302e+00 
 1.490345e+01 -1.224909e+00 
 1.490377e+01 -1.228134e+00 
 1.490409e+01 -1.231873e+00 
 1.490441e+01 -1.236535e+00 
 1.490474e+01 -1.241910e+00 
 1.490506e+01 -1.246301e+00 
 1.490538e+01 -1.249022e+00 
 1.490571e+01 -1.248207e+00 
 1.490603e+01 -1.246507e+00 
 1.490635e+01 -1.245924e+00 
 1.490668e+01 -1.247472e+00 
 1.490700e+01 -1.250072e+00 
 1.490732e+01 -1.252539e+00 
 1.490764e+01 -1.255046e+00 
 1.490797e+01 -1.252984e+00 
 1.490829e+01 -1.256466e+00 
 1.490861e+01 -1.260414e+00 
 1.490894e+01 -1.264003e+00 
 1.490926e+01 -1.266402e+00 
 1.490958e+01 -1.267275e+00 
 1.490991e+01 -1.266152e+00 
 1.491023e+01 -1.263548e+00 
 1.491055e+01 -1.259643e+00 
 1.491087e+01 -1.255373e+00 
 1.491120e+01 -1.251697e+00 
 1.491152e+01 -1.249582e+00 
 1.491184e+01 -1.249347e+00 
 1.491217e+01 -1.249609e+00 
 1.491249e+01 -1.249214e+00 
 1.491281e+01 -1.245942e+00 
 1.491314e+01 -1.243390e+00 
 1.491346e+01 -1.240181e+00 
 1.491378e+01 -1.233881e+00 
 1.491410e+01 -1.229969e+00 
 1.491443e+01 -1.226667e+00 
 1.491475e+01 -1.224181e+00 
 1.491507e+01 -1.222908e+00 
 1.491540e+01 -1.222051e+00 
 1.491572e+01 -1.220889e+00 
 1.491604e+01 -1.218587e+00 
 1.491637e+01 -1.214979e+00 
 1.491669e+01 -1.211123e+00 
 1.491701e+01 -1.206507e+00 
 1.491733e+01 -1.200376e+00 
 1.491766e+01 -1.192612e+00 
 1.491798e+01 -1.183598e+00 
 1.491830e+01 -1.174812e+00 
 1.491863e+01 -1.167378e+00 
 1.491895e+01 -1.161896e+00 
 1.491927e+01 -1.158002e+00 
 1.491960e+01 -1.154807e+00 
 1.491992e+01 -1.152142e+00 
 1.492024e+01 -1.149741e+00 
 1.492056e+01 -1.147147e+00 
 1.492089e+01 -1.143753e+00 
 1.492121e+01 -1.138157e+00 
 1.492153e+01 -1.131084e+00 
 1.492186e+01 -1.123097e+00 
 1.492218e+01 -1.114899e+00 
 1.492250e+01 -1.106596e+00 
 1.492283e+01 -1.099633e+00 
 1.492315e+01 -1.094475e+00 
 1.492347e+01 -1.090852e+00 
 1.492379e+01 -1.088116e+00 
 1.492412e+01 -1.086025e+00 
 1.492444e+01 -1.083935e+00 
 1.492476e+01 -1.082354e+00 
 1.492509e+01 -1.081619e+00 
 1.492541e+01 -1.081435e+00 
 1.492573e+01 -1.081618e+00 
 1.492605e+01 -1.081760e+00 
 1.492638e+01 -1.081944e+00 
 1.492670e+01 -1.082997e+00 
 1.492702e+01 -1.085442e+00 
 1.492735e+01 -1.089203e+00 
 1.492767e+01 -1.092882e+00 
 1.492799e+01 -1.095828e+00 
 1.492832e+01 -1.097944e+00 
 1.492864e+01 -1.099616e+00 
 1.492896e+01 -1.101578e+00 
 1.492928e+01 -1.104029e+00 
 1.492961e+01 -1.106603e+00 
 1.492993e+01 -1.109200e+00 
 1.493025e+01 -1.111207e+00 
 1.493058e+01 -1.113794e+00 
 1.493090e+01 -1.116613e+00 
 1.493122e+01 -1.119748e+00 
 1.493155e+01 -1.122961e+00 
 1.493187e+01 -1.126394e+00 
 1.493219e+01 -1.130150e+00 
 1.493251e+01 -1.133701e+00 
 1.493284e+01 -1.136310e+00 
 1.493316e+01 -1.137919e+00 
 1.493348e+01 -1.139126e+00 
 1.493381e+01 -1.140783e+00 
 1.493413e+01 -1.142966e+00 
 1.493445e+01 -1.145675e+00 
 1.493478e+01 -1.148341e+00 
 1.493510e+01 -1.150350e+00 
 1.493542e+01 -1.151851e+00 
 1.493574e+01 -1.153023e+00 
 1.493607e+01 -1.153424e+00 
 1.493639e+01 -1.152519e+00 
 1.493671e+01 -1.150129e+00 
 1.493704e+01 -1.147683e+00 
 1.493736e+01 -1.146063e+00 
 1.493768e+01 -1.145666e+00 
 1.493801e+01 -1.146148e+00 
 1.493833e+01 -1.147230e+00 
 1.493865e+01 -1.148563e+00 
 1.493897e+01 -1.149973e+00 
 1.493930e+01 -1.151297e+00 
 1.493962e+01 -1.152360e+00 
 1.493994e+01 -1.152508e+00 
 1.494027e+01 -1.151996e+00 
 1.494059e+01 -1.151219e+00 
 1.494091e+01 -1.150349e+00 
 1.494124e+01 -1.149336e+00 
 1.494156e+01 -1.147974e+00 
 1.494188e+01 -1.146180e+00 
 1.494220e+01 -1.144526e+00 
 1.494253e+01 -1.143940e+00 
 1.494285e+01 -1.144705e+00 
 1.494317e+01 -1.146483e+00 
 1.494350e+01 -1.149124e+00 
 1.494382e+01 -1.151681e+00 
 1.494414e+01 -1.154236e+00 
 1.494447e+01 -1.157057e+00 
 1.494479e+01 -1.159996e+00 
 1.494511e+01 -1.157487e+00 
 1.494543e+01 -1.159825e+00 
 1.494576e+01 -1.161444e+00 
 1.494608e+01 -1.162758e+00 
 1.494640e+01 -1.163981e+00 
 1.494673e+01 -1.164592e+00 
 1.494705e+01 -1.165199e+00 
 1.494737e+01 -1.166755e+00 
 1.494770e+01 -1.169673e+00 
 1.494802e+01 -1.173539e+00 
 1.494834e+01 -1.177838e+00 
 1.494866e+01 -1.182651e+00 
 1.494899e+01 -1.187875e+00 
 1.494931e+01 -1.193273e+00 
 1.494963e+01 -1.198487e+00 
 1.494996e+01 -1.202520e+00 
 1.495028e+01 -1.204648e+00 
 1.495060e+01 -1.205058e+00 
 1.495093e+01 -1.204822e+00 
 1.495125e+01 -1.206338e+00 
 1.495157e+01 -1.208921e+00 
 1.495189e+01 -1.211997e+00 
 1.495222e+01 -1.215067e+00 
 1.495254e+01 -1.219279e+00 
 1.495286e+01 -1.224318e+00 
 1.495319e+01 -1.229498e+00 
 1.495351e+01 -1.233910e+00 
 1.495383e+01 -1.237068e+00 
 1.495416e+01 -1.239000e+00 
 1.495448e+01 -1.240068e+00 
 1.495480e+01 -1.240519e+00 
 1.495512e+01 -1.240546e+00 
 1.495545e+01 -1.241769e+00 
 1.495577e+01 -1.247232e+00 
 1.495609e+01 -1.254942e+00 
 1.495642e+01 -1.265290e+00 
 1.495674e+01 -1.276770e+00 
 1.495706e+01 -1.288270e+00 
 1.495739e+01 -1.299478e+00 
 1.495771e+01 -1.310552e+00 
 1.495803e+01 -1.319417e+00 
 1.495835e+01 -1.323536e+00 
 1.495868e+01 -1.325586e+00 
 1.495900e+01 -1.325358e+00 
 1.495932e+01 -1.323263e+00 
 1.495965e+01 -1.321205e+00 
 1.495997e+01 -1.319443e+00 
 1.496029e+01 -1.318420e+00 
 1.496062e+01 -1.317903e+00 
 1.496094e+01 -1.318532e+00 
 1.496126e+01 -1.321500e+00 
 1.496158e+01 -1.325533e+00 
 1.496191e+01 -1.328637e+00 
 1.496223e+01 -1.329293e+00 
 1.496255e+01 -1.327860e+00 
 1.496288e+01 -1.325393e+00 
 1.496320e+01 -1.322440e+00 
 1.496352e+01 -1.319744e+00 
 1.496384e+01 -1.298699e+00 
 1.496417e+01 -1.277963e+00 
 1.496449e+01 -1.276403e+00 
 1.496481e+01 -1.275045e+00 
 1.496514e+01 -1.268700e+00 
 1.496546e+01 -1.264564e+00 
 1.496578e+01 -1.262235e+00 
 1.496611e+01 -1.259575e+00 
 1.496643e+01 -1.256889e+00 
 1.496675e+01 -1.253980e+00 
 1.496707e+01 -1.249943e+00 
 1.496740e+01 -1.244945e+00 
 1.496772e+01 -1.240108e+00 
 1.496804e+01 -1.236037e+00 
 1.496837e+01 -1.233105e+00 
 1.496869e+01 -1.231069e+00 
 1.496901e+01 -1.229180e+00 
 1.496934e+01 -1.227344e+00 
 1.496966e+01 -1.225330e+00 
 1.496998e+01 -1.223154e+00 
 1.497030e+01 -1.220526e+00 
 1.497063e+01 -1.216754e+00 
 1.497095e+01 -1.212163e+00 
 1.497127e+01 -1.207546e+00 
 1.497160e+01 -1.204067e+00 
 1.497192e+01 -1.201385e+00 
 1.497224e+01 -1.197989e+00 
 1.497257e+01 -1.194770e+00 
 1.497289e+01 -1.192116e+00 
 1.497321e+01 -1.190480e+00 
 1.497353e+01 -1.189861e+00 
 1.497386e+01 -1.189856e+00 
 1.497418e+01 -1.190205e+00 
 1.497450e+01 -1.190464e+00 
 1.497483e+01 -1.190513e+00 
 1.497515e+01 -1.191144e+00 
 1.497547e+01 -1.192023e+00 
 1.497580e+01 -1.192451e+00 
 1.497612e+01 -1.192568e+00 
 1.497644e+01 -1.193752e+00 
 1.497676e+01 -1.196645e+00 
 1.497709e+01 -1.200121e+00 
 1.497741e+01 -1.203571e+00 
 1.497773e+01 -1.206839e+00 
 1.497806e+01 -1.209433e+00 
 1.497838e+01 -1.211220e+00 
 1.497870e+01 -1.212038e+00 
 1.497903e+01 -1.211708e+00 
 1.497935e+01 -1.210210e+00 
 1.497967e+01 -1.208113e+00 
 1.497999e+01 -1.206893e+00 
 1.498032e+01 -1.207280e+00 
 1.498064e+01 -1.209072e+00 
 1.498096e+01 -1.211882e+00 
 1.498129e+01 -1.212558e+00 
 1.498161e+01 -1.216728e+00 
 1.498193e+01 -1.221894e+00 
 1.498226e+01 -1.227247e+00 
 1.498258e+01 -1.231382e+00 
 1.498290e+01 -1.233527e+00 
 1.498322e+01 -1.232499e+00 
 1.498355e+01 -1.232280e+00 
 1.498387e+01 -1.231046e+00 
 1.498419e+01 -1.229013e+00 
 1.498452e+01 -1.225897e+00 
 1.498484e+01 -1.221911e+00 
 1.498516e+01 -1.212534e+00 
 1.498549e+01 -1.208491e+00 
 1.498581e+01 -1.204920e+00 
 1.498613e+01 -1.201406e+00 
 1.498645e+01 -1.197859e+00 
 1.498678e+01 -1.194827e+00 
 1.498710e+01 -1.192270e+00 
 1.498742e+01 -1.189143e+00 
 1.498775e+01 -1.181491e+00 
 1.498807e+01 -1.169119e+00 
 1.498839e+01 -1.160293e+00 
 1.498872e+01 -1.151247e+00 
 1.498904e+01 -1.142011e+00 
 1.498936e+01 -1.133248e+00 
 1.498968e+01 -1.124773e+00 
 1.499001e+01 -1.116741e+00 
 1.499033e+01 -1.109348e+00 
 1.499065e+01 -1.102641e+00 
 1.499098e+01 -1.096002e+00 
 1.499130e+01 -1.088944e+00 
 1.499162e+01 -1.081775e+00 
 1.499195e+01 -1.075096e+00 
 1.499227e+01 -1.069253e+00 
 1.499259e+01 -1.063921e+00 
 1.499291e+01 -1.058357e+00 
 1.499324e+01 -1.052712e+00 
 1.499356e+01 -1.047668e+00 
 1.499388e+01 -1.043887e+00 
 1.499421e+01 -1.041529e+00 
 1.499453e+01 -1.039798e+00 
 1.499485e+01 -1.037744e+00 
 1.499518e+01 -1.035237e+00 
 1.499550e+01 -1.033067e+00 
 1.499582e+01 -1.031205e+00 
 1.499614e+01 -1.028674e+00 
 1.499647e+01 -1.024787e+00 
 1.499679e+01 -1.019835e+00 
 1.499711e+01 -1.014438e+00 
 1.499744e+01 -1.009128e+00 
 1.499776e+01 -1.003869e+00 
 1.499808e+01 -9.988026e-01 
 1.499841e+01 -9.970366e-01 
 1.499873e+01 -9.910388e-01 
 1.499905e+01 -9.863425e-01 
 1.499937e+01 -9.828582e-01 
 1.499970e+01 -9.871662e-01 
 1.500002e+01 -9.843306e-01 
 1.500034e+01 -9.808927e-01 
 1.500067e+01 -9.771714e-01 
 1.500099e+01 -9.726275e-01 
 1.500131e+01 -9.661523e-01 
 1.500163e+01 -9.580910e-01 
 1.500196e+01 -9.480760e-01 
 1.500228e+01 -9.367668e-01 
 1.500260e+01 -9.253472e-01 
 1.500293e+01 -9.130957e-01 
 1.500325e+01 -8.998654e-01 
 1.500357e+01 -8.860704e-01 
 1.500390e+01 -8.726137e-01 
 1.500422e+01 -8.605818e-01 
 1.500454e+01 -8.493523e-01 
 1.500486e+01 -8.388695e-01 
 1.500519e+01 -8.281118e-01 
 1.500551e+01 -8.167591e-01 
 1.500583e+01 -8.060143e-01 
 1.500616e+01 -7.974295e-01 
 1.500648e+01 -7.885117e-01 
 1.500680e+01 -7.813913e-01 
 1.500713e+01 -7.741608e-01 
 1.500745e+01 -7.712251e-01 
 1.500777e+01 -7.691302e-01 
 1.500809e+01 -7.674200e-01 
 1.500842e+01 -7.654801e-01 
 1.500874e+01 -7.637764e-01 
 1.500906e+01 -7.625189e-01 
 1.500939e+01 -7.623308e-01 
 1.500971e+01 -7.618213e-01 
 1.501003e+01 -7.597693e-01 
 1.501036e+01 -7.556794e-01 
 1.501068e+01 -7.506686e-01 
 1.501100e+01 -7.444299e-01 
 1.501132e+01 -7.366142e-01 
 1.501165e+01 -7.277413e-01 
 1.501197e+01 -7.188856e-01 
 1.501229e+01 -7.109749e-01 
 1.501262e+01 -7.042759e-01 
 1.501294e+01 -6.991503e-01 
 1.501326e+01 -6.946981e-01 
 1.501359e+01 -6.907808e-01 
 1.501391e+01 -6.858527e-01 
 1.501423e+01 -6.803346e-01 
 1.501455e+01 -6.753721e-01 
 1.501488e+01 -6.703227e-01 
 1.501520e+01 -6.649026e-01 
 1.501552e+01 -6.595284e-01 
 1.501585e+01 -6.533363e-01 
 1.501617e+01 -6.470900e-01 
 1.501649e+01 -6.414183e-01 
 1.501682e+01 -6.355518e-01 
 1.501714e+01 -6.314650e-01 
 1.501746e+01 -6.268390e-01 
 1.501778e+01 -6.257576e-01 
 1.501811e+01 -6.241533e-01 
 1.501843e+01 -6.233458e-01 
 1.501875e+01 -6.219860e-01 
 1.501908e+01 -6.204756e-01 
 1.501940e+01 -6.184946e-01 
 1.501972e+01 -6.162098e-01 
 1.502005e+01 -6.153422e-01 
 1.502037e+01 -6.115831e-01 
 1.502069e+01 -6.093983e-01 
 1.502101e+01 -6.030833e-01 
 1.502134e+01 -5.962403e-01 
 1.502166e+01 -5.906273e-01 
 1.502198e+01 -5.851868e-01 
 1.502231e+01 -5.798922e-01 
 1.502263e+01 -5.746602e-01 
 1.502295e+01 -5.697232e-01 
 1.502328e+01 -5.681196e-01 
 1.502360e+01 -5.632117e-01 
 1.502392e+01 -5.575959e-01 
 1.502424e+01 -5.517630e-01 
 1.502457e+01 -5.456048e-01 
 1.502489e+01 -5.413536e-01 
 1.502521e+01 -5.369814e-01 
 1.502554e+01 -5.326727e-01 
 1.502586e+01 -5.279689e-01 
 1.502618e+01 -5.235480e-01 
 1.502651e+01 -5.197450e-01 
 1.502683e+01 -5.154759e-01 
 1.502715e+01 -5.111856e-01 
 1.502747e+01 -5.059547e-01 
 1.502780e+01 -5.008518e-01 
 1.502812e+01 -4.958054e-01 
 1.502844e+01 -4.905749e-01 
 1.502877e+01 -4.846100e-01 
 1.502909e+01 -4.795400e-01 
 1.502941e+01 -4.769718e-01 
 1.502974e+01 -4.717801e-01 
 1.503006e+01 -4.686136e-01 
 1.503038e+01 -4.655004e-01 
 1.503070e+01 -4.630927e-01 
 1.503103e+01 -4.618272e-01 
 1.503135e+01 -4.604930e-01 
 1.503167e+01 -4.595619e-01 
 1.503200e+01 -4.581784e-01 
 1.503232e+01 -4.561759e-01 
 1.503264e+01 -4.560352e-01 
 1.503297e+01 -4.546226e-01 
 1.503329e+01 -4.535715e-01 
 1.503361e+01 -4.525581e-01 
 1.503393e+01 -4.528311e-01 
 1.503426e+01 -4.551939e-01 
 1.503458e+01 -4.547538e-01 
 1.503490e+01 -4.568808e-01 
 1.503523e+01 -4.652299e-01 
 1.503555e+01 -4.670406e-01 
 1.503587e+01 -4.689445e-01 
 1.503619e+01 -4.701645e-01 
 1.503652e+01 -4.718512e-01 
 1.503684e+01 -4.742131e-01 
 1.503716e+01 -4.756027e-01 
 1.503749e+01 -4.781888e-01 
 1.503781e+01 -4.806787e-01 
 1.503813e+01 -4.869607e-01 
 1.503846e+01 -4.937794e-01 
 1.503878e+01 -4.998263e-01 
 1.503910e+01 -5.059712e-01 
 1.503942e+01 -5.125858e-01 
 1.503975e+01 -5.182932e-01 
 1.504007e+01 -5.219407e-01 
 1.504039e+01 -5.262243e-01 
 1.504072e+01 -5.277812e-01 
 1.504104e+01 -5.323230e-01 
 1.504136e+01 -5.366816e-01 
 1.504169e+01 -5.419452e-01 
 1.504201e+01 -5.482066e-01 
 1.504233e+01 -5.544350e-01 
 1.504265e+01 -5.606626e-01 
 1.504298e+01 -5.678604e-01 
 1.504330e+01 -5.754754e-01 
 1.504362e+01 -5.823349e-01 
 1.504395e+01 -5.861630e-01 
 1.504427e+01 -5.862614e-01 
 1.504459e+01 -5.915534e-01 
 1.504492e+01 -5.962604e-01 
 1.504524e+01 -5.930558e-01 
 1.504556e+01 -5.867559e-01 
 1.504588e+01 -5.884820e-01 
 1.504621e+01 -5.850724e-01 
 1.504653e+01 -5.857163e-01 
 1.504685e+01 -5.893391e-01 
 1.504718e+01 -5.891172e-01 
 1.504750e+01 -5.918460e-01 
 1.504782e+01 -5.953854e-01 
 1.504815e+01 -5.958012e-01 
 1.504847e+01 -6.019866e-01 
 1.504879e+01 -6.027718e-01 
 1.504911e+01 -6.053257e-01 
 1.504944e+01 -6.054985e-01 
 1.504976e+01 -6.062275e-01 
 1.505008e+01 -6.102936e-01 
 1.505041e+01 -6.124214e-01 
 1.505073e+01 -6.162572e-01 
 1.505105e+01 -6.188190e-01 
 1.505138e+01 -6.227861e-01 
 1.505170e+01 -6.245310e-01 
 1.505202e+01 -6.338800e-01 
 1.505234e+01 -6.352798e-01 
 1.505267e+01 -6.404074e-01 
 1.505299e+01 -6.416725e-01 
 1.505331e+01 -6.462227e-01 
 1.505364e+01 -6.467911e-01 
 1.505396e+01 -6.478540e-01 
 1.505428e+01 -6.483969e-01 
 1.505461e+01 -6.486761e-01 
 1.505493e+01 -6.500454e-01 
 1.505525e+01 -6.509369e-01 
 1.505557e+01 -6.529511e-01 
 1.505590e+01 -6.540424e-01 
 1.505622e+01 -6.550100e-01 
 1.505654e+01 -6.567549e-01 
 1.505687e+01 -6.602756e-01 
 1.505719e+01 -6.634804e-01 
 1.505751e+01 -6.682493e-01 
 1.505784e+01 -6.711181e-01 
 1.505816e+01 -6.744310e-01 
 1.505848e+01 -6.767530e-01 
 1.505880e+01 -6.815520e-01 
 1.505913e+01 -6.839010e-01 
 1.505945e+01 -6.882012e-01 
 1.505977e+01 -6.908298e-01 
 1.506010e+01 -6.957142e-01 
 1.506042e+01 -7.008175e-01 
 1.506074e+01 -7.067926e-01 
 1.506107e+01 -7.128175e-01 
 1.506139e+01 -7.168003e-01 
 1.506171e+01 -7.223001e-01 
 1.506203e+01 -7.285250e-01 
 1.506236e+01 -7.337872e-01 
 1.506268e+01 -7.370965e-01 
 1.506300e+01 -7.393971e-01 
 1.506333e+01 -7.404439e-01 
 1.506365e+01 -7.418572e-01 
 1.506397e+01 -7.416942e-01 
 1.506429e+01 -7.408471e-01 
 1.506462e+01 -7.375701e-01 
 1.506494e+01 -7.359893e-01 
 1.506526e+01 -7.348246e-01 
 1.506559e+01 -7.330807e-01 
 1.506591e+01 -7.301708e-01 
 1.506623e+01 -7.235517e-01 
 1.506656e+01 -7.146106e-01 
 1.506688e+01 -7.064998e-01 
 1.506720e+01 -6.992995e-01 
 1.506752e+01 -6.939549e-01 
 1.506785e+01 -6.865867e-01 
 1.506817e+01 -6.777537e-01 
 1.506849e+01 -6.700603e-01 
 1.506882e+01 -6.641044e-01 
 1.506914e+01 -6.558682e-01 
 1.506946e+01 -6.492410e-01 
 1.506979e+01 -6.410384e-01 
 1.507011e+01 -6.305632e-01 
 1.507043e+01 -6.229593e-01 
 1.507075e+01 -6.160899e-01 
 1.507108e+01 -6.064738e-01 
 1.507140e+01 -5.945149e-01 
 1.507172e+01 -5.807790e-01 
 1.507205e+01 -5.700238e-01 
 1.507237e+01 -5.686801e-01 
 1.507269e+01 -5.626157e-01 
 1.507302e+01 -5.561469e-01 
 1.507334e+01 -5.491520e-01 
 1.507366e+01 -5.430533e-01 
 1.507398e+01 -5.342376e-01 
 1.507431e+01 -5.241838e-01 
 1.507463e+01 -5.132964e-01 
 1.507495e+01 -5.059200e-01 
 1.507528e+01 -4.943219e-01 
 1.507560e+01 -4.833814e-01 
 1.507592e+01 -4.748756e-01 
 1.507625e+01 -4.633111e-01 
 1.507657e+01 -4.507559e-01 
 1.507689e+01 -4.389375e-01 
 1.507721e+01 -4.286645e-01 
 1.507754e+01 -4.191494e-01 
 1.507786e+01 -4.112406e-01 
 1.507818e+01 -4.014531e-01 
 1.507851e+01 -3.911707e-01 
 1.507883e+01 -3.823897e-01 
 1.507915e+01 -3.731018e-01 
 1.507948e+01 -3.641841e-01 
 1.507980e+01 -3.549456e-01 
 1.508012e+01 -3.446358e-01 
 1.508044e+01 -3.359600e-01 
 1.508077e+01 -3.325405e-01 
 1.508109e+01 -3.254021e-01 
 1.508141e+01 -3.150987e-01 
 1.508174e+01 -3.029496e-01 
 1.508206e+01 -2.893494e-01 
 1.508238e+01 -2.770430e-01 
 1.508271e+01 -2.641370e-01 
 1.508303e+01 -2.511960e-01 
 1.508335e+01 -2.374049e-01 
 1.508367e+01 -2.224214e-01 
 1.508400e+01 -2.081673e-01 
 1.508432e+01 -1.942737e-01 
 1.508464e+01 -1.811228e-01 
 1.508497e+01 -1.670344e-01 
 1.508529e+01 -1.524735e-01 
 1.508561e+01 -1.400151e-01 
 1.508594e+01 -1.291298e-01 
 1.508626e+01 -1.171082e-01 
 1.508658e+01 -1.019321e-01 
 1.508690e+01 -8.638953e-02 
 1.508723e+01 -7.354458e-02 
 1.508755e+01 -6.299027e-02 
 1.508787e+01 -5.313120e-02 
 1.508820e+01 -4.469814e-02 
 1.508852e+01 -3.592531e-02 
 1.508884e+01 -2.711588e-02 
 1.508917e+01 -1.511779e-02 
 1.508949e+01 -6.854353e-03 
 1.508981e+01  1.278486e-03 
 1.509013e+01  1.104210e-02 
 1.509046e+01  1.959324e-02 
 1.509078e+01  2.617285e-02 
 1.509110e+01  3.061843e-02 
 1.509143e+01  3.352538e-02 
 1.509175e+01  3.810799e-02 
 1.509207e+01  4.274119e-02 
 1.509239e+01  4.714584e-02 
 1.509272e+01  4.822172e-02 
 1.509304e+01  4.851927e-02 
 1.509336e+01  4.826842e-02 
 1.509369e+01  4.941124e-02 
 1.509401e+01  5.303476e-02 
 1.509433e+01  5.382234e-02 
 1.509466e+01  5.562766e-02 
 1.509498e+01  5.714011e-02 
 1.509530e+01  5.820351e-02 
 1.509562e+01  5.869443e-02 
 1.509595e+01  5.911726e-02 
 1.509627e+01  5.770147e-02 
 1.509659e+01  5.726627e-02 
 1.509692e+01  5.608888e-02 
 1.509724e+01  5.689990e-02 
 1.509756e+01  5.719995e-02 
 1.509789e+01  5.557231e-02 
 1.509821e+01  5.462678e-02 
 1.509853e+01  5.148358e-02 
 1.509885e+01  4.899627e-02 
 1.509918e+01  4.997213e-02 
 1.509950e+01  5.068912e-02 
 1.509982e+01  4.964169e-02 
 1.510015e+01  4.966289e-02 
 1.510047e+01  4.974237e-02 
 1.510079e+01  5.095633e-02 
 1.510112e+01  5.011741e-02 
 1.510144e+01  4.755429e-02 
 1.510176e+01  4.674991e-02 
 1.510208e+01  4.759735e-02 
 1.510241e+01  4.817622e-02 
 1.510273e+01  4.827416e-02 
 1.510305e+01  4.572661e-02 
 1.510338e+01  4.290243e-02 
 1.510370e+01  3.923664e-02 
 1.510402e+01  3.627026e-02 
 1.510435e+01  3.289110e-02 
 1.510467e+01  2.842902e-02 
 1.510499e+01  2.253120e-02 
 1.510531e+01  1.812193e-02 
 1.510564e+01  1.447969e-02 
 1.510596e+01  9.317388e-03 
 1.510628e+01  4.594051e-04 
 1.510661e+01 -6.820367e-03 
 1.510693e+01 -1.220631e-02 
 1.510725e+01 -1.542612e-02 
 1.510758e+01 -1.721644e-02 
 1.510790e+01 -1.923061e-02 
 1.510822e+01 -4.754523e-02 
 1.510854e+01 -5.035349e-02 
 1.510887e+01 -5.406698e-02 
 1.510919e+01 -5.575412e-02 
 1.510951e+01 -5.840825e-02 
 1.510984e+01 -6.247468e-02 
 1.511016e+01 -6.690309e-02 
 1.511048e+01 -6.951500e-02 
 1.511081e+01 -6.997218e-02 
 1.511113e+01 -7.049981e-02 
 1.511145e+01 -7.381142e-02 
 1.511177e+01 -7.724912e-02 
 1.511210e+01 -8.072296e-02 
 1.511242e+01 -8.350391e-02 
 1.511274e+01 -8.658594e-02 
 1.511307e+01 -9.168600e-02 
 1.511339e+01 -9.924613e-02 
 1.511371e+01 -1.068097e-01 
 1.511404e+01 -1.134362e-01 
 1.511436e+01 -1.191083e-01 
 1.511468e+01 -1.238497e-01 
 1.511500e+01 -1.282032e-01 
 1.511533e+01 -1.330577e-01 
 1.511565e+01 -1.376610e-01 
 1.511597e+01 -1.414329e-01 
 1.511630e+01 -1.477837e-01 
 1.511662e+01 -1.573655e-01 
 1.511694e+01 -1.641444e-01 
 1.511727e+01 -1.707065e-01 
 1.511759e+01 -1.758561e-01 
 1.511791e+01 -1.807926e-01 
 1.511823e+01 -1.822757e-01 
 1.511856e+01 -1.840521e-01 
 1.511888e+01 -1.847306e-01 
 1.511920e+01 -1.841784e-01 
 1.511953e+01 -1.824035e-01 
 1.511985e+01 -1.814928e-01 
 1.512017e+01 -1.812327e-01 
 1.512050e+01 -1.805526e-01 
 1.512082e+01 -1.802280e-01 
 1.512114e+01 -1.842537e-01 
 1.512146e+01 -1.870300e-01 
 1.512179e+01 -1.923639e-01 
 1.512211e+01 -1.972218e-01 
 1.512243e+01 -2.012614e-01 
 1.512276e+01 -2.042601e-01 
 1.512308e+01 -2.054550e-01 
 1.512340e+01 -2.078129e-01 
 1.512372e+01 -2.112989e-01 
 1.512405e+01 -2.145594e-01 
 1.512437e+01 -2.182727e-01 
 1.512469e+01 -2.209710e-01 
 1.512502e+01 -2.244517e-01 
 1.512534e+01 -2.283100e-01 
 1.512566e+01 -2.579245e-01 
 1.512599e+01 -2.616401e-01 
 1.512631e+01 -2.639515e-01 
 1.512663e+01 -2.654553e-01 
 1.512695e+01 -2.664691e-01 
 1.512728e+01 -2.659903e-01 
 1.512760e+01 -2.639869e-01 
 1.512792e+01 -2.604217e-01 
 1.512825e+01 -2.566391e-01 
 1.512857e+01 -2.544265e-01 
 1.512889e+01 -2.533548e-01 
 1.512922e+01 -2.534235e-01 
 1.512954e+01 -2.538980e-01 
 1.512986e+01 -2.549764e-01 
 1.513018e+01 -2.556763e-01 
 1.513051e+01 -2.569868e-01 
 1.513083e+01 -2.555977e-01 
 1.513115e+01 -2.532557e-01 
 1.513148e+01 -2.549143e-01 
 1.513180e+01 -2.540649e-01 
 1.513212e+01 -2.545322e-01 
 1.513245e+01 -2.557833e-01 
 1.513277e+01 -2.565234e-01 
 1.513309e+01 -2.570203e-01 
 1.513341e+01 -2.585131e-01 
 1.513374e+01 -2.623677e-01 
 1.513406e+01 -2.674737e-01 
 1.513438e+01 -2.686941e-01 
 1.513471e+01 -2.689378e-01 
 1.513503e+01 -2.679255e-01 
 1.513535e+01 -2.670294e-01 
 1.513568e+01 -2.659432e-01 
 1.513600e+01 -2.658446e-01 
 1.513632e+01 -3.126418e-01 
 1.513664e+01 -3.151236e-01 
 1.513697e+01 -3.182458e-01 
 1.513729e+01 -3.220483e-01 
 1.513761e+01 -3.266863e-01 
 1.513794e+01 -3.307287e-01 
 1.513826e+01 -3.325425e-01 
 1.513858e+01 -3.317074e-01 
 1.513891e+01 -3.291158e-01 
 1.513923e+01 -3.263604e-01 
 1.513955e+01 -3.849815e-01 
 1.513987e+01 -3.850808e-01 
 1.514020e+01 -3.877175e-01 
 1.514052e+01 -3.932928e-01 
 1.514084e+01 -4.013928e-01 
 1.514117e+01 -4.110235e-01 
 1.514149e+01 -4.202970e-01 
 1.514181e+01 -4.288692e-01 
 1.514214e+01 -4.351740e-01 
 1.514246e+01 -4.397747e-01 
 1.514278e+01 -4.673569e-01 
 1.514310e+01 -4.699117e-01 
 1.514343e+01 -4.723115e-01 
 1.514375e+01 -4.762643e-01 
 1.514407e+01 -4.831252e-01 
 1.514440e+01 -4.934258e-01 
 1.514472e+01 -5.052229e-01 
 1.514504e+01 -5.162348e-01 
 1.514537e+01 -5.252143e-01 
 1.514569e+01 -5.337713e-01 
 1.514601e+01 -5.409412e-01 
 1.514633e+01 -5.468945e-01 
 1.514666e+01 -5.507573e-01 
 1.514698e+01 -5.537415e-01 
 1.514730e+01 -5.560359e-01 
 1.514763e+01 -5.603896e-01 
 1.514795e+01 -5.662946e-01 
 1.514827e+01 -5.736727e-01 
 1.514860e+01 -5.810380e-01 
 1.514892e+01 -5.881687e-01 
 1.514924e+01 -5.962923e-01 
 1.514956e+01 -6.047431e-01 
 1.514989e+01 -6.119884e-01 
 1.515021e+01 -6.188673e-01 
 1.515053e+01 -6.239787e-01 
 1.515086e+01 -6.270212e-01 
 1.515118e+01 -6.306069e-01 
 1.515150e+01 -6.370680e-01 
 1.515182e+01 -6.437223e-01 
 1.515215e+01 -6.515674e-01 
 1.515247e+01 -6.615527e-01 
 1.515279e+01 -6.728803e-01 
 1.515312e+01 -6.845418e-01 
 1.515344e+01 -6.927406e-01 
 1.515376e+01 -6.994235e-01 
 1.515409e+01 -7.056491e-01 
 1.515441e+01 -7.125136e-01 
 1.515473e+01 -7.187393e-01 
 1.515505e+01 -7.244591e-01 
 1.515538e+01 -7.302466e-01 
 1.515570e+01 -7.354150e-01 
 1.515602e+01 -7.413337e-01 
 1.515635e+01 -7.494329e-01 
 1.515667e+01 -7.567617e-01 
 1.515699e+01 -7.695045e-01 
 1.515732e+01 -7.737551e-01 
 1.515764e+01 -7.824070e-01 
 1.515796e+01 -8.500403e-01 
 1.515828e+01 -8.569636e-01 
 1.515861e+01 -8.617563e-01 
 1.515893e+01 -8.643993e-01 
 1.515925e+01 -8.661539e-01 
 1.515958e+01 -8.683708e-01 
 1.515990e+01 -8.720651e-01 
 1.516022e+01 -8.754901e-01 
 1.516055e+01 -8.787091e-01 
 1.516087e+01 -8.827109e-01 
 1.516119e+01 -9.216141e-01 
 1.516151e+01 -9.277220e-01 
 1.516184e+01 -9.302070e-01 
 1.516216e+01 -9.299137e-01 
 1.516248e+01 -9.276900e-01 
 1.516281e+01 -9.248308e-01 
 1.516313e+01 -9.214738e-01 
 1.516345e+01 -9.155432e-01 
 1.516378e+01 -9.088314e-01 
 1.516410e+01 -9.121325e-01 
 1.516442e+01 -9.084574e-01 
 1.516474e+01 -9.062195e-01 
 1.516507e+01 -9.053132e-01 
 1.516539e+01 -9.023083e-01 
 1.516571e+01 -8.995581e-01 
 1.516604e+01 -8.978357e-01 
 1.516636e+01 -8.970666e-01 
 1.516668e+01 -8.950551e-01 
 1.516701e+01 -8.905647e-01 
 1.516733e+01 -8.814556e-01 
 1.516765e+01 -8.708125e-01 
 1.516797e+01 -8.600946e-01 
 1.516830e+01 -8.486361e-01 
 1.516862e+01 -8.413319e-01 
 1.516894e+01 -8.351661e-01 
 1.516927e+01 -8.308523e-01 
 1.516959e+01 -8.280446e-01 
 1.516991e+01 -8.258405e-01 
 1.517024e+01 -8.223810e-01 
 1.517056e+01 -8.162545e-01 
 1.517088e+01 -8.057790e-01 
 1.517120e+01 -7.922026e-01 
 1.517153e+01 -7.770575e-01 
 1.517185e+01 -7.613287e-01 
 1.517217e+01 -7.453980e-01 
 1.517250e+01 -7.303541e-01 
 1.517282e+01 -7.181808e-01 
 1.517314e+01 -7.073879e-01 
 1.517347e+01 -6.987554e-01 
 1.517379e+01 -6.909489e-01 
 1.517411e+01 -6.832596e-01 
 1.517443e+01 -6.739691e-01 
 1.517476e+01 -6.635198e-01 
 1.517508e+01 -6.761364e-01 
 1.517540e+01 -6.677824e-01 
 1.517573e+01 -6.538055e-01 
 1.517605e+01 -6.391069e-01 
 1.517637e+01 -6.233531e-01 
 1.517670e+01 -6.101124e-01 
 1.517702e+01 -5.996208e-01 
 1.517734e+01 -5.913781e-01 
 1.517766e+01 -5.839699e-01 
 1.517799e+01 -5.795688e-01 
 1.517831e+01 -5.733898e-01 
 1.517863e+01 -5.692795e-01 
 1.517896e+01 -5.639944e-01 
 1.517928e+01 -5.641951e-01 
 1.517960e+01 -5.470513e-01 
 1.517992e+01 -5.273647e-01 
 1.518025e+01 -5.079986e-01 
 1.518057e+01 -4.880676e-01 
 1.518089e+01 -4.670115e-01 
 1.518122e+01 -4.447374e-01 
 1.518154e+01 -4.229915e-01 
 1.518186e+01 -4.037623e-01 
 1.518219e+01 -3.869376e-01 
 1.518251e+01 -3.913214e-01 
 1.518283e+01 -4.288244e-01 
 1.518315e+01 -4.219146e-01 
 1.518348e+01 -4.154926e-01 
 1.518380e+01 -4.090961e-01 
 1.518412e+01 -4.024867e-01 
 1.518445e+01 -3.942961e-01 
 1.518477e+01 -3.844439e-01 
 1.518509e+01 -3.751461e-01 
 1.518542e+01 -3.630356e-01 
 1.518574e+01 -3.522504e-01 
 1.518606e+01 -3.431696e-01 
 1.518638e+01 -3.363138e-01 
 1.518671e+01 -3.325130e-01 
 1.518703e+01 -3.315595e-01 
 1.518735e+01 -3.307782e-01 
 1.518768e+01 -3.281331e-01 
 1.518800e+01 -3.241071e-01 
 1.518832e+01 -3.190362e-01 
 1.518865e+01 -3.127259e-01 
 1.518897e+01 -2.990817e-01 
 1.518929e+01 -2.835607e-01 
 1.518961e+01 -2.678092e-01 
 1.518994e+01 -2.520615e-01 
 1.519026e+01 -2.374177e-01 
 1.519058e+01 -2.220269e-01 
 1.519091e+01 -2.113927e-01 
 1.519123e+01 -2.000521e-01 
 1.519155e+01 -1.845763e-01 
 1.519188e+01 -1.887703e-01 
 1.519220e+01 -2.401124e-01 
 1.519252e+01 -2.324445e-01 
 1.519284e+01 -2.239072e-01 
 1.519317e+01 -2.143169e-01 
 1.519349e+01 -2.034636e-01 
 1.519381e+01 -1.930165e-01 
 1.519414e+01 -1.832997e-01 
 1.519446e+01 -1.729848e-01 
 1.519478e+01 -1.625815e-01 
 1.519511e+01 -1.561890e-01 
 1.519543e+01 -1.976560e-01 
 1.519575e+01 -1.958099e-01 
 1.519607e+01 -1.962622e-01 
 1.519640e+01 -2.049476e-01 
 1.519672e+01 -2.048393e-01 
 1.519704e+01 -2.040623e-01 
 1.519737e+01 -2.041230e-01 
 1.519769e+01 -2.053026e-01 
 1.519801e+01 -2.055024e-01 
 1.519834e+01 -2.040311e-01 
 1.519866e+01 -2.013988e-01 
 1.519898e+01 -1.945510e-01 
 1.519930e+01 -1.882280e-01 
 1.519963e+01 -1.828807e-01 
 1.519995e+01 -1.781511e-01 
 1.520027e+01 -1.740179e-01 
 1.520060e+01 -1.699575e-01 
 1.520092e+01 -1.666026e-01 
 1.520124e+01 -1.795279e-01 
 1.520157e+01 -1.783505e-01 
 1.520189e+01 -2.194272e-01 
 1.520221e+01 -2.156242e-01 
 1.520253e+01 -2.118282e-01 
 1.520286e+01 -2.082992e-01 
 1.520318e+01 -2.044102e-01 
 1.520350e+01 -2.000230e-01 
 1.520383e+01 -1.941448e-01 
 1.520415e+01 -1.912030e-01 
 1.520447e+01 -1.864054e-01 
 1.520480e+01 -2.469272e-01 
 1.520512e+01 -2.389491e-01 
 1.520544e+01 -2.321140e-01 
 1.520576e+01 -2.262669e-01 
 1.520609e+01 -2.199680e-01 
 1.520641e+01 -2.185697e-01 
 1.520673e+01 -2.183738e-01 
 1.520706e+01 -2.192133e-01 
 1.520738e+01 -2.214082e-01 
 1.520770e+01 -2.221277e-01 
 1.520803e+01 -2.226720e-01 
 1.520835e+01 -2.203881e-01 
 1.520867e+01 -2.187597e-01 
 1.520899e+01 -2.163506e-01 
 1.520932e+01 -2.146446e-01 
 1.520964e+01 -2.146313e-01 
 1.520996e+01 -2.163104e-01 
 1.521029e+01 -2.181386e-01 
 1.521061e+01 -2.205907e-01 
 1.521093e+01 -2.238558e-01 
 1.521125e+01 -2.277216e-01 
 1.521158e+01 -2.269499e-01 
 1.521190e+01 -2.245347e-01 
 1.521222e+01 -2.216013e-01 
 1.521255e+01 -2.190266e-01 
 1.521287e+01 -2.182543e-01 
 1.521319e+01 -2.191466e-01 
 1.521352e+01 -2.225441e-01 
 1.521384e+01 -2.215569e-01 
 1.521416e+01 -2.210106e-01 
 1.521448e+01 -2.166523e-01 
 1.521481e+01 -2.618783e-01 
 1.521513e+01 -2.607564e-01 
 1.521545e+01 -2.636189e-01 
 1.521578e+01 -2.652369e-01 
 1.521610e+01 -2.682147e-01 
 1.521642e+01 -2.772202e-01 
 1.521675e+01 -2.820260e-01 
 1.521707e+01 -2.863786e-01 
 1.521739e+01 -2.892810e-01 
 1.521771e+01 -2.950214e-01 
 1.521804e+01 -2.981382e-01 
 1.521836e+01 -2.994494e-01 
 1.521868e+01 -2.990049e-01 
 1.521901e+01 -2.978145e-01 
 1.521933e+01 -2.966857e-01 
 1.521965e+01 -2.966045e-01 
 1.521998e+01 -2.972617e-01 
 1.522030e+01 -2.987722e-01 
 1.522062e+01 -3.009262e-01 
 1.522094e+01 -3.036614e-01 
 1.522127e+01 -3.082109e-01 
 1.522159e+01 -3.131445e-01 
 1.522191e+01 -3.178834e-01 
 1.522224e+01 -3.223984e-01 
 1.522256e+01 -3.258393e-01 
 1.522288e+01 -3.275851e-01 
 1.522321e+01 -3.273405e-01 
 1.522353e+01 -3.249706e-01 
 1.522385e+01 -3.199194e-01 
 1.522417e+01 -3.134021e-01 
 1.522450e+01 -3.076622e-01 
 1.522482e+01 -3.026335e-01 
 1.522514e+01 -2.989590e-01 
 1.522547e+01 -2.968589e-01 
 1.522579e+01 -2.927767e-01 
 1.522611e+01 -2.914787e-01 
 1.522644e+01 -2.935647e-01 
 1.522676e+01 -2.970044e-01 
 1.522708e+01 -2.987314e-01 
 1.522740e+01 -2.972546e-01 
 1.522773e+01 -2.876396e-01 
 1.522805e+01 -2.744184e-01 
 1.522837e+01 -2.602886e-01 
 1.522870e+01 -2.470086e-01 
 1.522902e+01 -2.357597e-01 
 1.522934e+01 -2.281735e-01 
 1.522967e+01 -2.248600e-01 
 1.522999e+01 -2.250435e-01 
 1.523031e+01 -2.308731e-01 
 1.523063e+01 -2.998144e-01 
 1.523096e+01 -3.065464e-01 
 1.523128e+01 -3.106682e-01 
 1.523160e+01 -3.151181e-01 
 1.523193e+01 -3.201650e-01 
 1.523225e+01 -3.245160e-01 
 1.523257e+01 -3.264537e-01 
 1.523290e+01 -3.264671e-01 
 1.523322e+01 -3.251841e-01 
 1.523354e+01 -3.238811e-01 
 1.523386e+01 -3.232872e-01 
 1.523419e+01 -3.271421e-01 
 1.523451e+01 -3.290300e-01 
 1.523483e+01 -3.336096e-01 
 1.523516e+01 -3.413214e-01 
 1.523548e+01 -3.521024e-01 
 1.523580e+01 -3.644691e-01 
 1.523613e+01 -3.755157e-01 
 1.523645e+01 -3.832049e-01 
 1.523677e+01 -3.876610e-01 
 1.523709e+01 -3.891394e-01 
 1.523742e+01 -3.888528e-01 
 1.523774e+01 -3.870185e-01 
 1.523806e+01 -3.875834e-01 
 1.523839e+01 -3.922212e-01 
 1.523871e+01 -4.019167e-01 
 1.523903e+01 -4.156232e-01 
 1.523936e+01 -4.317117e-01 
 1.523968e+01 -4.486358e-01 
 1.524000e+01 -4.645230e-01 
 1.524032e+01 -4.769379e-01 
 1.524065e+01 -4.863778e-01 
 1.524097e+01 -4.909971e-01 
 1.524129e+01 -4.897160e-01 
 1.524162e+01 -4.906507e-01 
 1.524194e+01 -4.897531e-01 
 1.524226e+01 -4.899385e-01 
 1.524258e+01 -4.902504e-01 
 1.524291e+01 -4.919576e-01 
 1.524323e+01 -4.961131e-01 
 1.524355e+01 -5.004792e-01 
 1.524388e+01 -5.052463e-01 
 1.524420e+01 -5.114424e-01 
 1.524452e+01 -5.164334e-01 
 1.524485e+01 -5.199746e-01 
 1.524517e+01 -5.222191e-01 
 1.524549e+01 -5.229540e-01 
 1.524581e+01 -5.223502e-01 
 1.524614e+01 -5.195745e-01 
 1.524646e+01 -5.158862e-01 
 1.524678e+01 -5.134703e-01 
 1.524711e+01 -5.101238e-01 
 1.524743e+01 -5.105889e-01 
 1.524775e+01 -5.133411e-01 
 1.524808e+01 -5.160251e-01 
 1.524840e+01 -5.212593e-01 
 1.524872e+01 -5.254410e-01 
 1.524904e+01 -5.275786e-01 
 1.524937e+01 -5.270178e-01 
 1.524969e+01 -5.233688e-01 
 1.525001e+01 -5.853554e-01 
 1.525034e+01 -5.859546e-01 
 1.525066e+01 -5.870890e-01 
 1.525098e+01 -5.898204e-01 
 1.525131e+01 -5.935297e-01 
 1.525163e+01 -5.996127e-01 
 1.525195e+01 -6.094747e-01 
 1.525227e+01 -6.229833e-01 
 1.525260e+01 -6.361018e-01 
 1.525292e+01 -6.462756e-01 
 1.525324e+01 -6.550226e-01 
 1.525357e+01 -6.585899e-01 
 1.525389e+01 -6.599671e-01 
 1.525421e+01 -6.657572e-01 
 1.525454e+01 -6.715960e-01 
 1.525486e+01 -6.749106e-01 
 1.525518e+01 -6.805713e-01 
 1.525550e+01 -6.897124e-01 
 1.525583e+01 -7.012284e-01 
 1.525615e+01 -7.125121e-01 
 1.525647e+01 -7.216368e-01 
 1.525680e+01 -7.283329e-01 
 1.525712e+01 -7.311172e-01 
 1.525744e+01 -7.322531e-01 
 1.525777e+01 -7.343688e-01 
 1.525809e+01 -7.346876e-01 
 1.525841e+01 -7.357436e-01 
 1.525873e+01 -7.374323e-01 
 1.525906e+01 -7.381429e-01 
 1.525938e+01 -7.376034e-01 
 1.525970e+01 -7.358391e-01 
 1.526003e+01 -7.280735e-01 
 1.526035e+01 -7.183861e-01 
 1.526067e+01 -7.093528e-01 
 1.526100e+01 -6.995361e-01 
 1.526132e+01 -6.867866e-01 
 1.526164e+01 -6.724110e-01 
 1.526196e+01 -6.571985e-01 
 1.526229e+01 -6.415497e-01 
 1.526261e+01 -6.792861e-01 
 1.526293e+01 -6.689576e-01 
 1.526326e+01 -6.605932e-01 
 1.526358e+01 -6.518755e-01 
 1.526390e+01 -6.460154e-01 
 1.526423e+01 -6.432618e-01 
 1.526455e+01 -6.424372e-01 
 1.526487e+01 -6.422267e-01 
 1.526519e+01 -6.398257e-01 
 1.526552e+01 -6.325313e-01 
 1.526584e+01 -6.230122e-01 
 1.526616e+01 -6.142863e-01 
 1.526649e+01 -6.004660e-01 
 1.526681e+01 -5.834914e-01 
 1.526713e+01 -5.696848e-01 
 1.526746e+01 -5.601486e-01 
 1.526778e+01 -5.548908e-01 
 1.526810e+01 -5.551368e-01 
 1.526842e+01 -5.508295e-01 
 1.526875e+01 -5.716147e-01 
 1.526907e+01 -5.632842e-01 
 1.526939e+01 -5.515828e-01 
 1.526972e+01 -5.391320e-01 
 1.527004e+01 -5.258588e-01 
 1.527036e+01 -5.134619e-01 
 1.527068e+01 -5.029212e-01 
 1.527101e+01 -4.965384e-01 
 1.527133e+01 -4.877011e-01 
 1.527165e+01 -4.792552e-01 
 1.527198e+01 -4.708015e-01 
 1.527230e+01 -4.622425e-01 
 1.527262e+01 -4.532503e-01 
 1.527295e+01 -3.626410e-01 
 1.527327e+01 -3.055157e-01 
 1.527359e+01 -2.470354e-01 
 1.527391e+01 -1.881748e-01 
 1.527424e+01 -1.303801e-01 
 1.527456e+01 -9.045654e-02 
 1.527488e+01 -5.525872e-02 
 1.527521e+01 -3.045930e-02 
 1.527553e+01 -4.609967e-02 
 1.527585e+01 -6.484549e-02 
 1.527618e+01 -8.627899e-02 
 1.527650e+01 -1.085055e-01 
 1.527682e+01 -1.323014e-01 
 1.527714e+01 -1.558825e-01 
 1.527747e+01 -1.756943e-01 
 1.527779e+01 -1.890666e-01 
 1.527811e+01 -1.960176e-01 
 1.527844e+01 -2.242984e-01 
 1.527876e+01 -2.242506e-01 
 1.527908e+01 -2.227320e-01 
 1.527941e+01 -2.245487e-01 
 1.527973e+01 -2.282674e-01 
 1.528005e+01 -2.359507e-01 
 1.528037e+01 -2.474157e-01 
 1.528070e+01 -2.614906e-01 
 1.528102e+01 -2.755977e-01 
 1.528134e+01 -2.865300e-01 
 1.528167e+01 -2.904931e-01 
 1.528199e+01 -2.859825e-01 
 1.528231e+01 -2.747597e-01 
 1.528264e+01 -2.388542e-01 
 1.528296e+01 -1.988607e-01 
 1.528328e+01 -1.641054e-01 
 1.528360e+01 -1.371608e-01 
 1.528393e+01 -1.146845e-01 
 1.528425e+01 -9.936012e-02 
 1.528457e+01 -1.344012e-01 
 1.528490e+01 -1.457646e-01 
 1.528522e+01 -1.514235e-01 
 1.528554e+01 -1.470924e-01 
 1.528587e+01 -1.164815e-01 
 1.528619e+01 -6.946036e-02 
 1.528651e+01 -2.423854e-02 
 1.528683e+01  2.230743e-02 
 1.528716e+01  6.929989e-02 
 1.528748e+01  1.124002e-01 
 1.528780e+01  1.452586e-01 
 1.528813e+01  1.162333e-01 
 1.528845e+01  1.148918e-01 
 1.528877e+01  1.139569e-01 
 1.528910e+01  1.136554e-01 
 1.528942e+01  1.204100e-01 
 1.528974e+01  1.284493e-01 
 1.529006e+01  1.439612e-01 
 1.529039e+01  1.613335e-01 
 1.529071e+01  1.797797e-01 
 1.529103e+01  1.988287e-01 
 1.529136e+01  2.164844e-01 
 1.529168e+01  2.291777e-01 
 1.529200e+01  2.355366e-01 
 1.529233e+01  2.321224e-01 
 1.529265e+01  2.220129e-01 
 1.529297e+01  2.032510e-01 
 1.529329e+01  1.791869e-01 
 1.529362e+01  1.550511e-01 
 1.529394e+01  1.362224e-01 
 1.529426e+01  1.245383e-01 
 1.529459e+01  1.232340e-01 
 1.529491e+01  1.320494e-01 
 1.529523e+01  1.442553e-01 
 1.529556e+01  1.511153e-01 
 1.529588e+01  1.024585e-01 
 1.529620e+01  9.941973e-02 
 1.529652e+01  9.394186e-02 
 1.529685e+01  8.099402e-02 
 1.529717e+01  6.347184e-02 
 1.529749e+01  5.501852e-02 
 1.529782e+01  5.595657e-02 
 1.529814e+01  6.326935e-02 
 1.529846e+01  8.627617e-02 
 1.529878e+01  1.139625e-01 
 1.529911e+01  1.438433e-01 
 1.529943e+01  1.713900e-01 
 1.529975e+01  1.927106e-01 
 1.530008e+01  2.073654e-01 
 1.530040e+01  2.107793e-01 
 1.530072e+01  2.123198e-01 
 1.530105e+01  2.111906e-01 
 1.530137e+01  2.117105e-01 
 1.530169e+01  2.162125e-01 
 1.530201e+01  2.266802e-01 
 1.530234e+01  2.413138e-01 
 1.530266e+01  2.632848e-01 
 1.530298e+01  2.818356e-01 
 1.530331e+01  2.976728e-01 
 1.530363e+01  3.093186e-01 
 1.530395e+01  3.155004e-01 
 1.530428e+01  3.161735e-01 
 1.530460e+01  3.134107e-01 
 1.530492e+01  3.090861e-01 
 1.530524e+01  3.024920e-01 
 1.530557e+01  2.969702e-01 
 1.530589e+01  2.898803e-01 
 1.530621e+01  2.850516e-01 
 1.530654e+01  2.839326e-01 
 1.530686e+01  2.867201e-01 
 1.530718e+01  2.904605e-01 
 1.530751e+01  2.960858e-01 
 1.530783e+01  2.630144e-01 
 1.530815e+01  2.656161e-01 
 1.530847e+01  2.651242e-01 
 1.530880e+01  2.587726e-01 
 1.530912e+01  2.454079e-01 
 1.530944e+01  2.231090e-01 
 1.530977e+01  2.035420e-01 
 1.531009e+01  1.812928e-01 
 1.531041e+01  1.619321e-01 
 1.531074e+01  1.444408e-01 
 1.531106e+01  1.310715e-01 
 1.531138e+01  1.235837e-01 
 1.531170e+01  1.146524e-01 
 1.531203e+01  1.091134e-01 
 1.531235e+01  9.935807e-02 
 1.531267e+01  8.249025e-02 
 1.531300e+01  6.774532e-02 
 1.531332e+01  4.638571e-02 
 1.531364e+01  2.839407e-02 
 1.531397e+01  1.414430e-02 
 1.531429e+01  5.906951e-03 
 1.531461e+01  3.855577e-04 
 1.531493e+01  5.713357e-03 
 1.531526e+01  1.590175e-02 
 1.531558e+01  2.627590e-02 
 1.531590e+01  3.249407e-02 
 1.531623e+01  4.402186e-02 
 1.531655e+01  5.685343e-02 
 1.531687e+01  7.092177e-02 
 1.531720e+01  8.335192e-02 
 1.531752e+01  9.178631e-02 
 1.531784e+01  9.969095e-02 
 1.531816e+01  1.062936e-01 
 1.531849e+01  1.173742e-01 
 1.531881e+01  1.238681e-01 
 1.531913e+01  1.294393e-01 
 1.531946e+01  1.351550e-01 
 1.531978e+01  1.420429e-01 
 1.532010e+01  1.496656e-01 
 1.532043e+01  1.610622e-01 
 1.532075e+01  1.732952e-01 
 1.532107e+01  1.824609e-01 
 1.532139e+01  1.888776e-01 
 1.532172e+01  1.923521e-01 
 1.532204e+01  1.902979e-01 
 1.532236e+01  1.842098e-01 
 1.532269e+01  1.775097e-01 
 1.532301e+01  1.731685e-01 
 1.532333e+01  1.714436e-01 
 1.532366e+01  1.821510e-01 
 1.532398e+01  2.002861e-01 
 1.532430e+01  2.198007e-01 
 1.532462e+01  2.393769e-01 
 1.532495e+01  2.564766e-01 
 1.532527e+01  2.695267e-01 
 1.532559e+01  2.769415e-01 
 1.532592e+01  2.791889e-01 
 1.532624e+01  2.814107e-01 
 1.532656e+01  2.844602e-01 
 1.532689e+01  2.897354e-01 
 1.532721e+01  2.968216e-01 
 1.532753e+01  3.071173e-01 
 1.532785e+01  3.432227e-01 
 1.532818e+01  3.643412e-01 
 1.532850e+01  3.827090e-01 
 1.532882e+01  3.962532e-01 
 1.532915e+01  4.005347e-01 
 1.532947e+01  3.964116e-01 
 1.532979e+01  3.900407e-01 
 1.533011e+01  3.791353e-01 
 1.533044e+01  3.665898e-01 
 1.533076e+01  3.453375e-01 
 1.533108e+01  3.234084e-01 
 1.533141e+01  3.079677e-01 
 1.533173e+01  2.985238e-01 
 1.533205e+01  2.881774e-01 
 1.533238e+01  2.723456e-01 
 1.533270e+01  2.562619e-01 
 1.533302e+01  2.408301e-01 
 1.533334e+01  2.259236e-01 
 1.533367e+01  2.094447e-01 
 1.533399e+01  1.976177e-01 
 1.533431e+01  1.718289e-01 
 1.533464e+01  1.566573e-01 
 1.533496e+01  1.456367e-01 
 1.533528e+01  1.416610e-01 
 1.533561e+01  1.384917e-01 
 1.533593e+01  1.358321e-01 
 1.533625e+01  1.362793e-01 
 1.533657e+01  1.402999e-01 
 1.533690e+01  1.473996e-01 
 1.533722e+01  1.512752e-01 
 1.533754e+01  1.362759e-01 
 1.533787e+01  1.332044e-01 
 1.533819e+01  1.224258e-01 
 1.533851e+01  1.097688e-01 
 1.533884e+01  9.990141e-02 
 1.533916e+01  9.553621e-02 
 1.533948e+01  9.503653e-02 
 1.533980e+01  1.007840e-01 
 1.534013e+01  1.088313e-01 
 1.534045e+01  1.180945e-01 
 1.534077e+01  1.301115e-01 
 1.534110e+01  1.419988e-01 
 1.534142e+01  1.524678e-01 
 1.534174e+01  1.624551e-01 
 1.534207e+01  1.712840e-01 
 1.534239e+01  1.795205e-01 
 1.534271e+01  1.899186e-01 
 1.534303e+01  2.040945e-01 
 1.534336e+01  2.170591e-01 
 1.534368e+01  2.394384e-01 
 1.534400e+01  2.630703e-01 
 1.534433e+01  2.311359e-01 
 1.534465e+01  2.445296e-01 
 1.534497e+01  2.517952e-01 
 1.534530e+01  2.539613e-01 
 1.534562e+01  2.512083e-01 
 1.534594e+01  2.474034e-01 
 1.534626e+01  2.459462e-01 
 1.534659e+01  2.507671e-01 
 1.534691e+01  2.607427e-01 
 1.534723e+01  2.704779e-01 
 1.534756e+01  2.798138e-01 
 1.534788e+01  2.839796e-01 
 1.534820e+01  2.809985e-01 
 1.534853e+01  2.733208e-01 
 1.534885e+01  2.648037e-01 
 1.534917e+01  2.527450e-01 
 1.534949e+01  2.433227e-01 
 1.534982e+01  2.348949e-01 
 1.535014e+01  2.247883e-01 
 1.535046e+01  2.242836e-01 
 1.535079e+01  2.212350e-01 
 1.535111e+01  2.232255e-01 
 1.535143e+01  2.298186e-01 
 1.535176e+01  2.411801e-01 
 1.535208e+01  2.518303e-01 
 1.535240e+01  2.676274e-01 
 1.535272e+01  2.839043e-01 
 1.535305e+01  3.000120e-01 
 1.535337e+01  3.147960e-01 
 1.535369e+01  3.272168e-01 
 1.535402e+01  3.392945e-01 
 1.535434e+01  3.530833e-01 
 1.535466e+01  3.651792e-01 
 1.535499e+01  3.771526e-01 
 1.535531e+01  3.872600e-01 
 1.535563e+01  3.915907e-01 
 1.535595e+01  4.166453e-01 
 1.535628e+01  4.392397e-01 
 1.535660e+01  4.493994e-01 
 1.535692e+01  4.692131e-01 
 1.535725e+01  4.915820e-01 
 1.535757e+01  5.104445e-01 
 1.535789e+01  5.245348e-01 
 1.535822e+01  5.348256e-01 
 1.535854e+01  5.424424e-01 
 1.535886e+01  5.511121e-01 
 1.535918e+01  5.598999e-01 
 1.535951e+01  5.709924e-01 
 1.535983e+01  5.830011e-01 
 1.536015e+01  5.954677e-01 
 1.536048e+01  6.052255e-01 
 1.536080e+01  6.121839e-01 
 1.536112e+01  6.136624e-01 
 1.536145e+01  6.098721e-01 
 1.536177e+01  5.490276e-01 
 1.536209e+01  5.040688e-01 
 1.536241e+01  4.553208e-01 
 1.536274e+01  4.369852e-01 
 1.536306e+01  4.171372e-01 
 1.536338e+01  3.943294e-01 
 1.536371e+01  3.705456e-01 
 1.536403e+01  3.467174e-01 
 1.536435e+01  3.255780e-01 
 1.536467e+01  3.074432e-01 
 1.536500e+01  2.905401e-01 
 1.536532e+01  2.739186e-01 
 1.536564e+01  2.391977e-01 
 1.536597e+01  2.116278e-01 
 1.536629e+01  1.818966e-01 
 1.536661e+01  1.469120e-01 
 1.536694e+01  1.131428e-01 
 1.536726e+01  7.934451e-02 
 1.536758e+01  4.660523e-02 
 1.536790e+01  1.782856e-02 
 1.536823e+01 -5.421885e-03 
 1.536855e+01 -1.569472e-02 
 1.536887e+01 -1.730237e-02 
 1.536920e+01 -6.977599e-03 
 1.536952e+01  5.897673e-03 
 1.536984e+01  1.859503e-02 
 1.537017e+01  2.957421e-02 
 1.537049e+01  3.717012e-02 
 1.537081e+01  4.182767e-02 
 1.537113e+01  4.140337e-02 
 1.537146e+01  3.432326e-02 
 1.537178e+01  3.147191e-02 
 1.537210e+01  3.489822e-02 
 1.537243e+01  4.716390e-02 
 1.537275e+01  6.157488e-02 
 1.537307e+01  8.267328e-02 
 1.537340e+01  1.036191e-01 
 1.537372e+01  1.202591e-01 
 1.537404e+01  1.321084e-01 
 1.537436e+01  1.391202e-01 
 1.537469e+01  1.436901e-01 
 1.537501e+01  1.472465e-01 
 1.537533e+01  1.481657e-01 
 1.537566e+01  1.522098e-01 
 1.537598e+01  1.480413e-01 
 1.537630e+01  1.486820e-01 
 1.537663e+01  1.459337e-01 
 1.537695e+01  1.460909e-01 
 1.537727e+01  1.510233e-01 
 1.537759e+01  1.607359e-01 
 1.537792e+01  1.740526e-01 
 1.537824e+01  1.883244e-01 
 1.537856e+01  2.012918e-01 
 1.537889e+01  2.130878e-01 
 1.537921e+01  2.240695e-01 
 1.537953e+01  2.010598e-01 
 1.537986e+01  2.113240e-01 
 1.538018e+01  2.216486e-01 
 1.538050e+01  2.325469e-01 
 1.538082e+01  2.450295e-01 
 1.538115e+01  2.572070e-01 
 1.538147e+01  2.680427e-01 
 1.538179e+01  2.764269e-01 
 1.538212e+01  2.837155e-01 
 1.538244e+01  2.895209e-01 
 1.538276e+01  2.911443e-01 
 1.538309e+01  2.876356e-01 
 1.538341e+01  2.768851e-01 
 1.538373e+01  2.547085e-01 
 1.538405e+01  2.348817e-01 
 1.538438e+01  2.114533e-01 
 1.538470e+01  1.924676e-01 
 1.538502e+01  1.740502e-01 
 1.538535e+01  1.490350e-01 
 1.538567e+01  1.242211e-01 
 1.538599e+01  9.803910e-02 
 1.538632e+01  7.066510e-02 
 1.538664e+01  3.903732e-02 
 1.538696e+01  5.572789e-03 
 1.538728e+01 -2.608688e-02 
 1.538761e+01 -5.428483e-02 
 1.538793e+01 -7.727799e-02 
 1.538825e+01 -9.440249e-02 
 1.538858e+01 -1.064852e-01 
 1.538890e+01 -1.145965e-01 
 1.538922e+01 -1.203909e-01 
 1.538955e+01 -1.238386e-01 
 1.538987e+01 -1.264977e-01 
 1.539019e+01 -1.316865e-01 
 1.539051e+01 -1.416921e-01 
 1.539084e+01 -1.476461e-01 
 1.539116e+01 -1.523439e-01 
 1.539148e+01 -1.574387e-01 
 1.539181e+01 -1.634773e-01 
 1.539213e+01 -1.689963e-01 
 1.539245e+01 -1.726880e-01 
 1.539278e+01 -1.737273e-01 
 1.539310e+01 -1.724724e-01 
 1.539342e+01 -1.710537e-01 
 1.539374e+01 -1.719751e-01 
 1.539407e+01 -1.764316e-01 
 1.539439e+01 -1.833517e-01 
 1.539471e+01 -1.905506e-01 
 1.539504e+01 -1.973489e-01 
 1.539536e+01 -2.332210e-01 
 1.539568e+01 -2.399123e-01 
 1.539600e+01 -2.457573e-01 
 1.539633e+01 -2.895216e-01 
 1.539665e+01 -2.935666e-01 
 1.539697e+01 -2.968600e-01 
 1.539730e+01 -2.965127e-01 
 1.539762e+01 -2.906268e-01 
 1.539794e+01 -2.791656e-01 
 1.539827e+01 -2.631872e-01 
 1.539859e+01 -2.461090e-01 
 1.539891e+01 -2.322350e-01 
 1.539923e+01 -2.288815e-01 
 1.539956e+01 -2.230756e-01 
 1.539988e+01 -2.447646e-01 
 1.540020e+01 -2.426095e-01 
 1.540053e+01 -2.347316e-01 
 1.540085e+01 -2.246325e-01 
 1.540117e+01 -2.119798e-01 
 1.540150e+01 -2.010235e-01 
 1.540182e+01 -1.883000e-01 
 1.540214e+01 -1.711408e-01 
 1.540246e+01 -1.561992e-01 
 1.540279e+01 -1.420379e-01 
 1.540311e+01 -1.291888e-01 
 1.540343e+01 -1.544065e-01 
 1.540376e+01 -1.488858e-01 
 1.540408e+01 -1.484751e-01 
 1.540440e+01 -1.512936e-01 
 1.540473e+01 -1.549276e-01 
 1.540505e+01 -1.566660e-01 
 1.540537e+01 -1.549863e-01 
 1.540569e+01 -1.494716e-01 
 1.540602e+01 -1.397834e-01 
 1.540634e+01 -1.264420e-01 
 1.540666e+01 -1.081485e-01 
 1.540699e+01 -9.054343e-02 
 1.540731e+01 -6.923221e-02 
 1.540763e+01 -4.951958e-02 
 1.540796e+01 -3.218556e-02 
 1.540828e+01 -1.807042e-02 
 1.540860e+01 -8.688161e-03 
 1.540892e+01 -3.555287e-03 
 1.540925e+01  5.188416e-03 
 1.540957e+01  1.419275e-02 
 1.540989e+01  2.479510e-02 
 1.541022e+01  3.764175e-02 
 1.541054e+01  5.135385e-02 
 1.541086e+01  6.373988e-02 
 1.541119e+01  7.206785e-02 
 1.541151e+01  7.550698e-02 
 1.541183e+01  7.400462e-02 
 1.541215e+01  6.532956e-02 
 1.541248e+01  4.627110e-02 
 1.541280e+01  2.641053e-02 
 1.541312e+01  6.896771e-03 
 1.541345e+01 -1.059699e-02 
 1.541377e+01 -2.606651e-02 
 1.541409e+01 -4.091935e-02 
 1.541442e+01 -5.684475e-02 
 1.541474e+01 -7.441848e-02 
 1.541506e+01 -9.407231e-02 
 1.541538e+01 -1.161558e-01 
 1.541571e+01 -1.414166e-01 
 1.541603e+01 -1.701340e-01 
 1.541635e+01 -2.021669e-01 
 1.541668e+01 -2.337485e-01 
 1.541700e+01 -2.632579e-01 
 1.541732e+01 -2.887737e-01 
 1.541765e+01 -3.119045e-01 
 1.541797e+01 -3.554922e-01 
 1.541829e+01 -3.707086e-01 
 1.541861e+01 -3.820936e-01 
 1.541894e+01 -3.931447e-01 
 1.541926e+01 -4.064926e-01 
 1.541958e+01 -4.235649e-01 
 1.541991e+01 -4.420159e-01 
 1.542023e+01 -4.592714e-01 
 1.542055e+01 -4.732148e-01 
 1.542088e+01 -4.860727e-01 
 1.542120e+01 -4.944047e-01 
 1.542152e+01 -4.999775e-01 
 1.542184e+01 -5.042754e-01 
 1.542217e+01 -5.007290e-01 
 1.542249e+01 -4.931764e-01 
 1.542281e+01 -4.849399e-01 
 1.542314e+01 -4.779025e-01 
 1.542346e+01 -4.736093e-01 
 1.542378e+01 -4.711017e-01 
 1.542411e+01 -4.702180e-01 
 1.542443e+01 -4.718245e-01 
 1.542475e+01 -4.756117e-01 
 1.542507e+01 -4.788920e-01 
 1.542540e+01 -4.793907e-01 
 1.542572e+01 -4.761654e-01 
 1.542604e+01 -4.732819e-01 
 1.542637e+01 -4.672671e-01 
 1.542669e+01 -4.617677e-01 
 1.542701e+01 -4.558090e-01 
 1.542733e+01 -4.526282e-01 
 1.542766e+01 -4.527552e-01 
 1.542798e+01 -4.556266e-01 
 1.542830e+01 -4.639296e-01 
 1.542863e+01 -4.728213e-01 
 1.542895e+01 -4.835663e-01 
 1.542927e+01 -4.899225e-01 
 1.542960e+01 -4.923722e-01 
 1.542992e+01 -4.896597e-01 
 1.543024e+01 -4.816341e-01 
 1.543056e+01 -4.677709e-01 
 1.543089e+01 -4.505818e-01 
 1.543121e+01 -4.342059e-01 
 1.543153e+01 -4.198055e-01 
 1.543186e+01 -4.071613e-01 
 1.543218e+01 -3.946357e-01 
 1.543250e+01 -3.816086e-01 
 1.543283e+01 -3.685077e-01 
 1.543315e+01 -3.541934e-01 
 1.543347e+01 -3.373034e-01 
 1.543379e+01 -3.172956e-01 
 1.543412e+01 -2.937543e-01 
 1.543444e+01 -2.684721e-01 
 1.543476e+01 -2.429252e-01 
 1.543509e+01 -2.194711e-01 
 1.543541e+01 -1.978545e-01 
 1.543573e+01 -1.769559e-01 
 1.543606e+01 -1.584488e-01 
 1.543638e+01 -1.435948e-01 
 1.543670e+01 -1.342499e-01 
 1.543702e+01 -1.305300e-01 
 1.543735e+01 -1.326774e-01 
 1.543767e+01 -1.384838e-01 
 1.543799e+01 -1.428563e-01 
 1.543832e+01 -1.499053e-01 
 1.543864e+01 -1.589349e-01 
 1.543896e+01 -1.672936e-01 
 1.543929e+01 -1.781402e-01 
 1.543961e+01 -1.869786e-01 
 1.543993e+01 -1.977942e-01 
 1.544025e+01 -2.104641e-01 
 1.544058e+01 -2.243421e-01 
 1.544090e+01 -2.389561e-01 
 1.544122e+01 -2.541803e-01 
 1.544155e+01 -2.711984e-01 
 1.544187e+01 -2.889033e-01 
 1.544219e+01 -3.049145e-01 
 1.544252e+01 -3.174814e-01 
 1.544284e+01 -3.264030e-01 
 1.544316e+01 -3.321444e-01 
 1.544348e+01 -3.360935e-01 
 1.544381e+01 -3.394389e-01 
 1.544413e+01 -3.428753e-01 
 1.544445e+01 -3.465770e-01 
 1.544478e+01 -3.520016e-01 
 1.544510e+01 -3.604105e-01 
 1.544542e+01 -3.708339e-01 
 1.544575e+01 -3.805118e-01 
 1.544607e+01 -3.883344e-01 
 1.544639e+01 -3.939517e-01 
 1.544671e+01 -4.008013e-01 
 1.544704e+01 -4.070875e-01 
 1.544736e+01 -4.148385e-01 
 1.544768e+01 -4.189639e-01 
 1.544801e+01 -4.220222e-01 
 1.544833e+01 -4.256683e-01 
 1.544865e+01 -4.314350e-01 
 1.544898e+01 -4.389000e-01 
 1.544930e+01 -4.468019e-01 
 1.544962e+01 -4.535420e-01 
 1.544994e+01 -4.583184e-01 
 1.545027e+01 -4.601786e-01 
 1.545059e+01 -4.593762e-01 
 1.545091e+01 -4.541019e-01 
 1.545124e+01 -4.443551e-01 
 1.545156e+01 -4.313564e-01 
 1.545188e+01 -4.167137e-01 
 1.545221e+01 -4.013102e-01 
 1.545253e+01 -3.851012e-01 
 1.545285e+01 -3.680728e-01 
 1.545317e+01 -3.498329e-01 
 1.545350e+01 -3.321662e-01 
 1.545382e+01 -3.160747e-01 
 1.545414e+01 -3.009844e-01 
 1.545447e+01 -2.843250e-01 
 1.545479e+01 -2.634617e-01 
 1.545511e+01 -2.401750e-01 
 1.545544e+01 -2.165339e-01 
 1.545576e+01 -1.943903e-01 
 1.545608e+01 -1.732341e-01 
 1.545640e+01 -1.545136e-01 
 1.545673e+01 -1.399041e-01 
 1.545705e+01 -1.339895e-01 
 1.545737e+01 -1.304728e-01 
 1.545770e+01 -1.351913e-01 
 1.545802e+01 -1.346759e-01 
 1.545834e+01 -1.319354e-01 
 1.545866e+01 -1.263446e-01 
 1.545899e+01 -1.230891e-01 
 1.545931e+01 -1.146915e-01 
 1.545963e+01 -1.039490e-01 
 1.545996e+01 -9.254478e-02 
 1.546028e+01 -8.295570e-02 
 1.546060e+01 -7.590464e-02 
 1.546093e+01 -7.325277e-02 
 1.546125e+01 -7.087412e-02 
 1.546157e+01 -6.853797e-02 
 1.546189e+01 -6.917556e-02 
 1.546222e+01 -6.506134e-02 
 1.546254e+01 -5.958171e-02 
 1.546286e+01 -5.128420e-02 
 1.546319e+01 -3.957441e-02 
 1.546351e+01 -2.620720e-02 
 1.546383e+01 -1.172881e-02 
 1.546416e+01  3.547383e-04 
 1.546448e+01  8.330398e-03 
 1.546480e+01  1.152669e-02 
 1.546512e+01  9.708541e-03 
 1.546545e+01  2.325628e-03 
 1.546577e+01 -1.066795e-02 
 1.546609e+01 -2.756814e-02 
 1.546642e+01 -4.620015e-02 
 1.546674e+01 -6.480061e-02 
 1.546706e+01 -8.294894e-02 
 1.546739e+01 -1.018166e-01 
 1.546771e+01 -1.219820e-01 
 1.546803e+01 -1.422444e-01 
 1.546835e+01 -1.621532e-01 
 1.546868e+01 -1.825286e-01 
 1.546900e+01 -2.046172e-01 
 1.546932e+01 -2.288269e-01 
 1.546965e+01 -2.545354e-01 
 1.546997e+01 -2.802801e-01 
 1.547029e+01 -3.046703e-01 
 1.547062e+01 -3.263835e-01 
 1.547094e+01 -3.462852e-01 
 1.547126e+01 -3.650461e-01 
 1.547158e+01 -3.806973e-01 
 1.547191e+01 -3.931369e-01 
 1.547223e+01 -4.031788e-01 
 1.547255e+01 -4.122808e-01 
 1.547288e+01 -4.207129e-01 
 1.547320e+01 -4.280305e-01 
 1.547352e+01 -4.339571e-01 
 1.547385e+01 -4.387513e-01 
 1.547417e+01 -4.424522e-01 
 1.547449e+01 -4.453836e-01 
 1.547481e+01 -4.465744e-01 
 1.547514e+01 -4.451979e-01 
 1.547546e+01 -4.410001e-01 
 1.547578e+01 -4.361522e-01 
 1.547611e+01 -4.326019e-01 
 1.547643e+01 -4.313526e-01 
 1.547675e+01 -4.314088e-01 
 1.547708e+01 -4.341660e-01 
 1.547740e+01 -4.378639e-01 
 1.547772e+01 -4.428364e-01 
 1.547804e+01 -4.494828e-01 
 1.547837e+01 -4.539232e-01 
 1.547869e+01 -4.618959e-01 
 1.547901e+01 -4.630381e-01 
 1.547934e+01 -4.641448e-01 
 1.547966e+01 -4.689919e-01 
 1.547998e+01 -4.703969e-01 
 1.548031e+01 -4.714595e-01 
 1.548063e+01 -4.725828e-01 
 1.548095e+01 -4.739299e-01 
 1.548127e+01 -4.771822e-01 
 1.548160e+01 -4.807613e-01 
 1.548192e+01 -4.830258e-01 
 1.548224e+01 -4.837085e-01 
 1.548257e+01 -4.837928e-01 
 1.548289e+01 -4.843308e-01 
 1.548321e+01 -4.841879e-01 
 1.548354e+01 -4.858110e-01 
 1.548386e+01 -4.824943e-01 
 1.548418e+01 -4.773949e-01 
 1.548450e+01 -4.717191e-01 
 1.548483e+01 -4.661201e-01 
 1.548515e+01 -4.611003e-01 
 1.548547e+01 -4.560958e-01 
 1.548580e+01 -4.506891e-01 
 1.548612e+01 -4.464292e-01 
 1.548644e+01 -4.430384e-01 
 1.548677e+01 -4.383320e-01 
 1.548709e+01 -4.299286e-01 
 1.548741e+01 -4.174065e-01 
 1.548773e+01 -4.019570e-01 
 1.548806e+01 -3.839432e-01 
 1.548838e+01 -3.638092e-01 
 1.548870e+01 -3.426361e-01 
 1.548903e+01 -3.223158e-01 
 1.548935e+01 -3.017386e-01 
 1.548967e+01 -2.838142e-01 
 1.548999e+01 -2.698737e-01 
 1.549032e+01 -2.589271e-01 
 1.549064e+01 -2.493426e-01 
 1.549096e+01 -2.404137e-01 
 1.549129e+01 -2.336344e-01 
 1.549161e+01 -2.284241e-01 
 1.549193e+01 -2.243563e-01 
 1.549226e+01 -2.198579e-01 
 1.549258e+01 -2.165558e-01 
 1.549290e+01 -2.152690e-01 
 1.549322e+01 -2.176418e-01 
 1.549355e+01 -2.245424e-01 
 1.549387e+01 -2.360316e-01 
 1.549419e+01 -2.513685e-01 
 1.549452e+01 -2.704356e-01 
 1.549484e+01 -2.953123e-01 
 1.549516e+01 -3.187717e-01 
 1.549549e+01 -3.964861e-01 
 1.549581e+01 -4.206539e-01 
 1.549613e+01 -4.429955e-01 
 1.549645e+01 -4.651003e-01 
 1.549678e+01 -4.868505e-01 
 1.549710e+01 -5.061684e-01 
 1.549742e+01 -5.213667e-01 
 1.549775e+01 -5.334603e-01 
 1.549807e+01 -5.438004e-01 
 1.549839e+01 -5.539173e-01 
 1.549872e+01 -5.649565e-01 
 1.549904e+01 -5.763452e-01 
 1.549936e+01 -5.863786e-01 
 1.549968e+01 -5.955089e-01 
 1.550001e+01 -6.038812e-01 
 1.550033e+01 -6.098170e-01 
 1.550065e+01 -6.131844e-01 
 1.550098e+01 -6.155733e-01 
 1.550130e+01 -6.173708e-01 
 1.550162e+01 -6.177858e-01 
 1.550195e+01 -6.179736e-01 
 1.550227e+01 -6.183099e-01 
 1.550259e+01 -6.189989e-01 
 1.550291e+01 -6.211792e-01 
 1.550324e+01 -6.251643e-01 
 1.550356e+01 -6.305468e-01 
 1.550388e+01 -6.363744e-01 
 1.550421e+01 -6.432237e-01 
 1.550453e+01 -6.493401e-01 
 1.550485e+01 -6.558014e-01 
 1.550518e+01 -6.589783e-01 
 1.550550e+01 -6.620663e-01 
 1.550582e+01 -6.635461e-01 
 1.550614e+01 -6.646549e-01 
 1.550647e+01 -6.652627e-01 
 1.550679e+01 -6.645813e-01 
 1.550711e+01 -6.622835e-01 
 1.550744e+01 -6.573706e-01 
 1.550776e+01 -6.500741e-01 
 1.550808e+01 -6.410618e-01 
 1.550841e+01 -6.308228e-01 
 1.550873e+01 -6.177544e-01 
 1.550905e+01 -6.051728e-01 
 1.550937e+01 -5.946760e-01 
 1.550970e+01 -5.851169e-01 
 1.551002e+01 -5.753788e-01 
 1.551034e+01 -5.668402e-01 
 1.551067e+01 -5.584108e-01 
 1.551099e+01 -5.504589e-01 
 1.551131e+01 -5.443921e-01 
 1.551164e+01 -5.397717e-01 
 1.551196e+01 -5.371726e-01 
 1.551228e+01 -5.349813e-01 
 1.551260e+01 -5.327745e-01 
 1.551293e+01 -5.293339e-01 
 1.551325e+01 -5.244580e-01 
 1.551357e+01 -5.720532e-01 
 1.551390e+01 -5.711704e-01 
 1.551422e+01 -5.712035e-01 
 1.551454e+01 -5.720215e-01 
 1.551487e+01 -5.728038e-01 
 1.551519e+01 -5.742667e-01 
 1.551551e+01 -5.753295e-01 
 1.551583e+01 -5.764200e-01 
 1.551616e+01 -5.777937e-01 
 1.551648e+01 -5.799843e-01 
 1.551680e+01 -5.820904e-01 
 1.551713e+01 -5.834852e-01 
 1.551745e+01 -5.839397e-01 
 1.551777e+01 -5.832383e-01 
 1.551809e+01 -5.844125e-01 
 1.551842e+01 -5.844265e-01 
 1.551874e+01 -5.870958e-01 
 1.551906e+01 -5.930503e-01 
 1.551939e+01 -6.091461e-01 
 1.551971e+01 -6.196347e-01 
 1.552003e+01 -6.321303e-01 
 1.552036e+01 -6.467002e-01 
 1.552068e+01 -6.628225e-01 
 1.552100e+01 -6.796627e-01 
 1.552132e+01 -6.972472e-01 
 1.552165e+01 -7.166972e-01 
 1.552197e+01 -7.392299e-01 
 1.552229e+01 -7.607995e-01 
 1.552262e+01 -7.830918e-01 
 1.552294e+01 -8.058859e-01 
 1.552326e+01 -8.287350e-01 
 1.552359e+01 -8.523884e-01 
 1.552391e+01 -8.761036e-01 
 1.552423e+01 -9.004553e-01 
 1.552455e+01 -9.245559e-01 
 1.552488e+01 -9.476320e-01 
 1.552520e+01 -9.683084e-01 
 1.552552e+01 -9.868231e-01 
 1.552585e+01 -1.002487e+00 
 1.552617e+01 -1.014456e+00 
 1.552649e+01 -1.024131e+00 
 1.552682e+01 -1.032907e+00 
 1.552714e+01 -1.040373e+00 
 1.552746e+01 -1.046944e+00 
 1.552778e+01 -1.053022e+00 
 1.552811e+01 -1.058607e+00 
 1.552843e+01 -1.063211e+00 
 1.552875e+01 -1.067722e+00 
 1.552908e+01 -1.072144e+00 
 1.552940e+01 -1.075729e+00 
 1.552972e+01 -1.077414e+00 
 1.553005e+01 -1.076809e+00 
 1.553037e+01 -1.073269e+00 
 1.553069e+01 -1.068018e+00 
 1.553101e+01 -1.062461e+00 
 1.553134e+01 -1.057877e+00 
 1.553166e+01 -1.053350e+00 
 1.553198e+01 -1.049623e+00 
 1.553231e+01 -1.046333e+00 
 1.553263e+01 -1.043112e+00 
 1.553295e+01 -1.039038e+00 
 1.553328e+01 -1.034237e+00 
 1.553360e+01 -1.028411e+00 
 1.553392e+01 -1.021749e+00 
 1.553424e+01 -1.016278e+00 
 1.553457e+01 -1.011695e+00 
 1.553489e+01 -1.006943e+00 
 1.553521e+01 -1.002226e+00 
 1.553554e+01 -9.961832e-01 
 1.553586e+01 -9.894878e-01 
 1.553618e+01 -9.819814e-01 
 1.553651e+01 -9.733039e-01 
 1.553683e+01 -9.640200e-01 
 1.553715e+01 -9.536441e-01 
 1.553747e+01 -9.438544e-01 
 1.553780e+01 -9.361149e-01 
 1.553812e+01 -9.283115e-01 
 1.553844e+01 -9.216108e-01 
 1.553877e+01 -9.153328e-01 
 1.553909e+01 -9.094777e-01 
 1.553941e+01 -9.038140e-01 
 1.553974e+01 -8.979913e-01 
 1.554006e+01 -8.895250e-01 
 1.554038e+01 -8.792772e-01 
 1.554070e+01 -8.666821e-01 
 1.554103e+01 -8.525872e-01 
 1.554135e+01 -8.380806e-01 
 1.554167e+01 -8.227575e-01 
 1.554200e+01 -8.076122e-01 
 1.554232e+01 -7.936688e-01 
 1.554264e+01 -7.808098e-01 
 1.554297e+01 -7.691328e-01 
 1.554329e+01 -7.578800e-01 
 1.554361e+01 -7.507279e-01 
 1.554393e+01 -7.408997e-01 
 1.554426e+01 -7.327048e-01 
 1.554458e+01 -7.257763e-01 
 1.554490e+01 -7.203363e-01 
 1.554523e+01 -7.154041e-01 
 1.554555e+01 -7.111641e-01 
 1.554587e+01 -7.080601e-01 
 1.554619e+01 -7.074948e-01 
 1.554652e+01 -7.105674e-01 
 1.554684e+01 -7.169652e-01 
 1.554716e+01 -7.265975e-01 
 1.554749e+01 -7.391886e-01 
 1.554781e+01 -7.537666e-01 
 1.554813e+01 -7.688510e-01 
 1.554846e+01 -7.856202e-01 
 1.554878e+01 -7.982288e-01 
 1.554910e+01 -8.117977e-01 
 1.554942e+01 -8.247076e-01 
 1.554975e+01 -8.366044e-01 
 1.555007e+01 -8.473973e-01 
 1.555039e+01 -8.585401e-01 
 1.555072e+01 -8.696951e-01 
 1.555104e+01 -8.779385e-01 
 1.555136e+01 -8.858941e-01 
 1.555169e+01 -8.927033e-01 
 1.555201e+01 -8.979082e-01 
 1.555233e+01 -8.999031e-01 
 1.555265e+01 -8.989699e-01 
 1.555298e+01 -8.955560e-01 
 1.555330e+01 -8.891251e-01 
 1.555362e+01 -8.806782e-01 
 1.555395e+01 -8.720684e-01 
 1.555427e+01 -8.618865e-01 
 1.555459e+01 -8.517910e-01 
 1.555492e+01 -8.389964e-01 
 1.555524e+01 -8.262208e-01 
 1.555556e+01 -8.172784e-01 
 1.555588e+01 -8.073091e-01 
 1.555621e+01 -8.001636e-01 
 1.555653e+01 -7.947470e-01 
 1.555685e+01 -7.898932e-01 
 1.555718e+01 -7.805760e-01 
 1.555750e+01 -7.751435e-01 
 1.555782e+01 -7.705584e-01 
 1.555815e+01 -7.666664e-01 
 1.555847e+01 -7.634947e-01 
 1.555879e+01 -7.601384e-01 
 1.555911e+01 -7.540769e-01 
 1.555944e+01 -7.459049e-01 
 1.555976e+01 -7.824285e-01 
 1.556008e+01 -7.811074e-01 
 1.556041e+01 -7.773822e-01 
 1.556073e+01 -7.733817e-01 
 1.556105e+01 -7.695999e-01 
 1.556138e+01 -7.652983e-01 
 1.556170e+01 -7.586957e-01 
 1.556202e+01 -7.486870e-01 
 1.556234e+01 -7.359772e-01 
 1.556267e+01 -7.209167e-01 
 1.556299e+01 -7.474572e-01 
 1.556331e+01 -7.346044e-01 
 1.556364e+01 -7.228210e-01 
 1.556396e+01 -7.155055e-01 
 1.556428e+01 -7.072084e-01 
 1.556461e+01 -7.013463e-01 
 1.556493e+01 -6.954979e-01 
 1.556525e+01 -6.906558e-01 
 1.556557e+01 -6.834443e-01 
 1.556590e+01 -6.732659e-01 
 1.556622e+01 -6.637593e-01 
 1.556654e+01 -6.523745e-01 
 1.556687e+01 -6.376873e-01 
 1.556719e+01 -6.246195e-01 
 1.556751e+01 -6.140722e-01 
 1.556784e+01 -6.048477e-01 
 1.556816e+01 -5.986541e-01 
 1.556848e+01 -5.937667e-01 
 1.556880e+01 -6.274699e-01 
 1.556913e+01 -6.276646e-01 
 1.556945e+01 -6.262168e-01 
 1.556977e+01 -6.213924e-01 
 1.557010e+01 -6.092063e-01 
 1.557042e+01 -5.949083e-01 
 1.557074e+01 -5.800703e-01 
 1.557107e+01 -5.641382e-01 
 1.557139e+01 -5.483771e-01 
 1.557171e+01 -5.349599e-01 
 1.557203e+01 -5.605002e-01 
 1.557236e+01 -5.584165e-01 
 1.557268e+01 -5.578575e-01 
 1.557300e+01 -5.569244e-01 
 1.557333e+01 -5.552840e-01 
 1.557365e+01 -5.549005e-01 
 1.557397e+01 -5.532696e-01 
 1.557429e+01 -5.502498e-01 
 1.557462e+01 -5.459033e-01 
 1.557494e+01 -5.420746e-01 
 1.557526e+01 -5.397257e-01 
 1.557559e+01 -5.408522e-01 
 1.557591e+01 -5.490687e-01 
 1.557623e+01 -5.570761e-01 
 1.557656e+01 -5.700204e-01 
 1.557688e+01 -5.884132e-01 
 1.557720e+01 -6.096015e-01 
 1.557752e+01 -6.305283e-01 
 1.557785e+01 -6.485784e-01 
 1.557817e+01 -6.630060e-01 
 1.557849e+01 -6.740969e-01 
 1.557882e+01 -6.821442e-01 
 1.557914e+01 -6.884920e-01 
 1.557946e+01 -6.955836e-01 
 1.557979e+01 -7.042877e-01 
 1.558011e+01 -7.137547e-01 
 1.558043e+01 -7.260643e-01 
 1.558075e+01 -7.408467e-01 
 1.558108e+01 -7.536584e-01 
 1.558140e+01 -7.609420e-01 
 1.558172e+01 -7.638966e-01 
 1.558205e+01 -7.621460e-01 
 1.558237e+01 -7.552853e-01 
 1.558269e+01 -7.433866e-01 
 1.558302e+01 -7.327446e-01 
 1.558334e+01 -7.214668e-01 
 1.558366e+01 -7.127040e-01 
 1.558398e+01 -7.067108e-01 
 1.558431e+01 -7.036736e-01 
 1.558463e+01 -7.011301e-01 
 1.558495e+01 -6.976200e-01 
 1.558528e+01 -6.927712e-01 
 1.558560e+01 -6.858963e-01 
 1.558592e+01 -6.772032e-01 
 1.558625e+01 -6.608349e-01 
 1.558657e+01 -6.448738e-01 
 1.558689e+01 -6.277957e-01 
 1.558721e+01 -6.123334e-01 
 1.558754e+01 -6.006187e-01 
 1.558786e+01 -5.901207e-01 
 1.558818e+01 -5.825685e-01 
 1.558851e+01 -5.762340e-01 
 1.558883e+01 -5.706743e-01 
 1.558915e+01 -5.657054e-01 
 1.558948e+01 -5.606011e-01 
 1.558980e+01 -5.525424e-01 
 1.559012e+01 -5.419052e-01 
 1.559044e+01 -5.312481e-01 
 1.559077e+01 -5.193366e-01 
 1.559109e+01 -5.221389e-01 
 1.559141e+01 -5.084081e-01 
 1.559174e+01 -4.945980e-01 
 1.559206e+01 -4.832061e-01 
 1.559238e+01 -4.755798e-01 
 1.559271e+01 -4.713544e-01 
 1.559303e+01 -4.681449e-01 
 1.559335e+01 -4.648755e-01 
 1.559367e+01 -4.602042e-01 
 1.559400e+01 -4.546194e-01 
 1.559432e+01 -4.481104e-01 
 1.559464e+01 -4.407865e-01 
 1.559497e+01 -4.313030e-01 
 1.559529e+01 -4.209854e-01 
 1.559561e+01 -4.122832e-01 
 1.559594e+01 -4.043884e-01 
 1.559626e+01 -3.962503e-01 
 1.559658e+01 -3.881217e-01 
 1.559690e+01 -3.805444e-01 
 1.559723e+01 -3.743091e-01 
 1.559755e+01 -3.685919e-01 
 1.559787e+01 -3.621360e-01 
 1.559820e+01 -3.546371e-01 
 1.559852e+01 -3.459645e-01 
 1.559884e+01 -3.378272e-01 
 1.559917e+01 -3.305730e-01 
 1.559949e+01 -3.246652e-01 
 1.559981e+01 -3.208098e-01 
 1.560013e+01 -3.189176e-01 
 1.560046e+01 -3.192584e-01 
 1.560078e+01 -3.226156e-01 
 1.560110e+01 -3.275456e-01 
 1.560143e+01 -3.325343e-01 
 1.560175e+01 -3.374927e-01 
 1.560207e+01 -3.446308e-01 
 1.560239e+01 -3.535190e-01 
 1.560272e+01 -3.656226e-01 
 1.560304e+01 -3.801903e-01 
 1.560336e+01 -3.971377e-01 
 1.560369e+01 -4.136925e-01 
 1.560401e+01 -4.291979e-01 
 1.560433e+01 -4.434868e-01 
 1.560466e+01 -4.576598e-01 
 1.560498e+01 -4.721615e-01 
 1.560530e+01 -4.874550e-01 
 1.560562e+01 -5.031307e-01 
 1.560595e+01 -5.191976e-01 
 1.560627e+01 -5.339508e-01 
 1.560659e+01 -5.456541e-01 
 1.560692e+01 -5.534892e-01 
 1.560724e+01 -5.590499e-01 
 1.560756e+01 -5.619621e-01 
 1.560789e+01 -5.624945e-01 
 1.560821e+01 -5.623696e-01 
 1.560853e+01 -5.568638e-01 
 1.560885e+01 -5.456144e-01 
 1.560918e+01 -5.353788e-01 
 1.560950e+01 -5.265718e-01 
 1.560982e+01 -5.181730e-01 
 1.561015e+01 -5.091311e-01 
 1.561047e+01 -5.650915e-01 
 1.561079e+01 -5.642072e-01 
 1.561112e+01 -5.609908e-01 
 1.561144e+01 -5.582938e-01 
 1.561176e+01 -5.571013e-01 
 1.561208e+01 -5.571797e-01 
 1.561241e+01 -5.593243e-01 
 1.561273e+01 -5.637738e-01 
 1.561305e+01 -5.708090e-01 
 1.561338e+01 -5.790990e-01 
 1.561370e+01 -5.849510e-01 
 1.561402e+01 -5.900678e-01 
 1.561435e+01 -5.933866e-01 
 1.561467e+01 -5.961574e-01 
 1.561499e+01 -5.985596e-01 
 1.561531e+01 -5.993357e-01 
 1.561564e+01 -6.002337e-01 
 1.561596e+01 -6.008135e-01 
 1.561628e+01 -6.009765e-01 
 1.561661e+01 -5.998528e-01 
 1.561693e+01 -5.966538e-01 
 1.561725e+01 -5.918223e-01 
 1.561758e+01 -5.857088e-01 
 1.561790e+01 -5.782980e-01 
 1.561822e+01 -5.621014e-01 
 1.561854e+01 -5.448792e-01 
 1.561887e+01 -5.261057e-01 
 1.561919e+01 -5.053475e-01 
 1.561951e+01 -4.834882e-01 
 1.561984e+01 -5.304053e-01 
 1.562016e+01 -5.194697e-01 
 1.562048e+01 -5.091190e-01 
 1.562081e+01 -4.993567e-01 
 1.562113e+01 -4.918619e-01 
 1.562145e+01 -4.789838e-01 
 1.562177e+01 -4.693333e-01 
 1.562210e+01 -4.601105e-01 
 1.562242e+01 -4.516543e-01 
 1.562274e+01 -4.444279e-01 
 1.562307e+01 -4.823722e-01 
 1.562339e+01 -4.872284e-01 
 1.562371e+01 -4.877425e-01 
 1.562404e+01 -4.887018e-01 
 1.562436e+01 -4.882139e-01 
 1.562468e+01 -4.758111e-01 
 1.562500e+01 -4.647299e-01 
 1.562533e+01 -4.535629e-01 
 1.562565e+01 -4.414579e-01 
 1.562597e+01 -4.274345e-01 
 1.562630e+01 -5.133773e-01 
 1.562662e+01 -5.126275e-01 
 1.562694e+01 -5.117826e-01 
 1.562727e+01 -5.118546e-01 
 1.562759e+01 -5.159120e-01 
 1.562791e+01 -5.216401e-01 
 1.562823e+01 -5.317890e-01 
 1.562856e+01 -5.421299e-01 
 1.562888e+01 -5.486641e-01 
 1.562920e+01 -5.497163e-01 
 1.562953e+01 -5.711626e-01 
 1.562985e+01 -5.657498e-01 
 1.563017e+01 -5.570780e-01 
 1.563049e+01 -5.473351e-01 
 1.563082e+01 -5.392892e-01 
 1.563114e+01 -5.331192e-01 
 1.563146e+01 -5.294789e-01 
 1.563179e+01 -5.361544e-01 
 1.563211e+01 -5.468152e-01 
 1.563243e+01 -5.558616e-01 
 1.563276e+01 -5.897081e-01 
 1.563308e+01 -5.950827e-01 
 1.563340e+01 -5.957552e-01 
 1.563372e+01 -5.919786e-01 
 1.563405e+01 -5.817821e-01 
 1.563437e+01 -5.618262e-01 
 1.563469e+01 -5.394922e-01 
 1.563502e+01 -5.203655e-01 
 1.563534e+01 -5.062866e-01 
 1.563566e+01 -4.959833e-01 
 1.563599e+01 -5.661494e-01 
 1.563631e+01 -5.667666e-01 
 1.563663e+01 -5.916995e-01 
 1.563695e+01 -5.890587e-01 
 1.563728e+01 -5.843589e-01 
 1.563760e+01 -5.753613e-01 
 1.563792e+01 -5.556096e-01 
 1.563825e+01 -5.332567e-01 
 1.563857e+01 -5.105426e-01 
 1.563889e+01 -4.881098e-01 
 1.563922e+01 -4.663370e-01 
 1.563954e+01 -4.699236e-01 
 1.563986e+01 -4.805162e-01 
 1.564018e+01 -4.734235e-01 
 1.564051e+01 -4.689732e-01 
 1.564083e+01 -4.649015e-01 
 1.564115e+01 -4.603884e-01 
 1.564148e+01 -4.533079e-01 
 1.564180e+01 -4.434274e-01 
 1.564212e+01 -4.311945e-01 
 1.564245e+01 -4.170110e-01 
 1.564277e+01 -3.997742e-01 
 1.564309e+01 -3.810980e-01 
 1.564341e+01 -3.669389e-01 
 1.564374e+01 -3.527970e-01 
 1.564406e+01 -3.419919e-01 
 1.564438e+01 -3.366993e-01 
 1.564471e+01 -3.354849e-01 
 1.564503e+01 -3.355723e-01 
 1.564535e+01 -3.510700e-01 
 1.564568e+01 -3.485044e-01 
 1.564600e+01 -3.431336e-01 
 1.564632e+01 -3.290660e-01 
 1.564664e+01 -3.135580e-01 
 1.564697e+01 -2.998270e-01 
 1.564729e+01 -2.881604e-01 
 1.564761e+01 -2.814418e-01 
 1.564794e+01 -2.793421e-01 
 1.564826e+01 -2.793003e-01 
 1.564858e+01 -2.807618e-01 
 1.564891e+01 -2.801932e-01 
 1.564923e+01 -2.745915e-01 
 1.564955e+01 -2.634655e-01 
 1.564987e+01 -2.485368e-01 
 1.565020e+01 -2.289013e-01 
 1.565052e+01 -2.081751e-01 
 1.565084e+01 -1.919132e-01 
 1.565117e+01 -1.794981e-01 
 1.565149e+01 -1.699503e-01 
 1.565181e+01 -1.863253e-01 
 1.565214e+01 -1.806912e-01 
 1.565246e+01 -1.744434e-01 
 1.565278e+01 -1.669260e-01 
 1.565310e+01 -1.583725e-01 
 1.565343e+01 -1.521999e-01 
 1.565375e+01 -1.459493e-01 
 1.565407e+01 -1.418014e-01 
 1.565440e+01 -1.390779e-01 
 1.565472e+01 -1.368481e-01 
 1.565504e+01 -1.337166e-01 
 1.565537e+01 -1.288951e-01 
 1.565569e+01 -1.242557e-01 
 1.565601e+01 -1.214320e-01 
 1.565633e+01 -1.204860e-01 
 1.565666e+01 -1.238095e-01 
 1.565698e+01 -1.304894e-01 
 1.565730e+01 -1.418405e-01 
 1.565763e+01 -1.571035e-01 
 1.565795e+01 -1.740888e-01 
 1.565827e+01 -1.897290e-01 
 1.565860e+01 -2.018551e-01 
 1.565892e+01 -2.117822e-01 
 1.565924e+01 -2.174244e-01 
 1.565956e+01 -2.222928e-01 
 1.565989e+01 -2.245834e-01 
 1.566021e+01 -2.268258e-01 
 1.566053e+01 -2.317278e-01 
 1.566086e+01 -2.398904e-01 
 1.566118e+01 -2.509849e-01 
 1.566150e+01 -2.894365e-01 
 1.566182e+01 -3.025278e-01 
 1.566215e+01 -3.123652e-01 
 1.566247e+01 -3.182090e-01 
 1.566279e+01 -3.200729e-01 
 1.566312e+01 -3.194531e-01 
 1.566344e+01 -3.155956e-01 
 1.566376e+01 -3.092487e-01 
 1.566409e+01 -3.047109e-01 
 1.566441e+01 -3.015083e-01 
 1.566473e+01 -2.997418e-01 
 1.566505e+01 -2.984261e-01 
 1.566538e+01 -2.972505e-01 
 1.566570e+01 -2.962815e-01 
 1.566602e+01 -2.959198e-01 
 1.566635e+01 -2.973163e-01 
 1.566667e+01 -2.961965e-01 
 1.566699e+01 -2.940099e-01 
 1.566732e+01 -2.909262e-01 
 1.566764e+01 -2.865830e-01 
 1.566796e+01 -2.806561e-01 
 1.566828e+01 -2.744911e-01 
 1.566861e+01 -2.693832e-01 
 1.566893e+01 -2.659634e-01 
 1.566925e+01 -2.648401e-01 
 1.566958e+01 -2.679614e-01 
 1.566990e+01 -2.733871e-01 
 1.567022e+01 -2.826306e-01 
 1.567055e+01 -2.912312e-01 
 1.567087e+01 -2.983798e-01 
 1.567119e+01 -3.036743e-01 
 1.567151e+01 -3.040241e-01 
 1.567184e+01 -2.972198e-01 
 1.567216e+01 -2.857158e-01 
 1.567248e+01 -2.737576e-01 
 1.567281e+01 -2.657828e-01 
 1.567313e+01 -2.625596e-01 
 1.567345e+01 -2.650907e-01 
 1.567378e+01 -2.704957e-01 
 1.567410e+01 -2.750650e-01 
 1.567442e+01 -2.771638e-01 
 1.567474e+01 -2.759263e-01 
 1.567507e+01 -2.681313e-01 
 1.567539e+01 -2.581852e-01 
 1.567571e+01 -2.465558e-01 
 1.567604e+01 -2.380895e-01 
 1.567636e+01 -2.367900e-01 
 1.567668e+01 -2.412971e-01 
 1.567701e+01 -2.491550e-01 
 1.567733e+01 -2.587116e-01 
 1.567765e+01 -2.692258e-01 
 1.567797e+01 -2.786911e-01 
 1.567830e+01 -2.848094e-01 
 1.567862e+01 -2.874796e-01 
 1.567894e+01 -2.872414e-01 
 1.567927e+01 -2.782570e-01 
 1.567959e+01 -2.708562e-01 
 1.567991e+01 -2.676150e-01 
 1.568024e+01 -2.674776e-01 
 1.568056e+01 -2.686653e-01 
 1.568088e+01 -3.264826e-01 
 1.568120e+01 -3.383426e-01 
 1.568153e+01 -3.514921e-01 
 1.568185e+01 -3.638505e-01 
 1.568217e+01 -3.739619e-01 
 1.568250e+01 -3.731475e-01 
 1.568282e+01 -3.689272e-01 
 1.568314e+01 -3.650726e-01 
 1.568347e+01 -3.578907e-01 
 1.568379e+01 -3.493690e-01 
 1.568411e+01 -3.778030e-01 
 1.568443e+01 -3.796859e-01 
 1.568476e+01 -3.831832e-01 
 1.568508e+01 -3.887308e-01 
 1.568540e+01 -3.969249e-01 
 1.568573e+01 -4.080950e-01 
 1.568605e+01 -4.203862e-01 
 1.568637e+01 -4.334912e-01 
 1.568670e+01 -4.459437e-01 
 1.568702e+01 -4.538808e-01 
 1.568734e+01 -4.555667e-01 
 1.568766e+01 -4.535350e-01 
 1.568799e+01 -4.534410e-01 
 1.568831e+01 -4.520771e-01 
 1.568863e+01 -4.551661e-01 
 1.568896e+01 -4.636202e-01 
 1.568928e+01 -4.762842e-01 
 1.568960e+01 -4.921746e-01 
 1.568993e+01 -5.085864e-01 
 1.569025e+01 -5.228125e-01 
 1.569057e+01 -5.312309e-01 
 1.569089e+01 -5.332196e-01 
 1.569122e+01 -5.286820e-01 
 1.569154e+01 -5.220465e-01 
 1.569186e+01 -5.159413e-01 
 1.569219e+01 -5.010334e-01 
 1.569251e+01 -4.877817e-01 
 1.569283e+01 -4.679322e-01 
 1.569315e+01 -4.504829e-01 
 1.569348e+01 -4.848034e-01 
 1.569380e+01 -4.791227e-01 
 1.569412e+01 -4.716319e-01 
 1.569445e+01 -4.909115e-01 
 1.569477e+01 -4.882774e-01 
 1.569509e+01 -4.887667e-01 
 1.569542e+01 -4.853244e-01 
 1.569574e+01 -4.804497e-01 
 1.569606e+01 -4.738942e-01 
 1.569638e+01 -4.654790e-01 
 1.569671e+01 -4.599247e-01 
 1.569703e+01 -4.560615e-01 
 1.569735e+01 -4.547866e-01 
 1.569768e+01 -4.490039e-01 
 1.569800e+01 -4.413495e-01 
 1.569832e+01 -4.347067e-01 
 1.569865e+01 -4.301597e-01 
 1.569897e+01 -4.284801e-01 
 1.569929e+01 -4.286179e-01 
 1.569961e+01 -4.273160e-01 
 1.569994e+01 -4.240701e-01 
 1.570026e+01 -4.217279e-01 
 1.570058e+01 -4.128445e-01 
 1.570091e+01 -4.022973e-01 
 1.570123e+01 -3.890467e-01 
 1.570155e+01 -3.780397e-01 
 1.570188e+01 -3.741894e-01 
 1.570220e+01 -3.761977e-01 
 1.570252e+01 -3.839772e-01 
 1.570284e+01 -3.934693e-01 
 1.570317e+01 -4.063339e-01 
 1.570349e+01 -4.151246e-01 
 1.570381e+01 -4.170971e-01 
 1.570414e+01 -4.158086e-01 
 1.570446e+01 -4.114849e-01 
 1.570478e+01 -4.053391e-01 
 1.570511e+01 -3.995802e-01 
 1.570543e+01 -3.996125e-01 
 1.570575e+01 -4.073808e-01 
 1.570607e+01 -4.191881e-01 
 1.570640e+01 -4.311097e-01 
 1.570672e+01 -4.415252e-01 
 1.570704e+01 -4.507790e-01 
 1.570737e+01 -4.585250e-01 
 1.570769e+01 -4.625382e-01 
 1.570801e+01 -4.596178e-01 
 1.570834e+01 -4.476582e-01 
 1.570866e+01 -4.347632e-01 
 1.570898e+01 -4.233229e-01 
 1.570930e+01 -4.145894e-01 
 1.570963e+01 -4.480982e-01 
 1.570995e+01 -4.503886e-01 
 1.571027e+01 -4.565659e-01 
 1.571060e+01 -4.662856e-01 
 1.571092e+01 -4.787192e-01 
 1.571124e+01 -4.914882e-01 
 1.571157e+01 -4.993393e-01 
 1.571189e+01 -5.041222e-01 
 1.571221e+01 -5.089947e-01 
 1.571253e+01 -5.128711e-01 
 1.571286e+01 -5.136341e-01 
 1.571318e+01 -5.122196e-01 
 1.571350e+01 -5.110294e-01 
 1.571383e+01 -5.132766e-01 
 1.571415e+01 -5.213169e-01 
 1.571447e+01 -5.343532e-01 
 1.571480e+01 -5.494413e-01 
 1.571512e+01 -5.672059e-01 
 1.571544e+01 -5.814610e-01 
 1.571576e+01 -5.919837e-01 
 1.571609e+01 -6.187110e-01 
 1.571641e+01 -6.191828e-01 
 1.571673e+01 -6.308025e-01 
 1.571706e+01 -6.231214e-01 
 1.571738e+01 -6.173636e-01 
 1.571770e+01 -6.155609e-01 
 1.571803e+01 -6.164652e-01 
 1.571835e+01 -6.186159e-01 
 1.571867e+01 -6.267985e-01 
 1.571899e+01 -6.352469e-01 
 1.571932e+01 -6.422357e-01 
 1.571964e+01 -6.470973e-01 
 1.571996e+01 -6.443212e-01 
 1.572029e+01 -6.331169e-01 
 1.572061e+01 -6.162088e-01 
 1.572093e+01 -5.977406e-01 
 1.572125e+01 -5.802198e-01 
 1.572158e+01 -5.655294e-01 
 1.572190e+01 -5.537510e-01 
 1.572222e+01 -5.456964e-01 
 1.572255e+01 -5.427849e-01 
 1.572287e+01 -5.416924e-01 
 1.572319e+01 -5.424312e-01 
 1.572352e+01 -5.402904e-01 
 1.572384e+01 -5.343385e-01 
 1.572416e+01 -5.256120e-01 
 1.572448e+01 -5.151890e-01 
 1.572481e+01 -5.054299e-01 
 1.572513e+01 -4.964933e-01 
 1.572545e+01 -4.881782e-01 
 1.572578e+01 -4.817047e-01 
 1.572610e+01 -4.780171e-01 
 1.572642e+01 -4.763768e-01 
 1.572675e+01 -4.748921e-01 
 1.572707e+01 -4.731371e-01 
 1.572739e+01 -4.725748e-01 
 1.572771e+01 -4.735368e-01 
 1.572804e+01 -4.763422e-01 
 1.572836e+01 -4.787866e-01 
 1.572868e+01 -4.779812e-01 
 1.572901e+01 -4.735185e-01 
 1.572933e+01 -4.656853e-01 
 1.572965e+01 -4.560990e-01 
 1.572998e+01 -4.453107e-01 
 1.573030e+01 -4.339349e-01 
 1.573062e+01 -4.242427e-01 
 1.573094e+01 -4.177256e-01 
 1.573127e+01 -4.158773e-01 
 1.573159e+01 -4.172120e-01 
 1.573191e+01 -4.176670e-01 
 1.573224e+01 -4.150981e-01 
 1.573256e+01 -4.058324e-01 
 1.573288e+01 -3.984060e-01 
 1.573321e+01 -3.892148e-01 
 1.573353e+01 -3.778976e-01 
 1.573385e+01 -3.669030e-01 
 1.573417e+01 -3.573210e-01 
 1.573450e+01 -3.516785e-01 
 1.573482e+01 -3.501851e-01 
 1.573514e+01 -3.505551e-01 
 1.573547e+01 -3.509650e-01 
 1.573579e+01 -3.467375e-01 
 1.573611e+01 -3.431434e-01 
 1.573644e+01 -3.380958e-01 
 1.573676e+01 -3.324527e-01 
 1.573708e+01 -3.195238e-01 
 1.573740e+01 -3.027315e-01 
 1.573773e+01 -2.875564e-01 
 1.573805e+01 -2.753495e-01 
 1.573837e+01 -2.643382e-01 
 1.573870e+01 -3.106209e-01 
 1.573902e+01 -3.096555e-01 
 1.573934e+01 -3.091131e-01 
 1.573967e+01 -3.118889e-01 
 1.573999e+01 -3.156974e-01 
 1.574031e+01 -3.208783e-01 
 1.574063e+01 -3.234729e-01 
 1.574096e+01 -3.237938e-01 
 1.574128e+01 -3.220051e-01 
 1.574160e+01 -3.183615e-01 
 1.574193e+01 -3.134291e-01 
 1.574225e+01 -3.069273e-01 
 1.574257e+01 -2.989705e-01 
 1.574290e+01 -2.924999e-01 
 1.574322e+01 -2.908437e-01 
 1.574354e+01 -2.952251e-01 
 1.574386e+01 -3.013391e-01 
 1.574419e+01 -3.067930e-01 
 1.574451e+01 -3.088295e-01 
 1.574483e+01 -3.084882e-01 
 1.574516e+01 -3.047622e-01 
 1.574548e+01 -2.969322e-01 
 1.574580e+01 -2.849003e-01 
 1.574613e+01 -2.697886e-01 
 1.574645e+01 -2.554450e-01 
 1.574677e+01 -2.419109e-01 
 1.574709e+01 -2.289327e-01 
 1.574742e+01 -2.191317e-01 
 1.574774e+01 -2.111292e-01 
 1.574806e+01 -2.392965e-01 
 1.574839e+01 -2.371800e-01 
 1.574871e+01 -2.312449e-01 
 1.574903e+01 -2.197713e-01 
 1.574936e+01 -2.084254e-01 
 1.574968e+01 -1.886629e-01 
 1.575000e+01 -1.594966e-01 
 1.575032e+01 -1.300390e-01 
 1.575065e+01 -1.044450e-01 
 1.575097e+01 -8.219620e-02 
 1.575129e+01 -1.208572e-01 
 1.575162e+01 -1.135227e-01 
 1.575194e+01 -1.078226e-01 
 1.575226e+01 -1.012417e-01 
 1.575258e+01 -9.198599e-02 
 1.575291e+01 -8.086158e-02 
 1.575323e+01  2.914761e-02 
 1.575355e+01  1.188167e-01 
 1.575388e+01  2.083738e-01 
 1.575420e+01  2.909289e-01 
 1.575452e+01  3.417785e-01 
 1.575485e+01  3.445163e-01 
 1.575517e+01  3.471260e-01 
 1.575549e+01  3.241344e-01 
 1.575581e+01  3.007150e-01 
 1.575614e+01  2.715722e-01 
 1.575646e+01  2.400617e-01 
 1.575678e+01  1.916024e-01 
 1.575711e+01  1.575175e-01 
 1.575743e+01  1.291208e-01 
 1.575775e+01  7.770230e-02 
 1.575808e+01  6.528644e-02 
 1.575840e+01  5.723347e-02 
 1.575872e+01  6.988757e-02 
 1.575904e+01  8.269348e-02 
 1.575937e+01  8.859702e-02 
 1.575969e+01  8.473993e-02 
 1.576001e+01  7.062739e-02 
 1.576034e+01  4.623551e-02 
 1.576066e+01  1.583939e-02 
 1.576098e+01 -5.785704e-03 
 1.576131e+01 -1.741542e-02 
 1.576163e+01 -1.820198e-02 
 1.576195e+01 -1.116852e-02 
 1.576227e+01  1.505321e-03 
 1.576260e+01  1.858513e-02 
 1.576292e+01  3.502587e-02 
 1.576324e+01  4.983672e-02 
 1.576357e+01  5.497429e-02 
 1.576389e+01  4.999097e-02 
 1.576421e+01  3.690805e-02 
 1.576454e+01  2.228663e-02 
 1.576486e+01  9.760973e-03 
 1.576518e+01  1.551755e-03 
 1.576550e+01 -2.320549e-03 
 1.576583e+01 -2.215170e-03 
 1.576615e+01  7.285794e-03 
 1.576647e+01  2.762652e-02 
 1.576680e+01  4.951441e-02 
 1.576712e+01  6.780562e-02 
 1.576744e+01  7.952273e-02 
 1.576777e+01  8.537806e-02 
 1.576809e+01  8.480363e-02 
 1.576841e+01  7.785333e-02 
 1.576873e+01  6.772146e-02 
 1.576906e+01  5.640538e-02 
 1.576938e+01  4.746779e-02 
 1.576970e+01  4.676884e-02 
 1.577003e+01  4.754677e-02 
 1.577035e+01  6.197832e-02 
 1.577067e+01  8.122689e-02 
 1.577100e+01  1.036733e-01 
 1.577132e+01  1.337272e-01 
 1.577164e+01  1.642551e-01 
 1.577196e+01  1.858559e-01 
 1.577229e+01  1.929947e-01 
 1.577261e+01  1.889991e-01 
 1.577293e+01  1.782684e-01 
 1.577326e+01  1.638415e-01 
 1.577358e+01  1.521419e-01 
 1.577390e+01  1.468667e-01 
 1.577423e+01  1.504373e-01 
 1.577455e+01  1.669038e-01 
 1.577487e+01  1.940827e-01 
 1.577519e+01  2.283264e-01 
 1.577552e+01  2.623993e-01 
 1.577584e+01  2.872368e-01 
 1.577616e+01  3.069328e-01 
 1.577649e+01  3.138685e-01 
 1.577681e+01  3.250445e-01 
 1.577713e+01  3.314997e-01 
 1.577746e+01  3.360561e-01 
 1.577778e+01  3.448163e-01 
 1.577810e+01  3.594874e-01 
 1.577842e+01  3.830881e-01 
 1.577875e+01  4.153116e-01 
 1.577907e+01  4.494988e-01 
 1.577939e+01  4.808958e-01 
 1.577972e+01  5.053878e-01 
 1.578004e+01  5.213901e-01 
 1.578036e+01  5.308235e-01 
 1.578069e+01  5.342640e-01 
 1.578101e+01  5.275335e-01 
 1.578133e+01  5.229092e-01 
 1.578165e+01  5.265505e-01 
 1.578198e+01  5.322692e-01 
 1.578230e+01  5.418978e-01 
 1.578262e+01  5.455064e-01 
 1.578295e+01  5.542676e-01 
 1.578327e+01  5.606029e-01 
 1.578359e+01  5.639270e-01 
 1.578391e+01  5.759520e-01 
 1.578424e+01  5.753120e-01 
 1.578456e+01  5.632468e-01 
 1.578488e+01  5.566689e-01 
 1.578521e+01  5.521889e-01 
 1.578553e+01  5.459463e-01 
 1.578585e+01  5.388518e-01 
 1.578618e+01  5.447080e-01 
 1.578650e+01  5.616229e-01 
 1.578682e+01  5.885108e-01 
 1.578714e+01  6.207390e-01 
 1.578747e+01  6.535024e-01 
 1.578779e+01  6.311041e-01 
 1.578811e+01  6.487624e-01 
 1.578844e+01  6.566025e-01 
 1.578876e+01  6.634595e-01 
 1.578908e+01  6.651412e-01 
 1.578941e+01  6.663357e-01 
 1.578973e+01  6.646540e-01 
 1.579005e+01  6.746846e-01 
 1.579037e+01  6.939361e-01 
 1.579070e+01  6.752406e-01 
 1.579102e+01  6.568672e-01 
 1.579134e+01  6.795679e-01 
 1.579167e+01  7.098470e-01 
 1.579199e+01  7.356745e-01 
 1.579231e+01  7.497647e-01 
 1.579264e+01  7.627164e-01 
 1.579296e+01  7.835195e-01 
 1.579328e+01  7.975363e-01 
 1.579360e+01  8.179774e-01 
 1.579393e+01  8.274427e-01 
 1.579425e+01  8.513130e-01 
 1.579457e+01  8.059077e-01 
 1.579490e+01  7.383957e-01 
 1.579522e+01  7.617911e-01 
 1.579554e+01  7.904904e-01 
 1.579587e+01  8.083498e-01 
 1.579619e+01  8.122711e-01 
 1.579651e+01  8.234024e-01 
 1.579683e+01  8.374820e-01 
 1.579716e+01  8.499516e-01 
 1.579748e+01  8.699503e-01 
 1.579780e+01  8.896164e-01 
 1.579813e+01  9.067989e-01 
 1.579845e+01  9.238615e-01 
 1.579877e+01  9.488731e-01 
 1.579910e+01  9.787246e-01 
 1.579942e+01  1.012728e+00 
 1.579974e+01  1.042716e+00 
 1.580006e+01  1.073835e+00 
 1.580039e+01  1.106248e+00 
 1.580071e+01  1.134019e+00 
 1.580103e+01  1.159168e+00 
 1.580136e+01  1.186742e+00 
 1.580168e+01  1.215031e+00 
 1.580200e+01  1.242981e+00 
 1.580233e+01  1.268087e+00 
 1.580265e+01  1.291194e+00 
 1.580297e+01  1.312586e+00 
 1.580329e+01  1.335241e+00 
 1.580362e+01  1.363232e+00 
 1.580394e+01  1.394965e+00 
 1.580426e+01  1.428124e+00 
 1.580459e+01  1.442514e+00 
 1.580491e+01  1.460742e+00 
 1.580523e+01  1.478433e+00 
 1.580556e+01  1.488894e+00 
 1.580588e+01  1.493087e+00 
 1.580620e+01  1.496639e+00 
 1.580652e+01  1.500744e+00 
 1.580685e+01  1.511204e+00 
 1.580717e+01  1.521995e+00 
 1.580749e+01  1.534682e+00 
 1.580782e+01  1.550535e+00 
 1.580814e+01  1.560183e+00 
 1.580846e+01  1.562525e+00 
 1.580879e+01  1.561480e+00 
 1.580911e+01  1.555419e+00 
 1.580943e+01  1.549509e+00 
 1.580975e+01  1.540389e+00 
 1.581008e+01  1.533219e+00 
 1.581040e+01  1.526197e+00 
 1.581072e+01  1.520144e+00 
 1.581105e+01  1.514056e+00 
 1.581137e+01  1.509505e+00 
 1.581169e+01  1.509014e+00 
 1.581202e+01  1.507957e+00 
 1.581234e+01  1.507594e+00 
 1.581266e+01  1.503825e+00 
 1.581298e+01  1.499581e+00 
 1.581330e+01  1.497063e+00 
 1.581362e+01  1.506414e+00 
 1.581394e+01  1.516715e+00 
 1.581427e+01  1.537313e+00 
 1.581459e+01  1.563128e+00 
 1.581491e+01  1.590101e+00 
 1.581523e+01  1.615497e+00 
 1.581555e+01  1.639462e+00 
 1.581587e+01  1.664209e+00 
 1.581620e+01  1.685829e+00 
 1.581652e+01  1.679795e+00 
 1.581684e+01  1.616888e+00 
 1.581716e+01  1.544134e+00 
 1.581748e+01  1.548716e+00 
 1.581780e+01  1.543220e+00 
 1.581812e+01  1.530877e+00 
 1.581845e+01  1.519463e+00 
 1.581877e+01  1.510975e+00 
 1.581909e+01  1.509940e+00 
 1.581941e+01  1.518014e+00 
 1.581973e+01  1.527282e+00 
 1.582005e+01  1.537452e+00 
 1.582038e+01  1.542732e+00 
 1.582070e+01  1.550252e+00 
 1.582102e+01  1.550537e+00 
 1.582134e+01  1.534934e+00 
 1.582166e+01  1.514965e+00 
 1.582198e+01  1.505532e+00 
 1.582230e+01  1.496200e+00 
 1.582263e+01  1.491624e+00 
 1.582295e+01  1.495059e+00 
 1.582327e+01  1.497774e+00 
 1.582359e+01  1.508589e+00 
 1.582391e+01  1.517737e+00 
 1.582423e+01  1.521407e+00 
 1.582456e+01  1.527705e+00 
 1.582488e+01  1.521779e+00 
 1.582520e+01  1.513037e+00 
 1.582552e+01  1.496446e+00 
 1.582584e+01  1.479676e+00 
 1.582616e+01  1.467624e+00 
 1.582648e+01  1.456656e+00 
 1.582681e+01  1.460751e+00 
 1.582713e+01  1.476938e+00 
 1.582745e+01  1.504131e+00 
 1.582777e+01  1.525908e+00 
 1.582809e+01  1.549322e+00 
 1.582841e+01  1.563308e+00 
 1.582874e+01  1.570044e+00 
 1.582906e+01  1.569579e+00 
 1.582938e+01  1.569300e+00 
 1.582970e+01  1.571945e+00 
 1.583002e+01  1.574991e+00 
 1.583034e+01  1.576951e+00 
 1.583066e+01  1.588344e+00 
 1.583099e+01  1.605689e+00 
 1.583131e+01  1.617695e+00 
 1.583163e+01  1.627855e+00 
 1.583195e+01  1.636542e+00 
 1.583227e+01  1.644349e+00 
 1.583259e+01  1.651367e+00 
 1.583292e+01  1.651850e+00 
 1.583324e+01  1.648123e+00 
 1.583356e+01  1.630904e+00 
 1.583388e+01  1.618173e+00 
 1.583420e+01  1.598490e+00 
 1.583452e+01  1.585305e+00 
 1.583485e+01  1.573782e+00 
 1.583517e+01  1.564670e+00 
 1.583549e+01  1.559290e+00 
 1.583582e+01  1.560867e+00 
 1.583614e+01  1.558699e+00 
 1.583646e+01  1.549673e+00 
 1.583678e+01  1.529306e+00 
 1.583711e+01  1.501412e+00 
 1.583743e+01  1.466439e+00 
 1.583775e+01  1.426336e+00 
 1.583807e+01  1.382548e+00 
 1.583840e+01  1.330656e+00 
 1.583872e+01  1.286157e+00 
 1.583904e+01  1.246205e+00 
 1.583936e+01  1.210856e+00 
 1.583968e+01  1.187140e+00 
 1.584000e+01  1.164527e+00 
 1.584033e+01  1.144471e+00 
 1.584065e+01  1.117192e+00 
 1.584097e+01  1.079776e+00 
 1.584129e+01  1.031925e+00 
 1.584161e+01  9.667172e-01 
 1.584193e+01  8.923408e-01 
 1.584225e+01  8.193393e-01 
 1.584258e+01  7.567453e-01 
 1.584290e+01  6.973441e-01 
 1.584322e+01  6.415383e-01 
 1.584354e+01  5.877139e-01 
 1.584386e+01  5.382165e-01 
 1.584418e+01  4.889077e-01 
 1.584451e+01  4.409741e-01 
 1.584483e+01  3.980425e-01 
 1.584515e+01  3.521428e-01 
 1.584547e+01  3.010695e-01 
 1.584579e+01  2.450301e-01 
 1.584611e+01  1.835117e-01 
 1.584644e+01  1.180406e-01 
 1.584676e+01  5.279967e-02 
 1.584708e+01 -1.060898e-02 
 1.584740e+01 -6.830997e-02 
 1.584772e+01 -1.172620e-01 
 1.584805e+01 -1.601733e-01 
 1.584837e+01 -1.920425e-01 
 1.584869e+01 -2.225718e-01 
 1.584901e+01 -2.501080e-01 
 1.584934e+01 -2.774844e-01 
 1.584966e+01 -3.093527e-01 
 1.584998e+01 -3.471769e-01 
 1.585031e+01 -3.907146e-01 
 1.585063e+01 -4.395182e-01 
 1.585095e+01 -4.869831e-01 
 1.585128e+01 -5.269398e-01 
 1.585160e+01 -5.589786e-01 
 1.585192e+01 -5.835132e-01 
 1.585224e+01 -5.984677e-01 
 1.585257e+01 -5.982182e-01 
 1.585289e+01 -5.865801e-01 
 1.585321e+01 -5.696034e-01 
 1.585354e+01 -5.554942e-01 
 1.585386e+01 -5.486724e-01 
 1.585418e+01 -5.499344e-01 
 1.585451e+01 -5.541409e-01 
 1.585483e+01 -5.618029e-01 
 1.585515e+01 -5.680194e-01 
 1.585547e+01 -5.694065e-01 
 1.585580e+01 -5.614127e-01 
 1.585612e+01 -5.450949e-01 
 1.585644e+01 -5.176348e-01 
 1.585677e+01 -4.921281e-01 
 1.585709e+01 -4.654031e-01 
 1.585741e+01 -4.420028e-01 
 1.585774e+01 -4.207868e-01 
 1.585806e+01 -4.026100e-01 
 1.585838e+01 -3.883574e-01 
 1.585870e+01 -3.795236e-01 
 1.585903e+01 -3.822672e-01 
 1.585935e+01 -3.921062e-01 
 1.585967e+01 -4.047691e-01 
 1.586000e+01 -4.199737e-01 
 1.586032e+01 -4.374211e-01 
 1.586064e+01 -4.456181e-01 
 1.586097e+01 -4.645384e-01 
 1.586129e+01 -4.800002e-01 
 1.586161e+01 -4.962340e-01 
 1.586193e+01 -5.147006e-01 
 1.586226e+01 -5.365049e-01 
 1.586258e+01 -5.615588e-01 
 1.586290e+01 -5.863107e-01 
 1.586323e+01 -6.123292e-01 
 1.586355e+01 -6.412739e-01 
 1.586387e+01 -6.720676e-01 
 1.586420e+01 -7.052938e-01 
 1.586452e+01 -7.372822e-01 
 1.586484e+01 -7.648246e-01 
 1.586516e+01 -7.863753e-01 
 1.586549e+01 -8.029813e-01 
 1.586581e+01 -8.223222e-01 
 1.586613e+01 -8.403500e-01 
 1.586646e+01 -8.642850e-01 
 1.586678e+01 -8.870612e-01 
 1.586710e+01 -9.108837e-01 
 1.586742e+01 -9.350238e-01 
 1.586775e+01 -9.543858e-01 
 1.586807e+01 -9.689931e-01 
 1.586839e+01 -9.786461e-01 
 1.586872e+01 -9.830784e-01 
 1.586904e+01 -9.877602e-01 
 1.586936e+01 -9.909668e-01 
 1.586969e+01 -9.936241e-01 
 1.587001e+01 -9.971442e-01 
 1.587033e+01 -9.996592e-01 
 1.587065e+01 -1.001486e+00 
 1.587098e+01 -1.005948e+00 
 1.587130e+01 -1.010031e+00 
 1.587162e+01 -1.010217e+00 
 1.587195e+01 -1.004904e+00 
 1.587227e+01 -9.990330e-01 
 1.587259e+01 -9.973154e-01 
 1.587292e+01 -9.926928e-01 
 1.587324e+01 -9.870941e-01 
 1.587356e+01 -9.814016e-01 
 1.587388e+01 -9.734764e-01 
 1.587421e+01 -9.666011e-01 
 1.587453e+01 -9.606536e-01 
 1.587485e+01 -9.518076e-01 
 1.587518e+01 -9.389324e-01 
 1.587550e+01 -9.216740e-01 
 1.587582e+01 -9.012370e-01 
 1.587615e+01 -8.827325e-01 
 1.587647e+01 -8.642343e-01 
 1.587679e+01 -8.436357e-01 
 1.587711e+01 -8.229789e-01 
 1.587744e+01 -7.888530e-01 
 1.587776e+01 -7.621454e-01 
 1.587808e+01 -7.179007e-01 
 1.587841e+01 -6.828983e-01 
 1.587873e+01 -6.484031e-01 
 1.587905e+01 -6.128758e-01 
 1.587938e+01 -5.775111e-01 
 1.587970e+01 -5.507195e-01 
 1.588002e+01 -5.067244e-01 
 1.588034e+01 -4.725585e-01 
 1.588067e+01 -4.440678e-01 
 1.588099e+01 -4.123782e-01 
 1.588131e+01 -3.700405e-01 
 1.588164e+01 -3.331240e-01 
 1.588196e+01 -2.938012e-01 
 1.588228e+01 -2.533127e-01 
 1.588261e+01 -2.135925e-01 
 1.588293e+01 -1.769481e-01 
 1.588325e+01 -1.431823e-01 
 1.588357e+01 -1.080587e-01 
 1.588390e+01 -7.438294e-02 
 1.588422e+01 -4.948090e-02 
 1.588454e+01 -2.760029e-02 
 1.588487e+01 -8.086555e-03 
 1.588519e+01  9.638471e-03 
 1.588551e+01  2.588493e-02 
 1.588584e+01  3.864773e-02 
 1.588616e+01  4.722680e-02 
 1.588648e+01  4.911921e-02 
 1.588680e+01  4.294062e-02 
 1.588713e+01  3.684505e-02 
 1.588745e+01  3.220255e-02 
 1.588777e+01  2.549293e-02 
 1.588810e+01  1.518770e-02 
 1.588842e+01  3.493749e-03 
 1.588874e+01 -9.042880e-03 
 1.588907e+01 -2.178538e-02 
 1.588939e+01 -3.459373e-02 
 1.588971e+01 -5.029568e-02 
 1.589003e+01 -6.972977e-02 
 1.589036e+01 -8.941944e-02 
 1.589068e+01 -1.110172e-01 
 1.589100e+01 -1.333990e-01 
 1.589133e+01 -1.563428e-01 
 1.589165e+01 -1.825122e-01 
 1.589197e+01 -2.105518e-01 
 1.589230e+01 -2.375083e-01 
 1.589262e+01 -2.621007e-01 
 1.589294e+01 -2.864099e-01 
 1.589326e+01 -3.086635e-01 
 1.589359e+01 -3.272875e-01 
 1.589391e+01 -3.443901e-01 
 1.589423e+01 -3.620311e-01 
 1.589456e+01 -3.817697e-01 
 1.589488e+01 -4.053995e-01 
 1.589520e+01 -4.313728e-01 
 1.589553e+01 -4.579147e-01 
 1.589585e+01 -4.825291e-01 
 1.589617e+01 -5.019491e-01 
 1.589649e+01 -5.182844e-01 
 1.589682e+01 -5.320191e-01 
 1.589714e+01 -5.435546e-01 
 1.589746e+01 -5.513444e-01 
 1.589779e+01 -5.558772e-01 
 1.589811e+01 -5.624879e-01 
 1.589843e+01 -5.726052e-01 
 1.589876e+01 -5.853144e-01 
 1.589908e+01 -6.028004e-01 
 1.589940e+01 -6.203522e-01 
 1.589972e+01 -6.366046e-01 
 1.590004e+01 -6.515854e-01 
 1.590036e+01 -6.618378e-01 
 1.590069e+01 -6.643131e-01 
 1.590101e+01 -6.573242e-01 
 1.590133e+01 -6.406256e-01 
 1.590165e+01 -6.199898e-01 
 1.590197e+01 -6.034566e-01 
 1.590229e+01 -5.925428e-01 
 1.590262e+01 -5.575093e-01 
 1.590294e+01 -5.547608e-01 
 1.590326e+01 -5.558662e-01 
 1.590359e+01 -5.588652e-01 
 1.590391e+01 -5.604783e-01 
 1.590423e+01 -5.587488e-01 
 1.590455e+01 -5.513124e-01 
 1.590488e+01 -5.353978e-01 
 1.590520e+01 -5.148236e-01 
 1.590552e+01 -4.927767e-01 
 1.590585e+01 -4.757315e-01 
 1.590617e+01 -4.565523e-01 
 1.590649e+01 -4.360377e-01 
 1.590682e+01 -4.125848e-01 
 1.590714e+01 -3.991650e-01 
 1.590746e+01 -3.882018e-01 
 1.590778e+01 -3.795397e-01 
 1.590811e+01 -3.679754e-01 
 1.590843e+01 -3.544729e-01 
 1.590875e+01 -3.408294e-01 
 1.590908e+01 -2.844578e-01 
 1.590940e+01 -2.327501e-01 
 1.590972e+01 -2.153513e-01 
 1.591005e+01 -1.929634e-01 
 1.591037e+01 -1.773638e-01 
 1.591069e+01 -1.668450e-01 
 1.591101e+01 -1.612404e-01 
 1.591134e+01 -1.595182e-01 
 1.591166e+01 -1.055754e-01 
 1.591198e+01 -4.701661e-02 
 1.591230e+01 -5.028509e-02 
 1.591263e+01 -5.584621e-02 
 1.591295e+01 -5.684063e-02 
 1.591327e+01 -5.338770e-02 
 1.591359e+01 -5.365846e-02 
 1.591391e+01 -5.815324e-02 
 1.591423e+01 -5.623583e-02 
 1.591456e+01 -6.590096e-02 
 1.591488e+01 -2.037931e-02 
 1.591520e+01 -4.169347e-02 
 1.591552e+01 -5.303146e-02 
 1.591584e+01 -7.608273e-02 
 1.591617e+01 -1.006237e-01 
 1.591649e+01 -1.177147e-01 
 1.591681e+01 -1.248942e-01 
 1.591714e+01 -1.372830e-01 
 1.591746e+01 -1.402050e-01 
 1.591778e+01 -1.446613e-01 
 1.591811e+01 -1.554690e-01 
 1.591843e+01 -1.742623e-01 
 1.591875e+01 -2.032118e-01 
 1.591907e+01 -2.337495e-01 
 1.591940e+01 -2.536888e-01 
 1.591972e+01 -2.798925e-01 
 1.592004e+01 -3.042978e-01 
 1.592037e+01 -3.231804e-01 
 1.592069e+01 -3.184135e-01 
 1.592101e+01 -3.040858e-01 
 1.592134e+01 -3.129960e-01 
 1.592166e+01 -3.189490e-01 
 1.592198e+01 -3.456009e-01 
 1.592230e+01 -3.701936e-01 
 1.592263e+01 -3.917839e-01 
 1.592295e+01 -3.950363e-01 
 1.592327e+01 -4.112414e-01 
 1.592360e+01 -4.260496e-01 
 1.592392e+01 -4.079295e-01 
 1.592424e+01 -4.059221e-01 
 1.592457e+01 -3.969947e-01 
 1.592489e+01 -3.922786e-01 
 1.592521e+01 -3.854323e-01 
 1.592553e+01 -3.736593e-01 
 1.592586e+01 -3.642094e-01 
 1.592618e+01 -3.499993e-01 
 1.592650e+01 -3.169269e-01 
 1.592683e+01 -2.927419e-01 
 1.592715e+01 -2.821124e-01 
 1.592747e+01 -2.687887e-01 
 1.592780e+01 -2.611903e-01 
 1.592812e+01 -2.421566e-01 
 1.592844e+01 -2.345920e-01 
 1.592876e+01 -2.188249e-01 
 1.592909e+01 -2.003369e-01 
 1.592941e+01 -1.742902e-01 
 1.592973e+01 -1.511646e-01 
 1.593006e+01 -1.290174e-01 
 1.593038e+01 -1.017933e-01 
 1.593070e+01 -7.826391e-02 
 1.593103e+01 -5.400177e-02 
 1.593135e+01 -3.675240e-02 
 1.593167e+01 -2.443699e-02 
 1.593199e+01 -1.788858e-02 
 1.593232e+01 -1.161762e-02 
 1.593264e+01 -4.690612e-03 
 1.593296e+01  1.557808e-02 
 1.593329e+01  2.477307e-02 
 1.593361e+01  5.224673e-02 
 1.593393e+01  6.637271e-02 
 1.593426e+01  8.169521e-02 
 1.593458e+01  9.524128e-02 
 1.593490e+01  1.106037e-01 
 1.593522e+01  1.168587e-01 
 1.593555e+01  1.315401e-01 
 1.593587e+01  1.454757e-01 
 1.593619e+01  1.600500e-01 
 1.593652e+01  1.676692e-01 
 1.593684e+01  1.689027e-01 
 1.593716e+01  1.657512e-01 
 1.593749e+01  1.669298e-01 
 1.593781e+01  1.629001e-01 
 1.593813e+01  1.565747e-01 
 1.593845e+01  1.418656e-01 
 1.593877e+01  1.375509e-01 
 1.593909e+01  1.275318e-01 
 1.593942e+01  1.207574e-01 
 1.593974e+01  1.030252e-01 
 1.594006e+01  8.673182e-02 
 1.594038e+01  7.216650e-02 
 1.594070e+01  4.731111e-02 
 1.594102e+01  2.574579e-02 
 1.594135e+01 -3.444317e-03 
 1.594167e+01 -2.675932e-02 
 1.594199e+01 -4.978576e-02 
 1.594231e+01 -7.388405e-02 
 1.594263e+01 -9.378369e-02 
 1.594295e+01 -1.145705e-01 
 1.594327e+01 -1.444638e-01 
 1.594360e+01 -1.807139e-01 
 1.594392e+01 -2.174909e-01 
 1.594424e+01 -2.509621e-01 
 1.594456e+01 -2.882211e-01 
 1.594488e+01 -3.288750e-01 
 1.594521e+01 -3.602288e-01 
 1.594553e+01 -3.997295e-01 
 1.594585e+01 -4.343619e-01 
 1.594618e+01 -4.676689e-01 
 1.594650e+01 -4.965948e-01 
 1.594682e+01 -5.321741e-01 
 1.594715e+01 -5.668446e-01 
 1.594747e+01 -6.053804e-01 
 1.594779e+01 -6.409293e-01 
 1.594811e+01 -6.757205e-01 
 1.594844e+01 -7.075375e-01 
 1.594876e+01 -7.378251e-01 
 1.594908e+01 -7.697115e-01 
 1.594941e+01 -7.912832e-01 
 1.594973e+01 -8.039346e-01 
 1.595005e+01 -8.199555e-01 
 1.595038e+01 -8.475530e-01 
 1.595070e+01 -8.703974e-01 
 1.595102e+01 -9.183294e-01 
 1.595134e+01 -9.744085e-01 
 1.595167e+01 -1.030558e+00 
 1.595199e+01 -1.078117e+00 
 1.595231e+01 -1.131404e+00 
 1.595264e+01 -1.135766e+00 
 1.595296e+01 -1.153956e+00 
 1.595328e+01 -1.216183e+00 
 1.595361e+01 -1.245697e+00 
 1.595393e+01 -1.266514e+00 
 1.595425e+01 -1.318452e+00 
 1.595457e+01 -1.391032e+00 
 1.595490e+01 -1.442687e+00 
 1.595522e+01 -1.482367e+00 
 1.595554e+01 -1.522390e+00 
 1.595587e+01 -1.542805e+00 
 1.595619e+01 -1.518236e+00 
 1.595651e+01 -1.522019e+00 
 1.595684e+01 -1.549442e+00 
 1.595716e+01 -1.527180e+00 
 1.595748e+01 -1.503180e+00 
 1.595780e+01 -1.407416e+00 
 1.595813e+01 -1.356685e+00 
 1.595845e+01 -1.289667e+00 
 1.595877e+01 -1.204026e+00 
 1.595910e+01 -1.129631e+00 
 1.595942e+01 -1.080237e+00 
 1.595974e+01 -1.049649e+00 
 1.596007e+01 -1.051422e+00 
 1.596039e+01 -1.057128e+00 
 1.596071e+01 -1.023423e+00 
 1.596103e+01 -1.009116e+00 
 1.596136e+01 -9.269799e-01 
 1.596168e+01 -8.768449e-01 
 1.596200e+01 -8.177787e-01 
 1.596233e+01 -7.467520e-01 
 1.596265e+01 -6.824806e-01 
 1.596297e+01 -6.291841e-01 
 1.596330e+01 -5.875964e-01 
 1.596362e+01 -5.594020e-01 
 1.596394e+01 -5.484656e-01 
 1.596426e+01 -5.451400e-01 
 1.596459e+01 -5.067344e-01 
 1.596491e+01 -5.081356e-01 
 1.596523e+01 -5.114113e-01 
 1.596556e+01 -5.111635e-01 
 1.596588e+01 -5.080020e-01 
 1.596620e+01 -5.081053e-01 
 1.596653e+01 -5.074803e-01 
 1.596685e+01 -5.074889e-01 
 1.596717e+01 -5.116617e-01 
 1.596749e+01 -5.226171e-01 
 1.596782e+01 -5.456529e-01 
 1.596814e+01 -5.776643e-01 
 1.596846e+01 -6.078222e-01 
 1.596879e+01 -6.495701e-01 
 1.596911e+01 -7.028124e-01 
 1.596943e+01 -7.211151e-01 
 1.596976e+01 -7.643894e-01 
 1.597008e+01 -7.960230e-01 
 1.597040e+01 -8.222562e-01 
 1.597072e+01 -7.894162e-01 
 1.597105e+01 -7.997438e-01 
 1.597137e+01 -8.143801e-01 
 1.597169e+01 -8.425179e-01 
 1.597202e+01 -8.759407e-01 
 1.597234e+01 -9.162413e-01 
 1.597266e+01 -9.657315e-01 
 1.597299e+01 -1.012395e+00 
 1.597331e+01 -1.055196e+00 
 1.597363e+01 -1.042607e+00 
 1.597395e+01 -1.056083e+00 
 1.597428e+01 -1.059361e+00 
 1.597460e+01 -1.054204e+00 
 1.597492e+01 -1.049951e+00 
 1.597525e+01 -1.042132e+00 
 1.597557e+01 -1.037969e+00 
 1.597589e+01 -1.045640e+00 
 1.597622e+01 -1.061220e+00 
 1.597654e+01 -1.091863e+00 
 1.597686e+01 -1.121537e+00 
 1.597718e+01 -1.176066e+00 
 1.597751e+01 -1.202324e+00 
 1.597783e+01 -1.218424e+00 
 1.597815e+01 -1.226267e+00 
 1.597848e+01 -1.221845e+00 
 1.597880e+01 -1.212817e+00 
 1.597912e+01 -1.196507e+00 
 1.597944e+01 -1.179339e+00 
 1.597977e+01 -1.167124e+00 
 1.598009e+01 -1.161519e+00 
 1.598041e+01 -1.158992e+00 
 1.598074e+01 -1.159882e+00 
 1.598106e+01 -1.154909e+00 
 1.598138e+01 -1.146806e+00 
 1.598171e+01 -1.128074e+00 
 1.598203e+01 -1.106885e+00 
 1.598235e+01 -1.082069e+00 
 1.598267e+01 -1.048258e+00 
 1.598300e+01 -1.003491e+00 
 1.598332e+01 -9.587230e-01 
 1.598364e+01 -9.217221e-01 
 1.598397e+01 -8.904699e-01 
 1.598429e+01 -8.630296e-01 
 1.598461e+01 -8.442499e-01 
 1.598494e+01 -8.028005e-01 
 1.598526e+01 -7.865564e-01 
 1.598558e+01 -7.711375e-01 
 1.598590e+01 -7.474418e-01 
 1.598623e+01 -7.092802e-01 
 1.598655e+01 -6.473306e-01 
 1.598687e+01 -6.020357e-01 
 1.598720e+01 -5.642397e-01 
 1.598752e+01 -5.214058e-01 
 1.598784e+01 -4.770724e-01 
 1.598817e+01 -4.435514e-01 
 1.598849e+01 -4.247398e-01 
 1.598881e+01 -4.149206e-01 
 1.598913e+01 -4.181956e-01 
 1.598946e+01 -4.246541e-01 
 1.598978e+01 -4.513035e-01 
 1.599010e+01 -4.535354e-01 
 1.599043e+01 -4.479013e-01 
 1.599075e+01 -4.349702e-01 
 1.599107e+01 -4.272036e-01 
 1.599140e+01 -4.189883e-01 
 1.599172e+01 -4.099332e-01 
 1.599204e+01 -4.096621e-01 
 1.599236e+01 -4.184841e-01 
 1.599269e+01 -4.304920e-01 
 1.599301e+01 -4.478812e-01 
 1.599333e+01 -4.484208e-01 
 1.599366e+01 -4.698624e-01 
 1.599398e+01 -4.978644e-01 
 1.599430e+01 -5.286352e-01 
 1.599463e+01 -5.600017e-01 
 1.599495e+01 -5.923751e-01 
 1.599527e+01 -6.272119e-01 
 1.599559e+01 -6.619361e-01 
 1.599592e+01 -6.985639e-01 
 1.599624e+01 -7.490646e-01 
 1.599656e+01 -7.833650e-01 
 1.599689e+01 -8.413633e-01 
 1.599721e+01 -8.741728e-01 
 1.599753e+01 -9.226645e-01 
 1.599786e+01 -9.701959e-01 
 1.599818e+01 -1.024619e+00 
 1.599850e+01 -1.075920e+00 
 1.599882e+01 -1.130094e+00 
 1.599915e+01 -1.169397e+00 
 1.599947e+01 -1.190815e+00 
 1.599979e+01 -1.220961e+00 
 1.600012e+01 -1.249525e+00 
 1.600044e+01 -1.280226e+00 
 1.600076e+01 -1.316564e+00 
 1.600109e+01 -1.349910e+00 
 1.600141e+01 -1.403981e+00 
 1.600173e+01 -1.437211e+00 
 1.600205e+01 -1.463723e+00 
 1.600238e+01 -1.471113e+00 
 1.600270e+01 -1.490240e+00 
 1.600302e+01 -1.502554e+00 
 1.600335e+01 -1.500874e+00 
 1.600367e+01 -1.499137e+00 
 1.600399e+01 -1.470539e+00 
 1.600432e+01 -1.458231e+00 
 1.600464e+01 -1.454445e+00 
 1.600496e+01 -1.448561e+00 
 1.600528e+01 -1.438580e+00 
 1.600561e+01 -1.423388e+00 
 1.600593e+01 -1.404365e+00 
 1.600625e+01 -1.383339e+00 
 1.600658e+01 -1.358715e+00 
 1.600690e+01 -1.328935e+00 
 1.600722e+01 -1.294828e+00 
 1.600755e+01 -1.251647e+00 
 1.600787e+01 -1.194218e+00 
 1.600819e+01 -1.126296e+00 
 1.600851e+01 -1.076999e+00 
 1.600884e+01 -1.016535e+00 
 1.600916e+01 -9.807374e-01 
 1.600948e+01 -9.486746e-01 
 1.600981e+01 -9.169560e-01 
 1.601013e+01 -8.801321e-01 
 1.601045e+01 -8.437485e-01 
 1.601078e+01 -8.078079e-01 
 1.601110e+01 -7.662545e-01 
 1.601142e+01 -7.265441e-01 
 1.601174e+01 -6.882667e-01 
 1.601207e+01 -6.437142e-01 
 1.601239e+01 -6.109368e-01 
 1.601271e+01 -5.862102e-01 
 1.601304e+01 -5.570283e-01 
 1.601336e+01 -5.335488e-01 
 1.601368e+01 -5.147815e-01 
 1.601401e+01 -4.982507e-01 
 1.601433e+01 -4.902178e-01 
 1.601465e+01 -4.759264e-01 
 1.601497e+01 -4.612753e-01 
 1.601530e+01 -4.470887e-01 
 1.601562e+01 -4.335259e-01 
 1.601594e+01 -4.112910e-01 
 1.601627e+01 -3.883729e-01 
 1.601659e+01 -3.675085e-01 
 1.601691e+01 -3.508598e-01 
 1.601723e+01 -3.436072e-01 
 1.601756e+01 -3.573714e-01 
 1.601788e+01 -3.762970e-01 
 1.601820e+01 -3.965476e-01 
 1.601853e+01 -4.128897e-01 
 1.601885e+01 -3.857114e-01 
 1.601917e+01 -3.987549e-01 
 1.601950e+01 -4.107216e-01 
 1.601982e+01 -4.200872e-01 
 1.602014e+01 -3.622216e-01 
 1.602046e+01 -3.623267e-01 
 1.602079e+01 -3.723162e-01 
 1.602111e+01 -3.924346e-01 
 1.602143e+01 -4.215406e-01 
 1.602176e+01 -4.576860e-01 
 1.602208e+01 -4.965976e-01 
 1.602240e+01 -5.338993e-01 
 1.602273e+01 -5.654722e-01 
 1.602305e+01 -5.967608e-01 
 1.602337e+01 -6.221704e-01 
 1.602369e+01 -6.418396e-01 
 1.602402e+01 -6.600957e-01 
 1.602434e+01 -6.714078e-01 
 1.602466e+01 -6.854208e-01 
 1.602499e+01 -7.045057e-01 
 1.602531e+01 -7.288062e-01 
 1.602563e+01 -7.574433e-01 
 1.602596e+01 -7.922947e-01 
 1.602628e+01 -8.351247e-01 
 1.602660e+01 -8.717351e-01 
 1.602692e+01 -9.045994e-01 
 1.602725e+01 -9.332321e-01 
 1.602757e+01 -9.646440e-01 
 1.602789e+01 -9.794755e-01 
 1.602822e+01 -1.012040e+00 
 1.602854e+01 -1.022437e+00 
 1.602886e+01 -1.031937e+00 
 1.602919e+01 -1.037846e+00 
 1.602951e+01 -1.074622e+00 
 1.602983e+01 -1.092674e+00 
 1.603015e+01 -1.113747e+00 
 1.603048e+01 -1.131881e+00 
 1.603080e+01 -1.143475e+00 
 1.603112e+01 -1.148480e+00 
 1.603145e+01 -1.149754e+00 
 1.603177e+01 -1.134312e+00 
 1.603209e+01 -1.112845e+00 
 1.603242e+01 -1.088998e+00 
 1.603274e+01 -1.064629e+00 
 1.603306e+01 -1.041877e+00 
 1.603338e+01 -1.018448e+00 
 1.603371e+01 -1.003650e+00 
 1.603403e+01 -9.888108e-01 
 1.603435e+01 -9.625472e-01 
 1.603468e+01 -9.561552e-01 
 1.603500e+01 -9.449427e-01 
 1.603532e+01 -9.027379e-01 
 1.603565e+01 -8.745963e-01 
 1.603597e+01 -8.356107e-01 
 1.603629e+01 -7.944772e-01 
 1.603661e+01 -7.618911e-01 
 1.603694e+01 -7.226382e-01 
 1.603726e+01 -6.957376e-01 
 1.603758e+01 -6.769748e-01 
 1.603791e+01 -6.656384e-01 
 1.603823e+01 -6.611294e-01 
 1.603855e+01 -6.575429e-01 
 1.603888e+01 -6.578723e-01 
 1.603920e+01 -6.750817e-01 
 1.603952e+01 -6.814662e-01 
 1.603984e+01 -6.810744e-01 
 1.604017e+01 -6.803455e-01 
 1.604049e+01 -6.757532e-01 
 1.604081e+01 -6.666544e-01 
 1.604114e+01 -6.665658e-01 
 1.604146e+01 -6.863737e-01 
 1.604178e+01 -7.212127e-01 
 1.604211e+01 -7.343343e-01 
 1.604243e+01 -7.747587e-01 
 1.604275e+01 -7.627530e-01 
 1.604307e+01 -7.870074e-01 
 1.604340e+01 -8.146831e-01 
 1.604372e+01 -8.430680e-01 
 1.604404e+01 -8.619797e-01 
 1.604437e+01 -8.503466e-01 
 1.604469e+01 -8.645413e-01 
 1.604501e+01 -8.800984e-01 
 1.604533e+01 -9.005286e-01 
 1.604566e+01 -9.109192e-01 
 1.604598e+01 -9.451949e-01 
 1.604630e+01 -9.922273e-01 
 1.604663e+01 -1.095444e+00 
 1.604695e+01 -1.168544e+00 
 1.604727e+01 -1.237476e+00 
 1.604760e+01 -1.266175e+00 
 1.604792e+01 -1.248437e+00 
 1.604824e+01 -1.282980e+00 
 1.604856e+01 -1.303504e+00 
 1.604889e+01 -1.317622e+00 
 1.604921e+01 -1.328256e+00 
 1.604953e+01 -1.343297e+00 
 1.604986e+01 -1.368740e+00 
 1.605018e+01 -1.401348e+00 
 1.605050e+01 -1.439035e+00 
 1.605083e+01 -1.455071e+00 
 1.605115e+01 -1.506164e+00 
 1.605147e+01 -1.558955e+00 
 1.605179e+01 -1.609011e+00 
 1.605212e+01 -1.599728e+00 
 1.605244e+01 -1.598318e+00 
 1.605276e+01 -1.611491e+00 
 1.605309e+01 -1.610353e+00 
 1.605341e+01 -1.618651e+00 
 1.605373e+01 -1.626799e+00 
 1.605406e+01 -1.602495e+00 
 1.605438e+01 -1.608332e+00 
 1.605470e+01 -1.620689e+00 
 1.605502e+01 -1.638435e+00 
 1.605535e+01 -1.657810e+00 
 1.605567e+01 -1.673123e+00 
 1.605599e+01 -1.688076e+00 
 1.605632e+01 -1.710692e+00 
 1.605664e+01 -1.726783e+00 
 1.605696e+01 -1.736090e+00 
 1.605729e+01 -1.683159e+00 
 1.605761e+01 -1.665684e+00 
 1.605793e+01 -1.680045e+00 
 1.605825e+01 -1.696796e+00 
 1.605858e+01 -1.644860e+00 
 1.605890e+01 -1.559252e+00 
 1.605922e+01 -1.550385e+00 
 1.605955e+01 -1.547970e+00 
 1.605987e+01 -1.515006e+00 
 1.606019e+01 -1.499934e+00 
 1.606052e+01 -1.470452e+00 
 1.606084e+01 -1.417406e+00 
 1.606116e+01 -1.385684e+00 
 1.606148e+01 -1.356845e+00 
 1.606181e+01 -1.334682e+00 
 1.606213e+01 -1.267298e+00 
 1.606245e+01 -1.240892e+00 
 1.606278e+01 -1.218141e+00 
 1.606310e+01 -1.199161e+00 
 1.606342e+01 -1.183386e+00 
 1.606375e+01 -1.167750e+00 
 1.606407e+01 -1.147282e+00 
 1.606439e+01 -1.124237e+00 
 1.606471e+01 -1.097004e+00 
 1.606504e+01 -1.070257e+00 
 1.606536e+01 -1.044334e+00 
 1.606568e+01 -1.026015e+00 
 1.606601e+01 -1.025232e+00 
 1.606633e+01 -1.029573e+00 
 1.606665e+01 -1.038387e+00 
 1.606698e+01 -9.755992e-01 
 1.606730e+01 -9.683162e-01 
 1.606762e+01 -9.616493e-01 
 1.606794e+01 -9.540083e-01 
 1.606827e+01 -9.460669e-01 
 1.606859e+01 -9.387475e-01 
 1.606891e+01 -9.254702e-01 
 1.606924e+01 -9.249254e-01 
 1.606956e+01 -9.315063e-01 
 1.606988e+01 -9.440924e-01 
 1.607021e+01 -9.661626e-01 
 1.607053e+01 -9.198889e-01 
 1.607085e+01 -9.376489e-01 
 1.607117e+01 -9.608142e-01 
 1.607150e+01 -9.874571e-01 
 1.607182e+01 -1.012029e+00 
 1.607214e+01 -1.034222e+00 
 1.607247e+01 -1.061426e+00 
 1.607279e+01 -1.077955e+00 
 1.607311e+01 -1.099164e+00 
 1.607344e+01 -1.101231e+00 
 1.607376e+01 -1.119101e+00 
 1.607408e+01 -1.141983e+00 
 1.607440e+01 -1.167942e+00 
 1.607473e+01 -1.198512e+00 
 1.607505e+01 -1.236631e+00 
 1.607537e+01 -1.274465e+00 
 1.607570e+01 -1.311538e+00 
 1.607602e+01 -1.347519e+00 
 1.607634e+01 -1.380545e+00 
 1.607667e+01 -1.413452e+00 
 1.607699e+01 -1.444209e+00 
 1.607731e+01 -1.470823e+00 
 1.607763e+01 -1.499321e+00 
 1.607796e+01 -1.525536e+00 
 1.607828e+01 -1.547185e+00 
 1.607860e+01 -1.568295e+00 
 1.607893e+01 -1.591119e+00 
 1.607925e+01 -1.613233e+00 
 1.607957e+01 -1.635922e+00 
 1.607990e+01 -1.654985e+00 
 1.608022e+01 -1.673726e+00 
 1.608054e+01 -1.687941e+00 
 1.608086e+01 -1.698388e+00 
 1.608119e+01 -1.707420e+00 
 1.608151e+01 -1.701623e+00 
 1.608183e+01 -1.711440e+00 
 1.608216e+01 -1.718530e+00 
 1.608248e+01 -1.721245e+00 
 1.608280e+01 -1.729591e+00 
 1.608312e+01 -1.731979e+00 
 1.608345e+01 -1.733621e+00 
 1.608377e+01 -1.735595e+00 
 1.608409e+01 -1.738099e+00 
 1.608442e+01 -1.739981e+00 
 1.608474e+01 -1.738545e+00 
 1.608506e+01 -1.733695e+00 
 1.608539e+01 -1.724129e+00 
 1.608571e+01 -1.711115e+00 
 1.608603e+01 -1.698103e+00 
 1.608635e+01 -1.689187e+00 
 1.608668e+01 -1.681115e+00 
 1.608700e+01 -1.672867e+00 
 1.608732e+01 -1.662618e+00 
 1.608765e+01 -1.656601e+00 
 1.608797e+01 -1.658275e+00 
 1.608829e+01 -1.658046e+00 
 1.608862e+01 -1.650218e+00 
 1.608894e+01 -1.644676e+00 
 1.608926e+01 -1.633072e+00 
 1.608958e+01 -1.622812e+00 
 1.608991e+01 -1.613680e+00 
 1.609023e+01 -1.604421e+00 
 1.609055e+01 -1.596586e+00 
 1.609088e+01 -1.594682e+00 
 1.609120e+01 -1.596156e+00 
 1.609152e+01 -1.602112e+00 
 1.609185e+01 -1.608962e+00 
 1.609217e+01 -1.607266e+00 
 1.609249e+01 -1.607741e+00 
 1.609281e+01 -1.603991e+00 
 1.609314e+01 -1.593753e+00 
 1.609346e+01 -1.587232e+00 
 1.609378e+01 -1.579499e+00 
 1.609411e+01 -1.572522e+00 
 1.609443e+01 -1.571289e+00 
 1.609475e+01 -1.575801e+00 
 1.609508e+01 -1.587349e+00 
 1.609540e+01 -1.607893e+00 
 1.609572e+01 -1.631183e+00 
 1.609604e+01 -1.657374e+00 
 1.609637e+01 -1.682136e+00 
 1.609669e+01 -1.667688e+00 
 1.609701e+01 -1.681389e+00 
 1.609734e+01 -1.688099e+00 
 1.609766e+01 -1.691328e+00 
 1.609798e+01 -1.701682e+00 
 1.609831e+01 -1.704361e+00 
 1.609863e+01 -1.707077e+00 
 1.609895e+01 -1.721385e+00 
 1.609927e+01 -1.740459e+00 
 1.609960e+01 -1.770364e+00 
 1.609992e+01 -1.804628e+00 
 1.610024e+01 -1.794976e+00 
 1.610057e+01 -1.817911e+00 
 1.610089e+01 -1.837195e+00 
 1.610121e+01 -1.846783e+00 
 1.610154e+01 -1.852829e+00 
 1.610186e+01 -1.858814e+00 
 1.610218e+01 -1.868230e+00 
 1.610250e+01 -1.878148e+00 
 1.610283e+01 -1.894024e+00 
 1.610315e+01 -1.912773e+00 
 1.610347e+01 -1.891033e+00 
 1.610380e+01 -1.911523e+00 
 1.610412e+01 -1.933757e+00 
 1.610444e+01 -1.908379e+00 
 1.610477e+01 -1.918218e+00 
 1.610509e+01 -1.921733e+00 
 1.610541e+01 -1.916010e+00 
 1.610573e+01 -1.904868e+00 
 1.610606e+01 -1.890582e+00 
 1.610638e+01 -1.874122e+00 
 1.610670e+01 -1.863770e+00 
 1.610703e+01 -1.862465e+00 
 1.610735e+01 -1.865442e+00 
 1.610767e+01 -1.873112e+00 
 1.610800e+01 -1.878563e+00 
 1.610832e+01 -1.881709e+00 
 1.610864e+01 -1.878395e+00 
 1.610896e+01 -1.866683e+00 
 1.610929e+01 -1.850716e+00 
 1.610961e+01 -1.828751e+00 
 1.610993e+01 -1.803587e+00 
 1.611026e+01 -1.777412e+00 
 1.611058e+01 -1.754049e+00 
 1.611090e+01 -1.729914e+00 
 1.611123e+01 -1.707129e+00 
 1.611155e+01 -1.677560e+00 
 1.611187e+01 -1.651849e+00 
 1.611219e+01 -1.627551e+00 
 1.611252e+01 -1.601747e+00 
 1.611284e+01 -1.574618e+00 
 1.611316e+01 -1.542748e+00 
 1.611349e+01 -1.510505e+00 
 1.611381e+01 -1.477107e+00 
 1.611413e+01 -1.444412e+00 
 1.611445e+01 -1.411942e+00 
 1.611478e+01 -1.380512e+00 
 1.611510e+01 -1.351588e+00 
 1.611542e+01 -1.323167e+00 
 1.611575e+01 -1.297632e+00 
 1.611607e+01 -1.274649e+00 
 1.611639e+01 -1.255209e+00 
 1.611672e+01 -1.231666e+00 
 1.611704e+01 -1.205952e+00 
 1.611736e+01 -1.177571e+00 
 1.611768e+01 -1.152218e+00 
 1.611801e+01 -1.128677e+00 
 1.611833e+01 -1.107421e+00 
 1.611865e+01 -1.091531e+00 
 1.611898e+01 -1.080486e+00 
 1.611930e+01 -1.073976e+00 
 1.611962e+01 -1.074703e+00 
 1.611995e+01 -1.076902e+00 
 1.612027e+01 -1.082698e+00 
 1.612059e+01 -1.088312e+00 
 1.612091e+01 -1.092857e+00 
 1.612124e+01 -1.096424e+00 
 1.612156e+01 -1.097873e+00 
 1.612188e+01 -1.100766e+00 
 1.612221e+01 -1.108232e+00 
 1.612253e+01 -1.121248e+00 
 1.612285e+01 -1.145587e+00 
 1.612318e+01 -1.168270e+00 
 1.612350e+01 -1.194790e+00 
 1.612382e+01 -1.224550e+00 
 1.612414e+01 -1.196690e+00 
 1.612447e+01 -1.223906e+00 
 1.612479e+01 -1.253695e+00 
 1.612511e+01 -1.282176e+00 
 1.612544e+01 -1.306715e+00 
 1.612576e+01 -1.327863e+00 
 1.612608e+01 -1.350607e+00 
 1.612641e+01 -1.378609e+00 
 1.612673e+01 -1.408526e+00 
 1.612705e+01 -1.431799e+00 
 1.612737e+01 -1.455977e+00 
 1.612770e+01 -1.484249e+00 
 1.612802e+01 -1.514050e+00 
 1.612834e+01 -1.543720e+00 
 1.612867e+01 -1.570708e+00 
 1.612899e+01 -1.594664e+00 
 1.612931e+01 -1.614325e+00 
 1.612964e+01 -1.631996e+00 
 1.612996e+01 -1.648201e+00 
 1.613028e+01 -1.661193e+00 
 1.613060e+01 -1.671234e+00 
 1.613093e+01 -1.679961e+00 
 1.613125e+01 -1.691187e+00 
 1.613157e+01 -1.707083e+00 
 1.613190e+01 -1.721396e+00 
 1.613222e+01 -1.733354e+00 
 1.613254e+01 -1.746887e+00 
 1.613287e+01 -1.763957e+00 
 1.613319e+01 -1.781580e+00 
 1.613351e+01 -1.806724e+00 
 1.613383e+01 -1.821249e+00 
 1.613416e+01 -1.842814e+00 
 1.613448e+01 -1.847081e+00 
 1.613480e+01 -1.850358e+00 
 1.613513e+01 -1.855954e+00 
 1.613545e+01 -1.859668e+00 
 1.613577e+01 -1.863217e+00 
 1.613610e+01 -1.870983e+00 
 1.613642e+01 -1.887082e+00 
 1.613674e+01 -1.906629e+00 
 1.613706e+01 -1.866927e+00 
 1.613739e+01 -1.872141e+00 
 1.613771e+01 -1.874227e+00 
 1.613803e+01 -1.872560e+00 
 1.613836e+01 -1.867909e+00 
 1.613868e+01 -1.856057e+00 
 1.613900e+01 -1.844405e+00 
 1.613933e+01 -1.833399e+00 
 1.613965e+01 -1.825175e+00 
 1.613997e+01 -1.821151e+00 
 1.614029e+01 -1.820526e+00 
 1.614062e+01 -1.817788e+00 
 1.614094e+01 -1.799563e+00 
 1.614126e+01 -1.798036e+00 
 1.614159e+01 -1.783120e+00 
 1.614191e+01 -1.781582e+00 
 1.614223e+01 -1.775391e+00 
 1.614256e+01 -1.768328e+00 
 1.614288e+01 -1.760452e+00 
 1.614320e+01 -1.753950e+00 
 1.614352e+01 -1.749267e+00 
 1.614385e+01 -1.745290e+00 
 1.614417e+01 -1.740772e+00 
 1.614449e+01 -1.740622e+00 
 1.614482e+01 -1.744494e+00 
 1.614514e+01 -1.750364e+00 
 1.614546e+01 -1.756777e+00 
 1.614579e+01 -1.760820e+00 
 1.614611e+01 -1.761082e+00 
 1.614643e+01 -1.760114e+00 
 1.614675e+01 -1.759304e+00 
 1.614708e+01 -1.757785e+00 
 1.614740e+01 -1.755229e+00 
 1.614772e+01 -1.753643e+00 
 1.614805e+01 -1.755708e+00 
 1.614837e+01 -1.761449e+00 
 1.614869e+01 -1.769635e+00 
 1.614901e+01 -1.779940e+00 
 1.614934e+01 -1.790671e+00 
 1.614966e+01 -1.798507e+00 
 1.614998e+01 -1.803998e+00 
 1.615031e+01 -1.809391e+00 
 1.615063e+01 -1.813682e+00 
 1.615095e+01 -1.812359e+00 
 1.615128e+01 -1.819885e+00 
 1.615160e+01 -1.834596e+00 
 1.615192e+01 -1.855645e+00 
 1.615224e+01 -1.878713e+00 
 1.615257e+01 -1.901243e+00 
 1.615289e+01 -1.920860e+00 
 1.615321e+01 -1.936339e+00 
 1.615354e+01 -1.950658e+00 
 1.615386e+01 -1.961505e+00 
 1.615418e+01 -1.967353e+00 
 1.615451e+01 -1.972074e+00 
 1.615483e+01 -1.974046e+00 
 1.615515e+01 -1.976883e+00 
 1.615547e+01 -1.981296e+00 
 1.615580e+01 -1.987801e+00 
 1.615612e+01 -1.997453e+00 
 1.615644e+01 -2.005807e+00 
 1.615677e+01 -2.022743e+00 
 1.615709e+01 -2.039962e+00 
 1.615741e+01 -2.052696e+00 
 1.615774e+01 -2.059339e+00 
 1.615806e+01 -2.057057e+00 
 1.615838e+01 -2.049190e+00 
 1.615870e+01 -2.038177e+00 
 1.615903e+01 -2.024969e+00 
 1.615935e+01 -2.011436e+00 
 1.615967e+01 -1.998662e+00 
 1.616000e+01 -1.988319e+00 
 1.616032e+01 -1.982285e+00 
 1.616064e+01 -1.977597e+00 
 1.616097e+01 -1.973235e+00 
 1.616129e+01 -1.966273e+00 
 1.616161e+01 -1.956113e+00 
 1.616193e+01 -1.944211e+00 
 1.616226e+01 -1.929136e+00 
 1.616258e+01 -1.910457e+00 
 1.616290e+01 -1.888791e+00 
 1.616323e+01 -1.864107e+00 
 1.616355e+01 -1.839024e+00 
 1.616387e+01 -1.816295e+00 
 1.616420e+01 -1.796594e+00 
 1.616452e+01 -1.779362e+00 
 1.616484e+01 -1.765002e+00 
 1.616516e+01 -1.752561e+00 
 1.616549e+01 -1.739667e+00 
 1.616581e+01 -1.729282e+00 
 1.616613e+01 -1.715194e+00 
 1.616646e+01 -1.695906e+00 
 1.616678e+01 -1.669789e+00 
 1.616710e+01 -1.646038e+00 
 1.616743e+01 -1.628642e+00 
 1.616775e+01 -1.612777e+00 
 1.616807e+01 -1.599419e+00 
 1.616839e+01 -1.590167e+00 
 1.616872e+01 -1.586277e+00 
 1.616904e+01 -1.589118e+00 
 1.616936e+01 -1.595502e+00 
 1.616969e+01 -1.602119e+00 
 1.617001e+01 -1.607628e+00 
 1.617033e+01 -1.611232e+00 
 1.617066e+01 -1.610991e+00 
 1.617098e+01 -1.612093e+00 
 1.617130e+01 -1.607830e+00 
 1.617162e+01 -1.597632e+00 
 1.617195e+01 -1.583661e+00 
 1.617227e+01 -1.583755e+00 
 1.617259e+01 -1.571973e+00 
 1.617292e+01 -1.576076e+00 
 1.617324e+01 -1.581897e+00 
 1.617356e+01 -1.597756e+00 
 1.617389e+01 -1.614747e+00 
 1.617421e+01 -1.624289e+00 
 1.617453e+01 -1.647548e+00 
 1.617485e+01 -1.671460e+00 
 1.617518e+01 -1.694096e+00 
 1.617550e+01 -1.711491e+00 
 1.617582e+01 -1.749323e+00 
 1.617615e+01 -1.766381e+00 
 1.617647e+01 -1.809368e+00 
 1.617679e+01 -1.833387e+00 
 1.617712e+01 -1.866614e+00 
 1.617744e+01 -1.901704e+00 
 1.617776e+01 -1.935037e+00 
 1.617808e+01 -1.970812e+00 
 1.617841e+01 -1.999757e+00 
 1.617873e+01 -2.028757e+00 
 1.617905e+01 -2.058199e+00 
 1.617938e+01 -2.088499e+00 
 1.617970e+01 -2.117423e+00 
 1.618002e+01 -2.151369e+00 
 1.618034e+01 -2.180350e+00 
 1.618067e+01 -2.211170e+00 
 1.618099e+01 -2.242151e+00 
 1.618131e+01 -2.278773e+00 
 1.618164e+01 -2.308038e+00 
 1.618196e+01 -2.334163e+00 
 1.618228e+01 -2.357951e+00 
 1.618261e+01 -2.378115e+00 
 1.618293e+01 -2.395294e+00 
 1.618325e+01 -2.407243e+00 
 1.618357e+01 -2.419432e+00 
 1.618390e+01 -2.426424e+00 
 1.618422e+01 -2.435727e+00 
 1.618454e+01 -2.443349e+00 
 1.618487e+01 -2.459884e+00 
 1.618519e+01 -2.474884e+00 
 1.618551e+01 -2.487387e+00 
 1.618584e+01 -2.498569e+00 
 1.618616e+01 -2.508851e+00 
 1.618648e+01 -2.518974e+00 
 1.618680e+01 -2.519019e+00 
 1.618713e+01 -2.521880e+00 
 1.618745e+01 -2.520841e+00 
 1.618777e+01 -2.516903e+00 
 1.618810e+01 -2.504375e+00 
 1.618842e+01 -2.505648e+00 
 1.618874e+01 -2.504714e+00 
 1.618907e+01 -2.510323e+00 
 1.618939e+01 -2.514160e+00 
 1.618971e+01 -2.517326e+00 
 1.619003e+01 -2.521403e+00 
 1.619036e+01 -2.521189e+00 
 1.619068e+01 -2.511367e+00 
 1.619100e+01 -2.503995e+00 
 1.619133e+01 -2.499972e+00 
 1.619165e+01 -2.480879e+00 
 1.619197e+01 -2.466471e+00 
 1.619230e+01 -2.451302e+00 
 1.619262e+01 -2.432678e+00 
 1.619294e+01 -2.416018e+00 
 1.619326e+01 -2.397968e+00 
 1.619359e+01 -2.377873e+00 
 1.619391e+01 -2.344832e+00 
 1.619423e+01 -2.312318e+00 
 1.619456e+01 -2.280567e+00 
 1.619488e+01 -2.242810e+00 
 1.619520e+01 -2.209078e+00 
 1.619553e+01 -2.161010e+00 
 1.619585e+01 -2.099609e+00 
 1.619617e+01 -2.053788e+00 
 1.619649e+01 -1.996424e+00 
 1.619682e+01 -1.946768e+00 
 1.619714e+01 -1.892596e+00 
 1.619746e+01 -1.837889e+00 
 1.619779e+01 -1.791019e+00 
 1.619811e+01 -1.742067e+00 
 1.619843e+01 -1.698011e+00 
 1.619876e+01 -1.659095e+00 
 1.619908e+01 -1.608485e+00 
 1.619940e+01 -1.567283e+00 
 1.619972e+01 -1.532546e+00 
 1.620005e+01 -1.484616e+00 
 1.620037e+01 -1.457282e+00 
 1.620069e+01 -1.421255e+00 
 1.620102e+01 -1.388370e+00 
 1.620134e+01 -1.362599e+00 
 1.620166e+01 -1.341288e+00 
 1.620199e+01 -1.323927e+00 
 1.620231e+01 -1.305284e+00 
 1.620263e+01 -1.289555e+00 
 1.620295e+01 -1.285852e+00 
 1.620328e+01 -1.286047e+00 
 1.620360e+01 -1.289172e+00 
 1.620392e+01 -1.305343e+00 
 1.620425e+01 -1.321827e+00 
 1.620457e+01 -1.342125e+00 
 1.620489e+01 -1.362050e+00 
 1.620521e+01 -1.386032e+00 
 1.620554e+01 -1.412436e+00 
 1.620586e+01 -1.431842e+00 
 1.620618e+01 -1.454078e+00 
 1.620651e+01 -1.480962e+00 
 1.620683e+01 -1.506717e+00 
 1.620715e+01 -1.536664e+00 
 1.620748e+01 -1.564434e+00 
 1.620780e+01 -1.592964e+00 
 1.620812e+01 -1.618802e+00 
 1.620844e+01 -1.639021e+00 
 1.620877e+01 -1.663732e+00 
 1.620909e+01 -1.689350e+00 
 1.620941e+01 -1.713111e+00 
 1.620974e+01 -1.731384e+00 
 1.621006e+01 -1.742800e+00 
 1.621038e+01 -1.757477e+00 
 1.621071e+01 -1.765124e+00 
 1.621103e+01 -1.763917e+00 
 1.621135e+01 -1.766437e+00 
 1.621167e+01 -1.768718e+00 
 1.621200e+01 -1.762252e+00 
 1.621232e+01 -1.758261e+00 
 1.621264e+01 -1.748052e+00 
 1.621297e+01 -1.735720e+00 
 1.621329e+01 -1.730263e+00 
 1.621361e+01 -1.717363e+00 
 1.621394e+01 -1.702613e+00 
 1.621426e+01 -1.686031e+00 
 1.621458e+01 -1.661975e+00 
 1.621490e+01 -1.633943e+00 
 1.621523e+01 -1.612406e+00 
 1.621555e+01 -1.597910e+00 
 1.621587e+01 -1.569224e+00 
 1.621620e+01 -1.531903e+00 
 1.621652e+01 -1.493658e+00 
 1.621684e+01 -1.458306e+00 
 1.621717e+01 -1.427855e+00 
 1.621749e+01 -1.452480e+00 
 1.621781e+01 -1.418784e+00 
 1.621813e+01 -1.390599e+00 
 1.621846e+01 -1.362831e+00 
 1.621878e+01 -1.335045e+00 
 1.621910e+01 -1.309458e+00 
 1.621943e+01 -1.280413e+00 
 1.621975e+01 -1.245929e+00 
 1.622007e+01 -1.213918e+00 
 1.622040e+01 -1.185221e+00 
 1.622072e+01 -1.159326e+00 
 1.622104e+01 -1.141570e+00 
 1.622136e+01 -1.115522e+00 
 1.622169e+01 -1.092115e+00 
 1.622201e+01 -1.073834e+00 
 1.622233e+01 -1.049421e+00 
 1.622266e+01 -1.031732e+00 
 1.622298e+01 -1.004475e+00 
 1.622330e+01 -9.932879e-01 
 1.622363e+01 -9.782296e-01 
 1.622395e+01 -9.555959e-01 
 1.622427e+01 -9.450851e-01 
 1.622459e+01 -9.312881e-01 
 1.622492e+01 -9.173155e-01 
 1.622524e+01 -9.085226e-01 
 1.622556e+01 -9.286627e-01 
 1.622589e+01 -9.564955e-01 
 1.622621e+01 -9.661347e-01 
 1.622653e+01 -9.700076e-01 
 1.622686e+01 -9.800051e-01 
 1.622718e+01 -9.857914e-01 
 1.622750e+01 -9.982473e-01 
 1.622782e+01 -1.008110e+00 
 1.622815e+01 -1.013034e+00 
 1.622847e+01 -1.018152e+00 
 1.622879e+01 -1.027036e+00 
 1.622912e+01 -1.033891e+00 
 1.622944e+01 -1.048540e+00 
 1.622976e+01 -1.066854e+00 
 1.623008e+01 -1.093149e+00 
 1.623041e+01 -1.118061e+00 
 1.623073e+01 -1.146029e+00 
 1.623105e+01 -1.174841e+00 
 1.623138e+01 -1.206169e+00 
 1.623170e+01 -1.234058e+00 
 1.623202e+01 -1.265938e+00 
 1.623235e+01 -1.294885e+00 
 1.623267e+01 -1.328551e+00 
 1.623299e+01 -1.360064e+00 
 1.623331e+01 -1.396890e+00 
 1.623364e+01 -1.434634e+00 
 1.623396e+01 -1.473581e+00 
 1.623428e+01 -1.515223e+00 
 1.623461e+01 -1.553331e+00 
 1.623493e+01 -1.589384e+00 
 1.623525e+01 -1.625921e+00 
 1.623558e+01 -1.662769e+00 
 1.623590e+01 -1.696844e+00 
 1.623622e+01 -1.728819e+00 
 1.623654e+01 -1.757217e+00 
 1.623687e+01 -1.778652e+00 
 1.623719e+01 -1.805269e+00 
 1.623751e+01 -1.831525e+00 
 1.623784e+01 -1.859581e+00 
 1.623816e+01 -1.889435e+00 
 1.623848e+01 -1.913294e+00 
 1.623881e+01 -1.886580e+00 
 1.623913e+01 -2.004547e+00 
 1.623945e+01 -1.974496e+00 
 1.623977e+01 -1.962206e+00 
 1.624010e+01 -1.939375e+00 
 1.624042e+01 -1.942059e+00 
 1.624074e+01 -1.928231e+00 
 1.624107e+01 -1.903309e+00 
 1.624139e+01 -1.919733e+00 
 1.624171e+01 -1.875875e+00 
 1.624204e+01 -1.869584e+00 
 1.624236e+01 -1.820513e+00 
 1.624268e+01 -1.834710e+00 
 1.624300e+01 -1.770994e+00 
 1.624333e+01 -1.769247e+00 
 1.624365e+01 -1.711050e+00 
 1.624397e+01 -1.685974e+00 
 1.624430e+01 -1.641795e+00 
 1.624462e+01 -1.605844e+00 
 1.624494e+01 -1.567627e+00 
 1.624527e+01 -1.537466e+00 
 1.624559e+01 -1.495988e+00 
 1.624591e+01 -1.443364e+00 
 1.624623e+01 -1.407329e+00 
 1.624656e+01 -1.371557e+00 
 1.624688e+01 -1.332341e+00 
 1.624720e+01 -1.283218e+00 
 1.624753e+01 -1.265421e+00 
 1.624785e+01 -1.201025e+00 
 1.624817e+01 -1.180836e+00 
 1.624850e+01 -1.123103e+00 
 1.624882e+01 -1.097142e+00 
 1.624914e+01 -1.046568e+00 
 1.624946e+01 -1.027745e+00 
 1.624979e+01 -1.014642e+00 
 1.625011e+01 -1.001757e+00 
 1.625043e+01 -9.749015e-01 
 1.625076e+01 -9.618614e-01 
 1.625108e+01 -9.433095e-01 
 1.625140e+01 -9.340765e-01 
 1.625173e+01 -9.238014e-01 
 1.625205e+01 -9.006516e-01 
 1.625237e+01 -9.051669e-01 
 1.625269e+01 -8.823562e-01 
 1.625302e+01 -8.886658e-01 
 1.625334e+01 -8.780145e-01 
 1.625366e+01 -8.850813e-01 
 1.625399e+01 -8.894637e-01 
 1.625431e+01 -8.807219e-01 
 1.625463e+01 -8.811722e-01 
 1.625495e+01 -8.719702e-01 
 1.625528e+01 -8.832281e-01 
 1.625560e+01 -8.792843e-01 
 1.625592e+01 -8.902282e-01 
 1.625625e+01 -9.634241e-01 
 1.625657e+01 -9.907469e-01 
 1.625689e+01 -1.018605e+00 
 1.625722e+01 -1.040706e+00 
 1.625754e+01 -1.083334e+00 
 1.625786e+01 -1.121203e+00 
 1.625818e+01 -1.166835e+00 
 1.625851e+01 -1.203142e+00 
 1.625883e+01 -1.218668e+00 
 1.625915e+01 -1.235651e+00 
 1.625948e+01 -1.284364e+00 
 1.625980e+01 -1.350367e+00 
 1.626012e+01 -1.371277e+00 
 1.626045e+01 -1.375246e+00 
 1.626077e+01 -1.407406e+00 
 1.626109e+01 -1.446551e+00 
 1.626141e+01 -1.484363e+00 
 1.626174e+01 -1.533980e+00 
 1.626206e+01 -1.572252e+00 
 1.626238e+01 -1.605303e+00 
 1.626271e+01 -1.625274e+00 
 1.626303e+01 -1.655095e+00 
 1.626335e+01 -1.679457e+00 
 1.626368e+01 -1.692866e+00 
 1.626400e+01 -1.699182e+00 
 1.626432e+01 -1.697507e+00 
 1.626464e+01 -1.689958e+00 
 1.626497e+01 -1.709288e+00 
 1.626529e+01 -1.776076e+00 
 1.626561e+01 -1.787311e+00 
 1.626594e+01 -1.805319e+00 
 1.626626e+01 -1.812471e+00 
 1.626658e+01 -1.838803e+00 
 1.626691e+01 -1.829543e+00 
 1.626723e+01 -1.850891e+00 
 1.626755e+01 -1.846329e+00 
 1.626787e+01 -1.840560e+00 
 1.626820e+01 -1.843769e+00 
 1.626852e+01 -1.838105e+00 
 1.626884e+01 -1.830900e+00 
 1.626917e+01 -1.827604e+00 
 1.626949e+01 -1.822429e+00 
 1.626981e+01 -1.818226e+00 
 1.627014e+01 -1.817127e+00 
 1.627046e+01 -1.816660e+00 
 1.627078e+01 -1.801134e+00 
 1.627110e+01 -1.802114e+00 
 1.627143e+01 -1.782316e+00 
 1.627175e+01 -1.761983e+00 
 1.627207e+01 -1.744739e+00 
 1.627240e+01 -1.712439e+00 
 1.627272e+01 -1.684692e+00 
 1.627304e+01 -1.657780e+00 
 1.627337e+01 -1.627072e+00 
 1.627369e+01 -1.607917e+00 
 1.627401e+01 -1.588723e+00 
 1.627433e+01 -1.564059e+00 
 1.627466e+01 -1.552345e+00 
 1.627498e+01 -1.519715e+00 
 1.627530e+01 -1.503954e+00 
 1.627563e+01 -1.478820e+00 
 1.627595e+01 -1.453555e+00 
 1.627627e+01 -1.417714e+00 
 1.627660e+01 -1.381800e+00 
 1.627692e+01 -1.349231e+00 
 1.627724e+01 -1.322852e+00 
 1.627756e+01 -1.291103e+00 
 1.627789e+01 -1.267919e+00 
 1.627821e+01 -1.246512e+00 
 1.627853e+01 -1.240495e+00 
 1.627886e+01 -1.224591e+00 
 1.627918e+01 -1.191569e+00 
 1.627950e+01 -1.164608e+00 
 1.627982e+01 -1.141255e+00 
 1.628015e+01 -1.132979e+00 
 1.628047e+01 -1.149031e+00 
 1.628079e+01 -1.123631e+00 
 1.628112e+01 -1.090248e+00 
 1.628144e+01 -1.072875e+00 
 1.628176e+01 -1.093940e+00 
 1.628209e+01 -1.101114e+00 
 1.628241e+01 -1.114808e+00 
 1.628273e+01 -1.123654e+00 
 1.628305e+01 -1.112674e+00 
 1.628338e+01 -1.115791e+00 
 1.628370e+01 -1.133137e+00 
 1.628402e+01 -1.145412e+00 
 1.628435e+01 -1.151168e+00 
 1.628467e+01 -1.150164e+00 
 1.628499e+01 -1.146517e+00 
 1.628532e+01 -1.144353e+00 
 1.628564e+01 -1.178874e+00 
 1.628596e+01 -1.191099e+00 
 1.628628e+01 -1.203960e+00 
 1.628661e+01 -1.198759e+00 
 1.628693e+01 -1.231247e+00 
 1.628725e+01 -1.262598e+00 
 1.628758e+01 -1.286125e+00 
 1.628790e+01 -1.311748e+00 
 1.628822e+01 -1.341865e+00 
 1.628855e+01 -1.361236e+00 
 1.628887e+01 -1.383167e+00 
 1.628919e+01 -1.395738e+00 
 1.628951e+01 -1.398667e+00 
 1.628984e+01 -1.419164e+00 
 1.629016e+01 -1.426699e+00 
 1.629048e+01 -1.445715e+00 
 1.629081e+01 -1.453815e+00 
 1.629113e+01 -1.473255e+00 
 1.629145e+01 -1.466750e+00 
 1.629178e+01 -1.467934e+00 
 1.629210e+01 -1.459568e+00 
 1.629242e+01 -1.453225e+00 
 1.629274e+01 -1.428002e+00 
 1.629307e+01 -1.419918e+00 
 1.629339e+01 -1.397935e+00 
 1.629371e+01 -1.383951e+00 
 1.629404e+01 -1.367530e+00 
 1.629436e+01 -1.345476e+00 
 1.629468e+01 -1.330010e+00 
 1.629501e+01 -1.295612e+00 
 1.629533e+01 -1.268745e+00 
 1.629565e+01 -1.237999e+00 
 1.629597e+01 -1.212209e+00 
 1.629630e+01 -1.173570e+00 
 1.629662e+01 -1.126933e+00 
 1.629694e+01 -1.072071e+00 
 1.629727e+01 -1.021425e+00 
 1.629759e+01 -9.925168e-01 
 1.629791e+01 -9.465602e-01 
 1.629824e+01 -9.054745e-01 
 1.629856e+01 -8.684900e-01 
 1.629888e+01 -8.307656e-01 
 1.629920e+01 -8.243017e-01 
 1.629953e+01 -7.925489e-01 
 1.629985e+01 -7.749081e-01 
 1.630017e+01 -7.406510e-01 
 1.630050e+01 -7.169252e-01 
 1.630082e+01 -6.844640e-01 
 1.630114e+01 -6.470678e-01 
 1.630147e+01 -5.934918e-01 
 1.630179e+01 -5.384684e-01 
 1.630211e+01 -4.885969e-01 
 1.630243e+01 -4.557611e-01 
 1.630276e+01 -4.387286e-01 
 1.630308e+01 -4.196179e-01 
 1.630340e+01 -3.999166e-01 
 1.630373e+01 -3.746112e-01 
 1.630405e+01 -3.628278e-01 
 1.630437e+01 -3.539373e-01 
 1.630469e+01 -3.360212e-01 
 1.630502e+01 -3.159762e-01 
 1.630534e+01 -2.872028e-01 
 1.630566e+01 -2.586930e-01 
 1.630599e+01 -2.526687e-01 
 1.630631e+01 -2.383804e-01 
 1.630663e+01 -2.204500e-01 
 1.630696e+01 -1.923971e-01 
 1.630728e+01 -1.793429e-01 
 1.630760e+01 -1.836754e-01 
 1.630792e+01 -1.805238e-01 
 1.630825e+01 -1.609651e-01 
 1.630857e+01 -1.469885e-01 
 1.630889e+01 -1.249167e-01 
 1.630922e+01 -1.795449e-01 
 1.630954e+01 -1.751361e-01 
 1.630986e+01 -1.672335e-01 
 1.631019e+01 -1.611099e-01 
 1.631051e+01 -1.579545e-01 
 1.631083e+01 -1.662367e-01 
 1.631115e+01 -1.678071e-01 
 1.631148e+01 -1.636893e-01 
 1.631180e+01 -1.641284e-01 
 1.631212e+01 -1.618303e-01 
 1.631245e+01 -1.504030e-01 
 1.631277e+01 -1.524387e-01 
 1.631309e+01 -1.518270e-01 
 1.631342e+01 -1.515302e-01 
 1.631374e+01 -1.599833e-01 
 1.631406e+01 -1.645199e-01 
 1.631438e+01 -1.592128e-01 
 1.631471e+01 -1.507383e-01 
 1.631503e+01 -1.349555e-01 
 1.631535e+01 -1.990025e-01 
 1.631568e+01 -2.116359e-01 
 1.631600e+01 -2.127677e-01 
 1.631632e+01 -1.962261e-01 
 1.631665e+01 -1.867058e-01 
 1.631697e+01 -2.247543e-01 
 1.631729e+01 -2.247041e-01 
 1.631761e+01 -2.267930e-01 
 1.631794e+01 -2.318569e-01 
 1.631826e+01 -2.429024e-01 
 1.631858e+01 -2.593167e-01 
 1.631891e+01 -3.038714e-01 
 1.631923e+01 -2.768470e-01 
 1.631955e+01 -2.450040e-01 
 1.631988e+01 -1.992685e-01 
 1.632020e+01 -3.363077e-01 
 1.632052e+01 -3.304592e-01 
 1.632084e+01 -3.165220e-01 
 1.632117e+01 -2.934231e-01 
 1.632149e+01 -2.580892e-01 
 1.632181e+01 -2.563911e-01 
 1.632214e+01 -2.410701e-01 
 1.632246e+01 -2.354107e-01 
 1.632278e+01 -2.277179e-01 
 1.632311e+01 -2.269580e-01 
 1.632343e+01 -2.213291e-01 
 1.632375e+01 -2.097112e-01 
 1.632407e+01 -1.625679e-01 
 1.632440e+01 -1.045273e-01 
 1.632472e+01 -3.856145e-02 
 1.632504e+01 -6.619709e-02 
 1.632537e+01 -4.651549e-02 
 1.632569e+01  4.648751e-03 
 1.632601e+01  4.645985e-02 
 1.632634e+01  1.048962e-01 
 1.632666e+01  1.178756e-01 
 1.632698e+01  1.686264e-01 
 1.632730e+01  2.234334e-01 
 1.632763e+01  2.845523e-01 
 1.632795e+01  3.391045e-01 
 1.632827e+01  3.864573e-01 
 1.632860e+01  3.958501e-01 
 1.632892e+01  4.568979e-01 
 1.632924e+01  5.145311e-01 
 1.632957e+01  5.814000e-01 
 1.632989e+01  6.496092e-01 
 1.633021e+01  7.126571e-01 
 1.633053e+01  7.730118e-01 
 1.633086e+01  8.383179e-01 
 1.633118e+01  9.075290e-01 
 1.633150e+01  9.833626e-01 
 1.633183e+01  1.026898e+00 
 1.633215e+01  1.096521e+00 
 1.633247e+01  1.134726e+00 
 1.633280e+01  1.198144e+00 
 1.633312e+01  1.253754e+00 
 1.633344e+01  1.300294e+00 
 1.633376e+01  1.348667e+00 
 1.633409e+01  1.392821e+00 
 1.633441e+01  1.439813e+00 
 1.633473e+01  1.477777e+00 
 1.633506e+01  1.524705e+00 
 1.633538e+01  1.569980e+00 
 1.633570e+01  1.615213e+00 
 1.633602e+01  1.651978e+00 
 1.633635e+01  1.693527e+00 
 1.633667e+01  1.704006e+00 
 1.633699e+01  1.748700e+00 
 1.633732e+01  1.737892e+00 
 1.633764e+01  1.742690e+00 
 1.633796e+01  1.727472e+00 
 1.633829e+01  1.703026e+00 
 1.633861e+01  1.691435e+00 
 1.633893e+01  1.682504e+00 
 1.633925e+01  1.668334e+00 
 1.633957e+01  1.663358e+00 
 1.633989e+01  1.655464e+00 
 1.634022e+01  1.652558e+00 
 1.634054e+01  1.649667e+00 
 1.634086e+01  1.637283e+00 
 1.634118e+01  1.620685e+00 
 1.634150e+01  1.603799e+00 
 1.634182e+01  1.594067e+00 
 1.634214e+01  1.599752e+00 
 1.634247e+01  1.585951e+00 
 1.634279e+01  1.558109e+00 
 1.634311e+01  1.540254e+00 
 1.634343e+01  1.520096e+00 
 1.634375e+01  1.519543e+00 
 1.634407e+01  1.526081e+00 
 1.634440e+01  1.541467e+00 
 1.634472e+01  1.561568e+00 
 1.634504e+01  1.524677e+00 
 1.634536e+01  1.533341e+00 
 1.634568e+01  1.537534e+00 
 1.634600e+01  1.535832e+00 
 1.634632e+01  1.537306e+00 
 1.634665e+01  1.539960e+00 
 1.634697e+01  1.545192e+00 
 1.634729e+01  1.564757e+00 
 1.634761e+01  1.587855e+00 
 1.634793e+01  1.620907e+00 
 1.634826e+01  1.664371e+00 
 1.634858e+01  1.690271e+00 
 1.634890e+01  1.721266e+00 
 1.634922e+01  1.756826e+00 
 1.634955e+01  1.784900e+00 
 1.634987e+01  1.837906e+00 
 1.635019e+01  1.888067e+00 
 1.635052e+01  1.925383e+00 
 1.635084e+01  1.970523e+00 
 1.635116e+01  2.006982e+00 
 1.635149e+01  2.045412e+00 
 1.635181e+01  2.097347e+00 
 1.635213e+01  2.141581e+00 
 1.635245e+01  2.187465e+00 
 1.635278e+01  2.224527e+00 
 1.635310e+01  2.254221e+00 
 1.635342e+01  2.282294e+00 
 1.635375e+01  2.299215e+00 
 1.635407e+01  2.321626e+00 
 1.635439e+01  2.344077e+00 
 1.635471e+01  2.368116e+00 
 1.635504e+01  2.392377e+00 
 1.635536e+01  2.406141e+00 
 1.635568e+01  2.422657e+00 
 1.635601e+01  2.443385e+00 
 1.635633e+01  2.465681e+00 
 1.635665e+01  2.470953e+00 
 1.635698e+01  2.486896e+00 
 1.635730e+01  2.478007e+00 
 1.635762e+01  2.492105e+00 
 1.635794e+01  2.498377e+00 
 1.635827e+01  2.497339e+00 
 1.635859e+01  2.500491e+00 
 1.635891e+01  2.508401e+00 
 1.635924e+01  2.518398e+00 
 1.635956e+01  2.528681e+00 
 1.635988e+01  2.533714e+00 
 1.636021e+01  2.537285e+00 
 1.636053e+01  2.536583e+00 
 1.636085e+01  2.548444e+00 
 1.636117e+01  2.545924e+00 
 1.636150e+01  2.559883e+00 
 1.636182e+01  2.568265e+00 
 1.636214e+01  2.567754e+00 
 1.636247e+01  2.577335e+00 
 1.636279e+01  2.581674e+00 
 1.636311e+01  2.584892e+00 
 1.636344e+01  2.588183e+00 
 1.636376e+01  2.586377e+00 
 1.636408e+01  2.592957e+00 
 1.636440e+01  2.602651e+00 
 1.636473e+01  2.605630e+00 
 1.636505e+01  2.602962e+00 
 1.636537e+01  2.596845e+00 
 1.636570e+01  2.585933e+00 
 1.636602e+01  2.578252e+00 
 1.636634e+01  2.552126e+00 
 1.636667e+01  2.525227e+00 
 1.636699e+01  2.497575e+00 
 1.636731e+01  2.463132e+00 
 1.636763e+01  2.426809e+00 
 1.636796e+01  2.395533e+00 
 1.636828e+01  2.365525e+00 
 1.636860e+01  2.329242e+00 
 1.636893e+01  2.288533e+00 
 1.636925e+01  2.248363e+00 
 1.636957e+01  2.208129e+00 
 1.636990e+01  2.175444e+00 
 1.637022e+01  2.139191e+00 
 1.637054e+01  2.102302e+00 
 1.637086e+01  2.057639e+00 
 1.637119e+01  1.989924e+00 
 1.637151e+01  1.916794e+00 
 1.637183e+01  1.855875e+00 
 1.637216e+01  1.770734e+00 
 1.637248e+01  1.714585e+00 
 1.637280e+01  1.660767e+00 
 1.637313e+01  1.611076e+00 
 1.637345e+01  1.561342e+00 
 1.637377e+01  1.519171e+00 
 1.637409e+01  1.478270e+00 
 1.637442e+01  1.434448e+00 
 1.637474e+01  1.394028e+00 
 1.637506e+01  1.358123e+00 
 1.637539e+01  1.288891e+00 
 1.637571e+01  1.257090e+00 
 1.637603e+01  1.225106e+00 
 1.637636e+01  1.175521e+00 
 1.637668e+01  1.132760e+00 
 1.637700e+01  1.102856e+00 
 1.637732e+01  1.089502e+00 
 1.637765e+01  1.084891e+00 
 1.637797e+01  1.087228e+00 
 1.637829e+01  1.092318e+00 
 1.637862e+01  1.097134e+00 
 1.637894e+01  1.102369e+00 
 1.637926e+01  1.109205e+00 
 1.637959e+01  1.113700e+00 
 1.637991e+01  1.119759e+00 
 1.638023e+01  1.118670e+00 
 1.638055e+01  1.116900e+00 
 1.638088e+01  1.123039e+00 
 1.638120e+01  1.119410e+00 
 1.638152e+01  1.110322e+00 
 1.638185e+01  1.109502e+00 
 1.638217e+01  1.119275e+00 
 1.638249e+01  1.131352e+00 
 1.638282e+01  1.136959e+00 
 1.638314e+01  1.146180e+00 
 1.638346e+01  1.128912e+00 
 1.638378e+01  1.123561e+00 
 1.638411e+01  1.118154e+00 
 1.638443e+01  1.110228e+00 
 1.638475e+01  1.097627e+00 
 1.638508e+01  1.086083e+00 
 1.638540e+01  1.076736e+00 
 1.638572e+01  1.060314e+00 
 1.638605e+01  1.047325e+00 
 1.638637e+01  1.029140e+00 
 1.638669e+01  9.955235e-01 
 1.638701e+01  9.643106e-01 
 1.638734e+01  9.417351e-01 
 1.638766e+01  9.229145e-01 
 1.638798e+01  9.029289e-01 
 1.638831e+01  8.837223e-01 
 1.638863e+01  8.593483e-01 
 1.638895e+01  8.312487e-01 
 1.638928e+01  8.059452e-01 
 1.638960e+01  7.762038e-01 
 1.638992e+01  7.446611e-01 
 1.639024e+01  7.062223e-01 
 1.639057e+01  6.682773e-01 
 1.639089e+01  6.357942e-01 
 1.639121e+01  6.043774e-01 
 1.639154e+01  5.611952e-01 
 1.639186e+01  5.084313e-01 
 1.639218e+01  4.596798e-01 
 1.639251e+01  4.201073e-01 
 1.639283e+01  3.885267e-01 
 1.639315e+01  3.569132e-01 
 1.639347e+01  3.212139e-01 
 1.639380e+01  2.795285e-01 
 1.639412e+01  2.378950e-01 
 1.639444e+01  1.969201e-01 
 1.639477e+01  1.551929e-01 
 1.639509e+01  1.143828e-01 
 1.639541e+01  7.460047e-02 
 1.639574e+01  4.271559e-02 
 1.639606e+01  1.076078e-02 
 1.639638e+01 -2.061349e-02 
 1.639670e+01 -6.556900e-02 
 1.639703e+01 -1.182146e-01 
 1.639735e+01 -1.667238e-01 
 1.639767e+01 -2.038702e-01 
 1.639800e+01 -2.377960e-01 
 1.639832e+01 -2.765918e-01 
 1.639864e+01 -3.171157e-01 
 1.639897e+01 -3.593213e-01 
 1.639929e+01 -4.070912e-01 
 1.639961e+01 -4.468158e-01 
 1.639993e+01 -4.819670e-01 
 1.640026e+01 -5.220073e-01 
 1.640058e+01 -5.563315e-01 
 1.640090e+01 -6.376084e-01 
 1.640123e+01 -6.563503e-01 
 1.640155e+01 -6.812427e-01 
 1.640187e+01 -7.179635e-01 
 1.640219e+01 -7.535483e-01 
 1.640252e+01 -7.876033e-01 
 1.640284e+01 -8.046691e-01 
 1.640316e+01 -8.147142e-01 
 1.640349e+01 -8.287995e-01 
 1.640381e+01 -8.326069e-01 
 1.640413e+01 -8.347525e-01 
 1.640446e+01 -8.377442e-01 
 1.640478e+01 -8.425495e-01 
 1.640510e+01 -8.499112e-01 
 1.640542e+01 -8.553349e-01 
 1.640575e+01 -8.640488e-01 
 1.640607e+01 -8.670159e-01 
 1.640639e+01 -8.562887e-01 
 1.640672e+01 -8.454919e-01 
 1.640704e+01 -8.338925e-01 
 1.640736e+01 -8.222036e-01 
 1.640769e+01 -7.984030e-01 
 1.640801e+01 -7.641364e-01 
 1.640833e+01 -7.467521e-01 
 1.640865e+01 -7.398063e-01 
 1.640898e+01 -7.312664e-01 
 1.640930e+01 -7.342854e-01 
 1.640962e+01 -7.484687e-01 
 1.640995e+01 -7.623562e-01 
 1.641027e+01 -7.846302e-01 
 1.641059e+01 -8.035622e-01 
 1.641092e+01 -8.145151e-01 
 1.641124e+01 -8.166672e-01 
 1.641156e+01 -8.094313e-01 
 1.641188e+01 -8.008614e-01 
 1.641221e+01 -7.951526e-01 
 1.641253e+01 -7.882292e-01 
 1.641285e+01 -7.801679e-01 
 1.641318e+01 -7.588605e-01 
 1.641350e+01 -7.395305e-01 
 1.641382e+01 -7.342429e-01 
 1.641415e+01 -7.401116e-01 
 1.641447e+01 -7.457702e-01 
 1.641479e+01 -7.465846e-01 
 1.641511e+01 -7.427018e-01 
 1.641544e+01 -7.349388e-01 
 1.641576e+01 -7.214034e-01 
 1.641608e+01 -7.039792e-01 
 1.641641e+01 -6.843435e-01 
 1.641673e+01 -6.522061e-01 
 1.641705e+01 -6.215487e-01 
 1.641738e+01 -5.973154e-01 
 1.641770e+01 -5.823572e-01 
 1.641802e+01 -5.674206e-01 
 1.641834e+01 -5.469966e-01 
 1.641867e+01 -5.319583e-01 
 1.641899e+01 -5.202330e-01 
 1.641931e+01 -5.137925e-01 
 1.641964e+01 -5.150459e-01 
 1.641996e+01 -5.131221e-01 
 1.642028e+01 -5.053752e-01 
 1.642061e+01 -4.936890e-01 
 1.642093e+01 -4.927962e-01 
 1.642125e+01 -4.962570e-01 
 1.642157e+01 -4.971513e-01 
 1.642190e+01 -5.025227e-01 
 1.642222e+01 -5.146265e-01 
 1.642254e+01 -5.354790e-01 
 1.642287e+01 -5.645331e-01 
 1.642319e+01 -5.909693e-01 
 1.642351e+01 -6.172350e-01 
 1.642384e+01 -6.469740e-01 
 1.642416e+01 -6.759858e-01 
 1.642448e+01 -7.102761e-01 
 1.642480e+01 -7.388030e-01 
 1.642513e+01 -7.633400e-01 
 1.642545e+01 -7.838895e-01 
 1.642577e+01 -7.984852e-01 
 1.642610e+01 -8.154241e-01 
 1.642642e+01 -8.284674e-01 
 1.642674e+01 -8.353606e-01 
 1.642706e+01 -8.351152e-01 
 1.642739e+01 -8.346737e-01 
 1.642771e+01 -8.367362e-01 
 1.642803e+01 -8.376419e-01 
 1.642836e+01 -8.297760e-01 
 1.642868e+01 -8.111993e-01 
 1.642900e+01 -7.847969e-01 
 1.642933e+01 -7.542240e-01 
 1.642965e+01 -7.167517e-01 
 1.642997e+01 -6.722202e-01 
 1.643029e+01 -6.224684e-01 
 1.643062e+01 -5.698384e-01 
 1.643094e+01 -5.123236e-01 
 1.643126e+01 -4.564616e-01 
 1.643159e+01 -4.017114e-01 
 1.643191e+01 -3.569685e-01 
 1.643223e+01 -2.977785e-01 
 1.643256e+01 -2.409983e-01 
 1.643288e+01 -1.903845e-01 
 1.643320e+01 -1.410480e-01 
 1.643352e+01 -8.775894e-02 
 1.643385e+01 -2.852353e-02 
 1.643417e+01  2.065613e-02 
 1.643449e+01  6.597092e-02 
 1.643482e+01  1.012270e-01 
 1.643514e+01  1.373831e-01 
 1.643546e+01  1.778864e-01 
 1.643579e+01  2.136558e-01 
 1.643611e+01  2.486565e-01 
 1.643643e+01  2.730078e-01 
 1.643675e+01  2.947787e-01 
 1.643708e+01  3.168889e-01 
 1.643740e+01  3.357811e-01 
 1.643772e+01  3.510928e-01 
 1.643805e+01  3.457826e-01 
 1.643837e+01  3.542764e-01 
 1.643869e+01  3.686805e-01 
 1.643902e+01  3.730230e-01 
 1.643934e+01  3.799308e-01 
 1.643966e+01  3.921943e-01 
 1.643998e+01  4.009492e-01 
 1.644031e+01  4.020411e-01 
 1.644063e+01  4.177275e-01 
 1.644095e+01  4.374900e-01 
 1.644128e+01  4.506583e-01 
 1.644160e+01  4.613363e-01 
 1.644192e+01  4.723104e-01 
 1.644225e+01  4.890169e-01 
 1.644257e+01  5.062889e-01 
 1.644289e+01  5.207956e-01 
 1.644321e+01  5.250422e-01 
 1.644354e+01  5.332962e-01 
 1.644386e+01  5.460964e-01 
 1.644418e+01  5.578977e-01 
 1.644451e+01  5.713716e-01 
 1.644483e+01  5.856877e-01 
 1.644515e+01  5.861919e-01 
 1.644548e+01  5.993191e-01 
 1.644580e+01  6.186859e-01 
 1.644612e+01  6.370157e-01 
 1.644644e+01  6.255808e-01 
 1.644677e+01  6.219818e-01 
 1.644709e+01  6.189784e-01 
 1.644741e+01  6.168344e-01 
 1.644774e+01  6.122803e-01 
 1.644806e+01  6.084974e-01 
 1.644838e+01  5.942015e-01 
 1.644871e+01  5.825183e-01 
 1.644903e+01  5.729325e-01 
 1.644935e+01  5.763625e-01 
 1.644967e+01  5.770070e-01 
 1.645000e+01  5.780722e-01 
 1.645032e+01  5.751081e-01 
 1.645064e+01  5.734650e-01 
 1.645097e+01  5.708823e-01 
 1.645129e+01  5.634236e-01 
 1.645161e+01  5.537841e-01 
 1.645194e+01  5.456471e-01 
 1.645226e+01  5.401924e-01 
 1.645258e+01  5.333837e-01 
 1.645290e+01  5.272335e-01 
 1.645323e+01  5.032123e-01 
 1.645355e+01  4.783754e-01 
 1.645387e+01  4.653386e-01 
 1.645420e+01  4.536469e-01 
 1.645452e+01  4.438163e-01 
 1.645484e+01  4.323118e-01 
 1.645517e+01  4.069998e-01 
 1.645549e+01  3.913561e-01 
 1.645581e+01  3.842025e-01 
 1.645613e+01  3.816620e-01 
 1.645646e+01  3.706098e-01 
 1.645678e+01  3.560990e-01 
 1.645710e+01  3.289789e-01 
 1.645743e+01  3.058062e-01 
 1.645775e+01  2.924723e-01 
 1.645807e+01  2.887887e-01 
 1.645839e+01  2.830492e-01 
 1.645872e+01  2.731272e-01 
 1.645904e+01  2.674806e-01 
 1.645936e+01  2.675101e-01 
 1.645969e+01  2.639193e-01 
 1.646001e+01  2.628885e-01 
 1.646033e+01  2.719671e-01 
 1.646066e+01  2.542173e-01 
 1.646098e+01  2.690361e-01 
 1.646130e+01  2.917523e-01 
 1.646162e+01  3.127364e-01 
 1.646195e+01  3.267165e-01 
 1.646227e+01  3.392265e-01 
 1.646259e+01  3.530495e-01 
 1.646292e+01  3.745998e-01 
 1.646324e+01  4.034086e-01 
 1.646356e+01  4.323996e-01 
 1.646389e+01  4.621842e-01 
 1.646421e+01  4.926069e-01 
 1.646453e+01  5.268766e-01 
 1.646485e+01  5.575764e-01 
 1.646518e+01  5.823409e-01 
 1.646550e+01  5.983073e-01 
 1.646582e+01  6.087170e-01 
 1.646615e+01  6.082637e-01 
 1.646647e+01  6.193168e-01 
 1.646679e+01  6.067464e-01 
 1.646712e+01  5.967534e-01 
 1.646744e+01  5.943513e-01 
 1.646776e+01  5.896213e-01 
 1.646808e+01  5.865894e-01 
 1.646841e+01  5.895147e-01 
 1.646873e+01  5.838561e-01 
 1.646905e+01  5.756599e-01 
 1.646938e+01  5.648200e-01 
 1.646970e+01  5.502115e-01 
 1.647002e+01  5.337600e-01 
 1.647035e+01  5.031746e-01 
 1.647067e+01  4.677049e-01 
 1.647099e+01  4.240096e-01 
 1.647131e+01  3.816169e-01 
 1.647164e+01  3.382615e-01 
 1.647196e+01  2.934198e-01 
 1.647228e+01  2.431302e-01 
 1.647261e+01  1.860445e-01 
 1.647293e+01  1.436534e-01 
 1.647325e+01  1.041031e-01 
 1.647358e+01  5.995953e-02 
 1.647390e+01  7.531231e-03 
 1.647422e+01 -4.955363e-02 
 1.647454e+01 -1.095312e-01 
 1.647487e+01 -1.704474e-01 
 1.647519e+01 -2.379417e-01 
 1.647551e+01 -3.102659e-01 
 1.647584e+01 -3.845365e-01 
 1.647616e+01 -4.518659e-01 
 1.647648e+01 -5.122904e-01 
 1.647681e+01 -5.654777e-01 
 1.647713e+01 -6.203320e-01 
 1.647745e+01 -6.743945e-01 
 1.647777e+01 -7.240430e-01 
 1.647810e+01 -7.691176e-01 
 1.647842e+01 -8.064979e-01 
 1.647874e+01 -8.434388e-01 
 1.647907e+01 -8.869847e-01 
 1.647939e+01 -9.317706e-01 
 1.647971e+01 -9.748141e-01 
 1.648004e+01 -1.011239e+00 
 1.648036e+01 -1.036395e+00 
 1.648068e+01 -1.063209e+00 
 1.648100e+01 -1.084088e+00 
 1.648133e+01 -1.100882e+00 
 1.648165e+01 -1.105733e+00 
 1.648197e+01 -1.101842e+00 
 1.648230e+01 -1.097328e+00 
 1.648262e+01 -1.098619e+00 
 1.648294e+01 -1.098309e+00 
 1.648327e+01 -1.093853e+00 
 1.648359e+01 -1.088245e+00 
 1.648391e+01 -1.084774e+00 
 1.648423e+01 -1.086064e+00 
 1.648456e+01 -1.097476e+00 
 1.648488e+01 -1.107750e+00 
 1.648520e+01 -1.115054e+00 
 1.648553e+01 -1.124415e+00 
 1.648585e+01 -1.136483e+00 
 1.648617e+01 -1.149642e+00 
 1.648649e+01 -1.165091e+00 
 1.648682e+01 -1.176804e+00 
 1.648714e+01 -1.188632e+00 
 1.648746e+01 -1.203243e+00 
 1.648779e+01 -1.224793e+00 
 1.648811e+01 -1.244659e+00 
 1.648843e+01 -1.260790e+00 
 1.648876e+01 -1.275084e+00 
 1.648908e+01 -1.288080e+00 
 1.648940e+01 -1.302742e+00 
 1.648972e+01 -1.322641e+00 
 1.649005e+01 -1.334148e+00 
 1.649037e+01 -1.342861e+00 
 1.649069e+01 -1.348952e+00 
 1.649102e+01 -1.360011e+00 
 1.649134e+01 -1.369976e+00 
 1.649166e+01 -1.382945e+00 
 1.649199e+01 -1.391936e+00 
 1.649231e+01 -1.394127e+00 
 1.649263e+01 -1.397001e+00 
 1.649295e+01 -1.401615e+00 
 1.649328e+01 -1.404322e+00 
 1.649360e+01 -1.402948e+00 
 1.649392e+01 -1.399186e+00 
 1.649425e+01 -1.397476e+00 
 1.649457e+01 -1.397911e+00 
 1.649489e+01 -1.401110e+00 
 1.649522e+01 -1.405325e+00 
 1.649554e+01 -1.406992e+00 
 1.649586e+01 -1.409065e+00 
 1.649618e+01 -1.414174e+00 
 1.649651e+01 -1.418775e+00 
 1.649683e+01 -1.420856e+00 
 1.649715e+01 -1.414898e+00 
 1.649748e+01 -1.407068e+00 
 1.649780e+01 -1.399222e+00 
 1.649812e+01 -1.393883e+00 
 1.649845e+01 -1.392131e+00 
 1.649877e+01 -1.389822e+00 
 1.649909e+01 -1.377548e+00 
 1.649941e+01 -1.360650e+00 
 1.649974e+01 -1.353228e+00 
 1.650006e+01 -1.341624e+00 
 1.650038e+01 -1.327702e+00 
 1.650071e+01 -1.312445e+00 
 1.650103e+01 -1.292210e+00 
 1.650135e+01 -1.278282e+00 
 1.650168e+01 -1.264334e+00 
 1.650200e+01 -1.246426e+00 
 1.650232e+01 -1.231112e+00 
 1.650264e+01 -1.213932e+00 
 1.650297e+01 -1.202148e+00 
 1.650329e+01 -1.195722e+00 
 1.650361e+01 -1.191355e+00 
 1.650394e+01 -1.185450e+00 
 1.650426e+01 -1.180600e+00 
 1.650458e+01 -1.175669e+00 
 1.650491e+01 -1.172667e+00 
 1.650523e+01 -1.170767e+00 
 1.650555e+01 -1.165173e+00 
 1.650587e+01 -1.159457e+00 
 1.650620e+01 -1.156634e+00 
 1.650652e+01 -1.162122e+00 
 1.650684e+01 -1.165542e+00 
 1.650717e+01 -1.170251e+00 
 1.650749e+01 -1.171539e+00 
 1.650781e+01 -1.174826e+00 
 1.650814e+01 -1.176864e+00 
 1.650846e+01 -1.178301e+00 
 1.650878e+01 -1.179446e+00 
 1.650910e+01 -1.169348e+00 
 1.650943e+01 -1.154244e+00 
 1.650975e+01 -1.133761e+00 
 1.651007e+01 -1.111250e+00 
 1.651040e+01 -1.084820e+00 
 1.651072e+01 -1.052984e+00 
 1.651104e+01 -1.013388e+00 
 1.651137e+01 -9.786030e-01 
 1.651169e+01 -9.445799e-01 
 1.651201e+01 -9.073892e-01 
 1.651233e+01 -8.657752e-01 
 1.651266e+01 -8.227766e-01 
 1.651298e+01 -7.772394e-01 
 1.651330e+01 -7.339215e-01 
 1.651363e+01 -6.962276e-01 
 1.651395e+01 -6.576414e-01 
 1.651427e+01 -6.171713e-01 
 1.651460e+01 -5.815618e-01 
 1.651492e+01 -5.487983e-01 
 1.651524e+01 -5.190009e-01 
 1.651556e+01 -4.930031e-01 
 1.651589e+01 -4.679818e-01 
 1.651621e+01 -4.476277e-01 
 1.651653e+01 -4.337969e-01 
 1.651686e+01 -4.259114e-01 
 1.651718e+01 -4.097708e-01 
 1.651750e+01 -3.943280e-01 
 1.651782e+01 -3.816789e-01 
 1.651815e+01 -3.661388e-01 
 1.651847e+01 -3.527656e-01 
 1.651879e+01 -3.492097e-01 
 1.651912e+01 -3.405758e-01 
 1.651944e+01 -3.311297e-01 
 1.651976e+01 -3.254928e-01 
 1.652009e+01 -3.194134e-01 
 1.652041e+01 -3.170544e-01 
 1.652073e+01 -3.141035e-01 
 1.652105e+01 -3.077507e-01 
 1.652138e+01 -3.044297e-01 
 1.652170e+01 -3.018518e-01 
 1.652202e+01 -2.963447e-01 
 1.652235e+01 -2.877874e-01 
 1.652267e+01 -2.772259e-01 
 1.652299e+01 -2.629960e-01 
 1.652332e+01 -2.499072e-01 
 1.652364e+01 -2.422522e-01 
 1.652396e+01 -2.358335e-01 
 1.652428e+01 -2.320338e-01 
 1.652461e+01 -2.290053e-01 
 1.652493e+01 -2.241009e-01 
 1.652525e+01 -2.203948e-01 
 1.652558e+01 -2.155023e-01 
 1.652590e+01 -2.128382e-01 
 1.652622e+01 -2.094465e-01 
 1.652655e+01 -2.099408e-01 
 1.652687e+01 -2.173827e-01 
 1.652719e+01 -2.292679e-01 
 1.652751e+01 -2.376647e-01 
 1.652784e+01 -2.479709e-01 
 1.652816e+01 -2.618474e-01 
 1.652848e+01 -2.775465e-01 
 1.652881e+01 -2.976050e-01 
 1.652913e+01 -3.171886e-01 
 1.652945e+01 -3.342867e-01 
 1.652978e+01 -3.493314e-01 
 1.653010e+01 -3.630946e-01 
 1.653042e+01 -3.766322e-01 
 1.653074e+01 -3.900618e-01 
 1.653107e+01 -4.000364e-01 
 1.653139e+01 -4.057917e-01 
 1.653171e+01 -4.133801e-01 
 1.653204e+01 -4.268847e-01 
 1.653236e+01 -4.415930e-01 
 1.653268e+01 -4.551458e-01 
 1.653301e+01 -4.650887e-01 
 1.653333e+01 -4.728312e-01 
 1.653365e+01 -4.787217e-01 
 1.653397e+01 -4.827104e-01 
 1.653430e+01 -4.892364e-01 
 1.653462e+01 -4.908195e-01 
 1.653494e+01 -4.887333e-01 
 1.653527e+01 -4.897540e-01 
 1.653559e+01 -5.133660e-01 
 1.653591e+01 -5.390271e-01 
 1.653624e+01 -5.479474e-01 
 1.653656e+01 -5.556465e-01 
 1.653688e+01 -5.682360e-01 
 1.653720e+01 -5.865149e-01 
 1.653753e+01 -6.072922e-01 
 1.653785e+01 -6.242770e-01 
 1.653817e+01 -6.374389e-01 
 1.653850e+01 -6.507974e-01 
 1.653882e+01 -6.636554e-01 
 1.653914e+01 -6.800850e-01 
 1.653947e+01 -7.005172e-01 
 1.653979e+01 -7.226421e-01 
 1.654011e+01 -7.482018e-01 
 1.654043e+01 -7.738837e-01 
 1.654076e+01 -8.038662e-01 
 1.654108e+01 -8.415015e-01 
 1.654140e+01 -8.665301e-01 
 1.654173e+01 -8.867437e-01 
 1.654205e+01 -9.049970e-01 
 1.654237e+01 -9.220029e-01 
 1.654270e+01 -9.350792e-01 
 1.654302e+01 -9.416597e-01 
 1.654334e+01 -9.442084e-01 
 1.654366e+01 -9.453781e-01 
 1.654399e+01 -9.461534e-01 
 1.654431e+01 -9.501098e-01 
 1.654463e+01 -9.540643e-01 
 1.654496e+01 -9.560031e-01 
 1.654528e+01 -9.553464e-01 
 1.654560e+01 -9.525448e-01 
 1.654592e+01 -9.467449e-01 
 1.654625e+01 -9.377765e-01 
 1.654657e+01 -9.237928e-01 
 1.654689e+01 -9.044405e-01 
 1.654722e+01 -8.845679e-01 
 1.654754e+01 -8.669168e-01 
 1.654786e+01 -8.498780e-01 
 1.654819e+01 -8.328937e-01 
 1.654851e+01 -8.139213e-01 
 1.654883e+01 -7.950482e-01 
 1.654915e+01 -7.793410e-01 
 1.654948e+01 -7.649788e-01 
 1.654980e+01 -7.498783e-01 
 1.655012e+01 -7.319987e-01 
 1.655045e+01 -7.090508e-01 
 1.655077e+01 -6.854851e-01 
 1.655109e+01 -6.616420e-01 
 1.655142e+01 -6.339044e-01 
 1.655174e+01 -6.062557e-01 
 1.655206e+01 -5.798628e-01 
 1.655238e+01 -5.578183e-01 
 1.655271e+01 -5.414518e-01 
 1.655303e+01 -5.293597e-01 
 1.655335e+01 -5.180543e-01 
 1.655368e+01 -5.051425e-01 
 1.655400e+01 -4.914266e-01 
 1.655432e+01 -4.802063e-01 
 1.655465e+01 -4.690898e-01 
 1.655497e+01 -4.595391e-01 
 1.655529e+01 -4.474214e-01 
 1.655561e+01 -4.539018e-01 
 1.655594e+01 -4.485182e-01 
 1.655626e+01 -4.439605e-01 
 1.655658e+01 -4.407399e-01 
 1.655691e+01 -4.411923e-01 
 1.655723e+01 -4.458584e-01 
 1.655755e+01 -4.545673e-01 
 1.655788e+01 -4.680511e-01 
 1.655820e+01 -4.803202e-01 
 1.655852e+01 -4.875781e-01 
 1.655884e+01 -4.905698e-01 
 1.655917e+01 -4.979483e-01 
 1.655949e+01 -4.976698e-01 
 1.655981e+01 -4.957651e-01 
 1.656014e+01 -4.912478e-01 
 1.656046e+01 -4.823825e-01 
 1.656078e+01 -4.704197e-01 
 1.656111e+01 -4.575034e-01 
 1.656143e+01 -4.383496e-01 
 1.656175e+01 -4.206122e-01 
 1.656207e+01 -3.956304e-01 
 1.656240e+01 -3.696326e-01 
 1.656272e+01 -3.415050e-01 
 1.656304e+01 -3.121931e-01 
 1.656337e+01 -2.818627e-01 
 1.656369e+01 -2.495926e-01 
 1.656401e+01 -2.213898e-01 
 1.656434e+01 -1.866942e-01 
 1.656466e+01 -1.575693e-01 
 1.656498e+01 -1.254038e-01 
 1.656530e+01 -9.737130e-02 
 1.656563e+01 -6.655308e-02 
 1.656595e+01 -4.969769e-02 
 1.656627e+01 -2.338407e-02 
 1.656660e+01  1.507045e-02 
 1.656692e+01  5.116274e-02 
 1.656724e+01  8.423619e-02 
 1.656757e+01  1.130907e-01 
 1.656789e+01  1.377981e-01 
 1.656821e+01  1.580473e-01 
 1.656853e+01  1.761434e-01 
 1.656886e+01  1.948805e-01 
 1.656918e+01  2.132297e-01 
 1.656950e+01  2.296001e-01 
 1.656983e+01  2.331276e-01 
 1.657015e+01  2.422257e-01 
 1.657047e+01  2.549404e-01 
 1.657080e+01  2.630278e-01 
 1.657112e+01  2.880832e-01 
 1.657144e+01  3.240473e-01 
 1.657176e+01  3.536822e-01 
 1.657209e+01  3.772684e-01 
 1.657241e+01  3.976194e-01 
 1.657273e+01  4.174091e-01 
 1.657306e+01  4.337661e-01 
 1.657338e+01  4.465975e-01 
 1.657370e+01  4.652131e-01 
 1.657402e+01  4.794303e-01 
 1.657435e+01  4.948197e-01 
 1.657467e+01  5.008279e-01 
 1.657499e+01  5.025930e-01 
 1.657532e+01  5.136839e-01 
 1.657564e+01  5.212502e-01 
 1.657596e+01  5.273451e-01 
 1.657629e+01  5.447361e-01 
 1.657661e+01  5.631738e-01 
 1.657693e+01  5.737973e-01 
 1.657725e+01  5.736270e-01 
 1.657758e+01  5.734930e-01 
 1.657790e+01  5.706150e-01 
 1.657822e+01  5.637222e-01 
 1.657855e+01  5.511985e-01 
 1.657887e+01  5.453919e-01 
 1.657919e+01  5.233712e-01 
 1.657952e+01  5.209462e-01 
 1.657984e+01  5.269146e-01 
 1.658016e+01  5.333969e-01 
 1.658048e+01  5.434756e-01 
 1.658081e+01  5.492604e-01 
 1.658113e+01  5.592956e-01 
 1.658145e+01  5.808893e-01 
 1.658178e+01  6.020781e-01 
 1.658210e+01  6.168062e-01 
 1.658242e+01  6.229892e-01 
 1.658275e+01  6.288998e-01 
 1.658307e+01  6.327530e-01 
 1.658339e+01  6.395595e-01 
 1.658371e+01  6.510657e-01 
 1.658404e+01  6.652750e-01 
 1.658436e+01  6.783521e-01 
 1.658468e+01  6.927816e-01 
 1.658501e+01  7.056136e-01 
 1.658533e+01  7.161661e-01 
 1.658565e+01  7.141338e-01 
 1.658598e+01  7.066868e-01 
 1.658630e+01  7.064136e-01 
 1.658662e+01  7.108982e-01 
 1.658694e+01  6.993901e-01 
 1.658727e+01  6.765595e-01 
 1.658759e+01  6.597046e-01 
 1.658791e+01  6.448815e-01 
 1.658824e+01  6.254542e-01 
 1.658856e+01  6.000231e-01 
 1.658888e+01  5.896440e-01 
 1.658921e+01  5.747057e-01 
 1.658953e+01  5.678455e-01 
 1.658985e+01  5.745056e-01 
 1.659017e+01  5.844908e-01 
 1.659050e+01  5.989353e-01 
 1.659082e+01  6.079648e-01 
 1.659114e+01  6.196039e-01 
 1.659147e+01  6.434138e-01 
 1.659179e+01  6.810375e-01 
 1.659211e+01  7.236509e-01 
 1.659244e+01  7.620692e-01 
 1.659276e+01  8.052468e-01 
 1.659308e+01  8.433482e-01 
 1.659340e+01  8.734993e-01 
 1.659373e+01  9.004907e-01 
 1.659405e+01  9.291460e-01 
 1.659437e+01  9.593363e-01 
 1.659470e+01  9.909867e-01 
 1.659502e+01  1.023757e+00 
 1.659534e+01  1.054321e+00 
 1.659567e+01  1.083534e+00 
 1.659599e+01  1.109355e+00 
 1.659631e+01  1.134396e+00 
 1.659663e+01  1.164365e+00 
 1.659696e+01  1.173226e+00 
 1.659728e+01  1.192441e+00 
 1.659760e+01  1.205633e+00 
 1.659793e+01  1.218687e+00 
 1.659825e+01  1.222836e+00 
 1.659857e+01  1.225896e+00 
 1.659890e+01  1.230768e+00 
 1.659922e+01  1.230870e+00 
 1.659954e+01  1.244858e+00 
 1.659986e+01  1.236969e+00 
 1.660019e+01  1.254123e+00 
 1.660051e+01  1.260496e+00 
 1.660083e+01  1.273845e+00 
 1.660116e+01  1.291180e+00 
 1.660148e+01  1.308966e+00 
 1.660180e+01  1.333915e+00 
 1.660213e+01  1.362438e+00 
 1.660245e+01  1.382807e+00 
 1.660277e+01  1.397977e+00 
 1.660309e+01  1.406522e+00 
 1.660342e+01  1.411084e+00 
 1.660374e+01  1.416633e+00 
 1.660406e+01  1.421659e+00 
 1.660439e+01  1.428186e+00 
 1.660471e+01  1.431348e+00 
 1.660503e+01  1.433261e+00 
 1.660536e+01  1.431827e+00 
 1.660568e+01  1.430480e+00 
 1.660600e+01  1.417406e+00 
 1.660632e+01  1.387938e+00 
 1.660665e+01  1.357681e+00 
 1.660697e+01  1.336344e+00 
 1.660729e+01  1.317339e+00 
 1.660762e+01  1.283204e+00 
 1.660794e+01  1.242540e+00 
 1.660826e+01  1.201996e+00 
 1.660858e+01  1.154742e+00 
 1.660891e+01  1.111979e+00 
 1.660923e+01  1.089456e+00 
 1.660955e+01  1.074037e+00 
 1.660988e+01  1.059158e+00 
 1.661020e+01  1.047206e+00 
 1.661052e+01  1.038180e+00 
 1.661084e+01  1.033393e+00 
 1.661116e+01  1.017697e+00 
 1.661148e+01  9.994944e-01 
 1.661180e+01  9.815787e-01 
 1.661213e+01  9.786165e-01 
 1.661245e+01  9.903979e-01 
 1.661277e+01  9.872666e-01 
 1.661309e+01  9.788143e-01 
 1.661342e+01  9.574213e-01 
 1.661374e+01  9.413759e-01 
 1.661406e+01  9.291835e-01 
 1.661438e+01  9.155719e-01 
 1.661471e+01  8.961650e-01 
 1.661503e+01  8.764102e-01 
 1.661535e+01  8.528955e-01 
 1.661568e+01  8.298485e-01 
 1.661600e+01  8.019244e-01 
 1.661632e+01  7.692771e-01 
 1.661665e+01  7.259052e-01 
 1.661697e+01  6.836975e-01 
 1.661729e+01  6.501694e-01 
 1.661761e+01  6.261694e-01 
 1.661794e+01  5.962950e-01 
 1.661826e+01  5.609066e-01 
 1.661858e+01  5.255095e-01 
 1.661891e+01  4.874089e-01 
 1.661923e+01  4.526194e-01 
 1.661955e+01  4.208984e-01 
 1.661988e+01  3.991246e-01 
 1.662020e+01  3.765417e-01 
 1.662052e+01  3.551420e-01 
 1.662084e+01  3.357562e-01 
 1.662117e+01  3.157617e-01 
 1.662149e+01  2.845600e-01 
 1.662181e+01  2.512154e-01 
 1.662214e+01  2.220554e-01 
 1.662246e+01  2.029825e-01 
 1.662278e+01  1.841182e-01 
 1.662311e+01  1.596041e-01 
 1.662343e+01  1.394311e-01 
 1.662375e+01  1.147432e-01 
 1.662407e+01  9.172225e-02 
 1.662440e+01  7.670282e-02 
 1.662472e+01  5.443059e-02 
 1.662504e+01  3.050175e-02 
 1.662537e+01  8.946195e-03 
 1.662569e+01 -1.643229e-02 
 1.662601e+01 -3.905265e-02 
 1.662634e+01 -5.162047e-02 
 1.662666e+01 -1.007563e-01 
 1.662698e+01 -1.517087e-01 
 1.662730e+01 -1.950700e-01 
 1.662763e+01 -2.320016e-01 
 1.662795e+01 -2.704323e-01 
 1.662827e+01 -3.127479e-01 
 1.662860e+01 -3.513784e-01 
 1.662892e+01 -3.890109e-01 
 1.662924e+01 -4.217322e-01 
 1.662956e+01 -4.535727e-01 
 1.662988e+01 -4.820974e-01 
 1.663021e+01 -5.090520e-01 
 1.663053e+01 -5.480741e-01 
 1.663085e+01 -5.881050e-01 
 1.663117e+01 -6.292363e-01 
 1.663149e+01 -6.791528e-01 
 1.663181e+01 -7.282207e-01 
 1.663213e+01 -7.771646e-01 
 1.663246e+01 -8.177970e-01 
 1.663278e+01 -8.474153e-01 
 1.663310e+01 -8.650139e-01 
 1.663343e+01 -8.875272e-01 
 1.663375e+01 -9.122226e-01 
 1.663407e+01 -9.352912e-01 
 1.663440e+01 -9.579732e-01 
 1.663472e+01 -9.762148e-01 
 1.663504e+01 -9.953212e-01 
 1.663536e+01 -1.022839e+00 
 1.663569e+01 -1.061680e+00 
 1.663601e+01 -1.088709e+00 
 1.663633e+01 -1.122687e+00 
 1.663666e+01 -1.163836e+00 
 1.663698e+01 -1.201047e+00 
 1.663730e+01 -1.226250e+00 
 1.663763e+01 -1.247513e+00 
 1.663795e+01 -1.252919e+00 
 1.663827e+01 -1.253874e+00 
 1.663859e+01 -1.257202e+00 
 1.663892e+01 -1.262537e+00 
 1.663924e+01 -1.244937e+00 
 1.663956e+01 -1.259928e+00 
 1.663989e+01 -1.266223e+00 
 1.664021e+01 -1.272233e+00 
 1.664053e+01 -1.267281e+00 
 1.664086e+01 -1.261095e+00 
 1.664118e+01 -1.253171e+00 
 1.664150e+01 -1.248640e+00 
 1.664182e+01 -1.243150e+00 
 1.664215e+01 -1.224951e+00 
 1.664247e+01 -1.202357e+00 
 1.664279e+01 -1.166249e+00 
 1.664312e+01 -1.128188e+00 
 1.664344e+01 -1.089893e+00 
 1.664376e+01 -1.051354e+00 
 1.664408e+01 -1.022208e+00 
 1.664441e+01 -9.866699e-01 
 1.664473e+01 -9.580545e-01 
 1.664505e+01 -9.303777e-01 
 1.664538e+01 -9.052240e-01 
 1.664570e+01 -8.749539e-01 
 1.664602e+01 -8.453829e-01 
 1.664635e+01 -8.182581e-01 
 1.664667e+01 -7.964376e-01 
 1.664699e+01 -7.742181e-01 
 1.664731e+01 -7.515145e-01 
 1.664764e+01 -7.292956e-01 
 1.664796e+01 -7.073632e-01 
 1.664828e+01 -6.813261e-01 
 1.664861e+01 -6.636507e-01 
 1.664893e+01 -6.534852e-01 
 1.664925e+01 -6.477293e-01 
 1.664958e+01 -6.469517e-01 
 1.664990e+01 -6.483529e-01 
 1.665022e+01 -6.459203e-01 
 1.665054e+01 -6.460039e-01 
 1.665087e+01 -6.418116e-01 
 1.665119e+01 -6.398469e-01 
 1.665151e+01 -6.440058e-01 
 1.665184e+01 -6.543430e-01 
 1.665216e+01 -6.589722e-01 
 1.665248e+01 -6.603876e-01 
 1.665281e+01 -6.587448e-01 
 1.665313e+01 -6.535776e-01 
 1.665345e+01 -6.463634e-01 
 1.665377e+01 -6.123942e-01 
 1.665410e+01 -6.042527e-01 
 1.665442e+01 -6.006932e-01 
 1.665474e+01 -5.955261e-01 
 1.665507e+01 -5.860950e-01 
 1.665539e+01 -5.836728e-01 
 1.665571e+01 -5.806153e-01 
 1.665604e+01 -5.779466e-01 
 1.665636e+01 -5.701481e-01 
 1.665668e+01 -5.715607e-01 
 1.665700e+01 -5.736966e-01 
 1.665733e+01 -5.465173e-01 
 1.665765e+01 -5.366870e-01 
 1.665797e+01 -5.235977e-01 
 1.665830e+01 -5.073964e-01 
 1.665862e+01 -4.907097e-01 
 1.665894e+01 -4.723565e-01 
 1.665927e+01 -4.661954e-01 
 1.665959e+01 -4.654303e-01 
 1.665991e+01 -4.643285e-01 
 1.666023e+01 -4.682586e-01 
 1.666056e+01 -4.721002e-01 
 1.666088e+01 -4.768219e-01 
 1.666120e+01 -4.802624e-01 
 1.666153e+01 -4.223945e-01 
 1.666185e+01 -4.192894e-01 
 1.666217e+01 -4.188903e-01 
 1.666250e+01 -4.194252e-01 
 1.666282e+01 -4.176772e-01 
 1.666314e+01 -4.171066e-01 
 1.666346e+01 -4.171906e-01 
 1.666379e+01 -4.251906e-01 
 1.666411e+01 -4.443318e-01 
 1.666443e+01 -4.718835e-01 
 1.666476e+01 -4.995377e-01 
 1.666508e+01 -5.394278e-01 
 1.666540e+01 -5.853450e-01 
 1.666573e+01 -6.133175e-01 
 1.666605e+01 -6.345813e-01 
 1.666637e+01 -6.586336e-01 
 1.666669e+01 -6.688480e-01 
 1.666702e+01 -6.796108e-01 
 1.666734e+01 -6.934092e-01 
 1.666766e+01 -7.101666e-01 
 1.666799e+01 -7.209832e-01 
 1.666831e+01 -7.366931e-01 
 1.666863e+01 -7.474337e-01 
 1.666896e+01 -7.621325e-01 
 1.666928e+01 -7.787147e-01 
 1.666960e+01 -8.007940e-01 
 1.666992e+01 -8.220620e-01 
 1.667025e+01 -8.362580e-01 
 1.667057e+01 -8.446945e-01 
 1.667089e+01 -8.605026e-01 
 1.667122e+01 -8.721944e-01 
 1.667154e+01 -8.863537e-01 
 1.667186e+01 -9.013871e-01 
 1.667218e+01 -9.167189e-01 
 1.667251e+01 -9.490794e-01 
 1.667283e+01 -9.724106e-01 
 1.667315e+01 -9.920273e-01 
 1.667348e+01 -1.007690e+00 
 1.667380e+01 -1.026577e+00 
 1.667412e+01 -1.044025e+00 
 1.667445e+01 -1.062970e+00 
 1.667477e+01 -1.086640e+00 
 1.667509e+01 -1.112853e+00 
 1.667541e+01 -1.135666e+00 
 1.667574e+01 -1.159072e+00 
 1.667606e+01 -1.187023e+00 
 1.667638e+01 -1.214693e+00 
 1.667671e+01 -1.236111e+00 
 1.667703e+01 -1.262697e+00 
 1.667735e+01 -1.292450e+00 
 1.667768e+01 -1.317269e+00 
 1.667800e+01 -1.344017e+00 
 1.667832e+01 -1.369406e+00 
 1.667864e+01 -1.388662e+00 
 1.667897e+01 -1.414174e+00 
 1.667929e+01 -1.441040e+00 
 1.667961e+01 -1.472891e+00 
 1.667994e+01 -1.507684e+00 
 1.668026e+01 -1.540475e+00 
 1.668058e+01 -1.574413e+00 
 1.668091e+01 -1.604573e+00 
 1.668123e+01 -1.635929e+00 
 1.668155e+01 -1.665621e+00 
 1.668187e+01 -1.692885e+00 
 1.668220e+01 -1.717554e+00 
 1.668252e+01 -1.741555e+00 
 1.668284e+01 -1.765847e+00 
 1.668317e+01 -1.789619e+00 
 1.668349e+01 -1.812737e+00 
 1.668381e+01 -1.835705e+00 
 1.668414e+01 -1.864091e+00 
 1.668446e+01 -1.891231e+00 
 1.668478e+01 -1.918037e+00 
 1.668510e+01 -1.941086e+00 
 1.668543e+01 -1.957562e+00 
 1.668575e+01 -1.966962e+00 
 1.668607e+01 -1.972837e+00 
 1.668640e+01 -1.972924e+00 
 1.668672e+01 -1.970286e+00 
 1.668704e+01 -1.965897e+00 
 1.668737e+01 -1.958977e+00 
 1.668769e+01 -1.954963e+00 
 1.668801e+01 -1.951622e+00 
 1.668833e+01 -1.947654e+00 
 1.668866e+01 -1.942815e+00 
 1.668898e+01 -1.937083e+00 
 1.668930e+01 -1.928389e+00 
 1.668963e+01 -1.918143e+00 
 1.668995e+01 -1.906892e+00 
 1.669027e+01 -1.889966e+00 
 1.669060e+01 -1.865839e+00 
 1.669092e+01 -1.832841e+00 
 1.669124e+01 -1.798385e+00 
 1.669156e+01 -1.762840e+00 
 1.669189e+01 -1.729414e+00 
 1.669221e+01 -1.697480e+00 
 1.669253e+01 -1.667617e+00 
 1.669286e+01 -1.643323e+00 
 1.669318e+01 -1.624898e+00 
 1.669350e+01 -1.608920e+00 
 1.669383e+01 -1.594347e+00 
 1.669415e+01 -1.576639e+00 
 1.669447e+01 -1.553959e+00 
 1.669479e+01 -1.527802e+00 
 1.669512e+01 -1.496334e+00 
 1.669544e+01 -1.464544e+00 
 1.669576e+01 -1.430430e+00 
 1.669609e+01 -1.395542e+00 
 1.669641e+01 -1.358797e+00 
 1.669673e+01 -1.329205e+00 
 1.669706e+01 -1.303980e+00 
 1.669738e+01 -1.279434e+00 
 1.669770e+01 -1.257287e+00 
 1.669802e+01 -1.239084e+00 
 1.669835e+01 -1.217455e+00 
 1.669867e+01 -1.191785e+00 
 1.669899e+01 -1.166845e+00 
 1.669932e+01 -1.135769e+00 
 1.669964e+01 -1.103098e+00 
 1.669996e+01 -1.070861e+00 
 1.670029e+01 -1.039684e+00 
 1.670061e+01 -9.951169e-01 
 1.670093e+01 -9.649184e-01 
 1.670125e+01 -9.347634e-01 
 1.670158e+01 -9.067911e-01 
 1.670190e+01 -8.852002e-01 
 1.670222e+01 -8.668761e-01 
 1.670255e+01 -8.480332e-01 
 1.670287e+01 -8.278496e-01 
 1.670319e+01 -8.076075e-01 
 1.670352e+01 -7.899524e-01 
 1.670384e+01 -7.678729e-01 
 1.670416e+01 -7.488480e-01 
 1.670448e+01 -7.325959e-01 
 1.670481e+01 -7.115840e-01 
 1.670513e+01 -6.997279e-01 
 1.670545e+01 -6.884810e-01 
 1.670578e+01 -6.869935e-01 
 1.670610e+01 -6.841297e-01 
 1.670642e+01 -6.661000e-01 
 1.670675e+01 -6.082551e-01 
 1.670707e+01 -6.126928e-01 
 1.670739e+01 -6.193715e-01 
 1.670771e+01 -6.248722e-01 
 1.670804e+01 -6.301459e-01 
 1.670836e+01 -6.367245e-01 
 1.670868e+01 -6.455784e-01 
 1.670901e+01 -6.579294e-01 
 1.670933e+01 -6.271658e-01 
 1.670965e+01 -6.150835e-01 
 1.670997e+01 -6.391643e-01 
 1.671030e+01 -6.605021e-01 
 1.671062e+01 -6.670410e-01 
 1.671094e+01 -6.735776e-01 
 1.671127e+01 -6.712228e-01 
 1.671159e+01 -6.613820e-01 
 1.671191e+01 -6.630352e-01 
 1.671224e+01 -6.696801e-01 
 1.671256e+01 -6.796558e-01 
 1.671288e+01 -6.896432e-01 
 1.671320e+01 -6.962915e-01 
 1.671353e+01 -7.009651e-01 
 1.671385e+01 -7.019917e-01 
 1.671417e+01 -7.043430e-01 
 1.671450e+01 -6.878712e-01 
 1.671482e+01 -6.662591e-01 
 1.671514e+01 -6.539275e-01 
 1.671547e+01 -6.442437e-01 
 1.671579e+01 -6.393732e-01 
 1.671611e+01 -6.299337e-01 
 1.671643e+01 -6.188874e-01 
 1.671676e+01 -6.157277e-01 
 1.671708e+01 -6.198152e-01 
 1.671740e+01 -6.277271e-01 
 1.671773e+01 -6.377268e-01 
 1.671805e+01 -6.389088e-01 
 1.671837e+01 -6.452789e-01 
 1.671870e+01 -6.480747e-01 
 1.671902e+01 -6.443394e-01 
 1.671934e+01 -6.457496e-01 
 1.671966e+01 -6.451968e-01 
 1.671999e+01 -6.439949e-01 
 1.672031e+01 -6.455884e-01 
 1.672063e+01 -6.519878e-01 
 1.672096e+01 -6.590600e-01 
 1.672128e+01 -6.547750e-01 
 1.672160e+01 -6.516584e-01 
 1.672193e+01 -6.452060e-01 
 1.672225e+01 -6.448605e-01 
 1.672257e+01 -6.431868e-01 
 1.672289e+01 -6.415334e-01 
 1.672322e+01 -6.346277e-01 
 1.672354e+01 -6.250503e-01 
 1.672386e+01 -6.143273e-01 
 1.672419e+01 -6.043187e-01 
 1.672451e+01 -5.935815e-01 
 1.672483e+01 -5.816721e-01 
 1.672516e+01 -5.695089e-01 
 1.672548e+01 -5.580665e-01 
 1.672580e+01 -5.502567e-01 
 1.672612e+01 -5.383785e-01 
 1.672645e+01 -5.151565e-01 
 1.672677e+01 -4.892730e-01 
 1.672709e+01 -4.619455e-01 
 1.672742e+01 -4.447840e-01 
 1.672774e+01 -4.227645e-01 
 1.672806e+01 -4.145554e-01 
 1.672839e+01 -4.091224e-01 
 1.672871e+01 -3.900204e-01 
 1.672903e+01 -3.744805e-01 
 1.672935e+01 -3.724585e-01 
 1.672968e+01 -3.616655e-01 
 1.673000e+01 -3.527506e-01 
 1.673032e+01 -3.553979e-01 
 1.673065e+01 -3.629769e-01 
 1.673097e+01 -3.598809e-01 
 1.673129e+01 -3.484750e-01 
 1.673162e+01 -3.314231e-01 
 1.673194e+01 -3.153960e-01 
 1.673226e+01 -3.068081e-01 
 1.673258e+01 -3.113545e-01 
 1.673291e+01 -3.326788e-01 
 1.673323e+01 -3.386563e-01 
 1.673355e+01 -3.417708e-01 
 1.673388e+01 -3.409172e-01 
 1.673420e+01 -3.407400e-01 
 1.673452e+01 -3.364753e-01 
 1.673485e+01 -3.283780e-01 
 1.673517e+01 -3.203595e-01 
 1.673549e+01 -3.119723e-01 
 1.673581e+01 -3.133566e-01 
 1.673614e+01 -3.017244e-01 
 1.673646e+01 -2.971728e-01 
 1.673678e+01 -2.805882e-01 
 1.673711e+01 -2.648909e-01 
 1.673743e+01 -2.577767e-01 
 1.673775e+01 -2.512262e-01 
 1.673808e+01 -2.427129e-01 
 1.673840e+01 -2.411044e-01 
 1.673872e+01 -2.364354e-01 
 1.673904e+01 -2.213421e-01 
 1.673937e+01 -1.925452e-01 
 1.673969e+01 -1.666221e-01 
 1.674001e+01 -1.410394e-01 
 1.674034e+01 -1.084633e-01 
 1.674066e+01 -7.649565e-02 
 1.674098e+01 -5.265810e-02 
 1.674130e+01 -3.468364e-02 
 1.674163e+01 -9.063655e-03 
 1.674195e+01  2.266371e-02 
 1.674227e+01  4.557426e-02 
 1.674260e+01  6.430921e-02 
 1.674292e+01  8.018980e-02 
 1.674324e+01  1.028995e-01 
 1.674357e+01  1.203676e-01 
 1.674389e+01  1.438480e-01 
 1.674421e+01  1.655884e-01 
 1.674453e+01  1.854589e-01 
 1.674486e+01  2.206573e-01 
 1.674518e+01  2.589099e-01 
 1.674550e+01  2.752365e-01 
 1.674583e+01  2.933597e-01 
 1.674615e+01  2.911290e-01 
 1.674647e+01  2.930050e-01 
 1.674680e+01  2.953537e-01 
 1.674712e+01  3.074483e-01 
 1.674744e+01  3.213414e-01 
 1.674776e+01  3.229184e-01 
 1.674809e+01  3.226178e-01 
 1.674841e+01  3.335504e-01 
 1.674873e+01  3.383040e-01 
 1.674906e+01  3.427082e-01 
 1.674938e+01  3.529823e-01 
 1.674970e+01  3.649335e-01 
 1.675003e+01  3.706990e-01 
 1.675035e+01  4.012511e-01 
 1.675067e+01  4.152531e-01 
 1.675099e+01  4.238229e-01 
 1.675132e+01  4.274294e-01 
 1.675164e+01  4.316528e-01 
 1.675196e+01  4.460330e-01 
 1.675229e+01  4.781080e-01 
 1.675261e+01  4.955703e-01 
 1.675293e+01  5.043168e-01 
 1.675326e+01  5.150855e-01 
 1.675358e+01  5.175092e-01 
 1.675390e+01  5.097936e-01 
 1.675422e+01  4.998957e-01 
 1.675455e+01  4.996949e-01 
 1.675487e+01  4.952931e-01 
 1.675519e+01  4.863095e-01 
 1.675552e+01  4.738950e-01 
 1.675584e+01  4.599658e-01 
 1.675616e+01  4.482841e-01 
 1.675649e+01  4.512336e-01 
 1.675681e+01  4.671490e-01 
 1.675713e+01  4.152609e-01 
 1.675745e+01  3.767925e-01 
 1.675778e+01  3.776580e-01 
 1.675810e+01  3.368616e-01 
 1.675842e+01  2.881247e-01 
 1.675875e+01  2.688894e-01 
 1.675907e+01  2.783226e-01 
 1.675939e+01  2.422611e-01 
 1.675972e+01  2.220504e-01 
 1.676004e+01  2.105194e-01 
 1.676036e+01  2.086785e-01 
 1.676069e+01  1.534871e-01 
 1.676101e+01  1.377647e-01 
 1.676133e+01  9.138948e-02 
 1.676165e+01  2.436266e-02 
 1.676198e+01  2.099518e-02 
 1.676230e+01 -9.443034e-03 
 1.676262e+01 -2.573513e-02 
 1.676295e+01 -7.150402e-02 
 1.676327e+01 -9.837440e-02 
 1.676359e+01 -1.291305e-01 
 1.676392e+01 -1.542959e-01 
 1.676424e+01 -1.894398e-01 
 1.676456e+01 -2.064532e-01 
 1.676488e+01 -2.400807e-01 
 1.676521e+01 -2.753947e-01 
 1.676553e+01 -3.124876e-01 
 1.676585e+01 -3.370359e-01 
 1.676618e+01 -3.523203e-01 
 1.676650e+01 -4.141195e-01 
 1.676682e+01 -4.679181e-01 
 1.676715e+01 -5.206689e-01 
 1.676747e+01 -5.575216e-01 
 1.676779e+01 -5.631551e-01 
 1.676811e+01 -5.838004e-01 
 1.676844e+01 -6.359761e-01 
 1.676876e+01 -6.776872e-01 
 1.676908e+01 -7.279555e-01 
 1.676941e+01 -6.506994e-01 
 1.676973e+01 -7.085575e-01 
 1.677005e+01 -7.525662e-01 
 1.677038e+01 -8.078055e-01 
 1.677070e+01 -8.604484e-01 
 1.677102e+01 -8.333810e-01 
 1.677134e+01 -8.771781e-01 
 1.677166e+01 -9.166255e-01 
 1.677199e+01 -9.738846e-01 
 1.677231e+01 -1.011329e+00 
 1.677263e+01 -9.937149e-01 
 1.677295e+01 -1.024789e+00 
 1.677327e+01 -1.063867e+00 
 1.677359e+01 -1.095666e+00 
 1.677392e+01 -1.055999e+00 
 1.677424e+01 -1.051495e+00 
 1.677456e+01 -1.052378e+00 
 1.677488e+01 -1.048412e+00 
 1.677521e+01 -1.042798e+00 
 1.677553e+01 -1.050644e+00 
 1.677585e+01 -1.055364e+00 
 1.677617e+01 -1.063769e+00 
 1.677650e+01 -1.065092e+00 
 1.677682e+01 -1.073371e+00 
 1.677714e+01 -1.076831e+00 
 1.677747e+01 -1.072523e+00 
 1.677779e+01 -1.074387e+00 
 1.677811e+01 -1.064366e+00 
 1.677844e+01 -1.039695e+00 
 1.677876e+01 -1.016596e+00 
 1.677908e+01 -1.007489e+00 
 1.677940e+01 -1.014434e+00 
 1.677973e+01 -1.038843e+00 
 1.678005e+01 -1.016805e+00 
 1.678037e+01 -1.033527e+00 
 1.678070e+01 -1.031728e+00 
 1.678102e+01 -9.471498e-01 
 1.678134e+01 -9.487887e-01 
 1.678167e+01 -9.488929e-01 
 1.678199e+01 -9.570808e-01 
 1.678231e+01 -9.614147e-01 
 1.678263e+01 -9.507032e-01 
 1.678296e+01 -9.536668e-01 
 1.678328e+01 -9.703722e-01 
 1.678360e+01 -9.806843e-01 
 1.678393e+01 -9.994452e-01 
 1.678425e+01 -1.013148e+00 
 1.678457e+01 -9.660789e-01 
 1.678490e+01 -9.654214e-01 
 1.678522e+01 -9.477752e-01 
 1.678554e+01 -9.688323e-01 
 1.678586e+01 -9.647675e-01 
 1.678619e+01 -9.443612e-01 
 1.678651e+01 -9.091187e-01 
 1.678683e+01 -8.925570e-01 
 1.678716e+01 -8.924907e-01 
 1.678748e+01 -8.594774e-01 
 1.678780e+01 -8.384024e-01 
 1.678812e+01 -8.447322e-01 
 1.678845e+01 -8.404753e-01 
 1.678877e+01 -8.462514e-01 
 1.678909e+01 -8.686601e-01 
 1.678942e+01 -8.701616e-01 
 1.678974e+01 -8.671940e-01 
 1.679006e+01 -8.507015e-01 
 1.679039e+01 -8.494766e-01 
 1.679071e+01 -8.487480e-01 
 1.679103e+01 -8.505489e-01 
 1.679135e+01 -8.949893e-01 
 1.679168e+01 -8.977659e-01 
 1.679200e+01 -8.802603e-01 
 1.679232e+01 -8.798761e-01 
 1.679265e+01 -8.755605e-01 
 1.679297e+01 -8.660339e-01 
 1.679329e+01 -8.476839e-01 
 1.679362e+01 -8.245581e-01 
 1.679394e+01 -8.056727e-01 
 1.679426e+01 -7.871136e-01 
 1.679458e+01 -7.770533e-01 
 1.679491e+01 -7.529700e-01 
 1.679523e+01 -7.446095e-01 
 1.679555e+01 -7.382738e-01 
 1.679588e+01 -7.364425e-01 
 1.679620e+01 -7.397164e-01 
 1.679652e+01 -7.277622e-01 
 1.679685e+01 -7.114363e-01 
 1.679717e+01 -6.994526e-01 
 1.679749e+01 -6.803262e-01 
 1.679781e+01 -6.669015e-01 
 1.679814e+01 -6.618202e-01 
 1.679846e+01 -6.553045e-01 
 1.679878e+01 -6.518928e-01 
 1.679911e+01 -6.527546e-01 
 1.679943e+01 -6.644047e-01 
 1.679975e+01 -6.843666e-01 
 1.680008e+01 -7.079773e-01 
 1.680040e+01 -7.320509e-01 
 1.680072e+01 -7.471719e-01 
 1.680104e+01 -7.563621e-01 
 1.680137e+01 -7.606162e-01 
 1.680169e+01 -7.590644e-01 
 1.680201e+01 -7.607756e-01 
 1.680234e+01 -7.589591e-01 
 1.680266e+01 -7.607572e-01 
 1.680298e+01 -7.666594e-01 
 1.680331e+01 -7.655119e-01 
 1.680363e+01 -7.787500e-01 
 1.680395e+01 -7.926203e-01 
 1.680427e+01 -8.100124e-01 
 1.680460e+01 -8.328730e-01 
 1.680492e+01 -8.489961e-01 
 1.680524e+01 -8.668921e-01 
 1.680557e+01 -8.662756e-01 
 1.680589e+01 -8.570996e-01 
 1.680621e+01 -8.618436e-01 
 1.680654e+01 -8.574932e-01 
 1.680686e+01 -8.519387e-01 
 1.680718e+01 -8.553295e-01 
 1.680750e+01 -8.662297e-01 
 1.680783e+01 -8.965015e-01 
 1.680815e+01 -9.203717e-01 
 1.680847e+01 -9.494282e-01 
 1.680880e+01 -9.941567e-01 
 1.680912e+01 -1.026443e+00 
 1.680944e+01 -1.071022e+00 
 1.680977e+01 -1.022976e+00 
 1.681009e+01 -1.039147e+00 
 1.681041e+01 -1.064423e+00 
 1.681073e+01 -1.081386e+00 
 1.681106e+01 -1.103632e+00 
 1.681138e+01 -1.128314e+00 
 1.681170e+01 -1.153890e+00 
 1.681203e+01 -1.182704e+00 
 1.681235e+01 -1.212954e+00 
 1.681267e+01 -1.254741e+00 
 1.681299e+01 -1.307098e+00 
 1.681332e+01 -1.352100e+00 
 1.681364e+01 -1.392276e+00 
 1.681396e+01 -1.438885e+00 
 1.681429e+01 -1.473353e+00 
 1.681461e+01 -1.510993e+00 
 1.681493e+01 -1.543693e+00 
 1.681526e+01 -1.568224e+00 
 1.681558e+01 -1.589532e+00 
 1.681590e+01 -1.605979e+00 
 1.681622e+01 -1.638218e+00 
 1.681655e+01 -1.684932e+00 
 1.681687e+01 -1.725630e+00 
 1.681719e+01 -1.764098e+00 
 1.681752e+01 -1.789362e+00 
 1.681784e+01 -1.816610e+00 
 1.681816e+01 -1.841853e+00 
 1.681849e+01 -1.860398e+00 
 1.681881e+01 -1.870672e+00 
 1.681913e+01 -1.876398e+00 
 1.681945e+01 -1.871617e+00 
 1.681978e+01 -1.870740e+00 
 1.682010e+01 -1.874742e+00 
 1.682042e+01 -1.877970e+00 
 1.682075e+01 -1.889329e+00 
 1.682107e+01 -1.895554e+00 
 1.682139e+01 -1.909155e+00 
 1.682172e+01 -1.921406e+00 
 1.682204e+01 -1.935742e+00 
 1.682236e+01 -1.948563e+00 
 1.682268e+01 -1.964044e+00 
 1.682301e+01 -1.964578e+00 
 1.682333e+01 -1.903031e+00 
 1.682365e+01 -1.888549e+00 
 1.682398e+01 -1.876931e+00 
 1.682430e+01 -1.875106e+00 
 1.682462e+01 -1.869720e+00 
 1.682495e+01 -1.872890e+00 
 1.682527e+01 -1.873364e+00 
 1.682559e+01 -1.866822e+00 
 1.682591e+01 -1.862865e+00 
 1.682624e+01 -1.854121e+00 
 1.682656e+01 -1.840496e+00 
 1.682688e+01 -1.827278e+00 
 1.682721e+01 -1.802120e+00 
 1.682753e+01 -1.778174e+00 
 1.682785e+01 -1.752632e+00 
 1.682818e+01 -1.740771e+00 
 1.682850e+01 -1.732070e+00 
 1.682882e+01 -1.718438e+00 
 1.682914e+01 -1.657070e+00 
 1.682947e+01 -1.642190e+00 
 1.682979e+01 -1.626228e+00 
 1.683011e+01 -1.620557e+00 
 1.683044e+01 -1.604239e+00 
 1.683076e+01 -1.549473e+00 
 1.683108e+01 -1.518794e+00 
 1.683141e+01 -1.478136e+00 
 1.683173e+01 -1.426747e+00 
 1.683205e+01 -1.387374e+00 
 1.683237e+01 -1.358942e+00 
 1.683270e+01 -1.330704e+00 
 1.683302e+01 -1.303407e+00 
 1.683334e+01 -1.297325e+00 
 1.683367e+01 -1.284622e+00 
 1.683399e+01 -1.265574e+00 
 1.683431e+01 -1.238584e+00 
 1.683464e+01 -1.210193e+00 
 1.683496e+01 -1.175296e+00 
 1.683528e+01 -1.136844e+00 
 1.683560e+01 -1.093466e+00 
 1.683593e+01 -1.056976e+00 
 1.683625e+01 -1.021662e+00 
 1.683657e+01 -1.001332e+00 
 1.683690e+01 -9.963170e-01 
 1.683722e+01 -9.770345e-01 
 1.683754e+01 -9.671274e-01 
 1.683787e+01 -9.410659e-01 
 1.683819e+01 -9.020089e-01 
 1.683851e+01 -8.838011e-01 
 1.683883e+01 -8.734031e-01 
 1.683916e+01 -8.321974e-01 
 1.683948e+01 -7.988426e-01 
 1.683980e+01 -7.849313e-01 
 1.684013e+01 -7.592942e-01 
 1.684045e+01 -7.475645e-01 
 1.684077e+01 -7.452733e-01 
 1.684110e+01 -7.427213e-01 
 1.684142e+01 -7.519896e-01 
 1.684174e+01 -7.615557e-01 
 1.684206e+01 -7.707626e-01 
 1.684239e+01 -7.939356e-01 
 1.684271e+01 -8.130616e-01 
 1.684303e+01 -8.262117e-01 
 1.684336e+01 -8.069984e-01 
 1.684368e+01 -7.713491e-01 
 1.684400e+01 -7.538339e-01 
 1.684433e+01 -7.403422e-01 
 1.684465e+01 -7.237867e-01 
 1.684497e+01 -7.126467e-01 
 1.684529e+01 -7.044135e-01 
 1.684562e+01 -7.016755e-01 
 1.684594e+01 -6.956485e-01 
 1.684626e+01 -6.914907e-01 
 1.684659e+01 -6.836826e-01 
 1.684691e+01 -6.735324e-01 
 1.684723e+01 -6.561407e-01 
 1.684756e+01 -6.415529e-01 
 1.684788e+01 -6.242848e-01 
 1.684820e+01 -6.023569e-01 
 1.684852e+01 -5.803923e-01 
 1.684885e+01 -5.796152e-01 
 1.684917e+01 -5.703161e-01 
 1.684949e+01 -5.718700e-01 
 1.684981e+01 -5.708080e-01 
 1.685013e+01 -5.172415e-01 
 1.685045e+01 -5.325891e-01 
 1.685077e+01 -5.784005e-01 
 1.685110e+01 -6.130395e-01 
 1.685142e+01 -6.546132e-01 
 1.685174e+01 -6.283121e-01 
 1.685206e+01 -6.340214e-01 
 1.685238e+01 -6.529877e-01 
 1.685270e+01 -6.681003e-01 
 1.685303e+01 -6.855657e-01 
 1.685335e+01 -6.870987e-01 
 1.685367e+01 -6.780759e-01 
 1.685399e+01 -7.355527e-01 
 1.685431e+01 -7.947554e-01 
 1.685463e+01 -8.014939e-01 
 1.685495e+01 -8.080594e-01 
 1.685528e+01 -8.070964e-01 
 1.685560e+01 -8.088800e-01 
 1.685592e+01 -8.155540e-01 
 1.685625e+01 -8.125094e-01 
 1.685657e+01 -8.052959e-01 
 1.685689e+01 -8.055529e-01 
 1.685722e+01 -8.261569e-01 
 1.685754e+01 -8.521707e-01 
 1.685786e+01 -8.796064e-01 
 1.685818e+01 -8.402363e-01 
 1.685851e+01 -8.179249e-01 
 1.685883e+01 -7.563283e-01 
 1.685915e+01 -7.661643e-01 
 1.685948e+01 -7.663146e-01 
 1.685980e+01 -7.628152e-01 
 1.686012e+01 -7.603561e-01 
 1.686045e+01 -7.737574e-01 
 1.686077e+01 -7.929179e-01 
 1.686109e+01 -8.099432e-01 
 1.686141e+01 -8.273180e-01 
 1.686174e+01 -8.728816e-01 
 1.686206e+01 -9.137905e-01 
 1.686238e+01 -9.223757e-01 
 1.686271e+01 -9.202190e-01 
 1.686303e+01 -9.134827e-01 
 1.686335e+01 -9.089909e-01 
 1.686368e+01 -9.009873e-01 
 1.686400e+01 -8.739998e-01 
 1.686432e+01 -8.593963e-01 
 1.686464e+01 -8.436472e-01 
 1.686497e+01 -8.319084e-01 
 1.686529e+01 -8.227482e-01 
 1.686561e+01 -8.210758e-01 
 1.686594e+01 -8.351919e-01 
 1.686626e+01 -8.615198e-01 
 1.686658e+01 -8.877325e-01 
 1.686691e+01 -8.953753e-01 
 1.686723e+01 -9.130109e-01 
 1.686755e+01 -9.330198e-01 
 1.686787e+01 -9.458292e-01 
 1.686820e+01 -9.589157e-01 
 1.686852e+01 -9.640836e-01 
 1.686884e+01 -9.720504e-01 
 1.686917e+01 -9.828344e-01 
 1.686949e+01 -1.012346e+00 
 1.686981e+01 -1.048315e+00 
 1.687014e+01 -1.080603e+00 
 1.687046e+01 -1.119954e+00 
 1.687078e+01 -1.152841e+00 
 1.687110e+01 -1.189180e+00 
 1.687143e+01 -1.217144e+00 
 1.687175e+01 -1.229278e+00 
 1.687207e+01 -1.230290e+00 
 1.687240e+01 -1.222870e+00 
 1.687272e+01 -1.209683e+00 
 1.687304e+01 -1.211361e+00 
 1.687337e+01 -1.213206e+00 
 1.687369e+01 -1.214639e+00 
 1.687401e+01 -1.210081e+00 
 1.687433e+01 -1.219389e+00 
 1.687466e+01 -1.231600e+00 
 1.687498e+01 -1.237328e+00 
 1.687530e+01 -1.201076e+00 
 1.687563e+01 -1.189064e+00 
 1.687595e+01 -1.163227e+00 
 1.687627e+01 -1.144839e+00 
 1.687660e+01 -1.119105e+00 
 1.687692e+01 -1.071435e+00 
 1.687724e+01 -1.041797e+00 
 1.687756e+01 -1.003248e+00 
 1.687789e+01 -9.891114e-01 
 1.687821e+01 -9.905939e-01 
 1.687853e+01 -9.942393e-01 
 1.687886e+01 -9.973405e-01 
 1.687918e+01 -9.943621e-01 
 1.687950e+01 -9.854927e-01 
 1.687983e+01 -9.698429e-01 
 1.688015e+01 -9.352678e-01 
 1.688047e+01 -9.011044e-01 
 1.688079e+01 -8.616539e-01 
 1.688112e+01 -8.288277e-01 
 1.688144e+01 -8.075528e-01 
 1.688176e+01 -7.935482e-01 
 1.688209e+01 -7.915159e-01 
 1.688241e+01 -8.077795e-01 
 1.688273e+01 -8.548022e-01 
 1.688305e+01 -9.004756e-01 
 1.688338e+01 -9.344166e-01 
 1.688370e+01 -9.237355e-01 
 1.688402e+01 -9.962308e-01 
 1.688435e+01 -1.130125e+00 
 1.688467e+01 -1.149267e+00 
 1.688499e+01 -1.125006e+00 
 1.688532e+01 -1.134636e+00 
 1.688564e+01 -1.126215e+00 
 1.688596e+01 -1.148486e+00 
 1.688628e+01 -1.255639e+00 
 1.688661e+01 -1.362940e+00 
 1.688693e+01 -1.337876e+00 
 1.688725e+01 -1.308310e+00 
 1.688758e+01 -1.288831e+00 
 1.688790e+01 -1.263392e+00 
 1.688822e+01 -1.228258e+00 
 1.688855e+01 -1.184079e+00 
 1.688887e+01 -1.121791e+00 
 1.688919e+01 -1.060900e+00 
 1.688951e+01 -9.948986e-01 
 1.688984e+01 -9.471294e-01 
 1.689016e+01 -9.082546e-01 
 1.689048e+01 -8.554896e-01 
 1.689081e+01 -8.390418e-01 
 1.689113e+01 -8.252064e-01 
 1.689145e+01 -7.815893e-01 
 1.689178e+01 -7.599540e-01 
 1.689210e+01 -7.312063e-01 
 1.689242e+01 -6.999817e-01 
 1.689274e+01 -6.647146e-01 
 1.689307e+01 -6.256958e-01 
 1.689339e+01 -5.933214e-01 
 1.689371e+01 -5.405626e-01 
 1.689404e+01 -5.257629e-01 
 1.689436e+01 -4.823309e-01 
 1.689468e+01 -4.924340e-01 
 1.689501e+01 -5.216935e-01 
 1.689533e+01 -5.600800e-01 
 1.689565e+01 -5.901070e-01 
 1.689597e+01 -6.280790e-01 
 1.689630e+01 -6.645804e-01 
 1.689662e+01 -7.011358e-01 
 1.689694e+01 -7.340340e-01 
 1.689727e+01 -7.971707e-01 
 1.689759e+01 -8.347967e-01 
 1.689791e+01 -8.725702e-01 
 1.689824e+01 -9.245420e-01 
 1.689856e+01 -9.862833e-01 
 1.689888e+01 -1.059133e+00 
 1.689920e+01 -1.146857e+00 
 1.689953e+01 -1.224673e+00 
 1.689985e+01 -1.294867e+00 
 1.690017e+01 -1.389685e+00 
 1.690050e+01 -1.419053e+00 
 1.690082e+01 -1.464683e+00 
 1.690114e+01 -1.499214e+00 
 1.690147e+01 -1.530606e+00 
 1.690179e+01 -1.565786e+00 
 1.690211e+01 -1.606699e+00 
 1.690243e+01 -1.646256e+00 
 1.690276e+01 -1.686263e+00 
 1.690308e+01 -1.726360e+00 
 1.690340e+01 -1.765108e+00 
 1.690373e+01 -1.839034e+00 
 1.690405e+01 -1.917675e+00 
 1.690437e+01 -1.988456e+00 
 1.690470e+01 -1.904442e+00 
 1.690502e+01 -1.916626e+00 
 1.690534e+01 -1.924344e+00 
 1.690566e+01 -1.924351e+00 
 1.690599e+01 -1.917564e+00 
 1.690631e+01 -1.904408e+00 
 1.690663e+01 -1.894547e+00 
 1.690696e+01 -1.890266e+00 
 1.690728e+01 -1.898803e+00 
 1.690760e+01 -1.919034e+00 
 1.690793e+01 -1.945933e+00 
 1.690825e+01 -1.974795e+00 
 1.690857e+01 -1.996245e+00 
 1.690889e+01 -2.008064e+00 
 1.690922e+01 -2.010755e+00 
 1.690954e+01 -2.012778e+00 
 1.690986e+01 -2.006820e+00 
 1.691019e+01 -2.012876e+00 
 1.691051e+01 -2.023925e+00 
 1.691083e+01 -2.040655e+00 
 1.691116e+01 -2.014221e+00 
 1.691148e+01 -2.030651e+00 
 1.691180e+01 -2.048132e+00 
 1.691212e+01 -2.063047e+00 
 1.691245e+01 -2.085027e+00 
 1.691277e+01 -2.087408e+00 
 1.691309e+01 -2.080059e+00 
 1.691342e+01 -2.083742e+00 
 1.691374e+01 -2.083569e+00 
 1.691406e+01 -2.085675e+00 
 1.691438e+01 -2.022132e+00 
 1.691471e+01 -2.013264e+00 
 1.691503e+01 -2.013434e+00 
 1.691535e+01 -2.026020e+00 
 1.691568e+01 -2.041288e+00 
 1.691600e+01 -2.065267e+00 
 1.691632e+01 -1.982558e+00 
 1.691665e+01 -1.970200e+00 
 1.691697e+01 -1.950132e+00 
 1.691729e+01 -1.936828e+00 
 1.691761e+01 -1.911811e+00 
 1.691794e+01 -1.859872e+00 
 1.691826e+01 -1.833520e+00 
 1.691858e+01 -1.813244e+00 
 1.691891e+01 -1.806909e+00 
 1.691923e+01 -1.803718e+00 
 1.691955e+01 -1.805234e+00 
 1.691988e+01 -1.737081e+00 
 1.692020e+01 -1.721085e+00 
 1.692052e+01 -1.711702e+00 
 1.692084e+01 -1.705004e+00 
 1.692117e+01 -1.694907e+00 
 1.692149e+01 -1.677510e+00 
 1.692181e+01 -1.673784e+00 
 1.692214e+01 -1.671280e+00 
 1.692246e+01 -1.679343e+00 
 1.692278e+01 -1.686756e+00 
 1.692311e+01 -1.642569e+00 
 1.692343e+01 -1.643520e+00 
 1.692375e+01 -1.646676e+00 
 1.692407e+01 -1.656754e+00 
 1.692440e+01 -1.661878e+00 
 1.692472e+01 -1.675920e+00 
 1.692504e+01 -1.693514e+00 
 1.692537e+01 -1.697634e+00 
 1.692569e+01 -1.708792e+00 
 1.692601e+01 -1.723137e+00 
 1.692634e+01 -1.668071e+00 
 1.692666e+01 -1.699304e+00 
 1.692698e+01 -1.711841e+00 
 1.692730e+01 -1.739444e+00 
 1.692763e+01 -1.769151e+00 
 1.692795e+01 -1.800635e+00 
 1.692827e+01 -1.838914e+00 
 1.692860e+01 -1.868622e+00 
 1.692892e+01 -1.884372e+00 
 1.692924e+01 -1.894182e+00 
 1.692957e+01 -1.838427e+00 
 1.692989e+01 -1.825823e+00 
 1.693021e+01 -1.819178e+00 
 1.693053e+01 -1.811301e+00 
 1.693086e+01 -1.806283e+00 
 1.693118e+01 -1.803843e+00 
 1.693150e+01 -1.816615e+00 
 1.693183e+01 -1.825131e+00 
 1.693215e+01 -1.837971e+00 
 1.693247e+01 -1.842936e+00 
 1.693280e+01 -1.841502e+00 
 1.693312e+01 -1.805139e+00 
 1.693344e+01 -1.740836e+00 
 1.693376e+01 -1.721083e+00 
 1.693409e+01 -1.700334e+00 
 1.693441e+01 -1.672990e+00 
 1.693473e+01 -1.652396e+00 
 1.693506e+01 -1.649635e+00 
 1.693538e+01 -1.649041e+00 
 1.693570e+01 -1.647516e+00 
 1.693603e+01 -1.590725e+00 
 1.693635e+01 -1.559539e+00 
 1.693667e+01 -1.554711e+00 
 1.693699e+01 -1.543558e+00 
 1.693732e+01 -1.468897e+00 
 1.693764e+01 -1.430838e+00 
 1.693796e+01 -1.383262e+00 
 1.693829e+01 -1.331536e+00 
 1.693861e+01 -1.282773e+00 
 1.693893e+01 -1.241860e+00 
 1.693926e+01 -1.211750e+00 
 1.693958e+01 -1.193571e+00 
 1.693990e+01 -1.186466e+00 
 1.694022e+01 -1.189815e+00 
 1.694055e+01 -1.192788e+00 
 1.694087e+01 -1.178102e+00 
 1.694119e+01 -1.155540e+00 
 1.694152e+01 -1.114715e+00 
 1.694184e+01 -1.088411e+00 
 1.694216e+01 -1.045800e+00 
 1.694249e+01 -1.008279e+00 
 1.694281e+01 -9.790772e-01 
 1.694313e+01 -9.641211e-01 
 1.694345e+01 -9.652384e-01 
 1.694378e+01 -9.076658e-01 
 1.694410e+01 -9.125347e-01 
 1.694442e+01 -9.214199e-01 
 1.694475e+01 -9.085303e-01 
 1.694507e+01 -8.845667e-01 
 1.694539e+01 -8.702942e-01 
 1.694572e+01 -8.532057e-01 
 1.694604e+01 -8.360398e-01 
 1.694636e+01 -7.951611e-01 
 1.694668e+01 -7.866706e-01 
 1.694701e+01 -7.938645e-01 
 1.694733e+01 -8.060593e-01 
 1.694765e+01 -8.310017e-01 
 1.694798e+01 -8.639731e-01 
 1.694830e+01 -8.965292e-01 
 1.694862e+01 -9.295900e-01 
 1.694894e+01 -9.594777e-01 
 1.694927e+01 -9.786660e-01 
 1.694959e+01 -9.851585e-01 
 1.694991e+01 -9.944965e-01 
 1.695024e+01 -1.001105e+00 
 1.695056e+01 -1.020939e+00 
 1.695088e+01 -1.050256e+00 
 1.695121e+01 -1.101590e+00 
 1.695153e+01 -1.150519e+00 
 1.695185e+01 -1.195678e+00 
 1.695217e+01 -1.259960e+00 
 1.695250e+01 -1.316948e+00 
 1.695282e+01 -1.380255e+00 
 1.695314e+01 -1.426323e+00 
 1.695347e+01 -1.463496e+00 
 1.695379e+01 -1.491349e+00 
 1.695411e+01 -1.510063e+00 
 1.695444e+01 -1.513317e+00 
 1.695476e+01 -1.517108e+00 
 1.695508e+01 -1.522359e+00 
 1.695540e+01 -1.537411e+00 
 1.695573e+01 -1.539920e+00 
 1.695605e+01 -1.555679e+00 
 1.695637e+01 -1.571528e+00 
 1.695670e+01 -1.579240e+00 
 1.695702e+01 -1.588780e+00 
 1.695734e+01 -1.590694e+00 
 1.695767e+01 -1.568220e+00 
 1.695799e+01 -1.545387e+00 
 1.695831e+01 -1.530102e+00 
 1.695863e+01 -1.500173e+00 
 1.695896e+01 -1.472033e+00 
 1.695928e+01 -1.442932e+00 
 1.695960e+01 -1.402399e+00 
 1.695993e+01 -1.369904e+00 
 1.696025e+01 -1.360403e+00 
 1.696057e+01 -1.349534e+00 
 1.696090e+01 -1.339855e+00 
 1.696122e+01 -1.326096e+00 
 1.696154e+01 -1.272294e+00 
 1.696186e+01 -1.249643e+00 
 1.696219e+01 -1.219694e+00 
 1.696251e+01 -1.192093e+00 
 1.696283e+01 -1.140268e+00 
 1.696316e+01 -1.105683e+00 
 1.696348e+01 -1.082420e+00 
 1.696380e+01 -1.062263e+00 
 1.696413e+01 -1.047508e+00 
 1.696445e+01 -1.054530e+00 
 1.696477e+01 -1.029070e+00 
 1.696509e+01 -1.026922e+00 
 1.696542e+01 -1.028590e+00 
 1.696574e+01 -1.028417e+00 
 1.696606e+01 -1.046682e+00 
 1.696639e+01 -1.031708e+00 
 1.696671e+01 -1.004192e+00 
 1.696703e+01 -9.791999e-01 
 1.696736e+01 -9.554248e-01 
 1.696768e+01 -9.627563e-01 
 1.696800e+01 -9.397001e-01 
 1.696832e+01 -9.402827e-01 
 1.696865e+01 -9.444168e-01 
 1.696897e+01 -9.360150e-01 
 1.696929e+01 -9.313237e-01 
 1.696962e+01 -9.274115e-01 
 1.696994e+01 -8.780439e-01 
 1.697026e+01 -8.536821e-01 
 1.697059e+01 -8.088524e-01 
 1.697091e+01 -7.532759e-01 
 1.697123e+01 -7.152963e-01 
 1.697155e+01 -6.747648e-01 
 1.697188e+01 -6.323133e-01 
 1.697220e+01 -5.966462e-01 
 1.697252e+01 -5.355811e-01 
 1.697285e+01 -5.229722e-01 
 1.697317e+01 -5.137624e-01 
 1.697349e+01 -5.093377e-01 
 1.697382e+01 -5.029585e-01 
 1.697414e+01 -4.938349e-01 
 1.697446e+01 -4.827410e-01 
 1.697478e+01 -4.709618e-01 
 1.697511e+01 -4.328751e-01 
 1.697543e+01 -4.258429e-01 
 1.697575e+01 -4.268232e-01 
 1.697608e+01 -3.759169e-01 
 1.697640e+01 -3.846743e-01 
 1.697672e+01 -4.073976e-01 
 1.697704e+01 -4.425509e-01 
 1.697737e+01 -4.804035e-01 
 1.697769e+01 -5.156110e-01 
 1.697801e+01 -5.484595e-01 
 1.697833e+01 -5.387144e-01 
 1.697866e+01 -5.618622e-01 
 1.697898e+01 -6.252353e-01 
 1.697930e+01 -6.491371e-01 
 1.697962e+01 -6.612619e-01 
 1.697994e+01 -6.869493e-01 
 1.698026e+01 -7.194322e-01 
 1.698058e+01 -7.535059e-01 
 1.698091e+01 -7.951119e-01 
 1.698123e+01 -8.400615e-01 
 1.698155e+01 -8.895287e-01 
 1.698187e+01 -9.314931e-01 
 1.698219e+01 -9.683498e-01 
 1.698251e+01 -9.946973e-01 
 1.698284e+01 -1.019226e+00 
 1.698316e+01 -1.033451e+00 
 1.698348e+01 -1.039142e+00 
 1.698380e+01 -1.035932e+00 
 1.698412e+01 -1.027800e+00 
 1.698444e+01 -1.022049e+00 
 1.698476e+01 -1.021076e+00 
 1.698509e+01 -1.019674e+00 
 1.698541e+01 -1.016172e+00 
 1.698573e+01 -1.005894e+00 
 1.698605e+01 -9.912571e-01 
 1.698637e+01 -9.661162e-01 
 1.698669e+01 -9.340369e-01 
 1.698702e+01 -8.888399e-01 
 1.698734e+01 -8.648408e-01 
 1.698766e+01 -8.361432e-01 
 1.698798e+01 -8.242613e-01 
 1.698831e+01 -8.113171e-01 
 1.698863e+01 -8.091412e-01 
 1.698895e+01 -7.619090e-01 
 1.698928e+01 -7.590218e-01 
 1.698960e+01 -7.812335e-01 
 1.698992e+01 -8.184629e-01 
 1.699024e+01 -8.504804e-01 
 1.699057e+01 -9.047406e-01 
 1.699089e+01 -8.035500e-01 
 1.699121e+01 -7.362779e-01 
 1.699153e+01 -7.207058e-01 
 1.699185e+01 -7.132046e-01 
 1.699217e+01 -7.067988e-01 
 1.699250e+01 -6.968518e-01 
 1.699282e+01 -6.985870e-01 
 1.699314e+01 -7.035561e-01 
 1.699346e+01 -7.215132e-01 
 1.699378e+01 -7.365144e-01 
 1.699411e+01 -7.495208e-01 
 1.699443e+01 -7.660634e-01 
 1.699475e+01 -7.795336e-01 
 1.699507e+01 -7.995473e-01 
 1.699540e+01 -7.745836e-01 
 1.699572e+01 -7.854238e-01 
 1.699604e+01 -7.960642e-01 
 1.699637e+01 -8.098824e-01 
 1.699669e+01 -8.212526e-01 
 1.699701e+01 -8.356657e-01 
 1.699734e+01 -8.583816e-01 
 1.699766e+01 -8.792626e-01 
 1.699798e+01 -9.045428e-01 
 1.699830e+01 -9.338387e-01 
 1.699863e+01 -9.314028e-01 
 1.699895e+01 -9.518982e-01 
 1.699927e+01 -9.590069e-01 
 1.699960e+01 -9.635253e-01 
 1.699992e+01 -9.731608e-01 
 1.700024e+01 -1.021253e+00 
 1.700057e+01 -1.042081e+00 
 1.700089e+01 -1.065994e+00 
 1.700121e+01 -1.095647e+00 
 1.700153e+01 -1.132722e+00 
 1.700186e+01 -1.154939e+00 
 1.700218e+01 -1.192725e+00 
 1.700250e+01 -1.237746e+00 
 1.700283e+01 -1.258801e+00 
 1.700315e+01 -1.276770e+00 
 1.700347e+01 -1.288616e+00 
 1.700380e+01 -1.287069e+00 
 1.700412e+01 -1.285476e+00 
 1.700444e+01 -1.291231e+00 
 1.700476e+01 -1.297801e+00 
 1.700509e+01 -1.318936e+00 
 1.700541e+01 -1.357473e+00 
 1.700573e+01 -1.410411e+00 
 1.700606e+01 -1.470351e+00 
 1.700638e+01 -1.507064e+00 
 1.700670e+01 -1.545095e+00 
 1.700702e+01 -1.575731e+00 
 1.700735e+01 -1.589765e+00 
 1.700767e+01 -1.597777e+00 
 1.700799e+01 -1.606146e+00 
 1.700832e+01 -1.615230e+00 
 1.700864e+01 -1.628072e+00 
 1.700896e+01 -1.637506e+00 
 1.700929e+01 -1.656269e+00 
 1.700961e+01 -1.676678e+00 
 1.700993e+01 -1.694520e+00 
 1.701025e+01 -1.710866e+00 
 1.701058e+01 -1.725581e+00 
 1.701090e+01 -1.734218e+00 
 1.701122e+01 -1.735535e+00 
 1.701155e+01 -1.724465e+00 
 1.701187e+01 -1.717357e+00 
 1.701219e+01 -1.702344e+00 
 1.701252e+01 -1.677835e+00 
 1.701284e+01 -1.655700e+00 
 1.701316e+01 -1.627946e+00 
 1.701348e+01 -1.571194e+00 
 1.701381e+01 -1.568023e+00 
 1.701413e+01 -1.564961e+00 
 1.701445e+01 -1.552619e+00 
 1.701478e+01 -1.545971e+00 
 1.701510e+01 -1.532041e+00 
 1.701542e+01 -1.513935e+00 
 1.701575e+01 -1.486099e+00 
 1.701607e+01 -1.431504e+00 
 1.701639e+01 -1.348059e+00 
 1.701671e+01 -1.243383e+00 
 1.701704e+01 -1.195059e+00 
 1.701736e+01 -1.143881e+00 
 1.701768e+01 -1.120720e+00 
 1.701801e+01 -1.055284e+00 
 1.701833e+01 -1.036009e+00 
 1.701865e+01 -1.019800e+00 
 1.701898e+01 -1.000093e+00 
 1.701930e+01 -9.608504e-01 
 1.701962e+01 -9.163986e-01 
 1.701994e+01 -8.380031e-01 
 1.702027e+01 -7.994766e-01 
 1.702059e+01 -7.620502e-01 
 1.702091e+01 -7.332935e-01 
 1.702124e+01 -7.164894e-01 
 1.702156e+01 -6.903322e-01 
 1.702188e+01 -6.870520e-01 
 1.702221e+01 -6.685511e-01 
 1.702253e+01 -6.840911e-01 
 1.702285e+01 -7.031121e-01 
 1.702317e+01 -7.302717e-01 
 1.702350e+01 -7.585915e-01 
 1.702382e+01 -7.834239e-01 
 1.702414e+01 -8.065087e-01 
 1.702447e+01 -7.565461e-01 
 1.702479e+01 -7.635355e-01 
 1.702511e+01 -7.794017e-01 
 1.702544e+01 -7.904917e-01 
 1.702576e+01 -8.050481e-01 
 1.702608e+01 -8.266338e-01 
 1.702640e+01 -8.652538e-01 
 1.702673e+01 -9.116790e-01 
 1.702705e+01 -9.565157e-01 
 1.702737e+01 -1.003253e+00 
 1.702770e+01 -9.890510e-01 
 1.702802e+01 -1.004039e+00 
 1.702834e+01 -1.033582e+00 
 1.702867e+01 -1.039927e+00 
 1.702899e+01 -1.036585e+00 
 1.702931e+01 -1.003210e+00 
 1.702963e+01 -1.011042e+00 
 1.702996e+01 -1.033121e+00 
 1.703028e+01 -1.060727e+00 
 1.703060e+01 -1.067668e+00 
 1.703093e+01 -1.100204e+00 
 1.703125e+01 -1.130525e+00 
 1.703157e+01 -1.185414e+00 
 1.703190e+01 -1.253888e+00 
 1.703222e+01 -1.336235e+00 
 1.703254e+01 -1.361500e+00 
 1.703286e+01 -1.284376e+00 
 1.703319e+01 -1.283110e+00 
 1.703351e+01 -1.285217e+00 
 1.703383e+01 -1.289853e+00 
 1.703416e+01 -1.290965e+00 
 1.703448e+01 -1.301251e+00 
 1.703480e+01 -1.311766e+00 
 1.703513e+01 -1.321349e+00 
 1.703545e+01 -1.332692e+00 
 1.703577e+01 -1.345270e+00 
 1.703609e+01 -1.356582e+00 
 1.703642e+01 -1.367097e+00 
 1.703674e+01 -1.375399e+00 
 1.703706e+01 -1.380224e+00 
 1.703739e+01 -1.381282e+00 
 1.703771e+01 -1.382409e+00 
 1.703803e+01 -1.379303e+00 
 1.703836e+01 -1.372188e+00 
 1.703868e+01 -1.360587e+00 
 1.703900e+01 -1.349204e+00 
 1.703932e+01 -1.356689e+00 
 1.703965e+01 -1.368499e+00 
 1.703997e+01 -1.381273e+00 
 1.704029e+01 -1.335144e+00 
 1.704062e+01 -1.337612e+00 
 1.704094e+01 -1.330631e+00 
 1.704126e+01 -1.321991e+00 
 1.704159e+01 -1.301191e+00 
 1.704191e+01 -1.278870e+00 
 1.704223e+01 -1.254825e+00 
 1.704255e+01 -1.214799e+00 
 1.704288e+01 -1.196111e+00 
 1.704320e+01 -1.183955e+00 
 1.704352e+01 -1.180250e+00 
 1.704385e+01 -1.177981e+00 
 1.704417e+01 -1.177322e+00 
 1.704449e+01 -1.173345e+00 
 1.704481e+01 -1.165561e+00 
 1.704514e+01 -1.150356e+00 
 1.704546e+01 -1.131773e+00 
 1.704578e+01 -1.122552e+00 
 1.704611e+01 -1.117898e+00 
 1.704643e+01 -1.120583e+00 
 1.704675e+01 -1.133003e+00 
 1.704708e+01 -1.104725e+00 
 1.704740e+01 -1.118185e+00 
 1.704772e+01 -1.138338e+00 
 1.704804e+01 -1.163495e+00 
 1.704837e+01 -1.149163e+00 
 1.704869e+01 -1.173064e+00 
 1.704901e+01 -1.196593e+00 
 1.704934e+01 -1.162491e+00 
 1.704966e+01 -1.174874e+00 
 1.704998e+01 -1.189072e+00 
 1.705031e+01 -1.208369e+00 
 1.705063e+01 -1.236031e+00 
 1.705095e+01 -1.294436e+00 
 1.705127e+01 -1.337475e+00 
 1.705160e+01 -1.385342e+00 
 1.705192e+01 -1.430491e+00 
 1.705224e+01 -1.493532e+00 
 1.705257e+01 -1.570716e+00 
 1.705289e+01 -1.624256e+00 
 1.705321e+01 -1.673363e+00 
 1.705354e+01 -1.578865e+00 
 1.705386e+01 -1.586862e+00 
 1.705418e+01 -1.590880e+00 
 1.705450e+01 -1.592744e+00 
 1.705483e+01 -1.597103e+00 
 1.705515e+01 -1.608324e+00 
 1.705547e+01 -1.634237e+00 
 1.705580e+01 -1.679155e+00 
 1.705612e+01 -1.723291e+00 
 1.705644e+01 -1.791337e+00 
 1.705677e+01 -1.833800e+00 
 1.705709e+01 -1.820329e+00 
 1.705741e+01 -1.826557e+00 
 1.705773e+01 -1.821448e+00 
 1.705806e+01 -1.820525e+00 
 1.705838e+01 -1.833516e+00 
 1.705870e+01 -1.823368e+00 
 1.705903e+01 -1.806906e+00 
 1.705935e+01 -1.794205e+00 
 1.705967e+01 -1.787231e+00 
 1.706000e+01 -1.787034e+00 
 1.706032e+01 -1.769830e+00 
 1.706064e+01 -1.749273e+00 
 1.706096e+01 -1.739048e+00 
 1.706129e+01 -1.682898e+00 
 1.706161e+01 -1.664783e+00 
 1.706193e+01 -1.647434e+00 
 1.706226e+01 -1.651327e+00 
 1.706258e+01 -1.636296e+00 
 1.706290e+01 -1.617483e+00 
 1.706323e+01 -1.598350e+00 
 1.706355e+01 -1.598081e+00 
 1.706387e+01 -1.587160e+00 
 1.706419e+01 -1.579585e+00 
 1.706452e+01 -1.569772e+00 
 1.706484e+01 -1.531450e+00 
 1.706516e+01 -1.506290e+00 
 1.706549e+01 -1.484954e+00 
 1.706581e+01 -1.432027e+00 
 1.706613e+01 -1.407770e+00 
 1.706646e+01 -1.384590e+00 
 1.706678e+01 -1.402263e+00 
 1.706710e+01 -1.382424e+00 
 1.706742e+01 -1.362839e+00 
 1.706775e+01 -1.339016e+00 
 1.706807e+01 -1.317067e+00 
 1.706839e+01 -1.296710e+00 
 1.706872e+01 -1.275630e+00 
 1.706904e+01 -1.246775e+00 
 1.706936e+01 -1.204980e+00 
 1.706969e+01 -1.178163e+00 
 1.707001e+01 -1.146244e+00 
 1.707033e+01 -1.112769e+00 
 1.707065e+01 -1.083643e+00 
 1.707098e+01 -1.057373e+00 
 1.707130e+01 -1.032664e+00 
 1.707162e+01 -1.012603e+00 
 1.707195e+01 -9.930627e-01 
 1.707227e+01 -9.767294e-01 
 1.707259e+01 -9.583747e-01 
 1.707292e+01 -9.437239e-01 
 1.707324e+01 -9.321503e-01 
 1.707356e+01 -9.230846e-01 
 1.707388e+01 -9.148770e-01 
 1.707421e+01 -9.082956e-01 
 1.707453e+01 -9.038711e-01 
 1.707485e+01 -9.038496e-01 
 1.707518e+01 -9.009200e-01 
 1.707550e+01 -9.175308e-01 
 1.707582e+01 -9.415084e-01 
 1.707615e+01 -9.671636e-01 
 1.707647e+01 -9.924466e-01 
 1.707679e+01 -1.025263e+00 
 1.707711e+01 -1.074060e+00 
 1.707744e+01 -1.110035e+00 
 1.707776e+01 -1.148141e+00 
 1.707808e+01 -1.183964e+00 
 1.707841e+01 -1.161854e+00 
 1.707873e+01 -1.224155e+00 
 1.707905e+01 -1.261089e+00 
 1.707937e+01 -1.307761e+00 
 1.707970e+01 -1.354730e+00 
 1.708002e+01 -1.406434e+00 
 1.708034e+01 -1.481431e+00 
 1.708067e+01 -1.552927e+00 
 1.708099e+01 -1.620864e+00 
 1.708131e+01 -1.695717e+00 
 1.708164e+01 -1.611818e+00 
 1.708196e+01 -1.648736e+00 
 1.708228e+01 -1.675097e+00 
 1.708260e+01 -1.632995e+00 
 1.708293e+01 -1.631470e+00 
 1.708325e+01 -1.624317e+00 
 1.708357e+01 -1.614653e+00 
 1.708390e+01 -1.604310e+00 
 1.708422e+01 -1.599534e+00 
 1.708454e+01 -1.605697e+00 
 1.708487e+01 -1.612172e+00 
 1.708519e+01 -1.619185e+00 
 1.708551e+01 -1.619635e+00 
 1.708583e+01 -1.559255e+00 
 1.708616e+01 -1.551914e+00 
 1.708648e+01 -1.538906e+00 
 1.708680e+01 -1.519962e+00 
 1.708713e+01 -1.491757e+00 
 1.708745e+01 -1.468448e+00 
 1.708777e+01 -1.465286e+00 
 1.708810e+01 -1.464984e+00 
 1.708842e+01 -1.482837e+00 
 1.708874e+01 -1.498629e+00 
 1.708906e+01 -1.476392e+00 
 1.708939e+01 -1.499560e+00 
 1.708971e+01 -1.523519e+00 
 1.709003e+01 -1.540331e+00 
 1.709036e+01 -1.536561e+00 
 1.709068e+01 -1.524409e+00 
 1.709100e+01 -1.518970e+00 
 1.709133e+01 -1.512525e+00 
 1.709165e+01 -1.507002e+00 
 1.709197e+01 -1.516877e+00 
 1.709229e+01 -1.537629e+00 
 1.709262e+01 -1.562652e+00 
 1.709294e+01 -1.591869e+00 
 1.709326e+01 -1.658777e+00 
 1.709359e+01 -1.677503e+00 
 1.709391e+01 -1.684325e+00 
 1.709423e+01 -1.679659e+00 
 1.709456e+01 -1.663295e+00 
 1.709488e+01 -1.635217e+00 
 1.709520e+01 -1.600148e+00 
 1.709552e+01 -1.572842e+00 
 1.709585e+01 -1.550314e+00 
 1.709617e+01 -1.537297e+00 
 1.709649e+01 -1.530913e+00 
 1.709682e+01 -1.526807e+00 
 1.709714e+01 -1.523083e+00 
 1.709746e+01 -1.515180e+00 
 1.709779e+01 -1.469276e+00 
 1.709811e+01 -1.462138e+00 
 1.709843e+01 -1.449268e+00 
 1.709875e+01 -1.432295e+00 
 1.709908e+01 -1.407396e+00 
 1.709940e+01 -1.372998e+00 
 1.709972e+01 -1.362510e+00 
 1.710005e+01 -1.368553e+00 
 1.710037e+01 -1.369035e+00 
 1.710069e+01 -1.373486e+00 
 1.710102e+01 -1.389831e+00 
 1.710134e+01 -1.406037e+00 
 1.710166e+01 -1.442216e+00 
 1.710198e+01 -1.471306e+00 
 1.710231e+01 -1.493085e+00 
 1.710263e+01 -1.514436e+00 
 1.710295e+01 -1.523904e+00 
 1.710328e+01 -1.528591e+00 
 1.710360e+01 -1.528337e+00 
 1.710392e+01 -1.500265e+00 
 1.710425e+01 -1.512425e+00 
 1.710457e+01 -1.535327e+00 
 1.710489e+01 -1.565599e+00 
 1.710521e+01 -1.602072e+00 
 1.710554e+01 -1.636918e+00 
 1.710586e+01 -1.692568e+00 
 1.710618e+01 -1.713025e+00 
 1.710651e+01 -1.722766e+00 
 1.710683e+01 -1.726677e+00 
 1.710715e+01 -1.723178e+00 
 1.710748e+01 -1.714825e+00 
 1.710780e+01 -1.672094e+00 
 1.710812e+01 -1.673895e+00 
 1.710844e+01 -1.669822e+00 
 1.710877e+01 -1.684388e+00 
 1.710909e+01 -1.698032e+00 
 1.710941e+01 -1.679242e+00 
 1.710974e+01 -1.692838e+00 
 1.711006e+01 -1.698978e+00 
 1.711038e+01 -1.721228e+00 
 1.711071e+01 -1.743352e+00 
 1.711103e+01 -1.759254e+00 
 1.711135e+01 -1.772616e+00 
 1.711167e+01 -1.777698e+00 
 1.711200e+01 -1.755644e+00 
 1.711232e+01 -1.761375e+00 
 1.711264e+01 -1.786839e+00 
 1.711297e+01 -1.811823e+00 
 1.711329e+01 -1.817514e+00 
 1.711361e+01 -1.838962e+00 
 1.711394e+01 -1.835298e+00 
 1.711426e+01 -1.804320e+00 
 1.711458e+01 -1.787146e+00 
 1.711490e+01 -1.759212e+00 
 1.711523e+01 -1.725800e+00 
 1.711555e+01 -1.693874e+00 
 1.711587e+01 -1.678706e+00 
 1.711620e+01 -1.717316e+00 
 1.711652e+01 -1.769765e+00 
 1.711684e+01 -1.798091e+00 
 1.711716e+01 -1.833694e+00 
 1.711749e+01 -1.897095e+00 
 1.711781e+01 -1.915522e+00 
 1.711813e+01 -1.939944e+00 
 1.711846e+01 -1.926434e+00 
 1.711878e+01 -1.871014e+00 
 1.711910e+01 -1.835866e+00 
 1.711943e+01 -1.793808e+00 
 1.711975e+01 -1.736658e+00 
 1.712007e+01 -1.678465e+00 
 1.712039e+01 -1.630577e+00 
 1.712072e+01 -1.537192e+00 
 1.712104e+01 -1.464481e+00 
 1.712136e+01 -1.443612e+00 
 1.712169e+01 -1.422030e+00 
 1.712201e+01 -1.412978e+00 
 1.712233e+01 -1.406137e+00 
 1.712266e+01 -1.401595e+00 
 1.712298e+01 -1.383028e+00 
 1.712330e+01 -1.352665e+00 
 1.712362e+01 -1.313042e+00 
 1.712395e+01 -1.270080e+00 
 1.712427e+01 -1.192949e+00 
 1.712459e+01 -1.158581e+00 
 1.712492e+01 -1.138704e+00 
 1.712524e+01 -1.134434e+00 
 1.712556e+01 -1.145911e+00 
 1.712589e+01 -1.163959e+00 
 1.712621e+01 -1.185246e+00 
 1.712653e+01 -1.210519e+00 
 1.712685e+01 -1.252085e+00 
 1.712718e+01 -1.281984e+00 
 1.712750e+01 -1.321943e+00 
 1.712782e+01 -1.337802e+00 
 1.712815e+01 -1.352841e+00 
 1.712847e+01 -1.369675e+00 
 1.712879e+01 -1.393388e+00 
 1.712912e+01 -1.416914e+00 
 1.712944e+01 -1.435949e+00 
 1.712976e+01 -1.471971e+00 
 1.713008e+01 -1.515386e+00 
 1.713041e+01 -1.569920e+00 
 1.713073e+01 -1.658829e+00 
 1.713105e+01 -1.711384e+00 
 1.713138e+01 -1.757369e+00 
 1.713170e+01 -1.796312e+00 
 1.713202e+01 -1.827381e+00 
 1.713235e+01 -1.850114e+00 
 1.713267e+01 -1.866094e+00 
 1.713299e+01 -1.881758e+00 
 1.713331e+01 -1.901469e+00 
 1.713364e+01 -1.928710e+00 
 1.713396e+01 -1.961410e+00 
 1.713428e+01 -1.998856e+00 
 1.713461e+01 -2.034263e+00 
 1.713493e+01 -2.063600e+00 
 1.713525e+01 -2.083106e+00 
 1.713558e+01 -2.099825e+00 
 1.713590e+01 -2.108134e+00 
 1.713622e+01 -2.109962e+00 
 1.713654e+01 -2.111634e+00 
 1.713687e+01 -2.100395e+00 
 1.713719e+01 -2.048038e+00 
 1.713751e+01 -2.060688e+00 
 1.713784e+01 -2.078277e+00 
 1.713816e+01 -2.094587e+00 
 1.713848e+01 -2.103844e+00 
 1.713881e+01 -2.105454e+00 
 1.713913e+01 -2.100885e+00 
 1.713945e+01 -2.089988e+00 
 1.713977e+01 -2.077209e+00 
 1.714010e+01 -2.078219e+00 
 1.714042e+01 -2.072199e+00 
 1.714074e+01 -2.062981e+00 
 1.714107e+01 -2.056803e+00 
 1.714139e+01 -2.046814e+00 
 1.714171e+01 -2.042033e+00 
 1.714204e+01 -2.044993e+00 
 1.714236e+01 -2.045342e+00 
 1.714268e+01 -2.042398e+00 
 1.714300e+01 -2.036701e+00 
 1.714333e+01 -2.025766e+00 
 1.714365e+01 -2.009466e+00 
 1.714397e+01 -1.990333e+00 
 1.714430e+01 -1.969161e+00 
 1.714462e+01 -1.945921e+00 
 1.714494e+01 -1.924722e+00 
 1.714527e+01 -1.901567e+00 
 1.714559e+01 -1.882358e+00 
 1.714591e+01 -1.866966e+00 
 1.714623e+01 -1.849344e+00 
 1.714656e+01 -1.828324e+00 
 1.714688e+01 -1.803032e+00 
 1.714720e+01 -1.779398e+00 
 1.714753e+01 -1.751506e+00 
 1.714785e+01 -1.716723e+00 
 1.714817e+01 -1.671998e+00 
 1.714849e+01 -1.626250e+00 
 1.714882e+01 -1.578596e+00 
 1.714914e+01 -1.533369e+00 
 1.714946e+01 -1.487283e+00 
 1.714979e+01 -1.453979e+00 
 1.715011e+01 -1.427765e+00 
 1.715043e+01 -1.410666e+00 
 1.715076e+01 -1.400420e+00 
 1.715108e+01 -1.394324e+00 
 1.715140e+01 -1.378581e+00 
 1.715172e+01 -1.357236e+00 
 1.715205e+01 -1.332922e+00 
 1.715237e+01 -1.307846e+00 
 1.715269e+01 -1.291905e+00 
 1.715302e+01 -1.277297e+00 
 1.715334e+01 -1.269414e+00 
 1.715366e+01 -1.270757e+00 
 1.715399e+01 -1.284015e+00 
 1.715431e+01 -1.303236e+00 
 1.715463e+01 -1.327854e+00 
 1.715495e+01 -1.354848e+00 
 1.715528e+01 -1.419058e+00 
 1.715560e+01 -1.441851e+00 
 1.715592e+01 -1.460826e+00 
 1.715625e+01 -1.476445e+00 
 1.715657e+01 -1.487954e+00 
 1.715689e+01 -1.501079e+00 
 1.715722e+01 -1.517901e+00 
 1.715754e+01 -1.539298e+00 
 1.715786e+01 -1.568774e+00 
 1.715818e+01 -1.593833e+00 
 1.715851e+01 -1.648172e+00 
 1.715883e+01 -1.701336e+00 
 1.715915e+01 -1.744806e+00 
 1.715948e+01 -1.783769e+00 
 1.715980e+01 -1.822866e+00 
 1.716012e+01 -1.857435e+00 
 1.716045e+01 -1.910815e+00 
 1.716077e+01 -1.941003e+00 
 1.716109e+01 -1.957812e+00 
 1.716141e+01 -1.951109e+00 
 1.716174e+01 -1.939935e+00 
 1.716206e+01 -1.931658e+00 
 1.716238e+01 -1.929038e+00 
 1.716271e+01 -1.913836e+00 
 1.716303e+01 -1.923446e+00 
 1.716335e+01 -1.914430e+00 
 1.716368e+01 -1.917739e+00 
 1.716400e+01 -1.915597e+00 
 1.716432e+01 -1.879493e+00 
 1.716464e+01 -1.851538e+00 
 1.716497e+01 -1.814872e+00 
 1.716529e+01 -1.773588e+00 
 1.716561e+01 -1.738834e+00 
 1.716594e+01 -1.712057e+00 
 1.716626e+01 -1.690549e+00 
 1.716658e+01 -1.676093e+00 
 1.716691e+01 -1.688842e+00 
 1.716723e+01 -1.698474e+00 
 1.716755e+01 -1.689214e+00 
 1.716787e+01 -1.627152e+00 
 1.716820e+01 -1.598590e+00 
 1.716852e+01 -1.570437e+00 
 1.716884e+01 -1.531264e+00 
 1.716917e+01 -1.494750e+00 
 1.716949e+01 -1.461066e+00 
 1.716981e+01 -1.429245e+00 
 1.717014e+01 -1.362931e+00 
 1.717046e+01 -1.344867e+00 
 1.717078e+01 -1.332497e+00 
 1.717110e+01 -1.319291e+00 
 1.717143e+01 -1.313222e+00 
 1.717175e+01 -1.328581e+00 
 1.717207e+01 -1.323752e+00 
 1.717240e+01 -1.313843e+00 
 1.717272e+01 -1.300081e+00 
 1.717304e+01 -1.285986e+00 
 1.717337e+01 -1.270818e+00 
 1.717369e+01 -1.232824e+00 
 1.717401e+01 -1.167261e+00 
 1.717433e+01 -1.141666e+00 
 1.717466e+01 -1.093868e+00 
 1.717498e+01 -1.083485e+00 
 1.717530e+01 -1.068422e+00 
 1.717563e+01 -1.066832e+00 
 1.717595e+01 -1.060749e+00 
 1.717627e+01 -1.054756e+00 
 1.717660e+01 -1.044183e+00 
 1.717692e+01 -1.033972e+00 
 1.717724e+01 -1.013377e+00 
 1.717756e+01 -1.013094e+00 
 1.717789e+01 -1.016683e+00 
 1.717821e+01 -9.974143e-01 
 1.717853e+01 -1.007620e+00 
 1.717886e+01 -1.029469e+00 
 1.717918e+01 -1.050965e+00 
 1.717950e+01 -1.077585e+00 
 1.717983e+01 -1.107264e+00 
 1.718015e+01 -1.145099e+00 
 1.718047e+01 -1.184997e+00 
 1.718079e+01 -1.219274e+00 
 1.718112e+01 -1.254684e+00 
 1.718144e+01 -1.280879e+00 
 1.718176e+01 -1.253209e+00 
 1.718209e+01 -1.273553e+00 
 1.718241e+01 -1.300555e+00 
 1.718273e+01 -1.324740e+00 
 1.718306e+01 -1.355538e+00 
 1.718338e+01 -1.389823e+00 
 1.718370e+01 -1.421219e+00 
 1.718402e+01 -1.449593e+00 
 1.718435e+01 -1.472969e+00 
 1.718467e+01 -1.495690e+00 
 1.718499e+01 -1.520175e+00 
 1.718532e+01 -1.519569e+00 
 1.718564e+01 -1.537908e+00 
 1.718596e+01 -1.557017e+00 
 1.718628e+01 -1.576666e+00 
 1.718661e+01 -1.594563e+00 
 1.718693e+01 -1.610638e+00 
 1.718725e+01 -1.625040e+00 
 1.718758e+01 -1.632516e+00 
 1.718790e+01 -1.645156e+00 
 1.718822e+01 -1.659348e+00 
 1.718855e+01 -1.692161e+00 
 1.718887e+01 -1.731204e+00 
 1.718919e+01 -1.740293e+00 
 1.718951e+01 -1.746724e+00 
 1.718984e+01 -1.747777e+00 
 1.719016e+01 -1.741379e+00 
 1.719048e+01 -1.732502e+00 
 1.719081e+01 -1.717142e+00 
 1.719113e+01 -1.704327e+00 
 1.719145e+01 -1.694524e+00 
 1.719178e+01 -1.685407e+00 
 1.719210e+01 -1.675841e+00 
 1.719242e+01 -1.666590e+00 
 1.719274e+01 -1.653783e+00 
 1.719307e+01 -1.636838e+00 
 1.719339e+01 -1.615182e+00 
 1.719371e+01 -1.587191e+00 
 1.719404e+01 -1.554096e+00 
 1.719436e+01 -1.513306e+00 
 1.719468e+01 -1.472482e+00 
 1.719501e+01 -1.425677e+00 
 1.719533e+01 -1.352835e+00 
 1.719565e+01 -1.230503e+00 
 1.719597e+01 -1.188575e+00 
 1.719630e+01 -1.152168e+00 
 1.719662e+01 -1.122147e+00 
 1.719694e+01 -1.088014e+00 
 1.719727e+01 -1.050873e+00 
 1.719759e+01 -9.800973e-01 
 1.719791e+01 -9.467997e-01 
 1.719824e+01 -9.124216e-01 
 1.719856e+01 -8.779867e-01 
 1.719888e+01 -8.591416e-01 
 1.719920e+01 -8.440182e-01 
 1.719953e+01 -8.283952e-01 
 1.719985e+01 -8.169665e-01 
 1.720017e+01 -7.735145e-01 
 1.720050e+01 -7.674386e-01 
 1.720082e+01 -7.607548e-01 
 1.720114e+01 -7.623521e-01 
 1.720147e+01 -7.853285e-01 
 1.720179e+01 -7.962632e-01 
 1.720211e+01 -8.064509e-01 
 1.720243e+01 -8.135501e-01 
 1.720276e+01 -8.241338e-01 
 1.720308e+01 -8.360151e-01 
 1.720340e+01 -8.501469e-01 
 1.720373e+01 -8.816878e-01 
 1.720405e+01 -9.042980e-01 
 1.720437e+01 -9.248059e-01 
 1.720470e+01 -9.518135e-01 
 1.720502e+01 -1.001344e+00 
 1.720534e+01 -1.045537e+00 
 1.720566e+01 -1.066315e+00 
 1.720599e+01 -1.083792e+00 
 1.720631e+01 -1.097432e+00 
 1.720663e+01 -1.141522e+00 
 1.720696e+01 -1.150712e+00 
 1.720728e+01 -1.166749e+00 
 1.720760e+01 -1.180323e+00 
 1.720793e+01 -1.196608e+00 
 1.720825e+01 -1.215225e+00 
 1.720857e+01 -1.233999e+00 
 1.720889e+01 -1.265194e+00 
 1.720922e+01 -1.191702e+00 
 1.720954e+01 -1.205869e+00 
 1.720986e+01 -1.216167e+00 
 1.721019e+01 -1.231962e+00 
 1.721051e+01 -1.249376e+00 
 1.721083e+01 -1.266725e+00 
 1.721116e+01 -1.280770e+00 
 1.721148e+01 -1.302137e+00 
 1.721180e+01 -1.330453e+00 
 1.721212e+01 -1.302368e+00 
 1.721245e+01 -1.325582e+00 
 1.721277e+01 -1.346022e+00 
 1.721309e+01 -1.366440e+00 
 1.721342e+01 -1.402079e+00 
 1.721374e+01 -1.450120e+00 
 1.721406e+01 -1.472632e+00 
 1.721438e+01 -1.489436e+00 
 1.721471e+01 -1.500819e+00 
 1.721503e+01 -1.508918e+00 
 1.721535e+01 -1.513777e+00 
 1.721568e+01 -1.515595e+00 
 1.721600e+01 -1.517877e+00 
 1.721632e+01 -1.520512e+00 
 1.721665e+01 -1.518307e+00 
 1.721697e+01 -1.540805e+00 
 1.721729e+01 -1.550021e+00 
 1.721761e+01 -1.571567e+00 
 1.721794e+01 -1.570801e+00 
 1.721826e+01 -1.559329e+00 
 1.721858e+01 -1.547286e+00 
 1.721891e+01 -1.525353e+00 
 1.721923e+01 -1.503594e+00 
 1.721955e+01 -1.476536e+00 
 1.721988e+01 -1.446104e+00 
 1.722020e+01 -1.411478e+00 
 1.722052e+01 -1.336883e+00 
 1.722084e+01 -1.302181e+00 
 1.722117e+01 -1.282400e+00 
 1.722149e+01 -1.260474e+00 
 1.722181e+01 -1.252058e+00 
 1.722214e+01 -1.243600e+00 
 1.722246e+01 -1.235448e+00 
 1.722278e+01 -1.219445e+00 
 1.722311e+01 -1.207427e+00 
 1.722343e+01 -1.195044e+00 
 1.722375e+01 -1.178866e+00 
 1.722407e+01 -1.160455e+00 
 1.722440e+01 -1.136828e+00 
 1.722472e+01 -1.124235e+00 
 1.722504e+01 -1.114301e+00 
 1.722537e+01 -1.104804e+00 
 1.722569e+01 -1.104019e+00 
 1.722601e+01 -1.117877e+00 
 1.722634e+01 -1.127565e+00 
 1.722666e+01 -1.143485e+00 
 1.722698e+01 -1.161665e+00 
 1.722730e+01 -1.185535e+00 
 1.722763e+01 -1.205740e+00 
 1.722795e+01 -1.223775e+00 
 1.722827e+01 -1.244090e+00 
 1.722860e+01 -1.270654e+00 
 1.722892e+01 -1.315204e+00 
 1.722924e+01 -1.377328e+00 
 1.722957e+01 -1.407517e+00 
 1.722989e+01 -1.446812e+00 
 1.723021e+01 -1.492382e+00 
 1.723053e+01 -1.539966e+00 
 1.723086e+01 -1.589660e+00 
 1.723118e+01 -1.647033e+00 
 1.723150e+01 -1.703171e+00 
 1.723183e+01 -1.737388e+00 
 1.723215e+01 -1.772593e+00 
 1.723247e+01 -1.808118e+00 
 1.723280e+01 -1.811251e+00 
 1.723312e+01 -1.833279e+00 
 1.723344e+01 -1.851191e+00 
 1.723376e+01 -1.869950e+00 
 1.723409e+01 -1.890052e+00 
 1.723441e+01 -1.910004e+00 
 1.723473e+01 -1.928285e+00 
 1.723506e+01 -1.945064e+00 
 1.723538e+01 -1.957134e+00 
 1.723570e+01 -1.986146e+00 
 1.723603e+01 -2.015408e+00 
 1.723635e+01 -2.003754e+00 
 1.723667e+01 -2.019470e+00 
 1.723699e+01 -2.041028e+00 
 1.723732e+01 -2.019364e+00 
 1.723764e+01 -2.036057e+00 
 1.723796e+01 -2.049676e+00 
 1.723829e+01 -2.059288e+00 
 1.723861e+01 -2.060225e+00 
 1.723893e+01 -2.065788e+00 
 1.723926e+01 -2.066865e+00 
 1.723958e+01 -2.066688e+00 
 1.723990e+01 -2.064093e+00 
 1.724022e+01 -2.063303e+00 
 1.724055e+01 -2.062228e+00 
 1.724087e+01 -2.061084e+00 
 1.724119e+01 -2.039225e+00 
 1.724152e+01 -2.010830e+00 
 1.724184e+01 -2.007419e+00 
 1.724216e+01 -1.999237e+00 
 1.724249e+01 -1.986473e+00 
 1.724281e+01 -1.969177e+00 
 1.724313e+01 -1.945736e+00 
 1.724345e+01 -1.918860e+00 
 1.724378e+01 -1.887763e+00 
 1.724410e+01 -1.861562e+00 
 1.724442e+01 -1.839544e+00 
 1.724475e+01 -1.818914e+00 
 1.724507e+01 -1.800524e+00 
 1.724539e+01 -1.783659e+00 
 1.724571e+01 -1.729389e+00 
 1.724604e+01 -1.715363e+00 
 1.724636e+01 -1.700548e+00 
 1.724668e+01 -1.689458e+00 
 1.724701e+01 -1.678555e+00 
 1.724733e+01 -1.662223e+00 
 1.724765e+01 -1.650035e+00 
 1.724798e+01 -1.640195e+00 
 1.724830e+01 -1.626580e+00 
 1.724862e+01 -1.615031e+00 
 1.724894e+01 -1.602993e+00 
 1.724927e+01 -1.595495e+00 
 1.724959e+01 -1.586179e+00 
 1.724991e+01 -1.576012e+00 
 1.725024e+01 -1.568646e+00 
 1.725056e+01 -1.563776e+00 
 1.725088e+01 -1.558093e+00 
 1.725121e+01 -1.528252e+00 
 1.725153e+01 -1.516883e+00 
 1.725185e+01 -1.507005e+00 
 1.725217e+01 -1.499289e+00 
 1.725250e+01 -1.495124e+00 
 1.725282e+01 -1.496449e+00 
 1.725314e+01 -1.503418e+00 
 1.725347e+01 -1.495719e+00 
 1.725379e+01 -1.508647e+00 
 1.725411e+01 -1.520205e+00 
 1.725444e+01 -1.535799e+00 
 1.725476e+01 -1.530251e+00 
 1.725508e+01 -1.551871e+00 
 1.725540e+01 -1.572713e+00 
 1.725573e+01 -1.587532e+00 
 1.725605e+01 -1.598967e+00 
 1.725637e+01 -1.623668e+00 
 1.725670e+01 -1.650882e+00 
 1.725702e+01 -1.677841e+00 
 1.725734e+01 -1.705031e+00 
 1.725767e+01 -1.727364e+00 
 1.725799e+01 -1.749030e+00 
 1.725831e+01 -1.765554e+00 
 1.725863e+01 -1.754505e+00 
 1.725896e+01 -1.769744e+00 
 1.725928e+01 -1.791942e+00 
 1.725960e+01 -1.806992e+00 
 1.725993e+01 -1.825159e+00 
 1.726025e+01 -1.851416e+00 
 1.726057e+01 -1.872305e+00 
 1.726090e+01 -1.893469e+00 
 1.726122e+01 -1.916448e+00 
 1.726154e+01 -1.930114e+00 
 1.726186e+01 -1.946018e+00 
 1.726219e+01 -1.958110e+00 
 1.726251e+01 -1.966785e+00 
 1.726283e+01 -1.978987e+00 
 1.726316e+01 -1.982339e+00 
 1.726348e+01 -1.992894e+00 
 1.726380e+01 -1.997714e+00 
 1.726413e+01 -2.005944e+00 
 1.726445e+01 -2.018612e+00 
 1.726477e+01 -2.030741e+00 
 1.726509e+01 -2.048653e+00 
 1.726542e+01 -2.060287e+00 
 1.726574e+01 -2.070172e+00 
 1.726606e+01 -2.075779e+00 
 1.726639e+01 -2.080826e+00 
 1.726671e+01 -2.081316e+00 
 1.726703e+01 -2.076179e+00 
 1.726736e+01 -2.066478e+00 
 1.726768e+01 -2.056329e+00 
 1.726800e+01 -2.037628e+00 
 1.726832e+01 -2.022429e+00 
 1.726865e+01 -2.012489e+00 
 1.726897e+01 -2.002460e+00 
 1.726929e+01 -1.997195e+00 
 1.726962e+01 -1.987837e+00 
 1.726994e+01 -1.981002e+00 
 1.727026e+01 -1.970141e+00 
 1.727059e+01 -1.959864e+00 
 1.727091e+01 -1.952615e+00 
 1.727123e+01 -1.936812e+00 
 1.727155e+01 -1.920235e+00 
 1.727188e+01 -1.906338e+00 
 1.727220e+01 -1.868306e+00 
 1.727252e+01 -1.848011e+00 
 1.727285e+01 -1.833014e+00 
 1.727317e+01 -1.818655e+00 
 1.727349e+01 -1.810399e+00 
 1.727382e+01 -1.777374e+00 
 1.727414e+01 -1.766778e+00 
 1.727446e+01 -1.758855e+00 
 1.727478e+01 -1.747695e+00 
 1.727511e+01 -1.738126e+00 
 1.727543e+01 -1.726820e+00 
 1.727575e+01 -1.711640e+00 
 1.727608e+01 -1.694223e+00 
 1.727640e+01 -1.677345e+00 
 1.727672e+01 -1.660742e+00 
 1.727704e+01 -1.648649e+00 
 1.727737e+01 -1.639921e+00 
 1.727769e+01 -1.637294e+00 
 1.727801e+01 -1.642488e+00 
 1.727834e+01 -1.651006e+00 
 1.727866e+01 -1.666763e+00 
 1.727898e+01 -1.682880e+00 
 1.727931e+01 -1.702021e+00 
 1.727963e+01 -1.722852e+00 
 1.727995e+01 -1.741682e+00 
 1.728027e+01 -1.757045e+00 
 1.728060e+01 -1.768791e+00 
 1.728092e+01 -1.779500e+00 
 1.728124e+01 -1.791137e+00 
 1.728157e+01 -1.804266e+00 
 1.728189e+01 -1.817095e+00 
 1.728221e+01 -1.831324e+00 
 1.728254e+01 -1.846403e+00 
 1.728286e+01 -1.817857e+00 
 1.728318e+01 -1.835508e+00 
 1.728350e+01 -1.849675e+00 
 1.728383e+01 -1.863146e+00 
 1.728415e+01 -1.872694e+00 
 1.728447e+01 -1.874801e+00 
 1.728480e+01 -1.877506e+00 
 1.728512e+01 -1.879666e+00 
 1.728544e+01 -1.879893e+00 
 1.728577e+01 -1.879761e+00 
 1.728609e+01 -1.880631e+00 
 1.728641e+01 -1.884039e+00 
 1.728673e+01 -1.891576e+00 
 1.728706e+01 -1.898139e+00 
 1.728738e+01 -1.905199e+00 
 1.728770e+01 -1.910337e+00 
 1.728803e+01 -1.911130e+00 
 1.728835e+01 -1.908383e+00 
 1.728867e+01 -1.902384e+00 
 1.728900e+01 -1.898054e+00 
 1.728932e+01 -1.900358e+00 
 1.728964e+01 -1.903944e+00 
 1.728996e+01 -1.907314e+00 
 1.729029e+01 -1.910027e+00 
 1.729061e+01 -1.908859e+00 
 1.729093e+01 -1.904653e+00 
 1.729126e+01 -1.900841e+00 
 1.729158e+01 -1.899730e+00 
 1.729190e+01 -1.894880e+00 
 1.729223e+01 -1.866322e+00 
 1.729255e+01 -1.835276e+00 
 1.729287e+01 -1.823667e+00 
 1.729319e+01 -1.810562e+00 
 1.729352e+01 -1.776825e+00 
 1.729384e+01 -1.757207e+00 
 1.729416e+01 -1.740824e+00 
 1.729449e+01 -1.699759e+00 
 1.729481e+01 -1.686703e+00 
 1.729513e+01 -1.669569e+00 
 1.729546e+01 -1.652237e+00 
 1.729578e+01 -1.624840e+00 
 1.729610e+01 -1.593900e+00 
 1.729642e+01 -1.577402e+00 
 1.729675e+01 -1.556883e+00 
 1.729707e+01 -1.533874e+00 
 1.729739e+01 -1.510284e+00 
 1.729772e+01 -1.492420e+00 
 1.729804e+01 -1.476927e+00 
 1.729836e+01 -1.463699e+00 
 1.729869e+01 -1.451503e+00 
 1.729901e+01 -1.439394e+00 
 1.729933e+01 -1.426035e+00 
 1.729965e+01 -1.412654e+00 
 1.729998e+01 -1.396172e+00 
 1.730030e+01 -1.360832e+00 
 1.730062e+01 -1.327904e+00 
 1.730095e+01 -1.308100e+00 
 1.730127e+01 -1.288855e+00 
 1.730159e+01 -1.269112e+00 
 1.730192e+01 -1.257050e+00 
 1.730224e+01 -1.250534e+00 
 1.730256e+01 -1.247742e+00 
 1.730288e+01 -1.251592e+00 
 1.730321e+01 -1.256612e+00 
 1.730353e+01 -1.265075e+00 
 1.730385e+01 -1.277320e+00 
 1.730418e+01 -1.286719e+00 
 1.730450e+01 -1.295711e+00 
 1.730482e+01 -1.302388e+00 
 1.730515e+01 -1.309870e+00 
 1.730547e+01 -1.313822e+00 
 1.730579e+01 -1.326571e+00 
 1.730611e+01 -1.335316e+00 
 1.730644e+01 -1.348380e+00 
 1.730676e+01 -1.364361e+00 
 1.730708e+01 -1.385392e+00 
 1.730741e+01 -1.407471e+00 
 1.730773e+01 -1.436738e+00 
 1.730805e+01 -1.465187e+00 
 1.730837e+01 -1.491342e+00 
 1.730870e+01 -1.513979e+00 
 1.730902e+01 -1.533403e+00 
 1.730934e+01 -1.552441e+00 
 1.730967e+01 -1.574882e+00 
 1.730999e+01 -1.597906e+00 
 1.731031e+01 -1.618998e+00 
 1.731064e+01 -1.641497e+00 
 1.731096e+01 -1.663536e+00 
 1.731128e+01 -1.687463e+00 
 1.731160e+01 -1.712962e+00 
 1.731193e+01 -1.728093e+00 
 1.731225e+01 -1.738999e+00 
 1.731257e+01 -1.762980e+00 
 1.731290e+01 -1.780529e+00 
 1.731322e+01 -1.797612e+00 
 1.731354e+01 -1.815602e+00 
 1.731387e+01 -1.832504e+00 
 1.731419e+01 -1.856254e+00 
 1.731451e+01 -1.878405e+00 
 1.731483e+01 -1.901176e+00 
 1.731516e+01 -1.920819e+00 
 1.731548e+01 -1.939701e+00 
 1.731580e+01 -1.955148e+00 
 1.731613e+01 -1.969304e+00 
 1.731645e+01 -1.979020e+00 
 1.731677e+01 -1.985382e+00 
 1.731710e+01 -1.985879e+00 
 1.731742e+01 -1.982646e+00 
 1.731774e+01 -1.979357e+00 
 1.731806e+01 -1.971988e+00 
 1.731839e+01 -1.963793e+00 
 1.731871e+01 -1.957772e+00 
 1.731903e+01 -1.952511e+00 
 1.731936e+01 -1.949377e+00 
 1.731968e+01 -1.939601e+00 
 1.732000e+01 -1.927721e+00 
 1.732033e+01 -1.925640e+00 
 1.732065e+01 -1.921940e+00 
 1.732097e+01 -1.898787e+00 
 1.732129e+01 -1.889379e+00 
 1.732162e+01 -1.875997e+00 
 1.732194e+01 -1.859705e+00 
 1.732226e+01 -1.851920e+00 
 1.732259e+01 -1.839157e+00 
 1.732291e+01 -1.829070e+00 
 1.732323e+01 -1.815843e+00 
 1.732356e+01 -1.799709e+00 
 1.732388e+01 -1.785789e+00 
 1.732420e+01 -1.765861e+00 
 1.732452e+01 -1.751988e+00 
 1.732485e+01 -1.729936e+00 
 1.732517e+01 -1.703677e+00 
 1.732549e+01 -1.674975e+00 
 1.732582e+01 -1.649653e+00 
 1.732614e+01 -1.627677e+00 
 1.732646e+01 -1.602800e+00 
 1.732679e+01 -1.574287e+00 
 1.732711e+01 -1.549888e+00 
 1.732743e+01 -1.535440e+00 
 1.732775e+01 -1.521095e+00 
 1.732808e+01 -1.511318e+00 
 1.732840e+01 -1.506623e+00 
 1.732872e+01 -1.501000e+00 
 1.732905e+01 -1.488377e+00 
 1.732937e+01 -1.484926e+00 
 1.732969e+01 -1.480947e+00 
 1.733002e+01 -1.482224e+00 
 1.733034e+01 -1.486635e+00 
 1.733066e+01 -1.493856e+00 
 1.733098e+01 -1.508114e+00 
 1.733131e+01 -1.521125e+00 
 1.733163e+01 -1.540252e+00 
 1.733195e+01 -1.561192e+00 
 1.733228e+01 -1.579937e+00 
 1.733260e+01 -1.603252e+00 
 1.733292e+01 -1.626207e+00 
 1.733325e+01 -1.645231e+00 
 1.733357e+01 -1.663004e+00 
 1.733389e+01 -1.677640e+00 
 1.733421e+01 -1.646437e+00 
 1.733454e+01 -1.659868e+00 
 1.733486e+01 -1.669383e+00 
 1.733518e+01 -1.679895e+00 
 1.733551e+01 -1.688474e+00 
 1.733583e+01 -1.697106e+00 
 1.733615e+01 -1.702794e+00 
 1.733648e+01 -1.697965e+00 
 1.733680e+01 -1.687196e+00 
 1.733712e+01 -1.672746e+00 
 1.733744e+01 -1.654545e+00 
 1.733777e+01 -1.631498e+00 
 1.733809e+01 -1.609516e+00 
 1.733841e+01 -1.585503e+00 
 1.733874e+01 -1.555838e+00 
 1.733906e+01 -1.528481e+00 
 1.733938e+01 -1.504182e+00 
 1.733971e+01 -1.479271e+00 
 1.734003e+01 -1.477225e+00 
 1.734035e+01 -1.456794e+00 
 1.734067e+01 -1.425048e+00 
 1.734100e+01 -1.401197e+00 
 1.734132e+01 -1.365249e+00 
 1.734164e+01 -1.323828e+00 
 1.734197e+01 -1.293837e+00 
 1.734229e+01 -1.261555e+00 
 1.734261e+01 -1.230305e+00 
 1.734293e+01 -1.202938e+00 
 1.734326e+01 -1.162856e+00 
 1.734358e+01 -1.128809e+00 
 1.734390e+01 -1.118367e+00 
 1.734423e+01 -1.090434e+00 
 1.734455e+01 -1.090893e+00 
 1.734487e+01 -1.091610e+00 
 1.734520e+01 -1.095485e+00 
 1.734552e+01 -1.097476e+00 
 1.734584e+01 -1.062815e+00 
 1.734616e+01 -1.067888e+00 
 1.734649e+01 -1.066986e+00 
 1.734681e+01 -1.068091e+00 
 1.734713e+01 -1.070502e+00 
 1.734746e+01 -1.076973e+00 
 1.734778e+01 -1.090860e+00 
 1.734810e+01 -1.109759e+00 
 1.734843e+01 -1.127949e+00 
 1.734875e+01 -1.140198e+00 
 1.734907e+01 -1.144276e+00 
 1.734939e+01 -1.141028e+00 
 1.734972e+01 -1.121906e+00 
 1.735004e+01 -1.104611e+00 
 1.735036e+01 -1.087144e+00 
 1.735069e+01 -1.068058e+00 
 1.735101e+01 -1.049952e+00 
 1.735133e+01 -1.030030e+00 
 1.735166e+01 -1.005902e+00 
 1.735198e+01 -9.839162e-01 
 1.735230e+01 -9.688904e-01 
 1.735262e+01 -9.577665e-01 
 1.735295e+01 -9.472652e-01 
 1.735327e+01 -9.410450e-01 
 1.735359e+01 -9.382298e-01 
 1.735392e+01 -9.385524e-01 
 1.735424e+01 -9.322247e-01 
 1.735456e+01 -9.226316e-01 
 1.735489e+01 -9.123870e-01 
 1.735521e+01 -9.015757e-01 
 1.735553e+01 -8.929798e-01 
 1.735585e+01 -8.873610e-01 
 1.735618e+01 -8.852743e-01 
 1.735650e+01 -8.813668e-01 
 1.735682e+01 -8.787793e-01 
 1.735715e+01 -8.800435e-01 
 1.735747e+01 -8.849235e-01 
 1.735779e+01 -8.877959e-01 
 1.735812e+01 -8.901649e-01 
 1.735844e+01 -8.931277e-01 
 1.735876e+01 -8.932950e-01 
 1.735908e+01 -8.928511e-01 
 1.735941e+01 -8.918362e-01 
 1.735973e+01 -8.951856e-01 
 1.736005e+01 -9.024531e-01 
 1.736038e+01 -9.075500e-01 
 1.736070e+01 -9.141823e-01 
 1.736102e+01 -9.259004e-01 
 1.736135e+01 -9.380188e-01 
 1.736167e+01 -9.414366e-01 
 1.736199e+01 -9.433469e-01 
 1.736231e+01 -9.491570e-01 
 1.736264e+01 -9.523153e-01 
 1.736296e+01 -9.581614e-01 
 1.736328e+01 -9.670347e-01 
 1.736361e+01 -9.727891e-01 
 1.736393e+01 -9.817671e-01 
 1.736425e+01 -1.013462e+00 
 1.736458e+01 -1.015386e+00 
 1.736490e+01 -1.016206e+00 
 1.736522e+01 -1.013115e+00 
 1.736554e+01 -1.009700e+00 
 1.736587e+01 -1.000872e+00 
 1.736619e+01 -9.916996e-01 
 1.736651e+01 -9.806492e-01 
 1.736684e+01 -9.692179e-01 
 1.736716e+01 -9.539878e-01 
 1.736748e+01 -9.354058e-01 
 1.736781e+01 -9.166497e-01 
 1.736813e+01 -9.008848e-01 
 1.736845e+01 -8.864646e-01 
 1.736877e+01 -8.729720e-01 
 1.736910e+01 -8.605485e-01 
 1.736942e+01 -8.431024e-01 
 1.736974e+01 -8.259381e-01 
 1.737007e+01 -8.076030e-01 
 1.737039e+01 -7.862827e-01 
 1.737071e+01 -7.649955e-01 
 1.737104e+01 -7.509845e-01 
 1.737136e+01 -7.346643e-01 
 1.737168e+01 -7.183136e-01 
 1.737200e+01 -6.983410e-01 
 1.737233e+01 -6.809294e-01 
 1.737265e+01 -6.663539e-01 
 1.737297e+01 -6.795756e-01 
 1.737330e+01 -6.710550e-01 
 1.737362e+01 -6.600512e-01 
 1.737394e+01 -6.464949e-01 
 1.737427e+01 -6.300456e-01 
 1.737459e+01 -6.099330e-01 
 1.737491e+01 -5.865990e-01 
 1.737523e+01 -5.667763e-01 
 1.737556e+01 -5.460394e-01 
 1.737588e+01 -5.297718e-01 
 1.737620e+01 -5.186252e-01 
 1.737653e+01 -5.130573e-01 
 1.737685e+01 -5.083476e-01 
 1.737717e+01 -5.043527e-01 
 1.737749e+01 -4.967800e-01 
 1.737782e+01 -4.900478e-01 
 1.737814e+01 -4.835857e-01 
 1.737846e+01 -4.769034e-01 
 1.737879e+01 -4.678442e-01 
 1.737911e+01 -4.567337e-01 
 1.737943e+01 -4.448195e-01 
 1.737976e+01 -4.345358e-01 
 1.738008e+01 -4.279137e-01 
 1.738040e+01 -4.217389e-01 
 1.738072e+01 -4.175243e-01 
 1.738105e+01 -4.116683e-01 
 1.738137e+01 -4.118681e-01 
 1.738169e+01 -4.156321e-01 
 1.738202e+01 -4.186966e-01 
 1.738234e+01 -4.161721e-01 
 1.738266e+01 -4.080420e-01 
 1.738299e+01 -3.995333e-01 
 1.738331e+01 -3.884064e-01 
 1.738363e+01 -3.765242e-01 
 1.738395e+01 -3.651930e-01 
 1.738428e+01 -3.548088e-01 
 1.738460e+01 -3.430568e-01 
 1.738492e+01 -3.342923e-01 
 1.738525e+01 -3.260590e-01 
 1.738557e+01 -3.168379e-01 
 1.738589e+01 -3.110905e-01 
 1.738622e+01 -3.106252e-01 
 1.738654e+01 -3.073365e-01 
 1.738686e+01 -3.077231e-01 
 1.738718e+01 -3.047708e-01 
 1.738751e+01 -2.964742e-01 
 1.738783e+01 -2.933492e-01 
 1.738815e+01 -2.840608e-01 
 1.738848e+01 -2.794215e-01 
 1.738880e+01 -2.812224e-01 
 1.738912e+01 -2.826191e-01 
 1.738945e+01 -2.853961e-01 
 1.738977e+01 -2.873571e-01 
 1.739009e+01 -2.883086e-01 
 1.739041e+01 -2.854970e-01 
 1.739074e+01 -2.803103e-01 
 1.739106e+01 -2.765141e-01 
 1.739138e+01 -2.755954e-01 
 1.739171e+01 -2.805641e-01 
 1.739203e+01 -2.889558e-01 
 1.739235e+01 -2.916932e-01 
 1.739268e+01 -2.964498e-01 
 1.739300e+01 -3.106389e-01 
 1.739332e+01 -3.401889e-01 
 1.739364e+01 -3.483505e-01 
 1.739397e+01 -3.560005e-01 
 1.739429e+01 -3.816331e-01 
 1.739461e+01 -3.875139e-01 
 1.739494e+01 -3.928837e-01 
 1.739526e+01 -4.024103e-01 
 1.739558e+01 -4.078717e-01 
 1.739591e+01 -4.188675e-01 
 1.739623e+01 -4.324693e-01 
 1.739655e+01 -4.488194e-01 
 1.739687e+01 -4.705597e-01 
 1.739720e+01 -4.886134e-01 
 1.739752e+01 -5.069760e-01 
 1.739784e+01 -5.191956e-01 
 1.739817e+01 -5.311206e-01 
 1.739849e+01 -5.425847e-01 
 1.739881e+01 -5.518966e-01 
 1.739914e+01 -5.606671e-01 
 1.739946e+01 -5.669290e-01 
 1.739978e+01 -5.741451e-01 
 1.740010e+01 -5.803321e-01 
 1.740043e+01 -5.891962e-01 
 1.740075e+01 -5.996144e-01 
 1.740107e+01 -6.143933e-01 
 1.740140e+01 -6.318588e-01 
 1.740172e+01 -6.524681e-01 
 1.740204e+01 -6.723787e-01 
 1.740237e+01 -6.990013e-01 
 1.740269e+01 -7.563483e-01 
 1.740301e+01 -7.624317e-01 
 1.740333e+01 -7.642514e-01 
 1.740366e+01 -7.631020e-01 
 1.740398e+01 -7.642572e-01 
 1.740430e+01 -7.666324e-01 
 1.740463e+01 -7.755456e-01 
 1.740495e+01 -7.858389e-01 
 1.740527e+01 -7.996514e-01 
 1.740559e+01 -8.152567e-01 
 1.740592e+01 -8.284740e-01 
 1.740624e+01 -8.416968e-01 
 1.740656e+01 -8.553716e-01 
 1.740689e+01 -8.656846e-01 
 1.740721e+01 -8.796536e-01 
 1.740753e+01 -8.891569e-01 
 1.740786e+01 -9.115148e-01 
 1.740818e+01 -9.168297e-01 
 1.740850e+01 -9.230998e-01 
 1.740882e+01 -9.337751e-01 
 1.740915e+01 -9.486983e-01 
 1.740947e+01 -9.657568e-01 
 1.740979e+01 -9.852150e-01 
 1.741012e+01 -1.004641e+00 
 1.741044e+01 -1.024112e+00 
 1.741076e+01 -1.066172e+00 
 1.741109e+01 -1.081789e+00 
 1.741141e+01 -1.095821e+00 
 1.741173e+01 -1.109465e+00 
 1.741205e+01 -1.119904e+00 
 1.741238e+01 -1.125791e+00 
 1.741270e+01 -1.127817e+00 
 1.741302e+01 -1.125076e+00 
 1.741335e+01 -1.124580e+00 
 1.741367e+01 -1.128029e+00 
 1.741399e+01 -1.133621e+00 
 1.741432e+01 -1.138664e+00 
 1.741464e+01 -1.145551e+00 
 1.741496e+01 -1.155225e+00 
 1.741528e+01 -1.161839e+00 
 1.741561e+01 -1.164205e+00 
 1.741593e+01 -1.188602e+00 
 1.741625e+01 -1.188824e+00 
 1.741658e+01 -1.183729e+00 
 1.741690e+01 -1.179809e+00 
 1.741722e+01 -1.176008e+00 
 1.741755e+01 -1.168166e+00 
 1.741787e+01 -1.162293e+00 
 1.741819e+01 -1.155191e+00 
 1.741851e+01 -1.145541e+00 
 1.741884e+01 -1.137651e+00 
 1.741916e+01 -1.132275e+00 
 1.741948e+01 -1.123711e+00 
 1.741981e+01 -1.114150e+00 
 1.742013e+01 -1.125420e+00 
 1.742045e+01 -1.111712e+00 
 1.742078e+01 -1.095750e+00 
 1.742110e+01 -1.078948e+00 
 1.742142e+01 -1.062236e+00 
 1.742174e+01 -1.043542e+00 
 1.742207e+01 -1.024818e+00 
 1.742239e+01 -1.011838e+00 
 1.742271e+01 -1.000175e+00 
 1.742304e+01 -9.897335e-01 
 1.742336e+01 -9.766602e-01 
 1.742368e+01 -9.624501e-01 
 1.742401e+01 -9.505388e-01 
 1.742433e+01 -9.412076e-01 
 1.742465e+01 -9.380767e-01 
 1.742497e+01 -9.331258e-01 
 1.742530e+01 -9.292274e-01 
 1.742562e+01 -9.254679e-01 
 1.742594e+01 -9.178003e-01 
 1.742627e+01 -9.121923e-01 
 1.742659e+01 -9.082251e-01 
 1.742691e+01 -9.079832e-01 
 1.742724e+01 -9.266146e-01 
 1.742756e+01 -9.283453e-01 
 1.742788e+01 -9.526969e-01 
 1.742820e+01 -9.564409e-01 
 1.742853e+01 -9.577202e-01 
 1.742885e+01 -9.564761e-01 
 1.742917e+01 -9.578784e-01 
 1.742950e+01 -9.567485e-01 
 1.742982e+01 -9.523577e-01 
 1.743014e+01 -9.467024e-01 
 1.743047e+01 -9.398247e-01 
 1.743079e+01 -9.328620e-01 
 1.743111e+01 -9.265422e-01 
 1.743143e+01 -9.221783e-01 
 1.743176e+01 -9.172742e-01 
 1.743208e+01 -9.125268e-01 
 1.743240e+01 -9.078468e-01 
 1.743273e+01 -9.036165e-01 
 1.743305e+01 -8.967051e-01 
 1.743337e+01 -8.881859e-01 
 1.743369e+01 -8.809769e-01 
 1.743402e+01 -8.734500e-01 
 1.743434e+01 -8.676086e-01 
 1.743466e+01 -8.648399e-01 
 1.743499e+01 -8.605940e-01 
 1.743531e+01 -8.570503e-01 
 1.743563e+01 -8.528826e-01 
 1.743596e+01 -8.475215e-01 
 1.743628e+01 -8.430479e-01 
 1.743660e+01 -8.335894e-01 
 1.743692e+01 -8.271820e-01 
 1.743725e+01 -8.196361e-01 
 1.743757e+01 -8.093893e-01 
 1.743789e+01 -8.004893e-01 
 1.743822e+01 -7.920025e-01 
 1.743854e+01 -7.791768e-01 
 1.743886e+01 -7.675384e-01 
 1.743919e+01 -7.583877e-01 
 1.743951e+01 -7.808600e-01 
 1.743983e+01 -7.832482e-01 
 1.744015e+01 -7.828968e-01 
 1.744048e+01 -7.820557e-01 
 1.744080e+01 -7.849274e-01 
 1.744112e+01 -7.894837e-01 
 1.744145e+01 -7.923963e-01 
 1.744177e+01 -7.950960e-01 
 1.744209e+01 -7.989882e-01 
 1.744242e+01 -8.028349e-01 
 1.744274e+01 -8.124301e-01 
 1.744306e+01 -8.261607e-01 
 1.744338e+01 -8.429247e-01 
 1.744371e+01 -8.628181e-01 
 1.744403e+01 -8.844451e-01 
 1.744435e+01 -9.069131e-01 
 1.744468e+01 -9.324168e-01 
 1.744500e+01 -9.556689e-01 
 1.744532e+01 -9.784608e-01 
 1.744565e+01 -9.966351e-01 
 1.744597e+01 -1.009696e+00 
 1.744629e+01 -1.021201e+00 
 1.744661e+01 -1.023962e+00 
 1.744694e+01 -1.027237e+00 
 1.744726e+01 -1.029388e+00 
 1.744758e+01 -1.031949e+00 
 1.744791e+01 -1.041833e+00 
 1.744823e+01 -1.052348e+00 
 1.744855e+01 -1.052462e+00 
 1.744888e+01 -1.054646e+00 
 1.744920e+01 -1.060943e+00 
 1.744952e+01 -1.074448e+00 
 1.744984e+01 -1.079888e+00 
 1.745017e+01 -1.086643e+00 
 1.745049e+01 -1.093752e+00 
 1.745081e+01 -1.097614e+00 
 1.745114e+01 -1.100910e+00 
 1.745146e+01 -1.102099e+00 
 1.745178e+01 -1.102921e+00 
 1.745211e+01 -1.105291e+00 
 1.745243e+01 -1.112475e+00 
 1.745275e+01 -1.123393e+00 
 1.745307e+01 -1.135391e+00 
 1.745340e+01 -1.148260e+00 
 1.745372e+01 -1.157348e+00 
 1.745404e+01 -1.168835e+00 
 1.745437e+01 -1.179609e+00 
 1.745469e+01 -1.188707e+00 
 1.745501e+01 -1.194486e+00 
 1.745533e+01 -1.198258e+00 
 1.745566e+01 -1.200249e+00 
 1.745598e+01 -1.194133e+00 
 1.745630e+01 -1.184714e+00 
 1.745663e+01 -1.177970e+00 
 1.745695e+01 -1.172584e+00 
 1.745727e+01 -1.170279e+00 
 1.745760e+01 -1.164287e+00 
 1.745792e+01 -1.186425e+00 
 1.745824e+01 -1.190895e+00 
 1.745856e+01 -1.195498e+00 
 1.745889e+01 -1.198846e+00 
 1.745921e+01 -1.200583e+00 
 1.745953e+01 -1.201719e+00 
 1.745986e+01 -1.200630e+00 
 1.746018e+01 -1.200683e+00 
 1.746050e+01 -1.197846e+00 
 1.746083e+01 -1.193835e+00 
 1.746115e+01 -1.184519e+00 
 1.746147e+01 -1.173662e+00 
 1.746179e+01 -1.162099e+00 
 1.746212e+01 -1.155503e+00 
 1.746244e+01 -1.147136e+00 
 1.746276e+01 -1.145356e+00 
 1.746309e+01 -1.138054e+00 
 1.746341e+01 -1.132802e+00 
 1.746373e+01 -1.125368e+00 
 1.746406e+01 -1.113613e+00 
 1.746438e+01 -1.098829e+00 
 1.746470e+01 -1.079635e+00 
 1.746502e+01 -1.057554e+00 
 1.746535e+01 -1.034214e+00 
 1.746567e+01 -1.013310e+00 
 1.746599e+01 -9.922674e-01 
 1.746632e+01 -9.653297e-01 
 1.746664e+01 -9.375508e-01 
 1.746696e+01 -9.135437e-01 
 1.746729e+01 -8.929339e-01 
 1.746761e+01 -8.752997e-01 
 1.746793e+01 -8.575545e-01 
 1.746825e+01 -8.403723e-01 
 1.746858e+01 -8.241425e-01 
 1.746890e+01 -8.053993e-01 
 1.746922e+01 -7.900862e-01 
 1.746955e+01 -7.732447e-01 
 1.746987e+01 -7.545749e-01 
 1.747019e+01 -7.365994e-01 
 1.747052e+01 -7.168203e-01 
 1.747084e+01 -6.993946e-01 
 1.747116e+01 -6.785229e-01 
 1.747148e+01 -6.467253e-01 
 1.747181e+01 -6.164921e-01 
 1.747213e+01 -5.892431e-01 
 1.747245e+01 -5.656969e-01 
 1.747278e+01 -5.432306e-01 
 1.747310e+01 -5.208157e-01 
 1.747342e+01 -4.986107e-01 
 1.747375e+01 -4.734696e-01 
 1.747407e+01 -4.466937e-01 
 1.747439e+01 -4.190034e-01 
 1.747471e+01 -3.899796e-01 
 1.747504e+01 -3.646328e-01 
 1.747536e+01 -3.381281e-01 
 1.747568e+01 -3.133559e-01 
 1.747601e+01 -2.972376e-01 
 1.747633e+01 -2.613425e-01 
 1.747665e+01 -2.232014e-01 
 1.747698e+01 -1.808850e-01 
 1.747730e+01 -1.571497e-01 
 1.747762e+01 -1.461743e-01 
 1.747794e+01 -1.251137e-01 
 1.747827e+01 -1.055892e-01 
 1.747859e+01 -8.362077e-02 
 1.747891e+01 -6.204086e-02 
 1.747924e+01 -4.065540e-02 
 1.747956e+01 -3.501654e-02 
 1.747988e+01 -9.573161e-03 
 1.748021e+01  1.014788e-02 
 1.748053e+01  1.288854e-02 
 1.748085e+01  3.293256e-02 
 1.748117e+01  5.567357e-02 
 1.748150e+01  8.197804e-02 
 1.748182e+01  1.246297e-01 
 1.748214e+01  1.688731e-01 
 1.748247e+01  2.068530e-01 
 1.748279e+01  2.430576e-01 
 1.748311e+01  2.763737e-01 
 1.748343e+01  3.107206e-01 
 1.748376e+01  2.794814e-01 
 1.748408e+01  3.101591e-01 
 1.748440e+01  3.359114e-01 
 1.748473e+01  3.576479e-01 
 1.748505e+01  3.790758e-01 
 1.748537e+01  3.994864e-01 
 1.748570e+01  4.195336e-01 
 1.748602e+01  4.380361e-01 
 1.748634e+01  4.678431e-01 
 1.748666e+01  5.056867e-01 
 1.748699e+01  5.441313e-01 
 1.748731e+01  5.889427e-01 
 1.748763e+01  6.366362e-01 
 1.748796e+01  6.427178e-01 
 1.748828e+01  6.521646e-01 
 1.748860e+01  6.478206e-01 
 1.748893e+01  6.503960e-01 
 1.748925e+01  6.467376e-01 
 1.748957e+01  6.440528e-01 
 1.748989e+01  6.530599e-01 
 1.749022e+01  6.686318e-01 
 1.749054e+01  6.886144e-01 
 1.749086e+01  7.089822e-01 
 1.749119e+01  7.315133e-01 
 1.749151e+01  7.628248e-01 
 1.749183e+01  7.936484e-01 
 1.749216e+01  8.177736e-01 
 1.749248e+01  8.290004e-01 
 1.749280e+01  8.112238e-01 
 1.749312e+01  7.804810e-01 
 1.749345e+01  7.794419e-01 
 1.749377e+01  7.736884e-01 
 1.749409e+01  7.714169e-01 
 1.749442e+01  7.758334e-01 
 1.749474e+01  7.861988e-01 
 1.749506e+01  7.928992e-01 
 1.749539e+01  8.114871e-01 
 1.749571e+01  8.230920e-01 
 1.749603e+01  8.362266e-01 
 1.749635e+01  8.573182e-01 
 1.749668e+01  8.694883e-01 
 1.749700e+01  8.792000e-01 
 1.749732e+01  8.754720e-01 
 1.749765e+01  8.789821e-01 
 1.749797e+01  8.773555e-01 
 1.749829e+01  8.792778e-01 
 1.749862e+01  9.138056e-01 
 1.749894e+01  9.446102e-01 
 1.749926e+01  9.716751e-01 
 1.749958e+01  9.635459e-01 
 1.749991e+01  9.967256e-01 
 1.750023e+01  1.025826e+00 
 1.750055e+01  1.047787e+00 
 1.750088e+01  1.072267e+00 
 1.750120e+01  1.109430e+00 
 1.750152e+01  1.124979e+00 
 1.750185e+01  1.139304e+00 
 1.750217e+01  1.152741e+00 
 1.750249e+01  1.166863e+00 
 1.750281e+01  1.179059e+00 
 1.750314e+01  1.187149e+00 
 1.750346e+01  1.196054e+00 
 1.750378e+01  1.208736e+00 
 1.750411e+01  1.222706e+00 
 1.750443e+01  1.235441e+00 
 1.750475e+01  1.210675e+00 
 1.750508e+01  1.213093e+00 
 1.750540e+01  1.210598e+00 
 1.750572e+01  1.201938e+00 
 1.750604e+01  1.184296e+00 
 1.750637e+01  1.158986e+00 
 1.750669e+01  1.153755e+00 
 1.750701e+01  1.133425e+00 
 1.750734e+01  1.132713e+00 
 1.750766e+01  1.124152e+00 
 1.750798e+01  1.124050e+00 
 1.750831e+01  1.115351e+00 
 1.750863e+01  1.086672e+00 
 1.750895e+01  1.081247e+00 
 1.750927e+01  1.079819e+00 
 1.750960e+01  1.078637e+00 
 1.750992e+01  1.080264e+00 
 1.751024e+01  1.049133e+00 
 1.751057e+01  1.067556e+00 
 1.751089e+01  1.086143e+00 
 1.751121e+01  1.095131e+00 
 1.751154e+01  1.093941e+00 
 1.751186e+01  1.100599e+00 
 1.751218e+01  1.120985e+00 
 1.751250e+01  1.137263e+00 
 1.751283e+01  1.151936e+00 
 1.751315e+01  1.169168e+00 
 1.751347e+01  1.184193e+00 
 1.751380e+01  1.197471e+00 
 1.751412e+01  1.210194e+00 
 1.751444e+01  1.228031e+00 
 1.751476e+01  1.213924e+00 
 1.751509e+01  1.234406e+00 
 1.751541e+01  1.251979e+00 
 1.751573e+01  1.270599e+00 
 1.751606e+01  1.286819e+00 
 1.751638e+01  1.293293e+00 
 1.751670e+01  1.287953e+00 
 1.751703e+01  1.303506e+00 
 1.751735e+01  1.323361e+00 
 1.751767e+01  1.339881e+00 
 1.751799e+01  1.348344e+00 
 1.751832e+01  1.354190e+00 
 1.751864e+01  1.356216e+00 
 1.751896e+01  1.365228e+00 
 1.751929e+01  1.380199e+00 
 1.751961e+01  1.396800e+00 
 1.751993e+01  1.403823e+00 
 1.752026e+01  1.414525e+00 
 1.752058e+01  1.422016e+00 
 1.752090e+01  1.430088e+00 
 1.752122e+01  1.429487e+00 
 1.752155e+01  1.417349e+00 
 1.752187e+01  1.398252e+00 
 1.752219e+01  1.387368e+00 
 1.752252e+01  1.388275e+00 
 1.752284e+01  1.391057e+00 
 1.752316e+01  1.383799e+00 
 1.752349e+01  1.372353e+00 
 1.752381e+01  1.365871e+00 
 1.752413e+01  1.357589e+00 
 1.752445e+01  1.355275e+00 
 1.752478e+01  1.353984e+00 
 1.752510e+01  1.347688e+00 
 1.752542e+01  1.343015e+00 
 1.752575e+01  1.340154e+00 
 1.752607e+01  1.333375e+00 
 1.752639e+01  1.318318e+00 
 1.752672e+01  1.291907e+00 
 1.752704e+01  1.272889e+00 
 1.752736e+01  1.260593e+00 
 1.752768e+01  1.256962e+00 
 1.752801e+01  1.233715e+00 
 1.752833e+01  1.209953e+00 
 1.752865e+01  1.206213e+00 
 1.752898e+01  1.180179e+00 
 1.752930e+01  1.180811e+00 
 1.752962e+01  1.176332e+00 
 1.752995e+01  1.171862e+00 
 1.753027e+01  1.160730e+00 
 1.753059e+01  1.154305e+00 
 1.753091e+01  1.158179e+00 
 1.753124e+01  1.146974e+00 
 1.753156e+01  1.118484e+00 
 1.753188e+01  1.063000e+00 
 1.753221e+01  1.042601e+00 
 1.753253e+01  1.030858e+00 
 1.753285e+01  1.022211e+00 
 1.753318e+01  9.874535e-01 
 1.753350e+01  9.680481e-01 
 1.753382e+01  9.129275e-01 
 1.753414e+01  8.926308e-01 
 1.753447e+01  8.662492e-01 
 1.753479e+01  8.691886e-01 
 1.753511e+01  8.746994e-01 
 1.753544e+01  8.665465e-01 
 1.753576e+01  8.475558e-01 
 1.753608e+01  8.362092e-01 
 1.753641e+01  8.136905e-01 
 1.753673e+01  7.832101e-01 
 1.753705e+01  7.485092e-01 
 1.753737e+01  7.138610e-01 
 1.753770e+01  6.777213e-01 
 1.753802e+01  6.409485e-01 
 1.753834e+01  6.000204e-01 
 1.753867e+01  5.311654e-01 
 1.753899e+01  4.954151e-01 
 1.753931e+01  4.649588e-01 
 1.753964e+01  4.384857e-01 
 1.753996e+01  4.123740e-01 
 1.754028e+01  3.786062e-01 
 1.754060e+01  3.511167e-01 
 1.754093e+01  3.327433e-01 
 1.754125e+01  3.159938e-01 
 1.754157e+01  2.704461e-01 
 1.754190e+01  2.062964e-01 
 1.754222e+01  1.519252e-01 
 1.754254e+01  1.067466e-01 
 1.754286e+01  7.252331e-02 
 1.754319e+01  4.973710e-02 
 1.754351e+01  3.444848e-02 
 1.754383e+01  1.609259e-02 
 1.754416e+01 -7.573368e-03 
 1.754448e+01 -3.426212e-02 
 1.754480e+01 -5.833822e-02 
 1.754513e+01 -8.120566e-02 
 1.754545e+01 -1.026095e-01 
 1.754577e+01 -1.266741e-01 
 1.754609e+01 -1.579196e-01 
 1.754642e+01 -2.033094e-01 
 1.754674e+01 -2.573253e-01 
 1.754706e+01 -3.195154e-01 
 1.754739e+01 -3.652804e-01 
 1.754771e+01 -3.979021e-01 
 1.754803e+01 -4.235084e-01 
 1.754836e+01 -4.461369e-01 
 1.754868e+01 -4.705216e-01 
 1.754900e+01 -4.999868e-01 
 1.754932e+01 -5.368267e-01 
 1.754965e+01 -5.805897e-01 
 1.754997e+01 -6.306966e-01 
 1.755029e+01 -6.818794e-01 
 1.755062e+01 -7.333214e-01 
 1.755094e+01 -7.824617e-01 
 1.755126e+01 -8.170392e-01 
 1.755159e+01 -8.459979e-01 
 1.755191e+01 -8.706298e-01 
 1.755223e+01 -8.888448e-01 
 1.755255e+01 -9.026249e-01 
 1.755288e+01 -9.113428e-01 
 1.755320e+01 -9.135864e-01 
 1.755352e+01 -9.179803e-01 
 1.755385e+01 -9.324131e-01 
 1.755417e+01 -9.572386e-01 
 1.755449e+01 -9.878013e-01 
 1.755482e+01 -1.017445e+00 
 1.755514e+01 -1.044579e+00 
 1.755546e+01 -1.069541e+00 
 1.755578e+01 -1.088964e+00 
 1.755611e+01 -1.115915e+00 
 1.755643e+01 -1.131902e+00 
 1.755675e+01 -1.146528e+00 
 1.755708e+01 -1.164167e+00 
 1.755740e+01 -1.184763e+00 
 1.755772e+01 -1.203423e+00 
 1.755805e+01 -1.219453e+00 
 1.755837e+01 -1.234503e+00 
 1.755869e+01 -1.254449e+00 
 1.755901e+01 -1.278229e+00 
 1.755934e+01 -1.300965e+00 
 1.755966e+01 -1.320057e+00 
 1.755998e+01 -1.340463e+00 
 1.756031e+01 -1.356622e+00 
 1.756063e+01 -1.361054e+00 
 1.756095e+01 -1.362476e+00 
 1.756128e+01 -1.365416e+00 
 1.756160e+01 -1.358115e+00 
 1.756192e+01 -1.359796e+00 
 1.756224e+01 -1.362111e+00 
 1.756257e+01 -1.360976e+00 
 1.756289e+01 -1.365701e+00 
 1.756321e+01 -1.359179e+00 
 1.756354e+01 -1.350934e+00 
 1.756386e+01 -1.360413e+00 
 1.756418e+01 -1.351823e+00 
 1.756451e+01 -1.351216e+00 
 1.756483e+01 -1.345739e+00 
 1.756515e+01 -1.337909e+00 
 1.756547e+01 -1.326974e+00 
 1.756580e+01 -1.317582e+00 
 1.756612e+01 -1.308172e+00 
 1.756644e+01 -1.297212e+00 
 1.756677e+01 -1.286726e+00 
 1.756709e+01 -1.290884e+00 
 1.756741e+01 -1.278826e+00 
 1.756774e+01 -1.269157e+00 
 1.756806e+01 -1.256796e+00 
 1.756838e+01 -1.237583e+00 
 1.756870e+01 -1.215333e+00 
 1.756903e+01 -1.190329e+00 
 1.756935e+01 -1.169412e+00 
 1.756967e+01 -1.155772e+00 
 1.757000e+01 -1.139155e+00 
 1.757032e+01 -1.121395e+00 
 1.757064e+01 -1.098983e+00 
 1.757096e+01 -1.079361e+00 
 1.757129e+01 -1.058549e+00 
 1.757161e+01 -1.036678e+00 
 1.757193e+01 -1.019470e+00 
 1.757226e+01 -1.004108e+00 
 1.757258e+01 -9.972291e-01 
 1.757290e+01 -9.926143e-01 
 1.757323e+01 -9.859010e-01 
 1.757355e+01 -9.740684e-01 
 1.757387e+01 -9.623551e-01 
 1.757419e+01 -9.602867e-01 
 1.757452e+01 -9.700795e-01 
 1.757484e+01 -9.708847e-01 
 1.757516e+01 -9.783055e-01 
 1.757549e+01 -9.891086e-01 
 1.757581e+01 -9.898145e-01 
 1.757613e+01 -9.953404e-01 
 1.757646e+01 -9.982756e-01 
 1.757678e+01 -9.941746e-01 
 1.757710e+01 -9.853592e-01 
 1.757742e+01 -9.734066e-01 
 1.757775e+01 -9.601940e-01 
 1.757807e+01 -9.477063e-01 
 1.757839e+01 -9.296707e-01 
 1.757872e+01 -9.133717e-01 
 1.757904e+01 -9.022104e-01 
 1.757936e+01 -8.889946e-01 
 1.757969e+01 -8.826249e-01 
 1.758001e+01 -8.720368e-01 
 1.758033e+01 -8.586871e-01 
 1.758065e+01 -8.396022e-01 
 1.758098e+01 -8.172294e-01 
 1.758130e+01 -7.946274e-01 
 1.758162e+01 -7.712044e-01 
 1.758195e+01 -7.499017e-01 
 1.758227e+01 -7.274714e-01 
 1.758259e+01 -7.162523e-01 
 1.758292e+01 -7.095738e-01 
 1.758324e+01 -7.052722e-01 
 1.758356e+01 -6.988584e-01 
 1.758388e+01 -6.940773e-01 
 1.758421e+01 -6.865408e-01 
 1.758453e+01 -6.798827e-01 
 1.758485e+01 -6.759935e-01 
 1.758518e+01 -6.708749e-01 
 1.758550e+01 -6.580344e-01 
 1.758582e+01 -6.436723e-01 
 1.758615e+01 -6.300226e-01 
 1.758647e+01 -6.149880e-01 
 1.758679e+01 -5.992079e-01 
 1.758711e+01 -5.863885e-01 
 1.758744e+01 -5.788645e-01 
 1.758776e+01 -5.713837e-01 
 1.758808e+01 -5.674166e-01 
 1.758841e+01 -5.692836e-01 
 1.758873e+01 -5.709200e-01 
 1.758905e+01 -5.670536e-01 
 1.758938e+01 -5.585817e-01 
 1.758970e+01 -5.511621e-01 
 1.759002e+01 -5.494474e-01 
 1.759034e+01 -5.551937e-01 
 1.759067e+01 -5.570390e-01 
 1.759099e+01 -5.603559e-01 
 1.759131e+01 -5.620868e-01 
 1.759164e+01 -5.680233e-01 
 1.759196e+01 -5.767543e-01 
 1.759228e+01 -5.825302e-01 
 1.759261e+01 -5.871462e-01 
 1.759293e+01 -5.885820e-01 
 1.759325e+01 -5.909208e-01 
 1.759357e+01 -5.909757e-01 
 1.759390e+01 -5.868231e-01 
 1.759422e+01 -5.792534e-01 
 1.759454e+01 -5.731766e-01 
 1.759487e+01 -5.703311e-01 
 1.759519e+01 -5.665793e-01 
 1.759551e+01 -5.571326e-01 
 1.759583e+01 -5.522043e-01 
 1.759616e+01 -5.369647e-01 
 1.759648e+01 -5.138677e-01 
 1.759680e+01 -4.931854e-01 
 1.759713e+01 -4.768238e-01 
 1.759745e+01 -4.504237e-01 
 1.759777e+01 -4.223921e-01 
 1.759810e+01 -4.138408e-01 
 1.759842e+01 -4.100607e-01 
 1.759874e+01 -4.051135e-01 
 1.759906e+01 -4.043301e-01 
 1.759939e+01 -3.989926e-01 
 1.759971e+01 -3.897210e-01 
 1.760003e+01 -3.853771e-01 
 1.760036e+01 -3.743085e-01 
 1.760068e+01 -3.622978e-01 
 1.760100e+01 -3.498234e-01 
 1.760133e+01 -3.249833e-01 
 1.760165e+01 -2.988177e-01 
 1.760197e+01 -2.844970e-01 
 1.760229e+01 -2.702111e-01 
 1.760262e+01 -2.582768e-01 
 1.760294e+01 -2.638843e-01 
 1.760326e+01 -2.479899e-01 
 1.760359e+01 -2.526060e-01 
 1.760391e+01 -2.318693e-01 
 1.760423e+01 -2.071327e-01 
 1.760456e+01 -1.434175e-01 
 1.760488e+01 -1.091924e-01 
 1.760520e+01 -7.753967e-02 
 1.760552e+01 -4.539594e-02 
 1.760585e+01 -1.392312e-02 
 1.760617e+01  2.571978e-02 
 1.760649e+01  7.022355e-02 
 1.760682e+01  1.042688e-01 
 1.760714e+01  1.305203e-01 
 1.760746e+01  1.487397e-01 
 1.760779e+01  1.811284e-01 
 1.760811e+01  2.119811e-01 
 1.760843e+01  2.283036e-01 
 1.760875e+01  2.502661e-01 
 1.760908e+01  2.598160e-01 
 1.760940e+01  2.561108e-01 
 1.760972e+01  2.882833e-01 
 1.761005e+01  3.231599e-01 
 1.761037e+01  3.559924e-01 
 1.761069e+01  3.774161e-01 
 1.761102e+01  3.980043e-01 
 1.761134e+01  4.305389e-01 
 1.761166e+01  4.693142e-01 
 1.761198e+01  4.876603e-01 
 1.761231e+01  5.068921e-01 
 1.761263e+01  5.377734e-01 
 1.761295e+01  5.705737e-01 
 1.761328e+01  6.004313e-01 
 1.761360e+01  6.013957e-01 
 1.761392e+01  6.335107e-01 
 1.761425e+01  6.593189e-01 
 1.761457e+01  6.788410e-01 
 1.761489e+01  7.146361e-01 
 1.761521e+01  7.498405e-01 
 1.761554e+01  7.829051e-01 
 1.761586e+01  8.110811e-01 
 1.761618e+01  8.335323e-01 
 1.761651e+01  8.728247e-01 
 1.761683e+01  9.133639e-01 
 1.761715e+01  9.545033e-01 
 1.761748e+01  9.492816e-01 
 1.761780e+01  9.290510e-01 
 1.761812e+01  9.285539e-01 
 1.761844e+01  9.234283e-01 
 1.761877e+01  9.592968e-01 
 1.761909e+01  9.737808e-01 
 1.761941e+01  9.757522e-01 
 1.761974e+01  1.018263e+00 
 1.762006e+01  1.067885e+00 
 1.762038e+01  1.118365e+00 
 1.762071e+01  1.182222e+00 
 1.762103e+01  1.253402e+00 
 1.762135e+01  1.321738e+00 
 1.762167e+01  1.395701e+00 
 1.762200e+01  1.468206e+00 
 1.762232e+01  1.534711e+00 
 1.762264e+01  1.585864e+00 
 1.762297e+01  1.629144e+00 
 1.762329e+01  1.672955e+00 
 1.762361e+01  1.709827e+00 
 1.762393e+01  1.727374e+00 
 1.762426e+01  1.760662e+00 
 1.762458e+01  1.797821e+00 
 1.762490e+01  1.839341e+00 
 1.762523e+01  1.875769e+00 
 1.762555e+01  1.906696e+00 
 1.762587e+01  1.931251e+00 
 1.762620e+01  1.945672e+00 
 1.762652e+01  1.973680e+00 
 1.762684e+01  2.013522e+00 
 1.762716e+01  2.035446e+00 
 1.762748e+01  2.034424e+00 
 1.762781e+01  2.027341e+00 
 1.762813e+01  1.999426e+00 
 1.762845e+01  2.005567e+00 
 1.762877e+01  1.985088e+00 
 1.762909e+01  1.980506e+00 
 1.762941e+01  1.987333e+00 
 1.762974e+01  1.997127e+00 
 1.763006e+01  2.008604e+00 
 1.763038e+01  1.937886e+00 
 1.763070e+01  1.937131e+00 
 1.763102e+01  1.932418e+00 
 1.763134e+01  1.921048e+00 
 1.763167e+01  1.913494e+00 
 1.763199e+01  1.922381e+00 
 1.763231e+01  1.923918e+00 
 1.763263e+01  1.925186e+00 
 1.763295e+01  1.923177e+00 
 1.763327e+01  1.920628e+00 
 1.763359e+01  1.919465e+00 
 1.763392e+01  1.930731e+00 
 1.763424e+01  1.942668e+00 
 1.763456e+01  1.950875e+00 
 1.763488e+01  1.957239e+00 
 1.763520e+01  1.962356e+00 
 1.763552e+01  1.963914e+00 
 1.763585e+01  1.960572e+00 
 1.763617e+01  1.948509e+00 
 1.763649e+01  1.929517e+00 
 1.763681e+01  1.920907e+00 
 1.763713e+01  1.912064e+00 
 1.763746e+01  1.904001e+00 
 1.763778e+01  1.891841e+00 
 1.763810e+01  1.847643e+00 
 1.763843e+01  1.825255e+00 
 1.763875e+01  1.802494e+00 
 1.763907e+01  1.786188e+00 
 1.763940e+01  1.761008e+00 
 1.763972e+01  1.725045e+00 
 1.764004e+01  1.696427e+00 
 1.764036e+01  1.648148e+00 
 1.764069e+01  1.616632e+00 
 1.764101e+01  1.584927e+00 
 1.764133e+01  1.530623e+00 
 1.764166e+01  1.485986e+00 
 1.764198e+01  1.448998e+00 
 1.764230e+01  1.411554e+00 
 1.764262e+01  1.365889e+00 
 1.764295e+01  1.302306e+00 
 1.764327e+01  1.232829e+00 
 1.764359e+01  1.125310e+00 
 1.764391e+01  1.041433e+00 
 1.764423e+01  9.629464e-01 
 1.764456e+01  8.827149e-01 
 1.764488e+01  7.692200e-01 
 1.764520e+01  6.892577e-01 
 1.764552e+01  6.124034e-01 
 1.764584e+01  5.335362e-01 
 1.764616e+01  4.523230e-01 
 1.764648e+01  3.583568e-01 
 1.764681e+01  2.649026e-01 
 1.764713e+01  1.828739e-01 
 1.764745e+01  1.144418e-01 
 1.764777e+01  4.693860e-02 
 1.764809e+01 -2.321467e-02 
 1.764841e+01 -9.181343e-02 
 1.764874e+01 -1.552143e-01 
 1.764906e+01 -2.009123e-01 
 1.764938e+01 -2.420686e-01 
 1.764970e+01 -2.877564e-01 
 1.765002e+01 -3.288771e-01 
 1.765035e+01 -3.735159e-01 
 1.765067e+01 -4.145151e-01 
 1.765099e+01 -4.456042e-01 
 1.765132e+01 -4.819260e-01 
 1.765164e+01 -5.293690e-01 
 1.765196e+01 -5.847839e-01 
 1.765229e+01 -6.214067e-01 
 1.765261e+01 -6.513006e-01 
 1.765293e+01 -6.851897e-01 
 1.765325e+01 -7.203051e-01 
 1.765358e+01 -7.579749e-01 
 1.765390e+01 -7.930338e-01 
 1.765422e+01 -8.210001e-01 
 1.765455e+01 -8.474188e-01 
 1.765487e+01 -8.694585e-01 
 1.765519e+01 -8.973990e-01 
 1.765552e+01 -9.344592e-01 
 1.765584e+01 -9.706894e-01 
 1.765616e+01 -1.011553e+00 
 1.765648e+01 -1.056194e+00 
 1.765681e+01 -1.103863e+00 
 1.765713e+01 -1.128221e+00 
 1.765745e+01 -1.158692e+00 
 1.765778e+01 -1.133604e+00 
 1.765810e+01 -1.133983e+00 
 1.765842e+01 -1.138384e+00 
 1.765875e+01 -1.145601e+00 
 1.765907e+01 -1.151123e+00 
 1.765939e+01 -1.153003e+00 
 1.765971e+01 -1.142814e+00 
 1.766004e+01 -1.161927e+00 
 1.766036e+01 -1.186968e+00 
 1.766068e+01 -1.210498e+00 
 1.766101e+01 -1.226785e+00 
 1.766133e+01 -1.248533e+00 
 1.766165e+01 -1.273359e+00 
 1.766198e+01 -1.304510e+00 
 1.766230e+01 -1.331576e+00 
 1.766262e+01 -1.346662e+00 
 1.766294e+01 -1.354354e+00 
 1.766327e+01 -1.365376e+00 
 1.766359e+01 -1.364500e+00 
 1.766391e+01 -1.389526e+00 
 1.766424e+01 -1.416653e+00 
 1.766456e+01 -1.439384e+00 
 1.766488e+01 -1.459674e+00 
 1.766521e+01 -1.486040e+00 
 1.766553e+01 -1.512436e+00 
 1.766585e+01 -1.528410e+00 
 1.766617e+01 -1.539310e+00 
 1.766650e+01 -1.549505e+00 
 1.766682e+01 -1.566307e+00 
 1.766714e+01 -1.586867e+00 
 1.766747e+01 -1.601515e+00 
 1.766779e+01 -1.610690e+00 
 1.766811e+01 -1.616585e+00 
 1.766844e+01 -1.631718e+00 
 1.766876e+01 -1.659464e+00 
 1.766908e+01 -1.687463e+00 
 1.766940e+01 -1.710481e+00 
 1.766973e+01 -1.729461e+00 
 1.767005e+01 -1.743906e+00 
 1.767037e+01 -1.760886e+00 
 1.767070e+01 -1.774725e+00 
 1.767102e+01 -1.780594e+00 
 1.767134e+01 -1.783126e+00 
 1.767167e+01 -1.788339e+00 
 1.767199e+01 -1.798745e+00 
 1.767231e+01 -1.810474e+00 
 1.767263e+01 -1.808623e+00 
 1.767296e+01 -1.800462e+00 
 1.767328e+01 -1.781015e+00 
 1.767360e+01 -1.759337e+00 
 1.767393e+01 -1.738522e+00 
 1.767425e+01 -1.715080e+00 
 1.767457e+01 -1.689076e+00 
 1.767490e+01 -1.657033e+00 
 1.767522e+01 -1.622751e+00 
 1.767554e+01 -1.592781e+00 
 1.767586e+01 -1.570426e+00 
 1.767619e+01 -1.546435e+00 
 1.767651e+01 -1.520486e+00 
 1.767683e+01 -1.496468e+00 
 1.767716e+01 -1.472587e+00 
 1.767748e+01 -1.452188e+00 
 1.767780e+01 -1.422948e+00 
 1.767813e+01 -1.385044e+00 
 1.767845e+01 -1.343007e+00 
 1.767877e+01 -1.300741e+00 
 1.767909e+01 -1.266720e+00 
 1.767942e+01 -1.232617e+00 
 1.767974e+01 -1.178050e+00 
 1.768006e+01 -1.127700e+00 
 1.768039e+01 -1.097423e+00 
 1.768071e+01 -1.073005e+00 
 1.768103e+01 -1.051879e+00 
 1.768135e+01 -1.025726e+00 
 1.768168e+01 -9.962395e-01 
 1.768200e+01 -9.681221e-01 
 1.768232e+01 -9.373751e-01 
 1.768265e+01 -9.108489e-01 
 1.768297e+01 -8.573289e-01 
 1.768329e+01 -8.111388e-01 
 1.768362e+01 -7.731878e-01 
 1.768394e+01 -7.421200e-01 
 1.768426e+01 -7.221540e-01 
 1.768458e+01 -7.084539e-01 
 1.768491e+01 -6.915021e-01 
 1.768523e+01 -6.842160e-01 
 1.768555e+01 -6.790595e-01 
 1.768588e+01 -6.818575e-01 
 1.768620e+01 -6.873888e-01 
 1.768652e+01 -6.880129e-01 
 1.768685e+01 -6.837968e-01 
 1.768717e+01 -6.795965e-01 
 1.768749e+01 -6.797426e-01 
 1.768781e+01 -6.816576e-01 
 1.768814e+01 -6.805301e-01 
 1.768846e+01 -6.765868e-01 
 1.768878e+01 -6.730625e-01 
 1.768911e+01 -6.768734e-01 
 1.768943e+01 -6.867415e-01 
 1.768975e+01 -6.937499e-01 
 1.769008e+01 -6.765571e-01 
 1.769040e+01 -6.536039e-01 
 1.769072e+01 -6.510100e-01 
 1.769104e+01 -6.491126e-01 
 1.769137e+01 -6.456733e-01 
 1.769169e+01 -6.383435e-01 
 1.769201e+01 -6.274050e-01 
 1.769234e+01 -6.226507e-01 
 1.769266e+01 -6.231346e-01 
 1.769298e+01 -6.295513e-01 
 1.769331e+01 -6.330012e-01 
 1.769363e+01 -6.410010e-01 
 1.769395e+01 -6.501079e-01 
 1.769427e+01 -6.682986e-01 
 1.769460e+01 -6.943969e-01 
 1.769492e+01 -7.209140e-01 
 1.769524e+01 -7.431042e-01 
 1.769557e+01 -7.579180e-01 
 1.769589e+01 -7.735702e-01 
 1.769621e+01 -7.912396e-01 
 1.769654e+01 -8.115450e-01 
 1.769686e+01 -8.436307e-01 
 1.769718e+01 -8.692486e-01 
 1.769750e+01 -9.010433e-01 
 1.769783e+01 -9.144482e-01 
 1.769815e+01 -9.316314e-01 
 1.769847e+01 -9.421871e-01 
 1.769880e+01 -9.559580e-01 
 1.769912e+01 -9.553564e-01 
 1.769944e+01 -9.501008e-01 
 1.769977e+01 -9.473285e-01 
 1.770009e+01 -9.403387e-01 
 1.770041e+01 -9.255704e-01 
 1.770073e+01 -8.877496e-01 
 1.770106e+01 -8.704634e-01 
 1.770138e+01 -8.472991e-01 
 1.770170e+01 -8.290086e-01 
 1.770203e+01 -8.009547e-01 
 1.770235e+01 -7.796006e-01 
 1.770267e+01 -7.624817e-01 
 1.770300e+01 -7.506938e-01 
 1.770332e+01 -7.432539e-01 
 1.770364e+01 -7.289376e-01 
 1.770396e+01 -7.160802e-01 
 1.770429e+01 -7.034492e-01 
 1.770461e+01 -6.982074e-01 
 1.770493e+01 -7.012192e-01 
 1.770526e+01 -7.036998e-01 
 1.770558e+01 -7.030065e-01 
 1.770590e+01 -6.941241e-01 
 1.770623e+01 -6.896299e-01 
 1.770655e+01 -6.876741e-01 
 1.770687e+01 -6.715638e-01 
 1.770719e+01 -6.614947e-01 
 1.770752e+01 -6.457333e-01 
 1.770784e+01 -6.342949e-01 
 1.770816e+01 -6.241139e-01 
 1.770849e+01 -6.192513e-01 
 1.770881e+01 -6.117374e-01 
 1.770913e+01 -6.074893e-01 
 1.770946e+01 -6.057411e-01 
 1.770978e+01 -6.149726e-01 
 1.771010e+01 -6.349164e-01 
 1.771042e+01 -6.502743e-01 
 1.771075e+01 -6.634286e-01 
 1.771107e+01 -6.714351e-01 
 1.771139e+01 -6.904083e-01 
 1.771172e+01 -7.115411e-01 
 1.771204e+01 -7.377689e-01 
 1.771236e+01 -7.529226e-01 
 1.771269e+01 -7.583532e-01 
 1.771301e+01 -7.785419e-01 
 1.771333e+01 -7.992845e-01 
 1.771365e+01 -8.232680e-01 
 1.771398e+01 -8.465801e-01 
 1.771430e+01 -8.293630e-01 
 1.771462e+01 -8.505210e-01 
 1.771495e+01 -8.693625e-01 
 1.771527e+01 -8.849188e-01 
 1.771559e+01 -8.824115e-01 
 1.771591e+01 -8.779027e-01 
 1.771624e+01 -8.731534e-01 
 1.771656e+01 -8.647185e-01 
 1.771688e+01 -8.707523e-01 
 1.771721e+01 -8.774494e-01 
 1.771753e+01 -8.851079e-01 
 1.771785e+01 -8.933252e-01 
 1.771818e+01 -9.077383e-01 
 1.771850e+01 -9.215858e-01 
 1.771882e+01 -9.422216e-01 
 1.771914e+01 -9.689852e-01 
 1.771947e+01 -9.922141e-01 
 1.771979e+01 -1.010336e+00 
 1.772011e+01 -1.034355e+00 
 1.772044e+01 -1.056411e+00 
 1.772076e+01 -1.080596e+00 
 1.772108e+01 -1.105177e+00 
 1.772141e+01 -1.137119e+00 
 1.772173e+01 -1.173293e+00 
 1.772205e+01 -1.208960e+00 
 1.772237e+01 -1.240828e+00 
 1.772270e+01 -1.270181e+00 
 1.772302e+01 -1.299703e+00 
 1.772334e+01 -1.329302e+00 
 1.772367e+01 -1.357632e+00 
 1.772399e+01 -1.383045e+00 
 1.772431e+01 -1.400807e+00 
 1.772464e+01 -1.416471e+00 
 1.772496e+01 -1.435230e+00 
 1.772528e+01 -1.456094e+00 
 1.772560e+01 -1.477224e+00 
 1.772593e+01 -1.491928e+00 
 1.772625e+01 -1.503245e+00 
 1.772657e+01 -1.515294e+00 
 1.772690e+01 -1.531907e+00 
 1.772722e+01 -1.499194e+00 
 1.772754e+01 -1.507932e+00 
 1.772787e+01 -1.510785e+00 
 1.772819e+01 -1.496827e+00 
 1.772851e+01 -1.492446e+00 
 1.772883e+01 -1.492137e+00 
 1.772916e+01 -1.492140e+00 
 1.772948e+01 -1.487096e+00 
 1.772980e+01 -1.485143e+00 
 1.773013e+01 -1.485984e+00 
 1.773045e+01 -1.488116e+00 
 1.773077e+01 -1.489579e+00 
 1.773110e+01 -1.491941e+00 
 1.773142e+01 -1.494409e+00 
 1.773174e+01 -1.489625e+00 
 1.773206e+01 -1.499859e+00 
 1.773239e+01 -1.508942e+00 
 1.773271e+01 -1.514471e+00 
 1.773303e+01 -1.516076e+00 
 1.773336e+01 -1.513763e+00 
 1.773368e+01 -1.515802e+00 
 1.773400e+01 -1.520281e+00 
 1.773433e+01 -1.522898e+00 
 1.773465e+01 -1.522134e+00 
 1.773497e+01 -1.519362e+00 
 1.773529e+01 -1.518725e+00 
 1.773562e+01 -1.519723e+00 
 1.773594e+01 -1.520812e+00 
 1.773626e+01 -1.519955e+00 
 1.773659e+01 -1.518809e+00 
 1.773691e+01 -1.524257e+00 
 1.773723e+01 -1.534059e+00 
 1.773756e+01 -1.545059e+00 
 1.773788e+01 -1.551646e+00 
 1.773820e+01 -1.506554e+00 
 1.773852e+01 -1.503846e+00 
 1.773885e+01 -1.504657e+00 
 1.773917e+01 -1.507263e+00 
 1.773949e+01 -1.508601e+00 
 1.773982e+01 -1.506583e+00 
 1.774014e+01 -1.506054e+00 
 1.774046e+01 -1.509460e+00 
 1.774079e+01 -1.513171e+00 
 1.774111e+01 -1.522088e+00 
 1.774143e+01 -1.526201e+00 
 1.774175e+01 -1.530965e+00 
 1.774208e+01 -1.535451e+00 
 1.774240e+01 -1.542312e+00 
 1.774272e+01 -1.551717e+00 
 1.774305e+01 -1.551308e+00 
 1.774337e+01 -1.548738e+00 
 1.774369e+01 -1.554761e+00 
 1.774402e+01 -1.562419e+00 
 1.774434e+01 -1.573377e+00 
 1.774466e+01 -1.583439e+00 
 1.774498e+01 -1.589531e+00 
 1.774531e+01 -1.594566e+00 
 1.774563e+01 -1.602937e+00 
 1.774595e+01 -1.613534e+00 
 1.774628e+01 -1.617531e+00 
 1.774660e+01 -1.581115e+00 
 1.774692e+01 -1.580845e+00 
 1.774724e+01 -1.584037e+00 
 1.774757e+01 -1.590417e+00 
 1.774789e+01 -1.603529e+00 
 1.774821e+01 -1.617071e+00 
 1.774854e+01 -1.629020e+00 
 1.774886e+01 -1.629117e+00 
 1.774918e+01 -1.634018e+00 
 1.774951e+01 -1.641343e+00 
 1.774983e+01 -1.647757e+00 
 1.775015e+01 -1.652055e+00 
 1.775047e+01 -1.653738e+00 
 1.775080e+01 -1.657500e+00 
 1.775112e+01 -1.653120e+00 
 1.775144e+01 -1.643223e+00 
 1.775177e+01 -1.632043e+00 
 1.775209e+01 -1.623508e+00 
 1.775241e+01 -1.619408e+00 
 1.775274e+01 -1.609730e+00 
 1.775306e+01 -1.598296e+00 
 1.775338e+01 -1.583745e+00 
 1.775370e+01 -1.564361e+00 
 1.775403e+01 -1.545024e+00 
 1.775435e+01 -1.529052e+00 
 1.775467e+01 -1.512361e+00 
 1.775500e+01 -1.493196e+00 
 1.775532e+01 -1.469890e+00 
 1.775564e+01 -1.446564e+00 
 1.775597e+01 -1.426742e+00 
 1.775629e+01 -1.377640e+00 
 1.775661e+01 -1.346877e+00 
 1.775693e+01 -1.312359e+00 
 1.775726e+01 -1.280320e+00 
 1.775758e+01 -1.251495e+00 
 1.775790e+01 -1.223071e+00 
 1.775823e+01 -1.158805e+00 
 1.775855e+01 -1.126388e+00 
 1.775887e+01 -1.092097e+00 
 1.775920e+01 -1.062319e+00 
 1.775952e+01 -1.036338e+00 
 1.775984e+01 -9.702049e-01 
 1.776016e+01 -9.449422e-01 
 1.776049e+01 -9.184382e-01 
 1.776081e+01 -8.949302e-01 
 1.776113e+01 -8.701090e-01 
 1.776146e+01 -8.451721e-01 
 1.776178e+01 -8.181717e-01 
 1.776210e+01 -7.902085e-01 
 1.776243e+01 -7.723287e-01 
 1.776275e+01 -7.630075e-01 
 1.776307e+01 -7.600570e-01 
 1.776339e+01 -7.608696e-01 
 1.776372e+01 -7.598044e-01 
 1.776404e+01 -7.368757e-01 
 1.776436e+01 -7.351198e-01 
 1.776469e+01 -7.356211e-01 
 1.776501e+01 -7.187175e-01 
 1.776533e+01 -7.215550e-01 
 1.776566e+01 -7.081123e-01 
 1.776598e+01 -7.222067e-01 
 1.776630e+01 -7.414343e-01 
 1.776662e+01 -7.610632e-01 
 1.776695e+01 -7.769111e-01 
 1.776727e+01 -7.940833e-01 
 1.776759e+01 -8.127826e-01 
 1.776792e+01 -8.420597e-01 
 1.776824e+01 -8.731010e-01 
 1.776856e+01 -9.013519e-01 
 1.776889e+01 -9.237033e-01 
 1.776921e+01 -9.450115e-01 
 1.776953e+01 -9.669843e-01 
 1.776985e+01 -9.911543e-01 
 1.777018e+01 -1.014284e+00 
 1.777050e+01 -1.035202e+00 
 1.777082e+01 -1.054808e+00 
 1.777115e+01 -1.073638e+00 
 1.777147e+01 -1.098506e+00 
 1.777179e+01 -1.121013e+00 
 1.777212e+01 -1.138384e+00 
 1.777244e+01 -1.157898e+00 
 1.777276e+01 -1.176991e+00 
 1.777308e+01 -1.199576e+00 
 1.777341e+01 -1.228345e+00 
 1.777373e+01 -1.253594e+00 
 1.777405e+01 -1.277594e+00 
 1.777438e+01 -1.298128e+00 
 1.777470e+01 -1.314691e+00 
 1.777502e+01 -1.335432e+00 
 1.777535e+01 -1.354569e+00 
 1.777567e+01 -1.369095e+00 
 1.777599e+01 -1.378330e+00 
 1.777631e+01 -1.386709e+00 
 1.777664e+01 -1.391999e+00 
 1.777696e+01 -1.392936e+00 
 1.777728e+01 -1.389048e+00 
 1.777761e+01 -1.385398e+00 
 1.777793e+01 -1.385032e+00 
 1.777825e+01 -1.388616e+00 
 1.777858e+01 -1.391373e+00 
 1.777890e+01 -1.396853e+00 
 1.777922e+01 -1.397390e+00 
 1.777954e+01 -1.391139e+00 
 1.777987e+01 -1.385472e+00 
 1.778019e+01 -1.379843e+00 
 1.778051e+01 -1.350641e+00 
 1.778084e+01 -1.339797e+00 
 1.778116e+01 -1.327411e+00 
 1.778148e+01 -1.320806e+00 
 1.778181e+01 -1.317701e+00 
 1.778213e+01 -1.316829e+00 
 1.778245e+01 -1.315725e+00 
 1.778277e+01 -1.314898e+00 
 1.778310e+01 -1.317492e+00 
 1.778342e+01 -1.322582e+00 
 1.778374e+01 -1.326825e+00 
 1.778407e+01 -1.326672e+00 
 1.778439e+01 -1.320047e+00 
 1.778471e+01 -1.306278e+00 
 1.778503e+01 -1.276438e+00 
 1.778536e+01 -1.250100e+00 
 1.778568e+01 -1.244931e+00 
 1.778600e+01 -1.240120e+00 
 1.778633e+01 -1.238293e+00 
 1.778665e+01 -1.239048e+00 
 1.778697e+01 -1.239315e+00 
 1.778730e+01 -1.237362e+00 
 1.778762e+01 -1.235130e+00 
 1.778794e+01 -1.233801e+00 
 1.778826e+01 -1.235749e+00 
 1.778859e+01 -1.238455e+00 
 1.778891e+01 -1.236296e+00 
 1.778923e+01 -1.233761e+00 
 1.778956e+01 -1.229436e+00 
 1.778988e+01 -1.226159e+00 
 1.779020e+01 -1.227464e+00 
 1.779053e+01 -1.232040e+00 
 1.779085e+01 -1.236790e+00 
 1.779117e+01 -1.244377e+00 
 1.779149e+01 -1.258629e+00 
 1.779182e+01 -1.274236e+00 
 1.779214e+01 -1.290924e+00 
 1.779246e+01 -1.304828e+00 
 1.779279e+01 -1.303412e+00 
 1.779311e+01 -1.306367e+00 
 1.779343e+01 -1.303664e+00 
 1.779376e+01 -1.310862e+00 
 1.779408e+01 -1.318115e+00 
 1.779440e+01 -1.321879e+00 
 1.779472e+01 -1.324446e+00 
 1.779505e+01 -1.323204e+00 
 1.779537e+01 -1.328724e+00 
 1.779569e+01 -1.331303e+00 
 1.779602e+01 -1.331560e+00 
 1.779634e+01 -1.336961e+00 
 1.779666e+01 -1.335494e+00 
 1.779699e+01 -1.340437e+00 
 1.779731e+01 -1.340496e+00 
 1.779763e+01 -1.342629e+00 
 1.779795e+01 -1.343052e+00 
 1.779828e+01 -1.343325e+00 
 1.779860e+01 -1.348081e+00 
 1.779892e+01 -1.355442e+00 
 1.779925e+01 -1.361990e+00 
 1.779957e+01 -1.367524e+00 
 1.779989e+01 -1.368561e+00 
 1.780022e+01 -1.372501e+00 
 1.780054e+01 -1.377674e+00 
 1.780086e+01 -1.381766e+00 
 1.780118e+01 -1.385138e+00 
 1.780151e+01 -1.365049e+00 
 1.780183e+01 -1.363838e+00 
 1.780215e+01 -1.363736e+00 
 1.780248e+01 -1.361751e+00 
 1.780280e+01 -1.353204e+00 
 1.780312e+01 -1.346428e+00 
 1.780345e+01 -1.336315e+00 
 1.780377e+01 -1.324436e+00 
 1.780409e+01 -1.318569e+00 
 1.780441e+01 -1.305093e+00 
 1.780474e+01 -1.295014e+00 
 1.780506e+01 -1.278450e+00 
 1.780538e+01 -1.254515e+00 
 1.780571e+01 -1.232835e+00 
 1.780603e+01 -1.206462e+00 
 1.780635e+01 -1.192841e+00 
 1.780668e+01 -1.072927e+00 
 1.780700e+01 -1.061290e+00 
 1.780732e+01 -1.050285e+00 
 1.780764e+01 -1.038829e+00 
 1.780797e+01 -1.024719e+00 
 1.780829e+01 -1.007386e+00 
 1.780861e+01 -9.939870e-01 
 1.780894e+01 -9.854350e-01 
 1.780926e+01 -9.807007e-01 
 1.780958e+01 -9.780161e-01 
 1.780991e+01 -9.858376e-01 
 1.781023e+01 -9.636784e-01 
 1.781055e+01 -9.728146e-01 
 1.781087e+01 -9.723088e-01 
 1.781120e+01 -9.694242e-01 
 1.781152e+01 -9.689832e-01 
 1.781184e+01 -9.726496e-01 
 1.781217e+01 -9.753229e-01 
 1.781249e+01 -9.744457e-01 
 1.781281e+01 -9.757645e-01 
 1.781314e+01 -9.723912e-01 
 1.781346e+01 -9.647576e-01 
 1.781378e+01 -9.591978e-01 
 1.781410e+01 -9.546188e-01 
 1.781443e+01 -9.560292e-01 
 1.781475e+01 -9.570322e-01 
 1.781507e+01 -9.611384e-01 
 1.781540e+01 -9.757162e-01 
 1.781572e+01 -9.929185e-01 
 1.781604e+01 -1.015187e+00 
 1.781636e+01 -1.027769e+00 
 1.781669e+01 -1.045409e+00 
 1.781701e+01 -1.062691e+00 
 1.781733e+01 -1.083809e+00 
 1.781766e+01 -1.110763e+00 
 1.781798e+01 -1.139985e+00 
 1.781830e+01 -1.168475e+00 
 1.781863e+01 -1.191893e+00 
 1.781895e+01 -1.212148e+00 
 1.781927e+01 -1.234762e+00 
 1.781959e+01 -1.260258e+00 
 1.781992e+01 -1.286962e+00 
 1.782024e+01 -1.315387e+00 
 1.782056e+01 -1.342764e+00 
 1.782089e+01 -1.366016e+00 
 1.782121e+01 -1.385501e+00 
 1.782153e+01 -1.398277e+00 
 1.782186e+01 -1.413244e+00 
 1.782218e+01 -1.423785e+00 
 1.782250e+01 -1.431334e+00 
 1.782282e+01 -1.433573e+00 
 1.782315e+01 -1.434643e+00 
 1.782347e+01 -1.437171e+00 
 1.782379e+01 -1.441699e+00 
 1.782412e+01 -1.449425e+00 
 1.782444e+01 -1.459181e+00 
 1.782476e+01 -1.469370e+00 
 1.782509e+01 -1.474516e+00 
 1.782541e+01 -1.479252e+00 
 1.782573e+01 -1.481078e+00 
 1.782605e+01 -1.476444e+00 
 1.782638e+01 -1.476887e+00 
 1.782670e+01 -1.478018e+00 
 1.782702e+01 -1.481456e+00 
 1.782735e+01 -1.487921e+00 
 1.782767e+01 -1.493864e+00 
 1.782799e+01 -1.496304e+00 
 1.782832e+01 -1.498012e+00 
 1.782864e+01 -1.501708e+00 
 1.782896e+01 -1.504903e+00 
 1.782928e+01 -1.511650e+00 
 1.782961e+01 -1.520544e+00 
 1.782993e+01 -1.528693e+00 
 1.783025e+01 -1.533403e+00 
 1.783058e+01 -1.535183e+00 
 1.783090e+01 -1.534166e+00 
 1.783122e+01 -1.531686e+00 
 1.783155e+01 -1.524404e+00 
 1.783187e+01 -1.515476e+00 
 1.783219e+01 -1.508279e+00 
 1.783251e+01 -1.496264e+00 
 1.783284e+01 -1.489101e+00 
 1.783316e+01 -1.482735e+00 
 1.783348e+01 -1.464818e+00 
 1.783381e+01 -1.444813e+00 
 1.783413e+01 -1.435953e+00 
 1.783445e+01 -1.427308e+00 
 1.783478e+01 -1.422758e+00 
 1.783510e+01 -1.417561e+00 
 1.783542e+01 -1.394172e+00 
 1.783574e+01 -1.393827e+00 
 1.783607e+01 -1.394892e+00 
 1.783639e+01 -1.359527e+00 
 1.783671e+01 -1.357463e+00 
 1.783704e+01 -1.354242e+00 
 1.783736e+01 -1.359263e+00 
 1.783768e+01 -1.363681e+00 
 1.783801e+01 -1.364787e+00 
 1.783833e+01 -1.362965e+00 
 1.783865e+01 -1.359210e+00 
 1.783897e+01 -1.353855e+00 
 1.783930e+01 -1.352261e+00 
 1.783962e+01 -1.353609e+00 
 1.783994e+01 -1.357144e+00 
 1.784027e+01 -1.361544e+00 
 1.784059e+01 -1.363310e+00 
 1.784091e+01 -1.365462e+00 
 1.784124e+01 -1.363214e+00 
 1.784156e+01 -1.363257e+00 
 1.784188e+01 -1.358527e+00 
 1.784220e+01 -1.354086e+00 
 1.784253e+01 -1.322894e+00 
 1.784285e+01 -1.317934e+00 
 1.784317e+01 -1.315188e+00 
 1.784350e+01 -1.314334e+00 
 1.784382e+01 -1.315037e+00 
 1.784414e+01 -1.318389e+00 
 1.784447e+01 -1.323392e+00 
 1.784479e+01 -1.331402e+00 
 1.784511e+01 -1.340321e+00 
 1.784543e+01 -1.349396e+00 
 1.784576e+01 -1.357993e+00 
 1.784608e+01 -1.364921e+00 
 1.784640e+01 -1.374309e+00 
 1.784673e+01 -1.381028e+00 
 1.784705e+01 -1.384492e+00 
 1.784737e+01 -1.386500e+00 
 1.784770e+01 -1.389025e+00 
 1.784802e+01 -1.392597e+00 
 1.784834e+01 -1.394056e+00 
 1.784866e+01 -1.395173e+00 
 1.784899e+01 -1.398508e+00 
 1.784931e+01 -1.403889e+00 
 1.784963e+01 -1.410733e+00 
 1.784996e+01 -1.418174e+00 
 1.785028e+01 -1.421733e+00 
 1.785060e+01 -1.420435e+00 
 1.785092e+01 -1.414599e+00 
 1.785125e+01 -1.402133e+00 
 1.785157e+01 -1.399144e+00 
 1.785189e+01 -1.394507e+00 
 1.785222e+01 -1.390310e+00 
 1.785254e+01 -1.387981e+00 
 1.785286e+01 -1.388086e+00 
 1.785319e+01 -1.391485e+00 
 1.785351e+01 -1.395949e+00 
 1.785383e+01 -1.399888e+00 
 1.785415e+01 -1.403329e+00 
 1.785448e+01 -1.397237e+00 
 1.785480e+01 -1.396374e+00 
 1.785512e+01 -1.396211e+00 
 1.785545e+01 -1.394248e+00 
 1.785577e+01 -1.390602e+00 
 1.785609e+01 -1.384103e+00 
 1.785642e+01 -1.380669e+00 
 1.785674e+01 -1.378609e+00 
 1.785706e+01 -1.373092e+00 
 1.785738e+01 -1.366561e+00 
 1.785771e+01 -1.360674e+00 
 1.785803e+01 -1.357972e+00 
 1.785835e+01 -1.358274e+00 
 1.785868e+01 -1.361419e+00 
 1.785900e+01 -1.366063e+00 
 1.785932e+01 -1.369047e+00 
 1.785965e+01 -1.376452e+00 
 1.785997e+01 -1.387624e+00 
 1.786029e+01 -1.401813e+00 
 1.786061e+01 -1.415646e+00 
 1.786094e+01 -1.428389e+00 
 1.786126e+01 -1.442989e+00 
 1.786158e+01 -1.462090e+00 
 1.786191e+01 -1.483458e+00 
 1.786223e+01 -1.503174e+00 
 1.786255e+01 -1.517798e+00 
 1.786288e+01 -1.530753e+00 
 1.786320e+01 -1.545614e+00 
 1.786352e+01 -1.559216e+00 
 1.786384e+01 -1.572481e+00 
 1.786417e+01 -1.582466e+00 
 1.786449e+01 -1.590401e+00 
 1.786481e+01 -1.597968e+00 
 1.786514e+01 -1.605848e+00 
 1.786546e+01 -1.614118e+00 
 1.786578e+01 -1.621248e+00 
 1.786611e+01 -1.627390e+00 
 1.786643e+01 -1.635111e+00 
 1.786675e+01 -1.643635e+00 
 1.786707e+01 -1.618239e+00 
 1.786740e+01 -1.627578e+00 
 1.786772e+01 -1.635094e+00 
 1.786804e+01 -1.644945e+00 
 1.786837e+01 -1.656351e+00 
 1.786869e+01 -1.669988e+00 
 1.786901e+01 -1.684612e+00 
 1.786934e+01 -1.699831e+00 
 1.786966e+01 -1.715871e+00 
 1.786998e+01 -1.731713e+00 
 1.787030e+01 -1.748090e+00 
 1.787063e+01 -1.760905e+00 
 1.787095e+01 -1.767859e+00 
 1.787127e+01 -1.776500e+00 
 1.787160e+01 -1.787510e+00 
 1.787192e+01 -1.798246e+00 
 1.787224e+01 -1.808157e+00 
 1.787257e+01 -1.816083e+00 
 1.787289e+01 -1.820309e+00 
 1.787321e+01 -1.820715e+00 
 1.787353e+01 -1.819643e+00 
 1.787386e+01 -1.817496e+00 
 1.787418e+01 -1.813107e+00 
 1.787450e+01 -1.807559e+00 
 1.787483e+01 -1.798528e+00 
 1.787515e+01 -1.789304e+00 
 1.787547e+01 -1.778948e+00 
 1.787580e+01 -1.766786e+00 
 1.787612e+01 -1.754033e+00 
 1.787644e+01 -1.741257e+00 
 1.787676e+01 -1.726319e+00 
 1.787709e+01 -1.712166e+00 
 1.787741e+01 -1.695851e+00 
 1.787773e+01 -1.676947e+00 
 1.787806e+01 -1.652952e+00 
 1.787838e+01 -1.626154e+00 
 1.787870e+01 -1.597215e+00 
 1.787903e+01 -1.564720e+00 
 1.787935e+01 -1.527806e+00 
 1.787967e+01 -1.488043e+00 
 1.787999e+01 -1.445037e+00 
 1.788032e+01 -1.401679e+00 
 1.788064e+01 -1.358650e+00 
 1.788096e+01 -1.316790e+00 
 1.788129e+01 -1.277318e+00 
 1.788161e+01 -1.240011e+00 
 1.788193e+01 -1.207179e+00 
 1.788226e+01 -1.172485e+00 
 1.788258e+01 -1.138906e+00 
 1.788290e+01 -1.100769e+00 
 1.788322e+01 -1.059867e+00 
 1.788355e+01 -1.025712e+00 
 1.788387e+01 -9.889838e-01 
 1.788419e+01 -9.654967e-01 
 1.788452e+01 -9.344286e-01 
 1.788484e+01 -9.032136e-01 
 1.788516e+01 -8.734644e-01 
 1.788549e+01 -8.468092e-01 
 1.788581e+01 -8.212146e-01 
 1.788613e+01 -7.964932e-01 
 1.788645e+01 -7.722928e-01 
 1.788678e+01 -7.474714e-01 
 1.788710e+01 -7.231227e-01 
 1.788742e+01 -6.963050e-01 
 1.788775e+01 -6.701589e-01 
 1.788807e+01 -6.441098e-01 
 1.788839e+01 -6.160785e-01 
 1.788871e+01 -5.888574e-01 
 1.788904e+01 -5.641952e-01 
 1.788936e+01 -5.423127e-01 
 1.788968e+01 -5.220173e-01 
 1.789001e+01 -5.036722e-01 
 1.789033e+01 -4.958275e-01 
 1.789065e+01 -4.850994e-01 
 1.789098e+01 -4.797611e-01 
 1.789130e+01 -4.704763e-01 
 1.789162e+01 -4.662599e-01 
 1.789194e+01 -4.846593e-01 
 1.789227e+01 -4.817095e-01 
 1.789259e+01 -4.789753e-01 
 1.789291e+01 -4.764362e-01 
 1.789324e+01 -4.719502e-01 
 1.789356e+01 -4.661221e-01 
 1.789388e+01 -4.611950e-01 
 1.789421e+01 -4.536894e-01 
 1.789453e+01 -4.461340e-01 
 1.789485e+01 -4.460144e-01 
 1.789517e+01 -4.424091e-01 
 1.789550e+01 -4.259934e-01 
 1.789582e+01 -4.081747e-01 
 1.789614e+01 -3.916187e-01 
 1.789647e+01 -3.751596e-01 
 1.789679e+01 -3.624483e-01 
 1.789711e+01 -3.541942e-01 
 1.789744e+01 -3.512422e-01 
 1.789776e+01 -3.526319e-01 
 1.789808e+01 -3.554730e-01 
 1.789840e+01 -3.598801e-01 
 1.789873e+01 -3.622719e-01 
 1.789905e+01 -3.644733e-01 
 1.789937e+01 -3.673314e-01 
 1.789970e+01 -3.722911e-01 
 1.790002e+01 -3.777834e-01 
 1.790034e+01 -3.859292e-01 
 1.790067e+01 -3.936366e-01 
 1.790099e+01 -4.015434e-01 
 1.790131e+01 -4.145312e-01 
 1.790163e+01 -4.181184e-01 
 1.790196e+01 -4.197259e-01 
 1.790228e+01 -4.180859e-01 
 1.790260e+01 -4.149618e-01 
 1.790293e+01 -4.090621e-01 
 1.790325e+01 -4.012436e-01 
 1.790357e+01 -3.903959e-01 
 1.790390e+01 -3.787419e-01 
 1.790422e+01 -3.653229e-01 
 1.790454e+01 -3.522537e-01 
 1.790486e+01 -3.394795e-01 
 1.790519e+01 -3.360495e-01 
 1.790551e+01 -3.262856e-01 
 1.790583e+01 -3.193854e-01 
 1.790616e+01 -3.090115e-01 
 1.790648e+01 -2.917640e-01 
 1.790680e+01 -2.757585e-01 
 1.790713e+01 -2.659083e-01 
 1.790745e+01 -2.628662e-01 
 1.790777e+01 -2.616488e-01 
 1.790809e+01 -2.613320e-01 
 1.790842e+01 -2.670302e-01 
 1.790874e+01 -2.709738e-01 
 1.790906e+01 -2.740638e-01 
 1.790939e+01 -2.804632e-01 
 1.790971e+01 -2.904559e-01 
 1.791003e+01 -3.030019e-01 
 1.791036e+01 -3.186118e-01 
 1.791068e+01 -3.310133e-01 
 1.791100e+01 -3.417855e-01 
 1.791132e+01 -3.470150e-01 
 1.791165e+01 -3.467467e-01 
 1.791197e+01 -3.449052e-01 
 1.791229e+01 -3.431987e-01 
 1.791262e+01 -3.438186e-01 
 1.791294e+01 -3.478181e-01 
 1.791326e+01 -3.546465e-01 
 1.791359e+01 -3.638250e-01 
 1.791391e+01 -3.744382e-01 
 1.791423e+01 -3.858233e-01 
 1.791455e+01 -3.993249e-01 
 1.791488e+01 -4.143167e-01 
 1.791520e+01 -4.308678e-01 
 1.791552e+01 -4.479586e-01 
 1.791585e+01 -4.663268e-01 
 1.791617e+01 -4.846752e-01 
 1.791649e+01 -5.011183e-01 
 1.791682e+01 -5.189322e-01 
 1.791714e+01 -5.392149e-01 
 1.791746e+01 -5.618854e-01 
 1.791778e+01 -5.859880e-01 
 1.791811e+01 -6.107291e-01 
 1.791843e+01 -6.342560e-01 
 1.791875e+01 -6.562367e-01 
 1.791908e+01 -6.768763e-01 
 1.791940e+01 -6.969310e-01 
 1.791972e+01 -7.153374e-01 
 1.792004e+01 -7.333229e-01 
 1.792037e+01 -7.496405e-01 
 1.792069e+01 -7.643958e-01 
 1.792101e+01 -7.785914e-01 
 1.792134e+01 -7.868954e-01 
 1.792166e+01 -7.923157e-01 
 1.792198e+01 -7.981271e-01 
 1.792231e+01 -8.052314e-01 
 1.792263e+01 -8.124935e-01 
 1.792295e+01 -8.199636e-01 
 1.792327e+01 -8.286066e-01 
 1.792360e+01 -8.371825e-01 
 1.792392e+01 -8.447577e-01 
 1.792424e+01 -8.522870e-01 
 1.792457e+01 -8.594482e-01 
 1.792489e+01 -8.668548e-01 
 1.792521e+01 -8.746510e-01 
 1.792554e+01 -8.819752e-01 
 1.792586e+01 -8.893365e-01 
 1.792618e+01 -8.958119e-01 
 1.792650e+01 -8.948864e-01 
 1.792683e+01 -8.896755e-01 
 1.792715e+01 -8.833818e-01 
 1.792747e+01 -8.747479e-01 
 1.792780e+01 -8.624945e-01 
 1.792812e+01 -8.476144e-01 
 1.792844e+01 -8.307405e-01 
 1.792877e+01 -8.133487e-01 
 1.792909e+01 -7.934113e-01 
 1.792941e+01 -7.686258e-01 
 1.792973e+01 -7.413658e-01 
 1.793006e+01 -7.183453e-01 
 1.793038e+01 -6.957615e-01 
 1.793070e+01 -6.605194e-01 
 1.793103e+01 -6.265256e-01 
 1.793135e+01 -5.928039e-01 
 1.793167e+01 -5.473660e-01 
 1.793200e+01 -5.026851e-01 
 1.793232e+01 -4.694308e-01 
 1.793264e+01 -4.395312e-01 
 1.793296e+01 -4.160041e-01 
 1.793329e+01 -3.899355e-01 
 1.793361e+01 -3.712624e-01 
 1.793393e+01 -3.562152e-01 
 1.793426e+01 -3.352847e-01 
 1.793458e+01 -3.196651e-01 
 1.793490e+01 -2.971139e-01 
 1.793523e+01 -2.765922e-01 
 1.793555e+01 -2.581904e-01 
 1.793587e+01 -2.376058e-01 
 1.793619e+01 -2.184709e-01 
 1.793652e+01 -1.934203e-01 
 1.793684e+01 -1.739707e-01 
 1.793716e+01 -1.469246e-01 
 1.793749e+01 -1.272109e-01 
 1.793781e+01 -1.100072e-01 
 1.793813e+01 -9.674505e-02 
 1.793846e+01 -8.424554e-02 
 1.793878e+01 -7.363829e-02 
 1.793910e+01 -6.421587e-02 
 1.793942e+01 -5.333936e-02 
 1.793975e+01 -4.018112e-02 
 1.794007e+01 -2.494948e-02 
 1.794039e+01 -8.776277e-03 
 1.794072e+01  5.322817e-03 
 1.794104e+01  1.804054e-02 
 1.794136e+01  2.778888e-02 
 1.794169e+01  3.447651e-02 
 1.794201e+01  4.042599e-02 
 1.794233e+01  4.146894e-02 
 1.794265e+01  3.508264e-02 
 1.794298e+01  1.901470e-02 
 1.794330e+01  7.882771e-03 
 1.794362e+01 -5.393159e-03 
 1.794395e+01 -1.601872e-02 
 1.794427e+01 -2.651225e-02 
 1.794459e+01 -3.135070e-02 
 1.794492e+01 -3.757148e-02 
 1.794524e+01 -4.156878e-02 
 1.794556e+01 -4.672748e-02 
 1.794588e+01 -5.518668e-02 
 1.794621e+01 -6.073005e-02 
 1.794653e+01 -6.558690e-02 
 1.794685e+01 -7.135727e-02 
 1.794718e+01 -7.805516e-02 
 1.794750e+01 -8.093746e-02 
 1.794782e+01 -8.434230e-02 
 1.794814e+01 -8.897838e-02 
 1.794847e+01 -1.000730e-01 
 1.794879e+01 -1.093109e-01 
 1.794911e+01 -1.182750e-01 
 1.794944e+01 -1.255084e-01 
 1.794976e+01 -1.336827e-01 
 1.795008e+01 -1.645773e-01 
 1.795041e+01 -1.760875e-01 
 1.795073e+01 -1.910344e-01 
 1.795105e+01 -2.067742e-01 
 1.795137e+01 -2.240555e-01 
 1.795170e+01 -2.394275e-01 
 1.795202e+01 -2.598853e-01 
 1.795234e+01 -2.907586e-01 
 1.795267e+01 -3.049133e-01 
 1.795299e+01 -3.195516e-01 
 1.795331e+01 -3.320357e-01 
 1.795364e+01 -3.378274e-01 
 1.795396e+01 -3.435189e-01 
 1.795428e+01 -3.473951e-01 
 1.795460e+01 -3.389330e-01 
 1.795493e+01 -3.323936e-01 
 1.795525e+01 -3.280228e-01 
 1.795557e+01 -3.189286e-01 
 1.795590e+01 -3.045909e-01 
 1.795622e+01 -2.900007e-01 
 1.795654e+01 -2.766837e-01 
 1.795687e+01 -2.594782e-01 
 1.795719e+01 -2.378405e-01 
 1.795751e+01 -2.165114e-01 
 1.795783e+01 -1.961076e-01 
 1.795816e+01 -1.833834e-01 
 1.795848e+01 -1.738302e-01 
 1.795880e+01 -1.626207e-01 
 1.795913e+01 -1.503766e-01 
 1.795945e+01 -1.341071e-01 
 1.795977e+01 -1.237107e-01 
 1.796010e+01 -1.098826e-01 
 1.796042e+01 -9.571922e-02 
 1.796074e+01 -8.066395e-02 
 1.796106e+01 -6.957505e-02 
 1.796139e+01 -6.190591e-02 
 1.796171e+01 -5.869073e-02 
 1.796203e+01 -5.448890e-02 
 1.796236e+01 -4.890981e-02 
 1.796268e+01 -4.258631e-02 
 1.796300e+01 -5.853870e-02 
 1.796333e+01 -5.182619e-02 
 1.796365e+01 -6.616661e-02 
 1.796397e+01 -5.679523e-02 
 1.796429e+01 -4.818657e-02 
 1.796462e+01 -3.770220e-02 
 1.796494e+01 -2.671846e-02 
 1.796526e+01 -1.413776e-02 
 1.796559e+01  6.105807e-04 
 1.796591e+01  1.195665e-02 
 1.796623e+01  2.215445e-02 
 1.796656e+01  2.977097e-02 
 1.796688e+01  3.318029e-02 
 1.796720e+01  3.477275e-02 
 1.796752e+01  3.602951e-02 
 1.796785e+01  3.463507e-02 
 1.796817e+01  3.158016e-02 
 1.796849e+01  2.473901e-02 
 1.796882e+01  1.858087e-02 
 1.796914e+01  1.363212e-02 
 1.796946e+01  9.989355e-03 
 1.796979e+01  8.508960e-03 
 1.797011e+01  5.988334e-03 
 1.797043e+01  3.602177e-03 
 1.797075e+01 -6.644919e-04 
 1.797108e+01 -7.287898e-03 
 1.797140e+01 -1.937325e-02 
 1.797172e+01 -2.811774e-02 
 1.797205e+01 -3.591595e-02 
 1.797237e+01 -4.112930e-02 
 1.797269e+01 -4.428634e-02 
 1.797302e+01 -4.193426e-02 
 1.797334e+01 -3.831389e-02 
 1.797366e+01 -3.447067e-02 
 1.797398e+01 -2.913330e-02 
 1.797431e+01 -2.192980e-02 
 1.797463e+01 -1.448650e-02 
 1.797495e+01 -9.857484e-03 
 1.797528e+01 -6.138391e-03 
 1.797560e+01 -4.189122e-03 
 1.797592e+01 -5.575550e-03 
 1.797625e+01 -9.542154e-03 
 1.797657e+01 -1.943037e-02 
 1.797689e+01 -3.101502e-02 
 1.797721e+01 -3.831946e-02 
 1.797754e+01 -4.633978e-02 
 1.797786e+01 -5.378665e-02 
 1.797818e+01 -5.879379e-02 
 1.797851e+01 -6.210918e-02 
 1.797883e+01 -7.036160e-02 
 1.797915e+01 -7.696490e-02 
 1.797947e+01 -7.969452e-02 
 1.797980e+01 -1.037196e-01 
 1.798012e+01 -1.013984e-01 
 1.798044e+01 -1.112852e-01 
 1.798077e+01 -1.094351e-01 
 1.798109e+01 -1.144294e-01 
 1.798141e+01 -1.079818e-01 
 1.798174e+01 -1.002281e-01 
 1.798206e+01 -8.829610e-02 
 1.798238e+01 -7.406705e-02 
 1.798270e+01 -5.290585e-02 
 1.798303e+01 -2.769650e-02 
 1.798335e+01 -1.110651e-03 
 1.798367e+01  2.444341e-02 
 1.798400e+01  4.567521e-02 
 1.798432e+01  6.760482e-02 
 1.798464e+01  8.977923e-02 
 1.798497e+01  1.118248e-01 
 1.798529e+01  1.347945e-01 
 1.798561e+01  1.568607e-01 
 1.798593e+01  1.757046e-01 
 1.798626e+01  1.736739e-01 
 1.798658e+01  1.810269e-01 
 1.798690e+01  1.702832e-01 
 1.798723e+01  1.806392e-01 
 1.798755e+01  1.895858e-01 
 1.798787e+01  2.002695e-01 
 1.798820e+01  2.110023e-01 
 1.798852e+01  2.220878e-01 
 1.798884e+01  2.358680e-01 
 1.798916e+01  2.516941e-01 
 1.798949e+01  2.692407e-01 
 1.798981e+01  2.834666e-01 
 1.799013e+01  3.000984e-01 
 1.799046e+01  3.139457e-01 
 1.799078e+01  3.246991e-01 
 1.799110e+01  3.338600e-01 
 1.799143e+01  3.381692e-01 
 1.799175e+01  3.401692e-01 
 1.799207e+01  3.388066e-01 
 1.799239e+01  3.492725e-01 
 1.799272e+01  3.649914e-01 
 1.799304e+01  3.761180e-01 
 1.799336e+01  3.846266e-01 
 1.799369e+01  3.848001e-01 
 1.799401e+01  3.815167e-01 
 1.799433e+01  3.728640e-01 
 1.799466e+01  3.603695e-01 
 1.799498e+01  3.410316e-01 
 1.799530e+01  3.184285e-01 
 1.799562e+01  2.921401e-01 
 1.799595e+01  2.651736e-01 
 1.799627e+01  2.117404e-01 
 1.799659e+01  1.812523e-01 
 1.799692e+01  1.055154e-01 
 1.799724e+01  8.199934e-02 
 1.799756e+01  6.893318e-02 
 1.799789e+01  6.200474e-02 
 1.799821e+01  5.603869e-02 
 1.799853e+01  5.051644e-02 
 1.799885e+01  3.885457e-02 
 1.799918e+01  2.368378e-02 
 1.799950e+01  1.042212e-03 
 1.799982e+01 -2.241256e-02 
 1.800015e+01 -4.569424e-02 
 1.800047e+01 -7.330594e-02 
 1.800079e+01 -1.034826e-01 
 1.800112e+01 -1.342283e-01 
 1.800144e+01 -1.656332e-01 
 1.800176e+01 -1.959084e-01 
 1.800208e+01 -2.246017e-01 
 1.800241e+01 -2.532873e-01 
 1.800273e+01 -2.797956e-01 
 1.800305e+01 -3.053296e-01 
 1.800338e+01 -3.305797e-01 
 1.800370e+01 -3.579402e-01 
 1.800402e+01 -3.899406e-01 
 1.800435e+01 -4.198900e-01 
 1.800467e+01 -4.525680e-01 
 1.800499e+01 -4.788736e-01 
 1.800531e+01 -5.077668e-01 
 1.800564e+01 -5.328616e-01 
 1.800596e+01 -5.597986e-01 
 1.800628e+01 -5.844633e-01 
 1.800661e+01 -6.078071e-01 
 1.800693e+01 -6.264517e-01 
 1.800725e+01 -6.418371e-01 
 1.800757e+01 -6.576720e-01 
 1.800790e+01 -6.743693e-01 
 1.800822e+01 -6.890560e-01 
 1.800854e+01 -7.021182e-01 
 1.800887e+01 -7.148116e-01 
 1.800919e+01 -7.258153e-01 
 1.800951e+01 -7.366666e-01 
 1.800984e+01 -7.471201e-01 
 1.801016e+01 -7.547564e-01 
 1.801048e+01 -7.607023e-01 
 1.801080e+01 -7.635787e-01 
 1.801113e+01 -7.667348e-01 
 1.801145e+01 -7.775247e-01 
 1.801177e+01 -7.839576e-01 
 1.801210e+01 -7.910166e-01 
 1.801242e+01 -7.976716e-01 
 1.801274e+01 -8.052749e-01 
 1.801307e+01 -8.137954e-01 
 1.801339e+01 -8.217219e-01 
 1.801371e+01 -8.266107e-01 
 1.801403e+01 -8.287965e-01 
 1.801436e+01 -8.279427e-01 
 1.801468e+01 -8.270184e-01 
 1.801500e+01 -8.228932e-01 
 1.801533e+01 -8.170610e-01 
 1.801565e+01 -8.115140e-01 
 1.801597e+01 -8.055826e-01 
 1.801630e+01 -8.015889e-01 
 1.801662e+01 -8.009460e-01 
 1.801694e+01 -8.035097e-01 
 1.801726e+01 -8.018949e-01 
 1.801759e+01 -7.985768e-01 
 1.801791e+01 -7.956390e-01 
 1.801823e+01 -7.944079e-01 
 1.801856e+01 -7.905011e-01 
 1.801888e+01 -7.874875e-01 
 1.801920e+01 -7.863552e-01 
 1.801953e+01 -7.887731e-01 
 1.801985e+01 -7.959386e-01 
 1.802017e+01 -8.058374e-01 
 1.802049e+01 -8.234824e-01 
 1.802082e+01 -8.355031e-01 
 1.802114e+01 -8.582550e-01 
 1.802146e+01 -8.794865e-01 
 1.802179e+01 -8.941364e-01 
 1.802211e+01 -9.083845e-01 
 1.802243e+01 -9.171048e-01 
 1.802276e+01 -9.205723e-01 
 1.802308e+01 -9.242310e-01 
 1.802340e+01 -9.257604e-01 
 1.802372e+01 -9.268759e-01 
 1.802405e+01 -9.297139e-01 
 1.802437e+01 -9.338094e-01 
 1.802469e+01 -9.409374e-01 
 1.802502e+01 -9.477896e-01 
 1.802534e+01 -9.553270e-01 
 1.802566e+01 -9.610751e-01 
 1.802599e+01 -9.632525e-01 
 1.802631e+01 -9.633677e-01 
 1.802663e+01 -9.641143e-01 
 1.802695e+01 -9.644705e-01 
 1.802728e+01 -9.631812e-01 
 1.802760e+01 -9.615759e-01 
 1.802792e+01 -9.597629e-01 
 1.802825e+01 -9.625533e-01 
 1.802857e+01 -9.690758e-01 
 1.802889e+01 -9.784454e-01 
 1.802922e+01 -9.907614e-01 
 1.802954e+01 -1.005031e+00 
 1.802986e+01 -1.020135e+00 
 1.803018e+01 -1.034291e+00 
 1.803051e+01 -1.047580e+00 
 1.803083e+01 -1.056220e+00 
 1.803115e+01 -1.060602e+00 
 1.803148e+01 -1.064825e+00 
 1.803180e+01 -1.068902e+00 
 1.803212e+01 -1.073226e+00 
 1.803245e+01 -1.079656e+00 
 1.803277e+01 -1.083751e+00 
 1.803309e+01 -1.085906e+00 
 1.803341e+01 -1.089229e+00 
 1.803374e+01 -1.090227e+00 
 1.803406e+01 -1.088909e+00 
 1.803438e+01 -1.082698e+00 
 1.803471e+01 -1.074070e+00 
 1.803503e+01 -1.097787e+00 
 1.803535e+01 -1.089538e+00 
 1.803567e+01 -1.081189e+00 
 1.803600e+01 -1.071290e+00 
 1.803632e+01 -1.062618e+00 
 1.803664e+01 -1.055035e+00 
 1.803697e+01 -1.048287e+00 
 1.803729e+01 -1.043879e+00 
 1.803761e+01 -1.036241e+00 
 1.803794e+01 -1.028049e+00 
 1.803826e+01 -1.016547e+00 
 1.803858e+01 -1.004501e+00 
 1.803890e+01 -9.926598e-01 
 1.803923e+01 -9.791300e-01 
 1.803955e+01 -9.650003e-01 
 1.803987e+01 -9.526570e-01 
 1.804020e+01 -9.394745e-01 
 1.804052e+01 -9.246893e-01 
 1.804084e+01 -9.060038e-01 
 1.804117e+01 -8.832511e-01 
 1.804149e+01 -8.630365e-01 
 1.804181e+01 -8.431348e-01 
 1.804213e+01 -8.229125e-01 
 1.804246e+01 -8.025834e-01 
 1.804278e+01 -7.804028e-01 
 1.804310e+01 -7.630710e-01 
 1.804343e+01 -7.473599e-01 
 1.804375e+01 -7.319024e-01 
 1.804407e+01 -7.784246e-01 
 1.804440e+01 -7.750064e-01 
 1.804472e+01 -7.711477e-01 
 1.804504e+01 -7.687139e-01 
 1.804536e+01 -7.721743e-01 
 1.804569e+01 -7.728562e-01 
 1.804601e+01 -7.753471e-01 
 1.804633e+01 -7.760358e-01 
 1.804666e+01 -7.729682e-01 
 1.804698e+01 -7.735698e-01 
 1.804730e+01 -7.761659e-01 
 1.804763e+01 -7.808206e-01 
 1.804795e+01 -7.906846e-01 
 1.804827e+01 -7.970707e-01 
 1.804859e+01 -8.095096e-01 
 1.804892e+01 -8.237566e-01 
 1.804924e+01 -8.405317e-01 
 1.804956e+01 -8.566731e-01 
 1.804989e+01 -8.704704e-01 
 1.805021e+01 -8.150678e-01 
 1.805053e+01 -7.907881e-01 
 1.805086e+01 -7.609447e-01 
 1.805118e+01 -7.307359e-01 
 1.805150e+01 -7.004645e-01 
 1.805182e+01 -6.692147e-01 
 1.805215e+01 -6.427865e-01 
 1.805247e+01 -6.338736e-01 
 1.805279e+01 -6.256217e-01 
 1.805312e+01 -6.471844e-01 
 1.805344e+01 -6.770605e-01 
 1.805376e+01 -7.304745e-01 
 1.805409e+01 -7.641904e-01 
 1.805441e+01 -7.974511e-01 
 1.805473e+01 -8.285741e-01 
 1.805505e+01 -8.547468e-01 
 1.805538e+01 -8.784553e-01 
 1.805570e+01 -8.974848e-01 
 1.805602e+01 -9.134535e-01 
 1.805635e+01 -9.303478e-01 
 1.805667e+01 -9.376622e-01 
 1.805699e+01 -9.459765e-01 
 1.805732e+01 -9.609909e-01 
 1.805764e+01 -9.756614e-01 
 1.805796e+01 -9.926950e-01 
 1.805828e+01 -1.008140e+00 
 1.805861e+01 -1.023380e+00 
 1.805893e+01 -1.071790e+00 
 1.805925e+01 -1.084596e+00 
 1.805958e+01 -1.115293e+00 
 1.805990e+01 -1.124624e+00 
 1.806022e+01 -1.125355e+00 
 1.806054e+01 -1.130300e+00 
 1.806087e+01 -1.138649e+00 
 1.806119e+01 -1.148838e+00 
 1.806151e+01 -1.163562e+00 
 1.806184e+01 -1.176627e+00 
 1.806216e+01 -1.190359e+00 
 1.806248e+01 -1.201168e+00 
 1.806281e+01 -1.209421e+00 
 1.806313e+01 -1.212857e+00 
 1.806345e+01 -1.209854e+00 
 1.806377e+01 -1.200619e+00 
 1.806410e+01 -1.185802e+00 
 1.806442e+01 -1.168436e+00 
 1.806474e+01 -1.152848e+00 
 1.806507e+01 -1.138974e+00 
 1.806539e+01 -1.126130e+00 
 1.806571e+01 -1.112278e+00 
 1.806604e+01 -1.100430e+00 
 1.806636e+01 -1.090151e+00 
 1.806668e+01 -1.074018e+00 
 1.806700e+01 -1.054357e+00 
 1.806733e+01 -1.033594e+00 
 1.806765e+01 -1.009225e+00 
 1.806797e+01 -9.844767e-01 
 1.806830e+01 -9.569071e-01 
 1.806862e+01 -9.260263e-01 
 1.806894e+01 -8.981958e-01 
 1.806927e+01 -8.735477e-01 
 1.806959e+01 -8.559159e-01 
 1.806991e+01 -8.420667e-01 
 1.807023e+01 -8.335154e-01 
 1.807056e+01 -8.219467e-01 
 1.807088e+01 -8.116708e-01 
 1.807120e+01 -7.992152e-01 
 1.807153e+01 -7.846354e-01 
 1.807185e+01 -7.668853e-01 
 1.807217e+01 -7.449819e-01 
 1.807250e+01 -7.220200e-01 
 1.807282e+01 -6.997550e-01 
 1.807314e+01 -6.780526e-01 
 1.807346e+01 -6.590500e-01 
 1.807379e+01 -6.418159e-01 
 1.807411e+01 -6.264843e-01 
 1.807443e+01 -6.147511e-01 
 1.807476e+01 -6.032435e-01 
 1.807508e+01 -5.905177e-01 
 1.807540e+01 -5.753437e-01 
 1.807573e+01 -5.548436e-01 
 1.807605e+01 -5.346270e-01 
 1.807637e+01 -5.127237e-01 
 1.807669e+01 -4.925306e-01 
 1.807702e+01 -4.770426e-01 
 1.807734e+01 -4.612566e-01 
 1.807766e+01 -4.517328e-01 
 1.807799e+01 -4.471606e-01 
 1.807831e+01 -4.455542e-01 
 1.807863e+01 -4.455134e-01 
 1.807896e+01 -4.453168e-01 
 1.807928e+01 -4.473525e-01 
 1.807960e+01 -4.449515e-01 
 1.807992e+01 -4.404774e-01 
 1.808025e+01 -4.558756e-01 
 1.808057e+01 -4.492809e-01 
 1.808089e+01 -4.638866e-01 
 1.808122e+01 -4.604998e-01 
 1.808154e+01 -4.664258e-01 
 1.808186e+01 -4.696255e-01 
 1.808219e+01 -4.736248e-01 
 1.808251e+01 -4.784744e-01 
 1.808283e+01 -4.761817e-01 
 1.808315e+01 -4.762391e-01 
 1.808348e+01 -4.752223e-01 
 1.808380e+01 -4.699596e-01 
 1.808412e+01 -4.653130e-01 
 1.808445e+01 -4.562969e-01 
 1.808477e+01 -4.547266e-01 
 1.808509e+01 -4.448404e-01 
 1.808542e+01 -4.385902e-01 
 1.808574e+01 -4.477182e-01 
 1.808606e+01 -4.454745e-01 
 1.808638e+01 -4.447753e-01 
 1.808671e+01 -4.541876e-01 
 1.808703e+01 -4.636487e-01 
 1.808735e+01 -4.741666e-01 
 1.808768e+01 -4.840684e-01 
 1.808800e+01 -4.944464e-01 
 1.808832e+01 -5.038466e-01 
 1.808864e+01 -5.340808e-01 
 1.808897e+01 -5.491519e-01 
 1.808929e+01 -5.578670e-01 
 1.808961e+01 -5.669484e-01 
 1.808994e+01 -5.981914e-01 
 1.809026e+01 -6.096360e-01 
 1.809058e+01 -6.174800e-01 
 1.809091e+01 -6.226570e-01 
 1.809123e+01 -6.358917e-01 
 1.809155e+01 -6.308045e-01 
 1.809187e+01 -6.220878e-01 
 1.809220e+01 -6.119226e-01 
 1.809252e+01 -5.967045e-01 
 1.809284e+01 -5.861255e-01 
 1.809317e+01 -5.667779e-01 
 1.809349e+01 -5.465079e-01 
 1.809381e+01 -5.290500e-01 
 1.809414e+01 -5.212828e-01 
 1.809446e+01 -4.913821e-01 
 1.809478e+01 -4.795855e-01 
 1.809510e+01 -4.669646e-01 
 1.809543e+01 -4.539391e-01 
 1.809575e+01 -4.400679e-01 
 1.809607e+01 -4.269192e-01 
 1.809640e+01 -4.130627e-01 
 1.809672e+01 -4.025638e-01 
 1.809704e+01 -3.955831e-01 
 1.809737e+01 -3.916801e-01 
 1.809769e+01 -3.897510e-01 
 1.809801e+01 -3.873362e-01 
 1.809833e+01 -3.833469e-01 
 1.809866e+01 -3.743210e-01 
 1.809898e+01 -3.700131e-01 
 1.809930e+01 -3.677920e-01 
 1.809963e+01 -3.811920e-01 
 1.809995e+01 -3.728651e-01 
 1.810027e+01 -3.926406e-01 
 1.810060e+01 -3.834906e-01 
 1.810092e+01 -3.702592e-01 
 1.810124e+01 -3.705804e-01 
 1.810156e+01 -3.680369e-01 
 1.810189e+01 -3.618867e-01 
 1.810221e+01 -3.648947e-01 
 1.810253e+01 -3.699747e-01 
 1.810286e+01 -3.772888e-01 
 1.810318e+01 -3.875719e-01 
 1.810350e+01 -4.270792e-01 
 1.810383e+01 -4.469132e-01 
 1.810415e+01 -4.686504e-01 
 1.810447e+01 -4.919388e-01 
 1.810479e+01 -5.182312e-01 
 1.810512e+01 -5.466431e-01 
 1.810544e+01 -5.748166e-01 
 1.810576e+01 -6.037655e-01 
 1.810609e+01 -6.345942e-01 
 1.810641e+01 -6.609788e-01 
 1.810673e+01 -6.842656e-01 
 1.810706e+01 -7.088385e-01 
 1.810738e+01 -7.365044e-01 
 1.810770e+01 -7.641805e-01 
 1.810802e+01 -7.761356e-01 
 1.810835e+01 -7.771973e-01 
 1.810867e+01 -7.762770e-01 
 1.810899e+01 -7.741552e-01 
 1.810932e+01 -7.785091e-01 
 1.810964e+01 -7.710617e-01 
 1.810996e+01 -9.331773e-01 
 1.811029e+01 -9.499358e-01 
 1.811061e+01 -9.671537e-01 
 1.811093e+01 -9.881183e-01 
 1.811125e+01 -1.011015e+00 
 1.811158e+01 -1.033430e+00 
 1.811190e+01 -1.051747e+00 
 1.811222e+01 -1.067695e+00 
 1.811255e+01 -1.080336e+00 
 1.811287e+01 -1.089238e+00 
 1.811319e+01 -1.094779e+00 
 1.811352e+01 -1.099765e+00 
 1.811384e+01 -1.104720e+00 
 1.811416e+01 -1.112404e+00 
 1.811448e+01 -1.120041e+00 
 1.811481e+01 -1.130412e+00 
 1.811513e+01 -1.142881e+00 
 1.811545e+01 -1.157110e+00 
 1.811578e+01 -1.172755e+00 
 1.811610e+01 -1.186213e+00 
 1.811642e+01 -1.189972e+00 
 1.811674e+01 -1.186135e+00 
 1.811707e+01 -1.177073e+00 
 1.811739e+01 -1.168900e+00 
 1.811771e+01 -1.159413e+00 
 1.811804e+01 -1.150253e+00 
 1.811836e+01 -1.143249e+00 
 1.811868e+01 -1.136750e+00 
 1.811901e+01 -1.130460e+00 
 1.811933e+01 -1.125232e+00 
 1.811965e+01 -1.118244e+00 
 1.811997e+01 -1.108543e+00 
 1.812030e+01 -1.094408e+00 
 1.812062e+01 -1.076889e+00 
 1.812094e+01 -1.056675e+00 
 1.812127e+01 -1.030594e+00 
 1.812159e+01 -9.998679e-01 
 1.812191e+01 -9.714591e-01 
 1.812224e+01 -9.476321e-01 
 1.812256e+01 -9.292759e-01 
 1.812288e+01 -9.150876e-01 
 1.812320e+01 -9.030996e-01 
 1.812353e+01 -8.929187e-01 
 1.812385e+01 -8.791246e-01 
 1.812417e+01 -8.627610e-01 
 1.812450e+01 -8.463713e-01 
 1.812482e+01 -8.240353e-01 
 1.812514e+01 -8.046818e-01 
 1.812547e+01 -7.787204e-01 
 1.812579e+01 -7.543250e-01 
 1.812611e+01 -7.322541e-01 
 1.812643e+01 -7.072144e-01 
 1.812676e+01 -6.844281e-01 
 1.812708e+01 -6.625108e-01 
 1.812740e+01 -6.444121e-01 
 1.812773e+01 -6.296639e-01 
 1.812805e+01 -6.180842e-01 
 1.812837e+01 -6.033952e-01 
 1.812870e+01 -5.866877e-01 
 1.812902e+01 -5.685775e-01 
 1.812934e+01 -5.479504e-01 
 1.812966e+01 -5.248325e-01 
 1.812999e+01 -5.041109e-01 
 1.813031e+01 -4.845814e-01 
 1.813063e+01 -4.693712e-01 
 1.813096e+01 -4.625797e-01 
 1.813128e+01 -4.595249e-01 
 1.813160e+01 -4.574153e-01 
 1.813193e+01 -4.553782e-01 
 1.813225e+01 -4.538431e-01 
 1.813257e+01 -4.514159e-01 
 1.813289e+01 -4.478385e-01 
 1.813322e+01 -4.462606e-01 
 1.813354e+01 -4.440822e-01 
 1.813386e+01 -4.418839e-01 
 1.813419e+01 -4.403631e-01 
 1.813451e+01 -4.405738e-01 
 1.813483e+01 -4.430937e-01 
 1.813516e+01 -4.473067e-01 
 1.813548e+01 -4.517510e-01 
 1.813580e+01 -4.585110e-01 
 1.813612e+01 -4.652488e-01 
 1.813645e+01 -4.629771e-01 
 1.813677e+01 -4.570692e-01 
 1.813709e+01 -4.472169e-01 
 1.813742e+01 -4.388972e-01 
 1.813774e+01 -4.312747e-01 
 1.813806e+01 -4.262512e-01 
 1.813839e+01 -4.246716e-01 
 1.813871e+01 -4.213076e-01 
 1.813903e+01 -4.123665e-01 
 1.813935e+01 -4.122054e-01 
 1.813968e+01 -4.121542e-01 
 1.814000e+01 -4.147131e-01 
 1.814032e+01 -4.134456e-01 
 1.814065e+01 -4.128254e-01 
 1.814097e+01 -4.104980e-01 
 1.814129e+01 -4.014242e-01 
 1.814162e+01 -3.920035e-01 
 1.814194e+01 -3.739823e-01 
 1.814226e+01 -3.581377e-01 
 1.814258e+01 -3.477635e-01 
 1.814291e+01 -3.393821e-01 
 1.814323e+01 -3.161445e-01 
 1.814355e+01 -2.917325e-01 
 1.814388e+01 -2.635199e-01 
 1.814420e+01 -2.376252e-01 
 1.814452e+01 -2.034834e-01 
 1.814484e+01 -3.135970e-01 
 1.814517e+01 -2.945523e-01 
 1.814549e+01 -2.936072e-01 
 1.814581e+01 -2.971980e-01 
 1.814614e+01 -2.798785e-01 
 1.814646e+01 -2.606308e-01 
 1.814678e+01 -2.371114e-01 
 1.814711e+01 -2.096986e-01 
 1.814743e+01 -1.791142e-01 
 1.814775e+01 -1.489287e-01 
 1.814807e+01 -1.225233e-01 
 1.814840e+01 -9.671274e-02 
 1.814872e+01 -7.060473e-02 
 1.814904e+01 -4.582497e-02 
 1.814937e+01 -2.168438e-02 
 1.814969e+01 -4.203713e-03 
 1.815001e+01  8.931399e-03 
 1.815034e+01  2.798662e-02 
 1.815066e+01  2.345655e-02 
 1.815098e+01  3.663168e-02 
 1.815130e+01  5.563549e-02 
 1.815163e+01  8.358865e-02 
 1.815195e+01  5.181772e-02 
 1.815227e+01  7.308484e-02 
 1.815260e+01  9.736867e-02 
 1.815292e+01  1.240822e-01 
 1.815324e+01  1.454230e-01 
 1.815357e+01  1.593553e-01 
 1.815389e+01  1.164343e-01 
 1.815421e+01  1.260399e-01 
 1.815453e+01  1.363438e-01 
 1.815486e+01  1.401559e-01 
 1.815518e+01  1.736145e-01 
 1.815550e+01  2.188439e-01 
 1.815583e+01  2.640585e-01 
 1.815615e+01  3.100143e-01 
 1.815647e+01  2.760917e-01 
 1.815680e+01  2.271237e-01 
 1.815712e+01  2.410283e-01 
 1.815744e+01  2.501047e-01 
 1.815776e+01  2.394054e-01 
 1.815809e+01  2.373470e-01 
 1.815841e+01  2.295593e-01 
 1.815873e+01  2.115109e-01 
 1.815906e+01  1.837919e-01 
 1.815938e+01  1.799216e-01 
 1.815970e+01  1.616935e-01 
 1.816003e+01  1.701665e-01 
 1.816035e+01  1.770411e-01 
 1.816067e+01  1.870744e-01 
 1.816099e+01  1.992901e-01 
 1.816132e+01  1.554039e-01 
 1.816164e+01  1.589477e-01 
 1.816196e+01  1.631760e-01 
 1.816229e+01  1.698350e-01 
 1.816261e+01  1.672029e-01 
 1.816293e+01  1.576468e-01 
 1.816326e+01  1.523193e-01 
 1.816358e+01  1.497953e-01 
 1.816390e+01  1.515242e-01 
 1.816422e+01  1.569297e-01 
 1.816455e+01  1.719274e-01 
 1.816487e+01  1.882353e-01 
 1.816519e+01  2.119982e-01 
 1.816552e+01  2.351068e-01 
 1.816584e+01  2.563264e-01 
 1.816616e+01  2.936127e-01 
 1.816649e+01  3.118253e-01 
 1.816681e+01  2.712868e-01 
 1.816713e+01  2.722819e-01 
 1.816745e+01  2.775934e-01 
 1.816778e+01  2.856348e-01 
 1.816810e+01  2.969019e-01 
 1.816842e+01  3.024643e-01 
 1.816875e+01  2.960586e-01 
 1.816907e+01  2.884745e-01 
 1.816939e+01  2.997868e-01 
 1.816972e+01  3.164745e-01 
 1.817004e+01  3.497376e-01 
 1.817036e+01  3.842648e-01 
 1.817068e+01  4.220285e-01 
 1.817101e+01  4.644772e-01 
 1.817133e+01  5.029552e-01 
 1.817165e+01  4.983548e-01 
 1.817198e+01  4.939165e-01 
 1.817230e+01  3.383967e-01 
 1.817262e+01  3.431658e-01 
 1.817295e+01  3.383793e-01 
 1.817327e+01  3.328619e-01 
 1.817359e+01  3.207986e-01 
 1.817391e+01  3.157545e-01 
 1.817424e+01  2.919234e-01 
 1.817456e+01  2.982794e-01 
 1.817488e+01  3.144983e-01 
 1.817521e+01  3.378371e-01 
 1.817553e+01  3.663799e-01 
 1.817585e+01  3.951623e-01 
 1.817617e+01  4.197783e-01 
 1.817650e+01  4.346263e-01 
 1.817682e+01  4.434013e-01 
 1.817714e+01  4.515193e-01 
 1.817747e+01  4.618163e-01 
 1.817779e+01  4.955646e-01 
 1.817811e+01  5.074860e-01 
 1.817844e+01  5.237445e-01 
 1.817876e+01  5.301244e-01 
 1.817908e+01  5.564609e-01 
 1.817940e+01  5.896973e-01 
 1.817973e+01  6.253908e-01 
 1.818005e+01  6.604676e-01 
 1.818037e+01  6.906379e-01 
 1.818070e+01  6.966529e-01 
 1.818102e+01  7.123502e-01 
 1.818134e+01  7.270249e-01 
 1.818167e+01  7.358626e-01 
 1.818199e+01  7.362730e-01 
 1.818231e+01  7.421012e-01 
 1.818263e+01  7.472058e-01 
 1.818296e+01  7.568525e-01 
 1.818328e+01  7.394696e-01 
 1.818360e+01  7.502320e-01 
 1.818393e+01  7.359482e-01 
 1.818425e+01  7.419218e-01 
 1.818457e+01  7.457207e-01 
 1.818490e+01  7.334309e-01 
 1.818522e+01  7.184254e-01 
 1.818554e+01  7.085476e-01 
 1.818586e+01  6.935105e-01 
 1.818619e+01  6.776692e-01 
 1.818651e+01  6.636991e-01 
 1.818683e+01  5.865968e-01 
 1.818716e+01  5.638176e-01 
 1.818748e+01  5.456209e-01 
 1.818780e+01  5.254435e-01 
 1.818813e+01  5.048232e-01 
 1.818845e+01  4.819623e-01 
 1.818877e+01  4.517975e-01 
 1.818909e+01  4.181948e-01 
 1.818942e+01  3.898082e-01 
 1.818974e+01  3.619803e-01 
 1.819006e+01  3.399643e-01 
 1.819039e+01  3.149641e-01 
 1.819071e+01  2.899239e-01 
 1.819103e+01  2.677583e-01 
 1.819136e+01  2.465204e-01 
 1.819168e+01  2.241403e-01 
 1.819200e+01  2.404065e-01 
 1.819232e+01  2.339002e-01 
 1.819265e+01  2.256395e-01 
 1.819297e+01  2.206187e-01 
 1.819329e+01  2.162360e-01 
 1.819362e+01  2.096583e-01 
 1.819394e+01  1.106410e-01 
 1.819426e+01  8.365286e-02 
 1.819459e+01  5.582238e-02 
 1.819491e+01  2.737548e-02 
 1.819523e+01  2.571444e-03 
 1.819555e+01 -4.253943e-02 
 1.819588e+01 -6.731317e-02 
 1.819620e+01 -9.075486e-02 
 1.819652e+01 -1.103801e-01 
 1.819685e+01 -1.301433e-01 
 1.819717e+01 -1.475912e-01 
 1.819749e+01 -1.642816e-01 
 1.819782e+01 -1.766269e-01 
 1.819814e+01 -1.861882e-01 
 1.819846e+01 -1.893320e-01 
 1.819878e+01 -1.823062e-01 
 1.819911e+01 -1.850778e-01 
 1.819943e+01 -1.852977e-01 
 1.819975e+01 -2.012952e-01 
 1.820008e+01 -2.084697e-01 
 1.820040e+01 -2.410265e-01 
 1.820072e+01 -2.534656e-01 
 1.820105e+01 -2.688533e-01 
 1.820137e+01 -2.848244e-01 
 1.820169e+01 -3.045023e-01 
 1.820201e+01 -3.267384e-01 
 1.820234e+01 -3.508195e-01 
 1.820266e+01 -3.771490e-01 
 1.820298e+01 -3.998802e-01 
 1.820331e+01 -4.197038e-01 
 1.820363e+01 -4.366189e-01 
 1.820395e+01 -4.514737e-01 
 1.820427e+01 -4.636333e-01 
 1.820460e+01 -4.747967e-01 
 1.820492e+01 -4.859674e-01 
 1.820524e+01 -4.953284e-01 
 1.820557e+01 -5.057342e-01 
 1.820589e+01 -5.180996e-01 
 1.820621e+01 -5.295684e-01 
 1.820654e+01 -5.373806e-01 
 1.820686e+01 -5.421233e-01 
 1.820718e+01 -5.514825e-01 
 1.820750e+01 -5.623003e-01 
 1.820783e+01 -5.711607e-01 
 1.820815e+01 -5.758504e-01 
 1.820847e+01 -5.804721e-01 
 1.820880e+01 -5.795332e-01 
 1.820912e+01 -5.786085e-01 
 1.820944e+01 -5.809541e-01 
 1.820977e+01 -5.857692e-01 
 1.821009e+01 -5.946056e-01 
 1.821041e+01 -6.091989e-01 
 1.821073e+01 -6.332496e-01 
 1.821106e+01 -6.521479e-01 
 1.821138e+01 -6.727911e-01 
 1.821170e+01 -6.879920e-01 
 1.821203e+01 -7.024503e-01 
 1.821235e+01 -7.156364e-01 
 1.821267e+01 -7.273947e-01 
 1.821300e+01 -7.380323e-01 
 1.821332e+01 -7.430913e-01 
 1.821364e+01 -7.786579e-01 
 1.821396e+01 -7.889474e-01 
 1.821429e+01 -8.041848e-01 
 1.821461e+01 -8.251887e-01 
 1.821493e+01 -8.442294e-01 
 1.821526e+01 -8.601735e-01 
 1.821558e+01 -8.695065e-01 
 1.821590e+01 -8.743291e-01 
 1.821623e+01 -8.752020e-01 
 1.821655e+01 -8.710210e-01 
 1.821687e+01 -8.619168e-01 
 1.821719e+01 -8.506356e-01 
 1.821752e+01 -8.404996e-01 
 1.821784e+01 -8.321276e-01 
 1.821816e+01 -8.276490e-01 
 1.821849e+01 -8.279938e-01 
 1.821881e+01 -8.315916e-01 
 1.821913e+01 -8.393132e-01 
 1.821946e+01 -8.514503e-01 
 1.821978e+01 -8.605981e-01 
 1.822010e+01 -8.653365e-01 
 1.822042e+01 -8.637812e-01 
 1.822075e+01 -8.593888e-01 
 1.822107e+01 -8.514311e-01 
 1.822139e+01 -8.414764e-01 
 1.822172e+01 -8.332451e-01 
 1.822204e+01 -8.270699e-01 
 1.822236e+01 -8.231658e-01 
 1.822269e+01 -8.226960e-01 
 1.822301e+01 -8.758328e-01 
 1.822333e+01 -8.871864e-01 
 1.822365e+01 -8.954543e-01 
 1.822398e+01 -8.993757e-01 
 1.822430e+01 -8.996962e-01 
 1.822462e+01 -8.945251e-01 
 1.822495e+01 -8.861813e-01 
 1.822527e+01 -8.736927e-01 
 1.822559e+01 -8.602057e-01 
 1.822592e+01 -8.452710e-01 
 1.822624e+01 -8.324127e-01 
 1.822656e+01 -8.236904e-01 
 1.822688e+01 -8.168973e-01 
 1.822721e+01 -8.101720e-01 
 1.822753e+01 -8.045664e-01 
 1.822785e+01 -7.975679e-01 
 1.822818e+01 -7.910069e-01 
 1.822850e+01 -7.801411e-01 
 1.822882e+01 -7.633389e-01 
 1.822915e+01 -7.427111e-01 
 1.822947e+01 -7.197308e-01 
 1.822979e+01 -6.995529e-01 
 1.823011e+01 -6.835290e-01 
 1.823044e+01 -6.712172e-01 
 1.823076e+01 -6.587580e-01 
 1.823108e+01 -6.475365e-01 
 1.823141e+01 -6.346096e-01 
 1.823173e+01 -6.181648e-01 
 1.823205e+01 -5.955680e-01 
 1.823237e+01 -5.677638e-01 
 1.823270e+01 -5.279547e-01 
 1.823302e+01 -4.909609e-01 
 1.823334e+01 -4.536556e-01 
 1.823367e+01 -4.148844e-01 
 1.823399e+01 -3.633442e-01 
 1.823431e+01 -3.182932e-01 
 1.823464e+01 -2.801124e-01 
 1.823496e+01 -2.489596e-01 
 1.823528e+01 -2.199314e-01 
 1.823560e+01 -3.032588e-01 
 1.823593e+01 -2.901926e-01 
 1.823625e+01 -2.761061e-01 
 1.823657e+01 -2.639519e-01 
 1.823690e+01 -2.591980e-01 
 1.823722e+01 -2.565572e-01 
 1.823754e+01 -2.546667e-01 
 1.823787e+01 -2.512814e-01 
 1.823819e+01 -2.493764e-01 
 1.823851e+01 -2.492665e-01 
 1.823883e+01 -2.525227e-01 
 1.823916e+01 -2.565828e-01 
 1.823948e+01 -2.622458e-01 
 1.823980e+01 -2.693182e-01 
 1.824013e+01 -2.785680e-01 
 1.824045e+01 -2.894538e-01 
 1.824077e+01 -2.909424e-01 
 1.824110e+01 -2.860515e-01 
 1.824142e+01 -2.824042e-01 
 1.824174e+01 -2.770277e-01 
 1.824206e+01 -2.688430e-01 
 1.824239e+01 -2.898018e-01 
 1.824271e+01 -2.776996e-01 
 1.824303e+01 -2.628250e-01 
 1.824336e+01 -2.393032e-01 
 1.824368e+01 -2.219736e-01 
 1.824400e+01 -2.051540e-01 
 1.824433e+01 -1.882155e-01 
 1.824465e+01 -2.433472e-01 
 1.824497e+01 -2.435529e-01 
 1.824529e+01 -2.392922e-01 
 1.824562e+01 -2.521941e-01 
 1.824594e+01 -2.423337e-01 
 1.824626e+01 -2.300310e-01 
 1.824659e+01 -2.174162e-01 
 1.824691e+01 -2.040483e-01 
 1.824723e+01 -1.847930e-01 
 1.824756e+01 -1.883965e-01 
 1.824788e+01 -1.682468e-01 
 1.824820e+01 -1.431406e-01 
 1.824852e+01 -1.318461e-01 
 1.824885e+01 -1.504959e-01 
 1.824917e+01 -1.430448e-01 
 1.824949e+01 -1.331078e-01 
 1.824982e+01 -1.189576e-01 
 1.825014e+01 -1.042608e-01 
 1.825046e+01 -8.932176e-02 
 1.825079e+01 -7.563065e-02 
 1.825111e+01 -6.256447e-02 
 1.825143e+01 -5.196314e-02 
 1.825175e+01 -4.239948e-02 
 1.825208e+01 -3.690648e-02 
 1.825240e+01 -3.412091e-02 
 1.825272e+01 -3.572644e-02 
 1.825305e+01 -4.247426e-02 
 1.825337e+01 -4.336912e-02 
 1.825369e+01 -4.821539e-02 
 1.825402e+01 -4.903625e-02 
 1.825434e+01 -4.419975e-02 
 1.825466e+01 -3.314573e-02 
 1.825498e+01 -2.718020e-02 
 1.825531e+01 -7.751910e-02 
 1.825563e+01 -7.765832e-02 
 1.825595e+01 -7.213521e-02 
 1.825628e+01 -6.847266e-02 
 1.825660e+01 -7.417058e-02 
 1.825692e+01 -8.087955e-02 
 1.825725e+01 -1.068822e-01 
 1.825757e+01 -1.077962e-01 
 1.825789e+01 -9.185140e-02 
 1.825821e+01 -6.815869e-02 
 1.825854e+01 -3.732030e-02 
 1.825886e+01 -1.642272e-03 
 1.825918e+01  3.555335e-02 
 1.825951e+01  9.494085e-02 
 1.825983e+01  1.303560e-01 
 1.826015e+01  1.603736e-01 
 1.826048e+01  1.830156e-01 
 1.826080e+01  2.008095e-01 
 1.826112e+01  1.893569e-01 
 1.826144e+01  2.057782e-01 
 1.826177e+01  2.051744e-01 
 1.826209e+01  2.286586e-01 
 1.826241e+01  2.324970e-01 
 1.826274e+01  2.530791e-01 
 1.826306e+01  2.726500e-01 
 1.826338e+01  2.892173e-01 
 1.826370e+01  3.034293e-01 
 1.826403e+01  3.114714e-01 
 1.826435e+01  3.112346e-01 
 1.826467e+01  3.078931e-01 
 1.826500e+01  3.040756e-01 
 1.826532e+01  3.055662e-01 
 1.826564e+01  3.087820e-01 
 1.826597e+01  3.117786e-01 
 1.826629e+01  3.174021e-01 
 1.826661e+01  3.258304e-01 
 1.826693e+01  3.294519e-01 
 1.826726e+01  3.389019e-01 
 1.826758e+01  3.496764e-01 
 1.826790e+01  3.544203e-01 
 1.826823e+01  3.624056e-01 
 1.826855e+01  3.677966e-01 
 1.826887e+01  3.728542e-01 
 1.826920e+01  3.773609e-01 
 1.826952e+01  3.740089e-01 
 1.826984e+01  3.789991e-01 
 1.827016e+01  3.912152e-01 
 1.827049e+01  4.020737e-01 
 1.827081e+01  4.075586e-01 
 1.827113e+01  4.099508e-01 
 1.827146e+01  4.051139e-01 
 1.827178e+01  4.040913e-01 
 1.827210e+01  4.007462e-01 
 1.827243e+01  3.958016e-01 
 1.827275e+01  3.873202e-01 
 1.827307e+01  3.755677e-01 
 1.827339e+01  3.655249e-01 
 1.827372e+01  3.552989e-01 
 1.827404e+01  3.491537e-01 
 1.827436e+01  3.445673e-01 
 1.827469e+01  3.424992e-01 
 1.827501e+01  3.427706e-01 
 1.827533e+01  3.421533e-01 
 1.827566e+01  3.362653e-01 
 1.827598e+01  3.276485e-01 
 1.827630e+01  3.159895e-01 
 1.827662e+01  3.058604e-01 
 1.827695e+01  2.966955e-01 
 1.827727e+01  2.900192e-01 
 1.827759e+01  2.839093e-01 
 1.827792e+01  2.725820e-01 
 1.827824e+01  2.735492e-01 
 1.827856e+01  2.776816e-01 
 1.827889e+01  2.791862e-01 
 1.827921e+01  2.779354e-01 
 1.827953e+01  2.731566e-01 
 1.827985e+01  2.663698e-01 
 1.828018e+01  2.545789e-01 
 1.828050e+01  2.409189e-01 
 1.828082e+01  2.274243e-01 
 1.828115e+01  2.141431e-01 
 1.828147e+01  2.001271e-01 
 1.828179e+01  1.887471e-01 
 1.828212e+01  1.761186e-01 
 1.828244e+01  1.644907e-01 
 1.828276e+01  1.518686e-01 
 1.828308e+01  1.416723e-01 
 1.828341e+01  1.325162e-01 
 1.828373e+01  1.256568e-01 
 1.828405e+01  1.217055e-01 
 1.828438e+01  1.212833e-01 
 1.828470e+01  1.248626e-01 
 1.828502e+01  1.285368e-01 
 1.828535e+01  1.268399e-01 
 1.828567e+01  1.240537e-01 
 1.828599e+01  1.220939e-01 
 1.828631e+01  1.180516e-01 
 1.828664e+01  1.232152e-01 
 1.828696e+01  1.407518e-01 
 1.828728e+01  1.399964e-01 
 1.828761e+01  1.384502e-01 
 1.828793e+01  1.373757e-01 
 1.828825e+01  1.352779e-01 
 1.828858e+01  1.300840e-01 
 1.828890e+01  1.185002e-01 
 1.828922e+01  1.015024e-01 
 1.828954e+01  7.803285e-02 
 1.828987e+01  5.312890e-02 
 1.829019e+01  3.114426e-02 
 1.829051e+01  1.230750e-02 
 1.829084e+01 -7.818817e-03 
 1.829116e+01 -3.067747e-02 
 1.829148e+01 -5.691233e-02 
 1.829180e+01 -9.207410e-02 
 1.829213e+01 -1.182606e-01 
 1.829245e+01 -1.417784e-01 
 1.829277e+01 -1.653727e-01 
 1.829310e+01 -1.882240e-01 
 1.829342e+01 -2.234644e-01 
 1.829374e+01 -2.602276e-01 
 1.829407e+01 -2.957822e-01 
 1.829439e+01 -3.287620e-01 
 1.829471e+01 -3.598326e-01 
 1.829503e+01 -3.941243e-01 
 1.829536e+01 -4.269415e-01 
 1.829568e+01 -4.554172e-01 
 1.829600e+01 -4.873100e-01 
 1.829633e+01 -5.135581e-01 
 1.829665e+01 -5.410027e-01 
 1.829697e+01 -5.670325e-01 
 1.829730e+01 -5.904075e-01 
 1.829762e+01 -6.416345e-01 
 1.829794e+01 -6.692992e-01 
 1.829826e+01 -6.985001e-01 
 1.829859e+01 -7.253056e-01 
 1.829891e+01 -7.481353e-01 
 1.829923e+01 -7.671539e-01 
 1.829956e+01 -7.823334e-01 
 1.829988e+01 -7.939813e-01 
 1.830020e+01 -8.040054e-01 
 1.830053e+01 -8.190227e-01 
 1.830085e+01 -8.306214e-01 
 1.830117e+01 -8.458131e-01 
 1.830149e+01 -8.596709e-01 
 1.830182e+01 -8.766618e-01 
 1.830214e+01 -8.932060e-01 
 1.830246e+01 -9.084345e-01 
 1.830279e+01 -9.203365e-01 
 1.830311e+01 -9.279748e-01 
 1.830343e+01 -9.337163e-01 
 1.830376e+01 -9.377070e-01 
 1.830408e+01 -9.414613e-01 
 1.830440e+01 -9.477891e-01 
 1.830472e+01 -9.588231e-01 
 1.830505e+01 -9.758018e-01 
 1.830537e+01 -9.957027e-01 
 1.830569e+01 -1.019076e+00 
 1.830602e+01 -1.043658e+00 
 1.830634e+01 -1.063440e+00 
 1.830666e+01 -1.079846e+00 
 1.830699e+01 -1.095580e+00 
 1.830731e+01 -1.136924e+00 
 1.830763e+01 -1.152161e+00 
 1.830795e+01 -1.160866e+00 
 1.830828e+01 -1.144185e+00 
 1.830860e+01 -1.128481e+00 
 1.830892e+01 -1.113703e+00 
 1.830925e+01 -1.100810e+00 
 1.830957e+01 -1.087537e+00 
 1.830989e+01 -1.227368e+00 
 1.831022e+01 -1.234323e+00 
 1.831054e+01 -1.237058e+00 
 1.831086e+01 -1.238017e+00 
 1.831118e+01 -1.238935e+00 
 1.831151e+01 -1.238172e+00 
 1.831183e+01 -1.234554e+00 
 1.831215e+01 -1.225246e+00 
 1.831248e+01 -1.210920e+00 
 1.831280e+01 -1.190228e+00 
 1.831312e+01 -1.164405e+00 
 1.831345e+01 -1.138241e+00 
 1.831377e+01 -1.114545e+00 
 1.831409e+01 -1.096051e+00 
 1.831441e+01 -1.084996e+00 
 1.831474e+01 -1.069199e+00 
 1.831506e+01 -1.050748e+00 
 1.831538e+01 -1.034238e+00 
 1.831571e+01 -1.020120e+00 
 1.831603e+01 -1.003222e+00 
 1.831635e+01 -9.825538e-01 
 1.831668e+01 -1.060289e+00 
 1.831700e+01 -1.043956e+00 
 1.831732e+01 -1.030180e+00 
 1.831764e+01 -1.019454e+00 
 1.831797e+01 -1.015206e+00 
 1.831829e+01 -1.016870e+00 
 1.831861e+01 -1.020768e+00 
 1.831894e+01 -1.026325e+00 
 1.831926e+01 -1.037121e+00 
 1.831958e+01 -1.041870e+00 
 1.831990e+01 -1.043540e+00 
 1.832023e+01 -1.046211e+00 
 1.832055e+01 -1.038864e+00 
 1.832087e+01 -1.030066e+00 
 1.832120e+01 -1.017431e+00 
 1.832152e+01 -1.009053e+00 
 1.832184e+01 -1.000911e+00 
 1.832217e+01 -9.975436e-01 
 1.832249e+01 -9.952855e-01 
 1.832281e+01 -1.001024e+00 
 1.832313e+01 -1.005886e+00 
 1.832346e+01 -1.011732e+00 
 1.832378e+01 -1.016938e+00 
 1.832410e+01 -1.011469e+00 
 1.832443e+01 -1.002449e+00 
 1.832475e+01 -9.926755e-01 
 1.832507e+01 -9.773827e-01 
 1.832540e+01 -9.590620e-01 
 1.832572e+01 -1.008091e+00 
 1.832604e+01 -9.951738e-01 
 1.832636e+01 -9.916498e-01 
 1.832669e+01 -9.904902e-01 
 1.832701e+01 -9.952631e-01 
 1.832733e+01 -1.001249e+00 
 1.832766e+01 -1.006249e+00 
 1.832798e+01 -1.007418e+00 
 1.832830e+01 -1.002762e+00 
 1.832863e+01 -9.891796e-01 
 1.832895e+01 -9.706885e-01 
 1.832927e+01 -9.444466e-01 
 1.832959e+01 -9.194006e-01 
 1.832992e+01 -8.907917e-01 
 1.833024e+01 -8.612474e-01 
 1.833056e+01 -8.282057e-01 
 1.833089e+01 -8.001465e-01 
 1.833121e+01 -7.814406e-01 
 1.833153e+01 -7.699510e-01 
 1.833186e+01 -8.248601e-01 
 1.833218e+01 -8.220208e-01 
 1.833250e+01 -8.134462e-01 
 1.833282e+01 -7.997066e-01 
 1.833315e+01 -7.918311e-01 
 1.833347e+01 -7.758722e-01 
 1.833379e+01 -7.571276e-01 
 1.833412e+01 -7.414376e-01 
 1.833444e+01 -7.252292e-01 
 1.833476e+01 -7.639730e-01 
 1.833509e+01 -8.189125e-01 
 1.833541e+01 -8.339187e-01 
 1.833573e+01 -8.464565e-01 
 1.833605e+01 -8.522653e-01 
 1.833638e+01 -8.560368e-01 
 1.833670e+01 -8.576500e-01 
 1.833702e+01 -8.532273e-01 
 1.833735e+01 -8.445484e-01 
 1.833767e+01 -8.193342e-01 
 1.833799e+01 -7.949927e-01 
 1.833832e+01 -7.700942e-01 
 1.833864e+01 -7.436944e-01 
 1.833896e+01 -7.892509e-01 
 1.833928e+01 -7.739974e-01 
 1.833961e+01 -7.581923e-01 
 1.833993e+01 -7.490302e-01 
 1.834025e+01 -7.347687e-01 
 1.834058e+01 -7.169841e-01 
 1.834090e+01 -6.877160e-01 
 1.834122e+01 -6.577445e-01 
 1.834155e+01 -6.325366e-01 
 1.834187e+01 -6.114613e-01 
 1.834219e+01 -6.457619e-01 
 1.834251e+01 -6.373271e-01 
 1.834284e+01 -6.313398e-01 
 1.834316e+01 -6.309633e-01 
 1.834348e+01 -6.351225e-01 
 1.834381e+01 -6.418359e-01 
 1.834413e+01 -6.507827e-01 
 1.834445e+01 -6.604914e-01 
 1.834477e+01 -6.703048e-01 
 1.834510e+01 -6.772896e-01 
 1.834542e+01 -6.818382e-01 
 1.834574e+01 -6.838694e-01 
 1.834607e+01 -6.860470e-01 
 1.834639e+01 -6.868740e-01 
 1.834671e+01 -6.933475e-01 
 1.834704e+01 -7.014329e-01 
 1.834736e+01 -7.116335e-01 
 1.834768e+01 -7.210083e-01 
 1.834800e+01 -7.261593e-01 
 1.834833e+01 -7.270656e-01 
 1.834865e+01 -7.193709e-01 
 1.834897e+01 -7.007566e-01 
 1.834930e+01 -6.828354e-01 
 1.834962e+01 -6.567616e-01 
 1.834994e+01 -6.182192e-01 
 1.835027e+01 -5.877127e-01 
 1.835059e+01 -5.626920e-01 
 1.835091e+01 -6.026423e-01 
 1.835123e+01 -6.308486e-01 
 1.835156e+01 -6.308959e-01 
 1.835188e+01 -6.319494e-01 
 1.835220e+01 -6.322787e-01 
 1.835253e+01 -6.299996e-01 
 1.835285e+01 -6.247290e-01 
 1.835317e+01 -6.127369e-01 
 1.835350e+01 -6.001924e-01 
 1.835382e+01 -5.866009e-01 
 1.835414e+01 -5.669873e-01 
 1.835446e+01 -5.521384e-01 
 1.835479e+01 -5.500550e-01 
 1.835511e+01 -5.588661e-01 
 1.835543e+01 -5.640604e-01 
 1.835576e+01 -5.423779e-01 
 1.835608e+01 -5.175084e-01 
 1.835640e+01 -4.944165e-01 
 1.835673e+01 -4.759575e-01 
 1.835705e+01 -5.294927e-01 
 1.835737e+01 -5.246973e-01 
 1.835769e+01 -5.137679e-01 
 1.835802e+01 -4.955901e-01 
 1.835834e+01 -4.730712e-01 
 1.835866e+01 -4.524030e-01 
 1.835899e+01 -4.370370e-01 
 1.835931e+01 -4.272274e-01 
 1.835963e+01 -4.236890e-01 
 1.835996e+01 -4.298660e-01 
 1.836028e+01 -4.418219e-01 
 1.836060e+01 -4.587419e-01 
 1.836092e+01 -4.750132e-01 
 1.836125e+01 -4.908518e-01 
 1.836157e+01 -4.950911e-01 
 1.836189e+01 -4.961641e-01 
 1.836222e+01 -4.935247e-01 
 1.836254e+01 -4.856486e-01 
 1.836286e+01 -4.752803e-01 
 1.836319e+01 -4.692861e-01 
 1.836351e+01 -4.567872e-01 
 1.836383e+01 -4.515297e-01 
 1.836415e+01 -4.451497e-01 
 1.836448e+01 -4.377764e-01 
 1.836480e+01 -4.849398e-01 
 1.836512e+01 -4.754053e-01 
 1.836545e+01 -4.574653e-01 
 1.836577e+01 -4.326739e-01 
 1.836609e+01 -4.013630e-01 
 1.836642e+01 -3.666304e-01 
 1.836674e+01 -3.555742e-01 
 1.836706e+01 -3.239217e-01 
 1.836738e+01 -2.958042e-01 
 1.836771e+01 -2.680558e-01 
 1.836803e+01 -2.455206e-01 
 1.836835e+01 -2.251779e-01 
 1.836868e+01 -2.061783e-01 
 1.836900e+01 -1.899471e-01 
 1.836932e+01 -1.721053e-01 
 1.836965e+01 -1.561629e-01 
 1.836997e+01 -1.426492e-01 
 1.837029e+01 -1.251949e-01 
 1.837061e+01 -1.067819e-01 
 1.837094e+01 -8.242643e-02 
 1.837126e+01 -5.583038e-02 
 1.837158e+01 -3.768230e-02 
 1.837191e+01  8.719713e-02 
 1.837223e+01  1.827779e-01 
 1.837255e+01  2.324514e-01 
 1.837288e+01  2.609591e-01 
 1.837320e+01  2.045510e-01 
 1.837352e+01  1.619949e-01 
 1.837384e+01  1.437693e-01 
 1.837417e+01  1.263457e-01 
 1.837449e+01  1.052689e-01 
 1.837481e+01  8.909370e-02 
 1.837514e+01  6.161150e-02 
 1.837546e+01  2.808059e-02 
 1.837578e+01 -6.476273e-03 
 1.837610e+01 -4.295624e-02 
 1.837643e+01 -7.921258e-02 
 1.837675e+01 -1.118745e-01 
 1.837707e+01 -1.388962e-01 
 1.837740e+01 -1.612038e-01 
 1.837772e+01 -1.812535e-01 
 1.837804e+01 -1.947015e-01 
 1.837837e+01 -2.111659e-01 
 1.837869e+01 -2.307462e-01 
 1.837901e+01 -2.589457e-01 
 1.837933e+01 -2.920645e-01 
 1.837966e+01 -3.263669e-01 
 1.837998e+01 -3.547599e-01 
 1.838030e+01 -3.764842e-01 
 1.838063e+01 -3.854970e-01 
 1.838095e+01 -3.892927e-01 
 1.838127e+01 -3.904820e-01 
 1.838160e+01 -3.930661e-01 
 1.838192e+01 -3.936501e-01 
 1.838224e+01 -3.981795e-01 
 1.838256e+01 -4.086185e-01 
 1.838289e+01 -4.048101e-01 
 1.838321e+01 -4.199502e-01 
 1.838353e+01 -4.224851e-01 
 1.838386e+01 -4.356726e-01 
 1.838418e+01 -4.451064e-01 
 1.838450e+01 -4.564335e-01 
 1.838483e+01 -4.609284e-01 
 1.838515e+01 -4.632522e-01 
 1.838547e+01 -4.677602e-01 
 1.838579e+01 -4.788224e-01 
 1.838612e+01 -4.989236e-01 
 1.838644e+01 -5.278949e-01 
 1.838676e+01 -5.564350e-01 
 1.838709e+01 -5.835325e-01 
 1.838741e+01 -6.081585e-01 
 1.838773e+01 -6.313347e-01 
 1.838806e+01 -6.567419e-01 
 1.838838e+01 -6.756247e-01 
 1.838870e+01 -6.959957e-01 
 1.838902e+01 -7.076544e-01 
 1.838935e+01 -7.188180e-01 
 1.838967e+01 -7.295441e-01 
 1.838999e+01 -7.448302e-01 
 1.839032e+01 -7.623290e-01 
 1.839064e+01 -7.808713e-01 
 1.839096e+01 -7.985955e-01 
 1.839129e+01 -8.157289e-01 
 1.839161e+01 -8.308337e-01 
 1.839193e+01 -8.441157e-01 
 1.839225e+01 -8.540434e-01 
 1.839258e+01 -8.604327e-01 
 1.839290e+01 -8.615427e-01 
 1.839322e+01 -8.571589e-01 
 1.839355e+01 -8.457332e-01 
 1.839387e+01 -8.366951e-01 
 1.839419e+01 -8.265955e-01 
 1.839452e+01 -8.259480e-01 
 1.839484e+01 -8.392856e-01 
 1.839516e+01 -8.591595e-01 
 1.839548e+01 -8.770756e-01 
 1.839581e+01 -8.924131e-01 
 1.839613e+01 -9.030046e-01 
 1.839645e+01 -9.116781e-01 
 1.839678e+01 -9.139907e-01 
 1.839710e+01 -9.139978e-01 
 1.839742e+01 -8.836808e-01 
 1.839775e+01 -8.500074e-01 
 1.839807e+01 -8.218597e-01 
 1.839839e+01 -8.292278e-01 
 1.839871e+01 -8.666431e-01 
 1.839904e+01 -8.844164e-01 
 1.839936e+01 -8.973253e-01 
 1.839968e+01 -9.095563e-01 
 1.840001e+01 -9.520900e-01 
 1.840033e+01 -9.853848e-01 
 1.840065e+01 -1.030457e+00 
 1.840098e+01 -1.057687e+00 
 1.840130e+01 -1.084381e+00 
 1.840162e+01 -1.111049e+00 
 1.840194e+01 -1.139021e+00 
 1.840227e+01 -1.155348e+00 
 1.840259e+01 -1.166936e+00 
 1.840291e+01 -1.175979e+00 
 1.840324e+01 -1.236056e+00 
 1.840356e+01 -1.253392e+00 
 1.840388e+01 -1.285490e+00 
 1.840420e+01 -1.301529e+00 
 1.840453e+01 -1.320886e+00 
 1.840485e+01 -1.344905e+00 
 1.840517e+01 -1.371378e+00 
 1.840550e+01 -1.398286e+00 
 1.840582e+01 -1.418503e+00 
 1.840614e+01 -1.431761e+00 
 1.840647e+01 -1.438684e+00 
 1.840679e+01 -1.441328e+00 
 1.840711e+01 -1.393356e+00 
 1.840743e+01 -1.316720e+00 
 1.840776e+01 -1.261168e+00 
 1.840808e+01 -1.203848e+00 
 1.840840e+01 -1.286144e+00 
 1.840873e+01 -1.290173e+00 
 1.840905e+01 -1.291298e+00 
 1.840937e+01 -1.291385e+00 
 1.840970e+01 -1.349296e+00 
 1.841002e+01 -1.364384e+00 
 1.841034e+01 -1.378683e+00 
 1.841066e+01 -1.386432e+00 
 1.841099e+01 -1.387477e+00 
 1.841131e+01 -1.384518e+00 
 1.841163e+01 -1.372938e+00 
 1.841196e+01 -1.359289e+00 
 1.841228e+01 -1.343468e+00 
 1.841260e+01 -1.326816e+00 
 1.841293e+01 -1.312526e+00 
 1.841325e+01 -1.303602e+00 
 1.841357e+01 -1.296000e+00 
 1.841389e+01 -1.289456e+00 
 1.841422e+01 -1.283218e+00 
 1.841454e+01 -1.301173e+00 
 1.841486e+01 -1.296782e+00 
 1.841519e+01 -1.283754e+00 
 1.841551e+01 -1.264539e+00 
 1.841583e+01 -1.248402e+00 
 1.841616e+01 -1.256275e+00 
 1.841648e+01 -1.244921e+00 
 1.841680e+01 -1.237671e+00 
 1.841712e+01 -1.233327e+00 
 1.841745e+01 -1.236313e+00 
 1.841777e+01 -1.249728e+00 
 1.841809e+01 -1.260807e+00 
 1.841842e+01 -1.266393e+00 
 1.841874e+01 -1.260255e+00 
 1.841906e+01 -1.243167e+00 
 1.841939e+01 -1.215333e+00 
 1.841971e+01 -1.180191e+00 
 1.842003e+01 -1.143651e+00 
 1.842035e+01 -1.108530e+00 
 1.842068e+01 -1.079909e+00 
 1.842100e+01 -1.053018e+00 
 1.842132e+01 -1.023876e+00 
 1.842165e+01 -1.002830e+00 
 1.842197e+01 -9.803923e-01 
 1.842229e+01 -9.571285e-01 
 1.842262e+01 -9.288051e-01 
 1.842294e+01 -8.980077e-01 
 1.842326e+01 -8.651666e-01 
 1.842358e+01 -8.294249e-01 
 1.842391e+01 -7.982006e-01 
 1.842423e+01 -7.765073e-01 
 1.842455e+01 -7.622249e-01 
 1.842488e+01 -7.608104e-01 
 1.842520e+01 -7.652112e-01 
 1.842552e+01 -7.760462e-01 
 1.842585e+01 -7.875068e-01 
 1.842617e+01 -7.995577e-01 
 1.842649e+01 -7.982085e-01 
 1.842681e+01 -7.983837e-01 
 1.842714e+01 -8.006745e-01 
 1.842746e+01 -8.702771e-01 
 1.842778e+01 -8.936705e-01 
 1.842811e+01 -9.179815e-01 
 1.842843e+01 -9.416902e-01 
 1.842875e+01 -9.661764e-01 
 1.842907e+01 -9.894934e-01 
 1.842940e+01 -1.009447e+00 
 1.842972e+01 -1.027204e+00 
 1.843004e+01 -1.041239e+00 
 1.843037e+01 -1.053867e+00 
 1.843069e+01 -1.061982e+00 
 1.843101e+01 -1.053720e+00 
 1.843134e+01 -1.040038e+00 
 1.843166e+01 -1.021786e+00 
 1.843198e+01 -1.064349e+00 
 1.843230e+01 -1.056086e+00 
 1.843263e+01 -1.045933e+00 
 1.843295e+01 -1.037416e+00 
 1.843327e+01 -1.031311e+00 
 1.843360e+01 -1.029449e+00 
 1.843392e+01 -1.029649e+00 
 1.843424e+01 -1.030207e+00 
 1.843457e+01 -1.027397e+00 
 1.843489e+01 -1.022276e+00 
 1.843521e+01 -1.015109e+00 
 1.843553e+01 -1.006856e+00 
 1.843586e+01 -1.000660e+00 
 1.843618e+01 -9.967348e-01 
 1.843650e+01 -9.970898e-01 
 1.843683e+01 -1.000987e+00 
 1.843715e+01 -1.005272e+00 
 1.843747e+01 -1.009574e+00 
 1.843780e+01 -1.014169e+00 
 1.843812e+01 -1.018820e+00 
 1.843844e+01 -1.016324e+00 
 1.843876e+01 -1.015744e+00 
 1.843909e+01 -1.011402e+00 
 1.843941e+01 -1.007997e+00 
 1.843973e+01 -1.006273e+00 
 1.844006e+01 -1.003667e+00 
 1.844038e+01 -1.004807e+00 
 1.844070e+01 -1.003283e+00 
 1.844103e+01 -9.953873e-01 
 1.844135e+01 -9.847476e-01 
 1.844167e+01 -9.611927e-01 
 1.844199e+01 -9.311364e-01 
 1.844232e+01 -9.095801e-01 
 1.844264e+01 -9.306877e-01 
 1.844296e+01 -9.249096e-01 
 1.844329e+01 -9.219312e-01 
 1.844361e+01 -9.209064e-01 
 1.844393e+01 -9.028238e-01 
 1.844426e+01 -8.734626e-01 
 1.844458e+01 -8.420465e-01 
 1.844490e+01 -9.048744e-01 
 1.844522e+01 -8.936051e-01 
 1.844555e+01 -8.800944e-01 
 1.844587e+01 -8.653011e-01 
 1.844619e+01 -8.549676e-01 
 1.844652e+01 -8.466255e-01 
 1.844684e+01 -8.417963e-01 
 1.844716e+01 -8.421317e-01 
 1.844749e+01 -8.350085e-01 
 1.844781e+01 -8.231339e-01 
 1.844813e+01 -8.063984e-01 
 1.844845e+01 -7.893022e-01 
 1.844878e+01 -7.700666e-01 
 1.844910e+01 -7.448796e-01 
 1.844942e+01 -7.195057e-01 
 1.844975e+01 -6.962447e-01 
 1.845007e+01 -6.793063e-01 
 1.845039e+01 -6.690274e-01 
 1.845072e+01 -6.601044e-01 
 1.845104e+01 -6.679719e-01 
 1.845136e+01 -6.559037e-01 
 1.845168e+01 -6.580183e-01 
 1.845201e+01 -6.481384e-01 
 1.845233e+01 -6.394765e-01 
 1.845265e+01 -6.297407e-01 
 1.845298e+01 -6.164853e-01 
 1.845330e+01 -5.990760e-01 
 1.845362e+01 -5.953424e-01 
 1.845395e+01 -5.793102e-01 
 1.845427e+01 -5.803916e-01 
 1.845459e+01 -5.844223e-01 
 1.845491e+01 -5.886503e-01 
 1.845524e+01 -5.921915e-01 
 1.845556e+01 -5.922044e-01 
 1.845588e+01 -5.915401e-01 
 1.845621e+01 -5.873155e-01 
 1.845653e+01 -5.789995e-01 
 1.845685e+01 -5.639015e-01 
 1.845717e+01 -5.494312e-01 
 1.845750e+01 -5.501830e-01 
 1.845782e+01 -5.212863e-01 
 1.845814e+01 -5.029328e-01 
 1.845847e+01 -5.072449e-01 
 1.845879e+01 -5.119622e-01 
 1.845911e+01 -5.000971e-01 
 1.845944e+01 -4.903897e-01 
 1.845976e+01 -4.825689e-01 
 1.846008e+01 -4.677514e-01 
 1.846040e+01 -4.500452e-01 
 1.846073e+01 -4.291914e-01 
 1.846105e+01 -4.075544e-01 
 1.846137e+01 -3.809272e-01 
 1.846170e+01 -3.537737e-01 
 1.846202e+01 -3.295647e-01 
 1.846234e+01 -3.119796e-01 
 1.846267e+01 -3.025090e-01 
 1.846299e+01 -2.989032e-01 
 1.846331e+01 -2.963428e-01 
 1.846363e+01 -2.930070e-01 
 1.846396e+01 -2.888214e-01 
 1.846428e+01 -2.780841e-01 
 1.846460e+01 -2.620277e-01 
 1.846493e+01 -2.424067e-01 
 1.846525e+01 -2.241043e-01 
 1.846557e+01 -2.030457e-01 
 1.846590e+01 -2.182858e-01 
 1.846622e+01 -2.012009e-01 
 1.846654e+01 -1.681334e-01 
 1.846686e+01 -1.391461e-01 
 1.846719e+01 -1.866544e-01 
 1.846751e+01 -1.776512e-01 
 1.846783e+01 -1.474271e-01 
 1.846816e+01 -1.335354e-01 
 1.846848e+01 -1.225063e-01 
 1.846880e+01 -1.103500e-01 
 1.846913e+01 -9.942793e-02 
 1.846945e+01 -9.190412e-02 
 1.846977e+01 -6.776894e-02 
 1.847009e+01 -4.577068e-02 
 1.847042e+01 -9.589226e-02 
 1.847074e+01 -9.922019e-02 
 1.847106e+01 -1.076712e-01 
 1.847139e+01 -9.846222e-02 
 1.847171e+01 -8.677034e-02 
 1.847203e+01 -6.533383e-02 
 1.847236e+01 -1.057732e-01 
 1.847268e+01 -9.195233e-02 
 1.847300e+01 -6.666260e-02 
 1.847332e+01 -3.568312e-02 
 1.847365e+01 -7.913058e-02 
 1.847397e+01 -9.843562e-02 
 1.847429e+01 -8.418109e-02 
 1.847462e+01 -7.151407e-02 
 1.847494e+01 -5.634334e-02 
 1.847526e+01 -3.567493e-02 
 1.847559e+01 -1.119267e-02 
 1.847591e+01  1.111364e-02 
 1.847623e+01  4.456130e-02 
 1.847655e+01  1.020406e-01 
 1.847688e+01  1.398119e-01 
 1.847720e+01  1.967642e-01 
 1.847752e+01  1.909816e-01 
 1.847785e+01  2.361850e-01 
 1.847817e+01  2.899949e-01 
 1.847849e+01  3.383660e-01 
 1.847882e+01  3.056354e-01 
 1.847914e+01  3.089824e-01 
 1.847946e+01  3.143474e-01 
 1.847978e+01  3.268762e-01 
 1.848011e+01  3.141841e-01 
 1.848043e+01  3.199781e-01 
 1.848075e+01  2.954727e-01 
 1.848108e+01  2.874284e-01 
 1.848140e+01  2.829919e-01 
 1.848172e+01  2.768093e-01 
 1.848205e+01  2.636042e-01 
 1.848237e+01  2.357407e-01 
 1.848269e+01  2.085755e-01 
 1.848301e+01  1.792398e-01 
 1.848334e+01  1.318847e-01 
 1.848366e+01  9.914242e-02 
 1.848398e+01  7.027895e-02 
 1.848431e+01  4.468968e-02 
 1.848463e+01  2.552719e-02 
 1.848495e+01  1.189133e-02 
 1.848528e+01  2.223179e-03 
 1.848560e+01 -1.230102e-02 
 1.848592e+01 -1.797421e-02 
 1.848624e+01 -2.012609e-02 
 1.848657e+01 -4.367307e-02 
 1.848689e+01 -4.925873e-02 
 1.848721e+01 -5.051764e-02 
 1.848754e+01 -6.040258e-02 
 1.848786e+01 -6.744804e-02 
 1.848818e+01 -7.876904e-02 
 1.848850e+01 -8.404894e-02 
 1.848883e+01 -7.921210e-02 
 1.848915e+01 -7.311075e-02 
 1.848947e+01 -8.382766e-02 
 1.848980e+01 -8.302569e-02 
 1.849012e+01 -8.351903e-02 
 1.849044e+01 -8.728422e-02 
 1.849077e+01 -9.646557e-02 
 1.849109e+01 -1.079804e-01 
 1.849141e+01 -1.180285e-01 
 1.849173e+01 -1.576401e-01 
 1.849206e+01 -1.798277e-01 
 1.849238e+01 -1.980202e-01 
 1.849270e+01 -2.206003e-01 
 1.849303e+01 -2.416414e-01 
 1.849335e+01 -2.710783e-01 
 1.849367e+01 -2.905743e-01 
 1.849400e+01 -2.914579e-01 
 1.849432e+01 -2.924623e-01 
 1.849464e+01 -2.919273e-01 
 1.849496e+01 -2.914869e-01 
 1.849529e+01 -2.948128e-01 
 1.849561e+01 -3.032391e-01 
 1.849593e+01 -3.070174e-01 
 1.849626e+01 -3.000551e-01 
 1.849658e+01 -2.724605e-01 
 1.849690e+01 -2.443168e-01 
 1.849723e+01 -2.147530e-01 
 1.849755e+01 -1.775357e-01 
 1.849787e+01 -1.417384e-01 
 1.849819e+01 -1.155804e-01 
 1.849852e+01 -9.740036e-02 
 1.849884e+01 -7.967247e-02 
 1.849916e+01 -6.235029e-02 
 1.849949e+01 -4.612385e-02 
 1.849981e+01 -2.971036e-02 
 1.850013e+01 -1.293539e-02 
 1.850046e+01  1.598369e-02 
 1.850078e+01  5.140655e-02 
 1.850110e+01  8.493401e-02 
 1.850142e+01  5.987699e-02 
 1.850175e+01  7.954355e-02 
 1.850207e+01  9.964887e-02 
 1.850239e+01  1.121172e-01 
 1.850272e+01  1.196233e-01 
 1.850304e+01  1.253283e-01 
 1.850336e+01  1.193957e-01 
 1.850369e+01  1.195811e-01 
 1.850401e+01  1.210164e-01 
 1.850433e+01  1.242458e-01 
 1.850465e+01  1.000975e-01 
 1.850498e+01  1.009633e-01 
 1.850530e+01  1.069283e-01 
 1.850562e+01  1.142333e-01 
 1.850595e+01  1.199946e-01 
 1.850627e+01  1.199039e-01 
 1.850659e+01  1.314790e-01 
 1.850692e+01  1.416367e-01 
 1.850724e+01  1.430847e-01 
 1.850756e+01  1.460101e-01 
 1.850788e+01  1.430533e-01 
 1.850821e+01  1.373015e-01 
 1.850853e+01  1.441351e-01 
 1.850885e+01  1.762339e-01 
 1.850918e+01  2.146457e-01 
 1.850950e+01  1.982763e-01 
 1.850982e+01  1.897042e-01 
 1.851015e+01  2.054542e-01 
 1.851047e+01  2.210937e-01 
 1.851079e+01  2.303767e-01 
 1.851111e+01  2.435478e-01 
 1.851144e+01  2.572266e-01 
 1.851176e+01  2.787918e-01 
 1.851208e+01  3.026688e-01 
 1.851241e+01  3.224155e-01 
 1.851273e+01  3.409771e-01 
 1.851305e+01  3.617983e-01 
 1.851338e+01  3.844947e-01 
 1.851370e+01  4.089836e-01 
 1.851402e+01  4.364239e-01 
 1.851434e+01  4.621840e-01 
 1.851467e+01  4.925553e-01 
 1.851499e+01  5.165385e-01 
 1.851531e+01  5.387284e-01 
 1.851564e+01  5.576227e-01 
 1.851596e+01  5.751414e-01 
 1.851628e+01  5.943444e-01 
 1.851661e+01  6.220521e-01 
 1.851693e+01  6.522776e-01 
 1.851725e+01  6.729124e-01 
 1.851757e+01  6.955856e-01 
 1.851790e+01  7.033833e-01 
 1.851822e+01  6.875933e-01 
 1.851854e+01  7.097772e-01 
 1.851887e+01  7.303144e-01 
 1.851919e+01  7.105621e-01 
 1.851951e+01  7.226162e-01 
 1.851984e+01  7.394387e-01 
 1.852016e+01  7.643643e-01 
 1.852048e+01  7.822444e-01 
 1.852080e+01  7.954114e-01 
 1.852113e+01  8.054513e-01 
 1.852145e+01  8.214700e-01 
 1.852177e+01  8.310972e-01 
 1.852210e+01  8.402217e-01 
 1.852242e+01  8.525393e-01 
 1.852274e+01  8.623006e-01 
 1.852306e+01  8.675951e-01 
 1.852339e+01  8.674520e-01 
 1.852371e+01  8.646183e-01 
 1.852403e+01  8.622193e-01 
 1.852436e+01  8.579587e-01 
 1.852468e+01  8.570957e-01 
 1.852500e+01  8.525443e-01 
 1.852533e+01  8.581506e-01 
 1.852565e+01  8.667556e-01 
 1.852597e+01  8.733560e-01 
 1.852629e+01  8.659322e-01 
 1.852662e+01  8.112118e-01 
 1.852694e+01  8.045937e-01 
 1.852726e+01  8.076851e-01 
 1.852759e+01  8.115584e-01 
 1.852791e+01  8.156031e-01 
 1.852823e+01  8.181429e-01 
 1.852856e+01  8.306761e-01 
 1.852888e+01  8.471458e-01 
 1.852920e+01  8.742673e-01 
 1.852952e+01  9.117971e-01 
 1.852985e+01  9.548054e-01 
 1.853017e+01  9.903422e-01 
 1.853049e+01  1.024359e+00 
 1.853082e+01  1.053766e+00 
 1.853114e+01  1.076629e+00 
 1.853146e+01  1.085421e+00 
 1.853179e+01  1.090733e+00 
 1.853211e+01  1.097587e+00 
 1.853243e+01  1.108699e+00 
 1.853275e+01  1.122955e+00 
 1.853308e+01  1.143072e+00 
 1.853340e+01  1.166810e+00 
 1.853372e+01  1.193941e+00 
 1.853405e+01  1.206006e+00 
 1.853437e+01  1.187046e+00 
 1.853469e+01  1.190232e+00 
 1.853502e+01  1.185076e+00 
 1.853534e+01  1.178553e+00 
 1.853566e+01  1.167249e+00 
 1.853598e+01  1.152377e+00 
 1.853631e+01  1.143209e+00 
 1.853663e+01  1.124220e+00 
 1.853695e+01  1.089559e+00 
 1.853728e+01  1.016869e+00 
 1.853760e+01  9.978465e-01 
 1.853792e+01  9.792567e-01 
 1.853825e+01  9.476430e-01 
 1.853857e+01  9.356162e-01 
 1.853889e+01  9.159444e-01 
 1.853921e+01  9.036226e-01 
 1.853954e+01  8.879598e-01 
 1.853986e+01  8.850195e-01 
 1.854018e+01  8.755708e-01 
 1.854051e+01  8.703782e-01 
 1.854083e+01  8.716644e-01 
 1.854115e+01  8.111137e-01 
 1.854148e+01  7.918898e-01 
 1.854180e+01  7.728649e-01 
 1.854212e+01  7.676355e-01 
 1.854244e+01  7.744486e-01 
 1.854277e+01  7.839055e-01 
 1.854309e+01  8.000628e-01 
 1.854341e+01  7.799257e-01 
 1.854374e+01  7.579407e-01 
 1.854406e+01  6.995204e-01 
 1.854438e+01  6.856805e-01 
 1.854471e+01  6.769948e-01 
 1.854503e+01  6.651129e-01 
 1.854535e+01  6.605274e-01 
 1.854567e+01  6.599201e-01 
 1.854600e+01  6.650706e-01 
 1.854632e+01  6.631527e-01 
 1.854664e+01  6.559782e-01 
 1.854697e+01  6.532576e-01 
 1.854729e+01  6.437374e-01 
 1.854761e+01  6.478336e-01 
 1.854794e+01  6.479244e-01 
 1.854826e+01  6.544204e-01 
 1.854858e+01  6.638391e-01 
 1.854890e+01  6.366790e-01 
 1.854923e+01  6.447197e-01 
 1.854955e+01  6.487345e-01 
 1.854987e+01  6.832587e-01 
 1.855020e+01  7.011631e-01 
 1.855052e+01  7.198065e-01 
 1.855084e+01  6.853171e-01 
 1.855116e+01  7.086089e-01 
 1.855149e+01  7.269222e-01 
 1.855181e+01  7.294439e-01 
 1.855213e+01  7.271785e-01 
 1.855246e+01  7.280242e-01 
 1.855278e+01  7.387558e-01 
 1.855310e+01  7.589230e-01 
 1.855343e+01  7.852998e-01 
 1.855375e+01  8.099218e-01 
 1.855407e+01  8.299275e-01 
 1.855439e+01  7.850385e-01 
 1.855472e+01  7.956494e-01 
 1.855504e+01  8.051976e-01 
 1.855536e+01  8.140490e-01 
 1.855569e+01  8.083876e-01 
 1.855601e+01  7.990276e-01 
 1.855633e+01  7.820668e-01 
 1.855666e+01  7.665931e-01 
 1.855698e+01  7.525094e-01 
 1.855730e+01  7.441442e-01 
 1.855762e+01  7.444907e-01 
 1.855795e+01  7.525365e-01 
 1.855827e+01  7.686509e-01 
 1.855859e+01  7.781570e-01 
 1.855892e+01  7.786708e-01 
 1.855924e+01  7.732885e-01 
 1.855956e+01  7.616441e-01 
 1.855989e+01  7.457880e-01 
 1.856021e+01  7.296925e-01 
 1.856053e+01  7.104347e-01 
 1.856085e+01  6.944776e-01 
 1.856118e+01  6.783215e-01 
 1.856150e+01  6.712622e-01 
 1.856182e+01  6.603377e-01 
 1.856215e+01  6.448523e-01 
 1.856247e+01  6.311200e-01 
 1.856279e+01  6.195637e-01 
 1.856312e+01  6.176837e-01 
 1.856344e+01  6.296909e-01 
 1.856376e+01  6.532897e-01 
 1.856408e+01  6.738214e-01 
 1.856441e+01  6.937935e-01 
 1.856473e+01  6.374567e-01 
 1.856505e+01  6.378613e-01 
 1.856538e+01  5.459923e-01 
 1.856570e+01  5.246040e-01 
 1.856602e+01  5.032803e-01 
 1.856635e+01  4.849114e-01 
 1.856667e+01  4.613277e-01 
 1.856699e+01  4.398489e-01 
 1.856731e+01  4.160876e-01 
 1.856764e+01  4.178835e-01 
 1.856796e+01  4.167879e-01 
 1.856828e+01  4.238422e-01 
 1.856861e+01  4.348023e-01 
 1.856893e+01  4.441955e-01 
 1.856925e+01  4.569233e-01 
 1.856958e+01  4.664548e-01 
 1.856990e+01  4.662882e-01 
 1.857022e+01  4.615223e-01 
 1.857054e+01  4.536990e-01 
 1.857087e+01  4.476765e-01 
 1.857119e+01  4.439438e-01 
 1.857151e+01  4.440780e-01 
 1.857184e+01  4.516052e-01 
 1.857216e+01  4.491867e-01 
 1.857248e+01  4.474015e-01 
 1.857281e+01  4.631680e-01 
 1.857313e+01  4.883484e-01 
 1.857345e+01  5.132129e-01 
 1.857377e+01  5.373555e-01 
 1.857410e+01  4.716062e-01 
 1.857442e+01  3.738617e-01 
 1.857474e+01  3.384081e-01 
 1.857507e+01  2.905747e-01 
 1.857539e+01  2.428620e-01 
 1.857571e+01  1.925111e-01 
 1.857604e+01  1.390515e-01 
 1.857636e+01  9.205043e-02 
 1.857668e+01  5.558959e-02 
 1.857700e+01  2.631878e-02 
 1.857733e+01  3.610078e-04 
 1.857765e+01 -1.303557e-02 
 1.857797e+01 -2.416094e-02 
 1.857830e+01 -3.779708e-02 
 1.857862e+01 -5.079437e-02 
 1.857894e+01 -6.511644e-02 
 1.857927e+01 -7.780963e-02 
 1.857959e+01 -9.395286e-02 
 1.857991e+01 -9.870859e-02 
 1.858023e+01 -1.008900e-01 
 1.858056e+01 -9.430714e-02 
 1.858088e+01 -7.704339e-02 
 1.858120e+01 -5.552112e-02 
 1.858153e+01 -2.409187e-02 
 1.858185e+01  4.706160e-03 
 1.858217e+01  3.432109e-02 
 1.858249e+01  6.255500e-02 
 1.858282e+01  8.583034e-02 
 1.858314e+01  1.012638e-01 
 1.858346e+01  1.141018e-01 
 1.858379e+01  6.477001e-02 
 1.858411e+01  6.084647e-02 
 1.858443e+01  5.017124e-02 
 1.858476e+01  3.842609e-02 
 1.858508e+01  2.679515e-02 
 1.858540e+01  1.548216e-02 
 1.858572e+01  1.119342e-02 
 1.858605e+01  6.205360e-03 
 1.858637e+01  5.540767e-03 
 1.858669e+01  7.582342e-03 
 1.858702e+01  5.283851e-03 
 1.858734e+01 -2.664005e-03 
 1.858766e+01 -1.655088e-02 
 1.858799e+01 -3.508783e-02 
 1.858831e+01 -5.644310e-02 
 1.858863e+01 -7.619399e-02 
 1.858895e+01 -6.973813e-02 
 1.858928e+01 -6.184202e-02 
 1.858960e+01 -4.780500e-02 
 1.858992e+01 -2.917534e-02 
 1.859025e+01 -1.009087e-02 
 1.859057e+01 -1.363693e-01 
 1.859089e+01 -1.354397e-01 
 1.859122e+01 -1.327466e-01 
 1.859154e+01 -1.241719e-01 
 1.859186e+01 -1.197275e-01 
 1.859218e+01 -1.185969e-01 
 1.859251e+01 -1.208756e-01 
 1.859283e+01 -1.258172e-01 
 1.859315e+01 -1.321578e-01 
 1.859348e+01 -1.327924e-01 
 1.859380e+01 -1.456705e-01 
 1.859412e+01 -1.330149e-01 
 1.859445e+01 -1.260170e-01 
 1.859477e+01 -1.243779e-01 
 1.859509e+01 -1.214722e-01 
 1.859541e+01 -1.203586e-01 
 1.859574e+01 -1.318783e-01 
 1.859606e+01 -1.462263e-01 
 1.859638e+01 -1.584682e-01 
 1.859671e+01 -1.646579e-01 
 1.859703e+01 -1.574529e-01 
 1.859735e+01 -1.524160e-01 
 1.859768e+01 -1.459213e-01 
 1.859800e+01 -1.397138e-01 
 1.859832e+01 -1.382285e-01 
 1.859864e+01 -1.328158e-01 
 1.859897e+01 -1.318453e-01 
 1.859929e+01 -1.298134e-01 
 1.859961e+01 -1.316416e-01 
 1.859994e+01 -1.324688e-01 
 1.860026e+01 -1.285606e-01 
 1.860058e+01 -1.229205e-01 
 1.860091e+01 -1.124725e-01 
 1.860123e+01 -9.675172e-02 
 1.860155e+01 -7.149673e-02 
 1.860187e+01 -4.065850e-02 
 1.860220e+01 -6.163836e-03 
 1.860252e+01  1.989550e-02 
 1.860284e+01  4.528719e-02 
 1.860317e+01  7.121267e-02 
 1.860349e+01  9.667038e-02 
 1.860381e+01  1.173465e-01 
 1.860414e+01  1.420316e-01 
 1.860446e+01  1.637264e-01 
 1.860478e+01  1.883474e-01 
 1.860510e+01  2.185070e-01 
 1.860543e+01  2.521173e-01 
 1.860575e+01  2.893862e-01 
 1.860607e+01  3.287561e-01 
 1.860640e+01  3.716268e-01 
 1.860672e+01  4.164676e-01 
 1.860704e+01  4.593607e-01 
 1.860737e+01  4.964828e-01 
 1.860769e+01  5.311016e-01 
 1.860801e+01  5.494828e-01 
 1.860833e+01  5.466334e-01 
 1.860866e+01  5.543651e-01 
 1.860898e+01  5.666095e-01 
 1.860930e+01  5.844267e-01 
 1.860963e+01  6.089407e-01 
 1.860995e+01  6.374241e-01 
 1.861027e+01  6.700085e-01 
 1.861060e+01  7.062579e-01 
 1.861092e+01  7.465318e-01 
 1.861124e+01  7.841972e-01 
 1.861156e+01  8.088842e-01 
 1.861189e+01  8.303110e-01 
 1.861221e+01  8.534295e-01 
 1.861253e+01  8.797768e-01 
 1.861286e+01  9.048614e-01 
 1.861318e+01  9.288837e-01 
 1.861350e+01  9.521409e-01 
 1.861382e+01  9.743263e-01 
 1.861415e+01  1.005286e+00 
 1.861447e+01  1.044310e+00 
 1.861479e+01  1.081353e+00 
 1.861512e+01  1.111901e+00 
 1.861544e+01  1.139579e+00 
 1.861576e+01  1.164242e+00 
 1.861609e+01  1.180246e+00 
 1.861641e+01  1.198076e+00 
 1.861673e+01  1.223186e+00 
 1.861705e+01  1.238557e+00 
 1.861738e+01  1.244121e+00 
 1.861770e+01  1.266603e+00 
 1.861802e+01  1.283957e+00 
 1.861835e+01  1.290255e+00 
 1.861867e+01  1.303896e+00 
 1.861899e+01  1.318372e+00 
 1.861932e+01  1.332933e+00 
 1.861964e+01  1.352593e+00 
 1.861996e+01  1.365307e+00 
 1.862028e+01  1.380864e+00 
 1.862061e+01  1.379288e+00 
 1.862093e+01  1.380658e+00 
 1.862125e+01  1.394501e+00 
 1.862158e+01  1.428688e+00 
 1.862190e+01  1.470242e+00 
 1.862222e+01  1.516105e+00 
 1.862255e+01  1.564958e+00 
 1.862287e+01  1.624259e+00 
 1.862319e+01  1.677750e+00 
 1.862351e+01  1.653922e+00 
 1.862384e+01  1.616905e+00 
 1.862416e+01  1.643991e+00 
 1.862448e+01  1.667760e+00 
 1.862481e+01  1.691402e+00 
 1.862513e+01  1.697617e+00 
 1.862545e+01  1.709781e+00 
 1.862577e+01  1.726347e+00 
 1.862609e+01  1.745299e+00 
 1.862641e+01  1.764990e+00 
 1.862674e+01  1.785574e+00 
 1.862706e+01  1.762919e+00 
 1.862738e+01  1.767595e+00 
 1.862770e+01  1.769555e+00 
 1.862802e+01  1.754301e+00 
 1.862834e+01  1.749619e+00 
 1.862867e+01  1.740374e+00 
 1.862899e+01  1.705841e+00 
 1.862931e+01  1.691308e+00 
 1.862963e+01  1.681970e+00 
 1.862995e+01  1.671925e+00 
 1.863027e+01  1.684732e+00 
 1.863059e+01  1.704919e+00 
 1.863092e+01  1.716691e+00 
 1.863124e+01  1.733481e+00 
 1.863156e+01  1.740267e+00 
 1.863188e+01  1.744838e+00 
 1.863221e+01  1.749670e+00 
 1.863253e+01  1.751091e+00 
 1.863285e+01  1.753406e+00 
 1.863318e+01  1.765734e+00 
 1.863350e+01  1.772094e+00 
 1.863382e+01  1.787025e+00 
 1.863414e+01  1.782168e+00 
 1.863447e+01  1.799668e+00 
 1.863479e+01  1.836630e+00 
 1.863511e+01  1.868997e+00 
 1.863544e+01  1.901105e+00 
 1.863576e+01  1.916659e+00 
 1.863608e+01  1.941347e+00 
 1.863641e+01  1.965857e+00 
 1.863673e+01  1.986063e+00 
 1.863705e+01  2.008143e+00 
 1.863737e+01  2.027367e+00 
 1.863770e+01  2.039893e+00 
 1.863802e+01  2.052396e+00 
 1.863834e+01  2.067832e+00 
 1.863867e+01  2.086116e+00 
 1.863899e+01  2.103579e+00 
 1.863931e+01  2.104412e+00 
 1.863964e+01  2.111756e+00 
 1.863996e+01  2.118978e+00 
 1.864028e+01  2.120103e+00 
 1.864060e+01  2.112606e+00 
 1.864093e+01  2.090976e+00 
 1.864125e+01  2.072804e+00 
 1.864157e+01  2.052705e+00 
 1.864190e+01  2.041152e+00 
 1.864222e+01  2.018800e+00 
 1.864254e+01  2.010374e+00 
 1.864287e+01  2.009581e+00 
 1.864319e+01  2.012909e+00 
 1.864351e+01  2.009874e+00 
 1.864383e+01  2.011653e+00 
 1.864416e+01  2.008252e+00 
 1.864448e+01  2.008214e+00 
 1.864480e+01  1.999952e+00 
 1.864513e+01  1.989550e+00 
 1.864545e+01  1.928144e+00 
 1.864577e+01  1.912324e+00 
 1.864610e+01  1.896812e+00 
 1.864642e+01  1.836107e+00 
 1.864674e+01  1.827155e+00 
 1.864706e+01  1.829779e+00 
 1.864739e+01  1.831291e+00 
 1.864771e+01  1.837460e+00 
 1.864803e+01  1.844566e+00 
 1.864836e+01  1.846257e+00 
 1.864868e+01  1.855929e+00 
 1.864900e+01  1.859847e+00 
 1.864933e+01  1.856966e+00 
 1.864965e+01  1.852869e+00 
 1.864997e+01  1.826295e+00 
 1.865029e+01  1.813958e+00 
 1.865062e+01  1.802667e+00 
 1.865094e+01  1.782843e+00 
 1.865126e+01  1.759564e+00 
 1.865159e+01  1.738827e+00 
 1.865191e+01  1.716268e+00 
 1.865223e+01  1.693907e+00 
 1.865256e+01  1.663661e+00 
 1.865288e+01  1.620274e+00 
 1.865320e+01  1.570296e+00 
 1.865352e+01  1.510778e+00 
 1.865385e+01  1.445098e+00 
 1.865417e+01  1.373403e+00 
 1.865449e+01  1.303015e+00 
 1.865482e+01  1.228018e+00 
 1.865514e+01  1.171444e+00 
 1.865546e+01  1.106969e+00 
 1.865579e+01  1.059782e+00 
 1.865611e+01  1.010822e+00 
 1.865643e+01  9.515243e-01 
 1.865675e+01  8.892993e-01 
 1.865708e+01  8.297831e-01 
 1.865740e+01  7.691923e-01 
 1.865772e+01  7.050779e-01 
 1.865805e+01  6.381919e-01 
 1.865837e+01  5.705907e-01 
 1.865869e+01  5.071194e-01 
 1.865902e+01  4.438291e-01 
 1.865934e+01  3.904255e-01 
 1.865966e+01  3.382993e-01 
 1.865998e+01  2.912665e-01 
 1.866031e+01  2.497543e-01 
 1.866063e+01  2.082891e-01 
 1.866095e+01  1.835029e-01 
 1.866127e+01  1.435979e-01 
 1.866159e+01  8.175016e-02 
 1.866191e+01  1.636066e-02 
 1.866224e+01 -3.168963e-02 
 1.866256e+01 -6.590681e-02 
 1.866288e+01 -8.499194e-02 
 1.866320e+01 -1.091569e-01 
 1.866352e+01 -1.267203e-01 
 1.866384e+01 -1.408417e-01 
 1.866417e+01 -1.519010e-01 
 1.866449e+01 -1.656814e-01 
 1.866481e+01 -1.823588e-01 
 1.866513e+01 -2.012601e-01 
 1.866545e+01 -2.317739e-01 
 1.866577e+01 -2.525216e-01 
 1.866609e+01 -2.759227e-01 
 1.866642e+01 -3.104331e-01 
 1.866674e+01 -3.555727e-01 
 1.866706e+01 -4.011590e-01 
 1.866738e+01 -4.409748e-01 
 1.866771e+01 -4.738576e-01 
 1.866803e+01 -5.031666e-01 
 1.866835e+01 -5.385278e-01 
 1.866868e+01 -5.735694e-01 
 1.866900e+01 -6.112077e-01 
 1.866932e+01 -6.482940e-01 
 1.866964e+01 -6.912384e-01 
 1.866997e+01 -6.951948e-01 
 1.867029e+01 -7.498141e-01 
 1.867061e+01 -8.029765e-01 
 1.867094e+01 -8.537444e-01 
 1.867126e+01 -8.979383e-01 
 1.867158e+01 -8.939822e-01 
 1.867191e+01 -9.343062e-01 
 1.867223e+01 -9.648518e-01 
 1.867255e+01 -9.856338e-01 
 1.867287e+01 -9.987901e-01 
 1.867320e+01 -1.011589e+00 
 1.867352e+01 -1.021314e+00 
 1.867384e+01 -1.039646e+00 
 1.867417e+01 -1.061522e+00 
 1.867449e+01 -1.081983e+00 
 1.867481e+01 -1.106451e+00 
 1.867514e+01 -1.133457e+00 
 1.867546e+01 -1.158923e+00 
 1.867578e+01 -1.174866e+00 
 1.867610e+01 -1.191978e+00 
 1.867643e+01 -1.209403e+00 
 1.867675e+01 -1.237365e+00 
 1.867707e+01 -1.266111e+00 
 1.867740e+01 -1.290858e+00 
 1.867772e+01 -1.307218e+00 
 1.867804e+01 -1.316689e+00 
 1.867837e+01 -1.328185e+00 
 1.867869e+01 -1.343964e+00 
 1.867901e+01 -1.361380e+00 
 1.867933e+01 -1.377103e+00 
 1.867966e+01 -1.397366e+00 
 1.867998e+01 -1.416915e+00 
 1.868030e+01 -1.442442e+00 
 1.868063e+01 -1.466494e+00 
 1.868095e+01 -1.487170e+00 
 1.868127e+01 -1.502285e+00 
 1.868160e+01 -1.513013e+00 
 1.868192e+01 -1.526267e+00 
 1.868224e+01 -1.543529e+00 
 1.868256e+01 -1.559460e+00 
 1.868289e+01 -1.564524e+00 
 1.868321e+01 -1.562479e+00 
 1.868353e+01 -1.565325e+00 
 1.868386e+01 -1.566949e+00 
 1.868418e+01 -1.565299e+00 
 1.868450e+01 -1.562440e+00 
 1.868483e+01 -1.535875e+00 
 1.868515e+01 -1.519021e+00 
 1.868547e+01 -1.503960e+00 
 1.868579e+01 -1.484806e+00 
 1.868612e+01 -1.465272e+00 
 1.868644e+01 -1.444790e+00 
 1.868676e+01 -1.404854e+00 
 1.868709e+01 -1.381143e+00 
 1.868741e+01 -1.360389e+00 
 1.868773e+01 -1.335764e+00 
 1.868806e+01 -1.301683e+00 
 1.868838e+01 -1.267364e+00 
 1.868870e+01 -1.227705e+00 
 1.868902e+01 -1.196621e+00 
 1.868935e+01 -1.164378e+00 
 1.868967e+01 -1.131710e+00 
 1.868999e+01 -1.100243e+00 
 1.869032e+01 -1.069479e+00 
 1.869064e+01 -1.042438e+00 
 1.869096e+01 -1.014106e+00 
 1.869129e+01 -9.841557e-01 
 1.869161e+01 -9.497139e-01 
 1.869193e+01 -9.129742e-01 
 1.869225e+01 -8.772950e-01 
 1.869258e+01 -8.490192e-01 
 1.869290e+01 -7.713887e-01 
 1.869322e+01 -6.929632e-01 
 1.869355e+01 -6.604879e-01 
 1.869387e+01 -6.321049e-01 
 1.869419e+01 -6.065436e-01 
 1.869452e+01 -5.803480e-01 
 1.869484e+01 -5.632983e-01 
 1.869516e+01 -5.461397e-01 
 1.869548e+01 -5.272094e-01 
 1.869581e+01 -4.976406e-01 
 1.869613e+01 -4.822852e-01 
 1.869645e+01 -4.622623e-01 
 1.869678e+01 -4.380900e-01 
 1.869710e+01 -4.045662e-01 
 1.869742e+01 -3.811323e-01 
 1.869774e+01 -3.600741e-01 
 1.869807e+01 -3.360536e-01 
 1.869839e+01 -3.148695e-01 
 1.869871e+01 -2.817526e-01 
 1.869904e+01 -2.757583e-01 
 1.869936e+01 -2.854541e-01 
 1.869968e+01 -2.959660e-01 
 1.870001e+01 -2.990938e-01 
 1.870033e+01 -3.044723e-01 
 1.870065e+01 -3.038086e-01 
 1.870097e+01 -3.022144e-01 
 1.870130e+01 -3.035704e-01 
 1.870162e+01 -3.121798e-01 
 1.870194e+01 -3.191699e-01 
 1.870227e+01 -3.268406e-01 
 1.870259e+01 -3.427964e-01 
 1.870291e+01 -3.641150e-01 
 1.870324e+01 -3.879925e-01 
 1.870356e+01 -4.171078e-01 
 1.870388e+01 -4.481577e-01 
 1.870420e+01 -4.765081e-01 
 1.870453e+01 -4.989284e-01 
 1.870485e+01 -5.185701e-01 
 1.870517e+01 -5.394689e-01 
 1.870550e+01 -5.580810e-01 
 1.870582e+01 -5.789531e-01 
 1.870614e+01 -5.970123e-01 
 1.870647e+01 -6.239842e-01 
 1.870679e+01 -6.495269e-01 
 1.870711e+01 -6.728751e-01 
 1.870743e+01 -6.933119e-01 
 1.870776e+01 -6.966359e-01 
 1.870808e+01 -7.191700e-01 
 1.870840e+01 -7.394138e-01 
 1.870873e+01 -7.519295e-01 
 1.870905e+01 -7.574875e-01 
 1.870937e+01 -7.646114e-01 
 1.870970e+01 -7.686500e-01 
 1.871002e+01 -7.836341e-01 
 1.871034e+01 -7.973336e-01 
 1.871066e+01 -8.125802e-01 
 1.871099e+01 -8.294668e-01 
 1.871131e+01 -8.516191e-01 
 1.871163e+01 -8.787072e-01 
 1.871196e+01 -9.028285e-01 
 1.871228e+01 -9.033850e-01 
 1.871260e+01 -9.253308e-01 
 1.871293e+01 -9.525545e-01 
 1.871325e+01 -9.765844e-01 
 1.871357e+01 -9.939452e-01 
 1.871389e+01 -1.006446e+00 
 1.871422e+01 -1.015418e+00 
 1.871454e+01 -1.027747e+00 
 1.871486e+01 -1.042484e+00 
 1.871519e+01 -1.064567e+00 
 1.871551e+01 -1.082205e+00 
 1.871583e+01 -1.093213e+00 
 1.871616e+01 -1.090711e+00 
 1.871648e+01 -1.097811e+00 
 1.871680e+01 -1.102083e+00 
 1.871712e+01 -1.100009e+00 
 1.871745e+01 -1.092938e+00 
 1.871777e+01 -1.075321e+00 
 1.871809e+01 -1.058015e+00 
 1.871842e+01 -1.049068e+00 
 1.871874e+01 -1.041674e+00 
 1.871906e+01 -1.038255e+00 
 1.871939e+01 -1.036333e+00 
 1.871971e+01 -1.038579e+00 
 1.872003e+01 -1.043228e+00 
 1.872035e+01 -1.045063e+00 
 1.872068e+01 -1.035721e+00 
 1.872100e+01 -1.029234e+00 
 1.872132e+01 -1.024999e+00 
 1.872165e+01 -1.027330e+00 
 1.872197e+01 -1.028041e+00 
 1.872229e+01 -1.033210e+00 
 1.872262e+01 -1.031925e+00 
 1.872294e+01 -1.038448e+00 
 1.872326e+01 -1.048836e+00 
 1.872358e+01 -1.060102e+00 
 1.872391e+01 -1.072373e+00 
 1.872423e+01 -1.093055e+00 
 1.872455e+01 -1.112265e+00 
 1.872488e+01 -1.130390e+00 
 1.872520e+01 -1.149214e+00 
 1.872552e+01 -1.163043e+00 
 1.872585e+01 -1.173808e+00 
 1.872617e+01 -1.179262e+00 
 1.872649e+01 -1.183971e+00 
 1.872681e+01 -1.190922e+00 
 1.872714e+01 -1.204840e+00 
 1.872746e+01 -1.217978e+00 
 1.872778e+01 -1.228506e+00 
 1.872811e+01 -1.233349e+00 
 1.872843e+01 -1.242595e+00 
 1.872875e+01 -1.256382e+00 
 1.872908e+01 -1.265025e+00 
 1.872940e+01 -1.270235e+00 
 1.872972e+01 -1.266653e+00 
 1.873004e+01 -1.261306e+00 
 1.873037e+01 -1.249590e+00 
 1.873069e+01 -1.243118e+00 
 1.873101e+01 -1.233152e+00 
 1.873134e+01 -1.229955e+00 
 1.873166e+01 -1.233352e+00 
 1.873198e+01 -1.241060e+00 
 1.873230e+01 -1.240177e+00 
 1.873263e+01 -1.239388e+00 
 1.873295e+01 -1.229984e+00 
 1.873327e+01 -1.220258e+00 
 1.873360e+01 -1.208979e+00 
 1.873392e+01 -1.193730e+00 
 1.873424e+01 -1.172453e+00 
 1.873457e+01 -1.149374e+00 
 1.873489e+01 -1.128004e+00 
 1.873521e+01 -1.104588e+00 
 1.873553e+01 -1.087692e+00 
 1.873586e+01 -1.076205e+00 
 1.873618e+01 -1.064005e+00 
 1.873650e+01 -1.057298e+00 
 1.873683e+01 -1.052201e+00 
 1.873715e+01 -1.045561e+00 
 1.873747e+01 -1.037158e+00 
 1.873780e+01 -1.025337e+00 
 1.873812e+01 -1.009815e+00 
 1.873844e+01 -9.889658e-01 
 1.873876e+01 -9.621908e-01 
 1.873909e+01 -9.369438e-01 
 1.873941e+01 -9.102734e-01 
 1.873973e+01 -8.821243e-01 
 1.874006e+01 -8.552830e-01 
 1.874038e+01 -8.317174e-01 
 1.874070e+01 -8.097297e-01 
 1.874103e+01 -7.842316e-01 
 1.874135e+01 -7.595022e-01 
 1.874167e+01 -7.314168e-01 
 1.874199e+01 -7.046659e-01 
 1.874232e+01 -6.795311e-01 
 1.874264e+01 -6.457105e-01 
 1.874296e+01 -6.042867e-01 
 1.874329e+01 -5.618632e-01 
 1.874361e+01 -5.187826e-01 
 1.874393e+01 -4.816746e-01 
 1.874426e+01 -4.547849e-01 
 1.874458e+01 -4.303056e-01 
 1.874490e+01 -4.088299e-01 
 1.874522e+01 -3.910622e-01 
 1.874555e+01 -3.737535e-01 
 1.874587e+01 -3.572630e-01 
 1.874619e+01 -3.393431e-01 
 1.874652e+01 -3.240590e-01 
 1.874684e+01 -3.129667e-01 
 1.874716e+01 -3.067222e-01 
 1.874749e+01 -3.054497e-01 
 1.874781e+01 -3.100049e-01 
 1.874813e+01 -3.194551e-01 
 1.874845e+01 -3.257177e-01 
 1.874878e+01 -3.298555e-01 
 1.874910e+01 -3.440611e-01 
 1.874942e+01 -3.670724e-01 
 1.874975e+01 -3.874408e-01 
 1.875007e+01 -4.109513e-01 
 1.875039e+01 -4.361288e-01 
 1.875072e+01 -4.587574e-01 
 1.875104e+01 -4.827253e-01 
 1.875136e+01 -5.104390e-01 
 1.875168e+01 -5.354014e-01 
 1.875201e+01 -5.579729e-01 
 1.875233e+01 -5.813890e-01 
 1.875265e+01 -6.050032e-01 
 1.875298e+01 -6.288699e-01 
 1.875330e+01 -6.530016e-01 
 1.875362e+01 -6.796832e-01 
 1.875395e+01 -7.080794e-01 
 1.875427e+01 -7.382955e-01 
 1.875459e+01 -7.730041e-01 
 1.875491e+01 -8.090500e-01 
 1.875524e+01 -8.419553e-01 
 1.875556e+01 -8.758262e-01 
 1.875588e+01 -9.124024e-01 
 1.875621e+01 -9.508443e-01 
 1.875653e+01 -9.906065e-01 
 1.875685e+01 -1.031431e+00 
 1.875718e+01 -1.072731e+00 
 1.875750e+01 -1.116988e+00 
 1.875782e+01 -1.157507e+00 
 1.875814e+01 -1.188307e+00 
 1.875847e+01 -1.214498e+00 
 1.875879e+01 -1.238570e+00 
 1.875911e+01 -1.272999e+00 
 1.875944e+01 -1.310694e+00 
 1.875976e+01 -1.347552e+00 
 1.876008e+01 -1.388392e+00 
 1.876040e+01 -1.423179e+00 
 1.876073e+01 -1.451202e+00 
 1.876105e+01 -1.484531e+00 
 1.876137e+01 -1.516861e+00 
 1.876170e+01 -1.546635e+00 
 1.876202e+01 -1.573123e+00 
 1.876234e+01 -1.596795e+00 
 1.876267e+01 -1.618973e+00 
 1.876299e+01 -1.637570e+00 
 1.876331e+01 -1.654198e+00 
 1.876363e+01 -1.671130e+00 
 1.876396e+01 -1.688428e+00 
 1.876428e+01 -1.710154e+00 
 1.876460e+01 -1.733635e+00 
 1.876493e+01 -1.752178e+00 
 1.876525e+01 -1.777597e+00 
 1.876557e+01 -1.802240e+00 
 1.876590e+01 -1.820333e+00 
 1.876622e+01 -1.841845e+00 
 1.876654e+01 -1.858449e+00 
 1.876686e+01 -1.868140e+00 
 1.876719e+01 -1.876174e+00 
 1.876751e+01 -1.887093e+00 
 1.876783e+01 -1.900698e+00 
 1.876816e+01 -1.913354e+00 
 1.876848e+01 -1.926753e+00 
 1.876880e+01 -1.936994e+00 
 1.876913e+01 -1.944264e+00 
 1.876945e+01 -1.953953e+00 
 1.876977e+01 -1.964778e+00 
 1.877009e+01 -1.972004e+00 
 1.877042e+01 -1.973637e+00 
 1.877074e+01 -1.967907e+00 
 1.877106e+01 -1.963015e+00 
 1.877139e+01 -1.956883e+00 
 1.877171e+01 -1.945775e+00 
 1.877203e+01 -1.938742e+00 
 1.877236e+01 -1.930045e+00 
 1.877268e+01 -1.922787e+00 
 1.877300e+01 -1.919658e+00 
 1.877332e+01 -1.914449e+00 
 1.877365e+01 -1.914843e+00 
 1.877397e+01 -1.916090e+00 
 1.877429e+01 -1.915398e+00 
 1.877462e+01 -1.913284e+00 
 1.877494e+01 -1.911642e+00 
 1.877526e+01 -1.909712e+00 
 1.877559e+01 -1.906976e+00 
 1.877591e+01 -1.901799e+00 
 1.877623e+01 -1.898413e+00 
 1.877655e+01 -1.907764e+00 
 1.877688e+01 -1.920323e+00 
 1.877720e+01 -1.931695e+00 
 1.877752e+01 -1.939115e+00 
 1.877785e+01 -1.946540e+00 
 1.877817e+01 -1.953177e+00 
 1.877849e+01 -1.957381e+00 
 1.877882e+01 -1.961885e+00 
 1.877914e+01 -1.962448e+00 
 1.877946e+01 -1.966324e+00 
 1.877978e+01 -1.973468e+00 
 1.878011e+01 -1.981884e+00 
 1.878043e+01 -1.988806e+00 
 1.878075e+01 -1.996499e+00 
 1.878108e+01 -2.004767e+00 
 1.878140e+01 -2.015754e+00 
 1.878172e+01 -2.022121e+00 
 1.878205e+01 -2.028867e+00 
 1.878237e+01 -2.022194e+00 
 1.878269e+01 -2.015579e+00 
 1.878301e+01 -2.009089e+00 
 1.878334e+01 -1.999744e+00 
 1.878366e+01 -1.991516e+00 
 1.878398e+01 -1.979879e+00 
 1.878431e+01 -1.962370e+00 
 1.878463e+01 -1.951111e+00 
 1.878495e+01 -1.940583e+00 
 1.878528e+01 -1.929016e+00 
 1.878560e+01 -1.917003e+00 
 1.878592e+01 -1.903450e+00 
 1.878624e+01 -1.889964e+00 
 1.878657e+01 -1.878177e+00 
 1.878689e+01 -1.866178e+00 
 1.878721e+01 -1.852321e+00 
 1.878754e+01 -1.832498e+00 
 1.878786e+01 -1.810838e+00 
 1.878818e+01 -1.789245e+00 
 1.878851e+01 -1.780543e+00 
 1.878883e+01 -1.778025e+00 
 1.878915e+01 -1.765877e+00 
 1.878947e+01 -1.752498e+00 
 1.878980e+01 -1.748267e+00 
 1.879012e+01 -1.741926e+00 
 1.879044e+01 -1.735318e+00 
 1.879077e+01 -1.731068e+00 
 1.879109e+01 -1.715112e+00 
 1.879141e+01 -1.706302e+00 
 1.879174e+01 -1.696929e+00 
 1.879206e+01 -1.687690e+00 
 1.879238e+01 -1.683288e+00 
 1.879270e+01 -1.674009e+00 
 1.879303e+01 -1.667528e+00 
 1.879335e+01 -1.657449e+00 
 1.879367e+01 -1.648845e+00 
 1.879400e+01 -1.643406e+00 
 1.879432e+01 -1.634475e+00 
 1.879464e+01 -1.624345e+00 
 1.879496e+01 -1.605648e+00 
 1.879529e+01 -1.587646e+00 
 1.879561e+01 -1.564332e+00 
 1.879593e+01 -1.538542e+00 
 1.879626e+01 -1.505023e+00 
 1.879658e+01 -1.469811e+00 
 1.879690e+01 -1.441370e+00 
 1.879723e+01 -1.414313e+00 
 1.879755e+01 -1.384597e+00 
 1.879787e+01 -1.353372e+00 
 1.879819e+01 -1.322922e+00 
 1.879852e+01 -1.293145e+00 
 1.879884e+01 -1.264279e+00 
 1.879916e+01 -1.242684e+00 
 1.879949e+01 -1.216740e+00 
 1.879981e+01 -1.189249e+00 
 1.880013e+01 -1.169476e+00 
 1.880046e+01 -1.148245e+00 
 1.880078e+01 -1.129382e+00 
 1.880110e+01 -1.108312e+00 
 1.880142e+01 -1.087989e+00 
 1.880175e+01 -1.072449e+00 
 1.880207e+01 -1.064806e+00 
 1.880239e+01 -1.058820e+00 
 1.880272e+01 -1.064543e+00 
 1.880304e+01 -1.064540e+00 
 1.880336e+01 -1.075331e+00 
 1.880369e+01 -1.088181e+00 
 1.880401e+01 -1.104863e+00 
 1.880433e+01 -1.126009e+00 
 1.880465e+01 -1.146362e+00 
 1.880498e+01 -1.165975e+00 
 1.880530e+01 -1.187345e+00 
 1.880562e+01 -1.208297e+00 
 1.880595e+01 -1.232282e+00 
 1.880627e+01 -1.247320e+00 
 1.880659e+01 -1.254511e+00 
 1.880692e+01 -1.264783e+00 
 1.880724e+01 -1.271786e+00 
 1.880756e+01 -1.279586e+00 
 1.880788e+01 -1.281463e+00 
 1.880821e+01 -1.276686e+00 
 1.880853e+01 -1.271328e+00 
 1.880885e+01 -1.265778e+00 
 1.880918e+01 -1.259236e+00 
 1.880950e+01 -1.253995e+00 
 1.880982e+01 -1.238942e+00 
 1.881015e+01 -1.221320e+00 
 1.881047e+01 -1.203407e+00 
 1.881079e+01 -1.187065e+00 
 1.881111e+01 -1.218715e+00 
 1.881144e+01 -1.192290e+00 
 1.881176e+01 -1.161126e+00 
 1.881208e+01 -1.128436e+00 
 1.881241e+01 -1.099978e+00 
 1.881273e+01 -1.073409e+00 
 1.881305e+01 -1.043383e+00 
 1.881338e+01 -1.013290e+00 
 1.881370e+01 -9.807859e-01 
 1.881402e+01 -9.468840e-01 
 1.881434e+01 -9.229189e-01 
 1.881467e+01 -9.029207e-01 
 1.881499e+01 -8.824163e-01 
 1.881531e+01 -8.619766e-01 
 1.881564e+01 -8.466095e-01 
 1.881596e+01 -8.400079e-01 
 1.881628e+01 -8.310993e-01 
 1.881661e+01 -8.127158e-01 
 1.881693e+01 -7.983112e-01 
 1.881725e+01 -7.898211e-01 
 1.881757e+01 -7.896639e-01 
 1.881790e+01 -7.905544e-01 
 1.881822e+01 -7.903986e-01 
 1.881854e+01 -7.897788e-01 
 1.881887e+01 -7.877819e-01 
 1.881919e+01 -7.898020e-01 
 1.881951e+01 -7.904862e-01 
 1.881984e+01 -7.871866e-01 
 1.882016e+01 -7.759913e-01 
 1.882048e+01 -7.589529e-01 
 1.882080e+01 -7.419765e-01 
 1.882113e+01 -7.249542e-01 
 1.882145e+01 -6.959953e-01 
 1.882177e+01 -6.624969e-01 
 1.882210e+01 -6.289683e-01 
 1.882242e+01 -5.970132e-01 
 1.882274e+01 -5.718459e-01 
 1.882306e+01 -5.481619e-01 
 1.882339e+01 -5.198970e-01 
 1.882371e+01 -4.852470e-01 
 1.882403e+01 -4.500465e-01 
 1.882436e+01 -4.164865e-01 
 1.882468e+01 -3.801327e-01 
 1.882500e+01 -3.433867e-01 
 1.882533e+01 -3.059923e-01 
 1.882565e+01 -2.726912e-01 
 1.882597e+01 -2.413165e-01 
 1.882629e+01 -2.117049e-01 
 1.882662e+01 -1.756434e-01 
 1.882694e+01 -1.352074e-01 
 1.882726e+01 -9.699456e-02 
 1.882759e+01 -6.550439e-02 
 1.882791e+01 -3.635066e-02 
 1.882823e+01 -2.778984e-02 
 1.882856e+01 -6.773207e-04 
 1.882888e+01  2.687146e-02 
 1.882920e+01  3.657498e-02 
 1.882952e+01  6.263688e-02 
 1.882985e+01  8.781559e-02 
 1.883017e+01  1.168079e-01 
 1.883049e+01  1.491834e-01 
 1.883082e+01  1.759103e-01 
 1.883114e+01  2.061696e-01 
 1.883146e+01  2.397780e-01 
 1.883179e+01  2.721952e-01 
 1.883211e+01  3.131895e-01 
 1.883243e+01  3.485479e-01 
 1.883275e+01  3.858202e-01 
 1.883308e+01  4.165290e-01 
 1.883340e+01  4.406271e-01 
 1.883372e+01  4.632089e-01 
 1.883405e+01  4.889894e-01 
 1.883437e+01  5.158630e-01 
 1.883469e+01  5.403454e-01 
 1.883502e+01  5.632412e-01 
 1.883534e+01  5.837411e-01 
 1.883566e+01  6.084193e-01 
 1.883598e+01  6.312434e-01 
 1.883631e+01  6.509212e-01 
 1.883663e+01  6.680586e-01 
 1.883695e+01  6.866114e-01 
 1.883728e+01  7.033580e-01 
 1.883760e+01  7.077958e-01 
 1.883792e+01  7.131429e-01 
 1.883825e+01  7.133208e-01 
 1.883857e+01  7.127305e-01 
 1.883889e+01  7.193719e-01 
 1.883921e+01  7.302303e-01 
 1.883954e+01  7.363943e-01 
 1.883986e+01  7.493009e-01 
 1.884018e+01  7.601703e-01 
 1.884051e+01  7.733249e-01 
 1.884083e+01  7.802606e-01 
 1.884115e+01  7.913677e-01 
 1.884148e+01  7.993981e-01 
 1.884180e+01  8.075156e-01 
 1.884212e+01  8.181160e-01 
 1.884244e+01  8.281262e-01 
 1.884277e+01  8.355971e-01 
 1.884309e+01  8.339540e-01 
 1.884341e+01  8.350638e-01 
 1.884374e+01  8.367882e-01 
 1.884406e+01  8.379272e-01 
 1.884438e+01  8.452303e-01 
 1.884471e+01  8.460195e-01 
 1.884503e+01  8.490663e-01 
 1.884535e+01  8.530071e-01 
 1.884567e+01  8.554188e-01 
 1.884600e+01  8.564049e-01 
 1.884632e+01  8.525867e-01 
 1.884664e+01  8.494340e-01 
 1.884697e+01  8.464305e-01 
 1.884729e+01  8.455404e-01 
 1.884761e+01  8.453621e-01 
 1.884794e+01  8.403381e-01 
 1.884826e+01  8.301717e-01 
 1.884858e+01  8.225372e-01 
 1.884890e+01  8.145248e-01 
 1.884923e+01  8.108803e-01 
 1.884955e+01  8.101512e-01 
 1.884987e+01  8.089668e-01 
 1.885020e+01  8.092784e-01 
 1.885052e+01  8.055445e-01 
 1.885084e+01  8.064696e-01 
 1.885117e+01  8.072794e-01 
 1.885149e+01  8.004052e-01 
 1.885181e+01  7.944129e-01 
 1.885213e+01  7.898032e-01 
 1.885246e+01  7.860153e-01 
 1.885278e+01  7.838156e-01 
 1.885310e+01  7.768986e-01 
 1.885343e+01  7.644525e-01 
 1.885375e+01  7.471449e-01 
 1.885407e+01  7.304334e-01 
 1.885439e+01  7.157612e-01 
 1.885472e+01  7.035632e-01 
 1.885504e+01  6.870644e-01 
 1.885536e+01  6.683990e-01 
 1.885569e+01  6.470219e-01 
 1.885601e+01  6.253470e-01 
 1.885633e+01  6.009143e-01 
 1.885666e+01  5.730795e-01 
 1.885698e+01  5.425353e-01 
 1.885730e+01  5.134635e-01 
 1.885762e+01  4.879773e-01 
 1.885795e+01  4.621970e-01 
 1.885827e+01  4.376526e-01 
 1.885859e+01  4.076747e-01 
 1.885892e+01  3.771569e-01 
 1.885924e+01  3.477303e-01 
 1.885956e+01  3.219863e-01 
 1.885989e+01  2.941995e-01 
 1.886021e+01  2.642019e-01 
 1.886053e+01  2.292934e-01 
 1.886085e+01  1.931302e-01 
 1.886118e+01  1.537948e-01 
 1.886150e+01  1.107311e-01 
 1.886182e+01  6.341016e-02 
 1.886215e+01  1.781857e-02 
 1.886247e+01 -2.390835e-02 
 1.886279e+01 -6.418244e-02 
 1.886312e+01 -1.033020e-01 
 1.886344e+01 -1.433430e-01 
 1.886376e+01 -1.879855e-01 
 1.886408e+01 -2.328514e-01 
 1.886441e+01 -2.736754e-01 
 1.886473e+01 -3.148605e-01 
 1.886505e+01 -3.504770e-01 
 1.886538e+01 -3.928038e-01 
 1.886570e+01 -4.319382e-01 
 1.886602e+01 -4.754442e-01 
 1.886635e+01 -5.221376e-01 
 1.886667e+01 -5.735358e-01 
 1.886699e+01 -6.250407e-01 
 1.886731e+01 -6.733158e-01 
 1.886764e+01 -7.153786e-01 
 1.886796e+01 -7.540074e-01 
 1.886828e+01 -7.905239e-01 
 1.886861e+01 -8.263667e-01 
 1.886893e+01 -8.652665e-01 
 1.886925e+01 -9.006527e-01 
 1.886958e+01 -9.328069e-01 
 1.886990e+01 -9.641639e-01 
 1.887022e+01 -9.952378e-01 
 1.887054e+01 -1.028344e+00 
 1.887087e+01 -1.059363e+00 
 1.887119e+01 -1.086230e+00 
 1.887151e+01 -1.112729e+00 
 1.887184e+01 -1.138825e+00 
 1.887216e+01 -1.162827e+00 
 1.887248e+01 -1.180443e+00 
 1.887281e+01 -1.191630e+00 
 1.887313e+01 -1.197583e+00 
 1.887345e+01 -1.201229e+00 
 1.887377e+01 -1.205541e+00 
 1.887410e+01 -1.210160e+00 
 1.887442e+01 -1.215939e+00 
 1.887474e+01 -1.217355e+00 
 1.887507e+01 -1.211604e+00 
 1.887539e+01 -1.205590e+00 
 1.887571e+01 -1.205807e+00 
 1.887604e+01 -1.206565e+00 
 1.887636e+01 -1.206283e+00 
 1.887668e+01 -1.210167e+00 
 1.887700e+01 -1.212135e+00 
 1.887733e+01 -1.215878e+00 
 1.887765e+01 -1.218354e+00 
 1.887797e+01 -1.216580e+00 
 1.887830e+01 -1.216574e+00 
 1.887862e+01 -1.216872e+00 
 1.887894e+01 -1.217716e+00 
 1.887927e+01 -1.224168e+00 
 1.887959e+01 -1.232441e+00 
 1.887991e+01 -1.242098e+00 
 1.888023e+01 -1.252497e+00 
 1.888056e+01 -1.263395e+00 
 1.888088e+01 -1.277308e+00 
 1.888120e+01 -1.293319e+00 
 1.888153e+01 -1.312810e+00 
 1.888185e+01 -1.333719e+00 
 1.888217e+01 -1.353507e+00 
 1.888250e+01 -1.370816e+00 
 1.888282e+01 -1.386946e+00 
 1.888314e+01 -1.399914e+00 
 1.888346e+01 -1.410550e+00 
 1.888379e+01 -1.421322e+00 
 1.888411e+01 -1.432760e+00 
 1.888443e+01 -1.446578e+00 
 1.888476e+01 -1.461412e+00 
 1.888508e+01 -1.473417e+00 
 1.888540e+01 -1.485571e+00 
 1.888573e+01 -1.497174e+00 
 1.888605e+01 -1.506952e+00 
 1.888637e+01 -1.519304e+00 
 1.888669e+01 -1.530569e+00 
 1.888702e+01 -1.537769e+00 
 1.888734e+01 -1.539677e+00 
 1.888766e+01 -1.537448e+00 
 1.888799e+01 -1.530172e+00 
 1.888831e+01 -1.517218e+00 
 1.888863e+01 -1.503852e+00 
 1.888895e+01 -1.489885e+00 
 1.888928e+01 -1.478728e+00 
 1.888960e+01 -1.470598e+00 
 1.888992e+01 -1.462118e+00 
 1.889025e+01 -1.451611e+00 
 1.889057e+01 -1.432542e+00 
 1.889089e+01 -1.420241e+00 
 1.889122e+01 -1.407645e+00 
 1.889154e+01 -1.396722e+00 
 1.889186e+01 -1.383563e+00 
 1.889218e+01 -1.367354e+00 
 1.889251e+01 -1.344825e+00 
 1.889283e+01 -1.322609e+00 
 1.889315e+01 -1.297571e+00 
 1.889348e+01 -1.269781e+00 
 1.889380e+01 -1.243538e+00 
 1.889412e+01 -1.220365e+00 
 1.889445e+01 -1.201718e+00 
 1.889477e+01 -1.186981e+00 
 1.889509e+01 -1.172692e+00 
 1.889541e+01 -1.156413e+00 
 1.889574e+01 -1.141430e+00 
 1.889606e+01 -1.125291e+00 
 1.889638e+01 -1.112469e+00 
 1.889671e+01 -1.102793e+00 
 1.889703e+01 -1.092746e+00 
 1.889735e+01 -1.077864e+00 
 1.889768e+01 -1.064311e+00 
 1.889800e+01 -1.051492e+00 
 1.889832e+01 -1.037682e+00 
 1.889864e+01 -1.024430e+00 
 1.889897e+01 -1.011321e+00 
 1.889929e+01 -1.001879e+00 
 1.889961e+01 -1.009227e+00 
 1.889994e+01 -1.023481e+00 
 1.890026e+01 -1.037125e+00 
 1.890058e+01 -1.047589e+00 
 1.890091e+01 -1.055910e+00 
 1.890123e+01 -1.062593e+00 
 1.890155e+01 -1.071916e+00 
 1.890187e+01 -1.078954e+00 
 1.890220e+01 -1.080422e+00 
 1.890252e+01 -1.073939e+00 
 1.890284e+01 -1.061871e+00 
 1.890317e+01 -1.048560e+00 
 1.890349e+01 -1.035832e+00 
 1.890381e+01 -1.023769e+00 
 1.890414e+01 -1.013526e+00 
 1.890446e+01 -1.005766e+00 
 1.890478e+01 -1.001688e+00 
 1.890510e+01 -9.988298e-01 
 1.890543e+01 -9.945703e-01 
 1.890575e+01 -9.873493e-01 
 1.890607e+01 -9.773696e-01 
 1.890640e+01 -9.661060e-01 
 1.890672e+01 -9.563683e-01 
 1.890704e+01 -9.461719e-01 
 1.890737e+01 -9.369164e-01 
 1.890769e+01 -9.260175e-01 
 1.890801e+01 -9.162924e-01 
 1.890833e+01 -9.113505e-01 
 1.890866e+01 -9.070991e-01 
 1.890898e+01 -9.058901e-01 
 1.890930e+01 -9.068404e-01 
 1.890963e+01 -9.120942e-01 
 1.890995e+01 -9.172059e-01 
 1.891027e+01 -9.219918e-01 
 1.891060e+01 -9.250900e-01 
 1.891092e+01 -9.222947e-01 
 1.891124e+01 -9.174983e-01 
 1.891156e+01 -9.098724e-01 
 1.891189e+01 -9.049679e-01 
 1.891221e+01 -9.009004e-01 
 1.891253e+01 -8.959269e-01 
 1.891286e+01 -8.878448e-01 
 1.891318e+01 -8.794495e-01 
 1.891350e+01 -8.697242e-01 
 1.891383e+01 -8.590465e-01 
 1.891415e+01 -8.459518e-01 
 1.891447e+01 -8.327022e-01 
 1.891479e+01 -8.195372e-01 
 1.891512e+01 -8.100943e-01 
 1.891544e+01 -7.970780e-01 
 1.891576e+01 -8.098220e-01 
 1.891609e+01 -7.955211e-01 
 1.891641e+01 -7.798620e-01 
 1.891673e+01 -7.675040e-01 
 1.891705e+01 -7.574637e-01 
 1.891738e+01 -7.509198e-01 
 1.891770e+01 -7.436844e-01 
 1.891802e+01 -7.391977e-01 
 1.891835e+01 -7.318577e-01 
 1.891867e+01 -7.261369e-01 
 1.891899e+01 -7.206467e-01 
 1.891932e+01 -7.188879e-01 
 1.891964e+01 -7.159358e-01 
 1.891996e+01 -7.132485e-01 
 1.892028e+01 -7.123902e-01 
 1.892061e+01 -7.116089e-01 
 1.892093e+01 -7.130117e-01 
 1.892125e+01 -7.153352e-01 
 1.892158e+01 -7.119534e-01 
 1.892190e+01 -7.080022e-01 
 1.892222e+01 -7.057562e-01 
 1.892255e+01 -7.034570e-01 
 1.892287e+01 -6.994351e-01 
 1.892319e+01 -6.933097e-01 
 1.892351e+01 -6.862967e-01 
 1.892384e+01 -6.812879e-01 
 1.892416e+01 -6.772703e-01 
 1.892448e+01 -6.733287e-01 
 1.892481e+01 -6.706740e-01 
 1.892513e+01 -6.674340e-01 
 1.892545e+01 -6.648638e-01 
 1.892578e+01 -6.608662e-01 
 1.892610e+01 -6.551824e-01 
 1.892642e+01 -6.504272e-01 
 1.892674e+01 -6.444809e-01 
 1.892707e+01 -6.381633e-01 
 1.892739e+01 -6.348605e-01 
 1.892771e+01 -6.325376e-01 
 1.892804e+01 -6.318715e-01 
 1.892836e+01 -6.307279e-01 
 1.892868e+01 -6.311186e-01 
 1.892901e+01 -6.333713e-01 
 1.892933e+01 -6.378708e-01 
 1.892965e+01 -6.456876e-01 
 1.892997e+01 -6.551888e-01 
 1.893030e+01 -6.648495e-01 
 1.893062e+01 -6.729931e-01 
 1.893094e+01 -6.793806e-01 
 1.893127e+01 -6.865600e-01 
 1.893159e+01 -6.947983e-01 
 1.893191e+01 -7.029778e-01 
 1.893224e+01 -7.102995e-01 
 1.893256e+01 -7.177700e-01 
 1.893288e+01 -7.274725e-01 
 1.893320e+01 -7.374313e-01 
 1.893353e+01 -7.471899e-01 
 1.893385e+01 -7.581276e-01 
 1.893417e+01 -7.705047e-01 
 1.893450e+01 -7.813016e-01 
 1.893482e+01 -7.911720e-01 
 1.893514e+01 -8.018447e-01 
 1.893547e+01 -8.087623e-01 
 1.893579e+01 -8.126082e-01 
 1.893611e+01 -8.171596e-01 
 1.893643e+01 -8.222965e-01 
 1.893676e+01 -8.260565e-01 
 1.893708e+01 -8.294887e-01 
 1.893740e+01 -8.325308e-01 
 1.893773e+01 -8.358002e-01 
 1.893805e+01 -8.444218e-01 
 1.893837e+01 -8.455685e-01 
 1.893870e+01 -8.452315e-01 
 1.893902e+01 -8.463852e-01 
 1.893934e+01 -8.440457e-01 
 1.893966e+01 -8.407228e-01 
 1.893999e+01 -8.341561e-01 
 1.894031e+01 -8.297727e-01 
 1.894063e+01 -8.218245e-01 
 1.894096e+01 -8.161259e-01 
 1.894128e+01 -8.093783e-01 
 1.894160e+01 -8.047322e-01 
 1.894193e+01 -8.025652e-01 
 1.894225e+01 -8.026414e-01 
 1.894257e+01 -8.010590e-01 
 1.894289e+01 -8.061873e-01 
 1.894322e+01 -8.067555e-01 
 1.894354e+01 -8.054774e-01 
 1.894386e+01 -8.034840e-01 
 1.894419e+01 -8.019229e-01 
 1.894451e+01 -8.021350e-01 
 1.894483e+01 -8.045098e-01 
 1.894515e+01 -8.075678e-01 
 1.894548e+01 -8.124274e-01 
 1.894580e+01 -8.181162e-01 
 1.894612e+01 -8.261537e-01 
 1.894645e+01 -8.383264e-01 
 1.894677e+01 -8.544200e-01 
 1.894709e+01 -8.707942e-01 
 1.894742e+01 -8.870957e-01 
 1.894774e+01 -9.036228e-01 
 1.894806e+01 -9.211767e-01 
 1.894838e+01 -9.365106e-01 
 1.894871e+01 -9.514643e-01 
 1.894903e+01 -9.655780e-01 
 1.894935e+01 -9.795027e-01 
 1.894968e+01 -9.943066e-01 
 1.895000e+01 -1.010361e+00 
 1.895032e+01 -1.026800e+00 
 1.895065e+01 -1.042048e+00 
 1.895097e+01 -1.055230e+00 
 1.895129e+01 -1.067786e+00 
 1.895161e+01 -1.078084e+00 
 1.895194e+01 -1.086895e+00 
 1.895226e+01 -1.094733e+00 
 1.895258e+01 -1.100157e+00 
 1.895291e+01 -1.105659e+00 
 1.895323e+01 -1.110223e+00 
 1.895355e+01 -1.114470e+00 
 1.895388e+01 -1.116767e+00 
 1.895420e+01 -1.118621e+00 
 1.895452e+01 -1.120937e+00 
 1.895484e+01 -1.121906e+00 
 1.895517e+01 -1.122272e+00 
 1.895549e+01 -1.123021e+00 
 1.895581e+01 -1.122190e+00 
 1.895614e+01 -1.121068e+00 
 1.895646e+01 -1.118282e+00 
 1.895678e+01 -1.117032e+00 
 1.895711e+01 -1.118048e+00 
 1.895743e+01 -1.119831e+00 
 1.895775e+01 -1.124581e+00 
 1.895807e+01 -1.130869e+00 
 1.895840e+01 -1.138997e+00 
 1.895872e+01 -1.148282e+00 
 1.895904e+01 -1.158681e+00 
 1.895937e+01 -1.170794e+00 
 1.895969e+01 -1.184049e+00 
 1.896001e+01 -1.197837e+00 
 1.896034e+01 -1.212130e+00 
 1.896066e+01 -1.225426e+00 
 1.896098e+01 -1.239777e+00 
 1.896130e+01 -1.252012e+00 
 1.896163e+01 -1.263360e+00 
 1.896195e+01 -1.278061e+00 
 1.896227e+01 -1.293762e+00 
 1.896260e+01 -1.310369e+00 
 1.896292e+01 -1.324820e+00 
 1.896324e+01 -1.337742e+00 
 1.896357e+01 -1.348692e+00 
 1.896389e+01 -1.356988e+00 
 1.896421e+01 -1.355207e+00 
 1.896453e+01 -1.350316e+00 
 1.896486e+01 -1.342974e+00 
 1.896518e+01 -1.334676e+00 
 1.896550e+01 -1.325362e+00 
 1.896583e+01 -1.314856e+00 
 1.896615e+01 -1.302814e+00 
 1.896647e+01 -1.285347e+00 
 1.896680e+01 -1.270581e+00 
 1.896712e+01 -1.264955e+00 
 1.896744e+01 -1.248942e+00 
 1.896776e+01 -1.228978e+00 
 1.896809e+01 -1.206130e+00 
 1.896841e+01 -1.181057e+00 
 1.896873e+01 -1.154428e+00 
 1.896906e+01 -1.126072e+00 
 1.896938e+01 -1.097369e+00 
 1.896970e+01 -1.117423e+00 
 1.897003e+01 -1.146437e+00 
 1.897035e+01 -1.132079e+00 
 1.897067e+01 -1.120861e+00 
 1.897099e+01 -1.112759e+00 
 1.897132e+01 -1.103354e+00 
 1.897164e+01 -1.088812e+00 
 1.897196e+01 -1.071889e+00 
 1.897229e+01 -1.054954e+00 
 1.897261e+01 -1.032472e+00 
 1.897293e+01 -1.006085e+00 
 1.897325e+01 -9.781523e-01 
 1.897358e+01 -9.514042e-01 
 1.897390e+01 -9.235522e-01 
 1.897422e+01 -9.019086e-01 
 1.897455e+01 -8.839304e-01 
 1.897487e+01 -8.692674e-01 
 1.897519e+01 -8.587430e-01 
 1.897552e+01 -8.488401e-01 
 1.897584e+01 -8.383325e-01 
 1.897616e+01 -8.248831e-01 
 1.897648e+01 -8.045811e-01 
 1.897681e+01 -7.803577e-01 
 1.897713e+01 -7.556849e-01 
 1.897745e+01 -7.306681e-01 
 1.897778e+01 -7.098847e-01 
 1.897810e+01 -6.942483e-01 
 1.897842e+01 -6.948519e-01 
 1.897875e+01 -6.894151e-01 
 1.897907e+01 -6.880055e-01 
 1.897939e+01 -6.891618e-01 
 1.897971e+01 -6.950386e-01 
 1.898004e+01 -6.987510e-01 
 1.898036e+01 -6.861971e-01 
 1.898068e+01 -6.680636e-01 
 1.898101e+01 -6.481180e-01 
 1.898133e+01 -6.254693e-01 
 1.898165e+01 -5.981671e-01 
 1.898198e+01 -5.715953e-01 
 1.898230e+01 -5.500939e-01 
 1.898262e+01 -6.329777e-01 
 1.898294e+01 -6.381478e-01 
 1.898327e+01 -6.447318e-01 
 1.898359e+01 -6.507498e-01 
 1.898391e+01 -6.546100e-01 
 1.898424e+01 -6.567632e-01 
 1.898456e+01 -6.548526e-01 
 1.898488e+01 -6.500372e-01 
 1.898521e+01 -6.427357e-01 
 1.898553e+01 -6.353227e-01 
 1.898585e+01 -6.304873e-01 
 1.898617e+01 -6.269548e-01 
 1.898650e+01 -6.166593e-01 
 1.898682e+01 -6.050414e-01 
 1.898714e+01 -5.956945e-01 
 1.898747e+01 -5.928144e-01 
 1.898779e+01 -5.932798e-01 
 1.898811e+01 -6.107197e-01 
 1.898844e+01 -6.144710e-01 
 1.898876e+01 -6.321006e-01 
 1.898908e+01 -6.340729e-01 
 1.898940e+01 -6.340606e-01 
 1.898973e+01 -6.322262e-01 
 1.899005e+01 -6.236810e-01 
 1.899037e+01 -6.152303e-01 
 1.899070e+01 -6.104046e-01 
 1.899102e+01 -6.122385e-01 
 1.899134e+01 -6.098620e-01 
 1.899167e+01 -6.000761e-01 
 1.899199e+01 -6.461977e-01 
 1.899231e+01 -6.379062e-01 
 1.899263e+01 -6.281418e-01 
 1.899296e+01 -6.174711e-01 
 1.899328e+01 -6.097340e-01 
 1.899360e+01 -6.024946e-01 
 1.899393e+01 -5.924063e-01 
 1.899425e+01 -5.813976e-01 
 1.899457e+01 -5.683829e-01 
 1.899490e+01 -5.518323e-01 
 1.899522e+01 -5.306341e-01 
 1.899554e+01 -5.036058e-01 
 1.899586e+01 -4.762261e-01 
 1.899619e+01 -4.442351e-01 
 1.899651e+01 -3.994422e-01 
 1.899683e+01 -3.557263e-01 
 1.899716e+01 -3.181438e-01 
 1.899748e+01 -2.898378e-01 
 1.899780e+01 -2.691122e-01 
 1.899812e+01 -2.534876e-01 
 1.899845e+01 -2.401838e-01 
 1.899877e+01 -2.245511e-01 
 1.899909e+01 -2.081350e-01 
 1.899942e+01 -1.914156e-01 
 1.899974e+01 -1.689567e-01 
 1.900006e+01 -1.522806e-01 
 1.900039e+01 -1.328080e-01 
 1.900071e+01 -1.179037e-01 
 1.900103e+01 -1.076504e-01 
 1.900135e+01 -8.905741e-02 
 1.900168e+01 -6.297798e-02 
 1.900200e+01 -3.853601e-02 
 1.900232e+01 -1.717637e-02 
 1.900265e+01 -1.190747e-02 
 1.900297e+01  2.871278e-03 
 1.900329e+01  1.883103e-02 
 1.900362e+01  4.395871e-02 
 1.900394e+01  7.016716e-02 
 1.900426e+01  9.829615e-02 
 1.900458e+01  1.309396e-01 
 1.900491e+01  1.075482e-01 
 1.900523e+01  1.402711e-01 
 1.900555e+01  1.678292e-01 
 1.900588e+01  2.023258e-01 
 1.900620e+01  2.517494e-01 
 1.900652e+01  3.015677e-01 
 1.900685e+01  3.566810e-01 
 1.900717e+01  4.033092e-01 
 1.900749e+01  4.498567e-01 
 1.900781e+01  4.850623e-01 
 1.900814e+01  5.187409e-01 
 1.900846e+01  5.237491e-01 
 1.900878e+01  5.490210e-01 
 1.900911e+01  5.722912e-01 
 1.900943e+01  5.930219e-01 
 1.900975e+01  6.172733e-01 
 1.901008e+01  6.371883e-01 
 1.901040e+01  6.573176e-01 
 1.901072e+01  6.753130e-01 
 1.901104e+01  6.858859e-01 
 1.901137e+01  7.071205e-01 
 1.901169e+01  7.339242e-01 
 1.901201e+01  7.612385e-01 
 1.901234e+01  7.790185e-01 
 1.901266e+01  7.874136e-01 
 1.901298e+01  7.893700e-01 
 1.901331e+01  7.728247e-01 
 1.901363e+01  7.504408e-01 
 1.901395e+01  7.425642e-01 
 1.901427e+01  7.396359e-01 
 1.901460e+01  7.416448e-01 
 1.901492e+01  7.534222e-01 
 1.901524e+01  7.595554e-01 
 1.901557e+01  7.783942e-01 
 1.901589e+01  7.919815e-01 
 1.901621e+01  8.073905e-01 
 1.901654e+01  8.308532e-01 
 1.901686e+01  8.633974e-01 
 1.901718e+01  8.974844e-01 
 1.901750e+01  9.192968e-01 
 1.901783e+01  9.406345e-01 
 1.901815e+01  9.655659e-01 
 1.901847e+01  9.877191e-01 
 1.901880e+01  1.020525e+00 
 1.901912e+01  1.061511e+00 
 1.901944e+01  1.103646e+00 
 1.901977e+01  1.146520e+00 
 1.902009e+01  1.188781e+00 
 1.902041e+01  1.231765e+00 
 1.902073e+01  1.264828e+00 
 1.902106e+01  1.300054e+00 
 1.902138e+01  1.341345e+00 
 1.902170e+01  1.389446e+00 
 1.902203e+01  1.433978e+00 
 1.902235e+01  1.487875e+00 
 1.902267e+01  1.533910e+00 
 1.902300e+01  1.574172e+00 
 1.902332e+01  1.606318e+00 
 1.902364e+01  1.640435e+00 
 1.902396e+01  1.664719e+00 
 1.902429e+01  1.635208e+00 
 1.902461e+01  1.658075e+00 
 1.902493e+01  1.694754e+00 
 1.902526e+01  1.712218e+00 
 1.902558e+01  1.750999e+00 
 1.902590e+01  1.781327e+00 
 1.902622e+01  1.802986e+00 
 1.902654e+01  1.817533e+00 
 1.902686e+01  1.847035e+00 
 1.902719e+01  1.875518e+00 
 1.902751e+01  1.903185e+00 
 1.902783e+01  1.938105e+00 
 1.902815e+01  1.959565e+00 
 1.902847e+01  1.973406e+00 
 1.902879e+01  1.986374e+00 
 1.902911e+01  2.006677e+00 
 1.902944e+01  2.011088e+00 
 1.902976e+01  2.018901e+00 
 1.903008e+01  2.023484e+00 
 1.903040e+01  2.034305e+00 
 1.903072e+01  2.042579e+00 
 1.903104e+01  2.047601e+00 
 1.903137e+01  2.032315e+00 
 1.903169e+01  2.021279e+00 
 1.903201e+01  2.002772e+00 
 1.903233e+01  1.978905e+00 
 1.903265e+01  1.964499e+00 
 1.903297e+01  1.949857e+00 
 1.903329e+01  1.907598e+00 
 1.903362e+01  1.889357e+00 
 1.903394e+01  1.874704e+00 
 1.903426e+01  1.867793e+00 
 1.903458e+01  1.867030e+00 
 1.903490e+01  1.868523e+00 
 1.903523e+01  1.868260e+00 
 1.903555e+01  1.867909e+00 
 1.903587e+01  1.874381e+00 
 1.903619e+01  1.864233e+00 
 1.903652e+01  1.848454e+00 
 1.903684e+01  1.825795e+00 
 1.903716e+01  1.813598e+00 
 1.903749e+01  1.804678e+00 
 1.903781e+01  1.799798e+00 
 1.903813e+01  1.787959e+00 
 1.903846e+01  1.776217e+00 
 1.903878e+01  1.764293e+00 
 1.903910e+01  1.754657e+00 
 1.903942e+01  1.752237e+00 
 1.903975e+01  1.747447e+00 
 1.904007e+01  1.742093e+00 
 1.904039e+01  1.739277e+00 
 1.904072e+01  1.741481e+00 
 1.904104e+01  1.742960e+00 
 1.904136e+01  1.735905e+00 
 1.904169e+01  1.713249e+00 
 1.904201e+01  1.685145e+00 
 1.904233e+01  1.655877e+00 
 1.904265e+01  1.633566e+00 
 1.904298e+01  1.605498e+00 
 1.904330e+01  1.578836e+00 
 1.904362e+01  1.545984e+00 
 1.904395e+01  1.514091e+00 
 1.904427e+01  1.485357e+00 
 1.904459e+01  1.460198e+00 
 1.904492e+01  1.434922e+00 
 1.904524e+01  1.407786e+00 
 1.904556e+01  1.374998e+00 
 1.904588e+01  1.343585e+00 
 1.904621e+01  1.294848e+00 
 1.904653e+01  1.246690e+00 
 1.904685e+01  1.194335e+00 
 1.904718e+01  1.144844e+00 
 1.904750e+01  1.116306e+00 
 1.904782e+01  1.085780e+00 
 1.904814e+01  1.056668e+00 
 1.904847e+01  1.041012e+00 
 1.904879e+01  1.023775e+00 
 1.904911e+01  1.011585e+00 
 1.904943e+01  1.004040e+00 
 1.904975e+01  1.001053e+00 
 1.905007e+01  9.961446e-01 
 1.905039e+01  9.880162e-01 
 1.905072e+01  9.834746e-01 
 1.905104e+01  9.792303e-01 
 1.905136e+01  9.672297e-01 
 1.905168e+01  9.461122e-01 
 1.905200e+01  8.715063e-01 
 1.905232e+01  8.397644e-01 
 1.905265e+01  8.139894e-01 
 1.905297e+01  7.896073e-01 
 1.905329e+01  7.739171e-01 
 1.905361e+01  7.511543e-01 
 1.905393e+01  7.191106e-01 
 1.905425e+01  6.847420e-01 
 1.905458e+01  6.521761e-01 
 1.905490e+01  6.136964e-01 
 1.905522e+01  5.690329e-01 
 1.905554e+01  5.181936e-01 
 1.905587e+01  4.620365e-01 
 1.905619e+01  4.033972e-01 
 1.905651e+01  3.382474e-01 
 1.905684e+01  2.735736e-01 
 1.905716e+01  2.045087e-01 
 1.905748e+01  1.438591e-01 
 1.905781e+01  9.098594e-02 
 1.905813e+01  2.816611e-03 
 1.905845e+01 -4.149874e-02 
 1.905877e+01 -8.735164e-02 
 1.905910e+01 -1.327596e-01 
 1.905942e+01 -1.790850e-01 
 1.905974e+01 -2.237518e-01 
 1.906007e+01 -2.652767e-01 
 1.906039e+01 -3.067239e-01 
 1.906071e+01 -3.483969e-01 
 1.906104e+01 -3.885303e-01 
 1.906136e+01 -4.274185e-01 
 1.906168e+01 -4.672580e-01 
 1.906200e+01 -5.047824e-01 
 1.906233e+01 -5.398494e-01 
 1.906265e+01 -5.647791e-01 
 1.906297e+01 -5.787766e-01 
 1.906330e+01 -5.838837e-01 
 1.906362e+01 -5.915453e-01 
 1.906394e+01 -6.008016e-01 
 1.906427e+01 -6.126818e-01 
 1.906459e+01 -6.319505e-01 
 1.906491e+01 -6.565995e-01 
 1.906523e+01 -6.777560e-01 
 1.906556e+01 -7.092361e-01 
 1.906588e+01 -7.420625e-01 
 1.906620e+01 -7.721465e-01 
 1.906653e+01 -8.046945e-01 
 1.906685e+01 -8.387754e-01 
 1.906717e+01 -8.692926e-01 
 1.906750e+01 -8.944383e-01 
 1.906782e+01 -9.187646e-01 
 1.906814e+01 -9.363231e-01 
 1.906846e+01 -9.525458e-01 
 1.906879e+01 -9.695698e-01 
 1.906911e+01 -9.889222e-01 
 1.906943e+01 -1.016137e+00 
 1.906976e+01 -1.042451e+00 
 1.907008e+01 -1.066043e+00 
 1.907040e+01 -1.090442e+00 
 1.907073e+01 -1.116160e+00 
 1.907105e+01 -1.142389e+00 
 1.907137e+01 -1.161909e+00 
 1.907169e+01 -1.182667e+00 
 1.907202e+01 -1.198119e+00 
 1.907234e+01 -1.214846e+00 
 1.907266e+01 -1.230020e+00 
 1.907299e+01 -1.238818e+00 
 1.907331e+01 -1.240718e+00 
 1.907363e+01 -1.239391e+00 
 1.907396e+01 -1.242209e+00 
 1.907428e+01 -1.253237e+00 
 1.907460e+01 -1.264793e+00 
 1.907492e+01 -1.279365e+00 
 1.907525e+01 -1.288016e+00 
 1.907557e+01 -1.293374e+00 
 1.907589e+01 -1.295979e+00 
 1.907622e+01 -1.291244e+00 
 1.907654e+01 -1.279248e+00 
 1.907686e+01 -1.272376e+00 
 1.907719e+01 -1.261804e+00 
 1.907751e+01 -1.249065e+00 
 1.907783e+01 -1.247049e+00 
 1.907815e+01 -1.246256e+00 
 1.907848e+01 -1.246989e+00 
 1.907880e+01 -1.244193e+00 
 1.907912e+01 -1.241547e+00 
 1.907945e+01 -1.247555e+00 
 1.907977e+01 -1.249458e+00 
 1.908009e+01 -1.246620e+00 
 1.908042e+01 -1.243864e+00 
 1.908074e+01 -1.236856e+00 
 1.908106e+01 -1.232518e+00 
 1.908138e+01 -1.225707e+00 
 1.908171e+01 -1.216761e+00 
 1.908203e+01 -1.210669e+00 
 1.908235e+01 -1.203848e+00 
 1.908268e+01 -1.200960e+00 
 1.908300e+01 -1.202144e+00 
 1.908332e+01 -1.201434e+00 
 1.908364e+01 -1.198524e+00 
 1.908397e+01 -1.196160e+00 
 1.908429e+01 -1.199174e+00 
 1.908461e+01 -1.199088e+00 
 1.908494e+01 -1.197273e+00 
 1.908526e+01 -1.193514e+00 
 1.908558e+01 -1.187530e+00 
 1.908591e+01 -1.178734e+00 
 1.908623e+01 -1.164372e+00 
 1.908655e+01 -1.151027e+00 
 1.908687e+01 -1.137245e+00 
 1.908720e+01 -1.124494e+00 
 1.908752e+01 -1.102778e+00 
 1.908784e+01 -1.081391e+00 
 1.908817e+01 -1.060726e+00 
 1.908849e+01 -1.030505e+00 
 1.908881e+01 -9.970805e-01 
 1.908914e+01 -9.675861e-01 
 1.908946e+01 -9.340427e-01 
 1.908978e+01 -9.120089e-01 
 1.909010e+01 -8.938934e-01 
 1.909043e+01 -8.706276e-01 
 1.909075e+01 -8.489885e-01 
 1.909107e+01 -8.221907e-01 
 1.909140e+01 -7.974456e-01 
 1.909172e+01 -7.648804e-01 
 1.909204e+01 -7.345612e-01 
 1.909237e+01 -7.044166e-01 
 1.909269e+01 -6.751700e-01 
 1.909301e+01 -6.505435e-01 
 1.909333e+01 -6.267492e-01 
 1.909366e+01 -6.082414e-01 
 1.909398e+01 -5.895401e-01 
 1.909430e+01 -5.808723e-01 
 1.909463e+01 -5.753681e-01 
 1.909495e+01 -5.759157e-01 
 1.909527e+01 -5.725114e-01 
 1.909560e+01 -5.687883e-01 
 1.909592e+01 -5.551551e-01 
 1.909624e+01 -5.404790e-01 
 1.909656e+01 -5.277754e-01 
 1.909689e+01 -5.111260e-01 
 1.909721e+01 -4.935073e-01 
 1.909753e+01 -4.809337e-01 
 1.909786e+01 -4.714925e-01 
 1.909818e+01 -4.657872e-01 
 1.909850e+01 -4.604683e-01 
 1.909883e+01 -4.500356e-01 
 1.909915e+01 -4.361074e-01 
 1.909947e+01 -4.214037e-01 
 1.909979e+01 -4.096553e-01 
 1.910012e+01 -3.912540e-01 
 1.910044e+01 -3.703264e-01 
 1.910076e+01 -3.452263e-01 
 1.910109e+01 -3.141271e-01 
 1.910141e+01 -2.774518e-01 
 1.910173e+01 -2.433091e-01 
 1.910206e+01 -2.047701e-01 
 1.910238e+01 -1.670489e-01 
 1.910270e+01 -1.323138e-01 
 1.910302e+01 -1.021876e-01 
 1.910335e+01 -7.582380e-02 
 1.910367e+01 -4.645390e-02 
 1.910399e+01 -1.590592e-02 
 1.910432e+01  1.695452e-02 
 1.910464e+01  6.142617e-02 
 1.910496e+01  1.037647e-01 
 1.910529e+01  1.415197e-01 
 1.910561e+01  1.820162e-01 
 1.910593e+01  2.245699e-01 
 1.910625e+01  2.635956e-01 
 1.910658e+01  3.041176e-01 
 1.910690e+01  3.420798e-01 
 1.910722e+01  3.762810e-01 
 1.910755e+01  4.073091e-01 
 1.910787e+01  4.323545e-01 
 1.910819e+01  4.554101e-01 
 1.910852e+01  4.778332e-01 
 1.910884e+01  5.051789e-01 
 1.910916e+01  5.467591e-01 
 1.910948e+01  5.837578e-01 
 1.910981e+01  6.238370e-01 
 1.911013e+01  6.584570e-01 
 1.911045e+01  6.931919e-01 
 1.911078e+01  7.280115e-01 
 1.911110e+01  7.611722e-01 
 1.911142e+01  7.998463e-01 
 1.911175e+01  8.386833e-01 
 1.911207e+01  8.687167e-01 
 1.911239e+01  8.926530e-01 
 1.911271e+01  9.093095e-01 
 1.911304e+01  9.216762e-01 
 1.911336e+01  9.330758e-01 
 1.911368e+01  9.433050e-01 
 1.911401e+01  9.558969e-01 
 1.911433e+01  9.733025e-01 
 1.911465e+01  9.903019e-01 
 1.911498e+01  1.006219e+00 
 1.911530e+01  1.021098e+00 
 1.911562e+01  1.034490e+00 
 1.911594e+01  1.045317e+00 
 1.911627e+01  1.055979e+00 
 1.911659e+01  1.069661e+00 
 1.911691e+01  1.081145e+00 
 1.911724e+01  1.084515e+00 
 1.911756e+01  1.084797e+00 
 1.911788e+01  1.091387e+00 
 1.911820e+01  1.091057e+00 
 1.911853e+01  1.090097e+00 
 1.911885e+01  1.091361e+00 
 1.911917e+01  1.090695e+00 
 1.911949e+01  1.090105e+00 
 1.911982e+01  1.089438e+00 
 1.912014e+01  1.100448e+00 
 1.912046e+01  1.111591e+00 
 1.912078e+01  1.102296e+00 
 1.912110e+01  1.096332e+00 
 1.912142e+01  1.087911e+00 
 1.912174e+01  1.075532e+00 
 1.912207e+01  1.064037e+00 
 1.912239e+01  1.035681e+00 
 1.912271e+01  9.994232e-01 
 1.912303e+01  9.626698e-01 
 1.912335e+01  9.230568e-01 
 1.912367e+01  8.787006e-01 
 1.912400e+01  8.340851e-01 
 1.912432e+01  7.879720e-01 
 1.912464e+01  7.418416e-01 
 1.912496e+01  7.008087e-01 
 1.912528e+01  6.598963e-01 
 1.912560e+01  6.206590e-01 
 1.912593e+01  5.790665e-01 
 1.912625e+01  5.326959e-01 
 1.912657e+01  4.894133e-01 
 1.912689e+01  4.503531e-01 
 1.912721e+01  4.099527e-01 
 1.912753e+01  4.428887e-01 
 1.912785e+01  3.857634e-01 
 1.912818e+01  3.444236e-01 
 1.912850e+01  3.041509e-01 
 1.912882e+01  2.645862e-01 
 1.912914e+01  2.362705e-01 
 1.912947e+01  2.051823e-01 
 1.912979e+01  1.792610e-01 
 1.913011e+01  1.615850e-01 
 1.913044e+01  1.575688e-01 
 1.913076e+01  1.569035e-01 
 1.913108e+01  1.518432e-01 
 1.913140e+01  1.495578e-01 
 1.913173e+01  1.491874e-01 
 1.913205e+01  1.454413e-01 
 1.913237e+01  1.404146e-01 
 1.913270e+01  1.319654e-01 
 1.913302e+01  1.303654e-01 
 1.913334e+01  1.234346e-01 
 1.913367e+01  1.191667e-01 
 1.913399e+01  1.280044e-01 
 1.913431e+01  1.303355e-01 
 1.913463e+01  1.283493e-01 
 1.913496e+01  1.245660e-01 
 1.913528e+01  1.231849e-01 
 1.913560e+01  1.155625e-01 
 1.913593e+01  1.008017e-01 
 1.913625e+01  8.800881e-02 
 1.913657e+01  7.433446e-02 
 1.913690e+01  5.962470e-02 
 1.913722e+01  5.026332e-02 
 1.913754e+01  3.979069e-02 
 1.913786e+01  2.605092e-02 
 1.913819e+01  6.476390e-03 
 1.913851e+01 -1.518493e-02 
 1.913883e+01 -4.172738e-02 
 1.913916e+01 -6.649812e-02 
 1.913948e+01 -9.778042e-02 
 1.913980e+01 -1.253990e-01 
 1.914013e+01 -1.592761e-01 
 1.914045e+01 -1.861832e-01 
 1.914077e+01 -2.126212e-01 
 1.914109e+01 -2.423654e-01 
 1.914142e+01 -2.261497e-01 
 1.914174e+01 -2.449534e-01 
 1.914206e+01 -2.597256e-01 
 1.914239e+01 -2.716499e-01 
 1.914271e+01 -2.857476e-01 
 1.914303e+01 -3.011768e-01 
 1.914336e+01 -3.182897e-01 
 1.914368e+01 -3.285405e-01 
 1.914400e+01 -3.409917e-01 
 1.914432e+01 -3.572629e-01 
 1.914465e+01 -3.741248e-01 
 1.914497e+01 -3.849603e-01 
 1.914529e+01 -3.902583e-01 
 1.914562e+01 -3.872115e-01 
 1.914594e+01 -3.952003e-01 
 1.914626e+01 -4.075081e-01 
 1.914659e+01 -4.245882e-01 
 1.914691e+01 -4.512216e-01 
 1.914723e+01 -4.706513e-01 
 1.914755e+01 -4.793052e-01 
 1.914788e+01 -5.105962e-01 
 1.914820e+01 -5.533608e-01 
 1.914852e+01 -5.876405e-01 
 1.914884e+01 -6.160376e-01 
 1.914916e+01 -6.312134e-01 
 1.914948e+01 -6.451026e-01 
 1.914981e+01 -6.582101e-01 
 1.915013e+01 -6.737955e-01 
 1.915045e+01 -6.874494e-01 
 1.915077e+01 -6.965400e-01 
 1.915109e+01 -7.072253e-01 
 1.915141e+01 -7.327007e-01 
 1.915174e+01 -7.484527e-01 
 1.915206e+01 -7.609522e-01 
 1.915238e+01 -7.781621e-01 
 1.915270e+01 -7.824430e-01 
 1.915302e+01 -7.729340e-01 
 1.915334e+01 -7.594019e-01 
 1.915366e+01 -7.494872e-01 
 1.915399e+01 -7.328433e-01 
 1.915431e+01 -7.033408e-01 
 1.915463e+01 -6.779846e-01 
 1.915495e+01 -6.474279e-01 
 1.915528e+01 -6.230084e-01 
 1.915560e+01 -5.947780e-01 
 1.915592e+01 -5.662465e-01 
 1.915625e+01 -5.419078e-01 
 1.915657e+01 -5.236982e-01 
 1.915689e+01 -5.007109e-01 
 1.915721e+01 -4.371109e-01 
 1.915754e+01 -3.861188e-01 
 1.915786e+01 -3.499437e-01 
 1.915818e+01 -3.247467e-01 
 1.915851e+01 -3.012687e-01 
 1.915883e+01 -2.803033e-01 
 1.915915e+01 -2.599134e-01 
 1.915948e+01 -2.389926e-01 
 1.915980e+01 -2.021395e-01 
 1.916012e+01 -1.740656e-01 
 1.916044e+01 -1.524863e-01 
 1.916077e+01 -1.334150e-01 
 1.916109e+01 -3.400267e-02 
 1.916141e+01 -1.416004e-02 
 1.916174e+01  7.895700e-03 
 1.916206e+01  3.096858e-02 
 1.916238e+01  6.417513e-02 
 1.916271e+01  9.836413e-02 
 1.916303e+01  1.280669e-01 
 1.916335e+01  1.498006e-01 
 1.916367e+01  1.599366e-01 
 1.916400e+01  1.559441e-01 
 1.916432e+01  1.472199e-01 
 1.916464e+01  1.427122e-01 
 1.916497e+01  1.391547e-01 
 1.916529e+01  1.410604e-01 
 1.916561e+01  1.411271e-01 
 1.916594e+01  1.504882e-01 
 1.916626e+01  1.627449e-01 
 1.916658e+01  1.764227e-01 
 1.916690e+01  1.748873e-01 
 1.916723e+01  1.731902e-01 
 1.916755e+01  1.741016e-01 
 1.916787e+01  1.677004e-01 
 1.916820e+01  1.626589e-01 
 1.916852e+01  1.526827e-01 
 1.916884e+01  1.377537e-01 
 1.916917e+01  1.275602e-01 
 1.916949e+01  1.406455e-01 
 1.916981e+01  1.413048e-01 
 1.917013e+01  1.398251e-01 
 1.917046e+01  1.252844e-01 
 1.917078e+01  1.071458e-01 
 1.917110e+01  8.465537e-02 
 1.917143e+01  6.149905e-02 
 1.917175e+01  8.241482e-02 
 1.917207e+01  3.260605e-02 
 1.917240e+01 -6.093110e-03 
 1.917272e+01 -4.527838e-02 
 1.917304e+01 -8.655295e-02 
 1.917336e+01 -1.166221e-01 
 1.917369e+01 -1.574211e-01 
 1.917401e+01 -1.957744e-01 
 1.917433e+01 -2.282554e-01 
 1.917466e+01 -2.626323e-01 
 1.917498e+01 -2.920126e-01 
 1.917530e+01 -3.331656e-01 
 1.917563e+01 -3.645344e-01 
 1.917595e+01 -4.081074e-01 
 1.917627e+01 -4.559408e-01 
 1.917659e+01 -4.995305e-01 
 1.917692e+01 -5.371609e-01 
 1.917724e+01 -5.763218e-01 
 1.917756e+01 -5.999343e-01 
 1.917789e+01 -6.114679e-01 
 1.917821e+01 -6.160153e-01 
 1.917853e+01 -6.184853e-01 
 1.917886e+01 -6.287458e-01 
 1.917918e+01 -6.346093e-01 
 1.917950e+01 -6.548301e-01 
 1.917982e+01 -6.767663e-01 
 1.918015e+01 -7.022295e-01 
 1.918047e+01 -7.297127e-01 
 1.918079e+01 -7.591084e-01 
 1.918112e+01 -7.797194e-01 
 1.918144e+01 -7.921902e-01 
 1.918176e+01 -8.012178e-01 
 1.918209e+01 -8.056843e-01 
 1.918241e+01 -8.134439e-01 
 1.918273e+01 -8.188479e-01 
 1.918305e+01 -8.317945e-01 
 1.918338e+01 -8.435874e-01 
 1.918370e+01 -8.643240e-01 
 1.918402e+01 -8.829594e-01 
 1.918435e+01 -8.924552e-01 
 1.918467e+01 -9.202623e-01 
 1.918499e+01 -9.451035e-01 
 1.918532e+01 -9.622935e-01 
 1.918564e+01 -9.770364e-01 
 1.918596e+01 -1.002320e+00 
 1.918628e+01 -1.030377e+00 
 1.918661e+01 -1.054320e+00 
 1.918693e+01 -1.082063e+00 
 1.918725e+01 -1.059636e+00 
 1.918758e+01 -1.028460e+00 
 1.918790e+01 -1.043402e+00 
 1.918822e+01 -1.039687e+00 
 1.918855e+01 -1.040626e+00 
 1.918887e+01 -1.053546e+00 
 1.918919e+01 -1.068754e+00 
 1.918951e+01 -1.100950e+00 
 1.918984e+01 -1.130924e+00 
 1.919016e+01 -1.155454e+00 
 1.919048e+01 -1.172435e+00 
 1.919081e+01 -1.200286e+00 
 1.919113e+01 -1.104831e+00 
 1.919145e+01 -1.108096e+00 
 1.919178e+01 -1.113776e+00 
 1.919210e+01 -1.113433e+00 
 1.919242e+01 -1.115288e+00 
 1.919274e+01 -1.120836e+00 
 1.919307e+01 -1.124735e+00 
 1.919339e+01 -1.130417e+00 
 1.919371e+01 -1.139272e+00 
 1.919404e+01 -1.152900e+00 
 1.919436e+01 -1.171885e+00 
 1.919468e+01 -1.195046e+00 
 1.919501e+01 -1.224720e+00 
 1.919533e+01 -1.245031e+00 
 1.919565e+01 -1.257943e+00 
 1.919597e+01 -1.267842e+00 
 1.919630e+01 -1.276864e+00 
 1.919662e+01 -1.281883e+00 
 1.919694e+01 -1.285443e+00 
 1.919727e+01 -1.289172e+00 
 1.919759e+01 -1.298865e+00 
 1.919791e+01 -1.316673e+00 
 1.919824e+01 -1.339542e+00 
 1.919856e+01 -1.359633e+00 
 1.919888e+01 -1.384933e+00 
 1.919920e+01 -1.405158e+00 
 1.919953e+01 -1.414554e+00 
 1.919985e+01 -1.423195e+00 
 1.920017e+01 -1.435877e+00 
 1.920050e+01 -1.436517e+00 
 1.920082e+01 -1.431827e+00 
 1.920114e+01 -1.438063e+00 
 1.920147e+01 -1.443178e+00 
 1.920179e+01 -1.448484e+00 
 1.920211e+01 -1.456201e+00 
 1.920243e+01 -1.457024e+00 
 1.920276e+01 -1.461791e+00 
 1.920308e+01 -1.461848e+00 
 1.920340e+01 -1.459895e+00 
 1.920373e+01 -1.457765e+00 
 1.920405e+01 -1.444137e+00 
 1.920437e+01 -1.431161e+00 
 1.920469e+01 -1.419407e+00 
 1.920502e+01 -1.393870e+00 
 1.920534e+01 -1.379713e+00 
 1.920566e+01 -1.365407e+00 
 1.920599e+01 -1.347622e+00 
 1.920631e+01 -1.332923e+00 
 1.920663e+01 -1.319003e+00 
 1.920696e+01 -1.300628e+00 
 1.920728e+01 -1.274289e+00 
 1.920760e+01 -1.240140e+00 
 1.920792e+01 -1.209423e+00 
 1.920825e+01 -1.176324e+00 
 1.920857e+01 -1.140068e+00 
 1.920889e+01 -1.110668e+00 
 1.920922e+01 -1.068110e+00 
 1.920954e+01 -1.037931e+00 
 1.920986e+01 -1.017635e+00 
 1.921019e+01 -9.951915e-01 
 1.921051e+01 -9.645785e-01 
 1.921083e+01 -9.264958e-01 
 1.921115e+01 -8.918770e-01 
 1.921148e+01 -8.563322e-01 
 1.921180e+01 -8.243897e-01 
 1.921212e+01 -7.909000e-01 
 1.921245e+01 -7.510403e-01 
 1.921277e+01 -7.188783e-01 
 1.921309e+01 -6.870513e-01 
 1.921342e+01 -6.543720e-01 
 1.921374e+01 -6.310447e-01 
 1.921406e+01 -6.124210e-01 
 1.921438e+01 -5.957136e-01 
 1.921471e+01 -5.759022e-01 
 1.921503e+01 -5.608397e-01 
 1.921535e+01 -5.537112e-01 
 1.921568e+01 -5.340508e-01 
 1.921600e+01 -5.172310e-01 
 1.921632e+01 -5.037453e-01 
 1.921665e+01 -4.980382e-01 
 1.921697e+01 -5.006023e-01 
 1.921729e+01 -5.064262e-01 
 1.921761e+01 -5.279225e-01 
 1.921794e+01 -5.428749e-01 
 1.921826e+01 -5.602359e-01 
 1.921858e+01 -5.744497e-01 
 1.921891e+01 -5.937600e-01 
 1.921923e+01 -6.091753e-01 
 1.921955e+01 -6.237821e-01 
 1.921988e+01 -6.401722e-01 
 1.922020e+01 -6.627856e-01 
 1.922052e+01 -6.849808e-01 
 1.922084e+01 -6.515331e-01 
 1.922117e+01 -6.624306e-01 
 1.922149e+01 -6.762532e-01 
 1.922181e+01 -6.764002e-01 
 1.922214e+01 -7.012615e-01 
 1.922246e+01 -7.222835e-01 
 1.922278e+01 -7.393208e-01 
 1.922311e+01 -7.547816e-01 
 1.922343e+01 -7.672862e-01 
 1.922375e+01 -7.616183e-01 
 1.922407e+01 -7.859509e-01 
 1.922440e+01 -8.088575e-01 
 1.922472e+01 -8.512889e-01 
 1.922504e+01 -9.015163e-01 
 1.922537e+01 -9.551894e-01 
 1.922569e+01 -1.006907e+00 
 1.922601e+01 -1.051708e+00 
 1.922634e+01 -9.743337e-01 
 1.922666e+01 -9.992901e-01 
 1.922698e+01 -1.026598e+00 
 1.922730e+01 -1.051743e+00 
 1.922763e+01 -1.082899e+00 
 1.922795e+01 -1.101370e+00 
 1.922827e+01 -1.121038e+00 
 1.922860e+01 -1.149700e+00 
 1.922892e+01 -1.186669e+00 
 1.922924e+01 -1.228951e+00 
 1.922957e+01 -1.269064e+00 
 1.922989e+01 -1.303292e+00 
 1.923021e+01 -1.313385e+00 
 1.923053e+01 -1.336590e+00 
 1.923086e+01 -1.351822e+00 
 1.923118e+01 -1.358792e+00 
 1.923150e+01 -1.358479e+00 
 1.923183e+01 -1.357879e+00 
 1.923215e+01 -1.360166e+00 
 1.923247e+01 -1.363848e+00 
 1.923280e+01 -1.371041e+00 
 1.923312e+01 -1.380069e+00 
 1.923344e+01 -1.391300e+00 
 1.923376e+01 -1.391272e+00 
 1.923409e+01 -1.375697e+00 
 1.923441e+01 -1.381401e+00 
 1.923473e+01 -1.382403e+00 
 1.923506e+01 -1.378283e+00 
 1.923538e+01 -1.364788e+00 
 1.923570e+01 -1.359092e+00 
 1.923603e+01 -1.322273e+00 
 1.923635e+01 -1.308491e+00 
 1.923667e+01 -1.296918e+00 
 1.923699e+01 -1.285462e+00 
 1.923732e+01 -1.280807e+00 
 1.923764e+01 -1.279627e+00 
 1.923796e+01 -1.280673e+00 
 1.923829e+01 -1.270761e+00 
 1.923861e+01 -1.254819e+00 
 1.923893e+01 -1.235737e+00 
 1.923925e+01 -1.214384e+00 
 1.923958e+01 -1.188477e+00 
 1.923990e+01 -1.160064e+00 
 1.924022e+01 -1.133448e+00 
 1.924055e+01 -1.111153e+00 
 1.924087e+01 -1.088619e+00 
 1.924119e+01 -1.069056e+00 
 1.924152e+01 -1.051973e+00 
 1.924184e+01 -1.032607e+00 
 1.924216e+01 -1.018937e+00 
 1.924248e+01 -1.008494e+00 
 1.924281e+01 -9.908267e-01 
 1.924313e+01 -9.768775e-01 
 1.924345e+01 -9.609583e-01 
 1.924378e+01 -9.450720e-01 
 1.924410e+01 -9.297862e-01 
 1.924442e+01 -9.097868e-01 
 1.924475e+01 -9.010773e-01 
 1.924507e+01 -8.836220e-01 
 1.924539e+01 -8.710840e-01 
 1.924571e+01 -8.651695e-01 
 1.924604e+01 -8.636421e-01 
 1.924636e+01 -8.652259e-01 
 1.924668e+01 -8.706920e-01 
 1.924701e+01 -8.723118e-01 
 1.924733e+01 -8.784697e-01 
 1.924765e+01 -8.859931e-01 
 1.924798e+01 -8.875098e-01 
 1.924830e+01 -8.820163e-01 
 1.924862e+01 -8.721448e-01 
 1.924894e+01 -8.635219e-01 
 1.924927e+01 -8.572551e-01 
 1.924959e+01 -8.533718e-01 
 1.924991e+01 -8.443671e-01 
 1.925024e+01 -8.490062e-01 
 1.925056e+01 -8.541137e-01 
 1.925088e+01 -8.628413e-01 
 1.925121e+01 -8.676277e-01 
 1.925153e+01 -8.667930e-01 
 1.925185e+01 -8.590927e-01 
 1.925217e+01 -8.523282e-01 
 1.925250e+01 -8.471733e-01 
 1.925282e+01 -8.406720e-01 
 1.925314e+01 -8.341367e-01 
 1.925347e+01 -8.304530e-01 
 1.925379e+01 -8.221590e-01 
 1.925411e+01 -8.127333e-01 
 1.925444e+01 -8.034281e-01 
 1.925476e+01 -7.979971e-01 
 1.925508e+01 -7.904630e-01 
 1.925540e+01 -7.777779e-01 
 1.925573e+01 -7.673631e-01 
 1.925605e+01 -7.554473e-01 
 1.925637e+01 -7.443419e-01 
 1.925670e+01 -7.309408e-01 
 1.925702e+01 -7.139209e-01 
 1.925734e+01 -6.935075e-01 
 1.925767e+01 -6.737775e-01 
 1.925799e+01 -6.527558e-01 
 1.925831e+01 -6.341644e-01 
 1.925863e+01 -6.097532e-01 
 1.925896e+01 -5.917437e-01 
 1.925928e+01 -5.774162e-01 
 1.925960e+01 -5.673024e-01 
 1.925993e+01 -5.546237e-01 
 1.926025e+01 -5.825268e-01 
 1.926057e+01 -6.346397e-01 
 1.926090e+01 -6.811834e-01 
 1.926122e+01 -7.996285e-01 
 1.926154e+01 -9.273371e-01 
 1.926186e+01 -1.026077e+00 
 1.926219e+01 -1.073068e+00 
 1.926251e+01 -1.117476e+00 
 1.926283e+01 -1.121542e+00 
 1.926316e+01 -1.096995e+00 
 1.926348e+01 -1.105198e+00 
 1.926380e+01 -1.115063e+00 
 1.926413e+01 -1.082420e+00 
 1.926445e+01 -1.039539e+00 
 1.926477e+01 -9.975327e-01 
 1.926509e+01 -9.085475e-01 
 1.926542e+01 -8.525203e-01 
 1.926574e+01 -7.921142e-01 
 1.926606e+01 -7.461937e-01 
 1.926639e+01 -7.105149e-01 
 1.926671e+01 -7.064135e-01 
 1.926703e+01 -7.257016e-01 
 1.926736e+01 -7.479723e-01 
 1.926768e+01 -7.682991e-01 
 1.926800e+01 -7.390152e-01 
 1.926832e+01 -6.827582e-01 
 1.926865e+01 -6.449276e-01 
 1.926897e+01 -6.039338e-01 
 1.926929e+01 -5.702044e-01 
 1.926962e+01 -5.410346e-01 
 1.926994e+01 -5.249223e-01 
 1.927026e+01 -5.119300e-01 
 1.927058e+01 -5.031610e-01 
 1.927091e+01 -5.015314e-01 
 1.927123e+01 -4.712322e-01 
 1.927155e+01 -4.710221e-01 
 1.927188e+01 -4.747257e-01 
 1.927220e+01 -4.792739e-01 
 1.927252e+01 -4.883554e-01 
 1.927285e+01 -5.008241e-01 
 1.927317e+01 -5.124418e-01 
 1.927349e+01 -5.205220e-01 
 1.927381e+01 -5.327434e-01 
 1.927414e+01 -5.441003e-01 
 1.927446e+01 -5.626197e-01 
 1.927478e+01 -5.918644e-01 
 1.927511e+01 -6.350511e-01 
 1.927543e+01 -6.942392e-01 
 1.927575e+01 -7.548285e-01 
 1.927608e+01 -8.197606e-01 
 1.927640e+01 -8.722188e-01 
 1.927672e+01 -9.168449e-01 
 1.927704e+01 -9.581749e-01 
 1.927737e+01 -1.003012e+00 
 1.927769e+01 -1.042364e+00 
 1.927801e+01 -1.086989e+00 
 1.927834e+01 -1.130733e+00 
 1.927866e+01 -1.131449e+00 
 1.927898e+01 -1.181828e+00 
 1.927931e+01 -1.242393e+00 
 1.927963e+01 -1.305852e+00 
 1.927995e+01 -1.359012e+00 
 1.928027e+01 -1.406365e+00 
 1.928060e+01 -1.387222e+00 
 1.928092e+01 -1.401324e+00 
 1.928124e+01 -1.410566e+00 
 1.928157e+01 -1.395849e+00 
 1.928189e+01 -1.392484e+00 
 1.928221e+01 -1.379994e+00 
 1.928254e+01 -1.386573e+00 
 1.928286e+01 -1.373837e+00 
 1.928318e+01 -1.395900e+00 
 1.928350e+01 -1.419818e+00 
 1.928383e+01 -1.439339e+00 
 1.928415e+01 -1.450415e+00 
 1.928447e+01 -1.452476e+00 
 1.928480e+01 -1.437572e+00 
 1.928512e+01 -1.428336e+00 
 1.928544e+01 -1.420471e+00 
 1.928577e+01 -1.410942e+00 
 1.928609e+01 -1.403051e+00 
 1.928641e+01 -1.388533e+00 
 1.928673e+01 -1.376867e+00 
 1.928706e+01 -1.368958e+00 
 1.928738e+01 -1.363233e+00 
 1.928770e+01 -1.357446e+00 
 1.928803e+01 -1.345193e+00 
 1.928835e+01 -1.323780e+00 
 1.928867e+01 -1.293279e+00 
 1.928900e+01 -1.255731e+00 
 1.928932e+01 -1.209373e+00 
 1.928964e+01 -1.162061e+00 
 1.928996e+01 -1.109434e+00 
 1.929029e+01 -1.061868e+00 
 1.929061e+01 -1.024098e+00 
 1.929093e+01 -9.963227e-01 
 1.929126e+01 -9.756228e-01 
 1.929158e+01 -9.521921e-01 
 1.929190e+01 -9.232008e-01 
 1.929223e+01 -8.966212e-01 
 1.929255e+01 -8.696856e-01 
 1.929287e+01 -8.329176e-01 
 1.929319e+01 -7.869392e-01 
 1.929352e+01 -7.338924e-01 
 1.929384e+01 -6.794384e-01 
 1.929416e+01 -6.282338e-01 
 1.929449e+01 -5.907189e-01 
 1.929481e+01 -5.586496e-01 
 1.929513e+01 -5.496119e-01 
 1.929546e+01 -5.409811e-01 
 1.929578e+01 -5.368948e-01 
 1.929610e+01 -5.262513e-01 
 1.929642e+01 -5.087797e-01 
 1.929675e+01 -4.788944e-01 
 1.929707e+01 -4.358890e-01 
 1.929739e+01 -3.946313e-01 
 1.929772e+01 -3.555955e-01 
 1.929804e+01 -3.225105e-01 
 1.929836e+01 -3.015742e-01 
 1.929869e+01 -2.946119e-01 
 1.929901e+01 -2.996861e-01 
 1.929933e+01 -3.011976e-01 
 1.929965e+01 -2.828037e-01 
 1.929998e+01 -2.894279e-01 
 1.930030e+01 -2.865274e-01 
 1.930062e+01 -2.841516e-01 
 1.930095e+01 -2.587101e-01 
 1.930127e+01 -2.557512e-01 
 1.930159e+01 -2.572918e-01 
 1.930192e+01 -2.550861e-01 
 1.930224e+01 -2.593635e-01 
 1.930256e+01 -2.739985e-01 
 1.930288e+01 -2.938844e-01 
 1.930321e+01 -3.324620e-01 
 1.930353e+01 -3.782406e-01 
 1.930385e+01 -4.277104e-01 
 1.930418e+01 -4.884193e-01 
 1.930450e+01 -4.914444e-01 
 1.930482e+01 -5.307093e-01 
 1.930514e+01 -5.627011e-01 
 1.930547e+01 -5.906584e-01 
 1.930579e+01 -6.105059e-01 
 1.930611e+01 -6.263062e-01 
 1.930644e+01 -6.418633e-01 
 1.930676e+01 -6.668501e-01 
 1.930708e+01 -6.831088e-01 
 1.930741e+01 -7.086116e-01 
 1.930773e+01 -7.454158e-01 
 1.930805e+01 -7.847258e-01 
 1.930837e+01 -8.236899e-01 
 1.930870e+01 -8.572678e-01 
 1.930902e+01 -8.840006e-01 
 1.930934e+01 -9.007052e-01 
 1.930967e+01 -9.102260e-01 
 1.930999e+01 -9.206242e-01 
 1.931031e+01 -9.240633e-01 
 1.931064e+01 -9.291218e-01 
 1.931096e+01 -9.301682e-01 
 1.931128e+01 -9.429611e-01 
 1.931160e+01 -9.609276e-01 
 1.931193e+01 -9.780544e-01 
 1.931225e+01 -9.963677e-01 
 1.931257e+01 -1.004101e+00 
 1.931290e+01 -1.007016e+00 
 1.931322e+01 -1.005257e+00 
 1.931354e+01 -9.990830e-01 
 1.931387e+01 -9.849344e-01 
 1.931419e+01 -9.703383e-01 
 1.931451e+01 -9.530058e-01 
 1.931483e+01 -9.368067e-01 
 1.931516e+01 -9.205070e-01 
 1.931548e+01 -9.093414e-01 
 1.931580e+01 -8.966481e-01 
 1.931613e+01 -8.880880e-01 
 1.931645e+01 -8.834318e-01 
 1.931677e+01 -8.823798e-01 
 1.931710e+01 -8.803684e-01 
 1.931742e+01 -8.781559e-01 
 1.931774e+01 -8.663981e-01 
 1.931806e+01 -8.641548e-01 
 1.931839e+01 -8.568545e-01 
 1.931871e+01 -8.459367e-01 
 1.931903e+01 -7.827794e-01 
 1.931936e+01 -7.629709e-01 
 1.931968e+01 -7.490178e-01 
 1.932000e+01 -7.431926e-01 
 1.932033e+01 -7.446710e-01 
 1.932065e+01 -7.487899e-01 
 1.932097e+01 -7.545529e-01 
 1.932129e+01 -7.615919e-01 
 1.932162e+01 -7.699633e-01 
 1.932194e+01 -7.758299e-01 
 1.932226e+01 -7.739242e-01 
 1.932259e+01 -7.649875e-01 
 1.932291e+01 -7.574668e-01 
 1.932323e+01 -7.505468e-01 
 1.932356e+01 -7.553786e-01 
 1.932388e+01 -7.726371e-01 
 1.932420e+01 -8.071411e-01 
 1.932452e+01 -8.770523e-01 
 1.932485e+01 -9.524491e-01 
 1.932517e+01 -1.026600e+00 
 1.932549e+01 -9.822669e-01 
 1.932582e+01 -9.560395e-01 
 1.932614e+01 -9.703482e-01 
 1.932646e+01 -9.817286e-01 
 1.932679e+01 -9.924120e-01 
 1.932711e+01 -1.005586e+00 
 1.932743e+01 -1.023696e+00 
 1.932775e+01 -1.047727e+00 
 1.932808e+01 -1.083783e+00 
 1.932840e+01 -1.129905e+00 
 1.932872e+01 -1.177894e+00 
 1.932905e+01 -1.228794e+00 
 1.932937e+01 -1.270291e+00 
 1.932969e+01 -1.304717e+00 
 1.933002e+01 -1.334111e+00 
 1.933034e+01 -1.356493e+00 
 1.933066e+01 -1.371998e+00 
 1.933098e+01 -1.379835e+00 
 1.933131e+01 -1.384522e+00 
 1.933163e+01 -1.391448e+00 
 1.933195e+01 -1.404317e+00 
 1.933228e+01 -1.417378e+00 
 1.933260e+01 -1.435168e+00 
 1.933292e+01 -1.453454e+00 
 1.933325e+01 -1.468386e+00 
 1.933357e+01 -1.480431e+00 
 1.933389e+01 -1.490981e+00 
 1.933421e+01 -1.488755e+00 
 1.933454e+01 -1.476947e+00 
 1.933486e+01 -1.459098e+00 
 1.933518e+01 -1.439975e+00 
 1.933551e+01 -1.424339e+00 
 1.933583e+01 -1.412907e+00 
 1.933615e+01 -1.404179e+00 
 1.933648e+01 -1.406225e+00 
 1.933680e+01 -1.411198e+00 
 1.933712e+01 -1.420740e+00 
 1.933744e+01 -1.424091e+00 
 1.933777e+01 -1.413494e+00 
 1.933809e+01 -1.392564e+00 
 1.933841e+01 -1.361740e+00 
 1.933874e+01 -1.326440e+00 
 1.933906e+01 -1.288529e+00 
 1.933938e+01 -1.248340e+00 
 1.933970e+01 -1.219179e+00 
 1.934003e+01 -1.196788e+00 
 1.934035e+01 -1.180299e+00 
 1.934067e+01 -1.163429e+00 
 1.934100e+01 -1.141967e+00 
 1.934132e+01 -1.095846e+00 
 1.934164e+01 -1.061090e+00 
 1.934197e+01 -1.028406e+00 
 1.934229e+01 -9.754116e-01 
 1.934261e+01 -9.120183e-01 
 1.934293e+01 -8.496025e-01 
 1.934326e+01 -7.974009e-01 
 1.934358e+01 -7.492071e-01 
 1.934390e+01 -7.091612e-01 
 1.934423e+01 -6.652878e-01 
 1.934455e+01 -6.369004e-01 
 1.934487e+01 -6.067010e-01 
 1.934520e+01 -5.718467e-01 
 1.934552e+01 -5.430546e-01 
 1.934584e+01 -5.144484e-01 
 1.934616e+01 -4.788926e-01 
 1.934649e+01 -4.556908e-01 
 1.934681e+01 -4.298969e-01 
 1.934713e+01 -4.133831e-01 
 1.934746e+01 -3.993553e-01 
 1.934778e+01 -3.906011e-01 
 1.934810e+01 -3.275155e-01 
 1.934843e+01 -3.128483e-01 
 1.934875e+01 -3.014045e-01 
 1.934907e+01 -2.978618e-01 
 1.934939e+01 -2.923571e-01 
 1.934972e+01 -2.923873e-01 
 1.935004e+01 -2.882112e-01 
 1.935036e+01 -2.606746e-01 
 1.935069e+01 -2.546285e-01 
 1.935101e+01 -2.480202e-01 
 1.935133e+01 -1.875417e-01 
 1.935166e+01 -1.771391e-01 
 1.935198e+01 -1.689253e-01 
 1.935230e+01 -1.740601e-01 
 1.935262e+01 -1.876089e-01 
 1.935295e+01 -2.068583e-01 
 1.935327e+01 -2.257452e-01 
 1.935359e+01 -2.550026e-01 
 1.935392e+01 -2.982356e-01 
 1.935424e+01 -3.470572e-01 
 1.935456e+01 -3.465232e-01 
 1.935489e+01 -3.726532e-01 
 1.935521e+01 -3.996560e-01 
 1.935553e+01 -4.253847e-01 
 1.935585e+01 -4.355707e-01 
 1.935618e+01 -4.689178e-01 
 1.935650e+01 -5.118684e-01 
 1.935682e+01 -5.599999e-01 
 1.935715e+01 -6.141955e-01 
 1.935747e+01 -6.664885e-01 
 1.935779e+01 -6.938990e-01 
 1.935812e+01 -7.483908e-01 
 1.935844e+01 -7.985183e-01 
 1.935876e+01 -8.306810e-01 
 1.935908e+01 -8.440485e-01 
 1.935941e+01 -8.779675e-01 
 1.935973e+01 -9.193141e-01 
 1.936005e+01 -9.732656e-01 
 1.936038e+01 -1.022661e+00 
 1.936070e+01 -1.051654e+00 
 1.936102e+01 -1.012125e+00 
 1.936135e+01 -1.074963e+00 
 1.936167e+01 -1.144212e+00 
 1.936199e+01 -1.206287e+00 
 1.936231e+01 -1.102482e+00 
 1.936264e+01 -1.120764e+00 
 1.936296e+01 -1.136563e+00 
 1.936328e+01 -1.140557e+00 
 1.936361e+01 -1.133886e+00 
 1.936393e+01 -1.120017e+00 
 1.936425e+01 -1.103787e+00 
 1.936458e+01 -1.108670e+00 
 1.936490e+01 -1.123250e+00 
 1.936522e+01 -1.143701e+00 
 1.936554e+01 -1.115739e+00 
 1.936587e+01 -1.130136e+00 
 1.936619e+01 -1.141555e+00 
 1.936651e+01 -1.152823e+00 
 1.936684e+01 -1.156653e+00 
 1.936716e+01 -1.147976e+00 
 1.936748e+01 -1.128964e+00 
 1.936781e+01 -1.110519e+00 
 1.936813e+01 -1.092038e+00 
 1.936845e+01 -1.082106e+00 
 1.936877e+01 -1.081952e+00 
 1.936910e+01 -1.082546e+00 
 1.936942e+01 -1.097240e+00 
 1.936974e+01 -1.124566e+00 
 1.937007e+01 -1.154420e+00 
 1.937039e+01 -1.181311e+00 
 1.937071e+01 -1.122650e+00 
 1.937104e+01 -1.132848e+00 
 1.937136e+01 -1.143915e+00 
 1.937168e+01 -1.157783e+00 
 1.937200e+01 -1.104968e+00 
 1.937233e+01 -1.104228e+00 
 1.937265e+01 -1.107357e+00 
 1.937297e+01 -1.112501e+00 
 1.937330e+01 -1.119483e+00 
 1.937362e+01 -1.127130e+00 
 1.937394e+01 -1.134085e+00 
 1.937426e+01 -1.142422e+00 
 1.937459e+01 -1.152795e+00 
 1.937491e+01 -1.160687e+00 
 1.937523e+01 -1.166974e+00 
 1.937556e+01 -1.167270e+00 
 1.937588e+01 -1.167070e+00 
 1.937620e+01 -1.160991e+00 
 1.937653e+01 -1.166751e+00 
 1.937685e+01 -1.176770e+00 
 1.937717e+01 -1.188938e+00 
 1.937749e+01 -1.202696e+00 
 1.937782e+01 -1.223211e+00 
 1.937814e+01 -1.242252e+00 
 1.937846e+01 -1.263479e+00 
 1.937879e+01 -1.282673e+00 
 1.937911e+01 -1.297613e+00 
 1.937943e+01 -1.306803e+00 
 1.937976e+01 -1.316164e+00 
 1.938008e+01 -1.323334e+00 
 1.938040e+01 -1.333872e+00 
 1.938072e+01 -1.352773e+00 
 1.938105e+01 -1.377138e+00 
 1.938137e+01 -1.403856e+00 
 1.938169e+01 -1.423819e+00 
 1.938202e+01 -1.457697e+00 
 1.938234e+01 -1.489036e+00 
 1.938266e+01 -1.513172e+00 
 1.938299e+01 -1.531981e+00 
 1.938331e+01 -1.544385e+00 
 1.938363e+01 -1.549351e+00 
 1.938395e+01 -1.549449e+00 
 1.938428e+01 -1.547903e+00 
 1.938460e+01 -1.550230e+00 
 1.938492e+01 -1.554432e+00 
 1.938525e+01 -1.567401e+00 
 1.938557e+01 -1.580181e+00 
 1.938589e+01 -1.586867e+00 
 1.938622e+01 -1.589313e+00 
 1.938654e+01 -1.590000e+00 
 1.938686e+01 -1.590505e+00 
 1.938718e+01 -1.587860e+00 
 1.938751e+01 -1.577016e+00 
 1.938783e+01 -1.558873e+00 
 1.938815e+01 -1.536816e+00 
 1.938848e+01 -1.515454e+00 
 1.938880e+01 -1.498200e+00 
 1.938912e+01 -1.481652e+00 
 1.938945e+01 -1.467287e+00 
 1.938977e+01 -1.455387e+00 
 1.939009e+01 -1.446503e+00 
 1.939041e+01 -1.440498e+00 
 1.939074e+01 -1.432570e+00 
 1.939106e+01 -1.420363e+00 
 1.939138e+01 -1.402157e+00 
 1.939171e+01 -1.373509e+00 
 1.939203e+01 -1.352033e+00 
 1.939235e+01 -1.321096e+00 
 1.939268e+01 -1.284571e+00 
 1.939300e+01 -1.244589e+00 
 1.939332e+01 -1.204093e+00 
 1.939364e+01 -1.174030e+00 
 1.939397e+01 -1.153120e+00 
 1.939429e+01 -1.138804e+00 
 1.939461e+01 -1.082693e+00 
 1.939494e+01 -1.062777e+00 
 1.939526e+01 -1.053824e+00 
 1.939558e+01 -1.040863e+00 
 1.939591e+01 -1.021310e+00 
 1.939623e+01 -9.480403e-01 
 1.939655e+01 -9.094744e-01 
 1.939687e+01 -8.688629e-01 
 1.939720e+01 -8.380002e-01 
 1.939752e+01 -8.139477e-01 
 1.939784e+01 -7.881007e-01 
 1.939817e+01 -7.725275e-01 
 1.939849e+01 -7.717337e-01 
 1.939881e+01 -7.916639e-01 
 1.939914e+01 -8.138198e-01 
 1.939946e+01 -8.352078e-01 
 1.939978e+01 -7.639768e-01 
 1.940010e+01 -7.600902e-01 
 1.940043e+01 -7.508989e-01 
 1.940075e+01 -7.488156e-01 
 1.940107e+01 -7.492312e-01 
 1.940140e+01 -7.490018e-01 
 1.940172e+01 -7.502171e-01 
 1.940204e+01 -7.586860e-01 
 1.940237e+01 -7.773704e-01 
 1.940269e+01 -8.034552e-01 
 1.940301e+01 -8.276617e-01 
 1.940333e+01 -8.531208e-01 
 1.940366e+01 -8.751831e-01 
 1.940398e+01 -8.956984e-01 
 1.940430e+01 -9.148432e-01 
 1.940463e+01 -9.277713e-01 
 1.940495e+01 -9.366613e-01 
 1.940527e+01 -9.474961e-01 
 1.940560e+01 -9.593635e-01 
 1.940592e+01 -9.784292e-01 
 1.940624e+01 -1.000678e+00 
 1.940656e+01 -1.028078e+00 
 1.940689e+01 -1.061742e+00 
 1.940721e+01 -1.101133e+00 
 1.940753e+01 -1.144548e+00 
 1.940786e+01 -1.186455e+00 
 1.940818e+01 -1.228427e+00 
 1.940850e+01 -1.261287e+00 
 1.940882e+01 -1.287373e+00 
 1.940915e+01 -1.314020e+00 
 1.940947e+01 -1.343739e+00 
 1.940979e+01 -1.375162e+00 
 1.941012e+01 -1.410588e+00 
 1.941044e+01 -1.449702e+00 
 1.941076e+01 -1.494006e+00 
 1.941109e+01 -1.539082e+00 
 1.941141e+01 -1.582146e+00 
 1.941173e+01 -1.624765e+00 
 1.941205e+01 -1.656603e+00 
 1.941238e+01 -1.682472e+00 
 1.941270e+01 -1.647843e+00 
 1.941302e+01 -1.656175e+00 
 1.941335e+01 -1.663015e+00 
 1.941367e+01 -1.673482e+00 
 1.941399e+01 -1.685410e+00 
 1.941432e+01 -1.702575e+00 
 1.941464e+01 -1.723397e+00 
 1.941496e+01 -1.745039e+00 
 1.941528e+01 -1.762650e+00 
 1.941561e+01 -1.772655e+00 
 1.941593e+01 -1.775398e+00 
 1.941625e+01 -1.771857e+00 
 1.941658e+01 -1.757446e+00 
 1.941690e+01 -1.738203e+00 
 1.941722e+01 -1.719034e+00 
 1.941755e+01 -1.703122e+00 
 1.941787e+01 -1.694538e+00 
 1.941819e+01 -1.698217e+00 
 1.941851e+01 -1.699761e+00 
 1.941884e+01 -1.704544e+00 
 1.941916e+01 -1.655409e+00 
 1.941948e+01 -1.652018e+00 
 1.941981e+01 -1.645589e+00 
 1.942013e+01 -1.636562e+00 
 1.942045e+01 -1.619268e+00 
 1.942078e+01 -1.594904e+00 
 1.942110e+01 -1.565880e+00 
 1.942142e+01 -1.530939e+00 
 1.942174e+01 -1.493562e+00 
 1.942207e+01 -1.460146e+00 
 1.942239e+01 -1.433578e+00 
 1.942271e+01 -1.418147e+00 
 1.942304e+01 -1.410114e+00 
 1.942336e+01 -1.405737e+00 
 1.942368e+01 -1.401471e+00 
 1.942401e+01 -1.395040e+00 
 1.942433e+01 -1.384474e+00 
 1.942465e+01 -1.367327e+00 
 1.942497e+01 -1.348074e+00 
 1.942530e+01 -1.321615e+00 
 1.942562e+01 -1.295379e+00 
 1.942594e+01 -1.274815e+00 
 1.942627e+01 -1.260656e+00 
 1.942659e+01 -1.250640e+00 
 1.942691e+01 -1.246770e+00 
 1.942724e+01 -1.247173e+00 
 1.942756e+01 -1.253603e+00 
 1.942788e+01 -1.260789e+00 
 1.942820e+01 -1.260965e+00 
 1.942853e+01 -1.256419e+00 
 1.942885e+01 -1.247401e+00 
 1.942917e+01 -1.241692e+00 
 1.942950e+01 -1.230121e+00 
 1.942982e+01 -1.217366e+00 
 1.943014e+01 -1.204846e+00 
 1.943047e+01 -1.193629e+00 
 1.943079e+01 -1.186203e+00 
 1.943111e+01 -1.181073e+00 
 1.943143e+01 -1.176624e+00 
 1.943176e+01 -1.172789e+00 
 1.943208e+01 -1.168537e+00 
 1.943240e+01 -1.177340e+00 
 1.943273e+01 -1.187796e+00 
 1.943305e+01 -1.199440e+00 
 1.943337e+01 -1.187166e+00 
 1.943370e+01 -1.162129e+00 
 1.943402e+01 -1.159890e+00 
 1.943434e+01 -1.155797e+00 
 1.943466e+01 -1.149151e+00 
 1.943499e+01 -1.143035e+00 
 1.943531e+01 -1.138591e+00 
 1.943563e+01 -1.124208e+00 
 1.943596e+01 -1.123932e+00 
 1.943628e+01 -1.129526e+00 
 1.943660e+01 -1.127459e+00 
 1.943693e+01 -1.122556e+00 
 1.943725e+01 -1.116875e+00 
 1.943757e+01 -1.117944e+00 
 1.943789e+01 -1.114439e+00 
 1.943822e+01 -1.106490e+00 
 1.943854e+01 -1.104066e+00 
 1.943886e+01 -1.052597e+00 
 1.943919e+01 -1.041956e+00 
 1.943951e+01 -1.011698e+00 
 1.943983e+01 -9.853014e-01 
 1.944016e+01 -9.619098e-01 
 1.944048e+01 -9.544217e-01 
 1.944080e+01 -9.692736e-01 
 1.944112e+01 -9.881185e-01 
 1.944145e+01 -9.951649e-01 
 1.944177e+01 -9.530363e-01 
 1.944209e+01 -9.397511e-01 
 1.944242e+01 -9.177851e-01 
 1.944274e+01 -9.102783e-01 
 1.944306e+01 -9.008842e-01 
 1.944339e+01 -8.810191e-01 
 1.944371e+01 -8.588971e-01 
 1.944403e+01 -8.861586e-01 
 1.944435e+01 -9.039505e-01 
 1.944468e+01 -8.823385e-01 
 1.944500e+01 -8.571451e-01 
 1.944532e+01 -7.641059e-01 
 1.944565e+01 -7.194377e-01 
 1.944597e+01 -6.783435e-01 
 1.944629e+01 -6.331115e-01 
 1.944661e+01 -5.894356e-01 
 1.944694e+01 -5.502058e-01 
 1.944726e+01 -5.237781e-01 
 1.944758e+01 -4.956501e-01 
 1.944791e+01 -4.714110e-01 
 1.944823e+01 -3.811354e-01 
 1.944855e+01 -3.441738e-01 
 1.944888e+01 -3.205552e-01 
 1.944920e+01 -2.862616e-01 
 1.944952e+01 -2.494385e-01 
 1.944984e+01 -2.249308e-01 
 1.945017e+01 -1.599522e-01 
 1.945049e+01 -1.746847e-01 
 1.945081e+01 -1.918839e-01 
 1.945114e+01 -2.124251e-01 
 1.945146e+01 -2.278977e-01 
 1.945178e+01 -2.858192e-01 
 1.945211e+01 -3.065106e-01 
 1.945243e+01 -3.108569e-01 
 1.945275e+01 -3.206555e-01 
 1.945307e+01 -3.318451e-01 
 1.945340e+01 -3.408343e-01 
 1.945372e+01 -3.436639e-01 
 1.945404e+01 -3.315319e-01 
 1.945437e+01 -3.186378e-01 
 1.945469e+01 -2.984437e-01 
 1.945501e+01 -2.609780e-01 
 1.945534e+01 -2.348048e-01 
 1.945566e+01 -2.750348e-01 
 1.945598e+01 -2.952052e-01 
 1.945630e+01 -3.208847e-01 
 1.945663e+01 -3.503476e-01 
 1.945695e+01 -3.732517e-01 
 1.945727e+01 -3.909785e-01 
 1.945760e+01 -4.036082e-01 
 1.945792e+01 -4.118620e-01 
 1.945824e+01 -4.206297e-01 
 1.945856e+01 -4.267226e-01 
 1.945888e+01 -4.339820e-01 
 1.945921e+01 -4.567867e-01 
 1.945953e+01 -4.837450e-01 
 1.945985e+01 -5.089542e-01 
 1.946017e+01 -5.587220e-01 
 1.946049e+01 -5.938941e-01 
 1.946081e+01 -6.288680e-01 
 1.946114e+01 -6.760496e-01 
 1.946146e+01 -7.051960e-01 
 1.946178e+01 -7.276724e-01 
 1.946210e+01 -7.475063e-01 
 1.946243e+01 -7.643391e-01 
 1.946275e+01 -7.577919e-01 
 1.946307e+01 -7.779385e-01 
 1.946340e+01 -7.979338e-01 
 1.946372e+01 -8.219937e-01 
 1.946404e+01 -8.467904e-01 
 1.946436e+01 -8.811004e-01 
 1.946469e+01 -9.178964e-01 
 1.946501e+01 -9.522595e-01 
 1.946533e+01 -9.795833e-01 
 1.946566e+01 -1.000622e+00 
 1.946598e+01 -1.022076e+00 
 1.946630e+01 -1.037499e+00 
 1.946663e+01 -1.050211e+00 
 1.946695e+01 -1.055081e+00 
 1.946727e+01 -1.057927e+00 
 1.946759e+01 -1.059972e+00 
 1.946792e+01 -1.072553e+00 
 1.946824e+01 -1.089268e+00 
 1.946856e+01 -1.110747e+00 
 1.946889e+01 -1.133066e+00 
 1.946921e+01 -1.148213e+00 
 1.946953e+01 -1.153370e+00 
 1.946986e+01 -1.147697e+00 
 1.947018e+01 -1.130464e+00 
 1.947050e+01 -1.109481e+00 
 1.947082e+01 -1.088008e+00 
 1.947115e+01 -1.068476e+00 
 1.947147e+01 -1.062231e+00 
 1.947179e+01 -1.054711e+00 
 1.947212e+01 -1.052533e+00 
 1.947244e+01 -1.053607e+00 
 1.947276e+01 -1.082770e+00 
 1.947309e+01 -1.127032e+00 
 1.947341e+01 -1.166425e+00 
 1.947373e+01 -1.196570e+00 
 1.947405e+01 -1.157506e+00 
 1.947438e+01 -1.260226e+00 
 1.947470e+01 -1.412274e+00 
 1.947502e+01 -1.420230e+00 
 1.947535e+01 -1.388585e+00 
 1.947567e+01 -1.349104e+00 
 1.947599e+01 -1.387538e+00 
 1.947632e+01 -1.439438e+00 
 1.947664e+01 -1.442480e+00 
 1.947696e+01 -1.402565e+00 
 1.947728e+01 -1.336407e+00 
 1.947761e+01 -1.290335e+00 
 1.947793e+01 -1.244925e+00 
 1.947825e+01 -1.211082e+00 
 1.947858e+01 -1.141454e+00 
 1.947890e+01 -1.088010e+00 
 1.947922e+01 -1.046793e+00 
 1.947955e+01 -1.006324e+00 
 1.947987e+01 -9.739189e-01 
 1.948019e+01 -9.128021e-01 
 1.948051e+01 -8.456998e-01 
 1.948084e+01 -8.158988e-01 
 1.948116e+01 -7.885005e-01 
 1.948148e+01 -7.705284e-01 
 1.948181e+01 -7.567790e-01 
 1.948213e+01 -7.374411e-01 
 1.948245e+01 -7.283540e-01 
 1.948278e+01 -7.183863e-01 
 1.948310e+01 -6.885251e-01 
 1.948342e+01 -6.524507e-01 
 1.948374e+01 -6.423630e-01 
 1.948407e+01 -6.362255e-01 
 1.948439e+01 -6.409136e-01 
 1.948471e+01 -6.465233e-01 
 1.948504e+01 -6.576320e-01 
 1.948536e+01 -6.764714e-01 
 1.948568e+01 -6.876048e-01 
 1.948601e+01 -7.003473e-01 
 1.948633e+01 -7.157064e-01 
 1.948665e+01 -7.428559e-01 
 1.948697e+01 -8.101868e-01 
 1.948730e+01 -8.494158e-01 
 1.948762e+01 -8.788545e-01 
 1.948794e+01 -9.073503e-01 
 1.948827e+01 -9.392908e-01 
 1.948859e+01 -9.917451e-01 
 1.948891e+01 -1.034238e+00 
 1.948923e+01 -1.062564e+00 
 1.948956e+01 -1.062593e+00 
 1.948988e+01 -1.088146e+00 
 1.949020e+01 -1.115181e+00 
 1.949053e+01 -1.147706e+00 
 1.949085e+01 -1.180357e+00 
 1.949117e+01 -1.207320e+00 
 1.949150e+01 -1.239346e+00 
 1.949182e+01 -1.266674e+00 
 1.949214e+01 -1.307093e+00 
 1.949246e+01 -1.372030e+00 
 1.949279e+01 -1.394909e+00 
 1.949311e+01 -1.325782e+00 
 1.949343e+01 -1.338176e+00 
 1.949376e+01 -1.385415e+00 
 1.949408e+01 -1.323407e+00 
 1.949440e+01 -1.311287e+00 
 1.949473e+01 -1.313372e+00 
 1.949505e+01 -1.309187e+00 
 1.949537e+01 -1.309341e+00 
 1.949569e+01 -1.310396e+00 
 1.949602e+01 -1.306385e+00 
 1.949634e+01 -1.300930e+00 
 1.949666e+01 -1.292290e+00 
 1.949699e+01 -1.290759e+00 
 1.949731e+01 -1.281806e+00 
 1.949763e+01 -1.272931e+00 
 1.949796e+01 -1.262834e+00 
 1.949828e+01 -1.248283e+00 
 1.949860e+01 -1.238970e+00 
 1.949892e+01 -1.223170e+00 
 1.949925e+01 -1.197530e+00 
 1.949957e+01 -1.181504e+00 
 1.949989e+01 -1.163817e+00 
 1.950022e+01 -1.162377e+00 
 1.950054e+01 -1.118370e+00 
 1.950086e+01 -1.106997e+00 
 1.950119e+01 -1.097567e+00 
 1.950151e+01 -1.105999e+00 
 1.950183e+01 -1.133842e+00 
 1.950215e+01 -1.159191e+00 
 1.950248e+01 -1.097962e+00 
 1.950280e+01 -1.041866e+00 
 1.950312e+01 -1.037330e+00 
 1.950345e+01 -1.049696e+00 
 1.950377e+01 -1.021357e+00 
 1.950409e+01 -1.039975e+00 
 1.950442e+01 -9.824472e-01 
 1.950474e+01 -9.881166e-01 
 1.950506e+01 -9.962099e-01 
 1.950538e+01 -1.004987e+00 
 1.950571e+01 -1.006510e+00 
 1.950603e+01 -1.009112e+00 
 1.950635e+01 -1.006414e+00 
 1.950668e+01 -1.023246e+00 
 1.950700e+01 -1.044449e+00 
 1.950732e+01 -1.071349e+00 
 1.950765e+01 -1.041077e+00 
 1.950797e+01 -1.045549e+00 
 1.950829e+01 -1.054123e+00 
 1.950861e+01 -1.055317e+00 
 1.950894e+01 -1.066198e+00 
 1.950926e+01 -1.070411e+00 
 1.950958e+01 -1.086279e+00 
 1.950991e+01 -1.104788e+00 
 1.951023e+01 -1.121768e+00 
 1.951055e+01 -1.136475e+00 
 1.951088e+01 -1.148548e+00 
 1.951120e+01 -1.171959e+00 
 1.951152e+01 -1.209368e+00 
 1.951184e+01 -1.239708e+00 
 1.951217e+01 -1.201718e+00 
 1.951249e+01 -1.213889e+00 
 1.951281e+01 -1.241354e+00 
 1.951314e+01 -1.293633e+00 
 1.951346e+01 -1.346150e+00 
 1.951378e+01 -1.403863e+00 
 1.951411e+01 -1.410395e+00 
 1.951443e+01 -1.461871e+00 
 1.951475e+01 -1.506406e+00 
 1.951507e+01 -1.548286e+00 
 1.951540e+01 -1.582725e+00 
 1.951572e+01 -1.614143e+00 
 1.951604e+01 -1.661090e+00 
 1.951637e+01 -1.712426e+00 
 1.951669e+01 -1.765590e+00 
 1.951701e+01 -1.783213e+00 
 1.951734e+01 -1.835730e+00 
 1.951766e+01 -1.886823e+00 
 1.951798e+01 -1.967197e+00 
 1.951830e+01 -2.048627e+00 
 1.951863e+01 -2.122473e+00 
 1.951895e+01 -2.042159e+00 
 1.951927e+01 -2.071920e+00 
 1.951960e+01 -2.100395e+00 
 1.951992e+01 -2.118745e+00 
 1.952024e+01 -2.133747e+00 
 1.952057e+01 -2.141694e+00 
 1.952089e+01 -2.149949e+00 
 1.952121e+01 -2.155250e+00 
 1.952153e+01 -2.161914e+00 
 1.952186e+01 -2.171674e+00 
 1.952218e+01 -2.172507e+00 
 1.952250e+01 -2.181194e+00 
 1.952283e+01 -2.193764e+00 
 1.952315e+01 -2.199146e+00 
 1.952347e+01 -2.207743e+00 
 1.952379e+01 -2.171135e+00 
 1.952412e+01 -2.157887e+00 
 1.952444e+01 -2.145644e+00 
 1.952476e+01 -2.127700e+00 
 1.952509e+01 -2.101323e+00 
 1.952541e+01 -2.074387e+00 
 1.952573e+01 -2.052093e+00 
 1.952606e+01 -2.031247e+00 
 1.952638e+01 -2.012701e+00 
 1.952670e+01 -1.992936e+00 
 1.952702e+01 -1.965191e+00 
 1.952735e+01 -1.933702e+00 
 1.952767e+01 -1.900683e+00 
 1.952799e+01 -1.865627e+00 
 1.952832e+01 -1.828898e+00 
 1.952864e+01 -1.781330e+00 
 1.952896e+01 -1.731293e+00 
 1.952929e+01 -1.696420e+00 
 1.952961e+01 -1.661240e+00 
 1.952993e+01 -1.638128e+00 
 1.953025e+01 -1.620430e+00 
 1.953058e+01 -1.597347e+00 
 1.953090e+01 -1.581716e+00 
 1.953122e+01 -1.563041e+00 
 1.953155e+01 -1.548595e+00 
 1.953187e+01 -1.534820e+00 
 1.953219e+01 -1.514626e+00 
 1.953252e+01 -1.491367e+00 
 1.953284e+01 -1.478351e+00 
 1.953316e+01 -1.467211e+00 
 1.953348e+01 -1.468062e+00 
 1.953381e+01 -1.466633e+00 
 1.953413e+01 -1.468964e+00 
 1.953445e+01 -1.475734e+00 
 1.953478e+01 -1.488287e+00 
 1.953510e+01 -1.498919e+00 
 1.953542e+01 -1.516450e+00 
 1.953575e+01 -1.525119e+00 
 1.953607e+01 -1.531301e+00 
 1.953639e+01 -1.540783e+00 
 1.953671e+01 -1.557336e+00 
 1.953704e+01 -1.568805e+00 
 1.953736e+01 -1.580201e+00 
 1.953768e+01 -1.589466e+00 
 1.953801e+01 -1.600145e+00 
 1.953833e+01 -1.618114e+00 
 1.953865e+01 -1.635538e+00 
 1.953898e+01 -1.660816e+00 
 1.953930e+01 -1.677546e+00 
 1.953962e+01 -1.698677e+00 
 1.953994e+01 -1.725004e+00 
 1.954027e+01 -1.744589e+00 
 1.954059e+01 -1.756455e+00 
 1.954091e+01 -1.762370e+00 
 1.954124e+01 -1.769813e+00 
 1.954156e+01 -1.788615e+00 
 1.954188e+01 -1.815540e+00 
 1.954221e+01 -1.847419e+00 
 1.954253e+01 -1.872519e+00 
 1.954285e+01 -1.900300e+00 
 1.954317e+01 -1.931070e+00 
 1.954350e+01 -1.963599e+00 
 1.954382e+01 -1.984854e+00 
 1.954414e+01 -2.008813e+00 
 1.954447e+01 -2.029967e+00 
 1.954479e+01 -2.055666e+00 
 1.954511e+01 -2.051068e+00 
 1.954544e+01 -2.039099e+00 
 1.954576e+01 -2.046676e+00 
 1.954608e+01 -2.049240e+00 
 1.954640e+01 -2.064085e+00 
 1.954673e+01 -2.078764e+00 
 1.954705e+01 -2.089275e+00 
 1.954737e+01 -2.096258e+00 
 1.954770e+01 -2.097829e+00 
 1.954802e+01 -2.100402e+00 
 1.954834e+01 -2.098220e+00 
 1.954866e+01 -2.099240e+00 
 1.954899e+01 -2.084531e+00 
 1.954931e+01 -2.065728e+00 
 1.954963e+01 -2.045145e+00 
 1.954996e+01 -2.029278e+00 
 1.955028e+01 -2.009567e+00 
 1.955060e+01 -2.001215e+00 
 1.955093e+01 -1.994745e+00 
 1.955125e+01 -1.985456e+00 
 1.955157e+01 -1.974701e+00 
 1.955189e+01 -1.907249e+00 
 1.955222e+01 -1.892893e+00 
 1.955254e+01 -1.867625e+00 
 1.955286e+01 -1.845865e+00 
 1.955319e+01 -1.816477e+00 
 1.955351e+01 -1.780321e+00 
 1.955383e+01 -1.738451e+00 
 1.955416e+01 -1.702574e+00 
 1.955448e+01 -1.667023e+00 
 1.955480e+01 -1.634359e+00 
 1.955512e+01 -1.609349e+00 
 1.955545e+01 -1.591069e+00 
 1.955577e+01 -1.577416e+00 
 1.955609e+01 -1.562668e+00 
 1.955642e+01 -1.548739e+00 
 1.955674e+01 -1.530672e+00 
 1.955706e+01 -1.517409e+00 
 1.955739e+01 -1.505179e+00 
 1.955771e+01 -1.488565e+00 
 1.955803e+01 -1.468536e+00 
 1.955835e+01 -1.462881e+00 
 1.955868e+01 -1.459738e+00 
 1.955900e+01 -1.463188e+00 
 1.955932e+01 -1.472314e+00 
 1.955965e+01 -1.481865e+00 
 1.955997e+01 -1.492207e+00 
 1.956029e+01 -1.431262e+00 
 1.956062e+01 -1.430622e+00 
 1.956094e+01 -1.438786e+00 
 1.956126e+01 -1.442326e+00 
 1.956158e+01 -1.448350e+00 
 1.956191e+01 -1.461234e+00 
 1.956223e+01 -1.475619e+00 
 1.956255e+01 -1.433937e+00 
 1.956288e+01 -1.443504e+00 
 1.956320e+01 -1.449878e+00 
 1.956352e+01 -1.463393e+00 
 1.956385e+01 -1.472583e+00 
 1.956417e+01 -1.488987e+00 
 1.956449e+01 -1.502754e+00 
 1.956481e+01 -1.545128e+00 
 1.956514e+01 -1.567807e+00 
 1.956546e+01 -1.614774e+00 
 1.956578e+01 -1.663735e+00 
 1.956611e+01 -1.575909e+00 
 1.956643e+01 -1.604091e+00 
 1.956675e+01 -1.623348e+00 
 1.956708e+01 -1.645341e+00 
 1.956740e+01 -1.665870e+00 
 1.956772e+01 -1.682115e+00 
 1.956804e+01 -1.698857e+00 
 1.956837e+01 -1.713006e+00 
 1.956869e+01 -1.727482e+00 
 1.956901e+01 -1.736007e+00 
 1.956934e+01 -1.750643e+00 
 1.956966e+01 -1.762847e+00 
 1.956998e+01 -1.772284e+00 
 1.957031e+01 -1.786863e+00 
 1.957063e+01 -1.798759e+00 
 1.957095e+01 -1.805757e+00 
 1.957127e+01 -1.815139e+00 
 1.957160e+01 -1.821424e+00 
 1.957192e+01 -1.825237e+00 
 1.957224e+01 -1.822906e+00 
 1.957257e+01 -1.822468e+00 
 1.957289e+01 -1.818525e+00 
 1.957321e+01 -1.815099e+00 
 1.957354e+01 -1.805844e+00 
 1.957386e+01 -1.802270e+00 
 1.957418e+01 -1.801792e+00 
 1.957450e+01 -1.807543e+00 
 1.957483e+01 -1.811547e+00 
 1.957515e+01 -1.789969e+00 
 1.957547e+01 -1.786783e+00 
 1.957580e+01 -1.780319e+00 
 1.957612e+01 -1.770905e+00 
 1.957644e+01 -1.756116e+00 
 1.957677e+01 -1.736426e+00 
 1.957709e+01 -1.712210e+00 
 1.957741e+01 -1.680442e+00 
 1.957773e+01 -1.654024e+00 
 1.957806e+01 -1.628325e+00 
 1.957838e+01 -1.582024e+00 
 1.957870e+01 -1.549165e+00 
 1.957903e+01 -1.514151e+00 
 1.957935e+01 -1.480616e+00 
 1.957967e+01 -1.453010e+00 
 1.958000e+01 -1.417840e+00 
 1.958032e+01 -1.377967e+00 
 1.958064e+01 -1.325029e+00 
 1.958096e+01 -1.283896e+00 
 1.958129e+01 -1.245839e+00 
 1.958161e+01 -1.204097e+00 
 1.958193e+01 -1.159859e+00 
 1.958226e+01 -1.124879e+00 
 1.958258e+01 -1.084527e+00 
 1.958290e+01 -1.058540e+00 
 1.958322e+01 -1.030752e+00 
 1.958355e+01 -9.954461e-01 
 1.958387e+01 -9.895141e-01 
 1.958419e+01 -9.812907e-01 
 1.958452e+01 -9.883620e-01 
 1.958484e+01 -9.924683e-01 
 1.958516e+01 -9.921761e-01 
 1.958549e+01 -9.689680e-01 
 1.958581e+01 -9.719437e-01 
 1.958613e+01 -9.772176e-01 
 1.958645e+01 -9.996529e-01 
 1.958678e+01 -1.008487e+00 
 1.958710e+01 -9.937089e-01 
 1.958742e+01 -1.000213e+00 
 1.958775e+01 -1.014354e+00 
 1.958807e+01 -1.029683e+00 
 1.958839e+01 -1.067959e+00 
 1.958872e+01 -1.085656e+00 
 1.958904e+01 -1.088274e+00 
 1.958936e+01 -1.101139e+00 
 1.958968e+01 -1.126353e+00 
 1.959001e+01 -1.142031e+00 
 1.959033e+01 -1.166708e+00 
 1.959065e+01 -1.185884e+00 
 1.959098e+01 -1.206676e+00 
 1.959130e+01 -1.227867e+00 
 1.959162e+01 -1.240767e+00 
 1.959195e+01 -1.253578e+00 
 1.959227e+01 -1.268454e+00 
 1.959259e+01 -1.282682e+00 
 1.959291e+01 -1.300275e+00 
 1.959324e+01 -1.324521e+00 
 1.959356e+01 -1.352589e+00 
 1.959388e+01 -1.370983e+00 
 1.959421e+01 -1.387447e+00 
 1.959453e+01 -1.407709e+00 
 1.959485e+01 -1.430876e+00 
 1.959518e+01 -1.450306e+00 
 1.959550e+01 -1.468826e+00 
 1.959582e+01 -1.480992e+00 
 1.959614e+01 -1.494487e+00 
 1.959647e+01 -1.514399e+00 
 1.959679e+01 -1.538641e+00 
 1.959711e+01 -1.561622e+00 
 1.959744e+01 -1.584799e+00 
 1.959776e+01 -1.581586e+00 
 1.959808e+01 -1.577126e+00 
 1.959841e+01 -1.590641e+00 
 1.959873e+01 -1.608856e+00 
 1.959905e+01 -1.622619e+00 
 1.959937e+01 -1.630993e+00 
 1.959970e+01 -1.644785e+00 
 1.960002e+01 -1.663880e+00 
 1.960034e+01 -1.682459e+00 
 1.960067e+01 -1.699485e+00 
 1.960099e+01 -1.717404e+00 
 1.960131e+01 -1.735967e+00 
 1.960164e+01 -1.655535e+00 
 1.960196e+01 -1.654195e+00 
 1.960228e+01 -1.645264e+00 
 1.960260e+01 -1.638199e+00 
 1.960293e+01 -1.627174e+00 
 1.960325e+01 -1.615459e+00 
 1.960357e+01 -1.600233e+00 
 1.960390e+01 -1.585960e+00 
 1.960422e+01 -1.574963e+00 
 1.960454e+01 -1.562372e+00 
 1.960487e+01 -1.555036e+00 
 1.960519e+01 -1.554038e+00 
 1.960551e+01 -1.546503e+00 
 1.960583e+01 -1.534761e+00 
 1.960616e+01 -1.518881e+00 
 1.960648e+01 -1.498598e+00 
 1.960680e+01 -1.467928e+00 
 1.960713e+01 -1.433791e+00 
 1.960745e+01 -1.412705e+00 
 1.960777e+01 -1.383512e+00 
 1.960810e+01 -1.364914e+00 
 1.960842e+01 -1.355120e+00 
 1.960874e+01 -1.351376e+00 
 1.960906e+01 -1.345945e+00 
 1.960939e+01 -1.342891e+00 
 1.960971e+01 -1.342023e+00 
 1.961003e+01 -1.340352e+00 
 1.961036e+01 -1.340861e+00 
 1.961068e+01 -1.340965e+00 
 1.961100e+01 -1.341761e+00 
 1.961133e+01 -1.337874e+00 
 1.961165e+01 -1.294657e+00 
 1.961197e+01 -1.296684e+00 
 1.961229e+01 -1.298203e+00 
 1.961262e+01 -1.304412e+00 
 1.961294e+01 -1.321099e+00 
 1.961326e+01 -1.342475e+00 
 1.961359e+01 -1.368348e+00 
 1.961391e+01 -1.391892e+00 
 1.961423e+01 -1.417885e+00 
 1.961456e+01 -1.439355e+00 
 1.961488e+01 -1.414963e+00 
 1.961520e+01 -1.430036e+00 
 1.961552e+01 -1.438017e+00 
 1.961585e+01 -1.444327e+00 
 1.961617e+01 -1.452281e+00 
 1.961649e+01 -1.459548e+00 
 1.961682e+01 -1.472910e+00 
 1.961714e+01 -1.492674e+00 
 1.961746e+01 -1.516682e+00 
 1.961778e+01 -1.543761e+00 
 1.961811e+01 -1.570553e+00 
 1.961843e+01 -1.599325e+00 
 1.961875e+01 -1.631157e+00 
 1.961908e+01 -1.655845e+00 
 1.961940e+01 -1.679266e+00 
 1.961972e+01 -1.707746e+00 
 1.962005e+01 -1.746890e+00 
 1.962037e+01 -1.785659e+00 
 1.962069e+01 -1.825877e+00 
 1.962101e+01 -1.867901e+00 
 1.962134e+01 -1.913446e+00 
 1.962166e+01 -1.933528e+00 
 1.962198e+01 -1.940460e+00 
 1.962231e+01 -1.949753e+00 
 1.962263e+01 -1.957058e+00 
 1.962295e+01 -1.956647e+00 
 1.962328e+01 -1.950905e+00 
 1.962360e+01 -1.938159e+00 
 1.962392e+01 -1.920588e+00 
 1.962424e+01 -1.901864e+00 
 1.962457e+01 -1.879082e+00 
 1.962489e+01 -1.859642e+00 
 1.962521e+01 -1.838192e+00 
 1.962554e+01 -1.823220e+00 
 1.962586e+01 -1.810875e+00 
 1.962618e+01 -1.729410e+00 
 1.962651e+01 -1.714637e+00 
 1.962683e+01 -1.694229e+00 
 1.962715e+01 -1.671008e+00 
 1.962747e+01 -1.639908e+00 
 1.962780e+01 -1.613606e+00 
 1.962812e+01 -1.591242e+00 
 1.962844e+01 -1.571953e+00 
 1.962877e+01 -1.557166e+00 
 1.962909e+01 -1.546190e+00 
 1.962941e+01 -1.535909e+00 
 1.962974e+01 -1.521721e+00 
 1.963006e+01 -1.502207e+00 
 1.963038e+01 -1.487999e+00 
 1.963070e+01 -1.476448e+00 
 1.963103e+01 -1.458807e+00 
 1.963135e+01 -1.440712e+00 
 1.963167e+01 -1.417451e+00 
 1.963200e+01 -1.389477e+00 
 1.963232e+01 -1.368299e+00 
 1.963264e+01 -1.349896e+00 
 1.963297e+01 -1.331552e+00 
 1.963329e+01 -1.316735e+00 
 1.963361e+01 -1.303388e+00 
 1.963393e+01 -1.292986e+00 
 1.963426e+01 -1.285379e+00 
 1.963458e+01 -1.277120e+00 
 1.963490e+01 -1.265906e+00 
 1.963523e+01 -1.248524e+00 
 1.963555e+01 -1.229882e+00 
 1.963587e+01 -1.228267e+00 
 1.963620e+01 -1.223641e+00 
 1.963652e+01 -1.220323e+00 
 1.963684e+01 -1.223397e+00 
 1.963716e+01 -1.235292e+00 
 1.963749e+01 -1.200362e+00 
 1.963781e+01 -1.217962e+00 
 1.963813e+01 -1.218348e+00 
 1.963846e+01 -1.228025e+00 
 1.963878e+01 -1.232524e+00 
 1.963910e+01 -1.233554e+00 
 1.963943e+01 -1.236566e+00 
 1.963975e+01 -1.242178e+00 
 1.964007e+01 -1.248723e+00 
 1.964039e+01 -1.257033e+00 
 1.964072e+01 -1.271663e+00 
 1.964104e+01 -1.298183e+00 
 1.964136e+01 -1.332119e+00 
 1.964169e+01 -1.365646e+00 
 1.964201e+01 -1.396117e+00 
 1.964233e+01 -1.427838e+00 
 1.964266e+01 -1.454391e+00 
 1.964298e+01 -1.478076e+00 
 1.964330e+01 -1.498760e+00 
 1.964362e+01 -1.515607e+00 
 1.964395e+01 -1.531010e+00 
 1.964427e+01 -1.546364e+00 
 1.964459e+01 -1.563705e+00 
 1.964492e+01 -1.565709e+00 
 1.964524e+01 -1.586389e+00 
 1.964556e+01 -1.614647e+00 
 1.964589e+01 -1.643680e+00 
 1.964621e+01 -1.672842e+00 
 1.964653e+01 -1.700235e+00 
 1.964685e+01 -1.721379e+00 
 1.964718e+01 -1.734609e+00 
 1.964750e+01 -1.740478e+00 
 1.964782e+01 -1.743249e+00 
 1.964815e+01 -1.745588e+00 
 1.964847e+01 -1.697166e+00 
 1.964879e+01 -1.703325e+00 
 1.964911e+01 -1.710798e+00 
 1.964944e+01 -1.717075e+00 
 1.964976e+01 -1.725007e+00 
 1.965008e+01 -1.731134e+00 
 1.965041e+01 -1.735352e+00 
 1.965073e+01 -1.735537e+00 
 1.965105e+01 -1.731897e+00 
 1.965138e+01 -1.724234e+00 
 1.965170e+01 -1.663475e+00 
 1.965202e+01 -1.646677e+00 
 1.965234e+01 -1.626947e+00 
 1.965267e+01 -1.608233e+00 
 1.965299e+01 -1.593175e+00 
 1.965331e+01 -1.580920e+00 
 1.965364e+01 -1.570328e+00 
 1.965396e+01 -1.561558e+00 
 1.965428e+01 -1.552711e+00 
 1.965461e+01 -1.543130e+00 
 1.965493e+01 -1.530223e+00 
 1.965525e+01 -1.512929e+00 
 1.965557e+01 -1.489414e+00 
 1.965590e+01 -1.462906e+00 
 1.965622e+01 -1.434480e+00 
 1.965654e+01 -1.415232e+00 
 1.965687e+01 -1.396768e+00 
 1.965719e+01 -1.387536e+00 
 1.965751e+01 -1.382514e+00 
 1.965784e+01 -1.378042e+00 
 1.965816e+01 -1.375471e+00 
 1.965848e+01 -1.360840e+00 
 1.965880e+01 -1.360082e+00 
 1.965913e+01 -1.360203e+00 
 1.965945e+01 -1.357153e+00 
 1.965977e+01 -1.346131e+00 
 1.966010e+01 -1.341520e+00 
 1.966042e+01 -1.336976e+00 
 1.966074e+01 -1.287541e+00 
 1.966107e+01 -1.228947e+00 
 1.966139e+01 -1.222174e+00 
 1.966171e+01 -1.223567e+00 
 1.966203e+01 -1.227784e+00 
 1.966236e+01 -1.227177e+00 
 1.966268e+01 -1.224893e+00 
 1.966300e+01 -1.223663e+00 
 1.966333e+01 -1.218196e+00 
 1.966365e+01 -1.217792e+00 
 1.966397e+01 -1.217410e+00 
 1.966430e+01 -1.216122e+00 
 1.966462e+01 -1.213633e+00 
 1.966494e+01 -1.212529e+00 
 1.966526e+01 -1.211315e+00 
 1.966559e+01 -1.206871e+00 
 1.966591e+01 -1.208899e+00 
 1.966623e+01 -1.217110e+00 
 1.966656e+01 -1.228076e+00 
 1.966688e+01 -1.242792e+00 
 1.966720e+01 -1.259277e+00 
 1.966753e+01 -1.272252e+00 
 1.966785e+01 -1.284886e+00 
 1.966817e+01 -1.297382e+00 
 1.966849e+01 -1.307651e+00 
 1.966882e+01 -1.317065e+00 
 1.966914e+01 -1.326843e+00 
 1.966946e+01 -1.333166e+00 
 1.966979e+01 -1.348512e+00 
 1.967011e+01 -1.362233e+00 
 1.967043e+01 -1.376042e+00 
 1.967076e+01 -1.390990e+00 
 1.967108e+01 -1.411336e+00 
 1.967140e+01 -1.428986e+00 
 1.967172e+01 -1.445296e+00 
 1.967205e+01 -1.459902e+00 
 1.967237e+01 -1.468255e+00 
 1.967269e+01 -1.472143e+00 
 1.967302e+01 -1.472868e+00 
 1.967334e+01 -1.467691e+00 
 1.967366e+01 -1.459797e+00 
 1.967399e+01 -1.468726e+00 
 1.967431e+01 -1.465578e+00 
 1.967463e+01 -1.477002e+00 
 1.967495e+01 -1.468267e+00 
 1.967528e+01 -1.466115e+00 
 1.967560e+01 -1.464312e+00 
 1.967592e+01 -1.458413e+00 
 1.967625e+01 -1.446914e+00 
 1.967657e+01 -1.428081e+00 
 1.967689e+01 -1.388414e+00 
 1.967722e+01 -1.369515e+00 
 1.967754e+01 -1.324545e+00 
 1.967786e+01 -1.297173e+00 
 1.967818e+01 -1.268579e+00 
 1.967851e+01 -1.237717e+00 
 1.967883e+01 -1.250678e+00 
 1.967915e+01 -1.238220e+00 
 1.967948e+01 -1.228254e+00 
 1.967980e+01 -1.220020e+00 
 1.968012e+01 -1.202749e+00 
 1.968045e+01 -1.189896e+00 
 1.968077e+01 -1.176491e+00 
 1.968109e+01 -1.159607e+00 
 1.968141e+01 -1.137095e+00 
 1.968174e+01 -1.112320e+00 
 1.968206e+01 -1.049577e+00 
 1.968238e+01 -1.030635e+00 
 1.968271e+01 -1.006526e+00 
 1.968303e+01 -9.901765e-01 
 1.968335e+01 -9.752068e-01 
 1.968368e+01 -9.605466e-01 
 1.968400e+01 -9.492130e-01 
 1.968432e+01 -9.400746e-01 
 1.968464e+01 -9.229799e-01 
 1.968497e+01 -8.657294e-01 
 1.968529e+01 -8.490106e-01 
 1.968561e+01 -8.365919e-01 
 1.968594e+01 -8.257499e-01 
 1.968626e+01 -8.163261e-01 
 1.968658e+01 -8.098822e-01 
 1.968690e+01 -8.084676e-01 
 1.968723e+01 -8.143527e-01 
 1.968755e+01 -8.284585e-01 
 1.968787e+01 -8.444723e-01 
 1.968820e+01 -8.673687e-01 
 1.968852e+01 -9.036445e-01 
 1.968884e+01 -9.239459e-01 
 1.968917e+01 -9.313382e-01 
 1.968949e+01 -9.411066e-01 
 1.968981e+01 -9.549982e-01 
 1.969013e+01 -9.731519e-01 
 1.969046e+01 -9.886682e-01 
 1.969078e+01 -1.009393e+00 
 1.969110e+01 -1.031209e+00 
 1.969143e+01 -1.065765e+00 
 1.969175e+01 -1.093953e+00 
 1.969207e+01 -1.113932e+00 
 1.969240e+01 -1.135380e+00 
 1.969272e+01 -1.154797e+00 
 1.969304e+01 -1.172633e+00 
 1.969336e+01 -1.190024e+00 
 1.969369e+01 -1.208699e+00 
 1.969401e+01 -1.227502e+00 
 1.969433e+01 -1.251408e+00 
 1.969466e+01 -1.276703e+00 
 1.969498e+01 -1.302481e+00 
 1.969530e+01 -1.326758e+00 
 1.969563e+01 -1.351054e+00 
 1.969595e+01 -1.382282e+00 
 1.969627e+01 -1.414635e+00 
 1.969659e+01 -1.447534e+00 
 1.969692e+01 -1.476771e+00 
 1.969724e+01 -1.498172e+00 
 1.969756e+01 -1.519792e+00 
 1.969789e+01 -1.546650e+00 
 1.969821e+01 -1.579137e+00 
 1.969853e+01 -1.607403e+00 
 1.969886e+01 -1.633605e+00 
 1.969918e+01 -1.663855e+00 
 1.969950e+01 -1.689648e+00 
 1.969982e+01 -1.713419e+00 
 1.970015e+01 -1.733165e+00 
 1.970047e+01 -1.749743e+00 
 1.970079e+01 -1.759005e+00 
 1.970112e+01 -1.767629e+00 
 1.970144e+01 -1.775951e+00 
 1.970176e+01 -1.784202e+00 
 1.970209e+01 -1.784414e+00 
 1.970241e+01 -1.777780e+00 
 1.970273e+01 -1.770265e+00 
 1.970305e+01 -1.764165e+00 
 1.970338e+01 -1.762138e+00 
 1.970370e+01 -1.755896e+00 
 1.970402e+01 -1.747039e+00 
 1.970435e+01 -1.734856e+00 
 1.970467e+01 -1.728431e+00 
 1.970499e+01 -1.723863e+00 
 1.970532e+01 -1.718108e+00 
 1.970564e+01 -1.714122e+00 
 1.970596e+01 -1.697718e+00 
 1.970628e+01 -1.685624e+00 
 1.970661e+01 -1.676919e+00 
 1.970693e+01 -1.671031e+00 
 1.970725e+01 -1.662815e+00 
 1.970758e+01 -1.652848e+00 
 1.970790e+01 -1.648436e+00 
 1.970822e+01 -1.642752e+00 
 1.970855e+01 -1.640190e+00 
 1.970887e+01 -1.640226e+00 
 1.970919e+01 -1.638509e+00 
 1.970951e+01 -1.638499e+00 
 1.970984e+01 -1.640489e+00 
 1.971016e+01 -1.645016e+00 
 1.971048e+01 -1.648207e+00 
 1.971081e+01 -1.642788e+00 
 1.971113e+01 -1.634693e+00 
 1.971145e+01 -1.632639e+00 
 1.971178e+01 -1.632403e+00 
 1.971210e+01 -1.639833e+00 
 1.971242e+01 -1.646183e+00 
 1.971274e+01 -1.619604e+00 
 1.971307e+01 -1.626378e+00 
 1.971339e+01 -1.639664e+00 
 1.971371e+01 -1.653938e+00 
 1.971404e+01 -1.666894e+00 
 1.971436e+01 -1.676312e+00 
 1.971468e+01 -1.681587e+00 
 1.971501e+01 -1.690684e+00 
 1.971533e+01 -1.703581e+00 
 1.971565e+01 -1.720824e+00 
 1.971597e+01 -1.713130e+00 
 1.971630e+01 -1.732178e+00 
 1.971662e+01 -1.757776e+00 
 1.971694e+01 -1.786856e+00 
 1.971727e+01 -1.816072e+00 
 1.971759e+01 -1.840739e+00 
 1.971791e+01 -1.861268e+00 
 1.971823e+01 -1.879871e+00 
 1.971856e+01 -1.897039e+00 
 1.971888e+01 -1.906853e+00 
 1.971920e+01 -1.916752e+00 
 1.971953e+01 -1.929582e+00 
 1.971985e+01 -1.946128e+00 
 1.972017e+01 -1.964791e+00 
 1.972050e+01 -1.985698e+00 
 1.972082e+01 -2.006354e+00 
 1.972114e+01 -2.023757e+00 
 1.972146e+01 -2.038665e+00 
 1.972179e+01 -2.057660e+00 
 1.972211e+01 -2.076500e+00 
 1.972243e+01 -2.093719e+00 
 1.972276e+01 -2.101018e+00 
 1.972308e+01 -2.114308e+00 
 1.972340e+01 -2.128641e+00 
 1.972373e+01 -2.148164e+00 
 1.972405e+01 -2.167988e+00 
 1.972437e+01 -2.186023e+00 
 1.972469e+01 -2.202651e+00 
 1.972502e+01 -2.221624e+00 
 1.972534e+01 -2.238882e+00 
 1.972566e+01 -2.253965e+00 
 1.972599e+01 -2.259331e+00 
 1.972631e+01 -2.261596e+00 
 1.972663e+01 -2.261324e+00 
 1.972696e+01 -2.260121e+00 
 1.972728e+01 -2.261509e+00 
 1.972760e+01 -2.263026e+00 
 1.972792e+01 -2.256635e+00 
 1.972825e+01 -2.253755e+00 
 1.972857e+01 -2.249200e+00 
 1.972889e+01 -2.245831e+00 
 1.972922e+01 -2.241101e+00 
 1.972954e+01 -2.236988e+00 
 1.972986e+01 -2.175505e+00 
 1.973019e+01 -2.162574e+00 
 1.973051e+01 -2.149309e+00 
 1.973083e+01 -2.130587e+00 
 1.973115e+01 -2.109423e+00 
 1.973148e+01 -2.087382e+00 
 1.973180e+01 -2.070660e+00 
 1.973212e+01 -2.060291e+00 
 1.973245e+01 -2.053500e+00 
 1.973277e+01 -2.053430e+00 
 1.973309e+01 -2.053495e+00 
 1.973342e+01 -2.038960e+00 
 1.973374e+01 -2.023175e+00 
 1.973406e+01 -2.010065e+00 
 1.973438e+01 -1.990083e+00 
 1.973471e+01 -1.969699e+00 
 1.973503e+01 -1.952275e+00 
 1.973535e+01 -1.932604e+00 
 1.973568e+01 -1.921521e+00 
 1.973600e+01 -1.912870e+00 
 1.973632e+01 -1.904885e+00 
 1.973665e+01 -1.902039e+00 
 1.973697e+01 -1.898073e+00 
 1.973729e+01 -1.898569e+00 
 1.973761e+01 -1.895825e+00 
 1.973794e+01 -1.891187e+00 
 1.973826e+01 -1.883604e+00 
 1.973858e+01 -1.875491e+00 
 1.973891e+01 -1.870298e+00 
 1.973923e+01 -1.868345e+00 
 1.973955e+01 -1.870997e+00 
 1.973988e+01 -1.873512e+00 
 1.974020e+01 -1.879805e+00 
 1.974052e+01 -1.888321e+00 
 1.974084e+01 -1.901817e+00 
 1.974117e+01 -1.917865e+00 
 1.974149e+01 -1.930910e+00 
 1.974181e+01 -1.860842e+00 
 1.974214e+01 -1.867926e+00 
 1.974246e+01 -1.878892e+00 
 1.974278e+01 -1.888214e+00 
 1.974311e+01 -1.893713e+00 
 1.974343e+01 -1.897456e+00 
 1.974375e+01 -1.902212e+00 
 1.974407e+01 -1.913013e+00 
 1.974440e+01 -1.928790e+00 
 1.974472e+01 -1.944582e+00 
 1.974504e+01 -1.962623e+00 
 1.974537e+01 -1.978509e+00 
 1.974569e+01 -1.992276e+00 
 1.974601e+01 -2.005321e+00 
 1.974633e+01 -2.012685e+00 
 1.974666e+01 -2.013105e+00 
 1.974698e+01 -2.010049e+00 
 1.974730e+01 -2.002034e+00 
 1.974763e+01 -2.002611e+00 
 1.974795e+01 -2.005320e+00 
 1.974827e+01 -2.009165e+00 
 1.974860e+01 -2.014182e+00 
 1.974892e+01 -2.016905e+00 
 1.974924e+01 -2.021923e+00 
 1.974956e+01 -2.026546e+00 
 1.974989e+01 -2.027353e+00 
 1.975021e+01 -2.021912e+00 
 1.975053e+01 -2.010914e+00 
 1.975086e+01 -1.997011e+00 
 1.975118e+01 -1.980389e+00 
 1.975150e+01 -1.963970e+00 
 1.975183e+01 -1.941634e+00 
 1.975215e+01 -1.915302e+00 
 1.975247e+01 -1.890191e+00 
 1.975279e+01 -1.865079e+00 
 1.975312e+01 -1.837509e+00 
 1.975344e+01 -1.803136e+00 
 1.975376e+01 -1.760014e+00 
 1.975409e+01 -1.708440e+00 
 1.975441e+01 -1.652699e+00 
 1.975473e+01 -1.590751e+00 
 1.975506e+01 -1.527312e+00 
 1.975538e+01 -1.460968e+00 
 1.975570e+01 -1.398689e+00 
 1.975602e+01 -1.335983e+00 
 1.975635e+01 -1.276885e+00 
 1.975667e+01 -1.222110e+00 
 1.975699e+01 -1.167997e+00 
 1.975732e+01 -1.109471e+00 
 1.975764e+01 -1.053325e+00 
 1.975796e+01 -1.000523e+00 
 1.975829e+01 -9.425940e-01 
 1.975861e+01 -8.836899e-01 
 1.975893e+01 -8.255442e-01 
 1.975925e+01 -7.678699e-01 
 1.975958e+01 -7.144592e-01 
 1.975990e+01 -6.659054e-01 
 1.976022e+01 -6.228278e-01 
 1.976055e+01 -5.851417e-01 
 1.976087e+01 -5.503766e-01 
 1.976119e+01 -5.242144e-01 
 1.976152e+01 -5.109192e-01 
 1.976184e+01 -4.964071e-01 
 1.976216e+01 -4.798923e-01 
 1.976248e+01 -4.606863e-01 
 1.976281e+01 -4.418851e-01 
 1.976313e+01 -4.254197e-01 
 1.976345e+01 -4.102178e-01 
 1.976378e+01 -4.014596e-01 
 1.976410e+01 -4.007644e-01 
 1.976442e+01 -4.070817e-01 
 1.976475e+01 -4.310981e-01 
 1.976507e+01 -4.642813e-01 
 1.976539e+01 -4.980511e-01 
 1.976571e+01 -5.271967e-01 
 1.976604e+01 -5.548531e-01 
 1.976636e+01 -5.784530e-01 
 1.976668e+01 -6.011618e-01 
 1.976701e+01 -6.223459e-01 
 1.976733e+01 -6.343289e-01 
 1.976765e+01 -6.412462e-01 
 1.976798e+01 -6.513791e-01 
 1.976830e+01 -6.634537e-01 
 1.976862e+01 -6.790823e-01 
 1.976894e+01 -6.970881e-01 
 1.976927e+01 -7.127480e-01 
 1.976959e+01 -7.288079e-01 
 1.976991e+01 -7.439084e-01 
 1.977024e+01 -7.602930e-01 
 1.977056e+01 -7.752341e-01 
 1.977088e+01 -7.820989e-01 
 1.977121e+01 -8.148884e-01 
 1.977153e+01 -8.228689e-01 
 1.977185e+01 -8.298516e-01 
 1.977217e+01 -8.364617e-01 
 1.977250e+01 -8.425140e-01 
 1.977282e+01 -8.452930e-01 
 1.977314e+01 -8.517430e-01 
 1.977347e+01 -8.629424e-01 
 1.977379e+01 -8.719446e-01 
 1.977411e+01 -8.802312e-01 
 1.977443e+01 -8.826933e-01 
 1.977476e+01 -8.772695e-01 
 1.977508e+01 -8.690928e-01 
 1.977540e+01 -8.590755e-01 
 1.977573e+01 -8.460612e-01 
 1.977605e+01 -8.289674e-01 
 1.977637e+01 -8.106089e-01 
 1.977670e+01 -7.949517e-01 
 1.977702e+01 -7.836219e-01 
 1.977734e+01 -7.761587e-01 
 1.977766e+01 -7.686622e-01 
 1.977799e+01 -7.583606e-01 
 1.977831e+01 -7.465135e-01 
 1.977863e+01 -7.340268e-01 
 1.977896e+01 -7.174386e-01 
 1.977928e+01 -6.973833e-01 
 1.977960e+01 -6.745552e-01 
 1.977993e+01 -6.535678e-01 
 1.978025e+01 -6.286025e-01 
 1.978057e+01 -6.068879e-01 
 1.978089e+01 -5.869396e-01 
 1.978122e+01 -5.635974e-01 
 1.978154e+01 -5.400998e-01 
 1.978186e+01 -5.242682e-01 
 1.978219e+01 -5.063661e-01 
 1.978251e+01 -4.894705e-01 
 1.978283e+01 -4.697934e-01 
 1.978316e+01 -4.460941e-01 
 1.978348e+01 -4.276514e-01 
 1.978380e+01 -4.064115e-01 
 1.978412e+01 -3.852778e-01 
 1.978445e+01 -3.634233e-01 
 1.978477e+01 -3.460925e-01 
 1.978509e+01 -3.298456e-01 
 1.978542e+01 -3.236860e-01 
 1.978574e+01 -3.129904e-01 
 1.978606e+01 -3.623168e-01 
 1.978639e+01 -3.611318e-01 
 1.978671e+01 -3.602012e-01 
 1.978703e+01 -3.634231e-01 
 1.978735e+01 -3.693298e-01 
 1.978768e+01 -3.766242e-01 
 1.978800e+01 -3.810053e-01 
 1.978832e+01 -3.817745e-01 
 1.978865e+01 -3.846812e-01 
 1.978897e+01 -3.895984e-01 
 1.978929e+01 -4.517673e-01 
 1.978962e+01 -4.643801e-01 
 1.978994e+01 -4.797769e-01 
 1.979026e+01 -5.003522e-01 
 1.979058e+01 -5.247657e-01 
 1.979091e+01 -5.552299e-01 
 1.979123e+01 -5.814579e-01 
 1.979155e+01 -5.984815e-01 
 1.979188e+01 -6.099702e-01 
 1.979220e+01 -6.170991e-01 
 1.979252e+01 -6.254210e-01 
 1.979285e+01 -6.370224e-01 
 1.979317e+01 -6.511932e-01 
 1.979349e+01 -6.694555e-01 
 1.979381e+01 -6.948398e-01 
 1.979414e+01 -7.273869e-01 
 1.979446e+01 -7.655745e-01 
 1.979478e+01 -8.003995e-01 
 1.979511e+01 -8.320199e-01 
 1.979543e+01 -8.598398e-01 
 1.979575e+01 -8.829128e-01 
 1.979608e+01 -9.037141e-01 
 1.979640e+01 -9.166122e-01 
 1.979672e+01 -9.271593e-01 
 1.979704e+01 -9.364465e-01 
 1.979737e+01 -9.507495e-01 
 1.979769e+01 -9.678963e-01 
 1.979801e+01 -9.876939e-01 
 1.979834e+01 -1.008941e+00 
 1.979866e+01 -1.028500e+00 
 1.979898e+01 -1.047754e+00 
 1.979931e+01 -1.064414e+00 
 1.979963e+01 -1.076431e+00 
 1.979995e+01 -1.078946e+00 
 1.980027e+01 -1.075871e+00 
 1.980060e+01 -1.068234e+00 
 1.980092e+01 -1.058209e+00 
 1.980124e+01 -1.070480e+00 
 1.980157e+01 -1.056828e+00 
 1.980189e+01 -1.041363e+00 
 1.980221e+01 -1.030604e+00 
 1.980253e+01 -1.026401e+00 
 1.980286e+01 -1.022697e+00 
 1.980318e+01 -1.022656e+00 
 1.980350e+01 -1.012619e+00 
 1.980383e+01 -9.902541e-01 
 1.980415e+01 -9.612752e-01 
 1.980447e+01 -9.300101e-01 
 1.980480e+01 -8.935745e-01 
 1.980512e+01 -8.583310e-01 
 1.980544e+01 -8.215261e-01 
 1.980576e+01 -7.923984e-01 
 1.980609e+01 -7.603910e-01 
 1.980641e+01 -7.283383e-01 
 1.980673e+01 -6.919093e-01 
 1.980706e+01 -6.574371e-01 
 1.980738e+01 -6.252085e-01 
 1.980770e+01 -5.922246e-01 
 1.980803e+01 -5.566654e-01 
 1.980835e+01 -5.204265e-01 
 1.980867e+01 -4.811014e-01 
 1.980899e+01 -4.415930e-01 
 1.980932e+01 -4.083109e-01 
 1.980964e+01 -3.805013e-01 
 1.980996e+01 -3.566809e-01 
 1.981029e+01 -3.365840e-01 
 1.981061e+01 -3.215783e-01 
 1.981093e+01 -3.131299e-01 
 1.981126e+01 -3.074104e-01 
 1.981158e+01 -2.963324e-01 
 1.981190e+01 -2.982990e-01 
 1.981222e+01 -2.847851e-01 
 1.981255e+01 -2.758467e-01 
 1.981287e+01 -2.712475e-01 
 1.981319e+01 -2.731169e-01 
 1.981352e+01 -2.970583e-01 
 1.981384e+01 -3.081219e-01 
 1.981416e+01 -3.221005e-01 
 1.981449e+01 -3.402212e-01 
 1.981481e+01 -3.612105e-01 
 1.981513e+01 -3.824093e-01 
 1.981545e+01 -4.007882e-01 
 1.981578e+01 -4.205720e-01 
 1.981610e+01 -4.411385e-01 
 1.981642e+01 -4.631386e-01 
 1.981675e+01 -4.841139e-01 
 1.981707e+01 -5.019653e-01 
 1.981739e+01 -5.229460e-01 
 1.981772e+01 -5.470178e-01 
 1.981804e+01 -5.756832e-01 
 1.981836e+01 -6.072546e-01 
 1.981868e+01 -6.415344e-01 
 1.981901e+01 -6.743956e-01 
 1.981933e+01 -7.063982e-01 
 1.981965e+01 -7.372224e-01 
 1.981998e+01 -7.670130e-01 
 1.982030e+01 -7.930055e-01 
 1.982062e+01 -8.179993e-01 
 1.982095e+01 -8.438025e-01 
 1.982127e+01 -8.691988e-01 
 1.982159e+01 -8.949921e-01 
 1.982191e+01 -9.182592e-01 
 1.982224e+01 -9.400467e-01 
 1.982256e+01 -9.651045e-01 
 1.982288e+01 -9.978157e-01 
 1.982321e+01 -1.032594e+00 
 1.982353e+01 -1.065147e+00 
 1.982385e+01 -1.095632e+00 
 1.982418e+01 -1.121314e+00 
 1.982450e+01 -1.141658e+00 
 1.982482e+01 -1.159484e+00 
 1.982514e+01 -1.176635e+00 
 1.982547e+01 -1.192775e+00 
 1.982579e+01 -1.208067e+00 
 1.982611e+01 -1.224724e+00 
 1.982644e+01 -1.239431e+00 
 1.982676e+01 -1.251766e+00 
 1.982708e+01 -1.256435e+00 
 1.982740e+01 -1.210821e+00 
 1.982773e+01 -1.444470e+00 
 1.982805e+01 -1.304434e+00 
 1.982837e+01 -1.322611e+00 
 1.982870e+01 -1.239077e+00 
 1.982902e+01 -1.434325e+00 
 1.982934e+01 -1.416089e+00 
 1.982967e+01 -1.328400e+00 
 1.982999e+01 -1.341436e+00 
 1.983031e+01 -1.290162e+00 
 1.983063e+01 -1.316535e+00 
 1.983096e+01 -1.255369e+00 
 1.983128e+01 -1.302289e+00 
 1.983160e+01 -1.214964e+00 
 1.983193e+01 -1.256060e+00 
 1.983225e+01 -1.180844e+00 
 1.983257e+01 -1.213923e+00 
 1.983290e+01 -1.123721e+00 
 1.983322e+01 -1.142472e+00 
 1.983354e+01 -1.050553e+00 
 1.983386e+01 -1.048736e+00 
 1.983419e+01 -9.859099e-01 
 1.983451e+01 -9.528734e-01 
 1.983483e+01 -8.856073e-01 
 1.983516e+01 -8.614473e-01 
 1.983548e+01 -7.940795e-01 
 1.983580e+01 -7.655496e-01 
 1.983613e+01 -7.353542e-01 
 1.983645e+01 -6.820245e-01 
 1.983677e+01 -6.503980e-01 
 1.983709e+01 -5.957757e-01 
 1.983742e+01 -5.584736e-01 
 1.983774e+01 -5.098636e-01 
 1.983806e+01 -4.752692e-01 
 1.983839e+01 -4.235111e-01 
 1.983871e+01 -4.159334e-01 
 1.983903e+01 -3.561061e-01 
 1.983936e+01 -3.566919e-01 
 1.983968e+01 -3.082310e-01 
 1.984000e+01 -3.057226e-01 
 1.984032e+01 -2.610913e-01 
 1.984065e+01 -2.681888e-01 
 1.984097e+01 -2.251905e-01 
 1.984129e+01 -2.246144e-01 
 1.984162e+01 -1.834917e-01 
 1.984194e+01 -1.657498e-01 
 1.984226e+01 -1.348649e-01 
 1.984259e+01 -1.263090e-01 
 1.984291e+01 -1.044268e-01 
 1.984323e+01 -9.815077e-02 
 1.984355e+01 -1.064672e-01 
 1.984388e+01 -9.858127e-02 
 1.984420e+01 -8.631090e-02 
 1.984452e+01 -7.352061e-02 
 1.984485e+01 -7.340243e-02 
 1.984517e+01 -5.501123e-02 
 1.984549e+01 -5.974254e-02 
 1.984582e+01 -2.183316e-02 
 1.984614e+01 -5.270906e-02 
 1.984646e+01 -3.726231e-02 
 1.984678e+01 -5.226598e-02 
 1.984711e+01 -1.718531e-02 
 1.984743e+01  4.758698e-03 
 1.984775e+01 -5.181485e-03 
 1.984808e+01 -6.047789e-02 
 1.984840e+01 -1.069794e-01 
 1.984872e+01 -5.562693e-02 
 1.984905e+01 -2.539916e-02 
 1.984937e+01 -2.649159e-02 
 1.984969e+01 -5.592369e-02 
 1.985001e+01 -8.138820e-02 
 1.985034e+01 -8.911290e-02 
 1.985066e+01 -4.468875e-02 
 1.985098e+01  1.676796e-02 
 1.985131e+01 -3.136206e-02 
 1.985163e+01 -8.989969e-02 
 1.985195e+01 -7.568263e-02 
 1.985228e+01 -5.744522e-02 
 1.985260e+01 -5.032647e-02 
 1.985292e+01 -4.154166e-02 
 1.985324e+01 -4.381421e-02 
 1.985357e+01 -4.941156e-02 
 1.985389e+01 -4.264676e-02 
 1.985421e+01 -1.985073e-02 
 1.985454e+01 -1.395969e-02 
 1.985486e+01 -3.890764e-02 
 1.985518e+01 -2.064811e-02 
 1.985550e+01  2.489870e-02 
 1.985583e+01 -7.339451e-05 
 1.985615e+01  5.530368e-02 
 1.985647e+01  3.529447e-02 
 1.985680e+01  8.240431e-02 
 1.985712e+01  6.655877e-02 
 1.985744e+01  7.188112e-02 
 1.985777e+01  1.320439e-01 
 1.985809e+01  5.765749e-02 
 1.985841e+01  9.605934e-02 
 1.985873e+01  1.179493e-01 
 1.985906e+01  1.626373e-01 
 1.985938e+01  2.017993e-01 
 1.985970e+01  2.219457e-01 
 1.986003e+01  2.566968e-01 
 1.986035e+01  3.062605e-01 
 1.986067e+01  3.406850e-01 
 1.986100e+01  3.744404e-01 
 1.986132e+01  4.353129e-01 
 1.986164e+01  4.556161e-01 
 1.986196e+01  5.228305e-01 
 1.986229e+01  5.524781e-01 
 1.986261e+01  5.895659e-01 
 1.986293e+01  6.497686e-01 
 1.986326e+01  6.721902e-01 
 1.986358e+01  7.149798e-01 
 1.986390e+01  7.282438e-01 
 1.986423e+01  7.290020e-01 
 1.986455e+01  7.451511e-01 
 1.986487e+01  8.061197e-01 
 1.986519e+01  8.257773e-01 
 1.986552e+01  8.562919e-01 
 1.986584e+01  8.496725e-01 
 1.986616e+01  8.800279e-01 
 1.986649e+01  8.896340e-01 
 1.986681e+01  8.658470e-01 
 1.986713e+01  8.392858e-01 
 1.986746e+01  8.181353e-01 
 1.986778e+01  8.125343e-01 
 1.986810e+01  8.349076e-01 
 1.986842e+01  7.918536e-01 
 1.986875e+01  7.664818e-01 
 1.986907e+01  7.833467e-01 
 1.986939e+01  8.119244e-01 
 1.986972e+01  8.428586e-01 
 1.987004e+01  7.723319e-01 
 1.987036e+01  7.787805e-01 
 1.987069e+01  7.533865e-01 
 1.987101e+01  7.269228e-01 
 1.987133e+01  7.106597e-01 
 1.987165e+01  7.105815e-01 
 1.987198e+01  6.616095e-01 
 1.987230e+01  6.199237e-01 
 1.987262e+01  5.852882e-01 
 1.987295e+01  5.824111e-01 
 1.987327e+01  5.836990e-01 
 1.987359e+01  5.587441e-01 
 1.987392e+01  4.990131e-01 
 1.987424e+01  4.230382e-01 
 1.987456e+01  4.236328e-01 
 1.987488e+01  4.060478e-01 
 1.987521e+01  3.543392e-01 
 1.987553e+01  2.446117e-01 
 1.987585e+01  2.182695e-01 
 1.987618e+01  1.965743e-01 
 1.987650e+01  1.701540e-01 
 1.987682e+01  1.335332e-01 
 1.987715e+01  9.645603e-02 
 1.987747e+01  7.034350e-02 
 1.987779e+01  5.268353e-02 
 1.987811e+01  3.904935e-02 
 1.987844e+01  1.979556e-02 
 1.987876e+01 -3.376581e-02 
 1.987908e+01 -4.497021e-02 
 1.987941e+01 -7.172248e-02 
 1.987973e+01 -1.406255e-01 
 1.988005e+01 -1.759683e-01 
 1.988038e+01 -2.057779e-01 
 1.988070e+01 -2.293298e-01 
 1.988102e+01 -2.537241e-01 
 1.988134e+01 -2.751914e-01 
 1.988167e+01 -2.772610e-01 
 1.988199e+01 -2.800498e-01 
 1.988231e+01 -2.967627e-01 
 1.988264e+01 -2.977497e-01 
 1.988296e+01 -3.163300e-01 
 1.988328e+01 -3.186228e-01 
 1.988361e+01 -3.404413e-01 
 1.988393e+01 -3.337796e-01 
 1.988425e+01 -3.885817e-01 
 1.988457e+01 -4.077178e-01 
 1.988490e+01 -3.855542e-01 
 1.988522e+01 -3.832719e-01 
 1.988554e+01 -3.646229e-01 
 1.988587e+01 -3.449480e-01 
 1.988619e+01 -3.318207e-01 
 1.988651e+01 -3.204898e-01 
 1.988683e+01 -3.005151e-01 
 1.988716e+01 -2.986653e-01 
 1.988748e+01 -2.727879e-01 
 1.988780e+01 -2.770974e-01 
 1.988813e+01 -2.575668e-01 
 1.988845e+01 -2.485931e-01 
 1.988877e+01 -2.385050e-01 
 1.988910e+01 -2.516846e-01 
 1.988942e+01 -2.257919e-01 
 1.988974e+01 -2.108618e-01 
 1.989006e+01 -1.648044e-01 
 1.989039e+01 -1.630209e-01 
 1.989071e+01 -1.554448e-01 
 1.989103e+01 -1.594729e-01 
 1.989136e+01 -1.572750e-01 
 1.989168e+01 -1.439119e-01 
 1.989200e+01 -1.284977e-01 
 1.989233e+01 -1.232037e-01 
 1.989265e+01 -1.645552e-01 
 1.989297e+01 -1.721819e-01 
 1.989329e+01 -1.611802e-01 
 1.989362e+01 -1.146516e-01 
 1.989394e+01 -1.143966e-01 
 1.989426e+01 -1.298820e-01 
 1.989459e+01 -1.593426e-01 
 1.989491e+01 -1.615810e-01 
 1.989523e+01 -1.402689e-01 
 1.989556e+01 -1.214928e-01 
 1.989588e+01 -1.424527e-01 
 1.989620e+01 -1.726689e-01 
 1.989652e+01 -1.848994e-01 
 1.989685e+01 -1.581370e-01 
 1.989717e+01 -1.506163e-01 
 1.989749e+01 -1.591904e-01 
 1.989782e+01 -1.770797e-01 
 1.989814e+01 -1.823090e-01 
 1.989846e+01 -1.803260e-01 
 1.989879e+01 -1.830390e-01 
 1.989911e+01 -2.008701e-01 
 1.989943e+01 -2.278685e-01 
 1.989975e+01 -2.343430e-01 
 1.990008e+01 -2.550572e-01 
 1.990040e+01 -2.763678e-01 
 1.990072e+01 -3.018972e-01 
 1.990105e+01 -3.016526e-01 
 1.990137e+01 -3.037659e-01 
 1.990169e+01 -2.938312e-01 
 1.990202e+01 -3.071325e-01 
 1.990234e+01 -3.164628e-01 
 1.990266e+01 -3.326325e-01 
 1.990298e+01 -3.493647e-01 
 1.990331e+01 -3.711988e-01 
 1.990363e+01 -4.033881e-01 
 1.990395e+01 -5.191076e-01 
 1.990428e+01 -5.402392e-01 
 1.990460e+01 -5.732748e-01 
 1.990492e+01 -6.161658e-01 
 1.990525e+01 -6.507465e-01 
 1.990557e+01 -6.772817e-01 
 1.990589e+01 -6.986605e-01 
 1.990621e+01 -7.212715e-01 
 1.990654e+01 -7.331792e-01 
 1.990686e+01 -7.718660e-01 
 1.990718e+01 -7.912130e-01 
 1.990751e+01 -8.010317e-01 
 1.990783e+01 -8.225382e-01 
 1.990815e+01 -8.645944e-01 
 1.990848e+01 -8.901911e-01 
 1.990880e+01 -9.201618e-01 
 1.990912e+01 -9.552913e-01 
 1.990944e+01 -1.005515e+00 
 1.990977e+01 -1.022256e+00 
 1.991009e+01 -1.030158e+00 
 1.991041e+01 -1.036425e+00 
 1.991074e+01 -1.033222e+00 
 1.991106e+01 -1.039611e+00 
 1.991138e+01 -1.029614e+00 
 1.991171e+01 -1.036574e+00 
 1.991203e+01 -1.040263e+00 
 1.991235e+01 -1.036669e+00 
 1.991267e+01 -1.029046e+00 
 1.991300e+01 -1.049549e+00 
 1.991332e+01 -1.059586e+00 
 1.991364e+01 -1.063664e+00 
 1.991397e+01 -1.035604e+00 
 1.991429e+01 -9.914933e-01 
 1.991461e+01 -9.646680e-01 
 1.991493e+01 -9.552346e-01 
 1.991526e+01 -9.438810e-01 
 1.991558e+01 -8.997039e-01 
 1.991590e+01 -8.481834e-01 
 1.991623e+01 -8.608084e-01 
 1.991655e+01 -8.679224e-01 
 1.991687e+01 -8.764165e-01 
 1.991720e+01 -8.635634e-01 
 1.991752e+01 -8.436051e-01 
 1.991784e+01 -8.355126e-01 
 1.991816e+01 -8.150995e-01 
 1.991849e+01 -8.108305e-01 
 1.991881e+01 -7.908739e-01 
 1.991913e+01 -7.710046e-01 
 1.991946e+01 -7.324623e-01 
 1.991978e+01 -7.103034e-01 
 1.992010e+01 -7.052572e-01 
 1.992043e+01 -7.061370e-01 
 1.992075e+01 -7.019003e-01 
 1.992107e+01 -7.077143e-01 
 1.992139e+01 -7.008432e-01 
 1.992172e+01 -6.989005e-01 
 1.992204e+01 -7.467353e-01 
 1.992236e+01 -7.355762e-01 
 1.992269e+01 -7.154995e-01 
 1.992301e+01 -7.072020e-01 
 1.992333e+01 -7.006585e-01 
 1.992366e+01 -6.852622e-01 
 1.992398e+01 -6.687810e-01 
 1.992430e+01 -6.621292e-01 
 1.992462e+01 -6.746525e-01 
 1.992495e+01 -6.952824e-01 
 1.992527e+01 -7.107395e-01 
 1.992559e+01 -7.296569e-01 
 1.992592e+01 -7.383208e-01 
 1.992624e+01 -7.477217e-01 
 1.992656e+01 -7.479483e-01 
 1.992689e+01 -7.493898e-01 
 1.992721e+01 -7.555803e-01 
 1.992753e+01 -7.747589e-01 
 1.992785e+01 -7.900562e-01 
 1.992818e+01 -8.160508e-01 
 1.992850e+01 -8.443793e-01 
 1.992882e+01 -8.832157e-01 
 1.992915e+01 -9.101036e-01 
 1.992947e+01 -9.368026e-01 
 1.992979e+01 -9.477665e-01 
 1.993012e+01 -9.480025e-01 
 1.993044e+01 -9.425848e-01 
 1.993076e+01 -9.323201e-01 
 1.993108e+01 -9.226008e-01 
 1.993141e+01 -8.997180e-01 
 1.993173e+01 -8.939113e-01 
 1.993205e+01 -8.979354e-01 
 1.993238e+01 -9.901267e-01 
 1.993270e+01 -9.941187e-01 
 1.993302e+01 -1.008489e+00 
 1.993335e+01 -1.032177e+00 
 1.993367e+01 -1.052578e+00 
 1.993399e+01 -1.067332e+00 
 1.993431e+01 -1.074193e+00 
 1.993464e+01 -1.053140e+00 
 1.993496e+01 -1.038921e+00 
 1.993528e+01 -1.026108e+00 
 1.993561e+01 -1.018198e+00 
 1.993593e+01 -9.946641e-01 
 1.993625e+01 -9.675265e-01 
 1.993658e+01 -9.398279e-01 
 1.993690e+01 -9.327163e-01 
 1.993722e+01 -9.259622e-01 
 1.993754e+01 -9.349799e-01 
 1.993787e+01 -9.185442e-01 
 1.993819e+01 -8.929826e-01 
 1.993851e+01 -8.900804e-01 
 1.993884e+01 -8.643149e-01 
 1.993916e+01 -8.335895e-01 
 1.993948e+01 -7.877495e-01 
 1.993980e+01 -7.395849e-01 
 1.994013e+01 -6.852509e-01 
 1.994045e+01 -6.392459e-01 
 1.994077e+01 -6.157736e-01 
 1.994110e+01 -5.924582e-01 
 1.994142e+01 -5.542409e-01 
 1.994174e+01 -5.023249e-01 
 1.994207e+01 -4.516627e-01 
 1.994239e+01 -4.097293e-01 
 1.994271e+01 -3.713219e-01 
 1.994303e+01 -3.190773e-01 
 1.994336e+01 -2.629928e-01 
 1.994368e+01 -2.114133e-01 
 1.994400e+01 -1.710074e-01 
 1.994433e+01 -1.241592e-01 
 1.994465e+01 -7.524330e-02 
 1.994497e+01 -3.523919e-02 
 1.994530e+01 -1.554109e-03 
 1.994562e+01  3.077678e-02 
 1.994594e+01  5.202480e-02 
 1.994626e+01  8.875040e-02 
 1.994659e+01  1.190985e-01 
 1.994691e+01  1.609644e-01 
 1.994723e+01  1.934098e-01 
 1.994756e+01  2.400513e-01 
 1.994788e+01  2.610196e-01 
 1.994820e+01  3.085544e-01 
 1.994853e+01  3.113734e-01 
 1.994885e+01  3.498033e-01 
 1.994917e+01  3.752206e-01 
 1.994949e+01  4.070461e-01 
 1.994982e+01  4.357472e-01 
 1.995014e+01  4.559346e-01 
 1.995046e+01  4.813771e-01 
 1.995079e+01  4.901449e-01 
 1.995111e+01  5.166607e-01 
 1.995143e+01  5.450081e-01 
 1.995176e+01  5.735628e-01 
 1.995208e+01  6.061825e-01 
 1.995240e+01  6.366833e-01 
 1.995272e+01  6.552295e-01 
 1.995305e+01  6.674653e-01 
 1.995337e+01  6.717479e-01 
 1.995369e+01  6.728512e-01 
 1.995402e+01  6.644199e-01 
 1.995434e+01  6.399855e-01 
 1.995466e+01  5.928988e-01 
 1.995499e+01  5.963154e-01 
 1.995531e+01  6.113076e-01 
 1.995563e+01  6.160298e-01 
 1.995595e+01  6.027692e-01 
 1.995628e+01  5.975025e-01 
 1.995660e+01  6.051300e-01 
 1.995692e+01  6.064827e-01 
 1.995725e+01  5.936016e-01 
 1.995757e+01  5.758265e-01 
 1.995789e+01  5.510592e-01 
 1.995822e+01  5.397439e-01 
 1.995854e+01  5.342977e-01 
 1.995886e+01  5.329856e-01 
 1.995918e+01  5.351029e-01 
 1.995951e+01  5.313725e-01 
 1.995983e+01  5.282719e-01 
 1.996015e+01  5.293865e-01 
 1.996048e+01  5.413831e-01 
 1.996080e+01  5.499396e-01 
 1.996112e+01  5.451305e-01 
 1.996145e+01  5.249165e-01 
 1.996177e+01  5.111058e-01 
 1.996209e+01  5.135963e-01 
 1.996241e+01  5.136894e-01 
 1.996274e+01  5.037146e-01 
 1.996306e+01  4.935261e-01 
 1.996338e+01  4.895397e-01 
 1.996371e+01  4.743621e-01 
 1.996403e+01  4.418448e-01 
 1.996435e+01  4.572856e-01 
 1.996468e+01  4.537221e-01 
 1.996500e+01  4.655175e-01 
 1.996532e+01  4.771349e-01 
 1.996564e+01  4.793122e-01 
 1.996597e+01  4.789029e-01 
 1.996629e+01  4.741872e-01 
 1.996661e+01  4.797187e-01 
 1.996694e+01  4.974326e-01 
 1.996726e+01  5.188873e-01 
 1.996758e+01  5.471153e-01 
 1.996791e+01  5.763658e-01 
 1.996823e+01  6.075013e-01 
 1.996855e+01  6.347790e-01 
 1.996887e+01  6.564905e-01 
 1.996920e+01  6.740736e-01 
 1.996952e+01  6.831221e-01 
 1.996984e+01  6.860399e-01 
 1.997017e+01  6.970554e-01 
 1.997049e+01  7.097172e-01 
 1.997081e+01  7.244398e-01 
 1.997113e+01  7.381610e-01 
 1.997146e+01  7.556288e-01 
 1.997178e+01  7.694994e-01 
 1.997210e+01  7.828121e-01 
 1.997243e+01  7.919632e-01 
 1.997275e+01  8.006628e-01 
 1.997307e+01  7.999055e-01 
 1.997340e+01  8.010765e-01 
 1.997372e+01  7.996344e-01 
 1.997404e+01  7.979440e-01 
 1.997436e+01  7.971381e-01 
 1.997469e+01  7.979180e-01 
 1.997501e+01  8.015312e-01 
 1.997533e+01  8.102189e-01 
 1.997566e+01  8.220137e-01 
 1.997598e+01  8.290295e-01 
 1.997630e+01  8.365055e-01 
 1.997663e+01  8.380386e-01 
 1.997695e+01  8.314849e-01 
 1.997727e+01  8.259017e-01 
 1.997759e+01  8.209026e-01 
 1.997792e+01  8.192753e-01 
 1.997824e+01  8.054600e-01 
 1.997856e+01  7.834348e-01 
 1.997889e+01  7.711388e-01 
 1.997921e+01  7.761651e-01 
 1.997953e+01  7.761447e-01 
 1.997986e+01  7.589997e-01 
 1.998018e+01  7.750194e-01 
 1.998050e+01  7.885157e-01 
 1.998082e+01  7.700859e-01 
 1.998115e+01  7.551002e-01 
 1.998147e+01  7.335472e-01 
 1.998179e+01  6.932514e-01 
 1.998212e+01  6.554422e-01 
 1.998244e+01  6.195661e-01 
 1.998276e+01  5.860289e-01 
 1.998309e+01  5.573592e-01 
 1.998341e+01  5.186712e-01 
 1.998373e+01  4.832626e-01 
 1.998405e+01  4.555950e-01 
 1.998438e+01  4.348258e-01 
 1.998470e+01  4.013498e-01 
 1.998502e+01  3.841822e-01 
 1.998535e+01  3.609741e-01 
 1.998567e+01  3.386566e-01 
 1.998599e+01  3.153917e-01 
 1.998632e+01  2.826321e-01 
 1.998664e+01  2.552917e-01 
 1.998696e+01  2.311762e-01 
 1.998728e+01  2.125820e-01 
 1.998761e+01  1.974289e-01 
 1.998793e+01  1.472237e-01 
 1.998825e+01  1.399194e-01 
 1.998858e+01  6.128645e-02 
 1.998890e+01  4.600000e-02 
 1.998922e+01  4.505013e-02 
 1.998955e+01  2.042357e-02 
 1.998987e+01  2.889618e-03 
 1.999019e+01 -2.162573e-02 
 1.999051e+01 -3.931890e-02 
 1.999084e+01 -4.840272e-02 
 1.999116e+01 -5.586635e-02 
 1.999148e+01 -5.744848e-02 
 1.999181e+01 -5.939523e-02 
 1.999213e+01 -6.117300e-02 
 1.999245e+01 -6.108249e-02 
 1.999278e+01 -5.417290e-02 
 1.999310e+01 -4.950504e-02 
 1.999342e+01 -4.663056e-02 
 1.999374e+01 -4.742173e-02 
 1.999407e+01 -4.618664e-02 
 1.999439e+01 -4.449112e-02 
 1.999471e+01 -4.395586e-02 
 1.999504e+01 -4.065401e-02 
 1.999536e+01 -3.585510e-02 
 1.999568e+01 -2.897232e-02 
 1.999601e+01 -1.392985e-02 
 1.999633e+01  1.105147e-02 
 1.999665e+01  3.350277e-02 
 1.999697e+01  5.268702e-02 
 1.999730e+01  6.865658e-02 
 1.999762e+01  8.890200e-02 
 1.999794e+01  1.013689e-01 
 1.999827e+01  1.066043e-01 
 1.999859e+01  1.075245e-01 
 1.999891e+01  1.079753e-01 
 1.999923e+01  8.114221e-02 
 1.999956e+01  8.683720e-02 
 1.999988e+01  9.611051e-02 
 2.000020e+01  1.090609e-01 
 2.000053e+01  1.163439e-01 
 2.000085e+01  1.211053e-01 
 2.000117e+01  1.303712e-01 
 2.000150e+01  1.444250e-01 
 2.000182e+01  1.563963e-01 
 2.000214e+01  1.564876e-01 
 2.000246e+01  1.456063e-01 
 2.000279e+01  1.352526e-01 
 2.000311e+01  1.430535e-01 
 2.000343e+01  1.530199e-01 
 2.000376e+01  1.572059e-01 
 2.000408e+01  1.554599e-01 
 2.000440e+01  1.522735e-01 
 2.000473e+01  1.475929e-01 
 2.000505e+01  1.471600e-01 
 2.000537e+01  1.412432e-01 
 2.000569e+01  1.278623e-01 
 2.000602e+01  3.603768e-02 
 2.000634e+01  6.926287e-04 
 2.000666e+01 -3.404251e-02 
 2.000699e+01 -6.353503e-02 
 2.000731e+01 -9.548400e-02 
 2.000763e+01 -1.280827e-01 
 2.000796e+01 -1.619027e-01 
 2.000828e+01 -1.901333e-01 
 2.000860e+01 -2.147422e-01 
 2.000892e+01 -2.421387e-01 
 2.000925e+01 -2.759095e-01 
 2.000957e+01 -3.065578e-01 
 2.000989e+01 -3.412528e-01 
 2.001022e+01 -3.785904e-01 
 2.001054e+01 -4.152139e-01 
 2.001086e+01 -4.525171e-01 
 2.001119e+01 -4.894564e-01 
 2.001151e+01 -5.232814e-01 
 2.001183e+01 -5.517295e-01 
 2.001215e+01 -5.750552e-01 
 2.001248e+01 -6.011269e-01 
 2.001280e+01 -6.242332e-01 
 2.001312e+01 -6.405438e-01 
 2.001345e+01 -6.580128e-01 
 2.001377e+01 -6.805315e-01 
 2.001409e+01 -7.088624e-01 
 2.001442e+01 -7.450154e-01 
 2.001474e+01 -7.734811e-01 
 2.001506e+01 -8.006368e-01 
 2.001538e+01 -8.290093e-01 
 2.001571e+01 -8.495102e-01 
 2.001603e+01 -8.670196e-01 
 2.001635e+01 -8.799142e-01 
 2.001668e+01 -8.826204e-01 
 2.001700e+01 -8.914433e-01 
 2.001732e+01 -9.002759e-01 
 2.001765e+01 -9.085587e-01 
 2.001797e+01 -9.251599e-01 
 2.001829e+01 -9.408732e-01 
 2.001861e+01 -9.537314e-01 
 2.001894e+01 -9.551390e-01 
 2.001926e+01 -9.577023e-01 
 2.001958e+01 -9.608443e-01 
 2.001991e+01 -9.520289e-01 
 2.002023e+01 -9.346716e-01 
 2.002055e+01 -9.152158e-01 
 2.002088e+01 -8.977493e-01 
 2.002120e+01 -8.816716e-01 
 2.002152e+01 -8.693480e-01 
 2.002184e+01 -8.515547e-01 
 2.002217e+01 -8.324287e-01 
 2.002249e+01 -8.146158e-01 
 2.002281e+01 -8.031945e-01 
 2.002314e+01 -7.965335e-01 
 2.002346e+01 -8.477967e-01 
 2.002378e+01 -8.415835e-01 
 2.002411e+01 -8.372887e-01 
 2.002443e+01 -8.397035e-01 
 2.002475e+01 -8.409798e-01 
 2.002507e+01 -8.402348e-01 
 2.002540e+01 -8.346919e-01 
 2.002572e+01 -8.230090e-01 
 2.002604e+01 -8.110282e-01 
 2.002637e+01 -8.015669e-01 
 2.002669e+01 -7.954082e-01 
 2.002701e+01 -7.858056e-01 
 2.002733e+01 -7.705565e-01 
 2.002766e+01 -7.538070e-01 
 2.002798e+01 -7.376906e-01 
 2.002830e+01 -7.230731e-01 
 2.002863e+01 -7.076463e-01 
 2.002895e+01 -6.876779e-01 
 2.002927e+01 -6.626781e-01 
 2.002960e+01 -6.358756e-01 
 2.002992e+01 -6.101243e-01 
 2.003024e+01 -5.822911e-01 
 2.003056e+01 -5.547025e-01 
 2.003089e+01 -5.252571e-01 
 2.003121e+01 -5.017020e-01 
 2.003153e+01 -4.831037e-01 
 2.003186e+01 -4.708161e-01 
 2.003218e+01 -4.608653e-01 
 2.003250e+01 -4.513128e-01 
 2.003283e+01 -4.496117e-01 
 2.003315e+01 -4.511042e-01 
 2.003347e+01 -4.494355e-01 
 2.003379e+01 -4.482481e-01 
 2.003412e+01 -4.474982e-01 
 2.003444e+01 -4.476254e-01 
 2.003476e+01 -4.530085e-01 
 2.003509e+01 -4.578759e-01 
 2.003541e+01 -4.625743e-01 
 2.003573e+01 -4.644582e-01 
 2.003606e+01 -4.714273e-01 
 2.003638e+01 -4.799981e-01 
 2.003670e+01 -4.870366e-01 
 2.003702e+01 -4.918107e-01 
 2.003735e+01 -4.971384e-01 
 2.003767e+01 -5.022645e-01 
 2.003799e+01 -5.005986e-01 
 2.003832e+01 -4.971828e-01 
 2.003864e+01 -4.867430e-01 
 2.003896e+01 -5.068974e-01 
 2.003929e+01 -5.020406e-01 
 2.003961e+01 -4.903546e-01 
 2.003993e+01 -4.803140e-01 
 2.004025e+01 -4.729072e-01 
 2.004058e+01 -4.648369e-01 
 2.004090e+01 -4.587383e-01 
 2.004122e+01 -4.474493e-01 
 2.004155e+01 -4.555370e-01 
 2.004187e+01 -4.414893e-01 
 2.004219e+01 -4.209806e-01 
 2.004252e+01 -4.043628e-01 
 2.004284e+01 -3.882422e-01 
 2.004316e+01 -3.768982e-01 
 2.004348e+01 -3.734634e-01 
 2.004381e+01 -3.652192e-01 
 2.004413e+01 -3.546163e-01 
 2.004445e+01 -3.381483e-01 
 2.004478e+01 -3.171037e-01 
 2.004510e+01 -2.974503e-01 
 2.004542e+01 -2.787407e-01 
 2.004575e+01 -2.519548e-01 
 2.004607e+01 -2.214127e-01 
 2.004639e+01 -1.910675e-01 
 2.004671e+01 -1.629151e-01 
 2.004704e+01 -1.403374e-01 
 2.004736e+01 -1.193920e-01 
 2.004768e+01 -9.317435e-02 
 2.004801e+01 -6.042155e-02 
 2.004833e+01 -2.895499e-02 
 2.004865e+01 -3.188620e-04 
 2.004898e+01  2.493151e-02 
 2.004930e+01  5.324325e-02 
 2.004962e+01  8.662163e-02 
 2.004994e+01  1.157568e-01 
 2.005027e+01  1.407127e-01 
 2.005059e+01  1.578018e-01 
 2.005091e+01  1.760075e-01 
 2.005124e+01  1.932214e-01 
 2.005156e+01  2.020467e-01 
 2.005188e+01  2.154347e-01 
 2.005221e+01  2.286776e-01 
 2.005253e+01  2.269757e-01 
 2.005285e+01  2.395872e-01 
 2.005317e+01  2.305616e-01 
 2.005350e+01  2.434630e-01 
 2.005382e+01  2.585043e-01 
 2.005414e+01  2.786617e-01 
 2.005447e+01  2.980280e-01 
 2.005479e+01  3.165680e-01 
 2.005511e+01  3.344519e-01 
 2.005543e+01  3.512373e-01 
 2.005576e+01  3.698414e-01 
 2.005608e+01  3.960228e-01 
 2.005640e+01  4.217334e-01 
 2.005673e+01  4.449567e-01 
 2.005705e+01  4.660405e-01 
 2.005737e+01  4.902720e-01 
 2.005770e+01  5.146667e-01 
 2.005802e+01  5.418057e-01 
 2.005834e+01  5.667506e-01 
 2.005866e+01  5.853265e-01 
 2.005899e+01  5.987265e-01 
 2.005931e+01  6.112234e-01 
 2.005963e+01  6.267867e-01 
 2.005996e+01  6.403104e-01 
 2.006028e+01  6.402501e-01 
 2.006060e+01  6.435045e-01 
 2.006093e+01  6.461795e-01 
 2.006125e+01  6.472241e-01 
 2.006157e+01  6.491742e-01 
 2.006189e+01  6.478238e-01 
 2.006222e+01  6.404276e-01 
 2.006254e+01  6.354310e-01 
 2.006286e+01  6.308064e-01 
 2.006319e+01  6.250944e-01 
 2.006351e+01  6.169500e-01 
 2.006383e+01  6.076977e-01 
 2.006416e+01  6.002142e-01 
 2.006448e+01  5.932012e-01 
 2.006480e+01  5.843178e-01 
 2.006512e+01  5.752083e-01 
 2.006545e+01  5.628391e-01 
 2.006577e+01  5.450349e-01 
 2.006609e+01  5.257607e-01 
 2.006642e+01  5.018143e-01 
 2.006674e+01  4.810447e-01 
 2.006706e+01  4.611198e-01 
 2.006739e+01  4.425456e-01 
 2.006771e+01  4.217612e-01 
 2.006803e+01  3.991600e-01 
 2.006835e+01  3.814483e-01 
 2.006868e+01  3.678227e-01 
 2.006900e+01  3.493916e-01 
 2.006932e+01  3.230318e-01 
 2.006965e+01  2.954218e-01 
 2.006997e+01  2.679294e-01 
 2.007029e+01  2.396923e-01 
 2.007062e+01  2.212483e-01 
 2.007094e+01  2.033626e-01 
 2.007126e+01  1.876999e-01 
 2.007158e+01  1.755060e-01 
 2.007191e+01  1.658653e-01 
 2.007223e+01  1.574394e-01 
 2.007255e+01  1.498818e-01 
 2.007288e+01  1.438834e-01 
 2.007320e+01  1.393741e-01 
 2.007352e+01  1.388264e-01 
 2.007385e+01  1.533756e-01 
 2.007417e+01  1.726457e-01 
 2.007449e+01  1.771274e-01 
 2.007481e+01  1.811000e-01 
 2.007514e+01  1.876703e-01 
 2.007546e+01  2.012713e-01 
 2.007578e+01  2.036822e-01 
 2.007611e+01  1.910046e-01 
 2.007643e+01  1.923323e-01 
 2.007675e+01  1.913045e-01 
 2.007708e+01  1.823306e-01 
 2.007740e+01  1.504946e-01 
 2.007772e+01  1.466074e-01 
 2.007804e+01  1.423982e-01 
 2.007837e+01  1.430831e-01 
 2.007869e+01  1.468246e-01 
 2.007901e+01  1.550258e-01 
 2.007934e+01  1.648450e-01 
 2.007966e+01  1.744427e-01 
 2.007998e+01  1.884787e-01 
 2.008031e+01  2.039228e-01 
 2.008063e+01  2.183391e-01 
 2.008095e+01  2.299537e-01 
 2.008127e+01  2.386790e-01 
 2.008160e+01  2.472310e-01 
 2.008192e+01  2.582338e-01 
 2.008224e+01  2.740712e-01 
 2.008257e+01  2.935739e-01 
 2.008289e+01  3.300854e-01 
 2.008321e+01  3.543521e-01 
 2.008353e+01  3.829810e-01 
 2.008386e+01  3.999979e-01 
 2.008418e+01  4.153346e-01 
 2.008450e+01  4.222192e-01 
 2.008483e+01  4.196231e-01 
 2.008515e+01  4.112583e-01 
 2.008547e+01  3.963148e-01 
 2.008580e+01  3.745871e-01 
 2.008612e+01  3.480210e-01 
 2.008644e+01  3.221253e-01 
 2.008676e+01  2.925694e-01 
 2.008709e+01  2.611627e-01 
 2.008741e+01  2.355571e-01 
 2.008773e+01  1.964613e-01 
 2.008806e+01  1.626163e-01 
 2.008838e+01  1.313581e-01 
 2.008870e+01  7.575329e-02 
 2.008903e+01  4.043731e-02 
 2.008935e+01  4.134273e-03 
 2.008967e+01 -2.600190e-02 
 2.008999e+01 -4.606080e-02 
 2.009032e+01 -8.530054e-02 
 2.009064e+01 -1.035227e-01 
 2.009096e+01 -1.097140e-01 
 2.009129e+01 -1.234957e-01 
 2.009161e+01 -1.342570e-01 
 2.009193e+01 -1.468893e-01 
 2.009226e+01 -1.582689e-01 
 2.009258e+01 -1.699885e-01 
 2.009290e+01 -1.868952e-01 
 2.009322e+01 -2.091889e-01 
 2.009355e+01 -2.328681e-01 
 2.009387e+01 -2.592905e-01 
 2.009419e+01 -2.849614e-01 
 2.009452e+01 -3.092562e-01 
 2.009484e+01 -3.281641e-01 
 2.009516e+01 -3.460136e-01 
 2.009549e+01 -3.627488e-01 
 2.009581e+01 -3.809930e-01 
 2.009613e+01 -3.924774e-01 
 2.009645e+01 -4.020931e-01 
 2.009678e+01 -4.103019e-01 
 2.009710e+01 -4.205766e-01 
 2.009742e+01 -4.315698e-01 
 2.009775e+01 -4.447746e-01 
 2.009807e+01 -4.576072e-01 
 2.009839e+01 -4.679217e-01 
 2.009872e+01 -4.762928e-01 
 2.009904e+01 -4.793783e-01 
 2.009936e+01 -4.769745e-01 
 2.009968e+01 -4.732788e-01 
 2.010001e+01 -4.661718e-01 
 2.010033e+01 -4.547352e-01 
 2.010065e+01 -4.452755e-01 
 2.010098e+01 -4.381507e-01 
 2.010130e+01 -4.394114e-01 
 2.010162e+01 -4.418646e-01 
 2.010195e+01 -4.457153e-01 
 2.010227e+01 -4.573724e-01 
 2.010259e+01 -4.693177e-01 
 2.010291e+01 -4.788419e-01 
 2.010324e+01 -4.932139e-01 
 2.010356e+01 -5.059539e-01 
 2.010388e+01 -5.190303e-01 
 2.010421e+01 -5.322078e-01 
 2.010453e+01 -5.467649e-01 
 2.010485e+01 -5.664031e-01 
 2.010518e+01 -5.864770e-01 
 2.010550e+01 -6.092942e-01 
 2.010582e+01 -6.379189e-01 
 2.010614e+01 -6.594931e-01 
 2.010647e+01 -6.799777e-01 
 2.010679e+01 -6.995866e-01 
 2.010711e+01 -7.155371e-01 
 2.010744e+01 -7.261180e-01 
 2.010776e+01 -7.298678e-01 
 2.010808e+01 -7.564115e-01 
 2.010841e+01 -7.551436e-01 
 2.010873e+01 -7.518635e-01 
 2.010905e+01 -7.457414e-01 
 2.010937e+01 -7.382597e-01 
 2.010970e+01 -7.312382e-01 
 2.011002e+01 -7.253467e-01 
 2.011034e+01 -7.246342e-01 
 2.011067e+01 -7.225023e-01 
 2.011099e+01 -7.234234e-01 
 2.011131e+01 -7.153794e-01 
 2.011164e+01 -7.065210e-01 
 2.011196e+01 -7.006427e-01 
 2.011228e+01 -6.976626e-01 
 2.011260e+01 -6.941210e-01 
 2.011293e+01 -6.956323e-01 
 2.011325e+01 -7.007800e-01 
 2.011357e+01 -7.094920e-01 
 2.011390e+01 -7.229082e-01 
 2.011422e+01 -7.407021e-01 
 2.011454e+01 -7.594938e-01 
 2.011486e+01 -7.773794e-01 
 2.011519e+01 -7.945675e-01 
 2.011551e+01 -8.128473e-01 
 2.011583e+01 -8.336946e-01 
 2.011616e+01 -8.478339e-01 
 2.011648e+01 -8.628102e-01 
 2.011680e+01 -8.780010e-01 
 2.011713e+01 -8.938703e-01 
 2.011745e+01 -9.081002e-01 
 2.011777e+01 -9.245425e-01 
 2.011809e+01 -9.408093e-01 
 2.011842e+01 -9.556778e-01 
 2.011874e+01 -9.698264e-01 
 2.011906e+01 -9.837448e-01 
 2.011939e+01 -9.964948e-01 
 2.011971e+01 -1.004593e+00 
 2.012003e+01 -1.011626e+00 
 2.012036e+01 -1.020553e+00 
 2.012068e+01 -1.030600e+00 
 2.012100e+01 -1.040154e+00 
 2.012132e+01 -1.054141e+00 
 2.012165e+01 -1.073558e+00 
 2.012197e+01 -1.096231e+00 
 2.012229e+01 -1.119485e+00 
 2.012262e+01 -1.141694e+00 
 2.012294e+01 -1.161278e+00 
 2.012326e+01 -1.176034e+00 
 2.012359e+01 -1.209145e+00 
 2.012391e+01 -1.211834e+00 
 2.012423e+01 -1.210911e+00 
 2.012455e+01 -1.205667e+00 
 2.012488e+01 -1.198421e+00 
 2.012520e+01 -1.188887e+00 
 2.012552e+01 -1.179296e+00 
 2.012585e+01 -1.165434e+00 
 2.012617e+01 -1.155810e+00 
 2.012649e+01 -1.141096e+00 
 2.012682e+01 -1.249496e+00 
 2.012714e+01 -1.246174e+00 
 2.012746e+01 -1.238915e+00 
 2.012778e+01 -1.228756e+00 
 2.012811e+01 -1.217188e+00 
 2.012843e+01 -1.205450e+00 
 2.012875e+01 -1.188968e+00 
 2.012908e+01 -1.169396e+00 
 2.012940e+01 -1.146206e+00 
 2.012972e+01 -1.121227e+00 
 2.013005e+01 -1.092251e+00 
 2.013037e+01 -1.066492e+00 
 2.013069e+01 -1.050312e+00 
 2.013101e+01 -1.036739e+00 
 2.013134e+01 -1.026264e+00 
 2.013166e+01 -1.017150e+00 
 2.013198e+01 -1.011451e+00 
 2.013231e+01 -1.004512e+00 
 2.013263e+01 -9.939159e-01 
 2.013295e+01 -1.007445e+00 
 2.013328e+01 -9.915133e-01 
 2.013360e+01 -9.701120e-01 
 2.013392e+01 -9.426830e-01 
 2.013424e+01 -9.192138e-01 
 2.013457e+01 -8.972925e-01 
 2.013489e+01 -8.760167e-01 
 2.013521e+01 -8.525852e-01 
 2.013554e+01 -8.295324e-01 
 2.013586e+01 -8.052068e-01 
 2.013618e+01 -7.810482e-01 
 2.013651e+01 -7.469403e-01 
 2.013683e+01 -7.102104e-01 
 2.013715e+01 -6.718929e-01 
 2.013747e+01 -6.316846e-01 
 2.013780e+01 -5.923310e-01 
 2.013812e+01 -5.564858e-01 
 2.013844e+01 -5.246645e-01 
 2.013877e+01 -5.582256e-01 
 2.013909e+01 -5.440334e-01 
 2.013941e+01 -5.341923e-01 
 2.013973e+01 -5.251634e-01 
 2.014006e+01 -5.151355e-01 
 2.014038e+01 -5.054536e-01 
 2.014070e+01 -4.954074e-01 
 2.014103e+01 -4.830863e-01 
 2.014135e+01 -4.693806e-01 
 2.014167e+01 -4.472934e-01 
 2.014200e+01 -4.269254e-01 
 2.014232e+01 -4.403293e-01 
 2.014264e+01 -4.334602e-01 
 2.014296e+01 -4.243841e-01 
 2.014329e+01 -4.174151e-01 
 2.014361e+01 -4.064429e-01 
 2.014393e+01 -4.012076e-01 
 2.014426e+01 -3.917607e-01 
 2.014458e+01 -3.806865e-01 
 2.014490e+01 -3.639213e-01 
 2.014523e+01 -3.406927e-01 
 2.014555e+01 -3.124202e-01 
 2.014587e+01 -2.878613e-01 
 2.014619e+01 -2.567700e-01 
 2.014652e+01 -2.258962e-01 
 2.014684e+01 -1.951074e-01 
 2.014716e+01 -1.755046e-01 
 2.014749e+01 -1.674074e-01 
 2.014781e+01 -1.639621e-01 
 2.014813e+01 -1.598472e-01 
 2.014846e+01 -1.549630e-01 
 2.014878e+01 -1.513745e-01 
 2.014910e+01 -1.385107e-01 
 2.014942e+01 -1.279680e-01 
 2.014975e+01 -1.157849e-01 
 2.015007e+01 -1.036483e-01 
 2.015039e+01 -9.269775e-02 
 2.015072e+01 -8.526085e-02 
 2.015104e+01 -8.139207e-02 
 2.015136e+01 -7.761828e-02 
 2.015169e+01 -6.646019e-02 
 2.015201e+01 -5.471202e-02 
 2.015233e+01 -4.053224e-02 
 2.015265e+01 -4.574861e-02 
 2.015298e+01 -2.358596e-02 
 2.015330e+01  8.386202e-04 
 2.015362e+01  2.620724e-02 
 2.015395e+01  5.020029e-02 
 2.015427e+01  6.946207e-02 
 2.015459e+01  8.206022e-02 
 2.015492e+01  9.049189e-02 
 2.015524e+01  9.209521e-02 
 2.015556e+01  9.488107e-02 
 2.015588e+01  9.722000e-02 
 2.015621e+01  9.675198e-02 
 2.015653e+01  9.747226e-02 
 2.015685e+01  1.023267e-01 
 2.015718e+01  1.090872e-01 
 2.015750e+01  1.156926e-01 
 2.015782e+01  1.235683e-01 
 2.015815e+01  1.139577e-01 
 2.015847e+01  1.190662e-01 
 2.015879e+01  4.592101e-02 
 2.015911e+01  4.524551e-02 
 2.015944e+01  4.482175e-02 
 2.015976e+01  3.945922e-02 
 2.016008e+01  3.824681e-02 
 2.016041e+01  4.809081e-02 
 2.016073e+01  6.543529e-02 
 2.016105e+01  8.778456e-02 
 2.016138e+01  1.051006e-01 
 2.016170e+01  1.476199e-01 
 2.016202e+01  1.995031e-01 
 2.016234e+01  2.569921e-01 
 2.016267e+01  3.115266e-01 
 2.016299e+01  3.680786e-01 
 2.016331e+01  4.160173e-01 
 2.016364e+01  4.626972e-01 
 2.016396e+01  5.041949e-01 
 2.016428e+01  5.406881e-01 
 2.016461e+01  5.765820e-01 
 2.016493e+01  6.111875e-01 
 2.016525e+01  5.840514e-01 
 2.016557e+01  6.174707e-01 
 2.016590e+01  6.487916e-01 
 2.016622e+01  6.743482e-01 
 2.016654e+01  6.944001e-01 
 2.016687e+01  7.086449e-01 
 2.016719e+01  7.208983e-01 
 2.016751e+01  7.227929e-01 
 2.016783e+01  7.162965e-01 
 2.016816e+01  6.669699e-01 
 2.016848e+01  6.587616e-01 
 2.016880e+01  6.527536e-01 
 2.016913e+01  6.471808e-01 
 2.016945e+01  6.433543e-01 
 2.016977e+01  6.403971e-01 
 2.017010e+01  6.360373e-01 
 2.017042e+01  6.328730e-01 
 2.017074e+01  6.299328e-01 
 2.017106e+01  6.283022e-01 
 2.017139e+01  6.274811e-01 
 2.017171e+01  6.097191e-01 
 2.017203e+01  6.177593e-01 
 2.017236e+01  6.227235e-01 
 2.017268e+01  6.263403e-01 
 2.017300e+01  6.264926e-01 
 2.017333e+01  6.199629e-01 
 2.017365e+01  6.140140e-01 
 2.017397e+01  6.077144e-01 
 2.017429e+01  6.014982e-01 
 2.017462e+01  5.966758e-01 
 2.017494e+01  5.922434e-01 
 2.017526e+01  4.714501e-01 
 2.017559e+01  4.549526e-01 
 2.017591e+01  4.313434e-01 
 2.017623e+01  4.061910e-01 
 2.017656e+01  3.720669e-01 
 2.017688e+01  3.439862e-01 
 2.017720e+01  3.174570e-01 
 2.017752e+01  2.975313e-01 
 2.017785e+01  2.849003e-01 
 2.017817e+01  2.812012e-01 
 2.017849e+01  2.827956e-01 
 2.017882e+01  2.888791e-01 
 2.017914e+01  2.971694e-01 
 2.017946e+01  3.060873e-01 
 2.017979e+01  3.170973e-01 
 2.018011e+01  3.282114e-01 
 2.018043e+01  3.362305e-01 
 2.018075e+01  3.443345e-01 
 2.018108e+01  3.589745e-01 
 2.018140e+01  3.752861e-01 
 2.018172e+01  3.941135e-01 
 2.018205e+01  4.171564e-01 
 2.018237e+01  4.400404e-01 
 2.018269e+01  4.611289e-01 
 2.018302e+01  4.754332e-01 
 2.018334e+01  4.797160e-01 
 2.018366e+01  4.802792e-01 
 2.018398e+01  4.760033e-01 
 2.018431e+01  4.732568e-01 
 2.018463e+01  4.722549e-01 
 2.018495e+01  4.709365e-01 
 2.018528e+01  4.733156e-01 
 2.018560e+01  4.261122e-01 
 2.018592e+01  4.271926e-01 
 2.018625e+01  4.319740e-01 
 2.018657e+01  4.223737e-01 
 2.018689e+01  4.176530e-01 
 2.018721e+01  4.168667e-01 
 2.018754e+01  4.171608e-01 
 2.018786e+01  4.193205e-01 
 2.018818e+01  4.186136e-01 
 2.018851e+01  4.151947e-01 
 2.018883e+01  4.116761e-01 
 2.018915e+01  4.141087e-01 
 2.018948e+01  4.265962e-01 
 2.018980e+01  4.361141e-01 
 2.019012e+01  4.460273e-01 
 2.019044e+01  4.580889e-01 
 2.019077e+01  4.702839e-01 
 2.019109e+01  4.826193e-01 
 2.019141e+01  4.903000e-01 
 2.019174e+01  4.918124e-01 
 2.019206e+01  4.849915e-01 
 2.019238e+01  4.706610e-01 
 2.019271e+01  4.484208e-01 
 2.019303e+01  4.266872e-01 
 2.019335e+01  4.054889e-01 
 2.019367e+01  3.868254e-01 
 2.019400e+01  3.715269e-01 
 2.019432e+01  3.615091e-01 
 2.019464e+01  3.500921e-01 
 2.019497e+01  3.417527e-01 
 2.019529e+01  3.342190e-01 
 2.019561e+01  3.246708e-01 
 2.019594e+01  3.128154e-01 
 2.019626e+01  3.134767e-01 
 2.019658e+01  3.098526e-01 
 2.019690e+01  2.976403e-01 
 2.019723e+01  2.959283e-01 
 2.019755e+01  2.929007e-01 
 2.019787e+01  2.932286e-01 
 2.019820e+01  2.995067e-01 
 2.019852e+01  3.065890e-01 
 2.019884e+01  3.103132e-01 
 2.019917e+01  3.086523e-01 
 2.019949e+01  3.023962e-01 
 2.019981e+01  2.904332e-01 
 2.020013e+01  2.734824e-01 
 2.020046e+01  2.502990e-01 
 2.020078e+01  2.240209e-01 
 2.020110e+01  1.927558e-01 
 2.020143e+01  1.630944e-01 
 2.020175e+01  1.348835e-01 
 2.020207e+01  1.088193e-01 
 2.020239e+01  8.535179e-02 
 2.020272e+01  6.472193e-02 
 2.020304e+01  4.515262e-02 
 2.020336e+01  2.401027e-02 
 2.020369e+01  5.104863e-04 
 2.020401e+01 -2.399984e-02 
 2.020433e+01 -5.013051e-02 
 2.020466e+01 -7.565172e-02 
 2.020498e+01 -9.886898e-02 
 2.020530e+01 -1.236085e-01 
 2.020562e+01 -1.484550e-01 
 2.020595e+01 -1.689327e-01 
 2.020627e+01 -1.852825e-01 
 2.020659e+01 -2.000880e-01 
 2.020692e+01 -2.070634e-01 
 2.020724e+01 -2.109522e-01 
 2.020756e+01 -2.135109e-01 
 2.020789e+01 -2.137731e-01 
 2.020821e+01 -2.170162e-01 
 2.020853e+01 -2.243971e-01 
 2.020885e+01 -2.365364e-01 
 2.020918e+01 -2.542519e-01 
 2.020950e+01 -2.740605e-01 
 2.020982e+01 -3.031260e-01 
 2.021015e+01 -3.255094e-01 
 2.021047e+01 -3.432022e-01 
 2.021079e+01 -3.635565e-01 
 2.021112e+01 -3.815921e-01 
 2.021144e+01 -4.035847e-01 
 2.021176e+01 -4.288586e-01 
 2.021208e+01 -4.562046e-01 
 2.021241e+01 -5.531731e-01 
 2.021273e+01 -5.828680e-01 
 2.021305e+01 -6.115736e-01 
 2.021338e+01 -6.343539e-01 
 2.021370e+01 -6.443203e-01 
 2.021402e+01 -6.457702e-01 
 2.021435e+01 -6.370456e-01 
 2.021467e+01 -6.222528e-01 
 2.021499e+01 -6.025601e-01 
 2.021531e+01 -5.791097e-01 
 2.021564e+01 -5.556934e-01 
 2.021596e+01 -5.326625e-01 
 2.021628e+01 -5.122258e-01 
 2.021661e+01 -4.947928e-01 
 2.021693e+01 -4.775547e-01 
 2.021725e+01 -4.652221e-01 
 2.021758e+01 -4.528474e-01 
 2.021790e+01 -4.405912e-01 
 2.021822e+01 -4.269911e-01 
 2.021854e+01 -4.127313e-01 
 2.021887e+01 -4.002432e-01 
 2.021919e+01 -3.903940e-01 
 2.021951e+01 -3.850331e-01 
 2.021984e+01 -3.855498e-01 
 2.022016e+01 -3.912227e-01 
 2.022048e+01 -4.036428e-01 
 2.022081e+01 -4.218196e-01 
 2.022113e+01 -4.440095e-01 
 2.022145e+01 -4.710967e-01 
 2.022177e+01 -4.989005e-01 
 2.022210e+01 -5.240703e-01 
 2.022242e+01 -5.415962e-01 
 2.022274e+01 -5.546401e-01 
 2.022307e+01 -5.575852e-01 
 2.022339e+01 -5.582315e-01 
 2.022371e+01 -5.568389e-01 
 2.022404e+01 -5.558247e-01 
 2.022436e+01 -5.560238e-01 
 2.022468e+01 -5.581906e-01 
 2.022500e+01 -5.621379e-01 
 2.022533e+01 -5.645243e-01 
 2.022565e+01 -5.688146e-01 
 2.022597e+01 -5.718552e-01 
 2.022630e+01 -5.724502e-01 
 2.022662e+01 -5.710433e-01 
 2.022694e+01 -5.699096e-01 
 2.022727e+01 -5.692233e-01 
 2.022759e+01 -5.700737e-01 
 2.022791e+01 -5.775278e-01 
 2.022823e+01 -5.914957e-01 
 2.022856e+01 -6.098521e-01 
 2.022888e+01 -6.329755e-01 
 2.022920e+01 -6.600537e-01 
 2.022953e+01 -6.917410e-01 
 2.022985e+01 -7.202444e-01 
 2.023017e+01 -7.455498e-01 
 2.023049e+01 -7.649803e-01 
 2.023082e+01 -7.790812e-01 
 2.023114e+01 -7.879464e-01 
 2.023146e+01 -7.987326e-01 
 2.023179e+01 -8.016891e-01 
 2.023211e+01 -8.046860e-01 
 2.023243e+01 -7.988211e-01 
 2.023276e+01 -7.890947e-01 
 2.023308e+01 -7.765869e-01 
 2.023340e+01 -7.610211e-01 
 2.023372e+01 -7.436322e-01 
 2.023405e+01 -7.269569e-01 
 2.023437e+01 -7.093384e-01 
 2.023469e+01 -6.909165e-01 
 2.023502e+01 -6.718065e-01 
 2.023534e+01 -6.539334e-01 
 2.023566e+01 -6.357463e-01 
 2.023599e+01 -6.168377e-01 
 2.023631e+01 -6.008813e-01 
 2.023663e+01 -5.907839e-01 
 2.023695e+01 -5.875655e-01 
 2.023728e+01 -5.917674e-01 
 2.023760e+01 -6.006530e-01 
 2.023792e+01 -6.140696e-01 
 2.023825e+01 -6.268891e-01 
 2.023857e+01 -6.410168e-01 
 2.023889e+01 -6.497662e-01 
 2.023922e+01 -6.560637e-01 
 2.023954e+01 -6.594363e-01 
 2.023986e+01 -6.555425e-01 
 2.024018e+01 -6.521583e-01 
 2.024051e+01 -6.420589e-01 
 2.024083e+01 -6.287339e-01 
 2.024115e+01 -6.104430e-01 
 2.024148e+01 -5.870265e-01 
 2.024180e+01 -5.645249e-01 
 2.024212e+01 -5.386109e-01 
 2.024245e+01 -5.052262e-01 
 2.024277e+01 -4.645020e-01 
 2.024309e+01 -4.213354e-01 
 2.024341e+01 -4.421296e-01 
 2.024374e+01 -4.008563e-01 
 2.024406e+01 -3.582713e-01 
 2.024438e+01 -3.209381e-01 
 2.024471e+01 -2.878181e-01 
 2.024503e+01 -2.562149e-01 
 2.024535e+01 -2.277312e-01 
 2.024568e+01 -2.021191e-01 
 2.024600e+01 -1.782418e-01 
 2.024632e+01 -1.587114e-01 
 2.024664e+01 -1.404905e-01 
 2.024697e+01 -1.235985e-01 
 2.024729e+01 -1.132642e-01 
 2.024761e+01 -1.069008e-01 
 2.024794e+01 -9.530693e-02 
 2.024826e+01 -8.830944e-02 
 2.024858e+01 -8.289400e-02 
 2.024891e+01 -7.962850e-02 
 2.024923e+01 -7.960551e-02 
 2.024955e+01 -8.236580e-02 
 2.024987e+01 -8.831267e-02 
 2.025020e+01 -9.065744e-02 
 2.025052e+01 -9.044923e-02 
 2.025084e+01 -8.608907e-02 
 2.025117e+01 -7.978931e-02 
 2.025149e+01 -6.928839e-02 
 2.025181e+01 -5.638171e-02 
 2.025214e+01 -4.179029e-02 
 2.025246e+01 -2.710878e-02 
 2.025278e+01 -1.382663e-02 
 2.025310e+01 -2.011026e-03 
 2.025343e+01  2.728688e-03 
 2.025375e+01  3.000852e-03 
 2.025407e+01 -1.720136e-03 
 2.025440e+01 -9.133559e-03 
 2.025472e+01 -1.905573e-02 
 2.025504e+01 -3.728692e-02 
 2.025537e+01 -5.191953e-02 
 2.025569e+01 -6.586529e-02 
 2.025601e+01 -7.592729e-02 
 2.025633e+01 -8.409411e-02 
 2.025666e+01 -9.438430e-02 
 2.025698e+01 -1.043681e-01 
 2.025730e+01 -1.147517e-01 
 2.025763e+01 -1.274445e-01 
 2.025795e+01 -1.418240e-01 
 2.025827e+01 -1.547775e-01 
 2.025859e+01 -1.666382e-01 
 2.025892e+01 -1.708605e-01 
 2.025924e+01 -1.699563e-01 
 2.025956e+01 -1.646185e-01 
 2.025989e+01 -1.537759e-01 
 2.026021e+01 -1.923390e-01 
 2.026053e+01 -1.818459e-01 
 2.026086e+01 -1.684710e-01 
 2.026118e+01 -1.564446e-01 
 2.026150e+01 -1.464490e-01 
 2.026182e+01 -1.374367e-01 
 2.026215e+01 -1.261359e-01 
 2.026247e+01 -1.126028e-01 
 2.026279e+01 -1.012458e-01 
 2.026312e+01 -8.966166e-02 
 2.026344e+01 -7.573862e-02 
 2.026376e+01 -6.240844e-02 
 2.026409e+01 -5.171082e-02 
 2.026441e+01 -4.390731e-02 
 2.026473e+01 -3.830649e-02 
 2.026505e+01 -3.530883e-02 
 2.026538e+01 -3.440551e-02 
 2.026570e+01 -3.718918e-02 
 2.026602e+01 -6.588834e-02 
 2.026635e+01 -6.849075e-02 
 2.026667e+01 -6.819807e-02 
 2.026699e+01 -6.610536e-02 
 2.026732e+01 -6.104912e-02 
 2.026764e+01 -5.270473e-02 
 2.026796e+01 -3.810858e-02 
 2.026828e+01 -2.499300e-02 
 2.026861e+01 -7.011424e-03 
 2.026893e+01  1.920266e-02 
 2.026925e+01  2.746963e-02 
 2.026958e+01  4.935868e-02 
 2.026990e+01  6.927818e-02 
 2.027022e+01  8.766427e-02 
 2.027055e+01  1.078778e-01 
 2.027087e+01  1.310185e-01 
 2.027119e+01  1.608442e-01 
 2.027151e+01  1.970944e-01 
 2.027184e+01  2.199554e-01 
 2.027216e+01  2.371917e-01 
 2.027248e+01  2.495363e-01 
 2.027281e+01  2.525352e-01 
 2.027313e+01  2.512033e-01 
 2.027345e+01  2.441176e-01 
 2.027378e+01  2.317392e-01 
 2.027410e+01  2.148593e-01 
 2.027442e+01  1.955050e-01 
 2.027474e+01  1.776706e-01 
 2.027507e+01  1.508479e-01 
 2.027539e+01  1.385430e-01 
 2.027571e+01  1.372286e-01 
 2.027604e+01  1.360897e-01 
 2.027636e+01  1.083461e-01 
 2.027668e+01  1.092020e-01 
 2.027701e+01  1.104396e-01 
 2.027733e+01  1.112908e-01 
 2.027765e+01  1.137731e-01 
 2.027797e+01  1.231097e-01 
 2.027830e+01  1.415399e-01 
 2.027862e+01  2.227195e-01 
 2.027894e+01  2.661797e-01 
 2.027927e+01  3.208289e-01 
 2.027959e+01  3.713210e-01 
 2.027991e+01  4.182340e-01 
 2.028024e+01  4.612835e-01 
 2.028056e+01  4.962682e-01 
 2.028088e+01  5.209794e-01 
 2.028120e+01  5.287103e-01 
 2.028153e+01  5.160918e-01 
 2.028185e+01  4.979557e-01 
 2.028217e+01  4.764808e-01 
 2.028250e+01  4.367016e-01 
 2.028282e+01  4.118742e-01 
 2.028314e+01  2.963665e-01 
 2.028347e+01  2.582245e-01 
 2.028379e+01  2.241266e-01 
 2.028411e+01  1.863717e-01 
 2.028443e+01  1.593140e-01 
 2.028476e+01  1.326588e-01 
 2.028508e+01  9.893796e-02 
 2.028540e+01  7.285778e-02 
 2.028573e+01  4.896486e-02 
 2.028605e+01  2.771199e-02 
 2.028637e+01  1.315611e-02 
 2.028670e+01  8.705436e-03 
 2.028702e+01  1.153602e-02 
 2.028734e+01  2.997003e-02 
 2.028766e+01  5.889981e-02 
 2.028799e+01  7.780916e-02 
 2.028831e+01  8.687718e-02 
 2.028863e+01  9.529134e-02 
 2.028896e+01  1.011501e-01 
 2.028928e+01  9.946710e-02 
 2.028960e+01  8.936505e-02 
 2.028992e+01  7.349401e-02 
 2.029025e+01  4.862212e-02 
 2.029057e+01  1.871991e-02 
 2.029089e+01 -1.429768e-02 
 2.029122e+01 -4.657857e-02 
 2.029154e+01 -7.958207e-02 
 2.029186e+01 -1.143459e-01 
 2.029219e+01 -1.444222e-01 
 2.029251e+01 -1.749453e-01 
 2.029283e+01 -2.042301e-01 
 2.029315e+01 -2.329446e-01 
 2.029348e+01 -2.610048e-01 
 2.029380e+01 -2.963345e-01 
 2.029412e+01 -3.204912e-01 
 2.029445e+01 -3.534752e-01 
 2.029477e+01 -3.536855e-01 
 2.029509e+01 -3.404443e-01 
 2.029542e+01 -3.158887e-01 
 2.029574e+01 -2.670080e-01 
 2.029606e+01 -2.090756e-01 
 2.029638e+01 -1.460388e-01 
 2.029671e+01 -9.000019e-02 
 2.029703e+01 -3.237214e-02 
 2.029735e+01  2.789259e-02 
 2.029768e+01  8.303433e-02 
 2.029800e+01  1.305645e-01 
 2.029832e+01  1.706761e-01 
 2.029865e+01  1.973496e-01 
 2.029897e+01  2.135071e-01 
 2.029929e+01  7.295525e-02 
 2.029961e+01  7.307027e-02 
 2.029994e+01  7.126953e-02 
 2.030026e+01  7.229519e-02 
 2.030058e+01  7.787634e-02 
 2.030091e+01  8.126423e-02 
 2.030123e+01  7.624940e-02 
 2.030155e+01  7.354509e-02 
 2.030188e+01  6.654735e-02 
 2.030220e+01  5.559078e-02 
 2.030252e+01 -3.434263e-02 
 2.030284e+01 -6.081643e-02 
 2.030317e+01 -8.260218e-02 
 2.030349e+01 -9.795051e-02 
 2.030381e+01 -1.251585e-01 
 2.030414e+01 -1.255687e-01 
 2.030446e+01 -1.216978e-01 
 2.030478e+01 -1.115724e-01 
 2.030511e+01 -8.984237e-02 
 2.030543e+01 -7.134131e-02 
 2.030575e+01 -6.447544e-02 
 2.030607e+01 -5.519952e-02 
 2.030640e+01 -4.928461e-02 
 2.030672e+01 -4.618969e-02 
 2.030704e+01 -4.748154e-02 
 2.030737e+01 -5.964013e-02 
 2.030769e+01 -8.679077e-02 
 2.030801e+01 -1.099746e-01 
 2.030834e+01 -1.378081e-01 
 2.030866e+01 -1.639862e-01 
 2.030898e+01 -1.875615e-01 
 2.030930e+01 -2.119641e-01 
 2.030963e+01 -2.391109e-01 
 2.030995e+01 -2.723157e-01 
 2.031027e+01 -3.136260e-01 
 2.031060e+01 -3.611914e-01 
 2.031092e+01 -4.185410e-01 
 2.031124e+01 -4.735906e-01 
 2.031157e+01 -5.254837e-01 
 2.031189e+01 -5.675050e-01 
 2.031221e+01 -5.968233e-01 
 2.031253e+01 -6.153727e-01 
 2.031286e+01 -6.223451e-01 
 2.031318e+01 -6.179108e-01 
 2.031350e+01 -6.079377e-01 
 2.031383e+01 -5.960292e-01 
 2.031415e+01 -5.873627e-01 
 2.031447e+01 -5.820346e-01 
 2.031480e+01 -5.792334e-01 
 2.031512e+01 -5.735079e-01 
 2.031544e+01 -5.661559e-01 
 2.031576e+01 -5.588755e-01 
 2.031609e+01 -5.482526e-01 
 2.031641e+01 -5.354326e-01 
 2.031673e+01 -5.238773e-01 
 2.031706e+01 -5.161924e-01 
 2.031738e+01 -5.124722e-01 
 2.031770e+01 -5.129038e-01 
 2.031803e+01 -5.209848e-01 
 2.031835e+01 -5.361125e-01 
 2.031867e+01 -5.564505e-01 
 2.031899e+01 -5.819249e-01 
 2.031932e+01 -6.098610e-01 
 2.031964e+01 -6.373836e-01 
 2.031996e+01 -6.622596e-01 
 2.032029e+01 -6.815184e-01 
 2.032061e+01 -6.941946e-01 
 2.032093e+01 -6.984195e-01 
 2.032125e+01 -6.950599e-01 
 2.032158e+01 -6.863582e-01 
 2.032190e+01 -6.717178e-01 
 2.032222e+01 -6.523980e-01 
 2.032255e+01 -6.313055e-01 
 2.032287e+01 -6.088390e-01 
 2.032319e+01 -5.853164e-01 
 2.032352e+01 -5.610492e-01 
 2.032384e+01 -5.355264e-01 
 2.032416e+01 -5.048928e-01 
 2.032448e+01 -4.716709e-01 
 2.032481e+01 -4.388262e-01 
 2.032513e+01 -4.053858e-01 
 2.032545e+01 -3.740343e-01 
 2.032578e+01 -3.461096e-01 
 2.032610e+01 -3.228323e-01 
 2.032642e+01 -3.169517e-01 
 2.032675e+01 -3.078544e-01 
 2.032707e+01 -3.093265e-01 
 2.032739e+01 -3.109065e-01 
 2.032771e+01 -3.204832e-01 
 2.032804e+01 -3.311508e-01 
 2.032836e+01 -3.440739e-01 
 2.032868e+01 -3.602950e-01 
 2.032901e+01 -3.691570e-01 
 2.032933e+01 -3.751532e-01 
 2.032965e+01 -3.791682e-01 
 2.032998e+01 -3.808317e-01 
 2.033030e+01 -3.809154e-01 
 2.033062e+01 -3.785831e-01 
 2.033094e+01 -3.768419e-01 
 2.033127e+01 -3.711519e-01 
 2.033159e+01 -3.646387e-01 
 2.033191e+01 -3.558406e-01 
 2.033224e+01 -3.440555e-01 
 2.033256e+01 -3.304730e-01 
 2.033288e+01 -3.171116e-01 
 2.033321e+01 -3.045583e-01 
 2.033353e+01 -2.924442e-01 
 2.033385e+01 -2.846465e-01 
 2.033417e+01 -2.807824e-01 
 2.033450e+01 -2.807569e-01 
 2.033482e+01 -2.835731e-01 
 2.033514e+01 -2.902337e-01 
 2.033547e+01 -3.005926e-01 
 2.033579e+01 -3.153251e-01 
 2.033611e+01 -3.333918e-01 
 2.033644e+01 -3.576199e-01 
 2.033676e+01 -3.881248e-01 
 2.033708e+01 -4.188479e-01 
 2.033740e+01 -4.537632e-01 
 2.033773e+01 -4.805740e-01 
 2.033805e+01 -5.010117e-01 
 2.033837e+01 -5.125788e-01 
 2.033870e+01 -5.173700e-01 
 2.033902e+01 -5.161682e-01 
 2.033934e+01 -5.089180e-01 
 2.033967e+01 -5.027500e-01 
 2.033999e+01 -4.956959e-01 
 2.034031e+01 -4.841336e-01 
 2.034063e+01 -4.700918e-01 
 2.034096e+01 -4.508856e-01 
 2.034128e+01 -4.277497e-01 
 2.034160e+01 -4.053766e-01 
 2.034193e+01 -3.827169e-01 
 2.034225e+01 -3.590107e-01 
 2.034257e+01 -3.381376e-01 
 2.034290e+01 -3.256177e-01 
 2.034322e+01 -3.207252e-01 
 2.034354e+01 -3.200662e-01 
 2.034386e+01 -3.273841e-01 
 2.034419e+01 -3.430799e-01 
 2.034451e+01 -3.597242e-01 
 2.034483e+01 -3.764740e-01 
 2.034516e+01 -3.936623e-01 
 2.034548e+01 -4.127305e-01 
 2.034580e+01 -4.324994e-01 
 2.034613e+01 -4.526198e-01 
 2.034645e+01 -4.790070e-01 
 2.034677e+01 -5.036340e-01 
 2.034709e+01 -5.224147e-01 
 2.034742e+01 -5.365421e-01 
 2.034774e+01 -5.449820e-01 
 2.034806e+01 -5.480698e-01 
 2.034839e+01 -5.451655e-01 
 2.034871e+01 -5.459393e-01 
 2.034903e+01 -5.304460e-01 
 2.034935e+01 -5.105146e-01 
 2.034968e+01 -4.826807e-01 
 2.035000e+01 -4.464350e-01 
 2.035032e+01 -4.070303e-01 
 2.035065e+01 -3.676912e-01 
 2.035097e+01 -3.299465e-01 
 2.035129e+01 -2.960163e-01 
 2.035162e+01 -2.650258e-01 
 2.035194e+01 -2.425116e-01 
 2.035226e+01 -2.271219e-01 
 2.035258e+01 -2.154823e-01 
 2.035291e+01 -2.072949e-01 
 2.035323e+01 -2.002574e-01 
 2.035355e+01 -1.951399e-01 
 2.035388e+01 -1.928327e-01 
 2.035420e+01 -1.928661e-01 
 2.035452e+01 -1.963757e-01 
 2.035485e+01 -2.077558e-01 
 2.035517e+01 -2.266968e-01 
 2.035549e+01 -2.424922e-01 
 2.035581e+01 -2.763915e-01 
 2.035614e+01 -2.893468e-01 
 2.035646e+01 -3.147627e-01 
 2.035678e+01 -3.140685e-01 
 2.035711e+01 -3.047097e-01 
 2.035743e+01 -2.838628e-01 
 2.035775e+01 -2.586325e-01 
 2.035808e+01 -2.109667e-01 
 2.035840e+01 -1.531602e-01 
 2.035872e+01 -9.765842e-02 
 2.035904e+01 -5.242950e-02 
 2.035937e+01 -1.281425e-02 
 2.035969e+01  2.036546e-02 
 2.036001e+01  4.856091e-02 
 2.036034e+01  7.086415e-02 
 2.036066e+01  8.623943e-02 
 2.036098e+01  9.919648e-02 
 2.036131e+01  1.045865e-01 
 2.036163e+01  1.036804e-01 
 2.036195e+01  9.619589e-02 
 2.036227e+01  8.231856e-02 
 2.036260e+01  6.154628e-02 
 2.036292e+01  3.480306e-02 
 2.036324e+01  2.082217e-03 
 2.036357e+01 -3.609093e-02 
 2.036389e+01 -7.900654e-02 
 2.036421e+01 -1.339172e-01 
 2.036454e+01 -1.801615e-01 
 2.036486e+01 -2.426802e-01 
 2.036518e+01 -3.005894e-01 
 2.036550e+01 -3.405295e-01 
 2.036583e+01 -3.687531e-01 
 2.036615e+01 -3.865875e-01 
 2.036647e+01 -4.066786e-01 
 2.036680e+01 -4.109713e-01 
 2.036712e+01 -4.086131e-01 
 2.036744e+01 -3.950816e-01 
 2.036777e+01 -3.678887e-01 
 2.036809e+01 -3.298123e-01 
 2.036841e+01 -2.973368e-01 
 2.036873e+01 -2.772979e-01 
 2.036906e+01 -2.301655e-01 
 2.036938e+01 -2.065368e-01 
 2.036970e+01 -1.808764e-01 
 2.037003e+01 -1.548596e-01 
 2.037035e+01 -1.375286e-01 
 2.037067e+01 -1.227447e-01 
 2.037100e+01 -1.140556e-01 
 2.037132e+01 -1.121414e-01 
 2.037164e+01 -1.168058e-01 
 2.037196e+01 -1.304461e-01 
 2.037229e+01 -1.588360e-01 
 2.037261e+01 -1.956526e-01 
 2.037293e+01 -2.362757e-01 
 2.037326e+01 -2.713918e-01 
 2.037358e+01 -3.036100e-01 
 2.037390e+01 -3.340768e-01 
 2.037423e+01 -3.555142e-01 
 2.037455e+01 -3.882428e-01 
 2.037487e+01 -4.126759e-01 
 2.037519e+01 -4.308140e-01 
 2.037552e+01 -4.194200e-01 
 2.037584e+01 -4.302129e-01 
 2.037616e+01 -4.151761e-01 
 2.037649e+01 -3.905156e-01 
 2.037681e+01 -3.474795e-01 
 2.037713e+01 -3.030041e-01 
 2.037746e+01 -2.497694e-01 
 2.037778e+01 -1.884242e-01 
 2.037810e+01 -1.340508e-01 
 2.037842e+01 -8.524698e-02 
 2.037875e+01 -4.914256e-02 
 2.037907e+01 -1.946294e-03 
 2.037939e+01  3.622813e-02 
 2.037972e+01  6.463019e-02 
 2.038004e+01  8.263437e-02 
 2.038036e+01  8.993133e-02 
 2.038068e+01  8.698526e-02 
 2.038101e+01  7.389520e-02 
 2.038133e+01  5.548028e-02 
 2.038165e+01  3.610145e-02 
 2.038198e+01  1.830666e-02 
 2.038230e+01 -3.778434e-03 
 2.038262e+01 -2.097852e-02 
 2.038295e+01 -3.797546e-02 
 2.038327e+01 -4.930853e-02 
 2.038359e+01 -6.376785e-02 
 2.038391e+01 -7.355102e-02 
 2.038424e+01 -1.034465e-01 
 2.038456e+01 -1.447891e-01 
 2.038488e+01 -1.568777e-01 
 2.038521e+01 -1.710144e-01 
 2.038553e+01 -2.299119e-01 
 2.038585e+01 -2.329690e-01 
 2.038618e+01 -2.322774e-01 
 2.038650e+01 -2.148278e-01 
 2.038682e+01 -1.816999e-01 
 2.038714e+01 -1.504552e-01 
 2.038747e+01 -1.202522e-01 
 2.038779e+01 -9.354988e-02 
 2.038811e+01 -7.195598e-02 
 2.038844e+01 -6.955837e-02 
 2.038876e+01 -6.994152e-02 
 2.038908e+01 -8.123567e-02 
 2.038941e+01 -1.026363e-01 
 2.038973e+01 -1.314575e-01 
 2.039005e+01 -1.652470e-01 
 2.039037e+01 -2.001024e-01 
 2.039070e+01 -2.337481e-01 
 2.039102e+01 -2.658163e-01 
 2.039134e+01 -2.983255e-01 
 2.039167e+01 -3.216699e-01 
 2.039199e+01 -3.415809e-01 
 2.039231e+01 -3.610599e-01 
 2.039264e+01 -3.821817e-01 
 2.039296e+01 -4.042148e-01 
 2.039328e+01 -4.254523e-01 
 2.039360e+01 -4.435103e-01 
 2.039393e+01 -4.552617e-01 
 2.039425e+01 -4.633352e-01 
 2.039457e+01 -4.632963e-01 
 2.039490e+01 -4.279031e-01 
 2.039522e+01 -3.917184e-01 
 2.039554e+01 -3.487951e-01 
 2.039587e+01 -3.013789e-01 
 2.039619e+01 -2.490906e-01 
 2.039651e+01 -1.948052e-01 
 2.039683e+01 -1.454199e-01 
 2.039716e+01 -1.052714e-01 
 2.039748e+01 -7.483691e-02 
 2.039780e+01 -6.626111e-02 
 2.039813e+01 -5.195036e-02 
 2.039845e+01 -4.250839e-02 
 2.039877e+01 -9.283763e-02 
 2.039910e+01 -9.964776e-02 
 2.039942e+01 -1.065638e-01 
 2.039974e+01 -1.146011e-01 
 2.040006e+01 -1.283901e-01 
 2.040039e+01 -1.444753e-01 
 2.040071e+01 -1.655151e-01 
 2.040103e+01 -1.815743e-01 
 2.040136e+01 -1.963616e-01 
 2.040168e+01 -2.067090e-01 
 2.040200e+01 -2.879976e-01 
 2.040233e+01 -3.042604e-01 
 2.040265e+01 -3.175277e-01 
 2.040297e+01 -3.271714e-01 
 2.040329e+01 -3.362889e-01 
 2.040362e+01 -3.370623e-01 
 2.040394e+01 -3.332492e-01 
 2.040426e+01 -3.254122e-01 
 2.040459e+01 -3.147435e-01 
 2.040491e+01 -3.000936e-01 
 2.040523e+01 -2.849304e-01 
 2.040556e+01 -2.708480e-01 
 2.040588e+01 -2.557430e-01 
 2.040620e+01 -2.427502e-01 
 2.040652e+01 -2.360572e-01 
 2.040685e+01 -2.306099e-01 
 2.040717e+01 -2.286783e-01 
 2.040749e+01 -2.310223e-01 
 2.040782e+01 -2.379005e-01 
 2.040814e+01 -2.465682e-01 
 2.040846e+01 -2.608419e-01 
 2.040878e+01 -2.721893e-01 
 2.040911e+01 -2.837350e-01 
 2.040943e+01 -3.022930e-01 
 2.040975e+01 -3.141365e-01 
 2.041008e+01 -3.273309e-01 
 2.041040e+01 -3.402916e-01 
 2.041072e+01 -3.502621e-01 
 2.041105e+01 -3.551436e-01 
 2.041137e+01 -3.558994e-01 
 2.041169e+01 -3.436365e-01 
 2.041201e+01 -3.227473e-01 
 2.041234e+01 -2.960236e-01 
 2.041266e+01 -2.666522e-01 
 2.041298e+01 -2.352119e-01 
 2.041331e+01 -2.048349e-01 
 2.041363e+01 -1.766274e-01 
 2.041395e+01 -1.498663e-01 
 2.041428e+01 -1.251954e-01 
 2.041460e+01 -9.914259e-02 
 2.041492e+01 -7.405962e-02 
 2.041524e+01 -5.562671e-02 
 2.041557e+01 -4.112261e-02 
 2.041589e+01 -2.886850e-02 
 2.041621e+01 -2.044568e-02 
 2.041654e+01 -1.626686e-02 
 2.041686e+01 -1.408333e-02 
 2.041718e+01 -1.680802e-02 
 2.041751e+01 -2.824067e-02 
 2.041783e+01 -4.263857e-02 
 2.041815e+01 -6.971220e-02 
 2.041847e+01 -9.309421e-02 
 2.041880e+01 -1.119519e-01 
 2.041912e+01 -1.282003e-01 
 2.041944e+01 -1.390007e-01 
 2.041977e+01 -1.428599e-01 
 2.042009e+01 -1.402667e-01 
 2.042041e+01 -1.309719e-01 
 2.042074e+01 -1.148845e-01 
 2.042106e+01 -9.184882e-02 
 2.042138e+01 -6.314336e-02 
 2.042170e+01 -3.588398e-02 
 2.042203e+01 -4.321712e-02 
 2.042235e+01 -2.237569e-02 
 2.042267e+01 -3.071278e-03 
 2.042300e+01  1.449050e-02 
 2.042332e+01  2.951147e-02 
 2.042364e+01  4.185888e-02 
 2.042397e+01  5.451316e-02 
 2.042429e+01  6.619847e-02 
 2.042461e+01  7.302967e-02 
 2.042493e+01  5.214012e-02 
 2.042526e+01  4.735683e-02 
 2.042558e+01  3.450112e-02 
 2.042590e+01  1.271002e-02 
 2.042623e+01 -1.737870e-02 
 2.042655e+01 -5.859576e-02 
 2.042687e+01 -1.098557e-01 
 2.042720e+01 -1.532931e-01 
 2.042752e+01 -2.041583e-01 
 2.042784e+01 -2.413794e-01 
 2.042816e+01 -2.701409e-01 
 2.042849e+01 -2.893962e-01 
 2.042881e+01 -3.032553e-01 
 2.042913e+01 -3.094181e-01 
 2.042946e+01 -3.073619e-01 
 2.042978e+01 -3.146515e-01 
 2.043010e+01 -3.016814e-01 
 2.043043e+01 -2.846187e-01 
 2.043075e+01 -2.577630e-01 
 2.043107e+01 -2.212595e-01 
 2.043139e+01 -2.076315e-01 
 2.043172e+01 -1.613446e-01 
 2.043204e+01 -1.137248e-01 
 2.043236e+01 -6.673827e-02 
 2.043269e+01 -2.200199e-02 
 2.043301e+01  2.535177e-02 
 2.043333e+01  6.481567e-02 
 2.043366e+01  9.404036e-02 
 2.043398e+01  1.132725e-01 
 2.043430e+01  1.244411e-01 
 2.043462e+01  1.291713e-01 
 2.043495e+01  1.272649e-01 
 2.043527e+01  1.188218e-01 
 2.043559e+01  1.055870e-01 
 2.043592e+01  8.947217e-02 
 2.043624e+01  6.685912e-02 
 2.043656e+01  4.046209e-02 
 2.043689e+01  1.594647e-02 
 2.043721e+01 -1.464416e-03 
 2.043753e+01 -1.997766e-02 
 2.043785e+01 -3.349369e-02 
 2.043818e+01 -4.128834e-02 
 2.043850e+01 -5.205467e-02 
 2.043882e+01 -5.111365e-02 
 2.043915e+01 -4.508069e-02 
 2.043947e+01 -3.244086e-02 
 2.043979e+01 -1.221738e-02 
 2.044011e+01  1.507765e-02 
 2.044044e+01  5.245815e-02 
 2.044076e+01  9.881114e-02 
 2.044108e+01  1.415655e-01 
 2.044141e+01  1.840983e-01 
 2.044173e+01  2.263607e-01 
 2.044205e+01  2.600768e-01 
 2.044238e+01  2.838787e-01 
 2.044270e+01  3.004088e-01 
 2.044302e+01  3.108050e-01 
 2.044334e+01  3.126987e-01 
 2.044367e+01  3.086943e-01 
 2.044399e+01  2.991447e-01 
 2.044431e+01  2.852732e-01 
 2.044464e+01  2.683546e-01 
 2.044496e+01  2.484016e-01 
 2.044528e+01  2.204217e-01 
 2.044561e+01  1.931741e-01 
 2.044593e+01  1.508437e-01 
 2.044625e+01  1.087897e-01 
 2.044657e+01  7.042213e-02 
 2.044690e+01  3.379611e-02 
 2.044722e+01 -6.812196e-03 
 2.044754e+01 -2.979167e-02 
 2.044787e+01 -4.612328e-02 
 2.044819e+01 -5.738155e-02 
 2.044851e+01 -5.984682e-02 
 2.044884e+01 -5.412697e-02 
 2.044916e+01 -3.918460e-02 
 2.044948e+01 -1.441201e-02 
 2.044980e+01  1.831919e-02 
 2.045013e+01  5.681471e-02 
 2.045045e+01  9.239530e-02 
 2.045077e+01  1.250783e-01 
 2.045110e+01  1.518305e-01 
 2.045142e+01  1.762598e-01 
 2.045174e+01  1.994639e-01 
 2.045207e+01  2.143400e-01 
 2.045239e+01  2.200442e-01 
 2.045271e+01  2.204122e-01 
 2.045303e+01  2.164067e-01 
 2.045336e+01  2.105160e-01 
 2.045368e+01  2.024359e-01 
 2.045400e+01  1.893343e-01 
 2.045433e+01  1.658255e-01 
 2.045465e+01  1.411954e-01 
 2.045497e+01  1.109492e-01 
 2.045530e+01  7.733376e-02 
 2.045562e+01  4.050681e-02 
 2.045594e+01 -1.332314e-03 
 2.045626e+01 -3.814417e-02 
 2.045659e+01 -7.177394e-02 
 2.045691e+01 -9.228218e-02 
 2.045723e+01 -1.055207e-01 
 2.045756e+01 -1.064906e-01 
 2.045788e+01 -1.003764e-01 
 2.045820e+01 -8.793138e-02 
 2.045853e+01 -6.992770e-02 
 2.045885e+01 -4.716851e-02 
 2.045917e+01 -2.483880e-02 
 2.045949e+01 -5.804084e-03 
 2.045982e+01  1.313279e-02 
 2.046014e+01  3.139614e-02 
 2.046046e+01  5.017788e-02 
 2.046079e+01  7.046261e-02 
 2.046111e+01  8.882039e-02 
 2.046143e+01  1.013862e-01 
 2.046176e+01  1.098664e-01 
 2.046208e+01  1.135800e-01 
 2.046240e+01  1.136685e-01 
 2.046272e+01  1.097005e-01 
 2.046305e+01  1.019294e-01 
 2.046337e+01  8.758494e-02 
 2.046369e+01  6.619655e-02 
 2.046402e+01  4.162920e-02 
 2.046434e+01  1.748839e-02 
 2.046466e+01 -7.616064e-03 
 2.046499e+01 -3.254992e-02 
 2.046531e+01 -5.761847e-02 
 2.046563e+01 -8.676898e-02 
 2.046595e+01 -1.023086e-01 
 2.046628e+01 -1.187365e-01 
 2.046660e+01 -1.295083e-01 
 2.046692e+01 -1.320499e-01 
 2.046725e+01 -1.292450e-01 
 2.046757e+01 -1.181754e-01 
 2.046789e+01 -1.062767e-01 
 2.046822e+01 -9.530334e-02 
 2.046854e+01 -7.888378e-02 
 2.046886e+01 -5.948042e-02 
 2.046918e+01 -4.013539e-02 
 2.046951e+01 -1.779843e-02 
 2.046983e+01  5.161850e-03 
 2.047015e+01  2.383864e-02 
 2.047048e+01  3.828262e-02 
 2.047080e+01  4.901241e-02 
 2.047112e+01  5.704741e-02 
 2.047144e+01  5.569320e-02 
 2.047177e+01  4.675901e-02 
 2.047209e+01  3.604715e-02 
 2.047241e+01  2.145962e-02 
 2.047274e+01  1.355645e-02 
 2.047306e+01  6.300801e-03 
 2.047338e+01  5.604230e-04 
 2.047371e+01 -4.654184e-03 
 2.047403e+01 -1.020388e-02 
 2.047435e+01 -1.502176e-02 
 2.047467e+01 -1.950975e-02 
 2.047500e+01 -3.028960e-02 
 2.047532e+01 -3.333506e-02 
 2.047564e+01 -3.190715e-02 
 2.047597e+01 -2.728232e-02 
 2.047629e+01 -2.428906e-02 
 2.047661e+01 -2.017736e-02 
 2.047694e+01 -1.546848e-02 
 2.047726e+01 -1.273104e-02 
 2.047758e+01 -7.275983e-03 
 2.047790e+01 -1.958697e-03 
 2.047823e+01  2.621186e-03 
 2.047855e+01  3.088852e-03 
 2.047887e+01 -3.072470e-03 
 2.047920e+01 -1.186805e-02 
 2.047952e+01 -2.634004e-02 
 2.047984e+01 -4.821784e-02 
 2.048017e+01 -7.916372e-02 
 2.048049e+01 -1.105560e-01 
 2.048081e+01 -1.450059e-01 
 2.048113e+01 -1.795907e-01 
 2.048146e+01 -2.105677e-01 
 2.048178e+01 -2.484132e-01 
 2.048210e+01 -2.770717e-01 
 2.048243e+01 -3.009349e-01 
 2.048275e+01 -3.202321e-01 
 2.048307e+01 -3.361260e-01 
 2.048340e+01 -3.490578e-01 
 2.048372e+01 -3.590128e-01 
 2.048404e+01 -3.655868e-01 
 2.048436e+01 -4.227142e-01 
 2.048469e+01 -4.246025e-01 
 2.048501e+01 -4.248534e-01 
 2.048533e+01 -4.186486e-01 
 2.048566e+01 -4.083176e-01 
 2.048598e+01 -3.937976e-01 
 2.048630e+01 -3.742672e-01 
 2.048663e+01 -3.513474e-01 
 2.048695e+01 -3.250583e-01 
 2.048727e+01 -2.993911e-01 
 2.048759e+01 -2.780872e-01 
 2.048792e+01 -2.617056e-01 
 2.048824e+01 -2.501640e-01 
 2.048856e+01 -2.441643e-01 
 2.048889e+01 -2.441255e-01 
 2.048921e+01 -2.510809e-01 
 2.048953e+01 -2.639650e-01 
 2.048986e+01 -2.806761e-01 
 2.049018e+01 -2.991867e-01 
 2.049050e+01 -3.168136e-01 
 2.049082e+01 -3.378988e-01 
 2.049115e+01 -3.604474e-01 
 2.049147e+01 -3.690325e-01 
 2.049179e+01 -3.746803e-01 
 2.049212e+01 -3.793509e-01 
 2.049244e+01 -3.814281e-01 
 2.049276e+01 -3.795035e-01 
 2.049309e+01 -3.719774e-01 
 2.049341e+01 -3.561517e-01 
 2.049373e+01 -3.350335e-01 
 2.049405e+01 -3.139901e-01 
 2.049438e+01 -2.903949e-01 
 2.049470e+01 -2.633041e-01 
 2.049502e+01 -2.315707e-01 
 2.049535e+01 -1.979083e-01 
 2.049567e+01 -1.658306e-01 
 2.049599e+01 -1.356026e-01 
 2.049632e+01 -1.087539e-01 
 2.049664e+01 -8.865700e-02 
 2.049696e+01 -7.578665e-02 
 2.049728e+01 -6.954186e-02 
 2.049761e+01 -7.343020e-02 
 2.049793e+01 -7.968750e-02 
 2.049825e+01 -9.184880e-02 
 2.049858e+01 -1.177887e-01 
 2.049890e+01 -1.401846e-01 
 2.049922e+01 -1.716843e-01 
 2.049955e+01 -2.048730e-01 
 2.049987e+01 -2.448281e-01 
 2.050019e+01 -2.849240e-01 
 2.050051e+01 -3.384393e-01 
 2.050084e+01 -4.392370e-01 
 2.050116e+01 -4.950126e-01 
 2.050148e+01 -5.249389e-01 
 2.050181e+01 -5.469755e-01 
 2.050213e+01 -5.611142e-01 
 2.050245e+01 -5.669950e-01 
 2.050277e+01 -5.609316e-01 
 2.050310e+01 -5.398865e-01 
 2.050342e+01 -5.143387e-01 
 2.050374e+01 -4.855685e-01 
 2.050407e+01 -4.570543e-01 
 2.050439e+01 -4.353240e-01 
 2.050471e+01 -4.094723e-01 
 2.050504e+01 -3.836526e-01 
 2.050536e+01 -3.578680e-01 
 2.050568e+01 -3.351516e-01 
 2.050600e+01 -3.158581e-01 
 2.050633e+01 -2.985164e-01 
 2.050665e+01 -2.854658e-01 
 2.050697e+01 -2.765537e-01 
 2.050730e+01 -2.734096e-01 
 2.050762e+01 -2.781879e-01 
 2.050794e+01 -2.936762e-01 
 2.050827e+01 -3.113913e-01 
 2.050859e+01 -3.370686e-01 
 2.050891e+01 -3.701788e-01 
 2.050923e+01 -4.091498e-01 
 2.050956e+01 -4.501667e-01 
 2.050988e+01 -4.932633e-01 
 2.051020e+01 -5.313366e-01 
 2.051053e+01 -5.690185e-01 
 2.051085e+01 -5.972184e-01 
 2.051117e+01 -6.050646e-01 
 2.051150e+01 -5.999894e-01 
 2.051182e+01 -6.053359e-01 
 2.051214e+01 -5.894927e-01 
 2.051246e+01 -5.698282e-01 
 2.051279e+01 -5.381856e-01 
 2.051311e+01 -4.955926e-01 
 2.051343e+01 -4.504449e-01 
 2.051376e+01 -4.077810e-01 
 2.051408e+01 -3.698360e-01 
 2.051440e+01 -3.290193e-01 
 2.051473e+01 -2.865070e-01 
 2.051505e+01 -2.462035e-01 
 2.051537e+01 -2.099784e-01 
 2.051569e+01 -1.795792e-01 
 2.051602e+01 -1.567811e-01 
 2.051634e+01 -1.445592e-01 
 2.051666e+01 -1.426144e-01 
 2.051699e+01 -1.492394e-01 
 2.051731e+01 -1.638683e-01 
 2.051763e+01 -1.877762e-01 
 2.051796e+01 -2.188417e-01 
 2.051828e+01 -2.505811e-01 
 2.051860e+01 -2.845718e-01 
 2.051892e+01 -3.232641e-01 
 2.051925e+01 -3.602048e-01 
 2.051957e+01 -3.908402e-01 
 2.051989e+01 -4.202419e-01 
 2.052022e+01 -4.675602e-01 
 2.052054e+01 -5.024642e-01 
 2.052086e+01 -5.153896e-01 
 2.052119e+01 -5.214810e-01 
 2.052151e+01 -5.187950e-01 
 2.052183e+01 -5.103938e-01 
 2.052215e+01 -4.971608e-01 
 2.052248e+01 -4.789966e-01 
 2.052280e+01 -4.534213e-01 
 2.052312e+01 -4.143472e-01 
 2.052345e+01 -3.678437e-01 
 2.052377e+01 -3.213546e-01 
 2.052409e+01 -2.797530e-01 
 2.052442e+01 -2.396542e-01 
 2.052474e+01 -2.026504e-01 
 2.052506e+01 -1.703592e-01 
 2.052538e+01 -1.451473e-01 
 2.052571e+01 -1.283485e-01 
 2.052603e+01 -1.197629e-01 
 2.052635e+01 -1.178199e-01 
 2.052668e+01 -1.209268e-01 
 2.052700e+01 -1.282300e-01 
 2.052732e+01 -1.393995e-01 
 2.052765e+01 -1.536226e-01 
 2.052797e+01 -1.741492e-01 
 2.052829e+01 -1.908866e-01 
 2.052861e+01 -2.088800e-01 
 2.052894e+01 -2.262553e-01 
 2.052926e+01 -2.428013e-01 
 2.052958e+01 -2.584101e-01 
 2.052991e+01 -2.764605e-01 
 2.053023e+01 -3.006125e-01 
 2.053055e+01 -3.118317e-01 
 2.053088e+01 -3.247754e-01 
 2.053120e+01 -3.165270e-01 
 2.053152e+01 -3.037783e-01 
 2.053184e+01 -2.874592e-01 
 2.053217e+01 -2.664592e-01 
 2.053249e+01 -2.418880e-01 
 2.053281e+01 -2.148306e-01 
 2.053314e+01 -1.852225e-01 
 2.053346e+01 -1.524656e-01 
 2.053378e+01 -1.254568e-01 
 2.053410e+01 -1.053854e-01 
 2.053443e+01 -8.976075e-02 
 2.053475e+01 -7.929037e-02 
 2.053507e+01 -7.270801e-02 
 2.053540e+01 -6.875974e-02 
 2.053572e+01 -7.003633e-02 
 2.053604e+01 -7.559312e-02 
 2.053637e+01 -8.063185e-02 
 2.053669e+01 -8.968510e-02 
 2.053701e+01 -9.610863e-02 
 2.053733e+01 -1.027805e-01 
 2.053766e+01 -1.107089e-01 
 2.053798e+01 -1.200825e-01 
 2.053830e+01 -1.297053e-01 
 2.053863e+01 -1.388434e-01 
 2.053895e+01 -1.486806e-01 
 2.053927e+01 -1.523961e-01 
 2.053960e+01 -1.512346e-01 
 2.053992e+01 -1.470774e-01 
 2.054024e+01 -1.410057e-01 
 2.054056e+01 -1.294605e-01 
 2.054089e+01 -1.261831e-01 
 2.054121e+01 -1.226388e-01 
 2.054153e+01 -1.076230e-01 
 2.054186e+01 -9.722494e-02 
 2.054218e+01 -8.848748e-02 
 2.054250e+01 -8.080147e-02 
 2.054283e+01 -7.275843e-02 
 2.054315e+01 -6.233039e-02 
 2.054347e+01 -5.391158e-02 
 2.054379e+01 -3.878696e-02 
 2.054412e+01 -2.643462e-02 
 2.054444e+01 -1.879523e-02 
 2.054476e+01 -1.110641e-02 
 2.054509e+01 -1.009090e-02 
 2.054541e+01 -9.386044e-03 
 2.054573e+01 -1.379867e-02 
 2.054606e+01 -1.983088e-02 
 2.054638e+01 -2.605412e-02 
 2.054670e+01 -3.110811e-02 
 2.054702e+01 -3.117641e-02 
 2.054735e+01 -2.810647e-02 
 2.054767e+01 -2.111473e-02 
 2.054799e+01 -9.031385e-03 
 2.054832e+01 -3.861056e-03 
 2.054864e+01  1.383698e-02 
 2.054896e+01  3.470343e-02 
 2.054929e+01  5.300194e-02 
 2.054961e+01  7.187640e-02 
 2.054993e+01  8.973582e-02 
 2.055025e+01  1.059535e-01 
 2.055058e+01  1.231674e-01 
 2.055090e+01  1.372031e-01 
 2.055122e+01  1.527933e-01 
 2.055155e+01  1.616626e-01 
 2.055187e+01  1.711657e-01 
 2.055219e+01  1.761978e-01 
 2.055252e+01  1.857562e-01 
 2.055284e+01  1.788262e-01 
 2.055316e+01  1.829952e-01 
 2.055348e+01  1.805555e-01 
 2.055381e+01  1.795614e-01 
 2.055413e+01  1.739039e-01 
 2.055445e+01  1.679511e-01 
 2.055478e+01  1.618180e-01 
 2.055510e+01  1.562840e-01 
 2.055542e+01  1.522570e-01 
 2.055575e+01  1.504044e-01 
 2.055607e+01  1.433783e-01 
 2.055639e+01  1.443665e-01 
 2.055671e+01  1.501211e-01 
 2.055704e+01  1.618589e-01 
 2.055736e+01  1.778281e-01 
 2.055768e+01  1.934644e-01 
 2.055801e+01  2.083022e-01 
 2.055833e+01  2.204262e-01 
 2.055865e+01  2.346112e-01 
 2.055898e+01  2.458297e-01 
 2.055930e+01  2.573299e-01 
 2.055962e+01  2.669671e-01 
 2.055994e+01  2.733959e-01 
 2.056027e+01  2.751391e-01 
 2.056059e+01  2.708320e-01 
 2.056091e+01  2.615350e-01 
 2.056124e+01  2.451103e-01 
 2.056156e+01  2.229671e-01 
 2.056188e+01  1.960305e-01 
 2.056220e+01  1.566064e-01 
 2.056253e+01  1.228214e-01 
 2.056285e+01  7.917268e-02 
 2.056317e+01  5.492054e-02 
 2.056350e+01  2.755204e-02 
 2.056382e+01  2.010754e-03 
 2.056414e+01 -2.214179e-02 
 2.056447e+01 -4.356150e-02 
 2.056479e+01 -6.165442e-02 
 2.056511e+01 -8.221807e-02 
 2.056543e+01 -8.963583e-02 
 2.056576e+01 -9.124317e-02 
 2.056608e+01 -8.841339e-02 
 2.056640e+01 -9.131563e-02 
 2.056673e+01 -7.134813e-02 
 2.056705e+01 -4.652287e-02 
 2.056737e+01 -2.182231e-02 
 2.056770e+01  1.526285e-02 
 2.056802e+01  6.336879e-02 
 2.056834e+01  1.136131e-01 
 2.056866e+01  1.574800e-01 
 2.056899e+01  1.944171e-01 
 2.056931e+01  2.291845e-01 
 2.056963e+01  2.602036e-01 
 2.056996e+01  2.859592e-01 
 2.057028e+01  3.037922e-01 
 2.057060e+01  3.105252e-01 
 2.057093e+01  3.077190e-01 
 2.057125e+01  2.971001e-01 
 2.057157e+01  2.803842e-01 
 2.057189e+01  2.597113e-01 
 2.057222e+01  2.305510e-01 
 2.057254e+01  2.038287e-01 
 2.057286e+01  1.612455e-01 
 2.057319e+01  1.242323e-01 
 2.057351e+01  9.896536e-02 
 2.057383e+01  7.605310e-02 
 2.057416e+01  5.200112e-02 
 2.057448e+01  2.579242e-02 
 2.057480e+01 -2.855731e-03 
 2.057512e+01 -2.024859e-02 
 2.057545e+01 -3.241904e-02 
 2.057577e+01 -3.534605e-02 
 2.057609e+01 -3.377597e-02 
 2.057642e+01 -2.249832e-02 
 2.057674e+01 -4.674440e-03 
 2.057706e+01  1.787961e-02 
 2.057739e+01  4.184767e-02 
 2.057771e+01  6.796111e-02 
 2.057803e+01  1.009196e-01 
 2.057835e+01  1.364381e-01 
 2.057868e+01  1.700720e-01 
 2.057900e+01  1.981653e-01 
 2.057932e+01  2.175693e-01 
 2.057965e+01  2.210490e-01 
 2.057997e+01  2.259487e-01 
 2.058029e+01  2.200474e-01 
 2.058062e+01  2.115278e-01 
 2.058094e+01  1.964819e-01 
 2.058126e+01  1.762844e-01 
 2.058158e+01  1.501802e-01 
 2.058191e+01  1.159849e-01 
 2.058223e+01  8.319146e-02 
 2.058255e+01  4.803084e-02 
 2.058288e+01  8.746987e-03 
 2.058320e+01 -8.577889e-02 
 2.058352e+01 -1.433642e-01 
 2.058385e+01 -2.206120e-01 
 2.058417e+01 -2.536159e-01 
 2.058449e+01 -2.830379e-01 
 2.058481e+01 -3.039110e-01 
 2.058514e+01 -3.164904e-01 
 2.058546e+01 -3.196251e-01 
 2.058578e+01 -3.153925e-01 
 2.058611e+01 -3.004772e-01 
 2.058643e+01 -2.813745e-01 
 2.058675e+01 -2.599725e-01 
 2.058708e+01 -2.387780e-01 
 2.058740e+01 -2.137601e-01 
 2.058772e+01 -1.829788e-01 
 2.058804e+01 -1.488261e-01 
 2.058837e+01 -1.168691e-01 
 2.058869e+01 -9.387924e-02 
 2.058901e+01 -7.838251e-02 
 2.058934e+01 -6.466477e-02 
 2.058966e+01 -5.237747e-02 
 2.058998e+01 -4.333764e-02 
 2.059031e+01 -3.960119e-02 
 2.059063e+01 -4.272674e-02 
 2.059095e+01 -5.274140e-02 
 2.059127e+01 -6.880858e-02 
 2.059160e+01 -9.485906e-02 
 2.059192e+01 -1.205561e-01 
 2.059224e+01 -1.469479e-01 
 2.059257e+01 -1.729569e-01 
 2.059289e+01 -1.979253e-01 
 2.059321e+01 -2.210173e-01 
 2.059354e+01 -2.416102e-01 
 2.059386e+01 -2.596560e-01 
 2.059418e+01 -2.768086e-01 
 2.059450e+01 -3.046839e-01 
 2.059483e+01 -3.143560e-01 
 2.059515e+01 -3.389397e-01 
 2.059547e+01 -3.521002e-01 
 2.059580e+01 -3.575687e-01 
 2.059612e+01 -3.546252e-01 
 2.059644e+01 -3.517677e-01 
 2.059676e+01 -3.452147e-01 
 2.059709e+01 -3.333118e-01 
 2.059741e+01 -3.182797e-01 
 2.059773e+01 -3.023517e-01 
 2.059806e+01 -2.907423e-01 
 2.059838e+01 -2.817227e-01 
 2.059870e+01 -2.769859e-01 
 2.059903e+01 -2.776994e-01 
 2.059935e+01 -2.845326e-01 
 2.059967e+01 -2.970553e-01 
 2.059999e+01 -3.166124e-01 
 2.060032e+01 -3.371258e-01 
 2.060064e+01 -3.592338e-01 
 2.060096e+01 -3.849545e-01 
 2.060129e+01 -4.031013e-01 
 2.060161e+01 -4.157928e-01 
 2.060193e+01 -4.251884e-01 
 2.060226e+01 -4.324168e-01 
 2.060258e+01 -4.376853e-01 
 2.060290e+01 -4.407589e-01 
 2.060322e+01 -4.409032e-01 
 2.060355e+01 -4.393853e-01 
 2.060387e+01 -4.357355e-01 
 2.060419e+01 -4.302154e-01 
 2.060452e+01 -4.223886e-01 
 2.060484e+01 -4.116342e-01 
 2.060516e+01 -3.967954e-01 
 2.060549e+01 -3.760441e-01 
 2.060581e+01 -3.506771e-01 
 2.060613e+01 -3.228925e-01 
 2.060645e+01 -2.961663e-01 
 2.060678e+01 -2.726609e-01 
 2.060710e+01 -2.539860e-01 
 2.060742e+01 -2.402189e-01 
 2.060775e+01 -2.301780e-01 
 2.060807e+01 -2.238684e-01 
 2.060839e+01 -2.215656e-01 
 2.060872e+01 -2.543258e-01 
 2.060904e+01 -2.597325e-01 
 2.060936e+01 -2.657718e-01 
 2.060968e+01 -2.703711e-01 
 2.061001e+01 -2.751509e-01 
 2.061033e+01 -2.840111e-01 
 2.061065e+01 -2.899070e-01 
 2.061098e+01 -2.977152e-01 
 2.061130e+01 -3.071815e-01 
 2.061162e+01 -3.176046e-01 
 2.061195e+01 -3.291772e-01 
 2.061227e+01 -3.436277e-01 
 2.061259e+01 -3.628425e-01 
 2.061291e+01 -3.782722e-01 
 2.061324e+01 -3.924787e-01 
 2.061356e+01 -4.069679e-01 
 2.061388e+01 -4.130513e-01 
 2.061421e+01 -4.146547e-01 
 2.061453e+01 -4.182063e-01 
 2.061485e+01 -4.208352e-01 
 2.061518e+01 -4.225577e-01 
 2.061550e+01 -4.276239e-01 
 2.061582e+01 -4.353095e-01 
 2.061614e+01 -4.449502e-01 
 2.061647e+01 -4.564734e-01 
 2.061679e+01 -4.700947e-01 
 2.061711e+01 -4.852006e-01 
 2.061744e+01 -4.995247e-01 
 2.061776e+01 -5.137519e-01 
 2.061808e+01 -5.203815e-01 
 2.061841e+01 -5.235351e-01 
 2.061873e+01 -5.281088e-01 
 2.061905e+01 -5.309427e-01 
 2.061937e+01 -5.299886e-01 
 2.061970e+01 -5.294070e-01 
 2.062002e+01 -5.275088e-01 
 2.062034e+01 -5.232837e-01 
 2.062067e+01 -5.165895e-01 
 2.062099e+01 -5.068363e-01 
 2.062131e+01 -4.914254e-01 
 2.062164e+01 -4.696097e-01 
 2.062196e+01 -4.429469e-01 
 2.062228e+01 -4.119788e-01 
 2.062260e+01 -3.799583e-01 
 2.062293e+01 -3.491578e-01 
 2.062325e+01 -3.210011e-01 
 2.062357e+01 -2.938373e-01 
 2.062390e+01 -2.705718e-01 
 2.062422e+01 -2.525342e-01 
 2.062454e+01 -2.400399e-01 
 2.062486e+01 -2.314181e-01 
 2.062519e+01 -2.262049e-01 
 2.062551e+01 -2.236468e-01 
 2.062583e+01 -2.234569e-01 
 2.062616e+01 -2.236841e-01 
 2.062648e+01 -2.230833e-01 
 2.062680e+01 -2.229583e-01 
 2.062713e+01 -2.277583e-01 
 2.062745e+01 -2.369114e-01 
 2.062777e+01 -2.504617e-01 
 2.062809e+01 -2.736226e-01 
 2.062842e+01 -2.897910e-01 
 2.062874e+01 -2.999191e-01 
 2.062906e+01 -3.067610e-01 
 2.062939e+01 -3.069348e-01 
 2.062971e+01 -2.994733e-01 
 2.063003e+01 -2.810994e-01 
 2.063036e+01 -2.544038e-01 
 2.063068e+01 -2.233142e-01 
 2.063100e+01 -1.910330e-01 
 2.063132e+01 -1.581701e-01 
 2.063165e+01 -1.240352e-01 
 2.063197e+01 -9.095764e-02 
 2.063229e+01 -6.094669e-02 
 2.063262e+01 -3.579437e-02 
 2.063294e+01 -1.596987e-02 
 2.063326e+01  5.942344e-04 
 2.063359e+01  1.430124e-02 
 2.063391e+01  2.627355e-02 
 2.063423e+01  3.675874e-02 
 2.063455e+01  4.475930e-02 
 2.063488e+01  4.946466e-02 
 2.063520e+01  4.991527e-02 
 2.063552e+01  4.627376e-02 
 2.063585e+01  3.695967e-02 
 2.063617e+01  2.121129e-02 
 2.063649e+01  5.420088e-04 
 2.063682e+01 -2.833762e-02 
 2.063714e+01 -7.049094e-02 
 2.063746e+01 -1.082482e-01 
 2.063778e+01 -1.330329e-01 
 2.063811e+01 -1.559350e-01 
 2.063843e+01 -1.751409e-01 
 2.063875e+01 -1.869911e-01 
 2.063908e+01 -1.877167e-01 
 2.063940e+01 -1.860855e-01 
 2.063972e+01 -1.755905e-01 
 2.064005e+01 -1.635342e-01 
 2.064037e+01 -1.453923e-01 
 2.064069e+01 -1.248976e-01 
 2.064101e+01 -1.003865e-01 
 2.064134e+01 -7.060688e-02 
 2.064166e+01 -3.681661e-02 
 2.064198e+01 -7.651495e-04 
 2.064231e+01  3.393657e-02 
 2.064263e+01  6.518824e-02 
 2.064295e+01  9.471207e-02 
 2.064328e+01  1.242394e-01 
 2.064360e+01  1.504683e-01 
 2.064392e+01  1.737970e-01 
 2.064424e+01  1.895711e-01 
 2.064457e+01  1.990771e-01 
 2.064489e+01  2.016525e-01 
 2.064521e+01  1.926479e-01 
 2.064554e+01  1.814545e-01 
 2.064586e+01  1.636770e-01 
 2.064618e+01  1.441548e-01 
 2.064651e+01  1.125172e-01 
 2.064683e+01  9.146586e-02 
 2.064715e+01  9.044053e-02 
 2.064747e+01  9.127911e-02 
 2.064780e+01  9.647189e-02 
 2.064812e+01  9.577902e-02 
 2.064844e+01  1.018575e-01 
 2.064877e+01  1.098956e-01 
 2.064909e+01  1.199568e-01 
 2.064941e+01  1.328509e-01 
 2.064974e+01  1.495186e-01 
 2.065006e+01  1.701301e-01 
 2.065038e+01  1.968119e-01 
 2.065070e+01  2.296934e-01 
 2.065103e+01  2.664099e-01 
 2.065135e+01  3.051459e-01 
 2.065167e+01  3.436204e-01 
 2.065200e+01  3.810445e-01 
 2.065232e+01  4.172972e-01 
 2.065264e+01  4.507673e-01 
 2.065297e+01  4.810008e-01 
 2.065329e+01  5.037220e-01 
 2.065361e+01  5.198847e-01 
 2.065393e+01  5.292787e-01 
 2.065426e+01  5.325851e-01 
 2.065458e+01  5.325991e-01 
 2.065490e+01  5.299258e-01 
 2.065523e+01  5.248053e-01 
 2.065555e+01  5.157572e-01 
 2.065587e+01  4.994222e-01 
 2.065619e+01  4.648092e-01 
 2.065652e+01  4.323873e-01 
 2.065684e+01  4.036205e-01 
 2.065716e+01  3.840602e-01 
 2.065749e+01  3.618585e-01 
 2.065781e+01  3.218585e-01 
 2.065813e+01  3.058344e-01 
 2.065846e+01  2.951615e-01 
 2.065878e+01  2.911389e-01 
 2.065910e+01  2.914922e-01 
 2.065942e+01  3.058384e-01 
 2.065975e+01  3.245283e-01 
 2.066007e+01  3.454433e-01 
 2.066039e+01  3.687764e-01 
 2.066072e+01  3.916638e-01 
 2.066104e+01  4.119658e-01 
 2.066136e+01  4.254686e-01 
 2.066169e+01  4.342953e-01 
 2.066201e+01  4.407300e-01 
 2.066233e+01  4.461830e-01 
 2.066265e+01  4.521587e-01 
 2.066298e+01  4.590098e-01 
 2.066330e+01  4.659851e-01 
 2.066362e+01  4.715924e-01 
 2.066395e+01  4.743973e-01 
 2.066427e+01  4.754298e-01 
 2.066459e+01  4.736330e-01 
 2.066492e+01  4.689083e-01 
 2.066524e+01  4.615972e-01 
 2.066556e+01  4.515350e-01 
 2.066588e+01  4.402750e-01 
 2.066621e+01  4.222882e-01 
 2.066653e+01  4.112835e-01 
 2.066685e+01  3.946406e-01 
 2.066718e+01  3.804755e-01 
 2.066750e+01  3.677464e-01 
 2.066782e+01  3.479113e-01 
 2.066815e+01  3.398104e-01 
 2.066847e+01  3.313811e-01 
 2.066879e+01  3.233686e-01 
 2.066911e+01  3.172994e-01 
 2.066944e+01  3.131281e-01 
 2.066976e+01  3.138762e-01 
 2.067008e+01  3.171296e-01 
 2.067041e+01  3.222938e-01 
 2.067073e+01  3.282344e-01 
 2.067105e+01  3.341852e-01 
 2.067138e+01  3.393109e-01 
 2.067170e+01  3.412653e-01 
 2.067202e+01  3.401944e-01 
 2.067234e+01  3.370843e-01 
 2.067267e+01  3.324448e-01 
 2.067299e+01  3.255277e-01 
 2.067331e+01  3.155494e-01 
 2.067364e+01  3.036874e-01 
 2.067396e+01  2.910313e-01 
 2.067428e+01  2.767370e-01 
 2.067461e+01  2.671436e-01 
 2.067493e+01  2.592181e-01 
 2.067525e+01  2.523948e-01 
 2.067557e+01  2.472395e-01 
 2.067590e+01  2.440952e-01 
 2.067622e+01  2.419373e-01 
 2.067654e+01  2.380363e-01 
 2.067687e+01  2.326058e-01 
 2.067719e+01  2.264698e-01 
 2.067751e+01  2.204112e-01 
 2.067784e+01  2.142204e-01 
 2.067816e+01  2.078616e-01 
 2.067848e+01  2.015886e-01 
 2.067880e+01  1.955967e-01 
 2.067913e+01  1.888902e-01 
 2.067945e+01  1.816356e-01 
 2.067977e+01  1.707582e-01 
 2.068010e+01  1.584210e-01 
 2.068042e+01  1.314923e-01 
 2.068074e+01  1.081089e-01 
 2.068107e+01  7.286164e-02 
 2.068139e+01  4.750760e-02 
 2.068171e+01  1.937393e-02 
 2.068203e+01 -1.032922e-02 
 2.068236e+01 -4.112995e-02 
 2.068268e+01 -6.720994e-02 
 2.068300e+01 -9.024951e-02 
 2.068333e+01 -1.100154e-01 
 2.068365e+01 -1.274590e-01 
 2.068397e+01 -1.433496e-01 
 2.068430e+01 -1.578727e-01 
 2.068462e+01 -1.709997e-01 
 2.068494e+01 -1.826035e-01 
 2.068526e+01 -1.930779e-01 
 2.068559e+01 -2.031146e-01 
 2.068591e+01 -2.118095e-01 
 2.068623e+01 -2.188849e-01 
 2.068656e+01 -2.247412e-01 
 2.068688e+01 -2.285380e-01 
 2.068720e+01 -2.298329e-01 
 2.068753e+01 -2.282553e-01 
 2.068785e+01 -2.250714e-01 
 2.068817e+01 -2.218991e-01 
 2.068849e+01 -2.204877e-01 
 2.068882e+01 -2.201073e-01 
 2.068914e+01 -2.264326e-01 
 2.068946e+01 -2.376480e-01 
 2.068979e+01 -2.536575e-01 
 2.069011e+01 -2.747366e-01 
 2.069043e+01 -3.010462e-01 
 2.069075e+01 -3.314014e-01 
 2.069108e+01 -3.640886e-01 
 2.069140e+01 -3.965845e-01 
 2.069172e+01 -4.276543e-01 
 2.069205e+01 -4.594976e-01 
 2.069237e+01 -4.904264e-01 
 2.069269e+01 -5.285415e-01 
 2.069302e+01 -5.597084e-01 
 2.069334e+01 -5.935541e-01 
 2.069366e+01 -6.261141e-01 
 2.069398e+01 -6.604118e-01 
 2.069431e+01 -6.955505e-01 
 2.069463e+01 -7.298101e-01 
 2.069495e+01 -7.608010e-01 
 2.069528e+01 -7.866047e-01 
 2.069560e+01 -8.070104e-01 
 2.069592e+01 -8.223098e-01 
 2.069625e+01 -8.307280e-01 
 2.069657e+01 -8.393440e-01 
 2.069689e+01 -8.456792e-01 
 2.069721e+01 -8.501569e-01 
 2.069754e+01 -8.527572e-01 
 2.069786e+01 -8.541224e-01 
 2.069818e+01 -8.546115e-01 
 2.069851e+01 -8.536341e-01 
 2.069883e+01 -8.508473e-01 
 2.069915e+01 -8.462763e-01 
 2.069948e+01 -8.399473e-01 
 2.069980e+01 -8.324820e-01 
 2.070012e+01 -8.240123e-01 
 2.070044e+01 -8.151693e-01 
 2.070077e+01 -8.066276e-01 
 2.070109e+01 -7.991525e-01 
 2.070141e+01 -7.937542e-01 
 2.070174e+01 -7.907248e-01 
 2.070206e+01 -7.942161e-01 
 2.070238e+01 -8.053250e-01 
 2.070271e+01 -8.162229e-01 
 2.070303e+01 -8.247216e-01 
 2.070335e+01 -8.295313e-01 
 2.070367e+01 -8.310392e-01 
 2.070400e+01 -8.293187e-01 
 2.070432e+01 -8.251821e-01 
 2.070464e+01 -8.186829e-01 
 2.070497e+01 -8.102016e-01 
 2.070529e+01 -8.003273e-01 
 2.070561e+01 -7.907218e-01 
 2.070594e+01 -7.824976e-01 
 2.070626e+01 -7.757425e-01 
 2.070658e+01 -7.701082e-01 
 2.070690e+01 -7.647470e-01 
 2.070723e+01 -7.585456e-01 
 2.070755e+01 -7.522446e-01 
 2.070787e+01 -7.442686e-01 
 2.070820e+01 -7.361885e-01 
 2.070852e+01 -7.291774e-01 
 2.070884e+01 -7.249399e-01 
 2.070917e+01 -7.243352e-01 
 2.070949e+01 -7.278742e-01 
 2.070981e+01 -7.350965e-01 
 2.071013e+01 -7.451613e-01 
 2.071046e+01 -7.568815e-01 
 2.071078e+01 -7.686066e-01 
 2.071110e+01 -7.806468e-01 
 2.071143e+01 -7.897287e-01 
 2.071175e+01 -7.966279e-01 
 2.071207e+01 -8.031502e-01 
 2.071240e+01 -8.099289e-01 
 2.071272e+01 -8.168955e-01 
 2.071304e+01 -8.197413e-01 
 2.071336e+01 -8.204158e-01 
 2.071369e+01 -8.191370e-01 
 2.071401e+01 -8.177369e-01 
 2.071433e+01 -8.130382e-01 
 2.071466e+01 -8.071626e-01 
 2.071498e+01 -7.976504e-01 
 2.071530e+01 -7.838247e-01 
 2.071563e+01 -7.654160e-01 
 2.071595e+01 -7.428530e-01 
 2.071627e+01 -7.177733e-01 
 2.071659e+01 -6.919074e-01 
 2.071692e+01 -6.660595e-01 
 2.071724e+01 -6.406338e-01 
 2.071756e+01 -6.162044e-01 
 2.071789e+01 -5.938308e-01 
 2.071821e+01 -5.737422e-01 
 2.071853e+01 -5.561775e-01 
 2.071886e+01 -5.408814e-01 
 2.071918e+01 -5.271968e-01 
 2.071950e+01 -5.170102e-01 
 2.071982e+01 -5.057857e-01 
 2.072015e+01 -4.946631e-01 
 2.072047e+01 -4.831504e-01 
 2.072079e+01 -4.706812e-01 
 2.072112e+01 -4.578274e-01 
 2.072144e+01 -4.449808e-01 
 2.072176e+01 -4.322180e-01 
 2.072208e+01 -4.183896e-01 
 2.072241e+01 -4.032519e-01 
 2.072273e+01 -3.869219e-01 
 2.072305e+01 -3.699970e-01 
 2.072338e+01 -3.514305e-01 
 2.072370e+01 -3.306055e-01 
 2.072402e+01 -3.099275e-01 
 2.072435e+01 -2.861341e-01 
 2.072467e+01 -2.715603e-01 
 2.072499e+01 -2.458257e-01 
 2.072531e+01 -2.237742e-01 
 2.072564e+01 -1.965822e-01 
 2.072596e+01 -1.723865e-01 
 2.072628e+01 -1.468061e-01 
 2.072661e+01 -1.237850e-01 
 2.072693e+01 -1.035121e-01 
 2.072725e+01 -8.677799e-02 
 2.072758e+01 -7.161688e-02 
 2.072790e+01 -5.823111e-02 
 2.072822e+01 -4.654141e-02 
 2.072854e+01 -3.636139e-02 
 2.072887e+01 -2.794707e-02 
 2.072919e+01 -2.093483e-02 
 2.072951e+01 -1.530156e-02 
 2.072984e+01 -1.100194e-02 
 2.073016e+01 -7.174848e-03 
 2.073048e+01 -3.724659e-03 
 2.073081e+01 -1.813400e-03 
 2.073113e+01  2.923596e-03 
 2.073145e+01  8.595161e-03 
 2.073177e+01  1.537492e-02 
 2.073210e+01  2.346917e-02 
 2.073242e+01  3.265520e-02 
 2.073274e+01  4.302971e-02 
 2.073307e+01  5.323531e-02 
 2.073339e+01  6.502770e-02 
 2.073371e+01  7.456489e-02 
 2.073404e+01  7.788611e-02 
 2.073436e+01  8.194453e-02 
 2.073468e+01  7.091455e-02 
 2.073500e+01  7.627842e-02 
 2.073533e+01  8.099741e-02 
 2.073565e+01  8.510211e-02 
 2.073597e+01  8.637502e-02 
 2.073630e+01  8.992926e-02 
 2.073662e+01  9.308048e-02 
 2.073694e+01  9.589176e-02 
 2.073727e+01  1.002158e-01 
 2.073759e+01  1.040530e-01 
 2.073791e+01  1.067362e-01 
 2.073823e+01  1.077556e-01 
 2.073856e+01  1.069402e-01 
 2.073888e+01  1.043704e-01 
 2.073920e+01  1.009904e-01 
 2.073953e+01  9.777261e-02 
 2.073985e+01  9.606424e-02 
 2.074017e+01  9.708222e-02 
 2.074050e+01  1.008972e-01 
 2.074082e+01  1.075233e-01 
 2.074114e+01  1.163514e-01 
 2.074146e+01  1.252076e-01 
 2.074179e+01  1.319589e-01 
 2.074211e+01  1.356729e-01 
 2.074243e+01  1.370377e-01 
 2.074276e+01  1.352038e-01 
 2.074308e+01  1.293495e-01 
 2.074340e+01  1.212005e-01 
 2.074373e+01  1.124299e-01 
 2.074405e+01  1.033043e-01 
 2.074437e+01  9.454196e-02 
 2.074469e+01  8.710218e-02 
 2.074502e+01  7.983070e-02 
 2.074534e+01  7.205696e-02 
 2.074566e+01  6.357206e-02 
 2.074599e+01  5.324067e-02 
 2.074631e+01  4.439156e-02 
 2.074663e+01  2.663382e-02 
 2.074696e+01  4.842246e-03 
 2.074728e+01 -1.811292e-02 
 2.074760e+01 -4.097632e-02 
 2.074792e+01 -6.350435e-02 
 2.074825e+01 -8.318796e-02 
 2.074857e+01 -9.862871e-02 
 2.074889e+01 -1.101299e-01 
 2.074922e+01 -1.181529e-01 
 2.074954e+01 -1.239350e-01 
 2.074986e+01 -1.249164e-01 
 2.075019e+01 -1.244866e-01 
 2.075051e+01 -1.237708e-01 
 2.075083e+01 -1.228888e-01 
 2.075115e+01 -1.214198e-01 
 2.075148e+01 -1.201626e-01 
 2.075180e+01 -1.187515e-01 
 2.075212e+01 -1.179182e-01 
 2.075245e+01 -1.185578e-01 
 2.075277e+01 -1.209289e-01 
 2.075309e+01 -1.221658e-01 
 2.075341e+01 -1.233309e-01 
 2.075374e+01 -1.217655e-01 
 2.075406e+01 -1.213378e-01 
 2.075438e+01 -1.236853e-01 
 2.075471e+01 -1.338027e-01 
 2.075503e+01 -1.440838e-01 
 2.075535e+01 -1.580135e-01 
 2.075568e+01 -1.757420e-01 
 2.075600e+01 -1.958309e-01 
 2.075632e+01 -2.169051e-01 
 2.075664e+01 -2.391202e-01 
 2.075697e+01 -2.627908e-01 
 2.075729e+01 -2.866724e-01 
 2.075761e+01 -3.121539e-01 
 2.075794e+01 -3.355208e-01 
 2.075826e+01 -3.588041e-01 
 2.075858e+01 -3.785523e-01 
 2.075891e+01 -3.968331e-01 
 2.075923e+01 -4.137942e-01 
 2.075955e+01 -4.290580e-01 
 2.075987e+01 -4.419588e-01 
 2.076020e+01 -4.515258e-01 
 2.076052e+01 -4.582263e-01 
 2.076084e+01 -4.621238e-01 
 2.076117e+01 -4.640708e-01 
 2.076149e+01 -4.637509e-01 
 2.076181e+01 -4.619943e-01 
 2.076214e+01 -4.594528e-01 
 2.076246e+01 -4.568952e-01 
 2.076278e+01 -4.542359e-01 
 2.076310e+01 -4.516393e-01 
 2.076343e+01 -4.496606e-01 
 2.076375e+01 -4.490823e-01 
 2.076407e+01 -4.503121e-01 
 2.076440e+01 -4.534068e-01 
 2.076472e+01 -4.584912e-01 
 2.076504e+01 -4.656865e-01 
 2.076537e+01 -4.750766e-01 
 2.076569e+01 -4.865901e-01 
 2.076601e+01 -4.999118e-01 
 2.076633e+01 -5.146119e-01 
 2.076666e+01 -5.299578e-01 
 2.076698e+01 -5.450239e-01 
 2.076730e+01 -5.613120e-01 
 2.076763e+01 -5.755221e-01 
 2.076795e+01 -5.901923e-01 
 2.076827e+01 -6.086322e-01 
 2.076860e+01 -6.218138e-01 
 2.076892e+01 -6.325784e-01 
 2.076924e+01 -6.401611e-01 
 2.076956e+01 -6.464487e-01 
 2.076989e+01 -6.522619e-01 
 2.077021e+01 -6.551697e-01 
 2.077053e+01 -6.560745e-01 
 2.077086e+01 -6.561040e-01 
 2.077118e+01 -6.552668e-01 
 2.077150e+01 -6.532219e-01 
 2.077183e+01 -6.508740e-01 
 2.077215e+01 -6.486919e-01 
 2.077247e+01 -6.474929e-01 
 2.077279e+01 -6.470757e-01 
 2.077312e+01 -6.468187e-01 
 2.077344e+01 -6.463274e-01 
 2.077376e+01 -6.465405e-01 
 2.077409e+01 -6.475044e-01 
 2.077441e+01 -6.506965e-01 
 2.077473e+01 -6.558651e-01 
 2.077506e+01 -6.634080e-01 
 2.077538e+01 -6.738276e-01 
 2.077570e+01 -6.845581e-01 
 2.077602e+01 -6.956952e-01 
 2.077635e+01 -7.088581e-01 
 2.077667e+01 -7.215238e-01 
 2.077699e+01 -7.338308e-01 
 2.077732e+01 -7.438316e-01 
 2.077764e+01 -7.513080e-01 
 2.077796e+01 -7.555417e-01 
 2.077829e+01 -7.560396e-01 
 2.077861e+01 -7.500794e-01 
 2.077893e+01 -7.433391e-01 
 2.077925e+01 -7.360465e-01 
 2.077958e+01 -7.259343e-01 
 2.077990e+01 -7.133421e-01 
 2.078022e+01 -6.989150e-01 
 2.078055e+01 -6.825838e-01 
 2.078087e+01 -6.645477e-01 
 2.078119e+01 -6.450408e-01 
 2.078152e+01 -6.229467e-01 
 2.078184e+01 -5.997678e-01 
 2.078216e+01 -5.766949e-01 
 2.078248e+01 -5.547837e-01 
 2.078281e+01 -5.346534e-01 
 2.078313e+01 -5.171240e-01 
 2.078345e+01 -5.021298e-01 
 2.078378e+01 -4.900812e-01 
 2.078410e+01 -4.809605e-01 
 2.078442e+01 -4.751493e-01 
 2.078474e+01 -4.715919e-01 
 2.078507e+01 -4.696786e-01 
 2.078539e+01 -4.725654e-01 
 2.078571e+01 -4.718495e-01 
 2.078604e+01 -4.710591e-01 
 2.078636e+01 -4.689159e-01 
 2.078668e+01 -4.642700e-01 
 2.078701e+01 -4.586509e-01 
 2.078733e+01 -4.524849e-01 
 2.078765e+01 -4.462819e-01 
 2.078797e+01 -4.412682e-01 
 2.078830e+01 -4.369609e-01 
 2.078862e+01 -4.308942e-01 
 2.078894e+01 -4.191772e-01 
 2.078927e+01 -4.096584e-01 
 2.078959e+01 -3.957132e-01 
 2.078991e+01 -3.810056e-01 
 2.079024e+01 -3.713426e-01 
 2.079056e+01 -3.573387e-01 
 2.079088e+01 -3.475885e-01 
 2.079120e+01 -3.358008e-01 
 2.079153e+01 -3.243040e-01 
 2.079185e+01 -3.160760e-01 
 2.079217e+01 -3.055517e-01 
 2.079250e+01 -2.962574e-01 
 2.079282e+01 -2.881473e-01 
 2.079314e+01 -2.808501e-01 
 2.079347e+01 -2.744989e-01 
 2.079379e+01 -2.687483e-01 
 2.079411e+01 -2.646513e-01 
 2.079443e+01 -2.599678e-01 
 2.079476e+01 -2.558241e-01 
 2.079508e+01 -2.524405e-01 
 2.079540e+01 -2.495294e-01 
 2.079573e+01 -2.472218e-01 
 2.079605e+01 -2.468146e-01 
 2.079637e+01 -2.473741e-01 
 2.079670e+01 -2.461209e-01 
 2.079702e+01 -2.428076e-01 
 2.079734e+01 -2.378083e-01 
 2.079766e+01 -2.313629e-01 
 2.079799e+01 -2.229917e-01 
 2.079831e+01 -2.133973e-01 
 2.079863e+01 -2.025988e-01 
 2.079896e+01 -1.905945e-01 
 2.079928e+01 -1.778798e-01 
 2.079960e+01 -1.662437e-01 
 2.079993e+01 -1.527847e-01 
 2.080025e+01 -1.426344e-01 
 2.080057e+01 -1.373213e-01 
 2.080089e+01 -1.248149e-01 
 2.080122e+01 -1.166609e-01 
 2.080154e+01 -1.029382e-01 
 2.080186e+01 -8.842761e-02 
 2.080219e+01 -7.338169e-02 
 2.080251e+01 -5.907373e-02 
 2.080283e+01 -4.570006e-02 
 2.080316e+01 -3.334445e-02 
 2.080348e+01 -2.215805e-02 
 2.080380e+01 -1.184048e-02 
 2.080412e+01 -1.788952e-03 
 2.080445e+01  8.414409e-03 
 2.080477e+01  1.882790e-02 
 2.080509e+01  2.969305e-02 
 2.080542e+01  4.168934e-02 
 2.080574e+01  5.448652e-02 
 2.080606e+01  6.783467e-02 
 2.080639e+01  8.196740e-02 
 2.080671e+01  9.666944e-02 
 2.080703e+01  1.122499e-01 
 2.080735e+01  1.271901e-01 
 2.080768e+01  1.384735e-01 
 2.080800e+01  1.470740e-01 
 2.080832e+01  1.512791e-01 
 2.080865e+01  1.512644e-01 
 2.080897e+01  1.483616e-01 
 2.080929e+01  1.424159e-01 
 2.080962e+01  1.354393e-01 
 2.080994e+01  1.225548e-01 
 2.081026e+01  1.106828e-01 
 2.081058e+01  8.764017e-02 
 2.081091e+01  7.344955e-02 
 2.081123e+01  6.566131e-02 
 2.081155e+01  5.789355e-02 
 2.081188e+01  5.130782e-02 
 2.081220e+01  4.610588e-02 
 2.081252e+01  4.003397e-02 
 2.081285e+01  3.633191e-02 
 2.081317e+01  3.298389e-02 
 2.081349e+01  3.045490e-02 
 2.081381e+01  2.920516e-02 
 2.081414e+01  2.975251e-02 
 2.081446e+01  3.300546e-02 
 2.081478e+01  3.912373e-02 
 2.081511e+01  4.760573e-02 
 2.081543e+01  5.796223e-02 
 2.081575e+01  6.927734e-02 
 2.081607e+01  8.094868e-02 
 2.081640e+01  9.165183e-02 
 2.081672e+01  1.007626e-01 
 2.081704e+01  1.094462e-01 
 2.081737e+01  1.172990e-01 
 2.081769e+01  1.235433e-01 
 2.081801e+01  1.271688e-01 
 2.081834e+01  1.280817e-01 
 2.081866e+01  1.266261e-01 
 2.081898e+01  1.230612e-01 
 2.081930e+01  1.179725e-01 
 2.081963e+01  1.114524e-01 
 2.081995e+01  1.028418e-01 
 2.082027e+01  9.248896e-02 
 2.082060e+01  7.920778e-02 
 2.082092e+01  6.315583e-02 
 2.082124e+01  4.892987e-02 
 2.082157e+01  2.955878e-02 
 2.082189e+01  1.594037e-02 
 2.082221e+01 -8.371149e-03 
 2.082253e+01 -3.273722e-02 
 2.082286e+01 -5.668297e-02 
 2.082318e+01 -8.013075e-02 
 2.082350e+01 -1.025376e-01 
 2.082383e+01 -1.238439e-01 
 2.082415e+01 -1.434009e-01 
 2.082447e+01 -1.607200e-01 
 2.082480e+01 -1.765523e-01 
 2.082512e+01 -1.909382e-01 
 2.082544e+01 -2.043023e-01 
 2.082576e+01 -2.167332e-01 
 2.082609e+01 -2.286535e-01 
 2.082641e+01 -2.408119e-01 
 2.082673e+01 -2.534385e-01 
 2.082706e+01 -2.652599e-01 
 2.082738e+01 -2.740052e-01 
 2.082770e+01 -2.826518e-01 
 2.082803e+01 -2.909315e-01 
 2.082835e+01 -2.994907e-01 
 2.082867e+01 -3.083895e-01 
 2.082899e+01 -3.175629e-01 
 2.082932e+01 -3.263905e-01 
 2.082964e+01 -3.348685e-01 
 2.082996e+01 -3.431900e-01 
 2.083029e+01 -3.515279e-01 
 2.083061e+01 -3.602738e-01 
 2.083093e+01 -3.690544e-01 
 2.083126e+01 -3.783260e-01 
 2.083158e+01 -3.881954e-01 
 2.083190e+01 -3.988258e-01 
 2.083222e+01 -4.109632e-01 
 2.083255e+01 -4.205768e-01 
 2.083287e+01 -4.216995e-01 
 2.083319e+01 -4.230571e-01 
 2.083352e+01 -4.206902e-01 
 2.083384e+01 -4.273721e-01 
 2.083416e+01 -4.347092e-01 
 2.083449e+01 -4.417838e-01 
 2.083481e+01 -4.484837e-01 
 2.083513e+01 -4.555031e-01 
 2.083545e+01 -4.638357e-01 
 2.083578e+01 -4.734619e-01 
 2.083610e+01 -4.837522e-01 
 2.083642e+01 -4.951104e-01 
 2.083675e+01 -5.073014e-01 
 2.083707e+01 -5.206174e-01 
 2.083739e+01 -5.331053e-01 
 2.083772e+01 -5.444430e-01 
 2.083804e+01 -5.552183e-01 
 2.083836e+01 -5.662095e-01 
 2.083868e+01 -5.783585e-01 
 2.083901e+01 -5.917980e-01 
 2.083933e+01 -6.066047e-01 
 2.083965e+01 -6.226778e-01 
 2.083998e+01 -6.389408e-01 
 2.084030e+01 -6.562254e-01 
 2.084062e+01 -6.740070e-01 
 2.084095e+01 -6.910492e-01 
 2.084127e+01 -7.068448e-01 
 2.084159e+01 -7.217339e-01 
 2.084191e+01 -7.361617e-01 
 2.084224e+01 -7.492990e-01 
 2.084256e+01 -7.592165e-01 
 2.084288e+01 -7.685239e-01 
 2.084321e+01 -7.755902e-01 
 2.084353e+01 -7.768552e-01 
 2.084385e+01 -7.809102e-01 
 2.084418e+01 -7.828592e-01 
 2.084450e+01 -7.810019e-01 
 2.084482e+01 -7.819043e-01 
 2.084514e+01 -7.878367e-01 
 2.084547e+01 -7.942499e-01 
 2.084579e+01 -8.008294e-01 
 2.084611e+01 -8.075705e-01 
 2.084644e+01 -8.151993e-01 
 2.084676e+01 -8.239018e-01 
 2.084708e+01 -8.338856e-01 
 2.084741e+01 -8.446555e-01 
 2.084773e+01 -8.554591e-01 
 2.084805e+01 -8.638254e-01 
 2.084837e+01 -8.728705e-01 
 2.084870e+01 -8.773345e-01 
 2.084902e+01 -8.842487e-01 
 2.084934e+01 -8.899017e-01 
 2.084967e+01 -8.939560e-01 
 2.084999e+01 -8.964743e-01 
 2.085031e+01 -8.983549e-01 
 2.085063e+01 -9.003948e-01 
 2.085096e+01 -9.030109e-01 
 2.085128e+01 -9.059425e-01 
 2.085160e+01 -9.092108e-01 
 2.085193e+01 -9.125958e-01 
 2.085225e+01 -9.157366e-01 
 2.085257e+01 -9.182751e-01 
 2.085290e+01 -9.194263e-01 
 2.085322e+01 -9.167697e-01 
 2.085354e+01 -9.135548e-01 
 2.085386e+01 -9.091138e-01 
 2.085419e+01 -9.040587e-01 
 2.085451e+01 -8.985031e-01 
 2.085483e+01 -8.896368e-01 
 2.085516e+01 -8.828547e-01 
 2.085548e+01 -8.760668e-01 
 2.085580e+01 -8.643607e-01 
 2.085613e+01 -8.504725e-01 
 2.085645e+01 -8.440331e-01 
 2.085677e+01 -8.374310e-01 
 2.085709e+01 -8.260372e-01 
 2.085742e+01 -8.186862e-01 
 2.085774e+01 -8.116748e-01 
 2.085806e+01 -8.047760e-01 
 2.085839e+01 -7.974896e-01 
 2.085871e+01 -7.901888e-01 
 2.085903e+01 -7.842209e-01 
 2.085936e+01 -7.793612e-01 
 2.085968e+01 -7.754047e-01 
 2.086000e+01 -7.723341e-01 
 2.086032e+01 -7.699802e-01 
 2.086065e+01 -7.677783e-01 
 2.086097e+01 -7.654738e-01 
 2.086129e+01 -7.633460e-01 
 2.086162e+01 -7.617203e-01 
 2.086194e+01 -7.600666e-01 
 2.086226e+01 -7.584836e-01 
 2.086259e+01 -7.574729e-01 
 2.086291e+01 -7.567380e-01 
 2.086323e+01 -7.556219e-01 
 2.086355e+01 -7.544321e-01 
 2.086388e+01 -7.530846e-01 
 2.086420e+01 -7.523452e-01 
 2.086452e+01 -7.523486e-01 
 2.086485e+01 -7.518205e-01 
 2.086517e+01 -7.509206e-01 
 2.086549e+01 -7.461150e-01 
 2.086582e+01 -7.430360e-01 
 2.086614e+01 -7.325241e-01 
 2.086646e+01 -7.183700e-01 
 2.086678e+01 -7.131848e-01 
 2.086711e+01 -6.943186e-01 
 2.086743e+01 -6.875314e-01 
 2.086775e+01 -6.798290e-01 
 2.086808e+01 -6.726896e-01 
 2.086840e+01 -6.660450e-01 
 2.086872e+01 -6.601176e-01 
 2.086905e+01 -6.555491e-01 
 2.086937e+01 -6.526990e-01 
 2.086969e+01 -6.516361e-01 
 2.087001e+01 -6.517257e-01 
 2.087034e+01 -6.523139e-01 
 2.087066e+01 -6.530046e-01 
 2.087098e+01 -6.533928e-01 
 2.087131e+01 -6.537229e-01 
 2.087163e+01 -6.537384e-01 
 2.087195e+01 -6.536980e-01 
 2.087228e+01 -6.535813e-01 
 2.087260e+01 -6.538151e-01 
 2.087292e+01 -6.545129e-01 
 2.087324e+01 -6.560475e-01 
 2.087357e+01 -6.579584e-01 
 2.087389e+01 -6.595589e-01 
 2.087421e+01 -6.607575e-01 
 2.087454e+01 -6.612774e-01 
 2.087486e+01 -6.609929e-01 
 2.087518e+01 -6.595512e-01 
 2.087551e+01 -6.557347e-01 
 2.087583e+01 -6.515493e-01 
 2.087615e+01 -6.415245e-01 
 2.087647e+01 -6.361896e-01 
 2.087680e+01 -6.225033e-01 
 2.087712e+01 -6.035079e-01 
 2.087744e+01 -5.970201e-01 
 2.087777e+01 -5.909596e-01 
 2.087809e+01 -5.848556e-01 
 2.087841e+01 -5.786497e-01 
 2.087874e+01 -5.725039e-01 
 2.087906e+01 -5.648017e-01 
 2.087938e+01 -5.594732e-01 
 2.087970e+01 -5.551244e-01 
 2.088003e+01 -5.517877e-01 
 2.088035e+01 -5.491862e-01 
 2.088067e+01 -5.470989e-01 
 2.088100e+01 -5.449964e-01 
 2.088132e+01 -5.420361e-01 
 2.088164e+01 -5.388501e-01 
 2.088197e+01 -5.369343e-01 
 2.088229e+01 -5.356398e-01 
 2.088261e+01 -5.341939e-01 
 2.088293e+01 -5.337101e-01 
 2.088326e+01 -5.345807e-01 
 2.088358e+01 -5.359206e-01 
 2.088390e+01 -5.377755e-01 
 2.088423e+01 -5.413836e-01 
 2.088455e+01 -5.458906e-01 
 2.088487e+01 -5.506481e-01 
 2.088519e+01 -5.565322e-01 
 2.088552e+01 -5.632243e-01 
 2.088584e+01 -5.695078e-01 
 2.088616e+01 -5.747276e-01 
 2.088649e+01 -5.792496e-01 
 2.088681e+01 -5.840224e-01 
 2.088713e+01 -5.862295e-01 
 2.088746e+01 -5.874837e-01 
 2.088778e+01 -5.849188e-01 
 2.088810e+01 -5.853555e-01 
 2.088842e+01 -5.904684e-01 
 2.088875e+01 -5.963622e-01 
 2.088907e+01 -6.029775e-01 
 2.088939e+01 -6.094518e-01 
 2.088972e+01 -6.161180e-01 
 2.089004e+01 -6.214792e-01 
 2.089036e+01 -6.284325e-01 
 2.089069e+01 -6.349390e-01 
 2.089101e+01 -6.408899e-01 
 2.089133e+01 -6.462162e-01 
 2.089165e+01 -6.516298e-01 
 2.089198e+01 -6.564597e-01 
 2.089230e+01 -6.623335e-01 
 2.089262e+01 -6.686916e-01 
 2.089295e+01 -6.742624e-01 
 2.089327e+01 -6.800239e-01 
 2.089359e+01 -6.863166e-01 
 2.089392e+01 -6.928252e-01 
 2.089424e+01 -6.993609e-01 
 2.089456e+01 -7.059854e-01 
 2.089488e+01 -7.130849e-01 
 2.089521e+01 -7.209077e-01 
 2.089553e+01 -7.289002e-01 
 2.089585e+01 -7.382555e-01 
 2.089618e+01 -7.489359e-01 
 2.089650e+01 -7.615683e-01 
 2.089682e+01 -7.750181e-01 
 2.089715e+01 -7.900895e-01 
 2.089747e+01 -8.058933e-01 
 2.089779e+01 -8.224920e-01 
 2.089811e+01 -8.387875e-01 
 2.089844e+01 -8.545477e-01 
 2.089876e+01 -8.696909e-01 
 2.089908e+01 -8.833337e-01 
 2.089941e+01 -8.958931e-01 
 2.089973e+01 -8.998320e-01 
 2.090005e+01 -9.092074e-01 
 2.090038e+01 -9.178179e-01 
 2.090070e+01 -9.161503e-01 
 2.090102e+01 -9.226757e-01 
 2.090134e+01 -9.286977e-01 
 2.090167e+01 -9.215946e-01 
 2.090199e+01 -9.272515e-01 
 2.090231e+01 -9.328251e-01 
 2.090264e+01 -9.394008e-01 
 2.090296e+01 -9.475161e-01 
 2.090328e+01 -9.559172e-01 
 2.090361e+01 -9.639326e-01 
 2.090393e+01 -9.723433e-01 
 2.090425e+01 -9.804990e-01 
 2.090457e+01 -9.879896e-01 
 2.090490e+01 -9.949680e-01 
 2.090522e+01 -1.001291e+00 
 2.090554e+01 -1.006876e+00 
 2.090587e+01 -1.012568e+00 
 2.090619e+01 -1.018880e+00 
 2.090651e+01 -1.025331e+00 
 2.090684e+01 -1.032781e+00 
 2.090716e+01 -1.040345e+00 
 2.090748e+01 -1.048936e+00 
 2.090780e+01 -1.058689e+00 
 2.090813e+01 -1.069317e+00 
 2.090845e+01 -1.079560e+00 
 2.090877e+01 -1.088756e+00 
 2.090910e+01 -1.096606e+00 
 2.090942e+01 -1.102939e+00 
 2.090974e+01 -1.107739e+00 
 2.091007e+01 -1.110099e+00 
 2.091039e+01 -1.111123e+00 
 2.091071e+01 -1.111291e+00 
 2.091103e+01 -1.109676e+00 
 2.091136e+01 -1.106877e+00 
 2.091168e+01 -1.103355e+00 
 2.091200e+01 -1.096949e+00 
 2.091233e+01 -1.092622e+00 
 2.091265e+01 -1.087946e+00 
 2.091297e+01 -1.083748e+00 
 2.091330e+01 -1.075017e+00 
 2.091362e+01 -1.063987e+00 
 2.091394e+01 -1.061775e+00 
 2.091426e+01 -1.056577e+00 
 2.091459e+01 -1.056913e+00 
 2.091491e+01 -1.058393e+00 
 2.091523e+01 -1.060767e+00 
 2.091556e+01 -1.063941e+00 
 2.091588e+01 -1.059499e+00 
 2.091620e+01 -1.063769e+00 
 2.091653e+01 -1.069227e+00 
 2.091685e+01 -1.073903e+00 
 2.091717e+01 -1.077667e+00 
 2.091749e+01 -1.081144e+00 
 2.091782e+01 -1.084998e+00 
 2.091814e+01 -1.090683e+00 
 2.091846e+01 -1.097303e+00 
 2.091879e+01 -1.105145e+00 
 2.091911e+01 -1.112596e+00 
 2.091943e+01 -1.119829e+00 
 2.091976e+01 -1.127525e+00 
 2.092008e+01 -1.135245e+00 
 2.092040e+01 -1.142303e+00 
 2.092072e+01 -1.148282e+00 
 2.092105e+01 -1.152468e+00 
 2.092137e+01 -1.155747e+00 
 2.092169e+01 -1.158489e+00 
 2.092202e+01 -1.159480e+00 
 2.092234e+01 -1.159376e+00 
 2.092266e+01 -1.158383e+00 
 2.092298e+01 -1.157314e+00 
 2.092331e+01 -1.152764e+00 
 2.092363e+01 -1.149290e+00 
 2.092395e+01 -1.145392e+00 
 2.092428e+01 -1.135897e+00 
 2.092460e+01 -1.123373e+00 
 2.092492e+01 -1.118298e+00 
 2.092525e+01 -1.108391e+00 
 2.092557e+01 -1.103314e+00 
 2.092589e+01 -1.097787e+00 
 2.092621e+01 -1.079923e+00 
 2.092654e+01 -1.077348e+00 
 2.092686e+01 -1.075957e+00 
 2.092718e+01 -1.073970e+00 
 2.092751e+01 -1.071810e+00 
 2.092783e+01 -1.069612e+00 
 2.092815e+01 -1.067607e+00 
 2.092848e+01 -1.065464e+00 
 2.092880e+01 -1.063081e+00 
 2.092912e+01 -1.060344e+00 
 2.092944e+01 -1.057559e+00 
 2.092977e+01 -1.054446e+00 
 2.093009e+01 -1.051335e+00 
 2.093041e+01 -1.048977e+00 
 2.093074e+01 -1.048021e+00 
 2.093106e+01 -1.048033e+00 
 2.093138e+01 -1.049896e+00 
 2.093171e+01 -1.053992e+00 
 2.093203e+01 -1.058710e+00 
 2.093235e+01 -1.063347e+00 
 2.093267e+01 -1.067381e+00 
 2.093300e+01 -1.070995e+00 
 2.093332e+01 -1.073631e+00 
 2.093364e+01 -1.072008e+00 
 2.093397e+01 -1.070783e+00 
 2.093429e+01 -1.061658e+00 
 2.093461e+01 -1.057390e+00 
 2.093494e+01 -1.052611e+00 
 2.093526e+01 -1.043001e+00 
 2.093558e+01 -1.038001e+00 
 2.093590e+01 -1.032906e+00 
 2.093623e+01 -1.015565e+00 
 2.093655e+01 -1.012464e+00 
 2.093687e+01 -1.010608e+00 
 2.093720e+01 -1.010064e+00 
 2.093752e+01 -1.008638e+00 
 2.093784e+01 -1.006921e+00 
 2.093817e+01 -1.006219e+00 
 2.093849e+01 -1.006165e+00 
 2.093881e+01 -1.006749e+00 
 2.093913e+01 -1.007838e+00 
 2.093946e+01 -1.009139e+00 
 2.093978e+01 -1.011102e+00 
 2.094010e+01 -1.014184e+00 
 2.094043e+01 -1.018726e+00 
 2.094075e+01 -1.024252e+00 
 2.094107e+01 -1.029351e+00 
 2.094140e+01 -1.034662e+00 
 2.094172e+01 -1.041392e+00 
 2.094204e+01 -1.049500e+00 
 2.094236e+01 -1.057219e+00 
 2.094269e+01 -1.063758e+00 
 2.094301e+01 -1.069667e+00 
 2.094333e+01 -1.075542e+00 
 2.094366e+01 -1.081305e+00 
 2.094398e+01 -1.087405e+00 
 2.094430e+01 -1.093558e+00 
 2.094463e+01 -1.100081e+00 
 2.094495e+01 -1.106781e+00 
 2.094527e+01 -1.112952e+00 
 2.094559e+01 -1.118375e+00 
 2.094592e+01 -1.123069e+00 
 2.094624e+01 -1.124756e+00 
 2.094656e+01 -1.128132e+00 
 2.094689e+01 -1.131356e+00 
 2.094721e+01 -1.134718e+00 
 2.094753e+01 -1.137272e+00 
 2.094786e+01 -1.134337e+00 
 2.094818e+01 -1.135653e+00 
 2.094850e+01 -1.137597e+00 
 2.094882e+01 -1.140484e+00 
 2.094915e+01 -1.144314e+00 
 2.094947e+01 -1.148441e+00 
 2.094979e+01 -1.152781e+00 
 2.095012e+01 -1.157434e+00 
 2.095044e+01 -1.163241e+00 
 2.095076e+01 -1.169907e+00 
 2.095109e+01 -1.176684e+00 
 2.095141e+01 -1.183901e+00 
 2.095173e+01 -1.191971e+00 
 2.095205e+01 -1.200448e+00 
 2.095238e+01 -1.208925e+00 
 2.095270e+01 -1.216761e+00 
 2.095302e+01 -1.223481e+00 
 2.095335e+01 -1.229342e+00 
 2.095367e+01 -1.235152e+00 
 2.095399e+01 -1.240555e+00 
 2.095432e+01 -1.245799e+00 
 2.095464e+01 -1.250938e+00 
 2.095496e+01 -1.256239e+00 
 2.095528e+01 -1.261392e+00 
 2.095561e+01 -1.266224e+00 
 2.095593e+01 -1.271145e+00 
 2.095625e+01 -1.276052e+00 
 2.095658e+01 -1.283230e+00 
 2.095690e+01 -1.290494e+00 
 2.095722e+01 -1.296890e+00 
 2.095754e+01 -1.301990e+00 
 2.095787e+01 -1.306208e+00 
 2.095819e+01 -1.309067e+00 
 2.095851e+01 -1.311201e+00 
 2.095884e+01 -1.312480e+00 
 2.095916e+01 -1.313366e+00 
 2.095948e+01 -1.313896e+00 
 2.095981e+01 -1.314356e+00 
 2.096013e+01 -1.314927e+00 
 2.096045e+01 -1.312460e+00 
 2.096077e+01 -1.312171e+00 
 2.096110e+01 -1.312227e+00 
 2.096142e+01 -1.313140e+00 
 2.096174e+01 -1.307217e+00 
 2.096207e+01 -1.308091e+00 
 2.096239e+01 -1.307559e+00 
 2.096271e+01 -1.306617e+00 
 2.096304e+01 -1.304664e+00 
 2.096336e+01 -1.302329e+00 
 2.096368e+01 -1.299443e+00 
 2.096400e+01 -1.297144e+00 
 2.096433e+01 -1.295211e+00 
 2.096465e+01 -1.294986e+00 
 2.096497e+01 -1.296122e+00 
 2.096530e+01 -1.297466e+00 
 2.096562e+01 -1.299221e+00 
 2.096594e+01 -1.300435e+00 
 2.096627e+01 -1.302163e+00 
 2.096659e+01 -1.306899e+00 
 2.096691e+01 -1.312240e+00 
 2.096723e+01 -1.316465e+00 
 2.096756e+01 -1.319404e+00 
 2.096788e+01 -1.321880e+00 
 2.096820e+01 -1.323912e+00 
 2.096853e+01 -1.324749e+00 
 2.096885e+01 -1.325720e+00 
 2.096917e+01 -1.326648e+00 
 2.096950e+01 -1.328194e+00 
 2.096982e+01 -1.330331e+00 
 2.097014e+01 -1.332704e+00 
 2.097046e+01 -1.334686e+00 
 2.097079e+01 -1.336106e+00 
 2.097111e+01 -1.336175e+00 
 2.097143e+01 -1.336970e+00 
 2.097176e+01 -1.338878e+00 
 2.097208e+01 -1.339438e+00 
 2.097240e+01 -1.336605e+00 
 2.097273e+01 -1.331562e+00 
 2.097305e+01 -1.325300e+00 
 2.097337e+01 -1.317417e+00 
 2.097369e+01 -1.308066e+00 
 2.097402e+01 -1.298356e+00 
 2.097434e+01 -1.288390e+00 
 2.097466e+01 -1.279026e+00 
 2.097499e+01 -1.269879e+00 
 2.097531e+01 -1.260788e+00 
 2.097563e+01 -1.251498e+00 
 2.097596e+01 -1.241039e+00 
 2.097628e+01 -1.230047e+00 
 2.097660e+01 -1.220956e+00 
 2.097692e+01 -1.214285e+00 
 2.097725e+01 -1.207855e+00 
 2.097757e+01 -1.199614e+00 
 2.097789e+01 -1.190739e+00 
 2.097822e+01 -1.181797e+00 
 2.097854e+01 -1.173261e+00 
 2.097886e+01 -1.160714e+00 
 2.097919e+01 -1.154006e+00 
 2.097951e+01 -1.149681e+00 
 2.097983e+01 -1.147476e+00 
 2.098015e+01 -1.146737e+00 
 2.098048e+01 -1.147589e+00 
 2.098080e+01 -1.148644e+00 
 2.098112e+01 -1.149652e+00 
 2.098145e+01 -1.151204e+00 
 2.098177e+01 -1.154167e+00 
 2.098209e+01 -1.158591e+00 
 2.098242e+01 -1.161569e+00 
 2.098274e+01 -1.162469e+00 
 2.098306e+01 -1.161885e+00 
 2.098338e+01 -1.159900e+00 
 2.098371e+01 -1.157392e+00 
 2.098403e+01 -1.154595e+00 
 2.098435e+01 -1.151695e+00 
 2.098468e+01 -1.149039e+00 
 2.098500e+01 -1.146469e+00 
 2.098532e+01 -1.143716e+00 
 2.098565e+01 -1.140708e+00 
 2.098597e+01 -1.136107e+00 
 2.098629e+01 -1.130624e+00 
 2.098661e+01 -1.123724e+00 
 2.098694e+01 -1.117932e+00 
 2.098726e+01 -1.113016e+00 
 2.098758e+01 -1.107382e+00 
 2.098791e+01 -1.100907e+00 
 2.098823e+01 -1.094037e+00 
 2.098855e+01 -1.087314e+00 
 2.098888e+01 -1.081433e+00 
 2.098920e+01 -1.078887e+00 
 2.098952e+01 -1.078124e+00 
 2.098984e+01 -1.077412e+00 
 2.099017e+01 -1.076359e+00 
 2.099049e+01 -1.076981e+00 
 2.099081e+01 -1.078851e+00 
 2.099114e+01 -1.081128e+00 
 2.099146e+01 -1.081537e+00 
 2.099178e+01 -1.080725e+00 
 2.099211e+01 -1.080821e+00 
 2.099243e+01 -1.081708e+00 
 2.099275e+01 -1.082039e+00 
 2.099307e+01 -1.081808e+00 
 2.099340e+01 -1.080263e+00 
 2.099372e+01 -1.077458e+00 
 2.099404e+01 -1.073884e+00 
 2.099437e+01 -1.070660e+00 
 2.099469e+01 -1.067817e+00 
 2.099501e+01 -1.064779e+00 
 2.099534e+01 -1.061246e+00 
 2.099566e+01 -1.058292e+00 
 2.099598e+01 -1.056787e+00 
 2.099630e+01 -1.053963e+00 
 2.099663e+01 -1.051449e+00 
 2.099695e+01 -1.048125e+00 
 2.099727e+01 -1.046855e+00 
 2.099760e+01 -1.046747e+00 
 2.099792e+01 -1.049529e+00 
 2.099824e+01 -1.047258e+00 
 2.099856e+01 -1.044582e+00 
 2.099889e+01 -1.041825e+00 
 2.099921e+01 -1.039336e+00 
 2.099953e+01 -1.038458e+00 
 2.099986e+01 -1.037622e+00 
 2.100018e+01 -1.035744e+00 
 2.100050e+01 -1.032495e+00 
 2.100083e+01 -1.028012e+00 
 2.100115e+01 -1.022251e+00 
 2.100147e+01 -1.011872e+00 
 2.100179e+01 -9.977825e-01 
 2.100212e+01 -9.833119e-01 
 2.100244e+01 -9.695098e-01 
 2.100276e+01 -9.561377e-01 
 2.100309e+01 -9.420486e-01 
 2.100341e+01 -9.265763e-01 
 2.100373e+01 -9.101704e-01 
 2.100406e+01 -8.941670e-01 
 2.100438e+01 -8.824032e-01 
 2.100470e+01 -8.680357e-01 
 2.100502e+01 -8.529998e-01 
 2.100535e+01 -8.376758e-01 
 2.100567e+01 -8.217179e-01 
 2.100599e+01 -8.078428e-01 
 2.100632e+01 -7.943947e-01 
 2.100664e+01 -7.805224e-01 
 2.100696e+01 -7.647517e-01 
 2.100729e+01 -7.553646e-01 
 2.100761e+01 -7.466569e-01 
 2.100793e+01 -7.396121e-01 
 2.100825e+01 -7.325025e-01 
 2.100858e+01 -7.254768e-01 
 2.100890e+01 -7.210474e-01 
 2.100922e+01 -7.131013e-01 
 2.100955e+01 -7.060073e-01 
 2.100987e+01 -6.971754e-01 
 2.101019e+01 -6.895427e-01 
 2.101052e+01 -6.773382e-01 
 2.101084e+01 -6.644629e-01 
 2.101116e+01 -6.519070e-01 
 2.101148e+01 -6.354684e-01 
 2.101181e+01 -6.156799e-01 
 2.101213e+01 -5.954657e-01 
 2.101245e+01 -5.783662e-01 
 2.101278e+01 -5.646238e-01 
 2.101310e+01 -5.524349e-01 
 2.101342e+01 -5.408298e-01 
 2.101375e+01 -5.289858e-01 
 2.101407e+01 -5.173900e-01 
 2.101439e+01 -5.068972e-01 
 2.101471e+01 -4.969322e-01 
 2.101504e+01 -4.874395e-01 
 2.101536e+01 -4.774580e-01 
 2.101568e+01 -4.671951e-01 
 2.101601e+01 -4.582480e-01 
 2.101633e+01 -4.496685e-01 
 2.101665e+01 -4.377890e-01 
 2.101698e+01 -4.243496e-01 
 2.101730e+01 -4.151834e-01 
 2.101762e+01 -4.115791e-01 
 2.101794e+01 -4.065809e-01 
 2.101827e+01 -4.034120e-01 
 2.101859e+01 -3.998428e-01 
 2.101891e+01 -3.946095e-01 
 2.101924e+01 -3.885540e-01 
 2.101956e+01 -3.813482e-01 
 2.101988e+01 -3.722389e-01 
 2.102021e+01 -3.613939e-01 
 2.102053e+01 -3.483781e-01 
 2.102085e+01 -3.349386e-01 
 2.102117e+01 -3.222069e-01 
 2.102150e+01 -3.083214e-01 
 2.102182e+01 -2.921069e-01 
 2.102214e+01 -2.757233e-01 
 2.102247e+01 -2.626745e-01 
 2.102279e+01 -2.528843e-01 
 2.102311e+01 -2.455368e-01 
 2.102344e+01 -2.386813e-01 
 2.102376e+01 -2.317926e-01 
 2.102408e+01 -2.246646e-01 
 2.102440e+01 -2.185149e-01 
 2.102473e+01 -2.130007e-01 
 2.102505e+01 -2.080650e-01 
 2.102537e+01 -2.081472e-01 
 2.102570e+01 -2.043330e-01 
 2.102602e+01 -2.033168e-01 
 2.102634e+01 -2.032997e-01 
 2.102666e+01 -2.021041e-01 
 2.102699e+01 -1.998296e-01 
 2.102731e+01 -1.963544e-01 
 2.102763e+01 -1.950656e-01 
 2.102796e+01 -1.949122e-01 
 2.102828e+01 -1.954011e-01 
 2.102860e+01 -1.956684e-01 
 2.102893e+01 -1.935332e-01 
 2.102925e+01 -1.891728e-01 
 2.102957e+01 -1.836779e-01 
 2.102989e+01 -1.772078e-01 
 2.103022e+01 -1.707575e-01 
 2.103054e+01 -1.631327e-01 
 2.103086e+01 -1.560589e-01 
 2.103119e+01 -1.500819e-01 
 2.103151e+01 -1.429087e-01 
 2.103183e+01 -1.350391e-01 
 2.103216e+01 -1.270074e-01 
 2.103248e+01 -1.203446e-01 
 2.103280e+01 -1.168373e-01 
 2.103312e+01 -1.168490e-01 
 2.103345e+01 -1.199054e-01 
 2.103377e+01 -1.240552e-01 
 2.103409e+01 -1.265275e-01 
 2.103442e+01 -1.315629e-01 
 2.103474e+01 -1.351751e-01 
 2.103506e+01 -1.394611e-01 
 2.103539e+01 -1.437249e-01 
 2.103571e+01 -1.473273e-01 
 2.103603e+01 -1.519430e-01 
 2.103635e+01 -1.563365e-01 
 2.103668e+01 -1.596778e-01 
 2.103700e+01 -1.628866e-01 
 2.103732e+01 -1.659881e-01 
 2.103765e+01 -1.705274e-01 
 2.103797e+01 -1.758719e-01 
 2.103829e+01 -1.827271e-01 
 2.103862e+01 -1.894492e-01 
 2.103894e+01 -1.940057e-01 
 2.103926e+01 -1.950009e-01 
 2.103958e+01 -1.927960e-01 
 2.103991e+01 -1.881117e-01 
 2.104023e+01 -1.826310e-01 
 2.104055e+01 -1.764240e-01 
 2.104088e+01 -1.715155e-01 
 2.104120e+01 -1.676103e-01 
 2.104152e+01 -1.635229e-01 
 2.104185e+01 -1.598175e-01 
 2.104217e+01 -1.568237e-01 
 2.104249e+01 -1.548041e-01 
 2.104281e+01 -1.552979e-01 
 2.104314e+01 -1.587920e-01 
 2.104346e+01 -1.633257e-01 
 2.104378e+01 -1.691342e-01 
 2.104411e+01 -1.730214e-01 
 2.104443e+01 -1.759284e-01 
 2.104475e+01 -1.791558e-01 
 2.104508e+01 -1.872558e-01 
 2.104540e+01 -1.893109e-01 
 2.104572e+01 -1.930079e-01 
 2.104604e+01 -1.995351e-01 
 2.104637e+01 -2.073194e-01 
 2.104669e+01 -2.140855e-01 
 2.104701e+01 -2.196461e-01 
 2.104734e+01 -2.236971e-01 
 2.104766e+01 -2.263198e-01 
 2.104798e+01 -2.266232e-01 
 2.104831e+01 -2.261821e-01 
 2.104863e+01 -2.251130e-01 
 2.104895e+01 -2.221924e-01 
 2.104927e+01 -2.166104e-01 
 2.104960e+01 -2.082274e-01 
 2.104992e+01 -1.979301e-01 
 2.105024e+01 -1.875906e-01 
 2.105057e+01 -1.776181e-01 
 2.105089e+01 -1.684961e-01 
 2.105121e+01 -1.599867e-01 
 2.105154e+01 -1.520978e-01 
 2.105186e+01 -1.440068e-01 
 2.105218e+01 -1.349374e-01 
 2.105250e+01 -1.262109e-01 
 2.105283e+01 -1.174256e-01 
 2.105315e+01 -1.087117e-01 
 2.105347e+01 -1.013893e-01 
 2.105380e+01 -9.548947e-02 
 2.105412e+01 -8.934140e-02 
 2.105444e+01 -8.235312e-02 
 2.105477e+01 -7.376215e-02 
 2.105509e+01 -6.678079e-02 
 2.105541e+01 -5.854819e-02 
 2.105573e+01 -5.123424e-02 
 2.105606e+01 -5.131706e-02 
 2.105638e+01 -4.593472e-02 
 2.105670e+01 -3.785089e-02 
 2.105703e+01 -2.763925e-02 
 2.105735e+01 -1.960897e-02 
 2.105767e+01 -5.419898e-03 
 2.105799e+01  9.793366e-03 
 2.105832e+01  1.495724e-02 
 2.105864e+01  3.348716e-02 
 2.105896e+01  5.206496e-02 
 2.105929e+01  7.199362e-02 
 2.105961e+01  9.499237e-02 
 2.105993e+01  1.142361e-01 
 2.106026e+01  1.407422e-01 
 2.106058e+01  1.684700e-01 
 2.106090e+01  1.955059e-01 
 2.106122e+01  2.214244e-01 
 2.106155e+01  2.426408e-01 
 2.106187e+01  2.342385e-01 
 2.106219e+01  2.542123e-01 
 2.106252e+01  2.734945e-01 
 2.106284e+01  2.917896e-01 
 2.106316e+01  3.089029e-01 
 2.106349e+01  3.232032e-01 
 2.106381e+01  3.369524e-01 
 2.106413e+01  3.512970e-01 
 2.106445e+01  3.677072e-01 
 2.106478e+01  3.849549e-01 
 2.106510e+01  4.024737e-01 
 2.106542e+01  4.197713e-01 
 2.106575e+01  4.331398e-01 
 2.106607e+01  4.467031e-01 
 2.106639e+01  4.579905e-01 
 2.106672e+01  4.658873e-01 
 2.106704e+01  4.722631e-01 
 2.106736e+01  4.797558e-01 
 2.106768e+01  4.889593e-01 
 2.106801e+01  4.990486e-01 
 2.106833e+01  5.098995e-01 
 2.106865e+01  5.225913e-01 
 2.106898e+01  5.353542e-01 
 2.106930e+01  5.479849e-01 
 2.106962e+01  5.604286e-01 
 2.106995e+01  5.715838e-01 
 2.107027e+01  5.807224e-01 
 2.107059e+01  5.876582e-01 
 2.107091e+01  5.923882e-01 
 2.107124e+01  5.950131e-01 
 2.107156e+01  5.940145e-01 
 2.107188e+01  5.915025e-01 
 2.107221e+01  5.897390e-01 
 2.107253e+01  5.895387e-01 
 2.107285e+01  5.908431e-01 
 2.107318e+01  5.919675e-01 
 2.107350e+01  5.923906e-01 
 2.107382e+01  5.913061e-01 
 2.107414e+01  5.881878e-01 
 2.107447e+01  5.828069e-01 
 2.107479e+01  5.758613e-01 
 2.107511e+01  5.673286e-01 
 2.107544e+01  5.503379e-01 
 2.107576e+01  5.395648e-01 
 2.107608e+01  5.287849e-01 
 2.107641e+01  5.173175e-01 
 2.107673e+01  5.052532e-01 
 2.107705e+01  4.942942e-01 
 2.107737e+01  4.850383e-01 
 2.107770e+01  4.787253e-01 
 2.107802e+01  4.738251e-01 
 2.107834e+01  4.687690e-01 
 2.107867e+01  4.623665e-01 
 2.107899e+01  4.544139e-01 
 2.107931e+01  4.446227e-01 
 2.107964e+01  4.334507e-01 
 2.107996e+01  4.216896e-01 
 2.108028e+01  4.101577e-01 
 2.108060e+01  3.982098e-01 
 2.108093e+01  3.865804e-01 
 2.108125e+01  3.754018e-01 
 2.108157e+01  3.628526e-01 
 2.108190e+01  3.496201e-01 
 2.108222e+01  3.370368e-01 
 2.108254e+01  3.262193e-01 
 2.108287e+01  3.164543e-01 
 2.108319e+01  3.058388e-01 
 2.108351e+01  2.937096e-01 
 2.108383e+01  2.805965e-01 
 2.108416e+01  2.669378e-01 
 2.108448e+01  2.533429e-01 
 2.108480e+01  2.399133e-01 
 2.108513e+01  2.266586e-01 
 2.108545e+01  2.125937e-01 
 2.108577e+01  1.987343e-01 
 2.108610e+01  1.854424e-01 
 2.108642e+01  1.707760e-01 
 2.108674e+01  1.538062e-01 
 2.108706e+01  1.357382e-01 
 2.108739e+01  1.149821e-01 
 2.108771e+01  9.776303e-02 
 2.108803e+01  8.197715e-02 
 2.108836e+01  6.753224e-02 
 2.108868e+01  5.237963e-02 
 2.108900e+01  3.693787e-02 
 2.108933e+01  2.107408e-02 
 2.108965e+01  3.614690e-03 
 2.108997e+01 -1.525441e-02 
 2.109029e+01 -3.475582e-02 
 2.109062e+01 -5.538655e-02 
 2.109094e+01 -7.619380e-02 
 2.109126e+01 -9.730682e-02 
 2.109159e+01 -1.217175e-01 
 2.109191e+01 -1.461422e-01 
 2.109223e+01 -1.706913e-01 
 2.109255e+01 -1.929428e-01 
 2.109288e+01 -2.158645e-01 
 2.109320e+01 -2.348265e-01 
 2.109352e+01 -2.529109e-01 
 2.109385e+01 -2.711822e-01 
 2.109417e+01 -2.898816e-01 
 2.109449e+01 -3.087909e-01 
 2.109482e+01 -3.282353e-01 
 2.109514e+01 -3.478549e-01 
 2.109546e+01 -3.680106e-01 
 2.109578e+01 -3.883982e-01 
 2.109611e+01 -4.076593e-01 
 2.109643e+01 -4.268894e-01 
 2.109675e+01 -4.465506e-01 
 2.109708e+01 -4.661671e-01 
 2.109740e+01 -4.845541e-01 
 2.109772e+01 -4.990979e-01 
 2.109805e+01 -5.149414e-01 
 2.109837e+01 -5.307564e-01 
 2.109869e+01 -5.435028e-01 
 2.109901e+01 -5.607674e-01 
 2.109934e+01 -5.794495e-01 
 2.109966e+01 -5.993111e-01 
 2.109998e+01 -6.200940e-01 
 2.110031e+01 -6.401148e-01 
 2.110063e+01 -6.589228e-01 
 2.110095e+01 -6.755227e-01 
 2.110128e+01 -6.903765e-01 
 2.110160e+01 -7.046296e-01 
 2.110192e+01 -7.185480e-01 
 2.110224e+01 -7.322738e-01 
 2.110257e+01 -7.451482e-01 
 2.110289e+01 -7.504425e-01 
 2.110321e+01 -7.604471e-01 
 2.110354e+01 -7.707534e-01 
 2.110386e+01 -7.812310e-01 
 2.110418e+01 -7.926365e-01 
 2.110451e+01 -8.014585e-01 
 2.110483e+01 -8.122536e-01 
 2.110515e+01 -8.221276e-01 
 2.110547e+01 -8.305762e-01 
 2.110580e+01 -8.377373e-01 
 2.110612e+01 -8.437166e-01 
 2.110644e+01 -8.488554e-01 
 2.110677e+01 -8.537275e-01 
 2.110709e+01 -8.595765e-01 
 2.110741e+01 -8.662944e-01 
 2.110774e+01 -8.733736e-01 
 2.110806e+01 -8.802379e-01 
 2.110838e+01 -8.867357e-01 
 2.110870e+01 -8.922323e-01 
 2.110903e+01 -8.972650e-01 
 2.110935e+01 -9.024994e-01 
 2.110967e+01 -9.072839e-01 
 2.111000e+01 -9.108227e-01 
 2.111032e+01 -9.134025e-01 
 2.111064e+01 -9.144331e-01 
 2.111097e+01 -9.133850e-01 
 2.111129e+01 -9.089207e-01 
 2.111161e+01 -9.066487e-01 
 2.111193e+01 -9.043198e-01 
 2.111226e+01 -9.016281e-01 
 2.111258e+01 -8.985546e-01 
 2.111290e+01 -8.935653e-01 
 2.111323e+01 -8.863352e-01 
 2.111355e+01 -8.770046e-01 
 2.111387e+01 -8.659475e-01 
 2.111420e+01 -8.506248e-01 
 2.111452e+01 -8.386899e-01 
 2.111484e+01 -8.265807e-01 
 2.111516e+01 -8.145627e-01 
 2.111549e+01 -8.028096e-01 
 2.111581e+01 -7.914349e-01 
 2.111613e+01 -7.802861e-01 
 2.111646e+01 -7.692270e-01 
 2.111678e+01 -7.587488e-01 
 2.111710e+01 -7.480847e-01 
 2.111743e+01 -7.372111e-01 
 2.111775e+01 -7.262412e-01 
 2.111807e+01 -7.149389e-01 
 2.111839e+01 -7.028028e-01 
 2.111872e+01 -6.901938e-01 
 2.111904e+01 -6.780671e-01 
 2.111936e+01 -6.671602e-01 
 2.111969e+01 -6.572308e-01 
 2.112001e+01 -6.477105e-01 
 2.112033e+01 -6.382087e-01 
 2.112065e+01 -6.279287e-01 
 2.112098e+01 -6.164522e-01 
 2.112130e+01 -6.037777e-01 
 2.112162e+01 -5.900503e-01 
 2.112195e+01 -5.753542e-01 
 2.112227e+01 -5.597217e-01 
 2.112259e+01 -5.437256e-01 
 2.112292e+01 -5.276122e-01 
 2.112324e+01 -5.111336e-01 
 2.112356e+01 -4.949416e-01 
 2.112388e+01 -4.824985e-01 
 2.112421e+01 -4.730403e-01 
 2.112453e+01 -4.688490e-01 
 2.112485e+01 -4.680611e-01 
 2.112518e+01 -4.684482e-01 
 2.112550e+01 -4.691887e-01 
 2.112582e+01 -4.697403e-01 
 2.112615e+01 -4.695386e-01 
 2.112647e+01 -4.681815e-01 
 2.112679e+01 -4.664499e-01 
 2.112711e+01 -4.651590e-01 
 2.112744e+01 -4.691019e-01 
 2.112776e+01 -4.699203e-01 
 2.112808e+01 -4.721184e-01 
 2.112841e+01 -4.745148e-01 
 2.112873e+01 -4.766040e-01 
 2.112905e+01 -4.776510e-01 
 2.112938e+01 -4.777945e-01 
 2.112970e+01 -4.770648e-01 
 2.113002e+01 -4.754029e-01 
 2.113034e+01 -4.722578e-01 
 2.113067e+01 -4.674881e-01 
 2.113099e+01 -4.615607e-01 
 2.113131e+01 -4.547850e-01 
 2.113164e+01 -4.462041e-01 
 2.113196e+01 -4.384151e-01 
 2.113228e+01 -4.321294e-01 
 2.113261e+01 -4.265549e-01 
 2.113293e+01 -4.212774e-01 
 2.113325e+01 -4.159836e-01 
 2.113357e+01 -4.099487e-01 
 2.113390e+01 -4.035501e-01 
 2.113422e+01 -3.968818e-01 
 2.113454e+01 -3.895233e-01 
 2.113487e+01 -3.822795e-01 
 2.113519e+01 -3.746071e-01 
 2.113551e+01 -3.707466e-01 
 2.113584e+01 -3.621285e-01 
 2.113616e+01 -3.544691e-01 
 2.113648e+01 -3.463321e-01 
 2.113680e+01 -3.372164e-01 
 2.113713e+01 -3.290773e-01 
 2.113745e+01 -3.220654e-01 
 2.113777e+01 -3.141614e-01 
 2.113810e+01 -3.053175e-01 
 2.113842e+01 -2.954864e-01 
 2.113874e+01 -2.846200e-01 
 2.113907e+01 -2.728303e-01 
 2.113939e+01 -2.603464e-01 
 2.113971e+01 -2.476433e-01 
 2.114003e+01 -2.348540e-01 
 2.114036e+01 -2.225159e-01 
 2.114068e+01 -2.104581e-01 
 2.114100e+01 -1.990409e-01 
 2.114133e+01 -1.866142e-01 
 2.114165e+01 -1.718979e-01 
 2.114197e+01 -1.582426e-01 
 2.114230e+01 -1.460779e-01 
 2.114262e+01 -1.361486e-01 
 2.114294e+01 -1.265026e-01 
 2.114326e+01 -1.170587e-01 
 2.114359e+01 -1.083417e-01 
 2.114391e+01 -1.003965e-01 
 2.114423e+01 -9.449928e-02 
 2.114456e+01 -8.994628e-02 
 2.114488e+01 -8.607715e-02 
 2.114520e+01 -8.305222e-02 
 2.114553e+01 -8.010761e-02 
 2.114585e+01 -7.692243e-02 
 2.114617e+01 -7.379286e-02 
 2.114649e+01 -6.845306e-02 
 2.114682e+01 -6.101424e-02 
 2.114714e+01 -5.369543e-02 
 2.114746e+01 -4.792667e-02 
 2.114779e+01 -4.320643e-02 
 2.114811e+01 -3.845851e-02 
 2.114843e+01 -3.393779e-02 
 2.114876e+01 -2.914848e-02 
 2.114908e+01 -2.361948e-02 
 2.114940e+01 -1.679725e-02 
 2.114972e+01 -9.073901e-03 
 2.115005e+01 -5.600628e-04 
 2.115037e+01  8.009194e-03 
 2.115069e+01  1.593638e-02 
 2.115102e+01  2.294111e-02 
 2.115134e+01  3.012014e-02 
 2.115166e+01  3.948373e-02 
 2.115198e+01  4.833677e-02 
 2.115231e+01  5.461438e-02 
 2.115263e+01  5.723666e-02 
 2.115295e+01  5.728629e-02 
 2.115328e+01  5.415378e-02 
 2.115360e+01  5.183312e-02 
 2.115392e+01  4.925819e-02 
 2.115425e+01  4.668138e-02 
 2.115457e+01  4.417169e-02 
 2.115489e+01  4.217858e-02 
 2.115521e+01  4.069247e-02 
 2.115554e+01  4.007018e-02 
 2.115586e+01  3.884610e-02 
 2.115618e+01  3.690401e-02 
 2.115651e+01  3.719780e-02 
 2.115683e+01  3.640061e-02 
 2.115715e+01  3.808702e-02 
 2.115748e+01  3.910441e-02 
 2.115780e+01  3.980635e-02 
 2.115812e+01  4.098665e-02 
 2.115844e+01  4.351490e-02 
 2.115877e+01  4.795474e-02 
 2.115909e+01  5.451809e-02 
 2.115941e+01  6.278146e-02 
 2.115974e+01  7.291816e-02 
 2.116006e+01  8.405833e-02 
 2.116038e+01  9.589691e-02 
 2.116071e+01  1.081454e-01 
 2.116103e+01  1.195433e-01 
 2.116135e+01  1.303016e-01 
 2.116167e+01  1.442702e-01 
 2.116200e+01  1.592953e-01 
 2.116232e+01  1.729788e-01 
 2.116264e+01  1.844535e-01 
 2.116297e+01  1.948362e-01 
 2.116329e+01  2.047381e-01 
 2.116361e+01  2.140099e-01 
 2.116394e+01  2.236513e-01 
 2.116426e+01  2.214949e-01 
 2.116458e+01  2.317244e-01 
 2.116490e+01  2.419300e-01 
 2.116523e+01  2.516805e-01 
 2.116555e+01  2.569773e-01 
 2.116587e+01  2.662013e-01 
 2.116620e+01  2.753168e-01 
 2.116652e+01  2.745971e-01 
 2.116684e+01  2.883051e-01 
 2.116717e+01  3.032431e-01 
 2.116749e+01  3.175990e-01 
 2.116781e+01  3.306249e-01 
 2.116813e+01  3.425405e-01 
 2.116846e+01  3.536089e-01 
 2.116878e+01  3.640307e-01 
 2.116910e+01  3.743703e-01 
 2.116943e+01  3.856663e-01 
 2.116975e+01  3.978754e-01 
 2.117007e+01  4.094234e-01 
 2.117040e+01  4.212034e-01 
 2.117072e+01  4.330295e-01 
 2.117104e+01  4.430305e-01 
 2.117136e+01  4.518559e-01 
 2.117169e+01  4.607586e-01 
 2.117201e+01  4.693924e-01 
 2.117233e+01  4.751755e-01 
 2.117266e+01  4.772128e-01 
 2.117298e+01  4.758475e-01 
 2.117330e+01  4.714668e-01 
 2.117363e+01  4.641092e-01 
 2.117395e+01  4.556027e-01 
 2.117427e+01  4.468171e-01 
 2.117459e+01  4.370524e-01 
 2.117492e+01  4.262868e-01 
 2.117524e+01  4.145496e-01 
 2.117556e+01  4.017417e-01 
 2.117589e+01  3.868923e-01 
 2.117621e+01  3.701321e-01 
 2.117653e+01  3.514677e-01 
 2.117686e+01  3.309454e-01 
 2.117718e+01  3.116368e-01 
 2.117750e+01  2.909794e-01 
 2.117782e+01  2.685746e-01 
 2.117815e+01  2.448428e-01 
 2.117847e+01  2.213428e-01 
 2.117879e+01  1.983771e-01 
 2.117912e+01  1.763488e-01 
 2.117944e+01  1.560662e-01 
 2.117976e+01  1.378287e-01 
 2.118009e+01  1.190435e-01 
 2.118041e+01  9.950849e-02 
 2.118073e+01  7.948684e-02 
 2.118105e+01  5.820081e-02 
 2.118138e+01  3.474143e-02 
 2.118170e+01  9.585394e-03 
 2.118202e+01 -1.347791e-02 
 2.118235e+01 -3.561350e-02 
 2.118267e+01 -5.820984e-02 
 2.118299e+01 -8.107678e-02 
 2.118331e+01 -1.033963e-01 
 2.118364e+01 -1.247327e-01 
 2.118396e+01 -1.453227e-01 
 2.118428e+01 -1.645220e-01 
 2.118461e+01 -1.825309e-01 
 2.118493e+01 -2.010338e-01 
 2.118525e+01 -2.184545e-01 
 2.118558e+01 -2.378936e-01 
 2.118590e+01 -2.568889e-01 
 2.118622e+01 -2.748739e-01 
 2.118654e+01 -2.941140e-01 
 2.118687e+01 -3.123775e-01 
 2.118719e+01 -3.275462e-01 
 2.118751e+01 -3.390559e-01 
 2.118784e+01 -3.488641e-01 
 2.118816e+01 -3.592987e-01 
 2.118848e+01 -3.686568e-01 
 2.118881e+01 -3.777662e-01 
 2.118913e+01 -3.863607e-01 
 2.118945e+01 -3.939112e-01 
 2.118977e+01 -4.010390e-01 
 2.119010e+01 -4.080536e-01 
 2.119042e+01 -4.147800e-01 
 2.119074e+01 -4.215630e-01 
 2.119107e+01 -4.268543e-01 
 2.119139e+01 -4.321712e-01 
 2.119171e+01 -4.404890e-01 
 2.119204e+01 -4.482296e-01 
 2.119236e+01 -4.543073e-01 
 2.119268e+01 -4.583519e-01 
 2.119300e+01 -4.644296e-01 
 2.119333e+01 -4.725960e-01 
 2.119365e+01 -4.819324e-01 
 2.119397e+01 -4.925536e-01 
 2.119430e+01 -5.025369e-01 
 2.119462e+01 -5.114376e-01 
 2.119494e+01 -5.183235e-01 
 2.119527e+01 -5.248514e-01 
 2.119559e+01 -5.328450e-01 
 2.119591e+01 -5.411394e-01 
 2.119623e+01 -5.502351e-01 
 2.119656e+01 -5.621728e-01 
 2.119688e+01 -5.761903e-01 
 2.119720e+01 -5.901220e-01 
 2.119753e+01 -6.036769e-01 
 2.119785e+01 -6.167609e-01 
 2.119817e+01 -6.297026e-01 
 2.119850e+01 -6.449631e-01 
 2.119882e+01 -6.608633e-01 
 2.119914e+01 -6.765393e-01 
 2.119946e+01 -6.912955e-01 
 2.119979e+01 -7.059537e-01 
 2.120011e+01 -7.216277e-01 
 2.120043e+01 -7.387350e-01 
 2.120076e+01 -7.575096e-01 
 2.120108e+01 -7.774114e-01 
 2.120140e+01 -7.998001e-01 
 2.120173e+01 -8.264490e-01 
 2.120205e+01 -8.551944e-01 
 2.120237e+01 -8.833932e-01 
 2.120269e+01 -9.088714e-01 
 2.120302e+01 -9.333996e-01 
 2.120334e+01 -9.573977e-01 
 2.120366e+01 -9.813211e-01 
 2.120399e+01 -1.005325e+00 
 2.120431e+01 -1.028547e+00 
 2.120463e+01 -1.051167e+00 
 2.120496e+01 -1.073656e+00 
 2.120528e+01 -1.099718e+00 
 2.120560e+01 -1.128587e+00 
 2.120592e+01 -1.157701e+00 
 2.120625e+01 -1.187378e+00 
 2.120657e+01 -1.216418e+00 
 2.120689e+01 -1.246704e+00 
 2.120722e+01 -1.275752e+00 
 2.120754e+01 -1.300032e+00 
 2.120786e+01 -1.319917e+00 
 2.120819e+01 -1.335351e+00 
 2.120851e+01 -1.347304e+00 
 2.120883e+01 -1.359160e+00 
 2.120915e+01 -1.370435e+00 
 2.120948e+01 -1.380519e+00 
 2.120980e+01 -1.390105e+00 
 2.121012e+01 -1.399363e+00 
 2.121045e+01 -1.408698e+00 
 2.121077e+01 -1.417032e+00 
 2.121109e+01 -1.416417e+00 
 2.121142e+01 -1.419627e+00 
 2.121174e+01 -1.425904e+00 
 2.121206e+01 -1.430861e+00 
 2.121238e+01 -1.431258e+00 
 2.121271e+01 -1.421504e+00 
 2.121303e+01 -1.413163e+00 
 2.121335e+01 -1.402250e+00 
 2.121368e+01 -1.391253e+00 
 2.121400e+01 -1.381878e+00 
 2.121432e+01 -1.364687e+00 
 2.121465e+01 -1.353724e+00 
 2.121497e+01 -1.341975e+00 
 2.121529e+01 -1.330507e+00 
 2.121561e+01 -1.319220e+00 
 2.121594e+01 -1.305682e+00 
 2.121626e+01 -1.290200e+00 
 2.121658e+01 -1.274556e+00 
 2.121691e+01 -1.258816e+00 
 2.121723e+01 -1.242931e+00 
 2.121755e+01 -1.225874e+00 
 2.121788e+01 -1.206625e+00 
 2.121820e+01 -1.185722e+00 
 2.121852e+01 -1.165273e+00 
 2.121884e+01 -1.145845e+00 
 2.121917e+01 -1.128008e+00 
 2.121949e+01 -1.110912e+00 
 2.121981e+01 -1.095442e+00 
 2.122014e+01 -1.080594e+00 
 2.122046e+01 -1.066583e+00 
 2.122078e+01 -1.053340e+00 
 2.122110e+01 -1.023666e+00 
 2.122143e+01 -1.012411e+00 
 2.122175e+01 -1.003224e+00 
 2.122207e+01 -9.968689e-01 
 2.122240e+01 -9.914088e-01 
 2.122272e+01 -9.851407e-01 
 2.122304e+01 -9.793949e-01 
 2.122337e+01 -9.745075e-01 
 2.122369e+01 -9.705199e-01 
 2.122401e+01 -9.693705e-01 
 2.122433e+01 -9.704531e-01 
 2.122466e+01 -9.730383e-01 
 2.122498e+01 -9.759029e-01 
 2.122530e+01 -9.798596e-01 
 2.122563e+01 -9.848888e-01 
 2.122595e+01 -9.902058e-01 
 2.122627e+01 -9.957014e-01 
 2.122660e+01 -1.002638e+00 
 2.122692e+01 -1.012121e+00 
 2.122724e+01 -1.022980e+00 
 2.122756e+01 -1.034129e+00 
 2.122789e+01 -1.045088e+00 
 2.122821e+01 -1.054676e+00 
 2.122853e+01 -1.062766e+00 
 2.122886e+01 -1.071025e+00 
 2.122918e+01 -1.080849e+00 
 2.122950e+01 -1.092778e+00 
 2.122983e+01 -1.105376e+00 
 2.123015e+01 -1.118083e+00 
 2.123047e+01 -1.131556e+00 
 2.123079e+01 -1.148174e+00 
 2.123112e+01 -1.163348e+00 
 2.123144e+01 -1.177893e+00 
 2.123176e+01 -1.192389e+00 
 2.123209e+01 -1.204006e+00 
 2.123241e+01 -1.214119e+00 
 2.123273e+01 -1.223899e+00 
 2.123306e+01 -1.229386e+00 
 2.123338e+01 -1.231341e+00 
 2.123370e+01 -1.231366e+00 
 2.123402e+01 -1.232025e+00 
 2.123435e+01 -1.233737e+00 
 2.123467e+01 -1.235784e+00 
 2.123499e+01 -1.232845e+00 
 2.123532e+01 -1.233882e+00 
 2.123564e+01 -1.233788e+00 
 2.123596e+01 -1.233000e+00 
 2.123629e+01 -1.230408e+00 
 2.123661e+01 -1.227024e+00 
 2.123693e+01 -1.220928e+00 
 2.123725e+01 -1.209654e+00 
 2.123758e+01 -1.203250e+00 
 2.123790e+01 -1.195661e+00 
 2.123822e+01 -1.187325e+00 
 2.123855e+01 -1.177752e+00 
 2.123887e+01 -1.169432e+00 
 2.123919e+01 -1.162071e+00 
 2.123952e+01 -1.156820e+00 
 2.123984e+01 -1.152058e+00 
 2.124016e+01 -1.147548e+00 
 2.124048e+01 -1.142038e+00 
 2.124081e+01 -1.128564e+00 
 2.124113e+01 -1.120452e+00 
 2.124145e+01 -1.111405e+00 
 2.124178e+01 -1.101613e+00 
 2.124210e+01 -1.089699e+00 
 2.124242e+01 -1.077183e+00 
 2.124275e+01 -1.065861e+00 
 2.124307e+01 -1.056478e+00 
 2.124339e+01 -1.047073e+00 
 2.124371e+01 -1.038804e+00 
 2.124404e+01 -1.030533e+00 
 2.124436e+01 -1.023238e+00 
 2.124468e+01 -1.015693e+00 
 2.124501e+01 -1.007706e+00 
 2.124533e+01 -9.976438e-01 
 2.124565e+01 -9.867446e-01 
 2.124598e+01 -9.747561e-01 
 2.124630e+01 -9.635858e-01 
 2.124662e+01 -9.544682e-01 
 2.124694e+01 -9.469783e-01 
 2.124727e+01 -9.343297e-01 
 2.124759e+01 -9.304797e-01 
 2.124791e+01 -9.250385e-01 
 2.124824e+01 -9.253253e-01 
 2.124856e+01 -9.263583e-01 
 2.124888e+01 -9.272638e-01 
 2.124921e+01 -9.295593e-01 
 2.124953e+01 -9.337319e-01 
 2.124985e+01 -9.412274e-01 
 2.125017e+01 -9.501963e-01 
 2.125050e+01 -9.598001e-01 
 2.125082e+01 -9.703170e-01 
 2.125114e+01 -9.835051e-01 
 2.125147e+01 -1.000213e+00 
 2.125179e+01 -1.019421e+00 
 2.125211e+01 -1.039958e+00 
 2.125244e+01 -1.062369e+00 
 2.125276e+01 -1.084144e+00 
 2.125308e+01 -1.107201e+00 
 2.125340e+01 -1.130315e+00 
 2.125373e+01 -1.152359e+00 
 2.125405e+01 -1.173752e+00 
 2.125437e+01 -1.195322e+00 
 2.125470e+01 -1.218204e+00 
 2.125502e+01 -1.243121e+00 
 2.125534e+01 -1.266871e+00 
 2.125567e+01 -1.289508e+00 
 2.125599e+01 -1.310932e+00 
 2.125631e+01 -1.331934e+00 
 2.125663e+01 -1.354062e+00 
 2.125696e+01 -1.375109e+00 
 2.125728e+01 -1.381828e+00 
 2.125760e+01 -1.401154e+00 
 2.125793e+01 -1.416059e+00 
 2.125825e+01 -1.430069e+00 
 2.125857e+01 -1.442745e+00 
 2.125889e+01 -1.454407e+00 
 2.125922e+01 -1.465383e+00 
 2.125954e+01 -1.475295e+00 
 2.125986e+01 -1.485791e+00 
 2.126019e+01 -1.495801e+00 
 2.126051e+01 -1.504616e+00 
 2.126083e+01 -1.511112e+00 
 2.126116e+01 -1.514695e+00 
 2.126148e+01 -1.516809e+00 
 2.126180e+01 -1.518190e+00 
 2.126212e+01 -1.518375e+00 
 2.126245e+01 -1.516837e+00 
 2.126277e+01 -1.513746e+00 
 2.126309e+01 -1.509993e+00 
 2.126342e+01 -1.506980e+00 
 2.126374e+01 -1.503530e+00 
 2.126406e+01 -1.499754e+00 
 2.126439e+01 -1.494596e+00 
 2.126471e+01 -1.489118e+00 
 2.126503e+01 -1.482834e+00 
 2.126535e+01 -1.475261e+00 
 2.126568e+01 -1.466352e+00 
 2.126600e+01 -1.454989e+00 
 2.126632e+01 -1.442344e+00 
 2.126665e+01 -1.429195e+00 
 2.126697e+01 -1.417178e+00 
 2.126729e+01 -1.405303e+00 
 2.126762e+01 -1.392941e+00 
 2.126794e+01 -1.380078e+00 
 2.126826e+01 -1.366972e+00 
 2.126858e+01 -1.353370e+00 
 2.126891e+01 -1.339044e+00 
 2.126923e+01 -1.322210e+00 
 2.126955e+01 -1.305659e+00 
 2.126988e+01 -1.289250e+00 
 2.127020e+01 -1.273271e+00 
 2.127052e+01 -1.257516e+00 
 2.127085e+01 -1.241064e+00 
 2.127117e+01 -1.224102e+00 
 2.127149e+01 -1.206962e+00 
 2.127181e+01 -1.191656e+00 
 2.127214e+01 -1.179236e+00 
 2.127246e+01 -1.169129e+00 
 2.127278e+01 -1.160433e+00 
 2.127311e+01 -1.152339e+00 
 2.127343e+01 -1.140280e+00 
 2.127375e+01 -1.133565e+00 
 2.127408e+01 -1.127679e+00 
 2.127440e+01 -1.122103e+00 
 2.127472e+01 -1.116748e+00 
 2.127504e+01 -1.112850e+00 
 2.127537e+01 -1.111063e+00 
 2.127569e+01 -1.110693e+00 
 2.127601e+01 -1.111327e+00 
 2.127634e+01 -1.112456e+00 
 2.127666e+01 -1.113182e+00 
 2.127698e+01 -1.115659e+00 
 2.127731e+01 -1.120355e+00 
 2.127763e+01 -1.126858e+00 
 2.127795e+01 -1.132937e+00 
 2.127827e+01 -1.138537e+00 
 2.127860e+01 -1.144761e+00 
 2.127892e+01 -1.151678e+00 
 2.127924e+01 -1.159774e+00 
 2.127957e+01 -1.168776e+00 
 2.127989e+01 -1.178169e+00 
 2.128021e+01 -1.187994e+00 
 2.128054e+01 -1.198691e+00 
 2.128086e+01 -1.210158e+00 
 2.128118e+01 -1.221967e+00 
 2.128150e+01 -1.231630e+00 
 2.128183e+01 -1.240340e+00 
 2.128215e+01 -1.249974e+00 
 2.128247e+01 -1.261292e+00 
 2.128280e+01 -1.272941e+00 
 2.128312e+01 -1.284091e+00 
 2.128344e+01 -1.294057e+00 
 2.128377e+01 -1.304110e+00 
 2.128409e+01 -1.314498e+00 
 2.128441e+01 -1.325153e+00 
 2.128473e+01 -1.335361e+00 
 2.128506e+01 -1.344270e+00 
 2.128538e+01 -1.352504e+00 
 2.128570e+01 -1.360024e+00 
 2.128603e+01 -1.366794e+00 
 2.128635e+01 -1.371532e+00 
 2.128667e+01 -1.372437e+00 
 2.128700e+01 -1.371536e+00 
 2.128732e+01 -1.371185e+00 
 2.128764e+01 -1.371446e+00 
 2.128796e+01 -1.371260e+00 
 2.128829e+01 -1.369685e+00 
 2.128861e+01 -1.366645e+00 
 2.128893e+01 -1.362248e+00 
 2.128926e+01 -1.356947e+00 
 2.128958e+01 -1.350466e+00 
 2.128990e+01 -1.341629e+00 
 2.129023e+01 -1.330555e+00 
 2.129055e+01 -1.317950e+00 
 2.129087e+01 -1.304725e+00 
 2.129119e+01 -1.290976e+00 
 2.129152e+01 -1.274347e+00 
 2.129184e+01 -1.255367e+00 
 2.129216e+01 -1.236374e+00 
 2.129249e+01 -1.218785e+00 
 2.129281e+01 -1.203213e+00 
 2.129313e+01 -1.187397e+00 
 2.129346e+01 -1.170222e+00 
 2.129378e+01 -1.151683e+00 
 2.129410e+01 -1.132292e+00 
 2.129442e+01 -1.112728e+00 
 2.129475e+01 -1.092286e+00 
 2.129507e+01 -1.071385e+00 
 2.129539e+01 -1.050624e+00 
 2.129572e+01 -1.030946e+00 
 2.129604e+01 -1.013596e+00 
 2.129636e+01 -9.971931e-01 
 2.129668e+01 -9.793105e-01 
 2.129701e+01 -9.614166e-01 
 2.129733e+01 -9.452388e-01 
 2.129765e+01 -9.324254e-01 
 2.129798e+01 -9.217800e-01 
 2.129830e+01 -9.119544e-01 
 2.129862e+01 -9.021812e-01 
 2.129895e+01 -8.940802e-01 
 2.129927e+01 -8.863090e-01 
 2.129959e+01 -8.804693e-01 
 2.129991e+01 -8.760353e-01 
 2.130024e+01 -8.734212e-01 
 2.130056e+01 -8.725505e-01 
 2.130088e+01 -8.745716e-01 
 2.130121e+01 -8.797234e-01 
 2.130153e+01 -8.851520e-01 
 2.130185e+01 -8.899882e-01 
 2.130218e+01 -8.952108e-01 
 2.130250e+01 -9.026306e-01 
 2.130282e+01 -9.123341e-01 
 2.130314e+01 -9.233056e-01 
 2.130347e+01 -9.347782e-01 
 2.130379e+01 -9.457833e-01 
 2.130411e+01 -9.563118e-01 
 2.130444e+01 -9.672355e-01 
 2.130476e+01 -9.785703e-01 
 2.130508e+01 -9.897519e-01 
 2.130541e+01 -1.000018e+00 
 2.130573e+01 -1.009158e+00 
 2.130605e+01 -1.017421e+00 
 2.130637e+01 -1.023958e+00 
 2.130670e+01 -1.026436e+00 
 2.130702e+01 -1.026270e+00 
 2.130734e+01 -1.024549e+00 
 2.130767e+01 -1.022861e+00 
 2.130799e+01 -1.021222e+00 
 2.130831e+01 -1.019362e+00 
 2.130864e+01 -1.016308e+00 
 2.130896e+01 -1.011259e+00 
 2.130928e+01 -1.004518e+00 
 2.130960e+01 -9.958591e-01 
 2.130993e+01 -9.852753e-01 
 2.131025e+01 -9.729826e-01 
 2.131057e+01 -9.581103e-01 
 2.131090e+01 -9.407968e-01 
 2.131122e+01 -9.223501e-01 
 2.131154e+01 -9.021298e-01 
 2.131187e+01 -8.798473e-01 
 2.131219e+01 -8.559133e-01 
 2.131251e+01 -8.324314e-01 
 2.131283e+01 -8.101565e-01 
 2.131316e+01 -7.882974e-01 
 2.131348e+01 -7.671392e-01 
 2.131380e+01 -7.456573e-01 
 2.131413e+01 -7.230067e-01 
 2.131445e+01 -6.983436e-01 
 2.131477e+01 -6.715147e-01 
 2.131510e+01 -6.439881e-01 
 2.131542e+01 -6.185899e-01 
 2.131574e+01 -5.931422e-01 
 2.131606e+01 -5.688721e-01 
 2.131639e+01 -5.440984e-01 
 2.131671e+01 -5.221826e-01 
 2.131703e+01 -4.994774e-01 
 2.131736e+01 -4.781668e-01 
 2.131768e+01 -4.588673e-01 
 2.131800e+01 -4.417384e-01 
 2.131833e+01 -4.278417e-01 
 2.131865e+01 -4.158399e-01 
 2.131897e+01 -4.029422e-01 
 2.131929e+01 -3.894434e-01 
 2.131962e+01 -3.754743e-01 
 2.131994e+01 -3.620629e-01 
 2.132026e+01 -3.498704e-01 
 2.132059e+01 -3.391414e-01 
 2.132091e+01 -3.300812e-01 
 2.132123e+01 -3.231127e-01 
 2.132156e+01 -3.170806e-01 
 2.132188e+01 -3.118911e-01 
 2.132220e+01 -3.067817e-01 
 2.132252e+01 -3.028119e-01 
 2.132285e+01 -2.996676e-01 
 2.132317e+01 -2.982135e-01 
 2.132349e+01 -2.980806e-01 
 2.132382e+01 -2.984113e-01 
 2.132414e+01 -2.986615e-01 
 2.132446e+01 -2.983189e-01 
 2.132479e+01 -2.943768e-01 
 2.132511e+01 -2.952512e-01 
 2.132543e+01 -2.978559e-01 
 2.132575e+01 -3.017134e-01 
 2.132608e+01 -3.071387e-01 
 2.132640e+01 -3.130807e-01 
 2.132672e+01 -3.202172e-01 
 2.132705e+01 -3.279754e-01 
 2.132737e+01 -3.372032e-01 
 2.132769e+01 -3.468913e-01 
 2.132802e+01 -3.578472e-01 
 2.132834e+01 -3.712692e-01 
 2.132866e+01 -3.860120e-01 
 2.132898e+01 -4.012907e-01 
 2.132931e+01 -4.140589e-01 
 2.132963e+01 -4.236241e-01 
 2.132995e+01 -4.303945e-01 
 2.133028e+01 -4.358092e-01 
 2.133060e+01 -4.422170e-01 
 2.133092e+01 -4.469588e-01 
 2.133125e+01 -4.482504e-01 
 2.133157e+01 -4.482367e-01 
 2.133189e+01 -4.477432e-01 
 2.133221e+01 -4.472001e-01 
 2.133254e+01 -4.462053e-01 
 2.133286e+01 -4.457207e-01 
 2.133318e+01 -4.466797e-01 
 2.133351e+01 -4.488844e-01 
 2.133383e+01 -4.456623e-01 
 2.133415e+01 -4.498942e-01 
 2.133447e+01 -4.532267e-01 
 2.133480e+01 -4.554474e-01 
 2.133512e+01 -4.463795e-01 
 2.133544e+01 -4.302396e-01 
 2.133577e+01 -4.302278e-01 
 2.133609e+01 -4.303831e-01 
 2.133641e+01 -4.309210e-01 
 2.133674e+01 -4.322267e-01 
 2.133706e+01 -4.334084e-01 
 2.133738e+01 -4.351507e-01 
 2.133770e+01 -4.380631e-01 
 2.133803e+01 -4.423869e-01 
 2.133835e+01 -4.479444e-01 
 2.133867e+01 -4.541522e-01 
 2.133900e+01 -4.601245e-01 
 2.133932e+01 -4.642457e-01 
 2.133964e+01 -4.660500e-01 
 2.133997e+01 -4.670631e-01 
 2.134029e+01 -4.678906e-01 
 2.134061e+01 -4.688827e-01 
 2.134093e+01 -4.713577e-01 
 2.134126e+01 -4.759215e-01 
 2.134158e+01 -4.833150e-01 
 2.134190e+01 -4.928985e-01 
 2.134223e+01 -5.032324e-01 
 2.134255e+01 -5.135851e-01 
 2.134287e+01 -5.235947e-01 
 2.134320e+01 -5.334511e-01 
 2.134352e+01 -5.433169e-01 
 2.134384e+01 -5.493669e-01 
 2.134416e+01 -5.605517e-01 
 2.134449e+01 -5.714586e-01 
 2.134481e+01 -5.824342e-01 
 2.134513e+01 -5.944488e-01 
 2.134546e+01 -6.091481e-01 
 2.134578e+01 -6.268377e-01 
 2.134610e+01 -6.469474e-01 
 2.134643e+01 -6.680005e-01 
 2.134675e+01 -6.909200e-01 
 2.134707e+01 -7.137887e-01 
 2.134739e+01 -7.352891e-01 
 2.134772e+01 -7.549880e-01 
 2.134804e+01 -7.732001e-01 
 2.134836e+01 -7.899814e-01 
 2.134869e+01 -8.065924e-01 
 2.134901e+01 -8.197032e-01 
 2.134933e+01 -8.385036e-01 
 2.134966e+01 -8.579091e-01 
 2.134998e+01 -8.783584e-01 
 2.135030e+01 -9.002783e-01 
 2.135062e+01 -9.232812e-01 
 2.135095e+01 -9.470116e-01 
 2.135127e+01 -9.708600e-01 
 2.135159e+01 -9.950821e-01 
 2.135192e+01 -1.018600e+00 
 2.135224e+01 -1.040695e+00 
 2.135256e+01 -1.060092e+00 
 2.135289e+01 -1.077547e+00 
 2.135321e+01 -1.092746e+00 
 2.135353e+01 -1.107640e+00 
 2.135385e+01 -1.121601e+00 
 2.135418e+01 -1.134229e+00 
 2.135450e+01 -1.146508e+00 
 2.135482e+01 -1.158046e+00 
 2.135515e+01 -1.168338e+00 
 2.135547e+01 -1.177883e+00 
 2.135579e+01 -1.187196e+00 
 2.135612e+01 -1.194716e+00 
 2.135644e+01 -1.200670e+00 
 2.135676e+01 -1.205944e+00 
 2.135708e+01 -1.209269e+00 
 2.135741e+01 -1.210668e+00 
 2.135773e+01 -1.209628e+00 
 2.135805e+01 -1.207134e+00 
 2.135838e+01 -1.204386e+00 
 2.135870e+01 -1.200229e+00 
 2.135902e+01 -1.194971e+00 
 2.135935e+01 -1.188971e+00 
 2.135967e+01 -1.181874e+00 
 2.135999e+01 -1.173421e+00 
 2.136031e+01 -1.156487e+00 
 2.136064e+01 -1.146709e+00 
 2.136096e+01 -1.131718e+00 
 2.136128e+01 -1.122476e+00 
 2.136161e+01 -1.110313e+00 
 2.136193e+01 -1.104985e+00 
 2.136225e+01 -1.100675e+00 
 2.136258e+01 -1.087429e+00 
 2.136290e+01 -1.077200e+00 
 2.136322e+01 -1.072512e+00 
 2.136354e+01 -1.067844e+00 
 2.136387e+01 -1.062900e+00 
 2.136419e+01 -1.058488e+00 
 2.136451e+01 -1.054408e+00 
 2.136484e+01 -1.050336e+00 
 2.136516e+01 -1.046098e+00 
 2.136548e+01 -1.042399e+00 
 2.136581e+01 -1.038861e+00 
 2.136613e+01 -1.036039e+00 
 2.136645e+01 -1.038816e+00 
 2.136677e+01 -1.045275e+00 
 2.136710e+01 -1.047024e+00 
 2.136742e+01 -1.045473e+00 
 2.136774e+01 -1.052004e+00 
 2.136807e+01 -1.059237e+00 
 2.136839e+01 -1.056927e+00 
 2.136871e+01 -1.058228e+00 
 2.136904e+01 -1.059050e+00 
 2.136936e+01 -1.057187e+00 
 2.136968e+01 -1.060647e+00 
 2.137000e+01 -1.058916e+00 
 2.137033e+01 -1.060056e+00 
 2.137065e+01 -1.062685e+00 
 2.137097e+01 -1.062441e+00 
 2.137130e+01 -1.065896e+00 
 2.137162e+01 -1.061995e+00 
 2.137194e+01 -1.065835e+00 
 2.137226e+01 -1.066626e+00 
 2.137259e+01 -1.067725e+00 
 2.137291e+01 -1.069437e+00 
 2.137323e+01 -1.049696e+00 
 2.137356e+01 -1.049484e+00 
 2.137388e+01 -1.048033e+00 
 2.137420e+01 -1.049938e+00 
 2.137453e+01 -1.050323e+00 
 2.137485e+01 -1.052537e+00 
 2.137517e+01 -1.054456e+00 
 2.137549e+01 -1.058394e+00 
 2.137582e+01 -1.061147e+00 
 2.137614e+01 -1.064890e+00 
 2.137646e+01 -1.067684e+00 
 2.137679e+01 -1.068844e+00 
 2.137711e+01 -1.070659e+00 
 2.137743e+01 -1.070820e+00 
 2.137776e+01 -1.070874e+00 
 2.137808e+01 -1.069569e+00 
 2.137840e+01 -1.069486e+00 
 2.137872e+01 -1.068318e+00 
 2.137905e+01 -1.069748e+00 
 2.137937e+01 -1.071271e+00 
 2.137969e+01 -1.077383e+00 
 2.138002e+01 -1.082777e+00 
 2.138034e+01 -1.088736e+00 
 2.138066e+01 -1.092263e+00 
 2.138099e+01 -1.095442e+00 
 2.138131e+01 -1.094968e+00 
 2.138163e+01 -1.092324e+00 
 2.138195e+01 -1.087743e+00 
 2.138228e+01 -1.083541e+00 
 2.138260e+01 -1.079350e+00 
 2.138292e+01 -1.074490e+00 
 2.138325e+01 -1.068413e+00 
 2.138357e+01 -1.061461e+00 
 2.138389e+01 -1.055911e+00 
 2.138422e+01 -1.049407e+00 
 2.138454e+01 -1.043899e+00 
 2.138486e+01 -1.032289e+00 
 2.138518e+01 -1.026182e+00 
 2.138551e+01 -1.006598e+00 
 2.138583e+01 -9.991341e-01 
 2.138615e+01 -9.910026e-01 
 2.138648e+01 -9.843481e-01 
 2.138680e+01 -9.785942e-01 
 2.138712e+01 -9.745482e-01 
 2.138745e+01 -9.707756e-01 
 2.138777e+01 -9.673439e-01 
 2.138809e+01 -9.648595e-01 
 2.138841e+01 -9.647438e-01 
 2.138874e+01 -9.649591e-01 
 2.138906e+01 -9.628923e-01 
 2.138938e+01 -9.617060e-01 
 2.138971e+01 -9.633768e-01 
 2.139003e+01 -9.639024e-01 
 2.139035e+01 -9.641949e-01 
 2.139068e+01 -9.665460e-01 
 2.139100e+01 -9.683441e-01 
 2.139132e+01 -9.694002e-01 
 2.139164e+01 -9.739856e-01 
 2.139197e+01 -9.787218e-01 
 2.139229e+01 -9.836030e-01 
 2.139261e+01 -9.911903e-01 
 2.139294e+01 -9.978719e-01 
 2.139326e+01 -1.001619e+00 
 2.139358e+01 -1.005326e+00 
 2.139391e+01 -1.007051e+00 
 2.139423e+01 -1.009220e+00 
 2.139455e+01 -1.011662e+00 
 2.139487e+01 -1.013854e+00 
 2.139520e+01 -1.017514e+00 
 2.139552e+01 -1.019977e+00 
 2.139584e+01 -1.022165e+00 
 2.139617e+01 -1.025572e+00 
 2.139649e+01 -1.027860e+00 
 2.139681e+01 -1.029964e+00 
 2.139714e+01 -1.032116e+00 
 2.139746e+01 -1.033022e+00 
 2.139778e+01 -1.034890e+00 
 2.139810e+01 -1.036458e+00 
 2.139843e+01 -1.038652e+00 
 2.139875e+01 -1.042143e+00 
 2.139907e+01 -1.046399e+00 
 2.139940e+01 -1.052920e+00 
 2.139972e+01 -1.061502e+00 
 2.140004e+01 -1.072203e+00 
 2.140037e+01 -1.083083e+00 
 2.140069e+01 -1.092948e+00 
 2.140101e+01 -1.102679e+00 
 2.140133e+01 -1.109692e+00 
 2.140166e+01 -1.116470e+00 
 2.140198e+01 -1.123247e+00 
 2.140230e+01 -1.129405e+00 
 2.140263e+01 -1.136902e+00 
 2.140295e+01 -1.143920e+00 
 2.140327e+01 -1.151505e+00 
 2.140360e+01 -1.159823e+00 
 2.140392e+01 -1.167248e+00 
 2.140424e+01 -1.175345e+00 
 2.140456e+01 -1.183856e+00 
 2.140489e+01 -1.192079e+00 
 2.140521e+01 -1.199835e+00 
 2.140553e+01 -1.206376e+00 
 2.140586e+01 -1.208879e+00 
 2.140618e+01 -1.212314e+00 
 2.140650e+01 -1.214416e+00 
 2.140683e+01 -1.214286e+00 
 2.140715e+01 -1.212926e+00 
 2.140747e+01 -1.212331e+00 
 2.140779e+01 -1.210921e+00 
 2.140812e+01 -1.209029e+00 
 2.140844e+01 -1.206852e+00 
 2.140876e+01 -1.201878e+00 
 2.140909e+01 -1.198816e+00 
 2.140941e+01 -1.194032e+00 
 2.140973e+01 -1.187769e+00 
 2.141005e+01 -1.180259e+00 
 2.141038e+01 -1.172125e+00 
 2.141070e+01 -1.162747e+00 
 2.141102e+01 -1.152561e+00 
 2.141135e+01 -1.144265e+00 
 2.141167e+01 -1.135234e+00 
 2.141199e+01 -1.125341e+00 
 2.141232e+01 -1.117083e+00 
 2.141264e+01 -1.109559e+00 
 2.141296e+01 -1.101680e+00 
 2.141328e+01 -1.094158e+00 
 2.141361e+01 -1.086469e+00 
 2.141393e+01 -1.077834e+00 
 2.141425e+01 -1.070874e+00 
 2.141458e+01 -1.065826e+00 
 2.141490e+01 -1.060229e+00 
 2.141522e+01 -1.054236e+00 
 2.141555e+01 -1.050341e+00 
 2.141587e+01 -1.046813e+00 
 2.141619e+01 -1.044121e+00 
 2.141651e+01 -1.042692e+00 
 2.141684e+01 -1.040383e+00 
 2.141716e+01 -1.038980e+00 
 2.141748e+01 -1.038912e+00 
 2.141781e+01 -1.037658e+00 
 2.141813e+01 -1.036881e+00 
 2.141845e+01 -1.031387e+00 
 2.141878e+01 -1.030237e+00 
 2.141910e+01 -1.023187e+00 
 2.141942e+01 -1.021598e+00 
 2.141974e+01 -1.020621e+00 
 2.142007e+01 -1.020584e+00 
 2.142039e+01 -1.012449e+00 
 2.142071e+01 -1.012886e+00 
 2.142104e+01 -1.014034e+00 
 2.142136e+01 -1.013266e+00 
 2.142168e+01 -1.012889e+00 
 2.142201e+01 -1.013323e+00 
 2.142233e+01 -1.008721e+00 
 2.142265e+01 -1.009708e+00 
 2.142297e+01 -1.010338e+00 
 2.142330e+01 -1.012877e+00 
 2.142362e+01 -1.015366e+00 
 2.142394e+01 -1.017769e+00 
 2.142427e+01 -1.021691e+00 
 2.142459e+01 -1.025486e+00 
 2.142491e+01 -1.028717e+00 
 2.142524e+01 -1.032666e+00 
 2.142556e+01 -1.035284e+00 
 2.142588e+01 -1.037072e+00 
 2.142620e+01 -1.037423e+00 
 2.142653e+01 -1.039505e+00 
 2.142685e+01 -1.040984e+00 
 2.142717e+01 -1.042166e+00 
 2.142750e+01 -1.044310e+00 
 2.142782e+01 -1.046322e+00 
 2.142814e+01 -1.048491e+00 
 2.142847e+01 -1.051585e+00 
 2.142879e+01 -1.055009e+00 
 2.142911e+01 -1.059097e+00 
 2.142943e+01 -1.063607e+00 
 2.142976e+01 -1.066774e+00 
 2.143008e+01 -1.069049e+00 
 2.143040e+01 -1.063474e+00 
 2.143073e+01 -1.064448e+00 
 2.143105e+01 -1.064847e+00 
 2.143137e+01 -1.065561e+00 
 2.143170e+01 -1.067515e+00 
 2.143202e+01 -1.069017e+00 
 2.143234e+01 -1.066077e+00 
 2.143266e+01 -1.067568e+00 
 2.143299e+01 -1.070956e+00 
 2.143331e+01 -1.075741e+00 
 2.143363e+01 -1.079534e+00 
 2.143396e+01 -1.082662e+00 
 2.143428e+01 -1.084686e+00 
 2.143460e+01 -1.085798e+00 
 2.143493e+01 -1.086313e+00 
 2.143525e+01 -1.086295e+00 
 2.143557e+01 -1.076204e+00 
 2.143589e+01 -1.073823e+00 
 2.143622e+01 -1.073566e+00 
 2.143654e+01 -1.074322e+00 
 2.143686e+01 -1.075087e+00 
 2.143719e+01 -1.076437e+00 
 2.143751e+01 -1.076296e+00 
 2.143783e+01 -1.075869e+00 
 2.143816e+01 -1.075712e+00 
 2.143848e+01 -1.074849e+00 
 2.143880e+01 -1.072188e+00 
 2.143912e+01 -1.068892e+00 
 2.143945e+01 -1.065486e+00 
 2.143977e+01 -1.061577e+00 
 2.144009e+01 -1.057429e+00 
 2.144042e+01 -1.054114e+00 
 2.144074e+01 -1.052732e+00 
 2.144106e+01 -1.053088e+00 
 2.144139e+01 -1.054351e+00 
 2.144171e+01 -1.057465e+00 
 2.144203e+01 -1.061465e+00 
 2.144235e+01 -1.063710e+00 
 2.144268e+01 -1.065335e+00 
 2.144300e+01 -1.067739e+00 
 2.144332e+01 -1.069505e+00 
 2.144365e+01 -1.069897e+00 
 2.144397e+01 -1.069571e+00 
 2.144429e+01 -1.069572e+00 
 2.144461e+01 -1.062953e+00 
 2.144494e+01 -1.060246e+00 
 2.144526e+01 -1.062955e+00 
 2.144558e+01 -1.067826e+00 
 2.144591e+01 -1.072192e+00 
 2.144623e+01 -1.076021e+00 
 2.144655e+01 -1.081253e+00 
 2.144688e+01 -1.087482e+00 
 2.144720e+01 -1.093507e+00 
 2.144752e+01 -1.098096e+00 
 2.144784e+01 -1.102941e+00 
 2.144817e+01 -1.107943e+00 
 2.144849e+01 -1.112977e+00 
 2.144881e+01 -1.118101e+00 
 2.144914e+01 -1.125886e+00 
 2.144946e+01 -1.135031e+00 
 2.144978e+01 -1.144454e+00 
 2.145011e+01 -1.153846e+00 
 2.145043e+01 -1.161874e+00 
 2.145075e+01 -1.168997e+00 
 2.145107e+01 -1.176655e+00 
 2.145140e+01 -1.184769e+00 
 2.145172e+01 -1.192613e+00 
 2.145204e+01 -1.199850e+00 
 2.145237e+01 -1.206190e+00 
 2.145269e+01 -1.210149e+00 
 2.145301e+01 -1.213713e+00 
 2.145334e+01 -1.217660e+00 
 2.145366e+01 -1.220919e+00 
 2.145398e+01 -1.224346e+00 
 2.145430e+01 -1.227078e+00 
 2.145463e+01 -1.229028e+00 
 2.145495e+01 -1.230173e+00 
 2.145527e+01 -1.231957e+00 
 2.145560e+01 -1.233388e+00 
 2.145592e+01 -1.234377e+00 
 2.145624e+01 -1.233892e+00 
 2.145657e+01 -1.233834e+00 
 2.145689e+01 -1.235541e+00 
 2.145721e+01 -1.233518e+00 
 2.145753e+01 -1.235127e+00 
 2.145786e+01 -1.236071e+00 
 2.145818e+01 -1.236481e+00 
 2.145850e+01 -1.234740e+00 
 2.145883e+01 -1.233310e+00 
 2.145915e+01 -1.227159e+00 
 2.145947e+01 -1.225034e+00 
 2.145980e+01 -1.222938e+00 
 2.146012e+01 -1.220513e+00 
 2.146044e+01 -1.218005e+00 
 2.146076e+01 -1.214522e+00 
 2.146109e+01 -1.212371e+00 
 2.146141e+01 -1.211250e+00 
 2.146173e+01 -1.209408e+00 
 2.146206e+01 -1.208008e+00 
 2.146238e+01 -1.206019e+00 
 2.146270e+01 -1.201480e+00 
 2.146303e+01 -1.195275e+00 
 2.146335e+01 -1.187881e+00 
 2.146367e+01 -1.180104e+00 
 2.146399e+01 -1.172204e+00 
 2.146432e+01 -1.163656e+00 
 2.146464e+01 -1.155070e+00 
 2.146496e+01 -1.146799e+00 
 2.146529e+01 -1.139454e+00 
 2.146561e+01 -1.133340e+00 
 2.146593e+01 -1.127343e+00 
 2.146626e+01 -1.121444e+00 
 2.146658e+01 -1.115711e+00 
 2.146690e+01 -1.111221e+00 
 2.146722e+01 -1.106858e+00 
 2.146755e+01 -1.103188e+00 
 2.146787e+01 -1.093748e+00 
 2.146819e+01 -1.087958e+00 
 2.146852e+01 -1.082133e+00 
 2.146884e+01 -1.076729e+00 
 2.146916e+01 -1.067314e+00 
 2.146949e+01 -1.064526e+00 
 2.146981e+01 -1.062522e+00 
 2.147013e+01 -1.061984e+00 
 2.147045e+01 -1.063081e+00 
 2.147078e+01 -1.065236e+00 
 2.147110e+01 -1.068391e+00 
 2.147142e+01 -1.071604e+00 
 2.147175e+01 -1.075505e+00 
 2.147207e+01 -1.079346e+00 
 2.147239e+01 -1.082870e+00 
 2.147272e+01 -1.085734e+00 
 2.147304e+01 -1.089054e+00 
 2.147336e+01 -1.091370e+00 
 2.147368e+01 -1.093661e+00 
 2.147401e+01 -1.097036e+00 
 2.147433e+01 -1.101830e+00 
 2.147465e+01 -1.107879e+00 
 2.147498e+01 -1.114182e+00 
 2.147530e+01 -1.121188e+00 
 2.147562e+01 -1.128439e+00 
 2.147595e+01 -1.135208e+00 
 2.147627e+01 -1.140717e+00 
 2.147659e+01 -1.145438e+00 
 2.147691e+01 -1.149192e+00 
 2.147724e+01 -1.153661e+00 
 2.147756e+01 -1.158374e+00 
 2.147788e+01 -1.163169e+00 
 2.147821e+01 -1.166863e+00 
 2.147853e+01 -1.170284e+00 
 2.147885e+01 -1.173402e+00 
 2.147918e+01 -1.176225e+00 
 2.147950e+01 -1.179358e+00 
 2.147982e+01 -1.183021e+00 
 2.148014e+01 -1.186820e+00 
 2.148047e+01 -1.188767e+00 
 2.148079e+01 -1.189958e+00 
 2.148111e+01 -1.192151e+00 
 2.148144e+01 -1.194574e+00 
 2.148176e+01 -1.197420e+00 
 2.148208e+01 -1.200112e+00 
 2.148241e+01 -1.203353e+00 
 2.148273e+01 -1.207197e+00 
 2.148305e+01 -1.210711e+00 
 2.148337e+01 -1.215206e+00 
 2.148370e+01 -1.220075e+00 
 2.148402e+01 -1.224599e+00 
 2.148434e+01 -1.228551e+00 
 2.148467e+01 -1.233179e+00 
 2.148499e+01 -1.237560e+00 
 2.148531e+01 -1.241818e+00 
 2.148563e+01 -1.247113e+00 
 2.148596e+01 -1.252969e+00 
 2.148628e+01 -1.259177e+00 
 2.148660e+01 -1.265203e+00 
 2.148693e+01 -1.270804e+00 
 2.148725e+01 -1.275247e+00 
 2.148757e+01 -1.278717e+00 
 2.148790e+01 -1.281958e+00 
 2.148822e+01 -1.283906e+00 
 2.148854e+01 -1.284201e+00 
 2.148886e+01 -1.283899e+00 
 2.148919e+01 -1.283498e+00 
 2.148951e+01 -1.283752e+00 
 2.148983e+01 -1.284702e+00 
 2.149016e+01 -1.286314e+00 
 2.149048e+01 -1.288096e+00 
 2.149080e+01 -1.289610e+00 
 2.149113e+01 -1.290300e+00 
 2.149145e+01 -1.291521e+00 
 2.149177e+01 -1.292558e+00 
 2.149209e+01 -1.292542e+00 
 2.149242e+01 -1.291239e+00 
 2.149274e+01 -1.288940e+00 
 2.149306e+01 -1.286533e+00 
 2.149339e+01 -1.284135e+00 
 2.149371e+01 -1.282219e+00 
 2.149403e+01 -1.281097e+00 
 2.149436e+01 -1.281517e+00 
 2.149468e+01 -1.283145e+00 
 2.149500e+01 -1.286861e+00 
 2.149532e+01 -1.290838e+00 
 2.149565e+01 -1.295156e+00 
 2.149597e+01 -1.264030e+00 
 2.149629e+01 -1.266737e+00 
 2.149662e+01 -1.269568e+00 
 2.149694e+01 -1.272753e+00 
 2.149726e+01 -1.275379e+00 
 2.149759e+01 -1.277818e+00 
 2.149791e+01 -1.280769e+00 
 2.149823e+01 -1.284363e+00 
 2.149855e+01 -1.288695e+00 
 2.149888e+01 -1.293939e+00 
 2.149920e+01 -1.299833e+00 
 2.149952e+01 -1.306691e+00 
 2.149985e+01 -1.314474e+00 
 2.150017e+01 -1.321898e+00 
 2.150049e+01 -1.328843e+00 
 2.150082e+01 -1.334871e+00 
 2.150114e+01 -1.339109e+00 
 2.150146e+01 -1.342625e+00 
 2.150178e+01 -1.346419e+00 
 2.150211e+01 -1.350680e+00 
 2.150243e+01 -1.354478e+00 
 2.150275e+01 -1.357687e+00 
 2.150308e+01 -1.361112e+00 
 2.150340e+01 -1.365208e+00 
 2.150372e+01 -1.369238e+00 
 2.150405e+01 -1.371960e+00 
 2.150437e+01 -1.373450e+00 
 2.150469e+01 -1.374826e+00 
 2.150501e+01 -1.376336e+00 
 2.150534e+01 -1.377817e+00 
 2.150566e+01 -1.378812e+00 
 2.150598e+01 -1.379272e+00 
 2.150631e+01 -1.378961e+00 
 2.150663e+01 -1.376982e+00 
 2.150695e+01 -1.374664e+00 
 2.150728e+01 -1.372298e+00 
 2.150760e+01 -1.369560e+00 
 2.150792e+01 -1.365637e+00 
 2.150824e+01 -1.361609e+00 
 2.150857e+01 -1.358853e+00 
 2.150889e+01 -1.355536e+00 
 2.150921e+01 -1.351786e+00 
 2.150954e+01 -1.348373e+00 
 2.150986e+01 -1.345128e+00 
 2.151018e+01 -1.341039e+00 
 2.151051e+01 -1.336173e+00 
 2.151083e+01 -1.330291e+00 
 2.151115e+01 -1.323669e+00 
 2.151147e+01 -1.315453e+00 
 2.151180e+01 -1.307286e+00 
 2.151212e+01 -1.300700e+00 
 2.151244e+01 -1.294756e+00 
 2.151277e+01 -1.288799e+00 
 2.151309e+01 -1.282586e+00 
 2.151341e+01 -1.276113e+00 
 2.151374e+01 -1.269716e+00 
 2.151406e+01 -1.263602e+00 
 2.151438e+01 -1.257767e+00 
 2.151470e+01 -1.251726e+00 
 2.151503e+01 -1.245282e+00 
 2.151535e+01 -1.238836e+00 
 2.151567e+01 -1.231918e+00 
 2.151600e+01 -1.223999e+00 
 2.151632e+01 -1.215294e+00 
 2.151664e+01 -1.204518e+00 
 2.151697e+01 -1.193629e+00 
 2.151729e+01 -1.183578e+00 
 2.151761e+01 -1.174381e+00 
 2.151793e+01 -1.165734e+00 
 2.151826e+01 -1.157927e+00 
 2.151858e+01 -1.151214e+00 
 2.151890e+01 -1.145031e+00 
 2.151923e+01 -1.139328e+00 
 2.151955e+01 -1.134224e+00 
 2.151987e+01 -1.128310e+00 
 2.152020e+01 -1.121708e+00 
 2.152052e+01 -1.115160e+00 
 2.152084e+01 -1.108885e+00 
 2.152116e+01 -1.102077e+00 
 2.152149e+01 -1.094387e+00 
 2.152181e+01 -1.086242e+00 
 2.152213e+01 -1.079349e+00 
 2.152246e+01 -1.075096e+00 
 2.152278e+01 -1.072880e+00 
 2.152310e+01 -1.072062e+00 
 2.152342e+01 -1.072279e+00 
 2.152375e+01 -1.074038e+00 
 2.152407e+01 -1.076104e+00 
 2.152439e+01 -1.077845e+00 
 2.152472e+01 -1.078683e+00 
 2.152504e+01 -1.075508e+00 
 2.152536e+01 -1.074557e+00 
 2.152569e+01 -1.073292e+00 
 2.152601e+01 -1.072332e+00 
 2.152633e+01 -1.071124e+00 
 2.152665e+01 -1.067815e+00 
 2.152698e+01 -1.064150e+00 
 2.152730e+01 -1.062626e+00 
 2.152762e+01 -1.063392e+00 
 2.152795e+01 -1.065816e+00 
 2.152827e+01 -1.069014e+00 
 2.152859e+01 -1.071728e+00 
 2.152892e+01 -1.073140e+00 
 2.152924e+01 -1.073448e+00 
 2.152956e+01 -1.072486e+00 
 2.152988e+01 -1.070013e+00 
 2.153021e+01 -1.066638e+00 
 2.153053e+01 -1.063060e+00 
 2.153085e+01 -1.060104e+00 
 2.153118e+01 -1.058371e+00 
 2.153150e+01 -1.056783e+00 
 2.153182e+01 -1.054647e+00 
 2.153215e+01 -1.052767e+00 
 2.153247e+01 -1.044450e+00 
 2.153279e+01 -1.044652e+00 
 2.153311e+01 -1.043970e+00 
 2.153344e+01 -1.042056e+00 
 2.153376e+01 -1.038609e+00 
 2.153408e+01 -1.034304e+00 
 2.153441e+01 -1.030291e+00 
 2.153473e+01 -1.026881e+00 
 2.153505e+01 -1.023825e+00 
 2.153538e+01 -1.020479e+00 
 2.153570e+01 -1.017399e+00 
 2.153602e+01 -1.014976e+00 
 2.153634e+01 -1.012793e+00 
 2.153667e+01 -1.009624e+00 
 2.153699e+01 -1.005040e+00 
 2.153731e+01 -9.998762e-01 
 2.153764e+01 -9.953062e-01 
 2.153796e+01 -9.914988e-01 
 2.153828e+01 -9.883671e-01 
 2.153861e+01 -9.854802e-01 
 2.153893e+01 -9.825454e-01 
 2.153925e+01 -9.798085e-01 
 2.153957e+01 -9.767692e-01 
 2.153990e+01 -9.732626e-01 
 2.154022e+01 -9.649953e-01 
 2.154054e+01 -9.608872e-01 
 2.154087e+01 -9.568342e-01 
 2.154119e+01 -9.534232e-01 
 2.154151e+01 -9.502274e-01 
 2.154184e+01 -9.452208e-01 
 2.154216e+01 -9.386081e-01 
 2.154248e+01 -9.324699e-01 
 2.154280e+01 -9.276201e-01 
 2.154313e+01 -9.240169e-01 
 2.154345e+01 -9.163050e-01 
 2.154377e+01 -9.134561e-01 
 2.154410e+01 -9.101992e-01 
 2.154442e+01 -9.068200e-01 
 2.154474e+01 -8.945064e-01 
 2.154507e+01 -8.850980e-01 
 2.154539e+01 -8.800731e-01 
 2.154571e+01 -8.748529e-01 
 2.154603e+01 -8.703002e-01 
 2.154636e+01 -8.670965e-01 
 2.154668e+01 -8.653661e-01 
 2.154700e+01 -8.641022e-01 
 2.154733e+01 -8.633386e-01 
 2.154765e+01 -8.644185e-01 
 2.154797e+01 -8.674989e-01 
 2.154830e+01 -8.721531e-01 
 2.154862e+01 -8.768234e-01 
 2.154894e+01 -8.805737e-01 
 2.154926e+01 -8.835377e-01 
 2.154959e+01 -8.860920e-01 
 2.154991e+01 -8.891598e-01 
 2.155023e+01 -8.931442e-01 
 2.155056e+01 -8.977042e-01 
 2.155088e+01 -9.032188e-01 
 2.155120e+01 -9.104409e-01 
 2.155153e+01 -9.196396e-01 
 2.155185e+01 -9.297875e-01 
 2.155217e+01 -9.393811e-01 
 2.155249e+01 -9.465003e-01 
 2.155282e+01 -9.517870e-01 
 2.155314e+01 -9.578443e-01 
 2.155346e+01 -9.570070e-01 
 2.155379e+01 -9.612344e-01 
 2.155411e+01 -9.643783e-01 
 2.155443e+01 -9.673564e-01 
 2.155476e+01 -9.695675e-01 
 2.155508e+01 -9.719062e-01 
 2.155540e+01 -9.751169e-01 
 2.155572e+01 -9.785268e-01 
 2.155605e+01 -9.818578e-01 
 2.155637e+01 -9.864101e-01 
 2.155669e+01 -9.934505e-01 
 2.155702e+01 -9.998595e-01 
 2.155734e+01 -1.004208e+00 
 2.155766e+01 -1.007387e+00 
 2.155799e+01 -1.009943e+00 
 2.155831e+01 -1.011344e+00 
 2.155863e+01 -1.011040e+00 
 2.155895e+01 -1.009556e+00 
 2.155928e+01 -1.006675e+00 
 2.155960e+01 -1.003176e+00 
 2.155992e+01 -1.000354e+00 
 2.156025e+01 -9.983323e-01 
 2.156057e+01 -9.972099e-01 
 2.156089e+01 -9.962101e-01 
 2.156121e+01 -9.954084e-01 
 2.156154e+01 -9.962415e-01 
 2.156186e+01 -9.976018e-01 
 2.156218e+01 -9.982382e-01 
 2.156251e+01 -9.978378e-01 
 2.156283e+01 -9.964784e-01 
 2.156315e+01 -9.963330e-01 
 2.156348e+01 -9.968563e-01 
 2.156380e+01 -9.983048e-01 
 2.156412e+01 -1.001516e+00 
 2.156444e+01 -1.004699e+00 
 2.156477e+01 -1.007723e+00 
 2.156509e+01 -1.011318e+00 
 2.156541e+01 -1.015313e+00 
 2.156574e+01 -1.019418e+00 
 2.156606e+01 -1.023082e+00 
 2.156638e+01 -1.027676e+00 
 2.156671e+01 -1.034582e+00 
 2.156703e+01 -1.041175e+00 
 2.156735e+01 -1.046558e+00 
 2.156767e+01 -1.049823e+00 
 2.156800e+01 -1.051991e+00 
 2.156832e+01 -1.053622e+00 
 2.156864e+01 -1.055399e+00 
 2.156897e+01 -1.057514e+00 
 2.156929e+01 -1.058982e+00 
 2.156961e+01 -1.059426e+00 
 2.156994e+01 -1.060091e+00 
 2.157026e+01 -1.061106e+00 
 2.157058e+01 -1.062889e+00 
 2.157090e+01 -1.064742e+00 
 2.157123e+01 -1.066410e+00 
 2.157155e+01 -1.070350e+00 
 2.157187e+01 -1.075837e+00 
 2.157220e+01 -1.081175e+00 
 2.157252e+01 -1.084993e+00 
 2.157284e+01 -1.087414e+00 
 2.157317e+01 -1.089195e+00 
 2.157349e+01 -1.091192e+00 
 2.157381e+01 -1.093967e+00 
 2.157413e+01 -1.096631e+00 
 2.157446e+01 -1.098362e+00 
 2.157478e+01 -1.100023e+00 
 2.157510e+01 -1.102853e+00 
 2.157543e+01 -1.107472e+00 
 2.157575e+01 -1.113545e+00 
 2.157607e+01 -1.121122e+00 
 2.157640e+01 -1.129890e+00 
 2.157672e+01 -1.140069e+00 
 2.157704e+01 -1.150695e+00 
 2.157736e+01 -1.160262e+00 
 2.157769e+01 -1.166841e+00 
 2.157801e+01 -1.171445e+00 
 2.157833e+01 -1.174738e+00 
 2.157866e+01 -1.177452e+00 
 2.157898e+01 -1.180784e+00 
 2.157930e+01 -1.184635e+00 
 2.157963e+01 -1.189369e+00 
 2.157995e+01 -1.194853e+00 
 2.158027e+01 -1.200940e+00 
 2.158059e+01 -1.208753e+00 
 2.158092e+01 -1.216179e+00 
 2.158124e+01 -1.222725e+00 
 2.158156e+01 -1.230943e+00 
 2.158189e+01 -1.239301e+00 
 2.158221e+01 -1.247341e+00 
 2.158253e+01 -1.252724e+00 
 2.158286e+01 -1.256844e+00 
 2.158318e+01 -1.258965e+00 
 2.158350e+01 -1.260139e+00 
 2.158382e+01 -1.261821e+00 
 2.158415e+01 -1.264645e+00 
 2.158447e+01 -1.267922e+00 
 2.158479e+01 -1.271949e+00 
 2.158512e+01 -1.275880e+00 
 2.158544e+01 -1.279734e+00 
 2.158576e+01 -1.282815e+00 
 2.158609e+01 -1.284623e+00 
 2.158641e+01 -1.285835e+00 
 2.158673e+01 -1.287755e+00 
 2.158705e+01 -1.289716e+00 
 2.158738e+01 -1.290407e+00 
 2.158770e+01 -1.289168e+00 
 2.158802e+01 -1.287213e+00 
 2.158835e+01 -1.284286e+00 
 2.158867e+01 -1.281460e+00 
 2.158899e+01 -1.280283e+00 
 2.158932e+01 -1.280298e+00 
 2.158964e+01 -1.281044e+00 
 2.158996e+01 -1.281968e+00 
 2.159028e+01 -1.282006e+00 
 2.159061e+01 -1.281833e+00 
 2.159093e+01 -1.281041e+00 
 2.159125e+01 -1.279716e+00 
 2.159158e+01 -1.278845e+00 
 2.159190e+01 -1.278804e+00 
 2.159222e+01 -1.279632e+00 
 2.159255e+01 -1.279629e+00 
 2.159287e+01 -1.279110e+00 
 2.159319e+01 -1.277759e+00 
 2.159351e+01 -1.275988e+00 
 2.159384e+01 -1.274471e+00 
 2.159416e+01 -1.273918e+00 
 2.159448e+01 -1.273737e+00 
 2.159481e+01 -1.274244e+00 
 2.159513e+01 -1.274295e+00 
 2.159545e+01 -1.274993e+00 
 2.159578e+01 -1.275946e+00 
 2.159610e+01 -1.276203e+00 
 2.159642e+01 -1.276457e+00 
 2.159674e+01 -1.276423e+00 
 2.159707e+01 -1.276686e+00 
 2.159739e+01 -1.276076e+00 
 2.159771e+01 -1.274287e+00 
 2.159804e+01 -1.271368e+00 
 2.159836e+01 -1.266968e+00 
 2.159868e+01 -1.261824e+00 
 2.159900e+01 -1.257137e+00 
 2.159933e+01 -1.253209e+00 
 2.159965e+01 -1.250282e+00 
 2.159997e+01 -1.248366e+00 
 2.160030e+01 -1.246421e+00 
 2.160062e+01 -1.244634e+00 
 2.160094e+01 -1.242469e+00 
 2.160127e+01 -1.235321e+00 
 2.160159e+01 -1.232888e+00 
 2.160191e+01 -1.231008e+00 
 2.160223e+01 -1.229959e+00 
 2.160256e+01 -1.228518e+00 
 2.160288e+01 -1.226230e+00 
 2.160320e+01 -1.222530e+00 
 2.160353e+01 -1.218682e+00 
 2.160385e+01 -1.215214e+00 
 2.160417e+01 -1.212972e+00 
 2.160450e+01 -1.212974e+00 
 2.160482e+01 -1.214645e+00 
 2.160514e+01 -1.216996e+00 
 2.160546e+01 -1.219923e+00 
 2.160579e+01 -1.222936e+00 
 2.160611e+01 -1.225357e+00 
 2.160643e+01 -1.226475e+00 
 2.160676e+01 -1.226458e+00 
 2.160708e+01 -1.226781e+00 
 2.160740e+01 -1.227380e+00 
 2.160773e+01 -1.228316e+00 
 2.160805e+01 -1.229105e+00 
 2.160837e+01 -1.229740e+00 
 2.160869e+01 -1.230455e+00 
 2.160902e+01 -1.231544e+00 
 2.160934e+01 -1.233935e+00 
 2.160966e+01 -1.237380e+00 
 2.160999e+01 -1.240843e+00 
 2.161031e+01 -1.243490e+00 
 2.161063e+01 -1.245077e+00 
 2.161096e+01 -1.245765e+00 
 2.161128e+01 -1.245501e+00 
 2.161160e+01 -1.242659e+00 
 2.161192e+01 -1.236610e+00 
 2.161225e+01 -1.233075e+00 
 2.161257e+01 -1.229810e+00 
 2.161289e+01 -1.226393e+00 
 2.161322e+01 -1.222304e+00 
 2.161354e+01 -1.217738e+00 
 2.161386e+01 -1.212820e+00 
 2.161419e+01 -1.207633e+00 
 2.161451e+01 -1.202831e+00 
 2.161483e+01 -1.197502e+00 
 2.161515e+01 -1.190994e+00 
 2.161548e+01 -1.182982e+00 
 2.161580e+01 -1.173576e+00 
 2.161612e+01 -1.163266e+00 
 2.161645e+01 -1.150949e+00 
 2.161677e+01 -1.136382e+00 
 2.161709e+01 -1.121930e+00 
 2.161742e+01 -1.108623e+00 
 2.161774e+01 -1.096782e+00 
 2.161806e+01 -1.085528e+00 
 2.161838e+01 -1.074348e+00 
 2.161871e+01 -1.062848e+00 
 2.161903e+01 -1.050519e+00 
 2.161935e+01 -1.038087e+00 
 2.161968e+01 -1.025945e+00 
 2.162000e+01 -1.013719e+00 
 2.162032e+01 -1.001347e+00 
 2.162065e+01 -9.883460e-01 
 2.162097e+01 -9.754019e-01 
 2.162129e+01 -9.620480e-01 
 2.162161e+01 -9.460791e-01 
 2.162194e+01 -9.298507e-01 
 2.162226e+01 -9.143351e-01 
 2.162258e+01 -9.001689e-01 
 2.162291e+01 -8.870912e-01 
 2.162323e+01 -8.741300e-01 
 2.162355e+01 -8.618129e-01 
 2.162388e+01 -8.499513e-01 
 2.162420e+01 -8.394896e-01 
 2.162452e+01 -8.315329e-01 
 2.162484e+01 -8.238049e-01 
 2.162517e+01 -8.163447e-01 
 2.162549e+01 -8.088550e-01 
 2.162581e+01 -8.013286e-01 
 2.162614e+01 -7.951174e-01 
 2.162646e+01 -7.882971e-01 
 2.162678e+01 -7.788342e-01 
 2.162711e+01 -7.692444e-01 
 2.162743e+01 -7.609152e-01 
 2.162775e+01 -7.541319e-01 
 2.162807e+01 -7.481476e-01 
 2.162840e+01 -7.428634e-01 
 2.162872e+01 -7.372531e-01 
 2.162904e+01 -7.306644e-01 
 2.162937e+01 -7.239519e-01 
 2.162969e+01 -7.214647e-01 
 2.163001e+01 -7.127148e-01 
 2.163034e+01 -7.031992e-01 
 2.163066e+01 -6.995629e-01 
 2.163098e+01 -6.888240e-01 
 2.163130e+01 -6.786081e-01 
 2.163163e+01 -6.661883e-01 
 2.163195e+01 -6.523915e-01 
 2.163227e+01 -6.396842e-01 
 2.163260e+01 -6.298352e-01 
 2.163292e+01 -6.224888e-01 
 2.163324e+01 -6.165557e-01 
 2.163357e+01 -6.121146e-01 
 2.163389e+01 -6.074899e-01 
 2.163421e+01 -6.020284e-01 
 2.163453e+01 -5.957159e-01 
 2.163486e+01 -5.877416e-01 
 2.163518e+01 -5.782052e-01 
 2.163550e+01 -5.667342e-01 
 2.163583e+01 -5.548961e-01 
 2.163615e+01 -5.423761e-01 
 2.163647e+01 -5.271205e-01 
 2.163679e+01 -5.089033e-01 
 2.163712e+01 -4.899015e-01 
 2.163744e+01 -4.721890e-01 
 2.163776e+01 -4.570058e-01 
 2.163809e+01 -4.432233e-01 
 2.163841e+01 -4.304844e-01 
 2.163873e+01 -4.168383e-01 
 2.163906e+01 -4.015847e-01 
 2.163938e+01 -3.852772e-01 
 2.163970e+01 -3.671067e-01 
 2.164002e+01 -3.490472e-01 
 2.164035e+01 -3.311725e-01 
 2.164067e+01 -3.131528e-01 
 2.164099e+01 -2.958126e-01 
 2.164132e+01 -2.788876e-01 
 2.164164e+01 -2.611119e-01 
 2.164196e+01 -2.430058e-01 
 2.164229e+01 -2.267961e-01 
 2.164261e+01 -2.131594e-01 
 2.164293e+01 -2.012913e-01 
 2.164325e+01 -1.905752e-01 
 2.164358e+01 -1.808074e-01 
 2.164390e+01 -1.742105e-01 
 2.164422e+01 -1.700371e-01 
 2.164455e+01 -1.581295e-01 
 2.164487e+01 -1.457283e-01 
 2.164519e+01 -1.330954e-01 
 2.164552e+01 -1.253003e-01 
 2.164584e+01 -1.204934e-01 
 2.164616e+01 -1.096477e-01 
 2.164648e+01 -9.918286e-02 
 2.164681e+01 -8.829292e-02 
 2.164713e+01 -7.715119e-02 
 2.164745e+01 -6.670291e-02 
 2.164778e+01 -5.776940e-02 
 2.164810e+01 -5.052550e-02 
 2.164842e+01 -4.420797e-02 
 2.164875e+01 -3.775362e-02 
 2.164907e+01 -3.057441e-02 
 2.164939e+01 -2.266980e-02 
 2.164971e+01 -1.427767e-02 
 2.165004e+01 -4.592993e-02 
 2.165036e+01 -3.979386e-02 
 2.165068e+01 -3.447009e-02 
 2.165101e+01 -3.059671e-02 
 2.165133e+01 -2.815454e-02 
 2.165165e+01 -2.556392e-02 
 2.165198e+01 -2.155447e-02 
 2.165230e+01 -1.617499e-02 
 2.165262e+01 -1.050863e-02 
 2.165294e+01 -5.186243e-03 
 2.165327e+01 -9.717351e-04 
 2.165359e+01  1.834833e-03 
 2.165391e+01  3.483750e-03 
 2.165424e+01  4.397082e-03 
 2.165456e+01  5.058646e-03 
 2.165488e+01  4.933768e-03 
 2.165521e+01  3.199049e-03 
 2.165553e+01  7.006805e-04 
 2.165585e+01 -2.334477e-03 
 2.165617e+01 -5.237192e-03 
 2.165650e+01 -6.977831e-03 
 2.165682e+01 -7.375228e-03 
 2.165714e+01 -7.923244e-03 
 2.165747e+01 -9.561049e-03 
 2.165779e+01 -1.237028e-02 
 2.165811e+01 -1.716566e-02 
 2.165844e+01 -2.409331e-02 
 2.165876e+01 -3.171269e-02 
 2.165908e+01 -3.934245e-02 
 2.165940e+01 -4.647596e-02 
 2.165973e+01 -5.243808e-02 
 2.166005e+01 -5.651846e-02 
 2.166037e+01 -5.942567e-02 
 2.166070e+01 -6.230885e-02 
 2.166102e+01 -6.481652e-02 
 2.166134e+01 -6.728140e-02 
 2.166167e+01 -7.015584e-02 
 2.166199e+01 -7.395761e-02 
 2.166231e+01 -7.808019e-02 
 2.166263e+01 -8.324832e-02 
 2.166296e+01 -8.965365e-02 
 2.166328e+01 -9.687859e-02 
 2.166360e+01 -1.040881e-01 
 2.166393e+01 -1.105290e-01 
 2.166425e+01 -1.152769e-01 
 2.166457e+01 -1.166571e-01 
 2.166490e+01 -1.159333e-01 
 2.166522e+01 -1.145532e-01 
 2.166554e+01 -1.133425e-01 
 2.166586e+01 -1.133372e-01 
 2.166619e+01 -1.154304e-01 
 2.166651e+01 -1.192663e-01 
 2.166683e+01 -1.243769e-01 
 2.166716e+01 -1.298627e-01 
 2.166748e+01 -1.358928e-01 
 2.166780e+01 -1.407885e-01 
 2.166812e+01 -1.446999e-01 
 2.166845e+01 -1.481170e-01 
 2.166877e+01 -1.509497e-01 
 2.166909e+01 -1.522881e-01 
 2.166942e+01 -1.519537e-01 
 2.166974e+01 -1.503257e-01 
 2.167006e+01 -1.485364e-01 
 2.167039e+01 -1.480159e-01 
 2.167071e+01 -1.494365e-01 
 2.167103e+01 -1.527335e-01 
 2.167135e+01 -1.573492e-01 
 2.167168e+01 -1.639011e-01 
 2.167200e+01 -1.696050e-01 
 2.167232e+01 -1.740678e-01 
 2.167265e+01 -1.766003e-01 
 2.167297e+01 -1.776847e-01 
 2.167329e+01 -1.781619e-01 
 2.167362e+01 -1.793166e-01 
 2.167394e+01 -1.808057e-01 
 2.167426e+01 -1.821497e-01 
 2.167458e+01 -1.832489e-01 
 2.167491e+01 -1.850046e-01 
 2.167523e+01 -1.877102e-01 
 2.167555e+01 -1.914046e-01 
 2.167588e+01 -1.956662e-01 
 2.167620e+01 -1.996015e-01 
 2.167652e+01 -2.034926e-01 
 2.167685e+01 -2.067202e-01 
 2.167717e+01 -2.084982e-01 
 2.167749e+01 -2.089216e-01 
 2.167781e+01 -2.091211e-01 
 2.167814e+01 -2.094419e-01 
 2.167846e+01 -2.097127e-01 
 2.167878e+01 -2.096400e-01 
 2.167911e+01 -2.109201e-01 
 2.167943e+01 -2.128276e-01 
 2.167975e+01 -2.132532e-01 
 2.168008e+01 -2.143394e-01 
 2.168040e+01 -2.152451e-01 
 2.168072e+01 -2.158369e-01 
 2.168104e+01 -2.159621e-01 
 2.168137e+01 -2.169089e-01 
 2.168169e+01 -2.188724e-01 
 2.168201e+01 -2.203603e-01 
 2.168234e+01 -2.207478e-01 
 2.168266e+01 -2.210457e-01 
 2.168298e+01 -2.212255e-01 
 2.168331e+01 -2.221380e-01 
 2.168363e+01 -2.253299e-01 
 2.168395e+01 -2.288937e-01 
 2.168427e+01 -2.324483e-01 
 2.168460e+01 -2.354367e-01 
 2.168492e+01 -2.376968e-01 
 2.168524e+01 -2.394968e-01 
 2.168557e+01 -2.418070e-01 
 2.168589e+01 -2.446070e-01 
 2.168621e+01 -2.471872e-01 
 2.168654e+01 -2.509846e-01 
 2.168686e+01 -2.558511e-01 
 2.168718e+01 -2.602556e-01 
 2.168750e+01 -2.631739e-01 
 2.168783e+01 -2.650318e-01 
 2.168815e+01 -2.660966e-01 
 2.168847e+01 -2.663787e-01 
 2.168880e+01 -2.660564e-01 
 2.168912e+01 -2.653877e-01 
 2.168944e+01 -2.647885e-01 
 2.168977e+01 -2.625299e-01 
 2.169009e+01 -2.598234e-01 
 2.169041e+01 -2.568179e-01 
 2.169073e+01 -2.537600e-01 
 2.169106e+01 -2.505032e-01 
 2.169138e+01 -2.480279e-01 
 2.169170e+01 -2.463580e-01 
 2.169203e+01 -2.451612e-01 
 2.169235e+01 -2.430469e-01 
 2.169267e+01 -2.389111e-01 
 2.169300e+01 -2.330065e-01 
 2.169332e+01 -2.264620e-01 
 2.169364e+01 -2.198475e-01 
 2.169396e+01 -2.132359e-01 
 2.169429e+01 -2.070583e-01 
 2.169461e+01 -2.013355e-01 
 2.169493e+01 -1.962134e-01 
 2.169526e+01 -1.917778e-01 
 2.169558e+01 -1.886227e-01 
 2.169590e+01 -1.863777e-01 
 2.169623e+01 -1.842926e-01 
 2.169655e+01 -1.832988e-01 
 2.169687e+01 -1.831688e-01 
 2.169719e+01 -1.822997e-01 
 2.169752e+01 -1.794066e-01 
 2.169784e+01 -1.752733e-01 
 2.169816e+01 -1.709983e-01 
 2.169849e+01 -1.666891e-01 
 2.169881e+01 -1.629865e-01 
 2.169913e+01 -1.607625e-01 
 2.169946e+01 -1.675528e-01 
 2.169978e+01 -1.684528e-01 
 2.170010e+01 -1.712390e-01 
 2.170042e+01 -1.744507e-01 
 2.170075e+01 -1.779519e-01 
 2.170107e+01 -1.816199e-01 
 2.170139e+01 -1.847530e-01 
 2.170172e+01 -1.885230e-01 
 2.170204e+01 -1.929148e-01 
 2.170236e+01 -1.972256e-01 
 2.170268e+01 -1.991938e-01 
 2.170301e+01 -2.039163e-01 
 2.170333e+01 -2.105343e-01 
 2.170365e+01 -2.170112e-01 
 2.170398e+01 -2.276837e-01 
 2.170430e+01 -2.407092e-01 
 2.170462e+01 -2.549817e-01 
 2.170495e+01 -2.694533e-01 
 2.170527e+01 -2.833877e-01 
 2.170559e+01 -2.968883e-01 
 2.170591e+01 -3.093127e-01 
 2.170624e+01 -3.209854e-01 
 2.170656e+01 -3.330279e-01 
 2.170688e+01 -3.456779e-01 
 2.170721e+01 -3.588256e-01 
 2.170753e+01 -3.724547e-01 
 2.170785e+01 -3.859901e-01 
 2.170818e+01 -3.993964e-01 
 2.170850e+01 -4.118817e-01 
 2.170882e+01 -4.256975e-01 
 2.170914e+01 -4.391500e-01 
 2.170947e+01 -4.521270e-01 
 2.170979e+01 -4.646916e-01 
 2.171011e+01 -4.760067e-01 
 2.171044e+01 -4.864340e-01 
 2.171076e+01 -4.957999e-01 
 2.171108e+01 -5.047245e-01 
 2.171141e+01 -5.136598e-01 
 2.171173e+01 -5.236294e-01 
 2.171205e+01 -5.341528e-01 
 2.171237e+01 -5.443424e-01 
 2.171270e+01 -5.531446e-01 
 2.171302e+01 -5.600915e-01 
 2.171334e+01 -5.649392e-01 
 2.171367e+01 -5.677807e-01 
 2.171399e+01 -5.694156e-01 
 2.171431e+01 -5.699326e-01 
 2.171464e+01 -5.698988e-01 
 2.171496e+01 -5.695379e-01 
 2.171528e+01 -5.690579e-01 
 2.171560e+01 -5.684273e-01 
 2.171593e+01 -5.677132e-01 
 2.171625e+01 -5.667308e-01 
 2.171657e+01 -5.658379e-01 
 2.171690e+01 -5.644682e-01 
 2.171722e+01 -5.622029e-01 
 2.171754e+01 -5.584156e-01 
 2.171787e+01 -5.530267e-01 
 2.171819e+01 -5.467351e-01 
 2.171851e+01 -5.398338e-01 
 2.171883e+01 -5.335291e-01 
 2.171916e+01 -5.278782e-01 
 2.171948e+01 -5.237142e-01 
 2.171980e+01 -5.205163e-01 
 2.172013e+01 -5.191597e-01 
 2.172045e+01 -5.181222e-01 
 2.172077e+01 -5.182364e-01 
 2.172110e+01 -5.170296e-01 
 2.172142e+01 -5.147965e-01 
 2.172174e+01 -5.137285e-01 
 2.172206e+01 -5.121779e-01 
 2.172239e+01 -5.105012e-01 
 2.172271e+01 -5.090383e-01 
 2.172303e+01 -5.083506e-01 
 2.172336e+01 -5.075472e-01 
 2.172368e+01 -5.075883e-01 
 2.172400e+01 -5.093562e-01 
 2.172433e+01 -5.128727e-01 
 2.172465e+01 -5.170523e-01 
 2.172497e+01 -5.216379e-01 
 2.172529e+01 -5.250708e-01 
 2.172562e+01 -5.271298e-01 
 2.172594e+01 -5.282009e-01 
 2.172626e+01 -5.286615e-01 
 2.172659e+01 -5.293669e-01 
 2.172691e+01 -5.269349e-01 
 2.172723e+01 -5.279670e-01 
 2.172756e+01 -5.292720e-01 
 2.172788e+01 -5.309191e-01 
 2.172820e+01 -5.332941e-01 
 2.172852e+01 -5.356926e-01 
 2.172885e+01 -5.379741e-01 
 2.172917e+01 -5.404105e-01 
 2.172949e+01 -5.427935e-01 
 2.172982e+01 -5.444954e-01 
 2.173014e+01 -5.452689e-01 
 2.173046e+01 -5.452814e-01 
 2.173079e+01 -5.443543e-01 
 2.173111e+01 -5.423062e-01 
 2.173143e+01 -5.403703e-01 
 2.173175e+01 -5.394510e-01 
 2.173208e+01 -5.390629e-01 
 2.173240e+01 -5.391723e-01 
 2.173272e+01 -5.394779e-01 
 2.173305e+01 -5.397307e-01 
 2.173337e+01 -5.393892e-01 
 2.173369e+01 -5.381034e-01 
 2.173402e+01 -5.360682e-01 
 2.173434e+01 -5.336730e-01 
 2.173466e+01 -5.313363e-01 
 2.173498e+01 -5.292275e-01 
 2.173531e+01 -5.265903e-01 
 2.173563e+01 -5.235049e-01 
 2.173595e+01 -5.200391e-01 
 2.173628e+01 -5.163915e-01 
 2.173660e+01 -5.140848e-01 
 2.173692e+01 -5.121772e-01 
 2.173724e+01 -5.100352e-01 
 2.173757e+01 -5.071457e-01 
 2.173789e+01 -5.032753e-01 
 2.173821e+01 -4.986411e-01 
 2.173854e+01 -4.928849e-01 
 2.173886e+01 -4.858657e-01 
 2.173918e+01 -4.783044e-01 
 2.173951e+01 -4.706127e-01 
 2.173983e+01 -4.628327e-01 
 2.174015e+01 -4.547625e-01 
 2.174047e+01 -4.469196e-01 
 2.174080e+01 -4.388401e-01 
 2.174112e+01 -4.297645e-01 
 2.174144e+01 -4.220810e-01 
 2.174177e+01 -4.150500e-01 
 2.174209e+01 -4.080655e-01 
 2.174241e+01 -4.016586e-01 
 2.174274e+01 -3.951829e-01 
 2.174306e+01 -3.883699e-01 
 2.174338e+01 -3.812274e-01 
 2.174370e+01 -3.738355e-01 
 2.174403e+01 -3.664270e-01 
 2.174435e+01 -3.590558e-01 
 2.174467e+01 -3.528691e-01 
 2.174500e+01 -3.471139e-01 
 2.174532e+01 -3.406608e-01 
 2.174564e+01 -3.356101e-01 
 2.174597e+01 -3.321811e-01 
 2.174629e+01 -3.284075e-01 
 2.174661e+01 -3.259424e-01 
 2.174693e+01 -3.245775e-01 
 2.174726e+01 -3.236805e-01 
 2.174758e+01 -3.219756e-01 
 2.174790e+01 -3.214961e-01 
 2.174823e+01 -3.233247e-01 
 2.174855e+01 -3.256102e-01 
 2.174887e+01 -3.291095e-01 
 2.174920e+01 -3.345110e-01 
 2.174952e+01 -3.406032e-01 
 2.174984e+01 -3.476224e-01 
 2.175016e+01 -3.551616e-01 
 2.175049e+01 -3.631813e-01 
 2.175081e+01 -3.711118e-01 
 2.175113e+01 -3.778111e-01 
 2.175146e+01 -3.850953e-01 
 2.175178e+01 -3.936261e-01 
 2.175210e+01 -4.031797e-01 
 2.175243e+01 -4.131374e-01 
 2.175275e+01 -4.237910e-01 
 2.175307e+01 -4.343825e-01 
 2.175339e+01 -4.443859e-01 
 2.175372e+01 -4.538872e-01 
 2.175404e+01 -4.629463e-01 
 2.175436e+01 -4.712468e-01 
 2.175469e+01 -4.818834e-01 
 2.175501e+01 -4.896797e-01 
 2.175533e+01 -4.967686e-01 
 2.175566e+01 -5.030474e-01 
 2.175598e+01 -5.078424e-01 
 2.175630e+01 -5.131405e-01 
 2.175662e+01 -5.178273e-01 
 2.175695e+01 -5.236369e-01 
 2.175727e+01 -5.293930e-01 
 2.175759e+01 -5.347260e-01 
 2.175792e+01 -5.384942e-01 
 2.175824e+01 -5.422179e-01 
 2.175856e+01 -5.462498e-01 
 2.175889e+01 -5.483430e-01 
 2.175921e+01 -5.492571e-01 
 2.175953e+01 -5.500323e-01 
 2.175985e+01 -5.507817e-01 
 2.176018e+01 -5.511410e-01 
 2.176050e+01 -5.524647e-01 
 2.176082e+01 -5.540318e-01 
 2.176115e+01 -5.511519e-01 
 2.176147e+01 -5.529333e-01 
 2.176179e+01 -5.549578e-01 
 2.176212e+01 -5.569894e-01 
 2.176244e+01 -5.588565e-01 
 2.176276e+01 -5.592248e-01 
 2.176308e+01 -5.588569e-01 
 2.176341e+01 -5.573959e-01 
 2.176373e+01 -5.549763e-01 
 2.176405e+01 -5.518433e-01 
 2.176438e+01 -5.453047e-01 
 2.176470e+01 -5.430006e-01 
 2.176502e+01 -5.408180e-01 
 2.176535e+01 -5.396979e-01 
 2.176567e+01 -5.383506e-01 
 2.176599e+01 -5.363584e-01 
 2.176631e+01 -5.338139e-01 
 2.176664e+01 -5.304524e-01 
 2.176696e+01 -5.269026e-01 
 2.176728e+01 -5.239763e-01 
 2.176761e+01 -5.210124e-01 
 2.176793e+01 -5.167285e-01 
 2.176825e+01 -5.112899e-01 
 2.176857e+01 -5.054409e-01 
 2.176890e+01 -4.995890e-01 
 2.176922e+01 -4.935609e-01 
 2.176954e+01 -4.879773e-01 
 2.176987e+01 -4.826206e-01 
 2.177019e+01 -4.770105e-01 
 2.177051e+01 -4.714254e-01 
 2.177084e+01 -4.660116e-01 
 2.177116e+01 -4.601719e-01 
 2.177148e+01 -4.530677e-01 
 2.177180e+01 -4.451450e-01 
 2.177213e+01 -4.384844e-01 
 2.177245e+01 -4.327988e-01 
 2.177277e+01 -4.279814e-01 
 2.177310e+01 -4.236317e-01 
 2.177342e+01 -4.192303e-01 
 2.177374e+01 -4.151456e-01 
 2.177407e+01 -4.111729e-01 
 2.177439e+01 -4.070580e-01 
 2.177471e+01 -4.033977e-01 
 2.177503e+01 -3.994405e-01 
 2.177536e+01 -3.956754e-01 
 2.177568e+01 -3.920066e-01 
 2.177600e+01 -3.884584e-01 
 2.177633e+01 -3.849441e-01 
 2.177665e+01 -3.808082e-01 
 2.177697e+01 -3.776539e-01 
 2.177730e+01 -3.765223e-01 
 2.177762e+01 -3.762574e-01 
 2.177794e+01 -3.766205e-01 
 2.177826e+01 -3.769784e-01 
 2.177859e+01 -3.767377e-01 
 2.177891e+01 -3.764857e-01 
 2.177923e+01 -3.766430e-01 
 2.177956e+01 -3.767639e-01 
 2.177988e+01 -3.763537e-01 
 2.178020e+01 -3.758786e-01 
 2.178053e+01 -3.761355e-01 
 2.178085e+01 -3.767523e-01 
 2.178117e+01 -3.781094e-01 
 2.178149e+01 -3.789810e-01 
 2.178182e+01 -3.788176e-01 
 2.178214e+01 -3.789214e-01 
 2.178246e+01 -3.821823e-01 
 2.178279e+01 -3.830736e-01 
 2.178311e+01 -3.837436e-01 
 2.178343e+01 -3.836277e-01 
 2.178376e+01 -3.831643e-01 
 2.178408e+01 -3.820217e-01 
 2.178440e+01 -3.819142e-01 
 2.178472e+01 -3.821291e-01 
 2.178505e+01 -3.826545e-01 
 2.178537e+01 -3.839904e-01 
 2.178569e+01 -3.853155e-01 
 2.178602e+01 -3.872438e-01 
 2.178634e+01 -3.886070e-01 
 2.178666e+01 -3.886983e-01 
 2.178699e+01 -3.872425e-01 
 2.178731e+01 -3.858566e-01 
 2.178763e+01 -3.849428e-01 
 2.178795e+01 -3.846641e-01 
 2.178828e+01 -3.842134e-01 
 2.178860e+01 -3.835591e-01 
 2.178892e+01 -3.829858e-01 
 2.178925e+01 -3.833392e-01 
 2.178957e+01 -3.845721e-01 
 2.178989e+01 -3.859027e-01 
 2.179022e+01 -3.883387e-01 
 2.179054e+01 -3.907405e-01 
 2.179086e+01 -3.932130e-01 
 2.179118e+01 -3.949054e-01 
 2.179151e+01 -3.966050e-01 
 2.179183e+01 -3.973408e-01 
 2.179215e+01 -3.968437e-01 
 2.179248e+01 -3.968523e-01 
 2.179280e+01 -3.983843e-01 
 2.179312e+01 -4.006983e-01 
 2.179345e+01 -4.023744e-01 
 2.179377e+01 -4.038670e-01 
 2.179409e+01 -4.056842e-01 
 2.179441e+01 -4.071728e-01 
 2.179474e+01 -4.076113e-01 
 2.179506e+01 -4.093355e-01 
 2.179538e+01 -4.101080e-01 
 2.179571e+01 -4.103079e-01 
 2.179603e+01 -4.103737e-01 
 2.179635e+01 -4.101615e-01 
 2.179667e+01 -4.083944e-01 
 2.179700e+01 -4.059315e-01 
 2.179732e+01 -4.030416e-01 
 2.179764e+01 -4.019959e-01 
 2.179797e+01 -4.009494e-01 
 2.179829e+01 -3.998398e-01 
 2.179861e+01 -3.995352e-01 
 2.179894e+01 -3.978126e-01 
 2.179926e+01 -3.965602e-01 
 2.179958e+01 -3.961893e-01 
 2.179990e+01 -3.947416e-01 
 2.180023e+01 -3.922104e-01 
 2.180055e+01 -3.899656e-01 
 2.180087e+01 -3.871786e-01 
 2.180120e+01 -3.862070e-01 
 2.180152e+01 -3.863290e-01 
 2.180184e+01 -3.874894e-01 
 2.180217e+01 -3.882715e-01 
 2.180249e+01 -3.887106e-01 
 2.180281e+01 -3.904119e-01 
 2.180313e+01 -3.941013e-01 
 2.180346e+01 -4.277410e-01 
 2.180378e+01 -4.337893e-01 
 2.180410e+01 -4.420471e-01 
 2.180443e+01 -4.493687e-01 
 2.180475e+01 -4.570914e-01 
 2.180507e+01 -4.647745e-01 
 2.180540e+01 -4.722393e-01 
 2.180572e+01 -4.791536e-01 
 2.180604e+01 -4.862410e-01 
 2.180636e+01 -4.935843e-01 
 2.180669e+01 -5.004739e-01 
 2.180701e+01 -5.071326e-01 
 2.180733e+01 -5.131939e-01 
 2.180766e+01 -5.179423e-01 
 2.180798e+01 -5.226820e-01 
 2.180830e+01 -5.271493e-01 
 2.180863e+01 -5.308267e-01 
 2.180895e+01 -5.330959e-01 
 2.180927e+01 -5.342617e-01 
 2.180959e+01 -5.351877e-01 
 2.180992e+01 -5.350010e-01 
 2.181024e+01 -5.346739e-01 
 2.181056e+01 -5.342313e-01 
 2.181089e+01 -5.359265e-01 
 2.181121e+01 -5.348482e-01 
 2.181153e+01 -5.335097e-01 
 2.181186e+01 -5.325202e-01 
 2.181218e+01 -5.304469e-01 
 2.181250e+01 -5.268710e-01 
 2.181282e+01 -5.213744e-01 
 2.181315e+01 -5.150252e-01 
 2.181347e+01 -5.084735e-01 
 2.181379e+01 -5.013067e-01 
 2.181412e+01 -4.940392e-01 
 2.181444e+01 -4.863709e-01 
 2.181476e+01 -4.770048e-01 
 2.181509e+01 -4.676220e-01 
 2.181541e+01 -4.589434e-01 
 2.181573e+01 -4.511142e-01 
 2.181605e+01 -4.468042e-01 
 2.181638e+01 -4.365491e-01 
 2.181670e+01 -4.261316e-01 
 2.181702e+01 -4.144653e-01 
 2.181735e+01 -4.018329e-01 
 2.181767e+01 -3.885783e-01 
 2.181799e+01 -3.761176e-01 
 2.181832e+01 -3.644276e-01 
 2.181864e+01 -3.532228e-01 
 2.181896e+01 -3.425204e-01 
 2.181928e+01 -3.319480e-01 
 2.181961e+01 -3.213899e-01 
 2.181993e+01 -3.113039e-01 
 2.182025e+01 -3.010668e-01 
 2.182058e+01 -2.906950e-01 
 2.182090e+01 -2.793940e-01 
 2.182122e+01 -2.680868e-01 
 2.182155e+01 -2.564547e-01 
 2.182187e+01 -2.447356e-01 
 2.182219e+01 -2.344828e-01 
 2.182251e+01 -2.255299e-01 
 2.182284e+01 -2.164995e-01 
 2.182316e+01 -2.086712e-01 
 2.182348e+01 -2.020996e-01 
 2.182381e+01 -1.957976e-01 
 2.182413e+01 -1.898946e-01 
 2.182445e+01 -1.834032e-01 
 2.182478e+01 -1.762953e-01 
 2.182510e+01 -1.684832e-01 
 2.182542e+01 -1.605884e-01 
 2.182574e+01 -1.537039e-01 
 2.182607e+01 -1.462275e-01 
 2.182639e+01 -1.383235e-01 
 2.182671e+01 -1.307029e-01 
 2.182704e+01 -1.246150e-01 
 2.182736e+01 -1.190337e-01 
 2.182768e+01 -1.171886e-01 
 2.182800e+01 -1.127530e-01 
 2.182833e+01 -1.081580e-01 
 2.182865e+01 -1.043097e-01 
 2.182897e+01 -1.000971e-01 
 2.182930e+01 -9.739151e-02 
 2.182962e+01 -9.521245e-02 
 2.182994e+01 -9.306309e-02 
 2.183027e+01 -9.119007e-02 
 2.183059e+01 -8.992096e-02 
 2.183091e+01 -8.938724e-02 
 2.183123e+01 -8.985394e-02 
 2.183156e+01 -9.058763e-02 
 2.183188e+01 -9.213639e-02 
 2.183220e+01 -9.530927e-02 
 2.183253e+01 -9.900368e-02 
 2.183285e+01 -1.027784e-01 
 2.183317e+01 -1.061476e-01 
 2.183350e+01 -1.094815e-01 
 2.183382e+01 -1.132658e-01 
 2.183414e+01 -1.174261e-01 
 2.183446e+01 -1.214786e-01 
 2.183479e+01 -1.246996e-01 
 2.183511e+01 -1.271042e-01 
 2.183543e+01 -1.294202e-01 
 2.183576e+01 -1.313564e-01 
 2.183608e+01 -1.333158e-01 
 2.183640e+01 -1.349815e-01 
 2.183673e+01 -1.357108e-01 
 2.183705e+01 -1.357389e-01 
 2.183737e+01 -1.352648e-01 
 2.183769e+01 -1.344920e-01 
 2.183802e+01 -1.338419e-01 
 2.183834e+01 -1.333331e-01 
 2.183866e+01 -1.326931e-01 
 2.183899e+01 -1.312691e-01 
 2.183931e+01 -1.292950e-01 
 2.183963e+01 -1.271618e-01 
 2.183996e+01 -1.246268e-01 
 2.184028e+01 -1.221704e-01 
 2.184060e+01 -1.205241e-01 
 2.184092e+01 -1.195937e-01 
 2.184125e+01 -1.184581e-01 
 2.184157e+01 -1.177462e-01 
 2.184189e+01 -1.182368e-01 
 2.184222e+01 -1.185698e-01 
 2.184254e+01 -1.188139e-01 
 2.184286e+01 -1.200261e-01 
 2.184319e+01 -1.212382e-01 
 2.184351e+01 -1.219686e-01 
 2.184383e+01 -1.226766e-01 
 2.184415e+01 -1.247035e-01 
 2.184448e+01 -1.275111e-01 
 2.184480e+01 -1.300147e-01 
 2.184512e+01 -1.332896e-01 
 2.184545e+01 -1.369658e-01 
 2.184577e+01 -1.409911e-01 
 2.184609e+01 -1.459619e-01 
 2.184642e+01 -1.517084e-01 
 2.184674e+01 -1.579466e-01 
 2.184706e+01 -1.632794e-01 
 2.184738e+01 -1.691155e-01 
 2.184771e+01 -1.755030e-01 
 2.184803e+01 -1.822195e-01 
 2.184835e+01 -1.886738e-01 
 2.184868e+01 -1.944470e-01 
 2.184900e+01 -1.996317e-01 
 2.184932e+01 -2.043711e-01 
 2.184965e+01 -2.099051e-01 
 2.184997e+01 -2.156517e-01 
 2.185029e+01 -2.209807e-01 
 2.185061e+01 -2.324180e-01 
 2.185094e+01 -2.385210e-01 
 2.185126e+01 -2.448403e-01 
 2.185158e+01 -2.519607e-01 
 2.185191e+01 -2.592048e-01 
 2.185223e+01 -2.656124e-01 
 2.185255e+01 -2.716124e-01 
 2.185288e+01 -2.774060e-01 
 2.185320e+01 -2.829539e-01 
 2.185352e+01 -2.875673e-01 
 2.185384e+01 -2.915789e-01 
 2.185417e+01 -2.955329e-01 
 2.185449e+01 -2.996798e-01 
 2.185481e+01 -3.043151e-01 
 2.185514e+01 -3.086680e-01 
 2.185546e+01 -3.128256e-01 
 2.185578e+01 -3.166589e-01 
 2.185610e+01 -3.202030e-01 
 2.185643e+01 -3.238910e-01 
 2.185675e+01 -3.281413e-01 
 2.185707e+01 -3.319929e-01 
 2.185740e+01 -3.351037e-01 
 2.185772e+01 -3.373325e-01 
 2.185804e+01 -3.408989e-01 
 2.185837e+01 -3.425447e-01 
 2.185869e+01 -3.442895e-01 
 2.185901e+01 -3.462589e-01 
 2.185933e+01 -3.483359e-01 
 2.185966e+01 -3.503685e-01 
 2.185998e+01 -3.527634e-01 
 2.186030e+01 -3.553152e-01 
 2.186063e+01 -3.576326e-01 
 2.186095e+01 -3.599988e-01 
 2.186127e+01 -3.636905e-01 
 2.186160e+01 -3.658084e-01 
 2.186192e+01 -3.677522e-01 
 2.186224e+01 -3.693673e-01 
 2.186256e+01 -3.708207e-01 
 2.186289e+01 -3.719857e-01 
 2.186321e+01 -3.733439e-01 
 2.186353e+01 -3.748915e-01 
 2.186386e+01 -3.762320e-01 
 2.186418e+01 -3.771046e-01 
 2.186450e+01 -3.780286e-01 
 2.186483e+01 -3.793119e-01 
 2.186515e+01 -3.809882e-01 
 2.186547e+01 -3.816307e-01 
 2.186579e+01 -3.823693e-01 
 2.186612e+01 -3.827785e-01 
 2.186644e+01 -3.842106e-01 
 2.186676e+01 -3.864021e-01 
 2.186709e+01 -3.884399e-01 
 2.186741e+01 -3.895286e-01 
 2.186773e+01 -3.896722e-01 
 2.186806e+01 -3.892556e-01 
 2.186838e+01 -3.915573e-01 
 2.186870e+01 -3.901565e-01 
 2.186902e+01 -3.882426e-01 
 2.186935e+01 -3.868279e-01 
 2.186967e+01 -3.846107e-01 
 2.186999e+01 -3.828465e-01 
 2.187032e+01 -3.816924e-01 
 2.187064e+01 -3.805095e-01 
 2.187096e+01 -3.811631e-01 
 2.187129e+01 -3.774887e-01 
 2.187161e+01 -3.744437e-01 
 2.187193e+01 -3.721314e-01 
 2.187225e+01 -3.698250e-01 
 2.187258e+01 -3.668333e-01 
 2.187290e+01 -3.629110e-01 
 2.187322e+01 -3.584013e-01 
 2.187355e+01 -3.542944e-01 
 2.187387e+01 -3.502743e-01 
 2.187419e+01 -3.464928e-01 
 2.187452e+01 -3.429334e-01 
 2.187484e+01 -3.398436e-01 
 2.187516e+01 -3.369960e-01 
 2.187548e+01 -3.346147e-01 
 2.187581e+01 -3.322867e-01 
 2.187613e+01 -3.297926e-01 
 2.187645e+01 -3.272939e-01 
 2.187678e+01 -3.255865e-01 
 2.187710e+01 -3.243837e-01 
 2.187742e+01 -3.229137e-01 
 2.187775e+01 -3.200864e-01 
 2.187807e+01 -3.180726e-01 
 2.187839e+01 -3.168125e-01 
 2.187871e+01 -3.162012e-01 
 2.187904e+01 -3.164446e-01 
 2.187936e+01 -3.173005e-01 
 2.187968e+01 -3.184161e-01 
 2.188001e+01 -3.196871e-01 
 2.188033e+01 -3.213901e-01 
 2.188065e+01 -3.231791e-01 
 2.188098e+01 -3.245256e-01 
 2.188130e+01 -3.257983e-01 
 2.188162e+01 -3.271039e-01 
 2.188194e+01 -3.291588e-01 
 2.188227e+01 -3.317289e-01 
 2.188259e+01 -3.344268e-01 
 2.188291e+01 -3.375360e-01 
 2.188324e+01 -3.393201e-01 
 2.188356e+01 -3.418633e-01 
 2.188388e+01 -3.474842e-01 
 2.188421e+01 -3.542474e-01 
 2.188453e+01 -3.617388e-01 
 2.188485e+01 -3.699223e-01 
 2.188517e+01 -3.789322e-01 
 2.188550e+01 -3.889624e-01 
 2.188582e+01 -3.991968e-01 
 2.188614e+01 -4.091188e-01 
 2.188647e+01 -4.186845e-01 
 2.188679e+01 -4.438975e-01 
 2.188711e+01 -4.546677e-01 
 2.188743e+01 -4.651381e-01 
 2.188776e+01 -4.751559e-01 
 2.188808e+01 -4.872249e-01 
 2.188840e+01 -4.964217e-01 
 2.188873e+01 -5.053550e-01 
 2.188905e+01 -5.139578e-01 
 2.188937e+01 -5.219119e-01 
 2.188970e+01 -5.292795e-01 
 2.189002e+01 -5.361080e-01 
 2.189034e+01 -5.472194e-01 
 2.189066e+01 -5.530026e-01 
 2.189099e+01 -5.587516e-01 
 2.189131e+01 -5.651491e-01 
 2.189163e+01 -5.746465e-01 
 2.189196e+01 -5.841893e-01 
 2.189228e+01 -5.883275e-01 
 2.189260e+01 -5.923596e-01 
 2.189293e+01 -5.957020e-01 
 2.189325e+01 -5.979945e-01 
 2.189357e+01 -5.996098e-01 
 2.189389e+01 -6.004255e-01 
 2.189422e+01 -6.018336e-01 
 2.189454e+01 -6.040337e-01 
 2.189486e+01 -6.069833e-01 
 2.189519e+01 -6.095670e-01 
 2.189551e+01 -6.095158e-01 
 2.189583e+01 -6.082131e-01 
 2.189616e+01 -6.127224e-01 
 2.189648e+01 -6.185007e-01 
 2.189680e+01 -6.144672e-01 
 2.189712e+01 -6.091276e-01 
 2.189745e+01 -6.106529e-01 
 2.189777e+01 -6.077074e-01 
 2.189809e+01 -6.049872e-01 
 2.189842e+01 -6.038008e-01 
 2.189874e+01 -5.942985e-01 
 2.189906e+01 -5.892896e-01 
 2.189939e+01 -5.866443e-01 
 2.189971e+01 -5.822428e-01 
 2.190003e+01 -5.805806e-01 
 2.190035e+01 -5.768786e-01 
 2.190068e+01 -5.761387e-01 
 2.190100e+01 -5.704834e-01 
 2.190132e+01 -5.658416e-01 
 2.190165e+01 -5.606195e-01 
 2.190197e+01 -5.537263e-01 
 2.190229e+01 -5.491471e-01 
 2.190262e+01 -5.455365e-01 
 2.190294e+01 -5.439356e-01 
 2.190326e+01 -5.412645e-01 
 2.190358e+01 -5.409152e-01 
 2.190391e+01 -5.396158e-01 
 2.190423e+01 -5.404692e-01 
 2.190455e+01 -5.395668e-01 
 2.190488e+01 -5.394433e-01 
 2.190520e+01 -5.374738e-01 
 2.190552e+01 -5.343209e-01 
 2.190585e+01 -5.316825e-01 
 2.190617e+01 -5.284626e-01 
 2.190649e+01 -5.245235e-01 
 2.190681e+01 -5.178074e-01 
 2.190714e+01 -5.121932e-01 
 2.190746e+01 -5.068019e-01 
 2.190778e+01 -5.041429e-01 
 2.190811e+01 -5.008497e-01 
 2.190843e+01 -4.990137e-01 
 2.190875e+01 -4.962568e-01 
 2.190908e+01 -4.937063e-01 
 2.190940e+01 -4.894829e-01 
 2.190972e+01 -4.856254e-01 
 2.191004e+01 -4.843147e-01 
 2.191037e+01 -4.791949e-01 
 2.191069e+01 -4.718124e-01 
 2.191101e+01 -4.663083e-01 
 2.191134e+01 -4.604848e-01 
 2.191166e+01 -4.556816e-01 
 2.191198e+01 -4.478833e-01 
 2.191231e+01 -4.410725e-01 
 2.191263e+01 -4.359558e-01 
 2.191295e+01 -4.315072e-01 
 2.191327e+01 -4.252893e-01 
 2.191360e+01 -4.183450e-01 
 2.191392e+01 -4.163328e-01 
 2.191424e+01 -4.083573e-01 
 2.191457e+01 -4.005234e-01 
 2.191489e+01 -3.928189e-01 
 2.191521e+01 -3.835530e-01 
 2.191553e+01 -3.724125e-01 
 2.191586e+01 -3.633382e-01 
 2.191618e+01 -3.542697e-01 
 2.191650e+01 -3.445680e-01 
 2.191683e+01 -3.341844e-01 
 2.191715e+01 -3.224626e-01 
 2.191747e+01 -3.092641e-01 
 2.191780e+01 -2.965347e-01 
 2.191812e+01 -2.862839e-01 
 2.191844e+01 -2.759945e-01 
 2.191876e+01 -2.648507e-01 
 2.191909e+01 -2.539483e-01 
 2.191941e+01 -2.419439e-01 
 2.191973e+01 -2.254009e-01 
 2.192006e+01 -2.106804e-01 
 2.192038e+01 -1.981285e-01 
 2.192070e+01 -1.827887e-01 
 2.192103e+01 -1.688223e-01 
 2.192135e+01 -1.554662e-01 
 2.192167e+01 -1.378756e-01 
 2.192199e+01 -1.214388e-01 
 2.192232e+01 -1.065634e-01 
 2.192264e+01 -9.161510e-02 
 2.192296e+01 -7.747783e-02 
 2.192329e+01 -6.236395e-02 
 2.192361e+01 -4.879961e-02 
 2.192393e+01 -3.619533e-02 
 2.192426e+01 -2.254889e-02 
 2.192458e+01 -9.882298e-03 
 2.192490e+01  2.738402e-03 
 2.192522e+01  1.631515e-02 
 2.192555e+01  2.930296e-02 
 2.192587e+01  4.196029e-02 
 2.192619e+01  5.440885e-02 
 2.192652e+01  6.530382e-02 
 2.192684e+01  7.732384e-02 
 2.192716e+01  8.960244e-02 
 2.192749e+01  1.004381e-01 
 2.192781e+01  1.097969e-01 
 2.192813e+01  1.166423e-01 
 2.192845e+01  1.218479e-01 
 2.192878e+01  1.160984e-01 
 2.192910e+01  1.233947e-01 
 2.192942e+01  1.317200e-01 
 2.192975e+01  1.400525e-01 
 2.193007e+01  1.483350e-01 
 2.193039e+01  1.562669e-01 
 2.193072e+01  1.644057e-01 
 2.193104e+01  1.722051e-01 
 2.193136e+01  1.788612e-01 
 2.193168e+01  1.850449e-01 
 2.193201e+01  1.909558e-01 
 2.193233e+01  1.959872e-01 
 2.193265e+01  1.997981e-01 
 2.193298e+01  2.011792e-01 
 2.193330e+01  2.008875e-01 
 2.193362e+01  1.994729e-01 
 2.193395e+01  1.980958e-01 
 2.193427e+01  1.359431e-01 
 2.193459e+01  1.334234e-01 
 2.193491e+01  1.324027e-01 
 2.193524e+01  1.314574e-01 
 2.193556e+01  1.295934e-01 
 2.193588e+01  1.269158e-01 
 2.193621e+01  1.255096e-01 
 2.193653e+01  1.257037e-01 
 2.193685e+01  1.263188e-01 
 2.193718e+01  1.308438e-01 
 2.193750e+01  1.364411e-01 
 2.193782e+01  1.428066e-01 
 2.193814e+01  1.470798e-01 
 2.193847e+01  1.469663e-01 
 2.193879e+01  1.451699e-01 
 2.193911e+01  1.428791e-01 
 2.193944e+01  1.410215e-01 
 2.193976e+01  1.390160e-01 
 2.194008e+01  1.385711e-01 
 2.194041e+01  1.350869e-01 
 2.194073e+01  1.346476e-01 
 2.194105e+01  1.258980e-01 
 2.194137e+01  1.257492e-01 
 2.194170e+01  1.269566e-01 
 2.194202e+01  1.289147e-01 
 2.194234e+01  1.311609e-01 
 2.194267e+01  1.308984e-01 
 2.194299e+01  1.273662e-01 
 2.194331e+01  1.233880e-01 
 2.194364e+01  1.205765e-01 
 2.194396e+01  1.167675e-01 
 2.194428e+01  1.125060e-01 
 2.194460e+01  1.106532e-01 
 2.194493e+01  1.091776e-01 
 2.194525e+01  1.078072e-01 
 2.194557e+01  1.078600e-01 
 2.194590e+01  1.068824e-01 
 2.194622e+01  1.056542e-01 
 2.194654e+01  1.045935e-01 
 2.194686e+01  9.836185e-02 
 2.194719e+01  9.401934e-02 
 2.194751e+01  9.005606e-02 
 2.194783e+01  8.655338e-02 
 2.194816e+01  8.363316e-02 
 2.194848e+01  7.838078e-02 
 2.194880e+01  7.430358e-02 
 2.194913e+01  7.132964e-02 
 2.194945e+01  6.879150e-02 
 2.194977e+01  6.629551e-02 
 2.195009e+01  6.254679e-02 
 2.195042e+01  6.076912e-02 
 2.195074e+01  5.824648e-02 
 2.195106e+01  5.523326e-02 
 2.195139e+01  5.163462e-02 
 2.195171e+01  5.178060e-02 
 2.195203e+01  4.620564e-02 
 2.195236e+01  4.308445e-02 
 2.195268e+01  4.535806e-02 
 2.195300e+01  4.881442e-02 
 2.195332e+01  5.338907e-02 
 2.195365e+01  5.987964e-02 
 2.195397e+01  6.759551e-02 
 2.195429e+01  7.572733e-02 
 2.195462e+01  8.566357e-02 
 2.195494e+01  9.712619e-02 
 2.195526e+01  1.095136e-01 
 2.195559e+01  1.214839e-01 
 2.195591e+01  1.294646e-01 
 2.195623e+01  1.348128e-01 
 2.195655e+01  1.448190e-01 
 2.195688e+01  1.558045e-01 
 2.195720e+01  1.641795e-01 
 2.195752e+01  1.700554e-01 
 2.195785e+01  1.757949e-01 
 2.195817e+01  1.796727e-01 
 2.195849e+01  1.858255e-01 
 2.195882e+01  1.245168e-01 
 2.195914e+01  1.225053e-01 
 2.195946e+01  1.218854e-01 
 2.195978e+01  1.208202e-01 
 2.196011e+01  1.205765e-01 
 2.196043e+01  1.203957e-01 
 2.196075e+01  1.138976e-01 
 2.196108e+01  1.132029e-01 
 2.196140e+01  1.052927e-01 
 2.196172e+01  1.052301e-01 
 2.196205e+01  1.050226e-01 
 2.196237e+01  1.037964e-01 
 2.196269e+01  9.762677e-02 
 2.196301e+01  9.578304e-02 
 2.196334e+01  9.475751e-02 
 2.196366e+01  9.370738e-02 
 2.196398e+01  9.405596e-02 
 2.196431e+01  9.192065e-02 
 2.196463e+01  9.034622e-02 
 2.196495e+01  9.083454e-02 
 2.196528e+01  9.301042e-02 
 2.196560e+01  9.596242e-02 
 2.196592e+01  9.733941e-02 
 2.196624e+01  9.798415e-02 
 2.196657e+01  9.865149e-02 
 2.196689e+01  9.910490e-02 
 2.196721e+01  9.886526e-02 
 2.196754e+01  9.822604e-02 
 2.196786e+01  9.728564e-02 
 2.196818e+01  9.796032e-02 
 2.196851e+01  9.950291e-02 
 2.196883e+01  1.003340e-01 
 2.196915e+01  9.728816e-02 
 2.196947e+01  9.716780e-02 
 2.196980e+01  9.654225e-02 
 2.197012e+01  9.612976e-02 
 2.197044e+01  8.858093e-02 
 2.197077e+01  8.622640e-02 
 2.197109e+01  8.346313e-02 
 2.197141e+01  8.204771e-02 
 2.197174e+01  4.002836e-02 
 2.197206e+01  4.222664e-02 
 2.197238e+01  4.486545e-02 
 2.197270e+01  4.755646e-02 
 2.197303e+01  4.955080e-02 
 2.197335e+01  5.049749e-02 
 2.197367e+01  5.221286e-02 
 2.197400e+01  5.630247e-02 
 2.197432e+01  6.021167e-02 
 2.197464e+01  6.526187e-02 
 2.197497e+01  7.017180e-02 
 2.197529e+01  7.563659e-02 
 2.197561e+01  8.088192e-02 
 2.197593e+01  8.473200e-02 
 2.197626e+01  8.750754e-02 
 2.197658e+01  8.819145e-02 
 2.197690e+01  8.891489e-02 
 2.197723e+01  9.103709e-02 
 2.197755e+01  9.283307e-02 
 2.197787e+01  9.475456e-02 
 2.197819e+01  9.641131e-02 
 2.197852e+01  9.790114e-02 
 2.197884e+01  9.934967e-02 
 2.197916e+01  9.987640e-02 
 2.197949e+01  9.915107e-02 
 2.197981e+01  9.675858e-02 
 2.198013e+01  9.288402e-02 
 2.198046e+01  8.911826e-02 
 2.198078e+01  8.527656e-02 
 2.198110e+01  8.132492e-02 
 2.198142e+01  7.672719e-02 
 2.198175e+01  7.220846e-02 
 2.198207e+01  6.946122e-02 
 2.198239e+01  6.815084e-02 
 2.198272e+01  6.665043e-02 
 2.198304e+01  6.364949e-02 
 2.198336e+01  5.796158e-02 
 2.198369e+01  4.989224e-02 
 2.198401e+01  4.078486e-02 
 2.198433e+01  3.070637e-02 
 2.198465e+01  1.678479e-02 
 2.198498e+01  4.991084e-03 
 2.198530e+01 -6.511607e-03 
 2.198562e+01 -1.655347e-02 
 2.198595e+01 -2.699508e-02 
 2.198627e+01 -3.220972e-02 
 2.198659e+01 -3.630468e-02 
 2.198692e+01 -3.956055e-02 
 2.198724e+01 -4.119268e-02 
 2.198756e+01 -4.481821e-02 
 2.198788e+01 -5.195031e-02 
 2.198821e+01 -6.138597e-02 
 2.198853e+01 -7.273140e-02 
 2.198885e+01 -8.455212e-02 
 2.198918e+01 -9.608720e-02 
 2.198950e+01 -1.064351e-01 
 2.198982e+01 -1.155538e-01 
 2.199015e+01 -1.218425e-01 
 2.199047e+01 -1.250479e-01 
 2.199079e+01 -1.278330e-01 
 2.199111e+01 -1.263335e-01 
 2.199144e+01 -1.245756e-01 
 2.199176e+01 -1.492731e-01 
 2.199208e+01 -1.541670e-01 
 2.199241e+01 -1.580600e-01 
 2.199273e+01 -1.629017e-01 
 2.199305e+01 -1.688164e-01 
 2.199338e+01 -1.747759e-01 
 2.199370e+01 -1.791788e-01 
 2.199402e+01 -1.795093e-01 
 2.199434e+01 -1.763028e-01 
 2.199467e+01 -1.693614e-01 
 2.199499e+01 -1.614368e-01 
 2.199531e+01 -1.543735e-01 
 2.199564e+01 -1.736121e-01 
 2.199596e+01 -1.698294e-01 
 2.199628e+01 -1.689418e-01 
 2.199661e+01 -1.701367e-01 
 2.199693e+01 -1.750598e-01 
 2.199725e+01 -1.803642e-01 
 2.199757e+01 -1.819082e-01 
 2.199790e+01 -1.789846e-01 
 2.199822e+01 -1.726622e-01 
 2.199854e+01 -1.674070e-01 
 2.199887e+01 -1.584143e-01 
 2.199919e+01 -1.943619e-01 
 2.199951e+01 -1.874655e-01 
 2.199984e+01 -1.824717e-01 
 2.200016e+01 -1.801709e-01 
 2.200048e+01 -1.814156e-01 
 2.200080e+01 -1.849863e-01 
 2.200113e+01 -1.883914e-01 
 2.200145e+01 -1.894260e-01 
 2.200177e+01 -1.864011e-01 
 2.200210e+01 -1.802132e-01 
 2.200242e+01 -1.716657e-01 
 2.200274e+01 -1.633387e-01 
 2.200307e+01 -1.796520e-01 
 2.200339e+01 -1.747606e-01 
 2.200371e+01 -1.677304e-01 
 2.200403e+01 -1.627234e-01 
 2.200436e+01 -1.594026e-01 
 2.200468e+01 -1.570309e-01 
 2.200500e+01 -1.534168e-01 
 2.200533e+01 -1.477311e-01 
 2.200565e+01 -1.383621e-01 
 2.200597e+01 -1.249478e-01 
 2.200630e+01 -1.075852e-01 
 2.200662e+01 -8.868089e-02 
 2.200694e+01 -6.949365e-02 
 2.200726e+01 -5.242332e-02 
 2.200759e+01 -3.846789e-02 
 2.200791e+01 -2.592672e-02 
 2.200823e+01 -1.531968e-02 
 2.200856e+01 -6.282422e-03 
 2.200888e+01  3.010178e-03 
 2.200920e+01  1.369315e-02 
 2.200952e+01  2.618697e-02 
 2.200985e+01  4.124588e-02 
 2.201017e+01  5.883839e-02 
 2.201049e+01  7.701671e-02 
 2.201082e+01  9.422706e-02 
 2.201114e+01  1.096646e-01 
 2.201146e+01  1.222659e-01 
 2.201179e+01  1.317195e-01 
 2.201211e+01  1.383598e-01 
 2.201243e+01  1.412718e-01 
 2.201275e+01  1.355859e-01 
 2.201308e+01  1.332451e-01 
 2.201340e+01  1.340882e-01 
 2.201372e+01  1.360267e-01 
 2.201405e+01  1.397444e-01 
 2.201437e+01  1.340280e-01 
 2.201469e+01  1.372742e-01 
 2.201502e+01  1.454269e-01 
 2.201534e+01  1.534557e-01 
 2.201566e+01  1.547665e-01 
 2.201598e+01  1.587129e-01 
 2.201631e+01  1.613816e-01 
 2.201663e+01  1.628992e-01 
 2.201695e+01  1.653677e-01 
 2.201728e+01  1.695697e-01 
 2.201760e+01  1.762830e-01 
 2.201792e+01  1.861951e-01 
 2.201825e+01  1.986103e-01 
 2.201857e+01  2.131772e-01 
 2.201889e+01  2.289246e-01 
 2.201921e+01  2.431184e-01 
 2.201954e+01  2.562476e-01 
 2.201986e+01  2.682341e-01 
 2.202018e+01  2.786724e-01 
 2.202051e+01  2.875992e-01 
 2.202083e+01  2.940904e-01 
 2.202115e+01  2.991814e-01 
 2.202148e+01  3.030801e-01 
 2.202180e+01  3.057737e-01 
 2.202212e+01  2.923847e-01 
 2.202244e+01  2.902502e-01 
 2.202277e+01  2.928099e-01 
 2.202309e+01  2.947224e-01 
 2.202341e+01  2.965290e-01 
 2.202374e+01  2.976229e-01 
 2.202406e+01  2.978325e-01 
 2.202438e+01  2.965057e-01 
 2.202471e+01  2.940114e-01 
 2.202503e+01  2.909745e-01 
 2.202535e+01  2.883427e-01 
 2.202567e+01  2.864895e-01 
 2.202600e+01  2.851050e-01 
 2.202632e+01  2.841434e-01 
 2.202664e+01  2.838086e-01 
 2.202697e+01  2.822286e-01 
 2.202729e+01  2.799767e-01 
 2.202761e+01  2.822691e-01 
 2.202794e+01  2.845573e-01 
 2.202826e+01  2.866081e-01 
 2.202858e+01  2.887153e-01 
 2.202890e+01  2.912519e-01 
 2.202923e+01  2.941301e-01 
 2.202955e+01  2.973543e-01 
 2.202987e+01  3.006374e-01 
 2.203020e+01  3.040191e-01 
 2.203052e+01  3.073557e-01 
 2.203084e+01  3.108073e-01 
 2.203117e+01  3.138752e-01 
 2.203149e+01  3.165567e-01 
 2.203181e+01  3.192364e-01 
 2.203213e+01  3.212537e-01 
 2.203246e+01  3.228906e-01 
 2.203278e+01  3.237747e-01 
 2.203310e+01  3.230801e-01 
 2.203343e+01  3.212263e-01 
 2.203375e+01  3.194623e-01 
 2.203407e+01  3.179402e-01 
 2.203440e+01  3.166256e-01 
 2.203472e+01  3.155351e-01 
 2.203504e+01  3.148243e-01 
 2.203536e+01  3.135355e-01 
 2.203569e+01  3.113474e-01 
 2.203601e+01  3.080230e-01 
 2.203633e+01  3.028214e-01 
 2.203666e+01  2.963925e-01 
 2.203698e+01  2.872454e-01 
 2.203730e+01  2.759125e-01 
 2.203763e+01  2.633624e-01 
 2.203795e+01  2.502104e-01 
 2.203827e+01  2.372983e-01 
 2.203859e+01  2.248828e-01 
 2.203892e+01  2.129392e-01 
 2.203924e+01  2.010440e-01 
 2.203956e+01  1.885579e-01 
 2.203989e+01  1.751201e-01 
 2.204021e+01  1.606185e-01 
 2.204053e+01  1.444085e-01 
 2.204086e+01  1.264923e-01 
 2.204118e+01  1.063742e-01 
 2.204150e+01  8.448058e-02 
 2.204182e+01  6.199665e-02 
 2.204215e+01  3.856995e-02 
 2.204247e+01  1.708959e-02 
 2.204279e+01 -3.201042e-03 
 2.204312e+01 -2.041762e-02 
 2.204344e+01 -3.719310e-02 
 2.204376e+01 -5.428858e-02 
 2.204408e+01 -7.326883e-02 
 2.204441e+01 -9.150938e-02 
 2.204473e+01 -1.121277e-01 
 2.204505e+01 -1.348914e-01 
 2.204538e+01 -1.590372e-01 
 2.204570e+01 -1.851279e-01 
 2.204602e+01 -2.099516e-01 
 2.204635e+01 -2.333806e-01 
 2.204667e+01 -2.521322e-01 
 2.204699e+01 -2.674808e-01 
 2.204731e+01 -2.798975e-01 
 2.204764e+01 -2.906101e-01 
 2.204796e+01 -2.932463e-01 
 2.204828e+01 -3.018224e-01 
 2.204861e+01 -3.120824e-01 
 2.204893e+01 -3.238858e-01 
 2.204925e+01 -3.378278e-01 
 2.204958e+01 -3.533534e-01 
 2.204990e+01 -3.704311e-01 
 2.205022e+01 -3.875943e-01 
 2.205054e+01 -4.033177e-01 
 2.205087e+01 -4.175549e-01 
 2.205119e+01 -4.297154e-01 
 2.205151e+01 -4.401768e-01 
 2.205184e+01 -4.489152e-01 
 2.205216e+01 -4.566573e-01 
 2.205248e+01 -4.652247e-01 
 2.205281e+01 -4.755483e-01 
 2.205313e+01 -4.875681e-01 
 2.205345e+01 -5.018031e-01 
 2.205377e+01 -5.178976e-01 
 2.205410e+01 -5.348238e-01 
 2.205442e+01 -5.501926e-01 
 2.205474e+01 -5.637402e-01 
 2.205507e+01 -5.758476e-01 
 2.205539e+01 -5.844913e-01 
 2.205571e+01 -5.884877e-01 
 2.205604e+01 -5.931459e-01 
 2.205636e+01 -5.958638e-01 
 2.205668e+01 -6.012826e-01 
 2.205700e+01 -6.066993e-01 
 2.205733e+01 -6.056761e-01 
 2.205765e+01 -6.062783e-01 
 2.205797e+01 -6.125102e-01 
 2.205830e+01 -6.190598e-01 
 2.205862e+01 -6.249173e-01 
 2.205894e+01 -6.258871e-01 
 2.205927e+01 -6.238544e-01 
 2.205959e+01 -6.181442e-01 
 2.205991e+01 -6.141815e-01 
 2.206023e+01 -6.137579e-01 
 2.206056e+01 -6.135981e-01 
 2.206088e+01 -6.148429e-01 
 2.206120e+01 -6.171109e-01 
 2.206153e+01 -6.182351e-01 
 2.206185e+01 -6.266740e-01 
 2.206217e+01 -6.366859e-01 
 2.206250e+01 -6.459248e-01 
 2.206282e+01 -6.543064e-01 
 2.206314e+01 -6.619173e-01 
 2.206346e+01 -6.694225e-01 
 2.206379e+01 -6.760722e-01 
 2.206411e+01 -6.814501e-01 
 2.206443e+01 -6.873065e-01 
 2.206476e+01 -6.936939e-01 
 2.206508e+01 -7.001676e-01 
 2.206540e+01 -7.076912e-01 
 2.206573e+01 -7.155402e-01 
 2.206605e+01 -7.239379e-01 
 2.206637e+01 -7.330061e-01 
 2.206669e+01 -7.423772e-01 
 2.206702e+01 -7.506185e-01 
 2.206734e+01 -7.576148e-01 
 2.206766e+01 -7.639611e-01 
 2.206799e+01 -7.710099e-01 
 2.206831e+01 -7.785405e-01 
 2.206863e+01 -7.863662e-01 
 2.206896e+01 -7.904889e-01 
 2.206928e+01 -7.887165e-01 
 2.206960e+01 -7.994113e-01 
 2.206992e+01 -8.102310e-01 
 2.207025e+01 -8.212325e-01 
 2.207057e+01 -8.316171e-01 
 2.207089e+01 -8.414880e-01 
 2.207122e+01 -8.511508e-01 
 2.207154e+01 -8.601885e-01 
 2.207186e+01 -8.690336e-01 
 2.207219e+01 -8.776468e-01 
 2.207251e+01 -8.854630e-01 
 2.207283e+01 -8.926759e-01 
 2.207315e+01 -8.999085e-01 
 2.207348e+01 -9.076003e-01 
 2.207380e+01 -9.155363e-01 
 2.207412e+01 -9.236788e-01 
 2.207445e+01 -9.313154e-01 
 2.207477e+01 -9.377492e-01 
 2.207509e+01 -9.426592e-01 
 2.207542e+01 -9.464864e-01 
 2.207574e+01 -9.493003e-01 
 2.207606e+01 -9.508238e-01 
 2.207638e+01 -9.524419e-01 
 2.207671e+01 -9.556717e-01 
 2.207703e+01 -9.592411e-01 
 2.207735e+01 -9.624243e-01 
 2.207768e+01 -9.649103e-01 
 2.207800e+01 -9.646212e-01 
 2.207832e+01 -9.633462e-01 
 2.207864e+01 -9.614880e-01 
 2.207897e+01 -9.591892e-01 
 2.207929e+01 -9.560250e-01 
 2.207961e+01 -9.479934e-01 
 2.207994e+01 -9.329578e-01 
 2.208026e+01 -9.292395e-01 
 2.208058e+01 -9.245118e-01 
 2.208091e+01 -9.192680e-01 
 2.208123e+01 -9.127037e-01 
 2.208155e+01 -9.076622e-01 
 2.208187e+01 -9.043365e-01 
 2.208220e+01 -9.028859e-01 
 2.208252e+01 -9.027024e-01 
 2.208284e+01 -9.019485e-01 
 2.208317e+01 -8.983745e-01 
 2.208349e+01 -8.953035e-01 
 2.208381e+01 -8.911652e-01 
 2.208414e+01 -8.863698e-01 
 2.208446e+01 -8.812379e-01 
 2.208478e+01 -8.762787e-01 
 2.208510e+01 -8.713408e-01 
 2.208543e+01 -8.665803e-01 
 2.208575e+01 -8.628850e-01 
 2.208607e+01 -8.609507e-01 
 2.208640e+01 -8.608183e-01 
 2.208672e+01 -8.633063e-01 
 2.208704e+01 -8.660615e-01 
 2.208737e+01 -8.688192e-01 
 2.208769e+01 -8.707969e-01 
 2.208801e+01 -8.720647e-01 
 2.208833e+01 -8.722768e-01 
 2.208866e+01 -8.725155e-01 
 2.208898e+01 -8.721307e-01 
 2.208930e+01 -8.714737e-01 
 2.208963e+01 -8.715500e-01 
 2.208995e+01 -8.733550e-01 
 2.209027e+01 -8.699056e-01 
 2.209060e+01 -8.737457e-01 
 2.209092e+01 -8.783104e-01 
 2.209124e+01 -8.828469e-01 
 2.209156e+01 -8.879821e-01 
 2.209189e+01 -8.929278e-01 
 2.209221e+01 -8.984519e-01 
 2.209253e+01 -9.017424e-01 
 2.209286e+01 -9.031168e-01 
 2.209318e+01 -9.093155e-01 
 2.209350e+01 -9.172103e-01 
 2.209383e+01 -9.209119e-01 
 2.209415e+01 -9.213489e-01 
 2.209447e+01 -9.315542e-01 
 2.209479e+01 -9.432357e-01 
 2.209512e+01 -9.482317e-01 
 2.209544e+01 -9.500976e-01 
 2.209576e+01 -9.577200e-01 
 2.209609e+01 -9.601814e-01 
 2.209641e+01 -9.672580e-01 
 2.209673e+01 -9.712951e-01 
 2.209706e+01 -9.529454e-01 
 2.209738e+01 -9.578131e-01 
 2.209770e+01 -9.596697e-01 
 2.209802e+01 -9.665136e-01 
 2.209835e+01 -9.687168e-01 
 2.209867e+01 -9.749822e-01 
 2.209899e+01 -9.814009e-01 
 2.209932e+01 -9.880235e-01 
 2.209964e+01 -9.968463e-01 
 2.209996e+01 -1.005072e+00 
 2.210029e+01 -1.013399e+00 
 2.210061e+01 -1.019124e+00 
 2.210093e+01 -1.023995e+00 
 2.210125e+01 -1.026060e+00 
 2.210158e+01 -1.031061e+00 
 2.210190e+01 -1.034954e+00 
 2.210222e+01 -1.038959e+00 
 2.210255e+01 -1.040650e+00 
 2.210287e+01 -1.017633e+00 
 2.210319e+01 -9.722079e-01 
 2.210352e+01 -9.692070e-01 
 2.210384e+01 -9.631003e-01 
 2.210416e+01 -9.553066e-01 
 2.210448e+01 -9.479007e-01 
 2.210481e+01 -9.374037e-01 
 2.210513e+01 -9.300260e-01 
 2.210545e+01 -9.253831e-01 
 2.210578e+01 -9.201563e-01 
 2.210610e+01 -9.177566e-01 
 2.210642e+01 -8.928774e-01 
 2.210675e+01 -8.836779e-01 
 2.210707e+01 -8.446976e-01 
 2.210739e+01 -8.413176e-01 
 2.210771e+01 -8.080692e-01 
 2.210804e+01 -7.980171e-01 
 2.210836e+01 -7.852588e-01 
 2.210868e+01 -7.717905e-01 
 2.210901e+01 -7.629817e-01 
 2.210933e+01 -7.343606e-01 
 2.210965e+01 -7.316166e-01 
 2.210998e+01 -7.329256e-01 
 2.211030e+01 -7.367607e-01 
 2.211062e+01 -7.418200e-01 
 2.211094e+01 -7.472609e-01 
 2.211127e+01 -7.533145e-01 
 2.211159e+01 -7.629187e-01 
 2.211191e+01 -7.744263e-01 
 2.211224e+01 -7.856761e-01 
 2.211256e+01 -7.946075e-01 
 2.211288e+01 -7.977226e-01 
 2.211320e+01 -8.012418e-01 
 2.211353e+01 -8.048507e-01 
 2.211385e+01 -8.105354e-01 
 2.211417e+01 -8.151387e-01 
 2.211450e+01 -8.176139e-01 
 2.211482e+01 -8.209322e-01 
 2.211514e+01 -8.280777e-01 
 2.211547e+01 -8.340471e-01 
 2.211579e+01 -8.378813e-01 
 2.211611e+01 -8.426563e-01 
 2.211643e+01 -8.495594e-01 
 2.211676e+01 -8.543429e-01 
 2.211708e+01 -8.642631e-01 
 2.211740e+01 -8.779510e-01 
 2.211773e+01 -8.905822e-01 
 2.211805e+01 -9.006393e-01 
 2.211837e+01 -9.136755e-01 
 2.211870e+01 -9.239200e-01 
 2.211902e+01 -9.323638e-01 
 2.211934e+01 -9.441839e-01 
 2.211966e+01 -9.539197e-01 
 2.211999e+01 -9.616309e-01 
 2.212031e+01 -9.719675e-01 
 2.212063e+01 -9.825697e-01 
 2.212096e+01 -9.947209e-01 
 2.212128e+01 -1.005841e+00 
 2.212160e+01 -1.015731e+00 
 2.212193e+01 -1.026820e+00 
 2.212225e+01 -1.036685e+00 
 2.212257e+01 -1.046847e+00 
 2.212289e+01 -1.058607e+00 
 2.212322e+01 -1.068313e+00 
 2.212354e+01 -1.077666e+00 
 2.212386e+01 -1.087323e+00 
 2.212419e+01 -1.053291e+00 
 2.212451e+01 -1.063407e+00 
 2.212483e+01 -1.074592e+00 
 2.212516e+01 -1.085867e+00 
 2.212548e+01 -1.096659e+00 
 2.212580e+01 -1.106200e+00 
 2.212612e+01 -1.117180e+00 
 2.212645e+01 -1.124458e+00 
 2.212677e+01 -1.128217e+00 
 2.212709e+01 -1.130053e+00 
 2.212742e+01 -1.134025e+00 
 2.212774e+01 -1.136996e+00 
 2.212806e+01 -1.135558e+00 
 2.212839e+01 -1.130980e+00 
 2.212871e+01 -1.125966e+00 
 2.212903e+01 -1.115034e+00 
 2.212935e+01 -1.113500e+00 
 2.212968e+01 -1.111334e+00 
 2.213000e+01 -1.111198e+00 
 2.213032e+01 -1.112158e+00 
 2.213065e+01 -1.112067e+00 
 2.213097e+01 -1.113651e+00 
 2.213129e+01 -1.113899e+00 
 2.213162e+01 -1.112889e+00 
 2.213194e+01 -1.110764e+00 
 2.213226e+01 -1.106601e+00 
 2.213258e+01 -1.090922e+00 
 2.213291e+01 -1.088110e+00 
 2.213323e+01 -1.085214e+00 
 2.213355e+01 -1.083199e+00 
 2.213388e+01 -1.081169e+00 
 2.213420e+01 -1.085557e+00 
 2.213452e+01 -1.091423e+00 
 2.213485e+01 -1.098315e+00 
 2.213517e+01 -1.106809e+00 
 2.213549e+01 -1.116114e+00 
 2.213581e+01 -1.125559e+00 
 2.213614e+01 -1.132283e+00 
 2.213646e+01 -1.135270e+00 
 2.213678e+01 -1.134004e+00 
 2.213711e+01 -1.129832e+00 
 2.213743e+01 -1.121810e+00 
 2.213775e+01 -1.117877e+00 
 2.213808e+01 -1.116988e+00 
 2.213840e+01 -1.115918e+00 
 2.213872e+01 -1.113873e+00 
 2.213904e+01 -1.115417e+00 
 2.213937e+01 -1.118348e+00 
 2.213969e+01 -1.115513e+00 
 2.214001e+01 -1.119800e+00 
 2.214034e+01 -1.120912e+00 
 2.214066e+01 -1.118555e+00 
 2.214098e+01 -1.115362e+00 
 2.214131e+01 -1.113742e+00 
 2.214163e+01 -1.110487e+00 
 2.214195e+01 -1.106933e+00 
 2.214227e+01 -1.110550e+00 
 2.214260e+01 -1.116957e+00 
 2.214292e+01 -1.122899e+00 
 2.214324e+01 -1.135274e+00 
 2.214357e+01 -1.148885e+00 
 2.214389e+01 -1.163592e+00 
 2.214421e+01 -1.177741e+00 
 2.214454e+01 -1.188188e+00 
 2.214486e+01 -1.196596e+00 
 2.214518e+01 -1.203082e+00 
 2.214550e+01 -1.208399e+00 
 2.214583e+01 -1.213968e+00 
 2.214615e+01 -1.218681e+00 
 2.214647e+01 -1.225200e+00 
 2.214680e+01 -1.232564e+00 
 2.214712e+01 -1.239368e+00 
 2.214744e+01 -1.241180e+00 
 2.214776e+01 -1.186818e+00 
 2.214809e+01 -1.190627e+00 
 2.214841e+01 -1.192056e+00 
 2.214873e+01 -1.197262e+00 
 2.214906e+01 -1.196033e+00 
 2.214938e+01 -1.191613e+00 
 2.214970e+01 -1.181332e+00 
 2.215003e+01 -1.176539e+00 
 2.215035e+01 -1.172142e+00 
 2.215067e+01 -1.167287e+00 
 2.215099e+01 -1.164063e+00 
 2.215132e+01 -1.158547e+00 
 2.215164e+01 -1.154230e+00 
 2.215196e+01 -1.149897e+00 
 2.215229e+01 -1.143589e+00 
 2.215261e+01 -1.136518e+00 
 2.215293e+01 -1.128251e+00 
 2.215326e+01 -1.120822e+00 
 2.215358e+01 -1.113137e+00 
 2.215390e+01 -1.105891e+00 
 2.215422e+01 -1.099603e+00 
 2.215455e+01 -1.094029e+00 
 2.215487e+01 -1.091017e+00 
 2.215519e+01 -1.088921e+00 
 2.215552e+01 -1.087010e+00 
 2.215584e+01 -1.084649e+00 
 2.215616e+01 -1.080265e+00 
 2.215649e+01 -1.073583e+00 
 2.215681e+01 -1.064579e+00 
 2.215713e+01 -1.056803e+00 
 2.215745e+01 -1.050080e+00 
 2.215778e+01 -1.045530e+00 
 2.215810e+01 -1.043183e+00 
 2.215842e+01 -1.041425e+00 
 2.215875e+01 -1.043700e+00 
 2.215907e+01 -1.045230e+00 
 2.215939e+01 -1.044886e+00 
 2.215972e+01 -1.044619e+00 
 2.216004e+01 -1.045078e+00 
 2.216036e+01 -1.044428e+00 
 2.216068e+01 -1.043441e+00 
 2.216101e+01 -1.041226e+00 
 2.216133e+01 -1.039410e+00 
 2.216165e+01 -1.037097e+00 
 2.216198e+01 -1.035295e+00 
 2.216230e+01 -1.033222e+00 
 2.216262e+01 -1.031098e+00 
 2.216295e+01 -1.030800e+00 
 2.216327e+01 -1.031885e+00 
 2.216359e+01 -1.032510e+00 
 2.216391e+01 -1.034338e+00 
 2.216424e+01 -1.035336e+00 
 2.216456e+01 -1.036773e+00 
 2.216488e+01 -1.039790e+00 
 2.216521e+01 -1.035814e+00 
 2.216553e+01 -1.040508e+00 
 2.216585e+01 -1.043953e+00 
 2.216618e+01 -1.050222e+00 
 2.216650e+01 -1.056284e+00 
 2.216682e+01 -1.062380e+00 
 2.216714e+01 -1.070957e+00 
 2.216747e+01 -1.081900e+00 
 2.216779e+01 -1.094529e+00 
 2.216811e+01 -1.105042e+00 
 2.216844e+01 -1.113948e+00 
 2.216876e+01 -1.122565e+00 
 2.216908e+01 -1.128888e+00 
 2.216941e+01 -1.133899e+00 
 2.216973e+01 -1.137383e+00 
 2.217005e+01 -1.139359e+00 
 2.217037e+01 -1.140736e+00 
 2.217070e+01 -1.142912e+00 
 2.217102e+01 -1.144753e+00 
 2.217134e+01 -1.148663e+00 
 2.217167e+01 -1.085347e+00 
 2.217199e+01 -1.082436e+00 
 2.217231e+01 -1.078939e+00 
 2.217264e+01 -1.075676e+00 
 2.217296e+01 -1.070981e+00 
 2.217328e+01 -1.066634e+00 
 2.217360e+01 -1.064992e+00 
 2.217393e+01 -1.064568e+00 
 2.217425e+01 -1.065203e+00 
 2.217457e+01 -1.066883e+00 
 2.217490e+01 -1.060550e+00 
 2.217522e+01 -1.057007e+00 
 2.217554e+01 -1.055805e+00 
 2.217587e+01 -1.054996e+00 
 2.217619e+01 -1.053223e+00 
 2.217651e+01 -1.036317e+00 
 2.217683e+01 -1.026021e+00 
 2.217716e+01 -1.019110e+00 
 2.217748e+01 -1.014169e+00 
 2.217780e+01 -1.012308e+00 
 2.217813e+01 -1.013217e+00 
 2.217845e+01 -1.017698e+00 
 2.217877e+01 -1.027144e+00 
 2.217910e+01 -1.035212e+00 
 2.217942e+01 -1.038510e+00 
 2.217974e+01 -1.039264e+00 
 2.218006e+01 -1.039337e+00 
 2.218039e+01 -1.038405e+00 
 2.218071e+01 -1.036023e+00 
 2.218103e+01 -1.031059e+00 
 2.218136e+01 -1.023955e+00 
 2.218168e+01 -1.015031e+00 
 2.218200e+01 -1.004678e+00 
 2.218233e+01 -9.944959e-01 
 2.218265e+01 -9.861937e-01 
 2.218297e+01 -9.794010e-01 
 2.218329e+01 -9.747700e-01 
 2.218362e+01 -9.718612e-01 
 2.218394e+01 -9.701383e-01 
 2.218426e+01 -9.386334e-01 
 2.218459e+01 -9.341393e-01 
 2.218491e+01 -9.272150e-01 
 2.218523e+01 -9.155185e-01 
 2.218556e+01 -9.018683e-01 
 2.218588e+01 -8.889197e-01 
 2.218620e+01 -8.782028e-01 
 2.218652e+01 -8.721543e-01 
 2.218685e+01 -8.679818e-01 
 2.218717e+01 -8.658928e-01 
 2.218749e+01 -8.648781e-01 
 2.218782e+01 -8.635609e-01 
 2.218814e+01 -8.632656e-01 
 2.218846e+01 -8.617411e-01 
 2.218878e+01 -8.593180e-01 
 2.218911e+01 -8.542284e-01 
 2.218943e+01 -8.465558e-01 
 2.218975e+01 -8.366386e-01 
 2.219008e+01 -8.271896e-01 
 2.219040e+01 -8.194579e-01 
 2.219072e+01 -8.138918e-01 
 2.219105e+01 -8.111502e-01 
 2.219137e+01 -8.109733e-01 
 2.219169e+01 -8.134103e-01 
 2.219201e+01 -8.152771e-01 
 2.219234e+01 -8.148157e-01 
 2.219266e+01 -8.124620e-01 
 2.219298e+01 -7.942709e-01 
 2.219331e+01 -7.835922e-01 
 2.219363e+01 -7.776983e-01 
 2.219395e+01 -7.670092e-01 
 2.219428e+01 -7.606760e-01 
 2.219460e+01 -7.539915e-01 
 2.219492e+01 -7.476397e-01 
 2.219524e+01 -7.446865e-01 
 2.219557e+01 -7.446728e-01 
 2.219589e+01 -7.455118e-01 
 2.219621e+01 -7.473559e-01 
 2.219654e+01 -7.499343e-01 
 2.219686e+01 -7.513888e-01 
 2.219718e+01 -7.481892e-01 
 2.219751e+01 -7.422597e-01 
 2.219783e+01 -7.339618e-01 
 2.219815e+01 -7.300329e-01 
 2.219847e+01 -7.278974e-01 
 2.219880e+01 -7.256164e-01 
 2.219912e+01 -7.111194e-01 
 2.219944e+01 -6.962387e-01 
 2.219977e+01 -6.990273e-01 
 2.220009e+01 -7.011488e-01 
 2.220041e+01 -7.054347e-01 
 2.220074e+01 -7.095153e-01 
 2.220106e+01 -7.113256e-01 
 2.220138e+01 -7.126555e-01 
 2.220170e+01 -7.160806e-01 
 2.220203e+01 -7.200577e-01 
 2.220235e+01 -7.234050e-01 
 2.220267e+01 -7.279282e-01 
 2.220300e+01 -7.291505e-01 
 2.220332e+01 -7.330422e-01 
 2.220364e+01 -7.403466e-01 
 2.220397e+01 -7.029473e-01 
 2.220429e+01 -7.047097e-01 
 2.220461e+01 -7.084881e-01 
 2.220493e+01 -7.087884e-01 
 2.220526e+01 -7.063644e-01 
 2.220558e+01 -6.881316e-01 
 2.220590e+01 -6.836103e-01 
 2.220623e+01 -6.791044e-01 
 2.220655e+01 -6.785901e-01 
 2.220687e+01 -6.794348e-01 
 2.220720e+01 -6.829907e-01 
 2.220752e+01 -6.826805e-01 
 2.220784e+01 -6.804998e-01 
 2.220816e+01 -6.775724e-01 
 2.220849e+01 -6.765333e-01 
 2.220881e+01 -6.764341e-01 
 2.220913e+01 -6.749027e-01 
 2.220946e+01 -6.740006e-01 
 2.220978e+01 -6.713244e-01 
 2.221010e+01 -6.727597e-01 
 2.221043e+01 -6.736653e-01 
 2.221075e+01 -6.764647e-01 
 2.221107e+01 -6.772468e-01 
 2.221139e+01 -6.790305e-01 
 2.221172e+01 -6.838186e-01 
 2.221204e+01 -6.901529e-01 
 2.221236e+01 -6.967848e-01 
 2.221269e+01 -7.007484e-01 
 2.221301e+01 -7.046099e-01 
 2.221333e+01 -7.098361e-01 
 2.221366e+01 -7.148654e-01 
 2.221398e+01 -7.038785e-01 
 2.221430e+01 -7.093976e-01 
 2.221462e+01 -7.137131e-01 
 2.221495e+01 -7.180861e-01 
 2.221527e+01 -7.212317e-01 
 2.221559e+01 -7.270920e-01 
 2.221592e+01 -7.315769e-01 
 2.221624e+01 -7.386731e-01 
 2.221656e+01 -7.446653e-01 
 2.221689e+01 -7.535569e-01 
 2.221721e+01 -7.606708e-01 
 2.221753e+01 -7.665287e-01 
 2.221785e+01 -7.717685e-01 
 2.221818e+01 -7.907486e-01 
 2.221850e+01 -8.044600e-01 
 2.221882e+01 -8.075195e-01 
 2.221915e+01 -8.084710e-01 
 2.221947e+01 -8.106956e-01 
 2.221979e+01 -8.232682e-01 
 2.222011e+01 -8.256511e-01 
 2.222044e+01 -8.268594e-01 
 2.222076e+01 -8.270329e-01 
 2.222108e+01 -8.261950e-01 
 2.222141e+01 -8.268790e-01 
 2.222173e+01 -8.248930e-01 
 2.222205e+01 -8.247306e-01 
 2.222238e+01 -8.244757e-01 
 2.222270e+01 -8.232469e-01 
 2.222302e+01 -8.143499e-01 
 2.222334e+01 -8.132602e-01 
 2.222367e+01 -8.124558e-01 
 2.222399e+01 -8.106205e-01 
 2.222431e+01 -8.113421e-01 
 2.222464e+01 -8.137575e-01 
 2.222496e+01 -8.142533e-01 
 2.222528e+01 -8.126726e-01 
 2.222561e+01 -8.118009e-01 
 2.222593e+01 -8.106522e-01 
 2.222625e+01 -8.110913e-01 
 2.222657e+01 -8.109322e-01 
 2.222690e+01 -8.127765e-01 
 2.222722e+01 -8.223417e-01 
 2.222754e+01 -8.313277e-01 
 2.222787e+01 -8.399669e-01 
 2.222819e+01 -8.490262e-01 
 2.222851e+01 -8.572501e-01 
 2.222884e+01 -8.643456e-01 
 2.222916e+01 -8.719241e-01 
 2.222948e+01 -8.817371e-01 
 2.222980e+01 -8.892036e-01 
 2.223013e+01 -8.935859e-01 
 2.223045e+01 -8.979230e-01 
 2.223077e+01 -9.024823e-01 
 2.223110e+01 -9.084110e-01 
 2.223142e+01 -9.155385e-01 
 2.223174e+01 -9.234444e-01 
 2.223207e+01 -9.353468e-01 
 2.223239e+01 -9.534080e-01 
 2.223271e+01 -9.703383e-01 
 2.223303e+01 -9.780145e-01 
 2.223336e+01 -9.811607e-01 
 2.223368e+01 -9.788532e-01 
 2.223400e+01 -9.718227e-01 
 2.223433e+01 -9.628905e-01 
 2.223465e+01 -9.552140e-01 
 2.223497e+01 -9.484831e-01 
 2.223530e+01 -9.431568e-01 
 2.223562e+01 -9.370296e-01 
 2.223594e+01 -9.284974e-01 
 2.223626e+01 -9.300744e-01 
 2.223659e+01 -9.277737e-01 
 2.223691e+01 -9.289527e-01 
 2.223723e+01 -9.280644e-01 
 2.223756e+01 -9.227902e-01 
 2.223788e+01 -9.169762e-01 
 2.223820e+01 -9.087171e-01 
 2.223853e+01 -9.004089e-01 
 2.223885e+01 -8.929330e-01 
 2.223917e+01 -8.890038e-01 
 2.223949e+01 -8.894598e-01 
 2.223982e+01 -9.015218e-01 
 2.224014e+01 -9.154376e-01 
 2.224046e+01 -9.299897e-01 
 2.224079e+01 -9.465241e-01 
 2.224111e+01 -9.617448e-01 
 2.224143e+01 -9.767070e-01 
 2.224176e+01 -9.904773e-01 
 2.224208e+01 -9.990857e-01 
 2.224240e+01 -1.008619e+00 
 2.224272e+01 -1.013650e+00 
 2.224305e+01 -1.016427e+00 
 2.224337e+01 -1.021916e+00 
 2.224369e+01 -1.026780e+00 
 2.224402e+01 -1.032474e+00 
 2.224434e+01 -1.040620e+00 
 2.224466e+01 -1.050317e+00 
 2.224499e+01 -1.061912e+00 
 2.224531e+01 -1.072158e+00 
 2.224563e+01 -1.079246e+00 
 2.224595e+01 -1.082929e+00 
 2.224628e+01 -1.085092e+00 
 2.224660e+01 -1.085859e+00 
 2.224692e+01 -1.085131e+00 
 2.224725e+01 -1.083914e+00 
 2.224757e+01 -1.077417e+00 
 2.224789e+01 -1.076881e+00 
 2.224822e+01 -1.079322e+00 
 2.224854e+01 -1.082446e+00 
 2.224886e+01 -1.089295e+00 
 2.224918e+01 -1.098578e+00 
 2.224951e+01 -1.108637e+00 
 2.224983e+01 -1.118958e+00 
 2.225015e+01 -1.129157e+00 
 2.225048e+01 -1.137040e+00 
 2.225080e+01 -1.143990e+00 
 2.225112e+01 -1.114510e+00 
 2.225144e+01 -1.116465e+00 
 2.225177e+01 -1.121569e+00 
 2.225209e+01 -1.121392e+00 
 2.225241e+01 -1.128691e+00 
 2.225274e+01 -1.136107e+00 
 2.225306e+01 -1.146144e+00 
 2.225338e+01 -1.150505e+00 
 2.225371e+01 -1.156942e+00 
 2.225403e+01 -1.165850e+00 
 2.225435e+01 -1.174708e+00 
 2.225467e+01 -1.182877e+00 
 2.225500e+01 -1.191561e+00 
 2.225532e+01 -1.199927e+00 
 2.225564e+01 -1.206884e+00 
 2.225597e+01 -1.211793e+00 
 2.225629e+01 -1.215400e+00 
 2.225661e+01 -1.221420e+00 
 2.225694e+01 -1.227989e+00 
 2.225726e+01 -1.234235e+00 
 2.225758e+01 -1.238041e+00 
 2.225790e+01 -1.244622e+00 
 2.225823e+01 -1.250623e+00 
 2.225855e+01 -1.258682e+00 
 2.225887e+01 -1.263973e+00 
 2.225920e+01 -1.267401e+00 
 2.225952e+01 -1.269164e+00 
 2.225984e+01 -1.268804e+00 
 2.226017e+01 -1.269420e+00 
 2.226049e+01 -1.269832e+00 
 2.226081e+01 -1.272375e+00 
 2.226113e+01 -1.277179e+00 
 2.226146e+01 -1.282730e+00 
 2.226178e+01 -1.290087e+00 
 2.226210e+01 -1.295945e+00 
 2.226243e+01 -1.301120e+00 
 2.226275e+01 -1.305233e+00 
 2.226307e+01 -1.307293e+00 
 2.226340e+01 -1.308296e+00 
 2.226372e+01 -1.308356e+00 
 2.226404e+01 -1.309569e+00 
 2.226436e+01 -1.311925e+00 
 2.226469e+01 -1.314915e+00 
 2.226501e+01 -1.322339e+00 
 2.226533e+01 -1.329879e+00 
 2.226566e+01 -1.339853e+00 
 2.226598e+01 -1.349111e+00 
 2.226630e+01 -1.355362e+00 
 2.226663e+01 -1.359233e+00 
 2.226695e+01 -1.362937e+00 
 2.226727e+01 -1.366533e+00 
 2.226759e+01 -1.368953e+00 
 2.226792e+01 -1.368428e+00 
 2.226824e+01 -1.371401e+00 
 2.226856e+01 -1.332290e+00 
 2.226889e+01 -1.333296e+00 
 2.226921e+01 -1.336189e+00 
 2.226953e+01 -1.337316e+00 
 2.226986e+01 -1.342110e+00 
 2.227018e+01 -1.350305e+00 
 2.227050e+01 -1.354375e+00 
 2.227082e+01 -1.360660e+00 
 2.227115e+01 -1.363083e+00 
 2.227147e+01 -1.365626e+00 
 2.227179e+01 -1.320833e+00 
 2.227212e+01 -1.315345e+00 
 2.227244e+01 -1.309816e+00 
 2.227276e+01 -1.302662e+00 
 2.227309e+01 -1.296888e+00 
 2.227341e+01 -1.290398e+00 
 2.227373e+01 -1.285931e+00 
 2.227405e+01 -1.283753e+00 
 2.227438e+01 -1.284735e+00 
 2.227470e+01 -1.286936e+00 
 2.227502e+01 -1.289499e+00 
 2.227535e+01 -1.289495e+00 
 2.227567e+01 -1.287951e+00 
 2.227599e+01 -1.283323e+00 
 2.227632e+01 -1.274788e+00 
 2.227664e+01 -1.264822e+00 
 2.227696e+01 -1.253848e+00 
 2.227728e+01 -1.244801e+00 
 2.227761e+01 -1.237023e+00 
 2.227793e+01 -1.227577e+00 
 2.227825e+01 -1.222568e+00 
 2.227858e+01 -1.219755e+00 
 2.227890e+01 -1.217650e+00 
 2.227922e+01 -1.216887e+00 
 2.227955e+01 -1.214362e+00 
 2.227987e+01 -1.210370e+00 
 2.228019e+01 -1.203143e+00 
 2.228051e+01 -1.195821e+00 
 2.228084e+01 -1.186984e+00 
 2.228116e+01 -1.179972e+00 
 2.228148e+01 -1.172349e+00 
 2.228181e+01 -1.165143e+00 
 2.228213e+01 -1.158976e+00 
 2.228245e+01 -1.154720e+00 
 2.228278e+01 -1.152253e+00 
 2.228310e+01 -1.153377e+00 
 2.228342e+01 -1.155732e+00 
 2.228374e+01 -1.155051e+00 
 2.228407e+01 -1.154361e+00 
 2.228439e+01 -1.151664e+00 
 2.228471e+01 -1.147191e+00 
 2.228504e+01 -1.140118e+00 
 2.228536e+01 -1.131584e+00 
 2.228568e+01 -1.121791e+00 
 2.228601e+01 -1.113856e+00 
 2.228633e+01 -1.109177e+00 
 2.228665e+01 -1.107510e+00 
 2.228697e+01 -1.102046e+00 
 2.228730e+01 -1.097480e+00 
 2.228762e+01 -1.094492e+00 
 2.228794e+01 -1.091767e+00 
 2.228827e+01 -1.088641e+00 
 2.228859e+01 -1.086045e+00 
 2.228891e+01 -1.081578e+00 
 2.228924e+01 -1.072463e+00 
 2.228956e+01 -1.062762e+00 
 2.228988e+01 -1.052832e+00 
 2.229020e+01 -1.043055e+00 
 2.229053e+01 -1.034472e+00 
 2.229085e+01 -1.028352e+00 
 2.229117e+01 -1.022200e+00 
 2.229150e+01 -1.016519e+00 
 2.229182e+01 -1.008386e+00 
 2.229214e+01 -1.002169e+00 
 2.229246e+01 -9.969106e-01 
 2.229279e+01 -9.925675e-01 
 2.229311e+01 -9.871688e-01 
 2.229343e+01 -9.704415e-01 
 2.229376e+01 -9.558784e-01 
 2.229408e+01 -9.507220e-01 
 2.229440e+01 -9.465710e-01 
 2.229473e+01 -9.440886e-01 
 2.229505e+01 -9.417578e-01 
 2.229537e+01 -9.393498e-01 
 2.229569e+01 -9.376769e-01 
 2.229602e+01 -9.369467e-01 
 2.229634e+01 -9.363729e-01 
 2.229666e+01 -9.347653e-01 
 2.229699e+01 -9.330686e-01 
 2.229731e+01 -9.322973e-01 
 2.229763e+01 -9.308471e-01 
 2.229796e+01 -9.297446e-01 
 2.229828e+01 -9.286077e-01 
 2.229860e+01 -9.267753e-01 
 2.229892e+01 -9.248385e-01 
 2.229925e+01 -9.241856e-01 
 2.229957e+01 -9.236641e-01 
 2.229989e+01 -9.215629e-01 
 2.230022e+01 -9.187317e-01 
 2.230054e+01 -9.170739e-01 
 2.230086e+01 -9.146690e-01 
 2.230119e+01 -9.128142e-01 
 2.230151e+01 -9.073582e-01 
 2.230183e+01 -9.047636e-01 
 2.230215e+01 -9.041862e-01 
 2.230248e+01 -8.949346e-01 
 2.230280e+01 -8.944408e-01 
 2.230312e+01 -8.901501e-01 
 2.230345e+01 -8.913108e-01 
 2.230377e+01 -8.933013e-01 
 2.230409e+01 -8.924302e-01 
 2.230442e+01 -8.904390e-01 
 2.230474e+01 -8.878043e-01 
 2.230506e+01 -8.846549e-01 
 2.230538e+01 -8.839824e-01 
 2.230571e+01 -8.801849e-01 
 2.230603e+01 -8.791996e-01 
 2.230635e+01 -8.810160e-01 
 2.230668e+01 -8.832181e-01 
 2.230700e+01 -8.817472e-01 
 2.230732e+01 -8.841810e-01 
 2.230765e+01 -8.866460e-01 
 2.230797e+01 -8.895090e-01 
 2.230829e+01 -8.901904e-01 
 2.230861e+01 -8.918818e-01 
 2.230894e+01 -8.925131e-01 
 2.230926e+01 -8.943999e-01 
 2.230958e+01 -8.992994e-01 
 2.230991e+01 -9.016721e-01 
 2.231023e+01 -9.049753e-01 
 2.231055e+01 -9.076957e-01 
 2.231088e+01 -9.123666e-01 
 2.231120e+01 -9.167592e-01 
 2.231152e+01 -9.157491e-01 
 2.231184e+01 -9.165451e-01 
 2.231217e+01 -9.159469e-01 
 2.231249e+01 -9.160684e-01 
 2.231281e+01 -9.095356e-01 
 2.231314e+01 -9.092345e-01 
 2.231346e+01 -9.135693e-01 
 2.231378e+01 -9.196121e-01 
 2.231411e+01 -9.233643e-01 
 2.231443e+01 -9.262961e-01 
 2.231475e+01 -9.241832e-01 
 2.231507e+01 -9.258775e-01 
 2.231540e+01 -9.267629e-01 
 2.231572e+01 -9.278890e-01 
 2.231604e+01 -9.286092e-01 
 2.231637e+01 -9.282984e-01 
 2.231669e+01 -9.284357e-01 
 2.231701e+01 -8.729774e-01 
 2.231734e+01 -8.668707e-01 
 2.231766e+01 -8.599793e-01 
 2.231798e+01 -8.536080e-01 
 2.231830e+01 -8.355265e-01 
 2.231863e+01 -8.205850e-01 
 2.231895e+01 -8.068159e-01 
 2.231927e+01 -8.031602e-01 
 2.231960e+01 -8.012494e-01 
 2.231992e+01 -7.978210e-01 
 2.232024e+01 -7.847620e-01 
 2.232057e+01 -7.817125e-01 
 2.232089e+01 -7.792005e-01 
 2.232121e+01 -7.769438e-01 
 2.232153e+01 -7.733336e-01 
 2.232186e+01 -7.689860e-01 
 2.232218e+01 -7.651308e-01 
 2.232250e+01 -7.620541e-01 
 2.232283e+01 -7.605970e-01 
 2.232315e+01 -7.648398e-01 
 2.232347e+01 -7.687371e-01 
 2.232379e+01 -7.730016e-01 
 2.232412e+01 -7.801518e-01 
 2.232444e+01 -7.916035e-01 
 2.232476e+01 -7.988010e-01 
 2.232509e+01 -8.046223e-01 
 2.232541e+01 -8.093372e-01 
 2.232573e+01 -8.133209e-01 
 2.232606e+01 -7.650105e-01 
 2.232638e+01 -7.644602e-01 
 2.232670e+01 -7.668933e-01 
 2.232702e+01 -7.650553e-01 
 2.232735e+01 -7.638233e-01 
 2.232767e+01 -7.548455e-01 
 2.232799e+01 -7.520641e-01 
 2.232832e+01 -7.534397e-01 
 2.232864e+01 -7.554753e-01 
 2.232896e+01 -7.585862e-01 
 2.232929e+01 -7.643315e-01 
 2.232961e+01 -7.638843e-01 
 2.232993e+01 -7.643564e-01 
 2.233025e+01 -7.624188e-01 
 2.233058e+01 -7.595723e-01 
 2.233090e+01 -7.630973e-01 
 2.233122e+01 -7.575762e-01 
 2.233155e+01 -7.555320e-01 
 2.233187e+01 -7.540638e-01 
 2.233219e+01 -7.525034e-01 
 2.233252e+01 -7.497821e-01 
 2.233284e+01 -7.524451e-01 
 2.233316e+01 -7.540394e-01 
 2.233348e+01 -7.610016e-01 
 2.233381e+01 -7.642831e-01 
 2.233413e+01 -7.652419e-01 
 2.233445e+01 -7.655558e-01 
 2.233478e+01 -7.662466e-01 
 2.233510e+01 -7.678650e-01 
 2.233542e+01 -7.691929e-01 
 2.233575e+01 -7.733639e-01 
 2.233607e+01 -7.805387e-01 
 2.233639e+01 -7.885991e-01 
 2.233671e+01 -7.993909e-01 
 2.233704e+01 -8.077239e-01 
 2.233736e+01 -8.175743e-01 
 2.233768e+01 -8.213711e-01 
 2.233801e+01 -8.333466e-01 
 2.233833e+01 -8.431841e-01 
 2.233865e+01 -8.440495e-01 
 2.233898e+01 -8.450640e-01 
 2.233930e+01 -8.475455e-01 
 2.233962e+01 -8.498730e-01 
 2.233994e+01 -8.537701e-01 
 2.234027e+01 -8.586212e-01 
 2.234059e+01 -8.642169e-01 
 2.234091e+01 -8.693624e-01 
 2.234124e+01 -8.738254e-01 
 2.234156e+01 -8.772906e-01 
 2.234188e+01 -8.786093e-01 
 2.234221e+01 -8.774889e-01 
 2.234253e+01 -8.740315e-01 
 2.234285e+01 -8.607390e-01 
 2.234317e+01 -8.491782e-01 
 2.234350e+01 -8.471692e-01 
 2.234382e+01 -8.446645e-01 
 2.234414e+01 -8.469160e-01 
 2.234447e+01 -8.505342e-01 
 2.234479e+01 -8.566944e-01 
 2.234511e+01 -8.660314e-01 
 2.234544e+01 -8.893552e-01 
 2.234576e+01 -9.031737e-01 
 2.234608e+01 -9.127365e-01 
 2.234640e+01 -9.209057e-01 
 2.234673e+01 -9.287199e-01 
 2.234705e+01 -9.376332e-01 
 2.234737e+01 -9.524567e-01 
 2.234770e+01 -9.542694e-01 
 2.234802e+01 -9.653572e-01 
 2.234834e+01 -9.702123e-01 
 2.234867e+01 -9.744060e-01 
 2.234899e+01 -9.825285e-01 
 2.234931e+01 -9.917814e-01 
 2.234963e+01 -1.000479e+00 
 2.234996e+01 -1.007966e+00 
 2.235028e+01 -1.013584e+00 
 2.235060e+01 -1.018194e+00 
 2.235093e+01 -1.027705e+00 
 2.235125e+01 -1.027175e+00 
 2.235157e+01 -1.027236e+00 
 2.235190e+01 -1.028098e+00 
 2.235222e+01 -1.030663e+00 
 2.235254e+01 -1.034595e+00 
 2.235286e+01 -1.041211e+00 
 2.235319e+01 -1.048903e+00 
 2.235351e+01 -1.058762e+00 
 2.235383e+01 -1.069135e+00 
 2.235416e+01 -1.079677e+00 
 2.235448e+01 -1.089026e+00 
 2.235480e+01 -1.097950e+00 
 2.235513e+01 -1.105409e+00 
 2.235545e+01 -1.112624e+00 
 2.235577e+01 -1.118312e+00 
 2.235609e+01 -1.123954e+00 
 2.235642e+01 -1.130563e+00 
 2.235674e+01 -1.139103e+00 
 2.235706e+01 -1.149469e+00 
 2.235739e+01 -1.160926e+00 
 2.235771e+01 -1.172403e+00 
 2.235803e+01 -1.184753e+00 
 2.235835e+01 -1.191652e+00 
 2.235868e+01 -1.209065e+00 
 2.235900e+01 -1.224429e+00 
 2.235932e+01 -1.237355e+00 
 2.235965e+01 -1.247268e+00 
 2.235997e+01 -1.255243e+00 
 2.236029e+01 -1.261661e+00 
 2.236062e+01 -1.267451e+00 
 2.236094e+01 -1.272444e+00 
 2.236126e+01 -1.228730e+00 
 2.236158e+01 -1.230260e+00 
 2.236191e+01 -1.234840e+00 
 2.236223e+01 -1.239637e+00 
 2.236255e+01 -1.243363e+00 
 2.236288e+01 -1.246267e+00 
 2.236320e+01 -1.248813e+00 
 2.236352e+01 -1.251311e+00 
 2.236385e+01 -1.254577e+00 
 2.236417e+01 -1.249291e+00 
 2.236449e+01 -1.245819e+00 
 2.236481e+01 -1.250575e+00 
 2.236514e+01 -1.255682e+00 
 2.236546e+01 -1.259476e+00 
 2.236578e+01 -1.262895e+00 
 2.236611e+01 -1.263523e+00 
 2.236643e+01 -1.259845e+00 
 2.236675e+01 -1.255027e+00 
 2.236708e+01 -1.249538e+00 
 2.236740e+01 -1.251536e+00 
 2.236772e+01 -1.252928e+00 
 2.236804e+01 -1.253374e+00 
 2.236837e+01 -1.260459e+00 
 2.236869e+01 -1.267742e+00 
 2.236901e+01 -1.276475e+00 
 2.236934e+01 -1.285059e+00 
 2.236966e+01 -1.292642e+00 
 2.236998e+01 -1.299851e+00 
 2.237031e+01 -1.305386e+00 
 2.237063e+01 -1.310194e+00 
 2.237095e+01 -1.261955e+00 
 2.237127e+01 -1.260541e+00 
 2.237160e+01 -1.260844e+00 
 2.237192e+01 -1.261766e+00 
 2.237224e+01 -1.262837e+00 
 2.237257e+01 -1.262741e+00 
 2.237289e+01 -1.260950e+00 
 2.237321e+01 -1.258518e+00 
 2.237354e+01 -1.256069e+00 
 2.237386e+01 -1.253336e+00 
 2.237418e+01 -1.246150e+00 
 2.237450e+01 -1.242704e+00 
 2.237483e+01 -1.240837e+00 
 2.237515e+01 -1.248253e+00 
 2.237547e+01 -1.254715e+00 
 2.237580e+01 -1.263063e+00 
 2.237612e+01 -1.271441e+00 
 2.237644e+01 -1.279536e+00 
 2.237677e+01 -1.291026e+00 
 2.237709e+01 -1.306325e+00 
 2.237741e+01 -1.317618e+00 
 2.237773e+01 -1.323446e+00 
 2.237806e+01 -1.323554e+00 
 2.237838e+01 -1.328162e+00 
 2.237870e+01 -1.330733e+00 
 2.237903e+01 -1.330678e+00 
 2.237935e+01 -1.329827e+00 
 2.237967e+01 -1.327020e+00 
 2.238000e+01 -1.325660e+00 
 2.238032e+01 -1.327965e+00 
 2.238064e+01 -1.333411e+00 
 2.238096e+01 -1.290677e+00 
 2.238129e+01 -1.300116e+00 
 2.238161e+01 -1.317844e+00 
 2.238193e+01 -1.333721e+00 
 2.238226e+01 -1.346361e+00 
 2.238258e+01 -1.355755e+00 
 2.238290e+01 -1.346639e+00 
 2.238323e+01 -1.336387e+00 
 2.238355e+01 -1.328528e+00 
 2.238387e+01 -1.322618e+00 
 2.238419e+01 -1.261702e+00 
 2.238452e+01 -1.273370e+00 
 2.238484e+01 -1.273029e+00 
 2.238516e+01 -1.264311e+00 
 2.238549e+01 -1.249370e+00 
 2.238581e+01 -1.236119e+00 
 2.238613e+01 -1.223068e+00 
 2.238646e+01 -1.208928e+00 
 2.238678e+01 -1.195457e+00 
 2.238710e+01 -1.184477e+00 
 2.238742e+01 -1.177302e+00 
 2.238775e+01 -1.173261e+00 
 2.238807e+01 -1.169193e+00 
 2.238839e+01 -1.165671e+00 
 2.238872e+01 -1.160639e+00 
 2.238904e+01 -1.155913e+00 
 2.238936e+01 -1.152297e+00 
 2.238969e+01 -1.151396e+00 
 2.239001e+01 -1.151655e+00 
 2.239033e+01 -1.152002e+00 
 2.239065e+01 -1.150399e+00 
 2.239098e+01 -1.151992e+00 
 2.239130e+01 -1.151302e+00 
 2.239162e+01 -1.152024e+00 
 2.239195e+01 -1.154045e+00 
 2.239227e+01 -1.156284e+00 
 2.239259e+01 -1.158601e+00 
 2.239292e+01 -1.161231e+00 
 2.239324e+01 -1.165232e+00 
 2.239356e+01 -1.170506e+00 
 2.239388e+01 -1.119295e+00 
 2.239421e+01 -1.131881e+00 
 2.239453e+01 -1.141756e+00 
 2.239485e+01 -1.150915e+00 
 2.239518e+01 -1.155315e+00 
 2.239550e+01 -1.158468e+00 
 2.239582e+01 -1.165396e+00 
 2.239614e+01 -1.171082e+00 
 2.239647e+01 -1.179701e+00 
 2.239679e+01 -1.195131e+00 
 2.239711e+01 -1.211025e+00 
 2.239744e+01 -1.201099e+00 
 2.239776e+01 -1.212392e+00 
 2.239808e+01 -1.218397e+00 
 2.239841e+01 -1.221795e+00 
 2.239873e+01 -1.222416e+00 
 2.239905e+01 -1.222339e+00 
 2.239937e+01 -1.223559e+00 
 2.239970e+01 -1.221983e+00 
 2.240002e+01 -1.221879e+00 
 2.240034e+01 -1.224980e+00 
 2.240067e+01 -1.231782e+00 
 2.240099e+01 -1.253819e+00 
 2.240131e+01 -1.275112e+00 
 2.240164e+01 -1.295668e+00 
 2.240196e+01 -1.313565e+00 
 2.240228e+01 -1.328703e+00 
 2.240260e+01 -1.341016e+00 
 2.240293e+01 -1.351779e+00 
 2.240325e+01 -1.362102e+00 
 2.240357e+01 -1.371307e+00 
 2.240390e+01 -1.369052e+00 
 2.240422e+01 -1.388885e+00 
 2.240454e+01 -1.405523e+00 
 2.240487e+01 -1.411588e+00 
 2.240519e+01 -1.415933e+00 
 2.240551e+01 -1.420926e+00 
 2.240583e+01 -1.404590e+00 
 2.240616e+01 -1.392382e+00 
 2.240648e+01 -1.380222e+00 
 2.240680e+01 -1.368267e+00 
 2.240713e+01 -1.356478e+00 
 2.240745e+01 -1.343500e+00 
 2.240777e+01 -1.328219e+00 
 2.240810e+01 -1.311194e+00 
 2.240842e+01 -1.292302e+00 
 2.240874e+01 -1.271820e+00 
 2.240906e+01 -1.247223e+00 
 2.240939e+01 -1.229426e+00 
 2.240971e+01 -1.215165e+00 
 2.241003e+01 -1.204636e+00 
 2.241036e+01 -1.194881e+00 
 2.241068e+01 -1.181838e+00 
 2.241100e+01 -1.165195e+00 
 2.241133e+01 -1.145856e+00 
 2.241165e+01 -1.126178e+00 
 2.241197e+01 -1.108189e+00 
 2.241229e+01 -1.092680e+00 
 2.241262e+01 -1.079534e+00 
 2.241294e+01 -1.068577e+00 
 2.241326e+01 -1.059230e+00 
 2.241359e+01 -1.048072e+00 
 2.241391e+01 -1.040782e+00 
 2.241423e+01 -1.030584e+00 
 2.241456e+01 -1.021415e+00 
 2.241488e+01 -1.009583e+00 
 2.241520e+01 -9.953230e-01 
 2.241552e+01 -9.813044e-01 
 2.241585e+01 -9.692856e-01 
 2.241617e+01 -9.560856e-01 
 2.241649e+01 -9.516860e-01 
 2.241682e+01 -9.466690e-01 
 2.241714e+01 -9.470253e-01 
 2.241746e+01 -9.478134e-01 
 2.241779e+01 -9.339670e-01 
 2.241811e+01 -9.357397e-01 
 2.241843e+01 -9.395236e-01 
 2.241875e+01 -9.411647e-01 
 2.241908e+01 -9.417400e-01 
 2.241940e+01 -9.432431e-01 
 2.241972e+01 -9.471073e-01 
 2.242005e+01 -9.548590e-01 
 2.242037e+01 -9.641326e-01 
 2.242069e+01 -9.744815e-01 
 2.242102e+01 -9.855490e-01 
 2.242134e+01 -9.970408e-01 
 2.242166e+01 -1.012244e+00 
 2.242198e+01 -1.022398e+00 
 2.242231e+01 -1.030802e+00 
 2.242263e+01 -1.037488e+00 
 2.242295e+01 -1.042810e+00 
 2.242328e+01 -1.049739e+00 
 2.242360e+01 -1.028150e+00 
 2.242392e+01 -1.032694e+00 
 2.242425e+01 -1.039130e+00 
 2.242457e+01 -1.048134e+00 
 2.242489e+01 -1.058908e+00 
 2.242521e+01 -1.074794e+00 
 2.242554e+01 -1.091281e+00 
 2.242586e+01 -1.109737e+00 
 2.242618e+01 -1.123661e+00 
 2.242651e+01 -1.141432e+00 
 2.242683e+01 -1.149804e+00 
 2.242715e+01 -1.155635e+00 
 2.242748e+01 -1.155430e+00 
 2.242780e+01 -1.152680e+00 
 2.242812e+01 -1.148671e+00 
 2.242844e+01 -1.145321e+00 
 2.242877e+01 -1.143786e+00 
 2.242909e+01 -1.144702e+00 
 2.242941e+01 -1.147784e+00 
 2.242974e+01 -1.154831e+00 
 2.243006e+01 -1.161656e+00 
 2.243038e+01 -1.166833e+00 
 2.243071e+01 -1.168046e+00 
 2.243103e+01 -1.161053e+00 
 2.243135e+01 -1.151930e+00 
 2.243167e+01 -1.137776e+00 
 2.243200e+01 -1.126834e+00 
 2.243232e+01 -1.117669e+00 
 2.243264e+01 -1.111970e+00 
 2.243297e+01 -1.112505e+00 
 2.243329e+01 -1.108961e+00 
 2.243361e+01 -1.104631e+00 
 2.243393e+01 -1.098617e+00 
 2.243426e+01 -1.091631e+00 
 2.243458e+01 -1.083595e+00 
 2.243490e+01 -1.072535e+00 
 2.243523e+01 -1.059470e+00 
 2.243555e+01 -1.044109e+00 
 2.243587e+01 -1.027916e+00 
 2.243620e+01 -1.013848e+00 
 2.243652e+01 -9.997903e-01 
 2.243684e+01 -9.898755e-01 
 2.243716e+01 -9.813890e-01 
 2.243749e+01 -9.747866e-01 
 2.243781e+01 -9.650260e-01 
 2.243813e+01 -9.623542e-01 
 2.243846e+01 -9.580793e-01 
 2.243878e+01 -9.568700e-01 
 2.243910e+01 -9.540612e-01 
 2.243943e+01 -9.433771e-01 
 2.243975e+01 -9.350591e-01 
 2.244007e+01 -9.258256e-01 
 2.244039e+01 -9.166355e-01 
 2.244072e+01 -9.088861e-01 
 2.244104e+01 -9.038333e-01 
 2.244136e+01 -9.026867e-01 
 2.244169e+01 -9.068237e-01 
 2.244201e+01 -9.148471e-01 
 2.244233e+01 -9.283003e-01 
 2.244266e+01 -9.433897e-01 
 2.244298e+01 -9.543487e-01 
 2.244330e+01 -9.675713e-01 
 2.244362e+01 -9.805814e-01 
 2.244395e+01 -9.867536e-01 
 2.244427e+01 -9.947639e-01 
 2.244459e+01 -1.006781e+00 
 2.244492e+01 -1.018692e+00 
 2.244524e+01 -1.034078e+00 
 2.244556e+01 -1.053001e+00 
 2.244589e+01 -1.071755e+00 
 2.244621e+01 -1.089936e+00 
 2.244653e+01 -1.107610e+00 
 2.244685e+01 -1.122931e+00 
 2.244718e+01 -1.134641e+00 
 2.244750e+01 -1.143113e+00 
 2.244782e+01 -1.149588e+00 
 2.244815e+01 -1.155528e+00 
 2.244847e+01 -1.163057e+00 
 2.244879e+01 -1.172402e+00 
 2.244912e+01 -1.185002e+00 
 2.244944e+01 -1.199604e+00 
 2.244976e+01 -1.216825e+00 
 2.245008e+01 -1.236399e+00 
 2.245041e+01 -1.257599e+00 
 2.245073e+01 -1.279584e+00 
 2.245105e+01 -1.301150e+00 
 2.245138e+01 -1.320356e+00 
 2.245170e+01 -1.337447e+00 
 2.245202e+01 -1.351443e+00 
 2.245235e+01 -1.363250e+00 
 2.245267e+01 -1.372674e+00 
 2.245299e+01 -1.380176e+00 
 2.245331e+01 -1.386661e+00 
 2.245364e+01 -1.393738e+00 
 2.245396e+01 -1.401694e+00 
 2.245428e+01 -1.433534e+00 
 2.245461e+01 -1.461764e+00 
 2.245493e+01 -1.476207e+00 
 2.245525e+01 -1.489856e+00 
 2.245558e+01 -1.513905e+00 
 2.245590e+01 -1.534095e+00 
 2.245622e+01 -1.549178e+00 
 2.245654e+01 -1.559017e+00 
 2.245687e+01 -1.564394e+00 
 2.245719e+01 -1.566996e+00 
 2.245751e+01 -1.568265e+00 
 2.245784e+01 -1.570529e+00 
 2.245816e+01 -1.575866e+00 
 2.245848e+01 -1.577086e+00 
 2.245881e+01 -1.609683e+00 
 2.245913e+01 -1.645560e+00 
 2.245945e+01 -1.679539e+00 
 2.245977e+01 -1.710173e+00 
 2.246010e+01 -1.737367e+00 
 2.246042e+01 -1.740642e+00 
 2.246074e+01 -1.715860e+00 
 2.246107e+01 -1.689913e+00 
 2.246139e+01 -1.661846e+00 
 2.246171e+01 -1.639378e+00 
 2.246204e+01 -1.596397e+00 
 2.246236e+01 -1.588172e+00 
 2.246268e+01 -1.575611e+00 
 2.246300e+01 -1.566716e+00 
 2.246333e+01 -1.559559e+00 
 2.246365e+01 -1.555638e+00 
 2.246397e+01 -1.552231e+00 
 2.246430e+01 -1.549297e+00 
 2.246462e+01 -1.552038e+00 
 2.246494e+01 -1.531443e+00 
 2.246527e+01 -1.539397e+00 
 2.246559e+01 -1.540502e+00 
 2.246591e+01 -1.542503e+00 
 2.246623e+01 -1.544619e+00 
 2.246656e+01 -1.548807e+00 
 2.246688e+01 -1.556857e+00 
 2.246720e+01 -1.568349e+00 
 2.246753e+01 -1.582488e+00 
 2.246785e+01 -1.598300e+00 
 2.246817e+01 -1.614102e+00 
 2.246849e+01 -1.623648e+00 
 2.246882e+01 -1.651798e+00 
 2.246914e+01 -1.675597e+00 
 2.246946e+01 -1.695099e+00 
 2.246979e+01 -1.712975e+00 
 2.247011e+01 -1.732961e+00 
 2.247043e+01 -1.758349e+00 
 2.247076e+01 -1.789653e+00 
 2.247108e+01 -1.825364e+00 
 2.247140e+01 -1.811194e+00 
 2.247172e+01 -1.813660e+00 
 2.247205e+01 -1.809825e+00 
 2.247237e+01 -1.800867e+00 
 2.247269e+01 -1.785334e+00 
 2.247302e+01 -1.764277e+00 
 2.247334e+01 -1.741322e+00 
 2.247366e+01 -1.720644e+00 
 2.247399e+01 -1.706707e+00 
 2.247431e+01 -1.702074e+00 
 2.247463e+01 -1.706544e+00 
 2.247495e+01 -1.719206e+00 
 2.247528e+01 -1.731267e+00 
 2.247560e+01 -1.741276e+00 
 2.247592e+01 -1.746683e+00 
 2.247625e+01 -1.746108e+00 
 2.247657e+01 -1.739665e+00 
 2.247689e+01 -1.729053e+00 
 2.247722e+01 -1.717752e+00 
 2.247754e+01 -1.708420e+00 
 2.247786e+01 -1.705367e+00 
 2.247818e+01 -1.707094e+00 
 2.247851e+01 -1.717413e+00 
 2.247883e+01 -1.731929e+00 
 2.247915e+01 -1.750360e+00 
 2.247948e+01 -1.768905e+00 
 2.247980e+01 -1.787113e+00 
 2.248012e+01 -1.803227e+00 
 2.248045e+01 -1.814770e+00 
 2.248077e+01 -1.824018e+00 
 2.248109e+01 -1.829930e+00 
 2.248141e+01 -1.834722e+00 
 2.248174e+01 -1.836228e+00 
 2.248206e+01 -1.837955e+00 
 2.248238e+01 -1.840883e+00 
 2.248271e+01 -1.839339e+00 
 2.248303e+01 -1.838664e+00 
 2.248335e+01 -1.837562e+00 
 2.248368e+01 -1.834670e+00 
 2.248400e+01 -1.829421e+00 
 2.248432e+01 -1.820346e+00 
 2.248464e+01 -1.810039e+00 
 2.248497e+01 -1.792396e+00 
 2.248529e+01 -1.770333e+00 
 2.248561e+01 -1.719294e+00 
 2.248594e+01 -1.693975e+00 
 2.248626e+01 -1.671700e+00 
 2.248658e+01 -1.653600e+00 
 2.248691e+01 -1.639426e+00 
 2.248723e+01 -1.628564e+00 
 2.248755e+01 -1.619803e+00 
 2.248787e+01 -1.613239e+00 
 2.248820e+01 -1.603366e+00 
 2.248852e+01 -1.591097e+00 
 2.248884e+01 -1.572864e+00 
 2.248917e+01 -1.529676e+00 
 2.248949e+01 -1.510022e+00 
 2.248981e+01 -1.490861e+00 
 2.249014e+01 -1.454336e+00 
 2.249046e+01 -1.430719e+00 
 2.249078e+01 -1.422136e+00 
 2.249110e+01 -1.420496e+00 
 2.249143e+01 -1.419563e+00 
 2.249175e+01 -1.417918e+00 
 2.249207e+01 -1.415111e+00 
 2.249240e+01 -1.416228e+00 
 2.249272e+01 -1.419783e+00 
 2.249304e+01 -1.421696e+00 
 2.249337e+01 -1.421218e+00 
 2.249369e+01 -1.420510e+00 
 2.249401e+01 -1.419875e+00 
 2.249433e+01 -1.421656e+00 
 2.249466e+01 -1.421651e+00 
 2.249498e+01 -1.419589e+00 
 2.249530e+01 -1.415105e+00 
 2.249563e+01 -1.358835e+00 
 2.249595e+01 -1.328840e+00 
 2.249627e+01 -1.309358e+00 
 2.249660e+01 -1.302208e+00 
 2.249692e+01 -1.297842e+00 
 2.249724e+01 -1.294810e+00 
 2.249756e+01 -1.297529e+00 
 2.249789e+01 -1.318107e+00 
 2.249821e+01 -1.339268e+00 
 2.249853e+01 -1.350325e+00 
 2.249886e+01 -1.363015e+00 
 2.249918e+01 -1.376359e+00 
 2.249950e+01 -1.389315e+00 
 2.249983e+01 -1.401237e+00 
 2.250015e+01 -1.410677e+00 
 2.250047e+01 -1.417079e+00 
 2.250079e+01 -1.421211e+00 
 2.250112e+01 -1.419488e+00 
 2.250144e+01 -1.414322e+00 
 2.250176e+01 -1.408586e+00 
 2.250209e+01 -1.404242e+00 
 2.250241e+01 -1.402653e+00 
 2.250273e+01 -1.397794e+00 
 2.250306e+01 -1.405211e+00 
 2.250338e+01 -1.414522e+00 
 2.250370e+01 -1.423716e+00 
 2.250402e+01 -1.433768e+00 
 2.250435e+01 -1.439121e+00 
 2.250467e+01 -1.440376e+00 
 2.250499e+01 -1.433507e+00 
 2.250532e+01 -1.429543e+00 
 2.250564e+01 -1.390492e+00 
 2.250596e+01 -1.389356e+00 
 2.250629e+01 -1.391753e+00 
 2.250661e+01 -1.397017e+00 
 2.250693e+01 -1.403968e+00 
 2.250725e+01 -1.413167e+00 
 2.250758e+01 -1.431904e+00 
 2.250790e+01 -1.459439e+00 
 2.250822e+01 -1.473324e+00 
 2.250855e+01 -1.478162e+00 
 2.250887e+01 -1.477922e+00 
 2.250919e+01 -1.474041e+00 
 2.250951e+01 -1.467671e+00 
 2.250984e+01 -1.459708e+00 
 2.251016e+01 -1.450784e+00 
 2.251048e+01 -1.442466e+00 
 2.251081e+01 -1.433973e+00 
 2.251113e+01 -1.428135e+00 
 2.251145e+01 -1.425462e+00 
 2.251178e+01 -1.424570e+00 
 2.251210e+01 -1.424527e+00 
 2.251242e+01 -1.424489e+00 
 2.251274e+01 -1.423471e+00 
 2.251307e+01 -1.419362e+00 
 2.251339e+01 -1.410596e+00 
 2.251371e+01 -1.397189e+00 
 2.251404e+01 -1.379211e+00 
 2.251436e+01 -1.356341e+00 
 2.251468e+01 -1.337121e+00 
 2.251501e+01 -1.293270e+00 
 2.251533e+01 -1.289105e+00 
 2.251565e+01 -1.291438e+00 
 2.251597e+01 -1.298784e+00 
 2.251630e+01 -1.308766e+00 
 2.251662e+01 -1.319152e+00 
 2.251694e+01 -1.328429e+00 
 2.251727e+01 -1.333487e+00 
 2.251759e+01 -1.335646e+00 
 2.251791e+01 -1.346599e+00 
 2.251824e+01 -1.359656e+00 
 2.251856e+01 -1.355433e+00 
 2.251888e+01 -1.351562e+00 
 2.251920e+01 -1.350909e+00 
 2.251953e+01 -1.354378e+00 
 2.251985e+01 -1.359770e+00 
 2.252017e+01 -1.365043e+00 
 2.252050e+01 -1.366494e+00 
 2.252082e+01 -1.364088e+00 
 2.252114e+01 -1.358352e+00 
 2.252147e+01 -1.348629e+00 
 2.252179e+01 -1.335563e+00 
 2.252211e+01 -1.320139e+00 
 2.252243e+01 -1.305286e+00 
 2.252276e+01 -1.292887e+00 
 2.252308e+01 -1.283856e+00 
 2.252340e+01 -1.279871e+00 
 2.252373e+01 -1.278650e+00 
 2.252405e+01 -1.274983e+00 
 2.252437e+01 -1.239701e+00 
 2.252470e+01 -1.239882e+00 
 2.252502e+01 -1.238727e+00 
 2.252534e+01 -1.235844e+00 
 2.252566e+01 -1.231167e+00 
 2.252599e+01 -1.224695e+00 
 2.252631e+01 -1.218584e+00 
 2.252663e+01 -1.214223e+00 
 2.252696e+01 -1.211566e+00 
 2.252728e+01 -1.211982e+00 
 2.252760e+01 -1.216363e+00 
 2.252793e+01 -1.231202e+00 
 2.252825e+01 -1.260682e+00 
 2.252857e+01 -1.287365e+00 
 2.252889e+01 -1.303899e+00 
 2.252922e+01 -1.317033e+00 
 2.252954e+01 -1.327029e+00 
 2.252986e+01 -1.334088e+00 
 2.253019e+01 -1.335603e+00 
 2.253051e+01 -1.333609e+00 
 2.253083e+01 -1.326765e+00 
 2.253116e+01 -1.323537e+00 
 2.253148e+01 -1.322435e+00 
 2.253180e+01 -1.323728e+00 
 2.253212e+01 -1.327569e+00 
 2.253245e+01 -1.332818e+00 
 2.253277e+01 -1.337805e+00 
 2.253309e+01 -1.341363e+00 
 2.253342e+01 -1.340416e+00 
 2.253374e+01 -1.330102e+00 
 2.253406e+01 -1.283247e+00 
 2.253439e+01 -1.264317e+00 
 2.253471e+01 -1.243919e+00 
 2.253503e+01 -1.228700e+00 
 2.253535e+01 -1.214148e+00 
 2.253568e+01 -1.200879e+00 
 2.253600e+01 -1.189803e+00 
 2.253632e+01 -1.181063e+00 
 2.253665e+01 -1.172345e+00 
 2.253697e+01 -1.164702e+00 
 2.253729e+01 -1.157567e+00 
 2.253762e+01 -1.149314e+00 
 2.253794e+01 -1.137728e+00 
 2.253826e+01 -1.122640e+00 
 2.253858e+01 -1.105404e+00 
 2.253891e+01 -1.088587e+00 
 2.253923e+01 -1.073469e+00 
 2.253955e+01 -1.065441e+00 
 2.253988e+01 -1.066216e+00 
 2.254020e+01 -1.068948e+00 
 2.254052e+01 -1.061614e+00 
 2.254085e+01 -1.060831e+00 
 2.254117e+01 -1.063522e+00 
 2.254149e+01 -1.068406e+00 
 2.254181e+01 -1.072696e+00 
 2.254214e+01 -1.074472e+00 
 2.254246e+01 -1.073013e+00 
 2.254278e+01 -1.069162e+00 
 2.254311e+01 -1.062669e+00 
 2.254343e+01 -1.056313e+00 
 2.254375e+01 -1.052129e+00 
 2.254407e+01 -1.051367e+00 
 2.254440e+01 -1.054228e+00 
 2.254472e+01 -1.060474e+00 
 2.254504e+01 -1.069513e+00 
 2.254537e+01 -1.080357e+00 
 2.254569e+01 -1.056228e+00 
 2.254601e+01 -1.061142e+00 
 2.254634e+01 -1.029276e+00 
 2.254666e+01 -1.025729e+00 
 2.254698e+01 -1.018971e+00 
 2.254730e+01 -1.012512e+00 
 2.254763e+01 -1.009669e+00 
 2.254795e+01 -1.011571e+00 
 2.254827e+01 -1.019575e+00 
 2.254860e+01 -1.033069e+00 
 2.254892e+01 -1.049851e+00 
 2.254924e+01 -1.073969e+00 
 2.254957e+01 -1.097090e+00 
 2.254989e+01 -1.129031e+00 
 2.255021e+01 -1.159898e+00 
 2.255053e+01 -1.185852e+00 
 2.255086e+01 -1.207556e+00 
 2.255118e+01 -1.223893e+00 
 2.255150e+01 -1.232944e+00 
 2.255183e+01 -1.243903e+00 
 2.255215e+01 -1.258342e+00 
 2.255247e+01 -1.275314e+00 
 2.255280e+01 -1.293079e+00 
 2.255312e+01 -1.310915e+00 
 2.255344e+01 -1.327940e+00 
 2.255376e+01 -1.343233e+00 
 2.255409e+01 -1.355936e+00 
 2.255441e+01 -1.300598e+00 
 2.255473e+01 -1.304379e+00 
 2.255506e+01 -1.307785e+00 
 2.255538e+01 -1.310949e+00 
 2.255570e+01 -1.252080e+00 
 2.255603e+01 -1.254727e+00 
 2.255635e+01 -1.260494e+00 
 2.255667e+01 -1.268191e+00 
 2.255699e+01 -1.275395e+00 
 2.255732e+01 -1.280730e+00 
 2.255764e+01 -1.287756e+00 
 2.255796e+01 -1.295611e+00 
 2.255829e+01 -1.303582e+00 
 2.255861e+01 -1.309599e+00 
 2.255893e+01 -1.314074e+00 
 2.255926e+01 -1.317650e+00 
 2.255958e+01 -1.321196e+00 
 2.255990e+01 -1.326840e+00 
 2.256022e+01 -1.336513e+00 
 2.256055e+01 -1.348782e+00 
 2.256087e+01 -1.363024e+00 
 2.256119e+01 -1.377470e+00 
 2.256152e+01 -1.390710e+00 
 2.256184e+01 -1.400696e+00 
 2.256216e+01 -1.406588e+00 
 2.256249e+01 -1.406942e+00 
 2.256281e+01 -1.403444e+00 
 2.256313e+01 -1.397719e+00 
 2.256345e+01 -1.392540e+00 
 2.256378e+01 -1.388928e+00 
 2.256410e+01 -1.387931e+00 
 2.256442e+01 -1.390459e+00 
 2.256475e+01 -1.394664e+00 
 2.256507e+01 -1.402789e+00 
 2.256539e+01 -1.416799e+00 
 2.256572e+01 -1.421653e+00 
 2.256604e+01 -1.424710e+00 
 2.256636e+01 -1.419294e+00 
 2.256668e+01 -1.412136e+00 
 2.256701e+01 -1.405185e+00 
 2.256733e+01 -1.398482e+00 
 2.256765e+01 -1.391661e+00 
 2.256798e+01 -1.385423e+00 
 2.256830e+01 -1.380366e+00 
 2.256862e+01 -1.375971e+00 
 2.256895e+01 -1.350124e+00 
 2.256927e+01 -1.332764e+00 
 2.256959e+01 -1.302660e+00 
 2.256991e+01 -1.296000e+00 
 2.257024e+01 -1.287375e+00 
 2.257056e+01 -1.280989e+00 
 2.257088e+01 -1.275130e+00 
 2.257121e+01 -1.265236e+00 
 2.257153e+01 -1.265083e+00 
 2.257185e+01 -1.267177e+00 
 2.257218e+01 -1.268043e+00 
 2.257250e+01 -1.273040e+00 
 2.257282e+01 -1.278504e+00 
 2.257314e+01 -1.284385e+00 
 2.257347e+01 -1.291339e+00 
 2.257379e+01 -1.299135e+00 
 2.257411e+01 -1.306579e+00 
 2.257444e+01 -1.312659e+00 
 2.257476e+01 -1.317703e+00 
 2.257508e+01 -1.321957e+00 
 2.257541e+01 -1.322850e+00 
 2.257573e+01 -1.324437e+00 
 2.257605e+01 -1.336839e+00 
 2.257637e+01 -1.351147e+00 
 2.257670e+01 -1.361484e+00 
 2.257702e+01 -1.365726e+00 
 2.257734e+01 -1.369735e+00 
 2.257767e+01 -1.373824e+00 
 2.257799e+01 -1.378085e+00 
 2.257831e+01 -1.380413e+00 
 2.257864e+01 -1.383523e+00 
 2.257896e+01 -1.383812e+00 
 2.257928e+01 -1.380839e+00 
 2.257960e+01 -1.376462e+00 
 2.257993e+01 -1.372145e+00 
 2.258025e+01 -1.368007e+00 
 2.258057e+01 -1.363604e+00 
 2.258090e+01 -1.359342e+00 
 2.258122e+01 -1.355034e+00 
 2.258154e+01 -1.351149e+00 
 2.258186e+01 -1.347927e+00 
 2.258219e+01 -1.345737e+00 
 2.258251e+01 -1.343433e+00 
 2.258283e+01 -1.339840e+00 
 2.258316e+01 -1.334850e+00 
 2.258348e+01 -1.327951e+00 
 2.258380e+01 -1.319678e+00 
 2.258413e+01 -1.311206e+00 
 2.258445e+01 -1.303586e+00 
 2.258477e+01 -1.297149e+00 
 2.258509e+01 -1.290856e+00 
 2.258542e+01 -1.285510e+00 
 2.258574e+01 -1.281920e+00 
 2.258606e+01 -1.280798e+00 
 2.258639e+01 -1.259396e+00 
 2.258671e+01 -1.263051e+00 
 2.258703e+01 -1.264851e+00 
 2.258736e+01 -1.262809e+00 
 2.258768e+01 -1.246462e+00 
 2.258800e+01 -1.236645e+00 
 2.258832e+01 -1.224926e+00 
 2.258865e+01 -1.214025e+00 
 2.258897e+01 -1.205243e+00 
 2.258929e+01 -1.199248e+00 
 2.258962e+01 -1.196156e+00 
 2.258994e+01 -1.196878e+00 
 2.259026e+01 -1.200487e+00 
 2.259059e+01 -1.205159e+00 
 2.259091e+01 -1.208854e+00 
 2.259123e+01 -1.210778e+00 
 2.259155e+01 -1.208177e+00 
 2.259188e+01 -1.203304e+00 
 2.259220e+01 -1.195304e+00 
 2.259252e+01 -1.185921e+00 
 2.259285e+01 -1.177604e+00 
 2.259317e+01 -1.172349e+00 
 2.259349e+01 -1.174120e+00 
 2.259382e+01 -1.184555e+00 
 2.259414e+01 -1.197929e+00 
 2.259446e+01 -1.212868e+00 
 2.259478e+01 -1.226377e+00 
 2.259511e+01 -1.233754e+00 
 2.259543e+01 -1.237930e+00 
 2.259575e+01 -1.239319e+00 
 2.259608e+01 -1.238592e+00 
 2.259640e+01 -1.236992e+00 
 2.259672e+01 -1.236337e+00 
 2.259705e+01 -1.237536e+00 
 2.259737e+01 -1.241636e+00 
 2.259769e+01 -1.249682e+00 
 2.259801e+01 -1.260153e+00 
 2.259834e+01 -1.271970e+00 
 2.259866e+01 -1.284401e+00 
 2.259898e+01 -1.296500e+00 
 2.259931e+01 -1.301543e+00 
 2.259963e+01 -1.308652e+00 
 2.259995e+01 -1.313296e+00 
 2.260028e+01 -1.316185e+00 
 2.260060e+01 -1.317316e+00 
 2.260092e+01 -1.317313e+00 
 2.260124e+01 -1.317499e+00 
 2.260157e+01 -1.319928e+00 
 2.260189e+01 -1.324967e+00 
 2.260221e+01 -1.332028e+00 
 2.260254e+01 -1.340251e+00 
 2.260286e+01 -1.348235e+00 
 2.260318e+01 -1.331070e+00 
 2.260351e+01 -1.288935e+00 
 2.260383e+01 -1.289019e+00 
 2.260415e+01 -1.287732e+00 
 2.260447e+01 -1.285855e+00 
 2.260480e+01 -1.285218e+00 
 2.260512e+01 -1.286124e+00 
 2.260544e+01 -1.288729e+00 
 2.260577e+01 -1.293126e+00 
 2.260609e+01 -1.298989e+00 
 2.260641e+01 -1.305522e+00 
 2.260674e+01 -1.312546e+00 
 2.260706e+01 -1.318825e+00 
 2.260738e+01 -1.323085e+00 
 2.260770e+01 -1.324724e+00 
 2.260803e+01 -1.324935e+00 
 2.260835e+01 -1.326014e+00 
 2.260867e+01 -1.330475e+00 
 2.260900e+01 -1.337186e+00 
 2.260932e+01 -1.347494e+00 
 2.260964e+01 -1.361850e+00 
 2.260997e+01 -1.368466e+00 
 2.261029e+01 -1.378591e+00 
 2.261061e+01 -1.384085e+00 
 2.261093e+01 -1.381732e+00 
 2.261126e+01 -1.381459e+00 
 2.261158e+01 -1.375928e+00 
 2.261190e+01 -1.347818e+00 
 2.261223e+01 -1.343478e+00 
 2.261255e+01 -1.317580e+00 
 2.261287e+01 -1.317356e+00 
 2.261320e+01 -1.318300e+00 
 2.261352e+01 -1.320143e+00 
 2.261384e+01 -1.322586e+00 
 2.261416e+01 -1.324080e+00 
 2.261449e+01 -1.324622e+00 
 2.261481e+01 -1.324487e+00 
 2.261513e+01 -1.322490e+00 
 2.261546e+01 -1.318044e+00 
 2.261578e+01 -1.312759e+00 
 2.261610e+01 -1.307756e+00 
 2.261643e+01 -1.302723e+00 
 2.261675e+01 -1.297692e+00 
 2.261707e+01 -1.292946e+00 
 2.261739e+01 -1.287178e+00 
 2.261772e+01 -1.279308e+00 
 2.261804e+01 -1.269724e+00 
 2.261836e+01 -1.259151e+00 
 2.261869e+01 -1.248461e+00 
 2.261901e+01 -1.238292e+00 
 2.261933e+01 -1.228416e+00 
 2.261966e+01 -1.218457e+00 
 2.261998e+01 -1.208505e+00 
 2.262030e+01 -1.200240e+00 
 2.262062e+01 -1.191955e+00 
 2.262095e+01 -1.183877e+00 
 2.262127e+01 -1.176346e+00 
 2.262159e+01 -1.170666e+00 
 2.262192e+01 -1.167006e+00 
 2.262224e+01 -1.165303e+00 
 2.262256e+01 -1.165106e+00 
 2.262288e+01 -1.165730e+00 
 2.262321e+01 -1.166292e+00 
 2.262353e+01 -1.166292e+00 
 2.262385e+01 -1.164330e+00 
 2.262418e+01 -1.160839e+00 
 2.262450e+01 -1.158163e+00 
 2.262482e+01 -1.156183e+00 
 2.262515e+01 -1.151023e+00 
 2.262547e+01 -1.151183e+00 
 2.262579e+01 -1.150642e+00 
 2.262611e+01 -1.150314e+00 
 2.262644e+01 -1.154834e+00 
 2.262676e+01 -1.163382e+00 
 2.262708e+01 -1.173283e+00 
 2.262741e+01 -1.182783e+00 
 2.262773e+01 -1.185543e+00 
 2.262805e+01 -1.190927e+00 
 2.262838e+01 -1.193326e+00 
 2.262870e+01 -1.193115e+00 
 2.262902e+01 -1.190860e+00 
 2.262934e+01 -1.187190e+00 
 2.262967e+01 -1.183318e+00 
 2.262999e+01 -1.178140e+00 
 2.263031e+01 -1.175315e+00 
 2.263064e+01 -1.140409e+00 
 2.263096e+01 -1.094205e+00 
 2.263128e+01 -1.094455e+00 
 2.263161e+01 -1.093328e+00 
 2.263193e+01 -1.091351e+00 
 2.263225e+01 -1.086220e+00 
 2.263257e+01 -1.073019e+00 
 2.263290e+01 -1.065940e+00 
 2.263322e+01 -1.060421e+00 
 2.263354e+01 -1.056635e+00 
 2.263387e+01 -1.054476e+00 
 2.263419e+01 -1.054175e+00 
 2.263451e+01 -1.055709e+00 
 2.263484e+01 -1.059313e+00 
 2.263516e+01 -1.064573e+00 
 2.263548e+01 -1.071726e+00 
 2.263580e+01 -1.077267e+00 
 2.263613e+01 -1.079588e+00 
 2.263645e+01 -1.078608e+00 
 2.263677e+01 -1.074666e+00 
 2.263710e+01 -1.071574e+00 
 2.263742e+01 -1.070713e+00 
 2.263774e+01 -1.073474e+00 
 2.263807e+01 -1.079881e+00 
 2.263839e+01 -1.089842e+00 
 2.263871e+01 -1.033262e+00 
 2.263903e+01 -1.048937e+00 
 2.263936e+01 -1.066025e+00 
 2.263968e+01 -1.080414e+00 
 2.264000e+01 -1.093341e+00 
 2.264033e+01 -1.102134e+00 
 2.264065e+01 -1.116584e+00 
 2.264097e+01 -1.130687e+00 
 2.264130e+01 -1.144561e+00 
 2.264162e+01 -1.152586e+00 
 2.264194e+01 -1.157108e+00 
 2.264226e+01 -1.163906e+00 
 2.264259e+01 -1.172901e+00 
 2.264291e+01 -1.177935e+00 
 2.264323e+01 -1.181378e+00 
 2.264356e+01 -1.151265e+00 
 2.264388e+01 -1.151411e+00 
 2.264420e+01 -1.148204e+00 
 2.264453e+01 -1.140983e+00 
 2.264485e+01 -1.134215e+00 
 2.264517e+01 -1.129172e+00 
 2.264549e+01 -1.127067e+00 
 2.264582e+01 -1.128315e+00 
 2.264614e+01 -1.132342e+00 
 2.264646e+01 -1.135541e+00 
 2.264679e+01 -1.136236e+00 
 2.264711e+01 -1.136036e+00 
 2.264743e+01 -1.135649e+00 
 2.264776e+01 -1.135238e+00 
 2.264808e+01 -1.133159e+00 
 2.264840e+01 -1.130704e+00 
 2.264872e+01 -1.129173e+00 
 2.264905e+01 -1.128574e+00 
 2.264937e+01 -1.132655e+00 
 2.264969e+01 -1.138928e+00 
 2.265002e+01 -1.150646e+00 
 2.265034e+01 -1.171960e+00 
 2.265066e+01 -1.195437e+00 
 2.265099e+01 -1.220685e+00 
 2.265131e+01 -1.241058e+00 
 2.265163e+01 -1.249391e+00 
 2.265195e+01 -1.252755e+00 
 2.265228e+01 -1.252763e+00 
 2.265260e+01 -1.250802e+00 
 2.265292e+01 -1.247106e+00 
 2.265325e+01 -1.242906e+00 
 2.265357e+01 -1.239437e+00 
 2.265389e+01 -1.236658e+00 
 2.265422e+01 -1.234552e+00 
 2.265454e+01 -1.234621e+00 
 2.265486e+01 -1.228671e+00 
 2.265518e+01 -1.197455e+00 
 2.265551e+01 -1.200176e+00 
 2.265583e+01 -1.201513e+00 
 2.265615e+01 -1.200928e+00 
 2.265648e+01 -1.194361e+00 
 2.265680e+01 -1.185147e+00 
 2.265712e+01 -1.179156e+00 
 2.265744e+01 -1.178523e+00 
 2.265777e+01 -1.182749e+00 
 2.265809e+01 -1.141679e+00 
 2.265841e+01 -1.146485e+00 
 2.265874e+01 -1.150317e+00 
 2.265906e+01 -1.152264e+00 
 2.265938e+01 -1.153699e+00 
 2.265971e+01 -1.154041e+00 
 2.266003e+01 -1.155988e+00 
 2.266035e+01 -1.094717e+00 
 2.266067e+01 -1.095246e+00 
 2.266100e+01 -1.096761e+00 
 2.266132e+01 -1.095863e+00 
 2.266164e+01 -1.091797e+00 
 2.266197e+01 -1.086492e+00 
 2.266229e+01 -1.084322e+00 
 2.266261e+01 -1.083428e+00 
 2.266294e+01 -1.080461e+00 
 2.266326e+01 -1.053567e+00 
 2.266358e+01 -1.048795e+00 
 2.266390e+01 -1.033742e+00 
 2.266423e+01 -9.897332e-01 
 2.266455e+01 -9.780727e-01 
 2.266487e+01 -9.627035e-01 
 2.266520e+01 -9.461565e-01 
 2.266552e+01 -9.337704e-01 
 2.266584e+01 -9.255136e-01 
 2.266617e+01 -9.232147e-01 
 2.266649e+01 -9.215211e-01 
 2.266681e+01 -9.162632e-01 
 2.266713e+01 -9.127578e-01 
 2.266746e+01 -9.130031e-01 
 2.266778e+01 -9.164279e-01 
 2.266810e+01 -9.194712e-01 
 2.266843e+01 -9.213103e-01 
 2.266875e+01 -9.204426e-01 
 2.266907e+01 -9.161144e-01 
 2.266940e+01 -9.115757e-01 
 2.266972e+01 -9.066331e-01 
 2.267004e+01 -9.013040e-01 
 2.267036e+01 -8.985263e-01 
 2.267069e+01 -8.989443e-01 
 2.267101e+01 -9.029821e-01 
 2.267133e+01 -9.075074e-01 
 2.267166e+01 -9.048624e-01 
 2.267198e+01 -8.949942e-01 
 2.267230e+01 -8.769264e-01 
 2.267263e+01 -8.604551e-01 
 2.267295e+01 -8.428622e-01 
 2.267327e+01 -8.250635e-01 
 2.267359e+01 -8.101057e-01 
 2.267392e+01 -7.989931e-01 
 2.267424e+01 -7.927788e-01 
 2.267456e+01 -7.860233e-01 
 2.267489e+01 -7.815281e-01 
 2.267521e+01 -7.854834e-01 
 2.267553e+01 -7.875791e-01 
 2.267586e+01 -7.873808e-01 
 2.267618e+01 -7.851460e-01 
 2.267650e+01 -7.772231e-01 
 2.267682e+01 -7.612995e-01 
 2.267715e+01 -7.412898e-01 
 2.267747e+01 -7.190599e-01 
 2.267779e+01 -7.076610e-01 
 2.267812e+01 -7.005397e-01 
 2.267844e+01 -6.976050e-01 
 2.267876e+01 -6.983903e-01 
 2.267909e+01 -7.006492e-01 
 2.267941e+01 -7.038153e-01 
 2.267973e+01 -7.060277e-01 
 2.268005e+01 -7.057539e-01 
 2.268038e+01 -7.013813e-01 
 2.268070e+01 -6.921004e-01 
 2.268102e+01 -6.809640e-01 
 2.268135e+01 -6.688816e-01 
 2.268167e+01 -6.549840e-01 
 2.268199e+01 -6.386773e-01 
 2.268232e+01 -5.729299e-01 
 2.268264e+01 -5.633689e-01 
 2.268296e+01 -5.615264e-01 
 2.268328e+01 -5.661523e-01 
 2.268361e+01 -5.734400e-01 
 2.268393e+01 -5.789718e-01 
 2.268425e+01 -5.810410e-01 
 2.268458e+01 -5.779200e-01 
 2.268490e+01 -5.689405e-01 
 2.268522e+01 -5.558574e-01 
 2.268555e+01 -5.408932e-01 
 2.268587e+01 -5.264459e-01 
 2.268619e+01 -5.189079e-01 
 2.268651e+01 -5.173942e-01 
 2.268684e+01 -5.191799e-01 
 2.268716e+01 -5.207787e-01 
 2.268748e+01 -5.240586e-01 
 2.268781e+01 -5.303072e-01 
 2.268813e+01 -5.381438e-01 
 2.268845e+01 -5.457860e-01 
 2.268878e+01 -5.501263e-01 
 2.268910e+01 -5.511510e-01 
 2.268942e+01 -5.485113e-01 
 2.268974e+01 -5.435509e-01 
 2.269007e+01 -5.401619e-01 
 2.269039e+01 -5.423488e-01 
 2.269071e+01 -5.482596e-01 
 2.269104e+01 -5.559209e-01 
 2.269136e+01 -5.688009e-01 
 2.269168e+01 -5.856563e-01 
 2.269201e+01 -6.013375e-01 
 2.269233e+01 -6.131282e-01 
 2.269265e+01 -6.222295e-01 
 2.269297e+01 -6.294001e-01 
 2.269330e+01 -6.376154e-01 
 2.269362e+01 -6.470067e-01 
 2.269394e+01 -6.562990e-01 
 2.269427e+01 -6.652902e-01 
 2.269459e+01 -6.736383e-01 
 2.269491e+01 -6.813603e-01 
 2.269523e+01 -6.893693e-01 
 2.269556e+01 -6.965281e-01 
 2.269588e+01 -7.021948e-01 
 2.269620e+01 -7.058793e-01 
 2.269653e+01 -7.097975e-01 
 2.269685e+01 -7.173075e-01 
 2.269717e+01 -7.254184e-01 
 2.269750e+01 -7.275043e-01 
 2.269782e+01 -7.012659e-01 
 2.269814e+01 -6.868624e-01 
 2.269846e+01 -6.848688e-01 
 2.269879e+01 -6.818597e-01 
 2.269911e+01 -6.823675e-01 
 2.269943e+01 -6.788322e-01 
 2.269976e+01 -6.792731e-01 
 2.270008e+01 -6.826528e-01 
 2.270040e+01 -6.877071e-01 
 2.270073e+01 -6.952807e-01 
 2.270105e+01 -7.050471e-01 
 2.270137e+01 -7.122898e-01 
 2.270169e+01 -7.180916e-01 
 2.270202e+01 -7.275062e-01 
 2.270234e+01 -7.354831e-01 
 2.270266e+01 -7.413933e-01 
 2.270299e+01 -7.457026e-01 
 2.270331e+01 -7.531134e-01 
 2.270363e+01 -7.630778e-01 
 2.270396e+01 -7.735523e-01 
 2.270428e+01 -7.834739e-01 
 2.270460e+01 -7.855155e-01 
 2.270492e+01 -7.375416e-01 
 2.270525e+01 -7.348987e-01 
 2.270557e+01 -7.301521e-01 
 2.270589e+01 -7.048536e-01 
 2.270622e+01 -6.961838e-01 
 2.270654e+01 -6.725693e-01 
 2.270686e+01 -6.706418e-01 
 2.270719e+01 -6.688109e-01 
 2.270751e+01 -6.691880e-01 
 2.270783e+01 -6.676486e-01 
 2.270815e+01 -6.681735e-01 
 2.270848e+01 -6.732512e-01 
 2.270880e+01 -6.802353e-01 
 2.270912e+01 -6.877314e-01 
 2.270945e+01 -6.873743e-01 
 2.270977e+01 -6.829149e-01 
 2.271009e+01 -6.786518e-01 
 2.271042e+01 -6.696245e-01 
 2.271074e+01 -6.573650e-01 
 2.271106e+01 -5.922212e-01 
 2.271138e+01 -5.840139e-01 
 2.271171e+01 -5.985957e-01 
 2.271203e+01 -6.182887e-01 
 2.271235e+01 -6.335009e-01 
 2.271268e+01 -6.502421e-01 
 2.271300e+01 -6.578974e-01 
 2.271332e+01 -6.611223e-01 
 2.271365e+01 -6.612607e-01 
 2.271397e+01 -6.580699e-01 
 2.271429e+01 -6.519989e-01 
 2.271461e+01 -6.443913e-01 
 2.271494e+01 -6.378187e-01 
 2.271526e+01 -6.299878e-01 
 2.271558e+01 -6.262426e-01 
 2.271591e+01 -6.267246e-01 
 2.271623e+01 -6.317363e-01 
 2.271655e+01 -6.410752e-01 
 2.271688e+01 -6.515346e-01 
 2.271720e+01 -6.772847e-01 
 2.271752e+01 -7.013651e-01 
 2.271784e+01 -7.183935e-01 
 2.271817e+01 -7.306312e-01 
 2.271849e+01 -7.389732e-01 
 2.271881e+01 -7.503884e-01 
 2.271914e+01 -7.615783e-01 
 2.271946e+01 -7.719666e-01 
 2.271978e+01 -7.767200e-01 
 2.272011e+01 -6.760590e-01 
 2.272043e+01 -6.633859e-01 
 2.272075e+01 -6.734478e-01 
 2.272107e+01 -6.758431e-01 
 2.272140e+01 -6.712302e-01 
 2.272172e+01 -6.651555e-01 
 2.272204e+01 -6.547781e-01 
 2.272237e+01 -6.507992e-01 
 2.272269e+01 -6.530920e-01 
 2.272301e+01 -6.327054e-01 
 2.272333e+01 -6.265243e-01 
 2.272366e+01 -6.269827e-01 
 2.272398e+01 -6.313425e-01 
 2.272430e+01 -6.407392e-01 
 2.272462e+01 -6.506714e-01 
 2.272494e+01 -6.548211e-01 
 2.272526e+01 -6.548073e-01 
 2.272559e+01 -6.477804e-01 
 2.272591e+01 -6.200101e-01 
 2.272623e+01 -6.150362e-01 
 2.272655e+01 -6.152869e-01 
 2.272687e+01 -6.190365e-01 
 2.272720e+01 -6.242297e-01 
 2.272752e+01 -6.307257e-01 
 2.272784e+01 -6.427491e-01 
 2.272817e+01 -6.459196e-01 
 2.272849e+01 -6.474229e-01 
 2.272881e+01 -6.492525e-01 
 2.272913e+01 -6.491778e-01 
 2.272946e+01 -6.521873e-01 
 2.272978e+01 -6.514666e-01 
 2.273010e+01 -6.503137e-01 
 2.273043e+01 -6.506509e-01 
 2.273075e+01 -6.507564e-01 
 2.273107e+01 -6.559416e-01 
 2.273140e+01 -6.606463e-01 
 2.273172e+01 -6.654165e-01 
 2.273204e+01 -6.696486e-01 
 2.273236e+01 -6.501079e-01 
 2.273269e+01 -6.562540e-01 
 2.273301e+01 -6.548984e-01 
 2.273333e+01 -6.447724e-01 
 2.273366e+01 -6.274697e-01 
 2.273398e+01 -6.114696e-01 
 2.273430e+01 -5.963093e-01 
 2.273463e+01 -5.536966e-01 
 2.273495e+01 -5.545511e-01 
 2.273527e+01 -5.586505e-01 
 2.273559e+01 -5.673402e-01 
 2.273592e+01 -5.770320e-01 
 2.273624e+01 -5.870780e-01 
 2.273656e+01 -5.956765e-01 
 2.273689e+01 -6.014921e-01 
 2.273721e+01 -6.013501e-01 
 2.273753e+01 -6.008871e-01 
 2.273785e+01 -6.008917e-01 
 2.273818e+01 -6.012325e-01 
 2.273850e+01 -6.000209e-01 
 2.273882e+01 -6.081073e-01 
 2.273915e+01 -6.328891e-01 
 2.273947e+01 -6.670990e-01 
 2.273979e+01 -6.851676e-01 
 2.274012e+01 -7.030930e-01 
 2.274044e+01 -7.154681e-01 
 2.274076e+01 -7.331242e-01 
 2.274108e+01 -7.553618e-01 
 2.274141e+01 -7.684389e-01 
 2.274173e+01 -7.750284e-01 
 2.274205e+01 -7.843818e-01 
 2.274238e+01 -7.895128e-01 
 2.274270e+01 -7.972429e-01 
 2.274302e+01 -8.109557e-01 
 2.274335e+01 -8.450127e-01 
 2.274367e+01 -8.591907e-01 
 2.274399e+01 -8.717470e-01 
 2.274431e+01 -8.822228e-01 
 2.274464e+01 -8.958729e-01 
 2.274496e+01 -8.897989e-01 
 2.274528e+01 -8.965387e-01 
 2.274561e+01 -8.979946e-01 
 2.274593e+01 -8.973974e-01 
 2.274625e+01 -8.931464e-01 
 2.274658e+01 -8.968190e-01 
 2.274690e+01 -9.034358e-01 
 2.274722e+01 -9.061018e-01 
 2.274754e+01 -9.116410e-01 
 2.274787e+01 -9.159590e-01 
 2.274819e+01 -9.193337e-01 
 2.274851e+01 -9.253093e-01 
 2.274884e+01 -9.286018e-01 
 2.274916e+01 -9.315387e-01 
 2.274948e+01 -9.312475e-01 
 2.274981e+01 -9.288911e-01 
 2.275013e+01 -9.308287e-01 
 2.275045e+01 -9.298287e-01 
 2.275077e+01 -9.260050e-01 
 2.275110e+01 -9.267412e-01 
 2.275142e+01 -9.253397e-01 
 2.275174e+01 -9.378013e-01 
 2.275207e+01 -9.432494e-01 
 2.275239e+01 -9.513078e-01 
 2.275271e+01 -9.601546e-01 
 2.275304e+01 -9.691435e-01 
 2.275336e+01 -9.803275e-01 
 2.275368e+01 -9.866998e-01 
 2.275400e+01 -9.899262e-01 
 2.275433e+01 -9.911769e-01 
 2.275465e+01 -9.952518e-01 
 2.275497e+01 -1.001420e+00 
 2.275530e+01 -1.009474e+00 
 2.275562e+01 -1.013815e+00 
 2.275594e+01 -1.020539e+00 
 2.275627e+01 -1.024824e+00 
 2.275659e+01 -1.032127e+00 
 2.275691e+01 -1.043930e+00 
 2.275723e+01 -1.053593e+00 
 2.275756e+01 -1.061407e+00 
 2.275788e+01 -1.066436e+00 
 2.275820e+01 -1.070352e+00 
 2.275853e+01 -1.075835e+00 
 2.275885e+01 -1.078767e+00 
 2.275917e+01 -1.077959e+00 
 2.275950e+01 -1.074878e+00 
 2.275982e+01 -1.073062e+00 
 2.276014e+01 -1.070811e+00 
 2.276046e+01 -1.070850e+00 
 2.276079e+01 -1.072533e+00 
 2.276111e+01 -1.078988e+00 
 2.276143e+01 -1.086367e+00 
 2.276176e+01 -1.131400e+00 
 2.276208e+01 -1.155815e+00 
 2.276240e+01 -1.161110e+00 
 2.276273e+01 -1.162392e+00 
 2.276305e+01 -1.180115e+00 
 2.276337e+01 -1.188135e+00 
 2.276369e+01 -1.189976e+00 
 2.276402e+01 -1.190466e+00 
 2.276434e+01 -1.190696e+00 
 2.276466e+01 -1.192446e+00 
 2.276499e+01 -1.191427e+00 
 2.276531e+01 -1.198389e+00 
 2.276563e+01 -1.204857e+00 
 2.276596e+01 -1.204547e+00 
 2.276628e+01 -1.198285e+00 
 2.276660e+01 -1.195584e+00 
 2.276692e+01 -1.224050e+00 
 2.276725e+01 -1.228797e+00 
 2.276757e+01 -1.231457e+00 
 2.276789e+01 -1.206064e+00 
 2.276822e+01 -1.205406e+00 
 2.276854e+01 -1.210774e+00 
 2.276886e+01 -1.217800e+00 
 2.276919e+01 -1.234399e+00 
 2.276951e+01 -1.260129e+00 
 2.276983e+01 -1.259882e+00 
 2.277015e+01 -1.256905e+00 
 2.277048e+01 -1.256275e+00 
 2.277080e+01 -1.257375e+00 
 2.277112e+01 -1.255380e+00 
 2.277145e+01 -1.251690e+00 
 2.277177e+01 -1.257288e+00 
 2.277209e+01 -1.275279e+00 
 2.277241e+01 -1.273641e+00 
 2.277274e+01 -1.283526e+00 
 2.277306e+01 -1.284677e+00 
 2.277338e+01 -1.263991e+00 
 2.277371e+01 -1.261970e+00 
 2.277403e+01 -1.230560e+00 
 2.277435e+01 -1.219147e+00 
 2.277468e+01 -1.206251e+00 
 2.277500e+01 -1.178481e+00 
 2.277532e+01 -1.176626e+00 
 2.277564e+01 -1.182279e+00 
 2.277597e+01 -1.185356e+00 
 2.277629e+01 -1.180201e+00 
 2.277661e+01 -1.181849e+00 
 2.277694e+01 -1.182315e+00 
 2.277726e+01 -1.188102e+00 
 2.277758e+01 -1.194429e+00 
 2.277791e+01 -1.191199e+00 
 2.277823e+01 -1.192666e+00 
 2.277855e+01 -1.200630e+00 
 2.277887e+01 -1.227053e+00 
 2.277920e+01 -1.232059e+00 
 2.277952e+01 -1.244309e+00 
 2.277984e+01 -1.255909e+00 
 2.278017e+01 -1.272963e+00 
 2.278049e+01 -1.259740e+00 
 2.278081e+01 -1.272136e+00 
 2.278114e+01 -1.280676e+00 
 2.278146e+01 -1.291253e+00 
 2.278178e+01 -1.290888e+00 
 2.278210e+01 -1.285232e+00 
 2.278243e+01 -1.272879e+00 
 2.278275e+01 -1.261190e+00 
 2.278307e+01 -1.250923e+00 
 2.278340e+01 -1.216655e+00 
 2.278372e+01 -1.210135e+00 
 2.278404e+01 -1.212567e+00 
 2.278437e+01 -1.219990e+00 
 2.278469e+01 -1.227845e+00 
 2.278501e+01 -1.225358e+00 
 2.278533e+01 -1.220433e+00 
 2.278566e+01 -1.215821e+00 
 2.278598e+01 -1.208158e+00 
 2.278630e+01 -1.198927e+00 
 2.278663e+01 -1.164425e+00 
 2.278695e+01 -1.158159e+00 
 2.278727e+01 -1.155102e+00 
 2.278760e+01 -1.160562e+00 
 2.278792e+01 -1.177640e+00 
 2.278824e+01 -1.186687e+00 
 2.278856e+01 -1.191368e+00 
 2.278889e+01 -1.212611e+00 
 2.278921e+01 -1.226548e+00 
 2.278953e+01 -1.231221e+00 
 2.278986e+01 -1.235092e+00 
 2.279018e+01 -1.237140e+00 
 2.279050e+01 -1.250361e+00 
 2.279083e+01 -1.261911e+00 
 2.279115e+01 -1.276813e+00 
 2.279147e+01 -1.295945e+00 
 2.279179e+01 -1.311351e+00 
 2.279212e+01 -1.325816e+00 
 2.279244e+01 -1.340568e+00 
 2.279276e+01 -1.356329e+00 
 2.279309e+01 -1.369462e+00 
 2.279341e+01 -1.308041e+00 
 2.279373e+01 -1.298904e+00 
 2.279406e+01 -1.290641e+00 
 2.279438e+01 -1.281767e+00 
 2.279470e+01 -1.256954e+00 
 2.279502e+01 -1.250203e+00 
 2.279535e+01 -1.231437e+00 
 2.279567e+01 -1.236063e+00 
 2.279599e+01 -1.256217e+00 
 2.279632e+01 -1.258843e+00 
 2.279664e+01 -1.262013e+00 
 2.279696e+01 -1.206647e+00 
 2.279729e+01 -1.201258e+00 
 2.279761e+01 -1.175287e+00 
 2.279793e+01 -1.177463e+00 
 2.279825e+01 -1.174750e+00 
 2.279858e+01 -1.169319e+00 
 2.279890e+01 -1.160678e+00 
 2.279922e+01 -1.152542e+00 
 2.279955e+01 -1.149480e+00 
 2.279987e+01 -1.147370e+00 
 2.280019e+01 -1.145025e+00 
 2.280052e+01 -1.144251e+00 
 2.280084e+01 -1.151818e+00 
 2.280116e+01 -1.173927e+00 
 2.280148e+01 -1.196787e+00 
 2.280181e+01 -1.219986e+00 
 2.280213e+01 -1.240551e+00 
 2.280245e+01 -1.258036e+00 
 2.280278e+01 -1.154613e+00 
 2.280310e+01 -1.158759e+00 
 2.280342e+01 -1.137347e+00 
 2.280375e+01 -1.156650e+00 
 2.280407e+01 -1.167433e+00 
 2.280439e+01 -1.164642e+00 
 2.280471e+01 -1.161409e+00 
 2.280504e+01 -1.159348e+00 
 2.280536e+01 -1.159586e+00 
 2.280568e+01 -1.161732e+00 
 2.280601e+01 -1.171017e+00 
 2.280633e+01 -1.185302e+00 
 2.280665e+01 -1.198329e+00 
 2.280698e+01 -1.212368e+00 
 2.280730e+01 -1.216267e+00 
 2.280762e+01 -1.220438e+00 
 2.280794e+01 -1.218571e+00 
 2.280827e+01 -1.168043e+00 
 2.280859e+01 -1.155151e+00 
 2.280891e+01 -1.142372e+00 
 2.280924e+01 -1.136878e+00 
 2.280956e+01 -1.141474e+00 
 2.280988e+01 -1.165073e+00 
 2.281020e+01 -1.217925e+00 
 2.281053e+01 -1.239998e+00 
 2.281085e+01 -1.262900e+00 
 2.281117e+01 -1.275535e+00 
 2.281150e+01 -1.281678e+00 
 2.281182e+01 -1.283556e+00 
 2.281214e+01 -1.274073e+00 
 2.281247e+01 -1.262467e+00 
 2.281279e+01 -1.249745e+00 
 2.281311e+01 -1.240858e+00 
 2.281343e+01 -1.237754e+00 
 2.281376e+01 -1.236678e+00 
 2.281408e+01 -1.240788e+00 
 2.281440e+01 -1.241538e+00 
 2.281473e+01 -1.244459e+00 
 2.281505e+01 -1.240869e+00 
 2.281537e+01 -1.238580e+00 
 2.281570e+01 -1.192664e+00 
 2.281602e+01 -1.183719e+00 
 2.281634e+01 -1.171476e+00 
 2.281666e+01 -1.156690e+00 
 2.281699e+01 -1.143442e+00 
 2.281731e+01 -1.134908e+00 
 2.281763e+01 -1.131244e+00 
 2.281796e+01 -1.132071e+00 
 2.281828e+01 -1.134737e+00 
 2.281860e+01 -1.146065e+00 
 2.281893e+01 -1.138260e+00 
 2.281925e+01 -1.139118e+00 
 2.281957e+01 -1.136783e+00 
 2.281989e+01 -1.132541e+00 
 2.282022e+01 -1.124623e+00 
 2.282054e+01 -1.114101e+00 
 2.282086e+01 -1.102033e+00 
 2.282119e+01 -1.091376e+00 
 2.282151e+01 -1.088238e+00 
 2.282183e+01 -1.094869e+00 
 2.282216e+01 -1.103219e+00 
 2.282248e+01 -1.118960e+00 
 2.282280e+01 -1.131368e+00 
 2.282312e+01 -1.141656e+00 
 2.282345e+01 -1.152149e+00 
 2.282377e+01 -1.156758e+00 
 2.282409e+01 -1.153669e+00 
 2.282442e+01 -1.138724e+00 
 2.282474e+01 -1.125559e+00 
 2.282506e+01 -1.116318e+00 
 2.282539e+01 -1.111815e+00 
 2.282571e+01 -1.110758e+00 
 2.282603e+01 -1.113210e+00 
 2.282635e+01 -1.114672e+00 
 2.282668e+01 -1.116402e+00 
 2.282700e+01 -1.117004e+00 
 2.282732e+01 -1.112307e+00 
 2.282765e+01 -1.101480e+00 
 2.282797e+01 -1.086120e+00 
 2.282829e+01 -1.069967e+00 
 2.282862e+01 -1.056787e+00 
 2.282894e+01 -1.048236e+00 
 2.282926e+01 -1.044333e+00 
 2.282958e+01 -1.042677e+00 
 2.282991e+01 -1.043668e+00 
 2.283023e+01 -1.047588e+00 
 2.283055e+01 -1.048628e+00 
 2.283088e+01 -1.046546e+00 
 2.283120e+01 -1.039464e+00 
 2.283152e+01 -1.030057e+00 
 2.283185e+01 -1.021303e+00 
 2.283217e+01 -1.012446e+00 
 2.283249e+01 -1.014554e+00 
 2.283281e+01 -1.024008e+00 
 2.283314e+01 -1.021452e+00 
 2.283346e+01 -1.021377e+00 
 2.283378e+01 -1.024233e+00 
 2.283411e+01 -1.028763e+00 
 2.283443e+01 -1.033127e+00 
 2.283475e+01 -1.057489e+00 
 2.283508e+01 -1.063433e+00 
 2.283540e+01 -1.070888e+00 
 2.283572e+01 -1.080458e+00 
 2.283604e+01 -1.089090e+00 
 2.283637e+01 -1.093942e+00 
 2.283669e+01 -1.094487e+00 
 2.283701e+01 -1.092183e+00 
 2.283734e+01 -1.090034e+00 
 2.283766e+01 -1.090060e+00 
 2.283798e+01 -1.090298e+00 
 2.283831e+01 -1.093537e+00 
 2.283863e+01 -1.099931e+00 
 2.283895e+01 -1.109825e+00 
 2.283927e+01 -1.118932e+00 
 2.283960e+01 -1.126256e+00 
 2.283992e+01 -1.141809e+00 
 2.284024e+01 -1.146253e+00 
 2.284057e+01 -1.152242e+00 
 2.284089e+01 -1.158305e+00 
 2.284121e+01 -1.138285e+00 
 2.284153e+01 -1.121115e+00 
 2.284186e+01 -1.099013e+00 
 2.284218e+01 -1.102539e+00 
 2.284250e+01 -1.107981e+00 
 2.284283e+01 -1.099805e+00 
 2.284315e+01 -1.112976e+00 
 2.284347e+01 -1.122785e+00 
 2.284380e+01 -1.131412e+00 
 2.284412e+01 -1.140125e+00 
 2.284444e+01 -1.148749e+00 
 2.284476e+01 -1.062136e+00 
 2.284509e+01 -1.051095e+00 
 2.284541e+01 -1.040149e+00 
 2.284573e+01 -1.032904e+00 
 2.284606e+01 -1.025458e+00 
 2.284638e+01 -1.016768e+00 
 2.284670e+01 -1.012952e+00 
 2.284703e+01 -1.014327e+00 
 2.284735e+01 -1.023157e+00 
 2.284767e+01 -1.037053e+00 
 2.284799e+01 -1.052527e+00 
 2.284832e+01 -1.067493e+00 
 2.284864e+01 -1.077294e+00 
 2.284896e+01 -1.081392e+00 
 2.284929e+01 -1.080794e+00 
 2.284961e+01 -1.073849e+00 
 2.284993e+01 -1.064771e+00 
 2.285026e+01 -1.057127e+00 
 2.285058e+01 -1.051674e+00 
 2.285090e+01 -1.060217e+00 
 2.285122e+01 -1.073649e+00 
 2.285155e+01 -1.092919e+00 
 2.285187e+01 -1.118358e+00 
 2.285219e+01 -1.143782e+00 
 2.285252e+01 -1.170241e+00 
 2.285284e+01 -1.190198e+00 
 2.285316e+01 -1.200990e+00 
 2.285349e+01 -1.204324e+00 
 2.285381e+01 -1.203571e+00 
 2.285413e+01 -1.206024e+00 
 2.285445e+01 -1.168107e+00 
 2.285478e+01 -1.174480e+00 
 2.285510e+01 -1.187054e+00 
 2.285542e+01 -1.203480e+00 
 2.285575e+01 -1.224566e+00 
 2.285607e+01 -1.243974e+00 
 2.285639e+01 -1.290959e+00 
 2.285672e+01 -1.322351e+00 
 2.285704e+01 -1.338135e+00 
 2.285736e+01 -1.345431e+00 
 2.285768e+01 -1.306886e+00 
 2.285801e+01 -1.310360e+00 
 2.285833e+01 -1.314188e+00 
 2.285865e+01 -1.283753e+00 
 2.285898e+01 -1.288404e+00 
 2.285930e+01 -1.295469e+00 
 2.285962e+01 -1.304572e+00 
 2.285995e+01 -1.313414e+00 
 2.286027e+01 -1.321739e+00 
 2.286059e+01 -1.328790e+00 
 2.286091e+01 -1.310619e+00 
 2.286124e+01 -1.311198e+00 
 2.286156e+01 -1.310670e+00 
 2.286188e+01 -1.309903e+00 
 2.286221e+01 -1.305531e+00 
 2.286253e+01 -1.313337e+00 
 2.286285e+01 -1.333823e+00 
 2.286318e+01 -1.355986e+00 
 2.286350e+01 -1.380728e+00 
 2.286382e+01 -1.411004e+00 
 2.286414e+01 -1.447542e+00 
 2.286447e+01 -1.485998e+00 
 2.286479e+01 -1.496654e+00 
 2.286511e+01 -1.506989e+00 
 2.286544e+01 -1.383918e+00 
 2.286576e+01 -1.382338e+00 
 2.286608e+01 -1.367244e+00 
 2.286641e+01 -1.378636e+00 
 2.286673e+01 -1.357414e+00 
 2.286705e+01 -1.338410e+00 
 2.286737e+01 -1.328996e+00 
 2.286770e+01 -1.333454e+00 
 2.286802e+01 -1.350165e+00 
 2.286834e+01 -1.372379e+00 
 2.286867e+01 -1.391805e+00 
 2.286899e+01 -1.404793e+00 
 2.286931e+01 -1.408481e+00 
 2.286964e+01 -1.405387e+00 
 2.286996e+01 -1.361345e+00 
 2.287028e+01 -1.346467e+00 
 2.287060e+01 -1.329802e+00 
 2.287093e+01 -1.340586e+00 
 2.287125e+01 -1.347135e+00 
 2.287157e+01 -1.353914e+00 
 2.287190e+01 -1.394481e+00 
 2.287222e+01 -1.415244e+00 
 2.287254e+01 -1.440949e+00 
 2.287287e+01 -1.466082e+00 
 2.287319e+01 -1.457492e+00 
 2.287351e+01 -1.473023e+00 
 2.287383e+01 -1.469590e+00 
 2.287416e+01 -1.463322e+00 
 2.287448e+01 -1.448821e+00 
 2.287480e+01 -1.430723e+00 
 2.287513e+01 -1.425560e+00 
 2.287545e+01 -1.386252e+00 
 2.287577e+01 -1.386900e+00 
 2.287609e+01 -1.395124e+00 
 2.287642e+01 -1.412164e+00 
 2.287674e+01 -1.364775e+00 
 2.287706e+01 -1.379784e+00 
 2.287739e+01 -1.394072e+00 
 2.287771e+01 -1.399508e+00 
 2.287803e+01 -1.390203e+00 
 2.287836e+01 -1.376044e+00 
 2.287868e+01 -1.359081e+00 
 2.287900e+01 -1.340880e+00 
 2.287932e+01 -1.326652e+00 
 2.287965e+01 -1.321110e+00 
 2.287997e+01 -1.327544e+00 
 2.288029e+01 -1.345739e+00 
 2.288062e+01 -1.352694e+00 
 2.288094e+01 -1.371100e+00 
 2.288126e+01 -1.391353e+00 
 2.288159e+01 -1.403740e+00 
 2.288191e+01 -1.407560e+00 
 2.288223e+01 -1.398732e+00 
 2.288255e+01 -1.389265e+00 
 2.288288e+01 -1.377842e+00 
 2.288320e+01 -1.366336e+00 
 2.288352e+01 -1.364146e+00 
 2.288385e+01 -1.373551e+00 
 2.288417e+01 -1.392391e+00 
 2.288449e+01 -1.417958e+00 
 2.288482e+01 -1.449475e+00 
 2.288514e+01 -1.481448e+00 
 2.288546e+01 -1.506138e+00 
 2.288578e+01 -1.517269e+00 
 2.288611e+01 -1.515685e+00 
 2.288643e+01 -1.503554e+00 
 2.288675e+01 -1.466574e+00 
 2.288708e+01 -1.444852e+00 
 2.288740e+01 -1.423615e+00 
 2.288772e+01 -1.421229e+00 
 2.288805e+01 -1.432290e+00 
 2.288837e+01 -1.456891e+00 
 2.288869e+01 -1.480603e+00 
 2.288901e+01 -1.502233e+00 
 2.288934e+01 -1.520949e+00 
 2.288966e+01 -1.535858e+00 
 2.288998e+01 -1.495800e+00 
 2.289031e+01 -1.439689e+00 
 2.289063e+01 -1.423862e+00 
 2.289095e+01 -1.410315e+00 
 2.289128e+01 -1.398367e+00 
 2.289160e+01 -1.385845e+00 
 2.289192e+01 -1.381234e+00 
 2.289224e+01 -1.387261e+00 
 2.289257e+01 -1.396930e+00 
 2.289289e+01 -1.411048e+00 
 2.289321e+01 -1.425534e+00 
 2.289354e+01 -1.434553e+00 
 2.289386e+01 -1.438177e+00 
 2.289418e+01 -1.431337e+00 
 2.289451e+01 -1.417769e+00 
 2.289483e+01 -1.397220e+00 
 2.289515e+01 -1.369580e+00 
 2.289547e+01 -1.346843e+00 
 2.289580e+01 -1.335232e+00 
 2.289612e+01 -1.330280e+00 
 2.289644e+01 -1.342197e+00 
 2.289677e+01 -1.361844e+00 
 2.289709e+01 -1.384218e+00 
 2.289741e+01 -1.405072e+00 
 2.289774e+01 -1.418600e+00 
 2.289806e+01 -1.437397e+00 
 2.289838e+01 -1.428800e+00 
 2.289870e+01 -1.428537e+00 
 2.289903e+01 -1.431238e+00 
 2.289935e+01 -1.438660e+00 
 2.289967e+01 -1.452524e+00 
 2.290000e+01 -1.472153e+00 
 2.290032e+01 -1.359653e+00 
 2.290064e+01 -1.375496e+00 
 2.290097e+01 -1.391075e+00 
 2.290129e+01 -1.404386e+00 
 2.290161e+01 -1.405924e+00 
 2.290193e+01 -1.401391e+00 
 2.290226e+01 -1.393727e+00 
 2.290258e+01 -1.389850e+00 
 2.290290e+01 -1.390663e+00 
 2.290323e+01 -1.397931e+00 
 2.290355e+01 -1.409242e+00 
 2.290387e+01 -1.424109e+00 
 2.290420e+01 -1.437861e+00 
 2.290452e+01 -1.454813e+00 
 2.290484e+01 -1.459549e+00 
 2.290516e+01 -1.466164e+00 
 2.290549e+01 -1.487247e+00 
 2.290581e+01 -1.482595e+00 
 2.290613e+01 -1.481170e+00 
 2.290646e+01 -1.478171e+00 
 2.290678e+01 -1.474075e+00 
 2.290710e+01 -1.469772e+00 
 2.290743e+01 -1.467444e+00 
 2.290775e+01 -1.469564e+00 
 2.290807e+01 -1.462277e+00 
 2.290839e+01 -1.462305e+00 
 2.290872e+01 -1.478880e+00 
 2.290904e+01 -1.492668e+00 
 2.290936e+01 -1.502414e+00 
 2.290969e+01 -1.510477e+00 
 2.291001e+01 -1.518169e+00 
 2.291033e+01 -1.522818e+00 
 2.291065e+01 -1.523419e+00 
 2.291098e+01 -1.546913e+00 
 2.291130e+01 -1.556895e+00 
 2.291162e+01 -1.553049e+00 
 2.291195e+01 -1.551119e+00 
 2.291227e+01 -1.545691e+00 
 2.291259e+01 -1.548980e+00 
 2.291292e+01 -1.552371e+00 
 2.291324e+01 -1.558995e+00 
 2.291356e+01 -1.564490e+00 
 2.291388e+01 -1.568524e+00 
 2.291421e+01 -1.569767e+00 
 2.291453e+01 -1.564984e+00 
 2.291485e+01 -1.552415e+00 
 2.291518e+01 -1.536452e+00 
 2.291550e+01 -1.515997e+00 
 2.291582e+01 -1.502410e+00 
 2.291615e+01 -1.490578e+00 
 2.291647e+01 -1.476743e+00 
 2.291679e+01 -1.472093e+00 
 2.291711e+01 -1.471314e+00 
 2.291744e+01 -1.445563e+00 
 2.291776e+01 -1.429104e+00 
 2.291808e+01 -1.423920e+00 
 2.291841e+01 -1.423766e+00 
 2.291873e+01 -1.418339e+00 
 2.291905e+01 -1.406996e+00 
 2.291938e+01 -1.394491e+00 
 2.291970e+01 -1.384142e+00 
 2.292002e+01 -1.349447e+00 
 2.292034e+01 -1.343513e+00 
 2.292067e+01 -1.339930e+00 
 2.292099e+01 -1.339623e+00 
 2.292131e+01 -1.343845e+00 
 2.292164e+01 -1.351010e+00 
 2.292196e+01 -1.362934e+00 
 2.292228e+01 -1.346070e+00 
 2.292261e+01 -1.357033e+00 
 2.292293e+01 -1.363468e+00 
 2.292325e+01 -1.362641e+00 
 2.292357e+01 -1.348254e+00 
 2.292390e+01 -1.330756e+00 
 2.292422e+01 -1.307863e+00 
 2.292454e+01 -1.286765e+00 
 2.292487e+01 -1.275320e+00 
 2.292519e+01 -1.230683e+00 
 2.292551e+01 -1.235825e+00 
 2.292584e+01 -1.254910e+00 
 2.292616e+01 -1.280106e+00 
 2.292648e+01 -1.305087e+00 
 2.292680e+01 -1.323198e+00 
 2.292713e+01 -1.331068e+00 
 2.292745e+01 -1.325709e+00 
 2.292777e+01 -1.312272e+00 
 2.292810e+01 -1.294758e+00 
 2.292842e+01 -1.280669e+00 
 2.292874e+01 -1.274899e+00 
 2.292907e+01 -1.277449e+00 
 2.292939e+01 -1.288097e+00 
 2.292971e+01 -1.303685e+00 
 2.293003e+01 -1.342719e+00 
 2.293036e+01 -1.373464e+00 
 2.293068e+01 -1.378146e+00 
 2.293100e+01 -1.377478e+00 
 2.293133e+01 -1.378580e+00 
 2.293165e+01 -1.369005e+00 
 2.293197e+01 -1.361095e+00 
 2.293230e+01 -1.349392e+00 
 2.293262e+01 -1.338306e+00 
 2.293294e+01 -1.332072e+00 
 2.293326e+01 -1.331372e+00 
 2.293359e+01 -1.335330e+00 
 2.293391e+01 -1.339694e+00 
 2.293423e+01 -1.346593e+00 
 2.293456e+01 -1.344648e+00 
 2.293488e+01 -1.344415e+00 
 2.293520e+01 -1.334275e+00 
 2.293553e+01 -1.296261e+00 
 2.293585e+01 -1.270608e+00 
 2.293617e+01 -1.259453e+00 
 2.293649e+01 -1.246074e+00 
 2.293682e+01 -1.233494e+00 
 2.293714e+01 -1.224064e+00 
 2.293746e+01 -1.217390e+00 
 2.293779e+01 -1.219660e+00 
 2.293811e+01 -1.226016e+00 
 2.293843e+01 -1.232325e+00 
 2.293876e+01 -1.238114e+00 
 2.293908e+01 -1.240029e+00 
 2.293940e+01 -1.236367e+00 
 2.293972e+01 -1.229304e+00 
 2.294005e+01 -1.221300e+00 
 2.294037e+01 -1.213889e+00 
 2.294069e+01 -1.204489e+00 
 2.294102e+01 -1.198923e+00 
 2.294134e+01 -1.195192e+00 
 2.294166e+01 -1.194223e+00 
 2.294199e+01 -1.194385e+00 
 2.294231e+01 -1.195195e+00 
 2.294263e+01 -1.194872e+00 
 2.294295e+01 -1.190731e+00 
 2.294328e+01 -1.187628e+00 
 2.294360e+01 -1.179522e+00 
 2.294392e+01 -1.170360e+00 
 2.294425e+01 -1.164259e+00 
 2.294457e+01 -1.160965e+00 
 2.294489e+01 -1.162654e+00 
 2.294522e+01 -1.169066e+00 
 2.294554e+01 -1.177453e+00 
 2.294586e+01 -1.132676e+00 
 2.294618e+01 -1.132940e+00 
 2.294651e+01 -1.130238e+00 
 2.294683e+01 -1.124839e+00 
 2.294715e+01 -1.115635e+00 
 2.294748e+01 -1.105032e+00 
 2.294780e+01 -1.094224e+00 
 2.294812e+01 -1.086883e+00 
 2.294844e+01 -1.082873e+00 
 2.294877e+01 -1.084746e+00 
 2.294909e+01 -1.085540e+00 
 2.294941e+01 -1.092681e+00 
 2.294974e+01 -1.107044e+00 
 2.295006e+01 -1.118274e+00 
 2.295038e+01 -1.125501e+00 
 2.295071e+01 -1.133271e+00 
 2.295103e+01 -1.144987e+00 
 2.295135e+01 -1.160234e+00 
 2.295167e+01 -1.180501e+00 
 2.295200e+01 -1.202782e+00 
 2.295232e+01 -1.143146e+00 
 2.295264e+01 -1.161040e+00 
 2.295297e+01 -1.171311e+00 
 2.295329e+01 -1.182374e+00 
 2.295361e+01 -1.192348e+00 
 2.295394e+01 -1.197701e+00 
 2.295426e+01 -1.204547e+00 
 2.295458e+01 -1.210961e+00 
 2.295490e+01 -1.216501e+00 
 2.295523e+01 -1.223642e+00 
 2.295555e+01 -1.231858e+00 
 2.295587e+01 -1.240956e+00 
 2.295620e+01 -1.246845e+00 
 2.295652e+01 -1.250661e+00 
 2.295684e+01 -1.252391e+00 
 2.295717e+01 -1.252456e+00 
 2.295749e+01 -1.256100e+00 
 2.295781e+01 -1.262417e+00 
 2.295813e+01 -1.269079e+00 
 2.295846e+01 -1.277999e+00 
 2.295878e+01 -1.284431e+00 
 2.295910e+01 -1.288635e+00 
 2.295943e+01 -1.297543e+00 
 2.295975e+01 -1.304365e+00 
 2.296007e+01 -1.310185e+00 
 2.296040e+01 -1.312620e+00 
 2.296072e+01 -1.313291e+00 
 2.296104e+01 -1.312426e+00 
 2.296136e+01 -1.311189e+00 
 2.296169e+01 -1.311851e+00 
 2.296201e+01 -1.286632e+00 
 2.296233e+01 -1.287723e+00 
 2.296266e+01 -1.296374e+00 
 2.296298e+01 -1.303778e+00 
 2.296330e+01 -1.308190e+00 
 2.296363e+01 -1.312743e+00 
 2.296395e+01 -1.326558e+00 
 2.296427e+01 -1.372537e+00 
 2.296459e+01 -1.384404e+00 
 2.296492e+01 -1.370990e+00 
 2.296524e+01 -1.373779e+00 
 2.296556e+01 -1.373912e+00 
 2.296589e+01 -1.380115e+00 
 2.296621e+01 -1.380358e+00 
 2.296653e+01 -1.376106e+00 
 2.296686e+01 -1.371884e+00 
 2.296718e+01 -1.365570e+00 
 2.296750e+01 -1.355970e+00 
 2.296782e+01 -1.346291e+00 
 2.296815e+01 -1.331776e+00 
 2.296847e+01 -1.295980e+00 
 2.296879e+01 -1.286682e+00 
 2.296912e+01 -1.282079e+00 
 2.296944e+01 -1.278653e+00 
 2.296976e+01 -1.276486e+00 
 2.297009e+01 -1.269077e+00 
 2.297041e+01 -1.269994e+00 
 2.297073e+01 -1.273243e+00 
 2.297105e+01 -1.279010e+00 
 2.297138e+01 -1.287198e+00 
 2.297170e+01 -1.294217e+00 
 2.297202e+01 -1.300886e+00 
 2.297235e+01 -1.304063e+00 
 2.297267e+01 -1.300234e+00 
 2.297299e+01 -1.294490e+00 
 2.297332e+01 -1.289532e+00 
 2.297364e+01 -1.288530e+00 
 2.297396e+01 -1.296802e+00 
 2.297428e+01 -1.306144e+00 
 2.297461e+01 -1.319035e+00 
 2.297493e+01 -1.332322e+00 
 2.297525e+01 -1.345317e+00 
 2.297558e+01 -1.357497e+00 
 2.297590e+01 -1.365108e+00 
 2.297622e+01 -1.368277e+00 
 2.297655e+01 -1.368313e+00 
 2.297687e+01 -1.366187e+00 
 2.297719e+01 -1.385550e+00 
 2.297751e+01 -1.403235e+00 
 2.297784e+01 -1.409948e+00 
 2.297816e+01 -1.414494e+00 
 2.297848e+01 -1.426973e+00 
 2.297881e+01 -1.439462e+00 
 2.297913e+01 -1.447602e+00 
 2.297945e+01 -1.451996e+00 
 2.297977e+01 -1.454551e+00 
 2.298010e+01 -1.452597e+00 
 2.298042e+01 -1.484529e+00 
 2.298074e+01 -1.485976e+00 
 2.298107e+01 -1.487668e+00 
 2.298139e+01 -1.491761e+00 
 2.298171e+01 -1.498682e+00 
 2.298204e+01 -1.510390e+00 
 2.298236e+01 -1.549411e+00 
 2.298268e+01 -1.588283e+00 
 2.298300e+01 -1.600631e+00 
 2.298333e+01 -1.624719e+00 
 2.298365e+01 -1.642670e+00 
 2.298397e+01 -1.662925e+00 
 2.298430e+01 -1.673909e+00 
 2.298462e+01 -1.678916e+00 
 2.298494e+01 -1.689803e+00 
 2.298527e+01 -1.697995e+00 
 2.298559e+01 -1.698177e+00 
 2.298591e+01 -1.697552e+00 
 2.298623e+01 -1.698524e+00 
 2.298656e+01 -1.634451e+00 
 2.298688e+01 -1.634099e+00 
 2.298720e+01 -1.633802e+00 
 2.298753e+01 -1.634984e+00 
 2.298785e+01 -1.637105e+00 
 2.298817e+01 -1.640009e+00 
 2.298850e+01 -1.537593e+00 
 2.298882e+01 -1.534216e+00 
 2.298914e+01 -1.522906e+00 
 2.298946e+01 -1.515714e+00 
 2.298979e+01 -1.506176e+00 
 2.299011e+01 -1.495641e+00 
 2.299043e+01 -1.487279e+00 
 2.299076e+01 -1.482909e+00 
 2.299108e+01 -1.481962e+00 
 2.299140e+01 -1.482958e+00 
 2.299173e+01 -1.475325e+00 
 2.299205e+01 -1.476715e+00 
 2.299237e+01 -1.480265e+00 
 2.299269e+01 -1.484193e+00 
 2.299302e+01 -1.482032e+00 
 2.299334e+01 -1.490772e+00 
 2.299366e+01 -1.497195e+00 
 2.299399e+01 -1.492645e+00 
 2.299431e+01 -1.488664e+00 
 2.299463e+01 -1.486297e+00 
 2.299496e+01 -1.479932e+00 
 2.299528e+01 -1.480172e+00 
 2.299560e+01 -1.480140e+00 
 2.299592e+01 -1.472981e+00 
 2.299625e+01 -1.473100e+00 
 2.299657e+01 -1.474317e+00 
 2.299689e+01 -1.474644e+00 
 2.299722e+01 -1.464480e+00 
 2.299754e+01 -1.463029e+00 
 2.299786e+01 -1.458954e+00 
 2.299819e+01 -1.453052e+00 
 2.299851e+01 -1.414319e+00 
 2.299883e+01 -1.409737e+00 
 2.299915e+01 -1.408210e+00 
 2.299948e+01 -1.411201e+00 
 2.299980e+01 -1.415681e+00 
 2.300012e+01 -1.425377e+00 
 2.300045e+01 -1.436565e+00 
 2.300077e+01 -1.447669e+00 
 2.300109e+01 -1.460026e+00 
 2.300142e+01 -1.469590e+00 
 2.300174e+01 -1.477132e+00 
 2.300206e+01 -1.485139e+00 
 2.300238e+01 -1.491924e+00 
 2.300271e+01 -1.497188e+00 
 2.300303e+01 -1.502139e+00 
 2.300335e+01 -1.508800e+00 
 2.300368e+01 -1.518370e+00 
 2.300400e+01 -1.531178e+00 
 2.300432e+01 -1.544684e+00 
 2.300465e+01 -1.568603e+00 
 2.300497e+01 -1.595618e+00 
 2.300529e+01 -1.615269e+00 
 2.300561e+01 -1.632877e+00 
 2.300594e+01 -1.652939e+00 
 2.300626e+01 -1.675378e+00 
 2.300658e+01 -1.701545e+00 
 2.300691e+01 -1.731685e+00 
 2.300723e+01 -1.761448e+00 
 2.300755e+01 -1.790232e+00 
 2.300788e+01 -1.831058e+00 
 2.300820e+01 -1.870186e+00 
 2.300852e+01 -1.896940e+00 
 2.300884e+01 -1.920366e+00 
 2.300917e+01 -1.939113e+00 
 2.300949e+01 -1.955088e+00 
 2.300981e+01 -1.968411e+00 
 2.301014e+01 -1.981732e+00 
 2.301046e+01 -1.999680e+00 
 2.301078e+01 -2.005708e+00 
 2.301111e+01 -2.019831e+00 
 2.301143e+01 -2.033582e+00 
 2.301175e+01 -2.047531e+00 
 2.301207e+01 -2.052913e+00 
 2.301240e+01 -2.055762e+00 
 2.301272e+01 -2.054942e+00 
 2.301304e+01 -2.045335e+00 
 2.301337e+01 -2.039764e+00 
 2.301369e+01 -2.033988e+00 
 2.301401e+01 -2.028309e+00 
 2.301434e+01 -2.051247e+00 
 2.301466e+01 -2.050906e+00 
 2.301498e+01 -2.049380e+00 
 2.301530e+01 -2.048811e+00 
 2.301563e+01 -2.047515e+00 
 2.301595e+01 -2.042827e+00 
 2.301627e+01 -2.034063e+00 
 2.301660e+01 -2.025013e+00 
 2.301692e+01 -2.016238e+00 
 2.301724e+01 -2.006754e+00 
 2.301756e+01 -1.998350e+00 
 2.301789e+01 -1.988413e+00 
 2.301821e+01 -1.979689e+00 
 2.301853e+01 -1.973600e+00 
 2.301886e+01 -1.971473e+00 
 2.301918e+01 -1.934403e+00 
 2.301950e+01 -1.936918e+00 
 2.301983e+01 -1.937603e+00 
 2.302015e+01 -1.925280e+00 
 2.302047e+01 -1.918005e+00 
 2.302079e+01 -1.922130e+00 
 2.302112e+01 -1.940195e+00 
 2.302144e+01 -1.957363e+00 
 2.302176e+01 -1.974888e+00 
 2.302209e+01 -1.996033e+00 
 2.302241e+01 -2.022589e+00 
 2.302273e+01 -2.053670e+00 
 2.302306e+01 -2.087782e+00 
 2.302338e+01 -2.121914e+00 
 2.302370e+01 -2.135375e+00 
 2.302402e+01 -2.167163e+00 
 2.302435e+01 -2.205145e+00 
 2.302467e+01 -2.238408e+00 
 2.302499e+01 -2.271458e+00 
 2.302532e+01 -2.295607e+00 
 2.302564e+01 -2.308856e+00 
 2.302596e+01 -2.325661e+00 
 2.302629e+01 -2.345710e+00 
 2.302661e+01 -2.368023e+00 
 2.302693e+01 -2.389603e+00 
 2.302725e+01 -2.406734e+00 
 2.302758e+01 -2.413904e+00 
 2.302790e+01 -2.383898e+00 
 2.302822e+01 -2.369054e+00 
 2.302855e+01 -2.354085e+00 
 2.302887e+01 -2.331700e+00 
 2.302919e+01 -2.308324e+00 
 2.302952e+01 -2.285808e+00 
 2.302984e+01 -2.268259e+00 
 2.303016e+01 -2.256189e+00 
 2.303048e+01 -2.251385e+00 
 2.303081e+01 -2.247068e+00 
 2.303113e+01 -2.233151e+00 
 2.303145e+01 -2.224625e+00 
 2.303178e+01 -2.215897e+00 
 2.303210e+01 -2.206807e+00 
 2.303242e+01 -2.196904e+00 
 2.303275e+01 -2.187241e+00 
 2.303307e+01 -2.176773e+00 
 2.303339e+01 -2.164769e+00 
 2.303371e+01 -2.145820e+00 
 2.303404e+01 -2.135577e+00 
 2.303436e+01 -2.127011e+00 
 2.303468e+01 -2.119553e+00 
 2.303501e+01 -2.113338e+00 
 2.303533e+01 -2.107786e+00 
 2.303565e+01 -2.102122e+00 
 2.303598e+01 -2.061409e+00 
 2.303630e+01 -2.052195e+00 
 2.303662e+01 -2.040884e+00 
 2.303694e+01 -2.025422e+00 
 2.303727e+01 -2.018724e+00 
 2.303759e+01 -2.012419e+00 
 2.303791e+01 -2.005229e+00 
 2.303824e+01 -1.997009e+00 
 2.303856e+01 -1.955625e+00 
 2.303888e+01 -1.950372e+00 
 2.303921e+01 -1.941066e+00 
 2.303953e+01 -1.903420e+00 
 2.303985e+01 -1.832874e+00 
 2.304017e+01 -1.825778e+00 
 2.304050e+01 -1.816474e+00 
 2.304082e+01 -1.806264e+00 
 2.304114e+01 -1.794394e+00 
 2.304147e+01 -1.783113e+00 
 2.304179e+01 -1.775736e+00 
 2.304211e+01 -1.772907e+00 
 2.304244e+01 -1.773638e+00 
 2.304276e+01 -1.777396e+00 
 2.304308e+01 -1.782572e+00 
 2.304340e+01 -1.766731e+00 
 2.304373e+01 -1.765002e+00 
 2.304405e+01 -1.760931e+00 
 2.304437e+01 -1.751513e+00 
 2.304470e+01 -1.740551e+00 
 2.304502e+01 -1.729584e+00 
 2.304534e+01 -1.721057e+00 
 2.304567e+01 -1.715713e+00 
 2.304599e+01 -1.707368e+00 
 2.304631e+01 -1.705775e+00 
 2.304663e+01 -1.707258e+00 
 2.304696e+01 -1.707714e+00 
 2.304728e+01 -1.705628e+00 
 2.304760e+01 -1.695043e+00 
 2.304793e+01 -1.690339e+00 
 2.304825e+01 -1.684562e+00 
 2.304857e+01 -1.680242e+00 
 2.304890e+01 -1.678749e+00 
 2.304922e+01 -1.671773e+00 
 2.304954e+01 -1.674774e+00 
 2.304986e+01 -1.680171e+00 
 2.305019e+01 -1.683814e+00 
 2.305051e+01 -1.687626e+00 
 2.305083e+01 -1.691427e+00 
 2.305116e+01 -1.692145e+00 
 2.305148e+01 -1.696339e+00 
 2.305180e+01 -1.700986e+00 
 2.305213e+01 -1.704423e+00 
 2.305245e+01 -1.706076e+00 
 2.305277e+01 -1.705816e+00 
 2.305309e+01 -1.706128e+00 
 2.305342e+01 -1.703754e+00 
 2.305374e+01 -1.700183e+00 
 2.305406e+01 -1.689837e+00 
 2.305439e+01 -1.688791e+00 
 2.305471e+01 -1.691421e+00 
 2.305503e+01 -1.664369e+00 
 2.305535e+01 -1.670533e+00 
 2.305568e+01 -1.675351e+00 
 2.305600e+01 -1.678180e+00 
 2.305632e+01 -1.679249e+00 
 2.305665e+01 -1.679758e+00 
 2.305697e+01 -1.679348e+00 
 2.305729e+01 -1.679317e+00 
 2.305762e+01 -1.681080e+00 
 2.305794e+01 -1.687584e+00 
 2.305826e+01 -1.697942e+00 
 2.305858e+01 -1.709081e+00 
 2.305891e+01 -1.721219e+00 
 2.305923e+01 -1.733731e+00 
 2.305955e+01 -1.746469e+00 
 2.305988e+01 -1.758415e+00 
 2.306020e+01 -1.767624e+00 
 2.306052e+01 -1.773116e+00 
 2.306085e+01 -1.776021e+00 
 2.306117e+01 -1.775911e+00 
 2.306149e+01 -1.775900e+00 
 2.306181e+01 -1.777761e+00 
 2.306214e+01 -1.780478e+00 
 2.306246e+01 -1.784184e+00 
 2.306278e+01 -1.789875e+00 
 2.306311e+01 -1.796111e+00 
 2.306343e+01 -1.802719e+00 
 2.306375e+01 -1.806471e+00 
 2.306408e+01 -1.811312e+00 
 2.306440e+01 -1.814239e+00 
 2.306472e+01 -1.815989e+00 
 2.306504e+01 -1.818057e+00 
 2.306537e+01 -1.819997e+00 
 2.306569e+01 -1.824248e+00 
 2.306601e+01 -1.830027e+00 
 2.306634e+01 -1.836069e+00 
 2.306666e+01 -1.843920e+00 
 2.306698e+01 -1.855054e+00 
 2.306731e+01 -1.868721e+00 
 2.306763e+01 -1.883461e+00 
 2.306795e+01 -1.898767e+00 
 2.306827e+01 -1.914944e+00 
 2.306860e+01 -1.934860e+00 
 2.306892e+01 -1.956206e+00 
 2.306924e+01 -1.977171e+00 
 2.306957e+01 -2.000717e+00 
 2.306989e+01 -2.024517e+00 
 2.307021e+01 -2.048703e+00 
 2.307054e+01 -2.073633e+00 
 2.307086e+01 -2.098716e+00 
 2.307118e+01 -2.123350e+00 
 2.307150e+01 -2.148390e+00 
 2.307183e+01 -2.174355e+00 
 2.307215e+01 -2.197516e+00 
 2.307247e+01 -2.215281e+00 
 2.307280e+01 -2.225803e+00 
 2.307312e+01 -2.230777e+00 
 2.307344e+01 -2.232535e+00 
 2.307377e+01 -2.232607e+00 
 2.307409e+01 -2.232396e+00 
 2.307441e+01 -2.233711e+00 
 2.307473e+01 -2.236988e+00 
 2.307506e+01 -2.239614e+00 
 2.307538e+01 -2.236986e+00 
 2.307570e+01 -2.227082e+00 
 2.307603e+01 -2.208321e+00 
 2.307635e+01 -2.177066e+00 
 2.307667e+01 -2.142251e+00 
 2.307700e+01 -2.102941e+00 
 2.307732e+01 -2.060504e+00 
 2.307764e+01 -2.015260e+00 
 2.307796e+01 -1.969659e+00 
 2.307829e+01 -1.924023e+00 
 2.307861e+01 -1.878081e+00 
 2.307893e+01 -1.832820e+00 
 2.307926e+01 -1.788055e+00 
 2.307958e+01 -1.745185e+00 
 2.307990e+01 -1.705094e+00 
 2.308023e+01 -1.668296e+00 
 2.308055e+01 -1.635047e+00 
 2.308087e+01 -1.601000e+00 
 2.308119e+01 -1.567896e+00 
 2.308152e+01 -1.542613e+00 
 2.308184e+01 -1.519925e+00 
 2.308216e+01 -1.501804e+00 
 2.308249e+01 -1.487181e+00 
 2.308281e+01 -1.475885e+00 
 2.308313e+01 -1.467624e+00 
 2.308346e+01 -1.462932e+00 
 2.308378e+01 -1.468051e+00 
 2.308410e+01 -1.474157e+00 
 2.308442e+01 -1.481842e+00 
 2.308475e+01 -1.489826e+00 
 2.308507e+01 -1.495853e+00 
 2.308539e+01 -1.467343e+00 
 2.308572e+01 -1.471607e+00 
 2.308604e+01 -1.479365e+00 
 2.308636e+01 -1.487694e+00 
 2.308669e+01 -1.494742e+00 
 2.308701e+01 -1.503133e+00 
 2.308733e+01 -1.514564e+00 
 2.308765e+01 -1.528261e+00 
 2.308798e+01 -1.541995e+00 
 2.308830e+01 -1.521997e+00 
 2.308862e+01 -1.531762e+00 
 2.308895e+01 -1.536118e+00 
 2.308927e+01 -1.524813e+00 
 2.308959e+01 -1.519160e+00 
 2.308992e+01 -1.512103e+00 
 2.309024e+01 -1.507336e+00 
 2.309056e+01 -1.505647e+00 
 2.309088e+01 -1.504665e+00 
 2.309121e+01 -1.507083e+00 
 2.309153e+01 -1.513376e+00 
 2.309185e+01 -1.517189e+00 
 2.309218e+01 -1.529157e+00 
 2.309250e+01 -1.543987e+00 
 2.309282e+01 -1.557329e+00 
 2.309314e+01 -1.561338e+00 
 2.309347e+01 -1.565789e+00 
 2.309379e+01 -1.566407e+00 
 2.309411e+01 -1.563347e+00 
 2.309444e+01 -1.557781e+00 
 2.309476e+01 -1.551941e+00 
 2.309508e+01 -1.544489e+00 
 2.309541e+01 -1.537670e+00 
 2.309573e+01 -1.534000e+00 
 2.309605e+01 -1.531092e+00 
 2.309637e+01 -1.526135e+00 
 2.309670e+01 -1.513989e+00 
 2.309702e+01 -1.500377e+00 
 2.309734e+01 -1.487109e+00 
 2.309767e+01 -1.475607e+00 
 2.309799e+01 -1.462005e+00 
 2.309831e+01 -1.445673e+00 
 2.309864e+01 -1.427189e+00 
 2.309896e+01 -1.406690e+00 
 2.309928e+01 -1.387305e+00 
 2.309960e+01 -1.371607e+00 
 2.309993e+01 -1.360247e+00 
 2.310025e+01 -1.347514e+00 
 2.310057e+01 -1.333438e+00 
 2.310090e+01 -1.317789e+00 
 2.310122e+01 -1.298834e+00 
 2.310154e+01 -1.272063e+00 
 2.310187e+01 -1.235350e+00 
 2.310219e+01 -1.195464e+00 
 2.310251e+01 -1.157492e+00 
 2.310283e+01 -1.121182e+00 
 2.310316e+01 -1.089975e+00 
 2.310348e+01 -1.063441e+00 
 2.310380e+01 -1.039228e+00 
 2.310413e+01 -1.015190e+00 
 2.310445e+01 -9.923935e-01 
 2.310477e+01 -9.732410e-01 
 2.310510e+01 -9.992932e-01 
 2.310542e+01 -9.799688e-01 
 2.310574e+01 -9.632792e-01 
 2.310606e+01 -9.600521e-01 
 2.310639e+01 -9.200412e-01 
 2.310671e+01 -9.386119e-01 
 2.310703e+01 -9.421649e-01 
 2.310736e+01 -9.551261e-01 
 2.310768e+01 -9.503764e-01 
 2.310800e+01 -9.530926e-01 
 2.310833e+01 -9.552424e-01 
 2.310865e+01 -9.608590e-01 
 2.310897e+01 -9.593221e-01 
 2.310929e+01 -9.560428e-01 
 2.310962e+01 -9.480259e-01 
 2.310994e+01 -9.470729e-01 
 2.311026e+01 -9.425419e-01 
 2.311059e+01 -9.364514e-01 
 2.311091e+01 -9.328755e-01 
 2.311123e+01 -9.266389e-01 
 2.311156e+01 -9.149286e-01 
 2.311188e+01 -9.019792e-01 
 2.311220e+01 -8.854651e-01 
 2.311252e+01 -8.759109e-01 
 2.311285e+01 -8.686048e-01 
 2.311317e+01 -8.609671e-01 
 2.311349e+01 -8.571904e-01 
 2.311382e+01 -8.534580e-01 
 2.311414e+01 -8.489910e-01 
 2.311446e+01 -8.417859e-01 
 2.311479e+01 -8.360668e-01 
 2.311511e+01 -8.268866e-01 
 2.311543e+01 -8.223946e-01 
 2.311575e+01 -8.149225e-01 
 2.311608e+01 -8.112203e-01 
 2.311640e+01 -8.056499e-01 
 2.311672e+01 -7.902655e-01 
 2.311705e+01 -7.715165e-01 
 2.311737e+01 -7.820345e-01 
 2.311769e+01 -7.660654e-01 
 2.311802e+01 -7.519517e-01 
 2.311834e+01 -7.407744e-01 
 2.311866e+01 -7.291405e-01 
 2.311898e+01 -7.363474e-01 
 2.311931e+01 -7.501497e-01 
 2.311963e+01 -7.460811e-01 
 2.311995e+01 -7.343583e-01 
 2.312028e+01 -7.253397e-01 
 2.312060e+01 -7.181854e-01 
 2.312092e+01 -7.077644e-01 
 2.312124e+01 -6.967266e-01 
 2.312157e+01 -6.855863e-01 
 2.312189e+01 -6.639546e-01 
 2.312221e+01 -6.463095e-01 
 2.312254e+01 -6.327382e-01 
 2.312286e+01 -6.211815e-01 
 2.312318e+01 -6.115330e-01 
 2.312351e+01 -6.019991e-01 
 2.312383e+01 -5.931782e-01 
 2.312415e+01 -6.187290e-01 
 2.312447e+01 -5.888227e-01 
 2.312480e+01 -5.566218e-01 
 2.312512e+01 -5.204988e-01 
 2.312544e+01 -4.846719e-01 
 2.312577e+01 -4.442595e-01 
 2.312609e+01 -4.069007e-01 
 2.312641e+01 -3.618114e-01 
 2.312674e+01 -3.020124e-01 
 2.312706e+01 -2.469211e-01 
 2.312738e+01 -2.014725e-01 
 2.312770e+01 -1.491314e-01 
 2.312803e+01 -8.895252e-02 
 2.312835e+01 -3.303604e-02 
 2.312867e+01  1.390558e-02 
 2.312900e+01  5.757176e-02 
 2.312932e+01  7.256894e-02 
 2.312964e+01  6.552167e-02 
 2.312997e+01  1.152146e-01 
 2.313029e+01  1.568383e-01 
 2.313061e+01  1.890312e-01 
 2.313093e+01  2.256438e-01 
 2.313126e+01  2.600325e-01 
 2.313158e+01  2.941406e-01 
 2.313190e+01  3.320537e-01 
 2.313223e+01  3.687533e-01 
 2.313255e+01  3.964362e-01 
 2.313287e+01  4.205866e-01 
 2.313320e+01  4.364417e-01 
 2.313352e+01  4.139434e-01 
 2.313384e+01  4.067586e-01 
 2.313416e+01  3.958406e-01 
 2.313449e+01  4.155303e-01 
 2.313481e+01  4.367097e-01 
 2.313513e+01  4.663145e-01 
 2.313546e+01  4.819276e-01 
 2.313578e+01  4.957729e-01 
 2.313610e+01  5.128617e-01 
 2.313643e+01  5.268520e-01 
 2.313675e+01  5.444799e-01 
 2.313707e+01  5.642026e-01 
 2.313739e+01  5.810670e-01 
 2.313772e+01  5.897230e-01 
 2.313804e+01  5.956245e-01 
 2.313836e+01  5.910316e-01 
 2.313869e+01  5.856738e-01 
 2.313901e+01  5.807066e-01 
 2.313933e+01  5.841349e-01 
 2.313966e+01  5.856492e-01 
 2.313998e+01  5.991547e-01 
 2.314030e+01  5.827097e-01 
 2.314062e+01  5.943397e-01 
 2.314095e+01  6.192104e-01 
 2.314127e+01  6.024246e-01 
 2.314159e+01  6.080284e-01 
 2.314192e+01  5.956176e-01 
 2.314224e+01  6.235429e-01 
 2.314256e+01  6.484028e-01 
 2.314289e+01  6.652037e-01 
 2.314321e+01  6.822873e-01 
 2.314353e+01  7.714240e-01 
 2.314385e+01  8.115496e-01 
 2.314418e+01  8.464036e-01 
 2.314450e+01  8.792591e-01 
 2.314482e+01  9.148659e-01 
 2.314515e+01  9.391396e-01 
 2.314547e+01  9.479343e-01 
 2.314579e+01  9.480097e-01 
 2.314612e+01  9.399092e-01 
 2.314644e+01  9.305853e-01 
 2.314676e+01  9.327819e-01 
 2.314708e+01  9.237953e-01 
 2.314741e+01  8.675232e-01 
 2.314773e+01  8.522841e-01 
 2.314805e+01  8.362176e-01 
 2.314838e+01  7.899068e-01 
 2.314870e+01  7.772555e-01 
 2.314902e+01  7.644937e-01 
 2.314934e+01  7.478145e-01 
 2.314967e+01  7.326119e-01 
 2.314999e+01  6.883065e-01 
 2.315031e+01  6.820189e-01 
 2.315064e+01  6.852931e-01 
 2.315096e+01  6.871005e-01 
 2.315128e+01  6.857779e-01 
 2.315161e+01  6.831817e-01 
 2.315193e+01  6.853923e-01 
 2.315225e+01  6.935282e-01 
 2.315257e+01  7.038899e-01 
 2.315290e+01  7.133442e-01 
 2.315322e+01  7.186172e-01 
 2.315354e+01  7.207068e-01 
 2.315387e+01  7.325786e-01 
 2.315419e+01  7.437583e-01 
 2.315451e+01  7.525459e-01 
 2.315484e+01  7.704381e-01 
 2.315516e+01  7.926638e-01 
 2.315548e+01  8.045797e-01 
 2.315580e+01  8.349829e-01 
 2.315613e+01  8.639058e-01 
 2.315645e+01  8.882826e-01 
 2.315677e+01  9.078820e-01 
 2.315710e+01  9.248439e-01 
 2.315742e+01  9.418216e-01 
 2.315774e+01  9.586283e-01 
 2.315807e+01  9.745762e-01 
 2.315839e+01  9.692757e-01 
 2.315871e+01  9.796062e-01 
 2.315903e+01  9.913872e-01 
 2.315936e+01  1.008346e+00 
 2.315968e+01  1.032411e+00 
 2.316000e+01  1.062927e+00 
 2.316033e+01  1.090428e+00 
 2.316065e+01  1.112217e+00 
 2.316097e+01  1.134860e+00 
 2.316130e+01  1.151598e+00 
 2.316162e+01  1.156959e+00 
 2.316194e+01  1.152910e+00 
 2.316226e+01  1.149372e+00 
 2.316259e+01  1.151895e+00 
 2.316291e+01  1.156403e+00 
 2.316323e+01  1.159391e+00 
 2.316356e+01  1.162107e+00 
 2.316388e+01  1.159159e+00 
 2.316420e+01  1.147040e+00 
 2.316453e+01  1.132806e+00 
 2.316485e+01  1.123231e+00 
 2.316517e+01  1.104833e+00 
 2.316549e+01  1.074808e+00 
 2.316582e+01  1.038538e+00 
 2.316614e+01  9.850429e-01 
 2.316646e+01  9.408861e-01 
 2.316679e+01  8.934526e-01 
 2.316711e+01  8.468206e-01 
 2.316743e+01  7.787045e-01 
 2.316776e+01  7.403049e-01 
 2.316808e+01  7.031643e-01 
 2.316840e+01  6.669084e-01 
 2.316872e+01  6.368385e-01 
 2.316905e+01  5.987620e-01 
 2.316937e+01  5.607777e-01 
 2.316969e+01  5.158354e-01 
 2.317002e+01  4.683260e-01 
 2.317034e+01  4.178970e-01 
 2.317066e+01  3.623974e-01 
 2.317099e+01  3.173959e-01 
 2.317131e+01  2.720501e-01 
 2.317163e+01  2.193765e-01 
 2.317195e+01  1.636054e-01 
 2.317228e+01  1.030386e-01 
 2.317260e+01  5.481742e-02 
 2.317292e+01  1.264083e-02 
 2.317325e+01 -2.947334e-02 
 2.317357e+01 -7.586443e-02 
 2.317389e+01 -1.344745e-01 
 2.317422e+01 -1.967971e-01 
 2.317454e+01 -2.584930e-01 
 2.317486e+01 -3.217731e-01 
 2.317518e+01 -3.874092e-01 
 2.317551e+01 -4.502757e-01 
 2.317583e+01 -5.085591e-01 
 2.317615e+01 -5.611674e-01 
 2.317648e+01 -6.091194e-01 
 2.317680e+01 -6.527055e-01 
 2.317712e+01 -6.981353e-01 
 2.317745e+01 -7.377143e-01 
 2.317777e+01 -7.622200e-01 
 2.317809e+01 -7.804583e-01 
 2.317841e+01 -7.955118e-01 
 2.317874e+01 -8.093209e-01 
 2.317906e+01 -8.237518e-01 
 2.317938e+01 -8.402561e-01 
 2.317971e+01 -8.556166e-01 
 2.318003e+01 -8.360789e-01 
 2.318035e+01 -8.470126e-01 
 2.318067e+01 -8.606830e-01 
 2.318100e+01 -8.679174e-01 
 2.318132e+01 -8.824808e-01 
 2.318164e+01 -8.992553e-01 
 2.318197e+01 -9.191478e-01 
 2.318229e+01 -9.463555e-01 
 2.318261e+01 -9.752075e-01 
 2.318294e+01 -1.000688e+00 
 2.318326e+01 -1.028241e+00 
 2.318358e+01 -1.022638e+00 
 2.318390e+01 -1.049109e+00 
 2.318423e+01 -1.084258e+00 
 2.318455e+01 -1.119769e+00 
 2.318487e+01 -1.155505e+00 
 2.318520e+01 -1.182170e+00 
 2.318552e+01 -1.207985e+00 
 2.318584e+01 -1.239571e+00 
 2.318617e+01 -1.275076e+00 
 2.318649e+01 -1.311467e+00 
 2.318681e+01 -1.349659e+00 
 2.318713e+01 -1.395367e+00 
 2.318746e+01 -1.440127e+00 
 2.318778e+01 -1.483012e+00 
 2.318810e+01 -1.523708e+00 
 2.318843e+01 -1.559068e+00 
 2.318875e+01 -1.582803e+00 
 2.318907e+01 -1.607061e+00 
 2.318940e+01 -1.633210e+00 
 2.318972e+01 -1.661915e+00 
 2.319004e+01 -1.689595e+00 
 2.319036e+01 -1.720731e+00 
 2.319069e+01 -1.747776e+00 
 2.319101e+01 -1.772901e+00 
 2.319133e+01 -1.797310e+00 
 2.319166e+01 -1.809082e+00 
 2.319198e+01 -1.818922e+00 
 2.319230e+01 -1.829804e+00 
 2.319263e+01 -1.838152e+00 
 2.319295e+01 -1.841828e+00 
 2.319327e+01 -1.834300e+00 
 2.319359e+01 -1.821846e+00 
 2.319392e+01 -1.810038e+00 
 2.319424e+01 -1.798728e+00 
 2.319456e+01 -1.792579e+00 
 2.319489e+01 -1.784483e+00 
 2.319521e+01 -1.771949e+00 
 2.319553e+01 -1.758461e+00 
 2.319586e+01 -1.748624e+00 
 2.319618e+01 -1.743860e+00 
 2.319650e+01 -1.732316e+00 
 2.319682e+01 -1.713629e+00 
 2.319715e+01 -1.696722e+00 
 2.319747e+01 -1.680344e+00 
 2.319779e+01 -1.668603e+00 
 2.319812e+01 -1.656181e+00 
 2.319844e+01 -1.642764e+00 
 2.319876e+01 -1.633920e+00 
 2.319909e+01 -1.630850e+00 
 2.319941e+01 -1.637604e+00 
 2.319973e+01 -1.652174e+00 
 2.320005e+01 -1.668015e+00 
 2.320038e+01 -1.682046e+00 
 2.320070e+01 -1.690709e+00 
 2.320102e+01 -1.699267e+00 
 2.320135e+01 -1.705019e+00 
 2.320167e+01 -1.697919e+00 
 2.320199e+01 -1.685119e+00 
 2.320232e+01 -1.670910e+00 
 2.320264e+01 -1.656003e+00 
 2.320296e+01 -1.642110e+00 
 2.320328e+01 -1.621372e+00 
 2.320361e+01 -1.598647e+00 
 2.320393e+01 -1.570552e+00 
 2.320425e+01 -1.532183e+00 
 2.320458e+01 -1.495968e+00 
 2.320490e+01 -1.456016e+00 
 2.320522e+01 -1.412944e+00 
 2.320555e+01 -1.364894e+00 
 2.320587e+01 -1.311641e+00 
 2.320619e+01 -1.258678e+00 
 2.320651e+01 -1.206934e+00 
 2.320684e+01 -1.153223e+00 
 2.320716e+01 -1.100154e+00 
 2.320748e+01 -1.050037e+00 
 2.320781e+01 -1.006020e+00 
 2.320813e+01 -9.671616e-01 
 2.320845e+01 -9.279877e-01 
 2.320878e+01 -8.915435e-01 
 2.320910e+01 -8.562143e-01 
 2.320942e+01 -8.221538e-01 
 2.320974e+01 -7.783612e-01 
 2.321007e+01 -7.484728e-01 
 2.321039e+01 -7.277474e-01 
 2.321071e+01 -7.063460e-01 
 2.321104e+01 -6.878002e-01 
 2.321136e+01 -6.699438e-01 
 2.321168e+01 -6.523603e-01 
 2.321200e+01 -6.249899e-01 
 2.321233e+01 -6.051550e-01 
 2.321265e+01 -5.899645e-01 
 2.321297e+01 -5.822565e-01 
 2.321330e+01 -5.775610e-01 
 2.321362e+01 -5.686014e-01 
 2.321394e+01 -5.450165e-01 
 2.321427e+01 -5.351947e-01 
 2.321459e+01 -5.283735e-01 
 2.321491e+01 -5.260445e-01 
 2.321523e+01 -5.241008e-01 
 2.321556e+01 -5.158041e-01 
 2.321588e+01 -5.060067e-01 
 2.321620e+01 -4.958145e-01 
 2.321653e+01 -4.844737e-01 
 2.321685e+01 -4.660835e-01 
 2.321717e+01 -4.348014e-01 
 2.321750e+01 -3.974553e-01 
 2.321782e+01 -3.619716e-01 
 2.321814e+01 -3.291536e-01 
 2.321846e+01 -3.029840e-01 
 2.321879e+01 -2.823667e-01 
 2.321911e+01 -2.553948e-01 
 2.321943e+01 -1.987661e-01 
 2.321976e+01 -1.752145e-01 
 2.322008e+01 -1.518644e-01 
 2.322040e+01 -9.200594e-02 
 2.322073e+01 -5.756340e-02 
 2.322105e+01 -1.782780e-02 
 2.322137e+01  2.551967e-02 
 2.322169e+01  6.439099e-02 
 2.322202e+01  9.909113e-02 
 2.322234e+01  1.381456e-01 
 2.322266e+01  1.748643e-01 
 2.322299e+01  2.018792e-01 
 2.322331e+01  2.231837e-01 
 2.322363e+01  2.404212e-01 
 2.322396e+01  2.584806e-01 
 2.322428e+01  2.761923e-01 
 2.322460e+01  2.950502e-01 
 2.322492e+01  3.121314e-01 
 2.322525e+01  3.265625e-01 
 2.322557e+01  3.408656e-01 
 2.322589e+01  3.545698e-01 
 2.322622e+01  3.692056e-01 
 2.322654e+01  3.806371e-01 
 2.322686e+01  3.854523e-01 
 2.322719e+01  3.879721e-01 
 2.322751e+01  3.904248e-01 
 2.322783e+01  3.907006e-01 
 2.322815e+01  3.894984e-01 
 2.322848e+01  3.868743e-01 
 2.322880e+01  3.861615e-01 
 2.322912e+01  3.869874e-01 
 2.322945e+01  3.920657e-01 
 2.322977e+01  4.011999e-01 
 2.323009e+01  4.082399e-01 
 2.323042e+01  4.117888e-01 
 2.323074e+01  4.119072e-01 
 2.323106e+01  4.082595e-01 
 2.323138e+01  3.991114e-01 
 2.323171e+01  3.850937e-01 
 2.323203e+01  3.601130e-01 
 2.323235e+01  3.328181e-01 
 2.323268e+01  3.042969e-01 
 2.323300e+01  2.751262e-01 
 2.323332e+01  2.429684e-01 
 2.323365e+01  2.073583e-01 
 2.323397e+01  1.695826e-01 
 2.323429e+01  1.337828e-01 
 2.323461e+01  9.625828e-02 
 2.323494e+01  5.478091e-02 
 2.323526e+01  8.793369e-03 
 2.323558e+01 -4.137008e-02 
 2.323591e+01 -9.241520e-02 
 2.323623e+01 -1.428918e-01 
 2.323655e+01 -1.940148e-01 
 2.323688e+01 -2.498755e-01 
 2.323720e+01 -3.046098e-01 
 2.323752e+01 -3.550870e-01 
 2.323784e+01 -3.989873e-01 
 2.323817e+01 -4.356664e-01 
 2.323849e+01 -4.729107e-01 
 2.323881e+01 -5.129384e-01 
 2.323914e+01 -5.524805e-01 
 2.323946e+01 -5.872592e-01 
 2.323978e+01 -6.184040e-01 
 2.324011e+01 -6.481744e-01 
 2.324043e+01 -6.679740e-01 
 2.324075e+01 -7.025314e-01 
 2.324107e+01 -7.331576e-01 
 2.324140e+01 -7.603669e-01 
 2.324172e+01 -7.884627e-01 
 2.324204e+01 -8.197305e-01 
 2.324237e+01 -8.549051e-01 
 2.324269e+01 -8.889456e-01 
 2.324301e+01 -9.185286e-01 
 2.324334e+01 -9.490204e-01 
 2.324366e+01 -9.811592e-01 
 2.324398e+01 -1.014387e+00 
 2.324430e+01 -1.047159e+00 
 2.324463e+01 -1.077841e+00 
 2.324495e+01 -1.105048e+00 
 2.324527e+01 -1.125211e+00 
 2.324560e+01 -1.139405e+00 
 2.324592e+01 -1.149891e+00 
 2.324624e+01 -1.154320e+00 
 2.324657e+01 -1.153918e+00 
 2.324689e+01 -1.150333e+00 
 2.324721e+01 -1.153021e+00 
 2.324753e+01 -1.164087e+00 
 2.324786e+01 -1.181623e+00 
 2.324818e+01 -1.197741e+00 
 2.324850e+01 -1.213263e+00 
 2.324883e+01 -1.229865e+00 
 2.324915e+01 -1.236829e+00 
 2.324947e+01 -1.235400e+00 
 2.324979e+01 -1.232844e+00 
 2.325012e+01 -1.226608e+00 
 2.325044e+01 -1.214625e+00 
 2.325076e+01 -1.206290e+00 
 2.325109e+01 -1.204324e+00 
 2.325141e+01 -1.205671e+00 
 2.325173e+01 -1.204537e+00 
 2.325206e+01 -1.158977e+00 
 2.325238e+01 -1.167374e+00 
 2.325270e+01 -1.180982e+00 
 2.325302e+01 -1.195043e+00 
 2.325335e+01 -1.208799e+00 
 2.325367e+01 -1.213103e+00 
 2.325399e+01 -1.218966e+00 
 2.325432e+01 -1.225275e+00 
 2.325464e+01 -1.230941e+00 
 2.325496e+01 -1.234396e+00 
 2.325529e+01 -1.238037e+00 
 2.325561e+01 -1.245882e+00 
 2.325593e+01 -1.259284e+00 
 2.325625e+01 -1.277967e+00 
 2.325658e+01 -1.300089e+00 
 2.325690e+01 -1.323398e+00 
 2.325722e+01 -1.353267e+00 
 2.325755e+01 -1.387701e+00 
 2.325787e+01 -1.419849e+00 
 2.325819e+01 -1.442706e+00 
 2.325852e+01 -1.462754e+00 
 2.325884e+01 -1.481069e+00 
 2.325916e+01 -1.499634e+00 
 2.325948e+01 -1.520661e+00 
 2.325981e+01 -1.541087e+00 
 2.326013e+01 -1.564859e+00 
 2.326045e+01 -1.589316e+00 
 2.326078e+01 -1.613867e+00 
 2.326110e+01 -1.644679e+00 
 2.326142e+01 -1.676516e+00 
 2.326175e+01 -1.704263e+00 
 2.326207e+01 -1.730005e+00 
 2.326239e+01 -1.758919e+00 
 2.326271e+01 -1.789786e+00 
 2.326304e+01 -1.823489e+00 
 2.326336e+01 -1.847161e+00 
 2.326368e+01 -1.863265e+00 
 2.326401e+01 -1.867286e+00 
 2.326433e+01 -1.872558e+00 
 2.326465e+01 -1.880350e+00 
 2.326498e+01 -1.886458e+00 
 2.326530e+01 -1.889027e+00 
 2.326562e+01 -1.857058e+00 
 2.326594e+01 -1.850909e+00 
 2.326627e+01 -1.824181e+00 
 2.326659e+01 -1.812908e+00 
 2.326691e+01 -1.782480e+00 
 2.326724e+01 -1.761003e+00 
 2.326756e+01 -1.740627e+00 
 2.326788e+01 -1.724577e+00 
 2.326821e+01 -1.710774e+00 
 2.326853e+01 -1.697439e+00 
 2.326885e+01 -1.682956e+00 
 2.326917e+01 -1.667699e+00 
 2.326950e+01 -1.602751e+00 
 2.326982e+01 -1.589317e+00 
 2.327014e+01 -1.573243e+00 
 2.327047e+01 -1.553692e+00 
 2.327079e+01 -1.531117e+00 
 2.327111e+01 -1.510075e+00 
 2.327144e+01 -1.491237e+00 
 2.327176e+01 -1.474275e+00 
 2.327208e+01 -1.456162e+00 
 2.327240e+01 -1.438301e+00 
 2.327273e+01 -1.426208e+00 
 2.327305e+01 -1.414375e+00 
 2.327337e+01 -1.400493e+00 
 2.327370e+01 -1.379810e+00 
 2.327402e+01 -1.360205e+00 
 2.327434e+01 -1.338974e+00 
 2.327467e+01 -1.311213e+00 
 2.327499e+01 -1.292384e+00 
 2.327531e+01 -1.270249e+00 
 2.327563e+01 -1.207119e+00 
 2.327596e+01 -1.152419e+00 
 2.327628e+01 -1.148655e+00 
 2.327660e+01 -1.142499e+00 
 2.327693e+01 -1.138901e+00 
 2.327725e+01 -1.128511e+00 
 2.327757e+01 -1.110740e+00 
 2.327790e+01 -1.096324e+00 
 2.327822e+01 -1.084776e+00 
 2.327854e+01 -1.072162e+00 
 2.327886e+01 -1.058180e+00 
 2.327919e+01 -1.040903e+00 
 2.327951e+01 -1.011207e+00 
 2.327983e+01 -1.012077e+00 
 2.328016e+01 -9.814239e-01 
 2.328048e+01 -9.864615e-01 
 2.328080e+01 -9.829226e-01 
 2.328113e+01 -9.749894e-01 
 2.328145e+01 -9.676949e-01 
 2.328177e+01 -9.665757e-01 
 2.328209e+01 -9.694454e-01 
 2.328242e+01 -9.707565e-01 
 2.328274e+01 -9.709296e-01 
 2.328306e+01 -9.692673e-01 
 2.328339e+01 -9.628191e-01 
 2.328371e+01 -9.645534e-01 
 2.328403e+01 -9.683956e-01 
 2.328435e+01 -9.719208e-01 
 2.328468e+01 -9.792178e-01 
 2.328500e+01 -9.910895e-01 
 2.328532e+01 -1.005791e+00 
 2.328565e+01 -1.023852e+00 
 2.328597e+01 -1.040167e+00 
 2.328629e+01 -1.061745e+00 
 2.328662e+01 -1.090678e+00 
 2.328694e+01 -1.123548e+00 
 2.328726e+01 -1.155944e+00 
 2.328758e+01 -1.184605e+00 
 2.328791e+01 -1.212575e+00 
 2.328823e+01 -1.245004e+00 
 2.328855e+01 -1.282074e+00 
 2.328888e+01 -1.320613e+00 
 2.328920e+01 -1.363682e+00 
 2.328952e+01 -1.408817e+00 
 2.328985e+01 -1.449257e+00 
 2.329017e+01 -1.478713e+00 
 2.329049e+01 -1.505625e+00 
 2.329081e+01 -1.528921e+00 
 2.329114e+01 -1.547510e+00 
 2.329146e+01 -1.564077e+00 
 2.329178e+01 -1.581180e+00 
 2.329211e+01 -1.596260e+00 
 2.329243e+01 -1.604652e+00 
 2.329275e+01 -1.606790e+00 
 2.329308e+01 -1.606684e+00 
 2.329340e+01 -1.607280e+00 
 2.329372e+01 -1.609335e+00 
 2.329404e+01 -1.612276e+00 
 2.329437e+01 -1.613229e+00 
 2.329469e+01 -1.613121e+00 
 2.329501e+01 -1.614272e+00 
 2.329534e+01 -1.616395e+00 
 2.329566e+01 -1.616782e+00 
 2.329598e+01 -1.581666e+00 
 2.329631e+01 -1.572250e+00 
 2.329663e+01 -1.564446e+00 
 2.329695e+01 -1.556750e+00 
 2.329727e+01 -1.549661e+00 
 2.329760e+01 -1.541053e+00 
 2.329792e+01 -1.533486e+00 
 2.329824e+01 -1.531665e+00 
 2.329857e+01 -1.535261e+00 
 2.329889e+01 -1.539874e+00 
 2.329921e+01 -1.544291e+00 
 2.329954e+01 -1.544684e+00 
 2.329986e+01 -1.545108e+00 
 2.330018e+01 -1.546005e+00 
 2.330050e+01 -1.546682e+00 
 2.330083e+01 -1.546411e+00 
 2.330115e+01 -1.542137e+00 
 2.330147e+01 -1.538494e+00 
 2.330180e+01 -1.543149e+00 
 2.330212e+01 -1.538907e+00 
 2.330244e+01 -1.557269e+00 
 2.330277e+01 -1.575772e+00 
 2.330309e+01 -1.590791e+00 
 2.330341e+01 -1.603621e+00 
 2.330373e+01 -1.614301e+00 
 2.330406e+01 -1.627985e+00 
 2.330438e+01 -1.640268e+00 
 2.330470e+01 -1.650222e+00 
 2.330503e+01 -1.659468e+00 
 2.330535e+01 -1.669749e+00 
 2.330567e+01 -1.683721e+00 
 2.330600e+01 -1.700588e+00 
 2.330632e+01 -1.718266e+00 
 2.330664e+01 -1.740946e+00 
 2.330696e+01 -1.763922e+00 
 2.330729e+01 -1.782625e+00 
 2.330761e+01 -1.799587e+00 
 2.330793e+01 -1.821964e+00 
 2.330826e+01 -1.847668e+00 
 2.330858e+01 -1.866289e+00 
 2.330890e+01 -1.870226e+00 
 2.330923e+01 -1.873812e+00 
 2.330955e+01 -1.876419e+00 
 2.330987e+01 -1.879014e+00 
 2.331019e+01 -1.878707e+00 
 2.331052e+01 -1.888571e+00 
 2.331084e+01 -1.902254e+00 
 2.331116e+01 -1.913672e+00 
 2.331149e+01 -1.914516e+00 
 2.331181e+01 -1.912674e+00 
 2.331213e+01 -1.912230e+00 
 2.331246e+01 -1.910953e+00 
 2.331278e+01 -1.872727e+00 
 2.331310e+01 -1.869657e+00 
 2.331342e+01 -1.864130e+00 
 2.331375e+01 -1.861432e+00 
 2.331407e+01 -1.862927e+00 
 2.331439e+01 -1.867104e+00 
 2.331472e+01 -1.877313e+00 
 2.331504e+01 -1.883245e+00 
 2.331536e+01 -1.888403e+00 
 2.331569e+01 -1.887011e+00 
 2.331601e+01 -1.887104e+00 
 2.331633e+01 -1.883356e+00 
 2.331665e+01 -1.880302e+00 
 2.331698e+01 -1.875286e+00 
 2.331730e+01 -1.868911e+00 
 2.331762e+01 -1.864650e+00 
 2.331795e+01 -1.842077e+00 
 2.331827e+01 -1.818788e+00 
 2.331859e+01 -1.815826e+00 
 2.331891e+01 -1.813442e+00 
 2.331924e+01 -1.810800e+00 
 2.331956e+01 -1.806199e+00 
 2.331988e+01 -1.799528e+00 
 2.332021e+01 -1.788547e+00 
 2.332053e+01 -1.773844e+00 
 2.332085e+01 -1.755609e+00 
 2.332118e+01 -1.737404e+00 
 2.332150e+01 -1.717774e+00 
 2.332182e+01 -1.697184e+00 
 2.332214e+01 -1.678226e+00 
 2.332247e+01 -1.659751e+00 
 2.332279e+01 -1.642877e+00 
 2.332311e+01 -1.620994e+00 
 2.332344e+01 -1.600672e+00 
 2.332376e+01 -1.577273e+00 
 2.332408e+01 -1.553741e+00 
 2.332441e+01 -1.532034e+00 
 2.332473e+01 -1.511334e+00 
 2.332505e+01 -1.490267e+00 
 2.332537e+01 -1.465842e+00 
 2.332570e+01 -1.429812e+00 
 2.332602e+01 -1.403252e+00 
 2.332634e+01 -1.377497e+00 
 2.332667e+01 -1.315628e+00 
 2.332699e+01 -1.295445e+00 
 2.332731e+01 -1.277362e+00 
 2.332764e+01 -1.212837e+00 
 2.332796e+01 -1.199453e+00 
 2.332828e+01 -1.188869e+00 
 2.332860e+01 -1.177052e+00 
 2.332893e+01 -1.165952e+00 
 2.332925e+01 -1.157312e+00 
 2.332957e+01 -1.153490e+00 
 2.332990e+01 -1.154461e+00 
 2.333022e+01 -1.157523e+00 
 2.333054e+01 -1.163391e+00 
 2.333087e+01 -1.173439e+00 
 2.333119e+01 -1.185907e+00 
 2.333151e+01 -1.205057e+00 
 2.333183e+01 -1.230153e+00 
 2.333216e+01 -1.257679e+00 
 2.333248e+01 -1.248981e+00 
 2.333280e+01 -1.274997e+00 
 2.333313e+01 -1.298216e+00 
 2.333345e+01 -1.316852e+00 
 2.333377e+01 -1.331652e+00 
 2.333410e+01 -1.343833e+00 
 2.333442e+01 -1.356089e+00 
 2.333474e+01 -1.372338e+00 
 2.333506e+01 -1.394784e+00 
 2.333539e+01 -1.424120e+00 
 2.333571e+01 -1.458108e+00 
 2.333603e+01 -1.495599e+00 
 2.333636e+01 -1.535964e+00 
 2.333668e+01 -1.584239e+00 
 2.333700e+01 -1.630200e+00 
 2.333733e+01 -1.667238e+00 
 2.333765e+01 -1.696393e+00 
 2.333797e+01 -1.716519e+00 
 2.333829e+01 -1.735014e+00 
 2.333862e+01 -1.750864e+00 
 2.333894e+01 -1.768302e+00 
 2.333926e+01 -1.786860e+00 
 2.333959e+01 -1.809052e+00 
 2.333991e+01 -1.818141e+00 
 2.334023e+01 -1.841911e+00 
 2.334056e+01 -1.844013e+00 
 2.334088e+01 -1.867338e+00 
 2.334120e+01 -1.888317e+00 
 2.334152e+01 -1.905862e+00 
 2.334185e+01 -1.921721e+00 
 2.334217e+01 -1.934221e+00 
 2.334249e+01 -1.938975e+00 
 2.334282e+01 -1.927465e+00 
 2.334314e+01 -1.917415e+00 
 2.334346e+01 -1.922432e+00 
 2.334379e+01 -1.926354e+00 
 2.334411e+01 -1.933905e+00 
 2.334443e+01 -1.941647e+00 
 2.334475e+01 -1.952111e+00 
 2.334508e+01 -1.964524e+00 
 2.334540e+01 -1.981508e+00 
 2.334572e+01 -1.992261e+00 
 2.334605e+01 -1.992658e+00 
 2.334637e+01 -1.988404e+00 
 2.334669e+01 -1.981527e+00 
 2.334702e+01 -1.976365e+00 
 2.334734e+01 -1.968773e+00 
 2.334766e+01 -1.958049e+00 
 2.334798e+01 -1.946313e+00 
 2.334831e+01 -1.932183e+00 
 2.334863e+01 -1.919346e+00 
 2.334895e+01 -1.903850e+00 
 2.334928e+01 -1.887630e+00 
 2.334960e+01 -1.868509e+00 
 2.334992e+01 -1.854833e+00 
 2.335025e+01 -1.840169e+00 
 2.335057e+01 -1.826196e+00 
 2.335089e+01 -1.806956e+00 
 2.335121e+01 -1.783676e+00 
 2.335154e+01 -1.757270e+00 
 2.335186e+01 -1.730680e+00 
 2.335218e+01 -1.711411e+00 
 2.335251e+01 -1.687866e+00 
 2.335283e+01 -1.663512e+00 
 2.335315e+01 -1.637684e+00 
 2.335347e+01 -1.614303e+00 
 2.335380e+01 -1.591891e+00 
 2.335412e+01 -1.571879e+00 
 2.335444e+01 -1.554058e+00 
 2.335477e+01 -1.540896e+00 
 2.335509e+01 -1.528341e+00 
 2.335541e+01 -1.521597e+00 
 2.335574e+01 -1.516637e+00 
 2.335606e+01 -1.510664e+00 
 2.335638e+01 -1.502352e+00 
 2.335670e+01 -1.495354e+00 
 2.335703e+01 -1.491953e+00 
 2.335735e+01 -1.492744e+00 
 2.335767e+01 -1.492679e+00 
 2.335800e+01 -1.490735e+00 
 2.335832e+01 -1.487537e+00 
 2.335864e+01 -1.484291e+00 
 2.335897e+01 -1.485634e+00 
 2.335929e+01 -1.492347e+00 
 2.335961e+01 -1.507939e+00 
 2.335993e+01 -1.529908e+00 
 2.336026e+01 -1.554614e+00 
 2.336058e+01 -1.579099e+00 
 2.336090e+01 -1.602010e+00 
 2.336123e+01 -1.619979e+00 
 2.336155e+01 -1.638090e+00 
 2.336187e+01 -1.656480e+00 
 2.336220e+01 -1.678105e+00 
 2.336252e+01 -1.695111e+00 
 2.336284e+01 -1.707476e+00 
 2.336316e+01 -1.719291e+00 
 2.336349e+01 -1.725535e+00 
 2.336381e+01 -1.730679e+00 
 2.336413e+01 -1.733552e+00 
 2.336446e+01 -1.734083e+00 
 2.336478e+01 -1.728701e+00 
 2.336510e+01 -1.721254e+00 
 2.336543e+01 -1.714646e+00 
 2.336575e+01 -1.704809e+00 
 2.336607e+01 -1.697154e+00 
 2.336639e+01 -1.688654e+00 
 2.336672e+01 -1.678035e+00 
 2.336704e+01 -1.672264e+00 
 2.336736e+01 -1.669995e+00 
 2.336769e+01 -1.677073e+00 
 2.336801e+01 -1.689179e+00 
 2.336833e+01 -1.689909e+00 
 2.336866e+01 -1.688147e+00 
 2.336898e+01 -1.695804e+00 
 2.336930e+01 -1.702824e+00 
 2.336962e+01 -1.712010e+00 
 2.336995e+01 -1.722555e+00 
 2.337027e+01 -1.722617e+00 
 2.337059e+01 -1.687010e+00 
 2.337092e+01 -1.781463e+00 
 2.337124e+01 -1.752370e+00 
 2.337156e+01 -1.716403e+00 
 2.337189e+01 -1.673142e+00 
 2.337221e+01 -1.674891e+00 
 2.337253e+01 -1.639249e+00 
 2.337285e+01 -1.618607e+00 
 2.337318e+01 -1.615077e+00 
 2.337350e+01 -1.569775e+00 
 2.337382e+01 -1.561083e+00 
 2.337415e+01 -1.503937e+00 
 2.337447e+01 -1.501411e+00 
 2.337479e+01 -1.436126e+00 
 2.337512e+01 -1.423926e+00 
 2.337544e+01 -1.373185e+00 
 2.337576e+01 -1.343597e+00 
 2.337608e+01 -1.301223e+00 
 2.337641e+01 -1.287455e+00 
 2.337673e+01 -1.241809e+00 
 2.337705e+01 -1.209280e+00 
 2.337738e+01 -1.183693e+00 
 2.337770e+01 -1.161550e+00 
 2.337802e+01 -1.135408e+00 
 2.337835e+01 -1.110785e+00 
 2.337867e+01 -1.084990e+00 
 2.337899e+01 -1.050763e+00 
 2.337931e+01 -1.032579e+00 
 2.337964e+01 -1.004460e+00 
 2.337996e+01 -9.792480e-01 
 2.338028e+01 -9.544504e-01 
 2.338061e+01 -9.345448e-01 
 2.338093e+01 -8.980008e-01 
 2.338125e+01 -8.954226e-01 
 2.338157e+01 -8.567973e-01 
 2.338190e+01 -8.456310e-01 
 2.338222e+01 -8.039318e-01 
 2.338254e+01 -7.903735e-01 
 2.338287e+01 -7.567233e-01 
 2.338319e+01 -7.434183e-01 
 2.338351e+01 -7.249791e-01 
 2.338384e+01 -7.039923e-01 
 2.338416e+01 -7.094080e-01 
 2.338448e+01 -7.006815e-01 
 2.338480e+01 -7.179135e-01 
 2.338513e+01 -7.273113e-01 
 2.338545e+01 -7.591738e-01 
 2.338577e+01 -7.689480e-01 
 2.338610e+01 -7.973684e-01 
 2.338642e+01 -8.174689e-01 
 2.338674e+01 -8.309818e-01 
 2.338707e+01 -8.504514e-01 
 2.338739e+01 -8.447762e-01 
 2.338771e+01 -8.639124e-01 
 2.338803e+01 -8.836320e-01 
 2.338836e+01 -9.077316e-01 
 2.338868e+01 -9.301013e-01 
 2.338900e+01 -9.348287e-01 
 2.338933e+01 -9.544973e-01 
 2.338965e+01 -9.760384e-01 
 2.338997e+01 -9.970530e-01 
 2.339030e+01 -1.006827e+00 
 2.339062e+01 -9.951655e-01 
 2.339094e+01 -9.809217e-01 
 2.339126e+01 -9.985304e-01 
 2.339159e+01 -1.027769e+00 
 2.339191e+01 -1.000034e+00 
 2.339223e+01 -9.722972e-01 
 2.339256e+01 -9.709794e-01 
 2.339288e+01 -9.772538e-01 
 2.339320e+01 -9.858783e-01 
 2.339353e+01 -1.000047e+00 
 2.339385e+01 -1.004593e+00 
 2.339417e+01 -1.007326e+00 
 2.339449e+01 -1.000893e+00 
 2.339482e+01 -1.004447e+00 
 2.339514e+01 -1.004984e+00 
 2.339546e+01 -9.965474e-01 
 2.339579e+01 -9.822879e-01 
 2.339611e+01 -9.558567e-01 
 2.339643e+01 -9.377880e-01 
 2.339676e+01 -9.257972e-01 
 2.339708e+01 -9.150240e-01 
 2.339740e+01 -8.769468e-01 
 2.339772e+01 -8.562247e-01 
 2.339805e+01 -8.439543e-01 
 2.339837e+01 -8.298909e-01 
 2.339869e+01 -7.891335e-01 
 2.339902e+01 -8.130959e-01 
 2.339934e+01 -7.924775e-01 
 2.339966e+01 -7.478638e-01 
 2.339999e+01 -7.091679e-01 
 2.340031e+01 -6.793857e-01 
 2.340063e+01 -6.432045e-01 
 2.340095e+01 -5.976554e-01 
 2.340128e+01 -5.619757e-01 
 2.340160e+01 -5.280276e-01 
 2.340192e+01 -5.254509e-01 
 2.340225e+01 -4.749117e-01 
 2.340257e+01 -4.301859e-01 
 2.340289e+01 -4.048607e-01 
 2.340322e+01 -3.745087e-01 
 2.340354e+01 -3.452046e-01 
 2.340386e+01 -3.155360e-01 
 2.340418e+01 -2.967617e-01 
 2.340451e+01 -2.622230e-01 
 2.340483e+01 -2.549711e-01 
 2.340515e+01 -2.542123e-01 
 2.340548e+01 -2.189914e-01 
 2.340580e+01 -1.872341e-01 
 2.340612e+01 -1.480534e-01 
 2.340644e+01 -1.220519e-01 
 2.340677e+01 -1.175652e-01 
 2.340709e+01 -8.656333e-02 
 2.340741e+01 -6.987821e-02 
 2.340774e+01 -4.010121e-02 
 2.340806e+01 -1.349584e-02 
 2.340838e+01  7.829033e-03 
 2.340871e+01  4.257903e-02 
 2.340903e+01  5.574453e-02 
 2.340935e+01  8.894082e-02 
 2.340967e+01  1.095791e-01 
 2.341000e+01  1.307648e-01 
 2.341032e+01  1.571032e-01 
 2.341064e+01  1.707633e-01 
 2.341097e+01  1.908225e-01 
 2.341129e+01  2.151933e-01 
 2.341161e+01  3.159579e-01 
 2.341194e+01  3.304959e-01 
 2.341226e+01  3.522542e-01 
 2.341258e+01  3.433288e-01 
 2.341290e+01  3.769222e-01 
 2.341323e+01  3.588112e-01 
 2.341355e+01  3.609465e-01 
 2.341387e+01  3.384601e-01 
 2.341420e+01  3.154297e-01 
 2.341452e+01  2.798856e-01 
 2.341484e+01  2.240518e-01 
 2.341517e+01  1.950340e-01 
 2.341549e+01  1.477736e-01 
 2.341581e+01  1.177062e-01 
 2.341613e+01  7.845891e-02 
 2.341646e+01  6.306072e-02 
 2.341678e+01  4.931810e-02 
 2.341710e+01  3.139865e-02 
 2.341743e+01 -1.609885e-02 
 2.341775e+01 -5.772395e-02 
 2.341807e+01 -5.716118e-02 
 2.341840e+01 -4.790655e-02 
 2.341872e+01 -8.453062e-02 
 2.341904e+01 -1.152600e-01 
 2.341936e+01 -1.202031e-01 
 2.341969e+01 -1.259282e-01 
 2.342001e+01 -1.345685e-01 
 2.342033e+01 -1.096044e-01 
 2.342066e+01 -5.392521e-02 
 2.342098e+01 -3.109618e-02 
 2.342130e+01  2.941221e-02 
 2.342163e+01  4.696454e-02 
 2.342195e+01  6.788376e-02 
 2.342227e+01  8.260943e-02 
 2.342259e+01  8.072166e-02 
 2.342292e+01  8.298179e-02 
 2.342324e+01  6.288867e-02 
 2.342356e+01 -2.273448e-02 
 2.342389e+01 -7.613725e-02 
 2.342421e+01 -9.942913e-02 
 2.342453e+01 -9.390408e-02 
 2.342486e+01 -7.698304e-02 
 2.342518e+01 -4.478140e-02 
 2.342550e+01 -3.288101e-03 
 2.342582e+01  3.402364e-02 
 2.342615e+01  7.059172e-02 
 2.342647e+01  9.902605e-02 
 2.342679e+01  1.213847e-01 
 2.342712e+01  1.443618e-01 
 2.342744e+01  1.442362e-01 
 2.342776e+01  1.662025e-01 
 2.342809e+01  1.851292e-01 
 2.342841e+01  2.036863e-01 
 2.342873e+01  2.270805e-01 
 2.342905e+01  1.998249e-01 
 2.342938e+01  2.296027e-01 
 2.342970e+01  2.498683e-01 
 2.343002e+01  2.833430e-01 
 2.343035e+01  3.147733e-01 
 2.343067e+01  3.106742e-01 
 2.343099e+01  3.308524e-01 
 2.343132e+01  3.504179e-01 
 2.343164e+01  3.733024e-01 
 2.343196e+01  3.904850e-01 
 2.343228e+01  3.988509e-01 
 2.343261e+01  4.198114e-01 
 2.343293e+01  4.466163e-01 
 2.343325e+01  4.919104e-01 
 2.343358e+01  5.361321e-01 
 2.343390e+01  5.805955e-01 
 2.343422e+01  6.255585e-01 
 2.343454e+01  6.664479e-01 
 2.343487e+01  6.992742e-01 
 2.343519e+01  7.343581e-01 
 2.343551e+01  7.771639e-01 
 2.343584e+01  8.010012e-01 
 2.343616e+01  8.059692e-01 
 2.343648e+01  8.205185e-01 
 2.343681e+01  8.538824e-01 
 2.343713e+01  9.052099e-01 
 2.343745e+01  9.587274e-01 
 2.343777e+01  9.829792e-01 
 2.343810e+01  9.923258e-01 
 2.343842e+01  1.017602e+00 
 2.343874e+01  1.040462e+00 
 2.343907e+01  1.049342e+00 
 2.343939e+01  1.031648e+00 
 2.343971e+01  1.021562e+00 
 2.344004e+01  1.010283e+00 
 2.344036e+01  9.950962e-01 
 2.344068e+01  9.746975e-01 
 2.344100e+01  9.227561e-01 
 2.344133e+01  8.992462e-01 
 2.344165e+01  8.646098e-01 
 2.344197e+01  8.615691e-01 
 2.344230e+01  8.450184e-01 
 2.344262e+01  8.243848e-01 
 2.344294e+01  7.873674e-01 
 2.344327e+01  7.637604e-01 
 2.344359e+01  7.279051e-01 
 2.344391e+01  6.825474e-01 
 2.344423e+01  6.635481e-01 
 2.344456e+01  6.373049e-01 
 2.344488e+01  5.947563e-01 
 2.344520e+01  5.596939e-01 
 2.344553e+01  5.405429e-01 
 2.344585e+01  5.234726e-01 
 2.344617e+01  5.006257e-01 
 2.344650e+01  4.674057e-01 
 2.344682e+01  4.309089e-01 
 2.344714e+01  3.876482e-01 
 2.344746e+01  3.399362e-01 
 2.344779e+01  2.986187e-01 
 2.344811e+01  2.503073e-01 
 2.344843e+01  2.077902e-01 
 2.344876e+01  1.670830e-01 
 2.344908e+01  1.294723e-01 
 2.344940e+01  9.889194e-02 
 2.344973e+01  7.930418e-02 
 2.345005e+01  5.960040e-02 
 2.345037e+01  5.234707e-02 
 2.345069e+01  1.296338e-02 
 2.345102e+01  7.425302e-03 
 2.345134e+01 -4.978889e-03 
 2.345166e+01 -1.038364e-02 
 2.345199e+01 -1.717932e-02 
 2.345231e+01 -2.378954e-02 
 2.345263e+01  3.935830e-04 
 2.345296e+01  9.731362e-03 
 2.345328e+01  2.232625e-02 
 2.345360e+01  3.709212e-02 
 2.345392e+01  5.574342e-02 
 2.345425e+01  7.765360e-02 
 2.345457e+01  9.047935e-02 
 2.345489e+01  9.413664e-02 
 2.345522e+01  1.030297e-01 
 2.345554e+01  9.984647e-02 
 2.345586e+01  1.077855e-01 
 2.345619e+01  1.072765e-01 
 2.345651e+01  9.657229e-02 
 2.345683e+01  7.813331e-02 
 2.345715e+01  6.938017e-02 
 2.345748e+01  7.134361e-02 
 2.345780e+01  6.832308e-02 
 2.345812e+01  6.470704e-02 
 2.345845e+01  5.501853e-02 
 2.345877e+01  4.095639e-02 
 2.345909e+01  4.259434e-02 
 2.345942e+01  4.110584e-02 
 2.345974e+01  3.290215e-02 
 2.346006e+01  2.303248e-02 
 2.346038e+01  1.548613e-02 
 2.346071e+01 -6.105952e-03 
 2.346103e+01 -2.657104e-02 
 2.346135e+01 -1.476369e-02 
 2.346168e+01 -4.619610e-03 
 2.346200e+01  3.001919e-03 
 2.346232e+01  1.282658e-02 
 2.346265e+01  2.030771e-02 
 2.346297e+01  4.298713e-02 
 2.346329e+01  8.371147e-02 
 2.346361e+01  8.902874e-02 
 2.346394e+01  8.303529e-02 
 2.346426e+01  6.590266e-02 
 2.346458e+01  4.661420e-02 
 2.346491e+01  2.439714e-02 
 2.346523e+01 -1.288160e-02 
 2.346555e+01 -5.498068e-02 
 2.346587e+01 -9.706073e-02 
 2.346620e+01 -1.389461e-01 
 2.346652e+01 -1.911448e-01 
 2.346684e+01 -2.503622e-01 
 2.346717e+01 -3.090839e-01 
 2.346749e+01 -3.658591e-01 
 2.346781e+01 -4.248928e-01 
 2.346814e+01 -5.150768e-01 
 2.346846e+01 -5.670792e-01 
 2.346878e+01 -6.113762e-01 
 2.346910e+01 -6.501553e-01 
 2.346943e+01 -6.847916e-01 
 2.346975e+01 -7.184324e-01 
 2.347007e+01 -7.387553e-01 
 2.347040e+01 -7.567894e-01 
 2.347072e+01 -7.705624e-01 
 2.347104e+01 -7.803786e-01 
 2.347137e+01 -7.923566e-01 
 2.347169e+01 -8.048137e-01 
 2.347201e+01 -8.191442e-01 
 2.347233e+01 -8.336827e-01 
 2.347266e+01 -8.471115e-01 
 2.347298e+01 -8.692268e-01 
 2.347330e+01 -8.904370e-01 
 2.347363e+01 -9.020191e-01 
 2.347395e+01 -9.112852e-01 
 2.347427e+01 -9.130762e-01 
 2.347460e+01 -9.175611e-01 
 2.347492e+01 -9.329946e-01 
 2.347524e+01 -9.494549e-01 
 2.347556e+01 -9.734731e-01 
 2.347589e+01 -9.973403e-01 
 2.347621e+01 -1.020615e+00 
 2.347653e+01 -1.040165e+00 
 2.347686e+01 -1.057043e+00 
 2.347718e+01 -1.075428e+00 
 2.347750e+01 -1.088260e+00 
 2.347783e+01 -1.091817e+00 
 2.347815e+01 -1.097256e+00 
 2.347847e+01 -1.100438e+00 
 2.347879e+01 -1.088818e+00 
 2.347912e+01 -1.068548e+00 
 2.347944e+01 -1.045321e+00 
 2.347976e+01 -1.017073e+00 
 2.348009e+01 -9.918545e-01 
 2.348041e+01 -9.748745e-01 
 2.348073e+01 -9.564673e-01 
 2.348106e+01 -9.378861e-01 
 2.348138e+01 -9.208166e-01 
 2.348170e+01 -8.956295e-01 
 2.348202e+01 -8.688250e-01 
 2.348235e+01 -8.455960e-01 
 2.348267e+01 -8.304561e-01 
 2.348299e+01 -8.153461e-01 
 2.348332e+01 -8.057286e-01 
 2.348364e+01 -7.925049e-01 
 2.348396e+01 -7.897058e-01 
 2.348429e+01 -7.938702e-01 
 2.348461e+01 -7.992589e-01 
 2.348493e+01 -8.013694e-01 
 2.348525e+01 -7.961117e-01 
 2.348558e+01 -7.859761e-01 
 2.348590e+01 -7.722645e-01 
 2.348622e+01 -7.483666e-01 
 2.348655e+01 -7.094119e-01 
 2.348687e+01 -6.716320e-01 
 2.348719e+01 -6.208090e-01 
 2.348752e+01 -6.013862e-01 
 2.348784e+01 -5.419318e-01 
 2.348816e+01 -4.838805e-01 
 2.348848e+01 -4.232038e-01 
 2.348881e+01 -3.563202e-01 
 2.348913e+01 -3.199394e-01 
 2.348945e+01 -2.422334e-01 
 2.348978e+01 -1.606274e-01 
 2.349010e+01 -9.834840e-02 
 2.349042e+01 -3.739093e-02 
 2.349075e+01  2.150895e-02 
 2.349107e+01  7.693347e-02 
 2.349139e+01  1.254482e-01 
 2.349171e+01  1.650188e-01 
 2.349204e+01  1.948588e-01 
 2.349236e+01  2.100171e-01 
 2.349268e+01  1.873522e-01 
 2.349301e+01  1.774143e-01 
 2.349333e+01  1.665075e-01 
 2.349365e+01  1.515525e-01 
 2.349397e+01  1.317035e-01 
 2.349430e+01  1.157512e-01 
 2.349462e+01  7.593637e-02 
 2.349494e+01  5.161040e-02 
 2.349527e+01  5.217244e-02 
 2.349559e+01  4.999032e-02 
 2.349591e+01  4.294722e-02 
 2.349624e+01  3.644402e-02 
 2.349656e+01  3.217839e-02 
 2.349688e+01  3.360450e-02 
 2.349720e+01  3.725306e-02 
 2.349753e+01  4.088320e-02 
 2.349785e+01  4.271446e-02 
 2.349817e+01  4.712093e-02 
 2.349850e+01  5.308078e-02 
 2.349882e+01  6.203128e-02 
 2.349914e+01  6.970418e-02 
 2.349947e+01  7.910901e-02 
 2.349979e+01  8.320925e-02 
 2.350011e+01  8.400088e-02 
 2.350043e+01  8.495477e-02 
 2.350076e+01  1.028632e-01 
 2.350108e+01  1.037839e-01 
 2.350140e+01  9.971936e-02 
 2.350173e+01  8.552717e-02 
 2.350205e+01  1.056692e-01 
 2.350237e+01  1.178461e-01 
 2.350270e+01  1.056472e-01 
 2.350302e+01  1.142203e-01 
 2.350334e+01  1.466023e-01 
 2.350366e+01  1.602806e-01 
 2.350399e+01  1.730965e-01 
 2.350431e+01  1.886435e-01 
 2.350463e+01  1.699830e-01 
 2.350496e+01  1.859269e-01 
 2.350528e+01  2.140998e-01 
 2.350560e+01  2.274262e-01 
 2.350593e+01  2.662218e-01 
 2.350625e+01  3.011873e-01 
 2.350657e+01  2.852422e-01 
 2.350689e+01  3.254745e-01 
 2.350722e+01  3.716349e-01 
 2.350754e+01  4.071217e-01 
 2.350786e+01  4.125254e-01 
 2.350819e+01  4.337148e-01 
 2.350851e+01  4.284586e-01 
 2.350883e+01  4.398884e-01 
 2.350916e+01  4.457205e-01 
 2.350948e+01  4.517726e-01 
 2.350980e+01  4.050924e-01 
 2.351012e+01  3.730245e-01 
 2.351045e+01  3.721336e-01 
 2.351077e+01  3.179960e-01 
 2.351109e+01  3.262105e-01 
 2.351142e+01  3.367031e-01 
 2.351174e+01  3.454325e-01 
 2.351206e+01  3.530188e-01 
 2.351239e+01  3.678954e-01 
 2.351271e+01  3.986554e-01 
 2.351303e+01  4.355355e-01 
 2.351335e+01  4.926709e-01 
 2.351368e+01  5.502468e-01 
 2.351400e+01  6.015725e-01 
 2.351432e+01  6.585025e-01 
 2.351465e+01  6.905764e-01 
 2.351497e+01  7.456311e-01 
 2.351529e+01  8.025037e-01 
 2.351562e+01  8.632601e-01 
 2.351594e+01  9.462790e-01 
 2.351626e+01  1.004617e+00 
 2.351658e+01  1.057399e+00 
 2.351691e+01  1.071177e+00 
 2.351723e+01  1.118498e+00 
 2.351755e+01  1.159397e+00 
 2.351788e+01  1.190429e+00 
 2.351820e+01  1.227749e+00 
 2.351852e+01  1.257098e+00 
 2.351885e+01  1.281690e+00 
 2.351917e+01  1.254261e+00 
 2.351949e+01  1.268750e+00 
 2.351981e+01  1.279968e+00 
 2.352014e+01  1.287846e+00 
 2.352046e+01  1.296223e+00 
 2.352078e+01  1.306367e+00 
 2.352111e+01  1.316349e+00 
 2.352143e+01  1.322995e+00 
 2.352175e+01  1.323294e+00 
 2.352207e+01  1.323128e+00 
 2.352240e+01  1.269557e+00 
 2.352272e+01  1.265345e+00 
 2.352304e+01  1.257682e+00 
 2.352337e+01  1.247156e+00 
 2.352369e+01  1.235053e+00 
 2.352401e+01  1.222341e+00 
 2.352434e+01  1.211475e+00 
 2.352466e+01  1.210276e+00 
 2.352498e+01  1.206122e+00 
 2.352530e+01  1.199731e+00 
 2.352563e+01  1.163179e+00 
 2.352595e+01  1.159895e+00 
 2.352627e+01  1.152064e+00 
 2.352660e+01  1.132701e+00 
 2.352692e+01  1.113505e+00 
 2.352724e+01  1.096214e+00 
 2.352757e+01  1.070586e+00 
 2.352789e+01  1.040796e+00 
 2.352821e+01  1.027903e+00 
 2.352853e+01  1.008289e+00 
 2.352886e+01  9.921497e-01 
 2.352918e+01  9.856743e-01 
 2.352950e+01  9.793099e-01 
 2.352983e+01  9.792048e-01 
 2.353015e+01  9.747633e-01 
 2.353047e+01  9.747450e-01 
 2.353080e+01  9.768709e-01 
 2.353112e+01  9.540009e-01 
 2.353144e+01  9.426860e-01 
 2.353176e+01  9.475619e-01 
 2.353209e+01  9.582864e-01 
 2.353241e+01  9.730589e-01 
 2.353273e+01  9.946955e-01 
 2.353306e+01  1.021680e+00 
 2.353338e+01  1.050820e+00 
 2.353370e+01  1.078252e+00 
 2.353403e+01  1.103603e+00 
 2.353435e+01  1.126528e+00 
 2.353467e+01  1.145589e+00 
 2.353499e+01  1.165233e+00 
 2.353532e+01  1.172028e+00 
 2.353564e+01  1.198292e+00 
 2.353596e+01  1.220548e+00 
 2.353629e+01  1.246882e+00 
 2.353661e+01  1.264185e+00 
 2.353693e+01  1.270590e+00 
 2.353726e+01  1.275383e+00 
 2.353758e+01  1.280729e+00 
 2.353790e+01  1.280806e+00 
 2.353822e+01  1.273810e+00 
 2.353855e+01  1.262289e+00 
 2.353887e+01  1.243505e+00 
 2.353919e+01  1.216801e+00 
 2.353952e+01  1.196007e+00 
 2.353984e+01  1.179099e+00 
 2.354016e+01  1.132748e+00 
 2.354049e+01  1.116416e+00 
 2.354081e+01  1.103290e+00 
 2.354113e+01  1.054102e+00 
 2.354145e+01  1.043649e+00 
 2.354177e+01  1.022834e+00 
 2.354209e+01  9.949693e-01 
 2.354241e+01  9.637119e-01 
 2.354274e+01  9.287982e-01 
 2.354306e+01  8.980365e-01 
 2.354338e+01  8.692102e-01 
 2.354370e+01  8.371118e-01 
 2.354402e+01  8.039023e-01 
 2.354434e+01  7.695447e-01 
 2.354467e+01  7.376666e-01 
 2.354499e+01  7.054395e-01 
 2.354531e+01  6.841489e-01 
 2.354563e+01  6.504894e-01 
 2.354595e+01  6.058514e-01 
 2.354627e+01  5.538346e-01 
 2.354659e+01  4.948669e-01 
 2.354692e+01  4.332720e-01 
 2.354724e+01  3.631516e-01 
 2.354756e+01  2.956065e-01 
 2.354789e+01  2.301720e-01 
 2.354821e+01  1.617208e-01 
 2.354853e+01  9.287451e-02 
 2.354885e+01  2.722366e-02 
 2.354918e+01 -3.904267e-02 
 2.354950e+01 -9.963636e-02 
 2.354982e+01 -1.575557e-01 
 2.355015e+01 -2.256746e-01 
 2.355047e+01 -2.999255e-01 
 2.355079e+01 -3.779235e-01 
 2.355112e+01 -4.509736e-01 
 2.355144e+01 -5.317747e-01 
 2.355176e+01 -6.103590e-01 
 2.355208e+01 -6.840307e-01 
 2.355241e+01 -7.649620e-01 
 2.355273e+01 -8.379671e-01 
 2.355305e+01 -8.752410e-01 
 2.355338e+01 -9.382299e-01 
 2.355370e+01 -9.996856e-01 
 2.355402e+01 -1.061947e+00 
 2.355434e+01 -1.117185e+00 
 2.355467e+01 -1.155375e+00 
 2.355499e+01 -1.204901e+00 
 2.355531e+01 -1.247043e+00 
 2.355564e+01 -1.291144e+00 
 2.355596e+01 -1.334824e+00 
 2.355628e+01 -1.378675e+00 
 2.355661e+01 -1.420308e+00 
 2.355693e+01 -1.459527e+00 
 2.355725e+01 -1.498344e+00 
 2.355757e+01 -1.529996e+00 
 2.355790e+01 -1.527712e+00 
 2.355822e+01 -1.547820e+00 
 2.355854e+01 -1.540901e+00 
 2.355887e+01 -1.556420e+00 
 2.355919e+01 -1.574559e+00 
 2.355951e+01 -1.591720e+00 
 2.355984e+01 -1.608118e+00 
 2.356016e+01 -1.624644e+00 
 2.356048e+01 -1.643317e+00 
 2.356080e+01 -1.664187e+00 
 2.356113e+01 -1.683027e+00 
 2.356145e+01 -1.699217e+00 
 2.356177e+01 -1.713510e+00 
 2.356210e+01 -1.727447e+00 
 2.356242e+01 -1.742970e+00 
 2.356274e+01 -1.758294e+00 
 2.356307e+01 -1.769795e+00 
 2.356339e+01 -1.777025e+00 
 2.356371e+01 -1.780796e+00 
 2.356403e+01 -1.785299e+00 
 2.356436e+01 -1.792326e+00 
 2.356468e+01 -1.801214e+00 
 2.356500e+01 -1.807520e+00 
 2.356533e+01 -1.807754e+00 
 2.356565e+01 -1.801661e+00 
 2.356597e+01 -1.790442e+00 
 2.356630e+01 -1.774294e+00 
 2.356662e+01 -1.755262e+00 
 2.356694e+01 -1.725633e+00 
 2.356726e+01 -1.689579e+00 
 2.356759e+01 -1.648109e+00 
 2.356791e+01 -1.601980e+00 
 2.356823e+01 -1.558525e+00 
 2.356856e+01 -1.512357e+00 
 2.356888e+01 -1.466512e+00 
 2.356920e+01 -1.422284e+00 
 2.356953e+01 -1.377095e+00 
 2.356985e+01 -1.334183e+00 
 2.357017e+01 -1.296259e+00 
 2.357049e+01 -1.253517e+00 
 2.357082e+01 -1.223592e+00 
 2.357114e+01 -1.202570e+00 
 2.357146e+01 -1.190024e+00 
 2.357179e+01 -1.183710e+00 
 2.357211e+01 -1.186733e+00 
 2.357243e+01 -1.196354e+00 
 2.357276e+01 -1.208760e+00 
 2.357308e+01 -1.228527e+00 
 2.357340e+01 -1.251741e+00 
 2.357372e+01 -1.271135e+00 
 2.357405e+01 -1.295013e+00 
 2.357437e+01 -1.321177e+00 
 2.357469e+01 -1.340940e+00 
 2.357502e+01 -1.366552e+00 
 2.357534e+01 -1.362028e+00 
 2.357566e+01 -1.350427e+00 
 2.357599e+01 -1.368324e+00 
 2.357631e+01 -1.387789e+00 
 2.357663e+01 -1.407105e+00 
 2.357695e+01 -1.426571e+00 
 2.357728e+01 -1.445471e+00 
 2.357760e+01 -1.460514e+00 
 2.357792e+01 -1.475983e+00 
 2.357825e+01 -1.492293e+00 
 2.357857e+01 -1.506239e+00 
 2.357889e+01 -1.518688e+00 
 2.357922e+01 -1.527325e+00 
 2.357954e+01 -1.534659e+00 
 2.357986e+01 -1.539806e+00 
 2.358018e+01 -1.540170e+00 
 2.358051e+01 -1.531703e+00 
 2.358083e+01 -1.514575e+00 
 2.358115e+01 -1.488648e+00 
 2.358148e+01 -1.455837e+00 
 2.358180e+01 -1.420023e+00 
 2.358212e+01 -1.378928e+00 
 2.358245e+01 -1.331306e+00 
 2.358277e+01 -1.277457e+00 
 2.358309e+01 -1.219055e+00 
 2.358341e+01 -1.132990e+00 
 2.358374e+01 -1.066032e+00 
 2.358406e+01 -9.935090e-01 
 2.358438e+01 -9.168448e-01 
 2.358471e+01 -8.382104e-01 
 2.358503e+01 -7.010283e-01 
 2.358535e+01 -6.053926e-01 
 2.358568e+01 -5.278067e-01 
 2.358600e+01 -4.503254e-01 
 2.358632e+01 -3.749525e-01 
 2.358664e+01 -2.999093e-01 
 2.358697e+01 -2.309943e-01 
 2.358729e+01 -1.741103e-01 
 2.358761e+01 -1.234262e-01 
 2.358794e+01 -8.151994e-02 
 2.358826e+01 -5.920007e-02 
 2.358858e+01 -4.088923e-02 
 2.358890e+01 -3.190625e-02 
 2.358923e+01 -3.055819e-02 
 2.358955e+01 -3.288200e-02 
 2.358987e+01 -4.037573e-02 
 2.359020e+01 -8.390306e-02 
 2.359052e+01 -9.659375e-02 
 2.359084e+01 -1.135452e-01 
 2.359117e+01 -1.318238e-01 
 2.359149e+01 -1.477559e-01 
 2.359181e+01 -1.576754e-01 
 2.359213e+01 -1.608547e-01 
 2.359246e+01 -1.313210e-01 
 2.359278e+01 -9.062290e-02 
 2.359310e+01 -5.662084e-02 
 2.359343e+01 -4.175615e-02 
 2.359375e+01 -1.664279e-02 
 2.359407e+01  4.705493e-03 
 2.359440e+01  2.756597e-02 
 2.359472e+01  5.141484e-02 
 2.359504e+01  5.700022e-02 
 2.359536e+01  4.991891e-02 
 2.359569e+01  4.832136e-02 
 2.359601e+01  4.601743e-02 
 2.359633e+01  3.728700e-02 
 2.359666e+01  2.719625e-02 
 2.359698e+01  1.607722e-02 
 2.359730e+01  7.163119e-03 
 2.359763e+01 -2.766638e-03 
 2.359795e+01 -1.538182e-02 
 2.359827e+01 -3.490482e-02 
 2.359859e+01 -5.693245e-02 
 2.359892e+01 -8.205779e-02 
 2.359924e+01 -1.108127e-01 
 2.359956e+01 -1.413075e-01 
 2.359989e+01 -1.710747e-01 
 2.360021e+01 -1.958913e-01 
 2.360053e+01 -2.170335e-01 
 2.360086e+01 -2.315061e-01 
 2.360118e+01 -2.375471e-01 
 2.360150e+01 -2.367863e-01 
 2.360182e+01 -2.332856e-01 
 2.360215e+01 -2.298634e-01 
 2.360247e+01 -2.269215e-01 
 2.360279e+01 -1.981240e-01 
 2.360312e+01 -2.034922e-01 
 2.360344e+01 -2.132144e-01 
 2.360376e+01 -2.277963e-01 
 2.360409e+01 -2.451918e-01 
 2.360441e+01 -2.588814e-01 
 2.360473e+01 -2.758278e-01 
 2.360505e+01 -2.876659e-01 
 2.360538e+01 -3.046527e-01 
 2.360570e+01 -2.960069e-01 
 2.360602e+01 -3.067853e-01 
 2.360635e+01 -3.160464e-01 
 2.360667e+01 -3.267721e-01 
 2.360699e+01 -3.422041e-01 
 2.360732e+01 -3.634725e-01 
 2.360764e+01 -3.901625e-01 
 2.360796e+01 -4.132926e-01 
 2.360828e+01 -4.342356e-01 
 2.360861e+01 -4.763335e-01 
 2.360893e+01 -4.840680e-01 
 2.360925e+01 -4.856649e-01 
 2.360958e+01 -4.830839e-01 
 2.360990e+01 -4.748118e-01 
 2.361022e+01 -4.631333e-01 
 2.361055e+01 -4.454399e-01 
 2.361087e+01 -4.351993e-01 
 2.361119e+01 -4.179007e-01 
 2.361151e+01 -3.968082e-01 
 2.361184e+01 -3.758597e-01 
 2.361216e+01 -3.586974e-01 
 2.361248e+01 -3.456698e-01 
 2.361281e+01 -3.345098e-01 
 2.361313e+01 -3.247682e-01 
 2.361345e+01 -3.126044e-01 
 2.361378e+01 -3.029533e-01 
 2.361410e+01 -2.962369e-01 
 2.361442e+01 -2.890285e-01 
 2.361474e+01 -2.832351e-01 
 2.361507e+01 -2.794877e-01 
 2.361539e+01 -2.816538e-01 
 2.361571e+01 -2.879305e-01 
 2.361604e+01 -2.977928e-01 
 2.361636e+01 -3.058012e-01 
 2.361668e+01 -3.177967e-01 
 2.361701e+01 -3.319284e-01 
 2.361733e+01 -3.498385e-01 
 2.361765e+01 -3.605013e-01 
 2.361797e+01 -3.684749e-01 
 2.361830e+01 -3.745366e-01 
 2.361862e+01 -3.795301e-01 
 2.361894e+01 -3.884581e-01 
 2.361927e+01 -4.057492e-01 
 2.361959e+01 -4.304293e-01 
 2.361991e+01 -4.586164e-01 
 2.362024e+01 -4.913958e-01 
 2.362056e+01 -5.285681e-01 
 2.362088e+01 -5.700753e-01 
 2.362120e+01 -6.140905e-01 
 2.362153e+01 -6.558376e-01 
 2.362185e+01 -6.991260e-01 
 2.362217e+01 -7.137955e-01 
 2.362250e+01 -7.623289e-01 
 2.362282e+01 -8.137229e-01 
 2.362314e+01 -8.675971e-01 
 2.362346e+01 -9.236016e-01 
 2.362379e+01 -9.803190e-01 
 2.362411e+01 -1.036595e+00 
 2.362443e+01 -1.089814e+00 
 2.362476e+01 -1.135936e+00 
 2.362508e+01 -1.163850e+00 
 2.362540e+01 -1.203925e+00 
 2.362573e+01 -1.244214e+00 
 2.362605e+01 -1.279548e+00 
 2.362637e+01 -1.306424e+00 
 2.362669e+01 -1.334483e+00 
 2.362702e+01 -1.358915e+00 
 2.362734e+01 -1.379801e+00 
 2.362766e+01 -1.394651e+00 
 2.362799e+01 -1.411063e+00 
 2.362831e+01 -1.422840e+00 
 2.362863e+01 -1.421627e+00 
 2.362896e+01 -1.420340e+00 
 2.362928e+01 -1.404438e+00 
 2.362960e+01 -1.391625e+00 
 2.362992e+01 -1.373512e+00 
 2.363025e+01 -1.352647e+00 
 2.363057e+01 -1.327863e+00 
 2.363089e+01 -1.301314e+00 
 2.363122e+01 -1.275080e+00 
 2.363154e+01 -1.253886e+00 
 2.363186e+01 -1.238104e+00 
 2.363219e+01 -1.223406e+00 
 2.363251e+01 -1.206690e+00 
 2.363283e+01 -1.187972e+00 
 2.363315e+01 -1.170841e+00 
 2.363348e+01 -1.155723e+00 
 2.363380e+01 -1.137971e+00 
 2.363412e+01 -1.122503e+00 
 2.363445e+01 -1.112724e+00 
 2.363477e+01 -1.109573e+00 
 2.363509e+01 -1.109734e+00 
 2.363542e+01 -1.112311e+00 
 2.363574e+01 -1.117581e+00 
 2.363606e+01 -1.123323e+00 
 2.363638e+01 -1.128350e+00 
 2.363671e+01 -1.138483e+00 
 2.363703e+01 -1.150292e+00 
 2.363735e+01 -1.157749e+00 
 2.363768e+01 -1.162158e+00 
 2.363800e+01 -1.167429e+00 
 2.363832e+01 -1.172982e+00 
 2.363865e+01 -1.179937e+00 
 2.363897e+01 -1.190097e+00 
 2.363929e+01 -1.203186e+00 
 2.363961e+01 -1.221697e+00 
 2.363994e+01 -1.244188e+00 
 2.364026e+01 -1.268227e+00 
 2.364058e+01 -1.293638e+00 
 2.364091e+01 -1.317707e+00 
 2.364123e+01 -1.338934e+00 
 2.364155e+01 -1.359963e+00 
 2.364188e+01 -1.380384e+00 
 2.364220e+01 -1.400925e+00 
 2.364252e+01 -1.421100e+00 
 2.364284e+01 -1.438277e+00 
 2.364317e+01 -1.455157e+00 
 2.364349e+01 -1.473068e+00 
 2.364381e+01 -1.494647e+00 
 2.364414e+01 -1.514643e+00 
 2.364446e+01 -1.534222e+00 
 2.364478e+01 -1.557619e+00 
 2.364511e+01 -1.584229e+00 
 2.364543e+01 -1.603408e+00 
 2.364575e+01 -1.621692e+00 
 2.364607e+01 -1.635078e+00 
 2.364640e+01 -1.645448e+00 
 2.364672e+01 -1.654160e+00 
 2.364704e+01 -1.662567e+00 
 2.364737e+01 -1.671418e+00 
 2.364769e+01 -1.676587e+00 
 2.364801e+01 -1.681711e+00 
 2.364834e+01 -1.688622e+00 
 2.364866e+01 -1.700384e+00 
 2.364898e+01 -1.706325e+00 
 2.364930e+01 -1.712637e+00 
 2.364963e+01 -1.717546e+00 
 2.364995e+01 -1.722697e+00 
 2.365027e+01 -1.726618e+00 
 2.365060e+01 -1.731089e+00 
 2.365092e+01 -1.733712e+00 
 2.365124e+01 -1.729554e+00 
 2.365156e+01 -1.725073e+00 
 2.365189e+01 -1.719531e+00 
 2.365221e+01 -1.718888e+00 
 2.365253e+01 -1.717333e+00 
 2.365286e+01 -1.712126e+00 
 2.365318e+01 -1.703868e+00 
 2.365350e+01 -1.688363e+00 
 2.365383e+01 -1.668605e+00 
 2.365415e+01 -1.644894e+00 
 2.365447e+01 -1.614934e+00 
 2.365479e+01 -1.581524e+00 
 2.365512e+01 -1.543072e+00 
 2.365544e+01 -1.502080e+00 
 2.365576e+01 -1.460741e+00 
 2.365609e+01 -1.417839e+00 
 2.365641e+01 -1.371976e+00 
 2.365673e+01 -1.331551e+00 
 2.365706e+01 -1.299315e+00 
 2.365738e+01 -1.259829e+00 
 2.365770e+01 -1.223476e+00 
 2.365802e+01 -1.190889e+00 
 2.365835e+01 -1.152524e+00 
 2.365867e+01 -1.119043e+00 
 2.365899e+01 -1.084459e+00 
 2.365932e+01 -1.047399e+00 
 2.365964e+01 -1.016005e+00 
 2.365996e+01 -9.855426e-01 
 2.366029e+01 -9.590632e-01 
 2.366061e+01 -9.403452e-01 
 2.366093e+01 -9.205307e-01 
 2.366125e+01 -9.036665e-01 
 2.366158e+01 -8.802412e-01 
 2.366190e+01 -8.523026e-01 
 2.366222e+01 -8.243048e-01 
 2.366255e+01 -7.970597e-01 
 2.366287e+01 -7.689281e-01 
 2.366319e+01 -7.341557e-01 
 2.366352e+01 -7.014993e-01 
 2.366384e+01 -6.668890e-01 
 2.366416e+01 -6.367579e-01 
 2.366448e+01 -6.099248e-01 
 2.366481e+01 -5.930261e-01 
 2.366513e+01 -5.723499e-01 
 2.366545e+01 -5.590496e-01 
 2.366578e+01 -5.446935e-01 
 2.366610e+01 -5.341354e-01 
 2.366642e+01 -5.239527e-01 
 2.366675e+01 -5.090461e-01 
 2.366707e+01 -4.961208e-01 
 2.366739e+01 -4.890694e-01 
 2.366771e+01 -4.921913e-01 
 2.366804e+01 -5.014198e-01 
 2.366836e+01 -5.166100e-01 
 2.366868e+01 -5.370569e-01 
 2.366901e+01 -5.674817e-01 
 2.366933e+01 -6.004919e-01 
 2.366965e+01 -6.335250e-01 
 2.366998e+01 -6.655451e-01 
 2.367030e+01 -6.982015e-01 
 2.367062e+01 -7.243319e-01 
 2.367094e+01 -7.530040e-01 
 2.367127e+01 -7.750883e-01 
 2.367159e+01 -7.876281e-01 
 2.367191e+01 -7.936683e-01 
 2.367224e+01 -7.943051e-01 
 2.367256e+01 -7.990690e-01 
 2.367288e+01 -8.065894e-01 
 2.367321e+01 -8.098639e-01 
 2.367353e+01 -8.110792e-01 
 2.367385e+01 -8.116517e-01 
 2.367417e+01 -8.204092e-01 
 2.367450e+01 -8.366866e-01 
 2.367482e+01 -8.243268e-01 
 2.367514e+01 -8.078644e-01 
 2.367547e+01 -8.159189e-01 
 2.367579e+01 -8.187984e-01 
 2.367611e+01 -8.219365e-01 
 2.367643e+01 -8.422971e-01 
 2.367676e+01 -8.465287e-01 
 2.367708e+01 -8.447551e-01 
 2.367740e+01 -8.454241e-01 
 2.367773e+01 -8.663976e-01 
 2.367805e+01 -8.935464e-01 
 2.367837e+01 -9.002407e-01 
 2.367870e+01 -9.210234e-01 
 2.367902e+01 -9.304353e-01 
 2.367934e+01 -9.293063e-01 
 2.367966e+01 -9.414980e-01 
 2.367999e+01 -9.397536e-01 
 2.368031e+01 -9.329995e-01 
 2.368063e+01 -9.163967e-01 
 2.368096e+01 -9.065501e-01 
 2.368128e+01 -8.895789e-01 
 2.368160e+01 -8.572376e-01 
 2.368193e+01 -8.319171e-01 
 2.368225e+01 -7.940083e-01 
 2.368257e+01 -7.554558e-01 
 2.368289e+01 -7.289366e-01 
 2.368322e+01 -7.005277e-01 
 2.368354e+01 -6.786966e-01 
 2.368386e+01 -6.577180e-01 
 2.368419e+01 -6.392402e-01 
 2.368451e+01 -6.344518e-01 
 2.368483e+01 -6.209852e-01 
 2.368516e+01 -6.175239e-01 
 2.368548e+01 -6.100564e-01 
 2.368580e+01 -6.101601e-01 
 2.368612e+01 -6.062416e-01 
 2.368645e+01 -6.130908e-01 
 2.368677e+01 -6.064455e-01 
 2.368709e+01 -6.029749e-01 
 2.368742e+01 -6.004244e-01 
 2.368774e+01 -6.012655e-01 
 2.368806e+01 -6.078927e-01 
 2.368839e+01 -6.193216e-01 
 2.368871e+01 -6.262714e-01 
 2.368903e+01 -6.365062e-01 
 2.368935e+01 -6.400911e-01 
 2.368968e+01 -6.359263e-01 
 2.369000e+01 -6.372770e-01 
 2.369032e+01 -6.239385e-01 
 2.369065e+01 -6.324281e-01 
 2.369097e+01 -6.125334e-01 
 2.369129e+01 -5.878039e-01 
 2.369162e+01 -5.640471e-01 
 2.369194e+01 -5.322867e-01 
 2.369226e+01 -4.875551e-01 
 2.369258e+01 -4.462707e-01 
 2.369291e+01 -4.266255e-01 
 2.369323e+01 -4.158523e-01 
 2.369355e+01 -4.089152e-01 
 2.369388e+01 -4.101681e-01 
 2.369420e+01 -4.117558e-01 
 2.369452e+01 -4.146159e-01 
 2.369485e+01 -4.256349e-01 
 2.369517e+01 -4.318835e-01 
 2.369549e+01 -4.348818e-01 
 2.369581e+01 -4.357886e-01 
 2.369614e+01 -4.416946e-01 
 2.369646e+01 -4.535440e-01 
 2.369678e+01 -4.605092e-01 
 2.369711e+01 -4.638002e-01 
 2.369743e+01 -4.602306e-01 
 2.369775e+01 -4.621084e-01 
 2.369808e+01 -4.818305e-01 
 2.369840e+01 -5.105874e-01 
 2.369872e+01 -5.022345e-01 
 2.369904e+01 -4.819717e-01 
 2.369937e+01 -4.606169e-01 
 2.369969e+01 -4.568667e-01 
 2.370001e+01 -4.143847e-01 
 2.370034e+01 -3.791207e-01 
 2.370066e+01 -3.388457e-01 
 2.370098e+01 -2.934388e-01 
 2.370131e+01 -2.513517e-01 
 2.370163e+01 -2.123816e-01 
 2.370195e+01 -1.728042e-01 
 2.370227e+01 -1.243398e-01 
 2.370260e+01 -9.803722e-02 
 2.370292e+01 -6.985688e-02 
 2.370324e+01 -3.582237e-02 
 2.370357e+01 -1.643667e-02 
 2.370389e+01  2.464620e-02 
 2.370421e+01  8.208444e-02 
 2.370454e+01  8.118167e-02 
 2.370486e+01  1.471407e-01 
 2.370518e+01  1.498292e-01 
 2.370550e+01  2.006613e-01 
 2.370583e+01  2.307428e-01 
 2.370615e+01  2.678660e-01 
 2.370647e+01  3.130809e-01 
 2.370680e+01  3.386030e-01 
 2.370712e+01  3.710660e-01 
 2.370744e+01  4.160807e-01 
 2.370776e+01  4.700134e-01 
 2.370809e+01  5.302598e-01 
 2.370841e+01  5.892285e-01 
 2.370873e+01  6.743966e-01 
 2.370906e+01  7.337628e-01 
 2.370938e+01  7.939399e-01 
 2.370970e+01  8.560176e-01 
 2.371003e+01  9.086180e-01 
 2.371035e+01  9.253109e-01 
 2.371067e+01  9.707740e-01 
 2.371099e+01  9.933119e-01 
 2.371132e+01  9.741229e-01 
 2.371164e+01  9.775075e-01 
 2.371196e+01  1.004253e+00 
 2.371229e+01  1.042191e+00 
 2.371261e+01  1.070131e+00 
 2.371293e+01  1.105736e+00 
 2.371326e+01  1.143160e+00 
 2.371358e+01  1.174116e+00 
 2.371390e+01  1.209942e+00 
 2.371422e+01  1.242978e+00 
 2.371455e+01  1.241907e+00 
 2.371487e+01  1.273290e+00 
 2.371519e+01  1.302453e+00 
 2.371551e+01  1.233628e+00 
 2.371584e+01  1.224028e+00 
 2.371616e+01  1.242431e+00 
 2.371648e+01  1.263378e+00 
 2.371680e+01  1.280992e+00 
 2.371712e+01  1.298981e+00 
 2.371744e+01  1.347964e+00 
 2.371776e+01  1.407913e+00 
 2.371809e+01  1.453757e+00 
 2.371841e+01  1.497773e+00 
 2.371873e+01  1.528466e+00 
 2.371905e+01  1.545036e+00 
 2.371937e+01  1.557731e+00 
 2.371969e+01  1.568004e+00 
 2.372002e+01  1.586227e+00 
 2.372034e+01  1.609069e+00 
 2.372066e+01  1.604376e+00 
 2.372098e+01  1.594355e+00 
 2.372130e+01  1.577841e+00 
 2.372162e+01  1.572098e+00 
 2.372194e+01  1.555690e+00 
 2.372227e+01  1.533283e+00 
 2.372259e+01  1.508457e+00 
 2.372291e+01  1.481265e+00 
 2.372323e+01  1.447039e+00 
 2.372355e+01  1.407037e+00 
 2.372387e+01  1.364692e+00 
 2.372420e+01  1.296714e+00 
 2.372452e+01  1.231176e+00 
 2.372484e+01  1.195309e+00 
 2.372516e+01  1.167623e+00 
 2.372548e+01  1.142744e+00 
 2.372580e+01  1.116169e+00 
 2.372612e+01  1.049267e+00 
 2.372645e+01  1.025364e+00 
 2.372677e+01  9.920565e-01 
 2.372709e+01  9.294830e-01 
 2.372741e+01  9.029271e-01 
 2.372773e+01  8.811598e-01 
 2.372806e+01  8.545660e-01 
 2.372838e+01  8.192228e-01 
 2.372870e+01  7.816018e-01 
 2.372902e+01  7.496441e-01 
 2.372935e+01  7.267959e-01 
 2.372967e+01  7.270927e-01 
 2.372999e+01  7.401078e-01 
 2.373032e+01  7.099320e-01 
 2.373064e+01  7.208011e-01 
 2.373096e+01  6.989518e-01 
 2.373129e+01  6.665592e-01 
 2.373161e+01  6.237664e-01 
 2.373193e+01  5.731615e-01 
 2.373225e+01  5.120756e-01 
 2.373258e+01  4.480878e-01 
 2.373290e+01  3.867449e-01 
 2.373322e+01  3.323398e-01 
 2.373355e+01  2.890244e-01 
 2.373387e+01  2.643163e-01 
 2.373419e+01  1.776240e-01 
 2.373452e+01  1.470424e-01 
 2.373484e+01  1.003371e-01 
 2.373516e+01  8.939135e-02 
 2.373548e+01  8.253003e-02 
 2.373581e+01  6.870325e-02 
 2.373613e+01  5.650772e-02 
 2.373645e+01  5.173103e-02 
 2.373678e+01  5.190713e-02 
 2.373710e+01  8.522641e-02 
 2.373742e+01  1.122880e-01 
 2.373775e+01  1.268955e-01 
 2.373807e+01  1.625870e-01 
 2.373839e+01  1.884927e-01 
 2.373871e+01  2.023771e-01 
 2.373904e+01  2.007299e-01 
 2.373936e+01  2.337113e-01 
 2.373968e+01  2.399814e-01 
 2.374001e+01  2.131003e-01 
 2.374033e+01  1.770713e-01 
 2.374065e+01  1.265537e-01 
 2.374097e+01  4.793273e-02 
 2.374130e+01 -1.471101e-02 
 2.374162e+01 -7.801309e-02 
 2.374194e+01 -1.388649e-01 
 2.374227e+01 -1.956987e-01 
 2.374259e+01 -2.459545e-01 
 2.374291e+01 -3.393476e-01 
 2.374324e+01 -3.816405e-01 
 2.374356e+01 -4.124554e-01 
 2.374388e+01 -4.421666e-01 
 2.374420e+01 -4.702720e-01 
 2.374453e+01 -4.975492e-01 
 2.374485e+01 -5.251941e-01 
 2.374517e+01 -5.469299e-01 
 2.374550e+01 -5.670727e-01 
 2.374582e+01 -5.784235e-01 
 2.374614e+01 -5.826296e-01 
 2.374647e+01 -5.653916e-01 
 2.374679e+01 -5.494237e-01 
 2.374711e+01 -5.452666e-01 
 2.374743e+01 -5.485141e-01 
 2.374776e+01 -5.521981e-01 
 2.374808e+01 -5.657028e-01 
 2.374840e+01 -5.842508e-01 
 2.374873e+01 -6.065098e-01 
 2.374905e+01 -6.362030e-01 
 2.374937e+01 -6.744086e-01 
 2.374970e+01 -7.350509e-01 
 2.375002e+01 -7.819393e-01 
 2.375034e+01 -8.340056e-01 
 2.375066e+01 -8.859408e-01 
 2.375099e+01 -9.324383e-01 
 2.375131e+01 -9.725641e-01 
 2.375163e+01 -1.009628e+00 
 2.375196e+01 -1.038424e+00 
 2.375228e+01 -1.061148e+00 
 2.375260e+01 -1.081366e+00 
 2.375293e+01 -1.095999e+00 
 2.375325e+01 -1.104894e+00 
 2.375357e+01 -1.103105e+00 
 2.375389e+01 -1.089313e+00 
 2.375422e+01 -1.068605e+00 
 2.375454e+01 -1.045508e+00 
 2.375486e+01 -1.021700e+00 
 2.375519e+01 -9.990165e-01 
 2.375551e+01 -9.897831e-01 
 2.375583e+01 -9.686119e-01 
 2.375616e+01 -9.513792e-01 
 2.375648e+01 -9.401725e-01 
 2.375680e+01 -9.377778e-01 
 2.375712e+01 -9.406465e-01 
 2.375745e+01 -9.487960e-01 
 2.375777e+01 -9.578628e-01 
 2.375809e+01 -9.681553e-01 
 2.375842e+01 -9.751970e-01 
 2.375874e+01 -9.823363e-01 
 2.375906e+01 -9.902588e-01 
 2.375939e+01 -9.976689e-01 
 2.375971e+01 -1.010087e+00 
 2.376003e+01 -1.021753e+00 
 2.376035e+01 -1.024529e+00 
 2.376068e+01 -1.022272e+00 
 2.376100e+01 -1.008310e+00 
 2.376132e+01 -9.947526e-01 
 2.376165e+01 -9.800660e-01 
 2.376197e+01 -9.546931e-01 
 2.376229e+01 -9.110715e-01 
 2.376262e+01 -8.574389e-01 
 2.376294e+01 -8.025160e-01 
 2.376326e+01 -7.497122e-01 
 2.376358e+01 -7.026961e-01 
 2.376391e+01 -6.617519e-01 
 2.376423e+01 -6.269094e-01 
 2.376455e+01 -6.617227e-01 
 2.376488e+01 -6.525035e-01 
 2.376520e+01 -6.545617e-01 
 2.376552e+01 -6.636194e-01 
 2.376585e+01 -6.808893e-01 
 2.376617e+01 -6.962575e-01 
 2.376649e+01 -7.111974e-01 
 2.376681e+01 -7.243373e-01 
 2.376714e+01 -7.362388e-01 
 2.376746e+01 -7.494822e-01 
 2.376778e+01 -7.624654e-01 
 2.376811e+01 -7.831673e-01 
 2.376843e+01 -8.030546e-01 
 2.376875e+01 -8.279002e-01 
 2.376907e+01 -8.495379e-01 
 2.376940e+01 -8.667734e-01 
 2.376972e+01 -8.807848e-01 
 2.377004e+01 -8.880374e-01 
 2.377037e+01 -8.846122e-01 
 2.377069e+01 -8.635956e-01 
 2.377101e+01 -8.314989e-01 
 2.377134e+01 -7.922581e-01 
 2.377166e+01 -7.454690e-01 
 2.377198e+01 -6.964973e-01 
 2.377230e+01 -6.588019e-01 
 2.377263e+01 -6.211585e-01 
 2.377295e+01 -5.973179e-01 
 2.377327e+01 -5.834252e-01 
 2.377360e+01 -5.789496e-01 
 2.377392e+01 -5.863855e-01 
 2.377424e+01 -5.936508e-01 
 2.377457e+01 -6.070120e-01 
 2.377489e+01 -6.252406e-01 
 2.377521e+01 -6.494884e-01 
 2.377553e+01 -6.754245e-01 
 2.377586e+01 -7.104656e-01 
 2.377618e+01 -7.497866e-01 
 2.377650e+01 -7.929302e-01 
 2.377683e+01 -8.459129e-01 
 2.377715e+01 -8.990681e-01 
 2.377747e+01 -9.540463e-01 
 2.377780e+01 -1.003167e+00 
 2.377812e+01 -1.043163e+00 
 2.377844e+01 -1.076907e+00 
 2.377876e+01 -1.102076e+00 
 2.377909e+01 -1.115192e+00 
 2.377941e+01 -1.118843e+00 
 2.377973e+01 -1.115304e+00 
 2.378006e+01 -1.106452e+00 
 2.378038e+01 -1.096469e+00 
 2.378070e+01 -1.085115e+00 
 2.378103e+01 -1.079888e+00 
 2.378135e+01 -1.076514e+00 
 2.378167e+01 -1.082408e+00 
 2.378199e+01 -1.095108e+00 
 2.378232e+01 -1.108336e+00 
 2.378264e+01 -1.125409e+00 
 2.378296e+01 -1.141399e+00 
 2.378329e+01 -1.159472e+00 
 2.378361e+01 -1.181659e+00 
 2.378393e+01 -1.212266e+00 
 2.378426e+01 -1.239754e+00 
 2.378458e+01 -1.269892e+00 
 2.378490e+01 -1.300597e+00 
 2.378522e+01 -1.335375e+00 
 2.378555e+01 -1.369973e+00 
 2.378587e+01 -1.396294e+00 
 2.378619e+01 -1.418452e+00 
 2.378652e+01 -1.410674e+00 
 2.378684e+01 -1.390882e+00 
 2.378716e+01 -1.359164e+00 
 2.378749e+01 -1.317654e+00 
 2.378781e+01 -1.263828e+00 
 2.378813e+01 -1.198781e+00 
 2.378845e+01 -1.131378e+00 
 2.378878e+01 -1.060359e+00 
 2.378910e+01 -9.914141e-01 
 2.378942e+01 -1.050328e+00 
 2.378975e+01 -1.006457e+00 
 2.379007e+01 -9.644670e-01 
 2.379039e+01 -9.308653e-01 
 2.379072e+01 -9.005136e-01 
 2.379104e+01 -8.745758e-01 
 2.379136e+01 -8.463549e-01 
 2.379168e+01 -8.241439e-01 
 2.379201e+01 -8.106087e-01 
 2.379233e+01 -8.055221e-01 
 2.379265e+01 -8.320805e-01 
 2.379298e+01 -8.483688e-01 
 2.379330e+01 -8.742578e-01 
 2.379362e+01 -9.121540e-01 
 2.379394e+01 -9.581327e-01 
 2.379427e+01 -1.008599e+00 
 2.379459e+01 -1.057171e+00 
 2.379491e+01 -1.092767e+00 
 2.379524e+01 -1.111484e+00 
 2.379556e+01 -1.114633e+00 
 2.379588e+01 -1.102457e+00 
 2.379621e+01 -1.077099e+00 
 2.379653e+01 -1.037343e+00 
 2.379685e+01 -1.000142e+00 
 2.379717e+01 -9.556821e-01 
 2.379750e+01 -9.360586e-01 
 2.379782e+01 -8.912991e-01 
 2.379814e+01 -8.251896e-01 
 2.379847e+01 -7.839001e-01 
 2.379879e+01 -7.425951e-01 
 2.379911e+01 -6.944386e-01 
 2.379944e+01 -6.521674e-01 
 2.379976e+01 -6.022180e-01 
 2.380008e+01 -5.482324e-01 
 2.380040e+01 -4.979034e-01 
 2.380073e+01 -4.611756e-01 
 2.380105e+01 -4.378235e-01 
 2.380137e+01 -4.262007e-01 
 2.380170e+01 -4.264605e-01 
 2.380202e+01 -4.576295e-01 
 2.380234e+01 -4.794227e-01 
 2.380267e+01 -5.049447e-01 
 2.380299e+01 -5.259300e-01 
 2.380331e+01 -5.347207e-01 
 2.380363e+01 -6.137727e-01 
 2.380396e+01 -6.377789e-01 
 2.380428e+01 -5.994534e-01 
 2.380460e+01 -5.805743e-01 
 2.380493e+01 -5.541386e-01 
 2.380525e+01 -5.013028e-01 
 2.380557e+01 -4.501452e-01 
 2.380590e+01 -3.707445e-01 
 2.380622e+01 -2.702113e-01 
 2.380654e+01 -1.997277e-01 
 2.380686e+01 -1.279811e-01 
 2.380719e+01 -4.107400e-02 
 2.380751e+01  2.844014e-02 
 2.380783e+01  9.243146e-02 
 2.380816e+01  1.517078e-01 
 2.380848e+01  2.054953e-01 
 2.380880e+01  2.751545e-01 
 2.380913e+01  3.344128e-01 
 2.380945e+01  3.621900e-01 
 2.380977e+01  3.782411e-01 
 2.381009e+01  3.828708e-01 
 2.381042e+01  3.815876e-01 
 2.381074e+01  3.244374e-01 
 2.381106e+01  2.846836e-01 
 2.381139e+01  2.222964e-01 
 2.381171e+01  1.902831e-01 
 2.381203e+01  1.931378e-01 
 2.381236e+01  1.962382e-01 
 2.381268e+01  1.933984e-01 
 2.381300e+01  1.626668e-01 
 2.381332e+01  1.728975e-01 
 2.381365e+01  1.737371e-01 
 2.381397e+01  1.986023e-01 
 2.381429e+01  2.241046e-01 
 2.381462e+01  2.480430e-01 
 2.381494e+01  2.791889e-01 
 2.381526e+01  3.039070e-01 
 2.381559e+01  3.485651e-01 
 2.381591e+01  3.671058e-01 
 2.381623e+01  4.423821e-01 
 2.381655e+01  5.022747e-01 
 2.381688e+01  5.411218e-01 
 2.381720e+01  5.946827e-01 
 2.381752e+01  6.281780e-01 
 2.381785e+01  6.480609e-01 
 2.381817e+01  6.581072e-01 
 2.381849e+01  6.628207e-01 
 2.381882e+01  6.636323e-01 
 2.381914e+01  6.692288e-01 
 2.381946e+01  6.518948e-01 
 2.381978e+01  6.343612e-01 
 2.382011e+01  6.029564e-01 
 2.382043e+01  5.218687e-01 
 2.382075e+01  5.085942e-01 
 2.382108e+01  4.951809e-01 
 2.382140e+01  4.392066e-01 
 2.382172e+01  4.395732e-01 
 2.382205e+01  4.515913e-01 
 2.382237e+01  4.303749e-01 
 2.382269e+01  4.505735e-01 
 2.382301e+01  4.747485e-01 
 2.382334e+01  5.044680e-01 
 2.382366e+01  5.380485e-01 
 2.382398e+01  5.826348e-01 
 2.382431e+01  6.139575e-01 
 2.382463e+01  6.551045e-01 
 2.382495e+01  6.826355e-01 
 2.382527e+01  7.009990e-01 
 2.382560e+01  7.200494e-01 
 2.382592e+01  7.496904e-01 
 2.382624e+01  8.306364e-01 
 2.382657e+01  8.404966e-01 
 2.382689e+01  8.550111e-01 
 2.382721e+01  8.895477e-01 
 2.382754e+01  8.917250e-01 
 2.382786e+01  9.041951e-01 
 2.382818e+01  8.992422e-01 
 2.382850e+01  8.820552e-01 
 2.382883e+01  8.486957e-01 
 2.382915e+01  8.082216e-01 
 2.382947e+01  7.664872e-01 
 2.382980e+01  6.912273e-01 
 2.383012e+01  6.383098e-01 
 2.383044e+01  4.910590e-01 
 2.383077e+01  4.308172e-01 
 2.383109e+01  3.885644e-01 
 2.383141e+01  3.240165e-01 
 2.383173e+01  2.922490e-01 
 2.383206e+01  2.647805e-01 
 2.383238e+01  2.259882e-01 
 2.383270e+01  2.030207e-01 
 2.383303e+01  1.792685e-01 
 2.383335e+01  1.597566e-01 
 2.383367e+01  1.448622e-01 
 2.383400e+01  1.324436e-01 
 2.383432e+01  1.234456e-01 
 2.383464e+01  1.627193e-01 
 2.383496e+01  1.742199e-01 
 2.383529e+01  1.742710e-01 
 2.383561e+01  1.551358e-01 
 2.383593e+01  1.397778e-01 
 2.383626e+01  1.222511e-01 
 2.383658e+01  1.020230e-01 
 2.383690e+01  7.945631e-02 
 2.383723e+01  5.155733e-02 
 2.383755e+01  1.584619e-02 
 2.383787e+01 -2.851599e-02 
 2.383819e+01 -7.242800e-02 
 2.383852e+01 -1.269532e-01 
 2.383884e+01 -1.838557e-01 
 2.383916e+01 -2.359744e-01 
 2.383949e+01 -2.776610e-01 
 2.383981e+01 -3.050525e-01 
 2.384013e+01 -3.456659e-01 
 2.384046e+01 -3.861905e-01 
 2.384078e+01 -3.667095e-01 
 2.384110e+01 -3.548051e-01 
 2.384142e+01 -3.218494e-01 
 2.384175e+01 -2.632200e-01 
 2.384207e+01 -2.131978e-01 
 2.384239e+01 -1.329897e-01 
 2.384272e+01 -3.946054e-02 
 2.384304e+01  5.246933e-02 
 2.384336e+01  1.539535e-01 
 2.384369e+01  1.978615e-01 
 2.384401e+01  2.374445e-01 
 2.384433e+01  2.752880e-01 
 2.384465e+01  3.057690e-01 
 2.384498e+01  3.222695e-01 
 2.384530e+01  3.210867e-01 
 2.384562e+01  3.009062e-01 
 2.384595e+01  2.647866e-01 
 2.384627e+01  2.142507e-01 
 2.384659e+01  1.164808e-01 
 2.384692e+01  6.952963e-02 
 2.384724e+01  2.295935e-02 
 2.384756e+01 -2.402503e-02 
 2.384788e+01 -9.425563e-02 
 2.384821e+01 -1.307635e-01 
 2.384853e+01 -1.881728e-01 
 2.384885e+01 -2.244759e-01 
 2.384918e+01 -2.906850e-01 
 2.384950e+01 -3.174098e-01 
 2.384982e+01 -3.504490e-01 
 2.385015e+01 -3.527227e-01 
 2.385047e+01 -3.255670e-01 
 2.385079e+01 -3.056188e-01 
 2.385111e+01 -2.818287e-01 
 2.385144e+01 -2.251074e-01 
 2.385176e+01 -1.818246e-01 
 2.385208e+01 -7.125220e-02 
 2.385241e+01  4.662014e-02 
 2.385273e+01  1.078791e-01 
 2.385305e+01  1.655189e-01 
 2.385338e+01  2.115372e-01 
 2.385370e+01  2.423869e-01 
 2.385402e+01  2.526982e-01 
 2.385434e+01  2.488503e-01 
 2.385467e+01  2.282369e-01 
 2.385499e+01  1.961253e-01 
 2.385531e+01  1.574292e-01 
 2.385564e+01  7.497994e-02 
 2.385596e+01  3.531619e-02 
 2.385628e+01  1.312392e-02 
 2.385660e+01 -7.064531e-03 
 2.385693e+01 -2.763851e-02 
 2.385725e+01 -7.735391e-02 
 2.385757e+01 -1.773253e-01 
 2.385790e+01 -1.888042e-01 
 2.385822e+01 -2.009941e-01 
 2.385854e+01 -2.320255e-01 
 2.385887e+01 -2.301897e-01 
 2.385919e+01 -2.241068e-01 
 2.385951e+01 -1.970165e-01 
 2.385983e+01 -1.470780e-01 
 2.386016e+01 -8.116497e-02 
 2.386048e+01  1.250668e-02 
 2.386080e+01  1.146968e-01 
 2.386113e+01  2.101814e-01 
 2.386145e+01  3.051890e-01 
 2.386177e+01  3.632200e-01 
 2.386210e+01  4.093501e-01 
 2.386242e+01  4.704415e-01 
 2.386274e+01  5.012645e-01 
 2.386306e+01  5.046870e-01 
 2.386339e+01  4.953170e-01 
 2.386371e+01  4.843624e-01 
 2.386403e+01  4.678029e-01 
 2.386436e+01  4.432562e-01 
 2.386468e+01  4.155660e-01 
 2.386500e+01  3.293536e-01 
 2.386533e+01  2.862289e-01 
 2.386565e+01  2.375633e-01 
 2.386597e+01  1.371280e-01 
 2.386629e+01  9.344128e-02 
 2.386662e+01  2.326688e-02 
 2.386694e+01 -9.745178e-03 
 2.386726e+01 -5.452290e-02 
 2.386759e+01 -5.854669e-02 
 2.386791e+01 -4.805858e-02 
 2.386823e+01 -3.343171e-02 
 2.386856e+01 -5.184180e-03 
 2.386888e+01  3.581178e-02 
 2.386920e+01  9.463818e-02 
 2.386952e+01  1.561247e-01 
 2.386985e+01  1.834064e-01 
 2.387017e+01  2.437050e-01 
 2.387049e+01  2.995737e-01 
 2.387082e+01  3.299276e-01 
 2.387114e+01  3.528544e-01 
 2.387146e+01  3.739331e-01 
 2.387179e+01  3.706460e-01 
 2.387211e+01  3.803518e-01 
 2.387243e+01  3.955533e-01 
 2.387275e+01  3.940305e-01 
 2.387308e+01  3.690396e-01 
 2.387340e+01  3.292655e-01 
 2.387372e+01  2.742400e-01 
 2.387405e+01  2.099396e-01 
 2.387437e+01  1.373003e-01 
 2.387469e+01  5.775359e-02 
 2.387502e+01 -1.072576e-01 
 2.387534e+01 -1.753071e-01 
 2.387566e+01 -2.477353e-01 
 2.387598e+01 -2.794965e-01 
 2.387631e+01 -2.989038e-01 
 2.387663e+01 -3.404515e-01 
 2.387695e+01 -3.466716e-01 
 2.387728e+01 -3.396231e-01 
 2.387760e+01 -3.164361e-01 
 2.387792e+01 -3.029775e-01 
 2.387825e+01 -2.568897e-01 
 2.387857e+01 -1.944959e-01 
 2.387889e+01 -1.349260e-01 
 2.387921e+01 -9.962829e-02 
 2.387954e+01 -7.112040e-02 
 2.387986e+01 -4.433717e-02 
 2.388018e+01 -1.977759e-02 
 2.388051e+01  6.079618e-03 
 2.388083e+01  2.118836e-02 
 2.388115e+01  2.731478e-02 
 2.388148e+01  3.863847e-02 
 2.388180e+01  3.341380e-02 
 2.388212e+01 -4.681665e-03 
 2.388244e+01 -4.782348e-02 
 2.388277e+01 -9.860242e-02 
 2.388309e+01 -1.577274e-01 
 2.388341e+01 -2.209659e-01 
 2.388374e+01 -2.821047e-01 
 2.388406e+01 -3.896316e-01 
 2.388438e+01 -4.618293e-01 
 2.388471e+01 -4.911047e-01 
 2.388503e+01 -5.078097e-01 
 2.388535e+01 -5.286789e-01 
 2.388567e+01 -5.801951e-01 
 2.388600e+01 -5.698352e-01 
 2.388632e+01 -5.425837e-01 
 2.388664e+01 -5.047314e-01 
 2.388697e+01 -4.556348e-01 
 2.388729e+01 -4.189163e-01 
 2.388761e+01 -4.024579e-01 
 2.388793e+01 -3.927250e-01 
 2.388826e+01 -3.779778e-01 
 2.388858e+01 -3.787869e-01 
 2.388890e+01 -3.664783e-01 
 2.388923e+01 -3.591578e-01 
 2.388955e+01 -3.535780e-01 
 2.388987e+01 -3.389229e-01 
 2.389020e+01 -3.537187e-01 
 2.389052e+01 -3.953693e-01 
 2.389084e+01 -4.456285e-01 
 2.389116e+01 -5.004010e-01 
 2.389149e+01 -5.560479e-01 
 2.389181e+01 -6.220827e-01 
 2.389213e+01 -6.897173e-01 
 2.389246e+01 -7.526549e-01 
 2.389278e+01 -8.796168e-01 
 2.389310e+01 -9.100688e-01 
 2.389343e+01 -9.392022e-01 
 2.389375e+01 -9.528303e-01 
 2.389407e+01 -9.463262e-01 
 2.389439e+01 -9.295479e-01 
 2.389472e+01 -8.997508e-01 
 2.389504e+01 -8.560417e-01 
 2.389536e+01 -8.234711e-01 
 2.389569e+01 -7.109982e-01 
 2.389601e+01 -6.386115e-01 
 2.389633e+01 -5.689429e-01 
 2.389666e+01 -4.924878e-01 
 2.389698e+01 -4.244845e-01 
 2.389730e+01 -3.485264e-01 
 2.389762e+01 -2.835793e-01 
 2.389795e+01 -2.342718e-01 
 2.389827e+01 -2.048689e-01 
 2.389859e+01 -1.934738e-01 
 2.389892e+01 -1.996589e-01 
 2.389924e+01 -2.228635e-01 
 2.389956e+01 -2.674091e-01 
 2.389989e+01 -3.217581e-01 
 2.390021e+01 -3.848517e-01 
 2.390053e+01 -4.495426e-01 
 2.390085e+01 -5.103196e-01 
 2.390118e+01 -5.648654e-01 
 2.390150e+01 -6.799238e-01 
 2.390182e+01 -7.189395e-01 
 2.390215e+01 -7.226985e-01 
 2.390247e+01 -7.206381e-01 
 2.390279e+01 -7.327928e-01 
 2.390312e+01 -7.237487e-01 
 2.390344e+01 -6.853453e-01 
 2.390376e+01 -6.308743e-01 
 2.390408e+01 -5.641404e-01 
 2.390441e+01 -4.904459e-01 
 2.390473e+01 -4.019803e-01 
 2.390505e+01 -2.590952e-01 
 2.390538e+01 -1.268979e-01 
 2.390570e+01 -2.083029e-02 
 2.390602e+01  9.750386e-02 
 2.390635e+01  1.939662e-01 
 2.390667e+01  2.699577e-01 
 2.390699e+01  3.265519e-01 
 2.390731e+01  3.571509e-01 
 2.390764e+01  3.644295e-01 
 2.390796e+01  3.497951e-01 
 2.390828e+01  3.203812e-01 
 2.390861e+01  2.761754e-01 
 2.390893e+01  2.244514e-01 
 2.390925e+01  1.328570e-01 
 2.390958e+01 -1.985200e-02 
 2.390990e+01 -1.585255e-01 
 2.391022e+01 -3.069090e-01 
 2.391054e+01 -3.678365e-01 
 2.391087e+01 -4.046993e-01 
 2.391119e+01 -4.343190e-01 
 2.391151e+01 -4.963528e-01 
 2.391184e+01 -4.998998e-01 
 2.391216e+01 -4.866858e-01 
 2.391248e+01 -4.523531e-01 
 2.391281e+01 -3.981740e-01 
 2.391313e+01 -3.190597e-01 
 2.391345e+01 -2.316875e-01 
 2.391377e+01 -1.665402e-01 
 2.391410e+01 -9.457238e-02 
 2.391442e+01  1.967570e-02 
 2.391474e+01  1.364102e-01 
 2.391507e+01  2.205095e-01 
 2.391539e+01  3.153030e-01 
 2.391571e+01  3.773192e-01 
 2.391603e+01  4.091213e-01 
 2.391636e+01  4.261933e-01 
 2.391668e+01  4.231613e-01 
 2.391700e+01  4.008198e-01 
 2.391733e+01  3.568791e-01 
 2.391765e+01  2.828459e-01 
 2.391797e+01  1.916045e-01 
 2.391830e+01  8.615717e-02 
 2.391862e+01 -9.753169e-02 
 2.391894e+01 -2.005727e-01 
 2.391926e+01 -3.659524e-01 
 2.391959e+01 -4.568728e-01 
 2.391991e+01 -5.100006e-01 
 2.392023e+01 -5.558555e-01 
 2.392056e+01 -6.170155e-01 
 2.392088e+01 -6.303813e-01 
 2.392120e+01 -6.214739e-01 
 2.392153e+01 -5.820251e-01 
 2.392185e+01 -5.323009e-01 
 2.392217e+01 -4.570949e-01 
 2.392249e+01 -3.505951e-01 
 2.392282e+01 -2.461139e-01 
 2.392314e+01 -1.620220e-01 
 2.392346e+01 -6.961048e-02 
 2.392379e+01  8.367143e-02 
 2.392411e+01  2.338201e-01 
 2.392443e+01  3.494596e-01 
 2.392476e+01  4.497539e-01 
 2.392508e+01  5.179058e-01 
 2.392540e+01  5.606709e-01 
 2.392572e+01  5.781776e-01 
 2.392605e+01  5.692907e-01 
 2.392637e+01  5.292674e-01 
 2.392669e+01  4.218126e-01 
 2.392702e+01  3.300464e-01 
 2.392734e+01  2.227779e-01 
 2.392766e+01  1.140446e-01 
 2.392799e+01  3.203047e-03 
 2.392831e+01 -1.524381e-01 
 2.392863e+01 -2.919015e-01 
 2.392895e+01 -4.883036e-01 
 2.392928e+01 -5.590399e-01 
 2.392960e+01 -5.986115e-01 
 2.392992e+01 -6.369589e-01 
 2.393025e+01 -6.658369e-01 
 2.393057e+01 -7.021202e-01 
 2.393089e+01 -6.848038e-01 
 2.393122e+01 -6.545600e-01 
 2.393154e+01 -6.186160e-01 
 2.393186e+01 -5.791987e-01 
 2.393218e+01 -5.228092e-01 
 2.393251e+01 -4.435221e-01 
 2.393283e+01 -3.172687e-01 
 2.393315e+01 -2.118790e-01 
 2.393348e+01 -1.359664e-01 
 2.393380e+01 -6.187470e-02 
 2.393412e+01 -1.049068e-02 
 2.393445e+01  1.164172e-02 
 2.393477e+01  1.201424e-02 
 2.393509e+01 -1.489377e-02 
 2.393541e+01 -6.762418e-02 
 2.393574e+01 -1.413664e-01 
 2.393606e+01 -2.371891e-01 
 2.393638e+01 -3.434947e-01 
 2.393671e+01 -4.548347e-01 
 2.393703e+01 -5.672243e-01 
 2.393735e+01 -6.784980e-01 
 2.393768e+01 -7.860349e-01 
 2.393800e+01 -9.595677e-01 
 2.393832e+01 -1.042355e+00 
 2.393864e+01 -1.102555e+00 
 2.393897e+01 -1.131746e+00 
 2.393929e+01 -1.171840e+00 
 2.393961e+01 -1.162343e+00 
 2.393994e+01 -1.138058e+00 
 2.394026e+01 -1.096549e+00 
 2.394058e+01 -1.034414e+00 
 2.394091e+01 -9.538752e-01 
 2.394123e+01 -8.395435e-01 
 2.394155e+01 -6.942574e-01 
 2.394187e+01 -5.671488e-01 
 2.394220e+01 -4.683131e-01 
 2.394252e+01 -3.641201e-01 
 2.394284e+01 -2.622817e-01 
 2.394317e+01 -2.031548e-01 
 2.394349e+01 -1.682005e-01 
 2.394381e+01 -1.570666e-01 
 2.394414e+01 -1.731606e-01 
 2.394446e+01 -2.139270e-01 
 2.394478e+01 -2.725522e-01 
 2.394510e+01 -3.452720e-01 
 2.394543e+01 -4.308477e-01 
 2.394575e+01 -5.146265e-01 
 2.394607e+01 -5.922117e-01 
 2.394640e+01 -6.629552e-01 
 2.394672e+01 -7.800925e-01 
 2.394704e+01 -8.811571e-01 
 2.394736e+01 -9.482364e-01 
 2.394769e+01 -9.813488e-01 
 2.394801e+01 -1.000737e+00 
 2.394833e+01 -9.876332e-01 
 2.394866e+01 -9.888889e-01 
 2.394898e+01 -9.434327e-01 
 2.394930e+01 -8.751788e-01 
 2.394963e+01 -7.983560e-01 
 2.394995e+01 -6.922362e-01 
 2.395027e+01 -5.752832e-01 
 2.395059e+01 -4.316257e-01 
 2.395092e+01 -3.310654e-01 
 2.395124e+01 -2.797670e-01 
 2.395156e+01 -2.153618e-01 
 2.395189e+01 -1.282400e-01 
 2.395221e+01 -7.477425e-02 
 2.395253e+01 -6.103337e-02 
 2.395286e+01 -6.357984e-02 
 2.395318e+01 -8.385415e-02 
 2.395350e+01 -1.279534e-01 
 2.395382e+01 -1.838285e-01 
 2.395415e+01 -2.534853e-01 
 2.395447e+01 -3.384042e-01 
 2.395479e+01 -4.187667e-01 
 2.395512e+01 -5.041888e-01 
 2.395544e+01 -6.351554e-01 
 2.395576e+01 -7.081829e-01 
 2.395609e+01 -8.394617e-01 
 2.395641e+01 -9.029732e-01 
 2.395673e+01 -9.376297e-01 
 2.395705e+01 -9.566701e-01 
 2.395738e+01 -9.454254e-01 
 2.395770e+01 -9.116620e-01 
 2.395802e+01 -8.756540e-01 
 2.395835e+01 -8.000140e-01 
 2.395867e+01 -7.018119e-01 
 2.395899e+01 -5.945140e-01 
 2.395932e+01 -4.767578e-01 
 2.395964e+01 -3.424865e-01 
 2.395996e+01 -2.202445e-01 
 2.396028e+01 -1.460388e-01 
 2.396061e+01 -8.468647e-02 
 2.396093e+01 -1.350603e-03 
 2.396125e+01  5.918960e-02 
 2.396158e+01  7.905225e-02 
 2.396190e+01  8.054613e-02 
 2.396222e+01  6.177876e-02 
 2.396255e+01  2.094220e-02 
 2.396287e+01 -4.088511e-02 
 2.396319e+01 -1.208977e-01 
 2.396351e+01 -2.065960e-01 
 2.396384e+01 -2.996682e-01 
 2.396416e+01 -3.890919e-01 
 2.396448e+01 -5.142540e-01 
 2.396481e+01 -6.069455e-01 
 2.396513e+01 -7.019032e-01 
 2.396545e+01 -7.275535e-01 
 2.396578e+01 -7.437663e-01 
 2.396610e+01 -7.841036e-01 
 2.396642e+01 -7.688364e-01 
 2.396674e+01 -7.085693e-01 
 2.396707e+01 -6.069445e-01 
 2.396739e+01 -5.328087e-01 
 2.396771e+01 -4.565126e-01 
 2.396804e+01 -3.755086e-01 
 2.396836e+01 -2.646510e-01 
 2.396868e+01 -1.430371e-01 
 2.396901e+01 -6.485384e-02 
 2.396933e+01  2.502768e-02 
 2.396965e+01  1.016308e-01 
 2.396997e+01  1.360265e-01 
 2.397030e+01  1.168889e-01 
 2.397062e+01  1.032733e-01 
 2.397094e+01  6.363327e-02 
 2.397127e+01  2.873971e-03 
 2.397159e+01 -8.021862e-02 
 2.397191e+01 -1.811753e-01 
 2.397224e+01 -2.985403e-01 
 2.397256e+01 -4.229281e-01 
 2.397288e+01 -5.452795e-01 
 2.397320e+01 -6.628146e-01 
 2.397353e+01 -8.724512e-01 
 2.397385e+01 -9.534213e-01 
 2.397417e+01 -1.001456e+00 
 2.397450e+01 -1.040313e+00 
 2.397482e+01 -1.102985e+00 
 2.397514e+01 -1.113970e+00 
 2.397546e+01 -1.086689e+00 
 2.397579e+01 -1.032098e+00 
 2.397611e+01 -9.247259e-01 
 2.397643e+01 -8.499967e-01 
 2.397676e+01 -7.732225e-01 
 2.397708e+01 -6.425070e-01 
 2.397740e+01 -4.726531e-01 
 2.397773e+01 -3.606753e-01 
 2.397805e+01 -2.738556e-01 
 2.397837e+01 -1.973311e-01 
 2.397869e+01 -1.418381e-01 
 2.397902e+01 -1.132975e-01 
 2.397934e+01 -1.159456e-01 
 2.397966e+01 -1.513776e-01 
 2.397999e+01 -2.168288e-01 
 2.398031e+01 -3.065430e-01 
 2.398063e+01 -4.146266e-01 
 2.398096e+01 -5.366622e-01 
 2.398128e+01 -6.681252e-01 
 2.398160e+01 -8.033972e-01 
 2.398192e+01 -9.319717e-01 
 2.398225e+01 -1.081467e+00 
 2.398257e+01 -1.231477e+00 
 2.398289e+01 -1.328188e+00 
 2.398322e+01 -1.360653e+00 
 2.398354e+01 -1.418569e+00 
 2.398386e+01 -1.455761e+00 
 2.398419e+01 -1.438140e+00 
 2.398451e+01 -1.386690e+00 
 2.398483e+01 -1.298770e+00 
 2.398515e+01 -1.167489e+00 
 2.398548e+01 -1.034175e+00 
 2.398580e+01 -8.872901e-01 
 2.398612e+01 -7.391276e-01 
 2.398645e+01 -5.586215e-01 
 2.398677e+01 -4.409408e-01 
 2.398709e+01 -3.349721e-01 
 2.398742e+01 -2.452996e-01 
 2.398774e+01 -1.872651e-01 
 2.398806e+01 -1.667314e-01 
 2.398838e+01 -1.766965e-01 
 2.398871e+01 -2.224292e-01 
 2.398903e+01 -2.945700e-01 
 2.398935e+01 -3.898186e-01 
 2.398968e+01 -4.989356e-01 
 2.399000e+01 -6.230678e-01 
 2.399032e+01 -7.531111e-01 
 2.399065e+01 -8.866609e-01 
 2.399097e+01 -1.049580e+00 
 2.399129e+01 -1.172391e+00 
 2.399161e+01 -1.330493e+00 
 2.399194e+01 -1.409028e+00 
 2.399226e+01 -1.463075e+00 
 2.399258e+01 -1.554706e+00 
 2.399291e+01 -1.552701e+00 
 2.399323e+01 -1.515133e+00 
 2.399355e+01 -1.453262e+00 
 2.399388e+01 -1.356907e+00 
 2.399420e+01 -1.243039e+00 
 2.399452e+01 -1.030810e+00 
 2.399484e+01 -8.755525e-01 
 2.399517e+01 -6.829814e-01 
 2.399549e+01 -4.661502e-01 
 2.399581e+01 -3.213008e-01 
 2.399614e+01 -2.045638e-01 
 2.399646e+01 -1.049723e-01 
 2.399678e+01 -4.067485e-02 
 2.399711e+01 -8.446357e-03 
 2.399743e+01 -6.747258e-03 
 2.399775e+01 -3.474990e-02 
 2.399807e+01 -9.904553e-02 
 2.399840e+01 -1.887282e-01 
 2.399872e+01 -3.036527e-01 
 2.399904e+01 -4.379119e-01 
 2.399937e+01 -5.819018e-01 
 2.399969e+01 -7.346427e-01 
 2.400001e+01 -9.230633e-01 
 2.400034e+01 -1.123731e+00 
 2.400066e+01 -1.262931e+00 
 2.400098e+01 -1.344294e+00 
 2.400130e+01 -1.481980e+00 
 2.400163e+01 -1.510360e+00 
 2.400195e+01 -1.485609e+00 
 2.400227e+01 -1.431039e+00 
 2.400260e+01 -1.350841e+00 
 2.400292e+01 -1.246253e+00 
 2.400324e+01 -1.125279e+00 
 2.400356e+01 -9.769444e-01 
 2.400389e+01 -7.696975e-01 
 2.400421e+01 -6.022606e-01 
 2.400453e+01 -4.391490e-01 
 2.400486e+01 -1.907093e-01 
 2.400518e+01 -3.497763e-02 
 2.400550e+01  9.073982e-02 
 2.400583e+01  1.953622e-01 
 2.400615e+01  2.840998e-01 
 2.400647e+01  3.499871e-01 
 2.400679e+01  3.879456e-01 
 2.400712e+01  3.850312e-01 
 2.400744e+01  3.449201e-01 
 2.400776e+01  2.678001e-01 
 2.400809e+01  1.550943e-01 
 2.400841e+01  1.794159e-02 
 2.400873e+01 -1.352550e-01 
 2.400906e+01 -2.901217e-01 
 2.400938e+01 -5.095645e-01 
 2.400970e+01 -6.586404e-01 
 2.401002e+01 -7.438092e-01 
 2.401035e+01 -8.771860e-01 
 2.401067e+01 -8.918357e-01 
 2.401099e+01 -8.678947e-01 
 2.401132e+01 -8.165169e-01 
 2.401164e+01 -7.496280e-01 
 2.401196e+01 -6.777558e-01 
 2.401229e+01 -6.052239e-01 
 2.401261e+01 -5.246112e-01 
 2.401293e+01 -4.530057e-01 
 2.401325e+01 -3.212838e-01 
 2.401358e+01 -1.792858e-01 
 2.401390e+01 -3.622574e-02 
 2.401422e+01  1.370327e-01 
 2.401455e+01  2.692532e-01 
 2.401487e+01  4.289018e-01 
 2.401519e+01  5.509007e-01 
 2.401552e+01  6.313863e-01 
 2.401584e+01  6.861834e-01 
 2.401616e+01  7.064165e-01 
 2.401648e+01  6.887895e-01 
 2.401681e+01  6.343392e-01 
 2.401713e+01  5.299796e-01 
 2.401745e+01  3.957236e-01 
 2.401778e+01  2.352771e-01 
 2.401810e+01  7.077107e-02 
 2.401842e+01 -8.889575e-02 
 2.401875e+01 -3.178186e-01 
 2.401907e+01 -4.407314e-01 
 2.401939e+01 -5.580633e-01 
 2.401971e+01 -6.641363e-01 
 2.402004e+01 -6.860910e-01 
 2.402036e+01 -6.918069e-01 
 2.402068e+01 -7.083044e-01 
 2.402101e+01 -7.181247e-01 
 2.402133e+01 -6.990094e-01 
 2.402165e+01 -6.718280e-01 
 2.402198e+01 -6.413414e-01 
 2.402230e+01 -5.792003e-01 
 2.402262e+01 -4.590971e-01 
 2.402294e+01 -3.593339e-01 
 2.402327e+01 -2.085222e-01 
 2.402359e+01 -6.658570e-02 
 2.402391e+01  3.410521e-02 
 2.402424e+01  1.325061e-01 
 2.402456e+01  2.497320e-01 
 2.402488e+01  3.090630e-01 
 2.402521e+01  3.283930e-01 
 2.402553e+01  3.239146e-01 
 2.402585e+01  2.888186e-01 
 2.402617e+01  2.268969e-01 
 2.402650e+01  1.434477e-01 
 2.402682e+01  4.332673e-02 
 2.402714e+01 -4.943971e-02 
 2.402747e+01 -1.694304e-01 
 2.402779e+01 -3.068552e-01 
 2.402811e+01 -4.011407e-01 
 2.402844e+01 -5.111554e-01 
 2.402876e+01 -5.712082e-01 
 2.402908e+01 -6.671584e-01 
 2.402940e+01 -6.761903e-01 
 2.402973e+01 -7.116571e-01 
 2.403005e+01 -7.082783e-01 
 2.403037e+01 -6.983347e-01 
 2.403070e+01 -6.714654e-01 
 2.403102e+01 -6.249020e-01 
 2.403134e+01 -5.247565e-01 
 2.403166e+01 -4.384062e-01 
 2.403199e+01 -3.252582e-01 
 2.403231e+01 -1.662634e-01 
 2.403263e+01 -5.644254e-02 
 2.403296e+01  2.624415e-02 
 2.403328e+01  9.375373e-02 
 2.403360e+01  1.587888e-01 
 2.403393e+01  2.124634e-01 
 2.403425e+01  2.068640e-01 
 2.403457e+01  1.141909e-01 
 2.403489e+01  4.217720e-03 
 2.403522e+01 -5.736491e-02 
 2.403554e+01 -1.270199e-01 
 2.403586e+01 -2.085408e-01 
 2.403619e+01 -2.899744e-01 
 2.403651e+01 -3.723023e-01 
 2.403683e+01 -4.874838e-01 
 2.403716e+01 -5.653449e-01 
 2.403748e+01 -6.925707e-01 
 2.403780e+01 -7.578843e-01 
 2.403812e+01 -8.509906e-01 
 2.403845e+01 -8.455706e-01 
 2.403877e+01 -8.355917e-01 
 2.403909e+01 -8.006131e-01 
 2.403942e+01 -7.503370e-01 
 2.403974e+01 -6.802732e-01 
 2.404006e+01 -5.461073e-01 
 2.404039e+01 -5.077633e-01 
 2.404071e+01 -4.196279e-01 
 2.404103e+01 -2.983686e-01 
 2.404135e+01 -1.488833e-01 
 2.404168e+01 -6.718266e-02 
 2.404200e+01 -5.925718e-03 
 2.404232e+01  3.012983e-02 
 2.404265e+01  3.955691e-02 
 2.404297e+01  2.742787e-02 
 2.404329e+01 -8.140268e-03 
 2.404362e+01 -9.704632e-02 
 2.404394e+01 -1.660691e-01 
 2.404426e+01 -2.475767e-01 
 2.404458e+01 -3.578054e-01 
 2.404491e+01 -4.600456e-01 
 2.404523e+01 -5.600118e-01 
 2.404555e+01 -6.299250e-01 
 2.404588e+01 -7.474892e-01 
 2.404620e+01 -7.992947e-01 
 2.404652e+01 -8.335609e-01 
 2.404685e+01 -9.194680e-01 
 2.404717e+01 -9.017160e-01 
 2.404749e+01 -8.699838e-01 
 2.404781e+01 -7.936259e-01 
 2.404814e+01 -7.225212e-01 
 2.404846e+01 -6.313596e-01 
 2.404878e+01 -5.485224e-01 
 2.404911e+01 -3.939852e-01 
 2.404943e+01 -2.102163e-01 
 2.404975e+01 -9.571206e-02 
 2.405008e+01  5.155933e-02 
 2.405040e+01  1.722036e-01 
 2.405072e+01  2.560952e-01 
 2.405104e+01  3.272532e-01 
 2.405137e+01  3.723688e-01 
 2.405169e+01  3.909723e-01 
 2.405201e+01  3.795085e-01 
 2.405234e+01  3.391491e-01 
 2.405266e+01  2.743307e-01 
 2.405298e+01  1.905666e-01 
 2.405331e+01  2.893611e-02 
 2.405363e+01 -8.932710e-02 
 2.405395e+01 -2.173911e-01 
 2.405427e+01 -3.230875e-01 
 2.405460e+01 -4.115625e-01 
 2.405492e+01 -5.719960e-01 
 2.405524e+01 -6.117012e-01 
 2.405557e+01 -7.136760e-01 
 2.405589e+01 -7.010249e-01 
 2.405621e+01 -7.341479e-01 
 2.405654e+01 -7.081693e-01 
 2.405686e+01 -6.631576e-01 
 2.405718e+01 -5.790346e-01 
 2.405750e+01 -4.997089e-01 
 2.405783e+01 -4.176308e-01 
 2.405815e+01 -3.159275e-01 
 2.405847e+01 -2.010945e-01 
 2.405880e+01  1.407704e-02 
 2.405912e+01  1.529712e-01 
 2.405944e+01  3.216558e-01 
 2.405977e+01  4.364236e-01 
 2.406009e+01  5.293075e-01 
 2.406041e+01  6.097683e-01 
 2.406073e+01  6.664588e-01 
 2.406106e+01  6.967242e-01 
 2.406138e+01  6.570466e-01 
 2.406170e+01  6.087541e-01 
 2.406203e+01  5.194834e-01 
 2.406235e+01  4.060638e-01 
 2.406267e+01  2.671694e-01 
 2.406299e+01 -1.512698e-02 
 2.406332e+01 -1.704997e-01 
 2.406364e+01 -2.955274e-01 
 2.406396e+01 -4.883662e-01 
 2.406429e+01 -5.454391e-01 
 2.406461e+01 -6.259571e-01 
 2.406493e+01 -6.508850e-01 
 2.406526e+01 -6.271238e-01 
 2.406558e+01 -5.968268e-01 
 2.406590e+01 -5.574094e-01 
 2.406622e+01 -5.158033e-01 
 2.406655e+01 -5.152772e-01 
 2.406687e+01 -4.697876e-01 
 2.406719e+01 -4.311002e-01 
 2.406752e+01 -3.720695e-01 
 2.406784e+01 -2.629351e-01 
 2.406816e+01 -7.799302e-02 
 2.406849e+01  5.310198e-02 
 2.406881e+01  2.877870e-01 
 2.406913e+01  4.517686e-01 
 2.406945e+01  5.751358e-01 
 2.406978e+01  6.895564e-01 
 2.407010e+01  7.275728e-01 
 2.407042e+01  7.741368e-01 
 2.407075e+01  7.789407e-01 
 2.407107e+01  7.334263e-01 
 2.407139e+01  6.441529e-01 
 2.407172e+01  5.184797e-01 
 2.407204e+01  3.664245e-01 
 2.407236e+01  1.980538e-01 
 2.407268e+01  4.542434e-02 
 2.407301e+01 -1.637327e-01 
 2.407333e+01 -3.290412e-01 
 2.407365e+01 -4.124601e-01 
 2.407398e+01 -4.905946e-01 
 2.407430e+01 -5.548706e-01 
 2.407462e+01 -5.599863e-01 
 2.407495e+01 -5.742595e-01 
 2.407527e+01 -5.823119e-01 
 2.407559e+01 -6.506076e-01 
 2.407591e+01 -6.559827e-01 
 2.407624e+01 -6.485132e-01 
 2.407656e+01 -6.134497e-01 
 2.407688e+01 -5.555516e-01 
 2.407721e+01 -4.175020e-01 
 2.407753e+01 -3.084642e-01 
 2.407785e+01 -1.379407e-01 
 2.407818e+01  2.606642e-02 
 2.407850e+01  1.693020e-01 
 2.407882e+01  3.069085e-01 
 2.407914e+01  3.799828e-01 
 2.407947e+01  4.361279e-01 
 2.407979e+01  4.641984e-01 
 2.408011e+01  4.690783e-01 
 2.408044e+01  4.482642e-01 
 2.408076e+01  4.035927e-01 
 2.408108e+01  3.322364e-01 
 2.408141e+01  2.358369e-01 
 2.408173e+01  1.316553e-01 
 2.408205e+01  2.257726e-02 
 2.408237e+01 -1.703914e-01 
 2.408270e+01 -3.270389e-01 
 2.408302e+01 -4.279085e-01 
 2.408334e+01 -5.123612e-01 
 2.408367e+01 -6.264262e-01 
 2.408399e+01 -6.704122e-01 
 2.408431e+01 -7.085197e-01 
 2.408464e+01 -7.209553e-01 
 2.408496e+01 -7.292361e-01 
 2.408528e+01 -7.235102e-01 
 2.408560e+01 -6.889251e-01 
 2.408593e+01 -5.816697e-01 
 2.408625e+01 -5.037156e-01 
 2.408657e+01 -4.327983e-01 
 2.408690e+01 -2.996424e-01 
 2.408722e+01 -1.581914e-01 
 2.408754e+01 -7.191957e-02 
 2.408787e+01  2.259305e-03 
 2.408819e+01  9.079279e-02 
 2.408851e+01  1.867453e-01 
 2.408883e+01  2.258342e-01 
 2.408916e+01  2.478460e-01 
 2.408948e+01  2.579159e-01 
 2.408980e+01  2.529486e-01 
 2.409013e+01  2.368220e-01 
 2.409045e+01  2.043473e-01 
 2.409077e+01  1.599274e-01 
 2.409110e+01  8.967142e-02 
 2.409142e+01 -4.452944e-02 
 2.409174e+01 -1.120082e-01 
 2.409206e+01 -1.767904e-01 
 2.409239e+01 -2.714723e-01 
 2.409271e+01 -3.528170e-01 
 2.409303e+01 -3.719858e-01 
 2.409336e+01 -3.502521e-01 
 2.409368e+01 -3.253031e-01 
 2.409400e+01 -2.902438e-01 
 2.409432e+01 -2.500091e-01 
 2.409465e+01 -1.655068e-01 
 2.409497e+01 -1.233784e-01 
 2.409529e+01 -7.859688e-02 
 2.409562e+01 -6.467244e-03 
 2.409594e+01  1.075733e-01 
 2.409626e+01  1.087283e-01 
 2.409659e+01  1.622634e-01 
 2.409691e+01  2.057032e-01 
 2.409723e+01  2.302355e-01 
 2.409755e+01  2.448576e-01 
 2.409788e+01  2.392223e-01 
 2.409820e+01  2.623706e-01 
 2.409852e+01  2.610439e-01 
 2.409885e+01  2.263253e-01 
 2.409917e+01  1.885527e-01 
 2.409949e+01  1.467736e-01 
 2.409982e+01  9.808050e-02 
 2.410014e+01 -7.894535e-03 
 2.410046e+01 -6.163015e-02 
 2.410078e+01 -1.458119e-01 
 2.410111e+01 -2.521533e-01 
 2.410143e+01 -2.934506e-01 
 2.410175e+01 -3.089609e-01 
 2.410208e+01 -3.051584e-01 
 2.410240e+01 -2.765683e-01 
 2.410272e+01 -2.360532e-01 
 2.410305e+01 -1.793953e-01 
 2.410337e+01 -1.395666e-01 
 2.410369e+01 -5.093621e-02 
 2.410401e+01  5.736409e-02 
 2.410434e+01  1.208915e-01 
 2.410466e+01  1.804130e-01 
 2.410498e+01  2.716060e-01 
 2.410531e+01  3.369709e-01 
 2.410563e+01  3.886495e-01 
 2.410595e+01  4.410034e-01 
 2.410628e+01  4.867184e-01 
 2.410660e+01  5.191985e-01 
 2.410692e+01  5.305772e-01 
 2.410724e+01  5.279122e-01 
 2.410757e+01  5.135539e-01 
 2.410789e+01  4.779148e-01 
 2.410821e+01  4.187489e-01 
 2.410854e+01  3.596913e-01 
 2.410886e+01  2.999628e-01 
 2.410918e+01  1.873894e-01 
 2.410951e+01  1.382134e-01 
 2.410983e+01  7.754596e-02 
 2.411015e+01  1.805881e-02 
 2.411047e+01  1.827687e-02 
 2.411080e+01  4.247128e-02 
 2.411112e+01  6.607814e-02 
 2.411144e+01  1.079548e-01 
 2.411177e+01  1.525958e-01 
 2.411209e+01  1.371001e-01 
 2.411241e+01  1.791084e-01 
 2.411274e+01  2.350530e-01 
 2.411306e+01  2.856625e-01 
 2.411338e+01  3.844083e-01 
 2.411370e+01  4.404308e-01 
 2.411403e+01  5.312737e-01 
 2.411435e+01  6.296152e-01 
 2.411467e+01  7.008878e-01 
 2.411500e+01  7.577987e-01 
 2.411532e+01  8.074261e-01 
 2.411564e+01  8.370917e-01 
 2.411597e+01  8.407205e-01 
 2.411629e+01  8.150680e-01 
 2.411661e+01  7.027121e-01 
 2.411693e+01  6.171621e-01 
 2.411726e+01  4.981877e-01 
 2.411758e+01  3.682118e-01 
 2.411790e+01  2.443144e-01 
 2.411823e+01  1.293891e-01 
 2.411855e+01 -4.146057e-02 
 2.411887e+01 -9.924884e-02 
 2.411920e+01 -1.819063e-01 
 2.411952e+01 -2.135936e-01 
 2.411984e+01 -2.191104e-01 
 2.412016e+01 -2.249190e-01 
 2.412049e+01 -2.318871e-01 
 2.412081e+01 -2.421519e-01 
 2.412113e+01 -2.225187e-01 
 2.412146e+01 -1.986465e-01 
 2.412178e+01 -1.761557e-01 
 2.412210e+01 -1.364852e-01 
 2.412243e+01 -6.907048e-02 
 2.412275e+01  7.042110e-02 
 2.412307e+01  2.314091e-01 
 2.412339e+01  3.581503e-01 
 2.412372e+01  5.025997e-01 
 2.412404e+01  6.064676e-01 
 2.412436e+01  6.814609e-01 
 2.412469e+01  7.345686e-01 
 2.412501e+01  7.589827e-01 
 2.412533e+01  7.595787e-01 
 2.412565e+01  7.294518e-01 
 2.412598e+01  6.691333e-01 
 2.412630e+01  5.866081e-01 
 2.412662e+01  4.615476e-01 
 2.412695e+01  3.242763e-01 
 2.412727e+01  2.169446e-01 
 2.412759e+01  1.207393e-01 
 2.412792e+01 -8.675887e-02 
 2.412824e+01 -1.619911e-01 
 2.412856e+01 -2.499912e-01 
 2.412888e+01 -3.752202e-01 
 2.412921e+01 -4.241646e-01 
 2.412953e+01 -4.721209e-01 
 2.412985e+01 -5.133405e-01 
 2.413018e+01 -5.404270e-01 
 2.413050e+01 -5.532457e-01 
 2.413082e+01 -5.478612e-01 
 2.413115e+01 -5.077538e-01 
 2.413147e+01 -4.300558e-01 
 2.413179e+01 -3.353960e-01 
 2.413211e+01 -1.805411e-01 
 2.413244e+01 -2.462285e-02 
 2.413276e+01  1.259880e-01 
 2.413308e+01  2.858059e-01 
 2.413341e+01  3.823997e-01 
 2.413373e+01  4.639857e-01 
 2.413405e+01  5.304886e-01 
 2.413438e+01  5.776437e-01 
 2.413470e+01  5.795352e-01 
 2.413502e+01  5.794323e-01 
 2.413534e+01  5.575694e-01 
 2.413567e+01  5.030543e-01 
 2.413599e+01  4.191915e-01 
 2.413631e+01  3.091904e-01 
 2.413664e+01  1.290601e-01 
 2.413696e+01  6.026409e-03 
 2.413728e+01 -1.534493e-01 
 2.413761e+01 -2.833349e-01 
 2.413793e+01 -4.041944e-01 
 2.413825e+01 -5.197088e-01 
 2.413857e+01 -6.075711e-01 
 2.413890e+01 -6.445567e-01 
 2.413922e+01 -6.670301e-01 
 2.413954e+01 -6.922394e-01 
 2.413987e+01 -7.002335e-01 
 2.414019e+01 -6.910671e-01 
 2.414051e+01 -6.737480e-01 
 2.414084e+01 -6.311926e-01 
 2.414116e+01 -5.051763e-01 
 2.414148e+01 -3.719521e-01 
 2.414180e+01 -2.822800e-01 
 2.414213e+01 -1.498222e-01 
 2.414245e+01  2.621065e-02 
 2.414277e+01  1.551964e-01 
 2.414310e+01  2.707792e-01 
 2.414342e+01  3.775213e-01 
 2.414374e+01  4.669943e-01 
 2.414407e+01  5.407385e-01 
 2.414439e+01  5.928447e-01 
 2.414471e+01  6.603771e-01 
 2.414503e+01  6.766874e-01 
 2.414536e+01  6.582112e-01 
 2.414568e+01  6.023032e-01 
 2.414600e+01  5.338162e-01 
 2.414633e+01  3.929284e-01 
 2.414665e+01  2.485105e-01 
 2.414697e+01  1.500868e-01 
 2.414730e+01  6.911659e-02 
 2.414762e+01 -1.349354e-02 
 2.414794e+01 -1.358744e-01 
 2.414826e+01 -2.379758e-01 
 2.414859e+01 -2.844825e-01 
 2.414891e+01 -3.231992e-01 
 2.414923e+01 -3.550912e-01 
 2.414956e+01 -3.764117e-01 
 2.414988e+01 -3.683419e-01 
 2.415020e+01 -3.260341e-01 
 2.415053e+01 -2.633287e-01 
 2.415085e+01 -1.848745e-01 
 2.415117e+01 -9.127878e-02 
 2.415149e+01  1.657699e-02 
 2.415182e+01  9.984611e-02 
 2.415214e+01  1.903613e-01 
 2.415246e+01  2.579593e-01 
 2.415279e+01  3.006110e-01 
 2.415311e+01  3.190032e-01 
 2.415343e+01  3.232985e-01 
 2.415376e+01  3.055446e-01 
 2.415408e+01  2.679855e-01 
 2.415440e+01  2.085886e-01 
 2.415472e+01  1.393314e-01 
 2.415505e+01  6.156491e-02 
 2.415537e+01 -2.324769e-02 
 2.415569e+01 -1.761389e-01 
 2.415602e+01 -2.518917e-01 
 2.415634e+01 -3.235521e-01 
 2.415666e+01 -3.862253e-01 
 2.415698e+01 -4.504388e-01 
 2.415731e+01 -4.968679e-01 
 2.415763e+01 -5.282147e-01 
 2.415795e+01 -5.489552e-01 
 2.415828e+01 -5.627636e-01 
 2.415860e+01 -5.652895e-01 
 2.415892e+01 -5.501061e-01 
 2.415925e+01 -5.269623e-01 
 2.415957e+01 -4.838091e-01 
 2.415989e+01 -4.045034e-01 
 2.416021e+01 -3.140870e-01 
 2.416054e+01 -2.360252e-01 
 2.416086e+01 -1.535039e-01 
 2.416118e+01 -6.375921e-02 
 2.416151e+01  2.365608e-02 
 2.416183e+01  7.128660e-02 
 2.416215e+01  9.245023e-02 
 2.416248e+01  1.024161e-01 
 2.416280e+01  9.769742e-02 
 2.416312e+01  8.825019e-02 
 2.416344e+01  7.068716e-02 
 2.416377e+01  4.230560e-02 
 2.416409e+01  4.960340e-03 
 2.416441e+01 -7.057691e-02 
 2.416474e+01 -1.162043e-01 
 2.416506e+01 -2.079923e-01 
 2.416538e+01 -2.557797e-01 
 2.416571e+01 -3.062688e-01 
 2.416603e+01 -3.525051e-01 
 2.416635e+01 -3.874790e-01 
 2.416667e+01 -4.073099e-01 
 2.416700e+01 -4.179809e-01 
 2.416732e+01 -4.133267e-01 
 2.416764e+01 -3.991689e-01 
 2.416797e+01 -3.761338e-01 
 2.416829e+01 -3.458663e-01 
 2.416861e+01 -2.941706e-01 
 2.416894e+01 -2.559224e-01 
 2.416926e+01 -2.210828e-01 
 2.416958e+01 -1.889678e-01 
 2.416990e+01 -1.472634e-01 
 2.417023e+01 -1.006144e-01 
 2.417055e+01 -8.052073e-02 
 2.417087e+01 -6.788456e-02 
 2.417120e+01 -6.883893e-02 
 2.417152e+01 -8.563003e-02 
 2.417184e+01 -1.111906e-01 
 2.417217e+01 -1.520398e-01 
 2.417249e+01 -2.045881e-01 
 2.417281e+01 -2.619100e-01 
 2.417313e+01 -3.595409e-01 
 2.417346e+01 -4.286484e-01 
 2.417378e+01 -4.855916e-01 
 2.417410e+01 -5.216188e-01 
 2.417443e+01 -5.592837e-01 
 2.417475e+01 -5.962896e-01 
 2.417507e+01 -6.261693e-01 
 2.417540e+01 -6.462754e-01 
 2.417572e+01 -6.499278e-01 
 2.417604e+01 -6.411143e-01 
 2.417636e+01 -6.174258e-01 
 2.417669e+01 -5.929481e-01 
 2.417701e+01 -5.521805e-01 
 2.417733e+01 -4.795668e-01 
 2.417766e+01 -4.362228e-01 
 2.417798e+01 -4.117324e-01 
 2.417830e+01 -3.891419e-01 
 2.417863e+01 -3.698267e-01 
 2.417895e+01 -3.614301e-01 
 2.417927e+01 -3.618700e-01 
 2.417959e+01 -3.707439e-01 
 2.417992e+01 -3.900518e-01 
 2.418024e+01 -4.212237e-01 
 2.418056e+01 -4.674679e-01 
 2.418089e+01 -5.375969e-01 
 2.418121e+01 -6.184437e-01 
 2.418153e+01 -7.046814e-01 
 2.418186e+01 -7.923848e-01 
 2.418218e+01 -9.368770e-01 
 2.418250e+01 -1.005526e+00 
 2.418282e+01 -1.052708e+00 
 2.418315e+01 -1.086377e+00 
 2.418347e+01 -1.113182e+00 
 2.418379e+01 -1.123420e+00 
 2.418412e+01 -1.124764e+00 
 2.418444e+01 -1.114205e+00 
 2.418476e+01 -1.087112e+00 
 2.418509e+01 -1.049170e+00 
 2.418541e+01 -9.963016e-01 
 2.418573e+01 -9.276474e-01 
 2.418605e+01 -8.132656e-01 
 2.418638e+01 -7.111419e-01 
 2.418670e+01 -6.256608e-01 
 2.418702e+01 -5.379492e-01 
 2.418735e+01 -4.552761e-01 
 2.418767e+01 -3.881335e-01 
 2.418799e+01 -3.379796e-01 
 2.418831e+01 -3.044745e-01 
 2.418864e+01 -2.896270e-01 
 2.418896e+01 -2.925904e-01 
 2.418928e+01 -3.133688e-01 
 2.418961e+01 -3.527445e-01 
 2.418993e+01 -4.117288e-01 
 2.419025e+01 -4.899336e-01 
 2.419058e+01 -5.723849e-01 
 2.419090e+01 -6.921808e-01 
 2.419122e+01 -7.955762e-01 
 2.419154e+01 -8.531343e-01 
 2.419187e+01 -8.930221e-01 
 2.419219e+01 -9.541633e-01 
 2.419251e+01 -1.020226e+00 
 2.419284e+01 -1.029370e+00 
 2.419316e+01 -1.017363e+00 
 2.419348e+01 -9.992455e-01 
 2.419381e+01 -9.606900e-01 
 2.419413e+01 -8.790105e-01 
 2.419445e+01 -8.032437e-01 
 2.419477e+01 -7.269264e-01 
 2.419510e+01 -6.544804e-01 
 2.419542e+01 -5.229039e-01 
 2.419574e+01 -3.765172e-01 
 2.419607e+01 -2.616367e-01 
 2.419639e+01 -1.544600e-01 
 2.419671e+01 -6.439905e-02 
 2.419704e+01  4.043780e-03 
 2.419736e+01  4.288239e-02 
 2.419768e+01  5.508654e-02 
 2.419800e+01  3.943816e-02 
 2.419833e+01 -3.570159e-03 
 2.419865e+01 -6.497570e-02 
 2.419897e+01 -1.400321e-01 
 2.419930e+01 -2.237172e-01 
 2.419962e+01 -3.197702e-01 
 2.419994e+01 -4.147374e-01 
 2.420027e+01 -5.749633e-01 
 2.420059e+01 -6.563378e-01 
 2.420091e+01 -7.554854e-01 
 2.420123e+01 -8.353918e-01 
 2.420156e+01 -9.560498e-01 
 2.420188e+01 -1.032680e+00 
 2.420220e+01 -1.056110e+00 
 2.420253e+01 -1.062081e+00 
 2.420285e+01 -1.060187e+00 
 2.420317e+01 -1.034551e+00 
 2.420350e+01 -9.673927e-01 
 2.420382e+01 -8.531387e-01 
 2.420414e+01 -7.625177e-01 
 2.420446e+01 -6.512517e-01 
 2.420479e+01 -5.280299e-01 
 2.420511e+01 -3.654986e-01 
 2.420543e+01 -2.380149e-01 
 2.420576e+01 -1.273370e-01 
 2.420608e+01 -3.877197e-02 
 2.420640e+01  2.765355e-02 
 2.420673e+01  7.074184e-02 
 2.420705e+01  8.765080e-02 
 2.420737e+01  8.376603e-02 
 2.420769e+01  5.812582e-02 
 2.420802e+01  1.239805e-02 
 2.420834e+01 -4.958664e-02 
 2.420866e+01 -1.255982e-01 
 2.420899e+01 -2.146568e-01 
 2.420931e+01 -3.092713e-01 
 2.420963e+01 -4.445240e-01 
 2.420996e+01 -5.757116e-01 
 2.421028e+01 -6.901189e-01 
 2.421060e+01 -7.805748e-01 
 2.421092e+01 -9.185100e-01 
 2.421125e+01 -9.959976e-01 
 2.421157e+01 -1.007434e+00 
 2.421189e+01 -1.002957e+00 
 2.421222e+01 -9.810542e-01 
 2.421254e+01 -9.464332e-01 
 2.421286e+01 -9.009141e-01 
 2.421319e+01 -8.137991e-01 
 2.421351e+01 -6.886926e-01 
 2.421383e+01 -5.829084e-01 
 2.421415e+01 -4.724318e-01 
 2.421448e+01 -3.373187e-01 
 2.421480e+01 -1.815196e-01 
 2.421512e+01 -4.552575e-02 
 2.421545e+01  7.944653e-02 
 2.421577e+01  1.943227e-01 
 2.421609e+01  2.912486e-01 
 2.421641e+01  3.664194e-01 
 2.421674e+01  4.203799e-01 
 2.421706e+01  4.508295e-01 
 2.421738e+01  4.521939e-01 
 2.421771e+01  4.284099e-01 
 2.421803e+01  3.277876e-01 
 2.421835e+01  2.380073e-01 
 2.421868e+01  1.061268e-01 
 2.421900e+01 -5.540634e-02 
 2.421932e+01 -1.712729e-01 
 2.421964e+01 -2.975727e-01 
 2.421997e+01 -4.225902e-01 
 2.422029e+01 -5.514539e-01 
 2.422061e+01 -6.460979e-01 
 2.422094e+01 -6.798687e-01 
 2.422126e+01 -6.994661e-01 
 2.422158e+01 -6.981840e-01 
 2.422191e+01 -6.874356e-01 
 2.422223e+01 -6.561910e-01 
 2.422255e+01 -5.981270e-01 
 2.422287e+01 -4.946985e-01 
 2.422320e+01 -3.896415e-01 
 2.422352e+01 -3.011025e-01 
 2.422384e+01 -1.896627e-01 
 2.422417e+01 -7.150936e-02 
 2.422449e+01  4.708898e-02 
 2.422481e+01  1.771731e-01 
 2.422514e+01  2.832482e-01 
 2.422546e+01  3.636825e-01 
 2.422578e+01  3.695981e-01 
 2.422610e+01  4.053642e-01 
 2.422643e+01  4.154958e-01 
 2.422675e+01  4.009332e-01 
 2.422707e+01  3.641531e-01 
 2.422740e+01  3.109713e-01 
 2.422772e+01  2.440091e-01 
 2.422804e+01  1.744952e-01 
 2.422837e+01  7.787124e-02 
 2.422869e+01  4.383485e-03 
 2.422901e+01 -7.887560e-02 
 2.422933e+01 -1.513729e-01 
 2.422966e+01 -2.105120e-01 
 2.422998e+01 -2.791036e-01 
 2.423030e+01 -3.476623e-01 
 2.423063e+01 -3.762085e-01 
 2.423095e+01 -3.801116e-01 
 2.423127e+01 -3.742521e-01 
 2.423160e+01 -3.549402e-01 
 2.423192e+01 -2.943425e-01 
 2.423224e+01 -2.290114e-01 
 2.423256e+01 -1.448640e-01 
 2.423289e+01 -6.191955e-02 
 2.423321e+01  1.039387e-02 
 2.423353e+01  9.972475e-02 
 2.423386e+01  1.833296e-01 
 2.423418e+01  2.533935e-01 
 2.423450e+01  3.139609e-01 
 2.423483e+01  3.649572e-01 
 2.423515e+01  4.081657e-01 
 2.423547e+01  4.339258e-01 
 2.423579e+01  4.442679e-01 
 2.423612e+01  4.400749e-01 
 2.423644e+01  4.211658e-01 
 2.423676e+01  3.990044e-01 
 2.423709e+01  3.742395e-01 
 2.423741e+01  3.460450e-01 
 2.423773e+01  3.082001e-01 
 2.423806e+01  1.942882e-01 
 2.423838e+01  1.071587e-01 
 2.423870e+01  5.058699e-02 
 2.423902e+01 -9.636791e-03 
 2.423935e+01 -7.455283e-02 
 2.423967e+01 -1.720590e-01 
 2.423999e+01 -1.843879e-01 
 2.424032e+01 -1.824765e-01 
 2.424064e+01 -1.608498e-01 
 2.424096e+01 -1.229059e-01 
 2.424129e+01 -6.456488e-02 
 2.424161e+01  1.499614e-02 
 2.424193e+01  1.174004e-01 
 2.424225e+01  1.927050e-01 
 2.424258e+01  2.521248e-01 
 2.424290e+01  3.055807e-01 
 2.424322e+01  3.608973e-01 
 2.424355e+01  4.224319e-01 
 2.424387e+01  4.684522e-01 
 2.424419e+01  5.089247e-01 
 2.424452e+01  5.473079e-01 
 2.424484e+01  5.793624e-01 
 2.424516e+01  6.101189e-01 
 2.424548e+01  6.311704e-01 
 2.424581e+01  6.447177e-01 
 2.424613e+01  6.424638e-01 
 2.424645e+01  6.283352e-01 
 2.424678e+01  6.048054e-01 
 2.424710e+01  5.709829e-01 
 2.424742e+01  5.176686e-01 
 2.424774e+01  4.767876e-01 
 2.424807e+01  4.435717e-01 
 2.424839e+01  3.782590e-01 
 2.424871e+01  3.595864e-01 
 2.424904e+01  3.186954e-01 
 2.424936e+01  3.238596e-01 
 2.424968e+01  3.026788e-01 
 2.425001e+01  3.272512e-01 
 2.425033e+01  3.602736e-01 
 2.425065e+01  4.077712e-01 
 2.425097e+01  4.358326e-01 
 2.425130e+01  4.891214e-01 
 2.425162e+01  5.380986e-01 
 2.425194e+01  5.668940e-01 
 2.425227e+01  5.869229e-01 
 2.425259e+01  6.130160e-01 
 2.425291e+01  6.459564e-01 
 2.425324e+01  6.809929e-01 
 2.425356e+01  7.260563e-01 
 2.425388e+01  7.539998e-01 
 2.425420e+01  7.682368e-01 
 2.425453e+01  7.749566e-01 
 2.425485e+01  7.631412e-01 
 2.425517e+01  7.399727e-01 
 2.425550e+01  5.329906e-01 
 2.425582e+01  4.868946e-01 
 2.425614e+01  4.339018e-01 
 2.425647e+01  3.691019e-01 
 2.425679e+01  3.271445e-01 
 2.425711e+01  2.875874e-01 
 2.425743e+01  2.548462e-01 
 2.425776e+01  2.367085e-01 
 2.425808e+01  1.912530e-01 
 2.425840e+01  1.849845e-01 
 2.425873e+01  1.844724e-01 
 2.425905e+01  1.775017e-01 
 2.425937e+01  1.873490e-01 
 2.425970e+01  2.152246e-01 
 2.426002e+01  2.420781e-01 
 2.426034e+01  2.567764e-01 
 2.426066e+01  2.838762e-01 
 2.426099e+01  3.176934e-01 
 2.426131e+01  3.482281e-01 
 2.426163e+01  3.466354e-01 
 2.426196e+01  3.664562e-01 
 2.426228e+01  3.823991e-01 
 2.426260e+01  3.793880e-01 
 2.426293e+01  3.984916e-01 
 2.426325e+01  4.029208e-01 
 2.426357e+01  3.877112e-01 
 2.426389e+01  3.648016e-01 
 2.426422e+01  3.383329e-01 
 2.426454e+01  3.127876e-01 
 2.426486e+01  2.905472e-01 
 2.426519e+01  7.666622e-02 
 2.426551e+01  4.985172e-02 
 2.426583e+01  2.877970e-02 
 2.426616e+01  1.235571e-02 
 2.426648e+01 -1.375158e-03 
 2.426680e+01  3.922328e-03 
 2.426712e+01  1.100540e-02 
 2.426745e+01  1.812687e-02 
 2.426777e+01  3.371916e-02 
 2.426809e+01  3.257373e-02 
 2.426842e+01  6.489229e-02 
 2.426874e+01  1.000270e-01 
 2.426906e+01  1.471654e-01 
 2.426939e+01  1.872287e-01 
 2.426971e+01  2.117477e-01 
 2.427003e+01  2.194361e-01 
 2.427035e+01  2.175685e-01 
 2.427068e+01  2.073440e-01 
 2.427100e+01  1.890019e-01 
 2.427132e+01  1.657781e-01 
 2.427165e+01  1.390485e-01 
 2.427197e+01  1.105950e-01 
 2.427229e+01  7.442563e-02 
 2.427262e+01  3.845249e-02 
 2.427294e+01 -8.617425e-04 
 2.427326e+01 -4.396774e-02 
 2.427358e+01 -1.068080e-01 
 2.427391e+01 -1.672350e-01 
 2.427423e+01 -2.157302e-01 
 2.427455e+01 -2.516966e-01 
 2.427488e+01 -2.752068e-01 
 2.427520e+01 -3.077385e-01 
 2.427552e+01 -3.618576e-01 
 2.427585e+01 -3.840278e-01 
 2.427617e+01 -3.918136e-01 
 2.427649e+01 -3.941061e-01 
 2.427681e+01 -3.794142e-01 
 2.427714e+01 -3.575553e-01 
 2.427746e+01 -3.253551e-01 
 2.427778e+01 -2.854396e-01 
 2.427811e+01 -2.537890e-01 
 2.427843e+01 -2.191552e-01 
 2.427875e+01 -1.851226e-01 
 2.427907e+01 -1.586708e-01 
 2.427940e+01 -1.417252e-01 
 2.427972e+01 -1.371761e-01 
 2.428004e+01 -1.452412e-01 
 2.428037e+01 -1.655114e-01 
 2.428069e+01 -1.962583e-01 
 2.428101e+01 -2.357091e-01 
 2.428134e+01 -2.803422e-01 
 2.428166e+01 -3.255522e-01 
 2.428198e+01 -3.694175e-01 
 2.428230e+01 -4.118479e-01 
 2.428263e+01 -4.665078e-01 
 2.428295e+01 -5.227317e-01 
 2.428327e+01 -5.463484e-01 
 2.428360e+01 -5.685271e-01 
 2.428392e+01 -5.901211e-01 
 2.428424e+01 -6.100675e-01 
 2.428457e+01 -6.395229e-01 
 2.428489e+01 -6.502955e-01 
 2.428521e+01 -6.252901e-01 
 2.428553e+01 -5.816982e-01 
 2.428586e+01 -5.412091e-01 
 2.428618e+01 -4.868787e-01 
 2.428650e+01 -4.247659e-01 
 2.428683e+01 -3.728037e-01 
 2.428715e+01 -3.227089e-01 
 2.428747e+01 -2.723679e-01 
 2.428780e+01 -2.250915e-01 
 2.428812e+01 -1.867579e-01 
 2.428844e+01 -1.644177e-01 
 2.428876e+01 -1.606683e-01 
 2.428909e+01 -1.704551e-01 
 2.428941e+01 -1.953470e-01 
 2.428973e+01 -2.251449e-01 
 2.429006e+01 -2.649004e-01 
 2.429038e+01 -3.114988e-01 
 2.429070e+01 -3.590030e-01 
 2.429103e+01 -4.020126e-01 
 2.429135e+01 -4.394841e-01 
 2.429167e+01 -4.971065e-01 
 2.429199e+01 -5.388292e-01 
 2.429232e+01 -5.640847e-01 
 2.429264e+01 -5.934124e-01 
 2.429296e+01 -6.251565e-01 
 2.429329e+01 -6.501471e-01 
 2.429361e+01 -6.657453e-01 
 2.429393e+01 -6.881865e-01 
 2.429426e+01 -6.834349e-01 
 2.429458e+01 -6.458484e-01 
 2.429490e+01 -5.895419e-01 
 2.429522e+01 -5.268089e-01 
 2.429555e+01 -4.572978e-01 
 2.429587e+01 -3.878702e-01 
 2.429619e+01 -3.130841e-01 
 2.429652e+01 -2.404216e-01 
 2.429684e+01 -1.758362e-01 
 2.429716e+01 -1.232293e-01 
 2.429749e+01 -8.063096e-02 
 2.429781e+01 -5.121037e-02 
 2.429813e+01 -3.480002e-02 
 2.429845e+01 -3.181804e-02 
 2.429878e+01 -4.312712e-02 
 2.429910e+01 -7.135527e-02 
 2.429942e+01 -1.062027e-01 
 2.429975e+01 -1.507414e-01 
 2.430007e+01 -2.004327e-01 
 2.430039e+01 -2.534217e-01 
 2.430072e+01 -3.062141e-01 
 2.430104e+01 -3.905522e-01 
 2.430136e+01 -4.337765e-01 
 2.430168e+01 -4.706060e-01 
 2.430201e+01 -5.011651e-01 
 2.430233e+01 -5.217101e-01 
 2.430265e+01 -5.550917e-01 
 2.430298e+01 -5.623503e-01 
 2.430330e+01 -5.419952e-01 
 2.430362e+01 -5.292757e-01 
 2.430395e+01 -4.948167e-01 
 2.430427e+01 -4.575596e-01 
 2.430459e+01 -4.049319e-01 
 2.430491e+01 -3.305913e-01 
 2.430524e+01 -2.459943e-01 
 2.430556e+01 -1.666710e-01 
 2.430588e+01 -8.458238e-02 
 2.430621e+01 -6.218933e-03 
 2.430653e+01  6.603528e-02 
 2.430685e+01  1.292399e-01 
 2.430717e+01  1.733706e-01 
 2.430750e+01  2.019098e-01 
 2.430782e+01  2.188739e-01 
 2.430814e+01  2.178062e-01 
 2.430847e+01  1.998166e-01 
 2.430879e+01  1.626784e-01 
 2.430911e+01  1.197487e-01 
 2.430944e+01  7.362109e-02 
 2.430976e+01  2.464668e-02 
 2.431008e+01 -4.809476e-02 
 2.431040e+01 -1.038807e-01 
 2.431073e+01 -1.424965e-01 
 2.431105e+01 -1.738842e-01 
 2.431137e+01 -2.193206e-01 
 2.431170e+01 -2.442778e-01 
 2.431202e+01 -2.802649e-01 
 2.431234e+01 -2.808647e-01 
 2.431267e+01 -2.929272e-01 
 2.431299e+01 -2.773013e-01 
 2.431331e+01 -2.470691e-01 
 2.431363e+01 -2.076863e-01 
 2.431396e+01 -1.636674e-01 
 2.431428e+01 -1.653820e-01 
 2.431460e+01 -9.985507e-02 
 2.431493e+01 -1.743529e-02 
 2.431525e+01  5.169856e-02 
 2.431557e+01  1.011879e-01 
 2.431590e+01  1.372584e-01 
 2.431622e+01  1.814249e-01 
 2.431654e+01  2.243361e-01 
 2.431686e+01  2.494402e-01 
 2.431719e+01  2.559378e-01 
 2.431751e+01  2.483294e-01 
 2.431783e+01  2.282825e-01 
 2.431816e+01  1.871617e-01 
 2.431848e+01  1.423657e-01 
 2.431880e+01  8.817596e-02 
 2.431913e+01  2.369499e-02 
 2.431945e+01 -4.746579e-02 
 2.431977e+01 -1.718729e-01 
 2.432009e+01 -2.383191e-01 
 2.432042e+01 -2.799056e-01 
 2.432074e+01 -3.337144e-01 
 2.432106e+01 -3.710155e-01 
 2.432139e+01 -3.939965e-01 
 2.432171e+01 -4.021934e-01 
 2.432203e+01 -4.000686e-01 
 2.432236e+01 -3.775270e-01 
 2.432268e+01 -3.328286e-01 
 2.432300e+01 -2.789391e-01 
 2.432332e+01 -2.070831e-01 
 2.432365e+01 -1.277839e-01 
 2.432397e+01 -5.916585e-02 
 2.432429e+01  9.677227e-03 
 2.432462e+01  1.002176e-01 
 2.432494e+01  1.858188e-01 
 2.432526e+01  2.529141e-01 
 2.432559e+01  3.076214e-01 
 2.432591e+01  3.558392e-01 
 2.432623e+01  3.936617e-01 
 2.432655e+01  3.689177e-01 
 2.432688e+01  3.837284e-01 
 2.432720e+01  3.823182e-01 
 2.432752e+01  3.609227e-01 
 2.432785e+01  3.309595e-01 
 2.432817e+01  2.920644e-01 
 2.432849e+01  2.491453e-01 
 2.432882e+01  2.000768e-01 
 2.432914e+01  1.282208e-01 
 2.432946e+01  7.214643e-02 
 2.432978e+01  4.155643e-02 
 2.433011e+01  1.828474e-02 
 2.433043e+01 -9.158635e-03 
 2.433075e+01 -4.866683e-02 
 2.433108e+01 -8.291374e-02 
 2.433140e+01 -9.325241e-02 
 2.433172e+01 -8.880495e-02 
 2.433205e+01 -6.620589e-02 
 2.433237e+01 -3.102700e-02 
 2.433269e+01  2.760597e-02 
 2.433301e+01  8.786310e-02 
 2.433334e+01  1.511454e-01 
 2.433366e+01  2.241966e-01 
 2.433398e+01  2.914276e-01 
 2.433431e+01  3.550625e-01 
 2.433463e+01  4.281446e-01 
 2.433495e+01  5.012356e-01 
 2.433528e+01  5.571900e-01 
 2.433560e+01  5.937451e-01 
 2.433592e+01  6.195159e-01 
 2.433624e+01  6.310452e-01 
 2.433657e+01  6.341229e-01 
 2.433689e+01  6.234040e-01 
 2.433721e+01  5.985946e-01 
 2.433754e+01  5.593052e-01 
 2.433786e+01  5.169234e-01 
 2.433818e+01  4.699702e-01 
 2.433850e+01  4.193088e-01 
 2.433883e+01  3.315466e-01 
 2.433915e+01  2.858750e-01 
 2.433947e+01  2.506699e-01 
 2.433980e+01  2.229866e-01 
 2.434012e+01  1.950121e-01 
 2.434044e+01  1.587447e-01 
 2.434077e+01  1.574128e-01 
 2.434109e+01  1.251535e-01 
 2.434141e+01  1.218225e-01 
 2.434173e+01  1.244150e-01 
 2.434206e+01  1.322691e-01 
 2.434238e+01  1.635561e-01 
 2.434270e+01  1.975485e-01 
 2.434303e+01  2.281690e-01 
 2.434335e+01  2.752626e-01 
 2.434367e+01  3.288342e-01 
 2.434400e+01  3.757149e-01 
 2.434432e+01  4.204757e-01 
 2.434464e+01  4.702694e-01 
 2.434496e+01  5.196986e-01 
 2.434529e+01  5.550674e-01 
 2.434561e+01  5.734778e-01 
 2.434593e+01  5.819070e-01 
 2.434626e+01  5.819811e-01 
 2.434658e+01  5.734849e-01 
 2.434690e+01  5.565916e-01 
 2.434723e+01  5.336653e-01 
 2.434755e+01  5.029277e-01 
 2.434787e+01  4.683787e-01 
 2.434819e+01  4.291986e-01 
 2.434852e+01  3.567782e-01 
 2.434884e+01  3.287196e-01 
 2.434916e+01  3.069704e-01 
 2.434949e+01  2.870736e-01 
 2.434981e+01  2.680915e-01 
 2.435013e+01  2.463506e-01 
 2.435046e+01  2.044800e-01 
 2.435078e+01  2.014068e-01 
 2.435110e+01  2.047863e-01 
 2.435142e+01  2.126362e-01 
 2.435175e+01  2.185781e-01 
 2.435207e+01  2.329966e-01 
 2.435239e+01  2.514658e-01 
 2.435272e+01  2.853080e-01 
 2.435304e+01  3.281804e-01 
 2.435336e+01  3.672663e-01 
 2.435369e+01  3.918382e-01 
 2.435401e+01  4.117777e-01 
 2.435433e+01  4.356553e-01 
 2.435465e+01  4.590872e-01 
 2.435498e+01  4.796016e-01 
 2.435530e+01  4.869710e-01 
 2.435562e+01  4.724352e-01 
 2.435595e+01  4.553471e-01 
 2.435627e+01  4.271662e-01 
 2.435659e+01  3.938949e-01 
 2.435692e+01  3.575324e-01 
 2.435724e+01  3.155281e-01 
 2.435756e+01  2.711779e-01 
 2.435788e+01  2.272443e-01 
 2.435821e+01  1.869190e-01 
 2.435853e+01  1.459689e-01 
 2.435885e+01  8.952291e-02 
 2.435918e+01  4.319791e-02 
 2.435950e+01  1.306047e-02 
 2.435982e+01 -1.151831e-02 
 2.436015e+01 -3.404789e-02 
 2.436047e+01 -5.371788e-02 
 2.436079e+01 -6.797302e-02 
 2.436111e+01 -7.580128e-02 
 2.436144e+01 -7.966738e-02 
 2.436176e+01 -7.857051e-02 
 2.436208e+01 -7.252056e-02 
 2.436241e+01 -6.183078e-02 
 2.436273e+01 -3.648139e-02 
 2.436305e+01 -8.336135e-03 
 2.436338e+01  1.640191e-02 
 2.436370e+01  4.301598e-02 
 2.436402e+01  6.192525e-02 
 2.436434e+01  7.746716e-02 
 2.436467e+01  8.423117e-02 
 2.436499e+01  8.418080e-02 
 2.436531e+01  7.776215e-02 
 2.436564e+01  5.192549e-02 
 2.436596e+01  2.799541e-02 
 2.436628e+01  9.822259e-03 
 2.436661e+01 -2.795766e-02 
 2.436693e+01 -5.363809e-02 
 2.436725e+01 -8.392345e-02 
 2.436757e+01 -1.169348e-01 
 2.436790e+01 -1.513322e-01 
 2.436822e+01 -1.884702e-01 
 2.436854e+01 -2.215115e-01 
 2.436887e+01 -2.515501e-01 
 2.436919e+01 -2.770511e-01 
 2.436951e+01 -3.041779e-01 
 2.436983e+01 -3.256324e-01 
 2.437016e+01 -3.453853e-01 
 2.437048e+01 -3.685898e-01 
 2.437080e+01 -3.839965e-01 
 2.437113e+01 -3.952932e-01 
 2.437145e+01 -4.063607e-01 
 2.437177e+01 -4.129995e-01 
 2.437210e+01 -4.223801e-01 
 2.437242e+01 -4.312562e-01 
 2.437274e+01 -4.382803e-01 
 2.437306e+01 -4.487856e-01 
 2.437339e+01 -4.574288e-01 
 2.437371e+01 -4.715279e-01 
 2.437403e+01 -4.892639e-01 
 2.437436e+01 -5.053387e-01 
 2.437468e+01 -5.210956e-01 
 2.437500e+01 -5.416789e-01 
 2.437533e+01 -5.571354e-01 
 2.437565e+01 -5.725420e-01 
 2.437597e+01 -6.020849e-01 
 2.437629e+01 -6.246790e-01 
 2.437662e+01 -6.378836e-01 
 2.437694e+01 -6.500358e-01 
 2.437726e+01 -6.606878e-01 
 2.437759e+01 -6.686848e-01 
 2.437791e+01 -6.742845e-01 
 2.437823e+01 -6.774464e-01 
 2.437856e+01 -6.766902e-01 
 2.437888e+01 -6.732504e-01 
 2.437920e+01 -6.640411e-01 
 2.437952e+01 -6.543997e-01 
 2.437985e+01 -6.475831e-01 
 2.438017e+01 -6.474166e-01 
 2.438049e+01 -6.496195e-01 
 2.438082e+01 -6.521567e-01 
 2.438114e+01 -6.551037e-01 
 2.438146e+01 -6.595907e-01 
 2.438179e+01 -6.680515e-01 
 2.438211e+01 -6.787818e-01 
 2.438243e+01 -6.889505e-01 
 2.438275e+01 -6.961972e-01 
 2.438308e+01 -7.009406e-01 
 2.438340e+01 -7.022730e-01 
 2.438372e+01 -7.013955e-01 
 2.438405e+01 -6.985877e-01 
 2.438437e+01 -6.933531e-01 
 2.438469e+01 -6.844079e-01 
 2.438502e+01 -6.723473e-01 
 2.438534e+01 -6.729368e-01 
 2.438566e+01 -6.667594e-01 
 2.438598e+01 -6.522608e-01 
 2.438631e+01 -6.387753e-01 
 2.438663e+01 -6.261013e-01 
 2.438695e+01 -6.133437e-01 
 2.438728e+01 -5.974606e-01 
 2.438760e+01 -5.784559e-01 
 2.438792e+01 -5.579812e-01 
 2.438825e+01 -5.358259e-01 
 2.438857e+01 -5.059618e-01 
 2.438889e+01 -4.801678e-01 
 2.438921e+01 -4.661850e-01 
 2.438954e+01 -4.628753e-01 
 2.438986e+01 -4.673745e-01 
 2.439018e+01 -4.791766e-01 
 2.439051e+01 -4.961322e-01 
 2.439083e+01 -5.170246e-01 
 2.439115e+01 -5.379359e-01 
 2.439148e+01 -5.579362e-01 
 2.439180e+01 -5.793707e-01 
 2.439212e+01 -5.994330e-01 
 2.439244e+01 -6.399043e-01 
 2.439277e+01 -6.560801e-01 
 2.439309e+01 -6.718772e-01 
 2.439341e+01 -6.864219e-01 
 2.439374e+01 -6.990335e-01 
 2.439406e+01 -7.108372e-01 
 2.439438e+01 -7.210506e-01 
 2.439471e+01 -7.490034e-01 
 2.439503e+01 -7.468973e-01 
 2.439535e+01 -7.288871e-01 
 2.439567e+01 -7.056322e-01 
 2.439600e+01 -6.811217e-01 
 2.439632e+01 -6.581282e-01 
 2.439664e+01 -6.338233e-01 
 2.439697e+01 -6.081430e-01 
 2.439729e+01 -5.829185e-01 
 2.439761e+01 -5.600259e-01 
 2.439793e+01 -5.408096e-01 
 2.439826e+01 -5.209036e-01 
 2.439858e+01 -5.074109e-01 
 2.439890e+01 -5.056032e-01 
 2.439923e+01 -5.169940e-01 
 2.439955e+01 -5.379126e-01 
 2.439987e+01 -5.593237e-01 
 2.440020e+01 -5.828422e-01 
 2.440052e+01 -6.072422e-01 
 2.440084e+01 -6.329427e-01 
 2.440116e+01 -6.573082e-01 
 2.440149e+01 -6.812625e-01 
 2.440181e+01 -7.294252e-01 
 2.440213e+01 -7.704722e-01 
 2.440246e+01 -7.928676e-01 
 2.440278e+01 -8.121711e-01 
 2.440310e+01 -8.256186e-01 
 2.440343e+01 -8.304775e-01 
 2.440375e+01 -8.276740e-01 
 2.440407e+01 -8.394333e-01 
 2.440439e+01 -8.210306e-01 
 2.440472e+01 -7.910422e-01 
 2.440504e+01 -7.539517e-01 
 2.440536e+01 -7.087123e-01 
 2.440569e+01 -6.596318e-01 
 2.440601e+01 -6.088379e-01 
 2.440633e+01 -5.651136e-01 
 2.440666e+01 -5.255292e-01 
 2.440698e+01 -4.937515e-01 
 2.440730e+01 -4.659021e-01 
 2.440762e+01 -4.402565e-01 
 2.440795e+01 -4.135040e-01 
 2.440827e+01 -3.994734e-01 
 2.440859e+01 -4.030591e-01 
 2.440892e+01 -4.151792e-01 
 2.440924e+01 -4.346389e-01 
 2.440956e+01 -4.642095e-01 
 2.440989e+01 -4.950214e-01 
 2.441021e+01 -5.312903e-01 
 2.441053e+01 -5.693816e-01 
 2.441085e+01 -6.095368e-01 
 2.441118e+01 -6.720318e-01 
 2.441150e+01 -7.242743e-01 
 2.441182e+01 -7.613178e-01 
 2.441215e+01 -7.947021e-01 
 2.441247e+01 -8.221341e-01 
 2.441279e+01 -8.383078e-01 
 2.441312e+01 -8.454869e-01 
 2.441344e+01 -8.576663e-01 
 2.441376e+01 -8.534702e-01 
 2.441408e+01 -8.317910e-01 
 2.441441e+01 -8.027403e-01 
 2.441473e+01 -7.663869e-01 
 2.441505e+01 -7.207805e-01 
 2.441538e+01 -6.636293e-01 
 2.441570e+01 -6.118595e-01 
 2.441602e+01 -5.677471e-01 
 2.441635e+01 -5.266895e-01 
 2.441667e+01 -4.900384e-01 
 2.441699e+01 -4.563332e-01 
 2.441731e+01 -4.205345e-01 
 2.441764e+01 -3.934171e-01 
 2.441796e+01 -3.790895e-01 
 2.441828e+01 -3.795148e-01 
 2.441861e+01 -3.908447e-01 
 2.441893e+01 -4.183299e-01 
 2.441925e+01 -4.538353e-01 
 2.441958e+01 -5.021468e-01 
 2.441990e+01 -5.528326e-01 
 2.442022e+01 -6.077887e-01 
 2.442054e+01 -6.685240e-01 
 2.442087e+01 -7.356423e-01 
 2.442119e+01 -8.019667e-01 
 2.442151e+01 -8.417479e-01 
 2.442184e+01 -8.744465e-01 
 2.442216e+01 -9.039031e-01 
 2.442248e+01 -9.263713e-01 
 2.442281e+01 -9.400424e-01 
 2.442313e+01 -9.449506e-01 
 2.442345e+01 -9.390112e-01 
 2.442377e+01 -9.241625e-01 
 2.442410e+01 -9.023022e-01 
 2.442442e+01 -8.755829e-01 
 2.442474e+01 -8.411739e-01 
 2.442507e+01 -7.831865e-01 
 2.442539e+01 -7.259183e-01 
 2.442571e+01 -6.807055e-01 
 2.442603e+01 -6.346995e-01 
 2.442636e+01 -5.857086e-01 
 2.442668e+01 -5.403762e-01 
 2.442700e+01 -5.066573e-01 
 2.442733e+01 -5.284436e-01 
 2.442765e+01 -5.238021e-01 
 2.442797e+01 -5.275759e-01 
 2.442830e+01 -5.396550e-01 
 2.442862e+01 -5.600338e-01 
 2.442894e+01 -5.889439e-01 
 2.442926e+01 -6.232111e-01 
 2.442959e+01 -6.519180e-01 
 2.442991e+01 -6.797261e-01 
 2.443023e+01 -7.498850e-01 
 2.443056e+01 -8.006684e-01 
 2.443088e+01 -8.392357e-01 
 2.443120e+01 -8.600268e-01 
 2.443153e+01 -8.737594e-01 
 2.443185e+01 -8.822889e-01 
 2.443217e+01 -8.924896e-01 
 2.443249e+01 -8.848730e-01 
 2.443282e+01 -8.664913e-01 
 2.443314e+01 -8.358317e-01 
 2.443346e+01 -7.892111e-01 
 2.443379e+01 -7.348296e-01 
 2.443411e+01 -6.794737e-01 
 2.443443e+01 -6.221026e-01 
 2.443476e+01 -5.492156e-01 
 2.443508e+01 -4.722471e-01 
 2.443540e+01 -4.214359e-01 
 2.443572e+01 -3.756100e-01 
 2.443605e+01 -3.340030e-01 
 2.443637e+01 -2.944320e-01 
 2.443669e+01 -2.614265e-01 
 2.443702e+01 -2.422186e-01 
 2.443734e+01 -2.324937e-01 
 2.443766e+01 -2.562305e-01 
 2.443799e+01 -2.693631e-01 
 2.443831e+01 -2.929688e-01 
 2.443863e+01 -3.237807e-01 
 2.443895e+01 -3.659068e-01 
 2.443928e+01 -4.092986e-01 
 2.443960e+01 -4.587707e-01 
 2.443992e+01 -5.057868e-01 
 2.444025e+01 -5.674272e-01 
 2.444057e+01 -6.133690e-01 
 2.444089e+01 -6.356893e-01 
 2.444122e+01 -6.518065e-01 
 2.444154e+01 -6.605393e-01 
 2.444186e+01 -6.660855e-01 
 2.444218e+01 -7.140507e-01 
 2.444251e+01 -6.965373e-01 
 2.444283e+01 -6.745586e-01 
 2.444315e+01 -6.351543e-01 
 2.444348e+01 -6.024816e-01 
 2.444380e+01 -5.648870e-01 
 2.444412e+01 -5.257352e-01 
 2.444445e+01 -4.802198e-01 
 2.444477e+01 -4.055025e-01 
 2.444509e+01 -3.492947e-01 
 2.444541e+01 -3.030270e-01 
 2.444574e+01 -2.629678e-01 
 2.444606e+01 -2.276139e-01 
 2.444638e+01 -2.001374e-01 
 2.444671e+01 -1.813161e-01 
 2.444703e+01 -1.935872e-01 
 2.444735e+01 -2.003770e-01 
 2.444768e+01 -2.183933e-01 
 2.444800e+01 -2.657979e-01 
 2.444832e+01 -3.035402e-01 
 2.444864e+01 -3.497454e-01 
 2.444897e+01 -3.902055e-01 
 2.444929e+01 -4.298458e-01 
 2.444961e+01 -4.728072e-01 
 2.444994e+01 -5.122104e-01 
 2.445026e+01 -5.822236e-01 
 2.445058e+01 -6.117739e-01 
 2.445091e+01 -6.264656e-01 
 2.445123e+01 -6.413980e-01 
 2.445155e+01 -6.563976e-01 
 2.445187e+01 -6.530885e-01 
 2.445220e+01 -6.296829e-01 
 2.445252e+01 -6.100497e-01 
 2.445284e+01 -5.892983e-01 
 2.445317e+01 -5.596291e-01 
 2.445349e+01 -5.262351e-01 
 2.445381e+01 -4.903844e-01 
 2.445414e+01 -4.533277e-01 
 2.445446e+01 -3.917626e-01 
 2.445478e+01 -3.458141e-01 
 2.445510e+01 -3.154623e-01 
 2.445543e+01 -2.890371e-01 
 2.445575e+01 -2.689534e-01 
 2.445607e+01 -2.532395e-01 
 2.445640e+01 -2.425795e-01 
 2.445672e+01 -2.374401e-01 
 2.445704e+01 -2.551179e-01 
 2.445736e+01 -2.748507e-01 
 2.445769e+01 -2.996074e-01 
 2.445801e+01 -3.310999e-01 
 2.445833e+01 -3.888282e-01 
 2.445866e+01 -4.317444e-01 
 2.445898e+01 -4.748178e-01 
 2.445930e+01 -5.176123e-01 
 2.445963e+01 -5.595608e-01 
 2.445995e+01 -6.009757e-01 
 2.446027e+01 -6.492047e-01 
 2.446059e+01 -6.871405e-01 
 2.446092e+01 -7.090905e-01 
 2.446124e+01 -7.276142e-01 
 2.446156e+01 -7.373700e-01 
 2.446189e+01 -7.207974e-01 
 2.446221e+01 -7.109087e-01 
 2.446253e+01 -6.944067e-01 
 2.446286e+01 -6.733285e-01 
 2.446318e+01 -6.503698e-01 
 2.446350e+01 -6.258402e-01 
 2.446382e+01 -5.984547e-01 
 2.446415e+01 -5.445819e-01 
 2.446447e+01 -5.033296e-01 
 2.446479e+01 -4.759675e-01 
 2.446512e+01 -4.524666e-01 
 2.446544e+01 -4.315695e-01 
 2.446576e+01 -4.119974e-01 
 2.446609e+01 -3.976136e-01 
 2.446641e+01 -3.905280e-01 
 2.446673e+01 -3.884523e-01 
 2.446705e+01 -4.034220e-01 
 2.446738e+01 -4.178845e-01 
 2.446770e+01 -4.373287e-01 
 2.446802e+01 -4.588388e-01 
 2.446835e+01 -4.853991e-01 
 2.446867e+01 -5.155192e-01 
 2.446899e+01 -5.449174e-01 
 2.446932e+01 -5.748899e-01 
 2.446964e+01 -5.988653e-01 
 2.446996e+01 -6.211019e-01 
 2.447028e+01 -6.398555e-01 
 2.447061e+01 -6.718522e-01 
 2.447093e+01 -6.786789e-01 
 2.447125e+01 -6.841786e-01 
 2.447158e+01 -6.812402e-01 
 2.447190e+01 -6.600171e-01 
 2.447222e+01 -6.449053e-01 
 2.447255e+01 -6.256698e-01 
 2.447287e+01 -6.034879e-01 
 2.447319e+01 -5.781265e-01 
 2.447351e+01 -5.508609e-01 
 2.447384e+01 -5.153059e-01 
 2.447416e+01 -4.698362e-01 
 2.447448e+01 -4.392276e-01 
 2.447481e+01 -4.122227e-01 
 2.447513e+01 -3.903190e-01 
 2.447545e+01 -3.702729e-01 
 2.447578e+01 -3.570045e-01 
 2.447610e+01 -3.460977e-01 
 2.447642e+01 -3.449200e-01 
 2.447674e+01 -3.470218e-01 
 2.447707e+01 -3.912267e-01 
 2.447739e+01 -4.027656e-01 
 2.447771e+01 -4.186392e-01 
 2.447804e+01 -4.356428e-01 
 2.447836e+01 -4.565396e-01 
 2.447868e+01 -4.790596e-01 
 2.447901e+01 -5.013246e-01 
 2.447933e+01 -5.211011e-01 
 2.447965e+01 -5.392773e-01 
 2.447997e+01 -5.559795e-01 
 2.448030e+01 -5.721706e-01 
 2.448062e+01 -5.860124e-01 
 2.448094e+01 -5.937641e-01 
 2.448127e+01 -6.164749e-01 
 2.448159e+01 -6.109289e-01 
 2.448191e+01 -6.051498e-01 
 2.448224e+01 -5.750096e-01 
 2.448256e+01 -5.536917e-01 
 2.448288e+01 -5.266614e-01 
 2.448320e+01 -4.967323e-01 
 2.448353e+01 -4.650031e-01 
 2.448385e+01 -4.335792e-01 
 2.448417e+01 -3.981056e-01 
 2.448450e+01 -3.524302e-01 
 2.448482e+01 -3.129877e-01 
 2.448514e+01 -2.622551e-01 
 2.448546e+01 -2.275157e-01 
 2.448579e+01 -1.949690e-01 
 2.448611e+01 -1.673059e-01 
 2.448643e+01 -1.655731e-01 
 2.448676e+01 -1.421203e-01 
 2.448708e+01 -1.227251e-01 
 2.448740e+01 -1.091214e-01 
 2.448773e+01 -1.009903e-01 
 2.448805e+01 -9.689410e-02 
 2.448837e+01 -9.816937e-02 
 2.448869e+01 -1.037193e-01 
 2.448902e+01 -1.266347e-01 
 2.448934e+01 -1.349865e-01 
 2.448966e+01 -1.405605e-01 
 2.448999e+01 -1.514641e-01 
 2.449031e+01 -1.559459e-01 
 2.449063e+01 -1.627103e-01 
 2.449096e+01 -1.685068e-01 
 2.449128e+01 -1.895969e-01 
 2.449160e+01 -1.998212e-01 
 2.449192e+01 -1.856632e-01 
 2.449225e+01 -1.707900e-01 
 2.449257e+01 -1.613197e-01 
 2.449289e+01 -1.509623e-01 
 2.449322e+01 -1.368094e-01 
 2.449354e+01 -1.160738e-01 
 2.449386e+01 -9.314852e-02 
 2.449419e+01 -6.729105e-02 
 2.449451e+01 -3.951181e-02 
 2.449483e+01 -6.955884e-03 
 2.449515e+01  3.066760e-02 
 2.449548e+01  7.008280e-02 
 2.449580e+01  1.142894e-01 
 2.449612e+01  1.641500e-01 
 2.449645e+01  2.134430e-01 
 2.449677e+01  2.494540e-01 
 2.449709e+01  2.843727e-01 
 2.449742e+01  3.060089e-01 
 2.449774e+01  3.296546e-01 
 2.449806e+01  3.509151e-01 
 2.449838e+01  3.601418e-01 
 2.449871e+01  3.646065e-01 
 2.449903e+01  3.594040e-01 
 2.449935e+01  3.496389e-01 
 2.449968e+01  3.375413e-01 
 2.450000e+01  3.210513e-01 
 2.450032e+01  3.020232e-01 
 2.450065e+01  2.800120e-01 
 2.450097e+01  2.596133e-01 
 2.450129e+01  2.100948e-01 
 2.450161e+01  1.950395e-01 
 2.450194e+01  1.840279e-01 
 2.450226e+01  1.734274e-01 
 2.450258e+01  1.602346e-01 
 2.450291e+01  1.402235e-01 
 2.450323e+01  1.328030e-01 
 2.450355e+01  1.093283e-01 
 2.450388e+01  1.175647e-01 
 2.450420e+01  1.321012e-01 
 2.450452e+01  1.696049e-01 
 2.450484e+01  1.986961e-01 
 2.450517e+01  2.300208e-01 
 2.450549e+01  2.610575e-01 
 2.450581e+01  2.927923e-01 
 2.450614e+01  3.244818e-01 
 2.450646e+01  2.980782e-01 
 2.450678e+01  3.433767e-01 
 2.450711e+01  3.760076e-01 
 2.450743e+01  3.964360e-01 
 2.450775e+01  4.108030e-01 
 2.450807e+01  4.198499e-01 
 2.450840e+01  4.212968e-01 
 2.450872e+01  4.222171e-01 
 2.450904e+01  4.172886e-01 
 2.450937e+01  4.100737e-01 
 2.450969e+01  3.979602e-01 
 2.451001e+01  3.792872e-01 
 2.451034e+01  3.560149e-01 
 2.451066e+01  3.277213e-01 
 2.451098e+01  2.929801e-01 
 2.451130e+01  2.236910e-01 
 2.451163e+01  1.856466e-01 
 2.451195e+01  1.517743e-01 
 2.451227e+01  1.216986e-01 
 2.451260e+01  8.927786e-02 
 2.451292e+01  4.920835e-02 
 2.451324e+01  4.188769e-02 
 2.451357e+01  4.707901e-02 
 2.451389e+01  3.879071e-02 
 2.451421e+01  5.579833e-02 
 2.451453e+01  8.822405e-02 
 2.451486e+01  1.219017e-01 
 2.451518e+01  1.519870e-01 
 2.451550e+01  1.948081e-01 
 2.451583e+01  2.590626e-01 
 2.451615e+01  3.082551e-01 
 2.451647e+01  3.556205e-01 
 2.451679e+01  4.079908e-01 
 2.451712e+01  4.825359e-01 
 2.451744e+01  5.450177e-01 
 2.451776e+01  5.952950e-01 
 2.451809e+01  6.368419e-01 
 2.451841e+01  6.698259e-01 
 2.451873e+01  6.950092e-01 
 2.451906e+01  6.990328e-01 
 2.451938e+01  6.967464e-01 
 2.451970e+01  6.201267e-01 
 2.452002e+01  5.951176e-01 
 2.452035e+01  5.600414e-01 
 2.452067e+01  5.202074e-01 
 2.452099e+01  4.766985e-01 
 2.452132e+01  4.195655e-01 
 2.452164e+01  3.587373e-01 
 2.452196e+01  3.166054e-01 
 2.452229e+01  2.785722e-01 
 2.452261e+01  2.082295e-01 
 2.452293e+01  1.751764e-01 
 2.452325e+01  1.224055e-01 
 2.452358e+01  8.185365e-02 
 2.452390e+01  7.357098e-02 
 2.452422e+01  6.986332e-02 
 2.452455e+01  7.537823e-02 
 2.452487e+01  9.102496e-02 
 2.452519e+01  1.187562e-01 
 2.452552e+01  1.796530e-01 
 2.452584e+01  2.367811e-01 
 2.452616e+01  3.031537e-01 
 2.452648e+01  3.774688e-01 
 2.452681e+01  4.311545e-01 
 2.452713e+01  4.894606e-01 
 2.452745e+01  5.564977e-01 
 2.452778e+01  6.102531e-01 
 2.452810e+01  6.465871e-01 
 2.452842e+01  6.731258e-01 
 2.452875e+01  6.916428e-01 
 2.452907e+01  7.027782e-01 
 2.452939e+01  7.073162e-01 
 2.452971e+01  7.025333e-01 
 2.453004e+01  6.873989e-01 
 2.453036e+01  6.161693e-01 
 2.453068e+01  5.741353e-01 
 2.453101e+01  5.233117e-01 
 2.453133e+01  4.647238e-01 
 2.453165e+01  3.690857e-01 
 2.453198e+01  3.065997e-01 
 2.453230e+01  2.519403e-01 
 2.453262e+01  1.669406e-01 
 2.453294e+01  1.337156e-01 
 2.453327e+01  8.536178e-02 
 2.453359e+01  4.249178e-02 
 2.453391e+01  3.263531e-02 
 2.453424e+01  2.915525e-02 
 2.453456e+01  3.904245e-02 
 2.453488e+01  5.329915e-02 
 2.453521e+01  7.410790e-02 
 2.453553e+01  1.095982e-01 
 2.453585e+01  1.720634e-01 
 2.453617e+01  2.222950e-01 
 2.453650e+01  2.634886e-01 
 2.453682e+01  3.238994e-01 
 2.453714e+01  3.773201e-01 
 2.453747e+01  4.450952e-01 
 2.453779e+01  5.157163e-01 
 2.453811e+01  5.684212e-01 
 2.453844e+01  6.093783e-01 
 2.453876e+01  6.397230e-01 
 2.453908e+01  6.575311e-01 
 2.453940e+01  6.652382e-01 
 2.453973e+01  6.573493e-01 
 2.454005e+01  6.346315e-01 
 2.454037e+01  6.041279e-01 
 2.454070e+01  5.382883e-01 
 2.454102e+01  4.427686e-01 
 2.454134e+01  3.887082e-01 
 2.454167e+01  3.336129e-01 
 2.454199e+01  2.487782e-01 
 2.454231e+01  1.981254e-01 
 2.454263e+01  1.517860e-01 
 2.454296e+01  7.632325e-02 
 2.454328e+01  4.837234e-02 
 2.454360e+01 -9.587960e-04 
 2.454393e+01 -6.319125e-02 
 2.454425e+01 -7.289338e-02 
 2.454457e+01 -8.267672e-02 
 2.454490e+01 -8.087231e-02 
 2.454522e+01 -6.836087e-02 
 2.454554e+01 -3.415471e-02 
 2.454586e+01  1.719792e-02 
 2.454619e+01  6.446170e-02 
 2.454651e+01  1.273306e-01 
 2.454683e+01  1.855364e-01 
 2.454716e+01  2.337816e-01 
 2.454748e+01  2.961730e-01 
 2.454780e+01  3.575932e-01 
 2.454812e+01  4.059007e-01 
 2.454845e+01  4.337548e-01 
 2.454877e+01  4.534813e-01 
 2.454909e+01  4.610016e-01 
 2.454942e+01  4.604788e-01 
 2.454974e+01  4.520565e-01 
 2.455006e+01  4.348723e-01 
 2.455039e+01  4.066386e-01 
 2.455071e+01  3.752039e-01 
 2.455103e+01  3.383427e-01 
 2.455135e+01  2.958601e-01 
 2.455168e+01  2.575785e-01 
 2.455200e+01  2.169557e-01 
 2.455232e+01  1.442077e-01 
 2.455265e+01  1.016327e-01 
 2.455297e+01  6.457425e-02 
 2.455329e+01  3.121412e-02 
 2.455362e+01 -7.334030e-03 
 2.455394e+01 -5.968037e-02 
 2.455426e+01 -7.689807e-02 
 2.455458e+01 -8.483102e-02 
 2.455491e+01 -8.066423e-02 
 2.455523e+01 -6.863571e-02 
 2.455555e+01 -5.716713e-02 
 2.455588e+01 -2.648365e-02 
 2.455620e+01  1.152005e-02 
 2.455652e+01  3.877311e-02 
 2.455685e+01  5.729447e-02 
 2.455717e+01  8.044513e-02 
 2.455749e+01  1.091263e-01 
 2.455781e+01  1.328127e-01 
 2.455814e+01  1.487530e-01 
 2.455846e+01  1.561127e-01 
 2.455878e+01  1.604007e-01 
 2.455911e+01  1.488836e-01 
 2.455943e+01  1.394796e-01 
 2.455975e+01  1.186497e-01 
 2.456008e+01  9.090056e-02 
 2.456040e+01  5.349537e-02 
 2.456072e+01 -2.165356e-02 
 2.456104e+01 -7.132804e-02 
 2.456137e+01 -1.195474e-01 
 2.456169e+01 -1.622858e-01 
 2.456201e+01 -2.056102e-01 
 2.456234e+01 -2.478901e-01 
 2.456266e+01 -3.010636e-01 
 2.456298e+01 -3.419710e-01 
 2.456331e+01 -3.641002e-01 
 2.456363e+01 -3.760741e-01 
 2.456395e+01 -3.825441e-01 
 2.456427e+01 -3.809086e-01 
 2.456460e+01 -3.752961e-01 
 2.456492e+01 -3.646358e-01 
 2.456524e+01 -3.508565e-01 
 2.456557e+01 -3.353916e-01 
 2.456589e+01 -3.124348e-01 
 2.456621e+01 -2.862482e-01 
 2.456654e+01 -2.574325e-01 
 2.456686e+01 -2.205747e-01 
 2.456718e+01 -1.726957e-01 
 2.456750e+01 -1.232051e-01 
 2.456783e+01 -8.346108e-02 
 2.456815e+01 -6.501985e-02 
 2.456847e+01 -4.983355e-02 
 2.456880e+01 -3.571143e-02 
 2.456912e+01 -2.642739e-02 
 2.456944e+01 -2.532886e-02 
 2.456977e+01 -2.972638e-02 
 2.457009e+01 -3.847068e-02 
 2.457041e+01 -9.833168e-02 
 2.457073e+01 -1.182694e-01 
 2.457106e+01 -1.467276e-01 
 2.457138e+01 -1.734778e-01 
 2.457170e+01 -1.994316e-01 
 2.457203e+01 -2.483923e-01 
 2.457235e+01 -2.738574e-01 
 2.457267e+01 -3.001726e-01 
 2.457300e+01 -3.427726e-01 
 2.457332e+01 -3.763864e-01 
 2.457364e+01 -3.922288e-01 
 2.457396e+01 -3.966552e-01 
 2.457429e+01 -3.937026e-01 
 2.457461e+01 -3.802861e-01 
 2.457493e+01 -3.607845e-01 
 2.457526e+01 -3.379594e-01 
 2.457558e+01 -3.108358e-01 
 2.457590e+01 -2.807086e-01 
 2.457623e+01 -2.502596e-01 
 2.457655e+01 -2.207169e-01 
 2.457687e+01 -1.895563e-01 
 2.457719e+01 -1.556553e-01 
 2.457752e+01 -1.170126e-01 
 2.457784e+01 -7.900186e-02 
 2.457816e+01 -4.683796e-02 
 2.457849e+01 -3.560648e-02 
 2.457881e+01 -1.248534e-02 
 2.457913e+01  9.979157e-03 
 2.457945e+01  2.915889e-02 
 2.457978e+01  3.084035e-02 
 2.458010e+01  3.490697e-02 
 2.458042e+01  3.646810e-02 
 2.458075e+01  3.053000e-02 
 2.458107e+01  1.817732e-02 
 2.458139e+01  5.107689e-03 
 2.458172e+01 -1.200431e-02 
 2.458204e+01 -2.898076e-02 
 2.458236e+01 -6.895760e-02 
 2.458268e+01 -8.305796e-02 
 2.458301e+01 -1.132323e-01 
 2.458333e+01 -1.286968e-01 
 2.458365e+01 -1.265015e-01 
 2.458398e+01 -1.218246e-01 
 2.458430e+01 -1.157129e-01 
 2.458462e+01 -1.062958e-01 
 2.458495e+01 -9.155311e-02 
 2.458527e+01 -7.704701e-02 
 2.458559e+01 -5.934833e-02 
 2.458591e+01 -3.821246e-02 
 2.458624e+01 -1.410414e-02 
 2.458656e+01  1.495132e-02 
 2.458688e+01  4.278984e-02 
 2.458721e+01  6.882318e-02 
 2.458753e+01  9.573480e-02 
 2.458785e+01  1.226784e-01 
 2.458818e+01  1.356886e-01 
 2.458850e+01  1.623049e-01 
 2.458882e+01  1.856111e-01 
 2.458914e+01  1.935250e-01 
 2.458947e+01  2.079782e-01 
 2.458979e+01  2.196038e-01 
 2.459011e+01  2.296278e-01 
 2.459044e+01  2.339966e-01 
 2.459076e+01  2.371540e-01 
 2.459108e+01  2.326734e-01 
 2.459141e+01  2.204916e-01 
 2.459173e+01  2.040882e-01 
 2.459205e+01  1.861650e-01 
 2.459237e+01  1.659499e-01 
 2.459270e+01  1.472766e-01 
 2.459302e+01  1.293830e-01 
 2.459334e+01  8.299834e-02 
 2.459367e+01  6.890427e-02 
 2.459399e+01  5.909437e-02 
 2.459431e+01  5.341030e-02 
 2.459464e+01  2.218699e-02 
 2.459496e+01  7.791482e-04 
 2.459528e+01  1.454119e-02 
 2.459560e+01  3.553706e-02 
 2.459593e+01  5.887838e-02 
 2.459625e+01  9.138486e-02 
 2.459657e+01  1.240524e-01 
 2.459690e+01  1.531484e-01 
 2.459722e+01  1.850115e-01 
 2.459754e+01  2.246216e-01 
 2.459787e+01  2.641386e-01 
 2.459819e+01  3.043152e-01 
 2.459851e+01  3.450411e-01 
 2.459883e+01  3.819167e-01 
 2.459916e+01  4.238097e-01 
 2.459948e+01  4.587917e-01 
 2.459980e+01  4.907900e-01 
 2.460013e+01  4.900208e-01 
 2.460045e+01  5.035493e-01 
 2.460077e+01  5.086384e-01 
 2.460110e+01  5.028578e-01 
 2.460142e+01  4.931056e-01 
 2.460174e+01  4.760048e-01 
 2.460206e+01  4.540833e-01 
 2.460239e+01  4.222640e-01 
 2.460271e+01  3.923035e-01 
 2.460303e+01  3.643334e-01 
 2.460336e+01  3.276630e-01 
 2.460368e+01  2.909101e-01 
 2.460400e+01  2.692166e-01 
 2.460433e+01  2.487153e-01 
 2.460465e+01  1.979974e-01 
 2.460497e+01  1.875327e-01 
 2.460529e+01  1.388210e-01 
 2.460562e+01  1.269484e-01 
 2.460594e+01  1.222218e-01 
 2.460626e+01  1.262864e-01 
 2.460659e+01  1.331390e-01 
 2.460691e+01  1.405879e-01 
 2.460723e+01  1.549194e-01 
 2.460755e+01  1.778596e-01 
 2.460788e+01  2.149973e-01 
 2.460820e+01  2.563895e-01 
 2.460852e+01  3.038163e-01 
 2.460885e+01  3.505709e-01 
 2.460917e+01  3.912732e-01 
 2.460949e+01  4.337971e-01 
 2.460982e+01  4.719311e-01 
 2.461014e+01  5.042925e-01 
 2.461046e+01  5.292570e-01 
 2.461078e+01  5.471170e-01 
 2.461111e+01  5.593140e-01 
 2.461143e+01  5.520681e-01 
 2.461175e+01  5.358515e-01 
 2.461208e+01  5.123407e-01 
 2.461240e+01  4.825776e-01 
 2.461272e+01  4.528643e-01 
 2.461305e+01  4.152044e-01 
 2.461337e+01  3.550355e-01 
 2.461369e+01  3.298387e-01 
 2.461401e+01  3.253053e-01 
 2.461434e+01  3.089886e-01 
 2.461466e+01  3.010241e-01 
 2.461498e+01  3.061411e-01 
 2.461531e+01  2.941783e-01 
 2.461563e+01  2.709221e-01 
 2.461595e+01  2.662741e-01 
 2.461628e+01  2.435493e-01 
 2.461660e+01  2.285209e-01 
 2.461692e+01  2.034754e-01 
 2.461724e+01  1.710674e-01 
 2.461757e+01  1.394451e-01 
 2.461789e+01  1.135468e-01 
 2.461821e+01  9.864400e-02 
 2.461854e+01  9.297786e-02 
 2.461886e+01  1.006297e-01 
 2.461918e+01  1.169281e-01 
 2.461951e+01  1.376053e-01 
 2.461983e+01  1.580044e-01 
 2.462015e+01  1.764568e-01 
 2.462047e+01  1.900913e-01 
 2.462080e+01  1.956336e-01 
 2.462112e+01  1.946326e-01 
 2.462144e+01  1.888369e-01 
 2.462177e+01  1.744555e-01 
 2.462209e+01  1.580119e-01 
 2.462241e+01  1.406136e-01 
 2.462274e+01  1.232154e-01 
 2.462306e+01  1.103693e-01 
 2.462338e+01  1.000546e-01 
 2.462370e+01  9.293294e-02 
 2.462403e+01  8.372961e-02 
 2.462435e+01  7.465882e-02 
 2.462467e+01  7.572871e-02 
 2.462500e+01  7.573296e-02 
 2.462532e+01  5.441209e-02 
 2.462564e+01  6.613864e-02 
 2.462597e+01  7.578490e-02 
 2.462629e+01  5.636337e-02 
 2.462661e+01  2.847544e-02 
 2.462693e+01 -1.140744e-03 
 2.462726e+01 -2.474552e-02 
 2.462758e+01 -5.242442e-02 
 2.462790e+01 -8.058641e-02 
 2.462823e+01 -1.120161e-01 
 2.462855e+01 -1.453957e-01 
 2.462887e+01 -1.819043e-01 
 2.462920e+01 -2.167486e-01 
 2.462952e+01 -2.508845e-01 
 2.462984e+01 -2.833813e-01 
 2.463016e+01 -3.112153e-01 
 2.463049e+01 -3.350175e-01 
 2.463081e+01 -3.570855e-01 
 2.463113e+01 -3.728702e-01 
 2.463146e+01 -3.857389e-01 
 2.463178e+01 -3.992460e-01 
 2.463210e+01 -4.171501e-01 
 2.463243e+01 -4.399258e-01 
 2.463275e+01 -4.646406e-01 
 2.463307e+01 -4.949612e-01 
 2.463339e+01 -5.241308e-01 
 2.463372e+01 -5.543538e-01 
 2.463404e+01 -5.870825e-01 
 2.463436e+01 -6.077195e-01 
 2.463469e+01 -6.348657e-01 
 2.463501e+01 -6.557586e-01 
 2.463533e+01 -6.650904e-01 
 2.463566e+01 -6.431912e-01 
 2.463598e+01 -6.394479e-01 
 2.463630e+01 -6.350954e-01 
 2.463662e+01 -6.404146e-01 
 2.463695e+01 -6.164882e-01 
 2.463727e+01 -6.217193e-01 
 2.463759e+01 -6.513290e-01 
 2.463792e+01 -6.768598e-01 
 2.463824e+01 -7.079048e-01 
 2.463856e+01 -7.372411e-01 
 2.463888e+01 -7.594149e-01 
 2.463921e+01 -7.814207e-01 
 2.463953e+01 -8.072068e-01 
 2.463985e+01 -8.292275e-01 
 2.464018e+01 -8.575460e-01 
 2.464050e+01 -8.858459e-01 
 2.464082e+01 -9.173099e-01 
 2.464115e+01 -9.526039e-01 
 2.464147e+01 -9.910519e-01 
 2.464179e+01 -1.031582e+00 
 2.464211e+01 -1.071383e+00 
 2.464244e+01 -1.114392e+00 
 2.464276e+01 -1.152055e+00 
 2.464308e+01 -1.188739e+00 
 2.464341e+01 -1.226617e+00 
 2.464373e+01 -1.264483e+00 
 2.464405e+01 -1.294460e+00 
 2.464438e+01 -1.321357e+00 
 2.464470e+01 -1.356813e+00 
 2.464502e+01 -1.378101e+00 
 2.464534e+01 -1.380983e+00 
 2.464567e+01 -1.383706e+00 
 2.464599e+01 -1.386943e+00 
 2.464631e+01 -1.332259e+00 
 2.464664e+01 -1.325851e+00 
 2.464696e+01 -1.305889e+00 
 2.464728e+01 -1.286431e+00 
 2.464761e+01 -1.230006e+00 
 2.464793e+01 -1.212984e+00 
 2.464825e+01 -1.191032e+00 
 2.464857e+01 -1.161883e+00 
 2.464890e+01 -1.147408e+00 
 2.464922e+01 -1.139192e+00 
 2.464954e+01 -1.138524e+00 
 2.464987e+01 -1.136805e+00 
 2.465019e+01 -1.147555e+00 
 2.465051e+01 -1.156908e+00 
 2.465084e+01 -1.176952e+00 
 2.465116e+01 -1.191276e+00 
 2.465148e+01 -1.204692e+00 
 2.465180e+01 -1.223110e+00 
 2.465213e+01 -1.240752e+00 
 2.465245e+01 -1.261518e+00 
 2.465277e+01 -1.286738e+00 
 2.465310e+01 -1.312906e+00 
 2.465342e+01 -1.336359e+00 
 2.465374e+01 -1.366702e+00 
 2.465407e+01 -1.407942e+00 
 2.465439e+01 -1.448255e+00 
 2.465471e+01 -1.470709e+00 
 2.465503e+01 -1.508768e+00 
 2.465536e+01 -1.541210e+00 
 2.465568e+01 -1.551016e+00 
 2.465600e+01 -1.556119e+00 
 2.465633e+01 -1.557209e+00 
 2.465665e+01 -1.540266e+00 
 2.465697e+01 -1.514742e+00 
 2.465730e+01 -1.505410e+00 
 2.465762e+01 -1.486057e+00 
 2.465794e+01 -1.472487e+00 
 2.465826e+01 -1.448569e+00 
 2.465859e+01 -1.399682e+00 
 2.465891e+01 -1.383977e+00 
 2.465923e+01 -1.366819e+00 
 2.465956e+01 -1.357382e+00 
 2.465988e+01 -1.329278e+00 
 2.466020e+01 -1.308333e+00 
 2.466053e+01 -1.286219e+00 
 2.466085e+01 -1.257161e+00 
 2.466117e+01 -1.232383e+00 
 2.466149e+01 -1.208271e+00 
 2.466182e+01 -1.186201e+00 
 2.466214e+01 -1.167331e+00 
 2.466246e+01 -1.155466e+00 
 2.466279e+01 -1.140348e+00 
 2.466311e+01 -1.132445e+00 
 2.466343e+01 -1.119636e+00 
 2.466376e+01 -1.110722e+00 
 2.466408e+01 -1.101544e+00 
 2.466440e+01 -1.087437e+00 
 2.466472e+01 -1.075061e+00 
 2.466505e+01 -1.068634e+00 
 2.466537e+01 -1.067345e+00 
 2.466569e+01 -1.061223e+00 
 2.466602e+01 -1.056192e+00 
 2.466634e+01 -1.054790e+00 
 2.466666e+01 -1.061494e+00 
 2.466699e+01 -1.061661e+00 
 2.466731e+01 -1.064140e+00 
 2.466763e+01 -1.067673e+00 
 2.466795e+01 -1.065728e+00 
 2.466828e+01 -1.051427e+00 
 2.466860e+01 -1.068773e+00 
 2.466892e+01 -1.058150e+00 
 2.466925e+01 -1.040756e+00 
 2.466957e+01 -1.033763e+00 
 2.466989e+01 -1.026633e+00 
 2.467022e+01 -1.008756e+00 
 2.467054e+01 -1.003720e+00 
 2.467086e+01 -9.837942e-01 
 2.467118e+01 -9.623656e-01 
 2.467151e+01 -9.373349e-01 
 2.467183e+01 -9.076719e-01 
 2.467215e+01 -8.785255e-01 
 2.467248e+01 -8.473781e-01 
 2.467280e+01 -8.140767e-01 
 2.467312e+01 -7.840043e-01 
 2.467345e+01 -7.487849e-01 
 2.467377e+01 -7.186037e-01 
 2.467409e+01 -6.925836e-01 
 2.467441e+01 -6.641567e-01 
 2.467474e+01 -6.438700e-01 
 2.467506e+01 -6.157818e-01 
 2.467538e+01 -5.887425e-01 
 2.467571e+01 -5.621444e-01 
 2.467603e+01 -5.317605e-01 
 2.467635e+01 -4.994741e-01 
 2.467667e+01 -4.700280e-01 
 2.467700e+01 -4.599934e-01 
 2.467732e+01 -4.481412e-01 
 2.467764e+01 -4.319135e-01 
 2.467797e+01 -4.218308e-01 
 2.467829e+01 -4.159162e-01 
 2.467861e+01 -4.298383e-01 
 2.467894e+01 -4.672912e-01 
 2.467926e+01 -4.759435e-01 
 2.467958e+01 -4.817814e-01 
 2.467990e+01 -4.857957e-01 
 2.468023e+01 -4.804403e-01 
 2.468055e+01 -4.683885e-01 
 2.468087e+01 -4.630237e-01 
 2.468120e+01 -4.519865e-01 
 2.468152e+01 -4.392344e-01 
 2.468184e+01 -4.299609e-01 
 2.468217e+01 -4.211343e-01 
 2.468249e+01 -4.150350e-01 
 2.468281e+01 -4.129498e-01 
 2.468313e+01 -4.077024e-01 
 2.468346e+01 -4.049396e-01 
 2.468378e+01 -3.882945e-01 
 2.468410e+01 -3.754723e-01 
 2.468443e+01 -3.651338e-01 
 2.468475e+01 -3.435358e-01 
 2.468507e+01 -3.198374e-01 
 2.468540e+01 -2.939099e-01 
 2.468572e+01 -2.638716e-01 
 2.468604e+01 -2.351629e-01 
 2.468636e+01 -1.995337e-01 
 2.468669e+01 -1.670088e-01 
 2.468701e+01 -1.409300e-01 
 2.468733e+01 -1.416345e-01 
 2.468766e+01 -1.820271e-01 
 2.468798e+01 -2.005513e-01 
 2.468830e+01 -2.273042e-01 
 2.468863e+01 -2.541665e-01 
 2.468895e+01 -2.787262e-01 
 2.468927e+01 -3.412830e-01 
 2.468959e+01 -3.626593e-01 
 2.468992e+01 -3.786219e-01 
 2.469024e+01 -3.904838e-01 
 2.469056e+01 -3.976015e-01 
 2.469089e+01 -3.976921e-01 
 2.469121e+01 -3.917392e-01 
 2.469153e+01 -3.859570e-01 
 2.469186e+01 -3.935776e-01 
 2.469218e+01 -3.887330e-01 
 2.469250e+01 -4.051699e-01 
 2.469282e+01 -4.084024e-01 
 2.469315e+01 -4.173183e-01 
 2.469347e+01 -4.251324e-01 
 2.469379e+01 -4.244754e-01 
 2.469412e+01 -4.158260e-01 
 2.469444e+01 -4.053092e-01 
 2.469476e+01 -3.847069e-01 
 2.469509e+01 -3.598786e-01 
 2.469541e+01 -3.285597e-01 
 2.469573e+01 -2.924000e-01 
 2.469605e+01 -2.665946e-01 
 2.469638e+01 -2.596020e-01 
 2.469670e+01 -2.525762e-01 
 2.469702e+01 -2.614333e-01 
 2.469735e+01 -2.816010e-01 
 2.469767e+01 -3.076900e-01 
 2.469799e+01 -3.630579e-01 
 2.469832e+01 -3.824389e-01 
 2.469864e+01 -4.039300e-01 
 2.469896e+01 -4.198694e-01 
 2.469928e+01 -4.271597e-01 
 2.469961e+01 -4.712747e-01 
 2.469993e+01 -4.743765e-01 
 2.470025e+01 -4.718897e-01 
 2.470058e+01 -4.659902e-01 
 2.470090e+01 -4.586348e-01 
 2.470122e+01 -4.463360e-01 
 2.470155e+01 -4.310133e-01 
 2.470187e+01 -4.201437e-01 
 2.470219e+01 -4.017582e-01 
 2.470251e+01 -3.795218e-01 
 2.470284e+01 -3.772620e-01 
 2.470316e+01 -3.655645e-01 
 2.470348e+01 -3.401623e-01 
 2.470381e+01 -3.212218e-01 
 2.470413e+01 -2.986037e-01 
 2.470445e+01 -2.745413e-01 
 2.470478e+01 -2.613231e-01 
 2.470510e+01 -2.479866e-01 
 2.470542e+01 -2.455899e-01 
 2.470574e+01 -2.480828e-01 
 2.470607e+01 -2.604357e-01 
 2.470639e+01 -2.938051e-01 
 2.470671e+01 -3.223707e-01 
 2.470704e+01 -3.526619e-01 
 2.470736e+01 -3.846499e-01 
 2.470768e+01 -4.139959e-01 
 2.470800e+01 -4.739236e-01 
 2.470833e+01 -4.969845e-01 
 2.470865e+01 -5.163766e-01 
 2.470897e+01 -5.297946e-01 
 2.470930e+01 -5.400792e-01 
 2.470962e+01 -5.723561e-01 
 2.470994e+01 -5.835173e-01 
 2.471027e+01 -5.819726e-01 
 2.471059e+01 -5.793024e-01 
 2.471091e+01 -5.667636e-01 
 2.471123e+01 -5.498815e-01 
 2.471156e+01 -5.295205e-01 
 2.471188e+01 -5.021409e-01 
 2.471220e+01 -4.689633e-01 
 2.471253e+01 -4.273998e-01 
 2.471285e+01 -3.853275e-01 
 2.471317e+01 -3.448763e-01 
 2.471350e+01 -3.238379e-01 
 2.471382e+01 -2.916259e-01 
 2.471414e+01 -2.778895e-01 
 2.471446e+01 -2.595012e-01 
 2.471479e+01 -2.523950e-01 
 2.471511e+01 -2.500940e-01 
 2.471543e+01 -2.542446e-01 
 2.471576e+01 -2.613140e-01 
 2.471608e+01 -2.742904e-01 
 2.471640e+01 -2.994338e-01 
 2.471673e+01 -3.270896e-01 
 2.471705e+01 -3.521631e-01 
 2.471737e+01 -3.816292e-01 
 2.471769e+01 -4.149657e-01 
 2.471802e+01 -4.487657e-01 
 2.471834e+01 -5.085323e-01 
 2.471866e+01 -5.384047e-01 
 2.471899e+01 -5.655663e-01 
 2.471931e+01 -5.856480e-01 
 2.471963e+01 -5.990410e-01 
 2.471996e+01 -6.041103e-01 
 2.472028e+01 -5.992830e-01 
 2.472060e+01 -5.858410e-01 
 2.472092e+01 -5.667992e-01 
 2.472125e+01 -5.429382e-01 
 2.472157e+01 -5.352294e-01 
 2.472189e+01 -5.114815e-01 
 2.472222e+01 -4.845095e-01 
 2.472254e+01 -4.583829e-01 
 2.472286e+01 -4.351963e-01 
 2.472319e+01 -4.122350e-01 
 2.472351e+01 -3.924137e-01 
 2.472383e+01 -3.926100e-01 
 2.472415e+01 -3.705136e-01 
 2.472448e+01 -3.477275e-01 
 2.472480e+01 -3.293131e-01 
 2.472512e+01 -3.220961e-01 
 2.472545e+01 -3.154053e-01 
 2.472577e+01 -3.129763e-01 
 2.472609e+01 -3.193814e-01 
 2.472642e+01 -3.366461e-01 
 2.472674e+01 -3.674574e-01 
 2.472706e+01 -3.959438e-01 
 2.472738e+01 -4.225094e-01 
 2.472771e+01 -4.480767e-01 
 2.472803e+01 -4.723313e-01 
 2.472835e+01 -5.184125e-01 
 2.472868e+01 -5.301239e-01 
 2.472900e+01 -5.344969e-01 
 2.472932e+01 -5.342647e-01 
 2.472965e+01 -5.306292e-01 
 2.472997e+01 -5.241619e-01 
 2.473029e+01 -5.161491e-01 
 2.473061e+01 -5.001452e-01 
 2.473094e+01 -4.819041e-01 
 2.473126e+01 -4.627239e-01 
 2.473158e+01 -4.396314e-01 
 2.473191e+01 -4.180471e-01 
 2.473223e+01 -3.910066e-01 
 2.473255e+01 -3.569656e-01 
 2.473288e+01 -3.232995e-01 
 2.473320e+01 -2.902331e-01 
 2.473352e+01 -2.650847e-01 
 2.473384e+01 -2.463219e-01 
 2.473417e+01 -2.463247e-01 
 2.473449e+01 -2.344164e-01 
 2.473481e+01 -2.295119e-01 
 2.473514e+01 -2.327263e-01 
 2.473546e+01 -2.531966e-01 
 2.473578e+01 -2.686583e-01 
 2.473610e+01 -2.896446e-01 
 2.473643e+01 -3.110971e-01 
 2.473675e+01 -3.401311e-01 
 2.473707e+01 -3.646870e-01 
 2.473740e+01 -3.912829e-01 
 2.473772e+01 -4.165727e-01 
 2.473804e+01 -4.584973e-01 
 2.473837e+01 -4.766279e-01 
 2.473869e+01 -5.022150e-01 
 2.473901e+01 -5.109303e-01 
 2.473933e+01 -5.131230e-01 
 2.473966e+01 -5.063405e-01 
 2.473998e+01 -4.908901e-01 
 2.474030e+01 -4.669767e-01 
 2.474063e+01 -4.349676e-01 
 2.474095e+01 -3.977408e-01 
 2.474127e+01 -3.581821e-01 
 2.474160e+01 -3.157630e-01 
 2.474192e+01 -2.742202e-01 
 2.474224e+01 -2.324619e-01 
 2.474256e+01 -1.900540e-01 
 2.474289e+01 -1.503779e-01 
 2.474321e+01 -1.159282e-01 
 2.474353e+01 -8.734557e-02 
 2.474386e+01 -6.427417e-02 
 2.474418e+01 -5.982788e-02 
 2.474450e+01 -4.277625e-02 
 2.474483e+01 -2.978841e-02 
 2.474515e+01 -2.053387e-02 
 2.474547e+01 -3.535938e-02 
 2.474579e+01 -4.393859e-02 
 2.474612e+01 -6.124517e-02 
 2.474644e+01 -8.753728e-02 
 2.474676e+01 -1.269424e-01 
 2.474709e+01 -1.670108e-01 
 2.474741e+01 -2.097592e-01 
 2.474773e+01 -2.507252e-01 
 2.474806e+01 -3.019072e-01 
 2.474838e+01 -3.402960e-01 
 2.474870e+01 -3.602324e-01 
 2.474902e+01 -3.710857e-01 
 2.474935e+01 -3.726590e-01 
 2.474967e+01 -4.024115e-01 
 2.474999e+01 -3.882276e-01 
 2.475032e+01 -3.618509e-01 
 2.475064e+01 -3.313762e-01 
 2.475096e+01 -2.955559e-01 
 2.475129e+01 -2.534498e-01 
 2.475161e+01 -1.990873e-01 
 2.475193e+01 -1.390059e-01 
 2.475225e+01 -7.538046e-02 
 2.475258e+01 -7.815724e-03 
 2.475290e+01  6.380195e-02 
 2.475322e+01  1.372043e-01 
 2.475355e+01  2.028713e-01 
 2.475387e+01  2.477048e-01 
 2.475419e+01  2.885164e-01 
 2.475452e+01  3.271195e-01 
 2.475484e+01  3.552261e-01 
 2.475516e+01  3.591247e-01 
 2.475548e+01  3.574607e-01 
 2.475581e+01  3.481068e-01 
 2.475613e+01  3.296967e-01 
 2.475645e+01  3.056715e-01 
 2.475678e+01  2.784923e-01 
 2.475710e+01  2.502211e-01 
 2.475742e+01  2.189959e-01 
 2.475775e+01  1.838446e-01 
 2.475807e+01  1.354592e-01 
 2.475839e+01  9.488832e-02 
 2.475871e+01  6.891054e-02 
 2.475904e+01  4.561344e-02 
 2.475936e+01 -6.407380e-03 
 2.475968e+01 -2.305829e-02 
 2.476001e+01 -6.393653e-02 
 2.476033e+01 -8.185556e-02 
 2.476065e+01 -6.787858e-02 
 2.476098e+01 -4.778102e-02 
 2.476130e+01 -1.988230e-02 
 2.476162e+01  2.104310e-02 
 2.476194e+01  7.273875e-02 
 2.476227e+01  1.323613e-01 
 2.476259e+01  2.010028e-01 
 2.476291e+01  2.672136e-01 
 2.476324e+01  3.294353e-01 
 2.476356e+01  3.882766e-01 
 2.476388e+01  4.430805e-01 
 2.476421e+01  4.828495e-01 
 2.476453e+01  5.220006e-01 
 2.476485e+01  5.526751e-01 
 2.476517e+01  5.714608e-01 
 2.476550e+01  5.846083e-01 
 2.476582e+01  5.894780e-01 
 2.476614e+01  5.876798e-01 
 2.476647e+01  5.787989e-01 
 2.476679e+01  5.641109e-01 
 2.476711e+01  5.387802e-01 
 2.476743e+01  5.115332e-01 
 2.476776e+01  4.803082e-01 
 2.476808e+01  4.400583e-01 
 2.476840e+01  3.695015e-01 
 2.476873e+01  3.142764e-01 
 2.476905e+01  2.694724e-01 
 2.476937e+01  1.987094e-01 
 2.476970e+01  1.702762e-01 
 2.477002e+01  9.840918e-02 
 2.477034e+01  6.832861e-02 
 2.477066e+01  5.592137e-02 
 2.477099e+01  4.384223e-02 
 2.477131e+01  3.916831e-02 
 2.477163e+01  3.897165e-02 
 2.477196e+01  4.457544e-02 
 2.477228e+01  5.891195e-02 
 2.477260e+01  8.752720e-02 
 2.477293e+01  1.237112e-01 
 2.477325e+01  1.658457e-01 
 2.477357e+01  2.066581e-01 
 2.477389e+01  2.469621e-01 
 2.477422e+01  2.880528e-01 
 2.477454e+01  3.244844e-01 
 2.477486e+01  3.573618e-01 
 2.477519e+01  3.861506e-01 
 2.477551e+01  4.078249e-01 
 2.477583e+01  4.255842e-01 
 2.477616e+01  4.302328e-01 
 2.477648e+01  4.267925e-01 
 2.477680e+01  4.114385e-01 
 2.477712e+01  4.172948e-01 
 2.477745e+01  4.367531e-01 
 2.477777e+01  3.884971e-01 
 2.477809e+01  3.736610e-01 
 2.477842e+01  3.647165e-01 
 2.477874e+01  3.564428e-01 
 2.477906e+01  3.480648e-01 
 2.477939e+01  3.287293e-01 
 2.477971e+01  2.969574e-01 
 2.478003e+01  2.583731e-01 
 2.478035e+01  2.134512e-01 
 2.478068e+01  1.677153e-01 
 2.478100e+01  1.456875e-01 
 2.478132e+01  9.809135e-02 
 2.478165e+01  7.456432e-02 
 2.478197e+01  3.097973e-02 
 2.478229e+01  1.377456e-02 
 2.478262e+01 -8.532360e-03 
 2.478294e+01 -9.481488e-03 
 2.478326e+01 -9.952359e-03 
 2.478358e+01 -4.815393e-03 
 2.478391e+01  5.091724e-03 
 2.478423e+01  8.754558e-03 
 2.478455e+01  1.314966e-02 
 2.478488e+01  1.678117e-02 
 2.478520e+01  1.070559e-02 
 2.478552e+01  7.836409e-03 
 2.478585e+01 -2.698350e-03 
 2.478617e+01 -1.055676e-02 
 2.478649e+01 -1.737935e-02 
 2.478681e+01 -1.916155e-02 
 2.478714e+01 -2.130287e-02 
 2.478746e+01 -2.493611e-02 
 2.478778e+01 -3.047037e-02 
 2.478811e+01 -3.648616e-02 
 2.478843e+01 -4.125217e-02 
 2.478875e+01 -5.969663e-02 
 2.478908e+01 -7.806751e-02 
 2.478940e+01 -9.763957e-02 
 2.478972e+01 -9.543347e-02 
 2.479004e+01 -1.241673e-01 
 2.479037e+01 -1.356979e-01 
 2.479069e+01 -1.556374e-01 
 2.479101e+01 -1.695184e-01 
 2.479134e+01 -1.803549e-01 
 2.479166e+01 -1.969908e-01 
 2.479198e+01 -2.286541e-01 
 2.479231e+01 -2.698843e-01 
 2.479263e+01 -2.958127e-01 
 2.479295e+01 -3.119019e-01 
 2.479327e+01 -3.391349e-01 
 2.479360e+01 -3.722554e-01 
 2.479392e+01 -3.979528e-01 
 2.479424e+01 -4.296065e-01 
 2.479457e+01 -4.538055e-01 
 2.479489e+01 -4.611783e-01 
 2.479521e+01 -4.731772e-01 
 2.479553e+01 -4.807416e-01 
 2.479586e+01 -4.754545e-01 
 2.479618e+01 -4.816256e-01 
 2.479650e+01 -4.963680e-01 
 2.479683e+01 -5.027111e-01 
 2.479715e+01 -5.289592e-01 
 2.479747e+01 -5.546308e-01 
 2.479780e+01 -5.800082e-01 
 2.479812e+01 -6.067280e-01 
 2.479844e+01 -6.238984e-01 
 2.479876e+01 -6.601624e-01 
 2.479909e+01 -6.731578e-01 
 2.479941e+01 -6.745103e-01 
 2.479973e+01 -6.943755e-01 
 2.480006e+01 -7.080084e-01 
 2.480038e+01 -6.919716e-01 
 2.480070e+01 -6.979889e-01 
 2.480103e+01 -7.088030e-01 
 2.480135e+01 -6.917879e-01 
 2.480167e+01 -7.154580e-01 
 2.480199e+01 -6.762084e-01 
 2.480232e+01 -6.829097e-01 
 2.480264e+01 -6.983745e-01 
 2.480296e+01 -7.003986e-01 
 2.480329e+01 -7.022710e-01 
 2.480361e+01 -7.016800e-01 
 2.480393e+01 -7.076874e-01 
 2.480426e+01 -7.147285e-01 
 2.480458e+01 -7.176234e-01 
 2.480490e+01 -7.283931e-01 
 2.480522e+01 -7.445593e-01 
 2.480555e+01 -7.391043e-01 
 2.480587e+01 -7.546803e-01 
 2.480619e+01 -7.587029e-01 
 2.480652e+01 -7.589997e-01 
 2.480684e+01 -7.666381e-01 
 2.480716e+01 -7.653147e-01 
 2.480749e+01 -7.797450e-01 
 2.480781e+01 -7.886920e-01 
 2.480813e+01 -8.110990e-01 
 2.480845e+01 -8.367795e-01 
 2.480878e+01 -8.657426e-01 
 2.480910e+01 -8.915026e-01 
 2.480942e+01 -9.290744e-01 
 2.480975e+01 -9.532493e-01 
 2.481007e+01 -9.868242e-01 
 2.481039e+01 -1.001632e+00 
 2.481072e+01 -1.014894e+00 
 2.481104e+01 -9.970307e-01 
 2.481136e+01 -9.920463e-01 
 2.481168e+01 -9.840571e-01 
 2.481201e+01 -9.411365e-01 
 2.481233e+01 -9.252039e-01 
 2.481265e+01 -8.872688e-01 
 2.481298e+01 -8.756366e-01 
 2.481330e+01 -8.635659e-01 
 2.481362e+01 -8.589095e-01 
 2.481395e+01 -8.450740e-01 
 2.481427e+01 -8.417584e-01 
 2.481459e+01 -8.350384e-01 
 2.481491e+01 -8.292832e-01 
 2.481524e+01 -8.267300e-01 
 2.481556e+01 -8.208034e-01 
 2.481588e+01 -8.123951e-01 
 2.481621e+01 -8.189939e-01 
 2.481653e+01 -8.268335e-01 
 2.481685e+01 -8.364065e-01 
 2.481718e+01 -8.481286e-01 
 2.481750e+01 -8.652166e-01 
 2.481782e+01 -8.791620e-01 
 2.481814e+01 -9.026592e-01 
 2.481847e+01 -9.304495e-01 
 2.481879e+01 -9.416039e-01 
 2.481911e+01 -9.671051e-01 
 2.481944e+01 -9.925960e-01 
 2.481976e+01 -1.000535e+00 
 2.482008e+01 -1.023962e+00 
 2.482041e+01 -1.032050e+00 
 2.482073e+01 -1.027721e+00 
 2.482105e+01 -1.001404e+00 
 2.482137e+01 -9.707121e-01 
 2.482170e+01 -9.488466e-01 
 2.482202e+01 -9.241288e-01 
 2.482234e+01 -8.759746e-01 
 2.482267e+01 -8.582999e-01 
 2.482299e+01 -8.066003e-01 
 2.482331e+01 -7.713633e-01 
 2.482364e+01 -7.456272e-01 
 2.482396e+01 -7.252676e-01 
 2.482428e+01 -7.096404e-01 
 2.482460e+01 -7.052901e-01 
 2.482493e+01 -6.872867e-01 
 2.482525e+01 -6.647257e-01 
 2.482557e+01 -6.540719e-01 
 2.482590e+01 -6.490202e-01 
 2.482622e+01 -6.520544e-01 
 2.482654e+01 -6.528196e-01 
 2.482687e+01 -6.558408e-01 
 2.482719e+01 -6.676010e-01 
 2.482751e+01 -6.739732e-01 
 2.482783e+01 -6.823481e-01 
 2.482816e+01 -6.925039e-01 
 2.482848e+01 -7.018096e-01 
 2.482880e+01 -7.124498e-01 
 2.482913e+01 -7.188514e-01 
 2.482945e+01 -7.184750e-01 
 2.482977e+01 -7.235554e-01 
 2.483009e+01 -7.188727e-01 
 2.483042e+01 -7.188239e-01 
 2.483074e+01 -7.173799e-01 
 2.483106e+01 -7.093038e-01 
 2.483139e+01 -6.687212e-01 
 2.483171e+01 -6.308933e-01 
 2.483203e+01 -6.012290e-01 
 2.483236e+01 -5.746172e-01 
 2.483268e+01 -5.191342e-01 
 2.483300e+01 -5.013024e-01 
 2.483332e+01 -4.516062e-01 
 2.483365e+01 -4.253954e-01 
 2.483397e+01 -4.010734e-01 
 2.483429e+01 -3.923726e-01 
 2.483462e+01 -3.875847e-01 
 2.483494e+01 -3.892270e-01 
 2.483526e+01 -3.898909e-01 
 2.483559e+01 -3.931836e-01 
 2.483591e+01 -3.978519e-01 
 2.483623e+01 -4.076505e-01 
 2.483655e+01 -4.209914e-01 
 2.483688e+01 -4.351578e-01 
 2.483720e+01 -4.448785e-01 
 2.483752e+01 -4.551406e-01 
 2.483785e+01 -4.693893e-01 
 2.483817e+01 -4.836122e-01 
 2.483849e+01 -5.012763e-01 
 2.483882e+01 -5.212326e-01 
 2.483914e+01 -5.393342e-01 
 2.483946e+01 -5.468306e-01 
 2.483978e+01 -5.515380e-01 
 2.484011e+01 -5.531111e-01 
 2.484043e+01 -5.460824e-01 
 2.484075e+01 -5.287608e-01 
 2.484108e+01 -5.107040e-01 
 2.484140e+01 -4.880341e-01 
 2.484172e+01 -4.634940e-01 
 2.484205e+01 -4.167013e-01 
 2.484237e+01 -4.007556e-01 
 2.484269e+01 -3.823115e-01 
 2.484301e+01 -3.475255e-01 
 2.484334e+01 -3.311469e-01 
 2.484366e+01 -3.222238e-01 
 2.484398e+01 -2.682617e-01 
 2.484431e+01 -2.487070e-01 
 2.484463e+01 -2.438969e-01 
 2.484495e+01 -2.469011e-01 
 2.484528e+01 -2.501761e-01 
 2.484560e+01 -2.461353e-01 
 2.484592e+01 -2.531510e-01 
 2.484624e+01 -2.761099e-01 
 2.484657e+01 -3.086859e-01 
 2.484689e+01 -3.385827e-01 
 2.484721e+01 -3.706061e-01 
 2.484754e+01 -4.075876e-01 
 2.484786e+01 -4.335205e-01 
 2.484818e+01 -4.595199e-01 
 2.484851e+01 -4.873963e-01 
 2.484883e+01 -4.960554e-01 
 2.484915e+01 -5.057712e-01 
 2.484947e+01 -5.296237e-01 
 2.484980e+01 -5.462455e-01 
 2.485012e+01 -5.590076e-01 
 2.485044e+01 -5.711562e-01 
 2.485077e+01 -5.849701e-01 
 2.485109e+01 -5.932864e-01 
 2.485141e+01 -5.919437e-01 
 2.485174e+01 -5.866960e-01 
 2.485206e+01 -5.778942e-01 
 2.485238e+01 -5.539371e-01 
 2.485270e+01 -5.272978e-01 
 2.485303e+01 -5.249711e-01 
 2.485335e+01 -5.215633e-01 
 2.485367e+01 -4.969593e-01 
 2.485400e+01 -4.619133e-01 
 2.485432e+01 -4.607142e-01 
 2.485464e+01 -4.363621e-01 
 2.485497e+01 -4.253161e-01 
 2.485529e+01 -4.135502e-01 
 2.485561e+01 -4.108340e-01 
 2.485593e+01 -4.172678e-01 
 2.485626e+01 -4.259550e-01 
 2.485658e+01 -4.345354e-01 
 2.485690e+01 -4.483478e-01 
 2.485723e+01 -4.758129e-01 
 2.485755e+01 -5.133774e-01 
 2.485787e+01 -5.520863e-01 
 2.485820e+01 -5.911881e-01 
 2.485852e+01 -6.373406e-01 
 2.485884e+01 -6.820789e-01 
 2.485916e+01 -7.221444e-01 
 2.485949e+01 -7.644157e-01 
 2.485981e+01 -7.977755e-01 
 2.486013e+01 -8.235805e-01 
 2.486046e+01 -8.447702e-01 
 2.486078e+01 -8.538832e-01 
 2.486110e+01 -8.562690e-01 
 2.486143e+01 -8.635307e-01 
 2.486175e+01 -8.558482e-01 
 2.486207e+01 -8.552037e-01 
 2.486239e+01 -8.466121e-01 
 2.486272e+01 -8.315986e-01 
 2.486304e+01 -8.091233e-01 
 2.486336e+01 -7.900740e-01 
 2.486369e+01 -7.595344e-01 
 2.486401e+01 -7.564111e-01 
 2.486433e+01 -7.432549e-01 
 2.486466e+01 -7.121706e-01 
 2.486498e+01 -7.018336e-01 
 2.486530e+01 -6.993986e-01 
 2.486562e+01 -7.048160e-01 
 2.486595e+01 -6.834035e-01 
 2.486627e+01 -6.979545e-01 
 2.486659e+01 -7.184106e-01 
 2.486692e+01 -7.353115e-01 
 2.486724e+01 -7.528005e-01 
 2.486756e+01 -7.665574e-01 
 2.486788e+01 -7.907591e-01 
 2.486821e+01 -8.242012e-01 
 2.486853e+01 -8.622252e-01 
 2.486885e+01 -8.858727e-01 
 2.486918e+01 -9.190603e-01 
 2.486950e+01 -9.510954e-01 
 2.486982e+01 -9.793239e-01 
 2.487015e+01 -1.029226e+00 
 2.487047e+01 -1.074190e+00 
 2.487079e+01 -1.005812e+00 
 2.487111e+01 -9.594321e-01 
 2.487144e+01 -9.987853e-01 
 2.487176e+01 -9.772605e-01 
 2.487208e+01 -1.018206e+00 
 2.487241e+01 -9.880069e-01 
 2.487273e+01 -9.736161e-01 
 2.487305e+01 -9.366697e-01 
 2.487338e+01 -9.048540e-01 
 2.487370e+01 -8.623354e-01 
 2.487402e+01 -8.314045e-01 
 2.487434e+01 -7.945048e-01 
 2.487467e+01 -7.646775e-01 
 2.487499e+01 -7.349494e-01 
 2.487531e+01 -7.144627e-01 
 2.487564e+01 -6.740751e-01 
 2.487596e+01 -6.426778e-01 
 2.487628e+01 -6.400839e-01 
 2.487661e+01 -6.301389e-01 
 2.487693e+01 -6.347785e-01 
 2.487725e+01 -5.968584e-01 
 2.487757e+01 -6.001461e-01 
 2.487790e+01 -6.045018e-01 
 2.487822e+01 -6.182663e-01 
 2.487854e+01 -6.242856e-01 
 2.487886e+01 -6.556480e-01 
 2.487918e+01 -6.741427e-01 
 2.487950e+01 -6.901682e-01 
 2.487983e+01 -7.088768e-01 
 2.488015e+01 -7.365517e-01 
 2.488047e+01 -7.820921e-01 
 2.488079e+01 -8.290324e-01 
 2.488111e+01 -8.534558e-01 
 2.488144e+01 -8.729340e-01 
 2.488176e+01 -8.948491e-01 
 2.488208e+01 -9.102686e-01 
 2.488240e+01 -9.163441e-01 
 2.488273e+01 -9.235409e-01 
 2.488305e+01 -9.202545e-01 
 2.488337e+01 -9.081307e-01 
 2.488370e+01 -8.899997e-01 
 2.488402e+01 -8.745032e-01 
 2.488434e+01 -8.678449e-01 
 2.488467e+01 -8.645174e-01 
 2.488499e+01 -8.419174e-01 
 2.488531e+01 -7.723344e-01 
 2.488563e+01 -7.205319e-01 
 2.488596e+01 -7.191558e-01 
 2.488628e+01 -7.028113e-01 
 2.488660e+01 -6.204471e-01 
 2.488693e+01 -6.050715e-01 
 2.488725e+01 -5.860928e-01 
 2.488757e+01 -5.414361e-01 
 2.488789e+01 -5.505410e-01 
 2.488821e+01 -5.575624e-01 
 2.488854e+01 -5.255911e-01 
 2.488886e+01 -5.430201e-01 
 2.488918e+01 -5.465216e-01 
 2.488950e+01 -5.486770e-01 
 2.488982e+01 -5.587663e-01 
 2.489014e+01 -5.493484e-01 
 2.489047e+01 -5.772684e-01 
 2.489079e+01 -5.817494e-01 
 2.489111e+01 -5.684353e-01 
 2.489143e+01 -5.874561e-01 
 2.489176e+01 -6.071025e-01 
 2.489208e+01 -6.650531e-01 
 2.489240e+01 -6.716520e-01 
 2.489273e+01 -6.927676e-01 
 2.489305e+01 -7.519077e-01 
 2.489337e+01 -7.665394e-01 
 2.489369e+01 -7.735868e-01 
 2.489402e+01 -8.053378e-01 
 2.489434e+01 -8.372753e-01 
 2.489466e+01 -8.319363e-01 
 2.489499e+01 -8.419073e-01 
 2.489531e+01 -8.273917e-01 
 2.489563e+01 -8.106033e-01 
 2.489596e+01 -8.039007e-01 
 2.489628e+01 -7.947693e-01 
 2.489660e+01 -7.761861e-01 
 2.489692e+01 -7.653074e-01 
 2.489725e+01 -7.693438e-01 
 2.489757e+01 -7.550758e-01 
 2.489789e+01 -7.451525e-01 
 2.489821e+01 -6.760239e-01 
 2.489853e+01 -6.826896e-01 
 2.489885e+01 -6.272095e-01 
 2.489918e+01 -6.152691e-01 
 2.489950e+01 -5.998329e-01 
 2.489982e+01 -5.903122e-01 
 2.490014e+01 -5.801348e-01 
 2.490046e+01 -5.833053e-01 
 2.490078e+01 -6.041838e-01 
 2.490110e+01 -6.127773e-01 
 2.490143e+01 -6.411361e-01 
 2.490175e+01 -6.723420e-01 
 2.490207e+01 -6.984743e-01 
 2.490239e+01 -7.452642e-01 
 2.490271e+01 -7.827153e-01 
 2.490303e+01 -8.064741e-01 
 2.490336e+01 -8.270122e-01 
 2.490368e+01 -8.619461e-01 
 2.490400e+01 -9.084739e-01 
 2.490432e+01 -9.324792e-01 
 2.490465e+01 -9.334634e-01 
 2.490497e+01 -9.422984e-01 
 2.490529e+01 -9.908776e-01 
 2.490562e+01 -1.017525e+00 
 2.490594e+01 -1.034385e+00 
 2.490626e+01 -1.039045e+00 
 2.490659e+01 -1.063152e+00 
 2.490691e+01 -1.074347e+00 
 2.490723e+01 -1.072297e+00 
 2.490755e+01 -1.056086e+00 
 2.490788e+01 -1.053545e+00 
 2.490820e+01 -1.039641e+00 
 2.490852e+01 -1.033950e+00 
 2.490885e+01 -1.040146e+00 
 2.490917e+01 -1.028538e+00 
 2.490949e+01 -1.015718e+00 
 2.490982e+01 -1.016793e+00 
 2.491014e+01 -1.024202e+00 
 2.491046e+01 -1.017414e+00 
 2.491078e+01 -1.030264e+00 
 2.491111e+01 -1.030811e+00 
 2.491143e+01 -1.020705e+00 
 2.491175e+01 -1.020362e+00 
 2.491208e+01 -1.035574e+00 
 2.491240e+01 -1.055076e+00 
 2.491272e+01 -1.072872e+00 
 2.491305e+01 -1.093053e+00 
 2.491337e+01 -1.107928e+00 
 2.491369e+01 -1.132941e+00 
 2.491401e+01 -1.151475e+00 
 2.491434e+01 -1.171695e+00 
 2.491466e+01 -1.197786e+00 
 2.491498e+01 -1.235856e+00 
 2.491531e+01 -1.269328e+00 
 2.491563e+01 -1.305384e+00 
 2.491595e+01 -1.326097e+00 
 2.491628e+01 -1.361637e+00 
 2.491660e+01 -1.393093e+00 
 2.491692e+01 -1.402556e+00 
 2.491724e+01 -1.420453e+00 
 2.491757e+01 -1.440814e+00 
 2.491789e+01 -1.463765e+00 
 2.491821e+01 -1.481781e+00 
 2.491854e+01 -1.477096e+00 
 2.491886e+01 -1.476550e+00 
 2.491918e+01 -1.463552e+00 
 2.491951e+01 -1.417195e+00 
 2.491983e+01 -1.400156e+00 
 2.492015e+01 -1.308821e+00 
 2.492047e+01 -1.299279e+00 
 2.492080e+01 -1.295741e+00 
 2.492112e+01 -1.272135e+00 
 2.492144e+01 -1.275703e+00 
 2.492177e+01 -1.272071e+00 
 2.492209e+01 -1.264506e+00 
 2.492241e+01 -1.266739e+00 
 2.492274e+01 -1.263750e+00 
 2.492306e+01 -1.263566e+00 
 2.492338e+01 -1.234004e+00 
 2.492370e+01 -1.223744e+00 
 2.492403e+01 -1.222858e+00 
 2.492435e+01 -1.228081e+00 
 2.492467e+01 -1.234724e+00 
 2.492500e+01 -1.239236e+00 
 2.492532e+01 -1.249711e+00 
 2.492564e+01 -1.286753e+00 
 2.492597e+01 -1.324311e+00 
 2.492629e+01 -1.342256e+00 
 2.492661e+01 -1.372041e+00 
 2.492693e+01 -1.396971e+00 
 2.492726e+01 -1.425568e+00 
 2.492758e+01 -1.449514e+00 
 2.492790e+01 -1.451909e+00 
 2.492823e+01 -1.431443e+00 
 2.492855e+01 -1.427975e+00 
 2.492887e+01 -1.427782e+00 
 2.492920e+01 -1.417635e+00 
 2.492952e+01 -1.419340e+00 
 2.492984e+01 -1.424325e+00 
 2.493016e+01 -1.414564e+00 
 2.493049e+01 -1.325567e+00 
 2.493081e+01 -1.300701e+00 
 2.493113e+01 -1.292609e+00 
 2.493146e+01 -1.253644e+00 
 2.493178e+01 -1.229077e+00 
 2.493210e+01 -1.190674e+00 
 2.493242e+01 -1.165537e+00 
 2.493275e+01 -1.159561e+00 
 2.493307e+01 -1.148019e+00 
 2.493339e+01 -1.112688e+00 
 2.493372e+01 -1.118210e+00 
 2.493404e+01 -1.124176e+00 
 2.493436e+01 -1.114876e+00 
 2.493469e+01 -1.117779e+00 
 2.493501e+01 -1.124067e+00 
 2.493533e+01 -1.132322e+00 
 2.493565e+01 -1.140763e+00 
 2.493598e+01 -1.143643e+00 
 2.493630e+01 -1.154475e+00 
 2.493662e+01 -1.178449e+00 
 2.493695e+01 -1.194894e+00 
 2.493727e+01 -1.211671e+00 
 2.493759e+01 -1.222937e+00 
 2.493792e+01 -1.237199e+00 
 2.493824e+01 -1.258616e+00 
 2.493856e+01 -1.274164e+00 
 2.493888e+01 -1.279822e+00 
 2.493921e+01 -1.285438e+00 
 2.493953e+01 -1.279015e+00 
 2.493985e+01 -1.269075e+00 
 2.494018e+01 -1.253692e+00 
 2.494050e+01 -1.238151e+00 
 2.494082e+01 -1.235469e+00 
 2.494115e+01 -1.178876e+00 
 2.494147e+01 -1.156066e+00 
 2.494179e+01 -1.149893e+00 
 2.494211e+01 -1.148302e+00 
 2.494244e+01 -1.142522e+00 
 2.494276e+01 -1.136268e+00 
 2.494308e+01 -1.133541e+00 
 2.494341e+01 -1.136140e+00 
 2.494373e+01 -1.138274e+00 
 2.494405e+01 -1.133591e+00 
 2.494438e+01 -1.135852e+00 
 2.494470e+01 -1.135474e+00 
 2.494502e+01 -1.139082e+00 
 2.494534e+01 -1.150807e+00 
 2.494567e+01 -1.152955e+00 
 2.494599e+01 -1.161859e+00 
 2.494631e+01 -1.185472e+00 
 2.494664e+01 -1.207346e+00 
 2.494696e+01 -1.208430e+00 
 2.494728e+01 -1.232509e+00 
 2.494761e+01 -1.249022e+00 
 2.494793e+01 -1.259783e+00 
 2.494825e+01 -1.270573e+00 
 2.494857e+01 -1.274612e+00 
 2.494890e+01 -1.278859e+00 
 2.494922e+01 -1.279876e+00 
 2.494954e+01 -1.290494e+00 
 2.494987e+01 -1.296433e+00 
 2.495019e+01 -1.303335e+00 
 2.495051e+01 -1.311316e+00 
 2.495084e+01 -1.312963e+00 
 2.495116e+01 -1.315677e+00 
 2.495148e+01 -1.317148e+00 
 2.495180e+01 -1.300645e+00 
 2.495213e+01 -1.282579e+00 
 2.495245e+01 -1.292024e+00 
 2.495277e+01 -1.288135e+00 
 2.495310e+01 -1.288924e+00 
 2.495342e+01 -1.297243e+00 
 2.495374e+01 -1.305065e+00 
 2.495407e+01 -1.308547e+00 
 2.495439e+01 -1.318556e+00 
 2.495471e+01 -1.334474e+00 
 2.495503e+01 -1.347642e+00 
 2.495536e+01 -1.304457e+00 
 2.495568e+01 -1.327165e+00 
 2.495600e+01 -1.338945e+00 
 2.495633e+01 -1.353800e+00 
 2.495665e+01 -1.364542e+00 
 2.495697e+01 -1.383742e+00 
 2.495730e+01 -1.408308e+00 
 2.495762e+01 -1.439306e+00 
 2.495794e+01 -1.453517e+00 
 2.495826e+01 -1.464276e+00 
 2.495859e+01 -1.481552e+00 
 2.495891e+01 -1.477550e+00 
 2.495923e+01 -1.479352e+00 
 2.495956e+01 -1.490480e+00 
 2.495988e+01 -1.494541e+00 
 2.496020e+01 -1.486335e+00 
 2.496053e+01 -1.475733e+00 
 2.496085e+01 -1.460022e+00 
 2.496117e+01 -1.451501e+00 
 2.496149e+01 -1.443213e+00 
 2.496182e+01 -1.434091e+00 
 2.496214e+01 -1.426253e+00 
 2.496246e+01 -1.405632e+00 
 2.496279e+01 -1.385299e+00 
 2.496311e+01 -1.389463e+00 
 2.496343e+01 -1.390780e+00 
 2.496375e+01 -1.395688e+00 
 2.496408e+01 -1.394231e+00 
 2.496440e+01 -1.388779e+00 
 2.496472e+01 -1.387819e+00 
 2.496505e+01 -1.393069e+00 
 2.496537e+01 -1.403065e+00 
 2.496569e+01 -1.417316e+00 
 2.496602e+01 -1.429751e+00 
 2.496634e+01 -1.446555e+00 
 2.496666e+01 -1.456801e+00 
 2.496698e+01 -1.468556e+00 
 2.496731e+01 -1.478849e+00 
 2.496763e+01 -1.489684e+00 
 2.496795e+01 -1.509817e+00 
 2.496828e+01 -1.536795e+00 
 2.496860e+01 -1.555727e+00 
 2.496892e+01 -1.568096e+00 
 2.496925e+01 -1.581813e+00 
 2.496957e+01 -1.572401e+00 
 2.496989e+01 -1.580311e+00 
 2.497021e+01 -1.575163e+00 
 2.497054e+01 -1.574192e+00 
 2.497086e+01 -1.563996e+00 
 2.497118e+01 -1.546603e+00 
 2.497151e+01 -1.523849e+00 
 2.497183e+01 -1.499162e+00 
 2.497215e+01 -1.477352e+00 
 2.497248e+01 -1.454457e+00 
 2.497280e+01 -1.414356e+00 
 2.497312e+01 -1.374645e+00 
 2.497344e+01 -1.361983e+00 
 2.497377e+01 -1.287426e+00 
 2.497409e+01 -1.278453e+00 
 2.497441e+01 -1.263449e+00 
 2.497474e+01 -1.244525e+00 
 2.497506e+01 -1.231345e+00 
 2.497538e+01 -1.225610e+00 
 2.497571e+01 -1.204849e+00 
 2.497603e+01 -1.202312e+00 
 2.497635e+01 -1.215668e+00 
 2.497667e+01 -1.230606e+00 
 2.497700e+01 -1.232802e+00 
 2.497732e+01 -1.243457e+00 
 2.497764e+01 -1.256642e+00 
 2.497797e+01 -1.269792e+00 
 2.497829e+01 -1.282321e+00 
 2.497861e+01 -1.287833e+00 
 2.497894e+01 -1.270883e+00 
 2.497926e+01 -1.286856e+00 
 2.497958e+01 -1.299811e+00 
 2.497990e+01 -1.290504e+00 
 2.498023e+01 -1.278917e+00 
 2.498055e+01 -1.267430e+00 
 2.498087e+01 -1.249083e+00 
 2.498120e+01 -1.229515e+00 
 2.498152e+01 -1.215177e+00 
 2.498184e+01 -1.197484e+00 
 2.498217e+01 -1.179088e+00 
 2.498249e+01 -1.156431e+00 
 2.498281e+01 -1.129064e+00 
 2.498313e+01 -1.073404e+00 
 2.498346e+01 -1.048635e+00 
 2.498378e+01 -1.019660e+00 
 2.498410e+01 -9.895900e-01 
 2.498443e+01 -9.604395e-01 
 2.498475e+01 -9.365134e-01 
 2.498507e+01 -8.956141e-01 
 2.498540e+01 -8.815322e-01 
 2.498572e+01 -8.689175e-01 
 2.498604e+01 -8.636081e-01 
 2.498636e+01 -8.595015e-01 
 2.498669e+01 -8.573136e-01 
 2.498701e+01 -8.557067e-01 
 2.498733e+01 -8.598762e-01 
 2.498766e+01 -8.687544e-01 
 2.498798e+01 -8.834737e-01 
 2.498830e+01 -8.976825e-01 
 2.498863e+01 -9.191307e-01 
 2.498895e+01 -9.415660e-01 
 2.498927e+01 -9.639429e-01 
 2.498959e+01 -9.749955e-01 
 2.498992e+01 -9.889658e-01 
 2.499024e+01 -9.960681e-01 
 2.499056e+01 -9.997032e-01 
 2.499089e+01 -1.010665e+00 
 2.499121e+01 -1.031375e+00 
 2.499153e+01 -1.046087e+00 
 2.499186e+01 -1.045053e+00 
 2.499218e+01 -1.038662e+00 
 2.499250e+01 -1.030778e+00 
 2.499282e+01 -1.018121e+00 
 2.499315e+01 -9.919600e-01 
 2.499347e+01 -9.566750e-01 
 2.499379e+01 -9.390808e-01 
 2.499412e+01 -9.254797e-01 
 2.499444e+01 -9.103212e-01 
 2.499476e+01 -8.912288e-01 
 2.499509e+01 -8.737557e-01 
 2.499541e+01 -8.283358e-01 
 2.499573e+01 -8.191969e-01 
 2.499605e+01 -8.126203e-01 
 2.499638e+01 -8.139440e-01 
 2.499670e+01 -8.158494e-01 
 2.499702e+01 -8.156969e-01 
 2.499735e+01 -8.167288e-01 
 2.499767e+01 -8.215936e-01 
 2.499799e+01 -8.329769e-01 
 2.499832e+01 -8.477713e-01 
 2.499864e+01 -8.600035e-01 
 2.499896e+01 -8.724666e-01 
 2.499928e+01 -8.918572e-01 
 2.499961e+01 -9.150002e-01 
 2.499993e+01 -9.483005e-01 
 2.500025e+01 -9.857614e-01 
 2.500058e+01 -1.014042e+00 
 2.500090e+01 -1.033843e+00 
 2.500122e+01 -1.051765e+00 
 2.500154e+01 -1.064998e+00 
 2.500187e+01 -1.084634e+00 
 2.500219e+01 -1.103530e+00 
 2.500251e+01 -1.114155e+00 
 2.500284e+01 -1.118564e+00 
 2.500316e+01 -1.114756e+00 
 2.500348e+01 -1.109002e+00 
 2.500381e+01 -1.086905e+00 
 2.500413e+01 -1.077592e+00 
 2.500445e+01 -1.063663e+00 
 2.500477e+01 -1.030314e+00 
 2.500510e+01 -1.018810e+00 
 2.500542e+01 -1.006883e+00 
 2.500574e+01 -9.939889e-01 
 2.500607e+01 -9.792604e-01 
 2.500639e+01 -9.376706e-01 
 2.500671e+01 -9.262526e-01 
 2.500704e+01 -9.168487e-01 
 2.500736e+01 -9.025632e-01 
 2.500768e+01 -9.015882e-01 
 2.500800e+01 -9.063659e-01 
 2.500833e+01 -9.099916e-01 
 2.500865e+01 -9.182907e-01 
 2.500897e+01 -9.290115e-01 
 2.500930e+01 -9.398682e-01 
 2.500962e+01 -9.500501e-01 
 2.500994e+01 -9.627446e-01 
 2.501027e+01 -9.814716e-01 
 2.501059e+01 -1.001452e+00 
 2.501091e+01 -1.031271e+00 
 2.501123e+01 -1.064358e+00 
 2.501156e+01 -1.092687e+00 
 2.501188e+01 -1.117215e+00 
 2.501220e+01 -1.140940e+00 
 2.501253e+01 -1.168650e+00 
 2.501285e+01 -1.191149e+00 
 2.501317e+01 -1.204198e+00 
 2.501350e+01 -1.215261e+00 
 2.501382e+01 -1.226066e+00 
 2.501414e+01 -1.228144e+00 
 2.501446e+01 -1.211591e+00 
 2.501479e+01 -1.197409e+00 
 2.501511e+01 -1.182526e+00 
 2.501543e+01 -1.158518e+00 
 2.501576e+01 -1.136823e+00 
 2.501608e+01 -1.100452e+00 
 2.501640e+01 -1.086498e+00 
 2.501673e+01 -1.074753e+00 
 2.501705e+01 -1.065879e+00 
 2.501737e+01 -1.026684e+00 
 2.501769e+01 -1.014053e+00 
 2.501802e+01 -9.997968e-01 
 2.501834e+01 -9.929809e-01 
 2.501866e+01 -9.814121e-01 
 2.501899e+01 -9.791472e-01 
 2.501931e+01 -9.723644e-01 
 2.501963e+01 -9.702627e-01 
 2.501996e+01 -9.649968e-01 
 2.502028e+01 -9.699696e-01 
 2.502060e+01 -9.723465e-01 
 2.502092e+01 -9.845039e-01 
 2.502125e+01 -9.881893e-01 
 2.502157e+01 -1.014260e+00 
 2.502189e+01 -1.044973e+00 
 2.502222e+01 -1.048728e+00 
 2.502254e+01 -1.063403e+00 
 2.502286e+01 -1.084843e+00 
 2.502319e+01 -1.106020e+00 
 2.502351e+01 -1.117250e+00 
 2.502383e+01 -1.123127e+00 
 2.502415e+01 -1.125938e+00 
 2.502448e+01 -1.125697e+00 
 2.502480e+01 -1.126161e+00 
 2.502512e+01 -1.109041e+00 
 2.502545e+01 -1.096525e+00 
 2.502577e+01 -1.084153e+00 
 2.502609e+01 -1.069945e+00 
 2.502642e+01 -1.054437e+00 
 2.502674e+01 -1.016328e+00 
 2.502706e+01 -9.964497e-01 
 2.502738e+01 -9.731527e-01 
 2.502771e+01 -9.472539e-01 
 2.502803e+01 -9.220191e-01 
 2.502835e+01 -8.706583e-01 
 2.502868e+01 -8.476434e-01 
 2.502900e+01 -8.267562e-01 
 2.502932e+01 -8.096656e-01 
 2.502965e+01 -7.966260e-01 
 2.502997e+01 -7.853368e-01 
 2.503029e+01 -7.808879e-01 
 2.503061e+01 -7.832792e-01 
 2.503094e+01 -7.902308e-01 
 2.503126e+01 -7.969569e-01 
 2.503158e+01 -8.015030e-01 
 2.503191e+01 -8.055057e-01 
 2.503223e+01 -8.236787e-01 
 2.503255e+01 -8.432293e-01 
 2.503288e+01 -8.512578e-01 
 2.503320e+01 -8.585243e-01 
 2.503352e+01 -8.678992e-01 
 2.503384e+01 -8.926724e-01 
 2.503417e+01 -9.191439e-01 
 2.503449e+01 -9.387277e-01 
 2.503481e+01 -9.542953e-01 
 2.503514e+01 -9.649392e-01 
 2.503546e+01 -9.762457e-01 
 2.503578e+01 -9.862868e-01 
 2.503610e+01 -9.713966e-01 
 2.503643e+01 -9.661918e-01 
 2.503675e+01 -9.600878e-01 
 2.503707e+01 -9.506688e-01 
 2.503740e+01 -9.428565e-01 
 2.503772e+01 -9.146721e-01 
 2.503804e+01 -9.048047e-01 
 2.503837e+01 -8.941766e-01 
 2.503869e+01 -8.871227e-01 
 2.503901e+01 -8.825932e-01 
 2.503933e+01 -8.773380e-01 
 2.503966e+01 -8.718220e-01 
 2.503998e+01 -8.665535e-01 
 2.504030e+01 -8.347227e-01 
 2.504063e+01 -8.339014e-01 
 2.504095e+01 -8.345153e-01 
 2.504127e+01 -8.332833e-01 
 2.504160e+01 -8.406336e-01 
 2.504192e+01 -8.633754e-01 
 2.504224e+01 -8.783007e-01 
 2.504256e+01 -8.957350e-01 
 2.504289e+01 -9.179520e-01 
 2.504321e+01 -9.419581e-01 
 2.504353e+01 -9.660554e-01 
 2.504386e+01 -9.898771e-01 
 2.504418e+01 -1.013745e+00 
 2.504450e+01 -1.050239e+00 
 2.504483e+01 -1.085307e+00 
 2.504515e+01 -1.114616e+00 
 2.504547e+01 -1.138551e+00 
 2.504579e+01 -1.156483e+00 
 2.504612e+01 -1.173216e+00 
 2.504644e+01 -1.189989e+00 
 2.504676e+01 -1.210598e+00 
 2.504709e+01 -1.234661e+00 
 2.504741e+01 -1.256997e+00 
 2.504773e+01 -1.267693e+00 
 2.504806e+01 -1.268513e+00 
 2.504838e+01 -1.267553e+00 
 2.504870e+01 -1.252200e+00 
 2.504902e+01 -1.231160e+00 
 2.504935e+01 -1.226812e+00 
 2.504967e+01 -1.220100e+00 
 2.504999e+01 -1.211181e+00 
 2.505032e+01 -1.183830e+00 
 2.505064e+01 -1.168156e+00 
 2.505096e+01 -1.163178e+00 
 2.505129e+01 -1.156111e+00 
 2.505161e+01 -1.145672e+00 
 2.505193e+01 -1.146867e+00 
 2.505225e+01 -1.150968e+00 
 2.505258e+01 -1.157845e+00 
 2.505290e+01 -1.166159e+00 
 2.505322e+01 -1.176508e+00 
 2.505355e+01 -1.186936e+00 
 2.505387e+01 -1.197357e+00 
 2.505419e+01 -1.210694e+00 
 2.505452e+01 -1.227027e+00 
 2.505484e+01 -1.262549e+00 
 2.505516e+01 -1.300637e+00 
 2.505548e+01 -1.322972e+00 
 2.505581e+01 -1.343747e+00 
 2.505613e+01 -1.364440e+00 
 2.505645e+01 -1.390374e+00 
 2.505678e+01 -1.417974e+00 
 2.505710e+01 -1.434358e+00 
 2.505742e+01 -1.446087e+00 
 2.505775e+01 -1.451029e+00 
 2.505807e+01 -1.463549e+00 
 2.505839e+01 -1.466120e+00 
 2.505871e+01 -1.458410e+00 
 2.505904e+01 -1.448760e+00 
 2.505936e+01 -1.441017e+00 
 2.505968e+01 -1.434050e+00 
 2.506001e+01 -1.407629e+00 
 2.506033e+01 -1.386452e+00 
 2.506065e+01 -1.380494e+00 
 2.506098e+01 -1.371849e+00 
 2.506130e+01 -1.362767e+00 
 2.506162e+01 -1.352099e+00 
 2.506194e+01 -1.342348e+00 
 2.506227e+01 -1.313765e+00 
 2.506259e+01 -1.309174e+00 
 2.506291e+01 -1.307121e+00 
 2.506324e+01 -1.307198e+00 
 2.506356e+01 -1.309602e+00 
 2.506388e+01 -1.312118e+00 
 2.506421e+01 -1.301104e+00 
 2.506453e+01 -1.306857e+00 
 2.506485e+01 -1.314622e+00 
 2.506517e+01 -1.329629e+00 
 2.506550e+01 -1.349641e+00 
 2.506582e+01 -1.367120e+00 
 2.506614e+01 -1.381263e+00 
 2.506647e+01 -1.392569e+00 
 2.506679e+01 -1.406817e+00 
 2.506711e+01 -1.426164e+00 
 2.506744e+01 -1.444802e+00 
 2.506776e+01 -1.451061e+00 
 2.506808e+01 -1.451022e+00 
 2.506840e+01 -1.450217e+00 
 2.506873e+01 -1.448082e+00 
 2.506905e+01 -1.443475e+00 
 2.506937e+01 -1.439353e+00 
 2.506970e+01 -1.439372e+00 
 2.507002e+01 -1.433459e+00 
 2.507034e+01 -1.419537e+00 
 2.507067e+01 -1.389063e+00 
 2.507099e+01 -1.367814e+00 
 2.507131e+01 -1.359762e+00 
 2.507163e+01 -1.351282e+00 
 2.507196e+01 -1.342481e+00 
 2.507228e+01 -1.333030e+00 
 2.507260e+01 -1.322593e+00 
 2.507293e+01 -1.291870e+00 
 2.507325e+01 -1.282844e+00 
 2.507357e+01 -1.274823e+00 
 2.507389e+01 -1.265747e+00 
 2.507422e+01 -1.257457e+00 
 2.507454e+01 -1.251100e+00 
 2.507486e+01 -1.235285e+00 
 2.507519e+01 -1.237007e+00 
 2.507551e+01 -1.239355e+00 
 2.507583e+01 -1.242094e+00 
 2.507616e+01 -1.242937e+00 
 2.507648e+01 -1.247802e+00 
 2.507680e+01 -1.260259e+00 
 2.507712e+01 -1.272082e+00 
 2.507745e+01 -1.279093e+00 
 2.507777e+01 -1.280797e+00 
 2.507809e+01 -1.282024e+00 
 2.507842e+01 -1.281541e+00 
 2.507874e+01 -1.278777e+00 
 2.507906e+01 -1.274717e+00 
 2.507939e+01 -1.271144e+00 
 2.507971e+01 -1.266003e+00 
 2.508003e+01 -1.258606e+00 
 2.508035e+01 -1.252638e+00 
 2.508068e+01 -1.248516e+00 
 2.508100e+01 -1.203771e+00 
 2.508132e+01 -1.191589e+00 
 2.508165e+01 -1.180312e+00 
 2.508197e+01 -1.173633e+00 
 2.508229e+01 -1.171023e+00 
 2.508262e+01 -1.169205e+00 
 2.508294e+01 -1.167073e+00 
 2.508326e+01 -1.163492e+00 
 2.508358e+01 -1.159814e+00 
 2.508391e+01 -1.156574e+00 
 2.508423e+01 -1.151743e+00 
 2.508455e+01 -1.143057e+00 
 2.508488e+01 -1.128181e+00 
 2.508520e+01 -1.125782e+00 
 2.508552e+01 -1.125731e+00 
 2.508585e+01 -1.126887e+00 
 2.508617e+01 -1.124594e+00 
 2.508649e+01 -1.126614e+00 
 2.508681e+01 -1.133236e+00 
 2.508714e+01 -1.137979e+00 
 2.508746e+01 -1.151303e+00 
 2.508778e+01 -1.172840e+00 
 2.508811e+01 -1.147343e+00 
 2.508843e+01 -1.165063e+00 
 2.508875e+01 -1.177877e+00 
 2.508908e+01 -1.184081e+00 
 2.508940e+01 -1.188698e+00 
 2.508972e+01 -1.191422e+00 
 2.509004e+01 -1.189862e+00 
 2.509037e+01 -1.187133e+00 
 2.509069e+01 -1.184387e+00 
 2.509101e+01 -1.168449e+00 
 2.509134e+01 -1.169896e+00 
 2.509166e+01 -1.170437e+00 
 2.509198e+01 -1.148324e+00 
 2.509231e+01 -1.148662e+00 
 2.509263e+01 -1.149381e+00 
 2.509295e+01 -1.150764e+00 
 2.509327e+01 -1.152062e+00 
 2.509360e+01 -1.153069e+00 
 2.509392e+01 -1.153387e+00 
 2.509424e+01 -1.154018e+00 
 2.509457e+01 -1.154412e+00 
 2.509489e+01 -1.157099e+00 
 2.509521e+01 -1.162834e+00 
 2.509554e+01 -1.170110e+00 
 2.509586e+01 -1.177368e+00 
 2.509618e+01 -1.183549e+00 
 2.509650e+01 -1.189505e+00 
 2.509683e+01 -1.196155e+00 
 2.509715e+01 -1.205480e+00 
 2.509747e+01 -1.217759e+00 
 2.509780e+01 -1.232344e+00 
 2.509812e+01 -1.249740e+00 
 2.509844e+01 -1.269387e+00 
 2.509877e+01 -1.287145e+00 
 2.509909e+01 -1.297248e+00 
 2.509941e+01 -1.307166e+00 
 2.509973e+01 -1.318698e+00 
 2.510006e+01 -1.332992e+00 
 2.510038e+01 -1.345647e+00 
 2.510070e+01 -1.353677e+00 
 2.510103e+01 -1.359798e+00 
 2.510135e+01 -1.353523e+00 
 2.510167e+01 -1.356129e+00 
 2.510200e+01 -1.355047e+00 
 2.510232e+01 -1.349981e+00 
 2.510264e+01 -1.341685e+00 
 2.510296e+01 -1.331222e+00 
 2.510329e+01 -1.301330e+00 
 2.510361e+01 -1.293687e+00 
 2.510393e+01 -1.289333e+00 
 2.510426e+01 -1.287084e+00 
 2.510458e+01 -1.287601e+00 
 2.510490e+01 -1.291590e+00 
 2.510523e+01 -1.299105e+00 
 2.510555e+01 -1.307409e+00 
 2.510587e+01 -1.318288e+00 
 2.510619e+01 -1.332333e+00 
 2.510652e+01 -1.299295e+00 
 2.510684e+01 -1.299438e+00 
 2.510716e+01 -1.298655e+00 
 2.510749e+01 -1.297726e+00 
 2.510781e+01 -1.295651e+00 
 2.510813e+01 -1.293543e+00 
 2.510846e+01 -1.291763e+00 
 2.510878e+01 -1.298481e+00 
 2.510910e+01 -1.307047e+00 
 2.510942e+01 -1.297292e+00 
 2.510975e+01 -1.304268e+00 
 2.511007e+01 -1.308111e+00 
 2.511039e+01 -1.311705e+00 
 2.511072e+01 -1.310982e+00 
 2.511104e+01 -1.307433e+00 
 2.511136e+01 -1.303131e+00 
 2.511168e+01 -1.299894e+00 
 2.511201e+01 -1.295772e+00 
 2.511233e+01 -1.288867e+00 
 2.511265e+01 -1.279835e+00 
 2.511298e+01 -1.270650e+00 
 2.511330e+01 -1.264059e+00 
 2.511362e+01 -1.237957e+00 
 2.511395e+01 -1.232806e+00 
 2.511427e+01 -1.226706e+00 
 2.511459e+01 -1.219562e+00 
 2.511491e+01 -1.212360e+00 
 2.511524e+01 -1.207479e+00 
 2.511556e+01 -1.205345e+00 
 2.511588e+01 -1.205618e+00 
 2.511621e+01 -1.207662e+00 
 2.511653e+01 -1.210544e+00 
 2.511685e+01 -1.216785e+00 
 2.511718e+01 -1.224798e+00 
 2.511750e+01 -1.233874e+00 
 2.511782e+01 -1.243715e+00 
 2.511814e+01 -1.252696e+00 
 2.511847e+01 -1.260208e+00 
 2.511879e+01 -1.268851e+00 
 2.511911e+01 -1.277260e+00 
 2.511944e+01 -1.281717e+00 
 2.511976e+01 -1.275381e+00 
 2.512008e+01 -1.280665e+00 
 2.512041e+01 -1.284162e+00 
 2.512073e+01 -1.294656e+00 
 2.512105e+01 -1.300415e+00 
 2.512137e+01 -1.299217e+00 
 2.512170e+01 -1.295341e+00 
 2.512202e+01 -1.294041e+00 
 2.512234e+01 -1.291082e+00 
 2.512267e+01 -1.285580e+00 
 2.512299e+01 -1.279493e+00 
 2.512331e+01 -1.273583e+00 
 2.512364e+01 -1.268539e+00 
 2.512396e+01 -1.266024e+00 
 2.512428e+01 -1.242652e+00 
 2.512460e+01 -1.240254e+00 
 2.512493e+01 -1.236132e+00 
 2.512525e+01 -1.230467e+00 
 2.512557e+01 -1.223425e+00 
 2.512590e+01 -1.217525e+00 
 2.512622e+01 -1.213121e+00 
 2.512654e+01 -1.211579e+00 
 2.512687e+01 -1.214089e+00 
 2.512719e+01 -1.220045e+00 
 2.512751e+01 -1.228891e+00 
 2.512783e+01 -1.237534e+00 
 2.512816e+01 -1.246238e+00 
 2.512848e+01 -1.253970e+00 
 2.512880e+01 -1.260880e+00 
 2.512913e+01 -1.267236e+00 
 2.512945e+01 -1.272684e+00 
 2.512977e+01 -1.280427e+00 
 2.513010e+01 -1.292558e+00 
 2.513042e+01 -1.305266e+00 
 2.513074e+01 -1.318923e+00 
 2.513106e+01 -1.328406e+00 
 2.513139e+01 -1.341165e+00 
 2.513171e+01 -1.344107e+00 
 2.513203e+01 -1.356547e+00 
 2.513236e+01 -1.371180e+00 
 2.513268e+01 -1.379498e+00 
 2.513300e+01 -1.374675e+00 
 2.513333e+01 -1.368124e+00 
 2.513365e+01 -1.361666e+00 
 2.513397e+01 -1.355636e+00 
 2.513429e+01 -1.348924e+00 
 2.513462e+01 -1.340851e+00 
 2.513494e+01 -1.317153e+00 
 2.513526e+01 -1.304788e+00 
 2.513559e+01 -1.279148e+00 
 2.513591e+01 -1.275791e+00 
 2.513623e+01 -1.272243e+00 
 2.513656e+01 -1.268419e+00 
 2.513688e+01 -1.263361e+00 
 2.513720e+01 -1.262140e+00 
 2.513752e+01 -1.264430e+00 
 2.513785e+01 -1.270265e+00 
 2.513817e+01 -1.277578e+00 
 2.513849e+01 -1.285917e+00 
 2.513882e+01 -1.297081e+00 
 2.513914e+01 -1.310031e+00 
 2.513946e+01 -1.325401e+00 
 2.513979e+01 -1.342627e+00 
 2.514011e+01 -1.360501e+00 
 2.514043e+01 -1.378134e+00 
 2.514075e+01 -1.398369e+00 
 2.514108e+01 -1.417694e+00 
 2.514140e+01 -1.437305e+00 
 2.514172e+01 -1.461799e+00 
 2.514205e+01 -1.486029e+00 
 2.514237e+01 -1.509382e+00 
 2.514269e+01 -1.532434e+00 
 2.514302e+01 -1.552809e+00 
 2.514334e+01 -1.567951e+00 
 2.514366e+01 -1.575517e+00 
 2.514398e+01 -1.578831e+00 
 2.514431e+01 -1.577709e+00 
 2.514463e+01 -1.575684e+00 
 2.514495e+01 -1.560783e+00 
 2.514528e+01 -1.496874e+00 
 2.514560e+01 -1.487688e+00 
 2.514592e+01 -1.475282e+00 
 2.514625e+01 -1.469275e+00 
 2.514657e+01 -1.462322e+00 
 2.514689e+01 -1.433607e+00 
 2.514721e+01 -1.429941e+00 
 2.514754e+01 -1.413975e+00 
 2.514786e+01 -1.416296e+00 
 2.514818e+01 -1.420266e+00 
 2.514851e+01 -1.424513e+00 
 2.514883e+01 -1.427661e+00 
 2.514915e+01 -1.433155e+00 
 2.514947e+01 -1.441730e+00 
 2.514980e+01 -1.453888e+00 
 2.515012e+01 -1.467168e+00 
 2.515044e+01 -1.481817e+00 
 2.515077e+01 -1.498987e+00 
 2.515109e+01 -1.515648e+00 
 2.515141e+01 -1.531545e+00 
 2.515174e+01 -1.545709e+00 
 2.515206e+01 -1.559736e+00 
 2.515238e+01 -1.575662e+00 
 2.515270e+01 -1.592665e+00 
 2.515303e+01 -1.609181e+00 
 2.515335e+01 -1.617748e+00 
 2.515367e+01 -1.627055e+00 
 2.515400e+01 -1.634034e+00 
 2.515432e+01 -1.638829e+00 
 2.515464e+01 -1.642028e+00 
 2.515497e+01 -1.641708e+00 
 2.515529e+01 -1.636925e+00 
 2.515561e+01 -1.627016e+00 
 2.515593e+01 -1.615331e+00 
 2.515626e+01 -1.601784e+00 
 2.515658e+01 -1.585280e+00 
 2.515690e+01 -1.562705e+00 
 2.515723e+01 -1.525200e+00 
 2.515755e+01 -1.481853e+00 
 2.515787e+01 -1.457497e+00 
 2.515820e+01 -1.445148e+00 
 2.515852e+01 -1.419384e+00 
 2.515884e+01 -1.409441e+00 
 2.515916e+01 -1.398844e+00 
 2.515949e+01 -1.389869e+00 
 2.515981e+01 -1.384050e+00 
 2.516013e+01 -1.380514e+00 
 2.516046e+01 -1.379051e+00 
 2.516078e+01 -1.377892e+00 
 2.516110e+01 -1.376884e+00 
 2.516143e+01 -1.376566e+00 
 2.516175e+01 -1.373206e+00 
 2.516207e+01 -1.367662e+00 
 2.516239e+01 -1.361742e+00 
 2.516272e+01 -1.357624e+00 
 2.516304e+01 -1.355549e+00 
 2.516336e+01 -1.353911e+00 
 2.516369e+01 -1.353467e+00 
 2.516401e+01 -1.355342e+00 
 2.516433e+01 -1.360464e+00 
 2.516466e+01 -1.369635e+00 
 2.516498e+01 -1.378068e+00 
 2.516530e+01 -1.381844e+00 
 2.516562e+01 -1.379948e+00 
 2.516595e+01 -1.376590e+00 
 2.516627e+01 -1.372515e+00 
 2.516659e+01 -1.365079e+00 
 2.516692e+01 -1.352417e+00 
 2.516724e+01 -1.337902e+00 
 2.516756e+01 -1.316349e+00 
 2.516789e+01 -1.284534e+00 
 2.516821e+01 -1.275995e+00 
 2.516853e+01 -1.267234e+00 
 2.516885e+01 -1.257345e+00 
 2.516918e+01 -1.247318e+00 
 2.516950e+01 -1.236474e+00 
 2.516982e+01 -1.226079e+00 
 2.517015e+01 -1.214744e+00 
 2.517047e+01 -1.201179e+00 
 2.517079e+01 -1.186738e+00 
 2.517112e+01 -1.172226e+00 
 2.517144e+01 -1.158966e+00 
 2.517176e+01 -1.143276e+00 
 2.517208e+01 -1.126669e+00 
 2.517241e+01 -1.111351e+00 
 2.517273e+01 -1.098753e+00 
 2.517305e+01 -1.087908e+00 
 2.517338e+01 -1.076860e+00 
 2.517370e+01 -1.066169e+00 
 2.517402e+01 -1.054409e+00 
 2.517435e+01 -1.042493e+00 
 2.517467e+01 -1.031420e+00 
 2.517499e+01 -1.021927e+00 
 2.517531e+01 -1.013594e+00 
 2.517564e+01 -1.007133e+00 
 2.517596e+01 -1.002102e+00 
 2.517628e+01 -9.984102e-01 
 2.517661e+01 -9.915364e-01 
 2.517693e+01 -9.710639e-01 
 2.517725e+01 -9.504539e-01 
 2.517758e+01 -9.281526e-01 
 2.517790e+01 -8.969163e-01 
 2.517822e+01 -8.774002e-01 
 2.517854e+01 -8.479536e-01 
 2.517887e+01 -8.239105e-01 
 2.517919e+01 -8.015390e-01 
 2.517951e+01 -7.780612e-01 
 2.517984e+01 -7.567767e-01 
 2.518016e+01 -7.370064e-01 
 2.518048e+01 -7.216263e-01 
 2.518081e+01 -7.079773e-01 
 2.518113e+01 -6.943268e-01 
 2.518145e+01 -6.790441e-01 
 2.518177e+01 -6.625907e-01 
 2.518210e+01 -6.435452e-01 
 2.518242e+01 -6.218967e-01 
 2.518274e+01 -5.998745e-01 
 2.518307e+01 -5.797067e-01 
 2.518339e+01 -5.629211e-01 
 2.518371e+01 -5.487462e-01 
 2.518404e+01 -5.379602e-01 
 2.518436e+01 -5.295990e-01 
 2.518468e+01 -5.230902e-01 
 2.518500e+01 -5.162741e-01 
 2.518533e+01 -5.101491e-01 
 2.518565e+01 -5.023962e-01 
 2.518597e+01 -4.928689e-01 
 2.518630e+01 -4.820073e-01 
 2.518662e+01 -4.673695e-01 
 2.518694e+01 -4.449653e-01 
 2.518726e+01 -4.197834e-01 
 2.518759e+01 -3.883663e-01 
 2.518791e+01 -3.659330e-01 
 2.518823e+01 -3.455437e-01 
 2.518856e+01 -3.278363e-01 
 2.518888e+01 -3.110723e-01 
 2.518920e+01 -2.937961e-01 
 2.518953e+01 -2.750542e-01 
 2.518985e+01 -2.561159e-01 
 2.519017e+01 -2.376409e-01 
 2.519049e+01 -2.206566e-01 
 2.519082e+01 -2.038570e-01 
 2.519114e+01 -1.867593e-01 
 2.519146e+01 -1.695845e-01 
 2.519179e+01 -1.517190e-01 
 2.519211e+01 -1.343890e-01 
 2.519243e+01 -1.186531e-01 
 2.519276e+01 -1.055955e-01 
 2.519308e+01 -9.548251e-02 
 2.519340e+01 -8.875068e-02 
 2.519372e+01 -8.410647e-02 
 2.519405e+01 -7.985352e-02 
 2.519437e+01 -7.388638e-02 
 2.519469e+01 -6.522530e-02 
 2.519502e+01 -5.420260e-02 
 2.519534e+01 -4.121933e-02 
 2.519566e+01 -2.782639e-02 
 2.519599e+01 -1.519742e-02 
 2.519631e+01 -4.227562e-03 
 2.519663e+01  4.372481e-03 
 2.519695e+01  1.325188e-02 
 2.519728e+01  2.071102e-02 
 2.519760e+01  2.710432e-02 
 2.519792e+01  3.370537e-02 
 2.519825e+01  3.997287e-02 
 2.519857e+01  4.531487e-02 
 2.519889e+01  4.982726e-02 
 2.519922e+01  5.528161e-02 
 2.519954e+01  6.267139e-02 
 2.519986e+01  7.174149e-02 
 2.520018e+01  8.055522e-02 
 2.520051e+01  8.691038e-02 
 2.520083e+01  8.903095e-02 
 2.520115e+01  1.156947e-01 
 2.520148e+01  1.098996e-01 
 2.520180e+01  1.030008e-01 
 2.520212e+01  9.668047e-02 
 2.520245e+01  8.992373e-02 
 2.520277e+01  8.041296e-02 
 2.520309e+01  6.991859e-02 
 2.520341e+01  5.731585e-02 
 2.520374e+01  4.194812e-02 
 2.520406e+01  2.440553e-02 
 2.520438e+01  5.865047e-03 
 2.520471e+01 -1.227206e-02 
 2.520503e+01 -3.032402e-02 
 2.520535e+01 -4.862036e-02 
 2.520568e+01 -6.685752e-02 
 2.520600e+01 -8.230613e-02 
 2.520632e+01 -9.643596e-02 
 2.520664e+01 -1.094234e-01 
 2.520697e+01 -1.210838e-01 
 2.520729e+01 -1.305513e-01 
 2.520761e+01 -1.392016e-01 
 2.520794e+01 -1.473542e-01 
 2.520826e+01 -1.565680e-01 
 2.520858e+01 -1.679863e-01 
 2.520891e+01 -1.815222e-01 
 2.520923e+01 -1.972254e-01 
 2.520955e+01 -2.139460e-01 
 2.520987e+01 -2.295789e-01 
 2.521020e+01 -2.458153e-01 
 2.521052e+01 -2.628117e-01 
 2.521084e+01 -2.801076e-01 
 2.521117e+01 -2.971886e-01 
 2.521149e+01 -3.133267e-01 
 2.521181e+01 -3.281957e-01 
 2.521214e+01 -3.428016e-01 
 2.521246e+01 -3.582496e-01 
 2.521278e+01 -3.758230e-01 
 2.521310e+01 -3.958459e-01 
 2.521343e+01 -4.179105e-01 
 2.521375e+01 -4.426453e-01 
 2.521407e+01 -4.685073e-01 
 2.521440e+01 -4.945075e-01 
 2.521472e+01 -5.192664e-01 
 2.521504e+01 -5.430788e-01 
 2.521537e+01 -5.667221e-01 
 2.521569e+01 -5.910097e-01 
 2.521601e+01 -6.170362e-01 
 2.521633e+01 -6.439208e-01 
 2.521666e+01 -6.712815e-01 
 2.521698e+01 -6.989400e-01 
 2.521730e+01 -7.246907e-01 
 2.521763e+01 -7.485991e-01 
 2.521795e+01 -7.708510e-01 
 2.521827e+01 -7.924548e-01 
 2.521860e+01 -8.141625e-01 
 2.521892e+01 -8.363383e-01 
 2.521924e+01 -8.592982e-01 
 2.521956e+01 -8.818162e-01 
 2.521989e+01 -9.026909e-01 
 2.522021e+01 -9.202034e-01 
 2.522053e+01 -9.324157e-01 
 2.522086e+01 -9.430973e-01 
 2.522118e+01 -9.550791e-01 
 2.522150e+01 -9.686223e-01 
 2.522182e+01 -9.841198e-01 
 2.522215e+01 -9.998941e-01 
 2.522247e+01 -1.014258e+00 
 2.522279e+01 -1.027754e+00 
 2.522312e+01 -1.041209e+00 
 2.522344e+01 -1.055007e+00 
 2.522376e+01 -1.063838e+00 
 2.522409e+01 -1.077241e+00 
 2.522441e+01 -1.090680e+00 
 2.522473e+01 -1.104900e+00 
 2.522505e+01 -1.117058e+00 
 2.522538e+01 -1.130330e+00 
 2.522570e+01 -1.143868e+00 
 2.522602e+01 -1.156792e+00 
 2.522635e+01 -1.172011e+00 
 2.522667e+01 -1.189223e+00 
 2.522699e+01 -1.208627e+00 
 2.522732e+01 -1.232726e+00 
 2.522764e+01 -1.258235e+00 
 2.522796e+01 -1.286007e+00 
 2.522828e+01 -1.312307e+00 
 2.522861e+01 -1.331937e+00 
 2.522893e+01 -1.348222e+00 
 2.522925e+01 -1.360548e+00 
 2.522958e+01 -1.370748e+00 
 2.522990e+01 -1.378666e+00 
 2.523022e+01 -1.368678e+00 
 2.523055e+01 -1.350518e+00 
 2.523087e+01 -1.353669e+00 
 2.523119e+01 -1.354592e+00 
 2.523151e+01 -1.355522e+00 
 2.523184e+01 -1.361036e+00 
 2.523216e+01 -1.367002e+00 
 2.523248e+01 -1.374207e+00 
 2.523281e+01 -1.381757e+00 
 2.523313e+01 -1.390617e+00 
 2.523345e+01 -1.400600e+00 
 2.523378e+01 -1.410298e+00 
 2.523410e+01 -1.375992e+00 
 2.523442e+01 -1.381105e+00 
 2.523474e+01 -1.376450e+00 
 2.523507e+01 -1.373897e+00 
 2.523539e+01 -1.364490e+00 
 2.523571e+01 -1.358111e+00 
 2.523604e+01 -1.351792e+00 
 2.523636e+01 -1.345203e+00 
 2.523668e+01 -1.341152e+00 
 2.523701e+01 -1.339641e+00 
 2.523733e+01 -1.338158e+00 
 2.523765e+01 -1.334852e+00 
 2.523797e+01 -1.328144e+00 
 2.523830e+01 -1.325847e+00 
 2.523862e+01 -1.320295e+00 
 2.523894e+01 -1.317892e+00 
 2.523927e+01 -1.315694e+00 
 2.523959e+01 -1.297919e+00 
 2.523991e+01 -1.284451e+00 
 2.524024e+01 -1.269494e+00 
 2.524056e+01 -1.230716e+00 
 2.524088e+01 -1.213310e+00 
 2.524120e+01 -1.193484e+00 
 2.524153e+01 -1.174304e+00 
 2.524185e+01 -1.159547e+00 
 2.524217e+01 -1.145757e+00 
 2.524250e+01 -1.130845e+00 
 2.524282e+01 -1.113564e+00 
 2.524314e+01 -1.096165e+00 
 2.524347e+01 -1.080030e+00 
 2.524379e+01 -1.065424e+00 
 2.524411e+01 -1.052672e+00 
 2.524443e+01 -1.041364e+00 
 2.524476e+01 -1.030995e+00 
 2.524508e+01 -1.021594e+00 
 2.524540e+01 -1.012901e+00 
 2.524573e+01 -1.005167e+00 
 2.524605e+01 -9.962491e-01 
 2.524637e+01 -9.860378e-01 
 2.524670e+01 -9.770033e-01 
 2.524702e+01 -9.707141e-01 
 2.524734e+01 -9.646933e-01 
 2.524766e+01 -9.569071e-01 
 2.524799e+01 -9.479255e-01 
 2.524831e+01 -9.376581e-01 
 2.524863e+01 -9.261426e-01 
 2.524896e+01 -9.138156e-01 
 2.524928e+01 -9.020243e-01 
 2.524960e+01 -8.897364e-01 
 2.524993e+01 -8.780555e-01 
 2.525025e+01 -8.672285e-01 
 2.525057e+01 -8.569666e-01 
 2.525089e+01 -8.466807e-01 
 2.525122e+01 -8.359950e-01 
 2.525154e+01 -8.254119e-01 
 2.525186e+01 -8.169485e-01 
 2.525219e+01 -8.093950e-01 
 2.525251e+01 -8.028650e-01 
 2.525283e+01 -7.955397e-01 
 2.525316e+01 -7.888680e-01 
 2.525348e+01 -7.792025e-01 
 2.525380e+01 -7.730554e-01 
 2.525412e+01 -7.676902e-01 
 2.525445e+01 -7.639896e-01 
 2.525477e+01 -7.622185e-01 
 2.525509e+01 -7.613781e-01 
 2.525542e+01 -7.616814e-01 
 2.525574e+01 -7.649002e-01 
 2.525606e+01 -7.686328e-01 
 2.525639e+01 -7.729564e-01 
 2.525671e+01 -7.808451e-01 
 2.525703e+01 -7.921388e-01 
 2.525735e+01 -8.011499e-01 
 2.525768e+01 -8.156186e-01 
 2.525800e+01 -8.235639e-01 
 2.525832e+01 -8.368548e-01 
 2.525865e+01 -8.428988e-01 
 2.525897e+01 -8.537146e-01 
 2.525929e+01 -8.648347e-01 
 2.525961e+01 -8.754751e-01 
 2.525994e+01 -8.862707e-01 
 2.526026e+01 -8.976036e-01 
 2.526058e+01 -9.084770e-01 
 2.526091e+01 -9.189766e-01 
 2.526123e+01 -9.290359e-01 
 2.526155e+01 -9.394793e-01 
 2.526188e+01 -9.466244e-01 
 2.526220e+01 -9.594403e-01 
 2.526252e+01 -9.731525e-01 
 2.526284e+01 -9.846630e-01 
 2.526317e+01 -9.867518e-01 
 2.526349e+01 -9.928495e-01 
 2.526381e+01 -9.979922e-01 
 2.526414e+01 -9.979271e-01 
 2.526446e+01 -1.003286e+00 
 2.526478e+01 -1.010305e+00 
 2.526511e+01 -1.018967e+00 
 2.526543e+01 -1.028792e+00 
 2.526575e+01 -1.041374e+00 
 2.526607e+01 -1.055184e+00 
 2.526640e+01 -1.069881e+00 
 2.526672e+01 -1.085613e+00 
 2.526704e+01 -1.100972e+00 
 2.526737e+01 -1.118511e+00 
 2.526769e+01 -1.135133e+00 
 2.526801e+01 -1.150260e+00 
 2.526834e+01 -1.162088e+00 
 2.526866e+01 -1.175734e+00 
 2.526898e+01 -1.189660e+00 
 2.526930e+01 -1.204951e+00 
 2.526963e+01 -1.221910e+00 
 2.526995e+01 -1.242616e+00 
 2.527027e+01 -1.269217e+00 
 2.527060e+01 -1.296825e+00 
 2.527092e+01 -1.324057e+00 
 2.527124e+01 -1.345271e+00 
 2.527157e+01 -1.362858e+00 
 2.527189e+01 -1.378920e+00 
 2.527221e+01 -1.392625e+00 
 2.527253e+01 -1.402584e+00 
 2.527286e+01 -1.409350e+00 
 2.527318e+01 -1.413761e+00 
 2.527350e+01 -1.414866e+00 
 2.527383e+01 -1.416288e+00 
 2.527415e+01 -1.417816e+00 
 2.527447e+01 -1.420428e+00 
 2.527480e+01 -1.424856e+00 
 2.527512e+01 -1.408816e+00 
 2.527544e+01 -1.416085e+00 
 2.527576e+01 -1.423564e+00 
 2.527609e+01 -1.430575e+00 
 2.527641e+01 -1.436791e+00 
 2.527673e+01 -1.442560e+00 
 2.527706e+01 -1.448669e+00 
 2.527738e+01 -1.455409e+00 
 2.527770e+01 -1.462899e+00 
 2.527803e+01 -1.473419e+00 
 2.527835e+01 -1.434080e+00 
 2.527867e+01 -1.446826e+00 
 2.527899e+01 -1.466389e+00 
 2.527932e+01 -1.485519e+00 
 2.527964e+01 -1.502491e+00 
 2.527996e+01 -1.518634e+00 
 2.528029e+01 -1.528183e+00 
 2.528061e+01 -1.533418e+00 
 2.528093e+01 -1.536247e+00 
 2.528126e+01 -1.536070e+00 
 2.528158e+01 -1.533071e+00 
 2.528190e+01 -1.528635e+00 
 2.528222e+01 -1.523361e+00 
 2.528255e+01 -1.517458e+00 
 2.528287e+01 -1.510853e+00 
 2.528319e+01 -1.503659e+00 
 2.528352e+01 -1.494745e+00 
 2.528384e+01 -1.484319e+00 
 2.528416e+01 -1.473791e+00 
 2.528449e+01 -1.462982e+00 
 2.528481e+01 -1.452498e+00 
 2.528513e+01 -1.435260e+00 
 2.528545e+01 -1.403414e+00 
 2.528578e+01 -1.376534e+00 
 2.528610e+01 -1.364361e+00 
 2.528642e+01 -1.329726e+00 
 2.528675e+01 -1.316943e+00 
 2.528707e+01 -1.304166e+00 
 2.528739e+01 -1.294347e+00 
 2.528772e+01 -1.288273e+00 
 2.528804e+01 -1.286265e+00 
 2.528836e+01 -1.287586e+00 
 2.528868e+01 -1.290744e+00 
 2.528901e+01 -1.293171e+00 
 2.528933e+01 -1.293945e+00 
 2.528965e+01 -1.293557e+00 
 2.528998e+01 -1.291811e+00 
 2.529030e+01 -1.287783e+00 
 2.529062e+01 -1.283071e+00 
 2.529095e+01 -1.278752e+00 
 2.529127e+01 -1.274351e+00 
 2.529159e+01 -1.270646e+00 
 2.529191e+01 -1.271563e+00 
 2.529224e+01 -1.274983e+00 
 2.529256e+01 -1.272983e+00 
 2.529288e+01 -1.275341e+00 
 2.529321e+01 -1.275574e+00 
 2.529353e+01 -1.269144e+00 
 2.529385e+01 -1.251207e+00 
 2.529417e+01 -1.236888e+00 
 2.529450e+01 -1.219680e+00 
 2.529482e+01 -1.181386e+00 
 2.529514e+01 -1.167024e+00 
 2.529547e+01 -1.149373e+00 
 2.529579e+01 -1.125386e+00 
 2.529611e+01 -1.115522e+00 
 2.529644e+01 -1.106479e+00 
 2.529676e+01 -1.098932e+00 
 2.529708e+01 -1.092444e+00 
 2.529740e+01 -1.085978e+00 
 2.529773e+01 -1.079708e+00 
 2.529805e+01 -1.072928e+00 
 2.529837e+01 -1.064499e+00 
 2.529870e+01 -1.052788e+00 
 2.529902e+01 -1.042483e+00 
 2.529934e+01 -1.033672e+00 
 2.529967e+01 -1.027308e+00 
 2.529999e+01 -1.024482e+00 
 2.530031e+01 -1.026035e+00 
 2.530063e+01 -1.030893e+00 
 2.530096e+01 -1.038261e+00 
 2.530128e+01 -1.046697e+00 
 2.530160e+01 -1.055515e+00 
 2.530193e+01 -1.063302e+00 
 2.530225e+01 -1.068908e+00 
 2.530257e+01 -1.072249e+00 
 2.530290e+01 -1.072861e+00 
 2.530322e+01 -1.072220e+00 
 2.530354e+01 -1.071626e+00 
 2.530386e+01 -1.073170e+00 
 2.530419e+01 -1.078179e+00 
 2.530451e+01 -1.085383e+00 
 2.530483e+01 -1.095004e+00 
 2.530516e+01 -1.106713e+00 
 2.530548e+01 -1.118994e+00 
 2.530580e+01 -1.130332e+00 
 2.530613e+01 -1.138724e+00 
 2.530645e+01 -1.143716e+00 
 2.530677e+01 -1.145443e+00 
 2.530709e+01 -1.142755e+00 
 2.530742e+01 -1.139782e+00 
 2.530774e+01 -1.136322e+00 
 2.530806e+01 -1.135448e+00 
 2.530839e+01 -1.136358e+00 
 2.530871e+01 -1.139105e+00 
 2.530903e+01 -1.146333e+00 
 2.530936e+01 -1.149991e+00 
 2.530968e+01 -1.159532e+00 
 2.531000e+01 -1.170488e+00 
 2.531032e+01 -1.182277e+00 
 2.531065e+01 -1.194033e+00 
 2.531097e+01 -1.204050e+00 
 2.531129e+01 -1.212879e+00 
 2.531162e+01 -1.221445e+00 
 2.531194e+01 -1.230979e+00 
 2.531226e+01 -1.242584e+00 
 2.531259e+01 -1.257414e+00 
 2.531291e+01 -1.276726e+00 
 2.531323e+01 -1.300744e+00 
 2.531355e+01 -1.326478e+00 
 2.531388e+01 -1.352879e+00 
 2.531420e+01 -1.379822e+00 
 2.531452e+01 -1.408392e+00 
 2.531485e+01 -1.436380e+00 
 2.531517e+01 -1.460329e+00 
 2.531549e+01 -1.478547e+00 
 2.531582e+01 -1.489686e+00 
 2.531614e+01 -1.496874e+00 
 2.531646e+01 -1.502277e+00 
 2.531678e+01 -1.505440e+00 
 2.531711e+01 -1.506213e+00 
 2.531743e+01 -1.507480e+00 
 2.531775e+01 -1.509990e+00 
 2.531808e+01 -1.512538e+00 
 2.531840e+01 -1.515182e+00 
 2.531872e+01 -1.503930e+00 
 2.531905e+01 -1.497580e+00 
 2.531937e+01 -1.497961e+00 
 2.531969e+01 -1.488639e+00 
 2.532001e+01 -1.483996e+00 
 2.532034e+01 -1.484271e+00 
 2.532066e+01 -1.485821e+00 
 2.532098e+01 -1.489698e+00 
 2.532131e+01 -1.497275e+00 
 2.532163e+01 -1.504996e+00 
 2.532195e+01 -1.512976e+00 
 2.532228e+01 -1.522168e+00 
 2.532260e+01 -1.529996e+00 
 2.532292e+01 -1.537739e+00 
 2.532324e+01 -1.544020e+00 
 2.532357e+01 -1.550288e+00 
 2.532389e+01 -1.554869e+00 
 2.532421e+01 -1.558584e+00 
 2.532454e+01 -1.561040e+00 
 2.532486e+01 -1.561487e+00 
 2.532518e+01 -1.558565e+00 
 2.532551e+01 -1.557484e+00 
 2.532583e+01 -1.556838e+00 
 2.532615e+01 -1.556977e+00 
 2.532647e+01 -1.556905e+00 
 2.532680e+01 -1.553921e+00 
 2.532712e+01 -1.547298e+00 
 2.532744e+01 -1.540213e+00 
 2.532777e+01 -1.533247e+00 
 2.532809e+01 -1.525713e+00 
 2.532841e+01 -1.517155e+00 
 2.532874e+01 -1.508544e+00 
 2.532906e+01 -1.499811e+00 
 2.532938e+01 -1.460051e+00 
 2.532970e+01 -1.441808e+00 
 2.533003e+01 -1.417302e+00 
 2.533035e+01 -1.397640e+00 
 2.533067e+01 -1.385956e+00 
 2.533100e+01 -1.373769e+00 
 2.533132e+01 -1.361257e+00 
 2.533164e+01 -1.347204e+00 
 2.533197e+01 -1.331202e+00 
 2.533229e+01 -1.317463e+00 
 2.533261e+01 -1.306261e+00 
 2.533293e+01 -1.296643e+00 
 2.533326e+01 -1.286820e+00 
 2.533358e+01 -1.275845e+00 
 2.533390e+01 -1.262650e+00 
 2.533423e+01 -1.242578e+00 
 2.533455e+01 -1.225824e+00 
 2.533487e+01 -1.201037e+00 
 2.533519e+01 -1.173363e+00 
 2.533552e+01 -1.153156e+00 
 2.533584e+01 -1.133337e+00 
 2.533616e+01 -1.116590e+00 
 2.533649e+01 -1.102270e+00 
 2.533681e+01 -1.089576e+00 
 2.533713e+01 -1.079429e+00 
 2.533746e+01 -1.070447e+00 
 2.533778e+01 -1.065615e+00 
 2.533810e+01 -1.062254e+00 
 2.533842e+01 -1.058217e+00 
 2.533875e+01 -1.049881e+00 
 2.533907e+01 -1.037711e+00 
 2.533939e+01 -1.026264e+00 
 2.533972e+01 -1.013320e+00 
 2.534004e+01 -1.000538e+00 
 2.534036e+01 -9.878949e-01 
 2.534069e+01 -9.761107e-01 
 2.534101e+01 -9.652682e-01 
 2.534133e+01 -9.563156e-01 
 2.534165e+01 -9.460067e-01 
 2.534198e+01 -9.321338e-01 
 2.534230e+01 -9.170515e-01 
 2.534262e+01 -9.028817e-01 
 2.534295e+01 -8.898063e-01 
 2.534327e+01 -8.737783e-01 
 2.534359e+01 -8.556565e-01 
 2.534392e+01 -8.368849e-01 
 2.534424e+01 -8.171853e-01 
 2.534456e+01 -7.975790e-01 
 2.534488e+01 -7.788656e-01 
 2.534521e+01 -7.606413e-01 
 2.534553e+01 -7.429167e-01 
 2.534585e+01 -7.267872e-01 
 2.534618e+01 -7.137090e-01 
 2.534650e+01 -7.019558e-01 
 2.534682e+01 -6.869750e-01 
 2.534715e+01 -6.680530e-01 
 2.534747e+01 -6.464400e-01 
 2.534779e+01 -6.259807e-01 
 2.534811e+01 -6.055157e-01 
 2.534844e+01 -5.852043e-01 
 2.534876e+01 -5.657499e-01 
 2.534908e+01 -5.474336e-01 
 2.534941e+01 -5.314750e-01 
 2.534973e+01 -5.173989e-01 
 2.535005e+01 -5.036974e-01 
 2.535038e+01 -4.901287e-01 
 2.535070e+01 -4.756873e-01 
 2.535102e+01 -4.609765e-01 
 2.535134e+01 -4.468462e-01 
 2.535167e+01 -4.314762e-01 
 2.535199e+01 -4.129321e-01 
 2.535231e+01 -3.934733e-01 
 2.535264e+01 -3.762889e-01 
 2.535296e+01 -3.627332e-01 
 2.535328e+01 -3.514811e-01 
 2.535361e+01 -3.427710e-01 
 2.535393e+01 -3.357999e-01 
 2.535425e+01 -3.298089e-01 
 2.535457e+01 -3.253477e-01 
 2.535490e+01 -3.219359e-01 
 2.535522e+01 -3.193266e-01 
 2.535554e+01 -3.169744e-01 
 2.535587e+01 -3.150830e-01 
 2.535619e+01 -3.147448e-01 
 2.535651e+01 -3.155440e-01 
 2.535684e+01 -3.151746e-01 
 2.535716e+01 -3.136226e-01 
 2.535748e+01 -3.129310e-01 
 2.535780e+01 -3.153140e-01 
 2.535813e+01 -3.205922e-01 
 2.535845e+01 -3.283129e-01 
 2.535877e+01 -3.375362e-01 
 2.535910e+01 -3.466359e-01 
 2.535942e+01 -3.537641e-01 
 2.535974e+01 -3.585782e-01 
 2.536007e+01 -3.615137e-01 
 2.536039e+01 -3.637958e-01 
 2.536071e+01 -3.657649e-01 
 2.536103e+01 -3.694579e-01 
 2.536136e+01 -3.759738e-01 
 2.536168e+01 -3.842091e-01 
 2.536200e+01 -3.934354e-01 
 2.536233e+01 -4.035277e-01 
 2.536265e+01 -4.157426e-01 
 2.536297e+01 -4.304229e-01 
 2.536330e+01 -4.472833e-01 
 2.536362e+01 -4.651449e-01 
 2.536394e+01 -4.816538e-01 
 2.536426e+01 -4.963205e-01 
 2.536459e+01 -5.095820e-01 
 2.536491e+01 -5.217492e-01 
 2.536523e+01 -5.350542e-01 
 2.536556e+01 -5.500516e-01 
 2.536588e+01 -5.668997e-01 
 2.536620e+01 -5.865603e-01 
 2.536653e+01 -6.089182e-01 
 2.536685e+01 -6.321551e-01 
 2.536717e+01 -6.537153e-01 
 2.536749e+01 -6.725062e-01 
 2.536782e+01 -6.903933e-01 
 2.536814e+01 -7.069613e-01 
 2.536846e+01 -7.224181e-01 
 2.536879e+01 -7.369190e-01 
 2.536911e+01 -7.500950e-01 
 2.536943e+01 -7.619528e-01 
 2.536976e+01 -7.730718e-01 
 2.537008e+01 -7.844607e-01 
 2.537040e+01 -7.970178e-01 
 2.537072e+01 -8.100833e-01 
 2.537105e+01 -8.238285e-01 
 2.537137e+01 -8.384175e-01 
 2.537169e+01 -8.534160e-01 
 2.537202e+01 -8.675393e-01 
 2.537234e+01 -8.794892e-01 
 2.537266e+01 -8.865708e-01 
 2.537298e+01 -8.853547e-01 
 2.537331e+01 -8.814852e-01 
 2.537363e+01 -8.763616e-01 
 2.537395e+01 -8.709366e-01 
 2.537428e+01 -8.647651e-01 
 2.537460e+01 -8.585059e-01 
 2.537492e+01 -8.521884e-01 
 2.537525e+01 -8.471339e-01 
 2.537557e+01 -7.898085e-01 
 2.537589e+01 -7.838851e-01 
 2.537621e+01 -7.770312e-01 
 2.537654e+01 -7.686917e-01 
 2.537686e+01 -7.586730e-01 
 2.537718e+01 -7.476165e-01 
 2.537751e+01 -7.378853e-01 
 2.537783e+01 -7.304866e-01 
 2.537815e+01 -7.258688e-01 
 2.537848e+01 -7.250344e-01 
 2.537880e+01 -7.270274e-01 
 2.537912e+01 -7.291315e-01 
 2.537944e+01 -7.296462e-01 
 2.537977e+01 -7.280013e-01 
 2.538009e+01 -7.249064e-01 
 2.538041e+01 -7.214258e-01 
 2.538074e+01 -7.185015e-01 
 2.538106e+01 -7.171056e-01 
 2.538138e+01 -7.176921e-01 
 2.538171e+01 -7.216781e-01 
 2.538203e+01 -7.281279e-01 
 2.538235e+01 -7.360016e-01 
 2.538267e+01 -7.448991e-01 
 2.538300e+01 -7.538614e-01 
 2.538332e+01 -7.634580e-01 
 2.538364e+01 -7.740610e-01 
 2.538397e+01 -7.854213e-01 
 2.538429e+01 -7.965215e-01 
 2.538461e+01 -8.058364e-01 
 2.538494e+01 -8.137590e-01 
 2.538526e+01 -8.215100e-01 
 2.538558e+01 -8.302310e-01 
 2.538590e+01 -8.404199e-01 
 2.538623e+01 -8.521549e-01 
 2.538655e+01 -8.654261e-01 
 2.538687e+01 -8.808093e-01 
 2.538720e+01 -8.961490e-01 
 2.538752e+01 -9.103343e-01 
 2.538784e+01 -9.221612e-01 
 2.538817e+01 -9.316450e-01 
 2.538849e+01 -9.392199e-01 
 2.538881e+01 -9.458107e-01 
 2.538913e+01 -9.519767e-01 
 2.538946e+01 -9.577075e-01 
 2.538978e+01 -9.628223e-01 
 2.539010e+01 -9.680308e-01 
 2.539043e+01 -9.737442e-01 
 2.539075e+01 -9.800015e-01 
 2.539107e+01 -9.862826e-01 
 2.539140e+01 -9.915500e-01 
 2.539172e+01 -9.962451e-01 
 2.539204e+01 -1.000258e+00 
 2.539236e+01 -1.002368e+00 
 2.539269e+01 -1.002412e+00 
 2.539301e+01 -1.000998e+00 
 2.539333e+01 -9.993027e-01 
 2.539366e+01 -9.985470e-01 
 2.539398e+01 -9.992749e-01 
 2.539430e+01 -1.000576e+00 
 2.539463e+01 -1.001256e+00 
 2.539495e+01 -1.000555e+00 
 2.539527e+01 -9.989322e-01 
 2.539559e+01 -9.962547e-01 
 2.539592e+01 -9.929042e-01 
 2.539624e+01 -9.873728e-01 
 2.539656e+01 -9.802678e-01 
 2.539689e+01 -9.726849e-01 
 2.539721e+01 -9.639843e-01 
 2.539753e+01 -9.548278e-01 
 2.539786e+01 -9.454105e-01 
 2.539818e+01 -9.366973e-01 
 2.539850e+01 -9.290637e-01 
 2.539882e+01 -9.213841e-01 
 2.539915e+01 -9.141788e-01 
 2.539947e+01 -9.069493e-01 
 2.539979e+01 -8.992985e-01 
 2.540012e+01 -8.907246e-01 
 2.540044e+01 -8.795139e-01 
 2.540076e+01 -8.680667e-01 
 2.540109e+01 -8.580258e-01 
 2.540141e+01 -8.481946e-01 
 2.540173e+01 -8.404277e-01 
 2.540205e+01 -8.348396e-01 
 2.540238e+01 -8.296276e-01 
 2.540270e+01 -8.227031e-01 
 2.540302e+01 -8.146949e-01 
 2.540335e+01 -8.079843e-01 
 2.540367e+01 -8.015764e-01 
 2.540399e+01 -7.950646e-01 
 2.540432e+01 -7.899665e-01 
 2.540464e+01 -7.825334e-01 
 2.540496e+01 -7.770932e-01 
 2.540528e+01 -7.709084e-01 
 2.540561e+01 -7.664484e-01 
 2.540593e+01 -7.641503e-01 
 2.540625e+01 -7.637211e-01 
 2.540658e+01 -7.665282e-01 
 2.540690e+01 -7.743014e-01 
 2.540722e+01 -7.843601e-01 
 2.540754e+01 -7.933514e-01 
 2.540787e+01 -8.009836e-01 
 2.540819e+01 -8.072458e-01 
 2.540851e+01 -8.118766e-01 
 2.540884e+01 -8.161109e-01 
 2.540916e+01 -8.211314e-01 
 2.540948e+01 -8.266454e-01 
 2.540981e+01 -8.336439e-01 
 2.541013e+01 -8.424453e-01 
 2.541045e+01 -8.526738e-01 
 2.541077e+01 -8.643385e-01 
 2.541110e+01 -8.773162e-01 
 2.541142e+01 -8.909516e-01 
 2.541174e+01 -9.053880e-01 
 2.541207e+01 -9.201123e-01 
 2.541239e+01 -9.342748e-01 
 2.541271e+01 -9.459044e-01 
 2.541304e+01 -9.548854e-01 
 2.541336e+01 -9.623743e-01 
 2.541368e+01 -9.687041e-01 
 2.541400e+01 -9.755340e-01 
 2.541433e+01 -9.823762e-01 
 2.541465e+01 -9.904682e-01 
 2.541497e+01 -9.964575e-01 
 2.541530e+01 -1.005684e+00 
 2.541562e+01 -1.015342e+00 
 2.541594e+01 -1.025570e+00 
 2.541627e+01 -1.035057e+00 
 2.541659e+01 -1.044156e+00 
 2.541691e+01 -1.052732e+00 
 2.541723e+01 -1.060659e+00 
 2.541756e+01 -1.066755e+00 
 2.541788e+01 -1.071145e+00 
 2.541820e+01 -1.075129e+00 
 2.541853e+01 -1.079351e+00 
 2.541885e+01 -1.084541e+00 
 2.541917e+01 -1.091020e+00 
 2.541950e+01 -1.098092e+00 
 2.541982e+01 -1.105940e+00 
 2.542014e+01 -1.113660e+00 
 2.542046e+01 -1.120386e+00 
 2.542079e+01 -1.124655e+00 
 2.542111e+01 -1.123216e+00 
 2.542143e+01 -1.121431e+00 
 2.542176e+01 -1.116504e+00 
 2.542208e+01 -1.113124e+00 
 2.542240e+01 -1.109154e+00 
 2.542273e+01 -1.104019e+00 
 2.542305e+01 -1.098367e+00 
 2.542337e+01 -1.092076e+00 
 2.542369e+01 -1.086006e+00 
 2.542402e+01 -1.080745e+00 
 2.542434e+01 -1.075641e+00 
 2.542466e+01 -1.070030e+00 
 2.542499e+01 -1.063612e+00 
 2.542531e+01 -1.055061e+00 
 2.542563e+01 -1.044634e+00 
 2.542596e+01 -1.032852e+00 
 2.542628e+01 -1.016231e+00 
 2.542660e+01 -1.005942e+00 
 2.542692e+01 -9.981333e-01 
 2.542725e+01 -9.931947e-01 
 2.542757e+01 -9.850562e-01 
 2.542789e+01 -9.767433e-01 
 2.542822e+01 -9.756195e-01 
 2.542854e+01 -9.689989e-01 
 2.542886e+01 -9.548386e-01 
 2.542919e+01 -9.517071e-01 
 2.542951e+01 -9.488667e-01 
 2.542983e+01 -9.439124e-01 
 2.543015e+01 -9.391899e-01 
 2.543048e+01 -9.368610e-01 
 2.543080e+01 -9.358367e-01 
 2.543112e+01 -9.359550e-01 
 2.543145e+01 -9.374186e-01 
 2.543177e+01 -9.405313e-01 
 2.543209e+01 -9.454898e-01 
 2.543242e+01 -9.511326e-01 
 2.543274e+01 -9.563968e-01 
 2.543306e+01 -9.606743e-01 
 2.543338e+01 -9.627953e-01 
 2.543371e+01 -9.628837e-01 
 2.543403e+01 -9.622069e-01 
 2.543435e+01 -9.614944e-01 
 2.543468e+01 -9.619801e-01 
 2.543500e+01 -9.645410e-01 
 2.543532e+01 -9.691231e-01 
 2.543565e+01 -9.753069e-01 
 2.543597e+01 -9.832375e-01 
 2.543629e+01 -9.923511e-01 
 2.543661e+01 -1.002160e+00 
 2.543694e+01 -1.011464e+00 
 2.543726e+01 -1.020711e+00 
 2.543758e+01 -1.029181e+00 
 2.543791e+01 -1.036636e+00 
 2.543823e+01 -1.043290e+00 
 2.543855e+01 -1.049881e+00 
 2.543888e+01 -1.057297e+00 
 2.543920e+01 -1.065739e+00 
 2.543952e+01 -1.075647e+00 
 2.543984e+01 -1.087146e+00 
 2.544017e+01 -1.099251e+00 
 2.544049e+01 -1.111143e+00 
 2.544081e+01 -1.121398e+00 
 2.544114e+01 -1.129725e+00 
 2.544146e+01 -1.135991e+00 
 2.544178e+01 -1.140115e+00 
 2.544210e+01 -1.142924e+00 
 2.544243e+01 -1.145231e+00 
 2.544275e+01 -1.146972e+00 
 2.544307e+01 -1.147915e+00 
 2.544340e+01 -1.148278e+00 
 2.544372e+01 -1.148930e+00 
 2.544404e+01 -1.149014e+00 
 2.544437e+01 -1.149486e+00 
 2.544469e+01 -1.150663e+00 
 2.544501e+01 -1.151483e+00 
 2.544533e+01 -1.150993e+00 
 2.544566e+01 -1.148760e+00 
 2.544598e+01 -1.144769e+00 
 2.544630e+01 -1.140994e+00 
 2.544663e+01 -1.136559e+00 
 2.544695e+01 -1.131971e+00 
 2.544727e+01 -1.127387e+00 
 2.544760e+01 -1.123404e+00 
 2.544792e+01 -1.120327e+00 
 2.544824e+01 -1.114541e+00 
 2.544856e+01 -1.110141e+00 
 2.544889e+01 -1.106439e+00 
 2.544921e+01 -1.102780e+00 
 2.544953e+01 -1.099259e+00 
 2.544986e+01 -1.096069e+00 
 2.545018e+01 -1.093406e+00 
 2.545050e+01 -1.090128e+00 
 2.545083e+01 -1.086568e+00 
 2.545115e+01 -1.083442e+00 
 2.545147e+01 -1.056459e+00 
 2.545179e+01 -1.050772e+00 
 2.545212e+01 -1.044290e+00 
 2.545244e+01 -1.038543e+00 
 2.545276e+01 -1.032279e+00 
 2.545309e+01 -1.025186e+00 
 2.545341e+01 -1.018659e+00 
 2.545373e+01 -1.013785e+00 
 2.545406e+01 -1.008547e+00 
 2.545438e+01 -1.003145e+00 
 2.545470e+01 -9.745313e-01 
 2.545502e+01 -9.701540e-01 
 2.545535e+01 -9.659703e-01 
 2.545567e+01 -9.621867e-01 
 2.545599e+01 -9.585560e-01 
 2.545632e+01 -9.531807e-01 
 2.545664e+01 -9.478375e-01 
 2.545696e+01 -9.434208e-01 
 2.545729e+01 -9.395841e-01 
 2.545761e+01 -9.368885e-01 
 2.545793e+01 -9.371915e-01 
 2.545825e+01 -9.396679e-01 
 2.545858e+01 -9.405703e-01 
 2.545890e+01 -9.419401e-01 
 2.545922e+01 -9.463184e-01 
 2.545955e+01 -9.526309e-01 
 2.545987e+01 -9.575299e-01 
 2.546019e+01 -9.626640e-01 
 2.546052e+01 -9.689571e-01 
 2.546084e+01 -9.768857e-01 
 2.546116e+01 -9.888000e-01 
 2.546148e+01 -1.000680e+00 
 2.546181e+01 -1.011490e+00 
 2.546213e+01 -1.023696e+00 
 2.546245e+01 -1.037258e+00 
 2.546278e+01 -1.050558e+00 
 2.546310e+01 -1.064617e+00 
 2.546342e+01 -1.078484e+00 
 2.546375e+01 -1.091076e+00 
 2.546407e+01 -1.103582e+00 
 2.546439e+01 -1.111744e+00 
 2.546471e+01 -1.121293e+00 
 2.546504e+01 -1.137846e+00 
 2.546536e+01 -1.155457e+00 
 2.546568e+01 -1.169864e+00 
 2.546601e+01 -1.181054e+00 
 2.546633e+01 -1.192725e+00 
 2.546665e+01 -1.201882e+00 
 2.546698e+01 -1.208603e+00 
 2.546730e+01 -1.212979e+00 
 2.546762e+01 -1.221341e+00 
 2.546794e+01 -1.228926e+00 
 2.546827e+01 -1.234928e+00 
 2.546859e+01 -1.240477e+00 
 2.546891e+01 -1.247411e+00 
 2.546924e+01 -1.252438e+00 
 2.546956e+01 -1.257236e+00 
 2.546988e+01 -1.261496e+00 
 2.547021e+01 -1.264768e+00 
 2.547053e+01 -1.267082e+00 
 2.547085e+01 -1.268734e+00 
 2.547117e+01 -1.269422e+00 
 2.547150e+01 -1.269453e+00 
 2.547182e+01 -1.269575e+00 
 2.547214e+01 -1.270277e+00 
 2.547247e+01 -1.270583e+00 
 2.547279e+01 -1.271581e+00 
 2.547311e+01 -1.273396e+00 
 2.547344e+01 -1.275456e+00 
 2.547376e+01 -1.277684e+00 
 2.547408e+01 -1.279739e+00 
 2.547440e+01 -1.233643e+00 
 2.547473e+01 -1.232094e+00 
 2.547505e+01 -1.228583e+00 
 2.547537e+01 -1.223193e+00 
 2.547570e+01 -1.216176e+00 
 2.547602e+01 -1.207837e+00 
 2.547634e+01 -1.198670e+00 
 2.547667e+01 -1.187038e+00 
 2.547699e+01 -1.173336e+00 
 2.547731e+01 -1.165083e+00 
 2.547763e+01 -1.157447e+00 
 2.547796e+01 -1.148906e+00 
 2.547828e+01 -1.140005e+00 
 2.547860e+01 -1.136719e+00 
 2.547893e+01 -1.133278e+00 
 2.547925e+01 -1.126416e+00 
 2.547957e+01 -1.121384e+00 
 2.547990e+01 -1.114393e+00 
 2.548022e+01 -1.106745e+00 
 2.548054e+01 -1.104418e+00 
 2.548086e+01 -1.104099e+00 
 2.548119e+01 -1.104444e+00 
 2.548151e+01 -1.105187e+00 
 2.548183e+01 -1.107479e+00 
 2.548216e+01 -1.109467e+00 
 2.548248e+01 -1.110453e+00 
 2.548280e+01 -1.110072e+00 
 2.548312e+01 -1.109075e+00 
 2.548345e+01 -1.109313e+00 
 2.548377e+01 -1.112007e+00 
 2.548409e+01 -1.109457e+00 
 2.548442e+01 -1.106474e+00 
 2.548474e+01 -1.103520e+00 
 2.548506e+01 -1.108962e+00 
 2.548539e+01 -1.113795e+00 
 2.548571e+01 -1.118001e+00 
 2.548603e+01 -1.122519e+00 
 2.548635e+01 -1.125872e+00 
 2.548668e+01 -1.128775e+00 
 2.548700e+01 -1.133203e+00 
 2.548732e+01 -1.139854e+00 
 2.548765e+01 -1.146658e+00 
 2.548797e+01 -1.152512e+00 
 2.548829e+01 -1.164001e+00 
 2.548862e+01 -1.174872e+00 
 2.548894e+01 -1.183627e+00 
 2.548926e+01 -1.190524e+00 
 2.548958e+01 -1.196674e+00 
 2.548991e+01 -1.152752e+00 
 2.549023e+01 -1.156345e+00 
 2.549055e+01 -1.160954e+00 
 2.549088e+01 -1.165504e+00 
 2.549120e+01 -1.168532e+00 
 2.549152e+01 -1.171923e+00 
 2.549185e+01 -1.177568e+00 
 2.549217e+01 -1.166285e+00 
 2.549249e+01 -1.163544e+00 
 2.549281e+01 -1.161293e+00 
 2.549314e+01 -1.158966e+00 
 2.549346e+01 -1.155190e+00 
 2.549378e+01 -1.150370e+00 
 2.549411e+01 -1.144421e+00 
 2.549443e+01 -1.137265e+00 
 2.549475e+01 -1.145225e+00 
 2.549508e+01 -1.153741e+00 
 2.549540e+01 -1.151651e+00 
 2.549572e+01 -1.148278e+00 
 2.549604e+01 -1.146633e+00 
 2.549637e+01 -1.146994e+00 
 2.549669e+01 -1.148398e+00 
 2.549701e+01 -1.149104e+00 
 2.549734e+01 -1.149224e+00 
 2.549766e+01 -1.147776e+00 
 2.549798e+01 -1.145075e+00 
 2.549831e+01 -1.139520e+00 
 2.549863e+01 -1.133291e+00 
 2.549895e+01 -1.126765e+00 
 2.549927e+01 -1.121788e+00 
 2.549960e+01 -1.061597e+00 
 2.549992e+01 -1.054554e+00 
 2.550024e+01 -1.047742e+00 
 2.550057e+01 -1.041530e+00 
 2.550089e+01 -1.034211e+00 
 2.550121e+01 -1.025969e+00 
 2.550154e+01 -1.015023e+00 
 2.550186e+01 -1.002123e+00 
 2.550218e+01 -9.898970e-01 
 2.550250e+01 -9.791800e-01 
 2.550283e+01 -9.695770e-01 
 2.550315e+01 -9.605381e-01 
 2.550347e+01 -9.497928e-01 
 2.550380e+01 -9.404318e-01 
 2.550412e+01 -9.350328e-01 
 2.550444e+01 -9.344378e-01 
 2.550477e+01 -9.328760e-01 
 2.550509e+01 -9.296575e-01 
 2.550541e+01 -9.259718e-01 
 2.550573e+01 -9.226178e-01 
 2.550606e+01 -9.194423e-01 
 2.550638e+01 -9.171491e-01 
 2.550670e+01 -9.159090e-01 
 2.550703e+01 -9.158953e-01 
 2.550735e+01 -9.176232e-01 
 2.550767e+01 -9.261609e-01 
 2.550800e+01 -9.327348e-01 
 2.550832e+01 -9.386167e-01 
 2.550864e+01 -9.446074e-01 
 2.550896e+01 -8.972923e-01 
 2.550929e+01 -9.017071e-01 
 2.550961e+01 -9.072725e-01 
 2.550993e+01 -9.139902e-01 
 2.551026e+01 -9.204847e-01 
 2.551058e+01 -9.271150e-01 
 2.551090e+01 -9.340431e-01 
 2.551123e+01 -9.421277e-01 
 2.551155e+01 -9.487381e-01 
 2.551187e+01 -9.542284e-01 
 2.551219e+01 -9.621614e-01 
 2.551252e+01 -9.709370e-01 
 2.551284e+01 -9.782194e-01 
 2.551316e+01 -9.842943e-01 
 2.551349e+01 -9.897282e-01 
 2.551381e+01 -9.928548e-01 
 2.551413e+01 -9.940066e-01 
 2.551446e+01 -9.923917e-01 
 2.551478e+01 -9.909212e-01 
 2.551510e+01 -9.909689e-01 
 2.551542e+01 -9.940560e-01 
 2.551575e+01 -1.000755e+00 
 2.551607e+01 -1.010978e+00 
 2.551639e+01 -1.023488e+00 
 2.551672e+01 -1.035109e+00 
 2.551704e+01 -1.043864e+00 
 2.551736e+01 -1.058913e+00 
 2.551768e+01 -1.071787e+00 
 2.551801e+01 -1.082991e+00 
 2.551833e+01 -1.093107e+00 
 2.551865e+01 -1.103626e+00 
 2.551898e+01 -1.108982e+00 
 2.551930e+01 -1.120797e+00 
 2.551962e+01 -1.133847e+00 
 2.551995e+01 -1.147840e+00 
 2.552027e+01 -1.161405e+00 
 2.552059e+01 -1.170164e+00 
 2.552091e+01 -1.188836e+00 
 2.552124e+01 -1.205112e+00 
 2.552156e+01 -1.218611e+00 
 2.552188e+01 -1.228893e+00 
 2.552221e+01 -1.241555e+00 
 2.552253e+01 -1.256073e+00 
 2.552285e+01 -1.269274e+00 
 2.552318e+01 -1.273752e+00 
 2.552350e+01 -1.276598e+00 
 2.552382e+01 -1.277484e+00 
 2.552414e+01 -1.257024e+00 
 2.552447e+01 -1.239949e+00 
 2.552479e+01 -1.221794e+00 
 2.552511e+01 -1.202152e+00 
 2.552544e+01 -1.180474e+00 
 2.552576e+01 -1.156901e+00 
 2.552608e+01 -1.134097e+00 
 2.552641e+01 -1.114028e+00 
 2.552673e+01 -1.095993e+00 
 2.552705e+01 -1.079395e+00 
 2.552737e+01 -1.065484e+00 
 2.552770e+01 -1.053102e+00 
 2.552802e+01 -1.042121e+00 
 2.552834e+01 -1.033013e+00 
 2.552867e+01 -1.024889e+00 
 2.552899e+01 -1.013915e+00 
 2.552931e+01 -1.004558e+00 
 2.552964e+01 -9.942989e-01 
 2.552996e+01 -9.820948e-01 
 2.553028e+01 -9.599516e-01 
 2.553060e+01 -9.484621e-01 
 2.553093e+01 -9.389417e-01 
 2.553125e+01 -9.328190e-01 
 2.553157e+01 -9.300645e-01 
 2.553190e+01 -9.276928e-01 
 2.553222e+01 -9.249355e-01 
 2.553254e+01 -9.236180e-01 
 2.553287e+01 -9.216417e-01 
 2.553319e+01 -9.196066e-01 
 2.553351e+01 -9.152691e-01 
 2.553383e+01 -9.110683e-01 
 2.553416e+01 -9.064216e-01 
 2.553448e+01 -9.023400e-01 
 2.553480e+01 -8.993929e-01 
 2.553513e+01 -9.008360e-01 
 2.553545e+01 -9.062237e-01 
 2.553577e+01 -9.132104e-01 
 2.553610e+01 -9.210963e-01 
 2.553642e+01 -9.287693e-01 
 2.553674e+01 -9.351174e-01 
 2.553706e+01 -9.369664e-01 
 2.553739e+01 -9.366819e-01 
 2.553771e+01 -9.353183e-01 
 2.553803e+01 -9.344547e-01 
 2.553836e+01 -9.350278e-01 
 2.553868e+01 -9.393104e-01 
 2.553900e+01 -9.471612e-01 
 2.553933e+01 -9.529040e-01 
 2.553965e+01 -9.594387e-01 
 2.553997e+01 -9.678987e-01 
 2.554029e+01 -9.754172e-01 
 2.554062e+01 -9.822099e-01 
 2.554094e+01 -9.875706e-01 
 2.554126e+01 -9.917144e-01 
 2.554159e+01 -9.947467e-01 
 2.554191e+01 -9.966981e-01 
 2.554223e+01 -9.974997e-01 
 2.554256e+01 -9.986231e-01 
 2.554288e+01 -1.000561e+00 
 2.554320e+01 -1.003867e+00 
 2.554352e+01 -1.006988e+00 
 2.554385e+01 -1.011021e+00 
 2.554417e+01 -1.015942e+00 
 2.554449e+01 -1.022254e+00 
 2.554482e+01 -1.030089e+00 
 2.554514e+01 -1.038615e+00 
 2.554546e+01 -1.045924e+00 
 2.554579e+01 -1.050611e+00 
 2.554611e+01 -1.053077e+00 
 2.554643e+01 -1.054898e+00 
 2.554675e+01 -1.054637e+00 
 2.554708e+01 -1.053686e+00 
 2.554740e+01 -1.052546e+00 
 2.554772e+01 -1.051921e+00 
 2.554805e+01 -1.051363e+00 
 2.554837e+01 -1.050953e+00 
 2.554869e+01 -1.051490e+00 
 2.554902e+01 -1.051598e+00 
 2.554934e+01 -1.049452e+00 
 2.554966e+01 -1.045409e+00 
 2.554998e+01 -1.037582e+00 
 2.555031e+01 -1.027661e+00 
 2.555063e+01 -1.016604e+00 
 2.555095e+01 -1.005487e+00 
 2.555128e+01 -9.951502e-01 
 2.555160e+01 -9.856624e-01 
 2.555192e+01 -9.772108e-01 
 2.555225e+01 -9.691559e-01 
 2.555257e+01 -9.609578e-01 
 2.555289e+01 -9.539197e-01 
 2.555321e+01 -9.470303e-01 
 2.555354e+01 -9.412211e-01 
 2.555386e+01 -9.364304e-01 
 2.555418e+01 -9.319820e-01 
 2.555451e+01 -9.271775e-01 
 2.555483e+01 -9.216355e-01 
 2.555515e+01 -9.157576e-01 
 2.555547e+01 -9.100532e-01 
 2.555580e+01 -9.043451e-01 
 2.555612e+01 -8.992472e-01 
 2.555644e+01 -8.932503e-01 
 2.555677e+01 -8.886314e-01 
 2.555709e+01 -8.858350e-01 
 2.555741e+01 -8.842035e-01 
 2.555774e+01 -8.836184e-01 
 2.555806e+01 -8.836512e-01 
 2.555838e+01 -8.836823e-01 
 2.555870e+01 -8.834088e-01 
 2.555903e+01 -8.697227e-01 
 2.555935e+01 -8.694446e-01 
 2.555967e+01 -8.677190e-01 
 2.556000e+01 -8.668070e-01 
 2.556032e+01 -8.681324e-01 
 2.556064e+01 -8.726387e-01 
 2.556097e+01 -8.803931e-01 
 2.556129e+01 -8.909322e-01 
 2.556161e+01 -9.028535e-01 
 2.556193e+01 -9.146634e-01 
 2.556226e+01 -9.257314e-01 
 2.556258e+01 -9.364185e-01 
 2.556290e+01 -9.516306e-01 
 2.556323e+01 -9.685542e-01 
 2.556355e+01 -9.799555e-01 
 2.556387e+01 -9.926422e-01 
 2.556420e+01 -1.007338e+00 
 2.556452e+01 -1.023887e+00 
 2.556484e+01 -1.041747e+00 
 2.556516e+01 -1.060011e+00 
 2.556549e+01 -1.077408e+00 
 2.556581e+01 -1.094267e+00 
 2.556613e+01 -1.107523e+00 
 2.556646e+01 -1.118548e+00 
 2.556678e+01 -1.127389e+00 
 2.556710e+01 -1.135770e+00 
 2.556743e+01 -1.144743e+00 
 2.556775e+01 -1.154395e+00 
 2.556807e+01 -1.164201e+00 
 2.556839e+01 -1.174191e+00 
 2.556872e+01 -1.184308e+00 
 2.556904e+01 -1.195115e+00 
 2.556936e+01 -1.204365e+00 
 2.556969e+01 -1.211591e+00 
 2.557001e+01 -1.216232e+00 
 2.557033e+01 -1.218189e+00 
 2.557066e+01 -1.218339e+00 
 2.557098e+01 -1.217330e+00 
 2.557130e+01 -1.215584e+00 
 2.557162e+01 -1.212998e+00 
 2.557195e+01 -1.209624e+00 
 2.557227e+01 -1.207916e+00 
 2.557259e+01 -1.206367e+00 
 2.557292e+01 -1.204923e+00 
 2.557324e+01 -1.202863e+00 
 2.557356e+01 -1.200080e+00 
 2.557389e+01 -1.195514e+00 
 2.557421e+01 -1.187900e+00 
 2.557453e+01 -1.176672e+00 
 2.557485e+01 -1.161757e+00 
 2.557518e+01 -1.143860e+00 
 2.557550e+01 -1.125360e+00 
 2.557582e+01 -1.105908e+00 
 2.557615e+01 -1.075914e+00 
 2.557647e+01 -1.059419e+00 
 2.557679e+01 -1.043817e+00 
 2.557712e+01 -1.029649e+00 
 2.557744e+01 -1.018832e+00 
 2.557776e+01 -1.006902e+00 
 2.557808e+01 -9.936117e-01 
 2.557841e+01 -9.783641e-01 
 2.557873e+01 -9.627589e-01 
 2.557905e+01 -9.240003e-01 
 2.557938e+01 -9.070230e-01 
 2.557970e+01 -8.885355e-01 
 2.558002e+01 -8.738559e-01 
 2.558035e+01 -8.605712e-01 
 2.558067e+01 -8.464129e-01 
 2.558099e+01 -8.380397e-01 
 2.558131e+01 -8.298456e-01 
 2.558164e+01 -8.235439e-01 
 2.558196e+01 -8.161043e-01 
 2.558228e+01 -8.134402e-01 
 2.558261e+01 -8.124818e-01 
 2.558293e+01 -8.097797e-01 
 2.558325e+01 -8.076189e-01 
 2.558358e+01 -8.065606e-01 
 2.558390e+01 -8.069323e-01 
 2.558422e+01 -8.084012e-01 
 2.558454e+01 -8.108034e-01 
 2.558487e+01 -8.141058e-01 
 2.558519e+01 -8.173798e-01 
 2.558551e+01 -8.410784e-01 
 2.558584e+01 -8.650175e-01 
 2.558616e+01 -8.895094e-01 
 2.558648e+01 -9.141675e-01 
 2.558681e+01 -9.386437e-01 
 2.558713e+01 -9.625780e-01 
 2.558745e+01 -9.471768e-01 
 2.558777e+01 -9.504829e-01 
 2.558810e+01 -9.549388e-01 
 2.558842e+01 -9.634175e-01 
 2.558874e+01 -9.861445e-01 
 2.558907e+01 -1.010200e+00 
 2.558939e+01 -1.035877e+00 
 2.558971e+01 -1.063069e+00 
 2.559004e+01 -1.090962e+00 
 2.559036e+01 -1.093095e+00 
 2.559068e+01 -1.097860e+00 
 2.559100e+01 -1.102485e+00 
 2.559133e+01 -1.080404e+00 
 2.559165e+01 -1.085979e+00 
 2.559197e+01 -1.104719e+00 
 2.559230e+01 -1.122583e+00 
 2.559262e+01 -1.140425e+00 
 2.559294e+01 -1.159771e+00 
 2.559326e+01 -1.180445e+00 
 2.559359e+01 -1.201778e+00 
 2.559391e+01 -1.223193e+00 
 2.559423e+01 -1.243962e+00 
 2.559456e+01 -1.254504e+00 
 2.559488e+01 -1.293984e+00 
 2.559520e+01 -1.336004e+00 
 2.559553e+01 -1.375269e+00 
 2.559585e+01 -1.411833e+00 
 2.559617e+01 -1.447716e+00 
 2.559649e+01 -1.458541e+00 
 2.559682e+01 -1.450862e+00 
 2.559714e+01 -1.444378e+00 
 2.559746e+01 -1.438448e+00 
 2.559779e+01 -1.431669e+00 
 2.559811e+01 -1.424626e+00 
 2.559843e+01 -1.406327e+00 
 2.559876e+01 -1.398798e+00 
 2.559908e+01 -1.379731e+00 
 2.559940e+01 -1.352930e+00 
 2.559972e+01 -1.326809e+00 
 2.560005e+01 -1.303870e+00 
 2.560037e+01 -1.285434e+00 
 2.560069e+01 -1.272208e+00 
 2.560102e+01 -1.260115e+00 
 2.560134e+01 -1.229482e+00 
 2.560166e+01 -1.216400e+00 
 2.560199e+01 -1.200971e+00 
 2.560231e+01 -1.173964e+00 
 2.560263e+01 -1.146073e+00 
 2.560295e+01 -1.115059e+00 
 2.560328e+01 -1.081596e+00 
 2.560360e+01 -1.056343e+00 
 2.560392e+01 -9.728548e-01 
 2.560425e+01 -9.564340e-01 
 2.560457e+01 -9.477974e-01 
 2.560489e+01 -9.376181e-01 
 2.560522e+01 -9.292525e-01 
 2.560554e+01 -9.044666e-01 
 2.560586e+01 -8.977777e-01 
 2.560618e+01 -8.572423e-01 
 2.560651e+01 -8.337767e-01 
 2.560683e+01 -8.297664e-01 
 2.560715e+01 -8.270333e-01 
 2.560748e+01 -8.277304e-01 
 2.560780e+01 -8.623998e-01 
 2.560812e+01 -8.973664e-01 
 2.560845e+01 -9.220339e-01 
 2.560877e+01 -9.412756e-01 
 2.560909e+01 -9.628798e-01 
 2.560941e+01 -9.856196e-01 
 2.560974e+01 -1.007580e+00 
 2.561006e+01 -1.026244e+00 
 2.561038e+01 -1.013785e+00 
 2.561071e+01 -1.022199e+00 
 2.561103e+01 -1.032560e+00 
 2.561135e+01 -1.037642e+00 
 2.561168e+01 -1.044347e+00 
 2.561200e+01 -1.055731e+00 
 2.561232e+01 -1.072449e+00 
 2.561264e+01 -1.092124e+00 
 2.561297e+01 -1.113722e+00 
 2.561329e+01 -1.135993e+00 
 2.561361e+01 -1.129865e+00 
 2.561394e+01 -1.143744e+00 
 2.561426e+01 -1.154871e+00 
 2.561458e+01 -1.159025e+00 
 2.561491e+01 -1.160006e+00 
 2.561523e+01 -1.159818e+00 
 2.561555e+01 -1.159761e+00 
 2.561587e+01 -1.163238e+00 
 2.561620e+01 -1.170549e+00 
 2.561652e+01 -1.183078e+00 
 2.561684e+01 -1.201791e+00 
 2.561717e+01 -1.224750e+00 
 2.561749e+01 -1.248564e+00 
 2.561781e+01 -1.264429e+00 
 2.561814e+01 -1.271823e+00 
 2.561846e+01 -1.275995e+00 
 2.561878e+01 -1.271775e+00 
 2.561910e+01 -1.269488e+00 
 2.561943e+01 -1.271877e+00 
 2.561975e+01 -1.274513e+00 
 2.562007e+01 -1.273368e+00 
 2.562040e+01 -1.275355e+00 
 2.562072e+01 -1.288730e+00 
 2.562104e+01 -1.300201e+00 
 2.562137e+01 -1.304548e+00 
 2.562169e+01 -1.300464e+00 
 2.562201e+01 -1.286980e+00 
 2.562233e+01 -1.277946e+00 
 2.562266e+01 -1.260472e+00 
 2.562298e+01 -1.234862e+00 
 2.562330e+01 -1.220748e+00 
 2.562363e+01 -1.202308e+00 
 2.562395e+01 -1.189919e+00 
 2.562427e+01 -1.182408e+00 
 2.562459e+01 -1.163379e+00 
 2.562492e+01 -1.157304e+00 
 2.562524e+01 -1.138289e+00 
 2.562556e+01 -1.117493e+00 
 2.562589e+01 -1.098865e+00 
 2.562621e+01 -1.069250e+00 
 2.562653e+01 -1.049819e+00 
 2.562686e+01 -1.020454e+00 
 2.562718e+01 -1.003266e+00 
 2.562750e+01 -9.758829e-01 
 2.562782e+01 -9.535648e-01 
 2.562815e+01 -9.249132e-01 
 2.562847e+01 -9.046173e-01 
 2.562879e+01 -8.826661e-01 
 2.562912e+01 -8.647154e-01 
 2.562944e+01 -8.528278e-01 
 2.562976e+01 -8.370872e-01 
 2.563009e+01 -8.288264e-01 
 2.563041e+01 -8.130418e-01 
 2.563073e+01 -8.040589e-01 
 2.563105e+01 -7.835193e-01 
 2.563138e+01 -7.715156e-01 
 2.563170e+01 -7.521807e-01 
 2.563202e+01 -7.421545e-01 
 2.563235e+01 -7.330852e-01 
 2.563267e+01 -7.331643e-01 
 2.563299e+01 -7.311400e-01 
 2.563332e+01 -7.359030e-01 
 2.563364e+01 -7.443437e-01 
 2.563396e+01 -7.553207e-01 
 2.563428e+01 -7.631733e-01 
 2.563461e+01 -7.733080e-01 
 2.563493e+01 -7.848115e-01 
 2.563525e+01 -7.958492e-01 
 2.563558e+01 -8.125140e-01 
 2.563590e+01 -7.638474e-01 
 2.563622e+01 -7.767470e-01 
 2.563655e+01 -7.907864e-01 
 2.563687e+01 -8.166360e-01 
 2.563719e+01 -8.397296e-01 
 2.563751e+01 -8.663754e-01 
 2.563784e+01 -8.916347e-01 
 2.563816e+01 -9.258445e-01 
 2.563848e+01 -9.541339e-01 
 2.563881e+01 -9.240022e-01 
 2.563913e+01 -9.460827e-01 
 2.563945e+01 -9.751456e-01 
 2.563978e+01 -1.000105e+00 
 2.564010e+01 -1.028602e+00 
 2.564042e+01 -1.049480e+00 
 2.564074e+01 -1.072639e+00 
 2.564107e+01 -1.100259e+00 
 2.564139e+01 -1.150749e+00 
 2.564171e+01 -1.195323e+00 
 2.564204e+01 -1.226364e+00 
 2.564236e+01 -1.260643e+00 
 2.564268e+01 -1.300137e+00 
 2.564301e+01 -1.341278e+00 
 2.564333e+01 -1.393868e+00 
 2.564365e+01 -1.415841e+00 
 2.564397e+01 -1.429639e+00 
 2.564430e+01 -1.450326e+00 
 2.564462e+01 -1.459872e+00 
 2.564494e+01 -1.470594e+00 
 2.564527e+01 -1.478775e+00 
 2.564559e+01 -1.470800e+00 
 2.564591e+01 -1.481082e+00 
 2.564624e+01 -1.491083e+00 
 2.564656e+01 -1.500924e+00 
 2.564688e+01 -1.501282e+00 
 2.564720e+01 -1.498608e+00 
 2.564753e+01 -1.479096e+00 
 2.564785e+01 -1.454960e+00 
 2.564817e+01 -1.432345e+00 
 2.564850e+01 -1.407849e+00 
 2.564882e+01 -1.388970e+00 
 2.564914e+01 -1.375615e+00 
 2.564947e+01 -1.364638e+00 
 2.564979e+01 -1.367209e+00 
 2.565011e+01 -1.368761e+00 
 2.565043e+01 -1.366008e+00 
 2.565076e+01 -1.361915e+00 
 2.565108e+01 -1.348636e+00 
 2.565140e+01 -1.330686e+00 
 2.565173e+01 -1.266186e+00 
 2.565205e+01 -1.238269e+00 
 2.565237e+01 -1.184719e+00 
 2.565270e+01 -1.156996e+00 
 2.565302e+01 -1.138045e+00 
 2.565334e+01 -1.126731e+00 
 2.565366e+01 -1.114578e+00 
 2.565399e+01 -1.108037e+00 
 2.565431e+01 -1.098493e+00 
 2.565463e+01 -1.093640e+00 
 2.565496e+01 -1.084923e+00 
 2.565528e+01 -1.076923e+00 
 2.565560e+01 -1.071531e+00 
 2.565593e+01 -1.060607e+00 
 2.565625e+01 -1.064372e+00 
 2.565657e+01 -1.067790e+00 
 2.565689e+01 -1.071359e+00 
 2.565722e+01 -1.079849e+00 
 2.565754e+01 -1.092241e+00 
 2.565786e+01 -1.105181e+00 
 2.565819e+01 -1.067777e+00 
 2.565851e+01 -1.038733e+00 
 2.565883e+01 -1.054656e+00 
 2.565916e+01 -1.062647e+00 
 2.565948e+01 -1.071737e+00 
 2.565980e+01 -1.073000e+00 
 2.566012e+01 -1.068424e+00 
 2.566045e+01 -1.065688e+00 
 2.566077e+01 -1.061087e+00 
 2.566109e+01 -1.064690e+00 
 2.566142e+01 -1.028777e+00 
 2.566174e+01 -1.049049e+00 
 2.566206e+01 -1.077165e+00 
 2.566239e+01 -1.108080e+00 
 2.566271e+01 -1.144495e+00 
 2.566303e+01 -1.174438e+00 
 2.566335e+01 -1.201034e+00 
 2.566368e+01 -1.212727e+00 
 2.566400e+01 -1.220625e+00 
 2.566432e+01 -1.225016e+00 
 2.566465e+01 -1.231909e+00 
 2.566497e+01 -1.175896e+00 
 2.566529e+01 -1.185803e+00 
 2.566561e+01 -1.198106e+00 
 2.566594e+01 -1.213780e+00 
 2.566626e+01 -1.225360e+00 
 2.566658e+01 -1.235604e+00 
 2.566691e+01 -1.245251e+00 
 2.566723e+01 -1.257689e+00 
 2.566755e+01 -1.270531e+00 
 2.566788e+01 -1.282836e+00 
 2.566820e+01 -1.297652e+00 
 2.566852e+01 -1.311137e+00 
 2.566884e+01 -1.326169e+00 
 2.566917e+01 -1.347564e+00 
 2.566949e+01 -1.366478e+00 
 2.566981e+01 -1.380769e+00 
 2.567014e+01 -1.393661e+00 
 2.567046e+01 -1.406443e+00 
 2.567078e+01 -1.423074e+00 
 2.567111e+01 -1.441436e+00 
 2.567143e+01 -1.414929e+00 
 2.567175e+01 -1.429911e+00 
 2.567207e+01 -1.446944e+00 
 2.567240e+01 -1.454089e+00 
 2.567272e+01 -1.453346e+00 
 2.567304e+01 -1.446702e+00 
 2.567337e+01 -1.435484e+00 
 2.567369e+01 -1.421571e+00 
 2.567401e+01 -1.410573e+00 
 2.567434e+01 -1.403165e+00 
 2.567466e+01 -1.398642e+00 
 2.567498e+01 -1.399862e+00 
 2.567530e+01 -1.401270e+00 
 2.567563e+01 -1.405482e+00 
 2.567595e+01 -1.399880e+00 
 2.567627e+01 -1.387932e+00 
 2.567660e+01 -1.366998e+00 
 2.567692e+01 -1.342259e+00 
 2.567724e+01 -1.315650e+00 
 2.567757e+01 -1.289158e+00 
 2.567789e+01 -1.264365e+00 
 2.567821e+01 -1.244211e+00 
 2.567853e+01 -1.225248e+00 
 2.567886e+01 -1.216985e+00 
 2.567918e+01 -1.205959e+00 
 2.567950e+01 -1.197512e+00 
 2.567983e+01 -1.188138e+00 
 2.568015e+01 -1.179157e+00 
 2.568047e+01 -1.171313e+00 
 2.568080e+01 -1.162612e+00 
 2.568112e+01 -1.153218e+00 
 2.568144e+01 -1.079713e+00 
 2.568176e+01 -1.067174e+00 
 2.568209e+01 -1.063565e+00 
 2.568241e+01 -1.060728e+00 
 2.568273e+01 -1.055637e+00 
 2.568306e+01 -1.050062e+00 
 2.568338e+01 -1.046280e+00 
 2.568370e+01 -1.045813e+00 
 2.568403e+01 -1.051669e+00 
 2.568435e+01 -1.011107e+00 
 2.568467e+01 -1.017174e+00 
 2.568499e+01 -1.024403e+00 
 2.568532e+01 -1.029236e+00 
 2.568564e+01 -1.030206e+00 
 2.568596e+01 -1.030219e+00 
 2.568629e+01 -1.030536e+00 
 2.568661e+01 -1.034524e+00 
 2.568693e+01 -1.045566e+00 
 2.568726e+01 -1.066989e+00 
 2.568758e+01 -1.094194e+00 
 2.568790e+01 -1.123921e+00 
 2.568822e+01 -1.151027e+00 
 2.568855e+01 -1.176820e+00 
 2.568887e+01 -1.196028e+00 
 2.568919e+01 -1.213504e+00 
 2.568952e+01 -1.225237e+00 
 2.568984e+01 -1.234595e+00 
 2.569016e+01 -1.246207e+00 
 2.569049e+01 -1.263511e+00 
 2.569081e+01 -1.290362e+00 
 2.569113e+01 -1.329860e+00 
 2.569145e+01 -1.342919e+00 
 2.569178e+01 -1.391158e+00 
 2.569210e+01 -1.435293e+00 
 2.569242e+01 -1.474402e+00 
 2.569275e+01 -1.507308e+00 
 2.569307e+01 -1.537993e+00 
 2.569339e+01 -1.567027e+00 
 2.569372e+01 -1.592628e+00 
 2.569404e+01 -1.534137e+00 
 2.569436e+01 -1.526082e+00 
 2.569468e+01 -1.540099e+00 
 2.569501e+01 -1.558244e+00 
 2.569533e+01 -1.571444e+00 
 2.569565e+01 -1.581427e+00 
 2.569598e+01 -1.588390e+00 
 2.569630e+01 -1.592346e+00 
 2.569662e+01 -1.594364e+00 
 2.569695e+01 -1.596034e+00 
 2.569727e+01 -1.600148e+00 
 2.569759e+01 -1.559186e+00 
 2.569791e+01 -1.560421e+00 
 2.569824e+01 -1.554140e+00 
 2.569856e+01 -1.546657e+00 
 2.569888e+01 -1.533261e+00 
 2.569921e+01 -1.517316e+00 
 2.569953e+01 -1.498553e+00 
 2.569985e+01 -1.482857e+00 
 2.570017e+01 -1.469916e+00 
 2.570050e+01 -1.459750e+00 
 2.570082e+01 -1.451225e+00 
 2.570114e+01 -1.448623e+00 
 2.570147e+01 -1.428037e+00 
 2.570179e+01 -1.406106e+00 
 2.570211e+01 -1.378384e+00 
 2.570244e+01 -1.349273e+00 
 2.570276e+01 -1.320235e+00 
 2.570308e+01 -1.290990e+00 
 2.570340e+01 -1.267777e+00 
 2.570373e+01 -1.247330e+00 
 2.570405e+01 -1.231559e+00 
 2.570437e+01 -1.221065e+00 
 2.570470e+01 -1.214257e+00 
 2.570502e+01 -1.199675e+00 
 2.570534e+01 -1.184578e+00 
 2.570567e+01 -1.160753e+00 
 2.570599e+01 -1.137389e+00 
 2.570631e+01 -1.111381e+00 
 2.570663e+01 -1.085130e+00 
 2.570696e+01 -1.059213e+00 
 2.570728e+01 -1.033970e+00 
 2.570760e+01 -1.002745e+00 
 2.570793e+01 -9.887670e-01 
 2.570825e+01 -9.832346e-01 
 2.570857e+01 -9.500906e-01 
 2.570890e+01 -9.363890e-01 
 2.570922e+01 -9.430059e-01 
 2.570954e+01 -9.441739e-01 
 2.570986e+01 -9.431131e-01 
 2.571019e+01 -9.455604e-01 
 2.571051e+01 -9.172870e-01 
 2.571083e+01 -9.139976e-01 
 2.571116e+01 -8.767129e-01 
 2.571148e+01 -8.737251e-01 
 2.571180e+01 -8.670628e-01 
 2.571213e+01 -8.603882e-01 
 2.571245e+01 -8.538318e-01 
 2.571277e+01 -8.533877e-01 
 2.571309e+01 -8.594093e-01 
 2.571342e+01 -8.708343e-01 
 2.571374e+01 -8.798587e-01 
 2.571406e+01 -8.945479e-01 
 2.571439e+01 -9.071044e-01 
 2.571471e+01 -9.133352e-01 
 2.571503e+01 -9.172862e-01 
 2.571536e+01 -9.183169e-01 
 2.571568e+01 -9.200910e-01 
 2.571600e+01 -9.255236e-01 
 2.571632e+01 -9.366920e-01 
 2.571665e+01 -9.560923e-01 
 2.571697e+01 -9.818831e-01 
 2.571729e+01 -1.006047e+00 
 2.571762e+01 -1.029834e+00 
 2.571794e+01 -1.051298e+00 
 2.571826e+01 -1.068367e+00 
 2.571859e+01 -1.080632e+00 
 2.571891e+01 -1.088613e+00 
 2.571923e+01 -1.095179e+00 
 2.571955e+01 -1.108548e+00 
 2.571988e+01 -1.128101e+00 
 2.572020e+01 -1.148616e+00 
 2.572052e+01 -1.185993e+00 
 2.572085e+01 -1.241711e+00 
 2.572117e+01 -1.272394e+00 
 2.572149e+01 -1.288792e+00 
 2.572182e+01 -1.307090e+00 
 2.572214e+01 -1.322678e+00 
 2.572246e+01 -1.332718e+00 
 2.572278e+01 -1.341730e+00 
 2.572311e+01 -1.353262e+00 
 2.572343e+01 -1.369027e+00 
 2.572375e+01 -1.382863e+00 
 2.572408e+01 -1.395501e+00 
 2.572440e+01 -1.406330e+00 
 2.572472e+01 -1.414934e+00 
 2.572505e+01 -1.422443e+00 
 2.572537e+01 -1.430242e+00 
 2.572569e+01 -1.412170e+00 
 2.572601e+01 -1.399555e+00 
 2.572634e+01 -1.393660e+00 
 2.572666e+01 -1.389178e+00 
 2.572698e+01 -1.382792e+00 
 2.572731e+01 -1.376313e+00 
 2.572763e+01 -1.362423e+00 
 2.572795e+01 -1.346178e+00 
 2.572828e+01 -1.333242e+00 
 2.572860e+01 -1.329034e+00 
 2.572892e+01 -1.322692e+00 
 2.572924e+01 -1.317799e+00 
 2.572957e+01 -1.313888e+00 
 2.572989e+01 -1.330867e+00 
 2.573021e+01 -1.333965e+00 
 2.573054e+01 -1.316707e+00 
 2.573086e+01 -1.296818e+00 
 2.573118e+01 -1.273272e+00 
 2.573151e+01 -1.227467e+00 
 2.573183e+01 -1.213288e+00 
 2.573215e+01 -1.203707e+00 
 2.573247e+01 -1.190440e+00 
 2.573280e+01 -1.182867e+00 
 2.573312e+01 -1.178792e+00 
 2.573344e+01 -1.179156e+00 
 2.573377e+01 -1.181845e+00 
 2.573409e+01 -1.191118e+00 
 2.573441e+01 -1.191686e+00 
 2.573474e+01 -1.184928e+00 
 2.573506e+01 -1.186788e+00 
 2.573538e+01 -1.201764e+00 
 2.573570e+01 -1.207245e+00 
 2.573603e+01 -1.216365e+00 
 2.573635e+01 -1.226733e+00 
 2.573667e+01 -1.255686e+00 
 2.573700e+01 -1.280004e+00 
 2.573732e+01 -1.305350e+00 
 2.573764e+01 -1.326743e+00 
 2.573796e+01 -1.341396e+00 
 2.573829e+01 -1.353559e+00 
 2.573861e+01 -1.359408e+00 
 2.573893e+01 -1.371504e+00 
 2.573926e+01 -1.385160e+00 
 2.573958e+01 -1.398505e+00 
 2.573990e+01 -1.411415e+00 
 2.574023e+01 -1.401337e+00 
 2.574055e+01 -1.416515e+00 
 2.574087e+01 -1.433097e+00 
 2.574119e+01 -1.445032e+00 
 2.574152e+01 -1.458325e+00 
 2.574184e+01 -1.478196e+00 
 2.574216e+01 -1.506099e+00 
 2.574249e+01 -1.538831e+00 
 2.574281e+01 -1.566593e+00 
 2.574313e+01 -1.586494e+00 
 2.574346e+01 -1.600183e+00 
 2.574378e+01 -1.607153e+00 
 2.574410e+01 -1.609837e+00 
 2.574442e+01 -1.609230e+00 
 2.574475e+01 -1.607130e+00 
 2.574507e+01 -1.607873e+00 
 2.574539e+01 -1.614277e+00 
 2.574572e+01 -1.627748e+00 
 2.574604e+01 -1.647790e+00 
 2.574636e+01 -1.663817e+00 
 2.574669e+01 -1.673131e+00 
 2.574701e+01 -1.675488e+00 
 2.574733e+01 -1.677403e+00 
 2.574765e+01 -1.672251e+00 
 2.574798e+01 -1.668200e+00 
 2.574830e+01 -1.659634e+00 
 2.574862e+01 -1.651732e+00 
 2.574895e+01 -1.647052e+00 
 2.574927e+01 -1.645564e+00 
 2.574959e+01 -1.646728e+00 
 2.574992e+01 -1.649593e+00 
 2.575024e+01 -1.650166e+00 
 2.575056e+01 -1.649922e+00 
 2.575088e+01 -1.648061e+00 
 2.575121e+01 -1.642869e+00 
 2.575153e+01 -1.632726e+00 
 2.575185e+01 -1.614546e+00 
 2.575218e+01 -1.594513e+00 
 2.575250e+01 -1.577376e+00 
 2.575282e+01 -1.562265e+00 
 2.575315e+01 -1.546245e+00 
 2.575347e+01 -1.526872e+00 
 2.575379e+01 -1.507840e+00 
 2.575411e+01 -1.492126e+00 
 2.575444e+01 -1.475082e+00 
 2.575476e+01 -1.465082e+00 
 2.575508e+01 -1.453323e+00 
 2.575541e+01 -1.438198e+00 
 2.575573e+01 -1.418291e+00 
 2.575605e+01 -1.395213e+00 
 2.575638e+01 -1.369482e+00 
 2.575670e+01 -1.337761e+00 
 2.575702e+01 -1.302102e+00 
 2.575734e+01 -1.267102e+00 
 2.575767e+01 -1.243207e+00 
 2.575799e+01 -1.226154e+00 
 2.575831e+01 -1.211002e+00 
 2.575864e+01 -1.196179e+00 
 2.575896e+01 -1.183073e+00 
 2.575928e+01 -1.170666e+00 
 2.575961e+01 -1.161497e+00 
 2.575993e+01 -1.149098e+00 
 2.576025e+01 -1.132675e+00 
 2.576057e+01 -1.113937e+00 
 2.576090e+01 -1.097290e+00 
 2.576122e+01 -1.087036e+00 
 2.576154e+01 -1.082725e+00 
 2.576187e+01 -1.082014e+00 
 2.576219e+01 -1.081415e+00 
 2.576251e+01 -1.051122e+00 
 2.576284e+01 -1.058898e+00 
 2.576316e+01 -1.066726e+00 
 2.576348e+01 -1.071279e+00 
 2.576380e+01 -1.067070e+00 
 2.576413e+01 -1.068217e+00 
 2.576445e+01 -1.072277e+00 
 2.576477e+01 -1.082382e+00 
 2.576510e+01 -1.097651e+00 
 2.576542e+01 -1.088140e+00 
 2.576574e+01 -1.107902e+00 
 2.576607e+01 -1.133035e+00 
 2.576639e+01 -1.160478e+00 
 2.576671e+01 -1.190406e+00 
 2.576703e+01 -1.217871e+00 
 2.576736e+01 -1.238517e+00 
 2.576768e+01 -1.259450e+00 
 2.576800e+01 -1.286125e+00 
 2.576833e+01 -1.315084e+00 
 2.576865e+01 -1.340703e+00 
 2.576897e+01 -1.362778e+00 
 2.576930e+01 -1.384269e+00 
 2.576962e+01 -1.405428e+00 
 2.576994e+01 -1.427320e+00 
 2.577026e+01 -1.450385e+00 
 2.577059e+01 -1.471979e+00 
 2.577091e+01 -1.493413e+00 
 2.577123e+01 -1.516470e+00 
 2.577156e+01 -1.541452e+00 
 2.577188e+01 -1.568908e+00 
 2.577220e+01 -1.590288e+00 
 2.577252e+01 -1.605851e+00 
 2.577285e+01 -1.617518e+00 
 2.577317e+01 -1.628958e+00 
 2.577349e+01 -1.640290e+00 
 2.577382e+01 -1.649441e+00 
 2.577414e+01 -1.658040e+00 
 2.577446e+01 -1.669360e+00 
 2.577479e+01 -1.684602e+00 
 2.577511e+01 -1.703798e+00 
 2.577543e+01 -1.722177e+00 
 2.577575e+01 -1.740473e+00 
 2.577608e+01 -1.754211e+00 
 2.577640e+01 -1.765414e+00 
 2.577672e+01 -1.780001e+00 
 2.577705e+01 -1.796057e+00 
 2.577737e+01 -1.807434e+00 
 2.577769e+01 -1.816139e+00 
 2.577802e+01 -1.825856e+00 
 2.577834e+01 -1.838922e+00 
 2.577866e+01 -1.851511e+00 
 2.577898e+01 -1.861671e+00 
 2.577931e+01 -1.869869e+00 
 2.577963e+01 -1.845692e+00 
 2.577995e+01 -1.818083e+00 
 2.578028e+01 -1.819886e+00 
 2.578060e+01 -1.818226e+00 
 2.578092e+01 -1.813988e+00 
 2.578125e+01 -1.805698e+00 
 2.578157e+01 -1.797299e+00 
 2.578189e+01 -1.796136e+00 
 2.578221e+01 -1.794491e+00 
 2.578254e+01 -1.790095e+00 
 2.578286e+01 -1.784224e+00 
 2.578318e+01 -1.778649e+00 
 2.578351e+01 -1.778682e+00 
 2.578383e+01 -1.779769e+00 
 2.578415e+01 -1.779360e+00 
 2.578448e+01 -1.777734e+00 
 2.578480e+01 -1.773493e+00 
 2.578512e+01 -1.771544e+00 
 2.578544e+01 -1.770296e+00 
 2.578577e+01 -1.769810e+00 
 2.578609e+01 -1.768686e+00 
 2.578641e+01 -1.767328e+00 
 2.578674e+01 -1.771320e+00 
 2.578706e+01 -1.780911e+00 
 2.578738e+01 -1.788539e+00 
 2.578771e+01 -1.793819e+00 
 2.578803e+01 -1.795104e+00 
 2.578835e+01 -1.796409e+00 
 2.578867e+01 -1.799540e+00 
 2.578900e+01 -1.800052e+00 
 2.578932e+01 -1.799173e+00 
 2.578964e+01 -1.796979e+00 
 2.578997e+01 -1.799266e+00 
 2.579029e+01 -1.807635e+00 
 2.579061e+01 -1.821567e+00 
 2.579094e+01 -1.837567e+00 
 2.579126e+01 -1.851172e+00 
 2.579158e+01 -1.862056e+00 
 2.579190e+01 -1.874505e+00 
 2.579223e+01 -1.888635e+00 
 2.579255e+01 -1.899935e+00 
 2.579287e+01 -1.905315e+00 
 2.579320e+01 -1.907758e+00 
 2.579352e+01 -1.912127e+00 
 2.579384e+01 -1.920544e+00 
 2.579417e+01 -1.932761e+00 
 2.579449e+01 -1.946228e+00 
 2.579481e+01 -1.959722e+00 
 2.579513e+01 -1.973349e+00 
 2.579546e+01 -1.984877e+00 
 2.579578e+01 -1.993592e+00 
 2.579610e+01 -1.996031e+00 
 2.579643e+01 -1.993256e+00 
 2.579675e+01 -1.987550e+00 
 2.579707e+01 -1.985226e+00 
 2.579740e+01 -1.989090e+00 
 2.579772e+01 -1.994897e+00 
 2.579804e+01 -1.998148e+00 
 2.579836e+01 -1.999758e+00 
 2.579869e+01 -1.999764e+00 
 2.579901e+01 -2.000009e+00 
 2.579933e+01 -1.999116e+00 
 2.579966e+01 -1.994805e+00 
 2.579998e+01 -1.987591e+00 
 2.580030e+01 -1.976445e+00 
 2.580063e+01 -1.963442e+00 
 2.580095e+01 -1.947663e+00 
 2.580127e+01 -1.928092e+00 
 2.580159e+01 -1.904724e+00 
 2.580192e+01 -1.879147e+00 
 2.580224e+01 -1.859739e+00 
 2.580256e+01 -1.847759e+00 
 2.580289e+01 -1.838403e+00 
 2.580321e+01 -1.827588e+00 
 2.580353e+01 -1.814589e+00 
 2.580386e+01 -1.801309e+00 
 2.580418e+01 -1.786403e+00 
 2.580450e+01 -1.767392e+00 
 2.580482e+01 -1.742427e+00 
 2.580515e+01 -1.710365e+00 
 2.580547e+01 -1.676125e+00 
 2.580579e+01 -1.645269e+00 
 2.580612e+01 -1.618167e+00 
 2.580644e+01 -1.594367e+00 
 2.580676e+01 -1.568428e+00 
 2.580708e+01 -1.541866e+00 
 2.580741e+01 -1.519759e+00 
 2.580773e+01 -1.500010e+00 
 2.580805e+01 -1.478946e+00 
 2.580838e+01 -1.452232e+00 
 2.580870e+01 -1.421765e+00 
 2.580902e+01 -1.391645e+00 
 2.580935e+01 -1.363458e+00 
 2.580967e+01 -1.337651e+00 
 2.580999e+01 -1.312461e+00 
 2.581031e+01 -1.288486e+00 
 2.581064e+01 -1.268319e+00 
 2.581096e+01 -1.250310e+00 
 2.581128e+01 -1.238445e+00 
 2.581161e+01 -1.225625e+00 
 2.581193e+01 -1.207899e+00 
 2.581225e+01 -1.188819e+00 
 2.581258e+01 -1.171421e+00 
 2.581290e+01 -1.161240e+00 
 2.581322e+01 -1.150626e+00 
 2.581354e+01 -1.136647e+00 
 2.581387e+01 -1.121763e+00 
 2.581419e+01 -1.109591e+00 
 2.581451e+01 -1.102154e+00 
 2.581484e+01 -1.099922e+00 
 2.581516e+01 -1.100026e+00 
 2.581548e+01 -1.103010e+00 
 2.581581e+01 -1.110407e+00 
 2.581613e+01 -1.123387e+00 
 2.581645e+01 -1.139323e+00 
 2.581677e+01 -1.154182e+00 
 2.581710e+01 -1.164050e+00 
 2.581742e+01 -1.171770e+00 
 2.581774e+01 -1.182461e+00 
 2.581807e+01 -1.195799e+00 
 2.581839e+01 -1.208859e+00 
 2.581871e+01 -1.220636e+00 
 2.581904e+01 -1.233790e+00 
 2.581936e+01 -1.250970e+00 
 2.581968e+01 -1.274558e+00 
 2.582000e+01 -1.301121e+00 
 2.582033e+01 -1.327433e+00 
 2.582065e+01 -1.351209e+00 
 2.582097e+01 -1.372600e+00 
 2.582130e+01 -1.392503e+00 
 2.582162e+01 -1.408770e+00 
 2.582194e+01 -1.420009e+00 
 2.582227e+01 -1.424532e+00 
 2.582259e+01 -1.428347e+00 
 2.582291e+01 -1.437612e+00 
 2.582323e+01 -1.451880e+00 
 2.582356e+01 -1.466815e+00 
 2.582388e+01 -1.479541e+00 
 2.582420e+01 -1.490607e+00 
 2.582453e+01 -1.501207e+00 
 2.582485e+01 -1.511085e+00 
 2.582517e+01 -1.517947e+00 
 2.582550e+01 -1.519773e+00 
 2.582582e+01 -1.516775e+00 
 2.582614e+01 -1.512934e+00 
 2.582646e+01 -1.509865e+00 
 2.582679e+01 -1.508324e+00 
 2.582711e+01 -1.504248e+00 
 2.582743e+01 -1.496732e+00 
 2.582776e+01 -1.489556e+00 
 2.582808e+01 -1.486114e+00 
 2.582840e+01 -1.485804e+00 
 2.582873e+01 -1.484684e+00 
 2.582905e+01 -1.479686e+00 
 2.582937e+01 -1.471856e+00 
 2.582969e+01 -1.461115e+00 
 2.583002e+01 -1.448316e+00 
 2.583034e+01 -1.433051e+00 
 2.583066e+01 -1.413767e+00 
 2.583099e+01 -1.392768e+00 
 2.583131e+01 -1.373255e+00 
 2.583163e+01 -1.358294e+00 
 2.583196e+01 -1.347936e+00 
 2.583228e+01 -1.338296e+00 
 2.583260e+01 -1.326407e+00 
 2.583292e+01 -1.314425e+00 
 2.583325e+01 -1.304062e+00 
 2.583357e+01 -1.293318e+00 
 2.583389e+01 -1.278644e+00 
 2.583422e+01 -1.259264e+00 
 2.583454e+01 -1.238238e+00 
 2.583486e+01 -1.218524e+00 
 2.583519e+01 -1.202214e+00 
 2.583551e+01 -1.187500e+00 
 2.583583e+01 -1.171710e+00 
 2.583615e+01 -1.150940e+00 
 2.583648e+01 -1.131135e+00 
 2.583680e+01 -1.115166e+00 
 2.583712e+01 -1.097304e+00 
 2.583745e+01 -1.075280e+00 
 2.583777e+01 -1.047879e+00 
 2.583809e+01 -1.019089e+00 
 2.583842e+01 -9.943089e-01 
 2.583874e+01 -9.743485e-01 
 2.583906e+01 -9.565023e-01 
 2.583938e+01 -9.380406e-01 
 2.583971e+01 -9.208506e-01 
 2.584003e+01 -9.083888e-01 
 2.584035e+01 -8.988012e-01 
 2.584068e+01 -8.904358e-01 
 2.584100e+01 -8.825741e-01 
 2.584132e+01 -8.746039e-01 
 2.584165e+01 -8.678998e-01 
 2.584197e+01 -8.649080e-01 
 2.584229e+01 -8.646435e-01 
 2.584261e+01 -8.640171e-01 
 2.584294e+01 -8.626427e-01 
 2.584326e+01 -8.636537e-01 
 2.584358e+01 -8.701919e-01 
 2.584391e+01 -8.786396e-01 
 2.584423e+01 -8.869710e-01 
 2.584455e+01 -8.932174e-01 
 2.584487e+01 -8.990840e-01 
 2.584520e+01 -9.060576e-01 
 2.584552e+01 -9.160962e-01 
 2.584584e+01 -9.264126e-01 
 2.584617e+01 -9.349039e-01 
 2.584649e+01 -9.434811e-01 
 2.584681e+01 -9.548044e-01 
 2.584714e+01 -9.684076e-01 
 2.584746e+01 -9.823017e-01 
 2.584778e+01 -9.931706e-01 
 2.584810e+01 -1.000663e+00 
 2.584843e+01 -1.006416e+00 
 2.584875e+01 -1.012570e+00 
 2.584907e+01 -1.017878e+00 
 2.584940e+01 -1.019310e+00 
 2.584972e+01 -1.015025e+00 
 2.585004e+01 -1.009748e+00 
 2.585037e+01 -1.002723e+00 
 2.585069e+01 -9.960926e-01 
 2.585101e+01 -9.897841e-01 
 2.585133e+01 -9.827581e-01 
 2.585166e+01 -9.803055e-01 
 2.585198e+01 -9.864148e-01 
 2.585230e+01 -9.951995e-01 
 2.585263e+01 -1.003618e+00 
 2.585295e+01 -1.011525e+00 
 2.585327e+01 -1.015117e+00 
 2.585360e+01 -1.016443e+00 
 2.585392e+01 -1.018310e+00 
 2.585424e+01 -1.020692e+00 
 2.585456e+01 -1.020545e+00 
 2.585489e+01 -1.014858e+00 
 2.585521e+01 -1.012840e+00 
 2.585553e+01 -1.010866e+00 
 2.585586e+01 -1.009632e+00 
 2.585618e+01 -1.007313e+00 
 2.585650e+01 -1.002136e+00 
 2.585683e+01 -9.967980e-01 
 2.585715e+01 -9.948910e-01 
 2.585747e+01 -9.943441e-01 
 2.585779e+01 -9.927102e-01 
 2.585812e+01 -9.915297e-01 
 2.585844e+01 -9.891946e-01 
 2.585876e+01 -9.894349e-01 
 2.585909e+01 -9.896939e-01 
 2.585941e+01 -9.943437e-01 
 2.585973e+01 -9.971114e-01 
 2.586006e+01 -9.962365e-01 
 2.586038e+01 -9.949031e-01 
 2.586070e+01 -9.941751e-01 
 2.586102e+01 -9.943596e-01 
 2.586135e+01 -9.946123e-01 
 2.586167e+01 -9.927592e-01 
 2.586199e+01 -9.951982e-01 
 2.586232e+01 -9.940821e-01 
 2.586264e+01 -9.923775e-01 
 2.586296e+01 -9.887339e-01 
 2.586329e+01 -9.833124e-01 
 2.586361e+01 -9.772417e-01 
 2.586393e+01 -9.746396e-01 
 2.586425e+01 -9.755492e-01 
 2.586458e+01 -9.790856e-01 
 2.586490e+01 -9.823395e-01 
 2.586522e+01 -9.850660e-01 
 2.586555e+01 -9.862471e-01 
 2.586587e+01 -9.876700e-01 
 2.586619e+01 -9.897943e-01 
 2.586652e+01 -9.922322e-01 
 2.586684e+01 -9.887325e-01 
 2.586716e+01 -9.870809e-01 
 2.586748e+01 -9.900133e-01 
 2.586781e+01 -9.954244e-01 
 2.586813e+01 -1.002132e+00 
 2.586845e+01 -1.008671e+00 
 2.586878e+01 -1.015371e+00 
 2.586910e+01 -1.024341e+00 
 2.586942e+01 -1.040625e+00 
 2.586975e+01 -1.061000e+00 
 2.587007e+01 -1.076573e+00 
 2.587039e+01 -1.091584e+00 
 2.587071e+01 -1.105857e+00 
 2.587104e+01 -1.125034e+00 
 2.587136e+01 -1.141530e+00 
 2.587168e+01 -1.156751e+00 
 2.587201e+01 -1.172556e+00 
 2.587233e+01 -1.187194e+00 
 2.587265e+01 -1.205148e+00 
 2.587298e+01 -1.224015e+00 
 2.587330e+01 -1.240227e+00 
 2.587362e+01 -1.253541e+00 
 2.587394e+01 -1.264791e+00 
 2.587427e+01 -1.274225e+00 
 2.587459e+01 -1.286023e+00 
 2.587491e+01 -1.293520e+00 
 2.587524e+01 -1.295791e+00 
 2.587556e+01 -1.298324e+00 
 2.587588e+01 -1.300233e+00 
 2.587621e+01 -1.302966e+00 
 2.587653e+01 -1.313546e+00 
 2.587685e+01 -1.316411e+00 
 2.587717e+01 -1.318819e+00 
 2.587750e+01 -1.322185e+00 
 2.587782e+01 -1.327237e+00 
 2.587814e+01 -1.324310e+00 
 2.587847e+01 -1.333264e+00 
 2.587879e+01 -1.324045e+00 
 2.587911e+01 -1.315900e+00 
 2.587943e+01 -1.303136e+00 
 2.587976e+01 -1.294471e+00 
 2.588008e+01 -1.284237e+00 
 2.588040e+01 -1.334828e+00 
 2.588073e+01 -1.328269e+00 
 2.588105e+01 -1.322824e+00 
 2.588137e+01 -1.321455e+00 
 2.588170e+01 -1.322171e+00 
 2.588202e+01 -1.317368e+00 
 2.588234e+01 -1.307440e+00 
 2.588266e+01 -1.296637e+00 
 2.588299e+01 -1.284490e+00 
 2.588331e+01 -1.273447e+00 
 2.588363e+01 -1.260597e+00 
 2.588396e+01 -1.245731e+00 
 2.588428e+01 -1.235690e+00 
 2.588460e+01 -1.223489e+00 
 2.588493e+01 -1.214369e+00 
 2.588525e+01 -1.206179e+00 
 2.588557e+01 -1.195807e+00 
 2.588589e+01 -1.186991e+00 
 2.588622e+01 -1.175170e+00 
 2.588654e+01 -1.165861e+00 
 2.588686e+01 -1.157436e+00 
 2.588719e+01 -1.136477e+00 
 2.588751e+01 -1.115380e+00 
 2.588783e+01 -1.101416e+00 
 2.588816e+01 -1.083420e+00 
 2.588848e+01 -1.068898e+00 
 2.588880e+01 -1.059135e+00 
 2.588912e+01 -1.043532e+00 
 2.588945e+01 -1.033079e+00 
 2.588977e+01 -1.021399e+00 
 2.589009e+01 -1.010030e+00 
 2.589042e+01 -1.003083e+00 
 2.589074e+01 -9.885746e-01 
 2.589106e+01 -9.761594e-01 
 2.589139e+01 -9.609466e-01 
 2.589171e+01 -9.541075e-01 
 2.589203e+01 -9.530101e-01 
 2.589235e+01 -9.305782e-01 
 2.589268e+01 -8.898860e-01 
 2.589300e+01 -8.758675e-01 
 2.589332e+01 -9.029067e-01 
 2.589365e+01 -9.031445e-01 
 2.589397e+01 -8.865194e-01 
 2.589429e+01 -8.754751e-01 
 2.589462e+01 -8.690941e-01 
 2.589494e+01 -8.704895e-01 
 2.589526e+01 -8.633872e-01 
 2.589558e+01 -8.615828e-01 
 2.589591e+01 -8.664005e-01 
 2.589623e+01 -8.481244e-01 
 2.589655e+01 -8.551152e-01 
 2.589688e+01 -8.957880e-01 
 2.589720e+01 -9.121055e-01 
 2.589752e+01 -8.941350e-01 
 2.589785e+01 -8.808382e-01 
 2.589817e+01 -8.891964e-01 
 2.589849e+01 -8.928076e-01 
 2.589881e+01 -9.048323e-01 
 2.589914e+01 -9.276104e-01 
 2.589946e+01 -9.348632e-01 
 2.589978e+01 -9.044838e-01 
 2.590011e+01 -9.052158e-01 
 2.590043e+01 -9.308381e-01 
 2.590075e+01 -9.358759e-01 
 2.590107e+01 -9.409610e-01 
 2.590140e+01 -9.674014e-01 
 2.590172e+01 -9.767056e-01 
 2.590204e+01 -1.000845e+00 
 2.590237e+01 -1.032790e+00 
 2.590269e+01 -1.052898e+00 
 2.590301e+01 -1.072274e+00 
 2.590334e+01 -1.082475e+00 
 2.590366e+01 -1.110926e+00 
 2.590398e+01 -1.113764e+00 
 2.590430e+01 -1.133859e+00 
 2.590463e+01 -1.146914e+00 
 2.590495e+01 -1.142327e+00 
 2.590527e+01 -1.154496e+00 
 2.590560e+01 -1.161113e+00 
 2.590592e+01 -1.167921e+00 
 2.590624e+01 -1.176482e+00 
 2.590657e+01 -1.186590e+00 
 2.590689e+01 -1.219579e+00 
 2.590721e+01 -1.238115e+00 
 2.590753e+01 -1.249309e+00 
 2.590786e+01 -1.273592e+00 
 2.590818e+01 -1.275726e+00 
 2.590850e+01 -1.280612e+00 
 2.590883e+01 -1.288732e+00 
 2.590915e+01 -1.296139e+00 
 2.590947e+01 -1.310585e+00 
 2.590980e+01 -1.311806e+00 
 2.591012e+01 -1.313098e+00 
 2.591044e+01 -1.328044e+00 
 2.591076e+01 -1.328512e+00 
 2.591109e+01 -1.335590e+00 
 2.591141e+01 -1.339210e+00 
 2.591173e+01 -1.351776e+00 
 2.591206e+01 -1.349793e+00 
 2.591238e+01 -1.308692e+00 
 2.591270e+01 -1.354657e+00 
 2.591303e+01 -1.338611e+00 
 2.591335e+01 -1.320149e+00 
 2.591367e+01 -1.312817e+00 
 2.591399e+01 -1.329724e+00 
 2.591432e+01 -1.317976e+00 
 2.591464e+01 -1.295613e+00 
 2.591496e+01 -1.278205e+00 
 2.591529e+01 -1.272244e+00 
 2.591561e+01 -1.253725e+00 
 2.591593e+01 -1.240827e+00 
 2.591626e+01 -1.244282e+00 
 2.591658e+01 -1.218046e+00 
 2.591690e+01 -1.187912e+00 
 2.591722e+01 -1.185426e+00 
 2.591755e+01 -1.168606e+00 
 2.591787e+01 -1.155796e+00 
 2.591819e+01 -1.120569e+00 
 2.591852e+01 -1.101115e+00 
 2.591884e+01 -1.091947e+00 
 2.591916e+01 -1.096076e+00 
 2.591949e+01 -1.105909e+00 
 2.591981e+01 -1.135730e+00 
 2.592013e+01 -1.115426e+00 
 2.592045e+01 -1.090601e+00 
 2.592078e+01 -1.084262e+00 
 2.592110e+01 -1.076494e+00 
 2.592142e+01 -1.073247e+00 
 2.592175e+01 -1.056465e+00 
 2.592207e+01 -1.054893e+00 
 2.592239e+01 -1.036942e+00 
 2.592272e+01 -1.029684e+00 
 2.592304e+01 -1.035267e+00 
 2.592336e+01 -1.025655e+00 
 2.592368e+01 -1.009506e+00 
 2.592401e+01 -9.985055e-01 
 2.592433e+01 -1.000302e+00 
 2.592465e+01 -9.897700e-01 
 2.592498e+01 -9.648701e-01 
 2.592530e+01 -9.702424e-01 
 2.592562e+01 -9.550586e-01 
 2.592594e+01 -9.394876e-01 
 2.592627e+01 -9.321921e-01 
 2.592659e+01 -9.259503e-01 
 2.592691e+01 -9.114706e-01 
 2.592724e+01 -9.010818e-01 
 2.592756e+01 -8.934787e-01 
 2.592788e+01 -8.659648e-01 
 2.592821e+01 -8.463204e-01 
 2.592853e+01 -8.192263e-01 
 2.592885e+01 -8.087326e-01 
 2.592917e+01 -7.881032e-01 
 2.592950e+01 -7.682558e-01 
 2.592982e+01 -7.415788e-01 
 2.593014e+01 -7.189489e-01 
 2.593047e+01 -6.956005e-01 
 2.593079e+01 -6.565973e-01 
 2.593111e+01 -6.221096e-01 
 2.593144e+01 -5.936827e-01 
 2.593176e+01 -5.802336e-01 
 2.593208e+01 -5.327699e-01 
 2.593240e+01 -5.056753e-01 
 2.593273e+01 -4.784986e-01 
 2.593305e+01 -4.444114e-01 
 2.593337e+01 -4.260183e-01 
 2.593370e+01 -4.053633e-01 
 2.593402e+01 -3.647054e-01 
 2.593434e+01 -3.328866e-01 
 2.593467e+01 -2.975878e-01 
 2.593499e+01 -2.694841e-01 
 2.593531e+01 -2.492613e-01 
 2.593563e+01 -2.261936e-01 
 2.593596e+01 -2.007929e-01 
 2.593628e+01 -1.763118e-01 
 2.593660e+01 -1.587519e-01 
 2.593693e+01 -1.405216e-01 
 2.593725e+01 -1.125493e-01 
 2.593757e+01 -9.127893e-02 
 2.593790e+01 -6.641630e-02 
 2.593822e+01 -5.027992e-02 
 2.593854e+01 -3.475556e-02 
 2.593886e+01 -1.911231e-02 
 2.593919e+01  6.246363e-03 
 2.593951e+01  2.088504e-02 
 2.593983e+01  8.928245e-03 
 2.594016e+01 -1.785483e-02 
 2.594048e+01  7.816275e-03 
 2.594080e+01  2.822998e-02 
 2.594113e+01  3.850419e-02 
 2.594145e+01  3.415214e-02 
 2.594177e+01  3.047135e-02 
 2.594209e+01  2.960640e-02 
 2.594242e+01  3.534838e-02 
 2.594274e+01  4.342089e-02 
 2.594306e+01  6.407536e-02 
 2.594339e+01  7.395086e-02 
 2.594371e+01  7.298340e-02 
 2.594403e+01  8.371041e-02 
 2.594436e+01  9.256386e-02 
 2.594468e+01  9.825264e-02 
 2.594500e+01  1.131107e-01 
 2.594532e+01  1.000292e-01 
 2.594565e+01  9.920108e-02 
 2.594597e+01  9.498153e-02 
 2.594629e+01  9.377570e-02 
 2.594662e+01  9.624664e-02 
 2.594694e+01  8.880871e-02 
 2.594726e+01  8.063104e-02 
 2.594759e+01  7.655724e-02 
 2.594791e+01  3.275193e-02 
 2.594823e+01  1.804587e-02 
 2.594855e+01  1.146203e-02 
 2.594888e+01 -3.522483e-03 
 2.594920e+01 -2.291432e-02 
 2.594952e+01 -2.055872e-02 
 2.594985e+01 -3.137090e-02 
 2.595017e+01 -4.870171e-02 
 2.595049e+01 -6.290033e-02 
 2.595082e+01 -6.991304e-02 
 2.595114e+01 -8.960960e-02 
 2.595146e+01 -1.023265e-01 
 2.595178e+01 -1.210191e-01 
 2.595211e+01 -1.521006e-01 
 2.595243e+01 -1.833761e-01 
 2.595275e+01 -2.053113e-01 
 2.595308e+01 -2.181278e-01 
 2.595340e+01 -2.444971e-01 
 2.595372e+01 -2.676847e-01 
 2.595405e+01 -2.908977e-01 
 2.595437e+01 -3.061111e-01 
 2.595469e+01 -3.196982e-01 
 2.595501e+01 -3.321545e-01 
 2.595534e+01 -3.567308e-01 
 2.595566e+01 -3.864094e-01 
 2.595598e+01 -4.038996e-01 
 2.595631e+01 -4.393922e-01 
 2.595663e+01 -4.556797e-01 
 2.595695e+01 -4.760436e-01 
 2.595727e+01 -4.998280e-01 
 2.595760e+01 -5.325858e-01 
 2.595792e+01 -5.489079e-01 
 2.595824e+01 -5.715643e-01 
 2.595857e+01 -6.242040e-01 
 2.595889e+01 -6.445286e-01 
 2.595921e+01 -6.676490e-01 
 2.595954e+01 -6.898165e-01 
 2.595986e+01 -7.067099e-01 
 2.596018e+01 -7.352292e-01 
 2.596050e+01 -7.728992e-01 
 2.596083e+01 -7.960465e-01 
 2.596115e+01 -8.155614e-01 
 2.596147e+01 -8.298651e-01 
 2.596180e+01 -8.800496e-01 
 2.596212e+01 -9.117160e-01 
 2.596244e+01 -9.435002e-01 
 2.596277e+01 -9.598074e-01 
 2.596309e+01 -9.731436e-01 
 2.596341e+01 -9.914008e-01 
 2.596373e+01 -1.025649e+00 
 2.596406e+01 -1.054319e+00 
 2.596438e+01 -1.078640e+00 
 2.596470e+01 -1.101227e+00 
 2.596503e+01 -1.123873e+00 
 2.596535e+01 -1.144947e+00 
 2.596567e+01 -1.167896e+00 
 2.596600e+01 -1.158755e+00 
 2.596632e+01 -1.151556e+00 
 2.596664e+01 -1.137123e+00 
 2.596696e+01 -1.126289e+00 
 2.596729e+01 -1.119259e+00 
 2.596761e+01 -1.243330e+00 
 2.596793e+01 -1.262096e+00 
 2.596826e+01 -1.280473e+00 
 2.596858e+01 -1.296603e+00 
 2.596890e+01 -1.306652e+00 
 2.596923e+01 -1.319251e+00 
 2.596955e+01 -1.319398e+00 
 2.596987e+01 -1.321533e+00 
 2.597019e+01 -1.311213e+00 
 2.597052e+01 -1.320961e+00 
 2.597084e+01 -1.308176e+00 
 2.597116e+01 -1.292583e+00 
 2.597149e+01 -1.340269e+00 
 2.597181e+01 -1.337749e+00 
 2.597213e+01 -1.339122e+00 
 2.597246e+01 -1.337781e+00 
 2.597278e+01 -1.341472e+00 
 2.597310e+01 -1.347137e+00 
 2.597342e+01 -1.348561e+00 
 2.597375e+01 -1.345776e+00 
 2.597407e+01 -1.344706e+00 
 2.597439e+01 -1.343289e+00 
 2.597472e+01 -1.326833e+00 
 2.597504e+01 -1.312052e+00 
 2.597536e+01 -1.298555e+00 
 2.597569e+01 -1.277319e+00 
 2.597601e+01 -1.274637e+00 
 2.597633e+01 -1.273021e+00 
 2.597665e+01 -1.315674e+00 
 2.597698e+01 -1.322845e+00 
 2.597730e+01 -1.325745e+00 
 2.597762e+01 -1.334289e+00 
 2.597795e+01 -1.339171e+00 
 2.597827e+01 -1.344070e+00 
 2.597859e+01 -1.334392e+00 
 2.597892e+01 -1.316827e+00 
 2.597924e+01 -1.307612e+00 
 2.597956e+01 -1.296981e+00 
 2.597988e+01 -1.288842e+00 
 2.598021e+01 -1.291438e+00 
 2.598053e+01 -1.290979e+00 
 2.598085e+01 -1.293364e+00 
 2.598118e+01 -1.297771e+00 
 2.598150e+01 -1.297066e+00 
 2.598182e+01 -1.283564e+00 
 2.598215e+01 -1.272769e+00 
 2.598247e+01 -1.259206e+00 
 2.598279e+01 -1.244429e+00 
 2.598311e+01 -1.221637e+00 
 2.598344e+01 -1.196023e+00 
 2.598376e+01 -1.218000e+00 
 2.598408e+01 -1.210371e+00 
 2.598441e+01 -1.210833e+00 
 2.598473e+01 -1.213031e+00 
 2.598505e+01 -1.211094e+00 
 2.598537e+01 -1.200893e+00 
 2.598570e+01 -1.192127e+00 
 2.598602e+01 -1.207668e+00 
 2.598634e+01 -1.226695e+00 
 2.598667e+01 -1.224878e+00 
 2.598699e+01 -1.207333e+00 
 2.598731e+01 -1.192224e+00 
 2.598764e+01 -1.183943e+00 
 2.598796e+01 -1.160348e+00 
 2.598828e+01 -1.143679e+00 
 2.598860e+01 -1.125666e+00 
 2.598893e+01 -1.109187e+00 
 2.598925e+01 -1.175943e+00 
 2.598957e+01 -1.181237e+00 
 2.598990e+01 -1.188937e+00 
 2.599022e+01 -1.195610e+00 
 2.599054e+01 -1.195021e+00 
 2.599087e+01 -1.190455e+00 
 2.599119e+01 -1.166174e+00 
 2.599151e+01 -1.144514e+00 
 2.599183e+01 -1.117499e+00 
 2.599216e+01 -1.088605e+00 
 2.599248e+01 -1.120342e+00 
 2.599280e+01 -1.117482e+00 
 2.599313e+01 -1.118120e+00 
 2.599345e+01 -1.114760e+00 
 2.599377e+01 -1.131123e+00 
 2.599410e+01 -1.185336e+00 
 2.599442e+01 -1.209646e+00 
 2.599474e+01 -1.112039e+00 
 2.599506e+01 -1.040118e+00 
 2.599539e+01 -1.088949e+00 
 2.599571e+01 -1.074956e+00 
 2.599603e+01 -1.088413e+00 
 2.599636e+01 -1.084809e+00 
 2.599668e+01 -1.012608e+00 
 2.599700e+01 -1.068744e+00 
 2.599733e+01 -1.015288e+00 
 2.599765e+01 -9.784891e-01 
 2.599797e+01 -1.033717e+00 
 2.599829e+01 -9.586139e-01 
 2.599862e+01 -1.027039e+00 
 2.599894e+01 -1.063177e+00 
 2.599926e+01 -1.041333e+00 
 2.599959e+01 -1.036471e+00 
 2.599991e+01 -1.005490e+00 
 2.600023e+01 -9.639199e-01 
 2.600056e+01 -9.972797e-01 
 2.600088e+01 -1.038603e+00 
 2.600120e+01 -1.026773e+00 
 2.600152e+01 -9.837916e-01 
 2.600185e+01 -9.308214e-01 
 2.600217e+01 -1.036161e+00 
 2.600249e+01 -1.083124e+00 
 2.600282e+01 -1.057241e+00 
 2.600314e+01 -1.113013e+00 
 2.600346e+01 -1.091550e+00 
 2.600379e+01 -1.104308e+00 
 2.600411e+01 -1.092373e+00 
 2.600443e+01 -1.007939e+00 
 2.600475e+01 -1.000908e+00 
 2.600508e+01 -1.097647e+00 
 2.600540e+01 -1.023120e+00 
 2.600572e+01 -1.105688e+00 
 2.600605e+01 -1.096732e+00 
 2.600637e+01 -1.115831e+00 
 2.600669e+01 -1.170218e+00 
 2.600701e+01 -1.120999e+00 
 2.600734e+01 -1.151590e+00 
 2.600766e+01 -1.122710e+00 
 2.600798e+01 -1.077719e+00 
 2.600831e+01 -1.104269e+00 
 2.600863e+01 -1.039304e+00 
 2.600895e+01 -1.067178e+00 
 2.600928e+01 -1.041466e+00 
 2.600960e+01 -1.030743e+00 
 2.600992e+01 -1.088331e+00 
 2.601024e+01 -1.058580e+00 
 2.601057e+01 -1.069041e+00 
 2.601089e+01 -1.077368e+00 
 2.601121e+01 -1.053500e+00 
 2.601154e+01 -1.071657e+00 
 2.601186e+01 -1.023751e+00 
 2.601218e+01 -1.013096e+00 
 2.601251e+01 -9.777816e-01 
 2.601283e+01 -9.306287e-01 
 2.601315e+01 -9.307291e-01 
 2.601347e+01 -8.703355e-01 
 2.601380e+01 -9.034709e-01 
 2.601412e+01 -8.765392e-01 
 2.601444e+01 -9.206018e-01 
 2.601477e+01 -9.254927e-01 
 2.601509e+01 -8.806789e-01 
 2.601541e+01 -8.121959e-01 
 2.601574e+01 -8.615907e-01 
 2.601606e+01 -8.718664e-01 
 2.601638e+01 -8.342918e-01 
 2.601670e+01 -7.855548e-01 
 2.601703e+01 -7.686393e-01 
 2.601735e+01 -7.216495e-01 
 2.601767e+01 -6.699181e-01 
 2.601800e+01 -6.858014e-01 
 2.601832e+01 -6.810830e-01 
 2.601864e+01 -6.954626e-01 
 2.601897e+01 -6.579537e-01 
 2.601929e+01 -6.950844e-01 
 2.601961e+01 -6.995166e-01 
 2.601993e+01 -6.948889e-01 
 2.602026e+01 -6.409512e-01 
 2.602058e+01 -5.657666e-01 
 2.602090e+01 -5.535920e-01 
 2.602123e+01 -5.221373e-01 
 2.602155e+01 -5.052038e-01 
 2.602187e+01 -4.656761e-01 
 2.602220e+01 -3.672283e-01 
 2.602252e+01 -3.915238e-01 
 2.602284e+01 -3.778948e-01 
 2.602316e+01 -3.332865e-01 
 2.602349e+01 -2.975939e-01 
 2.602381e+01 -2.635986e-01 
 2.602413e+01 -2.070979e-01 
 2.602446e+01 -1.483679e-02 
 2.602478e+01  9.902648e-02 
 2.602510e+01  1.814692e-01 
 2.602543e+01  2.679973e-01 
 2.602575e+01  2.955209e-01 
 2.602607e+01  3.310505e-01 
 2.602639e+01  3.529734e-01 
 2.602672e+01  3.718665e-01 
 2.602704e+01  3.892335e-01 
 2.602736e+01  4.015738e-01 
 2.602769e+01  3.972336e-01 
 2.602801e+01  4.285621e-01 
 2.602833e+01  3.653815e-01 
 2.602866e+01  3.723247e-01 
 2.602898e+01  3.971777e-01 
 2.602930e+01  4.912862e-01 
 2.602962e+01  5.986095e-01 
 2.602995e+01  7.783602e-01 
 2.603027e+01  9.359274e-01 
 2.603059e+01  8.630034e-01 
 2.603092e+01  8.690961e-01 
 2.603124e+01  8.422799e-01 
 2.603156e+01  8.805332e-01 
 2.603189e+01  8.721463e-01 
 2.603221e+01  8.589277e-01 
 2.603253e+01  8.985243e-01 
 2.603285e+01  9.282078e-01 
 2.603318e+01  9.487573e-01 
 2.603350e+01  1.006442e+00 
 2.603382e+01  1.017127e+00 
 2.603415e+01  1.058217e+00 
 2.603447e+01  1.081517e+00 
 2.603479e+01  1.064433e+00 
 2.603511e+01  1.075984e+00 
 2.603544e+01  1.077969e+00 
 2.603576e+01  1.086921e+00 
 2.603608e+01  1.096038e+00 
 2.603641e+01  1.058711e+00 
 2.603673e+01  1.041163e+00 
 2.603705e+01  1.035033e+00 
 2.603738e+01  1.051785e+00 
 2.603770e+01  1.075392e+00 
 2.603802e+01  1.109183e+00 
 2.603834e+01  1.139410e+00 
 2.603867e+01  1.124503e+00 
 2.603899e+01  1.115161e+00 
 2.603931e+01  1.112638e+00 
 2.603964e+01  1.098597e+00 
 2.603996e+01  1.092794e+00 
 2.604028e+01  1.087042e+00 
 2.604060e+01  1.056673e+00 
 2.604093e+01  1.072918e+00 
 2.604125e+01  1.100408e+00 
 2.604157e+01  1.136211e+00 
 2.604189e+01  1.129547e+00 
 2.604221e+01  1.169943e+00 
 2.604253e+01  1.214565e+00 
 2.604286e+01  1.248672e+00 
 2.604318e+01  1.264484e+00 
 2.604350e+01  1.217391e+00 
 2.604382e+01  1.167018e+00 
 2.604414e+01  1.163905e+00 
 2.604446e+01  1.143265e+00 
 2.604478e+01  1.154926e+00 
 2.604511e+01  1.197946e+00 
 2.604543e+01  1.193657e+00 
 2.604575e+01  1.232623e+00 
 2.604607e+01  1.272138e+00 
 2.604639e+01  1.315027e+00 
 2.604671e+01  1.357184e+00 
 2.604704e+01  1.356836e+00 
 2.604736e+01  1.359115e+00 
 2.604768e+01  1.355408e+00 
 2.604800e+01  1.384924e+00 
 2.604832e+01  1.398682e+00 
 2.604864e+01  1.374362e+00 
 2.604896e+01  1.376476e+00 
 2.604929e+01  1.405555e+00 
 2.604961e+01  1.423784e+00 
 2.604993e+01  1.441705e+00 
 2.605025e+01  1.474452e+00 
 2.605057e+01  1.474397e+00 
 2.605089e+01  1.486911e+00 
 2.605122e+01  1.490444e+00 
 2.605154e+01  1.440359e+00 
 2.605186e+01  1.433723e+00 
 2.605218e+01  1.390547e+00 
 2.605250e+01  1.379218e+00 
 2.605282e+01  1.385078e+00 
 2.605314e+01  1.355102e+00 
 2.605347e+01  1.330897e+00 
 2.605379e+01  1.326763e+00 
 2.605411e+01  1.297054e+00 
 2.605443e+01  1.280432e+00 
 2.605475e+01  1.249249e+00 
 2.605507e+01  1.210968e+00 
 2.605540e+01  1.182961e+00 
 2.605572e+01  1.131556e+00 
 2.605604e+01  1.109467e+00 
 2.605636e+01  1.075140e+00 
 2.605668e+01  1.016756e+00 
 2.605701e+01  9.648960e-01 
 2.605733e+01  9.198137e-01 
 2.605765e+01  8.696119e-01 
 2.605797e+01  8.367008e-01 
 2.605830e+01  8.121100e-01 
 2.605862e+01  7.999977e-01 
 2.605894e+01  7.830533e-01 
 2.605927e+01  7.504764e-01 
 2.605959e+01  7.158210e-01 
 2.605991e+01  7.179421e-01 
 2.606024e+01  7.169667e-01 
 2.606056e+01  6.975927e-01 
 2.606088e+01  6.469086e-01 
 2.606120e+01  6.299753e-01 
 2.606153e+01  6.027001e-01 
 2.606185e+01  6.560056e-01 
 2.606217e+01  6.776324e-01 
 2.606250e+01  6.796351e-01 
 2.606282e+01  7.111105e-01 
 2.606314e+01  7.747522e-01 
 2.606347e+01  7.030334e-01 
 2.606379e+01  6.363160e-01 
 2.606411e+01  6.155641e-01 
 2.606443e+01  5.185863e-01 
 2.606476e+01  4.934554e-01 
 2.606508e+01  4.651539e-01 
 2.606540e+01  4.420326e-01 
 2.606573e+01  4.059239e-01 
 2.606605e+01  3.703124e-01 
 2.606637e+01  3.422435e-01 
 2.606670e+01  3.474703e-01 
 2.606702e+01  3.548736e-01 
 2.606734e+01  3.144494e-01 
 2.606766e+01  2.897644e-01 
 2.606799e+01  2.902579e-01 
 2.606831e+01  2.905575e-01 
 2.606863e+01  2.980511e-01 
 2.606896e+01  2.811548e-01 
 2.606928e+01  2.198849e-01 
 2.606960e+01  1.982764e-01 
 2.606993e+01  1.990928e-01 
 2.607025e+01  1.970032e-01 
 2.607057e+01  2.302599e-01 
 2.607089e+01  2.669984e-01 
 2.607122e+01  2.686514e-01 
 2.607154e+01  3.121019e-01 
 2.607186e+01  3.499180e-01 
 2.607219e+01  3.005293e-01 
 2.607251e+01  2.956716e-01 
 2.607283e+01  2.732257e-01 
 2.607316e+01  2.555329e-01 
 2.607348e+01  2.240547e-01 
 2.607380e+01  2.020832e-01 
 2.607412e+01  1.975717e-01 
 2.607445e+01  1.947078e-01 
 2.607477e+01  2.003010e-01 
 2.607509e+01  2.175849e-01 
 2.607542e+01  2.313025e-01 
 2.607574e+01  2.574526e-01 
 2.607606e+01  2.741234e-01 
 2.607639e+01  2.710024e-01 
 2.607671e+01  2.845685e-01 
 2.607703e+01  2.896176e-01 
 2.607735e+01  2.401491e-01 
 2.607768e+01  2.354240e-01 
 2.607800e+01  2.501470e-01 
 2.607832e+01  2.709366e-01 
 2.607865e+01  3.118773e-01 
 2.607897e+01  3.518526e-01 
 2.607929e+01  3.255930e-01 
 2.607962e+01  3.410115e-01 
 2.607994e+01  3.380881e-01 
 2.608026e+01  3.368798e-01 
 2.608058e+01  2.955766e-01 
 2.608091e+01  2.808591e-01 
 2.608123e+01  2.517498e-01 
 2.608155e+01  2.072510e-01 
 2.608188e+01  1.929656e-01 
 2.608220e+01  1.840376e-01 
 2.608252e+01  1.783951e-01 
 2.608285e+01  1.853754e-01 
 2.608317e+01  1.876328e-01 
 2.608349e+01  2.079269e-01 
 2.608381e+01  2.421502e-01 
 2.608414e+01  2.453610e-01 
 2.608446e+01  2.496554e-01 
 2.608478e+01  2.390511e-01 
 2.608511e+01  2.164383e-01 
 2.608543e+01  1.797445e-01 
 2.608575e+01  1.683889e-01 
 2.608608e+01  1.561771e-01 
 2.608640e+01  1.388747e-01 
 2.608672e+01  1.412140e-01 
 2.608704e+01  1.553778e-01 
 2.608737e+01  1.767081e-01 
 2.608769e+01  2.098739e-01 
 2.608801e+01  2.077222e-01 
 2.608834e+01  1.900778e-01 
 2.608866e+01  1.679652e-01 
 2.608898e+01  1.430018e-01 
 2.608930e+01  1.164313e-01 
 2.608963e+01  7.449495e-02 
 2.608995e+01  3.370900e-02 
 2.609027e+01  7.933504e-03 
 2.609060e+01  3.201284e-03 
 2.609092e+01  1.817768e-03 
 2.609124e+01 -1.031456e-02 
 2.609157e+01 -2.303569e-02 
 2.609189e+01 -4.213133e-02 
 2.609221e+01 -7.254125e-02 
 2.609253e+01 -9.138927e-02 
 2.609286e+01 -1.054787e-01 
 2.609318e+01 -1.498106e-01 
 2.609350e+01 -1.842618e-01 
 2.609383e+01 -2.173232e-01 
 2.609415e+01 -2.369917e-01 
 2.609447e+01 -2.396785e-01 
 2.609480e+01 -2.435106e-01 
 2.609512e+01 -2.552125e-01 
 2.609544e+01 -2.597769e-01 
 2.609576e+01 -2.660143e-01 
 2.609609e+01 -2.714372e-01 
 2.609641e+01 -2.764218e-01 
 2.609673e+01 -2.884895e-01 
 2.609706e+01 -2.865849e-01 
 2.609738e+01 -3.055289e-01 
 2.609770e+01 -3.291065e-01 
 2.609803e+01 -3.427146e-01 
 2.609835e+01 -3.593879e-01 
 2.609867e+01 -3.438677e-01 
 2.609899e+01 -3.277072e-01 
 2.609932e+01 -3.116119e-01 
 2.609964e+01 -2.760262e-01 
 2.609996e+01 -2.542645e-01 
 2.610029e+01 -2.422697e-01 
 2.610061e+01 -2.768379e-01 
 2.610093e+01 -2.821145e-01 
 2.610126e+01 -2.702212e-01 
 2.610158e+01 -2.682910e-01 
 2.610190e+01 -2.879398e-01 
 2.610222e+01 -2.947587e-01 
 2.610255e+01 -2.921556e-01 
 2.610287e+01 -2.806925e-01 
 2.610319e+01 -2.590666e-01 
 2.610352e+01 -2.447893e-01 
 2.610384e+01 -2.168926e-01 
 2.610416e+01 -1.903349e-01 
 2.610449e+01 -1.793333e-01 
 2.610481e+01 -1.591431e-01 
 2.610513e+01 -1.610909e-01 
 2.610545e+01 -1.678979e-01 
 2.610578e+01 -1.811474e-01 
 2.610610e+01 -1.977305e-01 
 2.610642e+01 -2.040311e-01 
 2.610675e+01 -2.049240e-01 
 2.610707e+01 -2.227506e-01 
 2.610739e+01 -2.235542e-01 
 2.610772e+01 -2.113245e-01 
 2.610804e+01 -2.039974e-01 
 2.610836e+01 -1.905964e-01 
 2.610868e+01 -1.977187e-01 
 2.610901e+01 -2.179908e-01 
 2.610933e+01 -2.302642e-01 
 2.610965e+01 -2.411583e-01 
 2.610998e+01 -3.180211e-01 
 2.611030e+01 -3.510048e-01 
 2.611062e+01 -3.813281e-01 
 2.611095e+01 -3.945769e-01 
 2.611127e+01 -4.025189e-01 
 2.611159e+01 -4.012838e-01 
 2.611191e+01 -3.870641e-01 
 2.611224e+01 -3.789550e-01 
 2.611256e+01 -3.629784e-01 
 2.611288e+01 -3.482933e-01 
 2.611321e+01 -3.275980e-01 
 2.611353e+01 -3.229858e-01 
 2.611385e+01 -3.439284e-01 
 2.611418e+01 -3.742369e-01 
 2.611450e+01 -3.909471e-01 
 2.611482e+01 -4.020786e-01 
 2.611514e+01 -4.040336e-01 
 2.611547e+01 -3.985644e-01 
 2.611579e+01 -3.839858e-01 
 2.611611e+01 -3.564265e-01 
 2.611644e+01 -3.186777e-01 
 2.611676e+01 -2.847569e-01 
 2.611708e+01 -2.655247e-01 
 2.611740e+01 -2.536057e-01 
 2.611773e+01 -2.571360e-01 
 2.611805e+01 -2.739979e-01 
 2.611837e+01 -2.982147e-01 
 2.611870e+01 -3.128376e-01 
 2.611902e+01 -3.115588e-01 
 2.611934e+01 -3.049296e-01 
 2.611967e+01 -2.829901e-01 
 2.611999e+01 -2.549444e-01 
 2.612031e+01 -2.180488e-01 
 2.612063e+01 -1.772713e-01 
 2.612096e+01 -1.460997e-01 
 2.612128e+01 -1.208549e-01 
 2.612160e+01 -9.923125e-02 
 2.612193e+01 -8.573907e-02 
 2.612225e+01 -7.012498e-02 
 2.612257e+01 -6.076656e-02 
 2.612290e+01 -4.298398e-02 
 2.612322e+01 -2.232245e-02 
 2.612354e+01  9.939563e-03 
 2.612386e+01  4.493343e-02 
 2.612419e+01  8.467270e-02 
 2.612451e+01  1.304347e-01 
 2.612483e+01  1.727475e-01 
 2.612516e+01  2.100199e-01 
 2.612548e+01  2.494466e-01 
 2.612580e+01  2.695612e-01 
 2.612613e+01  2.877295e-01 
 2.612645e+01  2.917015e-01 
 2.612677e+01  2.895965e-01 
 2.612709e+01  3.168056e-01 
 2.612742e+01  3.444063e-01 
 2.612774e+01  3.708232e-01 
 2.612806e+01  4.036326e-01 
 2.612839e+01  4.452897e-01 
 2.612871e+01  4.808084e-01 
 2.612903e+01  5.204195e-01 
 2.612936e+01  5.497562e-01 
 2.612968e+01  5.800717e-01 
 2.613000e+01  6.070569e-01 
 2.613032e+01  6.319084e-01 
 2.613065e+01  6.312526e-01 
 2.613097e+01  6.471054e-01 
 2.613129e+01  6.726072e-01 
 2.613162e+01  7.042373e-01 
 2.613194e+01  7.365324e-01 
 2.613226e+01  7.829652e-01 
 2.613259e+01  8.263970e-01 
 2.613291e+01  8.643642e-01 
 2.613323e+01  9.040198e-01 
 2.613355e+01  9.618515e-01 
 2.613388e+01  9.936884e-01 
 2.613420e+01  9.759766e-01 
 2.613452e+01  9.492686e-01 
 2.613485e+01  9.468134e-01 
 2.613517e+01  9.585247e-01 
 2.613549e+01  9.778004e-01 
 2.613582e+01  9.956920e-01 
 2.613614e+01  1.011729e+00 
 2.613646e+01  1.028622e+00 
 2.613678e+01  1.033009e+00 
 2.613711e+01  1.054684e+00 
 2.613743e+01  1.073061e+00 
 2.613775e+01  1.082973e+00 
 2.613808e+01  1.082711e+00 
 2.613840e+01  1.075960e+00 
 2.613872e+01  1.064494e+00 
 2.613905e+01  1.070149e+00 
 2.613937e+01  1.084506e+00 
 2.613969e+01  1.096465e+00 
 2.614001e+01  1.106569e+00 
 2.614034e+01  1.121837e+00 
 2.614066e+01  1.146022e+00 
 2.614098e+01  1.173673e+00 
 2.614131e+01  1.200379e+00 
 2.614163e+01  1.240952e+00 
 2.614195e+01  1.279510e+00 
 2.614228e+01  1.303592e+00 
 2.614260e+01  1.312668e+00 
 2.614292e+01  1.312258e+00 
 2.614324e+01  1.309220e+00 
 2.614357e+01  1.306406e+00 
 2.614389e+01  1.220091e+00 
 2.614421e+01  1.212151e+00 
 2.614453e+01  1.209451e+00 
 2.614485e+01  1.216039e+00 
 2.614517e+01  1.219674e+00 
 2.614550e+01  1.221250e+00 
 2.614582e+01  1.222571e+00 
 2.614614e+01  1.215778e+00 
 2.614646e+01  1.182505e+00 
 2.614678e+01  1.121094e+00 
 2.614710e+01  1.101613e+00 
 2.614743e+01  1.088345e+00 
 2.614775e+01  1.071968e+00 
 2.614807e+01  1.058075e+00 
 2.614839e+01  1.044999e+00 
 2.614871e+01  1.038193e+00 
 2.614903e+01  1.042334e+00 
 2.614936e+01  1.045005e+00 
 2.614968e+01  1.046975e+00 
 2.615000e+01  1.053977e+00 
 2.615032e+01  1.057365e+00 
 2.615064e+01  1.055844e+00 
 2.615096e+01  1.058324e+00 
 2.615128e+01  1.063310e+00 
 2.615161e+01  1.057811e+00 
 2.615193e+01  1.052331e+00 
 2.615225e+01  1.074145e+00 
 2.615257e+01  1.085473e+00 
 2.615289e+01  1.095702e+00 
 2.615321e+01  1.106554e+00 
 2.615354e+01  1.115293e+00 
 2.615386e+01  1.084553e+00 
 2.615418e+01  1.090469e+00 
 2.615450e+01  1.092908e+00 
 2.615482e+01  1.076591e+00 
 2.615514e+01  1.056240e+00 
 2.615546e+01  1.034336e+00 
 2.615579e+01  1.016597e+00 
 2.615611e+01  1.014847e+00 
 2.615643e+01  1.004086e+00 
 2.615675e+01  9.956316e-01 
 2.615707e+01  9.893122e-01 
 2.615740e+01  9.906834e-01 
 2.615772e+01  9.928932e-01 
 2.615804e+01  9.959038e-01 
 2.615837e+01  9.832253e-01 
 2.615869e+01  9.558996e-01 
 2.615901e+01  9.400456e-01 
 2.615934e+01  9.240276e-01 
 2.615966e+01  9.139859e-01 
 2.615998e+01  9.137637e-01 
 2.616030e+01  9.087687e-01 
 2.616063e+01  9.058287e-01 
 2.616095e+01  9.122115e-01 
 2.616127e+01  9.221709e-01 
 2.616160e+01  9.340835e-01 
 2.616192e+01  9.357338e-01 
 2.616224e+01  9.338158e-01 
 2.616257e+01  9.311443e-01 
 2.616289e+01  9.245496e-01 
 2.616321e+01  9.199671e-01 
 2.616353e+01  9.035755e-01 
 2.616386e+01  8.902689e-01 
 2.616418e+01  8.926401e-01 
 2.616450e+01  8.924470e-01 
 2.616483e+01  8.916725e-01 
 2.616515e+01  8.946582e-01 
 2.616547e+01  8.785597e-01 
 2.616580e+01  8.649606e-01 
 2.616612e+01  8.472181e-01 
 2.616644e+01  8.245694e-01 
 2.616676e+01  7.968480e-01 
 2.616709e+01  7.641164e-01 
 2.616741e+01  7.304184e-01 
 2.616773e+01  7.028625e-01 
 2.616806e+01  6.823184e-01 
 2.616838e+01  6.660147e-01 
 2.616870e+01  6.535668e-01 
 2.616903e+01  6.438972e-01 
 2.616935e+01  6.355931e-01 
 2.616967e+01  6.299800e-01 
 2.616999e+01  6.193188e-01 
 2.617032e+01  6.048713e-01 
 2.617064e+01  5.853821e-01 
 2.617096e+01  5.642821e-01 
 2.617129e+01  5.426839e-01 
 2.617161e+01  5.305980e-01 
 2.617193e+01  5.290707e-01 
 2.617226e+01  5.271698e-01 
 2.617258e+01  5.188016e-01 
 2.617290e+01  5.211484e-01 
 2.617322e+01  5.272508e-01 
 2.617355e+01  5.332423e-01 
 2.617387e+01  5.345891e-01 
 2.617419e+01  5.283408e-01 
 2.617452e+01  5.148380e-01 
 2.617484e+01  4.982082e-01 
 2.617516e+01  4.757779e-01 
 2.617549e+01  4.483488e-01 
 2.617581e+01  4.208232e-01 
 2.617613e+01  4.058588e-01 
 2.617645e+01  4.023272e-01 
 2.617678e+01  4.028534e-01 
 2.617710e+01  4.055633e-01 
 2.617742e+01  4.077649e-01 
 2.617775e+01  4.139541e-01 
 2.617807e+01  4.232787e-01 
 2.617839e+01  4.273527e-01 
 2.617872e+01  4.273780e-01 
 2.617904e+01  4.236221e-01 
 2.617936e+01  4.132744e-01 
 2.617968e+01  4.046368e-01 
 2.618001e+01  4.010439e-01 
 2.618033e+01  4.001259e-01 
 2.618065e+01  3.997720e-01 
 2.618098e+01  4.020274e-01 
 2.618130e+01  4.077117e-01 
 2.618162e+01  4.219263e-01 
 2.618195e+01  4.377154e-01 
 2.618227e+01  4.467955e-01 
 2.618259e+01  4.560055e-01 
 2.618291e+01  4.603478e-01 
 2.618324e+01  4.617068e-01 
 2.618356e+01  4.593003e-01 
 2.618388e+01  4.524473e-01 
 2.618421e+01  4.444329e-01 
 2.618453e+01  4.322422e-01 
 2.618485e+01  4.260943e-01 
 2.618517e+01  4.189954e-01 
 2.618550e+01  4.106891e-01 
 2.618582e+01  4.078185e-01 
 2.618614e+01  4.039519e-01 
 2.618647e+01  3.975878e-01 
 2.618679e+01  3.863920e-01 
 2.618711e+01  3.745379e-01 
 2.618744e+01  3.568422e-01 
 2.618776e+01  3.347374e-01 
 2.618808e+01  3.103719e-01 
 2.618840e+01  2.897100e-01 
 2.618873e+01  2.692366e-01 
 2.618905e+01  2.511608e-01 
 2.618937e+01  2.349217e-01 
 2.618970e+01  2.239618e-01 
 2.619002e+01  2.182763e-01 
 2.619034e+01  2.123590e-01 
 2.619067e+01  2.060064e-01 
 2.619099e+01  1.955810e-01 
 2.619131e+01  1.803099e-01 
 2.619163e+01  1.594607e-01 
 2.619196e+01  1.326913e-01 
 2.619228e+01  1.053957e-01 
 2.619260e+01  7.966994e-02 
 2.619293e+01  5.588207e-02 
 2.619325e+01  3.650168e-02 
 2.619357e+01  2.706626e-02 
 2.619390e+01  2.289175e-02 
 2.619422e+01  1.579648e-02 
 2.619454e+01  5.934026e-03 
 2.619486e+01 -2.632335e-03 
 2.619519e+01 -1.265407e-02 
 2.619551e+01 -2.564040e-02 
 2.619583e+01 -4.538958e-02 
 2.619616e+01 -6.900921e-02 
 2.619648e+01 -9.407603e-02 
 2.619680e+01 -1.159937e-01 
 2.619713e+01 -1.373560e-01 
 2.619745e+01 -1.587287e-01 
 2.619777e+01 -1.762175e-01 
 2.619809e+01 -1.913460e-01 
 2.619842e+01 -2.039772e-01 
 2.619874e+01 -2.133369e-01 
 2.619906e+01 -2.223738e-01 
 2.619939e+01 -2.368486e-01 
 2.619971e+01 -2.557737e-01 
 2.620003e+01 -2.788926e-01 
 2.620036e+01 -3.038486e-01 
 2.620068e+01 -3.265198e-01 
 2.620100e+01 -3.488315e-01 
 2.620132e+01 -3.681039e-01 
 2.620165e+01 -3.858642e-01 
 2.620197e+01 -3.966108e-01 
 2.620229e+01 -4.024018e-01 
 2.620262e+01 -4.060397e-01 
 2.620294e+01 -4.140266e-01 
 2.620326e+01 -4.281177e-01 
 2.620359e+01 -4.417441e-01 
 2.620391e+01 -4.547478e-01 
 2.620423e+01 -4.714251e-01 
 2.620455e+01 -4.883937e-01 
 2.620488e+01 -5.023967e-01 
 2.620520e+01 -5.117004e-01 
 2.620552e+01 -5.163560e-01 
 2.620585e+01 -5.173152e-01 
 2.620617e+01 -5.151925e-01 
 2.620649e+01 -5.138100e-01 
 2.620682e+01 -5.154455e-01 
 2.620714e+01 -5.233663e-01 
 2.620746e+01 -5.326656e-01 
 2.620778e+01 -5.417096e-01 
 2.620811e+01 -5.553237e-01 
 2.620843e+01 -5.686700e-01 
 2.620875e+01 -5.796462e-01 
 2.620908e+01 -5.893170e-01 
 2.620940e+01 -5.956382e-01 
 2.620972e+01 -5.972403e-01 
 2.621005e+01 -5.929950e-01 
 2.621037e+01 -5.844283e-01 
 2.621069e+01 -5.746040e-01 
 2.621101e+01 -5.702246e-01 
 2.621134e+01 -5.694895e-01 
 2.621166e+01 -5.689057e-01 
 2.621198e+01 -5.726143e-01 
 2.621231e+01 -5.759680e-01 
 2.621263e+01 -5.739945e-01 
 2.621295e+01 -5.645976e-01 
 2.621327e+01 -5.504994e-01 
 2.621360e+01 -5.335193e-01 
 2.621392e+01 -5.130119e-01 
 2.621424e+01 -4.901789e-01 
 2.621457e+01 -4.660429e-01 
 2.621489e+01 -4.439765e-01 
 2.621521e+01 -4.279042e-01 
 2.621554e+01 -4.143075e-01 
 2.621586e+01 -4.039587e-01 
 2.621618e+01 -3.919369e-01 
 2.621650e+01 -3.811480e-01 
 2.621683e+01 -3.743207e-01 
 2.621715e+01 -3.684724e-01 
 2.621747e+01 -3.600821e-01 
 2.621780e+01 -3.478124e-01 
 2.621812e+01 -3.346556e-01 
 2.621844e+01 -3.211164e-01 
 2.621877e+01 -3.058462e-01 
 2.621909e+01 -2.913975e-01 
 2.621941e+01 -2.794606e-01 
 2.621973e+01 -2.678007e-01 
 2.622006e+01 -2.651623e-01 
 2.622038e+01 -2.669910e-01 
 2.622070e+01 -2.663601e-01 
 2.622103e+01 -2.599682e-01 
 2.622135e+01 -2.491937e-01 
 2.622167e+01 -2.359401e-01 
 2.622200e+01 -2.219830e-01 
 2.622232e+01 -2.066879e-01 
 2.622264e+01 -1.889473e-01 
 2.622296e+01 -1.695344e-01 
 2.622329e+01 -1.546322e-01 
 2.622361e+01 -1.433929e-01 
 2.622393e+01 -1.357919e-01 
 2.622426e+01 -1.287159e-01 
 2.622458e+01 -1.208593e-01 
 2.622490e+01 -1.134924e-01 
 2.622523e+01 -1.064018e-01 
 2.622555e+01 -9.804090e-02 
 2.622587e+01 -8.723748e-02 
 2.622619e+01 -7.350623e-02 
 2.622652e+01 -5.738625e-02 
 2.622684e+01 -3.992081e-02 
 2.622716e+01 -2.566191e-02 
 2.622749e+01 -1.617420e-02 
 2.622781e+01 -1.325145e-02 
 2.622813e+01 -5.536886e-03 
 2.622846e+01  1.599326e-03 
 2.622878e+01  6.194775e-03 
 2.622910e+01  8.799915e-03 
 2.622942e+01  1.578815e-02 
 2.622975e+01  2.394566e-02 
 2.623007e+01  3.562262e-02 
 2.623039e+01  4.685250e-02 
 2.623072e+01  7.003700e-02 
 2.623104e+01  9.636792e-02 
 2.623136e+01  1.105744e-01 
 2.623169e+01  1.369506e-01 
 2.623201e+01  1.628861e-01 
 2.623233e+01  1.866110e-01 
 2.623265e+01  2.085870e-01 
 2.623298e+01  2.295179e-01 
 2.623330e+01  2.551715e-01 
 2.623362e+01  2.836135e-01 
 2.623395e+01  3.139845e-01 
 2.623427e+01  3.469114e-01 
 2.623459e+01  3.807319e-01 
 2.623492e+01  4.126970e-01 
 2.623524e+01  4.426011e-01 
 2.623556e+01  4.681849e-01 
 2.623588e+01  4.891907e-01 
 2.623621e+01  5.051142e-01 
 2.623653e+01  5.166079e-01 
 2.623685e+01  5.241123e-01 
 2.623718e+01  5.317349e-01 
 2.623750e+01  5.390421e-01 
 2.623782e+01  5.470377e-01 
 2.623815e+01  5.583269e-01 
 2.623847e+01  5.548974e-01 
 2.623879e+01  5.752894e-01 
 2.623911e+01  5.970204e-01 
 2.623944e+01  6.165345e-01 
 2.623976e+01  6.163431e-01 
 2.624008e+01  6.206337e-01 
 2.624041e+01  6.224324e-01 
 2.624073e+01  6.171194e-01 
 2.624105e+01  6.065349e-01 
 2.624138e+01  5.954140e-01 
 2.624170e+01  5.867367e-01 
 2.624202e+01  5.819961e-01 
 2.624234e+01  5.822496e-01 
 2.624267e+01  5.826752e-01 
 2.624299e+01  5.818525e-01 
 2.624331e+01  5.818502e-01 
 2.624364e+01  5.815559e-01 
 2.624396e+01  5.754728e-01 
 2.624428e+01  5.636985e-01 
 2.624460e+01  5.497814e-01 
 2.624493e+01  5.329791e-01 
 2.624525e+01  5.123845e-01 
 2.624557e+01  4.925580e-01 
 2.624590e+01  4.720634e-01 
 2.624622e+01  4.530211e-01 
 2.624654e+01  4.355124e-01 
 2.624687e+01  4.221108e-01 
 2.624719e+01  4.132744e-01 
 2.624751e+01  4.037566e-01 
 2.624783e+01  3.928464e-01 
 2.624816e+01  3.782633e-01 
 2.624848e+01  3.816253e-01 
 2.624880e+01  3.604410e-01 
 2.624913e+01  3.386744e-01 
 2.624945e+01  3.151810e-01 
 2.624977e+01  2.924834e-01 
 2.625010e+01  2.733573e-01 
 2.625042e+01  2.591778e-01 
 2.625074e+01  2.508824e-01 
 2.625106e+01  2.471570e-01 
 2.625139e+01  2.438526e-01 
 2.625171e+01  2.369845e-01 
 2.625203e+01  2.285435e-01 
 2.625236e+01  2.182116e-01 
 2.625268e+01  2.031381e-01 
 2.625300e+01  1.835931e-01 
 2.625333e+01  1.618109e-01 
 2.625365e+01  1.397647e-01 
 2.625397e+01  1.313689e-01 
 2.625429e+01  1.199782e-01 
 2.625462e+01  1.059887e-01 
 2.625494e+01  9.444102e-02 
 2.625526e+01  8.749099e-02 
 2.625559e+01  8.248240e-02 
 2.625591e+01  7.923167e-02 
 2.625623e+01  7.811984e-02 
 2.625656e+01  7.669440e-02 
 2.625688e+01  7.415606e-02 
 2.625720e+01  7.071026e-02 
 2.625752e+01  6.569658e-02 
 2.625785e+01  5.867835e-02 
 2.625817e+01  5.030848e-02 
 2.625849e+01  5.893286e-02 
 2.625882e+01  4.667894e-02 
 2.625914e+01  3.633163e-02 
 2.625946e+01  3.048354e-02 
 2.625979e+01  2.041922e-02 
 2.626011e+01  9.127541e-03 
 2.626043e+01 -4.065076e-03 
 2.626075e+01 -1.713933e-02 
 2.626108e+01 -3.287187e-02 
 2.626140e+01 -5.408213e-02 
 2.626172e+01 -7.857509e-02 
 2.626205e+01 -1.030496e-01 
 2.626237e+01 -1.259204e-01 
 2.626269e+01 -1.492773e-01 
 2.626302e+01 -1.749541e-01 
 2.626334e+01 -2.006135e-01 
 2.626366e+01 -2.277065e-01 
 2.626398e+01 -2.546783e-01 
 2.626431e+01 -2.807588e-01 
 2.626463e+01 -3.092820e-01 
 2.626495e+01 -3.407729e-01 
 2.626528e+01 -3.714762e-01 
 2.626560e+01 -4.034321e-01 
 2.626592e+01 -4.320172e-01 
 2.626625e+01 -4.533319e-01 
 2.626657e+01 -4.738897e-01 
 2.626689e+01 -4.927360e-01 
 2.626721e+01 -5.028113e-01 
 2.626754e+01 -5.108595e-01 
 2.626786e+01 -5.187554e-01 
 2.626818e+01 -5.270835e-01 
 2.626851e+01 -5.369228e-01 
 2.626883e+01 -5.494517e-01 
 2.626915e+01 -5.645214e-01 
 2.626948e+01 -5.614242e-01 
 2.626980e+01 -5.813301e-01 
 2.627012e+01 -6.028275e-01 
 2.627044e+01 -6.236984e-01 
 2.627077e+01 -6.435512e-01 
 2.627109e+01 -6.613100e-01 
 2.627141e+01 -6.782825e-01 
 2.627174e+01 -6.950750e-01 
 2.627206e+01 -7.126605e-01 
 2.627238e+01 -7.335969e-01 
 2.627271e+01 -7.594796e-01 
 2.627303e+01 -7.903803e-01 
 2.627335e+01 -8.234400e-01 
 2.627367e+01 -8.540778e-01 
 2.627400e+01 -8.848473e-01 
 2.627432e+01 -9.212980e-01 
 2.627464e+01 -9.563621e-01 
 2.627497e+01 -9.855681e-01 
 2.627529e+01 -1.005891e+00 
 2.627561e+01 -1.022808e+00 
 2.627594e+01 -1.037481e+00 
 2.627626e+01 -1.050693e+00 
 2.627658e+01 -1.063537e+00 
 2.627690e+01 -1.076521e+00 
 2.627723e+01 -1.089981e+00 
 2.627755e+01 -1.105780e+00 
 2.627787e+01 -1.121806e+00 
 2.627820e+01 -1.135961e+00 
 2.627852e+01 -1.147900e+00 
 2.627884e+01 -1.156108e+00 
 2.627916e+01 -1.158715e+00 
 2.627949e+01 -1.155957e+00 
 2.627981e+01 -1.146865e+00 
 2.628013e+01 -1.134764e+00 
 2.628046e+01 -1.123908e+00 
 2.628078e+01 -1.113636e+00 
 2.628110e+01 -1.104975e+00 
 2.628143e+01 -1.099583e+00 
 2.628175e+01 -1.075351e+00 
 2.628207e+01 -1.071133e+00 
 2.628239e+01 -1.069454e+00 
 2.628272e+01 -1.067546e+00 
 2.628304e+01 -1.062810e+00 
 2.628336e+01 -1.055285e+00 
 2.628369e+01 -1.047407e+00 
 2.628401e+01 -1.046645e+00 
 2.628433e+01 -1.047093e+00 
 2.628466e+01 -1.048064e+00 
 2.628498e+01 -1.046243e+00 
 2.628530e+01 -1.047855e+00 
 2.628562e+01 -1.053900e+00 
 2.628595e+01 -1.062034e+00 
 2.628627e+01 -1.069309e+00 
 2.628659e+01 -1.073275e+00 
 2.628692e+01 -1.074315e+00 
 2.628724e+01 -1.071946e+00 
 2.628756e+01 -1.066604e+00 
 2.628789e+01 -1.058161e+00 
 2.628821e+01 -1.047410e+00 
 2.628853e+01 -1.037703e+00 
 2.628885e+01 -1.030989e+00 
 2.628918e+01 -1.028124e+00 
 2.628950e+01 -1.028236e+00 
 2.628982e+01 -1.025901e+00 
 2.629015e+01 -1.025179e+00 
 2.629047e+01 -1.025230e+00 
 2.629079e+01 -1.024719e+00 
 2.629112e+01 -1.020467e+00 
 2.629144e+01 -9.929030e-01 
 2.629176e+01 -9.862296e-01 
 2.629208e+01 -9.801965e-01 
 2.629241e+01 -9.747999e-01 
 2.629273e+01 -9.721411e-01 
 2.629305e+01 -9.721416e-01 
 2.629338e+01 -9.739277e-01 
 2.629370e+01 -9.795642e-01 
 2.629402e+01 -9.873338e-01 
 2.629435e+01 -9.951572e-01 
 2.629467e+01 -1.004075e+00 
 2.629499e+01 -1.010800e+00 
 2.629531e+01 -1.025517e+00 
 2.629564e+01 -1.038815e+00 
 2.629596e+01 -1.043990e+00 
 2.629628e+01 -1.047209e+00 
 2.629661e+01 -1.049410e+00 
 2.629693e+01 -1.052732e+00 
 2.629725e+01 -1.057017e+00 
 2.629758e+01 -1.061732e+00 
 2.629790e+01 -1.065805e+00 
 2.629822e+01 -1.069794e+00 
 2.629854e+01 -1.072302e+00 
 2.629887e+01 -1.069465e+00 
 2.629919e+01 -1.061285e+00 
 2.629951e+01 -1.048816e+00 
 2.629984e+01 -1.033728e+00 
 2.630016e+01 -1.016249e+00 
 2.630048e+01 -9.988301e-01 
 2.630081e+01 -9.624045e-01 
 2.630113e+01 -9.495067e-01 
 2.630145e+01 -9.390471e-01 
 2.630177e+01 -9.262028e-01 
 2.630210e+01 -9.204431e-01 
 2.630242e+01 -9.168957e-01 
 2.630274e+01 -9.125148e-01 
 2.630307e+01 -8.937535e-01 
 2.630339e+01 -8.808306e-01 
 2.630371e+01 -8.684243e-01 
 2.630404e+01 -8.618350e-01 
 2.630436e+01 -8.540772e-01 
 2.630468e+01 -8.454482e-01 
 2.630500e+01 -8.404031e-01 
 2.630533e+01 -8.403285e-01 
 2.630565e+01 -8.374087e-01 
 2.630597e+01 -8.324166e-01 
 2.630630e+01 -8.300444e-01 
 2.630662e+01 -8.301768e-01 
 2.630694e+01 -8.313401e-01 
 2.630727e+01 -8.289323e-01 
 2.630759e+01 -8.282631e-01 
 2.630791e+01 -8.320895e-01 
 2.630823e+01 -8.265314e-01 
 2.630856e+01 -8.097834e-01 
 2.630888e+01 -7.917042e-01 
 2.630920e+01 -7.738585e-01 
 2.630953e+01 -7.505476e-01 
 2.630985e+01 -7.226492e-01 
 2.631017e+01 -7.087908e-01 
 2.631050e+01 -6.923531e-01 
 2.631082e+01 -6.795391e-01 
 2.631114e+01 -6.667283e-01 
 2.631146e+01 -6.407229e-01 
 2.631179e+01 -6.286198e-01 
 2.631211e+01 -6.143718e-01 
 2.631243e+01 -6.001424e-01 
 2.631276e+01 -5.862314e-01 
 2.631308e+01 -5.722781e-01 
 2.631340e+01 -5.536009e-01 
 2.631373e+01 -5.300637e-01 
 2.631405e+01 -5.091559e-01 
 2.631437e+01 -5.051194e-01 
 2.631469e+01 -5.047991e-01 
 2.631502e+01 -5.052147e-01 
 2.631534e+01 -5.142611e-01 
 2.631566e+01 -5.285045e-01 
 2.631599e+01 -5.441161e-01 
 2.631631e+01 -5.567017e-01 
 2.631663e+01 -5.644917e-01 
 2.631695e+01 -5.665663e-01 
 2.631728e+01 -5.723456e-01 
 2.631760e+01 -5.788542e-01 
 2.631792e+01 -5.860109e-01 
 2.631825e+01 -5.912745e-01 
 2.631857e+01 -6.102454e-01 
 2.631889e+01 -6.238649e-01 
 2.631922e+01 -6.312644e-01 
 2.631954e+01 -6.445786e-01 
 2.631986e+01 -6.599986e-01 
 2.632018e+01 -6.765060e-01 
 2.632051e+01 -6.942449e-01 
 2.632083e+01 -7.111366e-01 
 2.632115e+01 -7.287364e-01 
 2.632148e+01 -7.178487e-01 
 2.632180e+01 -7.317661e-01 
 2.632212e+01 -7.441916e-01 
 2.632245e+01 -7.417363e-01 
 2.632277e+01 -7.555435e-01 
 2.632309e+01 -7.709012e-01 
 2.632341e+01 -7.861729e-01 
 2.632374e+01 -8.011112e-01 
 2.632406e+01 -8.166561e-01 
 2.632438e+01 -8.333454e-01 
 2.632471e+01 -8.543306e-01 
 2.632503e+01 -8.747356e-01 
 2.632535e+01 -8.935266e-01 
 2.632568e+01 -9.118516e-01 
 2.632600e+01 -9.288293e-01 
 2.632632e+01 -9.438174e-01 
 2.632664e+01 -9.601758e-01 
 2.632697e+01 -9.769282e-01 
 2.632729e+01 -9.940680e-01 
 2.632761e+01 -1.012516e+00 
 2.632794e+01 -1.037912e+00 
 2.632826e+01 -1.055772e+00 
 2.632858e+01 -1.082443e+00 
 2.632891e+01 -1.111696e+00 
 2.632923e+01 -1.083511e+00 
 2.632955e+01 -1.095491e+00 
 2.632987e+01 -1.065903e+00 
 2.633020e+01 -1.072838e+00 
 2.633052e+01 -1.080618e+00 
 2.633084e+01 -1.082783e+00 
 2.633117e+01 -1.092251e+00 
 2.633149e+01 -1.093195e+00 
 2.633181e+01 -1.096237e+00 
 2.633214e+01 -1.100624e+00 
 2.633246e+01 -1.098731e+00 
 2.633278e+01 -1.096711e+00 
 2.633310e+01 -1.095452e+00 
 2.633343e+01 -1.094148e+00 
 2.633375e+01 -1.067123e+00 
 2.633407e+01 -1.062859e+00 
 2.633440e+01 -1.057713e+00 
 2.633472e+01 -1.041590e+00 
 2.633504e+01 -9.734517e-01 
 2.633537e+01 -9.571211e-01 
 2.633569e+01 -8.976569e-01 
 2.633601e+01 -8.740368e-01 
 2.633633e+01 -8.555330e-01 
 2.633666e+01 -8.389312e-01 
 2.633698e+01 -8.230979e-01 
 2.633730e+01 -8.119617e-01 
 2.633763e+01 -8.034761e-01 
 2.633795e+01 -7.971884e-01 
 2.633827e+01 -7.912688e-01 
 2.633860e+01 -7.895004e-01 
 2.633892e+01 -7.963275e-01 
 2.633924e+01 -7.977985e-01 
 2.633956e+01 -7.848727e-01 
 2.633989e+01 -7.792271e-01 
 2.634021e+01 -7.777238e-01 
 2.634053e+01 -7.833516e-01 
 2.634086e+01 -7.985496e-01 
 2.634118e+01 -8.025733e-01 
 2.634150e+01 -8.042954e-01 
 2.634183e+01 -8.084071e-01 
 2.634215e+01 -8.145540e-01 
 2.634247e+01 -8.232291e-01 
 2.634279e+01 -8.085698e-01 
 2.634312e+01 -8.120618e-01 
 2.634344e+01 -8.096069e-01 
 2.634376e+01 -8.064539e-01 
 2.634409e+01 -8.022077e-01 
 2.634441e+01 -7.929678e-01 
 2.634473e+01 -7.691961e-01 
 2.634506e+01 -7.629381e-01 
 2.634538e+01 -7.599119e-01 
 2.634570e+01 -7.590536e-01 
 2.634602e+01 -7.643411e-01 
 2.634635e+01 -7.706522e-01 
 2.634667e+01 -7.820837e-01 
 2.634699e+01 -7.965852e-01 
 2.634732e+01 -8.102386e-01 
 2.634764e+01 -8.158100e-01 
 2.634796e+01 -8.178498e-01 
 2.634828e+01 -8.259894e-01 
 2.634861e+01 -8.342901e-01 
 2.634893e+01 -8.382594e-01 
 2.634925e+01 -8.422077e-01 
 2.634958e+01 -8.598096e-01 
 2.634990e+01 -8.687675e-01 
 2.635022e+01 -8.770889e-01 
 2.635055e+01 -8.869882e-01 
 2.635087e+01 -8.961778e-01 
 2.635119e+01 -9.001210e-01 
 2.635151e+01 -9.021347e-01 
 2.635184e+01 -9.029921e-01 
 2.635216e+01 -9.182560e-01 
 2.635248e+01 -9.256719e-01 
 2.635281e+01 -9.252454e-01 
 2.635313e+01 -9.271569e-01 
 2.635345e+01 -9.299597e-01 
 2.635378e+01 -9.326925e-01 
 2.635410e+01 -9.125704e-01 
 2.635442e+01 -9.117688e-01 
 2.635474e+01 -9.091453e-01 
 2.635507e+01 -9.053841e-01 
 2.635539e+01 -8.983602e-01 
 2.635571e+01 -8.903351e-01 
 2.635604e+01 -8.840833e-01 
 2.635636e+01 -8.748205e-01 
 2.635668e+01 -8.724898e-01 
 2.635701e+01 -8.689518e-01 
 2.635733e+01 -8.729730e-01 
 2.635765e+01 -8.628819e-01 
 2.635797e+01 -8.689631e-01 
 2.635830e+01 -8.751350e-01 
 2.635862e+01 -8.781291e-01 
 2.635894e+01 -8.785629e-01 
 2.635927e+01 -8.833920e-01 
 2.635959e+01 -8.889573e-01 
 2.635991e+01 -8.841511e-01 
 2.636024e+01 -8.773114e-01 
 2.636056e+01 -8.715363e-01 
 2.636088e+01 -8.677049e-01 
 2.636120e+01 -8.639626e-01 
 2.636153e+01 -8.607990e-01 
 2.636185e+01 -8.609094e-01 
 2.636217e+01 -8.635443e-01 
 2.636250e+01 -8.668078e-01 
 2.636282e+01 -8.658731e-01 
 2.636314e+01 -8.759892e-01 
 2.636347e+01 -8.788753e-01 
 2.636379e+01 -8.711089e-01 
 2.636411e+01 -8.624472e-01 
 2.636443e+01 -8.561991e-01 
 2.636476e+01 -8.513110e-01 
 2.636508e+01 -8.514990e-01 
 2.636540e+01 -8.552450e-01 
 2.636573e+01 -8.600019e-01 
 2.636605e+01 -8.654923e-01 
 2.636637e+01 -8.719244e-01 
 2.636670e+01 -8.790668e-01 
 2.636702e+01 -8.674470e-01 
 2.636734e+01 -8.776059e-01 
 2.636766e+01 -8.870824e-01 
 2.636799e+01 -8.960686e-01 
 2.636831e+01 -9.061475e-01 
 2.636863e+01 -9.196807e-01 
 2.636896e+01 -9.374056e-01 
 2.636928e+01 -9.561298e-01 
 2.636960e+01 -9.776874e-01 
 2.636993e+01 -9.979068e-01 
 2.637025e+01 -1.014176e+00 
 2.637057e+01 -1.031334e+00 
 2.637089e+01 -1.054972e+00 
 2.637122e+01 -1.102631e+00 
 2.637154e+01 -1.120351e+00 
 2.637186e+01 -1.136932e+00 
 2.637219e+01 -1.158355e+00 
 2.637251e+01 -1.182858e+00 
 2.637283e+01 -1.201703e+00 
 2.637316e+01 -1.222454e+00 
 2.637348e+01 -1.242309e+00 
 2.637380e+01 -1.261529e+00 
 2.637412e+01 -1.278545e+00 
 2.637445e+01 -1.294067e+00 
 2.637477e+01 -1.307737e+00 
 2.637509e+01 -1.320805e+00 
 2.637542e+01 -1.332512e+00 
 2.637574e+01 -1.342672e+00 
 2.637606e+01 -1.350912e+00 
 2.637639e+01 -1.362765e+00 
 2.637671e+01 -1.375272e+00 
 2.637703e+01 -1.385703e+00 
 2.637735e+01 -1.397547e+00 
 2.637768e+01 -1.406626e+00 
 2.637800e+01 -1.417227e+00 
 2.637832e+01 -1.425911e+00 
 2.637865e+01 -1.431298e+00 
 2.637897e+01 -1.434215e+00 
 2.637929e+01 -1.377818e+00 
 2.637962e+01 -1.373348e+00 
 2.637994e+01 -1.369582e+00 
 2.638026e+01 -1.367085e+00 
 2.638058e+01 -1.365608e+00 
 2.638091e+01 -1.365104e+00 
 2.638123e+01 -1.365673e+00 
 2.638155e+01 -1.367155e+00 
 2.638188e+01 -1.371234e+00 
 2.638220e+01 -1.375089e+00 
 2.638252e+01 -1.377815e+00 
 2.638285e+01 -1.377856e+00 
 2.638317e+01 -1.374497e+00 
 2.638349e+01 -1.368978e+00 
 2.638381e+01 -1.361365e+00 
 2.638414e+01 -1.353306e+00 
 2.638446e+01 -1.346215e+00 
 2.638478e+01 -1.340286e+00 
 2.638511e+01 -1.334377e+00 
 2.638543e+01 -1.327008e+00 
 2.638575e+01 -1.318178e+00 
 2.638607e+01 -1.309037e+00 
 2.638640e+01 -1.298060e+00 
 2.638672e+01 -1.285789e+00 
 2.638704e+01 -1.273173e+00 
 2.638737e+01 -1.253204e+00 
 2.638769e+01 -1.234596e+00 
 2.638801e+01 -1.209815e+00 
 2.638834e+01 -1.193535e+00 
 2.638866e+01 -1.177561e+00 
 2.638898e+01 -1.162357e+00 
 2.638930e+01 -1.148478e+00 
 2.638963e+01 -1.139248e+00 
 2.638995e+01 -1.134481e+00 
 2.639027e+01 -1.132616e+00 
 2.639060e+01 -1.133261e+00 
 2.639092e+01 -1.128039e+00 
 2.639124e+01 -1.130874e+00 
 2.639157e+01 -1.135385e+00 
 2.639189e+01 -1.138856e+00 
 2.639221e+01 -1.140504e+00 
 2.639253e+01 -1.088465e+00 
 2.639286e+01 -1.085472e+00 
 2.639318e+01 -1.081053e+00 
 2.639350e+01 -1.076250e+00 
 2.639383e+01 -1.070640e+00 
 2.639415e+01 -1.061631e+00 
 2.639447e+01 -1.058065e+00 
 2.639480e+01 -1.057618e+00 
 2.639512e+01 -1.060892e+00 
 2.639544e+01 -1.064684e+00 
 2.639576e+01 -1.066988e+00 
 2.639609e+01 -1.069286e+00 
 2.639641e+01 -1.066358e+00 
 2.639673e+01 -1.063731e+00 
 2.639706e+01 -1.060372e+00 
 2.639738e+01 -1.055698e+00 
 2.639770e+01 -1.049557e+00 
 2.639803e+01 -1.035034e+00 
 2.639835e+01 -1.032169e+00 
 2.639867e+01 -1.031772e+00 
 2.639899e+01 -1.033936e+00 
 2.639932e+01 -1.038338e+00 
 2.639964e+01 -1.045051e+00 
 2.639996e+01 -1.053138e+00 
 2.640029e+01 -1.061768e+00 
 2.640061e+01 -1.075499e+00 
 2.640093e+01 -1.088091e+00 
 2.640126e+01 -1.095144e+00 
 2.640158e+01 -1.102209e+00 
 2.640190e+01 -1.111699e+00 
 2.640222e+01 -1.127135e+00 
 2.640255e+01 -1.138338e+00 
 2.640287e+01 -1.150191e+00 
 2.640319e+01 -1.161902e+00 
 2.640352e+01 -1.172574e+00 
 2.640384e+01 -1.182472e+00 
 2.640416e+01 -1.185676e+00 
 2.640449e+01 -1.190290e+00 
 2.640481e+01 -1.193495e+00 
 2.640513e+01 -1.192986e+00 
 2.640545e+01 -1.191240e+00 
 2.640578e+01 -1.188956e+00 
 2.640610e+01 -1.186092e+00 
 2.640642e+01 -1.189011e+00 
 2.640675e+01 -1.190077e+00 
 2.640707e+01 -1.195854e+00 
 2.640739e+01 -1.201651e+00 
 2.640772e+01 -1.206977e+00 
 2.640804e+01 -1.210816e+00 
 2.640836e+01 -1.211082e+00 
 2.640868e+01 -1.207223e+00 
 2.640901e+01 -1.204820e+00 
 2.640933e+01 -1.201386e+00 
 2.640965e+01 -1.194652e+00 
 2.640998e+01 -1.192970e+00 
 2.641030e+01 -1.194356e+00 
 2.641062e+01 -1.199051e+00 
 2.641095e+01 -1.206042e+00 
 2.641127e+01 -1.213099e+00 
 2.641159e+01 -1.219080e+00 
 2.641191e+01 -1.226676e+00 
 2.641224e+01 -1.231989e+00 
 2.641256e+01 -1.235015e+00 
 2.641288e+01 -1.235824e+00 
 2.641321e+01 -1.236521e+00 
 2.641353e+01 -1.237692e+00 
 2.641385e+01 -1.237491e+00 
 2.641418e+01 -1.239021e+00 
 2.641450e+01 -1.241504e+00 
 2.641482e+01 -1.247196e+00 
 2.641514e+01 -1.255915e+00 
 2.641547e+01 -1.263675e+00 
 2.641579e+01 -1.269499e+00 
 2.641611e+01 -1.275301e+00 
 2.641644e+01 -1.274523e+00 
 2.641676e+01 -1.273164e+00 
 2.641708e+01 -1.271712e+00 
 2.641741e+01 -1.263640e+00 
 2.641773e+01 -1.263655e+00 
 2.641805e+01 -1.264715e+00 
 2.641837e+01 -1.268356e+00 
 2.641870e+01 -1.271973e+00 
 2.641902e+01 -1.280436e+00 
 2.641934e+01 -1.290305e+00 
 2.641967e+01 -1.300418e+00 
 2.641999e+01 -1.311324e+00 
 2.642031e+01 -1.321060e+00 
 2.642064e+01 -1.329382e+00 
 2.642096e+01 -1.336938e+00 
 2.642128e+01 -1.343685e+00 
 2.642160e+01 -1.351359e+00 
 2.642193e+01 -1.360565e+00 
 2.642225e+01 -1.369972e+00 
 2.642257e+01 -1.380568e+00 
 2.642290e+01 -1.392429e+00 
 2.642322e+01 -1.405445e+00 
 2.642354e+01 -1.417491e+00 
 2.642387e+01 -1.430943e+00 
 2.642419e+01 -1.443835e+00 
 2.642451e+01 -1.454616e+00 
 2.642483e+01 -1.465196e+00 
 2.642516e+01 -1.475943e+00 
 2.642548e+01 -1.492912e+00 
 2.642580e+01 -1.504984e+00 
 2.642613e+01 -1.511255e+00 
 2.642645e+01 -1.516983e+00 
 2.642677e+01 -1.522206e+00 
 2.642709e+01 -1.527316e+00 
 2.642742e+01 -1.532510e+00 
 2.642774e+01 -1.539940e+00 
 2.642806e+01 -1.546090e+00 
 2.642839e+01 -1.547529e+00 
 2.642871e+01 -1.547392e+00 
 2.642903e+01 -1.546508e+00 
 2.642936e+01 -1.544568e+00 
 2.642968e+01 -1.541765e+00 
 2.643000e+01 -1.538419e+00 
 2.643032e+01 -1.534153e+00 
 2.643065e+01 -1.527461e+00 
 2.643097e+01 -1.522779e+00 
 2.643129e+01 -1.519902e+00 
 2.643162e+01 -1.515949e+00 
 2.643194e+01 -1.480421e+00 
 2.643226e+01 -1.473662e+00 
 2.643259e+01 -1.465899e+00 
 2.643291e+01 -1.460666e+00 
 2.643323e+01 -1.454881e+00 
 2.643355e+01 -1.448490e+00 
 2.643388e+01 -1.440770e+00 
 2.643420e+01 -1.420077e+00 
 2.643452e+01 -1.412204e+00 
 2.643485e+01 -1.404578e+00 
 2.643517e+01 -1.397699e+00 
 2.643549e+01 -1.365231e+00 
 2.643582e+01 -1.356982e+00 
 2.643614e+01 -1.349304e+00 
 2.643646e+01 -1.340894e+00 
 2.643678e+01 -1.330357e+00 
 2.643711e+01 -1.319051e+00 
 2.643743e+01 -1.313134e+00 
 2.643775e+01 -1.304543e+00 
 2.643808e+01 -1.294111e+00 
 2.643840e+01 -1.282515e+00 
 2.643872e+01 -1.267650e+00 
 2.643905e+01 -1.254738e+00 
 2.643937e+01 -1.240193e+00 
 2.643969e+01 -1.228609e+00 
 2.644001e+01 -1.217546e+00 
 2.644034e+01 -1.208786e+00 
 2.644066e+01 -1.200596e+00 
 2.644098e+01 -1.193962e+00 
 2.644131e+01 -1.180163e+00 
 2.644163e+01 -1.164512e+00 
 2.644195e+01 -1.157032e+00 
 2.644228e+01 -1.148016e+00 
 2.644260e+01 -1.139050e+00 
 2.644292e+01 -1.131968e+00 
 2.644324e+01 -1.127211e+00 
 2.644357e+01 -1.127975e+00 
 2.644389e+01 -1.128419e+00 
 2.644421e+01 -1.132473e+00 
 2.644454e+01 -1.137941e+00 
 2.644486e+01 -1.144997e+00 
 2.644518e+01 -1.152843e+00 
 2.644551e+01 -1.164742e+00 
 2.644583e+01 -1.177808e+00 
 2.644615e+01 -1.178396e+00 
 2.644647e+01 -1.184653e+00 
 2.644680e+01 -1.190175e+00 
 2.644712e+01 -1.194859e+00 
 2.644744e+01 -1.199655e+00 
 2.644777e+01 -1.204450e+00 
 2.644809e+01 -1.210334e+00 
 2.644841e+01 -1.159844e+00 
 2.644874e+01 -1.160871e+00 
 2.644906e+01 -1.158721e+00 
 2.644938e+01 -1.159923e+00 
 2.644970e+01 -1.162076e+00 
 2.645003e+01 -1.165128e+00 
 2.645035e+01 -1.168775e+00 
 2.645067e+01 -1.173240e+00 
 2.645100e+01 -1.177691e+00 
 2.645132e+01 -1.184328e+00 
 2.645164e+01 -1.189235e+00 
 2.645197e+01 -1.201440e+00 
 2.645229e+01 -1.213997e+00 
 2.645261e+01 -1.226891e+00 
 2.645293e+01 -1.240291e+00 
 2.645326e+01 -1.254100e+00 
 2.645358e+01 -1.267139e+00 
 2.645390e+01 -1.277239e+00 
 2.645423e+01 -1.295818e+00 
 2.645455e+01 -1.313688e+00 
 2.645487e+01 -1.335459e+00 
 2.645520e+01 -1.353933e+00 
 2.645552e+01 -1.375100e+00 
 2.645584e+01 -1.396558e+00 
 2.645616e+01 -1.415964e+00 
 2.645649e+01 -1.432969e+00 
 2.645681e+01 -1.446508e+00 
 2.645713e+01 -1.457678e+00 
 2.645746e+01 -1.466811e+00 
 2.645778e+01 -1.474521e+00 
 2.645810e+01 -1.482287e+00 
 2.645843e+01 -1.490677e+00 
 2.645875e+01 -1.498178e+00 
 2.645907e+01 -1.503302e+00 
 2.645939e+01 -1.501593e+00 
 2.645972e+01 -1.499579e+00 
 2.646004e+01 -1.496185e+00 
 2.646036e+01 -1.489556e+00 
 2.646069e+01 -1.479263e+00 
 2.646101e+01 -1.473061e+00 
 2.646133e+01 -1.469625e+00 
 2.646166e+01 -1.466677e+00 
 2.646198e+01 -1.465624e+00 
 2.646230e+01 -1.461098e+00 
 2.646262e+01 -1.464389e+00 
 2.646295e+01 -1.467028e+00 
 2.646327e+01 -1.470651e+00 
 2.646359e+01 -1.471944e+00 
 2.646392e+01 -1.479892e+00 
 2.646424e+01 -1.486141e+00 
 2.646456e+01 -1.491224e+00 
 2.646489e+01 -1.490904e+00 
 2.646521e+01 -1.492395e+00 
 2.646553e+01 -1.493877e+00 
 2.646585e+01 -1.448276e+00 
 2.646618e+01 -1.447757e+00 
 2.646650e+01 -1.447811e+00 
 2.646682e+01 -1.450498e+00 
 2.646715e+01 -1.453627e+00 
 2.646747e+01 -1.457933e+00 
 2.646779e+01 -1.464286e+00 
 2.646811e+01 -1.471372e+00 
 2.646844e+01 -1.467849e+00 
 2.646876e+01 -1.466415e+00 
 2.646908e+01 -1.465254e+00 
 2.646941e+01 -1.463804e+00 
 2.646973e+01 -1.461484e+00 
 2.647005e+01 -1.459648e+00 
 2.647038e+01 -1.458294e+00 
 2.647070e+01 -1.457982e+00 
 2.647102e+01 -1.458179e+00 
 2.647134e+01 -1.459107e+00 
 2.647167e+01 -1.460938e+00 
 2.647199e+01 -1.463336e+00 
 2.647231e+01 -1.413133e+00 
 2.647264e+01 -1.416230e+00 
 2.647296e+01 -1.418856e+00 
 2.647328e+01 -1.431268e+00 
 2.647361e+01 -1.442616e+00 
 2.647393e+01 -1.450484e+00 
 2.647425e+01 -1.450970e+00 
 2.647457e+01 -1.451922e+00 
 2.647490e+01 -1.453209e+00 
 2.647522e+01 -1.454280e+00 
 2.647554e+01 -1.456053e+00 
 2.647587e+01 -1.458551e+00 
 2.647619e+01 -1.461387e+00 
 2.647651e+01 -1.464951e+00 
 2.647684e+01 -1.465031e+00 
 2.647716e+01 -1.462927e+00 
 2.647748e+01 -1.460309e+00 
 2.647780e+01 -1.458380e+00 
 2.647813e+01 -1.456423e+00 
 2.647845e+01 -1.454061e+00 
 2.647877e+01 -1.451995e+00 
 2.647910e+01 -1.450133e+00 
 2.647942e+01 -1.448010e+00 
 2.647974e+01 -1.446697e+00 
 2.648007e+01 -1.444542e+00 
 2.648039e+01 -1.442023e+00 
 2.648071e+01 -1.437811e+00 
 2.648103e+01 -1.433760e+00 
 2.648136e+01 -1.430569e+00 
 2.648168e+01 -1.424274e+00 
 2.648200e+01 -1.418146e+00 
 2.648233e+01 -1.410531e+00 
 2.648265e+01 -1.403203e+00 
 2.648297e+01 -1.396581e+00 
 2.648330e+01 -1.382390e+00 
 2.648362e+01 -1.373616e+00 
 2.648394e+01 -1.367067e+00 
 2.648426e+01 -1.362127e+00 
 2.648459e+01 -1.358080e+00 
 2.648491e+01 -1.354778e+00 
 2.648523e+01 -1.351648e+00 
 2.648556e+01 -1.347646e+00 
 2.648588e+01 -1.342456e+00 
 2.648620e+01 -1.338921e+00 
 2.648653e+01 -1.333286e+00 
 2.648685e+01 -1.325376e+00 
 2.648717e+01 -1.314745e+00 
 2.648749e+01 -1.303162e+00 
 2.648782e+01 -1.293176e+00 
 2.648814e+01 -1.285712e+00 
 2.648846e+01 -1.279966e+00 
 2.648879e+01 -1.274540e+00 
 2.648911e+01 -1.266182e+00 
 2.648943e+01 -1.260060e+00 
 2.648976e+01 -1.252018e+00 
 2.649008e+01 -1.241845e+00 
 2.649040e+01 -1.230730e+00 
 2.649072e+01 -1.217948e+00 
 2.649105e+01 -1.203984e+00 
 2.649137e+01 -1.189984e+00 
 2.649169e+01 -1.177106e+00 
 2.649202e+01 -1.165277e+00 
 2.649234e+01 -1.153747e+00 
 2.649266e+01 -1.147228e+00 
 2.649299e+01 -1.139715e+00 
 2.649331e+01 -1.132463e+00 
 2.649363e+01 -1.124983e+00 
 2.649395e+01 -1.117421e+00 
 2.649428e+01 -1.110069e+00 
 2.649460e+01 -1.048379e+00 
 2.649492e+01 -1.040251e+00 
 2.649525e+01 -1.033461e+00 
 2.649557e+01 -1.027706e+00 
 2.649589e+01 -1.022822e+00 
 2.649622e+01 -1.023156e+00 
 2.649654e+01 -1.028554e+00 
 2.649686e+01 -1.037519e+00 
 2.649718e+01 -1.047712e+00 
 2.649751e+01 -1.057709e+00 
 2.649783e+01 -1.067475e+00 
 2.649815e+01 -1.077116e+00 
 2.649848e+01 -1.086884e+00 
 2.649880e+01 -1.096270e+00 
 2.649912e+01 -1.104615e+00 
 2.649945e+01 -1.110969e+00 
 2.649977e+01 -1.116813e+00 
 2.650009e+01 -1.123996e+00 
 2.650041e+01 -1.134122e+00 
 2.650074e+01 -1.147078e+00 
 2.650106e+01 -1.161421e+00 
 2.650138e+01 -1.176730e+00 
 2.650171e+01 -1.192423e+00 
 2.650203e+01 -1.207274e+00 
 2.650235e+01 -1.220958e+00 
 2.650268e+01 -1.232293e+00 
 2.650300e+01 -1.242361e+00 
 2.650332e+01 -1.252116e+00 
 2.650364e+01 -1.261674e+00 
 2.650397e+01 -1.271929e+00 
 2.650429e+01 -1.284172e+00 
 2.650461e+01 -1.298647e+00 
 2.650494e+01 -1.313870e+00 
 2.650526e+01 -1.330591e+00 
 2.650558e+01 -1.348160e+00 
 2.650590e+01 -1.364413e+00 
 2.650623e+01 -1.379631e+00 
 2.650655e+01 -1.394202e+00 
 2.650687e+01 -1.409203e+00 
 2.650720e+01 -1.422634e+00 
 2.650752e+01 -1.434566e+00 
 2.650784e+01 -1.445102e+00 
 2.650817e+01 -1.455239e+00 
 2.650849e+01 -1.465981e+00 
 2.650881e+01 -1.472827e+00 
 2.650913e+01 -1.485154e+00 
 2.650946e+01 -1.495396e+00 
 2.650978e+01 -1.503454e+00 
 2.651010e+01 -1.510040e+00 
 2.651043e+01 -1.515706e+00 
 2.651075e+01 -1.520562e+00 
 2.651107e+01 -1.524373e+00 
 2.651140e+01 -1.527448e+00 
 2.651172e+01 -1.530524e+00 
 2.651204e+01 -1.510767e+00 
 2.651236e+01 -1.516586e+00 
 2.651269e+01 -1.521725e+00 
 2.651301e+01 -1.526559e+00 
 2.651333e+01 -1.531519e+00 
 2.651366e+01 -1.536962e+00 
 2.651398e+01 -1.543949e+00 
 2.651430e+01 -1.551335e+00 
 2.651463e+01 -1.557285e+00 
 2.651495e+01 -1.561206e+00 
 2.651527e+01 -1.558332e+00 
 2.651559e+01 -1.558124e+00 
 2.651592e+01 -1.554128e+00 
 2.651624e+01 -1.547349e+00 
 2.651656e+01 -1.539700e+00 
 2.651689e+01 -1.535080e+00 
 2.651721e+01 -1.531613e+00 
 2.651753e+01 -1.528554e+00 
 2.651786e+01 -1.525317e+00 
 2.651818e+01 -1.522297e+00 
 2.651850e+01 -1.520096e+00 
 2.651882e+01 -1.517679e+00 
 2.651915e+01 -1.514077e+00 
 2.651947e+01 -1.507796e+00 
 2.651979e+01 -1.499036e+00 
 2.652012e+01 -1.489310e+00 
 2.652044e+01 -1.479672e+00 
 2.652076e+01 -1.472034e+00 
 2.652109e+01 -1.464682e+00 
 2.652141e+01 -1.458556e+00 
 2.652173e+01 -1.455279e+00 
 2.652205e+01 -1.454689e+00 
 2.652238e+01 -1.455819e+00 
 2.652270e+01 -1.456228e+00 
 2.652302e+01 -1.455553e+00 
 2.652335e+01 -1.453772e+00 
 2.652367e+01 -1.450652e+00 
 2.652399e+01 -1.445913e+00 
 2.652432e+01 -1.440886e+00 
 2.652464e+01 -1.432948e+00 
 2.652496e+01 -1.427384e+00 
 2.652528e+01 -1.423697e+00 
 2.652561e+01 -1.421112e+00 
 2.652593e+01 -1.417038e+00 
 2.652625e+01 -1.415763e+00 
 2.652658e+01 -1.414862e+00 
 2.652690e+01 -1.415083e+00 
 2.652722e+01 -1.416418e+00 
 2.652755e+01 -1.416464e+00 
 2.652787e+01 -1.412437e+00 
 2.652819e+01 -1.405485e+00 
 2.652851e+01 -1.396748e+00 
 2.652884e+01 -1.387572e+00 
 2.652916e+01 -1.379655e+00 
 2.652948e+01 -1.373634e+00 
 2.652981e+01 -1.369237e+00 
 2.653013e+01 -1.366500e+00 
 2.653045e+01 -1.365229e+00 
 2.653078e+01 -1.364905e+00 
 2.653110e+01 -1.363848e+00 
 2.653142e+01 -1.360570e+00 
 2.653174e+01 -1.353831e+00 
 2.653207e+01 -1.345201e+00 
 2.653239e+01 -1.338193e+00 
 2.653271e+01 -1.331722e+00 
 2.653304e+01 -1.325775e+00 
 2.653336e+01 -1.320636e+00 
 2.653368e+01 -1.311781e+00 
 2.653401e+01 -1.306964e+00 
 2.653433e+01 -1.303681e+00 
 2.653465e+01 -1.300867e+00 
 2.653497e+01 -1.296335e+00 
 2.653530e+01 -1.289334e+00 
 2.653562e+01 -1.278543e+00 
 2.653594e+01 -1.269837e+00 
 2.653627e+01 -1.261133e+00 
 2.653659e+01 -1.252978e+00 
 2.653691e+01 -1.243521e+00 
 2.653724e+01 -1.238182e+00 
 2.653756e+01 -1.237145e+00 
 2.653788e+01 -1.238102e+00 
 2.653820e+01 -1.238225e+00 
 2.653853e+01 -1.236753e+00 
 2.653885e+01 -1.235201e+00 
 2.653917e+01 -1.234067e+00 
 2.653950e+01 -1.232960e+00 
 2.653982e+01 -1.230729e+00 
 2.654014e+01 -1.226416e+00 
 2.654047e+01 -1.221289e+00 
 2.654079e+01 -1.216543e+00 
 2.654111e+01 -1.212814e+00 
 2.654143e+01 -1.208930e+00 
 2.654176e+01 -1.203479e+00 
 2.654208e+01 -1.195636e+00 
 2.654240e+01 -1.189545e+00 
 2.654273e+01 -1.185579e+00 
 2.654305e+01 -1.181510e+00 
 2.654337e+01 -1.172260e+00 
 2.654370e+01 -1.163476e+00 
 2.654402e+01 -1.152793e+00 
 2.654434e+01 -1.140936e+00 
 2.654466e+01 -1.130133e+00 
 2.654499e+01 -1.120490e+00 
 2.654531e+01 -1.112440e+00 
 2.654563e+01 -1.107174e+00 
 2.654596e+01 -1.099313e+00 
 2.654628e+01 -1.096416e+00 
 2.654660e+01 -1.084070e+00 
 2.654692e+01 -1.082593e+00 
 2.654725e+01 -1.079604e+00 
 2.654757e+01 -1.077842e+00 
 2.654789e+01 -1.078714e+00 
 2.654822e+01 -1.079331e+00 
 2.654854e+01 -1.079338e+00 
 2.654886e+01 -1.080288e+00 
 2.654919e+01 -1.083363e+00 
 2.654951e+01 -1.089627e+00 
 2.654983e+01 -1.099433e+00 
 2.655015e+01 -1.111149e+00 
 2.655048e+01 -1.123684e+00 
 2.655080e+01 -1.136857e+00 
 2.655112e+01 -1.151386e+00 
 2.655145e+01 -1.166755e+00 
 2.655177e+01 -1.181336e+00 
 2.655209e+01 -1.192817e+00 
 2.655242e+01 -1.200514e+00 
 2.655274e+01 -1.208559e+00 
 2.655306e+01 -1.218620e+00 
 2.655338e+01 -1.229322e+00 
 2.655371e+01 -1.239553e+00 
 2.655403e+01 -1.249712e+00 
 2.655435e+01 -1.259940e+00 
 2.655468e+01 -1.270642e+00 
 2.655500e+01 -1.282524e+00 
 2.655532e+01 -1.295394e+00 
 2.655565e+01 -1.307808e+00 
 2.655597e+01 -1.319989e+00 
 2.655629e+01 -1.332855e+00 
 2.655661e+01 -1.345875e+00 
 2.655694e+01 -1.359338e+00 
 2.655726e+01 -1.369269e+00 
 2.655758e+01 -1.377170e+00 
 2.655791e+01 -1.386422e+00 
 2.655823e+01 -1.398042e+00 
 2.655855e+01 -1.410273e+00 
 2.655888e+01 -1.421829e+00 
 2.655920e+01 -1.433252e+00 
 2.655952e+01 -1.444358e+00 
 2.655984e+01 -1.454802e+00 
 2.656017e+01 -1.464325e+00 
 2.656049e+01 -1.470873e+00 
 2.656081e+01 -1.473062e+00 
 2.656114e+01 -1.472466e+00 
 2.656146e+01 -1.470550e+00 
 2.656178e+01 -1.470434e+00 
 2.656211e+01 -1.469524e+00 
 2.656243e+01 -1.466346e+00 
 2.656275e+01 -1.461826e+00 
 2.656307e+01 -1.459072e+00 
 2.656340e+01 -1.458219e+00 
 2.656372e+01 -1.456240e+00 
 2.656404e+01 -1.451035e+00 
 2.656437e+01 -1.442730e+00 
 2.656469e+01 -1.431082e+00 
 2.656501e+01 -1.417595e+00 
 2.656534e+01 -1.403713e+00 
 2.656566e+01 -1.388095e+00 
 2.656598e+01 -1.371473e+00 
 2.656630e+01 -1.351751e+00 
 2.656663e+01 -1.333924e+00 
 2.656695e+01 -1.317607e+00 
 2.656727e+01 -1.301134e+00 
 2.656760e+01 -1.282452e+00 
 2.656792e+01 -1.261638e+00 
 2.656824e+01 -1.240843e+00 
 2.656857e+01 -1.221214e+00 
 2.656889e+01 -1.200995e+00 
 2.656921e+01 -1.179435e+00 
 2.656953e+01 -1.157167e+00 
 2.656986e+01 -1.134572e+00 
 2.657018e+01 -1.112889e+00 
 2.657050e+01 -1.091892e+00 
 2.657083e+01 -1.071679e+00 
 2.657115e+01 -1.051596e+00 
 2.657147e+01 -1.032871e+00 
 2.657180e+01 -1.016792e+00 
 2.657212e+01 -1.003380e+00 
 2.657244e+01 -9.906064e-01 
 2.657276e+01 -9.759531e-01 
 2.657309e+01 -9.603090e-01 
 2.657341e+01 -9.490821e-01 
 2.657373e+01 -9.384260e-01 
 2.657406e+01 -9.298051e-01 
 2.657438e+01 -9.219727e-01 
 2.657470e+01 -9.148663e-01 
 2.657503e+01 -9.091976e-01 
 2.657535e+01 -9.052611e-01 
 2.657567e+01 -9.025174e-01 
 2.657599e+01 -8.993380e-01 
 2.657632e+01 -8.937029e-01 
 2.657664e+01 -8.867454e-01 
 2.657696e+01 -8.791811e-01 
 2.657729e+01 -8.730255e-01 
 2.657761e+01 -8.670637e-01 
 2.657793e+01 -8.598472e-01 
 2.657826e+01 -8.526120e-01 
 2.657858e+01 -8.474137e-01 
 2.657890e+01 -8.439341e-01 
 2.657922e+01 -8.409055e-01 
 2.657955e+01 -8.369617e-01 
 2.657987e+01 -8.322191e-01 
 2.658019e+01 -8.266309e-01 
 2.658052e+01 -8.228219e-01 
 2.658084e+01 -8.201611e-01 
 2.658116e+01 -8.183738e-01 
 2.658149e+01 -8.155171e-01 
 2.658181e+01 -8.122134e-01 
 2.658213e+01 -8.103721e-01 
 2.658245e+01 -8.107579e-01 
 2.658278e+01 -8.110779e-01 
 2.658310e+01 -8.089813e-01 
 2.658342e+01 -8.044789e-01 
 2.658375e+01 -7.995559e-01 
 2.658407e+01 -7.946005e-01 
 2.658439e+01 -7.877558e-01 
 2.658471e+01 -7.786506e-01 
 2.658504e+01 -7.687819e-01 
 2.658536e+01 -7.586118e-01 
 2.658568e+01 -7.496007e-01 
 2.658601e+01 -7.414106e-01 
 2.658633e+01 -7.343520e-01 
 2.658665e+01 -7.253647e-01 
 2.658698e+01 -7.150975e-01 
 2.658730e+01 -7.068456e-01 
 2.658762e+01 -6.992935e-01 
 2.658794e+01 -6.908513e-01 
 2.658827e+01 -6.796317e-01 
 2.658859e+01 -6.669139e-01 
 2.658891e+01 -6.543898e-01 
 2.658924e+01 -6.435020e-01 
 2.658956e+01 -6.340746e-01 
 2.658988e+01 -6.243791e-01 
 2.659021e+01 -6.142724e-01 
 2.659053e+01 -6.051929e-01 
 2.659085e+01 -5.966902e-01 
 2.659117e+01 -5.891804e-01 
 2.659150e+01 -5.835966e-01 
 2.659182e+01 -5.771072e-01 
 2.659214e+01 -5.698813e-01 
 2.659247e+01 -5.634944e-01 
 2.659279e+01 -5.572212e-01 
 2.659311e+01 -5.489848e-01 
 2.659344e+01 -5.386966e-01 
 2.659376e+01 -5.284335e-01 
 2.659408e+01 -5.191628e-01 
 2.659440e+01 -5.110454e-01 
 2.659473e+01 -5.036173e-01 
 2.659505e+01 -4.963402e-01 
 2.659537e+01 -4.876863e-01 
 2.659570e+01 -4.786856e-01 
 2.659602e+01 -4.699271e-01 
 2.659634e+01 -4.607918e-01 
 2.659667e+01 -4.498771e-01 
 2.659699e+01 -4.361323e-01 
 2.659731e+01 -4.230563e-01 
 2.659763e+01 -4.127352e-01 
 2.659796e+01 -4.048541e-01 
 2.659828e+01 -3.981420e-01 
 2.659860e+01 -3.933832e-01 
 2.659893e+01 -3.899791e-01 
 2.659925e+01 -3.873613e-01 
 2.659957e+01 -3.872073e-01 
 2.659990e+01 -3.890211e-01 
 2.660022e+01 -3.903021e-01 
 2.660054e+01 -3.914751e-01 
 2.660086e+01 -3.935618e-01 
 2.660119e+01 -3.975193e-01 
 2.660151e+01 -4.017124e-01 
 2.660183e+01 -4.037598e-01 
 2.660216e+01 -4.055879e-01 
 2.660248e+01 -4.086715e-01 
 2.660280e+01 -4.144076e-01 
 2.660313e+01 -4.229522e-01 
 2.660345e+01 -4.356624e-01 
 2.660377e+01 -4.453519e-01 
 2.660409e+01 -4.561863e-01 
 2.660442e+01 -4.682493e-01 
 2.660474e+01 -4.803343e-01 
 2.660506e+01 -4.898095e-01 
 2.660539e+01 -4.968525e-01 
 2.660571e+01 -5.028864e-01 
 2.660603e+01 -5.081126e-01 
 2.660636e+01 -5.150891e-01 
 2.660668e+01 -5.234872e-01 
 2.660700e+01 -5.303866e-01 
 2.660732e+01 -5.362494e-01 
 2.660765e+01 -5.431209e-01 
 2.660797e+01 -5.518246e-01 
 2.660829e+01 -5.609384e-01 
 2.660862e+01 -5.678023e-01 
 2.660894e+01 -5.725452e-01 
 2.660926e+01 -5.731952e-01 
 2.660959e+01 -5.734312e-01 
 2.660991e+01 -5.729771e-01 
 2.661023e+01 -5.711087e-01 
 2.661055e+01 -5.706772e-01 
 2.661088e+01 -5.663374e-01 
 2.661120e+01 -5.639566e-01 
 2.661152e+01 -5.631871e-01 
 2.661185e+01 -5.640740e-01 
 2.661217e+01 -7.043759e-01 
 2.661249e+01 -7.040958e-01 
 2.661282e+01 -7.065410e-01 
 2.661314e+01 -7.077502e-01 
 2.661346e+01 -7.089146e-01 
 2.661378e+01 -7.056744e-01 
 2.661411e+01 -6.957151e-01 
 2.661443e+01 -6.794660e-01 
 2.661475e+01 -6.595379e-01 
 2.661508e+01 -6.387704e-01 
 2.661540e+01 -6.986217e-01 
 2.661572e+01 -6.812304e-01 
 2.661605e+01 -6.668006e-01 
 2.661637e+01 -6.570445e-01 
 2.661669e+01 -6.528767e-01 
 2.661701e+01 -6.485444e-01 
 2.661734e+01 -6.416485e-01 
 2.661766e+01 -6.316461e-01 
 2.661798e+01 -6.155303e-01 
 2.661831e+01 -5.962514e-01 
 2.661863e+01 -5.745584e-01 
 2.661895e+01 -5.519271e-01 
 2.661927e+01 -5.295311e-01 
 2.661960e+01 -5.112790e-01 
 2.661992e+01 -4.991351e-01 
 2.662024e+01 -4.953161e-01 
 2.662057e+01 -4.938211e-01 
 2.662089e+01 -4.928499e-01 
 2.662121e+01 -4.913336e-01 
 2.662154e+01 -4.863164e-01 
 2.662186e+01 -4.792285e-01 
 2.662218e+01 -4.677493e-01 
 2.662250e+01 -4.504064e-01 
 2.662283e+01 -4.302604e-01 
 2.662315e+01 -4.103260e-01 
 2.662347e+01 -3.968332e-01 
 2.662380e+01 -3.885113e-01 
 2.662412e+01 -3.863258e-01 
 2.662444e+01 -3.846881e-01 
 2.662477e+01 -3.853435e-01 
 2.662509e+01 -3.893952e-01 
 2.662541e+01 -3.915813e-01 
 2.662573e+01 -3.908036e-01 
 2.662606e+01 -3.865118e-01 
 2.662638e+01 -3.791308e-01 
 2.662670e+01 -3.718415e-01 
 2.662703e+01 -3.653619e-01 
 2.662735e+01 -3.611862e-01 
 2.662767e+01 -3.567563e-01 
 2.662800e+01 -3.565478e-01 
 2.662832e+01 -3.630153e-01 
 2.662864e+01 -3.743276e-01 
 2.662896e+01 -3.901151e-01 
 2.662929e+01 -4.042841e-01 
 2.662961e+01 -4.181490e-01 
 2.662993e+01 -4.247771e-01 
 2.663026e+01 -4.315301e-01 
 2.663058e+01 -4.347739e-01 
 2.663090e+01 -4.374951e-01 
 2.663123e+01 -4.374268e-01 
 2.663155e+01 -4.386701e-01 
 2.663187e+01 -4.416382e-01 
 2.663219e+01 -4.496824e-01 
 2.663252e+01 -4.612666e-01 
 2.663284e+01 -4.730515e-01 
 2.663316e+01 -4.874958e-01 
 2.663349e+01 -5.028916e-01 
 2.663381e+01 -5.201226e-01 
 2.663413e+01 -5.315918e-01 
 2.663446e+01 -5.378752e-01 
 2.663478e+01 -5.726434e-01 
 2.663510e+01 -5.721437e-01 
 2.663542e+01 -5.737901e-01 
 2.663575e+01 -5.783528e-01 
 2.663607e+01 -5.871314e-01 
 2.663639e+01 -5.995219e-01 
 2.663672e+01 -6.143959e-01 
 2.663704e+01 -6.330270e-01 
 2.663736e+01 -6.527929e-01 
 2.663769e+01 -6.679765e-01 
 2.663801e+01 -6.774774e-01 
 2.663833e+01 -6.819857e-01 
 2.663865e+01 -6.833348e-01 
 2.663898e+01 -6.837537e-01 
 2.663930e+01 -6.856267e-01 
 2.663962e+01 -6.875035e-01 
 2.663995e+01 -6.910781e-01 
 2.664027e+01 -6.962542e-01 
 2.664059e+01 -7.025840e-01 
 2.664092e+01 -7.087671e-01 
 2.664124e+01 -7.095980e-01 
 2.664156e+01 -7.073509e-01 
 2.664188e+01 -7.036975e-01 
 2.664221e+01 -6.992642e-01 
 2.664253e+01 -6.922050e-01 
 2.664285e+01 -6.810844e-01 
 2.664318e+01 -6.662515e-01 
 2.664350e+01 -6.500087e-01 
 2.664382e+01 -6.347529e-01 
 2.664415e+01 -6.216330e-01 
 2.664447e+01 -6.088285e-01 
 2.664479e+01 -5.949507e-01 
 2.664511e+01 -5.808884e-01 
 2.664544e+01 -5.670262e-01 
 2.664576e+01 -5.540967e-01 
 2.664608e+01 -5.398199e-01 
 2.664641e+01 -5.240003e-01 
 2.664673e+01 -5.057653e-01 
 2.664705e+01 -4.863562e-01 
 2.664737e+01 -4.669191e-01 
 2.664770e+01 -4.511171e-01 
 2.664802e+01 -4.359109e-01 
 2.664834e+01 -4.199627e-01 
 2.664867e+01 -4.056793e-01 
 2.664899e+01 -3.931954e-01 
 2.664931e+01 -3.813514e-01 
 2.664964e+01 -3.702939e-01 
 2.664996e+01 -3.584848e-01 
 2.665028e+01 -3.432725e-01 
 2.665060e+01 -3.265288e-01 
 2.665093e+01 -3.100981e-01 
 2.665125e+01 -2.942769e-01 
 2.665157e+01 -2.778533e-01 
 2.665190e+01 -3.174567e-01 
 2.665222e+01 -3.073288e-01 
 2.665254e+01 -3.005030e-01 
 2.665287e+01 -2.967026e-01 
 2.665319e+01 -2.959732e-01 
 2.665351e+01 -2.938163e-01 
 2.665383e+01 -2.894400e-01 
 2.665416e+01 -2.853220e-01 
 2.665448e+01 -2.797703e-01 
 2.665480e+01 -2.723446e-01 
 2.665513e+01 -2.650312e-01 
 2.665545e+01 -2.588365e-01 
 2.665577e+01 -2.559492e-01 
 2.665610e+01 -2.579575e-01 
 2.665642e+01 -2.643431e-01 
 2.665674e+01 -2.721431e-01 
 2.665706e+01 -2.797898e-01 
 2.665739e+01 -3.141379e-01 
 2.665771e+01 -3.224670e-01 
 2.665803e+01 -3.298857e-01 
 2.665836e+01 -3.346508e-01 
 2.665868e+01 -3.354230e-01 
 2.665900e+01 -3.341176e-01 
 2.665933e+01 -3.312005e-01 
 2.665965e+01 -3.292442e-01 
 2.665997e+01 -3.264749e-01 
 2.666029e+01 -3.226318e-01 
 2.666062e+01 -3.180758e-01 
 2.666094e+01 -3.149028e-01 
 2.666126e+01 -3.146577e-01 
 2.666159e+01 -3.141413e-01 
 2.666191e+01 -3.132520e-01 
 2.666223e+01 -3.129427e-01 
 2.666256e+01 -3.116387e-01 
 2.666288e+01 -3.054625e-01 
 2.666320e+01 -2.958083e-01 
 2.666352e+01 -2.824257e-01 
 2.666385e+01 -2.670994e-01 
 2.666417e+01 -2.518233e-01 
 2.666449e+01 -2.401266e-01 
 2.666482e+01 -2.324068e-01 
 2.666514e+01 -2.290214e-01 
 2.666546e+01 -2.278185e-01 
 2.666579e+01 -2.276453e-01 
 2.666611e+01 -2.266094e-01 
 2.666643e+01 -2.238026e-01 
 2.666675e+01 -2.157031e-01 
 2.666708e+01 -2.022399e-01 
 2.666740e+01 -1.846037e-01 
 2.666772e+01 -1.657279e-01 
 2.666805e+01 -1.466247e-01 
 2.666837e+01 -1.303188e-01 
 2.666869e+01 -1.166786e-01 
 2.666902e+01 -1.046615e-01 
 2.666934e+01 -9.523129e-02 
 2.666966e+01 -8.893547e-02 
 2.666998e+01 -8.370609e-02 
 2.667031e+01 -7.863993e-02 
 2.667063e+01 -7.090862e-02 
 2.667095e+01 -5.851558e-02 
 2.667128e+01 -4.259164e-02 
 2.667160e+01 -2.605904e-02 
 2.667192e+01 -8.482400e-03 
 2.667225e+01  9.773075e-03 
 2.667257e+01  2.559811e-02 
 2.667289e+01  3.609583e-02 
 2.667321e+01  3.764030e-02 
 2.667354e+01  7.137464e-02 
 2.667386e+01  7.772310e-02 
 2.667418e+01  8.081595e-02 
 2.667451e+01  8.656554e-02 
 2.667483e+01  9.314753e-02 
 2.667515e+01  1.009010e-01 
 2.667547e+01  1.115107e-01 
 2.667580e+01  1.247339e-01 
 2.667612e+01  1.377184e-01 
 2.667644e+01  1.497195e-01 
 2.667677e+01  1.573209e-01 
 2.667709e+01  1.621998e-01 
 2.667741e+01  1.645993e-01 
 2.667774e+01  1.647575e-01 
 2.667806e+01  1.622775e-01 
 2.667838e+01  1.603704e-01 
 2.667870e+01  1.596711e-01 
 2.667903e+01  1.508345e-01 
 2.667935e+01  1.530716e-01 
 2.667967e+01  1.570177e-01 
 2.668000e+01  6.127149e-02 
 2.668032e+01  6.295368e-02 
 2.668064e+01  6.201405e-02 
 2.668097e+01  5.807779e-02 
 2.668129e+01  5.010043e-02 
 2.668161e+01  3.683948e-02 
 2.668193e+01  2.006304e-02 
 2.668226e+01  5.430831e-03 
 2.668258e+01 -3.645869e-03 
 2.668290e+01 -9.266095e-03 
 2.668323e+01 -9.412198e-03 
 2.668355e+01 -8.989808e-03 
 2.668387e+01 -1.033510e-02 
 2.668420e+01 -1.557083e-02 
 2.668452e+01 -2.400772e-02 
 2.668484e+01 -3.830302e-02 
 2.668516e+01 -5.966619e-02 
 2.668549e+01 -8.873521e-02 
 2.668581e+01 -1.186681e-01 
 2.668613e+01 -1.466960e-01 
 2.668646e+01 -1.718532e-01 
 2.668678e+01 -1.924430e-01 
 2.668710e+01 -2.107063e-01 
 2.668743e+01 -2.253766e-01 
 2.668775e+01 -2.386115e-01 
 2.668807e+01 -2.534403e-01 
 2.668839e+01 -2.715214e-01 
 2.668872e+01 -2.906980e-01 
 2.668904e+01 -3.106930e-01 
 2.668936e+01 -3.296978e-01 
 2.668969e+01 -3.463114e-01 
 2.669001e+01 -3.653239e-01 
 2.669033e+01 -3.809838e-01 
 2.669066e+01 -3.956101e-01 
 2.669098e+01 -4.074175e-01 
 2.669130e+01 -4.184845e-01 
 2.669162e+01 -4.277909e-01 
 2.669195e+01 -4.374288e-01 
 2.669227e+01 -4.471105e-01 
 2.669259e+01 -4.571948e-01 
 2.669292e+01 -4.673785e-01 
 2.669324e+01 -4.812560e-01 
 2.669356e+01 -4.945308e-01 
 2.669389e+01 -5.119392e-01 
 2.669421e+01 -5.258304e-01 
 2.669453e+01 -5.374735e-01 
 2.669485e+01 -5.464976e-01 
 2.669518e+01 -5.522588e-01 
 2.669550e+01 -5.545943e-01 
 2.669582e+01 -5.590176e-01 
 2.669615e+01 -5.624490e-01 
 2.669647e+01 -5.599148e-01 
 2.669679e+01 -5.585542e-01 
 2.669712e+01 -5.597318e-01 
 2.669744e+01 -5.628966e-01 
 2.669776e+01 -5.647958e-01 
 2.669808e+01 -5.637248e-01 
 2.669841e+01 -5.602755e-01 
 2.669873e+01 -5.546171e-01 
 2.669905e+01 -5.466425e-01 
 2.669938e+01 -5.375717e-01 
 2.669970e+01 -5.260167e-01 
 2.670002e+01 -5.140438e-01 
 2.670035e+01 -5.029601e-01 
 2.670067e+01 -4.945036e-01 
 2.670099e+01 -4.876962e-01 
 2.670131e+01 -4.814156e-01 
 2.670164e+01 -4.765735e-01 
 2.670196e+01 -4.721855e-01 
 2.670228e+01 -4.692002e-01 
 2.670261e+01 -4.667727e-01 
 2.670293e+01 -4.614245e-01 
 2.670325e+01 -4.537287e-01 
 2.670358e+01 -4.460882e-01 
 2.670390e+01 -4.395615e-01 
 2.670422e+01 -4.339466e-01 
 2.670454e+01 -4.289966e-01 
 2.670487e+01 -4.248278e-01 
 2.670519e+01 -4.211280e-01 
 2.670551e+01 -4.190485e-01 
 2.670584e+01 -4.196347e-01 
 2.670616e+01 -4.196453e-01 
 2.670648e+01 -4.182908e-01 
 2.670680e+01 -4.148537e-01 
 2.670713e+01 -4.107825e-01 
 2.670745e+01 -4.079026e-01 
 2.670777e+01 -4.058482e-01 
 2.670810e+01 -4.040938e-01 
 2.670842e+01 -4.020661e-01 
 2.670874e+01 -4.014474e-01 
 2.670907e+01 -4.039014e-01 
 2.670939e+01 -4.060062e-01 
 2.670971e+01 -4.101342e-01 
 2.671003e+01 -4.159443e-01 
 2.671036e+01 -4.235328e-01 
 2.671068e+01 -4.334934e-01 
 2.671100e+01 -4.458041e-01 
 2.671133e+01 -4.581761e-01 
 2.671165e+01 -4.674860e-01 
 2.671197e+01 -4.730618e-01 
 2.671230e+01 -4.769222e-01 
 2.671262e+01 -4.798882e-01 
 2.671294e+01 -4.844901e-01 
 2.671326e+01 -4.902105e-01 
 2.671359e+01 -4.967236e-01 
 2.671391e+01 -5.060544e-01 
 2.671423e+01 -5.176865e-01 
 2.671456e+01 -5.296335e-01 
 2.671488e+01 -5.400429e-01 
 2.671520e+01 -5.465401e-01 
 2.671553e+01 -5.491419e-01 
 2.671585e+01 -5.475225e-01 
 2.671617e+01 -5.436494e-01 
 2.671649e+01 -5.387885e-01 
 2.671682e+01 -5.325288e-01 
 2.671714e+01 -5.495530e-01 
 2.671746e+01 -5.468268e-01 
 2.671779e+01 -5.531631e-01 
 2.671811e+01 -5.608377e-01 
 2.671843e+01 -5.619996e-01 
 2.671876e+01 -5.603450e-01 
 2.671908e+01 -5.561234e-01 
 2.671940e+01 -5.510493e-01 
 2.671972e+01 -5.447429e-01 
 2.672005e+01 -5.359992e-01 
 2.672037e+01 -5.236021e-01 
 2.672069e+01 -5.092025e-01 
 2.672102e+01 -4.947347e-01 
 2.672134e+01 -4.825317e-01 
 2.672166e+01 -4.716929e-01 
 2.672199e+01 -4.626496e-01 
 2.672231e+01 -4.531671e-01 
 2.672263e+01 -4.464180e-01 
 2.672295e+01 -4.415442e-01 
 2.672328e+01 -4.607611e-01 
 2.672360e+01 -4.503552e-01 
 2.672392e+01 -4.395697e-01 
 2.672425e+01 -4.194430e-01 
 2.672457e+01 -3.995558e-01 
 2.672489e+01 -3.804271e-01 
 2.672522e+01 -3.627201e-01 
 2.672554e+01 -3.431518e-01 
 2.672586e+01 -3.261245e-01 
 2.672618e+01 -3.138013e-01 
 2.672651e+01 -3.056453e-01 
 2.672683e+01 -2.978935e-01 
 2.672715e+01 -2.886975e-01 
 2.672748e+01 -2.782752e-01 
 2.672780e+01 -2.679830e-01 
 2.672812e+01 -2.577365e-01 
 2.672845e+01 -2.477656e-01 
 2.672877e+01 -2.380324e-01 
 2.672909e+01 -2.299805e-01 
 2.672941e+01 -2.246402e-01 
 2.672974e+01 -2.232963e-01 
 2.673006e+01 -2.259101e-01 
 2.673038e+01 -2.286862e-01 
 2.673071e+01 -2.321104e-01 
 2.673103e+01 -2.423295e-01 
 2.673135e+01 -2.555564e-01 
 2.673168e+01 -2.598127e-01 
 2.673200e+01 -2.578855e-01 
 2.673232e+01 -2.594295e-01 
 2.673264e+01 -2.544209e-01 
 2.673297e+01 -2.515734e-01 
 2.673329e+01 -2.542145e-01 
 2.673361e+01 -2.531106e-01 
 2.673394e+01 -2.588500e-01 
 2.673426e+01 -2.636932e-01 
 2.673458e+01 -2.692302e-01 
 2.673490e+01 -2.804655e-01 
 2.673523e+01 -2.878631e-01 
 2.673555e+01 -2.966342e-01 
 2.673587e+01 -3.008873e-01 
 2.673620e+01 -3.058669e-01 
 2.673652e+01 -3.117010e-01 
 2.673684e+01 -3.152448e-01 
 2.673717e+01 -3.201935e-01 
 2.673749e+01 -3.254423e-01 
 2.673781e+01 -3.378734e-01 
 2.673813e+01 -3.487732e-01 
 2.673846e+01 -3.600199e-01 
 2.673878e+01 -3.731825e-01 
 2.673910e+01 -3.892848e-01 
 2.673943e+01 -4.037656e-01 
 2.673975e+01 -4.176945e-01 
 2.674007e+01 -4.299262e-01 
 2.674040e+01 -4.425355e-01 
 2.674072e+01 -4.531494e-01 
 2.674104e+01 -4.590866e-01 
 2.674136e+01 -4.651661e-01 
 2.674169e+01 -4.687175e-01 
 2.674201e+01 -4.721543e-01 
 2.674233e+01 -4.751056e-01 
 2.674266e+01 -4.799915e-01 
 2.674298e+01 -4.845019e-01 
 2.674330e+01 -4.898855e-01 
 2.674363e+01 -4.954602e-01 
 2.674395e+01 -4.980145e-01 
 2.674427e+01 -4.951285e-01 
 2.674459e+01 -4.895513e-01 
 2.674492e+01 -4.805583e-01 
 2.674524e+01 -4.713855e-01 
 2.674556e+01 -4.602056e-01 
 2.674589e+01 -4.482784e-01 
 2.674621e+01 -4.379274e-01 
 2.674653e+01 -4.281212e-01 
 2.674686e+01 -4.174593e-01 
 2.674718e+01 -4.077892e-01 
 2.674750e+01 -3.972773e-01 
 2.674782e+01 -3.865616e-01 
 2.674815e+01 -3.760747e-01 
 2.674847e+01 -3.665993e-01 
 2.674879e+01 -3.578322e-01 
 2.674912e+01 -3.461222e-01 
 2.674944e+01 -3.321797e-01 
 2.674976e+01 -3.178880e-01 
 2.675009e+01 -3.028342e-01 
 2.675041e+01 -2.856105e-01 
 2.675073e+01 -2.677843e-01 
 2.675105e+01 -2.503081e-01 
 2.675138e+01 -2.350850e-01 
 2.675170e+01 -2.218385e-01 
 2.675202e+01 -2.082429e-01 
 2.675235e+01 -1.915416e-01 
 2.675267e+01 -1.732576e-01 
 2.675299e+01 -1.561902e-01 
 2.675332e+01 -1.372245e-01 
 2.675364e+01 -1.183665e-01 
 2.675396e+01 -1.014297e-01 
 2.675428e+01 -8.398200e-02 
 2.675461e+01 -6.519088e-02 
 2.675493e+01 -4.884953e-02 
 2.675525e+01 -3.582764e-02 
 2.675558e+01 -2.266305e-02 
 2.675590e+01 -1.112094e-02 
 2.675622e+01 -4.529523e-04 
 2.675655e+01  1.275839e-02 
 2.675687e+01  2.353028e-02 
 2.675719e+01  3.312211e-02 
 2.675751e+01  4.446734e-02 
 2.675784e+01  5.543924e-02 
 2.675816e+01  6.518236e-02 
 2.675848e+01  7.319732e-02 
 2.675881e+01  7.803145e-02 
 2.675913e+01  8.125414e-02 
 2.675945e+01  8.339334e-02 
 2.675978e+01  8.604922e-02 
 2.676010e+01  9.189338e-02 
 2.676042e+01  7.994985e-02 
 2.676074e+01  8.816935e-02 
 2.676107e+01  9.923511e-02 
 2.676139e+01  1.102921e-01 
 2.676171e+01  1.221712e-01 
 2.676204e+01  1.330524e-01 
 2.676236e+01  1.439506e-01 
 2.676268e+01  1.547708e-01 
 2.676301e+01  1.631268e-01 
 2.676333e+01  1.704469e-01 
 2.676365e+01  1.774340e-01 
 2.676397e+01  1.848128e-01 
 2.676430e+01  1.933210e-01 
 2.676462e+01  2.023458e-01 
 2.676494e+01  2.135146e-01 
 2.676527e+01  2.227103e-01 
 2.676559e+01  2.307054e-01 
 2.676591e+01  2.386038e-01 
 2.676623e+01  2.453921e-01 
 2.676656e+01  2.517834e-01 
 2.676688e+01  2.556601e-01 
 2.676720e+01  2.578618e-01 
 2.676753e+01  2.568473e-01 
 2.676785e+01  2.562691e-01 
 2.676817e+01  2.548542e-01 
 2.676850e+01  2.543402e-01 
 2.676882e+01  2.538552e-01 
 2.676914e+01  2.533379e-01 
 2.676946e+01  2.548257e-01 
 2.676979e+01  2.580196e-01 
 2.677011e+01  2.631798e-01 
 2.677043e+01  2.691252e-01 
 2.677076e+01  2.748919e-01 
 2.677108e+01  2.770354e-01 
 2.677140e+01  2.819809e-01 
 2.677173e+01  2.513891e-01 
 2.677205e+01  2.514521e-01 
 2.677237e+01  2.512339e-01 
 2.677269e+01  2.523597e-01 
 2.677302e+01  2.571589e-01 
 2.677334e+01  2.624787e-01 
 2.677366e+01  2.676446e-01 
 2.677399e+01  2.714427e-01 
 2.677431e+01  2.742553e-01 
 2.677463e+01  2.743247e-01 
 2.677496e+01  2.746395e-01 
 2.677528e+01  2.757476e-01 
 2.677560e+01  2.209336e-01 
 2.677592e+01  2.117508e-01 
 2.677625e+01  2.067279e-01 
 2.677657e+01  2.030277e-01 
 2.677689e+01  1.956549e-01 
 2.677722e+01  1.938176e-01 
 2.677754e+01  1.919208e-01 
 2.677786e+01  1.924429e-01 
 2.677819e+01  1.954416e-01 
 2.677851e+01  2.013238e-01 
 2.677883e+01  2.057721e-01 
 2.677915e+01  2.087666e-01 
 2.677948e+01  2.100377e-01 
 2.677980e+01  2.119386e-01 
 2.678012e+01  2.123633e-01 
 2.678045e+01  2.114887e-01 
 2.678077e+01  2.094516e-01 
 2.678109e+01  2.078740e-01 
 2.678142e+01  2.075814e-01 
 2.678174e+01  2.080293e-01 
 2.678206e+01  2.099040e-01 
 2.678238e+01  2.121637e-01 
 2.678271e+01  2.153854e-01 
 2.678303e+01  2.185570e-01 
 2.678335e+01  2.201225e-01 
 2.678368e+01  2.195735e-01 
 2.678400e+01  2.175836e-01 
 2.678432e+01  2.132058e-01 
 2.678465e+01  2.090900e-01 
 2.678497e+01  2.045018e-01 
 2.678529e+01  1.998675e-01 
 2.678561e+01  1.961191e-01 
 2.678594e+01  1.925309e-01 
 2.678626e+01  1.897464e-01 
 2.678658e+01  1.875263e-01 
 2.678691e+01  1.844619e-01 
 2.678723e+01  1.817601e-01 
 2.678755e+01  1.781298e-01 
 2.678788e+01  1.714655e-01 
 2.678820e+01  1.633121e-01 
 2.678852e+01  1.543243e-01 
 2.678884e+01  1.458924e-01 
 2.678917e+01  8.472075e-02 
 2.678949e+01  7.358243e-02 
 2.678981e+01  6.302685e-02 
 2.679014e+01  5.309867e-02 
 2.679046e+01  4.403264e-02 
 2.679078e+01  3.432585e-02 
 2.679111e+01  1.913506e-02 
 2.679143e+01  4.053502e-03 
 2.679175e+01 -1.529446e-02 
 2.679207e+01 -3.685829e-02 
 2.679240e+01 -6.042722e-02 
 2.679272e+01 -8.524445e-02 
 2.679304e+01 -1.099319e-01 
 2.679337e+01 -1.325376e-01 
 2.679369e+01 -1.534423e-01 
 2.679401e+01 -1.728737e-01 
 2.679434e+01 -1.908366e-01 
 2.679466e+01 -2.073538e-01 
 2.679498e+01 -2.235812e-01 
 2.679530e+01 -2.392986e-01 
 2.679563e+01 -2.543990e-01 
 2.679595e+01 -2.674010e-01 
 2.679627e+01 -2.788093e-01 
 2.679660e+01 -2.930115e-01 
 2.679692e+01 -3.154083e-01 
 2.679724e+01 -3.359847e-01 
 2.679756e+01 -3.516160e-01 
 2.679789e+01 -3.629913e-01 
 2.679821e+01 -3.695597e-01 
 2.679853e+01 -3.717009e-01 
 2.679886e+01 -3.693260e-01 
 2.679918e+01 -3.644206e-01 
 2.679950e+01 -3.595613e-01 
 2.679983e+01 -3.566064e-01 
 2.680015e+01 -3.589042e-01 
 2.680047e+01 -3.610820e-01 
 2.680079e+01 -3.648833e-01 
 2.680112e+01 -3.678656e-01 
 2.680144e+01 -3.689053e-01 
 2.680176e+01 -3.676454e-01 
 2.680209e+01 -3.641548e-01 
 2.680241e+01 -3.579364e-01 
 2.680273e+01 -3.503144e-01 
 2.680306e+01 -3.392655e-01 
 2.680338e+01 -3.274504e-01 
 2.680370e+01 -3.180451e-01 
 2.680402e+01 -3.120937e-01 
 2.680435e+01 -3.079117e-01 
 2.680467e+01 -3.056778e-01 
 2.680499e+01 -3.072421e-01 
 2.680532e+01 -3.061204e-01 
 2.680564e+01 -3.034174e-01 
 2.680596e+01 -2.982977e-01 
 2.680629e+01 -2.901796e-01 
 2.680661e+01 -2.794729e-01 
 2.680693e+01 -2.672371e-01 
 2.680725e+01 -2.554618e-01 
 2.680758e+01 -2.434962e-01 
 2.680790e+01 -2.321546e-01 
 2.680822e+01 -2.221649e-01 
 2.680855e+01 -2.138399e-01 
 2.680887e+01 -2.083159e-01 
 2.680919e+01 -2.060678e-01 
 2.680952e+01 -2.045753e-01 
 2.680984e+01 -2.049615e-01 
 2.681016e+01 -2.054047e-01 
 2.681048e+01 -2.046035e-01 
 2.681081e+01 -2.031314e-01 
 2.681113e+01 -2.010593e-01 
 2.681145e+01 -1.994325e-01 
 2.681178e+01 -1.983603e-01 
 2.681210e+01 -1.993719e-01 
 2.681242e+01 -2.015683e-01 
 2.681275e+01 -2.039137e-01 
 2.681307e+01 -2.079782e-01 
 2.681339e+01 -2.270395e-01 
 2.681371e+01 -2.324104e-01 
 2.681404e+01 -2.382932e-01 
 2.681436e+01 -2.437105e-01 
 2.681468e+01 -2.560000e-01 
 2.681501e+01 -2.602456e-01 
 2.681533e+01 -2.630744e-01 
 2.681565e+01 -2.660872e-01 
 2.681598e+01 -2.673386e-01 
 2.681630e+01 -2.655761e-01 
 2.681662e+01 -2.593045e-01 
 2.681694e+01 -2.541486e-01 
 2.681727e+01 -2.548780e-01 
 2.681759e+01 -2.551753e-01 
 2.681791e+01 -2.550005e-01 
 2.681824e+01 -2.558711e-01 
 2.681856e+01 -2.580463e-01 
 2.681888e+01 -2.621576e-01 
 2.681921e+01 -2.664762e-01 
 2.681953e+01 -2.718730e-01 
 2.681985e+01 -2.786441e-01 
 2.682017e+01 -2.868654e-01 
 2.682050e+01 -2.969284e-01 
 2.682082e+01 -3.075800e-01 
 2.682114e+01 -3.176093e-01 
 2.682147e+01 -3.269173e-01 
 2.682179e+01 -3.354713e-01 
 2.682211e+01 -3.451473e-01 
 2.682244e+01 -3.570314e-01 
 2.682276e+01 -3.707516e-01 
 2.682308e+01 -3.849891e-01 
 2.682340e+01 -3.985394e-01 
 2.682373e+01 -4.109088e-01 
 2.682405e+01 -4.219848e-01 
 2.682437e+01 -4.312860e-01 
 2.682470e+01 -4.384593e-01 
 2.682502e+01 -4.434925e-01 
 2.682534e+01 -4.472576e-01 
 2.682567e+01 -4.500548e-01 
 2.682599e+01 -4.518125e-01 
 2.682631e+01 -4.531939e-01 
 2.682663e+01 -4.549605e-01 
 2.682696e+01 -4.559202e-01 
 2.682728e+01 -4.553046e-01 
 2.682760e+01 -4.516108e-01 
 2.682793e+01 -4.458074e-01 
 2.682825e+01 -4.400918e-01 
 2.682857e+01 -4.351463e-01 
 2.682889e+01 -4.302826e-01 
 2.682922e+01 -4.266430e-01 
 2.682954e+01 -4.235582e-01 
 2.682986e+01 -4.210989e-01 
 2.683019e+01 -4.191145e-01 
 2.683051e+01 -4.165874e-01 
 2.683083e+01 -4.134955e-01 
 2.683116e+01 -4.100550e-01 
 2.683148e+01 -4.061721e-01 
 2.683180e+01 -4.028973e-01 
 2.683212e+01 -3.998388e-01 
 2.683245e+01 -3.968369e-01 
 2.683277e+01 -3.949127e-01 
 2.683309e+01 -3.938647e-01 
 2.683342e+01 -3.940340e-01 
 2.683374e+01 -3.949403e-01 
 2.683406e+01 -3.967053e-01 
 2.683439e+01 -3.983294e-01 
 2.683471e+01 -3.994007e-01 
 2.683503e+01 -4.005280e-01 
 2.683535e+01 -4.004878e-01 
 2.683568e+01 -3.995920e-01 
 2.683600e+01 -3.982278e-01 
 2.683632e+01 -4.001599e-01 
 2.683665e+01 -4.017060e-01 
 2.683697e+01 -3.997753e-01 
 2.683729e+01 -3.986898e-01 
 2.683762e+01 -3.992594e-01 
 2.683794e+01 -4.011116e-01 
 2.683826e+01 -4.040325e-01 
 2.683858e+01 -4.067359e-01 
 2.683891e+01 -4.093338e-01 
 2.683923e+01 -4.113592e-01 
 2.683955e+01 -4.125742e-01 
 2.683988e+01 -4.127119e-01 
 2.684020e+01 -4.130052e-01 
 2.684052e+01 -4.139066e-01 
 2.684085e+01 -4.156710e-01 
 2.684117e+01 -4.188294e-01 
 2.684149e+01 -4.234000e-01 
 2.684181e+01 -4.277810e-01 
 2.684214e+01 -4.317532e-01 
 2.684246e+01 -4.351070e-01 
 2.684278e+01 -4.380748e-01 
 2.684311e+01 -4.400237e-01 
 2.684343e+01 -4.403519e-01 
 2.684375e+01 -4.378900e-01 
 2.684408e+01 -4.332750e-01 
 2.684440e+01 -4.287907e-01 
 2.684472e+01 -4.272659e-01 
 2.684504e+01 -4.244543e-01 
 2.684537e+01 -4.226485e-01 
 2.684569e+01 -4.208707e-01 
 2.684601e+01 -4.172282e-01 
 2.684634e+01 -4.107865e-01 
 2.684666e+01 -4.057213e-01 
 2.684698e+01 -4.016187e-01 
 2.684731e+01 -3.959667e-01 
 2.684763e+01 -3.887248e-01 
 2.684795e+01 -3.811146e-01 
 2.684827e+01 -3.739721e-01 
 2.684860e+01 -3.683426e-01 
 2.684892e+01 -3.642119e-01 
 2.684924e+01 -3.612925e-01 
 2.684957e+01 -3.572814e-01 
 2.684989e+01 -3.531646e-01 
 2.685021e+01 -3.473841e-01 
 2.685054e+01 -3.403395e-01 
 2.685086e+01 -3.346207e-01 
 2.685118e+01 -3.301646e-01 
 2.685150e+01 -3.210101e-01 
 2.685183e+01 -3.123613e-01 
 2.685215e+01 -3.050969e-01 
 2.685247e+01 -2.991183e-01 
 2.685280e+01 -3.075218e-01 
 2.685312e+01 -3.028334e-01 
 2.685344e+01 -2.982016e-01 
 2.685377e+01 -2.918558e-01 
 2.685409e+01 -2.853506e-01 
 2.685441e+01 -2.784405e-01 
 2.685473e+01 -2.691312e-01 
 2.685506e+01 -2.579628e-01 
 2.685538e+01 -2.451840e-01 
 2.685570e+01 -2.315037e-01 
 2.685603e+01 -2.173856e-01 
 2.685635e+01 -2.037004e-01 
 2.685667e+01 -1.911990e-01 
 2.685699e+01 -1.794806e-01 
 2.685732e+01 -1.690509e-01 
 2.685764e+01 -1.605457e-01 
 2.685796e+01 -1.524984e-01 
 2.685829e+01 -1.440379e-01 
 2.685861e+01 -1.346381e-01 
 2.685893e+01 -1.239520e-01 
 2.685926e+01 -1.122343e-01 
 2.685958e+01 -9.932420e-02 
 2.685990e+01 -8.581088e-02 
 2.686022e+01 -7.225000e-02 
 2.686055e+01 -6.157029e-02 
 2.686087e+01 -4.926034e-02 
 2.686119e+01 -4.047360e-02 
 2.686152e+01 -2.999524e-02 
 2.686184e+01 -1.972877e-02 
 2.686216e+01 -9.486304e-03 
 2.686249e+01  6.259998e-04 
 2.686281e+01  1.073227e-02 
 2.686313e+01  1.245314e-02 
 2.686345e+01  2.205877e-02 
 2.686378e+01  3.178720e-02 
 2.686410e+01  4.133642e-02 
 2.686442e+01  5.128986e-02 
 2.686475e+01  6.121089e-02 
 2.686507e+01  7.129311e-02 
 2.686539e+01  8.197450e-02 
 2.686572e+01  9.219453e-02 
 2.686604e+01  1.005972e-01 
 2.686636e+01  1.058610e-01 
 2.686668e+01  1.105769e-01 
 2.686701e+01  1.167230e-01 
 2.686733e+01  1.238910e-01 
 2.686765e+01  1.315118e-01 
 2.686798e+01  1.395756e-01 
 2.686830e+01  1.488099e-01 
 2.686862e+01  1.577008e-01 
 2.686895e+01  1.685060e-01 
 2.686927e+01  1.796508e-01 
 2.686959e+01  1.905103e-01 
 2.686991e+01  2.008474e-01 
 2.687024e+01  2.104493e-01 
 2.687056e+01  2.207736e-01 
 2.687088e+01  2.296295e-01 
 2.687121e+01  2.361585e-01 
 2.687153e+01  2.410983e-01 
 2.687185e+01  2.466885e-01 
 2.687218e+01  2.513521e-01 
 2.687250e+01  2.540435e-01 
 2.687282e+01  2.558816e-01 
 2.687314e+01  2.571206e-01 
 2.687347e+01  2.166271e-01 
 2.687379e+01  2.138977e-01 
 2.687411e+01  2.090498e-01 
 2.687444e+01  2.009009e-01 
 2.687476e+01  1.890342e-01 
 2.687508e+01  1.750832e-01 
 2.687541e+01  1.609195e-01 
 2.687573e+01  1.469755e-01 
 2.687605e+01  1.334093e-01 
 2.687637e+01  1.206691e-01 
 2.687670e+01  6.605304e-02 
 2.687702e+01  5.432441e-02 
 2.687734e+01  4.273764e-02 
 2.687767e+01  3.064882e-02 
 2.687799e+01  1.638117e-02 
 2.687831e+01  3.870071e-04 
 2.687864e+01 -1.548932e-02 
 2.687896e+01 -2.832430e-02 
 2.687928e+01 -3.743112e-02 
 2.687960e+01 -4.315580e-02 
 2.687993e+01 -4.571020e-02 
 2.688025e+01 -4.623405e-02 
 2.688057e+01 -4.564033e-02 
 2.688090e+01 -4.459264e-02 
 2.688122e+01 -4.424555e-02 
 2.688154e+01 -4.520027e-02 
 2.688187e+01 -4.381424e-02 
 2.688219e+01 -4.138527e-02 
 2.688251e+01 -3.997858e-02 
 2.688283e+01 -4.036129e-02 
 2.688316e+01 -3.959143e-02 
 2.688348e+01 -3.554393e-02 
 2.688380e+01 -2.989516e-02 
 2.688413e+01 -2.366917e-02 
 2.688445e+01 -1.757705e-02 
 2.688477e+01 -1.248276e-02 
 2.688510e+01 -8.673889e-03 
 2.688542e+01 -6.312992e-03 
 2.688574e+01 -5.365584e-03 
 2.688606e+01 -1.374323e-02 
 2.688639e+01 -1.490176e-02 
 2.688671e+01 -1.546762e-02 
 2.688703e+01 -1.360415e-02 
 2.688736e+01 -9.670734e-03 
 2.688768e+01 -3.730846e-03 
 2.688800e+01  3.716078e-03 
 2.688832e+01  1.253165e-02 
 2.688865e+01  2.222333e-02 
 2.688897e+01  3.138601e-02 
 2.688929e+01  3.886474e-02 
 2.688962e+01  7.039769e-03 
 2.688994e+01  7.666769e-03 
 2.689026e+01  7.203293e-03 
 2.689059e+01  6.877272e-03 
 2.689091e+01  1.013830e-02 
 2.689123e+01  1.465040e-02 
 2.689155e+01  1.761920e-02 
 2.689188e+01  2.125896e-02 
 2.689220e+01  2.631614e-02 
 2.689252e+01  3.161868e-02 
 2.689285e+01  3.533347e-02 
 2.689317e+01  3.224994e-02 
 2.689349e+01  2.930715e-02 
 2.689382e+01  2.290877e-02 
 2.689414e+01  1.355947e-02 
 2.689446e+01  2.795823e-03 
 2.689478e+01 -8.913697e-03 
 2.689511e+01 -2.011884e-02 
 2.689543e+01 -2.969453e-02 
 2.689575e+01 -3.712692e-02 
 2.689608e+01 -4.144306e-02 
 2.689640e+01 -4.472442e-02 
 2.689672e+01 -4.762224e-02 
 2.689705e+01 -5.067595e-02 
 2.689737e+01 -6.251953e-02 
 2.689769e+01 -6.885639e-02 
 2.689801e+01 -7.811874e-02 
 2.689834e+01 -8.885370e-02 
 2.689866e+01 -1.014797e-01 
 2.689898e+01 -1.085090e-01 
 2.689931e+01 -1.112328e-01 
 2.689963e+01 -1.098900e-01 
 2.689995e+01 -1.015258e-01 
 2.690028e+01 -9.283310e-02 
 2.690060e+01 -8.680647e-02 
 2.690092e+01 -8.192911e-02 
 2.690124e+01 -8.004153e-02 
 2.690157e+01 -8.118327e-02 
 2.690189e+01 -8.411194e-02 
 2.690221e+01 -8.771073e-02 
 2.690254e+01 -9.180680e-02 
 2.690286e+01 -9.613006e-02 
 2.690318e+01 -9.887453e-02 
 2.690351e+01 -1.006270e-01 
 2.690383e+01 -1.020420e-01 
 2.690415e+01 -1.032889e-01 
 2.690447e+01 -1.048419e-01 
 2.690480e+01 -1.066946e-01 
 2.690512e+01 -1.082842e-01 
 2.690544e+01 -1.093068e-01 
 2.690577e+01 -1.101441e-01 
 2.690609e+01 -1.148784e-01 
 2.690641e+01 -1.175752e-01 
 2.690674e+01 -1.197233e-01 
 2.690706e+01 -1.209656e-01 
 2.690738e+01 -1.198549e-01 
 2.690770e+01 -1.160997e-01 
 2.690803e+01 -1.104725e-01 
 2.690835e+01 -1.031773e-01 
 2.690867e+01 -1.025301e-01 
 2.690900e+01 -9.378579e-02 
 2.690932e+01 -8.579540e-02 
 2.690964e+01 -7.805213e-02 
 2.690997e+01 -1.087914e-01 
 2.691029e+01 -1.003197e-01 
 2.691061e+01 -9.220571e-02 
 2.691093e+01 -8.677690e-02 
 2.691126e+01 -8.052119e-02 
 2.691158e+01 -7.271393e-02 
 2.691190e+01 -6.363194e-02 
 2.691223e+01 -5.281960e-02 
 2.691255e+01 -4.126413e-02 
 2.691287e+01 -3.034647e-02 
 2.691320e+01 -2.136470e-02 
 2.691352e+01 -1.516468e-02 
 2.691384e+01 -1.201932e-02 
 2.691416e+01 -1.123599e-02 
 2.691449e+01 -1.179543e-02 
 2.691481e+01 -1.300626e-02 
 2.691513e+01 -1.452866e-02 
 2.691546e+01 -1.620744e-02 
 2.691578e+01 -1.769619e-02 
 2.691610e+01 -2.062540e-02 
 2.691643e+01 -1.994017e-02 
 2.691675e+01 -1.867890e-02 
 2.691707e+01 -2.006436e-02 
 2.691739e+01 -1.848501e-02 
 2.691772e+01 -1.755661e-02 
 2.691804e+01 -1.843184e-02 
 2.691836e+01 -2.227113e-02 
 2.691869e+01 -2.798086e-02 
 2.691901e+01 -3.575321e-02 
 2.691933e+01 -4.310150e-02 
 2.691965e+01 -5.772996e-02 
 2.691998e+01 -6.107376e-02 
 2.692030e+01 -6.315171e-02 
 2.692062e+01 -7.165743e-02 
 2.692095e+01 -7.424498e-02 
 2.692127e+01 -7.607811e-02 
 2.692159e+01 -7.730068e-02 
 2.692192e+01 -8.028176e-02 
 2.692224e+01 -8.454373e-02 
 2.692256e+01 -8.973663e-02 
 2.692288e+01 -9.716476e-02 
 2.692321e+01 -1.069015e-01 
 2.692353e+01 -1.175288e-01 
 2.692385e+01 -1.280779e-01 
 2.692418e+01 -1.382791e-01 
 2.692450e+01 -1.473707e-01 
 2.692482e+01 -1.542154e-01 
 2.692515e+01 -1.590887e-01 
 2.692547e+01 -1.624074e-01 
 2.692579e+01 -1.642740e-01 
 2.692611e+01 -1.646598e-01 
 2.692644e+01 -1.673447e-01 
 2.692676e+01 -1.739432e-01 
 2.692708e+01 -1.853430e-01 
 2.692741e+01 -1.990091e-01 
 2.692773e+01 -2.122121e-01 
 2.692805e+01 -2.229405e-01 
 2.692838e+01 -2.309228e-01 
 2.692870e+01 -2.363733e-01 
 2.692902e+01 -2.397433e-01 
 2.692934e+01 -2.418716e-01 
 2.692967e+01 -2.434673e-01 
 2.692999e+01 -2.457391e-01 
 2.693031e+01 -2.486309e-01 
 2.693064e+01 -2.531699e-01 
 2.693096e+01 -2.596092e-01 
 2.693128e+01 -2.673005e-01 
 2.693161e+01 -2.754269e-01 
 2.693193e+01 -2.846744e-01 
 2.693225e+01 -2.936436e-01 
 2.693257e+01 -3.008940e-01 
 2.693290e+01 -3.052140e-01 
 2.693322e+01 -3.069940e-01 
 2.693354e+01 -3.074856e-01 
 2.693387e+01 -3.068625e-01 
 2.693419e+01 -3.040729e-01 
 2.693451e+01 -3.022825e-01 
 2.693484e+01 -3.011221e-01 
 2.693516e+01 -3.037408e-01 
 2.693548e+01 -3.082220e-01 
 2.693580e+01 -3.139456e-01 
 2.693613e+01 -3.200745e-01 
 2.693645e+01 -3.254670e-01 
 2.693677e+01 -3.306727e-01 
 2.693710e+01 -3.378904e-01 
 2.693742e+01 -3.404291e-01 
 2.693774e+01 -3.406828e-01 
 2.693807e+01 -3.424579e-01 
 2.693839e+01 -3.419672e-01 
 2.693871e+01 -3.427836e-01 
 2.693903e+01 -3.456397e-01 
 2.693936e+01 -3.628132e-01 
 2.693968e+01 -3.665010e-01 
 2.694000e+01 -3.690501e-01 
 2.694033e+01 -3.708245e-01 
 2.694065e+01 -3.711223e-01 
 2.694097e+01 -3.704972e-01 
 2.694130e+01 -3.672007e-01 
 2.694162e+01 -3.620320e-01 
 2.694194e+01 -3.563969e-01 
 2.694226e+01 -3.509764e-01 
 2.694259e+01 -3.462049e-01 
 2.694291e+01 -3.419119e-01 
 2.694323e+01 -3.377719e-01 
 2.694356e+01 -3.365480e-01 
 2.694388e+01 -3.303707e-01 
 2.694420e+01 -3.229201e-01 
 2.694453e+01 -3.147580e-01 
 2.694485e+01 -3.035969e-01 
 2.694517e+01 -2.894372e-01 
 2.694549e+01 -2.738413e-01 
 2.694582e+01 -2.598249e-01 
 2.694614e+01 -2.479951e-01 
 2.694646e+01 -2.367446e-01 
 2.694679e+01 -2.281192e-01 
 2.694711e+01 -2.228746e-01 
 2.694743e+01 -2.322788e-01 
 2.694776e+01 -2.291286e-01 
 2.694808e+01 -2.253261e-01 
 2.694840e+01 -2.201270e-01 
 2.694872e+01 -2.135553e-01 
 2.694905e+01 -2.066756e-01 
 2.694937e+01 -1.999195e-01 
 2.694969e+01 -1.921880e-01 
 2.695002e+01 -1.840580e-01 
 2.695034e+01 -1.747261e-01 
 2.695066e+01 -1.652189e-01 
 2.695098e+01 -1.568324e-01 
 2.695131e+01 -1.499906e-01 
 2.695163e+01 -1.451415e-01 
 2.695195e+01 -1.433636e-01 
 2.695228e+01 -1.431341e-01 
 2.695260e+01 -1.434355e-01 
 2.695292e+01 -1.426518e-01 
 2.695325e+01 -1.402467e-01 
 2.695357e+01 -1.358516e-01 
 2.695389e+01 -1.298906e-01 
 2.695421e+01 -1.234055e-01 
 2.695454e+01 -1.173579e-01 
 2.695486e+01 -1.121987e-01 
 2.695518e+01 -1.085454e-01 
 2.695551e+01 -1.066210e-01 
 2.695583e+01 -1.068445e-01 
 2.695615e+01 -1.085377e-01 
 2.695648e+01 -1.109937e-01 
 2.695680e+01 -1.144668e-01 
 2.695712e+01 -1.182335e-01 
 2.695744e+01 -1.214129e-01 
 2.695777e+01 -1.237333e-01 
 2.695809e+01 -1.250702e-01 
 2.695841e+01 -1.265166e-01 
 2.695874e+01 -1.283861e-01 
 2.695906e+01 -1.312237e-01 
 2.695938e+01 -1.353486e-01 
 2.695971e+01 -1.405180e-01 
 2.696003e+01 -1.463483e-01 
 2.696035e+01 -1.522164e-01 
 2.696067e+01 -1.604868e-01 
 2.696100e+01 -1.681943e-01 
 2.696132e+01 -1.787267e-01 
 2.696164e+01 -1.802892e-01 
 2.696197e+01 -1.815896e-01 
 2.696229e+01 -1.813576e-01 
 2.696261e+01 -1.800238e-01 
 2.696294e+01 -1.777083e-01 
 2.696326e+01 -1.749424e-01 
 2.696358e+01 -1.715265e-01 
 2.696390e+01 -1.676554e-01 
 2.696423e+01 -1.635133e-01 
 2.696455e+01 -1.580252e-01 
 2.696487e+01 -1.530559e-01 
 2.696520e+01 -1.484901e-01 
 2.696552e+01 -1.453376e-01 
 2.696584e+01 -1.406089e-01 
 2.696617e+01 -1.336555e-01 
 2.696649e+01 -1.251194e-01 
 2.696681e+01 -1.170007e-01 
 2.696713e+01 -1.105433e-01 
 2.696746e+01 -1.064328e-01 
 2.696778e+01 -1.035422e-01 
 2.696810e+01 -1.012183e-01 
 2.696843e+01 -9.914737e-02 
 2.696875e+01 -9.709075e-02 
 2.696907e+01 -9.438045e-02 
 2.696940e+01 -9.070709e-02 
 2.696972e+01 -8.668781e-02 
 2.697004e+01 -8.245988e-02 
 2.697036e+01 -7.850256e-02 
 2.697069e+01 -7.566749e-02 
 2.697101e+01 -7.358717e-02 
 2.697133e+01 -7.262231e-02 
 2.697166e+01 -8.070835e-02 
 2.697198e+01 -8.351163e-02 
 2.697230e+01 -8.784665e-02 
 2.697263e+01 -9.306780e-02 
 2.697295e+01 -9.818306e-02 
 2.697327e+01 -1.020804e-01 
 2.697359e+01 -1.029512e-01 
 2.697392e+01 -1.002141e-01 
 2.697424e+01 -9.614937e-02 
 2.697456e+01 -9.229261e-02 
 2.697489e+01 -9.258530e-02 
 2.697521e+01 -9.606990e-02 
 2.697553e+01 -1.024541e-01 
 2.697586e+01 -1.112974e-01 
 2.697618e+01 -1.217152e-01 
 2.697650e+01 -1.331941e-01 
 2.697682e+01 -1.459201e-01 
 2.697715e+01 -1.593808e-01 
 2.697747e+01 -1.750318e-01 
 2.697779e+01 -1.863489e-01 
 2.697812e+01 -1.957193e-01 
 2.697844e+01 -2.038246e-01 
 2.697876e+01 -2.113697e-01 
 2.697909e+01 -2.194977e-01 
 2.697941e+01 -2.318144e-01 
 2.697973e+01 -2.463508e-01 
 2.698005e+01 -2.601510e-01 
 2.698038e+01 -2.756217e-01 
 2.698070e+01 -2.917850e-01 
 2.698102e+01 -3.082848e-01 
 2.698135e+01 -3.235774e-01 
 2.698167e+01 -3.376786e-01 
 2.698199e+01 -3.509575e-01 
 2.698231e+01 -3.618105e-01 
 2.698264e+01 -3.707105e-01 
 2.698296e+01 -3.785010e-01 
 2.698328e+01 -3.855360e-01 
 2.698361e+01 -3.925223e-01 
 2.698393e+01 -3.999613e-01 
 2.698425e+01 -4.086522e-01 
 2.698458e+01 -4.186625e-01 
 2.698490e+01 -4.297394e-01 
 2.698522e+01 -4.411182e-01 
 2.698554e+01 -4.481490e-01 
 2.698587e+01 -4.531232e-01 
 2.698619e+01 -4.555307e-01 
 2.698651e+01 -4.582733e-01 
 2.698684e+01 -4.615029e-01 
 2.698716e+01 -4.640358e-01 
 2.698748e+01 -4.668457e-01 
 2.698781e+01 -4.706646e-01 
 2.698813e+01 -4.757697e-01 
 2.698845e+01 -4.816534e-01 
 2.698877e+01 -4.873095e-01 
 2.698910e+01 -4.925749e-01 
 2.698942e+01 -4.973579e-01 
 2.698974e+01 -5.011787e-01 
 2.699007e+01 -5.044385e-01 
 2.699039e+01 -5.063754e-01 
 2.699071e+01 -5.069410e-01 
 2.699104e+01 -5.061170e-01 
 2.699136e+01 -5.041095e-01 
 2.699168e+01 -5.021203e-01 
 2.699200e+01 -5.173081e-01 
 2.699233e+01 -5.178109e-01 
 2.699265e+01 -5.190693e-01 
 2.699297e+01 -5.208560e-01 
 2.699330e+01 -5.235570e-01 
 2.699362e+01 -5.258311e-01 
 2.699394e+01 -5.265290e-01 
 2.699427e+01 -5.249615e-01 
 2.699459e+01 -5.210913e-01 
 2.699491e+01 -5.157623e-01 
 2.699523e+01 -5.098511e-01 
 2.699556e+01 -5.038904e-01 
 2.699588e+01 -4.988119e-01 
 2.699620e+01 -4.944731e-01 
 2.699653e+01 -4.913724e-01 
 2.699685e+01 -4.905456e-01 
 2.699717e+01 -4.919711e-01 
 2.699750e+01 -4.944731e-01 
 2.699782e+01 -4.965354e-01 
 2.699814e+01 -4.962267e-01 
 2.699846e+01 -4.942377e-01 
 2.699879e+01 -4.896919e-01 
 2.699911e+01 -4.833500e-01 
 2.699943e+01 -4.771575e-01 
 2.699976e+01 -4.721941e-01 
 2.700008e+01 -4.724773e-01 
 2.700040e+01 -4.748890e-01 
 2.700073e+01 -4.761952e-01 
 2.700105e+01 -4.797367e-01 
 2.700137e+01 -4.863355e-01 
 2.700169e+01 -4.919001e-01 
 2.700202e+01 -4.978226e-01 
 2.700234e+01 -5.048232e-01 
 2.700266e+01 -5.081555e-01 
 2.700299e+01 -5.094138e-01 
 2.700331e+01 -5.090568e-01 
 2.700363e+01 -5.083007e-01 
 2.700396e+01 -5.079896e-01 
 2.700428e+01 -5.092187e-01 
 2.700460e+01 -5.124070e-01 
 2.700492e+01 -5.176801e-01 
 2.700525e+01 -5.247821e-01 
 2.700557e+01 -5.328050e-01 
 2.700589e+01 -5.407496e-01 
 2.700622e+01 -5.472876e-01 
 2.700654e+01 -5.509691e-01 
 2.700686e+01 -5.522962e-01 
 2.700719e+01 -5.518193e-01 
 2.700751e+01 -5.497134e-01 
 2.700783e+01 -5.466342e-01 
 2.700815e+01 -5.445752e-01 
 2.700848e+01 -5.441231e-01 
 2.700880e+01 -5.453948e-01 
 2.700912e+01 -5.468510e-01 
 2.700945e+01 -5.489434e-01 
 2.700977e+01 -5.520319e-01 
 2.701009e+01 -5.562503e-01 
 2.701041e+01 -5.596808e-01 
 2.701074e+01 -5.618914e-01 
 2.701106e+01 -5.623799e-01 
 2.701138e+01 -5.610299e-01 
 2.701171e+01 -5.584279e-01 
 2.701203e+01 -5.558481e-01 
 2.701235e+01 -5.553439e-01 
 2.701268e+01 -5.571886e-01 
 2.701300e+01 -5.603731e-01 
 2.701332e+01 -5.655333e-01 
 2.701364e+01 -5.756976e-01 
 2.701397e+01 -5.824527e-01 
 2.701429e+01 -5.883468e-01 
 2.701461e+01 -5.926444e-01 
 2.701494e+01 -5.952063e-01 
 2.701526e+01 -5.962665e-01 
 2.701558e+01 -5.968788e-01 
 2.701591e+01 -5.962781e-01 
 2.701623e+01 -5.953768e-01 
 2.701655e+01 -5.966054e-01 
 2.701687e+01 -5.976652e-01 
 2.701720e+01 -5.997696e-01 
 2.701752e+01 -6.033851e-01 
 2.701784e+01 -6.074909e-01 
 2.701817e+01 -6.109170e-01 
 2.701849e+01 -6.127995e-01 
 2.701881e+01 -6.130514e-01 
 2.701914e+01 -6.125345e-01 
 2.701946e+01 -6.112032e-01 
 2.701978e+01 -6.105483e-01 
 2.702010e+01 -6.108254e-01 
 2.702043e+01 -6.117928e-01 
 2.702075e+01 -6.136692e-01 
 2.702107e+01 -6.162949e-01 
 2.702140e+01 -6.196520e-01 
 2.702172e+01 -6.224647e-01 
 2.702204e+01 -6.237073e-01 
 2.702237e+01 -6.256141e-01 
 2.702269e+01 -6.276389e-01 
 2.702301e+01 -6.295084e-01 
 2.702333e+01 -6.301876e-01 
 2.702366e+01 -6.293955e-01 
 2.702398e+01 -6.284857e-01 
 2.702430e+01 -6.289478e-01 
 2.702463e+01 -6.304317e-01 
 2.702495e+01 -6.351890e-01 
 2.702527e+01 -6.377426e-01 
 2.702560e+01 -6.406407e-01 
 2.702592e+01 -6.432055e-01 
 2.702624e+01 -6.454741e-01 
 2.702656e+01 -6.465420e-01 
 2.702689e+01 -6.449873e-01 
 2.702721e+01 -6.454707e-01 
 2.702753e+01 -6.411952e-01 
 2.702786e+01 -6.369102e-01 
 2.702818e+01 -6.329759e-01 
 2.702850e+01 -6.298902e-01 
 2.702883e+01 -6.273238e-01 
 2.702915e+01 -6.259826e-01 
 2.702947e+01 -6.246934e-01 
 2.702979e+01 -6.249194e-01 
 2.703012e+01 -6.248200e-01 
 2.703044e+01 -6.252145e-01 
 2.703076e+01 -6.248248e-01 
 2.703109e+01 -6.243777e-01 
 2.703141e+01 -6.232485e-01 
 2.703173e+01 -6.203326e-01 
 2.703206e+01 -6.131883e-01 
 2.703238e+01 -6.076769e-01 
 2.703270e+01 -6.051283e-01 
 2.703302e+01 -6.047266e-01 
 2.703335e+01 -6.055313e-01 
 2.703367e+01 -6.054548e-01 
 2.703399e+01 -6.074421e-01 
 2.703432e+01 -6.129746e-01 
 2.703464e+01 -6.146126e-01 
 2.703496e+01 -6.146763e-01 
 2.703529e+01 -6.138450e-01 
 2.703561e+01 -6.108076e-01 
 2.703593e+01 -6.068090e-01 
 2.703625e+01 -6.018744e-01 
 2.703658e+01 -5.970173e-01 
 2.703690e+01 -5.923218e-01 
 2.703722e+01 -5.854897e-01 
 2.703755e+01 -5.789290e-01 
 2.703787e+01 -5.746525e-01 
 2.703819e+01 -5.707593e-01 
 2.703851e+01 -5.661865e-01 
 2.703884e+01 -5.628415e-01 
 2.703916e+01 -5.565856e-01 
 2.703948e+01 -5.509008e-01 
 2.703981e+01 -5.443395e-01 
 2.704013e+01 -5.371303e-01 
 2.704045e+01 -5.287313e-01 
 2.704078e+01 -5.203058e-01 
 2.704110e+01 -5.139549e-01 
 2.704142e+01 -5.078427e-01 
 2.704174e+01 -5.020976e-01 
 2.704207e+01 -4.952177e-01 
 2.704239e+01 -4.886785e-01 
 2.704271e+01 -4.833034e-01 
 2.704304e+01 -4.785669e-01 
 2.704336e+01 -4.735402e-01 
 2.704368e+01 -4.668942e-01 
 2.704401e+01 -4.580817e-01 
 2.704433e+01 -4.474664e-01 
 2.704465e+01 -4.362264e-01 
 2.704497e+01 -4.260365e-01 
 2.704530e+01 -4.164958e-01 
 2.704562e+01 -4.080194e-01 
 2.704594e+01 -4.003600e-01 
 2.704627e+01 -4.592445e-01 
 2.704659e+01 -4.696846e-01 
 2.704691e+01 -4.670341e-01 
 2.704724e+01 -4.628419e-01 
 2.704756e+01 -4.565052e-01 
 2.704788e+01 -4.480559e-01 
 2.704820e+01 -4.381431e-01 
 2.704853e+01 -4.244811e-01 
 2.704885e+01 -4.079645e-01 
 2.704917e+01 -3.898876e-01 
 2.704950e+01 -3.715046e-01 
 2.704982e+01 -3.552931e-01 
 2.705014e+01 -3.415346e-01 
 2.705047e+01 -3.302482e-01 
 2.705079e+01 -3.205849e-01 
 2.705111e+01 -3.121525e-01 
 2.705143e+01 -3.049507e-01 
 2.705176e+01 -2.965917e-01 
 2.705208e+01 -2.851546e-01 
 2.705240e+01 -2.695335e-01 
 2.705273e+01 -2.536733e-01 
 2.705305e+01 -2.370588e-01 
 2.705337e+01 -2.220387e-01 
 2.705370e+01 -2.092173e-01 
 2.705402e+01 -1.992753e-01 
 2.705434e+01 -1.916590e-01 
 2.705466e+01 -1.863663e-01 
 2.705499e+01 -1.817827e-01 
 2.705531e+01 -1.770105e-01 
 2.705563e+01 -1.708470e-01 
 2.705596e+01 -1.628453e-01 
 2.705628e+01 -1.525402e-01 
 2.705660e+01 -1.457506e-01 
 2.705693e+01 -1.293323e-01 
 2.705725e+01 -1.124485e-01 
 2.705757e+01 -9.798679e-02 
 2.705789e+01 -8.632022e-02 
 2.705822e+01 -7.723004e-02 
 2.705854e+01 -7.108723e-02 
 2.705886e+01 -6.689347e-02 
 2.705919e+01 -6.333067e-02 
 2.705951e+01 -5.867230e-02 
 2.705983e+01 -5.249510e-02 
 2.706016e+01 -4.439296e-02 
 2.706048e+01 -3.519293e-02 
 2.706080e+01 -2.502006e-02 
 2.706112e+01 -1.014171e-02 
 2.706145e+01  4.373331e-03 
 2.706177e+01  1.699304e-02 
 2.706209e+01  2.663401e-02 
 2.706242e+01  3.260151e-02 
 2.706274e+01  3.563424e-02 
 2.706306e+01  3.664105e-02 
 2.706339e+01  3.647489e-02 
 2.706371e+01  3.570170e-02 
 2.706403e+01  3.593791e-02 
 2.706435e+01  3.774030e-02 
 2.706468e+01  4.195384e-02 
 2.706500e+01 -1.479185e-02 
 2.706532e+01 -1.637396e-02 
 2.706565e+01 -1.537814e-02 
 2.706597e+01 -1.504590e-02 
 2.706629e+01 -1.599542e-02 
 2.706662e+01 -1.864038e-02 
 2.706694e+01 -2.252553e-02 
 2.706726e+01 -2.806010e-02 
 2.706758e+01 -3.276777e-02 
 2.706791e+01 -3.725090e-02 
 2.706823e+01 -4.007526e-02 
 2.706855e+01 -4.106671e-02 
 2.706888e+01 -4.040988e-02 
 2.706920e+01 -3.870910e-02 
 2.706952e+01 -3.659141e-02 
 2.706984e+01 -3.478181e-02 
 2.707017e+01 -3.384352e-02 
 2.707049e+01 -3.494044e-02 
 2.707081e+01 -3.937637e-02 
 2.707114e+01 -4.621809e-02 
 2.707146e+01 -5.468729e-02 
 2.707178e+01 -6.267415e-02 
 2.707211e+01 -1.135424e-01 
 2.707243e+01 -1.193802e-01 
 2.707275e+01 -1.229080e-01 
 2.707307e+01 -1.256708e-01 
 2.707340e+01 -1.297385e-01 
 2.707372e+01 -1.342608e-01 
 2.707404e+01 -1.370328e-01 
 2.707437e+01 -1.371750e-01 
 2.707469e+01 -1.363362e-01 
 2.707501e+01 -1.336750e-01 
 2.707534e+01 -1.308731e-01 
 2.707566e+01 -1.292382e-01 
 2.707598e+01 -1.288848e-01 
 2.707630e+01 -1.290863e-01 
 2.707663e+01 -1.276915e-01 
 2.707695e+01 -1.261109e-01 
 2.707727e+01 -1.216239e-01 
 2.707760e+01 -1.151841e-01 
 2.707792e+01 -1.072580e-01 
 2.707824e+01 -9.821633e-02 
 2.707857e+01 -8.886542e-02 
 2.707889e+01 -7.845511e-02 
 2.707921e+01 -6.964133e-02 
 2.707953e+01 -6.308618e-02 
 2.707986e+01 -6.039805e-02 
 2.708018e+01 -5.971392e-02 
 2.708050e+01 -5.541871e-02 
 2.708083e+01 -5.074506e-02 
 2.708115e+01 -4.664695e-02 
 2.708147e+01 -6.649160e-02 
 2.708180e+01 -6.147179e-02 
 2.708212e+01 -5.472780e-02 
 2.708244e+01 -4.767822e-02 
 2.708276e+01 -4.020224e-02 
 2.708309e+01 -3.191463e-02 
 2.708341e+01 -2.891498e-02 
 2.708373e+01 -2.712099e-02 
 2.708406e+01 -2.631679e-02 
 2.708438e+01 -2.598263e-02 
 2.708470e+01 -9.814797e-02 
 2.708503e+01 -1.310591e-01 
 2.708535e+01 -1.395131e-01 
 2.708567e+01 -1.476861e-01 
 2.708599e+01 -1.571948e-01 
 2.708632e+01 -1.681131e-01 
 2.708664e+01 -1.780775e-01 
 2.708696e+01 -1.836872e-01 
 2.708729e+01 -1.852963e-01 
 2.708761e+01 -1.839460e-01 
 2.708793e+01 -1.815704e-01 
 2.708826e+01 -1.819519e-01 
 2.708858e+01 -1.808872e-01 
 2.708890e+01 -1.847718e-01 
 2.708922e+01 -1.874864e-01 
 2.708955e+01 -1.936803e-01 
 2.708987e+01 -2.022183e-01 
 2.709019e+01 -2.124610e-01 
 2.709052e+01 -2.217074e-01 
 2.709084e+01 -2.282374e-01 
 2.709116e+01 -2.318466e-01 
 2.709149e+01 -2.327777e-01 
 2.709181e+01 -2.308945e-01 
 2.709213e+01 -2.277042e-01 
 2.709245e+01 -2.242807e-01 
 2.709278e+01 -2.229697e-01 
 2.709310e+01 -2.232146e-01 
 2.709342e+01 -2.252143e-01 
 2.709375e+01 -2.292258e-01 
 2.709407e+01 -2.345695e-01 
 2.709439e+01 -2.419004e-01 
 2.709472e+01 -2.441687e-01 
 2.709504e+01 -2.439451e-01 
 2.709536e+01 -2.421855e-01 
 2.709568e+01 -2.397034e-01 
 2.709601e+01 -2.370923e-01 
 2.709633e+01 -2.347978e-01 
 2.709665e+01 -2.336775e-01 
 2.709698e+01 -2.320824e-01 
 2.709730e+01 -2.305995e-01 
 2.709762e+01 -2.298469e-01 
 2.709795e+01 -2.299086e-01 
 2.709827e+01 -2.307518e-01 
 2.709859e+01 -2.586258e-01 
 2.709891e+01 -2.610150e-01 
 2.709924e+01 -2.625813e-01 
 2.709956e+01 -2.625803e-01 
 2.709988e+01 -2.582588e-01 
 2.710021e+01 -2.513042e-01 
 2.710053e+01 -2.442451e-01 
 2.710085e+01 -2.379369e-01 
 2.710117e+01 -2.314913e-01 
 2.710150e+01 -2.254483e-01 
 2.710182e+01 -2.211669e-01 
 2.710214e+01 -2.180202e-01 
 2.710247e+01 -2.142835e-01 
 2.710279e+01 -2.104245e-01 
 2.710311e+01 -2.098491e-01 
 2.710344e+01 -2.065587e-01 
 2.710376e+01 -2.024886e-01 
 2.710408e+01 -2.208503e-01 
 2.710440e+01 -2.146945e-01 
 2.710473e+01 -2.071923e-01 
 2.710505e+01 -2.486019e-01 
 2.710537e+01 -2.464795e-01 
 2.710570e+01 -2.454144e-01 
 2.710602e+01 -2.461526e-01 
 2.710634e+01 -2.480043e-01 
 2.710667e+01 -2.501498e-01 
 2.710699e+01 -2.529010e-01 
 2.710731e+01 -2.527861e-01 
 2.710763e+01 -2.500413e-01 
 2.710796e+01 -2.467734e-01 
 2.710828e+01 -2.486455e-01 
 2.710860e+01 -2.486780e-01 
 2.710893e+01 -2.536057e-01 
 2.710925e+01 -2.570131e-01 
 2.710957e+01 -2.622122e-01 
 2.710990e+01 -2.679987e-01 
 2.711022e+01 -2.734280e-01 
 2.711054e+01 -2.764251e-01 
 2.711086e+01 -3.020031e-01 
 2.711119e+01 -3.013071e-01 
 2.711151e+01 -3.006453e-01 
 2.711183e+01 -3.013035e-01 
 2.711216e+01 -3.029508e-01 
 2.711248e+01 -3.051106e-01 
 2.711280e+01 -3.071119e-01 
 2.711313e+01 -3.100335e-01 
 2.711345e+01 -3.144519e-01 
 2.711377e+01 -3.195465e-01 
 2.711409e+01 -3.243378e-01 
 2.711442e+01 -3.282540e-01 
 2.711474e+01 -3.299161e-01 
 2.711506e+01 -3.287006e-01 
 2.711539e+01 -3.237110e-01 
 2.711571e+01 -3.132478e-01 
 2.711603e+01 -3.094004e-01 
 2.711636e+01 -3.085567e-01 
 2.711668e+01 -3.090895e-01 
 2.711700e+01 -3.112150e-01 
 2.711732e+01 -3.366519e-01 
 2.711765e+01 -3.392518e-01 
 2.711797e+01 -3.423172e-01 
 2.711829e+01 -3.467129e-01 
 2.711862e+01 -3.525077e-01 
 2.711894e+01 -3.587135e-01 
 2.711926e+01 -3.655528e-01 
 2.711959e+01 -3.715461e-01 
 2.711991e+01 -3.765665e-01 
 2.712023e+01 -3.797518e-01 
 2.712055e+01 -3.816773e-01 
 2.712088e+01 -3.857144e-01 
 2.712120e+01 -3.868255e-01 
 2.712152e+01 -3.890728e-01 
 2.712185e+01 -3.938243e-01 
 2.712217e+01 -4.005812e-01 
 2.712249e+01 -4.080798e-01 
 2.712282e+01 -4.153150e-01 
 2.712314e+01 -4.207663e-01 
 2.712346e+01 -4.231286e-01 
 2.712378e+01 -4.234527e-01 
 2.712411e+01 -4.235266e-01 
 2.712443e+01 -4.235767e-01 
 2.712475e+01 -4.243322e-01 
 2.712508e+01 -4.270443e-01 
 2.712540e+01 -4.320064e-01 
 2.712572e+01 -4.389979e-01 
 2.712605e+01 -4.455399e-01 
 2.712637e+01 -4.509558e-01 
 2.712669e+01 -4.555575e-01 
 2.712701e+01 -4.759792e-01 
 2.712734e+01 -4.788389e-01 
 2.712766e+01 -4.800448e-01 
 2.712798e+01 -4.787558e-01 
 2.712831e+01 -4.763959e-01 
 2.712863e+01 -4.743792e-01 
 2.712895e+01 -4.744071e-01 
 2.712927e+01 -4.747440e-01 
 2.712960e+01 -4.783560e-01 
 2.712992e+01 -4.773741e-01 
 2.713024e+01 -4.756713e-01 
 2.713057e+01 -4.770313e-01 
 2.713089e+01 -4.755741e-01 
 2.713121e+01 -4.741878e-01 
 2.713154e+01 -4.725384e-01 
 2.713186e+01 -4.724350e-01 
 2.713218e+01 -4.737647e-01 
 2.713250e+01 -4.740064e-01 
 2.713283e+01 -4.726475e-01 
 2.713315e+01 -4.701102e-01 
 2.713347e+01 -4.669713e-01 
 2.713380e+01 -4.644157e-01 
 2.713412e+01 -4.636434e-01 
 2.713444e+01 -4.654650e-01 
 2.713477e+01 -4.693509e-01 
 2.713509e+01 -4.744640e-01 
 2.713541e+01 -4.798308e-01 
 2.713573e+01 -4.836579e-01 
 2.713606e+01 -4.858718e-01 
 2.713638e+01 -4.859604e-01 
 2.713670e+01 -4.842524e-01 
 2.713703e+01 -4.815784e-01 
 2.713735e+01 -4.785199e-01 
 2.713767e+01 -4.756920e-01 
 2.713800e+01 -4.737240e-01 
 2.713832e+01 -4.728485e-01 
 2.713864e+01 -4.840782e-01 
 2.713896e+01 -4.840237e-01 
 2.713929e+01 -4.808033e-01 
 2.713961e+01 -4.762110e-01 
 2.713993e+01 -4.691487e-01 
 2.714026e+01 -4.584578e-01 
 2.714058e+01 -4.465028e-01 
 2.714090e+01 -4.323656e-01 
 2.714123e+01 -4.170620e-01 
 2.714155e+01 -4.020412e-01 
 2.714187e+01 -3.887511e-01 
 2.714219e+01 -3.789018e-01 
 2.714252e+01 -3.670134e-01 
 2.714284e+01 -3.565903e-01 
 2.714316e+01 -3.515870e-01 
 2.714349e+01 -3.450270e-01 
 2.714381e+01 -3.364174e-01 
 2.714413e+01 -3.263026e-01 
 2.714446e+01 -3.159772e-01 
 2.714478e+01 -3.062582e-01 
 2.714510e+01 -2.978314e-01 
 2.714542e+01 -2.894502e-01 
 2.714575e+01 -3.174577e-01 
 2.714607e+01 -3.119116e-01 
 2.714639e+01 -3.084357e-01 
 2.714672e+01 -3.076656e-01 
 2.714704e+01 -3.099942e-01 
 2.714736e+01 -3.142218e-01 
 2.714769e+01 -3.174271e-01 
 2.714801e+01 -3.178936e-01 
 2.714833e+01 -3.159652e-01 
 2.714865e+01 -3.105005e-01 
 2.714898e+01 -3.051198e-01 
 2.714930e+01 -2.957562e-01 
 2.714962e+01 -2.866325e-01 
 2.714995e+01 -2.787636e-01 
 2.715027e+01 -2.996227e-01 
 2.715059e+01 -2.992511e-01 
 2.715092e+01 -3.025361e-01 
 2.715124e+01 -3.082624e-01 
 2.715156e+01 -3.151183e-01 
 2.715188e+01 -3.200552e-01 
 2.715221e+01 -3.219571e-01 
 2.715253e+01 -3.209759e-01 
 2.715285e+01 -3.170210e-01 
 2.715318e+01 -3.107841e-01 
 2.715350e+01 -3.040983e-01 
 2.715382e+01 -2.981556e-01 
 2.715415e+01 -2.942274e-01 
 2.715447e+01 -2.933126e-01 
 2.715479e+01 -2.961618e-01 
 2.715511e+01 -3.000438e-01 
 2.715544e+01 -3.031656e-01 
 2.715576e+01 -3.034826e-01 
 2.715608e+01 -3.006084e-01 
 2.715641e+01 -2.948620e-01 
 2.715673e+01 -2.869402e-01 
 2.715705e+01 -2.783424e-01 
 2.715738e+01 -2.704510e-01 
 2.715770e+01 -2.622628e-01 
 2.715802e+01 -2.554260e-01 
 2.715834e+01 -2.500488e-01 
 2.715867e+01 -2.450287e-01 
 2.715899e+01 -2.401177e-01 
 2.715931e+01 -2.347564e-01 
 2.715964e+01 -2.285647e-01 
 2.715996e+01 -2.213711e-01 
 2.716028e+01 -2.165502e-01 
 2.716060e+01 -2.088901e-01 
 2.716093e+01 -2.018691e-01 
 2.716125e+01 -1.962933e-01 
 2.716157e+01 -1.911774e-01 
 2.716190e+01 -1.876665e-01 
 2.716222e+01 -1.869686e-01 
 2.716254e+01 -1.890524e-01 
 2.716287e+01 -1.921597e-01 
 2.716319e+01 -1.947747e-01 
 2.716351e+01 -1.981788e-01 
 2.716383e+01 -1.995171e-01 
 2.716416e+01 -2.005946e-01 
 2.716448e+01 -1.991269e-01 
 2.716480e+01 -1.971483e-01 
 2.716513e+01 -1.954496e-01 
 2.716545e+01 -1.938036e-01 
 2.716577e+01 -1.923874e-01 
 2.716610e+01 -1.913790e-01 
 2.716642e+01 -1.912226e-01 
 2.716674e+01 -1.923120e-01 
 2.716706e+01 -1.950887e-01 
 2.716739e+01 -1.986233e-01 
 2.716771e+01 -2.024102e-01 
 2.716803e+01 -2.308093e-01 
 2.716836e+01 -2.338346e-01 
 2.716868e+01 -2.353690e-01 
 2.716900e+01 -2.363171e-01 
 2.716933e+01 -2.372587e-01 
 2.716965e+01 -2.387037e-01 
 2.716997e+01 -2.415996e-01 
 2.717029e+01 -2.474625e-01 
 2.717062e+01 -2.545974e-01 
 2.717094e+01 -2.667764e-01 
 2.717126e+01 -2.764008e-01 
 2.717159e+01 -2.861443e-01 
 2.717191e+01 -2.944654e-01 
 2.717223e+01 -3.014554e-01 
 2.717256e+01 -3.071743e-01 
 2.717288e+01 -3.147994e-01 
 2.717320e+01 -3.205256e-01 
 2.717352e+01 -3.269708e-01 
 2.717385e+01 -3.341587e-01 
 2.717417e+01 -3.430078e-01 
 2.717449e+01 -3.533271e-01 
 2.717482e+01 -3.648441e-01 
 2.717514e+01 -3.777067e-01 
 2.717546e+01 -3.908819e-01 
 2.717579e+01 -4.028641e-01 
 2.717611e+01 -4.126211e-01 
 2.717643e+01 -4.239123e-01 
 2.717675e+01 -4.293282e-01 
 2.717708e+01 -4.250351e-01 
 2.717740e+01 -4.255009e-01 
 2.717772e+01 -4.255316e-01 
 2.717805e+01 -4.238333e-01 
 2.717837e+01 -4.211101e-01 
 2.717869e+01 -4.183573e-01 
 2.717902e+01 -4.165225e-01 
 2.717934e+01 -4.166124e-01 
 2.717966e+01 -4.173054e-01 
 2.717998e+01 -4.204792e-01 
 2.718031e+01 -4.264913e-01 
 2.718063e+01 -4.325345e-01 
 2.718095e+01 -4.368809e-01 
 2.718128e+01 -4.395571e-01 
 2.718160e+01 -4.499923e-01 
 2.718192e+01 -4.470104e-01 
 2.718225e+01 -4.426369e-01 
 2.718257e+01 -4.383297e-01 
 2.718289e+01 -4.358105e-01 
 2.718321e+01 -4.356104e-01 
 2.718354e+01 -4.371292e-01 
 2.718386e+01 -4.394137e-01 
 2.718418e+01 -4.405868e-01 
 2.718451e+01 -4.405181e-01 
 2.718483e+01 -4.332559e-01 
 2.718515e+01 -4.258233e-01 
 2.718548e+01 -4.219793e-01 
 2.718580e+01 -4.172021e-01 
 2.718612e+01 -4.117196e-01 
 2.718644e+01 -4.065505e-01 
 2.718677e+01 -4.024914e-01 
 2.718709e+01 -4.004326e-01 
 2.718741e+01 -4.000724e-01 
 2.718774e+01 -4.015709e-01 
 2.718806e+01 -4.037008e-01 
 2.718838e+01 -4.055437e-01 
 2.718870e+01 -4.066747e-01 
 2.718903e+01 -4.067503e-01 
 2.718935e+01 -4.060033e-01 
 2.718967e+01 -4.050014e-01 
 2.719000e+01 -4.029279e-01 
 2.719032e+01 -4.010706e-01 
 2.719064e+01 -3.994286e-01 
 2.719097e+01 -3.992222e-01 
 2.719129e+01 -4.010654e-01 
 2.719161e+01 -4.041105e-01 
 2.719193e+01 -4.182285e-01 
 2.719226e+01 -4.262244e-01 
 2.719258e+01 -4.305118e-01 
 2.719290e+01 -4.346511e-01 
 2.719323e+01 -4.380179e-01 
 2.719355e+01 -4.440151e-01 
 2.719387e+01 -4.442948e-01 
 2.719420e+01 -4.429674e-01 
 2.719452e+01 -4.402811e-01 
 2.719484e+01 -4.372225e-01 
 2.719516e+01 -4.348935e-01 
 2.719549e+01 -4.278129e-01 
 2.719581e+01 -4.236255e-01 
 2.719613e+01 -4.238653e-01 
 2.719646e+01 -4.235203e-01 
 2.719678e+01 -4.220969e-01 
 2.719710e+01 -4.183621e-01 
 2.719743e+01 -4.130726e-01 
 2.719775e+01 -4.067634e-01 
 2.719807e+01 -3.998718e-01 
 2.719839e+01 -3.930032e-01 
 2.719872e+01 -3.872762e-01 
 2.719904e+01 -3.840100e-01 
 2.719936e+01 -3.837242e-01 
 2.719969e+01 -3.859519e-01 
 2.720001e+01 -3.858839e-01 
 2.720033e+01 -3.854696e-01 
 2.720066e+01 -3.846573e-01 
 2.720098e+01 -3.826800e-01 
 2.720130e+01 -3.796803e-01 
 2.720162e+01 -3.759052e-01 
 2.720195e+01 -3.815160e-01 
 2.720227e+01 -3.765029e-01 
 2.720259e+01 -3.719171e-01 
 2.720292e+01 -3.692232e-01 
 2.720324e+01 -4.240109e-01 
 2.720356e+01 -4.310612e-01 
 2.720389e+01 -4.389091e-01 
 2.720421e+01 -4.466722e-01 
 2.720453e+01 -4.527953e-01 
 2.720485e+01 -4.552831e-01 
 2.720518e+01 -4.568984e-01 
 2.720550e+01 -4.550574e-01 
 2.720582e+01 -4.488243e-01 
 2.720615e+01 -4.395772e-01 
 2.720647e+01 -4.250025e-01 
 2.720679e+01 -4.134143e-01 
 2.720712e+01 -4.067362e-01 
 2.720744e+01 -4.012518e-01 
 2.720776e+01 -3.979727e-01 
 2.720808e+01 -3.971898e-01 
 2.720841e+01 -3.982943e-01 
 2.720873e+01 -3.996760e-01 
 2.720905e+01 -3.997975e-01 
 2.720938e+01 -3.980867e-01 
 2.720970e+01 -3.894169e-01 
 2.721002e+01 -3.773228e-01 
 2.721035e+01 -3.637724e-01 
 2.721067e+01 -3.503193e-01 
 2.721099e+01 -3.381167e-01 
 2.721131e+01 -3.286556e-01 
 2.721164e+01 -3.225069e-01 
 2.721196e+01 -3.310300e-01 
 2.721228e+01 -3.328700e-01 
 2.721261e+01 -3.369829e-01 
 2.721293e+01 -3.785847e-01 
 2.721325e+01 -3.894206e-01 
 2.721358e+01 -4.031349e-01 
 2.721390e+01 -4.112304e-01 
 2.721422e+01 -4.173132e-01 
 2.721454e+01 -4.247096e-01 
 2.721487e+01 -4.266244e-01 
 2.721519e+01 -4.282689e-01 
 2.721551e+01 -4.304751e-01 
 2.721584e+01 -4.335381e-01 
 2.721616e+01 -4.380606e-01 
 2.721648e+01 -4.356004e-01 
 2.721681e+01 -4.401104e-01 
 2.721713e+01 -4.481475e-01 
 2.721745e+01 -4.550408e-01 
 2.721777e+01 -4.601390e-01 
 2.721810e+01 -4.634414e-01 
 2.721842e+01 -4.656282e-01 
 2.721874e+01 -4.669023e-01 
 2.721907e+01 -4.679805e-01 
 2.721939e+01 -4.702749e-01 
 2.721971e+01 -4.730275e-01 
 2.722003e+01 -4.774157e-01 
 2.722036e+01 -4.832096e-01 
 2.722068e+01 -4.895413e-01 
 2.722100e+01 -4.960648e-01 
 2.722133e+01 -5.018045e-01 
 2.722165e+01 -5.071523e-01 
 2.722197e+01 -5.138188e-01 
 2.722230e+01 -5.195927e-01 
 2.722262e+01 -5.231656e-01 
 2.722294e+01 -5.231868e-01 
 2.722326e+01 -5.223710e-01 
 2.722359e+01 -5.222221e-01 
 2.722391e+01 -5.233195e-01 
 2.722423e+01 -5.264659e-01 
 2.722456e+01 -5.313662e-01 
 2.722488e+01 -5.369436e-01 
 2.722520e+01 -5.425644e-01 
 2.722553e+01 -5.471678e-01 
 2.722585e+01 -5.460423e-01 
 2.722617e+01 -5.399738e-01 
 2.722649e+01 -5.319953e-01 
 2.722682e+01 -5.253104e-01 
 2.722714e+01 -5.155073e-01 
 2.722746e+01 -5.090099e-01 
 2.722779e+01 -5.038078e-01 
 2.722811e+01 -5.005106e-01 
 2.722843e+01 -4.998386e-01 
 2.722876e+01 -5.543173e-01 
 2.722908e+01 -5.569180e-01 
 2.722940e+01 -5.580251e-01 
 2.722972e+01 -5.576326e-01 
 2.723005e+01 -5.563065e-01 
 2.723037e+01 -5.551646e-01 
 2.723069e+01 -5.517620e-01 
 2.723102e+01 -5.459107e-01 
 2.723134e+01 -5.396335e-01 
 2.723166e+01 -5.537676e-01 
 2.723199e+01 -5.534826e-01 
 2.723231e+01 -5.574224e-01 
 2.723263e+01 -5.632792e-01 
 2.723295e+01 -5.694416e-01 
 2.723328e+01 -5.755187e-01 
 2.723360e+01 -5.813038e-01 
 2.723392e+01 -5.867523e-01 
 2.723425e+01 -5.904672e-01 
 2.723457e+01 -5.910902e-01 
 2.723489e+01 -5.878585e-01 
 2.723522e+01 -5.814807e-01 
 2.723554e+01 -5.742154e-01 
 2.723586e+01 -5.672814e-01 
 2.723618e+01 -5.659730e-01 
 2.723651e+01 -5.635792e-01 
 2.723683e+01 -5.631841e-01 
 2.723715e+01 -5.685831e-01 
 2.723748e+01 -5.725016e-01 
 2.723780e+01 -5.757831e-01 
 2.723812e+01 -5.761996e-01 
 2.723845e+01 -5.729083e-01 
 2.723877e+01 -5.666938e-01 
 2.723909e+01 -5.569068e-01 
 2.723941e+01 -5.453952e-01 
 2.723974e+01 -5.340001e-01 
 2.724006e+01 -5.243637e-01 
 2.724038e+01 -5.174092e-01 
 2.724071e+01 -5.139682e-01 
 2.724103e+01 -5.130505e-01 
 2.724135e+01 -5.132833e-01 
 2.724168e+01 -5.136271e-01 
 2.724200e+01 -5.132262e-01 
 2.724232e+01 -5.125528e-01 
 2.724264e+01 -5.118577e-01 
 2.724297e+01 -5.092457e-01 
 2.724329e+01 -5.031748e-01 
 2.724361e+01 -4.947067e-01 
 2.724394e+01 -4.860881e-01 
 2.724426e+01 -4.784240e-01 
 2.724458e+01 -4.726667e-01 
 2.724491e+01 -4.697851e-01 
 2.724523e+01 -4.694576e-01 
 2.724555e+01 -4.695009e-01 
 2.724587e+01 -4.703657e-01 
 2.724620e+01 -4.709728e-01 
 2.724652e+01 -4.704392e-01 
 2.724684e+01 -4.667455e-01 
 2.724717e+01 -4.608251e-01 
 2.724749e+01 -4.544724e-01 
 2.724781e+01 -4.480221e-01 
 2.724813e+01 -4.411296e-01 
 2.724846e+01 -4.339248e-01 
 2.724878e+01 -4.261601e-01 
 2.724910e+01 -4.196832e-01 
 2.724943e+01 -4.144180e-01 
 2.724975e+01 -4.103389e-01 
 2.725007e+01 -4.070900e-01 
 2.725040e+01 -4.037370e-01 
 2.725072e+01 -3.992885e-01 
 2.725104e+01 -3.931031e-01 
 2.725136e+01 -3.857979e-01 
 2.725169e+01 -3.732433e-01 
 2.725201e+01 -3.603658e-01 
 2.725233e+01 -3.505103e-01 
 2.725266e+01 -3.439723e-01 
 2.725298e+01 -3.412377e-01 
 2.725330e+01 -3.411970e-01 
 2.725363e+01 -3.432521e-01 
 2.725395e+01 -3.475697e-01 
 2.725427e+01 -3.760513e-01 
 2.725459e+01 -3.844880e-01 
 2.725492e+01 -3.903833e-01 
 2.725524e+01 -3.931744e-01 
 2.725556e+01 -3.943190e-01 
 2.725589e+01 -3.940499e-01 
 2.725621e+01 -3.974748e-01 
 2.725653e+01 -4.076400e-01 
 2.725686e+01 -4.085750e-01 
 2.725718e+01 -4.092325e-01 
 2.725750e+01 -4.328140e-01 
 2.725782e+01 -4.385421e-01 
 2.725815e+01 -4.462247e-01 
 2.725847e+01 -4.490301e-01 
 2.725879e+01 -4.476833e-01 
 2.725912e+01 -4.487829e-01 
 2.725944e+01 -4.462927e-01 
 2.725976e+01 -4.411408e-01 
 2.726009e+01 -4.339276e-01 
 2.726041e+01 -4.256831e-01 
 2.726073e+01 -4.177913e-01 
 2.726105e+01 -4.118105e-01 
 2.726138e+01 -4.099749e-01 
 2.726170e+01 -4.100141e-01 
 2.726202e+01 -4.109097e-01 
 2.726235e+01 -4.133024e-01 
 2.726267e+01 -4.169013e-01 
 2.726299e+01 -4.210980e-01 
 2.726332e+01 -4.240819e-01 
 2.726364e+01 -4.239058e-01 
 2.726396e+01 -4.202329e-01 
 2.726428e+01 -4.150538e-01 
 2.726461e+01 -4.071182e-01 
 2.726493e+01 -4.008747e-01 
 2.726525e+01 -3.979615e-01 
 2.726558e+01 -3.985354e-01 
 2.726590e+01 -4.014480e-01 
 2.726622e+01 -4.220154e-01 
 2.726655e+01 -4.299640e-01 
 2.726687e+01 -4.567654e-01 
 2.726719e+01 -4.599050e-01 
 2.726751e+01 -4.581118e-01 
 2.726784e+01 -4.573668e-01 
 2.726816e+01 -4.554960e-01 
 2.726848e+01 -4.442978e-01 
 2.726881e+01 -4.330336e-01 
 2.726913e+01 -4.274044e-01 
 2.726945e+01 -4.235406e-01 
 2.726978e+01 -4.220202e-01 
 2.727010e+01 -4.224605e-01 
 2.727042e+01 -4.242134e-01 
 2.727074e+01 -4.258891e-01 
 2.727107e+01 -4.269394e-01 
 2.727139e+01 -4.253245e-01 
 2.727171e+01 -4.204109e-01 
 2.727204e+01 -4.110763e-01 
 2.727236e+01 -3.961756e-01 
 2.727268e+01 -3.854812e-01 
 2.727301e+01 -3.779550e-01 
 2.727333e+01 -3.738516e-01 
 2.727365e+01 -3.731333e-01 
 2.727397e+01 -3.753745e-01 
 2.727430e+01 -3.809682e-01 
 2.727462e+01 -3.886023e-01 
 2.727494e+01 -3.941904e-01 
 2.727527e+01 -4.031610e-01 
 2.727559e+01 -4.100233e-01 
 2.727591e+01 -4.129694e-01 
 2.727623e+01 -4.123345e-01 
 2.727656e+01 -4.090691e-01 
 2.727688e+01 -4.106481e-01 
 2.727720e+01 -4.023136e-01 
 2.727753e+01 -3.951966e-01 
 2.727785e+01 -3.901065e-01 
 2.727817e+01 -3.887249e-01 
 2.727850e+01 -3.912080e-01 
 2.727882e+01 -3.959113e-01 
 2.727914e+01 -3.997141e-01 
 2.727946e+01 -4.007405e-01 
 2.727979e+01 -3.981835e-01 
 2.728011e+01 -3.919862e-01 
 2.728043e+01 -3.836007e-01 
 2.728076e+01 -3.749496e-01 
 2.728108e+01 -3.661110e-01 
 2.728140e+01 -3.595211e-01 
 2.728173e+01 -3.552019e-01 
 2.728205e+01 -3.524659e-01 
 2.728237e+01 -3.521682e-01 
 2.728269e+01 -3.537471e-01 
 2.728302e+01 -3.565036e-01 
 2.728334e+01 -3.590365e-01 
 2.728366e+01 -3.611307e-01 
 2.728399e+01 -3.625477e-01 
 2.728431e+01 -3.610957e-01 
 2.728463e+01 -3.578100e-01 
 2.728496e+01 -3.538060e-01 
 2.728528e+01 -3.502535e-01 
 2.728560e+01 -3.477404e-01 
 2.728592e+01 -3.458660e-01 
 2.728625e+01 -3.450527e-01 
 2.728657e+01 -3.444337e-01 
 2.728689e+01 -3.412259e-01 
 2.728722e+01 -3.371470e-01 
 2.728754e+01 -3.310982e-01 
 2.728786e+01 -3.234866e-01 
 2.728819e+01 -3.143833e-01 
 2.728851e+01 -3.038214e-01 
 2.728883e+01 -2.923540e-01 
 2.728915e+01 -2.795231e-01 
 2.728948e+01 -2.648572e-01 
 2.728980e+01 -2.491347e-01 
 2.729012e+01 -2.324749e-01 
 2.729045e+01 -2.170942e-01 
 2.729077e+01 -2.026237e-01 
 2.729109e+01 -1.895345e-01 
 2.729142e+01 -1.766721e-01 
 2.729174e+01 -1.633961e-01 
 2.729206e+01 -1.468005e-01 
 2.729238e+01 -1.297428e-01 
 2.729271e+01 -1.151510e-01 
 2.729303e+01 -1.006557e-01 
 2.729335e+01 -8.761545e-02 
 2.729368e+01 -7.740108e-02 
 2.729400e+01 -6.886838e-02 
 2.729432e+01 -6.188100e-02 
 2.729465e+01 -5.602276e-02 
 2.729497e+01 -5.052069e-02 
 2.729529e+01 -4.488204e-02 
 2.729561e+01 -3.902194e-02 
 2.729594e+01 -3.197201e-02 
 2.729626e+01 -2.402589e-02 
 2.729658e+01 -1.487642e-02 
 2.729691e+01  2.260787e-03 
 2.729723e+01  2.110128e-02 
 2.729755e+01  3.886843e-02 
 2.729788e+01  5.426624e-02 
 2.729820e+01  6.796418e-02 
 2.729852e+01  8.030565e-02 
 2.729884e+01  9.115306e-02 
 2.729917e+01  5.092994e-02 
 2.729949e+01  5.522079e-02 
 2.729981e+01  6.081217e-02 
 2.730014e+01  6.742788e-02 
 2.730046e+01  7.453596e-02 
 2.730078e+01  8.160695e-02 
 2.730111e+01  8.907338e-02 
 2.730143e+01  9.687628e-02 
 2.730175e+01  1.070350e-01 
 2.730207e+01  1.203202e-01 
 2.730240e+01  1.341771e-01 
 2.730272e+01  1.456633e-01 
 2.730304e+01  1.535007e-01 
 2.730337e+01  1.578662e-01 
 2.730369e+01  1.598225e-01 
 2.730401e+01  1.591317e-01 
 2.730434e+01  1.571823e-01 
 2.730466e+01  1.552946e-01 
 2.730498e+01  1.556129e-01 
 2.730530e+01  1.589819e-01 
 2.730563e+01  1.645582e-01 
 2.730595e+01  1.712973e-01 
 2.730627e+01  1.773517e-01 
 2.730660e+01  1.815135e-01 
 2.730692e+01  1.859634e-01 
 2.730724e+01  1.892204e-01 
 2.730756e+01  1.902198e-01 
 2.730789e+01  1.884448e-01 
 2.730821e+01  1.858951e-01 
 2.730853e+01  1.776846e-01 
 2.730886e+01  1.759747e-01 
 2.730918e+01  1.778981e-01 
 2.730950e+01  1.819291e-01 
 2.730983e+01  1.862365e-01 
 2.731015e+01  1.929568e-01 
 2.731047e+01  2.012438e-01 
 2.731079e+01  2.088960e-01 
 2.731112e+01  2.139763e-01 
 2.731144e+01  2.159164e-01 
 2.731176e+01  2.170779e-01 
 2.731209e+01  2.193505e-01 
 2.731241e+01  2.228510e-01 
 2.731273e+01  2.262261e-01 
 2.731306e+01  2.316926e-01 
 2.731338e+01  2.370671e-01 
 2.731370e+01  2.414363e-01 
 2.731402e+01  2.457254e-01 
 2.731435e+01  2.506253e-01 
 2.731467e+01  2.557990e-01 
 2.731499e+01  2.610493e-01 
 2.731532e+01  2.652500e-01 
 2.731564e+01  2.334106e-01 
 2.731596e+01  2.305591e-01 
 2.731629e+01  2.257983e-01 
 2.731661e+01  2.207054e-01 
 2.731693e+01  2.191304e-01 
 2.731725e+01  2.164178e-01 
 2.731758e+01  2.158339e-01 
 2.731790e+01  2.163222e-01 
 2.731822e+01  2.179897e-01 
 2.731855e+01  2.206506e-01 
 2.731887e+01  2.162306e-01 
 2.731919e+01  2.179404e-01 
 2.731952e+01  2.238790e-01 
 2.731984e+01  2.298808e-01 
 2.732016e+01  2.353924e-01 
 2.732048e+01  2.399598e-01 
 2.732081e+01  2.442795e-01 
 2.732113e+01  2.501471e-01 
 2.732145e+01  2.577753e-01 
 2.732178e+01  2.673396e-01 
 2.732210e+01  2.374563e-01 
 2.732242e+01  2.231748e-01 
 2.732275e+01  2.259370e-01 
 2.732307e+01  2.251260e-01 
 2.732339e+01  2.202649e-01 
 2.732371e+01  2.104255e-01 
 2.732404e+01  1.987905e-01 
 2.732436e+01  1.887418e-01 
 2.732468e+01  1.824557e-01 
 2.732501e+01  1.811503e-01 
 2.732533e+01  1.841495e-01 
 2.732565e+01  1.899196e-01 
 2.732598e+01  2.512788e-01 
 2.732630e+01  2.869461e-01 
 2.732662e+01  3.194633e-01 
 2.732694e+01  3.479980e-01 
 2.732727e+01  3.737450e-01 
 2.732759e+01  3.981309e-01 
 2.732791e+01  4.179207e-01 
 2.732824e+01  4.352596e-01 
 2.732856e+01  4.330113e-01 
 2.732888e+01  4.117410e-01 
 2.732921e+01  3.978989e-01 
 2.732953e+01  3.941834e-01 
 2.732985e+01  3.776077e-01 
 2.733017e+01  3.739309e-01 
 2.733050e+01  3.721591e-01 
 2.733082e+01  3.728455e-01 
 2.733114e+01  3.713714e-01 
 2.733147e+01  3.659180e-01 
 2.733179e+01  3.605074e-01 
 2.733211e+01  3.184396e-01 
 2.733244e+01  2.920110e-01 
 2.733276e+01  2.777302e-01 
 2.733308e+01  2.633783e-01 
 2.733340e+01  2.487655e-01 
 2.733373e+01  2.357385e-01 
 2.733405e+01  2.194533e-01 
 2.733437e+01  2.051600e-01 
 2.733470e+01  1.935172e-01 
 2.733502e+01  1.849905e-01 
 2.733534e+01  1.785210e-01 
 2.733567e+01  1.709059e-01 
 2.733599e+01  1.645185e-01 
 2.733631e+01  1.567919e-01 
 2.733663e+01  1.478748e-01 
 2.733696e+01  1.379351e-01 
 2.733728e+01  1.260737e-01 
 2.733760e+01  1.157500e-01 
 2.733793e+01  1.073469e-01 
 2.733825e+01  9.858144e-02 
 2.733857e+01  9.511682e-02 
 2.733890e+01  9.135253e-02 
 2.733922e+01  8.981753e-02 
 2.733954e+01  8.843291e-02 
 2.733986e+01  8.842944e-02 
 2.734019e+01  8.807403e-02 
 2.734051e+01  8.759263e-02 
 2.734083e+01  8.547739e-02 
 2.734116e+01  8.454470e-02 
 2.734148e+01  8.457753e-02 
 2.734180e+01  8.797616e-02 
 2.734212e+01  9.099600e-02 
 2.734245e+01  9.930426e-02 
 2.734277e+01  1.099034e-01 
 2.734309e+01  1.225982e-01 
 2.734342e+01  1.354773e-01 
 2.734374e+01  1.462807e-01 
 2.734406e+01  1.556039e-01 
 2.734439e+01  1.645863e-01 
 2.734471e+01  1.745665e-01 
 2.734503e+01  1.843960e-01 
 2.734535e+01  1.915208e-01 
 2.734568e+01  1.960979e-01 
 2.734600e+01  1.990133e-01 
 2.734632e+01  2.006832e-01 
 2.734665e+01  2.020075e-01 
 2.734697e+01  2.035269e-01 
 2.734729e+01  2.059182e-01 
 2.734762e+01  2.090501e-01 
 2.734794e+01  2.139831e-01 
 2.734826e+01  2.202018e-01 
 2.734858e+01  2.251863e-01 
 2.734891e+01  2.284047e-01 
 2.734923e+01  2.305192e-01 
 2.734955e+01  2.316551e-01 
 2.734988e+01  2.323734e-01 
 2.735020e+01  2.341475e-01 
 2.735052e+01  2.379624e-01 
 2.735085e+01  2.447660e-01 
 2.735117e+01  2.545528e-01 
 2.735149e+01  2.662922e-01 
 2.735181e+01  2.775170e-01 
 2.735214e+01  2.860728e-01 
 2.735246e+01  2.934839e-01 
 2.735278e+01  2.981312e-01 
 2.735311e+01  3.007759e-01 
 2.735343e+01  3.019883e-01 
 2.735375e+01  3.016088e-01 
 2.735408e+01  3.007272e-01 
 2.735440e+01  3.005145e-01 
 2.735472e+01  3.016017e-01 
 2.735504e+01  3.042997e-01 
 2.735537e+01  3.095119e-01 
 2.735569e+01  3.146766e-01 
 2.735601e+01  3.174324e-01 
 2.735634e+01  3.165530e-01 
 2.735666e+01  3.119695e-01 
 2.735698e+01  3.034392e-01 
 2.735731e+01  2.926022e-01 
 2.735763e+01  2.794958e-01 
 2.735795e+01  2.645822e-01 
 2.735827e+01  2.492103e-01 
 2.735860e+01  2.350831e-01 
 2.735892e+01  2.219550e-01 
 2.735924e+01  2.102650e-01 
 2.735957e+01  2.002168e-01 
 2.735989e+01  1.924565e-01 
 2.736021e+01  1.866689e-01 
 2.736054e+01  1.828241e-01 
 2.736086e+01  1.788558e-01 
 2.736118e+01  1.722444e-01 
 2.736150e+01  1.630903e-01 
 2.736183e+01  1.519614e-01 
 2.736215e+01  1.398729e-01 
 2.736247e+01  1.286352e-01 
 2.736280e+01  1.183195e-01 
 2.736312e+01  1.093194e-01 
 2.736344e+01  1.026992e-01 
 2.736377e+01  9.779103e-02 
 2.736409e+01  9.351320e-02 
 2.736441e+01  8.842606e-02 
 2.736473e+01  8.113936e-02 
 2.736506e+01  7.237842e-02 
 2.736538e+01  6.091978e-02 
 2.736570e+01  4.750808e-02 
 2.736603e+01  3.244901e-02 
 2.736635e+01  1.679979e-02 
 2.736667e+01  2.080050e-03 
 2.736700e+01 -1.170678e-02 
 2.736732e+01 -2.179143e-02 
 2.736764e+01 -2.746093e-02 
 2.736796e+01 -2.964863e-02 
 2.736829e+01 -2.919995e-02 
 2.736861e+01 -2.822326e-02 
 2.736893e+01 -2.760071e-02 
 2.736926e+01 -2.780025e-02 
 2.736958e+01 -2.898092e-02 
 2.736990e+01 -2.952875e-02 
 2.737023e+01 -2.898985e-02 
 2.737055e+01 -2.629511e-02 
 2.737087e+01 -2.065239e-02 
 2.737119e+01 -1.244382e-02 
 2.737152e+01 -1.267110e-03 
 2.737184e+01  9.724348e-03 
 2.737216e+01  2.071542e-02 
 2.737249e+01  3.287352e-02 
 2.737281e+01  4.664751e-02 
 2.737313e+01  6.106440e-02 
 2.737345e+01  7.539142e-02 
 2.737378e+01  8.904946e-02 
 2.737410e+01  1.017731e-01 
 2.737442e+01  1.125065e-01 
 2.737475e+01  1.218204e-01 
 2.737507e+01  1.290227e-01 
 2.737539e+01  1.346109e-01 
 2.737572e+01  1.397309e-01 
 2.737604e+01  1.446477e-01 
 2.737636e+01  1.493793e-01 
 2.737668e+01  1.524362e-01 
 2.737701e+01  1.528471e-01 
 2.737733e+01  1.503384e-01 
 2.737765e+01  1.491376e-01 
 2.737798e+01  1.474893e-01 
 2.737830e+01  1.432933e-01 
 2.737862e+01  1.366732e-01 
 2.737895e+01  1.292209e-01 
 2.737927e+01  1.221995e-01 
 2.737959e+01  1.158302e-01 
 2.737991e+01  1.103373e-01 
 2.738024e+01  1.065593e-01 
 2.738056e+01  1.031953e-01 
 2.738088e+01  9.897452e-02 
 2.738121e+01  9.553544e-02 
 2.738153e+01  9.147755e-02 
 2.738185e+01  8.488153e-02 
 2.738218e+01  7.571880e-02 
 2.738250e+01  6.578295e-02 
 2.738282e+01  5.722675e-02 
 2.738314e+01  5.006974e-02 
 2.738347e+01  4.340596e-02 
 2.738379e+01  3.692930e-02 
 2.738411e+01  3.022754e-02 
 2.738444e+01  2.294663e-02 
 2.738476e+01  1.502842e-02 
 2.738508e+01  5.933985e-03 
 2.738541e+01 -3.626435e-03 
 2.738573e+01 -1.344353e-02 
 2.738605e+01 -2.296958e-02 
 2.738637e+01 -3.173736e-02 
 2.738670e+01 -4.058331e-02 
 2.738702e+01 -5.055228e-02 
 2.738734e+01 -6.183157e-02 
 2.738767e+01 -7.272182e-02 
 2.738799e+01 -8.224039e-02 
 2.738831e+01 -8.976845e-02 
 2.738864e+01 -9.573319e-02 
 2.738896e+01 -1.003363e-01 
 2.738928e+01 -1.042852e-01 
 2.738960e+01 -1.075644e-01 
 2.738993e+01 -1.107472e-01 
 2.739025e+01 -1.140307e-01 
 2.739057e+01 -1.173409e-01 
 2.739090e+01 -1.196508e-01 
 2.739122e+01 -1.207162e-01 
 2.739154e+01 -1.204597e-01 
 2.739187e+01 -1.195101e-01 
 2.739219e+01 -1.180304e-01 
 2.739251e+01 -1.158010e-01 
 2.739283e+01 -1.111284e-01 
 2.739316e+01 -1.036305e-01 
 2.739348e+01 -9.443715e-02 
 2.739380e+01 -8.489218e-02 
 2.739413e+01 -7.462216e-02 
 2.739445e+01 -6.594500e-02 
 2.739477e+01 -6.041514e-02 
 2.739510e+01 -5.706586e-02 
 2.739542e+01 -5.527805e-02 
 2.739574e+01 -5.354218e-02 
 2.739606e+01 -5.381259e-02 
 2.739639e+01 -5.020170e-02 
 2.739671e+01 -4.620673e-02 
 2.739703e+01 -4.324297e-02 
 2.739736e+01 -4.118862e-02 
 2.739768e+01 -4.013717e-02 
 2.739800e+01 -3.910488e-02 
 2.739833e+01 -3.776289e-02 
 2.739865e+01 -3.631171e-02 
 2.739897e+01 -3.446495e-02 
 2.739929e+01 -3.172169e-02 
 2.739962e+01 -2.731008e-02 
 2.739994e+01 -2.145910e-02 
 2.740026e+01 -1.463475e-02 
 2.740059e+01 -6.810115e-03 
 2.740091e+01  1.310170e-03 
 2.740123e+01  9.556829e-03 
 2.740156e+01  1.826301e-02 
 2.740188e+01  2.754339e-02 
 2.740220e+01  3.766990e-02 
 2.740252e+01  4.822218e-02 
 2.740285e+01  5.955305e-02 
 2.740317e+01  7.245534e-02 
 2.740349e+01  8.514531e-02 
 2.740382e+01  1.012932e-01 
 2.740414e+01  1.179109e-01 
 2.740446e+01  1.343255e-01 
 2.740479e+01  1.499007e-01 
 2.740511e+01  1.643651e-01 
 2.740543e+01  1.749667e-01 
 2.740575e+01  1.870976e-01 
 2.740608e+01  1.976112e-01 
 2.740640e+01  2.061973e-01 
 2.740672e+01  2.132698e-01 
 2.740705e+01  2.177980e-01 
 2.740737e+01  2.201769e-01 
 2.740769e+01  2.205794e-01 
 2.740801e+01  2.196183e-01 
 2.740834e+01  2.184591e-01 
 2.740866e+01  2.182652e-01 
 2.740898e+01  2.178605e-01 
 2.740931e+01  2.152767e-01 
 2.740963e+01  2.100181e-01 
 2.740995e+01  2.016934e-01 
 2.741028e+01  1.911003e-01 
 2.741060e+01  1.788821e-01 
 2.741092e+01  1.668769e-01 
 2.741124e+01  1.556024e-01 
 2.741157e+01  1.453439e-01 
 2.741189e+01  1.355326e-01 
 2.741221e+01  1.273729e-01 
 2.741254e+01  1.206472e-01 
 2.741286e+01  1.146689e-01 
 2.741318e+01  1.084564e-01 
 2.741351e+01  1.022444e-01 
 2.741383e+01  7.043660e-02 
 2.741415e+01  6.204530e-02 
 2.741447e+01  5.264813e-02 
 2.741480e+01  4.246757e-02 
 2.741512e+01  3.166417e-02 
 2.741544e+01  2.129946e-02 
 2.741577e+01  1.297075e-02 
 2.741609e+01  7.448544e-03 
 2.741641e+01  5.341245e-03 
 2.741674e+01  5.276274e-03 
 2.741706e+01  5.749283e-03 
 2.741738e+01  6.150630e-03 
 2.741770e+01  5.324925e-03 
 2.741803e+01  2.763232e-03 
 2.741835e+01 -2.076317e-03 
 2.741867e+01 -8.906446e-03 
 2.741900e+01 -1.723617e-02 
 2.741932e+01 -2.665184e-02 
 2.741964e+01 -3.649744e-02 
 2.741997e+01 -4.544101e-02 
 2.742029e+01 -5.298997e-02 
 2.742061e+01 -5.859898e-02 
 2.742093e+01 -6.214616e-02 
 2.742126e+01 -6.384218e-02 
 2.742158e+01 -6.440843e-02 
 2.742190e+01 -6.481102e-02 
 2.742223e+01 -6.457175e-02 
 2.742255e+01 -6.376858e-02 
 2.742287e+01 -6.312476e-02 
 2.742320e+01 -6.302547e-02 
 2.742352e+01 -6.303155e-02 
 2.742384e+01 -6.166084e-02 
 2.742416e+01 -5.850101e-02 
 2.742449e+01 -7.889204e-02 
 2.742481e+01 -7.329386e-02 
 2.742513e+01 -6.647820e-02 
 2.742546e+01 -5.849462e-02 
 2.742578e+01 -5.004208e-02 
 2.742610e+01 -4.179346e-02 
 2.742643e+01 -3.622855e-02 
 2.742675e+01 -2.885105e-02 
 2.742707e+01 -2.456322e-02 
 2.742739e+01 -1.933858e-02 
 2.742772e+01 -1.466227e-02 
 2.742804e+01 -9.839004e-03 
 2.742836e+01 -5.001573e-03 
 2.742869e+01  7.335529e-04 
 2.742901e+01  7.294297e-03 
 2.742933e+01  1.327418e-02 
 2.742966e+01  1.777898e-02 
 2.742998e+01  2.011888e-02 
 2.743030e+01  2.067970e-02 
 2.743062e+01  2.090865e-02 
 2.743095e+01  2.033013e-02 
 2.743127e+01  1.967896e-02 
 2.743159e+01  1.817293e-02 
 2.743192e+01  1.599615e-02 
 2.743224e+01  1.332685e-02 
 2.743256e+01  1.085327e-02 
 2.743289e+01  8.776692e-03 
 2.743321e+01  7.201734e-03 
 2.743353e+01  6.127980e-03 
 2.743385e+01  6.151590e-03 
 2.743418e+01  7.003954e-03 
 2.743450e+01  8.518500e-03 
 2.743482e+01  1.034480e-02 
 2.743515e+01  1.147514e-02 
 2.743547e+01  1.151617e-02 
 2.743579e+01  1.022267e-02 
 2.743612e+01  8.526247e-03 
 2.743644e+01  7.092352e-03 
 2.743676e+01  5.718193e-03 
 2.743708e+01  3.853129e-03 
 2.743741e+01  1.393153e-03 
 2.743773e+01 -1.511821e-03 
 2.743805e+01 -4.653327e-03 
 2.743838e+01 -8.651982e-03 
 2.743870e+01 -1.374829e-02 
 2.743902e+01 -2.024856e-02 
 2.743934e+01 -2.791627e-02 
 2.743967e+01 -3.640411e-02 
 2.743999e+01 -4.561697e-02 
 2.744031e+01 -5.497619e-02 
 2.744064e+01 -6.402122e-02 
 2.744096e+01 -7.243617e-02 
 2.744128e+01 -7.979444e-02 
 2.744161e+01 -8.668246e-02 
 2.744193e+01 -9.373293e-02 
 2.744225e+01 -1.030505e-01 
 2.744257e+01 -1.087285e-01 
 2.744290e+01 -1.133073e-01 
 2.744322e+01 -1.430137e-01 
 2.744354e+01 -1.479364e-01 
 2.744387e+01 -1.521117e-01 
 2.744419e+01 -1.551004e-01 
 2.744451e+01 -1.566978e-01 
 2.744484e+01 -1.576062e-01 
 2.744516e+01 -1.587495e-01 
 2.744548e+01 -1.568724e-01 
 2.744580e+01 -1.548648e-01 
 2.744613e+01 -1.528020e-01 
 2.744645e+01 -1.527948e-01 
 2.744677e+01 -1.505642e-01 
 2.744710e+01 -1.490405e-01 
 2.744742e+01 -1.479983e-01 
 2.744774e+01 -1.474128e-01 
 2.744807e+01 -1.469607e-01 
 2.744839e+01 -1.465166e-01 
 2.744871e+01 -1.458896e-01 
 2.744903e+01 -1.454761e-01 
 2.744936e+01 -1.456638e-01 
 2.744968e+01 -1.459880e-01 
 2.745000e+01 -1.463643e-01 
 2.745033e+01 -1.464872e-01 
 2.745065e+01 -1.458256e-01 
 2.745097e+01 -1.442519e-01 
 2.745130e+01 -1.417951e-01 
 2.745162e+01 -1.389592e-01 
 2.745194e+01 -1.367106e-01 
 2.745226e+01 -1.334825e-01 
 2.745259e+01 -1.289970e-01 
 2.745291e+01 -1.223399e-01 
 2.745323e+01 -1.136714e-01 
 2.745356e+01 -1.027622e-01 
 2.745388e+01 -8.986326e-02 
 2.745420e+01 -7.849171e-02 
 2.745453e+01 -6.324962e-02 
 2.745485e+01 -4.711491e-02 
 2.745517e+01 -8.186635e-02 
 2.745549e+01 -1.193739e-01 
 2.745582e+01 -1.095664e-01 
 2.745614e+01 -9.818983e-02 
 2.745646e+01 -8.874988e-02 
 2.745679e+01 -8.195129e-02 
 2.745711e+01 -7.518109e-02 
 2.745743e+01 -6.607020e-02 
 2.745776e+01 -5.481881e-02 
 2.745808e+01 -4.526270e-02 
 2.745840e+01 -3.433797e-02 
 2.745872e+01 -2.558948e-02 
 2.745905e+01 -2.084179e-02 
 2.745937e+01 -2.013212e-02 
 2.745969e+01 -2.257468e-02 
 2.746002e+01 -2.888744e-02 
 2.746034e+01 -3.923200e-02 
 2.746066e+01 -5.529504e-02 
 2.746099e+01 -6.876218e-02 
 2.746131e+01 -8.019458e-02 
 2.746163e+01 -8.909672e-02 
 2.746195e+01 -9.635104e-02 
 2.746228e+01 -1.025876e-01 
 2.746260e+01 -1.088972e-01 
 2.746292e+01 -1.160839e-01 
 2.746325e+01 -1.251624e-01 
 2.746357e+01 -1.359954e-01 
 2.746389e+01 -1.468081e-01 
 2.746422e+01 -1.584494e-01 
 2.746454e+01 -1.701268e-01 
 2.746486e+01 -1.805434e-01 
 2.746518e+01 -1.888712e-01 
 2.746551e+01 -1.947395e-01 
 2.746583e+01 -1.977343e-01 
 2.746615e+01 -1.973292e-01 
 2.746648e+01 -1.945527e-01 
 2.746680e+01 -1.917766e-01 
 2.746712e+01 -1.910296e-01 
 2.746745e+01 -1.935194e-01 
 2.746777e+01 -1.988721e-01 
 2.746809e+01 -2.069517e-01 
 2.746841e+01 -2.173398e-01 
 2.746874e+01 -2.286837e-01 
 2.746906e+01 -2.398788e-01 
 2.746938e+01 -2.503332e-01 
 2.746971e+01 -2.594170e-01 
 2.747003e+01 -2.665051e-01 
 2.747035e+01 -2.716897e-01 
 2.747067e+01 -2.763369e-01 
 2.747100e+01 -3.074577e-01 
 2.747132e+01 -3.160067e-01 
 2.747164e+01 -3.270258e-01 
 2.747197e+01 -3.401532e-01 
 2.747229e+01 -3.556766e-01 
 2.747261e+01 -3.714292e-01 
 2.747294e+01 -3.847583e-01 
 2.747326e+01 -3.939951e-01 
 2.747358e+01 -3.985627e-01 
 2.747390e+01 -3.993900e-01 
 2.747423e+01 -3.972359e-01 
 2.747455e+01 -3.927073e-01 
 2.747487e+01 -3.852413e-01 
 2.747520e+01 -3.762103e-01 
 2.747552e+01 -3.681579e-01 
 2.747584e+01 -3.627087e-01 
 2.747617e+01 -3.605900e-01 
 2.747649e+01 -3.621531e-01 
 2.747681e+01 -3.651192e-01 
 2.747713e+01 -3.674694e-01 
 2.747746e+01 -3.683364e-01 
 2.747778e+01 -3.666667e-01 
 2.747810e+01 -3.621612e-01 
 2.747843e+01 -3.619917e-01 
 2.747875e+01 -3.562987e-01 
 2.747907e+01 -3.542525e-01 
 2.747940e+01 -3.516988e-01 
 2.747972e+01 -3.516483e-01 
 2.748004e+01 -3.548035e-01 
 2.748036e+01 -3.608575e-01 
 2.748069e+01 -3.689287e-01 
 2.748101e+01 -3.768485e-01 
 2.748133e+01 -3.860537e-01 
 2.748166e+01 -3.879882e-01 
 2.748198e+01 -3.847958e-01 
 2.748230e+01 -3.790468e-01 
 2.748263e+01 -3.725718e-01 
 2.748295e+01 -3.663366e-01 
 2.748327e+01 -3.598930e-01 
 2.748359e+01 -3.524739e-01 
 2.748392e+01 -3.446356e-01 
 2.748424e+01 -3.369260e-01 
 2.748456e+01 -3.292653e-01 
 2.748489e+01 -3.263600e-01 
 2.748521e+01 -3.199745e-01 
 2.748553e+01 -3.124503e-01 
 2.748586e+01 -3.029651e-01 
 2.748618e+01 -2.916605e-01 
 2.748650e+01 -2.795045e-01 
 2.748682e+01 -2.652802e-01 
 2.748715e+01 -2.499043e-01 
 2.748747e+01 -2.362284e-01 
 2.748779e+01 -2.251509e-01 
 2.748812e+01 -2.169700e-01 
 2.748844e+01 -2.114563e-01 
 2.748876e+01 -2.085534e-01 
 2.748909e+01 -2.081352e-01 
 2.748941e+01 -2.096115e-01 
 2.748973e+01 -2.127225e-01 
 2.749005e+01 -2.163467e-01 
 2.749038e+01 -2.191877e-01 
 2.749070e+01 -2.215095e-01 
 2.749102e+01 -2.236336e-01 
 2.749135e+01 -2.266660e-01 
 2.749167e+01 -2.304050e-01 
 2.749199e+01 -2.328176e-01 
 2.749232e+01 -2.349247e-01 
 2.749264e+01 -2.373728e-01 
 2.749296e+01 -2.404865e-01 
 2.749328e+01 -2.431485e-01 
 2.749361e+01 -2.441080e-01 
 2.749393e+01 -2.427676e-01 
 2.749425e+01 -2.386164e-01 
 2.749458e+01 -2.336037e-01 
 2.749490e+01 -2.279744e-01 
 2.749522e+01 -2.210230e-01 
 2.749555e+01 -2.133444e-01 
 2.749587e+01 -2.049709e-01 
 2.749619e+01 -1.964105e-01 
 2.749651e+01 -1.878907e-01 
 2.749684e+01 -1.782657e-01 
 2.749716e+01 -1.676846e-01 
 2.749748e+01 -1.578832e-01 
 2.749781e+01 -1.496238e-01 
 2.749813e+01 -1.420967e-01 
 2.749845e+01 -1.348551e-01 
 2.749878e+01 -1.279450e-01 
 2.749910e+01 -1.217784e-01 
 2.749942e+01 -1.167420e-01 
 2.749974e+01 -1.132806e-01 
 2.750007e+01 -1.110590e-01 
 2.750039e+01 -1.106970e-01 
 2.750071e+01 -1.117147e-01 
 2.750104e+01 -1.147854e-01 
 2.750136e+01 -1.225450e-01 
 2.750168e+01 -1.284399e-01 
 2.750200e+01 -1.316169e-01 
 2.750233e+01 -1.329929e-01 
 2.750265e+01 -1.364657e-01 
 2.750297e+01 -1.371647e-01 
 2.750330e+01 -1.374639e-01 
 2.750362e+01 -1.370319e-01 
 2.750394e+01 -1.352246e-01 
 2.750427e+01 -1.317459e-01 
 2.750459e+01 -1.275325e-01 
 2.750491e+01 -1.235067e-01 
 2.750523e+01 -1.194824e-01 
 2.750556e+01 -1.140016e-01 
 2.750588e+01 -1.062613e-01 
 2.750620e+01 -9.593591e-02 
 2.750653e+01 -8.295008e-02 
 2.750685e+01 -6.662456e-02 
 2.750717e+01 -4.633624e-02 
 2.750750e+01 -2.359448e-02 
 2.750782e+01 -1.030308e-03 
 2.750814e+01  1.967125e-02 
 2.750846e+01  3.775257e-02 
 2.750879e+01  5.275159e-02 
 2.750911e+01  6.548082e-02 
 2.750943e+01  7.678939e-02 
 2.750976e+01  8.721006e-02 
 2.751008e+01  9.775362e-02 
 2.751040e+01  1.093197e-01 
 2.751073e+01  1.216536e-01 
 2.751105e+01  1.347598e-01 
 2.751137e+01  1.473598e-01 
 2.751169e+01  1.587838e-01 
 2.751202e+01  1.693257e-01 
 2.751234e+01  1.780979e-01 
 2.751266e+01  1.837115e-01 
 2.751299e+01  1.853852e-01 
 2.751331e+01  1.826758e-01 
 2.751363e+01  1.770608e-01 
 2.751396e+01  1.705379e-01 
 2.751428e+01  1.644589e-01 
 2.751460e+01  1.484986e-01 
 2.751492e+01  1.465385e-01 
 2.751525e+01  1.468123e-01 
 2.751557e+01  1.489757e-01 
 2.751589e+01  1.535970e-01 
 2.751622e+01  1.596622e-01 
 2.751654e+01  1.658075e-01 
 2.751686e+01  1.711077e-01 
 2.751719e+01  1.762035e-01 
 2.751751e+01  1.812642e-01 
 2.751783e+01  1.845420e-01 
 2.751815e+01  1.865477e-01 
 2.751848e+01  1.886853e-01 
 2.751880e+01  1.916605e-01 
 2.751912e+01  1.964655e-01 
 2.751945e+01  2.028138e-01 
 2.751977e+01  2.100278e-01 
 2.752009e+01  2.170595e-01 
 2.752042e+01  2.222987e-01 
 2.752074e+01  2.256939e-01 
 2.752106e+01  2.271645e-01 
 2.752138e+01  2.260608e-01 
 2.752171e+01  2.221479e-01 
 2.752203e+01  2.157395e-01 
 2.752235e+01  2.101754e-01 
 2.752268e+01  2.057542e-01 
 2.752300e+01  2.017296e-01 
 2.752332e+01  1.974464e-01 
 2.752365e+01  1.926373e-01 
 2.752397e+01  1.875097e-01 
 2.752429e+01  1.747979e-01 
 2.752461e+01  1.702087e-01 
 2.752494e+01  1.622329e-01 
 2.752526e+01  1.571078e-01 
 2.752558e+01  1.517202e-01 
 2.752591e+01  1.473984e-01 
 2.752623e+01  1.450707e-01 
 2.752655e+01  1.448335e-01 
 2.752688e+01  1.442852e-01 
 2.752720e+01  1.450399e-01 
 2.752752e+01  1.483464e-01 
 2.752784e+01  1.532671e-01 
 2.752817e+01  1.589106e-01 
 2.752849e+01  1.631041e-01 
 2.752881e+01  1.654977e-01 
 2.752914e+01  1.659893e-01 
 2.752946e+01  1.653263e-01 
 2.752978e+01  1.647167e-01 
 2.753011e+01  1.644149e-01 
 2.753043e+01  1.642276e-01 
 2.753075e+01  1.642477e-01 
 2.753107e+01  1.641319e-01 
 2.753140e+01  1.640058e-01 
 2.753172e+01  1.622664e-01 
 2.753204e+01  1.569585e-01 
 2.753237e+01  1.515425e-01 
 2.753269e+01  1.467693e-01 
 2.753301e+01  1.422455e-01 
 2.753333e+01  1.366199e-01 
 2.753366e+01  1.301798e-01 
 2.753398e+01  1.241614e-01 
 2.753430e+01  1.146428e-01 
 2.753463e+01  1.129816e-01 
 2.753495e+01  1.153716e-01 
 2.753527e+01  1.161666e-01 
 2.753560e+01  1.218335e-01 
 2.753592e+01  1.283260e-01 
 2.753624e+01  1.362933e-01 
 2.753656e+01  1.459333e-01 
 2.753689e+01  1.534882e-01 
 2.753721e+01  1.592345e-01 
 2.753753e+01  1.648408e-01 
 2.753786e+01  1.715305e-01 
 2.753818e+01  1.787145e-01 
 2.753850e+01  1.858866e-01 
 2.753883e+01  1.938903e-01 
 2.753915e+01  2.012797e-01 
 2.753947e+01  2.073339e-01 
 2.753979e+01  2.124142e-01 
 2.754012e+01  2.152483e-01 
 2.754044e+01  2.151366e-01 
 2.754076e+01  2.120434e-01 
 2.754109e+01  2.058341e-01 
 2.754141e+01  1.971368e-01 
 2.754173e+01  1.843827e-01 
 2.754206e+01  1.664428e-01 
 2.754238e+01  1.457088e-01 
 2.754270e+01  1.252897e-01 
 2.754302e+01  1.061467e-01 
 2.754335e+01  8.778433e-02 
 2.754367e+01  6.952403e-02 
 2.754399e+01  5.016581e-02 
 2.754432e+01  3.038552e-02 
 2.754464e+01  1.033526e-02 
 2.754496e+01 -8.246016e-03 
 2.754529e+01 -2.838129e-02 
 2.754561e+01 -5.085052e-02 
 2.754593e+01 -7.511143e-02 
 2.754625e+01 -1.010117e-01 
 2.754658e+01 -1.267754e-01 
 2.754690e+01 -1.544504e-01 
 2.754722e+01 -1.831273e-01 
 2.754755e+01 -2.110153e-01 
 2.754787e+01 -2.355107e-01 
 2.754819e+01 -2.561688e-01 
 2.754852e+01 -2.745995e-01 
 2.754884e+01 -2.914417e-01 
 2.754916e+01 -3.092628e-01 
 2.754948e+01 -3.272976e-01 
 2.754981e+01 -3.462773e-01 
 2.755013e+01 -3.652707e-01 
 2.755045e+01 -3.850546e-01 
 2.755078e+01 -4.051920e-01 
 2.755110e+01 -4.258755e-01 
 2.755142e+01 -4.453400e-01 
 2.755175e+01 -4.646235e-01 
 2.755207e+01 -4.845938e-01 
 2.755239e+01 -5.044629e-01 
 2.755271e+01 -5.225497e-01 
 2.755304e+01 -5.376949e-01 
 2.755336e+01 -5.510947e-01 
 2.755368e+01 -5.630737e-01 
 2.755401e+01 -5.749484e-01 
 2.755433e+01 -5.872355e-01 
 2.755465e+01 -6.002237e-01 
 2.755498e+01 -6.130580e-01 
 2.755530e+01 -6.258754e-01 
 2.755562e+01 -6.384461e-01 
 2.755594e+01 -6.520896e-01 
 2.755627e+01 -6.652370e-01 
 2.755659e+01 -6.780134e-01 
 2.755691e+01 -6.909033e-01 
 2.755724e+01 -7.049223e-01 
 2.755756e+01 -7.197857e-01 
 2.755788e+01 -7.345433e-01 
 2.755821e+01 -7.481766e-01 
 2.755853e+01 -7.601270e-01 
 2.755885e+01 -7.703099e-01 
 2.755917e+01 -7.794244e-01 
 2.755950e+01 -7.853535e-01 
 2.755982e+01 -7.937383e-01 
 2.756014e+01 -8.018649e-01 
 2.756047e+01 -8.090996e-01 
 2.756079e+01 -8.140164e-01 
 2.756111e+01 -8.216884e-01 
 2.756144e+01 -8.297165e-01 
 2.756176e+01 -8.379634e-01 
 2.756208e+01 -8.474571e-01 
 2.756240e+01 -8.582926e-01 
 2.756273e+01 -8.691449e-01 
 2.756305e+01 -8.792418e-01 
 2.756337e+01 -8.875301e-01 
 2.756370e+01 -8.937174e-01 
 2.756402e+01 -8.992072e-01 
 2.756434e+01 -9.051106e-01 
 2.756467e+01 -9.121672e-01 
 2.756499e+01 -9.200231e-01 
 2.756531e+01 -9.281484e-01 
 2.756563e+01 -9.361077e-01 
 2.756596e+01 -9.455387e-01 
 2.756628e+01 -9.560602e-01 
 2.756660e+01 -9.629512e-01 
 2.756693e+01 -9.724451e-01 
 2.756725e+01 -9.808586e-01 
 2.756757e+01 -9.882383e-01 
 2.756789e+01 -9.943227e-01 
 2.756822e+01 -9.987397e-01 
 2.756854e+01 -1.001243e+00 
 2.756886e+01 -1.002556e+00 
 2.756919e+01 -1.004252e+00 
 2.756951e+01 -1.007744e+00 
 2.756983e+01 -1.013673e+00 
 2.757016e+01 -1.021276e+00 
 2.757048e+01 -1.029195e+00 
 2.757080e+01 -1.036611e+00 
 2.757112e+01 -1.042958e+00 
 2.757145e+01 -1.048218e+00 
 2.757177e+01 -1.051378e+00 
 2.757209e+01 -1.052686e+00 
 2.757242e+01 -1.053038e+00 
 2.757274e+01 -1.052005e+00 
 2.757306e+01 -1.049766e+00 
 2.757339e+01 -1.046272e+00 
 2.757371e+01 -1.041718e+00 
 2.757403e+01 -1.036668e+00 
 2.757435e+01 -1.032443e+00 
 2.757468e+01 -1.029738e+00 
 2.757500e+01 -1.027853e+00 
 2.757532e+01 -1.025686e+00 
 2.757565e+01 -1.022000e+00 
 2.757597e+01 -1.016280e+00 
 2.757629e+01 -1.008517e+00 
 2.757662e+01 -9.987477e-01 
 2.757694e+01 -9.850684e-01 
 2.757726e+01 -9.693092e-01 
 2.757758e+01 -9.526601e-01 
 2.757791e+01 -9.360164e-01 
 2.757823e+01 -9.192664e-01 
 2.757855e+01 -9.024382e-01 
 2.757888e+01 -8.852549e-01 
 2.757920e+01 -8.676091e-01 
 2.757952e+01 -8.502115e-01 
 2.757985e+01 -8.336919e-01 
 2.758017e+01 -8.173732e-01 
 2.758049e+01 -8.000030e-01 
 2.758081e+01 -7.815500e-01 
 2.758114e+01 -7.617166e-01 
 2.758146e+01 -7.415107e-01 
 2.758178e+01 -7.200325e-01 
 2.758211e+01 -6.969970e-01 
 2.758243e+01 -6.810684e-01 
 2.758275e+01 -6.606805e-01 
 2.758308e+01 -6.417078e-01 
 2.758340e+01 -6.232946e-01 
 2.758372e+01 -6.051212e-01 
 2.758404e+01 -5.907269e-01 
 2.758437e+01 -5.829994e-01 
 2.758469e+01 -5.745404e-01 
 2.758501e+01 -5.706507e-01 
 2.758534e+01 -5.670941e-01 
 2.758566e+01 -5.631158e-01 
 2.758598e+01 -5.581215e-01 
 2.758631e+01 -5.530029e-01 
 2.758663e+01 -5.474235e-01 
 2.758695e+01 -5.378418e-01 
 2.758727e+01 -5.262729e-01 
 2.758760e+01 -5.125084e-01 
 2.758792e+01 -4.968276e-01 
 2.758824e+01 -4.791642e-01 
 2.758857e+01 -4.584257e-01 
 2.758889e+01 -4.349353e-01 
 2.758921e+01 -4.109857e-01 
 2.758954e+01 -3.831301e-01 
 2.758986e+01 -3.555124e-01 
 2.759018e+01 -3.282953e-01 
 2.759050e+01 -3.016927e-01 
 2.759083e+01 -2.752596e-01 
 2.759115e+01 -2.483545e-01 
 2.759147e+01 -2.212762e-01 
 2.759180e+01 -1.923279e-01 
 2.759212e+01 -1.616044e-01 
 2.759244e+01 -1.318207e-01 
 2.759277e+01 -1.043532e-01 
 2.759309e+01 -7.968353e-02 
 2.759341e+01 -5.870286e-02 
 2.759373e+01 -4.108974e-02 
 2.759406e+01 -2.638937e-02 
 2.759438e+01 -1.507639e-02 
 2.759470e+01 -7.533161e-03 
 2.759503e+01 -2.696103e-03 
 2.759535e+01  1.678230e-04 
 2.759567e+01  2.474616e-03 
 2.759600e+01  5.966986e-03 
 2.759632e+01  1.096671e-02 
 2.759664e+01  1.513756e-02 
 2.759696e+01  2.085084e-02 
 2.759729e+01  2.073253e-02 
 2.759761e+01  2.862648e-02 
 2.759793e+01  3.466129e-02 
 2.759826e+01  3.927262e-02 
 2.759858e+01  4.330490e-02 
 2.759890e+01  4.719475e-02 
 2.759922e+01  5.259697e-02 
 2.759955e+01  6.023025e-02 
 2.759987e+01  7.053925e-02 
 2.760019e+01  8.352837e-02 
 2.760052e+01  9.798356e-02 
 2.760084e+01  1.140184e-01 
 2.760116e+01  1.305356e-01 
 2.760149e+01  1.462408e-01 
 2.760181e+01  1.634556e-01 
 2.760213e+01  1.820759e-01 
 2.760245e+01  1.982943e-01 
 2.760278e+01  2.109209e-01 
 2.760310e+01  2.200564e-01 
 2.760342e+01  2.271548e-01 
 2.760375e+01  2.330546e-01 
 2.760407e+01  2.391800e-01 
 2.760439e+01  2.463949e-01 
 2.760472e+01  2.543965e-01 
 2.760504e+01  2.624986e-01 
 2.760536e+01  2.707213e-01 
 2.760568e+01  2.778831e-01 
 2.760601e+01  2.838171e-01 
 2.760633e+01  2.868508e-01 
 2.760665e+01  2.885618e-01 
 2.760698e+01  2.911470e-01 
 2.760730e+01  2.922050e-01 
 2.760762e+01  2.903260e-01 
 2.760795e+01  2.845193e-01 
 2.760827e+01  2.761666e-01 
 2.760859e+01  2.627685e-01 
 2.760891e+01  2.509720e-01 
 2.760924e+01  2.385403e-01 
 2.760956e+01  2.261554e-01 
 2.760988e+01  2.136267e-01 
 2.761021e+01  2.011553e-01 
 2.761053e+01  1.879309e-01 
 2.761085e+01  1.747267e-01 
 2.761118e+01  1.608591e-01 
 2.761150e+01  1.459523e-01 
 2.761182e+01  1.333884e-01 
 2.761214e+01  1.238295e-01 
 2.761247e+01  1.144397e-01 
 2.761279e+01  1.027470e-01 
 2.761311e+01  8.870184e-02 
 2.761344e+01  7.409463e-02 
 2.761376e+01  5.855256e-02 
 2.761408e+01  4.327167e-02 
 2.761441e+01  2.935896e-02 
 2.761473e+01  1.726010e-02 
 2.761505e+01  7.894138e-03 
 2.761537e+01  5.726504e-04 
 2.761570e+01 -5.212954e-03 
 2.761602e+01 -9.753351e-03 
 2.761634e+01 -1.482492e-02 
 2.761667e+01 -1.970032e-02 
 2.761699e+01 -2.157876e-02 
 2.761731e+01 -2.247751e-02 
 2.761764e+01 -1.727374e-02 
 2.761796e+01 -2.397940e-02 
 2.761828e+01 -3.240666e-02 
 2.761860e+01 -4.334540e-02 
 2.761893e+01 -5.609372e-02 
 2.761925e+01 -6.559451e-02 
 2.761957e+01 -7.857983e-02 
 2.761990e+01 -9.069114e-02 
 2.762022e+01 -1.006721e-01 
 2.762054e+01 -1.101447e-01 
 2.762087e+01 -1.192217e-01 
 2.762119e+01 -1.264393e-01 
 2.762151e+01 -1.345138e-01 
 2.762183e+01 -1.403432e-01 
 2.762216e+01 -1.427566e-01 
 2.762248e+01 -1.431166e-01 
 2.762280e+01 -1.440943e-01 
 2.762313e+01 -1.464811e-01 
 2.762345e+01 -1.443993e-01 
 2.762377e+01 -1.485205e-01 
 2.762410e+01 -1.521102e-01 
 2.762442e+01 -1.525579e-01 
 2.762474e+01 -1.472597e-01 
 2.762506e+01 -1.401910e-01 
 2.762539e+01 -1.313334e-01 
 2.762571e+01 -1.242735e-01 
 2.762603e+01 -1.177348e-01 
 2.762636e+01 -1.136850e-01 
 2.762668e+01 -1.116141e-01 
 2.762700e+01 -1.123684e-01 
 2.762733e+01 -1.121509e-01 
 2.762765e+01 -1.054574e-01 
 2.762797e+01 -1.105637e-01 
 2.762829e+01 -1.161298e-01 
 2.762862e+01 -1.285884e-01 
 2.762894e+01 -1.421077e-01 
 2.762926e+01 -1.556373e-01 
 2.762959e+01 -1.572602e-01 
 2.762991e+01 -1.719058e-01 
 2.763023e+01 -1.877041e-01 
 2.763056e+01 -2.055767e-01 
 2.763088e+01 -2.262007e-01 
 2.763120e+01 -2.500623e-01 
 2.763152e+01 -2.769992e-01 
 2.763185e+01 -3.094689e-01 
 2.763217e+01 -3.452147e-01 
 2.763249e+01 -3.769676e-01 
 2.763282e+01 -4.094654e-01 
 2.763314e+01 -4.381008e-01 
 2.763346e+01 -4.660464e-01 
 2.763378e+01 -4.928613e-01 
 2.763411e+01 -5.187729e-01 
 2.763443e+01 -5.416180e-01 
 2.763475e+01 -5.611208e-01 
 2.763508e+01 -5.768583e-01 
 2.763540e+01 -5.925475e-01 
 2.763572e+01 -6.073994e-01 
 2.763605e+01 -6.234404e-01 
 2.763637e+01 -6.400864e-01 
 2.763669e+01 -6.581181e-01 
 2.763701e+01 -6.803271e-01 
 2.763734e+01 -6.997639e-01 
 2.763766e+01 -7.145913e-01 
 2.763798e+01 -7.260877e-01 
 2.763831e+01 -7.298289e-01 
 2.763863e+01 -7.414317e-01 
 2.763895e+01 -7.529426e-01 
 2.763928e+01 -7.645508e-01 
 2.763960e+01 -7.755032e-01 
 2.763992e+01 -7.856614e-01 
 2.764024e+01 -7.857123e-01 
 2.764057e+01 -7.974627e-01 
 2.764089e+01 -8.095194e-01 
 2.764121e+01 -8.215356e-01 
 2.764154e+01 -8.344080e-01 
 2.764186e+01 -8.517898e-01 
 2.764218e+01 -8.729173e-01 
 2.764251e+01 -8.939294e-01 
 2.764283e+01 -9.142585e-01 
 2.764315e+01 -9.335958e-01 
 2.764347e+01 -9.507702e-01 
 2.764380e+01 -9.674945e-01 
 2.764412e+01 -9.844981e-01 
 2.764444e+01 -1.001660e+00 
 2.764477e+01 -1.018563e+00 
 2.764509e+01 -1.032979e+00 
 2.764541e+01 -1.043911e+00 
 2.764574e+01 -1.055410e+00 
 2.764606e+01 -1.066170e+00 
 2.764638e+01 -1.068070e+00 
 2.764670e+01 -1.067759e+00 
 2.764703e+01 -1.081503e+00 
 2.764735e+01 -1.091184e+00 
 2.764767e+01 -1.093960e+00 
 2.764800e+01 -1.095748e+00 
 2.764832e+01 -1.093344e+00 
 2.764864e+01 -1.043865e+00 
 2.764897e+01 -1.030404e+00 
 2.764929e+01 -1.019819e+00 
 2.764961e+01 -1.008336e+00 
 2.764993e+01 -9.952777e-01 
 2.765026e+01 -9.793518e-01 
 2.765058e+01 -9.629771e-01 
 2.765090e+01 -9.435163e-01 
 2.765123e+01 -9.357145e-01 
 2.765155e+01 -9.231493e-01 
 2.765187e+01 -9.190307e-01 
 2.765220e+01 -9.231267e-01 
 2.765252e+01 -9.297017e-01 
 2.765284e+01 -9.321602e-01 
 2.765316e+01 -9.283286e-01 
 2.765349e+01 -9.256534e-01 
 2.765381e+01 -9.224054e-01 
 2.765413e+01 -9.264607e-01 
 2.765446e+01 -9.295124e-01 
 2.765478e+01 -9.305713e-01 
 2.765510e+01 -9.313337e-01 
 2.765543e+01 -9.344627e-01 
 2.765575e+01 -9.442176e-01 
 2.765607e+01 -9.572869e-01 
 2.765639e+01 -9.669088e-01 
 2.765672e+01 -9.495165e-01 
 2.765704e+01 -9.617483e-01 
 2.765736e+01 -9.753032e-01 
 2.765769e+01 -9.874144e-01 
 2.765801e+01 -9.946433e-01 
 2.765833e+01 -9.976614e-01 
 2.765866e+01 -9.981567e-01 
 2.765898e+01 -9.976348e-01 
 2.765930e+01 -9.960034e-01 
 2.765962e+01 -9.897942e-01 
 2.765995e+01 -9.912613e-01 
 2.766027e+01 -9.952295e-01 
 2.766059e+01 -9.985902e-01 
 2.766092e+01 -1.000709e+00 
 2.766124e+01 -1.001362e+00 
 2.766156e+01 -1.003368e+00 
 2.766189e+01 -9.979290e-01 
 2.766221e+01 -1.005568e+00 
 2.766253e+01 -1.018673e+00 
 2.766285e+01 -1.029995e+00 
 2.766318e+01 -1.038060e+00 
 2.766350e+01 -1.042100e+00 
 2.766382e+01 -1.044585e+00 
 2.766415e+01 -1.047569e+00 
 2.766447e+01 -1.053908e+00 
 2.766479e+01 -1.062174e+00 
 2.766512e+01 -1.071490e+00 
 2.766544e+01 -1.082754e+00 
 2.766576e+01 -1.094119e+00 
 2.766608e+01 -1.104915e+00 
 2.766641e+01 -1.113487e+00 
 2.766673e+01 -1.117300e+00 
 2.766705e+01 -1.120346e+00 
 2.766738e+01 -1.123788e+00 
 2.766770e+01 -1.124288e+00 
 2.766802e+01 -1.122214e+00 
 2.766834e+01 -1.112453e+00 
 2.766867e+01 -1.095339e+00 
 2.766899e+01 -1.080366e+00 
 2.766931e+01 -1.061333e+00 
 2.766964e+01 -1.046008e+00 
 2.766996e+01 -1.025177e+00 
 2.767028e+01 -1.010115e+00 
 2.767061e+01 -9.933905e-01 
 2.767093e+01 -9.796574e-01 
 2.767125e+01 -9.596179e-01 
 2.767157e+01 -9.407669e-01 
 2.767190e+01 -9.275894e-01 
 2.767222e+01 -9.126322e-01 
 2.767254e+01 -8.972111e-01 
 2.767287e+01 -8.742653e-01 
 2.767319e+01 -8.534035e-01 
 2.767351e+01 -8.319859e-01 
 2.767384e+01 -8.111702e-01 
 2.767416e+01 -7.961451e-01 
 2.767448e+01 -7.859001e-01 
 2.767480e+01 -7.783479e-01 
 2.767513e+01 -7.726671e-01 
 2.767545e+01 -7.688949e-01 
 2.767577e+01 -7.654362e-01 
 2.767610e+01 -7.635085e-01 
 2.767642e+01 -7.647012e-01 
 2.767674e+01 -7.650453e-01 
 2.767707e+01 -7.641595e-01 
 2.767739e+01 -7.622820e-01 
 2.767771e+01 -7.650756e-01 
 2.767803e+01 -6.623464e-01 
 2.767836e+01 -6.514977e-01 
 2.767868e+01 -6.408527e-01 
 2.767900e+01 -6.305431e-01 
 2.767933e+01 -6.171835e-01 
 2.767965e+01 -6.064760e-01 
 2.767997e+01 -6.039935e-01 
 2.768030e+01 -6.045018e-01 
 2.768062e+01 -6.053324e-01 
 2.768094e+01 -6.117932e-01 
 2.768126e+01 -6.210476e-01 
 2.768159e+01 -6.284855e-01 
 2.768191e+01 -6.330737e-01 
 2.768223e+01 -6.286258e-01 
 2.768256e+01 -6.271339e-01 
 2.768288e+01 -6.191524e-01 
 2.768320e+01 -6.194914e-01 
 2.768353e+01 -6.208206e-01 
 2.768385e+01 -6.254317e-01 
 2.768417e+01 -6.363427e-01 
 2.768449e+01 -6.578804e-01 
 2.768482e+01 -6.870089e-01 
 2.768514e+01 -7.212980e-01 
 2.768546e+01 -7.544225e-01 
 2.768579e+01 -7.802038e-01 
 2.768611e+01 -8.053712e-01 
 2.768643e+01 -8.319751e-01 
 2.768676e+01 -8.608307e-01 
 2.768708e+01 -8.858433e-01 
 2.768740e+01 -9.052074e-01 
 2.768772e+01 -9.253734e-01 
 2.768805e+01 -9.518684e-01 
 2.768837e+01 -9.618990e-01 
 2.768869e+01 -9.980709e-01 
 2.768902e+01 -1.006470e+00 
 2.768934e+01 -1.035665e+00 
 2.768966e+01 -1.064141e+00 
 2.768999e+01 -1.090128e+00 
 2.769031e+01 -1.113948e+00 
 2.769063e+01 -1.134160e+00 
 2.769095e+01 -1.149679e+00 
 2.769128e+01 -1.159906e+00 
 2.769160e+01 -1.169026e+00 
 2.769192e+01 -1.181325e+00 
 2.769225e+01 -1.194052e+00 
 2.769257e+01 -1.208282e+00 
 2.769289e+01 -1.223949e+00 
 2.769322e+01 -1.239754e+00 
 2.769354e+01 -1.258811e+00 
 2.769386e+01 -1.277215e+00 
 2.769418e+01 -1.270472e+00 
 2.769451e+01 -1.276383e+00 
 2.769483e+01 -1.280900e+00 
 2.769515e+01 -1.284197e+00 
 2.769548e+01 -1.288465e+00 
 2.769580e+01 -1.268125e+00 
 2.769612e+01 -1.271342e+00 
 2.769645e+01 -1.275781e+00 
 2.769677e+01 -1.283294e+00 
 2.769709e+01 -1.292595e+00 
 2.769741e+01 -1.302302e+00 
 2.769774e+01 -1.312633e+00 
 2.769806e+01 -1.323884e+00 
 2.769838e+01 -1.337744e+00 
 2.769871e+01 -1.350590e+00 
 2.769903e+01 -1.361543e+00 
 2.769935e+01 -1.368616e+00 
 2.769968e+01 -1.371040e+00 
 2.770000e+01 -1.374111e+00 
 2.770032e+01 -1.379717e+00 
 2.770064e+01 -1.382272e+00 
 2.770097e+01 -1.386846e+00 
 2.770129e+01 -1.388792e+00 
 2.770161e+01 -1.385450e+00 
 2.770194e+01 -1.389103e+00 
 2.770226e+01 -1.389647e+00 
 2.770258e+01 -1.386547e+00 
 2.770290e+01 -1.379287e+00 
 2.770323e+01 -1.366155e+00 
 2.770355e+01 -1.353426e+00 
 2.770387e+01 -1.340174e+00 
 2.770420e+01 -1.326512e+00 
 2.770452e+01 -1.314013e+00 
 2.770484e+01 -1.302522e+00 
 2.770517e+01 -1.293435e+00 
 2.770549e+01 -1.285908e+00 
 2.770581e+01 -1.278945e+00 
 2.770613e+01 -1.270036e+00 
 2.770646e+01 -1.235095e+00 
 2.770678e+01 -1.225655e+00 
 2.770710e+01 -1.219609e+00 
 2.770743e+01 -1.210482e+00 
 2.770775e+01 -1.203214e+00 
 2.770807e+01 -1.194667e+00 
 2.770840e+01 -1.188565e+00 
 2.770872e+01 -1.188312e+00 
 2.770904e+01 -1.193168e+00 
 2.770936e+01 -1.200246e+00 
 2.770969e+01 -1.208743e+00 
 2.771001e+01 -1.215277e+00 
 2.771033e+01 -1.234442e+00 
 2.771066e+01 -1.251948e+00 
 2.771098e+01 -1.267248e+00 
 2.771130e+01 -1.278511e+00 
 2.771163e+01 -1.285101e+00 
 2.771195e+01 -1.288245e+00 
 2.771227e+01 -1.292936e+00 
 2.771259e+01 -1.300778e+00 
 2.771292e+01 -1.308432e+00 
 2.771324e+01 -1.316756e+00 
 2.771356e+01 -1.327578e+00 
 2.771389e+01 -1.339548e+00 
 2.771421e+01 -1.351663e+00 
 2.771453e+01 -1.363097e+00 
 2.771486e+01 -1.370142e+00 
 2.771518e+01 -1.373145e+00 
 2.771550e+01 -1.375782e+00 
 2.771582e+01 -1.374799e+00 
 2.771615e+01 -1.371094e+00 
 2.771647e+01 -1.367481e+00 
 2.771679e+01 -1.364263e+00 
 2.771712e+01 -1.359571e+00 
 2.771744e+01 -1.357457e+00 
 2.771776e+01 -1.357775e+00 
 2.771809e+01 -1.359186e+00 
 2.771841e+01 -1.360854e+00 
 2.771873e+01 -1.360353e+00 
 2.771905e+01 -1.359066e+00 
 2.771938e+01 -1.354654e+00 
 2.771970e+01 -1.345831e+00 
 2.772002e+01 -1.334890e+00 
 2.772035e+01 -1.315923e+00 
 2.772067e+01 -1.297922e+00 
 2.772099e+01 -1.284246e+00 
 2.772132e+01 -1.271615e+00 
 2.772164e+01 -1.260005e+00 
 2.772196e+01 -1.244645e+00 
 2.772228e+01 -1.233030e+00 
 2.772261e+01 -1.222392e+00 
 2.772293e+01 -1.212740e+00 
 2.772325e+01 -1.202705e+00 
 2.772358e+01 -1.186012e+00 
 2.772390e+01 -1.169413e+00 
 2.772422e+01 -1.151742e+00 
 2.772455e+01 -1.134154e+00 
 2.772487e+01 -1.119328e+00 
 2.772519e+01 -1.101775e+00 
 2.772551e+01 -1.084875e+00 
 2.772584e+01 -1.070603e+00 
 2.772616e+01 -1.058690e+00 
 2.772648e+01 -1.047972e+00 
 2.772681e+01 -1.035417e+00 
 2.772713e+01 -1.011411e+00 
 2.772745e+01 -9.978045e-01 
 2.772778e+01 -9.854326e-01 
 2.772810e+01 -9.726122e-01 
 2.772842e+01 -9.597826e-01 
 2.772874e+01 -9.454659e-01 
 2.772907e+01 -9.341410e-01 
 2.772939e+01 -9.269718e-01 
 2.772971e+01 -9.239079e-01 
 2.773004e+01 -9.166899e-01 
 2.773036e+01 -9.118618e-01 
 2.773068e+01 -9.086071e-01 
 2.773101e+01 -9.077698e-01 
 2.773133e+01 -9.077245e-01 
 2.773165e+01 -9.027611e-01 
 2.773197e+01 -8.928736e-01 
 2.773230e+01 -8.811735e-01 
 2.773262e+01 -8.736720e-01 
 2.773294e+01 -8.729249e-01 
 2.773327e+01 -8.772921e-01 
 2.773359e+01 -8.818902e-01 
 2.773391e+01 -8.873505e-01 
 2.773424e+01 -8.930160e-01 
 2.773456e+01 -9.000216e-01 
 2.773488e+01 -9.064366e-01 
 2.773520e+01 -9.111217e-01 
 2.773553e+01 -9.132975e-01 
 2.773585e+01 -9.138097e-01 
 2.773617e+01 -9.161999e-01 
 2.773650e+01 -9.210770e-01 
 2.773682e+01 -9.275926e-01 
 2.773714e+01 -9.347877e-01 
 2.773747e+01 -9.349693e-01 
 2.773779e+01 -9.459287e-01 
 2.773811e+01 -9.608068e-01 
 2.773843e+01 -9.774718e-01 
 2.773876e+01 -9.934723e-01 
 2.773908e+01 -1.008832e+00 
 2.773940e+01 -1.023483e+00 
 2.773973e+01 -1.036061e+00 
 2.774005e+01 -1.046187e+00 
 2.774037e+01 -1.055194e+00 
 2.774069e+01 -1.063595e+00 
 2.774102e+01 -1.072224e+00 
 2.774134e+01 -1.084867e+00 
 2.774166e+01 -1.100658e+00 
 2.774199e+01 -1.119085e+00 
 2.774231e+01 -1.139947e+00 
 2.774263e+01 -1.155556e+00 
 2.774296e+01 -1.171775e+00 
 2.774328e+01 -1.186581e+00 
 2.774360e+01 -1.197033e+00 
 2.774392e+01 -1.204073e+00 
 2.774425e+01 -1.206357e+00 
 2.774457e+01 -1.205613e+00 
 2.774489e+01 -1.204548e+00 
 2.774522e+01 -1.202428e+00 
 2.774554e+01 -1.199000e+00 
 2.774586e+01 -1.194308e+00 
 2.774619e+01 -1.189312e+00 
 2.774651e+01 -1.186062e+00 
 2.774683e+01 -1.182561e+00 
 2.774715e+01 -1.176311e+00 
 2.774748e+01 -1.166191e+00 
 2.774780e+01 -1.145923e+00 
 2.774812e+01 -1.134759e+00 
 2.774845e+01 -1.122499e+00 
 2.774877e+01 -1.110028e+00 
 2.774909e+01 -1.095967e+00 
 2.774942e+01 -1.080867e+00 
 2.774974e+01 -1.062120e+00 
 2.775006e+01 -1.051188e+00 
 2.775038e+01 -1.042549e+00 
 2.775071e+01 -1.034910e+00 
 2.775103e+01 -1.026819e+00 
 2.775135e+01 -1.021303e+00 
 2.775168e+01 -1.015358e+00 
 2.775200e+01 -1.008282e+00 
 2.775232e+01 -9.988360e-01 
 2.775265e+01 -9.918748e-01 
 2.775297e+01 -9.833340e-01 
 2.775329e+01 -9.740879e-01 
 2.775361e+01 -9.669237e-01 
 2.775394e+01 -9.600616e-01 
 2.775426e+01 -9.523051e-01 
 2.775458e+01 -9.375845e-01 
 2.775491e+01 -9.291858e-01 
 2.775523e+01 -9.217869e-01 
 2.775555e+01 -9.130109e-01 
 2.775588e+01 -8.972329e-01 
 2.775620e+01 -8.813190e-01 
 2.775652e+01 -8.626617e-01 
 2.775684e+01 -8.439990e-01 
 2.775717e+01 -8.249690e-01 
 2.775749e+01 -7.976894e-01 
 2.775781e+01 -7.764877e-01 
 2.775814e+01 -7.519226e-01 
 2.775846e+01 -7.318936e-01 
 2.775878e+01 -7.106084e-01 
 2.775911e+01 -6.983034e-01 
 2.775943e+01 -6.795632e-01 
 2.775975e+01 -6.644525e-01 
 2.776007e+01 -6.442437e-01 
 2.776040e+01 -6.314560e-01 
 2.776072e+01 -6.201718e-01 
 2.776104e+01 -6.028789e-01 
 2.776137e+01 -5.928504e-01 
 2.776169e+01 -5.859375e-01 
 2.776201e+01 -5.851458e-01 
 2.776234e+01 -5.870928e-01 
 2.776266e+01 -5.890454e-01 
 2.776298e+01 -5.930338e-01 
 2.776330e+01 -5.993741e-01 
 2.776363e+01 -6.113132e-01 
 2.776395e+01 -6.150380e-01 
 2.776427e+01 -6.216416e-01 
 2.776460e+01 -6.279449e-01 
 2.776492e+01 -6.344402e-01 
 2.776524e+01 -6.344727e-01 
 2.776557e+01 -6.371096e-01 
 2.776589e+01 -6.444311e-01 
 2.776621e+01 -6.500681e-01 
 2.776653e+01 -6.481170e-01 
 2.776686e+01 -6.570012e-01 
 2.776718e+01 -6.676918e-01 
 2.776750e+01 -6.781894e-01 
 2.776783e+01 -6.847498e-01 
 2.776815e+01 -6.883714e-01 
 2.776847e+01 -6.742063e-01 
 2.776880e+01 -6.710324e-01 
 2.776912e+01 -6.684369e-01 
 2.776944e+01 -6.657842e-01 
 2.776976e+01 -6.538478e-01 
 2.777009e+01 -6.463566e-01 
 2.777041e+01 -6.403035e-01 
 2.777073e+01 -6.386994e-01 
 2.777106e+01 -6.399633e-01 
 2.777138e+01 -6.386619e-01 
 2.777170e+01 -6.384077e-01 
 2.777203e+01 -6.390519e-01 
 2.777235e+01 -6.418803e-01 
 2.777267e+01 -6.415610e-01 
 2.777299e+01 -6.376755e-01 
 2.777332e+01 -6.328537e-01 
 2.777364e+01 -6.269028e-01 
 2.777396e+01 -6.227046e-01 
 2.777429e+01 -6.196095e-01 
 2.777461e+01 -6.156296e-01 
 2.777493e+01 -6.106555e-01 
 2.777525e+01 -6.077706e-01 
 2.777558e+01 -6.057999e-01 
 2.777590e+01 -6.055906e-01 
 2.777622e+01 -6.057612e-01 
 2.777655e+01 -6.078010e-01 
 2.777687e+01 -6.091732e-01 
 2.777719e+01 -6.066600e-01 
 2.777752e+01 -6.062102e-01 
 2.777784e+01 -6.141772e-01 
 2.777816e+01 -6.134636e-01 
 2.777848e+01 -6.090874e-01 
 2.777881e+01 -6.044889e-01 
 2.777913e+01 -6.036141e-01 
 2.777945e+01 -6.038025e-01 
 2.777978e+01 -5.897025e-01 
 2.778010e+01 -5.887208e-01 
 2.778042e+01 -5.833426e-01 
 2.778075e+01 -5.805083e-01 
 2.778107e+01 -5.665531e-01 
 2.778139e+01 -5.645268e-01 
 2.778171e+01 -5.611412e-01 
 2.778204e+01 -5.600401e-01 
 2.778236e+01 -5.609682e-01 
 2.778268e+01 -5.575168e-01 
 2.778301e+01 -5.592611e-01 
 2.778333e+01 -5.615158e-01 
 2.778365e+01 -5.640423e-01 
 2.778398e+01 -5.664354e-01 
 2.778430e+01 -5.737441e-01 
 2.778462e+01 -5.799362e-01 
 2.778494e+01 -5.866130e-01 
 2.778527e+01 -5.924321e-01 
 2.778559e+01 -6.010284e-01 
 2.778591e+01 -6.113439e-01 
 2.778624e+01 -6.250682e-01 
 2.778656e+01 -6.495673e-01 
 2.778688e+01 -6.698371e-01 
 2.778721e+01 -7.040004e-01 
 2.778753e+01 -7.354890e-01 
 2.778785e+01 -7.716700e-01 
 2.778817e+01 -8.093329e-01 
 2.778850e+01 -8.421649e-01 
 2.778882e+01 -8.714909e-01 
 2.778914e+01 -8.989583e-01 
 2.778947e+01 -9.287241e-01 
 2.778979e+01 -9.595628e-01 
 2.779011e+01 -9.862794e-01 
 2.779044e+01 -1.013272e+00 
 2.779076e+01 -1.040002e+00 
 2.779108e+01 -1.081124e+00 
 2.779140e+01 -1.120914e+00 
 2.779173e+01 -1.155427e+00 
 2.779205e+01 -1.189222e+00 
 2.779237e+01 -1.218084e+00 
 2.779270e+01 -1.246276e+00 
 2.779302e+01 -1.273309e+00 
 2.779334e+01 -1.297478e+00 
 2.779367e+01 -1.320171e+00 
 2.779399e+01 -1.340819e+00 
 2.779431e+01 -1.352725e+00 
 2.779463e+01 -1.400211e+00 
 2.779496e+01 -1.449425e+00 
 2.779528e+01 -1.490241e+00 
 2.779560e+01 -1.530284e+00 
 2.779593e+01 -1.573586e+00 
 2.779625e+01 -1.618880e+00 
 2.779657e+01 -1.662481e+00 
 2.779690e+01 -1.707113e+00 
 2.779722e+01 -1.746068e+00 
 2.779754e+01 -1.785124e+00 
 2.779786e+01 -1.835801e+00 
 2.779819e+01 -1.856224e+00 
 2.779851e+01 -1.866237e+00 
 2.779883e+01 -1.873724e+00 
 2.779916e+01 -1.872306e+00 
 2.779948e+01 -1.855861e+00 
 2.779980e+01 -1.846413e+00 
 2.780013e+01 -1.777491e+00 
 2.780045e+01 -1.754597e+00 
 2.780077e+01 -1.728408e+00 
 2.780109e+01 -1.693027e+00 
 2.780142e+01 -1.655189e+00 
 2.780174e+01 -1.614902e+00 
 2.780206e+01 -1.572198e+00 
 2.780239e+01 -1.532485e+00 
 2.780271e+01 -1.495024e+00 
 2.780303e+01 -1.461588e+00 
 2.780336e+01 -1.431704e+00 
 2.780368e+01 -1.403052e+00 
 2.780400e+01 -1.374230e+00 
 2.780432e+01 -1.348553e+00 
 2.780465e+01 -1.332790e+00 
 2.780497e+01 -1.321743e+00 
 2.780529e+01 -1.313573e+00 
 2.780562e+01 -1.300106e+00 
 2.780594e+01 -1.295736e+00 
 2.780626e+01 -1.295307e+00 
 2.780659e+01 -1.294943e+00 
 2.780691e+01 -1.300849e+00 
 2.780723e+01 -1.312541e+00 
 2.780755e+01 -1.263405e+00 
 2.780788e+01 -1.275621e+00 
 2.780820e+01 -1.276809e+00 
 2.780852e+01 -1.274512e+00 
 2.780885e+01 -1.268557e+00 
 2.780917e+01 -1.261494e+00 
 2.780949e+01 -1.256886e+00 
 2.780981e+01 -1.254493e+00 
 2.781014e+01 -1.255893e+00 
 2.781046e+01 -1.265312e+00 
 2.781078e+01 -1.269422e+00 
 2.781111e+01 -1.274515e+00 
 2.781143e+01 -1.280292e+00 
 2.781175e+01 -1.286772e+00 
 2.781208e+01 -1.293728e+00 
 2.781240e+01 -1.298555e+00 
 2.781272e+01 -1.298481e+00 
 2.781304e+01 -1.297149e+00 
 2.781337e+01 -1.294672e+00 
 2.781369e+01 -1.262489e+00 
 2.781401e+01 -1.237490e+00 
 2.781434e+01 -1.213740e+00 
 2.781466e+01 -1.213993e+00 
 2.781498e+01 -1.208043e+00 
 2.781531e+01 -1.199497e+00 
 2.781563e+01 -1.198819e+00 
 2.781595e+01 -1.199022e+00 
 2.781627e+01 -1.200281e+00 
 2.781660e+01 -1.202281e+00 
 2.781692e+01 -1.206199e+00 
 2.781724e+01 -1.208746e+00 
 2.781757e+01 -1.221307e+00 
 2.781789e+01 -1.230500e+00 
 2.781821e+01 -1.239884e+00 
 2.781854e+01 -1.252129e+00 
 2.781886e+01 -1.267797e+00 
 2.781918e+01 -1.285161e+00 
 2.781950e+01 -1.303222e+00 
 2.781983e+01 -1.321309e+00 
 2.782015e+01 -1.334643e+00 
 2.782047e+01 -1.350272e+00 
 2.782080e+01 -1.364554e+00 
 2.782112e+01 -1.374715e+00 
 2.782144e+01 -1.381764e+00 
 2.782177e+01 -1.388158e+00 
 2.782209e+01 -1.389288e+00 
 2.782241e+01 -1.399694e+00 
 2.782273e+01 -1.407995e+00 
 2.782306e+01 -1.414654e+00 
 2.782338e+01 -1.425929e+00 
 2.782370e+01 -1.434323e+00 
 2.782403e+01 -1.439023e+00 
 2.782435e+01 -1.440188e+00 
 2.782467e+01 -1.439865e+00 
 2.782500e+01 -1.435558e+00 
 2.782532e+01 -1.424101e+00 
 2.782564e+01 -1.409391e+00 
 2.782596e+01 -1.393452e+00 
 2.782629e+01 -1.374238e+00 
 2.782661e+01 -1.293558e+00 
 2.782693e+01 -1.264543e+00 
 2.782726e+01 -1.238187e+00 
 2.782758e+01 -1.215720e+00 
 2.782790e+01 -1.177853e+00 
 2.782823e+01 -1.141302e+00 
 2.782855e+01 -1.123545e+00 
 2.782887e+01 -1.100947e+00 
 2.782919e+01 -1.081320e+00 
 2.782952e+01 -1.062236e+00 
 2.782984e+01 -1.042792e+00 
 2.783016e+01 -1.026970e+00 
 2.783049e+01 -1.012110e+00 
 2.783081e+01 -9.973450e-01 
 2.783113e+01 -9.862249e-01 
 2.783146e+01 -9.759625e-01 
 2.783178e+01 -9.704665e-01 
 2.783210e+01 -9.696400e-01 
 2.783242e+01 -9.717696e-01 
 2.783275e+01 -9.752837e-01 
 2.783307e+01 -9.833073e-01 
 2.783339e+01 -9.910457e-01 
 2.783372e+01 -9.969751e-01 
 2.783404e+01 -1.004859e+00 
 2.783436e+01 -1.009698e+00 
 2.783469e+01 -1.013947e+00 
 2.783501e+01 -1.017923e+00 
 2.783533e+01 -1.022806e+00 
 2.783565e+01 -1.030903e+00 
 2.783598e+01 -1.043877e+00 
 2.783630e+01 -1.013052e+00 
 2.783662e+01 -1.031013e+00 
 2.783695e+01 -1.053622e+00 
 2.783727e+01 -1.070810e+00 
 2.783759e+01 -1.087648e+00 
 2.783792e+01 -1.103427e+00 
 2.783824e+01 -1.117890e+00 
 2.783856e+01 -1.131168e+00 
 2.783888e+01 -1.139976e+00 
 2.783921e+01 -1.152586e+00 
 2.783953e+01 -1.172559e+00 
 2.783985e+01 -1.192576e+00 
 2.784018e+01 -1.213661e+00 
 2.784050e+01 -1.237741e+00 
 2.784082e+01 -1.263315e+00 
 2.784115e+01 -1.290296e+00 
 2.784147e+01 -1.314399e+00 
 2.784179e+01 -1.335978e+00 
 2.784211e+01 -1.348782e+00 
 2.784244e+01 -1.366798e+00 
 2.784276e+01 -1.384524e+00 
 2.784308e+01 -1.400244e+00 
 2.784341e+01 -1.415355e+00 
 2.784373e+01 -1.432160e+00 
 2.784405e+01 -1.449220e+00 
 2.784438e+01 -1.467303e+00 
 2.784470e+01 -1.490466e+00 
 2.784502e+01 -1.508949e+00 
 2.784534e+01 -1.527880e+00 
 2.784567e+01 -1.546846e+00 
 2.784599e+01 -1.565609e+00 
 2.784631e+01 -1.582196e+00 
 2.784664e+01 -1.595661e+00 
 2.784696e+01 -1.606717e+00 
 2.784728e+01 -1.617436e+00 
 2.784760e+01 -1.626761e+00 
 2.784793e+01 -1.631703e+00 
 2.784825e+01 -1.638103e+00 
 2.784857e+01 -1.644431e+00 
 2.784890e+01 -1.647908e+00 
 2.784922e+01 -1.648515e+00 
 2.784954e+01 -1.646282e+00 
 2.784987e+01 -1.641700e+00 
 2.785019e+01 -1.634669e+00 
 2.785051e+01 -1.624956e+00 
 2.785083e+01 -1.612185e+00 
 2.785116e+01 -1.595870e+00 
 2.785148e+01 -1.567609e+00 
 2.785180e+01 -1.545059e+00 
 2.785213e+01 -1.520803e+00 
 2.785245e+01 -1.495352e+00 
 2.785277e+01 -1.466992e+00 
 2.785310e+01 -1.436649e+00 
 2.785342e+01 -1.403483e+00 
 2.785374e+01 -1.369168e+00 
 2.785406e+01 -1.325666e+00 
 2.785439e+01 -1.293305e+00 
 2.785471e+01 -1.262299e+00 
 2.785503e+01 -1.233395e+00 
 2.785536e+01 -1.204434e+00 
 2.785568e+01 -1.176096e+00 
 2.785600e+01 -1.150332e+00 
 2.785633e+01 -1.127247e+00 
 2.785665e+01 -1.104577e+00 
 2.785697e+01 -1.081788e+00 
 2.785729e+01 -1.060147e+00 
 2.785762e+01 -1.039123e+00 
 2.785794e+01 -1.018471e+00 
 2.785826e+01 -1.000967e+00 
 2.785859e+01 -9.790492e-01 
 2.785891e+01 -9.678042e-01 
 2.785923e+01 -9.533376e-01 
 2.785956e+01 -9.435384e-01 
 2.785988e+01 -9.350359e-01 
 2.786020e+01 -9.229738e-01 
 2.786052e+01 -9.155985e-01 
 2.786085e+01 -9.096419e-01 
 2.786117e+01 -9.036640e-01 
 2.786149e+01 -8.981349e-01 
 2.786182e+01 -8.936190e-01 
 2.786214e+01 -8.911177e-01 
 2.786246e+01 -8.902439e-01 
 2.786279e+01 -8.923068e-01 
 2.786311e+01 -8.990469e-01 
 2.786343e+01 -9.032995e-01 
 2.786375e+01 -9.048521e-01 
 2.786408e+01 -9.063428e-01 
 2.786440e+01 -9.069603e-01 
 2.786472e+01 -9.012323e-01 
 2.786505e+01 -9.030518e-01 
 2.786537e+01 -9.059881e-01 
 2.786569e+01 -9.088289e-01 
 2.786602e+01 -9.116785e-01 
 2.786634e+01 -9.147185e-01 
 2.786666e+01 -9.187757e-01 
 2.786698e+01 -9.248006e-01 
 2.786731e+01 -9.323626e-01 
 2.786763e+01 -9.403145e-01 
 2.786795e+01 -9.482528e-01 
 2.786828e+01 -9.556969e-01 
 2.786860e+01 -9.624682e-01 
 2.786892e+01 -9.681166e-01 
 2.786925e+01 -9.735913e-01 
 2.786957e+01 -9.784564e-01 
 2.786989e+01 -9.822286e-01 
 2.787021e+01 -9.893738e-01 
 2.787054e+01 -9.976736e-01 
 2.787086e+01 -1.004682e+00 
 2.787118e+01 -1.013455e+00 
 2.787151e+01 -1.023630e+00 
 2.787183e+01 -1.035292e+00 
 2.787215e+01 -1.046928e+00 
 2.787248e+01 -1.058185e+00 
 2.787280e+01 -1.070021e+00 
 2.787312e+01 -1.081337e+00 
 2.787344e+01 -1.090594e+00 
 2.787377e+01 -1.093934e+00 
 2.787409e+01 -1.103220e+00 
 2.787441e+01 -1.112988e+00 
 2.787474e+01 -1.122683e+00 
 2.787506e+01 -1.132060e+00 
 2.787538e+01 -1.140684e+00 
 2.787571e+01 -1.148953e+00 
 2.787603e+01 -1.154744e+00 
 2.787635e+01 -1.158389e+00 
 2.787667e+01 -1.158255e+00 
 2.787700e+01 -1.151510e+00 
 2.787732e+01 -1.146429e+00 
 2.787764e+01 -1.139476e+00 
 2.787797e+01 -1.127871e+00 
 2.787829e+01 -1.112554e+00 
 2.787861e+01 -1.101116e+00 
 2.787894e+01 -1.088682e+00 
 2.787926e+01 -1.075121e+00 
 2.787958e+01 -1.061171e+00 
 2.787990e+01 -1.043267e+00 
 2.788023e+01 -1.026696e+00 
 2.788055e+01 -1.009980e+00 
 2.788087e+01 -9.974271e-01 
 2.788120e+01 -9.860299e-01 
 2.788152e+01 -9.726936e-01 
 2.788184e+01 -9.572153e-01 
 2.788217e+01 -9.405462e-01 
 2.788249e+01 -9.243492e-01 
 2.788281e+01 -9.112729e-01 
 2.788313e+01 -8.947907e-01 
 2.788346e+01 -8.838982e-01 
 2.788378e+01 -8.736077e-01 
 2.788410e+01 -8.651108e-01 
 2.788443e+01 -8.606363e-01 
 2.788475e+01 -8.599334e-01 
 2.788507e+01 -8.613537e-01 
 2.788539e+01 -8.640960e-01 
 2.788572e+01 -8.696839e-01 
 2.788604e+01 -8.761058e-01 
 2.788636e+01 -8.779078e-01 
 2.788669e+01 -8.794018e-01 
 2.788701e+01 -8.827157e-01 
 2.788733e+01 -8.880966e-01 
 2.788766e+01 -8.965140e-01 
 2.788798e+01 -9.072672e-01 
 2.788830e+01 -9.178888e-01 
 2.788862e+01 -9.310383e-01 
 2.788895e+01 -9.441420e-01 
 2.788927e+01 -9.599554e-01 
 2.788959e+01 -9.811618e-01 
 2.788992e+01 -1.003464e+00 
 2.789024e+01 -1.023132e+00 
 2.789056e+01 -1.041377e+00 
 2.789089e+01 -1.060375e+00 
 2.789121e+01 -1.080183e+00 
 2.789153e+01 -1.100503e+00 
 2.789185e+01 -1.122077e+00 
 2.789218e+01 -1.144350e+00 
 2.789250e+01 -1.166965e+00 
 2.789282e+01 -1.187232e+00 
 2.789315e+01 -1.208245e+00 
 2.789347e+01 -1.232937e+00 
 2.789379e+01 -1.257619e+00 
 2.789412e+01 -1.286595e+00 
 2.789444e+01 -1.315778e+00 
 2.789476e+01 -1.340944e+00 
 2.789508e+01 -1.361557e+00 
 2.789541e+01 -1.375654e+00 
 2.789573e+01 -1.387671e+00 
 2.789605e+01 -1.398065e+00 
 2.789638e+01 -1.408718e+00 
 2.789670e+01 -1.419036e+00 
 2.789702e+01 -1.423836e+00 
 2.789735e+01 -1.427319e+00 
 2.789767e+01 -1.436843e+00 
 2.789799e+01 -1.445137e+00 
 2.789831e+01 -1.428067e+00 
 2.789864e+01 -1.431894e+00 
 2.789896e+01 -1.433597e+00 
 2.789928e+01 -1.433944e+00 
 2.789961e+01 -1.434121e+00 
 2.789993e+01 -1.428867e+00 
 2.790025e+01 -1.427058e+00 
 2.790058e+01 -1.424993e+00 
 2.790090e+01 -1.421818e+00 
 2.790122e+01 -1.389312e+00 
 2.790154e+01 -1.381923e+00 
 2.790187e+01 -1.375118e+00 
 2.790219e+01 -1.369007e+00 
 2.790251e+01 -1.363195e+00 
 2.790284e+01 -1.357736e+00 
 2.790316e+01 -1.352872e+00 
 2.790348e+01 -1.348331e+00 
 2.790381e+01 -1.345237e+00 
 2.790413e+01 -1.340999e+00 
 2.790445e+01 -1.332426e+00 
 2.790477e+01 -1.321216e+00 
 2.790510e+01 -1.302691e+00 
 2.790542e+01 -1.291320e+00 
 2.790574e+01 -1.276155e+00 
 2.790607e+01 -1.261212e+00 
 2.790639e+01 -1.244211e+00 
 2.790671e+01 -1.230194e+00 
 2.790704e+01 -1.218714e+00 
 2.790736e+01 -1.209392e+00 
 2.790768e+01 -1.199442e+00 
 2.790800e+01 -1.187848e+00 
 2.790833e+01 -1.173602e+00 
 2.790865e+01 -1.157497e+00 
 2.790897e+01 -1.117859e+00 
 2.790930e+01 -1.097091e+00 
 2.790962e+01 -1.071456e+00 
 2.790994e+01 -1.050857e+00 
 2.791027e+01 -1.031861e+00 
 2.791059e+01 -1.016891e+00 
 2.791091e+01 -1.006256e+00 
 2.791123e+01 -9.994263e-01 
 2.791156e+01 -9.932377e-01 
 2.791188e+01 -9.944342e-01 
 2.791220e+01 -9.729309e-01 
 2.791253e+01 -9.673711e-01 
 2.791285e+01 -9.657878e-01 
 2.791317e+01 -9.613869e-01 
 2.791350e+01 -9.558208e-01 
 2.791382e+01 -9.422759e-01 
 2.791414e+01 -9.404194e-01 
 2.791446e+01 -9.382809e-01 
 2.791479e+01 -9.469040e-01 
 2.791511e+01 -9.608140e-01 
 2.791543e+01 -9.738174e-01 
 2.791576e+01 -9.980267e-01 
 2.791608e+01 -1.021865e+00 
 2.791640e+01 -1.047714e+00 
 2.791673e+01 -1.078900e+00 
 2.791705e+01 -1.108692e+00 
 2.791737e+01 -1.131371e+00 
 2.791769e+01 -1.152666e+00 
 2.791802e+01 -1.172793e+00 
 2.791834e+01 -1.192666e+00 
 2.791866e+01 -1.212258e+00 
 2.791899e+01 -1.233874e+00 
 2.791931e+01 -1.254143e+00 
 2.791963e+01 -1.278781e+00 
 2.791996e+01 -1.300807e+00 
 2.792028e+01 -1.322636e+00 
 2.792060e+01 -1.343430e+00 
 2.792092e+01 -1.361101e+00 
 2.792125e+01 -1.375508e+00 
 2.792157e+01 -1.387021e+00 
 2.792189e+01 -1.398093e+00 
 2.792222e+01 -1.409498e+00 
 2.792254e+01 -1.419340e+00 
 2.792286e+01 -1.427652e+00 
 2.792318e+01 -1.436060e+00 
 2.792351e+01 -1.445356e+00 
 2.792383e+01 -1.454471e+00 
 2.792415e+01 -1.464641e+00 
 2.792448e+01 -1.475693e+00 
 2.792480e+01 -1.486299e+00 
 2.792512e+01 -1.492764e+00 
 2.792545e+01 -1.502768e+00 
 2.792577e+01 -1.513322e+00 
 2.792609e+01 -1.524149e+00 
 2.792641e+01 -1.533168e+00 
 2.792674e+01 -1.543365e+00 
 2.792706e+01 -1.555344e+00 
 2.792738e+01 -1.567313e+00 
 2.792771e+01 -1.578812e+00 
 2.792803e+01 -1.589429e+00 
 2.792835e+01 -1.600513e+00 
 2.792868e+01 -1.611021e+00 
 2.792900e+01 -1.621704e+00 
 2.792932e+01 -1.631896e+00 
 2.792964e+01 -1.639896e+00 
 2.792997e+01 -1.646345e+00 
 2.793029e+01 -1.649275e+00 
 2.793061e+01 -1.648928e+00 
 2.793094e+01 -1.645716e+00 
 2.793126e+01 -1.639846e+00 
 2.793158e+01 -1.631544e+00 
 2.793191e+01 -1.622957e+00 
 2.793223e+01 -1.615481e+00 
 2.793255e+01 -1.608421e+00 
 2.793287e+01 -1.598838e+00 
 2.793320e+01 -1.584417e+00 
 2.793352e+01 -1.573094e+00 
 2.793384e+01 -1.555096e+00 
 2.793417e+01 -1.541861e+00 
 2.793449e+01 -1.529356e+00 
 2.793481e+01 -1.517074e+00 
 2.793514e+01 -1.504392e+00 
 2.793546e+01 -1.493645e+00 
 2.793578e+01 -1.485684e+00 
 2.793610e+01 -1.479374e+00 
 2.793643e+01 -1.473748e+00 
 2.793675e+01 -1.470321e+00 
 2.793707e+01 -1.469450e+00 
 2.793740e+01 -1.473077e+00 
 2.793772e+01 -1.477847e+00 
 2.793804e+01 -1.482840e+00 
 2.793837e+01 -1.487285e+00 
 2.793869e+01 -1.490483e+00 
 2.793901e+01 -1.490936e+00 
 2.793933e+01 -1.494878e+00 
 2.793966e+01 -1.498896e+00 
 2.793998e+01 -1.504969e+00 
 2.794030e+01 -1.514598e+00 
 2.794063e+01 -1.527827e+00 
 2.794095e+01 -1.541129e+00 
 2.794127e+01 -1.556829e+00 
 2.794160e+01 -1.572490e+00 
 2.794192e+01 -1.586650e+00 
 2.794224e+01 -1.601507e+00 
 2.794256e+01 -1.614822e+00 
 2.794289e+01 -1.629294e+00 
 2.794321e+01 -1.638307e+00 
 2.794353e+01 -1.646713e+00 
 2.794386e+01 -1.654499e+00 
 2.794418e+01 -1.665209e+00 
 2.794450e+01 -1.677643e+00 
 2.794483e+01 -1.690504e+00 
 2.794515e+01 -1.706018e+00 
 2.794547e+01 -1.719637e+00 
 2.794579e+01 -1.733940e+00 
 2.794612e+01 -1.746959e+00 
 2.794644e+01 -1.759865e+00 
 2.794676e+01 -1.768168e+00 
 2.794709e+01 -1.773602e+00 
 2.794741e+01 -1.777053e+00 
 2.794773e+01 -1.780392e+00 
 2.794806e+01 -1.782509e+00 
 2.794838e+01 -1.783467e+00 
 2.794870e+01 -1.783883e+00 
 2.794902e+01 -1.783910e+00 
 2.794935e+01 -1.783050e+00 
 2.794967e+01 -1.781198e+00 
 2.794999e+01 -1.778174e+00 
 2.795032e+01 -1.772492e+00 
 2.795064e+01 -1.765959e+00 
 2.795096e+01 -1.757014e+00 
 2.795129e+01 -1.747033e+00 
 2.795161e+01 -1.735271e+00 
 2.795193e+01 -1.718965e+00 
 2.795225e+01 -1.700968e+00 
 2.795258e+01 -1.685304e+00 
 2.795290e+01 -1.671086e+00 
 2.795322e+01 -1.657787e+00 
 2.795355e+01 -1.641229e+00 
 2.795387e+01 -1.624236e+00 
 2.795419e+01 -1.607917e+00 
 2.795452e+01 -1.591038e+00 
 2.795484e+01 -1.575667e+00 
 2.795516e+01 -1.561020e+00 
 2.795548e+01 -1.545240e+00 
 2.795581e+01 -1.530560e+00 
 2.795613e+01 -1.514099e+00 
 2.795645e+01 -1.497041e+00 
 2.795678e+01 -1.477872e+00 
 2.795710e+01 -1.452633e+00 
 2.795742e+01 -1.428251e+00 
 2.795774e+01 -1.406314e+00 
 2.795807e+01 -1.386588e+00 
 2.795839e+01 -1.366812e+00 
 2.795871e+01 -1.346156e+00 
 2.795904e+01 -1.326163e+00 
 2.795936e+01 -1.304261e+00 
 2.795968e+01 -1.286320e+00 
 2.796001e+01 -1.269217e+00 
 2.796033e+01 -1.251848e+00 
 2.796065e+01 -1.234326e+00 
 2.796097e+01 -1.215091e+00 
 2.796130e+01 -1.195611e+00 
 2.796162e+01 -1.175731e+00 
 2.796194e+01 -1.148864e+00 
 2.796227e+01 -1.120245e+00 
 2.796259e+01 -1.093006e+00 
 2.796291e+01 -1.070527e+00 
 2.796324e+01 -1.051541e+00 
 2.796356e+01 -1.034266e+00 
 2.796388e+01 -1.019724e+00 
 2.796420e+01 -1.007464e+00 
 2.796453e+01 -9.965665e-01 
 2.796485e+01 -9.876197e-01 
 2.796517e+01 -9.788718e-01 
 2.796550e+01 -9.685060e-01 
 2.796582e+01 -9.573696e-01 
 2.796614e+01 -9.467837e-01 
 2.796647e+01 -9.336848e-01 
 2.796679e+01 -9.212768e-01 
 2.796711e+01 -9.096147e-01 
 2.796743e+01 -8.991592e-01 
 2.796776e+01 -8.937994e-01 
 2.796808e+01 -8.936936e-01 
 2.796840e+01 -8.972958e-01 
 2.796873e+01 -9.037105e-01 
 2.796905e+01 -9.065499e-01 
 2.796937e+01 -9.130618e-01 
 2.796970e+01 -9.202737e-01 
 2.797002e+01 -9.241257e-01 
 2.797034e+01 -9.271892e-01 
 2.797066e+01 -9.310964e-01 
 2.797099e+01 -9.335594e-01 
 2.797131e+01 -9.378910e-01 
 2.797163e+01 -9.425399e-01 
 2.797196e+01 -9.429587e-01 
 2.797228e+01 -9.412466e-01 
 2.797260e+01 -9.417575e-01 
 2.797293e+01 -9.469023e-01 
 2.797325e+01 -9.554742e-01 
 2.797357e+01 -9.641964e-01 
 2.797389e+01 -9.722156e-01 
 2.797422e+01 -9.760070e-01 
 2.797454e+01 -9.765891e-01 
 2.797486e+01 -9.737988e-01 
 2.797519e+01 -9.676331e-01 
 2.797551e+01 -9.471718e-01 
 2.797583e+01 -9.354478e-01 
 2.797616e+01 -9.138708e-01 
 2.797648e+01 -9.029060e-01 
 2.797680e+01 -8.893228e-01 
 2.797712e+01 -8.711960e-01 
 2.797745e+01 -8.528827e-01 
 2.797777e+01 -8.368658e-01 
 2.797809e+01 -8.209041e-01 
 2.797842e+01 -8.117211e-01 
 2.797874e+01 -7.981279e-01 
 2.797906e+01 -7.884495e-01 
 2.797939e+01 -7.747524e-01 
 2.797971e+01 -7.600603e-01 
 2.798003e+01 -7.447896e-01 
 2.798035e+01 -7.286533e-01 
 2.798068e+01 -7.132946e-01 
 2.798100e+01 -6.976178e-01 
 2.798132e+01 -6.841860e-01 
 2.798165e+01 -6.736318e-01 
 2.798197e+01 -6.582443e-01 
 2.798229e+01 -6.393765e-01 
 2.798262e+01 -6.198812e-01 
 2.798294e+01 -5.958028e-01 
 2.798326e+01 -5.784922e-01 
 2.798358e+01 -5.581710e-01 
 2.798391e+01 -5.362483e-01 
 2.798423e+01 -5.180398e-01 
 2.798455e+01 -4.989584e-01 
 2.798488e+01 -4.801598e-01 
 2.798520e+01 -4.623499e-01 
 2.798552e+01 -4.466211e-01 
 2.798585e+01 -4.318101e-01 
 2.798617e+01 -4.145349e-01 
 2.798649e+01 -3.966819e-01 
 2.798681e+01 -3.854746e-01 
 2.798714e+01 -3.708638e-01 
 2.798746e+01 -3.538728e-01 
 2.798778e+01 -3.085970e-01 
 2.798811e+01 -2.968286e-01 
 2.798843e+01 -2.886471e-01 
 2.798875e+01 -2.862196e-01 
 2.798908e+01 -2.639695e-01 
 2.798940e+01 -2.681123e-01 
 2.798972e+01 -2.736824e-01 
 2.799004e+01 -2.795378e-01 
 2.799037e+01 -2.846900e-01 
 2.799069e+01 -2.928129e-01 
 2.799101e+01 -3.038344e-01 
 2.799134e+01 -3.149398e-01 
 2.799166e+01 -3.273014e-01 
 2.799198e+01 -3.363747e-01 
 2.799230e+01 -3.447357e-01 
 2.799263e+01 -3.472012e-01 
 2.799295e+01 -3.595720e-01 
 2.799327e+01 -3.744688e-01 
 2.799360e+01 -3.858419e-01 
 2.799392e+01 -3.968125e-01 
 2.799424e+01 -4.059540e-01 
 2.799457e+01 -4.150908e-01 
 2.799489e+01 -4.214620e-01 
 2.799521e+01 -4.270432e-01 
 2.799553e+01 -4.309887e-01 
 2.799586e+01 -4.337825e-01 
 2.799618e+01 -4.375899e-01 
 2.799650e+01 -4.399967e-01 
 2.799683e+01 -4.410981e-01 
 2.799715e+01 -4.394389e-01 
 2.799747e+01 -4.363473e-01 
 2.799780e+01 -4.353251e-01 
 2.799812e+01 -4.391704e-01 
 2.799844e+01 -4.447701e-01 
 2.799876e+01 -4.543151e-01 
 2.799909e+01 -4.635216e-01 
 2.799941e+01 -4.701400e-01 
 2.799973e+01 -4.718786e-01 
 2.800006e+01 -4.700894e-01 
 2.800038e+01 -4.647427e-01 
 2.800070e+01 -4.579106e-01 
 2.800103e+01 -4.512445e-01 
 2.800135e+01 -4.458100e-01 
 2.800167e+01 -4.435582e-01 
 2.800199e+01 -4.420300e-01 
 2.800232e+01 -4.381373e-01 
 2.800264e+01 -4.350525e-01 
 2.800296e+01 -4.348603e-01 
 2.800329e+01 -4.360198e-01 
 2.800361e+01 -4.365101e-01 
 2.800393e+01 -4.387139e-01 
 2.800426e+01 -4.455663e-01 
 2.800458e+01 -4.494140e-01 
 2.800490e+01 -4.501072e-01 
 2.800522e+01 -4.443296e-01 
 2.800555e+01 -4.415292e-01 
 2.800587e+01 -4.400288e-01 
 2.800619e+01 -4.406834e-01 
 2.800652e+01 -4.453319e-01 
 2.800684e+01 -4.543128e-01 
 2.800716e+01 -4.661342e-01 
 2.800749e+01 -4.758363e-01 
 2.800781e+01 -4.852419e-01 
 2.800813e+01 -4.951486e-01 
 2.800845e+01 -5.051956e-01 
 2.800878e+01 -5.173318e-01 
 2.800910e+01 -5.272452e-01 
 2.800942e+01 -5.339327e-01 
 2.800975e+01 -5.388668e-01 
 2.801007e+01 -5.372677e-01 
 2.801039e+01 -5.373725e-01 
 2.801071e+01 -5.411968e-01 
 2.801104e+01 -5.424769e-01 
 2.801136e+01 -5.449401e-01 
 2.801168e+01 -5.499838e-01 
 2.801200e+01 -5.602389e-01 
 2.801232e+01 -5.676328e-01 
 2.801264e+01 -5.701917e-01 
 2.801296e+01 -5.718722e-01 
 2.801329e+01 -5.723019e-01 
 2.801361e+01 -5.639477e-01 
 2.801393e+01 -5.536819e-01 
 2.801425e+01 -5.607658e-01 
 2.801457e+01 -5.713073e-01 
 2.801489e+01 -5.527623e-01 
 2.801522e+01 -5.162878e-01 
 2.801554e+01 -5.101578e-01 
 2.801586e+01 -4.957065e-01 
 2.801618e+01 -4.950595e-01 
 2.801650e+01 -4.879700e-01 
 2.801682e+01 -5.000153e-01 
 2.801715e+01 -5.067226e-01 
 2.801747e+01 -4.990457e-01 
 2.801779e+01 -5.107127e-01 
 2.801812e+01 -5.200362e-01 
 2.801844e+01 -5.312924e-01 
 2.801876e+01 -5.441634e-01 
 2.801908e+01 -5.575744e-01 
 2.801941e+01 -5.693995e-01 
 2.801973e+01 -5.726026e-01 
 2.802005e+01 -5.892251e-01 
 2.802038e+01 -6.046957e-01 
 2.802070e+01 -5.757226e-01 
 2.802102e+01 -5.813740e-01 
 2.802135e+01 -5.855394e-01 
 2.802167e+01 -5.904450e-01 
 2.802199e+01 -6.116511e-01 
 2.802231e+01 -6.310355e-01 
 2.802264e+01 -6.513677e-01 
 2.802296e+01 -6.674742e-01 
 2.802328e+01 -6.737908e-01 
 2.802360e+01 -6.918175e-01 
 2.802393e+01 -7.026051e-01 
 2.802425e+01 -7.129403e-01 
 2.802457e+01 -7.275750e-01 
 2.802489e+01 -7.360699e-01 
 2.802521e+01 -7.429089e-01 
 2.802553e+01 -7.449966e-01 
 2.802586e+01 -7.526560e-01 
 2.802618e+01 -7.611698e-01 
 2.802650e+01 -7.629673e-01 
 2.802682e+01 -7.810440e-01 
 2.802714e+01 -7.938275e-01 
 2.802747e+01 -8.099924e-01 
 2.802779e+01 -8.166430e-01 
 2.802811e+01 -8.196788e-01 
 2.802844e+01 -8.204932e-01 
 2.802876e+01 -8.173523e-01 
 2.802908e+01 -8.110296e-01 
 2.802941e+01 -8.082080e-01 
 2.802973e+01 -7.436687e-01 
 2.803005e+01 -7.318820e-01 
 2.803037e+01 -7.217932e-01 
 2.803070e+01 -7.132400e-01 
 2.803102e+01 -7.078358e-01 
 2.803134e+01 -6.982568e-01 
 2.803167e+01 -6.935549e-01 
 2.803199e+01 -6.937722e-01 
 2.803231e+01 -6.933401e-01 
 2.803264e+01 -6.945989e-01 
 2.803296e+01 -6.896867e-01 
 2.803328e+01 -6.792610e-01 
 2.803360e+01 -6.730346e-01 
 2.803393e+01 -6.642625e-01 
 2.803425e+01 -6.632754e-01 
 2.803457e+01 -6.664743e-01 
 2.803490e+01 -6.767403e-01 
 2.803522e+01 -6.844139e-01 
 2.803554e+01 -6.938699e-01 
 2.803586e+01 -6.956779e-01 
 2.803619e+01 -7.006821e-01 
 2.803651e+01 -6.917168e-01 
 2.803683e+01 -6.945087e-01 
 2.803716e+01 -7.048473e-01 
 2.803748e+01 -7.102456e-01 
 2.803780e+01 -7.033097e-01 
 2.803813e+01 -6.916864e-01 
 2.803845e+01 -6.896436e-01 
 2.803877e+01 -6.898374e-01 
 2.803909e+01 -6.886357e-01 
 2.803942e+01 -6.927268e-01 
 2.803974e+01 -6.878122e-01 
 2.804006e+01 -6.802263e-01 
 2.804039e+01 -6.834318e-01 
 2.804071e+01 -6.844697e-01 
 2.804103e+01 -6.863347e-01 
 2.804136e+01 -6.767536e-01 
 2.804168e+01 -6.693012e-01 
 2.804200e+01 -6.627972e-01 
 2.804232e+01 -6.561099e-01 
 2.804265e+01 -6.618999e-01 
 2.804297e+01 -6.662859e-01 
 2.804329e+01 -6.698310e-01 
 2.804362e+01 -6.709557e-01 
 2.804394e+01 -6.664420e-01 
 2.804426e+01 -6.533364e-01 
 2.804459e+01 -6.472687e-01 
 2.804491e+01 -6.496524e-01 
 2.804523e+01 -6.405109e-01 
 2.804555e+01 -6.430483e-01 
 2.804588e+01 -6.384701e-01 
 2.804620e+01 -6.281069e-01 
 2.804652e+01 -6.353289e-01 
 2.804685e+01 -6.490132e-01 
 2.804717e+01 -6.636576e-01 
 2.804749e+01 -6.888778e-01 
 2.804782e+01 -7.337292e-01 
 2.804814e+01 -7.761411e-01 
 2.804846e+01 -7.915780e-01 
 2.804878e+01 -8.046754e-01 
 2.804911e+01 -8.175088e-01 
 2.804943e+01 -8.383637e-01 
 2.804975e+01 -8.527828e-01 
 2.805008e+01 -8.636738e-01 
 2.805040e+01 -8.745207e-01 
 2.805072e+01 -8.809842e-01 
 2.805105e+01 -8.956178e-01 
 2.805137e+01 -9.083819e-01 
 2.805169e+01 -9.324416e-01 
 2.805201e+01 -9.543478e-01 
 2.805234e+01 -9.870015e-01 
 2.805266e+01 -1.014731e+00 
 2.805298e+01 -1.041049e+00 
 2.805331e+01 -1.062334e+00 
 2.805363e+01 -1.076320e+00 
 2.805395e+01 -1.086751e+00 
 2.805428e+01 -1.092240e+00 
 2.805460e+01 -1.040945e+00 
 2.805492e+01 -1.042935e+00 
 2.805524e+01 -1.045026e+00 
 2.805557e+01 -1.047329e+00 
 2.805589e+01 -1.054786e+00 
 2.805621e+01 -1.061374e+00 
 2.805654e+01 -1.065872e+00 
 2.805686e+01 -1.070007e+00 
 2.805718e+01 -1.072636e+00 
 2.805751e+01 -1.088286e+00 
 2.805783e+01 -1.096898e+00 
 2.805815e+01 -1.098810e+00 
 2.805847e+01 -1.101162e+00 
 2.805880e+01 -1.102506e+00 
 2.805912e+01 -1.104953e+00 
 2.805944e+01 -1.104332e+00 
 2.805977e+01 -1.104893e+00 
 2.806009e+01 -1.113260e+00 
 2.806041e+01 -1.118339e+00 
 2.806074e+01 -1.129060e+00 
 2.806106e+01 -1.155462e+00 
 2.806138e+01 -1.175436e+00 
 2.806170e+01 -1.192127e+00 
 2.806203e+01 -1.198496e+00 
 2.806235e+01 -1.207941e+00 
 2.806267e+01 -1.213643e+00 
 2.806300e+01 -1.217681e+00 
 2.806332e+01 -1.221095e+00 
 2.806364e+01 -1.222668e+00 
 2.806397e+01 -1.159299e+00 
 2.806429e+01 -1.154779e+00 
 2.806461e+01 -1.155660e+00 
 2.806493e+01 -1.156235e+00 
 2.806526e+01 -1.160573e+00 
 2.806558e+01 -1.168891e+00 
 2.806590e+01 -1.176919e+00 
 2.806623e+01 -1.178398e+00 
 2.806655e+01 -1.176191e+00 
 2.806687e+01 -1.179618e+00 
 2.806720e+01 -1.180482e+00 
 2.806752e+01 -1.178752e+00 
 2.806784e+01 -1.176088e+00 
 2.806816e+01 -1.172736e+00 
 2.806849e+01 -1.176878e+00 
 2.806881e+01 -1.184137e+00 
 2.806913e+01 -1.184408e+00 
 2.806946e+01 -1.197622e+00 
 2.806978e+01 -1.206398e+00 
 2.807010e+01 -1.215978e+00 
 2.807042e+01 -1.231455e+00 
 2.807075e+01 -1.240244e+00 
 2.807107e+01 -1.249279e+00 
 2.807139e+01 -1.256002e+00 
 2.807172e+01 -1.260726e+00 
 2.807204e+01 -1.266322e+00 
 2.807236e+01 -1.271663e+00 
 2.807269e+01 -1.274127e+00 
 2.807301e+01 -1.287079e+00 
 2.807333e+01 -1.298112e+00 
 2.807365e+01 -1.308692e+00 
 2.807398e+01 -1.317273e+00 
 2.807430e+01 -1.301449e+00 
 2.807462e+01 -1.308177e+00 
 2.807495e+01 -1.314215e+00 
 2.807527e+01 -1.329317e+00 
 2.807559e+01 -1.339338e+00 
 2.807592e+01 -1.352038e+00 
 2.807624e+01 -1.360929e+00 
 2.807656e+01 -1.366247e+00 
 2.807688e+01 -1.374846e+00 
 2.807721e+01 -1.385706e+00 
 2.807753e+01 -1.397898e+00 
 2.807785e+01 -1.358559e+00 
 2.807818e+01 -1.361439e+00 
 2.807850e+01 -1.366891e+00 
 2.807882e+01 -1.367580e+00 
 2.807915e+01 -1.361893e+00 
 2.807947e+01 -1.361330e+00 
 2.807979e+01 -1.362221e+00 
 2.808011e+01 -1.360330e+00 
 2.808044e+01 -1.359841e+00 
 2.808076e+01 -1.353201e+00 
 2.808108e+01 -1.350358e+00 
 2.808141e+01 -1.347743e+00 
 2.808173e+01 -1.343954e+00 
 2.808205e+01 -1.343549e+00 
 2.808238e+01 -1.334403e+00 
 2.808270e+01 -1.321820e+00 
 2.808302e+01 -1.308538e+00 
 2.808334e+01 -1.297469e+00 
 2.808367e+01 -1.289136e+00 
 2.808399e+01 -1.283803e+00 
 2.808431e+01 -1.275158e+00 
 2.808464e+01 -1.268663e+00 
 2.808496e+01 -1.268253e+00 
 2.808528e+01 -1.266793e+00 
 2.808561e+01 -1.262797e+00 
 2.808593e+01 -1.256443e+00 
 2.808625e+01 -1.249595e+00 
 2.808657e+01 -1.238637e+00 
 2.808690e+01 -1.229285e+00 
 2.808722e+01 -1.226957e+00 
 2.808754e+01 -1.223802e+00 
 2.808787e+01 -1.220936e+00 
 2.808819e+01 -1.219158e+00 
 2.808851e+01 -1.221443e+00 
 2.808884e+01 -1.221381e+00 
 2.808916e+01 -1.219190e+00 
 2.808948e+01 -1.216578e+00 
 2.808980e+01 -1.204709e+00 
 2.809013e+01 -1.204744e+00 
 2.809045e+01 -1.205506e+00 
 2.809077e+01 -1.183184e+00 
 2.809110e+01 -1.176231e+00 
 2.809142e+01 -1.180005e+00 
 2.809174e+01 -1.181017e+00 
 2.809207e+01 -1.174701e+00 
 2.809239e+01 -1.171315e+00 
 2.809271e+01 -1.172099e+00 
 2.809303e+01 -1.169614e+00 
 2.809336e+01 -1.172653e+00 
 2.809368e+01 -1.174913e+00 
 2.809400e+01 -1.173392e+00 
 2.809433e+01 -1.175621e+00 
 2.809465e+01 -1.155843e+00 
 2.809497e+01 -1.160675e+00 
 2.809530e+01 -1.166482e+00 
 2.809562e+01 -1.170466e+00 
 2.809594e+01 -1.182327e+00 
 2.809626e+01 -1.188982e+00 
 2.809659e+01 -1.198007e+00 
 2.809691e+01 -1.213832e+00 
 2.809723e+01 -1.180888e+00 
 2.809756e+01 -1.189543e+00 
 2.809788e+01 -1.204446e+00 
 2.809820e+01 -1.177561e+00 
 2.809853e+01 -1.177605e+00 
 2.809885e+01 -1.171794e+00 
 2.809917e+01 -1.168088e+00 
 2.809949e+01 -1.165963e+00 
 2.809982e+01 -1.166287e+00 
 2.810014e+01 -1.172206e+00 
 2.810046e+01 -1.187269e+00 
 2.810079e+01 -1.199242e+00 
 2.810111e+01 -1.208429e+00 
 2.810143e+01 -1.217083e+00 
 2.810176e+01 -1.226488e+00 
 2.810208e+01 -1.234943e+00 
 2.810240e+01 -1.240542e+00 
 2.810272e+01 -1.248155e+00 
 2.810305e+01 -1.250003e+00 
 2.810337e+01 -1.249980e+00 
 2.810369e+01 -1.252422e+00 
 2.810402e+01 -1.256048e+00 
 2.810434e+01 -1.273553e+00 
 2.810466e+01 -1.282870e+00 
 2.810499e+01 -1.291175e+00 
 2.810531e+01 -1.300912e+00 
 2.810563e+01 -1.311950e+00 
 2.810595e+01 -1.327720e+00 
 2.810628e+01 -1.336591e+00 
 2.810660e+01 -1.337839e+00 
 2.810692e+01 -1.338617e+00 
 2.810725e+01 -1.336950e+00 
 2.810757e+01 -1.340947e+00 
 2.810789e+01 -1.352591e+00 
 2.810821e+01 -1.307669e+00 
 2.810854e+01 -1.302203e+00 
 2.810886e+01 -1.288721e+00 
 2.810918e+01 -1.287290e+00 
 2.810951e+01 -1.285176e+00 
 2.810983e+01 -1.281962e+00 
 2.811015e+01 -1.278283e+00 
 2.811048e+01 -1.238733e+00 
 2.811080e+01 -1.236147e+00 
 2.811112e+01 -1.233984e+00 
 2.811144e+01 -1.225433e+00 
 2.811177e+01 -1.217197e+00 
 2.811209e+01 -1.212096e+00 
 2.811241e+01 -1.209225e+00 
 2.811274e+01 -1.205566e+00 
 2.811306e+01 -1.205509e+00 
 2.811338e+01 -1.220568e+00 
 2.811371e+01 -1.204039e+00 
 2.811403e+01 -1.205753e+00 
 2.811435e+01 -1.170175e+00 
 2.811467e+01 -1.141535e+00 
 2.811500e+01 -1.136599e+00 
 2.811532e+01 -1.131992e+00 
 2.811564e+01 -1.119852e+00 
 2.811597e+01 -1.108776e+00 
 2.811629e+01 -1.109186e+00 
 2.811661e+01 -1.100604e+00 
 2.811694e+01 -1.018497e+00 
 2.811726e+01 -1.013389e+00 
 2.811758e+01 -1.002377e+00 
 2.811790e+01 -1.001714e+00 
 2.811823e+01 -9.976393e-01 
 2.811855e+01 -9.891518e-01 
 2.811887e+01 -9.813913e-01 
 2.811920e+01 -9.721220e-01 
 2.811952e+01 -9.659190e-01 
 2.811984e+01 -9.666239e-01 
 2.812017e+01 -9.623000e-01 
 2.812049e+01 -9.668003e-01 
 2.812081e+01 -9.765962e-01 
 2.812113e+01 -9.816699e-01 
 2.812146e+01 -9.839955e-01 
 2.812178e+01 -9.943423e-01 
 2.812210e+01 -9.984226e-01 
 2.812243e+01 -9.847156e-01 
 2.812275e+01 -9.714883e-01 
 2.812307e+01 -9.449091e-01 
 2.812340e+01 -9.107147e-01 
 2.812372e+01 -9.315337e-01 
 2.812404e+01 -9.400840e-01 
 2.812436e+01 -9.373161e-01 
 2.812469e+01 -9.367601e-01 
 2.812501e+01 -9.351539e-01 
 2.812533e+01 -9.336542e-01 
 2.812566e+01 -9.339669e-01 
 2.812598e+01 -9.252009e-01 
 2.812630e+01 -9.354739e-01 
 2.812663e+01 -9.256202e-01 
 2.812695e+01 -9.292080e-01 
 2.812727e+01 -9.282963e-01 
 2.812759e+01 -9.261695e-01 
 2.812792e+01 -9.286478e-01 
 2.812824e+01 -9.297918e-01 
 2.812856e+01 -9.314574e-01 
 2.812889e+01 -9.315284e-01 
 2.812921e+01 -9.312022e-01 
 2.812953e+01 -9.330556e-01 
 2.812986e+01 -9.398853e-01 
 2.813018e+01 -9.464008e-01 
 2.813050e+01 -9.531730e-01 
 2.813082e+01 -9.590554e-01 
 2.813115e+01 -9.586528e-01 
 2.813147e+01 -9.628856e-01 
 2.813179e+01 -9.639444e-01 
 2.813212e+01 -9.639388e-01 
 2.813244e+01 -9.607694e-01 
 2.813276e+01 -9.579810e-01 
 2.813309e+01 -9.531527e-01 
 2.813341e+01 -9.573585e-01 
 2.813373e+01 -9.703440e-01 
 2.813405e+01 -9.785100e-01 
 2.813438e+01 -9.778195e-01 
 2.813470e+01 -9.745127e-01 
 2.813502e+01 -9.755940e-01 
 2.813535e+01 -9.752045e-01 
 2.813567e+01 -9.702789e-01 
 2.813599e+01 -9.687545e-01 
 2.813632e+01 -9.678992e-01 
 2.813664e+01 -9.802470e-01 
 2.813696e+01 -9.919988e-01 
 2.813728e+01 -1.002688e+00 
 2.813761e+01 -1.011712e+00 
 2.813793e+01 -1.022601e+00 
 2.813825e+01 -1.036653e+00 
 2.813858e+01 -1.049891e+00 
 2.813890e+01 -1.061709e+00 
 2.813922e+01 -1.010766e+00 
 2.813955e+01 -9.497354e-01 
 2.813987e+01 -9.477402e-01 
 2.814019e+01 -9.428472e-01 
 2.814051e+01 -9.350623e-01 
 2.814084e+01 -9.244585e-01 
 2.814116e+01 -9.142538e-01 
 2.814148e+01 -9.071757e-01 
 2.814181e+01 -9.028401e-01 
 2.814213e+01 -9.034819e-01 
 2.814245e+01 -9.019618e-01 
 2.814277e+01 -8.775141e-01 
 2.814310e+01 -8.833666e-01 
 2.814342e+01 -8.885120e-01 
 2.814374e+01 -8.937213e-01 
 2.814407e+01 -8.946717e-01 
 2.814439e+01 -8.932517e-01 
 2.814471e+01 -8.919155e-01 
 2.814504e+01 -9.063495e-01 
 2.814536e+01 -9.164892e-01 
 2.814568e+01 -9.238457e-01 
 2.814600e+01 -9.445200e-01 
 2.814633e+01 -9.565717e-01 
 2.814665e+01 -9.804204e-01 
 2.814697e+01 -9.986271e-01 
 2.814730e+01 -1.010549e+00 
 2.814762e+01 -1.011353e+00 
 2.814794e+01 -1.007577e+00 
 2.814827e+01 -1.004686e+00 
 2.814859e+01 -1.012605e+00 
 2.814891e+01 -1.022056e+00 
 2.814923e+01 -1.033019e+00 
 2.814956e+01 -1.049334e+00 
 2.814988e+01 -1.068895e+00 
 2.815020e+01 -1.098564e+00 
 2.815053e+01 -1.129714e+00 
 2.815085e+01 -1.151674e+00 
 2.815117e+01 -1.164998e+00 
 2.815150e+01 -1.171586e+00 
 2.815182e+01 -1.161421e+00 
 2.815214e+01 -1.164781e+00 
 2.815246e+01 -1.166267e+00 
 2.815279e+01 -1.169175e+00 
 2.815311e+01 -1.172012e+00 
 2.815343e+01 -1.169502e+00 
 2.815376e+01 -1.172482e+00 
 2.815408e+01 -1.193156e+00 
 2.815440e+01 -1.215220e+00 
 2.815473e+01 -1.236046e+00 
 2.815505e+01 -1.260017e+00 
 2.815537e+01 -1.274840e+00 
 2.815569e+01 -1.281959e+00 
 2.815602e+01 -1.286205e+00 
 2.815634e+01 -1.292101e+00 
 2.815666e+01 -1.290538e+00 
 2.815699e+01 -1.290613e+00 
 2.815731e+01 -1.292235e+00 
 2.815763e+01 -1.302317e+00 
 2.815796e+01 -1.311796e+00 
 2.815828e+01 -1.322986e+00 
 2.815860e+01 -1.339874e+00 
 2.815892e+01 -1.356613e+00 
 2.815925e+01 -1.363653e+00 
 2.815957e+01 -1.363470e+00 
 2.815989e+01 -1.358795e+00 
 2.816022e+01 -1.349887e+00 
 2.816054e+01 -1.336147e+00 
 2.816086e+01 -1.320009e+00 
 2.816119e+01 -1.306063e+00 
 2.816151e+01 -1.297556e+00 
 2.816183e+01 -1.296723e+00 
 2.816215e+01 -1.304079e+00 
 2.816248e+01 -1.314606e+00 
 2.816280e+01 -1.320482e+00 
 2.816312e+01 -1.329420e+00 
 2.816345e+01 -1.330731e+00 
 2.816377e+01 -1.324553e+00 
 2.816409e+01 -1.314694e+00 
 2.816442e+01 -1.302373e+00 
 2.816474e+01 -1.287334e+00 
 2.816506e+01 -1.270949e+00 
 2.816538e+01 -1.242449e+00 
 2.816571e+01 -1.235244e+00 
 2.816603e+01 -1.225398e+00 
 2.816635e+01 -1.226080e+00 
 2.816668e+01 -1.229580e+00 
 2.816700e+01 -1.233657e+00 
 2.816732e+01 -1.238514e+00 
 2.816765e+01 -1.237196e+00 
 2.816797e+01 -1.236060e+00 
 2.816829e+01 -1.230922e+00 
 2.816861e+01 -1.223808e+00 
 2.816894e+01 -1.215621e+00 
 2.816926e+01 -1.208388e+00 
 2.816958e+01 -1.200563e+00 
 2.816991e+01 -1.193147e+00 
 2.817023e+01 -1.189720e+00 
 2.817055e+01 -1.190285e+00 
 2.817088e+01 -1.194715e+00 
 2.817120e+01 -1.202165e+00 
 2.817152e+01 -1.207685e+00 
 2.817184e+01 -1.211348e+00 
 2.817217e+01 -1.215016e+00 
 2.817249e+01 -1.216076e+00 
 2.817281e+01 -1.215446e+00 
 2.817314e+01 -1.210536e+00 
 2.817346e+01 -1.201880e+00 
 2.817378e+01 -1.194555e+00 
 2.817411e+01 -1.190419e+00 
 2.817443e+01 -1.190248e+00 
 2.817475e+01 -1.198477e+00 
 2.817507e+01 -1.215787e+00 
 2.817540e+01 -1.231585e+00 
 2.817572e+01 -1.244227e+00 
 2.817604e+01 -1.255059e+00 
 2.817637e+01 -1.263139e+00 
 2.817669e+01 -1.266000e+00 
 2.817701e+01 -1.263685e+00 
 2.817733e+01 -1.261345e+00 
 2.817766e+01 -1.259390e+00 
 2.817798e+01 -1.257768e+00 
 2.817830e+01 -1.259537e+00 
 2.817863e+01 -1.266551e+00 
 2.817895e+01 -1.277475e+00 
 2.817927e+01 -1.291528e+00 
 2.817960e+01 -1.307047e+00 
 2.817992e+01 -1.322524e+00 
 2.818024e+01 -1.336518e+00 
 2.818056e+01 -1.349610e+00 
 2.818089e+01 -1.361039e+00 
 2.818121e+01 -1.368597e+00 
 2.818153e+01 -1.372152e+00 
 2.818186e+01 -1.372953e+00 
 2.818218e+01 -1.372562e+00 
 2.818250e+01 -1.373454e+00 
 2.818283e+01 -1.376334e+00 
 2.818315e+01 -1.377294e+00 
 2.818347e+01 -1.382919e+00 
 2.818379e+01 -1.388357e+00 
 2.818412e+01 -1.393792e+00 
 2.818444e+01 -1.398447e+00 
 2.818476e+01 -1.402680e+00 
 2.818509e+01 -1.404008e+00 
 2.818541e+01 -1.400234e+00 
 2.818573e+01 -1.392010e+00 
 2.818606e+01 -1.383527e+00 
 2.818638e+01 -1.375463e+00 
 2.818670e+01 -1.368026e+00 
 2.818702e+01 -1.361852e+00 
 2.818735e+01 -1.359518e+00 
 2.818767e+01 -1.363330e+00 
 2.818799e+01 -1.370060e+00 
 2.818832e+01 -1.378115e+00 
 2.818864e+01 -1.377856e+00 
 2.818896e+01 -1.375167e+00 
 2.818929e+01 -1.368232e+00 
 2.818961e+01 -1.357790e+00 
 2.818993e+01 -1.345178e+00 
 2.819025e+01 -1.332917e+00 
 2.819058e+01 -1.322383e+00 
 2.819090e+01 -1.315428e+00 
 2.819122e+01 -1.314116e+00 
 2.819155e+01 -1.317268e+00 
 2.819187e+01 -1.319526e+00 
 2.819219e+01 -1.316576e+00 
 2.819252e+01 -1.316257e+00 
 2.819284e+01 -1.315222e+00 
 2.819316e+01 -1.314710e+00 
 2.819348e+01 -1.310719e+00 
 2.819381e+01 -1.303103e+00 
 2.819413e+01 -1.294101e+00 
 2.819445e+01 -1.286104e+00 
 2.819478e+01 -1.281497e+00 
 2.819510e+01 -1.279415e+00 
 2.819542e+01 -1.279674e+00 
 2.819575e+01 -1.280093e+00 
 2.819607e+01 -1.279872e+00 
 2.819639e+01 -1.281164e+00 
 2.819671e+01 -1.283453e+00 
 2.819704e+01 -1.281266e+00 
 2.819736e+01 -1.275840e+00 
 2.819768e+01 -1.269264e+00 
 2.819801e+01 -1.264744e+00 
 2.819833e+01 -1.260772e+00 
 2.819865e+01 -1.259344e+00 
 2.819898e+01 -1.259666e+00 
 2.819930e+01 -1.260946e+00 
 2.819962e+01 -1.264110e+00 
 2.819994e+01 -1.269136e+00 
 2.820027e+01 -1.274182e+00 
 2.820059e+01 -1.278248e+00 
 2.820091e+01 -1.281288e+00 
 2.820124e+01 -1.285166e+00 
 2.820156e+01 -1.282969e+00 
 2.820188e+01 -1.274904e+00 
 2.820221e+01 -1.263713e+00 
 2.820253e+01 -1.251949e+00 
 2.820285e+01 -1.243020e+00 
 2.820317e+01 -1.239207e+00 
 2.820350e+01 -1.240518e+00 
 2.820382e+01 -1.243706e+00 
 2.820414e+01 -1.246522e+00 
 2.820447e+01 -1.249628e+00 
 2.820479e+01 -1.251493e+00 
 2.820511e+01 -1.252906e+00 
 2.820544e+01 -1.251251e+00 
 2.820576e+01 -1.247123e+00 
 2.820608e+01 -1.241834e+00 
 2.820640e+01 -1.237505e+00 
 2.820673e+01 -1.234641e+00 
 2.820705e+01 -1.231309e+00 
 2.820737e+01 -1.225909e+00 
 2.820770e+01 -1.214804e+00 
 2.820802e+01 -1.211064e+00 
 2.820834e+01 -1.210190e+00 
 2.820867e+01 -1.207759e+00 
 2.820899e+01 -1.204579e+00 
 2.820931e+01 -1.200131e+00 
 2.820963e+01 -1.191183e+00 
 2.820996e+01 -1.178577e+00 
 2.821028e+01 -1.169960e+00 
 2.821060e+01 -1.163155e+00 
 2.821093e+01 -1.160413e+00 
 2.821125e+01 -1.158040e+00 
 2.821157e+01 -1.142891e+00 
 2.821189e+01 -1.138478e+00 
 2.821222e+01 -1.131357e+00 
 2.821254e+01 -1.119003e+00 
 2.821286e+01 -1.104341e+00 
 2.821319e+01 -1.090386e+00 
 2.821351e+01 -1.078260e+00 
 2.821383e+01 -1.070152e+00 
 2.821416e+01 -1.006940e+00 
 2.821448e+01 -9.939292e-01 
 2.821480e+01 -9.810917e-01 
 2.821512e+01 -9.696113e-01 
 2.821545e+01 -9.501594e-01 
 2.821577e+01 -9.339340e-01 
 2.821609e+01 -9.224616e-01 
 2.821642e+01 -9.139580e-01 
 2.821674e+01 -9.074512e-01 
 2.821706e+01 -9.005938e-01 
 2.821739e+01 -8.478152e-01 
 2.821771e+01 -8.339842e-01 
 2.821803e+01 -8.127639e-01 
 2.821835e+01 -7.947377e-01 
 2.821868e+01 -7.868880e-01 
 2.821900e+01 -7.786292e-01 
 2.821932e+01 -7.703986e-01 
 2.821965e+01 -7.682871e-01 
 2.821997e+01 -7.785276e-01 
 2.822029e+01 -7.882833e-01 
 2.822062e+01 -7.634377e-01 
 2.822094e+01 -7.359290e-01 
 2.822126e+01 -7.360308e-01 
 2.822158e+01 -7.334297e-01 
 2.822191e+01 -7.272300e-01 
 2.822223e+01 -7.187339e-01 
 2.822255e+01 -7.100027e-01 
 2.822288e+01 -7.046748e-01 
 2.822320e+01 -7.048561e-01 
 2.822352e+01 -6.800781e-01 
 2.822385e+01 -7.106354e-01 
 2.822417e+01 -7.357540e-01 
 2.822449e+01 -7.549046e-01 
 2.822481e+01 -7.682153e-01 
 2.822514e+01 -7.776900e-01 
 2.822546e+01 -7.833678e-01 
 2.822578e+01 -7.845278e-01 
 2.822611e+01 -7.822071e-01 
 2.822643e+01 -7.779697e-01 
 2.822675e+01 -7.747626e-01 
 2.822708e+01 -7.756961e-01 
 2.822740e+01 -7.780616e-01 
 2.822772e+01 -7.833618e-01 
 2.822804e+01 -7.922973e-01 
 2.822837e+01 -8.047126e-01 
 2.822869e+01 -8.186663e-01 
 2.822901e+01 -7.915234e-01 
 2.822934e+01 -8.023064e-01 
 2.822966e+01 -8.081190e-01 
 2.822998e+01 -8.074148e-01 
 2.823031e+01 -8.012170e-01 
 2.823063e+01 -7.943883e-01 
 2.823095e+01 -7.882841e-01 
 2.823127e+01 -7.835155e-01 
 2.823160e+01 -7.833381e-01 
 2.823192e+01 -7.914706e-01 
 2.823224e+01 -8.001303e-01 
 2.823257e+01 -8.113639e-01 
 2.823289e+01 -8.239499e-01 
 2.823321e+01 -8.354021e-01 
 2.823354e+01 -8.443569e-01 
 2.823386e+01 -8.493268e-01 
 2.823418e+01 -8.518211e-01 
 2.823450e+01 -8.508636e-01 
 2.823483e+01 -8.478374e-01 
 2.823515e+01 -8.433267e-01 
 2.823547e+01 -8.401221e-01 
 2.823580e+01 -8.405530e-01 
 2.823612e+01 -8.451337e-01 
 2.823644e+01 -8.533325e-01 
 2.823677e+01 -8.571757e-01 
 2.823709e+01 -8.645849e-01 
 2.823741e+01 -8.698398e-01 
 2.823773e+01 -8.716983e-01 
 2.823806e+01 -8.699032e-01 
 2.823838e+01 -8.640591e-01 
 2.823870e+01 -8.561721e-01 
 2.823903e+01 -8.491564e-01 
 2.823935e+01 -8.421567e-01 
 2.823967e+01 -8.366913e-01 
 2.824000e+01 -8.326124e-01 
 2.824032e+01 -8.329081e-01 
 2.824064e+01 -8.372102e-01 
 2.824096e+01 -8.385611e-01 
 2.824129e+01 -8.418708e-01 
 2.824161e+01 -8.430947e-01 
 2.824193e+01 -8.406039e-01 
 2.824226e+01 -8.353724e-01 
 2.824258e+01 -8.286640e-01 
 2.824290e+01 -8.223271e-01 
 2.824323e+01 -8.161235e-01 
 2.824355e+01 -8.066172e-01 
 2.824387e+01 -8.001939e-01 
 2.824419e+01 -7.959153e-01 
 2.824452e+01 -7.921099e-01 
 2.824484e+01 -7.898577e-01 
 2.824516e+01 -7.895452e-01 
 2.824549e+01 -7.866736e-01 
 2.824581e+01 -7.834456e-01 
 2.824613e+01 -7.816098e-01 
 2.824645e+01 -7.798311e-01 
 2.824678e+01 -7.779429e-01 
 2.824710e+01 -7.755993e-01 
 2.824742e+01 -7.722048e-01 
 2.824775e+01 -7.699195e-01 
 2.824807e+01 -7.686272e-01 
 2.824839e+01 -7.685159e-01 
 2.824872e+01 -7.717247e-01 
 2.824904e+01 -7.759264e-01 
 2.824936e+01 -7.828258e-01 
 2.824968e+01 -7.936406e-01 
 2.825001e+01 -8.014497e-01 
 2.825033e+01 -8.030928e-01 
 2.825065e+01 -7.965016e-01 
 2.825098e+01 -7.942113e-01 
 2.825130e+01 -7.972507e-01 
 2.825162e+01 -7.977670e-01 
 2.825195e+01 -8.010497e-01 
 2.825227e+01 -8.054744e-01 
 2.825259e+01 -8.097122e-01 
 2.825291e+01 -8.215409e-01 
 2.825324e+01 -8.297931e-01 
 2.825356e+01 -8.374438e-01 
 2.825388e+01 -8.457693e-01 
 2.825421e+01 -8.465569e-01 
 2.825453e+01 -8.499749e-01 
 2.825485e+01 -8.514824e-01 
 2.825518e+01 -8.497125e-01 
 2.825550e+01 -8.484053e-01 
 2.825582e+01 -8.445182e-01 
 2.825614e+01 -8.500204e-01 
 2.825647e+01 -8.562367e-01 
 2.825679e+01 -8.655106e-01 
 2.825711e+01 -8.776727e-01 
 2.825744e+01 -8.916633e-01 
 2.825776e+01 -9.051944e-01 
 2.825808e+01 -8.633721e-01 
 2.825841e+01 -8.669860e-01 
 2.825873e+01 -8.680614e-01 
 2.825905e+01 -8.676142e-01 
 2.825937e+01 -8.711111e-01 
 2.825970e+01 -8.748100e-01 
 2.826002e+01 -8.794602e-01 
 2.826034e+01 -8.833704e-01 
 2.826067e+01 -8.869421e-01 
 2.826099e+01 -8.937001e-01 
 2.826131e+01 -9.029967e-01 
 2.826164e+01 -8.606908e-01 
 2.826196e+01 -8.659034e-01 
 2.826228e+01 -8.720039e-01 
 2.826260e+01 -8.646933e-01 
 2.826293e+01 -8.585810e-01 
 2.826325e+01 -8.481929e-01 
 2.826357e+01 -8.353402e-01 
 2.826390e+01 -8.227705e-01 
 2.826422e+01 -8.124775e-01 
 2.826454e+01 -8.062736e-01 
 2.826487e+01 -8.052112e-01 
 2.826519e+01 -8.070251e-01 
 2.826551e+01 -8.120778e-01 
 2.826583e+01 -8.150705e-01 
 2.826616e+01 -8.157495e-01 
 2.826648e+01 -8.131782e-01 
 2.826680e+01 -8.074682e-01 
 2.826713e+01 -8.013764e-01 
 2.826745e+01 -7.934525e-01 
 2.826777e+01 -7.866431e-01 
 2.826810e+01 -7.813531e-01 
 2.826842e+01 -7.796674e-01 
 2.826874e+01 -7.840496e-01 
 2.826906e+01 -7.900349e-01 
 2.826939e+01 -7.958186e-01 
 2.826971e+01 -7.991974e-01 
 2.827003e+01 -8.063384e-01 
 2.827036e+01 -8.120289e-01 
 2.827068e+01 -8.147741e-01 
 2.827100e+01 -8.140053e-01 
 2.827133e+01 -8.127931e-01 
 2.827165e+01 -8.111094e-01 
 2.827197e+01 -8.138814e-01 
 2.827229e+01 -8.064492e-01 
 2.827262e+01 -8.274264e-01 
 2.827294e+01 -8.486895e-01 
 2.827326e+01 -8.966942e-01 
 2.827359e+01 -9.121905e-01 
 2.827391e+01 -9.292419e-01 
 2.827423e+01 -9.424503e-01 
 2.827456e+01 -9.212543e-01 
 2.827488e+01 -9.202986e-01 
 2.827520e+01 -9.286724e-01 
 2.827552e+01 -9.396512e-01 
 2.827585e+01 -9.433557e-01 
 2.827617e+01 -9.456205e-01 
 2.827649e+01 -9.558264e-01 
 2.827682e+01 -9.803879e-01 
 2.827714e+01 -9.986795e-01 
 2.827746e+01 -1.020248e+00 
 2.827778e+01 -1.040487e+00 
 2.827811e+01 -1.056725e+00 
 2.827843e+01 -1.069536e+00 
 2.827875e+01 -1.079740e+00 
 2.827908e+01 -1.089187e+00 
 2.827940e+01 -1.088544e+00 
 2.827972e+01 -1.085719e+00 
 2.828005e+01 -1.081779e+00 
 2.828037e+01 -1.088624e+00 
 2.828069e+01 -1.096529e+00 
 2.828101e+01 -1.119600e+00 
 2.828134e+01 -1.139515e+00 
 2.828166e+01 -1.172820e+00 
 2.828198e+01 -1.204822e+00 
 2.828231e+01 -1.226816e+00 
 2.828263e+01 -1.243869e+00 
 2.828295e+01 -1.253783e+00 
 2.828328e+01 -1.254383e+00 
 2.828360e+01 -1.255229e+00 
 2.828392e+01 -1.257904e+00 
 2.828424e+01 -1.264349e+00 
 2.828457e+01 -1.269285e+00 
 2.828489e+01 -1.274920e+00 
 2.828521e+01 -1.292532e+00 
 2.828554e+01 -1.312754e+00 
 2.828586e+01 -1.334114e+00 
 2.828618e+01 -1.346794e+00 
 2.828651e+01 -1.358267e+00 
 2.828683e+01 -1.363659e+00 
 2.828715e+01 -1.364306e+00 
 2.828747e+01 -1.362667e+00 
 2.828780e+01 -1.357605e+00 
 2.828812e+01 -1.350796e+00 
 2.828844e+01 -1.351459e+00 
 2.828877e+01 -1.354817e+00 
 2.828909e+01 -1.362145e+00 
 2.828941e+01 -1.373737e+00 
 2.828974e+01 -1.387083e+00 
 2.829006e+01 -1.401188e+00 
 2.829038e+01 -1.418076e+00 
 2.829070e+01 -1.386995e+00 
 2.829103e+01 -1.389792e+00 
 2.829135e+01 -1.382012e+00 
 2.829167e+01 -1.374614e+00 
 2.829200e+01 -1.362620e+00 
 2.829232e+01 -1.345114e+00 
 2.829264e+01 -1.336531e+00 
 2.829297e+01 -1.327874e+00 
 2.829329e+01 -1.319082e+00 
 2.829361e+01 -1.324565e+00 
 2.829393e+01 -1.330950e+00 
 2.829426e+01 -1.345298e+00 
 2.829458e+01 -1.358379e+00 
 2.829490e+01 -1.367719e+00 
 2.829523e+01 -1.371145e+00 
 2.829555e+01 -1.368209e+00 
 2.829587e+01 -1.359113e+00 
 2.829620e+01 -1.346684e+00 
 2.829652e+01 -1.336058e+00 
 2.829684e+01 -1.329825e+00 
 2.829716e+01 -1.333156e+00 
 2.829749e+01 -1.340582e+00 
 2.829781e+01 -1.355868e+00 
 2.829813e+01 -1.372337e+00 
 2.829846e+01 -1.385634e+00 
 2.829878e+01 -1.397164e+00 
 2.829910e+01 -1.403332e+00 
 2.829943e+01 -1.406978e+00 
 2.829975e+01 -1.407048e+00 
 2.830007e+01 -1.403837e+00 
 2.830039e+01 -1.398263e+00 
 2.830072e+01 -1.398379e+00 
 2.830104e+01 -1.399517e+00 
 2.830136e+01 -1.407091e+00 
 2.830169e+01 -1.428441e+00 
 2.830201e+01 -1.456567e+00 
 2.830233e+01 -1.488222e+00 
 2.830266e+01 -1.515122e+00 
 2.830298e+01 -1.542367e+00 
 2.830330e+01 -1.566753e+00 
 2.830362e+01 -1.580381e+00 
 2.830395e+01 -1.585092e+00 
 2.830427e+01 -1.579616e+00 
 2.830459e+01 -1.585022e+00 
 2.830492e+01 -1.598224e+00 
 2.830524e+01 -1.612207e+00 
 2.830556e+01 -1.626434e+00 
 2.830589e+01 -1.646228e+00 
 2.830621e+01 -1.667952e+00 
 2.830653e+01 -1.691845e+00 
 2.830685e+01 -1.661131e+00 
 2.830718e+01 -1.624607e+00 
 2.830750e+01 -1.623365e+00 
 2.830782e+01 -1.625812e+00 
 2.830815e+01 -1.628297e+00 
 2.830847e+01 -1.626240e+00 
 2.830879e+01 -1.619665e+00 
 2.830912e+01 -1.599403e+00 
 2.830944e+01 -1.579698e+00 
 2.830976e+01 -1.566789e+00 
 2.831008e+01 -1.558767e+00 
 2.831041e+01 -1.555796e+00 
 2.831073e+01 -1.556797e+00 
 2.831105e+01 -1.578534e+00 
 2.831138e+01 -1.578885e+00 
 2.831170e+01 -1.565604e+00 
 2.831202e+01 -1.545569e+00 
 2.831234e+01 -1.528004e+00 
 2.831267e+01 -1.508119e+00 
 2.831299e+01 -1.489158e+00 
 2.831331e+01 -1.478030e+00 
 2.831364e+01 -1.473566e+00 
 2.831396e+01 -1.466282e+00 
 2.831428e+01 -1.467947e+00 
 2.831461e+01 -1.470980e+00 
 2.831493e+01 -1.469838e+00 
 2.831525e+01 -1.466685e+00 
 2.831557e+01 -1.460267e+00 
 2.831590e+01 -1.449980e+00 
 2.831622e+01 -1.440431e+00 
 2.831654e+01 -1.431195e+00 
 2.831687e+01 -1.425635e+00 
 2.831719e+01 -1.420278e+00 
 2.831751e+01 -1.424279e+00 
 2.831784e+01 -1.428580e+00 
 2.831816e+01 -1.435689e+00 
 2.831848e+01 -1.442624e+00 
 2.831880e+01 -1.449507e+00 
 2.831913e+01 -1.456651e+00 
 2.831945e+01 -1.464405e+00 
 2.831977e+01 -1.472547e+00 
 2.832010e+01 -1.424331e+00 
 2.832042e+01 -1.422717e+00 
 2.832074e+01 -1.431104e+00 
 2.832107e+01 -1.435700e+00 
 2.832139e+01 -1.435448e+00 
 2.832171e+01 -1.436307e+00 
 2.832203e+01 -1.444142e+00 
 2.832236e+01 -1.459764e+00 
 2.832268e+01 -1.480695e+00 
 2.832300e+01 -1.503405e+00 
 2.832333e+01 -1.525950e+00 
 2.832365e+01 -1.541860e+00 
 2.832397e+01 -1.530229e+00 
 2.832430e+01 -1.545358e+00 
 2.832462e+01 -1.556132e+00 
 2.832494e+01 -1.566454e+00 
 2.832526e+01 -1.577873e+00 
 2.832559e+01 -1.591984e+00 
 2.832591e+01 -1.611341e+00 
 2.832623e+01 -1.635931e+00 
 2.832656e+01 -1.665710e+00 
 2.832688e+01 -1.697826e+00 
 2.832720e+01 -1.720033e+00 
 2.832753e+01 -1.765062e+00 
 2.832785e+01 -1.802280e+00 
 2.832817e+01 -1.819482e+00 
 2.832849e+01 -1.828961e+00 
 2.832882e+01 -1.827181e+00 
 2.832914e+01 -1.810532e+00 
 2.832946e+01 -1.796284e+00 
 2.832979e+01 -1.787494e+00 
 2.833011e+01 -1.785283e+00 
 2.833043e+01 -1.787957e+00 
 2.833076e+01 -1.791809e+00 
 2.833108e+01 -1.793421e+00 
 2.833140e+01 -1.791888e+00 
 2.833172e+01 -1.787849e+00 
 2.833205e+01 -1.779332e+00 
 2.833237e+01 -1.769445e+00 
 2.833269e+01 -1.758434e+00 
 2.833302e+01 -1.745109e+00 
 2.833334e+01 -1.733596e+00 
 2.833366e+01 -1.709169e+00 
 2.833399e+01 -1.698687e+00 
 2.833431e+01 -1.681717e+00 
 2.833463e+01 -1.676198e+00 
 2.833495e+01 -1.624862e+00 
 2.833528e+01 -1.622340e+00 
 2.833560e+01 -1.619354e+00 
 2.833592e+01 -1.615680e+00 
 2.833625e+01 -1.608881e+00 
 2.833657e+01 -1.598838e+00 
 2.833689e+01 -1.585269e+00 
 2.833722e+01 -1.571894e+00 
 2.833754e+01 -1.554971e+00 
 2.833786e+01 -1.537389e+00 
 2.833818e+01 -1.524168e+00 
 2.833851e+01 -1.516673e+00 
 2.833883e+01 -1.512358e+00 
 2.833915e+01 -1.511342e+00 
 2.833948e+01 -1.511278e+00 
 2.833980e+01 -1.509468e+00 
 2.834012e+01 -1.506371e+00 
 2.834045e+01 -1.496448e+00 
 2.834077e+01 -1.482430e+00 
 2.834109e+01 -1.462391e+00 
 2.834141e+01 -1.437897e+00 
 2.834174e+01 -1.411775e+00 
 2.834206e+01 -1.391762e+00 
 2.834238e+01 -1.383157e+00 
 2.834271e+01 -1.384490e+00 
 2.834303e+01 -1.386113e+00 
 2.834335e+01 -1.387447e+00 
 2.834368e+01 -1.375863e+00 
 2.834400e+01 -1.373273e+00 
 2.834432e+01 -1.366895e+00 
 2.834464e+01 -1.359307e+00 
 2.834497e+01 -1.349949e+00 
 2.834529e+01 -1.340917e+00 
 2.834561e+01 -1.335666e+00 
 2.834594e+01 -1.335260e+00 
 2.834626e+01 -1.339308e+00 
 2.834658e+01 -1.348314e+00 
 2.834690e+01 -1.359217e+00 
 2.834723e+01 -1.371723e+00 
 2.834755e+01 -1.387031e+00 
 2.834787e+01 -1.402582e+00 
 2.834820e+01 -1.415802e+00 
 2.834852e+01 -1.424728e+00 
 2.834884e+01 -1.430175e+00 
 2.834917e+01 -1.432770e+00 
 2.834949e+01 -1.432960e+00 
 2.834981e+01 -1.440889e+00 
 2.835013e+01 -1.453233e+00 
 2.835046e+01 -1.462283e+00 
 2.835078e+01 -1.459675e+00 
 2.835110e+01 -1.473114e+00 
 2.835143e+01 -1.489727e+00 
 2.835175e+01 -1.507694e+00 
 2.835207e+01 -1.524134e+00 
 2.835240e+01 -1.537443e+00 
 2.835272e+01 -1.546884e+00 
 2.835304e+01 -1.552478e+00 
 2.835336e+01 -1.552119e+00 
 2.835369e+01 -1.547047e+00 
 2.835401e+01 -1.526450e+00 
 2.835433e+01 -1.521279e+00 
 2.835466e+01 -1.519506e+00 
 2.835498e+01 -1.515105e+00 
 2.835530e+01 -1.496318e+00 
 2.835563e+01 -1.506039e+00 
 2.835595e+01 -1.509587e+00 
 2.835627e+01 -1.517266e+00 
 2.835659e+01 -1.517895e+00 
 2.835692e+01 -1.512921e+00 
 2.835724e+01 -1.504158e+00 
 2.835756e+01 -1.493975e+00 
 2.835789e+01 -1.485152e+00 
 2.835821e+01 -1.486522e+00 
 2.835853e+01 -1.492559e+00 
 2.835886e+01 -1.494777e+00 
 2.835918e+01 -1.493366e+00 
 2.835950e+01 -1.491579e+00 
 2.835982e+01 -1.495546e+00 
 2.836015e+01 -1.500384e+00 
 2.836047e+01 -1.488227e+00 
 2.836079e+01 -1.476554e+00 
 2.836112e+01 -1.460473e+00 
 2.836144e+01 -1.446971e+00 
 2.836176e+01 -1.435768e+00 
 2.836209e+01 -1.423046e+00 
 2.836241e+01 -1.410064e+00 
 2.836273e+01 -1.399322e+00 
 2.836305e+01 -1.391572e+00 
 2.836338e+01 -1.372688e+00 
 2.836370e+01 -1.365966e+00 
 2.836402e+01 -1.359058e+00 
 2.836435e+01 -1.327745e+00 
 2.836467e+01 -1.319944e+00 
 2.836499e+01 -1.312246e+00 
 2.836532e+01 -1.305870e+00 
 2.836564e+01 -1.298718e+00 
 2.836596e+01 -1.290732e+00 
 2.836628e+01 -1.283077e+00 
 2.836661e+01 -1.274903e+00 
 2.836693e+01 -1.272013e+00 
 2.836725e+01 -1.270772e+00 
 2.836758e+01 -1.275273e+00 
 2.836790e+01 -1.284325e+00 
 2.836822e+01 -1.295583e+00 
 2.836855e+01 -1.307488e+00 
 2.836887e+01 -1.317936e+00 
 2.836919e+01 -1.326716e+00 
 2.836951e+01 -1.332481e+00 
 2.836984e+01 -1.336793e+00 
 2.837016e+01 -1.345107e+00 
 2.837048e+01 -1.356818e+00 
 2.837081e+01 -1.375060e+00 
 2.837113e+01 -1.400818e+00 
 2.837145e+01 -1.441780e+00 
 2.837178e+01 -1.484134e+00 
 2.837210e+01 -1.518166e+00 
 2.837242e+01 -1.542697e+00 
 2.837274e+01 -1.561898e+00 
 2.837307e+01 -1.575571e+00 
 2.837339e+01 -1.585347e+00 
 2.837371e+01 -1.593515e+00 
 2.837404e+01 -1.599921e+00 
 2.837436e+01 -1.606209e+00 
 2.837468e+01 -1.608272e+00 
 2.837501e+01 -1.619177e+00 
 2.837533e+01 -1.632099e+00 
 2.837565e+01 -1.646504e+00 
 2.837597e+01 -1.660454e+00 
 2.837630e+01 -1.672650e+00 
 2.837662e+01 -1.683058e+00 
 2.837694e+01 -1.690350e+00 
 2.837727e+01 -1.694802e+00 
 2.837759e+01 -1.696319e+00 
 2.837791e+01 -1.697048e+00 
 2.837824e+01 -1.696653e+00 
 2.837856e+01 -1.694715e+00 
 2.837888e+01 -1.692698e+00 
 2.837920e+01 -1.687234e+00 
 2.837953e+01 -1.689328e+00 
 2.837985e+01 -1.694883e+00 
 2.838017e+01 -1.703482e+00 
 2.838050e+01 -1.713562e+00 
 2.838082e+01 -1.723494e+00 
 2.838114e+01 -1.731989e+00 
 2.838147e+01 -1.737541e+00 
 2.838179e+01 -1.739290e+00 
 2.838211e+01 -1.736504e+00 
 2.838243e+01 -1.729938e+00 
 2.838276e+01 -1.723313e+00 
 2.838308e+01 -1.718259e+00 
 2.838340e+01 -1.716609e+00 
 2.838373e+01 -1.718807e+00 
 2.838405e+01 -1.723415e+00 
 2.838437e+01 -1.727665e+00 
 2.838469e+01 -1.730734e+00 
 2.838502e+01 -1.731230e+00 
 2.838534e+01 -1.727336e+00 
 2.838566e+01 -1.719071e+00 
 2.838599e+01 -1.707439e+00 
 2.838631e+01 -1.693449e+00 
 2.838663e+01 -1.678302e+00 
 2.838696e+01 -1.662010e+00 
 2.838728e+01 -1.648775e+00 
 2.838760e+01 -1.639740e+00 
 2.838792e+01 -1.634354e+00 
 2.838825e+01 -1.631935e+00 
 2.838857e+01 -1.630654e+00 
 2.838889e+01 -1.627943e+00 
 2.838922e+01 -1.618378e+00 
 2.838954e+01 -1.609093e+00 
 2.838986e+01 -1.595774e+00 
 2.839019e+01 -1.580359e+00 
 2.839051e+01 -1.565413e+00 
 2.839083e+01 -1.552420e+00 
 2.839115e+01 -1.541130e+00 
 2.839148e+01 -1.532282e+00 
 2.839180e+01 -1.524545e+00 
 2.839212e+01 -1.517067e+00 
 2.839245e+01 -1.508425e+00 
 2.839277e+01 -1.503874e+00 
 2.839309e+01 -1.500340e+00 
 2.839342e+01 -1.496154e+00 
 2.839374e+01 -1.491927e+00 
 2.839406e+01 -1.488157e+00 
 2.839438e+01 -1.479889e+00 
 2.839471e+01 -1.473889e+00 
 2.839503e+01 -1.468749e+00 
 2.839535e+01 -1.464546e+00 
 2.839568e+01 -1.463699e+00 
 2.839600e+01 -1.465269e+00 
 2.839632e+01 -1.470209e+00 
 2.839665e+01 -1.475842e+00 
 2.839697e+01 -1.483402e+00 
 2.839729e+01 -1.488728e+00 
 2.839761e+01 -1.493124e+00 
 2.839794e+01 -1.496578e+00 
 2.839826e+01 -1.498203e+00 
 2.839858e+01 -1.498203e+00 
 2.839891e+01 -1.498598e+00 
 2.839923e+01 -1.501413e+00 
 2.839955e+01 -1.507879e+00 
 2.839988e+01 -1.519504e+00 
 2.840020e+01 -1.535875e+00 
 2.840052e+01 -1.554419e+00 
 2.840084e+01 -1.572808e+00 
 2.840117e+01 -1.590783e+00 
 2.840149e+01 -1.604868e+00 
 2.840181e+01 -1.613590e+00 
 2.840214e+01 -1.617485e+00 
 2.840246e+01 -1.616752e+00 
 2.840278e+01 -1.616652e+00 
 2.840311e+01 -1.618223e+00 
 2.840343e+01 -1.622253e+00 
 2.840375e+01 -1.629190e+00 
 2.840407e+01 -1.639583e+00 
 2.840440e+01 -1.651048e+00 
 2.840472e+01 -1.661375e+00 
 2.840504e+01 -1.668433e+00 
 2.840537e+01 -1.673037e+00 
 2.840569e+01 -1.675713e+00 
 2.840601e+01 -1.675693e+00 
 2.840634e+01 -1.675072e+00 
 2.840666e+01 -1.673056e+00 
 2.840698e+01 -1.668118e+00 
 2.840730e+01 -1.660534e+00 
 2.840763e+01 -1.653911e+00 
 2.840795e+01 -1.649536e+00 
 2.840827e+01 -1.646939e+00 
 2.840860e+01 -1.645623e+00 
 2.840892e+01 -1.644677e+00 
 2.840924e+01 -1.642060e+00 
 2.840957e+01 -1.636314e+00 
 2.840989e+01 -1.626437e+00 
 2.841021e+01 -1.610763e+00 
 2.841053e+01 -1.588513e+00 
 2.841086e+01 -1.561154e+00 
 2.841118e+01 -1.532294e+00 
 2.841150e+01 -1.502147e+00 
 2.841183e+01 -1.471176e+00 
 2.841215e+01 -1.440783e+00 
 2.841247e+01 -1.412184e+00 
 2.841280e+01 -1.385535e+00 
 2.841312e+01 -1.361583e+00 
 2.841344e+01 -1.338231e+00 
 2.841376e+01 -1.313224e+00 
 2.841409e+01 -1.285324e+00 
 2.841441e+01 -1.255474e+00 
 2.841473e+01 -1.223019e+00 
 2.841506e+01 -1.188265e+00 
 2.841538e+01 -1.152725e+00 
 2.841570e+01 -1.119701e+00 
 2.841602e+01 -1.089595e+00 
 2.841635e+01 -1.063098e+00 
 2.841667e+01 -1.040321e+00 
 2.841699e+01 -1.018122e+00 
 2.841732e+01 -9.965303e-01 
 2.841764e+01 -9.788298e-01 
 2.841796e+01 -9.589619e-01 
 2.841829e+01 -9.384667e-01 
 2.841861e+01 -9.218073e-01 
 2.841893e+01 -9.017831e-01 
 2.841925e+01 -8.836021e-01 
 2.841958e+01 -8.661257e-01 
 2.841990e+01 -8.500069e-01 
 2.842022e+01 -8.206621e-01 
 2.842055e+01 -8.091877e-01 
 2.842087e+01 -7.978389e-01 
 2.842119e+01 -7.890909e-01 
 2.842152e+01 -7.821720e-01 
 2.842184e+01 -7.739797e-01 
 2.842216e+01 -7.637400e-01 
 2.842248e+01 -7.524267e-01 
 2.842281e+01 -7.421925e-01 
 2.842313e+01 -7.320003e-01 
 2.842345e+01 -7.211747e-01 
 2.842378e+01 -7.103839e-01 
 2.842410e+01 -6.997284e-01 
 2.842442e+01 -6.900442e-01 
 2.842475e+01 -6.825591e-01 
 2.842507e+01 -6.730739e-01 
 2.842539e+01 -6.614975e-01 
 2.842571e+01 -6.492923e-01 
 2.842604e+01 -6.375097e-01 
 2.842636e+01 -6.252004e-01 
 2.842668e+01 -6.103236e-01 
 2.842701e+01 -5.927217e-01 
 2.842733e+01 -5.690063e-01 
 2.842765e+01 -5.430519e-01 
 2.842798e+01 -5.160045e-01 
 2.842830e+01 -4.907388e-01 
 2.842862e+01 -4.679250e-01 
 2.842894e+01 -4.477288e-01 
 2.842927e+01 -4.279831e-01 
 2.842959e+01 -4.082218e-01 
 2.842991e+01 -3.872891e-01 
 2.843024e+01 -3.642765e-01 
 2.843056e+01 -3.389538e-01 
 2.843088e+01 -3.116452e-01 
 2.843121e+01 -2.855033e-01 
 2.843153e+01 -2.578002e-01 
 2.843185e+01 -2.338957e-01 
 2.843217e+01 -2.111215e-01 
 2.843250e+01 -1.903848e-01 
 2.843282e+01 -1.754468e-01 
 2.843314e+01 -1.637203e-01 
 2.843347e+01 -1.540730e-01 
 2.843379e+01 -1.458850e-01 
 2.843411e+01 -1.413242e-01 
 2.843444e+01 -1.318069e-01 
 2.843476e+01 -1.271971e-01 
 2.843508e+01 -1.139806e-01 
 2.843540e+01 -9.918014e-02 
 2.843573e+01 -8.393692e-02 
 2.843605e+01 -8.178812e-02 
 2.843637e+01 -6.732136e-02 
 2.843670e+01 -5.341752e-02 
 2.843702e+01 -4.007636e-02 
 2.843734e+01 -2.633602e-02 
 2.843767e+01 -1.314833e-02 
 2.843799e+01 -4.494756e-04 
 2.843831e+01  1.092768e-02 
 2.843863e+01  2.147834e-02 
 2.843896e+01  3.221143e-02 
 2.843928e+01  4.406751e-02 
 2.843960e+01  5.568176e-02 
 2.843993e+01  6.890023e-02 
 2.844025e+01  8.262862e-02 
 2.844057e+01  9.489149e-02 
 2.844090e+01  1.049712e-01 
 2.844122e+01  1.124026e-01 
 2.844154e+01  1.163688e-01 
 2.844186e+01  1.205382e-01 
 2.844219e+01  1.265101e-01 
 2.844251e+01  1.284226e-01 
 2.844283e+01  1.286682e-01 
 2.844316e+01  1.342891e-01 
 2.844348e+01  1.412392e-01 
 2.844380e+01  1.490738e-01 
 2.844413e+01  1.561387e-01 
 2.844445e+01  1.615826e-01 
 2.844477e+01  1.657593e-01 
 2.844509e+01  1.683060e-01 
 2.844542e+01  1.708461e-01 
 2.844574e+01  1.728388e-01 
 2.844606e+01  1.748972e-01 
 2.844639e+01  1.758093e-01 
 2.844671e+01  1.727620e-01 
 2.844703e+01  1.747869e-01 
 2.844736e+01  1.775263e-01 
 2.844768e+01  1.787939e-01 
 2.844800e+01  1.771146e-01 
 2.844832e+01  1.727397e-01 
 2.844865e+01  1.647264e-01 
 2.844897e+01  1.528938e-01 
 2.844929e+01  1.393122e-01 
 2.844962e+01  1.246729e-01 
 2.844994e+01  1.104293e-01 
 2.845026e+01  9.686145e-02 
 2.845058e+01  8.321607e-02 
 2.845091e+01  7.009332e-02 
 2.845123e+01  5.758571e-02 
 2.845155e+01  4.406578e-02 
 2.845188e+01  3.103231e-02 
 2.845220e+01  1.828544e-02 
 2.845252e+01  5.509830e-03 
 2.845285e+01 -7.654216e-03 
 2.845317e+01 -2.192484e-02 
 2.845349e+01 -3.563515e-02 
 2.845381e+01 -4.917642e-02 
 2.845414e+01 -6.235490e-02 
 2.845446e+01 -7.392327e-02 
 2.845478e+01 -8.416651e-02 
 2.845511e+01 -9.208986e-02 
 2.845543e+01 -9.843815e-02 
 2.845575e+01 -1.031332e-01 
 2.845608e+01 -1.069480e-01 
 2.845640e+01 -1.115723e-01 
 2.845672e+01 -1.170930e-01 
 2.845704e+01 -1.222837e-01 
 2.845737e+01 -1.280699e-01 
 2.845769e+01 -1.341030e-01 
 2.845801e+01 -1.414257e-01 
 2.845834e+01 -1.494791e-01 
 2.845866e+01 -1.585786e-01 
 2.845898e+01 -1.676194e-01 
 2.845931e+01 -1.787258e-01 
 2.845963e+01 -1.843266e-01 
 2.845995e+01 -1.881971e-01 
 2.846027e+01 -1.912797e-01 
 2.846060e+01 -1.959420e-01 
 2.846092e+01 -2.024681e-01 
 2.846124e+01 -2.099252e-01 
 2.846157e+01 -2.217781e-01 
 2.846189e+01 -2.360275e-01 
 2.846221e+01 -2.481026e-01 
 2.846254e+01 -2.591611e-01 
 2.846286e+01 -2.682664e-01 
 2.846318e+01 -2.761155e-01 
 2.846350e+01 -2.821845e-01 
 2.846383e+01 -2.892218e-01 
 2.846415e+01 -2.966822e-01 
 2.846447e+01 -3.042383e-01 
 2.846480e+01 -3.108799e-01 
 2.846512e+01 -3.185133e-01 
 2.846544e+01 -3.262679e-01 
 2.846577e+01 -3.338432e-01 
 2.846609e+01 -3.410488e-01 
 2.846641e+01 -3.492984e-01 
 2.846673e+01 -3.578674e-01 
 2.846706e+01 -3.667759e-01 
 2.846738e+01 -3.753104e-01 
 2.846770e+01 -3.830424e-01 
 2.846803e+01 -3.904685e-01 
 2.846835e+01 -3.976171e-01 
 2.846867e+01 -4.047659e-01 
 2.846900e+01 -4.125907e-01 
 2.846932e+01 -4.212121e-01 
 2.846964e+01 -4.296807e-01 
 2.846996e+01 -4.375033e-01 
 2.847029e+01 -4.443551e-01 
 2.847061e+01 -4.510599e-01 
 2.847093e+01 -4.569239e-01 
 2.847126e+01 -4.615543e-01 
 2.847158e+01 -4.640325e-01 
 2.847190e+01 -4.640468e-01 
 2.847223e+01 -4.617686e-01 
 2.847255e+01 -4.581624e-01 
 2.847287e+01 -4.537867e-01 
 2.847319e+01 -4.496641e-01 
 2.847352e+01 -4.467765e-01 
 2.847384e+01 -4.458662e-01 
 2.847416e+01 -4.459605e-01 
 2.847449e+01 -4.466645e-01 
 2.847481e+01 -4.465281e-01 
 2.847513e+01 -4.451598e-01 
 2.847546e+01 -4.425791e-01 
 2.847578e+01 -4.390361e-01 
 2.847610e+01 -4.350901e-01 
 2.847642e+01 -4.302220e-01 
 2.847675e+01 -4.261377e-01 
 2.847707e+01 -4.234270e-01 
 2.847739e+01 -4.220625e-01 
 2.847772e+01 -4.215009e-01 
 2.847804e+01 -4.216728e-01 
 2.847836e+01 -4.221198e-01 
 2.847869e+01 -4.222226e-01 
 2.847901e+01 -4.228161e-01 
 2.847933e+01 -4.235407e-01 
 2.847965e+01 -4.234232e-01 
 2.847998e+01 -4.210989e-01 
 2.848030e+01 -4.186189e-01 
 2.848062e+01 -4.171060e-01 
 2.848095e+01 -4.157106e-01 
 2.848127e+01 -4.146003e-01 
 2.848159e+01 -4.177596e-01 
 2.848192e+01 -4.219680e-01 
 2.848224e+01 -4.283291e-01 
 2.848256e+01 -4.362449e-01 
 2.848288e+01 -4.411969e-01 
 2.848321e+01 -4.475414e-01 
 2.848353e+01 -4.555093e-01 
 2.848385e+01 -4.645285e-01 
 2.848418e+01 -4.739319e-01 
 2.848450e+01 -4.840271e-01 
 2.848482e+01 -4.941736e-01 
 2.848514e+01 -5.039503e-01 
 2.848547e+01 -5.147028e-01 
 2.848579e+01 -5.270367e-01 
 2.848611e+01 -5.398690e-01 
 2.848644e+01 -5.530534e-01 
 2.848676e+01 -5.667131e-01 
 2.848708e+01 -5.804975e-01 
 2.848741e+01 -5.925314e-01 
 2.848773e+01 -6.018798e-01 
 2.848805e+01 -6.085338e-01 
 2.848837e+01 -6.115176e-01 
 2.848870e+01 -6.116779e-01 
 2.848902e+01 -6.102057e-01 
 2.848934e+01 -6.075592e-01 
 2.848967e+01 -6.038786e-01 
 2.848999e+01 -5.996654e-01 
 2.849031e+01 -5.943997e-01 
 2.849064e+01 -5.873665e-01 
 2.849096e+01 -5.783726e-01 
 2.849128e+01 -5.675596e-01 
 2.849160e+01 -5.544539e-01 
 2.849193e+01 -5.398545e-01 
 2.849225e+01 -5.240654e-01 
 2.849257e+01 -5.070448e-01 
 2.849290e+01 -4.897073e-01 
 2.849322e+01 -4.723766e-01 
 2.849354e+01 -4.566454e-01 
 2.849387e+01 -4.425955e-01 
 2.849419e+01 -4.301952e-01 
 2.849451e+01 -4.190552e-01 
 2.849483e+01 -4.084077e-01 
 2.849516e+01 -3.981421e-01 
 2.849548e+01 -3.882943e-01 
 2.849580e+01 -3.785356e-01 
 2.849613e+01 -3.691022e-01 
 2.849645e+01 -3.608450e-01 
 2.849677e+01 -3.537686e-01 
 2.849710e+01 -3.489438e-01 
 2.849742e+01 -3.451964e-01 
 2.849774e+01 -3.419115e-01 
 2.849806e+01 -3.390328e-01 
 2.849839e+01 -3.371853e-01 
 2.849871e+01 -3.363048e-01 
 2.849903e+01 -3.368639e-01 
 2.849936e+01 -3.387983e-01 
 2.849968e+01 -3.413944e-01 
 2.850000e+01 -3.441971e-01 
 2.850033e+01 -3.466952e-01 
 2.850065e+01 -3.486092e-01 
 2.850097e+01 -3.503693e-01 
 2.850129e+01 -3.520276e-01 
 2.850162e+01 -3.533033e-01 
 2.850194e+01 -3.560347e-01 
 2.850226e+01 -3.599234e-01 
 2.850259e+01 -3.640934e-01 
 2.850291e+01 -3.673458e-01 
 2.850323e+01 -3.701279e-01 
 2.850356e+01 -3.713949e-01 
 2.850388e+01 -3.713326e-01 
 2.850420e+01 -3.701623e-01 
 2.850452e+01 -3.677266e-01 
 2.850485e+01 -3.634044e-01 
 2.850517e+01 -3.585585e-01 
 2.850549e+01 -3.533143e-01 
 2.850582e+01 -3.470977e-01 
 2.850614e+01 -3.410399e-01 
 2.850646e+01 -3.349775e-01 
 2.850679e+01 -3.286827e-01 
 2.850711e+01 -3.228912e-01 
 2.850743e+01 -3.134018e-01 
 2.850775e+01 -3.052228e-01 
 2.850808e+01 -2.950461e-01 
 2.850840e+01 -2.838583e-01 
 2.850872e+01 -2.719163e-01 
 2.850905e+01 -2.588692e-01 
 2.850937e+01 -2.462586e-01 
 2.850969e+01 -2.351358e-01 
 2.851002e+01 -2.260929e-01 
 2.851034e+01 -2.187533e-01 
 2.851066e+01 -2.131104e-01 
 2.851098e+01 -2.086609e-01 
 2.851131e+01 -2.051282e-01 
 2.851163e+01 -2.029860e-01 
 2.851195e+01 -2.038217e-01 
 2.851228e+01 -2.060484e-01 
 2.851260e+01 -2.087938e-01 
 2.851292e+01 -2.129662e-01 
 2.851325e+01 -2.172123e-01 
 2.851357e+01 -2.213144e-01 
 2.851389e+01 -2.269785e-01 
 2.851421e+01 -2.335140e-01 
 2.851454e+01 -2.415420e-01 
 2.851486e+01 -2.505276e-01 
 2.851518e+01 -2.479642e-01 
 2.851551e+01 -2.585404e-01 
 2.851583e+01 -2.696827e-01 
 2.851615e+01 -2.807739e-01 
 2.851648e+01 -2.873743e-01 
 2.851680e+01 -2.966054e-01 
 2.851712e+01 -3.066598e-01 
 2.851744e+01 -3.153481e-01 
 2.851777e+01 -3.234028e-01 
 2.851809e+01 -3.306171e-01 
 2.851841e+01 -3.380577e-01 
 2.851874e+01 -3.457624e-01 
 2.851906e+01 -3.539844e-01 
 2.851938e+01 -3.621809e-01 
 2.851970e+01 -3.694999e-01 
 2.852003e+01 -3.757170e-01 
 2.852035e+01 -3.803274e-01 
 2.852067e+01 -3.825958e-01 
 2.852100e+01 -3.835584e-01 
 2.852132e+01 -3.832438e-01 
 2.852164e+01 -3.820995e-01 
 2.852197e+01 -3.834017e-01 
 2.852229e+01 -3.860767e-01 
 2.852261e+01 -3.889910e-01 
 2.852293e+01 -3.914485e-01 
 2.852326e+01 -3.935565e-01 
 2.852358e+01 -3.950116e-01 
 2.852390e+01 -3.959966e-01 
 2.852423e+01 -3.967391e-01 
 2.852455e+01 -3.900548e-01 
 2.852487e+01 -3.791998e-01 
 2.852520e+01 -3.808539e-01 
 2.852552e+01 -3.831166e-01 
 2.852584e+01 -3.869609e-01 
 2.852616e+01 -3.915806e-01 
 2.852649e+01 -3.974261e-01 
 2.852681e+01 -4.061449e-01 
 2.852713e+01 -4.191561e-01 
 2.852746e+01 -4.333824e-01 
 2.852778e+01 -4.475235e-01 
 2.852810e+01 -4.613275e-01 
 2.852843e+01 -4.741597e-01 
 2.852875e+01 -4.850071e-01 
 2.852907e+01 -4.956306e-01 
 2.852939e+01 -5.078929e-01 
 2.852972e+01 -5.203894e-01 
 2.853004e+01 -5.329992e-01 
 2.853036e+01 -5.468904e-01 
 2.853069e+01 -5.604769e-01 
 2.853101e+01 -5.763225e-01 
 2.853133e+01 -5.920435e-01 
 2.853166e+01 -6.078035e-01 
 2.853198e+01 -6.251564e-01 
 2.853230e+01 -6.424220e-01 
 2.853262e+01 -6.583244e-01 
 2.853295e+01 -6.719030e-01 
 2.853327e+01 -6.828819e-01 
 2.853359e+01 -6.917401e-01 
 2.853392e+01 -6.987112e-01 
 2.853424e+01 -7.061694e-01 
 2.853456e+01 -7.154739e-01 
 2.853489e+01 -7.260779e-01 
 2.853521e+01 -7.386104e-01 
 2.853553e+01 -7.522744e-01 
 2.853585e+01 -7.663204e-01 
 2.853618e+01 -7.796499e-01 
 2.853650e+01 -7.906320e-01 
 2.853682e+01 -8.010600e-01 
 2.853715e+01 -8.120261e-01 
 2.853747e+01 -8.240479e-01 
 2.853779e+01 -8.346144e-01 
 2.853812e+01 -8.434063e-01 
 2.853844e+01 -8.518270e-01 
 2.853876e+01 -8.604444e-01 
 2.853908e+01 -8.694543e-01 
 2.853941e+01 -8.799087e-01 
 2.853973e+01 -8.898521e-01 
 2.854005e+01 -8.998364e-01 
 2.854038e+01 -9.097623e-01 
 2.854070e+01 -9.187197e-01 
 2.854102e+01 -9.273393e-01 
 2.854135e+01 -9.343424e-01 
 2.854167e+01 -9.406054e-01 
 2.854199e+01 -9.493093e-01 
 2.854231e+01 -9.590433e-01 
 2.854264e+01 -9.699875e-01 
 2.854296e+01 -9.790869e-01 
 2.854328e+01 -9.876383e-01 
 2.854361e+01 -9.958234e-01 
 2.854393e+01 -9.979350e-01 
 2.854425e+01 -1.006128e+00 
 2.854458e+01 -1.013261e+00 
 2.854490e+01 -1.022266e+00 
 2.854522e+01 -1.030578e+00 
 2.854554e+01 -1.038641e+00 
 2.854587e+01 -1.046228e+00 
 2.854619e+01 -1.053675e+00 
 2.854651e+01 -1.059502e+00 
 2.854684e+01 -1.066201e+00 
 2.854716e+01 -1.074529e+00 
 2.854748e+01 -1.084899e+00 
 2.854781e+01 -1.095256e+00 
 2.854813e+01 -1.103901e+00 
 2.854845e+01 -1.110676e+00 
 2.854877e+01 -1.115326e+00 
 2.854910e+01 -1.118283e+00 
 2.854942e+01 -1.118983e+00 
 2.854974e+01 -1.118634e+00 
 2.855007e+01 -1.116575e+00 
 2.855039e+01 -1.114848e+00 
 2.855071e+01 -1.112112e+00 
 2.855104e+01 -1.109804e+00 
 2.855136e+01 -1.105890e+00 
 2.855168e+01 -1.100466e+00 
 2.855200e+01 -1.092944e+00 
 2.855233e+01 -1.085744e+00 
 2.855265e+01 -1.077213e+00 
 2.855297e+01 -1.066992e+00 
 2.855330e+01 -1.054735e+00 
 2.855362e+01 -1.040977e+00 
 2.855394e+01 -1.026193e+00 
 2.855426e+01 -1.010824e+00 
 2.855459e+01 -9.967776e-01 
 2.855491e+01 -9.836828e-01 
 2.855523e+01 -9.727271e-01 
 2.855556e+01 -9.623623e-01 
 2.855588e+01 -9.530354e-01 
 2.855620e+01 -9.436044e-01 
 2.855653e+01 -9.344711e-01 
 2.855685e+01 -9.247608e-01 
 2.855717e+01 -9.148958e-01 
 2.855749e+01 -9.064856e-01 
 2.855782e+01 -8.994427e-01 
 2.855814e+01 -8.927107e-01 
 2.855846e+01 -8.856889e-01 
 2.855879e+01 -8.781807e-01 
 2.855911e+01 -8.722719e-01 
 2.855943e+01 -8.685174e-01 
 2.855976e+01 -8.673791e-01 
 2.856008e+01 -8.685269e-01 
 2.856040e+01 -8.711257e-01 
 2.856072e+01 -8.724357e-01 
 2.856105e+01 -8.774411e-01 
 2.856137e+01 -8.824786e-01 
 2.856169e+01 -8.873759e-01 
 2.856202e+01 -8.906780e-01 
 2.856234e+01 -8.951390e-01 
 2.856266e+01 -9.013674e-01 
 2.856299e+01 -9.091931e-01 
 2.856331e+01 -9.172642e-01 
 2.856363e+01 -9.242472e-01 
 2.856395e+01 -9.306946e-01 
 2.856428e+01 -9.367390e-01 
 2.856460e+01 -9.425702e-01 
 2.856492e+01 -9.487153e-01 
 2.856525e+01 -9.533304e-01 
 2.856557e+01 -9.561166e-01 
 2.856589e+01 -9.570781e-01 
 2.856622e+01 -9.555541e-01 
 2.856654e+01 -9.522582e-01 
 2.856686e+01 -9.457983e-01 
 2.856718e+01 -9.367186e-01 
 2.856751e+01 -9.281190e-01 
 2.856783e+01 -9.199358e-01 
 2.856815e+01 -9.113767e-01 
 2.856848e+01 -9.011757e-01 
 2.856880e+01 -8.879424e-01 
 2.856912e+01 -8.726926e-01 
 2.856945e+01 -8.554925e-01 
 2.856977e+01 -8.379171e-01 
 2.857009e+01 -8.200238e-01 
 2.857041e+01 -8.014068e-01 
 2.857074e+01 -7.830869e-01 
 2.857106e+01 -7.639746e-01 
 2.857138e+01 -7.448930e-01 
 2.857171e+01 -7.252538e-01 
 2.857203e+01 -7.019743e-01 
 2.857235e+01 -6.781061e-01 
 2.857268e+01 -6.556482e-01 
 2.857300e+01 -6.365088e-01 
 2.857332e+01 -6.191102e-01 
 2.857364e+01 -6.034115e-01 
 2.857397e+01 -5.869229e-01 
 2.857429e+01 -5.705057e-01 
 2.857461e+01 -5.543566e-01 
 2.857494e+01 -5.401293e-01 
 2.857526e+01 -5.270063e-01 
 2.857558e+01 -5.168930e-01 
 2.857591e+01 -5.069656e-01 
 2.857623e+01 -4.972912e-01 
 2.857655e+01 -4.889433e-01 
 2.857687e+01 -4.785925e-01 
 2.857720e+01 -4.662352e-01 
 2.857752e+01 -4.542296e-01 
 2.857784e+01 -4.446069e-01 
 2.857817e+01 -4.373876e-01 
 2.857849e+01 -4.314180e-01 
 2.857881e+01 -4.263811e-01 
 2.857914e+01 -4.262473e-01 
 2.857946e+01 -4.227894e-01 
 2.857978e+01 -4.213055e-01 
 2.858010e+01 -4.216107e-01 
 2.858043e+01 -4.214884e-01 
 2.858075e+01 -4.205477e-01 
 2.858107e+01 -4.188834e-01 
 2.858140e+01 -4.176506e-01 
 2.858172e+01 -4.158298e-01 
 2.858204e+01 -4.097921e-01 
 2.858237e+01 -4.020579e-01 
 2.858269e+01 -3.957468e-01 
 2.858301e+01 -3.924260e-01 
 2.858333e+01 -3.917822e-01 
 2.858366e+01 -3.923644e-01 
 2.858398e+01 -3.926607e-01 
 2.858430e+01 -3.919453e-01 
 2.858463e+01 -3.906966e-01 
 2.858495e+01 -3.893194e-01 
 2.858527e+01 -3.873020e-01 
 2.858560e+01 -3.846377e-01 
 2.858592e+01 -3.801898e-01 
 2.858624e+01 -3.753933e-01 
 2.858656e+01 -3.709258e-01 
 2.858689e+01 -3.642747e-01 
 2.858721e+01 -3.554408e-01 
 2.858753e+01 -3.463338e-01 
 2.858786e+01 -3.401247e-01 
 2.858818e+01 -3.360842e-01 
 2.858850e+01 -3.332659e-01 
 2.858882e+01 -3.325878e-01 
 2.858915e+01 -3.293251e-01 
 2.858947e+01 -3.261293e-01 
 2.858979e+01 -3.210227e-01 
 2.859012e+01 -3.150101e-01 
 2.859044e+01 -3.070128e-01 
 2.859076e+01 -2.986357e-01 
 2.859109e+01 -2.900525e-01 
 2.859141e+01 -2.813407e-01 
 2.859173e+01 -2.735875e-01 
 2.859205e+01 -2.641052e-01 
 2.859238e+01 -2.535195e-01 
 2.859270e+01 -2.430763e-01 
 2.859302e+01 -2.354745e-01 
 2.859335e+01 -2.301704e-01 
 2.859367e+01 -2.275586e-01 
 2.859399e+01 -2.243708e-01 
 2.859432e+01 -2.190220e-01 
 2.859464e+01 -2.130965e-01 
 2.859496e+01 -2.052140e-01 
 2.859528e+01 -1.966313e-01 
 2.859561e+01 -1.879688e-01 
 2.859593e+01 -1.792888e-01 
 2.859625e+01 -1.707638e-01 
 2.859658e+01 -1.631464e-01 
 2.859690e+01 -1.549288e-01 
 2.859722e+01 -1.457541e-01 
 2.859755e+01 -1.348044e-01 
 2.859787e+01 -1.254239e-01 
 2.859819e+01 -1.178916e-01 
 2.859851e+01 -1.109153e-01 
 2.859884e+01 -1.052716e-01 
 2.859916e+01 -9.948504e-02 
 2.859948e+01 -9.210409e-02 
 2.859981e+01 -8.398356e-02 
 2.860013e+01 -7.566749e-02 
 2.860045e+01 -6.751807e-02 
 2.860078e+01 -5.828706e-02 
 2.860110e+01 -4.878576e-02 
 2.860142e+01 -4.063137e-02 
 2.860174e+01 -3.240982e-02 
 2.860207e+01 -2.332891e-02 
 2.860239e+01 -1.338967e-02 
 2.860271e+01 -3.707220e-03 
 2.860304e+01  4.688422e-03 
 2.860336e+01  1.081248e-02 
 2.860368e+01  9.389148e-03 
 2.860401e+01  1.133815e-02 
 2.860433e+01  1.309727e-02 
 2.860465e+01  1.494206e-02 
 2.860497e+01  1.733351e-02 
 2.860530e+01  1.994335e-02 
 2.860562e+01  2.152718e-02 
 2.860594e+01  2.155940e-02 
 2.860627e+01  1.849284e-02 
 2.860659e+01  1.613334e-02 
 2.860691e+01  1.545589e-02 
 2.860724e+01  1.430217e-02 
 2.860756e+01  1.410292e-02 
 2.860788e+01  1.267752e-02 
 2.860820e+01  9.481808e-03 
 2.860853e+01  4.077090e-03 
 2.860885e+01 -2.890254e-03 
 2.860917e+01 -1.072994e-02 
 2.860950e+01 -1.842965e-02 
 2.860982e+01 -2.412622e-02 
 2.861014e+01 -2.725601e-02 
 2.861047e+01 -3.016812e-02 
 2.861079e+01 -3.297163e-02 
 2.861111e+01 -3.596729e-02 
 2.861143e+01 -4.008138e-02 
 2.861176e+01 -4.610574e-02 
 2.861208e+01 -5.240149e-02 
 2.861240e+01 -5.966893e-02 
 2.861273e+01 -6.731703e-02 
 2.861305e+01 -7.551073e-02 
 2.861337e+01 -8.448382e-02 
 2.861370e+01 -9.478986e-02 
 2.861402e+01 -1.051988e-01 
 2.861434e+01 -1.150805e-01 
 2.861466e+01 -1.229104e-01 
 2.861499e+01 -1.279169e-01 
 2.861531e+01 -1.321883e-01 
 2.861563e+01 -1.367941e-01 
 2.861596e+01 -1.412944e-01 
 2.861628e+01 -1.463830e-01 
 2.861660e+01 -1.519069e-01 
 2.861693e+01 -1.575652e-01 
 2.861725e+01 -1.636457e-01 
 2.861757e+01 -1.694001e-01 
 2.861789e+01 -1.742701e-01 
 2.861822e+01 -1.777953e-01 
 2.861854e+01 -1.812968e-01 
 2.861886e+01 -1.847761e-01 
 2.861919e+01 -1.867942e-01 
 2.861951e+01 -1.871399e-01 
 2.861983e+01 -1.856777e-01 
 2.862015e+01 -1.816767e-01 
 2.862048e+01 -1.764962e-01 
 2.862080e+01 -1.717751e-01 
 2.862112e+01 -1.675973e-01 
 2.862145e+01 -1.641550e-01 
 2.862177e+01 -1.617919e-01 
 2.862209e+01 -1.607360e-01 
 2.862242e+01 -1.598958e-01 
 2.862274e+01 -1.597132e-01 
 2.862306e+01 -1.597517e-01 
 2.862338e+01 -1.601420e-01 
 2.862371e+01 -1.613041e-01 
 2.862403e+01 -1.635303e-01 
 2.862435e+01 -1.666177e-01 
 2.862468e+01 -1.698949e-01 
 2.862500e+01 -1.723100e-01 
 2.862532e+01 -1.742394e-01 
 2.862565e+01 -1.770526e-01 
 2.862597e+01 -1.811231e-01 
 2.862629e+01 -1.865832e-01 
 2.862661e+01 -1.927165e-01 
 2.862694e+01 -1.991950e-01 
 2.862726e+01 -2.052844e-01 
 2.862758e+01 -2.102241e-01 
 2.862791e+01 -2.164800e-01 
 2.862823e+01 -2.205217e-01 
 2.862855e+01 -2.220917e-01 
 2.862888e+01 -2.253908e-01 
 2.862920e+01 -2.285994e-01 
 2.862952e+01 -2.310108e-01 
 2.862984e+01 -2.321329e-01 
 2.863017e+01 -2.317088e-01 
 2.863049e+01 -2.299701e-01 
 2.863081e+01 -2.282247e-01 
 2.863114e+01 -2.278051e-01 
 2.863146e+01 -2.278778e-01 
 2.863178e+01 -2.284789e-01 
 2.863211e+01 -2.300276e-01 
 2.863243e+01 -2.310727e-01 
 2.863275e+01 -2.311524e-01 
 2.863307e+01 -2.303903e-01 
 2.863340e+01 -2.292063e-01 
 2.863372e+01 -2.280450e-01 
 2.863404e+01 -2.287014e-01 
 2.863437e+01 -2.300060e-01 
 2.863469e+01 -2.316647e-01 
 2.863501e+01 -2.328422e-01 
 2.863534e+01 -2.345355e-01 
 2.863566e+01 -2.365212e-01 
 2.863598e+01 -2.396894e-01 
 2.863630e+01 -2.443275e-01 
 2.863663e+01 -2.501352e-01 
 2.863695e+01 -2.580355e-01 
 2.863727e+01 -2.670573e-01 
 2.863760e+01 -2.724617e-01 
 2.863792e+01 -2.811269e-01 
 2.863824e+01 -2.895878e-01 
 2.863857e+01 -2.976431e-01 
 2.863889e+01 -3.057455e-01 
 2.863921e+01 -3.144635e-01 
 2.863953e+01 -3.235903e-01 
 2.863986e+01 -3.326287e-01 
 2.864018e+01 -3.412691e-01 
 2.864050e+01 -3.375964e-01 
 2.864083e+01 -3.473477e-01 
 2.864115e+01 -3.581931e-01 
 2.864147e+01 -3.699046e-01 
 2.864180e+01 -3.829873e-01 
 2.864212e+01 -3.977701e-01 
 2.864244e+01 -4.118080e-01 
 2.864276e+01 -4.237953e-01 
 2.864309e+01 -4.316797e-01 
 2.864341e+01 -4.386828e-01 
 2.864373e+01 -4.450487e-01 
 2.864406e+01 -4.501394e-01 
 2.864438e+01 -4.547192e-01 
 2.864470e+01 -4.592476e-01 
 2.864503e+01 -4.632242e-01 
 2.864535e+01 -4.673716e-01 
 2.864567e+01 -4.693724e-01 
 2.864599e+01 -4.709088e-01 
 2.864632e+01 -4.736063e-01 
 2.864664e+01 -4.764710e-01 
 2.864696e+01 -4.815700e-01 
 2.864729e+01 -4.872576e-01 
 2.864761e+01 -4.882808e-01 
 2.864793e+01 -4.898134e-01 
 2.864826e+01 -4.896959e-01 
 2.864858e+01 -4.886144e-01 
 2.864890e+01 -4.872625e-01 
 2.864922e+01 -4.861063e-01 
 2.864955e+01 -4.850583e-01 
 2.864987e+01 -4.838470e-01 
 2.865019e+01 -4.839089e-01 
 2.865052e+01 -4.851752e-01 
 2.865084e+01 -4.867148e-01 
 2.865116e+01 -4.882012e-01 
 2.865149e+01 -4.884497e-01 
 2.865181e+01 -4.888699e-01 
 2.865213e+01 -4.909180e-01 
 2.865245e+01 -4.931016e-01 
 2.865278e+01 -4.929535e-01 
 2.865310e+01 -4.898362e-01 
 2.865342e+01 -4.862419e-01 
 2.865375e+01 -4.836272e-01 
 2.865407e+01 -4.815075e-01 
 2.865439e+01 -4.800012e-01 
 2.865471e+01 -4.793385e-01 
 2.865504e+01 -4.804479e-01 
 2.865536e+01 -4.825297e-01 
 2.865568e+01 -4.846267e-01 
 2.865601e+01 -4.867566e-01 
 2.865633e+01 -4.883893e-01 
 2.865665e+01 -4.896098e-01 
 2.865698e+01 -4.913535e-01 
 2.865730e+01 -4.953212e-01 
 2.865762e+01 -4.998262e-01 
 2.865794e+01 -5.037714e-01 
 2.865827e+01 -5.077917e-01 
 2.865859e+01 -5.117115e-01 
 2.865891e+01 -5.164515e-01 
 2.865924e+01 -5.233147e-01 
 2.865956e+01 -5.321532e-01 
 2.865988e+01 -5.431709e-01 
 2.866021e+01 -5.566426e-01 
 2.866053e+01 -5.714623e-01 
 2.866085e+01 -5.868404e-01 
 2.866117e+01 -6.029464e-01 
 2.866150e+01 -6.190728e-01 
 2.866182e+01 -6.354558e-01 
 2.866214e+01 -6.531293e-01 
 2.866247e+01 -6.721961e-01 
 2.866279e+01 -6.909458e-01 
 2.866311e+01 -7.089286e-01 
 2.866344e+01 -7.260518e-01 
 2.866376e+01 -7.426922e-01 
 2.866408e+01 -7.561825e-01 
 2.866440e+01 -7.737457e-01 
 2.866473e+01 -7.911115e-01 
 2.866505e+01 -8.089546e-01 
 2.866537e+01 -8.273006e-01 
 2.866570e+01 -8.457302e-01 
 2.866602e+01 -8.641538e-01 
 2.866634e+01 -8.820290e-01 
 2.866667e+01 -8.987436e-01 
 2.866699e+01 -9.152185e-01 
 2.866731e+01 -9.320278e-01 
 2.866763e+01 -9.482076e-01 
 2.866796e+01 -9.627585e-01 
 2.866828e+01 -9.752834e-01 
 2.866860e+01 -9.859270e-01 
 2.866893e+01 -9.954850e-01 
 2.866925e+01 -1.004947e+00 
 2.866957e+01 -1.014240e+00 
 2.866990e+01 -1.023704e+00 
 2.867022e+01 -1.033179e+00 
 2.867054e+01 -1.041440e+00 
 2.867086e+01 -1.049128e+00 
 2.867119e+01 -1.055749e+00 
 2.867151e+01 -1.061193e+00 
 2.867183e+01 -1.065045e+00 
 2.867216e+01 -1.066824e+00 
 2.867248e+01 -1.068312e+00 
 2.867280e+01 -1.070379e+00 
 2.867313e+01 -1.071055e+00 
 2.867345e+01 -1.070164e+00 
 2.867377e+01 -1.069313e+00 
 2.867409e+01 -1.068732e+00 
 2.867442e+01 -1.068664e+00 
 2.867474e+01 -1.069195e+00 
 2.867506e+01 -1.071417e+00 
 2.867539e+01 -1.074031e+00 
 2.867571e+01 -1.075954e+00 
 2.867603e+01 -1.004901e+00 
 2.867636e+01 -1.006058e+00 
 2.867668e+01 -1.006320e+00 
 2.867700e+01 -1.001922e+00 
 2.867732e+01 -1.000376e+00 
 2.867765e+01 -9.959763e-01 
 2.867797e+01 -9.940489e-01 
 2.867829e+01 -9.915605e-01 
 2.867862e+01 -9.889418e-01 
 2.867894e+01 -9.863482e-01 
 2.867926e+01 -9.846090e-01 
 2.867959e+01 -9.844981e-01 
 2.867991e+01 -9.853766e-01 
 2.868023e+01 -9.865702e-01 
 2.868055e+01 -9.872780e-01 
 2.868088e+01 -9.873784e-01 
 2.868120e+01 -9.852796e-01 
 2.868152e+01 -9.818048e-01 
 2.868185e+01 -9.769446e-01 
 2.868217e+01 -9.711537e-01 
 2.868249e+01 -9.581564e-01 
 2.868282e+01 -9.472279e-01 
 2.868314e+01 -9.376019e-01 
 2.868346e+01 -9.350771e-01 
 2.868378e+01 -9.300704e-01 
 2.868411e+01 -9.264152e-01 
 2.868443e+01 -9.215164e-01 
 2.868475e+01 -9.176668e-01 
 2.868508e+01 -9.170874e-01 
 2.868540e+01 -9.188762e-01 
 2.868572e+01 -9.216408e-01 
 2.868605e+01 -9.247446e-01 
 2.868637e+01 -9.277694e-01 
 2.868669e+01 -9.287491e-01 
 2.868701e+01 -9.290558e-01 
 2.868734e+01 -9.289614e-01 
 2.868766e+01 -9.281107e-01 
 2.868798e+01 -9.263770e-01 
 2.868831e+01 -9.259830e-01 
 2.868863e+01 -9.272135e-01 
 2.868895e+01 -9.293218e-01 
 2.868928e+01 -9.322376e-01 
 2.868960e+01 -9.375398e-01 
 2.868992e+01 -9.440247e-01 
 2.869024e+01 -9.494138e-01 
 2.869057e+01 -9.524854e-01 
 2.869089e+01 -9.533984e-01 
 2.869121e+01 -9.528061e-01 
 2.869154e+01 -9.518848e-01 
 2.869186e+01 -9.514665e-01 
 2.869218e+01 -9.523038e-01 
 2.869250e+01 -9.536491e-01 
 2.869283e+01 -9.561931e-01 
 2.869315e+01 -9.610068e-01 
 2.869347e+01 -9.670488e-01 
 2.869380e+01 -9.739312e-01 
 2.869412e+01 -9.799454e-01 
 2.869444e+01 -9.849676e-01 
 2.869477e+01 -9.899277e-01 
 2.869509e+01 -9.946496e-01 
 2.869541e+01 -9.969694e-01 
 2.869573e+01 -9.977348e-01 
 2.869606e+01 -9.964185e-01 
 2.869638e+01 -9.944026e-01 
 2.869670e+01 -9.922009e-01 
 2.869703e+01 -9.882752e-01 
 2.869735e+01 -9.841296e-01 
 2.869767e+01 -9.806258e-01 
 2.869800e+01 -9.777725e-01 
 2.869832e+01 -9.759704e-01 
 2.869864e+01 -9.749598e-01 
 2.869896e+01 -9.737550e-01 
 2.869929e+01 -9.717223e-01 
 2.869961e+01 -9.682936e-01 
 2.869993e+01 -9.634526e-01 
 2.870026e+01 -9.574941e-01 
 2.870058e+01 -9.498169e-01 
 2.870090e+01 -9.410939e-01 
 2.870123e+01 -9.323403e-01 
 2.870155e+01 -9.238967e-01 
 2.870187e+01 -9.153363e-01 
 2.870219e+01 -9.065849e-01 
 2.870252e+01 -8.990241e-01 
 2.870284e+01 -8.931939e-01 
 2.870316e+01 -8.831202e-01 
 2.870349e+01 -8.811209e-01 
 2.870381e+01 -8.797139e-01 
 2.870413e+01 -8.777118e-01 
 2.870446e+01 -8.747849e-01 
 2.870478e+01 -8.711153e-01 
 2.870510e+01 -8.651815e-01 
 2.870542e+01 -8.620090e-01 
 2.870575e+01 -8.593594e-01 
 2.870607e+01 -8.563213e-01 
 2.870639e+01 -8.523051e-01 
 2.870672e+01 -8.483991e-01 
 2.870704e+01 -8.437125e-01 
 2.870736e+01 -8.399646e-01 
 2.870769e+01 -8.386114e-01 
 2.870801e+01 -8.397026e-01 
 2.870833e+01 -8.423071e-01 
 2.870865e+01 -8.455295e-01 
 2.870898e+01 -8.497861e-01 
 2.870930e+01 -8.537529e-01 
 2.870962e+01 -8.572728e-01 
 2.870995e+01 -8.609198e-01 
 2.871027e+01 -8.654529e-01 
 2.871059e+01 -8.716082e-01 
 2.871092e+01 -8.786446e-01 
 2.871124e+01 -8.869695e-01 
 2.871156e+01 -8.975393e-01 
 2.871188e+01 -9.083005e-01 
 2.871221e+01 -9.190654e-01 
 2.871253e+01 -9.307515e-01 
 2.871285e+01 -9.423380e-01 
 2.871318e+01 -9.535656e-01 
 2.871350e+01 -9.647911e-01 
 2.871382e+01 -9.759928e-01 
 2.871415e+01 -9.867030e-01 
 2.871447e+01 -9.971224e-01 
 2.871479e+01 -1.008413e+00 
 2.871511e+01 -1.019927e+00 
 2.871544e+01 -1.031744e+00 
 2.871576e+01 -1.044762e+00 
 2.871608e+01 -1.057904e+00 
 2.871641e+01 -1.073146e+00 
 2.871673e+01 -1.087800e+00 
 2.871705e+01 -1.102562e+00 
 2.871738e+01 -1.115628e+00 
 2.871770e+01 -1.127109e+00 
 2.871802e+01 -1.139148e+00 
 2.871834e+01 -1.149537e+00 
 2.871867e+01 -1.159758e+00 
 2.871899e+01 -1.168079e+00 
 2.871931e+01 -1.175329e+00 
 2.871964e+01 -1.181276e+00 
 2.871996e+01 -1.185255e+00 
 2.872028e+01 -1.187244e+00 
 2.872061e+01 -1.188532e+00 
 2.872093e+01 -1.188897e+00 
 2.872125e+01 -1.187305e+00 
 2.872157e+01 -1.191048e+00 
 2.872190e+01 -1.193572e+00 
 2.872222e+01 -1.180121e+00 
 2.872254e+01 -1.154855e+00 
 2.872287e+01 -1.154923e+00 
 2.872319e+01 -1.156348e+00 
 2.872351e+01 -1.157223e+00 
 2.872384e+01 -1.158242e+00 
 2.872416e+01 -1.159670e+00 
 2.872448e+01 -1.163540e+00 
 2.872480e+01 -1.166220e+00 
 2.872513e+01 -1.168509e+00 
 2.872545e+01 -1.169845e+00 
 2.872577e+01 -1.169808e+00 
 2.872610e+01 -1.169097e+00 
 2.872642e+01 -1.168711e+00 
 2.872674e+01 -1.166656e+00 
 2.872707e+01 -1.160955e+00 
 2.872739e+01 -1.153458e+00 
 2.872771e+01 -1.147374e+00 
 2.872803e+01 -1.143876e+00 
 2.872836e+01 -1.141761e+00 
 2.872868e+01 -1.140828e+00 
 2.872900e+01 -1.139877e+00 
 2.872933e+01 -1.137850e+00 
 2.872965e+01 -1.136222e+00 
 2.872997e+01 -1.136266e+00 
 2.873029e+01 -1.134921e+00 
 2.873062e+01 -1.136581e+00 
 2.873094e+01 -1.138952e+00 
 2.873126e+01 -1.141612e+00 
 2.873159e+01 -1.140860e+00 
 2.873191e+01 -1.137811e+00 
 2.873223e+01 -1.133084e+00 
 2.873256e+01 -1.127739e+00 
 2.873288e+01 -1.124221e+00 
 2.873320e+01 -1.122126e+00 
 2.873352e+01 -1.120493e+00 
 2.873385e+01 -1.118790e+00 
 2.873417e+01 -1.116739e+00 
 2.873449e+01 -1.113610e+00 
 2.873482e+01 -1.108887e+00 
 2.873514e+01 -1.102417e+00 
 2.873546e+01 -1.095477e+00 
 2.873579e+01 -1.087374e+00 
 2.873611e+01 -1.081066e+00 
 2.873643e+01 -1.077092e+00 
 2.873675e+01 -1.075904e+00 
 2.873708e+01 -1.076479e+00 
 2.873740e+01 -1.073624e+00 
 2.873772e+01 -1.078978e+00 
 2.873805e+01 -1.077617e+00 
 2.873837e+01 -1.079226e+00 
 2.873869e+01 -1.080660e+00 
 2.873902e+01 -1.081482e+00 
 2.873934e+01 -1.081355e+00 
 2.873966e+01 -1.080789e+00 
 2.873998e+01 -1.079670e+00 
 2.874031e+01 -1.079064e+00 
 2.874063e+01 -1.070930e+00 
 2.874095e+01 -1.077433e+00 
 2.874128e+01 -1.086632e+00 
 2.874160e+01 -1.098466e+00 
 2.874192e+01 -1.111624e+00 
 2.874225e+01 -1.124343e+00 
 2.874257e+01 -1.129425e+00 
 2.874289e+01 -1.140049e+00 
 2.874321e+01 -1.150085e+00 
 2.874354e+01 -1.158896e+00 
 2.874386e+01 -1.167522e+00 
 2.874418e+01 -1.175612e+00 
 2.874451e+01 -1.143945e+00 
 2.874483e+01 -1.153502e+00 
 2.874515e+01 -1.163299e+00 
 2.874548e+01 -1.173622e+00 
 2.874580e+01 -1.183714e+00 
 2.874612e+01 -1.193900e+00 
 2.874644e+01 -1.206183e+00 
 2.874677e+01 -1.219556e+00 
 2.874709e+01 -1.233260e+00 
 2.874741e+01 -1.245836e+00 
 2.874774e+01 -1.256877e+00 
 2.874806e+01 -1.268193e+00 
 2.874838e+01 -1.278062e+00 
 2.874871e+01 -1.287852e+00 
 2.874903e+01 -1.297179e+00 
 2.874935e+01 -1.304509e+00 
 2.874967e+01 -1.310056e+00 
 2.875000e+01 -1.314339e+00 
 2.875032e+01 -1.325484e+00 
 2.875064e+01 -1.337181e+00 
 2.875097e+01 -1.349144e+00 
 2.875129e+01 -1.352904e+00 
 2.875161e+01 -1.356702e+00 
 2.875194e+01 -1.361133e+00 
 2.875226e+01 -1.362721e+00 
 2.875258e+01 -1.360809e+00 
 2.875290e+01 -1.358978e+00 
 2.875323e+01 -1.354544e+00 
 2.875355e+01 -1.361691e+00 
 2.875387e+01 -1.371813e+00 
 2.875420e+01 -1.380470e+00 
 2.875452e+01 -1.389448e+00 
 2.875484e+01 -1.398982e+00 
 2.875517e+01 -1.392073e+00 
 2.875549e+01 -1.403296e+00 
 2.875581e+01 -1.398553e+00 
 2.875613e+01 -1.409278e+00 
 2.875646e+01 -1.420131e+00 
 2.875678e+01 -1.425183e+00 
 2.875710e+01 -1.432188e+00 
 2.875743e+01 -1.438811e+00 
 2.875775e+01 -1.442722e+00 
 2.875807e+01 -1.448147e+00 
 2.875840e+01 -1.452853e+00 
 2.875872e+01 -1.459201e+00 
 2.875904e+01 -1.454246e+00 
 2.875936e+01 -1.434739e+00 
 2.875969e+01 -1.422277e+00 
 2.876001e+01 -1.406463e+00 
 2.876033e+01 -1.391273e+00 
 2.876066e+01 -1.372680e+00 
 2.876098e+01 -1.352447e+00 
 2.876130e+01 -1.330797e+00 
 2.876163e+01 -1.309960e+00 
 2.876195e+01 -1.291898e+00 
 2.876227e+01 -1.276404e+00 
 2.876259e+01 -1.263014e+00 
 2.876292e+01 -1.225262e+00 
 2.876324e+01 -1.214220e+00 
 2.876356e+01 -1.201900e+00 
 2.876389e+01 -1.189738e+00 
 2.876421e+01 -1.173046e+00 
 2.876453e+01 -1.160233e+00 
 2.876486e+01 -1.144358e+00 
 2.876518e+01 -1.129336e+00 
 2.876550e+01 -1.114254e+00 
 2.876582e+01 -1.100548e+00 
 2.876615e+01 -1.089679e+00 
 2.876647e+01 -1.079891e+00 
 2.876679e+01 -1.077761e+00 
 2.876712e+01 -1.077233e+00 
 2.876744e+01 -1.079045e+00 
 2.876776e+01 -1.079164e+00 
 2.876808e+01 -1.076343e+00 
 2.876841e+01 -1.066000e+00 
 2.876873e+01 -1.061275e+00 
 2.876905e+01 -1.056817e+00 
 2.876938e+01 -1.053138e+00 
 2.876970e+01 -1.054943e+00 
 2.877002e+01 -1.061232e+00 
 2.877035e+01 -1.070966e+00 
 2.877067e+01 -1.081538e+00 
 2.877099e+01 -1.096132e+00 
 2.877131e+01 -1.112259e+00 
 2.877164e+01 -1.128382e+00 
 2.877196e+01 -1.140141e+00 
 2.877228e+01 -1.150638e+00 
 2.877261e+01 -1.159585e+00 
 2.877293e+01 -1.168278e+00 
 2.877325e+01 -1.173885e+00 
 2.877358e+01 -1.179414e+00 
 2.877390e+01 -1.187364e+00 
 2.877422e+01 -1.195408e+00 
 2.877454e+01 -1.205248e+00 
 2.877487e+01 -1.212124e+00 
 2.877519e+01 -1.217972e+00 
 2.877551e+01 -1.222560e+00 
 2.877584e+01 -1.228034e+00 
 2.877616e+01 -1.226225e+00 
 2.877648e+01 -1.223124e+00 
 2.877681e+01 -1.215976e+00 
 2.877713e+01 -1.208410e+00 
 2.877745e+01 -1.171971e+00 
 2.877777e+01 -1.158060e+00 
 2.877810e+01 -1.144127e+00 
 2.877842e+01 -1.131526e+00 
 2.877874e+01 -1.120606e+00 
 2.877907e+01 -1.111335e+00 
 2.877939e+01 -1.108468e+00 
 2.877971e+01 -1.104320e+00 
 2.878004e+01 -1.097850e+00 
 2.878036e+01 -1.088966e+00 
 2.878068e+01 -1.076018e+00 
 2.878100e+01 -1.059836e+00 
 2.878133e+01 -1.040604e+00 
 2.878165e+01 -1.019833e+00 
 2.878197e+01 -1.005192e+00 
 2.878230e+01 -9.938971e-01 
 2.878262e+01 -9.872158e-01 
 2.878294e+01 -9.793080e-01 
 2.878327e+01 -9.731478e-01 
 2.878359e+01 -9.673065e-01 
 2.878391e+01 -9.595357e-01 
 2.878423e+01 -9.511606e-01 
 2.878456e+01 -9.401276e-01 
 2.878488e+01 -9.268453e-01 
 2.878520e+01 -9.121671e-01 
 2.878553e+01 -8.978538e-01 
 2.878585e+01 -8.876190e-01 
 2.878617e+01 -8.785397e-01 
 2.878650e+01 -8.702115e-01 
 2.878682e+01 -8.384337e-01 
 2.878714e+01 -8.354233e-01 
 2.878746e+01 -8.340671e-01 
 2.878779e+01 -8.327592e-01 
 2.878811e+01 -8.298397e-01 
 2.878843e+01 -8.245557e-01 
 2.878876e+01 -8.189301e-01 
 2.878908e+01 -8.167405e-01 
 2.878940e+01 -8.126040e-01 
 2.878973e+01 -8.106737e-01 
 2.879005e+01 -8.101448e-01 
 2.879037e+01 -8.119156e-01 
 2.879069e+01 -8.163632e-01 
 2.879102e+01 -8.239209e-01 
 2.879134e+01 -8.342403e-01 
 2.879166e+01 -8.457532e-01 
 2.879199e+01 -8.592961e-01 
 2.879231e+01 -8.756344e-01 
 2.879263e+01 -8.626226e-01 
 2.879296e+01 -8.726987e-01 
 2.879328e+01 -8.815154e-01 
 2.879360e+01 -8.899554e-01 
 2.879392e+01 -8.970445e-01 
 2.879425e+01 -9.059509e-01 
 2.879457e+01 -9.174325e-01 
 2.879489e+01 -9.350982e-01 
 2.879522e+01 -9.506876e-01 
 2.879554e+01 -9.685938e-01 
 2.879586e+01 -9.860617e-01 
 2.879618e+01 -1.007361e+00 
 2.879651e+01 -1.023679e+00 
 2.879683e+01 -1.039411e+00 
 2.879715e+01 -1.056219e+00 
 2.879748e+01 -1.073302e+00 
 2.879780e+01 -1.089503e+00 
 2.879812e+01 -1.104267e+00 
 2.879845e+01 -1.119882e+00 
 2.879877e+01 -1.137130e+00 
 2.879909e+01 -1.154755e+00 
 2.879941e+01 -1.173951e+00 
 2.879974e+01 -1.195799e+00 
 2.880006e+01 -1.218932e+00 
 2.880038e+01 -1.244750e+00 
 2.880071e+01 -1.275703e+00 
 2.880103e+01 -1.343549e+00 
 2.880135e+01 -1.372697e+00 
 2.880168e+01 -1.388511e+00 
 2.880200e+01 -1.407677e+00 
 2.880232e+01 -1.427094e+00 
 2.880264e+01 -1.439266e+00 
 2.880297e+01 -1.454638e+00 
 2.880329e+01 -1.467320e+00 
 2.880361e+01 -1.477521e+00 
 2.880394e+01 -1.484942e+00 
 2.880426e+01 -1.492556e+00 
 2.880458e+01 -1.502108e+00 
 2.880491e+01 -1.510810e+00 
 2.880523e+01 -1.520209e+00 
 2.880555e+01 -1.527097e+00 
 2.880587e+01 -1.531702e+00 
 2.880620e+01 -1.533545e+00 
 2.880652e+01 -1.533148e+00 
 2.880684e+01 -1.530488e+00 
 2.880717e+01 -1.524528e+00 
 2.880749e+01 -1.516411e+00 
 2.880781e+01 -1.490794e+00 
 2.880814e+01 -1.464229e+00 
 2.880846e+01 -1.448254e+00 
 2.880878e+01 -1.437233e+00 
 2.880910e+01 -1.425058e+00 
 2.880943e+01 -1.408626e+00 
 2.880975e+01 -1.395454e+00 
 2.881007e+01 -1.381265e+00 
 2.881040e+01 -1.365972e+00 
 2.881072e+01 -1.349132e+00 
 2.881104e+01 -1.331931e+00 
 2.881137e+01 -1.314524e+00 
 2.881169e+01 -1.298721e+00 
 2.881201e+01 -1.283818e+00 
 2.881233e+01 -1.270777e+00 
 2.881266e+01 -1.260105e+00 
 2.881298e+01 -1.248881e+00 
 2.881330e+01 -1.238262e+00 
 2.881363e+01 -1.227152e+00 
 2.881395e+01 -1.187226e+00 
 2.881427e+01 -1.174565e+00 
 2.881460e+01 -1.156641e+00 
 2.881492e+01 -1.120636e+00 
 2.881524e+01 -1.115083e+00 
 2.881556e+01 -1.111502e+00 
 2.881589e+01 -1.108880e+00 
 2.881621e+01 -1.090201e+00 
 2.881653e+01 -1.073208e+00 
 2.881686e+01 -1.075641e+00 
 2.881718e+01 -1.081248e+00 
 2.881750e+01 -1.086221e+00 
 2.881783e+01 -1.086675e+00 
 2.881815e+01 -1.094387e+00 
 2.881847e+01 -1.098135e+00 
 2.881879e+01 -1.099552e+00 
 2.881912e+01 -1.102490e+00 
 2.881944e+01 -1.107546e+00 
 2.881976e+01 -1.113677e+00 
 2.882009e+01 -1.117625e+00 
 2.882041e+01 -1.128595e+00 
 2.882073e+01 -1.141021e+00 
 2.882106e+01 -1.152659e+00 
 2.882138e+01 -1.168011e+00 
 2.882170e+01 -1.187880e+00 
 2.882202e+01 -1.204741e+00 
 2.882235e+01 -1.214892e+00 
 2.882267e+01 -1.232161e+00 
 2.882299e+01 -1.246127e+00 
 2.882332e+01 -1.257358e+00 
 2.882364e+01 -1.268103e+00 
 2.882396e+01 -1.213996e+00 
 2.882429e+01 -1.221707e+00 
 2.882461e+01 -1.236196e+00 
 2.882493e+01 -1.252556e+00 
 2.882525e+01 -1.269325e+00 
 2.882558e+01 -1.285531e+00 
 2.882590e+01 -1.299216e+00 
 2.882622e+01 -1.311251e+00 
 2.882655e+01 -1.320757e+00 
 2.882687e+01 -1.326476e+00 
 2.882719e+01 -1.330465e+00 
 2.882752e+01 -1.333629e+00 
 2.882784e+01 -1.337215e+00 
 2.882816e+01 -1.340112e+00 
 2.882848e+01 -1.275824e+00 
 2.882881e+01 -1.274546e+00 
 2.882913e+01 -1.272104e+00 
 2.882945e+01 -1.266323e+00 
 2.882978e+01 -1.259236e+00 
 2.883010e+01 -1.252698e+00 
 2.883042e+01 -1.249326e+00 
 2.883075e+01 -1.249152e+00 
 2.883107e+01 -1.250854e+00 
 2.883139e+01 -1.253514e+00 
 2.883171e+01 -1.253815e+00 
 2.883204e+01 -1.251792e+00 
 2.883236e+01 -1.246739e+00 
 2.883268e+01 -1.241427e+00 
 2.883301e+01 -1.236983e+00 
 2.883333e+01 -1.230984e+00 
 2.883365e+01 -1.225575e+00 
 2.883397e+01 -1.220831e+00 
 2.883430e+01 -1.217852e+00 
 2.883462e+01 -1.217298e+00 
 2.883494e+01 -1.218555e+00 
 2.883527e+01 -1.219697e+00 
 2.883559e+01 -1.224568e+00 
 2.883591e+01 -1.225204e+00 
 2.883624e+01 -1.222904e+00 
 2.883656e+01 -1.224380e+00 
 2.883688e+01 -1.221861e+00 
 2.883720e+01 -1.219234e+00 
 2.883753e+01 -1.216872e+00 
 2.883785e+01 -1.212585e+00 
 2.883817e+01 -1.211494e+00 
 2.883850e+01 -1.208770e+00 
 2.883882e+01 -1.203816e+00 
 2.883914e+01 -1.196685e+00 
 2.883947e+01 -1.191034e+00 
 2.883979e+01 -1.187644e+00 
 2.884011e+01 -1.181168e+00 
 2.884043e+01 -1.178150e+00 
 2.884076e+01 -1.177406e+00 
 2.884108e+01 -1.175998e+00 
 2.884140e+01 -1.175679e+00 
 2.884173e+01 -1.175189e+00 
 2.884205e+01 -1.176953e+00 
 2.884237e+01 -1.183119e+00 
 2.884270e+01 -1.192355e+00 
 2.884302e+01 -1.208197e+00 
 2.884334e+01 -1.224917e+00 
 2.884366e+01 -1.239264e+00 
 2.884399e+01 -1.281824e+00 
 2.884431e+01 -1.309258e+00 
 2.884463e+01 -1.327638e+00 
 2.884496e+01 -1.345789e+00 
 2.884528e+01 -1.359011e+00 
 2.884560e+01 -1.375357e+00 
 2.884593e+01 -1.389224e+00 
 2.884625e+01 -1.404908e+00 
 2.884657e+01 -1.421136e+00 
 2.884689e+01 -1.444438e+00 
 2.884722e+01 -1.468983e+00 
 2.884754e+01 -1.491839e+00 
 2.884786e+01 -1.516301e+00 
 2.884819e+01 -1.550566e+00 
 2.884851e+01 -1.528160e+00 
 2.884883e+01 -1.545736e+00 
 2.884916e+01 -1.567804e+00 
 2.884948e+01 -1.592327e+00 
 2.884980e+01 -1.603796e+00 
 2.885012e+01 -1.612579e+00 
 2.885045e+01 -1.623325e+00 
 2.885077e+01 -1.634356e+00 
 2.885109e+01 -1.646495e+00 
 2.885142e+01 -1.656949e+00 
 2.885174e+01 -1.666547e+00 
 2.885206e+01 -1.674457e+00 
 2.885239e+01 -1.683852e+00 
 2.885271e+01 -1.688866e+00 
 2.885303e+01 -1.690221e+00 
 2.885335e+01 -1.693950e+00 
 2.885368e+01 -1.696168e+00 
 2.885400e+01 -1.697042e+00 
 2.885432e+01 -1.697161e+00 
 2.885465e+01 -1.695608e+00 
 2.885497e+01 -1.693672e+00 
 2.885529e+01 -1.690106e+00 
 2.885562e+01 -1.685924e+00 
 2.885594e+01 -1.680006e+00 
 2.885626e+01 -1.652394e+00 
 2.885658e+01 -1.642767e+00 
 2.885691e+01 -1.634416e+00 
 2.885723e+01 -1.612619e+00 
 2.885755e+01 -1.601542e+00 
 2.885788e+01 -1.585924e+00 
 2.885820e+01 -1.570851e+00 
 2.885852e+01 -1.556816e+00 
 2.885885e+01 -1.544136e+00 
 2.885917e+01 -1.532926e+00 
 2.885949e+01 -1.521277e+00 
 2.885981e+01 -1.511496e+00 
 2.886014e+01 -1.507208e+00 
 2.886046e+01 -1.502966e+00 
 2.886078e+01 -1.462838e+00 
 2.886111e+01 -1.455143e+00 
 2.886143e+01 -1.445564e+00 
 2.886175e+01 -1.429170e+00 
 2.886208e+01 -1.414890e+00 
 2.886240e+01 -1.400859e+00 
 2.886272e+01 -1.390463e+00 
 2.886304e+01 -1.381631e+00 
 2.886337e+01 -1.298049e+00 
 2.886369e+01 -1.282149e+00 
 2.886401e+01 -1.267038e+00 
 2.886434e+01 -1.250381e+00 
 2.886466e+01 -1.185763e+00 
 2.886498e+01 -1.164878e+00 
 2.886531e+01 -1.144763e+00 
 2.886563e+01 -1.125750e+00 
 2.886595e+01 -1.108429e+00 
 2.886627e+01 -1.091146e+00 
 2.886660e+01 -1.079039e+00 
 2.886692e+01 -1.066684e+00 
 2.886724e+01 -1.057591e+00 
 2.886757e+01 -1.051321e+00 
 2.886789e+01 -1.046386e+00 
 2.886821e+01 -1.040659e+00 
 2.886853e+01 -1.034466e+00 
 2.886886e+01 -1.028736e+00 
 2.886918e+01 -1.021707e+00 
 2.886950e+01 -1.016398e+00 
 2.886983e+01 -1.011942e+00 
 2.887015e+01 -1.007719e+00 
 2.887047e+01 -1.006986e+00 
 2.887080e+01 -1.008640e+00 
 2.887112e+01 -1.011367e+00 
 2.887144e+01 -1.016528e+00 
 2.887176e+01 -1.022042e+00 
 2.887209e+01 -1.027543e+00 
 2.887241e+01 -1.035224e+00 
 2.887273e+01 -1.043442e+00 
 2.887306e+01 -1.055333e+00 
 2.887338e+01 -1.066779e+00 
 2.887370e+01 -1.041986e+00 
 2.887403e+01 -1.072986e+00 
 2.887435e+01 -1.102787e+00 
 2.887467e+01 -1.111366e+00 
 2.887499e+01 -1.117505e+00 
 2.887532e+01 -1.123531e+00 
 2.887564e+01 -1.131822e+00 
 2.887596e+01 -1.148072e+00 
 2.887629e+01 -1.171102e+00 
 2.887661e+01 -1.187583e+00 
 2.887693e+01 -1.191807e+00 
 2.887726e+01 -1.168864e+00 
 2.887758e+01 -1.079156e+00 
 2.887790e+01 -1.050827e+00 
 2.887822e+01 -1.037882e+00 
 2.887855e+01 -1.023904e+00 
 2.887887e+01 -9.906381e-01 
 2.887919e+01 -9.555654e-01 
 2.887952e+01 -9.477103e-01 
 2.887984e+01 -9.445744e-01 
 2.888016e+01 -9.453599e-01 
 2.888049e+01 -9.475993e-01 
 2.888081e+01 -9.510776e-01 
 2.888113e+01 -9.517778e-01 
 2.888145e+01 -9.504477e-01 
 2.888178e+01 -9.464876e-01 
 2.888210e+01 -9.168358e-01 
 2.888242e+01 -9.219214e-01 
 2.888275e+01 -9.253091e-01 
 2.888307e+01 -8.994961e-01 
 2.888339e+01 -9.001547e-01 
 2.888372e+01 -9.045178e-01 
 2.888404e+01 -9.131798e-01 
 2.888436e+01 -9.262425e-01 
 2.888468e+01 -9.408587e-01 
 2.888501e+01 -9.584417e-01 
 2.888533e+01 -9.762329e-01 
 2.888565e+01 -9.912723e-01 
 2.888598e+01 -1.002123e+00 
 2.888630e+01 -1.012346e+00 
 2.888662e+01 -1.023809e+00 
 2.888695e+01 -1.038343e+00 
 2.888727e+01 -1.004625e+00 
 2.888759e+01 -1.010346e+00 
 2.888791e+01 -1.017796e+00 
 2.888824e+01 -1.024290e+00 
 2.888856e+01 -1.032337e+00 
 2.888888e+01 -1.042730e+00 
 2.888921e+01 -1.052902e+00 
 2.888953e+01 -1.060447e+00 
 2.888985e+01 -1.067594e+00 
 2.889018e+01 -1.072098e+00 
 2.889050e+01 -1.074590e+00 
 2.889082e+01 -1.074879e+00 
 2.889114e+01 -1.075399e+00 
 2.889147e+01 -1.079916e+00 
 2.889179e+01 -1.085616e+00 
 2.889211e+01 -1.092774e+00 
 2.889244e+01 -1.099702e+00 
 2.889276e+01 -1.104023e+00 
 2.889308e+01 -1.109757e+00 
 2.889341e+01 -1.114819e+00 
 2.889373e+01 -1.120687e+00 
 2.889405e+01 -1.120662e+00 
 2.889437e+01 -1.122780e+00 
 2.889470e+01 -1.138674e+00 
 2.889502e+01 -1.146258e+00 
 2.889534e+01 -1.148763e+00 
 2.889567e+01 -1.156601e+00 
 2.889599e+01 -1.165728e+00 
 2.889631e+01 -1.177914e+00 
 2.889664e+01 -1.191759e+00 
 2.889696e+01 -1.206859e+00 
 2.889728e+01 -1.223987e+00 
 2.889760e+01 -1.240098e+00 
 2.889793e+01 -1.258696e+00 
 2.889825e+01 -1.276040e+00 
 2.889857e+01 -1.290454e+00 
 2.889890e+01 -1.327604e+00 
 2.889922e+01 -1.358445e+00 
 2.889954e+01 -1.382767e+00 
 2.889987e+01 -1.410461e+00 
 2.890019e+01 -1.432052e+00 
 2.890051e+01 -1.448307e+00 
 2.890083e+01 -1.460636e+00 
 2.890116e+01 -1.468136e+00 
 2.890148e+01 -1.473223e+00 
 2.890180e+01 -1.478538e+00 
 2.890213e+01 -1.480497e+00 
 2.890245e+01 -1.480554e+00 
 2.890277e+01 -1.476105e+00 
 2.890309e+01 -1.470321e+00 
 2.890342e+01 -1.461726e+00 
 2.890374e+01 -1.461510e+00 
 2.890406e+01 -1.464127e+00 
 2.890439e+01 -1.465989e+00 
 2.890471e+01 -1.466509e+00 
 2.890503e+01 -1.464130e+00 
 2.890536e+01 -1.462818e+00 
 2.890568e+01 -1.455568e+00 
 2.890600e+01 -1.428374e+00 
 2.890632e+01 -1.415426e+00 
 2.890665e+01 -1.395648e+00 
 2.890697e+01 -1.377922e+00 
 2.890729e+01 -1.361954e+00 
 2.890762e+01 -1.346736e+00 
 2.890794e+01 -1.343868e+00 
 2.890826e+01 -1.347860e+00 
 2.890859e+01 -1.345678e+00 
 2.890891e+01 -1.343865e+00 
 2.890923e+01 -1.343309e+00 
 2.890955e+01 -1.342218e+00 
 2.890988e+01 -1.337953e+00 
 2.891020e+01 -1.282159e+00 
 2.891052e+01 -1.278976e+00 
 2.891085e+01 -1.265359e+00 
 2.891117e+01 -1.245193e+00 
 2.891149e+01 -1.224651e+00 
 2.891182e+01 -1.211871e+00 
 2.891214e+01 -1.205043e+00 
 2.891246e+01 -1.203013e+00 
 2.891278e+01 -1.204209e+00 
 2.891311e+01 -1.206500e+00 
 2.891343e+01 -1.206180e+00 
 2.891375e+01 -1.209994e+00 
 2.891408e+01 -1.212412e+00 
 2.891440e+01 -1.187424e+00 
 2.891472e+01 -1.165487e+00 
 2.891505e+01 -1.075320e+00 
 2.891537e+01 -1.062071e+00 
 2.891569e+01 -1.050604e+00 
 2.891601e+01 -1.044261e+00 
 2.891634e+01 -1.020168e+00 
 2.891666e+01 -1.025099e+00 
 2.891698e+01 -1.033044e+00 
 2.891731e+01 -1.041846e+00 
 2.891763e+01 -1.053287e+00 
 2.891795e+01 -1.063897e+00 
 2.891828e+01 -1.032471e+00 
 2.891860e+01 -1.031247e+00 
 2.891892e+01 -1.022004e+00 
 2.891924e+01 -1.015333e+00 
 2.891957e+01 -1.007852e+00 
 2.891989e+01 -9.835644e-01 
 2.892021e+01 -9.874453e-01 
 2.892054e+01 -9.929542e-01 
 2.892086e+01 -1.023687e+00 
 2.892118e+01 -1.032566e+00 
 2.892151e+01 -1.057889e+00 
 2.892183e+01 -1.074557e+00 
 2.892215e+01 -1.091372e+00 
 2.892247e+01 -1.105065e+00 
 2.892280e+01 -1.113219e+00 
 2.892312e+01 -1.111751e+00 
 2.892344e+01 -1.103777e+00 
 2.892377e+01 -1.096005e+00 
 2.892409e+01 -1.092925e+00 
 2.892441e+01 -1.095143e+00 
 2.892474e+01 -1.107094e+00 
 2.892506e+01 -1.121724e+00 
 2.892538e+01 -1.139789e+00 
 2.892570e+01 -1.158786e+00 
 2.892603e+01 -1.169912e+00 
 2.892635e+01 -1.184145e+00 
 2.892667e+01 -1.191211e+00 
 2.892700e+01 -1.191590e+00 
 2.892732e+01 -1.186613e+00 
 2.892764e+01 -1.180792e+00 
 2.892797e+01 -1.158610e+00 
 2.892829e+01 -1.167413e+00 
 2.892861e+01 -1.181197e+00 
 2.892893e+01 -1.199240e+00 
 2.892926e+01 -1.220764e+00 
 2.892958e+01 -1.243590e+00 
 2.892990e+01 -1.268447e+00 
 2.893023e+01 -1.290741e+00 
 2.893055e+01 -1.307203e+00 
 2.893087e+01 -1.318449e+00 
 2.893120e+01 -1.324748e+00 
 2.893152e+01 -1.295390e+00 
 2.893184e+01 -1.293891e+00 
 2.893216e+01 -1.290121e+00 
 2.893249e+01 -1.294820e+00 
 2.893281e+01 -1.282439e+00 
 2.893313e+01 -1.234904e+00 
 2.893346e+01 -1.247502e+00 
 2.893378e+01 -1.260205e+00 
 2.893410e+01 -1.275058e+00 
 2.893443e+01 -1.290167e+00 
 2.893475e+01 -1.319966e+00 
 2.893507e+01 -1.339891e+00 
 2.893539e+01 -1.340540e+00 
 2.893572e+01 -1.339754e+00 
 2.893604e+01 -1.338460e+00 
 2.893636e+01 -1.337931e+00 
 2.893669e+01 -1.340557e+00 
 2.893701e+01 -1.343542e+00 
 2.893733e+01 -1.348010e+00 
 2.893765e+01 -1.353622e+00 
 2.893798e+01 -1.358699e+00 
 2.893830e+01 -1.363866e+00 
 2.893862e+01 -1.366905e+00 
 2.893895e+01 -1.368297e+00 
 2.893927e+01 -1.369401e+00 
 2.893959e+01 -1.368254e+00 
 2.893992e+01 -1.320586e+00 
 2.894024e+01 -1.321613e+00 
 2.894056e+01 -1.325413e+00 
 2.894088e+01 -1.331205e+00 
 2.894121e+01 -1.334979e+00 
 2.894153e+01 -1.341499e+00 
 2.894185e+01 -1.352500e+00 
 2.894218e+01 -1.364900e+00 
 2.894250e+01 -1.381745e+00 
 2.894282e+01 -1.407189e+00 
 2.894315e+01 -1.433531e+00 
 2.894347e+01 -1.457066e+00 
 2.894379e+01 -1.473136e+00 
 2.894411e+01 -1.482508e+00 
 2.894444e+01 -1.491404e+00 
 2.894476e+01 -1.501250e+00 
 2.894508e+01 -1.508400e+00 
 2.894541e+01 -1.515935e+00 
 2.894573e+01 -1.522561e+00 
 2.894605e+01 -1.530534e+00 
 2.894638e+01 -1.542376e+00 
 2.894670e+01 -1.556527e+00 
 2.894702e+01 -1.567735e+00 
 2.894734e+01 -1.576236e+00 
 2.894767e+01 -1.582491e+00 
 2.894799e+01 -1.587584e+00 
 2.894831e+01 -1.594077e+00 
 2.894864e+01 -1.599260e+00 
 2.894896e+01 -1.603275e+00 
 2.894928e+01 -1.607471e+00 
 2.894961e+01 -1.611161e+00 
 2.894993e+01 -1.612676e+00 
 2.895025e+01 -1.617078e+00 
 2.895057e+01 -1.625224e+00 
 2.895090e+01 -1.633006e+00 
 2.895122e+01 -1.640996e+00 
 2.895154e+01 -1.647687e+00 
 2.895187e+01 -1.650935e+00 
 2.895219e+01 -1.647023e+00 
 2.895251e+01 -1.644285e+00 
 2.895284e+01 -1.640931e+00 
 2.895316e+01 -1.637747e+00 
 2.895348e+01 -1.635388e+00 
 2.895380e+01 -1.630535e+00 
 2.895413e+01 -1.628944e+00 
 2.895445e+01 -1.626236e+00 
 2.895477e+01 -1.623761e+00 
 2.895510e+01 -1.621591e+00 
 2.895542e+01 -1.614633e+00 
 2.895574e+01 -1.605229e+00 
 2.895607e+01 -1.590048e+00 
 2.895639e+01 -1.574458e+00 
 2.895671e+01 -1.554450e+00 
 2.895703e+01 -1.530697e+00 
 2.895736e+01 -1.507225e+00 
 2.895768e+01 -1.483472e+00 
 2.895800e+01 -1.464898e+00 
 2.895833e+01 -1.426586e+00 
 2.895865e+01 -1.412171e+00 
 2.895897e+01 -1.397810e+00 
 2.895930e+01 -1.372460e+00 
 2.895962e+01 -1.357033e+00 
 2.895994e+01 -1.344459e+00 
 2.896026e+01 -1.329355e+00 
 2.896059e+01 -1.311465e+00 
 2.896091e+01 -1.290422e+00 
 2.896123e+01 -1.265921e+00 
 2.896156e+01 -1.241635e+00 
 2.896188e+01 -1.215442e+00 
 2.896220e+01 -1.190254e+00 
 2.896253e+01 -1.166541e+00 
 2.896285e+01 -1.147065e+00 
 2.896317e+01 -1.094508e+00 
 2.896349e+01 -1.076338e+00 
 2.896382e+01 -1.030251e+00 
 2.896414e+01 -1.011420e+00 
 2.896446e+01 -9.925662e-01 
 2.896479e+01 -9.741277e-01 
 2.896511e+01 -9.591893e-01 
 2.896543e+01 -9.466187e-01 
 2.896576e+01 -9.369310e-01 
 2.896608e+01 -9.303151e-01 
 2.896640e+01 -9.293012e-01 
 2.896672e+01 -9.255644e-01 
 2.896705e+01 -9.241049e-01 
 2.896737e+01 -9.195340e-01 
 2.896769e+01 -9.112081e-01 
 2.896802e+01 -8.971905e-01 
 2.896834e+01 -8.878472e-01 
 2.896866e+01 -8.813827e-01 
 2.896899e+01 -8.787523e-01 
 2.896931e+01 -8.770300e-01 
 2.896963e+01 -8.766922e-01 
 2.896995e+01 -8.783521e-01 
 2.897028e+01 -8.839522e-01 
 2.897060e+01 -8.915207e-01 
 2.897092e+01 -8.991295e-01 
 2.897125e+01 -9.055605e-01 
 2.897157e+01 -9.087018e-01 
 2.897189e+01 -9.058847e-01 
 2.897221e+01 -8.965499e-01 
 2.897254e+01 -8.851973e-01 
 2.897286e+01 -8.756665e-01 
 2.897318e+01 -8.707561e-01 
 2.897351e+01 -8.680449e-01 
 2.897383e+01 -8.683918e-01 
 2.897415e+01 -8.715673e-01 
 2.897448e+01 -8.804234e-01 
 2.897480e+01 -8.896088e-01 
 2.897512e+01 -8.969675e-01 
 2.897544e+01 -9.029054e-01 
 2.897577e+01 -9.078763e-01 
 2.897609e+01 -9.081554e-01 
 2.897641e+01 -9.099399e-01 
 2.897674e+01 -9.114482e-01 
 2.897706e+01 -9.121170e-01 
 2.897738e+01 -9.148798e-01 
 2.897771e+01 -9.203799e-01 
 2.897803e+01 -9.303227e-01 
 2.897835e+01 -9.437206e-01 
 2.897867e+01 -9.591793e-01 
 2.897900e+01 -9.782640e-01 
 2.897932e+01 -9.940781e-01 
 2.897964e+01 -1.005132e+00 
 2.897997e+01 -1.009576e+00 
 2.898029e+01 -1.006521e+00 
 2.898061e+01 -1.001015e+00 
 2.898094e+01 -9.945148e-01 
 2.898126e+01 -9.902441e-01 
 2.898158e+01 -9.902767e-01 
 2.898190e+01 -9.922657e-01 
 2.898223e+01 -9.955479e-01 
 2.898255e+01 -9.725904e-01 
 2.898287e+01 -9.748128e-01 
 2.898320e+01 -9.407990e-01 
 2.898352e+01 -9.417626e-01 
 2.898384e+01 -9.202581e-01 
 2.898417e+01 -8.714624e-01 
 2.898449e+01 -8.620329e-01 
 2.898481e+01 -8.513491e-01 
 2.898513e+01 -8.365347e-01 
 2.898546e+01 -8.292755e-01 
 2.898578e+01 -8.267868e-01 
 2.898610e+01 -8.228371e-01 
 2.898643e+01 -8.288905e-01 
 2.898675e+01 -8.334075e-01 
 2.898707e+01 -8.399605e-01 
 2.898740e+01 -8.449788e-01 
 2.898772e+01 -8.404853e-01 
 2.898804e+01 -8.374480e-01 
 2.898836e+01 -8.303258e-01 
 2.898869e+01 -8.238049e-01 
 2.898901e+01 -8.200643e-01 
 2.898933e+01 -8.181622e-01 
 2.898966e+01 -8.197286e-01 
 2.898998e+01 -8.228245e-01 
 2.899030e+01 -8.318148e-01 
 2.899063e+01 -8.449613e-01 
 2.899095e+01 -8.625405e-01 
 2.899127e+01 -8.757199e-01 
 2.899159e+01 -8.861857e-01 
 2.899192e+01 -8.952799e-01 
 2.899224e+01 -9.006815e-01 
 2.899256e+01 -9.031770e-01 
 2.899289e+01 -9.064673e-01 
 2.899321e+01 -9.067129e-01 
 2.899353e+01 -9.106444e-01 
 2.899386e+01 -9.189257e-01 
 2.899418e+01 -9.323331e-01 
 2.899450e+01 -9.490105e-01 
 2.899482e+01 -9.640598e-01 
 2.899515e+01 -9.801201e-01 
 2.899547e+01 -9.971636e-01 
 2.899579e+01 -1.003768e+00 
 2.899612e+01 -1.011517e+00 
 2.899644e+01 -1.020096e+00 
 2.899676e+01 -1.024337e+00 
 2.899709e+01 -1.029421e+00 
 2.899741e+01 -1.036268e+00 
 2.899773e+01 -1.039231e+00 
 2.899805e+01 -1.041210e+00 
 2.899838e+01 -1.046217e+00 
 2.899870e+01 -1.053188e+00 
 2.899902e+01 -1.063226e+00 
 2.899935e+01 -1.071020e+00 
 2.899967e+01 -1.076893e+00 
 2.899999e+01 -1.073639e+00 
 2.900032e+01 -1.068321e+00 
 2.900064e+01 -1.058797e+00 
 2.900096e+01 -1.048789e+00 
 2.900128e+01 -1.034708e+00 
 2.900161e+01 -1.021239e+00 
 2.900193e+01 -1.013719e+00 
 2.900225e+01 -1.018468e+00 
 2.900258e+01 -1.021528e+00 
 2.900290e+01 -1.023494e+00 
 2.900322e+01 -1.030891e+00 
 2.900355e+01 -1.031229e+00 
 2.900387e+01 -1.028813e+00 
 2.900419e+01 -1.027741e+00 
 2.900451e+01 -1.028997e+00 
 2.900484e+01 -1.017813e+00 
 2.900516e+01 -1.000007e+00 
 2.900548e+01 -9.843346e-01 
 2.900580e+01 -9.708764e-01 
 2.900612e+01 -9.553629e-01 
 2.900645e+01 -9.406462e-01 
 2.900677e+01 -9.298601e-01 
 2.900709e+01 -9.279805e-01 
 2.900741e+01 -9.274533e-01 
 2.900773e+01 -9.243005e-01 
 2.900805e+01 -9.203936e-01 
 2.900838e+01 -9.109462e-01 
 2.900870e+01 -9.015140e-01 
 2.900902e+01 -8.825176e-01 
 2.900934e+01 -8.687853e-01 
 2.900966e+01 -8.496214e-01 
 2.900998e+01 -8.335496e-01 
 2.901030e+01 -8.144216e-01 
 2.901063e+01 -8.035188e-01 
 2.901095e+01 -7.959959e-01 
 2.901127e+01 -7.866350e-01 
 2.901159e+01 -7.650188e-01 
 2.901191e+01 -7.438115e-01 
 2.901224e+01 -7.582367e-01 
 2.901256e+01 -7.627670e-01 
 2.901288e+01 -7.359314e-01 
 2.901321e+01 -7.194697e-01 
 2.901353e+01 -7.065956e-01 
 2.901385e+01 -6.701952e-01 
 2.901417e+01 -6.555962e-01 
 2.901450e+01 -6.545483e-01 
 2.901482e+01 -6.563570e-01 
 2.901514e+01 -6.503740e-01 
 2.901547e+01 -6.412507e-01 
 2.901579e+01 -6.547353e-01 
 2.901611e+01 -6.463796e-01 
 2.901644e+01 -6.465434e-01 
 2.901676e+01 -6.595502e-01 
 2.901708e+01 -6.585196e-01 
 2.901740e+01 -6.547602e-01 
 2.901773e+01 -6.474879e-01 
 2.901805e+01 -6.641580e-01 
 2.901837e+01 -6.518177e-01 
 2.901869e+01 -6.557598e-01 
 2.901902e+01 -6.651906e-01 
 2.901934e+01 -6.741964e-01 
 2.901966e+01 -6.838098e-01 
 2.901998e+01 -7.086081e-01 
 2.902030e+01 -7.321374e-01 
 2.902062e+01 -7.519141e-01 
 2.902094e+01 -7.703114e-01 
 2.902127e+01 -7.888353e-01 
 2.902159e+01 -8.074230e-01 
 2.902191e+01 -8.181654e-01 
 2.902223e+01 -8.404977e-01 
 2.902255e+01 -8.674330e-01 
 2.902287e+01 -8.953616e-01 
 2.902320e+01 -9.148100e-01 
 2.902352e+01 -9.405025e-01 
 2.902384e+01 -9.534992e-01 
 2.902416e+01 -9.720669e-01 
 2.902448e+01 -9.834346e-01 
 2.902480e+01 -1.003726e+00 
 2.902513e+01 -1.011568e+00 
 2.902545e+01 -1.017401e+00 
 2.902577e+01 -1.019862e+00 
 2.902610e+01 -1.025700e+00 
 2.902642e+01 -1.032292e+00 
 2.902674e+01 -1.040381e+00 
 2.902707e+01 -1.028425e+00 
 2.902739e+01 -1.054711e+00 
 2.902771e+01 -1.080363e+00 
 2.902803e+01 -1.096742e+00 
 2.902836e+01 -1.114375e+00 
 2.902868e+01 -1.125023e+00 
 2.902900e+01 -1.132533e+00 
 2.902933e+01 -1.132694e+00 
 2.902965e+01 -1.130315e+00 
 2.902997e+01 -1.126907e+00 
 2.903030e+01 -1.124431e+00 
 2.903062e+01 -1.133213e+00 
 2.903094e+01 -1.179571e+00 
 2.903126e+01 -1.208309e+00 
 2.903159e+01 -1.237451e+00 
 2.903191e+01 -1.245990e+00 
 2.903223e+01 -1.268008e+00 
 2.903256e+01 -1.281014e+00 
 2.903288e+01 -1.303572e+00 
 2.903320e+01 -1.319441e+00 
 2.903353e+01 -1.319858e+00 
 2.903385e+01 -1.275822e+00 
 2.903417e+01 -1.263142e+00 
 2.903449e+01 -1.247601e+00 
 2.903482e+01 -1.226771e+00 
 2.903514e+01 -1.213980e+00 
 2.903546e+01 -1.222918e+00 
 2.903579e+01 -1.226137e+00 
 2.903611e+01 -1.229901e+00 
 2.903643e+01 -1.251528e+00 
 2.903676e+01 -1.268064e+00 
 2.903708e+01 -1.281245e+00 
 2.903740e+01 -1.302776e+00 
 2.903772e+01 -1.301138e+00 
 2.903805e+01 -1.292243e+00 
 2.903837e+01 -1.295368e+00 
 2.903869e+01 -1.284571e+00 
 2.903902e+01 -1.286710e+00 
 2.903934e+01 -1.283493e+00 
 2.903966e+01 -1.301637e+00 
 2.903998e+01 -1.320000e+00 
 2.904031e+01 -1.348962e+00 
 2.904063e+01 -1.403342e+00 
 2.904095e+01 -1.432206e+00 
 2.904128e+01 -1.443333e+00 
 2.904160e+01 -1.460177e+00 
 2.904192e+01 -1.468809e+00 
 2.904225e+01 -1.468647e+00 
 2.904257e+01 -1.465309e+00 
 2.904289e+01 -1.456342e+00 
 2.904321e+01 -1.426550e+00 
 2.904354e+01 -1.426210e+00 
 2.904386e+01 -1.436544e+00 
 2.904418e+01 -1.460481e+00 
 2.904451e+01 -1.484953e+00 
 2.904483e+01 -1.504900e+00 
 2.904515e+01 -1.528012e+00 
 2.904548e+01 -1.548167e+00 
 2.904580e+01 -1.562015e+00 
 2.904612e+01 -1.536066e+00 
 2.904644e+01 -1.535249e+00 
 2.904677e+01 -1.526730e+00 
 2.904709e+01 -1.526651e+00 
 2.904741e+01 -1.528148e+00 
 2.904774e+01 -1.529958e+00 
 2.904806e+01 -1.537184e+00 
 2.904838e+01 -1.553559e+00 
 2.904871e+01 -1.578137e+00 
 2.904903e+01 -1.604274e+00 
 2.904935e+01 -1.619394e+00 
 2.904967e+01 -1.632629e+00 
 2.905000e+01 -1.640451e+00 
 2.905032e+01 -1.648713e+00 
 2.905064e+01 -1.649159e+00 
 2.905097e+01 -1.655613e+00 
 2.905129e+01 -1.657984e+00 
 2.905161e+01 -1.659936e+00 
 2.905194e+01 -1.670474e+00 
 2.905226e+01 -1.683465e+00 
 2.905258e+01 -1.700546e+00 
 2.905290e+01 -1.718080e+00 
 2.905323e+01 -1.739087e+00 
 2.905355e+01 -1.753546e+00 
 2.905387e+01 -1.760444e+00 
 2.905420e+01 -1.755723e+00 
 2.905452e+01 -1.749488e+00 
 2.905484e+01 -1.740851e+00 
 2.905517e+01 -1.734817e+00 
 2.905549e+01 -1.734089e+00 
 2.905581e+01 -1.736046e+00 
 2.905613e+01 -1.735697e+00 
 2.905646e+01 -1.733592e+00 
 2.905678e+01 -1.742532e+00 
 2.905710e+01 -1.758645e+00 
 2.905743e+01 -1.767251e+00 
 2.905775e+01 -1.770399e+00 
 2.905807e+01 -1.771145e+00 
 2.905840e+01 -1.761729e+00 
 2.905872e+01 -1.742262e+00 
 2.905904e+01 -1.730975e+00 
 2.905936e+01 -1.717702e+00 
 2.905969e+01 -1.706767e+00 
 2.906001e+01 -1.696977e+00 
 2.906033e+01 -1.699408e+00 
 2.906066e+01 -1.694853e+00 
 2.906098e+01 -1.698929e+00 
 2.906130e+01 -1.706551e+00 
 2.906163e+01 -1.646729e+00 
 2.906195e+01 -1.632542e+00 
 2.906227e+01 -1.622430e+00 
 2.906259e+01 -1.607116e+00 
 2.906292e+01 -1.593746e+00 
 2.906324e+01 -1.572201e+00 
 2.906356e+01 -1.562876e+00 
 2.906389e+01 -1.560361e+00 
 2.906421e+01 -1.557488e+00 
 2.906453e+01 -1.568325e+00 
 2.906486e+01 -1.574145e+00 
 2.906518e+01 -1.585581e+00 
 2.906550e+01 -1.600831e+00 
 2.906582e+01 -1.615317e+00 
 2.906615e+01 -1.622989e+00 
 2.906647e+01 -1.622092e+00 
 2.906679e+01 -1.615539e+00 
 2.906712e+01 -1.608584e+00 
 2.906744e+01 -1.601196e+00 
 2.906776e+01 -1.598870e+00 
 2.906809e+01 -1.600058e+00 
 2.906841e+01 -1.597377e+00 
 2.906873e+01 -1.599936e+00 
 2.906905e+01 -1.622181e+00 
 2.906938e+01 -1.631784e+00 
 2.906970e+01 -1.645035e+00 
 2.907002e+01 -1.654335e+00 
 2.907035e+01 -1.658220e+00 
 2.907067e+01 -1.661076e+00 
 2.907099e+01 -1.662058e+00 
 2.907131e+01 -1.663193e+00 
 2.907164e+01 -1.665861e+00 
 2.907196e+01 -1.663200e+00 
 2.907228e+01 -1.666629e+00 
 2.907261e+01 -1.675057e+00 
 2.907293e+01 -1.687144e+00 
 2.907325e+01 -1.704883e+00 
 2.907358e+01 -1.723208e+00 
 2.907390e+01 -1.740440e+00 
 2.907422e+01 -1.757767e+00 
 2.907454e+01 -1.766010e+00 
 2.907487e+01 -1.771797e+00 
 2.907519e+01 -1.776947e+00 
 2.907551e+01 -1.782099e+00 
 2.907584e+01 -1.789262e+00 
 2.907616e+01 -1.799910e+00 
 2.907648e+01 -1.803457e+00 
 2.907681e+01 -1.811163e+00 
 2.907713e+01 -1.816299e+00 
 2.907745e+01 -1.831084e+00 
 2.907777e+01 -1.849655e+00 
 2.907810e+01 -1.859865e+00 
 2.907842e+01 -1.868418e+00 
 2.907874e+01 -1.867834e+00 
 2.907907e+01 -1.867866e+00 
 2.907939e+01 -1.864320e+00 
 2.907971e+01 -1.861213e+00 
 2.908004e+01 -1.861090e+00 
 2.908036e+01 -1.858380e+00 
 2.908068e+01 -1.857238e+00 
 2.908100e+01 -1.860431e+00 
 2.908133e+01 -1.868555e+00 
 2.908165e+01 -1.875958e+00 
 2.908197e+01 -1.884973e+00 
 2.908230e+01 -1.884277e+00 
 2.908262e+01 -1.881887e+00 
 2.908294e+01 -1.874160e+00 
 2.908327e+01 -1.865314e+00 
 2.908359e+01 -1.846943e+00 
 2.908391e+01 -1.827243e+00 
 2.908423e+01 -1.812580e+00 
 2.908456e+01 -1.791184e+00 
 2.908488e+01 -1.774460e+00 
 2.908520e+01 -1.761573e+00 
 2.908553e+01 -1.747343e+00 
 2.908585e+01 -1.732286e+00 
 2.908617e+01 -1.715738e+00 
 2.908650e+01 -1.698831e+00 
 2.908682e+01 -1.670626e+00 
 2.908714e+01 -1.633148e+00 
 2.908746e+01 -1.575288e+00 
 2.908779e+01 -1.525338e+00 
 2.908811e+01 -1.489129e+00 
 2.908843e+01 -1.464536e+00 
 2.908876e+01 -1.440382e+00 
 2.908908e+01 -1.418947e+00 
 2.908940e+01 -1.405133e+00 
 2.908973e+01 -1.394127e+00 
 2.909005e+01 -1.385398e+00 
 2.909037e+01 -1.373830e+00 
 2.909069e+01 -1.352225e+00 
 2.909102e+01 -1.329978e+00 
 2.909134e+01 -1.307185e+00 
 2.909166e+01 -1.275845e+00 
 2.909199e+01 -1.246638e+00 
 2.909231e+01 -1.173653e+00 
 2.909263e+01 -1.143988e+00 
 2.909296e+01 -1.117287e+00 
 2.909328e+01 -1.097132e+00 
 2.909360e+01 -1.082197e+00 
 2.909392e+01 -1.074509e+00 
 2.909425e+01 -1.064502e+00 
 2.909457e+01 -1.054381e+00 
 2.909489e+01 -1.042671e+00 
 2.909522e+01 -1.023819e+00 
 2.909554e+01 -9.992995e-01 
 2.909586e+01 -9.706628e-01 
 2.909619e+01 -9.418775e-01 
 2.909651e+01 -9.154471e-01 
 2.909683e+01 -8.880708e-01 
 2.909715e+01 -8.626754e-01 
 2.909748e+01 -8.404987e-01 
 2.909780e+01 -8.273779e-01 
 2.909812e+01 -8.219763e-01 
 2.909845e+01 -8.197195e-01 
 2.909877e+01 -8.164733e-01 
 2.909909e+01 -8.079136e-01 
 2.909942e+01 -7.686234e-01 
 2.909974e+01 -7.182669e-01 
 2.910006e+01 -7.021046e-01 
 2.910038e+01 -6.876608e-01 
 2.910071e+01 -6.454269e-01 
 2.910103e+01 -6.083587e-01 
 2.910135e+01 -5.794704e-01 
 2.910168e+01 -5.779051e-01 
 2.910200e+01 -5.817898e-01 
 2.910232e+01 -5.807187e-01 
 2.910264e+01 -5.809810e-01 
 2.910297e+01 -5.875908e-01 
 2.910329e+01 -5.921607e-01 
 2.910361e+01 -5.973638e-01 
 2.910394e+01 -6.005083e-01 
 2.910426e+01 -5.845186e-01 
 2.910458e+01 -5.738002e-01 
 2.910491e+01 -5.725615e-01 
 2.910523e+01 -5.705319e-01 
 2.910555e+01 -5.708169e-01 
 2.910587e+01 -5.808508e-01 
 2.910620e+01 -5.946220e-01 
 2.910652e+01 -6.078109e-01 
 2.910684e+01 -6.189602e-01 
 2.910717e+01 -6.296629e-01 
 2.910749e+01 -6.438533e-01 
 2.910781e+01 -6.572370e-01 
 2.910814e+01 -6.652329e-01 
 2.910846e+01 -6.728089e-01 
 2.910878e+01 -6.743687e-01 
 2.910910e+01 -6.666871e-01 
 2.910943e+01 -6.617400e-01 
 2.910975e+01 -6.589165e-01 
 2.911007e+01 -6.599992e-01 
 2.911040e+01 -6.700509e-01 
 2.911072e+01 -6.673427e-01 
 2.911104e+01 -6.638640e-01 
 2.911137e+01 -6.582340e-01 
 2.911169e+01 -6.490825e-01 
 2.911201e+01 -6.378887e-01 
 2.911233e+01 -6.226004e-01 
 2.911266e+01 -5.985396e-01 
 2.911298e+01 -5.781596e-01 
 2.911330e+01 -5.608979e-01 
 2.911363e+01 -5.492623e-01 
 2.911395e+01 -5.500911e-01 
 2.911427e+01 -5.494975e-01 
 2.911460e+01 -5.541104e-01 
 2.911492e+01 -5.557562e-01 
 2.911524e+01 -5.642404e-01 
 2.911556e+01 -5.688335e-01 
 2.911589e+01 -5.697280e-01 
 2.911621e+01 -5.699155e-01 
 2.911653e+01 -5.743179e-01 
 2.911686e+01 -5.797287e-01 
 2.911718e+01 -5.846365e-01 
 2.911750e+01 -5.952956e-01 
 2.911783e+01 -6.070471e-01 
 2.911815e+01 -6.262052e-01 
 2.911847e+01 -6.557094e-01 
 2.911879e+01 -6.904041e-01 
 2.911911e+01 -7.233262e-01 
 2.911943e+01 -7.540936e-01 
 2.911976e+01 -7.778339e-01 
 2.912008e+01 -7.991053e-01 
 2.912040e+01 -8.144567e-01 
 2.912072e+01 -8.281155e-01 
 2.912104e+01 -7.744337e-01 
 2.912136e+01 -7.851302e-01 
 2.912169e+01 -7.913553e-01 
 2.912201e+01 -8.058294e-01 
 2.912233e+01 -8.239020e-01 
 2.912265e+01 -8.353148e-01 
 2.912297e+01 -8.553424e-01 
 2.912329e+01 -8.803350e-01 
 2.912361e+01 -9.126604e-01 
 2.912394e+01 -9.388118e-01 
 2.912426e+01 -9.141187e-01 
 2.912458e+01 -8.564119e-01 
 2.912490e+01 -8.091997e-01 
 2.912522e+01 -8.162580e-01 
 2.912554e+01 -8.246830e-01 
 2.912587e+01 -8.325607e-01 
 2.912619e+01 -8.444863e-01 
 2.912651e+01 -8.664184e-01 
 2.912683e+01 -8.974485e-01 
 2.912715e+01 -9.274967e-01 
 2.912747e+01 -9.536069e-01 
 2.912779e+01 -9.875388e-01 
 2.912812e+01 -1.022994e+00 
 2.912844e+01 -1.051001e+00 
 2.912876e+01 -1.079462e+00 
 2.912909e+01 -1.100760e+00 
 2.912941e+01 -1.118636e+00 
 2.912973e+01 -1.134572e+00 
 2.913006e+01 -1.156230e+00 
 2.913038e+01 -1.186527e+00 
 2.913070e+01 -1.219764e+00 
 2.913102e+01 -1.234051e+00 
 2.913135e+01 -1.266386e+00 
 2.913167e+01 -1.397752e+00 
 2.913199e+01 -1.485830e+00 
 2.913232e+01 -1.269158e+00 
 2.913264e+01 -1.309525e+00 
 2.913296e+01 -1.556160e+00 
 2.913329e+01 -1.394064e+00 
 2.913361e+01 -1.487561e+00 
 2.913393e+01 -1.430601e+00 
 2.913425e+01 -1.485254e+00 
 2.913458e+01 -1.460152e+00 
 2.913490e+01 -1.462675e+00 
 2.913522e+01 -1.491629e+00 
 2.913555e+01 -1.507083e+00 
 2.913587e+01 -1.449811e+00 
 2.913619e+01 -1.507075e+00 
 2.913652e+01 -1.477963e+00 
 2.913684e+01 -1.454950e+00 
 2.913716e+01 -1.450417e+00 
 2.913748e+01 -1.406040e+00 
 2.913781e+01 -1.426464e+00 
 2.913813e+01 -1.328766e+00 
 2.913845e+01 -1.348299e+00 
 2.913878e+01 -1.308680e+00 
 2.913910e+01 -1.281081e+00 
 2.913942e+01 -1.283186e+00 
 2.913975e+01 -1.254384e+00 
 2.914007e+01 -1.225855e+00 
 2.914039e+01 -1.193082e+00 
 2.914071e+01 -1.160893e+00 
 2.914104e+01 -1.115370e+00 
 2.914136e+01 -1.102793e+00 
 2.914168e+01 -1.056215e+00 
 2.914201e+01 -1.054820e+00 
 2.914233e+01 -1.001351e+00 
 2.914265e+01 -9.882360e-01 
 2.914298e+01 -1.000475e+00 
 2.914330e+01 -1.007684e+00 
 2.914362e+01 -9.436379e-01 
 2.914394e+01 -1.002122e+00 
 2.914427e+01 -1.002719e+00 
 2.914459e+01 -9.796248e-01 
 2.914491e+01 -1.027994e+00 
 2.914524e+01 -1.010749e+00 
 2.914556e+01 -9.377297e-01 
 2.914588e+01 -9.075260e-01 
 2.914621e+01 -9.646089e-01 
 2.914653e+01 -1.007351e+00 
 2.914685e+01 -9.223716e-01 
 2.914717e+01 -8.901503e-01 
 2.914750e+01 -9.861867e-01 
 2.914782e+01 -9.301878e-01 
 2.914814e+01 -9.013527e-01 
 2.914847e+01 -1.032275e+00 
 2.914879e+01 -9.701106e-01 
 2.914911e+01 -9.642806e-01 
 2.914943e+01 -1.007505e+00 
 2.914976e+01 -8.599720e-01 
 2.915008e+01 -9.128382e-01 
 2.915040e+01 -9.266793e-01 
 2.915073e+01 -8.676912e-01 
 2.915105e+01 -8.624783e-01 
 2.915137e+01 -8.310100e-01 
 2.915170e+01 -9.121135e-01 
 2.915202e+01 -9.212850e-01 
 2.915234e+01 -8.853120e-01 
 2.915266e+01 -9.250797e-01 
 2.915299e+01 -8.044102e-01 
 2.915331e+01 -8.605960e-01 
 2.915363e+01 -9.524474e-01 
 2.915396e+01 -9.763591e-01 
 2.915428e+01 -8.276680e-01 
 2.915460e+01 -8.843923e-01 
 2.915493e+01 -9.763268e-01 
 2.915525e+01 -8.819130e-01 
 2.915557e+01 -1.036297e+00 
 2.915589e+01 -1.094454e+00 
 2.915622e+01 -1.031757e+00 
 2.915654e+01 -1.113387e+00 
 2.915686e+01 -1.182728e+00 
 2.915719e+01 -1.122864e+00 
 2.915751e+01 -1.215955e+00 
 2.915783e+01 -1.203528e+00 
 2.915816e+01 -1.134098e+00 
 2.915848e+01 -1.185998e+00 
 2.915880e+01 -1.131406e+00 
 2.915912e+01 -1.181944e+00 
 2.915945e+01 -1.187990e+00 
 2.915977e+01 -1.187971e+00 
 2.916009e+01 -1.282950e+00 
 2.916042e+01 -1.280313e+00 
 2.916074e+01 -1.293286e+00 
 2.916106e+01 -1.337175e+00 
 2.916139e+01 -1.323104e+00 
 2.916171e+01 -1.302742e+00 
 2.916203e+01 -1.285695e+00 
 2.916235e+01 -1.301321e+00 
 2.916268e+01 -1.336416e+00 
 2.916300e+01 -1.303843e+00 
 2.916332e+01 -1.361559e+00 
 2.916365e+01 -1.319209e+00 
 2.916397e+01 -1.346465e+00 
 2.916429e+01 -1.345647e+00 
 2.916462e+01 -1.344049e+00 
 2.916494e+01 -1.403520e+00 
 2.916526e+01 -1.368147e+00 
 2.916558e+01 -1.378268e+00 
 2.916591e+01 -1.385992e+00 
 2.916623e+01 -1.334043e+00 
 2.916655e+01 -1.344947e+00 
 2.916688e+01 -1.368484e+00 
 2.916720e+01 -1.331902e+00 
 2.916752e+01 -1.335217e+00 
 2.916785e+01 -1.356832e+00 
 2.916817e+01 -1.413079e+00 
 2.916849e+01 -1.404107e+00 
 2.916881e+01 -1.430232e+00 
 2.916914e+01 -1.491909e+00 
 2.916946e+01 -1.455872e+00 
 2.916978e+01 -1.438004e+00 
 2.917011e+01 -1.442656e+00 
 2.917043e+01 -1.469080e+00 
 2.917075e+01 -1.441874e+00 
 2.917108e+01 -1.470411e+00 
 2.917140e+01 -1.483023e+00 
 2.917172e+01 -1.446465e+00 
 2.917204e+01 -1.461097e+00 
 2.917237e+01 -1.561106e+00 
 2.917269e+01 -1.526170e+00 
 2.917301e+01 -1.524380e+00 
 2.917334e+01 -1.541839e+00 
 2.917366e+01 -1.489742e+00 
 2.917398e+01 -1.568942e+00 
 2.917431e+01 -1.554664e+00 
 2.917463e+01 -1.565320e+00 
 2.917495e+01 -1.555862e+00 
 2.917527e+01 -1.587017e+00 
 2.917560e+01 -1.608943e+00 
 2.917592e+01 -1.606922e+00 
 2.917624e+01 -1.638246e+00 
 2.917657e+01 -1.743259e+00 
 2.917689e+01 -1.711435e+00 
 2.917721e+01 -1.727353e+00 
 2.917754e+01 -1.824740e+00 
 2.917786e+01 -1.818111e+00 
 2.917818e+01 -1.816231e+00 
 2.917850e+01 -1.876802e+00 
 2.917883e+01 -1.850096e+00 
 2.917915e+01 -1.793284e+00 
 2.917947e+01 -1.858142e+00 
 2.917980e+01 -1.916262e+00 
 2.918012e+01 -1.886435e+00 
 2.918044e+01 -1.894909e+00 
 2.918077e+01 -1.982708e+00 
 2.918109e+01 -1.936808e+00 
 2.918141e+01 -1.991896e+00 
 2.918173e+01 -1.969017e+00 
 2.918206e+01 -1.964041e+00 
 2.918238e+01 -2.024908e+00 
 2.918270e+01 -1.983639e+00 
 2.918303e+01 -1.988007e+00 
 2.918335e+01 -2.010348e+00 
 2.918367e+01 -1.957592e+00 
 2.918400e+01 -2.000061e+00 
 2.918432e+01 -1.984163e+00 
 2.918464e+01 -1.972086e+00 
 2.918496e+01 -2.047716e+00 
 2.918529e+01 -2.021883e+00 
 2.918561e+01 -2.049392e+00 
 2.918593e+01 -2.052298e+00 
 2.918626e+01 -2.040638e+00 
 2.918658e+01 -2.021024e+00 
 2.918690e+01 -1.980971e+00 
 2.918722e+01 -2.011283e+00 
 2.918755e+01 -2.008164e+00 
 2.918787e+01 -1.973333e+00 
 2.918819e+01 -1.992443e+00 
 2.918852e+01 -1.979741e+00 
 2.918884e+01 -1.999735e+00 
 2.918916e+01 -1.967325e+00 
 2.918949e+01 -1.972813e+00 
 2.918981e+01 -1.990996e+00 
 2.919013e+01 -1.962141e+00 
 2.919045e+01 -1.920722e+00 
 2.919078e+01 -1.931411e+00 
 2.919110e+01 -1.900824e+00 
 2.919142e+01 -1.883997e+00 
 2.919175e+01 -1.846246e+00 
 2.919207e+01 -1.797254e+00 
 2.919239e+01 -1.785601e+00 
 2.919272e+01 -1.756473e+00 
 2.919304e+01 -1.798095e+00 
 2.919336e+01 -1.780781e+00 
 2.919368e+01 -1.728922e+00 
 2.919401e+01 -1.731664e+00 
 2.919433e+01 -1.727848e+00 
 2.919465e+01 -1.681514e+00 
 2.919498e+01 -1.676871e+00 
 2.919530e+01 -1.649854e+00 
 2.919562e+01 -1.599683e+00 
 2.919595e+01 -1.576901e+00 
 2.919627e+01 -1.574124e+00 
 2.919659e+01 -1.528070e+00 
 2.919691e+01 -1.558785e+00 
 2.919724e+01 -1.593834e+00 
 2.919756e+01 -1.549395e+00 
 2.919788e+01 -1.521864e+00 
 2.919821e+01 -1.540024e+00 
 2.919853e+01 -1.536009e+00 
 2.919885e+01 -1.509471e+00 
 2.919918e+01 -1.477256e+00 
 2.919950e+01 -1.452515e+00 
 2.919982e+01 -1.430207e+00 
 2.920014e+01 -1.423773e+00 
 2.920047e+01 -1.454506e+00 
 2.920079e+01 -1.424860e+00 
 2.920111e+01 -1.405502e+00 
 2.920144e+01 -1.465241e+00 
 2.920176e+01 -1.434937e+00 
 2.920208e+01 -1.403472e+00 
 2.920241e+01 -1.406998e+00 
 2.920273e+01 -1.393957e+00 
 2.920305e+01 -1.367710e+00 
 2.920337e+01 -1.416833e+00 
 2.920370e+01 -1.390441e+00 
 2.920402e+01 -1.368367e+00 
 2.920434e+01 -1.380966e+00 
 2.920467e+01 -1.394789e+00 
 2.920499e+01 -1.419371e+00 
 2.920531e+01 -1.442054e+00 
 2.920564e+01 -1.456243e+00 
 2.920596e+01 -1.490616e+00 
 2.920628e+01 -1.484090e+00 
 2.920660e+01 -1.474758e+00 
 2.920693e+01 -1.462640e+00 
 2.920725e+01 -1.433712e+00 
 2.920757e+01 -1.406290e+00 
 2.920790e+01 -1.432276e+00 
 2.920822e+01 -1.402413e+00 
 2.920854e+01 -1.391008e+00 
 2.920887e+01 -1.411162e+00 
 2.920919e+01 -1.379816e+00 
 2.920951e+01 -1.387054e+00 
 2.920983e+01 -1.393984e+00 
 2.921016e+01 -1.405579e+00 
 2.921048e+01 -1.409750e+00 
 2.921080e+01 -1.355912e+00 
 2.921113e+01 -1.354823e+00 
 2.921145e+01 -1.350479e+00 
 2.921177e+01 -1.307845e+00 
 2.921210e+01 -1.273884e+00 
 2.921242e+01 -1.231095e+00 
 2.921274e+01 -1.206336e+00 
 2.921306e+01 -1.211079e+00 
 2.921339e+01 -1.206812e+00 
 2.921371e+01 -1.218375e+00 
 2.921403e+01 -1.206044e+00 
 2.921436e+01 -1.178039e+00 
 2.921468e+01 -1.175920e+00 
 2.921500e+01 -1.159195e+00 
 2.921532e+01 -1.135964e+00 
 2.921565e+01 -1.118274e+00 
 2.921597e+01 -1.091892e+00 
 2.921629e+01 -1.051660e+00 
 2.921662e+01 -1.008808e+00 
 2.921694e+01 -1.009546e+00 
 2.921726e+01 -1.000489e+00 
 2.921759e+01 -9.628948e-01 
 2.921791e+01 -9.256872e-01 
 2.921823e+01 -8.801345e-01 
 2.921855e+01 -8.360338e-01 
 2.921888e+01 -8.515537e-01 
 2.921920e+01 -8.365246e-01 
 2.921952e+01 -7.895279e-01 
 2.921985e+01 -7.603089e-01 
 2.922017e+01 -7.281821e-01 
 2.922049e+01 -6.901767e-01 
 2.922082e+01 -6.781156e-01 
 2.922114e+01 -6.735279e-01 
 2.922146e+01 -6.307605e-01 
 2.922178e+01 -6.121409e-01 
 2.922211e+01 -6.012618e-01 
 2.922243e+01 -5.743666e-01 
 2.922275e+01 -5.329926e-01 
 2.922308e+01 -5.352108e-01 
 2.922340e+01 -5.216788e-01 
 2.922372e+01 -4.732057e-01 
 2.922405e+01 -4.411462e-01 
 2.922437e+01 -4.373041e-01 
 2.922469e+01 -3.909840e-01 
 2.922501e+01 -3.774737e-01 
 2.922534e+01 -3.820675e-01 
 2.922566e+01 -3.598824e-01 
 2.922598e+01 -3.447012e-01 
 2.922631e+01 -3.511627e-01 
 2.922663e+01 -3.251227e-01 
 2.922695e+01 -3.163453e-01 
 2.922728e+01 -3.005217e-01 
 2.922760e+01 -2.775934e-01 
 2.922792e+01 -2.600278e-01 
 2.922824e+01 -2.581446e-01 
 2.922857e+01 -2.543308e-01 
 2.922889e+01 -2.519473e-01 
 2.922921e+01 -2.431895e-01 
 2.922954e+01 -2.402578e-01 
 2.922986e+01 -2.509610e-01 
 2.923018e+01 -2.362284e-01 
 2.923051e+01 -2.358349e-01 
 2.923083e+01 -2.519434e-01 
 2.923115e+01 -2.270097e-01 
 2.923147e+01 -2.215792e-01 
 2.923180e+01 -2.173754e-01 
 2.923212e+01 -2.009885e-01 
 2.923244e+01 -1.913723e-01 
 2.923277e+01 -1.849299e-01 
 2.923309e+01 -1.723953e-01 
 2.923341e+01 -1.786606e-01 
 2.923374e+01 -2.080529e-01 
 2.923406e+01 -2.335827e-01 
 2.923438e+01 -2.474837e-01 
 2.923470e+01 -2.353626e-01 
 2.923503e+01 -2.434631e-01 
 2.923535e+01 -2.418199e-01 
 2.923567e+01 -2.526719e-01 
 2.923600e+01 -2.566442e-01 
 2.923632e+01 -2.642617e-01 
 2.923664e+01 -2.715075e-01 
 2.923697e+01 -2.698232e-01 
 2.923729e+01 -2.709282e-01 
 2.923761e+01 -2.687423e-01 
 2.923793e+01 -2.881416e-01 
 2.923826e+01 -3.032968e-01 
 2.923858e+01 -3.107877e-01 
 2.923890e+01 -3.171364e-01 
 2.923923e+01 -3.302677e-01 
 2.923955e+01 -3.455810e-01 
 2.923987e+01 -3.287826e-01 
 2.924020e+01 -3.023089e-01 
 2.924052e+01 -2.638374e-01 
 2.924084e+01 -2.831427e-01 
 2.924116e+01 -2.664908e-01 
 2.924149e+01 -2.556129e-01 
 2.924181e+01 -2.851762e-01 
 2.924213e+01 -2.812731e-01 
 2.924246e+01 -2.618685e-01 
 2.924278e+01 -2.823564e-01 
 2.924310e+01 -2.854514e-01 
 2.924343e+01 -2.944689e-01 
 2.924375e+01 -3.091142e-01 
 2.924407e+01 -3.173908e-01 
 2.924439e+01 -3.113577e-01 
 2.924472e+01 -3.298500e-01 
 2.924504e+01 -3.522596e-01 
 2.924536e+01 -3.715718e-01 
 2.924569e+01 -4.019753e-01 
 2.924601e+01 -4.294543e-01 
 2.924633e+01 -4.688902e-01 
 2.924666e+01 -4.824132e-01 
 2.924698e+01 -5.200087e-01 
 2.924730e+01 -5.503169e-01 
 2.924762e+01 -5.520915e-01 
 2.924795e+01 -5.835437e-01 
 2.924827e+01 -6.100417e-01 
 2.924859e+01 -6.126005e-01 
 2.924892e+01 -6.355981e-01 
 2.924924e+01 -6.696366e-01 
 2.924956e+01 -6.914189e-01 
 2.924989e+01 -7.116334e-01 
 2.925021e+01 -7.204355e-01 
 2.925053e+01 -7.412966e-01 
 2.925085e+01 -7.546549e-01 
 2.925118e+01 -7.707350e-01 
 2.925150e+01 -7.876654e-01 
 2.925182e+01 -7.932583e-01 
 2.925215e+01 -7.898598e-01 
 2.925247e+01 -8.041938e-01 
 2.925279e+01 -8.238531e-01 
 2.925311e+01 -8.323556e-01 
 2.925344e+01 -8.407405e-01 
 2.925376e+01 -8.741975e-01 
 2.925408e+01 -8.977211e-01 
 2.925441e+01 -9.311360e-01 
 2.925473e+01 -9.677659e-01 
 2.925505e+01 -9.781551e-01 
 2.925538e+01 -9.994655e-01 
 2.925570e+01 -1.030281e+00 
 2.925602e+01 -1.030152e+00 
 2.925634e+01 -1.052148e+00 
 2.925667e+01 -1.077531e+00 
 2.925699e+01 -1.081365e+00 
 2.925731e+01 -1.108406e+00 
 2.925764e+01 -1.127588e+00 
 2.925796e+01 -1.163156e+00 
 2.925828e+01 -1.203119e+00 
 2.925861e+01 -1.222897e+00 
 2.925893e+01 -1.253092e+00 
 2.925925e+01 -1.280542e+00 
 2.925957e+01 -1.304321e+00 
 2.925990e+01 -1.342939e+00 
 2.926022e+01 -1.360974e+00 
 2.926054e+01 -1.376317e+00 
 2.926087e+01 -1.391390e+00 
 2.926119e+01 -1.412023e+00 
 2.926151e+01 -1.443121e+00 
 2.926184e+01 -1.471170e+00 
 2.926216e+01 -1.490635e+00 
 2.926248e+01 -1.517068e+00 
 2.926280e+01 -1.525316e+00 
 2.926313e+01 -1.525283e+00 
 2.926345e+01 -1.535006e+00 
 2.926377e+01 -1.563502e+00 
 2.926410e+01 -1.560326e+00 
 2.926442e+01 -1.554946e+00 
 2.926474e+01 -1.547881e+00 
 2.926507e+01 -1.524417e+00 
 2.926539e+01 -1.504780e+00 
 2.926571e+01 -1.504980e+00 
 2.926603e+01 -1.490048e+00 
 2.926636e+01 -1.471782e+00 
 2.926668e+01 -1.469536e+00 
 2.926700e+01 -1.466422e+00 
 2.926733e+01 -1.452891e+00 
 2.926765e+01 -1.438172e+00 
 2.926797e+01 -1.421811e+00 
 2.926830e+01 -1.395753e+00 
 2.926862e+01 -1.379006e+00 
 2.926894e+01 -1.362552e+00 
 2.926926e+01 -1.334855e+00 
 2.926959e+01 -1.314731e+00 
 2.926991e+01 -1.302071e+00 
 2.927023e+01 -1.288241e+00 
 2.927056e+01 -1.265050e+00 
 2.927088e+01 -1.251656e+00 
 2.927120e+01 -1.242093e+00 
 2.927153e+01 -1.228423e+00 
 2.927185e+01 -1.181697e+00 
 2.927217e+01 -1.161031e+00 
 2.927249e+01 -1.129069e+00 
 2.927282e+01 -1.104876e+00 
 2.927314e+01 -1.086691e+00 
 2.927346e+01 -1.065815e+00 
 2.927379e+01 -1.050063e+00 
 2.927411e+01 -1.034515e+00 
 2.927443e+01 -1.028481e+00 
 2.927476e+01 -1.026057e+00 
 2.927508e+01 -1.023773e+00 
 2.927540e+01 -1.026604e+00 
 2.927572e+01 -1.016450e+00 
 2.927605e+01 -1.001897e+00 
 2.927637e+01 -1.005515e+00 
 2.927669e+01 -9.952415e-01 
 2.927702e+01 -9.742648e-01 
 2.927734e+01 -9.632316e-01 
 2.927766e+01 -9.512510e-01 
 2.927799e+01 -9.310476e-01 
 2.927831e+01 -9.290020e-01 
 2.927863e+01 -9.345848e-01 
 2.927895e+01 -9.282101e-01 
 2.927928e+01 -9.237334e-01 
 2.927960e+01 -9.197335e-01 
 2.927992e+01 -9.072887e-01 
 2.928025e+01 -9.086602e-01 
 2.928057e+01 -9.013407e-01 
 2.928089e+01 -8.818944e-01 
 2.928122e+01 -8.608959e-01 
 2.928154e+01 -8.372045e-01 
 2.928186e+01 -8.273356e-01 
 2.928218e+01 -8.231847e-01 
 2.928251e+01 -8.103683e-01 
 2.928283e+01 -8.142969e-01 
 2.928315e+01 -8.091158e-01 
 2.928348e+01 -8.003810e-01 
 2.928380e+01 -7.977907e-01 
 2.928412e+01 -7.897750e-01 
 2.928445e+01 -7.871337e-01 
 2.928477e+01 -7.746095e-01 
 2.928509e+01 -7.482857e-01 
 2.928541e+01 -7.345976e-01 
 2.928574e+01 -7.200310e-01 
 2.928606e+01 -7.121117e-01 
 2.928638e+01 -6.834647e-01 
 2.928671e+01 -6.764013e-01 
 2.928703e+01 -6.722136e-01 
 2.928735e+01 -6.792758e-01 
 2.928768e+01 -6.864848e-01 
 2.928800e+01 -6.832711e-01 
 2.928832e+01 -6.796073e-01 
 2.928864e+01 -6.848483e-01 
 2.928897e+01 -6.768470e-01 
 2.928929e+01 -6.684765e-01 
 2.928961e+01 -6.697047e-01 
 2.928994e+01 -6.643852e-01 
 2.929026e+01 -6.576109e-01 
 2.929058e+01 -6.691141e-01 
 2.929090e+01 -6.623313e-01 
 2.929123e+01 -6.562743e-01 
 2.929155e+01 -6.526640e-01 
 2.929187e+01 -6.526235e-01 
 2.929220e+01 -6.477807e-01 
 2.929252e+01 -6.325343e-01 
 2.929284e+01 -6.201776e-01 
 2.929317e+01 -5.862243e-01 
 2.929349e+01 -5.736130e-01 
 2.929381e+01 -5.480245e-01 
 2.929413e+01 -5.177793e-01 
 2.929446e+01 -5.158357e-01 
 2.929478e+01 -5.171128e-01 
 2.929510e+01 -5.145953e-01 
 2.929543e+01 -5.132266e-01 
 2.929575e+01 -4.754711e-01 
 2.929607e+01 -4.792988e-01 
 2.929640e+01 -4.748711e-01 
 2.929672e+01 -4.728693e-01 
 2.929704e+01 -4.960192e-01 
 2.929736e+01 -5.085375e-01 
 2.929769e+01 -5.212962e-01 
 2.929801e+01 -5.365444e-01 
 2.929833e+01 -5.536159e-01 
 2.929866e+01 -5.772684e-01 
 2.929898e+01 -6.051563e-01 
 2.929930e+01 -6.403794e-01 
 2.929963e+01 -6.666085e-01 
 2.929995e+01 -6.826855e-01 
 2.930027e+01 -7.076012e-01 
 2.930059e+01 -7.279660e-01 
 2.930092e+01 -7.446755e-01 
 2.930124e+01 -7.682998e-01 
 2.930156e+01 -7.817024e-01 
 2.930189e+01 -7.930421e-01 
 2.930221e+01 -8.112892e-01 
 2.930253e+01 -8.421078e-01 
 2.930286e+01 -8.735449e-01 
 2.930318e+01 -8.969562e-01 
 2.930350e+01 -9.234648e-01 
 2.930382e+01 -9.478282e-01 
 2.930415e+01 -9.697105e-01 
 2.930447e+01 -1.006524e+00 
 2.930479e+01 -1.039993e+00 
 2.930512e+01 -1.064138e+00 
 2.930544e+01 -1.088638e+00 
 2.930576e+01 -1.087418e+00 
 2.930609e+01 -1.121322e+00 
 2.930641e+01 -1.156491e+00 
 2.930673e+01 -1.198219e+00 
 2.930705e+01 -1.229262e+00 
 2.930738e+01 -1.253718e+00 
 2.930770e+01 -1.282538e+00 
 2.930802e+01 -1.306805e+00 
 2.930835e+01 -1.327818e+00 
 2.930867e+01 -1.345158e+00 
 2.930899e+01 -1.363930e+00 
 2.930932e+01 -1.377396e+00 
 2.930964e+01 -1.381886e+00 
 2.930996e+01 -1.378629e+00 
 2.931028e+01 -1.384948e+00 
 2.931061e+01 -1.383867e+00 
 2.931093e+01 -1.378643e+00 
 2.931125e+01 -1.376195e+00 
 2.931158e+01 -1.369999e+00 
 2.931190e+01 -1.364337e+00 
 2.931222e+01 -1.363871e+00 
 2.931255e+01 -1.361766e+00 
 2.931287e+01 -1.333218e+00 
 2.931319e+01 -1.298612e+00 
 2.931351e+01 -1.278518e+00 
 2.931384e+01 -1.255688e+00 
 2.931416e+01 -1.235828e+00 
 2.931448e+01 -1.220936e+00 
 2.931481e+01 -1.201288e+00 
 2.931513e+01 -1.184843e+00 
 2.931545e+01 -1.147325e+00 
 2.931578e+01 -1.111636e+00 
 2.931610e+01 -1.102017e+00 
 2.931642e+01 -1.094029e+00 
 2.931674e+01 -1.085491e+00 
 2.931707e+01 -1.055078e+00 
 2.931739e+01 -1.032009e+00 
 2.931771e+01 -9.671063e-01 
 2.931804e+01 -9.327489e-01 
 2.931836e+01 -8.982553e-01 
 2.931868e+01 -8.799198e-01 
 2.931901e+01 -8.710504e-01 
 2.931933e+01 -8.752256e-01 
 2.931965e+01 -8.856553e-01 
 2.931997e+01 -8.952071e-01 
 2.932030e+01 -9.048644e-01 
 2.932062e+01 -9.153802e-01 
 2.932094e+01 -9.313260e-01 
 2.932127e+01 -9.555137e-01 
 2.932159e+01 -9.788057e-01 
 2.932191e+01 -1.011656e+00 
 2.932224e+01 -1.047973e+00 
 2.932256e+01 -1.075539e+00 
 2.932288e+01 -1.105043e+00 
 2.932320e+01 -1.129229e+00 
 2.932353e+01 -1.147743e+00 
 2.932385e+01 -1.165579e+00 
 2.932417e+01 -1.186375e+00 
 2.932450e+01 -1.205725e+00 
 2.932482e+01 -1.224630e+00 
 2.932514e+01 -1.221898e+00 
 2.932547e+01 -1.234646e+00 
 2.932579e+01 -1.230178e+00 
 2.932611e+01 -1.220341e+00 
 2.932643e+01 -1.212421e+00 
 2.932676e+01 -1.202693e+00 
 2.932708e+01 -1.167354e+00 
 2.932740e+01 -1.164070e+00 
 2.932773e+01 -1.138717e+00 
 2.932805e+01 -1.135594e+00 
 2.932837e+01 -1.102898e+00 
 2.932869e+01 -1.111132e+00 
 2.932902e+01 -1.091895e+00 
 2.932934e+01 -1.082920e+00 
 2.932966e+01 -1.069527e+00 
 2.932999e+01 -1.024707e+00 
 2.933031e+01 -1.009403e+00 
 2.933063e+01 -9.983554e-01 
 2.933096e+01 -9.894785e-01 
 2.933128e+01 -9.832422e-01 
 2.933160e+01 -9.825566e-01 
 2.933192e+01 -9.861488e-01 
 2.933225e+01 -9.976862e-01 
 2.933257e+01 -1.011024e+00 
 2.933289e+01 -1.021558e+00 
 2.933322e+01 -1.031689e+00 
 2.933354e+01 -1.036818e+00 
 2.933386e+01 -1.036575e+00 
 2.933419e+01 -1.038640e+00 
 2.933451e+01 -1.033039e+00 
 2.933483e+01 -1.030152e+00 
 2.933515e+01 -1.037249e+00 
 2.933548e+01 -1.051790e+00 
 2.933580e+01 -1.073211e+00 
 2.933612e+01 -1.105473e+00 
 2.933645e+01 -1.111417e+00 
 2.933677e+01 -1.141237e+00 
 2.933709e+01 -1.165528e+00 
 2.933742e+01 -1.178315e+00 
 2.933774e+01 -1.179771e+00 
 2.933806e+01 -1.177057e+00 
 2.933838e+01 -1.172942e+00 
 2.933871e+01 -1.160964e+00 
 2.933903e+01 -1.141536e+00 
 2.933935e+01 -1.124398e+00 
 2.933968e+01 -1.108055e+00 
 2.934000e+01 -1.095610e+00 
 2.934032e+01 -1.086231e+00 
 2.934065e+01 -1.081665e+00 
 2.934097e+01 -1.047790e+00 
 2.934129e+01 -1.002670e+00 
 2.934161e+01 -9.775298e-01 
 2.934194e+01 -9.652035e-01 
 2.934226e+01 -9.508461e-01 
 2.934258e+01 -9.281300e-01 
 2.934291e+01 -8.604551e-01 
 2.934323e+01 -8.382779e-01 
 2.934355e+01 -8.239110e-01 
 2.934388e+01 -8.260174e-01 
 2.934420e+01 -8.379816e-01 
 2.934452e+01 -8.540386e-01 
 2.934484e+01 -8.752644e-01 
 2.934517e+01 -9.017464e-01 
 2.934549e+01 -9.207658e-01 
 2.934581e+01 -9.392135e-01 
 2.934614e+01 -9.144265e-01 
 2.934646e+01 -9.297765e-01 
 2.934678e+01 -9.519837e-01 
 2.934711e+01 -9.772099e-01 
 2.934743e+01 -9.948249e-01 
 2.934775e+01 -1.008863e+00 
 2.934807e+01 -1.024937e+00 
 2.934840e+01 -1.043650e+00 
 2.934872e+01 -1.071074e+00 
 2.934904e+01 -1.104178e+00 
 2.934937e+01 -1.140843e+00 
 2.934969e+01 -1.170226e+00 
 2.935001e+01 -1.195592e+00 
 2.935034e+01 -1.219198e+00 
 2.935066e+01 -1.238597e+00 
 2.935098e+01 -1.256940e+00 
 2.935130e+01 -1.274061e+00 
 2.935163e+01 -1.285293e+00 
 2.935195e+01 -1.294834e+00 
 2.935227e+01 -1.308440e+00 
 2.935260e+01 -1.307438e+00 
 2.935292e+01 -1.328460e+00 
 2.935324e+01 -1.331409e+00 
 2.935357e+01 -1.352743e+00 
 2.935389e+01 -1.369204e+00 
 2.935421e+01 -1.379750e+00 
 2.935453e+01 -1.386315e+00 
 2.935486e+01 -1.388128e+00 
 2.935518e+01 -1.390378e+00 
 2.935550e+01 -1.390609e+00 
 2.935583e+01 -1.391618e+00 
 2.935615e+01 -1.393473e+00 
 2.935647e+01 -1.392897e+00 
 2.935680e+01 -1.396002e+00 
 2.935712e+01 -1.404664e+00 
 2.935744e+01 -1.414425e+00 
 2.935776e+01 -1.429579e+00 
 2.935809e+01 -1.447633e+00 
 2.935841e+01 -1.457234e+00 
 2.935873e+01 -1.462945e+00 
 2.935906e+01 -1.460380e+00 
 2.935938e+01 -1.455569e+00 
 2.935970e+01 -1.448540e+00 
 2.936003e+01 -1.441725e+00 
 2.936035e+01 -1.439296e+00 
 2.936067e+01 -1.438795e+00 
 2.936099e+01 -1.443592e+00 
 2.936132e+01 -1.445061e+00 
 2.936164e+01 -1.446251e+00 
 2.936196e+01 -1.447764e+00 
 2.936229e+01 -1.448837e+00 
 2.936261e+01 -1.442720e+00 
 2.936293e+01 -1.430979e+00 
 2.936326e+01 -1.418005e+00 
 2.936358e+01 -1.406151e+00 
 2.936390e+01 -1.396449e+00 
 2.936422e+01 -1.390293e+00 
 2.936455e+01 -1.386783e+00 
 2.936487e+01 -1.384142e+00 
 2.936519e+01 -1.378639e+00 
 2.936552e+01 -1.374543e+00 
 2.936584e+01 -1.354267e+00 
 2.936616e+01 -1.332588e+00 
 2.936648e+01 -1.327408e+00 
 2.936681e+01 -1.312523e+00 
 2.936713e+01 -1.296702e+00 
 2.936745e+01 -1.272615e+00 
 2.936778e+01 -1.256513e+00 
 2.936810e+01 -1.236603e+00 
 2.936842e+01 -1.212815e+00 
 2.936875e+01 -1.190817e+00 
 2.936907e+01 -1.180723e+00 
 2.936939e+01 -1.174635e+00 
 2.936971e+01 -1.172037e+00 
 2.937004e+01 -1.171559e+00 
 2.937036e+01 -1.165308e+00 
 2.937068e+01 -1.152832e+00 
 2.937101e+01 -1.139131e+00 
 2.937133e+01 -1.123581e+00 
 2.937165e+01 -1.108476e+00 
 2.937198e+01 -1.095887e+00 
 2.937230e+01 -1.085936e+00 
 2.937262e+01 -1.080599e+00 
 2.937294e+01 -1.084466e+00 
 2.937327e+01 -1.096144e+00 
 2.937359e+01 -1.109976e+00 
 2.937391e+01 -1.122129e+00 
 2.937424e+01 -1.132459e+00 
 2.937456e+01 -1.141884e+00 
 2.937488e+01 -1.149534e+00 
 2.937521e+01 -1.157974e+00 
 2.937553e+01 -1.165779e+00 
 2.937585e+01 -1.176093e+00 
 2.937617e+01 -1.190039e+00 
 2.937650e+01 -1.204691e+00 
 2.937682e+01 -1.220766e+00 
 2.937714e+01 -1.240907e+00 
 2.937747e+01 -1.264457e+00 
 2.937779e+01 -1.289812e+00 
 2.937811e+01 -1.313398e+00 
 2.937844e+01 -1.333021e+00 
 2.937876e+01 -1.347790e+00 
 2.937908e+01 -1.358213e+00 
 2.937940e+01 -1.364131e+00 
 2.937973e+01 -1.363580e+00 
 2.938005e+01 -1.364128e+00 
 2.938037e+01 -1.365450e+00 
 2.938070e+01 -1.371444e+00 
 2.938102e+01 -1.379288e+00 
 2.938134e+01 -1.387418e+00 
 2.938167e+01 -1.399277e+00 
 2.938199e+01 -1.411069e+00 
 2.938231e+01 -1.418124e+00 
 2.938263e+01 -1.421669e+00 
 2.938296e+01 -1.421512e+00 
 2.938328e+01 -1.417215e+00 
 2.938360e+01 -1.408084e+00 
 2.938393e+01 -1.395209e+00 
 2.938425e+01 -1.383643e+00 
 2.938457e+01 -1.376588e+00 
 2.938490e+01 -1.374057e+00 
 2.938522e+01 -1.353093e+00 
 2.938554e+01 -1.351764e+00 
 2.938586e+01 -1.350618e+00 
 2.938619e+01 -1.352224e+00 
 2.938651e+01 -1.354123e+00 
 2.938683e+01 -1.352624e+00 
 2.938716e+01 -1.344338e+00 
 2.938748e+01 -1.331133e+00 
 2.938780e+01 -1.314922e+00 
 2.938813e+01 -1.300003e+00 
 2.938845e+01 -1.282503e+00 
 2.938877e+01 -1.274876e+00 
 2.938909e+01 -1.270684e+00 
 2.938942e+01 -1.272332e+00 
 2.938974e+01 -1.277351e+00 
 2.939006e+01 -1.286359e+00 
 2.939039e+01 -1.289759e+00 
 2.939071e+01 -1.293359e+00 
 2.939103e+01 -1.287261e+00 
 2.939136e+01 -1.275822e+00 
 2.939168e+01 -1.265283e+00 
 2.939200e+01 -1.252251e+00 
 2.939232e+01 -1.235974e+00 
 2.939265e+01 -1.221683e+00 
 2.939297e+01 -1.211493e+00 
 2.939329e+01 -1.203568e+00 
 2.939362e+01 -1.200093e+00 
 2.939394e+01 -1.201335e+00 
 2.939426e+01 -1.201307e+00 
 2.939459e+01 -1.199130e+00 
 2.939491e+01 -1.195863e+00 
 2.939523e+01 -1.191535e+00 
 2.939555e+01 -1.185364e+00 
 2.939588e+01 -1.177446e+00 
 2.939620e+01 -1.165063e+00 
 2.939652e+01 -1.151115e+00 
 2.939685e+01 -1.136093e+00 
 2.939717e+01 -1.122363e+00 
 2.939749e+01 -1.115488e+00 
 2.939782e+01 -1.116501e+00 
 2.939814e+01 -1.123701e+00 
 2.939846e+01 -1.135599e+00 
 2.939878e+01 -1.148398e+00 
 2.939911e+01 -1.160261e+00 
 2.939943e+01 -1.167439e+00 
 2.939975e+01 -1.173040e+00 
 2.940008e+01 -1.176251e+00 
 2.940040e+01 -1.177632e+00 
 2.940072e+01 -1.178161e+00 
 2.940105e+01 -1.181251e+00 
 2.940137e+01 -1.189530e+00 
 2.940169e+01 -1.205767e+00 
 2.940201e+01 -1.224408e+00 
 2.940234e+01 -1.225319e+00 
 2.940266e+01 -1.247124e+00 
 2.940298e+01 -1.266534e+00 
 2.940331e+01 -1.238402e+00 
 2.940363e+01 -1.253484e+00 
 2.940395e+01 -1.262426e+00 
 2.940428e+01 -1.266349e+00 
 2.940460e+01 -1.269071e+00 
 2.940492e+01 -1.271094e+00 
 2.940524e+01 -1.275115e+00 
 2.940557e+01 -1.283063e+00 
 2.940589e+01 -1.293770e+00 
 2.940621e+01 -1.304542e+00 
 2.940654e+01 -1.318355e+00 
 2.940686e+01 -1.332749e+00 
 2.940718e+01 -1.345011e+00 
 2.940750e+01 -1.351507e+00 
 2.940783e+01 -1.350626e+00 
 2.940815e+01 -1.343123e+00 
 2.940847e+01 -1.331119e+00 
 2.940880e+01 -1.317635e+00 
 2.940912e+01 -1.304184e+00 
 2.940944e+01 -1.291668e+00 
 2.940977e+01 -1.280711e+00 
 2.941009e+01 -1.275620e+00 
 2.941041e+01 -1.274396e+00 
 2.941073e+01 -1.273540e+00 
 2.941106e+01 -1.268936e+00 
 2.941138e+01 -1.261716e+00 
 2.941170e+01 -1.251979e+00 
 2.941203e+01 -1.238974e+00 
 2.941235e+01 -1.224372e+00 
 2.941267e+01 -1.210150e+00 
 2.941300e+01 -1.194433e+00 
 2.941332e+01 -1.178571e+00 
 2.941364e+01 -1.165475e+00 
 2.941396e+01 -1.157254e+00 
 2.941429e+01 -1.154557e+00 
 2.941461e+01 -1.154819e+00 
 2.941493e+01 -1.154347e+00 
 2.941526e+01 -1.151528e+00 
 2.941558e+01 -1.147262e+00 
 2.941590e+01 -1.139267e+00 
 2.941623e+01 -1.129249e+00 
 2.941655e+01 -1.117412e+00 
 2.941687e+01 -1.103258e+00 
 2.941719e+01 -1.086438e+00 
 2.941752e+01 -1.024137e+00 
 2.941784e+01 -9.944965e-01 
 2.941816e+01 -9.886574e-01 
 2.941849e+01 -9.862632e-01 
 2.941881e+01 -9.479537e-01 
 2.941913e+01 -9.481770e-01 
 2.941946e+01 -9.178922e-01 
 2.941978e+01 -9.146469e-01 
 2.942010e+01 -9.094692e-01 
 2.942042e+01 -9.022304e-01 
 2.942075e+01 -8.956504e-01 
 2.942107e+01 -8.922216e-01 
 2.942139e+01 -8.871995e-01 
 2.942172e+01 -8.832341e-01 
 2.942204e+01 -8.795534e-01 
 2.942236e+01 -8.781814e-01 
 2.942269e+01 -8.738724e-01 
 2.942301e+01 -8.671936e-01 
 2.942333e+01 -8.606184e-01 
 2.942365e+01 -8.555080e-01 
 2.942398e+01 -8.521159e-01 
 2.942430e+01 -8.505461e-01 
 2.942462e+01 -8.485604e-01 
 2.942495e+01 -8.453437e-01 
 2.942527e+01 -8.433675e-01 
 2.942559e+01 -8.291656e-01 
 2.942592e+01 -8.353444e-01 
 2.942624e+01 -8.469442e-01 
 2.942656e+01 -8.619758e-01 
 2.942688e+01 -8.761806e-01 
 2.942721e+01 -8.924662e-01 
 2.942753e+01 -9.069832e-01 
 2.942785e+01 -9.186485e-01 
 2.942818e+01 -9.314182e-01 
 2.942850e+01 -9.426224e-01 
 2.942882e+01 -9.516605e-01 
 2.942915e+01 -9.611133e-01 
 2.942947e+01 -9.714961e-01 
 2.942979e+01 -9.589496e-01 
 2.943011e+01 -9.704616e-01 
 2.943044e+01 -9.832806e-01 
 2.943076e+01 -9.974499e-01 
 2.943108e+01 -1.013923e+00 
 2.943141e+01 -1.035868e+00 
 2.943173e+01 -1.032357e+00 
 2.943205e+01 -1.057336e+00 
 2.943238e+01 -1.083235e+00 
 2.943270e+01 -1.107239e+00 
 2.943302e+01 -1.130252e+00 
 2.943334e+01 -1.143133e+00 
 2.943367e+01 -1.147617e+00 
 2.943399e+01 -1.154663e+00 
 2.943431e+01 -1.163345e+00 
 2.943464e+01 -1.171860e+00 
 2.943496e+01 -1.178275e+00 
 2.943528e+01 -1.182230e+00 
 2.943561e+01 -1.183225e+00 
 2.943593e+01 -1.182000e+00 
 2.943625e+01 -1.181316e+00 
 2.943657e+01 -1.181289e+00 
 2.943690e+01 -1.178150e+00 
 2.943722e+01 -1.171988e+00 
 2.943754e+01 -1.164573e+00 
 2.943787e+01 -1.157273e+00 
 2.943819e+01 -1.152428e+00 
 2.943851e+01 -1.149790e+00 
 2.943884e+01 -1.148437e+00 
 2.943916e+01 -1.147275e+00 
 2.943948e+01 -1.152795e+00 
 2.943980e+01 -1.156297e+00 
 2.944013e+01 -1.159292e+00 
 2.944045e+01 -1.157414e+00 
 2.944077e+01 -1.150400e+00 
 2.944110e+01 -1.145627e+00 
 2.944142e+01 -1.143501e+00 
 2.944174e+01 -1.144217e+00 
 2.944206e+01 -1.141302e+00 
 2.944239e+01 -1.134550e+00 
 2.944271e+01 -1.126572e+00 
 2.944303e+01 -1.117822e+00 
 2.944336e+01 -1.111816e+00 
 2.944368e+01 -1.090777e+00 
 2.944400e+01 -1.072478e+00 
 2.944433e+01 -1.072471e+00 
 2.944465e+01 -1.071876e+00 
 2.944497e+01 -1.065357e+00 
 2.944529e+01 -1.058945e+00 
 2.944562e+01 -1.051505e+00 
 2.944594e+01 -1.047139e+00 
 2.944626e+01 -1.019595e+00 
 2.944659e+01 -1.024038e+00 
 2.944691e+01 -1.029532e+00 
 2.944723e+01 -1.037693e+00 
 2.944756e+01 -1.045328e+00 
 2.944788e+01 -1.051132e+00 
 2.944820e+01 -1.060784e+00 
 2.944852e+01 -1.063692e+00 
 2.944885e+01 -1.063940e+00 
 2.944917e+01 -1.061201e+00 
 2.944949e+01 -1.059360e+00 
 2.944982e+01 -1.061432e+00 
 2.945014e+01 -1.043378e+00 
 2.945046e+01 -1.051025e+00 
 2.945079e+01 -1.060073e+00 
 2.945111e+01 -1.061904e+00 
 2.945143e+01 -1.079128e+00 
 2.945175e+01 -1.096557e+00 
 2.945208e+01 -1.121653e+00 
 2.945240e+01 -1.147922e+00 
 2.945272e+01 -1.170667e+00 
 2.945305e+01 -1.183006e+00 
 2.945337e+01 -1.193487e+00 
 2.945369e+01 -1.202012e+00 
 2.945402e+01 -1.216008e+00 
 2.945434e+01 -1.238621e+00 
 2.945466e+01 -1.267432e+00 
 2.945498e+01 -1.300574e+00 
 2.945531e+01 -1.328373e+00 
 2.945563e+01 -1.352302e+00 
 2.945595e+01 -1.377205e+00 
 2.945628e+01 -1.402013e+00 
 2.945660e+01 -1.415766e+00 
 2.945692e+01 -1.426544e+00 
 2.945725e+01 -1.432475e+00 
 2.945757e+01 -1.433033e+00 
 2.945789e+01 -1.428297e+00 
 2.945821e+01 -1.421171e+00 
 2.945854e+01 -1.414617e+00 
 2.945886e+01 -1.410128e+00 
 2.945918e+01 -1.371940e+00 
 2.945951e+01 -1.361316e+00 
 2.945983e+01 -1.349609e+00 
 2.946015e+01 -1.318077e+00 
 2.946048e+01 -1.304780e+00 
 2.946080e+01 -1.289274e+00 
 2.946112e+01 -1.271615e+00 
 2.946144e+01 -1.251882e+00 
 2.946177e+01 -1.231359e+00 
 2.946209e+01 -1.213045e+00 
 2.946241e+01 -1.168903e+00 
 2.946274e+01 -1.134857e+00 
 2.946306e+01 -1.102579e+00 
 2.946338e+01 -1.092276e+00 
 2.946371e+01 -1.083131e+00 
 2.946403e+01 -1.075295e+00 
 2.946435e+01 -1.060629e+00 
 2.946467e+01 -1.049712e+00 
 2.946500e+01 -1.040979e+00 
 2.946532e+01 -1.031098e+00 
 2.946564e+01 -1.012135e+00 
 2.946597e+01 -1.000179e+00 
 2.946629e+01 -9.857527e-01 
 2.946661e+01 -9.783866e-01 
 2.946694e+01 -9.724125e-01 
 2.946726e+01 -8.782171e-01 
 2.946758e+01 -8.732282e-01 
 2.946790e+01 -8.639580e-01 
 2.946823e+01 -8.535872e-01 
 2.946855e+01 -8.437820e-01 
 2.946887e+01 -8.378485e-01 
 2.946920e+01 -8.364469e-01 
 2.946952e+01 -8.393388e-01 
 2.946984e+01 -8.078147e-01 
 2.947017e+01 -8.137441e-01 
 2.947049e+01 -7.964066e-01 
 2.947081e+01 -8.093302e-01 
 2.947113e+01 -8.177469e-01 
 2.947146e+01 -8.203590e-01 
 2.947178e+01 -8.212657e-01 
 2.947210e+01 -7.946878e-01 
 2.947243e+01 -7.989261e-01 
 2.947275e+01 -8.065101e-01 
 2.947307e+01 -8.187585e-01 
 2.947340e+01 -8.355423e-01 
 2.947372e+01 -8.550050e-01 
 2.947404e+01 -8.764556e-01 
 2.947436e+01 -9.128070e-01 
 2.947469e+01 -9.491220e-01 
 2.947501e+01 -9.828725e-01 
 2.947533e+01 -1.023504e+00 
 2.947566e+01 -1.050850e+00 
 2.947598e+01 -1.065872e+00 
 2.947630e+01 -1.082083e+00 
 2.947662e+01 -1.110694e+00 
 2.947695e+01 -1.150067e+00 
 2.947727e+01 -1.178970e+00 
 2.947759e+01 -1.197886e+00 
 2.947792e+01 -1.214305e+00 
 2.947824e+01 -1.227214e+00 
 2.947856e+01 -1.245072e+00 
 2.947889e+01 -1.270606e+00 
 2.947921e+01 -1.288455e+00 
 2.947953e+01 -1.297508e+00 
 2.947985e+01 -1.304921e+00 
 2.948018e+01 -1.311754e+00 
 2.948050e+01 -1.317203e+00 
 2.948082e+01 -1.322895e+00 
 2.948115e+01 -1.336350e+00 
 2.948147e+01 -1.359636e+00 
 2.948179e+01 -1.384472e+00 
 2.948212e+01 -1.402588e+00 
 2.948244e+01 -1.413670e+00 
 2.948276e+01 -1.422839e+00 
 2.948308e+01 -1.398324e+00 
 2.948341e+01 -1.397979e+00 
 2.948373e+01 -1.392601e+00 
 2.948405e+01 -1.383030e+00 
 2.948438e+01 -1.371251e+00 
 2.948470e+01 -1.360524e+00 
 2.948502e+01 -1.352502e+00 
 2.948535e+01 -1.323377e+00 
 2.948567e+01 -1.294733e+00 
 2.948599e+01 -1.289790e+00 
 2.948631e+01 -1.284343e+00 
 2.948664e+01 -1.278449e+00 
 2.948696e+01 -1.273933e+00 
 2.948728e+01 -1.242748e+00 
 2.948761e+01 -1.240044e+00 
 2.948793e+01 -1.234752e+00 
 2.948825e+01 -1.227715e+00 
 2.948858e+01 -1.220701e+00 
 2.948890e+01 -1.195789e+00 
 2.948922e+01 -1.193148e+00 
 2.948954e+01 -1.192209e+00 
 2.948987e+01 -1.169367e+00 
 2.949019e+01 -1.167419e+00 
 2.949051e+01 -1.163196e+00 
 2.949084e+01 -1.156809e+00 
 2.949116e+01 -1.148520e+00 
 2.949148e+01 -1.137911e+00 
 2.949181e+01 -1.127591e+00 
 2.949213e+01 -1.126199e+00 
 2.949245e+01 -1.126578e+00 
 2.949277e+01 -1.124905e+00 
 2.949310e+01 -1.125910e+00 
 2.949342e+01 -1.122928e+00 
 2.949374e+01 -1.129598e+00 
 2.949407e+01 -1.139728e+00 
 2.949439e+01 -1.142960e+00 
 2.949471e+01 -1.143753e+00 
 2.949504e+01 -1.144597e+00 
 2.949536e+01 -1.144993e+00 
 2.949568e+01 -1.148262e+00 
 2.949600e+01 -1.156295e+00 
 2.949633e+01 -1.173130e+00 
 2.949665e+01 -1.187585e+00 
 2.949697e+01 -1.203086e+00 
 2.949730e+01 -1.219265e+00 
 2.949762e+01 -1.236670e+00 
 2.949794e+01 -1.256815e+00 
 2.949827e+01 -1.276202e+00 
 2.949859e+01 -1.274421e+00 
 2.949891e+01 -1.293041e+00 
 2.949923e+01 -1.312921e+00 
 2.949956e+01 -1.313567e+00 
 2.949988e+01 -1.333183e+00 
 2.950020e+01 -1.352836e+00 
 2.950053e+01 -1.319366e+00 
 2.950085e+01 -1.332226e+00 
 2.950117e+01 -1.341417e+00 
 2.950150e+01 -1.351075e+00 
 2.950182e+01 -1.362185e+00 
 2.950214e+01 -1.373159e+00 
 2.950246e+01 -1.385718e+00 
 2.950279e+01 -1.400528e+00 
 2.950311e+01 -1.412094e+00 
 2.950343e+01 -1.419586e+00 
 2.950376e+01 -1.424613e+00 
 2.950408e+01 -1.427590e+00 
 2.950440e+01 -1.428532e+00 
 2.950473e+01 -1.429668e+00 
 2.950505e+01 -1.432928e+00 
 2.950537e+01 -1.436544e+00 
 2.950569e+01 -1.439485e+00 
 2.950602e+01 -1.442210e+00 
 2.950634e+01 -1.443979e+00 
 2.950666e+01 -1.440482e+00 
 2.950699e+01 -1.438871e+00 
 2.950731e+01 -1.438380e+00 
 2.950763e+01 -1.438802e+00 
 2.950796e+01 -1.436157e+00 
 2.950828e+01 -1.430808e+00 
 2.950860e+01 -1.406924e+00 
 2.950892e+01 -1.396007e+00 
 2.950925e+01 -1.381905e+00 
 2.950957e+01 -1.364823e+00 
 2.950989e+01 -1.340965e+00 
 2.951022e+01 -1.321782e+00 
 2.951054e+01 -1.303096e+00 
 2.951086e+01 -1.287097e+00 
 2.951119e+01 -1.272819e+00 
 2.951151e+01 -1.259421e+00 
 2.951183e+01 -1.245089e+00 
 2.951215e+01 -1.228440e+00 
 2.951248e+01 -1.208764e+00 
 2.951280e+01 -1.187783e+00 
 2.951312e+01 -1.167115e+00 
 2.951345e+01 -1.145425e+00 
 2.951377e+01 -1.121011e+00 
 2.951409e+01 -1.095618e+00 
 2.951441e+01 -1.071433e+00 
 2.951474e+01 -1.050829e+00 
 2.951506e+01 -1.035554e+00 
 2.951538e+01 -1.024823e+00 
 2.951571e+01 -1.016446e+00 
 2.951603e+01 -1.006805e+00 
 2.951635e+01 -9.961331e-01 
 2.951668e+01 -9.845335e-01 
 2.951700e+01 -9.731873e-01 
 2.951732e+01 -9.621583e-01 
 2.951764e+01 -9.529085e-01 
 2.951797e+01 -9.464603e-01 
 2.951829e+01 -9.440217e-01 
 2.951861e+01 -9.458858e-01 
 2.951894e+01 -9.503681e-01 
 2.951926e+01 -9.505832e-01 
 2.951958e+01 -9.572101e-01 
 2.951991e+01 -9.651525e-01 
 2.952023e+01 -9.752021e-01 
 2.952055e+01 -9.845631e-01 
 2.952087e+01 -9.930644e-01 
 2.952120e+01 -1.001074e+00 
 2.952152e+01 -1.009500e+00 
 2.952184e+01 -1.019912e+00 
 2.952217e+01 -1.033414e+00 
 2.952249e+01 -1.048830e+00 
 2.952281e+01 -1.065579e+00 
 2.952314e+01 -1.083548e+00 
 2.952346e+01 -1.101847e+00 
 2.952378e+01 -1.119365e+00 
 2.952410e+01 -1.136513e+00 
 2.952443e+01 -1.154084e+00 
 2.952475e+01 -1.171206e+00 
 2.952507e+01 -1.187449e+00 
 2.952540e+01 -1.204716e+00 
 2.952572e+01 -1.222477e+00 
 2.952604e+01 -1.240841e+00 
 2.952637e+01 -1.261275e+00 
 2.952669e+01 -1.282490e+00 
 2.952701e+01 -1.301642e+00 
 2.952733e+01 -1.319425e+00 
 2.952766e+01 -1.337268e+00 
 2.952798e+01 -1.354087e+00 
 2.952830e+01 -1.368189e+00 
 2.952863e+01 -1.380577e+00 
 2.952895e+01 -1.396782e+00 
 2.952927e+01 -1.416177e+00 
 2.952960e+01 -1.436769e+00 
 2.952992e+01 -1.451407e+00 
 2.953024e+01 -1.462280e+00 
 2.953056e+01 -1.471955e+00 
 2.953089e+01 -1.484604e+00 
 2.953121e+01 -1.500249e+00 
 2.953153e+01 -1.515294e+00 
 2.953186e+01 -1.527515e+00 
 2.953218e+01 -1.534705e+00 
 2.953250e+01 -1.537572e+00 
 2.953283e+01 -1.537501e+00 
 2.953315e+01 -1.536524e+00 
 2.953347e+01 -1.533255e+00 
 2.953379e+01 -1.533837e+00 
 2.953412e+01 -1.530696e+00 
 2.953444e+01 -1.514865e+00 
 2.953476e+01 -1.516070e+00 
 2.953509e+01 -1.516946e+00 
 2.953541e+01 -1.518180e+00 
 2.953573e+01 -1.519259e+00 
 2.953606e+01 -1.517704e+00 
 2.953638e+01 -1.512183e+00 
 2.953670e+01 -1.504266e+00 
 2.953702e+01 -1.496118e+00 
 2.953735e+01 -1.488453e+00 
 2.953767e+01 -1.481432e+00 
 2.953799e+01 -1.475426e+00 
 2.953832e+01 -1.469704e+00 
 2.953864e+01 -1.461542e+00 
 2.953896e+01 -1.452603e+00 
 2.953929e+01 -1.444124e+00 
 2.953961e+01 -1.433962e+00 
 2.953993e+01 -1.422032e+00 
 2.954025e+01 -1.410846e+00 
 2.954058e+01 -1.399535e+00 
 2.954090e+01 -1.386986e+00 
 2.954122e+01 -1.374878e+00 
 2.954155e+01 -1.364354e+00 
 2.954187e+01 -1.352923e+00 
 2.954219e+01 -1.340968e+00 
 2.954252e+01 -1.329920e+00 
 2.954284e+01 -1.319594e+00 
 2.954316e+01 -1.309158e+00 
 2.954348e+01 -1.300855e+00 
 2.954381e+01 -1.296645e+00 
 2.954413e+01 -1.294977e+00 
 2.954445e+01 -1.293809e+00 
 2.954478e+01 -1.293274e+00 
 2.954510e+01 -1.291855e+00 
 2.954542e+01 -1.288223e+00 
 2.954575e+01 -1.282371e+00 
 2.954607e+01 -1.276323e+00 
 2.954639e+01 -1.269987e+00 
 2.954671e+01 -1.264375e+00 
 2.954704e+01 -1.260363e+00 
 2.954736e+01 -1.258193e+00 
 2.954768e+01 -1.258306e+00 
 2.954801e+01 -1.262027e+00 
 2.954833e+01 -1.222089e+00 
 2.954865e+01 -1.228422e+00 
 2.954898e+01 -1.235410e+00 
 2.954930e+01 -1.242447e+00 
 2.954962e+01 -1.249898e+00 
 2.954994e+01 -1.256627e+00 
 2.955027e+01 -1.263807e+00 
 2.955059e+01 -1.271870e+00 
 2.955091e+01 -1.280817e+00 
 2.955124e+01 -1.291630e+00 
 2.955156e+01 -1.303840e+00 
 2.955188e+01 -1.315366e+00 
 2.955221e+01 -1.325196e+00 
 2.955253e+01 -1.333947e+00 
 2.955285e+01 -1.342570e+00 
 2.955317e+01 -1.351238e+00 
 2.955350e+01 -1.359599e+00 
 2.955382e+01 -1.368706e+00 
 2.955414e+01 -1.377415e+00 
 2.955447e+01 -1.384565e+00 
 2.955479e+01 -1.388773e+00 
 2.955511e+01 -1.392749e+00 
 2.955544e+01 -1.395725e+00 
 2.955576e+01 -1.399030e+00 
 2.955608e+01 -1.402604e+00 
 2.955640e+01 -1.406667e+00 
 2.955673e+01 -1.409206e+00 
 2.955705e+01 -1.359814e+00 
 2.955737e+01 -1.356279e+00 
 2.955770e+01 -1.352188e+00 
 2.955802e+01 -1.345944e+00 
 2.955834e+01 -1.337229e+00 
 2.955866e+01 -1.326003e+00 
 2.955899e+01 -1.312769e+00 
 2.955931e+01 -1.299583e+00 
 2.955963e+01 -1.288306e+00 
 2.955996e+01 -1.278753e+00 
 2.956028e+01 -1.268639e+00 
 2.956060e+01 -1.256997e+00 
 2.956093e+01 -1.245148e+00 
 2.956125e+01 -1.232443e+00 
 2.956157e+01 -1.217611e+00 
 2.956189e+01 -1.202309e+00 
 2.956222e+01 -1.186371e+00 
 2.956254e+01 -1.168935e+00 
 2.956286e+01 -1.150952e+00 
 2.956319e+01 -1.133866e+00 
 2.956351e+01 -1.116865e+00 
 2.956383e+01 -1.100175e+00 
 2.956416e+01 -1.085864e+00 
 2.956448e+01 -1.072739e+00 
 2.956480e+01 -1.059378e+00 
 2.956512e+01 -1.044489e+00 
 2.956545e+01 -9.986032e-01 
 2.956577e+01 -9.855314e-01 
 2.956609e+01 -9.590289e-01 
 2.956642e+01 -9.361024e-01 
 2.956674e+01 -9.327795e-01 
 2.956706e+01 -9.283693e-01 
 2.956739e+01 -9.279344e-01 
 2.956771e+01 -9.295719e-01 
 2.956803e+01 -9.328532e-01 
 2.956835e+01 -9.375168e-01 
 2.956868e+01 -9.439011e-01 
 2.956900e+01 -9.511897e-01 
 2.956932e+01 -9.588427e-01 
 2.956965e+01 -9.667681e-01 
 2.956997e+01 -9.743493e-01 
 2.957029e+01 -9.802291e-01 
 2.957062e+01 -9.665033e-01 
 2.957094e+01 -9.732901e-01 
 2.957126e+01 -9.612086e-01 
 2.957158e+01 -9.705287e-01 
 2.957191e+01 -9.506717e-01 
 2.957223e+01 -9.460116e-01 
 2.957255e+01 -9.613587e-01 
 2.957288e+01 -9.901585e-01 
 2.957320e+01 -1.020524e+00 
 2.957352e+01 -1.044581e+00 
 2.957385e+01 -1.061953e+00 
 2.957417e+01 -1.086310e+00 
 2.957449e+01 -1.115838e+00 
 2.957481e+01 -1.143724e+00 
 2.957514e+01 -1.113357e+00 
 2.957546e+01 -1.076819e+00 
 2.957578e+01 -1.085943e+00 
 2.957611e+01 -1.101624e+00 
 2.957643e+01 -1.126026e+00 
 2.957675e+01 -1.149202e+00 
 2.957708e+01 -1.166272e+00 
 2.957740e+01 -1.181751e+00 
 2.957772e+01 -1.201300e+00 
 2.957804e+01 -1.223992e+00 
 2.957837e+01 -1.230339e+00 
 2.957869e+01 -1.248950e+00 
 2.957901e+01 -1.263342e+00 
 2.957934e+01 -1.274039e+00 
 2.957966e+01 -1.282439e+00 
 2.957998e+01 -1.289561e+00 
 2.958031e+01 -1.296336e+00 
 2.958063e+01 -1.303293e+00 
 2.958095e+01 -1.312277e+00 
 2.958127e+01 -1.324483e+00 
 2.958160e+01 -1.340140e+00 
 2.958192e+01 -1.358252e+00 
 2.958224e+01 -1.377271e+00 
 2.958257e+01 -1.393473e+00 
 2.958289e+01 -1.386559e+00 
 2.958321e+01 -1.389790e+00 
 2.958354e+01 -1.390600e+00 
 2.958386e+01 -1.396801e+00 
 2.958418e+01 -1.399545e+00 
 2.958450e+01 -1.406739e+00 
 2.958483e+01 -1.411480e+00 
 2.958515e+01 -1.416431e+00 
 2.958547e+01 -1.423918e+00 
 2.958580e+01 -1.434319e+00 
 2.958612e+01 -1.445069e+00 
 2.958644e+01 -1.452098e+00 
 2.958677e+01 -1.454514e+00 
 2.958709e+01 -1.452836e+00 
 2.958741e+01 -1.446082e+00 
 2.958773e+01 -1.434829e+00 
 2.958806e+01 -1.420701e+00 
 2.958838e+01 -1.406667e+00 
 2.958870e+01 -1.394800e+00 
 2.958903e+01 -1.386838e+00 
 2.958935e+01 -1.382809e+00 
 2.958967e+01 -1.380621e+00 
 2.959000e+01 -1.378519e+00 
 2.959032e+01 -1.375331e+00 
 2.959064e+01 -1.368820e+00 
 2.959096e+01 -1.327716e+00 
 2.959129e+01 -1.312171e+00 
 2.959161e+01 -1.293803e+00 
 2.959193e+01 -1.275389e+00 
 2.959226e+01 -1.259068e+00 
 2.959258e+01 -1.246486e+00 
 2.959290e+01 -1.238008e+00 
 2.959322e+01 -1.232755e+00 
 2.959355e+01 -1.229494e+00 
 2.959387e+01 -1.226975e+00 
 2.959419e+01 -1.223594e+00 
 2.959452e+01 -1.219568e+00 
 2.959484e+01 -1.214492e+00 
 2.959516e+01 -1.208280e+00 
 2.959549e+01 -1.199815e+00 
 2.959581e+01 -1.187036e+00 
 2.959613e+01 -1.177449e+00 
 2.959645e+01 -1.169203e+00 
 2.959678e+01 -1.163000e+00 
 2.959710e+01 -1.161394e+00 
 2.959742e+01 -1.163991e+00 
 2.959775e+01 -1.171079e+00 
 2.959807e+01 -1.181476e+00 
 2.959839e+01 -1.192508e+00 
 2.959872e+01 -1.202128e+00 
 2.959904e+01 -1.209086e+00 
 2.959936e+01 -1.213221e+00 
 2.959968e+01 -1.215208e+00 
 2.960001e+01 -1.216918e+00 
 2.960033e+01 -1.219500e+00 
 2.960065e+01 -1.223402e+00 
 2.960098e+01 -1.229153e+00 
 2.960130e+01 -1.238009e+00 
 2.960162e+01 -1.249181e+00 
 2.960195e+01 -1.263253e+00 
 2.960227e+01 -1.279328e+00 
 2.960259e+01 -1.294472e+00 
 2.960291e+01 -1.306161e+00 
 2.960324e+01 -1.313409e+00 
 2.960356e+01 -1.318100e+00 
 2.960388e+01 -1.321482e+00 
 2.960421e+01 -1.325716e+00 
 2.960453e+01 -1.331941e+00 
 2.960485e+01 -1.339141e+00 
 2.960518e+01 -1.346171e+00 
 2.960550e+01 -1.353740e+00 
 2.960582e+01 -1.361677e+00 
 2.960614e+01 -1.369392e+00 
 2.960647e+01 -1.374832e+00 
 2.960679e+01 -1.378135e+00 
 2.960711e+01 -1.380722e+00 
 2.960744e+01 -1.382031e+00 
 2.960776e+01 -1.382419e+00 
 2.960808e+01 -1.381631e+00 
 2.960841e+01 -1.379545e+00 
 2.960873e+01 -1.376684e+00 
 2.960905e+01 -1.373383e+00 
 2.960937e+01 -1.370927e+00 
 2.960970e+01 -1.369748e+00 
 2.961002e+01 -1.367085e+00 
 2.961034e+01 -1.368336e+00 
 2.961067e+01 -1.369949e+00 
 2.961099e+01 -1.371097e+00 
 2.961131e+01 -1.370118e+00 
 2.961164e+01 -1.366339e+00 
 2.961196e+01 -1.361576e+00 
 2.961228e+01 -1.356763e+00 
 2.961260e+01 -1.351588e+00 
 2.961293e+01 -1.345600e+00 
 2.961325e+01 -1.339722e+00 
 2.961357e+01 -1.334213e+00 
 2.961390e+01 -1.324848e+00 
 2.961422e+01 -1.322548e+00 
 2.961454e+01 -1.321392e+00 
 2.961487e+01 -1.320569e+00 
 2.961519e+01 -1.320159e+00 
 2.961551e+01 -1.318894e+00 
 2.961583e+01 -1.315795e+00 
 2.961616e+01 -1.310188e+00 
 2.961648e+01 -1.302676e+00 
 2.961680e+01 -1.294536e+00 
 2.961713e+01 -1.287850e+00 
 2.961745e+01 -1.283838e+00 
 2.961777e+01 -1.283159e+00 
 2.961810e+01 -1.285522e+00 
 2.961842e+01 -1.290927e+00 
 2.961874e+01 -1.298509e+00 
 2.961906e+01 -1.286312e+00 
 2.961939e+01 -1.266436e+00 
 2.961971e+01 -1.269302e+00 
 2.962003e+01 -1.269707e+00 
 2.962036e+01 -1.268260e+00 
 2.962068e+01 -1.265825e+00 
 2.962100e+01 -1.263299e+00 
 2.962133e+01 -1.263005e+00 
 2.962165e+01 -1.265777e+00 
 2.962197e+01 -1.272877e+00 
 2.962229e+01 -1.284974e+00 
 2.962262e+01 -1.294488e+00 
 2.962294e+01 -1.312413e+00 
 2.962326e+01 -1.329889e+00 
 2.962359e+01 -1.345125e+00 
 2.962391e+01 -1.358460e+00 
 2.962423e+01 -1.369083e+00 
 2.962456e+01 -1.377148e+00 
 2.962488e+01 -1.383135e+00 
 2.962520e+01 -1.387465e+00 
 2.962552e+01 -1.391542e+00 
 2.962585e+01 -1.397614e+00 
 2.962617e+01 -1.407706e+00 
 2.962649e+01 -1.422544e+00 
 2.962682e+01 -1.440725e+00 
 2.962714e+01 -1.460837e+00 
 2.962746e+01 -1.480876e+00 
 2.962779e+01 -1.498706e+00 
 2.962811e+01 -1.513028e+00 
 2.962843e+01 -1.524381e+00 
 2.962875e+01 -1.532414e+00 
 2.962908e+01 -1.541922e+00 
 2.962940e+01 -1.555177e+00 
 2.962972e+01 -1.570717e+00 
 2.963005e+01 -1.590545e+00 
 2.963037e+01 -1.613898e+00 
 2.963069e+01 -1.639968e+00 
 2.963102e+01 -1.663596e+00 
 2.963134e+01 -1.684015e+00 
 2.963166e+01 -1.701091e+00 
 2.963198e+01 -1.713627e+00 
 2.963231e+01 -1.720947e+00 
 2.963263e+01 -1.724789e+00 
 2.963295e+01 -1.724397e+00 
 2.963328e+01 -1.722702e+00 
 2.963360e+01 -1.720178e+00 
 2.963392e+01 -1.717465e+00 
 2.963424e+01 -1.715962e+00 
 2.963457e+01 -1.714245e+00 
 2.963489e+01 -1.718247e+00 
 2.963521e+01 -1.723127e+00 
 2.963554e+01 -1.727918e+00 
 2.963586e+01 -1.731058e+00 
 2.963618e+01 -1.730702e+00 
 2.963651e+01 -1.726081e+00 
 2.963683e+01 -1.718215e+00 
 2.963715e+01 -1.708205e+00 
 2.963747e+01 -1.696126e+00 
 2.963780e+01 -1.683389e+00 
 2.963812e+01 -1.671447e+00 
 2.963844e+01 -1.660055e+00 
 2.963877e+01 -1.649647e+00 
 2.963909e+01 -1.638465e+00 
 2.963941e+01 -1.629088e+00 
 2.963974e+01 -1.617341e+00 
 2.964006e+01 -1.600979e+00 
 2.964038e+01 -1.585090e+00 
 2.964070e+01 -1.567686e+00 
 2.964103e+01 -1.548857e+00 
 2.964135e+01 -1.528617e+00 
 2.964167e+01 -1.512620e+00 
 2.964200e+01 -1.496844e+00 
 2.964232e+01 -1.483600e+00 
 2.964264e+01 -1.429514e+00 
 2.964297e+01 -1.420612e+00 
 2.964329e+01 -1.411306e+00 
 2.964361e+01 -1.394390e+00 
 2.964393e+01 -1.382306e+00 
 2.964426e+01 -1.368447e+00 
 2.964458e+01 -1.354323e+00 
 2.964490e+01 -1.342532e+00 
 2.964523e+01 -1.332527e+00 
 2.964555e+01 -1.325517e+00 
 2.964587e+01 -1.320782e+00 
 2.964620e+01 -1.320532e+00 
 2.964652e+01 -1.322487e+00 
 2.964684e+01 -1.326587e+00 
 2.964716e+01 -1.330946e+00 
 2.964749e+01 -1.334387e+00 
 2.964781e+01 -1.335141e+00 
 2.964813e+01 -1.334155e+00 
 2.964846e+01 -1.332878e+00 
 2.964878e+01 -1.331106e+00 
 2.964910e+01 -1.329935e+00 
 2.964943e+01 -1.329265e+00 
 2.964975e+01 -1.330638e+00 
 2.965007e+01 -1.333256e+00 
 2.965039e+01 -1.338510e+00 
 2.965072e+01 -1.341720e+00 
 2.965104e+01 -1.348865e+00 
 2.965136e+01 -1.351061e+00 
 2.965169e+01 -1.354495e+00 
 2.965201e+01 -1.353584e+00 
 2.965233e+01 -1.350321e+00 
 2.965266e+01 -1.345297e+00 
 2.965298e+01 -1.339967e+00 
 2.965330e+01 -1.333594e+00 
 2.965362e+01 -1.326730e+00 
 2.965395e+01 -1.320993e+00 
 2.965427e+01 -1.315601e+00 
 2.965459e+01 -1.310850e+00 
 2.965492e+01 -1.307497e+00 
 2.965524e+01 -1.305858e+00 
 2.965556e+01 -1.302023e+00 
 2.965589e+01 -1.295384e+00 
 2.965621e+01 -1.284895e+00 
 2.965653e+01 -1.271913e+00 
 2.965685e+01 -1.253725e+00 
 2.965718e+01 -1.230018e+00 
 2.965750e+01 -1.204152e+00 
 2.965782e+01 -1.178262e+00 
 2.965815e+01 -1.151851e+00 
 2.965847e+01 -1.126474e+00 
 2.965879e+01 -1.103393e+00 
 2.965912e+01 -1.081019e+00 
 2.965944e+01 -1.058534e+00 
 2.965976e+01 -1.034314e+00 
 2.966008e+01 -1.010522e+00 
 2.966041e+01 -9.865204e-01 
 2.966073e+01 -9.606210e-01 
 2.966105e+01 -9.333760e-01 
 2.966138e+01 -9.048006e-01 
 2.966170e+01 -8.755698e-01 
 2.966202e+01 -8.455603e-01 
 2.966235e+01 -8.168444e-01 
 2.966267e+01 -7.896400e-01 
 2.966299e+01 -7.653821e-01 
 2.966331e+01 -7.434706e-01 
 2.966364e+01 -7.236332e-01 
 2.966396e+01 -7.045568e-01 
 2.966428e+01 -6.850268e-01 
 2.966461e+01 -6.662350e-01 
 2.966493e+01 -6.478125e-01 
 2.966525e+01 -6.285194e-01 
 2.966558e+01 -6.091548e-01 
 2.966590e+01 -5.886726e-01 
 2.966622e+01 -5.679588e-01 
 2.966654e+01 -5.480765e-01 
 2.966687e+01 -5.279875e-01 
 2.966719e+01 -5.078631e-01 
 2.966751e+01 -4.872344e-01 
 2.966784e+01 -4.677693e-01 
 2.966816e+01 -4.496120e-01 
 2.966848e+01 -4.320563e-01 
 2.966880e+01 -4.137880e-01 
 2.966913e+01 -3.960090e-01 
 2.966945e+01 -3.776776e-01 
 2.966977e+01 -3.595779e-01 
 2.967010e+01 -3.419302e-01 
 2.967042e+01 -3.256154e-01 
 2.967074e+01 -3.111731e-01 
 2.967107e+01 -2.980598e-01 
 2.967139e+01 -2.877944e-01 
 2.967171e+01 -2.782997e-01 
 2.967203e+01 -2.680554e-01 
 2.967236e+01 -2.565541e-01 
 2.967268e+01 -2.447372e-01 
 2.967300e+01 -2.332206e-01 
 2.967333e+01 -2.235683e-01 
 2.967365e+01 -2.155464e-01 
 2.967397e+01 -2.085847e-01 
 2.967430e+01 -2.027304e-01 
 2.967462e+01 -1.981827e-01 
 2.967494e+01 -1.948068e-01 
 2.967526e+01 -1.944564e-01 
 2.967559e+01 -1.970444e-01 
 2.967591e+01 -2.004899e-01 
 2.967623e+01 -2.034733e-01 
 2.967656e+01 -2.046593e-01 
 2.967688e+01 -2.046418e-01 
 2.967720e+01 -2.023685e-01 
 2.967753e+01 -1.985267e-01 
 2.967785e+01 -1.950994e-01 
 2.967817e+01 -1.935909e-01 
 2.967849e+01 -1.940933e-01 
 2.967882e+01 -1.981509e-01 
 2.967914e+01 -2.042517e-01 
 2.967946e+01 -2.109113e-01 
 2.967979e+01 -2.170931e-01 
 2.968011e+01 -2.227842e-01 
 2.968043e+01 -2.265135e-01 
 2.968076e+01 -2.280271e-01 
 2.968108e+01 -2.263034e-01 
 2.968140e+01 -2.223814e-01 
 2.968172e+01 -2.174677e-01 
 2.968205e+01 -2.108032e-01 
 2.968237e+01 -2.045532e-01 
 2.968269e+01 -1.996787e-01 
 2.968302e+01 -1.958440e-01 
 2.968334e+01 -1.941733e-01 
 2.968366e+01 -1.962189e-01 
 2.968399e+01 -1.993076e-01 
 2.968431e+01 -2.022844e-01 
 2.968463e+01 -2.043796e-01 
 2.968495e+01 -2.039374e-01 
 2.968528e+01 -2.012946e-01 
 2.968560e+01 -1.956096e-01 
 2.968592e+01 -1.864050e-01 
 2.968625e+01 -1.761370e-01 
 2.968657e+01 -1.648732e-01 
 2.968689e+01 -1.554094e-01 
 2.968722e+01 -1.490837e-01 
 2.968754e+01 -1.455760e-01 
 2.968786e+01 -1.450315e-01 
 2.968818e+01 -1.469056e-01 
 2.968851e+01 -1.504329e-01 
 2.968883e+01 -1.536893e-01 
 2.968915e+01 -1.563530e-01 
 2.968948e+01 -1.572773e-01 
 2.968980e+01 -1.565238e-01 
 2.969012e+01 -1.542645e-01 
 2.969045e+01 -1.517278e-01 
 2.969077e+01 -1.492317e-01 
 2.969109e+01 -1.487219e-01 
 2.969141e+01 -1.504421e-01 
 2.969174e+01 -1.548842e-01 
 2.969206e+01 -1.630540e-01 
 2.969238e+01 -1.722886e-01 
 2.969271e+01 -1.822045e-01 
 2.969303e+01 -1.933933e-01 
 2.969335e+01 -2.051267e-01 
 2.969368e+01 -2.163913e-01 
 2.969400e+01 -2.267658e-01 
 2.969432e+01 -2.349564e-01 
 2.969464e+01 -2.419081e-01 
 2.969497e+01 -2.478935e-01 
 2.969529e+01 -2.565897e-01 
 2.969561e+01 -2.638349e-01 
 2.969594e+01 -2.724400e-01 
 2.969626e+01 -2.829888e-01 
 2.969658e+01 -2.956532e-01 
 2.969691e+01 -3.106243e-01 
 2.969723e+01 -3.271907e-01 
 2.969755e+01 -3.434870e-01 
 2.969787e+01 -3.611633e-01 
 2.969820e+01 -3.749369e-01 
 2.969852e+01 -3.882623e-01 
 2.969884e+01 -4.020043e-01 
 2.969917e+01 -4.155853e-01 
 2.969949e+01 -4.300021e-01 
 2.969981e+01 -4.431842e-01 
 2.970014e+01 -4.543883e-01 
 2.970046e+01 -4.641543e-01 
 2.970078e+01 -4.751711e-01 
 2.970110e+01 -4.878496e-01 
 2.970143e+01 -4.996630e-01 
 2.970175e+01 -5.117527e-01 
 2.970207e+01 -5.248619e-01 
 2.970240e+01 -5.384273e-01 
 2.970272e+01 -5.520311e-01 
 2.970304e+01 -5.672520e-01 
 2.970336e+01 -5.835834e-01 
 2.970369e+01 -6.021845e-01 
 2.970401e+01 -6.210369e-01 
 2.970433e+01 -6.399147e-01 
 2.970466e+01 -6.575573e-01 
 2.970498e+01 -6.722827e-01 
 2.970530e+01 -6.847539e-01 
 2.970563e+01 -6.956573e-01 
 2.970595e+01 -7.040316e-01 
 2.970627e+01 -7.078680e-01 
 2.970659e+01 -7.103941e-01 
 2.970692e+01 -7.089344e-01 
 2.970724e+01 -7.097315e-01 
 2.970756e+01 -7.131068e-01 
 2.970789e+01 -7.145038e-01 
 2.970821e+01 -7.153741e-01 
 2.970853e+01 -7.206940e-01 
 2.970886e+01 -7.230693e-01 
 2.970918e+01 -7.293223e-01 
 2.970950e+01 -7.371044e-01 
 2.970982e+01 -7.431750e-01 
 2.971015e+01 -7.502292e-01 
 2.971047e+01 -7.572599e-01 
 2.971079e+01 -7.659437e-01 
 2.971112e+01 -7.739480e-01 
 2.971144e+01 -7.843819e-01 
 2.971176e+01 -8.019355e-01 
 2.971209e+01 -8.140201e-01 
 2.971241e+01 -8.272456e-01 
 2.971273e+01 -8.391430e-01 
 2.971305e+01 -8.487560e-01 
 2.971338e+01 -8.540196e-01 
 2.971370e+01 -8.583066e-01 
 2.971402e+01 -8.595927e-01 
 2.971435e+01 -8.586054e-01 
 2.971467e+01 -8.547909e-01 
 2.971499e+01 -8.506146e-01 
 2.971532e+01 -8.452610e-01 
 2.971564e+01 -8.422071e-01 
 2.971596e+01 -8.415665e-01 
 2.971628e+01 -8.421028e-01 
 2.971661e+01 -8.439472e-01 
 2.971693e+01 -8.455966e-01 
 2.971725e+01 -8.463628e-01 
 2.971758e+01 -8.480897e-01 
 2.971790e+01 -8.479725e-01 
 2.971822e+01 -8.433300e-01 
 2.971855e+01 -8.371573e-01 
 2.971887e+01 -8.285507e-01 
 2.971919e+01 -8.219215e-01 
 2.971951e+01 -8.179557e-01 
 2.971984e+01 -8.135427e-01 
 2.972016e+01 -8.096531e-01 
 2.972048e+01 -8.086630e-01 
 2.972081e+01 -8.057155e-01 
 2.972113e+01 -8.041768e-01 
 2.972145e+01 -8.010107e-01 
 2.972178e+01 -7.966668e-01 
 2.972210e+01 -7.917617e-01 
 2.972242e+01 -7.847428e-01 
 2.972274e+01 -7.780073e-01 
 2.972307e+01 -7.685040e-01 
 2.972339e+01 -7.566276e-01 
 2.972371e+01 -7.441993e-01 
 2.972404e+01 -7.298509e-01 
 2.972436e+01 -7.182166e-01 
 2.972468e+01 -7.094232e-01 
 2.972501e+01 -6.996337e-01 
 2.972533e+01 -6.913329e-01 
 2.972565e+01 -6.821969e-01 
 2.972597e+01 -6.760320e-01 
 2.972630e+01 -6.696945e-01 
 2.972662e+01 -6.633417e-01 
 2.972694e+01 -6.585965e-01 
 2.972727e+01 -6.546912e-01 
 2.972759e+01 -6.523381e-01 
 2.972791e+01 -6.508157e-01 
 2.972824e+01 -6.503218e-01 
 2.972856e+01 -6.486849e-01 
 2.972888e+01 -6.462933e-01 
 2.972920e+01 -6.503146e-01 
 2.972953e+01 -6.495214e-01 
 2.972985e+01 -6.470939e-01 
 2.973017e+01 -6.455553e-01 
 2.973050e+01 -6.437199e-01 
 2.973082e+01 -6.400788e-01 
 2.973114e+01 -6.358642e-01 
 2.973146e+01 -6.338646e-01 
 2.973179e+01 -6.288779e-01 
 2.973211e+01 -6.269861e-01 
 2.973243e+01 -6.246665e-01 
 2.973276e+01 -6.219245e-01 
 2.973308e+01 -6.205122e-01 
 2.973340e+01 -6.206207e-01 
 2.973373e+01 -6.163846e-01 
 2.973405e+01 -6.121491e-01 
 2.973437e+01 -6.130023e-01 
 2.973469e+01 -6.160023e-01 
 2.973502e+01 -6.125467e-01 
 2.973534e+01 -6.086975e-01 
 2.973566e+01 -6.132566e-01 
 2.973599e+01 -6.116591e-01 
 2.973631e+01 -6.129934e-01 
 2.973663e+01 -6.191223e-01 
 2.973696e+01 -6.186111e-01 
 2.973728e+01 -6.218037e-01 
 2.973760e+01 -6.249750e-01 
 2.973792e+01 -6.244051e-01 
 2.973825e+01 -6.514868e-01 
 2.973857e+01 -6.499750e-01 
 2.973889e+01 -6.443876e-01 
 2.973922e+01 -6.337139e-01 
 2.973954e+01 -6.257793e-01 
 2.973986e+01 -6.189158e-01 
 2.974019e+01 -6.097193e-01 
 2.974051e+01 -6.015574e-01 
 2.974083e+01 -5.920883e-01 
 2.974115e+01 -5.824566e-01 
 2.974148e+01 -5.684905e-01 
 2.974180e+01 -5.587425e-01 
 2.974212e+01 -5.456428e-01 
 2.974245e+01 -5.353772e-01 
 2.974277e+01 -5.204620e-01 
 2.974309e+01 -5.058676e-01 
 2.974342e+01 -4.948065e-01 
 2.974374e+01 -4.810859e-01 
 2.974406e+01 -4.674748e-01 
 2.974438e+01 -4.557258e-01 
 2.974471e+01 -4.442960e-01 
 2.974503e+01 -4.382716e-01 
 2.974535e+01 -4.468154e-01 
 2.974568e+01 -4.427278e-01 
 2.974600e+01 -4.402421e-01 
 2.974632e+01 -4.384121e-01 
 2.974665e+01 -4.326261e-01 
 2.974697e+01 -4.267606e-01 
 2.974729e+01 -4.157883e-01 
 2.974761e+01 -4.035712e-01 
 2.974794e+01 -3.887267e-01 
 2.974826e+01 -3.730353e-01 
 2.974858e+01 -3.577210e-01 
 2.974891e+01 -3.413164e-01 
 2.974923e+01 -3.256719e-01 
 2.974955e+01 -3.117684e-01 
 2.974988e+01 -3.012509e-01 
 2.975020e+01 -2.935509e-01 
 2.975052e+01 -2.876812e-01 
 2.975084e+01 -2.847657e-01 
 2.975117e+01 -2.794072e-01 
 2.975149e+01 -2.766924e-01 
 2.975181e+01 -2.746655e-01 
 2.975214e+01 -2.712513e-01 
 2.975246e+01 -2.681251e-01 
 2.975278e+01 -2.663438e-01 
 2.975311e+01 -2.671713e-01 
 2.975343e+01 -2.708686e-01 
 2.975375e+01 -2.774039e-01 
 2.975407e+01 -2.868934e-01 
 2.975440e+01 -2.957029e-01 
 2.975472e+01 -3.014086e-01 
 2.975504e+01 -3.099025e-01 
 2.975537e+01 -3.185862e-01 
 2.975569e+01 -3.211004e-01 
 2.975601e+01 -3.205554e-01 
 2.975634e+01 -3.193030e-01 
 2.975666e+01 -3.158572e-01 
 2.975698e+01 -3.094859e-01 
 2.975730e+01 -3.025256e-01 
 2.975763e+01 -2.950303e-01 
 2.975795e+01 -2.864474e-01 
 2.975827e+01 -2.806373e-01 
 2.975860e+01 -2.771831e-01 
 2.975892e+01 -2.699025e-01 
 2.975924e+01 -2.644739e-01 
 2.975956e+01 -2.619940e-01 
 2.975989e+01 -2.589395e-01 
 2.976021e+01 -2.577741e-01 
 2.976053e+01 -2.575146e-01 
 2.976086e+01 -2.538053e-01 
 2.976118e+01 -2.496796e-01 
 2.976150e+01 -2.461615e-01 
 2.976183e+01 -2.453177e-01 
 2.976215e+01 -2.444460e-01 
 2.976247e+01 -2.418045e-01 
 2.976279e+01 -2.395948e-01 
 2.976312e+01 -2.420031e-01 
 2.976344e+01 -2.416999e-01 
 2.976376e+01 -2.416950e-01 
 2.976409e+01 -2.685502e-01 
 2.976441e+01 -2.761077e-01 
 2.976473e+01 -2.659277e-01 
 2.976506e+01 -2.524462e-01 
 2.976538e+01 -2.405849e-01 
 2.976570e+01 -2.196921e-01 
 2.976602e+01 -1.849462e-01 
 2.976635e+01 -1.522572e-01 
 2.976667e+01 -1.348755e-01 
 2.976699e+01 -1.138768e-01 
 2.976732e+01 -9.143430e-02 
 2.976764e+01 -6.884276e-02 
 2.976796e+01 -6.763013e-02 
 2.976829e+01 -5.533950e-02 
 2.976861e+01 -4.572313e-02 
 2.976893e+01 -4.185682e-02 
 2.976925e+01 -3.780382e-02 
 2.976958e+01 -3.673573e-02 
 2.976990e+01 -3.055234e-02 
 2.977022e+01 -6.478934e-02 
 2.977055e+01 -5.302888e-02 
 2.977087e+01 -1.611438e-01 
 2.977119e+01 -1.510880e-01 
 2.977152e+01 -1.423199e-01 
 2.977184e+01 -1.332565e-01 
 2.977216e+01 -1.244144e-01 
 2.977248e+01 -1.158143e-01 
 2.977281e+01 -1.044754e-01 
 2.977313e+01 -9.028537e-02 
 2.977345e+01 -7.317847e-02 
 2.977378e+01 -5.452339e-02 
 2.977410e+01 -3.459724e-02 
 2.977442e+01 -1.404361e-02 
 2.977475e+01  5.375834e-03 
 2.977507e+01  2.266076e-02 
 2.977539e+01  3.532834e-02 
 2.977571e+01  4.645868e-02 
 2.977604e+01  5.653829e-02 
 2.977636e+01  6.651362e-02 
 2.977668e+01  7.575533e-02 
 2.977701e+01  8.640877e-02 
 2.977733e+01  1.032413e-01 
 2.977765e+01  1.219161e-01 
 2.977798e+01  1.372693e-01 
 2.977830e+01  1.490145e-01 
 2.977862e+01  1.581735e-01 
 2.977894e+01  1.617998e-01 
 2.977927e+01  1.619944e-01 
 2.977959e+01  1.631871e-01 
 2.977991e+01  1.626693e-01 
 2.978024e+01  1.616951e-01 
 2.978056e+01  1.622991e-01 
 2.978088e+01  1.649811e-01 
 2.978121e+01  1.687903e-01 
 2.978153e+01  1.754857e-01 
 2.978185e+01  1.868807e-01 
 2.978217e+01  1.995969e-01 
 2.978250e+01  2.074826e-01 
 2.978282e+01  2.190435e-01 
 2.978314e+01  2.264990e-01 
 2.978347e+01  2.303970e-01 
 2.978379e+01  2.237654e-01 
 2.978411e+01  2.242663e-01 
 2.978444e+01  2.236884e-01 
 2.978476e+01  2.253717e-01 
 2.978508e+01  2.283767e-01 
 2.978540e+01  2.348643e-01 
 2.978573e+01  2.420042e-01 
 2.978605e+01  2.502964e-01 
 2.978637e+01  2.587863e-01 
 2.978670e+01  2.632389e-01 
 2.978702e+01  2.650245e-01 
 2.978734e+01  2.707650e-01 
 2.978767e+01  2.727943e-01 
 2.978799e+01  2.709327e-01 
 2.978831e+01  2.661372e-01 
 2.978863e+01  2.597600e-01 
 2.978896e+01  2.536803e-01 
 2.978928e+01  2.499004e-01 
 2.978960e+01  2.487159e-01 
 2.978993e+01  2.516631e-01 
 2.979025e+01  2.589129e-01 
 2.979057e+01  2.705328e-01 
 2.979089e+01  2.828170e-01 
 2.979122e+01  2.915662e-01 
 2.979154e+01  2.962302e-01 
 2.979186e+01  2.966676e-01 
 2.979219e+01  2.968835e-01 
 2.979251e+01  2.967044e-01 
 2.979283e+01  2.971005e-01 
 2.979316e+01  2.988514e-01 
 2.979348e+01  3.031925e-01 
 2.979380e+01  3.090153e-01 
 2.979412e+01  3.144975e-01 
 2.979445e+01  2.730023e-01 
 2.979477e+01  2.764714e-01 
 2.979509e+01  2.800148e-01 
 2.979542e+01  2.815101e-01 
 2.979574e+01  2.806540e-01 
 2.979606e+01  2.785729e-01 
 2.979639e+01  2.753258e-01 
 2.979671e+01  2.726004e-01 
 2.979703e+01  2.737712e-01 
 2.979735e+01  2.773238e-01 
 2.979768e+01  2.815103e-01 
 2.979800e+01  2.840235e-01 
 2.979832e+01  2.855292e-01 
 2.979865e+01  2.847162e-01 
 2.979897e+01  2.833311e-01 
 2.979929e+01  2.239922e-01 
 2.979962e+01  2.223090e-01 
 2.979994e+01  2.196482e-01 
 2.980026e+01  2.216687e-01 
 2.980058e+01  2.251245e-01 
 2.980091e+01  2.288721e-01 
 2.980123e+01  2.338562e-01 
 2.980155e+01  2.401628e-01 
 2.980188e+01  2.481553e-01 
 2.980220e+01  2.594096e-01 
 2.980252e+01  2.737656e-01 
 2.980285e+01  2.855227e-01 
 2.980317e+01  2.776782e-01 
 2.980349e+01  2.851801e-01 
 2.980381e+01  2.909175e-01 
 2.980414e+01  2.945718e-01 
 2.980446e+01  2.984383e-01 
 2.980478e+01  3.027890e-01 
 2.980511e+01  3.082196e-01 
 2.980543e+01  3.150489e-01 
 2.980575e+01  3.246729e-01 
 2.980608e+01  3.343315e-01 
 2.980640e+01  3.413007e-01 
 2.980672e+01  3.466104e-01 
 2.980704e+01  3.502123e-01 
 2.980737e+01  3.527467e-01 
 2.980769e+01  3.540146e-01 
 2.980801e+01  3.533040e-01 
 2.980834e+01  3.532943e-01 
 2.980866e+01  3.541848e-01 
 2.980898e+01  3.550516e-01 
 2.980931e+01  3.578408e-01 
 2.980963e+01  3.614297e-01 
 2.980995e+01  3.658386e-01 
 2.981027e+01  3.706726e-01 
 2.981060e+01  3.740528e-01 
 2.981092e+01  3.766641e-01 
 2.981124e+01  3.769981e-01 
 2.981157e+01  3.739028e-01 
 2.981189e+01  3.696793e-01 
 2.981221e+01  3.639352e-01 
 2.981254e+01  3.594266e-01 
 2.981286e+01  3.414913e-01 
 2.981318e+01  3.403685e-01 
 2.981350e+01  3.389579e-01 
 2.981383e+01  3.355200e-01 
 2.981415e+01  3.290473e-01 
 2.981447e+01  3.212433e-01 
 2.981480e+01  3.125086e-01 
 2.981512e+01  3.049740e-01 
 2.981544e+01  2.984561e-01 
 2.981577e+01  2.921690e-01 
 2.981609e+01  2.857474e-01 
 2.981641e+01  2.779575e-01 
 2.981673e+01  2.684179e-01 
 2.981706e+01  2.568454e-01 
 2.981738e+01  2.461417e-01 
 2.981770e+01  2.378215e-01 
 2.981803e+01  2.311637e-01 
 2.981835e+01  2.250368e-01 
 2.981867e+01  2.199622e-01 
 2.981900e+01  2.144973e-01 
 2.981932e+01  2.093830e-01 
 2.981964e+01  2.055280e-01 
 2.981996e+01  2.025300e-01 
 2.982029e+01  1.989340e-01 
 2.982061e+01  1.937903e-01 
 2.982093e+01  1.883673e-01 
 2.982126e+01  1.835416e-01 
 2.982158e+01  1.801988e-01 
 2.982190e+01  1.790117e-01 
 2.982223e+01  1.808538e-01 
 2.982255e+01  1.867979e-01 
 2.982287e+01  1.966146e-01 
 2.982319e+01  2.075202e-01 
 2.982352e+01  2.153239e-01 
 2.982384e+01  2.196000e-01 
 2.982416e+01  2.223758e-01 
 2.982449e+01  2.242305e-01 
 2.982481e+01  2.259016e-01 
 2.982513e+01  2.289574e-01 
 2.982545e+01  2.338664e-01 
 2.982578e+01  2.397314e-01 
 2.982610e+01  2.478575e-01 
 2.982642e+01  2.591026e-01 
 2.982675e+01  2.710319e-01 
 2.982707e+01  2.807419e-01 
 2.982739e+01  2.892803e-01 
 2.982772e+01  2.971266e-01 
 2.982804e+01  3.037394e-01 
 2.982836e+01  3.086030e-01 
 2.982868e+01  3.116043e-01 
 2.982901e+01  3.121231e-01 
 2.982933e+01  3.118376e-01 
 2.982965e+01  3.120784e-01 
 2.982998e+01  3.131361e-01 
 2.983030e+01  3.155811e-01 
 2.983062e+01  3.194987e-01 
 2.983095e+01  3.241784e-01 
 2.983127e+01  3.288945e-01 
 2.983159e+01  3.329048e-01 
 2.983191e+01  3.312850e-01 
 2.983224e+01  3.219929e-01 
 2.983256e+01  3.066559e-01 
 2.983288e+01  2.876418e-01 
 2.983321e+01  2.675489e-01 
 2.983353e+01  2.469399e-01 
 2.983385e+01  2.268026e-01 
 2.983418e+01  2.080373e-01 
 2.983450e+01  1.910213e-01 
 2.983482e+01  1.776362e-01 
 2.983514e+01  1.674206e-01 
 2.983547e+01  1.583229e-01 
 2.983579e+01  1.485670e-01 
 2.983611e+01  1.347903e-01 
 2.983644e+01  1.167563e-01 
 2.983676e+01  9.455489e-02 
 2.983708e+01  6.595285e-02 
 2.983741e+01  3.488359e-02 
 2.983773e+01  5.597799e-03 
 2.983805e+01 -1.806596e-02 
 2.983837e+01 -3.580646e-02 
 2.983870e+01 -5.019411e-02 
 2.983902e+01 -6.202893e-02 
 2.983934e+01 -7.275376e-02 
 2.983967e+01 -8.446993e-02 
 2.983999e+01 -9.643288e-02 
 2.984031e+01 -1.099432e-01 
 2.984064e+01 -1.260008e-01 
 2.984096e+01 -1.458824e-01 
 2.984128e+01 -1.681290e-01 
 2.984160e+01 -1.885252e-01 
 2.984193e+01 -2.085352e-01 
 2.984225e+01 -2.297610e-01 
 2.984257e+01 -2.484474e-01 
 2.984290e+01 -2.625350e-01 
 2.984322e+01 -2.744129e-01 
 2.984354e+01 -2.853887e-01 
 2.984387e+01 -2.958509e-01 
 2.984419e+01 -3.065535e-01 
 2.984451e+01 -3.180138e-01 
 2.984483e+01 -3.302327e-01 
 2.984516e+01 -3.429631e-01 
 2.984548e+01 -3.581494e-01 
 2.984580e+01 -3.750035e-01 
 2.984613e+01 -3.931752e-01 
 2.984645e+01 -4.107017e-01 
 2.984677e+01 -4.272654e-01 
 2.984710e+01 -4.448746e-01 
 2.984742e+01 -4.633714e-01 
 2.984774e+01 -4.811937e-01 
 2.984806e+01 -4.965443e-01 
 2.984839e+01 -5.106532e-01 
 2.984871e+01 -5.267571e-01 
 2.984903e+01 -5.440530e-01 
 2.984936e+01 -5.633816e-01 
 2.984968e+01 -5.847997e-01 
 2.985000e+01 -6.063501e-01 
 2.985033e+01 -6.259029e-01 
 2.985065e+01 -6.430927e-01 
 2.985097e+01 -6.570752e-01 
 2.985129e+01 -6.675926e-01 
 2.985162e+01 -6.752377e-01 
 2.985194e+01 -6.813438e-01 
 2.985226e+01 -6.803572e-01 
 2.985259e+01 -6.704759e-01 
 2.985291e+01 -6.764042e-01 
 2.985323e+01 -6.783472e-01 
 2.985356e+01 -6.790442e-01 
 2.985388e+01 -6.730357e-01 
 2.985420e+01 -6.722182e-01 
 2.985452e+01 -6.726821e-01 
 2.985485e+01 -6.762527e-01 
 2.985517e+01 -6.813919e-01 
 2.985549e+01 -6.870554e-01 
 2.985582e+01 -6.936680e-01 
 2.985614e+01 -7.006209e-01 
 2.985646e+01 -7.044218e-01 
 2.985678e+01 -7.112279e-01 
 2.985711e+01 -7.208926e-01 
 2.985743e+01 -7.325625e-01 
 2.985775e+01 -7.445062e-01 
 2.985808e+01 -7.581217e-01 
 2.985840e+01 -7.740233e-01 
 2.985872e+01 -7.895761e-01 
 2.985905e+01 -8.050722e-01 
 2.985937e+01 -8.218570e-01 
 2.985969e+01 -8.377153e-01 
 2.986001e+01 -8.520584e-01 
 2.986034e+01 -8.648089e-01 
 2.986066e+01 -8.748575e-01 
 2.986098e+01 -8.712028e-01 
 2.986131e+01 -8.523498e-01 
 2.986163e+01 -8.554280e-01 
 2.986195e+01 -8.591049e-01 
 2.986228e+01 -8.631758e-01 
 2.986260e+01 -8.682360e-01 
 2.986292e+01 -8.679433e-01 
 2.986324e+01 -8.735373e-01 
 2.986357e+01 -8.791690e-01 
 2.986389e+01 -8.838500e-01 
 2.986421e+01 -8.874753e-01 
 2.986454e+01 -8.912245e-01 
 2.986486e+01 -8.957459e-01 
 2.986518e+01 -9.015501e-01 
 2.986551e+01 -9.078941e-01 
 2.986583e+01 -9.148752e-01 
 2.986615e+01 -9.234336e-01 
 2.986647e+01 -9.313615e-01 
 2.986680e+01 -9.390594e-01 
 2.986712e+01 -9.479254e-01 
 2.986744e+01 -9.565486e-01 
 2.986777e+01 -9.650942e-01 
 2.986809e+01 -9.724416e-01 
 2.986841e+01 -9.785834e-01 
 2.986874e+01 -9.824641e-01 
 2.986906e+01 -9.848715e-01 
 2.986938e+01 -9.792848e-01 
 2.986970e+01 -9.796503e-01 
 2.987003e+01 -9.801665e-01 
 2.987035e+01 -9.808377e-01 
 2.987067e+01 -9.804341e-01 
 2.987100e+01 -9.798116e-01 
 2.987132e+01 -9.793521e-01 
 2.987164e+01 -9.758066e-01 
 2.987197e+01 -9.729179e-01 
 2.987229e+01 -9.730530e-01 
 2.987261e+01 -9.729540e-01 
 2.987293e+01 -9.733013e-01 
 2.987326e+01 -9.725902e-01 
 2.987358e+01 -9.705658e-01 
 2.987390e+01 -9.656107e-01 
 2.987423e+01 -9.583238e-01 
 2.987455e+01 -9.515169e-01 
 2.987487e+01 -9.447906e-01 
 2.987520e+01 -9.407393e-01 
 2.987552e+01 -9.368162e-01 
 2.987584e+01 -9.331725e-01 
 2.987616e+01 -9.282832e-01 
 2.987649e+01 -9.218060e-01 
 2.987681e+01 -9.150255e-01 
 2.987713e+01 -9.060689e-01 
 2.987746e+01 -8.964020e-01 
 2.987778e+01 -8.859563e-01 
 2.987810e+01 -8.747608e-01 
 2.987843e+01 -8.629507e-01 
 2.987875e+01 -8.499616e-01 
 2.987907e+01 -8.353008e-01 
 2.987939e+01 -8.205728e-01 
 2.987972e+01 -8.071058e-01 
 2.988004e+01 -7.950923e-01 
 2.988036e+01 -7.865679e-01 
 2.988069e+01 -7.786315e-01 
 2.988101e+01 -7.732072e-01 
 2.988133e+01 -7.683489e-01 
 2.988166e+01 -7.635452e-01 
 2.988198e+01 -7.609724e-01 
 2.988230e+01 -7.578373e-01 
 2.988262e+01 -7.524747e-01 
 2.988295e+01 -7.452437e-01 
 2.988327e+01 -7.386428e-01 
 2.988359e+01 -7.330915e-01 
 2.988392e+01 -7.287508e-01 
 2.988424e+01 -7.259887e-01 
 2.988456e+01 -7.259857e-01 
 2.988489e+01 -7.290154e-01 
 2.988521e+01 -7.342466e-01 
 2.988553e+01 -7.412792e-01 
 2.988585e+01 -7.476128e-01 
 2.988618e+01 -7.521580e-01 
 2.988650e+01 -7.546119e-01 
 2.988682e+01 -7.560831e-01 
 2.988715e+01 -7.583544e-01 
 2.988747e+01 -7.601179e-01 
 2.988779e+01 -7.613990e-01 
 2.988812e+01 -7.626739e-01 
 2.988844e+01 -7.645546e-01 
 2.988876e+01 -7.681783e-01 
 2.988908e+01 -7.726887e-01 
 2.988941e+01 -7.789600e-01 
 2.988973e+01 -7.862564e-01 
 2.989005e+01 -7.957540e-01 
 2.989038e+01 -8.063871e-01 
 2.989070e+01 -8.164045e-01 
 2.989102e+01 -8.256032e-01 
 2.989135e+01 -8.329105e-01 
 2.989167e+01 -8.395514e-01 
 2.989199e+01 -8.462634e-01 
 2.989231e+01 -8.535363e-01 
 2.989264e+01 -8.611951e-01 
 2.989296e+01 -8.688353e-01 
 2.989328e+01 -8.745849e-01 
 2.989361e+01 -8.854958e-01 
 2.989393e+01 -8.968569e-01 
 2.989425e+01 -9.091366e-01 
 2.989457e+01 -9.199981e-01 
 2.989490e+01 -9.300803e-01 
 2.989522e+01 -9.401136e-01 
 2.989554e+01 -9.484793e-01 
 2.989587e+01 -9.563822e-01 
 2.989619e+01 -9.623718e-01 
 2.989651e+01 -9.651276e-01 
 2.989684e+01 -9.665917e-01 
 2.989716e+01 -9.688228e-01 
 2.989748e+01 -9.731585e-01 
 2.989780e+01 -9.788346e-01 
 2.989813e+01 -9.850484e-01 
 2.989845e+01 -9.929631e-01 
 2.989877e+01 -1.001415e+00 
 2.989910e+01 -1.009376e+00 
 2.989942e+01 -1.016871e+00 
 2.989974e+01 -1.022516e+00 
 2.990007e+01 -1.027227e+00 
 2.990039e+01 -1.031571e+00 
 2.990071e+01 -1.034155e+00 
 2.990103e+01 -1.037013e+00 
 2.990136e+01 -1.037902e+00 
 2.990168e+01 -1.038956e+00 
 2.990200e+01 -1.042411e+00 
 2.990233e+01 -1.047371e+00 
 2.990265e+01 -1.048544e+00 
 2.990297e+01 -1.047074e+00 
 2.990330e+01 -1.052096e+00 
 2.990362e+01 -1.058445e+00 
 2.990394e+01 -1.058283e+00 
 2.990426e+01 -1.061824e+00 
 2.990459e+01 -1.063193e+00 
 2.990491e+01 -1.060660e+00 
 2.990523e+01 -1.062379e+00 
 2.990556e+01 -1.059003e+00 
 2.990588e+01 -1.056640e+00 
 2.990620e+01 -1.056072e+00 
 2.990653e+01 -1.052700e+00 
 2.990685e+01 -1.052854e+00 
 2.990717e+01 -1.050482e+00 
 2.990749e+01 -1.053510e+00 
 2.990782e+01 -1.056567e+00 
 2.990814e+01 -1.059095e+00 
 2.990846e+01 -1.061789e+00 
 2.990879e+01 -1.061391e+00 
 2.990911e+01 -1.062060e+00 
 2.990943e+01 -1.062296e+00 
 2.990976e+01 -1.066167e+00 
 2.991008e+01 -1.066725e+00 
 2.991040e+01 -1.071707e+00 
 2.991072e+01 -1.076376e+00 
 2.991105e+01 -1.083850e+00 
 2.991137e+01 -1.090261e+00 
 2.991169e+01 -1.096835e+00 
 2.991202e+01 -1.101691e+00 
 2.991234e+01 -1.105674e+00 
 2.991266e+01 -1.110788e+00 
 2.991299e+01 -1.116500e+00 
 2.991331e+01 -1.122699e+00 
 2.991363e+01 -1.129027e+00 
 2.991395e+01 -1.136622e+00 
 2.991428e+01 -1.143669e+00 
 2.991460e+01 -1.152190e+00 
 2.991492e+01 -1.159620e+00 
 2.991525e+01 -1.167160e+00 
 2.991557e+01 -1.173620e+00 
 2.991589e+01 -1.181386e+00 
 2.991622e+01 -1.189329e+00 
 2.991654e+01 -1.178994e+00 
 2.991686e+01 -1.186253e+00 
 2.991718e+01 -1.192114e+00 
 2.991751e+01 -1.197435e+00 
 2.991783e+01 -1.205632e+00 
 2.991815e+01 -1.215459e+00 
 2.991848e+01 -1.225069e+00 
 2.991880e+01 -1.233800e+00 
 2.991912e+01 -1.241547e+00 
 2.991945e+01 -1.248773e+00 
 2.991977e+01 -1.254811e+00 
 2.992009e+01 -1.261266e+00 
 2.992041e+01 -1.266006e+00 
 2.992074e+01 -1.270460e+00 
 2.992106e+01 -1.274374e+00 
 2.992138e+01 -1.277383e+00 
 2.992171e+01 -1.279344e+00 
 2.992203e+01 -1.278950e+00 
 2.992235e+01 -1.277716e+00 
 2.992268e+01 -1.277615e+00 
 2.992300e+01 -1.277893e+00 
 2.992332e+01 -1.278783e+00 
 2.992364e+01 -1.279506e+00 
 2.992397e+01 -1.281387e+00 
 2.992429e+01 -1.282842e+00 
 2.992461e+01 -1.281788e+00 
 2.992494e+01 -1.280588e+00 
 2.992526e+01 -1.276589e+00 
 2.992558e+01 -1.273313e+00 
 2.992591e+01 -1.271014e+00 
 2.992623e+01 -1.270580e+00 
 2.992655e+01 -1.268819e+00 
 2.992687e+01 -1.263409e+00 
 2.992720e+01 -1.256218e+00 
 2.992752e+01 -1.247152e+00 
 2.992784e+01 -1.238586e+00 
 2.992817e+01 -1.214622e+00 
 2.992849e+01 -1.208426e+00 
 2.992881e+01 -1.200721e+00 
 2.992914e+01 -1.194525e+00 
 2.992946e+01 -1.187758e+00 
 2.992978e+01 -1.181571e+00 
 2.993010e+01 -1.174760e+00 
 2.993043e+01 -1.166525e+00 
 2.993075e+01 -1.157269e+00 
 2.993107e+01 -1.146128e+00 
 2.993140e+01 -1.134561e+00 
 2.993172e+01 -1.123698e+00 
 2.993204e+01 -1.110576e+00 
 2.993236e+01 -1.090549e+00 
 2.993269e+01 -1.079470e+00 
 2.993301e+01 -1.071117e+00 
 2.993333e+01 -1.065880e+00 
 2.993366e+01 -1.062212e+00 
 2.993398e+01 -1.059030e+00 
 2.993430e+01 -1.055713e+00 
 2.993463e+01 -1.051610e+00 
 2.993495e+01 -1.047640e+00 
 2.993527e+01 -1.042927e+00 
 2.993559e+01 -1.038875e+00 
 2.993592e+01 -1.035434e+00 
 2.993624e+01 -1.032728e+00 
 2.993656e+01 -1.032564e+00 
 2.993689e+01 -1.031973e+00 
 2.993721e+01 -1.029962e+00 
 2.993753e+01 -1.028009e+00 
 2.993786e+01 -1.028078e+00 
 2.993818e+01 -1.031023e+00 
 2.993850e+01 -1.034923e+00 
 2.993882e+01 -1.039043e+00 
 2.993915e+01 -1.042257e+00 
 2.993947e+01 -1.043427e+00 
 2.993979e+01 -1.043721e+00 
 2.994012e+01 -1.043056e+00 
 2.994044e+01 -1.041385e+00 
 2.994076e+01 -1.039655e+00 
 2.994109e+01 -1.037619e+00 
 2.994141e+01 -1.036880e+00 
 2.994173e+01 -1.037416e+00 
 2.994205e+01 -1.037097e+00 
 2.994238e+01 -1.035393e+00 
 2.994270e+01 -1.034128e+00 
 2.994302e+01 -1.035118e+00 
 2.994335e+01 -1.036200e+00 
 2.994367e+01 -1.037102e+00 
 2.994399e+01 -1.038798e+00 
 2.994432e+01 -1.040081e+00 
 2.994464e+01 -1.041361e+00 
 2.994496e+01 -1.042428e+00 
 2.994528e+01 -1.043207e+00 
 2.994561e+01 -1.043688e+00 
 2.994593e+01 -1.044653e+00 
 2.994625e+01 -1.046506e+00 
 2.994658e+01 -1.049485e+00 
 2.994690e+01 -1.053471e+00 
 2.994722e+01 -1.054308e+00 
 2.994755e+01 -1.052371e+00 
 2.994787e+01 -1.051097e+00 
 2.994819e+01 -1.051186e+00 
 2.994851e+01 -1.051716e+00 
 2.994884e+01 -1.053192e+00 
 2.994916e+01 -1.053024e+00 
 2.994948e+01 -1.049798e+00 
 2.994981e+01 -1.046421e+00 
 2.995013e+01 -1.043026e+00 
 2.995045e+01 -1.038781e+00 
 2.995078e+01 -1.034320e+00 
 2.995110e+01 -1.030688e+00 
 2.995142e+01 -1.027949e+00 
 2.995174e+01 -1.016984e+00 
 2.995207e+01 -1.015305e+00 
 2.995239e+01 -1.011224e+00 
 2.995271e+01 -1.006240e+00 
 2.995304e+01 -1.002760e+00 
 2.995336e+01 -9.976279e-01 
 2.995368e+01 -9.932078e-01 
 2.995401e+01 -9.896512e-01 
 2.995433e+01 -9.857298e-01 
 2.995465e+01 -9.825199e-01 
 2.995497e+01 -9.781287e-01 
 2.995530e+01 -9.747635e-01 
 2.995562e+01 -9.732488e-01 
 2.995594e+01 -9.712642e-01 
 2.995627e+01 -9.497680e-01 
 2.995659e+01 -9.287061e-01 
 2.995691e+01 -9.265247e-01 
 2.995724e+01 -9.221505e-01 
 2.995756e+01 -9.152846e-01 
 2.995788e+01 -9.073753e-01 
 2.995820e+01 -9.016343e-01 
 2.995853e+01 -8.990339e-01 
 2.995885e+01 -9.021885e-01 
 2.995917e+01 -9.106026e-01 
 2.995950e+01 -9.201576e-01 
 2.995982e+01 -9.300548e-01 
 2.996014e+01 -9.381107e-01 
 2.996047e+01 -9.462961e-01 
 2.996079e+01 -9.548224e-01 
 2.996111e+01 -9.619515e-01 
 2.996143e+01 -9.679987e-01 
 2.996176e+01 -9.734562e-01 
 2.996208e+01 -9.814574e-01 
 2.996240e+01 -9.891364e-01 
 2.996273e+01 -9.977601e-01 
 2.996305e+01 -1.009930e+00 
 2.996337e+01 -1.022730e+00 
 2.996370e+01 -1.035698e+00 
 2.996402e+01 -1.048177e+00 
 2.996434e+01 -1.058424e+00 
 2.996466e+01 -1.069035e+00 
 2.996499e+01 -1.075368e+00 
 2.996531e+01 -1.079899e+00 
 2.996563e+01 -1.082641e+00 
 2.996596e+01 -1.054086e+00 
 2.996628e+01 -1.055882e+00 
 2.996660e+01 -1.058118e+00 
 2.996693e+01 -1.062309e+00 
 2.996725e+01 -1.069546e+00 
 2.996757e+01 -1.076244e+00 
 2.996789e+01 -1.052085e+00 
 2.996822e+01 -1.058961e+00 
 2.996854e+01 -1.047740e+00 
 2.996886e+01 -1.058487e+00 
 2.996919e+01 -1.046447e+00 
 2.996951e+01 -1.051919e+00 
 2.996983e+01 -1.052085e+00 
 2.997015e+01 -1.055108e+00 
 2.997048e+01 -1.059142e+00 
 2.997080e+01 -1.065476e+00 
 2.997112e+01 -1.074192e+00 
 2.997145e+01 -1.080570e+00 
 2.997177e+01 -1.092736e+00 
 2.997209e+01 -1.108492e+00 
 2.997242e+01 -1.122854e+00 
 2.997274e+01 -1.135048e+00 
 2.997306e+01 -1.143309e+00 
 2.997338e+01 -1.149740e+00 
 2.997371e+01 -1.154983e+00 
 2.997403e+01 -1.161594e+00 
 2.997435e+01 -1.171963e+00 
 2.997468e+01 -1.182264e+00 
 2.997500e+01 -1.194242e+00 
 2.997532e+01 -1.207351e+00 
 2.997565e+01 -1.220105e+00 
 2.997597e+01 -1.230386e+00 
 2.997629e+01 -1.240068e+00 
 2.997661e+01 -1.248993e+00 
 2.997694e+01 -1.257778e+00 
 2.997726e+01 -1.266081e+00 
 2.997758e+01 -1.272272e+00 
 2.997791e+01 -1.275404e+00 
 2.997823e+01 -1.278040e+00 
 2.997855e+01 -1.281293e+00 
 2.997888e+01 -1.283514e+00 
 2.997920e+01 -1.287506e+00 
 2.997952e+01 -1.290832e+00 
 2.997984e+01 -1.288026e+00 
 2.998017e+01 -1.286970e+00 
 2.998049e+01 -1.283122e+00 
 2.998081e+01 -1.280605e+00 
 2.998114e+01 -1.272705e+00 
 2.998146e+01 -1.263052e+00 
 2.998178e+01 -1.252043e+00 
 2.998211e+01 -1.246888e+00 
 2.998243e+01 -1.200900e+00 
 2.998275e+01 -1.200919e+00 
 2.998307e+01 -1.198516e+00 
 2.998340e+01 -1.194783e+00 
 2.998372e+01 -1.192829e+00 
 2.998404e+01 -1.193204e+00 
 2.998437e+01 -1.195969e+00 
 2.998469e+01 -1.192539e+00 
 2.998501e+01 -1.193195e+00 
 2.998534e+01 -1.193127e+00 
 2.998566e+01 -1.192979e+00 
 2.998598e+01 -1.146925e+00 
 2.998630e+01 -1.147164e+00 
 2.998663e+01 -1.148012e+00 
 2.998695e+01 -1.153868e+00 
 2.998727e+01 -1.160313e+00 
 2.998760e+01 -1.172966e+00 
 2.998792e+01 -1.185336e+00 
 2.998824e+01 -1.194540e+00 
 2.998857e+01 -1.203556e+00 
 2.998889e+01 -1.210831e+00 
 2.998921e+01 -1.217808e+00 
 2.998953e+01 -1.221719e+00 
 2.998986e+01 -1.224098e+00 
 2.999018e+01 -1.227156e+00 
 2.999050e+01 -1.229830e+00 
 2.999083e+01 -1.227340e+00 
 2.999115e+01 -1.231194e+00 
 2.999147e+01 -1.142208e+00 
 2.999180e+01 -1.144120e+00 
 2.999212e+01 -1.150158e+00 
 2.999244e+01 -1.154534e+00 
 2.999276e+01 -1.159259e+00 
 2.999309e+01 -1.159697e+00 
 2.999341e+01 -1.158219e+00 
 2.999373e+01 -1.108148e+00 
 2.999406e+01 -1.111400e+00 
 2.999438e+01 -1.105789e+00 
 2.999470e+01 -1.111807e+00 
 2.999503e+01 -1.118073e+00 
 2.999535e+01 -1.125299e+00 
 2.999567e+01 -1.132216e+00 
 2.999599e+01 -1.139461e+00 
 2.999632e+01 -1.145593e+00 
 2.999664e+01 -1.147995e+00 
 2.999696e+01 -1.150598e+00 
 2.999729e+01 -1.153897e+00 
 2.999761e+01 -1.158862e+00 
 2.999793e+01 -1.164353e+00 
 2.999826e+01 -1.168451e+00 
 2.999858e+01 -1.177304e+00 
 2.999890e+01 -1.183988e+00 
 2.999922e+01 -1.186712e+00 
 2.999955e+01 -1.193497e+00 
 2.999987e+01 -1.196228e+00 
 3.000019e+01 -1.204324e+00 
 3.000052e+01 -1.209865e+00 
 3.000084e+01 -1.215027e+00 
 3.000116e+01 -1.219763e+00 
 3.000149e+01 -1.225101e+00 
 3.000181e+01 -1.228441e+00 
 3.000213e+01 -1.229867e+00 
 3.000245e+01 -1.234152e+00 
 3.000278e+01 -1.240667e+00 
 3.000310e+01 -1.247130e+00 
 3.000342e+01 -1.252025e+00 
 3.000375e+01 -1.254661e+00 
 3.000407e+01 -1.257188e+00 
 3.000439e+01 -1.259923e+00 
 3.000471e+01 -1.264036e+00 
 3.000504e+01 -1.266844e+00 
 3.000536e+01 -1.264542e+00 
 3.000568e+01 -1.259532e+00 
 3.000601e+01 -1.257032e+00 
 3.000633e+01 -1.254273e+00 
 3.000665e+01 -1.247826e+00 
 3.000698e+01 -1.213540e+00 
 3.000730e+01 -1.211259e+00 
 3.000762e+01 -1.208937e+00 
 3.000794e+01 -1.163916e+00 
 3.000827e+01 -1.158220e+00 
 3.000859e+01 -1.150096e+00 
 3.000891e+01 -1.141108e+00 
 3.000924e+01 -1.131815e+00 
 3.000956e+01 -1.126230e+00 
 3.000988e+01 -1.123364e+00 
 3.001021e+01 -1.120425e+00 
 3.001053e+01 -1.053197e+00 
 3.001085e+01 -1.055829e+00 
 3.001117e+01 -1.075317e+00 
 3.001150e+01 -1.102376e+00 
 3.001182e+01 -1.125989e+00 
 3.001214e+01 -1.135835e+00 
 3.001247e+01 -1.146498e+00 
 3.001279e+01 -1.164987e+00 
 3.001311e+01 -1.183699e+00 
 3.001344e+01 -1.189213e+00 
 3.001376e+01 -1.185754e+00 
 3.001408e+01 -1.181764e+00 
 3.001440e+01 -1.175250e+00 
 3.001473e+01 -1.165888e+00 
 3.001505e+01 -1.154326e+00 
 3.001537e+01 -1.142795e+00 
 3.001570e+01 -1.133070e+00 
 3.001602e+01 -1.125567e+00 
 3.001634e+01 -1.116620e+00 
 3.001667e+01 -1.116105e+00 
 3.001699e+01 -1.114646e+00 
 3.001731e+01 -1.121456e+00 
 3.001763e+01 -1.130685e+00 
 3.001796e+01 -1.139967e+00 
 3.001828e+01 -1.144696e+00 
 3.001860e+01 -1.148010e+00 
 3.001893e+01 -1.146494e+00 
 3.001925e+01 -1.121800e+00 
 3.001957e+01 -1.118239e+00 
 3.001990e+01 -1.117540e+00 
 3.002022e+01 -1.121686e+00 
 3.002054e+01 -1.131859e+00 
 3.002086e+01 -1.141945e+00 
 3.002119e+01 -1.157504e+00 
 3.002151e+01 -1.172281e+00 
 3.002183e+01 -1.191283e+00 
 3.002216e+01 -1.207738e+00 
 3.002248e+01 -1.214699e+00 
 3.002280e+01 -1.200808e+00 
 3.002313e+01 -1.205498e+00 
 3.002345e+01 -1.209247e+00 
 3.002377e+01 -1.211801e+00 
 3.002409e+01 -1.215134e+00 
 3.002442e+01 -1.220480e+00 
 3.002474e+01 -1.229134e+00 
 3.002506e+01 -1.241845e+00 
 3.002539e+01 -1.255928e+00 
 3.002571e+01 -1.269284e+00 
 3.002603e+01 -1.282072e+00 
 3.002636e+01 -1.286845e+00 
 3.002668e+01 -1.294291e+00 
 3.002700e+01 -1.299185e+00 
 3.002732e+01 -1.301118e+00 
 3.002765e+01 -1.303084e+00 
 3.002797e+01 -1.305506e+00 
 3.002829e+01 -1.311217e+00 
 3.002862e+01 -1.320604e+00 
 3.002894e+01 -1.332072e+00 
 3.002926e+01 -1.346436e+00 
 3.002959e+01 -1.362243e+00 
 3.002991e+01 -1.380773e+00 
 3.003023e+01 -1.400269e+00 
 3.003055e+01 -1.416540e+00 
 3.003088e+01 -1.422367e+00 
 3.003120e+01 -1.423520e+00 
 3.003152e+01 -1.425658e+00 
 3.003185e+01 -1.428001e+00 
 3.003217e+01 -1.430496e+00 
 3.003249e+01 -1.437074e+00 
 3.003282e+01 -1.457862e+00 
 3.003314e+01 -1.484234e+00 
 3.003346e+01 -1.504205e+00 
 3.003378e+01 -1.514681e+00 
 3.003411e+01 -1.523452e+00 
 3.003443e+01 -1.530166e+00 
 3.003475e+01 -1.534889e+00 
 3.003508e+01 -1.535068e+00 
 3.003540e+01 -1.533456e+00 
 3.003572e+01 -1.529972e+00 
 3.003605e+01 -1.525063e+00 
 3.003637e+01 -1.517239e+00 
 3.003669e+01 -1.513281e+00 
 3.003701e+01 -1.510354e+00 
 3.003734e+01 -1.506204e+00 
 3.003766e+01 -1.501072e+00 
 3.003798e+01 -1.494537e+00 
 3.003831e+01 -1.484450e+00 
 3.003863e+01 -1.476943e+00 
 3.003895e+01 -1.468352e+00 
 3.003927e+01 -1.458187e+00 
 3.003960e+01 -1.445685e+00 
 3.003992e+01 -1.404894e+00 
 3.004024e+01 -1.376976e+00 
 3.004057e+01 -1.365703e+00 
 3.004089e+01 -1.355932e+00 
 3.004121e+01 -1.347362e+00 
 3.004154e+01 -1.339834e+00 
 3.004186e+01 -1.332218e+00 
 3.004218e+01 -1.328684e+00 
 3.004250e+01 -1.327221e+00 
 3.004283e+01 -1.328404e+00 
 3.004315e+01 -1.331095e+00 
 3.004347e+01 -1.331210e+00 
 3.004380e+01 -1.339895e+00 
 3.004412e+01 -1.350343e+00 
 3.004444e+01 -1.367160e+00 
 3.004477e+01 -1.378544e+00 
 3.004509e+01 -1.387170e+00 
 3.004541e+01 -1.393143e+00 
 3.004573e+01 -1.400325e+00 
 3.004606e+01 -1.410257e+00 
 3.004638e+01 -1.421240e+00 
 3.004670e+01 -1.432686e+00 
 3.004703e+01 -1.441702e+00 
 3.004735e+01 -1.452198e+00 
 3.004767e+01 -1.460277e+00 
 3.004800e+01 -1.467315e+00 
 3.004832e+01 -1.473505e+00 
 3.004864e+01 -1.477100e+00 
 3.004896e+01 -1.480079e+00 
 3.004929e+01 -1.484234e+00 
 3.004961e+01 -1.490724e+00 
 3.004993e+01 -1.494676e+00 
 3.005026e+01 -1.455444e+00 
 3.005058e+01 -1.458985e+00 
 3.005090e+01 -1.463635e+00 
 3.005123e+01 -1.464057e+00 
 3.005155e+01 -1.455721e+00 
 3.005187e+01 -1.453009e+00 
 3.005219e+01 -1.451277e+00 
 3.005252e+01 -1.451900e+00 
 3.005284e+01 -1.454271e+00 
 3.005316e+01 -1.460066e+00 
 3.005349e+01 -1.468962e+00 
 3.005381e+01 -1.479041e+00 
 3.005413e+01 -1.488717e+00 
 3.005446e+01 -1.501425e+00 
 3.005478e+01 -1.520889e+00 
 3.005510e+01 -1.542233e+00 
 3.005542e+01 -1.559359e+00 
 3.005575e+01 -1.568698e+00 
 3.005607e+01 -1.570998e+00 
 3.005639e+01 -1.573321e+00 
 3.005672e+01 -1.574606e+00 
 3.005704e+01 -1.573654e+00 
 3.005736e+01 -1.570540e+00 
 3.005769e+01 -1.567438e+00 
 3.005801e+01 -1.565390e+00 
 3.005833e+01 -1.563508e+00 
 3.005865e+01 -1.562588e+00 
 3.005898e+01 -1.558013e+00 
 3.005930e+01 -1.553631e+00 
 3.005962e+01 -1.547292e+00 
 3.005995e+01 -1.537907e+00 
 3.006027e+01 -1.483444e+00 
 3.006059e+01 -1.472569e+00 
 3.006092e+01 -1.455173e+00 
 3.006124e+01 -1.444111e+00 
 3.006156e+01 -1.433002e+00 
 3.006188e+01 -1.422322e+00 
 3.006221e+01 -1.412474e+00 
 3.006253e+01 -1.406568e+00 
 3.006285e+01 -1.402799e+00 
 3.006318e+01 -1.398362e+00 
 3.006350e+01 -1.390660e+00 
 3.006382e+01 -1.377888e+00 
 3.006415e+01 -1.361330e+00 
 3.006447e+01 -1.344318e+00 
 3.006479e+01 -1.327261e+00 
 3.006511e+01 -1.311835e+00 
 3.006544e+01 -1.291482e+00 
 3.006576e+01 -1.279086e+00 
 3.006608e+01 -1.269922e+00 
 3.006641e+01 -1.264088e+00 
 3.006673e+01 -1.259914e+00 
 3.006705e+01 -1.253372e+00 
 3.006738e+01 -1.243316e+00 
 3.006770e+01 -1.232752e+00 
 3.006802e+01 -1.220847e+00 
 3.006834e+01 -1.207410e+00 
 3.006867e+01 -1.194534e+00 
 3.006899e+01 -1.180099e+00 
 3.006931e+01 -1.166869e+00 
 3.006964e+01 -1.149545e+00 
 3.006996e+01 -1.141456e+00 
 3.007028e+01 -1.134287e+00 
 3.007061e+01 -1.128030e+00 
 3.007093e+01 -1.122595e+00 
 3.007125e+01 -1.119310e+00 
 3.007157e+01 -1.114441e+00 
 3.007190e+01 -1.106529e+00 
 3.007222e+01 -1.094953e+00 
 3.007254e+01 -1.082797e+00 
 3.007287e+01 -1.073321e+00 
 3.007319e+01 -1.065825e+00 
 3.007351e+01 -1.060262e+00 
 3.007383e+01 -1.056911e+00 
 3.007416e+01 -1.055578e+00 
 3.007448e+01 -1.055306e+00 
 3.007480e+01 -1.055725e+00 
 3.007513e+01 -1.055631e+00 
 3.007545e+01 -1.053925e+00 
 3.007577e+01 -1.050367e+00 
 3.007610e+01 -1.044717e+00 
 3.007642e+01 -1.038667e+00 
 3.007674e+01 -1.032457e+00 
 3.007706e+01 -1.024937e+00 
 3.007739e+01 -1.016767e+00 
 3.007771e+01 -1.011648e+00 
 3.007803e+01 -1.010778e+00 
 3.007836e+01 -1.014223e+00 
 3.007868e+01 -1.019503e+00 
 3.007900e+01 -1.026231e+00 
 3.007933e+01 -1.032606e+00 
 3.007965e+01 -1.036680e+00 
 3.007997e+01 -1.039004e+00 
 3.008029e+01 -1.037392e+00 
 3.008062e+01 -1.034483e+00 
 3.008094e+01 -1.029981e+00 
 3.008126e+01 -1.024561e+00 
 3.008159e+01 -1.020237e+00 
 3.008191e+01 -1.015737e+00 
 3.008223e+01 -1.011675e+00 
 3.008256e+01 -1.008795e+00 
 3.008288e+01 -1.007763e+00 
 3.008320e+01 -1.009080e+00 
 3.008352e+01 -1.010068e+00 
 3.008385e+01 -9.780042e-01 
 3.008417e+01 -9.755883e-01 
 3.008449e+01 -9.703139e-01 
 3.008482e+01 -9.436108e-01 
 3.008514e+01 -8.758650e-01 
 3.008546e+01 -8.682299e-01 
 3.008579e+01 -8.614830e-01 
 3.008611e+01 -8.518287e-01 
 3.008643e+01 -8.175620e-01 
 3.008675e+01 -8.139358e-01 
 3.008708e+01 -8.152211e-01 
 3.008740e+01 -8.221931e-01 
 3.008772e+01 -8.298427e-01 
 3.008805e+01 -8.371824e-01 
 3.008837e+01 -8.447205e-01 
 3.008869e+01 -8.510480e-01 
 3.008902e+01 -8.560013e-01 
 3.008934e+01 -8.587000e-01 
 3.008966e+01 -8.590428e-01 
 3.008998e+01 -8.571703e-01 
 3.009031e+01 -8.406363e-01 
 3.009063e+01 -8.454225e-01 
 3.009095e+01 -8.561742e-01 
 3.009128e+01 -8.698023e-01 
 3.009160e+01 -8.857930e-01 
 3.009192e+01 -9.014726e-01 
 3.009225e+01 -9.163477e-01 
 3.009257e+01 -9.230080e-01 
 3.009289e+01 -9.255211e-01 
 3.009321e+01 -9.326891e-01 
 3.009354e+01 -9.318954e-01 
 3.009386e+01 -9.343834e-01 
 3.009418e+01 -9.361609e-01 
 3.009451e+01 -9.369100e-01 
 3.009483e+01 -9.382964e-01 
 3.009515e+01 -9.414483e-01 
 3.009548e+01 -9.447680e-01 
 3.009580e+01 -9.509364e-01 
 3.009612e+01 -9.561273e-01 
 3.009644e+01 -9.614046e-01 
 3.009677e+01 -9.655529e-01 
 3.009709e+01 -9.688478e-01 
 3.009741e+01 -9.695433e-01 
 3.009774e+01 -9.679821e-01 
 3.009806e+01 -9.648565e-01 
 3.009838e+01 -9.631429e-01 
 3.009871e+01 -9.653584e-01 
 3.009903e+01 -9.692437e-01 
 3.009935e+01 -9.785106e-01 
 3.009967e+01 -9.884818e-01 
 3.010000e+01 -9.992601e-01 
 3.010032e+01 -1.007425e+00 
 3.010064e+01 -1.015658e+00 
 3.010097e+01 -1.020761e+00 
 3.010129e+01 -1.024789e+00 
 3.010161e+01 -1.026134e+00 
 3.010194e+01 -1.026252e+00 
 3.010226e+01 -1.027358e+00 
 3.010258e+01 -1.028174e+00 
 3.010290e+01 -1.033008e+00 
 3.010323e+01 -1.041009e+00 
 3.010355e+01 -1.053102e+00 
 3.010387e+01 -1.067232e+00 
 3.010420e+01 -1.084024e+00 
 3.010452e+01 -1.100979e+00 
 3.010484e+01 -1.115596e+00 
 3.010517e+01 -1.125309e+00 
 3.010549e+01 -1.133146e+00 
 3.010581e+01 -1.138120e+00 
 3.010613e+01 -1.143263e+00 
 3.010646e+01 -1.147594e+00 
 3.010678e+01 -1.152977e+00 
 3.010710e+01 -1.158008e+00 
 3.010743e+01 -1.167307e+00 
 3.010775e+01 -1.181368e+00 
 3.010807e+01 -1.196411e+00 
 3.010839e+01 -1.208219e+00 
 3.010872e+01 -1.216581e+00 
 3.010904e+01 -1.222293e+00 
 3.010936e+01 -1.229257e+00 
 3.010969e+01 -1.235096e+00 
 3.011001e+01 -1.235425e+00 
 3.011033e+01 -1.233591e+00 
 3.011066e+01 -1.228899e+00 
 3.011098e+01 -1.226566e+00 
 3.011130e+01 -1.226489e+00 
 3.011162e+01 -1.225916e+00 
 3.011195e+01 -1.226354e+00 
 3.011227e+01 -1.226885e+00 
 3.011259e+01 -1.227089e+00 
 3.011292e+01 -1.226765e+00 
 3.011324e+01 -1.224212e+00 
 3.011356e+01 -1.221493e+00 
 3.011389e+01 -1.216470e+00 
 3.011421e+01 -1.212800e+00 
 3.011453e+01 -1.208385e+00 
 3.011485e+01 -1.202933e+00 
 3.011518e+01 -1.194754e+00 
 3.011550e+01 -1.187751e+00 
 3.011582e+01 -1.183915e+00 
 3.011615e+01 -1.182168e+00 
 3.011647e+01 -1.180550e+00 
 3.011679e+01 -1.178836e+00 
 3.011712e+01 -1.179773e+00 
 3.011744e+01 -1.178720e+00 
 3.011776e+01 -1.177981e+00 
 3.011808e+01 -1.176070e+00 
 3.011841e+01 -1.172844e+00 
 3.011873e+01 -1.166566e+00 
 3.011905e+01 -1.158773e+00 
 3.011938e+01 -1.152174e+00 
 3.011970e+01 -1.147925e+00 
 3.012002e+01 -1.142721e+00 
 3.012035e+01 -1.138518e+00 
 3.012067e+01 -1.136690e+00 
 3.012099e+01 -1.135785e+00 
 3.012131e+01 -1.135517e+00 
 3.012164e+01 -1.136975e+00 
 3.012196e+01 -1.138770e+00 
 3.012228e+01 -1.140150e+00 
 3.012261e+01 -1.139374e+00 
 3.012293e+01 -1.139148e+00 
 3.012325e+01 -1.140451e+00 
 3.012358e+01 -1.141164e+00 
 3.012390e+01 -1.142768e+00 
 3.012422e+01 -1.144664e+00 
 3.012454e+01 -1.148355e+00 
 3.012487e+01 -1.150185e+00 
 3.012519e+01 -1.151364e+00 
 3.012551e+01 -1.152369e+00 
 3.012584e+01 -1.152105e+00 
 3.012616e+01 -1.151755e+00 
 3.012648e+01 -1.149516e+00 
 3.012681e+01 -1.144961e+00 
 3.012713e+01 -1.143575e+00 
 3.012745e+01 -1.148746e+00 
 3.012777e+01 -1.156004e+00 
 3.012810e+01 -1.156284e+00 
 3.012842e+01 -1.153850e+00 
 3.012874e+01 -1.152863e+00 
 3.012907e+01 -1.152646e+00 
 3.012939e+01 -1.152504e+00 
 3.012971e+01 -1.153829e+00 
 3.013004e+01 -1.161111e+00 
 3.013036e+01 -1.172431e+00 
 3.013068e+01 -1.175112e+00 
 3.013100e+01 -1.181741e+00 
 3.013133e+01 -1.194328e+00 
 3.013165e+01 -1.207430e+00 
 3.013197e+01 -1.216260e+00 
 3.013230e+01 -1.225956e+00 
 3.013262e+01 -1.230603e+00 
 3.013294e+01 -1.232344e+00 
 3.013327e+01 -1.228313e+00 
 3.013359e+01 -1.225927e+00 
 3.013391e+01 -1.220162e+00 
 3.013423e+01 -1.210588e+00 
 3.013456e+01 -1.199952e+00 
 3.013488e+01 -1.188299e+00 
 3.013520e+01 -1.179364e+00 
 3.013553e+01 -1.172649e+00 
 3.013585e+01 -1.170556e+00 
 3.013617e+01 -1.170869e+00 
 3.013650e+01 -1.173363e+00 
 3.013682e+01 -1.177119e+00 
 3.013714e+01 -1.178804e+00 
 3.013746e+01 -1.177958e+00 
 3.013779e+01 -1.168523e+00 
 3.013811e+01 -1.160214e+00 
 3.013843e+01 -1.149033e+00 
 3.013876e+01 -1.105665e+00 
 3.013908e+01 -1.095243e+00 
 3.013940e+01 -1.067954e+00 
 3.013973e+01 -1.061138e+00 
 3.014005e+01 -1.060772e+00 
 3.014037e+01 -1.067930e+00 
 3.014069e+01 -1.078024e+00 
 3.014102e+01 -1.087564e+00 
 3.014134e+01 -1.095882e+00 
 3.014166e+01 -1.101554e+00 
 3.014199e+01 -1.073281e+00 
 3.014231e+01 -1.043188e+00 
 3.014263e+01 -1.041643e+00 
 3.014295e+01 -1.039206e+00 
 3.014328e+01 -1.036692e+00 
 3.014360e+01 -1.031878e+00 
 3.014392e+01 -1.036017e+00 
 3.014425e+01 -1.044883e+00 
 3.014457e+01 -1.054108e+00 
 3.014489e+01 -1.065054e+00 
 3.014522e+01 -1.074685e+00 
 3.014554e+01 -1.083859e+00 
 3.014586e+01 -1.089975e+00 
 3.014618e+01 -1.093761e+00 
 3.014651e+01 -1.095742e+00 
 3.014683e+01 -1.096046e+00 
 3.014715e+01 -1.098093e+00 
 3.014748e+01 -1.100912e+00 
 3.014780e+01 -1.108360e+00 
 3.014812e+01 -1.121034e+00 
 3.014845e+01 -1.136811e+00 
 3.014877e+01 -1.156797e+00 
 3.014909e+01 -1.177601e+00 
 3.014941e+01 -1.196613e+00 
 3.014974e+01 -1.213732e+00 
 3.015006e+01 -1.227638e+00 
 3.015038e+01 -1.238080e+00 
 3.015071e+01 -1.243337e+00 
 3.015103e+01 -1.248088e+00 
 3.015135e+01 -1.255851e+00 
 3.015168e+01 -1.267329e+00 
 3.015200e+01 -1.285778e+00 
 3.015232e+01 -1.310804e+00 
 3.015264e+01 -1.338092e+00 
 3.015297e+01 -1.365007e+00 
 3.015329e+01 -1.389920e+00 
 3.015361e+01 -1.407943e+00 
 3.015394e+01 -1.421258e+00 
 3.015426e+01 -1.428289e+00 
 3.015458e+01 -1.431264e+00 
 3.015491e+01 -1.434310e+00 
 3.015523e+01 -1.438213e+00 
 3.015555e+01 -1.443069e+00 
 3.015587e+01 -1.450743e+00 
 3.015620e+01 -1.439838e+00 
 3.015652e+01 -1.447229e+00 
 3.015684e+01 -1.454592e+00 
 3.015717e+01 -1.437749e+00 
 3.015749e+01 -1.442942e+00 
 3.015781e+01 -1.444753e+00 
 3.015814e+01 -1.437428e+00 
 3.015846e+01 -1.410773e+00 
 3.015878e+01 -1.404701e+00 
 3.015910e+01 -1.398130e+00 
 3.015943e+01 -1.391372e+00 
 3.015975e+01 -1.378958e+00 
 3.016007e+01 -1.373776e+00 
 3.016040e+01 -1.371586e+00 
 3.016072e+01 -1.373032e+00 
 3.016104e+01 -1.374742e+00 
 3.016137e+01 -1.376965e+00 
 3.016169e+01 -1.382621e+00 
 3.016201e+01 -1.388424e+00 
 3.016233e+01 -1.392496e+00 
 3.016266e+01 -1.390053e+00 
 3.016298e+01 -1.383046e+00 
 3.016330e+01 -1.372636e+00 
 3.016363e+01 -1.360590e+00 
 3.016395e+01 -1.346477e+00 
 3.016427e+01 -1.337555e+00 
 3.016460e+01 -1.326454e+00 
 3.016492e+01 -1.316899e+00 
 3.016524e+01 -1.317601e+00 
 3.016556e+01 -1.319278e+00 
 3.016589e+01 -1.321935e+00 
 3.016621e+01 -1.324374e+00 
 3.016653e+01 -1.326950e+00 
 3.016686e+01 -1.327525e+00 
 3.016718e+01 -1.328055e+00 
 3.016750e+01 -1.328030e+00 
 3.016783e+01 -1.326361e+00 
 3.016815e+01 -1.322428e+00 
 3.016847e+01 -1.318376e+00 
 3.016879e+01 -1.315361e+00 
 3.016912e+01 -1.258822e+00 
 3.016944e+01 -1.255769e+00 
 3.016976e+01 -1.254224e+00 
 3.017009e+01 -1.254699e+00 
 3.017041e+01 -1.254480e+00 
 3.017073e+01 -1.254271e+00 
 3.017106e+01 -1.256436e+00 
 3.017138e+01 -1.259270e+00 
 3.017170e+01 -1.259846e+00 
 3.017202e+01 -1.207373e+00 
 3.017235e+01 -1.205352e+00 
 3.017267e+01 -1.202802e+00 
 3.017299e+01 -1.199368e+00 
 3.017332e+01 -1.192962e+00 
 3.017364e+01 -1.187940e+00 
 3.017396e+01 -1.184910e+00 
 3.017429e+01 -1.180030e+00 
 3.017461e+01 -1.182499e+00 
 3.017493e+01 -1.188084e+00 
 3.017525e+01 -1.197697e+00 
 3.017558e+01 -1.205766e+00 
 3.017590e+01 -1.213919e+00 
 3.017622e+01 -1.218641e+00 
 3.017655e+01 -1.221762e+00 
 3.017687e+01 -1.223556e+00 
 3.017719e+01 -1.226509e+00 
 3.017752e+01 -1.232399e+00 
 3.017784e+01 -1.241971e+00 
 3.017816e+01 -1.255320e+00 
 3.017848e+01 -1.270415e+00 
 3.017881e+01 -1.285596e+00 
 3.017913e+01 -1.297465e+00 
 3.017945e+01 -1.307578e+00 
 3.017978e+01 -1.315406e+00 
 3.018010e+01 -1.320160e+00 
 3.018042e+01 -1.321380e+00 
 3.018074e+01 -1.322049e+00 
 3.018107e+01 -1.323781e+00 
 3.018139e+01 -1.323889e+00 
 3.018171e+01 -1.323670e+00 
 3.018204e+01 -1.322439e+00 
 3.018236e+01 -1.318530e+00 
 3.018268e+01 -1.317786e+00 
 3.018301e+01 -1.316599e+00 
 3.018333e+01 -1.315100e+00 
 3.018365e+01 -1.312567e+00 
 3.018397e+01 -1.308399e+00 
 3.018430e+01 -1.306207e+00 
 3.018462e+01 -1.303835e+00 
 3.018494e+01 -1.301481e+00 
 3.018527e+01 -1.299995e+00 
 3.018559e+01 -1.298016e+00 
 3.018591e+01 -1.294698e+00 
 3.018624e+01 -1.290086e+00 
 3.018656e+01 -1.285020e+00 
 3.018688e+01 -1.279846e+00 
 3.018720e+01 -1.276306e+00 
 3.018753e+01 -1.273701e+00 
 3.018785e+01 -1.273392e+00 
 3.018817e+01 -1.274228e+00 
 3.018850e+01 -1.274374e+00 
 3.018882e+01 -1.273151e+00 
 3.018914e+01 -1.271764e+00 
 3.018947e+01 -1.267526e+00 
 3.018979e+01 -1.263274e+00 
 3.019011e+01 -1.260803e+00 
 3.019043e+01 -1.257774e+00 
 3.019076e+01 -1.254833e+00 
 3.019108e+01 -1.251455e+00 
 3.019140e+01 -1.247409e+00 
 3.019173e+01 -1.243688e+00 
 3.019205e+01 -1.240859e+00 
 3.019237e+01 -1.214136e+00 
 3.019270e+01 -1.212401e+00 
 3.019302e+01 -1.211554e+00 
 3.019334e+01 -1.210410e+00 
 3.019366e+01 -1.208572e+00 
 3.019399e+01 -1.205380e+00 
 3.019431e+01 -1.201366e+00 
 3.019463e+01 -1.199341e+00 
 3.019496e+01 -1.199983e+00 
 3.019528e+01 -1.201945e+00 
 3.019560e+01 -1.202993e+00 
 3.019593e+01 -1.204688e+00 
 3.019625e+01 -1.210576e+00 
 3.019657e+01 -1.217321e+00 
 3.019689e+01 -1.224854e+00 
 3.019722e+01 -1.232262e+00 
 3.019754e+01 -1.238279e+00 
 3.019786e+01 -1.242859e+00 
 3.019819e+01 -1.244870e+00 
 3.019851e+01 -1.247700e+00 
 3.019883e+01 -1.250513e+00 
 3.019916e+01 -1.252844e+00 
 3.019948e+01 -1.255374e+00 
 3.019980e+01 -1.259001e+00 
 3.020012e+01 -1.263449e+00 
 3.020045e+01 -1.270262e+00 
 3.020077e+01 -1.279043e+00 
 3.020109e+01 -1.288774e+00 
 3.020142e+01 -1.298809e+00 
 3.020174e+01 -1.308339e+00 
 3.020206e+01 -1.317387e+00 
 3.020239e+01 -1.324986e+00 
 3.020271e+01 -1.332732e+00 
 3.020303e+01 -1.342441e+00 
 3.020335e+01 -1.354504e+00 
 3.020368e+01 -1.367776e+00 
 3.020400e+01 -1.381211e+00 
 3.020432e+01 -1.394348e+00 
 3.020465e+01 -1.406016e+00 
 3.020497e+01 -1.416273e+00 
 3.020529e+01 -1.425536e+00 
 3.020562e+01 -1.433444e+00 
 3.020594e+01 -1.439605e+00 
 3.020626e+01 -1.444163e+00 
 3.020658e+01 -1.447768e+00 
 3.020691e+01 -1.452507e+00 
 3.020723e+01 -1.464450e+00 
 3.020755e+01 -1.451018e+00 
 3.020788e+01 -1.462658e+00 
 3.020820e+01 -1.473714e+00 
 3.020852e+01 -1.483012e+00 
 3.020885e+01 -1.491070e+00 
 3.020917e+01 -1.498472e+00 
 3.020949e+01 -1.505476e+00 
 3.020981e+01 -1.512571e+00 
 3.021014e+01 -1.520408e+00 
 3.021046e+01 -1.525361e+00 
 3.021078e+01 -1.526776e+00 
 3.021111e+01 -1.526472e+00 
 3.021143e+01 -1.524383e+00 
 3.021175e+01 -1.521291e+00 
 3.021208e+01 -1.518891e+00 
 3.021240e+01 -1.516635e+00 
 3.021272e+01 -1.513771e+00 
 3.021304e+01 -1.507801e+00 
 3.021337e+01 -1.502508e+00 
 3.021369e+01 -1.495909e+00 
 3.021401e+01 -1.486891e+00 
 3.021434e+01 -1.475557e+00 
 3.021466e+01 -1.463054e+00 
 3.021498e+01 -1.450686e+00 
 3.021531e+01 -1.438745e+00 
 3.021563e+01 -1.426823e+00 
 3.021595e+01 -1.413730e+00 
 3.021627e+01 -1.399262e+00 
 3.021660e+01 -1.385138e+00 
 3.021692e+01 -1.371752e+00 
 3.021724e+01 -1.358648e+00 
 3.021757e+01 -1.345272e+00 
 3.021789e+01 -1.306569e+00 
 3.021821e+01 -1.292572e+00 
 3.021853e+01 -1.279643e+00 
 3.021886e+01 -1.268432e+00 
 3.021918e+01 -1.257353e+00 
 3.021950e+01 -1.246158e+00 
 3.021983e+01 -1.235743e+00 
 3.022015e+01 -1.226942e+00 
 3.022047e+01 -1.220322e+00 
 3.022080e+01 -1.216031e+00 
 3.022112e+01 -1.214440e+00 
 3.022144e+01 -1.214412e+00 
 3.022176e+01 -1.215186e+00 
 3.022209e+01 -1.217324e+00 
 3.022241e+01 -1.220646e+00 
 3.022273e+01 -1.224358e+00 
 3.022306e+01 -1.227192e+00 
 3.022338e+01 -1.230390e+00 
 3.022370e+01 -1.233712e+00 
 3.022403e+01 -1.236659e+00 
 3.022435e+01 -1.239785e+00 
 3.022467e+01 -1.242801e+00 
 3.022499e+01 -1.245648e+00 
 3.022532e+01 -1.248844e+00 
 3.022564e+01 -1.252316e+00 
 3.022596e+01 -1.256022e+00 
 3.022629e+01 -1.259793e+00 
 3.022661e+01 -1.263585e+00 
 3.022693e+01 -1.264801e+00 
 3.022726e+01 -1.270920e+00 
 3.022758e+01 -1.277861e+00 
 3.022790e+01 -1.284976e+00 
 3.022822e+01 -1.291458e+00 
 3.022855e+01 -1.297737e+00 
 3.022887e+01 -1.272806e+00 
 3.022919e+01 -1.281044e+00 
 3.022952e+01 -1.290391e+00 
 3.022984e+01 -1.300060e+00 
 3.023016e+01 -1.310298e+00 
 3.023049e+01 -1.321325e+00 
 3.023081e+01 -1.332193e+00 
 3.023113e+01 -1.342963e+00 
 3.023145e+01 -1.352688e+00 
 3.023178e+01 -1.329058e+00 
 3.023210e+01 -1.338634e+00 
 3.023242e+01 -1.348941e+00 
 3.023275e+01 -1.360207e+00 
 3.023307e+01 -1.371104e+00 
 3.023339e+01 -1.381101e+00 
 3.023372e+01 -1.389826e+00 
 3.023404e+01 -1.396857e+00 
 3.023436e+01 -1.401699e+00 
 3.023468e+01 -1.405183e+00 
 3.023501e+01 -1.407431e+00 
 3.023533e+01 -1.409429e+00 
 3.023565e+01 -1.412433e+00 
 3.023598e+01 -1.415895e+00 
 3.023630e+01 -1.418709e+00 
 3.023662e+01 -1.420390e+00 
 3.023695e+01 -1.420630e+00 
 3.023727e+01 -1.420308e+00 
 3.023759e+01 -1.420148e+00 
 3.023791e+01 -1.419072e+00 
 3.023824e+01 -1.416817e+00 
 3.023856e+01 -1.414008e+00 
 3.023888e+01 -1.410669e+00 
 3.023921e+01 -1.407656e+00 
 3.023953e+01 -1.405221e+00 
 3.023985e+01 -1.403017e+00 
 3.024018e+01 -1.400398e+00 
 3.024050e+01 -1.397858e+00 
 3.024082e+01 -1.396619e+00 
 3.024114e+01 -1.396556e+00 
 3.024147e+01 -1.397100e+00 
 3.024179e+01 -1.397469e+00 
 3.024211e+01 -1.396185e+00 
 3.024244e+01 -1.393738e+00 
 3.024276e+01 -1.364977e+00 
 3.024308e+01 -1.360581e+00 
 3.024341e+01 -1.355314e+00 
 3.024373e+01 -1.349282e+00 
 3.024405e+01 -1.340730e+00 
 3.024437e+01 -1.331967e+00 
 3.024470e+01 -1.311121e+00 
 3.024502e+01 -1.311864e+00 
 3.024534e+01 -1.313592e+00 
 3.024567e+01 -1.315218e+00 
 3.024599e+01 -1.316145e+00 
 3.024631e+01 -1.316224e+00 
 3.024664e+01 -1.315159e+00 
 3.024696e+01 -1.313079e+00 
 3.024728e+01 -1.310959e+00 
 3.024760e+01 -1.310290e+00 
 3.024793e+01 -1.311437e+00 
 3.024825e+01 -1.314511e+00 
 3.024857e+01 -1.314813e+00 
 3.024890e+01 -1.318420e+00 
 3.024922e+01 -1.322175e+00 
 3.024954e+01 -1.326241e+00 
 3.024987e+01 -1.331093e+00 
 3.025019e+01 -1.336070e+00 
 3.025051e+01 -1.340466e+00 
 3.025083e+01 -1.344327e+00 
 3.025116e+01 -1.348269e+00 
 3.025148e+01 -1.353085e+00 
 3.025180e+01 -1.359581e+00 
 3.025213e+01 -1.367901e+00 
 3.025245e+01 -1.372123e+00 
 3.025277e+01 -1.383601e+00 
 3.025310e+01 -1.395634e+00 
 3.025342e+01 -1.407817e+00 
 3.025374e+01 -1.419567e+00 
 3.025406e+01 -1.430346e+00 
 3.025439e+01 -1.443531e+00 
 3.025471e+01 -1.456397e+00 
 3.025503e+01 -1.469698e+00 
 3.025536e+01 -1.483865e+00 
 3.025568e+01 -1.499025e+00 
 3.025600e+01 -1.514902e+00 
 3.025632e+01 -1.530815e+00 
 3.025665e+01 -1.546369e+00 
 3.025697e+01 -1.559794e+00 
 3.025729e+01 -1.570970e+00 
 3.025762e+01 -1.579856e+00 
 3.025794e+01 -1.586716e+00 
 3.025826e+01 -1.592443e+00 
 3.025859e+01 -1.597124e+00 
 3.025891e+01 -1.599428e+00 
 3.025923e+01 -1.599063e+00 
 3.025955e+01 -1.597466e+00 
 3.025988e+01 -1.592720e+00 
 3.026020e+01 -1.586283e+00 
 3.026052e+01 -1.576900e+00 
 3.026085e+01 -1.564330e+00 
 3.026117e+01 -1.549485e+00 
 3.026149e+01 -1.533147e+00 
 3.026182e+01 -1.514699e+00 
 3.026214e+01 -1.492496e+00 
 3.026246e+01 -1.468399e+00 
 3.026278e+01 -1.443253e+00 
 3.026311e+01 -1.418253e+00 
 3.026343e+01 -1.394347e+00 
 3.026375e+01 -1.371615e+00 
 3.026408e+01 -1.350187e+00 
 3.026440e+01 -1.330413e+00 
 3.026472e+01 -1.312511e+00 
 3.026505e+01 -1.297781e+00 
 3.026537e+01 -1.282675e+00 
 3.026569e+01 -1.268955e+00 
 3.026601e+01 -1.254337e+00 
 3.026634e+01 -1.241365e+00 
 3.026666e+01 -1.228770e+00 
 3.026698e+01 -1.229925e+00 
 3.026731e+01 -1.227573e+00 
 3.026763e+01 -1.223209e+00 
 3.026795e+01 -1.217725e+00 
 3.026828e+01 -1.212618e+00 
 3.026860e+01 -1.206925e+00 
 3.026892e+01 -1.200919e+00 
 3.026924e+01 -1.194165e+00 
 3.026957e+01 -1.186697e+00 
 3.026989e+01 -1.179332e+00 
 3.027021e+01 -1.170427e+00 
 3.027054e+01 -1.166127e+00 
 3.027086e+01 -1.163135e+00 
 3.027118e+01 -1.160227e+00 
 3.027151e+01 -1.158310e+00 
 3.027183e+01 -1.155845e+00 
 3.027215e+01 -1.150318e+00 
 3.027247e+01 -1.144819e+00 
 3.027280e+01 -1.136068e+00 
 3.027312e+01 -1.130533e+00 
 3.027344e+01 -1.123156e+00 
 3.027377e+01 -1.116038e+00 
 3.027409e+01 -1.109713e+00 
 3.027441e+01 -1.104066e+00 
 3.027474e+01 -1.099293e+00 
 3.027506e+01 -1.094254e+00 
 3.027538e+01 -1.089541e+00 
 3.027570e+01 -1.084605e+00 
 3.027603e+01 -1.079878e+00 
 3.027635e+01 -1.087581e+00 
 3.027667e+01 -1.091903e+00 
 3.027700e+01 -1.083827e+00 
 3.027732e+01 -1.073300e+00 
 3.027764e+01 -1.066302e+00 
 3.027797e+01 -1.055344e+00 
 3.027829e+01 -1.045213e+00 
 3.027861e+01 -1.034545e+00 
 3.027893e+01 -1.023850e+00 
 3.027926e+01 -1.011406e+00 
 3.027958e+01 -9.975123e-01 
 3.027990e+01 -9.835320e-01 
 3.028023e+01 -9.695496e-01 
 3.028055e+01 -9.540060e-01 
 3.028087e+01 -9.392311e-01 
 3.028120e+01 -9.246833e-01 
 3.028152e+01 -9.130343e-01 
 3.028184e+01 -9.013874e-01 
 3.028216e+01 -8.864663e-01 
 3.028249e+01 -8.697202e-01 
 3.028281e+01 -8.530365e-01 
 3.028313e+01 -8.379491e-01 
 3.028346e+01 -8.245780e-01 
 3.028378e+01 -8.104850e-01 
 3.028410e+01 -7.975208e-01 
 3.028443e+01 -7.834196e-01 
 3.028475e+01 -7.682389e-01 
 3.028507e+01 -7.841951e-01 
 3.028539e+01 -7.856645e-01 
 3.028572e+01 -7.760088e-01 
 3.028604e+01 -7.585678e-01 
 3.028636e+01 -7.428592e-01 
 3.028669e+01 -7.277551e-01 
 3.028701e+01 -7.091239e-01 
 3.028733e+01 -6.869818e-01 
 3.028766e+01 -6.629172e-01 
 3.028798e+01 -6.392768e-01 
 3.028830e+01 -6.199604e-01 
 3.028862e+01 -6.067755e-01 
 3.028895e+01 -5.930770e-01 
 3.028927e+01 -5.790353e-01 
 3.028959e+01 -5.674916e-01 
 3.028992e+01 -5.552753e-01 
 3.029024e+01 -5.428405e-01 
 3.029056e+01 -5.313834e-01 
 3.029088e+01 -5.192520e-01 
 3.029121e+01 -5.048435e-01 
 3.029153e+01 -4.890364e-01 
 3.029185e+01 -4.726650e-01 
 3.029218e+01 -4.570887e-01 
 3.029250e+01 -4.432617e-01 
 3.029282e+01 -4.624230e-01 
 3.029315e+01 -4.737457e-01 
 3.029347e+01 -4.790458e-01 
 3.029379e+01 -4.798766e-01 
 3.029411e+01 -4.851046e-01 
 3.029444e+01 -4.856383e-01 
 3.029476e+01 -4.818630e-01 
 3.029508e+01 -4.714508e-01 
 3.029541e+01 -4.542607e-01 
 3.029573e+01 -4.312330e-01 
 3.029605e+01 -4.049648e-01 
 3.029638e+01 -3.789096e-01 
 3.029670e+01 -3.558299e-01 
 3.029702e+01 -3.334772e-01 
 3.029734e+01 -3.128396e-01 
 3.029767e+01 -2.945192e-01 
 3.029799e+01 -2.793035e-01 
 3.029831e+01 -2.655462e-01 
 3.029864e+01 -2.517749e-01 
 3.029896e+01 -2.378804e-01 
 3.029928e+01 -2.208529e-01 
 3.029961e+01 -2.009513e-01 
 3.029993e+01 -1.780459e-01 
 3.030025e+01 -1.547935e-01 
 3.030057e+01 -1.336131e-01 
 3.030090e+01 -1.155818e-01 
 3.030122e+01 -1.017856e-01 
 3.030154e+01 -9.291094e-02 
 3.030187e+01 -8.721148e-02 
 3.030219e+01 -8.231340e-02 
 3.030251e+01 -7.687928e-02 
 3.030284e+01 -7.029709e-02 
 3.030316e+01 -6.170196e-02 
 3.030348e+01 -5.155112e-02 
 3.030380e+01 -4.100908e-02 
 3.030413e+01 -3.007314e-02 
 3.030445e+01 -2.669884e-02 
 3.030477e+01 -1.693408e-02 
 3.030510e+01 -7.363005e-03 
 3.030542e+01  1.302475e-03 
 3.030574e+01  7.931156e-03 
 3.030607e+01  1.256048e-02 
 3.030639e+01  1.596380e-02 
 3.030671e+01  1.909685e-02 
 3.030703e+01  2.578401e-02 
 3.030736e+01  3.755412e-02 
 3.030768e+01  5.241342e-02 
 3.030800e+01  6.728685e-02 
 3.030833e+01  8.143245e-02 
 3.030865e+01  9.327522e-02 
 3.030897e+01  1.007538e-01 
 3.030930e+01  1.056588e-01 
 3.030962e+01  1.076851e-01 
 3.030994e+01  1.076468e-01 
 3.031026e+01  1.081102e-01 
 3.031059e+01  1.084941e-01 
 3.031091e+01  1.115635e-01 
 3.031123e+01  1.170629e-01 
 3.031156e+01  1.242093e-01 
 3.031188e+01  1.342888e-01 
 3.031220e+01  1.473939e-01 
 3.031253e+01  1.573895e-01 
 3.031285e+01  1.663725e-01 
 3.031317e+01  1.752498e-01 
 3.031349e+01  1.799283e-01 
 3.031382e+01  1.816646e-01 
 3.031414e+01  1.803711e-01 
 3.031446e+01  1.798720e-01 
 3.031479e+01  1.814921e-01 
 3.031511e+01  1.866545e-01 
 3.031543e+01  1.954096e-01 
 3.031576e+01  2.056178e-01 
 3.031608e+01  2.171053e-01 
 3.031640e+01  2.268277e-01 
 3.031672e+01  2.336776e-01 
 3.031705e+01  2.394748e-01 
 3.031737e+01  2.435034e-01 
 3.031769e+01  2.444763e-01 
 3.031802e+01  2.418413e-01 
 3.031834e+01  2.363924e-01 
 3.031866e+01  2.297176e-01 
 3.031899e+01  2.213179e-01 
 3.031931e+01  2.136720e-01 
 3.031963e+01  2.078070e-01 
 3.031995e+01  2.043299e-01 
 3.032028e+01  2.029742e-01 
 3.032060e+01  2.018425e-01 
 3.032092e+01  2.001760e-01 
 3.032125e+01  1.969217e-01 
 3.032157e+01  1.917444e-01 
 3.032189e+01  1.846461e-01 
 3.032222e+01  1.772358e-01 
 3.032254e+01  1.685319e-01 
 3.032286e+01  1.589298e-01 
 3.032318e+01  1.500757e-01 
 3.032351e+01  1.436511e-01 
 3.032383e+01  1.398036e-01 
 3.032415e+01  1.373312e-01 
 3.032448e+01  1.359350e-01 
 3.032480e+01  1.350481e-01 
 3.032512e+01  1.342803e-01 
 3.032544e+01  1.330752e-01 
 3.032577e+01  1.306277e-01 
 3.032609e+01  1.257025e-01 
 3.032641e+01  1.172047e-01 
 3.032674e+01  1.056095e-01 
 3.032706e+01  9.334065e-02 
 3.032738e+01  8.188323e-02 
 3.032771e+01  7.136733e-02 
 3.032803e+01  6.134339e-02 
 3.032835e+01  5.126470e-02 
 3.032867e+01  4.056084e-02 
 3.032900e+01  2.912515e-02 
 3.032932e+01  1.676531e-02 
 3.032964e+01  3.584253e-03 
 3.032997e+01 -9.809184e-03 
 3.033029e+01 -2.296911e-02 
 3.033061e+01 -3.688686e-02 
 3.033094e+01 -5.130312e-02 
 3.033126e+01 -6.638534e-02 
 3.033158e+01 -8.212033e-02 
 3.033190e+01 -9.798723e-02 
 3.033223e+01 -1.129065e-01 
 3.033255e+01 -1.259507e-01 
 3.033287e+01 -1.383407e-01 
 3.033320e+01 -1.513810e-01 
 3.033352e+01 -1.649351e-01 
 3.033384e+01 -1.805765e-01 
 3.033417e+01 -1.975208e-01 
 3.033449e+01 -2.139318e-01 
 3.033481e+01 -2.310729e-01 
 3.033513e+01 -2.474883e-01 
 3.033546e+01 -2.611645e-01 
 3.033578e+01 -2.731180e-01 
 3.033610e+01 -2.827886e-01 
 3.033643e+01 -2.913207e-01 
 3.033675e+01 -2.987102e-01 
 3.033707e+01 -3.068717e-01 
 3.033740e+01 -3.134491e-01 
 3.033772e+01 -3.181007e-01 
 3.033804e+01 -3.217549e-01 
 3.033836e+01 -3.265528e-01 
 3.033869e+01 -3.321681e-01 
 3.033901e+01 -3.387106e-01 
 3.033933e+01 -3.303494e-01 
 3.033966e+01 -3.340965e-01 
 3.033998e+01 -3.351983e-01 
 3.034030e+01 -3.291805e-01 
 3.034063e+01 -3.248483e-01 
 3.034095e+01 -3.201071e-01 
 3.034127e+01 -3.156819e-01 
 3.034159e+01 -3.106939e-01 
 3.034192e+01 -3.102777e-01 
 3.034224e+01 -3.174641e-01 
 3.034256e+01 -3.247174e-01 
 3.034289e+01 -3.309750e-01 
 3.034321e+01 -3.342493e-01 
 3.034353e+01 -3.370912e-01 
 3.034386e+01 -3.398295e-01 
 3.034418e+01 -3.401801e-01 
 3.034450e+01 -3.395498e-01 
 3.034482e+01 -3.381202e-01 
 3.034515e+01 -3.370967e-01 
 3.034547e+01 -3.376930e-01 
 3.034579e+01 -3.411463e-01 
 3.034612e+01 -3.476697e-01 
 3.034644e+01 -3.573815e-01 
 3.034676e+01 -3.701778e-01 
 3.034709e+01 -3.874139e-01 
 3.034741e+01 -4.045397e-01 
 3.034773e+01 -4.172240e-01 
 3.034805e+01 -4.257277e-01 
 3.034838e+01 -4.307043e-01 
 3.034870e+01 -4.323519e-01 
 3.034902e+01 -4.336981e-01 
 3.034935e+01 -4.352014e-01 
 3.034967e+01 -4.360886e-01 
 3.034999e+01 -4.386527e-01 
 3.035032e+01 -4.444669e-01 
 3.035064e+01 -4.540508e-01 
 3.035096e+01 -4.670153e-01 
 3.035128e+01 -4.821783e-01 
 3.035161e+01 -4.951726e-01 
 3.035193e+01 -5.082338e-01 
 3.035225e+01 -5.221305e-01 
 3.035258e+01 -5.313652e-01 
 3.035290e+01 -5.351493e-01 
 3.035322e+01 -5.353075e-01 
 3.035355e+01 -5.360299e-01 
 3.035387e+01 -5.378279e-01 
 3.035419e+01 -5.407323e-01 
 3.035451e+01 -5.269703e-01 
 3.035484e+01 -5.364960e-01 
 3.035516e+01 -5.480227e-01 
 3.035548e+01 -5.604096e-01 
 3.035581e+01 -5.525476e-01 
 3.035613e+01 -5.625417e-01 
 3.035645e+01 -5.702192e-01 
 3.035678e+01 -5.778466e-01 
 3.035710e+01 -5.827651e-01 
 3.035742e+01 -5.938328e-01 
 3.035774e+01 -6.051705e-01 
 3.035807e+01 -6.166993e-01 
 3.035839e+01 -5.971346e-01 
 3.035871e+01 -6.121432e-01 
 3.035904e+01 -6.293002e-01 
 3.035936e+01 -6.467571e-01 
 3.035968e+01 -6.631651e-01 
 3.036000e+01 -6.797364e-01 
 3.036033e+01 -6.961638e-01 
 3.036065e+01 -7.110341e-01 
 3.036097e+01 -7.293698e-01 
 3.036130e+01 -7.527569e-01 
 3.036162e+01 -7.759125e-01 
 3.036194e+01 -8.025900e-01 
 3.036227e+01 -8.247941e-01 
 3.036259e+01 -8.482742e-01 
 3.036291e+01 -8.712533e-01 
 3.036323e+01 -8.922268e-01 
 3.036356e+01 -9.138199e-01 
 3.036388e+01 -9.359226e-01 
 3.036420e+01 -9.569592e-01 
 3.036453e+01 -9.729995e-01 
 3.036485e+01 -9.877151e-01 
 3.036517e+01 -9.964750e-01 
 3.036550e+01 -1.005914e+00 
 3.036582e+01 -1.016147e+00 
 3.036614e+01 -1.026780e+00 
 3.036646e+01 -1.036429e+00 
 3.036679e+01 -1.046326e+00 
 3.036711e+01 -1.059189e+00 
 3.036743e+01 -1.074416e+00 
 3.036776e+01 -1.088205e+00 
 3.036808e+01 -1.097901e+00 
 3.036840e+01 -1.103885e+00 
 3.036873e+01 -1.107310e+00 
 3.036905e+01 -1.110602e+00 
 3.036937e+01 -1.116070e+00 
 3.036969e+01 -1.122139e+00 
 3.037002e+01 -1.128563e+00 
 3.037034e+01 -1.136956e+00 
 3.037066e+01 -1.146820e+00 
 3.037099e+01 -1.159227e+00 
 3.037131e+01 -1.172681e+00 
 3.037163e+01 -1.185709e+00 
 3.037196e+01 -1.199024e+00 
 3.037228e+01 -1.213279e+00 
 3.037260e+01 -1.226904e+00 
 3.037292e+01 -1.238338e+00 
 3.037325e+01 -1.246272e+00 
 3.037357e+01 -1.251470e+00 
 3.037389e+01 -1.255842e+00 
 3.037422e+01 -1.260891e+00 
 3.037454e+01 -1.267482e+00 
 3.037486e+01 -1.275385e+00 
 3.037519e+01 -1.285759e+00 
 3.037551e+01 -1.297690e+00 
 3.037583e+01 -1.310036e+00 
 3.037615e+01 -1.325522e+00 
 3.037648e+01 -1.340419e+00 
 3.037680e+01 -1.355357e+00 
 3.037712e+01 -1.369437e+00 
 3.037745e+01 -1.384547e+00 
 3.037777e+01 -1.399145e+00 
 3.037809e+01 -1.409670e+00 
 3.037842e+01 -1.416539e+00 
 3.037874e+01 -1.419530e+00 
 3.037906e+01 -1.421089e+00 
 3.037938e+01 -1.424143e+00 
 3.037971e+01 -1.428192e+00 
 3.038003e+01 -1.432968e+00 
 3.038035e+01 -1.438553e+00 
 3.038068e+01 -1.443678e+00 
 3.038100e+01 -1.448357e+00 
 3.038132e+01 -1.452707e+00 
 3.038165e+01 -1.455501e+00 
 3.038197e+01 -1.456123e+00 
 3.038229e+01 -1.457193e+00 
 3.038261e+01 -1.458652e+00 
 3.038294e+01 -1.460487e+00 
 3.038326e+01 -1.461066e+00 
 3.038358e+01 -1.460926e+00 
 3.038391e+01 -1.459852e+00 
 3.038423e+01 -1.457804e+00 
 3.038455e+01 -1.457574e+00 
 3.038488e+01 -1.458022e+00 
 3.038520e+01 -1.459823e+00 
 3.038552e+01 -1.460556e+00 
 3.038584e+01 -1.462095e+00 
 3.038617e+01 -1.462718e+00 
 3.038649e+01 -1.462631e+00 
 3.038681e+01 -1.460669e+00 
 3.038714e+01 -1.458542e+00 
 3.038746e+01 -1.457973e+00 
 3.038778e+01 -1.458891e+00 
 3.038811e+01 -1.459584e+00 
 3.038843e+01 -1.460391e+00 
 3.038875e+01 -1.459273e+00 
 3.038907e+01 -1.456902e+00 
 3.038940e+01 -1.455935e+00 
 3.038972e+01 -1.455170e+00 
 3.039004e+01 -1.454869e+00 
 3.039037e+01 -1.449035e+00 
 3.039069e+01 -1.446665e+00 
 3.039101e+01 -1.443450e+00 
 3.039134e+01 -1.440778e+00 
 3.039166e+01 -1.436282e+00 
 3.039198e+01 -1.425938e+00 
 3.039230e+01 -1.356429e+00 
 3.039263e+01 -1.345891e+00 
 3.039295e+01 -1.333743e+00 
 3.039327e+01 -1.320833e+00 
 3.039360e+01 -1.273805e+00 
 3.039392e+01 -1.236868e+00 
 3.039424e+01 -1.198635e+00 
 3.039457e+01 -1.174660e+00 
 3.039489e+01 -1.112959e+00 
 3.039521e+01 -1.098038e+00 
 3.039553e+01 -1.085022e+00 
 3.039586e+01 -1.038604e+00 
 3.039618e+01 -1.030136e+00 
 3.039650e+01 -1.023628e+00 
 3.039683e+01 -1.014851e+00 
 3.039715e+01 -1.012415e+00 
 3.039747e+01 -9.977617e-01 
 3.039779e+01 -9.945947e-01 
 3.039812e+01 -9.923208e-01 
 3.039844e+01 -9.853287e-01 
 3.039876e+01 -9.791004e-01 
 3.039909e+01 -9.707745e-01 
 3.039941e+01 -9.624717e-01 
 3.039973e+01 -9.562343e-01 
 3.040006e+01 -9.304960e-01 
 3.040038e+01 -8.985077e-01 
 3.040070e+01 -9.003015e-01 
 3.040102e+01 -9.026348e-01 
 3.040135e+01 -8.866654e-01 
 3.040167e+01 -8.909544e-01 
 3.040199e+01 -8.960003e-01 
 3.040232e+01 -9.002658e-01 
 3.040264e+01 -9.026617e-01 
 3.040296e+01 -9.031853e-01 
 3.040329e+01 -9.049599e-01 
 3.040361e+01 -9.138177e-01 
 3.040393e+01 -9.363469e-01 
 3.040425e+01 -9.596744e-01 
 3.040458e+01 -9.776061e-01 
 3.040490e+01 -9.885527e-01 
 3.040522e+01 -9.995589e-01 
 3.040555e+01 -1.011464e+00 
 3.040587e+01 -1.022477e+00 
 3.040619e+01 -1.031561e+00 
 3.040652e+01 -1.038407e+00 
 3.040684e+01 -1.043785e+00 
 3.040716e+01 -1.047800e+00 
 3.040748e+01 -1.050769e+00 
 3.040781e+01 -1.063271e+00 
 3.040813e+01 -1.078499e+00 
 3.040845e+01 -1.095988e+00 
 3.040878e+01 -1.116613e+00 
 3.040910e+01 -1.130406e+00 
 3.040942e+01 -1.145060e+00 
 3.040975e+01 -1.142520e+00 
 3.041007e+01 -1.158977e+00 
 3.041039e+01 -1.174291e+00 
 3.041071e+01 -1.185786e+00 
 3.041104e+01 -1.195077e+00 
 3.041136e+01 -1.202203e+00 
 3.041168e+01 -1.207946e+00 
 3.041201e+01 -1.214028e+00 
 3.041233e+01 -1.196836e+00 
 3.041265e+01 -1.218103e+00 
 3.041298e+01 -1.242295e+00 
 3.041330e+01 -1.275367e+00 
 3.041362e+01 -1.305540e+00 
 3.041394e+01 -1.332213e+00 
 3.041427e+01 -1.355710e+00 
 3.041459e+01 -1.350398e+00 
 3.041491e+01 -1.355117e+00 
 3.041524e+01 -1.359920e+00 
 3.041556e+01 -1.361579e+00 
 3.041588e+01 -1.359648e+00 
 3.041621e+01 -1.356053e+00 
 3.041653e+01 -1.351052e+00 
 3.041685e+01 -1.346943e+00 
 3.041717e+01 -1.341643e+00 
 3.041750e+01 -1.341691e+00 
 3.041782e+01 -1.342558e+00 
 3.041814e+01 -1.342898e+00 
 3.041847e+01 -1.323071e+00 
 3.041879e+01 -1.318098e+00 
 3.041911e+01 -1.316330e+00 
 3.041944e+01 -1.313545e+00 
 3.041976e+01 -1.311091e+00 
 3.042008e+01 -1.310131e+00 
 3.042040e+01 -1.312044e+00 
 3.042073e+01 -1.315900e+00 
 3.042105e+01 -1.319804e+00 
 3.042137e+01 -1.327098e+00 
 3.042170e+01 -1.335322e+00 
 3.042202e+01 -1.346145e+00 
 3.042234e+01 -1.359094e+00 
 3.042267e+01 -1.371294e+00 
 3.042299e+01 -1.381549e+00 
 3.042331e+01 -1.389859e+00 
 3.042363e+01 -1.398261e+00 
 3.042396e+01 -1.407603e+00 
 3.042428e+01 -1.417646e+00 
 3.042460e+01 -1.428646e+00 
 3.042493e+01 -1.439966e+00 
 3.042525e+01 -1.448385e+00 
 3.042557e+01 -1.463325e+00 
 3.042590e+01 -1.480222e+00 
 3.042622e+01 -1.504048e+00 
 3.042654e+01 -1.523854e+00 
 3.042686e+01 -1.539154e+00 
 3.042719e+01 -1.551721e+00 
 3.042751e+01 -1.564144e+00 
 3.042783e+01 -1.571716e+00 
 3.042816e+01 -1.577023e+00 
 3.042848e+01 -1.580816e+00 
 3.042880e+01 -1.588024e+00 
 3.042913e+01 -1.594276e+00 
 3.042945e+01 -1.568473e+00 
 3.042977e+01 -1.554164e+00 
 3.043009e+01 -1.552673e+00 
 3.043042e+01 -1.541494e+00 
 3.043074e+01 -1.536100e+00 
 3.043106e+01 -1.530512e+00 
 3.043139e+01 -1.525702e+00 
 3.043171e+01 -1.525206e+00 
 3.043203e+01 -1.527765e+00 
 3.043236e+01 -1.535273e+00 
 3.043268e+01 -1.546280e+00 
 3.043300e+01 -1.558921e+00 
 3.043332e+01 -1.569354e+00 
 3.043365e+01 -1.576055e+00 
 3.043397e+01 -1.578820e+00 
 3.043429e+01 -1.578390e+00 
 3.043462e+01 -1.572586e+00 
 3.043494e+01 -1.532551e+00 
 3.043526e+01 -1.502916e+00 
 3.043558e+01 -1.483435e+00 
 3.043591e+01 -1.465224e+00 
 3.043623e+01 -1.455591e+00 
 3.043655e+01 -1.446772e+00 
 3.043688e+01 -1.439825e+00 
 3.043720e+01 -1.435273e+00 
 3.043752e+01 -1.433688e+00 
 3.043785e+01 -1.435737e+00 
 3.043817e+01 -1.438608e+00 
 3.043849e+01 -1.437422e+00 
 3.043881e+01 -1.428293e+00 
 3.043914e+01 -1.418381e+00 
 3.043946e+01 -1.405836e+00 
 3.043978e+01 -1.391842e+00 
 3.044011e+01 -1.376217e+00 
 3.044043e+01 -1.361372e+00 
 3.044075e+01 -1.348400e+00 
 3.044108e+01 -1.338061e+00 
 3.044140e+01 -1.330154e+00 
 3.044172e+01 -1.324366e+00 
 3.044204e+01 -1.318290e+00 
 3.044237e+01 -1.311180e+00 
 3.044269e+01 -1.303286e+00 
 3.044301e+01 -1.294520e+00 
 3.044334e+01 -1.281875e+00 
 3.044366e+01 -1.265923e+00 
 3.044398e+01 -1.248079e+00 
 3.044431e+01 -1.230980e+00 
 3.044463e+01 -1.216311e+00 
 3.044495e+01 -1.204483e+00 
 3.044527e+01 -1.195588e+00 
 3.044560e+01 -1.189626e+00 
 3.044592e+01 -1.186507e+00 
 3.044624e+01 -1.185225e+00 
 3.044657e+01 -1.185668e+00 
 3.044689e+01 -1.183526e+00 
 3.044721e+01 -1.178389e+00 
 3.044754e+01 -1.170590e+00 
 3.044786e+01 -1.163531e+00 
 3.044818e+01 -1.158745e+00 
 3.044850e+01 -1.154656e+00 
 3.044883e+01 -1.152139e+00 
 3.044915e+01 -1.151494e+00 
 3.044947e+01 -1.153220e+00 
 3.044980e+01 -1.158465e+00 
 3.045012e+01 -1.167978e+00 
 3.045044e+01 -1.178813e+00 
 3.045077e+01 -1.189738e+00 
 3.045109e+01 -1.199038e+00 
 3.045141e+01 -1.207535e+00 
 3.045173e+01 -1.213036e+00 
 3.045206e+01 -1.215291e+00 
 3.045238e+01 -1.215294e+00 
 3.045270e+01 -1.214938e+00 
 3.045303e+01 -1.218134e+00 
 3.045335e+01 -1.225696e+00 
 3.045367e+01 -1.236684e+00 
 3.045400e+01 -1.251200e+00 
 3.045432e+01 -1.267776e+00 
 3.045464e+01 -1.285228e+00 
 3.045496e+01 -1.302700e+00 
 3.045529e+01 -1.316218e+00 
 3.045561e+01 -1.326410e+00 
 3.045593e+01 -1.331435e+00 
 3.045626e+01 -1.332963e+00 
 3.045658e+01 -1.332698e+00 
 3.045690e+01 -1.331371e+00 
 3.045723e+01 -1.328715e+00 
 3.045755e+01 -1.327859e+00 
 3.045787e+01 -1.330932e+00 
 3.045819e+01 -1.336740e+00 
 3.045852e+01 -1.344657e+00 
 3.045884e+01 -1.352095e+00 
 3.045916e+01 -1.354672e+00 
 3.045949e+01 -1.348669e+00 
 3.045981e+01 -1.337451e+00 
 3.046013e+01 -1.325891e+00 
 3.046046e+01 -1.309206e+00 
 3.046078e+01 -1.291287e+00 
 3.046110e+01 -1.275740e+00 
 3.046142e+01 -1.261955e+00 
 3.046175e+01 -1.251511e+00 
 3.046207e+01 -1.247296e+00 
 3.046239e+01 -1.241971e+00 
 3.046272e+01 -1.238139e+00 
 3.046304e+01 -1.235315e+00 
 3.046336e+01 -1.231069e+00 
 3.046369e+01 -1.225629e+00 
 3.046401e+01 -1.216302e+00 
 3.046433e+01 -1.203630e+00 
 3.046465e+01 -1.188429e+00 
 3.046498e+01 -1.171791e+00 
 3.046530e+01 -1.156730e+00 
 3.046562e+01 -1.142953e+00 
 3.046595e+01 -1.132067e+00 
 3.046627e+01 -1.124392e+00 
 3.046659e+01 -1.119406e+00 
 3.046692e+01 -1.116470e+00 
 3.046724e+01 -1.111987e+00 
 3.046756e+01 -1.103836e+00 
 3.046788e+01 -1.091298e+00 
 3.046821e+01 -1.074418e+00 
 3.046853e+01 -1.053970e+00 
 3.046885e+01 -1.031380e+00 
 3.046918e+01 -1.005596e+00 
 3.046950e+01 -9.781124e-01 
 3.046982e+01 -9.499266e-01 
 3.047014e+01 -9.234802e-01 
 3.047047e+01 -8.992815e-01 
 3.047079e+01 -8.777784e-01 
 3.047111e+01 -8.574173e-01 
 3.047144e+01 -8.367230e-01 
 3.047176e+01 -8.150338e-01 
 3.047208e+01 -7.885807e-01 
 3.047241e+01 -7.597486e-01 
 3.047273e+01 -7.360277e-01 
 3.047305e+01 -7.098238e-01 
 3.047337e+01 -6.820885e-01 
 3.047370e+01 -6.601884e-01 
 3.047402e+01 -6.391399e-01 
 3.047434e+01 -6.224993e-01 
 3.047467e+01 -6.080121e-01 
 3.047499e+01 -5.985366e-01 
 3.047531e+01 -5.876374e-01 
 3.047564e+01 -5.775748e-01 
 3.047596e+01 -5.680534e-01 
 3.047628e+01 -5.590321e-01 
 3.047660e+01 -5.499179e-01 
 3.047693e+01 -5.407251e-01 
 3.047725e+01 -5.308559e-01 
 3.047757e+01 -5.208612e-01 
 3.047790e+01 -5.113861e-01 
 3.047822e+01 -5.016967e-01 
 3.047854e+01 -4.930416e-01 
 3.047887e+01 -4.864871e-01 
 3.047919e+01 -4.799682e-01 
 3.047951e+01 -4.735067e-01 
 3.047983e+01 -4.664949e-01 
 3.048016e+01 -4.590725e-01 
 3.048048e+01 -4.522835e-01 
 3.048080e+01 -4.444519e-01 
 3.048113e+01 -4.353369e-01 
 3.048145e+01 -4.245946e-01 
 3.048177e+01 -4.125984e-01 
 3.048210e+01 -4.007880e-01 
 3.048242e+01 -3.888077e-01 
 3.048274e+01 -3.768615e-01 
 3.048306e+01 -3.641507e-01 
 3.048339e+01 -3.510377e-01 
 3.048371e+01 -3.378098e-01 
 3.048403e+01 -3.243519e-01 
 3.048436e+01 -3.105476e-01 
 3.048468e+01 -2.953364e-01 
 3.048500e+01 -2.787199e-01 
 3.048533e+01 -2.619576e-01 
 3.048565e+01 -2.463488e-01 
 3.048597e+01 -2.326728e-01 
 3.048629e+01 -2.209963e-01 
 3.048662e+01 -2.110074e-01 
 3.048694e+01 -2.029369e-01 
 3.048726e+01 -1.961584e-01 
 3.048759e+01 -1.888244e-01 
 3.048791e+01 -1.806630e-01 
 3.048823e+01 -1.715619e-01 
 3.048856e+01 -1.628200e-01 
 3.048888e+01 -1.558564e-01 
 3.048920e+01 -1.514084e-01 
 3.048952e+01 -1.491758e-01 
 3.048985e+01 -1.483255e-01 
 3.049017e+01 -1.489706e-01 
 3.049049e+01 -1.518213e-01 
 3.049082e+01 -1.568880e-01 
 3.049114e+01 -1.638275e-01 
 3.049146e+01 -1.774431e-01 
 3.049179e+01 -1.839833e-01 
 3.049211e+01 -1.905794e-01 
 3.049243e+01 -1.972163e-01 
 3.049275e+01 -2.015874e-01 
 3.049308e+01 -2.095363e-01 
 3.049340e+01 -2.115292e-01 
 3.049372e+01 -2.133686e-01 
 3.049405e+01 -2.157221e-01 
 3.049437e+01 -2.215518e-01 
 3.049469e+01 -2.251397e-01 
 3.049502e+01 -2.272623e-01 
 3.049534e+01 -2.273640e-01 
 3.049566e+01 -2.261474e-01 
 3.049598e+01 -2.230917e-01 
 3.049631e+01 -2.184831e-01 
 3.049663e+01 -2.126369e-01 
 3.049695e+01 -2.071949e-01 
 3.049728e+01 -2.024028e-01 
 3.049760e+01 -1.982106e-01 
 3.049792e+01 -1.962038e-01 
 3.049825e+01 -1.968332e-01 
 3.049857e+01 -2.011943e-01 
 3.049889e+01 -2.096260e-01 
 3.049921e+01 -2.226767e-01 
 3.049954e+01 -2.384690e-01 
 3.049986e+01 -2.551775e-01 
 3.050018e+01 -2.709840e-01 
 3.050051e+01 -2.861802e-01 
 3.050083e+01 -3.042401e-01 
 3.050115e+01 -3.196645e-01 
 3.050148e+01 -3.358519e-01 
 3.050180e+01 -3.532893e-01 
 3.050212e+01 -3.731838e-01 
 3.050244e+01 -3.959307e-01 
 3.050277e+01 -4.214721e-01 
 3.050309e+01 -4.488969e-01 
 3.050341e+01 -4.766122e-01 
 3.050374e+01 -5.028935e-01 
 3.050406e+01 -5.278860e-01 
 3.050438e+01 -5.512165e-01 
 3.050470e+01 -5.723004e-01 
 3.050503e+01 -5.909294e-01 
 3.050535e+01 -6.087852e-01 
 3.050567e+01 -6.263384e-01 
 3.050600e+01 -6.447555e-01 
 3.050632e+01 -6.636513e-01 
 3.050664e+01 -6.824694e-01 
 3.050697e+01 -7.011076e-01 
 3.050729e+01 -7.189278e-01 
 3.050761e+01 -7.354282e-01 
 3.050793e+01 -7.489004e-01 
 3.050826e+01 -7.584764e-01 
 3.050858e+01 -7.648195e-01 
 3.050890e+01 -7.681971e-01 
 3.050923e+01 -7.701550e-01 
 3.050955e+01 -7.720132e-01 
 3.050987e+01 -7.733209e-01 
 3.051020e+01 -7.744866e-01 
 3.051052e+01 -7.750281e-01 
 3.051084e+01 -7.761384e-01 
 3.051116e+01 -7.779862e-01 
 3.051149e+01 -7.803922e-01 
 3.051181e+01 -7.829219e-01 
 3.051213e+01 -7.854686e-01 
 3.051246e+01 -7.873071e-01 
 3.051278e+01 -7.877024e-01 
 3.051310e+01 -7.863234e-01 
 3.051343e+01 -7.841026e-01 
 3.051375e+01 -7.817651e-01 
 3.051407e+01 -7.802362e-01 
 3.051439e+01 -7.814562e-01 
 3.051472e+01 -7.862629e-01 
 3.051504e+01 -7.947865e-01 
 3.051536e+01 -8.056987e-01 
 3.051569e+01 -8.176638e-01 
 3.051601e+01 -8.295192e-01 
 3.051633e+01 -8.412744e-01 
 3.051666e+01 -8.522599e-01 
 3.051698e+01 -8.630742e-01 
 3.051730e+01 -8.719937e-01 
 3.051762e+01 -8.800237e-01 
 3.051795e+01 -8.880724e-01 
 3.051827e+01 -8.984529e-01 
 3.051859e+01 -9.077711e-01 
 3.051892e+01 -9.175713e-01 
 3.051924e+01 -9.249652e-01 
 3.051956e+01 -9.344671e-01 
 3.051989e+01 -9.744667e-01 
 3.052021e+01 -9.839274e-01 
 3.052053e+01 -9.894907e-01 
 3.052085e+01 -9.919321e-01 
 3.052118e+01 -9.950777e-01 
 3.052150e+01 -9.957680e-01 
 3.052182e+01 -9.928806e-01 
 3.052215e+01 -9.871448e-01 
 3.052247e+01 -9.807803e-01 
 3.052279e+01 -9.745117e-01 
 3.052312e+01 -9.664760e-01 
 3.052344e+01 -9.626267e-01 
 3.052376e+01 -9.594125e-01 
 3.052408e+01 -9.568368e-01 
 3.052441e+01 -9.542710e-01 
 3.052473e+01 -9.518640e-01 
 3.052505e+01 -9.512806e-01 
 3.052538e+01 -9.495940e-01 
 3.052570e+01 -9.460318e-01 
 3.052602e+01 -9.434034e-01 
 3.052635e+01 -9.677703e-01 
 3.052667e+01 -9.626164e-01 
 3.052699e+01 -9.747500e-01 
 3.052731e+01 -9.791071e-01 
 3.052764e+01 -9.806984e-01 
 3.052796e+01 -9.854705e-01 
 3.052828e+01 -9.913583e-01 
 3.052861e+01 -9.957579e-01 
 3.052893e+01 -9.965022e-01 
 3.052925e+01 -9.915445e-01 
 3.052958e+01 -9.799769e-01 
 3.052990e+01 -9.665831e-01 
 3.053022e+01 -9.491599e-01 
 3.053054e+01 -9.288968e-01 
 3.053087e+01 -9.090842e-01 
 3.053119e+01 -8.903767e-01 
 3.053151e+01 -8.745667e-01 
 3.053184e+01 -8.603281e-01 
 3.053216e+01 -8.479238e-01 
 3.053248e+01 -8.363064e-01 
 3.053281e+01 -8.277230e-01 
 3.053313e+01 -8.221573e-01 
 3.053345e+01 -8.112879e-01 
 3.053377e+01 -7.992329e-01 
 3.053410e+01 -7.870286e-01 
 3.053442e+01 -7.753601e-01 
 3.053474e+01 -7.662843e-01 
 3.053507e+01 -7.581276e-01 
 3.053539e+01 -7.825287e-01 
 3.053571e+01 -7.770370e-01 
 3.053604e+01 -7.714945e-01 
 3.053636e+01 -7.682155e-01 
 3.053668e+01 -7.647526e-01 
 3.053700e+01 -7.601550e-01 
 3.053733e+01 -7.511413e-01 
 3.053765e+01 -7.374348e-01 
 3.053797e+01 -7.240152e-01 
 3.053830e+01 -6.984164e-01 
 3.053862e+01 -6.739619e-01 
 3.053894e+01 -6.498359e-01 
 3.053926e+01 -6.277248e-01 
 3.053959e+01 -6.092797e-01 
 3.053991e+01 -5.941296e-01 
 3.054023e+01 -5.870524e-01 
 3.054056e+01 -5.861053e-01 
 3.054088e+01 -5.871407e-01 
 3.054120e+01 -5.884556e-01 
 3.054153e+01 -5.910985e-01 
 3.054185e+01 -5.993016e-01 
 3.054217e+01 -6.015648e-01 
 3.054249e+01 -6.060655e-01 
 3.054282e+01 -6.097126e-01 
 3.054314e+01 -6.156555e-01 
 3.054346e+01 -6.247145e-01 
 3.054379e+01 -6.691237e-01 
 3.054411e+01 -6.780234e-01 
 3.054443e+01 -6.843346e-01 
 3.054476e+01 -7.185997e-01 
 3.054508e+01 -7.210827e-01 
 3.054540e+01 -7.158209e-01 
 3.054572e+01 -7.058681e-01 
 3.054605e+01 -6.904132e-01 
 3.054637e+01 -6.736810e-01 
 3.054669e+01 -6.539367e-01 
 3.054702e+01 -6.340097e-01 
 3.054734e+01 -6.159908e-01 
 3.054766e+01 -5.944818e-01 
 3.054799e+01 -5.754243e-01 
 3.054831e+01 -5.583320e-01 
 3.054863e+01 -5.442188e-01 
 3.054895e+01 -5.377279e-01 
 3.054928e+01 -5.309564e-01 
 3.054960e+01 -5.247079e-01 
 3.054992e+01 -5.184086e-01 
 3.055025e+01 -5.469616e-01 
 3.055057e+01 -5.460408e-01 
 3.055089e+01 -5.436900e-01 
 3.055122e+01 -5.402372e-01 
 3.055154e+01 -5.624173e-01 
 3.055186e+01 -5.631534e-01 
 3.055218e+01 -5.653876e-01 
 3.055251e+01 -5.623689e-01 
 3.055283e+01 -5.569076e-01 
 3.055315e+01 -5.498690e-01 
 3.055348e+01 -5.705164e-01 
 3.055380e+01 -5.572381e-01 
 3.055412e+01 -5.383375e-01 
 3.055445e+01 -5.190477e-01 
 3.055477e+01 -4.991352e-01 
 3.055509e+01 -4.817830e-01 
 3.055541e+01 -4.698856e-01 
 3.055574e+01 -4.587720e-01 
 3.055606e+01 -4.468028e-01 
 3.055638e+01 -4.349206e-01 
 3.055671e+01 -4.238545e-01 
 3.055703e+01 -4.134928e-01 
 3.055735e+01 -4.014504e-01 
 3.055768e+01 -3.904717e-01 
 3.055800e+01 -3.763174e-01 
 3.055832e+01 -3.931949e-01 
 3.055864e+01 -3.969880e-01 
 3.055897e+01 -3.856802e-01 
 3.055929e+01 -3.824316e-01 
 3.055961e+01 -3.757487e-01 
 3.055994e+01 -3.665871e-01 
 3.056026e+01 -3.575744e-01 
 3.056058e+01 -3.475422e-01 
 3.056091e+01 -3.364322e-01 
 3.056123e+01 -3.231496e-01 
 3.056155e+01 -3.099709e-01 
 3.056187e+01 -2.921343e-01 
 3.056220e+01 -2.734696e-01 
 3.056252e+01 -2.544676e-01 
 3.056284e+01 -2.346534e-01 
 3.056317e+01 -2.161742e-01 
 3.056349e+01 -1.998095e-01 
 3.056381e+01 -1.853911e-01 
 3.056414e+01 -1.718927e-01 
 3.056446e+01 -1.585369e-01 
 3.056478e+01 -1.442990e-01 
 3.056510e+01 -1.306188e-01 
 3.056543e+01 -1.187632e-01 
 3.056575e+01 -1.070111e-01 
 3.056607e+01 -9.652919e-02 
 3.056640e+01 -8.801742e-02 
 3.056672e+01 -8.163642e-02 
 3.056704e+01 -7.796858e-02 
 3.056737e+01 -7.677600e-02 
 3.056769e+01 -7.802795e-02 
 3.056801e+01 -8.022368e-02 
 3.056833e+01 -8.404135e-02 
 3.056866e+01 -8.870341e-02 
 3.056898e+01 -9.467906e-02 
 3.056930e+01 -1.007399e-01 
 3.056963e+01 -1.059784e-01 
 3.056995e+01 -1.095205e-01 
 3.057027e+01 -1.123490e-01 
 3.057059e+01 -1.142308e-01 
 3.057092e+01 -1.160460e-01 
 3.057124e+01 -1.175726e-01 
 3.057156e+01 -1.204578e-01 
 3.057189e+01 -1.249280e-01 
 3.057221e+01 -1.366251e-01 
 3.057253e+01 -1.422545e-01 
 3.057286e+01 -1.457552e-01 
 3.057318e+01 -1.477541e-01 
 3.057350e+01 -1.485317e-01 
 3.057382e+01 -1.501383e-01 
 3.057415e+01 -1.506607e-01 
 3.057447e+01 -1.485189e-01 
 3.057479e+01 -1.461636e-01 
 3.057512e+01 -1.426638e-01 
 3.057544e+01 -1.366236e-01 
 3.057576e+01 -1.311761e-01 
 3.057609e+01 -1.279241e-01 
 3.057641e+01 -1.410217e-01 
 3.057673e+01 -1.449754e-01 
 3.057705e+01 -1.496160e-01 
 3.057738e+01 -1.556546e-01 
 3.057770e+01 -1.675768e-01 
 3.057802e+01 -1.718849e-01 
 3.057835e+01 -1.748538e-01 
 3.057867e+01 -1.772602e-01 
 3.057899e+01 -1.787472e-01 
 3.057932e+01 -1.802071e-01 
 3.057964e+01 -1.826423e-01 
 3.057996e+01 -1.864003e-01 
 3.058028e+01 -1.919655e-01 
 3.058061e+01 -1.985689e-01 
 3.058093e+01 -2.060587e-01 
 3.058125e+01 -2.128920e-01 
 3.058158e+01 -2.193016e-01 
 3.058190e+01 -2.179317e-01 
 3.058222e+01 -2.143213e-01 
 3.058255e+01 -2.124007e-01 
 3.058287e+01 -2.040749e-01 
 3.058319e+01 -1.957502e-01 
 3.058351e+01 -1.937854e-01 
 3.058384e+01 -1.936222e-01 
 3.058416e+01 -1.959768e-01 
 3.058448e+01 -2.013357e-01 
 3.058481e+01 -2.103452e-01 
 3.058513e+01 -2.278979e-01 
 3.058545e+01 -2.414932e-01 
 3.058578e+01 -2.585273e-01 
 3.058610e+01 -2.731287e-01 
 3.058642e+01 -2.834194e-01 
 3.058674e+01 -3.187692e-01 
 3.058707e+01 -3.354048e-01 
 3.058739e+01 -3.317206e-01 
 3.058771e+01 -3.314623e-01 
 3.058804e+01 -3.227992e-01 
 3.058836e+01 -3.133695e-01 
 3.058868e+01 -3.035179e-01 
 3.058901e+01 -2.924591e-01 
 3.058933e+01 -2.826199e-01 
 3.058965e+01 -2.665633e-01 
 3.058997e+01 -2.436383e-01 
 3.059030e+01 -2.205666e-01 
 3.059062e+01 -1.952166e-01 
 3.059094e+01 -1.733815e-01 
 3.059127e+01 -1.555349e-01 
 3.059159e+01 -1.414296e-01 
 3.059191e+01 -1.264326e-01 
 3.059224e+01 -1.232085e-01 
 3.059256e+01 -1.195351e-01 
 3.059288e+01 -1.207165e-01 
 3.059320e+01 -1.249354e-01 
 3.059353e+01 -1.314223e-01 
 3.059385e+01 -1.426869e-01 
 3.059417e+01 -1.575031e-01 
 3.059450e+01 -1.646257e-01 
 3.059482e+01 -1.680162e-01 
 3.059514e+01 -2.148467e-01 
 3.059547e+01 -2.203983e-01 
 3.059579e+01 -2.174302e-01 
 3.059611e+01 -2.136738e-01 
 3.059643e+01 -2.107063e-01 
 3.059676e+01 -2.081295e-01 
 3.059708e+01 -2.034313e-01 
 3.059740e+01 -1.972884e-01 
 3.059773e+01 -1.908462e-01 
 3.059805e+01 -1.837944e-01 
 3.059837e+01 -1.755465e-01 
 3.059870e+01 -1.647201e-01 
 3.059902e+01 -1.525595e-01 
 3.059934e+01 -1.329955e-01 
 3.059966e+01 -1.066176e-01 
 3.059999e+01 -8.410291e-02 
 3.060031e+01 -6.363990e-02 
 3.060063e+01 -5.466185e-02 
 3.060096e+01 -5.043416e-02 
 3.060128e+01 -4.726100e-02 
 3.060160e+01 -4.561462e-02 
 3.060192e+01 -4.729526e-02 
 3.060225e+01 -4.858973e-02 
 3.060257e+01 -1.060111e-01 
 3.060289e+01 -1.195454e-01 
 3.060322e+01 -1.275858e-01 
 3.060354e+01 -1.372969e-01 
 3.060386e+01 -1.459859e-01 
 3.060419e+01 -1.543762e-01 
 3.060451e+01 -1.561814e-01 
 3.060483e+01 -1.541455e-01 
 3.060515e+01 -1.477490e-01 
 3.060548e+01 -1.379800e-01 
 3.060580e+01 -1.272292e-01 
 3.060612e+01 -1.171616e-01 
 3.060645e+01 -1.072665e-01 
 3.060677e+01 -9.821114e-02 
 3.060709e+01 -8.835233e-02 
 3.060742e+01 -7.810951e-02 
 3.060774e+01 -6.838774e-02 
 3.060806e+01 -5.932770e-02 
 3.060838e+01 -5.249074e-02 
 3.060871e+01 -4.286146e-02 
 3.060903e+01 -3.199608e-02 
 3.060935e+01 -1.902179e-02 
 3.060968e+01 -5.443561e-03 
 3.061000e+01  6.600389e-03 
 3.061032e+01  1.658556e-02 
 3.061065e+01  2.388401e-02 
 3.061097e+01  2.854287e-02 
 3.061129e+01  3.046021e-02 
 3.061161e+01  3.053434e-02 
 3.061194e+01  2.929359e-02 
 3.061226e+01  2.933119e-02 
 3.061258e+01  2.493245e-02 
 3.061291e+01  2.879615e-02 
 3.061323e+01  3.402999e-02 
 3.061355e+01  4.092795e-02 
 3.061388e+01  4.818916e-02 
 3.061420e+01  5.561965e-02 
 3.061452e+01  6.344741e-02 
 3.061484e+01  7.107213e-02 
 3.061517e+01  7.808967e-02 
 3.061549e+01  8.473752e-02 
 3.061581e+01  9.146417e-02 
 3.061614e+01  9.830466e-02 
 3.061646e+01  1.046065e-01 
 3.061678e+01  1.113049e-01 
 3.061711e+01  1.200237e-01 
 3.061743e+01  1.303057e-01 
 3.061775e+01  1.413488e-01 
 3.061807e+01  1.503869e-01 
 3.061840e+01  1.556612e-01 
 3.061872e+01  1.574234e-01 
 3.061904e+01  1.567879e-01 
 3.061937e+01  1.546662e-01 
 3.061969e+01  1.517722e-01 
 3.062001e+01  1.438179e-01 
 3.062034e+01  1.365091e-01 
 3.062066e+01  1.281871e-01 
 3.062098e+01  1.199594e-01 
 3.062130e+01  1.077207e-01 
 3.062163e+01  9.794286e-02 
 3.062195e+01  8.894929e-02 
 3.062227e+01  7.869418e-02 
 3.062260e+01  6.647243e-02 
 3.062292e+01  5.399896e-02 
 3.062324e+01  3.933155e-02 
 3.062357e+01  2.481793e-02 
 3.062389e+01  1.069348e-02 
 3.062421e+01 -2.445062e-03 
 3.062453e+01 -1.952577e-02 
 3.062486e+01 -2.612724e-02 
 3.062518e+01 -2.955812e-02 
 3.062550e+01 -3.150188e-02 
 3.062583e+01 -3.397641e-02 
 3.062615e+01 -3.710830e-02 
 3.062647e+01 -4.185880e-02 
 3.062680e+01 -4.731669e-02 
 3.062712e+01 -5.188393e-02 
 3.062744e+01 -5.557605e-02 
 3.062776e+01 -5.761517e-02 
 3.062809e+01 -5.976751e-02 
 3.062841e+01 -5.721782e-02 
 3.062873e+01 -5.337803e-02 
 3.062906e+01 -5.017667e-02 
 3.062938e+01 -4.754908e-02 
 3.062970e+01 -4.531466e-02 
 3.063003e+01 -4.431863e-02 
 3.063035e+01 -4.464574e-02 
 3.063067e+01 -5.379915e-02 
 3.063099e+01 -6.552021e-02 
 3.063132e+01 -1.078534e-01 
 3.063164e+01 -1.380595e-01 
 3.063196e+01 -1.529399e-01 
 3.063229e+01 -1.681588e-01 
 3.063261e+01 -1.833599e-01 
 3.063293e+01 -1.974270e-01 
 3.063325e+01 -2.079342e-01 
 3.063358e+01 -2.148750e-01 
 3.063390e+01 -2.198951e-01 
 3.063422e+01 -2.223191e-01 
 3.063455e+01 -2.194694e-01 
 3.063487e+01 -2.173980e-01 
 3.063519e+01 -2.164776e-01 
 3.063552e+01 -2.168784e-01 
 3.063584e+01 -2.183125e-01 
 3.063616e+01 -2.204160e-01 
 3.063648e+01 -2.269326e-01 
 3.063681e+01 -2.372925e-01 
 3.063713e+01 -2.470143e-01 
 3.063745e+01 -2.551534e-01 
 3.063778e+01 -2.614818e-01 
 3.063810e+01 -2.676057e-01 
 3.063842e+01 -2.739406e-01 
 3.063875e+01 -2.809512e-01 
 3.063907e+01 -2.931869e-01 
 3.063939e+01 -3.089474e-01 
 3.063971e+01 -3.144356e-01 
 3.064004e+01 -3.200986e-01 
 3.064036e+01 -3.227875e-01 
 3.064068e+01 -3.532104e-01 
 3.064101e+01 -3.520661e-01 
 3.064133e+01 -3.501445e-01 
 3.064165e+01 -3.447821e-01 
 3.064198e+01 -3.361468e-01 
 3.064230e+01 -3.219040e-01 
 3.064262e+01 -3.036830e-01 
 3.064294e+01 -2.852858e-01 
 3.064327e+01 -2.666369e-01 
 3.064359e+01 -2.472391e-01 
 3.064391e+01 -2.293927e-01 
 3.064424e+01 -2.188611e-01 
 3.064456e+01 -2.110334e-01 
 3.064488e+01 -2.089949e-01 
 3.064521e+01 -2.049627e-01 
 3.064553e+01 -2.034801e-01 
 3.064585e+01 -2.033802e-01 
 3.064617e+01 -2.051188e-01 
 3.064650e+01 -2.085100e-01 
 3.064682e+01 -2.127388e-01 
 3.064714e+01 -2.181328e-01 
 3.064747e+01 -2.235343e-01 
 3.064779e+01 -2.326145e-01 
 3.064811e+01 -2.457475e-01 
 3.064844e+01 -2.509660e-01 
 3.064876e+01 -2.583858e-01 
 3.064908e+01 -2.923128e-01 
 3.064940e+01 -3.108321e-01 
 3.064973e+01 -3.102297e-01 
 3.065005e+01 -3.054170e-01 
 3.065037e+01 -2.967483e-01 
 3.065070e+01 -2.841530e-01 
 3.065102e+01 -2.620304e-01 
 3.065134e+01 -2.352691e-01 
 3.065167e+01 -2.070876e-01 
 3.065199e+01 -1.779988e-01 
 3.065231e+01 -1.513003e-01 
 3.065263e+01 -1.296951e-01 
 3.065296e+01 -1.175039e-01 
 3.065328e+01 -1.083226e-01 
 3.065360e+01 -1.009811e-01 
 3.065393e+01 -9.673960e-02 
 3.065425e+01 -9.629656e-02 
 3.065457e+01 -9.930283e-02 
 3.065490e+01 -1.077838e-01 
 3.065522e+01 -1.138683e-01 
 3.065554e+01 -1.200174e-01 
 3.065586e+01 -1.257708e-01 
 3.065619e+01 -1.432382e-01 
 3.065651e+01 -1.570101e-01 
 3.065683e+01 -2.066426e-01 
 3.065716e+01 -2.150365e-01 
 3.065748e+01 -2.143927e-01 
 3.065780e+01 -2.114316e-01 
 3.065813e+01 -2.059483e-01 
 3.065845e+01 -1.963112e-01 
 3.065877e+01 -1.823823e-01 
 3.065909e+01 -1.646651e-01 
 3.065942e+01 -1.424805e-01 
 3.065974e+01 -1.177147e-01 
 3.066006e+01 -9.244082e-02 
 3.066039e+01 -6.747435e-02 
 3.066071e+01 -3.867894e-02 
 3.066103e+01 -1.234862e-02 
 3.066135e+01  1.193007e-02 
 3.066168e+01  3.423575e-02 
 3.066200e+01  5.514056e-02 
 3.066232e+01  7.568123e-02 
 3.066265e+01  9.587948e-02 
 3.066297e+01  1.088252e-01 
 3.066329e+01  1.184931e-01 
 3.066362e+01  1.239072e-01 
 3.066394e+01  1.245494e-01 
 3.066426e+01  1.053809e-01 
 3.066458e+01  4.343373e-02 
 3.066491e+01  2.301752e-02 
 3.066523e+01  6.084339e-03 
 3.066555e+01 -1.013582e-02 
 3.066588e+01 -2.462450e-02 
 3.066620e+01 -3.528268e-02 
 3.066652e+01 -4.574092e-02 
 3.066685e+01 -4.140390e-02 
 3.066717e+01 -3.043439e-02 
 3.066749e+01 -1.438832e-02 
 3.066781e+01  3.756056e-03 
 3.066814e+01  2.193562e-02 
 3.066846e+01  3.875764e-02 
 3.066878e+01  5.464236e-02 
 3.066911e+01  6.799801e-02 
 3.066943e+01  7.927678e-02 
 3.066975e+01  8.975875e-02 
 3.067008e+01  1.016261e-01 
 3.067040e+01  1.168263e-01 
 3.067072e+01  1.365412e-01 
 3.067104e+01  1.585420e-01 
 3.067137e+01  1.823724e-01 
 3.067169e+01  2.056779e-01 
 3.067201e+01  2.233580e-01 
 3.067234e+01  2.307673e-01 
 3.067266e+01  2.340304e-01 
 3.067298e+01  1.906879e-01 
 3.067331e+01  1.763551e-01 
 3.067363e+01  1.515422e-01 
 3.067395e+01  1.312082e-01 
 3.067427e+01  1.108643e-01 
 3.067460e+01  9.264785e-02 
 3.067492e+01  7.285268e-02 
 3.067524e+01  6.532191e-02 
 3.067557e+01  6.360011e-02 
 3.067589e+01  6.675715e-02 
 3.067621e+01  7.256631e-02 
 3.067654e+01  7.832796e-02 
 3.067686e+01  8.153245e-02 
 3.067718e+01  8.027273e-02 
 3.067750e+01  7.639179e-02 
 3.067783e+01  7.125193e-02 
 3.067815e+01  6.570664e-02 
 3.067847e+01  6.224870e-02 
 3.067880e+01  6.275927e-02 
 3.067912e+01  6.928080e-02 
 3.067944e+01  8.115608e-02 
 3.067977e+01  9.618178e-02 
 3.068009e+01  1.118181e-01 
 3.068041e+01  1.243784e-01 
 3.068073e+01  1.329450e-01 
 3.068106e+01  1.359621e-01 
 3.068138e+01  1.322101e-01 
 3.068170e+01  1.228849e-01 
 3.068203e+01  9.977614e-02 
 3.068235e+01  8.411601e-02 
 3.068267e+01  6.859604e-02 
 3.068300e+01  5.859460e-02 
 3.068332e+01  5.207609e-02 
 3.068364e+01  4.739453e-02 
 3.068396e+01  4.446389e-02 
 3.068429e+01  4.244599e-02 
 3.068461e+01  3.983301e-02 
 3.068493e+01  3.465860e-02 
 3.068526e+01  2.272069e-02 
 3.068558e+01  7.540797e-03 
 3.068590e+01 -5.555818e-03 
 3.068623e+01 -1.855355e-02 
 3.068655e+01 -2.900001e-02 
 3.068687e+01 -3.588728e-02 
 3.068719e+01 -3.954211e-02 
 3.068752e+01 -3.807317e-02 
 3.068784e+01 -3.231308e-02 
 3.068816e+01 -2.389575e-02 
 3.068849e+01 -1.452219e-02 
 3.068881e+01 -6.743642e-03 
 3.068913e+01 -2.939675e-03 
 3.068946e+01 -3.931177e-03 
 3.068978e+01 -9.396443e-03 
 3.069010e+01 -1.747443e-02 
 3.069042e+01 -2.693197e-02 
 3.069075e+01 -3.570413e-02 
 3.069107e+01 -4.247897e-02 
 3.069139e+01 -4.603626e-02 
 3.069172e+01 -4.544834e-02 
 3.069204e+01 -5.090333e-02 
 3.069236e+01 -5.057323e-02 
 3.069268e+01 -4.870783e-02 
 3.069301e+01 -4.740333e-02 
 3.069333e+01 -4.835663e-02 
 3.069365e+01 -5.178080e-02 
 3.069398e+01 -5.742377e-02 
 3.069430e+01 -6.394118e-02 
 3.069462e+01 -6.921267e-02 
 3.069495e+01 -7.104684e-02 
 3.069527e+01 -6.851661e-02 
 3.069559e+01 -6.150218e-02 
 3.069591e+01 -5.145858e-02 
 3.069624e+01 -4.015045e-02 
 3.069656e+01 -3.162777e-02 
 3.069688e+01 -2.177555e-02 
 3.069721e+01 -1.627929e-02 
 3.069753e+01 -1.566939e-02 
 3.069785e+01 -1.959712e-02 
 3.069818e+01 -2.664337e-02 
 3.069850e+01 -3.620532e-02 
 3.069882e+01 -4.699656e-02 
 3.069914e+01 -5.689186e-02 
 3.069947e+01 -6.486422e-02 
 3.069979e+01 -7.054005e-02 
 3.070011e+01 -7.451894e-02 
 3.070044e+01 -7.867193e-02 
 3.070076e+01 -8.422146e-02 
 3.070108e+01 -9.181987e-02 
 3.070141e+01 -1.079043e-01 
 3.070173e+01 -1.214927e-01 
 3.070205e+01 -1.366329e-01 
 3.070237e+01 -1.544513e-01 
 3.070270e+01 -1.738536e-01 
 3.070302e+01 -1.915001e-01 
 3.070334e+01 -2.058358e-01 
 3.070367e+01 -2.166559e-01 
 3.070399e+01 -2.238528e-01 
 3.070431e+01 -2.278257e-01 
 3.070464e+01 -2.292579e-01 
 3.070496e+01 -2.539625e-01 
 3.070528e+01 -2.536178e-01 
 3.070560e+01 -2.547961e-01 
 3.070593e+01 -2.587736e-01 
 3.070625e+01 -2.661011e-01 
 3.070657e+01 -2.755593e-01 
 3.070690e+01 -2.861151e-01 
 3.070722e+01 -2.966769e-01 
 3.070754e+01 -3.060793e-01 
 3.070787e+01 -3.095240e-01 
 3.070819e+01 -3.120711e-01 
 3.070851e+01 -3.152926e-01 
 3.070883e+01 -3.192084e-01 
 3.070916e+01 -3.198598e-01 
 3.070948e+01 -3.262561e-01 
 3.070980e+01 -3.372918e-01 
 3.071013e+01 -3.533025e-01 
 3.071045e+01 -3.729356e-01 
 3.071077e+01 -3.995362e-01 
 3.071110e+01 -4.238713e-01 
 3.071142e+01 -4.383754e-01 
 3.071174e+01 -4.481892e-01 
 3.071206e+01 -4.541524e-01 
 3.071239e+01 -4.567303e-01 
 3.071271e+01 -4.542277e-01 
 3.071303e+01 -4.526680e-01 
 3.071336e+01 -4.500161e-01 
 3.071368e+01 -4.479179e-01 
 3.071400e+01 -4.480546e-01 
 3.071433e+01 -4.510738e-01 
 3.071465e+01 -4.568154e-01 
 3.071497e+01 -4.640885e-01 
 3.071529e+01 -4.716187e-01 
 3.071562e+01 -4.754699e-01 
 3.071594e+01 -4.802604e-01 
 3.071626e+01 -4.826052e-01 
 3.071659e+01 -4.839590e-01 
 3.071691e+01 -4.859194e-01 
 3.071723e+01 -4.896734e-01 
 3.071756e+01 -4.963725e-01 
 3.071788e+01 -5.074434e-01 
 3.071820e+01 -5.226029e-01 
 3.071852e+01 -5.413735e-01 
 3.071885e+01 -5.626109e-01 
 3.071917e+01 -5.847018e-01 
 3.071949e+01 -6.056812e-01 
 3.071982e+01 -6.234186e-01 
 3.072014e+01 -6.382545e-01 
 3.072046e+01 -6.476536e-01 
 3.072079e+01 -6.605027e-01 
 3.072111e+01 -6.626519e-01 
 3.072143e+01 -6.617018e-01 
 3.072175e+01 -6.605755e-01 
 3.072208e+01 -6.605278e-01 
 3.072240e+01 -6.615425e-01 
 3.072272e+01 -6.629906e-01 
 3.072305e+01 -6.634217e-01 
 3.072337e+01 -6.609822e-01 
 3.072369e+01 -6.541124e-01 
 3.072401e+01 -6.400092e-01 
 3.072434e+01 -6.202568e-01 
 3.072466e+01 -5.985917e-01 
 3.072498e+01 -5.778185e-01 
 3.072531e+01 -5.597884e-01 
 3.072563e+01 -5.457839e-01 
 3.072595e+01 -5.381260e-01 
 3.072628e+01 -5.387324e-01 
 3.072660e+01 -5.473552e-01 
 3.072692e+01 -5.636056e-01 
 3.072724e+01 -5.828761e-01 
 3.072757e+01 -6.019674e-01 
 3.072789e+01 -6.340895e-01 
 3.072821e+01 -6.629788e-01 
 3.072854e+01 -6.797462e-01 
 3.072886e+01 -6.920833e-01 
 3.072918e+01 -7.029272e-01 
 3.072951e+01 -7.119248e-01 
 3.072983e+01 -7.233336e-01 
 3.073015e+01 -7.467457e-01 
 3.073047e+01 -7.613832e-01 
 3.073080e+01 -7.635119e-01 
 3.073112e+01 -7.624695e-01 
 3.073144e+01 -7.580554e-01 
 3.073177e+01 -7.481179e-01 
 3.073209e+01 -7.303356e-01 
 3.073241e+01 -7.061447e-01 
 3.073274e+01 -6.776854e-01 
 3.073306e+01 -6.439917e-01 
 3.073338e+01 -6.083059e-01 
 3.073370e+01 -5.741563e-01 
 3.073403e+01 -5.436805e-01 
 3.073435e+01 -5.187999e-01 
 3.073467e+01 -5.008307e-01 
 3.073500e+01 -4.900639e-01 
 3.073532e+01 -4.856215e-01 
 3.073564e+01 -4.855787e-01 
 3.073597e+01 -4.916759e-01 
 3.073629e+01 -5.010329e-01 
 3.073661e+01 -5.092415e-01 
 3.073693e+01 -5.198865e-01 
 3.073726e+01 -5.643641e-01 
 3.073758e+01 -5.933496e-01 
 3.073790e+01 -6.084563e-01 
 3.073823e+01 -6.504004e-01 
 3.073855e+01 -6.761907e-01 
 3.073887e+01 -6.775000e-01 
 3.073920e+01 -6.741743e-01 
 3.073952e+01 -6.646080e-01 
 3.073984e+01 -6.478076e-01 
 3.074016e+01 -6.223759e-01 
 3.074049e+01 -5.860405e-01 
 3.074081e+01 -5.422514e-01 
 3.074113e+01 -4.932280e-01 
 3.074146e+01 -4.424062e-01 
 3.074178e+01 -3.933980e-01 
 3.074210e+01 -3.486579e-01 
 3.074243e+01 -3.107573e-01 
 3.074275e+01 -2.759012e-01 
 3.074307e+01 -2.428612e-01 
 3.074339e+01 -2.192365e-01 
 3.074372e+01 -2.024809e-01 
 3.074404e+01 -1.886644e-01 
 3.074436e+01 -1.763733e-01 
 3.074469e+01 -1.665056e-01 
 3.074501e+01 -1.611031e-01 
 3.074533e+01 -1.666398e-01 
 3.074566e+01 -1.828911e-01 
 3.074598e+01 -2.696710e-01 
 3.074630e+01 -3.308896e-01 
 3.074662e+01 -3.443237e-01 
 3.074695e+01 -3.608165e-01 
 3.074727e+01 -3.732168e-01 
 3.074759e+01 -3.824647e-01 
 3.074792e+01 -3.889613e-01 
 3.074824e+01 -3.759371e-01 
 3.074856e+01 -3.502846e-01 
 3.074889e+01 -3.152332e-01 
 3.074921e+01 -2.746517e-01 
 3.074953e+01 -2.327248e-01 
 3.074985e+01 -1.923592e-01 
 3.075018e+01 -1.491833e-01 
 3.075050e+01 -1.105394e-01 
 3.075082e+01 -7.938049e-02 
 3.075115e+01 -5.540688e-02 
 3.075147e+01 -3.651485e-02 
 3.075179e+01 -1.877874e-02 
 3.075212e+01  3.547446e-03 
 3.075244e+01  2.823292e-02 
 3.075276e+01  5.047357e-02 
 3.075308e+01  6.363741e-02 
 3.075341e+01  7.030615e-02 
 3.075373e+01  6.985855e-02 
 3.075405e+01  4.845362e-02 
 3.075438e+01 -1.666049e-02 
 3.075470e+01 -4.146755e-02 
 3.075502e+01 -7.289173e-02 
 3.075534e+01 -1.023612e-01 
 3.075567e+01 -1.368508e-01 
 3.075599e+01 -1.592379e-01 
 3.075631e+01 -1.666141e-01 
 3.075664e+01 -1.617410e-01 
 3.075696e+01 -1.502887e-01 
 3.075728e+01 -1.224750e-01 
 3.075761e+01 -9.328203e-02 
 3.075793e+01 -6.636823e-02 
 3.075825e+01 -4.386612e-02 
 3.075857e+01 -2.732315e-02 
 3.075890e+01 -1.749626e-02 
 3.075922e+01 -1.021774e-02 
 3.075954e+01 -6.221385e-04 
 3.075987e+01  9.828920e-03 
 3.076019e+01  2.280810e-02 
 3.076051e+01  4.163389e-02 
 3.076084e+01  6.424032e-02 
 3.076116e+01  8.729978e-02 
 3.076148e+01  1.076053e-01 
 3.076180e+01  1.206641e-01 
 3.076213e+01  1.257197e-01 
 3.076245e+01  1.212625e-01 
 3.076277e+01  9.516954e-02 
 3.076310e+01  2.064258e-02 
 3.076342e+01 -1.024170e-02 
 3.076374e+01 -3.992868e-02 
 3.076407e+01 -6.491829e-02 
 3.076439e+01 -9.010064e-02 
 3.076471e+01 -9.964691e-02 
 3.076503e+01 -9.991738e-02 
 3.076536e+01 -9.133069e-02 
 3.076568e+01 -7.763477e-02 
 3.076600e+01 -6.005757e-02 
 3.076633e+01 -4.406717e-02 
 3.076665e+01 -3.332408e-02 
 3.076697e+01 -2.703927e-02 
 3.076730e+01 -2.484833e-02 
 3.076762e+01 -3.398620e-02 
 3.076794e+01 -3.782367e-02 
 3.076826e+01 -3.605183e-02 
 3.076859e+01 -2.724462e-02 
 3.076891e+01 -1.296115e-02 
 3.076923e+01  3.615289e-03 
 3.076956e+01  1.955968e-02 
 3.076988e+01  3.174887e-02 
 3.077020e+01  3.833048e-02 
 3.077053e+01  3.540768e-02 
 3.077085e+01  2.092621e-02 
 3.077117e+01 -4.911275e-03 
 3.077149e+01 -3.833796e-02 
 3.077182e+01 -7.341821e-02 
 3.077214e+01 -1.281212e-01 
 3.077246e+01 -1.537070e-01 
 3.077279e+01 -1.672809e-01 
 3.077311e+01 -1.738875e-01 
 3.077343e+01 -1.742564e-01 
 3.077376e+01 -1.752262e-01 
 3.077408e+01 -1.658218e-01 
 3.077440e+01 -1.532787e-01 
 3.077472e+01 -1.396889e-01 
 3.077505e+01 -1.268176e-01 
 3.077537e+01 -1.165341e-01 
 3.077569e+01 -1.086780e-01 
 3.077602e+01 -1.002191e-01 
 3.077634e+01 -1.134297e-01 
 3.077666e+01 -9.660758e-02 
 3.077699e+01 -7.371094e-02 
 3.077731e+01 -4.356810e-02 
 3.077763e+01 -1.012079e-02 
 3.077795e+01  2.081761e-02 
 3.077828e+01  4.643749e-02 
 3.077860e+01  5.894775e-02 
 3.077892e+01  6.634228e-02 
 3.077925e+01  6.202393e-02 
 3.077957e+01  4.626975e-02 
 3.077989e+01  2.185642e-02 
 3.078022e+01 -7.408700e-03 
 3.078054e+01 -3.793594e-02 
 3.078086e+01 -6.568640e-02 
 3.078118e+01 -1.150179e-01 
 3.078151e+01 -1.333253e-01 
 3.078183e+01 -1.427013e-01 
 3.078215e+01 -1.454879e-01 
 3.078248e+01 -1.476524e-01 
 3.078280e+01 -1.401679e-01 
 3.078312e+01 -1.308592e-01 
 3.078344e+01 -1.213284e-01 
 3.078377e+01 -1.133813e-01 
 3.078409e+01 -1.063860e-01 
 3.078441e+01 -9.619222e-02 
 3.078474e+01 -7.988002e-02 
 3.078506e+01 -5.667425e-02 
 3.078538e+01 -2.636693e-02 
 3.078571e+01  9.215344e-03 
 3.078603e+01  4.824341e-02 
 3.078635e+01  8.664583e-02 
 3.078667e+01  1.234385e-01 
 3.078700e+01  1.563497e-01 
 3.078732e+01  1.798718e-01 
 3.078764e+01  1.917183e-01 
 3.078797e+01  1.901782e-01 
 3.078829e+01  1.768652e-01 
 3.078861e+01  1.547787e-01 
 3.078894e+01  1.305189e-01 
 3.078926e+01  1.062244e-01 
 3.078958e+01  8.363845e-02 
 3.078990e+01  6.348105e-02 
 3.079023e+01  3.218674e-02 
 3.079055e+01  1.844811e-02 
 3.079087e+01  6.934199e-03 
 3.079120e+01 -6.217597e-03 
 3.079152e+01 -1.633870e-02 
 3.079184e+01 -2.670989e-02 
 3.079217e+01 -3.565834e-02 
 3.079249e+01 -4.425482e-02 
 3.079281e+01 -4.114248e-02 
 3.079313e+01 -3.090673e-02 
 3.079346e+01 -1.434852e-02 
 3.079378e+01  6.832221e-03 
 3.079410e+01  3.089785e-02 
 3.079443e+01  5.744474e-02 
 3.079475e+01  8.435516e-02 
 3.079507e+01  1.083864e-01 
 3.079540e+01  1.253024e-01 
 3.079572e+01  1.330825e-01 
 3.079604e+01  1.312113e-01 
 3.079636e+01  1.226076e-01 
 3.079669e+01  1.081936e-01 
 3.079701e+01  8.967205e-02 
 3.079733e+01  6.954930e-02 
 3.079766e+01  5.076603e-02 
 3.079798e+01  3.421090e-02 
 3.079830e+01  2.136175e-02 
 3.079863e+01  7.719562e-03 
 3.079895e+01 -6.977536e-03 
 3.079927e+01 -2.327338e-02 
 3.079959e+01 -3.642086e-02 
 3.079992e+01 -5.930385e-02 
 3.080024e+01 -8.299190e-02 
 3.080056e+01 -1.063153e-01 
 3.080089e+01 -1.249103e-01 
 3.080121e+01 -1.368695e-01 
 3.080153e+01 -1.407298e-01 
 3.080186e+01 -1.628355e-01 
 3.080218e+01 -1.587545e-01 
 3.080250e+01 -1.659976e-01 
 3.080282e+01 -1.595391e-01 
 3.080315e+01 -1.554187e-01 
 3.080347e+01 -1.563216e-01 
 3.080379e+01 -1.637869e-01 
 3.080412e+01 -1.766245e-01 
 3.080444e+01 -1.926835e-01 
 3.080476e+01 -2.088009e-01 
 3.080509e+01 -2.214342e-01 
 3.080541e+01 -2.308332e-01 
 3.080573e+01 -2.397202e-01 
 3.080605e+01 -2.486067e-01 
 3.080638e+01 -2.580033e-01 
 3.080670e+01 -2.698160e-01 
 3.080702e+01 -2.866974e-01 
 3.080735e+01 -3.092725e-01 
 3.080767e+01 -3.365000e-01 
 3.080799e+01 -3.673081e-01 
 3.080832e+01 -3.987329e-01 
 3.080864e+01 -4.319327e-01 
 3.080896e+01 -4.371099e-01 
 3.080928e+01 -4.566780e-01 
 3.080961e+01 -4.724365e-01 
 3.080993e+01 -4.744856e-01 
 3.081025e+01 -4.752456e-01 
 3.081058e+01 -4.734804e-01 
 3.081090e+01 -4.720382e-01 
 3.081122e+01 -4.732831e-01 
 3.081155e+01 -4.803156e-01 
 3.081187e+01 -4.936993e-01 
 3.081219e+01 -5.139128e-01 
 3.081251e+01 -5.379032e-01 
 3.081284e+01 -5.618369e-01 
 3.081316e+01 -5.829248e-01 
 3.081348e+01 -5.999555e-01 
 3.081381e+01 -6.122744e-01 
 3.081413e+01 -6.223885e-01 
 3.081445e+01 -6.334108e-01 
 3.081478e+01 -6.435875e-01 
 3.081510e+01 -6.540674e-01 
 3.081542e+01 -6.685281e-01 
 3.081574e+01 -6.881309e-01 
 3.081607e+01 -7.136174e-01 
 3.081639e+01 -7.432353e-01 
 3.081671e+01 -7.713771e-01 
 3.081704e+01 -7.951476e-01 
 3.081736e+01 -8.144386e-01 
 3.081768e+01 -8.283313e-01 
 3.081800e+01 -8.345503e-01 
 3.081833e+01 -8.327621e-01 
 3.081865e+01 -7.869875e-01 
 3.081897e+01 -7.788759e-01 
 3.081930e+01 -7.641909e-01 
 3.081962e+01 -7.583601e-01 
 3.081994e+01 -7.556987e-01 
 3.082027e+01 -7.586964e-01 
 3.082059e+01 -7.655605e-01 
 3.082091e+01 -7.753419e-01 
 3.082123e+01 -7.868286e-01 
 3.082156e+01 -7.985348e-01 
 3.082188e+01 -8.102917e-01 
 3.082220e+01 -8.222263e-01 
 3.082253e+01 -8.345415e-01 
 3.082285e+01 -8.477198e-01 
 3.082317e+01 -8.630082e-01 
 3.082350e+01 -8.821136e-01 
 3.082382e+01 -9.023962e-01 
 3.082414e+01 -9.248477e-01 
 3.082446e+01 -9.496561e-01 
 3.082479e+01 -9.752193e-01 
 3.082511e+01 -9.998181e-01 
 3.082543e+01 -1.021412e+00 
 3.082576e+01 -1.037108e+00 
 3.082608e+01 -1.045903e+00 
 3.082640e+01 -1.048691e+00 
 3.082673e+01 -1.044933e+00 
 3.082705e+01 -1.035305e+00 
 3.082737e+01 -1.022292e+00 
 3.082769e+01 -9.429358e-01 
 3.082802e+01 -9.205553e-01 
 3.082834e+01 -9.013365e-01 
 3.082866e+01 -8.885028e-01 
 3.082899e+01 -8.774753e-01 
 3.082931e+01 -8.706628e-01 
 3.082963e+01 -8.661218e-01 
 3.082996e+01 -8.656837e-01 
 3.083028e+01 -8.681132e-01 
 3.083060e+01 -8.707997e-01 
 3.083092e+01 -8.750306e-01 
 3.083125e+01 -8.791153e-01 
 3.083157e+01 -8.845060e-01 
 3.083189e+01 -8.905225e-01 
 3.083222e+01 -8.985646e-01 
 3.083254e+01 -9.085163e-01 
 3.083286e+01 -9.244249e-01 
 3.083319e+01 -9.439494e-01 
 3.083351e+01 -9.628167e-01 
 3.083383e+01 -9.783407e-01 
 3.083415e+01 -9.915028e-01 
 3.083448e+01 -1.001722e+00 
 3.083480e+01 -1.008059e+00 
 3.083512e+01 -1.009055e+00 
 3.083545e+01 -1.005041e+00 
 3.083577e+01 -9.958758e-01 
 3.083609e+01 -9.714886e-01 
 3.083642e+01 -9.050796e-01 
 3.083674e+01 -8.852536e-01 
 3.083706e+01 -8.750521e-01 
 3.083738e+01 -8.669856e-01 
 3.083771e+01 -8.595593e-01 
 3.083803e+01 -8.533013e-01 
 3.083835e+01 -8.499026e-01 
 3.083868e+01 -8.492984e-01 
 3.083900e+01 -8.496479e-01 
 3.083932e+01 -8.500064e-01 
 3.083965e+01 -8.505878e-01 
 3.083997e+01 -8.500614e-01 
 3.084029e+01 -8.492314e-01 
 3.084061e+01 -8.486722e-01 
 3.084094e+01 -8.487765e-01 
 3.084126e+01 -8.495617e-01 
 3.084158e+01 -8.504075e-01 
 3.084191e+01 -8.507400e-01 
 3.084223e+01 -8.507329e-01 
 3.084255e+01 -8.497082e-01 
 3.084288e+01 -8.468557e-01 
 3.084320e+01 -8.400280e-01 
 3.084352e+01 -8.280118e-01 
 3.084384e+01 -8.135075e-01 
 3.084417e+01 -7.488321e-01 
 3.084449e+01 -7.288270e-01 
 3.084481e+01 -7.065582e-01 
 3.084514e+01 -6.599337e-01 
 3.084546e+01 -6.420033e-01 
 3.084578e+01 -6.325007e-01 
 3.084611e+01 -6.264649e-01 
 3.084643e+01 -6.237726e-01 
 3.084675e+01 -6.234603e-01 
 3.084707e+01 -6.292297e-01 
 3.084740e+01 -6.416102e-01 
 3.084772e+01 -6.562776e-01 
 3.084804e+01 -6.742200e-01 
 3.084837e+01 -6.973702e-01 
 3.084869e+01 -7.213094e-01 
 3.084901e+01 -7.452538e-01 
 3.084934e+01 -7.664609e-01 
 3.084966e+01 -7.860870e-01 
 3.084998e+01 -8.063078e-01 
 3.085030e+01 -8.261465e-01 
 3.085063e+01 -8.449925e-01 
 3.085095e+01 -8.581534e-01 
 3.085127e+01 -8.676700e-01 
 3.085160e+01 -8.736439e-01 
 3.085192e+01 -8.759330e-01 
 3.085224e+01 -8.749326e-01 
 3.085256e+01 -8.705330e-01 
 3.085289e+01 -8.637061e-01 
 3.085321e+01 -8.552875e-01 
 3.085353e+01 -8.470654e-01 
 3.085386e+01 -8.411399e-01 
 3.085418e+01 -8.384590e-01 
 3.085450e+01 -8.321716e-01 
 3.085483e+01 -8.333937e-01 
 3.085515e+01 -8.360680e-01 
 3.085547e+01 -7.997795e-01 
 3.085579e+01 -8.050879e-01 
 3.085612e+01 -8.124998e-01 
 3.085644e+01 -8.227512e-01 
 3.085676e+01 -8.347250e-01 
 3.085709e+01 -8.496781e-01 
 3.085741e+01 -8.670115e-01 
 3.085773e+01 -8.905804e-01 
 3.085806e+01 -9.185390e-01 
 3.085838e+01 -9.468661e-01 
 3.085870e+01 -9.757327e-01 
 3.085902e+01 -1.003666e+00 
 3.085935e+01 -1.027743e+00 
 3.085967e+01 -1.047498e+00 
 3.085999e+01 -1.061606e+00 
 3.086032e+01 -1.069499e+00 
 3.086064e+01 -1.072492e+00 
 3.086096e+01 -1.071585e+00 
 3.086129e+01 -1.067992e+00 
 3.086161e+01 -1.061393e+00 
 3.086193e+01 -1.055849e+00 
 3.086225e+01 -1.050603e+00 
 3.086258e+01 -1.048410e+00 
 3.086290e+01 -1.046786e+00 
 3.086322e+01 -1.047879e+00 
 3.086355e+01 -1.049790e+00 
 3.086387e+01 -1.053485e+00 
 3.086419e+01 -1.056111e+00 
 3.086452e+01 -1.060449e+00 
 3.086484e+01 -1.068072e+00 
 3.086516e+01 -1.061267e+00 
 3.086548e+01 -1.071556e+00 
 3.086581e+01 -1.080544e+00 
 3.086613e+01 -1.088066e+00 
 3.086645e+01 -1.091451e+00 
 3.086678e+01 -1.094150e+00 
 3.086710e+01 -1.096238e+00 
 3.086742e+01 -1.098372e+00 
 3.086775e+01 -1.074592e+00 
 3.086807e+01 -1.074009e+00 
 3.086839e+01 -1.070367e+00 
 3.086871e+01 -1.065277e+00 
 3.086904e+01 -1.058051e+00 
 3.086936e+01 -1.051371e+00 
 3.086968e+01 -1.045366e+00 
 3.087001e+01 -1.042091e+00 
 3.087033e+01 -1.041293e+00 
 3.087065e+01 -1.042927e+00 
 3.087098e+01 -1.044858e+00 
 3.087130e+01 -1.045811e+00 
 3.087162e+01 -1.044622e+00 
 3.087194e+01 -1.040337e+00 
 3.087227e+01 -1.030932e+00 
 3.087259e+01 -1.023947e+00 
 3.087291e+01 -1.018248e+00 
 3.087324e+01 -1.013900e+00 
 3.087356e+01 -1.013165e+00 
 3.087388e+01 -1.016719e+00 
 3.087421e+01 -1.023723e+00 
 3.087453e+01 -1.033638e+00 
 3.087485e+01 -1.045856e+00 
 3.087517e+01 -1.057672e+00 
 3.087550e+01 -1.068170e+00 
 3.087582e+01 -1.075421e+00 
 3.087614e+01 -1.080318e+00 
 3.087647e+01 -1.082593e+00 
 3.087679e+01 -1.082731e+00 
 3.087711e+01 -1.081499e+00 
 3.087744e+01 -1.079744e+00 
 3.087776e+01 -1.078713e+00 
 3.087808e+01 -1.078693e+00 
 3.087840e+01 -1.079683e+00 
 3.087873e+01 -1.080832e+00 
 3.087905e+01 -1.081572e+00 
 3.087937e+01 -1.082533e+00 
 3.087970e+01 -1.082415e+00 
 3.088002e+01 -1.081630e+00 
 3.088034e+01 -1.078748e+00 
 3.088067e+01 -1.073820e+00 
 3.088099e+01 -1.068992e+00 
 3.088131e+01 -1.066219e+00 
 3.088163e+01 -1.066660e+00 
 3.088196e+01 -1.070889e+00 
 3.088228e+01 -1.078605e+00 
 3.088260e+01 -1.090650e+00 
 3.088293e+01 -1.106603e+00 
 3.088325e+01 -1.123791e+00 
 3.088357e+01 -1.139875e+00 
 3.088390e+01 -1.153613e+00 
 3.088422e+01 -1.164164e+00 
 3.088454e+01 -1.172601e+00 
 3.088486e+01 -1.178109e+00 
 3.088519e+01 -1.181398e+00 
 3.088551e+01 -1.183753e+00 
 3.088583e+01 -1.184689e+00 
 3.088616e+01 -1.185123e+00 
 3.088648e+01 -1.184473e+00 
 3.088680e+01 -1.183021e+00 
 3.088713e+01 -1.177231e+00 
 3.088745e+01 -1.173746e+00 
 3.088777e+01 -1.169377e+00 
 3.088809e+01 -1.163954e+00 
 3.088842e+01 -1.157680e+00 
 3.088874e+01 -1.149813e+00 
 3.088906e+01 -1.140158e+00 
 3.088939e+01 -1.126885e+00 
 3.088971e+01 -1.116290e+00 
 3.089003e+01 -1.106947e+00 
 3.089036e+01 -1.100157e+00 
 3.089068e+01 -1.096087e+00 
 3.089100e+01 -1.094780e+00 
 3.089132e+01 -1.095982e+00 
 3.089165e+01 -1.099284e+00 
 3.089197e+01 -1.103860e+00 
 3.089229e+01 -1.108087e+00 
 3.089262e+01 -1.112630e+00 
 3.089294e+01 -1.117585e+00 
 3.089326e+01 -1.123563e+00 
 3.089358e+01 -1.129908e+00 
 3.089391e+01 -1.135558e+00 
 3.089423e+01 -1.140801e+00 
 3.089455e+01 -1.144886e+00 
 3.089488e+01 -1.147964e+00 
 3.089520e+01 -1.149834e+00 
 3.089552e+01 -1.150719e+00 
 3.089585e+01 -1.150821e+00 
 3.089617e+01 -1.149782e+00 
 3.089649e+01 -1.148493e+00 
 3.089681e+01 -1.146600e+00 
 3.089714e+01 -1.143771e+00 
 3.089746e+01 -1.139391e+00 
 3.089778e+01 -1.134530e+00 
 3.089811e+01 -1.129974e+00 
 3.089843e+01 -1.127073e+00 
 3.089875e+01 -1.105825e+00 
 3.089908e+01 -1.106703e+00 
 3.089940e+01 -1.109755e+00 
 3.089972e+01 -1.115856e+00 
 3.090004e+01 -1.124472e+00 
 3.090037e+01 -1.134399e+00 
 3.090069e+01 -1.145920e+00 
 3.090101e+01 -1.157546e+00 
 3.090134e+01 -1.168691e+00 
 3.090166e+01 -1.179266e+00 
 3.090198e+01 -1.189568e+00 
 3.090231e+01 -1.199921e+00 
 3.090263e+01 -1.210704e+00 
 3.090295e+01 -1.221829e+00 
 3.090327e+01 -1.234290e+00 
 3.090360e+01 -1.246642e+00 
 3.090392e+01 -1.257977e+00 
 3.090424e+01 -1.267063e+00 
 3.090457e+01 -1.234300e+00 
 3.090489e+01 -1.239391e+00 
 3.090521e+01 -1.242477e+00 
 3.090554e+01 -1.243734e+00 
 3.090586e+01 -1.243034e+00 
 3.090618e+01 -1.241528e+00 
 3.090650e+01 -1.239896e+00 
 3.090683e+01 -1.239085e+00 
 3.090715e+01 -1.239522e+00 
 3.090747e+01 -1.242686e+00 
 3.090780e+01 -1.246330e+00 
 3.090812e+01 -1.252533e+00 
 3.090844e+01 -1.260307e+00 
 3.090877e+01 -1.267907e+00 
 3.090909e+01 -1.273910e+00 
 3.090941e+01 -1.278374e+00 
 3.090973e+01 -1.280761e+00 
 3.091006e+01 -1.281889e+00 
 3.091038e+01 -1.282840e+00 
 3.091070e+01 -1.284247e+00 
 3.091103e+01 -1.263277e+00 
 3.091135e+01 -1.270851e+00 
 3.091167e+01 -1.280000e+00 
 3.091200e+01 -1.289596e+00 
 3.091232e+01 -1.297848e+00 
 3.091264e+01 -1.303009e+00 
 3.091296e+01 -1.299778e+00 
 3.091329e+01 -1.294911e+00 
 3.091361e+01 -1.291387e+00 
 3.091393e+01 -1.281934e+00 
 3.091426e+01 -1.270769e+00 
 3.091458e+01 -1.261197e+00 
 3.091490e+01 -1.250672e+00 
 3.091523e+01 -1.239971e+00 
 3.091555e+01 -1.230667e+00 
 3.091587e+01 -1.223594e+00 
 3.091619e+01 -1.217561e+00 
 3.091652e+01 -1.211494e+00 
 3.091684e+01 -1.205684e+00 
 3.091716e+01 -1.200934e+00 
 3.091749e+01 -1.196036e+00 
 3.091781e+01 -1.190472e+00 
 3.091813e+01 -1.184911e+00 
 3.091846e+01 -1.179127e+00 
 3.091878e+01 -1.173205e+00 
 3.091910e+01 -1.167981e+00 
 3.091942e+01 -1.164832e+00 
 3.091975e+01 -1.163722e+00 
 3.092007e+01 -1.163882e+00 
 3.092039e+01 -1.164864e+00 
 3.092072e+01 -1.166053e+00 
 3.092104e+01 -1.165589e+00 
 3.092136e+01 -1.163190e+00 
 3.092169e+01 -1.159267e+00 
 3.092201e+01 -1.153371e+00 
 3.092233e+01 -1.146492e+00 
 3.092265e+01 -1.138608e+00 
 3.092298e+01 -1.129899e+00 
 3.092330e+01 -1.120526e+00 
 3.092362e+01 -1.111305e+00 
 3.092395e+01 -1.102462e+00 
 3.092427e+01 -1.093761e+00 
 3.092459e+01 -1.085631e+00 
 3.092492e+01 -1.078467e+00 
 3.092524e+01 -1.072737e+00 
 3.092556e+01 -1.068924e+00 
 3.092588e+01 -1.067486e+00 
 3.092621e+01 -1.068823e+00 
 3.092653e+01 -1.072518e+00 
 3.092685e+01 -1.078022e+00 
 3.092718e+01 -1.085022e+00 
 3.092750e+01 -1.092745e+00 
 3.092782e+01 -1.101151e+00 
 3.092815e+01 -1.109759e+00 
 3.092847e+01 -1.118220e+00 
 3.092879e+01 -1.126235e+00 
 3.092911e+01 -1.133657e+00 
 3.092944e+01 -1.139440e+00 
 3.092976e+01 -1.143266e+00 
 3.093008e+01 -1.145727e+00 
 3.093041e+01 -1.148027e+00 
 3.093073e+01 -1.150700e+00 
 3.093105e+01 -1.154124e+00 
 3.093137e+01 -1.157830e+00 
 3.093170e+01 -1.161150e+00 
 3.093202e+01 -1.163149e+00 
 3.093234e+01 -1.162881e+00 
 3.093267e+01 -1.159769e+00 
 3.093299e+01 -1.154219e+00 
 3.093331e+01 -1.147072e+00 
 3.093364e+01 -1.139643e+00 
 3.093396e+01 -1.133445e+00 
 3.093428e+01 -1.128628e+00 
 3.093460e+01 -1.125001e+00 
 3.093493e+01 -1.122853e+00 
 3.093525e+01 -1.122373e+00 
 3.093557e+01 -1.123619e+00 
 3.093590e+01 -1.126495e+00 
 3.093622e+01 -1.130842e+00 
 3.093654e+01 -1.136491e+00 
 3.093687e+01 -1.143236e+00 
 3.093719e+01 -1.150183e+00 
 3.093751e+01 -1.157238e+00 
 3.093783e+01 -1.164095e+00 
 3.093816e+01 -1.170178e+00 
 3.093848e+01 -1.175122e+00 
 3.093880e+01 -1.179041e+00 
 3.093913e+01 -1.182559e+00 
 3.093945e+01 -1.186345e+00 
 3.093977e+01 -1.190851e+00 
 3.094010e+01 -1.195680e+00 
 3.094042e+01 -1.199497e+00 
 3.094074e+01 -1.201602e+00 
 3.094106e+01 -1.201307e+00 
 3.094139e+01 -1.198863e+00 
 3.094171e+01 -1.193849e+00 
 3.094203e+01 -1.186101e+00 
 3.094236e+01 -1.176425e+00 
 3.094268e+01 -1.166762e+00 
 3.094300e+01 -1.158232e+00 
 3.094333e+01 -1.151254e+00 
 3.094365e+01 -1.147525e+00 
 3.094397e+01 -1.145656e+00 
 3.094429e+01 -1.145098e+00 
 3.094462e+01 -1.145725e+00 
 3.094494e+01 -1.147600e+00 
 3.094526e+01 -1.150246e+00 
 3.094559e+01 -1.141548e+00 
 3.094591e+01 -1.142235e+00 
 3.094623e+01 -1.143218e+00 
 3.094656e+01 -1.143433e+00 
 3.094688e+01 -1.142564e+00 
 3.094720e+01 -1.141229e+00 
 3.094752e+01 -1.139627e+00 
 3.094785e+01 -1.138255e+00 
 3.094817e+01 -1.138278e+00 
 3.094849e+01 -1.139731e+00 
 3.094882e+01 -1.142682e+00 
 3.094914e+01 -1.146506e+00 
 3.094946e+01 -1.150659e+00 
 3.094979e+01 -1.155004e+00 
 3.095011e+01 -1.158289e+00 
 3.095043e+01 -1.160312e+00 
 3.095075e+01 -1.161145e+00 
 3.095108e+01 -1.161142e+00 
 3.095140e+01 -1.160751e+00 
 3.095172e+01 -1.161136e+00 
 3.095205e+01 -1.162672e+00 
 3.095237e+01 -1.165726e+00 
 3.095269e+01 -1.169784e+00 
 3.095302e+01 -1.174615e+00 
 3.095334e+01 -1.179210e+00 
 3.095366e+01 -1.183645e+00 
 3.095398e+01 -1.188050e+00 
 3.095431e+01 -1.192463e+00 
 3.095463e+01 -1.196432e+00 
 3.095495e+01 -1.199543e+00 
 3.095528e+01 -1.201097e+00 
 3.095560e+01 -1.201396e+00 
 3.095592e+01 -1.201004e+00 
 3.095625e+01 -1.200252e+00 
 3.095657e+01 -1.200056e+00 
 3.095689e+01 -1.200423e+00 
 3.095721e+01 -1.201385e+00 
 3.095754e+01 -1.201539e+00 
 3.095786e+01 -1.200807e+00 
 3.095818e+01 -1.199010e+00 
 3.095851e+01 -1.196338e+00 
 3.095883e+01 -1.192997e+00 
 3.095915e+01 -1.189355e+00 
 3.095948e+01 -1.185999e+00 
 3.095980e+01 -1.183519e+00 
 3.096012e+01 -1.182345e+00 
 3.096044e+01 -1.182534e+00 
 3.096077e+01 -1.183623e+00 
 3.096109e+01 -1.185179e+00 
 3.096141e+01 -1.187219e+00 
 3.096174e+01 -1.189821e+00 
 3.096206e+01 -1.193481e+00 
 3.096238e+01 -1.197744e+00 
 3.096271e+01 -1.201736e+00 
 3.096303e+01 -1.205161e+00 
 3.096335e+01 -1.208254e+00 
 3.096367e+01 -1.210827e+00 
 3.096400e+01 -1.212422e+00 
 3.096432e+01 -1.212363e+00 
 3.096464e+01 -1.210884e+00 
 3.096497e+01 -1.208353e+00 
 3.096529e+01 -1.205192e+00 
 3.096561e+01 -1.201093e+00 
 3.096594e+01 -1.196028e+00 
 3.096626e+01 -1.189093e+00 
 3.096658e+01 -1.180233e+00 
 3.096690e+01 -1.169545e+00 
 3.096723e+01 -1.157974e+00 
 3.096755e+01 -1.125232e+00 
 3.096787e+01 -1.092221e+00 
 3.096820e+01 -1.079825e+00 
 3.096852e+01 -1.037120e+00 
 3.096884e+01 -9.891337e-01 
 3.096917e+01 -9.836995e-01 
 3.096949e+01 -9.806616e-01 
 3.096981e+01 -9.799688e-01 
 3.097013e+01 -9.857619e-01 
 3.097046e+01 -9.938624e-01 
 3.097078e+01 -1.005324e+00 
 3.097110e+01 -1.019588e+00 
 3.097143e+01 -1.035218e+00 
 3.097175e+01 -1.054522e+00 
 3.097207e+01 -1.079798e+00 
 3.097239e+01 -1.104668e+00 
 3.097272e+01 -1.125384e+00 
 3.097304e+01 -1.140437e+00 
 3.097336e+01 -1.153147e+00 
 3.097369e+01 -1.164778e+00 
 3.097401e+01 -1.175951e+00 
 3.097433e+01 -1.186817e+00 
 3.097466e+01 -1.194698e+00 
 3.097498e+01 -1.198031e+00 
 3.097530e+01 -1.199676e+00 
 3.097562e+01 -1.198874e+00 
 3.097595e+01 -1.191703e+00 
 3.097627e+01 -1.183175e+00 
 3.097659e+01 -1.171524e+00 
 3.097692e+01 -1.158965e+00 
 3.097724e+01 -1.148322e+00 
 3.097756e+01 -1.139249e+00 
 3.097789e+01 -1.132162e+00 
 3.097821e+01 -1.127115e+00 
 3.097853e+01 -1.104653e+00 
 3.097885e+01 -1.084749e+00 
 3.097918e+01 -1.054597e+00 
 3.097950e+01 -1.037315e+00 
 3.097982e+01 -1.021748e+00 
 3.098015e+01 -1.029315e+00 
 3.098047e+01 -1.037746e+00 
 3.098079e+01 -1.051004e+00 
 3.098112e+01 -1.070265e+00 
 3.098144e+01 -1.096665e+00 
 3.098176e+01 -1.128572e+00 
 3.098208e+01 -1.165545e+00 
 3.098241e+01 -1.204746e+00 
 3.098273e+01 -1.241258e+00 
 3.098305e+01 -1.272784e+00 
 3.098338e+01 -1.298356e+00 
 3.098370e+01 -1.314831e+00 
 3.098402e+01 -1.323470e+00 
 3.098435e+01 -1.323858e+00 
 3.098467e+01 -1.319520e+00 
 3.098499e+01 -1.313235e+00 
 3.098531e+01 -1.307349e+00 
 3.098564e+01 -1.303389e+00 
 3.098596e+01 -1.298971e+00 
 3.098628e+01 -1.299347e+00 
 3.098661e+01 -1.300742e+00 
 3.098693e+01 -1.302768e+00 
 3.098725e+01 -1.305433e+00 
 3.098758e+01 -1.306308e+00 
 3.098790e+01 -1.304890e+00 
 3.098822e+01 -1.301392e+00 
 3.098854e+01 -1.297558e+00 
 3.098887e+01 -1.293766e+00 
 3.098919e+01 -1.285349e+00 
 3.098951e+01 -1.284341e+00 
 3.098984e+01 -1.285816e+00 
 3.099016e+01 -1.289642e+00 
 3.099048e+01 -1.295835e+00 
 3.099081e+01 -1.301177e+00 
 3.099113e+01 -1.309874e+00 
 3.099145e+01 -1.317001e+00 
 3.099177e+01 -1.322298e+00 
 3.099210e+01 -1.326397e+00 
 3.099242e+01 -1.329946e+00 
 3.099274e+01 -1.332577e+00 
 3.099307e+01 -1.334286e+00 
 3.099339e+01 -1.335897e+00 
 3.099371e+01 -1.338579e+00 
 3.099404e+01 -1.342860e+00 
 3.099436e+01 -1.349209e+00 
 3.099468e+01 -1.358130e+00 
 3.099500e+01 -1.368647e+00 
 3.099533e+01 -1.377606e+00 
 3.099565e+01 -1.372316e+00 
 3.099597e+01 -1.372209e+00 
 3.099630e+01 -1.365473e+00 
 3.099662e+01 -1.356432e+00 
 3.099694e+01 -1.351338e+00 
 3.099727e+01 -1.349365e+00 
 3.099759e+01 -1.350899e+00 
 3.099791e+01 -1.354805e+00 
 3.099823e+01 -1.359917e+00 
 3.099856e+01 -1.366154e+00 
 3.099888e+01 -1.372749e+00 
 3.099920e+01 -1.379667e+00 
 3.099953e+01 -1.386579e+00 
 3.099985e+01 -1.391997e+00 
 3.100017e+01 -1.395137e+00 
 3.100050e+01 -1.396597e+00 
 3.100082e+01 -1.396994e+00 
 3.100114e+01 -1.397438e+00 
 3.100146e+01 -1.398515e+00 
 3.100179e+01 -1.400709e+00 
 3.100211e+01 -1.404880e+00 
 3.100243e+01 -1.390034e+00 
 3.100276e+01 -1.395903e+00 
 3.100308e+01 -1.400544e+00 
 3.100340e+01 -1.403372e+00 
 3.100373e+01 -1.404852e+00 
 3.100405e+01 -1.404982e+00 
 3.100437e+01 -1.405012e+00 
 3.100469e+01 -1.408516e+00 
 3.100502e+01 -1.413271e+00 
 3.100534e+01 -1.419947e+00 
 3.100566e+01 -1.425506e+00 
 3.100599e+01 -1.435771e+00 
 3.100631e+01 -1.447676e+00 
 3.100663e+01 -1.459638e+00 
 3.100696e+01 -1.473117e+00 
 3.100728e+01 -1.485166e+00 
 3.100760e+01 -1.494151e+00 
 3.100792e+01 -1.500999e+00 
 3.100825e+01 -1.504128e+00 
 3.100857e+01 -1.504009e+00 
 3.100889e+01 -1.497289e+00 
 3.100922e+01 -1.490886e+00 
 3.100954e+01 -1.482511e+00 
 3.100986e+01 -1.472553e+00 
 3.101018e+01 -1.462571e+00 
 3.101051e+01 -1.453211e+00 
 3.101083e+01 -1.442479e+00 
 3.101115e+01 -1.430632e+00 
 3.101148e+01 -1.418424e+00 
 3.101180e+01 -1.400750e+00 
 3.101212e+01 -1.386710e+00 
 3.101245e+01 -1.371694e+00 
 3.101277e+01 -1.355975e+00 
 3.101309e+01 -1.319443e+00 
 3.101341e+01 -1.302335e+00 
 3.101374e+01 -1.285148e+00 
 3.101406e+01 -1.268466e+00 
 3.101438e+01 -1.254799e+00 
 3.101471e+01 -1.244024e+00 
 3.101503e+01 -1.236909e+00 
 3.101535e+01 -1.234661e+00 
 3.101568e+01 -1.234092e+00 
 3.101600e+01 -1.235210e+00 
 3.101632e+01 -1.237028e+00 
 3.101664e+01 -1.239740e+00 
 3.101697e+01 -1.222409e+00 
 3.101729e+01 -1.225280e+00 
 3.101761e+01 -1.227645e+00 
 3.101794e+01 -1.229279e+00 
 3.101826e+01 -1.230203e+00 
 3.101858e+01 -1.230506e+00 
 3.101891e+01 -1.230244e+00 
 3.101923e+01 -1.229795e+00 
 3.101955e+01 -1.230459e+00 
 3.101987e+01 -1.231546e+00 
 3.102020e+01 -1.233315e+00 
 3.102052e+01 -1.233180e+00 
 3.102084e+01 -1.231873e+00 
 3.102117e+01 -1.227347e+00 
 3.102149e+01 -1.220774e+00 
 3.102181e+01 -1.212752e+00 
 3.102214e+01 -1.203550e+00 
 3.102246e+01 -1.198905e+00 
 3.102278e+01 -1.195619e+00 
 3.102310e+01 -1.194017e+00 
 3.102343e+01 -1.194096e+00 
 3.102375e+01 -1.194956e+00 
 3.102407e+01 -1.193542e+00 
 3.102440e+01 -1.193344e+00 
 3.102472e+01 -1.191788e+00 
 3.102504e+01 -1.188484e+00 
 3.102537e+01 -1.183534e+00 
 3.102569e+01 -1.179144e+00 
 3.102601e+01 -1.171975e+00 
 3.102633e+01 -1.163231e+00 
 3.102666e+01 -1.153627e+00 
 3.102698e+01 -1.143849e+00 
 3.102730e+01 -1.134498e+00 
 3.102763e+01 -1.123787e+00 
 3.102795e+01 -1.109821e+00 
 3.102827e+01 -1.091809e+00 
 3.102860e+01 -1.071225e+00 
 3.102892e+01 -1.050738e+00 
 3.102924e+01 -1.036160e+00 
 3.102956e+01 -1.022982e+00 
 3.102989e+01 -1.011446e+00 
 3.103021e+01 -1.004005e+00 
 3.103053e+01 -9.998548e-01 
 3.103086e+01 -9.998349e-01 
 3.103118e+01 -1.004582e+00 
 3.103150e+01 -1.008971e+00 
 3.103183e+01 -1.012898e+00 
 3.103215e+01 -1.014891e+00 
 3.103247e+01 -1.014471e+00 
 3.103279e+01 -1.011643e+00 
 3.103312e+01 -1.004850e+00 
 3.103344e+01 -9.954592e-01 
 3.103376e+01 -9.850531e-01 
 3.103409e+01 -9.753585e-01 
 3.103441e+01 -9.671876e-01 
 3.103473e+01 -9.620642e-01 
 3.103506e+01 -9.610672e-01 
 3.103538e+01 -9.636153e-01 
 3.103570e+01 -9.718897e-01 
 3.103602e+01 -9.879326e-01 
 3.103635e+01 -1.006708e+00 
 3.103667e+01 -1.014510e+00 
 3.103699e+01 -1.014084e+00 
 3.103732e+01 -1.037338e+00 
 3.103764e+01 -1.028642e+00 
 3.103796e+01 -1.014939e+00 
 3.103829e+01 -9.966210e-01 
 3.103861e+01 -9.774199e-01 
 3.103893e+01 -9.557886e-01 
 3.103925e+01 -9.338469e-01 
 3.103958e+01 -9.222768e-01 
 3.103990e+01 -9.097761e-01 
 3.104022e+01 -9.046837e-01 
 3.104055e+01 -9.029582e-01 
 3.104087e+01 -8.999331e-01 
 3.104119e+01 -9.000028e-01 
 3.104152e+01 -8.972864e-01 
 3.104184e+01 -8.962747e-01 
 3.104216e+01 -8.974156e-01 
 3.104248e+01 -9.304165e-01 
 3.104281e+01 -9.359487e-01 
 3.104313e+01 -9.416574e-01 
 3.104345e+01 -9.486360e-01 
 3.104378e+01 -9.549831e-01 
 3.104410e+01 -9.576996e-01 
 3.104442e+01 -9.517001e-01 
 3.104475e+01 -9.426726e-01 
 3.104507e+01 -9.321397e-01 
 3.104539e+01 -9.280430e-01 
 3.104571e+01 -9.200206e-01 
 3.104604e+01 -9.097238e-01 
 3.104636e+01 -8.981813e-01 
 3.104668e+01 -8.867888e-01 
 3.104701e+01 -8.744464e-01 
 3.104733e+01 -8.627585e-01 
 3.104765e+01 -8.530184e-01 
 3.104797e+01 -8.447519e-01 
 3.104830e+01 -8.373183e-01 
 3.104862e+01 -8.303187e-01 
 3.104894e+01 -8.241778e-01 
 3.104927e+01 -8.193116e-01 
 3.104959e+01 -8.158840e-01 
 3.104991e+01 -8.143831e-01 
 3.105024e+01 -8.142605e-01 
 3.105056e+01 -8.161534e-01 
 3.105088e+01 -8.193356e-01 
 3.105120e+01 -8.238283e-01 
 3.105153e+01 -8.345320e-01 
 3.105185e+01 -8.394005e-01 
 3.105217e+01 -8.422502e-01 
 3.105250e+01 -8.447262e-01 
 3.105282e+01 -8.470418e-01 
 3.105314e+01 -8.480094e-01 
 3.105347e+01 -8.471744e-01 
 3.105379e+01 -8.453490e-01 
 3.105411e+01 -8.414707e-01 
 3.105443e+01 -8.348410e-01 
 3.105476e+01 -8.254382e-01 
 3.105508e+01 -8.126947e-01 
 3.105540e+01 -7.970484e-01 
 3.105573e+01 -7.798565e-01 
 3.105605e+01 -7.642888e-01 
 3.105637e+01 -7.449657e-01 
 3.105670e+01 -7.236469e-01 
 3.105702e+01 -7.011834e-01 
 3.105734e+01 -6.795759e-01 
 3.105766e+01 -6.600882e-01 
 3.105799e+01 -6.503791e-01 
 3.105831e+01 -6.402705e-01 
 3.105863e+01 -6.357035e-01 
 3.105896e+01 -6.348149e-01 
 3.105928e+01 -6.374513e-01 
 3.105960e+01 -6.441916e-01 
 3.105993e+01 -6.525473e-01 
 3.106025e+01 -6.631346e-01 
 3.106057e+01 -6.796739e-01 
 3.106089e+01 -6.924401e-01 
 3.106122e+01 -7.046661e-01 
 3.106154e+01 -7.218356e-01 
 3.106186e+01 -7.608898e-01 
 3.106219e+01 -7.662500e-01 
 3.106251e+01 -7.688591e-01 
 3.106283e+01 -7.621272e-01 
 3.106316e+01 -7.502535e-01 
 3.106348e+01 -7.416791e-01 
 3.106380e+01 -7.374595e-01 
 3.106412e+01 -7.305472e-01 
 3.106445e+01 -7.195226e-01 
 3.106477e+01 -7.086899e-01 
 3.106509e+01 -6.993835e-01 
 3.106542e+01 -6.889435e-01 
 3.106574e+01 -6.818783e-01 
 3.106606e+01 -6.772912e-01 
 3.106639e+01 -6.747118e-01 
 3.106671e+01 -6.750631e-01 
 3.106703e+01 -6.777506e-01 
 3.106735e+01 -6.812063e-01 
 3.106768e+01 -6.891079e-01 
 3.106800e+01 -6.982543e-01 
 3.106832e+01 -7.125750e-01 
 3.106865e+01 -7.266217e-01 
 3.106897e+01 -7.396665e-01 
 3.106929e+01 -7.516218e-01 
 3.106962e+01 -7.677680e-01 
 3.106994e+01 -7.903375e-01 
 3.107026e+01 -8.027054e-01 
 3.107058e+01 -8.193737e-01 
 3.107091e+01 -8.322564e-01 
 3.107123e+01 -8.413209e-01 
 3.107155e+01 -8.468185e-01 
 3.107188e+01 -8.525364e-01 
 3.107220e+01 -8.479382e-01 
 3.107252e+01 -8.432928e-01 
 3.107284e+01 -8.340224e-01 
 3.107317e+01 -8.213222e-01 
 3.107349e+01 -8.077179e-01 
 3.107381e+01 -7.914110e-01 
 3.107414e+01 -7.786770e-01 
 3.107446e+01 -7.889908e-01 
 3.107478e+01 -7.774430e-01 
 3.107511e+01 -7.642518e-01 
 3.107543e+01 -7.569347e-01 
 3.107575e+01 -7.503431e-01 
 3.107607e+01 -7.442586e-01 
 3.107640e+01 -7.414288e-01 
 3.107672e+01 -7.412606e-01 
 3.107704e+01 -7.424925e-01 
 3.107737e+01 -7.446417e-01 
 3.107769e+01 -7.484569e-01 
 3.107801e+01 -7.568772e-01 
 3.107834e+01 -7.690337e-01 
 3.107866e+01 -7.794560e-01 
 3.107898e+01 -7.898687e-01 
 3.107930e+01 -7.992313e-01 
 3.107963e+01 -8.069731e-01 
 3.107995e+01 -8.174467e-01 
 3.108027e+01 -8.207204e-01 
 3.108060e+01 -8.192139e-01 
 3.108092e+01 -8.145996e-01 
 3.108124e+01 -8.096085e-01 
 3.108157e+01 -8.007161e-01 
 3.108189e+01 -7.910687e-01 
 3.108221e+01 -7.806601e-01 
 3.108253e+01 -7.684721e-01 
 3.108286e+01 -7.559680e-01 
 3.108318e+01 -7.443098e-01 
 3.108350e+01 -7.376405e-01 
 3.108383e+01 -7.615224e-01 
 3.108415e+01 -7.611598e-01 
 3.108447e+01 -7.609429e-01 
 3.108480e+01 -7.616521e-01 
 3.108512e+01 -7.641473e-01 
 3.108544e+01 -7.699333e-01 
 3.108576e+01 -7.774788e-01 
 3.108609e+01 -7.862976e-01 
 3.108641e+01 -7.967516e-01 
 3.108673e+01 -8.110223e-01 
 3.108706e+01 -8.259091e-01 
 3.108738e+01 -8.404422e-01 
 3.108770e+01 -8.529422e-01 
 3.108803e+01 -8.658917e-01 
 3.108835e+01 -8.771873e-01 
 3.108867e+01 -8.900402e-01 
 3.108899e+01 -8.960847e-01 
 3.108932e+01 -8.974705e-01 
 3.108964e+01 -9.236697e-01 
 3.108996e+01 -9.216672e-01 
 3.109029e+01 -9.130431e-01 
 3.109061e+01 -9.016994e-01 
 3.109093e+01 -8.867954e-01 
 3.109126e+01 -8.677163e-01 
 3.109158e+01 -8.449940e-01 
 3.109190e+01 -8.196420e-01 
 3.109222e+01 -7.791575e-01 
 3.109255e+01 -7.441271e-01 
 3.109287e+01 -7.202132e-01 
 3.109319e+01 -6.947804e-01 
 3.109352e+01 -6.705022e-01 
 3.109384e+01 -6.530658e-01 
 3.109416e+01 -6.360254e-01 
 3.109449e+01 -6.226788e-01 
 3.109481e+01 -6.124059e-01 
 3.109513e+01 -5.960147e-01 
 3.109545e+01 -5.851172e-01 
 3.109578e+01 -6.342715e-01 
 3.109610e+01 -6.266602e-01 
 3.109642e+01 -6.450828e-01 
 3.109675e+01 -6.380873e-01 
 3.109707e+01 -6.479336e-01 
 3.109739e+01 -6.326819e-01 
 3.109772e+01 -6.141903e-01 
 3.109804e+01 -5.943634e-01 
 3.109836e+01 -5.745183e-01 
 3.109868e+01 -5.955649e-01 
 3.109901e+01 -5.656881e-01 
 3.109933e+01 -5.364040e-01 
 3.109965e+01 -5.080822e-01 
 3.109998e+01 -4.815862e-01 
 3.110030e+01 -4.552175e-01 
 3.110062e+01 -4.289384e-01 
 3.110094e+01 -4.015259e-01 
 3.110127e+01 -3.744918e-01 
 3.110159e+01 -3.750907e-01 
 3.110191e+01 -3.782344e-01 
 3.110224e+01 -3.555355e-01 
 3.110256e+01 -3.336270e-01 
 3.110288e+01 -3.133258e-01 
 3.110321e+01 -2.939204e-01 
 3.110353e+01 -2.896432e-01 
 3.110385e+01 -2.756438e-01 
 3.110417e+01 -3.085690e-01 
 3.110450e+01 -3.039624e-01 
 3.110482e+01 -2.928265e-01 
 3.110514e+01 -2.760757e-01 
 3.110547e+01 -2.586542e-01 
 3.110579e+01 -2.392156e-01 
 3.110611e+01 -2.167728e-01 
 3.110644e+01 -1.907055e-01 
 3.110676e+01 -1.613742e-01 
 3.110708e+01 -1.292374e-01 
 3.110740e+01 -9.666242e-02 
 3.110773e+01 -6.661449e-02 
 3.110805e+01 -4.736319e-02 
 3.110837e+01 -2.158834e-02 
 3.110870e+01  1.419933e-03 
 3.110902e+01  1.750487e-02 
 3.110934e+01  3.073002e-02 
 3.110967e+01  4.506401e-02 
 3.110999e+01  6.005669e-02 
 3.111031e+01  7.576218e-02 
 3.111063e+01  9.176020e-02 
 3.111096e+01  1.093024e-01 
 3.111128e+01  1.175269e-01 
 3.111160e+01  1.303420e-01 
 3.111193e+01  1.408054e-01 
 3.111225e+01  1.483854e-01 
 3.111257e+01  1.512998e-01 
 3.111290e+01  1.516997e-01 
 3.111322e+01  1.506124e-01 
 3.111354e+01  1.497833e-01 
 3.111386e+01  1.523524e-01 
 3.111419e+01  1.561657e-01 
 3.111451e+01  1.605152e-01 
 3.111483e+01  1.650347e-01 
 3.111516e+01  1.709773e-01 
 3.111548e+01  1.781421e-01 
 3.111580e+01  1.841110e-01 
 3.111613e+01  1.894210e-01 
 3.111645e+01  1.898133e-01 
 3.111677e+01  1.881825e-01 
 3.111709e+01  1.906628e-01 
 3.111742e+01  1.935116e-01 
 3.111774e+01  1.936631e-01 
 3.111806e+01  1.990913e-01 
 3.111839e+01  2.033442e-01 
 3.111871e+01  2.077816e-01 
 3.111903e+01  2.114600e-01 
 3.111936e+01  2.121897e-01 
 3.111968e+01  2.105954e-01 
 3.112000e+01  2.062823e-01 
 3.112032e+01  1.958003e-01 
 3.112065e+01  1.823144e-01 
 3.112097e+01  1.648959e-01 
 3.112129e+01  1.496147e-01 
 3.112162e+01  1.367188e-01 
 3.112194e+01  1.242915e-01 
 3.112226e+01  1.159709e-01 
 3.112259e+01  1.117348e-01 
 3.112291e+01  1.086724e-01 
 3.112323e+01  1.058208e-01 
 3.112355e+01  1.038223e-01 
 3.112388e+01  9.995720e-02 
 3.112420e+01  9.630062e-02 
 3.112452e+01  9.104432e-02 
 3.112485e+01  8.558196e-02 
 3.112517e+01  8.037758e-02 
 3.112549e+01  7.063326e-02 
 3.112582e+01  6.941680e-02 
 3.112614e+01  7.085561e-02 
 3.112646e+01  7.278022e-02 
 3.112678e+01  7.509403e-02 
 3.112711e+01  7.647429e-02 
 3.112743e+01  8.446243e-02 
 3.112775e+01  8.715780e-02 
 3.112808e+01  1.010756e-01 
 3.112840e+01  1.160119e-01 
 3.112872e+01  1.106597e-01 
 3.112905e+01  1.060065e-01 
 3.112937e+01  9.705481e-02 
 3.112969e+01  8.755511e-02 
 3.113001e+01  6.889906e-02 
 3.113034e+01  5.821136e-02 
 3.113066e+01  4.610190e-02 
 3.113098e+01 -1.179430e-02 
 3.113131e+01 -2.627273e-02 
 3.113163e+01 -4.224193e-02 
 3.113195e+01 -5.707637e-02 
 3.113227e+01 -7.712406e-02 
 3.113260e+01 -8.784607e-02 
 3.113292e+01 -9.472264e-02 
 3.113324e+01 -9.896958e-02 
 3.113357e+01 -9.938084e-02 
 3.113389e+01 -9.577991e-02 
 3.113421e+01 -8.797701e-02 
 3.113454e+01 -7.945800e-02 
 3.113486e+01 -6.728407e-02 
 3.113518e+01 -5.762210e-02 
 3.113550e+01 -3.067757e-02 
 3.113583e+01  2.808332e-03 
 3.113615e+01  1.818060e-02 
 3.113647e+01  2.723280e-02 
 3.113680e+01  3.327134e-02 
 3.113712e+01  3.925278e-02 
 3.113744e+01  4.617109e-02 
 3.113777e+01  5.200141e-02 
 3.113809e+01  5.217331e-02 
 3.113841e+01  4.592280e-02 
 3.113873e+01  3.482832e-02 
 3.113906e+01  1.941204e-02 
 3.113938e+01  1.569148e-03 
 3.113970e+01 -1.724646e-02 
 3.114003e+01 -4.139057e-02 
 3.114035e+01 -6.515388e-02 
 3.114067e+01 -1.214223e-01 
 3.114100e+01 -1.279365e-01 
 3.114132e+01 -1.348295e-01 
 3.114164e+01 -1.380219e-01 
 3.114196e+01 -1.394091e-01 
 3.114229e+01 -1.429345e-01 
 3.114261e+01 -1.420855e-01 
 3.114293e+01 -1.391139e-01 
 3.114326e+01 -1.169976e-01 
 3.114358e+01 -8.555284e-02 
 3.114390e+01 -7.239814e-02 
 3.114423e+01 -6.107340e-02 
 3.114455e+01 -5.393136e-02 
 3.114487e+01 -4.655935e-02 
 3.114519e+01 -3.940493e-02 
 3.114552e+01 -3.277348e-02 
 3.114584e+01 -3.088054e-02 
 3.114616e+01 -3.353713e-02 
 3.114649e+01 -3.925095e-02 
 3.114681e+01 -4.825763e-02 
 3.114713e+01 -5.601841e-02 
 3.114746e+01 -6.299731e-02 
 3.114778e+01 -6.922975e-02 
 3.114810e+01 -7.534861e-02 
 3.114842e+01 -9.322843e-02 
 3.114875e+01 -1.016635e-01 
 3.114907e+01 -1.535772e-01 
 3.114939e+01 -1.605858e-01 
 3.114972e+01 -1.672902e-01 
 3.115004e+01 -1.802666e-01 
 3.115036e+01 -1.865439e-01 
 3.115069e+01 -1.914925e-01 
 3.115101e+01 -1.924827e-01 
 3.115133e+01 -1.869170e-01 
 3.115165e+01 -1.705179e-01 
 3.115198e+01 -1.529276e-01 
 3.115230e+01 -1.264218e-01 
 3.115262e+01 -7.546599e-02 
 3.115295e+01 -4.663186e-02 
 3.115327e+01 -2.291169e-02 
 3.115359e+01 -1.155554e-02 
 3.115392e+01 -2.481927e-03 
 3.115424e+01  2.914249e-03 
 3.115456e+01  6.694410e-03 
 3.115488e+01  1.169110e-02 
 3.115521e+01  1.802710e-02 
 3.115553e+01  2.495038e-02 
 3.115585e+01  3.368472e-02 
 3.115618e+01  3.333911e-02 
 3.115650e+01  2.894396e-02 
 3.115682e+01  1.141880e-02 
 3.115715e+01  1.156509e-02 
 3.115747e+01  1.545251e-02 
 3.115779e+01  1.655608e-02 
 3.115811e+01  1.523865e-02 
 3.115844e+01  1.251264e-02 
 3.115876e+01  1.093609e-02 
 3.115908e+01  1.201797e-02 
 3.115941e+01  1.806048e-02 
 3.115973e+01  2.850032e-02 
 3.116005e+01  4.440710e-02 
 3.116038e+01  6.065906e-02 
 3.116070e+01  8.007174e-02 
 3.116102e+01  9.600224e-02 
 3.116134e+01  1.062314e-01 
 3.116167e+01  1.125289e-01 
 3.116199e+01  1.134402e-01 
 3.116231e+01  1.139010e-01 
 3.116264e+01  1.361608e-01 
 3.116296e+01  1.481421e-01 
 3.116328e+01  1.517025e-01 
 3.116360e+01  1.600371e-01 
 3.116393e+01  1.644724e-01 
 3.116425e+01  1.584305e-01 
 3.116457e+01  1.570623e-01 
 3.116490e+01  1.365904e-01 
 3.116522e+01  9.792137e-02 
 3.116554e+01  8.054469e-02 
 3.116587e+01  5.192426e-02 
 3.116619e+01  2.674063e-02 
 3.116651e+01  2.652659e-03 
 3.116683e+01 -1.724666e-02 
 3.116716e+01 -2.901553e-02 
 3.116748e+01 -3.166902e-02 
 3.116780e+01 -2.862643e-02 
 3.116813e+01 -2.261734e-02 
 3.116845e+01 -1.507371e-02 
 3.116877e+01 -1.046740e-02 
 3.116910e+01 -9.759271e-03 
 3.116942e+01 -1.373161e-02 
 3.116974e+01 -2.211186e-02 
 3.117006e+01 -3.382333e-02 
 3.117039e+01 -4.833408e-02 
 3.117071e+01 -6.354677e-02 
 3.117103e+01 -7.104901e-02 
 3.117136e+01 -5.765335e-02 
 3.117168e+01 -3.625425e-02 
 3.117200e+01 -2.868178e-02 
 3.117233e+01 -2.593953e-02 
 3.117265e+01 -3.133119e-02 
 3.117297e+01 -3.956222e-02 
 3.117329e+01 -5.247373e-02 
 3.117362e+01 -7.109423e-02 
 3.117394e+01 -9.557090e-02 
 3.117426e+01 -1.268927e-01 
 3.117459e+01 -1.644116e-01 
 3.117491e+01 -1.914028e-01 
 3.117523e+01 -2.556181e-01 
 3.117556e+01 -2.689317e-01 
 3.117588e+01 -2.828305e-01 
 3.117620e+01 -2.860515e-01 
 3.117652e+01 -2.876026e-01 
 3.117685e+01 -2.886734e-01 
 3.117717e+01 -2.910611e-01 
 3.117749e+01 -2.955483e-01 
 3.117782e+01 -3.003117e-01 
 3.117814e+01 -3.054685e-01 
 3.117846e+01 -3.093221e-01 
 3.117879e+01 -3.101948e-01 
 3.117911e+01 -2.991397e-01 
 3.117943e+01 -2.713722e-01 
 3.117975e+01 -2.570434e-01 
 3.118008e+01 -2.458228e-01 
 3.118040e+01 -2.396055e-01 
 3.118072e+01 -2.352960e-01 
 3.118105e+01 -2.355307e-01 
 3.118137e+01 -2.415680e-01 
 3.118169e+01 -2.540266e-01 
 3.118202e+01 -2.728923e-01 
 3.118234e+01 -2.923671e-01 
 3.118266e+01 -3.113559e-01 
 3.118298e+01 -3.299790e-01 
 3.118331e+01 -3.462482e-01 
 3.118363e+01 -3.583822e-01 
 3.118395e+01 -3.675413e-01 
 3.118428e+01 -3.802319e-01 
 3.118460e+01 -3.800464e-01 
 3.118492e+01 -4.217168e-01 
 3.118525e+01 -4.182383e-01 
 3.118557e+01 -4.224866e-01 
 3.118589e+01 -4.186597e-01 
 3.118621e+01 -4.163780e-01 
 3.118654e+01 -4.141956e-01 
 3.118686e+01 -4.082508e-01 
 3.118718e+01 -4.906739e-01 
 3.118751e+01 -4.728399e-01 
 3.118783e+01 -4.292858e-01 
 3.118815e+01 -3.942042e-01 
 3.118848e+01 -3.675444e-01 
 3.118880e+01 -3.457248e-01 
 3.118912e+01 -3.247788e-01 
 3.118944e+01 -3.041454e-01 
 3.118977e+01 -2.883270e-01 
 3.119009e+01 -2.794760e-01 
 3.119041e+01 -2.769414e-01 
 3.119074e+01 -2.812201e-01 
 3.119106e+01 -2.916584e-01 
 3.119138e+01 -3.038996e-01 
 3.119171e+01 -3.157534e-01 
 3.119203e+01 -3.277122e-01 
 3.119235e+01 -3.411270e-01 
 3.119267e+01 -3.498628e-01 
 3.119300e+01 -3.575078e-01 
 3.119332e+01 -3.828487e-01 
 3.119364e+01 -4.247869e-01 
 3.119397e+01 -4.226371e-01 
 3.119429e+01 -4.287035e-01 
 3.119461e+01 -4.308083e-01 
 3.119493e+01 -4.341893e-01 
 3.119526e+01 -4.387729e-01 
 3.119558e+01 -4.349634e-01 
 3.119590e+01 -4.213501e-01 
 3.119623e+01 -3.990610e-01 
 3.119655e+01 -3.522217e-01 
 3.119687e+01 -3.014966e-01 
 3.119720e+01 -2.659989e-01 
 3.119752e+01 -2.356493e-01 
 3.119784e+01 -2.117938e-01 
 3.119816e+01 -1.919496e-01 
 3.119849e+01 -1.802462e-01 
 3.119881e+01 -1.778714e-01 
 3.119913e+01 -1.829466e-01 
 3.119946e+01 -1.923231e-01 
 3.119978e+01 -2.018273e-01 
 3.120010e+01 -2.084825e-01 
 3.120043e+01 -2.139222e-01 
 3.120075e+01 -2.182521e-01 
 3.120107e+01 -2.194261e-01 
 3.120139e+01 -2.238719e-01 
 3.120172e+01 -2.585542e-01 
 3.120204e+01 -2.580436e-01 
 3.120236e+01 -2.554033e-01 
 3.120269e+01 -2.574153e-01 
 3.120301e+01 -2.648278e-01 
 3.120333e+01 -2.707056e-01 
 3.120366e+01 -2.728028e-01 
 3.120398e+01 -2.736385e-01 
 3.120430e+01 -2.579957e-01 
 3.120462e+01 -2.333849e-01 
 3.120495e+01 -1.998745e-01 
 3.120527e+01 -1.630413e-01 
 3.120559e+01 -1.232428e-01 
 3.120592e+01 -7.342951e-02 
 3.120624e+01 -1.817881e-02 
 3.120656e+01 -3.682507e-02 
 3.120689e+01 -1.932372e-02 
 3.120721e+01 -1.021454e-02 
 3.120753e+01 -2.781580e-03 
 3.120785e+01  4.869063e-03 
 3.120818e+01  1.427135e-02 
 3.120850e+01  2.448274e-02 
 3.120882e+01  3.454857e-02 
 3.120915e+01  4.543449e-02 
 3.120947e+01  4.783255e-02 
 3.120979e+01 -3.646445e-02 
 3.121012e+01 -3.754490e-02 
 3.121044e+01 -5.071109e-02 
 3.121076e+01 -6.250163e-02 
 3.121108e+01 -7.586839e-02 
 3.121141e+01 -8.802531e-02 
 3.121173e+01 -9.575773e-02 
 3.121205e+01 -1.044069e-01 
 3.121238e+01 -1.003123e-01 
 3.121270e+01 -1.056487e-01 
 3.121302e+01 -8.868721e-02 
 3.121335e+01 -6.766437e-02 
 3.121367e+01 -4.533274e-02 
 3.121399e+01 -2.382215e-02 
 3.121431e+01 -9.239298e-03 
 3.121464e+01 -4.784512e-03 
 3.121496e+01 -6.587583e-03 
 3.121528e+01  6.322499e-03 
 3.121561e+01  2.577810e-02 
 3.121593e+01  2.925647e-02 
 3.121625e+01  3.380051e-02 
 3.121658e+01  4.263599e-02 
 3.121690e+01  5.328478e-02 
 3.121722e+01  6.170828e-02 
 3.121754e+01  6.553467e-02 
 3.121787e+01  6.321694e-02 
 3.121819e+01  5.108419e-02 
 3.121851e+01  2.601425e-02 
 3.121884e+01 -4.002113e-02 
 3.121916e+01 -7.119789e-02 
 3.121948e+01 -9.411504e-02 
 3.121981e+01 -1.112326e-01 
 3.122013e+01 -1.195483e-01 
 3.122045e+01 -1.183203e-01 
 3.122077e+01 -1.098821e-01 
 3.122110e+01 -9.633038e-02 
 3.122142e+01 -8.014930e-02 
 3.122174e+01 -6.430773e-02 
 3.122207e+01 -5.084883e-02 
 3.122239e+01 -4.265653e-02 
 3.122271e+01 -4.122876e-02 
 3.122304e+01 -4.458510e-02 
 3.122336e+01 -4.621116e-02 
 3.122368e+01 -2.767382e-02 
 3.122400e+01 -9.840075e-03 
 3.122433e+01 -7.603351e-03 
 3.122465e+01 -4.408798e-03 
 3.122497e+01  1.379293e-03 
 3.122530e+01  7.382099e-03 
 3.122562e+01  1.065079e-02 
 3.122594e+01  7.224960e-03 
 3.122626e+01 -2.274591e-02 
 3.122659e+01 -4.748098e-02 
 3.122691e+01 -8.114308e-02 
 3.122723e+01 -1.196926e-01 
 3.122756e+01 -1.571330e-01 
 3.122788e+01 -1.999096e-01 
 3.122820e+01 -2.676879e-01 
 3.122853e+01 -2.888264e-01 
 3.122885e+01 -2.935096e-01 
 3.122917e+01 -2.895578e-01 
 3.122949e+01 -2.794704e-01 
 3.122982e+01 -2.657887e-01 
 3.123014e+01 -2.514769e-01 
 3.123046e+01 -2.394540e-01 
 3.123079e+01 -2.306693e-01 
 3.123111e+01 -2.256706e-01 
 3.123143e+01 -2.243618e-01 
 3.123176e+01 -2.215494e-01 
 3.123208e+01 -2.012688e-01 
 3.123240e+01 -1.668802e-01 
 3.123272e+01 -1.967076e-01 
 3.123305e+01 -1.868133e-01 
 3.123337e+01 -1.759750e-01 
 3.123369e+01 -1.651976e-01 
 3.123402e+01 -1.590935e-01 
 3.123434e+01 -1.624379e-01 
 3.123466e+01 -1.725933e-01 
 3.123499e+01 -1.925269e-01 
 3.123531e+01 -2.207102e-01 
 3.123563e+01 -2.530402e-01 
 3.123595e+01 -2.871724e-01 
 3.123628e+01 -3.166505e-01 
 3.123660e+01 -3.370913e-01 
 3.123692e+01 -3.607436e-01 
 3.123725e+01 -4.117127e-01 
 3.123757e+01 -4.205407e-01 
 3.123789e+01 -4.206314e-01 
 3.123822e+01 -4.185705e-01 
 3.123854e+01 -4.150225e-01 
 3.123886e+01 -4.105228e-01 
 3.123918e+01 -4.044710e-01 
 3.123951e+01 -3.961329e-01 
 3.123983e+01 -3.845421e-01 
 3.124015e+01 -3.690310e-01 
 3.124048e+01 -3.475294e-01 
 3.124080e+01 -3.162732e-01 
 3.124112e+01 -2.634671e-01 
 3.124145e+01 -2.010467e-01 
 3.124177e+01 -1.618803e-01 
 3.124209e+01 -1.310394e-01 
 3.124241e+01 -1.038701e-01 
 3.124274e+01 -8.052997e-02 
 3.124306e+01 -6.719555e-02 
 3.124338e+01 -6.784396e-02 
 3.124371e+01 -7.934172e-02 
 3.124403e+01 -9.705978e-02 
 3.124435e+01 -1.191590e-01 
 3.124468e+01 -1.414288e-01 
 3.124500e+01 -1.578717e-01 
 3.124532e+01 -1.784936e-01 
 3.124564e+01 -2.261215e-01 
 3.124597e+01 -2.317774e-01 
 3.124629e+01 -2.328277e-01 
 3.124661e+01 -2.355155e-01 
 3.124694e+01 -2.389317e-01 
 3.124726e+01 -2.452621e-01 
 3.124758e+01 -2.514067e-01 
 3.124791e+01 -2.546402e-01 
 3.124823e+01 -2.527262e-01 
 3.124855e+01 -2.439521e-01 
 3.124887e+01 -2.275458e-01 
 3.124920e+01 -2.053631e-01 
 3.124952e+01 -1.801132e-01 
 3.124984e+01 -1.566176e-01 
 3.125017e+01 -1.309990e-01 
 3.125049e+01 -1.047591e-01 
 3.125081e+01 -5.976614e-02 
 3.125114e+01 -1.596673e-02 
 3.125146e+01 -9.466979e-04 
 3.125178e+01  3.080980e-04 
 3.125210e+01 -2.555835e-03 
 3.125243e+01 -6.593426e-03 
 3.125275e+01 -1.176191e-02 
 3.125307e+01 -1.970499e-02 
 3.125340e+01 -3.146879e-02 
 3.125372e+01 -4.590541e-02 
 3.125404e+01 -7.133072e-02 
 3.125437e+01 -1.300145e-01 
 3.125469e+01 -1.513063e-01 
 3.125501e+01 -1.666663e-01 
 3.125533e+01 -1.828843e-01 
 3.125566e+01 -1.996238e-01 
 3.125598e+01 -2.148423e-01 
 3.125630e+01 -2.316654e-01 
 3.125663e+01 -2.358215e-01 
 3.125695e+01 -2.278841e-01 
 3.125727e+01 -2.144671e-01 
 3.125759e+01 -1.994588e-01 
 3.125792e+01 -1.800742e-01 
 3.125824e+01 -1.596109e-01 
 3.125856e+01 -1.388598e-01 
 3.125889e+01 -1.187672e-01 
 3.125921e+01 -1.002002e-01 
 3.125953e+01 -8.526022e-02 
 3.125986e+01 -7.890564e-02 
 3.126018e+01 -3.670451e-02 
 3.126050e+01  1.311471e-02 
 3.126082e+01  3.926509e-02 
 3.126115e+01  5.970551e-02 
 3.126147e+01  7.766184e-02 
 3.126179e+01  9.053161e-02 
 3.126212e+01  9.814818e-02 
 3.126244e+01  9.843734e-02 
 3.126276e+01  9.087803e-02 
 3.126309e+01  6.681253e-02 
 3.126341e+01  5.086447e-03 
 3.126373e+01 -2.370666e-02 
 3.126405e+01 -5.029049e-02 
 3.126438e+01 -7.315695e-02 
 3.126470e+01 -9.115396e-02 
 3.126502e+01 -1.258614e-01 
 3.126535e+01 -1.416260e-01 
 3.126567e+01 -1.503934e-01 
 3.126599e+01 -1.547138e-01 
 3.126632e+01 -2.541784e-01 
 3.126664e+01 -2.520641e-01 
 3.126696e+01 -2.573171e-01 
 3.126728e+01 -2.675619e-01 
 3.126761e+01 -2.864089e-01 
 3.126793e+01 -2.995068e-01 
 3.126825e+01 -3.010434e-01 
 3.126858e+01 -2.935732e-01 
 3.126890e+01 -2.599735e-01 
 3.126922e+01 -2.092946e-01 
 3.126955e+01 -1.771292e-01 
 3.126987e+01 -1.568045e-01 
 3.127019e+01 -1.433469e-01 
 3.127051e+01 -1.380590e-01 
 3.127084e+01 -1.429436e-01 
 3.127116e+01 -1.598589e-01 
 3.127148e+01 -2.100035e-01 
 3.127181e+01 -2.455440e-01 
 3.127213e+01 -2.823869e-01 
 3.127245e+01 -3.172550e-01 
 3.127278e+01 -3.493770e-01 
 3.127310e+01 -4.174626e-01 
 3.127342e+01 -4.327695e-01 
 3.127374e+01 -4.355194e-01 
 3.127407e+01 -4.327201e-01 
 3.127439e+01 -4.270316e-01 
 3.127471e+01 -4.210847e-01 
 3.127504e+01 -4.177316e-01 
 3.127536e+01 -4.213976e-01 
 3.127568e+01 -4.263753e-01 
 3.127601e+01 -4.335703e-01 
 3.127633e+01 -4.415106e-01 
 3.127665e+01 -4.449663e-01 
 3.127697e+01 -4.401413e-01 
 3.127730e+01 -4.009532e-01 
 3.127762e+01 -3.615009e-01 
 3.127794e+01 -3.433979e-01 
 3.127827e+01 -3.291971e-01 
 3.127859e+01 -3.205674e-01 
 3.127891e+01 -3.156336e-01 
 3.127924e+01 -3.208619e-01 
 3.127956e+01 -3.384645e-01 
 3.127988e+01 -3.684290e-01 
 3.128020e+01 -4.070948e-01 
 3.128053e+01 -4.484619e-01 
 3.128085e+01 -4.879467e-01 
 3.128117e+01 -5.224048e-01 
 3.128150e+01 -5.485739e-01 
 3.128182e+01 -5.657555e-01 
 3.128214e+01 -5.842029e-01 
 3.128247e+01 -6.346721e-01 
 3.128279e+01 -6.337131e-01 
 3.128311e+01 -6.319215e-01 
 3.128343e+01 -6.304200e-01 
 3.128376e+01 -6.330671e-01 
 3.128408e+01 -6.547308e-01 
 3.128440e+01 -6.576982e-01 
 3.128473e+01 -6.541432e-01 
 3.128505e+01 -6.393422e-01 
 3.128537e+01 -6.037126e-01 
 3.128569e+01 -5.413827e-01 
 3.128602e+01 -4.657477e-01 
 3.128634e+01 -4.149296e-01 
 3.128666e+01 -3.749266e-01 
 3.128699e+01 -3.408384e-01 
 3.128731e+01 -3.159335e-01 
 3.128763e+01 -3.098803e-01 
 3.128796e+01 -3.333653e-01 
 3.128828e+01 -3.565130e-01 
 3.128860e+01 -3.855927e-01 
 3.128892e+01 -4.176986e-01 
 3.128925e+01 -4.502259e-01 
 3.128957e+01 -4.806075e-01 
 3.128989e+01 -5.083276e-01 
 3.129022e+01 -5.272759e-01 
 3.129054e+01 -5.612701e-01 
 3.129086e+01 -5.740861e-01 
 3.129119e+01 -6.226762e-01 
 3.129151e+01 -6.233949e-01 
 3.129183e+01 -6.282117e-01 
 3.129215e+01 -6.340331e-01 
 3.129248e+01 -6.380593e-01 
 3.129280e+01 -6.366970e-01 
 3.129312e+01 -6.271225e-01 
 3.129345e+01 -6.041986e-01 
 3.129377e+01 -5.674099e-01 
 3.129409e+01 -5.194970e-01 
 3.129442e+01 -4.594993e-01 
 3.129474e+01 -3.710312e-01 
 3.129506e+01 -3.001225e-01 
 3.129538e+01 -2.459619e-01 
 3.129571e+01 -2.050942e-01 
 3.129603e+01 -1.735310e-01 
 3.129635e+01 -1.655087e-01 
 3.129668e+01 -1.734841e-01 
 3.129700e+01 -1.835326e-01 
 3.129732e+01 -2.212001e-01 
 3.129765e+01 -2.524020e-01 
 3.129797e+01 -2.733360e-01 
 3.129829e+01 -2.932214e-01 
 3.129861e+01 -3.073536e-01 
 3.129894e+01 -3.199985e-01 
 3.129926e+01 -3.425604e-01 
 3.129958e+01 -4.017968e-01 
 3.129991e+01 -4.130733e-01 
 3.130023e+01 -4.211662e-01 
 3.130055e+01 -4.269930e-01 
 3.130088e+01 -4.350795e-01 
 3.130120e+01 -4.287951e-01 
 3.130152e+01 -4.114066e-01 
 3.130184e+01 -4.287528e-01 
 3.130217e+01 -3.880861e-01 
 3.130249e+01 -3.381401e-01 
 3.130281e+01 -2.800250e-01 
 3.130314e+01 -2.241693e-01 
 3.130346e+01 -1.737201e-01 
 3.130378e+01 -1.216484e-01 
 3.130411e+01 -4.675015e-02 
 3.130443e+01  1.272517e-02 
 3.130475e+01  4.729455e-02 
 3.130507e+01  7.314532e-02 
 3.130540e+01  9.511903e-02 
 3.130572e+01  1.127591e-01 
 3.130604e+01  1.242872e-01 
 3.130637e+01  1.258326e-01 
 3.130669e+01  1.227877e-01 
 3.130701e+01  1.098196e-01 
 3.130734e+01  9.031206e-02 
 3.130766e+01  6.594799e-02 
 3.130798e+01  2.272608e-02 
 3.130830e+01 -5.241759e-02 
 3.130863e+01 -7.864859e-02 
 3.130895e+01 -1.063443e-01 
 3.130927e+01 -1.211834e-01 
 3.130960e+01 -1.275163e-01 
 3.130992e+01 -1.251773e-01 
 3.131024e+01 -1.130128e-01 
 3.131057e+01 -9.372663e-02 
 3.131089e+01 -6.138319e-02 
 3.131121e+01 -2.092575e-02 
 3.131153e+01  1.949338e-02 
 3.131186e+01  5.515968e-02 
 3.131218e+01  8.676545e-02 
 3.131250e+01  1.167102e-01 
 3.131283e+01  1.446438e-01 
 3.131315e+01  1.691713e-01 
 3.131347e+01  2.212240e-01 
 3.131379e+01  2.719445e-01 
 3.131412e+01  2.957910e-01 
 3.131444e+01  3.144548e-01 
 3.131476e+01  3.286132e-01 
 3.131509e+01  3.358571e-01 
 3.131541e+01  3.315225e-01 
 3.131573e+01  3.121880e-01 
 3.131606e+01  2.800666e-01 
 3.131638e+01  2.401140e-01 
 3.131670e+01  1.936845e-01 
 3.131702e+01  8.588963e-02 
 3.131735e+01  4.529045e-02 
 3.131767e+01  1.084920e-02 
 3.131799e+01 -2.124547e-02 
 3.131832e+01 -4.110597e-02 
 3.131864e+01 -5.428283e-02 
 3.131896e+01 -6.275564e-02 
 3.131929e+01 -5.735975e-02 
 3.131961e+01 -4.367352e-02 
 3.131993e+01 -2.510292e-02 
 3.132025e+01 -4.963031e-02 
 3.132058e+01 -3.365091e-02 
 3.132090e+01 -2.041719e-02 
 3.132122e+01 -8.893618e-03 
 3.132155e+01  3.490406e-03 
 3.132187e+01  2.209983e-02 
 3.132219e+01  4.643159e-02 
 3.132252e+01  8.755469e-02 
 3.132284e+01  1.519529e-01 
 3.132316e+01  2.112097e-01 
 3.132348e+01  2.449199e-01 
 3.132381e+01  2.241600e-01 
 3.132413e+01  2.337546e-01 
 3.132445e+01  2.284055e-01 
 3.132478e+01  2.082089e-01 
 3.132510e+01  1.750254e-01 
 3.132542e+01  1.341803e-01 
 3.132575e+01  9.219115e-02 
 3.132607e+01  7.282532e-03 
 3.132639e+01 -2.304362e-02 
 3.132671e+01 -3.790107e-02 
 3.132704e+01 -4.688701e-02 
 3.132736e+01 -5.174900e-02 
 3.132768e+01 -4.462416e-02 
 3.132801e+01 -3.332766e-02 
 3.132833e+01 -2.599059e-02 
 3.132865e+01 -1.836007e-02 
 3.132898e+01 -1.422485e-02 
 3.132930e+01 -1.181061e-02 
 3.132962e+01 -7.138960e-03 
 3.132994e+01  3.092212e-03 
 3.133027e+01  1.956064e-02 
 3.133059e+01  4.373652e-02 
 3.133091e+01  7.639594e-02 
 3.133124e+01  1.120621e-01 
 3.133156e+01  1.493946e-01 
 3.133188e+01  2.051510e-01 
 3.133221e+01  2.543710e-01 
 3.133253e+01  2.762230e-01 
 3.133285e+01  2.760338e-01 
 3.133317e+01  2.612459e-01 
 3.133350e+01  2.349797e-01 
 3.133382e+01  2.014310e-01 
 3.133414e+01  1.645471e-01 
 3.133447e+01  1.303734e-01 
 3.133479e+01  1.029826e-01 
 3.133511e+01  3.246022e-02 
 3.133544e+01  2.552204e-02 
 3.133576e+01  2.212921e-02 
 3.133608e+01  1.448793e-02 
 3.133640e+01  1.279116e-02 
 3.133673e+01  1.216034e-02 
 3.133705e+01 -1.935328e-02 
 3.133737e+01 -8.169054e-02 
 3.133770e+01 -7.244421e-02 
 3.133802e+01 -6.072578e-02 
 3.133834e+01 -4.091979e-02 
 3.133867e+01  1.179936e-02 
 3.133899e+01  7.186287e-02 
 3.133931e+01  1.180167e-01 
 3.133963e+01  1.709341e-01 
 3.133996e+01  2.311381e-01 
 3.134028e+01  2.879911e-01 
 3.134060e+01  3.347084e-01 
 3.134093e+01  3.856419e-01 
 3.134125e+01  4.250890e-01 
 3.134157e+01  4.438726e-01 
 3.134190e+01  4.331928e-01 
 3.134222e+01  4.144448e-01 
 3.134254e+01  3.906251e-01 
 3.134286e+01  3.664022e-01 
 3.134319e+01  3.437311e-01 
 3.134351e+01  3.233964e-01 
 3.134383e+01  3.022309e-01 
 3.134416e+01  2.339458e-01 
 3.134448e+01  2.171442e-01 
 3.134480e+01  1.945770e-01 
 3.134513e+01  1.622232e-01 
 3.134545e+01  1.277153e-01 
 3.134577e+01  9.982190e-02 
 3.134609e+01  1.999498e-02 
 3.134642e+01  1.926466e-02 
 3.134674e+01  2.891237e-02 
 3.134706e+01  4.765604e-02 
 3.134739e+01  7.512304e-02 
 3.134771e+01  1.067078e-01 
 3.134803e+01  1.594547e-01 
 3.134835e+01  2.289273e-01 
 3.134868e+01  3.002729e-01 
 3.134900e+01  3.433657e-01 
 3.134932e+01  3.758007e-01 
 3.134965e+01  3.986332e-01 
 3.134997e+01  4.208818e-01 
 3.135029e+01  4.481341e-01 
 3.135062e+01  4.676890e-01 
 3.135094e+01  4.777680e-01 
 3.135126e+01  4.666778e-01 
 3.135158e+01  4.512613e-01 
 3.135191e+01  4.328626e-01 
 3.135223e+01  4.159819e-01 
 3.135255e+01  3.964631e-01 
 3.135288e+01  3.714789e-01 
 3.135320e+01  2.867032e-01 
 3.135352e+01  2.532203e-01 
 3.135385e+01  2.157163e-01 
 3.135417e+01  1.348100e-01 
 3.135449e+01  9.885395e-02 
 3.135481e+01  7.528029e-02 
 3.135514e+01  4.635373e-03 
 3.135546e+01  1.467494e-02 
 3.135578e+01  3.664644e-02 
 3.135611e+01  6.647848e-02 
 3.135643e+01  1.060671e-01 
 3.135675e+01  1.537585e-01 
 3.135708e+01  2.026823e-01 
 3.135740e+01  2.673047e-01 
 3.135772e+01  3.308219e-01 
 3.135804e+01  3.909622e-01 
 3.135837e+01  4.417446e-01 
 3.135869e+01  4.694516e-01 
 3.135901e+01  4.957770e-01 
 3.135934e+01  5.260205e-01 
 3.135966e+01  5.522425e-01 
 3.135998e+01  5.716708e-01 
 3.136031e+01  5.852769e-01 
 3.136063e+01  5.800988e-01 
 3.136095e+01  5.631832e-01 
 3.136127e+01  5.345860e-01 
 3.136160e+01  4.940027e-01 
 3.136192e+01  4.438546e-01 
 3.136224e+01  3.790312e-01 
 3.136257e+01  2.781684e-01 
 3.136289e+01  2.254706e-01 
 3.136321e+01  1.716761e-01 
 3.136354e+01  1.286509e-01 
 3.136386e+01  6.021993e-02 
 3.136418e+01 -1.842396e-02 
 3.136450e+01 -1.824186e-02 
 3.136483e+01 -1.051056e-02 
 3.136515e+01  1.201645e-03 
 3.136547e+01  1.333486e-02 
 3.136580e+01  2.827269e-02 
 3.136612e+01  4.844357e-02 
 3.136644e+01  8.935212e-02 
 3.136677e+01  1.337287e-01 
 3.136709e+01  1.762237e-01 
 3.136741e+01  2.170468e-01 
 3.136773e+01  2.586092e-01 
 3.136806e+01  3.110236e-01 
 3.136838e+01  3.570548e-01 
 3.136870e+01  3.906785e-01 
 3.136903e+01  4.119583e-01 
 3.136935e+01  4.190310e-01 
 3.136967e+01  4.102698e-01 
 3.137000e+01  3.878059e-01 
 3.137032e+01  3.471987e-01 
 3.137064e+01  2.906366e-01 
 3.137096e+01  2.259314e-01 
 3.137129e+01  1.563988e-01 
 3.137161e+01  4.198344e-02 
 3.137193e+01 -2.540242e-02 
 3.137226e+01 -7.298641e-02 
 3.137258e+01 -1.190496e-01 
 3.137290e+01 -1.434875e-01 
 3.137323e+01 -1.652978e-01 
 3.137355e+01 -2.064047e-01 
 3.137387e+01 -2.551494e-01 
 3.137419e+01 -2.618824e-01 
 3.137452e+01 -2.620275e-01 
 3.137484e+01 -2.520685e-01 
 3.137516e+01 -2.368697e-01 
 3.137549e+01 -2.174199e-01 
 3.137581e+01 -1.905592e-01 
 3.137613e+01 -1.563634e-01 
 3.137646e+01 -1.156950e-01 
 3.137678e+01 -6.763194e-02 
 3.137710e+01 -2.419658e-02 
 3.137742e+01  1.229895e-02 
 3.137775e+01  3.829477e-02 
 3.137807e+01  5.844319e-02 
 3.137839e+01  6.403727e-02 
 3.137872e+01  5.642359e-02 
 3.137904e+01  4.032269e-02 
 3.137936e+01  1.570640e-02 
 3.137968e+01 -1.290280e-02 
 3.138001e+01 -5.137455e-02 
 3.138033e+01 -9.046444e-02 
 3.138065e+01 -1.997597e-01 
 3.138098e+01 -2.336497e-01 
 3.138130e+01 -2.625667e-01 
 3.138162e+01 -2.948899e-01 
 3.138195e+01 -3.164231e-01 
 3.138227e+01 -3.422483e-01 
 3.138259e+01 -3.658082e-01 
 3.138291e+01 -4.012692e-01 
 3.138324e+01 -3.970370e-01 
 3.138356e+01 -3.809583e-01 
 3.138388e+01 -3.557129e-01 
 3.138421e+01 -3.224941e-01 
 3.138453e+01 -2.824933e-01 
 3.138485e+01 -2.366758e-01 
 3.138518e+01 -1.879417e-01 
 3.138550e+01 -1.371468e-01 
 3.138582e+01 -9.744250e-02 
 3.138614e+01 -6.298704e-02 
 3.138647e+01 -3.542454e-02 
 3.138679e+01 -1.523019e-02 
 3.138711e+01 -7.183845e-03 
 3.138744e+01 -9.224700e-03 
 3.138776e+01 -1.897530e-02 
 3.138808e+01 -3.192084e-02 
 3.138841e+01 -4.555999e-02 
 3.138873e+01 -6.094349e-02 
 3.138905e+01 -8.888794e-02 
 3.138937e+01 -1.270437e-01 
 3.138970e+01 -1.996306e-01 
 3.139002e+01 -2.233846e-01 
 3.139034e+01 -2.551006e-01 
 3.139067e+01 -2.711229e-01 
 3.139099e+01 -3.112893e-01 
 3.139131e+01 -3.471756e-01 
 3.139164e+01 -3.340301e-01 
 3.139196e+01 -3.107519e-01 
 3.139228e+01 -2.782145e-01 
 3.139260e+01 -2.375094e-01 
 3.139293e+01 -1.856911e-01 
 3.139325e+01 -1.309340e-01 
 3.139357e+01 -7.538852e-02 
 3.139390e+01 -2.351538e-02 
 3.139422e+01  2.431884e-02 
 3.139454e+01  6.920609e-02 
 3.139487e+01  1.055602e-01 
 3.139519e+01  1.332777e-01 
 3.139551e+01  1.527661e-01 
 3.139583e+01  1.656170e-01 
 3.139616e+01  1.711975e-01 
 3.139648e+01  1.719973e-01 
 3.139680e+01  1.653992e-01 
 3.139713e+01  1.530588e-01 
 3.139745e+01  1.325779e-01 
 3.139777e+01  1.063618e-01 
 3.139810e+01  7.148101e-02 
 3.139842e+01 -1.284396e-02 
 3.139874e+01 -5.370218e-02 
 3.139906e+01 -1.049312e-01 
 3.139939e+01 -1.465181e-01 
 3.139971e+01 -2.410364e-01 
 3.140003e+01 -2.580232e-01 
 3.140036e+01 -2.608950e-01 
 3.140068e+01 -2.489308e-01 
 3.140100e+01 -2.247545e-01 
 3.140133e+01 -1.906591e-01 
 3.140165e+01 -1.501864e-01 
 3.140197e+01 -1.090906e-01 
 3.140229e+01 -6.719052e-02 
 3.140262e+01 -2.965236e-02 
 3.140294e+01  2.644248e-03 
 3.140326e+01  2.912554e-02 
 3.140359e+01  5.483333e-02 
 3.140391e+01  7.637940e-02 
 3.140423e+01  9.140372e-02 
 3.140456e+01  1.057788e-01 
 3.140488e+01  1.195337e-01 
 3.140520e+01  1.321937e-01 
 3.140552e+01  1.429681e-01 
 3.140585e+01  1.490632e-01 
 3.140617e+01  1.480359e-01 
 3.140649e+01  1.401457e-01 
 3.140682e+01  1.215925e-01 
 3.140714e+01  9.004553e-02 
 3.140746e+01  2.871273e-02 
 3.140779e+01 -1.213225e-02 
 3.140811e+01 -5.599359e-02 
 3.140843e+01 -8.841529e-02 
 3.140875e+01 -1.592125e-01 
 3.140908e+01 -1.625796e-01 
 3.140940e+01 -1.584916e-01 
 3.140972e+01 -1.372633e-01 
 3.141005e+01 -1.103966e-01 
 3.141037e+01 -8.024516e-02 
 3.141069e+01 -4.757952e-02 
 3.141101e+01 -1.735224e-02 
 3.141134e+01  8.115860e-03 
 3.141166e+01  3.230552e-02 
 3.141198e+01  5.070785e-02 
 3.141231e+01  6.148104e-02 
 3.141263e+01  6.623009e-02 
 3.141295e+01  6.813470e-02 
 3.141328e+01  6.887484e-02 
 3.141360e+01  6.894252e-02 
 3.141392e+01  7.091970e-02 
 3.141424e+01  7.112577e-02 
 3.141457e+01  6.675911e-02 
 3.141489e+01  5.689830e-02 
 3.141521e+01  4.028082e-02 
 3.141554e+01  1.719746e-02 
 3.141586e+01 -1.087576e-02 
 3.141618e+01 -4.177243e-02 
 3.141651e+01 -7.105310e-02 
 3.141683e+01 -9.676605e-02 
 3.141715e+01 -1.166474e-01 
 3.141747e+01 -1.339604e-01 
 3.141780e+01 -1.625069e-01 
 3.141812e+01 -1.690885e-01 
 3.141844e+01 -1.690775e-01 
 3.141877e+01 -1.616907e-01 
 3.141909e+01 -1.507065e-01 
 3.141941e+01 -1.381035e-01 
 3.141974e+01 -1.289604e-01 
 3.142006e+01 -1.245126e-01 
 3.142038e+01 -1.218898e-01 
 3.142070e+01 -1.182363e-01 
 3.142103e+01 -1.126735e-01 
 3.142135e+01 -1.065902e-01 
 3.142167e+01 -1.005462e-01 
 3.142200e+01 -9.563888e-02 
 3.142232e+01 -9.359505e-02 
 3.142264e+01 -9.598984e-02 
 3.142297e+01 -1.041026e-01 
 3.142329e+01 -1.176761e-01 
 3.142361e+01 -1.359654e-01 
 3.142393e+01 -1.563967e-01 
 3.142426e+01 -1.794080e-01 
 3.142458e+01 -2.049258e-01 
 3.142490e+01 -2.297384e-01 
 3.142523e+01 -2.560342e-01 
 3.142555e+01 -2.781837e-01 
 3.142587e+01 -2.971474e-01 
 3.142620e+01 -2.984634e-01 
 3.142652e+01 -3.085608e-01 
 3.142684e+01 -3.150699e-01 
 3.142716e+01 -3.210690e-01 
 3.142749e+01 -3.017321e-01 
 3.142781e+01 -3.030023e-01 
 3.142813e+01 -3.050223e-01 
 3.142846e+01 -3.061754e-01 
 3.142878e+01 -3.053091e-01 
 3.142910e+01 -3.019988e-01 
 3.142943e+01 -2.967857e-01 
 3.142975e+01 -2.914802e-01 
 3.143007e+01 -2.880118e-01 
 3.143039e+01 -2.888172e-01 
 3.143072e+01 -2.945587e-01 
 3.143104e+01 -3.017041e-01 
 3.143136e+01 -3.092379e-01 
 3.143169e+01 -3.176563e-01 
 3.143201e+01 -3.268927e-01 
 3.143233e+01 -3.358888e-01 
 3.143266e+01 -3.437632e-01 
 3.143298e+01 -3.508773e-01 
 3.143330e+01 -3.580331e-01 
 3.143362e+01 -3.657789e-01 
 3.143395e+01 -3.743434e-01 
 3.143427e+01 -3.823899e-01 
 3.143459e+01 -3.884274e-01 
 3.143492e+01 -3.963583e-01 
 3.143524e+01 -4.060407e-01 
 3.143556e+01 -4.139176e-01 
 3.143589e+01 -4.219577e-01 
 3.143621e+01 -4.288207e-01 
 3.143653e+01 -4.338532e-01 
 3.143685e+01 -4.350923e-01 
 3.143718e+01 -4.339904e-01 
 3.143750e+01 -4.295354e-01 
 3.143782e+01 -4.226450e-01 
 3.143815e+01 -4.152644e-01 
 3.143847e+01 -4.090143e-01 
 3.143879e+01 -4.050599e-01 
 3.143912e+01 -4.025878e-01 
 3.143944e+01 -4.015448e-01 
 3.143976e+01 -4.014388e-01 
 3.144008e+01 -4.013489e-01 
 3.144041e+01 -3.998081e-01 
 3.144073e+01 -3.965504e-01 
 3.144105e+01 -3.905215e-01 
 3.144138e+01 -3.812333e-01 
 3.144170e+01 -3.697433e-01 
 3.144202e+01 -3.582016e-01 
 3.144235e+01 -3.477458e-01 
 3.144267e+01 -3.397136e-01 
 3.144299e+01 -3.349993e-01 
 3.144331e+01 -3.340907e-01 
 3.144364e+01 -3.366710e-01 
 3.144396e+01 -3.419501e-01 
 3.144428e+01 -3.503628e-01 
 3.144461e+01 -3.659344e-01 
 3.144493e+01 -3.745159e-01 
 3.144525e+01 -3.848128e-01 
 3.144557e+01 -3.952295e-01 
 3.144590e+01 -4.138835e-01 
 3.144622e+01 -4.182102e-01 
 3.144654e+01 -4.207153e-01 
 3.144687e+01 -4.231260e-01 
 3.144719e+01 -4.268414e-01 
 3.144751e+01 -4.315951e-01 
 3.144784e+01 -4.387009e-01 
 3.144816e+01 -4.490019e-01 
 3.144848e+01 -4.618683e-01 
 3.144880e+01 -4.755419e-01 
 3.144913e+01 -4.875599e-01 
 3.144945e+01 -4.957076e-01 
 3.144977e+01 -4.991028e-01 
 3.145010e+01 -4.979379e-01 
 3.145042e+01 -4.931630e-01 
 3.145074e+01 -4.865679e-01 
 3.145107e+01 -4.785828e-01 
 3.145139e+01 -4.693948e-01 
 3.145171e+01 -4.603344e-01 
 3.145203e+01 -4.524536e-01 
 3.145236e+01 -4.471604e-01 
 3.145268e+01 -4.448635e-01 
 3.145300e+01 -4.447530e-01 
 3.145333e+01 -4.472539e-01 
 3.145365e+01 -4.540929e-01 
 3.145397e+01 -4.584119e-01 
 3.145430e+01 -4.632195e-01 
 3.145462e+01 -4.674096e-01 
 3.145494e+01 -4.681509e-01 
 3.145526e+01 -4.643488e-01 
 3.145559e+01 -4.628057e-01 
 3.145591e+01 -4.612730e-01 
 3.145623e+01 -4.607343e-01 
 3.145656e+01 -4.610941e-01 
 3.145688e+01 -4.634498e-01 
 3.145720e+01 -4.668205e-01 
 3.145753e+01 -4.679270e-01 
 3.145785e+01 -4.650676e-01 
 3.145817e+01 -4.571789e-01 
 3.145849e+01 -4.445687e-01 
 3.145882e+01 -4.287533e-01 
 3.145914e+01 -4.105867e-01 
 3.145946e+01 -3.917571e-01 
 3.145979e+01 -3.729713e-01 
 3.146011e+01 -3.548623e-01 
 3.146043e+01 -3.393373e-01 
 3.146076e+01 -3.273856e-01 
 3.146108e+01 -3.185549e-01 
 3.146140e+01 -3.126141e-01 
 3.146172e+01 -3.085413e-01 
 3.146205e+01 -3.071253e-01 
 3.146237e+01 -3.084182e-01 
 3.146269e+01 -3.150514e-01 
 3.146302e+01 -3.201465e-01 
 3.146334e+01 -3.276138e-01 
 3.146366e+01 -3.376333e-01 
 3.146399e+01 -3.498246e-01 
 3.146431e+01 -3.600412e-01 
 3.146463e+01 -3.712209e-01 
 3.146495e+01 -3.819424e-01 
 3.146528e+01 -3.956326e-01 
 3.146560e+01 -4.079601e-01 
 3.146592e+01 -4.175893e-01 
 3.146625e+01 -4.221072e-01 
 3.146657e+01 -4.203122e-01 
 3.146689e+01 -4.127562e-01 
 3.146722e+01 -4.010091e-01 
 3.146754e+01 -3.870487e-01 
 3.146786e+01 -3.714654e-01 
 3.146818e+01 -3.542261e-01 
 3.146851e+01 -3.367375e-01 
 3.146883e+01 -3.198361e-01 
 3.146915e+01 -3.046388e-01 
 3.146948e+01 -2.898823e-01 
 3.146980e+01 -2.739718e-01 
 3.147012e+01 -2.570995e-01 
 3.147045e+01 -2.403161e-01 
 3.147077e+01 -2.259102e-01 
 3.147109e+01 -2.151968e-01 
 3.147141e+01 -2.097427e-01 
 3.147174e+01 -2.201598e-01 
 3.147206e+01 -2.244450e-01 
 3.147238e+01 -2.339393e-01 
 3.147271e+01 -2.483713e-01 
 3.147303e+01 -2.643141e-01 
 3.147335e+01 -2.857280e-01 
 3.147367e+01 -3.012969e-01 
 3.147400e+01 -3.179708e-01 
 3.147432e+01 -3.296278e-01 
 3.147464e+01 -3.380955e-01 
 3.147497e+01 -3.418303e-01 
 3.147529e+01 -3.403274e-01 
 3.147561e+01 -3.332225e-01 
 3.147594e+01 -3.215751e-01 
 3.147626e+01 -3.071348e-01 
 3.147658e+01 -2.907148e-01 
 3.147690e+01 -2.726430e-01 
 3.147723e+01 -2.529535e-01 
 3.147755e+01 -2.326863e-01 
 3.147787e+01 -2.117530e-01 
 3.147820e+01 -1.901253e-01 
 3.147852e+01 -1.689137e-01 
 3.147884e+01 -1.488086e-01 
 3.147917e+01 -1.314552e-01 
 3.147949e+01 -1.174493e-01 
 3.147981e+01 -1.089707e-01 
 3.148013e+01 -1.086230e-01 
 3.148046e+01 -1.138776e-01 
 3.148078e+01 -1.309206e-01 
 3.148110e+01 -1.468913e-01 
 3.148143e+01 -1.678433e-01 
 3.148175e+01 -1.919001e-01 
 3.148207e+01 -2.147952e-01 
 3.148240e+01 -2.410264e-01 
 3.148272e+01 -2.628259e-01 
 3.148304e+01 -2.822412e-01 
 3.148336e+01 -2.988540e-01 
 3.148369e+01 -3.104913e-01 
 3.148401e+01 -3.162479e-01 
 3.148433e+01 -3.160905e-01 
 3.148466e+01 -3.100313e-01 
 3.148498e+01 -2.990506e-01 
 3.148530e+01 -2.836454e-01 
 3.148563e+01 -2.642301e-01 
 3.148595e+01 -2.409453e-01 
 3.148627e+01 -2.150994e-01 
 3.148659e+01 -1.884686e-01 
 3.148692e+01 -1.612349e-01 
 3.148724e+01 -1.332238e-01 
 3.148756e+01 -1.079587e-01 
 3.148789e+01 -8.713557e-02 
 3.148821e+01 -7.181392e-02 
 3.148853e+01 -6.172048e-02 
 3.148886e+01 -5.680838e-02 
 3.148918e+01 -5.768700e-02 
 3.148950e+01 -6.546802e-02 
 3.148982e+01 -8.095502e-02 
 3.149015e+01 -1.006088e-01 
 3.149047e+01 -1.247460e-01 
 3.149079e+01 -1.528135e-01 
 3.149112e+01 -1.836145e-01 
 3.149144e+01 -2.168917e-01 
 3.149176e+01 -2.518658e-01 
 3.149209e+01 -2.845730e-01 
 3.149241e+01 -3.133552e-01 
 3.149273e+01 -3.381222e-01 
 3.149305e+01 -3.595892e-01 
 3.149338e+01 -3.767908e-01 
 3.149370e+01 -3.880465e-01 
 3.149402e+01 -3.924681e-01 
 3.149435e+01 -3.899411e-01 
 3.149467e+01 -3.813442e-01 
 3.149499e+01 -3.681809e-01 
 3.149532e+01 -3.509368e-01 
 3.149564e+01 -3.302760e-01 
 3.149596e+01 -3.078673e-01 
 3.149628e+01 -2.860300e-01 
 3.149661e+01 -2.673702e-01 
 3.149693e+01 -2.528756e-01 
 3.149725e+01 -2.421657e-01 
 3.149758e+01 -2.373347e-01 
 3.149790e+01 -2.391762e-01 
 3.149822e+01 -2.477423e-01 
 3.149855e+01 -2.619405e-01 
 3.149887e+01 -2.795626e-01 
 3.149919e+01 -2.910237e-01 
 3.149951e+01 -3.164360e-01 
 3.149984e+01 -3.455985e-01 
 3.150016e+01 -3.752395e-01 
 3.150048e+01 -4.073581e-01 
 3.150081e+01 -4.362978e-01 
 3.150113e+01 -4.661073e-01 
 3.150145e+01 -4.933605e-01 
 3.150178e+01 -5.166619e-01 
 3.150210e+01 -5.329168e-01 
 3.150242e+01 -5.413397e-01 
 3.150274e+01 -5.418385e-01 
 3.150307e+01 -5.338345e-01 
 3.150339e+01 -5.194764e-01 
 3.150371e+01 -5.010058e-01 
 3.150404e+01 -4.778288e-01 
 3.150436e+01 -4.510652e-01 
 3.150468e+01 -4.225141e-01 
 3.150501e+01 -3.951511e-01 
 3.150533e+01 -3.705724e-01 
 3.150565e+01 -3.502955e-01 
 3.150597e+01 -3.349616e-01 
 3.150630e+01 -3.246822e-01 
 3.150662e+01 -3.204268e-01 
 3.150694e+01 -3.214272e-01 
 3.150727e+01 -3.264302e-01 
 3.150759e+01 -3.362237e-01 
 3.150791e+01 -3.515267e-01 
 3.150823e+01 -3.598688e-01 
 3.150856e+01 -3.846271e-01 
 3.150888e+01 -4.143522e-01 
 3.150920e+01 -4.471215e-01 
 3.150953e+01 -4.790378e-01 
 3.150985e+01 -5.107644e-01 
 3.151017e+01 -5.383423e-01 
 3.151050e+01 -5.661731e-01 
 3.151082e+01 -5.896157e-01 
 3.151114e+01 -6.065567e-01 
 3.151146e+01 -6.161803e-01 
 3.151179e+01 -6.182717e-01 
 3.151211e+01 -6.125536e-01 
 3.151243e+01 -5.994196e-01 
 3.151276e+01 -5.801925e-01 
 3.151308e+01 -5.574645e-01 
 3.151340e+01 -5.329612e-01 
 3.151373e+01 -5.087447e-01 
 3.151405e+01 -4.838887e-01 
 3.151437e+01 -4.634495e-01 
 3.151469e+01 -4.451218e-01 
 3.151502e+01 -4.301875e-01 
 3.151534e+01 -4.194403e-01 
 3.151566e+01 -4.141993e-01 
 3.151599e+01 -4.145124e-01 
 3.151631e+01 -4.207839e-01 
 3.151663e+01 -4.345678e-01 
 3.151696e+01 -4.502379e-01 
 3.151728e+01 -4.488608e-01 
 3.151760e+01 -4.615354e-01 
 3.151792e+01 -4.795791e-01 
 3.151825e+01 -5.002958e-01 
 3.151857e+01 -5.188350e-01 
 3.151889e+01 -5.352720e-01 
 3.151922e+01 -5.547988e-01 
 3.151954e+01 -5.721875e-01 
 3.151986e+01 -5.865142e-01 
 3.152019e+01 -5.965375e-01 
 3.152051e+01 -6.026737e-01 
 3.152083e+01 -6.049166e-01 
 3.152115e+01 -6.017861e-01 
 3.152148e+01 -5.931394e-01 
 3.152180e+01 -5.792153e-01 
 3.152212e+01 -5.606735e-01 
 3.152245e+01 -5.375177e-01 
 3.152277e+01 -5.115349e-01 
 3.152309e+01 -4.850853e-01 
 3.152342e+01 -4.605302e-01 
 3.152374e+01 -4.396989e-01 
 3.152406e+01 -4.241882e-01 
 3.152438e+01 -4.150498e-01 
 3.152471e+01 -4.124610e-01 
 3.152503e+01 -4.164004e-01 
 3.152535e+01 -4.194849e-01 
 3.152568e+01 -4.245768e-01 
 3.152600e+01 -4.322010e-01 
 3.152632e+01 -4.127813e-01 
 3.152665e+01 -4.133557e-01 
 3.152697e+01 -4.178714e-01 
 3.152729e+01 -4.217870e-01 
 3.152761e+01 -4.137886e-01 
 3.152794e+01 -3.968557e-01 
 3.152826e+01 -3.792337e-01 
 3.152858e+01 -3.515156e-01 
 3.152891e+01 -3.585103e-01 
 3.152923e+01 -3.678619e-01 
 3.152955e+01 -3.786255e-01 
 3.152988e+01 -3.886866e-01 
 3.153020e+01 -3.970207e-01 
 3.153052e+01 -4.076519e-01 
 3.153084e+01 -4.176429e-01 
 3.153117e+01 -4.255664e-01 
 3.153149e+01 -4.304518e-01 
 3.153181e+01 -4.321597e-01 
 3.153214e+01 -4.310674e-01 
 3.153246e+01 -4.281341e-01 
 3.153278e+01 -4.268083e-01 
 3.153311e+01 -4.278517e-01 
 3.153343e+01 -4.295451e-01 
 3.153375e+01 -4.336186e-01 
 3.153407e+01 -4.404584e-01 
 3.153440e+01 -4.468497e-01 
 3.153472e+01 -4.546643e-01 
 3.153504e+01 -4.623267e-01 
 3.153537e+01 -4.678313e-01 
 3.153569e+01 -4.612403e-01 
 3.153601e+01 -4.114413e-01 
 3.153634e+01 -4.028439e-01 
 3.153666e+01 -3.800738e-01 
 3.153698e+01 -3.592268e-01 
 3.153730e+01 -3.484774e-01 
 3.153763e+01 -3.500210e-01 
 3.153795e+01 -3.537487e-01 
 3.153827e+01 -3.294078e-01 
 3.153860e+01 -3.097229e-01 
 3.153892e+01 -3.019514e-01 
 3.153924e+01 -3.139715e-01 
 3.153956e+01 -3.230624e-01 
 3.153989e+01 -3.283095e-01 
 3.154021e+01 -3.322600e-01 
 3.154053e+01 -3.360812e-01 
 3.154086e+01 -3.434634e-01 
 3.154118e+01 -3.597933e-01 
 3.154150e+01 -3.795849e-01 
 3.154183e+01 -4.040346e-01 
 3.154215e+01 -4.345439e-01 
 3.154247e+01 -4.678594e-01 
 3.154279e+01 -5.091580e-01 
 3.154312e+01 -5.543222e-01 
 3.154344e+01 -5.996656e-01 
 3.154376e+01 -6.423043e-01 
 3.154409e+01 -6.810920e-01 
 3.154441e+01 -7.127537e-01 
 3.154473e+01 -7.361881e-01 
 3.154506e+01 -7.478351e-01 
 3.154538e+01 -7.582325e-01 
 3.154570e+01 -7.653689e-01 
 3.154602e+01 -7.292535e-01 
 3.154635e+01 -7.340952e-01 
 3.154667e+01 -7.435428e-01 
 3.154699e+01 -7.517168e-01 
 3.154732e+01 -7.550467e-01 
 3.154764e+01 -7.501050e-01 
 3.154796e+01 -7.501974e-01 
 3.154829e+01 -7.476307e-01 
 3.154861e+01 -7.125315e-01 
 3.154893e+01 -7.064190e-01 
 3.154925e+01 -6.595292e-01 
 3.154958e+01 -6.492297e-01 
 3.154990e+01 -6.365157e-01 
 3.155022e+01 -6.233414e-01 
 3.155055e+01 -6.130932e-01 
 3.155087e+01 -6.119831e-01 
 3.155119e+01 -5.886209e-01 
 3.155152e+01 -5.980025e-01 
 3.155184e+01 -6.126070e-01 
 3.155216e+01 -6.326154e-01 
 3.155248e+01 -6.562548e-01 
 3.155281e+01 -6.810519e-01 
 3.155313e+01 -7.046430e-01 
 3.155345e+01 -7.347171e-01 
 3.155378e+01 -7.709602e-01 
 3.155410e+01 -8.069911e-01 
 3.155442e+01 -8.437871e-01 
 3.155475e+01 -8.812516e-01 
 3.155507e+01 -9.128113e-01 
 3.155539e+01 -9.319910e-01 
 3.155571e+01 -9.049174e-01 
 3.155604e+01 -9.174043e-01 
 3.155636e+01 -9.355947e-01 
 3.155668e+01 -9.481736e-01 
 3.155701e+01 -9.544134e-01 
 3.155733e+01 -9.490627e-01 
 3.155765e+01 -9.438496e-01 
 3.155798e+01 -9.416298e-01 
 3.155830e+01 -9.342215e-01 
 3.155862e+01 -8.940092e-01 
 3.155894e+01 -8.936092e-01 
 3.155927e+01 -8.939141e-01 
 3.155959e+01 -8.872813e-01 
 3.155991e+01 -8.869269e-01 
 3.156024e+01 -8.859586e-01 
 3.156056e+01 -8.839486e-01 
 3.156088e+01 -8.906085e-01 
 3.156121e+01 -8.999013e-01 
 3.156153e+01 -8.941138e-01 
 3.156185e+01 -8.904256e-01 
 3.156217e+01 -9.084438e-01 
 3.156250e+01 -9.331956e-01 
 3.156282e+01 -9.518963e-01 
 3.156314e+01 -9.742903e-01 
 3.156347e+01 -9.922500e-01 
 3.156379e+01 -1.010828e+00 
 3.156411e+01 -1.035957e+00 
 3.156444e+01 -1.055894e+00 
 3.156476e+01 -1.077505e+00 
 3.156508e+01 -1.064422e+00 
 3.156540e+01 -1.078269e+00 
 3.156573e+01 -1.082102e+00 
 3.156605e+01 -1.088782e+00 
 3.156637e+01 -1.092483e+00 
 3.156670e+01 -1.095520e+00 
 3.156702e+01 -1.093289e+00 
 3.156734e+01 -1.092726e+00 
 3.156767e+01 -1.094435e+00 
 3.156799e+01 -1.067473e+00 
 3.156831e+01 -1.073960e+00 
 3.156863e+01 -1.077793e+00 
 3.156896e+01 -1.081830e+00 
 3.156928e+01 -1.083970e+00 
 3.156960e+01 -1.085994e+00 
 3.156993e+01 -1.087737e+00 
 3.157025e+01 -1.090825e+00 
 3.157057e+01 -1.094034e+00 
 3.157090e+01 -1.099460e+00 
 3.157122e+01 -1.108054e+00 
 3.157154e+01 -1.121537e+00 
 3.157186e+01 -1.135791e+00 
 3.157219e+01 -1.150407e+00 
 3.157251e+01 -1.165076e+00 
 3.157283e+01 -1.179238e+00 
 3.157316e+01 -1.189875e+00 
 3.157348e+01 -1.198764e+00 
 3.157380e+01 -1.204420e+00 
 3.157413e+01 -1.207363e+00 
 3.157445e+01 -1.206082e+00 
 3.157477e+01 -1.202806e+00 
 3.157509e+01 -1.199448e+00 
 3.157542e+01 -1.194259e+00 
 3.157574e+01 -1.186231e+00 
 3.157606e+01 -1.175605e+00 
 3.157639e+01 -1.143647e+00 
 3.157671e+01 -1.111980e+00 
 3.157703e+01 -1.097852e+00 
 3.157735e+01 -1.083446e+00 
 3.157768e+01 -1.066070e+00 
 3.157800e+01 -1.051404e+00 
 3.157832e+01 -1.045431e+00 
 3.157865e+01 -1.043145e+00 
 3.157897e+01 -1.045326e+00 
 3.157929e+01 -1.051508e+00 
 3.157962e+01 -1.062872e+00 
 3.157994e+01 -1.075809e+00 
 3.158026e+01 -1.085902e+00 
 3.158058e+01 -1.094834e+00 
 3.158091e+01 -1.103960e+00 
 3.158123e+01 -1.111317e+00 
 3.158155e+01 -1.119370e+00 
 3.158188e+01 -1.126987e+00 
 3.158220e+01 -1.129900e+00 
 3.158252e+01 -1.128724e+00 
 3.158285e+01 -1.128556e+00 
 3.158317e+01 -1.127348e+00 
 3.158349e+01 -1.125773e+00 
 3.158381e+01 -1.127037e+00 
 3.158414e+01 -1.126463e+00 
 3.158446e+01 -1.123407e+00 
 3.158478e+01 -1.121803e+00 
 3.158511e+01 -1.117795e+00 
 3.158543e+01 -1.109619e+00 
 3.158575e+01 -1.098703e+00 
 3.158608e+01 -1.086308e+00 
 3.158640e+01 -1.071996e+00 
 3.158672e+01 -1.056239e+00 
 3.158704e+01 -1.042885e+00 
 3.158737e+01 -1.035596e+00 
 3.158769e+01 -1.032260e+00 
 3.158801e+01 -1.033497e+00 
 3.158834e+01 -1.038204e+00 
 3.158866e+01 -1.044016e+00 
 3.158898e+01 -1.052135e+00 
 3.158931e+01 -1.059906e+00 
 3.158963e+01 -1.067212e+00 
 3.158995e+01 -1.074377e+00 
 3.159027e+01 -1.080199e+00 
 3.159060e+01 -1.086191e+00 
 3.159092e+01 -1.093059e+00 
 3.159124e+01 -1.102991e+00 
 3.159157e+01 -1.115133e+00 
 3.159189e+01 -1.125838e+00 
 3.159221e+01 -1.139890e+00 
 3.159254e+01 -1.152119e+00 
 3.159286e+01 -1.158301e+00 
 3.159318e+01 -1.164991e+00 
 3.159350e+01 -1.168768e+00 
 3.159383e+01 -1.172154e+00 
 3.159415e+01 -1.173542e+00 
 3.159447e+01 -1.168568e+00 
 3.159480e+01 -1.167733e+00 
 3.159512e+01 -1.165459e+00 
 3.159544e+01 -1.164906e+00 
 3.159577e+01 -1.166586e+00 
 3.159609e+01 -1.169887e+00 
 3.159641e+01 -1.174399e+00 
 3.159673e+01 -1.180706e+00 
 3.159706e+01 -1.187166e+00 
 3.159738e+01 -1.192934e+00 
 3.159770e+01 -1.197672e+00 
 3.159803e+01 -1.200251e+00 
 3.159835e+01 -1.200509e+00 
 3.159867e+01 -1.201492e+00 
 3.159900e+01 -1.201047e+00 
 3.159932e+01 -1.199231e+00 
 3.159964e+01 -1.196259e+00 
 3.159996e+01 -1.194168e+00 
 3.160029e+01 -1.193060e+00 
 3.160061e+01 -1.191724e+00 
 3.160093e+01 -1.189093e+00 
 3.160126e+01 -1.183875e+00 
 3.160158e+01 -1.176970e+00 
 3.160190e+01 -1.163014e+00 
 3.160223e+01 -1.146600e+00 
 3.160255e+01 -1.133668e+00 
 3.160287e+01 -1.116604e+00 
 3.160319e+01 -1.106258e+00 
 3.160352e+01 -1.100450e+00 
 3.160384e+01 -1.098966e+00 
 3.160416e+01 -1.099565e+00 
 3.160449e+01 -1.101528e+00 
 3.160481e+01 -1.103174e+00 
 3.160513e+01 -1.103776e+00 
 3.160546e+01 -1.104199e+00 
 3.160578e+01 -1.104671e+00 
 3.160610e+01 -1.103856e+00 
 3.160642e+01 -1.103192e+00 
 3.160675e+01 -1.106247e+00 
 3.160707e+01 -1.110157e+00 
 3.160739e+01 -1.114626e+00 
 3.160772e+01 -1.121857e+00 
 3.160804e+01 -1.128039e+00 
 3.160836e+01 -1.133574e+00 
 3.160869e+01 -1.112025e+00 
 3.160901e+01 -1.117380e+00 
 3.160933e+01 -1.118173e+00 
 3.160965e+01 -1.116760e+00 
 3.160998e+01 -1.113180e+00 
 3.161030e+01 -1.106630e+00 
 3.161062e+01 -1.095966e+00 
 3.161095e+01 -1.082917e+00 
 3.161127e+01 -1.066228e+00 
 3.161159e+01 -1.049109e+00 
 3.161192e+01 -1.031453e+00 
 3.161224e+01 -1.019635e+00 
 3.161256e+01 -1.008041e+00 
 3.161288e+01 -9.994629e-01 
 3.161321e+01 -9.949624e-01 
 3.161353e+01 -9.648116e-01 
 3.161385e+01 -9.640999e-01 
 3.161418e+01 -9.643069e-01 
 3.161450e+01 -9.656095e-01 
 3.161482e+01 -9.745974e-01 
 3.161514e+01 -9.853872e-01 
 3.161547e+01 -9.981137e-01 
 3.161579e+01 -1.011076e+00 
 3.161611e+01 -1.023025e+00 
 3.161644e+01 -1.039177e+00 
 3.161676e+01 -1.057012e+00 
 3.161708e+01 -1.074383e+00 
 3.161741e+01 -1.088933e+00 
 3.161773e+01 -1.099534e+00 
 3.161805e+01 -1.106316e+00 
 3.161837e+01 -1.109746e+00 
 3.161870e+01 -1.109833e+00 
 3.161902e+01 -1.106782e+00 
 3.161934e+01 -1.103014e+00 
 3.161967e+01 -1.098994e+00 
 3.161999e+01 -1.095207e+00 
 3.162031e+01 -1.092709e+00 
 3.162064e+01 -1.090589e+00 
 3.162096e+01 -1.088058e+00 
 3.162128e+01 -1.079500e+00 
 3.162160e+01 -1.077891e+00 
 3.162193e+01 -1.071031e+00 
 3.162225e+01 -1.069707e+00 
 3.162257e+01 -1.027993e+00 
 3.162290e+01 -9.969046e-01 
 3.162322e+01 -9.887138e-01 
 3.162354e+01 -9.842958e-01 
 3.162387e+01 -9.790284e-01 
 3.162419e+01 -9.516713e-01 
 3.162451e+01 -9.523060e-01 
 3.162483e+01 -9.556616e-01 
 3.162516e+01 -9.611610e-01 
 3.162548e+01 -9.765494e-01 
 3.162580e+01 -1.007590e+00 
 3.162613e+01 -1.038483e+00 
 3.162645e+01 -1.064490e+00 
 3.162677e+01 -1.072717e+00 
 3.162710e+01 -1.078388e+00 
 3.162742e+01 -1.081359e+00 
 3.162774e+01 -1.079805e+00 
 3.162806e+01 -1.073872e+00 
 3.162839e+01 -1.066295e+00 
 3.162871e+01 -1.057676e+00 
 3.162903e+01 -1.049473e+00 
 3.162936e+01 -1.042901e+00 
 3.162968e+01 -1.037462e+00 
 3.163000e+01 -1.028157e+00 
 3.163033e+01 -1.017559e+00 
 3.163065e+01 -1.010361e+00 
 3.163097e+01 -1.002474e+00 
 3.163129e+01 -9.900253e-01 
 3.163162e+01 -9.830285e-01 
 3.163194e+01 -9.766391e-01 
 3.163226e+01 -9.435680e-01 
 3.163259e+01 -8.973853e-01 
 3.163291e+01 -8.953351e-01 
 3.163323e+01 -8.946188e-01 
 3.163356e+01 -8.955378e-01 
 3.163388e+01 -8.978770e-01 
 3.163420e+01 -9.017694e-01 
 3.163452e+01 -8.802348e-01 
 3.163485e+01 -8.867631e-01 
 3.163517e+01 -8.924031e-01 
 3.163549e+01 -8.997251e-01 
 3.163582e+01 -9.170685e-01 
 3.163614e+01 -9.318323e-01 
 3.163646e+01 -9.398865e-01 
 3.163679e+01 -9.537349e-01 
 3.163711e+01 -9.683508e-01 
 3.163743e+01 -9.821870e-01 
 3.163775e+01 -9.878072e-01 
 3.163808e+01 -9.922845e-01 
 3.163840e+01 -1.012474e+00 
 3.163872e+01 -1.032471e+00 
 3.163905e+01 -1.044920e+00 
 3.163937e+01 -1.049734e+00 
 3.163969e+01 -1.052634e+00 
 3.164002e+01 -1.055716e+00 
 3.164034e+01 -1.059479e+00 
 3.164066e+01 -1.059482e+00 
 3.164098e+01 -1.064378e+00 
 3.164131e+01 -1.069041e+00 
 3.164163e+01 -1.074274e+00 
 3.164195e+01 -1.080775e+00 
 3.164228e+01 -1.045819e+00 
 3.164260e+01 -1.053582e+00 
 3.164292e+01 -1.060171e+00 
 3.164325e+01 -1.064226e+00 
 3.164357e+01 -1.037766e+00 
 3.164389e+01 -1.037487e+00 
 3.164421e+01 -1.032739e+00 
 3.164454e+01 -1.032491e+00 
 3.164486e+01 -1.032854e+00 
 3.164518e+01 -9.927265e-01 
 3.164551e+01 -9.941278e-01 
 3.164583e+01 -9.933995e-01 
 3.164615e+01 -9.724733e-01 
 3.164648e+01 -9.512098e-01 
 3.164680e+01 -9.502358e-01 
 3.164712e+01 -9.513756e-01 
 3.164744e+01 -9.626878e-01 
 3.164777e+01 -9.671853e-01 
 3.164809e+01 -9.699739e-01 
 3.164841e+01 -9.758370e-01 
 3.164874e+01 -9.858293e-01 
 3.164906e+01 -9.993682e-01 
 3.164938e+01 -1.024183e+00 
 3.164971e+01 -1.052448e+00 
 3.165003e+01 -1.076999e+00 
 3.165035e+01 -1.090788e+00 
 3.165067e+01 -1.103891e+00 
 3.165100e+01 -1.116725e+00 
 3.165132e+01 -1.129697e+00 
 3.165164e+01 -1.140814e+00 
 3.165197e+01 -1.149548e+00 
 3.165229e+01 -1.157471e+00 
 3.165261e+01 -1.173149e+00 
 3.165293e+01 -1.194185e+00 
 3.165326e+01 -1.209515e+00 
 3.165358e+01 -1.213644e+00 
 3.165390e+01 -1.212015e+00 
 3.165423e+01 -1.208991e+00 
 3.165455e+01 -1.205058e+00 
 3.165487e+01 -1.199184e+00 
 3.165520e+01 -1.189688e+00 
 3.165552e+01 -1.176274e+00 
 3.165584e+01 -1.159159e+00 
 3.165616e+01 -1.135244e+00 
 3.165649e+01 -1.116476e+00 
 3.165681e+01 -1.070935e+00 
 3.165713e+01 -1.057034e+00 
 3.165746e+01 -1.044413e+00 
 3.165778e+01 -1.039460e+00 
 3.165810e+01 -1.036656e+00 
 3.165843e+01 -1.036186e+00 
 3.165875e+01 -1.038296e+00 
 3.165907e+01 -1.042184e+00 
 3.165939e+01 -1.027894e+00 
 3.165972e+01 -1.015526e+00 
 3.166004e+01 -1.027600e+00 
 3.166036e+01 -1.048870e+00 
 3.166069e+01 -1.069008e+00 
 3.166101e+01 -1.079460e+00 
 3.166133e+01 -1.092548e+00 
 3.166166e+01 -1.106065e+00 
 3.166198e+01 -1.119211e+00 
 3.166230e+01 -1.131215e+00 
 3.166262e+01 -1.142093e+00 
 3.166295e+01 -1.150146e+00 
 3.166327e+01 -1.153116e+00 
 3.166359e+01 -1.150262e+00 
 3.166392e+01 -1.139757e+00 
 3.166424e+01 -1.130441e+00 
 3.166456e+01 -1.119802e+00 
 3.166489e+01 -1.115206e+00 
 3.166521e+01 -1.124905e+00 
 3.166553e+01 -1.134512e+00 
 3.166585e+01 -1.134330e+00 
 3.166618e+01 -1.133511e+00 
 3.166650e+01 -1.127830e+00 
 3.166682e+01 -1.128857e+00 
 3.166715e+01 -1.099346e+00 
 3.166747e+01 -1.091945e+00 
 3.166779e+01 -1.086399e+00 
 3.166812e+01 -1.079516e+00 
 3.166844e+01 -1.070973e+00 
 3.166876e+01 -1.062762e+00 
 3.166908e+01 -1.053520e+00 
 3.166941e+01 -1.057214e+00 
 3.166973e+01 -1.066560e+00 
 3.167005e+01 -1.076942e+00 
 3.167038e+01 -1.097265e+00 
 3.167070e+01 -1.126571e+00 
 3.167102e+01 -1.150011e+00 
 3.167135e+01 -1.163082e+00 
 3.167167e+01 -1.170840e+00 
 3.167199e+01 -1.173693e+00 
 3.167231e+01 -1.170740e+00 
 3.167264e+01 -1.168379e+00 
 3.167296e+01 -1.167222e+00 
 3.167328e+01 -1.165494e+00 
 3.167361e+01 -1.117209e+00 
 3.167393e+01 -1.115723e+00 
 3.167425e+01 -1.117149e+00 
 3.167458e+01 -1.118897e+00 
 3.167490e+01 -1.120134e+00 
 3.167522e+01 -1.121309e+00 
 3.167554e+01 -1.120634e+00 
 3.167587e+01 -1.116635e+00 
 3.167619e+01 -1.103584e+00 
 3.167651e+01 -1.099255e+00 
 3.167684e+01 -1.096254e+00 
 3.167716e+01 -1.095349e+00 
 3.167748e+01 -1.093143e+00 
 3.167781e+01 -1.099507e+00 
 3.167813e+01 -1.080119e+00 
 3.167845e+01 -1.085484e+00 
 3.167877e+01 -1.092604e+00 
 3.167910e+01 -1.098529e+00 
 3.167942e+01 -1.101897e+00 
 3.167974e+01 -1.104408e+00 
 3.168007e+01 -1.105157e+00 
 3.168039e+01 -1.105635e+00 
 3.168071e+01 -1.111191e+00 
 3.168104e+01 -1.126144e+00 
 3.168136e+01 -1.140038e+00 
 3.168168e+01 -1.144166e+00 
 3.168200e+01 -1.148845e+00 
 3.168233e+01 -1.156445e+00 
 3.168265e+01 -1.162669e+00 
 3.168297e+01 -1.168720e+00 
 3.168330e+01 -1.172569e+00 
 3.168362e+01 -1.175110e+00 
 3.168394e+01 -1.175555e+00 
 3.168427e+01 -1.154331e+00 
 3.168459e+01 -1.153754e+00 
 3.168491e+01 -1.150235e+00 
 3.168523e+01 -1.152087e+00 
 3.168556e+01 -1.154312e+00 
 3.168588e+01 -1.159158e+00 
 3.168620e+01 -1.166547e+00 
 3.168653e+01 -1.175485e+00 
 3.168685e+01 -1.186620e+00 
 3.168717e+01 -1.199352e+00 
 3.168750e+01 -1.209257e+00 
 3.168782e+01 -1.217446e+00 
 3.168814e+01 -1.222951e+00 
 3.168846e+01 -1.240452e+00 
 3.168879e+01 -1.230369e+00 
 3.168911e+01 -1.233348e+00 
 3.168943e+01 -1.212051e+00 
 3.168976e+01 -1.212936e+00 
 3.169008e+01 -1.215480e+00 
 3.169040e+01 -1.216826e+00 
 3.169072e+01 -1.217282e+00 
 3.169105e+01 -1.218591e+00 
 3.169137e+01 -1.222311e+00 
 3.169169e+01 -1.228108e+00 
 3.169202e+01 -1.233746e+00 
 3.169234e+01 -1.236558e+00 
 3.169266e+01 -1.238243e+00 
 3.169299e+01 -1.239214e+00 
 3.169331e+01 -1.241208e+00 
 3.169363e+01 -1.243763e+00 
 3.169395e+01 -1.245282e+00 
 3.169428e+01 -1.246872e+00 
 3.169460e+01 -1.249165e+00 
 3.169492e+01 -1.251148e+00 
 3.169525e+01 -1.251181e+00 
 3.169557e+01 -1.234423e+00 
 3.169589e+01 -1.233622e+00 
 3.169622e+01 -1.239202e+00 
 3.169654e+01 -1.242192e+00 
 3.169686e+01 -1.244832e+00 
 3.169718e+01 -1.246767e+00 
 3.169751e+01 -1.247837e+00 
 3.169783e+01 -1.247899e+00 
 3.169815e+01 -1.248955e+00 
 3.169848e+01 -1.248715e+00 
 3.169880e+01 -1.248328e+00 
 3.169912e+01 -1.247026e+00 
 3.169945e+01 -1.246694e+00 
 3.169977e+01 -1.251478e+00 
 3.170009e+01 -1.257129e+00 
 3.170041e+01 -1.266597e+00 
 3.170074e+01 -1.276562e+00 
 3.170106e+01 -1.284438e+00 
 3.170138e+01 -1.288922e+00 
 3.170171e+01 -1.293009e+00 
 3.170203e+01 -1.297558e+00 
 3.170235e+01 -1.304284e+00 
 3.170268e+01 -1.312294e+00 
 3.170300e+01 -1.321462e+00 
 3.170332e+01 -1.330085e+00 
 3.170364e+01 -1.339297e+00 
 3.170397e+01 -1.351087e+00 
 3.170429e+01 -1.372549e+00 
 3.170461e+01 -1.396361e+00 
 3.170494e+01 -1.413073e+00 
 3.170526e+01 -1.412407e+00 
 3.170558e+01 -1.343686e+00 
 3.170591e+01 -1.340051e+00 
 3.170623e+01 -1.335034e+00 
 3.170655e+01 -1.335162e+00 
 3.170687e+01 -1.328580e+00 
 3.170720e+01 -1.315749e+00 
 3.170752e+01 -1.303360e+00 
 3.170784e+01 -1.292846e+00 
 3.170817e+01 -1.284260e+00 
 3.170849e+01 -1.277004e+00 
 3.170881e+01 -1.262169e+00 
 3.170914e+01 -1.256972e+00 
 3.170946e+01 -1.257643e+00 
 3.170978e+01 -1.257791e+00 
 3.171010e+01 -1.258347e+00 
 3.171043e+01 -1.260757e+00 
 3.171075e+01 -1.266815e+00 
 3.171107e+01 -1.274549e+00 
 3.171140e+01 -1.281171e+00 
 3.171172e+01 -1.291455e+00 
 3.171204e+01 -1.286513e+00 
 3.171237e+01 -1.304173e+00 
 3.171269e+01 -1.323023e+00 
 3.171301e+01 -1.339587e+00 
 3.171333e+01 -1.355028e+00 
 3.171366e+01 -1.385341e+00 
 3.171398e+01 -1.416005e+00 
 3.171430e+01 -1.435144e+00 
 3.171463e+01 -1.443358e+00 
 3.171495e+01 -1.449937e+00 
 3.171527e+01 -1.456799e+00 
 3.171560e+01 -1.461806e+00 
 3.171592e+01 -1.442575e+00 
 3.171624e+01 -1.391713e+00 
 3.171656e+01 -1.372696e+00 
 3.171689e+01 -1.353367e+00 
 3.171721e+01 -1.328530e+00 
 3.171753e+01 -1.300973e+00 
 3.171786e+01 -1.273694e+00 
 3.171818e+01 -1.246512e+00 
 3.171850e+01 -1.227797e+00 
 3.171883e+01 -1.214639e+00 
 3.171915e+01 -1.199100e+00 
 3.171947e+01 -1.192115e+00 
 3.171979e+01 -1.186549e+00 
 3.172012e+01 -1.180872e+00 
 3.172044e+01 -1.173099e+00 
 3.172076e+01 -1.164105e+00 
 3.172109e+01 -1.158638e+00 
 3.172141e+01 -1.159849e+00 
 3.172173e+01 -1.072211e+00 
 3.172206e+01 -1.076440e+00 
 3.172238e+01 -1.078003e+00 
 3.172270e+01 -1.080453e+00 
 3.172302e+01 -1.084302e+00 
 3.172335e+01 -1.090881e+00 
 3.172367e+01 -1.099119e+00 
 3.172399e+01 -1.106187e+00 
 3.172432e+01 -1.111646e+00 
 3.172464e+01 -1.114858e+00 
 3.172496e+01 -1.114930e+00 
 3.172529e+01 -1.111820e+00 
 3.172561e+01 -1.107843e+00 
 3.172593e+01 -1.106079e+00 
 3.172625e+01 -1.105345e+00 
 3.172658e+01 -1.104178e+00 
 3.172690e+01 -1.103413e+00 
 3.172722e+01 -1.103257e+00 
 3.172755e+01 -1.100094e+00 
 3.172787e+01 -1.108045e+00 
 3.172819e+01 -1.119162e+00 
 3.172852e+01 -1.130556e+00 
 3.172884e+01 -1.139689e+00 
 3.172916e+01 -1.144739e+00 
 3.172948e+01 -1.148677e+00 
 3.172981e+01 -1.153344e+00 
 3.173013e+01 -1.159894e+00 
 3.173045e+01 -1.168341e+00 
 3.173078e+01 -1.179671e+00 
 3.173110e+01 -1.194103e+00 
 3.173142e+01 -1.214266e+00 
 3.173174e+01 -1.235637e+00 
 3.173207e+01 -1.254929e+00 
 3.173239e+01 -1.271653e+00 
 3.173271e+01 -1.285990e+00 
 3.173304e+01 -1.295859e+00 
 3.173336e+01 -1.298879e+00 
 3.173368e+01 -1.296391e+00 
 3.173401e+01 -1.290857e+00 
 3.173433e+01 -1.285308e+00 
 3.173465e+01 -1.281723e+00 
 3.173497e+01 -1.279465e+00 
 3.173530e+01 -1.278373e+00 
 3.173562e+01 -1.277439e+00 
 3.173594e+01 -1.276230e+00 
 3.173627e+01 -1.274228e+00 
 3.173659e+01 -1.272093e+00 
 3.173691e+01 -1.268739e+00 
 3.173724e+01 -1.256227e+00 
 3.173756e+01 -1.246917e+00 
 3.173788e+01 -1.236451e+00 
 3.173820e+01 -1.226661e+00 
 3.173853e+01 -1.218936e+00 
 3.173885e+01 -1.213416e+00 
 3.173917e+01 -1.210673e+00 
 3.173950e+01 -1.209829e+00 
 3.173982e+01 -1.210128e+00 
 3.174014e+01 -1.211687e+00 
 3.174047e+01 -1.215192e+00 
 3.174079e+01 -1.218841e+00 
 3.174111e+01 -1.220066e+00 
 3.174143e+01 -1.224698e+00 
 3.174176e+01 -1.230780e+00 
 3.174208e+01 -1.234818e+00 
 3.174240e+01 -1.234904e+00 
 3.174273e+01 -1.231166e+00 
 3.174305e+01 -1.225763e+00 
 3.174337e+01 -1.220906e+00 
 3.174370e+01 -1.219392e+00 
 3.174402e+01 -1.221015e+00 
 3.174434e+01 -1.223762e+00 
 3.174466e+01 -1.226104e+00 
 3.174499e+01 -1.226364e+00 
 3.174531e+01 -1.224202e+00 
 3.174563e+01 -1.216284e+00 
 3.174596e+01 -1.206062e+00 
 3.174628e+01 -1.196815e+00 
 3.174660e+01 -1.186424e+00 
 3.174693e+01 -1.174342e+00 
 3.174725e+01 -1.167973e+00 
 3.174757e+01 -1.165278e+00 
 3.174789e+01 -1.166300e+00 
 3.174822e+01 -1.171474e+00 
 3.174854e+01 -1.180272e+00 
 3.174886e+01 -1.189478e+00 
 3.174919e+01 -1.195989e+00 
 3.174951e+01 -1.197750e+00 
 3.174983e+01 -1.196181e+00 
 3.175016e+01 -1.193112e+00 
 3.175048e+01 -1.189836e+00 
 3.175080e+01 -1.186337e+00 
 3.175112e+01 -1.181325e+00 
 3.175145e+01 -1.176160e+00 
 3.175177e+01 -1.172239e+00 
 3.175209e+01 -1.171841e+00 
 3.175242e+01 -1.174550e+00 
 3.175274e+01 -1.178948e+00 
 3.175306e+01 -1.184012e+00 
 3.175339e+01 -1.189907e+00 
 3.175371e+01 -1.195838e+00 
 3.175403e+01 -1.206167e+00 
 3.175435e+01 -1.214109e+00 
 3.175468e+01 -1.221717e+00 
 3.175500e+01 -1.228958e+00 
 3.175532e+01 -1.235655e+00 
 3.175565e+01 -1.242141e+00 
 3.175597e+01 -1.248242e+00 
 3.175629e+01 -1.255352e+00 
 3.175662e+01 -1.264659e+00 
 3.175694e+01 -1.276175e+00 
 3.175726e+01 -1.290527e+00 
 3.175758e+01 -1.304298e+00 
 3.175791e+01 -1.315218e+00 
 3.175823e+01 -1.323005e+00 
 3.175855e+01 -1.329164e+00 
 3.175888e+01 -1.333536e+00 
 3.175920e+01 -1.286316e+00 
 3.175952e+01 -1.285477e+00 
 3.175985e+01 -1.284798e+00 
 3.176017e+01 -1.284857e+00 
 3.176049e+01 -1.285512e+00 
 3.176081e+01 -1.285316e+00 
 3.176114e+01 -1.285302e+00 
 3.176146e+01 -1.284899e+00 
 3.176178e+01 -1.283114e+00 
 3.176211e+01 -1.280131e+00 
 3.176243e+01 -1.276011e+00 
 3.176275e+01 -1.270310e+00 
 3.176308e+01 -1.263060e+00 
 3.176340e+01 -1.255202e+00 
 3.176372e+01 -1.248983e+00 
 3.176404e+01 -1.244217e+00 
 3.176437e+01 -1.241276e+00 
 3.176469e+01 -1.239663e+00 
 3.176501e+01 -1.238202e+00 
 3.176534e+01 -1.236789e+00 
 3.176566e+01 -1.234970e+00 
 3.176598e+01 -1.232815e+00 
 3.176631e+01 -1.230570e+00 
 3.176663e+01 -1.228145e+00 
 3.176695e+01 -1.224570e+00 
 3.176727e+01 -1.214392e+00 
 3.176760e+01 -1.207714e+00 
 3.176792e+01 -1.196772e+00 
 3.176824e+01 -1.186966e+00 
 3.176857e+01 -1.176547e+00 
 3.176889e+01 -1.165937e+00 
 3.176921e+01 -1.155608e+00 
 3.176953e+01 -1.145567e+00 
 3.176986e+01 -1.135541e+00 
 3.177018e+01 -1.125828e+00 
 3.177050e+01 -1.116278e+00 
 3.177083e+01 -1.106359e+00 
 3.177115e+01 -1.092454e+00 
 3.177147e+01 -1.081483e+00 
 3.177180e+01 -1.070634e+00 
 3.177212e+01 -1.062648e+00 
 3.177244e+01 -1.058204e+00 
 3.177276e+01 -1.040811e+00 
 3.177309e+01 -1.041630e+00 
 3.177341e+01 -1.044371e+00 
 3.177373e+01 -1.047777e+00 
 3.177406e+01 -1.051353e+00 
 3.177438e+01 -1.055300e+00 
 3.177470e+01 -1.060362e+00 
 3.177503e+01 -1.065349e+00 
 3.177535e+01 -1.070398e+00 
 3.177567e+01 -1.074966e+00 
 3.177599e+01 -1.080840e+00 
 3.177632e+01 -1.089153e+00 
 3.177664e+01 -1.099936e+00 
 3.177696e+01 -1.113920e+00 
 3.177729e+01 -1.132352e+00 
 3.177761e+01 -1.150803e+00 
 3.177793e+01 -1.166156e+00 
 3.177826e+01 -1.178412e+00 
 3.177858e+01 -1.189692e+00 
 3.177890e+01 -1.199141e+00 
 3.177922e+01 -1.206981e+00 
 3.177955e+01 -1.213779e+00 
 3.177987e+01 -1.221909e+00 
 3.178019e+01 -1.230479e+00 
 3.178052e+01 -1.233633e+00 
 3.178084e+01 -1.244496e+00 
 3.178116e+01 -1.256924e+00 
 3.178149e+01 -1.269496e+00 
 3.178181e+01 -1.281548e+00 
 3.178213e+01 -1.296657e+00 
 3.178245e+01 -1.312217e+00 
 3.178278e+01 -1.323539e+00 
 3.178310e+01 -1.336835e+00 
 3.178342e+01 -1.350241e+00 
 3.178375e+01 -1.363109e+00 
 3.178407e+01 -1.373212e+00 
 3.178439e+01 -1.381903e+00 
 3.178472e+01 -1.389957e+00 
 3.178504e+01 -1.399219e+00 
 3.178536e+01 -1.410296e+00 
 3.178568e+01 -1.421682e+00 
 3.178601e+01 -1.432290e+00 
 3.178633e+01 -1.441658e+00 
 3.178665e+01 -1.444943e+00 
 3.178698e+01 -1.451439e+00 
 3.178730e+01 -1.459215e+00 
 3.178762e+01 -1.465760e+00 
 3.178795e+01 -1.470389e+00 
 3.178827e+01 -1.472608e+00 
 3.178859e+01 -1.475373e+00 
 3.178891e+01 -1.458179e+00 
 3.178924e+01 -1.461418e+00 
 3.178956e+01 -1.466218e+00 
 3.178988e+01 -1.471650e+00 
 3.179021e+01 -1.477875e+00 
 3.179053e+01 -1.484614e+00 
 3.179085e+01 -1.490011e+00 
 3.179118e+01 -1.495066e+00 
 3.179150e+01 -1.498918e+00 
 3.179182e+01 -1.502600e+00 
 3.179214e+01 -1.511508e+00 
 3.179247e+01 -1.523718e+00 
 3.179279e+01 -1.513444e+00 
 3.179311e+01 -1.524010e+00 
 3.179344e+01 -1.532533e+00 
 3.179376e+01 -1.538422e+00 
 3.179408e+01 -1.529719e+00 
 3.179441e+01 -1.529330e+00 
 3.179473e+01 -1.521919e+00 
 3.179505e+01 -1.519524e+00 
 3.179537e+01 -1.517838e+00 
 3.179570e+01 -1.516981e+00 
 3.179602e+01 -1.517226e+00 
 3.179634e+01 -1.517811e+00 
 3.179667e+01 -1.517650e+00 
 3.179699e+01 -1.520030e+00 
 3.179731e+01 -1.525124e+00 
 3.179764e+01 -1.530251e+00 
 3.179796e+01 -1.533587e+00 
 3.179828e+01 -1.535264e+00 
 3.179860e+01 -1.535407e+00 
 3.179893e+01 -1.532199e+00 
 3.179925e+01 -1.530869e+00 
 3.179957e+01 -1.529958e+00 
 3.179990e+01 -1.529431e+00 
 3.180022e+01 -1.530880e+00 
 3.180054e+01 -1.526964e+00 
 3.180087e+01 -1.530989e+00 
 3.180119e+01 -1.536432e+00 
 3.180151e+01 -1.542126e+00 
 3.180183e+01 -1.547878e+00 
 3.180216e+01 -1.556342e+00 
 3.180248e+01 -1.566783e+00 
 3.180280e+01 -1.577401e+00 
 3.180313e+01 -1.585429e+00 
 3.180345e+01 -1.590824e+00 
 3.180377e+01 -1.594473e+00 
 3.180410e+01 -1.596621e+00 
 3.180442e+01 -1.598269e+00 
 3.180474e+01 -1.602514e+00 
 3.180506e+01 -1.610724e+00 
 3.180539e+01 -1.621559e+00 
 3.180571e+01 -1.633198e+00 
 3.180603e+01 -1.645650e+00 
 3.180636e+01 -1.657078e+00 
 3.180668e+01 -1.665943e+00 
 3.180700e+01 -1.674704e+00 
 3.180733e+01 -1.682866e+00 
 3.180765e+01 -1.694178e+00 
 3.180797e+01 -1.703724e+00 
 3.180829e+01 -1.712165e+00 
 3.180862e+01 -1.719268e+00 
 3.180894e+01 -1.722046e+00 
 3.180926e+01 -1.728356e+00 
 3.180959e+01 -1.736545e+00 
 3.180991e+01 -1.745603e+00 
 3.181023e+01 -1.755743e+00 
 3.181055e+01 -1.766374e+00 
 3.181088e+01 -1.776251e+00 
 3.181120e+01 -1.783794e+00 
 3.181152e+01 -1.787534e+00 
 3.181185e+01 -1.788278e+00 
 3.181217e+01 -1.784381e+00 
 3.181249e+01 -1.775584e+00 
 3.181282e+01 -1.761515e+00 
 3.181314e+01 -1.741128e+00 
 3.181346e+01 -1.715083e+00 
 3.181378e+01 -1.685119e+00 
 3.181411e+01 -1.653399e+00 
 3.181443e+01 -1.622938e+00 
 3.181475e+01 -1.593541e+00 
 3.181508e+01 -1.564015e+00 
 3.181540e+01 -1.536642e+00 
 3.181572e+01 -1.509584e+00 
 3.181605e+01 -1.483854e+00 
 3.181637e+01 -1.457309e+00 
 3.181669e+01 -1.428877e+00 
 3.181701e+01 -1.398905e+00 
 3.181734e+01 -1.354108e+00 
 3.181766e+01 -1.331029e+00 
 3.181798e+01 -1.307060e+00 
 3.181831e+01 -1.288587e+00 
 3.181863e+01 -1.280858e+00 
 3.181895e+01 -1.271490e+00 
 3.181928e+01 -1.264293e+00 
 3.181960e+01 -1.262739e+00 
 3.181992e+01 -1.262815e+00 
 3.182024e+01 -1.264491e+00 
 3.182057e+01 -1.265985e+00 
 3.182089e+01 -1.268348e+00 
 3.182121e+01 -1.271170e+00 
 3.182154e+01 -1.271714e+00 
 3.182186e+01 -1.269128e+00 
 3.182218e+01 -1.263384e+00 
 3.182251e+01 -1.256489e+00 
 3.182283e+01 -1.249058e+00 
 3.182315e+01 -1.242018e+00 
 3.182347e+01 -1.233137e+00 
 3.182380e+01 -1.221742e+00 
 3.182412e+01 -1.209701e+00 
 3.182444e+01 -1.197109e+00 
 3.182477e+01 -1.185103e+00 
 3.182509e+01 -1.174467e+00 
 3.182541e+01 -1.164750e+00 
 3.182574e+01 -1.155574e+00 
 3.182606e+01 -1.147821e+00 
 3.182638e+01 -1.142782e+00 
 3.182670e+01 -1.141550e+00 
 3.182703e+01 -1.141561e+00 
 3.182735e+01 -1.142030e+00 
 3.182767e+01 -1.149793e+00 
 3.182800e+01 -1.160933e+00 
 3.182832e+01 -1.172864e+00 
 3.182864e+01 -1.182376e+00 
 3.182897e+01 -1.187092e+00 
 3.182929e+01 -1.186950e+00 
 3.182961e+01 -1.184303e+00 
 3.182993e+01 -1.182315e+00 
 3.183026e+01 -1.179878e+00 
 3.183058e+01 -1.172455e+00 
 3.183090e+01 -1.163393e+00 
 3.183123e+01 -1.153624e+00 
 3.183155e+01 -1.144959e+00 
 3.183187e+01 -1.137573e+00 
 3.183220e+01 -1.125549e+00 
 3.183252e+01 -1.113676e+00 
 3.183284e+01 -1.106566e+00 
 3.183316e+01 -1.103241e+00 
 3.183349e+01 -1.103855e+00 
 3.183381e+01 -1.110038e+00 
 3.183413e+01 -1.120119e+00 
 3.183446e+01 -1.129559e+00 
 3.183478e+01 -1.158770e+00 
 3.183510e+01 -1.172593e+00 
 3.183543e+01 -1.188287e+00 
 3.183575e+01 -1.200848e+00 
 3.183607e+01 -1.215801e+00 
 3.183639e+01 -1.227154e+00 
 3.183672e+01 -1.240390e+00 
 3.183704e+01 -1.253355e+00 
 3.183736e+01 -1.252557e+00 
 3.183769e+01 -1.255590e+00 
 3.183801e+01 -1.251607e+00 
 3.183833e+01 -1.255761e+00 
 3.183866e+01 -1.248890e+00 
 3.183898e+01 -1.291871e+00 
 3.183930e+01 -1.281207e+00 
 3.183962e+01 -1.269960e+00 
 3.183995e+01 -1.255610e+00 
 3.184027e+01 -1.242256e+00 
 3.184059e+01 -1.226886e+00 
 3.184092e+01 -1.210685e+00 
 3.184124e+01 -1.192216e+00 
 3.184156e+01 -1.172385e+00 
 3.184188e+01 -1.154735e+00 
 3.184221e+01 -1.130493e+00 
 3.184253e+01 -1.105179e+00 
 3.184285e+01 -1.081302e+00 
 3.184318e+01 -1.065153e+00 
 3.184350e+01 -1.047021e+00 
 3.184382e+01 -1.034012e+00 
 3.184415e+01 -1.019729e+00 
 3.184447e+01 -1.008823e+00 
 3.184479e+01 -9.945601e-01 
 3.184511e+01 -9.850772e-01 
 3.184544e+01 -9.714150e-01 
 3.184576e+01 -9.592966e-01 
 3.184608e+01 -9.434628e-01 
 3.184641e+01 -9.265340e-01 
 3.184673e+01 -9.085544e-01 
 3.184705e+01 -8.878641e-01 
 3.184738e+01 -8.688375e-01 
 3.184770e+01 -8.425395e-01 
 3.184802e+01 -8.189082e-01 
 3.184834e+01 -7.931061e-01 
 3.184867e+01 -7.711830e-01 
 3.184899e+01 -7.624985e-01 
 3.184931e+01 -7.386387e-01 
 3.184964e+01 -7.144420e-01 
 3.184996e+01 -6.915137e-01 
 3.185028e+01 -6.698334e-01 
 3.185061e+01 -6.483993e-01 
 3.185093e+01 -6.321829e-01 
 3.185125e+01 -6.146502e-01 
 3.185157e+01 -6.005798e-01 
 3.185190e+01 -5.884684e-01 
 3.185222e+01 -5.827165e-01 
 3.185254e+01 -5.719693e-01 
 3.185287e+01 -5.630272e-01 
 3.185319e+01 -5.621384e-01 
 3.185351e+01 -5.677068e-01 
 3.185384e+01 -5.799066e-01 
 3.185416e+01 -5.941263e-01 
 3.185448e+01 -6.085064e-01 
 3.185480e+01 -6.232351e-01 
 3.185513e+01 -6.355530e-01 
 3.185545e+01 -6.468387e-01 
 3.185577e+01 -6.518628e-01 
 3.185610e+01 -6.836669e-01 
 3.185642e+01 -6.863216e-01 
 3.185674e+01 -7.091075e-01 
 3.185707e+01 -7.141636e-01 
 3.185739e+01 -7.137708e-01 
 3.185771e+01 -7.118995e-01 
 3.185803e+01 -7.026648e-01 
 3.185836e+01 -6.928379e-01 
 3.185868e+01 -6.866163e-01 
 3.185900e+01 -6.773677e-01 
 3.185933e+01 -6.594128e-01 
 3.185965e+01 -6.442235e-01 
 3.185997e+01 -6.335215e-01 
 3.186030e+01 -6.078734e-01 
 3.186062e+01 -5.891807e-01 
 3.186094e+01 -5.805231e-01 
 3.186126e+01 -5.702163e-01 
 3.186159e+01 -5.636018e-01 
 3.186191e+01 -5.564318e-01 
 3.186223e+01 -5.535348e-01 
 3.186256e+01 -5.488330e-01 
 3.186288e+01 -5.736315e-01 
 3.186320e+01 -5.706125e-01 
 3.186353e+01 -5.935723e-01 
 3.186385e+01 -5.997292e-01 
 3.186417e+01 -6.013649e-01 
 3.186449e+01 -6.265173e-01 
 3.186482e+01 -6.225376e-01 
 3.186514e+01 -6.273019e-01 
 3.186546e+01 -6.322992e-01 
 3.186579e+01 -6.134686e-01 
 3.186611e+01 -5.865915e-01 
 3.186643e+01 -5.547128e-01 
 3.186676e+01 -5.181865e-01 
 3.186708e+01 -4.775958e-01 
 3.186740e+01 -4.498022e-01 
 3.186772e+01 -4.222907e-01 
 3.186805e+01 -3.916371e-01 
 3.186837e+01 -3.611324e-01 
 3.186869e+01 -3.366145e-01 
 3.186902e+01 -3.194451e-01 
 3.186934e+01 -3.080367e-01 
 3.186966e+01 -2.971930e-01 
 3.186998e+01 -2.841197e-01 
 3.187031e+01 -2.718703e-01 
 3.187063e+01 -2.596122e-01 
 3.187095e+01 -2.451805e-01 
 3.187128e+01 -2.287421e-01 
 3.187160e+01 -2.413503e-01 
 3.187192e+01 -2.942223e-01 
 3.187225e+01 -2.850380e-01 
 3.187257e+01 -2.806284e-01 
 3.187289e+01 -2.856889e-01 
 3.187321e+01 -2.860243e-01 
 3.187354e+01 -2.865235e-01 
 3.187386e+01 -2.834160e-01 
 3.187418e+01 -2.785009e-01 
 3.187451e+01 -2.717511e-01 
 3.187483e+01 -2.573327e-01 
 3.187515e+01 -2.367110e-01 
 3.187548e+01 -2.170286e-01 
 3.187580e+01 -2.070328e-01 
 3.187612e+01 -1.706083e-01 
 3.187644e+01 -1.458422e-01 
 3.187677e+01 -1.423729e-01 
 3.187709e+01 -1.396300e-01 
 3.187741e+01 -1.371190e-01 
 3.187774e+01 -1.434724e-01 
 3.187806e+01 -1.509425e-01 
 3.187838e+01 -1.628648e-01 
 3.187871e+01 -1.651991e-01 
 3.187903e+01 -1.709495e-01 
 3.187935e+01 -1.832427e-01 
 3.187967e+01 -1.973004e-01 
 3.188000e+01 -2.131348e-01 
 3.188032e+01 -2.294242e-01 
 3.188064e+01 -2.500384e-01 
 3.188097e+01 -2.775322e-01 
 3.188129e+01 -3.044031e-01 
 3.188161e+01 -3.273240e-01 
 3.188194e+01 -3.507128e-01 
 3.188226e+01 -3.712182e-01 
 3.188258e+01 -3.920237e-01 
 3.188290e+01 -4.127056e-01 
 3.188323e+01 -4.295278e-01 
 3.188355e+01 -4.420324e-01 
 3.188387e+01 -4.503681e-01 
 3.188420e+01 -4.618474e-01 
 3.188452e+01 -4.764014e-01 
 3.188484e+01 -4.902918e-01 
 3.188517e+01 -4.968799e-01 
 3.188549e+01 -5.084619e-01 
 3.188581e+01 -5.179099e-01 
 3.188613e+01 -5.311053e-01 
 3.188646e+01 -5.448407e-01 
 3.188678e+01 -5.583728e-01 
 3.188710e+01 -5.651800e-01 
 3.188743e+01 -5.713393e-01 
 3.188775e+01 -5.768934e-01 
 3.188807e+01 -5.832037e-01 
 3.188840e+01 -5.887442e-01 
 3.188872e+01 -5.952434e-01 
 3.188904e+01 -6.007890e-01 
 3.188936e+01 -6.067350e-01 
 3.188969e+01 -6.135534e-01 
 3.189001e+01 -6.103378e-01 
 3.189033e+01 -6.057661e-01 
 3.189066e+01 -5.967944e-01 
 3.189098e+01 -5.866049e-01 
 3.189130e+01 -5.729140e-01 
 3.189163e+01 -5.570990e-01 
 3.189195e+01 -5.377457e-01 
 3.189227e+01 -5.172589e-01 
 3.189259e+01 -4.943084e-01 
 3.189292e+01 -4.811964e-01 
 3.189324e+01 -4.535157e-01 
 3.189356e+01 -4.242748e-01 
 3.189389e+01 -3.933923e-01 
 3.189421e+01 -3.638854e-01 
 3.189453e+01 -3.346492e-01 
 3.189486e+01 -3.090915e-01 
 3.189518e+01 -2.804495e-01 
 3.189550e+01 -2.536269e-01 
 3.189582e+01 -2.273373e-01 
 3.189615e+01 -2.065938e-01 
 3.189647e+01 -1.869471e-01 
 3.189679e+01 -2.041942e-01 
 3.189712e+01 -2.075348e-01 
 3.189744e+01 -2.077062e-01 
 3.189776e+01 -2.475438e-01 
 3.189808e+01 -2.527746e-01 
 3.189841e+01 -2.534073e-01 
 3.189873e+01 -2.518899e-01 
 3.189905e+01 -2.470611e-01 
 3.189938e+01 -3.241442e-01 
 3.189970e+01 -3.031319e-01 
 3.190002e+01 -2.804401e-01 
 3.190035e+01 -2.534763e-01 
 3.190067e+01 -2.272119e-01 
 3.190099e+01 -1.988952e-01 
 3.190131e+01 -1.683590e-01 
 3.190164e+01 -1.402735e-01 
 3.190196e+01 -1.109378e-01 
 3.190228e+01 -7.622342e-02 
 3.190261e+01 -2.786955e-02 
 3.190293e+01 -1.088603e-03 
 3.190325e+01 -4.238959e-04 
 3.190358e+01  2.067250e-02 
 3.190390e+01  3.974378e-02 
 3.190422e+01  5.520768e-02 
 3.190454e+01  6.820692e-02 
 3.190487e+01  7.643036e-02 
 3.190519e+01  3.951154e-02 
 3.190551e+01  4.361393e-02 
 3.190584e+01  4.580889e-02 
 3.190616e+01  4.158539e-02 
 3.190648e+01  4.069608e-02 
 3.190681e+01  3.724591e-02 
 3.190713e+01  3.492759e-02 
 3.190745e+01  3.781932e-02 
 3.190777e+01  4.436911e-02 
 3.190810e+01  5.310916e-02 
 3.190842e+01  5.914470e-02 
 3.190874e+01  6.368582e-02 
 3.190907e+01  6.774460e-02 
 3.190939e+01  7.279290e-02 
 3.190971e+01  7.909109e-02 
 3.191004e+01  8.589575e-02 
 3.191036e+01  9.375984e-02 
 3.191068e+01  1.038643e-01 
 3.191100e+01  1.132459e-01 
 3.191133e+01  1.226477e-01 
 3.191165e+01  1.322906e-01 
 3.191197e+01  1.412775e-01 
 3.191230e+01  1.522385e-01 
 3.191262e+01  1.637276e-01 
 3.191294e+01  1.755971e-01 
 3.191327e+01  1.666505e-01 
 3.191359e+01  1.668889e-01 
 3.191391e+01  1.638991e-01 
 3.191423e+01  1.579809e-01 
 3.191456e+01  1.490951e-01 
 3.191488e+01  1.346791e-01 
 3.191520e+01  1.255127e-01 
 3.191553e+01  1.166193e-01 
 3.191585e+01  1.082254e-01 
 3.191617e+01  1.005771e-01 
 3.191650e+01  9.442569e-02 
 3.191682e+01  6.286901e-02 
 3.191714e+01  5.599732e-02 
 3.191746e+01  4.850176e-02 
 3.191779e+01  4.517474e-02 
 3.191811e+01  4.017625e-02 
 3.191843e+01  3.555254e-02 
 3.191876e+01  2.826113e-02 
 3.191908e+01  2.510656e-02 
 3.191940e+01  2.442984e-02 
 3.191973e+01  2.973362e-02 
 3.192005e+01  3.819452e-02 
 3.192037e+01  4.419110e-02 
 3.192069e+01  4.565293e-02 
 3.192102e+01  4.770145e-02 
 3.192134e+01  4.864712e-02 
 3.192166e+01  4.913835e-02 
 3.192199e+01  4.286101e-02 
 3.192231e+01  3.608513e-02 
 3.192263e+01  4.835626e-02 
 3.192296e+01  5.601679e-02 
 3.192328e+01  5.320845e-02 
 3.192360e+01  5.190718e-02 
 3.192392e+01  5.024945e-02 
 3.192425e+01  3.043949e-02 
 3.192457e+01 -3.677679e-03 
 3.192489e+01 -1.487161e-02 
 3.192522e+01 -2.174323e-02 
 3.192554e+01 -4.279989e-02 
 3.192586e+01 -5.592417e-02 
 3.192619e+01 -7.281493e-02 
 3.192651e+01 -8.084110e-02 
 3.192683e+01 -9.087193e-02 
 3.192715e+01 -9.401640e-02 
 3.192748e+01 -9.162990e-02 
 3.192780e+01 -8.248675e-02 
 3.192812e+01 -6.699981e-02 
 3.192845e+01 -5.087053e-02 
 3.192877e+01 -8.805201e-02 
 3.192909e+01 -8.234505e-02 
 3.192941e+01 -7.927551e-02 
 3.192974e+01 -8.109820e-02 
 3.193006e+01 -8.112555e-02 
 3.193038e+01 -7.935090e-02 
 3.193071e+01 -6.992476e-02 
 3.193103e+01 -4.125928e-02 
 3.193135e+01 -2.457697e-02 
 3.193168e+01 -1.168617e-02 
 3.193200e+01 -3.107968e-03 
 3.193232e+01  2.424348e-03 
 3.193264e+01  4.165757e-03 
 3.193297e+01 -1.709178e-03 
 3.193329e+01 -1.952736e-02 
 3.193361e+01 -4.233208e-02 
 3.193394e+01 -7.230636e-02 
 3.193426e+01 -1.057529e-01 
 3.193458e+01 -1.470420e-01 
 3.193491e+01 -1.765357e-01 
 3.193523e+01 -2.395321e-01 
 3.193555e+01 -2.538278e-01 
 3.193587e+01 -2.623814e-01 
 3.193620e+01 -2.712430e-01 
 3.193652e+01 -2.726564e-01 
 3.193684e+01 -2.766307e-01 
 3.193717e+01 -2.845037e-01 
 3.193749e+01 -2.956112e-01 
 3.193781e+01 -3.056921e-01 
 3.193814e+01 -3.169726e-01 
 3.193846e+01 -3.109388e-01 
 3.193878e+01 -2.967115e-01 
 3.193910e+01 -2.973764e-01 
 3.193943e+01 -2.977273e-01 
 3.193975e+01 -2.972699e-01 
 3.194007e+01 -2.934590e-01 
 3.194040e+01 -2.885403e-01 
 3.194072e+01 -2.877336e-01 
 3.194104e+01 -2.931969e-01 
 3.194137e+01 -3.024268e-01 
 3.194169e+01 -3.140393e-01 
 3.194201e+01 -3.272513e-01 
 3.194233e+01 -3.422775e-01 
 3.194266e+01 -3.564922e-01 
 3.194298e+01 -3.679045e-01 
 3.194330e+01 -3.743335e-01 
 3.194363e+01 -3.741344e-01 
 3.194395e+01 -3.763553e-01 
 3.194427e+01 -3.836936e-01 
 3.194460e+01 -4.008219e-01 
 3.194492e+01 -3.940974e-01 
 3.194524e+01 -3.895049e-01 
 3.194556e+01 -3.912848e-01 
 3.194589e+01 -4.362112e-01 
 3.194621e+01 -4.352929e-01 
 3.194653e+01 -4.142456e-01 
 3.194686e+01 -3.822411e-01 
 3.194718e+01 -3.648237e-01 
 3.194750e+01 -3.447548e-01 
 3.194783e+01 -3.283994e-01 
 3.194815e+01 -3.088375e-01 
 3.194847e+01 -2.874741e-01 
 3.194879e+01 -2.681278e-01 
 3.194912e+01 -3.016682e-01 
 3.194944e+01 -2.999591e-01 
 3.194976e+01 -3.051934e-01 
 3.195009e+01 -3.143987e-01 
 3.195041e+01 -3.235505e-01 
 3.195073e+01 -3.311423e-01 
 3.195106e+01 -3.365444e-01 
 3.195138e+01 -3.364904e-01 
 3.195170e+01 -3.344060e-01 
 3.195202e+01 -3.250061e-01 
 3.195235e+01 -3.495017e-01 
 3.195267e+01 -3.386958e-01 
 3.195299e+01 -3.238702e-01 
 3.195332e+01 -3.101981e-01 
 3.195364e+01 -2.970840e-01 
 3.195396e+01 -2.860431e-01 
 3.195429e+01 -2.734111e-01 
 3.195461e+01 -2.552678e-01 
 3.195493e+01 -2.294632e-01 
 3.195525e+01 -1.968931e-01 
 3.195558e+01 -1.582302e-01 
 3.195590e+01 -1.159954e-01 
 3.195622e+01 -7.137453e-02 
 3.195655e+01 -1.319256e-02 
 3.195687e+01  3.809050e-02 
 3.195719e+01  6.312224e-02 
 3.195752e+01  7.525205e-02 
 3.195784e+01  8.028580e-02 
 3.195816e+01  8.098559e-02 
 3.195848e+01  5.317485e-02 
 3.195881e+01  4.611594e-02 
 3.195913e+01  3.822570e-02 
 3.195945e+01  2.927823e-02 
 3.195978e+01  1.878610e-02 
 3.196010e+01 -1.874334e-04 
 3.196042e+01 -5.439856e-02 
 3.196074e+01 -6.943242e-02 
 3.196107e+01 -7.980004e-02 
 3.196139e+01 -9.176151e-02 
 3.196171e+01 -1.069458e-01 
 3.196204e+01 -1.245431e-01 
 3.196236e+01 -1.404528e-01 
 3.196268e+01 -1.533745e-01 
 3.196301e+01 -1.642592e-01 
 3.196333e+01 -1.759933e-01 
 3.196365e+01 -1.844254e-01 
 3.196397e+01 -1.840812e-01 
 3.196430e+01 -1.800555e-01 
 3.196462e+01 -1.768192e-01 
 3.196494e+01 -1.792887e-01 
 3.196527e+01 -1.762886e-01 
 3.196559e+01 -1.576835e-01 
 3.196591e+01 -1.486682e-01 
 3.196624e+01 -1.558808e-01 
 3.196656e+01 -1.664183e-01 
 3.196688e+01 -1.766311e-01 
 3.196720e+01 -1.887499e-01 
 3.196753e+01 -2.081112e-01 
 3.196785e+01 -2.243231e-01 
 3.196817e+01 -2.422935e-01 
 3.196850e+01 -2.613239e-01 
 3.196882e+01 -2.807758e-01 
 3.196914e+01 -3.009116e-01 
 3.196947e+01 -3.307422e-01 
 3.196979e+01 -3.953765e-01 
 3.197011e+01 -4.235000e-01 
 3.197043e+01 -4.448208e-01 
 3.197076e+01 -4.616609e-01 
 3.197108e+01 -4.735141e-01 
 3.197140e+01 -4.807746e-01 
 3.197173e+01 -4.820051e-01 
 3.197205e+01 -4.768049e-01 
 3.197237e+01 -4.659276e-01 
 3.197270e+01 -4.512715e-01 
 3.197302e+01 -4.340602e-01 
 3.197334e+01 -4.137090e-01 
 3.197366e+01 -3.735606e-01 
 3.197399e+01 -3.420712e-01 
 3.197431e+01 -3.300665e-01 
 3.197463e+01 -3.212310e-01 
 3.197496e+01 -3.120288e-01 
 3.197528e+01 -3.072542e-01 
 3.197560e+01 -3.056510e-01 
 3.197593e+01 -3.067142e-01 
 3.197625e+01 -3.092811e-01 
 3.197657e+01 -3.153970e-01 
 3.197689e+01 -3.260031e-01 
 3.197722e+01 -3.397425e-01 
 3.197754e+01 -3.551695e-01 
 3.197786e+01 -3.732753e-01 
 3.197819e+01 -3.949578e-01 
 3.197851e+01 -4.132196e-01 
 3.197883e+01 -4.343392e-01 
 3.197916e+01 -4.510084e-01 
 3.197948e+01 -5.004690e-01 
 3.197980e+01 -5.128971e-01 
 3.198012e+01 -5.178541e-01 
 3.198045e+01 -5.218247e-01 
 3.198077e+01 -5.151395e-01 
 3.198109e+01 -5.044481e-01 
 3.198142e+01 -4.841725e-01 
 3.198174e+01 -4.626374e-01 
 3.198206e+01 -4.222032e-01 
 3.198239e+01 -3.870586e-01 
 3.198271e+01 -3.681409e-01 
 3.198303e+01 -3.535266e-01 
 3.198335e+01 -3.425601e-01 
 3.198368e+01 -3.338464e-01 
 3.198400e+01 -3.271437e-01 
 3.198432e+01 -3.219352e-01 
 3.198465e+01 -3.170742e-01 
 3.198497e+01 -3.181813e-01 
 3.198529e+01 -3.220072e-01 
 3.198562e+01 -3.354745e-01 
 3.198594e+01 -3.499636e-01 
 3.198626e+01 -3.674349e-01 
 3.198658e+01 -3.864885e-01 
 3.198691e+01 -4.063159e-01 
 3.198723e+01 -4.287807e-01 
 3.198755e+01 -4.488645e-01 
 3.198788e+01 -4.762090e-01 
 3.198820e+01 -5.402974e-01 
 3.198852e+01 -5.588160e-01 
 3.198885e+01 -5.765588e-01 
 3.198917e+01 -5.837106e-01 
 3.198949e+01 -5.870654e-01 
 3.198981e+01 -5.917047e-01 
 3.199014e+01 -5.866401e-01 
 3.199046e+01 -5.755832e-01 
 3.199078e+01 -5.356123e-01 
 3.199111e+01 -4.967085e-01 
 3.199143e+01 -4.761959e-01 
 3.199175e+01 -4.580923e-01 
 3.199207e+01 -4.403586e-01 
 3.199240e+01 -4.236087e-01 
 3.199272e+01 -4.079085e-01 
 3.199304e+01 -3.972374e-01 
 3.199337e+01 -3.926868e-01 
 3.199369e+01 -3.932156e-01 
 3.199401e+01 -3.972104e-01 
 3.199434e+01 -4.044020e-01 
 3.199466e+01 -4.125613e-01 
 3.199498e+01 -4.203608e-01 
 3.199530e+01 -4.280394e-01 
 3.199563e+01 -4.345688e-01 
 3.199595e+01 -4.666675e-01 
 3.199627e+01 -4.846634e-01 
 3.199660e+01 -5.341335e-01 
 3.199692e+01 -5.351750e-01 
 3.199724e+01 -5.345724e-01 
 3.199757e+01 -5.349835e-01 
 3.199789e+01 -5.312922e-01 
 3.199821e+01 -5.209439e-01 
 3.199853e+01 -5.059621e-01 
 3.199886e+01 -4.816683e-01 
 3.199918e+01 -4.495578e-01 
 3.199950e+01 -4.141011e-01 
 3.199983e+01 -3.783438e-01 
 3.200015e+01 -3.309623e-01 
 3.200047e+01 -2.723470e-01 
 3.200080e+01 -2.393952e-01 
 3.200112e+01 -2.159050e-01 
 3.200144e+01 -1.962026e-01 
 3.200176e+01 -1.809165e-01 
 3.200209e+01 -1.701584e-01 
 3.200241e+01 -1.629918e-01 
 3.200273e+01 -1.590402e-01 
 3.200306e+01 -1.550445e-01 
 3.200338e+01 -1.495411e-01 
 3.200370e+01 -1.436896e-01 
 3.200403e+01 -1.444783e-01 
 3.200435e+01 -1.500166e-01 
 3.200467e+01 -1.943814e-01 
 3.200499e+01 -1.941201e-01 
 3.200532e+01 -1.935223e-01 
 3.200564e+01 -1.924440e-01 
 3.200596e+01 -1.894504e-01 
 3.200629e+01 -1.833890e-01 
 3.200661e+01 -1.717854e-01 
 3.200693e+01 -1.530957e-01 
 3.200726e+01 -1.273316e-01 
 3.200758e+01 -9.771668e-02 
 3.200790e+01 -6.959094e-02 
 3.200822e+01 -4.270220e-02 
 3.200855e+01 -1.541788e-02 
 3.200887e+01  8.727526e-03 
 3.200919e+01  2.507839e-02 
 3.200952e+01  4.251663e-02 
 3.200984e+01  4.135332e-02 
 3.201016e+01  7.038328e-02 
 3.201049e+01  1.127639e-01 
 3.201081e+01  1.308043e-01 
 3.201113e+01  1.388898e-01 
 3.201145e+01  1.453457e-01 
 3.201178e+01  1.439652e-01 
 3.201210e+01  1.419948e-01 
 3.201242e+01  1.339209e-01 
 3.201275e+01  1.146606e-01 
 3.201307e+01  8.486519e-02 
 3.201339e+01  1.098152e-02 
 3.201372e+01 -2.064513e-02 
 3.201404e+01 -5.198374e-02 
 3.201436e+01 -7.996852e-02 
 3.201468e+01 -1.028059e-01 
 3.201501e+01 -1.186324e-01 
 3.201533e+01 -1.249997e-01 
 3.201565e+01 -1.219892e-01 
 3.201598e+01 -1.113745e-01 
 3.201630e+01 -9.785937e-02 
 3.201662e+01 -8.475827e-02 
 3.201695e+01 -7.474826e-02 
 3.201727e+01 -6.953193e-02 
 3.201759e+01 -6.731421e-02 
 3.201791e+01 -6.647179e-02 
 3.201824e+01 -6.573061e-02 
 3.201856e+01 -6.355750e-02 
 3.201888e+01 -5.799243e-02 
 3.201921e+01 -4.795015e-02 
 3.201953e+01 -1.299396e-02 
 3.201985e+01  2.537247e-02 
 3.202017e+01  3.915295e-02 
 3.202050e+01  4.519378e-02 
 3.202082e+01  4.233827e-02 
 3.202114e+01  3.286074e-02 
 3.202147e+01  1.622413e-02 
 3.202179e+01 -6.835392e-03 
 3.202211e+01 -4.060335e-02 
 3.202244e+01 -7.220617e-02 
 3.202276e+01 -1.483714e-01 
 3.202308e+01 -1.769361e-01 
 3.202340e+01 -1.932125e-01 
 3.202373e+01 -2.022833e-01 
 3.202405e+01 -2.024336e-01 
 3.202437e+01 -1.988932e-01 
 3.202470e+01 -2.191584e-01 
 3.202502e+01 -2.138873e-01 
 3.202534e+01 -2.084128e-01 
 3.202567e+01 -2.047234e-01 
 3.202599e+01 -2.059936e-01 
 3.202631e+01 -2.097396e-01 
 3.202663e+01 -2.115866e-01 
 3.202696e+01 -2.067428e-01 
 3.202728e+01 -2.003564e-01 
 3.202760e+01 -1.923195e-01 
 3.202793e+01 -1.834880e-01 
 3.202825e+01 -1.528559e-01 
 3.202857e+01 -1.115069e-01 
 3.202890e+01 -9.752708e-02 
 3.202922e+01 -9.593518e-02 
 3.202954e+01 -9.967261e-02 
 3.202986e+01 -1.105969e-01 
 3.203019e+01 -1.302350e-01 
 3.203051e+01 -1.587820e-01 
 3.203083e+01 -1.936616e-01 
 3.203116e+01 -2.317002e-01 
 3.203148e+01 -2.685220e-01 
 3.203180e+01 -3.063016e-01 
 3.203213e+01 -3.407509e-01 
 3.203245e+01 -4.075355e-01 
 3.203277e+01 -4.296797e-01 
 3.203309e+01 -4.430012e-01 
 3.203342e+01 -4.500947e-01 
 3.203374e+01 -4.554780e-01 
 3.203406e+01 -4.588477e-01 
 3.203439e+01 -4.637027e-01 
 3.203471e+01 -4.609109e-01 
 3.203503e+01 -4.564103e-01 
 3.203536e+01 -4.395067e-01 
 3.203568e+01 -4.145754e-01 
 3.203600e+01 -3.831578e-01 
 3.203632e+01 -3.520954e-01 
 3.203665e+01 -3.219520e-01 
 3.203697e+01 -2.914737e-01 
 3.203729e+01 -2.345852e-01 
 3.203762e+01 -1.948715e-01 
 3.203794e+01 -1.764674e-01 
 3.203826e+01 -1.647850e-01 
 3.203859e+01 -1.536902e-01 
 3.203891e+01 -1.473338e-01 
 3.203923e+01 -1.472350e-01 
 3.203955e+01 -1.519556e-01 
 3.203988e+01 -1.624050e-01 
 3.204020e+01 -1.754249e-01 
 3.204052e+01 -1.883161e-01 
 3.204085e+01 -2.100963e-01 
 3.204117e+01 -2.237158e-01 
 3.204149e+01 -2.815752e-01 
 3.204182e+01 -2.965441e-01 
 3.204214e+01 -3.054468e-01 
 3.204246e+01 -4.254781e-01 
 3.204278e+01 -4.437513e-01 
 3.204311e+01 -4.577592e-01 
 3.204343e+01 -4.638864e-01 
 3.204375e+01 -4.655111e-01 
 3.204408e+01 -4.592421e-01 
 3.204440e+01 -4.440074e-01 
 3.204472e+01 -4.209253e-01 
 3.204505e+01 -3.911087e-01 
 3.204537e+01 -3.583540e-01 
 3.204569e+01 -3.273061e-01 
 3.204601e+01 -2.821426e-01 
 3.204634e+01 -2.394604e-01 
 3.204666e+01 -2.258865e-01 
 3.204698e+01 -2.197332e-01 
 3.204731e+01 -2.141994e-01 
 3.204763e+01 -2.105620e-01 
 3.204795e+01 -2.105883e-01 
 3.204828e+01 -2.150042e-01 
 3.204860e+01 -2.237404e-01 
 3.204892e+01 -2.359981e-01 
 3.204924e+01 -2.520107e-01 
 3.204957e+01 -2.710154e-01 
 3.204989e+01 -2.991201e-01 
 3.205021e+01 -3.311689e-01 
 3.205054e+01 -4.000367e-01 
 3.205086e+01 -4.275588e-01 
 3.205118e+01 -4.497976e-01 
 3.205150e+01 -4.671039e-01 
 3.205183e+01 -4.778977e-01 
 3.205215e+01 -4.806662e-01 
 3.205247e+01 -4.786141e-01 
 3.205280e+01 -4.693242e-01 
 3.205312e+01 -4.558880e-01 
 3.205344e+01 -4.312570e-01 
 3.205377e+01 -4.085859e-01 
 3.205409e+01 -3.867949e-01 
 3.205441e+01 -3.674062e-01 
 3.205473e+01 -3.365606e-01 
 3.205506e+01 -2.854222e-01 
 3.205538e+01 -2.627308e-01 
 3.205570e+01 -2.470096e-01 
 3.205603e+01 -2.344160e-01 
 3.205635e+01 -2.212312e-01 
 3.205667e+01 -2.141059e-01 
 3.205700e+01 -2.057494e-01 
 3.205732e+01 -2.029299e-01 
 3.205764e+01 -2.095380e-01 
 3.205796e+01 -2.233517e-01 
 3.205829e+01 -2.447190e-01 
 3.205861e+01 -2.744572e-01 
 3.205893e+01 -3.071696e-01 
 3.205926e+01 -4.130063e-01 
 3.205958e+01 -4.398365e-01 
 3.205990e+01 -4.591190e-01 
 3.206023e+01 -4.667039e-01 
 3.206055e+01 -4.659066e-01 
 3.206087e+01 -4.539235e-01 
 3.206119e+01 -4.354242e-01 
 3.206152e+01 -4.129070e-01 
 3.206184e+01 -3.907880e-01 
 3.206216e+01 -3.612075e-01 
 3.206249e+01 -3.346036e-01 
 3.206281e+01 -3.148083e-01 
 3.206313e+01 -2.944703e-01 
 3.206346e+01 -2.695454e-01 
 3.206378e+01 -2.149616e-01 
 3.206410e+01 -1.790288e-01 
 3.206442e+01 -1.567856e-01 
 3.206475e+01 -1.361123e-01 
 3.206507e+01 -1.807622e-01 
 3.206539e+01 -1.679775e-01 
 3.206572e+01 -1.638519e-01 
 3.206604e+01 -1.723916e-01 
 3.206636e+01 -1.914259e-01 
 3.206669e+01 -2.219347e-01 
 3.206701e+01 -2.607307e-01 
 3.206733e+01 -3.022213e-01 
 3.206765e+01 -3.429816e-01 
 3.206798e+01 -3.865912e-01 
 3.206830e+01 -4.660910e-01 
 3.206862e+01 -4.872914e-01 
 3.206895e+01 -5.015981e-01 
 3.206927e+01 -5.097291e-01 
 3.206959e+01 -5.129246e-01 
 3.206992e+01 -5.127587e-01 
 3.207024e+01 -5.097535e-01 
 3.207056e+01 -5.045314e-01 
 3.207088e+01 -4.986973e-01 
 3.207121e+01 -4.940676e-01 
 3.207153e+01 -4.904322e-01 
 3.207185e+01 -4.867903e-01 
 3.207218e+01 -4.642580e-01 
 3.207250e+01 -4.180489e-01 
 3.207282e+01 -3.978166e-01 
 3.207315e+01 -3.810842e-01 
 3.207347e+01 -3.662396e-01 
 3.207379e+01 -3.543716e-01 
 3.207411e+01 -3.470330e-01 
 3.207444e+01 -3.502966e-01 
 3.207476e+01 -3.676364e-01 
 3.207508e+01 -3.970502e-01 
 3.207541e+01 -4.350207e-01 
 3.207573e+01 -4.788250e-01 
 3.207605e+01 -5.245275e-01 
 3.207638e+01 -5.675406e-01 
 3.207670e+01 -6.060165e-01 
 3.207702e+01 -6.429866e-01 
 3.207734e+01 -7.092397e-01 
 3.207767e+01 -7.287129e-01 
 3.207799e+01 -7.352892e-01 
 3.207831e+01 -7.399623e-01 
 3.207864e+01 -7.404224e-01 
 3.207896e+01 -7.429463e-01 
 3.207928e+01 -7.392456e-01 
 3.207960e+01 -7.318934e-01 
 3.207993e+01 -7.215545e-01 
 3.208025e+01 -7.040311e-01 
 3.208057e+01 -6.809966e-01 
 3.208090e+01 -6.277748e-01 
 3.208122e+01 -5.691559e-01 
 3.208154e+01 -5.372993e-01 
 3.208187e+01 -5.025618e-01 
 3.208219e+01 -4.683700e-01 
 3.208251e+01 -4.267462e-01 
 3.208283e+01 -4.035331e-01 
 3.208316e+01 -3.784471e-01 
 3.208348e+01 -3.809330e-01 
 3.208380e+01 -4.294622e-01 
 3.208413e+01 -5.141303e-01 
 3.208445e+01 -5.654158e-01 
 3.208477e+01 -6.009582e-01 
 3.208510e+01 -6.353924e-01 
 3.208542e+01 -6.694147e-01 
 3.208574e+01 -7.018840e-01 
 3.208606e+01 -7.590348e-01 
 3.208639e+01 -7.939911e-01 
 3.208671e+01 -7.974255e-01 
 3.208703e+01 -7.902395e-01 
 3.208736e+01 -7.778750e-01 
 3.208768e+01 -7.596008e-01 
 3.208800e+01 -7.357679e-01 
 3.208833e+01 -7.048170e-01 
 3.208865e+01 -6.660104e-01 
 3.208897e+01 -6.221163e-01 
 3.208929e+01 -5.756647e-01 
 3.208962e+01 -5.259424e-01 
 3.208994e+01 -4.600846e-01 
 3.209026e+01 -3.735343e-01 
 3.209059e+01 -3.155696e-01 
 3.209091e+01 -2.587985e-01 
 3.209123e+01 -2.158557e-01 
 3.209156e+01 -1.760693e-01 
 3.209188e+01 -1.421479e-01 
 3.209220e+01 -1.219069e-01 
 3.209252e+01 -1.293900e-01 
 3.209285e+01 -1.463396e-01 
 3.209317e+01 -1.953063e-01 
 3.209349e+01 -2.412873e-01 
 3.209382e+01 -2.705291e-01 
 3.209414e+01 -3.072418e-01 
 3.209446e+01 -3.477067e-01 
 3.209479e+01 -4.330744e-01 
 3.209511e+01 -4.605964e-01 
 3.209543e+01 -4.833828e-01 
 3.209575e+01 -5.041606e-01 
 3.209608e+01 -5.177274e-01 
 3.209640e+01 -5.233157e-01 
 3.209672e+01 -5.152408e-01 
 3.209705e+01 -4.949527e-01 
 3.209737e+01 -4.605795e-01 
 3.209769e+01 -4.194740e-01 
 3.209802e+01 -3.755459e-01 
 3.209834e+01 -3.305881e-01 
 3.209866e+01 -2.901648e-01 
 3.209898e+01 -2.515192e-01 
 3.209931e+01 -1.988841e-01 
 3.209963e+01 -1.189631e-01 
 3.209995e+01 -7.867731e-02 
 3.210028e+01 -4.675017e-02 
 3.210060e+01 -2.197538e-02 
 3.210092e+01 -3.308683e-03 
 3.210125e+01  1.287302e-02 
 3.210157e+01  1.714947e-02 
 3.210189e+01  1.723946e-02 
 3.210221e+01  7.628809e-03 
 3.210254e+01 -1.378589e-02 
 3.210286e+01 -4.461993e-02 
 3.210318e+01 -8.769969e-02 
 3.210351e+01 -1.677018e-01 
 3.210383e+01 -2.037316e-01 
 3.210415e+01 -2.332601e-01 
 3.210448e+01 -2.531720e-01 
 3.210480e+01 -2.741759e-01 
 3.210512e+01 -2.839946e-01 
 3.210544e+01 -2.790829e-01 
 3.210577e+01 -2.639481e-01 
 3.210609e+01 -2.662274e-01 
 3.210641e+01 -2.184534e-01 
 3.210674e+01 -1.770600e-01 
 3.210706e+01 -1.432017e-01 
 3.210738e+01 -1.062844e-01 
 3.210771e+01 -6.688707e-02 
 3.210803e+01 -3.204811e-02 
 3.210835e+01  3.135604e-03 
 3.210867e+01  4.189000e-02 
 3.210900e+01  1.119525e-01 
 3.210932e+01  1.611294e-01 
 3.210964e+01  1.879854e-01 
 3.210997e+01  2.088885e-01 
 3.211029e+01  2.259013e-01 
 3.211061e+01  2.368215e-01 
 3.211093e+01  2.394425e-01 
 3.211126e+01  2.340393e-01 
 3.211158e+01  2.123014e-01 
 3.211190e+01  1.790715e-01 
 3.211223e+01  1.350349e-01 
 3.211255e+01  4.942879e-02 
 3.211287e+01  1.410470e-02 
 3.211320e+01 -8.491353e-03 
 3.211352e+01 -2.746532e-02 
 3.211384e+01 -4.074926e-02 
 3.211416e+01 -6.663168e-02 
 3.211449e+01 -5.876373e-02 
 3.211481e+01 -8.075792e-02 
 3.211513e+01 -6.115945e-02 
 3.211546e+01 -3.992774e-02 
 3.211578e+01 -1.944214e-02 
 3.211610e+01  2.366838e-02 
 3.211643e+01  6.528905e-02 
 3.211675e+01  1.153700e-01 
 3.211707e+01  1.611423e-01 
 3.211739e+01  2.062992e-01 
 3.211772e+01  2.470999e-01 
 3.211804e+01  2.859049e-01 
 3.211836e+01  3.498041e-01 
 3.211869e+01  3.899736e-01 
 3.211901e+01  4.032548e-01 
 3.211933e+01  4.020357e-01 
 3.211966e+01  3.928636e-01 
 3.211998e+01  3.738412e-01 
 3.212030e+01  3.450925e-01 
 3.212062e+01  3.079941e-01 
 3.212095e+01  2.661124e-01 
 3.212127e+01  2.217697e-01 
 3.212159e+01  1.687305e-01 
 3.212192e+01  9.076007e-02 
 3.212224e+01  5.829363e-02 
 3.212256e+01  2.980293e-02 
 3.212289e+01 -3.862826e-03 
 3.212321e+01 -2.533382e-02 
 3.212353e+01 -6.648956e-02 
 3.212385e+01 -1.162915e-01 
 3.212418e+01 -1.250818e-01 
 3.212450e+01 -1.304210e-01 
 3.212482e+01 -1.315164e-01 
 3.212515e+01 -1.219521e-01 
 3.212547e+01 -8.494606e-02 
 3.212579e+01 -5.133934e-02 
 3.212612e+01 -1.091871e-02 
 3.212644e+01  2.211050e-02 
 3.212676e+01  5.282850e-02 
 3.212708e+01  7.769182e-02 
 3.212741e+01  1.271360e-01 
 3.212773e+01  1.598487e-01 
 3.212805e+01  1.651097e-01 
 3.212838e+01  1.583985e-01 
 3.212870e+01  1.423099e-01 
 3.212902e+01  1.203936e-01 
 3.212935e+01  9.304407e-02 
 3.212967e+01  6.183178e-02 
 3.212999e+01  2.860729e-02 
 3.213031e+01 -4.652108e-03 
 3.213064e+01 -3.598113e-02 
 3.213096e+01 -7.389821e-02 
 3.213128e+01 -1.383217e-01 
 3.213161e+01 -1.603941e-01 
 3.213193e+01 -1.869078e-01 
 3.213225e+01 -2.142863e-01 
 3.213258e+01 -2.575284e-01 
 3.213290e+01 -2.684565e-01 
 3.213322e+01 -2.709842e-01 
 3.213354e+01 -2.838898e-01 
 3.213387e+01 -2.704214e-01 
 3.213419e+01 -2.362292e-01 
 3.213451e+01 -2.024834e-01 
 3.213484e+01 -1.546831e-01 
 3.213516e+01 -1.105812e-01 
 3.213548e+01 -7.255823e-02 
 3.213581e+01 -4.268428e-02 
 3.213613e+01 -1.132828e-02 
 3.213645e+01  4.024246e-02 
 3.213677e+01  6.671636e-02 
 3.213710e+01  7.070767e-02 
 3.213742e+01  6.793405e-02 
 3.213774e+01  5.532064e-02 
 3.213807e+01  3.908403e-02 
 3.213839e+01  1.631420e-02 
 3.213871e+01 -1.085649e-02 
 3.213904e+01 -4.103656e-02 
 3.213936e+01 -7.338097e-02 
 3.213968e+01 -1.057977e-01 
 3.214000e+01 -1.419625e-01 
 3.214033e+01 -2.144016e-01 
 3.214065e+01 -2.375852e-01 
 3.214097e+01 -2.582484e-01 
 3.214130e+01 -2.821344e-01 
 3.214162e+01 -2.893185e-01 
 3.214194e+01 -3.102563e-01 
 3.214227e+01 -2.985503e-01 
 3.214259e+01 -2.798085e-01 
 3.214291e+01 -2.539401e-01 
 3.214323e+01 -2.225907e-01 
 3.214356e+01 -1.830940e-01 
 3.214388e+01 -1.289737e-01 
 3.214420e+01 -8.903844e-02 
 3.214453e+01 -5.062955e-02 
 3.214485e+01 -1.861512e-02 
 3.214517e+01  2.434909e-02 
 3.214549e+01  7.702856e-02 
 3.214582e+01  1.064581e-01 
 3.214614e+01  1.251694e-01 
 3.214646e+01  1.290152e-01 
 3.214679e+01  1.251088e-01 
 3.214711e+01  1.092586e-01 
 3.214743e+01  7.497010e-02 
 3.214776e+01  3.350152e-02 
 3.214808e+01 -1.568516e-02 
 3.214840e+01 -6.728895e-02 
 3.214872e+01 -1.200825e-01 
 3.214905e+01 -1.740070e-01 
 3.214937e+01 -2.623084e-01 
 3.214969e+01 -2.962876e-01 
 3.215002e+01 -3.230848e-01 
 3.215034e+01 -3.458809e-01 
 3.215066e+01 -3.603413e-01 
 3.215099e+01 -3.604963e-01 
 3.215131e+01 -3.762582e-01 
 3.215163e+01 -3.628398e-01 
 3.215195e+01 -3.459666e-01 
 3.215228e+01 -3.195233e-01 
 3.215260e+01 -2.853813e-01 
 3.215292e+01 -2.599545e-01 
 3.215325e+01 -2.277863e-01 
 3.215357e+01 -1.956084e-01 
 3.215389e+01 -1.605015e-01 
 3.215422e+01 -9.297757e-02 
 3.215454e+01 -2.976890e-02 
 3.215486e+01  7.651872e-03 
 3.215518e+01  4.041452e-02 
 3.215551e+01  8.126722e-02 
 3.215583e+01  1.032801e-01 
 3.215615e+01  9.358506e-02 
 3.215648e+01  6.592808e-02 
 3.215680e+01  2.274304e-02 
 3.215712e+01 -6.094898e-02 
 3.215745e+01 -1.151802e-01 
 3.215777e+01 -1.748795e-01 
 3.215809e+01 -2.310839e-01 
 3.215841e+01 -3.240000e-01 
 3.215874e+01 -3.673345e-01 
 3.215906e+01 -4.032767e-01 
 3.215938e+01 -4.232485e-01 
 3.215971e+01 -4.373544e-01 
 3.216003e+01 -4.452364e-01 
 3.216035e+01 -4.436369e-01 
 3.216068e+01 -4.390944e-01 
 3.216100e+01 -4.334461e-01 
 3.216132e+01 -4.231854e-01 
 3.216164e+01 -4.092085e-01 
 3.216197e+01 -3.988305e-01 
 3.216229e+01 -3.836622e-01 
 3.216261e+01 -3.641180e-01 
 3.216294e+01 -3.138211e-01 
 3.216326e+01 -2.526189e-01 
 3.216358e+01 -2.209265e-01 
 3.216391e+01 -1.918523e-01 
 3.216423e+01 -1.637307e-01 
 3.216455e+01 -1.325928e-01 
 3.216487e+01 -1.254595e-01 
 3.216520e+01 -1.446070e-01 
 3.216552e+01 -1.778301e-01 
 3.216584e+01 -2.203561e-01 
 3.216617e+01 -2.697703e-01 
 3.216649e+01 -3.228345e-01 
 3.216681e+01 -4.022782e-01 
 3.216714e+01 -4.736942e-01 
 3.216746e+01 -5.616300e-01 
 3.216778e+01 -5.944962e-01 
 3.216810e+01 -6.185597e-01 
 3.216843e+01 -6.296514e-01 
 3.216875e+01 -6.325412e-01 
 3.216907e+01 -6.317015e-01 
 3.216940e+01 -6.250150e-01 
 3.216972e+01 -6.085295e-01 
 3.217004e+01 -5.912886e-01 
 3.217037e+01 -5.697693e-01 
 3.217069e+01 -5.489581e-01 
 3.217101e+01 -5.254707e-01 
 3.217133e+01 -5.215311e-01 
 3.217166e+01 -4.651514e-01 
 3.217198e+01 -4.048004e-01 
 3.217230e+01 -3.676146e-01 
 3.217263e+01 -3.374115e-01 
 3.217295e+01 -3.137575e-01 
 3.217327e+01 -2.776854e-01 
 3.217359e+01 -2.554824e-01 
 3.217392e+01 -2.642514e-01 
 3.217424e+01 -2.860898e-01 
 3.217456e+01 -3.194589e-01 
 3.217489e+01 -3.632112e-01 
 3.217521e+01 -4.161195e-01 
 3.217553e+01 -4.737305e-01 
 3.217586e+01 -5.303179e-01 
 3.217618e+01 -6.201633e-01 
 3.217650e+01 -7.227380e-01 
 3.217682e+01 -7.629827e-01 
 3.217715e+01 -7.906118e-01 
 3.217747e+01 -8.087344e-01 
 3.217779e+01 -8.216406e-01 
 3.217812e+01 -8.212876e-01 
 3.217844e+01 -8.109482e-01 
 3.217876e+01 -7.935783e-01 
 3.217909e+01 -7.688267e-01 
 3.217941e+01 -7.389624e-01 
 3.217973e+01 -7.096284e-01 
 3.218005e+01 -6.799020e-01 
 3.218038e+01 -6.251180e-01 
 3.218070e+01 -5.564170e-01 
 3.218102e+01 -5.170606e-01 
 3.218135e+01 -4.829350e-01 
 3.218167e+01 -4.509084e-01 
 3.218199e+01 -4.068915e-01 
 3.218232e+01 -3.746197e-01 
 3.218264e+01 -3.704647e-01 
 3.218296e+01 -3.792984e-01 
 3.218328e+01 -3.979707e-01 
 3.218361e+01 -4.260909e-01 
 3.218393e+01 -4.635222e-01 
 3.218425e+01 -5.376257e-01 
 3.218458e+01 -5.903734e-01 
 3.218490e+01 -6.522251e-01 
 3.218522e+01 -7.817143e-01 
 3.218555e+01 -8.180924e-01 
 3.218587e+01 -8.482369e-01 
 3.218619e+01 -8.640474e-01 
 3.218651e+01 -8.700229e-01 
 3.218684e+01 -8.589065e-01 
 3.218716e+01 -8.309419e-01 
 3.218748e+01 -7.935974e-01 
 3.218781e+01 -7.486691e-01 
 3.218813e+01 -6.985173e-01 
 3.218845e+01 -6.476370e-01 
 3.218878e+01 -5.987514e-01 
 3.218910e+01 -5.515609e-01 
 3.218942e+01 -4.713090e-01 
 3.218974e+01 -3.956102e-01 
 3.219007e+01 -3.496820e-01 
 3.219039e+01 -3.093603e-01 
 3.219071e+01 -3.970203e-01 
 3.219104e+01 -3.544038e-01 
 3.219136e+01 -3.343570e-01 
 3.219168e+01 -3.340311e-01 
 3.219201e+01 -3.484882e-01 
 3.219233e+01 -3.755086e-01 
 3.219265e+01 -4.126820e-01 
 3.219297e+01 -4.602210e-01 
 3.219330e+01 -5.286598e-01 
 3.219362e+01 -5.881639e-01 
 3.219394e+01 -6.748107e-01 
 3.219427e+01 -6.988536e-01 
 3.219459e+01 -7.195801e-01 
 3.219491e+01 -7.275759e-01 
 3.219524e+01 -7.314759e-01 
 3.219556e+01 -7.221042e-01 
 3.219588e+01 -6.994216e-01 
 3.219620e+01 -6.693975e-01 
 3.219653e+01 -6.506649e-01 
 3.219685e+01 -6.020635e-01 
 3.219717e+01 -5.429377e-01 
 3.219750e+01 -4.807656e-01 
 3.219782e+01 -4.217457e-01 
 3.219814e+01 -3.616907e-01 
 3.219847e+01 -2.838013e-01 
 3.219879e+01 -1.887434e-01 
 3.219911e+01 -1.334342e-01 
 3.219943e+01 -8.590282e-02 
 3.219976e+01 -4.242243e-02 
 3.220008e+01 -6.555578e-03 
 3.220040e+01  1.826117e-02 
 3.220073e+01  4.037930e-02 
 3.220105e+01  5.760949e-02 
 3.220137e+01  1.996479e-02 
 3.220170e+01 -2.556683e-02 
 3.220202e+01 -6.918848e-02 
 3.220234e+01 -1.155555e-01 
 3.220266e+01 -1.762020e-01 
 3.220299e+01 -3.191440e-01 
 3.220331e+01 -3.585418e-01 
 3.220363e+01 -3.966755e-01 
 3.220396e+01 -4.373377e-01 
 3.220428e+01 -4.465547e-01 
 3.220460e+01 -4.813268e-01 
 3.220492e+01 -4.647895e-01 
 3.220525e+01 -4.411721e-01 
 3.220557e+01 -4.114766e-01 
 3.220589e+01 -3.765373e-01 
 3.220622e+01 -3.111077e-01 
 3.220654e+01 -2.317643e-01 
 3.220686e+01 -1.612701e-01 
 3.220719e+01 -9.487769e-02 
 3.220751e+01 -3.575001e-02 
 3.220783e+01  4.485150e-02 
 3.220815e+01  1.317395e-01 
 3.220848e+01  1.863308e-01 
 3.220880e+01  2.270384e-01 
 3.220912e+01  2.560577e-01 
 3.220945e+01  2.674990e-01 
 3.220977e+01  2.653363e-01 
 3.221009e+01  2.122881e-01 
 3.221042e+01  1.799771e-01 
 3.221074e+01  1.367083e-01 
 3.221106e+01  8.334379e-02 
 3.221138e+01  2.351667e-02 
 3.221171e+01 -4.543512e-02 
 3.221203e+01 -1.359225e-01 
 3.221235e+01 -1.765903e-01 
 3.221268e+01 -2.208487e-01 
 3.221300e+01 -2.689816e-01 
 3.221332e+01 -3.240970e-01 
 3.221365e+01 -3.302875e-01 
 3.221397e+01 -3.440233e-01 
 3.221429e+01 -3.407122e-01 
 3.221461e+01 -3.319797e-01 
 3.221494e+01 -3.176183e-01 
 3.221526e+01 -2.941144e-01 
 3.221558e+01 -2.642558e-01 
 3.221591e+01 -2.020189e-01 
 3.221623e+01 -1.201373e-01 
 3.221655e+01 -5.304972e-02 
 3.221688e+01  2.022534e-03 
 3.221720e+01  8.584503e-02 
 3.221752e+01  1.541266e-01 
 3.221784e+01  1.930691e-01 
 3.221817e+01  2.183254e-01 
 3.221849e+01  2.278524e-01 
 3.221881e+01  2.199958e-01 
 3.221914e+01  1.996537e-01 
 3.221946e+01  1.708454e-01 
 3.221978e+01  1.335486e-01 
 3.222011e+01  8.801821e-02 
 3.222043e+01  3.574502e-02 
 3.222075e+01 -2.423062e-02 
 3.222107e+01 -8.548285e-02 
 3.222140e+01 -1.661598e-01 
 3.222172e+01 -2.102686e-01 
 3.222204e+01 -2.607046e-01 
 3.222237e+01 -3.188871e-01 
 3.222269e+01 -3.249365e-01 
 3.222301e+01 -3.299209e-01 
 3.222334e+01 -3.235699e-01 
 3.222366e+01 -3.153695e-01 
 3.222398e+01 -2.894262e-01 
 3.222430e+01 -2.501788e-01 
 3.222463e+01 -2.098874e-01 
 3.222495e+01 -1.641752e-01 
 3.222527e+01 -1.015186e-01 
 3.222560e+01 -1.343797e-02 
 3.222592e+01  5.398526e-02 
 3.222624e+01  1.132921e-01 
 3.222657e+01  1.915211e-01 
 3.222689e+01  2.448569e-01 
 3.222721e+01  2.784332e-01 
 3.222753e+01  3.024083e-01 
 3.222786e+01  3.189334e-01 
 3.222818e+01  3.220544e-01 
 3.222850e+01  3.115210e-01 
 3.222883e+01  2.859227e-01 
 3.222915e+01  2.479465e-01 
 3.222947e+01  1.550988e-01 
 3.222980e+01  9.845478e-02 
 3.223012e+01  3.984331e-02 
 3.223044e+01 -6.011159e-02 
 3.223076e+01 -1.044588e-01 
 3.223109e+01 -1.512998e-01 
 3.223141e+01 -2.024657e-01 
 3.223173e+01 -2.603807e-01 
 3.223206e+01 -2.694663e-01 
 3.223238e+01 -2.797244e-01 
 3.223270e+01 -2.670857e-01 
 3.223303e+01 -2.488240e-01 
 3.223335e+01 -2.269660e-01 
 3.223367e+01 -2.027652e-01 
 3.223399e+01 -1.757654e-01 
 3.223432e+01 -1.442047e-01 
 3.223464e+01 -8.829673e-02 
 3.223496e+01 -2.158054e-02 
 3.223529e+01  2.711931e-02 
 3.223561e+01  8.728177e-02 
 3.223593e+01  1.610079e-01 
 3.223625e+01  2.083290e-01 
 3.223658e+01  2.462381e-01 
 3.223690e+01  2.686387e-01 
 3.223722e+01  2.770540e-01 
 3.223755e+01  2.703047e-01 
 3.223787e+01  2.474010e-01 
 3.223819e+01  2.080304e-01 
 3.223852e+01  1.650050e-01 
 3.223884e+01  1.187595e-01 
 3.223916e+01  6.946961e-02 
 3.223948e+01  1.702167e-02 
 3.223981e+01 -6.137123e-02 
 3.224013e+01 -8.800614e-02 
 3.224045e+01 -1.160003e-01 
 3.224078e+01 -1.493223e-01 
 3.224110e+01 -1.933402e-01 
 3.224142e+01 -1.900213e-01 
 3.224175e+01 -1.841429e-01 
 3.224207e+01 -2.346000e-01 
 3.224239e+01 -2.202857e-01 
 3.224271e+01 -2.014058e-01 
 3.224304e+01 -2.298179e-01 
 3.224336e+01 -2.071690e-01 
 3.224368e+01 -1.659323e-01 
 3.224401e+01 -1.018237e-01 
 3.224433e+01 -4.289760e-02 
 3.224465e+01  6.730150e-03 
 3.224498e+01  8.811324e-02 
 3.224530e+01  1.612211e-01 
 3.224562e+01  2.064336e-01 
 3.224594e+01  2.393979e-01 
 3.224627e+01  2.549966e-01 
 3.224659e+01  2.529024e-01 
 3.224691e+01  2.330999e-01 
 3.224724e+01  2.010350e-01 
 3.224756e+01  1.646021e-01 
 3.224788e+01  1.188019e-01 
 3.224821e+01  7.964398e-02 
 3.224853e+01  4.482953e-02 
 3.224885e+01 -2.761032e-02 
 3.224917e+01 -4.407090e-02 
 3.224950e+01 -5.655790e-02 
 3.224982e+01 -7.220215e-02 
 3.225014e+01 -9.789983e-02 
 3.225047e+01 -1.492931e-01 
 3.225079e+01 -1.498713e-01 
 3.225111e+01 -1.437237e-01 
 3.225144e+01 -1.293904e-01 
 3.225176e+01 -1.056338e-01 
 3.225208e+01 -1.348662e-01 
 3.225240e+01 -1.035463e-01 
 3.225273e+01 -4.435478e-02 
 3.225305e+01  2.112453e-02 
 3.225337e+01  8.229261e-02 
 3.225370e+01  1.312953e-01 
 3.225402e+01  1.949761e-01 
 3.225434e+01  2.638474e-01 
 3.225467e+01  3.012287e-01 
 3.225499e+01  3.196139e-01 
 3.225531e+01  3.274398e-01 
 3.225563e+01  3.224115e-01 
 3.225596e+01  2.909402e-01 
 3.225628e+01  2.657463e-01 
 3.225660e+01  2.364821e-01 
 3.225693e+01  2.033715e-01 
 3.225725e+01  1.692731e-01 
 3.225757e+01  1.288148e-01 
 3.225790e+01  4.792866e-02 
 3.225822e+01  1.491583e-02 
 3.225854e+01 -1.957323e-02 
 3.225886e+01 -5.430006e-02 
 3.225919e+01 -9.836087e-02 
 3.225951e+01 -2.118818e-01 
 3.225983e+01 -2.334230e-01 
 3.226016e+01 -2.445364e-01 
 3.226048e+01 -2.451793e-01 
 3.226080e+01 -2.375145e-01 
 3.226113e+01 -2.227597e-01 
 3.226145e+01 -1.913752e-01 
 3.226177e+01 -1.512210e-01 
 3.226209e+01 -1.166708e-01 
 3.226242e+01 -8.600688e-02 
 3.226274e+01 -5.443284e-02 
 3.226306e+01 -6.921171e-03 
 3.226339e+01  2.932140e-02 
 3.226371e+01  3.747311e-02 
 3.226403e+01  3.695717e-02 
 3.226436e+01  3.220420e-02 
 3.226468e+01  3.252990e-02 
 3.226500e+01  2.594535e-02 
 3.226532e+01 -4.945031e-03 
 3.226565e+01 -2.814617e-02 
 3.226597e+01 -5.931480e-02 
 3.226629e+01 -9.471344e-02 
 3.226662e+01 -1.371400e-01 
 3.226694e+01 -2.279073e-01 
 3.226726e+01 -2.788274e-01 
 3.226758e+01 -3.222190e-01 
 3.226791e+01 -3.600005e-01 
 3.226823e+01 -3.910717e-01 
 3.226855e+01 -4.069562e-01 
 3.226888e+01 -4.106578e-01 
 3.226920e+01 -4.070609e-01 
 3.226952e+01 -3.909467e-01 
 3.226985e+01 -3.719055e-01 
 3.227017e+01 -3.477100e-01 
 3.227049e+01 -3.215870e-01 
 3.227081e+01 -2.959441e-01 
 3.227114e+01 -2.740579e-01 
 3.227146e+01 -2.418902e-01 
 3.227178e+01 -2.003830e-01 
 3.227211e+01 -2.216548e-01 
 3.227243e+01 -2.135572e-01 
 3.227275e+01 -2.043416e-01 
 3.227308e+01 -1.803016e-01 
 3.227340e+01 -1.559663e-01 
 3.227372e+01 -1.545820e-01 
 3.227404e+01 -1.668956e-01 
 3.227437e+01 -1.931070e-01 
 3.227469e+01 -2.477570e-01 
 3.227501e+01 -3.072030e-01 
 3.227534e+01 -3.606273e-01 
 3.227566e+01 -4.205029e-01 
 3.227598e+01 -5.112356e-01 
 3.227631e+01 -5.558023e-01 
 3.227663e+01 -5.895411e-01 
 3.227695e+01 -6.124316e-01 
 3.227727e+01 -6.286446e-01 
 3.227760e+01 -6.285030e-01 
 3.227792e+01 -6.179543e-01 
 3.227824e+01 -5.990882e-01 
 3.227857e+01 -5.760728e-01 
 3.227889e+01 -5.515560e-01 
 3.227921e+01 -5.259283e-01 
 3.227954e+01 -5.073765e-01 
 3.227986e+01 -4.875536e-01 
 3.228018e+01 -4.446289e-01 
 3.228050e+01 -3.998529e-01 
 3.228083e+01 -3.743075e-01 
 3.228115e+01 -3.502110e-01 
 3.228147e+01 -3.163357e-01 
 3.228180e+01 -2.754182e-01 
 3.228212e+01 -2.578483e-01 
 3.228244e+01 -2.549568e-01 
 3.228277e+01 -2.639083e-01 
 3.228309e+01 -2.890511e-01 
 3.228341e+01 -3.234266e-01 
 3.228373e+01 -3.740948e-01 
 3.228406e+01 -4.651793e-01 
 3.228438e+01 -5.242825e-01 
 3.228470e+01 -6.201741e-01 
 3.228503e+01 -6.573661e-01 
 3.228535e+01 -6.826290e-01 
 3.228567e+01 -6.957081e-01 
 3.228600e+01 -6.971900e-01 
 3.228632e+01 -6.908508e-01 
 3.228664e+01 -6.741246e-01 
 3.228696e+01 -6.543553e-01 
 3.228729e+01 -6.352531e-01 
 3.228761e+01 -6.178370e-01 
 3.228793e+01 -5.982937e-01 
 3.228826e+01 -5.762325e-01 
 3.228858e+01 -5.502320e-01 
 3.228890e+01 -5.042510e-01 
 3.228923e+01 -4.402311e-01 
 3.228955e+01 -3.895036e-01 
 3.228987e+01 -3.462324e-01 
 3.229019e+01 -2.861614e-01 
 3.229052e+01 -2.291897e-01 
 3.229084e+01 -2.004976e-01 
 3.229116e+01 -1.883162e-01 
 3.229149e+01 -1.952080e-01 
 3.229181e+01 -2.208506e-01 
 3.229213e+01 -2.652070e-01 
 3.229246e+01 -3.250119e-01 
 3.229278e+01 -3.962543e-01 
 3.229310e+01 -4.972616e-01 
 3.229342e+01 -5.638861e-01 
 3.229375e+01 -6.399404e-01 
 3.229407e+01 -6.668338e-01 
 3.229439e+01 -7.500852e-01 
 3.229472e+01 -7.714512e-01 
 3.229504e+01 -7.920420e-01 
 3.229536e+01 -7.803275e-01 
 3.229569e+01 -7.676608e-01 
 3.229601e+01 -7.552004e-01 
 3.229633e+01 -7.303725e-01 
 3.229665e+01 -6.968153e-01 
 3.229698e+01 -6.598428e-01 
 3.229730e+01 -6.185526e-01 
 3.229762e+01 -5.689234e-01 
 3.229795e+01 -4.918206e-01 
 3.229827e+01 -3.985553e-01 
 3.229859e+01 -3.314024e-01 
 3.229891e+01 -2.679878e-01 
 3.229924e+01 -1.967819e-01 
 3.229956e+01 -1.390767e-01 
 3.229988e+01 -1.191413e-01 
 3.230021e+01 -1.197293e-01 
 3.230053e+01 -1.395111e-01 
 3.230085e+01 -1.754580e-01 
 3.230118e+01 -2.237450e-01 
 3.230150e+01 -2.786821e-01 
 3.230182e+01 -3.358446e-01 
 3.230214e+01 -4.282895e-01 
 3.230247e+01 -5.203803e-01 
 3.230279e+01 -5.613214e-01 
 3.230311e+01 -5.919811e-01 
 3.230344e+01 -6.282074e-01 
 3.230376e+01 -6.700062e-01 
 3.230408e+01 -7.176484e-01 
 3.230441e+01 -7.292963e-01 
 3.230473e+01 -7.238679e-01 
 3.230505e+01 -7.108747e-01 
 3.230537e+01 -6.860284e-01 
 3.230570e+01 -6.331841e-01 
 3.230602e+01 -5.635447e-01 
 3.230634e+01 -4.929290e-01 
 3.230667e+01 -4.256399e-01 
 3.230699e+01 -3.519903e-01 
 3.230731e+01 -2.489403e-01 
 3.230764e+01 -1.611729e-01 
 3.230796e+01 -1.014453e-01 
 3.230828e+01 -5.464315e-02 
 3.230860e+01 -4.871707e-03 
 3.230893e+01  4.060462e-02 
 3.230925e+01  4.935363e-02 
 3.230957e+01  3.947837e-02 
 3.230990e+01  1.511383e-02 
 3.231022e+01 -2.238451e-02 
 3.231054e+01 -6.823383e-02 
 3.231087e+01 -1.200152e-01 
 3.231119e+01 -1.997967e-01 
 3.231151e+01 -2.746648e-01 
 3.231183e+01 -3.679420e-01 
 3.231216e+01 -4.187747e-01 
 3.231248e+01 -4.969006e-01 
 3.231280e+01 -5.716043e-01 
 3.231313e+01 -6.093818e-01 
 3.231345e+01 -6.282903e-01 
 3.231377e+01 -6.276989e-01 
 3.231410e+01 -6.127122e-01 
 3.231442e+01 -5.845580e-01 
 3.231474e+01 -5.480554e-01 
 3.231506e+01 -5.033029e-01 
 3.231539e+01 -4.255033e-01 
 3.231571e+01 -3.454194e-01 
 3.231603e+01 -2.855605e-01 
 3.231636e+01 -2.282900e-01 
 3.231668e+01 -1.500019e-01 
 3.231700e+01 -8.504017e-02 
 3.231733e+01 -3.259452e-02 
 3.231765e+01  1.526056e-02 
 3.231797e+01  5.329047e-02 
 3.231829e+01  9.591954e-02 
 3.231862e+01  1.174974e-01 
 3.231894e+01  1.079009e-01 
 3.231926e+01  8.559559e-02 
 3.231959e+01  5.140059e-02 
 3.231991e+01  1.460979e-03 
 3.232023e+01 -6.370046e-02 
 3.232056e+01 -1.671364e-01 
 3.232088e+01 -2.800272e-01 
 3.232120e+01 -3.392893e-01 
 3.232152e+01 -3.955635e-01 
 3.232185e+01 -4.582399e-01 
 3.232217e+01 -5.220561e-01 
 3.232249e+01 -5.340883e-01 
 3.232282e+01 -5.916975e-01 
 3.232314e+01 -5.856349e-01 
 3.232346e+01 -5.627149e-01 
 3.232379e+01 -5.368047e-01 
 3.232411e+01 -5.071337e-01 
 3.232443e+01 -4.751329e-01 
 3.232475e+01 -4.158950e-01 
 3.232508e+01 -3.534602e-01 
 3.232540e+01 -3.103543e-01 
 3.232572e+01 -2.555407e-01 
 3.232605e+01 -1.814332e-01 
 3.232637e+01 -1.166901e-01 
 3.232669e+01 -6.157335e-02 
 3.232701e+01 -1.011596e-02 
 3.232734e+01  3.285190e-02 
 3.232766e+01  6.201137e-02 
 3.232798e+01  7.107311e-02 
 3.232831e+01  5.754569e-02 
 3.232863e+01  2.354733e-02 
 3.232895e+01 -2.805297e-02 
 3.232928e+01 -8.944213e-02 
 3.232960e+01 -1.565342e-01 
 3.232992e+01 -2.216228e-01 
 3.233024e+01 -3.064610e-01 
 3.233057e+01 -3.472878e-01 
 3.233089e+01 -3.794743e-01 
 3.233121e+01 -4.456852e-01 
 3.233154e+01 -4.483349e-01 
 3.233186e+01 -4.460603e-01 
 3.233218e+01 -4.333918e-01 
 3.233251e+01 -4.245091e-01 
 3.233283e+01 -4.051558e-01 
 3.233315e+01 -3.825507e-01 
 3.233347e+01 -3.606926e-01 
 3.233380e+01 -3.298227e-01 
 3.233412e+01 -2.636710e-01 
 3.233444e+01 -1.878540e-01 
 3.233477e+01 -1.237183e-01 
 3.233509e+01 -4.547561e-02 
 3.233541e+01  5.438818e-02 
 3.233574e+01  1.318143e-01 
 3.233606e+01  1.958030e-01 
 3.233638e+01  2.459640e-01 
 3.233670e+01  2.768599e-01 
 3.233703e+01  2.915399e-01 
 3.233735e+01  2.876381e-01 
 3.233767e+01  2.694494e-01 
 3.233800e+01  2.370045e-01 
 3.233832e+01  1.951029e-01 
 3.233864e+01  1.460131e-01 
 3.233897e+01  1.022751e-01 
 3.233929e+01 -2.613115e-02 
 3.233961e+01 -5.369977e-02 
 3.233993e+01 -7.764590e-02 
 3.234026e+01 -1.178665e-01 
 3.234058e+01 -1.634926e-01 
 3.234090e+01 -1.819695e-01 
 3.234123e+01 -1.959855e-01 
 3.234155e+01 -2.093909e-01 
 3.234187e+01 -2.084776e-01 
 3.234220e+01 -1.969295e-01 
 3.234252e+01 -1.734057e-01 
 3.234284e+01 -1.438316e-01 
 3.234316e+01 -1.033824e-01 
 3.234349e+01 -3.092340e-02 
 3.234381e+01  4.860816e-02 
 3.234413e+01  1.076541e-01 
 3.234446e+01  1.614981e-01 
 3.234478e+01  2.254222e-01 
 3.234510e+01  2.671011e-01 
 3.234543e+01  2.924029e-01 
 3.234575e+01  3.049498e-01 
 3.234607e+01  3.095369e-01 
 3.234639e+01  2.833075e-01 
 3.234672e+01  2.754355e-01 
 3.234704e+01  2.605810e-01 
 3.234736e+01  2.367819e-01 
 3.234769e+01  2.037463e-01 
 3.234801e+01  1.679704e-01 
 3.234833e+01  1.224757e-01 
 3.234866e+01  5.038379e-02 
 3.234898e+01  7.280818e-03 
 3.234930e+01 -2.684599e-02 
 3.234962e+01 -8.099320e-02 
 3.234995e+01 -1.312554e-01 
 3.235027e+01 -1.431105e-01 
 3.235059e+01 -1.386285e-01 
 3.235092e+01 -1.266041e-01 
 3.235124e+01 -1.081833e-01 
 3.235156e+01 -8.466045e-02 
 3.235189e+01 -5.663610e-02 
 3.235221e+01 -2.132990e-02 
 3.235253e+01  3.041551e-02 
 3.235285e+01  9.786500e-02 
 3.235318e+01  1.523886e-01 
 3.235350e+01  1.871835e-01 
 3.235382e+01  2.300963e-01 
 3.235415e+01  2.877621e-01 
 3.235447e+01  3.283396e-01 
 3.235479e+01  3.479067e-01 
 3.235512e+01  3.649401e-01 
 3.235544e+01  3.732307e-01 
 3.235576e+01  3.750028e-01 
 3.235608e+01  3.604792e-01 
 3.235641e+01  3.397320e-01 
 3.235673e+01  3.058750e-01 
 3.235705e+01  2.646009e-01 
 3.235738e+01  2.179380e-01 
 3.235770e+01  1.305784e-01 
 3.235802e+01  1.132167e-01 
 3.235834e+01  1.023679e-01 
 3.235867e+01  1.002168e-01 
 3.235899e+01  1.038048e-01 
 3.235931e+01  1.207551e-01 
 3.235964e+01  1.128075e-01 
 3.235996e+01  1.372644e-01 
 3.236028e+01  1.824134e-01 
 3.236061e+01  2.322371e-01 
 3.236093e+01  2.649063e-01 
 3.236125e+01  2.860045e-01 
 3.236157e+01  3.158885e-01 
 3.236190e+01  3.561994e-01 
 3.236222e+01  3.943045e-01 
 3.236254e+01  4.233304e-01 
 3.236287e+01  4.336271e-01 
 3.236319e+01  4.593774e-01 
 3.236351e+01  4.967986e-01 
 3.236384e+01  5.294871e-01 
 3.236416e+01  5.361578e-01 
 3.236448e+01  5.270310e-01 
 3.236480e+01  5.048266e-01 
 3.236513e+01  4.755870e-01 
 3.236545e+01  4.345078e-01 
 3.236577e+01  3.925054e-01 
 3.236610e+01  3.374800e-01 
 3.236642e+01  2.565911e-01 
 3.236674e+01  1.926128e-01 
 3.236707e+01  1.033345e-01 
 3.236739e+01  5.124765e-02 
 3.236771e+01 -1.768530e-03 
 3.236803e+01 -5.728054e-02 
 3.236836e+01 -1.020379e-01 
 3.236868e+01 -1.235650e-01 
 3.236900e+01 -1.394914e-01 
 3.236933e+01 -1.408156e-01 
 3.236965e+01 -1.394679e-01 
 3.236997e+01 -1.406270e-01 
 3.237030e+01 -1.396293e-01 
 3.237062e+01 -1.336739e-01 
 3.237094e+01 -1.235868e-01 
 3.237126e+01 -1.064781e-01 
 3.237159e+01 -8.381429e-02 
 3.237191e+01 -5.447333e-02 
 3.237223e+01 -1.265164e-02 
 3.237256e+01  3.970047e-02 
 3.237288e+01  7.280229e-02 
 3.237320e+01  9.086344e-02 
 3.237353e+01  9.114331e-02 
 3.237385e+01  8.349773e-02 
 3.237417e+01  6.690727e-02 
 3.237449e+01  4.035755e-02 
 3.237482e+01 -2.090396e-02 
 3.237514e+01 -5.557255e-02 
 3.237546e+01 -9.188825e-02 
 3.237579e+01 -1.387415e-01 
 3.237611e+01 -2.069642e-01 
 3.237643e+01 -2.405740e-01 
 3.237676e+01 -2.660421e-01 
 3.237708e+01 -2.935634e-01 
 3.237740e+01 -3.108893e-01 
 3.237772e+01 -3.193304e-01 
 3.237805e+01 -3.210894e-01 
 3.237837e+01 -3.209068e-01 
 3.237869e+01 -3.183894e-01 
 3.237902e+01 -3.119560e-01 
 3.237934e+01 -3.015670e-01 
 3.237966e+01 -2.869087e-01 
 3.237999e+01 -2.677967e-01 
 3.238031e+01 -2.415069e-01 
 3.238063e+01 -1.977200e-01 
 3.238095e+01 -1.499541e-01 
 3.238128e+01 -1.197505e-01 
 3.238160e+01 -9.023890e-02 
 3.238192e+01 -5.331662e-02 
 3.238225e+01 -2.427215e-02 
 3.238257e+01 -1.500143e-02 
 3.238289e+01 -1.374201e-02 
 3.238322e+01 -2.308872e-02 
 3.238354e+01 -3.619897e-02 
 3.238386e+01 -5.750629e-02 
 3.238418e+01 -1.095614e-01 
 3.238451e+01 -1.379080e-01 
 3.238483e+01 -1.940954e-01 
 3.238515e+01 -2.129998e-01 
 3.238548e+01 -2.459783e-01 
 3.238580e+01 -2.604634e-01 
 3.238612e+01 -2.718919e-01 
 3.238645e+01 -2.821704e-01 
 3.238677e+01 -2.879902e-01 
 3.238709e+01 -2.908041e-01 
 3.238741e+01 -2.897145e-01 
 3.238774e+01 -2.868854e-01 
 3.238806e+01 -2.729825e-01 
 3.238838e+01 -2.522438e-01 
 3.238871e+01 -2.313137e-01 
 3.238903e+01 -1.906531e-01 
 3.238935e+01 -1.493421e-01 
 3.238968e+01 -1.190232e-01 
 3.239000e+01 -1.055981e-01 
 3.239032e+01 -9.091316e-02 
 3.239064e+01 -8.062649e-02 
 3.239097e+01 -7.548855e-02 
 3.239129e+01 -6.581531e-02 
 3.239161e+01 -5.915502e-02 
 3.239194e+01 -7.025294e-02 
 3.239226e+01 -9.734927e-02 
 3.239258e+01 -1.325730e-01 
 3.239290e+01 -1.768468e-01 
 3.239323e+01 -2.739904e-01 
 3.239355e+01 -3.083832e-01 
 3.239387e+01 -3.428421e-01 
 3.239420e+01 -3.657483e-01 
 3.239452e+01 -3.838504e-01 
 3.239484e+01 -3.981333e-01 
 3.239517e+01 -4.122034e-01 
 3.239549e+01 -4.177094e-01 
 3.239581e+01 -4.192013e-01 
 3.239613e+01 -4.191893e-01 
 3.239646e+01 -4.169946e-01 
 3.239678e+01 -4.062887e-01 
 3.239710e+01 -3.919424e-01 
 3.239743e+01 -3.754228e-01 
 3.239775e+01 -3.456596e-01 
 3.239807e+01 -3.135231e-01 
 3.239840e+01 -2.869437e-01 
 3.239872e+01 -2.684090e-01 
 3.239904e+01 -2.527682e-01 
 3.239936e+01 -2.433593e-01 
 3.239969e+01 -2.393144e-01 
 3.240001e+01 -2.419637e-01 
 3.240033e+01 -2.502516e-01 
 3.240066e+01 -2.600142e-01 
 3.240098e+01 -2.699331e-01 
 3.240130e+01 -3.049514e-01 
 3.240163e+01 -3.471025e-01 
 3.240195e+01 -3.826854e-01 
 3.240227e+01 -4.432914e-01 
 3.240259e+01 -4.699315e-01 
 3.240292e+01 -4.873180e-01 
 3.240324e+01 -4.988669e-01 
 3.240356e+01 -5.073878e-01 
 3.240389e+01 -5.050133e-01 
 3.240421e+01 -4.960294e-01 
 3.240453e+01 -4.816047e-01 
 3.240486e+01 -4.655909e-01 
 3.240518e+01 -4.420931e-01 
 3.240550e+01 -4.188809e-01 
 3.240582e+01 -3.907498e-01 
 3.240615e+01 -3.545109e-01 
 3.240647e+01 -3.142671e-01 
 3.240679e+01 -2.547505e-01 
 3.240712e+01 -1.937691e-01 
 3.240744e+01 -1.466358e-01 
 3.240776e+01 -1.091788e-01 
 3.240809e+01 -7.739798e-02 
 3.240841e+01 -5.148611e-02 
 3.240873e+01 -3.238565e-02 
 3.240905e+01 -2.594974e-02 
 3.240938e+01 -3.605530e-02 
 3.240970e+01 -6.092830e-02 
 3.241002e+01 -9.606677e-02 
 3.241035e+01 -1.374133e-01 
 3.241067e+01 -1.823324e-01 
 3.241099e+01 -2.257896e-01 
 3.241132e+01 -3.051252e-01 
 3.241164e+01 -3.477073e-01 
 3.241196e+01 -3.759115e-01 
 3.241228e+01 -4.037714e-01 
 3.241261e+01 -4.304536e-01 
 3.241293e+01 -4.463406e-01 
 3.241325e+01 -4.879099e-01 
 3.241358e+01 -4.901789e-01 
 3.241390e+01 -4.730915e-01 
 3.241422e+01 -4.479012e-01 
 3.241455e+01 -4.302573e-01 
 3.241487e+01 -4.075430e-01 
 3.241519e+01 -3.800842e-01 
 3.241551e+01 -3.475992e-01 
 3.241584e+01 -3.058061e-01 
 3.241616e+01 -2.512864e-01 
 3.241648e+01 -1.982831e-01 
 3.241681e+01 -1.568289e-01 
 3.241713e+01 -1.282138e-01 
 3.241745e+01 -1.068714e-01 
 3.241778e+01 -8.987721e-02 
 3.241810e+01 -8.338844e-02 
 3.241842e+01 -1.011048e-01 
 3.241874e+01 -1.367540e-01 
 3.241907e+01 -1.798805e-01 
 3.241939e+01 -2.584659e-01 
 3.241971e+01 -3.094221e-01 
 3.242004e+01 -3.639603e-01 
 3.242036e+01 -4.265255e-01 
 3.242068e+01 -5.118619e-01 
 3.242100e+01 -5.628927e-01 
 3.242133e+01 -6.042441e-01 
 3.242165e+01 -6.443154e-01 
 3.242197e+01 -6.746405e-01 
 3.242230e+01 -7.143239e-01 
 3.242262e+01 -7.416079e-01 
 3.242294e+01 -7.424585e-01 
 3.242327e+01 -7.266864e-01 
 3.242359e+01 -6.959620e-01 
 3.242391e+01 -6.639765e-01 
 3.242423e+01 -6.315852e-01 
 3.242456e+01 -5.918462e-01 
 3.242488e+01 -5.521940e-01 
 3.242520e+01 -4.964365e-01 
 3.242553e+01 -4.362008e-01 
 3.242585e+01 -3.760610e-01 
 3.242617e+01 -3.222298e-01 
 3.242650e+01 -2.762136e-01 
 3.242682e+01 -2.504755e-01 
 3.242714e+01 -2.388189e-01 
 3.242746e+01 -2.392802e-01 
 3.242779e+01 -2.527152e-01 
 3.242811e+01 -2.801640e-01 
 3.242843e+01 -3.195049e-01 
 3.242876e+01 -3.715863e-01 
 3.242908e+01 -4.587717e-01 
 3.242940e+01 -5.174087e-01 
 3.242973e+01 -5.843963e-01 
 3.243005e+01 -6.727657e-01 
 3.243037e+01 -7.256005e-01 
 3.243069e+01 -7.637438e-01 
 3.243102e+01 -7.954639e-01 
 3.243134e+01 -8.129279e-01 
 3.243166e+01 -8.456436e-01 
 3.243199e+01 -8.350166e-01 
 3.243231e+01 -8.162734e-01 
 3.243263e+01 -7.906350e-01 
 3.243296e+01 -7.440832e-01 
 3.243328e+01 -6.874334e-01 
 3.243360e+01 -6.378437e-01 
 3.243392e+01 -5.826049e-01 
 3.243425e+01 -5.240203e-01 
 3.243457e+01 -4.489669e-01 
 3.243489e+01 -3.631186e-01 
 3.243522e+01 -2.849013e-01 
 3.243554e+01 -2.099205e-01 
 3.243586e+01 -1.372153e-01 
 3.243619e+01 -8.749671e-02 
 3.243651e+01 -5.540891e-02 
 3.243683e+01 -3.873523e-02 
 3.243715e+01 -3.764258e-02 
 3.243748e+01 -5.186915e-02 
 3.243780e+01 -1.019682e-01 
 3.243812e+01 -1.520529e-01 
 3.243845e+01 -1.997770e-01 
 3.243877e+01 -2.543348e-01 
 3.243909e+01 -3.368148e-01 
 3.243942e+01 -3.769369e-01 
 3.243974e+01 -4.178448e-01 
 3.244006e+01 -4.394386e-01 
 3.244038e+01 -4.601827e-01 
 3.244071e+01 -5.045590e-01 
 3.244103e+01 -5.121767e-01 
 3.244135e+01 -5.204242e-01 
 3.244168e+01 -5.148473e-01 
 3.244200e+01 -4.980940e-01 
 3.244232e+01 -4.707657e-01 
 3.244265e+01 -4.236404e-01 
 3.244297e+01 -3.682189e-01 
 3.244329e+01 -3.217774e-01 
 3.244361e+01 -2.692961e-01 
 3.244394e+01 -2.090068e-01 
 3.244426e+01 -1.290213e-01 
 3.244458e+01 -5.210631e-02 
 3.244491e+01  1.562951e-03 
 3.244523e+01  4.556505e-02 
 3.244555e+01  7.779577e-02 
 3.244588e+01  9.651373e-02 
 3.244620e+01  1.031631e-01 
 3.244652e+01  9.524115e-02 
 3.244684e+01  7.433456e-02 
 3.244717e+01  4.164210e-02 
 3.244749e+01 -6.219906e-04 
 3.244781e+01 -4.502447e-02 
 3.244814e+01 -9.066830e-02 
 3.244846e+01 -1.716140e-01 
 3.244878e+01 -2.143019e-01 
 3.244911e+01 -2.545543e-01 
 3.244943e+01 -2.866286e-01 
 3.244975e+01 -3.198565e-01 
 3.245007e+01 -3.643656e-01 
 3.245040e+01 -4.029703e-01 
 3.245072e+01 -4.187117e-01 
 3.245104e+01 -4.305287e-01 
 3.245137e+01 -4.243013e-01 
 3.245169e+01 -4.107829e-01 
 3.245201e+01 -3.741830e-01 
 3.245233e+01 -3.315074e-01 
 3.245266e+01 -2.944721e-01 
 3.245298e+01 -2.543616e-01 
 3.245330e+01 -2.138113e-01 
 3.245363e+01 -1.544764e-01 
 3.245395e+01 -9.584834e-02 
 3.245427e+01 -5.429739e-02 
 3.245460e+01 -2.192230e-02 
 3.245492e+01  8.142567e-04 
 3.245524e+01  1.461609e-02 
 3.245556e+01  2.039840e-02 
 3.245589e+01  1.717219e-02 
 3.245621e+01  5.138187e-03 
 3.245653e+01 -1.464688e-02 
 3.245686e+01 -4.421636e-02 
 3.245718e+01 -7.097644e-02 
 3.245750e+01 -1.003958e-01 
 3.245783e+01 -1.763680e-01 
 3.245815e+01 -2.063931e-01 
 3.245847e+01 -2.369495e-01 
 3.245879e+01 -2.715087e-01 
 3.245912e+01 -3.033304e-01 
 3.245944e+01 -3.317530e-01 
 3.245976e+01 -3.476220e-01 
 3.246009e+01 -3.700603e-01 
 3.246041e+01 -3.830611e-01 
 3.246073e+01 -3.617460e-01 
 3.246106e+01 -3.275137e-01 
 3.246138e+01 -3.008837e-01 
 3.246170e+01 -2.732930e-01 
 3.246202e+01 -2.415427e-01 
 3.246235e+01 -2.109625e-01 
 3.246267e+01 -1.775075e-01 
 3.246299e+01 -1.283570e-01 
 3.246332e+01 -8.211516e-02 
 3.246364e+01 -5.108329e-02 
 3.246396e+01 -2.567254e-02 
 3.246429e+01 -3.786964e-03 
 3.246461e+01  1.289234e-02 
 3.246493e+01  2.351420e-02 
 3.246525e+01  2.846155e-02 
 3.246558e+01  2.431001e-02 
 3.246590e+01  1.113544e-02 
 3.246622e+01 -9.697158e-03 
 3.246655e+01 -3.571900e-02 
 3.246687e+01 -7.247329e-02 
 3.246719e+01 -1.358614e-01 
 3.246752e+01 -1.699457e-01 
 3.246784e+01 -1.979417e-01 
 3.246816e+01 -2.226742e-01 
 3.246848e+01 -2.418630e-01 
 3.246881e+01 -2.538812e-01 
 3.246913e+01 -2.610363e-01 
 3.246945e+01 -2.631800e-01 
 3.246978e+01 -2.615632e-01 
 3.247010e+01 -2.592588e-01 
 3.247042e+01 -2.496000e-01 
 3.247075e+01 -2.397752e-01 
 3.247107e+01 -2.299171e-01 
 3.247139e+01 -2.169913e-01 
 3.247171e+01 -2.049925e-01 
 3.247204e+01 -1.822615e-01 
 3.247236e+01 -1.486022e-01 
 3.247268e+01 -1.213047e-01 
 3.247301e+01 -1.045370e-01 
 3.247333e+01 -9.375919e-02 
 3.247365e+01 -8.846006e-02 
 3.247398e+01 -8.965470e-02 
 3.247430e+01 -7.069221e-02 
 3.247462e+01 -7.233882e-02 
 3.247494e+01 -8.186007e-02 
 3.247527e+01 -9.812863e-02 
 3.247559e+01 -1.186607e-01 
 3.247591e+01 -1.405689e-01 
 3.247624e+01 -1.720221e-01 
 3.247656e+01 -2.038125e-01 
 3.247688e+01 -2.224783e-01 
 3.247721e+01 -2.366252e-01 
 3.247753e+01 -2.476893e-01 
 3.247785e+01 -2.573631e-01 
 3.247817e+01 -2.684816e-01 
 3.247850e+01 -2.804205e-01 
 3.247882e+01 -3.001158e-01 
 3.247914e+01 -3.223124e-01 
 3.247947e+01 -3.352150e-01 
 3.247979e+01 -3.426697e-01 
 3.248011e+01 -3.474231e-01 
 3.248044e+01 -3.415754e-01 
 3.248076e+01 -3.206371e-01 
 3.248108e+01 -2.968359e-01 
 3.248140e+01 -2.822069e-01 
 3.248173e+01 -2.693202e-01 
 3.248205e+01 -2.634840e-01 
 3.248237e+01 -2.592308e-01 
 3.248270e+01 -2.882278e-01 
 3.248302e+01 -2.956314e-01 
 3.248334e+01 -3.073699e-01 
 3.248366e+01 -3.197108e-01 
 3.248399e+01 -3.519033e-01 
 3.248431e+01 -3.647239e-01 
 3.248463e+01 -3.757577e-01 
 3.248496e+01 -3.906167e-01 
 3.248528e+01 -3.973777e-01 
 3.248560e+01 -3.985658e-01 
 3.248593e+01 -3.951158e-01 
 3.248625e+01 -3.875972e-01 
 3.248657e+01 -4.069298e-01 
 3.248689e+01 -4.027132e-01 
 3.248722e+01 -3.971966e-01 
 3.248754e+01 -3.900079e-01 
 3.248786e+01 -3.817230e-01 
 3.248819e+01 -3.682571e-01 
 3.248851e+01 -3.454007e-01 
 3.248883e+01 -3.177028e-01 
 3.248916e+01 -2.866186e-01 
 3.248948e+01 -2.517679e-01 
 3.248980e+01 -2.063962e-01 
 3.249012e+01 -1.542690e-01 
 3.249045e+01 -1.207734e-01 
 3.249077e+01 -9.663388e-02 
 3.249109e+01 -7.897623e-02 
 3.249142e+01 -6.922199e-02 
 3.249174e+01 -6.861435e-02 
 3.249206e+01 -7.902019e-02 
 3.249239e+01 -1.205645e-01 
 3.249271e+01 -1.348406e-01 
 3.249303e+01 -1.491842e-01 
 3.249335e+01 -1.573583e-01 
 3.249368e+01 -1.704271e-01 
 3.249400e+01 -1.761436e-01 
 3.249432e+01 -1.822637e-01 
 3.249465e+01 -1.884564e-01 
 3.249497e+01 -1.899304e-01 
 3.249529e+01 -2.474592e-01 
 3.249562e+01 -2.539350e-01 
 3.249594e+01 -2.606326e-01 
 3.249626e+01 -2.664962e-01 
 3.249658e+01 -2.706837e-01 
 3.249691e+01 -2.734837e-01 
 3.249723e+01 -2.653548e-01 
 3.249755e+01 -2.461411e-01 
 3.249788e+01 -2.190103e-01 
 3.249820e+01 -1.884688e-01 
 3.249852e+01 -1.530939e-01 
 3.249885e+01 -1.210384e-01 
 3.249917e+01 -9.893030e-02 
 3.249949e+01 -8.302324e-02 
 3.249981e+01 -6.504305e-02 
 3.250014e+01 -5.225952e-02 
 3.250046e+01 -5.252864e-02 
 3.250078e+01 -6.215370e-02 
 3.250111e+01 -7.572535e-02 
 3.250143e+01 -9.593254e-02 
 3.250175e+01 -1.271446e-01 
 3.250208e+01 -1.511873e-01 
 3.250240e+01 -1.649374e-01 
 3.250272e+01 -1.769962e-01 
 3.250304e+01 -1.907887e-01 
 3.250337e+01 -2.065295e-01 
 3.250369e+01 -2.301237e-01 
 3.250401e+01 -2.490728e-01 
 3.250434e+01 -2.675235e-01 
 3.250466e+01 -2.837011e-01 
 3.250498e+01 -2.969895e-01 
 3.250531e+01 -3.033293e-01 
 3.250563e+01 -3.024615e-01 
 3.250595e+01 -2.927820e-01 
 3.250627e+01 -2.793905e-01 
 3.250660e+01 -2.594430e-01 
 3.250692e+01 -2.378001e-01 
 3.250724e+01 -2.209314e-01 
 3.250757e+01 -2.109862e-01 
 3.250789e+01 -2.055940e-01 
 3.250821e+01 -2.021672e-01 
 3.250854e+01 -2.028862e-01 
 3.250886e+01 -2.073565e-01 
 3.250918e+01 -2.142094e-01 
 3.250950e+01 -2.231150e-01 
 3.250983e+01 -2.300802e-01 
 3.251015e+01 -2.328462e-01 
 3.251047e+01 -2.359583e-01 
 3.251080e+01 -2.487211e-01 
 3.251112e+01 -2.704181e-01 
 3.251144e+01 -2.826597e-01 
 3.251177e+01 -2.943714e-01 
 3.251209e+01 -3.062193e-01 
 3.251241e+01 -3.184668e-01 
 3.251273e+01 -3.287468e-01 
 3.251306e+01 -3.323745e-01 
 3.251338e+01 -3.281203e-01 
 3.251370e+01 -3.188185e-01 
 3.251403e+01 -3.079622e-01 
 3.251435e+01 -2.932238e-01 
 3.251467e+01 -2.693284e-01 
 3.251499e+01 -2.403396e-01 
 3.251532e+01 -2.419429e-01 
 3.251564e+01 -2.122976e-01 
 3.251596e+01 -1.832999e-01 
 3.251629e+01 -1.773879e-01 
 3.251661e+01 -1.663282e-01 
 3.251693e+01 -1.571967e-01 
 3.251726e+01 -1.470026e-01 
 3.251758e+01 -1.363251e-01 
 3.251790e+01 -1.292291e-01 
 3.251822e+01 -1.774414e-01 
 3.251855e+01 -1.791140e-01 
 3.251887e+01 -1.849704e-01 
 3.251919e+01 -1.958698e-01 
 3.251952e+01 -2.134060e-01 
 3.251984e+01 -2.406204e-01 
 3.252016e+01 -2.697953e-01 
 3.252049e+01 -3.015921e-01 
 3.252081e+01 -3.332327e-01 
 3.252113e+01 -3.620122e-01 
 3.252145e+01 -3.881845e-01 
 3.252178e+01 -4.053744e-01 
 3.252210e+01 -4.162453e-01 
 3.252242e+01 -4.206045e-01 
 3.252275e+01 -4.195420e-01 
 3.252307e+01 -4.126145e-01 
 3.252339e+01 -4.014869e-01 
 3.252372e+01 -3.865142e-01 
 3.252404e+01 -3.689804e-01 
 3.252436e+01 -3.513176e-01 
 3.252468e+01 -3.388826e-01 
 3.252501e+01 -3.211595e-01 
 3.252533e+01 -3.031789e-01 
 3.252565e+01 -2.866349e-01 
 3.252598e+01 -2.709293e-01 
 3.252630e+01 -2.617750e-01 
 3.252662e+01 -2.511539e-01 
 3.252695e+01 -2.450444e-01 
 3.252727e+01 -2.441164e-01 
 3.252759e+01 -2.483813e-01 
 3.252791e+01 -2.587126e-01 
 3.252824e+01 -2.754262e-01 
 3.252856e+01 -2.974881e-01 
 3.252888e+01 -3.244026e-01 
 3.252921e+01 -3.559399e-01 
 3.252953e+01 -3.940029e-01 
 3.252985e+01 -4.279751e-01 
 3.253018e+01 -4.599847e-01 
 3.253050e+01 -4.866382e-01 
 3.253082e+01 -5.100620e-01 
 3.253114e+01 -5.251549e-01 
 3.253147e+01 -5.292825e-01 
 3.253179e+01 -5.267887e-01 
 3.253211e+01 -5.163239e-01 
 3.253244e+01 -5.027236e-01 
 3.253276e+01 -4.908191e-01 
 3.253308e+01 -4.787421e-01 
 3.253341e+01 -4.645643e-01 
 3.253373e+01 -4.471592e-01 
 3.253405e+01 -4.257449e-01 
 3.253437e+01 -4.000238e-01 
 3.253470e+01 -3.736820e-01 
 3.253502e+01 -3.483443e-01 
 3.253534e+01 -3.239743e-01 
 3.253567e+01 -3.039375e-01 
 3.253599e+01 -2.897894e-01 
 3.253631e+01 -2.842764e-01 
 3.253664e+01 -2.882255e-01 
 3.253696e+01 -3.013513e-01 
 3.253728e+01 -3.224956e-01 
 3.253760e+01 -3.485020e-01 
 3.253793e+01 -3.766201e-01 
 3.253825e+01 -4.055590e-01 
 3.253857e+01 -4.351864e-01 
 3.253890e+01 -4.685503e-01 
 3.253922e+01 -4.924204e-01 
 3.253954e+01 -5.127269e-01 
 3.253987e+01 -5.294714e-01 
 3.254019e+01 -5.423790e-01 
 3.254051e+01 -5.921911e-01 
 3.254083e+01 -5.940766e-01 
 3.254116e+01 -5.900710e-01 
 3.254148e+01 -5.796295e-01 
 3.254180e+01 -5.574281e-01 
 3.254213e+01 -5.174913e-01 
 3.254245e+01 -4.733107e-01 
 3.254277e+01 -4.316003e-01 
 3.254310e+01 -3.892840e-01 
 3.254342e+01 -3.428223e-01 
 3.254374e+01 -2.947002e-01 
 3.254406e+01 -2.517664e-01 
 3.254439e+01 -2.151382e-01 
 3.254471e+01 -1.852792e-01 
 3.254503e+01 -1.671003e-01 
 3.254536e+01 -1.606207e-01 
 3.254568e+01 -1.616532e-01 
 3.254600e+01 -1.682336e-01 
 3.254632e+01 -1.837577e-01 
 3.254665e+01 -1.968581e-01 
 3.254697e+01 -2.372166e-01 
 3.254729e+01 -2.570262e-01 
 3.254762e+01 -2.807429e-01 
 3.254794e+01 -3.141782e-01 
 3.254826e+01 -3.526659e-01 
 3.254859e+01 -3.890282e-01 
 3.254891e+01 -4.260563e-01 
 3.254923e+01 -4.945593e-01 
 3.254955e+01 -5.887417e-01 
 3.254988e+01 -6.131979e-01 
 3.255020e+01 -6.262244e-01 
 3.255052e+01 -6.281347e-01 
 3.255085e+01 -6.199640e-01 
 3.255117e+01 -6.008538e-01 
 3.255149e+01 -5.684426e-01 
 3.255182e+01 -5.171344e-01 
 3.255214e+01 -4.593581e-01 
 3.255246e+01 -4.058724e-01 
 3.255278e+01 -3.655422e-01 
 3.255311e+01 -3.314491e-01 
 3.255343e+01 -2.964502e-01 
 3.255375e+01 -2.649513e-01 
 3.255408e+01 -2.369856e-01 
 3.255440e+01 -2.140731e-01 
 3.255472e+01 -1.968580e-01 
 3.255505e+01 -1.862944e-01 
 3.255537e+01 -1.807895e-01 
 3.255569e+01 -1.811687e-01 
 3.255601e+01 -1.880837e-01 
 3.255634e+01 -2.274665e-01 
 3.255666e+01 -2.511317e-01 
 3.255698e+01 -2.820036e-01 
 3.255731e+01 -3.188094e-01 
 3.255763e+01 -3.644981e-01 
 3.255795e+01 -4.113453e-01 
 3.255828e+01 -4.797591e-01 
 3.255860e+01 -5.092004e-01 
 3.255892e+01 -5.306765e-01 
 3.255924e+01 -5.433556e-01 
 3.255957e+01 -5.505796e-01 
 3.255989e+01 -5.456547e-01 
 3.256021e+01 -5.338155e-01 
 3.256054e+01 -5.149929e-01 
 3.256086e+01 -4.930269e-01 
 3.256118e+01 -4.667905e-01 
 3.256151e+01 -4.322368e-01 
 3.256183e+01 -3.943843e-01 
 3.256215e+01 -3.656484e-01 
 3.256247e+01 -3.384990e-01 
 3.256280e+01 -3.125652e-01 
 3.256312e+01 -2.885837e-01 
 3.256344e+01 -2.654947e-01 
 3.256377e+01 -2.449379e-01 
 3.256409e+01 -2.270572e-01 
 3.256441e+01 -2.170125e-01 
 3.256474e+01 -2.206554e-01 
 3.256506e+01 -2.350107e-01 
 3.256538e+01 -2.592900e-01 
 3.256570e+01 -2.907322e-01 
 3.256603e+01 -3.266183e-01 
 3.256635e+01 -3.640817e-01 
 3.256667e+01 -4.010577e-01 
 3.256700e+01 -4.396258e-01 
 3.256732e+01 -4.695304e-01 
 3.256764e+01 -5.277981e-01 
 3.256797e+01 -5.488458e-01 
 3.256829e+01 -5.718100e-01 
 3.256861e+01 -5.848150e-01 
 3.256893e+01 -5.915503e-01 
 3.256926e+01 -5.918406e-01 
 3.256958e+01 -5.868978e-01 
 3.256990e+01 -5.740102e-01 
 3.257023e+01 -5.553556e-01 
 3.257055e+01 -5.354676e-01 
 3.257087e+01 -5.039393e-01 
 3.257120e+01 -4.618448e-01 
 3.257152e+01 -4.268877e-01 
 3.257184e+01 -3.919479e-01 
 3.257216e+01 -3.558665e-01 
 3.257249e+01 -3.233318e-01 
 3.257281e+01 -2.964405e-01 
 3.257313e+01 -2.771053e-01 
 3.257346e+01 -2.655201e-01 
 3.257378e+01 -2.621303e-01 
 3.257410e+01 -2.674600e-01 
 3.257442e+01 -2.816215e-01 
 3.257475e+01 -3.018025e-01 
 3.257507e+01 -3.259440e-01 
 3.257539e+01 -3.509622e-01 
 3.257572e+01 -3.753698e-01 
 3.257604e+01 -3.983523e-01 
 3.257636e+01 -4.243198e-01 
 3.257669e+01 -4.456227e-01 
 3.257701e+01 -4.668238e-01 
 3.257733e+01 -5.131026e-01 
 3.257765e+01 -5.341820e-01 
 3.257798e+01 -5.545903e-01 
 3.257830e+01 -5.720617e-01 
 3.257862e+01 -5.836518e-01 
 3.257895e+01 -5.871110e-01 
 3.257927e+01 -5.822344e-01 
 3.257959e+01 -5.696794e-01 
 3.257992e+01 -5.500734e-01 
 3.258024e+01 -5.224295e-01 
 3.258056e+01 -4.770554e-01 
 3.258088e+01 -4.406019e-01 
 3.258121e+01 -4.135967e-01 
 3.258153e+01 -3.882882e-01 
 3.258185e+01 -3.694018e-01 
 3.258218e+01 -3.517016e-01 
 3.258250e+01 -3.367130e-01 
 3.258282e+01 -3.280136e-01 
 3.258315e+01 -3.233509e-01 
 3.258347e+01 -3.217860e-01 
 3.258379e+01 -3.221903e-01 
 3.258411e+01 -3.245872e-01 
 3.258444e+01 -3.277385e-01 
 3.258476e+01 -3.330728e-01 
 3.258508e+01 -3.411857e-01 
 3.258541e+01 -3.519718e-01 
 3.258573e+01 -3.693280e-01 
 3.258605e+01 -3.831669e-01 
 3.258638e+01 -4.276015e-01 
 3.258670e+01 -4.572778e-01 
 3.258702e+01 -4.665617e-01 
 3.258734e+01 -4.631000e-01 
 3.258767e+01 -4.582562e-01 
 3.258799e+01 -4.532404e-01 
 3.258831e+01 -4.421295e-01 
 3.258864e+01 -4.257075e-01 
 3.258896e+01 -4.058105e-01 
 3.258928e+01 -3.842476e-01 
 3.258961e+01 -3.630098e-01 
 3.258993e+01 -3.424054e-01 
 3.259025e+01 -3.113463e-01 
 3.259057e+01 -2.976223e-01 
 3.259090e+01 -2.887992e-01 
 3.259122e+01 -2.964801e-01 
 3.259154e+01 -2.889570e-01 
 3.259187e+01 -2.802939e-01 
 3.259219e+01 -2.811396e-01 
 3.259251e+01 -2.681501e-01 
 3.259284e+01 -2.562540e-01 
 3.259316e+01 -2.490068e-01 
 3.259348e+01 -2.480049e-01 
 3.259380e+01 -2.534827e-01 
 3.259413e+01 -2.626282e-01 
 3.259445e+01 -2.742368e-01 
 3.259477e+01 -2.908013e-01 
 3.259510e+01 -3.020766e-01 
 3.259542e+01 -3.118401e-01 
 3.259574e+01 -3.422892e-01 
 3.259607e+01 -3.448669e-01 
 3.259639e+01 -3.434958e-01 
 3.259671e+01 -3.390407e-01 
 3.259703e+01 -3.289773e-01 
 3.259736e+01 -3.160638e-01 
 3.259768e+01 -2.972588e-01 
 3.259800e+01 -2.780210e-01 
 3.259833e+01 -2.644382e-01 
 3.259865e+01 -2.513341e-01 
 3.259897e+01 -2.414307e-01 
 3.259930e+01 -2.314578e-01 
 3.259962e+01 -2.210214e-01 
 3.259994e+01 -1.967173e-01 
 3.260026e+01 -1.958874e-01 
 3.260059e+01 -1.903241e-01 
 3.260091e+01 -2.398046e-01 
 3.260123e+01 -2.383831e-01 
 3.260156e+01 -2.374842e-01 
 3.260188e+01 -2.442104e-01 
 3.260220e+01 -2.493410e-01 
 3.260253e+01 -2.576768e-01 
 3.260285e+01 -2.669120e-01 
 3.260317e+01 -2.758184e-01 
 3.260349e+01 -2.840553e-01 
 3.260382e+01 -2.903012e-01 
 3.260414e+01 -2.921345e-01 
 3.260446e+01 -2.920832e-01 
 3.260479e+01 -3.128059e-01 
 3.260511e+01 -3.073642e-01 
 3.260543e+01 -3.006490e-01 
 3.260575e+01 -2.939080e-01 
 3.260608e+01 -2.863543e-01 
 3.260640e+01 -2.758606e-01 
 3.260672e+01 -2.651720e-01 
 3.260705e+01 -2.540019e-01 
 3.260737e+01 -2.424005e-01 
 3.260769e+01 -2.283272e-01 
 3.260802e+01 -1.956485e-01 
 3.260834e+01 -1.685191e-01 
 3.260866e+01 -1.521393e-01 
 3.260898e+01 -1.403207e-01 
 3.260931e+01 -1.314979e-01 
 3.260963e+01 -1.272127e-01 
 3.260995e+01 -1.285211e-01 
 3.261028e+01 -1.438495e-01 
 3.261060e+01 -2.079746e-01 
 3.261092e+01 -2.226918e-01 
 3.261125e+01 -2.383631e-01 
 3.261157e+01 -2.533980e-01 
 3.261189e+01 -2.721011e-01 
 3.261221e+01 -3.063080e-01 
 3.261254e+01 -3.161187e-01 
 3.261286e+01 -3.241535e-01 
 3.261318e+01 -3.310858e-01 
 3.261351e+01 -3.374032e-01 
 3.261383e+01 -3.447326e-01 
 3.261415e+01 -3.492422e-01 
 3.261448e+01 -3.395313e-01 
 3.261480e+01 -3.400011e-01 
 3.261512e+01 -3.402333e-01 
 3.261544e+01 -3.364970e-01 
 3.261577e+01 -3.302817e-01 
 3.261609e+01 -3.236163e-01 
 3.261641e+01 -3.142844e-01 
 3.261674e+01 -3.063647e-01 
 3.261706e+01 -3.018625e-01 
 3.261738e+01 -2.999119e-01 
 3.261771e+01 -3.011909e-01 
 3.261803e+01 -3.041178e-01 
 3.261835e+01 -2.999351e-01 
 3.261867e+01 -2.975809e-01 
 3.261900e+01 -3.089264e-01 
 3.261932e+01 -3.224470e-01 
 3.261964e+01 -3.357133e-01 
 3.261997e+01 -3.826566e-01 
 3.262029e+01 -3.983137e-01 
 3.262061e+01 -4.026768e-01 
 3.262094e+01 -4.065141e-01 
 3.262126e+01 -4.109154e-01 
 3.262158e+01 -4.159436e-01 
 3.262190e+01 -4.210150e-01 
 3.262223e+01 -4.321214e-01 
 3.262255e+01 -4.367928e-01 
 3.262287e+01 -4.385402e-01 
 3.262320e+01 -4.352479e-01 
 3.262352e+01 -4.126725e-01 
 3.262384e+01 -3.942337e-01 
 3.262417e+01 -3.796012e-01 
 3.262449e+01 -3.598869e-01 
 3.262481e+01 -3.381328e-01 
 3.262513e+01 -3.199152e-01 
 3.262546e+01 -3.061794e-01 
 3.262578e+01 -2.989207e-01 
 3.262610e+01 -2.966684e-01 
 3.262643e+01 -2.942359e-01 
 3.262675e+01 -2.968302e-01 
 3.262707e+01 -2.999125e-01 
 3.262740e+01 -3.038995e-01 
 3.262772e+01 -3.095750e-01 
 3.262804e+01 -3.114050e-01 
 3.262836e+01 -3.154452e-01 
 3.262869e+01 -3.175102e-01 
 3.262901e+01 -3.285927e-01 
 3.262933e+01 -3.627060e-01 
 3.262966e+01 -3.750077e-01 
 3.262998e+01 -4.036739e-01 
 3.263030e+01 -4.292179e-01 
 3.263063e+01 -4.471075e-01 
 3.263095e+01 -4.641818e-01 
 3.263127e+01 -4.781180e-01 
 3.263159e+01 -4.874114e-01 
 3.263192e+01 -4.918559e-01 
 3.263224e+01 -4.918779e-01 
 3.263256e+01 -4.881205e-01 
 3.263289e+01 -4.838781e-01 
 3.263321e+01 -4.537290e-01 
 3.263353e+01 -4.336458e-01 
 3.263385e+01 -4.141492e-01 
 3.263418e+01 -3.980259e-01 
 3.263450e+01 -3.865946e-01 
 3.263482e+01 -3.783918e-01 
 3.263515e+01 -3.732579e-01 
 3.263547e+01 -3.701631e-01 
 3.263579e+01 -3.684543e-01 
 3.263612e+01 -3.655523e-01 
 3.263644e+01 -3.627218e-01 
 3.263676e+01 -3.698911e-01 
 3.263708e+01 -3.741130e-01 
 3.263741e+01 -3.795140e-01 
 3.263773e+01 -3.850365e-01 
 3.263805e+01 -3.959363e-01 
 3.263838e+01 -4.044921e-01 
 3.263870e+01 -4.357796e-01 
 3.263902e+01 -4.462248e-01 
 3.263935e+01 -4.573894e-01 
 3.263967e+01 -4.680247e-01 
 3.263999e+01 -4.760906e-01 
 3.264031e+01 -4.802089e-01 
 3.264064e+01 -4.798416e-01 
 3.264096e+01 -4.755839e-01 
 3.264128e+01 -4.685938e-01 
 3.264161e+01 -4.597107e-01 
 3.264193e+01 -4.488157e-01 
 3.264225e+01 -4.369658e-01 
 3.264258e+01 -4.204818e-01 
 3.264290e+01 -3.899572e-01 
 3.264322e+01 -3.744178e-01 
 3.264354e+01 -3.611720e-01 
 3.264387e+01 -3.508065e-01 
 3.264419e+01 -3.449247e-01 
 3.264451e+01 -3.365288e-01 
 3.264484e+01 -3.324777e-01 
 3.264516e+01 -3.304561e-01 
 3.264548e+01 -3.330443e-01 
 3.264581e+01 -3.386395e-01 
 3.264613e+01 -3.462173e-01 
 3.264645e+01 -3.561367e-01 
 3.264677e+01 -3.689668e-01 
 3.264710e+01 -3.814234e-01 
 3.264742e+01 -3.962100e-01 
 3.264774e+01 -4.183770e-01 
 3.264807e+01 -4.573475e-01 
 3.264839e+01 -4.726812e-01 
 3.264871e+01 -4.861933e-01 
 3.264904e+01 -4.955314e-01 
 3.264936e+01 -5.005551e-01 
 3.264968e+01 -5.011086e-01 
 3.265000e+01 -4.968472e-01 
 3.265033e+01 -4.888534e-01 
 3.265065e+01 -4.782301e-01 
 3.265097e+01 -4.657019e-01 
 3.265130e+01 -4.521219e-01 
 3.265162e+01 -4.380054e-01 
 3.265194e+01 -4.238356e-01 
 3.265227e+01 -4.047909e-01 
 3.265259e+01 -3.696676e-01 
 3.265291e+01 -3.473449e-01 
 3.265323e+01 -3.265859e-01 
 3.265356e+01 -3.082902e-01 
 3.265388e+01 -2.927036e-01 
 3.265420e+01 -2.816007e-01 
 3.265453e+01 -2.766274e-01 
 3.265485e+01 -2.785652e-01 
 3.265517e+01 -2.875840e-01 
 3.265550e+01 -3.017130e-01 
 3.265582e+01 -3.198844e-01 
 3.265614e+01 -3.405838e-01 
 3.265646e+01 -3.627382e-01 
 3.265679e+01 -3.862604e-01 
 3.265711e+01 -4.134006e-01 
 3.265743e+01 -4.399120e-01 
 3.265776e+01 -4.792102e-01 
 3.265808e+01 -4.905693e-01 
 3.265840e+01 -4.981011e-01 
 3.265873e+01 -5.037876e-01 
 3.265905e+01 -5.086444e-01 
 3.265937e+01 -5.114737e-01 
 3.265969e+01 -5.104755e-01 
 3.266002e+01 -5.053864e-01 
 3.266034e+01 -4.962270e-01 
 3.266066e+01 -4.831108e-01 
 3.266099e+01 -4.670050e-01 
 3.266131e+01 -4.481129e-01 
 3.266163e+01 -4.648566e-01 
 3.266196e+01 -4.351141e-01 
 3.266228e+01 -3.968874e-01 
 3.266260e+01 -3.721058e-01 
 3.266292e+01 -3.544046e-01 
 3.266325e+01 -3.410553e-01 
 3.266357e+01 -3.313598e-01 
 3.266389e+01 -3.251060e-01 
 3.266422e+01 -3.225241e-01 
 3.266454e+01 -3.238613e-01 
 3.266486e+01 -3.710014e-01 
 3.266518e+01 -3.861392e-01 
 3.266551e+01 -4.070649e-01 
 3.266583e+01 -4.327875e-01 
 3.266615e+01 -4.622690e-01 
 3.266648e+01 -4.942672e-01 
 3.266680e+01 -5.268181e-01 
 3.266712e+01 -5.613805e-01 
 3.266745e+01 -6.067811e-01 
 3.266777e+01 -6.253570e-01 
 3.266809e+01 -6.387040e-01 
 3.266841e+01 -6.471744e-01 
 3.266874e+01 -6.518672e-01 
 3.266906e+01 -6.523563e-01 
 3.266938e+01 -6.481053e-01 
 3.266971e+01 -6.399501e-01 
 3.267003e+01 -6.282528e-01 
 3.267035e+01 -6.136947e-01 
 3.267068e+01 -5.967090e-01 
 3.267100e+01 -5.771194e-01 
 3.267132e+01 -5.550863e-01 
 3.267164e+01 -5.156113e-01 
 3.267197e+01 -4.757601e-01 
 3.267229e+01 -4.427232e-01 
 3.267261e+01 -4.104562e-01 
 3.267294e+01 -3.776156e-01 
 3.267326e+01 -3.555880e-01 
 3.267358e+01 -3.403817e-01 
 3.267391e+01 -3.327903e-01 
 3.267423e+01 -3.406257e-01 
 3.267455e+01 -3.482002e-01 
 3.267487e+01 -3.616998e-01 
 3.267520e+01 -3.798488e-01 
 3.267552e+01 -4.001258e-01 
 3.267584e+01 -4.205452e-01 
 3.267617e+01 -4.398956e-01 
 3.267649e+01 -4.574000e-01 
 3.267681e+01 -4.979394e-01 
 3.267714e+01 -5.098881e-01 
 3.267746e+01 -5.210566e-01 
 3.267778e+01 -5.330349e-01 
 3.267810e+01 -5.443305e-01 
 3.267843e+01 -5.559561e-01 
 3.267875e+01 -5.634867e-01 
 3.267907e+01 -5.658768e-01 
 3.267940e+01 -5.651278e-01 
 3.267972e+01 -5.542776e-01 
 3.268004e+01 -5.431630e-01 
 3.268037e+01 -5.269671e-01 
 3.268069e+01 -5.061569e-01 
 3.268101e+01 -4.822826e-01 
 3.268133e+01 -4.457982e-01 
 3.268166e+01 -4.062281e-01 
 3.268198e+01 -3.780381e-01 
 3.268230e+01 -3.557783e-01 
 3.268263e+01 -3.380418e-01 
 3.268295e+01 -3.256576e-01 
 3.268327e+01 -3.184924e-01 
 3.268360e+01 -3.156243e-01 
 3.268392e+01 -3.163511e-01 
 3.268424e+01 -3.207123e-01 
 3.268456e+01 -3.271296e-01 
 3.268489e+01 -3.417805e-01 
 3.268521e+01 -3.544075e-01 
 3.268553e+01 -3.691136e-01 
 3.268586e+01 -3.855952e-01 
 3.268618e+01 -4.083111e-01 
 3.268650e+01 -4.463662e-01 
 3.268683e+01 -4.621151e-01 
 3.268715e+01 -4.749234e-01 
 3.268747e+01 -4.855658e-01 
 3.268779e+01 -4.949182e-01 
 3.268812e+01 -5.001517e-01 
 3.268844e+01 -5.051406e-01 
 3.268876e+01 -5.021716e-01 
 3.268909e+01 -4.948117e-01 
 3.268941e+01 -4.816267e-01 
 3.268973e+01 -4.639557e-01 
 3.269006e+01 -4.439995e-01 
 3.269038e+01 -4.226967e-01 
 3.269070e+01 -3.996244e-01 
 3.269102e+01 -3.748579e-01 
 3.269135e+01 -3.325222e-01 
 3.269167e+01 -3.084013e-01 
 3.269199e+01 -2.887852e-01 
 3.269232e+01 -2.727729e-01 
 3.269264e+01 -2.593259e-01 
 3.269296e+01 -2.486555e-01 
 3.269329e+01 -2.411115e-01 
 3.269361e+01 -2.365995e-01 
 3.269393e+01 -2.364437e-01 
 3.269425e+01 -2.398678e-01 
 3.269458e+01 -2.466996e-01 
 3.269490e+01 -2.561312e-01 
 3.269522e+01 -2.677289e-01 
 3.269555e+01 -2.814798e-01 
 3.269587e+01 -3.009509e-01 
 3.269619e+01 -3.315875e-01 
 3.269651e+01 -3.448229e-01 
 3.269684e+01 -3.588155e-01 
 3.269716e+01 -3.714419e-01 
 3.269748e+01 -3.809903e-01 
 3.269781e+01 -3.897096e-01 
 3.269813e+01 -3.968060e-01 
 3.269845e+01 -3.968118e-01 
 3.269878e+01 -3.926654e-01 
 3.269910e+01 -3.847037e-01 
 3.269942e+01 -3.739042e-01 
 3.269974e+01 -3.611827e-01 
 3.270007e+01 -3.469813e-01 
 3.270039e+01 -3.317020e-01 
 3.270071e+01 -3.151191e-01 
 3.270104e+01 -2.966213e-01 
 3.270136e+01 -2.609442e-01 
 3.270168e+01 -2.421455e-01 
 3.270201e+01 -2.207706e-01 
 3.270233e+01 -2.036885e-01 
 3.270265e+01 -1.868661e-01 
 3.270297e+01 -1.717368e-01 
 3.270330e+01 -1.605162e-01 
 3.270362e+01 -1.532830e-01 
 3.270394e+01 -1.501614e-01 
 3.270427e+01 -1.524369e-01 
 3.270459e+01 -1.553939e-01 
 3.270491e+01 -1.600861e-01 
 3.270524e+01 -1.661773e-01 
 3.270556e+01 -1.774594e-01 
 3.270588e+01 -1.844634e-01 
 3.270620e+01 -2.091473e-01 
 3.270653e+01 -2.313465e-01 
 3.270685e+01 -2.365606e-01 
 3.270717e+01 -2.420380e-01 
 3.270750e+01 -2.442115e-01 
 3.270782e+01 -2.533673e-01 
 3.270814e+01 -2.588149e-01 
 3.270847e+01 -2.625167e-01 
 3.270879e+01 -2.639143e-01 
 3.270911e+01 -2.631133e-01 
 3.270943e+01 -2.601486e-01 
 3.270976e+01 -2.573834e-01 
 3.271008e+01 -2.527527e-01 
 3.271040e+01 -2.470495e-01 
 3.271073e+01 -2.410809e-01 
 3.271105e+01 -2.361396e-01 
 3.271137e+01 -2.226035e-01 
 3.271170e+01 -2.136732e-01 
 3.271202e+01 -2.140401e-01 
 3.271234e+01 -2.124380e-01 
 3.271266e+01 -2.049288e-01 
 3.271299e+01 -1.958099e-01 
 3.271331e+01 -1.902611e-01 
 3.271363e+01 -1.870216e-01 
 3.271396e+01 -1.864606e-01 
 3.271428e+01 -1.889894e-01 
 3.271460e+01 -1.942957e-01 
 3.271493e+01 -2.018836e-01 
 3.271525e+01 -2.150248e-01 
 3.271557e+01 -2.241606e-01 
 3.271589e+01 -2.329888e-01 
 3.271622e+01 -2.405054e-01 
 3.271654e+01 -2.657431e-01 
 3.271686e+01 -2.684874e-01 
 3.271719e+01 -2.667192e-01 
 3.271751e+01 -2.590528e-01 
 3.271783e+01 -2.569901e-01 
 3.271816e+01 -2.559256e-01 
 3.271848e+01 -2.550029e-01 
 3.271880e+01 -2.536370e-01 
 3.271912e+01 -2.518998e-01 
 3.271945e+01 -2.497379e-01 
 3.271977e+01 -2.484427e-01 
 3.272009e+01 -2.499836e-01 
 3.272042e+01 -2.470011e-01 
 3.272074e+01 -2.444366e-01 
 3.272106e+01 -2.380401e-01 
 3.272139e+01 -2.263415e-01 
 3.272171e+01 -2.165130e-01 
 3.272203e+01 -2.066602e-01 
 3.272235e+01 -1.895021e-01 
 3.272268e+01 -1.703682e-01 
 3.272300e+01 -1.628765e-01 
 3.272332e+01 -1.567163e-01 
 3.272365e+01 -1.518660e-01 
 3.272397e+01 -1.479257e-01 
 3.272429e+01 -1.450483e-01 
 3.272461e+01 -1.421617e-01 
 3.272494e+01 -1.382026e-01 
 3.272526e+01 -1.333353e-01 
 3.272558e+01 -1.272231e-01 
 3.272591e+01 -1.211029e-01 
 3.272623e+01 -1.168756e-01 
 3.272655e+01 -1.135913e-01 
 3.272688e+01 -1.124156e-01 
 3.272720e+01 -1.128685e-01 
 3.272752e+01 -1.326965e-01 
 3.272784e+01 -1.340056e-01 
 3.272817e+01 -1.352000e-01 
 3.272849e+01 -1.377793e-01 
 3.272881e+01 -1.376144e-01 
 3.272914e+01 -1.376778e-01 
 3.272946e+01 -1.365118e-01 
 3.272978e+01 -1.305189e-01 
 3.273011e+01 -1.255554e-01 
 3.273043e+01 -1.176074e-01 
 3.273075e+01 -1.093140e-01 
 3.273107e+01 -1.010634e-01 
 3.273140e+01 -9.337057e-02 
 3.273172e+01 -8.624751e-02 
 3.273204e+01 -8.015071e-02 
 3.273237e+01 -1.401298e-01 
 3.273269e+01 -1.390438e-01 
 3.273301e+01 -1.362388e-01 
 3.273334e+01 -1.345517e-01 
 3.273366e+01 -1.314682e-01 
 3.273398e+01 -1.225344e-01 
 3.273430e+01 -1.060592e-01 
 3.273463e+01 -9.822459e-02 
 3.273495e+01 -8.752747e-02 
 3.273527e+01 -7.503523e-02 
 3.273560e+01 -6.220190e-02 
 3.273592e+01 -4.954682e-02 
 3.273624e+01 -4.639937e-02 
 3.273657e+01 -4.236248e-02 
 3.273689e+01 -4.157641e-02 
 3.273721e+01 -4.044303e-02 
 3.273753e+01 -4.232589e-02 
 3.273786e+01 -6.421547e-02 
 3.273818e+01 -6.634949e-02 
 3.273850e+01 -6.593511e-02 
 3.273883e+01 -6.263314e-02 
 3.273915e+01 -5.761985e-02 
 3.273947e+01 -5.172920e-02 
 3.273980e+01 -4.697782e-02 
 3.274012e+01 -4.472212e-02 
 3.274044e+01 -4.507044e-02 
 3.274076e+01 -4.686217e-02 
 3.274109e+01 -4.912498e-02 
 3.274141e+01 -5.113198e-02 
 3.274173e+01 -5.152341e-02 
 3.274206e+01 -4.636272e-02 
 3.274238e+01 -3.584160e-02 
 3.274270e+01 -2.045336e-02 
 3.274303e+01 -2.168666e-03 
 3.274335e+01  1.754103e-02 
 3.274367e+01  3.520903e-02 
 3.274399e+01  5.268492e-02 
 3.274432e+01  8.002040e-02 
 3.274464e+01  9.772195e-02 
 3.274496e+01  1.074969e-01 
 3.274529e+01  1.183121e-01 
 3.274561e+01  5.650587e-02 
 3.274593e+01  5.488299e-02 
 3.274626e+01  5.165852e-02 
 3.274658e+01  4.838988e-02 
 3.274690e+01  4.442794e-02 
 3.274722e+01  3.679288e-02 
 3.274755e+01  3.357558e-02 
 3.274787e+01  1.110126e-02 
 3.274819e+01  3.763719e-03 
 3.274852e+01 -9.849291e-03 
 3.274884e+01 -2.114647e-02 
 3.274916e+01 -3.500057e-02 
 3.274949e+01 -4.885970e-02 
 3.274981e+01 -6.007141e-02 
 3.275013e+01 -6.697450e-02 
 3.275045e+01 -6.814234e-02 
 3.275078e+01 -6.366805e-02 
 3.275110e+01 -5.435662e-02 
 3.275142e+01 -4.166404e-02 
 3.275175e+01 -2.736307e-02 
 3.275207e+01 -6.177210e-02 
 3.275239e+01 -5.162911e-02 
 3.275272e+01 -4.383887e-02 
 3.275304e+01 -3.840850e-02 
 3.275336e+01 -3.585509e-02 
 3.275368e+01 -3.498358e-02 
 3.275401e+01 -3.016023e-02 
 3.275433e+01 -7.948139e-03 
 3.275465e+01  6.099364e-03 
 3.275498e+01  2.547483e-02 
 3.275530e+01  4.537594e-02 
 3.275562e+01  6.016259e-02 
 3.275595e+01  7.370375e-02 
 3.275627e+01  8.035142e-02 
 3.275659e+01  7.859201e-02 
 3.275691e+01  6.876415e-02 
 3.275724e+01  5.167429e-02 
 3.275756e+01  2.648216e-02 
 3.275788e+01 -1.167189e-02 
 3.275821e+01 -2.871107e-02 
 3.275853e+01 -5.932267e-02 
 3.275885e+01 -6.176740e-02 
 3.275917e+01 -6.096927e-02 
 3.275950e+01 -5.760893e-02 
 3.275982e+01 -5.383054e-02 
 3.276014e+01 -5.076917e-02 
 3.276047e+01 -4.808162e-02 
 3.276079e+01 -4.352749e-02 
 3.276111e+01 -3.998276e-02 
 3.276144e+01 -3.774142e-02 
 3.276176e+01 -1.340378e-01 
 3.276208e+01 -1.376040e-01 
 3.276240e+01 -1.388628e-01 
 3.276273e+01 -1.365637e-01 
 3.276305e+01 -1.323228e-01 
 3.276337e+01 -1.259431e-01 
 3.276370e+01 -1.141567e-01 
 3.276402e+01 -8.499808e-02 
 3.276434e+01 -6.256751e-02 
 3.276467e+01 -4.002887e-02 
 3.276499e+01 -2.534295e-02 
 3.276531e+01 -1.634472e-02 
 3.276563e+01 -1.456474e-02 
 3.276596e+01 -1.981087e-02 
 3.276628e+01 -3.206170e-02 
 3.276660e+01 -5.148058e-02 
 3.276693e+01 -7.605869e-02 
 3.276725e+01 -1.034979e-01 
 3.276757e+01 -1.327479e-01 
 3.276790e+01 -1.581303e-01 
 3.276822e+01 -1.888309e-01 
 3.276854e+01 -1.972063e-01 
 3.276886e+01 -2.030025e-01 
 3.276919e+01 -2.084525e-01 
 3.276951e+01 -2.151811e-01 
 3.276983e+01 -2.226918e-01 
 3.277016e+01 -2.293869e-01 
 3.277048e+01 -2.345635e-01 
 3.277080e+01 -2.375214e-01 
 3.277113e+01 -2.404936e-01 
 3.277145e+01 -2.321486e-01 
 3.277177e+01 -2.421151e-01 
 3.277209e+01 -2.226869e-01 
 3.277242e+01 -2.028501e-01 
 3.277274e+01 -1.817354e-01 
 3.277306e+01 -1.555978e-01 
 3.277339e+01 -1.301284e-01 
 3.277371e+01 -9.507999e-02 
 3.277403e+01 -6.700063e-02 
 3.277436e+01 -4.984115e-02 
 3.277468e+01 -3.866534e-02 
 3.277500e+01 -7.794287e-02 
 3.277532e+01 -8.026102e-02 
 3.277565e+01 -8.320375e-02 
 3.277597e+01 -9.270451e-02 
 3.277629e+01 -1.023739e-01 
 3.277662e+01 -1.119786e-01 
 3.277694e+01 -1.236812e-01 
 3.277726e+01 -1.395497e-01 
 3.277759e+01 -1.582835e-01 
 3.277791e+01 -2.066132e-01 
 3.277823e+01 -2.453023e-01 
 3.277855e+01 -2.682471e-01 
 3.277888e+01 -2.903392e-01 
 3.277920e+01 -3.120330e-01 
 3.277952e+01 -3.311778e-01 
 3.277985e+01 -3.437670e-01 
 3.278017e+01 -3.476139e-01 
 3.278049e+01 -3.425766e-01 
 3.278082e+01 -3.294743e-01 
 3.278114e+01 -3.123377e-01 
 3.278146e+01 -3.129442e-01 
 3.278178e+01 -2.896277e-01 
 3.278211e+01 -2.666244e-01 
 3.278243e+01 -2.455824e-01 
 3.278275e+01 -2.311952e-01 
 3.278308e+01 -2.200147e-01 
 3.278340e+01 -2.051491e-01 
 3.278372e+01 -1.810498e-01 
 3.278405e+01 -1.606386e-01 
 3.278437e+01 -1.368189e-01 
 3.278469e+01 -1.111716e-01 
 3.278501e+01 -8.776223e-02 
 3.278534e+01 -7.048832e-02 
 3.278566e+01 -6.166697e-02 
 3.278598e+01 -6.272116e-02 
 3.278631e+01 -7.376426e-02 
 3.278663e+01 -9.936828e-02 
 3.278695e+01 -1.268172e-01 
 3.278728e+01 -1.581436e-01 
 3.278760e+01 -2.106836e-01 
 3.278792e+01 -2.414189e-01 
 3.278824e+01 -2.772003e-01 
 3.278857e+01 -2.885614e-01 
 3.278889e+01 -2.947329e-01 
 3.278921e+01 -2.993488e-01 
 3.278954e+01 -3.049631e-01 
 3.278986e+01 -3.118351e-01 
 3.279018e+01 -3.183102e-01 
 3.279050e+01 -3.223084e-01 
 3.279083e+01 -3.210024e-01 
 3.279115e+01 -3.160690e-01 
 3.279147e+01 -3.084255e-01 
 3.279180e+01 -2.969177e-01 
 3.279212e+01 -2.813952e-01 
 3.279244e+01 -2.623958e-01 
 3.279277e+01 -2.376987e-01 
 3.279309e+01 -2.133572e-01 
 3.279341e+01 -1.815918e-01 
 3.279373e+01 -1.497438e-01 
 3.279406e+01 -1.267489e-01 
 3.279438e+01 -1.109143e-01 
 3.279470e+01 -1.189062e-01 
 3.279503e+01 -1.220749e-01 
 3.279535e+01 -1.257549e-01 
 3.279567e+01 -1.347745e-01 
 3.279600e+01 -1.488531e-01 
 3.279632e+01 -1.664162e-01 
 3.279664e+01 -1.851220e-01 
 3.279696e+01 -2.043332e-01 
 3.279729e+01 -2.284514e-01 
 3.279761e+01 -2.508409e-01 
 3.279793e+01 -2.762168e-01 
 3.279826e+01 -3.126486e-01 
 3.279858e+01 -3.304030e-01 
 3.279890e+01 -3.451823e-01 
 3.279923e+01 -3.583580e-01 
 3.279955e+01 -3.702435e-01 
 3.279987e+01 -3.794385e-01 
 3.280019e+01 -3.839431e-01 
 3.280052e+01 -3.830943e-01 
 3.280084e+01 -3.768254e-01 
 3.280116e+01 -3.679153e-01 
 3.280149e+01 -3.575922e-01 
 3.280181e+01 -3.461234e-01 
 3.280213e+01 -3.334168e-01 
 3.280246e+01 -3.202734e-01 
 3.280278e+01 -3.055725e-01 
 3.280310e+01 -2.880424e-01 
 3.280342e+01 -2.602878e-01 
 3.280375e+01 -2.382518e-01 
 3.280407e+01 -2.179241e-01 
 3.280439e+01 -2.010544e-01 
 3.280472e+01 -1.866836e-01 
 3.280504e+01 -1.761242e-01 
 3.280536e+01 -1.713469e-01 
 3.280569e+01 -1.729427e-01 
 3.280601e+01 -1.800894e-01 
 3.280633e+01 -1.906008e-01 
 3.280665e+01 -2.023543e-01 
 3.280698e+01 -2.113671e-01 
 3.280730e+01 -2.172611e-01 
 3.280762e+01 -2.232593e-01 
 3.280795e+01 -2.417666e-01 
 3.280827e+01 -2.503911e-01 
 3.280859e+01 -2.733259e-01 
 3.280892e+01 -2.787349e-01 
 3.280924e+01 -2.837158e-01 
 3.280956e+01 -2.888607e-01 
 3.280988e+01 -2.970927e-01 
 3.281021e+01 -3.020312e-01 
 3.281053e+01 -3.298604e-01 
 3.281085e+01 -3.297608e-01 
 3.281118e+01 -3.270926e-01 
 3.281150e+01 -3.198072e-01 
 3.281182e+01 -3.161916e-01 
 3.281215e+01 -3.122621e-01 
 3.281247e+01 -3.044118e-01 
 3.281279e+01 -2.940052e-01 
 3.281311e+01 -2.825989e-01 
 3.281344e+01 -2.651839e-01 
 3.281376e+01 -2.382029e-01 
 3.281408e+01 -2.229651e-01 
 3.281441e+01 -2.082605e-01 
 3.281473e+01 -2.010913e-01 
 3.281505e+01 -2.003398e-01 
 3.281538e+01 -2.051762e-01 
 3.281570e+01 -2.134508e-01 
 3.281602e+01 -2.232394e-01 
 3.281634e+01 -2.327405e-01 
 3.281667e+01 -2.407955e-01 
 3.281699e+01 -2.448682e-01 
 3.281731e+01 -2.444413e-01 
 3.281764e+01 -2.428468e-01 
 3.281796e+01 -2.459778e-01 
 3.281828e+01 -2.513304e-01 
 3.281861e+01 -2.527940e-01 
 3.281893e+01 -2.710419e-01 
 3.281925e+01 -2.751321e-01 
 3.281957e+01 -2.812026e-01 
 3.281990e+01 -2.892425e-01 
 3.282022e+01 -2.941831e-01 
 3.282054e+01 -2.949518e-01 
 3.282087e+01 -2.908952e-01 
 3.282119e+01 -2.811087e-01 
 3.282151e+01 -2.676692e-01 
 3.282183e+01 -2.521683e-01 
 3.282216e+01 -2.338039e-01 
 3.282248e+01 -2.139863e-01 
 3.282280e+01 -1.955381e-01 
 3.282313e+01 -1.812174e-01 
 3.282345e+01 -1.715970e-01 
 3.282377e+01 -1.665975e-01 
 3.282410e+01 -1.644769e-01 
 3.282442e+01 -1.499787e-01 
 3.282474e+01 -1.412448e-01 
 3.282506e+01 -1.314151e-01 
 3.282539e+01 -1.157169e-01 
 3.282571e+01 -1.008057e-01 
 3.282603e+01 -8.524885e-02 
 3.282636e+01 -6.978900e-02 
 3.282668e+01 -5.954680e-02 
 3.282700e+01 -5.374887e-02 
 3.282733e+01 -5.117872e-02 
 3.282765e+01 -5.443627e-02 
 3.282797e+01 -6.832051e-02 
 3.282829e+01 -8.205419e-02 
 3.282862e+01 -9.589051e-02 
 3.282894e+01 -1.215794e-01 
 3.282926e+01 -1.258757e-01 
 3.282959e+01 -1.255091e-01 
 3.282991e+01 -1.185132e-01 
 3.283023e+01 -1.102090e-01 
 3.283056e+01 -1.015198e-01 
 3.283088e+01 -9.369734e-02 
 3.283120e+01 -8.775852e-02 
 3.283152e+01 -8.242612e-02 
 3.283185e+01 -7.951417e-02 
 3.283217e+01 -7.503464e-02 
 3.283249e+01 -6.858534e-02 
 3.283282e+01 -5.784701e-02 
 3.283314e+01 -6.738311e-02 
 3.283346e+01 -5.044237e-02 
 3.283379e+01 -3.122305e-02 
 3.283411e+01 -1.118468e-02 
 3.283443e+01  8.583935e-03 
 3.283475e+01  2.664522e-02 
 3.283508e+01  4.226831e-02 
 3.283540e+01  5.644588e-02 
 3.283572e+01  7.088010e-02 
 3.283605e+01  9.281277e-02 
 3.283637e+01  1.077917e-01 
 3.283669e+01  1.204478e-01 
 3.283702e+01  1.355081e-01 
 3.283734e+01  1.543870e-01 
 3.283766e+01  1.728398e-01 
 3.283798e+01  1.858275e-01 
 3.283831e+01  1.934149e-01 
 3.283863e+01  1.964393e-01 
 3.283895e+01  1.803067e-01 
 3.283928e+01  1.759057e-01 
 3.283960e+01  1.689186e-01 
 3.283992e+01  1.588168e-01 
 3.284025e+01  1.463034e-01 
 3.284057e+01  1.332533e-01 
 3.284089e+01  1.222588e-01 
 3.284121e+01  1.150580e-01 
 3.284154e+01  1.109077e-01 
 3.284186e+01  1.087966e-01 
 3.284218e+01  1.108835e-01 
 3.284251e+01  1.166739e-01 
 3.284283e+01  1.238051e-01 
 3.284315e+01  1.284586e-01 
 3.284348e+01  1.338275e-01 
 3.284380e+01  1.372817e-01 
 3.284412e+01  1.386369e-01 
 3.284444e+01  1.396998e-01 
 3.284477e+01  1.432978e-01 
 3.284509e+01  1.511246e-01 
 3.284541e+01  1.642002e-01 
 3.284574e+01  1.814213e-01 
 3.284606e+01  2.010438e-01 
 3.284638e+01  2.202681e-01 
 3.284671e+01  2.449341e-01 
 3.284703e+01  2.684741e-01 
 3.284735e+01  2.821690e-01 
 3.284767e+01  2.927069e-01 
 3.284800e+01  2.982038e-01 
 3.284832e+01  2.979570e-01 
 3.284864e+01  2.934662e-01 
 3.284897e+01  2.854376e-01 
 3.284929e+01  2.615595e-01 
 3.284961e+01  2.538522e-01 
 3.284994e+01  2.471168e-01 
 3.285026e+01  2.410274e-01 
 3.285058e+01  2.353059e-01 
 3.285090e+01  2.301173e-01 
 3.285123e+01  2.267714e-01 
 3.285155e+01  2.251613e-01 
 3.285187e+01  2.244830e-01 
 3.285220e+01  2.051261e-01 
 3.285252e+01  2.038156e-01 
 3.285284e+01  2.033437e-01 
 3.285316e+01  2.029510e-01 
 3.285349e+01  2.035297e-01 
 3.285381e+01  2.079688e-01 
 3.285413e+01  2.200881e-01 
 3.285446e+01  2.330497e-01 
 3.285478e+01  2.478123e-01 
 3.285510e+01  2.675115e-01 
 3.285543e+01  2.902012e-01 
 3.285575e+01  3.133762e-01 
 3.285607e+01  3.347907e-01 
 3.285639e+01  3.522370e-01 
 3.285672e+01  3.689090e-01 
 3.285704e+01  3.831898e-01 
 3.285736e+01  3.911102e-01 
 3.285769e+01  3.929018e-01 
 3.285801e+01  3.904908e-01 
 3.285833e+01  3.847014e-01 
 3.285866e+01  3.774222e-01 
 3.285898e+01  3.654896e-01 
 3.285930e+01  3.576545e-01 
 3.285962e+01  3.337889e-01 
 3.285995e+01  3.230836e-01 
 3.286027e+01  3.092479e-01 
 3.286059e+01  2.923722e-01 
 3.286092e+01  2.739248e-01 
 3.286124e+01  2.553930e-01 
 3.286156e+01  2.366522e-01 
 3.286189e+01  2.156530e-01 
 3.286221e+01  2.085417e-01 
 3.286253e+01  2.055517e-01 
 3.286285e+01  1.791839e-01 
 3.286318e+01  1.840448e-01 
 3.286350e+01  1.932105e-01 
 3.286382e+01  2.118918e-01 
 3.286415e+01  2.270025e-01 
 3.286447e+01  2.335485e-01 
 3.286479e+01  2.485182e-01 
 3.286512e+01  2.687259e-01 
 3.286544e+01  2.893940e-01 
 3.286576e+01  3.114839e-01 
 3.286608e+01  3.333655e-01 
 3.286641e+01  3.532142e-01 
 3.286673e+01  3.739529e-01 
 3.286705e+01  3.899223e-01 
 3.286738e+01  3.979767e-01 
 3.286770e+01  3.988101e-01 
 3.286802e+01  3.938696e-01 
 3.286835e+01  3.843809e-01 
 3.286867e+01  3.710935e-01 
 3.286899e+01  3.544732e-01 
 3.286931e+01  3.357919e-01 
 3.286964e+01  3.126423e-01 
 3.286996e+01  2.808433e-01 
 3.287028e+01  2.661039e-01 
 3.287061e+01  2.513395e-01 
 3.287093e+01  2.358720e-01 
 3.287125e+01  2.197922e-01 
 3.287158e+01  1.924168e-01 
 3.287190e+01  1.820501e-01 
 3.287222e+01  1.706901e-01 
 3.287254e+01  1.372494e-01 
 3.287287e+01  1.303554e-01 
 3.287319e+01  1.280147e-01 
 3.287351e+01  1.312175e-01 
 3.287384e+01  1.403382e-01 
 3.287416e+01  1.600020e-01 
 3.287448e+01  1.909131e-01 
 3.287481e+01  2.263856e-01 
 3.287513e+01  2.607222e-01 
 3.287545e+01  2.928578e-01 
 3.287577e+01  3.195026e-01 
 3.287610e+01  3.385619e-01 
 3.287642e+01  3.532537e-01 
 3.287674e+01  3.666083e-01 
 3.287707e+01  3.745131e-01 
 3.287739e+01  3.755145e-01 
 3.287771e+01  3.712274e-01 
 3.287804e+01  3.655023e-01 
 3.287836e+01  3.592250e-01 
 3.287868e+01  3.505995e-01 
 3.287900e+01  3.384319e-01 
 3.287933e+01  3.222424e-01 
 3.287965e+01  2.970492e-01 
 3.287997e+01  2.730611e-01 
 3.288030e+01  2.323268e-01 
 3.288062e+01  1.998244e-01 
 3.288094e+01  1.708775e-01 
 3.288127e+01  1.424297e-01 
 3.288159e+01  1.190875e-01 
 3.288191e+01  8.787152e-02 
 3.288223e+01  7.389014e-02 
 3.288256e+01  4.093283e-02 
 3.288288e+01  3.484972e-02 
 3.288320e+01  3.731784e-02 
 3.288353e+01  4.412477e-02 
 3.288385e+01  5.354574e-02 
 3.288417e+01  6.961174e-02 
 3.288450e+01  8.989138e-02 
 3.288482e+01  1.129667e-01 
 3.288514e+01  1.373421e-01 
 3.288546e+01  1.390957e-01 
 3.288579e+01  1.618637e-01 
 3.288611e+01  1.806576e-01 
 3.288643e+01  2.010841e-01 
 3.288676e+01  2.215971e-01 
 3.288708e+01  2.337578e-01 
 3.288740e+01  2.437409e-01 
 3.288772e+01  2.470744e-01 
 3.288805e+01  2.446342e-01 
 3.288837e+01  2.403791e-01 
 3.288869e+01  2.312319e-01 
 3.288902e+01  2.169816e-01 
 3.288934e+01  1.973532e-01 
 3.288966e+01  1.733661e-01 
 3.288999e+01  1.391825e-01 
 3.289031e+01  1.126753e-01 
 3.289063e+01  7.885703e-02 
 3.289095e+01  5.498770e-02 
 3.289128e+01  3.251387e-02 
 3.289160e+01  1.325726e-02 
 3.289192e+01 -3.232695e-03 
 3.289225e+01 -2.030114e-02 
 3.289257e+01 -4.328198e-02 
 3.289289e+01 -5.502317e-02 
 3.289322e+01 -6.310985e-02 
 3.289354e+01 -6.686716e-02 
 3.289386e+01 -6.605181e-02 
 3.289418e+01 -6.117825e-02 
 3.289451e+01 -4.816110e-02 
 3.289483e+01 -3.245413e-02 
 3.289515e+01 -1.542768e-02 
 3.289548e+01  1.203010e-03 
 3.289580e+01  1.487776e-02 
 3.289612e+01  2.767288e-02 
 3.289645e+01  3.968511e-02 
 3.289677e+01  4.943180e-02 
 3.289709e+01  5.450723e-02 
 3.289741e+01  5.339846e-02 
 3.289774e+01  4.612945e-02 
 3.289806e+01  3.532511e-02 
 3.289838e+01  2.299150e-02 
 3.289871e+01  9.441175e-03 
 3.289903e+01 -5.654584e-02 
 3.289935e+01 -7.440821e-02 
 3.289968e+01 -9.773897e-02 
 3.290000e+01 -1.182689e-01 
 3.290032e+01 -1.403167e-01 
 3.290064e+01 -1.681671e-01 
 3.290097e+01 -2.064132e-01 
 3.290129e+01 -2.302341e-01 
 3.290161e+01 -2.553467e-01 
 3.290194e+01 -2.752712e-01 
 3.290226e+01 -2.910425e-01 
 3.290258e+01 -3.022148e-01 
 3.290291e+01 -3.085767e-01 
 3.290323e+01 -3.087182e-01 
 3.290355e+01 -3.021762e-01 
 3.290387e+01 -2.984543e-01 
 3.290420e+01 -2.836425e-01 
 3.290452e+01 -2.675644e-01 
 3.290484e+01 -2.530988e-01 
 3.290517e+01 -2.421354e-01 
 3.290549e+01 -2.328990e-01 
 3.290581e+01 -2.234974e-01 
 3.290614e+01 -2.117798e-01 
 3.290646e+01 -2.002735e-01 
 3.290678e+01 -1.898740e-01 
 3.290710e+01 -1.805517e-01 
 3.290743e+01 -1.732773e-01 
 3.290775e+01 -1.703797e-01 
 3.290807e+01 -1.715649e-01 
 3.290840e+01 -1.761134e-01 
 3.290872e+01 -1.841474e-01 
 3.290904e+01 -1.968596e-01 
 3.290937e+01 -2.151372e-01 
 3.290969e+01 -2.385171e-01 
 3.291001e+01 -2.654116e-01 
 3.291033e+01 -2.938241e-01 
 3.291066e+01 -3.205164e-01 
 3.291098e+01 -3.513146e-01 
 3.291130e+01 -3.729656e-01 
 3.291163e+01 -4.055247e-01 
 3.291195e+01 -4.202030e-01 
 3.291227e+01 -4.352635e-01 
 3.291260e+01 -4.431093e-01 
 3.291292e+01 -4.484109e-01 
 3.291324e+01 -4.514544e-01 
 3.291356e+01 -4.501473e-01 
 3.291389e+01 -4.442483e-01 
 3.291421e+01 -4.338203e-01 
 3.291453e+01 -4.206747e-01 
 3.291486e+01 -4.063247e-01 
 3.291518e+01 -3.920891e-01 
 3.291550e+01 -3.779335e-01 
 3.291583e+01 -3.638824e-01 
 3.291615e+01 -3.461359e-01 
 3.291647e+01 -3.275855e-01 
 3.291679e+01 -3.089489e-01 
 3.291712e+01 -2.921027e-01 
 3.291744e+01 -2.776772e-01 
 3.291776e+01 -2.666196e-01 
 3.291809e+01 -2.589759e-01 
 3.291841e+01 -2.549808e-01 
 3.291873e+01 -2.542579e-01 
 3.291905e+01 -2.568346e-01 
 3.291938e+01 -2.640305e-01 
 3.291970e+01 -2.794446e-01 
 3.292002e+01 -2.956502e-01 
 3.292035e+01 -3.152993e-01 
 3.292067e+01 -3.368831e-01 
 3.292099e+01 -3.584778e-01 
 3.292132e+01 -3.784473e-01 
 3.292164e+01 -4.006566e-01 
 3.292196e+01 -4.303854e-01 
 3.292228e+01 -4.443711e-01 
 3.292261e+01 -4.550377e-01 
 3.292293e+01 -4.615211e-01 
 3.292325e+01 -4.653268e-01 
 3.292358e+01 -4.679418e-01 
 3.292390e+01 -4.694082e-01 
 3.292422e+01 -4.690610e-01 
 3.292455e+01 -4.663712e-01 
 3.292487e+01 -4.617115e-01 
 3.292519e+01 -4.555099e-01 
 3.292551e+01 -4.485614e-01 
 3.292584e+01 -4.393417e-01 
 3.292616e+01 -4.267290e-01 
 3.292648e+01 -4.086125e-01 
 3.292681e+01 -4.203599e-01 
 3.292713e+01 -4.016764e-01 
 3.292745e+01 -3.859403e-01 
 3.292778e+01 -3.728829e-01 
 3.292810e+01 -3.625933e-01 
 3.292842e+01 -3.577251e-01 
 3.292874e+01 -3.558832e-01 
 3.292907e+01 -3.550538e-01 
 3.292939e+01 -3.551126e-01 
 3.292971e+01 -3.570858e-01 
 3.293004e+01 -3.613742e-01 
 3.293036e+01 -3.690900e-01 
 3.293068e+01 -3.792029e-01 
 3.293101e+01 -3.898508e-01 
 3.293133e+01 -4.004901e-01 
 3.293165e+01 -4.110091e-01 
 3.293197e+01 -4.267474e-01 
 3.293230e+01 -4.539839e-01 
 3.293262e+01 -4.651582e-01 
 3.293294e+01 -4.737629e-01 
 3.293327e+01 -4.785687e-01 
 3.293359e+01 -4.802064e-01 
 3.293391e+01 -4.799514e-01 
 3.293424e+01 -4.771813e-01 
 3.293456e+01 -4.728948e-01 
 3.293488e+01 -4.656337e-01 
 3.293520e+01 -4.557615e-01 
 3.293553e+01 -4.442455e-01 
 3.293585e+01 -4.309299e-01 
 3.293617e+01 -4.158541e-01 
 3.293650e+01 -3.976961e-01 
 3.293682e+01 -3.767287e-01 
 3.293714e+01 -3.537691e-01 
 3.293747e+01 -3.312116e-01 
 3.293779e+01 -3.098523e-01 
 3.293811e+01 -2.899594e-01 
 3.293843e+01 -2.721539e-01 
 3.293876e+01 -2.586733e-01 
 3.293908e+01 -2.492389e-01 
 3.293940e+01 -2.434554e-01 
 3.293973e+01 -2.406314e-01 
 3.294005e+01 -2.408466e-01 
 3.294037e+01 -2.444872e-01 
 3.294070e+01 -2.520094e-01 
 3.294102e+01 -2.625696e-01 
 3.294134e+01 -2.754732e-01 
 3.294166e+01 -2.889987e-01 
 3.294199e+01 -3.039461e-01 
 3.294231e+01 -3.264097e-01 
 3.294263e+01 -3.586674e-01 
 3.294296e+01 -3.753876e-01 
 3.294328e+01 -3.896734e-01 
 3.294360e+01 -4.023857e-01 
 3.294393e+01 -4.127735e-01 
 3.294425e+01 -4.203709e-01 
 3.294457e+01 -4.250065e-01 
 3.294489e+01 -4.252873e-01 
 3.294522e+01 -4.218506e-01 
 3.294554e+01 -4.177990e-01 
 3.294586e+01 -4.145500e-01 
 3.294619e+01 -4.104803e-01 
 3.294651e+01 -4.036699e-01 
 3.294683e+01 -3.939439e-01 
 3.294716e+01 -3.834432e-01 
 3.294748e+01 -3.705312e-01 
 3.294780e+01 -3.573275e-01 
 3.294812e+01 -3.442938e-01 
 3.294845e+01 -3.310114e-01 
 3.294877e+01 -3.229877e-01 
 3.294909e+01 -3.123699e-01 
 3.294942e+01 -3.063324e-01 
 3.294974e+01 -3.054374e-01 
 3.295006e+01 -3.099147e-01 
 3.295038e+01 -3.205067e-01 
 3.295071e+01 -3.356218e-01 
 3.295103e+01 -3.538888e-01 
 3.295135e+01 -3.736271e-01 
 3.295168e+01 -3.933571e-01 
 3.295200e+01 -4.114108e-01 
 3.295232e+01 -4.338486e-01 
 3.295265e+01 -4.650099e-01 
 3.295297e+01 -4.803402e-01 
 3.295329e+01 -4.934682e-01 
 3.295361e+01 -5.042221e-01 
 3.295394e+01 -5.129991e-01 
 3.295426e+01 -5.202160e-01 
 3.295458e+01 -5.241711e-01 
 3.295491e+01 -5.234330e-01 
 3.295523e+01 -5.176900e-01 
 3.295555e+01 -5.070094e-01 
 3.295588e+01 -4.909849e-01 
 3.295620e+01 -4.715109e-01 
 3.295652e+01 -4.500610e-01 
 3.295684e+01 -4.281425e-01 
 3.295717e+01 -4.042545e-01 
 3.295749e+01 -3.780466e-01 
 3.295781e+01 -3.520413e-01 
 3.295814e+01 -3.286776e-01 
 3.295846e+01 -3.071575e-01 
 3.295878e+01 -2.884047e-01 
 3.295911e+01 -2.739558e-01 
 3.295943e+01 -2.634611e-01 
 3.295975e+01 -2.598383e-01 
 3.296007e+01 -2.587664e-01 
 3.296040e+01 -2.633677e-01 
 3.296072e+01 -2.698727e-01 
 3.296104e+01 -2.820591e-01 
 3.296137e+01 -2.999720e-01 
 3.296169e+01 -3.210532e-01 
 3.296201e+01 -3.439051e-01 
 3.296234e+01 -3.653197e-01 
 3.296266e+01 -4.057335e-01 
 3.296298e+01 -4.267787e-01 
 3.296330e+01 -4.456543e-01 
 3.296363e+01 -4.605728e-01 
 3.296395e+01 -4.718474e-01 
 3.296427e+01 -4.779623e-01 
 3.296460e+01 -4.912564e-01 
 3.296492e+01 -4.863235e-01 
 3.296524e+01 -4.765828e-01 
 3.296557e+01 -4.631555e-01 
 3.296589e+01 -4.436715e-01 
 3.296621e+01 -4.190667e-01 
 3.296653e+01 -3.915549e-01 
 3.296686e+01 -3.649975e-01 
 3.296718e+01 -3.351235e-01 
 3.296750e+01 -3.033137e-01 
 3.296783e+01 -2.675551e-01 
 3.296815e+01 -2.390954e-01 
 3.296847e+01 -2.101295e-01 
 3.296880e+01 -1.894800e-01 
 3.296912e+01 -1.693485e-01 
 3.296944e+01 -1.543401e-01 
 3.296976e+01 -1.418736e-01 
 3.297009e+01 -1.365688e-01 
 3.297041e+01 -1.377712e-01 
 3.297073e+01 -1.441075e-01 
 3.297106e+01 -1.566299e-01 
 3.297138e+01 -1.741109e-01 
 3.297170e+01 -1.950797e-01 
 3.297203e+01 -2.186589e-01 
 3.297235e+01 -2.428632e-01 
 3.297267e+01 -2.725063e-01 
 3.297299e+01 -3.108710e-01 
 3.297332e+01 -3.352354e-01 
 3.297364e+01 -3.576648e-01 
 3.297396e+01 -3.759689e-01 
 3.297429e+01 -4.010879e-01 
 3.297461e+01 -4.098867e-01 
 3.297493e+01 -4.108142e-01 
 3.297526e+01 -4.082341e-01 
 3.297558e+01 -4.009851e-01 
 3.297590e+01 -3.907830e-01 
 3.297622e+01 -3.775536e-01 
 3.297655e+01 -3.607059e-01 
 3.297687e+01 -3.419425e-01 
 3.297719e+01 -3.220763e-01 
 3.297752e+01 -2.997256e-01 
 3.297784e+01 -2.705393e-01 
 3.297816e+01 -2.394849e-01 
 3.297848e+01 -2.111464e-01 
 3.297881e+01 -1.857356e-01 
 3.297913e+01 -1.670191e-01 
 3.297945e+01 -1.566513e-01 
 3.297978e+01 -1.498439e-01 
 3.298010e+01 -1.478742e-01 
 3.298042e+01 -1.527554e-01 
 3.298075e+01 -1.644935e-01 
 3.298107e+01 -2.357964e-01 
 3.298139e+01 -2.584087e-01 
 3.298171e+01 -2.844407e-01 
 3.298204e+01 -3.111943e-01 
 3.298236e+01 -3.370485e-01 
 3.298268e+01 -3.647278e-01 
 3.298301e+01 -3.968983e-01 
 3.298333e+01 -4.121387e-01 
 3.298365e+01 -4.242878e-01 
 3.298398e+01 -4.335865e-01 
 3.298430e+01 -4.376160e-01 
 3.298462e+01 -4.479996e-01 
 3.298494e+01 -4.408441e-01 
 3.298527e+01 -4.293223e-01 
 3.298559e+01 -4.170913e-01 
 3.298591e+01 -3.994643e-01 
 3.298624e+01 -3.786068e-01 
 3.298656e+01 -3.505398e-01 
 3.298688e+01 -3.190492e-01 
 3.298721e+01 -2.857307e-01 
 3.298753e+01 -2.491648e-01 
 3.298785e+01 -2.091273e-01 
 3.298817e+01 -1.671763e-01 
 3.298850e+01 -1.349327e-01 
 3.298882e+01 -1.053329e-01 
 3.298914e+01 -8.659570e-02 
 3.298947e+01 -7.433601e-02 
 3.298979e+01 -6.680285e-02 
 3.299011e+01 -6.553225e-02 
 3.299044e+01 -7.448356e-02 
 3.299076e+01 -8.679302e-02 
 3.299108e+01 -1.017806e-01 
 3.299140e+01 -1.200241e-01 
 3.299173e+01 -1.414380e-01 
 3.299205e+01 -1.647885e-01 
 3.299237e+01 -1.885330e-01 
 3.299270e+01 -2.161028e-01 
 3.299302e+01 -2.731733e-01 
 3.299334e+01 -2.945568e-01 
 3.299367e+01 -3.145141e-01 
 3.299399e+01 -3.331781e-01 
 3.299431e+01 -3.502642e-01 
 3.299463e+01 -3.612546e-01 
 3.299496e+01 -3.786443e-01 
 3.299528e+01 -3.765516e-01 
 3.299560e+01 -3.674408e-01 
 3.299593e+01 -3.525492e-01 
 3.299625e+01 -3.317311e-01 
 3.299657e+01 -3.025464e-01 
 3.299690e+01 -2.714597e-01 
 3.299722e+01 -2.397142e-01 
 3.299754e+01 -2.083099e-01 
 3.299786e+01 -1.763209e-01 
 3.299819e+01 -1.429197e-01 
 3.299851e+01 -1.102627e-01 
 3.299883e+01 -8.338607e-02 
 3.299916e+01 -6.350127e-02 
 3.299948e+01 -5.184006e-02 
 3.299980e+01 -4.490646e-02 
 3.300013e+01 -4.157701e-02 
 3.300045e+01 -4.185184e-02 
 3.300077e+01 -4.815657e-02 
 3.300109e+01 -6.327050e-02 
 3.300142e+01 -8.583231e-02 
 3.300174e+01 -1.103914e-01 
 3.300206e+01 -1.392944e-01 
 3.300239e+01 -1.708550e-01 
 3.300271e+01 -2.036682e-01 
 3.300303e+01 -2.396268e-01 
 3.300336e+01 -2.805587e-01 
 3.300368e+01 -3.027599e-01 
 3.300400e+01 -3.202732e-01 
 3.300432e+01 -3.347614e-01 
 3.300465e+01 -3.467385e-01 
 3.300497e+01 -3.543442e-01 
 3.300529e+01 -3.680803e-01 
 3.300562e+01 -3.637943e-01 
 3.300594e+01 -3.545729e-01 
 3.300626e+01 -3.399398e-01 
 3.300659e+01 -3.179263e-01 
 3.300691e+01 -2.920124e-01 
 3.300723e+01 -2.639131e-01 
 3.300755e+01 -2.341866e-01 
 3.300788e+01 -2.014432e-01 
 3.300820e+01 -1.686014e-01 
 3.300852e+01 -1.325608e-01 
 3.300885e+01 -9.959705e-02 
 3.300917e+01 -7.258772e-02 
 3.300949e+01 -5.169042e-02 
 3.300981e+01 -3.831925e-02 
 3.301014e+01 -2.923134e-02 
 3.301046e+01 -2.493894e-02 
 3.301078e+01 -2.615316e-02 
 3.301111e+01 -3.308525e-02 
 3.301143e+01 -4.683986e-02 
 3.301175e+01 -6.598447e-02 
 3.301208e+01 -8.518351e-02 
 3.301240e+01 -1.065657e-01 
 3.301272e+01 -1.294494e-01 
 3.301304e+01 -1.538408e-01 
 3.301337e+01 -1.947326e-01 
 3.301369e+01 -2.151521e-01 
 3.301401e+01 -2.340852e-01 
 3.301434e+01 -2.524678e-01 
 3.301466e+01 -2.688690e-01 
 3.301498e+01 -2.812687e-01 
 3.301531e+01 -2.984290e-01 
 3.301563e+01 -2.946638e-01 
 3.301595e+01 -2.840724e-01 
 3.301627e+01 -2.676872e-01 
 3.301660e+01 -2.509163e-01 
 3.301692e+01 -2.277466e-01 
 3.301724e+01 -1.970912e-01 
 3.301757e+01 -1.621477e-01 
 3.301789e+01 -1.267349e-01 
 3.301821e+01 -9.316218e-02 
 3.301854e+01 -5.953955e-02 
 3.301886e+01 -2.656464e-02 
 3.301918e+01  7.725468e-03 
 3.301950e+01  3.954836e-02 
 3.301983e+01  6.802175e-02 
 3.302015e+01  9.002934e-02 
 3.302047e+01  1.062526e-01 
 3.302080e+01  1.175448e-01 
 3.302112e+01  1.249518e-01 
 3.302144e+01  1.267320e-01 
 3.302177e+01  1.221392e-01 
 3.302209e+01  1.113754e-01 
 3.302241e+01  9.480052e-02 
 3.302273e+01  7.435524e-02 
 3.302306e+01  5.120496e-02 
 3.302338e+01  2.222136e-02 
 3.302370e+01 -1.328207e-02 
 3.302403e+01 -3.400422e-02 
 3.302435e+01 -5.447522e-02 
 3.302467e+01 -7.428327e-02 
 3.302500e+01 -9.248228e-02 
 3.302532e+01 -1.170098e-01 
 3.302564e+01 -1.233159e-01 
 3.302596e+01 -1.462946e-01 
 3.302629e+01 -1.429386e-01 
 3.302661e+01 -1.372823e-01 
 3.302693e+01 -1.304761e-01 
 3.302726e+01 -1.161463e-01 
 3.302758e+01 -9.720825e-02 
 3.302790e+01 -6.980872e-02 
 3.302823e+01 -4.363105e-02 
 3.302855e+01 -1.617295e-02 
 3.302887e+01  1.059474e-02 
 3.302919e+01  3.363896e-02 
 3.302952e+01  5.846322e-02 
 3.302984e+01  8.022735e-02 
 3.303016e+01  9.889728e-02 
 3.303049e+01  1.135887e-01 
 3.303081e+01  1.229333e-01 
 3.303113e+01  1.266971e-01 
 3.303146e+01  1.238261e-01 
 3.303178e+01  1.160662e-01 
 3.303210e+01  1.037374e-01 
 3.303242e+01  8.574120e-02 
 3.303275e+01  6.000217e-02 
 3.303307e+01  3.472284e-02 
 3.303339e+01  9.108621e-03 
 3.303372e+01 -2.207737e-02 
 3.303404e+01 -6.238293e-02 
 3.303436e+01 -8.940133e-02 
 3.303469e+01 -1.163962e-01 
 3.303501e+01 -1.425316e-01 
 3.303533e+01 -1.767593e-01 
 3.303565e+01 -2.029278e-01 
 3.303598e+01 -2.200542e-01 
 3.303630e+01 -2.186549e-01 
 3.303662e+01 -2.193134e-01 
 3.303695e+01 -2.097152e-01 
 3.303727e+01 -1.975878e-01 
 3.303759e+01 -1.831999e-01 
 3.303792e+01 -1.591912e-01 
 3.303824e+01 -1.296809e-01 
 3.303856e+01 -9.600071e-02 
 3.303888e+01 -6.223333e-02 
 3.303921e+01 -3.293381e-02 
 3.303953e+01 -2.699173e-03 
 3.303985e+01  2.761804e-02 
 3.304018e+01  5.551827e-02 
 3.304050e+01  7.982046e-02 
 3.304082e+01  9.942922e-02 
 3.304114e+01  1.142908e-01 
 3.304147e+01  1.240040e-01 
 3.304179e+01  1.266505e-01 
 3.304211e+01  1.199575e-01 
 3.304244e+01  1.040988e-01 
 3.304276e+01  7.621704e-02 
 3.304308e+01  4.794770e-02 
 3.304341e+01  1.610078e-02 
 3.304373e+01 -1.825473e-02 
 3.304405e+01 -5.677519e-02 
 3.304437e+01 -1.002522e-01 
 3.304470e+01 -1.278522e-01 
 3.304502e+01 -1.543940e-01 
 3.304534e+01 -1.858442e-01 
 3.304567e+01 -2.069751e-01 
 3.304599e+01 -2.413050e-01 
 3.304631e+01 -2.551226e-01 
 3.304664e+01 -2.568618e-01 
 3.304696e+01 -2.557947e-01 
 3.304728e+01 -2.520085e-01 
 3.304760e+01 -2.454033e-01 
 3.304793e+01 -2.309969e-01 
 3.304825e+01 -2.078798e-01 
 3.304857e+01 -1.708795e-01 
 3.304890e+01 -1.253126e-01 
 3.304922e+01 -7.899986e-02 
 3.304954e+01 -3.329620e-02 
 3.304987e+01  9.381273e-03 
 3.305019e+01  4.948052e-02 
 3.305051e+01  8.283404e-02 
 3.305083e+01  1.118771e-01 
 3.305116e+01  1.351064e-01 
 3.305148e+01  1.521285e-01 
 3.305180e+01  1.627200e-01 
 3.305213e+01  1.682183e-01 
 3.305245e+01  1.673362e-01 
 3.305277e+01  1.570777e-01 
 3.305310e+01  1.377554e-01 
 3.305342e+01  1.087782e-01 
 3.305374e+01  7.943037e-02 
 3.305406e+01  4.775084e-02 
 3.305439e+01  9.430359e-03 
 3.305471e+01 -3.842744e-02 
 3.305503e+01 -7.242952e-02 
 3.305536e+01 -1.069147e-01 
 3.305568e+01 -1.509621e-01 
 3.305600e+01 -1.996161e-01 
 3.305633e+01 -2.258205e-01 
 3.305665e+01 -2.392688e-01 
 3.305697e+01 -2.473620e-01 
 3.305729e+01 -2.504784e-01 
 3.305762e+01 -2.497330e-01 
 3.305794e+01 -2.446204e-01 
 3.305826e+01 -2.336274e-01 
 3.305859e+01 -2.153375e-01 
 3.305891e+01 -1.863947e-01 
 3.305923e+01 -1.527319e-01 
 3.305956e+01 -1.183203e-01 
 3.305988e+01 -8.322296e-02 
 3.306020e+01 -4.738428e-02 
 3.306052e+01 -1.268353e-02 
 3.306085e+01  1.920291e-02 
 3.306117e+01  4.451907e-02 
 3.306149e+01  6.471790e-02 
 3.306182e+01  8.005915e-02 
 3.306214e+01  8.752204e-02 
 3.306246e+01  9.209747e-02 
 3.306279e+01  8.783505e-02 
 3.306311e+01  7.465537e-02 
 3.306343e+01  5.502590e-02 
 3.306375e+01  3.080579e-02 
 3.306408e+01  2.009292e-03 
 3.306440e+01 -2.788872e-02 
 3.306472e+01 -6.141175e-02 
 3.306505e+01 -1.011055e-01 
 3.306537e+01 -1.274434e-01 
 3.306569e+01 -1.526254e-01 
 3.306602e+01 -1.954856e-01 
 3.306634e+01 -2.195686e-01 
 3.306666e+01 -2.353765e-01 
 3.306698e+01 -2.394717e-01 
 3.306731e+01 -2.352795e-01 
 3.306763e+01 -2.267491e-01 
 3.306795e+01 -2.138911e-01 
 3.306828e+01 -1.954883e-01 
 3.306860e+01 -1.708575e-01 
 3.306892e+01 -1.401378e-01 
 3.306925e+01 -1.007922e-01 
 3.306957e+01 -5.794615e-02 
 3.306989e+01 -1.888706e-02 
 3.307021e+01  2.114693e-02 
 3.307054e+01  6.240989e-02 
 3.307086e+01  1.004040e-01 
 3.307118e+01  1.333308e-01 
 3.307151e+01  1.608331e-01 
 3.307183e+01  1.820234e-01 
 3.307215e+01  1.976220e-01 
 3.307247e+01  2.080592e-01 
 3.307280e+01  2.108276e-01 
 3.307312e+01  2.061247e-01 
 3.307344e+01  1.927237e-01 
 3.307377e+01  1.736073e-01 
 3.307409e+01  1.487077e-01 
 3.307441e+01  1.208060e-01 
 3.307474e+01  9.209413e-02 
 3.307506e+01  4.478726e-02 
 3.307538e+01  1.394934e-02 
 3.307570e+01 -1.615258e-02 
 3.307603e+01 -5.678126e-02 
 3.307635e+01 -9.987353e-02 
 3.307667e+01 -1.217668e-01 
 3.307700e+01 -1.304204e-01 
 3.307732e+01 -1.332932e-01 
 3.307764e+01 -1.297499e-01 
 3.307797e+01 -1.216857e-01 
 3.307829e+01 -1.099607e-01 
 3.307861e+01 -9.320868e-02 
 3.307893e+01 -7.262322e-02 
 3.307926e+01 -4.734640e-02 
 3.307958e+01 -1.597281e-02 
 3.307990e+01  1.867019e-02 
 3.308023e+01  5.292611e-02 
 3.308055e+01  8.565796e-02 
 3.308087e+01  1.179355e-01 
 3.308120e+01  1.412826e-01 
 3.308152e+01  1.563904e-01 
 3.308184e+01  1.654772e-01 
 3.308216e+01  1.675832e-01 
 3.308249e+01  1.645882e-01 
 3.308281e+01  1.555219e-01 
 3.308313e+01  1.406277e-01 
 3.308346e+01  1.193621e-01 
 3.308378e+01  9.318828e-02 
 3.308410e+01  6.488461e-02 
 3.308443e+01  3.948254e-02 
 3.308475e+01  1.851019e-02 
 3.308507e+01  2.192755e-03 
 3.308539e+01 -7.929565e-03 
 3.308572e+01 -2.306967e-02 
 3.308604e+01 -4.468267e-02 
 3.308636e+01 -6.568958e-02 
 3.308669e+01 -9.626406e-02 
 3.308701e+01 -1.170103e-01 
 3.308733e+01 -1.335943e-01 
 3.308766e+01 -1.488663e-01 
 3.308798e+01 -1.635769e-01 
 3.308830e+01 -1.737756e-01 
 3.308862e+01 -1.804254e-01 
 3.308895e+01 -1.801075e-01 
 3.308927e+01 -1.722089e-01 
 3.308959e+01 -1.564461e-01 
 3.308992e+01 -1.298810e-01 
 3.309024e+01 -9.823714e-02 
 3.309056e+01 -6.636784e-02 
 3.309089e+01 -3.682951e-02 
 3.309121e+01 -8.218919e-03 
 3.309153e+01  1.638692e-02 
 3.309185e+01  3.802566e-02 
 3.309218e+01  5.170734e-02 
 3.309250e+01  5.326247e-02 
 3.309282e+01  5.354238e-02 
 3.309315e+01  5.425472e-02 
 3.309347e+01  5.080113e-02 
 3.309379e+01  3.287849e-02 
 3.309412e+01  1.286907e-02 
 3.309444e+01 -7.082951e-03 
 3.309476e+01 -2.443813e-02 
 3.309508e+01 -4.221667e-02 
 3.309541e+01 -5.916168e-02 
 3.309573e+01 -7.436446e-02 
 3.309605e+01 -8.115702e-02 
 3.309638e+01 -9.082116e-02 
 3.309670e+01 -9.244637e-02 
 3.309702e+01 -8.559064e-02 
 3.309735e+01 -8.582446e-02 
 3.309767e+01 -9.733083e-02 
 3.309799e+01 -1.054765e-01 
 3.309831e+01 -1.168843e-01 
 3.309864e+01 -1.253109e-01 
 3.309896e+01 -1.339136e-01 
 3.309928e+01 -1.417621e-01 
 3.309961e+01 -1.497562e-01 
 3.309993e+01 -1.545278e-01 
 3.310025e+01 -1.539135e-01 
 3.310058e+01 -1.480474e-01 
 3.310090e+01 -1.365413e-01 
 3.310122e+01 -1.209001e-01 
 3.310154e+01 -1.018228e-01 
 3.310187e+01 -8.125669e-02 
 3.310219e+01 -6.966536e-02 
 3.310251e+01 -5.922544e-02 
 3.310284e+01 -5.393169e-02 
 3.310316e+01 -5.279643e-02 
 3.310348e+01 -5.638132e-02 
 3.310380e+01 -6.498334e-02 
 3.310413e+01 -7.669349e-02 
 3.310445e+01 -8.961894e-02 
 3.310477e+01 -1.001657e-01 
 3.310510e+01 -1.064884e-01 
 3.310542e+01 -1.117506e-01 
 3.310574e+01 -1.216199e-01 
 3.310607e+01 -1.300258e-01 
 3.310639e+01 -1.181042e-01 
 3.310671e+01 -1.217723e-01 
 3.310703e+01 -1.275380e-01 
 3.310736e+01 -1.332827e-01 
 3.310768e+01 -1.312816e-01 
 3.310800e+01 -1.463542e-01 
 3.310833e+01 -1.638653e-01 
 3.310865e+01 -1.787738e-01 
 3.310897e+01 -1.905876e-01 
 3.310930e+01 -2.003862e-01 
 3.310962e+01 -2.126770e-01 
 3.310994e+01 -2.203794e-01 
 3.311026e+01 -2.276702e-01 
 3.311059e+01 -2.357124e-01 
 3.311091e+01 -2.441503e-01 
 3.311123e+01 -2.534274e-01 
 3.311156e+01 -2.633011e-01 
 3.311188e+01 -2.737399e-01 
 3.311220e+01 -2.848322e-01 
 3.311253e+01 -2.958366e-01 
 3.311285e+01 -3.050914e-01 
 3.311317e+01 -3.118072e-01 
 3.311349e+01 -3.166538e-01 
 3.311382e+01 -3.207392e-01 
 3.311414e+01 -3.260248e-01 
 3.311446e+01 -3.338646e-01 
 3.311479e+01 -3.438660e-01 
 3.311511e+01 -3.548487e-01 
 3.311543e+01 -3.646267e-01 
 3.311576e+01 -3.750644e-01 
 3.311608e+01 -3.857668e-01 
 3.311640e+01 -3.937470e-01 
 3.311672e+01 -3.929918e-01 
 3.311705e+01 -3.802728e-01 
 3.311737e+01 -3.798718e-01 
 3.311769e+01 -3.773097e-01 
 3.311802e+01 -3.651899e-01 
 3.311834e+01 -3.448994e-01 
 3.311866e+01 -3.378325e-01 
 3.311899e+01 -3.349428e-01 
 3.311931e+01 -3.342793e-01 
 3.311963e+01 -3.366390e-01 
 3.311995e+01 -3.390189e-01 
 3.312028e+01 -3.413994e-01 
 3.312060e+01 -3.433084e-01 
 3.312092e+01 -3.428596e-01 
 3.312125e+01 -3.410016e-01 
 3.312157e+01 -3.370142e-01 
 3.312189e+01 -3.322857e-01 
 3.312222e+01 -3.287637e-01 
 3.312254e+01 -3.288999e-01 
 3.312286e+01 -3.344520e-01 
 3.312318e+01 -3.393934e-01 
 3.312351e+01 -3.493009e-01 
 3.312383e+01 -3.598955e-01 
 3.312415e+01 -3.727052e-01 
 3.312448e+01 -3.879305e-01 
 3.312480e+01 -4.045824e-01 
 3.312512e+01 -4.198026e-01 
 3.312545e+01 -4.339334e-01 
 3.312577e+01 -4.418705e-01 
 3.312609e+01 -4.540471e-01 
 3.312641e+01 -4.662436e-01 
 3.312674e+01 -4.776001e-01 
 3.312706e+01 -4.893052e-01 
 3.312738e+01 -4.938757e-01 
 3.312771e+01 -4.929596e-01 
 3.312803e+01 -5.039566e-01 
 3.312835e+01 -5.116337e-01 
 3.312868e+01 -5.038817e-01 
 3.312900e+01 -5.114271e-01 
 3.312932e+01 -5.122447e-01 
 3.312964e+01 -5.130542e-01 
 3.312997e+01 -5.124557e-01 
 3.313029e+01 -5.105658e-01 
 3.313061e+01 -5.083199e-01 
 3.313094e+01 -5.045608e-01 
 3.313126e+01 -5.011758e-01 
 3.313158e+01 -4.963743e-01 
 3.313191e+01 -4.925360e-01 
 3.313223e+01 -4.881644e-01 
 3.313255e+01 -4.848451e-01 
 3.313287e+01 -4.828535e-01 
 3.313320e+01 -4.813205e-01 
 3.313352e+01 -4.784905e-01 
 3.313384e+01 -4.746084e-01 
 3.313417e+01 -4.711825e-01 
 3.313449e+01 -4.683225e-01 
 3.313481e+01 -4.683826e-01 
 3.313513e+01 -4.705085e-01 
 3.313546e+01 -4.759363e-01 
 3.313578e+01 -4.832223e-01 
 3.313610e+01 -4.933888e-01 
 3.313643e+01 -5.057985e-01 
 3.313675e+01 -5.200940e-01 
 3.313707e+01 -5.332625e-01 
 3.313740e+01 -5.445662e-01 
 3.313772e+01 -5.528877e-01 
 3.313804e+01 -5.491086e-01 
 3.313836e+01 -5.569135e-01 
 3.313869e+01 -5.596712e-01 
 3.313901e+01 -5.536245e-01 
 3.313933e+01 -5.516423e-01 
 3.313966e+01 -5.523003e-01 
 3.313998e+01 -5.556558e-01 
 3.314030e+01 -5.648195e-01 
 3.314063e+01 -5.759703e-01 
 3.314095e+01 -5.822187e-01 
 3.314127e+01 -5.827918e-01 
 3.314159e+01 -5.797539e-01 
 3.314192e+01 -5.722148e-01 
 3.314224e+01 -5.604852e-01 
 3.314256e+01 -5.441583e-01 
 3.314289e+01 -5.247971e-01 
 3.314321e+01 -5.045960e-01 
 3.314353e+01 -4.854108e-01 
 3.314386e+01 -4.674481e-01 
 3.314418e+01 -4.511792e-01 
 3.314450e+01 -4.375387e-01 
 3.314482e+01 -4.269937e-01 
 3.314515e+01 -4.196931e-01 
 3.314547e+01 -4.136989e-01 
 3.314579e+01 -4.066109e-01 
 3.314612e+01 -3.982675e-01 
 3.314644e+01 -3.893773e-01 
 3.314676e+01 -3.798124e-01 
 3.314709e+01 -3.700264e-01 
 3.314741e+01 -3.591608e-01 
 3.314773e+01 -3.493513e-01 
 3.314805e+01 -3.427522e-01 
 3.314838e+01 -3.438361e-01 
 3.314870e+01 -3.472131e-01 
 3.314902e+01 -3.617810e-01 
 3.314935e+01 -4.006247e-01 
 3.314967e+01 -4.331874e-01 
 3.314999e+01 -4.602306e-01 
 3.315032e+01 -4.760205e-01 
 3.315064e+01 -4.864063e-01 
 3.315096e+01 -4.895941e-01 
 3.315128e+01 -4.844463e-01 
 3.315161e+01 -4.708139e-01 
 3.315193e+01 -4.520514e-01 
 3.315225e+01 -4.293966e-01 
 3.315258e+01 -4.093301e-01 
 3.315290e+01 -3.930721e-01 
 3.315322e+01 -3.773470e-01 
 3.315355e+01 -3.634355e-01 
 3.315387e+01 -3.513392e-01 
 3.315419e+01 -3.396770e-01 
 3.315451e+01 -3.309585e-01 
 3.315484e+01 -3.276502e-01 
 3.315516e+01 -3.247054e-01 
 3.315548e+01 -3.204127e-01 
 3.315581e+01 -3.142244e-01 
 3.315613e+01 -3.046235e-01 
 3.315645e+01 -2.917881e-01 
 3.315678e+01 -2.778930e-01 
 3.315710e+01 -2.622455e-01 
 3.315742e+01 -2.464819e-01 
 3.315774e+01 -2.290763e-01 
 3.315807e+01 -2.113888e-01 
 3.315839e+01 -2.042736e-01 
 3.315871e+01 -2.199248e-01 
 3.315904e+01 -2.399530e-01 
 3.315936e+01 -2.652443e-01 
 3.315968e+01 -3.102947e-01 
 3.316001e+01 -3.299378e-01 
 3.316033e+01 -3.531013e-01 
 3.316065e+01 -3.648792e-01 
 3.316097e+01 -3.716449e-01 
 3.316130e+01 -3.717677e-01 
 3.316162e+01 -3.672389e-01 
 3.316194e+01 -3.554355e-01 
 3.316227e+01 -3.385975e-01 
 3.316259e+01 -3.188681e-01 
 3.316291e+01 -2.997507e-01 
 3.316324e+01 -2.863981e-01 
 3.316356e+01 -2.739360e-01 
 3.316388e+01 -2.653737e-01 
 3.316420e+01 -2.608854e-01 
 3.316453e+01 -2.585495e-01 
 3.316485e+01 -2.586554e-01 
 3.316517e+01 -2.561438e-01 
 3.316550e+01 -2.510638e-01 
 3.316582e+01 -2.436399e-01 
 3.316614e+01 -2.318926e-01 
 3.316646e+01 -2.169952e-01 
 3.316679e+01 -1.989499e-01 
 3.316711e+01 -1.795686e-01 
 3.316743e+01 -1.606406e-01 
 3.316776e+01 -1.423883e-01 
 3.316808e+01 -1.306596e-01 
 3.316840e+01 -1.462120e-01 
 3.316873e+01 -1.725786e-01 
 3.316905e+01 -1.893210e-01 
 3.316937e+01 -2.133814e-01 
 3.316969e+01 -2.431967e-01 
 3.317002e+01 -2.874590e-01 
 3.317034e+01 -3.006223e-01 
 3.317066e+01 -3.167486e-01 
 3.317099e+01 -3.230643e-01 
 3.317131e+01 -3.253875e-01 
 3.317163e+01 -3.230319e-01 
 3.317196e+01 -3.133977e-01 
 3.317228e+01 -2.979687e-01 
 3.317260e+01 -2.785369e-01 
 3.317292e+01 -2.601482e-01 
 3.317325e+01 -2.493046e-01 
 3.317357e+01 -2.366026e-01 
 3.317389e+01 -2.469593e-01 
 3.317422e+01 -2.477939e-01 
 3.317454e+01 -2.480177e-01 
 3.317486e+01 -2.518082e-01 
 3.317519e+01 -2.572154e-01 
 3.317551e+01 -2.651343e-01 
 3.317583e+01 -2.698294e-01 
 3.317615e+01 -2.720659e-01 
 3.317648e+01 -2.726387e-01 
 3.317680e+01 -2.710955e-01 
 3.317712e+01 -2.693805e-01 
 3.317745e+01 -2.676913e-01 
 3.317777e+01 -2.653245e-01 
 3.317809e+01 -2.614930e-01 
 3.317842e+01 -2.756102e-01 
 3.317874e+01 -3.001750e-01 
 3.317906e+01 -3.317538e-01 
 3.317938e+01 -3.528930e-01 
 3.317971e+01 -3.809122e-01 
 3.318003e+01 -4.108345e-01 
 3.318035e+01 -4.765833e-01 
 3.318068e+01 -4.878044e-01 
 3.318100e+01 -5.002063e-01 
 3.318132e+01 -5.004560e-01 
 3.318165e+01 -4.954140e-01 
 3.318197e+01 -4.829158e-01 
 3.318229e+01 -4.634222e-01 
 3.318261e+01 -4.348273e-01 
 3.318294e+01 -4.005242e-01 
 3.318326e+01 -3.663530e-01 
 3.318358e+01 -3.451781e-01 
 3.318391e+01 -3.224314e-01 
 3.318423e+01 -3.045832e-01 
 3.318455e+01 -2.932076e-01 
 3.318488e+01 -2.874461e-01 
 3.318520e+01 -2.879019e-01 
 3.318552e+01 -2.915344e-01 
 3.318584e+01 -2.926122e-01 
 3.318617e+01 -2.931260e-01 
 3.318649e+01 -2.946668e-01 
 3.318681e+01 -2.920902e-01 
 3.318714e+01 -2.879078e-01 
 3.318746e+01 -2.874537e-01 
 3.318778e+01 -2.875595e-01 
 3.318811e+01 -3.051969e-01 
 3.318843e+01 -3.271345e-01 
 3.318875e+01 -3.512819e-01 
 3.318907e+01 -4.034525e-01 
 3.318940e+01 -4.428066e-01 
 3.318972e+01 -4.809610e-01 
 3.319004e+01 -5.166763e-01 
 3.319037e+01 -5.538960e-01 
 3.319069e+01 -5.984870e-01 
 3.319101e+01 -6.064199e-01 
 3.319134e+01 -6.046337e-01 
 3.319166e+01 -5.946857e-01 
 3.319198e+01 -5.781881e-01 
 3.319230e+01 -5.550357e-01 
 3.319263e+01 -5.263224e-01 
 3.319295e+01 -4.925438e-01 
 3.319327e+01 -4.598063e-01 
 3.319360e+01 -4.301556e-01 
 3.319392e+01 -4.032704e-01 
 3.319424e+01 -3.783359e-01 
 3.319457e+01 -3.723257e-01 
 3.319489e+01 -3.582231e-01 
 3.319521e+01 -3.422983e-01 
 3.319553e+01 -3.278047e-01 
 3.319586e+01 -3.150547e-01 
 3.319618e+01 -3.101169e-01 
 3.319650e+01 -3.018907e-01 
 3.319683e+01 -2.976932e-01 
 3.319715e+01 -3.070572e-01 
 3.319747e+01 -3.248099e-01 
 3.319779e+01 -3.503507e-01 
 3.319812e+01 -3.749407e-01 
 3.319844e+01 -4.070570e-01 
 3.319876e+01 -4.434864e-01 
 3.319909e+01 -4.805358e-01 
 3.319941e+01 -5.316659e-01 
 3.319973e+01 -5.611845e-01 
 3.320006e+01 -5.864649e-01 
 3.320038e+01 -6.144300e-01 
 3.320070e+01 -6.403908e-01 
 3.320102e+01 -6.534167e-01 
 3.320135e+01 -6.488154e-01 
 3.320167e+01 -6.378960e-01 
 3.320199e+01 -6.271614e-01 
 3.320232e+01 -6.055462e-01 
 3.320264e+01 -5.794406e-01 
 3.320296e+01 -5.458917e-01 
 3.320329e+01 -5.069721e-01 
 3.320361e+01 -4.682195e-01 
 3.320393e+01 -4.320630e-01 
 3.320425e+01 -3.955346e-01 
 3.320458e+01 -3.598810e-01 
 3.320490e+01 -3.277090e-01 
 3.320522e+01 -3.122233e-01 
 3.320555e+01 -2.896220e-01 
 3.320587e+01 -2.738793e-01 
 3.320619e+01 -2.648706e-01 
 3.320652e+01 -2.671993e-01 
 3.320684e+01 -2.697502e-01 
 3.320716e+01 -2.786652e-01 
 3.320748e+01 -2.953968e-01 
 3.320781e+01 -3.174493e-01 
 3.320813e+01 -3.440539e-01 
 3.320845e+01 -3.780360e-01 
 3.320878e+01 -4.132749e-01 
 3.320910e+01 -4.493629e-01 
 3.320942e+01 -4.902783e-01 
 3.320975e+01 -5.363344e-01 
 3.321007e+01 -5.658699e-01 
 3.321039e+01 -5.919867e-01 
 3.321071e+01 -6.188845e-01 
 3.321104e+01 -6.522242e-01 
 3.321136e+01 -6.510526e-01 
 3.321168e+01 -6.485406e-01 
 3.321201e+01 -6.342932e-01 
 3.321233e+01 -6.130082e-01 
 3.321265e+01 -5.834492e-01 
 3.321298e+01 -5.496991e-01 
 3.321330e+01 -5.106112e-01 
 3.321362e+01 -4.669311e-01 
 3.321394e+01 -4.240114e-01 
 3.321427e+01 -3.827015e-01 
 3.321459e+01 -3.426201e-01 
 3.321491e+01 -3.043157e-01 
 3.321524e+01 -2.699412e-01 
 3.321556e+01 -2.538946e-01 
 3.321588e+01 -2.312038e-01 
 3.321621e+01 -2.146404e-01 
 3.321653e+01 -2.054974e-01 
 3.321685e+01 -2.036400e-01 
 3.321717e+01 -2.140904e-01 
 3.321750e+01 -2.256944e-01 
 3.321782e+01 -2.434012e-01 
 3.321814e+01 -2.718596e-01 
 3.321847e+01 -3.063225e-01 
 3.321879e+01 -3.445963e-01 
 3.321911e+01 -3.906524e-01 
 3.321944e+01 -4.331512e-01 
 3.321976e+01 -4.904063e-01 
 3.322008e+01 -5.238302e-01 
 3.322040e+01 -5.538142e-01 
 3.322073e+01 -5.842817e-01 
 3.322105e+01 -6.233462e-01 
 3.322137e+01 -6.286238e-01 
 3.322170e+01 -6.353011e-01 
 3.322202e+01 -6.297289e-01 
 3.322234e+01 -6.219889e-01 
 3.322267e+01 -6.111586e-01 
 3.322299e+01 -5.932887e-01 
 3.322331e+01 -5.684012e-01 
 3.322363e+01 -5.309650e-01 
 3.322396e+01 -4.831756e-01 
 3.322428e+01 -4.337028e-01 
 3.322460e+01 -3.824417e-01 
 3.322493e+01 -3.289302e-01 
 3.322525e+01 -2.877675e-01 
 3.322557e+01 -2.476399e-01 
 3.322589e+01 -2.133279e-01 
 3.322622e+01 -1.870710e-01 
 3.322654e+01 -1.714377e-01 
 3.322686e+01 -1.640363e-01 
 3.322719e+01 -1.644019e-01 
 3.322751e+01 -1.718442e-01 
 3.322783e+01 -1.908968e-01 
 3.322816e+01 -2.128124e-01 
 3.322848e+01 -2.419530e-01 
 3.322880e+01 -2.766682e-01 
 3.322912e+01 -3.145959e-01 
 3.322945e+01 -3.544672e-01 
 3.322977e+01 -3.951328e-01 
 3.323009e+01 -4.510894e-01 
 3.323042e+01 -4.862995e-01 
 3.323074e+01 -5.195327e-01 
 3.323106e+01 -5.684209e-01 
 3.323139e+01 -5.977709e-01 
 3.323171e+01 -6.160591e-01 
 3.323203e+01 -6.224073e-01 
 3.323235e+01 -6.214348e-01 
 3.323268e+01 -6.130471e-01 
 3.323300e+01 -5.974340e-01 
 3.323332e+01 -5.739872e-01 
 3.323365e+01 -5.418848e-01 
 3.323397e+01 -4.998444e-01 
 3.323429e+01 -4.503481e-01 
 3.323462e+01 -4.001106e-01 
 3.323494e+01 -3.508088e-01 
 3.323526e+01 -2.964237e-01 
 3.323558e+01 -2.448374e-01 
 3.323591e+01 -1.979081e-01 
 3.323623e+01 -1.566048e-01 
 3.323655e+01 -1.224344e-01 
 3.323688e+01 -9.542671e-02 
 3.323720e+01 -7.573954e-02 
 3.323752e+01 -6.537207e-02 
 3.323785e+01 -6.604769e-02 
 3.323817e+01 -8.410021e-02 
 3.323849e+01 -1.076936e-01 
 3.323881e+01 -1.409133e-01 
 3.323914e+01 -1.796790e-01 
 3.323946e+01 -2.227849e-01 
 3.323978e+01 -2.678122e-01 
 3.324011e+01 -3.166042e-01 
 3.324043e+01 -3.688116e-01 
 3.324075e+01 -4.082762e-01 
 3.324108e+01 -4.507797e-01 
 3.324140e+01 -5.035672e-01 
 3.324172e+01 -5.319585e-01 
 3.324204e+01 -5.488636e-01 
 3.324237e+01 -5.609609e-01 
 3.324269e+01 -5.689303e-01 
 3.324301e+01 -5.674486e-01 
 3.324334e+01 -5.562302e-01 
 3.324366e+01 -5.359882e-01 
 3.324398e+01 -5.052979e-01 
 3.324431e+01 -4.634655e-01 
 3.324463e+01 -4.112015e-01 
 3.324495e+01 -3.562928e-01 
 3.324527e+01 -3.025306e-01 
 3.324560e+01 -2.443982e-01 
 3.324592e+01 -1.909699e-01 
 3.324624e+01 -1.447294e-01 
 3.324657e+01 -1.050501e-01 
 3.324689e+01 -7.384692e-02 
 3.324721e+01 -4.925835e-02 
 3.324754e+01 -3.556272e-02 
 3.324786e+01 -2.635888e-02 
 3.324818e+01 -2.787250e-02 
 3.324850e+01 -4.055803e-02 
 3.324883e+01 -6.269117e-02 
 3.324915e+01 -9.328575e-02 
 3.324947e+01 -1.304908e-01 
 3.324980e+01 -1.718812e-01 
 3.325012e+01 -2.160370e-01 
 3.325044e+01 -2.818765e-01 
 3.325077e+01 -3.255869e-01 
 3.325109e+01 -3.681598e-01 
 3.325141e+01 -4.145589e-01 
 3.325173e+01 -4.697789e-01 
 3.325206e+01 -4.994793e-01 
 3.325238e+01 -5.192779e-01 
 3.325270e+01 -5.503047e-01 
 3.325303e+01 -5.553247e-01 
 3.325335e+01 -5.446161e-01 
 3.325367e+01 -5.142743e-01 
 3.325400e+01 -4.731097e-01 
 3.325432e+01 -4.282484e-01 
 3.325464e+01 -3.843968e-01 
 3.325496e+01 -3.328106e-01 
 3.325529e+01 -2.743067e-01 
 3.325561e+01 -2.165358e-01 
 3.325593e+01 -1.565771e-01 
 3.325626e+01 -1.030224e-01 
 3.325658e+01 -5.631128e-02 
 3.325690e+01 -1.781434e-02 
 3.325722e+01  1.385079e-02 
 3.325755e+01  3.918659e-02 
 3.325787e+01  5.567421e-02 
 3.325819e+01  6.032037e-02 
 3.325852e+01  5.272636e-02 
 3.325884e+01  3.289323e-02 
 3.325916e+01  2.709494e-03 
 3.325949e+01 -3.483197e-02 
 3.325981e+01 -7.981169e-02 
 3.326013e+01 -1.300785e-01 
 3.326045e+01 -1.887275e-01 
 3.326078e+01 -2.604918e-01 
 3.326110e+01 -3.128086e-01 
 3.326142e+01 -3.698740e-01 
 3.326175e+01 -4.358811e-01 
 3.326207e+01 -4.696401e-01 
 3.326239e+01 -4.973594e-01 
 3.326272e+01 -5.399831e-01 
 3.326304e+01 -5.530165e-01 
 3.326336e+01 -5.558735e-01 
 3.326368e+01 -5.460451e-01 
 3.326401e+01 -5.240303e-01 
 3.326433e+01 -4.822084e-01 
 3.326465e+01 -4.356625e-01 
 3.326498e+01 -3.858163e-01 
 3.326530e+01 -3.288165e-01 
 3.326562e+01 -2.750841e-01 
 3.326595e+01 -2.137992e-01 
 3.326627e+01 -1.497667e-01 
 3.326659e+01 -9.253873e-02 
 3.326691e+01 -4.547830e-02 
 3.326724e+01 -5.888391e-03 
 3.326756e+01  2.394751e-02 
 3.326788e+01  4.225453e-02 
 3.326821e+01  4.985760e-02 
 3.326853e+01  4.799121e-02 
 3.326885e+01  2.877699e-02 
 3.326918e+01  2.517810e-03 
 3.326950e+01 -3.284062e-02 
 3.326982e+01 -7.503823e-02 
 3.327014e+01 -1.235600e-01 
 3.327047e+01 -1.773418e-01 
 3.327079e+01 -2.359545e-01 
 3.327111e+01 -3.101833e-01 
 3.327144e+01 -3.678453e-01 
 3.327176e+01 -4.248366e-01 
 3.327208e+01 -4.881016e-01 
 3.327241e+01 -5.229476e-01 
 3.327273e+01 -5.835418e-01 
 3.327305e+01 -6.100906e-01 
 3.327337e+01 -6.219112e-01 
 3.327370e+01 -6.156827e-01 
 3.327402e+01 -6.049598e-01 
 3.327434e+01 -5.811516e-01 
 3.327467e+01 -5.358438e-01 
 3.327499e+01 -4.808145e-01 
 3.327531e+01 -4.259230e-01 
 3.327564e+01 -3.633920e-01 
 3.327596e+01 -3.034395e-01 
 3.327628e+01 -2.423548e-01 
 3.327660e+01 -1.834138e-01 
 3.327693e+01 -1.352345e-01 
 3.327725e+01 -8.733618e-02 
 3.327757e+01 -4.892781e-02 
 3.327790e+01 -2.113175e-02 
 3.327822e+01 -3.913259e-03 
 3.327854e+01  2.008070e-03 
 3.327887e+01 -3.141855e-03 
 3.327919e+01 -2.056865e-02 
 3.327951e+01 -5.072119e-02 
 3.327983e+01 -9.088541e-02 
 3.328016e+01 -1.368364e-01 
 3.328048e+01 -1.885626e-01 
 3.328080e+01 -2.446334e-01 
 3.328113e+01 -3.056283e-01 
 3.328145e+01 -3.693046e-01 
 3.328177e+01 -4.178562e-01 
 3.328210e+01 -4.890343e-01 
 3.328242e+01 -5.211536e-01 
 3.328274e+01 -5.463372e-01 
 3.328306e+01 -6.016169e-01 
 3.328339e+01 -6.241726e-01 
 3.328371e+01 -6.214743e-01 
 3.328403e+01 -6.145975e-01 
 3.328436e+01 -6.042768e-01 
 3.328468e+01 -5.813681e-01 
 3.328500e+01 -5.355749e-01 
 3.328533e+01 -4.744437e-01 
 3.328565e+01 -4.149390e-01 
 3.328597e+01 -3.481300e-01 
 3.328629e+01 -2.826184e-01 
 3.328662e+01 -2.168840e-01 
 3.328694e+01 -1.542631e-01 
 3.328726e+01 -9.634014e-02 
 3.328759e+01 -5.385019e-02 
 3.328791e+01 -1.635719e-02 
 3.328823e+01  7.332301e-03 
 3.328855e+01  1.902680e-02 
 3.328888e+01  2.083923e-02 
 3.328920e+01  9.298185e-03 
 3.328952e+01 -1.359664e-02 
 3.328985e+01 -4.778392e-02 
 3.329017e+01 -8.965737e-02 
 3.329049e+01 -1.381509e-01 
 3.329082e+01 -1.903137e-01 
 3.329114e+01 -2.450933e-01 
 3.329146e+01 -3.047577e-01 
 3.329178e+01 -3.647266e-01 
 3.329211e+01 -4.160594e-01 
 3.329243e+01 -4.744702e-01 
 3.329275e+01 -5.057386e-01 
 3.329308e+01 -5.682922e-01 
 3.329340e+01 -5.934779e-01 
 3.329372e+01 -5.915279e-01 
 3.329405e+01 -5.912715e-01 
 3.329437e+01 -5.778652e-01 
 3.329469e+01 -5.572163e-01 
 3.329501e+01 -5.324659e-01 
 3.329534e+01 -4.886057e-01 
 3.329566e+01 -4.165759e-01 
 3.329598e+01 -3.436292e-01 
 3.329631e+01 -2.706032e-01 
 3.329663e+01 -2.038111e-01 
 3.329695e+01 -1.427526e-01 
 3.329728e+01 -7.687140e-02 
 3.329760e+01 -1.586090e-02 
 3.329792e+01  2.874629e-02 
 3.329824e+01  7.124025e-02 
 3.329857e+01  9.928281e-02 
 3.329889e+01  1.153835e-01 
 3.329921e+01  1.213000e-01 
 3.329954e+01  1.160074e-01 
 3.329986e+01  9.734051e-02 
 3.330018e+01  7.133312e-02 
 3.330051e+01  3.287719e-02 
 3.330083e+01 -1.007251e-02 
 3.330115e+01 -6.257500e-02 
 3.330147e+01 -1.196481e-01 
 3.330180e+01 -1.904888e-01 
 3.330212e+01 -2.331490e-01 
 3.330244e+01 -2.817029e-01 
 3.330277e+01 -3.412270e-01 
 3.330309e+01 -3.763824e-01 
 3.330341e+01 -4.492592e-01 
 3.330374e+01 -4.618073e-01 
 3.330406e+01 -4.511573e-01 
 3.330438e+01 -4.401045e-01 
 3.330470e+01 -4.265488e-01 
 3.330503e+01 -4.012276e-01 
 3.330535e+01 -3.746607e-01 
 3.330567e+01 -3.362660e-01 
 3.330600e+01 -2.830673e-01 
 3.330632e+01 -2.116518e-01 
 3.330664e+01 -1.422520e-01 
 3.330697e+01 -7.389855e-02 
 3.330729e+01 -9.389080e-03 
 3.330761e+01  5.939903e-02 
 3.330793e+01  1.221100e-01 
 3.330826e+01  1.697762e-01 
 3.330858e+01  2.139830e-01 
 3.330890e+01  2.416901e-01 
 3.330923e+01  2.629710e-01 
 3.330955e+01  2.751705e-01 
 3.330987e+01  2.778251e-01 
 3.331020e+01  2.611801e-01 
 3.331052e+01  2.206588e-01 
 3.331084e+01  1.965207e-01 
 3.331116e+01  1.571334e-01 
 3.331149e+01  1.091259e-01 
 3.331181e+01  5.374305e-02 
 3.331213e+01 -1.078449e-02 
 3.331246e+01 -7.109164e-02 
 3.331278e+01 -1.229229e-01 
 3.331310e+01 -1.805512e-01 
 3.331343e+01 -2.206004e-01 
 3.331375e+01 -2.968004e-01 
 3.331407e+01 -3.038152e-01 
 3.331439e+01 -2.997493e-01 
 3.331472e+01 -2.972310e-01 
 3.331504e+01 -2.806869e-01 
 3.331536e+01 -2.579916e-01 
 3.331569e+01 -2.244723e-01 
 3.331601e+01 -1.890817e-01 
 3.331633e+01 -1.545655e-01 
 3.331665e+01 -1.192078e-01 
 3.331698e+01 -6.543015e-02 
 3.331730e+01 -1.203500e-02 
 3.331762e+01  4.866591e-02 
 3.331795e+01  1.051553e-01 
 3.331827e+01  1.569261e-01 
 3.331859e+01  1.958447e-01 
 3.331892e+01  2.319410e-01 
 3.331924e+01  2.608437e-01 
 3.331956e+01  2.850531e-01 
 3.331988e+01  3.026765e-01 
 3.332021e+01  3.123947e-01 
 3.332053e+01  2.847791e-01 
 3.332085e+01  2.848666e-01 
 3.332118e+01  2.838832e-01 
 3.332150e+01  2.801528e-01 
 3.332182e+01  2.665263e-01 
 3.332215e+01  2.505563e-01 
 3.332247e+01  2.380812e-01 
 3.332279e+01  1.789605e-01 
 3.332311e+01  1.306320e-01 
 3.332344e+01  5.697338e-02 
 3.332376e+01  1.419084e-02 
 3.332408e+01 -7.552782e-02 
 3.332441e+01 -1.010752e-01 
 3.332473e+01 -1.164444e-01 
 3.332505e+01 -1.576295e-01 
 3.332538e+01 -1.726228e-01 
 3.332570e+01 -1.735668e-01 
 3.332602e+01 -1.569154e-01 
 3.332634e+01 -1.268802e-01 
 3.332667e+01 -9.115524e-02 
 3.332699e+01 -5.078013e-02 
 3.332731e+01 -8.704864e-03 
 3.332764e+01  3.665744e-02 
 3.332796e+01  9.449981e-02 
 3.332828e+01  1.396865e-01 
 3.332861e+01  1.787370e-01 
 3.332893e+01  2.091921e-01 
 3.332925e+01  2.265012e-01 
 3.332957e+01  2.399828e-01 
 3.332990e+01  2.512693e-01 
 3.333022e+01  2.591041e-01 
 3.333054e+01  2.683739e-01 
 3.333087e+01  2.695401e-01 
 3.333119e+01  2.523477e-01 
 3.333151e+01  2.576625e-01 
 3.333184e+01  2.549143e-01 
 3.333216e+01  2.538594e-01 
 3.333248e+01  2.485425e-01 
 3.333280e+01  2.423166e-01 
 3.333313e+01  2.451234e-01 
 3.333345e+01  2.524709e-01 
 3.333377e+01  2.489259e-01 
 3.333410e+01  2.357370e-01 
 3.333442e+01  1.803688e-01 
 3.333474e+01  8.408774e-02 
 3.333507e+01  5.491580e-02 
 3.333539e+01  3.231904e-02 
 3.333571e+01 -8.819401e-04 
 3.333603e+01 -5.964006e-02 
 3.333636e+01 -8.711744e-02 
 3.333668e+01 -1.077888e-01 
 3.333700e+01 -1.165866e-01 
 3.333733e+01 -1.121325e-01 
 3.333765e+01 -9.516602e-02 
 3.333797e+01 -6.335419e-02 
 3.333830e+01 -2.160187e-02 
 3.333862e+01  2.813159e-02 
 3.333894e+01  8.599882e-02 
 3.333926e+01  1.407581e-01 
 3.333959e+01  1.786235e-01 
 3.333991e+01  1.857727e-01 
 3.334023e+01  1.882998e-01 
 3.334056e+01  1.837928e-01 
 3.334088e+01  1.657195e-01 
 3.334120e+01  1.518778e-01 
 3.334153e+01  1.421264e-01 
 3.334185e+01  1.276403e-01 
 3.334217e+01  1.016654e-01 
 3.334249e+01  1.014563e-01 
 3.334282e+01  1.059716e-01 
 3.334314e+01  1.106478e-01 
 3.334346e+01  1.226671e-01 
 3.334379e+01  1.386850e-01 
 3.334411e+01  1.564619e-01 
 3.334443e+01  1.731105e-01 
 3.334476e+01  1.818685e-01 
 3.334508e+01  1.760708e-01 
 3.334540e+01  1.724454e-01 
 3.334572e+01  8.068965e-02 
 3.334605e+01  3.911461e-02 
 3.334637e+01 -8.316308e-04 
 3.334669e+01 -4.006048e-02 
 3.334702e+01 -1.019173e-01 
 3.334734e+01 -1.374018e-01 
 3.334766e+01 -1.685126e-01 
 3.334798e+01 -1.859230e-01 
 3.334831e+01 -1.964637e-01 
 3.334863e+01 -1.948986e-01 
 3.334895e+01 -1.790356e-01 
 3.334928e+01 -1.518123e-01 
 3.334960e+01 -1.140914e-01 
 3.334992e+01 -7.066509e-02 
 3.335025e+01 -2.914875e-02 
 3.335057e+01  5.287115e-03 
 3.335089e+01  3.048878e-02 
 3.335121e+01  3.930766e-02 
 3.335154e+01  3.419957e-02 
 3.335186e+01  2.501472e-02 
 3.335218e+01  6.973984e-03 
 3.335251e+01 -8.902330e-03 
 3.335283e+01 -2.026452e-02 
 3.335315e+01 -3.145736e-02 
 3.335348e+01 -4.219093e-02 
 3.335380e+01 -6.064878e-02 
 3.335412e+01 -5.726589e-02 
 3.335444e+01 -4.799353e-02 
 3.335477e+01 -4.231538e-02 
 3.335509e+01 -4.101100e-02 
 3.335541e+01 -4.682872e-02 
 3.335574e+01 -5.978792e-02 
 3.335606e+01 -8.297770e-02 
 3.335638e+01 -1.054773e-01 
 3.335671e+01 -1.645123e-01 
 3.335703e+01 -1.960705e-01 
 3.335735e+01 -2.278108e-01 
 3.335767e+01 -2.614306e-01 
 3.335800e+01 -2.916727e-01 
 3.335832e+01 -3.169733e-01 
 3.335864e+01 -3.308285e-01 
 3.335897e+01 -3.392610e-01 
 3.335929e+01 -3.418051e-01 
 3.335961e+01 -3.390854e-01 
 3.335994e+01 -3.315940e-01 
 3.336026e+01 -3.172080e-01 
 3.336058e+01 -2.969069e-01 
 3.336090e+01 -2.800950e-01 
 3.336123e+01 -2.634984e-01 
 3.336155e+01 -2.495066e-01 
 3.336187e+01 -2.367321e-01 
 3.336220e+01 -2.309645e-01 
 3.336252e+01 -2.298900e-01 
 3.336284e+01 -2.327100e-01 
 3.336317e+01 -2.430783e-01 
 3.336349e+01 -2.496751e-01 
 3.336381e+01 -2.625271e-01 
 3.336413e+01 -2.732181e-01 
 3.336446e+01 -2.856720e-01 
 3.336478e+01 -2.984322e-01 
 3.336510e+01 -3.140171e-01 
 3.336543e+01 -3.282441e-01 
 3.336575e+01 -3.460270e-01 
 3.336607e+01 -3.679598e-01 
 3.336640e+01 -3.890963e-01 
 3.336672e+01 -4.188155e-01 
 3.336704e+01 -4.540686e-01 
 3.336736e+01 -4.813573e-01 
 3.336769e+01 -5.211437e-01 
 3.336801e+01 -5.540939e-01 
 3.336833e+01 -5.691512e-01 
 3.336866e+01 -5.759097e-01 
 3.336898e+01 -5.801893e-01 
 3.336930e+01 -5.799352e-01 
 3.336963e+01 -5.749440e-01 
 3.336995e+01 -5.665281e-01 
 3.337027e+01 -5.583453e-01 
 3.337059e+01 -5.441927e-01 
 3.337092e+01 -5.312787e-01 
 3.337124e+01 -5.200601e-01 
 3.337156e+01 -5.098345e-01 
 3.337189e+01 -4.966258e-01 
 3.337221e+01 -4.829440e-01 
 3.337253e+01 -4.661186e-01 
 3.337286e+01 -4.506639e-01 
 3.337318e+01 -4.388560e-01 
 3.337350e+01 -4.432229e-01 
 3.337382e+01 -4.418357e-01 
 3.337415e+01 -4.436118e-01 
 3.337447e+01 -4.489705e-01 
 3.337479e+01 -4.559577e-01 
 3.337512e+01 -4.696786e-01 
 3.337544e+01 -4.851342e-01 
 3.337576e+01 -5.001391e-01 
 3.337608e+01 -5.162496e-01 
 3.337641e+01 -5.319305e-01 
 3.337673e+01 -5.485219e-01 
 3.337705e+01 -5.667962e-01 
 3.337738e+01 -5.960972e-01 
 3.337770e+01 -6.177968e-01 
 3.337802e+01 -6.609649e-01 
 3.337835e+01 -6.885667e-01 
 3.337867e+01 -7.276734e-01 
 3.337899e+01 -7.481804e-01 
 3.337931e+01 -7.470539e-01 
 3.337964e+01 -7.390492e-01 
 3.337996e+01 -7.259382e-01 
 3.338028e+01 -7.085368e-01 
 3.338061e+01 -6.851391e-01 
 3.338093e+01 -6.578454e-01 
 3.338125e+01 -6.296314e-01 
 3.338158e+01 -6.004296e-01 
 3.338190e+01 -5.771330e-01 
 3.338222e+01 -5.563154e-01 
 3.338254e+01 -5.361168e-01 
 3.338287e+01 -5.163669e-01 
 3.338319e+01 -4.973354e-01 
 3.338351e+01 -4.755919e-01 
 3.338384e+01 -4.547720e-01 
 3.338416e+01 -4.348535e-01 
 3.338448e+01 -4.156871e-01 
 3.338481e+01 -3.983893e-01 
 3.338513e+01 -3.860318e-01 
 3.338545e+01 -3.780657e-01 
 3.338577e+01 -3.728905e-01 
 3.338610e+01 -3.707247e-01 
 3.338642e+01 -3.726027e-01 
 3.338674e+01 -3.790210e-01 
 3.338707e+01 -3.878512e-01 
 3.338739e+01 -3.971813e-01 
 3.338771e+01 -4.108042e-01 
 3.338804e+01 -4.421981e-01 
 3.338836e+01 -4.675839e-01 
 3.338868e+01 -5.250305e-01 
 3.338900e+01 -5.545800e-01 
 3.338933e+01 -5.935718e-01 
 3.338965e+01 -6.473010e-01 
 3.338997e+01 -6.558629e-01 
 3.339030e+01 -6.552433e-01 
 3.339062e+01 -6.463319e-01 
 3.339094e+01 -6.289664e-01 
 3.339127e+01 -6.048587e-01 
 3.339159e+01 -5.740947e-01 
 3.339191e+01 -5.387062e-01 
 3.339223e+01 -5.032272e-01 
 3.339256e+01 -4.732559e-01 
 3.339288e+01 -4.499563e-01 
 3.339320e+01 -4.279217e-01 
 3.339353e+01 -4.074807e-01 
 3.339385e+01 -3.878841e-01 
 3.339417e+01 -3.642563e-01 
 3.339450e+01 -3.339374e-01 
 3.339482e+01 -3.004705e-01 
 3.339514e+01 -2.665385e-01 
 3.339546e+01 -2.299732e-01 
 3.339579e+01 -1.965923e-01 
 3.339611e+01 -1.696452e-01 
 3.339643e+01 -1.504753e-01 
 3.339676e+01 -1.396004e-01 
 3.339708e+01 -1.390918e-01 
 3.339740e+01 -1.470517e-01 
 3.339773e+01 -1.587586e-01 
 3.339805e+01 -1.729969e-01 
 3.339837e+01 -1.887289e-01 
 3.339869e+01 -2.218658e-01 
 3.339902e+01 -2.407357e-01 
 3.339934e+01 -2.819479e-01 
 3.339966e+01 -3.156325e-01 
 3.339999e+01 -3.462514e-01 
 3.340031e+01 -4.088119e-01 
 3.340063e+01 -4.175936e-01 
 3.340096e+01 -4.220923e-01 
 3.340128e+01 -4.217129e-01 
 3.340160e+01 -4.164411e-01 
 3.340192e+01 -4.023282e-01 
 3.340225e+01 -3.827880e-01 
 3.340257e+01 -3.570137e-01 
 3.340289e+01 -3.254344e-01 
 3.340322e+01 -2.943790e-01 
 3.340354e+01 -2.678687e-01 
 3.340386e+01 -2.435186e-01 
 3.340419e+01 -2.190832e-01 
 3.340451e+01 -1.942014e-01 
 3.340483e+01 -1.696602e-01 
 3.340515e+01 -1.410048e-01 
 3.340548e+01 -1.097005e-01 
 3.340580e+01 -7.639947e-02 
 3.340612e+01 -4.305812e-02 
 3.340645e+01 -8.887601e-03 
 3.340677e+01  2.221300e-02 
 3.340709e+01  4.564421e-02 
 3.340741e+01  5.942183e-02 
 3.340774e+01  6.140890e-02 
 3.340806e+01  5.294517e-02 
 3.340838e+01  3.471638e-02 
 3.340871e+01  9.983580e-03 
 3.340903e+01 -1.846178e-02 
 3.340935e+01 -5.244120e-02 
 3.340968e+01 -9.245188e-02 
 3.341000e+01 -1.273324e-01 
 3.341032e+01 -1.634627e-01 
 3.341064e+01 -1.916592e-01 
 3.341097e+01 -2.261991e-01 
 3.341129e+01 -2.386316e-01 
 3.341161e+01 -2.409730e-01 
 3.341194e+01 -2.411322e-01 
 3.341226e+01 -2.424588e-01 
 3.341258e+01 -2.434010e-01 
 3.341291e+01 -2.411365e-01 
 3.341323e+01 -2.368611e-01 
 3.341355e+01 -2.314748e-01 
 3.341387e+01 -2.247743e-01 
 3.341420e+01 -2.151970e-01 
 3.341452e+01 -2.095931e-01 
 3.341484e+01 -2.027991e-01 
 3.341517e+01 -1.911461e-01 
 3.341549e+01 -1.775184e-01 
 3.341581e+01 -1.642328e-01 
 3.341614e+01 -1.517940e-01 
 3.341646e+01 -1.379225e-01 
 3.341678e+01 -1.221986e-01 
 3.341710e+01 -1.068611e-01 
 3.341743e+01 -9.444786e-02 
 3.341775e+01 -8.653108e-02 
 3.341807e+01 -8.364166e-02 
 3.341840e+01 -8.896222e-02 
 3.341872e+01 -1.036285e-01 
 3.341904e+01 -1.296133e-01 
 3.341937e+01 -1.623166e-01 
 3.341969e+01 -2.013711e-01 
 3.342001e+01 -2.426816e-01 
 3.342033e+01 -2.844686e-01 
 3.342066e+01 -3.238930e-01 
 3.342098e+01 -3.568043e-01 
 3.342130e+01 -3.842405e-01 
 3.342163e+01 -4.046931e-01 
 3.342195e+01 -3.745941e-01 
 3.342227e+01 -3.675689e-01 
 3.342260e+01 -3.651428e-01 
 3.342292e+01 -3.643005e-01 
 3.342324e+01 -3.632360e-01 
 3.342356e+01 -3.652574e-01 
 3.342389e+01 -3.692178e-01 
 3.342421e+01 -3.733253e-01 
 3.342453e+01 -3.776099e-01 
 3.342486e+01 -3.821447e-01 
 3.342518e+01 -3.850116e-01 
 3.342550e+01 -3.852248e-01 
 3.342583e+01 -3.884938e-01 
 3.342615e+01 -3.877743e-01 
 3.342647e+01 -3.848533e-01 
 3.342679e+01 -3.787619e-01 
 3.342712e+01 -3.720095e-01 
 3.342744e+01 -3.660496e-01 
 3.342776e+01 -3.638844e-01 
 3.342809e+01 -3.673030e-01 
 3.342841e+01 -3.748121e-01 
 3.342873e+01 -3.885698e-01 
 3.342906e+01 -4.088304e-01 
 3.342938e+01 -4.364260e-01 
 3.342970e+01 -4.703781e-01 
 3.343002e+01 -5.070960e-01 
 3.343035e+01 -5.466675e-01 
 3.343067e+01 -5.875669e-01 
 3.343099e+01 -6.213489e-01 
 3.343132e+01 -6.589197e-01 
 3.343164e+01 -6.901078e-01 
 3.343196e+01 -7.036103e-01 
 3.343229e+01 -7.073614e-01 
 3.343261e+01 -6.996276e-01 
 3.343293e+01 -6.409916e-01 
 3.343325e+01 -6.267080e-01 
 3.343358e+01 -6.272182e-01 
 3.343390e+01 -6.265921e-01 
 3.343422e+01 -6.256916e-01 
 3.343455e+01 -6.291294e-01 
 3.343487e+01 -6.305958e-01 
 3.343519e+01 -6.335536e-01 
 3.343552e+01 -6.380887e-01 
 3.343584e+01 -6.409667e-01 
 3.343616e+01 -6.420741e-01 
 3.343648e+01 -6.409490e-01 
 3.343681e+01 -6.377029e-01 
 3.343713e+01 -6.315795e-01 
 3.343745e+01 -6.249629e-01 
 3.343778e+01 -6.196391e-01 
 3.343810e+01 -6.145768e-01 
 3.343842e+01 -6.131953e-01 
 3.343875e+01 -6.184482e-01 
 3.343907e+01 -6.332598e-01 
 3.343939e+01 -6.572300e-01 
 3.343971e+01 -6.917544e-01 
 3.344004e+01 -7.321138e-01 
 3.344036e+01 -7.780486e-01 
 3.344068e+01 -8.233331e-01 
 3.344101e+01 -8.662497e-01 
 3.344133e+01 -9.092616e-01 
 3.344165e+01 -9.463637e-01 
 3.344197e+01 -9.727774e-01 
 3.344230e+01 -9.987527e-01 
 3.344262e+01 -9.941842e-01 
 3.344294e+01 -9.996964e-01 
 3.344327e+01 -9.888002e-01 
 3.344359e+01 -9.610941e-01 
 3.344391e+01 -9.143508e-01 
 3.344424e+01 -8.942550e-01 
 3.344456e+01 -8.900654e-01 
 3.344488e+01 -8.927324e-01 
 3.344520e+01 -8.943000e-01 
 3.344553e+01 -8.932570e-01 
 3.344585e+01 -8.923962e-01 
 3.344617e+01 -8.844838e-01 
 3.344650e+01 -8.762762e-01 
 3.344682e+01 -8.646523e-01 
 3.344714e+01 -8.470720e-01 
 3.344747e+01 -8.277784e-01 
 3.344779e+01 -8.065296e-01 
 3.344811e+01 -7.855678e-01 
 3.344843e+01 -7.693066e-01 
 3.344876e+01 -7.562012e-01 
 3.344908e+01 -7.468462e-01 
 3.344940e+01 -7.454570e-01 
 3.344973e+01 -7.520088e-01 
 3.345005e+01 -7.696421e-01 
 3.345037e+01 -7.971998e-01 
 3.345070e+01 -8.321732e-01 
 3.345102e+01 -8.727077e-01 
 3.345134e+01 -9.143011e-01 
 3.345166e+01 -9.536966e-01 
 3.345199e+01 -9.906186e-01 
 3.345231e+01 -1.021719e+00 
 3.345263e+01 -1.041271e+00 
 3.345296e+01 -1.055127e+00 
 3.345328e+01 -1.051677e+00 
 3.345360e+01 -1.051837e+00 
 3.345393e+01 -1.044511e+00 
 3.345425e+01 -1.032956e+00 
 3.345457e+01 -1.023739e+00 
 3.345489e+01 -9.840295e-01 
 3.345522e+01 -9.774523e-01 
 3.345554e+01 -9.911093e-01 
 3.345586e+01 -9.865022e-01 
 3.345619e+01 -9.589156e-01 
 3.345651e+01 -9.436752e-01 
 3.345683e+01 -9.305718e-01 
 3.345716e+01 -9.104963e-01 
 3.345748e+01 -8.883799e-01 
 3.345780e+01 -8.645012e-01 
 3.345812e+01 -8.441997e-01 
 3.345845e+01 -8.063651e-01 
 3.345877e+01 -7.879632e-01 
 3.345909e+01 -7.706598e-01 
 3.345942e+01 -7.518409e-01 
 3.345974e+01 -7.390342e-01 
 3.346006e+01 -7.295282e-01 
 3.346039e+01 -7.309741e-01 
 3.346071e+01 -7.273746e-01 
 3.346103e+01 -7.377214e-01 
 3.346135e+01 -7.507701e-01 
 3.346168e+01 -7.746773e-01 
 3.346200e+01 -7.882340e-01 
 3.346232e+01 -8.176905e-01 
 3.346265e+01 -8.404378e-01 
 3.346297e+01 -8.579207e-01 
 3.346329e+01 -8.741198e-01 
 3.346362e+01 -8.879005e-01 
 3.346394e+01 -8.885579e-01 
 3.346426e+01 -8.942987e-01 
 3.346458e+01 -8.931585e-01 
 3.346491e+01 -8.861241e-01 
 3.346523e+01 -8.735307e-01 
 3.346555e+01 -8.644836e-01 
 3.346588e+01 -8.712297e-01 
 3.346620e+01 -8.718126e-01 
 3.346652e+01 -8.581769e-01 
 3.346685e+01 -8.402394e-01 
 3.346717e+01 -8.243391e-01 
 3.346749e+01 -8.065853e-01 
 3.346781e+01 -7.899572e-01 
 3.346814e+01 -7.508751e-01 
 3.346846e+01 -7.256966e-01 
 3.346878e+01 -7.038443e-01 
 3.346911e+01 -6.704558e-01 
 3.346943e+01 -6.440401e-01 
 3.346975e+01 -6.249484e-01 
 3.347008e+01 -6.168608e-01 
 3.347040e+01 -6.085455e-01 
 3.347072e+01 -5.978023e-01 
 3.347104e+01 -5.978595e-01 
 3.347137e+01 -5.969467e-01 
 3.347169e+01 -5.896619e-01 
 3.347201e+01 -5.905965e-01 
 3.347234e+01 -5.829672e-01 
 3.347266e+01 -5.797954e-01 
 3.347298e+01 -5.787932e-01 
 3.347331e+01 -5.777963e-01 
 3.347363e+01 -5.811612e-01 
 3.347395e+01 -5.843859e-01 
 3.347427e+01 -5.974709e-01 
 3.347460e+01 -6.085513e-01 
 3.347492e+01 -6.209528e-01 
 3.347524e+01 -6.187199e-01 
 3.347557e+01 -6.284636e-01 
 3.347589e+01 -6.363084e-01 
 3.347621e+01 -6.487062e-01 
 3.347653e+01 -6.541166e-01 
 3.347686e+01 -6.369644e-01 
 3.347718e+01 -6.294950e-01 
 3.347750e+01 -6.318924e-01 
 3.347783e+01 -6.237918e-01 
 3.347815e+01 -6.081794e-01 
 3.347847e+01 -6.021144e-01 
 3.347880e+01 -5.861452e-01 
 3.347912e+01 -5.562075e-01 
 3.347944e+01 -5.276468e-01 
 3.347976e+01 -5.027974e-01 
 3.348009e+01 -4.752367e-01 
 3.348041e+01 -4.541438e-01 
 3.348073e+01 -4.339316e-01 
 3.348106e+01 -4.197293e-01 
 3.348138e+01 -4.177184e-01 
 3.348170e+01 -4.129367e-01 
 3.348203e+01 -4.045837e-01 
 3.348235e+01 -3.989754e-01 
 3.348267e+01 -3.906781e-01 
 3.348299e+01 -3.924064e-01 
 3.348332e+01 -3.890101e-01 
 3.348364e+01 -3.806418e-01 
 3.348396e+01 -3.890606e-01 
 3.348429e+01 -3.847686e-01 
 3.348461e+01 -3.852390e-01 
 3.348493e+01 -4.194439e-01 
 3.348526e+01 -4.356989e-01 
 3.348558e+01 -4.601552e-01 
 3.348590e+01 -4.856600e-01 
 3.348622e+01 -5.086465e-01 
 3.348655e+01 -5.353400e-01 
 3.348687e+01 -5.579261e-01 
 3.348719e+01 -5.637967e-01 
 3.348752e+01 -5.599620e-01 
 3.348784e+01 -5.477157e-01 
 3.348816e+01 -5.359896e-01 
 3.348849e+01 -5.180606e-01 
 3.348881e+01 -4.999445e-01 
 3.348913e+01 -4.733659e-01 
 3.348945e+01 -4.495928e-01 
 3.348978e+01 -4.316859e-01 
 3.349010e+01 -4.091423e-01 
 3.349042e+01 -3.877760e-01 
 3.349075e+01 -3.749341e-01 
 3.349107e+01 -3.525605e-01 
 3.349139e+01 -3.380993e-01 
 3.349172e+01 -3.256342e-01 
 3.349204e+01 -3.199171e-01 
 3.349236e+01 -3.142083e-01 
 3.349268e+01 -3.156754e-01 
 3.349301e+01 -3.073940e-01 
 3.349333e+01 -3.211008e-01 
 3.349365e+01 -3.386112e-01 
 3.349398e+01 -3.572989e-01 
 3.349430e+01 -3.784726e-01 
 3.349462e+01 -4.259245e-01 
 3.349495e+01 -4.695599e-01 
 3.349527e+01 -5.092791e-01 
 3.349559e+01 -5.671823e-01 
 3.349591e+01 -6.047174e-01 
 3.349624e+01 -6.356443e-01 
 3.349656e+01 -6.639134e-01 
 3.349688e+01 -6.827940e-01 
 3.349721e+01 -6.901813e-01 
 3.349753e+01 -6.890665e-01 
 3.349785e+01 -6.817010e-01 
 3.349818e+01 -6.628934e-01 
 3.349850e+01 -6.428950e-01 
 3.349882e+01 -6.059050e-01 
 3.349914e+01 -5.697273e-01 
 3.349947e+01 -5.207680e-01 
 3.349979e+01 -4.705554e-01 
 3.350011e+01 -4.295779e-01 
 3.350044e+01 -3.923280e-01 
 3.350076e+01 -3.513588e-01 
 3.350108e+01 -3.186257e-01 
 3.350141e+01 -2.908647e-01 
 3.350173e+01 -2.679769e-01 
 3.350205e+01 -2.440256e-01 
 3.350237e+01 -2.303600e-01 
 3.350270e+01 -2.274078e-01 
 3.350302e+01 -2.335623e-01 
 3.350334e+01 -2.673218e-01 
 3.350367e+01 -3.134063e-01 
 3.350399e+01 -3.614080e-01 
 3.350431e+01 -4.245752e-01 
 3.350464e+01 -4.864717e-01 
 3.350496e+01 -5.559664e-01 
 3.350528e+01 -6.238431e-01 
 3.350560e+01 -6.693386e-01 
 3.350593e+01 -7.192523e-01 
 3.350625e+01 -7.719016e-01 
 3.350657e+01 -7.964034e-01 
 3.350690e+01 -8.238564e-01 
 3.350722e+01 -8.402701e-01 
 3.350754e+01 -8.347173e-01 
 3.350786e+01 -8.322992e-01 
 3.350819e+01 -8.142028e-01 
 3.350851e+01 -7.880732e-01 
 3.350883e+01 -7.549193e-01 
 3.350916e+01 -7.070319e-01 
 3.350948e+01 -6.524855e-01 
 3.350980e+01 -5.918123e-01 
 3.351013e+01 -5.274779e-01 
 3.351045e+01 -4.637926e-01 
 3.351077e+01 -4.028219e-01 
 3.351109e+01 -3.520470e-01 
 3.351142e+01 -3.087680e-01 
 3.351174e+01 -2.717617e-01 
 3.351206e+01 -2.584570e-01 
 3.351239e+01 -2.555939e-01 
 3.351271e+01 -2.591770e-01 
 3.351303e+01 -2.697212e-01 
 3.351336e+01 -2.906392e-01 
 3.351368e+01 -3.242299e-01 
 3.351400e+01 -3.638887e-01 
 3.351432e+01 -4.129800e-01 
 3.351465e+01 -4.651369e-01 
 3.351497e+01 -5.210376e-01 
 3.351529e+01 -5.831153e-01 
 3.351562e+01 -6.528624e-01 
 3.351594e+01 -6.979675e-01 
 3.351626e+01 -7.497410e-01 
 3.351659e+01 -8.059258e-01 
 3.351691e+01 -8.339902e-01 
 3.351723e+01 -8.499666e-01 
 3.351755e+01 -8.493708e-01 
 3.351788e+01 -8.440005e-01 
 3.351820e+01 -8.278370e-01 
 3.351852e+01 -8.051701e-01 
 3.351885e+01 -7.753177e-01 
 3.351917e+01 -7.462038e-01 
 3.351949e+01 -7.075044e-01 
 3.351982e+01 -6.584645e-01 
 3.352014e+01 -6.072829e-01 
 3.352046e+01 -5.547771e-01 
 3.352078e+01 -5.046298e-01 
 3.352111e+01 -4.485502e-01 
 3.352143e+01 -3.925621e-01 
 3.352175e+01 -3.453928e-01 
 3.352208e+01 -3.162704e-01 
 3.352240e+01 -2.913314e-01 
 3.352272e+01 -2.709265e-01 
 3.352305e+01 -2.665105e-01 
 3.352337e+01 -2.740325e-01 
 3.352369e+01 -2.951411e-01 
 3.352401e+01 -3.329840e-01 
 3.352434e+01 -3.746557e-01 
 3.352466e+01 -4.173346e-01 
 3.352498e+01 -4.627584e-01 
 3.352531e+01 -5.094422e-01 
 3.352563e+01 -5.705151e-01 
 3.352595e+01 -6.092130e-01 
 3.352628e+01 -6.440234e-01 
 3.352660e+01 -7.065916e-01 
 3.352692e+01 -7.257743e-01 
 3.352724e+01 -7.442363e-01 
 3.352757e+01 -7.591743e-01 
 3.352789e+01 -7.550251e-01 
 3.352821e+01 -7.532311e-01 
 3.352854e+01 -7.353780e-01 
 3.352886e+01 -7.125076e-01 
 3.352918e+01 -6.786579e-01 
 3.352951e+01 -6.467101e-01 
 3.352983e+01 -6.103532e-01 
 3.353015e+01 -5.626804e-01 
 3.353047e+01 -5.102177e-01 
 3.353080e+01 -4.639148e-01 
 3.353112e+01 -4.135978e-01 
 3.353144e+01 -3.814393e-01 
 3.353177e+01 -3.387622e-01 
 3.353209e+01 -2.995012e-01 
 3.353241e+01 -2.731314e-01 
 3.353274e+01 -2.546932e-01 
 3.353306e+01 -2.416278e-01 
 3.353338e+01 -2.360214e-01 
 3.353370e+01 -2.346984e-01 
 3.353403e+01 -2.440831e-01 
 3.353435e+01 -2.670913e-01 
 3.353467e+01 -2.990831e-01 
 3.353500e+01 -3.367484e-01 
 3.353532e+01 -3.731877e-01 
 3.353564e+01 -4.178684e-01 
 3.353596e+01 -4.685981e-01 
 3.353629e+01 -5.027279e-01 
 3.353661e+01 -5.397616e-01 
 3.353693e+01 -5.866669e-01 
 3.353726e+01 -6.014736e-01 
 3.353758e+01 -6.145053e-01 
 3.353790e+01 -6.148106e-01 
 3.353823e+01 -6.164549e-01 
 3.353855e+01 -6.092829e-01 
 3.353887e+01 -5.921664e-01 
 3.353919e+01 -5.685751e-01 
 3.353952e+01 -5.406304e-01 
 3.353984e+01 -5.033400e-01 
 3.354016e+01 -4.616442e-01 
 3.354049e+01 -4.099120e-01 
 3.354081e+01 -3.724381e-01 
 3.354113e+01 -3.249881e-01 
 3.354146e+01 -2.741744e-01 
 3.354178e+01 -2.264764e-01 
 3.354210e+01 -1.823732e-01 
 3.354242e+01 -1.456874e-01 
 3.354275e+01 -1.188200e-01 
 3.354307e+01 -1.025140e-01 
 3.354339e+01 -9.025899e-02 
 3.354372e+01 -8.642873e-02 
 3.354404e+01 -9.159756e-02 
 3.354436e+01 -1.070676e-01 
 3.354469e+01 -1.343017e-01 
 3.354501e+01 -1.656232e-01 
 3.354533e+01 -1.999048e-01 
 3.354565e+01 -2.343157e-01 
 3.354598e+01 -2.852840e-01 
 3.354630e+01 -3.124360e-01 
 3.354662e+01 -3.419148e-01 
 3.354695e+01 -3.708570e-01 
 3.354727e+01 -4.079981e-01 
 3.354759e+01 -4.182381e-01 
 3.354792e+01 -4.345246e-01 
 3.354824e+01 -4.331847e-01 
 3.354856e+01 -4.322548e-01 
 3.354888e+01 -4.249714e-01 
 3.354921e+01 -4.025325e-01 
 3.354953e+01 -3.738637e-01 
 3.354985e+01 -3.372613e-01 
 3.355018e+01 -2.961514e-01 
 3.355050e+01 -2.491322e-01 
 3.355082e+01 -1.926638e-01 
 3.355115e+01 -1.316429e-01 
 3.355147e+01 -7.123181e-02 
 3.355179e+01 -1.848931e-02 
 3.355211e+01  4.006214e-02 
 3.355244e+01  9.078147e-02 
 3.355276e+01  1.351542e-01 
 3.355308e+01  1.691391e-01 
 3.355341e+01  1.950187e-01 
 3.355373e+01  2.138533e-01 
 3.355405e+01  2.251276e-01 
 3.355438e+01  2.241632e-01 
 3.355470e+01  2.115774e-01 
 3.355502e+01  1.908400e-01 
 3.355534e+01  1.606834e-01 
 3.355567e+01  7.727670e-02 
 3.355599e+01  3.644709e-02 
 3.355631e+01 -2.325538e-02 
 3.355664e+01 -6.148860e-02 
 3.355696e+01 -1.032926e-01 
 3.355728e+01 -1.623900e-01 
 3.355761e+01 -1.878360e-01 
 3.355793e+01 -2.138187e-01 
 3.355825e+01 -2.257593e-01 
 3.355857e+01 -2.630595e-01 
 3.355890e+01 -2.703626e-01 
 3.355922e+01 -2.547951e-01 
 3.355954e+01 -2.293387e-01 
 3.355987e+01 -2.013919e-01 
 3.356019e+01 -1.649353e-01 
 3.356051e+01 -1.131755e-01 
 3.356084e+01 -5.120833e-02 
 3.356116e+01  1.718772e-02 
 3.356148e+01  8.308082e-02 
 3.356180e+01  1.548807e-01 
 3.356213e+01  2.279952e-01 
 3.356245e+01  3.002382e-01 
 3.356277e+01  3.724827e-01 
 3.356310e+01  4.345839e-01 
 3.356342e+01  4.837221e-01 
 3.356374e+01  5.234545e-01 
 3.356407e+01  5.440286e-01 
 3.356439e+01  5.383590e-01 
 3.356471e+01  5.432166e-01 
 3.356503e+01  5.379329e-01 
 3.356536e+01  5.273579e-01 
 3.356568e+01  5.098102e-01 
 3.356600e+01  4.842063e-01 
 3.356633e+01  4.525891e-01 
 3.356665e+01  3.993492e-01 
 3.356697e+01  3.617143e-01 
 3.356729e+01  3.125421e-01 
 3.356762e+01  2.565208e-01 
 3.356794e+01  2.196369e-01 
 3.356826e+01  1.780428e-01 
 3.356859e+01  9.714196e-02 
 3.356891e+01  6.932376e-02 
 3.356923e+01  6.347609e-02 
 3.356956e+01  6.448697e-02 
 3.356988e+01  7.146981e-02 
 3.357020e+01  8.242392e-02 
 3.357052e+01  1.025943e-01 
 3.357085e+01  1.285089e-01 
 3.357117e+01  1.582974e-01 
 3.357149e+01  1.942672e-01 
 3.357182e+01  2.401692e-01 
 3.357214e+01  2.826585e-01 
 3.357246e+01  3.183547e-01 
 3.357279e+01  3.558031e-01 
 3.357311e+01  3.868931e-01 
 3.357343e+01  4.080225e-01 
 3.357375e+01  4.134179e-01 
 3.357408e+01  4.332874e-01 
 3.357440e+01  4.500920e-01 
 3.357472e+01  4.648207e-01 
 3.357505e+01  4.713738e-01 
 3.357537e+01  4.683059e-01 
 3.357569e+01  4.677345e-01 
 3.357602e+01  4.649343e-01 
 3.357634e+01  4.592058e-01 
 3.357666e+01  4.555581e-01 
 3.357698e+01  4.521876e-01 
 3.357731e+01  4.356575e-01 
 3.357763e+01  4.230384e-01 
 3.357795e+01  3.854790e-01 
 3.357828e+01  3.517445e-01 
 3.357860e+01  3.089264e-01 
 3.357892e+01  2.320529e-01 
 3.357925e+01  1.812342e-01 
 3.357957e+01  1.531867e-01 
 3.357989e+01  1.187856e-01 
 3.358021e+01  9.064336e-02 
 3.358054e+01  6.572359e-02 
 3.358086e+01  4.620533e-02 
 3.358118e+01  3.551410e-02 
 3.358151e+01  3.692780e-02 
 3.358183e+01  4.784446e-02 
 3.358215e+01  6.569580e-02 
 3.358248e+01  9.312814e-02 
 3.358280e+01  1.256521e-01 
 3.358312e+01  1.591691e-01 
 3.358344e+01  1.897171e-01 
 3.358377e+01  2.140993e-01 
 3.358409e+01  2.304320e-01 
 3.358441e+01  2.388562e-01 
 3.358474e+01  2.405386e-01 
 3.358506e+01  2.350700e-01 
 3.358538e+01  2.103739e-01 
 3.358571e+01  2.029569e-01 
 3.358603e+01  1.946986e-01 
 3.358635e+01  1.838888e-01 
 3.358667e+01  1.763534e-01 
 3.358700e+01  1.669217e-01 
 3.358732e+01  1.542540e-01 
 3.358764e+01  1.461868e-01 
 3.358797e+01  1.390214e-01 
 3.358829e+01  1.397923e-01 
 3.358861e+01  1.430091e-01 
 3.358894e+01  1.374571e-01 
 3.358926e+01  1.243538e-01 
 3.358958e+01  1.000260e-01 
 3.358990e+01  1.749459e-02 
 3.359023e+01 -2.923979e-02 
 3.359055e+01 -6.844832e-02 
 3.359087e+01 -1.095936e-01 
 3.359120e+01 -1.500148e-01 
 3.359152e+01 -1.866592e-01 
 3.359184e+01 -2.160319e-01 
 3.359217e+01 -2.406282e-01 
 3.359249e+01 -2.577103e-01 
 3.359281e+01 -2.658117e-01 
 3.359313e+01 -2.648421e-01 
 3.359346e+01 -2.546982e-01 
 3.359378e+01 -2.412529e-01 
 3.359410e+01 -2.287187e-01 
 3.359443e+01 -2.160742e-01 
 3.359475e+01 -2.061455e-01 
 3.359507e+01 -2.006951e-01 
 3.359540e+01 -2.006457e-01 
 3.359572e+01 -2.048222e-01 
 3.359604e+01 -2.191338e-01 
 3.359636e+01 -2.369605e-01 
 3.359669e+01 -2.493908e-01 
 3.359701e+01 -2.605817e-01 
 3.359733e+01 -2.651262e-01 
 3.359766e+01 -2.760018e-01 
 3.359798e+01 -2.903394e-01 
 3.359830e+01 -3.082283e-01 
 3.359862e+01 -3.202164e-01 
 3.359895e+01 -3.324356e-01 
 3.359927e+01 -3.403249e-01 
 3.359959e+01 -3.576070e-01 
 3.359992e+01 -3.784680e-01 
 3.360024e+01 -4.035035e-01 
 3.360056e+01 -4.278449e-01 
 3.360089e+01 -4.702401e-01 
 3.360121e+01 -5.123863e-01 
 3.360153e+01 -5.470624e-01 
 3.360185e+01 -5.753245e-01 
 3.360218e+01 -5.992121e-01 
 3.360250e+01 -6.186346e-01 
 3.360282e+01 -6.349714e-01 
 3.360315e+01 -6.470714e-01 
 3.360347e+01 -6.485202e-01 
 3.360379e+01 -6.449220e-01 
 3.360412e+01 -6.373335e-01 
 3.360444e+01 -6.254756e-01 
 3.360476e+01 -6.105153e-01 
 3.360508e+01 -5.946549e-01 
 3.360541e+01 -5.864471e-01 
 3.360573e+01 -5.801586e-01 
 3.360605e+01 -5.776300e-01 
 3.360638e+01 -5.825960e-01 
 3.360670e+01 -5.937522e-01 
 3.360702e+01 -6.087198e-01 
 3.360735e+01 -6.321295e-01 
 3.360767e+01 -6.506969e-01 
 3.360799e+01 -6.697968e-01 
 3.360831e+01 -6.874994e-01 
 3.360864e+01 -7.020599e-01 
 3.360896e+01 -7.138706e-01 
 3.360928e+01 -7.264118e-01 
 3.360961e+01 -7.412799e-01 
 3.360993e+01 -7.464981e-01 
 3.361025e+01 -7.580339e-01 
 3.361058e+01 -7.587142e-01 
 3.361090e+01 -7.708795e-01 
 3.361122e+01 -7.805234e-01 
 3.361154e+01 -7.882793e-01 
 3.361187e+01 -7.951905e-01 
 3.361219e+01 -8.045072e-01 
 3.361251e+01 -8.078192e-01 
 3.361284e+01 -8.044621e-01 
 3.361316e+01 -7.965269e-01 
 3.361348e+01 -7.828229e-01 
 3.361381e+01 -7.649248e-01 
 3.361413e+01 -7.456773e-01 
 3.361445e+01 -7.262952e-01 
 3.361477e+01 -7.069168e-01 
 3.361510e+01 -6.897361e-01 
 3.361542e+01 -6.752809e-01 
 3.361574e+01 -6.640531e-01 
 3.361607e+01 -6.532036e-01 
 3.361639e+01 -6.478171e-01 
 3.361671e+01 -6.436896e-01 
 3.361704e+01 -6.407222e-01 
 3.361736e+01 -6.407176e-01 
 3.361768e+01 -6.449845e-01 
 3.361800e+01 -6.640780e-01 
 3.361833e+01 -7.094428e-01 
 3.361865e+01 -7.329970e-01 
 3.361897e+01 -6.377603e-01 
 3.361930e+01 -5.441891e-01 
 3.361962e+01 -6.552097e-01 
 3.361994e+01 -7.912963e-01 
 3.362027e+01 -8.170573e-01 
 3.362059e+01 -7.841406e-01 
 3.362091e+01 -7.579689e-01 
 3.362123e+01 -7.894878e-01 
 3.362156e+01 -8.057589e-01 
 3.362188e+01 -7.663525e-01 
 3.362220e+01 -7.788319e-01 
 3.362253e+01 -8.098354e-01 
 3.362285e+01 -7.626322e-01 
 3.362317e+01 -7.911259e-01 
 3.362350e+01 -8.094096e-01 
 3.362382e+01 -7.553205e-01 
 3.362414e+01 -7.391553e-01 
 3.362446e+01 -6.977007e-01 
 3.362479e+01 -6.623280e-01 
 3.362511e+01 -6.184786e-01 
 3.362543e+01 -5.642550e-01 
 3.362576e+01 -5.894872e-01 
 3.362608e+01 -5.735358e-01 
 3.362640e+01 -5.298639e-01 
 3.362673e+01 -5.426931e-01 
 3.362705e+01 -4.822368e-01 
 3.362737e+01 -4.344889e-01 
 3.362769e+01 -4.552904e-01 
 3.362802e+01 -4.843721e-01 
 3.362834e+01 -5.218598e-01 
 3.362866e+01 -4.353713e-01 
 3.362899e+01 -4.076443e-01 
 3.362931e+01 -3.958871e-01 
 3.362963e+01 -3.351158e-01 
 3.362995e+01 -3.984119e-01 
 3.363028e+01 -3.854406e-01 
 3.363060e+01 -3.486588e-01 
 3.363092e+01 -3.806288e-01 
 3.363125e+01 -3.931147e-01 
 3.363157e+01 -3.475853e-01 
 3.363189e+01 -4.147419e-01 
 3.363222e+01 -3.622395e-01 
 3.363254e+01 -3.862505e-01 
 3.363286e+01 -4.012704e-01 
 3.363318e+01 -4.295853e-01 
 3.363351e+01 -4.596477e-01 
 3.363383e+01 -4.507897e-01 
 3.363415e+01 -4.372940e-01 
 3.363448e+01 -4.393776e-01 
 3.363480e+01 -4.038497e-01 
 3.363512e+01 -3.827607e-01 
 3.363545e+01 -3.683288e-01 
 3.363577e+01 -3.760578e-01 
 3.363609e+01 -3.718933e-01 
 3.363641e+01 -3.468322e-01 
 3.363674e+01 -3.306829e-01 
 3.363706e+01 -3.373796e-01 
 3.363738e+01 -2.933638e-01 
 3.363771e+01 -2.787148e-01 
 3.363803e+01 -2.377377e-01 
 3.363835e+01 -2.665922e-01 
 3.363868e+01 -2.415262e-01 
 3.363900e+01 -2.231658e-01 
 3.363932e+01 -1.677346e-01 
 3.363964e+01 -8.730388e-02 
 3.363997e+01 -4.833424e-02 
 3.364029e+01 -9.392035e-02 
 3.364061e+01 -1.291303e-01 
 3.364094e+01 -4.475602e-02 
 3.364126e+01  5.376447e-03 
 3.364158e+01  2.310166e-02 
 3.364191e+01 -9.517723e-03 
 3.364223e+01 -7.411903e-02 
 3.364255e+01 -1.214120e-01 
 3.364287e+01 -1.612106e-01 
 3.364320e+01 -2.113184e-01 
 3.364352e+01 -2.439360e-01 
 3.364384e+01 -2.940310e-01 
 3.364417e+01 -2.744739e-01 
 3.364449e+01 -3.048964e-01 
 3.364481e+01 -2.772458e-01 
 3.364514e+01 -2.884008e-01 
 3.364546e+01 -2.847932e-01 
 3.364578e+01 -3.256980e-01 
 3.364610e+01 -3.601028e-01 
 3.364643e+01 -3.634009e-01 
 3.364675e+01 -3.313544e-01 
 3.364707e+01 -3.173416e-01 
 3.364740e+01 -3.044198e-01 
 3.364772e+01 -2.246164e-01 
 3.364804e+01 -2.231094e-01 
 3.364837e+01 -2.172289e-01 
 3.364869e+01 -2.201984e-01 
 3.364901e+01 -1.508934e-01 
 3.364933e+01 -1.257903e-01 
 3.364966e+01 -8.258517e-02 
 3.364998e+01 -1.706738e-02 
 3.365030e+01  1.514312e-02 
 3.365063e+01  2.005672e-02 
 3.365095e+01  5.075220e-02 
 3.365127e+01  9.653924e-02 
 3.365160e+01  9.929708e-02 
 3.365192e+01  6.190295e-02 
 3.365224e+01  2.886920e-02 
 3.365256e+01  1.026514e-02 
 3.365289e+01 -5.703165e-02 
 3.365321e+01 -8.845512e-02 
 3.365353e+01 -1.364770e-01 
 3.365386e+01 -2.183141e-01 
 3.365418e+01 -2.748454e-01 
 3.365450e+01 -2.794302e-01 
 3.365483e+01 -3.131943e-01 
 3.365515e+01 -2.682931e-01 
 3.365547e+01 -3.162973e-01 
 3.365579e+01 -3.022671e-01 
 3.365612e+01 -3.225425e-01 
 3.365644e+01 -3.492913e-01 
 3.365676e+01 -3.397880e-01 
 3.365709e+01 -3.405975e-01 
 3.365741e+01 -3.292636e-01 
 3.365773e+01 -2.961400e-01 
 3.365806e+01 -2.919500e-01 
 3.365838e+01 -2.925646e-01 
 3.365870e+01 -2.392253e-01 
 3.365902e+01 -2.516862e-01 
 3.365935e+01 -2.382877e-01 
 3.365967e+01 -2.025500e-01 
 3.365999e+01 -1.704097e-01 
 3.366032e+01 -1.222378e-01 
 3.366064e+01 -1.335152e-01 
 3.366096e+01 -1.504647e-01 
 3.366128e+01 -1.276413e-01 
 3.366161e+01 -1.059176e-01 
 3.366193e+01 -7.052275e-02 
 3.366225e+01 -9.650869e-02 
 3.366258e+01 -1.177514e-01 
 3.366290e+01 -1.860070e-01 
 3.366322e+01 -2.517122e-01 
 3.366355e+01 -2.948453e-01 
 3.366387e+01 -3.070955e-01 
 3.366419e+01 -3.559597e-01 
 3.366451e+01 -4.195539e-01 
 3.366484e+01 -5.070457e-01 
 3.366516e+01 -5.489999e-01 
 3.366548e+01 -5.429476e-01 
 3.366581e+01 -5.517513e-01 
 3.366613e+01 -5.627974e-01 
 3.366645e+01 -6.157194e-01 
 3.366678e+01 -6.088298e-01 
 3.366710e+01 -5.600749e-01 
 3.366742e+01 -5.310664e-01 
 3.366774e+01 -5.292220e-01 
 3.366807e+01 -5.364247e-01 
 3.366839e+01 -4.950032e-01 
 3.366871e+01 -5.027629e-01 
 3.366904e+01 -4.917112e-01 
 3.366936e+01 -4.729827e-01 
 3.366968e+01 -3.967986e-01 
 3.367001e+01 -3.361360e-01 
 3.367033e+01 -3.024099e-01 
 3.367065e+01 -2.925186e-01 
 3.367097e+01 -2.643832e-01 
 3.367130e+01 -2.513733e-01 
 3.367162e+01 -2.385732e-01 
 3.367194e+01 -2.186500e-01 
 3.367227e+01 -2.254854e-01 
 3.367259e+01 -2.255915e-01 
 3.367291e+01 -2.531770e-01 
 3.367324e+01 -3.052853e-01 
 3.367356e+01 -3.205517e-01 
 3.367388e+01 -3.799977e-01 
 3.367420e+01 -4.545521e-01 
 3.367453e+01 -5.324678e-01 
 3.367485e+01 -5.812585e-01 
 3.367517e+01 -6.231891e-01 
 3.367550e+01 -6.964912e-01 
 3.367582e+01 -7.201293e-01 
 3.367614e+01 -7.242988e-01 
 3.367647e+01 -7.232786e-01 
 3.367679e+01 -7.433553e-01 
 3.367711e+01 -7.272284e-01 
 3.367743e+01 -6.950023e-01 
 3.367776e+01 -6.972695e-01 
 3.367808e+01 -6.706210e-01 
 3.367840e+01 -6.357213e-01 
 3.367873e+01 -6.158468e-01 
 3.367905e+01 -5.857864e-01 
 3.367937e+01 -5.681734e-01 
 3.367970e+01 -5.152287e-01 
 3.368002e+01 -4.710807e-01 
 3.368034e+01 -4.325605e-01 
 3.368066e+01 -3.656668e-01 
 3.368099e+01 -3.325024e-01 
 3.368131e+01 -3.216562e-01 
 3.368163e+01 -2.756459e-01 
 3.368196e+01 -2.809998e-01 
 3.368228e+01 -2.854265e-01 
 3.368260e+01 -3.175417e-01 
 3.368293e+01 -3.940953e-01 
 3.368325e+01 -4.347178e-01 
 3.368357e+01 -5.468270e-01 
 3.368389e+01 -5.864970e-01 
 3.368422e+01 -6.297246e-01 
 3.368454e+01 -6.555715e-01 
 3.368486e+01 -7.130220e-01 
 3.368519e+01 -7.610185e-01 
 3.368551e+01 -7.871241e-01 
 3.368583e+01 -7.815140e-01 
 3.368616e+01 -8.092082e-01 
 3.368648e+01 -8.130839e-01 
 3.368680e+01 -8.385986e-01 
 3.368712e+01 -8.434278e-01 
 3.368745e+01 -8.131434e-01 
 3.368777e+01 -7.782874e-01 
 3.368809e+01 -7.371156e-01 
 3.368842e+01 -7.245642e-01 
 3.368874e+01 -6.878079e-01 
 3.368906e+01 -6.430286e-01 
 3.368938e+01 -5.902453e-01 
 3.368971e+01 -5.483086e-01 
 3.369003e+01 -4.925321e-01 
 3.369035e+01 -4.533420e-01 
 3.369068e+01 -4.070985e-01 
 3.369100e+01 -3.918485e-01 
 3.369132e+01 -3.859609e-01 
 3.369165e+01 -3.860976e-01 
 3.369197e+01 -3.994387e-01 
 3.369229e+01 -4.192461e-01 
 3.369261e+01 -4.380341e-01 
 3.369294e+01 -4.950740e-01 
 3.369326e+01 -5.309938e-01 
 3.369358e+01 -5.825696e-01 
 3.369391e+01 -6.427775e-01 
 3.369423e+01 -6.836839e-01 
 3.369455e+01 -7.459156e-01 
 3.369488e+01 -8.197920e-01 
 3.369520e+01 -8.462444e-01 
 3.369552e+01 -8.478820e-01 
 3.369584e+01 -8.402451e-01 
 3.369617e+01 -8.389641e-01 
 3.369649e+01 -8.258490e-01 
 3.369681e+01 -8.245008e-01 
 3.369714e+01 -8.247213e-01 
 3.369746e+01 -8.019943e-01 
 3.369778e+01 -7.773596e-01 
 3.369811e+01 -7.297566e-01 
 3.369843e+01 -6.902541e-01 
 3.369875e+01 -6.318309e-01 
 3.369907e+01 -5.849661e-01 
 3.369940e+01 -5.436646e-01 
 3.369972e+01 -4.891429e-01 
 3.370004e+01 -4.494220e-01 
 3.370037e+01 -4.152084e-01 
 3.370069e+01 -3.926167e-01 
 3.370101e+01 -3.793722e-01 
 3.370134e+01 -3.697355e-01 
 3.370166e+01 -3.905337e-01 
 3.370198e+01 -4.133724e-01 
 3.370230e+01 -4.175912e-01 
 3.370263e+01 -4.524883e-01 
 3.370295e+01 -4.832451e-01 
 3.370327e+01 -5.245797e-01 
 3.370360e+01 -5.704528e-01 
 3.370392e+01 -6.183697e-01 
 3.370424e+01 -6.732346e-01 
 3.370457e+01 -6.953001e-01 
 3.370489e+01 -7.212633e-01 
 3.370521e+01 -7.728980e-01 
 3.370553e+01 -7.998203e-01 
 3.370586e+01 -8.162291e-01 
 3.370618e+01 -8.041049e-01 
 3.370650e+01 -7.777616e-01 
 3.370683e+01 -7.629449e-01 
 3.370715e+01 -7.347218e-01 
 3.370747e+01 -7.375345e-01 
 3.370780e+01 -7.058347e-01 
 3.370812e+01 -6.536478e-01 
 3.370844e+01 -6.068618e-01 
 3.370876e+01 -5.734711e-01 
 3.370909e+01 -5.467646e-01 
 3.370941e+01 -5.185967e-01 
 3.370973e+01 -4.693205e-01 
 3.371006e+01 -4.383259e-01 
 3.371038e+01 -3.912078e-01 
 3.371070e+01 -3.484035e-01 
 3.371103e+01 -3.238944e-01 
 3.371135e+01 -3.148102e-01 
 3.371167e+01 -3.108782e-01 
 3.371199e+01 -3.073234e-01 
 3.371232e+01 -3.230592e-01 
 3.371264e+01 -3.538951e-01 
 3.371296e+01 -3.953472e-01 
 3.371329e+01 -4.380030e-01 
 3.371361e+01 -5.100733e-01 
 3.371393e+01 -5.632159e-01 
 3.371426e+01 -6.086303e-01 
 3.371458e+01 -6.510976e-01 
 3.371490e+01 -6.785603e-01 
 3.371522e+01 -7.083134e-01 
 3.371555e+01 -7.565578e-01 
 3.371587e+01 -7.772221e-01 
 3.371619e+01 -7.649782e-01 
 3.371652e+01 -7.477254e-01 
 3.371684e+01 -7.429480e-01 
 3.371716e+01 -7.291330e-01 
 3.371748e+01 -7.170551e-01 
 3.371781e+01 -6.847871e-01 
 3.371813e+01 -6.339331e-01 
 3.371845e+01 -5.878496e-01 
 3.371878e+01 -5.378120e-01 
 3.371910e+01 -4.888423e-01 
 3.371942e+01 -4.539607e-01 
 3.371975e+01 -4.167578e-01 
 3.372007e+01 -3.801504e-01 
 3.372039e+01 -3.525710e-01 
 3.372071e+01 -3.181188e-01 
 3.372104e+01 -2.882600e-01 
 3.372136e+01 -2.523357e-01 
 3.372168e+01 -2.251300e-01 
 3.372201e+01 -2.070905e-01 
 3.372233e+01 -2.080507e-01 
 3.372265e+01 -2.148960e-01 
 3.372298e+01 -2.201430e-01 
 3.372330e+01 -2.546337e-01 
 3.372362e+01 -2.946001e-01 
 3.372394e+01 -3.289059e-01 
 3.372427e+01 -3.683201e-01 
 3.372459e+01 -4.219495e-01 
 3.372491e+01 -4.489379e-01 
 3.372524e+01 -4.601268e-01 
 3.372556e+01 -4.687248e-01 
 3.372588e+01 -5.169317e-01 
 3.372621e+01 -5.253008e-01 
 3.372653e+01 -5.344165e-01 
 3.372685e+01 -5.194313e-01 
 3.372717e+01 -4.996128e-01 
 3.372750e+01 -4.878812e-01 
 3.372782e+01 -4.782620e-01 
 3.372814e+01 -4.413964e-01 
 3.372847e+01 -4.011697e-01 
 3.372879e+01 -3.510199e-01 
 3.372911e+01 -3.139331e-01 
 3.372944e+01 -2.657517e-01 
 3.372976e+01 -2.224895e-01 
 3.373008e+01 -1.817938e-01 
 3.373040e+01 -1.311552e-01 
 3.373073e+01 -6.688968e-02 
 3.373105e+01 -1.129307e-02 
 3.373137e+01  1.225191e-02 
 3.373170e+01  3.232532e-02 
 3.373202e+01  5.115370e-02 
 3.373234e+01  2.964873e-02 
 3.373267e+01  2.609216e-02 
 3.373299e+01  1.766720e-02 
 3.373331e+01 -6.858336e-03 
 3.373363e+01 -2.738484e-02 
 3.373396e+01 -6.100700e-02 
 3.373428e+01 -9.847736e-02 
 3.373460e+01 -1.349114e-01 
 3.373493e+01 -1.830900e-01 
 3.373525e+01 -2.346337e-01 
 3.373557e+01 -2.701159e-01 
 3.373590e+01 -3.103508e-01 
 3.373622e+01 -3.530685e-01 
 3.373654e+01 -3.668566e-01 
 3.373686e+01 -3.669563e-01 
 3.373719e+01 -3.667940e-01 
 3.373751e+01 -3.877897e-01 
 3.373783e+01 -3.877779e-01 
 3.373816e+01 -3.786737e-01 
 3.373848e+01 -3.606572e-01 
 3.373880e+01 -3.231662e-01 
 3.373913e+01 -2.851285e-01 
 3.373945e+01 -2.555381e-01 
 3.373977e+01 -2.182061e-01 
 3.374009e+01 -1.659429e-01 
 3.374042e+01 -1.075605e-01 
 3.374074e+01 -4.165153e-02 
 3.374106e+01  1.609929e-02 
 3.374139e+01  6.234055e-02 
 3.374171e+01  1.070167e-01 
 3.374203e+01  1.494762e-01 
 3.374236e+01  1.758836e-01 
 3.374268e+01  1.980171e-01 
 3.374300e+01  2.015306e-01 
 3.374332e+01  1.964822e-01 
 3.374365e+01  1.809697e-01 
 3.374397e+01  1.596042e-01 
 3.374429e+01  1.271503e-01 
 3.374462e+01  8.962526e-02 
 3.374494e+01  4.906147e-02 
 3.374526e+01  3.197767e-03 
 3.374559e+01 -6.506417e-02 
 3.374591e+01 -1.138884e-01 
 3.374623e+01 -1.895556e-01 
 3.374655e+01 -2.200455e-01 
 3.374688e+01 -2.389228e-01 
 3.374720e+01 -2.609116e-01 
 3.374752e+01 -2.620234e-01 
 3.374785e+01 -3.002613e-01 
 3.374817e+01 -2.974360e-01 
 3.374849e+01 -2.925484e-01 
 3.374881e+01 -2.693043e-01 
 3.374914e+01 -2.372450e-01 
 3.374946e+01 -1.937237e-01 
 3.374978e+01 -1.372539e-01 
 3.375011e+01 -7.114403e-02 
 3.375043e+01 -3.470474e-03 
 3.375075e+01  6.938067e-02 
 3.375108e+01  1.541076e-01 
 3.375140e+01  2.360878e-01 
 3.375172e+01  3.036789e-01 
 3.375204e+01  3.653372e-01 
 3.375237e+01  4.134979e-01 
 3.375269e+01  4.619231e-01 
 3.375301e+01  5.069870e-01 
 3.375334e+01  5.257916e-01 
 3.375366e+01  5.256640e-01 
 3.375398e+01  5.135278e-01 
 3.375431e+01  5.002277e-01 
 3.375463e+01  4.873378e-01 
 3.375495e+01  4.497599e-01 
 3.375527e+01  4.013717e-01 
 3.375560e+01  3.556592e-01 
 3.375592e+01  2.825033e-01 
 3.375624e+01  2.236723e-01 
 3.375657e+01  1.644126e-01 
 3.375689e+01  1.046150e-01 
 3.375721e+01  5.090103e-02 
 3.375754e+01 -1.339890e-03 
 3.375786e+01 -9.068875e-02 
 3.375818e+01 -1.376291e-01 
 3.375850e+01 -1.468323e-01 
 3.375883e+01 -1.423280e-01 
 3.375915e+01 -1.228775e-01 
 3.375947e+01 -9.990881e-02 
 3.375980e+01 -9.451373e-02 
 3.376012e+01 -6.613565e-02 
 3.376044e+01 -3.313210e-02 
 3.376077e+01  2.196767e-02 
 3.376109e+01  7.732325e-02 
 3.376141e+01  1.208333e-01 
 3.376173e+01  1.665477e-01 
 3.376206e+01  2.094698e-01 
 3.376238e+01  2.555116e-01 
 3.376270e+01  3.085146e-01 
 3.376303e+01  3.558278e-01 
 3.376335e+01  3.872751e-01 
 3.376367e+01  4.109576e-01 
 3.376400e+01  4.243701e-01 
 3.376432e+01  4.254071e-01 
 3.376464e+01  3.773775e-01 
 3.376496e+01  3.438654e-01 
 3.376529e+01  2.929482e-01 
 3.376561e+01  2.352533e-01 
 3.376593e+01  1.663436e-01 
 3.376626e+01  7.817601e-02 
 3.376658e+01  1.183593e-02 
 3.376690e+01 -5.448323e-02 
 3.376723e+01 -1.175725e-01 
 3.376755e+01 -1.651007e-01 
 3.376787e+01 -2.120432e-01 
 3.376819e+01 -2.912953e-01 
 3.376852e+01 -3.320111e-01 
 3.376884e+01 -3.486486e-01 
 3.376916e+01 -3.568894e-01 
 3.376949e+01 -3.471058e-01 
 3.376981e+01 -3.384391e-01 
 3.377013e+01 -3.161847e-01 
 3.377046e+01 -2.620671e-01 
 3.377078e+01 -1.954626e-01 
 3.377110e+01 -1.547674e-01 
 3.377142e+01 -8.375420e-02 
 3.377175e+01 -8.789008e-03 
 3.377207e+01  6.158716e-02 
 3.377239e+01  1.302370e-01 
 3.377272e+01  1.957970e-01 
 3.377304e+01  2.605807e-01 
 3.377336e+01  3.212970e-01 
 3.377369e+01  3.728324e-01 
 3.377401e+01  4.028810e-01 
 3.377433e+01  4.080732e-01 
 3.377465e+01  4.078584e-01 
 3.377498e+01  3.989719e-01 
 3.377530e+01  3.738350e-01 
 3.377562e+01  3.365382e-01 
 3.377595e+01  2.817129e-01 
 3.377627e+01  2.192509e-01 
 3.377659e+01  1.332812e-01 
 3.377692e+01  7.611597e-02 
 3.377724e+01  1.963831e-02 
 3.377756e+01 -3.752643e-02 
 3.377788e+01 -9.143036e-02 
 3.377821e+01 -1.426868e-01 
 3.377853e+01 -2.358743e-01 
 3.377885e+01 -2.633808e-01 
 3.377918e+01 -2.757011e-01 
 3.377950e+01 -2.739485e-01 
 3.377982e+01 -2.768367e-01 
 3.378014e+01 -2.721313e-01 
 3.378047e+01 -2.555893e-01 
 3.378079e+01 -2.227177e-01 
 3.378111e+01 -1.711516e-01 
 3.378144e+01 -1.138435e-01 
 3.378176e+01 -5.782350e-02 
 3.378208e+01 -7.794561e-03 
 3.378241e+01  3.295134e-02 
 3.378273e+01  7.460947e-02 
 3.378305e+01  1.157644e-01 
 3.378337e+01  1.504269e-01 
 3.378370e+01  1.792051e-01 
 3.378402e+01  1.946222e-01 
 3.378434e+01  2.074269e-01 
 3.378467e+01  2.206630e-01 
 3.378499e+01  2.261458e-01 
 3.378531e+01  2.306491e-01 
 3.378564e+01  2.269742e-01 
 3.378596e+01  2.044394e-01 
 3.378628e+01  1.715512e-01 
 3.378660e+01  1.286619e-01 
 3.378693e+01  4.910690e-02 
 3.378725e+01 -2.309173e-02 
 3.378757e+01 -8.558910e-02 
 3.378790e+01 -1.477580e-01 
 3.378822e+01 -2.005021e-01 
 3.378854e+01 -2.426221e-01 
 3.378887e+01 -3.141285e-01 
 3.378919e+01 -3.711624e-01 
 3.378951e+01 -3.924482e-01 
 3.378983e+01 -4.070260e-01 
 3.379016e+01 -4.109573e-01 
 3.379048e+01 -4.089069e-01 
 3.379080e+01 -3.950699e-01 
 3.379113e+01 -3.590116e-01 
 3.379145e+01 -3.155591e-01 
 3.379177e+01 -2.693969e-01 
 3.379210e+01 -2.216056e-01 
 3.379242e+01 -1.854897e-01 
 3.379274e+01 -1.551528e-01 
 3.379306e+01 -1.277574e-01 
 3.379339e+01 -1.053471e-01 
 3.379371e+01 -8.564583e-02 
 3.379403e+01 -7.483727e-02 
 3.379436e+01 -7.424675e-02 
 3.379468e+01 -8.071477e-02 
 3.379500e+01 -8.564735e-02 
 3.379533e+01 -8.479096e-02 
 3.379565e+01 -7.687470e-02 
 3.379597e+01 -6.673714e-02 
 3.379629e+01 -5.573988e-02 
 3.379662e+01 -4.948844e-02 
 3.379694e+01 -5.887822e-02 
 3.379726e+01 -7.604733e-02 
 3.379759e+01 -1.204048e-01 
 3.379791e+01 -1.684529e-01 
 3.379823e+01 -2.125993e-01 
 3.379856e+01 -2.540004e-01 
 3.379888e+01 -2.900468e-01 
 3.379920e+01 -3.265708e-01 
 3.379952e+01 -3.811196e-01 
 3.379985e+01 -3.908675e-01 
 3.380017e+01 -3.910987e-01 
 3.380049e+01 -3.770127e-01 
 3.380082e+01 -3.540482e-01 
 3.380114e+01 -3.219133e-01 
 3.380146e+01 -2.800624e-01 
 3.380179e+01 -2.292374e-01 
 3.380211e+01 -1.792924e-01 
 3.380243e+01 -1.316549e-01 
 3.380275e+01 -9.559325e-02 
 3.380308e+01 -6.451697e-02 
 3.380340e+01 -4.065590e-02 
 3.380372e+01 -1.933278e-02 
 3.380405e+01 -1.551091e-03 
 3.380437e+01  3.329428e-03 
 3.380469e+01 -6.301366e-04 
 3.380502e+01 -6.772726e-03 
 3.380534e+01 -1.264573e-02 
 3.380566e+01 -1.883184e-02 
 3.380598e+01 -2.698967e-02 
 3.380631e+01 -4.388480e-02 
 3.380663e+01 -5.066905e-02 
 3.380695e+01 -4.956270e-02 
 3.380728e+01 -4.216398e-02 
 3.380760e+01 -2.807165e-02 
 3.380792e+01 -2.882814e-02 
 3.380825e+01 -4.543100e-02 
 3.380857e+01 -6.238630e-02 
 3.380889e+01 -1.012953e-01 
 3.380921e+01 -1.413550e-01 
 3.380954e+01 -1.820039e-01 
 3.380986e+01 -2.470466e-01 
 3.381018e+01 -3.212203e-01 
 3.381051e+01 -3.467044e-01 
 3.381083e+01 -3.652345e-01 
 3.381115e+01 -3.729347e-01 
 3.381147e+01 -3.693962e-01 
 3.381180e+01 -3.510868e-01 
 3.381212e+01 -3.212200e-01 
 3.381244e+01 -2.909707e-01 
 3.381277e+01 -2.571716e-01 
 3.381309e+01 -2.243494e-01 
 3.381341e+01 -2.005423e-01 
 3.381374e+01 -1.804385e-01 
 3.381406e+01 -1.694681e-01 
 3.381438e+01 -1.758305e-01 
 3.381470e+01 -1.879842e-01 
 3.381503e+01 -2.078045e-01 
 3.381535e+01 -2.313335e-01 
 3.381567e+01 -2.517036e-01 
 3.381600e+01 -2.682648e-01 
 3.381632e+01 -2.782586e-01 
 3.381664e+01 -2.856628e-01 
 3.381697e+01 -2.902337e-01 
 3.381729e+01 -2.883740e-01 
 3.381761e+01 -2.795962e-01 
 3.381793e+01 -2.692761e-01 
 3.381826e+01 -2.548706e-01 
 3.381858e+01 -2.379891e-01 
 3.381890e+01 -2.276578e-01 
 3.381923e+01 -2.190008e-01 
 3.381955e+01 -2.211159e-01 
 3.381987e+01 -2.238363e-01 
 3.382020e+01 -2.339874e-01 
 3.382052e+01 -2.993076e-01 
 3.382084e+01 -3.334462e-01 
 3.382116e+01 -3.410817e-01 
 3.382149e+01 -3.418434e-01 
 3.382181e+01 -3.395995e-01 
 3.382213e+01 -3.353360e-01 
 3.382246e+01 -3.225474e-01 
 3.382278e+01 -3.026154e-01 
 3.382310e+01 -2.812182e-01 
 3.382343e+01 -2.569448e-01 
 3.382375e+01 -2.305443e-01 
 3.382407e+01 -2.031153e-01 
 3.382439e+01 -1.750975e-01 
 3.382472e+01 -1.480194e-01 
 3.382504e+01 -1.422488e-01 
 3.382536e+01 -1.450837e-01 
 3.382569e+01 -1.540943e-01 
 3.382601e+01 -1.619118e-01 
 3.382633e+01 -1.749773e-01 
 3.382666e+01 -1.966908e-01 
 3.382698e+01 -2.114683e-01 
 3.382730e+01 -2.284614e-01 
 3.382762e+01 -2.340813e-01 
 3.382795e+01 -2.246200e-01 
 3.382827e+01 -2.093438e-01 
 3.382859e+01 -1.910565e-01 
 3.382892e+01 -1.665851e-01 
 3.382924e+01 -1.364292e-01 
 3.382956e+01 -1.052819e-01 
 3.382989e+01 -7.644846e-02 
 3.383021e+01 -7.306136e-02 
 3.383053e+01 -8.204471e-02 
 3.383085e+01 -1.468627e-01 
 3.383118e+01 -1.734128e-01 
 3.383150e+01 -1.852462e-01 
 3.383182e+01 -1.914869e-01 
 3.383215e+01 -1.922789e-01 
 3.383247e+01 -1.861952e-01 
 3.383279e+01 -1.751710e-01 
 3.383312e+01 -1.499396e-01 
 3.383344e+01 -1.191866e-01 
 3.383376e+01 -8.855392e-02 
 3.383408e+01 -5.369955e-02 
 3.383441e+01 -2.638342e-02 
 3.383473e+01  1.148858e-03 
 3.383505e+01  2.018173e-02 
 3.383538e+01  3.169298e-02 
 3.383570e+01  4.435133e-02 
 3.383602e+01  4.363022e-02 
 3.383635e+01  3.792132e-02 
 3.383667e+01  2.679972e-02 
 3.383699e+01  1.837154e-02 
 3.383731e+01  9.986957e-03 
 3.383764e+01  7.907637e-04 
 3.383796e+01 -5.278626e-03 
 3.383828e+01 -1.784880e-02 
 3.383861e+01 -2.361606e-02 
 3.383893e+01 -3.461532e-02 
 3.383925e+01 -4.059702e-02 
 3.383957e+01 -5.273688e-02 
 3.383990e+01 -4.555481e-02 
 3.384022e+01 -4.721829e-02 
 3.384054e+01 -4.071199e-02 
 3.384087e+01 -4.185969e-02 
 3.384119e+01 -2.663975e-02 
 3.384151e+01 -3.029657e-02 
 3.384184e+01 -5.003601e-02 
 3.384216e+01 -7.115828e-02 
 3.384248e+01 -9.250344e-02 
 3.384280e+01 -1.056673e-01 
 3.384313e+01 -1.152979e-01 
 3.384345e+01 -1.162720e-01 
 3.384377e+01 -1.207494e-01 
 3.384410e+01 -1.158247e-01 
 3.384442e+01 -1.117966e-01 
 3.384474e+01 -9.937897e-02 
 3.384507e+01 -8.850484e-02 
 3.384539e+01 -7.106969e-02 
 3.384571e+01 -5.430523e-02 
 3.384603e+01 -3.472034e-02 
 3.384636e+01 -2.438535e-02 
 3.384668e+01 -1.691771e-02 
 3.384700e+01 -1.400089e-02 
 3.384733e+01 -1.428238e-02 
 3.384765e+01 -1.832062e-02 
 3.384797e+01 -2.208155e-02 
 3.384830e+01 -2.459901e-02 
 3.384862e+01 -2.633423e-02 
 3.384894e+01 -2.963710e-02 
 3.384926e+01 -3.600898e-02 
 3.384959e+01 -4.435844e-02 
 3.384991e+01 -5.132008e-02 
 3.385023e+01 -5.708695e-02 
 3.385056e+01 -5.589245e-02 
 3.385088e+01 -7.045602e-02 
 3.385120e+01 -8.992168e-02 
 3.385153e+01 -1.046787e-01 
 3.385185e+01 -6.808521e-02 
 3.385217e+01 -5.974243e-02 
 3.385249e+01 -6.795721e-02 
 3.385282e+01 -7.765839e-02 
 3.385314e+01 -7.259243e-02 
 3.385346e+01 -7.037993e-02 
 3.385379e+01 -6.247808e-02 
 3.385411e+01 -5.285724e-02 
 3.385443e+01 -4.589793e-02 
 3.385476e+01 -4.522587e-02 
 3.385508e+01 -4.626631e-02 
 3.385540e+01 -4.406433e-02 
 3.385572e+01 -4.815352e-02 
 3.385605e+01 -4.992999e-02 
 3.385637e+01 -4.921988e-02 
 3.385669e+01 -5.055536e-02 
 3.385702e+01 -4.662999e-02 
 3.385734e+01 -4.303142e-02 
 3.385766e+01 -3.834005e-02 
 3.385799e+01 -3.706024e-02 
 3.385831e+01 -4.467702e-02 
 3.385863e+01 -5.761944e-02 
 3.385895e+01 -7.400964e-02 
 3.385928e+01 -9.509042e-02 
 3.385960e+01 -1.198491e-01 
 3.385992e+01 -1.511725e-01 
 3.386025e+01 -1.829485e-01 
 3.386057e+01 -2.127615e-01 
 3.386089e+01 -2.317066e-01 
 3.386122e+01 -2.569674e-01 
 3.386154e+01 -2.859762e-01 
 3.386186e+01 -3.119906e-01 
 3.386218e+01 -3.224292e-01 
 3.386251e+01 -2.834394e-01 
 3.386283e+01 -2.586178e-01 
 3.386315e+01 -2.727318e-01 
 3.386348e+01 -2.896529e-01 
 3.386380e+01 -3.022090e-01 
 3.386412e+01 -3.086843e-01 
 3.386445e+01 -3.155994e-01 
 3.386477e+01 -3.222955e-01 
 3.386509e+01 -3.310609e-01 
 3.386541e+01 -3.433374e-01 
 3.386574e+01 -3.598063e-01 
 3.386606e+01 -3.719490e-01 
 3.386638e+01 -3.804477e-01 
 3.386671e+01 -3.899053e-01 
 3.386703e+01 -4.014344e-01 
 3.386735e+01 -4.179500e-01 
 3.386768e+01 -4.375297e-01 
 3.386800e+01 -4.565998e-01 
 3.386832e+01 -4.771470e-01 
 3.386864e+01 -4.964167e-01 
 3.386897e+01 -5.157472e-01 
 3.386929e+01 -5.315921e-01 
 3.386961e+01 -5.507372e-01 
 3.386994e+01 -5.759846e-01 
 3.387026e+01 -5.982862e-01 
 3.387058e+01 -6.217949e-01 
 3.387090e+01 -6.416842e-01 
 3.387123e+01 -6.675785e-01 
 3.387155e+01 -6.714243e-01 
 3.387187e+01 -6.825074e-01 
 3.387220e+01 -6.900772e-01 
 3.387252e+01 -6.776769e-01 
 3.387284e+01 -6.625480e-01 
 3.387317e+01 -6.344161e-01 
 3.387349e+01 -5.769018e-01 
 3.387381e+01 -5.500602e-01 
 3.387413e+01 -5.462460e-01 
 3.387446e+01 -5.412554e-01 
 3.387478e+01 -5.423533e-01 
 3.387510e+01 -5.484837e-01 
 3.387543e+01 -5.604293e-01 
 3.387575e+01 -5.824966e-01 
 3.387607e+01 -6.208378e-01 
 3.387640e+01 -6.623621e-01 
 3.387672e+01 -7.011126e-01 
 3.387704e+01 -7.353215e-01 
 3.387736e+01 -7.617423e-01 
 3.387769e+01 -7.832435e-01 
 3.387801e+01 -8.021185e-01 
 3.387833e+01 -8.206914e-01 
 3.387866e+01 -8.390683e-01 
 3.387898e+01 -8.574654e-01 
 3.387930e+01 -8.779328e-01 
 3.387963e+01 -9.013025e-01 
 3.387995e+01 -9.233127e-01 
 3.388027e+01 -9.499077e-01 
 3.388059e+01 -9.779908e-01 
 3.388092e+01 -1.000381e+00 
 3.388124e+01 -1.009156e+00 
 3.388156e+01 -1.011258e+00 
 3.388189e+01 -1.008851e+00 
 3.388221e+01 -9.758953e-01 
 3.388253e+01 -9.384675e-01 
 3.388286e+01 -9.000102e-01 
 3.388318e+01 -8.624208e-01 
 3.388350e+01 -8.250230e-01 
 3.388382e+01 -7.975433e-01 
 3.388415e+01 -7.657350e-01 
 3.388447e+01 -7.045203e-01 
 3.388479e+01 -6.812456e-01 
 3.388512e+01 -6.749257e-01 
 3.388544e+01 -6.696065e-01 
 3.388576e+01 -6.660522e-01 
 3.388609e+01 -6.701273e-01 
 3.388641e+01 -6.873699e-01 
 3.388673e+01 -7.149489e-01 
 3.388705e+01 -7.470209e-01 
 3.388738e+01 -7.869358e-01 
 3.388770e+01 -8.272889e-01 
 3.388802e+01 -8.710007e-01 
 3.388835e+01 -9.142027e-01 
 3.388867e+01 -9.573213e-01 
 3.388899e+01 -9.992067e-01 
 3.388932e+01 -1.037922e+00 
 3.388964e+01 -1.067292e+00 
 3.388996e+01 -1.093424e+00 
 3.389028e+01 -1.116708e+00 
 3.389061e+01 -1.132921e+00 
 3.389093e+01 -1.141958e+00 
 3.389125e+01 -1.147606e+00 
 3.389158e+01 -1.146576e+00 
 3.389190e+01 -1.139124e+00 
 3.389222e+01 -1.124540e+00 
 3.389255e+01 -1.100800e+00 
 3.389287e+01 -1.058150e+00 
 3.389319e+01 -1.022777e+00 
 3.389351e+01 -9.974712e-01 
 3.389384e+01 -9.704445e-01 
 3.389416e+01 -9.399179e-01 
 3.389448e+01 -9.065044e-01 
 3.389481e+01 -8.768523e-01 
 3.389513e+01 -8.449081e-01 
 3.389545e+01 -7.898082e-01 
 3.389578e+01 -7.654881e-01 
 3.389610e+01 -7.568267e-01 
 3.389642e+01 -7.514433e-01 
 3.389674e+01 -7.403215e-01 
 3.389707e+01 -7.464368e-01 
 3.389739e+01 -7.610686e-01 
 3.389771e+01 -7.770195e-01 
 3.389804e+01 -7.975432e-01 
 3.389836e+01 -8.161882e-01 
 3.389868e+01 -8.444949e-01 
 3.389901e+01 -8.713047e-01 
 3.389933e+01 -9.041394e-01 
 3.389965e+01 -9.383954e-01 
 3.389997e+01 -9.722661e-01 
 3.390030e+01 -1.002544e+00 
 3.390062e+01 -1.028772e+00 
 3.390094e+01 -1.051614e+00 
 3.390127e+01 -1.063566e+00 
 3.390159e+01 -1.062364e+00 
 3.390191e+01 -1.054521e+00 
 3.390224e+01 -1.044149e+00 
 3.390256e+01 -1.033932e+00 
 3.390288e+01 -1.021621e+00 
 3.390320e+01 -1.002997e+00 
 3.390353e+01 -9.686759e-01 
 3.390385e+01 -9.426963e-01 
 3.390417e+01 -9.250118e-01 
 3.390450e+01 -9.064241e-01 
 3.390482e+01 -8.855827e-01 
 3.390514e+01 -8.683016e-01 
 3.390547e+01 -8.526377e-01 
 3.390579e+01 -8.286438e-01 
 3.390611e+01 -8.040960e-01 
 3.390643e+01 -7.549317e-01 
 3.390676e+01 -7.428520e-01 
 3.390708e+01 -7.336021e-01 
 3.390740e+01 -7.232091e-01 
 3.390773e+01 -7.224272e-01 
 3.390805e+01 -7.299623e-01 
 3.390837e+01 -7.536788e-01 
 3.390869e+01 -7.833044e-01 
 3.390902e+01 -8.211284e-01 
 3.390934e+01 -8.574216e-01 
 3.390966e+01 -8.967740e-01 
 3.390999e+01 -9.392475e-01 
 3.391031e+01 -9.748520e-01 
 3.391063e+01 -1.007376e+00 
 3.391096e+01 -1.039788e+00 
 3.391128e+01 -1.070186e+00 
 3.391160e+01 -1.094923e+00 
 3.391192e+01 -1.112534e+00 
 3.391225e+01 -1.128816e+00 
 3.391257e+01 -1.142540e+00 
 3.391289e+01 -1.150554e+00 
 3.391322e+01 -1.148360e+00 
 3.391354e+01 -1.098818e+00 
 3.391386e+01 -1.094073e+00 
 3.391419e+01 -1.078111e+00 
 3.391451e+01 -1.053065e+00 
 3.391483e+01 -1.039975e+00 
 3.391515e+01 -1.024480e+00 
 3.391548e+01 -1.007957e+00 
 3.391580e+01 -9.945128e-01 
 3.391612e+01 -9.862567e-01 
 3.391645e+01 -9.831629e-01 
 3.391677e+01 -9.760928e-01 
 3.391709e+01 -9.386681e-01 
 3.391742e+01 -9.220730e-01 
 3.391774e+01 -9.195448e-01 
 3.391806e+01 -9.263323e-01 
 3.391838e+01 -9.359596e-01 
 3.391870e+01 -9.457539e-01 
 3.391902e+01 -9.618398e-01 
 3.391935e+01 -9.877566e-01 
 3.391967e+01 -1.023070e+00 
 3.391999e+01 -1.058230e+00 
 3.392031e+01 -1.097988e+00 
 3.392063e+01 -1.137605e+00 
 3.392095e+01 -1.178448e+00 
 3.392128e+01 -1.218315e+00 
 3.392160e+01 -1.259268e+00 
 3.392192e+01 -1.295887e+00 
 3.392225e+01 -1.331731e+00 
 3.392257e+01 -1.361056e+00 
 3.392289e+01 -1.385398e+00 
 3.392322e+01 -1.403778e+00 
 3.392354e+01 -1.419057e+00 
 3.392386e+01 -1.429665e+00 
 3.392418e+01 -1.436111e+00 
 3.392451e+01 -1.401779e+00 
 3.392483e+01 -1.404037e+00 
 3.392515e+01 -1.388898e+00 
 3.392548e+01 -1.359084e+00 
 3.392580e+01 -1.351944e+00 
 3.392612e+01 -1.342628e+00 
 3.392644e+01 -1.329026e+00 
 3.392677e+01 -1.316685e+00 
 3.392709e+01 -1.308035e+00 
 3.392741e+01 -1.304277e+00 
 3.392774e+01 -1.231167e+00 
 3.392806e+01 -1.213404e+00 
 3.392838e+01 -1.212561e+00 
 3.392870e+01 -1.220567e+00 
 3.392902e+01 -1.231143e+00 
 3.392934e+01 -1.248009e+00 
 3.392966e+01 -1.267604e+00 
 3.392999e+01 -1.296659e+00 
 3.393031e+01 -1.330497e+00 
 3.393063e+01 -1.371529e+00 
 3.393095e+01 -1.388996e+00 
 3.393128e+01 -1.404792e+00 
 3.393160e+01 -1.438267e+00 
 3.393192e+01 -1.471982e+00 
 3.393224e+01 -1.516375e+00 
 3.393257e+01 -1.550122e+00 
 3.393289e+01 -1.563717e+00 
 3.393321e+01 -1.586566e+00 
 3.393354e+01 -1.605190e+00 
 3.393386e+01 -1.617235e+00 
 3.393418e+01 -1.639446e+00 
 3.393451e+01 -1.656845e+00 
 3.393483e+01 -1.643026e+00 
 3.393515e+01 -1.570436e+00 
 3.393547e+01 -1.488908e+00 
 3.393580e+01 -1.599839e+00 
 3.393612e+01 -1.655142e+00 
 3.393644e+01 -1.648575e+00 
 3.393677e+01 -1.774853e+00 
 3.393709e+01 -1.646184e+00 
 3.393741e+01 -1.446768e+00 
 3.393773e+01 -1.529281e+00 
 3.393805e+01 -1.495793e+00 
 3.393838e+01 -1.480984e+00 
 3.393870e+01 -1.469685e+00 
 3.393902e+01 -1.388570e+00 
 3.393934e+01 -1.418044e+00 
 3.393966e+01 -1.342303e+00 
 3.393998e+01 -1.319774e+00 
 3.394030e+01 -1.286430e+00 
 3.394063e+01 -1.270505e+00 
 3.394095e+01 -1.284190e+00 
 3.394127e+01 -1.302335e+00 
 3.394160e+01 -1.289658e+00 
 3.394192e+01 -1.212924e+00 
 3.394224e+01 -1.219047e+00 
 3.394257e+01 -1.367678e+00 
 3.394289e+01 -1.499404e+00 
 3.394321e+01 -1.375138e+00 
 3.394353e+01 -1.255744e+00 
 3.394386e+01 -1.262150e+00 
 3.394418e+01 -1.291518e+00 
 3.394450e+01 -1.334400e+00 
 3.394483e+01 -1.331188e+00 
 3.394515e+01 -1.312311e+00 
 3.394547e+01 -1.240377e+00 
 3.394580e+01 -1.253132e+00 
 3.394612e+01 -1.300190e+00 
 3.394644e+01 -1.455722e+00 
 3.394676e+01 -1.350563e+00 
 3.394709e+01 -1.274321e+00 
 3.394741e+01 -1.222437e+00 
 3.394773e+01 -1.242772e+00 
 3.394806e+01 -1.231941e+00 
 3.394838e+01 -1.183534e+00 
 3.394870e+01 -1.280308e+00 
 3.394903e+01 -1.184351e+00 
 3.394935e+01 -1.143000e+00 
 3.394967e+01 -1.183735e+00 
 3.394999e+01 -1.135654e+00 
 3.395032e+01 -1.168750e+00 
 3.395064e+01 -1.118148e+00 
 3.395096e+01 -1.071070e+00 
 3.395128e+01 -1.100612e+00 
 3.395160e+01 -1.102123e+00 
 3.395192e+01 -1.058787e+00 
 3.395224e+01 -1.133373e+00 
 3.395257e+01 -1.138302e+00 
 3.395289e+01 -1.111810e+00 
 3.395321e+01 -1.192904e+00 
 3.395353e+01 -1.142116e+00 
 3.395386e+01 -1.197522e+00 
 3.395418e+01 -1.222100e+00 
 3.395450e+01 -1.234146e+00 
 3.395482e+01 -1.335716e+00 
 3.395515e+01 -1.316835e+00 
 3.395547e+01 -1.323671e+00 
 3.395579e+01 -1.299230e+00 
 3.395612e+01 -1.292809e+00 
 3.395644e+01 -1.332933e+00 
 3.395676e+01 -1.349300e+00 
 3.395709e+01 -1.326274e+00 
 3.395741e+01 -1.324895e+00 
 3.395773e+01 -1.234839e+00 
 3.395805e+01 -1.215123e+00 
 3.395838e+01 -1.199510e+00 
 3.395870e+01 -1.279716e+00 
 3.395902e+01 -1.292512e+00 
 3.395935e+01 -1.168345e+00 
 3.395967e+01 -1.165411e+00 
 3.395999e+01 -1.101898e+00 
 3.396031e+01 -1.093394e+00 
 3.396063e+01 -1.082595e+00 
 3.396096e+01 -1.022428e+00 
 3.396128e+01 -1.003868e+00 
 3.396160e+01 -1.057806e+00 
 3.396192e+01 -1.058808e+00 
 3.396224e+01 -1.035281e+00 
 3.396256e+01 -1.040153e+00 
 3.396288e+01 -1.009547e+00 
 3.396321e+01 -1.050237e+00 
 3.396353e+01 -1.050478e+00 
 3.396385e+01 -9.847467e-01 
 3.396418e+01 -9.631759e-01 
 3.396450e+01 -1.012989e+00 
 3.396482e+01 -1.015766e+00 
 3.396515e+01 -1.129878e+00 
 3.396547e+01 -1.140340e+00 
 3.396579e+01 -1.083305e+00 
 3.396611e+01 -1.113041e+00 
 3.396644e+01 -1.110853e+00 
 3.396676e+01 -1.210105e+00 
 3.396708e+01 -1.227296e+00 
 3.396741e+01 -1.242603e+00 
 3.396773e+01 -1.193576e+00 
 3.396805e+01 -1.199962e+00 
 3.396838e+01 -1.218801e+00 
 3.396870e+01 -1.197394e+00 
 3.396902e+01 -1.230513e+00 
 3.396934e+01 -1.134242e+00 
 3.396967e+01 -1.057053e+00 
 3.396999e+01 -1.033255e+00 
 3.397031e+01 -1.051054e+00 
 3.397063e+01 -1.033274e+00 
 3.397095e+01 -1.014737e+00 
 3.397127e+01 -1.003372e+00 
 3.397160e+01 -1.002846e+00 
 3.397192e+01 -9.900273e-01 
 3.397224e+01 -1.021908e+00 
 3.397256e+01 -1.063429e+00 
 3.397288e+01 -9.927413e-01 
 3.397321e+01 -1.010704e+00 
 3.397353e+01 -1.040825e+00 
 3.397385e+01 -1.016935e+00 
 3.397417e+01 -1.024168e+00 
 3.397450e+01 -1.060040e+00 
 3.397482e+01 -1.129655e+00 
 3.397514e+01 -1.209488e+00 
 3.397547e+01 -1.215562e+00 
 3.397579e+01 -1.215483e+00 
 3.397611e+01 -1.295011e+00 
 3.397644e+01 -1.253866e+00 
 3.397676e+01 -1.293894e+00 
 3.397708e+01 -1.399072e+00 
 3.397740e+01 -1.428629e+00 
 3.397773e+01 -1.478383e+00 
 3.397805e+01 -1.492575e+00 
 3.397837e+01 -1.477732e+00 
 3.397870e+01 -1.530525e+00 
 3.397902e+01 -1.565444e+00 
 3.397934e+01 -1.598306e+00 
 3.397967e+01 -1.612051e+00 
 3.397999e+01 -1.556334e+00 
 3.398031e+01 -1.550558e+00 
 3.398063e+01 -1.574786e+00 
 3.398096e+01 -1.558589e+00 
 3.398128e+01 -1.567433e+00 
 3.398160e+01 -1.505410e+00 
 3.398193e+01 -1.468010e+00 
 3.398225e+01 -1.399342e+00 
 3.398257e+01 -1.412155e+00 
 3.398290e+01 -1.393893e+00 
 3.398322e+01 -1.361962e+00 
 3.398354e+01 -1.371545e+00 
 3.398386e+01 -1.398903e+00 
 3.398419e+01 -1.426461e+00 
 3.398451e+01 -1.431489e+00 
 3.398483e+01 -1.457682e+00 
 3.398516e+01 -1.470163e+00 
 3.398548e+01 -1.513433e+00 
 3.398580e+01 -1.491346e+00 
 3.398613e+01 -1.477881e+00 
 3.398645e+01 -1.488315e+00 
 3.398677e+01 -1.468907e+00 
 3.398709e+01 -1.512208e+00 
 3.398742e+01 -1.563091e+00 
 3.398774e+01 -1.561918e+00 
 3.398806e+01 -1.571918e+00 
 3.398839e+01 -1.555063e+00 
 3.398871e+01 -1.536366e+00 
 3.398903e+01 -1.586542e+00 
 3.398936e+01 -1.597125e+00 
 3.398968e+01 -1.542984e+00 
 3.399000e+01 -1.520441e+00 
 3.399032e+01 -1.478031e+00 
 3.399065e+01 -1.493239e+00 
 3.399097e+01 -1.481187e+00 
 3.399129e+01 -1.436721e+00 
 3.399162e+01 -1.383443e+00 
 3.399194e+01 -1.294069e+00 
 3.399226e+01 -1.261909e+00 
 3.399259e+01 -1.213091e+00 
 3.399291e+01 -1.232827e+00 
 3.399323e+01 -1.198030e+00 
 3.399355e+01 -1.134381e+00 
 3.399388e+01 -1.122340e+00 
 3.399420e+01 -1.107247e+00 
 3.399452e+01 -1.049163e+00 
 3.399485e+01 -1.046288e+00 
 3.399517e+01 -1.041689e+00 
 3.399549e+01 -1.043978e+00 
 3.399582e+01 -1.022193e+00 
 3.399614e+01 -1.002297e+00 
 3.399646e+01 -1.013155e+00 
 3.399678e+01 -1.029980e+00 
 3.399711e+01 -1.072789e+00 
 3.399743e+01 -1.117064e+00 
 3.399775e+01 -1.160391e+00 
 3.399808e+01 -1.182845e+00 
 3.399840e+01 -1.209302e+00 
 3.399872e+01 -1.212760e+00 
 3.399905e+01 -1.229207e+00 
 3.399937e+01 -1.272386e+00 
 3.399969e+01 -1.324691e+00 
 3.400001e+01 -1.341827e+00 
 3.400034e+01 -1.297112e+00 
 3.400066e+01 -1.323844e+00 
 3.400098e+01 -1.316176e+00 
 3.400131e+01 -1.314991e+00 
 3.400163e+01 -1.324643e+00 
 3.400195e+01 -1.298726e+00 
 3.400227e+01 -1.247476e+00 
 3.400260e+01 -1.208740e+00 
 3.400292e+01 -1.212980e+00 
 3.400324e+01 -1.216195e+00 
 3.400357e+01 -1.211463e+00 
 3.400389e+01 -1.164051e+00 
 3.400421e+01 -1.148069e+00 
 3.400454e+01 -1.117618e+00 
 3.400486e+01 -1.103995e+00 
 3.400518e+01 -1.097672e+00 
 3.400550e+01 -1.100612e+00 
 3.400583e+01 -1.086113e+00 
 3.400615e+01 -1.077505e+00 
 3.400647e+01 -1.127804e+00 
 3.400680e+01 -1.123085e+00 
 3.400712e+01 -1.115408e+00 
 3.400744e+01 -1.139329e+00 
 3.400777e+01 -1.164475e+00 
 3.400809e+01 -1.224786e+00 
 3.400841e+01 -1.170819e+00 
 3.400873e+01 -1.137620e+00 
 3.400906e+01 -1.144034e+00 
 3.400938e+01 -1.181468e+00 
 3.400970e+01 -1.245772e+00 
 3.401003e+01 -1.314983e+00 
 3.401035e+01 -1.294072e+00 
 3.401067e+01 -1.296823e+00 
 3.401100e+01 -1.330846e+00 
 3.401132e+01 -1.368787e+00 
 3.401164e+01 -1.379827e+00 
 3.401196e+01 -1.355247e+00 
 3.401229e+01 -1.301128e+00 
 3.401261e+01 -1.260033e+00 
 3.401293e+01 -1.268965e+00 
 3.401326e+01 -1.261016e+00 
 3.401358e+01 -1.238178e+00 
 3.401390e+01 -1.202213e+00 
 3.401423e+01 -1.138669e+00 
 3.401455e+01 -1.105348e+00 
 3.401487e+01 -1.071863e+00 
 3.401519e+01 -1.058724e+00 
 3.401552e+01 -1.067141e+00 
 3.401584e+01 -1.073957e+00 
 3.401616e+01 -1.071523e+00 
 3.401649e+01 -1.064066e+00 
 3.401681e+01 -1.059663e+00 
 3.401713e+01 -1.072228e+00 
 3.401746e+01 -1.053536e+00 
 3.401778e+01 -1.055143e+00 
 3.401810e+01 -1.069212e+00 
 3.401842e+01 -1.042377e+00 
 3.401875e+01 -1.072181e+00 
 3.401907e+01 -1.077292e+00 
 3.401939e+01 -1.088568e+00 
 3.401972e+01 -1.138409e+00 
 3.402004e+01 -1.165623e+00 
 3.402036e+01 -1.202912e+00 
 3.402069e+01 -1.196293e+00 
 3.402101e+01 -1.180721e+00 
 3.402133e+01 -1.222325e+00 
 3.402165e+01 -1.223967e+00 
 3.402198e+01 -1.224584e+00 
 3.402230e+01 -1.228906e+00 
 3.402262e+01 -1.207076e+00 
 3.402295e+01 -1.205968e+00 
 3.402327e+01 -1.198300e+00 
 3.402359e+01 -1.197955e+00 
 3.402392e+01 -1.194390e+00 
 3.402424e+01 -1.166360e+00 
 3.402456e+01 -1.153161e+00 
 3.402488e+01 -1.103055e+00 
 3.402521e+01 -1.075110e+00 
 3.402553e+01 -1.092085e+00 
 3.402585e+01 -1.080813e+00 
 3.402618e+01 -1.063557e+00 
 3.402650e+01 -1.046981e+00 
 3.402682e+01 -1.046122e+00 
 3.402715e+01 -1.075048e+00 
 3.402747e+01 -1.081638e+00 
 3.402779e+01 -1.105670e+00 
 3.402811e+01 -1.148808e+00 
 3.402844e+01 -1.173777e+00 
 3.402876e+01 -1.222190e+00 
 3.402908e+01 -1.251522e+00 
 3.402941e+01 -1.262529e+00 
 3.402973e+01 -1.285996e+00 
 3.403005e+01 -1.317714e+00 
 3.403038e+01 -1.350997e+00 
 3.403070e+01 -1.351338e+00 
 3.403102e+01 -1.358924e+00 
 3.403134e+01 -1.370463e+00 
 3.403167e+01 -1.413704e+00 
 3.403199e+01 -1.468015e+00 
 3.403231e+01 -1.488267e+00 
 3.403264e+01 -1.493380e+00 
 3.403296e+01 -1.492991e+00 
 3.403328e+01 -1.477273e+00 
 3.403361e+01 -1.499612e+00 
 3.403393e+01 -1.516916e+00 
 3.403425e+01 -1.458997e+00 
 3.403457e+01 -1.417323e+00 
 3.403490e+01 -1.380021e+00 
 3.403522e+01 -1.339679e+00 
 3.403554e+01 -1.341269e+00 
 3.403587e+01 -1.332679e+00 
 3.403619e+01 -1.316851e+00 
 3.403651e+01 -1.285227e+00 
 3.403684e+01 -1.244873e+00 
 3.403716e+01 -1.234167e+00 
 3.403748e+01 -1.206637e+00 
 3.403780e+01 -1.181439e+00 
 3.403813e+01 -1.164938e+00 
 3.403845e+01 -1.149442e+00 
 3.403877e+01 -1.152319e+00 
 3.403910e+01 -1.148291e+00 
 3.403942e+01 -1.147822e+00 
 3.403974e+01 -1.152780e+00 
 3.404006e+01 -1.141412e+00 
 3.404039e+01 -1.172087e+00 
 3.404071e+01 -1.180521e+00 
 3.404103e+01 -1.172270e+00 
 3.404136e+01 -1.173837e+00 
 3.404168e+01 -1.177410e+00 
 3.404200e+01 -1.195547e+00 
 3.404233e+01 -1.216337e+00 
 3.404265e+01 -1.202149e+00 
 3.404297e+01 -1.202192e+00 
 3.404329e+01 -1.176945e+00 
 3.404362e+01 -1.154008e+00 
 3.404394e+01 -1.145983e+00 
 3.404426e+01 -1.137257e+00 
 3.404459e+01 -1.115282e+00 
 3.404491e+01 -1.093412e+00 
 3.404523e+01 -1.065846e+00 
 3.404556e+01 -1.046944e+00 
 3.404588e+01 -1.040321e+00 
 3.404620e+01 -1.039542e+00 
 3.404652e+01 -1.002625e+00 
 3.404685e+01 -9.681438e-01 
 3.404717e+01 -9.440750e-01 
 3.404749e+01 -9.354619e-01 
 3.404782e+01 -9.316445e-01 
 3.404814e+01 -9.208179e-01 
 3.404846e+01 -9.211097e-01 
 3.404879e+01 -9.152756e-01 
 3.404911e+01 -9.121431e-01 
 3.404943e+01 -9.199302e-01 
 3.404975e+01 -9.243742e-01 
 3.405008e+01 -9.254888e-01 
 3.405040e+01 -9.435382e-01 
 3.405072e+01 -9.602498e-01 
 3.405105e+01 -9.845340e-01 
 3.405137e+01 -9.912520e-01 
 3.405169e+01 -1.003700e+00 
 3.405202e+01 -1.039644e+00 
 3.405234e+01 -1.056798e+00 
 3.405266e+01 -1.077133e+00 
 3.405298e+01 -1.094503e+00 
 3.405331e+01 -1.079440e+00 
 3.405363e+01 -1.093990e+00 
 3.405395e+01 -1.123434e+00 
 3.405428e+01 -1.150775e+00 
 3.405460e+01 -1.172566e+00 
 3.405492e+01 -1.153558e+00 
 3.405525e+01 -1.107954e+00 
 3.405557e+01 -1.100054e+00 
 3.405589e+01 -1.082667e+00 
 3.405621e+01 -1.086861e+00 
 3.405654e+01 -1.074159e+00 
 3.405686e+01 -1.037973e+00 
 3.405718e+01 -1.003652e+00 
 3.405751e+01 -1.001592e+00 
 3.405783e+01 -1.007821e+00 
 3.405815e+01 -1.001827e+00 
 3.405848e+01 -1.000329e+00 
 3.405880e+01 -1.001846e+00 
 3.405912e+01 -9.851555e-01 
 3.405944e+01 -9.941787e-01 
 3.405977e+01 -1.007546e+00 
 3.406009e+01 -1.009740e+00 
 3.406041e+01 -1.021335e+00 
 3.406074e+01 -1.041924e+00 
 3.406106e+01 -1.061471e+00 
 3.406138e+01 -1.078046e+00 
 3.406171e+01 -1.086147e+00 
 3.406203e+01 -1.117132e+00 
 3.406235e+01 -1.136793e+00 
 3.406267e+01 -1.147643e+00 
 3.406300e+01 -1.152317e+00 
 3.406332e+01 -1.169446e+00 
 3.406364e+01 -1.173381e+00 
 3.406397e+01 -1.187046e+00 
 3.406429e+01 -1.204755e+00 
 3.406461e+01 -1.223815e+00 
 3.406494e+01 -1.236000e+00 
 3.406526e+01 -1.237851e+00 
 3.406558e+01 -1.231039e+00 
 3.406590e+01 -1.226475e+00 
 3.406623e+01 -1.200734e+00 
 3.406655e+01 -1.191922e+00 
 3.406687e+01 -1.185561e+00 
 3.406720e+01 -1.165294e+00 
 3.406752e+01 -1.133830e+00 
 3.406784e+01 -1.124946e+00 
 3.406817e+01 -1.119433e+00 
 3.406849e+01 -1.108941e+00 
 3.406881e+01 -1.090221e+00 
 3.406913e+01 -1.062850e+00 
 3.406946e+01 -1.045403e+00 
 3.406978e+01 -1.039053e+00 
 3.407010e+01 -1.034429e+00 
 3.407043e+01 -1.031789e+00 
 3.407075e+01 -1.034999e+00 
 3.407107e+01 -1.038349e+00 
 3.407140e+01 -1.043349e+00 
 3.407172e+01 -1.046141e+00 
 3.407204e+01 -1.050153e+00 
 3.407236e+01 -1.063024e+00 
 3.407269e+01 -1.077824e+00 
 3.407301e+01 -1.094606e+00 
 3.407333e+01 -1.116290e+00 
 3.407366e+01 -1.127411e+00 
 3.407398e+01 -1.122645e+00 
 3.407430e+01 -1.131636e+00 
 3.407463e+01 -1.152198e+00 
 3.407495e+01 -1.167531e+00 
 3.407527e+01 -1.168104e+00 
 3.407559e+01 -1.161743e+00 
 3.407592e+01 -1.153051e+00 
 3.407624e+01 -1.157892e+00 
 3.407656e+01 -1.181546e+00 
 3.407689e+01 -1.191179e+00 
 3.407721e+01 -1.183256e+00 
 3.407753e+01 -1.162930e+00 
 3.407785e+01 -1.155471e+00 
 3.407818e+01 -1.158424e+00 
 3.407850e+01 -1.167201e+00 
 3.407882e+01 -1.153014e+00 
 3.407915e+01 -1.132591e+00 
 3.407947e+01 -1.120852e+00 
 3.407979e+01 -1.113016e+00 
 3.408012e+01 -1.117298e+00 
 3.408044e+01 -1.118850e+00 
 3.408076e+01 -1.125816e+00 
 3.408108e+01 -1.136845e+00 
 3.408141e+01 -1.154154e+00 
 3.408173e+01 -1.164046e+00 
 3.408205e+01 -1.169540e+00 
 3.408238e+01 -1.182562e+00 
 3.408270e+01 -1.193868e+00 
 3.408302e+01 -1.210111e+00 
 3.408335e+01 -1.232577e+00 
 3.408367e+01 -1.255406e+00 
 3.408399e+01 -1.270597e+00 
 3.408431e+01 -1.294707e+00 
 3.408464e+01 -1.318134e+00 
 3.408496e+01 -1.335049e+00 
 3.408528e+01 -1.347344e+00 
 3.408561e+01 -1.350694e+00 
 3.408593e+01 -1.362249e+00 
 3.408625e+01 -1.356726e+00 
 3.408658e+01 -1.348841e+00 
 3.408690e+01 -1.342702e+00 
 3.408722e+01 -1.331201e+00 
 3.408754e+01 -1.288855e+00 
 3.408787e+01 -1.254554e+00 
 3.408819e+01 -1.231665e+00 
 3.408851e+01 -1.215025e+00 
 3.408884e+01 -1.196055e+00 
 3.408916e+01 -1.171734e+00 
 3.408948e+01 -1.152085e+00 
 3.408981e+01 -1.130836e+00 
 3.409013e+01 -1.113477e+00 
 3.409045e+01 -1.090762e+00 
 3.409077e+01 -1.080110e+00 
 3.409110e+01 -1.068634e+00 
 3.409142e+01 -1.045842e+00 
 3.409174e+01 -1.018304e+00 
 3.409207e+01 -1.003150e+00 
 3.409239e+01 -9.966097e-01 
 3.409271e+01 -9.944158e-01 
 3.409304e+01 -9.927407e-01 
 3.409336e+01 -9.915154e-01 
 3.409368e+01 -1.006604e+00 
 3.409400e+01 -1.015631e+00 
 3.409433e+01 -1.028033e+00 
 3.409465e+01 -1.044753e+00 
 3.409497e+01 -1.055642e+00 
 3.409530e+01 -1.069441e+00 
 3.409562e+01 -1.082526e+00 
 3.409594e+01 -1.082552e+00 
 3.409627e+01 -1.087791e+00 
 3.409659e+01 -1.092761e+00 
 3.409691e+01 -1.102902e+00 
 3.409723e+01 -1.118896e+00 
 3.409756e+01 -1.118210e+00 
 3.409788e+01 -1.100319e+00 
 3.409820e+01 -1.088609e+00 
 3.409853e+01 -1.086006e+00 
 3.409885e+01 -1.088753e+00 
 3.409917e+01 -1.079041e+00 
 3.409950e+01 -1.062482e+00 
 3.409982e+01 -1.035068e+00 
 3.410014e+01 -1.007989e+00 
 3.410046e+01 -9.977558e-01 
 3.410079e+01 -9.898675e-01 
 3.410111e+01 -9.724937e-01 
 3.410143e+01 -9.553863e-01 
 3.410176e+01 -9.399567e-01 
 3.410208e+01 -9.314338e-01 
 3.410240e+01 -9.335704e-01 
 3.410273e+01 -9.385492e-01 
 3.410305e+01 -9.436987e-01 
 3.410337e+01 -9.466526e-01 
 3.410369e+01 -9.512245e-01 
 3.410402e+01 -9.669556e-01 
 3.410434e+01 -9.827801e-01 
 3.410466e+01 -9.921288e-01 
 3.410499e+01 -1.005706e+00 
 3.410531e+01 -1.024440e+00 
 3.410563e+01 -1.039159e+00 
 3.410596e+01 -1.060272e+00 
 3.410628e+01 -1.088393e+00 
 3.410660e+01 -1.111477e+00 
 3.410692e+01 -1.135546e+00 
 3.410725e+01 -1.169035e+00 
 3.410757e+01 -1.193503e+00 
 3.410789e+01 -1.207702e+00 
 3.410822e+01 -1.219693e+00 
 3.410854e+01 -1.236599e+00 
 3.410886e+01 -1.253280e+00 
 3.410919e+01 -1.251363e+00 
 3.410951e+01 -1.259789e+00 
 3.410983e+01 -1.262410e+00 
 3.411015e+01 -1.253836e+00 
 3.411048e+01 -1.246262e+00 
 3.411080e+01 -1.246838e+00 
 3.411112e+01 -1.240975e+00 
 3.411145e+01 -1.233076e+00 
 3.411177e+01 -1.219440e+00 
 3.411209e+01 -1.204623e+00 
 3.411241e+01 -1.189898e+00 
 3.411274e+01 -1.183945e+00 
 3.411306e+01 -1.184467e+00 
 3.411338e+01 -1.185276e+00 
 3.411371e+01 -1.181684e+00 
 3.411403e+01 -1.183423e+00 
 3.411435e+01 -1.184825e+00 
 3.411468e+01 -1.190084e+00 
 3.411500e+01 -1.198609e+00 
 3.411532e+01 -1.209514e+00 
 3.411564e+01 -1.223209e+00 
 3.411597e+01 -1.238620e+00 
 3.411629e+01 -1.253854e+00 
 3.411661e+01 -1.267817e+00 
 3.411694e+01 -1.274477e+00 
 3.411726e+01 -1.291345e+00 
 3.411758e+01 -1.306323e+00 
 3.411791e+01 -1.314658e+00 
 3.411823e+01 -1.318418e+00 
 3.411855e+01 -1.318329e+00 
 3.411887e+01 -1.320780e+00 
 3.411920e+01 -1.334357e+00 
 3.411952e+01 -1.345266e+00 
 3.411984e+01 -1.351003e+00 
 3.412017e+01 -1.342207e+00 
 3.412049e+01 -1.310259e+00 
 3.412081e+01 -1.301118e+00 
 3.412114e+01 -1.300670e+00 
 3.412146e+01 -1.292707e+00 
 3.412178e+01 -1.272064e+00 
 3.412210e+01 -1.250717e+00 
 3.412243e+01 -1.233275e+00 
 3.412275e+01 -1.218853e+00 
 3.412307e+01 -1.209927e+00 
 3.412340e+01 -1.204024e+00 
 3.412372e+01 -1.193594e+00 
 3.412404e+01 -1.180900e+00 
 3.412437e+01 -1.178294e+00 
 3.412469e+01 -1.183261e+00 
 3.412501e+01 -1.185983e+00 
 3.412533e+01 -1.187487e+00 
 3.412566e+01 -1.188260e+00 
 3.412598e+01 -1.170980e+00 
 3.412630e+01 -1.178654e+00 
 3.412663e+01 -1.189356e+00 
 3.412695e+01 -1.204834e+00 
 3.412727e+01 -1.222134e+00 
 3.412760e+01 -1.243339e+00 
 3.412792e+01 -1.268002e+00 
 3.412824e+01 -1.287475e+00 
 3.412856e+01 -1.303522e+00 
 3.412889e+01 -1.321282e+00 
 3.412921e+01 -1.337014e+00 
 3.412953e+01 -1.335459e+00 
 3.412986e+01 -1.331442e+00 
 3.413018e+01 -1.331978e+00 
 3.413050e+01 -1.330847e+00 
 3.413083e+01 -1.325414e+00 
 3.413115e+01 -1.323807e+00 
 3.413147e+01 -1.321095e+00 
 3.413179e+01 -1.315700e+00 
 3.413212e+01 -1.312923e+00 
 3.413244e+01 -1.306604e+00 
 3.413276e+01 -1.298140e+00 
 3.413309e+01 -1.296393e+00 
 3.413341e+01 -1.303015e+00 
 3.413373e+01 -1.302217e+00 
 3.413406e+01 -1.290965e+00 
 3.413438e+01 -1.278335e+00 
 3.413470e+01 -1.270283e+00 
 3.413502e+01 -1.244182e+00 
 3.413535e+01 -1.236653e+00 
 3.413567e+01 -1.230518e+00 
 3.413599e+01 -1.225710e+00 
 3.413632e+01 -1.223274e+00 
 3.413664e+01 -1.225273e+00 
 3.413696e+01 -1.231149e+00 
 3.413729e+01 -1.236437e+00 
 3.413761e+01 -1.240507e+00 
 3.413793e+01 -1.251018e+00 
 3.413825e+01 -1.263138e+00 
 3.413858e+01 -1.271610e+00 
 3.413890e+01 -1.281032e+00 
 3.413922e+01 -1.290703e+00 
 3.413955e+01 -1.300815e+00 
 3.413987e+01 -1.312787e+00 
 3.414019e+01 -1.324257e+00 
 3.414052e+01 -1.326603e+00 
 3.414084e+01 -1.322697e+00 
 3.414116e+01 -1.320505e+00 
 3.414148e+01 -1.319560e+00 
 3.414181e+01 -1.317880e+00 
 3.414213e+01 -1.313421e+00 
 3.414245e+01 -1.301499e+00 
 3.414278e+01 -1.281825e+00 
 3.414310e+01 -1.267261e+00 
 3.414342e+01 -1.254574e+00 
 3.414375e+01 -1.242269e+00 
 3.414407e+01 -1.223662e+00 
 3.414439e+01 -1.198308e+00 
 3.414471e+01 -1.176480e+00 
 3.414504e+01 -1.165144e+00 
 3.414536e+01 -1.157476e+00 
 3.414568e+01 -1.150640e+00 
 3.414601e+01 -1.141667e+00 
 3.414633e+01 -1.131481e+00 
 3.414665e+01 -1.124207e+00 
 3.414698e+01 -1.121960e+00 
 3.414730e+01 -1.118820e+00 
 3.414762e+01 -1.120868e+00 
 3.414794e+01 -1.123705e+00 
 3.414827e+01 -1.129424e+00 
 3.414859e+01 -1.135971e+00 
 3.414891e+01 -1.142733e+00 
 3.414924e+01 -1.150169e+00 
 3.414956e+01 -1.160796e+00 
 3.414988e+01 -1.173316e+00 
 3.415021e+01 -1.184450e+00 
 3.415053e+01 -1.193965e+00 
 3.415085e+01 -1.207198e+00 
 3.415117e+01 -1.218224e+00 
 3.415150e+01 -1.231162e+00 
 3.415182e+01 -1.242574e+00 
 3.415214e+01 -1.250206e+00 
 3.415247e+01 -1.253710e+00 
 3.415279e+01 -1.254396e+00 
 3.415311e+01 -1.249075e+00 
 3.415343e+01 -1.239573e+00 
 3.415376e+01 -1.234633e+00 
 3.415408e+01 -1.229808e+00 
 3.415440e+01 -1.220813e+00 
 3.415473e+01 -1.210372e+00 
 3.415505e+01 -1.201433e+00 
 3.415537e+01 -1.194667e+00 
 3.415570e+01 -1.179013e+00 
 3.415602e+01 -1.164560e+00 
 3.415634e+01 -1.159479e+00 
 3.415666e+01 -1.152312e+00 
 3.415699e+01 -1.148335e+00 
 3.415731e+01 -1.155229e+00 
 3.415763e+01 -1.166672e+00 
 3.415796e+01 -1.180874e+00 
 3.415828e+01 -1.196891e+00 
 3.415860e+01 -1.213758e+00 
 3.415893e+01 -1.229597e+00 
 3.415925e+01 -1.247465e+00 
 3.415957e+01 -1.266660e+00 
 3.415989e+01 -1.286649e+00 
 3.416022e+01 -1.307052e+00 
 3.416054e+01 -1.329857e+00 
 3.416086e+01 -1.355984e+00 
 3.416119e+01 -1.377183e+00 
 3.416151e+01 -1.394729e+00 
 3.416183e+01 -1.417093e+00 
 3.416216e+01 -1.443144e+00 
 3.416248e+01 -1.446360e+00 
 3.416280e+01 -1.464493e+00 
 3.416312e+01 -1.476335e+00 
 3.416345e+01 -1.483128e+00 
 3.416377e+01 -1.490320e+00 
 3.416409e+01 -1.496493e+00 
 3.416442e+01 -1.496673e+00 
 3.416474e+01 -1.487673e+00 
 3.416506e+01 -1.481348e+00 
 3.416539e+01 -1.479356e+00 
 3.416571e+01 -1.482188e+00 
 3.416603e+01 -1.482600e+00 
 3.416635e+01 -1.476842e+00 
 3.416668e+01 -1.465958e+00 
 3.416700e+01 -1.443119e+00 
 3.416732e+01 -1.436596e+00 
 3.416765e+01 -1.434017e+00 
 3.416797e+01 -1.430277e+00 
 3.416829e+01 -1.422398e+00 
 3.416862e+01 -1.416820e+00 
 3.416894e+01 -1.409195e+00 
 3.416926e+01 -1.410079e+00 
 3.416958e+01 -1.413424e+00 
 3.416991e+01 -1.416108e+00 
 3.417023e+01 -1.415386e+00 
 3.417055e+01 -1.416910e+00 
 3.417088e+01 -1.419204e+00 
 3.417120e+01 -1.422494e+00 
 3.417152e+01 -1.427172e+00 
 3.417185e+01 -1.429374e+00 
 3.417217e+01 -1.431696e+00 
 3.417249e+01 -1.436423e+00 
 3.417281e+01 -1.422578e+00 
 3.417314e+01 -1.427005e+00 
 3.417346e+01 -1.433377e+00 
 3.417378e+01 -1.444971e+00 
 3.417411e+01 -1.459766e+00 
 3.417443e+01 -1.470565e+00 
 3.417475e+01 -1.478593e+00 
 3.417508e+01 -1.474161e+00 
 3.417540e+01 -1.468265e+00 
 3.417572e+01 -1.464162e+00 
 3.417604e+01 -1.456010e+00 
 3.417637e+01 -1.448401e+00 
 3.417669e+01 -1.438531e+00 
 3.417701e+01 -1.426207e+00 
 3.417734e+01 -1.416101e+00 
 3.417766e+01 -1.411441e+00 
 3.417798e+01 -1.403084e+00 
 3.417831e+01 -1.401911e+00 
 3.417863e+01 -1.401486e+00 
 3.417895e+01 -1.400298e+00 
 3.417927e+01 -1.388800e+00 
 3.417960e+01 -1.383434e+00 
 3.417992e+01 -1.378970e+00 
 3.418024e+01 -1.370530e+00 
 3.418057e+01 -1.363817e+00 
 3.418089e+01 -1.355734e+00 
 3.418121e+01 -1.346723e+00 
 3.418154e+01 -1.337110e+00 
 3.418186e+01 -1.325031e+00 
 3.418218e+01 -1.311912e+00 
 3.418250e+01 -1.300895e+00 
 3.418283e+01 -1.293390e+00 
 3.418315e+01 -1.289226e+00 
 3.418347e+01 -1.285757e+00 
 3.418380e+01 -1.282179e+00 
 3.418412e+01 -1.279257e+00 
 3.418444e+01 -1.278938e+00 
 3.418477e+01 -1.280466e+00 
 3.418509e+01 -1.277329e+00 
 3.418541e+01 -1.271053e+00 
 3.418573e+01 -1.269359e+00 
 3.418606e+01 -1.269722e+00 
 3.418638e+01 -1.273913e+00 
 3.418670e+01 -1.280911e+00 
 3.418703e+01 -1.284608e+00 
 3.418735e+01 -1.284263e+00 
 3.418767e+01 -1.287917e+00 
 3.418800e+01 -1.296776e+00 
 3.418832e+01 -1.305526e+00 
 3.418864e+01 -1.308726e+00 
 3.418896e+01 -1.307124e+00 
 3.418929e+01 -1.302744e+00 
 3.418961e+01 -1.296253e+00 
 3.418993e+01 -1.294218e+00 
 3.419026e+01 -1.291581e+00 
 3.419058e+01 -1.287187e+00 
 3.419090e+01 -1.278975e+00 
 3.419122e+01 -1.269884e+00 
 3.419155e+01 -1.263842e+00 
 3.419187e+01 -1.256540e+00 
 3.419219e+01 -1.245385e+00 
 3.419252e+01 -1.226439e+00 
 3.419284e+01 -1.210448e+00 
 3.419316e+01 -1.194300e+00 
 3.419349e+01 -1.179534e+00 
 3.419381e+01 -1.163574e+00 
 3.419413e+01 -1.148849e+00 
 3.419445e+01 -1.135997e+00 
 3.419478e+01 -1.124269e+00 
 3.419510e+01 -1.115386e+00 
 3.419542e+01 -1.108149e+00 
 3.419575e+01 -1.103221e+00 
 3.419607e+01 -1.099521e+00 
 3.419639e+01 -1.101771e+00 
 3.419672e+01 -1.100274e+00 
 3.419704e+01 -1.094685e+00 
 3.419736e+01 -1.086625e+00 
 3.419768e+01 -1.079407e+00 
 3.419801e+01 -1.080024e+00 
 3.419833e+01 -1.083793e+00 
 3.419865e+01 -1.090935e+00 
 3.419898e+01 -1.100906e+00 
 3.419930e+01 -1.109098e+00 
 3.419962e+01 -1.115399e+00 
 3.419995e+01 -1.119973e+00 
 3.420027e+01 -1.122857e+00 
 3.420059e+01 -1.123917e+00 
 3.420091e+01 -1.117228e+00 
 3.420124e+01 -1.106778e+00 
 3.420156e+01 -1.096167e+00 
 3.420188e+01 -1.082513e+00 
 3.420221e+01 -1.068190e+00 
 3.420253e+01 -1.047566e+00 
 3.420285e+01 -1.026004e+00 
 3.420318e+01 -1.007847e+00 
 3.420350e+01 -9.913715e-01 
 3.420382e+01 -9.827482e-01 
 3.420414e+01 -9.656638e-01 
 3.420447e+01 -9.465142e-01 
 3.420479e+01 -9.281985e-01 
 3.420511e+01 -9.093329e-01 
 3.420544e+01 -8.939940e-01 
 3.420576e+01 -8.801868e-01 
 3.420608e+01 -8.671131e-01 
 3.420641e+01 -8.603495e-01 
 3.420673e+01 -8.605533e-01 
 3.420705e+01 -8.727590e-01 
 3.420737e+01 -8.964066e-01 
 3.420770e+01 -9.052940e-01 
 3.420802e+01 -9.190292e-01 
 3.420834e+01 -9.370919e-01 
 3.420867e+01 -9.565995e-01 
 3.420899e+01 -9.736417e-01 
 3.420931e+01 -9.886262e-01 
 3.420964e+01 -9.980203e-01 
 3.420996e+01 -1.001805e+00 
 3.421028e+01 -1.004203e+00 
 3.421060e+01 -1.007448e+00 
 3.421093e+01 -1.003859e+00 
 3.421125e+01 -9.943682e-01 
 3.421157e+01 -9.826551e-01 
 3.421190e+01 -9.715154e-01 
 3.421222e+01 -9.586832e-01 
 3.421254e+01 -9.422791e-01 
 3.421287e+01 -9.222104e-01 
 3.421319e+01 -8.996100e-01 
 3.421351e+01 -8.780890e-01 
 3.421383e+01 -8.572307e-01 
 3.421416e+01 -8.358894e-01 
 3.421448e+01 -8.130776e-01 
 3.421480e+01 -7.916000e-01 
 3.421513e+01 -7.788450e-01 
 3.421545e+01 -7.703006e-01 
 3.421577e+01 -7.676235e-01 
 3.421610e+01 -7.671612e-01 
 3.421642e+01 -7.659531e-01 
 3.421674e+01 -7.675412e-01 
 3.421706e+01 -7.693037e-01 
 3.421739e+01 -7.776979e-01 
 3.421771e+01 -7.915831e-01 
 3.421803e+01 -8.105549e-01 
 3.421836e+01 -8.086922e-01 
 3.421868e+01 -8.070447e-01 
 3.421900e+01 -8.080931e-01 
 3.421933e+01 -8.110472e-01 
 3.421965e+01 -8.168977e-01 
 3.421997e+01 -8.192469e-01 
 3.422029e+01 -8.119345e-01 
 3.422062e+01 -8.022095e-01 
 3.422094e+01 -7.895996e-01 
 3.422126e+01 -7.734938e-01 
 3.422159e+01 -7.533985e-01 
 3.422191e+01 -7.293730e-01 
 3.422223e+01 -7.048522e-01 
 3.422255e+01 -6.793450e-01 
 3.422288e+01 -6.693471e-01 
 3.422320e+01 -6.405148e-01 
 3.422352e+01 -6.217075e-01 
 3.422385e+01 -6.024390e-01 
 3.422417e+01 -5.834165e-01 
 3.422449e+01 -5.675894e-01 
 3.422482e+01 -5.468961e-01 
 3.422514e+01 -5.251962e-01 
 3.422546e+01 -5.056642e-01 
 3.422578e+01 -4.926259e-01 
 3.422611e+01 -4.831595e-01 
 3.422643e+01 -4.759458e-01 
 3.422675e+01 -4.715240e-01 
 3.422708e+01 -4.765937e-01 
 3.422740e+01 -4.842548e-01 
 3.422772e+01 -5.096091e-01 
 3.422805e+01 -5.230881e-01 
 3.422837e+01 -5.378067e-01 
 3.422869e+01 -5.548211e-01 
 3.422901e+01 -5.725748e-01 
 3.422934e+01 -5.913375e-01 
 3.422966e+01 -5.981801e-01 
 3.422998e+01 -5.952214e-01 
 3.423031e+01 -5.884653e-01 
 3.423063e+01 -5.804099e-01 
 3.423095e+01 -5.719837e-01 
 3.423128e+01 -5.627138e-01 
 3.423160e+01 -5.473545e-01 
 3.423192e+01 -5.322085e-01 
 3.423224e+01 -5.214215e-01 
 3.423257e+01 -5.141556e-01 
 3.423289e+01 -5.128822e-01 
 3.423321e+01 -5.064570e-01 
 3.423354e+01 -4.949701e-01 
 3.423386e+01 -4.740415e-01 
 3.423418e+01 -4.532148e-01 
 3.423451e+01 -4.375218e-01 
 3.423483e+01 -4.218281e-01 
 3.423515e+01 -4.064822e-01 
 3.423547e+01 -3.890217e-01 
 3.423580e+01 -3.728451e-01 
 3.423612e+01 -3.649550e-01 
 3.423644e+01 -3.638429e-01 
 3.423677e+01 -3.669612e-01 
 3.423709e+01 -3.781629e-01 
 3.423741e+01 -3.832938e-01 
 3.423774e+01 -4.049466e-01 
 3.423806e+01 -4.151239e-01 
 3.423838e+01 -4.241498e-01 
 3.423870e+01 -4.330458e-01 
 3.423903e+01 -4.438813e-01 
 3.423935e+01 -4.569092e-01 
 3.423967e+01 -4.739371e-01 
 3.424000e+01 -4.831303e-01 
 3.424032e+01 -4.900405e-01 
 3.424064e+01 -4.935629e-01 
 3.424097e+01 -4.954140e-01 
 3.424129e+01 -4.955739e-01 
 3.424161e+01 -4.925227e-01 
 3.424193e+01 -4.852737e-01 
 3.424226e+01 -4.701110e-01 
 3.424258e+01 -4.542836e-01 
 3.424290e+01 -4.402624e-01 
 3.424323e+01 -4.247045e-01 
 3.424355e+01 -4.037563e-01 
 3.424387e+01 -4.041870e-01 
 3.424420e+01 -4.380831e-01 
 3.424452e+01 -4.458558e-01 
 3.424484e+01 -3.625295e-01 
 3.424516e+01 -3.098043e-01 
 3.424549e+01 -3.678246e-01 
 3.424581e+01 -3.510871e-01 
 3.424613e+01 -3.139736e-01 
 3.424646e+01 -3.642988e-01 
 3.424678e+01 -3.305413e-01 
 3.424710e+01 -3.394406e-01 
 3.424743e+01 -3.586884e-01 
 3.424775e+01 -3.512716e-01 
 3.424807e+01 -3.902096e-01 
 3.424839e+01 -3.542230e-01 
 3.424872e+01 -4.270147e-01 
 3.424904e+01 -4.501401e-01 
 3.424936e+01 -4.809794e-01 
 3.424969e+01 -4.879609e-01 
 3.425001e+01 -4.636158e-01 
 3.425033e+01 -5.054269e-01 
 3.425065e+01 -5.389658e-01 
 3.425098e+01 -5.154093e-01 
 3.425130e+01 -5.582863e-01 
 3.425162e+01 -5.559110e-01 
 3.425195e+01 -5.121971e-01 
 3.425227e+01 -5.646041e-01 
 3.425259e+01 -5.221089e-01 
 3.425292e+01 -5.396562e-01 
 3.425324e+01 -5.260672e-01 
 3.425356e+01 -5.077972e-01 
 3.425388e+01 -5.215777e-01 
 3.425421e+01 -4.922495e-01 
 3.425453e+01 -4.927792e-01 
 3.425485e+01 -4.828891e-01 
 3.425518e+01 -4.875998e-01 
 3.425550e+01 -4.724351e-01 
 3.425582e+01 -4.575961e-01 
 3.425615e+01 -4.596725e-01 
 3.425647e+01 -4.470956e-01 
 3.425679e+01 -4.609459e-01 
 3.425711e+01 -4.660466e-01 
 3.425744e+01 -4.742293e-01 
 3.425776e+01 -4.848003e-01 
 3.425808e+01 -4.900525e-01 
 3.425841e+01 -5.227437e-01 
 3.425873e+01 -5.182434e-01 
 3.425905e+01 -5.761656e-01 
 3.425938e+01 -5.595499e-01 
 3.425970e+01 -5.840861e-01 
 3.426002e+01 -5.785843e-01 
 3.426034e+01 -5.914501e-01 
 3.426067e+01 -6.009318e-01 
 3.426099e+01 -6.042908e-01 
 3.426131e+01 -6.062441e-01 
 3.426164e+01 -6.088513e-01 
 3.426196e+01 -6.050084e-01 
 3.426228e+01 -5.933960e-01 
 3.426261e+01 -5.840167e-01 
 3.426293e+01 -5.632371e-01 
 3.426325e+01 -5.477758e-01 
 3.426357e+01 -5.111518e-01 
 3.426390e+01 -4.884916e-01 
 3.426422e+01 -4.674093e-01 
 3.426454e+01 -4.557884e-01 
 3.426487e+01 -4.325515e-01 
 3.426519e+01 -4.069751e-01 
 3.426551e+01 -3.608415e-01 
 3.426584e+01 -3.316815e-01 
 3.426616e+01 -3.253821e-01 
 3.426648e+01 -3.151617e-01 
 3.426680e+01 -2.894746e-01 
 3.426713e+01 -2.794934e-01 
 3.426745e+01 -2.654149e-01 
 3.426777e+01 -2.305407e-01 
 3.426810e+01 -2.277642e-01 
 3.426842e+01 -2.336985e-01 
 3.426874e+01 -2.153061e-01 
 3.426907e+01 -2.265382e-01 
 3.426939e+01 -2.660534e-01 
 3.426971e+01 -2.639548e-01 
 3.427003e+01 -2.979725e-01 
 3.427036e+01 -2.977305e-01 
 3.427068e+01 -2.761021e-01 
 3.427100e+01 -2.743760e-01 
 3.427133e+01 -2.734833e-01 
 3.427165e+01 -2.589839e-01 
 3.427197e+01 -2.525102e-01 
 3.427230e+01 -2.252672e-01 
 3.427262e+01 -2.089753e-01 
 3.427294e+01 -1.772387e-01 
 3.427326e+01 -1.608626e-01 
 3.427359e+01 -1.495033e-01 
 3.427391e+01 -1.001266e-01 
 3.427423e+01 -8.686303e-02 
 3.427456e+01 -6.105068e-02 
 3.427488e+01 -9.527343e-03 
 3.427520e+01 -8.628712e-03 
 3.427553e+01  3.828726e-02 
 3.427585e+01  8.491305e-02 
 3.427617e+01  8.918984e-02 
 3.427649e+01  1.247651e-01 
 3.427682e+01  1.250750e-01 
 3.427714e+01  1.318114e-01 
 3.427746e+01  1.581383e-01 
 3.427779e+01  1.438649e-01 
 3.427811e+01  1.390780e-01 
 3.427843e+01  1.309901e-01 
 3.427876e+01  1.129644e-01 
 3.427908e+01  1.045628e-01 
 3.427940e+01  7.931430e-02 
 3.427972e+01  5.320860e-02 
 3.428005e+01  4.886030e-02 
 3.428037e+01  2.506950e-02 
 3.428069e+01 -6.950507e-03 
 3.428102e+01 -3.693066e-02 
 3.428134e+01 -4.976557e-02 
 3.428166e+01 -6.669496e-02 
 3.428198e+01 -9.019253e-02 
 3.428231e+01 -9.415361e-02 
 3.428263e+01 -1.056725e-01 
 3.428295e+01 -1.032851e-01 
 3.428328e+01 -1.119938e-01 
 3.428360e+01 -9.828911e-02 
 3.428392e+01 -8.147953e-02 
 3.428425e+01 -6.558917e-02 
 3.428457e+01 -4.785503e-02 
 3.428489e+01 -3.959936e-02 
 3.428521e+01 -3.094031e-02 
 3.428554e+01 -1.757035e-02 
 3.428586e+01  7.635089e-03 
 3.428618e+01  3.401801e-02 
 3.428651e+01  4.303847e-02 
 3.428683e+01  4.466817e-02 
 3.428715e+01  5.355654e-02 
 3.428748e+01  7.600674e-02 
 3.428780e+01  9.213193e-02 
 3.428812e+01  9.869206e-02 
 3.428844e+01  9.859093e-02 
 3.428877e+01  9.125789e-02 
 3.428909e+01  5.963636e-02 
 3.428941e+01  3.510320e-02 
 3.428974e+01  7.420606e-03 
 3.429006e+01 -3.322411e-02 
 3.429038e+01 -6.327279e-02 
 3.429071e+01 -9.248843e-02 
 3.429103e+01 -1.151188e-01 
 3.429135e+01 -1.292020e-01 
 3.429167e+01 -1.477271e-01 
 3.429200e+01 -1.631024e-01 
 3.429232e+01 -1.936568e-01 
 3.429264e+01 -1.833566e-01 
 3.429297e+01 -1.849476e-01 
 3.429329e+01 -1.882392e-01 
 3.429361e+01 -1.849771e-01 
 3.429394e+01 -1.924390e-01 
 3.429426e+01 -1.919787e-01 
 3.429458e+01 -1.739152e-01 
 3.429490e+01 -1.722318e-01 
 3.429523e+01 -1.747433e-01 
 3.429555e+01 -1.491979e-01 
 3.429587e+01 -1.429774e-01 
 3.429620e+01 -1.017705e-01 
 3.429652e+01 -8.243803e-02 
 3.429684e+01 -5.989500e-02 
 3.429717e+01 -5.110862e-02 
 3.429749e+01 -3.569819e-02 
 3.429781e+01 -1.178541e-02 
 3.429813e+01 -1.115293e-02 
 3.429846e+01 -2.459799e-02 
 3.429878e+01 -3.136864e-02 
 3.429910e+01 -5.807064e-02 
 3.429943e+01 -7.199789e-02 
 3.429975e+01 -9.033655e-02 
 3.430007e+01 -1.357492e-01 
 3.430040e+01 -1.601744e-01 
 3.430072e+01 -1.852653e-01 
 3.430104e+01 -2.139849e-01 
 3.430136e+01 -2.320928e-01 
 3.430169e+01 -2.709610e-01 
 3.430201e+01 -2.858422e-01 
 3.430233e+01 -2.983854e-01 
 3.430266e+01 -3.310096e-01 
 3.430298e+01 -3.307242e-01 
 3.430330e+01 -3.505996e-01 
 3.430363e+01 -3.623287e-01 
 3.430395e+01 -3.515386e-01 
 3.430427e+01 -3.479185e-01 
 3.430459e+01 -3.395670e-01 
 3.430492e+01 -3.213247e-01 
 3.430524e+01 -3.086955e-01 
 3.430556e+01 -2.964301e-01 
 3.430589e+01 -2.805965e-01 
 3.430621e+01 -2.568600e-01 
 3.430653e+01 -2.329473e-01 
 3.430686e+01 -2.293942e-01 
 3.430718e+01 -1.959359e-01 
 3.430750e+01 -1.737079e-01 
 3.430782e+01 -1.917270e-01 
 3.430815e+01 -1.750840e-01 
 3.430847e+01 -1.623579e-01 
 3.430879e+01 -1.620915e-01 
 3.430912e+01 -1.657997e-01 
 3.430944e+01 -1.851341e-01 
 3.430976e+01 -2.046107e-01 
 3.431009e+01 -2.358568e-01 
 3.431041e+01 -2.579860e-01 
 3.431073e+01 -3.148572e-01 
 3.431105e+01 -3.407155e-01 
 3.431138e+01 -3.713462e-01 
 3.431170e+01 -3.807622e-01 
 3.431202e+01 -4.102884e-01 
 3.431235e+01 -4.203795e-01 
 3.431267e+01 -4.350546e-01 
 3.431299e+01 -4.515610e-01 
 3.431331e+01 -4.404381e-01 
 3.431364e+01 -4.290648e-01 
 3.431396e+01 -4.308709e-01 
 3.431428e+01 -4.323498e-01 
 3.431461e+01 -4.219388e-01 
 3.431493e+01 -4.068962e-01 
 3.431525e+01 -3.813619e-01 
 3.431558e+01 -3.481069e-01 
 3.431590e+01 -3.259521e-01 
 3.431622e+01 -2.891790e-01 
 3.431654e+01 -2.440276e-01 
 3.431687e+01 -2.041345e-01 
 3.431719e+01 -1.727092e-01 
 3.431751e+01 -1.381171e-01 
 3.431784e+01 -1.054071e-01 
 3.431816e+01 -8.350407e-02 
 3.431848e+01 -5.808419e-02 
 3.431881e+01 -5.926767e-02 
 3.431913e+01 -5.798873e-02 
 3.431945e+01 -5.735911e-02 
 3.431977e+01 -6.331504e-02 
 3.432010e+01 -7.014451e-02 
 3.432042e+01 -8.134634e-02 
 3.432074e+01 -9.959838e-02 
 3.432107e+01 -1.256866e-01 
 3.432139e+01 -1.426259e-01 
 3.432171e+01 -1.534934e-01 
 3.432204e+01 -1.702344e-01 
 3.432236e+01 -1.770053e-01 
 3.432268e+01 -1.870389e-01 
 3.432300e+01 -1.962112e-01 
 3.432333e+01 -1.968607e-01 
 3.432365e+01 -1.941886e-01 
 3.432397e+01 -1.883811e-01 
 3.432430e+01 -1.657147e-01 
 3.432462e+01 -1.497145e-01 
 3.432494e+01 -1.302669e-01 
 3.432527e+01 -1.109458e-01 
 3.432559e+01 -8.491636e-02 
 3.432591e+01 -4.117779e-02 
 3.432623e+01 -1.965984e-02 
 3.432656e+01 -4.791572e-02 
 3.432688e+01 -3.356472e-03 
 3.432720e+01  2.454253e-02 
 3.432753e+01  3.745109e-02 
 3.432785e+01  6.321977e-02 
 3.432817e+01  7.375541e-02 
 3.432850e+01  9.292584e-02 
 3.432882e+01  1.247417e-01 
 3.432914e+01  1.411258e-01 
 3.432946e+01  1.501960e-01 
 3.432979e+01  1.421965e-01 
 3.433011e+01  1.273566e-01 
 3.433043e+01  1.164558e-01 
 3.433076e+01  9.502994e-02 
 3.433108e+01  6.857848e-02 
 3.433140e+01  4.052836e-02 
 3.433173e+01 -2.914136e-03 
 3.433205e+01 -2.652917e-02 
 3.433237e+01 -5.353065e-02 
 3.433269e+01 -7.677328e-02 
 3.433302e+01 -9.841813e-02 
 3.433334e+01 -1.135711e-01 
 3.433366e+01 -1.186721e-01 
 3.433399e+01 -1.299563e-01 
 3.433431e+01 -1.281226e-01 
 3.433463e+01 -1.293014e-01 
 3.433496e+01 -1.362632e-01 
 3.433528e+01 -1.211901e-01 
 3.433560e+01 -1.121040e-01 
 3.433592e+01 -9.660198e-02 
 3.433625e+01 -8.212208e-02 
 3.433657e+01 -7.093094e-02 
 3.433689e+01 -5.114355e-02 
 3.433722e+01 -1.995116e-02 
 3.433754e+01  1.179710e-02 
 3.433786e+01  3.022700e-02 
 3.433819e+01  5.306764e-02 
 3.433851e+01  7.367747e-02 
 3.433883e+01  8.939881e-02 
 3.433915e+01  1.029554e-01 
 3.433948e+01  1.114373e-01 
 3.433980e+01  1.072614e-01 
 3.434012e+01  9.302564e-02 
 3.434045e+01  8.033567e-02 
 3.434077e+01  6.564220e-02 
 3.434109e+01  5.674691e-02 
 3.434141e+01  3.006077e-02 
 3.434174e+01  4.383312e-03 
 3.434206e+01 -1.274012e-02 
 3.434238e+01 -3.321519e-02 
 3.434271e+01 -5.704680e-02 
 3.434303e+01 -8.202565e-02 
 3.434335e+01 -1.039897e-01 
 3.434368e+01 -1.260217e-01 
 3.434400e+01 -1.402952e-01 
 3.434432e+01 -1.496861e-01 
 3.434464e+01 -1.509509e-01 
 3.434497e+01 -1.473194e-01 
 3.434529e+01 -1.387733e-01 
 3.434561e+01 -1.253229e-01 
 3.434594e+01 -1.066797e-01 
 3.434626e+01 -8.733101e-02 
 3.434658e+01 -6.883045e-02 
 3.434691e+01 -5.374824e-02 
 3.434723e+01 -3.210727e-02 
 3.434755e+01 -1.159351e-02 
 3.434787e+01  1.458605e-02 
 3.434820e+01  3.434672e-02 
 3.434852e+01  4.659085e-02 
 3.434884e+01  7.067318e-02 
 3.434917e+01  8.713255e-02 
 3.434949e+01  1.111825e-01 
 3.434981e+01  1.357786e-01 
 3.435014e+01  1.354167e-01 
 3.435046e+01  1.292054e-01 
 3.435078e+01  1.248188e-01 
 3.435110e+01  1.129247e-01 
 3.435143e+01  9.741524e-02 
 3.435175e+01  7.749049e-02 
 3.435207e+01  3.672263e-02 
 3.435240e+01  1.240665e-02 
 3.435272e+01 -4.391062e-04 
 3.435304e+01 -1.622654e-02 
 3.435337e+01 -2.558453e-02 
 3.435369e+01 -3.440865e-02 
 3.435401e+01 -3.172889e-02 
 3.435433e+01 -2.807513e-02 
 3.435466e+01 -2.752389e-02 
 3.435498e+01 -2.083329e-02 
 3.435530e+01 -1.139619e-02 
 3.435563e+01 -8.777611e-03 
 3.435595e+01  4.162045e-03 
 3.435627e+01  2.447205e-02 
 3.435660e+01  4.301354e-02 
 3.435692e+01  7.010681e-02 
 3.435724e+01  1.006653e-01 
 3.435756e+01  1.338092e-01 
 3.435789e+01  1.706321e-01 
 3.435821e+01  2.103285e-01 
 3.435853e+01  2.044939e-01 
 3.435886e+01  2.305181e-01 
 3.435918e+01  2.569893e-01 
 3.435950e+01  2.717935e-01 
 3.435983e+01  2.871177e-01 
 3.436015e+01  3.029973e-01 
 3.436047e+01  3.084279e-01 
 3.436079e+01  3.054286e-01 
 3.436112e+01  3.037101e-01 
 3.436144e+01  3.017921e-01 
 3.436176e+01  2.869680e-01 
 3.436209e+01  2.622916e-01 
 3.436241e+01  2.465102e-01 
 3.436273e+01  2.296757e-01 
 3.436306e+01  2.090848e-01 
 3.436338e+01  1.925510e-01 
 3.436370e+01  1.739508e-01 
 3.436402e+01  1.548978e-01 
 3.436435e+01  1.431831e-01 
 3.436467e+01  1.375709e-01 
 3.436499e+01  1.423210e-01 
 3.436532e+01  1.488379e-01 
 3.436564e+01  1.565824e-01 
 3.436596e+01  1.727373e-01 
 3.436629e+01  1.967263e-01 
 3.436661e+01  2.274477e-01 
 3.436693e+01  2.552173e-01 
 3.436725e+01  2.838286e-01 
 3.436758e+01  3.176046e-01 
 3.436790e+01  3.478629e-01 
 3.436822e+01  3.820928e-01 
 3.436855e+01  4.205256e-01 
 3.436887e+01  4.557704e-01 
 3.436919e+01  4.873111e-01 
 3.436952e+01  5.178801e-01 
 3.436984e+01  5.460064e-01 
 3.437016e+01  5.671097e-01 
 3.437048e+01  5.860894e-01 
 3.437081e+01  5.957422e-01 
 3.437113e+01  5.948513e-01 
 3.437145e+01  5.978409e-01 
 3.437178e+01  5.893363e-01 
 3.437210e+01  5.682916e-01 
 3.437242e+01  5.465771e-01 
 3.437274e+01  5.226692e-01 
 3.437307e+01  4.943978e-01 
 3.437339e+01  4.642380e-01 
 3.437371e+01  4.478469e-01 
 3.437404e+01  4.196837e-01 
 3.437436e+01  3.931713e-01 
 3.437468e+01  3.751996e-01 
 3.437501e+01  3.544501e-01 
 3.437533e+01  3.365138e-01 
 3.437565e+01  3.278487e-01 
 3.437597e+01  3.204444e-01 
 3.437630e+01  3.164982e-01 
 3.437662e+01  3.185261e-01 
 3.437694e+01  3.307717e-01 
 3.437727e+01  3.521394e-01 
 3.437759e+01  3.670009e-01 
 3.437791e+01  3.914141e-01 
 3.437824e+01  4.180019e-01 
 3.437856e+01  4.429115e-01 
 3.437888e+01  4.776265e-01 
 3.437920e+01  4.966533e-01 
 3.437953e+01  5.083121e-01 
 3.437985e+01  5.275313e-01 
 3.438017e+01  5.365484e-01 
 3.438050e+01  5.313765e-01 
 3.438082e+01  5.258220e-01 
 3.438114e+01  5.133340e-01 
 3.438147e+01  5.029332e-01 
 3.438179e+01  4.944411e-01 
 3.438211e+01  4.858681e-01 
 3.438243e+01  4.771838e-01 
 3.438276e+01  4.635192e-01 
 3.438308e+01  4.532470e-01 
 3.438340e+01  4.326701e-01 
 3.438373e+01  4.031049e-01 
 3.438405e+01  3.719672e-01 
 3.438437e+01  3.325814e-01 
 3.438470e+01  2.899677e-01 
 3.438502e+01  2.511989e-01 
 3.438534e+01  2.124112e-01 
 3.438566e+01  1.773943e-01 
 3.438599e+01  1.380778e-01 
 3.438631e+01  1.110049e-01 
 3.438663e+01  9.155447e-02 
 3.438696e+01  7.682521e-02 
 3.438728e+01  6.900014e-02 
 3.438760e+01  6.631101e-02 
 3.438793e+01  6.718208e-02 
 3.438825e+01  7.561373e-02 
 3.438857e+01  8.555460e-02 
 3.438889e+01  8.794508e-02 
 3.438922e+01  9.341647e-02 
 3.438954e+01  9.722843e-02 
 3.438986e+01  1.012093e-01 
 3.439019e+01  1.063470e-01 
 3.439051e+01  1.096193e-01 
 3.439083e+01  1.038324e-01 
 3.439116e+01  9.749361e-02 
 3.439148e+01  7.891488e-02 
 3.439180e+01  5.993354e-02 
 3.439212e+01  4.124488e-02 
 3.439245e+01  2.067257e-02 
 3.439277e+01 -4.831444e-03 
 3.439309e+01 -3.058236e-02 
 3.439342e+01 -5.257579e-02 
 3.439374e+01 -6.736320e-02 
 3.439406e+01 -7.955219e-02 
 3.439439e+01 -8.392323e-02 
 3.439471e+01 -8.887520e-02 
 3.439503e+01 -9.327435e-02 
 3.439535e+01 -1.213922e-01 
 3.439568e+01 -1.560856e-01 
 3.439600e+01 -1.917671e-01 
 3.439632e+01 -2.275196e-01 
 3.439665e+01 -2.634514e-01 
 3.439697e+01 -3.010708e-01 
 3.439729e+01 -3.283263e-01 
 3.439762e+01 -3.440132e-01 
 3.439794e+01 -3.561936e-01 
 3.439826e+01 -3.615798e-01 
 3.439858e+01 -3.543384e-01 
 3.439891e+01 -3.440165e-01 
 3.439923e+01 -3.282640e-01 
 3.439955e+01 -3.110140e-01 
 3.439988e+01 -3.007364e-01 
 3.440020e+01 -2.940837e-01 
 3.440052e+01 -2.939267e-01 
 3.440085e+01 -2.972041e-01 
 3.440117e+01 -3.110712e-01 
 3.440149e+01 -3.407009e-01 
 3.440181e+01 -3.658151e-01 
 3.440214e+01 -3.905263e-01 
 3.440246e+01 -4.116908e-01 
 3.440278e+01 -4.224443e-01 
 3.440311e+01 -4.364470e-01 
 3.440343e+01 -4.510158e-01 
 3.440375e+01 -4.573177e-01 
 3.440407e+01 -4.644244e-01 
 3.440440e+01 -4.678231e-01 
 3.440472e+01 -4.726978e-01 
 3.440504e+01 -4.828125e-01 
 3.440537e+01 -4.944108e-01 
 3.440569e+01 -5.060062e-01 
 3.440601e+01 -5.161654e-01 
 3.440634e+01 -5.499466e-01 
 3.440666e+01 -5.850553e-01 
 3.440698e+01 -6.102512e-01 
 3.440730e+01 -6.269868e-01 
 3.440763e+01 -6.451444e-01 
 3.440795e+01 -6.537733e-01 
 3.440827e+01 -6.584993e-01 
 3.440860e+01 -6.581133e-01 
 3.440892e+01 -6.565682e-01 
 3.440924e+01 -6.528872e-01 
 3.440957e+01 -6.469488e-01 
 3.440989e+01 -6.404137e-01 
 3.441021e+01 -6.338773e-01 
 3.441053e+01 -6.264850e-01 
 3.441086e+01 -6.203086e-01 
 3.441118e+01 -6.139691e-01 
 3.441150e+01 -6.122013e-01 
 3.441183e+01 -6.181552e-01 
 3.441215e+01 -6.254956e-01 
 3.441247e+01 -6.762985e-01 
 3.441280e+01 -6.954678e-01 
 3.441312e+01 -7.150130e-01 
 3.441344e+01 -7.349124e-01 
 3.441376e+01 -7.517522e-01 
 3.441409e+01 -7.645771e-01 
 3.441441e+01 -7.721183e-01 
 3.441473e+01 -7.746419e-01 
 3.441506e+01 -7.665378e-01 
 3.441538e+01 -7.658516e-01 
 3.441570e+01 -7.646247e-01 
 3.441603e+01 -7.599787e-01 
 3.441635e+01 -7.551760e-01 
 3.441667e+01 -7.506473e-01 
 3.441699e+01 -7.604517e-01 
 3.441732e+01 -7.832440e-01 
 3.441764e+01 -8.005921e-01 
 3.441796e+01 -8.087761e-01 
 3.441829e+01 -8.023975e-01 
 3.441861e+01 -7.940100e-01 
 3.441893e+01 -7.801080e-01 
 3.441926e+01 -7.592805e-01 
 3.441958e+01 -7.312120e-01 
 3.441990e+01 -7.033034e-01 
 3.442022e+01 -6.738433e-01 
 3.442055e+01 -6.468322e-01 
 3.442087e+01 -6.247461e-01 
 3.442119e+01 -6.034205e-01 
 3.442152e+01 -5.818464e-01 
 3.442184e+01 -5.668218e-01 
 3.442216e+01 -5.539636e-01 
 3.442249e+01 -5.526098e-01 
 3.442281e+01 -5.527560e-01 
 3.442313e+01 -5.501497e-01 
 3.442345e+01 -5.464416e-01 
 3.442378e+01 -5.440146e-01 
 3.442410e+01 -5.419766e-01 
 3.442442e+01 -5.364310e-01 
 3.442475e+01 -5.282815e-01 
 3.442507e+01 -5.220114e-01 
 3.442539e+01 -5.147775e-01 
 3.442572e+01 -5.137202e-01 
 3.442604e+01 -5.151898e-01 
 3.442636e+01 -5.149914e-01 
 3.442668e+01 -5.067533e-01 
 3.442701e+01 -4.993127e-01 
 3.442733e+01 -4.928946e-01 
 3.442765e+01 -5.022570e-01 
 3.442798e+01 -5.102117e-01 
 3.442830e+01 -5.087953e-01 
 3.442862e+01 -5.006575e-01 
 3.442895e+01 -4.870262e-01 
 3.442927e+01 -4.711787e-01 
 3.442959e+01 -4.566037e-01 
 3.442991e+01 -4.386666e-01 
 3.443024e+01 -4.204377e-01 
 3.443056e+01 -4.028343e-01 
 3.443088e+01 -3.834761e-01 
 3.443121e+01 -3.612602e-01 
 3.443153e+01 -3.385609e-01 
 3.443185e+01 -3.126278e-01 
 3.443218e+01 -2.904708e-01 
 3.443250e+01 -2.702420e-01 
 3.443282e+01 -2.487833e-01 
 3.443314e+01 -2.350413e-01 
 3.443347e+01 -2.249388e-01 
 3.443379e+01 -2.168563e-01 
 3.443411e+01 -2.087254e-01 
 3.443444e+01 -2.012380e-01 
 3.443476e+01 -1.923640e-01 
 3.443508e+01 -1.830048e-01 
 3.443540e+01 -1.710870e-01 
 3.443573e+01 -1.611101e-01 
 3.443605e+01 -1.550470e-01 
 3.443637e+01 -1.485049e-01 
 3.443670e+01 -1.415842e-01 
 3.443702e+01 -1.355378e-01 
 3.443734e+01 -1.326144e-01 
 3.443767e+01 -1.326973e-01 
 3.443799e+01 -1.545040e-01 
 3.443831e+01 -1.724676e-01 
 3.443863e+01 -1.821887e-01 
 3.443896e+01 -1.830561e-01 
 3.443928e+01 -1.792675e-01 
 3.443960e+01 -1.737311e-01 
 3.443993e+01 -1.638044e-01 
 3.444025e+01 -1.489259e-01 
 3.444057e+01 -1.350691e-01 
 3.444090e+01 -1.244318e-01 
 3.444122e+01 -1.101734e-01 
 3.444154e+01 -1.023261e-01 
 3.444186e+01 -9.973480e-02 
 3.444219e+01 -9.759793e-02 
 3.444251e+01 -9.763770e-02 
 3.444283e+01 -9.845782e-02 
 3.444316e+01 -9.485088e-02 
 3.444348e+01 -8.924770e-02 
 3.444380e+01 -7.882034e-02 
 3.444413e+01 -6.384195e-02 
 3.444445e+01 -4.651402e-02 
 3.444477e+01 -2.895939e-02 
 3.444509e+01 -5.809052e-03 
 3.444542e+01  1.709923e-02 
 3.444574e+01  3.670517e-02 
 3.444606e+01  4.982034e-02 
 3.444639e+01  5.824342e-02 
 3.444671e+01  6.397905e-02 
 3.444703e+01  6.947963e-02 
 3.444736e+01  7.466544e-02 
 3.444768e+01  7.640902e-02 
 3.444800e+01  5.300308e-02 
 3.444832e+01  3.320451e-02 
 3.444865e+01  2.227316e-02 
 3.444897e+01  9.972130e-03 
 3.444929e+01  1.066129e-02 
 3.444962e+01  1.418668e-02 
 3.444994e+01  1.855352e-02 
 3.445026e+01  2.474147e-02 
 3.445059e+01  3.510418e-02 
 3.445091e+01  4.680705e-02 
 3.445123e+01  6.065874e-02 
 3.445155e+01  7.544580e-02 
 3.445188e+01  9.085458e-02 
 3.445220e+01  1.010068e-01 
 3.445252e+01  1.087829e-01 
 3.445285e+01  1.134506e-01 
 3.445317e+01  1.128806e-01 
 3.445349e+01  1.089351e-01 
 3.445382e+01  1.051998e-01 
 3.445414e+01  1.012910e-01 
 3.445446e+01  9.581005e-02 
 3.445478e+01  9.275047e-02 
 3.445511e+01  8.888399e-02 
 3.445543e+01  8.556578e-02 
 3.445575e+01  8.198303e-02 
 3.445608e+01  7.664059e-02 
 3.445640e+01  6.863159e-02 
 3.445672e+01  5.862536e-02 
 3.445705e+01  4.514576e-02 
 3.445737e+01  2.826754e-02 
 3.445769e+01  6.084298e-03 
 3.445801e+01 -1.820420e-02 
 3.445834e+01 -4.288704e-02 
 3.445866e+01 -6.725471e-02 
 3.445898e+01 -8.802666e-02 
 3.445931e+01 -1.041227e-01 
 3.445963e+01 -1.206334e-01 
 3.445995e+01 -1.356715e-01 
 3.446028e+01 -1.495009e-01 
 3.446060e+01 -1.610779e-01 
 3.446092e+01 -1.695271e-01 
 3.446124e+01 -1.794822e-01 
 3.446157e+01 -1.889278e-01 
 3.446189e+01 -2.015715e-01 
 3.446221e+01 -2.149864e-01 
 3.446254e+01 -2.272991e-01 
 3.446286e+01 -2.369482e-01 
 3.446318e+01 -2.456491e-01 
 3.446351e+01 -2.538676e-01 
 3.446383e+01 -2.603475e-01 
 3.446415e+01 -2.650309e-01 
 3.446447e+01 -2.699600e-01 
 3.446480e+01 -2.753154e-01 
 3.446512e+01 -2.834150e-01 
 3.446544e+01 -2.961601e-01 
 3.446577e+01 -3.093636e-01 
 3.446609e+01 -3.223184e-01 
 3.446641e+01 -3.386723e-01 
 3.446673e+01 -3.543199e-01 
 3.446706e+01 -3.716154e-01 
 3.446738e+01 -3.864481e-01 
 3.446770e+01 -3.997146e-01 
 3.446803e+01 -4.126409e-01 
 3.446835e+01 -4.252024e-01 
 3.446867e+01 -4.389748e-01 
 3.446900e+01 -4.523528e-01 
 3.446932e+01 -4.657833e-01 
 3.446964e+01 -4.812285e-01 
 3.446996e+01 -4.972332e-01 
 3.447029e+01 -5.134739e-01 
 3.447061e+01 -5.274850e-01 
 3.447093e+01 -5.367860e-01 
 3.447126e+01 -5.412633e-01 
 3.447158e+01 -5.427158e-01 
 3.447190e+01 -5.435916e-01 
 3.447223e+01 -5.443021e-01 
 3.447255e+01 -5.427931e-01 
 3.447287e+01 -5.408197e-01 
 3.447319e+01 -5.395292e-01 
 3.447352e+01 -5.389729e-01 
 3.447384e+01 -5.411522e-01 
 3.447416e+01 -5.438530e-01 
 3.447449e+01 -5.471439e-01 
 3.447481e+01 -5.517158e-01 
 3.447513e+01 -5.565135e-01 
 3.447546e+01 -5.625055e-01 
 3.447578e+01 -5.698825e-01 
 3.447610e+01 -5.775649e-01 
 3.447642e+01 -5.854533e-01 
 3.447675e+01 -5.935419e-01 
 3.447707e+01 -6.034345e-01 
 3.447739e+01 -6.190957e-01 
 3.447772e+01 -6.374934e-01 
 3.447804e+01 -6.598465e-01 
 3.447836e+01 -6.809773e-01 
 3.447869e+01 -7.032784e-01 
 3.447901e+01 -7.255368e-01 
 3.447933e+01 -7.432088e-01 
 3.447965e+01 -7.580951e-01 
 3.447998e+01 -7.722273e-01 
 3.448030e+01 -7.824921e-01 
 3.448062e+01 -7.951029e-01 
 3.448095e+01 -8.049009e-01 
 3.448127e+01 -8.127453e-01 
 3.448159e+01 -8.195525e-01 
 3.448192e+01 -8.253700e-01 
 3.448224e+01 -8.338165e-01 
 3.448256e+01 -8.382420e-01 
 3.448288e+01 -8.442206e-01 
 3.448321e+01 -8.454205e-01 
 3.448353e+01 -8.433289e-01 
 3.448385e+01 -8.393755e-01 
 3.448418e+01 -8.349774e-01 
 3.448450e+01 -8.280948e-01 
 3.448482e+01 -8.198295e-01 
 3.448515e+01 -8.113918e-01 
 3.448547e+01 -8.044794e-01 
 3.448579e+01 -7.991519e-01 
 3.448611e+01 -7.962695e-01 
 3.448644e+01 -7.943214e-01 
 3.448676e+01 -7.921108e-01 
 3.448708e+01 -7.924509e-01 
 3.448741e+01 -7.972337e-01 
 3.448773e+01 -8.024238e-01 
 3.448805e+01 -8.049599e-01 
 3.448838e+01 -8.100917e-01 
 3.448870e+01 -8.200984e-01 
 3.448902e+01 -8.201599e-01 
 3.448934e+01 -8.241910e-01 
 3.448967e+01 -8.240895e-01 
 3.448999e+01 -8.240802e-01 
 3.449031e+01 -8.246694e-01 
 3.449064e+01 -8.281689e-01 
 3.449096e+01 -8.357444e-01 
 3.449128e+01 -8.397505e-01 
 3.449161e+01 -8.353937e-01 
 3.449193e+01 -8.247286e-01 
 3.449225e+01 -8.130043e-01 
 3.449257e+01 -8.063724e-01 
 3.449290e+01 -8.030058e-01 
 3.449322e+01 -8.048145e-01 
 3.449354e+01 -7.958225e-01 
 3.449387e+01 -7.846343e-01 
 3.449419e+01 -7.720126e-01 
 3.449451e+01 -7.580362e-01 
 3.449483e+01 -7.428656e-01 
 3.449516e+01 -7.265210e-01 
 3.449548e+01 -7.091700e-01 
 3.449580e+01 -6.911429e-01 
 3.449613e+01 -6.717532e-01 
 3.449645e+01 -6.496054e-01 
 3.449677e+01 -6.258000e-01 
 3.449710e+01 -6.063953e-01 
 3.449742e+01 -6.024380e-01 
 3.449774e+01 -6.139149e-01 
 3.449806e+01 -6.342015e-01 
 3.449839e+01 -6.615479e-01 
 3.449871e+01 -6.995862e-01 
 3.449903e+01 -7.371577e-01 
 3.449936e+01 -7.670260e-01 
 3.449968e+01 -7.933333e-01 
 3.450000e+01 -8.172753e-01 
 3.450033e+01 -8.308075e-01 
 3.450065e+01 -8.356518e-01 
 3.450097e+01 -8.318445e-01 
 3.450129e+01 -8.200496e-01 
 3.450162e+01 -7.988699e-01 
 3.450194e+01 -7.714230e-01 
 3.450226e+01 -7.405502e-01 
 3.450259e+01 -7.187761e-01 
 3.450291e+01 -7.023560e-01 
 3.450323e+01 -6.881810e-01 
 3.450356e+01 -6.659728e-01 
 3.450388e+01 -6.399850e-01 
 3.450420e+01 -6.186589e-01 
 3.450452e+01 -5.918394e-01 
 3.450485e+01 -5.586272e-01 
 3.450517e+01 -5.237828e-01 
 3.450549e+01 -4.909515e-01 
 3.450582e+01 -4.652159e-01 
 3.450614e+01 -4.433178e-01 
 3.450646e+01 -4.319086e-01 
 3.450679e+01 -4.290484e-01 
 3.450711e+01 -4.355969e-01 
 3.450743e+01 -4.512141e-01 
 3.450775e+01 -4.752299e-01 
 3.450808e+01 -5.058030e-01 
 3.450840e+01 -5.378827e-01 
 3.450872e+01 -5.679025e-01 
 3.450905e+01 -6.113948e-01 
 3.450937e+01 -6.316421e-01 
 3.450969e+01 -6.583777e-01 
 3.451002e+01 -6.773930e-01 
 3.451034e+01 -6.954444e-01 
 3.451066e+01 -7.111888e-01 
 3.451098e+01 -7.250851e-01 
 3.451131e+01 -7.353477e-01 
 3.451163e+01 -7.404760e-01 
 3.451195e+01 -7.384479e-01 
 3.451228e+01 -7.260381e-01 
 3.451260e+01 -7.049359e-01 
 3.451292e+01 -6.781204e-01 
 3.451325e+01 -6.475181e-01 
 3.451357e+01 -6.116982e-01 
 3.451389e+01 -5.710251e-01 
 3.451421e+01 -5.298396e-01 
 3.451454e+01 -4.907731e-01 
 3.451486e+01 -4.558262e-01 
 3.451518e+01 -4.230839e-01 
 3.451551e+01 -3.923229e-01 
 3.451583e+01 -3.649840e-01 
 3.451615e+01 -3.423167e-01 
 3.451648e+01 -3.247566e-01 
 3.451680e+01 -3.139282e-01 
 3.451712e+01 -3.247486e-01 
 3.451744e+01 -3.173240e-01 
 3.451777e+01 -3.189139e-01 
 3.451809e+01 -3.264652e-01 
 3.451841e+01 -3.447452e-01 
 3.451874e+01 -3.700219e-01 
 3.451906e+01 -4.022788e-01 
 3.451938e+01 -4.765119e-01 
 3.451971e+01 -5.068755e-01 
 3.452003e+01 -5.449433e-01 
 3.452035e+01 -5.711076e-01 
 3.452067e+01 -5.940221e-01 
 3.452100e+01 -6.212071e-01 
 3.452132e+01 -6.433413e-01 
 3.452164e+01 -6.496659e-01 
 3.452197e+01 -6.497515e-01 
 3.452229e+01 -6.467243e-01 
 3.452261e+01 -6.339094e-01 
 3.452293e+01 -6.208950e-01 
 3.452326e+01 -6.086445e-01 
 3.452358e+01 -5.966677e-01 
 3.452390e+01 -5.830455e-01 
 3.452423e+01 -5.665510e-01 
 3.452455e+01 -5.468013e-01 
 3.452487e+01 -5.238834e-01 
 3.452520e+01 -5.008550e-01 
 3.452552e+01 -4.737622e-01 
 3.452584e+01 -4.430304e-01 
 3.452616e+01 -4.145502e-01 
 3.452649e+01 -3.904896e-01 
 3.452681e+01 -3.733355e-01 
 3.452713e+01 -3.659242e-01 
 3.452746e+01 -3.643129e-01 
 3.452778e+01 -3.683336e-01 
 3.452810e+01 -3.787898e-01 
 3.452843e+01 -3.980784e-01 
 3.452875e+01 -4.228427e-01 
 3.452907e+01 -4.497132e-01 
 3.452939e+01 -4.803152e-01 
 3.452972e+01 -5.145277e-01 
 3.453004e+01 -5.370566e-01 
 3.453036e+01 -5.646440e-01 
 3.453069e+01 -5.833611e-01 
 3.453101e+01 -5.986457e-01 
 3.453133e+01 -6.103425e-01 
 3.453166e+01 -6.193771e-01 
 3.453198e+01 -6.271556e-01 
 3.453230e+01 -6.285647e-01 
 3.453262e+01 -6.239066e-01 
 3.453295e+01 -6.148684e-01 
 3.453327e+01 -6.047696e-01 
 3.453359e+01 -5.916919e-01 
 3.453392e+01 -5.764992e-01 
 3.453424e+01 -5.569581e-01 
 3.453456e+01 -5.331502e-01 
 3.453489e+01 -5.070311e-01 
 3.453521e+01 -4.799377e-01 
 3.453553e+01 -4.531255e-01 
 3.453585e+01 -4.266949e-01 
 3.453618e+01 -3.983828e-01 
 3.453650e+01 -3.726909e-01 
 3.453682e+01 -3.516267e-01 
 3.453715e+01 -3.331789e-01 
 3.453747e+01 -3.193793e-01 
 3.453779e+01 -3.067834e-01 
 3.453812e+01 -2.357330e-01 
 3.453844e+01 -2.190368e-01 
 3.453876e+01 -2.109687e-01 
 3.453908e+01 -2.093802e-01 
 3.453941e+01 -2.111128e-01 
 3.453973e+01 -2.195235e-01 
 3.454005e+01 -2.371535e-01 
 3.454038e+01 -2.495193e-01 
 3.454070e+01 -2.724869e-01 
 3.454102e+01 -2.908941e-01 
 3.454135e+01 -3.098665e-01 
 3.454167e+01 -3.248206e-01 
 3.454199e+01 -3.347222e-01 
 3.454231e+01 -3.405351e-01 
 3.454264e+01 -3.419567e-01 
 3.454296e+01 -3.386239e-01 
 3.454328e+01 -3.324275e-01 
 3.454361e+01 -3.270438e-01 
 3.454393e+01 -3.254273e-01 
 3.454425e+01 -3.244036e-01 
 3.454458e+01 -3.221918e-01 
 3.454490e+01 -3.179152e-01 
 3.454522e+01 -3.100434e-01 
 3.454554e+01 -2.993433e-01 
 3.454587e+01 -2.906765e-01 
 3.454619e+01 -2.736220e-01 
 3.454651e+01 -2.558569e-01 
 3.454684e+01 -2.421591e-01 
 3.454716e+01 -2.287211e-01 
 3.454748e+01 -2.206795e-01 
 3.454781e+01 -2.186848e-01 
 3.454813e+01 -2.247912e-01 
 3.454845e+01 -2.375637e-01 
 3.454877e+01 -2.569393e-01 
 3.454910e+01 -2.828147e-01 
 3.454942e+01 -3.110523e-01 
 3.454974e+01 -3.381557e-01 
 3.455007e+01 -3.650205e-01 
 3.455039e+01 -3.930527e-01 
 3.455071e+01 -4.322405e-01 
 3.455104e+01 -4.556376e-01 
 3.455136e+01 -4.715727e-01 
 3.455168e+01 -4.868922e-01 
 3.455200e+01 -5.013026e-01 
 3.455233e+01 -5.139596e-01 
 3.455265e+01 -5.253689e-01 
 3.455297e+01 -5.333281e-01 
 3.455330e+01 -5.366233e-01 
 3.455362e+01 -5.335770e-01 
 3.455394e+01 -5.249516e-01 
 3.455426e+01 -5.104638e-01 
 3.455459e+01 -4.887435e-01 
 3.455491e+01 -4.599416e-01 
 3.455523e+01 -4.240646e-01 
 3.455556e+01 -3.846928e-01 
 3.455588e+01 -3.467934e-01 
 3.455620e+01 -3.092652e-01 
 3.455653e+01 -2.752001e-01 
 3.455685e+01 -2.364554e-01 
 3.455717e+01 -1.969616e-01 
 3.455749e+01 -2.038942e-01 
 3.455782e+01 -1.755437e-01 
 3.455814e+01 -1.531448e-01 
 3.455846e+01 -1.351926e-01 
 3.455879e+01 -1.227264e-01 
 3.455911e+01 -1.180522e-01 
 3.455943e+01 -1.196919e-01 
 3.455976e+01 -1.238734e-01 
 3.456008e+01 -1.313501e-01 
 3.456040e+01 -1.577264e-01 
 3.456072e+01 -1.720058e-01 
 3.456105e+01 -1.942228e-01 
 3.456137e+01 -2.101069e-01 
 3.456169e+01 -2.237722e-01 
 3.456202e+01 -2.333977e-01 
 3.456234e+01 -2.380576e-01 
 3.456266e+01 -2.389777e-01 
 3.456299e+01 -2.364020e-01 
 3.456331e+01 -2.393065e-01 
 3.456363e+01 -2.327034e-01 
 3.456395e+01 -2.114829e-01 
 3.456428e+01 -1.908625e-01 
 3.456460e+01 -1.644494e-01 
 3.456492e+01 -1.347916e-01 
 3.456525e+01 -1.015864e-01 
 3.456557e+01 -7.006653e-02 
 3.456589e+01 -2.841790e-02 
 3.456622e+01  1.597805e-02 
 3.456654e+01  6.240841e-02 
 3.456686e+01  1.060458e-01 
 3.456718e+01  1.549411e-01 
 3.456751e+01  2.028056e-01 
 3.456783e+01  2.494830e-01 
 3.456815e+01  2.891906e-01 
 3.456848e+01  3.218569e-01 
 3.456880e+01  3.449822e-01 
 3.456912e+01  3.583288e-01 
 3.456945e+01  3.625804e-01 
 3.456977e+01  3.606285e-01 
 3.457009e+01  3.559276e-01 
 3.457041e+01  3.512937e-01 
 3.457074e+01  3.414074e-01 
 3.457106e+01  3.247736e-01 
 3.457138e+01  3.160606e-01 
 3.457171e+01  2.992998e-01 
 3.457203e+01  2.836804e-01 
 3.457235e+01  2.696146e-01 
 3.457268e+01  2.562280e-01 
 3.457300e+01  2.434735e-01 
 3.457332e+01  2.313614e-01 
 3.457364e+01  2.234591e-01 
 3.457397e+01  2.221008e-01 
 3.457429e+01  2.245483e-01 
 3.457461e+01  2.312466e-01 
 3.457494e+01  2.421572e-01 
 3.457526e+01  2.568037e-01 
 3.457558e+01  2.752106e-01 
 3.457591e+01  2.962452e-01 
 3.457623e+01  3.148310e-01 
 3.457655e+01  3.358915e-01 
 3.457687e+01  3.538380e-01 
 3.457720e+01  3.715577e-01 
 3.457752e+01  3.892047e-01 
 3.457784e+01  4.055628e-01 
 3.457817e+01  4.210925e-01 
 3.457849e+01  4.352154e-01 
 3.457881e+01  4.480470e-01 
 3.457914e+01  4.575801e-01 
 3.457946e+01  4.623753e-01 
 3.457978e+01  4.596820e-01 
 3.458010e+01  4.505837e-01 
 3.458043e+01  4.388277e-01 
 3.458075e+01  4.189147e-01 
 3.458107e+01  3.898054e-01 
 3.458140e+01  3.663820e-01 
 3.458172e+01  3.186101e-01 
 3.458204e+01  2.855316e-01 
 3.458236e+01  2.569344e-01 
 3.458269e+01  2.348953e-01 
 3.458301e+01  2.200760e-01 
 3.458333e+01  2.105259e-01 
 3.458366e+01  2.048805e-01 
 3.458398e+01  2.083232e-01 
 3.458430e+01  2.155216e-01 
 3.458463e+01  2.306479e-01 
 3.458495e+01  2.488752e-01 
 3.458527e+01  2.698334e-01 
 3.458559e+01  2.936606e-01 
 3.458592e+01  3.213048e-01 
 3.458624e+01  3.499823e-01 
 3.458656e+01  3.839544e-01 
 3.458689e+01  4.199376e-01 
 3.458721e+01  4.541180e-01 
 3.458753e+01  4.931358e-01 
 3.458786e+01  5.333203e-01 
 3.458818e+01  5.718868e-01 
 3.458850e+01  6.066493e-01 
 3.458882e+01  6.371227e-01 
 3.458915e+01  6.603981e-01 
 3.458947e+01  6.756848e-01 
 3.458979e+01  6.818727e-01 
 3.459012e+01  6.798276e-01 
 3.459044e+01  6.698779e-01 
 3.459076e+01  6.547192e-01 
 3.459109e+01  6.320042e-01 
 3.459141e+01  6.017751e-01 
 3.459173e+01  5.790820e-01 
 3.459205e+01  5.480491e-01 
 3.459238e+01  5.204941e-01 
 3.459270e+01  4.935449e-01 
 3.459302e+01  4.693010e-01 
 3.459335e+01  4.462170e-01 
 3.459367e+01  4.205803e-01 
 3.459399e+01  4.003068e-01 
 3.459432e+01  3.828184e-01 
 3.459464e+01  3.689650e-01 
 3.459496e+01  3.590698e-01 
 3.459528e+01  3.532123e-01 
 3.459561e+01  3.521115e-01 
 3.459593e+01  3.540696e-01 
 3.459625e+01  3.596573e-01 
 3.459658e+01  3.685530e-01 
 3.459690e+01  3.770729e-01 
 3.459722e+01  3.823126e-01 
 3.459755e+01  3.868654e-01 
 3.459787e+01  3.912260e-01 
 3.459819e+01  3.951754e-01 
 3.459851e+01  3.912900e-01 
 3.459884e+01  3.898938e-01 
 3.459916e+01  3.848737e-01 
 3.459948e+01  3.744256e-01 
 3.459981e+01  3.596194e-01 
 3.460013e+01  3.389712e-01 
 3.460045e+01  3.068700e-01 
 3.460078e+01  2.751709e-01 
 3.460110e+01  2.387421e-01 
 3.460142e+01  1.975961e-01 
 3.460174e+01  1.455803e-01 
 3.460207e+01  8.494449e-02 
 3.460239e+01  3.406577e-02 
 3.460271e+01 -6.320795e-02 
 3.460304e+01 -1.074447e-01 
 3.460336e+01 -1.469147e-01 
 3.460368e+01 -1.855838e-01 
 3.460401e+01 -2.183253e-01 
 3.460433e+01 -2.465812e-01 
 3.460465e+01 -2.685451e-01 
 3.460497e+01 -2.841407e-01 
 3.460530e+01 -2.937011e-01 
 3.460562e+01 -2.996771e-01 
 3.460594e+01 -3.016357e-01 
 3.460627e+01 -2.990065e-01 
 3.460659e+01 -2.918967e-01 
 3.460691e+01 -2.813005e-01 
 3.460724e+01 -2.680883e-01 
 3.460756e+01 -2.538519e-01 
 3.460788e+01 -2.370398e-01 
 3.460820e+01 -2.186782e-01 
 3.460853e+01 -1.992236e-01 
 3.460885e+01 -1.806515e-01 
 3.460917e+01 -1.665731e-01 
 3.460950e+01 -1.568904e-01 
 3.460982e+01 -1.529922e-01 
 3.461014e+01 -1.541668e-01 
 3.461046e+01 -1.603199e-01 
 3.461079e+01 -1.720258e-01 
 3.461111e+01 -1.877068e-01 
 3.461143e+01 -2.042317e-01 
 3.461176e+01 -2.215076e-01 
 3.461208e+01 -2.421384e-01 
 3.461240e+01 -2.685561e-01 
 3.461273e+01 -2.994331e-01 
 3.461305e+01 -3.201272e-01 
 3.461337e+01 -3.392867e-01 
 3.461369e+01 -3.615961e-01 
 3.461402e+01 -3.761630e-01 
 3.461434e+01 -3.889286e-01 
 3.461466e+01 -4.144263e-01 
 3.461499e+01 -4.185089e-01 
 3.461531e+01 -4.150932e-01 
 3.461563e+01 -4.048272e-01 
 3.461596e+01 -3.867995e-01 
 3.461628e+01 -3.618426e-01 
 3.461660e+01 -3.310085e-01 
 3.461692e+01 -2.958859e-01 
 3.461725e+01 -2.584118e-01 
 3.461757e+01 -2.208178e-01 
 3.461789e+01 -1.845610e-01 
 3.461822e+01 -1.486508e-01 
 3.461854e+01 -1.129312e-01 
 3.461886e+01 -7.778038e-02 
 3.461919e+01 -4.979943e-02 
 3.461951e+01 -2.052794e-02 
 3.461983e+01  4.527533e-03 
 3.462015e+01 -1.276319e-02 
 3.462048e+01  3.392188e-03 
 3.462080e+01  1.315440e-02 
 3.462112e+01  1.656813e-02 
 3.462145e+01  1.341072e-02 
 3.462177e+01  2.713361e-03 
 3.462209e+01 -1.763590e-02 
 3.462242e+01 -4.118721e-02 
 3.462274e+01 -7.455083e-02 
 3.462306e+01 -1.138584e-01 
 3.462338e+01 -1.432394e-01 
 3.462371e+01 -1.769873e-01 
 3.462403e+01 -2.012930e-01 
 3.462435e+01 -2.226844e-01 
 3.462468e+01 -2.400540e-01 
 3.462500e+01 -2.530271e-01 
 3.462532e+01 -2.601271e-01 
 3.462565e+01 -2.620799e-01 
 3.462597e+01 -2.601580e-01 
 3.462629e+01 -2.547223e-01 
 3.462661e+01 -2.475998e-01 
 3.462694e+01 -2.367115e-01 
 3.462726e+01 -2.221647e-01 
 3.462758e+01 -2.037388e-01 
 3.462791e+01 -1.828414e-01 
 3.462823e+01 -1.601635e-01 
 3.462855e+01 -1.360478e-01 
 3.462888e+01 -1.086413e-01 
 3.462920e+01 -8.117207e-02 
 3.462952e+01 -5.519415e-02 
 3.462984e+01 -3.275778e-02 
 3.463017e+01 -1.816993e-02 
 3.463049e+01 -3.530131e-03 
 3.463081e+01  6.608409e-03 
 3.463114e+01  1.039532e-02 
 3.463146e+01  9.069892e-03 
 3.463178e+01  8.994629e-04 
 3.463211e+01 -1.060307e-02 
 3.463243e+01 -2.395050e-02 
 3.463275e+01 -3.815072e-02 
 3.463307e+01 -5.806082e-02 
 3.463340e+01 -8.401807e-02 
 3.463372e+01 -1.033855e-01 
 3.463404e+01 -1.280625e-01 
 3.463437e+01 -1.444502e-01 
 3.463469e+01 -1.604762e-01 
 3.463501e+01 -1.737329e-01 
 3.463534e+01 -1.811904e-01 
 3.463566e+01 -1.842367e-01 
 3.463598e+01 -1.809123e-01 
 3.463630e+01 -1.713824e-01 
 3.463663e+01 -1.558236e-01 
 3.463695e+01 -1.347142e-01 
 3.463727e+01 -1.097563e-01 
 3.463760e+01 -7.868443e-02 
 3.463792e+01 -4.261624e-02 
 3.463824e+01 -6.066372e-03 
 3.463856e+01  3.090216e-02 
 3.463889e+01  6.738107e-02 
 3.463921e+01  9.158714e-02 
 3.463953e+01  1.232822e-01 
 3.463986e+01  1.515088e-01 
 3.464018e+01  1.772495e-01 
 3.464050e+01  1.949159e-01 
 3.464083e+01  2.095807e-01 
 3.464115e+01  2.291632e-01 
 3.464147e+01  2.462427e-01 
 3.464179e+01  2.611467e-01 
 3.464212e+01  2.707535e-01 
 3.464244e+01  2.718351e-01 
 3.464276e+01  2.655405e-01 
 3.464309e+01  2.500583e-01 
 3.464341e+01  2.280297e-01 
 3.464373e+01  2.077966e-01 
 3.464406e+01  1.802246e-01 
 3.464438e+01  1.556968e-01 
 3.464470e+01  9.877908e-02 
 3.464502e+01  7.518340e-02 
 3.464535e+01  5.355237e-02 
 3.464567e+01  3.442526e-02 
 3.464599e+01  1.978551e-02 
 3.464632e+01  6.629540e-03 
 3.464664e+01  2.678323e-04 
 3.464696e+01 -1.685494e-03 
 3.464729e+01 -8.638095e-04 
 3.464761e+01  4.122932e-03 
 3.464793e+01  1.684426e-02 
 3.464825e+01  3.242430e-02 
 3.464858e+01  4.401342e-02 
 3.464890e+01  5.297551e-02 
 3.464922e+01  5.967212e-02 
 3.464955e+01  6.735732e-02 
 3.464987e+01  7.324124e-02 
 3.465019e+01  7.631875e-02 
 3.465052e+01  7.660510e-02 
 3.465084e+01  7.534593e-02 
 3.465116e+01  7.291255e-02 
 3.465148e+01  7.093188e-02 
 3.465181e+01  6.862273e-02 
 3.465213e+01  6.529834e-02 
 3.465245e+01  6.053222e-02 
 3.465278e+01  5.744915e-02 
 3.465310e+01  5.831259e-02 
 3.465342e+01  6.168367e-02 
 3.465375e+01  6.712556e-02 
 3.465407e+01  7.571675e-02 
 3.465439e+01  8.491866e-02 
 3.465471e+01  9.596262e-02 
 3.465504e+01  1.073971e-01 
 3.465536e+01  1.173417e-01 
 3.465568e+01  1.001689e-01 
 3.465601e+01  8.032220e-02 
 3.465633e+01  5.958163e-02 
 3.465665e+01  4.076028e-02 
 3.465698e+01  2.259198e-02 
 3.465730e+01  5.022299e-03 
 3.465762e+01 -1.003727e-02 
 3.465794e+01 -2.046631e-02 
 3.465827e+01 -2.259205e-02 
 3.465859e+01 -2.122967e-02 
 3.465891e+01 -1.800841e-02 
 3.465924e+01 -1.358261e-02 
 3.465956e+01 -8.578378e-03 
 3.465988e+01 -5.481761e-03 
 3.466021e+01 -3.101389e-03 
 3.466053e+01 -4.736014e-03 
 3.466085e+01 -1.059199e-02 
 3.466117e+01 -1.814162e-02 
 3.466150e+01 -3.531663e-02 
 3.466182e+01 -5.135302e-02 
 3.466214e+01 -6.666293e-02 
 3.466247e+01 -8.494644e-02 
 3.466279e+01 -1.232155e-01 
 3.466311e+01 -1.312207e-01 
 3.466344e+01 -1.377282e-01 
 3.466376e+01 -1.353488e-01 
 3.466408e+01 -1.298362e-01 
 3.466440e+01 -1.225690e-01 
 3.466473e+01 -1.132816e-01 
 3.466505e+01 -1.036881e-01 
 3.466537e+01 -9.395305e-02 
 3.466570e+01 -8.654138e-02 
 3.466602e+01 -9.102932e-02 
 3.466634e+01 -1.451684e-01 
 3.466667e+01 -1.671376e-01 
 3.466699e+01 -1.839951e-01 
 3.466731e+01 -1.982450e-01 
 3.466763e+01 -2.149126e-01 
 3.466796e+01 -2.299855e-01 
 3.466828e+01 -2.285937e-01 
 3.466860e+01 -2.141399e-01 
 3.466893e+01 -1.910236e-01 
 3.466925e+01 -1.698302e-01 
 3.466957e+01 -1.376824e-01 
 3.466989e+01 -1.020271e-01 
 3.467022e+01 -7.124522e-02 
 3.467054e+01 -3.859902e-02 
 3.467086e+01 -9.393428e-03 
 3.467119e+01  1.137371e-02 
 3.467151e+01  2.882424e-02 
 3.467183e+01  4.214277e-02 
 3.467216e+01  5.388138e-02 
 3.467248e+01  5.778845e-02 
 3.467280e+01  6.035966e-02 
 3.467312e+01  6.065976e-02 
 3.467345e+01  6.355466e-02 
 3.467377e+01  6.641929e-02 
 3.467409e+01  7.145217e-02 
 3.467442e+01  7.236970e-02 
 3.467474e+01  7.195626e-02 
 3.467506e+01  6.260101e-02 
 3.467539e+01  5.095739e-02 
 3.467571e+01  1.245027e-02 
 3.467603e+01 -3.213014e-02 
 3.467635e+01 -7.757791e-02 
 3.467668e+01 -1.238493e-01 
 3.467700e+01 -1.687634e-01 
 3.467732e+01 -2.117707e-01 
 3.467765e+01 -2.476435e-01 
 3.467797e+01 -2.752073e-01 
 3.467829e+01 -3.051359e-01 
 3.467862e+01 -3.222109e-01 
 3.467894e+01 -3.234731e-01 
 3.467926e+01 -3.158627e-01 
 3.467958e+01 -3.065366e-01 
 3.467991e+01 -2.947056e-01 
 3.468023e+01 -2.818246e-01 
 3.468055e+01 -2.742262e-01 
 3.468088e+01 -2.669824e-01 
 3.468120e+01 -2.684531e-01 
 3.468152e+01 -2.713712e-01 
 3.468185e+01 -2.705858e-01 
 3.468217e+01 -2.749648e-01 
 3.468249e+01 -2.794508e-01 
 3.468281e+01 -2.824362e-01 
 3.468314e+01 -2.905905e-01 
 3.468346e+01 -2.771877e-01 
 3.468378e+01 -2.904330e-01 
 3.468411e+01 -3.003229e-01 
 3.468443e+01 -3.153605e-01 
 3.468475e+01 -3.314005e-01 
 3.468508e+01 -3.511423e-01 
 3.468540e+01 -3.700821e-01 
 3.468572e+01 -3.887915e-01 
 3.468604e+01 -4.065726e-01 
 3.468637e+01 -4.219733e-01 
 3.468669e+01 -4.364853e-01 
 3.468701e+01 -4.646237e-01 
 3.468734e+01 -5.005391e-01 
 3.468766e+01 -5.358769e-01 
 3.468798e+01 -5.706688e-01 
 3.468831e+01 -6.006896e-01 
 3.468863e+01 -6.262618e-01 
 3.468895e+01 -6.419534e-01 
 3.468927e+01 -6.471343e-01 
 3.468960e+01 -6.460500e-01 
 3.468992e+01 -6.385872e-01 
 3.469024e+01 -6.257096e-01 
 3.469057e+01 -6.064248e-01 
 3.469089e+01 -5.882586e-01 
 3.469121e+01 -5.717487e-01 
 3.469154e+01 -5.562897e-01 
 3.469186e+01 -5.447434e-01 
 3.469218e+01 -5.401382e-01 
 3.469250e+01 -5.361908e-01 
 3.469283e+01 -5.361053e-01 
 3.469315e+01 -5.397227e-01 
 3.469347e+01 -5.431413e-01 
 3.469380e+01 -5.441633e-01 
 3.469412e+01 -5.424408e-01 
 3.469444e+01 -5.346820e-01 
 3.469477e+01 -5.266459e-01 
 3.469509e+01 -5.167548e-01 
 3.469541e+01 -5.086984e-01 
 3.469573e+01 -5.005212e-01 
 3.469606e+01 -4.948025e-01 
 3.469638e+01 -4.976804e-01 
 3.469670e+01 -5.184748e-01 
 3.469703e+01 -5.562860e-01 
 3.469735e+01 -6.024327e-01 
 3.469767e+01 -6.368902e-01 
 3.469800e+01 -6.644208e-01 
 3.469832e+01 -6.852196e-01 
 3.469864e+01 -6.964672e-01 
 3.469896e+01 -7.004553e-01 
 3.469929e+01 -6.936807e-01 
 3.469961e+01 -6.780114e-01 
 3.469993e+01 -6.584071e-01 
 3.470026e+01 -6.356247e-01 
 3.470058e+01 -6.110747e-01 
 3.470090e+01 -5.901470e-01 
 3.470122e+01 -5.746341e-01 
 3.470155e+01 -5.607727e-01 
 3.470187e+01 -5.465683e-01 
 3.470219e+01 -5.375067e-01 
 3.470252e+01 -5.278455e-01 
 3.470284e+01 -5.174379e-01 
 3.470316e+01 -5.090896e-01 
 3.470349e+01 -5.014664e-01 
 3.470381e+01 -4.939293e-01 
 3.470413e+01 -4.876791e-01 
 3.470445e+01 -4.823004e-01 
 3.470478e+01 -4.818291e-01 
 3.470510e+01 -4.794332e-01 
 3.470542e+01 -4.774938e-01 
 3.470575e+01 -4.810303e-01 
 3.470607e+01 -5.072572e-01 
 3.470639e+01 -5.456902e-01 
 3.470672e+01 -5.895747e-01 
 3.470704e+01 -6.394954e-01 
 3.470736e+01 -6.775128e-01 
 3.470768e+01 -7.215979e-01 
 3.470801e+01 -7.540547e-01 
 3.470833e+01 -7.795304e-01 
 3.470865e+01 -8.001334e-01 
 3.470898e+01 -8.128231e-01 
 3.470930e+01 -8.186429e-01 
 3.470962e+01 -8.162832e-01 
 3.470995e+01 -8.054781e-01 
 3.471027e+01 -7.939344e-01 
 3.471059e+01 -7.738398e-01 
 3.471091e+01 -7.496800e-01 
 3.471124e+01 -7.214900e-01 
 3.471156e+01 -6.905397e-01 
 3.471188e+01 -6.632983e-01 
 3.471221e+01 -6.318630e-01 
 3.471253e+01 -5.997011e-01 
 3.471285e+01 -5.696075e-01 
 3.471318e+01 -5.376028e-01 
 3.471350e+01 -5.080091e-01 
 3.471382e+01 -4.823765e-01 
 3.471414e+01 -4.613918e-01 
 3.471447e+01 -4.438352e-01 
 3.471479e+01 -4.311264e-01 
 3.471511e+01 -4.247961e-01 
 3.471544e+01 -4.252713e-01 
 3.471576e+01 -4.366309e-01 
 3.471608e+01 -4.578421e-01 
 3.471641e+01 -4.804513e-01 
 3.471673e+01 -5.047856e-01 
 3.471705e+01 -5.429146e-01 
 3.471737e+01 -5.659711e-01 
 3.471770e+01 -5.881364e-01 
 3.471802e+01 -6.130092e-01 
 3.471834e+01 -6.264942e-01 
 3.471867e+01 -6.353972e-01 
 3.471899e+01 -6.393531e-01 
 3.471931e+01 -6.392691e-01 
 3.471964e+01 -6.335026e-01 
 3.471996e+01 -6.207654e-01 
 3.472028e+01 -6.035207e-01 
 3.472060e+01 -5.806232e-01 
 3.472093e+01 -5.542147e-01 
 3.472125e+01 -5.241200e-01 
 3.472157e+01 -4.907797e-01 
 3.472190e+01 -4.551920e-01 
 3.472222e+01 -4.188231e-01 
 3.472254e+01 -3.811843e-01 
 3.472287e+01 -3.470930e-01 
 3.472319e+01 -3.122214e-01 
 3.472351e+01 -2.781376e-01 
 3.472383e+01 -2.498833e-01 
 3.472416e+01 -2.253937e-01 
 3.472448e+01 -2.081066e-01 
 3.472480e+01 -2.027942e-01 
 3.472513e+01 -2.021195e-01 
 3.472545e+01 -2.129503e-01 
 3.472577e+01 -2.310958e-01 
 3.472610e+01 -2.564776e-01 
 3.472642e+01 -2.879781e-01 
 3.472674e+01 -3.217355e-01 
 3.472706e+01 -3.619794e-01 
 3.472739e+01 -4.053710e-01 
 3.472771e+01 -4.392608e-01 
 3.472803e+01 -4.735805e-01 
 3.472836e+01 -5.108378e-01 
 3.472868e+01 -5.394016e-01 
 3.472900e+01 -5.693545e-01 
 3.472932e+01 -5.919626e-01 
 3.472965e+01 -6.090223e-01 
 3.472997e+01 -6.218930e-01 
 3.473029e+01 -6.282608e-01 
 3.473062e+01 -6.310552e-01 
 3.473094e+01 -6.271182e-01 
 3.473126e+01 -6.200575e-01 
 3.473159e+01 -6.095663e-01 
 3.473191e+01 -5.937374e-01 
 3.473223e+01 -5.834395e-01 
 3.473255e+01 -5.582302e-01 
 3.473288e+01 -5.351300e-01 
 3.473320e+01 -5.133240e-01 
 3.473352e+01 -4.895549e-01 
 3.473385e+01 -4.687117e-01 
 3.473417e+01 -4.499230e-01 
 3.473449e+01 -4.360277e-01 
 3.473482e+01 -4.247715e-01 
 3.473514e+01 -4.223963e-01 
 3.473546e+01 -4.208553e-01 
 3.473578e+01 -4.271777e-01 
 3.473611e+01 -4.416952e-01 
 3.473643e+01 -4.627406e-01 
 3.473675e+01 -4.900970e-01 
 3.473708e+01 -5.194328e-01 
 3.473740e+01 -5.554557e-01 
 3.473772e+01 -5.964378e-01 
 3.473805e+01 -6.900105e-01 
 3.473837e+01 -7.253265e-01 
 3.473869e+01 -7.622044e-01 
 3.473901e+01 -7.886139e-01 
 3.473934e+01 -8.098818e-01 
 3.473966e+01 -8.273215e-01 
 3.473998e+01 -8.401421e-01 
 3.474031e+01 -8.496175e-01 
 3.474063e+01 -8.535568e-01 
 3.474095e+01 -8.531102e-01 
 3.474128e+01 -8.481498e-01 
 3.474160e+01 -8.414092e-01 
 3.474192e+01 -8.314535e-01 
 3.474224e+01 -8.160446e-01 
 3.474257e+01 -7.944772e-01 
 3.474289e+01 -7.682019e-01 
 3.474321e+01 -7.484853e-01 
 3.474354e+01 -7.174837e-01 
 3.474386e+01 -6.829036e-01 
 3.474418e+01 -6.503478e-01 
 3.474451e+01 -6.190161e-01 
 3.474483e+01 -5.921843e-01 
 3.474515e+01 -5.707962e-01 
 3.474547e+01 -5.614659e-01 
 3.474580e+01 -5.546156e-01 
 3.474612e+01 -5.530247e-01 
 3.474644e+01 -5.571332e-01 
 3.474677e+01 -5.662645e-01 
 3.474709e+01 -5.777933e-01 
 3.474741e+01 -5.864616e-01 
 3.474774e+01 -5.958092e-01 
 3.474806e+01 -6.138587e-01 
 3.474838e+01 -6.363577e-01 
 3.474870e+01 -6.520279e-01 
 3.474903e+01 -6.731134e-01 
 3.474935e+01 -6.824861e-01 
 3.474967e+01 -6.893069e-01 
 3.475000e+01 -6.962213e-01 
 3.475032e+01 -7.027832e-01 
 3.475064e+01 -7.025628e-01 
 3.475097e+01 -6.971935e-01 
 3.475129e+01 -6.863490e-01 
 3.475161e+01 -6.689614e-01 
 3.475193e+01 -6.475280e-01 
 3.475226e+01 -6.207872e-01 
 3.475258e+01 -5.913341e-01 
 3.475290e+01 -5.609192e-01 
 3.475323e+01 -5.362317e-01 
 3.475355e+01 -5.047327e-01 
 3.475387e+01 -4.760599e-01 
 3.475419e+01 -4.458759e-01 
 3.475452e+01 -4.172594e-01 
 3.475484e+01 -3.933614e-01 
 3.475516e+01 -3.687827e-01 
 3.475549e+01 -3.492939e-01 
 3.475581e+01 -3.348790e-01 
 3.475613e+01 -3.274027e-01 
 3.475646e+01 -3.274162e-01 
 3.475678e+01 -3.351999e-01 
 3.475710e+01 -3.516016e-01 
 3.475742e+01 -3.723151e-01 
 3.475775e+01 -3.976698e-01 
 3.475807e+01 -4.260174e-01 
 3.475839e+01 -4.697549e-01 
 3.475872e+01 -4.988358e-01 
 3.475904e+01 -5.252792e-01 
 3.475936e+01 -5.509801e-01 
 3.475969e+01 -5.684231e-01 
 3.476001e+01 -5.799092e-01 
 3.476033e+01 -5.880780e-01 
 3.476065e+01 -5.909078e-01 
 3.476098e+01 -5.859371e-01 
 3.476130e+01 -5.747076e-01 
 3.476162e+01 -5.602180e-01 
 3.476195e+01 -5.402621e-01 
 3.476227e+01 -5.163524e-01 
 3.476259e+01 -4.863628e-01 
 3.476292e+01 -4.522092e-01 
 3.476324e+01 -4.138111e-01 
 3.476356e+01 -3.744478e-01 
 3.476388e+01 -3.326652e-01 
 3.476421e+01 -2.940828e-01 
 3.476453e+01 -2.501435e-01 
 3.476485e+01 -2.042250e-01 
 3.476518e+01 -1.617717e-01 
 3.476550e+01 -1.268535e-01 
 3.476582e+01 -1.007314e-01 
 3.476615e+01 -7.968252e-02 
 3.476647e+01 -6.601394e-02 
 3.476679e+01 -6.217085e-02 
 3.476711e+01 -6.759934e-02 
 3.476744e+01 -7.977054e-02 
 3.476776e+01 -9.741721e-02 
 3.476808e+01 -1.171453e-01 
 3.476841e+01 -1.443644e-01 
 3.476873e+01 -1.764915e-01 
 3.476905e+01 -1.997888e-01 
 3.476938e+01 -2.270203e-01 
 3.476970e+01 -2.466861e-01 
 3.477002e+01 -2.614405e-01 
 3.477034e+01 -2.661722e-01 
 3.477067e+01 -2.648846e-01 
 3.477099e+01 -2.662200e-01 
 3.477131e+01 -2.561562e-01 
 3.477164e+01 -2.373169e-01 
 3.477196e+01 -2.144695e-01 
 3.477228e+01 -1.860945e-01 
 3.477261e+01 -1.517275e-01 
 3.477293e+01 -1.088026e-01 
 3.477325e+01 -6.153360e-02 
 3.477357e+01 -1.295173e-02 
 3.477390e+01  3.660828e-02 
 3.477422e+01  8.673598e-02 
 3.477454e+01  1.374566e-01 
 3.477487e+01  1.814708e-01 
 3.477519e+01  2.219830e-01 
 3.477551e+01  2.659231e-01 
 3.477584e+01  3.007761e-01 
 3.477616e+01  3.275533e-01 
 3.477648e+01  3.426638e-01 
 3.477680e+01  3.467072e-01 
 3.477713e+01  3.422010e-01 
 3.477745e+01  3.297755e-01 
 3.477777e+01  3.093139e-01 
 3.477810e+01  2.815045e-01 
 3.477842e+01  2.448549e-01 
 3.477874e+01  1.905107e-01 
 3.477907e+01  1.456283e-01 
 3.477939e+01  9.820494e-02 
 3.477971e+01  4.618641e-02 
 3.478003e+01  5.108148e-04 
 3.478036e+01 -4.006939e-02 
 3.478068e+01 -7.433283e-02 
 3.478100e+01 -1.098529e-01 
 3.478133e+01 -1.292956e-01 
 3.478165e+01 -1.568420e-01 
 3.478197e+01 -1.647062e-01 
 3.478230e+01 -1.606827e-01 
 3.478262e+01 -1.474714e-01 
 3.478294e+01 -1.266817e-01 
 3.478326e+01 -1.042175e-01 
 3.478359e+01 -7.704747e-02 
 3.478391e+01 -4.690011e-02 
 3.478423e+01 -1.182273e-02 
 3.478456e+01  2.197431e-02 
 3.478488e+01  5.904519e-02 
 3.478520e+01  9.556309e-02 
 3.478552e+01  1.316709e-01 
 3.478585e+01  1.639072e-01 
 3.478617e+01  1.851572e-01 
 3.478649e+01  1.949694e-01 
 3.478682e+01  2.009201e-01 
 3.478714e+01  1.974718e-01 
 3.478746e+01  1.833511e-01 
 3.478779e+01  1.361053e-01 
 3.478811e+01  1.053105e-01 
 3.478843e+01  6.816758e-02 
 3.478875e+01  2.613677e-02 
 3.478908e+01 -2.499127e-02 
 3.478940e+01 -8.228506e-02 
 3.478972e+01 -1.311068e-01 
 3.479005e+01 -1.851836e-01 
 3.479037e+01 -2.302514e-01 
 3.479069e+01 -2.709874e-01 
 3.479102e+01 -3.052620e-01 
 3.479134e+01 -3.314032e-01 
 3.479166e+01 -3.576804e-01 
 3.479198e+01 -3.672966e-01 
 3.479231e+01 -3.656744e-01 
 3.479263e+01 -3.555536e-01 
 3.479295e+01 -3.635390e-01 
 3.479328e+01 -3.443486e-01 
 3.479360e+01 -3.189208e-01 
 3.479392e+01 -2.846896e-01 
 3.479425e+01 -2.463738e-01 
 3.479457e+01 -2.078483e-01 
 3.479489e+01 -1.673201e-01 
 3.479521e+01 -1.246081e-01 
 3.479554e+01 -7.912654e-02 
 3.479586e+01 -3.559622e-02 
 3.479618e+01  7.748452e-03 
 3.479651e+01  4.429631e-02 
 3.479683e+01  7.172722e-02 
 3.479715e+01  9.000744e-02 
 3.479748e+01  9.480735e-02 
 3.479780e+01  8.783567e-02 
 3.479812e+01  7.501089e-02 
 3.479844e+01  5.178456e-02 
 3.479877e+01  2.169478e-02 
 3.479909e+01 -1.426147e-02 
 3.479941e+01 -5.424234e-02 
 3.479974e+01 -1.055145e-01 
 3.480006e+01 -1.408969e-01 
 3.480038e+01 -1.783068e-01 
 3.480071e+01 -2.065690e-01 
 3.480103e+01 -2.302431e-01 
 3.480135e+01 -2.484126e-01 
 3.480167e+01 -2.612932e-01 
 3.480200e+01 -2.741397e-01 
 3.480232e+01 -2.729825e-01 
 3.480264e+01 -2.649484e-01 
 3.480297e+01 -2.490963e-01 
 3.480329e+01 -2.236688e-01 
 3.480361e+01 -1.924943e-01 
 3.480394e+01 -1.539069e-01 
 3.480426e+01 -1.102990e-01 
 3.480458e+01 -6.306531e-02 
 3.480490e+01 -1.486976e-02 
 3.480523e+01  3.267640e-02 
 3.480555e+01  8.004543e-02 
 3.480587e+01  1.200432e-01 
 3.480620e+01  1.615112e-01 
 3.480652e+01  1.951899e-01 
 3.480684e+01  2.205510e-01 
 3.480717e+01  2.351595e-01 
 3.480749e+01  2.427597e-01 
 3.480781e+01  2.401343e-01 
 3.480813e+01  2.261288e-01 
 3.480846e+01  2.058046e-01 
 3.480878e+01  1.779010e-01 
 3.480910e+01  1.162260e-01 
 3.480943e+01  7.210087e-02 
 3.480975e+01  2.213787e-02 
 3.481007e+01 -4.110636e-02 
 3.481040e+01 -9.001575e-02 
 3.481072e+01 -1.429088e-01 
 3.481104e+01 -1.865674e-01 
 3.481136e+01 -2.247922e-01 
 3.481169e+01 -2.556408e-01 
 3.481201e+01 -2.782544e-01 
 3.481233e+01 -2.981728e-01 
 3.481266e+01 -3.172756e-01 
 3.481298e+01 -3.141459e-01 
 3.481330e+01 -3.030940e-01 
 3.481363e+01 -2.712925e-01 
 3.481395e+01 -2.277083e-01 
 3.481427e+01 -1.817436e-01 
 3.481459e+01 -1.336660e-01 
 3.481492e+01 -8.519357e-02 
 3.481524e+01 -3.343653e-02 
 3.481556e+01  1.994906e-02 
 3.481589e+01  7.615267e-02 
 3.481621e+01  1.299345e-01 
 3.481653e+01  1.814181e-01 
 3.481685e+01  2.220636e-01 
 3.481718e+01  2.580122e-01 
 3.481750e+01  2.801327e-01 
 3.481782e+01  2.973451e-01 
 3.481815e+01  3.055434e-01 
 3.481847e+01  3.036719e-01 
 3.481879e+01  2.919729e-01 
 3.481912e+01  2.704973e-01 
 3.481944e+01  2.392414e-01 
 3.481976e+01  1.994985e-01 
 3.482008e+01  1.576057e-01 
 3.482041e+01  9.999401e-02 
 3.482073e+01  5.277034e-02 
 3.482105e+01  2.060064e-04 
 3.482138e+01 -4.860133e-02 
 3.482170e+01 -8.982848e-02 
 3.482202e+01 -1.255743e-01 
 3.482235e+01 -1.525630e-01 
 3.482267e+01 -1.791885e-01 
 3.482299e+01 -2.002349e-01 
 3.482331e+01 -2.504386e-01 
 3.482364e+01 -2.432051e-01 
 3.482396e+01 -2.255800e-01 
 3.482428e+01 -1.900408e-01 
 3.482461e+01 -1.490155e-01 
 3.482493e+01 -1.066362e-01 
 3.482525e+01 -1.142314e-01 
 3.482558e+01 -6.881418e-02 
 3.482590e+01 -6.888315e-02 
 3.482622e+01 -1.933010e-02 
 3.482654e+01  2.810250e-02 
 3.482687e+01  7.496504e-02 
 3.482719e+01  1.159845e-01 
 3.482751e+01  1.511880e-01 
 3.482784e+01  1.804158e-01 
 3.482816e+01  2.035997e-01 
 3.482848e+01  2.220137e-01 
 3.482881e+01  2.302214e-01 
 3.482913e+01  2.297550e-01 
 3.482945e+01  2.210450e-01 
 3.482977e+01  2.062570e-01 
 3.483010e+01  1.820361e-01 
 3.483042e+01  1.469411e-01 
 3.483074e+01  1.002747e-01 
 3.483107e+01  4.578576e-02 
 3.483139e+01 -3.676919e-03 
 3.483171e+01 -5.418589e-02 
 3.483204e+01 -9.482293e-02 
 3.483236e+01 -1.293719e-01 
 3.483268e+01 -1.597758e-01 
 3.483300e+01 -1.866348e-01 
 3.483333e+01 -2.019701e-01 
 3.483365e+01 -2.369418e-01 
 3.483397e+01 -2.517274e-01 
 3.483430e+01 -2.488831e-01 
 3.483462e+01 -2.348826e-01 
 3.483494e+01 -2.180642e-01 
 3.483527e+01 -1.939968e-01 
 3.483559e+01 -1.672548e-01 
 3.483591e+01 -1.345606e-01 
 3.483623e+01 -9.949285e-02 
 3.483656e+01 -6.387016e-02 
 3.483688e+01 -3.081684e-02 
 3.483720e+01 -3.118841e-03 
 3.483753e+01  1.834290e-02 
 3.483785e+01  3.724323e-02 
 3.483817e+01  5.057723e-02 
 3.483850e+01  5.872368e-02 
 3.483882e+01  6.316653e-02 
 3.483914e+01  6.369618e-02 
 3.483946e+01  6.278720e-02 
 3.483979e+01  6.350664e-02 
 3.484011e+01  6.717160e-02 
 3.484043e+01  5.916459e-02 
 3.484076e+01  3.965002e-02 
 3.484108e+01  1.741010e-02 
 3.484140e+01 -1.969340e-02 
 3.484173e+01 -5.249274e-02 
 3.484205e+01 -9.428183e-02 
 3.484237e+01 -1.334718e-01 
 3.484269e+01 -1.771883e-01 
 3.484302e+01 -2.183408e-01 
 3.484334e+01 -2.584600e-01 
 3.484366e+01 -2.961426e-01 
 3.484399e+01 -3.601545e-01 
 3.484431e+01 -3.582399e-01 
 3.484463e+01 -3.509512e-01 
 3.484495e+01 -3.298873e-01 
 3.484528e+01 -2.914673e-01 
 3.484560e+01 -2.750868e-01 
 3.484592e+01 -2.289466e-01 
 3.484625e+01 -1.870883e-01 
 3.484657e+01 -1.541868e-01 
 3.484689e+01 -1.289107e-01 
 3.484722e+01 -1.101716e-01 
 3.484754e+01 -9.603590e-02 
 3.484786e+01 -8.598336e-02 
 3.484818e+01 -7.661592e-02 
 3.484851e+01 -6.212254e-02 
 3.484883e+01 -4.733882e-02 
 3.484915e+01 -3.342285e-02 
 3.484948e+01 -1.881729e-02 
 3.484980e+01 -4.080283e-03 
 3.485012e+01  1.104732e-02 
 3.485045e+01  2.639956e-02 
 3.485077e+01  4.181549e-02 
 3.485109e+01  5.791866e-02 
 3.485141e+01  7.599061e-02 
 3.485174e+01  6.800767e-02 
 3.485206e+01  5.995520e-02 
 3.485238e+01  3.308634e-02 
 3.485271e+01  1.177476e-02 
 3.485303e+01 -7.360892e-03 
 3.485335e+01 -2.692461e-02 
 3.485368e+01 -6.324710e-02 
 3.485400e+01 -1.387954e-01 
 3.485432e+01 -1.492206e-01 
 3.485464e+01 -1.489336e-01 
 3.485497e+01 -1.380876e-01 
 3.485529e+01 -1.209373e-01 
 3.485561e+01 -9.304655e-02 
 3.485594e+01 -5.354052e-02 
 3.485626e+01  7.395164e-03 
 3.485658e+01  7.287504e-02 
 3.485691e+01  1.356842e-01 
 3.485723e+01  1.827954e-01 
 3.485755e+01  2.169844e-01 
 3.485787e+01  2.441564e-01 
 3.485820e+01  2.634027e-01 
 3.485852e+01  2.740767e-01 
 3.485884e+01  2.765847e-01 
 3.485917e+01  2.754132e-01 
 3.485949e+01  2.696789e-01 
 3.485981e+01  2.652131e-01 
 3.486014e+01  2.609247e-01 
 3.486046e+01  2.619158e-01 
 3.486078e+01  2.584908e-01 
 3.486110e+01  2.604938e-01 
 3.486143e+01  2.704040e-01 
 3.486175e+01  2.835293e-01 
 3.486207e+01  2.969195e-01 
 3.486240e+01  3.113687e-01 
 3.486272e+01  3.211961e-01 
 3.486304e+01  3.307942e-01 
 3.486337e+01  3.303422e-01 
 3.486369e+01  3.223338e-01 
 3.486401e+01  2.728704e-01 
 3.486433e+01  2.091307e-01 
 3.486466e+01  1.884331e-01 
 3.486498e+01  1.708449e-01 
 3.486530e+01  1.496033e-01 
 3.486563e+01  1.309375e-01 
 3.486595e+01  1.180269e-01 
 3.486627e+01  1.115098e-01 
 3.486660e+01  1.162775e-01 
 3.486692e+01  1.320041e-01 
 3.486724e+01  1.540885e-01 
 3.486756e+01  1.831231e-01 
 3.486789e+01  2.162191e-01 
 3.486821e+01  2.468605e-01 
 3.486853e+01  2.745599e-01 
 3.486886e+01  2.972536e-01 
 3.486918e+01  3.112241e-01 
 3.486950e+01  3.187825e-01 
 3.486983e+01  3.196961e-01 
 3.487015e+01  3.192349e-01 
 3.487047e+01  3.171930e-01 
 3.487079e+01  3.149357e-01 
 3.487112e+01  3.096097e-01 
 3.487144e+01  3.014215e-01 
 3.487176e+01  2.895657e-01 
 3.487209e+01  2.762551e-01 
 3.487241e+01  2.640790e-01 
 3.487273e+01  2.505335e-01 
 3.487306e+01  2.499559e-01 
 3.487338e+01  2.280753e-01 
 3.487370e+01  2.094491e-01 
 3.487402e+01  1.853726e-01 
 3.487435e+01  1.733800e-01 
 3.487467e+01  1.949640e-01 
 3.487499e+01  2.444028e-01 
 3.487532e+01  2.285403e-01 
 3.487564e+01  2.115763e-01 
 3.487596e+01  1.985486e-01 
 3.487628e+01  1.901858e-01 
 3.487661e+01  1.767403e-01 
 3.487693e+01  1.585096e-01 
 3.487725e+01  1.385750e-01 
 3.487758e+01  1.172057e-01 
 3.487790e+01  9.722811e-02 
 3.487822e+01  7.301595e-02 
 3.487855e+01  4.737395e-02 
 3.487887e+01  2.668666e-02 
 3.487919e+01  9.831349e-03 
 3.487951e+01 -3.175945e-03 
 3.487984e+01 -1.418529e-02 
 3.488016e+01 -2.740197e-02 
 3.488048e+01 -4.208611e-02 
 3.488080e+01 -5.956870e-02 
 3.488113e+01 -8.091422e-02 
 3.488145e+01 -1.041954e-01 
 3.488177e+01 -1.322667e-01 
 3.488209e+01 -1.590561e-01 
 3.488241e+01 -1.820614e-01 
 3.488273e+01 -2.005104e-01 
 3.488305e+01 -2.078707e-01 
 3.488338e+01 -2.081974e-01 
 3.488370e+01 -1.733658e-01 
 3.488402e+01 -1.278029e-01 
 3.488435e+01 -8.434241e-02 
 3.488467e+01 -4.743503e-02 
 3.488499e+01 -1.432130e-02 
 3.488531e+01  1.230661e-02 
 3.488564e+01  5.057925e-02 
 3.488596e+01  1.111841e-01 
 3.488628e+01  1.044288e-01 
 3.488661e+01  9.046005e-02 
 3.488693e+01  8.239940e-02 
 3.488725e+01  6.687685e-02 
 3.488758e+01  4.645678e-02 
 3.488790e+01  2.211148e-02 
 3.488822e+01 -1.292867e-02 
 3.488854e+01 -5.305755e-02 
 3.488887e+01 -1.002991e-01 
 3.488919e+01 -1.700998e-01 
 3.488951e+01 -2.426519e-01 
 3.488984e+01 -3.108941e-01 
 3.489016e+01 -3.745710e-01 
 3.489048e+01 -4.374223e-01 
 3.489080e+01 -4.972541e-01 
 3.489113e+01 -5.558436e-01 
 3.489145e+01 -6.058822e-01 
 3.489177e+01 -6.486718e-01 
 3.489210e+01 -6.843227e-01 
 3.489242e+01 -7.115421e-01 
 3.489274e+01 -7.319190e-01 
 3.489307e+01 -7.419527e-01 
 3.489339e+01 -7.419670e-01 
 3.489371e+01 -7.368029e-01 
 3.489403e+01 -7.280348e-01 
 3.489436e+01 -7.170739e-01 
 3.489468e+01 -6.998180e-01 
 3.489500e+01 -6.775367e-01 
 3.489533e+01 -6.553403e-01 
 3.489565e+01 -6.356715e-01 
 3.489597e+01 -6.117947e-01 
 3.489630e+01 -5.835593e-01 
 3.489662e+01 -5.276107e-01 
 3.489694e+01 -4.518863e-01 
 3.489726e+01 -4.115462e-01 
 3.489759e+01 -4.010049e-01 
 3.489791e+01 -4.004363e-01 
 3.489823e+01 -4.050888e-01 
 3.489856e+01 -4.151795e-01 
 3.489888e+01 -4.332397e-01 
 3.489920e+01 -4.584271e-01 
 3.489953e+01 -4.942851e-01 
 3.489985e+01 -5.566729e-01 
 3.490017e+01 -6.315037e-01 
 3.490049e+01 -7.024892e-01 
 3.490082e+01 -7.686564e-01 
 3.490114e+01 -8.181688e-01 
 3.490146e+01 -8.617640e-01 
 3.490179e+01 -9.034993e-01 
 3.490211e+01 -9.453890e-01 
 3.490243e+01 -9.820455e-01 
 3.490276e+01 -1.009639e+00 
 3.490308e+01 -1.030868e+00 
 3.490340e+01 -1.050891e+00 
 3.490372e+01 -1.066610e+00 
 3.490405e+01 -1.077625e+00 
 3.490437e+01 -1.081481e+00 
 3.490469e+01 -1.071782e+00 
 3.490502e+01 -1.047817e+00 
 3.490534e+01 -1.013377e+00 
 3.490566e+01 -9.643225e-01 
 3.490599e+01 -9.320580e-01 
 3.490631e+01 -8.961498e-01 
 3.490663e+01 -8.177721e-01 
 3.490695e+01 -7.911709e-01 
 3.490728e+01 -7.676146e-01 
 3.490760e+01 -7.219908e-01 
 3.490792e+01 -6.690834e-01 
 3.490825e+01 -6.386814e-01 
 3.490857e+01 -6.342171e-01 
 3.490889e+01 -6.268977e-01 
 3.490922e+01 -6.099156e-01 
 3.490954e+01 -6.000723e-01 
 3.490986e+01 -5.936924e-01 
 3.491018e+01 -5.977722e-01 
 3.491051e+01 -6.202263e-01 
 3.491083e+01 -6.733097e-01 
 3.491115e+01 -7.423739e-01 
 3.491148e+01 -8.100200e-01 
 3.491180e+01 -8.613803e-01 
 3.491212e+01 -9.089189e-01 
 3.491245e+01 -9.548659e-01 
 3.491277e+01 -9.945928e-01 
 3.491309e+01 -1.023232e+00 
 3.491341e+01 -1.043740e+00 
 3.491374e+01 -1.053934e+00 
 3.491406e+01 -1.064481e+00 
 3.491438e+01 -1.076728e+00 
 3.491471e+01 -1.085001e+00 
 3.491503e+01 -1.089401e+00 
 3.491535e+01 -1.090051e+00 
 3.491568e+01 -1.086340e+00 
 3.491600e+01 -1.074470e+00 
 3.491632e+01 -1.003436e+00 
 3.491664e+01 -9.747648e-01 
 3.491697e+01 -9.444160e-01 
 3.491729e+01 -9.141959e-01 
 3.491761e+01 -8.827095e-01 
 3.491794e+01 -8.540962e-01 
 3.491826e+01 -8.266612e-01 
 3.491858e+01 -7.899336e-01 
 3.491891e+01 -7.591071e-01 
 3.491923e+01 -6.424782e-01 
 3.491955e+01 -6.361788e-01 
 3.491987e+01 -6.414120e-01 
 3.492020e+01 -6.298370e-01 
 3.492052e+01 -6.240768e-01 
 3.492084e+01 -6.135835e-01 
 3.492117e+01 -6.103615e-01 
 3.492149e+01 -6.233795e-01 
 3.492181e+01 -6.626129e-01 
 3.492214e+01 -7.123551e-01 
 3.492246e+01 -7.611246e-01 
 3.492278e+01 -8.087340e-01 
 3.492310e+01 -8.507014e-01 
 3.492342e+01 -8.961806e-01 
 3.492374e+01 -9.412203e-01 
 3.492406e+01 -9.777740e-01 
 3.492439e+01 -1.005945e+00 
 3.492471e+01 -1.020129e+00 
 3.492503e+01 -1.028003e+00 
 3.492535e+01 -1.037295e+00 
 3.492567e+01 -1.045715e+00 
 3.492600e+01 -1.049651e+00 
 3.492632e+01 -1.050449e+00 
 3.492664e+01 -1.047911e+00 
 3.492697e+01 -1.035558e+00 
 3.492729e+01 -1.017952e+00 
 3.492761e+01 -1.004276e+00 
 3.492793e+01 -9.802013e-01 
 3.492826e+01 -9.491290e-01 
 3.492858e+01 -9.145141e-01 
 3.492890e+01 -8.737578e-01 
 3.492923e+01 -8.071511e-01 
 3.492955e+01 -7.692104e-01 
 3.492987e+01 -7.132433e-01 
 3.493020e+01 -6.550601e-01 
 3.493052e+01 -6.097877e-01 
 3.493084e+01 -6.048878e-01 
 3.493116e+01 -5.994041e-01 
 3.493149e+01 -5.864154e-01 
 3.493181e+01 -5.764391e-01 
 3.493213e+01 -5.752533e-01 
 3.493245e+01 -5.914001e-01 
 3.493277e+01 -6.246147e-01 
 3.493310e+01 -6.646327e-01 
 3.493342e+01 -7.069519e-01 
 3.493374e+01 -7.383064e-01 
 3.493406e+01 -7.719132e-01 
 3.493438e+01 -8.049915e-01 
 3.493470e+01 -8.386515e-01 
 3.493503e+01 -8.668654e-01 
 3.493535e+01 -8.854233e-01 
 3.493567e+01 -8.971053e-01 
 3.493599e+01 -9.090020e-01 
 3.493632e+01 -9.242337e-01 
 3.493664e+01 -9.369841e-01 
 3.493696e+01 -9.467322e-01 
 3.493729e+01 -9.286136e-01 
 3.493761e+01 -9.324077e-01 
 3.493793e+01 -9.255636e-01 
 3.493826e+01 -9.269431e-01 
 3.493858e+01 -9.264209e-01 
 3.493890e+01 -8.928224e-01 
 3.493922e+01 -8.844807e-01 
 3.493954e+01 -8.666047e-01 
 3.493986e+01 -8.465688e-01 
 3.494018e+01 -8.222745e-01 
 3.494051e+01 -7.982573e-01 
 3.494083e+01 -7.776353e-01 
 3.494115e+01 -7.371978e-01 
 3.494147e+01 -7.306784e-01 
 3.494179e+01 -6.992163e-01 
 3.494211e+01 -6.864668e-01 
 3.494244e+01 -6.781078e-01 
 3.494276e+01 -6.874904e-01 
 3.494308e+01 -7.031072e-01 
 3.494340e+01 -7.308957e-01 
 3.494372e+01 -7.584936e-01 
 3.494404e+01 -7.515931e-01 
 3.494436e+01 -7.735466e-01 
 3.494469e+01 -7.995681e-01 
 3.494501e+01 -8.304267e-01 
 3.494533e+01 -8.576793e-01 
 3.494566e+01 -8.877683e-01 
 3.494598e+01 -9.196295e-01 
 3.494630e+01 -9.487046e-01 
 3.494662e+01 -9.780074e-01 
 3.494695e+01 -1.002053e+00 
 3.494727e+01 -1.018352e+00 
 3.494759e+01 -1.028279e+00 
 3.494792e+01 -1.037709e+00 
 3.494824e+01 -1.051644e+00 
 3.494856e+01 -1.064094e+00 
 3.494888e+01 -1.076746e+00 
 3.494920e+01 -1.072144e+00 
 3.494952e+01 -1.075149e+00 
 3.494985e+01 -1.080241e+00 
 3.495017e+01 -1.081791e+00 
 3.495049e+01 -1.081558e+00 
 3.495081e+01 -1.076925e+00 
 3.495113e+01 -1.067220e+00 
 3.495145e+01 -1.034370e+00 
 3.495177e+01 -1.017963e+00 
 3.495210e+01 -1.006625e+00 
 3.495242e+01 -1.001034e+00 
 3.495274e+01 -9.957887e-01 
 3.495306e+01 -9.718877e-01 
 3.495338e+01 -9.731500e-01 
 3.495370e+01 -9.698052e-01 
 3.495403e+01 -9.703325e-01 
 3.495435e+01 -9.757789e-01 
 3.495467e+01 -9.824584e-01 
 3.495499e+01 -1.006510e+00 
 3.495532e+01 -1.033359e+00 
 3.495564e+01 -1.052747e+00 
 3.495596e+01 -1.072614e+00 
 3.495628e+01 -1.095253e+00 
 3.495661e+01 -1.121744e+00 
 3.495693e+01 -1.150384e+00 
 3.495725e+01 -1.177962e+00 
 3.495758e+01 -1.204968e+00 
 3.495790e+01 -1.224346e+00 
 3.495822e+01 -1.240334e+00 
 3.495855e+01 -1.261698e+00 
 3.495887e+01 -1.282796e+00 
 3.495919e+01 -1.298659e+00 
 3.495951e+01 -1.297604e+00 
 3.495984e+01 -1.279706e+00 
 3.496016e+01 -1.280985e+00 
 3.496048e+01 -1.275859e+00 
 3.496081e+01 -1.278355e+00 
 3.496113e+01 -1.270071e+00 
 3.496145e+01 -1.262081e+00 
 3.496178e+01 -1.244193e+00 
 3.496210e+01 -1.226478e+00 
 3.496242e+01 -1.193478e+00 
 3.496274e+01 -1.165180e+00 
 3.496307e+01 -1.129717e+00 
 3.496339e+01 -1.101008e+00 
 3.496371e+01 -1.080915e+00 
 3.496404e+01 -1.065662e+00 
 3.496436e+01 -1.056547e+00 
 3.496468e+01 -1.050348e+00 
 3.496501e+01 -1.053167e+00 
 3.496533e+01 -1.054117e+00 
 3.496565e+01 -1.058611e+00 
 3.496597e+01 -1.053836e+00 
 3.496630e+01 -1.053654e+00 
 3.496662e+01 -1.051724e+00 
 3.496694e+01 -1.054218e+00 
 3.496727e+01 -1.068874e+00 
 3.496759e+01 -1.085958e+00 
 3.496791e+01 -1.111988e+00 
 3.496824e+01 -1.141019e+00 
 3.496856e+01 -1.177258e+00 
 3.496888e+01 -1.209068e+00 
 3.496920e+01 -1.244152e+00 
 3.496953e+01 -1.267551e+00 
 3.496985e+01 -1.288659e+00 
 3.497017e+01 -1.301396e+00 
 3.497050e+01 -1.310730e+00 
 3.497082e+01 -1.309744e+00 
 3.497114e+01 -1.312849e+00 
 3.497147e+01 -1.309639e+00 
 3.497179e+01 -1.307613e+00 
 3.497211e+01 -1.301044e+00 
 3.497243e+01 -1.295564e+00 
 3.497276e+01 -1.299920e+00 
 3.497308e+01 -1.301318e+00 
 3.497340e+01 -1.294798e+00 
 3.497373e+01 -1.287506e+00 
 3.497405e+01 -1.289126e+00 
 3.497437e+01 -1.278923e+00 
 3.497470e+01 -1.272674e+00 
 3.497502e+01 -1.264485e+00 
 3.497534e+01 -1.253520e+00 
 3.497566e+01 -1.251458e+00 
 3.497599e+01 -1.255308e+00 
 3.497631e+01 -1.259574e+00 
 3.497663e+01 -1.271244e+00 
 3.497696e+01 -1.285620e+00 
 3.497728e+01 -1.302677e+00 
 3.497760e+01 -1.322697e+00 
 3.497793e+01 -1.343539e+00 
 3.497825e+01 -1.358492e+00 
 3.497857e+01 -1.371902e+00 
 3.497889e+01 -1.389956e+00 
 3.497922e+01 -1.410227e+00 
 3.497954e+01 -1.423771e+00 
 3.497986e+01 -1.446522e+00 
 3.498019e+01 -1.468868e+00 
 3.498051e+01 -1.484403e+00 
 3.498083e+01 -1.499646e+00 
 3.498116e+01 -1.508826e+00 
 3.498148e+01 -1.516789e+00 
 3.498180e+01 -1.512266e+00 
 3.498212e+01 -1.499237e+00 
 3.498245e+01 -1.483608e+00 
 3.498277e+01 -1.466682e+00 
 3.498309e+01 -1.455390e+00 
 3.498342e+01 -1.434551e+00 
 3.498374e+01 -1.405984e+00 
 3.498406e+01 -1.391950e+00 
 3.498439e+01 -1.376520e+00 
 3.498471e+01 -1.347963e+00 
 3.498503e+01 -1.337705e+00 
 3.498535e+01 -1.323175e+00 
 3.498568e+01 -1.314414e+00 
 3.498600e+01 -1.306923e+00 
 3.498632e+01 -1.305063e+00 
 3.498665e+01 -1.309817e+00 
 3.498697e+01 -1.324605e+00 
 3.498729e+01 -1.344143e+00 
 3.498762e+01 -1.369083e+00 
 3.498794e+01 -1.389299e+00 
 3.498826e+01 -1.410392e+00 
 3.498858e+01 -1.430478e+00 
 3.498891e+01 -1.443798e+00 
 3.498923e+01 -1.462047e+00 
 3.498955e+01 -1.475982e+00 
 3.498988e+01 -1.493539e+00 
 3.499020e+01 -1.512841e+00 
 3.499052e+01 -1.534633e+00 
 3.499084e+01 -1.561651e+00 
 3.499117e+01 -1.586062e+00 
 3.499149e+01 -1.602096e+00 
 3.499181e+01 -1.602742e+00 
 3.499214e+01 -1.601313e+00 
 3.499246e+01 -1.593355e+00 
 3.499278e+01 -1.583212e+00 
 3.499311e+01 -1.568507e+00 
 3.499343e+01 -1.549300e+00 
 3.499375e+01 -1.526296e+00 
 3.499407e+01 -1.503893e+00 
 3.499440e+01 -1.478305e+00 
 3.499472e+01 -1.443137e+00 
 3.499504e+01 -1.426472e+00 
 3.499537e+01 -1.421342e+00 
 3.499569e+01 -1.411282e+00 
 3.499601e+01 -1.391188e+00 
 3.499634e+01 -1.385989e+00 
 3.499666e+01 -1.386098e+00 
 3.499698e+01 -1.374715e+00 
 3.499730e+01 -1.381976e+00 
 3.499763e+01 -1.387288e+00 
 3.499795e+01 -1.403212e+00 
 3.499827e+01 -1.427423e+00 
 3.499860e+01 -1.451887e+00 
 3.499892e+01 -1.486215e+00 
 3.499924e+01 -1.516422e+00 
 3.499957e+01 -1.559523e+00 
 3.499989e+01 -1.594039e+00 
 3.500021e+01 -1.624482e+00 
 3.500053e+01 -1.655605e+00 
 3.500086e+01 -1.687479e+00 
 3.500118e+01 -1.713802e+00 
 3.500150e+01 -1.741756e+00 
 3.500183e+01 -1.773441e+00 
 3.500215e+01 -1.796414e+00 
 3.500247e+01 -1.808986e+00 
 3.500280e+01 -1.815303e+00 
 3.500312e+01 -1.813272e+00 
 3.500344e+01 -1.812224e+00 
 3.500376e+01 -1.817893e+00 
 3.500409e+01 -1.797644e+00 
 3.500441e+01 -1.765999e+00 
 3.500473e+01 -1.731346e+00 
 3.500506e+01 -1.705876e+00 
 3.500538e+01 -1.662298e+00 
 3.500570e+01 -1.624662e+00 
 3.500603e+01 -1.604768e+00 
 3.500635e+01 -1.577842e+00 
 3.500667e+01 -1.557400e+00 
 3.500699e+01 -1.535143e+00 
 3.500732e+01 -1.509946e+00 
 3.500764e+01 -1.507202e+00 
 3.500796e+01 -1.491714e+00 
 3.500829e+01 -1.468844e+00 
 3.500861e+01 -1.463603e+00 
 3.500893e+01 -1.457365e+00 
 3.500926e+01 -1.465479e+00 
 3.500958e+01 -1.469560e+00 
 3.500990e+01 -1.494197e+00 
 3.501022e+01 -1.514767e+00 
 3.501055e+01 -1.537738e+00 
 3.501087e+01 -1.564050e+00 
 3.501119e+01 -1.594369e+00 
 3.501152e+01 -1.621856e+00 
 3.501184e+01 -1.648436e+00 
 3.501216e+01 -1.676837e+00 
 3.501249e+01 -1.700377e+00 
 3.501281e+01 -1.717835e+00 
 3.501313e+01 -1.729322e+00 
 3.501345e+01 -1.744997e+00 
 3.501378e+01 -1.739544e+00 
 3.501410e+01 -1.733299e+00 
 3.501442e+01 -1.723209e+00 
 3.501475e+01 -1.707014e+00 
 3.501507e+01 -1.682944e+00 
 3.501539e+01 -1.649334e+00 
 3.501572e+01 -1.619497e+00 
 3.501604e+01 -1.573875e+00 
 3.501636e+01 -1.540065e+00 
 3.501668e+01 -1.499083e+00 
 3.501701e+01 -1.461288e+00 
 3.501733e+01 -1.432264e+00 
 3.501765e+01 -1.403641e+00 
 3.501798e+01 -1.375862e+00 
 3.501830e+01 -1.349192e+00 
 3.501862e+01 -1.331892e+00 
 3.501895e+01 -1.314024e+00 
 3.501927e+01 -1.297402e+00 
 3.501959e+01 -1.278638e+00 
 3.501991e+01 -1.267968e+00 
 3.502024e+01 -1.268744e+00 
 3.502056e+01 -1.266307e+00 
 3.502088e+01 -1.269454e+00 
 3.502121e+01 -1.277733e+00 
 3.502153e+01 -1.298109e+00 
 3.502185e+01 -1.318190e+00 
 3.502217e+01 -1.335799e+00 
 3.502250e+01 -1.355571e+00 
 3.502282e+01 -1.366465e+00 
 3.502314e+01 -1.377832e+00 
 3.502347e+01 -1.386220e+00 
 3.502379e+01 -1.393985e+00 
 3.502411e+01 -1.398242e+00 
 3.502444e+01 -1.394939e+00 
 3.502476e+01 -1.388290e+00 
 3.502508e+01 -1.381584e+00 
 3.502540e+01 -1.364782e+00 
 3.502573e+01 -1.346050e+00 
 3.502605e+01 -1.318782e+00 
 3.502637e+01 -1.294165e+00 
 3.502670e+01 -1.257888e+00 
 3.502702e+01 -1.222063e+00 
 3.502734e+01 -1.173537e+00 
 3.502767e+01 -1.144949e+00 
 3.502799e+01 -1.110235e+00 
 3.502831e+01 -1.084712e+00 
 3.502863e+01 -1.064122e+00 
 3.502896e+01 -1.043527e+00 
 3.502928e+01 -1.029977e+00 
 3.502960e+01 -1.031607e+00 
 3.502993e+01 -1.022362e+00 
 3.503025e+01 -1.022227e+00 
 3.503057e+01 -1.020273e+00 
 3.503090e+01 -1.021868e+00 
 3.503122e+01 -1.023500e+00 
 3.503154e+01 -1.029395e+00 
 3.503186e+01 -1.035516e+00 
 3.503219e+01 -1.040418e+00 
 3.503251e+01 -1.040382e+00 
 3.503283e+01 -1.040856e+00 
 3.503316e+01 -1.041795e+00 
 3.503348e+01 -1.047316e+00 
 3.503380e+01 -1.054624e+00 
 3.503413e+01 -1.065351e+00 
 3.503445e+01 -1.074178e+00 
 3.503477e+01 -1.082423e+00 
 3.503509e+01 -1.083219e+00 
 3.503542e+01 -1.079263e+00 
 3.503574e+01 -1.066236e+00 
 3.503606e+01 -1.055939e+00 
 3.503639e+01 -1.037532e+00 
 3.503671e+01 -1.003718e+00 
 3.503703e+01 -9.623221e-01 
 3.503736e+01 -9.288376e-01 
 3.503768e+01 -8.957745e-01 
 3.503800e+01 -8.620288e-01 
 3.503832e+01 -8.304364e-01 
 3.503865e+01 -8.059562e-01 
 3.503897e+01 -7.864963e-01 
 3.503929e+01 -7.675573e-01 
 3.503962e+01 -7.495115e-01 
 3.503994e+01 -7.342085e-01 
 3.504026e+01 -7.144800e-01 
 3.504059e+01 -7.102003e-01 
 3.504091e+01 -7.043917e-01 
 3.504123e+01 -7.031606e-01 
 3.504155e+01 -7.014751e-01 
 3.504188e+01 -7.061645e-01 
 3.504220e+01 -7.165570e-01 
 3.504252e+01 -7.271365e-01 
 3.504285e+01 -7.356490e-01 
 3.504317e+01 -7.497725e-01 
 3.504349e+01 -7.634291e-01 
 3.504382e+01 -7.766225e-01 
 3.504414e+01 -7.883143e-01 
 3.504446e+01 -8.037041e-01 
 3.504478e+01 -8.148510e-01 
 3.504511e+01 -8.209038e-01 
 3.504543e+01 -8.204546e-01 
 3.504575e+01 -8.244236e-01 
 3.504608e+01 -8.247401e-01 
 3.504640e+01 -8.309242e-01 
 3.504672e+01 -8.298683e-01 
 3.504705e+01 -8.261126e-01 
 3.504737e+01 -8.259773e-01 
 3.504769e+01 -8.095593e-01 
 3.504801e+01 -7.992952e-01 
 3.504834e+01 -7.840330e-01 
 3.504866e+01 -7.692312e-01 
 3.504898e+01 -7.511872e-01 
 3.504931e+01 -7.321715e-01 
 3.504963e+01 -7.102524e-01 
 3.504995e+01 -6.958227e-01 
 3.505028e+01 -6.854712e-01 
 3.505060e+01 -6.723269e-01 
 3.505092e+01 -6.481905e-01 
 3.505124e+01 -6.489572e-01 
 3.505157e+01 -6.488778e-01 
 3.505189e+01 -6.580089e-01 
 3.505221e+01 -6.702843e-01 
 3.505254e+01 -6.864173e-01 
 3.505286e+01 -7.025492e-01 
 3.505318e+01 -7.188196e-01 
 3.505351e+01 -7.342581e-01 
 3.505383e+01 -7.596492e-01 
 3.505415e+01 -7.927063e-01 
 3.505447e+01 -8.295106e-01 
 3.505480e+01 -8.652801e-01 
 3.505512e+01 -9.009860e-01 
 3.505544e+01 -9.360608e-01 
 3.505577e+01 -9.715165e-01 
 3.505609e+01 -1.004267e+00 
 3.505641e+01 -1.030943e+00 
 3.505674e+01 -1.053464e+00 
 3.505706e+01 -1.073804e+00 
 3.505738e+01 -1.082195e+00 
 3.505770e+01 -1.088981e+00 
 3.505803e+01 -1.089737e+00 
 3.505835e+01 -1.082212e+00 
 3.505867e+01 -1.069059e+00 
 3.505900e+01 -1.048725e+00 
 3.505932e+01 -1.024272e+00 
 3.505964e+01 -9.956253e-01 
 3.505996e+01 -9.801457e-01 
 3.506029e+01 -9.618568e-01 
 3.506061e+01 -9.457898e-01 
 3.506093e+01 -9.331115e-01 
 3.506126e+01 -9.166081e-01 
 3.506158e+01 -9.034751e-01 
 3.506190e+01 -8.797866e-01 
 3.506223e+01 -8.640796e-01 
 3.506255e+01 -8.580840e-01 
 3.506287e+01 -8.592071e-01 
 3.506319e+01 -8.643318e-01 
 3.506352e+01 -8.762842e-01 
 3.506384e+01 -8.933400e-01 
 3.506416e+01 -9.171772e-01 
 3.506449e+01 -9.446375e-01 
 3.506481e+01 -9.739700e-01 
 3.506513e+01 -1.007052e+00 
 3.506546e+01 -1.035787e+00 
 3.506578e+01 -1.064703e+00 
 3.506610e+01 -1.094363e+00 
 3.506642e+01 -1.122820e+00 
 3.506675e+01 -1.151115e+00 
 3.506707e+01 -1.180832e+00 
 3.506739e+01 -1.208685e+00 
 3.506772e+01 -1.231564e+00 
 3.506804e+01 -1.248333e+00 
 3.506836e+01 -1.262837e+00 
 3.506869e+01 -1.276364e+00 
 3.506901e+01 -1.286393e+00 
 3.506933e+01 -1.283439e+00 
 3.506965e+01 -1.283315e+00 
 3.506998e+01 -1.279067e+00 
 3.507030e+01 -1.263864e+00 
 3.507062e+01 -1.252450e+00 
 3.507095e+01 -1.238189e+00 
 3.507127e+01 -1.221496e+00 
 3.507159e+01 -1.200139e+00 
 3.507192e+01 -1.184397e+00 
 3.507224e+01 -1.166867e+00 
 3.507256e+01 -1.153232e+00 
 3.507288e+01 -1.144602e+00 
 3.507321e+01 -1.146861e+00 
 3.507353e+01 -1.145940e+00 
 3.507385e+01 -1.144351e+00 
 3.507418e+01 -1.147345e+00 
 3.507450e+01 -1.153900e+00 
 3.507482e+01 -1.160313e+00 
 3.507515e+01 -1.166163e+00 
 3.507547e+01 -1.170592e+00 
 3.507579e+01 -1.174326e+00 
 3.507611e+01 -1.182367e+00 
 3.507644e+01 -1.195222e+00 
 3.507676e+01 -1.205459e+00 
 3.507708e+01 -1.214066e+00 
 3.507741e+01 -1.216989e+00 
 3.507773e+01 -1.231136e+00 
 3.507805e+01 -1.244699e+00 
 3.507838e+01 -1.260300e+00 
 3.507870e+01 -1.269950e+00 
 3.507902e+01 -1.288627e+00 
 3.507934e+01 -1.307553e+00 
 3.507967e+01 -1.327705e+00 
 3.507999e+01 -1.346891e+00 
 3.508031e+01 -1.349952e+00 
 3.508064e+01 -1.354634e+00 
 3.508096e+01 -1.358945e+00 
 3.508128e+01 -1.355907e+00 
 3.508161e+01 -1.353978e+00 
 3.508193e+01 -1.346098e+00 
 3.508225e+01 -1.339379e+00 
 3.508257e+01 -1.335598e+00 
 3.508290e+01 -1.333450e+00 
 3.508322e+01 -1.331888e+00 
 3.508354e+01 -1.322250e+00 
 3.508387e+01 -1.313794e+00 
 3.508419e+01 -1.309854e+00 
 3.508451e+01 -1.313619e+00 
 3.508484e+01 -1.319806e+00 
 3.508516e+01 -1.323400e+00 
 3.508548e+01 -1.322473e+00 
 3.508580e+01 -1.322643e+00 
 3.508613e+01 -1.315130e+00 
 3.508645e+01 -1.307313e+00 
 3.508677e+01 -1.297491e+00 
 3.508710e+01 -1.290201e+00 
 3.508742e+01 -1.284416e+00 
 3.508774e+01 -1.278789e+00 
 3.508807e+01 -1.276661e+00 
 3.508839e+01 -1.274873e+00 
 3.508871e+01 -1.273193e+00 
 3.508903e+01 -1.275060e+00 
 3.508936e+01 -1.277420e+00 
 3.508968e+01 -1.282826e+00 
 3.509000e+01 -1.292593e+00 
 3.509033e+01 -1.304814e+00 
 3.509065e+01 -1.320140e+00 
 3.509097e+01 -1.343738e+00 
 3.509130e+01 -1.372539e+00 
 3.509162e+01 -1.404533e+00 
 3.509194e+01 -1.437890e+00 
 3.509226e+01 -1.452578e+00 
 3.509259e+01 -1.457678e+00 
 3.509291e+01 -1.459992e+00 
 3.509323e+01 -1.458223e+00 
 3.509356e+01 -1.453462e+00 
 3.509388e+01 -1.443559e+00 
 3.509420e+01 -1.429637e+00 
 3.509453e+01 -1.417977e+00 
 3.509485e+01 -1.413363e+00 
 3.509517e+01 -1.416405e+00 
 3.509549e+01 -1.422749e+00 
 3.509582e+01 -1.435444e+00 
 3.509614e+01 -1.452475e+00 
 3.509646e+01 -1.468409e+00 
 3.509679e+01 -1.475188e+00 
 3.509711e+01 -1.481491e+00 
 3.509743e+01 -1.477935e+00 
 3.509775e+01 -1.464327e+00 
 3.509808e+01 -1.452794e+00 
 3.509840e+01 -1.437026e+00 
 3.509872e+01 -1.417564e+00 
 3.509905e+01 -1.404299e+00 
 3.509937e+01 -1.395932e+00 
 3.509969e+01 -1.390273e+00 
 3.510002e+01 -1.390572e+00 
 3.510034e+01 -1.398555e+00 
 3.510066e+01 -1.410174e+00 
 3.510098e+01 -1.420617e+00 
 3.510131e+01 -1.434920e+00 
 3.510163e+01 -1.449420e+00 
 3.510195e+01 -1.463020e+00 
 3.510228e+01 -1.474015e+00 
 3.510260e+01 -1.486301e+00 
 3.510292e+01 -1.499192e+00 
 3.510325e+01 -1.499756e+00 
 3.510357e+01 -1.486936e+00 
 3.510389e+01 -1.475757e+00 
 3.510421e+01 -1.465412e+00 
 3.510454e+01 -1.457913e+00 
 3.510486e+01 -1.451752e+00 
 3.510518e+01 -1.444830e+00 
 3.510551e+01 -1.438558e+00 
 3.510583e+01 -1.431932e+00 
 3.510615e+01 -1.426523e+00 
 3.510648e+01 -1.425042e+00 
 3.510680e+01 -1.429863e+00 
 3.510712e+01 -1.438097e+00 
 3.510744e+01 -1.443852e+00 
 3.510777e+01 -1.449173e+00 
 3.510809e+01 -1.454455e+00 
 3.510841e+01 -1.458063e+00 
 3.510874e+01 -1.460773e+00 
 3.510906e+01 -1.459242e+00 
 3.510938e+01 -1.453423e+00 
 3.510971e+01 -1.443827e+00 
 3.511003e+01 -1.430563e+00 
 3.511035e+01 -1.417520e+00 
 3.511067e+01 -1.404740e+00 
 3.511100e+01 -1.394059e+00 
 3.511132e+01 -1.385998e+00 
 3.511164e+01 -1.381580e+00 
 3.511197e+01 -1.378802e+00 
 3.511229e+01 -1.376980e+00 
 3.511261e+01 -1.374926e+00 
 3.511294e+01 -1.374604e+00 
 3.511326e+01 -1.374576e+00 
 3.511358e+01 -1.372581e+00 
 3.511390e+01 -1.367815e+00 
 3.511423e+01 -1.359628e+00 
 3.511455e+01 -1.343723e+00 
 3.511487e+01 -1.315267e+00 
 3.511520e+01 -1.290413e+00 
 3.511552e+01 -1.268606e+00 
 3.511584e+01 -1.248337e+00 
 3.511617e+01 -1.229557e+00 
 3.511649e+01 -1.212621e+00 
 3.511681e+01 -1.198685e+00 
 3.511713e+01 -1.187130e+00 
 3.511746e+01 -1.174197e+00 
 3.511778e+01 -1.162602e+00 
 3.511810e+01 -1.151155e+00 
 3.511843e+01 -1.141235e+00 
 3.511875e+01 -1.133696e+00 
 3.511907e+01 -1.124635e+00 
 3.511940e+01 -1.115518e+00 
 3.511972e+01 -1.105764e+00 
 3.512004e+01 -1.095019e+00 
 3.512036e+01 -1.083184e+00 
 3.512069e+01 -1.073860e+00 
 3.512101e+01 -1.066957e+00 
 3.512133e+01 -1.061378e+00 
 3.512166e+01 -1.050340e+00 
 3.512198e+01 -1.046929e+00 
 3.512230e+01 -1.040306e+00 
 3.512263e+01 -1.030232e+00 
 3.512295e+01 -1.019461e+00 
 3.512327e+01 -1.008162e+00 
 3.512359e+01 -9.955232e-01 
 3.512392e+01 -9.850575e-01 
 3.512424e+01 -9.740000e-01 
 3.512456e+01 -9.620573e-01 
 3.512489e+01 -9.496393e-01 
 3.512521e+01 -9.381774e-01 
 3.512553e+01 -9.268387e-01 
 3.512586e+01 -9.136233e-01 
 3.512618e+01 -8.987347e-01 
 3.512650e+01 -8.812942e-01 
 3.512682e+01 -8.604493e-01 
 3.512715e+01 -8.358716e-01 
 3.512747e+01 -8.095363e-01 
 3.512779e+01 -7.799207e-01 
 3.512812e+01 -7.491116e-01 
 3.512844e+01 -7.196220e-01 
 3.512876e+01 -6.918317e-01 
 3.512909e+01 -6.659562e-01 
 3.512941e+01 -6.450436e-01 
 3.512973e+01 -6.269655e-01 
 3.513005e+01 -6.108069e-01 
 3.513038e+01 -5.988192e-01 
 3.513070e+01 -5.894074e-01 
 3.513102e+01 -5.804730e-01 
 3.513135e+01 -5.714763e-01 
 3.513167e+01 -5.646225e-01 
 3.513199e+01 -5.600071e-01 
 3.513232e+01 -5.565374e-01 
 3.513264e+01 -5.548407e-01 
 3.513296e+01 -5.570355e-01 
 3.513328e+01 -5.627097e-01 
 3.513361e+01 -5.717886e-01 
 3.513393e+01 -5.842477e-01 
 3.513425e+01 -5.993074e-01 
 3.513458e+01 -6.132132e-01 
 3.513490e+01 -6.258305e-01 
 3.513522e+01 -6.366561e-01 
 3.513554e+01 -6.460923e-01 
 3.513587e+01 -6.533015e-01 
 3.513619e+01 -6.574196e-01 
 3.513651e+01 -6.602429e-01 
 3.513684e+01 -6.614466e-01 
 3.513716e+01 -6.615684e-01 
 3.513748e+01 -6.612079e-01 
 3.513781e+01 -6.624111e-01 
 3.513813e+01 -6.580882e-01 
 3.513845e+01 -6.514944e-01 
 3.513877e+01 -6.431687e-01 
 3.513910e+01 -6.338125e-01 
 3.513942e+01 -6.229790e-01 
 3.513974e+01 -6.116242e-01 
 3.514007e+01 -5.993665e-01 
 3.514039e+01 -5.869598e-01 
 3.514071e+01 -5.755231e-01 
 3.514104e+01 -5.672965e-01 
 3.514136e+01 -5.620471e-01 
 3.514168e+01 -5.602935e-01 
 3.514200e+01 -5.610663e-01 
 3.514233e+01 -5.615622e-01 
 3.514265e+01 -5.625770e-01 
 3.514297e+01 -5.629716e-01 
 3.514330e+01 -5.644684e-01 
 3.514362e+01 -5.695984e-01 
 3.514394e+01 -5.771325e-01 
 3.514427e+01 -5.887118e-01 
 3.514459e+01 -6.030559e-01 
 3.514491e+01 -6.180541e-01 
 3.514523e+01 -6.327894e-01 
 3.514556e+01 -6.452363e-01 
 3.514588e+01 -6.398207e-01 
 3.514620e+01 -6.293828e-01 
 3.514653e+01 -6.188748e-01 
 3.514685e+01 -6.080047e-01 
 3.514717e+01 -5.972592e-01 
 3.514750e+01 -5.870883e-01 
 3.514782e+01 -5.795220e-01 
 3.514814e+01 -5.770780e-01 
 3.514846e+01 -5.796775e-01 
 3.514879e+01 -5.874413e-01 
 3.514911e+01 -6.012757e-01 
 3.514943e+01 -6.205974e-01 
 3.514976e+01 -6.421512e-01 
 3.515008e+01 -6.648810e-01 
 3.515040e+01 -6.851822e-01 
 3.515073e+01 -7.028714e-01 
 3.515105e+01 -7.188022e-01 
 3.515137e+01 -7.333238e-01 
 3.515169e+01 -7.473921e-01 
 3.515202e+01 -7.640816e-01 
 3.515234e+01 -7.841900e-01 
 3.515266e+01 -8.061827e-01 
 3.515299e+01 -8.310251e-01 
 3.515331e+01 -8.565481e-01 
 3.515363e+01 -8.797850e-01 
 3.515396e+01 -8.990483e-01 
 3.515428e+01 -9.144467e-01 
 3.515460e+01 -9.259798e-01 
 3.515492e+01 -9.311925e-01 
 3.515525e+01 -9.304919e-01 
 3.515557e+01 -9.269918e-01 
 3.515589e+01 -9.110885e-01 
 3.515622e+01 -9.073737e-01 
 3.515654e+01 -9.072131e-01 
 3.515686e+01 -9.117422e-01 
 3.515719e+01 -9.203981e-01 
 3.515751e+01 -9.325610e-01 
 3.515783e+01 -9.489070e-01 
 3.515815e+01 -9.678200e-01 
 3.515848e+01 -9.874344e-01 
 3.515880e+01 -1.007123e+00 
 3.515912e+01 -1.027167e+00 
 3.515945e+01 -1.048206e+00 
 3.515977e+01 -1.070020e+00 
 3.516009e+01 -1.092570e+00 
 3.516042e+01 -1.117827e+00 
 3.516074e+01 -1.145006e+00 
 3.516106e+01 -1.175210e+00 
 3.516138e+01 -1.209091e+00 
 3.516171e+01 -1.244917e+00 
 3.516203e+01 -1.280907e+00 
 3.516235e+01 -1.313327e+00 
 3.516268e+01 -1.340111e+00 
 3.516300e+01 -1.360776e+00 
 3.516332e+01 -1.377062e+00 
 3.516365e+01 -1.389330e+00 
 3.516397e+01 -1.398794e+00 
 3.516429e+01 -1.405366e+00 
 3.516461e+01 -1.410573e+00 
 3.516494e+01 -1.414796e+00 
 3.516526e+01 -1.417905e+00 
 3.516558e+01 -1.420146e+00 
 3.516591e+01 -1.419876e+00 
 3.516623e+01 -1.417981e+00 
 3.516655e+01 -1.413992e+00 
 3.516688e+01 -1.407234e+00 
 3.516720e+01 -1.391664e+00 
 3.516752e+01 -1.379850e+00 
 3.516784e+01 -1.366268e+00 
 3.516817e+01 -1.353135e+00 
 3.516849e+01 -1.341716e+00 
 3.516881e+01 -1.332910e+00 
 3.516914e+01 -1.327493e+00 
 3.516946e+01 -1.326233e+00 
 3.516978e+01 -1.329094e+00 
 3.517011e+01 -1.335007e+00 
 3.517043e+01 -1.343098e+00 
 3.517075e+01 -1.350199e+00 
 3.517107e+01 -1.356465e+00 
 3.517140e+01 -1.361371e+00 
 3.517172e+01 -1.365580e+00 
 3.517204e+01 -1.369839e+00 
 3.517237e+01 -1.375345e+00 
 3.517269e+01 -1.382276e+00 
 3.517301e+01 -1.392026e+00 
 3.517333e+01 -1.402900e+00 
 3.517366e+01 -1.414646e+00 
 3.517398e+01 -1.427700e+00 
 3.517430e+01 -1.441621e+00 
 3.517463e+01 -1.454748e+00 
 3.517495e+01 -1.465665e+00 
 3.517527e+01 -1.473164e+00 
 3.517560e+01 -1.476561e+00 
 3.517592e+01 -1.475963e+00 
 3.517624e+01 -1.472041e+00 
 3.517656e+01 -1.465798e+00 
 3.517689e+01 -1.457435e+00 
 3.517721e+01 -1.449052e+00 
 3.517753e+01 -1.441334e+00 
 3.517786e+01 -1.426880e+00 
 3.517818e+01 -1.419397e+00 
 3.517850e+01 -1.412854e+00 
 3.517883e+01 -1.406933e+00 
 3.517915e+01 -1.400539e+00 
 3.517947e+01 -1.394144e+00 
 3.517979e+01 -1.387817e+00 
 3.518012e+01 -1.380734e+00 
 3.518044e+01 -1.374010e+00 
 3.518076e+01 -1.368721e+00 
 3.518109e+01 -1.364536e+00 
 3.518141e+01 -1.363304e+00 
 3.518173e+01 -1.366002e+00 
 3.518206e+01 -1.373922e+00 
 3.518238e+01 -1.386730e+00 
 3.518270e+01 -1.402196e+00 
 3.518302e+01 -1.418582e+00 
 3.518335e+01 -1.433744e+00 
 3.518367e+01 -1.447819e+00 
 3.518399e+01 -1.460700e+00 
 3.518432e+01 -1.473768e+00 
 3.518464e+01 -1.486101e+00 
 3.518496e+01 -1.497850e+00 
 3.518529e+01 -1.510579e+00 
 3.518561e+01 -1.524025e+00 
 3.518593e+01 -1.537209e+00 
 3.518625e+01 -1.551101e+00 
 3.518658e+01 -1.564323e+00 
 3.518690e+01 -1.576340e+00 
 3.518722e+01 -1.585710e+00 
 3.518755e+01 -1.592105e+00 
 3.518787e+01 -1.594442e+00 
 3.518819e+01 -1.591473e+00 
 3.518852e+01 -1.576114e+00 
 3.518884e+01 -1.563346e+00 
 3.518916e+01 -1.547150e+00 
 3.518948e+01 -1.527891e+00 
 3.518981e+01 -1.509414e+00 
 3.519013e+01 -1.492277e+00 
 3.519045e+01 -1.477757e+00 
 3.519078e+01 -1.466640e+00 
 3.519110e+01 -1.458242e+00 
 3.519142e+01 -1.446105e+00 
 3.519175e+01 -1.439913e+00 
 3.519207e+01 -1.434199e+00 
 3.519239e+01 -1.428691e+00 
 3.519271e+01 -1.423968e+00 
 3.519304e+01 -1.419870e+00 
 3.519336e+01 -1.414858e+00 
 3.519368e+01 -1.410175e+00 
 3.519401e+01 -1.407251e+00 
 3.519433e+01 -1.407119e+00 
 3.519465e+01 -1.410049e+00 
 3.519498e+01 -1.415087e+00 
 3.519530e+01 -1.421533e+00 
 3.519562e+01 -1.428844e+00 
 3.519594e+01 -1.435591e+00 
 3.519627e+01 -1.440019e+00 
 3.519659e+01 -1.441632e+00 
 3.519691e+01 -1.428914e+00 
 3.519724e+01 -1.428612e+00 
 3.519756e+01 -1.426732e+00 
 3.519788e+01 -1.423881e+00 
 3.519821e+01 -1.420279e+00 
 3.519853e+01 -1.411389e+00 
 3.519885e+01 -1.408972e+00 
 3.519917e+01 -1.406716e+00 
 3.519950e+01 -1.402216e+00 
 3.519982e+01 -1.396468e+00 
 3.520014e+01 -1.374623e+00 
 3.520047e+01 -1.369614e+00 
 3.520079e+01 -1.362870e+00 
 3.520111e+01 -1.356519e+00 
 3.520144e+01 -1.350979e+00 
 3.520176e+01 -1.347290e+00 
 3.520208e+01 -1.345989e+00 
 3.520240e+01 -1.351024e+00 
 3.520273e+01 -1.360205e+00 
 3.520305e+01 -1.371445e+00 
 3.520337e+01 -1.381609e+00 
 3.520370e+01 -1.393482e+00 
 3.520402e+01 -1.403483e+00 
 3.520434e+01 -1.411305e+00 
 3.520467e+01 -1.419260e+00 
 3.520499e+01 -1.425755e+00 
 3.520531e+01 -1.430658e+00 
 3.520563e+01 -1.436904e+00 
 3.520596e+01 -1.444306e+00 
 3.520628e+01 -1.451519e+00 
 3.520660e+01 -1.458833e+00 
 3.520693e+01 -1.466902e+00 
 3.520725e+01 -1.474982e+00 
 3.520757e+01 -1.482009e+00 
 3.520790e+01 -1.486596e+00 
 3.520822e+01 -1.488651e+00 
 3.520854e+01 -1.485695e+00 
 3.520886e+01 -1.477504e+00 
 3.520919e+01 -1.468290e+00 
 3.520951e+01 -1.457315e+00 
 3.520983e+01 -1.446770e+00 
 3.521016e+01 -1.439555e+00 
 3.521048e+01 -1.435666e+00 
 3.521080e+01 -1.435366e+00 
 3.521112e+01 -1.437377e+00 
 3.521145e+01 -1.439960e+00 
 3.521177e+01 -1.442062e+00 
 3.521209e+01 -1.442571e+00 
 3.521242e+01 -1.443310e+00 
 3.521274e+01 -1.443082e+00 
 3.521306e+01 -1.438219e+00 
 3.521339e+01 -1.438028e+00 
 3.521371e+01 -1.439850e+00 
 3.521403e+01 -1.443527e+00 
 3.521435e+01 -1.449617e+00 
 3.521468e+01 -1.459568e+00 
 3.521500e+01 -1.472918e+00 
 3.521532e+01 -1.486586e+00 
 3.521565e+01 -1.499609e+00 
 3.521597e+01 -1.510047e+00 
 3.521629e+01 -1.517084e+00 
 3.521662e+01 -1.521104e+00 
 3.521694e+01 -1.522188e+00 
 3.521726e+01 -1.521130e+00 
 3.521758e+01 -1.518995e+00 
 3.521791e+01 -1.515970e+00 
 3.521823e+01 -1.512587e+00 
 3.521855e+01 -1.508713e+00 
 3.521888e+01 -1.506145e+00 
 3.521920e+01 -1.502422e+00 
 3.521952e+01 -1.498768e+00 
 3.521985e+01 -1.491382e+00 
 3.522017e+01 -1.479682e+00 
 3.522049e+01 -1.465630e+00 
 3.522081e+01 -1.450196e+00 
 3.522114e+01 -1.430072e+00 
 3.522146e+01 -1.409323e+00 
 3.522178e+01 -1.388933e+00 
 3.522211e+01 -1.372269e+00 
 3.522243e+01 -1.360055e+00 
 3.522275e+01 -1.351880e+00 
 3.522308e+01 -1.347384e+00 
 3.522340e+01 -1.343391e+00 
 3.522372e+01 -1.338884e+00 
 3.522404e+01 -1.335462e+00 
 3.522437e+01 -1.331591e+00 
 3.522469e+01 -1.327114e+00 
 3.522501e+01 -1.323523e+00 
 3.522534e+01 -1.321934e+00 
 3.522566e+01 -1.323910e+00 
 3.522598e+01 -1.328394e+00 
 3.522631e+01 -1.335624e+00 
 3.522663e+01 -1.346478e+00 
 3.522695e+01 -1.327741e+00 
 3.522727e+01 -1.343692e+00 
 3.522760e+01 -1.362066e+00 
 3.522792e+01 -1.379646e+00 
 3.522824e+01 -1.394673e+00 
 3.522857e+01 -1.407910e+00 
 3.522889e+01 -1.418610e+00 
 3.522921e+01 -1.426425e+00 
 3.522954e+01 -1.431883e+00 
 3.522986e+01 -1.434151e+00 
 3.523018e+01 -1.439472e+00 
 3.523050e+01 -1.444921e+00 
 3.523083e+01 -1.451120e+00 
 3.523115e+01 -1.457509e+00 
 3.523147e+01 -1.462222e+00 
 3.523180e+01 -1.464544e+00 
 3.523212e+01 -1.463039e+00 
 3.523244e+01 -1.461033e+00 
 3.523277e+01 -1.457736e+00 
 3.523309e+01 -1.450396e+00 
 3.523341e+01 -1.443128e+00 
 3.523373e+01 -1.435928e+00 
 3.523406e+01 -1.429557e+00 
 3.523438e+01 -1.424185e+00 
 3.523470e+01 -1.421415e+00 
 3.523503e+01 -1.422010e+00 
 3.523535e+01 -1.426375e+00 
 3.523567e+01 -1.430560e+00 
 3.523600e+01 -1.441393e+00 
 3.523632e+01 -1.454814e+00 
 3.523664e+01 -1.469952e+00 
 3.523696e+01 -1.484197e+00 
 3.523729e+01 -1.499087e+00 
 3.523761e+01 -1.513967e+00 
 3.523793e+01 -1.528444e+00 
 3.523826e+01 -1.537004e+00 
 3.523858e+01 -1.550934e+00 
 3.523890e+01 -1.565103e+00 
 3.523923e+01 -1.579281e+00 
 3.523955e+01 -1.595638e+00 
 3.523987e+01 -1.612609e+00 
 3.524019e+01 -1.629568e+00 
 3.524052e+01 -1.645625e+00 
 3.524084e+01 -1.660369e+00 
 3.524116e+01 -1.671104e+00 
 3.524149e+01 -1.677939e+00 
 3.524181e+01 -1.679230e+00 
 3.524213e+01 -1.676552e+00 
 3.524246e+01 -1.664536e+00 
 3.524278e+01 -1.658551e+00 
 3.524310e+01 -1.652132e+00 
 3.524342e+01 -1.645490e+00 
 3.524375e+01 -1.639062e+00 
 3.524407e+01 -1.632114e+00 
 3.524439e+01 -1.625153e+00 
 3.524472e+01 -1.618905e+00 
 3.524504e+01 -1.613055e+00 
 3.524536e+01 -1.608788e+00 
 3.524568e+01 -1.603449e+00 
 3.524601e+01 -1.598251e+00 
 3.524633e+01 -1.592217e+00 
 3.524665e+01 -1.586873e+00 
 3.524698e+01 -1.583163e+00 
 3.524730e+01 -1.566302e+00 
 3.524762e+01 -1.569505e+00 
 3.524795e+01 -1.575282e+00 
 3.524827e+01 -1.574990e+00 
 3.524859e+01 -1.582203e+00 
 3.524891e+01 -1.588044e+00 
 3.524924e+01 -1.592026e+00 
 3.524956e+01 -1.595429e+00 
 3.524988e+01 -1.596731e+00 
 3.525021e+01 -1.596357e+00 
 3.525053e+01 -1.595833e+00 
 3.525085e+01 -1.596283e+00 
 3.525118e+01 -1.597843e+00 
 3.525150e+01 -1.601543e+00 
 3.525182e+01 -1.608453e+00 
 3.525214e+01 -1.618113e+00 
 3.525247e+01 -1.631219e+00 
 3.525279e+01 -1.646829e+00 
 3.525311e+01 -1.664146e+00 
 3.525344e+01 -1.680871e+00 
 3.525376e+01 -1.696369e+00 
 3.525408e+01 -1.707601e+00 
 3.525441e+01 -1.707641e+00 
 3.525473e+01 -1.704884e+00 
 3.525505e+01 -1.701867e+00 
 3.525537e+01 -1.698114e+00 
 3.525570e+01 -1.692131e+00 
 3.525602e+01 -1.689546e+00 
 3.525634e+01 -1.688722e+00 
 3.525667e+01 -1.689515e+00 
 3.525699e+01 -1.691084e+00 
 3.525731e+01 -1.693113e+00 
 3.525764e+01 -1.694043e+00 
 3.525796e+01 -1.693071e+00 
 3.525828e+01 -1.690027e+00 
 3.525860e+01 -1.685280e+00 
 3.525893e+01 -1.678806e+00 
 3.525925e+01 -1.670965e+00 
 3.525957e+01 -1.657266e+00 
 3.525990e+01 -1.649689e+00 
 3.526022e+01 -1.642965e+00 
 3.526054e+01 -1.637166e+00 
 3.526087e+01 -1.632020e+00 
 3.526119e+01 -1.625606e+00 
 3.526151e+01 -1.623282e+00 
 3.526183e+01 -1.620811e+00 
 3.526216e+01 -1.618373e+00 
 3.526248e+01 -1.615482e+00 
 3.526280e+01 -1.614689e+00 
 3.526313e+01 -1.616316e+00 
 3.526345e+01 -1.619995e+00 
 3.526377e+01 -1.624679e+00 
 3.526410e+01 -1.629471e+00 
 3.526442e+01 -1.634532e+00 
 3.526474e+01 -1.639322e+00 
 3.526506e+01 -1.643089e+00 
 3.526539e+01 -1.651175e+00 
 3.526571e+01 -1.654540e+00 
 3.526603e+01 -1.655857e+00 
 3.526636e+01 -1.654145e+00 
 3.526668e+01 -1.648925e+00 
 3.526700e+01 -1.640826e+00 
 3.526733e+01 -1.628651e+00 
 3.526765e+01 -1.613971e+00 
 3.526797e+01 -1.598257e+00 
 3.526829e+01 -1.581626e+00 
 3.526862e+01 -1.563832e+00 
 3.526894e+01 -1.544870e+00 
 3.526926e+01 -1.525236e+00 
 3.526959e+01 -1.504079e+00 
 3.526991e+01 -1.480955e+00 
 3.527023e+01 -1.456634e+00 
 3.527056e+01 -1.431602e+00 
 3.527088e+01 -1.405818e+00 
 3.527120e+01 -1.379140e+00 
 3.527152e+01 -1.353433e+00 
 3.527185e+01 -1.329115e+00 
 3.527217e+01 -1.305179e+00 
 3.527249e+01 -1.281320e+00 
 3.527282e+01 -1.259196e+00 
 3.527314e+01 -1.238875e+00 
 3.527346e+01 -1.219888e+00 
 3.527379e+01 -1.201681e+00 
 3.527411e+01 -1.184698e+00 
 3.527443e+01 -1.168301e+00 
 3.527475e+01 -1.152765e+00 
 3.527508e+01 -1.138138e+00 
 3.527540e+01 -1.124984e+00 
 3.527572e+01 -1.118484e+00 
 3.527605e+01 -1.104895e+00 
 3.527637e+01 -1.091237e+00 
 3.527669e+01 -1.077904e+00 
 3.527702e+01 -1.065266e+00 
 3.527734e+01 -1.051329e+00 
 3.527766e+01 -1.036221e+00 
 3.527798e+01 -1.019203e+00 
 3.527831e+01 -1.002960e+00 
 3.527863e+01 -9.872942e-01 
 3.527895e+01 -9.712268e-01 
 3.527928e+01 -9.546583e-01 
 3.527960e+01 -9.380595e-01 
 3.527992e+01 -9.208535e-01 
 3.528025e+01 -9.044168e-01 
 3.528057e+01 -8.888593e-01 
 3.528089e+01 -8.740898e-01 
 3.528121e+01 -8.586024e-01 
 3.528154e+01 -8.434983e-01 
 3.528186e+01 -8.290985e-01 
 3.528218e+01 -8.139343e-01 
 3.528251e+01 -7.973840e-01 
 3.528283e+01 -7.809681e-01 
 3.528315e+01 -7.664901e-01 
 3.528348e+01 -7.547428e-01 
 3.528380e+01 -7.447545e-01 
 3.528412e+01 -7.351333e-01 
 3.528444e+01 -7.258542e-01 
 3.528477e+01 -7.154773e-01 
 3.528509e+01 -7.043558e-01 
 3.528541e+01 -6.962678e-01 
 3.528574e+01 -6.853499e-01 
 3.528606e+01 -6.749859e-01 
 3.528638e+01 -6.699242e-01 
 3.528670e+01 -6.566645e-01 
 3.528703e+01 -6.430844e-01 
 3.528735e+01 -6.274579e-01 
 3.528767e+01 -6.118915e-01 
 3.528800e+01 -5.967757e-01 
 3.528832e+01 -5.831744e-01 
 3.528864e+01 -5.701305e-01 
 3.528897e+01 -5.562862e-01 
 3.528929e+01 -5.420536e-01 
 3.528961e+01 -5.264229e-01 
 3.528993e+01 -5.078488e-01 
 3.529026e+01 -4.872141e-01 
 3.529058e+01 -4.654125e-01 
 3.529090e+01 -4.439272e-01 
 3.529123e+01 -4.220165e-01 
 3.529155e+01 -3.999962e-01 
 3.529187e+01 -3.798378e-01 
 3.529220e+01 -3.605734e-01 
 3.529252e+01 -3.419437e-01 
 3.529284e+01 -3.240991e-01 
 3.529316e+01 -3.080585e-01 
 3.529349e+01 -2.941423e-01 
 3.529381e+01 -2.811157e-01 
 3.529413e+01 -2.677336e-01 
 3.529446e+01 -2.543712e-01 
 3.529478e+01 -2.409181e-01 
 3.529510e+01 -2.278502e-01 
 3.529543e+01 -2.151894e-01 
 3.529575e+01 -2.033510e-01 
 3.529607e+01 -1.933888e-01 
 3.529639e+01 -1.835046e-01 
 3.529672e+01 -1.823784e-01 
 3.529704e+01 -1.754876e-01 
 3.529736e+01 -1.733850e-01 
 3.529769e+01 -1.646417e-01 
 3.529801e+01 -1.549407e-01 
 3.529833e+01 -1.442540e-01 
 3.529866e+01 -1.319037e-01 
 3.529898e+01 -1.188021e-01 
 3.529930e+01 -1.046697e-01 
 3.529962e+01 -8.842070e-02 
 3.529995e+01 -7.199962e-02 
 3.530027e+01 -5.545237e-02 
 3.530059e+01 -3.828291e-02 
 3.530092e+01 -2.170358e-02 
 3.530124e+01 -5.983549e-03 
 3.530156e+01  9.058463e-03 
 3.530189e+01  2.304818e-02 
 3.530221e+01  3.734552e-02 
 3.530253e+01  5.299370e-02 
 3.530285e+01  6.906122e-02 
 3.530318e+01  8.441418e-02 
 3.530350e+01  9.688316e-02 
 3.530382e+01  1.002880e-01 
 3.530415e+01  1.079069e-01 
 3.530447e+01  1.080135e-01 
 3.530479e+01  1.103585e-01 
 3.530512e+01  1.099882e-01 
 3.530544e+01  1.082956e-01 
 3.530576e+01  7.418634e-02 
 3.530608e+01  6.843082e-02 
 3.530641e+01  6.124985e-02 
 3.530673e+01  5.271521e-02 
 3.530705e+01  3.705628e-02 
 3.530738e+01  2.887129e-02 
 3.530770e+01  2.099687e-02 
 3.530802e+01  1.148486e-02 
 3.530835e+01  1.185647e-03 
 3.530867e+01 -8.622046e-03 
 3.530899e+01 -1.923997e-02 
 3.530931e+01 -3.278246e-02 
 3.530964e+01 -4.416445e-02 
 3.530996e+01 -5.576377e-02 
 3.531028e+01 -6.506475e-02 
 3.531061e+01 -7.265532e-02 
 3.531093e+01 -7.891291e-02 
 3.531125e+01 -8.338085e-02 
 3.531158e+01 -8.845108e-02 
 3.531190e+01 -9.199391e-02 
 3.531222e+01 -9.482617e-02 
 3.531254e+01 -9.688282e-02 
 3.531287e+01 -9.687025e-02 
 3.531319e+01 -9.674317e-02 
 3.531351e+01 -9.815590e-02 
 3.531384e+01 -1.026359e-01 
 3.531416e+01 -1.091643e-01 
 3.531448e+01 -1.185026e-01 
 3.531481e+01 -1.249597e-01 
 3.531513e+01 -1.326405e-01 
 3.531545e+01 -1.404694e-01 
 3.531577e+01 -1.484340e-01 
 3.531610e+01 -1.562432e-01 
 3.531642e+01 -1.649091e-01 
 3.531674e+01 -1.746261e-01 
 3.531707e+01 -1.843752e-01 
 3.531739e+01 -1.950047e-01 
 3.531771e+01 -2.083337e-01 
 3.531803e+01 -2.202497e-01 
 3.531836e+01 -2.618329e-01 
 3.531868e+01 -2.733872e-01 
 3.531900e+01 -2.895558e-01 
 3.531933e+01 -2.981789e-01 
 3.531965e+01 -5.310182e-01 
 3.531997e+01 -5.366276e-01 
 3.532030e+01 -5.408696e-01 
 3.532062e+01 -5.460973e-01 
 3.532094e+01 -5.499764e-01 
 3.532126e+01 -5.496419e-01 
 3.532159e+01 -5.371729e-01 
 3.532191e+01 -5.157653e-01 
 3.532223e+01 -4.865304e-01 
 3.532256e+01 -4.535897e-01 
 3.532288e+01 -4.983624e-01 
 3.532320e+01 -4.696821e-01 
 3.532353e+01 -4.513723e-01 
 3.532385e+01 -4.351158e-01 
 3.532417e+01 -4.263559e-01 
 3.532449e+01 -4.234623e-01 
 3.532482e+01 -4.276180e-01 
 3.532514e+01 -4.219150e-01 
 3.532546e+01 -4.119873e-01 
 3.532579e+01 -4.049811e-01 
 3.532611e+01 -3.875130e-01 
 3.532643e+01 -3.766168e-01 
 3.532676e+01 -3.630597e-01 
 3.532708e+01 -3.558989e-01 
 3.532740e+01 -3.563656e-01 
 3.532772e+01 -3.636313e-01 
 3.532805e+01 -3.752750e-01 
 3.532837e+01 -3.890105e-01 
 3.532869e+01 -4.033066e-01 
 3.532902e+01 -4.143411e-01 
 3.532934e+01 -4.203015e-01 
 3.532966e+01 -4.213625e-01 
 3.532999e+01 -4.163807e-01 
 3.533031e+01 -4.079554e-01 
 3.533063e+01 -3.962854e-01 
 3.533095e+01 -3.846939e-01 
 3.533128e+01 -3.759183e-01 
 3.533160e+01 -3.707679e-01 
 3.533192e+01 -3.701318e-01 
 3.533225e+01 -3.708351e-01 
 3.533257e+01 -3.720684e-01 
 3.533289e+01 -3.726499e-01 
 3.533322e+01 -3.708834e-01 
 3.533354e+01 -3.641950e-01 
 3.533386e+01 -3.550445e-01 
 3.533418e+01 -3.427574e-01 
 3.533451e+01 -3.304416e-01 
 3.533483e+01 -3.194547e-01 
 3.533515e+01 -3.109120e-01 
 3.533548e+01 -3.081733e-01 
 3.533580e+01 -3.123607e-01 
 3.533612e+01 -3.241840e-01 
 3.533645e+01 -3.414084e-01 
 3.533677e+01 -3.665183e-01 
 3.533709e+01 -3.859566e-01 
 3.533741e+01 -4.022428e-01 
 3.533774e+01 -4.128789e-01 
 3.533806e+01 -4.204733e-01 
 3.533838e+01 -4.255791e-01 
 3.533871e+01 -4.277051e-01 
 3.533903e+01 -4.271023e-01 
 3.533935e+01 -4.259297e-01 
 3.533968e+01 -4.260673e-01 
 3.534000e+01 -4.288807e-01 
 3.534032e+01 -4.325824e-01 
 3.534064e+01 -4.378458e-01 
 3.534097e+01 -4.430261e-01 
 3.534129e+01 -4.455352e-01 
 3.534161e+01 -4.419201e-01 
 3.534194e+01 -4.286222e-01 
 3.534226e+01 -4.069994e-01 
 3.534258e+01 -3.812776e-01 
 3.534291e+01 -3.577466e-01 
 3.534323e+01 -3.360740e-01 
 3.534355e+01 -3.161355e-01 
 3.534387e+01 -2.996420e-01 
 3.534420e+01 -2.896583e-01 
 3.534452e+01 -2.847848e-01 
 3.534484e+01 -2.811271e-01 
 3.534517e+01 -2.756242e-01 
 3.534549e+01 -2.656983e-01 
 3.534581e+01 -2.501737e-01 
 3.534613e+01 -2.328577e-01 
 3.534646e+01 -2.146102e-01 
 3.534678e+01 -1.971439e-01 
 3.534710e+01 -1.830147e-01 
 3.534743e+01 -1.735994e-01 
 3.534775e+01 -1.690635e-01 
 3.534807e+01 -1.653857e-01 
 3.534840e+01 -1.625405e-01 
 3.534872e+01 -1.842194e-01 
 3.534904e+01 -1.817901e-01 
 3.534936e+01 -1.798065e-01 
 3.534969e+01 -1.738029e-01 
 3.535001e+01 -1.680686e-01 
 3.535033e+01 -1.491104e-01 
 3.535066e+01 -1.253616e-01 
 3.535098e+01 -9.799301e-02 
 3.535130e+01 -6.812872e-02 
 3.535163e+01 -3.761178e-02 
 3.535195e+01 -2.484218e-02 
 3.535227e+01 -2.522161e-02 
 3.535259e+01  2.755422e-03 
 3.535292e+01  2.875633e-02 
 3.535324e+01  5.346662e-02 
 3.535356e+01  7.946218e-02 
 3.535389e+01  1.061450e-01 
 3.535421e+01  1.014896e-01 
 3.535453e+01  1.323218e-01 
 3.535486e+01  1.647707e-01 
 3.535518e+01  1.958737e-01 
 3.535550e+01  2.246872e-01 
 3.535582e+01  2.493164e-01 
 3.535615e+01  2.678936e-01 
 3.535647e+01  2.755437e-01 
 3.535679e+01  2.816874e-01 
 3.535712e+01  2.843843e-01 
 3.535744e+01  2.865052e-01 
 3.535776e+01  2.866049e-01 
 3.535809e+01  2.876990e-01 
 3.535841e+01  2.883583e-01 
 3.535873e+01  2.874384e-01 
 3.535905e+01  2.850426e-01 
 3.535938e+01  2.818444e-01 
 3.535970e+01  2.720745e-01 
 3.536002e+01  2.657854e-01 
 3.536035e+01  2.560861e-01 
 3.536067e+01  2.449929e-01 
 3.536099e+01  2.268313e-01 
 3.536132e+01  2.145494e-01 
 3.536164e+01  2.049950e-01 
 3.536196e+01  1.957696e-01 
 3.536228e+01  1.913367e-01 
 3.536261e+01  1.718984e-01 
 3.536293e+01  1.721545e-01 
 3.536325e+01  1.708314e-01 
 3.536358e+01  1.710896e-01 
 3.536390e+01  1.732371e-01 
 3.536422e+01  1.752120e-01 
 3.536455e+01  1.748118e-01 
 3.536487e+01  1.722170e-01 
 3.536519e+01  1.662514e-01 
 3.536551e+01  1.567380e-01 
 3.536584e+01  1.463478e-01 
 3.536616e+01  1.359908e-01 
 3.536648e+01  1.241547e-01 
 3.536681e+01  1.102437e-01 
 3.536713e+01  9.739253e-02 
 3.536745e+01  8.698042e-02 
 3.536778e+01  7.753268e-02 
 3.536810e+01  6.488166e-02 
 3.536842e+01  5.432345e-02 
 3.536874e+01  4.087162e-02 
 3.536907e+01  2.383216e-02 
 3.536939e+01  3.731465e-03 
 3.536971e+01 -1.747661e-02 
 3.537004e+01 -4.181821e-02 
 3.537036e+01 -6.298604e-02 
 3.537068e+01 -7.898130e-02 
 3.537101e+01 -8.722682e-02 
 3.537133e+01 -9.243252e-02 
 3.537165e+01 -9.495075e-02 
 3.537197e+01 -9.541285e-02 
 3.537230e+01 -9.554608e-02 
 3.537262e+01 -9.572679e-02 
 3.537294e+01 -9.654736e-02 
 3.537327e+01 -9.866677e-02 
 3.537359e+01 -9.989241e-02 
 3.537391e+01 -9.897309e-02 
 3.537424e+01 -9.381570e-02 
 3.537456e+01 -8.262244e-02 
 3.537488e+01 -6.635675e-02 
 3.537520e+01 -4.480921e-02 
 3.537553e+01 -2.217508e-02 
 3.537585e+01  1.635861e-04 
 3.537617e+01  2.245565e-02 
 3.537650e+01  3.522548e-02 
 3.537682e+01  4.075938e-02 
 3.537714e+01  4.845332e-02 
 3.537746e+01  2.035934e-02 
 3.537779e+01  2.107467e-02 
 3.537811e+01  2.075131e-02 
 3.537843e+01  2.136364e-02 
 3.537876e+01  1.796828e-02 
 3.537908e+01  1.996765e-02 
 3.537940e+01  2.309516e-02 
 3.537973e+01  2.878281e-02 
 3.538005e+01  3.457398e-02 
 3.538037e+01  3.998850e-02 
 3.538069e+01  3.665399e-02 
 3.538102e+01  3.593046e-02 
 3.538134e+01  3.274438e-02 
 3.538166e+01  2.725145e-02 
 3.538199e+01  2.268051e-02 
 3.538231e+01  2.131026e-02 
 3.538263e+01  2.429387e-02 
 3.538296e+01  3.524893e-02 
 3.538328e+01  5.363810e-02 
 3.538360e+01  7.674832e-02 
 3.538392e+01  1.030665e-01 
 3.538425e+01  1.297543e-01 
 3.538457e+01  1.556992e-01 
 3.538489e+01  1.707000e-01 
 3.538522e+01  1.876523e-01 
 3.538554e+01  1.999245e-01 
 3.538586e+01  2.070462e-01 
 3.538619e+01  2.126737e-01 
 3.538651e+01  2.196601e-01 
 3.538683e+01  2.279699e-01 
 3.538715e+01  2.377601e-01 
 3.538748e+01  2.483437e-01 
 3.538780e+01  2.588342e-01 
 3.538812e+01  2.671963e-01 
 3.538845e+01  2.706503e-01 
 3.538877e+01  2.688427e-01 
 3.538909e+01  2.603925e-01 
 3.538942e+01  2.450547e-01 
 3.538974e+01  2.275172e-01 
 3.539006e+01  2.108050e-01 
 3.539038e+01  1.967373e-01 
 3.539071e+01  1.851318e-01 
 3.539103e+01  1.737789e-01 
 3.539135e+01  1.628168e-01 
 3.539168e+01  1.490258e-01 
 3.539200e+01  1.310531e-01 
 3.539232e+01  1.082867e-01 
 3.539265e+01  8.134629e-02 
 3.539297e+01  5.123702e-02 
 3.539329e+01  1.921981e-02 
 3.539361e+01 -1.301079e-02 
 3.539394e+01 -4.504657e-02 
 3.539426e+01 -7.682755e-02 
 3.539458e+01 -1.052886e-01 
 3.539491e+01 -1.294015e-01 
 3.539523e+01 -1.515307e-01 
 3.539555e+01 -1.721262e-01 
 3.539588e+01 -1.913270e-01 
 3.539620e+01 -2.105351e-01 
 3.539652e+01 -2.299375e-01 
 3.539684e+01 -2.494193e-01 
 3.539717e+01 -2.704717e-01 
 3.539749e+01 -2.927875e-01 
 3.539781e+01 -3.127914e-01 
 3.539814e+01 -3.298145e-01 
 3.539846e+01 -3.455566e-01 
 3.539878e+01 -3.566216e-01 
 3.539911e+01 -3.622925e-01 
 3.539943e+01 -3.631350e-01 
 3.539975e+01 -3.608583e-01 
 3.540007e+01 -3.552102e-01 
 3.540040e+01 -3.494748e-01 
 3.540072e+01 -3.447515e-01 
 3.540104e+01 -3.408736e-01 
 3.540137e+01 -3.339444e-01 
 3.540169e+01 -3.347610e-01 
 3.540201e+01 -3.359644e-01 
 3.540234e+01 -3.366859e-01 
 3.540266e+01 -3.343927e-01 
 3.540298e+01 -3.285798e-01 
 3.540330e+01 -3.208405e-01 
 3.540363e+01 -3.111318e-01 
 3.540395e+01 -3.008864e-01 
 3.540427e+01 -2.927102e-01 
 3.540460e+01 -2.864246e-01 
 3.540492e+01 -2.819264e-01 
 3.540524e+01 -2.793404e-01 
 3.540557e+01 -2.789124e-01 
 3.540589e+01 -2.794812e-01 
 3.540621e+01 -2.799409e-01 
 3.540653e+01 -2.807975e-01 
 3.540686e+01 -2.809414e-01 
 3.540718e+01 -2.808509e-01 
 3.540750e+01 -2.817080e-01 
 3.540783e+01 -2.838781e-01 
 3.540815e+01 -2.867346e-01 
 3.540847e+01 -2.907320e-01 
 3.540879e+01 -2.956390e-01 
 3.540912e+01 -3.022142e-01 
 3.540944e+01 -3.112905e-01 
 3.540976e+01 -3.247789e-01 
 3.541009e+01 -3.422448e-01 
 3.541041e+01 -3.615380e-01 
 3.541073e+01 -3.817993e-01 
 3.541106e+01 -4.013317e-01 
 3.541138e+01 -4.212004e-01 
 3.541170e+01 -4.395935e-01 
 3.541202e+01 -4.498338e-01 
 3.541235e+01 -4.654693e-01 
 3.541267e+01 -4.765708e-01 
 3.541299e+01 -4.839838e-01 
 3.541332e+01 -4.903136e-01 
 3.541364e+01 -4.962034e-01 
 3.541396e+01 -5.042269e-01 
 3.541429e+01 -5.149964e-01 
 3.541461e+01 -5.296133e-01 
 3.541493e+01 -5.465150e-01 
 3.541525e+01 -5.638004e-01 
 3.541558e+01 -5.809643e-01 
 3.541590e+01 -5.985622e-01 
 3.541622e+01 -6.142205e-01 
 3.541655e+01 -6.276031e-01 
 3.541687e+01 -6.398234e-01 
 3.541719e+01 -6.522964e-01 
 3.541752e+01 -6.670019e-01 
 3.541784e+01 -6.825995e-01 
 3.541816e+01 -6.996141e-01 
 3.541848e+01 -7.161116e-01 
 3.541881e+01 -7.315606e-01 
 3.541913e+01 -7.393675e-01 
 3.541945e+01 -7.514528e-01 
 3.541978e+01 -7.596485e-01 
 3.542010e+01 -7.654058e-01 
 3.542042e+01 -7.692965e-01 
 3.542075e+01 -7.721914e-01 
 3.542107e+01 -7.753315e-01 
 3.542139e+01 -7.787893e-01 
 3.542171e+01 -7.827619e-01 
 3.542204e+01 -7.887830e-01 
 3.542236e+01 -7.966456e-01 
 3.542268e+01 -7.968622e-01 
 3.542301e+01 -8.021436e-01 
 3.542333e+01 -8.069861e-01 
 3.542365e+01 -8.097113e-01 
 3.542398e+01 -8.107759e-01 
 3.542430e+01 -8.126068e-01 
 3.542462e+01 -8.146379e-01 
 3.542494e+01 -8.159317e-01 
 3.542527e+01 -8.181656e-01 
 3.542559e+01 -8.221831e-01 
 3.542591e+01 -8.275590e-01 
 3.542624e+01 -8.348685e-01 
 3.542656e+01 -8.435832e-01 
 3.542688e+01 -8.534219e-01 
 3.542721e+01 -8.638766e-01 
 3.542753e+01 -8.729519e-01 
 3.542785e+01 -8.792516e-01 
 3.542817e+01 -8.818610e-01 
 3.542850e+01 -8.821925e-01 
 3.542882e+01 -8.813923e-01 
 3.542914e+01 -8.806710e-01 
 3.542947e+01 -8.785327e-01 
 3.542979e+01 -8.776841e-01 
 3.543011e+01 -8.786576e-01 
 3.543044e+01 -8.809920e-01 
 3.543076e+01 -8.822843e-01 
 3.543108e+01 -8.800864e-01 
 3.543140e+01 -8.739321e-01 
 3.543173e+01 -8.627673e-01 
 3.543205e+01 -8.470297e-01 
 3.543237e+01 -8.295561e-01 
 3.543270e+01 -8.043971e-01 
 3.543302e+01 -7.862556e-01 
 3.543334e+01 -7.696114e-01 
 3.543367e+01 -7.548798e-01 
 3.543399e+01 -7.442673e-01 
 3.543431e+01 -7.353043e-01 
 3.543463e+01 -7.252440e-01 
 3.543496e+01 -7.194904e-01 
 3.543528e+01 -7.147915e-01 
 3.543560e+01 -7.091187e-01 
 3.543593e+01 -7.034293e-01 
 3.543625e+01 -6.975417e-01 
 3.543657e+01 -6.924941e-01 
 3.543690e+01 -6.882602e-01 
 3.543722e+01 -6.794322e-01 
 3.543754e+01 -6.809145e-01 
 3.543786e+01 -6.868889e-01 
 3.543819e+01 -6.967332e-01 
 3.543851e+01 -7.095069e-01 
 3.543883e+01 -7.251254e-01 
 3.543916e+01 -7.420687e-01 
 3.543948e+01 -7.594628e-01 
 3.543980e+01 -7.760752e-01 
 3.544013e+01 -7.918187e-01 
 3.544045e+01 -8.061614e-01 
 3.544077e+01 -8.197845e-01 
 3.544109e+01 -8.312970e-01 
 3.544142e+01 -8.411488e-01 
 3.544174e+01 -8.490134e-01 
 3.544206e+01 -8.577187e-01 
 3.544239e+01 -8.441849e-01 
 3.544271e+01 -8.664530e-01 
 3.544303e+01 -8.898603e-01 
 3.544336e+01 -9.117559e-01 
 3.544368e+01 -9.321858e-01 
 3.544400e+01 -9.519508e-01 
 3.544432e+01 -9.711580e-01 
 3.544465e+01 -9.892781e-01 
 3.544497e+01 -1.007098e+00 
 3.544529e+01 -1.023814e+00 
 3.544562e+01 -1.035090e+00 
 3.544594e+01 -1.052739e+00 
 3.544626e+01 -1.072649e+00 
 3.544658e+01 -1.094417e+00 
 3.544691e+01 -1.117346e+00 
 3.544723e+01 -1.141298e+00 
 3.544755e+01 -1.165373e+00 
 3.544788e+01 -1.189312e+00 
 3.544820e+01 -1.213583e+00 
 3.544852e+01 -1.236347e+00 
 3.544885e+01 -1.256124e+00 
 3.544917e+01 -1.272493e+00 
 3.544949e+01 -1.285914e+00 
 3.544981e+01 -1.297245e+00 
 3.545014e+01 -1.307544e+00 
 3.545046e+01 -1.316403e+00 
 3.545078e+01 -1.324913e+00 
 3.545111e+01 -1.332482e+00 
 3.545143e+01 -1.338139e+00 
 3.545175e+01 -1.339113e+00 
 3.545208e+01 -1.334039e+00 
 3.545240e+01 -1.326862e+00 
 3.545272e+01 -1.316986e+00 
 3.545304e+01 -1.294354e+00 
 3.545337e+01 -1.272415e+00 
 3.545369e+01 -1.246840e+00 
 3.545401e+01 -1.219423e+00 
 3.545434e+01 -1.191228e+00 
 3.545466e+01 -1.163235e+00 
 3.545498e+01 -1.136001e+00 
 3.545531e+01 -1.112503e+00 
 3.545563e+01 -1.091288e+00 
 3.545595e+01 -1.073299e+00 
 3.545627e+01 -1.057254e+00 
 3.545660e+01 -1.043426e+00 
 3.545692e+01 -1.028490e+00 
 3.545724e+01 -1.017085e+00 
 3.545757e+01 -1.007559e+00 
 3.545789e+01 -9.945769e-01 
 3.545821e+01 -9.885499e-01 
 3.545854e+01 -9.858606e-01 
 3.545886e+01 -9.875323e-01 
 3.545918e+01 -9.944281e-01 
 3.545950e+01 -1.003203e+00 
 3.545983e+01 -1.017098e+00 
 3.546015e+01 -1.026963e+00 
 3.546047e+01 -1.041850e+00 
 3.546080e+01 -1.053692e+00 
 3.546112e+01 -1.064502e+00 
 3.546144e+01 -1.072133e+00 
 3.546177e+01 -1.079328e+00 
 3.546209e+01 -1.085820e+00 
 3.546241e+01 -1.093311e+00 
 3.546273e+01 -1.100814e+00 
 3.546306e+01 -1.109397e+00 
 3.546338e+01 -1.100165e+00 
 3.546370e+01 -1.102835e+00 
 3.546403e+01 -1.102777e+00 
 3.546435e+01 -1.103828e+00 
 3.546467e+01 -1.102621e+00 
 3.546500e+01 -1.025515e+00 
 3.546532e+01 -1.023530e+00 
 3.546564e+01 -1.018769e+00 
 3.546596e+01 -1.010886e+00 
 3.546629e+01 -1.002070e+00 
 3.546661e+01 -9.950836e-01 
 3.546693e+01 -9.886707e-01 
 3.546726e+01 -9.830542e-01 
 3.546758e+01 -9.829577e-01 
 3.546790e+01 -9.853410e-01 
 3.546823e+01 -9.760917e-01 
 3.546855e+01 -9.846811e-01 
 3.546887e+01 -9.901883e-01 
 3.546919e+01 -1.001453e+00 
 3.546952e+01 -1.013348e+00 
 3.546984e+01 -1.023395e+00 
 3.547016e+01 -1.037714e+00 
 3.547049e+01 -1.056053e+00 
 3.547081e+01 -1.068249e+00 
 3.547113e+01 -1.089939e+00 
 3.547146e+01 -1.114465e+00 
 3.547178e+01 -1.135814e+00 
 3.547210e+01 -1.157829e+00 
 3.547242e+01 -1.179732e+00 
 3.547275e+01 -1.198450e+00 
 3.547307e+01 -1.215712e+00 
 3.547339e+01 -1.225461e+00 
 3.547372e+01 -1.236807e+00 
 3.547404e+01 -1.245707e+00 
 3.547436e+01 -1.197203e+00 
 3.547469e+01 -1.202782e+00 
 3.547501e+01 -1.204109e+00 
 3.547533e+01 -1.202176e+00 
 3.547565e+01 -1.192879e+00 
 3.547598e+01 -1.182325e+00 
 3.547630e+01 -1.171131e+00 
 3.547662e+01 -1.159163e+00 
 3.547695e+01 -1.144225e+00 
 3.547727e+01 -1.130457e+00 
 3.547759e+01 -1.116263e+00 
 3.547792e+01 -1.102840e+00 
 3.547824e+01 -1.086354e+00 
 3.547856e+01 -1.070281e+00 
 3.547888e+01 -1.054237e+00 
 3.547921e+01 -1.033804e+00 
 3.547953e+01 -1.012518e+00 
 3.547985e+01 -9.732574e-01 
 3.548018e+01 -9.500327e-01 
 3.548050e+01 -9.282552e-01 
 3.548082e+01 -9.047956e-01 
 3.548114e+01 -8.882387e-01 
 3.548147e+01 -8.746660e-01 
 3.548179e+01 -8.603001e-01 
 3.548211e+01 -8.477808e-01 
 3.548243e+01 -8.371418e-01 
 3.548275e+01 -8.262657e-01 
 3.548307e+01 -8.141562e-01 
 3.548339e+01 -8.038524e-01 
 3.548372e+01 -7.618585e-01 
 3.548404e+01 -7.502258e-01 
 3.548436e+01 -7.387588e-01 
 3.548468e+01 -7.281701e-01 
 3.548501e+01 -7.187323e-01 
 3.548533e+01 -7.113389e-01 
 3.548565e+01 -7.105119e-01 
 3.548598e+01 -7.106878e-01 
 3.548630e+01 -7.128875e-01 
 3.548662e+01 -7.159561e-01 
 3.548694e+01 -7.189924e-01 
 3.548727e+01 -7.240103e-01 
 3.548759e+01 -7.321361e-01 
 3.548791e+01 -7.394839e-01 
 3.548823e+01 -7.477018e-01 
 3.548855e+01 -7.566462e-01 
 3.548887e+01 -7.666157e-01 
 3.548920e+01 -7.773884e-01 
 3.548952e+01 -7.908203e-01 
 3.548984e+01 -8.062068e-01 
 3.549016e+01 -8.226283e-01 
 3.549048e+01 -8.424508e-01 
 3.549080e+01 -8.671014e-01 
 3.549113e+01 -8.910781e-01 
 3.549145e+01 -9.164126e-01 
 3.549177e+01 -9.404666e-01 
 3.549209e+01 -9.663074e-01 
 3.549241e+01 -9.941248e-01 
 3.549273e+01 -1.023385e+00 
 3.549306e+01 -1.054682e+00 
 3.549338e+01 -1.083600e+00 
 3.549370e+01 -1.111910e+00 
 3.549402e+01 -1.141680e+00 
 3.549434e+01 -1.168733e+00 
 3.549467e+01 -1.194437e+00 
 3.549499e+01 -1.218961e+00 
 3.549531e+01 -1.240586e+00 
 3.549564e+01 -1.257954e+00 
 3.549596e+01 -1.273727e+00 
 3.549628e+01 -1.288490e+00 
 3.549660e+01 -1.301809e+00 
 3.549693e+01 -1.315461e+00 
 3.549725e+01 -1.329314e+00 
 3.549757e+01 -1.339882e+00 
 3.549790e+01 -1.341613e+00 
 3.549822e+01 -1.344259e+00 
 3.549854e+01 -1.344247e+00 
 3.549887e+01 -1.341684e+00 
 3.549919e+01 -1.337314e+00 
 3.549951e+01 -1.325087e+00 
 3.549983e+01 -1.319512e+00 
 3.550016e+01 -1.315367e+00 
 3.550048e+01 -1.314215e+00 
 3.550080e+01 -1.314351e+00 
 3.550113e+01 -1.315750e+00 
 3.550145e+01 -1.316391e+00 
 3.550177e+01 -1.314474e+00 
 3.550210e+01 -1.310856e+00 
 3.550242e+01 -1.306505e+00 
 3.550274e+01 -1.300918e+00 
 3.550306e+01 -1.293568e+00 
 3.550339e+01 -1.287602e+00 
 3.550371e+01 -1.283858e+00 
 3.550403e+01 -1.282996e+00 
 3.550436e+01 -1.282110e+00 
 3.550468e+01 -1.281204e+00 
 3.550500e+01 -1.280114e+00 
 3.550533e+01 -1.278422e+00 
 3.550565e+01 -1.276484e+00 
 3.550597e+01 -1.272715e+00 
 3.550629e+01 -1.268466e+00 
 3.550662e+01 -1.262530e+00 
 3.550694e+01 -1.203930e+00 
 3.550726e+01 -1.189022e+00 
 3.550759e+01 -1.173227e+00 
 3.550791e+01 -1.157546e+00 
 3.550823e+01 -1.138365e+00 
 3.550856e+01 -1.122283e+00 
 3.550888e+01 -1.105464e+00 
 3.550920e+01 -1.088243e+00 
 3.550952e+01 -1.071153e+00 
 3.550985e+01 -1.055359e+00 
 3.551017e+01 -1.041813e+00 
 3.551049e+01 -1.028781e+00 
 3.551082e+01 -1.016302e+00 
 3.551114e+01 -9.983386e-01 
 3.551146e+01 -9.896697e-01 
 3.551179e+01 -9.814202e-01 
 3.551211e+01 -9.759232e-01 
 3.551243e+01 -9.718244e-01 
 3.551275e+01 -9.707006e-01 
 3.551308e+01 -9.634229e-01 
 3.551340e+01 -9.694620e-01 
 3.551372e+01 -9.614264e-01 
 3.551405e+01 -9.682608e-01 
 3.551437e+01 -9.756432e-01 
 3.551469e+01 -9.698607e-01 
 3.551502e+01 -9.773720e-01 
 3.551534e+01 -9.895019e-01 
 3.551566e+01 -1.002384e+00 
 3.551598e+01 -1.017202e+00 
 3.551631e+01 -1.037064e+00 
 3.551663e+01 -1.057366e+00 
 3.551695e+01 -1.078532e+00 
 3.551728e+01 -1.095422e+00 
 3.551760e+01 -1.109865e+00 
 3.551792e+01 -1.123178e+00 
 3.551825e+01 -1.080085e+00 
 3.551857e+01 -1.086205e+00 
 3.551889e+01 -1.092729e+00 
 3.551921e+01 -1.097846e+00 
 3.551954e+01 -1.105126e+00 
 3.551986e+01 -1.113308e+00 
 3.552018e+01 -1.119834e+00 
 3.552051e+01 -1.128942e+00 
 3.552083e+01 -1.140538e+00 
 3.552115e+01 -1.148998e+00 
 3.552148e+01 -1.160338e+00 
 3.552180e+01 -1.169076e+00 
 3.552212e+01 -1.172923e+00 
 3.552244e+01 -1.178652e+00 
 3.552277e+01 -1.179423e+00 
 3.552309e+01 -1.185007e+00 
 3.552341e+01 -1.191935e+00 
 3.552374e+01 -1.199614e+00 
 3.552406e+01 -1.207659e+00 
 3.552438e+01 -1.215333e+00 
 3.552471e+01 -1.224144e+00 
 3.552503e+01 -1.234596e+00 
 3.552535e+01 -1.247612e+00 
 3.552567e+01 -1.260035e+00 
 3.552600e+01 -1.271805e+00 
 3.552632e+01 -1.285890e+00 
 3.552664e+01 -1.296493e+00 
 3.552697e+01 -1.303102e+00 
 3.552729e+01 -1.307207e+00 
 3.552761e+01 -1.309438e+00 
 3.552794e+01 -1.310916e+00 
 3.552826e+01 -1.309701e+00 
 3.552858e+01 -1.281644e+00 
 3.552890e+01 -1.277056e+00 
 3.552923e+01 -1.271635e+00 
 3.552955e+01 -1.265977e+00 
 3.552987e+01 -1.259572e+00 
 3.553020e+01 -1.251927e+00 
 3.553052e+01 -1.241112e+00 
 3.553084e+01 -1.229228e+00 
 3.553117e+01 -1.215731e+00 
 3.553149e+01 -1.198961e+00 
 3.553181e+01 -1.178652e+00 
 3.553213e+01 -1.157600e+00 
 3.553246e+01 -1.134978e+00 
 3.553278e+01 -1.112596e+00 
 3.553310e+01 -1.092460e+00 
 3.553343e+01 -1.073595e+00 
 3.553375e+01 -1.055670e+00 
 3.553407e+01 -1.039422e+00 
 3.553439e+01 -1.026038e+00 
 3.553472e+01 -1.012598e+00 
 3.553504e+01 -1.002118e+00 
 3.553536e+01 -9.940479e-01 
 3.553569e+01 -9.873912e-01 
 3.553601e+01 -9.817469e-01 
 3.553633e+01 -9.742863e-01 
 3.553666e+01 -9.714231e-01 
 3.553698e+01 -9.722247e-01 
 3.553730e+01 -9.735358e-01 
 3.553762e+01 -9.809413e-01 
 3.553795e+01 -9.875031e-01 
 3.553827e+01 -9.974279e-01 
 3.553859e+01 -1.008853e+00 
 3.553892e+01 -1.023389e+00 
 3.553924e+01 -1.038503e+00 
 3.553956e+01 -1.052523e+00 
 3.553989e+01 -1.061247e+00 
 3.554021e+01 -1.068282e+00 
 3.554053e+01 -1.074694e+00 
 3.554085e+01 -1.079199e+00 
 3.554118e+01 -1.086021e+00 
 3.554150e+01 -1.092498e+00 
 3.554182e+01 -1.099335e+00 
 3.554215e+01 -1.106453e+00 
 3.554247e+01 -1.115145e+00 
 3.554279e+01 -1.123276e+00 
 3.554312e+01 -1.129754e+00 
 3.554344e+01 -1.138021e+00 
 3.554376e+01 -1.147512e+00 
 3.554408e+01 -1.154331e+00 
 3.554441e+01 -1.160868e+00 
 3.554473e+01 -1.168846e+00 
 3.554505e+01 -1.178312e+00 
 3.554538e+01 -1.189359e+00 
 3.554570e+01 -1.204264e+00 
 3.554602e+01 -1.219692e+00 
 3.554635e+01 -1.234821e+00 
 3.554667e+01 -1.248606e+00 
 3.554699e+01 -1.263422e+00 
 3.554731e+01 -1.277083e+00 
 3.554764e+01 -1.288932e+00 
 3.554796e+01 -1.301978e+00 
 3.554828e+01 -1.318486e+00 
 3.554861e+01 -1.332885e+00 
 3.554893e+01 -1.343722e+00 
 3.554925e+01 -1.354154e+00 
 3.554958e+01 -1.363324e+00 
 3.554990e+01 -1.371885e+00 
 3.555022e+01 -1.382632e+00 
 3.555054e+01 -1.390681e+00 
 3.555087e+01 -1.392436e+00 
 3.555119e+01 -1.389837e+00 
 3.555151e+01 -1.385184e+00 
 3.555184e+01 -1.379366e+00 
 3.555216e+01 -1.370288e+00 
 3.555248e+01 -1.359153e+00 
 3.555281e+01 -1.345452e+00 
 3.555313e+01 -1.329716e+00 
 3.555345e+01 -1.314368e+00 
 3.555377e+01 -1.296559e+00 
 3.555410e+01 -1.283530e+00 
 3.555442e+01 -1.270265e+00 
 3.555474e+01 -1.232560e+00 
 3.555507e+01 -1.220267e+00 
 3.555539e+01 -1.208261e+00 
 3.555571e+01 -1.195124e+00 
 3.555604e+01 -1.181070e+00 
 3.555636e+01 -1.167452e+00 
 3.555668e+01 -1.155878e+00 
 3.555700e+01 -1.144369e+00 
 3.555733e+01 -1.134059e+00 
 3.555765e+01 -1.124145e+00 
 3.555797e+01 -1.113654e+00 
 3.555830e+01 -1.104425e+00 
 3.555862e+01 -1.090962e+00 
 3.555894e+01 -1.080430e+00 
 3.555927e+01 -1.068531e+00 
 3.555959e+01 -1.054718e+00 
 3.555991e+01 -1.046169e+00 
 3.556023e+01 -1.043043e+00 
 3.556056e+01 -1.031366e+00 
 3.556088e+01 -1.016283e+00 
 3.556120e+01 -1.001998e+00 
 3.556153e+01 -9.888739e-01 
 3.556185e+01 -9.762668e-01 
 3.556217e+01 -9.613016e-01 
 3.556250e+01 -9.449225e-01 
 3.556282e+01 -9.234205e-01 
 3.556314e+01 -9.043704e-01 
 3.556346e+01 -8.733878e-01 
 3.556379e+01 -8.435787e-01 
 3.556411e+01 -8.304178e-01 
 3.556443e+01 -8.225050e-01 
 3.556476e+01 -8.176890e-01 
 3.556508e+01 -8.076597e-01 
 3.556540e+01 -7.985109e-01 
 3.556573e+01 -7.914059e-01 
 3.556605e+01 -7.864230e-01 
 3.556637e+01 -7.812523e-01 
 3.556669e+01 -7.779684e-01 
 3.556702e+01 -7.746482e-01 
 3.556734e+01 -7.729131e-01 
 3.556766e+01 -7.743905e-01 
 3.556799e+01 -7.777646e-01 
 3.556831e+01 -7.817282e-01 
 3.556863e+01 -7.865237e-01 
 3.556895e+01 -7.934897e-01 
 3.556928e+01 -8.020341e-01 
 3.556960e+01 -8.127409e-01 
 3.556992e+01 -8.251747e-01 
 3.557025e+01 -8.402384e-01 
 3.557057e+01 -8.582216e-01 
 3.557089e+01 -8.788991e-01 
 3.557122e+01 -8.973600e-01 
 3.557154e+01 -9.148125e-01 
 3.557186e+01 -9.260266e-01 
 3.557218e+01 -9.371752e-01 
 3.557251e+01 -9.484873e-01 
 3.557283e+01 -9.618679e-01 
 3.557315e+01 -9.762971e-01 
 3.557348e+01 -9.904804e-01 
 3.557380e+01 -1.004808e+00 
 3.557412e+01 -1.017825e+00 
 3.557445e+01 -1.029180e+00 
 3.557477e+01 -1.037903e+00 
 3.557509e+01 -1.043303e+00 
 3.557541e+01 -1.045435e+00 
 3.557574e+01 -1.045757e+00 
 3.557606e+01 -1.043320e+00 
 3.557638e+01 -1.040457e+00 
 3.557671e+01 -1.036938e+00 
 3.557703e+01 -1.033122e+00 
 3.557735e+01 -1.031062e+00 
 3.557768e+01 -1.027665e+00 
 3.557800e+01 -1.027639e+00 
 3.557832e+01 -1.027390e+00 
 3.557864e+01 -1.027840e+00 
 3.557897e+01 -1.027690e+00 
 3.557929e+01 -1.027364e+00 
 3.557961e+01 -1.026709e+00 
 3.557994e+01 -1.025662e+00 
 3.558026e+01 -1.022228e+00 
 3.558058e+01 -1.019856e+00 
 3.558091e+01 -1.015955e+00 
 3.558123e+01 -1.013441e+00 
 3.558155e+01 -1.009366e+00 
 3.558187e+01 -1.006749e+00 
 3.558220e+01 -1.007402e+00 
 3.558252e+01 -1.002179e+00 
 3.558284e+01 -1.003190e+00 
 3.558317e+01 -9.973258e-01 
 3.558349e+01 -9.932099e-01 
 3.558381e+01 -9.866006e-01 
 3.558414e+01 -9.774933e-01 
 3.558446e+01 -9.661007e-01 
 3.558478e+01 -9.530010e-01 
 3.558510e+01 -9.391565e-01 
 3.558543e+01 -9.262646e-01 
 3.558575e+01 -9.165061e-01 
 3.558607e+01 -9.087314e-01 
 3.558640e+01 -9.022993e-01 
 3.558672e+01 -8.965676e-01 
 3.558704e+01 -8.943139e-01 
 3.558737e+01 -8.830836e-01 
 3.558769e+01 -8.838883e-01 
 3.558801e+01 -8.840362e-01 
 3.558833e+01 -8.816627e-01 
 3.558866e+01 -8.763781e-01 
 3.558898e+01 -8.736857e-01 
 3.558930e+01 -8.535879e-01 
 3.558963e+01 -8.642976e-01 
 3.558995e+01 -8.735238e-01 
 3.559027e+01 -8.821263e-01 
 3.559060e+01 -8.961635e-01 
 3.559092e+01 -9.135201e-01 
 3.559124e+01 -9.323384e-01 
 3.559156e+01 -9.511743e-01 
 3.559189e+01 -9.682657e-01 
 3.559221e+01 -9.827115e-01 
 3.559253e+01 -9.963001e-01 
 3.559286e+01 -1.012498e+00 
 3.559318e+01 -1.025851e+00 
 3.559350e+01 -1.040038e+00 
 3.559383e+01 -1.053610e+00 
 3.559415e+01 -1.069846e+00 
 3.559447e+01 -1.086130e+00 
 3.559479e+01 -1.100974e+00 
 3.559512e+01 -1.094237e+00 
 3.559544e+01 -1.105414e+00 
 3.559576e+01 -1.111058e+00 
 3.559609e+01 -1.114391e+00 
 3.559641e+01 -1.117062e+00 
 3.559673e+01 -1.116747e+00 
 3.559706e+01 -1.115126e+00 
 3.559738e+01 -1.114074e+00 
 3.559770e+01 -1.113664e+00 
 3.559802e+01 -1.114924e+00 
 3.559835e+01 -1.092869e+00 
 3.559867e+01 -1.092803e+00 
 3.559899e+01 -1.095331e+00 
 3.559932e+01 -1.091155e+00 
 3.559964e+01 -1.090763e+00 
 3.559996e+01 -1.095631e+00 
 3.560029e+01 -1.100151e+00 
 3.560061e+01 -1.105068e+00 
 3.560093e+01 -1.109499e+00 
 3.560125e+01 -1.115034e+00 
 3.560158e+01 -1.099667e+00 
 3.560190e+01 -1.106319e+00 
 3.560222e+01 -1.114555e+00 
 3.560255e+01 -1.122227e+00 
 3.560287e+01 -1.130866e+00 
 3.560319e+01 -1.138193e+00 
 3.560351e+01 -1.144716e+00 
 3.560384e+01 -1.149180e+00 
 3.560416e+01 -1.154046e+00 
 3.560448e+01 -1.154553e+00 
 3.560481e+01 -1.158037e+00 
 3.560513e+01 -1.160369e+00 
 3.560545e+01 -1.161079e+00 
 3.560578e+01 -1.163369e+00 
 3.560610e+01 -1.164724e+00 
 3.560642e+01 -1.164486e+00 
 3.560674e+01 -1.159524e+00 
 3.560707e+01 -1.154724e+00 
 3.560739e+01 -1.150246e+00 
 3.560771e+01 -1.142873e+00 
 3.560804e+01 -1.133132e+00 
 3.560836e+01 -1.123017e+00 
 3.560868e+01 -1.111108e+00 
 3.560901e+01 -1.098409e+00 
 3.560933e+01 -1.084226e+00 
 3.560965e+01 -1.064147e+00 
 3.560997e+01 -1.047568e+00 
 3.561030e+01 -1.032625e+00 
 3.561062e+01 -1.015846e+00 
 3.561094e+01 -9.985648e-01 
 3.561127e+01 -9.830770e-01 
 3.561159e+01 -9.698786e-01 
 3.561191e+01 -9.566872e-01 
 3.561224e+01 -9.440904e-01 
 3.561256e+01 -9.327020e-01 
 3.561288e+01 -9.231917e-01 
 3.561320e+01 -9.140159e-01 
 3.561353e+01 -9.069830e-01 
 3.561385e+01 -8.889559e-01 
 3.561417e+01 -8.812721e-01 
 3.561450e+01 -8.629195e-01 
 3.561482e+01 -8.584793e-01 
 3.561514e+01 -8.556302e-01 
 3.561547e+01 -8.543286e-01 
 3.561579e+01 -8.549783e-01 
 3.561611e+01 -8.578679e-01 
 3.561643e+01 -8.586703e-01 
 3.561676e+01 -8.628390e-01 
 3.561708e+01 -8.692130e-01 
 3.561740e+01 -8.733480e-01 
 3.561773e+01 -8.843270e-01 
 3.561805e+01 -8.650206e-01 
 3.561837e+01 -8.706261e-01 
 3.561870e+01 -8.798349e-01 
 3.561902e+01 -8.879721e-01 
 3.561934e+01 -8.971418e-01 
 3.561966e+01 -9.056954e-01 
 3.561999e+01 -9.140898e-01 
 3.562031e+01 -9.235392e-01 
 3.562063e+01 -9.342104e-01 
 3.562096e+01 -9.457153e-01 
 3.562128e+01 -9.564108e-01 
 3.562160e+01 -9.672144e-01 
 3.562193e+01 -9.777640e-01 
 3.562225e+01 -9.893318e-01 
 3.562257e+01 -1.001930e+00 
 3.562289e+01 -1.015144e+00 
 3.562322e+01 -1.027628e+00 
 3.562354e+01 -1.041452e+00 
 3.562386e+01 -1.056460e+00 
 3.562419e+01 -1.073328e+00 
 3.562451e+01 -1.090752e+00 
 3.562483e+01 -1.108467e+00 
 3.562516e+01 -1.125636e+00 
 3.562548e+01 -1.141787e+00 
 3.562580e+01 -1.158593e+00 
 3.562612e+01 -1.178843e+00 
 3.562645e+01 -1.209396e+00 
 3.562677e+01 -1.232887e+00 
 3.562709e+01 -1.248301e+00 
 3.562742e+01 -1.256518e+00 
 3.562774e+01 -1.270075e+00 
 3.562806e+01 -1.282944e+00 
 3.562839e+01 -1.293642e+00 
 3.562871e+01 -1.297411e+00 
 3.562903e+01 -1.297266e+00 
 3.562935e+01 -1.295390e+00 
 3.562968e+01 -1.290767e+00 
 3.563000e+01 -1.283759e+00 
 3.563032e+01 -1.278301e+00 
 3.563065e+01 -1.274887e+00 
 3.563097e+01 -1.273379e+00 
 3.563129e+01 -1.272314e+00 
 3.563162e+01 -1.271753e+00 
 3.563194e+01 -1.254969e+00 
 3.563226e+01 -1.242265e+00 
 3.563258e+01 -1.238780e+00 
 3.563291e+01 -1.232896e+00 
 3.563323e+01 -1.224835e+00 
 3.563355e+01 -1.216240e+00 
 3.563388e+01 -1.209209e+00 
 3.563420e+01 -1.206263e+00 
 3.563452e+01 -1.207695e+00 
 3.563485e+01 -1.207354e+00 
 3.563517e+01 -1.215383e+00 
 3.563549e+01 -1.225372e+00 
 3.563581e+01 -1.240225e+00 
 3.563614e+01 -1.262648e+00 
 3.563646e+01 -1.279519e+00 
 3.563678e+01 -1.288746e+00 
 3.563711e+01 -1.291875e+00 
 3.563743e+01 -1.293726e+00 
 3.563775e+01 -1.295917e+00 
 3.563808e+01 -1.295820e+00 
 3.563840e+01 -1.294993e+00 
 3.563872e+01 -1.294633e+00 
 3.563904e+01 -1.295671e+00 
 3.563937e+01 -1.296959e+00 
 3.563969e+01 -1.296558e+00 
 3.564001e+01 -1.295987e+00 
 3.564034e+01 -1.292641e+00 
 3.564066e+01 -1.283882e+00 
 3.564098e+01 -1.278227e+00 
 3.564130e+01 -1.271395e+00 
 3.564163e+01 -1.262696e+00 
 3.564195e+01 -1.251873e+00 
 3.564227e+01 -1.237197e+00 
 3.564260e+01 -1.228013e+00 
 3.564292e+01 -1.222264e+00 
 3.564324e+01 -1.218696e+00 
 3.564357e+01 -1.218330e+00 
 3.564389e+01 -1.213315e+00 
 3.564421e+01 -1.214901e+00 
 3.564453e+01 -1.206076e+00 
 3.564486e+01 -1.209198e+00 
 3.564518e+01 -1.210926e+00 
 3.564550e+01 -1.215040e+00 
 3.564583e+01 -1.224356e+00 
 3.564615e+01 -1.231971e+00 
 3.564647e+01 -1.241518e+00 
 3.564680e+01 -1.247945e+00 
 3.564712e+01 -1.256149e+00 
 3.564744e+01 -1.265737e+00 
 3.564776e+01 -1.276860e+00 
 3.564809e+01 -1.287276e+00 
 3.564841e+01 -1.298137e+00 
 3.564873e+01 -1.305814e+00 
 3.564906e+01 -1.312508e+00 
 3.564938e+01 -1.315835e+00 
 3.564970e+01 -1.320256e+00 
 3.565003e+01 -1.325179e+00 
 3.565035e+01 -1.332102e+00 
 3.565067e+01 -1.336374e+00 
 3.565099e+01 -1.341565e+00 
 3.565132e+01 -1.344632e+00 
 3.565164e+01 -1.345989e+00 
 3.565196e+01 -1.345874e+00 
 3.565229e+01 -1.344774e+00 
 3.565261e+01 -1.341703e+00 
 3.565293e+01 -1.337248e+00 
 3.565326e+01 -1.333137e+00 
 3.565358e+01 -1.327263e+00 
 3.565390e+01 -1.322008e+00 
 3.565422e+01 -1.317179e+00 
 3.565455e+01 -1.309432e+00 
 3.565487e+01 -1.295643e+00 
 3.565519e+01 -1.293874e+00 
 3.565552e+01 -1.276564e+00 
 3.565584e+01 -1.270077e+00 
 3.565616e+01 -1.262689e+00 
 3.565649e+01 -1.255180e+00 
 3.565681e+01 -1.248178e+00 
 3.565713e+01 -1.242538e+00 
 3.565745e+01 -1.240610e+00 
 3.565778e+01 -1.243208e+00 
 3.565810e+01 -1.247767e+00 
 3.565842e+01 -1.251026e+00 
 3.565875e+01 -1.249251e+00 
 3.565907e+01 -1.243897e+00 
 3.565939e+01 -1.237614e+00 
 3.565972e+01 -1.231379e+00 
 3.566004e+01 -1.223202e+00 
 3.566036e+01 -1.213769e+00 
 3.566068e+01 -1.204620e+00 
 3.566101e+01 -1.193393e+00 
 3.566133e+01 -1.181053e+00 
 3.566165e+01 -1.169214e+00 
 3.566198e+01 -1.159658e+00 
 3.566230e+01 -1.150293e+00 
 3.566262e+01 -1.139663e+00 
 3.566295e+01 -1.128806e+00 
 3.566327e+01 -1.117877e+00 
 3.566359e+01 -1.106864e+00 
 3.566391e+01 -1.089387e+00 
 3.566424e+01 -1.051815e+00 
 3.566456e+01 -1.038695e+00 
 3.566488e+01 -1.033519e+00 
 3.566521e+01 -1.033914e+00 
 3.566553e+01 -1.027422e+00 
 3.566585e+01 -1.019814e+00 
 3.566618e+01 -1.008825e+00 
 3.566650e+01 -1.005761e+00 
 3.566682e+01 -1.005864e+00 
 3.566714e+01 -1.008819e+00 
 3.566747e+01 -1.012650e+00 
 3.566779e+01 -1.016486e+00 
 3.566811e+01 -1.019713e+00 
 3.566844e+01 -1.024212e+00 
 3.566876e+01 -9.799241e-01 
 3.566908e+01 -9.827122e-01 
 3.566941e+01 -9.859625e-01 
 3.566973e+01 -9.907327e-01 
 3.567005e+01 -9.512575e-01 
 3.567037e+01 -9.574508e-01 
 3.567070e+01 -9.652688e-01 
 3.567102e+01 -9.730926e-01 
 3.567134e+01 -9.881180e-01 
 3.567167e+01 -1.007351e+00 
 3.567199e+01 -1.018572e+00 
 3.567231e+01 -1.025574e+00 
 3.567264e+01 -1.033493e+00 
 3.567296e+01 -1.042430e+00 
 3.567328e+01 -1.050604e+00 
 3.567360e+01 -1.033560e+00 
 3.567393e+01 -1.039351e+00 
 3.567425e+01 -1.042329e+00 
 3.567457e+01 -1.043866e+00 
 3.567490e+01 -1.043954e+00 
 3.567522e+01 -1.045630e+00 
 3.567554e+01 -1.048335e+00 
 3.567586e+01 -1.053233e+00 
 3.567619e+01 -1.062299e+00 
 3.567651e+01 -1.073905e+00 
 3.567683e+01 -1.087451e+00 
 3.567716e+01 -1.099839e+00 
 3.567748e+01 -1.108125e+00 
 3.567780e+01 -1.112472e+00 
 3.567813e+01 -1.113281e+00 
 3.567845e+01 -1.114265e+00 
 3.567877e+01 -1.115865e+00 
 3.567909e+01 -1.119869e+00 
 3.567942e+01 -1.126697e+00 
 3.567974e+01 -1.136275e+00 
 3.568006e+01 -1.148142e+00 
 3.568039e+01 -1.161023e+00 
 3.568071e+01 -1.172747e+00 
 3.568103e+01 -1.183813e+00 
 3.568136e+01 -1.195582e+00 
 3.568168e+01 -1.204847e+00 
 3.568200e+01 -1.207511e+00 
 3.568232e+01 -1.207423e+00 
 3.568265e+01 -1.205931e+00 
 3.568297e+01 -1.203530e+00 
 3.568329e+01 -1.200130e+00 
 3.568362e+01 -1.197262e+00 
 3.568394e+01 -1.190937e+00 
 3.568426e+01 -1.187324e+00 
 3.568459e+01 -1.180436e+00 
 3.568491e+01 -1.175042e+00 
 3.568523e+01 -1.168141e+00 
 3.568555e+01 -1.160191e+00 
 3.568588e+01 -1.150763e+00 
 3.568620e+01 -1.127585e+00 
 3.568652e+01 -1.116644e+00 
 3.568685e+01 -1.105220e+00 
 3.568717e+01 -1.094112e+00 
 3.568749e+01 -1.082549e+00 
 3.568782e+01 -1.074376e+00 
 3.568814e+01 -1.067865e+00 
 3.568846e+01 -1.063374e+00 
 3.568878e+01 -1.059244e+00 
 3.568911e+01 -1.055994e+00 
 3.568943e+01 -1.051930e+00 
 3.568975e+01 -1.047014e+00 
 3.569008e+01 -1.040650e+00 
 3.569040e+01 -1.031952e+00 
 3.569072e+01 -1.022747e+00 
 3.569105e+01 -1.013392e+00 
 3.569137e+01 -1.004091e+00 
 3.569169e+01 -9.968662e-01 
 3.569201e+01 -9.930169e-01 
 3.569234e+01 -9.909150e-01 
 3.569266e+01 -9.903606e-01 
 3.569298e+01 -9.891123e-01 
 3.569331e+01 -9.880558e-01 
 3.569363e+01 -9.845103e-01 
 3.569395e+01 -9.658034e-01 
 3.569428e+01 -9.474919e-01 
 3.569460e+01 -9.380161e-01 
 3.569492e+01 -9.270580e-01 
 3.569524e+01 -9.179244e-01 
 3.569557e+01 -9.084204e-01 
 3.569589e+01 -9.015979e-01 
 3.569621e+01 -8.983242e-01 
 3.569654e+01 -8.994981e-01 
 3.569686e+01 -9.040671e-01 
 3.569718e+01 -9.066730e-01 
 3.569751e+01 -9.051663e-01 
 3.569783e+01 -9.017684e-01 
 3.569815e+01 -8.953310e-01 
 3.569847e+01 -8.862126e-01 
 3.569880e+01 -8.800179e-01 
 3.569912e+01 -8.716644e-01 
 3.569944e+01 -8.634122e-01 
 3.569977e+01 -8.564905e-01 
 3.570009e+01 -8.530222e-01 
 3.570041e+01 -8.539190e-01 
 3.570074e+01 -8.581861e-01 
 3.570106e+01 -8.660677e-01 
 3.570138e+01 -8.756464e-01 
 3.570170e+01 -8.819933e-01 
 3.570203e+01 -8.878655e-01 
 3.570235e+01 -8.928530e-01 
 3.570267e+01 -8.984890e-01 
 3.570300e+01 -9.044585e-01 
 3.570332e+01 -9.071976e-01 
 3.570364e+01 -9.096989e-01 
 3.570397e+01 -9.122785e-01 
 3.570429e+01 -9.164275e-01 
 3.570461e+01 -9.221745e-01 
 3.570493e+01 -9.296634e-01 
 3.570526e+01 -9.386557e-01 
 3.570558e+01 -9.442622e-01 
 3.570590e+01 -9.485705e-01 
 3.570623e+01 -9.534246e-01 
 3.570655e+01 -9.555570e-01 
 3.570687e+01 -9.545766e-01 
 3.570720e+01 -9.514991e-01 
 3.570752e+01 -9.469209e-01 
 3.570784e+01 -9.421706e-01 
 3.570816e+01 -9.302742e-01 
 3.570849e+01 -9.272879e-01 
 3.570881e+01 -9.256504e-01 
 3.570913e+01 -9.255288e-01 
 3.570946e+01 -9.245025e-01 
 3.570978e+01 -9.234803e-01 
 3.571010e+01 -9.182732e-01 
 3.571042e+01 -9.072833e-01 
 3.571075e+01 -8.976945e-01 
 3.571107e+01 -8.875889e-01 
 3.571139e+01 -8.721493e-01 
 3.571172e+01 -8.637301e-01 
 3.571204e+01 -8.579397e-01 
 3.571236e+01 -8.553440e-01 
 3.571269e+01 -8.519327e-01 
 3.571301e+01 -8.482097e-01 
 3.571333e+01 -8.457451e-01 
 3.571365e+01 -8.500812e-01 
 3.571398e+01 -8.561810e-01 
 3.571430e+01 -8.588647e-01 
 3.571462e+01 -8.607021e-01 
 3.571495e+01 -8.618415e-01 
 3.571527e+01 -8.616320e-01 
 3.571559e+01 -8.598425e-01 
 3.571592e+01 -8.578082e-01 
 3.571624e+01 -8.559117e-01 
 3.571656e+01 -8.544877e-01 
 3.571688e+01 -8.534075e-01 
 3.571721e+01 -8.515015e-01 
 3.571753e+01 -8.488300e-01 
 3.571785e+01 -8.465499e-01 
 3.571818e+01 -8.448179e-01 
 3.571850e+01 -8.428425e-01 
 3.571882e+01 -8.403756e-01 
 3.571915e+01 -8.371755e-01 
 3.571947e+01 -8.380945e-01 
 3.571979e+01 -8.470640e-01 
 3.572011e+01 -8.474974e-01 
 3.572044e+01 -8.428890e-01 
 3.572076e+01 -8.400409e-01 
 3.572108e+01 -8.326827e-01 
 3.572141e+01 -8.351591e-01 
 3.572173e+01 -8.391458e-01 
 3.572205e+01 -8.353201e-01 
 3.572238e+01 -8.378316e-01 
 3.572270e+01 -8.401581e-01 
 3.572302e+01 -8.422304e-01 
 3.572334e+01 -8.458312e-01 
 3.572367e+01 -8.505869e-01 
 3.572399e+01 -8.572335e-01 
 3.572431e+01 -8.663431e-01 
 3.572464e+01 -8.788208e-01 
 3.572496e+01 -8.946446e-01 
 3.572528e+01 -9.002839e-01 
 3.572561e+01 -9.184141e-01 
 3.572593e+01 -9.356176e-01 
 3.572625e+01 -9.512704e-01 
 3.572657e+01 -9.527588e-01 
 3.572690e+01 -9.644823e-01 
 3.572722e+01 -9.741300e-01 
 3.572754e+01 -9.812770e-01 
 3.572787e+01 -9.878590e-01 
 3.572819e+01 -9.954520e-01 
 3.572851e+01 -1.003964e+00 
 3.572884e+01 -1.012907e+00 
 3.572916e+01 -1.021915e+00 
 3.572948e+01 -1.030495e+00 
 3.572980e+01 -1.037898e+00 
 3.573013e+01 -1.044243e+00 
 3.573045e+01 -1.049103e+00 
 3.573077e+01 -1.052447e+00 
 3.573110e+01 -1.054875e+00 
 3.573142e+01 -1.056731e+00 
 3.573174e+01 -1.058196e+00 
 3.573207e+01 -1.059025e+00 
 3.573239e+01 -1.059320e+00 
 3.573271e+01 -1.059301e+00 
 3.573303e+01 -1.060006e+00 
 3.573336e+01 -1.062220e+00 
 3.573368e+01 -1.066272e+00 
 3.573400e+01 -1.071737e+00 
 3.573433e+01 -1.078316e+00 
 3.573465e+01 -1.084738e+00 
 3.573497e+01 -1.089813e+00 
 3.573530e+01 -1.093178e+00 
 3.573562e+01 -1.095073e+00 
 3.573594e+01 -1.103578e+00 
 3.573626e+01 -1.109110e+00 
 3.573659e+01 -1.110388e+00 
 3.573691e+01 -1.113479e+00 
 3.573723e+01 -1.117191e+00 
 3.573756e+01 -1.121010e+00 
 3.573788e+01 -1.124599e+00 
 3.573820e+01 -1.138406e+00 
 3.573853e+01 -1.151050e+00 
 3.573885e+01 -1.154906e+00 
 3.573917e+01 -1.154490e+00 
 3.573949e+01 -1.150695e+00 
 3.573982e+01 -1.144570e+00 
 3.574014e+01 -1.137344e+00 
 3.574046e+01 -1.128972e+00 
 3.574079e+01 -1.114522e+00 
 3.574111e+01 -1.093048e+00 
 3.574143e+01 -1.059583e+00 
 3.574176e+01 -1.052162e+00 
 3.574208e+01 -1.044926e+00 
 3.574240e+01 -1.037598e+00 
 3.574272e+01 -1.029850e+00 
 3.574305e+01 -1.023407e+00 
 3.574337e+01 -1.011863e+00 
 3.574369e+01 -1.004760e+00 
 3.574402e+01 -9.991368e-01 
 3.574434e+01 -9.944670e-01 
 3.574466e+01 -9.900931e-01 
 3.574499e+01 -9.850249e-01 
 3.574531e+01 -9.762370e-01 
 3.574563e+01 -9.699321e-01 
 3.574595e+01 -9.633094e-01 
 3.574628e+01 -9.556633e-01 
 3.574660e+01 -9.490125e-01 
 3.574692e+01 -9.383303e-01 
 3.574725e+01 -9.361293e-01 
 3.574757e+01 -9.363417e-01 
 3.574789e+01 -9.372821e-01 
 3.574821e+01 -9.330584e-01 
 3.574854e+01 -9.343833e-01 
 3.574886e+01 -9.430437e-01 
 3.574918e+01 -9.639153e-01 
 3.574951e+01 -9.781192e-01 
 3.574983e+01 -9.858677e-01 
 3.575015e+01 -9.928953e-01 
 3.575048e+01 -1.000546e+00 
 3.575080e+01 -1.009329e+00 
 3.575112e+01 -1.017688e+00 
 3.575144e+01 -1.024069e+00 
 3.575177e+01 -1.028144e+00 
 3.575209e+01 -1.030739e+00 
 3.575241e+01 -1.010547e+00 
 3.575274e+01 -9.814819e-01 
 3.575306e+01 -9.713342e-01 
 3.575338e+01 -9.653073e-01 
 3.575371e+01 -9.732084e-01 
 3.575403e+01 -9.786976e-01 
 3.575435e+01 -9.858227e-01 
 3.575467e+01 -9.940849e-01 
 3.575500e+01 -1.002855e+00 
 3.575532e+01 -1.011455e+00 
 3.575564e+01 -1.020035e+00 
 3.575597e+01 -1.000928e+00 
 3.575629e+01 -1.006178e+00 
 3.575661e+01 -1.010721e+00 
 3.575694e+01 -1.015192e+00 
 3.575726e+01 -1.021494e+00 
 3.575758e+01 -1.029794e+00 
 3.575790e+01 -1.038163e+00 
 3.575823e+01 -1.048000e+00 
 3.575855e+01 -1.050718e+00 
 3.575887e+01 -1.060250e+00 
 3.575920e+01 -1.071147e+00 
 3.575952e+01 -1.083423e+00 
 3.575984e+01 -1.097426e+00 
 3.576017e+01 -1.121933e+00 
 3.576049e+01 -1.139216e+00 
 3.576081e+01 -1.149374e+00 
 3.576113e+01 -1.152141e+00 
 3.576146e+01 -1.153444e+00 
 3.576178e+01 -1.156775e+00 
 3.576210e+01 -1.168790e+00 
 3.576243e+01 -1.171886e+00 
 3.576275e+01 -1.174415e+00 
 3.576307e+01 -1.175577e+00 
 3.576340e+01 -1.174261e+00 
 3.576372e+01 -1.171121e+00 
 3.576404e+01 -1.160796e+00 
 3.576436e+01 -1.128315e+00 
 3.576469e+01 -1.106449e+00 
 3.576501e+01 -1.098427e+00 
 3.576533e+01 -1.077508e+00 
 3.576566e+01 -1.068375e+00 
 3.576598e+01 -1.061251e+00 
 3.576630e+01 -1.057482e+00 
 3.576663e+01 -1.052906e+00 
 3.576695e+01 -1.051774e+00 
 3.576727e+01 -1.052326e+00 
 3.576759e+01 -1.055083e+00 
 3.576792e+01 -1.059192e+00 
 3.576824e+01 -1.062248e+00 
 3.576856e+01 -1.063266e+00 
 3.576889e+01 -1.062794e+00 
 3.576921e+01 -1.061820e+00 
 3.576953e+01 -1.058200e+00 
 3.576986e+01 -1.058979e+00 
 3.577018e+01 -1.055555e+00 
 3.577050e+01 -1.058810e+00 
 3.577082e+01 -1.061793e+00 
 3.577115e+01 -1.064911e+00 
 3.577147e+01 -1.069376e+00 
 3.577179e+01 -1.087923e+00 
 3.577212e+01 -1.103526e+00 
 3.577244e+01 -1.117080e+00 
 3.577276e+01 -1.127035e+00 
 3.577309e+01 -1.136466e+00 
 3.577341e+01 -1.144453e+00 
 3.577373e+01 -1.151448e+00 
 3.577405e+01 -1.144009e+00 
 3.577438e+01 -1.134856e+00 
 3.577470e+01 -1.137665e+00 
 3.577502e+01 -1.093712e+00 
 3.577535e+01 -1.068029e+00 
 3.577567e+01 -1.064964e+00 
 3.577599e+01 -1.061998e+00 
 3.577632e+01 -1.060069e+00 
 3.577664e+01 -1.060763e+00 
 3.577696e+01 -1.066634e+00 
 3.577728e+01 -1.072598e+00 
 3.577761e+01 -1.080991e+00 
 3.577793e+01 -1.090816e+00 
 3.577825e+01 -1.100196e+00 
 3.577858e+01 -1.109058e+00 
 3.577890e+01 -1.092011e+00 
 3.577922e+01 -1.094215e+00 
 3.577955e+01 -1.098062e+00 
 3.577987e+01 -1.101264e+00 
 3.578019e+01 -1.105025e+00 
 3.578051e+01 -1.111277e+00 
 3.578084e+01 -1.123493e+00 
 3.578116e+01 -1.128547e+00 
 3.578148e+01 -1.134187e+00 
 3.578181e+01 -1.146931e+00 
 3.578213e+01 -1.159376e+00 
 3.578245e+01 -1.165902e+00 
 3.578278e+01 -1.170387e+00 
 3.578310e+01 -1.173075e+00 
 3.578342e+01 -1.174079e+00 
 3.578374e+01 -1.173710e+00 
 3.578407e+01 -1.171095e+00 
 3.578439e+01 -1.167982e+00 
 3.578471e+01 -1.170177e+00 
 3.578504e+01 -1.173092e+00 
 3.578536e+01 -1.177186e+00 
 3.578568e+01 -1.182272e+00 
 3.578601e+01 -1.186969e+00 
 3.578633e+01 -1.189959e+00 
 3.578665e+01 -1.190955e+00 
 3.578697e+01 -1.189381e+00 
 3.578730e+01 -1.184490e+00 
 3.578762e+01 -1.177606e+00 
 3.578794e+01 -1.175943e+00 
 3.578827e+01 -1.130611e+00 
 3.578859e+01 -1.129059e+00 
 3.578891e+01 -1.127037e+00 
 3.578923e+01 -1.124778e+00 
 3.578956e+01 -1.121661e+00 
 3.578988e+01 -1.117898e+00 
 3.579020e+01 -1.113040e+00 
 3.579053e+01 -1.106492e+00 
 3.579085e+01 -1.084253e+00 
 3.579117e+01 -1.050234e+00 
 3.579150e+01 -1.040621e+00 
 3.579182e+01 -1.032881e+00 
 3.579214e+01 -1.026830e+00 
 3.579246e+01 -1.021197e+00 
 3.579279e+01 -1.019005e+00 
 3.579311e+01 -1.007021e+00 
 3.579343e+01 -1.006844e+00 
 3.579376e+01 -1.005389e+00 
 3.579408e+01 -1.001632e+00 
 3.579440e+01 -1.003849e+00 
 3.579473e+01 -9.788449e-01 
 3.579505e+01 -9.738179e-01 
 3.579537e+01 -9.717879e-01 
 3.579569e+01 -9.694086e-01 
 3.579602e+01 -9.670156e-01 
 3.579634e+01 -9.655122e-01 
 3.579666e+01 -9.715145e-01 
 3.579699e+01 -9.802036e-01 
 3.579731e+01 -9.844334e-01 
 3.579763e+01 -9.183940e-01 
 3.579796e+01 -8.898918e-01 
 3.579828e+01 -8.849933e-01 
 3.579860e+01 -8.839000e-01 
 3.579892e+01 -8.778578e-01 
 3.579925e+01 -8.595198e-01 
 3.579957e+01 -8.426570e-01 
 3.579989e+01 -8.292202e-01 
 3.580022e+01 -8.201057e-01 
 3.580054e+01 -8.164833e-01 
 3.580086e+01 -8.233884e-01 
 3.580119e+01 -8.343522e-01 
 3.580151e+01 -8.475747e-01 
 3.580183e+01 -8.656393e-01 
 3.580215e+01 -8.851610e-01 
 3.580248e+01 -8.976447e-01 
 3.580280e+01 -9.052151e-01 
 3.580312e+01 -9.134750e-01 
 3.580345e+01 -9.177711e-01 
 3.580377e+01 -9.194654e-01 
 3.580409e+01 -8.783429e-01 
 3.580442e+01 -8.809952e-01 
 3.580474e+01 -8.861467e-01 
 3.580506e+01 -8.942800e-01 
 3.580538e+01 -9.046656e-01 
 3.580571e+01 -9.151843e-01 
 3.580603e+01 -9.253345e-01 
 3.580635e+01 -9.346221e-01 
 3.580668e+01 -9.423582e-01 
 3.580700e+01 -9.489586e-01 
 3.580732e+01 -9.515009e-01 
 3.580765e+01 -9.544503e-01 
 3.580797e+01 -9.479279e-01 
 3.580829e+01 -9.478067e-01 
 3.580861e+01 -9.483404e-01 
 3.580894e+01 -9.443907e-01 
 3.580926e+01 -9.456523e-01 
 3.580958e+01 -9.463562e-01 
 3.580991e+01 -9.470358e-01 
 3.581023e+01 -9.473362e-01 
 3.581055e+01 -9.530928e-01 
 3.581088e+01 -9.605697e-01 
 3.581120e+01 -9.693697e-01 
 3.581152e+01 -9.785621e-01 
 3.581184e+01 -9.866376e-01 
 3.581217e+01 -9.917750e-01 
 3.581249e+01 -9.947756e-01 
 3.581281e+01 -9.963653e-01 
 3.581314e+01 -9.958600e-01 
 3.581346e+01 -9.964149e-01 
 3.581378e+01 -9.996826e-01 
 3.581411e+01 -1.004386e+00 
 3.581443e+01 -1.010458e+00 
 3.581475e+01 -1.017763e+00 
 3.581507e+01 -1.028329e+00 
 3.581540e+01 -1.035623e+00 
 3.581572e+01 -1.041167e+00 
 3.581604e+01 -1.045614e+00 
 3.581637e+01 -1.047618e+00 
 3.581669e+01 -1.047635e+00 
 3.581701e+01 -1.053165e+00 
 3.581734e+01 -1.058598e+00 
 3.581766e+01 -1.063437e+00 
 3.581798e+01 -1.069093e+00 
 3.581830e+01 -1.076927e+00 
 3.581863e+01 -1.084387e+00 
 3.581895e+01 -1.089482e+00 
 3.581927e+01 -1.093837e+00 
 3.581960e+01 -1.097653e+00 
 3.581992e+01 -1.034012e+00 
 3.582024e+01 -1.037152e+00 
 3.582057e+01 -1.043096e+00 
 3.582089e+01 -1.055478e+00 
 3.582121e+01 -1.061070e+00 
 3.582153e+01 -1.062992e+00 
 3.582186e+01 -1.065645e+00 
 3.582218e+01 -1.066743e+00 
 3.582250e+01 -1.066108e+00 
 3.582283e+01 -1.065882e+00 
 3.582315e+01 -1.003214e+00 
 3.582347e+01 -9.978340e-01 
 3.582379e+01 -9.942526e-01 
 3.582412e+01 -9.932955e-01 
 3.582444e+01 -9.861094e-01 
 3.582476e+01 -9.756667e-01 
 3.582509e+01 -9.730699e-01 
 3.582541e+01 -9.716471e-01 
 3.582573e+01 -9.715525e-01 
 3.582606e+01 -9.746693e-01 
 3.582638e+01 -9.802712e-01 
 3.582670e+01 -9.866193e-01 
 3.582702e+01 -9.922624e-01 
 3.582735e+01 -9.955748e-01 
 3.582767e+01 -9.960792e-01 
 3.582799e+01 -9.934146e-01 
 3.582832e+01 -9.885534e-01 
 3.582864e+01 -9.821381e-01 
 3.582896e+01 -9.776968e-01 
 3.582929e+01 -9.792453e-01 
 3.582961e+01 -9.885857e-01 
 3.582993e+01 -9.982597e-01 
 3.583025e+01 -1.011382e+00 
 3.583058e+01 -1.024656e+00 
 3.583090e+01 -1.036043e+00 
 3.583122e+01 -1.043001e+00 
 3.583155e+01 -1.045992e+00 
 3.583187e+01 -1.030059e+00 
 3.583219e+01 -1.023781e+00 
 3.583252e+01 -1.015202e+00 
 3.583284e+01 -1.007664e+00 
 3.583316e+01 -9.998134e-01 
 3.583348e+01 -9.990474e-01 
 3.583381e+01 -1.004645e+00 
 3.583413e+01 -1.024942e+00 
 3.583445e+01 -1.041760e+00 
 3.583478e+01 -1.053621e+00 
 3.583510e+01 -1.062144e+00 
 3.583542e+01 -1.066685e+00 
 3.583575e+01 -1.068296e+00 
 3.583607e+01 -1.068144e+00 
 3.583639e+01 -1.068706e+00 
 3.583671e+01 -1.069402e+00 
 3.583704e+01 -1.070520e+00 
 3.583736e+01 -1.071966e+00 
 3.583768e+01 -1.074370e+00 
 3.583801e+01 -1.078410e+00 
 3.583833e+01 -1.085313e+00 
 3.583865e+01 -1.094079e+00 
 3.583898e+01 -1.102809e+00 
 3.583930e+01 -1.108943e+00 
 3.583962e+01 -1.110760e+00 
 3.583994e+01 -1.109408e+00 
 3.584027e+01 -1.105901e+00 
 3.584059e+01 -1.096401e+00 
 3.584091e+01 -1.087256e+00 
 3.584124e+01 -1.079212e+00 
 3.584156e+01 -1.071161e+00 
 3.584188e+01 -1.063837e+00 
 3.584221e+01 -1.058323e+00 
 3.584253e+01 -1.055275e+00 
 3.584285e+01 -1.054216e+00 
 3.584317e+01 -1.053247e+00 
 3.584350e+01 -1.052477e+00 
 3.584382e+01 -1.047733e+00 
 3.584414e+01 -1.038566e+00 
 3.584447e+01 -1.021167e+00 
 3.584479e+01 -1.005692e+00 
 3.584511e+01 -9.893014e-01 
 3.584544e+01 -9.752239e-01 
 3.584576e+01 -9.651713e-01 
 3.584608e+01 -9.609401e-01 
 3.584640e+01 -9.588395e-01 
 3.584673e+01 -9.588086e-01 
 3.584705e+01 -9.591454e-01 
 3.584737e+01 -9.585284e-01 
 3.584770e+01 -9.567145e-01 
 3.584802e+01 -9.396543e-01 
 3.584834e+01 -9.345114e-01 
 3.584867e+01 -9.281403e-01 
 3.584899e+01 -9.047241e-01 
 3.584931e+01 -8.852791e-01 
 3.584963e+01 -8.828241e-01 
 3.584996e+01 -8.841209e-01 
 3.585028e+01 -8.864434e-01 
 3.585060e+01 -8.877479e-01 
 3.585093e+01 -8.874870e-01 
 3.585125e+01 -8.860765e-01 
 3.585157e+01 -8.812783e-01 
 3.585190e+01 -8.798418e-01 
 3.585222e+01 -8.786982e-01 
 3.585254e+01 -8.759479e-01 
 3.585286e+01 -8.704836e-01 
 3.585319e+01 -8.636985e-01 
 3.585351e+01 -8.568226e-01 
 3.585383e+01 -8.523862e-01 
 3.585416e+01 -8.523418e-01 
 3.585448e+01 -8.551455e-01 
 3.585480e+01 -8.597391e-01 
 3.585513e+01 -8.677640e-01 
 3.585545e+01 -8.776804e-01 
 3.585577e+01 -8.859425e-01 
 3.585609e+01 -8.935753e-01 
 3.585642e+01 -9.012980e-01 
 3.585674e+01 -9.070003e-01 
 3.585706e+01 -9.094212e-01 
 3.585739e+01 -9.102983e-01 
 3.585771e+01 -9.101918e-01 
 3.585803e+01 -9.107284e-01 
 3.585836e+01 -9.150676e-01 
 3.585868e+01 -9.392563e-01 
 3.585900e+01 -9.560149e-01 
 3.585932e+01 -9.739281e-01 
 3.585965e+01 -9.927523e-01 
 3.585997e+01 -1.009104e+00 
 3.586029e+01 -1.020853e+00 
 3.586062e+01 -1.028163e+00 
 3.586094e+01 -1.042786e+00 
 3.586126e+01 -1.052232e+00 
 3.586159e+01 -1.054825e+00 
 3.586191e+01 -1.058792e+00 
 3.586223e+01 -1.064918e+00 
 3.586255e+01 -1.071345e+00 
 3.586288e+01 -1.080240e+00 
 3.586320e+01 -1.092301e+00 
 3.586352e+01 -1.104170e+00 
 3.586385e+01 -1.113514e+00 
 3.586417e+01 -1.119805e+00 
 3.586449e+01 -1.122165e+00 
 3.586481e+01 -1.120330e+00 
 3.586514e+01 -1.116368e+00 
 3.586546e+01 -1.111444e+00 
 3.586578e+01 -1.106527e+00 
 3.586611e+01 -1.101273e+00 
 3.586643e+01 -1.098242e+00 
 3.586675e+01 -1.097048e+00 
 3.586708e+01 -1.084840e+00 
 3.586740e+01 -1.088725e+00 
 3.586772e+01 -1.094854e+00 
 3.586804e+01 -1.101016e+00 
 3.586837e+01 -1.106426e+00 
 3.586869e+01 -1.110268e+00 
 3.586901e+01 -1.110703e+00 
 3.586934e+01 -1.107532e+00 
 3.586966e+01 -1.087690e+00 
 3.586998e+01 -1.079933e+00 
 3.587031e+01 -1.070530e+00 
 3.587063e+01 -1.061827e+00 
 3.587095e+01 -1.055414e+00 
 3.587127e+01 -1.051430e+00 
 3.587160e+01 -1.049571e+00 
 3.587192e+01 -1.050412e+00 
 3.587224e+01 -1.050993e+00 
 3.587257e+01 -1.051885e+00 
 3.587289e+01 -1.050199e+00 
 3.587321e+01 -1.045119e+00 
 3.587354e+01 -1.035505e+00 
 3.587386e+01 -1.024085e+00 
 3.587418e+01 -1.011847e+00 
 3.587450e+01 -1.001469e+00 
 3.587483e+01 -9.931776e-01 
 3.587515e+01 -9.872604e-01 
 3.587547e+01 -9.816577e-01 
 3.587580e+01 -9.770660e-01 
 3.587612e+01 -9.732122e-01 
 3.587644e+01 -9.686597e-01 
 3.587677e+01 -9.632565e-01 
 3.587709e+01 -9.574141e-01 
 3.587741e+01 -9.508753e-01 
 3.587773e+01 -9.438075e-01 
 3.587806e+01 -9.375487e-01 
 3.587838e+01 -9.372475e-01 
 3.587870e+01 -9.391197e-01 
 3.587903e+01 -9.514485e-01 
 3.587935e+01 -9.643737e-01 
 3.587967e+01 -9.722747e-01 
 3.588000e+01 -9.802420e-01 
 3.588032e+01 -9.875970e-01 
 3.588064e+01 -9.978723e-01 
 3.588096e+01 -1.015737e+00 
 3.588129e+01 -9.756863e-01 
 3.588161e+01 -9.782097e-01 
 3.588193e+01 -9.800226e-01 
 3.588226e+01 -9.814034e-01 
 3.588258e+01 -9.827907e-01 
 3.588290e+01 -9.840129e-01 
 3.588323e+01 -9.849135e-01 
 3.588355e+01 -9.864175e-01 
 3.588387e+01 -9.884712e-01 
 3.588419e+01 -9.906414e-01 
 3.588452e+01 -9.920534e-01 
 3.588484e+01 -9.935169e-01 
 3.588516e+01 -9.932977e-01 
 3.588549e+01 -9.922832e-01 
 3.588581e+01 -9.907772e-01 
 3.588613e+01 -9.887785e-01 
 3.588646e+01 -9.860066e-01 
 3.588678e+01 -9.840793e-01 
 3.588710e+01 -9.832371e-01 
 3.588742e+01 -9.834841e-01 
 3.588775e+01 -9.848920e-01 
 3.588807e+01 -9.959004e-01 
 3.588839e+01 -1.003673e+00 
 3.588872e+01 -1.012224e+00 
 3.588904e+01 -1.018638e+00 
 3.588936e+01 -1.023054e+00 
 3.588969e+01 -1.025448e+00 
 3.589001e+01 -1.027555e+00 
 3.589033e+01 -9.907052e-01 
 3.589065e+01 -9.463449e-01 
 3.589098e+01 -9.432036e-01 
 3.589130e+01 -9.447161e-01 
 3.589162e+01 -9.429160e-01 
 3.589195e+01 -9.380215e-01 
 3.589227e+01 -9.346182e-01 
 3.589259e+01 -9.352847e-01 
 3.589292e+01 -9.354570e-01 
 3.589324e+01 -9.350276e-01 
 3.589356e+01 -9.346949e-01 
 3.589388e+01 -9.339395e-01 
 3.589421e+01 -9.313380e-01 
 3.589453e+01 -9.288451e-01 
 3.589485e+01 -9.267351e-01 
 3.589518e+01 -9.241793e-01 
 3.589550e+01 -9.189471e-01 
 3.589582e+01 -9.116628e-01 
 3.589615e+01 -9.007194e-01 
 3.589647e+01 -8.925237e-01 
 3.589679e+01 -8.860347e-01 
 3.589711e+01 -8.831683e-01 
 3.589744e+01 -8.834825e-01 
 3.589776e+01 -8.831134e-01 
 3.589808e+01 -8.779985e-01 
 3.589841e+01 -8.746257e-01 
 3.589873e+01 -8.695784e-01 
 3.589905e+01 -8.627247e-01 
 3.589937e+01 -8.555453e-01 
 3.589970e+01 -8.502169e-01 
 3.590002e+01 -8.450975e-01 
 3.590034e+01 -8.415091e-01 
 3.590067e+01 -8.459499e-01 
 3.590099e+01 -8.579748e-01 
 3.590131e+01 -8.608881e-01 
 3.590164e+01 -8.637786e-01 
 3.590196e+01 -8.733559e-01 
 3.590228e+01 -8.783539e-01 
 3.590260e+01 -8.810347e-01 
 3.590293e+01 -8.897023e-01 
 3.590325e+01 -8.956872e-01 
 3.590357e+01 -9.046633e-01 
 3.590390e+01 -9.130777e-01 
 3.590422e+01 -9.247551e-01 
 3.590454e+01 -9.381362e-01 
 3.590487e+01 -9.527535e-01 
 3.590519e+01 -9.682250e-01 
 3.590551e+01 -9.390188e-01 
 3.590583e+01 -9.471129e-01 
 3.590616e+01 -9.521571e-01 
 3.590648e+01 -9.548820e-01 
 3.590680e+01 -9.549733e-01 
 3.590713e+01 -9.547022e-01 
 3.590745e+01 -9.569732e-01 
 3.590777e+01 -9.586901e-01 
 3.590810e+01 -9.604323e-01 
 3.590842e+01 -9.631332e-01 
 3.590874e+01 -9.657279e-01 
 3.590906e+01 -9.722977e-01 
 3.590939e+01 -9.794647e-01 
 3.590971e+01 -9.857239e-01 
 3.591003e+01 -9.955753e-01 
 3.591036e+01 -1.004972e+00 
 3.591068e+01 -1.014865e+00 
 3.591100e+01 -1.021728e+00 
 3.591133e+01 -1.029328e+00 
 3.591165e+01 -1.036113e+00 
 3.591197e+01 -1.041874e+00 
 3.591229e+01 -1.052158e+00 
 3.591262e+01 -1.067313e+00 
 3.591294e+01 -1.081599e+00 
 3.591326e+01 -1.097298e+00 
 3.591359e+01 -1.111320e+00 
 3.591391e+01 -1.123466e+00 
 3.591423e+01 -1.130642e+00 
 3.591456e+01 -1.134372e+00 
 3.591488e+01 -1.136563e+00 
 3.591520e+01 -1.139589e+00 
 3.591552e+01 -1.143778e+00 
 3.591585e+01 -1.149677e+00 
 3.591617e+01 -1.158098e+00 
 3.591649e+01 -1.167999e+00 
 3.591682e+01 -1.178308e+00 
 3.591714e+01 -1.197012e+00 
 3.591746e+01 -1.218389e+00 
 3.591779e+01 -1.239907e+00 
 3.591811e+01 -1.255470e+00 
 3.591843e+01 -1.263805e+00 
 3.591875e+01 -1.267101e+00 
 3.591908e+01 -1.271457e+00 
 3.591940e+01 -1.214908e+00 
 3.591972e+01 -1.209595e+00 
 3.592005e+01 -1.206479e+00 
 3.592037e+01 -1.204848e+00 
 3.592069e+01 -1.203084e+00 
 3.592102e+01 -1.202991e+00 
 3.592134e+01 -1.204831e+00 
 3.592166e+01 -1.204815e+00 
 3.592198e+01 -1.202591e+00 
 3.592231e+01 -1.196514e+00 
 3.592263e+01 -1.196508e+00 
 3.592295e+01 -1.195522e+00 
 3.592328e+01 -1.185995e+00 
 3.592360e+01 -1.184359e+00 
 3.592392e+01 -1.181056e+00 
 3.592425e+01 -1.166282e+00 
 3.592457e+01 -1.164814e+00 
 3.592489e+01 -1.164600e+00 
 3.592521e+01 -1.163046e+00 
 3.592554e+01 -1.162777e+00 
 3.592586e+01 -1.161797e+00 
 3.592618e+01 -1.159759e+00 
 3.592651e+01 -1.156750e+00 
 3.592683e+01 -1.160503e+00 
 3.592715e+01 -1.163104e+00 
 3.592748e+01 -1.165443e+00 
 3.592780e+01 -1.168537e+00 
 3.592812e+01 -1.173388e+00 
 3.592844e+01 -1.179791e+00 
 3.592877e+01 -1.188451e+00 
 3.592909e+01 -1.145312e+00 
 3.592941e+01 -1.150500e+00 
 3.592974e+01 -1.157235e+00 
 3.593006e+01 -1.156562e+00 
 3.593038e+01 -1.156972e+00 
 3.593071e+01 -1.152969e+00 
 3.593103e+01 -1.145091e+00 
 3.593135e+01 -1.138998e+00 
 3.593167e+01 -1.129553e+00 
 3.593200e+01 -1.126438e+00 
 3.593232e+01 -1.126120e+00 
 3.593264e+01 -1.128416e+00 
 3.593297e+01 -1.133945e+00 
 3.593329e+01 -1.142456e+00 
 3.593361e+01 -1.150703e+00 
 3.593394e+01 -1.156573e+00 
 3.593426e+01 -1.158106e+00 
 3.593458e+01 -1.156821e+00 
 3.593490e+01 -1.154232e+00 
 3.593523e+01 -1.152639e+00 
 3.593555e+01 -1.153910e+00 
 3.593587e+01 -1.158619e+00 
 3.593620e+01 -1.164710e+00 
 3.593652e+01 -1.171206e+00 
 3.593684e+01 -1.175620e+00 
 3.593716e+01 -1.180103e+00 
 3.593749e+01 -1.170333e+00 
 3.593781e+01 -1.176463e+00 
 3.593813e+01 -1.183440e+00 
 3.593846e+01 -1.188903e+00 
 3.593878e+01 -1.190721e+00 
 3.593910e+01 -1.189657e+00 
 3.593943e+01 -1.188107e+00 
 3.593975e+01 -1.187078e+00 
 3.594007e+01 -1.170024e+00 
 3.594039e+01 -1.167765e+00 
 3.594072e+01 -1.166097e+00 
 3.594104e+01 -1.164899e+00 
 3.594136e+01 -1.165580e+00 
 3.594169e+01 -1.168438e+00 
 3.594201e+01 -1.172719e+00 
 3.594233e+01 -1.177686e+00 
 3.594266e+01 -1.183773e+00 
 3.594298e+01 -1.190244e+00 
 3.594330e+01 -1.193534e+00 
 3.594362e+01 -1.193738e+00 
 3.594395e+01 -1.190967e+00 
 3.594427e+01 -1.186194e+00 
 3.594459e+01 -1.181100e+00 
 3.594492e+01 -1.176863e+00 
 3.594524e+01 -1.172011e+00 
 3.594556e+01 -1.156417e+00 
 3.594589e+01 -1.142025e+00 
 3.594621e+01 -1.145628e+00 
 3.594653e+01 -1.151208e+00 
 3.594685e+01 -1.157698e+00 
 3.594718e+01 -1.165514e+00 
 3.594750e+01 -1.174458e+00 
 3.594782e+01 -1.182179e+00 
 3.594815e+01 -1.194029e+00 
 3.594847e+01 -1.189312e+00 
 3.594879e+01 -1.192880e+00 
 3.594912e+01 -1.196156e+00 
 3.594944e+01 -1.199130e+00 
 3.594976e+01 -1.201052e+00 
 3.595008e+01 -1.217718e+00 
 3.595041e+01 -1.217879e+00 
 3.595073e+01 -1.232300e+00 
 3.595105e+01 -1.234131e+00 
 3.595138e+01 -1.237378e+00 
 3.595170e+01 -1.240755e+00 
 3.595202e+01 -1.242960e+00 
 3.595235e+01 -1.242929e+00 
 3.595267e+01 -1.240345e+00 
 3.595299e+01 -1.234697e+00 
 3.595331e+01 -1.227723e+00 
 3.595364e+01 -1.207071e+00 
 3.595396e+01 -1.202335e+00 
 3.595428e+01 -1.197073e+00 
 3.595461e+01 -1.193807e+00 
 3.595493e+01 -1.193986e+00 
 3.595525e+01 -1.197599e+00 
 3.595558e+01 -1.189355e+00 
 3.595590e+01 -1.205176e+00 
 3.595622e+01 -1.236698e+00 
 3.595654e+01 -1.249533e+00 
 3.595687e+01 -1.258333e+00 
 3.595719e+01 -1.265476e+00 
 3.595751e+01 -1.277426e+00 
 3.595784e+01 -1.294663e+00 
 3.595816e+01 -1.284274e+00 
 3.595848e+01 -1.274912e+00 
 3.595881e+01 -1.283528e+00 
 3.595913e+01 -1.291438e+00 
 3.595945e+01 -1.297147e+00 
 3.595977e+01 -1.302441e+00 
 3.596010e+01 -1.309191e+00 
 3.596042e+01 -1.311980e+00 
 3.596074e+01 -1.321064e+00 
 3.596107e+01 -1.330768e+00 
 3.596139e+01 -1.338235e+00 
 3.596171e+01 -1.350753e+00 
 3.596204e+01 -1.362415e+00 
 3.596236e+01 -1.374425e+00 
 3.596268e+01 -1.383860e+00 
 3.596300e+01 -1.388918e+00 
 3.596333e+01 -1.389750e+00 
 3.596365e+01 -1.388620e+00 
 3.596397e+01 -1.386983e+00 
 3.596430e+01 -1.385655e+00 
 3.596462e+01 -1.386910e+00 
 3.596494e+01 -1.391067e+00 
 3.596527e+01 -1.398491e+00 
 3.596559e+01 -1.408079e+00 
 3.596591e+01 -1.417678e+00 
 3.596623e+01 -1.426187e+00 
 3.596656e+01 -1.432939e+00 
 3.596688e+01 -1.439289e+00 
 3.596720e+01 -1.445163e+00 
 3.596753e+01 -1.450827e+00 
 3.596785e+01 -1.456183e+00 
 3.596817e+01 -1.460217e+00 
 3.596850e+01 -1.462763e+00 
 3.596882e+01 -1.465965e+00 
 3.596914e+01 -1.469898e+00 
 3.596946e+01 -1.474916e+00 
 3.596979e+01 -1.479563e+00 
 3.597011e+01 -1.484331e+00 
 3.597043e+01 -1.489532e+00 
 3.597076e+01 -1.493510e+00 
 3.597108e+01 -1.496278e+00 
 3.597140e+01 -1.489557e+00 
 3.597173e+01 -1.490383e+00 
 3.597205e+01 -1.501213e+00 
 3.597237e+01 -1.512128e+00 
 3.597269e+01 -1.523136e+00 
 3.597302e+01 -1.533927e+00 
 3.597334e+01 -1.546273e+00 
 3.597366e+01 -1.560221e+00 
 3.597399e+01 -1.575889e+00 
 3.597431e+01 -1.590185e+00 
 3.597463e+01 -1.600770e+00 
 3.597495e+01 -1.603032e+00 
 3.597528e+01 -1.609184e+00 
 3.597560e+01 -1.613550e+00 
 3.597592e+01 -1.616342e+00 
 3.597625e+01 -1.617813e+00 
 3.597657e+01 -1.619294e+00 
 3.597689e+01 -1.621386e+00 
 3.597722e+01 -1.625430e+00 
 3.597754e+01 -1.634947e+00 
 3.597786e+01 -1.591591e+00 
 3.597818e+01 -1.548198e+00 
 3.597851e+01 -1.557476e+00 
 3.597883e+01 -1.563132e+00 
 3.597915e+01 -1.563569e+00 
 3.597948e+01 -1.558427e+00 
 3.597980e+01 -1.551252e+00 
 3.598012e+01 -1.545546e+00 
 3.598045e+01 -1.511354e+00 
 3.598077e+01 -1.497055e+00 
 3.598109e+01 -1.486299e+00 
 3.598141e+01 -1.477711e+00 
 3.598174e+01 -1.488621e+00 
 3.598206e+01 -1.488517e+00 
 3.598238e+01 -1.480052e+00 
 3.598271e+01 -1.468379e+00 
 3.598303e+01 -1.455157e+00 
 3.598335e+01 -1.438535e+00 
 3.598368e+01 -1.421303e+00 
 3.598400e+01 -1.404935e+00 
 3.598432e+01 -1.393426e+00 
 3.598464e+01 -1.385202e+00 
 3.598497e+01 -1.380334e+00 
 3.598529e+01 -1.373570e+00 
 3.598561e+01 -1.368582e+00 
 3.598594e+01 -1.363951e+00 
 3.598626e+01 -1.356764e+00 
 3.598658e+01 -1.351997e+00 
 3.598691e+01 -1.343215e+00 
 3.598723e+01 -1.336045e+00 
 3.598755e+01 -1.328737e+00 
 3.598787e+01 -1.321920e+00 
 3.598820e+01 -1.321331e+00 
 3.598852e+01 -1.319690e+00 
 3.598884e+01 -1.319657e+00 
 3.598917e+01 -1.320990e+00 
 3.598949e+01 -1.325458e+00 
 3.598981e+01 -1.333723e+00 
 3.599014e+01 -1.344441e+00 
 3.599046e+01 -1.358458e+00 
 3.599078e+01 -1.373166e+00 
 3.599110e+01 -1.387481e+00 
 3.599143e+01 -1.348216e+00 
 3.599175e+01 -1.357252e+00 
 3.599207e+01 -1.362511e+00 
 3.599240e+01 -1.366694e+00 
 3.599272e+01 -1.368804e+00 
 3.599304e+01 -1.371303e+00 
 3.599337e+01 -1.376368e+00 
 3.599369e+01 -1.383634e+00 
 3.599401e+01 -1.394185e+00 
 3.599433e+01 -1.405289e+00 
 3.599466e+01 -1.401470e+00 
 3.599498e+01 -1.403484e+00 
 3.599530e+01 -1.403033e+00 
 3.599563e+01 -1.400733e+00 
 3.599595e+01 -1.397433e+00 
 3.599627e+01 -1.393724e+00 
 3.599660e+01 -1.390811e+00 
 3.599692e+01 -1.389365e+00 
 3.599724e+01 -1.390179e+00 
 3.599756e+01 -1.394658e+00 
 3.599789e+01 -1.413829e+00 
 3.599821e+01 -1.435917e+00 
 3.599853e+01 -1.469718e+00 
 3.599886e+01 -1.494506e+00 
 3.599918e+01 -1.517544e+00 
 3.599950e+01 -1.543469e+00 
 3.599983e+01 -1.556036e+00 
 3.600015e+01 -1.567516e+00 
 3.600047e+01 -1.579194e+00 
 3.600079e+01 -1.590643e+00 
 3.600112e+01 -1.600351e+00 
 3.600144e+01 -1.622074e+00 
 3.600176e+01 -1.642149e+00 
 3.600209e+01 -1.660596e+00 
 3.600241e+01 -1.677706e+00 
 3.600273e+01 -1.688204e+00 
 3.600306e+01 -1.697451e+00 
 3.600338e+01 -1.706043e+00 
 3.600370e+01 -1.711492e+00 
 3.600402e+01 -1.684087e+00 
 3.600435e+01 -1.665199e+00 
 3.600467e+01 -1.642485e+00 
 3.600499e+01 -1.616424e+00 
 3.600532e+01 -1.587866e+00 
 3.600564e+01 -1.558461e+00 
 3.600596e+01 -1.529674e+00 
 3.600628e+01 -1.504214e+00 
 3.600661e+01 -1.483671e+00 
 3.600693e+01 -1.466676e+00 
 3.600725e+01 -1.450779e+00 
 3.600758e+01 -1.424969e+00 
 3.600790e+01 -1.403427e+00 
 3.600822e+01 -1.370936e+00 
 3.600855e+01 -1.334722e+00 
 3.600887e+01 -1.313718e+00 
 3.600919e+01 -1.292786e+00 
 3.600951e+01 -1.275427e+00 
 3.600984e+01 -1.263542e+00 
 3.601016e+01 -1.258650e+00 
 3.601048e+01 -1.261840e+00 
 3.601081e+01 -1.268588e+00 
 3.601113e+01 -1.277362e+00 
 3.601145e+01 -1.286202e+00 
 3.601178e+01 -1.289990e+00 
 3.601210e+01 -1.286895e+00 
 3.601242e+01 -1.279754e+00 
 3.601274e+01 -1.275785e+00 
 3.601307e+01 -1.280609e+00 
 3.601339e+01 -1.276184e+00 
 3.601371e+01 -1.287567e+00 
 3.601404e+01 -1.302873e+00 
 3.601436e+01 -1.314300e+00 
 3.601468e+01 -1.330791e+00 
 3.601501e+01 -1.345166e+00 
 3.601533e+01 -1.359974e+00 
 3.601565e+01 -1.372476e+00 
 3.601597e+01 -1.374850e+00 
 3.601630e+01 -1.380603e+00 
 3.601662e+01 -1.383179e+00 
 3.601694e+01 -1.368509e+00 
 3.601727e+01 -1.353623e+00 
 3.601759e+01 -1.354255e+00 
 3.601791e+01 -1.356048e+00 
 3.601824e+01 -1.361892e+00 
 3.601856e+01 -1.373043e+00 
 3.601888e+01 -1.388492e+00 
 3.601920e+01 -1.406957e+00 
 3.601953e+01 -1.425519e+00 
 3.601985e+01 -1.442067e+00 
 3.602017e+01 -1.454077e+00 
 3.602050e+01 -1.462111e+00 
 3.602082e+01 -1.466080e+00 
 3.602114e+01 -1.466761e+00 
 3.602147e+01 -1.465777e+00 
 3.602179e+01 -1.467164e+00 
 3.602211e+01 -1.473072e+00 
 3.602243e+01 -1.481986e+00 
 3.602276e+01 -1.495869e+00 
 3.602308e+01 -1.513887e+00 
 3.602340e+01 -1.541009e+00 
 3.602373e+01 -1.575228e+00 
 3.602405e+01 -1.604259e+00 
 3.602437e+01 -1.619447e+00 
 3.602470e+01 -1.625316e+00 
 3.602502e+01 -1.627258e+00 
 3.602534e+01 -1.621732e+00 
 3.602566e+01 -1.614726e+00 
 3.602599e+01 -1.607803e+00 
 3.602631e+01 -1.602364e+00 
 3.602663e+01 -1.591939e+00 
 3.602696e+01 -1.591229e+00 
 3.602728e+01 -1.576462e+00 
 3.602760e+01 -1.565393e+00 
 3.602793e+01 -1.564631e+00 
 3.602825e+01 -1.557201e+00 
 3.602857e+01 -1.540646e+00 
 3.602889e+01 -1.527405e+00 
 3.602922e+01 -1.511558e+00 
 3.602954e+01 -1.494321e+00 
 3.602986e+01 -1.476741e+00 
 3.603019e+01 -1.460459e+00 
 3.603051e+01 -1.444671e+00 
 3.603083e+01 -1.429736e+00 
 3.603116e+01 -1.414248e+00 
 3.603148e+01 -1.398291e+00 
 3.603180e+01 -1.381692e+00 
 3.603212e+01 -1.363127e+00 
 3.603245e+01 -1.341472e+00 
 3.603277e+01 -1.319164e+00 
 3.603309e+01 -1.247972e+00 
 3.603342e+01 -1.227750e+00 
 3.603374e+01 -1.207171e+00 
 3.603406e+01 -1.187393e+00 
 3.603439e+01 -1.169975e+00 
 3.603471e+01 -1.154592e+00 
 3.603503e+01 -1.141563e+00 
 3.603535e+01 -1.118302e+00 
 3.603568e+01 -1.110116e+00 
 3.603600e+01 -1.102611e+00 
 3.603632e+01 -1.094264e+00 
 3.603665e+01 -1.081339e+00 
 3.603697e+01 -1.043734e+00 
 3.603729e+01 -1.028557e+00 
 3.603762e+01 -1.010743e+00 
 3.603794e+01 -9.902796e-01 
 3.603826e+01 -9.757099e-01 
 3.603858e+01 -9.657606e-01 
 3.603891e+01 -9.573579e-01 
 3.603923e+01 -9.602811e-01 
 3.603955e+01 -9.655410e-01 
 3.603988e+01 -9.768854e-01 
 3.604020e+01 -9.869702e-01 
 3.604052e+01 -9.941741e-01 
 3.604085e+01 -9.988620e-01 
 3.604117e+01 -1.003816e+00 
 3.604149e+01 -1.010140e+00 
 3.604181e+01 -1.017369e+00 
 3.604214e+01 -1.028956e+00 
 3.604246e+01 -1.045779e+00 
 3.604278e+01 -1.066237e+00 
 3.604311e+01 -1.088936e+00 
 3.604343e+01 -1.113790e+00 
 3.604375e+01 -1.143837e+00 
 3.604408e+01 -1.181028e+00 
 3.604440e+01 -1.223146e+00 
 3.604472e+01 -1.257362e+00 
 3.604504e+01 -1.276645e+00 
 3.604537e+01 -1.287529e+00 
 3.604569e+01 -1.298613e+00 
 3.604601e+01 -1.315351e+00 
 3.604634e+01 -1.333325e+00 
 3.604666e+01 -1.347945e+00 
 3.604698e+01 -1.363435e+00 
 3.604730e+01 -1.379697e+00 
 3.604763e+01 -1.396383e+00 
 3.604795e+01 -1.399696e+00 
 3.604827e+01 -1.413370e+00 
 3.604860e+01 -1.423901e+00 
 3.604892e+01 -1.430809e+00 
 3.604924e+01 -1.433740e+00 
 3.604957e+01 -1.435144e+00 
 3.604989e+01 -1.411189e+00 
 3.605021e+01 -1.409044e+00 
 3.605053e+01 -1.408107e+00 
 3.605086e+01 -1.409856e+00 
 3.605118e+01 -1.414664e+00 
 3.605150e+01 -1.423037e+00 
 3.605183e+01 -1.435035e+00 
 3.605215e+01 -1.448817e+00 
 3.605247e+01 -1.461423e+00 
 3.605280e+01 -1.469997e+00 
 3.605312e+01 -1.472406e+00 
 3.605344e+01 -1.470118e+00 
 3.605376e+01 -1.463920e+00 
 3.605409e+01 -1.455415e+00 
 3.605441e+01 -1.447426e+00 
 3.605473e+01 -1.445121e+00 
 3.605506e+01 -1.444896e+00 
 3.605538e+01 -1.446340e+00 
 3.605570e+01 -1.456276e+00 
 3.605603e+01 -1.468978e+00 
 3.605635e+01 -1.449390e+00 
 3.605667e+01 -1.444509e+00 
 3.605699e+01 -1.434795e+00 
 3.605732e+01 -1.419247e+00 
 3.605764e+01 -1.395146e+00 
 3.605796e+01 -1.352367e+00 
 3.605829e+01 -1.325061e+00 
 3.605861e+01 -1.298220e+00 
 3.605893e+01 -1.273538e+00 
 3.605926e+01 -1.241729e+00 
 3.605958e+01 -1.228566e+00 
 3.605990e+01 -1.222148e+00 
 3.606022e+01 -1.217451e+00 
 3.606055e+01 -1.207212e+00 
 3.606087e+01 -1.202587e+00 
 3.606119e+01 -1.196490e+00 
 3.606152e+01 -1.187971e+00 
 3.606184e+01 -1.177856e+00 
 3.606216e+01 -1.165913e+00 
 3.606249e+01 -1.121080e+00 
 3.606281e+01 -1.109977e+00 
 3.606313e+01 -1.100955e+00 
 3.606345e+01 -1.095750e+00 
 3.606378e+01 -1.101526e+00 
 3.606410e+01 -1.112312e+00 
 3.606442e+01 -1.123610e+00 
 3.606475e+01 -1.139705e+00 
 3.606507e+01 -1.159500e+00 
 3.606539e+01 -1.176760e+00 
 3.606572e+01 -1.188061e+00 
 3.606604e+01 -1.197295e+00 
 3.606636e+01 -1.203120e+00 
 3.606668e+01 -1.203699e+00 
 3.606701e+01 -1.203017e+00 
 3.606733e+01 -1.204306e+00 
 3.606765e+01 -1.219794e+00 
 3.606798e+01 -1.244571e+00 
 3.606830e+01 -1.268243e+00 
 3.606862e+01 -1.285509e+00 
 3.606895e+01 -1.304058e+00 
 3.606927e+01 -1.321880e+00 
 3.606959e+01 -1.337811e+00 
 3.606991e+01 -1.350345e+00 
 3.607024e+01 -1.358249e+00 
 3.607056e+01 -1.362256e+00 
 3.607088e+01 -1.364566e+00 
 3.607121e+01 -1.367855e+00 
 3.607153e+01 -1.374203e+00 
 3.607185e+01 -1.384178e+00 
 3.607218e+01 -1.398388e+00 
 3.607250e+01 -1.414144e+00 
 3.607282e+01 -1.429266e+00 
 3.607314e+01 -1.441373e+00 
 3.607347e+01 -1.450368e+00 
 3.607379e+01 -1.456545e+00 
 3.607411e+01 -1.460609e+00 
 3.607444e+01 -1.462507e+00 
 3.607476e+01 -1.462121e+00 
 3.607508e+01 -1.460713e+00 
 3.607541e+01 -1.462733e+00 
 3.607573e+01 -1.466768e+00 
 3.607605e+01 -1.473370e+00 
 3.607637e+01 -1.478453e+00 
 3.607670e+01 -1.484647e+00 
 3.607702e+01 -1.490826e+00 
 3.607734e+01 -1.494893e+00 
 3.607767e+01 -1.495596e+00 
 3.607799e+01 -1.494431e+00 
 3.607831e+01 -1.491200e+00 
 3.607864e+01 -1.485358e+00 
 3.607896e+01 -1.477523e+00 
 3.607928e+01 -1.468830e+00 
 3.607960e+01 -1.459379e+00 
 3.607993e+01 -1.450080e+00 
 3.608025e+01 -1.425687e+00 
 3.608057e+01 -1.417083e+00 
 3.608090e+01 -1.410989e+00 
 3.608122e+01 -1.403229e+00 
 3.608154e+01 -1.393389e+00 
 3.608187e+01 -1.382896e+00 
 3.608219e+01 -1.368069e+00 
 3.608251e+01 -1.343330e+00 
 3.608283e+01 -1.324763e+00 
 3.608316e+01 -1.286249e+00 
 3.608348e+01 -1.268301e+00 
 3.608380e+01 -1.253178e+00 
 3.608413e+01 -1.241484e+00 
 3.608445e+01 -1.216156e+00 
 3.608477e+01 -1.209446e+00 
 3.608509e+01 -1.208682e+00 
 3.608542e+01 -1.208200e+00 
 3.608574e+01 -1.206365e+00 
 3.608606e+01 -1.201481e+00 
 3.608639e+01 -1.194903e+00 
 3.608671e+01 -1.186951e+00 
 3.608703e+01 -1.179891e+00 
 3.608736e+01 -1.177325e+00 
 3.608768e+01 -1.177516e+00 
 3.608800e+01 -1.180941e+00 
 3.608832e+01 -1.185167e+00 
 3.608865e+01 -1.190010e+00 
 3.608897e+01 -1.196331e+00 
 3.608929e+01 -1.203762e+00 
 3.608962e+01 -1.212208e+00 
 3.608994e+01 -1.220574e+00 
 3.609026e+01 -1.228235e+00 
 3.609059e+01 -1.235802e+00 
 3.609091e+01 -1.242108e+00 
 3.609123e+01 -1.247552e+00 
 3.609155e+01 -1.253386e+00 
 3.609188e+01 -1.261725e+00 
 3.609220e+01 -1.271701e+00 
 3.609252e+01 -1.266685e+00 
 3.609285e+01 -1.278878e+00 
 3.609317e+01 -1.293325e+00 
 3.609349e+01 -1.308145e+00 
 3.609382e+01 -1.323376e+00 
 3.609414e+01 -1.339755e+00 
 3.609446e+01 -1.357030e+00 
 3.609478e+01 -1.376639e+00 
 3.609511e+01 -1.395157e+00 
 3.609543e+01 -1.415099e+00 
 3.609575e+01 -1.433900e+00 
 3.609608e+01 -1.456169e+00 
 3.609640e+01 -1.482122e+00 
 3.609672e+01 -1.511588e+00 
 3.609705e+01 -1.544050e+00 
 3.609737e+01 -1.581236e+00 
 3.609769e+01 -1.615913e+00 
 3.609801e+01 -1.649393e+00 
 3.609834e+01 -1.680732e+00 
 3.609866e+01 -1.706859e+00 
 3.609898e+01 -1.718500e+00 
 3.609931e+01 -1.732959e+00 
 3.609963e+01 -1.743628e+00 
 3.609995e+01 -1.752768e+00 
 3.610028e+01 -1.760321e+00 
 3.610060e+01 -1.765961e+00 
 3.610092e+01 -1.772319e+00 
 3.610124e+01 -1.779216e+00 
 3.610157e+01 -1.783719e+00 
 3.610189e+01 -1.786022e+00 
 3.610221e+01 -1.787064e+00 
 3.610254e+01 -1.786901e+00 
 3.610286e+01 -1.779262e+00 
 3.610318e+01 -1.760125e+00 
 3.610351e+01 -1.757313e+00 
 3.610383e+01 -1.754544e+00 
 3.610415e+01 -1.717799e+00 
 3.610447e+01 -1.713622e+00 
 3.610480e+01 -1.692920e+00 
 3.610512e+01 -1.688441e+00 
 3.610544e+01 -1.683535e+00 
 3.610577e+01 -1.678669e+00 
 3.610609e+01 -1.673822e+00 
 3.610641e+01 -1.666128e+00 
 3.610674e+01 -1.660053e+00 
 3.610706e+01 -1.653456e+00 
 3.610738e+01 -1.647528e+00 
 3.610770e+01 -1.641476e+00 
 3.610803e+01 -1.635032e+00 
 3.610835e+01 -1.629253e+00 
 3.610867e+01 -1.624492e+00 
 3.610900e+01 -1.619995e+00 
 3.610932e+01 -1.617097e+00 
 3.610964e+01 -1.614887e+00 
 3.610997e+01 -1.612823e+00 
 3.611029e+01 -1.611375e+00 
 3.611061e+01 -1.608576e+00 
 3.611093e+01 -1.603874e+00 
 3.611126e+01 -1.596687e+00 
 3.611158e+01 -1.588604e+00 
 3.611190e+01 -1.581013e+00 
 3.611223e+01 -1.576285e+00 
 3.611255e+01 -1.573324e+00 
 3.611287e+01 -1.566159e+00 
 3.611320e+01 -1.568453e+00 
 3.611352e+01 -1.571913e+00 
 3.611384e+01 -1.575500e+00 
 3.611416e+01 -1.579699e+00 
 3.611449e+01 -1.582982e+00 
 3.611481e+01 -1.585024e+00 
 3.611513e+01 -1.585180e+00 
 3.611546e+01 -1.583928e+00 
 3.611578e+01 -1.581757e+00 
 3.611610e+01 -1.579702e+00 
 3.611643e+01 -1.578691e+00 
 3.611675e+01 -1.576566e+00 
 3.611707e+01 -1.581610e+00 
 3.611739e+01 -1.577233e+00 
 3.611772e+01 -1.579128e+00 
 3.611804e+01 -1.583578e+00 
 3.611836e+01 -1.585923e+00 
 3.611869e+01 -1.586263e+00 
 3.611901e+01 -1.585973e+00 
 3.611933e+01 -1.585526e+00 
 3.611966e+01 -1.585533e+00 
 3.611998e+01 -1.586964e+00 
 3.612030e+01 -1.590991e+00 
 3.612062e+01 -1.597321e+00 
 3.612095e+01 -1.604956e+00 
 3.612127e+01 -1.614972e+00 
 3.612159e+01 -1.625787e+00 
 3.612192e+01 -1.635678e+00 
 3.612224e+01 -1.645242e+00 
 3.612256e+01 -1.653739e+00 
 3.612288e+01 -1.662602e+00 
 3.612321e+01 -1.670039e+00 
 3.612353e+01 -1.674921e+00 
 3.612385e+01 -1.677871e+00 
 3.612418e+01 -1.676952e+00 
 3.612450e+01 -1.672260e+00 
 3.612482e+01 -1.666686e+00 
 3.612515e+01 -1.665080e+00 
 3.612547e+01 -1.664392e+00 
 3.612579e+01 -1.664790e+00 
 3.612611e+01 -1.666037e+00 
 3.612644e+01 -1.667462e+00 
 3.612676e+01 -1.669534e+00 
 3.612708e+01 -1.634181e+00 
 3.612741e+01 -1.633183e+00 
 3.612773e+01 -1.629268e+00 
 3.612805e+01 -1.623981e+00 
 3.612838e+01 -1.616577e+00 
 3.612870e+01 -1.609843e+00 
 3.612902e+01 -1.591861e+00 
 3.612934e+01 -1.583976e+00 
 3.612967e+01 -1.583421e+00 
 3.612999e+01 -1.584314e+00 
 3.613031e+01 -1.586783e+00 
 3.613064e+01 -1.588657e+00 
 3.613096e+01 -1.589470e+00 
 3.613128e+01 -1.589089e+00 
 3.613161e+01 -1.586736e+00 
 3.613193e+01 -1.581601e+00 
 3.613225e+01 -1.574686e+00 
 3.613257e+01 -1.565536e+00 
 3.613290e+01 -1.555735e+00 
 3.613322e+01 -1.546913e+00 
 3.613354e+01 -1.534864e+00 
 3.613387e+01 -1.528750e+00 
 3.613419e+01 -1.522894e+00 
 3.613451e+01 -1.513359e+00 
 3.613484e+01 -1.506202e+00 
 3.613516e+01 -1.500361e+00 
 3.613548e+01 -1.494595e+00 
 3.613580e+01 -1.487209e+00 
 3.613613e+01 -1.477624e+00 
 3.613645e+01 -1.447165e+00 
 3.613677e+01 -1.413377e+00 
 3.613710e+01 -1.402645e+00 
 3.613742e+01 -1.391925e+00 
 3.613774e+01 -1.382902e+00 
 3.613807e+01 -1.376432e+00 
 3.613839e+01 -1.373588e+00 
 3.613871e+01 -1.374785e+00 
 3.613903e+01 -1.379948e+00 
 3.613936e+01 -1.387777e+00 
 3.613968e+01 -1.398084e+00 
 3.614000e+01 -1.408683e+00 
 3.614033e+01 -1.419101e+00 
 3.614065e+01 -1.428179e+00 
 3.614097e+01 -1.436380e+00 
 3.614130e+01 -1.443771e+00 
 3.614162e+01 -1.451850e+00 
 3.614194e+01 -1.461797e+00 
 3.614226e+01 -1.473830e+00 
 3.614259e+01 -1.487649e+00 
 3.614291e+01 -1.503156e+00 
 3.614323e+01 -1.520546e+00 
 3.614356e+01 -1.538676e+00 
 3.614388e+01 -1.556067e+00 
 3.614420e+01 -1.573521e+00 
 3.614453e+01 -1.591507e+00 
 3.614485e+01 -1.608164e+00 
 3.614517e+01 -1.624053e+00 
 3.614549e+01 -1.640269e+00 
 3.614582e+01 -1.657605e+00 
 3.614614e+01 -1.674796e+00 
 3.614646e+01 -1.690327e+00 
 3.614679e+01 -1.704086e+00 
 3.614711e+01 -1.717188e+00 
 3.614743e+01 -1.727529e+00 
 3.614776e+01 -1.734705e+00 
 3.614808e+01 -1.738681e+00 
 3.614840e+01 -1.740326e+00 
 3.614872e+01 -1.740168e+00 
 3.614905e+01 -1.739614e+00 
 3.614937e+01 -1.739156e+00 
 3.614969e+01 -1.739172e+00 
 3.615002e+01 -1.738254e+00 
 3.615034e+01 -1.737070e+00 
 3.615066e+01 -1.735568e+00 
 3.615099e+01 -1.734444e+00 
 3.615131e+01 -1.734084e+00 
 3.615163e+01 -1.732749e+00 
 3.615195e+01 -1.731525e+00 
 3.615228e+01 -1.727011e+00 
 3.615260e+01 -1.719510e+00 
 3.615292e+01 -1.711034e+00 
 3.615325e+01 -1.703408e+00 
 3.615357e+01 -1.696836e+00 
 3.615389e+01 -1.690959e+00 
 3.615422e+01 -1.660537e+00 
 3.615454e+01 -1.656278e+00 
 3.615486e+01 -1.652594e+00 
 3.615518e+01 -1.650232e+00 
 3.615551e+01 -1.648918e+00 
 3.615583e+01 -1.647495e+00 
 3.615615e+01 -1.637730e+00 
 3.615648e+01 -1.631969e+00 
 3.615680e+01 -1.624721e+00 
 3.615712e+01 -1.616861e+00 
 3.615745e+01 -1.607416e+00 
 3.615777e+01 -1.599108e+00 
 3.615809e+01 -1.592205e+00 
 3.615841e+01 -1.586744e+00 
 3.615874e+01 -1.582836e+00 
 3.615906e+01 -1.579879e+00 
 3.615938e+01 -1.577865e+00 
 3.615971e+01 -1.574727e+00 
 3.616003e+01 -1.570167e+00 
 3.616035e+01 -1.563940e+00 
 3.616067e+01 -1.550717e+00 
 3.616100e+01 -1.538717e+00 
 3.616132e+01 -1.525515e+00 
 3.616164e+01 -1.512830e+00 
 3.616197e+01 -1.500922e+00 
 3.616229e+01 -1.483258e+00 
 3.616261e+01 -1.421768e+00 
 3.616294e+01 -1.391346e+00 
 3.616326e+01 -1.364148e+00 
 3.616358e+01 -1.356225e+00 
 3.616390e+01 -1.349686e+00 
 3.616423e+01 -1.344131e+00 
 3.616455e+01 -1.338845e+00 
 3.616487e+01 -1.334010e+00 
 3.616520e+01 -1.330765e+00 
 3.616552e+01 -1.328660e+00 
 3.616584e+01 -1.326296e+00 
 3.616617e+01 -1.323045e+00 
 3.616649e+01 -1.319183e+00 
 3.616681e+01 -1.315477e+00 
 3.616713e+01 -1.311673e+00 
 3.616746e+01 -1.306450e+00 
 3.616778e+01 -1.301153e+00 
 3.616810e+01 -1.296790e+00 
 3.616843e+01 -1.293403e+00 
 3.616875e+01 -1.291168e+00 
 3.616907e+01 -1.289978e+00 
 3.616940e+01 -1.291160e+00 
 3.616972e+01 -1.293181e+00 
 3.617004e+01 -1.295790e+00 
 3.617036e+01 -1.297741e+00 
 3.617069e+01 -1.297537e+00 
 3.617101e+01 -1.296100e+00 
 3.617133e+01 -1.295623e+00 
 3.617166e+01 -1.298251e+00 
 3.617198e+01 -1.303148e+00 
 3.617230e+01 -1.305901e+00 
 3.617263e+01 -1.309538e+00 
 3.617295e+01 -1.312703e+00 
 3.617327e+01 -1.316806e+00 
 3.617359e+01 -1.322692e+00 
 3.617392e+01 -1.330111e+00 
 3.617424e+01 -1.337415e+00 
 3.617456e+01 -1.343775e+00 
 3.617489e+01 -1.349974e+00 
 3.617521e+01 -1.356478e+00 
 3.617553e+01 -1.362257e+00 
 3.617586e+01 -1.367122e+00 
 3.617618e+01 -1.371687e+00 
 3.617650e+01 -1.374528e+00 
 3.617682e+01 -1.375071e+00 
 3.617715e+01 -1.373430e+00 
 3.617747e+01 -1.369762e+00 
 3.617779e+01 -1.364567e+00 
 3.617812e+01 -1.357926e+00 
 3.617844e+01 -1.352209e+00 
 3.617876e+01 -1.348270e+00 
 3.617909e+01 -1.343612e+00 
 3.617941e+01 -1.338116e+00 
 3.617973e+01 -1.332820e+00 
 3.618005e+01 -1.326308e+00 
 3.618038e+01 -1.317174e+00 
 3.618070e+01 -1.306408e+00 
 3.618102e+01 -1.296101e+00 
 3.618135e+01 -1.285748e+00 
 3.618167e+01 -1.274633e+00 
 3.618199e+01 -1.265087e+00 
 3.618232e+01 -1.255465e+00 
 3.618264e+01 -1.248165e+00 
 3.618296e+01 -1.244182e+00 
 3.618328e+01 -1.245128e+00 
 3.618361e+01 -1.247405e+00 
 3.618393e+01 -1.251013e+00 
 3.618425e+01 -1.252598e+00 
 3.618458e+01 -1.251964e+00 
 3.618490e+01 -1.249443e+00 
 3.618522e+01 -1.245477e+00 
 3.618555e+01 -1.239936e+00 
 3.618587e+01 -1.232237e+00 
 3.618619e+01 -1.222412e+00 
 3.618651e+01 -1.212365e+00 
 3.618684e+01 -1.187273e+00 
 3.618716e+01 -1.164284e+00 
 3.618748e+01 -1.160937e+00 
 3.618781e+01 -1.159606e+00 
 3.618813e+01 -1.160171e+00 
 3.618845e+01 -1.163780e+00 
 3.618878e+01 -1.170242e+00 
 3.618910e+01 -1.178133e+00 
 3.618942e+01 -1.187350e+00 
 3.618974e+01 -1.196990e+00 
 3.619007e+01 -1.207755e+00 
 3.619039e+01 -1.218594e+00 
 3.619071e+01 -1.228630e+00 
 3.619104e+01 -1.238834e+00 
 3.619136e+01 -1.248813e+00 
 3.619168e+01 -1.260910e+00 
 3.619201e+01 -1.273178e+00 
 3.619233e+01 -1.286566e+00 
 3.619265e+01 -1.303045e+00 
 3.619297e+01 -1.325678e+00 
 3.619330e+01 -1.348477e+00 
 3.619362e+01 -1.368876e+00 
 3.619394e+01 -1.383408e+00 
 3.619427e+01 -1.398047e+00 
 3.619459e+01 -1.411999e+00 
 3.619491e+01 -1.425139e+00 
 3.619523e+01 -1.434773e+00 
 3.619556e+01 -1.441887e+00 
 3.619588e+01 -1.446743e+00 
 3.619620e+01 -1.449970e+00 
 3.619653e+01 -1.452182e+00 
 3.619685e+01 -1.453977e+00 
 3.619717e+01 -1.455766e+00 
 3.619750e+01 -1.457962e+00 
 3.619782e+01 -1.460717e+00 
 3.619814e+01 -1.465438e+00 
 3.619846e+01 -1.467034e+00 
 3.619879e+01 -1.466699e+00 
 3.619911e+01 -1.465700e+00 
 3.619943e+01 -1.463782e+00 
 3.619976e+01 -1.460821e+00 
 3.620008e+01 -1.456456e+00 
 3.620040e+01 -1.450764e+00 
 3.620073e+01 -1.445243e+00 
 3.620105e+01 -1.440311e+00 
 3.620137e+01 -1.438105e+00 
 3.620169e+01 -1.436683e+00 
 3.620202e+01 -1.436553e+00 
 3.620234e+01 -1.437758e+00 
 3.620266e+01 -1.438477e+00 
 3.620299e+01 -1.437013e+00 
 3.620331e+01 -1.433258e+00 
 3.620363e+01 -1.427910e+00 
 3.620396e+01 -1.422407e+00 
 3.620428e+01 -1.417158e+00 
 3.620460e+01 -1.412614e+00 
 3.620492e+01 -1.405610e+00 
 3.620525e+01 -1.397106e+00 
 3.620557e+01 -1.388031e+00 
 3.620589e+01 -1.379575e+00 
 3.620622e+01 -1.372362e+00 
 3.620654e+01 -1.365424e+00 
 3.620686e+01 -1.332584e+00 
 3.620719e+01 -1.325969e+00 
 3.620751e+01 -1.320600e+00 
 3.620783e+01 -1.314564e+00 
 3.620815e+01 -1.304928e+00 
 3.620848e+01 -1.292805e+00 
 3.620880e+01 -1.262341e+00 
 3.620912e+01 -1.231528e+00 
 3.620945e+01 -1.218028e+00 
 3.620977e+01 -1.205043e+00 
 3.621009e+01 -1.191737e+00 
 3.621042e+01 -1.177601e+00 
 3.621074e+01 -1.163860e+00 
 3.621106e+01 -1.149706e+00 
 3.621138e+01 -1.136654e+00 
 3.621171e+01 -1.123246e+00 
 3.621203e+01 -1.109316e+00 
 3.621235e+01 -1.098666e+00 
 3.621268e+01 -1.090525e+00 
 3.621300e+01 -1.083363e+00 
 3.621332e+01 -1.076217e+00 
 3.621365e+01 -1.069297e+00 
 3.621397e+01 -1.063071e+00 
 3.621429e+01 -1.059198e+00 
 3.621461e+01 -1.055272e+00 
 3.621494e+01 -1.052544e+00 
 3.621526e+01 -1.049949e+00 
 3.621558e+01 -1.048047e+00 
 3.621591e+01 -1.047808e+00 
 3.621623e+01 -1.049598e+00 
 3.621655e+01 -1.053743e+00 
 3.621688e+01 -1.059018e+00 
 3.621720e+01 -1.066386e+00 
 3.621752e+01 -1.078655e+00 
 3.621784e+01 -1.090792e+00 
 3.621817e+01 -1.102503e+00 
 3.621849e+01 -1.112649e+00 
 3.621881e+01 -1.122489e+00 
 3.621914e+01 -1.132142e+00 
 3.621946e+01 -1.141653e+00 
 3.621978e+01 -1.153731e+00 
 3.622011e+01 -1.170466e+00 
 3.622043e+01 -1.193046e+00 
 3.622075e+01 -1.209661e+00 
 3.622107e+01 -1.219499e+00 
 3.622140e+01 -1.201358e+00 
 3.622172e+01 -1.207678e+00 
 3.622204e+01 -1.213258e+00 
 3.622237e+01 -1.202510e+00 
 3.622269e+01 -1.208019e+00 
 3.622301e+01 -1.194409e+00 
 3.622334e+01 -1.195212e+00 
 3.622366e+01 -1.194465e+00 
 3.622398e+01 -1.196009e+00 
 3.622430e+01 -1.198233e+00 
 3.622463e+01 -1.202803e+00 
 3.622495e+01 -1.209136e+00 
 3.622527e+01 -1.216221e+00 
 3.622560e+01 -1.224147e+00 
 3.622592e+01 -1.232166e+00 
 3.622624e+01 -1.240111e+00 
 3.622657e+01 -1.247569e+00 
 3.622689e+01 -1.253575e+00 
 3.622721e+01 -1.259807e+00 
 3.622753e+01 -1.264225e+00 
 3.622786e+01 -1.271283e+00 
 3.622818e+01 -1.277551e+00 
 3.622850e+01 -1.287320e+00 
 3.622883e+01 -1.303658e+00 
 3.622915e+01 -1.311594e+00 
 3.622947e+01 -1.319172e+00 
 3.622980e+01 -1.315247e+00 
 3.623012e+01 -1.317418e+00 
 3.623044e+01 -1.319171e+00 
 3.623076e+01 -1.292109e+00 
 3.623109e+01 -1.287629e+00 
 3.623141e+01 -1.281717e+00 
 3.623173e+01 -1.274550e+00 
 3.623206e+01 -1.266823e+00 
 3.623238e+01 -1.261045e+00 
 3.623270e+01 -1.255587e+00 
 3.623302e+01 -1.255681e+00 
 3.623335e+01 -1.256142e+00 
 3.623367e+01 -1.256938e+00 
 3.623399e+01 -1.255898e+00 
 3.623432e+01 -1.253664e+00 
 3.623464e+01 -1.250565e+00 
 3.623496e+01 -1.247070e+00 
 3.623529e+01 -1.243858e+00 
 3.623561e+01 -1.244028e+00 
 3.623593e+01 -1.246076e+00 
 3.623625e+01 -1.249444e+00 
 3.623658e+01 -1.253863e+00 
 3.623690e+01 -1.262071e+00 
 3.623722e+01 -1.271307e+00 
 3.623755e+01 -1.281363e+00 
 3.623787e+01 -1.292007e+00 
 3.623819e+01 -1.302179e+00 
 3.623852e+01 -1.310734e+00 
 3.623884e+01 -1.317636e+00 
 3.623916e+01 -1.322884e+00 
 3.623948e+01 -1.327631e+00 
 3.623981e+01 -1.333034e+00 
 3.624013e+01 -1.341102e+00 
 3.624045e+01 -1.349564e+00 
 3.624078e+01 -1.357930e+00 
 3.624110e+01 -1.367406e+00 
 3.624142e+01 -1.378046e+00 
 3.624175e+01 -1.389343e+00 
 3.624207e+01 -1.396867e+00 
 3.624239e+01 -1.409448e+00 
 3.624271e+01 -1.417857e+00 
 3.624304e+01 -1.418922e+00 
 3.624336e+01 -1.425743e+00 
 3.624368e+01 -1.428954e+00 
 3.624401e+01 -1.430011e+00 
 3.624433e+01 -1.430276e+00 
 3.624465e+01 -1.431730e+00 
 3.624498e+01 -1.433074e+00 
 3.624530e+01 -1.438799e+00 
 3.624562e+01 -1.443913e+00 
 3.624594e+01 -1.452558e+00 
 3.624627e+01 -1.461057e+00 
 3.624659e+01 -1.467878e+00 
 3.624691e+01 -1.472432e+00 
 3.624724e+01 -1.475116e+00 
 3.624756e+01 -1.476967e+00 
 3.624788e+01 -1.478003e+00 
 3.624821e+01 -1.471394e+00 
 3.624853e+01 -1.470888e+00 
 3.624885e+01 -1.468758e+00 
 3.624917e+01 -1.466436e+00 
 3.624950e+01 -1.466287e+00 
 3.624982e+01 -1.468523e+00 
 3.625014e+01 -1.474234e+00 
 3.625047e+01 -1.493834e+00 
 3.625079e+01 -1.513593e+00 
 3.625111e+01 -1.524895e+00 
 3.625144e+01 -1.528931e+00 
 3.625176e+01 -1.532848e+00 
 3.625208e+01 -1.536423e+00 
 3.625240e+01 -1.538270e+00 
 3.625273e+01 -1.537760e+00 
 3.625305e+01 -1.535360e+00 
 3.625337e+01 -1.527640e+00 
 3.625370e+01 -1.521608e+00 
 3.625402e+01 -1.512737e+00 
 3.625434e+01 -1.504498e+00 
 3.625467e+01 -1.496365e+00 
 3.625499e+01 -1.488090e+00 
 3.625531e+01 -1.479066e+00 
 3.625563e+01 -1.437510e+00 
 3.625596e+01 -1.427936e+00 
 3.625628e+01 -1.417478e+00 
 3.625660e+01 -1.403355e+00 
 3.625693e+01 -1.387055e+00 
 3.625725e+01 -1.370741e+00 
 3.625757e+01 -1.356309e+00 
 3.625790e+01 -1.343039e+00 
 3.625822e+01 -1.331732e+00 
 3.625854e+01 -1.321842e+00 
 3.625886e+01 -1.311945e+00 
 3.625919e+01 -1.283963e+00 
 3.625951e+01 -1.272839e+00 
 3.625983e+01 -1.261136e+00 
 3.626016e+01 -1.242218e+00 
 3.626048e+01 -1.214933e+00 
 3.626080e+01 -1.205848e+00 
 3.626113e+01 -1.198379e+00 
 3.626145e+01 -1.192369e+00 
 3.626177e+01 -1.188914e+00 
 3.626209e+01 -1.184425e+00 
 3.626242e+01 -1.185848e+00 
 3.626274e+01 -1.189539e+00 
 3.626306e+01 -1.192474e+00 
 3.626339e+01 -1.166126e+00 
 3.626371e+01 -1.166427e+00 
 3.626403e+01 -1.162314e+00 
 3.626436e+01 -1.160156e+00 
 3.626468e+01 -1.157986e+00 
 3.626500e+01 -1.157303e+00 
 3.626532e+01 -1.158716e+00 
 3.626565e+01 -1.162112e+00 
 3.626597e+01 -1.167320e+00 
 3.626629e+01 -1.173129e+00 
 3.626662e+01 -1.179454e+00 
 3.626694e+01 -1.184816e+00 
 3.626726e+01 -1.188834e+00 
 3.626759e+01 -1.191911e+00 
 3.626791e+01 -1.171658e+00 
 3.626823e+01 -1.173644e+00 
 3.626855e+01 -1.158071e+00 
 3.626888e+01 -1.160716e+00 
 3.626920e+01 -1.165286e+00 
 3.626952e+01 -1.171305e+00 
 3.626985e+01 -1.180036e+00 
 3.627017e+01 -1.191656e+00 
 3.627049e+01 -1.214817e+00 
 3.627081e+01 -1.241606e+00 
 3.627114e+01 -1.266970e+00 
 3.627146e+01 -1.281744e+00 
 3.627178e+01 -1.298602e+00 
 3.627211e+01 -1.313533e+00 
 3.627243e+01 -1.334824e+00 
 3.627275e+01 -1.349135e+00 
 3.627308e+01 -1.362532e+00 
 3.627340e+01 -1.370406e+00 
 3.627372e+01 -1.378549e+00 
 3.627404e+01 -1.387696e+00 
 3.627437e+01 -1.398128e+00 
 3.627469e+01 -1.408295e+00 
 3.627501e+01 -1.415347e+00 
 3.627534e+01 -1.420956e+00 
 3.627566e+01 -1.426560e+00 
 3.627598e+01 -1.430195e+00 
 3.627631e+01 -1.431615e+00 
 3.627663e+01 -1.431358e+00 
 3.627695e+01 -1.429249e+00 
 3.627727e+01 -1.427210e+00 
 3.627760e+01 -1.427275e+00 
 3.627792e+01 -1.430853e+00 
 3.627824e+01 -1.436057e+00 
 3.627857e+01 -1.414193e+00 
 3.627889e+01 -1.418589e+00 
 3.627921e+01 -1.421146e+00 
 3.627954e+01 -1.422141e+00 
 3.627986e+01 -1.421647e+00 
 3.628018e+01 -1.421084e+00 
 3.628050e+01 -1.420724e+00 
 3.628083e+01 -1.419520e+00 
 3.628115e+01 -1.418457e+00 
 3.628147e+01 -1.417459e+00 
 3.628180e+01 -1.416444e+00 
 3.628212e+01 -1.416261e+00 
 3.628244e+01 -1.418053e+00 
 3.628277e+01 -1.419054e+00 
 3.628309e+01 -1.419421e+00 
 3.628341e+01 -1.418500e+00 
 3.628373e+01 -1.416103e+00 
 3.628406e+01 -1.412714e+00 
 3.628438e+01 -1.408462e+00 
 3.628470e+01 -1.403459e+00 
 3.628503e+01 -1.397895e+00 
 3.628535e+01 -1.392227e+00 
 3.628567e+01 -1.388146e+00 
 3.628600e+01 -1.385214e+00 
 3.628632e+01 -1.382913e+00 
 3.628664e+01 -1.382088e+00 
 3.628696e+01 -1.381782e+00 
 3.628729e+01 -1.382401e+00 
 3.628761e+01 -1.383531e+00 
 3.628793e+01 -1.385005e+00 
 3.628826e+01 -1.386620e+00 
 3.628858e+01 -1.388059e+00 
 3.628890e+01 -1.388758e+00 
 3.628923e+01 -1.388345e+00 
 3.628955e+01 -1.386558e+00 
 3.628987e+01 -1.385185e+00 
 3.629019e+01 -1.383993e+00 
 3.629052e+01 -1.384507e+00 
 3.629084e+01 -1.386441e+00 
 3.629116e+01 -1.390149e+00 
 3.629149e+01 -1.395301e+00 
 3.629181e+01 -1.400412e+00 
 3.629213e+01 -1.404563e+00 
 3.629246e+01 -1.408677e+00 
 3.629278e+01 -1.412249e+00 
 3.629310e+01 -1.415309e+00 
 3.629342e+01 -1.417417e+00 
 3.629375e+01 -1.419545e+00 
 3.629407e+01 -1.422271e+00 
 3.629439e+01 -1.426097e+00 
 3.629472e+01 -1.432100e+00 
 3.629504e+01 -1.440478e+00 
 3.629536e+01 -1.450156e+00 
 3.629569e+01 -1.460701e+00 
 3.629601e+01 -1.471983e+00 
 3.629633e+01 -1.482938e+00 
 3.629665e+01 -1.492007e+00 
 3.629698e+01 -1.497358e+00 
 3.629730e+01 -1.500235e+00 
 3.629762e+01 -1.501176e+00 
 3.629795e+01 -1.500737e+00 
 3.629827e+01 -1.501694e+00 
 3.629859e+01 -1.504084e+00 
 3.629892e+01 -1.506295e+00 
 3.629924e+01 -1.508005e+00 
 3.629956e+01 -1.510257e+00 
 3.629988e+01 -1.512896e+00 
 3.630021e+01 -1.515229e+00 
 3.630053e+01 -1.516531e+00 
 3.630085e+01 -1.515520e+00 
 3.630118e+01 -1.511743e+00 
 3.630150e+01 -1.504709e+00 
 3.630182e+01 -1.497461e+00 
 3.630215e+01 -1.489716e+00 
 3.630247e+01 -1.481338e+00 
 3.630279e+01 -1.474251e+00 
 3.630311e+01 -1.465008e+00 
 3.630344e+01 -1.463106e+00 
 3.630376e+01 -1.463589e+00 
 3.630408e+01 -1.464968e+00 
 3.630441e+01 -1.465998e+00 
 3.630473e+01 -1.465567e+00 
 3.630505e+01 -1.463083e+00 
 3.630537e+01 -1.458110e+00 
 3.630570e+01 -1.451594e+00 
 3.630602e+01 -1.444184e+00 
 3.630634e+01 -1.438034e+00 
 3.630667e+01 -1.432736e+00 
 3.630699e+01 -1.424530e+00 
 3.630731e+01 -1.418480e+00 
 3.630764e+01 -1.411892e+00 
 3.630796e+01 -1.405396e+00 
 3.630828e+01 -1.398033e+00 
 3.630860e+01 -1.389857e+00 
 3.630893e+01 -1.375742e+00 
 3.630925e+01 -1.359888e+00 
 3.630957e+01 -1.341270e+00 
 3.630990e+01 -1.324724e+00 
 3.631022e+01 -1.307670e+00 
 3.631054e+01 -1.291767e+00 
 3.631087e+01 -1.226888e+00 
 3.631119e+01 -1.214180e+00 
 3.631151e+01 -1.203098e+00 
 3.631183e+01 -1.176062e+00 
 3.631216e+01 -1.166065e+00 
 3.631248e+01 -1.155772e+00 
 3.631280e+01 -1.148297e+00 
 3.631313e+01 -1.144110e+00 
 3.631345e+01 -1.142659e+00 
 3.631377e+01 -1.143318e+00 
 3.631410e+01 -1.144390e+00 
 3.631442e+01 -1.145293e+00 
 3.631474e+01 -1.145160e+00 
 3.631506e+01 -1.144557e+00 
 3.631539e+01 -1.143423e+00 
 3.631571e+01 -1.140965e+00 
 3.631603e+01 -1.137744e+00 
 3.631636e+01 -1.134934e+00 
 3.631668e+01 -1.132720e+00 
 3.631700e+01 -1.131928e+00 
 3.631733e+01 -1.130965e+00 
 3.631765e+01 -1.130515e+00 
 3.631797e+01 -1.131222e+00 
 3.631829e+01 -1.132768e+00 
 3.631862e+01 -1.135701e+00 
 3.631894e+01 -1.138018e+00 
 3.631926e+01 -1.135141e+00 
 3.631959e+01 -1.132965e+00 
 3.631991e+01 -1.128980e+00 
 3.632023e+01 -1.124954e+00 
 3.632056e+01 -1.121003e+00 
 3.632088e+01 -1.116931e+00 
 3.632120e+01 -1.113923e+00 
 3.632152e+01 -1.111339e+00 
 3.632185e+01 -1.108528e+00 
 3.632217e+01 -1.105560e+00 
 3.632249e+01 -1.100953e+00 
 3.632282e+01 -1.095064e+00 
 3.632314e+01 -1.088102e+00 
 3.632346e+01 -1.080159e+00 
 3.632379e+01 -1.071551e+00 
 3.632411e+01 -1.061249e+00 
 3.632443e+01 -1.050488e+00 
 3.632475e+01 -1.039811e+00 
 3.632508e+01 -1.029601e+00 
 3.632540e+01 -1.020175e+00 
 3.632572e+01 -1.011424e+00 
 3.632605e+01 -1.003902e+00 
 3.632637e+01 -9.965747e-01 
 3.632669e+01 -9.895442e-01 
 3.632702e+01 -9.823220e-01 
 3.632734e+01 -9.719469e-01 
 3.632766e+01 -9.584706e-01 
 3.632798e+01 -9.445222e-01 
 3.632831e+01 -9.314907e-01 
 3.632863e+01 -9.207817e-01 
 3.632895e+01 -9.128555e-01 
 3.632928e+01 -9.066059e-01 
 3.632960e+01 -9.012718e-01 
 3.632992e+01 -8.964290e-01 
 3.633025e+01 -8.870551e-01 
 3.633057e+01 -8.831827e-01 
 3.633089e+01 -8.909421e-01 
 3.633121e+01 -8.861312e-01 
 3.633154e+01 -8.940037e-01 
 3.633186e+01 -8.870686e-01 
 3.633218e+01 -8.787757e-01 
 3.633251e+01 -8.687722e-01 
 3.633283e+01 -8.602446e-01 
 3.633315e+01 -8.502855e-01 
 3.633348e+01 -8.658006e-01 
 3.633380e+01 -8.582569e-01 
 3.633412e+01 -8.494020e-01 
 3.633444e+01 -8.392865e-01 
 3.633477e+01 -8.276561e-01 
 3.633509e+01 -8.148891e-01 
 3.633541e+01 -7.975630e-01 
 3.633574e+01 -7.785461e-01 
 3.633606e+01 -7.649742e-01 
 3.633638e+01 -7.479160e-01 
 3.633671e+01 -7.318984e-01 
 3.633703e+01 -7.176088e-01 
 3.633735e+01 -7.038402e-01 
 3.633767e+01 -6.898574e-01 
 3.633800e+01 -6.755675e-01 
 3.633832e+01 -6.623620e-01 
 3.633864e+01 -6.505022e-01 
 3.633897e+01 -6.409351e-01 
 3.633929e+01 -6.337907e-01 
 3.633961e+01 -6.289809e-01 
 3.633994e+01 -6.260198e-01 
 3.634026e+01 -6.237429e-01 
 3.634058e+01 -6.217656e-01 
 3.634090e+01 -6.213755e-01 
 3.634123e+01 -6.228876e-01 
 3.634155e+01 -6.276517e-01 
 3.634187e+01 -6.352951e-01 
 3.634220e+01 -6.445762e-01 
 3.634252e+01 -6.548403e-01 
 3.634284e+01 -6.653603e-01 
 3.634316e+01 -6.772008e-01 
 3.634349e+01 -6.913998e-01 
 3.634381e+01 -7.082501e-01 
 3.634413e+01 -7.276883e-01 
 3.634446e+01 -7.482809e-01 
 3.634478e+01 -7.690688e-01 
 3.634510e+01 -7.901617e-01 
 3.634543e+01 -8.112227e-01 
 3.634575e+01 -8.319492e-01 
 3.634607e+01 -8.524494e-01 
 3.634639e+01 -8.728327e-01 
 3.634672e+01 -8.937554e-01 
 3.634704e+01 -9.147083e-01 
 3.634736e+01 -9.358070e-01 
 3.634769e+01 -9.571925e-01 
 3.634801e+01 -9.781900e-01 
 3.634833e+01 -9.994197e-01 
 3.634866e+01 -1.021012e+00 
 3.634898e+01 -1.033590e+00 
 3.634930e+01 -1.054519e+00 
 3.634962e+01 -1.061562e+00 
 3.634995e+01 -1.077029e+00 
 3.635027e+01 -1.089179e+00 
 3.635059e+01 -1.098620e+00 
 3.635092e+01 -1.106599e+00 
 3.635124e+01 -1.092984e+00 
 3.635156e+01 -1.094417e+00 
 3.635189e+01 -1.097082e+00 
 3.635221e+01 -1.098909e+00 
 3.635253e+01 -1.100009e+00 
 3.635285e+01 -1.099926e+00 
 3.635318e+01 -1.095352e+00 
 3.635350e+01 -1.092395e+00 
 3.635382e+01 -1.088001e+00 
 3.635415e+01 -1.082853e+00 
 3.635447e+01 -1.076967e+00 
 3.635479e+01 -1.070097e+00 
 3.635512e+01 -1.062845e+00 
 3.635544e+01 -1.055751e+00 
 3.635576e+01 -1.048794e+00 
 3.635608e+01 -1.042216e+00 
 3.635641e+01 -1.035673e+00 
 3.635673e+01 -1.029163e+00 
 3.635705e+01 -1.022820e+00 
 3.635738e+01 -1.017165e+00 
 3.635770e+01 -1.011883e+00 
 3.635802e+01 -1.006535e+00 
 3.635835e+01 -1.001406e+00 
 3.635867e+01 -9.970560e-01 
 3.635899e+01 -9.939996e-01 
 3.635931e+01 -9.916156e-01 
 3.635964e+01 -9.908813e-01 
 3.635996e+01 -9.904577e-01 
 3.636028e+01 -9.891953e-01 
 3.636061e+01 -9.871100e-01 
 3.636093e+01 -9.852365e-01 
 3.636125e+01 -9.835910e-01 
 3.636158e+01 -9.825706e-01 
 3.636190e+01 -9.829733e-01 
 3.636222e+01 -9.860566e-01 
 3.636254e+01 -9.909546e-01 
 3.636287e+01 -9.953268e-01 
 3.636319e+01 -9.996737e-01 
 3.636351e+01 -1.004205e+00 
 3.636384e+01 -1.008588e+00 
 3.636416e+01 -1.012817e+00 
 3.636448e+01 -1.017838e+00 
 3.636481e+01 -1.023995e+00 
 3.636513e+01 -1.029419e+00 
 3.636545e+01 -1.034662e+00 
 3.636577e+01 -1.041780e+00 
 3.636610e+01 -1.050059e+00 
 3.636642e+01 -1.059391e+00 
 3.636674e+01 -1.070350e+00 
 3.636707e+01 -1.083422e+00 
 3.636739e+01 -1.096788e+00 
 3.636771e+01 -1.110665e+00 
 3.636804e+01 -1.124608e+00 
 3.636836e+01 -1.138333e+00 
 3.636868e+01 -1.145613e+00 
 3.636900e+01 -1.156626e+00 
 3.636933e+01 -1.168227e+00 
 3.636965e+01 -1.179820e+00 
 3.636997e+01 -1.191977e+00 
 3.637030e+01 -1.204243e+00 
 3.637062e+01 -1.215525e+00 
 3.637094e+01 -1.224630e+00 
 3.637127e+01 -1.234208e+00 
 3.637159e+01 -1.242795e+00 
 3.637191e+01 -1.250280e+00 
 3.637223e+01 -1.255842e+00 
 3.637256e+01 -1.259975e+00 
 3.637288e+01 -1.262059e+00 
 3.637320e+01 -1.263363e+00 
 3.637353e+01 -1.263438e+00 
 3.637385e+01 -1.264534e+00 
 3.637417e+01 -1.263263e+00 
 3.637450e+01 -1.261608e+00 
 3.637482e+01 -1.259245e+00 
 3.637514e+01 -1.254967e+00 
 3.637546e+01 -1.247933e+00 
 3.637579e+01 -1.237526e+00 
 3.637611e+01 -1.231624e+00 
 3.637643e+01 -1.227528e+00 
 3.637676e+01 -1.212056e+00 
 3.637708e+01 -1.194850e+00 
 3.637740e+01 -1.177315e+00 
 3.637773e+01 -1.159872e+00 
 3.637805e+01 -1.142881e+00 
 3.637837e+01 -1.125313e+00 
 3.637869e+01 -1.106465e+00 
 3.637902e+01 -1.086318e+00 
 3.637934e+01 -1.065203e+00 
 3.637966e+01 -1.043310e+00 
 3.637999e+01 -1.021602e+00 
 3.638031e+01 -9.995409e-01 
 3.638063e+01 -9.771602e-01 
 3.638095e+01 -9.551472e-01 
 3.638128e+01 -9.292592e-01 
 3.638160e+01 -9.112438e-01 
 3.638192e+01 -8.947531e-01 
 3.638225e+01 -8.796732e-01 
 3.638257e+01 -8.655650e-01 
 3.638289e+01 -8.521358e-01 
 3.638322e+01 -8.381265e-01 
 3.638354e+01 -8.234938e-01 
 3.638386e+01 -8.088686e-01 
 3.638418e+01 -7.946087e-01 
 3.638451e+01 -7.817419e-01 
 3.638483e+01 -7.706769e-01 
 3.638515e+01 -7.617296e-01 
 3.638548e+01 -7.545903e-01 
 3.638580e+01 -7.528634e-01 
 3.638612e+01 -7.488294e-01 
 3.638645e+01 -7.461701e-01 
 3.638677e+01 -7.442221e-01 
 3.638709e+01 -7.428958e-01 
 3.638741e+01 -7.433570e-01 
 3.638774e+01 -7.423816e-01 
 3.638806e+01 -7.411763e-01 
 3.638838e+01 -7.399475e-01 
 3.638871e+01 -7.387932e-01 
 3.638903e+01 -7.372583e-01 
 3.638935e+01 -7.355485e-01 
 3.638968e+01 -7.347646e-01 
 3.639000e+01 -7.587647e-01 
 3.639032e+01 -7.612258e-01 
 3.639064e+01 -7.649282e-01 
 3.639097e+01 -7.690919e-01 
 3.639129e+01 -7.725810e-01 
 3.639161e+01 -7.791514e-01 
 3.639194e+01 -7.836910e-01 
 3.639226e+01 -7.882423e-01 
 3.639258e+01 -7.919970e-01 
 3.639291e+01 -7.954580e-01 
 3.639323e+01 -7.983059e-01 
 3.639355e+01 -8.007153e-01 
 3.639387e+01 -8.031126e-01 
 3.639420e+01 -8.048001e-01 
 3.639452e+01 -8.056269e-01 
 3.639484e+01 -8.054708e-01 
 3.639517e+01 -8.052835e-01 
 3.639549e+01 -8.046667e-01 
 3.639581e+01 -8.035620e-01 
 3.639614e+01 -8.014784e-01 
 3.639646e+01 -7.983211e-01 
 3.639678e+01 -7.945725e-01 
 3.639710e+01 -7.899779e-01 
 3.639743e+01 -7.839802e-01 
 3.639775e+01 -7.764377e-01 
 3.639807e+01 -7.672693e-01 
 3.639840e+01 -7.575829e-01 
 3.639872e+01 -7.470291e-01 
 3.639904e+01 -7.346618e-01 
 3.639937e+01 -7.214349e-01 
 3.639969e+01 -7.074391e-01 
 3.640001e+01 -6.934618e-01 
 3.640033e+01 -6.806105e-01 
 3.640066e+01 -6.682078e-01 
 3.640098e+01 -6.542979e-01 
 3.640130e+01 -6.389274e-01 
 3.640163e+01 -6.235977e-01 
 3.640195e+01 -6.079948e-01 
 3.640227e+01 -5.909367e-01 
 3.640260e+01 -5.733237e-01 
 3.640292e+01 -5.563458e-01 
 3.640324e+01 -5.447257e-01 
 3.640356e+01 -5.307522e-01 
 3.640389e+01 -5.190212e-01 
 3.640421e+01 -5.092992e-01 
 3.640453e+01 -5.006961e-01 
 3.640486e+01 -4.940623e-01 
 3.640518e+01 -5.037286e-01 
 3.640550e+01 -5.000841e-01 
 3.640583e+01 -5.171200e-01 
 3.640615e+01 -5.311603e-01 
 3.640647e+01 -5.274705e-01 
 3.640679e+01 -5.245357e-01 
 3.640712e+01 -5.213300e-01 
 3.640744e+01 -5.186708e-01 
 3.640776e+01 -5.169327e-01 
 3.640809e+01 -5.273964e-01 
 3.640841e+01 -5.289257e-01 
 3.640873e+01 -5.319983e-01 
 3.640906e+01 -5.364804e-01 
 3.640938e+01 -5.673701e-01 
 3.640970e+01 -5.744873e-01 
 3.641002e+01 -5.829399e-01 
 3.641035e+01 -5.932499e-01 
 3.641067e+01 -6.041523e-01 
 3.641099e+01 -6.151506e-01 
 3.641132e+01 -6.255021e-01 
 3.641164e+01 -6.359088e-01 
 3.641196e+01 -6.457971e-01 
 3.641229e+01 -6.552961e-01 
 3.641261e+01 -6.644965e-01 
 3.641293e+01 -6.732873e-01 
 3.641325e+01 -6.815084e-01 
 3.641358e+01 -6.897636e-01 
 3.641390e+01 -6.988082e-01 
 3.641422e+01 -7.114242e-01 
 3.641455e+01 -7.219810e-01 
 3.641487e+01 -7.307443e-01 
 3.641519e+01 -7.373541e-01 
 3.641552e+01 -7.443069e-01 
 3.641584e+01 -7.480635e-01 
 3.641616e+01 -7.506690e-01 
 3.641648e+01 -7.525618e-01 
 3.641681e+01 -7.543128e-01 
 3.641713e+01 -7.571410e-01 
 3.641745e+01 -7.463606e-01 
 3.641778e+01 -7.485491e-01 
 3.641810e+01 -7.505975e-01 
 3.641842e+01 -7.521979e-01 
 3.641874e+01 -7.529001e-01 
 3.641907e+01 -7.535857e-01 
 3.641939e+01 -7.539972e-01 
 3.641971e+01 -7.543872e-01 
 3.642004e+01 -7.541956e-01 
 3.642036e+01 -7.530622e-01 
 3.642068e+01 -7.532709e-01 
 3.642101e+01 -7.547973e-01 
 3.642133e+01 -7.558038e-01 
 3.642165e+01 -7.556131e-01 
 3.642197e+01 -7.558423e-01 
 3.642230e+01 -7.561371e-01 
 3.642262e+01 -7.564747e-01 
 3.642294e+01 -7.566192e-01 
 3.642327e+01 -7.579017e-01 
 3.642359e+01 -7.596272e-01 
 3.642391e+01 -7.606248e-01 
 3.642424e+01 -7.615808e-01 
 3.642456e+01 -7.653616e-01 
 3.642488e+01 -7.653254e-01 
 3.642520e+01 -7.716553e-01 
 3.642553e+01 -7.700185e-01 
 3.642585e+01 -7.681468e-01 
 3.642617e+01 -7.717137e-01 
 3.642650e+01 -7.697259e-01 
 3.642682e+01 -7.692051e-01 
 3.642714e+01 -7.680032e-01 
 3.642747e+01 -7.654618e-01 
 3.642779e+01 -7.623862e-01 
 3.642811e+01 -7.584601e-01 
 3.642843e+01 -7.527960e-01 
 3.642876e+01 -7.470636e-01 
 3.642908e+01 -7.422505e-01 
 3.642940e+01 -7.374860e-01 
 3.642973e+01 -7.340542e-01 
 3.643005e+01 -7.322900e-01 
 3.643037e+01 -7.326297e-01 
 3.643070e+01 -7.319975e-01 
 3.643102e+01 -7.323529e-01 
 3.643134e+01 -7.325207e-01 
 3.643166e+01 -7.329260e-01 
 3.643199e+01 -7.316398e-01 
 3.643231e+01 -7.309732e-01 
 3.643263e+01 -7.311184e-01 
 3.643296e+01 -7.318851e-01 
 3.643328e+01 -7.342021e-01 
 3.643360e+01 -7.381634e-01 
 3.643393e+01 -7.438180e-01 
 3.643425e+01 -7.504341e-01 
 3.643457e+01 -7.594412e-01 
 3.643489e+01 -7.693091e-01 
 3.643522e+01 -7.791047e-01 
 3.643554e+01 -7.877570e-01 
 3.643586e+01 -7.962370e-01 
 3.643619e+01 -8.041432e-01 
 3.643651e+01 -8.125994e-01 
 3.643683e+01 -8.204781e-01 
 3.643716e+01 -8.280032e-01 
 3.643748e+01 -8.343073e-01 
 3.643780e+01 -8.402007e-01 
 3.643812e+01 -8.451908e-01 
 3.643845e+01 -8.498168e-01 
 3.643877e+01 -8.538748e-01 
 3.643909e+01 -8.578913e-01 
 3.643942e+01 -8.618129e-01 
 3.643974e+01 -8.647607e-01 
 3.644006e+01 -8.671790e-01 
 3.644039e+01 -8.681465e-01 
 3.644071e+01 -8.675471e-01 
 3.644103e+01 -8.649232e-01 
 3.644135e+01 -8.611885e-01 
 3.644168e+01 -8.557704e-01 
 3.644200e+01 -8.493495e-01 
 3.644232e+01 -8.424124e-01 
 3.644265e+01 -8.363439e-01 
 3.644297e+01 -8.314676e-01 
 3.644329e+01 -8.264893e-01 
 3.644362e+01 -8.207937e-01 
 3.644394e+01 -8.145837e-01 
 3.644426e+01 -8.077402e-01 
 3.644458e+01 -7.988888e-01 
 3.644491e+01 -7.894733e-01 
 3.644523e+01 -7.799207e-01 
 3.644555e+01 -7.700354e-01 
 3.644588e+01 -7.609385e-01 
 3.644620e+01 -7.523907e-01 
 3.644652e+01 -7.446071e-01 
 3.644685e+01 -7.372127e-01 
 3.644717e+01 -7.303526e-01 
 3.644749e+01 -7.252734e-01 
 3.644781e+01 -7.197285e-01 
 3.644814e+01 -7.137068e-01 
 3.644846e+01 -7.082979e-01 
 3.644878e+01 -7.029311e-01 
 3.644911e+01 -6.975300e-01 
 3.644943e+01 -6.928339e-01 
 3.644975e+01 -6.883170e-01 
 3.645008e+01 -6.838590e-01 
 3.645040e+01 -6.772409e-01 
 3.645072e+01 -6.705245e-01 
 3.645104e+01 -6.649483e-01 
 3.645137e+01 -6.582006e-01 
 3.645169e+01 -6.523016e-01 
 3.645201e+01 -6.474366e-01 
 3.645234e+01 -6.440487e-01 
 3.645266e+01 -6.705620e-01 
 3.645298e+01 -6.701154e-01 
 3.645330e+01 -6.692308e-01 
 3.645363e+01 -6.673745e-01 
 3.645395e+01 -6.646620e-01 
 3.645427e+01 -6.611795e-01 
 3.645460e+01 -6.572849e-01 
 3.645492e+01 -6.518347e-01 
 3.645524e+01 -6.456929e-01 
 3.645557e+01 -6.389057e-01 
 3.645589e+01 -6.317700e-01 
 3.645621e+01 -6.252909e-01 
 3.645653e+01 -6.198818e-01 
 3.645686e+01 -6.148630e-01 
 3.645718e+01 -6.108185e-01 
 3.645750e+01 -6.078400e-01 
 3.645783e+01 -6.049196e-01 
 3.645815e+01 -6.016825e-01 
 3.645847e+01 -5.970463e-01 
 3.645880e+01 -5.916026e-01 
 3.645912e+01 -5.851073e-01 
 3.645944e+01 -5.784434e-01 
 3.645976e+01 -5.756979e-01 
 3.646009e+01 -5.735217e-01 
 3.646041e+01 -5.697960e-01 
 3.646073e+01 -5.727960e-01 
 3.646106e+01 -5.723114e-01 
 3.646138e+01 -5.725137e-01 
 3.646170e+01 -5.732180e-01 
 3.646203e+01 -5.743770e-01 
 3.646235e+01 -5.752780e-01 
 3.646267e+01 -5.760411e-01 
 3.646299e+01 -5.765196e-01 
 3.646332e+01 -5.755043e-01 
 3.646364e+01 -5.726435e-01 
 3.646396e+01 -5.689778e-01 
 3.646429e+01 -5.646648e-01 
 3.646461e+01 -5.608289e-01 
 3.646493e+01 -5.579930e-01 
 3.646526e+01 -5.561647e-01 
 3.646558e+01 -5.557297e-01 
 3.646590e+01 -5.556612e-01 
 3.646622e+01 -5.554938e-01 
 3.646655e+01 -5.548082e-01 
 3.646687e+01 -5.529698e-01 
 3.646719e+01 -5.499661e-01 
 3.646752e+01 -5.463444e-01 
 3.646784e+01 -5.428668e-01 
 3.646816e+01 -5.391037e-01 
 3.646849e+01 -5.350219e-01 
 3.646881e+01 -5.315161e-01 
 3.646913e+01 -5.290802e-01 
 3.646945e+01 -5.274840e-01 
 3.646978e+01 -5.263932e-01 
 3.647010e+01 -5.253837e-01 
 3.647042e+01 -5.247444e-01 
 3.647075e+01 -5.235513e-01 
 3.647107e+01 -5.223857e-01 
 3.647139e+01 -5.271317e-01 
 3.647172e+01 -5.285288e-01 
 3.647204e+01 -5.335732e-01 
 3.647236e+01 -5.363344e-01 
 3.647268e+01 -5.551049e-01 
 3.647301e+01 -5.587163e-01 
 3.647333e+01 -5.625233e-01 
 3.647365e+01 -5.662165e-01 
 3.647398e+01 -5.693486e-01 
 3.647430e+01 -5.714669e-01 
 3.647462e+01 -5.736284e-01 
 3.647495e+01 -5.759371e-01 
 3.647527e+01 -5.785249e-01 
 3.647559e+01 -5.818938e-01 
 3.647591e+01 -5.863598e-01 
 3.647624e+01 -5.902880e-01 
 3.647656e+01 -5.936746e-01 
 3.647688e+01 -5.969669e-01 
 3.647721e+01 -5.998264e-01 
 3.647753e+01 -6.030405e-01 
 3.647785e+01 -6.068671e-01 
 3.647818e+01 -6.114300e-01 
 3.647850e+01 -6.159083e-01 
 3.647882e+01 -6.195428e-01 
 3.647914e+01 -6.223419e-01 
 3.647947e+01 -6.246332e-01 
 3.647979e+01 -6.260547e-01 
 3.648011e+01 -6.272208e-01 
 3.648044e+01 -6.279063e-01 
 3.648076e+01 -6.288071e-01 
 3.648108e+01 -6.300480e-01 
 3.648141e+01 -6.317978e-01 
 3.648173e+01 -6.318415e-01 
 3.648205e+01 -6.314685e-01 
 3.648237e+01 -6.299396e-01 
 3.648270e+01 -6.276734e-01 
 3.648302e+01 -6.260933e-01 
 3.648334e+01 -6.246982e-01 
 3.648367e+01 -6.230416e-01 
 3.648399e+01 -6.209494e-01 
 3.648431e+01 -6.191241e-01 
 3.648464e+01 -6.178561e-01 
 3.648496e+01 -6.168865e-01 
 3.648528e+01 -6.158195e-01 
 3.648560e+01 -6.149778e-01 
 3.648593e+01 -6.140078e-01 
 3.648625e+01 -6.165228e-01 
 3.648657e+01 -6.154761e-01 
 3.648690e+01 -6.150196e-01 
 3.648722e+01 -6.151395e-01 
 3.648754e+01 -6.160572e-01 
 3.648787e+01 -6.180291e-01 
 3.648819e+01 -6.203892e-01 
 3.648851e+01 -6.228484e-01 
 3.648883e+01 -6.250293e-01 
 3.648916e+01 -6.267430e-01 
 3.648948e+01 -6.281993e-01 
 3.648980e+01 -6.292543e-01 
 3.649013e+01 -6.301396e-01 
 3.649045e+01 -6.314593e-01 
 3.649077e+01 -6.330212e-01 
 3.649109e+01 -6.344979e-01 
 3.649142e+01 -6.357467e-01 
 3.649174e+01 -6.367193e-01 
 3.649206e+01 -6.376739e-01 
 3.649239e+01 -6.378000e-01 
 3.649271e+01 -6.369990e-01 
 3.649303e+01 -6.354040e-01 
 3.649336e+01 -6.330816e-01 
 3.649368e+01 -6.305924e-01 
 3.649400e+01 -6.278458e-01 
 3.649432e+01 -6.251400e-01 
 3.649465e+01 -6.224154e-01 
 3.649497e+01 -6.199862e-01 
 3.649529e+01 -6.182238e-01 
 3.649562e+01 -6.164652e-01 
 3.649594e+01 -6.147675e-01 
 3.649626e+01 -6.134947e-01 
 3.649659e+01 -6.126133e-01 
 3.649691e+01 -6.120290e-01 
 3.649723e+01 -6.117862e-01 
 3.649755e+01 -6.115134e-01 
 3.649788e+01 -6.117947e-01 
 3.649820e+01 -6.164978e-01 
 3.649852e+01 -6.173975e-01 
 3.649885e+01 -6.181762e-01 
 3.649917e+01 -6.181317e-01 
 3.649949e+01 -6.174456e-01 
 3.649982e+01 -6.164252e-01 
 3.650014e+01 -6.155685e-01 
 3.650046e+01 -6.150169e-01 
 3.650078e+01 -6.146541e-01 
 3.650111e+01 -5.564612e-01 
 3.650143e+01 -6.974178e-01 
 3.650175e+01 -6.990624e-01 
 3.650208e+01 -6.218680e-01 
 3.650240e+01 -5.264949e-01 
 3.650272e+01 -7.239496e-01 
 3.650305e+01 -6.234641e-01 
 3.650337e+01 -6.421519e-01 
 3.650369e+01 -6.519792e-01 
 3.650401e+01 -5.886397e-01 
 3.650434e+01 -6.811077e-01 
 3.650466e+01 -5.516166e-01 
 3.650498e+01 -6.538528e-01 
 3.650531e+01 -5.729172e-01 
 3.650563e+01 -5.872911e-01 
 3.650595e+01 -5.656546e-01 
 3.650628e+01 -5.911453e-01 
 3.650660e+01 -5.282795e-01 
 3.650692e+01 -5.937387e-01 
 3.650724e+01 -5.526289e-01 
 3.650757e+01 -5.067197e-01 
 3.650789e+01 -5.701027e-01 
 3.650821e+01 -5.136780e-01 
 3.650854e+01 -5.067760e-01 
 3.650886e+01 -4.677699e-01 
 3.650918e+01 -5.217122e-01 
 3.650951e+01 -4.426369e-01 
 3.650983e+01 -4.906488e-01 
 3.651015e+01 -4.656903e-01 
 3.651047e+01 -4.482091e-01 
 3.651080e+01 -4.787226e-01 
 3.651112e+01 -4.772613e-01 
 3.651144e+01 -4.354899e-01 
 3.651177e+01 -4.692823e-01 
 3.651209e+01 -4.543148e-01 
 3.651241e+01 -4.441327e-01 
 3.651274e+01 -4.108529e-01 
 3.651306e+01 -4.776678e-01 
 3.651338e+01 -3.765958e-01 
 3.651370e+01 -4.391664e-01 
 3.651403e+01 -4.996412e-01 
 3.651435e+01 -4.624107e-01 
 3.651467e+01 -5.027045e-01 
 3.651500e+01 -5.012024e-01 
 3.651532e+01 -5.083108e-01 
 3.651564e+01 -4.731691e-01 
 3.651597e+01 -5.310435e-01 
 3.651629e+01 -4.598092e-01 
 3.651661e+01 -4.778196e-01 
 3.651693e+01 -4.770491e-01 
 3.651726e+01 -4.535418e-01 
 3.651758e+01 -4.561084e-01 
 3.651790e+01 -4.618781e-01 
 3.651823e+01 -4.238271e-01 
 3.651855e+01 -4.423805e-01 
 3.651887e+01 -4.581083e-01 
 3.651920e+01 -4.430843e-01 
 3.651952e+01 -4.337736e-01 
 3.651984e+01 -4.209332e-01 
 3.652016e+01 -4.842929e-01 
 3.652049e+01 -4.705173e-01 
 3.652081e+01 -4.326755e-01 
 3.652113e+01 -4.188603e-01 
 3.652146e+01 -3.566759e-01 
 3.652178e+01 -4.571431e-01 
 3.652210e+01 -5.104032e-01 
 3.652242e+01 -4.264326e-01 
 3.652275e+01 -3.965628e-01 
 3.652307e+01 -4.316819e-01 
 3.652339e+01 -4.427234e-01 
 3.652372e+01 -4.109911e-01 
 3.652404e+01 -4.340659e-01 
 3.652436e+01 -4.049465e-01 
 3.652469e+01 -4.356149e-01 
 3.652501e+01 -4.251821e-01 
 3.652533e+01 -3.545344e-01 
 3.652565e+01 -3.911933e-01 
 3.652598e+01 -3.855865e-01 
 3.652630e+01 -3.649542e-01 
 3.652662e+01 -3.326139e-01 
 3.652695e+01 -3.119960e-01 
 3.652727e+01 -3.764982e-01 
 3.652759e+01 -3.748220e-01 
 3.652792e+01 -3.328418e-01 
 3.652824e+01 -3.473749e-01 
 3.652856e+01 -2.949974e-01 
 3.652888e+01 -3.593911e-01 
 3.652921e+01 -3.076662e-01 
 3.652953e+01 -2.750996e-01 
 3.652985e+01 -3.598139e-01 
 3.653018e+01 -2.885237e-01 
 3.653050e+01 -2.727631e-01 
 3.653082e+01 -3.391979e-01 
 3.653115e+01 -3.297236e-01 
 3.653147e+01 -3.134017e-01 
 3.653179e+01 -3.007039e-01 
 3.653211e+01 -3.335667e-01 
 3.653244e+01 -3.590540e-01 
 3.653276e+01 -3.014154e-01 
 3.653308e+01 -3.086209e-01 
 3.653341e+01 -2.840499e-01 
 3.653373e+01 -3.112318e-01 
 3.653405e+01 -2.721585e-01 
 3.653438e+01 -2.277143e-01 
 3.653470e+01 -2.642762e-01 
 3.653502e+01 -2.614845e-01 
 3.653534e+01 -2.119720e-01 
 3.653567e+01 -2.248915e-01 
 3.653599e+01 -2.471348e-01 
 3.653631e+01 -2.153943e-01 
 3.653664e+01 -2.003950e-01 
 3.653696e+01 -1.817564e-01 
 3.653728e+01 -1.599920e-01 
 3.653761e+01 -1.850580e-01 
 3.653793e+01 -1.729801e-01 
 3.653825e+01 -1.381944e-01 
 3.653857e+01 -1.721172e-01 
 3.653890e+01 -1.456746e-01 
 3.653922e+01 -1.400648e-01 
 3.653954e+01 -1.710634e-01 
 3.653987e+01 -1.486047e-01 
 3.654019e+01 -1.874126e-01 
 3.654051e+01 -1.747529e-01 
 3.654084e+01 -2.115670e-01 
 3.654116e+01 -2.195474e-01 
 3.654148e+01 -1.995973e-01 
 3.654180e+01 -2.212684e-01 
 3.654213e+01 -1.889175e-01 
 3.654245e+01 -2.472122e-01 
 3.654277e+01 -2.463825e-01 
 3.654310e+01 -2.597788e-01 
 3.654342e+01 -2.183828e-01 
 3.654374e+01 -2.282031e-01 
 3.654407e+01 -2.518238e-01 
 3.654439e+01 -2.235979e-01 
 3.654471e+01 -2.537646e-01 
 3.654503e+01 -2.309232e-01 
 3.654536e+01 -1.836831e-01 
 3.654568e+01 -1.900155e-01 
 3.654600e+01 -2.011976e-01 
 3.654633e+01 -1.789644e-01 
 3.654665e+01 -1.829968e-01 
 3.654697e+01 -1.767169e-01 
 3.654730e+01 -1.517528e-01 
 3.654762e+01 -1.689635e-01 
 3.654794e+01 -2.262766e-01 
 3.654826e+01 -2.129651e-01 
 3.654859e+01 -1.942676e-01 
 3.654891e+01 -1.604246e-01 
 3.654923e+01 -1.638570e-01 
 3.654956e+01 -2.346789e-01 
 3.654988e+01 -2.129917e-01 
 3.655020e+01 -1.993669e-01 
 3.655052e+01 -2.331395e-01 
 3.655085e+01 -2.361834e-01 
 3.655117e+01 -2.414412e-01 
 3.655149e+01 -2.467444e-01 
 3.655182e+01 -2.212305e-01 
 3.655214e+01 -2.203955e-01 
 3.655246e+01 -2.159161e-01 
 3.655279e+01 -2.301472e-01 
 3.655311e+01 -1.856645e-01 
 3.655343e+01 -1.678072e-01 
 3.655375e+01 -1.878266e-01 
 3.655408e+01 -1.449188e-01 
 3.655440e+01 -1.577249e-01 
 3.655472e+01 -1.606970e-01 
 3.655505e+01 -1.196246e-01 
 3.655537e+01 -1.419976e-01 
 3.655569e+01 -1.473621e-01 
 3.655602e+01 -1.477420e-01 
 3.655634e+01 -1.486260e-01 
 3.655666e+01 -1.349006e-01 
 3.655698e+01 -1.655547e-01 
 3.655731e+01 -1.233850e-01 
 3.655763e+01 -1.347027e-01 
 3.655795e+01 -1.412048e-01 
 3.655828e+01 -1.326298e-01 
 3.655860e+01 -1.411058e-01 
 3.655892e+01 -1.701403e-01 
 3.655925e+01 -1.682345e-01 
 3.655957e+01 -1.960564e-01 
 3.655989e+01 -1.767084e-01 
 3.656021e+01 -1.908459e-01 
 3.656054e+01 -2.506255e-01 
 3.656086e+01 -2.484817e-01 
 3.656118e+01 -2.367114e-01 
 3.656151e+01 -2.264687e-01 
 3.656183e+01 -2.147285e-01 
 3.656215e+01 -1.698651e-01 
 3.656248e+01 -1.599216e-01 
 3.656280e+01 -1.911715e-01 
 3.656312e+01 -1.805395e-01 
 3.656344e+01 -1.911737e-01 
 3.656377e+01 -1.746126e-01 
 3.656409e+01 -1.881986e-01 
 3.656441e+01 -2.167500e-01 
 3.656474e+01 -1.952379e-01 
 3.656506e+01 -2.044738e-01 
 3.656538e+01 -2.178085e-01 
 3.656571e+01 -2.367236e-01 
 3.656603e+01 -1.905557e-01 
 3.656635e+01 -1.931349e-01 
 3.656667e+01 -2.242824e-01 
 3.656700e+01 -2.663001e-01 
 3.656732e+01 -2.301834e-01 
 3.656764e+01 -2.368988e-01 
 3.656797e+01 -2.390178e-01 
 3.656829e+01 -3.284286e-01 
 3.656861e+01 -3.615177e-01 
 3.656894e+01 -3.369754e-01 
 3.656926e+01 -2.970558e-01 
 3.656958e+01 -3.136890e-01 
 3.656990e+01 -3.207453e-01 
 3.657023e+01 -3.038699e-01 
 3.657055e+01 -3.055808e-01 
 3.657087e+01 -2.672978e-01 
 3.657120e+01 -2.429875e-01 
 3.657152e+01 -2.555323e-01 
 3.657184e+01 -2.529767e-01 
 3.657217e+01 -2.534020e-01 
 3.657249e+01 -2.616475e-01 
 3.657281e+01 -2.610993e-01 
 3.657313e+01 -2.649598e-01 
 3.657346e+01 -2.787798e-01 
 3.657378e+01 -2.585886e-01 
 3.657410e+01 -2.588037e-01 
 3.657443e+01 -2.810714e-01 
 3.657475e+01 -2.492330e-01 
 3.657507e+01 -2.384306e-01 
 3.657540e+01 -2.684862e-01 
 3.657572e+01 -2.711999e-01 
 3.657604e+01 -2.831165e-01 
 3.657636e+01 -3.159459e-01 
 3.657669e+01 -3.383451e-01 
 3.657701e+01 -3.495497e-01 
 3.657733e+01 -3.457534e-01 
 3.657766e+01 -3.486304e-01 
 3.657798e+01 -3.381653e-01 
 3.657830e+01 -3.239220e-01 
 3.657863e+01 -3.293903e-01 
 3.657895e+01 -2.960529e-01 
 3.657927e+01 -2.955192e-01 
 3.657959e+01 -2.929697e-01 
 3.657992e+01 -2.708590e-01 
 3.658024e+01 -2.838968e-01 
 3.658056e+01 -2.738587e-01 
 3.658089e+01 -2.867689e-01 
 3.658121e+01 -2.731797e-01 
 3.658153e+01 -2.707528e-01 
 3.658185e+01 -2.902579e-01 
 3.658218e+01 -2.602964e-01 
 3.658250e+01 -2.590298e-01 
 3.658282e+01 -2.696893e-01 
 3.658315e+01 -2.514170e-01 
 3.658347e+01 -2.707170e-01 
 3.658379e+01 -2.741981e-01 
 3.658412e+01 -2.662711e-01 
 3.658444e+01 -2.903828e-01 
 3.658476e+01 -2.809532e-01 
 3.658508e+01 -2.955592e-01 
 3.658541e+01 -3.308805e-01 
 3.658573e+01 -3.311846e-01 
 3.658605e+01 -3.247575e-01 
 3.658638e+01 -3.139548e-01 
 3.658670e+01 -3.175465e-01 
 3.658702e+01 -3.254751e-01 
 3.658735e+01 -3.346307e-01 
 3.658767e+01 -3.103243e-01 
 3.658799e+01 -2.883894e-01 
 3.658831e+01 -2.923906e-01 
 3.658864e+01 -2.973747e-01 
 3.658896e+01 -2.921477e-01 
 3.658928e+01 -2.942377e-01 
 3.658961e+01 -2.726986e-01 
 3.658993e+01 -2.490255e-01 
 3.659025e+01 -2.534156e-01 
 3.659058e+01 -2.557636e-01 
 3.659090e+01 -2.468626e-01 
 3.659122e+01 -2.385689e-01 
 3.659154e+01 -2.427184e-01 
 3.659187e+01 -2.354890e-01 
 3.659219e+01 -2.496153e-01 
 3.659251e+01 -2.737226e-01 
 3.659284e+01 -2.705978e-01 
 3.659316e+01 -2.829132e-01 
 3.659348e+01 -2.879699e-01 
 3.659381e+01 -2.831199e-01 
 3.659413e+01 -3.028577e-01 
 3.659445e+01 -3.167665e-01 
 3.659477e+01 -3.217789e-01 
 3.659510e+01 -3.265065e-01 
 3.659542e+01 -3.311459e-01 
 3.659574e+01 -3.334568e-01 
 3.659607e+01 -3.464348e-01 
 3.659639e+01 -3.552357e-01 
 3.659671e+01 -3.287516e-01 
 3.659704e+01 -3.283768e-01 
 3.659736e+01 -3.313479e-01 
 3.659768e+01 -3.116872e-01 
 3.659800e+01 -3.109988e-01 
 3.659833e+01 -2.996506e-01 
 3.659865e+01 -2.907636e-01 
 3.659897e+01 -2.907404e-01 
 3.659930e+01 -2.839389e-01 
 3.659962e+01 -2.774157e-01 
 3.659994e+01 -2.630064e-01 
 3.660027e+01 -2.751098e-01 
 3.660059e+01 -2.780887e-01 
 3.660091e+01 -2.645759e-01 
 3.660123e+01 -2.633764e-01 
 3.660156e+01 -2.713362e-01 
 3.660188e+01 -2.676385e-01 
 3.660220e+01 -2.822080e-01 
 3.660253e+01 -2.865699e-01 
 3.660285e+01 -2.771373e-01 
 3.660317e+01 -2.742039e-01 
 3.660350e+01 -2.807086e-01 
 3.660382e+01 -2.898674e-01 
 3.660414e+01 -2.853656e-01 
 3.660446e+01 -2.947450e-01 
 3.660479e+01 -2.855322e-01 
 3.660511e+01 -2.915395e-01 
 3.660543e+01 -2.912623e-01 
 3.660576e+01 -2.814876e-01 
 3.660608e+01 -2.665642e-01 
 3.660640e+01 -2.654376e-01 
 3.660673e+01 -2.469104e-01 
 3.660705e+01 -2.144928e-01 
 3.660737e+01 -2.141886e-01 
 3.660769e+01 -2.170325e-01 
 3.660802e+01 -2.110375e-01 
 3.660834e+01 -2.142817e-01 
 3.660866e+01 -1.799569e-01 
 3.660899e+01 -1.902177e-01 
 3.660931e+01 -2.194352e-01 
 3.660963e+01 -2.176788e-01 
 3.660996e+01 -2.152224e-01 
 3.661028e+01 -2.009295e-01 
 3.661060e+01 -1.989829e-01 
 3.661092e+01 -2.276478e-01 
 3.661125e+01 -2.299498e-01 
 3.661157e+01 -2.291822e-01 
 3.661189e+01 -2.284931e-01 
 3.661222e+01 -2.285270e-01 
 3.661254e+01 -2.360711e-01 
 3.661286e+01 -2.398575e-01 
 3.661318e+01 -2.626128e-01 
 3.661351e+01 -2.702126e-01 
 3.661383e+01 -2.664680e-01 
 3.661415e+01 -2.633502e-01 
 3.661448e+01 -2.633268e-01 
 3.661480e+01 -2.721657e-01 
 3.661512e+01 -2.686919e-01 
 3.661545e+01 -2.499889e-01 
 3.661577e+01 -2.329639e-01 
 3.661609e+01 -2.294574e-01 
 3.661641e+01 -2.299071e-01 
 3.661674e+01 -2.326899e-01 
 3.661706e+01 -2.327678e-01 
 3.661738e+01 -2.296503e-01 
 3.661771e+01 -2.386315e-01 
 3.661803e+01 -2.451359e-01 
 3.661835e+01 -2.492846e-01 
 3.661868e+01 -2.431847e-01 
 3.661900e+01 -2.484029e-01 
 3.661932e+01 -2.510879e-01 
 3.661964e+01 -2.522043e-01 
 3.661997e+01 -2.498631e-01 
 3.662029e+01 -2.573108e-01 
 3.662061e+01 -2.599574e-01 
 3.662094e+01 -2.872951e-01 
 3.662126e+01 -2.974798e-01 
 3.662158e+01 -3.029214e-01 
 3.662191e+01 -3.286795e-01 
 3.662223e+01 -3.259464e-01 
 3.662255e+01 -3.291386e-01 
 3.662287e+01 -3.210308e-01 
 3.662320e+01 -3.056190e-01 
 3.662352e+01 -2.902311e-01 
 3.662384e+01 -2.677156e-01 
 3.662417e+01 -2.626863e-01 
 3.662449e+01 -2.531808e-01 
 3.662481e+01 -2.320253e-01 
 3.662514e+01 -2.294639e-01 
 3.662546e+01 -2.226278e-01 
 3.662578e+01 -2.111532e-01 
 3.662610e+01 -2.128674e-01 
 3.662643e+01 -2.131928e-01 
 3.662675e+01 -2.053731e-01 
 3.662707e+01 -2.012927e-01 
 3.662740e+01 -1.971379e-01 
 3.662772e+01 -1.958445e-01 
 3.662804e+01 -2.035687e-01 
 3.662837e+01 -2.143570e-01 
 3.662869e+01 -2.141860e-01 
 3.662901e+01 -2.106700e-01 
 3.662933e+01 -2.223191e-01 
 3.662966e+01 -2.303052e-01 
 3.662998e+01 -2.503720e-01 
 3.663030e+01 -2.646227e-01 
 3.663063e+01 -2.917064e-01 
 3.663095e+01 -2.998050e-01 
 3.663127e+01 -2.968032e-01 
 3.663160e+01 -2.845148e-01 
 3.663192e+01 -2.924045e-01 
 3.663224e+01 -2.883266e-01 
 3.663256e+01 -2.640315e-01 
 3.663289e+01 -2.478382e-01 
 3.663321e+01 -2.349263e-01 
 3.663353e+01 -2.356699e-01 
 3.663386e+01 -2.391911e-01 
 3.663418e+01 -2.196201e-01 
 3.663450e+01 -1.950738e-01 
 3.663483e+01 -1.895703e-01 
 3.663515e+01 -1.851431e-01 
 3.663547e+01 -1.833496e-01 
 3.663579e+01 -1.798342e-01 
 3.663612e+01 -1.618084e-01 
 3.663644e+01 -1.565868e-01 
 3.663676e+01 -1.674067e-01 
 3.663709e+01 -1.778453e-01 
 3.663741e+01 -1.833551e-01 
 3.663773e+01 -1.848023e-01 
 3.663806e+01 -1.882677e-01 
 3.663838e+01 -2.014464e-01 
 3.663870e+01 -2.152202e-01 
 3.663902e+01 -2.265590e-01 
 3.663935e+01 -2.585323e-01 
 3.663967e+01 -2.610955e-01 
 3.663999e+01 -2.618668e-01 
 3.664032e+01 -2.632551e-01 
 3.664064e+01 -2.616073e-01 
 3.664096e+01 -2.583678e-01 
 3.664129e+01 -2.569284e-01 
 3.664161e+01 -2.512148e-01 
 3.664193e+01 -2.483294e-01 
 3.664225e+01 -2.350050e-01 
 3.664258e+01 -2.252237e-01 
 3.664290e+01 -2.298538e-01 
 3.664322e+01 -2.260472e-01 
 3.664355e+01 -2.118830e-01 
 3.664387e+01 -2.128452e-01 
 3.664419e+01 -2.087253e-01 
 3.664451e+01 -2.002461e-01 
 3.664484e+01 -1.945214e-01 
 3.664516e+01 -1.940097e-01 
 3.664548e+01 -1.911916e-01 
 3.664581e+01 -1.922152e-01 
 3.664613e+01 -1.971458e-01 
 3.664645e+01 -2.067930e-01 
 3.664678e+01 -2.182176e-01 
 3.664710e+01 -2.336193e-01 
 3.664742e+01 -2.435097e-01 
 3.664774e+01 -2.501881e-01 
 3.664807e+01 -2.575350e-01 
 3.664839e+01 -2.753742e-01 
 3.664871e+01 -2.816453e-01 
 3.664904e+01 -2.847307e-01 
 3.664936e+01 -2.783952e-01 
 3.664968e+01 -2.668778e-01 
 3.665001e+01 -2.666864e-01 
 3.665033e+01 -2.650130e-01 
 3.665065e+01 -2.563199e-01 
 3.665097e+01 -2.457435e-01 
 3.665130e+01 -2.317818e-01 
 3.665162e+01 -2.175077e-01 
 3.665194e+01 -2.079052e-01 
 3.665227e+01 -1.941456e-01 
 3.665259e+01 -1.818918e-01 
 3.665291e+01 -1.650467e-01 
 3.665324e+01 -1.490884e-01 
 3.665356e+01 -1.417203e-01 
 3.665388e+01 -1.415338e-01 
 3.665420e+01 -1.421616e-01 
 3.665453e+01 -1.379563e-01 
 3.665485e+01 -1.308842e-01 
 3.665517e+01 -1.268630e-01 
 3.665550e+01 -1.343299e-01 
 3.665582e+01 -1.535829e-01 
 3.665614e+01 -1.611298e-01 
 3.665647e+01 -1.590992e-01 
 3.665679e+01 -1.643727e-01 
 3.665711e+01 -1.688462e-01 
 3.665743e+01 -1.752859e-01 
 3.665776e+01 -1.890063e-01 
 3.665808e+01 -1.844260e-01 
 3.665840e+01 -1.838862e-01 
 3.665873e+01 -1.800924e-01 
 3.665905e+01 -1.775621e-01 
 3.665937e+01 -1.832676e-01 
 3.665970e+01 -1.865606e-01 
 3.666002e+01 -1.828562e-01 
 3.666034e+01 -1.831602e-01 
 3.666066e+01 -1.778127e-01 
 3.666099e+01 -1.722895e-01 
 3.666131e+01 -1.742268e-01 
 3.666163e+01 -1.744046e-01 
 3.666196e+01 -1.764862e-01 
 3.666228e+01 -1.780154e-01 
 3.666260e+01 -1.751010e-01 
 3.666293e+01 -1.826916e-01 
 3.666325e+01 -1.890793e-01 
 3.666357e+01 -1.872734e-01 
 3.666389e+01 -1.931878e-01 
 3.666422e+01 -1.995782e-01 
 3.666454e+01 -2.060413e-01 
 3.666486e+01 -2.162905e-01 
 3.666519e+01 -2.216846e-01 
 3.666551e+01 -2.318697e-01 
 3.666583e+01 -2.431634e-01 
 3.666616e+01 -2.459040e-01 
 3.666648e+01 -2.450838e-01 
 3.666680e+01 -2.507035e-01 
 3.666712e+01 -2.420759e-01 
 3.666745e+01 -2.379208e-01 
 3.666777e+01 -2.335148e-01 
 3.666809e+01 -2.250186e-01 
 3.666842e+01 -2.167790e-01 
 3.666874e+01 -2.193886e-01 
 3.666906e+01 -2.208962e-01 
 3.666939e+01 -2.185848e-01 
 3.666971e+01 -2.200473e-01 
 3.667003e+01 -2.210794e-01 
 3.667035e+01 -2.198150e-01 
 3.667068e+01 -2.181112e-01 
 3.667100e+01 -2.194482e-01 
 3.667132e+01 -2.195567e-01 
 3.667165e+01 -2.195442e-01 
 3.667197e+01 -2.204226e-01 
 3.667229e+01 -2.209820e-01 
 3.667261e+01 -2.238257e-01 
 3.667294e+01 -2.270389e-01 
 3.667326e+01 -2.293898e-01 
 3.667358e+01 -2.298666e-01 
 3.667391e+01 -2.296572e-01 
 3.667423e+01 -2.355124e-01 
 3.667455e+01 -2.442007e-01 
 3.667488e+01 -2.550343e-01 
 3.667520e+01 -2.556676e-01 
 3.667552e+01 -2.470902e-01 
 3.667584e+01 -2.326653e-01 
 3.667617e+01 -2.376477e-01 
 3.667649e+01 -2.438591e-01 
 3.667681e+01 -2.426146e-01 
 3.667714e+01 -2.326180e-01 
 3.667746e+01 -2.252654e-01 
 3.667778e+01 -2.266181e-01 
 3.667811e+01 -2.319693e-01 
 3.667843e+01 -2.357711e-01 
 3.667875e+01 -2.381575e-01 
 3.667907e+01 -2.416310e-01 
 3.667940e+01 -2.488445e-01 
 3.667972e+01 -2.598511e-01 
 3.668004e+01 -2.708816e-01 
 3.668037e+01 -2.783674e-01 
 3.668069e+01 -2.852663e-01 
 3.668101e+01 -2.896882e-01 
 3.668134e+01 -2.988371e-01 
 3.668166e+01 -3.141757e-01 
 3.668198e+01 -3.280974e-01 
 3.668230e+01 -3.396473e-01 
 3.668263e+01 -3.493610e-01 
 3.668295e+01 -3.596463e-01 
 3.668327e+01 -3.741714e-01 
 3.668360e+01 -3.835709e-01 
 3.668392e+01 -3.914206e-01 
 3.668424e+01 -4.008789e-01 
 3.668457e+01 -4.004999e-01 
 3.668489e+01 -3.981157e-01 
 3.668521e+01 -3.843606e-01 
 3.668553e+01 -3.843404e-01 
 3.668586e+01 -3.876709e-01 
 3.668618e+01 -3.521431e-01 
 3.668650e+01 -3.525176e-01 
 3.668683e+01 -3.544594e-01 
 3.668715e+01 -3.518440e-01 
 3.668747e+01 -3.557838e-01 
 3.668780e+01 -3.656862e-01 
 3.668812e+01 -3.719731e-01 
 3.668844e+01 -3.809252e-01 
 3.668876e+01 -3.892071e-01 
 3.668909e+01 -3.985704e-01 
 3.668941e+01 -4.131193e-01 
 3.668973e+01 -4.295543e-01 
 3.669006e+01 -4.389118e-01 
 3.669038e+01 -4.478866e-01 
 3.669070e+01 -4.585874e-01 
 3.669103e+01 -4.691081e-01 
 3.669135e+01 -4.800416e-01 
 3.669167e+01 -4.921689e-01 
 3.669199e+01 -5.002793e-01 
 3.669232e+01 -5.135442e-01 
 3.669264e+01 -5.270963e-01 
 3.669296e+01 -5.316701e-01 
 3.669329e+01 -5.246895e-01 
 3.669361e+01 -5.197740e-01 
 3.669393e+01 -5.058031e-01 
 3.669426e+01 -4.795109e-01 
 3.669458e+01 -4.678012e-01 
 3.669490e+01 -4.295233e-01 
 3.669522e+01 -4.284771e-01 
 3.669555e+01 -4.219616e-01 
 3.669587e+01 -4.155887e-01 
 3.669619e+01 -4.107950e-01 
 3.669652e+01 -4.097551e-01 
 3.669684e+01 -4.144793e-01 
 3.669716e+01 -4.205532e-01 
 3.669749e+01 -4.233371e-01 
 3.669781e+01 -4.281560e-01 
 3.669813e+01 -4.317335e-01 
 3.669845e+01 -4.355338e-01 
 3.669878e+01 -4.393527e-01 
 3.669910e+01 -4.409324e-01 
 3.669942e+01 -4.390284e-01 
 3.669975e+01 -4.349577e-01 
 3.670007e+01 -4.352687e-01 
 3.670039e+01 -4.413048e-01 
 3.670072e+01 -4.475379e-01 
 3.670104e+01 -4.474131e-01 
 3.670136e+01 -4.453873e-01 
 3.670168e+01 -4.467247e-01 
 3.670201e+01 -4.533426e-01 
 3.670233e+01 -4.603670e-01 
 3.670265e+01 -4.641635e-01 
 3.670298e+01 -4.641083e-01 
 3.670330e+01 -4.649055e-01 
 3.670362e+01 -4.716221e-01 
 3.670394e+01 -4.814005e-01 
 3.670427e+01 -4.934161e-01 
 3.670459e+01 -5.070010e-01 
 3.670491e+01 -5.212431e-01 
 3.670524e+01 -5.391099e-01 
 3.670556e+01 -5.562712e-01 
 3.670588e+01 -5.697979e-01 
 3.670621e+01 -5.825603e-01 
 3.670653e+01 -5.953081e-01 
 3.670685e+01 -6.069934e-01 
 3.670717e+01 -6.182773e-01 
 3.670750e+01 -6.288381e-01 
 3.670782e+01 -6.439260e-01 
 3.670814e+01 -6.606820e-01 
 3.670847e+01 -6.742882e-01 
 3.670879e+01 -6.895943e-01 
 3.670911e+01 -7.056983e-01 
 3.670944e+01 -7.216423e-01 
 3.670976e+01 -7.366689e-01 
 3.671008e+01 -7.474864e-01 
 3.671040e+01 -7.580490e-01 
 3.671073e+01 -7.676406e-01 
 3.671105e+01 -7.730561e-01 
 3.671137e+01 -7.794478e-01 
 3.671170e+01 -7.854493e-01 
 3.671202e+01 -7.898073e-01 
 3.671234e+01 -8.009334e-01 
 3.671267e+01 -8.135756e-01 
 3.671299e+01 -8.246165e-01 
 3.671331e+01 -8.393857e-01 
 3.671363e+01 -8.573111e-01 
 3.671396e+01 -8.747071e-01 
 3.671428e+01 -8.884838e-01 
 3.671460e+01 -8.989837e-01 
 3.671493e+01 -9.098700e-01 
 3.671525e+01 -9.202480e-01 
 3.671557e+01 -9.262463e-01 
 3.671590e+01 -9.283141e-01 
 3.671622e+01 -9.308070e-01 
 3.671654e+01 -9.355412e-01 
 3.671686e+01 -9.421838e-01 
 3.671719e+01 -9.513065e-01 
 3.671751e+01 -9.638731e-01 
 3.671783e+01 -9.745748e-01 
 3.671816e+01 -9.758435e-01 
 3.671848e+01 -9.740414e-01 
 3.671880e+01 -9.768476e-01 
 3.671913e+01 -9.755693e-01 
 3.671945e+01 -9.697060e-01 
 3.671977e+01 -9.638361e-01 
 3.672009e+01 -9.569604e-01 
 3.672042e+01 -9.521955e-01 
 3.672074e+01 -9.537552e-01 
 3.672106e+01 -9.574645e-01 
 3.672139e+01 -9.636882e-01 
 3.672171e+01 -9.660154e-01 
 3.672203e+01 -9.670617e-01 
 3.672236e+01 -9.699300e-01 
 3.672268e+01 -9.761457e-01 
 3.672300e+01 -9.809584e-01 
 3.672332e+01 -9.810199e-01 
 3.672365e+01 -9.771995e-01 
 3.672397e+01 -9.751746e-01 
 3.672429e+01 -9.778872e-01 
 3.672462e+01 -9.821859e-01 
 3.672494e+01 -9.834878e-01 
 3.672526e+01 -9.854472e-01 
 3.672559e+01 -9.895247e-01 
 3.672591e+01 -9.766002e-01 
 3.672623e+01 -9.816422e-01 
 3.672655e+01 -9.712197e-01 
 3.672688e+01 -9.759007e-01 
 3.672720e+01 -9.783705e-01 
 3.672752e+01 -9.803832e-01 
 3.672785e+01 -9.835133e-01 
 3.672817e+01 -9.874067e-01 
 3.672849e+01 -9.905726e-01 
 3.672882e+01 -9.944751e-01 
 3.672914e+01 -1.002491e+00 
 3.672946e+01 -1.010792e+00 
 3.672978e+01 -1.020480e+00 
 3.673011e+01 -1.034715e+00 
 3.673043e+01 -1.050035e+00 
 3.673075e+01 -1.065514e+00 
 3.673108e+01 -1.078413e+00 
 3.673140e+01 -1.088951e+00 
 3.673172e+01 -1.101170e+00 
 3.673205e+01 -1.112826e+00 
 3.673237e+01 -1.124470e+00 
 3.673269e+01 -1.140827e+00 
 3.673301e+01 -1.158820e+00 
 3.673334e+01 -1.175506e+00 
 3.673366e+01 -1.191268e+00 
 3.673398e+01 -1.204801e+00 
 3.673431e+01 -1.218256e+00 
 3.673463e+01 -1.230215e+00 
 3.673495e+01 -1.238942e+00 
 3.673528e+01 -1.247596e+00 
 3.673560e+01 -1.258028e+00 
 3.673592e+01 -1.254499e+00 
 3.673624e+01 -1.263089e+00 
 3.673657e+01 -1.270685e+00 
 3.673689e+01 -1.273270e+00 
 3.673721e+01 -1.278699e+00 
 3.673754e+01 -1.202320e+00 
 3.673786e+01 -1.212135e+00 
 3.673818e+01 -1.216832e+00 
 3.673851e+01 -1.217078e+00 
 3.673883e+01 -1.216394e+00 
 3.673915e+01 -1.216855e+00 
 3.673947e+01 -1.214754e+00 
 3.673980e+01 -1.213490e+00 
 3.674012e+01 -1.211166e+00 
 3.674044e+01 -1.207892e+00 
 3.674077e+01 -1.205389e+00 
 3.674109e+01 -1.202235e+00 
 3.674141e+01 -1.200853e+00 
 3.674173e+01 -1.199771e+00 
 3.674206e+01 -1.131904e+00 
 3.674238e+01 -1.126213e+00 
 3.674270e+01 -1.122153e+00 
 3.674303e+01 -1.118093e+00 
 3.674335e+01 -1.104247e+00 
 3.674367e+01 -1.093798e+00 
 3.674400e+01 -1.079211e+00 
 3.674432e+01 -1.065837e+00 
 3.674464e+01 -1.058713e+00 
 3.674496e+01 -1.056610e+00 
 3.674529e+01 -1.026968e+00 
 3.674561e+01 -1.022052e+00 
 3.674593e+01 -9.517602e-01 
 3.674626e+01 -9.445002e-01 
 3.674658e+01 -9.393428e-01 
 3.674690e+01 -9.356247e-01 
 3.674723e+01 -9.349547e-01 
 3.674755e+01 -9.351842e-01 
 3.674787e+01 -9.339068e-01 
 3.674819e+01 -9.315049e-01 
 3.674852e+01 -9.045849e-01 
 3.674884e+01 -9.039008e-01 
 3.674916e+01 -9.042282e-01 
 3.674949e+01 -9.036258e-01 
 3.674981e+01 -9.024490e-01 
 3.675013e+01 -9.046592e-01 
 3.675046e+01 -9.087923e-01 
 3.675078e+01 -9.133548e-01 
 3.675110e+01 -9.194370e-01 
 3.675142e+01 -9.263141e-01 
 3.675175e+01 -9.326055e-01 
 3.675207e+01 -9.349722e-01 
 3.675239e+01 -9.370366e-01 
 3.675272e+01 -9.400492e-01 
 3.675304e+01 -9.447279e-01 
 3.675336e+01 -9.477981e-01 
 3.675369e+01 -9.485508e-01 
 3.675401e+01 -9.470811e-01 
 3.675433e+01 -9.460345e-01 
 3.675465e+01 -9.408899e-01 
 3.675498e+01 -9.409333e-01 
 3.675530e+01 -9.472036e-01 
 3.675562e+01 -9.537939e-01 
 3.675595e+01 -9.633015e-01 
 3.675627e+01 -9.847526e-01 
 3.675659e+01 -1.008867e+00 
 3.675692e+01 -1.024612e+00 
 3.675724e+01 -1.028951e+00 
 3.675756e+01 -1.040581e+00 
 3.675788e+01 -1.055537e+00 
 3.675821e+01 -1.077333e+00 
 3.675853e+01 -1.101156e+00 
 3.675885e+01 -1.121210e+00 
 3.675918e+01 -1.137302e+00 
 3.675950e+01 -1.159198e+00 
 3.675982e+01 -1.183061e+00 
 3.676015e+01 -1.200577e+00 
 3.676047e+01 -1.216247e+00 
 3.676079e+01 -1.226142e+00 
 3.676111e+01 -1.233572e+00 
 3.676144e+01 -1.240493e+00 
 3.676176e+01 -1.245662e+00 
 3.676208e+01 -1.249275e+00 
 3.676241e+01 -1.252177e+00 
 3.676273e+01 -1.254140e+00 
 3.676305e+01 -1.255251e+00 
 3.676338e+01 -1.257041e+00 
 3.676370e+01 -1.260481e+00 
 3.676402e+01 -1.263367e+00 
 3.676434e+01 -1.247431e+00 
 3.676467e+01 -1.250747e+00 
 3.676499e+01 -1.257283e+00 
 3.676531e+01 -1.273381e+00 
 3.676564e+01 -1.286024e+00 
 3.676596e+01 -1.292124e+00 
 3.676628e+01 -1.292964e+00 
 3.676661e+01 -1.290481e+00 
 3.676693e+01 -1.288958e+00 
 3.676725e+01 -1.286413e+00 
 3.676757e+01 -1.287725e+00 
 3.676790e+01 -1.287518e+00 
 3.676822e+01 -1.287290e+00 
 3.676854e+01 -1.288865e+00 
 3.676887e+01 -1.291508e+00 
 3.676919e+01 -1.295249e+00 
 3.676951e+01 -1.298033e+00 
 3.676984e+01 -1.298930e+00 
 3.677016e+01 -1.298122e+00 
 3.677048e+01 -1.294776e+00 
 3.677080e+01 -1.291532e+00 
 3.677113e+01 -1.287157e+00 
 3.677145e+01 -1.280082e+00 
 3.677177e+01 -1.253999e+00 
 3.677210e+01 -1.245200e+00 
 3.677242e+01 -1.237103e+00 
 3.677274e+01 -1.231789e+00 
 3.677307e+01 -1.230882e+00 
 3.677339e+01 -1.231803e+00 
 3.677371e+01 -1.215972e+00 
 3.677403e+01 -1.218558e+00 
 3.677436e+01 -1.221101e+00 
 3.677468e+01 -1.223385e+00 
 3.677500e+01 -1.226178e+00 
 3.677533e+01 -1.231241e+00 
 3.677565e+01 -1.235641e+00 
 3.677597e+01 -1.239216e+00 
 3.677629e+01 -1.216803e+00 
 3.677662e+01 -1.220485e+00 
 3.677694e+01 -1.225923e+00 
 3.677726e+01 -1.233620e+00 
 3.677759e+01 -1.244084e+00 
 3.677791e+01 -1.257196e+00 
 3.677823e+01 -1.271736e+00 
 3.677856e+01 -1.287333e+00 
 3.677888e+01 -1.302148e+00 
 3.677920e+01 -1.312341e+00 
 3.677952e+01 -1.321528e+00 
 3.677985e+01 -1.329685e+00 
 3.678017e+01 -1.338518e+00 
 3.678049e+01 -1.349069e+00 
 3.678082e+01 -1.358584e+00 
 3.678114e+01 -1.364861e+00 
 3.678146e+01 -1.385363e+00 
 3.678179e+01 -1.406428e+00 
 3.678211e+01 -1.430938e+00 
 3.678243e+01 -1.464018e+00 
 3.678275e+01 -1.501426e+00 
 3.678308e+01 -1.526056e+00 
 3.678340e+01 -1.539555e+00 
 3.678372e+01 -1.550843e+00 
 3.678405e+01 -1.516709e+00 
 3.678437e+01 -1.521979e+00 
 3.678469e+01 -1.524947e+00 
 3.678502e+01 -1.525101e+00 
 3.678534e+01 -1.524355e+00 
 3.678566e+01 -1.523522e+00 
 3.678598e+01 -1.524758e+00 
 3.678631e+01 -1.527205e+00 
 3.678663e+01 -1.529252e+00 
 3.678695e+01 -1.530146e+00 
 3.678728e+01 -1.531554e+00 
 3.678760e+01 -1.534349e+00 
 3.678792e+01 -1.534406e+00 
 3.678825e+01 -1.529683e+00 
 3.678857e+01 -1.516928e+00 
 3.678889e+01 -1.503431e+00 
 3.678921e+01 -1.489383e+00 
 3.678954e+01 -1.476716e+00 
 3.678986e+01 -1.465807e+00 
 3.679018e+01 -1.451200e+00 
 3.679051e+01 -1.439954e+00 
 3.679083e+01 -1.405142e+00 
 3.679115e+01 -1.401780e+00 
 3.679148e+01 -1.382347e+00 
 3.679180e+01 -1.360111e+00 
 3.679212e+01 -1.352254e+00 
 3.679244e+01 -1.342161e+00 
 3.679277e+01 -1.330340e+00 
 3.679309e+01 -1.319205e+00 
 3.679341e+01 -1.309868e+00 
 3.679374e+01 -1.304183e+00 
 3.679406e+01 -1.301654e+00 
 3.679438e+01 -1.293937e+00 
 3.679471e+01 -1.291292e+00 
 3.679503e+01 -1.288836e+00 
 3.679535e+01 -1.287540e+00 
 3.679567e+01 -1.289323e+00 
 3.679600e+01 -1.288550e+00 
 3.679632e+01 -1.284519e+00 
 3.679664e+01 -1.274445e+00 
 3.679697e+01 -1.267626e+00 
 3.679729e+01 -1.259932e+00 
 3.679761e+01 -1.249581e+00 
 3.679794e+01 -1.245355e+00 
 3.679826e+01 -1.245131e+00 
 3.679858e+01 -1.247822e+00 
 3.679890e+01 -1.251751e+00 
 3.679923e+01 -1.256134e+00 
 3.679955e+01 -1.261550e+00 
 3.679987e+01 -1.267407e+00 
 3.680020e+01 -1.272562e+00 
 3.680052e+01 -1.278347e+00 
 3.680084e+01 -1.286316e+00 
 3.680117e+01 -1.297692e+00 
 3.680149e+01 -1.311121e+00 
 3.680181e+01 -1.323698e+00 
 3.680213e+01 -1.336838e+00 
 3.680246e+01 -1.349988e+00 
 3.680278e+01 -1.301449e+00 
 3.680310e+01 -1.317504e+00 
 3.680343e+01 -1.333737e+00 
 3.680375e+01 -1.350652e+00 
 3.680407e+01 -1.367837e+00 
 3.680440e+01 -1.382663e+00 
 3.680472e+01 -1.395718e+00 
 3.680504e+01 -1.405641e+00 
 3.680536e+01 -1.413903e+00 
 3.680569e+01 -1.419801e+00 
 3.680601e+01 -1.426701e+00 
 3.680633e+01 -1.433898e+00 
 3.680666e+01 -1.442149e+00 
 3.680698e+01 -1.452193e+00 
 3.680730e+01 -1.463761e+00 
 3.680763e+01 -1.478705e+00 
 3.680795e+01 -1.494786e+00 
 3.680827e+01 -1.509458e+00 
 3.680859e+01 -1.521239e+00 
 3.680892e+01 -1.530761e+00 
 3.680924e+01 -1.536538e+00 
 3.680956e+01 -1.541208e+00 
 3.680989e+01 -1.546688e+00 
 3.681021e+01 -1.553097e+00 
 3.681053e+01 -1.559949e+00 
 3.681085e+01 -1.562890e+00 
 3.681118e+01 -1.568322e+00 
 3.681150e+01 -1.530367e+00 
 3.681182e+01 -1.540329e+00 
 3.681215e+01 -1.551430e+00 
 3.681247e+01 -1.564186e+00 
 3.681279e+01 -1.574130e+00 
 3.681312e+01 -1.581133e+00 
 3.681344e+01 -1.588912e+00 
 3.681376e+01 -1.600565e+00 
 3.681408e+01 -1.612660e+00 
 3.681441e+01 -1.622526e+00 
 3.681473e+01 -1.627928e+00 
 3.681505e+01 -1.627266e+00 
 3.681538e+01 -1.625008e+00 
 3.681570e+01 -1.623170e+00 
 3.681602e+01 -1.622065e+00 
 3.681635e+01 -1.620659e+00 
 3.681667e+01 -1.619669e+00 
 3.681699e+01 -1.616552e+00 
 3.681731e+01 -1.611474e+00 
 3.681764e+01 -1.598851e+00 
 3.681796e+01 -1.591424e+00 
 3.681828e+01 -1.548376e+00 
 3.681861e+01 -1.539098e+00 
 3.681893e+01 -1.530643e+00 
 3.681925e+01 -1.523134e+00 
 3.681958e+01 -1.517645e+00 
 3.681990e+01 -1.512460e+00 
 3.682022e+01 -1.508640e+00 
 3.682054e+01 -1.504427e+00 
 3.682087e+01 -1.500419e+00 
 3.682119e+01 -1.495369e+00 
 3.682151e+01 -1.491832e+00 
 3.682184e+01 -1.486730e+00 
 3.682216e+01 -1.479768e+00 
 3.682248e+01 -1.470551e+00 
 3.682281e+01 -1.461744e+00 
 3.682313e+01 -1.452256e+00 
 3.682345e+01 -1.443681e+00 
 3.682377e+01 -1.436075e+00 
 3.682410e+01 -1.428332e+00 
 3.682442e+01 -1.420649e+00 
 3.682474e+01 -1.413513e+00 
 3.682507e+01 -1.407972e+00 
 3.682539e+01 -1.404119e+00 
 3.682571e+01 -1.402005e+00 
 3.682604e+01 -1.394532e+00 
 3.682636e+01 -1.395329e+00 
 3.682668e+01 -1.399557e+00 
 3.682700e+01 -1.403956e+00 
 3.682733e+01 -1.406842e+00 
 3.682765e+01 -1.409241e+00 
 3.682797e+01 -1.409718e+00 
 3.682830e+01 -1.409766e+00 
 3.682862e+01 -1.411075e+00 
 3.682894e+01 -1.413205e+00 
 3.682927e+01 -1.413718e+00 
 3.682959e+01 -1.414274e+00 
 3.682991e+01 -1.417853e+00 
 3.683023e+01 -1.423701e+00 
 3.683056e+01 -1.430832e+00 
 3.683088e+01 -1.437452e+00 
 3.683120e+01 -1.441625e+00 
 3.683153e+01 -1.443266e+00 
 3.683185e+01 -1.442746e+00 
 3.683217e+01 -1.440670e+00 
 3.683250e+01 -1.437093e+00 
 3.683282e+01 -1.430532e+00 
 3.683314e+01 -1.419728e+00 
 3.683346e+01 -1.362972e+00 
 3.683379e+01 -1.350718e+00 
 3.683411e+01 -1.326244e+00 
 3.683443e+01 -1.294615e+00 
 3.683476e+01 -1.285689e+00 
 3.683508e+01 -1.278133e+00 
 3.683540e+01 -1.271423e+00 
 3.683573e+01 -1.266026e+00 
 3.683605e+01 -1.263426e+00 
 3.683637e+01 -1.262884e+00 
 3.683669e+01 -1.259987e+00 
 3.683702e+01 -1.254077e+00 
 3.683734e+01 -1.245581e+00 
 3.683766e+01 -1.235007e+00 
 3.683799e+01 -1.223535e+00 
 3.683831e+01 -1.210748e+00 
 3.683863e+01 -1.198612e+00 
 3.683896e+01 -1.187654e+00 
 3.683928e+01 -1.177792e+00 
 3.683960e+01 -1.167091e+00 
 3.683992e+01 -1.157109e+00 
 3.684025e+01 -1.145933e+00 
 3.684057e+01 -1.133609e+00 
 3.684089e+01 -1.118544e+00 
 3.684122e+01 -1.098596e+00 
 3.684154e+01 -1.075505e+00 
 3.684186e+01 -1.049893e+00 
 3.684219e+01 -1.026474e+00 
 3.684251e+01 -9.944131e-01 
 3.684283e+01 -9.581541e-01 
 3.684315e+01 -9.336243e-01 
 3.684348e+01 -9.124654e-01 
 3.684380e+01 -8.938646e-01 
 3.684412e+01 -8.789436e-01 
 3.684445e+01 -8.646646e-01 
 3.684477e+01 -8.509924e-01 
 3.684509e+01 -8.487430e-01 
 3.684542e+01 -8.387205e-01 
 3.684574e+01 -8.286418e-01 
 3.684606e+01 -8.164145e-01 
 3.684638e+01 -8.026753e-01 
 3.684671e+01 -7.897524e-01 
 3.684703e+01 -7.781366e-01 
 3.684735e+01 -7.890393e-01 
 3.684768e+01 -7.808567e-01 
 3.684800e+01 -7.756893e-01 
 3.684832e+01 -7.750245e-01 
 3.684864e+01 -7.779413e-01 
 3.684897e+01 -7.824330e-01 
 3.684929e+01 -7.855984e-01 
 3.684961e+01 -7.857869e-01 
 3.684994e+01 -7.830884e-01 
 3.685026e+01 -7.785608e-01 
 3.685058e+01 -7.741773e-01 
 3.685091e+01 -7.660032e-01 
 3.685123e+01 -7.584225e-01 
 3.685155e+01 -7.517256e-01 
 3.685187e+01 -7.459936e-01 
 3.685220e+01 -7.412611e-01 
 3.685252e+01 -7.387422e-01 
 3.685284e+01 -7.392372e-01 
 3.685317e+01 -7.406299e-01 
 3.685349e+01 -7.423122e-01 
 3.685381e+01 -7.421091e-01 
 3.685414e+01 -7.378157e-01 
 3.685446e+01 -7.348674e-01 
 3.685478e+01 -7.322698e-01 
 3.685510e+01 -7.311969e-01 
 3.685543e+01 -7.319496e-01 
 3.685575e+01 -7.347716e-01 
 3.685607e+01 -7.410750e-01 
 3.685640e+01 -7.507510e-01 
 3.685672e+01 -7.618779e-01 
 3.685704e+01 -7.735489e-01 
 3.685737e+01 -7.834649e-01 
 3.685769e+01 -7.896300e-01 
 3.685801e+01 -7.934976e-01 
 3.685833e+01 -7.963475e-01 
 3.685866e+01 -7.992512e-01 
 3.685898e+01 -8.024749e-01 
 3.685930e+01 -8.076386e-01 
 3.685963e+01 -8.157276e-01 
 3.685995e+01 -8.273400e-01 
 3.686027e+01 -8.427509e-01 
 3.686060e+01 -8.610794e-01 
 3.686092e+01 -8.808261e-01 
 3.686124e+01 -9.002053e-01 
 3.686156e+01 -9.190438e-01 
 3.686189e+01 -9.374663e-01 
 3.686221e+01 -9.544604e-01 
 3.686253e+01 -9.677601e-01 
 3.686286e+01 -9.790949e-01 
 3.686318e+01 -9.891630e-01 
 3.686350e+01 -9.996488e-01 
 3.686383e+01 -1.011338e+00 
 3.686415e+01 -1.012830e+00 
 3.686447e+01 -1.031127e+00 
 3.686479e+01 -1.036166e+00 
 3.686512e+01 -1.055902e+00 
 3.686544e+01 -1.073330e+00 
 3.686576e+01 -1.087039e+00 
 3.686609e+01 -1.095803e+00 
 3.686641e+01 -1.078858e+00 
 3.686673e+01 -1.079728e+00 
 3.686706e+01 -1.082351e+00 
 3.686738e+01 -1.084188e+00 
 3.686770e+01 -1.085063e+00 
 3.686802e+01 -1.087601e+00 
 3.686835e+01 -1.093586e+00 
 3.686867e+01 -1.101818e+00 
 3.686899e+01 -1.111332e+00 
 3.686932e+01 -1.120908e+00 
 3.686964e+01 -1.129320e+00 
 3.686996e+01 -1.135303e+00 
 3.687029e+01 -1.138559e+00 
 3.687061e+01 -1.139114e+00 
 3.687093e+01 -1.137027e+00 
 3.687125e+01 -1.136068e+00 
 3.687158e+01 -1.134775e+00 
 3.687190e+01 -1.133851e+00 
 3.687222e+01 -1.134232e+00 
 3.687255e+01 -1.136702e+00 
 3.687287e+01 -1.141729e+00 
 3.687319e+01 -1.149525e+00 
 3.687352e+01 -1.160081e+00 
 3.687384e+01 -1.172466e+00 
 3.687416e+01 -1.185652e+00 
 3.687448e+01 -1.197320e+00 
 3.687481e+01 -1.206985e+00 
 3.687513e+01 -1.214671e+00 
 3.687545e+01 -1.221514e+00 
 3.687578e+01 -1.227579e+00 
 3.687610e+01 -1.233544e+00 
 3.687642e+01 -1.240649e+00 
 3.687675e+01 -1.249113e+00 
 3.687707e+01 -1.258659e+00 
 3.687739e+01 -1.268568e+00 
 3.687771e+01 -1.280180e+00 
 3.687804e+01 -1.291411e+00 
 3.687836e+01 -1.302322e+00 
 3.687868e+01 -1.313006e+00 
 3.687901e+01 -1.323313e+00 
 3.687933e+01 -1.331517e+00 
 3.687965e+01 -1.336607e+00 
 3.687998e+01 -1.340380e+00 
 3.688030e+01 -1.343423e+00 
 3.688062e+01 -1.331003e+00 
 3.688094e+01 -1.332680e+00 
 3.688127e+01 -1.334997e+00 
 3.688159e+01 -1.337314e+00 
 3.688191e+01 -1.339407e+00 
 3.688224e+01 -1.342689e+00 
 3.688256e+01 -1.346784e+00 
 3.688288e+01 -1.350872e+00 
 3.688321e+01 -1.353641e+00 
 3.688353e+01 -1.350281e+00 
 3.688385e+01 -1.346764e+00 
 3.688417e+01 -1.336708e+00 
 3.688450e+01 -1.332761e+00 
 3.688482e+01 -1.329640e+00 
 3.688514e+01 -1.327360e+00 
 3.688547e+01 -1.326247e+00 
 3.688579e+01 -1.326888e+00 
 3.688611e+01 -1.327797e+00 
 3.688643e+01 -1.329097e+00 
 3.688676e+01 -1.350038e+00 
 3.688708e+01 -1.354045e+00 
 3.688740e+01 -1.357900e+00 
 3.688773e+01 -1.359628e+00 
 3.688805e+01 -1.359001e+00 
 3.688837e+01 -1.358026e+00 
 3.688870e+01 -1.355079e+00 
 3.688902e+01 -1.350751e+00 
 3.688934e+01 -1.345855e+00 
 3.688966e+01 -1.340886e+00 
 3.688999e+01 -1.336045e+00 
 3.689031e+01 -1.330803e+00 
 3.689063e+01 -1.324707e+00 
 3.689096e+01 -1.317284e+00 
 3.689128e+01 -1.308566e+00 
 3.689160e+01 -1.297874e+00 
 3.689193e+01 -1.285665e+00 
 3.689225e+01 -1.271251e+00 
 3.689257e+01 -1.254399e+00 
 3.689289e+01 -1.235637e+00 
 3.689322e+01 -1.216003e+00 
 3.689354e+01 -1.196369e+00 
 3.689386e+01 -1.177526e+00 
 3.689419e+01 -1.159170e+00 
 3.689451e+01 -1.139991e+00 
 3.689483e+01 -1.119203e+00 
 3.689516e+01 -1.096735e+00 
 3.689548e+01 -1.100569e+00 
 3.689580e+01 -1.077900e+00 
 3.689612e+01 -1.055582e+00 
 3.689645e+01 -1.034542e+00 
 3.689677e+01 -1.016056e+00 
 3.689709e+01 -9.997846e-01 
 3.689742e+01 -9.831163e-01 
 3.689774e+01 -9.730452e-01 
 3.689806e+01 -9.649941e-01 
 3.689839e+01 -9.575115e-01 
 3.689871e+01 -9.505877e-01 
 3.689903e+01 -9.453417e-01 
 3.689935e+01 -9.397647e-01 
 3.689968e+01 -9.348893e-01 
 3.690000e+01 -9.299673e-01 
 3.690032e+01 -9.253543e-01 
 3.690065e+01 -9.213557e-01 
 3.690097e+01 -9.185566e-01 
 3.690129e+01 -9.162269e-01 
 3.690162e+01 -9.127457e-01 
 3.690194e+01 -9.069594e-01 
 3.690226e+01 -8.999760e-01 
 3.690258e+01 -8.920461e-01 
 3.690291e+01 -8.838905e-01 
 3.690323e+01 -8.756466e-01 
 3.690355e+01 -8.670497e-01 
 3.690388e+01 -8.584115e-01 
 3.690420e+01 -8.501222e-01 
 3.690452e+01 -8.422712e-01 
 3.690485e+01 -8.351701e-01 
 3.690517e+01 -8.504673e-01 
 3.690549e+01 -8.470049e-01 
 3.690581e+01 -8.441643e-01 
 3.690614e+01 -8.407617e-01 
 3.690646e+01 -8.359545e-01 
 3.690678e+01 -8.302993e-01 
 3.690711e+01 -8.244001e-01 
 3.690743e+01 -8.174739e-01 
 3.690775e+01 -8.100677e-01 
 3.690808e+01 -8.022273e-01 
 3.690840e+01 -7.947372e-01 
 3.690872e+01 -7.867463e-01 
 3.690904e+01 -7.794320e-01 
 3.690937e+01 -7.731636e-01 
 3.690969e+01 -7.703846e-01 
 3.691001e+01 -7.644648e-01 
 3.691034e+01 -7.575057e-01 
 3.691066e+01 -7.496622e-01 
 3.691098e+01 -7.377537e-01 
 3.691131e+01 -7.234089e-01 
 3.691163e+01 -7.083194e-01 
 3.691195e+01 -6.937226e-01 
 3.691227e+01 -6.792578e-01 
 3.691260e+01 -6.665875e-01 
 3.691292e+01 -6.548259e-01 
 3.691324e+01 -6.436185e-01 
 3.691357e+01 -6.327999e-01 
 3.691389e+01 -6.233802e-01 
 3.691421e+01 -6.149409e-01 
 3.691454e+01 -6.089823e-01 
 3.691486e+01 -6.035996e-01 
 3.691518e+01 -5.996397e-01 
 3.691550e+01 -5.954016e-01 
 3.691583e+01 -5.894804e-01 
 3.691615e+01 -5.849311e-01 
 3.691647e+01 -5.824785e-01 
 3.691680e+01 -5.824072e-01 
 3.691712e+01 -5.835951e-01 
 3.691744e+01 -5.836129e-01 
 3.691777e+01 -5.824141e-01 
 3.691809e+01 -5.806151e-01 
 3.691841e+01 -5.771822e-01 
 3.691873e+01 -5.721493e-01 
 3.691906e+01 -5.657192e-01 
 3.691938e+01 -5.582851e-01 
 3.691970e+01 -5.499538e-01 
 3.692003e+01 -5.415115e-01 
 3.692035e+01 -5.331314e-01 
 3.692067e+01 -5.247010e-01 
 3.692100e+01 -5.159405e-01 
 3.692132e+01 -5.071685e-01 
 3.692164e+01 -4.980286e-01 
 3.692196e+01 -4.894084e-01 
 3.692229e+01 -4.804820e-01 
 3.692261e+01 -4.708996e-01 
 3.692293e+01 -4.615188e-01 
 3.692326e+01 -4.532242e-01 
 3.692358e+01 -4.468504e-01 
 3.692390e+01 -4.407101e-01 
 3.692422e+01 -4.338417e-01 
 3.692455e+01 -4.266765e-01 
 3.692487e+01 -4.246304e-01 
 3.692519e+01 -4.203854e-01 
 3.692552e+01 -4.233441e-01 
 3.692584e+01 -4.234466e-01 
 3.692616e+01 -4.247949e-01 
 3.692649e+01 -4.267728e-01 
 3.692681e+01 -4.291967e-01 
 3.692713e+01 -4.312238e-01 
 3.692745e+01 -4.313661e-01 
 3.692778e+01 -4.305144e-01 
 3.692810e+01 -4.294781e-01 
 3.692842e+01 -4.284238e-01 
 3.692875e+01 -4.275468e-01 
 3.692907e+01 -4.317637e-01 
 3.692939e+01 -4.325390e-01 
 3.692972e+01 -4.352961e-01 
 3.693004e+01 -4.393563e-01 
 3.693036e+01 -4.444972e-01 
 3.693068e+01 -4.498139e-01 
 3.693101e+01 -4.540762e-01 
 3.693133e+01 -4.568092e-01 
 3.693165e+01 -4.581069e-01 
 3.693198e+01 -4.592964e-01 
 3.693230e+01 -4.590791e-01 
 3.693262e+01 -4.573347e-01 
 3.693295e+01 -4.550237e-01 
 3.693327e+01 -4.526509e-01 
 3.693359e+01 -4.509972e-01 
 3.693391e+01 -4.494878e-01 
 3.693424e+01 -4.484931e-01 
 3.693456e+01 -4.492170e-01 
 3.693488e+01 -4.499824e-01 
 3.693521e+01 -4.507923e-01 
 3.693553e+01 -4.506919e-01 
 3.693585e+01 -4.478758e-01 
 3.693618e+01 -5.080440e-01 
 3.693650e+01 -5.033010e-01 
 3.693682e+01 -5.009305e-01 
 3.693714e+01 -4.963521e-01 
 3.693747e+01 -4.924256e-01 
 3.693779e+01 -4.891432e-01 
 3.693811e+01 -4.840252e-01 
 3.693844e+01 -4.773448e-01 
 3.693876e+01 -4.695745e-01 
 3.693908e+01 -4.610668e-01 
 3.693941e+01 -4.528838e-01 
 3.693973e+01 -4.463547e-01 
 3.694005e+01 -4.413848e-01 
 3.694037e+01 -4.371582e-01 
 3.694070e+01 -4.333927e-01 
 3.694102e+01 -4.312028e-01 
 3.694134e+01 -4.302227e-01 
 3.694167e+01 -4.299408e-01 
 3.694199e+01 -4.307962e-01 
 3.694231e+01 -4.316864e-01 
 3.694264e+01 -4.319386e-01 
 3.694296e+01 -4.309789e-01 
 3.694328e+01 -4.292050e-01 
 3.694360e+01 -4.278085e-01 
 3.694393e+01 -4.270464e-01 
 3.694425e+01 -4.272456e-01 
 3.694457e+01 -4.276164e-01 
 3.694490e+01 -4.283200e-01 
 3.694522e+01 -4.289465e-01 
 3.694554e+01 -4.295226e-01 
 3.694587e+01 -4.298740e-01 
 3.694619e+01 -4.293950e-01 
 3.694651e+01 -4.273614e-01 
 3.694683e+01 -4.234223e-01 
 3.694716e+01 -4.179223e-01 
 3.694748e+01 -4.123972e-01 
 3.694780e+01 -4.066958e-01 
 3.694813e+01 -4.020792e-01 
 3.694845e+01 -4.001139e-01 
 3.694877e+01 -4.006933e-01 
 3.694910e+01 -4.037584e-01 
 3.694942e+01 -4.086682e-01 
 3.694974e+01 -4.151257e-01 
 3.695006e+01 -4.212935e-01 
 3.695039e+01 -4.259490e-01 
 3.695071e+01 -4.292974e-01 
 3.695103e+01 -4.607226e-01 
 3.695136e+01 -4.622888e-01 
 3.695168e+01 -4.648720e-01 
 3.695200e+01 -4.680107e-01 
 3.695233e+01 -4.732050e-01 
 3.695265e+01 -4.813710e-01 
 3.695297e+01 -4.896718e-01 
 3.695329e+01 -4.996231e-01 
 3.695362e+01 -5.094066e-01 
 3.695394e+01 -5.190363e-01 
 3.695426e+01 -5.277822e-01 
 3.695459e+01 -5.336321e-01 
 3.695491e+01 -5.394177e-01 
 3.695523e+01 -5.428470e-01 
 3.695555e+01 -5.456135e-01 
 3.695588e+01 -5.465108e-01 
 3.695620e+01 -5.462933e-01 
 3.695652e+01 -5.460282e-01 
 3.695685e+01 -5.186240e-01 
 3.695717e+01 -5.550765e-01 
 3.695749e+01 -5.506898e-01 
 3.695782e+01 -5.558540e-01 
 3.695814e+01 -5.545711e-01 
 3.695846e+01 -5.568979e-01 
 3.695878e+01 -5.512506e-01 
 3.695911e+01 -5.458085e-01 
 3.695943e+01 -5.416424e-01 
 3.695975e+01 -5.384993e-01 
 3.696008e+01 -5.328858e-01 
 3.696040e+01 -5.606677e-01 
 3.696072e+01 -5.619171e-01 
 3.696105e+01 -5.800179e-01 
 3.696137e+01 -5.881700e-01 
 3.696169e+01 -5.969285e-01 
 3.696201e+01 -6.044211e-01 
 3.696234e+01 -6.125653e-01 
 3.696266e+01 -6.165761e-01 
 3.696298e+01 -6.224805e-01 
 3.696331e+01 -6.198729e-01 
 3.696363e+01 -6.182478e-01 
 3.696395e+01 -6.136162e-01 
 3.696428e+01 -6.089634e-01 
 3.696460e+01 -6.035844e-01 
 3.696492e+01 -5.983775e-01 
 3.696524e+01 -5.951895e-01 
 3.696557e+01 -5.935743e-01 
 3.696589e+01 -5.961313e-01 
 3.696621e+01 -5.965098e-01 
 3.696654e+01 -5.969090e-01 
 3.696686e+01 -5.915900e-01 
 3.696718e+01 -5.849889e-01 
 3.696751e+01 -5.734627e-01 
 3.696783e+01 -5.633810e-01 
 3.696815e+01 -5.537010e-01 
 3.696847e+01 -5.447397e-01 
 3.696880e+01 -5.337336e-01 
 3.696912e+01 -5.239896e-01 
 3.696944e+01 -5.146702e-01 
 3.696977e+01 -5.197134e-01 
 3.697009e+01 -5.162728e-01 
 3.697041e+01 -5.128766e-01 
 3.697074e+01 -5.104216e-01 
 3.697106e+01 -5.062379e-01 
 3.697138e+01 -5.472126e-01 
 3.697170e+01 -5.400333e-01 
 3.697203e+01 -5.321091e-01 
 3.697235e+01 -5.245223e-01 
 3.697267e+01 -5.148762e-01 
 3.697300e+01 -5.074439e-01 
 3.697332e+01 -4.985100e-01 
 3.697364e+01 -4.867845e-01 
 3.697397e+01 -4.711280e-01 
 3.697429e+01 -4.567746e-01 
 3.697461e+01 -4.423321e-01 
 3.697493e+01 -4.279612e-01 
 3.697526e+01 -4.134590e-01 
 3.697558e+01 -4.022558e-01 
 3.697590e+01 -3.901517e-01 
 3.697623e+01 -3.776574e-01 
 3.697655e+01 -3.651082e-01 
 3.697687e+01 -3.502848e-01 
 3.697720e+01 -3.343614e-01 
 3.697752e+01 -3.247321e-01 
 3.697784e+01 -3.222925e-01 
 3.697816e+01 -3.188855e-01 
 3.697849e+01 -3.090343e-01 
 3.697881e+01 -2.987198e-01 
 3.697913e+01 -2.916503e-01 
 3.697946e+01 -2.898126e-01 
 3.697978e+01 -2.937195e-01 
 3.698010e+01 -2.913509e-01 
 3.698043e+01 -2.765199e-01 
 3.698075e+01 -2.702688e-01 
 3.698107e+01 -2.708862e-01 
 3.698139e+01 -2.622997e-01 
 3.698172e+01 -2.565287e-01 
 3.698204e+01 -2.519072e-01 
 3.698236e+01 -2.450352e-01 
 3.698269e+01 -2.420361e-01 
 3.698301e+01 -2.405586e-01 
 3.698333e+01 -2.411602e-01 
 3.698365e+01 -2.401337e-01 
 3.698398e+01 -2.358198e-01 
 3.698430e+01 -2.375116e-01 
 3.698462e+01 -2.336155e-01 
 3.698495e+01 -2.260017e-01 
 3.698527e+01 -2.208789e-01 
 3.698559e+01 -2.155982e-01 
 3.698592e+01 -2.104673e-01 
 3.698624e+01 -2.042399e-01 
 3.698656e+01 -1.989593e-01 
 3.698688e+01 -1.941059e-01 
 3.698721e+01 -1.870755e-01 
 3.698753e+01 -1.789621e-01 
 3.698785e+01 -1.685433e-01 
 3.698818e+01 -1.588818e-01 
 3.698850e+01 -1.501937e-01 
 3.698882e+01 -1.390467e-01 
 3.698915e+01 -1.284958e-01 
 3.698947e+01 -1.136867e-01 
 3.698979e+01 -9.797127e-02 
 3.699011e+01 -8.374704e-02 
 3.699044e+01 -6.926982e-02 
 3.699076e+01 -5.610272e-02 
 3.699108e+01 -4.305592e-02 
 3.699141e+01 -2.872893e-02 
 3.699173e+01 -7.825929e-02 
 3.699205e+01 -6.807241e-02 
 3.699238e+01 -5.763206e-02 
 3.699270e+01 -4.424871e-02 
 3.699302e+01 -3.301179e-02 
 3.699334e+01 -2.201976e-02 
 3.699367e+01 -1.360907e-02 
 3.699399e+01 -7.597317e-03 
 3.699431e+01 -1.215346e-03 
 3.699464e+01  1.673764e-03 
 3.699496e+01  1.360681e-03 
 3.699528e+01 -3.154662e-05 
 3.699561e+01 -3.500989e-03 
 3.699593e+01 -4.714618e-03 
 3.699625e+01 -8.457714e-03 
 3.699657e+01 -1.507713e-02 
 3.699690e+01 -2.109383e-02 
 3.699722e+01 -2.093813e-02 
 3.699754e+01 -1.391582e-02 
 3.699787e+01 -1.126792e-02 
 3.699819e+01 -1.153689e-02 
 3.699851e+01 -1.554642e-02 
 3.699884e+01 -1.304814e-02 
 3.699916e+01 -6.498555e-03 
 3.699948e+01 -2.328329e-03 
 3.699980e+01  1.504362e-03 
 3.700013e+01  6.852368e-03 
 3.700045e+01  1.103423e-02 
 3.700077e+01  1.728583e-02 
 3.700110e+01  3.092722e-02 
 3.700142e+01  4.539315e-02 
 3.700174e+01  5.325622e-02 
 3.700207e+01  5.987011e-02 
 3.700239e+01  6.915981e-02 
 3.700271e+01  7.821715e-02 
 3.700303e+01  8.671380e-02 
 3.700336e+01  8.932028e-02 
 3.700368e+01  8.294177e-02 
 3.700400e+01  7.867970e-02 
 3.700433e+01  8.109941e-02 
 3.700465e+01  7.824324e-02 
 3.700497e+01  7.337997e-02 
 3.700530e+01  7.081986e-02 
 3.700562e+01  6.503215e-02 
 3.700594e+01  5.655590e-02 
 3.700626e+01  5.012384e-02 
 3.700659e+01  4.216951e-02 
 3.700691e+01  3.565760e-02 
 3.700723e+01  2.746936e-02 
 3.700756e+01  2.246871e-02 
 3.700788e+01  2.152406e-02 
 3.700820e+01  1.895675e-02 
 3.700853e+01  2.253537e-02 
 3.700885e+01  2.623647e-02 
 3.700917e+01  2.681306e-02 
 3.700949e+01  2.643646e-02 
 3.700982e+01  2.908449e-02 
 3.701014e+01  2.956016e-02 
 3.701046e+01  3.073081e-02 
 3.701079e+01  3.256044e-02 
 3.701111e+01  3.420979e-02 
 3.701143e+01  3.409409e-02 
 3.701176e+01  3.413204e-02 
 3.701208e+01  3.609874e-02 
 3.701240e+01  3.561675e-02 
 3.701272e+01  3.666840e-02 
 3.701305e+01  3.883292e-02 
 3.701337e+01  4.031679e-02 
 3.701369e+01  3.585987e-02 
 3.701402e+01  3.009341e-02 
 3.701434e+01  2.321258e-02 
 3.701466e+01  1.592405e-02 
 3.701498e+01  8.250763e-03 
 3.701531e+01  2.498334e-03 
 3.701563e+01 -1.012980e-02 
 3.701595e+01 -1.496231e-02 
 3.701628e+01 -1.823772e-02 
 3.701660e+01 -1.939474e-02 
 3.701692e+01 -1.788986e-02 
 3.701725e+01 -1.748933e-02 
 3.701757e+01 -1.554933e-02 
 3.701789e+01 -9.663960e-03 
 3.701821e+01 -4.682435e-03 
 3.701854e+01 -1.294225e-03 
 3.701886e+01  2.852869e-03 
 3.701918e+01  8.028950e-03 
 3.701951e+01  1.609623e-02 
 3.701983e+01  2.854901e-02 
 3.702015e+01  3.988303e-02 
 3.702048e+01  4.868782e-02 
 3.702080e+01  5.749874e-02 
 3.702112e+01  6.302889e-02 
 3.702144e+01  7.270498e-02 
 3.702177e+01  8.078211e-02 
 3.702209e+01  8.540014e-02 
 3.702241e+01  8.268994e-02 
 3.702274e+01  7.886395e-02 
 3.702306e+01  7.980821e-02 
 3.702338e+01  8.091521e-02 
 3.702371e+01  7.603654e-02 
 3.702403e+01  7.376097e-02 
 3.702435e+01  7.154307e-02 
 3.702467e+01  6.954456e-02 
 3.702500e+01  3.928031e-02 
 3.702532e+01  4.311296e-02 
 3.702564e+01  4.446960e-02 
 3.702597e+01  4.519523e-02 
 3.702629e+01  4.812529e-02 
 3.702661e+01  5.141928e-02 
 3.702694e+01  5.578544e-02 
 3.702726e+01  6.333348e-02 
 3.702758e+01  7.160388e-02 
 3.702790e+01  8.370123e-02 
 3.702823e+01  1.027999e-01 
 3.702855e+01  1.200716e-01 
 3.702887e+01  1.353024e-01 
 3.702920e+01  1.480614e-01 
 3.702952e+01  1.587951e-01 
 3.702984e+01  1.671549e-01 
 3.703017e+01  1.676794e-01 
 3.703049e+01  1.714030e-01 
 3.703081e+01  1.783393e-01 
 3.703113e+01  1.838992e-01 
 3.703146e+01  1.898317e-01 
 3.703178e+01  1.956549e-01 
 3.703210e+01  1.958546e-01 
 3.703243e+01  1.965855e-01 
 3.703275e+01  1.972210e-01 
 3.703307e+01  1.951762e-01 
 3.703340e+01  1.592912e-01 
 3.703372e+01  1.528640e-01 
 3.703404e+01  1.450724e-01 
 3.703436e+01  1.365003e-01 
 3.703469e+01  1.263108e-01 
 3.703501e+01  1.183001e-01 
 3.703533e+01  1.118690e-01 
 3.703566e+01  1.115894e-01 
 3.703598e+01  1.143673e-01 
 3.703630e+01  1.155719e-01 
 3.703663e+01  1.176075e-01 
 3.703695e+01  1.213778e-01 
 3.703727e+01  1.229210e-01 
 3.703759e+01  1.242407e-01 
 3.703792e+01  1.232122e-01 
 3.703824e+01  1.206827e-01 
 3.703856e+01  1.151243e-01 
 3.703889e+01  1.085703e-01 
 3.703921e+01  1.026794e-01 
 3.703953e+01  9.846473e-02 
 3.703986e+01  9.579516e-02 
 3.704018e+01  9.391546e-02 
 3.704050e+01  9.318983e-02 
 3.704082e+01  9.007862e-02 
 3.704115e+01  8.374161e-02 
 3.704147e+01  7.508082e-02 
 3.704179e+01  6.501960e-02 
 3.704212e+01  5.192732e-02 
 3.704244e+01  3.681780e-02 
 3.704276e+01  2.487226e-02 
 3.704309e+01  9.897617e-03 
 3.704341e+01 -4.223471e-03 
 3.704373e+01 -1.352115e-02 
 3.704405e+01 -2.188315e-02 
 3.704438e+01 -3.090559e-02 
 3.704470e+01 -4.137216e-02 
 3.704502e+01 -5.400966e-02 
 3.704535e+01 -6.611305e-02 
 3.704567e+01 -7.938834e-02 
 3.704599e+01 -9.441175e-02 
 3.704631e+01 -1.145458e-01 
 3.704664e+01 -1.373360e-01 
 3.704696e+01 -1.605606e-01 
 3.704728e+01 -1.848424e-01 
 3.704761e+01 -2.089811e-01 
 3.704793e+01 -2.307905e-01 
 3.704825e+01 -2.542480e-01 
 3.704858e+01 -2.772223e-01 
 3.704890e+01 -2.970953e-01 
 3.704922e+01 -3.144283e-01 
 3.704954e+01 -3.350353e-01 
 3.704987e+01 -3.565898e-01 
 3.705019e+01 -3.775642e-01 
 3.705051e+01 -3.985677e-01 
 3.705084e+01 -4.165943e-01 
 3.705116e+01 -4.314556e-01 
 3.705148e+01 -4.453727e-01 
 3.705181e+01 -4.563893e-01 
 3.705213e+01 -4.645008e-01 
 3.705245e+01 -4.733768e-01 
 3.705277e+01 -4.785492e-01 
 3.705310e+01 -4.817986e-01 
 3.705342e+01 -4.791433e-01 
 3.705374e+01 -4.781517e-01 
 3.705407e+01 -4.788253e-01 
 3.705439e+01 -4.800297e-01 
 3.705471e+01 -4.822850e-01 
 3.705504e+01 -4.871560e-01 
 3.705536e+01 -4.921871e-01 
 3.705568e+01 -4.974693e-01 
 3.705600e+01 -5.028703e-01 
 3.705633e+01 -5.054208e-01 
 3.705665e+01 -5.095874e-01 
 3.705697e+01 -5.155126e-01 
 3.705730e+01 -5.221679e-01 
 3.705762e+01 -5.311152e-01 
 3.705794e+01 -5.405885e-01 
 3.705827e+01 -5.512345e-01 
 3.705859e+01 -5.639872e-01 
 3.705891e+01 -5.799190e-01 
 3.705923e+01 -5.967165e-01 
 3.705956e+01 -6.119167e-01 
 3.705988e+01 -6.267847e-01 
 3.706020e+01 -6.415741e-01 
 3.706053e+01 -6.536445e-01 
 3.706085e+01 -6.638430e-01 
 3.706117e+01 -6.728066e-01 
 3.706150e+01 -6.812202e-01 
 3.706182e+01 -6.877458e-01 
 3.706214e+01 -6.918073e-01 
 3.706246e+01 -6.967593e-01 
 3.706279e+01 -7.019691e-01 
 3.706311e+01 -7.061824e-01 
 3.706343e+01 -7.108340e-01 
 3.706376e+01 -7.154782e-01 
 3.706408e+01 -7.194219e-01 
 3.706440e+01 -7.217473e-01 
 3.706473e+01 -7.246103e-01 
 3.706505e+01 -7.299967e-01 
 3.706537e+01 -7.354354e-01 
 3.706569e+01 -7.410330e-01 
 3.706602e+01 -7.454091e-01 
 3.706634e+01 -7.480028e-01 
 3.706666e+01 -7.512126e-01 
 3.706699e+01 -7.564289e-01 
 3.706731e+01 -7.625964e-01 
 3.706763e+01 -7.690413e-01 
 3.706796e+01 -7.749225e-01 
 3.706828e+01 -7.793342e-01 
 3.706860e+01 -7.815430e-01 
 3.706892e+01 -7.841217e-01 
 3.706925e+01 -7.864278e-01 
 3.706957e+01 -7.865968e-01 
 3.706989e+01 -7.855861e-01 
 3.707022e+01 -7.867196e-01 
 3.707054e+01 -7.892146e-01 
 3.707086e+01 -7.916401e-01 
 3.707119e+01 -7.944423e-01 
 3.707151e+01 -7.887992e-01 
 3.707183e+01 -7.903206e-01 
 3.707215e+01 -7.936753e-01 
 3.707248e+01 -7.983022e-01 
 3.707280e+01 -8.032925e-01 
 3.707312e+01 -8.087890e-01 
 3.707345e+01 -8.131187e-01 
 3.707377e+01 -8.152978e-01 
 3.707409e+01 -8.170021e-01 
 3.707442e+01 -8.187771e-01 
 3.707474e+01 -8.194988e-01 
 3.707506e+01 -8.203851e-01 
 3.707538e+01 -8.204881e-01 
 3.707571e+01 -8.189111e-01 
 3.707603e+01 -8.150890e-01 
 3.707635e+01 -8.094687e-01 
 3.707668e+01 -8.023218e-01 
 3.707700e+01 -7.941682e-01 
 3.707732e+01 -7.843156e-01 
 3.707764e+01 -7.744364e-01 
 3.707797e+01 -7.652378e-01 
 3.707829e+01 -7.546654e-01 
 3.707861e+01 -7.359389e-01 
 3.707894e+01 -7.197153e-01 
 3.707926e+01 -7.038812e-01 
 3.707958e+01 -6.554358e-01 
 3.707991e+01 -6.400553e-01 
 3.708023e+01 -6.053479e-01 
 3.708055e+01 -5.709360e-01 
 3.708087e+01 -5.554131e-01 
 3.708120e+01 -5.411187e-01 
 3.708152e+01 -5.275090e-01 
 3.708184e+01 -5.178906e-01 
 3.708217e+01 -5.074596e-01 
 3.708249e+01 -5.029960e-01 
 3.708281e+01 -5.019961e-01 
 3.708314e+01 -5.022055e-01 
 3.708346e+01 -5.014188e-01 
 3.708378e+01 -5.001894e-01 
 3.708410e+01 -4.984506e-01 
 3.708443e+01 -4.941478e-01 
 3.708475e+01 -4.874291e-01 
 3.708507e+01 -4.804715e-01 
 3.708540e+01 -4.742234e-01 
 3.708572e+01 -4.695963e-01 
 3.708604e+01 -4.666521e-01 
 3.708637e+01 -4.658125e-01 
 3.708669e+01 -4.669043e-01 
 3.708701e+01 -4.686564e-01 
 3.708733e+01 -4.710918e-01 
 3.708766e+01 -4.737742e-01 
 3.708798e+01 -4.750770e-01 
 3.708830e+01 -4.735546e-01 
 3.708863e+01 -4.693841e-01 
 3.708895e+01 -4.619926e-01 
 3.708927e+01 -4.543535e-01 
 3.708960e+01 -4.454345e-01 
 3.708992e+01 -4.401076e-01 
 3.709024e+01 -4.362917e-01 
 3.709056e+01 -4.359540e-01 
 3.709089e+01 -4.390852e-01 
 3.709121e+01 -4.464408e-01 
 3.709153e+01 -4.511559e-01 
 3.709186e+01 -4.551001e-01 
 3.709218e+01 -4.568401e-01 
 3.709250e+01 -4.558390e-01 
 3.709283e+01 -4.544709e-01 
 3.709315e+01 -4.522767e-01 
 3.709347e+01 -4.513534e-01 
 3.709379e+01 -4.506745e-01 
 3.709412e+01 -4.517075e-01 
 3.709444e+01 -4.542686e-01 
 3.709476e+01 -4.585709e-01 
 3.709509e+01 -4.662879e-01 
 3.709541e+01 -4.764583e-01 
 3.709573e+01 -4.873324e-01 
 3.709606e+01 -4.977487e-01 
 3.709638e+01 -5.061942e-01 
 3.709670e+01 -5.122717e-01 
 3.709702e+01 -5.171353e-01 
 3.709735e+01 -5.205091e-01 
 3.709767e+01 -5.241135e-01 
 3.709799e+01 -5.288643e-01 
 3.709832e+01 -5.353519e-01 
 3.709864e+01 -5.441279e-01 
 3.709896e+01 -5.551421e-01 
 3.709929e+01 -5.679725e-01 
 3.709961e+01 -5.823509e-01 
 3.709993e+01 -5.974436e-01 
 3.710025e+01 -6.122415e-01 
 3.710058e+01 -6.256701e-01 
 3.710090e+01 -6.358536e-01 
 3.710122e+01 -6.428779e-01 
 3.710155e+01 -6.490417e-01 
 3.710187e+01 -6.553183e-01 
 3.710219e+01 -6.621056e-01 
 3.710252e+01 -6.626068e-01 
 3.710284e+01 -6.697053e-01 
 3.710316e+01 -6.754900e-01 
 3.710348e+01 -6.850314e-01 
 3.710381e+01 -6.952481e-01 
 3.710413e+01 -7.027784e-01 
 3.710445e+01 -7.103814e-01 
 3.710478e+01 -7.157662e-01 
 3.710510e+01 -6.960842e-01 
 3.710542e+01 -6.954465e-01 
 3.710575e+01 -6.946348e-01 
 3.710607e+01 -6.948243e-01 
 3.710639e+01 -6.979018e-01 
 3.710671e+01 -7.029617e-01 
 3.710704e+01 -7.082307e-01 
 3.710736e+01 -7.131429e-01 
 3.710768e+01 -7.179240e-01 
 3.710801e+01 -7.240133e-01 
 3.710833e+01 -7.292348e-01 
 3.710865e+01 -7.347952e-01 
 3.710898e+01 -7.394811e-01 
 3.710930e+01 -7.438073e-01 
 3.710962e+01 -7.471474e-01 
 3.710994e+01 -7.511039e-01 
 3.711027e+01 -7.561807e-01 
 3.711059e+01 -7.611420e-01 
 3.711091e+01 -7.672119e-01 
 3.711124e+01 -7.737866e-01 
 3.711156e+01 -7.813400e-01 
 3.711188e+01 -7.882636e-01 
 3.711220e+01 -7.943500e-01 
 3.711253e+01 -8.020520e-01 
 3.711285e+01 -8.073358e-01 
 3.711317e+01 -8.109921e-01 
 3.711350e+01 -8.119281e-01 
 3.711382e+01 -8.140114e-01 
 3.711414e+01 -8.201285e-01 
 3.711447e+01 -8.271189e-01 
 3.711479e+01 -8.346220e-01 
 3.711511e+01 -8.250668e-01 
 3.711543e+01 -8.129652e-01 
 3.711576e+01 -8.088786e-01 
 3.711608e+01 -8.246277e-01 
 3.711640e+01 -8.406799e-01 
 3.711673e+01 -8.545703e-01 
 3.711705e+01 -8.681635e-01 
 3.711737e+01 -8.825526e-01 
 3.711770e+01 -8.991255e-01 
 3.711802e+01 -9.169360e-01 
 3.711834e+01 -9.376716e-01 
 3.711866e+01 -9.633231e-01 
 3.711899e+01 -9.955303e-01 
 3.711931e+01 -1.028586e+00 
 3.711963e+01 -1.057476e+00 
 3.711996e+01 -1.081778e+00 
 3.712028e+01 -1.098842e+00 
 3.712060e+01 -1.112338e+00 
 3.712093e+01 -1.123788e+00 
 3.712125e+01 -1.133993e+00 
 3.712157e+01 -1.142796e+00 
 3.712189e+01 -1.149830e+00 
 3.712222e+01 -1.155443e+00 
 3.712254e+01 -1.143452e+00 
 3.712286e+01 -1.148439e+00 
 3.712319e+01 -1.152114e+00 
 3.712351e+01 -1.154648e+00 
 3.712383e+01 -1.157325e+00 
 3.712416e+01 -1.160455e+00 
 3.712448e+01 -1.161473e+00 
 3.712480e+01 -1.161696e+00 
 3.712512e+01 -1.163213e+00 
 3.712545e+01 -1.162629e+00 
 3.712577e+01 -1.143486e+00 
 3.712609e+01 -1.141650e+00 
 3.712642e+01 -1.140582e+00 
 3.712674e+01 -1.139283e+00 
 3.712706e+01 -1.137857e+00 
 3.712739e+01 -1.135425e+00 
 3.712771e+01 -1.136411e+00 
 3.712803e+01 -1.138774e+00 
 3.712835e+01 -1.143182e+00 
 3.712868e+01 -1.149710e+00 
 3.712900e+01 -1.155966e+00 
 3.712932e+01 -1.161887e+00 
 3.712965e+01 -1.165679e+00 
 3.712997e+01 -1.167930e+00 
 3.713029e+01 -1.167448e+00 
 3.713062e+01 -1.166412e+00 
 3.713094e+01 -1.164775e+00 
 3.713126e+01 -1.162440e+00 
 3.713158e+01 -1.164017e+00 
 3.713191e+01 -1.167644e+00 
 3.713223e+01 -1.171945e+00 
 3.713255e+01 -1.175822e+00 
 3.713288e+01 -1.179895e+00 
 3.713320e+01 -1.180373e+00 
 3.713352e+01 -1.179993e+00 
 3.713385e+01 -1.178434e+00 
 3.713417e+01 -1.176216e+00 
 3.713449e+01 -1.174017e+00 
 3.713481e+01 -1.172217e+00 
 3.713514e+01 -1.170403e+00 
 3.713546e+01 -1.169874e+00 
 3.713578e+01 -1.170212e+00 
 3.713611e+01 -1.171418e+00 
 3.713643e+01 -1.169951e+00 
 3.713675e+01 -1.123117e+00 
 3.713708e+01 -1.119077e+00 
 3.713740e+01 -1.111213e+00 
 3.713772e+01 -1.103612e+00 
 3.713804e+01 -1.096142e+00 
 3.713837e+01 -1.090023e+00 
 3.713869e+01 -1.084168e+00 
 3.713901e+01 -1.078103e+00 
 3.713934e+01 -1.074094e+00 
 3.713966e+01 -1.072130e+00 
 3.713998e+01 -1.053765e+00 
 3.714031e+01 -1.054257e+00 
 3.714063e+01 -1.055479e+00 
 3.714095e+01 -1.057614e+00 
 3.714127e+01 -1.060314e+00 
 3.714160e+01 -1.063303e+00 
 3.714192e+01 -1.066921e+00 
 3.714224e+01 -1.069373e+00 
 3.714257e+01 -1.070703e+00 
 3.714289e+01 -1.072401e+00 
 3.714321e+01 -1.076386e+00 
 3.714354e+01 -1.083333e+00 
 3.714386e+01 -1.093274e+00 
 3.714418e+01 -1.106141e+00 
 3.714450e+01 -1.122600e+00 
 3.714483e+01 -1.138841e+00 
 3.714515e+01 -1.152963e+00 
 3.714547e+01 -1.164322e+00 
 3.714580e+01 -1.174253e+00 
 3.714612e+01 -1.187090e+00 
 3.714644e+01 -1.199427e+00 
 3.714677e+01 -1.212000e+00 
 3.714709e+01 -1.220285e+00 
 3.714741e+01 -1.228786e+00 
 3.714773e+01 -1.238721e+00 
 3.714806e+01 -1.248495e+00 
 3.714838e+01 -1.258314e+00 
 3.714870e+01 -1.266944e+00 
 3.714903e+01 -1.274237e+00 
 3.714935e+01 -1.278592e+00 
 3.714967e+01 -1.282696e+00 
 3.714999e+01 -1.284840e+00 
 3.715032e+01 -1.286290e+00 
 3.715064e+01 -1.287187e+00 
 3.715096e+01 -1.287716e+00 
 3.715129e+01 -1.286969e+00 
 3.715161e+01 -1.285125e+00 
 3.715193e+01 -1.282634e+00 
 3.715226e+01 -1.280412e+00 
 3.715258e+01 -1.279219e+00 
 3.715290e+01 -1.278771e+00 
 3.715322e+01 -1.278460e+00 
 3.715355e+01 -1.278639e+00 
 3.715387e+01 -1.278697e+00 
 3.715419e+01 -1.277345e+00 
 3.715452e+01 -1.227427e+00 
 3.715484e+01 -1.220733e+00 
 3.715516e+01 -1.212468e+00 
 3.715549e+01 -1.202427e+00 
 3.715581e+01 -1.191222e+00 
 3.715613e+01 -1.179233e+00 
 3.715645e+01 -1.166154e+00 
 3.715678e+01 -1.157072e+00 
 3.715710e+01 -1.147349e+00 
 3.715742e+01 -1.140469e+00 
 3.715775e+01 -1.115924e+00 
 3.715807e+01 -1.044456e+00 
 3.715839e+01 -1.034630e+00 
 3.715872e+01 -1.024755e+00 
 3.715904e+01 -1.014663e+00 
 3.715936e+01 -1.002772e+00 
 3.715968e+01 -9.921751e-01 
 3.716001e+01 -9.827770e-01 
 3.716033e+01 -9.754966e-01 
 3.716065e+01 -9.133312e-01 
 3.716098e+01 -9.120873e-01 
 3.716130e+01 -9.123767e-01 
 3.716162e+01 -9.143000e-01 
 3.716195e+01 -9.192728e-01 
 3.716227e+01 -9.281219e-01 
 3.716259e+01 -9.363201e-01 
 3.716291e+01 -9.414776e-01 
 3.716324e+01 -9.423899e-01 
 3.716356e+01 -9.257447e-01 
 3.716388e+01 -9.280682e-01 
 3.716421e+01 -9.319638e-01 
 3.716453e+01 -9.373057e-01 
 3.716485e+01 -9.460007e-01 
 3.716518e+01 -9.586662e-01 
 3.716550e+01 -9.725755e-01 
 3.716582e+01 -9.837001e-01 
 3.716614e+01 -9.910204e-01 
 3.716647e+01 -9.971741e-01 
 3.716679e+01 -1.003228e+00 
 3.716711e+01 -1.010245e+00 
 3.716744e+01 -1.017733e+00 
 3.716776e+01 -1.025461e+00 
 3.716808e+01 -1.033248e+00 
 3.716841e+01 -1.040538e+00 
 3.716873e+01 -1.047462e+00 
 3.716905e+01 -1.054930e+00 
 3.716937e+01 -1.063809e+00 
 3.716970e+01 -1.073375e+00 
 3.717002e+01 -1.083274e+00 
 3.717034e+01 -1.098114e+00 
 3.717067e+01 -1.113961e+00 
 3.717099e+01 -1.128932e+00 
 3.717131e+01 -1.141334e+00 
 3.717164e+01 -1.151555e+00 
 3.717196e+01 -1.159765e+00 
 3.717228e+01 -1.169739e+00 
 3.717260e+01 -1.180153e+00 
 3.717293e+01 -1.191464e+00 
 3.717325e+01 -1.203329e+00 
 3.717357e+01 -1.214185e+00 
 3.717390e+01 -1.224330e+00 
 3.717422e+01 -1.234622e+00 
 3.717454e+01 -1.244248e+00 
 3.717487e+01 -1.250215e+00 
 3.717519e+01 -1.252713e+00 
 3.717551e+01 -1.252561e+00 
 3.717583e+01 -1.250788e+00 
 3.717616e+01 -1.248352e+00 
 3.717648e+01 -1.247642e+00 
 3.717680e+01 -1.249950e+00 
 3.717713e+01 -1.253993e+00 
 3.717745e+01 -1.259943e+00 
 3.717777e+01 -1.265877e+00 
 3.717810e+01 -1.157380e+00 
 3.717842e+01 -1.154867e+00 
 3.717874e+01 -1.149249e+00 
 3.717906e+01 -1.144321e+00 
 3.717939e+01 -1.136937e+00 
 3.717971e+01 -1.127815e+00 
 3.718003e+01 -1.119090e+00 
 3.718036e+01 -1.112138e+00 
 3.718068e+01 -1.108721e+00 
 3.718100e+01 -1.109001e+00 
 3.718133e+01 -1.088843e+00 
 3.718165e+01 -1.091212e+00 
 3.718197e+01 -1.091177e+00 
 3.718229e+01 -1.087339e+00 
 3.718262e+01 -1.082479e+00 
 3.718294e+01 -1.074735e+00 
 3.718326e+01 -1.065111e+00 
 3.718359e+01 -1.054339e+00 
 3.718391e+01 -1.044723e+00 
 3.718423e+01 -1.037155e+00 
 3.718456e+01 -1.032137e+00 
 3.718488e+01 -9.888523e-01 
 3.718520e+01 -9.882715e-01 
 3.718552e+01 -9.950923e-01 
 3.718585e+01 -9.871030e-01 
 3.718617e+01 -9.946685e-01 
 3.718649e+01 -9.923219e-01 
 3.718682e+01 -9.884780e-01 
 3.718714e+01 -9.853401e-01 
 3.718746e+01 -9.888698e-01 
 3.718778e+01 -9.992351e-01 
 3.718811e+01 -1.011463e+00 
 3.718843e+01 -1.029187e+00 
 3.718875e+01 -1.036625e+00 
 3.718908e+01 -1.059161e+00 
 3.718940e+01 -1.067528e+00 
 3.718972e+01 -1.078027e+00 
 3.719005e+01 -1.086686e+00 
 3.719037e+01 -1.093367e+00 
 3.719069e+01 -1.097783e+00 
 3.719101e+01 -1.099523e+00 
 3.719134e+01 -1.099769e+00 
 3.719166e+01 -1.100685e+00 
 3.719198e+01 -1.103204e+00 
 3.719231e+01 -1.107482e+00 
 3.719263e+01 -1.091264e+00 
 3.719295e+01 -1.100836e+00 
 3.719328e+01 -1.110580e+00 
 3.719360e+01 -1.119719e+00 
 3.719392e+01 -1.127383e+00 
 3.719424e+01 -1.139697e+00 
 3.719457e+01 -1.151731e+00 
 3.719489e+01 -1.156020e+00 
 3.719521e+01 -1.158438e+00 
 3.719554e+01 -1.161153e+00 
 3.719586e+01 -1.166133e+00 
 3.719618e+01 -1.130413e+00 
 3.719651e+01 -1.149473e+00 
 3.719683e+01 -1.170222e+00 
 3.719715e+01 -1.184393e+00 
 3.719747e+01 -1.195004e+00 
 3.719780e+01 -1.203256e+00 
 3.719812e+01 -1.210149e+00 
 3.719844e+01 -1.213452e+00 
 3.719877e+01 -1.217878e+00 
 3.719909e+01 -1.221508e+00 
 3.719941e+01 -1.222124e+00 
 3.719974e+01 -1.221704e+00 
 3.720006e+01 -1.219721e+00 
 3.720038e+01 -1.217689e+00 
 3.720070e+01 -1.216193e+00 
 3.720103e+01 -1.212599e+00 
 3.720135e+01 -1.210196e+00 
 3.720167e+01 -1.206240e+00 
 3.720200e+01 -1.201179e+00 
 3.720232e+01 -1.195910e+00 
 3.720264e+01 -1.189792e+00 
 3.720297e+01 -1.181280e+00 
 3.720329e+01 -1.148264e+00 
 3.720361e+01 -1.136745e+00 
 3.720393e+01 -1.123573e+00 
 3.720426e+01 -1.109737e+00 
 3.720458e+01 -1.096261e+00 
 3.720490e+01 -1.083748e+00 
 3.720523e+01 -1.074410e+00 
 3.720555e+01 -1.068897e+00 
 3.720587e+01 -1.048901e+00 
 3.720620e+01 -1.048013e+00 
 3.720652e+01 -1.047080e+00 
 3.720684e+01 -1.045432e+00 
 3.720716e+01 -1.051636e+00 
 3.720749e+01 -1.055070e+00 
 3.720781e+01 -1.053051e+00 
 3.720813e+01 -1.045966e+00 
 3.720846e+01 -1.036887e+00 
 3.720878e+01 -1.026638e+00 
 3.720910e+01 -1.021063e+00 
 3.720943e+01 -1.016905e+00 
 3.720975e+01 -1.015390e+00 
 3.721007e+01 -1.016653e+00 
 3.721039e+01 -1.020847e+00 
 3.721072e+01 -1.026742e+00 
 3.721104e+01 -1.033052e+00 
 3.721136e+01 -1.039159e+00 
 3.721169e+01 -1.043475e+00 
 3.721201e+01 -1.045763e+00 
 3.721233e+01 -1.048416e+00 
 3.721266e+01 -1.050708e+00 
 3.721298e+01 -1.049369e+00 
 3.721330e+01 -1.050127e+00 
 3.721362e+01 -1.053985e+00 
 3.721395e+01 -1.070142e+00 
 3.721427e+01 -1.085152e+00 
 3.721459e+01 -1.096189e+00 
 3.721492e+01 -1.109486e+00 
 3.721524e+01 -1.122732e+00 
 3.721556e+01 -1.136495e+00 
 3.721589e+01 -1.150273e+00 
 3.721621e+01 -1.162559e+00 
 3.721653e+01 -1.172812e+00 
 3.721685e+01 -1.180600e+00 
 3.721718e+01 -1.187246e+00 
 3.721750e+01 -1.194211e+00 
 3.721782e+01 -1.199880e+00 
 3.721815e+01 -1.204232e+00 
 3.721847e+01 -1.209799e+00 
 3.721879e+01 -1.218310e+00 
 3.721912e+01 -1.228741e+00 
 3.721944e+01 -1.239666e+00 
 3.721976e+01 -1.248657e+00 
 3.722008e+01 -1.253914e+00 
 3.722041e+01 -1.256688e+00 
 3.722073e+01 -1.257872e+00 
 3.722105e+01 -1.258252e+00 
 3.722138e+01 -1.256807e+00 
 3.722170e+01 -1.255845e+00 
 3.722202e+01 -1.260963e+00 
 3.722235e+01 -1.268284e+00 
 3.722267e+01 -1.278690e+00 
 3.722299e+01 -1.272662e+00 
 3.722331e+01 -1.284782e+00 
 3.722364e+01 -1.295858e+00 
 3.722396e+01 -1.306377e+00 
 3.722428e+01 -1.313931e+00 
 3.722461e+01 -1.319815e+00 
 3.722493e+01 -1.303306e+00 
 3.722525e+01 -1.310809e+00 
 3.722557e+01 -1.316060e+00 
 3.722590e+01 -1.321450e+00 
 3.722622e+01 -1.327714e+00 
 3.722654e+01 -1.333274e+00 
 3.722687e+01 -1.336723e+00 
 3.722719e+01 -1.335860e+00 
 3.722751e+01 -1.337638e+00 
 3.722784e+01 -1.338756e+00 
 3.722816e+01 -1.339437e+00 
 3.722848e+01 -1.292176e+00 
 3.722880e+01 -1.291600e+00 
 3.722913e+01 -1.290607e+00 
 3.722945e+01 -1.288962e+00 
 3.722977e+01 -1.286455e+00 
 3.723010e+01 -1.283264e+00 
 3.723042e+01 -1.281779e+00 
 3.723074e+01 -1.283170e+00 
 3.723107e+01 -1.284872e+00 
 3.723139e+01 -1.223131e+00 
 3.723171e+01 -1.217626e+00 
 3.723203e+01 -1.215669e+00 
 3.723236e+01 -1.213279e+00 
 3.723268e+01 -1.211616e+00 
 3.723300e+01 -1.210670e+00 
 3.723333e+01 -1.202985e+00 
 3.723365e+01 -1.198301e+00 
 3.723397e+01 -1.196199e+00 
 3.723430e+01 -1.197368e+00 
 3.723462e+01 -1.200203e+00 
 3.723494e+01 -1.203729e+00 
 3.723526e+01 -1.207136e+00 
 3.723559e+01 -1.209550e+00 
 3.723591e+01 -1.210054e+00 
 3.723623e+01 -1.208242e+00 
 3.723656e+01 -1.205335e+00 
 3.723688e+01 -1.201039e+00 
 3.723720e+01 -1.196420e+00 
 3.723753e+01 -1.191156e+00 
 3.723785e+01 -1.190088e+00 
 3.723817e+01 -1.191377e+00 
 3.723849e+01 -1.194167e+00 
 3.723882e+01 -1.199350e+00 
 3.723914e+01 -1.205449e+00 
 3.723946e+01 -1.187159e+00 
 3.723979e+01 -1.191393e+00 
 3.724011e+01 -1.195265e+00 
 3.724043e+01 -1.199235e+00 
 3.724076e+01 -1.204304e+00 
 3.724108e+01 -1.211145e+00 
 3.724140e+01 -1.220118e+00 
 3.724172e+01 -1.229763e+00 
 3.724205e+01 -1.239538e+00 
 3.724237e+01 -1.249135e+00 
 3.724269e+01 -1.258482e+00 
 3.724302e+01 -1.266777e+00 
 3.724334e+01 -1.274133e+00 
 3.724366e+01 -1.291000e+00 
 3.724399e+01 -1.317245e+00 
 3.724431e+01 -1.344468e+00 
 3.724463e+01 -1.360552e+00 
 3.724495e+01 -1.365189e+00 
 3.724528e+01 -1.365702e+00 
 3.724560e+01 -1.347121e+00 
 3.724592e+01 -1.326776e+00 
 3.724625e+01 -1.308675e+00 
 3.724657e+01 -1.277711e+00 
 3.724689e+01 -1.267433e+00 
 3.724722e+01 -1.257563e+00 
 3.724754e+01 -1.249733e+00 
 3.724786e+01 -1.245112e+00 
 3.724818e+01 -1.245537e+00 
 3.724851e+01 -1.250455e+00 
 3.724883e+01 -1.258326e+00 
 3.724915e+01 -1.268010e+00 
 3.724948e+01 -1.277309e+00 
 3.724980e+01 -1.284884e+00 
 3.725012e+01 -1.288687e+00 
 3.725045e+01 -1.288948e+00 
 3.725077e+01 -1.286859e+00 
 3.725109e+01 -1.286747e+00 
 3.725141e+01 -1.285923e+00 
 3.725174e+01 -1.285801e+00 
 3.725206e+01 -1.288164e+00 
 3.725238e+01 -1.292848e+00 
 3.725271e+01 -1.300134e+00 
 3.725303e+01 -1.307908e+00 
 3.725335e+01 -1.292617e+00 
 3.725368e+01 -1.296126e+00 
 3.725400e+01 -1.296257e+00 
 3.725432e+01 -1.301356e+00 
 3.725464e+01 -1.308115e+00 
 3.725497e+01 -1.314967e+00 
 3.725529e+01 -1.312675e+00 
 3.725561e+01 -1.305782e+00 
 3.725594e+01 -1.298052e+00 
 3.725626e+01 -1.291761e+00 
 3.725658e+01 -1.286316e+00 
 3.725691e+01 -1.281976e+00 
 3.725723e+01 -1.272907e+00 
 3.725755e+01 -1.258407e+00 
 3.725787e+01 -1.209321e+00 
 3.725820e+01 -1.205364e+00 
 3.725852e+01 -1.138697e+00 
 3.725884e+01 -1.127715e+00 
 3.725917e+01 -1.115875e+00 
 3.725949e+01 -1.107010e+00 
 3.725981e+01 -1.100272e+00 
 3.726014e+01 -1.098606e+00 
 3.726046e+01 -1.104039e+00 
 3.726078e+01 -1.115035e+00 
 3.726110e+01 -1.103935e+00 
 3.726143e+01 -1.116780e+00 
 3.726175e+01 -1.126108e+00 
 3.726207e+01 -1.130102e+00 
 3.726240e+01 -1.130892e+00 
 3.726272e+01 -1.129507e+00 
 3.726304e+01 -1.128104e+00 
 3.726337e+01 -1.127361e+00 
 3.726369e+01 -1.130680e+00 
 3.726401e+01 -1.135309e+00 
 3.726433e+01 -1.141892e+00 
 3.726466e+01 -1.105821e+00 
 3.726498e+01 -1.116235e+00 
 3.726530e+01 -1.127874e+00 
 3.726563e+01 -1.139145e+00 
 3.726595e+01 -1.148126e+00 
 3.726627e+01 -1.158677e+00 
 3.726659e+01 -1.182577e+00 
 3.726692e+01 -1.209128e+00 
 3.726724e+01 -1.226384e+00 
 3.726756e+01 -1.244001e+00 
 3.726789e+01 -1.262999e+00 
 3.726821e+01 -1.281715e+00 
 3.726853e+01 -1.297311e+00 
 3.726886e+01 -1.311245e+00 
 3.726918e+01 -1.322531e+00 
 3.726950e+01 -1.329846e+00 
 3.726982e+01 -1.333605e+00 
 3.727015e+01 -1.322060e+00 
 3.727047e+01 -1.300139e+00 
 3.727079e+01 -1.300356e+00 
 3.727112e+01 -1.302303e+00 
 3.727144e+01 -1.307737e+00 
 3.727176e+01 -1.315080e+00 
 3.727209e+01 -1.324882e+00 
 3.727241e+01 -1.337118e+00 
 3.727273e+01 -1.350289e+00 
 3.727305e+01 -1.361207e+00 
 3.727338e+01 -1.369201e+00 
 3.727370e+01 -1.374062e+00 
 3.727402e+01 -1.373062e+00 
 3.727435e+01 -1.367011e+00 
 3.727467e+01 -1.359148e+00 
 3.727499e+01 -1.350790e+00 
 3.727532e+01 -1.343319e+00 
 3.727564e+01 -1.339379e+00 
 3.727596e+01 -1.351662e+00 
 3.727628e+01 -1.369763e+00 
 3.727661e+01 -1.390931e+00 
 3.727693e+01 -1.408817e+00 
 3.727725e+01 -1.430308e+00 
 3.727758e+01 -1.457533e+00 
 3.727790e+01 -1.474099e+00 
 3.727822e+01 -1.480504e+00 
 3.727855e+01 -1.476675e+00 
 3.727887e+01 -1.467983e+00 
 3.727919e+01 -1.455940e+00 
 3.727951e+01 -1.441109e+00 
 3.727984e+01 -1.425057e+00 
 3.728016e+01 -1.387888e+00 
 3.728048e+01 -1.352272e+00 
 3.728081e+01 -1.343468e+00 
 3.728113e+01 -1.335947e+00 
 3.728145e+01 -1.291927e+00 
 3.728178e+01 -1.281004e+00 
 3.728210e+01 -1.267218e+00 
 3.728242e+01 -1.252545e+00 
 3.728274e+01 -1.236486e+00 
 3.728307e+01 -1.221013e+00 
 3.728339e+01 -1.207400e+00 
 3.728371e+01 -1.198307e+00 
 3.728404e+01 -1.193834e+00 
 3.728436e+01 -1.194270e+00 
 3.728468e+01 -1.198635e+00 
 3.728501e+01 -1.204850e+00 
 3.728533e+01 -1.209570e+00 
 3.728565e+01 -1.214051e+00 
 3.728597e+01 -1.216165e+00 
 3.728630e+01 -1.214725e+00 
 3.728662e+01 -1.210507e+00 
 3.728694e+01 -1.204011e+00 
 3.728727e+01 -1.193422e+00 
 3.728759e+01 -1.183427e+00 
 3.728791e+01 -1.177562e+00 
 3.728824e+01 -1.173713e+00 
 3.728856e+01 -1.172790e+00 
 3.728888e+01 -1.174586e+00 
 3.728920e+01 -1.179826e+00 
 3.728953e+01 -1.193966e+00 
 3.728985e+01 -1.209404e+00 
 3.729017e+01 -1.224819e+00 
 3.729050e+01 -1.232858e+00 
 3.729082e+01 -1.235926e+00 
 3.729114e+01 -1.213284e+00 
 3.729147e+01 -1.211176e+00 
 3.729179e+01 -1.207820e+00 
 3.729211e+01 -1.203588e+00 
 3.729243e+01 -1.200079e+00 
 3.729276e+01 -1.200086e+00 
 3.729308e+01 -1.205266e+00 
 3.729340e+01 -1.213562e+00 
 3.729373e+01 -1.223944e+00 
 3.729405e+01 -1.235081e+00 
 3.729437e+01 -1.244607e+00 
 3.729470e+01 -1.251823e+00 
 3.729502e+01 -1.257823e+00 
 3.729534e+01 -1.262618e+00 
 3.729566e+01 -1.265001e+00 
 3.729599e+01 -1.266382e+00 
 3.729631e+01 -1.269808e+00 
 3.729663e+01 -1.274138e+00 
 3.729696e+01 -1.279473e+00 
 3.729728e+01 -1.286298e+00 
 3.729760e+01 -1.293600e+00 
 3.729793e+01 -1.300109e+00 
 3.729825e+01 -1.306990e+00 
 3.729857e+01 -1.313132e+00 
 3.729889e+01 -1.317821e+00 
 3.729922e+01 -1.318645e+00 
 3.729954e+01 -1.316491e+00 
 3.729986e+01 -1.311729e+00 
 3.730019e+01 -1.308140e+00 
 3.730051e+01 -1.308992e+00 
 3.730083e+01 -1.313423e+00 
 3.730116e+01 -1.321776e+00 
 3.730148e+01 -1.332490e+00 
 3.730180e+01 -1.344932e+00 
 3.730212e+01 -1.358098e+00 
 3.730245e+01 -1.369536e+00 
 3.730277e+01 -1.350693e+00 
 3.730309e+01 -1.356013e+00 
 3.730342e+01 -1.359324e+00 
 3.730374e+01 -1.359592e+00 
 3.730406e+01 -1.356526e+00 
 3.730439e+01 -1.347260e+00 
 3.730471e+01 -1.336592e+00 
 3.730503e+01 -1.327273e+00 
 3.730535e+01 -1.319832e+00 
 3.730568e+01 -1.314431e+00 
 3.730600e+01 -1.310266e+00 
 3.730632e+01 -1.306679e+00 
 3.730665e+01 -1.301731e+00 
 3.730697e+01 -1.276329e+00 
 3.730729e+01 -1.266184e+00 
 3.730761e+01 -1.252806e+00 
 3.730794e+01 -1.235628e+00 
 3.730826e+01 -1.197727e+00 
 3.730858e+01 -1.179675e+00 
 3.730891e+01 -1.164510e+00 
 3.730923e+01 -1.150878e+00 
 3.730955e+01 -1.143746e+00 
 3.730988e+01 -1.118252e+00 
 3.731020e+01 -1.119387e+00 
 3.731052e+01 -1.121790e+00 
 3.731084e+01 -1.123565e+00 
 3.731117e+01 -1.124058e+00 
 3.731149e+01 -1.121570e+00 
 3.731181e+01 -1.116352e+00 
 3.731214e+01 -1.109643e+00 
 3.731246e+01 -1.096180e+00 
 3.731278e+01 -1.089216e+00 
 3.731311e+01 -1.085091e+00 
 3.731343e+01 -1.085653e+00 
 3.731375e+01 -1.090366e+00 
 3.731407e+01 -1.097399e+00 
 3.731440e+01 -1.105741e+00 
 3.731472e+01 -1.114029e+00 
 3.731504e+01 -1.121795e+00 
 3.731537e+01 -1.128901e+00 
 3.731569e+01 -1.135531e+00 
 3.731601e+01 -1.140781e+00 
 3.731634e+01 -1.144099e+00 
 3.731666e+01 -1.147425e+00 
 3.731698e+01 -1.152718e+00 
 3.731730e+01 -1.159938e+00 
 3.731763e+01 -1.169149e+00 
 3.731795e+01 -1.181512e+00 
 3.731827e+01 -1.195799e+00 
 3.731860e+01 -1.211826e+00 
 3.731892e+01 -1.228930e+00 
 3.731924e+01 -1.246104e+00 
 3.731957e+01 -1.261190e+00 
 3.731989e+01 -1.273418e+00 
 3.732021e+01 -1.285715e+00 
 3.732053e+01 -1.297495e+00 
 3.732086e+01 -1.308272e+00 
 3.732118e+01 -1.319940e+00 
 3.732150e+01 -1.336954e+00 
 3.732183e+01 -1.355929e+00 
 3.732215e+01 -1.374167e+00 
 3.732247e+01 -1.394862e+00 
 3.732280e+01 -1.416140e+00 
 3.732312e+01 -1.438652e+00 
 3.732344e+01 -1.458594e+00 
 3.732376e+01 -1.470230e+00 
 3.732409e+01 -1.475770e+00 
 3.732441e+01 -1.448390e+00 
 3.732473e+01 -1.443003e+00 
 3.732506e+01 -1.437428e+00 
 3.732538e+01 -1.431743e+00 
 3.732570e+01 -1.425791e+00 
 3.732603e+01 -1.420606e+00 
 3.732635e+01 -1.416204e+00 
 3.732667e+01 -1.413772e+00 
 3.732699e+01 -1.412050e+00 
 3.732732e+01 -1.409664e+00 
 3.732764e+01 -1.405382e+00 
 3.732796e+01 -1.399091e+00 
 3.732829e+01 -1.391486e+00 
 3.732861e+01 -1.384176e+00 
 3.732893e+01 -1.377502e+00 
 3.732926e+01 -1.350943e+00 
 3.732958e+01 -1.345261e+00 
 3.732990e+01 -1.339161e+00 
 3.733022e+01 -1.314840e+00 
 3.733055e+01 -1.305913e+00 
 3.733087e+01 -1.298159e+00 
 3.733119e+01 -1.287237e+00 
 3.733152e+01 -1.254898e+00 
 3.733184e+01 -1.245346e+00 
 3.733216e+01 -1.233900e+00 
 3.733249e+01 -1.221858e+00 
 3.733281e+01 -1.209929e+00 
 3.733313e+01 -1.198773e+00 
 3.733345e+01 -1.189557e+00 
 3.733378e+01 -1.182793e+00 
 3.733410e+01 -1.177130e+00 
 3.733442e+01 -1.165784e+00 
 3.733475e+01 -1.157688e+00 
 3.733507e+01 -1.152074e+00 
 3.733539e+01 -1.145519e+00 
 3.733572e+01 -1.136061e+00 
 3.733604e+01 -1.128870e+00 
 3.733636e+01 -1.121337e+00 
 3.733668e+01 -1.113736e+00 
 3.733701e+01 -1.106725e+00 
 3.733733e+01 -1.101277e+00 
 3.733765e+01 -1.098413e+00 
 3.733798e+01 -1.098764e+00 
 3.733830e+01 -1.101657e+00 
 3.733862e+01 -1.105881e+00 
 3.733895e+01 -1.111598e+00 
 3.733927e+01 -1.118429e+00 
 3.733959e+01 -1.124961e+00 
 3.733991e+01 -1.130434e+00 
 3.734024e+01 -1.133986e+00 
 3.734056e+01 -1.136115e+00 
 3.734088e+01 -1.136547e+00 
 3.734121e+01 -1.136379e+00 
 3.734153e+01 -1.137691e+00 
 3.734185e+01 -1.141159e+00 
 3.734218e+01 -1.145678e+00 
 3.734250e+01 -1.151549e+00 
 3.734282e+01 -1.163348e+00 
 3.734314e+01 -1.173577e+00 
 3.734347e+01 -1.181335e+00 
 3.734379e+01 -1.188568e+00 
 3.734411e+01 -1.195734e+00 
 3.734444e+01 -1.202995e+00 
 3.734476e+01 -1.210741e+00 
 3.734508e+01 -1.217155e+00 
 3.734541e+01 -1.227358e+00 
 3.734573e+01 -1.236879e+00 
 3.734605e+01 -1.244273e+00 
 3.734637e+01 -1.255864e+00 
 3.734670e+01 -1.267936e+00 
 3.734702e+01 -1.280261e+00 
 3.734734e+01 -1.293754e+00 
 3.734767e+01 -1.306034e+00 
 3.734799e+01 -1.314198e+00 
 3.734831e+01 -1.319911e+00 
 3.734863e+01 -1.323347e+00 
 3.734896e+01 -1.323733e+00 
 3.734928e+01 -1.322222e+00 
 3.734960e+01 -1.319791e+00 
 3.734993e+01 -1.299056e+00 
 3.735025e+01 -1.297630e+00 
 3.735057e+01 -1.297882e+00 
 3.735090e+01 -1.300008e+00 
 3.735122e+01 -1.303442e+00 
 3.735154e+01 -1.307020e+00 
 3.735186e+01 -1.291595e+00 
 3.735219e+01 -1.293253e+00 
 3.735251e+01 -1.292003e+00 
 3.735283e+01 -1.288094e+00 
 3.735316e+01 -1.281893e+00 
 3.735348e+01 -1.250211e+00 
 3.735380e+01 -1.242328e+00 
 3.735413e+01 -1.232403e+00 
 3.735445e+01 -1.226466e+00 
 3.735477e+01 -1.222228e+00 
 3.735509e+01 -1.219950e+00 
 3.735542e+01 -1.218689e+00 
 3.735574e+01 -1.214412e+00 
 3.735606e+01 -1.211423e+00 
 3.735639e+01 -1.206602e+00 
 3.735671e+01 -1.199670e+00 
 3.735703e+01 -1.191026e+00 
 3.735736e+01 -1.178049e+00 
 3.735768e+01 -1.168966e+00 
 3.735800e+01 -1.159795e+00 
 3.735832e+01 -1.151935e+00 
 3.735865e+01 -1.143411e+00 
 3.735897e+01 -1.140045e+00 
 3.735929e+01 -1.138548e+00 
 3.735962e+01 -1.138081e+00 
 3.735994e+01 -1.137903e+00 
 3.736026e+01 -1.137766e+00 
 3.736059e+01 -1.135931e+00 
 3.736091e+01 -1.131143e+00 
 3.736123e+01 -1.125316e+00 
 3.736155e+01 -1.119152e+00 
 3.736188e+01 -1.112595e+00 
 3.736220e+01 -1.108086e+00 
 3.736252e+01 -1.107286e+00 
 3.736285e+01 -1.110417e+00 
 3.736317e+01 -1.115976e+00 
 3.736349e+01 -1.124367e+00 
 3.736382e+01 -1.134314e+00 
 3.736414e+01 -1.143295e+00 
 3.736446e+01 -1.151238e+00 
 3.736478e+01 -1.157987e+00 
 3.736511e+01 -1.162603e+00 
 3.736543e+01 -1.163895e+00 
 3.736575e+01 -1.164615e+00 
 3.736608e+01 -1.169083e+00 
 3.736640e+01 -1.176198e+00 
 3.736672e+01 -1.184131e+00 
 3.736705e+01 -1.194641e+00 
 3.736737e+01 -1.208500e+00 
 3.736769e+01 -1.222452e+00 
 3.736801e+01 -1.235188e+00 
 3.736834e+01 -1.244978e+00 
 3.736866e+01 -1.252180e+00 
 3.736898e+01 -1.258087e+00 
 3.736931e+01 -1.263130e+00 
 3.736963e+01 -1.267551e+00 
 3.736995e+01 -1.272651e+00 
 3.737028e+01 -1.278958e+00 
 3.737060e+01 -1.287513e+00 
 3.737092e+01 -1.295579e+00 
 3.737124e+01 -1.305877e+00 
 3.737157e+01 -1.317512e+00 
 3.737189e+01 -1.311806e+00 
 3.737221e+01 -1.323660e+00 
 3.737254e+01 -1.333523e+00 
 3.737286e+01 -1.341260e+00 
 3.737318e+01 -1.346348e+00 
 3.737351e+01 -1.349237e+00 
 3.737383e+01 -1.350251e+00 
 3.737415e+01 -1.350999e+00 
 3.737447e+01 -1.350673e+00 
 3.737480e+01 -1.323492e+00 
 3.737512e+01 -1.323637e+00 
 3.737544e+01 -1.324465e+00 
 3.737577e+01 -1.324367e+00 
 3.737609e+01 -1.324575e+00 
 3.737641e+01 -1.324102e+00 
 3.737674e+01 -1.323020e+00 
 3.737706e+01 -1.320641e+00 
 3.737738e+01 -1.316433e+00 
 3.737770e+01 -1.309789e+00 
 3.737803e+01 -1.301377e+00 
 3.737835e+01 -1.291426e+00 
 3.737867e+01 -1.281032e+00 
 3.737900e+01 -1.270637e+00 
 3.737932e+01 -1.260799e+00 
 3.737964e+01 -1.252186e+00 
 3.737997e+01 -1.244042e+00 
 3.738029e+01 -1.236406e+00 
 3.738061e+01 -1.229420e+00 
 3.738093e+01 -1.223579e+00 
 3.738126e+01 -1.217866e+00 
 3.738158e+01 -1.212546e+00 
 3.738190e+01 -1.207326e+00 
 3.738223e+01 -1.202623e+00 
 3.738255e+01 -1.197460e+00 
 3.738287e+01 -1.192626e+00 
 3.738320e+01 -1.188788e+00 
 3.738352e+01 -1.186097e+00 
 3.738384e+01 -1.183819e+00 
 3.738416e+01 -1.182490e+00 
 3.738449e+01 -1.181503e+00 
 3.738481e+01 -1.180019e+00 
 3.738513e+01 -1.178338e+00 
 3.738546e+01 -1.176131e+00 
 3.738578e+01 -1.173660e+00 
 3.738610e+01 -1.171414e+00 
 3.738643e+01 -1.167739e+00 
 3.738675e+01 -1.162269e+00 
 3.738707e+01 -1.155718e+00 
 3.738739e+01 -1.148844e+00 
 3.738772e+01 -1.143575e+00 
 3.738804e+01 -1.140046e+00 
 3.738836e+01 -1.136506e+00 
 3.738869e+01 -1.134994e+00 
 3.738901e+01 -1.134874e+00 
 3.738933e+01 -1.133927e+00 
 3.738965e+01 -1.134432e+00 
 3.738998e+01 -1.135202e+00 
 3.739030e+01 -1.136181e+00 
 3.739062e+01 -1.137045e+00 
 3.739095e+01 -1.138326e+00 
 3.739127e+01 -1.139967e+00 
 3.739159e+01 -1.141551e+00 
 3.739192e+01 -1.142551e+00 
 3.739224e+01 -1.144193e+00 
 3.739256e+01 -1.147003e+00 
 3.739288e+01 -1.150141e+00 
 3.739321e+01 -1.153815e+00 
 3.739353e+01 -1.138890e+00 
 3.739385e+01 -1.142882e+00 
 3.739418e+01 -1.146904e+00 
 3.739450e+01 -1.151136e+00 
 3.739482e+01 -1.155778e+00 
 3.739515e+01 -1.160582e+00 
 3.739547e+01 -1.166290e+00 
 3.739579e+01 -1.173164e+00 
 3.739611e+01 -1.180408e+00 
 3.739644e+01 -1.188096e+00 
 3.739676e+01 -1.196006e+00 
 3.739708e+01 -1.203246e+00 
 3.739741e+01 -1.209644e+00 
 3.739773e+01 -1.214665e+00 
 3.739805e+01 -1.217974e+00 
 3.739838e+01 -1.219160e+00 
 3.739870e+01 -1.219483e+00 
 3.739902e+01 -1.221879e+00 
 3.739934e+01 -1.226005e+00 
 3.739967e+01 -1.231010e+00 
 3.739999e+01 -1.237681e+00 
 3.740031e+01 -1.245053e+00 
 3.740064e+01 -1.251196e+00 
 3.740096e+01 -1.256405e+00 
 3.740128e+01 -1.261154e+00 
 3.740161e+01 -1.264868e+00 
 3.740193e+01 -1.265934e+00 
 3.740225e+01 -1.266225e+00 
 3.740257e+01 -1.267680e+00 
 3.740290e+01 -1.268841e+00 
 3.740322e+01 -1.269615e+00 
 3.740354e+01 -1.271392e+00 
 3.740387e+01 -1.274147e+00 
 3.740419e+01 -1.275776e+00 
 3.740451e+01 -1.276453e+00 
 3.740484e+01 -1.276322e+00 
 3.740516e+01 -1.275085e+00 
 3.740548e+01 -1.272024e+00 
 3.740580e+01 -1.268532e+00 
 3.740613e+01 -1.265714e+00 
 3.740645e+01 -1.262327e+00 
 3.740677e+01 -1.259679e+00 
 3.740710e+01 -1.258646e+00 
 3.740742e+01 -1.259040e+00 
 3.740774e+01 -1.259766e+00 
 3.740807e+01 -1.261973e+00 
 3.740839e+01 -1.263789e+00 
 3.740871e+01 -1.263299e+00 
 3.740903e+01 -1.260729e+00 
 3.740936e+01 -1.257099e+00 
 3.740968e+01 -1.250470e+00 
 3.741000e+01 -1.241852e+00 
 3.741033e+01 -1.233564e+00 
 3.741065e+01 -1.227021e+00 
 3.741097e+01 -1.221863e+00 
 3.741130e+01 -1.218072e+00 
 3.741162e+01 -1.217093e+00 
 3.741194e+01 -1.216800e+00 
 3.741226e+01 -1.215842e+00 
 3.741259e+01 -1.215766e+00 
 3.741291e+01 -1.213675e+00 
 3.741323e+01 -1.211590e+00 
 3.741356e+01 -1.207615e+00 
 3.741388e+01 -1.203690e+00 
 3.741420e+01 -1.200739e+00 
 3.741453e+01 -1.197770e+00 
 3.741485e+01 -1.196488e+00 
 3.741517e+01 -1.194415e+00 
 3.741549e+01 -1.196405e+00 
 3.741582e+01 -1.199655e+00 
 3.741614e+01 -1.204778e+00 
 3.741646e+01 -1.210552e+00 
 3.741679e+01 -1.216561e+00 
 3.741711e+01 -1.222500e+00 
 3.741743e+01 -1.228068e+00 
 3.741776e+01 -1.231675e+00 
 3.741808e+01 -1.234134e+00 
 3.741840e+01 -1.236349e+00 
 3.741872e+01 -1.238134e+00 
 3.741905e+01 -1.239106e+00 
 3.741937e+01 -1.241942e+00 
 3.741969e+01 -1.247098e+00 
 3.742002e+01 -1.252260e+00 
 3.742034e+01 -1.257813e+00 
 3.742066e+01 -1.264377e+00 
 3.742099e+01 -1.270815e+00 
 3.742131e+01 -1.274773e+00 
 3.742163e+01 -1.277476e+00 
 3.742195e+01 -1.279720e+00 
 3.742228e+01 -1.280282e+00 
 3.742260e+01 -1.278192e+00 
 3.742292e+01 -1.274151e+00 
 3.742325e+01 -1.273137e+00 
 3.742357e+01 -1.271421e+00 
 3.742389e+01 -1.270146e+00 
 3.742422e+01 -1.267935e+00 
 3.742454e+01 -1.269136e+00 
 3.742486e+01 -1.271460e+00 
 3.742518e+01 -1.275356e+00 
 3.742551e+01 -1.280368e+00 
 3.742583e+01 -1.284888e+00 
 3.742615e+01 -1.289066e+00 
 3.742648e+01 -1.292427e+00 
 3.742680e+01 -1.293286e+00 
 3.742712e+01 -1.291594e+00 
 3.742745e+01 -1.289780e+00 
 3.742777e+01 -1.287481e+00 
 3.742809e+01 -1.283979e+00 
 3.742841e+01 -1.281213e+00 
 3.742874e+01 -1.281686e+00 
 3.742906e+01 -1.283901e+00 
 3.742938e+01 -1.286276e+00 
 3.742971e+01 -1.289525e+00 
 3.743003e+01 -1.292131e+00 
 3.743035e+01 -1.291288e+00 
 3.743067e+01 -1.286149e+00 
 3.743100e+01 -1.279837e+00 
 3.743132e+01 -1.272803e+00 
 3.743164e+01 -1.263791e+00 
 3.743197e+01 -1.253170e+00 
 3.743229e+01 -1.243436e+00 
 3.743261e+01 -1.234192e+00 
 3.743294e+01 -1.221245e+00 
 3.743326e+01 -1.214236e+00 
 3.743358e+01 -1.209473e+00 
 3.743390e+01 -1.206876e+00 
 3.743423e+01 -1.202996e+00 
 3.743455e+01 -1.197918e+00 
 3.743487e+01 -1.191684e+00 
 3.743520e+01 -1.183096e+00 
 3.743552e+01 -1.173781e+00 
 3.743584e+01 -1.163224e+00 
 3.743617e+01 -1.134187e+00 
 3.743649e+01 -1.124907e+00 
 3.743681e+01 -1.118856e+00 
 3.743713e+01 -1.114548e+00 
 3.743746e+01 -1.111208e+00 
 3.743778e+01 -1.109742e+00 
 3.743810e+01 -1.108756e+00 
 3.743843e+01 -1.107302e+00 
 3.743875e+01 -1.104992e+00 
 3.743907e+01 -1.101822e+00 
 3.743940e+01 -1.096928e+00 
 3.743972e+01 -1.090333e+00 
 3.744004e+01 -1.083923e+00 
 3.744036e+01 -1.079340e+00 
 3.744069e+01 -1.055897e+00 
 3.744101e+01 -1.052161e+00 
 3.744133e+01 -1.049855e+00 
 3.744166e+01 -1.049232e+00 
 3.744198e+01 -1.047994e+00 
 3.744230e+01 -1.047386e+00 
 3.744263e+01 -1.045758e+00 
 3.744295e+01 -1.043830e+00 
 3.744327e+01 -1.041708e+00 
 3.744359e+01 -1.041184e+00 
 3.744392e+01 -1.041648e+00 
 3.744424e+01 -1.042848e+00 
 3.744456e+01 -1.045013e+00 
 3.744489e+01 -1.048685e+00 
 3.744521e+01 -1.054628e+00 
 3.744553e+01 -1.062129e+00 
 3.744586e+01 -1.072932e+00 
 3.744618e+01 -1.083660e+00 
 3.744650e+01 -1.093165e+00 
 3.744682e+01 -1.101878e+00 
 3.744715e+01 -1.109818e+00 
 3.744747e+01 -1.114916e+00 
 3.744779e+01 -1.119460e+00 
 3.744812e+01 -1.124255e+00 
 3.744844e+01 -1.129289e+00 
 3.744876e+01 -1.134695e+00 
 3.744909e+01 -1.140511e+00 
 3.744941e+01 -1.149467e+00 
 3.744973e+01 -1.159415e+00 
 3.745005e+01 -1.169576e+00 
 3.745038e+01 -1.180466e+00 
 3.745070e+01 -1.190612e+00 
 3.745102e+01 -1.198754e+00 
 3.745135e+01 -1.206245e+00 
 3.745167e+01 -1.214161e+00 
 3.745199e+01 -1.222391e+00 
 3.745232e+01 -1.229588e+00 
 3.745264e+01 -1.233417e+00 
 3.745296e+01 -1.236088e+00 
 3.745328e+01 -1.238216e+00 
 3.745361e+01 -1.240057e+00 
 3.745393e+01 -1.241791e+00 
 3.745425e+01 -1.243457e+00 
 3.745458e+01 -1.241827e+00 
 3.745490e+01 -1.240826e+00 
 3.745522e+01 -1.239119e+00 
 3.745555e+01 -1.236497e+00 
 3.745587e+01 -1.233022e+00 
 3.745619e+01 -1.226606e+00 
 3.745651e+01 -1.221514e+00 
 3.745684e+01 -1.216056e+00 
 3.745716e+01 -1.211486e+00 
 3.745748e+01 -1.205908e+00 
 3.745781e+01 -1.199382e+00 
 3.745813e+01 -1.192427e+00 
 3.745845e+01 -1.186113e+00 
 3.745878e+01 -1.180770e+00 
 3.745910e+01 -1.176253e+00 
 3.745942e+01 -1.172349e+00 
 3.745974e+01 -1.168748e+00 
 3.746007e+01 -1.164287e+00 
 3.746039e+01 -1.159312e+00 
 3.746071e+01 -1.136604e+00 
 3.746104e+01 -1.132853e+00 
 3.746136e+01 -1.129169e+00 
 3.746168e+01 -1.126174e+00 
 3.746201e+01 -1.124234e+00 
 3.746233e+01 -1.122899e+00 
 3.746265e+01 -1.121711e+00 
 3.746297e+01 -1.123816e+00 
 3.746330e+01 -1.127627e+00 
 3.746362e+01 -1.132610e+00 
 3.746394e+01 -1.138227e+00 
 3.746427e+01 -1.143920e+00 
 3.746459e+01 -1.147854e+00 
 3.746491e+01 -1.150257e+00 
 3.746524e+01 -1.151794e+00 
 3.746556e+01 -1.151386e+00 
 3.746588e+01 -1.149416e+00 
 3.746620e+01 -1.144904e+00 
 3.746653e+01 -1.143002e+00 
 3.746685e+01 -1.140907e+00 
 3.746717e+01 -1.139485e+00 
 3.746750e+01 -1.138476e+00 
 3.746782e+01 -1.135741e+00 
 3.746814e+01 -1.136329e+00 
 3.746846e+01 -1.137912e+00 
 3.746879e+01 -1.139678e+00 
 3.746911e+01 -1.141011e+00 
 3.746943e+01 -1.139670e+00 
 3.746976e+01 -1.141455e+00 
 3.747008e+01 -1.143780e+00 
 3.747040e+01 -1.145752e+00 
 3.747073e+01 -1.147921e+00 
 3.747105e+01 -1.150274e+00 
 3.747137e+01 -1.152106e+00 
 3.747169e+01 -1.154468e+00 
 3.747202e+01 -1.157944e+00 
 3.747234e+01 -1.161769e+00 
 3.747266e+01 -1.164481e+00 
 3.747299e+01 -1.166522e+00 
 3.747331e+01 -1.168755e+00 
 3.747363e+01 -1.170572e+00 
 3.747396e+01 -1.172042e+00 
 3.747428e+01 -1.174167e+00 
 3.747460e+01 -1.176782e+00 
 3.747492e+01 -1.177979e+00 
 3.747525e+01 -1.177973e+00 
 3.747557e+01 -1.176662e+00 
 3.747589e+01 -1.172488e+00 
 3.747622e+01 -1.170578e+00 
 3.747654e+01 -1.169077e+00 
 3.747686e+01 -1.168434e+00 
 3.747719e+01 -1.165584e+00 
 3.747751e+01 -1.164403e+00 
 3.747783e+01 -1.163670e+00 
 3.747815e+01 -1.163348e+00 
 3.747848e+01 -1.163103e+00 
 3.747880e+01 -1.162211e+00 
 3.747912e+01 -1.161139e+00 
 3.747945e+01 -1.159580e+00 
 3.747977e+01 -1.157284e+00 
 3.748009e+01 -1.154141e+00 
 3.748042e+01 -1.150278e+00 
 3.748074e+01 -1.145472e+00 
 3.748106e+01 -1.141503e+00 
 3.748138e+01 -1.138478e+00 
 3.748171e+01 -1.136528e+00 
 3.748203e+01 -1.135001e+00 
 3.748235e+01 -1.132511e+00 
 3.748268e+01 -1.128742e+00 
 3.748300e+01 -1.123932e+00 
 3.748332e+01 -1.118380e+00 
 3.748365e+01 -1.112505e+00 
 3.748397e+01 -1.105768e+00 
 3.748429e+01 -1.098322e+00 
 3.748461e+01 -1.090012e+00 
 3.748494e+01 -1.081792e+00 
 3.748526e+01 -1.073591e+00 
 3.748558e+01 -1.065367e+00 
 3.748591e+01 -1.033218e+00 
 3.748623e+01 -1.026425e+00 
 3.748655e+01 -1.020150e+00 
 3.748688e+01 -1.014036e+00 
 3.748720e+01 -1.007059e+00 
 3.748752e+01 -9.977165e-01 
 3.748784e+01 -9.889473e-01 
 3.748817e+01 -9.811954e-01 
 3.748849e+01 -9.693079e-01 
 3.748881e+01 -9.646677e-01 
 3.748914e+01 -9.612016e-01 
 3.748946e+01 -9.582864e-01 
 3.748978e+01 -9.555820e-01 
 3.749011e+01 -9.540097e-01 
 3.749043e+01 -9.528028e-01 
 3.749075e+01 -9.509568e-01 
 3.749107e+01 -9.482191e-01 
 3.749140e+01 -9.446631e-01 
 3.749172e+01 -9.165832e-01 
 3.749204e+01 -9.143389e-01 
 3.749237e+01 -9.131415e-01 
 3.749269e+01 -9.113988e-01 
 3.749301e+01 -9.096051e-01 
 3.749334e+01 -9.104388e-01 
 3.749366e+01 -9.191291e-01 
 3.749398e+01 -9.298135e-01 
 3.749430e+01 -9.434687e-01 
 3.749463e+01 -9.552063e-01 
 3.749495e+01 -9.644259e-01 
 3.749527e+01 -9.743178e-01 
 3.749560e+01 -9.843710e-01 
 3.749592e+01 -9.931909e-01 
 3.749624e+01 -9.986048e-01 
 3.749657e+01 -1.003070e+00 
 3.749689e+01 -1.007274e+00 
 3.749721e+01 -1.011019e+00 
 3.749753e+01 -1.014469e+00 
 3.749786e+01 -1.019136e+00 
 3.749818e+01 -1.024803e+00 
 3.749850e+01 -1.030525e+00 
 3.749883e+01 -1.037041e+00 
 3.749915e+01 -1.045307e+00 
 3.749947e+01 -1.053413e+00 
 3.749980e+01 -1.059746e+00 
 3.750012e+01 -1.065577e+00 
 3.750044e+01 -1.069718e+00 
 3.750076e+01 -1.071191e+00 
 3.750109e+01 -1.071623e+00 
 3.750141e+01 -1.072439e+00 
 3.750173e+01 -1.073451e+00 
 3.750206e+01 -1.074245e+00 
 3.750238e+01 -1.075919e+00 
 3.750270e+01 -1.079034e+00 
 3.750303e+01 -1.080040e+00 
 3.750335e+01 -1.051236e+00 
 3.750367e+01 -1.053488e+00 
 3.750399e+01 -1.056411e+00 
 3.750432e+01 -1.054699e+00 
 3.750464e+01 -1.054822e+00 
 3.750496e+01 -1.054598e+00 
 3.750529e+01 -1.054410e+00 
 3.750561e+01 -1.057950e+00 
 3.750593e+01 -1.063614e+00 
 3.750626e+01 -1.071195e+00 
 3.750658e+01 -1.076423e+00 
 3.750690e+01 -1.088930e+00 
 3.750722e+01 -1.103658e+00 
 3.750755e+01 -1.119449e+00 
 3.750787e+01 -1.125385e+00 
 3.750819e+01 -1.127693e+00 
 3.750852e+01 -1.126654e+00 
 3.750884e+01 -1.124485e+00 
 3.750916e+01 -1.120579e+00 
 3.750948e+01 -1.115171e+00 
 3.750981e+01 -1.109035e+00 
 3.751013e+01 -1.104017e+00 
 3.751045e+01 -1.098716e+00 
 3.751078e+01 -1.092137e+00 
 3.751110e+01 -1.089236e+00 
 3.751142e+01 -1.082026e+00 
 3.751175e+01 -1.080852e+00 
 3.751207e+01 -1.078733e+00 
 3.751239e+01 -1.078078e+00 
 3.751271e+01 -1.078888e+00 
 3.751304e+01 -1.076865e+00 
 3.751336e+01 -1.071654e+00 
 3.751368e+01 -1.066200e+00 
 3.751401e+01 -1.061673e+00 
 3.751433e+01 -1.058195e+00 
 3.751465e+01 -1.056087e+00 
 3.751498e+01 -1.057391e+00 
 3.751530e+01 -1.058996e+00 
 3.751562e+01 -1.061381e+00 
 3.751594e+01 -1.064273e+00 
 3.751627e+01 -1.066597e+00 
 3.751659e+01 -1.066880e+00 
 3.751691e+01 -1.065954e+00 
 3.751724e+01 -1.066565e+00 
 3.751756e+01 -1.069500e+00 
 3.751788e+01 -1.072148e+00 
 3.751821e+01 -1.075011e+00 
 3.751853e+01 -1.078850e+00 
 3.751885e+01 -1.083299e+00 
 3.751917e+01 -1.089019e+00 
 3.751950e+01 -1.095257e+00 
 3.751982e+01 -1.100933e+00 
 3.752014e+01 -1.102751e+00 
 3.752047e+01 -1.103231e+00 
 3.752079e+01 -1.104538e+00 
 3.752111e+01 -1.106003e+00 
 3.752144e+01 -1.106314e+00 
 3.752176e+01 -1.105470e+00 
 3.752208e+01 -1.105201e+00 
 3.752240e+01 -1.107659e+00 
 3.752273e+01 -1.112065e+00 
 3.752305e+01 -1.117873e+00 
 3.752337e+01 -1.124243e+00 
 3.752370e+01 -1.128298e+00 
 3.752402e+01 -1.131648e+00 
 3.752434e+01 -1.132248e+00 
 3.752467e+01 -1.135144e+00 
 3.752499e+01 -1.137293e+00 
 3.752531e+01 -1.137510e+00 
 3.752563e+01 -1.138140e+00 
 3.752596e+01 -1.138337e+00 
 3.752628e+01 -1.139557e+00 
 3.752660e+01 -1.140388e+00 
 3.752693e+01 -1.141648e+00 
 3.752725e+01 -1.142861e+00 
 3.752757e+01 -1.146843e+00 
 3.752790e+01 -1.151214e+00 
 3.752822e+01 -1.154447e+00 
 3.752854e+01 -1.155617e+00 
 3.752886e+01 -1.156392e+00 
 3.752919e+01 -1.156499e+00 
 3.752951e+01 -1.157284e+00 
 3.752983e+01 -1.158453e+00 
 3.753016e+01 -1.160266e+00 
 3.753048e+01 -1.162483e+00 
 3.753080e+01 -1.164840e+00 
 3.753113e+01 -1.168004e+00 
 3.753145e+01 -1.170510e+00 
 3.753177e+01 -1.172653e+00 
 3.753209e+01 -1.173596e+00 
 3.753242e+01 -1.175012e+00 
 3.753274e+01 -1.175508e+00 
 3.753306e+01 -1.176478e+00 
 3.753339e+01 -1.175540e+00 
 3.753371e+01 -1.173622e+00 
 3.753403e+01 -1.170276e+00 
 3.753436e+01 -1.166777e+00 
 3.753468e+01 -1.163695e+00 
 3.753500e+01 -1.160916e+00 
 3.753532e+01 -1.158226e+00 
 3.753565e+01 -1.155233e+00 
 3.753597e+01 -1.151095e+00 
 3.753629e+01 -1.146290e+00 
 3.753662e+01 -1.142499e+00 
 3.753694e+01 -1.137539e+00 
 3.753726e+01 -1.131588e+00 
 3.753759e+01 -1.126131e+00 
 3.753791e+01 -1.123785e+00 
 3.753823e+01 -1.126997e+00 
 3.753855e+01 -1.133794e+00 
 3.753888e+01 -1.140606e+00 
 3.753920e+01 -1.138878e+00 
 3.753952e+01 -1.135199e+00 
 3.753985e+01 -1.132720e+00 
 3.754017e+01 -1.132792e+00 
 3.754049e+01 -1.133951e+00 
 3.754082e+01 -1.133506e+00 
 3.754114e+01 -1.133115e+00 
 3.754146e+01 -1.134149e+00 
 3.754178e+01 -1.135191e+00 
 3.754211e+01 -1.135343e+00 
 3.754243e+01 -1.136747e+00 
 3.754275e+01 -1.140966e+00 
 3.754308e+01 -1.146864e+00 
 3.754340e+01 -1.153530e+00 
 3.754372e+01 -1.160440e+00 
 3.754404e+01 -1.146628e+00 
 3.754437e+01 -1.150159e+00 
 3.754469e+01 -1.153805e+00 
 3.754501e+01 -1.158229e+00 
 3.754534e+01 -1.161249e+00 
 3.754566e+01 -1.163350e+00 
 3.754598e+01 -1.164592e+00 
 3.754631e+01 -1.166396e+00 
 3.754663e+01 -1.168699e+00 
 3.754695e+01 -1.173487e+00 
 3.754727e+01 -1.180365e+00 
 3.754760e+01 -1.188150e+00 
 3.754792e+01 -1.193497e+00 
 3.754824e+01 -1.202242e+00 
 3.754857e+01 -1.208860e+00 
 3.754889e+01 -1.215800e+00 
 3.754921e+01 -1.220753e+00 
 3.754954e+01 -1.223842e+00 
 3.754986e+01 -1.226705e+00 
 3.755018e+01 -1.230797e+00 
 3.755050e+01 -1.236762e+00 
 3.755083e+01 -1.242726e+00 
 3.755115e+01 -1.249142e+00 
 3.755147e+01 -1.258825e+00 
 3.755180e+01 -1.268788e+00 
 3.755212e+01 -1.277750e+00 
 3.755244e+01 -1.287963e+00 
 3.755277e+01 -1.296842e+00 
 3.755309e+01 -1.285179e+00 
 3.755341e+01 -1.290411e+00 
 3.755373e+01 -1.295583e+00 
 3.755406e+01 -1.299115e+00 
 3.755438e+01 -1.300578e+00 
 3.755470e+01 -1.302529e+00 
 3.755503e+01 -1.306075e+00 
 3.755535e+01 -1.311390e+00 
 3.755567e+01 -1.318136e+00 
 3.755600e+01 -1.326839e+00 
 3.755632e+01 -1.333146e+00 
 3.755664e+01 -1.340205e+00 
 3.755696e+01 -1.345790e+00 
 3.755729e+01 -1.323733e+00 
 3.755761e+01 -1.328105e+00 
 3.755793e+01 -1.298617e+00 
 3.755826e+01 -1.298569e+00 
 3.755858e+01 -1.298336e+00 
 3.755890e+01 -1.296575e+00 
 3.755923e+01 -1.295191e+00 
 3.755955e+01 -1.296379e+00 
 3.755987e+01 -1.293915e+00 
 3.756019e+01 -1.297932e+00 
 3.756052e+01 -1.303430e+00 
 3.756084e+01 -1.310472e+00 
 3.756116e+01 -1.315084e+00 
 3.756149e+01 -1.316869e+00 
 3.756181e+01 -1.317211e+00 
 3.756213e+01 -1.317431e+00 
 3.756246e+01 -1.315322e+00 
 3.756278e+01 -1.313067e+00 
 3.756310e+01 -1.310008e+00 
 3.756342e+01 -1.317717e+00 
 3.756375e+01 -1.333524e+00 
 3.756407e+01 -1.322785e+00 
 3.756439e+01 -1.336342e+00 
 3.756472e+01 -1.345947e+00 
 3.756504e+01 -1.348923e+00 
 3.756536e+01 -1.346879e+00 
 3.756569e+01 -1.344322e+00 
 3.756601e+01 -1.337993e+00 
 3.756633e+01 -1.330622e+00 
 3.756665e+01 -1.323221e+00 
 3.756698e+01 -1.315334e+00 
 3.756730e+01 -1.307665e+00 
 3.756762e+01 -1.303465e+00 
 3.756795e+01 -1.299734e+00 
 3.756827e+01 -1.296798e+00 
 3.756859e+01 -1.294320e+00 
 3.756892e+01 -1.293677e+00 
 3.756924e+01 -1.291993e+00 
 3.756956e+01 -1.288007e+00 
 3.756988e+01 -1.283128e+00 
 3.757021e+01 -1.276820e+00 
 3.757053e+01 -1.255738e+00 
 3.757085e+01 -1.205177e+00 
 3.757118e+01 -1.198871e+00 
 3.757150e+01 -1.172776e+00 
 3.757182e+01 -1.166847e+00 
 3.757215e+01 -1.161117e+00 
 3.757247e+01 -1.159360e+00 
 3.757279e+01 -1.160255e+00 
 3.757311e+01 -1.165012e+00 
 3.757344e+01 -1.172058e+00 
 3.757376e+01 -1.181153e+00 
 3.757408e+01 -1.191186e+00 
 3.757441e+01 -1.200518e+00 
 3.757473e+01 -1.206983e+00 
 3.757505e+01 -1.211420e+00 
 3.757538e+01 -1.215795e+00 
 3.757570e+01 -1.220520e+00 
 3.757602e+01 -1.225341e+00 
 3.757634e+01 -1.231356e+00 
 3.757667e+01 -1.240892e+00 
 3.757699e+01 -1.251068e+00 
 3.757731e+01 -1.265666e+00 
 3.757764e+01 -1.284631e+00 
 3.757796e+01 -1.309740e+00 
 3.757828e+01 -1.339421e+00 
 3.757861e+01 -1.365896e+00 
 3.757893e+01 -1.382617e+00 
 3.757925e+01 -1.387572e+00 
 3.757957e+01 -1.389338e+00 
 3.757990e+01 -1.391168e+00 
 3.758022e+01 -1.394887e+00 
 3.758054e+01 -1.401323e+00 
 3.758087e+01 -1.406123e+00 
 3.758119e+01 -1.409696e+00 
 3.758151e+01 -1.411673e+00 
 3.758184e+01 -1.409660e+00 
 3.758216e+01 -1.375239e+00 
 3.758248e+01 -1.359704e+00 
 3.758280e+01 -1.348795e+00 
 3.758313e+01 -1.340472e+00 
 3.758345e+01 -1.330323e+00 
 3.758377e+01 -1.319891e+00 
 3.758410e+01 -1.309058e+00 
 3.758442e+01 -1.280612e+00 
 3.758474e+01 -1.236647e+00 
 3.758506e+01 -1.216430e+00 
 3.758539e+01 -1.217652e+00 
 3.758571e+01 -1.191112e+00 
 3.758603e+01 -1.193312e+00 
 3.758636e+01 -1.194104e+00 
 3.758668e+01 -1.193129e+00 
 3.758700e+01 -1.191716e+00 
 3.758733e+01 -1.189273e+00 
 3.758765e+01 -1.187865e+00 
 3.758797e+01 -1.188000e+00 
 3.758829e+01 -1.190858e+00 
 3.758862e+01 -1.194844e+00 
 3.758894e+01 -1.199727e+00 
 3.758926e+01 -1.204867e+00 
 3.758959e+01 -1.211370e+00 
 3.758991e+01 -1.216198e+00 
 3.759023e+01 -1.218646e+00 
 3.759056e+01 -1.220069e+00 
 3.759088e+01 -1.219037e+00 
 3.759120e+01 -1.218166e+00 
 3.759152e+01 -1.218294e+00 
 3.759185e+01 -1.220452e+00 
 3.759217e+01 -1.222440e+00 
 3.759249e+01 -1.225224e+00 
 3.759282e+01 -1.229887e+00 
 3.759314e+01 -1.235510e+00 
 3.759346e+01 -1.244483e+00 
 3.759379e+01 -1.258034e+00 
 3.759411e+01 -1.274081e+00 
 3.759443e+01 -1.287044e+00 
 3.759475e+01 -1.292313e+00 
 3.759508e+01 -1.292568e+00 
 3.759540e+01 -1.291602e+00 
 3.759572e+01 -1.290287e+00 
 3.759605e+01 -1.290089e+00 
 3.759637e+01 -1.290100e+00 
 3.759669e+01 -1.290307e+00 
 3.759702e+01 -1.289968e+00 
 3.759734e+01 -1.275514e+00 
 3.759766e+01 -1.273886e+00 
 3.759798e+01 -1.248106e+00 
 3.759831e+01 -1.247262e+00 
 3.759863e+01 -1.246525e+00 
 3.759895e+01 -1.244729e+00 
 3.759928e+01 -1.244051e+00 
 3.759960e+01 -1.246098e+00 
 3.759992e+01 -1.250706e+00 
 3.760025e+01 -1.256204e+00 
 3.760057e+01 -1.262827e+00 
 3.760089e+01 -1.266903e+00 
 3.760121e+01 -1.271364e+00 
 3.760154e+01 -1.274698e+00 
 3.760186e+01 -1.277556e+00 
 3.760218e+01 -1.278882e+00 
 3.760251e+01 -1.279015e+00 
 3.760283e+01 -1.280141e+00 
 3.760315e+01 -1.283455e+00 
 3.760348e+01 -1.288917e+00 
 3.760380e+01 -1.295536e+00 
 3.760412e+01 -1.303042e+00 
 3.760444e+01 -1.314177e+00 
 3.760477e+01 -1.328984e+00 
 3.760509e+01 -1.343973e+00 
 3.760541e+01 -1.360518e+00 
 3.760574e+01 -1.369681e+00 
 3.760606e+01 -1.374709e+00 
 3.760638e+01 -1.377398e+00 
 3.760671e+01 -1.374323e+00 
 3.760703e+01 -1.355392e+00 
 3.760735e+01 -1.349447e+00 
 3.760767e+01 -1.344032e+00 
 3.760800e+01 -1.318419e+00 
 3.760832e+01 -1.320689e+00 
 3.760864e+01 -1.324066e+00 
 3.760897e+01 -1.327821e+00 
 3.760929e+01 -1.329865e+00 
 3.760961e+01 -1.329653e+00 
 3.760994e+01 -1.326626e+00 
 3.761026e+01 -1.327462e+00 
 3.761058e+01 -1.329008e+00 
 3.761090e+01 -1.330254e+00 
 3.761123e+01 -1.332305e+00 
 3.761155e+01 -1.334177e+00 
 3.761187e+01 -1.332558e+00 
 3.761220e+01 -1.330155e+00 
 3.761252e+01 -1.326715e+00 
 3.761284e+01 -1.321666e+00 
 3.761317e+01 -1.316828e+00 
 3.761349e+01 -1.312273e+00 
 3.761381e+01 -1.308000e+00 
 3.761413e+01 -1.304216e+00 
 3.761446e+01 -1.299762e+00 
 3.761478e+01 -1.294039e+00 
 3.761510e+01 -1.287542e+00 
 3.761543e+01 -1.282762e+00 
 3.761575e+01 -1.277938e+00 
 3.761607e+01 -1.271237e+00 
 3.761640e+01 -1.263573e+00 
 3.761672e+01 -1.234764e+00 
 3.761704e+01 -1.227348e+00 
 3.761736e+01 -1.221498e+00 
 3.761769e+01 -1.218311e+00 
 3.761801e+01 -1.216877e+00 
 3.761833e+01 -1.214113e+00 
 3.761866e+01 -1.210680e+00 
 3.761898e+01 -1.207913e+00 
 3.761930e+01 -1.203697e+00 
 3.761963e+01 -1.197506e+00 
 3.761995e+01 -1.190550e+00 
 3.762027e+01 -1.183537e+00 
 3.762059e+01 -1.172248e+00 
 3.762092e+01 -1.163854e+00 
 3.762124e+01 -1.155638e+00 
 3.762156e+01 -1.153679e+00 
 3.762189e+01 -1.154034e+00 
 3.762221e+01 -1.160502e+00 
 3.762253e+01 -1.170191e+00 
 3.762285e+01 -1.179819e+00 
 3.762318e+01 -1.187268e+00 
 3.762350e+01 -1.195416e+00 
 3.762382e+01 -1.200313e+00 
 3.762415e+01 -1.209604e+00 
 3.762447e+01 -1.217064e+00 
 3.762479e+01 -1.223177e+00 
 3.762512e+01 -1.228319e+00 
 3.762544e+01 -1.232858e+00 
 3.762576e+01 -1.237953e+00 
 3.762608e+01 -1.245807e+00 
 3.762641e+01 -1.255732e+00 
 3.762673e+01 -1.265889e+00 
 3.762705e+01 -1.277128e+00 
 3.762738e+01 -1.286862e+00 
 3.762770e+01 -1.294715e+00 
 3.762802e+01 -1.301568e+00 
 3.762835e+01 -1.306858e+00 
 3.762867e+01 -1.309577e+00 
 3.762899e+01 -1.310623e+00 
 3.762931e+01 -1.312415e+00 
 3.762964e+01 -1.313232e+00 
 3.762996e+01 -1.314785e+00 
 3.763028e+01 -1.317145e+00 
 3.763061e+01 -1.320267e+00 
 3.763093e+01 -1.321218e+00 
 3.763125e+01 -1.319806e+00 
 3.763158e+01 -1.315092e+00 
 3.763190e+01 -1.307384e+00 
 3.763222e+01 -1.296149e+00 
 3.763254e+01 -1.283340e+00 
 3.763287e+01 -1.270093e+00 
 3.763319e+01 -1.256912e+00 
 3.763351e+01 -1.245065e+00 
 3.763384e+01 -1.236099e+00 
 3.763416e+01 -1.229632e+00 
 3.763448e+01 -1.224600e+00 
 3.763481e+01 -1.220533e+00 
 3.763513e+01 -1.215965e+00 
 3.763545e+01 -1.210935e+00 
 3.763577e+01 -1.204633e+00 
 3.763610e+01 -1.199300e+00 
 3.763642e+01 -1.193949e+00 
 3.763674e+01 -1.189430e+00 
 3.763707e+01 -1.186597e+00 
 3.763739e+01 -1.186197e+00 
 3.763771e+01 -1.187548e+00 
 3.763804e+01 -1.191115e+00 
 3.763836e+01 -1.196346e+00 
 3.763868e+01 -1.201878e+00 
 3.763900e+01 -1.206551e+00 
 3.763933e+01 -1.211370e+00 
 3.763965e+01 -1.216943e+00 
 3.763997e+01 -1.222569e+00 
 3.764030e+01 -1.228282e+00 
 3.764062e+01 -1.233916e+00 
 3.764094e+01 -1.239872e+00 
 3.764127e+01 -1.247343e+00 
 3.764159e+01 -1.256301e+00 
 3.764191e+01 -1.265371e+00 
 3.764223e+01 -1.274215e+00 
 3.764256e+01 -1.281148e+00 
 3.764288e+01 -1.286245e+00 
 3.764320e+01 -1.289665e+00 
 3.764353e+01 -1.291789e+00 
 3.764385e+01 -1.292751e+00 
 3.764417e+01 -1.291859e+00 
 3.764450e+01 -1.289291e+00 
 3.764482e+01 -1.286402e+00 
 3.764514e+01 -1.282975e+00 
 3.764546e+01 -1.279947e+00 
 3.764579e+01 -1.278253e+00 
 3.764611e+01 -1.278585e+00 
 3.764643e+01 -1.279095e+00 
 3.764676e+01 -1.279283e+00 
 3.764708e+01 -1.279400e+00 
 3.764740e+01 -1.277739e+00 
 3.764773e+01 -1.274017e+00 
 3.764805e+01 -1.270429e+00 
 3.764837e+01 -1.269082e+00 
 3.764869e+01 -1.267198e+00 
 3.764902e+01 -1.265815e+00 
 3.764934e+01 -1.265380e+00 
 3.764966e+01 -1.265647e+00 
 3.764999e+01 -1.265037e+00 
 3.765031e+01 -1.264329e+00 
 3.765063e+01 -1.264742e+00 
 3.765096e+01 -1.266491e+00 
 3.765128e+01 -1.267024e+00 
 3.765160e+01 -1.270234e+00 
 3.765192e+01 -1.274353e+00 
 3.765225e+01 -1.279177e+00 
 3.765257e+01 -1.284113e+00 
 3.765289e+01 -1.291465e+00 
 3.765322e+01 -1.299508e+00 
 3.765354e+01 -1.306613e+00 
 3.765386e+01 -1.313343e+00 
 3.765419e+01 -1.321817e+00 
 3.765451e+01 -1.331011e+00 
 3.765483e+01 -1.338979e+00 
 3.765515e+01 -1.348153e+00 
 3.765548e+01 -1.354694e+00 
 3.765580e+01 -1.363620e+00 
 3.765612e+01 -1.372463e+00 
 3.765645e+01 -1.382708e+00 
 3.765677e+01 -1.391870e+00 
 3.765709e+01 -1.398292e+00 
 3.765742e+01 -1.402323e+00 
 3.765774e+01 -1.404957e+00 
 3.765806e+01 -1.405073e+00 
 3.765838e+01 -1.403929e+00 
 3.765871e+01 -1.402494e+00 
 3.765903e+01 -1.401079e+00 
 3.765935e+01 -1.395584e+00 
 3.765968e+01 -1.393612e+00 
 3.766000e+01 -1.392863e+00 
 3.766032e+01 -1.391939e+00 
 3.766064e+01 -1.389306e+00 
 3.766097e+01 -1.384996e+00 
 3.766129e+01 -1.379033e+00 
 3.766161e+01 -1.370055e+00 
 3.766194e+01 -1.361358e+00 
 3.766226e+01 -1.352503e+00 
 3.766258e+01 -1.324772e+00 
 3.766291e+01 -1.315651e+00 
 3.766323e+01 -1.308179e+00 
 3.766355e+01 -1.301517e+00 
 3.766387e+01 -1.296373e+00 
 3.766420e+01 -1.292587e+00 
 3.766452e+01 -1.290428e+00 
 3.766484e+01 -1.287390e+00 
 3.766517e+01 -1.284343e+00 
 3.766549e+01 -1.211332e+00 
 3.766581e+01 -1.187615e+00 
 3.766614e+01 -1.183592e+00 
 3.766646e+01 -1.180486e+00 
 3.766678e+01 -1.179195e+00 
 3.766710e+01 -1.179102e+00 
 3.766743e+01 -1.174762e+00 
 3.766775e+01 -1.176212e+00 
 3.766807e+01 -1.178732e+00 
 3.766840e+01 -1.180795e+00 
 3.766872e+01 -1.184495e+00 
 3.766904e+01 -1.188067e+00 
 3.766937e+01 -1.191343e+00 
 3.766969e+01 -1.193410e+00 
 3.767001e+01 -1.195128e+00 
 3.767033e+01 -1.196148e+00 
 3.767066e+01 -1.196045e+00 
 3.767098e+01 -1.202579e+00 
 3.767130e+01 -1.210910e+00 
 3.767163e+01 -1.221018e+00 
 3.767195e+01 -1.229709e+00 
 3.767227e+01 -1.239567e+00 
 3.767260e+01 -1.246455e+00 
 3.767292e+01 -1.252473e+00 
 3.767324e+01 -1.257316e+00 
 3.767356e+01 -1.260759e+00 
 3.767389e+01 -1.261900e+00 
 3.767421e+01 -1.262377e+00 
 3.767453e+01 -1.261557e+00 
 3.767486e+01 -1.267832e+00 
 3.767518e+01 -1.276122e+00 
 3.767550e+01 -1.285097e+00 
 3.767583e+01 -1.294032e+00 
 3.767615e+01 -1.301125e+00 
 3.767647e+01 -1.305470e+00 
 3.767679e+01 -1.289543e+00 
 3.767712e+01 -1.291612e+00 
 3.767744e+01 -1.290271e+00 
 3.767776e+01 -1.282593e+00 
 3.767809e+01 -1.279675e+00 
 3.767841e+01 -1.279750e+00 
 3.767873e+01 -1.281830e+00 
 3.767906e+01 -1.286919e+00 
 3.767938e+01 -1.292382e+00 
 3.767970e+01 -1.300342e+00 
 3.768002e+01 -1.305660e+00 
 3.768035e+01 -1.282144e+00 
 3.768067e+01 -1.281821e+00 
 3.768099e+01 -1.278404e+00 
 3.768132e+01 -1.272617e+00 
 3.768164e+01 -1.218828e+00 
 3.768196e+01 -1.212918e+00 
 3.768229e+01 -1.208071e+00 
 3.768261e+01 -1.205293e+00 
 3.768293e+01 -1.204924e+00 
 3.768325e+01 -1.205274e+00 
 3.768358e+01 -1.206892e+00 
 3.768390e+01 -1.209726e+00 
 3.768422e+01 -1.212318e+00 
 3.768455e+01 -1.214574e+00 
 3.768487e+01 -1.215372e+00 
 3.768519e+01 -1.213158e+00 
 3.768552e+01 -1.208258e+00 
 3.768584e+01 -1.202571e+00 
 3.768616e+01 -1.197661e+00 
 3.768648e+01 -1.192806e+00 
 3.768681e+01 -1.188554e+00 
 3.768713e+01 -1.185308e+00 
 3.768745e+01 -1.181686e+00 
 3.768778e+01 -1.178231e+00 
 3.768810e+01 -1.175949e+00 
 3.768842e+01 -1.174865e+00 
 3.768875e+01 -1.173613e+00 
 3.768907e+01 -1.172968e+00 
 3.768939e+01 -1.173160e+00 
 3.768971e+01 -1.172282e+00 
 3.769004e+01 -1.169739e+00 
 3.769036e+01 -1.167584e+00 
 3.769068e+01 -1.167078e+00 
 3.769101e+01 -1.167099e+00 
 3.769133e+01 -1.167893e+00 
 3.769165e+01 -1.174236e+00 
 3.769198e+01 -1.181555e+00 
 3.769230e+01 -1.187435e+00 
 3.769262e+01 -1.192629e+00 
 3.769294e+01 -1.198832e+00 
 3.769327e+01 -1.204752e+00 
 3.769359e+01 -1.207536e+00 
 3.769391e+01 -1.209170e+00 
 3.769424e+01 -1.210462e+00 
 3.769456e+01 -1.211040e+00 
 3.769488e+01 -1.210546e+00 
 3.769521e+01 -1.210864e+00 
 3.769553e+01 -1.211334e+00 
 3.769585e+01 -1.210213e+00 
 3.769617e+01 -1.207587e+00 
 3.769650e+01 -1.204352e+00 
 3.769682e+01 -1.201490e+00 
 3.769714e+01 -1.199643e+00 
 3.769747e+01 -1.199202e+00 
 3.769779e+01 -1.173554e+00 
 3.769811e+01 -1.174155e+00 
 3.769844e+01 -1.173968e+00 
 3.769876e+01 -1.173757e+00 
 3.769908e+01 -1.172324e+00 
 3.769940e+01 -1.169413e+00 
 3.769973e+01 -1.166037e+00 
 3.770005e+01 -1.162910e+00 
 3.770037e+01 -1.159621e+00 
 3.770070e+01 -1.157562e+00 
 3.770102e+01 -1.157263e+00 
 3.770134e+01 -1.158506e+00 
 3.770166e+01 -1.160220e+00 
 3.770199e+01 -1.162845e+00 
 3.770231e+01 -1.165014e+00 
 3.770263e+01 -1.164624e+00 
 3.770296e+01 -1.162832e+00 
 3.770328e+01 -1.162963e+00 
 3.770360e+01 -1.159746e+00 
 3.770393e+01 -1.162497e+00 
 3.770425e+01 -1.167377e+00 
 3.770457e+01 -1.174993e+00 
 3.770489e+01 -1.184320e+00 
 3.770522e+01 -1.194170e+00 
 3.770554e+01 -1.203972e+00 
 3.770586e+01 -1.211513e+00 
 3.770619e+01 -1.215676e+00 
 3.770651e+01 -1.218809e+00 
 3.770683e+01 -1.221296e+00 
 3.770716e+01 -1.223577e+00 
 3.770748e+01 -1.228609e+00 
 3.770780e+01 -1.235635e+00 
 3.770812e+01 -1.243585e+00 
 3.770845e+01 -1.252325e+00 
 3.770877e+01 -1.261927e+00 
 3.770909e+01 -1.271269e+00 
 3.770942e+01 -1.279200e+00 
 3.770974e+01 -1.284720e+00 
 3.771006e+01 -1.286512e+00 
 3.771039e+01 -1.284832e+00 
 3.771071e+01 -1.283021e+00 
 3.771103e+01 -1.281298e+00 
 3.771135e+01 -1.280229e+00 
 3.771168e+01 -1.278707e+00 
 3.771200e+01 -1.276791e+00 
 3.771232e+01 -1.274153e+00 
 3.771265e+01 -1.270574e+00 
 3.771297e+01 -1.265647e+00 
 3.771329e+01 -1.260292e+00 
 3.771362e+01 -1.253370e+00 
 3.771394e+01 -1.245196e+00 
 3.771426e+01 -1.235561e+00 
 3.771458e+01 -1.224430e+00 
 3.771491e+01 -1.211520e+00 
 3.771523e+01 -1.194808e+00 
 3.771555e+01 -1.182379e+00 
 3.771588e+01 -1.172964e+00 
 3.771620e+01 -1.166552e+00 
 3.771652e+01 -1.161827e+00 
 3.771685e+01 -1.159291e+00 
 3.771717e+01 -1.158185e+00 
 3.771749e+01 -1.158499e+00 
 3.771781e+01 -1.158825e+00 
 3.771814e+01 -1.158313e+00 
 3.771846e+01 -1.153045e+00 
 3.771878e+01 -1.148867e+00 
 3.771911e+01 -1.144578e+00 
 3.771943e+01 -1.142571e+00 
 3.771975e+01 -1.140069e+00 
 3.772008e+01 -1.142851e+00 
 3.772040e+01 -1.148018e+00 
 3.772072e+01 -1.155044e+00 
 3.772104e+01 -1.093059e+00 
 3.772137e+01 -1.099045e+00 
 3.772169e+01 -1.101337e+00 
 3.772201e+01 -1.105354e+00 
 3.772234e+01 -1.107389e+00 
 3.772266e+01 -1.109951e+00 
 3.772298e+01 -1.114388e+00 
 3.772331e+01 -1.120742e+00 
 3.772363e+01 -1.129561e+00 
 3.772395e+01 -1.140205e+00 
 3.772427e+01 -1.099507e+00 
 3.772460e+01 -1.107983e+00 
 3.772492e+01 -1.114864e+00 
 3.772524e+01 -1.119502e+00 
 3.772557e+01 -1.121307e+00 
 3.772589e+01 -1.121359e+00 
 3.772621e+01 -1.122263e+00 
 3.772654e+01 -1.123965e+00 
 3.772686e+01 -1.130737e+00 
 3.772718e+01 -1.142258e+00 
 3.772750e+01 -1.156644e+00 
 3.772783e+01 -1.170545e+00 
 3.772815e+01 -1.182279e+00 
 3.772847e+01 -1.191223e+00 
 3.772880e+01 -1.196434e+00 
 3.772912e+01 -1.198832e+00 
 3.772944e+01 -1.199950e+00 
 3.772977e+01 -1.200651e+00 
 3.773009e+01 -1.201244e+00 
 3.773041e+01 -1.203592e+00 
 3.773073e+01 -1.208592e+00 
 3.773106e+01 -1.215380e+00 
 3.773138e+01 -1.223289e+00 
 3.773170e+01 -1.232089e+00 
 3.773203e+01 -1.239307e+00 
 3.773235e+01 -1.244628e+00 
 3.773267e+01 -1.247853e+00 
 3.773300e+01 -1.249174e+00 
 3.773332e+01 -1.249369e+00 
 3.773364e+01 -1.249565e+00 
 3.773396e+01 -1.250444e+00 
 3.773429e+01 -1.252295e+00 
 3.773461e+01 -1.254757e+00 
 3.773493e+01 -1.258266e+00 
 3.773526e+01 -1.262366e+00 
 3.773558e+01 -1.266676e+00 
 3.773590e+01 -1.271082e+00 
 3.773623e+01 -1.275360e+00 
 3.773655e+01 -1.278187e+00 
 3.773687e+01 -1.278639e+00 
 3.773719e+01 -1.276798e+00 
 3.773752e+01 -1.274065e+00 
 3.773784e+01 -1.268320e+00 
 3.773816e+01 -1.263396e+00 
 3.773849e+01 -1.259327e+00 
 3.773881e+01 -1.256750e+00 
 3.773913e+01 -1.255258e+00 
 3.773946e+01 -1.228587e+00 
 3.773978e+01 -1.227151e+00 
 3.774010e+01 -1.226626e+00 
 3.774042e+01 -1.224861e+00 
 3.774075e+01 -1.221064e+00 
 3.774107e+01 -1.214827e+00 
 3.774139e+01 -1.207066e+00 
 3.774172e+01 -1.199599e+00 
 3.774204e+01 -1.193139e+00 
 3.774236e+01 -1.188106e+00 
 3.774268e+01 -1.184515e+00 
 3.774301e+01 -1.181194e+00 
 3.774333e+01 -1.178311e+00 
 3.774365e+01 -1.175835e+00 
 3.774398e+01 -1.172630e+00 
 3.774430e+01 -1.167222e+00 
 3.774462e+01 -1.159984e+00 
 3.774495e+01 -1.152212e+00 
 3.774527e+01 -1.144902e+00 
 3.774559e+01 -1.138914e+00 
 3.774591e+01 -1.134854e+00 
 3.774624e+01 -1.132325e+00 
 3.774656e+01 -1.131462e+00 
 3.774688e+01 -1.131615e+00 
 3.774721e+01 -1.131893e+00 
 3.774753e+01 -1.132815e+00 
 3.774785e+01 -1.133653e+00 
 3.774818e+01 -1.133819e+00 
 3.774850e+01 -1.132102e+00 
 3.774882e+01 -1.128995e+00 
 3.774914e+01 -1.126732e+00 
 3.774947e+01 -1.126496e+00 
 3.774979e+01 -1.129171e+00 
 3.775011e+01 -1.134692e+00 
 3.775044e+01 -1.141205e+00 
 3.775076e+01 -1.147591e+00 
 3.775108e+01 -1.153784e+00 
 3.775141e+01 -1.160117e+00 
 3.775173e+01 -1.166292e+00 
 3.775205e+01 -1.172193e+00 
 3.775237e+01 -1.179840e+00 
 3.775270e+01 -1.189592e+00 
 3.775302e+01 -1.200042e+00 
 3.775334e+01 -1.210505e+00 
 3.775367e+01 -1.220423e+00 
 3.775399e+01 -1.229857e+00 
 3.775431e+01 -1.238989e+00 
 3.775464e+01 -1.247843e+00 
 3.775496e+01 -1.255845e+00 
 3.775528e+01 -1.262276e+00 
 3.775560e+01 -1.267922e+00 
 3.775593e+01 -1.273378e+00 
 3.775625e+01 -1.279094e+00 
 3.775657e+01 -1.285105e+00 
 3.775690e+01 -1.290966e+00 
 3.775722e+01 -1.300690e+00 
 3.775754e+01 -1.313480e+00 
 3.775787e+01 -1.325817e+00 
 3.775819e+01 -1.337009e+00 
 3.775851e+01 -1.345870e+00 
 3.775883e+01 -1.348435e+00 
 3.775916e+01 -1.350804e+00 
 3.775948e+01 -1.351414e+00 
 3.775980e+01 -1.352964e+00 
 3.776013e+01 -1.353116e+00 
 3.776045e+01 -1.351455e+00 
 3.776077e+01 -1.348762e+00 
 3.776110e+01 -1.345590e+00 
 3.776142e+01 -1.342564e+00 
 3.776174e+01 -1.339540e+00 
 3.776206e+01 -1.336872e+00 
 3.776239e+01 -1.335254e+00 
 3.776271e+01 -1.334037e+00 
 3.776303e+01 -1.332005e+00 
 3.776336e+01 -1.328708e+00 
 3.776368e+01 -1.324004e+00 
 3.776400e+01 -1.318233e+00 
 3.776433e+01 -1.311603e+00 
 3.776465e+01 -1.304568e+00 
 3.776497e+01 -1.297291e+00 
 3.776529e+01 -1.283489e+00 
 3.776562e+01 -1.278516e+00 
 3.776594e+01 -1.275388e+00 
 3.776626e+01 -1.272092e+00 
 3.776659e+01 -1.266853e+00 
 3.776691e+01 -1.259455e+00 
 3.776723e+01 -1.252207e+00 
 3.776756e+01 -1.248179e+00 
 3.776788e+01 -1.244441e+00 
 3.776820e+01 -1.242199e+00 
 3.776852e+01 -1.240925e+00 
 3.776885e+01 -1.234936e+00 
 3.776917e+01 -1.231453e+00 
 3.776949e+01 -1.228630e+00 
 3.776982e+01 -1.226838e+00 
 3.777014e+01 -1.224188e+00 
 3.777046e+01 -1.218562e+00 
 3.777079e+01 -1.216918e+00 
 3.777111e+01 -1.216097e+00 
 3.777143e+01 -1.216856e+00 
 3.777175e+01 -1.219866e+00 
 3.777208e+01 -1.222772e+00 
 3.777240e+01 -1.229794e+00 
 3.777272e+01 -1.237888e+00 
 3.777305e+01 -1.245953e+00 
 3.777337e+01 -1.251889e+00 
 3.777369e+01 -1.248057e+00 
 3.777402e+01 -1.249254e+00 
 3.777434e+01 -1.249556e+00 
 3.777466e+01 -1.230695e+00 
 3.777498e+01 -1.233871e+00 
 3.777531e+01 -1.239747e+00 
 3.777563e+01 -1.247579e+00 
 3.777595e+01 -1.256369e+00 
 3.777628e+01 -1.247764e+00 
 3.777660e+01 -1.258411e+00 
 3.777692e+01 -1.268071e+00 
 3.777725e+01 -1.276272e+00 
 3.777757e+01 -1.284073e+00 
 3.777789e+01 -1.261577e+00 
 3.777821e+01 -1.268718e+00 
 3.777854e+01 -1.275367e+00 
 3.777886e+01 -1.281968e+00 
 3.777918e+01 -1.288562e+00 
 3.777951e+01 -1.295997e+00 
 3.777983e+01 -1.304661e+00 
 3.778015e+01 -1.313570e+00 
 3.778047e+01 -1.322586e+00 
 3.778080e+01 -1.331479e+00 
 3.778112e+01 -1.334004e+00 
 3.778144e+01 -1.345050e+00 
 3.778177e+01 -1.358349e+00 
 3.778209e+01 -1.370032e+00 
 3.778241e+01 -1.381469e+00 
 3.778274e+01 -1.393026e+00 
 3.778306e+01 -1.406457e+00 
 3.778338e+01 -1.422008e+00 
 3.778370e+01 -1.437076e+00 
 3.778403e+01 -1.450864e+00 
 3.778435e+01 -1.463871e+00 
 3.778467e+01 -1.475846e+00 
 3.778500e+01 -1.481684e+00 
 3.778532e+01 -1.491377e+00 
 3.778564e+01 -1.498339e+00 
 3.778597e+01 -1.501584e+00 
 3.778629e+01 -1.502641e+00 
 3.778661e+01 -1.500612e+00 
 3.778693e+01 -1.496802e+00 
 3.778726e+01 -1.493305e+00 
 3.778758e+01 -1.490559e+00 
 3.778790e+01 -1.489516e+00 
 3.778823e+01 -1.489079e+00 
 3.778855e+01 -1.487904e+00 
 3.778887e+01 -1.484587e+00 
 3.778920e+01 -1.478473e+00 
 3.778952e+01 -1.468953e+00 
 3.778984e+01 -1.457229e+00 
 3.779016e+01 -1.445743e+00 
 3.779049e+01 -1.435592e+00 
 3.779081e+01 -1.398549e+00 
 3.779113e+01 -1.389579e+00 
 3.779146e+01 -1.381562e+00 
 3.779178e+01 -1.374604e+00 
 3.779210e+01 -1.367383e+00 
 3.779243e+01 -1.358501e+00 
 3.779275e+01 -1.348271e+00 
 3.779307e+01 -1.336656e+00 
 3.779339e+01 -1.324311e+00 
 3.779372e+01 -1.312274e+00 
 3.779404e+01 -1.300726e+00 
 3.779436e+01 -1.284666e+00 
 3.779469e+01 -1.275697e+00 
 3.779501e+01 -1.266705e+00 
 3.779533e+01 -1.261640e+00 
 3.779566e+01 -1.236839e+00 
 3.779598e+01 -1.234113e+00 
 3.779630e+01 -1.211376e+00 
 3.779662e+01 -1.205973e+00 
 3.779695e+01 -1.203109e+00 
 3.779727e+01 -1.200161e+00 
 3.779759e+01 -1.196386e+00 
 3.779792e+01 -1.194070e+00 
 3.779824e+01 -1.190553e+00 
 3.779856e+01 -1.191155e+00 
 3.779889e+01 -1.191712e+00 
 3.779921e+01 -1.192036e+00 
 3.779953e+01 -1.192230e+00 
 3.779985e+01 -1.193052e+00 
 3.780018e+01 -1.195977e+00 
 3.780050e+01 -1.201436e+00 
 3.780082e+01 -1.208400e+00 
 3.780115e+01 -1.216716e+00 
 3.780147e+01 -1.225127e+00 
 3.780179e+01 -1.227812e+00 
 3.780212e+01 -1.235667e+00 
 3.780244e+01 -1.240892e+00 
 3.780276e+01 -1.242717e+00 
 3.780308e+01 -1.244169e+00 
 3.780341e+01 -1.247944e+00 
 3.780373e+01 -1.252877e+00 
 3.780405e+01 -1.257819e+00 
 3.780438e+01 -1.264516e+00 
 3.780470e+01 -1.272375e+00 
 3.780502e+01 -1.280238e+00 
 3.780535e+01 -1.288831e+00 
 3.780567e+01 -1.298619e+00 
 3.780599e+01 -1.308141e+00 
 3.780631e+01 -1.315725e+00 
 3.780664e+01 -1.322528e+00 
 3.780696e+01 -1.329238e+00 
 3.780728e+01 -1.334576e+00 
 3.780761e+01 -1.336946e+00 
 3.780793e+01 -1.339181e+00 
 3.780825e+01 -1.342089e+00 
 3.780858e+01 -1.346107e+00 
 3.780890e+01 -1.350750e+00 
 3.780922e+01 -1.356173e+00 
 3.780954e+01 -1.361180e+00 
 3.780987e+01 -1.364976e+00 
 3.781019e+01 -1.368304e+00 
 3.781051e+01 -1.369977e+00 
 3.781084e+01 -1.369259e+00 
 3.781116e+01 -1.366027e+00 
 3.781148e+01 -1.360019e+00 
 3.781181e+01 -1.352085e+00 
 3.781213e+01 -1.343873e+00 
 3.781245e+01 -1.333143e+00 
 3.781277e+01 -1.321075e+00 
 3.781310e+01 -1.309505e+00 
 3.781342e+01 -1.300439e+00 
 3.781374e+01 -1.292494e+00 
 3.781407e+01 -1.284372e+00 
 3.781439e+01 -1.274572e+00 
 3.781471e+01 -1.263552e+00 
 3.781503e+01 -1.248366e+00 
 3.781536e+01 -1.228241e+00 
 3.781568e+01 -1.207533e+00 
 3.781600e+01 -1.184760e+00 
 3.781633e+01 -1.157613e+00 
 3.781665e+01 -1.129801e+00 
 3.781697e+01 -1.104465e+00 
 3.781730e+01 -1.083980e+00 
 3.781762e+01 -1.062966e+00 
 3.781794e+01 -1.041218e+00 
 3.781826e+01 -1.020476e+00 
 3.781859e+01 -1.001895e+00 
 3.781891e+01 -9.848716e-01 
 3.781923e+01 -9.682619e-01 
 3.781956e+01 -9.401391e-01 
 3.781988e+01 -9.036806e-01 
 3.782020e+01 -8.888261e-01 
 3.782053e+01 -8.739755e-01 
 3.782085e+01 -8.579827e-01 
 3.782117e+01 -8.427778e-01 
 3.782149e+01 -8.281824e-01 
 3.782182e+01 -8.156326e-01 
 3.782214e+01 -8.054290e-01 
 3.782246e+01 -7.968372e-01 
 3.782279e+01 -7.898785e-01 
 3.782311e+01 -7.851055e-01 
 3.782343e+01 -7.647077e-01 
 3.782376e+01 -7.645844e-01 
 3.782408e+01 -7.675090e-01 
 3.782440e+01 -7.704247e-01 
 3.782472e+01 -7.675753e-01 
 3.782505e+01 -7.630279e-01 
 3.782537e+01 -7.584603e-01 
 3.782569e+01 -7.541545e-01 
 3.782602e+01 -7.521786e-01 
 3.782634e+01 -7.522049e-01 
 3.782666e+01 -7.517545e-01 
 3.782699e+01 -7.533989e-01 
 3.782731e+01 -7.551793e-01 
 3.782763e+01 -7.551962e-01 
 3.782795e+01 -7.534322e-01 
 3.782828e+01 -7.505221e-01 
 3.782860e+01 -7.276559e-01 
 3.782892e+01 -7.229340e-01 
 3.782925e+01 -7.180257e-01 
 3.782957e+01 -7.133562e-01 
 3.782989e+01 -7.088953e-01 
 3.783022e+01 -7.044203e-01 
 3.783054e+01 -7.007112e-01 
 3.783086e+01 -6.983046e-01 
 3.783118e+01 -6.962466e-01 
 3.783151e+01 -6.940380e-01 
 3.783183e+01 -6.917620e-01 
 3.783215e+01 -6.876342e-01 
 3.783248e+01 -6.808652e-01 
 3.783280e+01 -6.714624e-01 
 3.783312e+01 -6.607032e-01 
 3.783345e+01 -6.490563e-01 
 3.783377e+01 -6.372758e-01 
 3.783409e+01 -6.258499e-01 
 3.783441e+01 -6.148823e-01 
 3.783474e+01 -6.042455e-01 
 3.783506e+01 -5.938934e-01 
 3.783538e+01 -5.828433e-01 
 3.783571e+01 -5.697176e-01 
 3.783603e+01 -5.561429e-01 
 3.783635e+01 -5.418477e-01 
 3.783668e+01 -5.256706e-01 
 3.783700e+01 -5.084414e-01 
 3.783732e+01 -4.891363e-01 
 3.783764e+01 -4.664382e-01 
 3.783797e+01 -4.424249e-01 
 3.783829e+01 -4.178530e-01 
 3.783861e+01 -3.990509e-01 
 3.783894e+01 -3.823785e-01 
 3.783926e+01 -3.665081e-01 
 3.783958e+01 -3.556431e-01 
 3.783991e+01 -3.440586e-01 
 3.784023e+01 -3.415152e-01 
 3.784055e+01 -3.271262e-01 
 3.784087e+01 -3.087024e-01 
 3.784120e+01 -2.915912e-01 
 3.784152e+01 -2.732832e-01 
 3.784184e+01 -2.575450e-01 
 3.784217e+01 -2.487859e-01 
 3.784249e+01 -2.382751e-01 
 3.784281e+01 -2.377218e-01 
 3.784314e+01 -2.329180e-01 
 3.784346e+01 -2.310625e-01 
 3.784378e+01 -2.423341e-01 
 3.784410e+01 -2.409131e-01 
 3.784443e+01 -2.396849e-01 
 3.784475e+01 -2.385040e-01 
 3.784507e+01 -2.374359e-01 
 3.784540e+01 -2.353201e-01 
 3.784572e+01 -2.356480e-01 
 3.784604e+01 -2.369123e-01 
 3.784637e+01 -2.153877e-01 
 3.784669e+01 -2.214123e-01 
 3.784701e+01 -2.232188e-01 
 3.784733e+01 -1.996580e-01 
 3.784766e+01 -2.023720e-01 
 3.784798e+01 -2.053738e-01 
 3.784830e+01 -2.098409e-01 
 3.784863e+01 -2.176162e-01 
 3.784895e+01 -2.261923e-01 
 3.784927e+01 -2.372885e-01 
 3.784960e+01 -2.510740e-01 
 3.784992e+01 -2.667333e-01 
 3.785024e+01 -2.830553e-01 
 3.785056e+01 -2.996299e-01 
 3.785089e+01 -3.164232e-01 
 3.785121e+01 -3.329800e-01 
 3.785153e+01 -3.503855e-01 
 3.785186e+01 -3.680585e-01 
 3.785218e+01 -3.859939e-01 
 3.785250e+01 -4.039860e-01 
 3.785282e+01 -4.216577e-01 
 3.785315e+01 -4.382339e-01 
 3.785347e+01 -4.568178e-01 
 3.785379e+01 -4.766626e-01 
 3.785412e+01 -4.981702e-01 
 3.785444e+01 -5.210851e-01 
 3.785476e+01 -5.451399e-01 
 3.785509e+01 -5.681122e-01 
 3.785541e+01 -5.883039e-01 
 3.785573e+01 -6.076196e-01 
 3.785605e+01 -6.265775e-01 
 3.785638e+01 -6.437771e-01 
 3.785670e+01 -6.596042e-01 
 3.785702e+01 -6.764714e-01 
 3.785735e+01 -6.952692e-01 
 3.785767e+01 -7.159404e-01 
 3.785799e+01 -7.369400e-01 
 3.785832e+01 -7.580279e-01 
 3.785864e+01 -7.787102e-01 
 3.785896e+01 -7.992497e-01 
 3.785928e+01 -8.182425e-01 
 3.785961e+01 -8.352408e-01 
 3.785993e+01 -8.507526e-01 
 3.786025e+01 -8.645877e-01 
 3.786058e+01 -8.767612e-01 
 3.786090e+01 -8.869868e-01 
 3.786122e+01 -8.993809e-01 
 3.786155e+01 -9.075667e-01 
 3.786187e+01 -9.219637e-01 
 3.786219e+01 -9.282157e-01 
 3.786251e+01 -9.441925e-01 
 3.786284e+01 -9.594905e-01 
 3.786316e+01 -9.725940e-01 
 3.786348e+01 -9.634113e-01 
 3.786381e+01 -9.703934e-01 
 3.786413e+01 -9.763497e-01 
 3.786445e+01 -9.824221e-01 
 3.786478e+01 -9.896411e-01 
 3.786510e+01 -9.982845e-01 
 3.786542e+01 -1.001743e+00 
 3.786574e+01 -1.011874e+00 
 3.786607e+01 -1.022648e+00 
 3.786639e+01 -1.033568e+00 
 3.786671e+01 -1.045157e+00 
 3.786704e+01 -1.056558e+00 
 3.786736e+01 -1.067750e+00 
 3.786768e+01 -1.082806e+00 
 3.786801e+01 -1.099283e+00 
 3.786833e+01 -1.115286e+00 
 3.786865e+01 -1.130616e+00 
 3.786897e+01 -1.145540e+00 
 3.786930e+01 -1.160002e+00 
 3.786962e+01 -1.173751e+00 
 3.786994e+01 -1.186910e+00 
 3.787027e+01 -1.199426e+00 
 3.787059e+01 -1.211021e+00 
 3.787091e+01 -1.220682e+00 
 3.787124e+01 -1.227849e+00 
 3.787156e+01 -1.235472e+00 
 3.787188e+01 -1.244325e+00 
 3.787220e+01 -1.253282e+00 
 3.787253e+01 -1.263640e+00 
 3.787285e+01 -1.274419e+00 
 3.787317e+01 -1.284435e+00 
 3.787350e+01 -1.290310e+00 
 3.787382e+01 -1.297732e+00 
 3.787414e+01 -1.303502e+00 
 3.787447e+01 -1.307877e+00 
 3.787479e+01 -1.311295e+00 
 3.787511e+01 -1.314184e+00 
 3.787543e+01 -1.316627e+00 
 3.787576e+01 -1.317499e+00 
 3.787608e+01 -1.317542e+00 
 3.787640e+01 -1.315549e+00 
 3.787673e+01 -1.315112e+00 
 3.787705e+01 -1.312399e+00 
 3.787737e+01 -1.312353e+00 
 3.787770e+01 -1.313221e+00 
 3.787802e+01 -1.313332e+00 
 3.787834e+01 -1.311869e+00 
 3.787866e+01 -1.307200e+00 
 3.787899e+01 -1.300996e+00 
 3.787931e+01 -1.299596e+00 
 3.787963e+01 -1.302126e+00 
 3.787996e+01 -1.306493e+00 
 3.788028e+01 -1.311890e+00 
 3.788060e+01 -1.318830e+00 
 3.788093e+01 -1.327918e+00 
 3.788125e+01 -1.336527e+00 
 3.788157e+01 -1.344037e+00 
 3.788189e+01 -1.349575e+00 
 3.788222e+01 -1.334365e+00 
 3.788254e+01 -1.339990e+00 
 3.788286e+01 -1.345250e+00 
 3.788319e+01 -1.348990e+00 
 3.788351e+01 -1.351834e+00 
 3.788383e+01 -1.330009e+00 
 3.788416e+01 -1.305658e+00 
 3.788448e+01 -1.307390e+00 
 3.788480e+01 -1.309605e+00 
 3.788512e+01 -1.311628e+00 
 3.788545e+01 -1.312344e+00 
 3.788577e+01 -1.292975e+00 
 3.788609e+01 -1.293136e+00 
 3.788642e+01 -1.290996e+00 
 3.788674e+01 -1.291071e+00 
 3.788706e+01 -1.290830e+00 
 3.788739e+01 -1.263957e+00 
 3.788771e+01 -1.264800e+00 
 3.788803e+01 -1.265201e+00 
 3.788835e+01 -1.264286e+00 
 3.788868e+01 -1.261187e+00 
 3.788900e+01 -1.255588e+00 
 3.788932e+01 -1.247557e+00 
 3.788965e+01 -1.238583e+00 
 3.788997e+01 -1.226565e+00 
 3.789029e+01 -1.217476e+00 
 3.789062e+01 -1.209441e+00 
 3.789094e+01 -1.199047e+00 
 3.789126e+01 -1.192472e+00 
 3.789158e+01 -1.185872e+00 
 3.789191e+01 -1.178160e+00 
 3.789223e+01 -1.169675e+00 
 3.789255e+01 -1.161040e+00 
 3.789288e+01 -1.152873e+00 
 3.789320e+01 -1.144721e+00 
 3.789352e+01 -1.135879e+00 
 3.789384e+01 -1.126350e+00 
 3.789417e+01 -1.116881e+00 
 3.789449e+01 -1.108746e+00 
 3.789481e+01 -1.102850e+00 
 3.789514e+01 -1.099054e+00 
 3.789546e+01 -1.096194e+00 
 3.789578e+01 -1.092861e+00 
 3.789611e+01 -1.088516e+00 
 3.789643e+01 -1.083950e+00 
 3.789675e+01 -1.079554e+00 
 3.789707e+01 -1.075756e+00 
 3.789740e+01 -1.072947e+00 
 3.789772e+01 -1.071592e+00 
 3.789804e+01 -1.071820e+00 
 3.789837e+01 -1.072563e+00 
 3.789869e+01 -1.073306e+00 
 3.789901e+01 -1.073892e+00 
 3.789934e+01 -1.073985e+00 
 3.789966e+01 -1.073709e+00 
 3.789998e+01 -1.073357e+00 
 3.790030e+01 -1.073074e+00 
 3.790063e+01 -1.072179e+00 
 3.790095e+01 -1.070716e+00 
 3.790127e+01 -1.069425e+00 
 3.790160e+01 -1.068080e+00 
 3.790192e+01 -1.067170e+00 
 3.790224e+01 -1.068340e+00 
 3.790257e+01 -1.071802e+00 
 3.790289e+01 -1.075936e+00 
 3.790321e+01 -1.080762e+00 
 3.790353e+01 -1.087267e+00 
 3.790386e+01 -1.093125e+00 
 3.790418e+01 -1.097146e+00 
 3.790450e+01 -1.100868e+00 
 3.790483e+01 -1.103839e+00 
 3.790515e+01 -1.103658e+00 
 3.790547e+01 -1.103834e+00 
 3.790580e+01 -1.105734e+00 
 3.790612e+01 -1.109117e+00 
 3.790644e+01 -1.108422e+00 
 3.790676e+01 -1.113980e+00 
 3.790709e+01 -1.088782e+00 
 3.790741e+01 -1.093444e+00 
 3.790773e+01 -1.091751e+00 
 3.790806e+01 -1.095046e+00 
 3.790838e+01 -1.095566e+00 
 3.790870e+01 -1.094829e+00 
 3.790903e+01 -1.094675e+00 
 3.790935e+01 -1.086051e+00 
 3.790967e+01 -1.088795e+00 
 3.790999e+01 -1.093754e+00 
 3.791032e+01 -1.101817e+00 
 3.791064e+01 -1.111232e+00 
 3.791096e+01 -1.121102e+00 
 3.791129e+01 -1.131050e+00 
 3.791161e+01 -1.139710e+00 
 3.791193e+01 -1.146242e+00 
 3.791226e+01 -1.151383e+00 
 3.791258e+01 -1.156634e+00 
 3.791290e+01 -1.162267e+00 
 3.791322e+01 -1.169582e+00 
 3.791355e+01 -1.177663e+00 
 3.791387e+01 -1.186428e+00 
 3.791419e+01 -1.194971e+00 
 3.791452e+01 -1.202622e+00 
 3.791484e+01 -1.210264e+00 
 3.791516e+01 -1.218396e+00 
 3.791549e+01 -1.226176e+00 
 3.791581e+01 -1.233308e+00 
 3.791613e+01 -1.238802e+00 
 3.791645e+01 -1.243077e+00 
 3.791678e+01 -1.245942e+00 
 3.791710e+01 -1.249313e+00 
 3.791742e+01 -1.253611e+00 
 3.791775e+01 -1.259560e+00 
 3.791807e+01 -1.265737e+00 
 3.791839e+01 -1.272073e+00 
 3.791872e+01 -1.277941e+00 
 3.791904e+01 -1.283265e+00 
 3.791936e+01 -1.287650e+00 
 3.791968e+01 -1.290813e+00 
 3.792001e+01 -1.292797e+00 
 3.792033e+01 -1.294113e+00 
 3.792065e+01 -1.295139e+00 
 3.792098e+01 -1.295813e+00 
 3.792130e+01 -1.295575e+00 
 3.792162e+01 -1.294833e+00 
 3.792195e+01 -1.293877e+00 
 3.792227e+01 -1.293255e+00 
 3.792259e+01 -1.294430e+00 
 3.792291e+01 -1.291591e+00 
 3.792324e+01 -1.291483e+00 
 3.792356e+01 -1.274872e+00 
 3.792388e+01 -1.269954e+00 
 3.792421e+01 -1.262733e+00 
 3.792453e+01 -1.252931e+00 
 3.792485e+01 -1.241928e+00 
 3.792518e+01 -1.214156e+00 
 3.792550e+01 -1.203522e+00 
 3.792582e+01 -1.192878e+00 
 3.792614e+01 -1.156628e+00 
 3.792647e+01 -1.148935e+00 
 3.792679e+01 -1.142166e+00 
 3.792711e+01 -1.135321e+00 
 3.792744e+01 -1.130060e+00 
 3.792776e+01 -1.125143e+00 
 3.792808e+01 -1.119598e+00 
 3.792841e+01 -1.110308e+00 
 3.792873e+01 -1.101774e+00 
 3.792905e+01 -1.095812e+00 
 3.792937e+01 -1.089890e+00 
 3.792970e+01 -1.084539e+00 
 3.793002e+01 -1.080171e+00 
 3.793034e+01 -1.075579e+00 
 3.793067e+01 -1.071696e+00 
 3.793099e+01 -1.068970e+00 
 3.793131e+01 -1.066752e+00 
 3.793163e+01 -1.065025e+00 
 3.793196e+01 -1.037539e+00 
 3.793228e+01 -1.036696e+00 
 3.793260e+01 -1.033014e+00 
 3.793293e+01 -1.036584e+00 
 3.793325e+01 -1.041051e+00 
 3.793357e+01 -1.045282e+00 
 3.793390e+01 -1.049827e+00 
 3.793422e+01 -1.054536e+00 
 3.793454e+01 -1.059009e+00 
 3.793486e+01 -1.064316e+00 
 3.793519e+01 -1.072129e+00 
 3.793551e+01 -1.082389e+00 
 3.793583e+01 -1.094508e+00 
 3.793616e+01 -1.107783e+00 
 3.793648e+01 -1.121060e+00 
 3.793680e+01 -1.131641e+00 
 3.793713e+01 -1.139557e+00 
 3.793745e+01 -1.147284e+00 
 3.793777e+01 -1.155427e+00 
 3.793809e+01 -1.162343e+00 
 3.793842e+01 -1.167241e+00 
 3.793874e+01 -1.170879e+00 
 3.793906e+01 -1.173218e+00 
 3.793939e+01 -1.172261e+00 
 3.793971e+01 -1.170401e+00 
 3.794003e+01 -1.167323e+00 
 3.794036e+01 -1.161374e+00 
 3.794068e+01 -1.157160e+00 
 3.794100e+01 -1.148915e+00 
 3.794132e+01 -1.139957e+00 
 3.794165e+01 -1.129954e+00 
 3.794197e+01 -1.132992e+00 
 3.794229e+01 -1.123534e+00 
 3.794262e+01 -1.115013e+00 
 3.794294e+01 -1.107152e+00 
 3.794326e+01 -1.097414e+00 
 3.794359e+01 -1.085372e+00 
 3.794391e+01 -1.070931e+00 
 3.794423e+01 -1.054976e+00 
 3.794455e+01 -1.031848e+00 
 3.794488e+01 -1.019929e+00 
 3.794520e+01 -1.002482e+00 
 3.794552e+01 -9.935758e-01 
 3.794585e+01 -9.858446e-01 
 3.794617e+01 -9.779099e-01 
 3.794649e+01 -9.710652e-01 
 3.794682e+01 -9.650002e-01 
 3.794714e+01 -9.596877e-01 
 3.794746e+01 -9.530000e-01 
 3.794778e+01 -9.471255e-01 
 3.794811e+01 -9.438062e-01 
 3.794843e+01 -9.402348e-01 
 3.794875e+01 -9.360033e-01 
 3.794908e+01 -9.307497e-01 
 3.794940e+01 -9.251815e-01 
 3.794972e+01 -9.195526e-01 
 3.795005e+01 -9.146853e-01 
 3.795037e+01 -9.112308e-01 
 3.795069e+01 -9.083051e-01 
 3.795101e+01 -9.066918e-01 
 3.795134e+01 -9.055553e-01 
 3.795166e+01 -9.054310e-01 
 3.795198e+01 -9.061489e-01 
 3.795231e+01 -9.049131e-01 
 3.795263e+01 -9.009268e-01 
 3.795295e+01 -8.990412e-01 
 3.795328e+01 -8.986572e-01 
 3.795360e+01 -8.987143e-01 
 3.795392e+01 -8.989279e-01 
 3.795424e+01 -9.049227e-01 
 3.795457e+01 -9.077117e-01 
 3.795489e+01 -9.119793e-01 
 3.795521e+01 -9.173297e-01 
 3.795554e+01 -9.225354e-01 
 3.795586e+01 -9.269202e-01 
 3.795618e+01 -9.293363e-01 
 3.795651e+01 -9.299265e-01 
 3.795683e+01 -9.293783e-01 
 3.795715e+01 -9.280246e-01 
 3.795747e+01 -9.243510e-01 
 3.795780e+01 -9.218698e-01 
 3.795812e+01 -9.222294e-01 
 3.795844e+01 -9.261181e-01 
 3.795877e+01 -9.313141e-01 
 3.795909e+01 -9.378185e-01 
 3.795941e+01 -9.422075e-01 
 3.795974e+01 -9.457015e-01 
 3.796006e+01 -9.475653e-01 
 3.796038e+01 -9.448661e-01 
 3.796070e+01 -9.405418e-01 
 3.796103e+01 -9.352965e-01 
 3.796135e+01 -9.308856e-01 
 3.796167e+01 -9.286772e-01 
 3.796200e+01 -9.277626e-01 
 3.796232e+01 -9.329176e-01 
 3.796264e+01 -9.365877e-01 
 3.796297e+01 -9.382547e-01 
 3.796329e+01 -9.417514e-01 
 3.796361e+01 -9.481960e-01 
 3.796393e+01 -9.807516e-01 
 3.796426e+01 -9.860874e-01 
 3.796458e+01 -9.890821e-01 
 3.796490e+01 -9.898715e-01 
 3.796523e+01 -1.004359e+00 
 3.796555e+01 -1.002158e+00 
 3.796587e+01 -9.967981e-01 
 3.796620e+01 -9.889958e-01 
 3.796652e+01 -9.791900e-01 
 3.796684e+01 -9.686718e-01 
 3.796716e+01 -9.577479e-01 
 3.796749e+01 -9.449571e-01 
 3.796781e+01 -9.305534e-01 
 3.796813e+01 -9.156502e-01 
 3.796846e+01 -9.006067e-01 
 3.796878e+01 -8.855279e-01 
 3.796910e+01 -8.689108e-01 
 3.796942e+01 -8.533866e-01 
 3.796975e+01 -8.367266e-01 
 3.797007e+01 -8.102185e-01 
 3.797039e+01 -7.921630e-01 
 3.797072e+01 -7.710573e-01 
 3.797104e+01 -7.510388e-01 
 3.797136e+01 -7.311231e-01 
 3.797169e+01 -7.127346e-01 
 3.797201e+01 -6.963133e-01 
 3.797233e+01 -6.791684e-01 
 3.797265e+01 -6.600680e-01 
 3.797298e+01 -6.404971e-01 
 3.797330e+01 -6.213404e-01 
 3.797362e+01 -6.023418e-01 
 3.797395e+01 -5.842137e-01 
 3.797427e+01 -5.677038e-01 
 3.797459e+01 -5.512350e-01 
 3.797492e+01 -5.341479e-01 
 3.797524e+01 -5.223300e-01 
 3.797556e+01 -5.081210e-01 
 3.797588e+01 -4.947098e-01 
 3.797621e+01 -4.827092e-01 
 3.797653e+01 -4.720597e-01 
 3.797685e+01 -4.629187e-01 
 3.797718e+01 -4.554698e-01 
 3.797750e+01 -4.475607e-01 
 3.797782e+01 -4.392719e-01 
 3.797815e+01 -4.293458e-01 
 3.797847e+01 -4.204177e-01 
 3.797879e+01 -4.141067e-01 
 3.797911e+01 -4.096137e-01 
 3.797944e+01 -4.065617e-01 
 3.797976e+01 -4.074699e-01 
 3.798008e+01 -4.073781e-01 
 3.798041e+01 -4.087547e-01 
 3.798073e+01 -4.109832e-01 
 3.798105e+01 -4.145306e-01 
 3.798138e+01 -4.160134e-01 
 3.798170e+01 -4.167064e-01 
 3.798202e+01 -4.164113e-01 
 3.798234e+01 -4.144766e-01 
 3.798267e+01 -4.106025e-01 
 3.798299e+01 -4.054689e-01 
 3.798331e+01 -4.012919e-01 
 3.798364e+01 -3.984807e-01 
 3.798396e+01 -3.991146e-01 
 3.798428e+01 -4.030076e-01 
 3.798461e+01 -4.073464e-01 
 3.798493e+01 -4.103535e-01 
 3.798525e+01 -4.113077e-01 
 3.798557e+01 -4.102655e-01 
 3.798590e+01 -4.075549e-01 
 3.798622e+01 -4.035782e-01 
 3.798654e+01 -3.980642e-01 
 3.798687e+01 -3.924457e-01 
 3.798719e+01 -3.881658e-01 
 3.798751e+01 -3.849821e-01 
 3.798784e+01 -3.820886e-01 
 3.798816e+01 -3.800329e-01 
 3.798848e+01 -3.794079e-01 
 3.798880e+01 -3.790955e-01 
 3.798913e+01 -3.796841e-01 
 3.798945e+01 -3.805964e-01 
 3.798977e+01 -3.804260e-01 
 3.799010e+01 -3.788771e-01 
 3.799042e+01 -3.751847e-01 
 3.799074e+01 -3.705959e-01 
 3.799107e+01 -3.659252e-01 
 3.799139e+01 -3.620837e-01 
 3.799171e+01 -3.598548e-01 
 3.799203e+01 -3.584889e-01 
 3.799236e+01 -3.575077e-01 
 3.799268e+01 -3.563346e-01 
 3.799300e+01 -3.550524e-01 
 3.799333e+01 -3.534796e-01 
 3.799365e+01 -3.524604e-01 
 3.799397e+01 -3.510447e-01 
 3.799430e+01 -3.485768e-01 
 3.799462e+01 -3.452334e-01 
 3.799494e+01 -3.415439e-01 
 3.799526e+01 -3.380993e-01 
 3.799559e+01 -3.338499e-01 
 3.799591e+01 -3.294330e-01 
 3.799623e+01 -3.264141e-01 
 3.799656e+01 -3.247026e-01 
 3.799688e+01 -3.234061e-01 
 3.799720e+01 -3.216951e-01 
 3.799753e+01 -3.198922e-01 
 3.799785e+01 -3.192143e-01 
 3.799817e+01 -3.176105e-01 
 3.799849e+01 -3.170386e-01 
 3.799882e+01 -3.146970e-01 
 3.799914e+01 -3.158086e-01 
 3.799946e+01 -3.185424e-01 
 3.799979e+01 -3.214908e-01 
 3.800011e+01 -3.250312e-01 
 3.800043e+01 -3.270363e-01 
 3.800075e+01 -3.287050e-01 
 3.800108e+01 -3.277315e-01 
 3.800140e+01 -3.274489e-01 
 3.800172e+01 -3.250431e-01 
 3.800205e+01 -3.247112e-01 
 3.800237e+01 -3.211882e-01 
 3.800269e+01 -3.226562e-01 
 3.800302e+01 -3.201081e-01 
 3.800334e+01 -3.189140e-01 
 3.800366e+01 -3.186808e-01 
 3.800398e+01 -3.192747e-01 
 3.800431e+01 -3.212048e-01 
 3.800463e+01 -3.231337e-01 
 3.800495e+01 -3.250846e-01 
 3.800528e+01 -3.247947e-01 
 3.800560e+01 -3.240246e-01 
 3.800592e+01 -3.213921e-01 
 3.800625e+01 -3.196296e-01 
 3.800657e+01 -3.179030e-01 
 3.800689e+01 -3.185314e-01 
 3.800721e+01 -3.187750e-01 
 3.800754e+01 -3.198224e-01 
 3.800786e+01 -3.206655e-01 
 3.800818e+01 -3.229196e-01 
 3.800851e+01 -3.240504e-01 
 3.800883e+01 -3.245884e-01 
 3.800915e+01 -3.236930e-01 
 3.800948e+01 -3.233132e-01 
 3.800980e+01 -3.231581e-01 
 3.801012e+01 -3.225475e-01 
 3.801044e+01 -3.206131e-01 
 3.801077e+01 -3.167552e-01 
 3.801109e+01 -3.126215e-01 
 3.801141e+01 -3.079323e-01 
 3.801174e+01 -3.031592e-01 
 3.801206e+01 -2.997058e-01 
 3.801238e+01 -2.976508e-01 
 3.801271e+01 -2.932548e-01 
 3.801303e+01 -2.897361e-01 
 3.801335e+01 -2.863766e-01 
 3.801367e+01 -2.834916e-01 
 3.801400e+01 -2.802730e-01 
 3.801432e+01 -2.777302e-01 
 3.801464e+01 -2.748854e-01 
 3.801497e+01 -2.725222e-01 
 3.801529e+01 -2.701528e-01 
 3.801561e+01 -2.689034e-01 
 3.801594e+01 -2.663490e-01 
 3.801626e+01 -2.630691e-01 
 3.801658e+01 -2.608727e-01 
 3.801690e+01 -2.588272e-01 
 3.801723e+01 -2.561406e-01 
 3.801755e+01 -2.515381e-01 
 3.801787e+01 -2.459114e-01 
 3.801820e+01 -2.358860e-01 
 3.801852e+01 -2.239779e-01 
 3.801884e+01 -2.113581e-01 
 3.801917e+01 -1.985858e-01 
 3.801949e+01 -1.848027e-01 
 3.801981e+01 -1.706765e-01 
 3.802013e+01 -1.554382e-01 
 3.802046e+01 -1.376500e-01 
 3.802078e+01 -1.176705e-01 
 3.802110e+01 -9.798223e-02 
 3.802143e+01 -7.854018e-02 
 3.802175e+01 -5.825323e-02 
 3.802207e+01 -3.793234e-02 
 3.802240e+01 -1.777024e-02 
 3.802272e+01  4.447872e-03 
 3.802304e+01  2.681850e-02 
 3.802336e+01  4.872978e-02 
 3.802369e+01  6.914684e-02 
 3.802401e+01  8.791096e-02 
 3.802433e+01  1.062956e-01 
 3.802466e+01  1.187526e-01 
 3.802498e+01  1.248787e-01 
 3.802530e+01  1.358989e-01 
 3.802563e+01  1.474313e-01 
 3.802595e+01  1.579403e-01 
 3.802627e+01  1.682540e-01 
 3.802659e+01  1.638995e-01 
 3.802692e+01  1.485797e-01 
 3.802724e+01  1.584143e-01 
 3.802756e+01  1.690319e-01 
 3.802789e+01  1.791266e-01 
 3.802821e+01  1.879834e-01 
 3.802853e+01  1.922433e-01 
 3.802885e+01  1.982648e-01 
 3.802918e+01  2.045888e-01 
 3.802950e+01  2.106046e-01 
 3.802982e+01  2.151134e-01 
 3.803015e+01  2.254174e-01 
 3.803047e+01  2.363137e-01 
 3.803079e+01  2.471291e-01 
 3.803112e+01  2.548930e-01 
 3.803144e+01  2.686128e-01 
 3.803176e+01  2.794490e-01 
 3.803208e+01  2.771766e-01 
 3.803241e+01  2.788324e-01 
 3.803273e+01  2.790714e-01 
 3.803305e+01  2.775531e-01 
 3.803338e+01  2.519838e-01 
 3.803370e+01  2.509697e-01 
 3.803402e+01  2.491856e-01 
 3.803435e+01  2.285646e-01 
 3.803467e+01  2.092069e-01 
 3.803499e+01  2.102159e-01 
 3.803531e+01  2.129167e-01 
 3.803564e+01  2.171640e-01 
 3.803596e+01  2.208614e-01 
 3.803628e+01  2.253791e-01 
 3.803661e+01  2.315593e-01 
 3.803693e+01  2.378230e-01 
 3.803725e+01  2.435237e-01 
 3.803758e+01  2.496191e-01 
 3.803790e+01  2.555270e-01 
 3.803822e+01  2.605502e-01 
 3.803854e+01  2.644199e-01 
 3.803887e+01  2.682523e-01 
 3.803919e+01  2.749414e-01 
 3.803951e+01  2.835297e-01 
 3.803984e+01  2.923163e-01 
 3.804016e+01  3.007872e-01 
 3.804048e+01  3.090569e-01 
 3.804081e+01  3.163225e-01 
 3.804113e+01  3.227239e-01 
 3.804145e+01  3.272685e-01 
 3.804177e+01  3.285026e-01 
 3.804210e+01  3.268426e-01 
 3.804242e+01  3.216967e-01 
 3.804274e+01  3.171581e-01 
 3.804307e+01  3.097455e-01 
 3.804339e+01  3.025952e-01 
 3.804371e+01  2.960422e-01 
 3.804404e+01  2.893998e-01 
 3.804436e+01  2.438060e-01 
 3.804468e+01  2.385360e-01 
 3.804500e+01  2.322791e-01 
 3.804533e+01  2.257146e-01 
 3.804565e+01  2.184631e-01 
 3.804597e+01  2.113002e-01 
 3.804630e+01  2.045249e-01 
 3.804662e+01  2.001882e-01 
 3.804694e+01  1.972999e-01 
 3.804727e+01  1.957142e-01 
 3.804759e+01  1.935676e-01 
 3.804791e+01  1.923571e-01 
 3.804823e+01  1.907683e-01 
 3.804856e+01  1.874289e-01 
 3.804888e+01  1.842827e-01 
 3.804920e+01  1.803452e-01 
 3.804953e+01  1.748532e-01 
 3.804985e+01  1.678110e-01 
 3.805017e+01  1.613660e-01 
 3.805050e+01  1.538261e-01 
 3.805082e+01  1.462979e-01 
 3.805114e+01  1.387779e-01 
 3.805146e+01  1.311672e-01 
 3.805179e+01  1.226565e-01 
 3.805211e+01  1.132549e-01 
 3.805243e+01  1.029999e-01 
 3.805276e+01  9.301956e-02 
 3.805308e+01  8.420904e-02 
 3.805340e+01  7.546718e-02 
 3.805373e+01  6.679389e-02 
 3.805405e+01  5.785790e-02 
 3.805437e+01  4.814891e-02 
 3.805469e+01  3.739060e-02 
 3.805502e+01  2.128810e-02 
 3.805534e+01  1.100979e-02 
 3.805566e+01  1.012955e-03 
 3.805599e+01 -9.928928e-03 
 3.805631e+01 -2.073764e-02 
 3.805663e+01 -3.207169e-02 
 3.805696e+01 -4.309482e-02 
 3.805728e+01 -5.492044e-02 
 3.805760e+01 -6.900276e-02 
 3.805792e+01 -8.326374e-02 
 3.805825e+01 -9.725074e-02 
 3.805857e+01 -1.112926e-01 
 3.805889e+01 -1.255861e-01 
 3.805922e+01 -1.397703e-01 
 3.805954e+01 -1.545492e-01 
 3.805986e+01 -1.689076e-01 
 3.806019e+01 -1.827519e-01 
 3.806051e+01 -1.961105e-01 
 3.806083e+01 -2.104485e-01 
 3.806115e+01 -2.244887e-01 
 3.806148e+01 -2.378935e-01 
 3.806180e+01 -2.503727e-01 
 3.806212e+01 -2.615563e-01 
 3.806245e+01 -2.737794e-01 
 3.806277e+01 -2.848602e-01 
 3.806309e+01 -2.922843e-01 
 3.806341e+01 -2.992477e-01 
 3.806374e+01 -3.043009e-01 
 3.806406e+01 -3.084589e-01 
 3.806438e+01 -3.123857e-01 
 3.806471e+01 -3.160884e-01 
 3.806503e+01 -3.196382e-01 
 3.806535e+01 -3.229784e-01 
 3.806568e+01 -3.279379e-01 
 3.806600e+01 -3.341948e-01 
 3.806632e+01 -3.405572e-01 
 3.806664e+01 -3.473848e-01 
 3.806697e+01 -3.540526e-01 
 3.806729e+01 -3.618185e-01 
 3.806761e+01 -3.730103e-01 
 3.806794e+01 -3.864936e-01 
 3.806826e+01 -3.997758e-01 
 3.806858e+01 -4.119030e-01 
 3.806891e+01 -4.248434e-01 
 3.806923e+01 -4.391832e-01 
 3.806955e+01 -4.536217e-01 
 3.806987e+01 -4.688631e-01 
 3.807020e+01 -4.839161e-01 
 3.807052e+01 -4.986807e-01 
 3.807084e+01 -5.134984e-01 
 3.807117e+01 -5.274875e-01 
 3.807149e+01 -5.415886e-01 
 3.807181e+01 -5.541217e-01 
 3.807214e+01 -5.652784e-01 
 3.807246e+01 -5.781168e-01 
 3.807278e+01 -5.919141e-01 
 3.807310e+01 -6.043730e-01 
 3.807343e+01 -6.151285e-01 
 3.807375e+01 -6.241873e-01 
 3.807407e+01 -6.326079e-01 
 3.807440e+01 -6.410912e-01 
 3.807472e+01 -6.444165e-01 
 3.807504e+01 -6.527822e-01 
 3.807537e+01 -6.608816e-01 
 3.807569e+01 -6.687558e-01 
 3.807601e+01 -6.765593e-01 
 3.807633e+01 -6.856746e-01 
 3.807666e+01 -6.962710e-01 
 3.807698e+01 -7.071639e-01 
 3.807730e+01 -7.193176e-01 
 3.807763e+01 -7.345281e-01 
 3.807795e+01 -7.512263e-01 
 3.807827e+01 -7.677488e-01 
 3.807860e+01 -7.825132e-01 
 3.807892e+01 -7.911214e-01 
 3.807924e+01 -8.032231e-01 
 3.807956e+01 -8.142489e-01 
 3.807989e+01 -8.248872e-01 
 3.808021e+01 -8.351860e-01 
 3.808053e+01 -8.454791e-01 
 3.808086e+01 -8.558350e-01 
 3.808118e+01 -8.653413e-01 
 3.808150e+01 -8.745215e-01 
 3.808183e+01 -8.800193e-01 
 3.808215e+01 -8.832497e-01 
 3.808247e+01 -8.884107e-01 
 3.808279e+01 -8.932045e-01 
 3.808312e+01 -8.975478e-01 
 3.808344e+01 -8.995169e-01 
 3.808376e+01 -8.998783e-01 
 3.808409e+01 -8.985720e-01 
 3.808441e+01 -8.961091e-01 
 3.808473e+01 -8.934459e-01 
 3.808506e+01 -8.909155e-01 
 3.808538e+01 -8.880536e-01 
 3.808570e+01 -8.847084e-01 
 3.808602e+01 -8.807989e-01 
 3.808635e+01 -8.768472e-01 
 3.808667e+01 -8.723409e-01 
 3.808699e+01 -8.666323e-01 
 3.808732e+01 -8.602267e-01 
 3.808764e+01 -8.542649e-01 
 3.808796e+01 -8.487243e-01 
 3.808829e+01 -8.428130e-01 
 3.808861e+01 -8.356435e-01 
 3.808893e+01 -8.269894e-01 
 3.808925e+01 -8.167938e-01 
 3.808958e+01 -8.066402e-01 
 3.808990e+01 -7.977167e-01 
 3.809022e+01 -7.896973e-01 
 3.809055e+01 -7.832744e-01 
 3.809087e+01 -7.778514e-01 
 3.809119e+01 -7.731362e-01 
 3.809152e+01 -7.698482e-01 
 3.809184e+01 -7.674067e-01 
 3.809216e+01 -7.654720e-01 
 3.809248e+01 -7.654844e-01 
 3.809281e+01 -7.673862e-01 
 3.809313e+01 -7.704244e-01 
 3.809345e+01 -7.735124e-01 
 3.809378e+01 -7.759292e-01 
 3.809410e+01 -7.780735e-01 
 3.809442e+01 -7.797840e-01 
 3.809474e+01 -7.818726e-01 
 3.809507e+01 -7.843334e-01 
 3.809539e+01 -7.874672e-01 
 3.809571e+01 -7.907440e-01 
 3.809604e+01 -7.932665e-01 
 3.809636e+01 -7.955758e-01 
 3.809668e+01 -7.969213e-01 
 3.809701e+01 -7.967950e-01 
 3.809733e+01 -7.960089e-01 
 3.809765e+01 -7.945512e-01 
 3.809797e+01 -7.921114e-01 
 3.809830e+01 -7.888684e-01 
 3.809862e+01 -7.836020e-01 
 3.809894e+01 -7.764188e-01 
 3.809927e+01 -7.672372e-01 
 3.809959e+01 -7.568570e-01 
 3.809991e+01 -7.459807e-01 
 3.810024e+01 -7.350254e-01 
 3.810056e+01 -7.236109e-01 
 3.810088e+01 -7.112134e-01 
 3.810120e+01 -6.975721e-01 
 3.810153e+01 -6.829386e-01 
 3.810185e+01 -6.696642e-01 
 3.810217e+01 -6.534930e-01 
 3.810250e+01 -6.381018e-01 
 3.810282e+01 -6.234771e-01 
 3.810314e+01 -6.096451e-01 
 3.810347e+01 -5.957131e-01 
 3.810379e+01 -5.814994e-01 
 3.810411e+01 -5.665723e-01 
 3.810443e+01 -5.495307e-01 
 3.810476e+01 -5.333365e-01 
 3.810508e+01 -5.171658e-01 
 3.810540e+01 -5.018248e-01 
 3.810573e+01 -4.875471e-01 
 3.810605e+01 -4.739006e-01 
 3.810637e+01 -4.609224e-01 
 3.810670e+01 -4.487697e-01 
 3.810702e+01 -4.339365e-01 
 3.810734e+01 -4.154813e-01 
 3.810766e+01 -4.037809e-01 
 3.810799e+01 -3.917174e-01 
 3.810831e+01 -3.789701e-01 
 3.810863e+01 -3.656764e-01 
 3.810896e+01 -3.523283e-01 
 3.810928e+01 -3.386971e-01 
 3.810960e+01 -3.248955e-01 
 3.810993e+01 -3.119138e-01 
 3.811025e+01 -3.005544e-01 
 3.811057e+01 -2.909428e-01 
 3.811089e+01 -2.822615e-01 
 3.811122e+01 -2.736650e-01 
 3.811154e+01 -2.647348e-01 
 3.811186e+01 -2.547028e-01 
 3.811219e+01 -2.437410e-01 
 3.811251e+01 -2.323767e-01 
 3.811283e+01 -2.210696e-01 
 3.811316e+01 -2.112613e-01 
 3.811348e+01 -2.014938e-01 
 3.811380e+01 -1.920398e-01 
 3.811412e+01 -1.828572e-01 
 3.811445e+01 -1.739074e-01 
 3.811477e+01 -1.646336e-01 
 3.811509e+01 -1.565264e-01 
 3.811542e+01 -1.512570e-01 
 3.811574e+01 -1.470071e-01 
 3.811606e+01 -1.431855e-01 
 3.811639e+01 -1.393793e-01 
 3.811671e+01 -1.365050e-01 
 3.811703e+01 -1.347834e-01 
 3.811735e+01 -1.320107e-01 
 3.811768e+01 -1.297121e-01 
 3.811800e+01 -1.282647e-01 
 3.811832e+01 -1.271297e-01 
 3.811865e+01 -1.267511e-01 
 3.811897e+01 -1.289758e-01 
 3.811929e+01 -1.316322e-01 
 3.811962e+01 -1.317245e-01 
 3.811994e+01 -1.278546e-01 
 3.812026e+01 -1.260197e-01 
 3.812058e+01 -1.331134e-01 
 3.812091e+01 -1.422635e-01 
 3.812123e+01 -1.454565e-01 
 3.812155e+01 -1.469078e-01 
 3.812188e+01 -1.505623e-01 
 3.812220e+01 -1.566143e-01 
 3.812252e+01 -1.638674e-01 
 3.812285e+01 -1.720303e-01 
 3.812317e+01 -1.812825e-01 
 3.812349e+01 -1.895350e-01 
 3.812381e+01 -1.991816e-01 
 3.812414e+01 -2.070107e-01 
 3.812446e+01 -2.143845e-01 
 3.812478e+01 -2.269231e-01 
 3.812511e+01 -2.325470e-01 
 3.812543e+01 -2.392447e-01 
 3.812575e+01 -2.467963e-01 
 3.812607e+01 -2.543498e-01 
 3.812640e+01 -2.610099e-01 
 3.812672e+01 -2.662442e-01 
 3.812704e+01 -2.674921e-01 
 3.812737e+01 -2.677069e-01 
 3.812769e+01 -2.643636e-01 
 3.812801e+01 -2.593736e-01 
 3.812834e+01 -2.539339e-01 
 3.812866e+01 -2.477834e-01 
 3.812898e+01 -2.442672e-01 
 3.812930e+01 -2.477062e-01 
 3.812963e+01 -2.510196e-01 
 3.812995e+01 -2.547402e-01 
 3.813027e+01 -2.588760e-01 
 3.813060e+01 -2.638177e-01 
 3.813092e+01 -2.718068e-01 
 3.813124e+01 -2.806353e-01 
 3.813157e+01 -2.907422e-01 
 3.813189e+01 -3.007299e-01 
 3.813221e+01 -3.092611e-01 
 3.813253e+01 -3.171171e-01 
 3.813286e+01 -3.237803e-01 
 3.813318e+01 -3.315207e-01 
 3.813350e+01 -3.392101e-01 
 3.813383e+01 -3.483537e-01 
 3.813415e+01 -3.575513e-01 
 3.813447e+01 -3.657413e-01 
 3.813480e+01 -3.745306e-01 
 3.813512e+01 -3.816372e-01 
 3.813544e+01 -3.888653e-01 
 3.813576e+01 -3.941425e-01 
 3.813609e+01 -3.996910e-01 
 3.813641e+01 -4.022493e-01 
 3.813673e+01 -4.049915e-01 
 3.813706e+01 -4.060137e-01 
 3.813738e+01 -4.051648e-01 
 3.813770e+01 -4.023082e-01 
 3.813803e+01 -4.003833e-01 
 3.813835e+01 -4.011208e-01 
 3.813867e+01 -4.017565e-01 
 3.813899e+01 -4.097479e-01 
 3.813932e+01 -4.129811e-01 
 3.813964e+01 -4.187189e-01 
 3.813996e+01 -4.238713e-01 
 3.814029e+01 -4.296614e-01 
 3.814061e+01 -4.343542e-01 
 3.814093e+01 -4.428272e-01 
 3.814126e+01 -4.539382e-01 
 3.814158e+01 -4.657473e-01 
 3.814190e+01 -4.731331e-01 
 3.814222e+01 -4.800505e-01 
 3.814255e+01 -4.876554e-01 
 3.814287e+01 -4.967233e-01 
 3.814319e+01 -5.050191e-01 
 3.814352e+01 -5.151543e-01 
 3.814384e+01 -5.271548e-01 
 3.814416e+01 -5.364023e-01 
 3.814449e+01 -5.444837e-01 
 3.814481e+01 -5.552955e-01 
 3.814513e+01 -5.635082e-01 
 3.814545e+01 -5.697911e-01 
 3.814578e+01 -5.743847e-01 
 3.814610e+01 -5.766661e-01 
 3.814642e+01 -5.803422e-01 
 3.814675e+01 -5.848744e-01 
 3.814707e+01 -5.882800e-01 
 3.814739e+01 -5.893125e-01 
 3.814772e+01 -5.891594e-01 
 3.814804e+01 -5.898496e-01 
 3.814836e+01 -5.944677e-01 
 3.814868e+01 -5.964622e-01 
 3.814901e+01 -6.004081e-01 
 3.814933e+01 -6.055329e-01 
 3.814965e+01 -6.075150e-01 
 3.814998e+01 -6.097961e-01 
 3.815030e+01 -6.113585e-01 
 3.815062e+01 -6.092572e-01 
 3.815095e+01 -6.093385e-01 
 3.815127e+01 -6.067526e-01 
 3.815159e+01 -6.035231e-01 
 3.815191e+01 -6.001804e-01 
 3.815224e+01 -5.950735e-01 
 3.815256e+01 -5.872422e-01 
 3.815288e+01 -5.767858e-01 
 3.815321e+01 -5.668033e-01 
 3.815353e+01 -5.563432e-01 
 3.815385e+01 -5.457915e-01 
 3.815417e+01 -5.366368e-01 
 3.815450e+01 -5.252737e-01 
 3.815482e+01 -5.124126e-01 
 3.815514e+01 -5.000121e-01 
 3.815547e+01 -4.872110e-01 
 3.815579e+01 -4.734911e-01 
 3.815611e+01 -4.590363e-01 
 3.815644e+01 -4.441419e-01 
 3.815676e+01 -4.299301e-01 
 3.815708e+01 -4.159105e-01 
 3.815740e+01 -4.031104e-01 
 3.815773e+01 -3.907946e-01 
 3.815805e+01 -3.784053e-01 
 3.815837e+01 -3.680558e-01 
 3.815870e+01 -4.289911e-01 
 3.815902e+01 -4.253109e-01 
 3.815934e+01 -4.215252e-01 
 3.815967e+01 -4.247345e-01 
 3.815999e+01 -4.743869e-01 
 3.816031e+01 -4.768127e-01 
 3.816063e+01 -4.740634e-01 
 3.816096e+01 -4.684565e-01 
 3.816128e+01 -4.618948e-01 
 3.816160e+01 -4.512416e-01 
 3.816193e+01 -4.401297e-01 
 3.816225e+01 -4.264892e-01 
 3.816257e+01 -4.108723e-01 
 3.816290e+01 -3.939678e-01 
 3.816322e+01 -3.780969e-01 
 3.816354e+01 -3.676281e-01 
 3.816386e+01 -3.622466e-01 
 3.816419e+01 -3.583159e-01 
 3.816451e+01 -3.519525e-01 
 3.816483e+01 -3.434388e-01 
 3.816516e+01 -3.349604e-01 
 3.816548e+01 -3.262024e-01 
 3.816580e+01 -3.150817e-01 
 3.816613e+01 -3.022073e-01 
 3.816645e+01 -2.911529e-01 
 3.816677e+01 -2.830215e-01 
 3.816709e+01 -2.785827e-01 
 3.816742e+01 -2.770244e-01 
 3.816774e+01 -2.772542e-01 
 3.816806e+01 -2.769705e-01 
 3.816839e+01 -2.800266e-01 
 3.816871e+01 -2.831600e-01 
 3.816903e+01 -2.851289e-01 
 3.816936e+01 -2.853643e-01 
 3.816968e+01 -2.821256e-01 
 3.817000e+01 -2.775948e-01 
 3.817032e+01 -2.711639e-01 
 3.817065e+01 -2.634591e-01 
 3.817097e+01 -2.544479e-01 
 3.817129e+01 -2.472220e-01 
 3.817162e+01 -2.430881e-01 
 3.817194e+01 -2.394034e-01 
 3.817226e+01 -2.362367e-01 
 3.817259e+01 -2.323830e-01 
 3.817291e+01 -2.287334e-01 
 3.817323e+01 -2.228912e-01 
 3.817355e+01 -2.173714e-01 
 3.817388e+01 -2.110782e-01 
 3.817420e+01 -2.052831e-01 
 3.817452e+01 -2.006625e-01 
 3.817485e+01 -1.975402e-01 
 3.817517e+01 -1.956703e-01 
 3.817549e+01 -1.959724e-01 
 3.817582e+01 -1.992904e-01 
 3.817614e+01 -2.036539e-01 
 3.817646e+01 -2.078258e-01 
 3.817678e+01 -2.123643e-01 
 3.817711e+01 -2.191358e-01 
 3.817743e+01 -2.249584e-01 
 3.817775e+01 -2.279080e-01 
 3.817808e+01 -2.275394e-01 
 3.817840e+01 -2.240572e-01 
 3.817872e+01 -2.195241e-01 
 3.817905e+01 -2.149787e-01 
 3.817937e+01 -2.120151e-01 
 3.817969e+01 -2.096340e-01 
 3.818001e+01 -2.054930e-01 
 3.818034e+01 -2.020245e-01 
 3.818066e+01 -1.986517e-01 
 3.818098e+01 -1.938551e-01 
 3.818131e+01 -1.880432e-01 
 3.818163e+01 -1.808083e-01 
 3.818195e+01 -1.749276e-01 
 3.818227e+01 -1.680101e-01 
 3.818260e+01 -1.595078e-01 
 3.818292e+01 -1.512871e-01 
 3.818324e+01 -1.442795e-01 
 3.818357e+01 -1.395483e-01 
 3.818389e+01 -1.390442e-01 
 3.818421e+01 -1.394825e-01 
 3.818454e+01 -1.433430e-01 
 3.818486e+01 -1.424417e-01 
 3.818518e+01 -1.406604e-01 
 3.818550e+01 -1.369141e-01 
 3.818583e+01 -1.311271e-01 
 3.818615e+01 -1.266809e-01 
 3.818647e+01 -1.216090e-01 
 3.818680e+01 -1.147061e-01 
 3.818712e+01 -1.079875e-01 
 3.818744e+01 -1.037108e-01 
 3.818777e+01 -9.978644e-02 
 3.818809e+01 -9.762683e-02 
 3.818841e+01 -9.148903e-02 
 3.818873e+01 -8.386716e-02 
 3.818906e+01 -7.434340e-02 
 3.818938e+01 -6.538838e-02 
 3.818970e+01 -5.550746e-02 
 3.819003e+01 -4.380640e-02 
 3.819035e+01 -3.110800e-02 
 3.819067e+01 -1.574495e-02 
 3.819100e+01  9.200206e-04 
 3.819132e+01  1.520559e-02 
 3.819164e+01  2.569571e-02 
 3.819196e+01  3.309400e-02 
 3.819229e+01  3.770870e-02 
 3.819261e+01  3.991168e-02 
 3.819293e+01  4.015036e-02 
 3.819326e+01  3.938422e-02 
 3.819358e+01  3.976599e-02 
 3.819390e+01  4.119074e-02 
 3.819423e+01  4.224957e-02 
 3.819455e+01  4.263624e-02 
 3.819487e+01  3.035915e-02 
 3.819519e+01  3.211187e-02 
 3.819552e+01  3.591024e-02 
 3.819584e+01  3.902915e-02 
 3.819616e+01  2.775949e-02 
 3.819649e+01  5.419073e-03 
 3.819681e+01  8.136894e-03 
 3.819713e+01  1.255304e-02 
 3.819746e+01  1.948138e-02 
 3.819778e+01  2.805528e-02 
 3.819810e+01  3.876155e-02 
 3.819842e+01  5.214231e-02 
 3.819875e+01  6.632487e-02 
 3.819907e+01  8.270711e-02 
 3.819939e+01  9.994138e-02 
 3.819972e+01  1.138985e-01 
 3.820004e+01  1.258751e-01 
 3.820036e+01  1.345415e-01 
 3.820069e+01  1.416592e-01 
 3.820101e+01  1.465490e-01 
 3.820133e+01  1.500447e-01 
 3.820165e+01  1.529723e-01 
 3.820198e+01  1.550848e-01 
 3.820230e+01  1.573768e-01 
 3.820262e+01  1.597308e-01 
 3.820295e+01  1.600856e-01 
 3.820327e+01  1.664755e-01 
 3.820359e+01  1.588132e-01 
 3.820392e+01  1.378035e-01 
 3.820424e+01  1.401933e-01 
 3.820456e+01  1.408866e-01 
 3.820488e+01  1.398964e-01 
 3.820521e+01  1.197505e-01 
 3.820553e+01  1.219814e-01 
 3.820585e+01  1.276033e-01 
 3.820618e+01  1.357032e-01 
 3.820650e+01  1.456528e-01 
 3.820682e+01  1.564121e-01 
 3.820715e+01  1.706404e-01 
 3.820747e+01  1.864967e-01 
 3.820779e+01  1.980379e-01 
 3.820811e+01  2.110741e-01 
 3.820844e+01  2.208565e-01 
 3.820876e+01  2.289428e-01 
 3.820908e+01  2.337297e-01 
 3.820941e+01  2.364237e-01 
 3.820973e+01  2.390865e-01 
 3.821005e+01  2.406659e-01 
 3.821038e+01  2.426281e-01 
 3.821070e+01  2.434823e-01 
 3.821102e+01  2.479289e-01 
 3.821134e+01  2.523910e-01 
 3.821167e+01  2.550532e-01 
 3.821199e+01  2.445187e-01 
 3.821231e+01  2.153106e-01 
 3.821264e+01  2.128254e-01 
 3.821296e+01  2.093432e-01 
 3.821328e+01  2.046065e-01 
 3.821360e+01  1.987762e-01 
 3.821393e+01  1.957744e-01 
 3.821425e+01  1.955752e-01 
 3.821457e+01  1.992038e-01 
 3.821490e+01  2.047129e-01 
 3.821522e+01  2.105803e-01 
 3.821554e+01  2.161049e-01 
 3.821587e+01  2.191609e-01 
 3.821619e+01  2.194264e-01 
 3.821651e+01  2.156980e-01 
 3.821683e+01  2.081393e-01 
 3.821716e+01  1.964280e-01 
 3.821748e+01  1.830218e-01 
 3.821780e+01  1.682835e-01 
 3.821813e+01  1.522578e-01 
 3.821845e+01  1.351544e-01 
 3.821877e+01  1.196605e-01 
 3.821910e+01  1.050257e-01 
 3.821942e+01  8.903961e-02 
 3.821974e+01  7.011843e-02 
 3.822006e+01  4.827263e-02 
 3.822039e+01  2.245119e-02 
 3.822071e+01 -5.900043e-03 
 3.822103e+01 -3.599873e-02 
 3.822136e+01 -6.571588e-02 
 3.822168e+01 -9.312727e-02 
 3.822200e+01 -1.219139e-01 
 3.822233e+01 -1.387300e-01 
 3.822265e+01 -1.289590e-01 
 3.822297e+01 -1.278149e-01 
 3.822329e+01 -1.367157e-01 
 3.822362e+01 -1.447414e-01 
 3.822394e+01 -1.541121e-01 
 3.822426e+01 -1.668269e-01 
 3.822459e+01 -1.842279e-01 
 3.822491e+01 -2.061315e-01 
 3.822523e+01 -2.324748e-01 
 3.822556e+01 -2.599259e-01 
 3.822588e+01 -2.868137e-01 
 3.822620e+01 -3.113467e-01 
 3.822652e+01 -3.325760e-01 
 3.822685e+01 -3.530179e-01 
 3.822717e+01 -3.732610e-01 
 3.822749e+01 -3.894129e-01 
 3.822782e+01 -4.011920e-01 
 3.822814e+01 -4.128564e-01 
 3.822846e+01 -4.282910e-01 
 3.822879e+01 -4.483481e-01 
 3.822911e+01 -4.718317e-01 
 3.822943e+01 -4.959195e-01 
 3.822975e+01 -5.191012e-01 
 3.823008e+01 -5.398896e-01 
 3.823040e+01 -5.577200e-01 
 3.823072e+01 -5.716474e-01 
 3.823105e+01 -5.817152e-01 
 3.823137e+01 -5.875758e-01 
 3.823169e+01 -5.876647e-01 
 3.823202e+01 -5.840300e-01 
 3.823234e+01 -5.821362e-01 
 3.823266e+01 -5.803409e-01 
 3.823298e+01 -5.829338e-01 
 3.823331e+01 -5.837921e-01 
 3.823363e+01 -5.941520e-01 
 3.823395e+01 -6.061966e-01 
 3.823428e+01 -6.184513e-01 
 3.823460e+01 -6.286039e-01 
 3.823492e+01 -6.357529e-01 
 3.823525e+01 -6.423415e-01 
 3.823557e+01 -6.486071e-01 
 3.823589e+01 -6.552617e-01 
 3.823621e+01 -6.631711e-01 
 3.823654e+01 -6.717068e-01 
 3.823686e+01 -6.828226e-01 
 3.823718e+01 -6.949416e-01 
 3.823751e+01 -7.091238e-01 
 3.823783e+01 -7.236268e-01 
 3.823815e+01 -7.369847e-01 
 3.823848e+01 -7.480028e-01 
 3.823880e+01 -7.559829e-01 
 3.823912e+01 -7.601862e-01 
 3.823944e+01 -7.607342e-01 
 3.823977e+01 -7.592317e-01 
 3.824009e+01 -7.561840e-01 
 3.824041e+01 -7.528687e-01 
 3.824074e+01 -7.475152e-01 
 3.824106e+01 -7.424192e-01 
 3.824138e+01 -7.460895e-01 
 3.824171e+01 -7.526198e-01 
 3.824203e+01 -7.468039e-01 
 3.824235e+01 -7.317403e-01 
 3.824267e+01 -7.234011e-01 
 3.824300e+01 -7.357972e-01 
 3.824332e+01 -7.282630e-01 
 3.824364e+01 -7.389854e-01 
 3.824397e+01 -7.472789e-01 
 3.824429e+01 -7.574519e-01 
 3.824461e+01 -7.732365e-01 
 3.824494e+01 -7.928130e-01 
 3.824526e+01 -8.162482e-01 
 3.824558e+01 -8.421646e-01 
 3.824590e+01 -8.686045e-01 
 3.824623e+01 -8.913911e-01 
 3.824655e+01 -9.113945e-01 
 3.824687e+01 -9.283964e-01 
 3.824720e+01 -9.431032e-01 
 3.824752e+01 -9.565061e-01 
 3.824784e+01 -9.676454e-01 
 3.824816e+01 -9.766903e-01 
 3.824849e+01 -9.862232e-01 
 3.824881e+01 -9.985683e-01 
 3.824913e+01 -1.014186e+00 
 3.824946e+01 -1.030377e+00 
 3.824978e+01 -1.047277e+00 
 3.825010e+01 -1.063771e+00 
 3.825043e+01 -1.077499e+00 
 3.825075e+01 -1.087132e+00 
 3.825107e+01 -1.092296e+00 
 3.825139e+01 -1.093205e+00 
 3.825172e+01 -1.090912e+00 
 3.825204e+01 -1.085811e+00 
 3.825236e+01 -1.080971e+00 
 3.825269e+01 -1.078270e+00 
 3.825301e+01 -1.078664e+00 
 3.825333e+01 -1.081516e+00 
 3.825366e+01 -1.085614e+00 
 3.825398e+01 -1.090187e+00 
 3.825430e+01 -1.093995e+00 
 3.825462e+01 -1.093927e+00 
 3.825495e+01 -1.092712e+00 
 3.825527e+01 -1.088225e+00 
 3.825559e+01 -1.081894e+00 
 3.825592e+01 -1.071065e+00 
 3.825624e+01 -1.061308e+00 
 3.825656e+01 -1.051780e+00 
 3.825689e+01 -1.043731e+00 
 3.825721e+01 -1.036711e+00 
 3.825753e+01 -1.032666e+00 
 3.825785e+01 -1.031935e+00 
 3.825818e+01 -1.033017e+00 
 3.825850e+01 -1.033416e+00 
 3.825882e+01 -1.032408e+00 
 3.825915e+01 -1.028430e+00 
 3.825947e+01 -1.021907e+00 
 3.825979e+01 -1.013571e+00 
 3.826012e+01 -1.004228e+00 
 3.826044e+01 -9.948308e-01 
 3.826076e+01 -9.868366e-01 
 3.826108e+01 -9.826253e-01 
 3.826141e+01 -9.821190e-01 
 3.826173e+01 -9.853019e-01 
 3.826205e+01 -9.901795e-01 
 3.826238e+01 -9.932540e-01 
 3.826270e+01 -1.000915e+00 
 3.826302e+01 -1.006478e+00 
 3.826335e+01 -1.006141e+00 
 3.826367e+01 -9.989500e-01 
 3.826399e+01 -9.842189e-01 
 3.826431e+01 -9.701688e-01 
 3.826464e+01 -9.564459e-01 
 3.826496e+01 -9.173893e-01 
 3.826528e+01 -8.865669e-01 
 3.826561e+01 -8.650891e-01 
 3.826593e+01 -8.657598e-01 
 3.826625e+01 -8.685678e-01 
 3.826658e+01 -8.712029e-01 
 3.826690e+01 -8.740967e-01 
 3.826722e+01 -8.528856e-01 
 3.826754e+01 -8.607793e-01 
 3.826787e+01 -8.704983e-01 
 3.826819e+01 -8.808311e-01 
 3.826851e+01 -8.906175e-01 
 3.826884e+01 -9.004943e-01 
 3.826916e+01 -9.132206e-01 
 3.826948e+01 -9.290347e-01 
 3.826981e+01 -9.477155e-01 
 3.827013e+01 -9.682307e-01 
 3.827045e+01 -9.905132e-01 
 3.827077e+01 -1.013063e+00 
 3.827110e+01 -1.036359e+00 
 3.827142e+01 -1.060453e+00 
 3.827174e+01 -1.084487e+00 
 3.827207e+01 -1.106347e+00 
 3.827239e+01 -1.126762e+00 
 3.827271e+01 -1.149052e+00 
 3.827304e+01 -1.081367e+00 
 3.827336e+01 -1.100681e+00 
 3.827368e+01 -1.124709e+00 
 3.827400e+01 -1.156225e+00 
 3.827433e+01 -1.160300e+00 
 3.827465e+01 -1.178826e+00 
 3.827497e+01 -1.198907e+00 
 3.827530e+01 -1.220813e+00 
 3.827562e+01 -1.243139e+00 
 3.827594e+01 -1.263845e+00 
 3.827627e+01 -1.279734e+00 
 3.827659e+01 -1.292419e+00 
 3.827691e+01 -1.297323e+00 
 3.827723e+01 -1.300946e+00 
 3.827756e+01 -1.310519e+00 
 3.827788e+01 -1.317087e+00 
 3.827820e+01 -1.324965e+00 
 3.827853e+01 -1.331060e+00 
 3.827885e+01 -1.336923e+00 
 3.827917e+01 -1.344798e+00 
 3.827950e+01 -1.350663e+00 
 3.827982e+01 -1.355160e+00 
 3.828014e+01 -1.358961e+00 
 3.828046e+01 -1.360609e+00 
 3.828079e+01 -1.354766e+00 
 3.828111e+01 -1.343228e+00 
 3.828143e+01 -1.337915e+00 
 3.828176e+01 -1.332958e+00 
 3.828208e+01 -1.327157e+00 
 3.828240e+01 -1.320895e+00 
 3.828273e+01 -1.318320e+00 
 3.828305e+01 -1.317003e+00 
 3.828337e+01 -1.313063e+00 
 3.828369e+01 -1.307265e+00 
 3.828402e+01 -1.298341e+00 
 3.828434e+01 -1.289142e+00 
 3.828466e+01 -1.277031e+00 
 3.828499e+01 -1.263508e+00 
 3.828531e+01 -1.249789e+00 
 3.828563e+01 -1.238454e+00 
 3.828595e+01 -1.225573e+00 
 3.828628e+01 -1.216633e+00 
 3.828660e+01 -1.206707e+00 
 3.828692e+01 -1.198875e+00 
 3.828725e+01 -1.194556e+00 
 3.828757e+01 -1.194008e+00 
 3.828789e+01 -1.196505e+00 
 3.828822e+01 -1.197131e+00 
 3.828854e+01 -1.194878e+00 
 3.828886e+01 -1.188734e+00 
 3.828918e+01 -1.177856e+00 
 3.828951e+01 -1.163230e+00 
 3.828983e+01 -1.149561e+00 
 3.829015e+01 -1.136275e+00 
 3.829048e+01 -1.124930e+00 
 3.829080e+01 -1.113945e+00 
 3.829112e+01 -1.110664e+00 
 3.829145e+01 -1.110226e+00 
 3.829177e+01 -1.108079e+00 
 3.829209e+01 -1.107862e+00 
 3.829241e+01 -1.107274e+00 
 3.829274e+01 -1.102405e+00 
 3.829306e+01 -1.101521e+00 
 3.829338e+01 -1.097683e+00 
 3.829371e+01 -1.093328e+00 
 3.829403e+01 -1.089469e+00 
 3.829435e+01 -1.082450e+00 
 3.829468e+01 -1.080407e+00 
 3.829500e+01 -1.081062e+00 
 3.829532e+01 -1.084676e+00 
 3.829564e+01 -1.085929e+00 
 3.829597e+01 -1.095581e+00 
 3.829629e+01 -1.104226e+00 
 3.829661e+01 -1.112627e+00 
 3.829694e+01 -1.119775e+00 
 3.829726e+01 -1.127743e+00 
 3.829758e+01 -1.137575e+00 
 3.829791e+01 -1.147786e+00 
 3.829823e+01 -1.158262e+00 
 3.829855e+01 -1.168948e+00 
 3.829887e+01 -1.180369e+00 
 3.829920e+01 -1.193442e+00 
 3.829952e+01 -1.208910e+00 
 3.829984e+01 -1.225320e+00 
 3.830017e+01 -1.241715e+00 
 3.830049e+01 -1.256076e+00 
 3.830081e+01 -1.218610e+00 
 3.830114e+01 -1.229106e+00 
 3.830146e+01 -1.240439e+00 
 3.830178e+01 -1.249518e+00 
 3.830210e+01 -1.259235e+00 
 3.830243e+01 -1.268753e+00 
 3.830275e+01 -1.279973e+00 
 3.830307e+01 -1.293291e+00 
 3.830340e+01 -1.308472e+00 
 3.830372e+01 -1.324706e+00 
 3.830404e+01 -1.340040e+00 
 3.830437e+01 -1.353307e+00 
 3.830469e+01 -1.365276e+00 
 3.830501e+01 -1.375823e+00 
 3.830533e+01 -1.384821e+00 
 3.830566e+01 -1.392153e+00 
 3.830598e+01 -1.398395e+00 
 3.830630e+01 -1.411312e+00 
 3.830663e+01 -1.426196e+00 
 3.830695e+01 -1.437726e+00 
 3.830727e+01 -1.438765e+00 
 3.830760e+01 -1.438570e+00 
 3.830792e+01 -1.442251e+00 
 3.830824e+01 -1.447554e+00 
 3.830856e+01 -1.456942e+00 
 3.830889e+01 -1.462675e+00 
 3.830921e+01 -1.470727e+00 
 3.830953e+01 -1.474882e+00 
 3.830986e+01 -1.474848e+00 
 3.831018e+01 -1.457632e+00 
 3.831050e+01 -1.448246e+00 
 3.831083e+01 -1.439481e+00 
 3.831115e+01 -1.411494e+00 
 3.831147e+01 -1.374642e+00 
 3.831179e+01 -1.360636e+00 
 3.831212e+01 -1.326914e+00 
 3.831244e+01 -1.308047e+00 
 3.831276e+01 -1.264144e+00 
 3.831309e+01 -1.247972e+00 
 3.831341e+01 -1.233284e+00 
 3.831373e+01 -1.222735e+00 
 3.831406e+01 -1.212404e+00 
 3.831438e+01 -1.204732e+00 
 3.831470e+01 -1.201811e+00 
 3.831502e+01 -1.197345e+00 
 3.831535e+01 -1.188600e+00 
 3.831567e+01 -1.182718e+00 
 3.831599e+01 -1.178193e+00 
 3.831632e+01 -1.171035e+00 
 3.831664e+01 -1.166117e+00 
 3.831696e+01 -1.164738e+00 
 3.831728e+01 -1.164751e+00 
 3.831761e+01 -1.169134e+00 
 3.831793e+01 -1.185927e+00 
 3.831825e+01 -1.207091e+00 
 3.831858e+01 -1.228872e+00 
 3.831890e+01 -1.216350e+00 
 3.831922e+01 -1.225148e+00 
 3.831955e+01 -1.230964e+00 
 3.831987e+01 -1.242569e+00 
 3.832019e+01 -1.253416e+00 
 3.832051e+01 -1.266910e+00 
 3.832084e+01 -1.280839e+00 
 3.832116e+01 -1.297732e+00 
 3.832148e+01 -1.312630e+00 
 3.832181e+01 -1.300542e+00 
 3.832213e+01 -1.292888e+00 
 3.832245e+01 -1.308372e+00 
 3.832278e+01 -1.323200e+00 
 3.832310e+01 -1.335978e+00 
 3.832342e+01 -1.347934e+00 
 3.832374e+01 -1.359095e+00 
 3.832407e+01 -1.368802e+00 
 3.832439e+01 -1.375846e+00 
 3.832471e+01 -1.380301e+00 
 3.832504e+01 -1.385268e+00 
 3.832536e+01 -1.391650e+00 
 3.832568e+01 -1.401102e+00 
 3.832601e+01 -1.413469e+00 
 3.832633e+01 -1.428294e+00 
 3.832665e+01 -1.443035e+00 
 3.832697e+01 -1.454754e+00 
 3.832730e+01 -1.463501e+00 
 3.832762e+01 -1.472778e+00 
 3.832794e+01 -1.480939e+00 
 3.832827e+01 -1.489495e+00 
 3.832859e+01 -1.499693e+00 
 3.832891e+01 -1.511546e+00 
 3.832924e+01 -1.523993e+00 
 3.832956e+01 -1.537197e+00 
 3.832988e+01 -1.552462e+00 
 3.833020e+01 -1.568437e+00 
 3.833053e+01 -1.586607e+00 
 3.833085e+01 -1.605815e+00 
 3.833117e+01 -1.624853e+00 
 3.833150e+01 -1.644071e+00 
 3.833182e+01 -1.659756e+00 
 3.833214e+01 -1.667718e+00 
 3.833247e+01 -1.682949e+00 
 3.833279e+01 -1.697000e+00 
 3.833311e+01 -1.709235e+00 
 3.833343e+01 -1.719943e+00 
 3.833376e+01 -1.727801e+00 
 3.833408e+01 -1.734677e+00 
 3.833440e+01 -1.740224e+00 
 3.833473e+01 -1.745185e+00 
 3.833505e+01 -1.747706e+00 
 3.833537e+01 -1.732211e+00 
 3.833570e+01 -1.732025e+00 
 3.833602e+01 -1.732421e+00 
 3.833634e+01 -1.730588e+00 
 3.833666e+01 -1.723362e+00 
 3.833699e+01 -1.715352e+00 
 3.833731e+01 -1.707965e+00 
 3.833763e+01 -1.699904e+00 
 3.833796e+01 -1.692120e+00 
 3.833828e+01 -1.682242e+00 
 3.833860e+01 -1.671904e+00 
 3.833893e+01 -1.660654e+00 
 3.833925e+01 -1.647466e+00 
 3.833957e+01 -1.638094e+00 
 3.833989e+01 -1.627474e+00 
 3.834022e+01 -1.620149e+00 
 3.834054e+01 -1.611959e+00 
 3.834086e+01 -1.595830e+00 
 3.834119e+01 -1.588997e+00 
 3.834151e+01 -1.579441e+00 
 3.834183e+01 -1.573656e+00 
 3.834216e+01 -1.571157e+00 
 3.834248e+01 -1.569774e+00 
 3.834280e+01 -1.574071e+00 
 3.834312e+01 -1.581619e+00 
 3.834345e+01 -1.588017e+00 
 3.834377e+01 -1.595098e+00 
 3.834409e+01 -1.600851e+00 
 3.834442e+01 -1.609749e+00 
 3.834474e+01 -1.616274e+00 
 3.834506e+01 -1.623069e+00 
 3.834539e+01 -1.628689e+00 
 3.834571e+01 -1.636271e+00 
 3.834603e+01 -1.641832e+00 
 3.834635e+01 -1.650148e+00 
 3.834668e+01 -1.654653e+00 
 3.834700e+01 -1.660136e+00 
 3.834732e+01 -1.663167e+00 
 3.834765e+01 -1.669261e+00 
 3.834797e+01 -1.678082e+00 
 3.834829e+01 -1.689025e+00 
 3.834862e+01 -1.700759e+00 
 3.834894e+01 -1.712263e+00 
 3.834926e+01 -1.723844e+00 
 3.834958e+01 -1.731613e+00 
 3.834991e+01 -1.739798e+00 
 3.835023e+01 -1.747305e+00 
 3.835055e+01 -1.756490e+00 
 3.835088e+01 -1.765618e+00 
 3.835120e+01 -1.775202e+00 
 3.835152e+01 -1.785535e+00 
 3.835184e+01 -1.794290e+00 
 3.835217e+01 -1.784603e+00 
 3.835249e+01 -1.790918e+00 
 3.835281e+01 -1.797395e+00 
 3.835314e+01 -1.805790e+00 
 3.835346e+01 -1.810050e+00 
 3.835378e+01 -1.811468e+00 
 3.835411e+01 -1.809904e+00 
 3.835443e+01 -1.807942e+00 
 3.835475e+01 -1.804734e+00 
 3.835507e+01 -1.800236e+00 
 3.835540e+01 -1.792770e+00 
 3.835572e+01 -1.780252e+00 
 3.835604e+01 -1.761732e+00 
 3.835637e+01 -1.740054e+00 
 3.835669e+01 -1.713975e+00 
 3.835701e+01 -1.682955e+00 
 3.835734e+01 -1.649725e+00 
 3.835766e+01 -1.615183e+00 
 3.835798e+01 -1.583796e+00 
 3.835830e+01 -1.552679e+00 
 3.835863e+01 -1.522242e+00 
 3.835895e+01 -1.491225e+00 
 3.835927e+01 -1.458245e+00 
 3.835960e+01 -1.423022e+00 
 3.835992e+01 -1.386615e+00 
 3.836024e+01 -1.348142e+00 
 3.836057e+01 -1.308113e+00 
 3.836089e+01 -1.267198e+00 
 3.836121e+01 -1.229912e+00 
 3.836153e+01 -1.190662e+00 
 3.836186e+01 -1.149260e+00 
 3.836218e+01 -1.108983e+00 
 3.836250e+01 -1.069887e+00 
 3.836283e+01 -1.033337e+00 
 3.836315e+01 -1.012737e+00 
 3.836347e+01 -9.810451e-01 
 3.836380e+01 -9.494216e-01 
 3.836412e+01 -9.155606e-01 
 3.836444e+01 -8.818484e-01 
 3.836476e+01 -8.480825e-01 
 3.836509e+01 -8.167404e-01 
 3.836541e+01 -7.868141e-01 
 3.836573e+01 -7.608174e-01 
 3.836606e+01 -7.414837e-01 
 3.836638e+01 -7.271041e-01 
 3.836670e+01 -7.201848e-01 
 3.836703e+01 -7.210977e-01 
 3.836735e+01 -7.249492e-01 
 3.836767e+01 -7.284024e-01 
 3.836799e+01 -7.322508e-01 
 3.836832e+01 -7.381046e-01 
 3.836864e+01 -7.510509e-01 
 3.836896e+01 -7.658428e-01 
 3.836929e+01 -7.776125e-01 
 3.836961e+01 -8.005979e-01 
 3.836993e+01 -8.051609e-01 
 3.837026e+01 -8.111284e-01 
 3.837058e+01 -8.175922e-01 
 3.837090e+01 -8.231970e-01 
 3.837122e+01 -8.287369e-01 
 3.837155e+01 -8.318814e-01 
 3.837187e+01 -8.330814e-01 
 3.837219e+01 -8.295268e-01 
 3.837252e+01 -8.203405e-01 
 3.837284e+01 -8.055403e-01 
 3.837316e+01 -7.909463e-01 
 3.837349e+01 -7.788435e-01 
 3.837381e+01 -7.678405e-01 
 3.837413e+01 -7.587216e-01 
 3.837445e+01 -7.506612e-01 
 3.837478e+01 -7.446324e-01 
 3.837510e+01 -7.376157e-01 
 3.837542e+01 -7.350655e-01 
 3.837575e+01 -7.299370e-01 
 3.837607e+01 -7.305684e-01 
 3.837639e+01 -7.271356e-01 
 3.837672e+01 -7.291389e-01 
 3.837704e+01 -7.318866e-01 
 3.837736e+01 -7.355095e-01 
 3.837768e+01 -7.353526e-01 
 3.837801e+01 -7.596263e-01 
 3.837833e+01 -7.639537e-01 
 3.837865e+01 -7.674030e-01 
 3.837898e+01 -7.733011e-01 
 3.837930e+01 -7.758595e-01 
 3.837962e+01 -7.943058e-01 
 3.837994e+01 -7.903045e-01 
 3.838027e+01 -7.873268e-01 
 3.838059e+01 -7.774212e-01 
 3.838091e+01 -7.668663e-01 
 3.838124e+01 -7.847482e-01 
 3.838156e+01 -7.676076e-01 
 3.838188e+01 -7.491363e-01 
 3.838221e+01 -7.300978e-01 
 3.838253e+01 -7.053206e-01 
 3.838285e+01 -6.823101e-01 
 3.838317e+01 -6.618847e-01 
 3.838350e+01 -6.447770e-01 
 3.838382e+01 -6.215893e-01 
 3.838414e+01 -5.969881e-01 
 3.838447e+01 -5.768024e-01 
 3.838479e+01 -5.585656e-01 
 3.838511e+01 -5.411864e-01 
 3.838544e+01 -5.299750e-01 
 3.838576e+01 -5.191186e-01 
 3.838608e+01 -5.093128e-01 
 3.838640e+01 -5.299693e-01 
 3.838673e+01 -5.262333e-01 
 3.838705e+01 -5.257166e-01 
 3.838737e+01 -5.384013e-01 
 3.838770e+01 -5.329638e-01 
 3.838802e+01 -5.235155e-01 
 3.838834e+01 -5.086360e-01 
 3.838867e+01 -4.911780e-01 
 3.838899e+01 -4.712446e-01 
 3.838931e+01 -4.670430e-01 
 3.838963e+01 -4.437773e-01 
 3.838996e+01 -4.228855e-01 
 3.839028e+01 -4.020687e-01 
 3.839060e+01 -3.860840e-01 
 3.839093e+01 -3.770648e-01 
 3.839125e+01 -3.690008e-01 
 3.839157e+01 -3.611861e-01 
 3.839190e+01 -3.522536e-01 
 3.839222e+01 -3.434487e-01 
 3.839254e+01 -3.314328e-01 
 3.839286e+01 -3.183184e-01 
 3.839319e+01 -3.017347e-01 
 3.839351e+01 -2.871178e-01 
 3.839383e+01 -2.704303e-01 
 3.839416e+01 -2.639013e-01 
 3.839448e+01 -2.666447e-01 
 3.839480e+01 -2.848015e-01 
 3.839513e+01 -3.041383e-01 
 3.839545e+01 -3.259265e-01 
 3.839577e+01 -3.476766e-01 
 3.839609e+01 -3.707762e-01 
 3.839642e+01 -4.201383e-01 
 3.839674e+01 -4.450588e-01 
 3.839706e+01 -4.823644e-01 
 3.839739e+01 -5.033031e-01 
 3.839771e+01 -5.230783e-01 
 3.839803e+01 -5.412321e-01 
 3.839836e+01 -5.590657e-01 
 3.839868e+01 -5.770083e-01 
 3.839900e+01 -5.945140e-01 
 3.839932e+01 -6.119929e-01 
 3.839965e+01 -6.276491e-01 
 3.839997e+01 -6.419096e-01 
 3.840029e+01 -6.526943e-01 
 3.840062e+01 -6.593310e-01 
 3.840094e+01 -6.637077e-01 
 3.840126e+01 -6.655172e-01 
 3.840159e+01 -6.670520e-01 
 3.840191e+01 -6.671261e-01 
 3.840223e+01 -6.621838e-01 
 3.840255e+01 -6.508058e-01 
 3.840288e+01 -6.331740e-01 
 3.840320e+01 -6.211107e-01 
 3.840352e+01 -6.202507e-01 
 3.840385e+01 -6.210655e-01 
 3.840417e+01 -6.206787e-01 
 3.840449e+01 -6.174994e-01 
 3.840482e+01 -6.388761e-01 
 3.840514e+01 -6.331871e-01 
 3.840546e+01 -6.397479e-01 
 3.840578e+01 -6.296796e-01 
 3.840611e+01 -6.182563e-01 
 3.840643e+01 -6.044579e-01 
 3.840675e+01 -5.880564e-01 
 3.840708e+01 -5.682798e-01 
 3.840740e+01 -5.414517e-01 
 3.840772e+01 -5.061203e-01 
 3.840804e+01 -4.687101e-01 
 3.840837e+01 -4.312614e-01 
 3.840869e+01 -3.953964e-01 
 3.840901e+01 -3.612801e-01 
 3.840934e+01 -3.316520e-01 
 3.840966e+01 -3.055726e-01 
 3.840998e+01 -2.813679e-01 
 3.841031e+01 -2.582436e-01 
 3.841063e+01 -2.352263e-01 
 3.841095e+01 -2.133103e-01 
 3.841127e+01 -1.907795e-01 
 3.841160e+01 -1.692442e-01 
 3.841192e+01 -1.485302e-01 
 3.841224e+01 -1.286811e-01 
 3.841257e+01 -1.069342e-01 
 3.841289e+01 -8.821501e-02 
 3.841321e+01 -7.294741e-02 
 3.841354e+01 -6.302964e-02 
 3.841386e+01 -5.663476e-02 
 3.841418e+01 -5.202767e-02 
 3.841450e+01 -5.407365e-02 
 3.841483e+01 -5.114647e-02 
 3.841515e+01 -4.781339e-02 
 3.841547e+01 -4.429313e-02 
 3.841580e+01 -4.698948e-02 
 3.841612e+01 -3.545689e-02 
 3.841644e+01 -2.324801e-02 
 3.841677e+01 -1.180753e-02 
 3.841709e+01  1.676655e-03 
 3.841741e+01  1.756857e-02 
 3.841773e+01  3.153564e-02 
 3.841806e+01  4.397648e-02 
 3.841838e+01  5.336812e-02 
 3.841870e+01  6.238431e-02 
 3.841903e+01  6.763569e-02 
 3.841935e+01  6.795550e-02 
 3.841967e+01  6.694150e-02 
 3.842000e+01  6.313047e-02 
 3.842032e+01  5.526007e-02 
 3.842064e+01  4.577179e-02 
 3.842096e+01  3.568273e-02 
 3.842129e+01  2.336350e-02 
 3.842161e+01  9.918144e-03 
 3.842193e+01 -6.431353e-03 
 3.842226e+01 -2.297545e-02 
 3.842258e+01 -4.089156e-02 
 3.842290e+01 -5.234351e-02 
 3.842323e+01 -6.470442e-02 
 3.842355e+01 -8.075627e-02 
 3.842387e+01 -1.038390e-01 
 3.842419e+01 -1.275117e-01 
 3.842452e+01 -1.508590e-01 
 3.842484e+01 -1.668476e-01 
 3.842516e+01 -1.799850e-01 
 3.842549e+01 -1.898615e-01 
 3.842581e+01 -1.965583e-01 
 3.842613e+01 -2.022345e-01 
 3.842646e+01 -2.066866e-01 
 3.842678e+01 -2.108293e-01 
 3.842710e+01 -2.165039e-01 
 3.842742e+01 -2.229280e-01 
 3.842775e+01 -2.282887e-01 
 3.842807e+01 -2.357272e-01 
 3.842839e+01 -2.471615e-01 
 3.842872e+01 -2.638687e-01 
 3.842904e+01 -2.832532e-01 
 3.842936e+01 -3.056614e-01 
 3.842969e+01 -3.269962e-01 
 3.843001e+01 -3.469969e-01 
 3.843033e+01 -3.628244e-01 
 3.843065e+01 -3.730736e-01 
 3.843098e+01 -3.787415e-01 
 3.843130e+01 -3.828575e-01 
 3.843162e+01 -3.868704e-01 
 3.843195e+01 -3.918136e-01 
 3.843227e+01 -3.981450e-01 
 3.843259e+01 -4.045513e-01 
 3.843292e+01 -4.122124e-01 
 3.843324e+01 -4.139264e-01 
 3.843356e+01 -4.071963e-01 
 3.843388e+01 -3.961311e-01 
 3.843421e+01 -3.788918e-01 
 3.843453e+01 -3.570538e-01 
 3.843485e+01 -3.331762e-01 
 3.843518e+01 -3.086052e-01 
 3.843550e+01 -2.838391e-01 
 3.843582e+01 -2.602910e-01 
 3.843615e+01 -2.369767e-01 
 3.843647e+01 -2.151464e-01 
 3.843679e+01 -1.911209e-01 
 3.843711e+01 -1.708521e-01 
 3.843744e+01 -1.521585e-01 
 3.843776e+01 -1.350468e-01 
 3.843808e+01 -1.179143e-01 
 3.843841e+01 -9.953908e-02 
 3.843873e+01 -8.240030e-02 
 3.843905e+01 -6.846397e-02 
 3.843937e+01 -5.678709e-02 
 3.843970e+01 -4.638244e-02 
 3.844002e+01 -3.690940e-02 
 3.844034e+01 -2.787618e-02 
 3.844067e+01 -2.698009e-02 
 3.844099e+01 -2.512927e-02 
 3.844131e+01 -3.053657e-02 
 3.844164e+01 -4.292752e-02 
 3.844196e+01 -2.801473e-02 
 3.844228e+01 -1.069236e-02 
 3.844260e+01  1.003517e-02 
 3.844293e+01  3.209773e-02 
 3.844325e+01  2.145319e-02 
 3.844357e+01 -9.229265e-03 
 3.844390e+01  2.723988e-02 
 3.844422e+01  5.881118e-02 
 3.844454e+01  8.174370e-02 
 3.844487e+01  9.504472e-02 
 3.844519e+01  1.097423e-01 
 3.844551e+01  1.223660e-01 
 3.844583e+01  1.353650e-01 
 3.844616e+01  1.464954e-01 
 3.844648e+01  1.554597e-01 
 3.844680e+01  1.612094e-01 
 3.844713e+01  1.618404e-01 
 3.844745e+01  1.578875e-01 
 3.844777e+01  1.497466e-01 
 3.844810e+01  1.364769e-01 
 3.844842e+01  1.198771e-01 
 3.844874e+01  1.012104e-01 
 3.844906e+01  8.029504e-02 
 3.844939e+01  5.524500e-02 
 3.844971e+01  2.660009e-02 
 3.845003e+01 -3.038851e-03 
 3.845036e+01 -3.835015e-02 
 3.845068e+01 -4.340939e-02 
 3.845100e+01 -4.507624e-02 
 3.845133e+01 -4.627128e-02 
 3.845165e+01 -4.724390e-02 
 3.845197e+01 -4.534263e-02 
 3.845229e+01 -4.440515e-02 
 3.845262e+01 -2.725339e-02 
 3.845294e+01 -4.470734e-03 
 3.845326e+01  2.288982e-02 
 3.845359e+01  4.907768e-02 
 3.845391e+01  6.860319e-02 
 3.845423e+01  8.600219e-02 
 3.845456e+01  9.861052e-02 
 3.845488e+01  1.086565e-01 
 3.845520e+01  1.166079e-01 
 3.845552e+01  1.243580e-01 
 3.845585e+01  1.313049e-01 
 3.845617e+01  1.380750e-01 
 3.845649e+01  1.448515e-01 
 3.845682e+01  1.515914e-01 
 3.845714e+01  1.581714e-01 
 3.845746e+01  1.655481e-01 
 3.845779e+01  1.603596e-01 
 3.845811e+01  1.543082e-01 
 3.845843e+01  1.345002e-01 
 3.845875e+01  1.051598e-01 
 3.845908e+01  1.158169e-01 
 3.845940e+01  1.236990e-01 
 3.845972e+01  1.344755e-01 
 3.846005e+01  1.486982e-01 
 3.846037e+01  1.683374e-01 
 3.846069e+01  1.948970e-01 
 3.846102e+01  2.295906e-01 
 3.846134e+01  2.701461e-01 
 3.846166e+01  3.112643e-01 
 3.846198e+01  3.048507e-01 
 3.846231e+01  3.431961e-01 
 3.846263e+01  3.815091e-01 
 3.846295e+01  4.268142e-01 
 3.846328e+01  4.735355e-01 
 3.846360e+01  5.001206e-01 
 3.846392e+01  5.472114e-01 
 3.846425e+01  5.818525e-01 
 3.846457e+01  6.122492e-01 
 3.846489e+01  6.375184e-01 
 3.846521e+01  6.589070e-01 
 3.846554e+01  6.758856e-01 
 3.846586e+01  6.450914e-01 
 3.846618e+01  6.215013e-01 
 3.846651e+01  6.306761e-01 
 3.846683e+01  6.300038e-01 
 3.846715e+01  6.219950e-01 
 3.846748e+01  6.134103e-01 
 3.846780e+01  5.814212e-01 
 3.846812e+01  5.651163e-01 
 3.846844e+01  5.483158e-01 
 3.846877e+01  5.415256e-01 
 3.846909e+01  5.574901e-01 
 3.846941e+01  5.757924e-01 
 3.846974e+01  5.943851e-01 
 3.847006e+01  6.095555e-01 
 3.847038e+01  6.209361e-01 
 3.847070e+01  6.258477e-01 
 3.847103e+01  6.341087e-01 
 3.847135e+01  6.418427e-01 
 3.847167e+01  6.528443e-01 
 3.847200e+01  6.659298e-01 
 3.847232e+01  6.824608e-01 
 3.847264e+01  7.030871e-01 
 3.847297e+01  7.239887e-01 
 3.847329e+01  7.401685e-01 
 3.847361e+01  7.501091e-01 
 3.847393e+01  7.544537e-01 
 3.847426e+01  7.533704e-01 
 3.847458e+01  7.473920e-01 
 3.847490e+01  7.363825e-01 
 3.847523e+01  7.211721e-01 
 3.847555e+01  7.043145e-01 
 3.847587e+01  6.876481e-01 
 3.847620e+01  6.741852e-01 
 3.847652e+01  6.630898e-01 
 3.847684e+01  6.520265e-01 
 3.847716e+01  6.385189e-01 
 3.847749e+01  6.200917e-01 
 3.847781e+01  6.002282e-01 
 3.847813e+01  5.791725e-01 
 3.847846e+01  5.517195e-01 
 3.847878e+01  5.293285e-01 
 3.847910e+01  5.056552e-01 
 3.847943e+01  4.819555e-01 
 3.847975e+01  4.601725e-01 
 3.848007e+01  4.407615e-01 
 3.848039e+01  4.244381e-01 
 3.848072e+01  4.111530e-01 
 3.848104e+01  3.996925e-01 
 3.848136e+01  3.885574e-01 
 3.848169e+01  3.755286e-01 
 3.848201e+01  3.585570e-01 
 3.848233e+01  3.365242e-01 
 3.848266e+01  3.097519e-01 
 3.848298e+01  2.825804e-01 
 3.848330e+01  2.542482e-01 
 3.848362e+01  2.254842e-01 
 3.848395e+01  1.986773e-01 
 3.848427e+01  1.758336e-01 
 3.848459e+01  1.576077e-01 
 3.848492e+01  1.426485e-01 
 3.848524e+01  1.291213e-01 
 3.848556e+01  1.158323e-01 
 3.848589e+01  1.089088e-01 
 3.848621e+01  1.030517e-01 
 3.848653e+01  1.003174e-01 
 3.848685e+01  9.823178e-02 
 3.848718e+01  8.147238e-02 
 3.848750e+01  6.245886e-02 
 3.848782e+01  4.496413e-02 
 3.848815e+01  3.482991e-02 
 3.848847e+01  3.301984e-02 
 3.848879e+01  2.925111e-02 
 3.848912e+01  4.085703e-02 
 3.848944e+01  3.330889e-02 
 3.848976e+01  4.143602e-02 
 3.849008e+01  1.931527e-02 
 3.849041e+01  4.475499e-03 
 3.849073e+01 -1.961638e-02 
 3.849105e+01 -4.581056e-02 
 3.849138e+01 -6.996583e-02 
 3.849170e+01 -9.138073e-02 
 3.849202e+01 -1.145795e-01 
 3.849235e+01 -1.373447e-01 
 3.849267e+01 -1.376422e-01 
 3.849299e+01 -1.661648e-01 
 3.849331e+01 -1.952345e-01 
 3.849364e+01 -2.240522e-01 
 3.849396e+01 -2.526632e-01 
 3.849428e+01 -2.360836e-01 
 3.849461e+01 -2.612847e-01 
 3.849493e+01 -2.604041e-01 
 3.849525e+01 -2.750277e-01 
 3.849558e+01 -2.886699e-01 
 3.849590e+01 -2.934938e-01 
 3.849622e+01 -2.827980e-01 
 3.849654e+01 -2.521614e-01 
 3.849687e+01 -2.106429e-01 
 3.849719e+01 -2.124047e-01 
 3.849751e+01 -2.176763e-01 
 3.849784e+01 -2.255007e-01 
 3.849816e+01 -2.339081e-01 
 3.849848e+01 -2.400969e-01 
 3.849881e+01 -2.488182e-01 
 3.849913e+01 -2.647742e-01 
 3.849945e+01 -2.901508e-01 
 3.849977e+01 -3.199576e-01 
 3.850010e+01 -3.599069e-01 
 3.850042e+01 -4.003265e-01 
 3.850074e+01 -4.379587e-01 
 3.850107e+01 -4.751975e-01 
 3.850139e+01 -5.072828e-01 
 3.850171e+01 -5.362833e-01 
 3.850204e+01 -5.619562e-01 
 3.850236e+01 -5.876143e-01 
 3.850268e+01 -6.190445e-01 
 3.850300e+01 -6.513924e-01 
 3.850333e+01 -6.822326e-01 
 3.850365e+01 -7.089926e-01 
 3.850397e+01 -7.345740e-01 
 3.850430e+01 -7.635429e-01 
 3.850462e+01 -7.919559e-01 
 3.850494e+01 -8.168378e-01 
 3.850526e+01 -8.381725e-01 
 3.850559e+01 -8.538547e-01 
 3.850591e+01 -8.706672e-01 
 3.850623e+01 -8.881903e-01 
 3.850656e+01 -9.052739e-01 
 3.850688e+01 -9.194644e-01 
 3.850720e+01 -9.136617e-01 
 3.850753e+01 -9.117192e-01 
 3.850785e+01 -9.338380e-01 
 3.850817e+01 -9.600283e-01 
 3.850849e+01 -9.629655e-01 
 3.850882e+01 -9.931123e-01 
 3.850914e+01 -1.019991e+00 
 3.850946e+01 -1.050374e+00 
 3.850979e+01 -1.082222e+00 
 3.851011e+01 -1.112162e+00 
 3.851043e+01 -1.137546e+00 
 3.851076e+01 -1.156958e+00 
 3.851108e+01 -1.171058e+00 
 3.851140e+01 -1.185208e+00 
 3.851172e+01 -1.200912e+00 
 3.851205e+01 -1.216454e+00 
 3.851237e+01 -1.215008e+00 
 3.851269e+01 -1.232466e+00 
 3.851302e+01 -1.249391e+00 
 3.851334e+01 -1.270673e+00 
 3.851366e+01 -1.288396e+00 
 3.851399e+01 -1.279855e+00 
 3.851431e+01 -1.284834e+00 
 3.851463e+01 -1.284746e+00 
 3.851495e+01 -1.286341e+00 
 3.851528e+01 -1.295166e+00 
 3.851560e+01 -1.310603e+00 
 3.851592e+01 -1.327336e+00 
 3.851625e+01 -1.332384e+00 
 3.851657e+01 -1.337425e+00 
 3.851689e+01 -1.343078e+00 
 3.851722e+01 -1.340726e+00 
 3.851754e+01 -1.337492e+00 
 3.851786e+01 -1.331728e+00 
 3.851818e+01 -1.322937e+00 
 3.851851e+01 -1.301021e+00 
 3.851883e+01 -1.286651e+00 
 3.851915e+01 -1.255673e+00 
 3.851948e+01 -1.236894e+00 
 3.851980e+01 -1.192369e+00 
 3.852012e+01 -1.157225e+00 
 3.852045e+01 -1.122595e+00 
 3.852077e+01 -1.106685e+00 
 3.852109e+01 -1.090716e+00 
 3.852141e+01 -1.076023e+00 
 3.852174e+01 -1.061896e+00 
 3.852206e+01 -1.044951e+00 
 3.852238e+01 -1.031715e+00 
 3.852271e+01 -1.019087e+00 
 3.852303e+01 -1.008404e+00 
 3.852335e+01 -9.986998e-01 
 3.852368e+01 -9.893369e-01 
 3.852400e+01 -9.801360e-01 
 3.852432e+01 -9.717302e-01 
 3.852464e+01 -9.655695e-01 
 3.852497e+01 -9.639744e-01 
 3.852529e+01 -9.663825e-01 
 3.852561e+01 -9.731234e-01 
 3.852594e+01 -9.784663e-01 
 3.852626e+01 -9.942706e-01 
 3.852658e+01 -1.009850e+00 
 3.852691e+01 -1.035727e+00 
 3.852723e+01 -1.057733e+00 
 3.852755e+01 -1.087243e+00 
 3.852787e+01 -1.119354e+00 
 3.852820e+01 -1.147317e+00 
 3.852852e+01 -1.166296e+00 
 3.852884e+01 -1.178851e+00 
 3.852917e+01 -1.166373e+00 
 3.852949e+01 -1.143372e+00 
 3.852981e+01 -1.143174e+00 
 3.853014e+01 -1.146826e+00 
 3.853046e+01 -1.150445e+00 
 3.853078e+01 -1.153243e+00 
 3.853110e+01 -1.158354e+00 
 3.853143e+01 -1.167495e+00 
 3.853175e+01 -1.177912e+00 
 3.853207e+01 -1.192881e+00 
 3.853240e+01 -1.179068e+00 
 3.853272e+01 -1.173987e+00 
 3.853304e+01 -1.157775e+00 
 3.853337e+01 -1.164694e+00 
 3.853369e+01 -1.170181e+00 
 3.853401e+01 -1.174235e+00 
 3.853433e+01 -1.183045e+00 
 3.853466e+01 -1.188885e+00 
 3.853498e+01 -1.226579e+00 
 3.853530e+01 -1.271500e+00 
 3.853563e+01 -1.293074e+00 
 3.853595e+01 -1.327443e+00 
 3.853627e+01 -1.353876e+00 
 3.853660e+01 -1.347597e+00 
 3.853692e+01 -1.355651e+00 
 3.853724e+01 -1.253413e+00 
 3.853756e+01 -1.245899e+00 
 3.853789e+01 -1.231964e+00 
 3.853821e+01 -1.210446e+00 
 3.853853e+01 -1.190338e+00 
 3.853886e+01 -1.173000e+00 
 3.853918e+01 -1.161811e+00 
 3.853950e+01 -1.154951e+00 
 3.853983e+01 -1.157572e+00 
 3.854015e+01 -1.161493e+00 
 3.854047e+01 -1.167846e+00 
 3.854079e+01 -1.144066e+00 
 3.854112e+01 -1.110758e+00 
 3.854144e+01 -1.078487e+00 
 3.854176e+01 -1.038613e+00 
 3.854209e+01 -1.030110e+00 
 3.854241e+01 -1.014829e+00 
 3.854273e+01 -1.005761e+00 
 3.854306e+01 -1.001911e+00 
 3.854338e+01 -1.011875e+00 
 3.854370e+01 -1.034851e+00 
 3.854402e+01 -1.065069e+00 
 3.854435e+01 -1.095473e+00 
 3.854467e+01 -1.122369e+00 
 3.854499e+01 -1.141530e+00 
 3.854532e+01 -1.150633e+00 
 3.854564e+01 -1.151498e+00 
 3.854596e+01 -1.146271e+00 
 3.854628e+01 -1.136511e+00 
 3.854661e+01 -1.123883e+00 
 3.854693e+01 -1.113629e+00 
 3.854725e+01 -1.109238e+00 
 3.854758e+01 -1.116676e+00 
 3.854790e+01 -1.131828e+00 
 3.854822e+01 -1.148950e+00 
 3.854855e+01 -1.161946e+00 
 3.854887e+01 -1.169860e+00 
 3.854919e+01 -1.168613e+00 
 3.854951e+01 -1.156352e+00 
 3.854984e+01 -1.130214e+00 
 3.855016e+01 -1.100345e+00 
 3.855048e+01 -1.068173e+00 
 3.855081e+01 -1.043824e+00 
 3.855113e+01 -1.026733e+00 
 3.855145e+01 -9.970493e-01 
 3.855178e+01 -9.940887e-01 
 3.855210e+01 -1.002151e+00 
 3.855242e+01 -1.017223e+00 
 3.855274e+01 -9.747669e-01 
 3.855307e+01 -9.659507e-01 
 3.855339e+01 -9.786146e-01 
 3.855371e+01 -9.823511e-01 
 3.855404e+01 -9.765792e-01 
 3.855436e+01 -9.704969e-01 
 3.855468e+01 -9.634870e-01 
 3.855501e+01 -9.614356e-01 
 3.855533e+01 -9.661240e-01 
 3.855565e+01 -9.805932e-01 
 3.855597e+01 -1.002540e+00 
 3.855630e+01 -1.030681e+00 
 3.855662e+01 -1.061749e+00 
 3.855694e+01 -1.093267e+00 
 3.855727e+01 -1.123733e+00 
 3.855759e+01 -1.154811e+00 
 3.855791e+01 -1.189279e+00 
 3.855824e+01 -1.225159e+00 
 3.855856e+01 -1.256356e+00 
 3.855888e+01 -1.287891e+00 
 3.855920e+01 -1.329895e+00 
 3.855953e+01 -1.390843e+00 
 3.855985e+01 -1.466285e+00 
 3.856017e+01 -1.537300e+00 
 3.856050e+01 -1.593557e+00 
 3.856082e+01 -1.630823e+00 
 3.856114e+01 -1.659079e+00 
 3.856147e+01 -1.687118e+00 
 3.856179e+01 -1.706064e+00 
 3.856211e+01 -1.704225e+00 
 3.856243e+01 -1.695356e+00 
 3.856276e+01 -1.683554e+00 
 3.856308e+01 -1.675258e+00 
 3.856340e+01 -1.666733e+00 
 3.856373e+01 -1.664475e+00 
 3.856405e+01 -1.665477e+00 
 3.856437e+01 -1.665843e+00 
 3.856470e+01 -1.664492e+00 
 3.856502e+01 -1.649278e+00 
 3.856534e+01 -1.633340e+00 
 3.856566e+01 -1.612790e+00 
 3.856599e+01 -1.584826e+00 
 3.856631e+01 -1.552065e+00 
 3.856663e+01 -1.499255e+00 
 3.856696e+01 -1.445666e+00 
 3.856728e+01 -1.411184e+00 
 3.856760e+01 -1.360532e+00 
 3.856793e+01 -1.317871e+00 
 3.856825e+01 -1.312841e+00 
 3.856857e+01 -1.313882e+00 
 3.856889e+01 -1.320224e+00 
 3.856922e+01 -1.322643e+00 
 3.856954e+01 -1.324847e+00 
 3.856986e+01 -1.324559e+00 
 3.857019e+01 -1.318856e+00 
 3.857051e+01 -1.313159e+00 
 3.857083e+01 -1.300933e+00 
 3.857116e+01 -1.296924e+00 
 3.857148e+01 -1.295607e+00 
 3.857180e+01 -1.297619e+00 
 3.857212e+01 -1.303467e+00 
 3.857245e+01 -1.308340e+00 
 3.857277e+01 -1.315879e+00 
 3.857309e+01 -1.317930e+00 
 3.857342e+01 -1.317370e+00 
 3.857374e+01 -1.316481e+00 
 3.857406e+01 -1.307799e+00 
 3.857439e+01 -1.292819e+00 
 3.857471e+01 -1.260148e+00 
 3.857503e+01 -1.215592e+00 
 3.857535e+01 -1.177493e+00 
 3.857568e+01 -1.165850e+00 
 3.857600e+01 -1.164308e+00 
 3.857632e+01 -1.167097e+00 
 3.857665e+01 -1.178503e+00 
 3.857697e+01 -1.173314e+00 
 3.857729e+01 -1.186484e+00 
 3.857762e+01 -1.194952e+00 
 3.857794e+01 -1.181407e+00 
 3.857826e+01 -1.183237e+00 
 3.857858e+01 -1.180840e+00 
 3.857891e+01 -1.173792e+00 
 3.857923e+01 -1.163819e+00 
 3.857955e+01 -1.154256e+00 
 3.857988e+01 -1.150825e+00 
 3.858020e+01 -1.163877e+00 
 3.858052e+01 -1.190455e+00 
 3.858084e+01 -1.231383e+00 
 3.858117e+01 -1.276429e+00 
 3.858149e+01 -1.319879e+00 
 3.858181e+01 -1.357672e+00 
 3.858214e+01 -1.393201e+00 
 3.858246e+01 -1.411554e+00 
 3.858278e+01 -1.409533e+00 
 3.858311e+01 -1.406167e+00 
 3.858343e+01 -1.403997e+00 
 3.858375e+01 -1.398891e+00 
 3.858407e+01 -1.393068e+00 
 3.858440e+01 -1.404090e+00 
 3.858472e+01 -1.420468e+00 
 3.858504e+01 -1.432647e+00 
 3.858537e+01 -1.449540e+00 
 3.858569e+01 -1.466476e+00 
 3.858601e+01 -1.480730e+00 
 3.858634e+01 -1.489777e+00 
 3.858666e+01 -1.492249e+00 
 3.858698e+01 -1.474993e+00 
 3.858730e+01 -1.463514e+00 
 3.858763e+01 -1.448113e+00 
 3.858795e+01 -1.433084e+00 
 3.858827e+01 -1.424493e+00 
 3.858860e+01 -1.426790e+00 
 3.858892e+01 -1.412695e+00 
 3.858924e+01 -1.428661e+00 
 3.858957e+01 -1.428917e+00 
 3.858989e+01 -1.427281e+00 
 3.859021e+01 -1.440109e+00 
 3.859053e+01 -1.446794e+00 
 3.859086e+01 -1.444096e+00 
 3.859118e+01 -1.433276e+00 
 3.859150e+01 -1.415497e+00 
 3.859183e+01 -1.394936e+00 
 3.859215e+01 -1.376392e+00 
 3.859247e+01 -1.361207e+00 
 3.859280e+01 -1.350287e+00 
 3.859312e+01 -1.345426e+00 
 3.859344e+01 -1.347970e+00 
 3.859376e+01 -1.352385e+00 
 3.859409e+01 -1.358685e+00 
 3.859441e+01 -1.359226e+00 
 3.859473e+01 -1.352425e+00 
 3.859506e+01 -1.337969e+00 
 3.859538e+01 -1.315055e+00 
 3.859570e+01 -1.296383e+00 
 3.859603e+01 -1.278197e+00 
 3.859635e+01 -1.263023e+00 
 3.859667e+01 -1.254954e+00 
 3.859699e+01 -1.254323e+00 
 3.859732e+01 -1.261914e+00 
 3.859764e+01 -1.276373e+00 
 3.859796e+01 -1.292724e+00 
 3.859829e+01 -1.307463e+00 
 3.859861e+01 -1.319171e+00 
 3.859893e+01 -1.326894e+00 
 3.859926e+01 -1.330545e+00 
 3.859958e+01 -1.324986e+00 
 3.859990e+01 -1.320034e+00 
 3.860022e+01 -1.316847e+00 
 3.860055e+01 -1.319666e+00 
 3.860087e+01 -1.330037e+00 
 3.860119e+01 -1.347573e+00 
 3.860152e+01 -1.369986e+00 
 3.860184e+01 -1.395078e+00 
 3.860216e+01 -1.420396e+00 
 3.860249e+01 -1.442693e+00 
 3.860281e+01 -1.460339e+00 
 3.860313e+01 -1.468869e+00 
 3.860345e+01 -1.472369e+00 
 3.860378e+01 -1.471099e+00 
 3.860410e+01 -1.471757e+00 
 3.860442e+01 -1.473451e+00 
 3.860475e+01 -1.482973e+00 
 3.860507e+01 -1.497048e+00 
 3.860539e+01 -1.518296e+00 
 3.860572e+01 -1.544644e+00 
 3.860604e+01 -1.574586e+00 
 3.860636e+01 -1.604350e+00 
 3.860668e+01 -1.632175e+00 
 3.860701e+01 -1.655322e+00 
 3.860733e+01 -1.671241e+00 
 3.860765e+01 -1.681603e+00 
 3.860798e+01 -1.689937e+00 
 3.860830e+01 -1.698366e+00 
 3.860862e+01 -1.709087e+00 
 3.860895e+01 -1.708029e+00 
 3.860927e+01 -1.727306e+00 
 3.860959e+01 -1.749939e+00 
 3.860991e+01 -1.772013e+00 
 3.861024e+01 -1.775313e+00 
 3.861056e+01 -1.786405e+00 
 3.861088e+01 -1.791308e+00 
 3.861121e+01 -1.788757e+00 
 3.861153e+01 -1.779750e+00 
 3.861185e+01 -1.765492e+00 
 3.861217e+01 -1.750131e+00 
 3.861250e+01 -1.736648e+00 
 3.861282e+01 -1.728048e+00 
 3.861314e+01 -1.724812e+00 
 3.861347e+01 -1.725485e+00 
 3.861379e+01 -1.726749e+00 
 3.861411e+01 -1.728713e+00 
 3.861444e+01 -1.727833e+00 
 3.861476e+01 -1.720642e+00 
 3.861508e+01 -1.704692e+00 
 3.861540e+01 -1.678795e+00 
 3.861573e+01 -1.646081e+00 
 3.861605e+01 -1.606098e+00 
 3.861637e+01 -1.569323e+00 
 3.861670e+01 -1.525734e+00 
 3.861702e+01 -1.488783e+00 
 3.861734e+01 -1.455548e+00 
 3.861767e+01 -1.424550e+00 
 3.861799e+01 -1.396441e+00 
 3.861831e+01 -1.370281e+00 
 3.861863e+01 -1.341409e+00 
 3.861896e+01 -1.308208e+00 
 3.861928e+01 -1.269949e+00 
 3.861960e+01 -1.229645e+00 
 3.861993e+01 -1.184754e+00 
 3.862025e+01 -1.137018e+00 
 3.862057e+01 -1.090682e+00 
 3.862090e+01 -1.049010e+00 
 3.862122e+01 -1.013992e+00 
 3.862154e+01 -9.858618e-01 
 3.862186e+01 -9.630830e-01 
 3.862219e+01 -9.430113e-01 
 3.862251e+01 -9.232738e-01 
 3.862283e+01 -9.055628e-01 
 3.862316e+01 -8.896552e-01 
 3.862348e+01 -8.745037e-01 
 3.862380e+01 -8.592565e-01 
 3.862413e+01 -8.460911e-01 
 3.862445e+01 -8.358324e-01 
 3.862477e+01 -8.303662e-01 
 3.862509e+01 -8.307987e-01 
 3.862542e+01 -8.302842e-01 
 3.862574e+01 -8.114877e-01 
 3.862606e+01 -7.871145e-01 
 3.862639e+01 -7.933173e-01 
 3.862671e+01 -7.758537e-01 
 3.862703e+01 -7.767910e-01 
 3.862736e+01 -7.713077e-01 
 3.862768e+01 -7.564285e-01 
 3.862800e+01 -7.422713e-01 
 3.862832e+01 -7.249781e-01 
 3.862865e+01 -7.106487e-01 
 3.862897e+01 -6.980721e-01 
 3.862929e+01 -6.879422e-01 
 3.862962e+01 -6.802854e-01 
 3.862994e+01 -6.751480e-01 
 3.863026e+01 -6.692639e-01 
 3.863059e+01 -6.599375e-01 
 3.863091e+01 -6.472014e-01 
 3.863123e+01 -6.318375e-01 
 3.863155e+01 -6.153277e-01 
 3.863188e+01 -5.984607e-01 
 3.863220e+01 -5.794150e-01 
 3.863252e+01 -5.611926e-01 
 3.863285e+01 -5.435144e-01 
 3.863317e+01 -5.255915e-01 
 3.863349e+01 -5.114438e-01 
 3.863382e+01 -4.962060e-01 
 3.863414e+01 -4.795383e-01 
 3.863446e+01 -4.612215e-01 
 3.863478e+01 -4.422016e-01 
 3.863511e+01 -4.222550e-01 
 3.863543e+01 -4.012617e-01 
 3.863575e+01 -3.781352e-01 
 3.863608e+01 -3.526983e-01 
 3.863640e+01 -3.281915e-01 
 3.863672e+01 -3.038163e-01 
 3.863705e+01 -2.747421e-01 
 3.863737e+01 -2.578946e-01 
 3.863769e+01 -2.399010e-01 
 3.863801e+01 -2.276261e-01 
 3.863834e+01 -2.171297e-01 
 3.863866e+01 -1.993036e-01 
 3.863898e+01 -1.909597e-01 
 3.863931e+01 -1.812122e-01 
 3.863963e+01 -1.680724e-01 
 3.863995e+01 -1.542084e-01 
 3.864028e+01 -1.403364e-01 
 3.864060e+01 -1.263598e-01 
 3.864092e+01 -1.128543e-01 
 3.864124e+01 -8.160051e-02 
 3.864157e+01 -7.673290e-02 
 3.864189e+01 -7.324203e-02 
 3.864221e+01 -7.312978e-02 
 3.864254e+01 -7.300999e-02 
 3.864286e+01 -6.761438e-02 
 3.864318e+01 -6.266778e-02 
 3.864351e+01 -5.862124e-02 
 3.864383e+01 -4.844250e-02 
 3.864415e+01 -3.792635e-02 
 3.864447e+01 -7.309899e-03 
 3.864480e+01  7.380986e-03 
 3.864512e+01  2.205633e-02 
 3.864544e+01  3.439501e-02 
 3.864577e+01  4.387307e-02 
 3.864609e+01  3.240677e-02 
 3.864641e+01  3.395390e-02 
 3.864673e+01  3.215465e-02 
 3.864706e+01  2.591256e-02 
 3.864738e+01  1.780224e-02 
 3.864770e+01  1.089333e-02 
 3.864803e+01  6.018006e-03 
 3.864835e+01  7.127463e-03 
 3.864867e+01  8.764675e-03 
 3.864900e+01  1.125648e-02 
 3.864932e+01  1.090326e-02 
 3.864964e+01  1.282260e-03 
 3.864996e+01 -6.848823e-03 
 3.865029e+01 -2.189435e-02 
 3.865061e+01 -4.464232e-02 
 3.865093e+01 -7.220913e-02 
 3.865126e+01 -1.012533e-01 
 3.865158e+01 -1.314379e-01 
 3.865190e+01 -1.603676e-01 
 3.865223e+01 -1.878636e-01 
 3.865255e+01 -2.124089e-01 
 3.865287e+01 -2.320151e-01 
 3.865319e+01 -2.459138e-01 
 3.865352e+01 -2.619225e-01 
 3.865384e+01 -2.771081e-01 
 3.865416e+01 -2.969477e-01 
 3.865449e+01 -3.212802e-01 
 3.865481e+01 -3.492918e-01 
 3.865513e+01 -3.791213e-01 
 3.865546e+01 -4.092964e-01 
 3.865578e+01 -4.374494e-01 
 3.865610e+01 -4.620398e-01 
 3.865642e+01 -4.824333e-01 
 3.865675e+01 -4.989897e-01 
 3.865707e+01 -5.144211e-01 
 3.865739e+01 -5.254992e-01 
 3.865772e+01 -5.429611e-01 
 3.865804e+01 -5.613716e-01 
 3.865836e+01 -5.818464e-01 
 3.865869e+01 -6.048594e-01 
 3.865901e+01 -6.311800e-01 
 3.865933e+01 -6.601534e-01 
 3.865965e+01 -6.886190e-01 
 3.865998e+01 -7.142615e-01 
 3.866030e+01 -7.343724e-01 
 3.866062e+01 -7.517235e-01 
 3.866095e+01 -7.673798e-01 
 3.866127e+01 -7.822179e-01 
 3.866159e+01 -7.973952e-01 
 3.866192e+01 -8.137182e-01 
 3.866224e+01 -8.298284e-01 
 3.866256e+01 -8.473614e-01 
 3.866288e+01 -8.655315e-01 
 3.866321e+01 -8.824850e-01 
 3.866353e+01 -8.959102e-01 
 3.866385e+01 -9.069285e-01 
 3.866418e+01 -9.162001e-01 
 3.866450e+01 -9.222613e-01 
 3.866482e+01 -9.245151e-01 
 3.866515e+01 -9.252064e-01 
 3.866547e+01 -9.270734e-01 
 3.866579e+01 -9.274517e-01 
 3.866611e+01 -9.317653e-01 
 3.866644e+01 -9.399213e-01 
 3.866676e+01 -9.514800e-01 
 3.866708e+01 -9.656717e-01 
 3.866741e+01 -9.843037e-01 
 3.866773e+01 -1.004609e+00 
 3.866805e+01 -1.023781e+00 
 3.866838e+01 -1.039379e+00 
 3.866870e+01 -1.051740e+00 
 3.866902e+01 -1.062394e+00 
 3.866934e+01 -1.073323e+00 
 3.866967e+01 -1.089089e+00 
 3.866999e+01 -1.106402e+00 
 3.867031e+01 -1.126192e+00 
 3.867064e+01 -1.145824e+00 
 3.867096e+01 -1.167509e+00 
 3.867128e+01 -1.189048e+00 
 3.867161e+01 -1.204079e+00 
 3.867193e+01 -1.221441e+00 
 3.867225e+01 -1.235836e+00 
 3.867257e+01 -1.248596e+00 
 3.867290e+01 -1.259968e+00 
 3.867322e+01 -1.271548e+00 
 3.867354e+01 -1.284056e+00 
 3.867387e+01 -1.298506e+00 
 3.867419e+01 -1.316702e+00 
 3.867451e+01 -1.334626e+00 
 3.867484e+01 -1.358853e+00 
 3.867516e+01 -1.383590e+00 
 3.867548e+01 -1.406255e+00 
 3.867580e+01 -1.426160e+00 
 3.867613e+01 -1.443145e+00 
 3.867645e+01 -1.457758e+00 
 3.867677e+01 -1.469166e+00 
 3.867710e+01 -1.477342e+00 
 3.867742e+01 -1.485091e+00 
 3.867774e+01 -1.493641e+00 
 3.867807e+01 -1.500495e+00 
 3.867839e+01 -1.508844e+00 
 3.867871e+01 -1.515995e+00 
 3.867903e+01 -1.521593e+00 
 3.867936e+01 -1.525561e+00 
 3.867968e+01 -1.528030e+00 
 3.868000e+01 -1.527499e+00 
 3.868033e+01 -1.521615e+00 
 3.868065e+01 -1.510362e+00 
 3.868097e+01 -1.494586e+00 
 3.868129e+01 -1.477290e+00 
 3.868162e+01 -1.458983e+00 
 3.868194e+01 -1.439536e+00 
 3.868226e+01 -1.420755e+00 
 3.868259e+01 -1.404468e+00 
 3.868291e+01 -1.390255e+00 
 3.868323e+01 -1.377457e+00 
 3.868356e+01 -1.363917e+00 
 3.868388e+01 -1.352596e+00 
 3.868420e+01 -1.338166e+00 
 3.868452e+01 -1.321701e+00 
 3.868485e+01 -1.305650e+00 
 3.868517e+01 -1.289470e+00 
 3.868549e+01 -1.274026e+00 
 3.868582e+01 -1.260898e+00 
 3.868614e+01 -1.249992e+00 
 3.868646e+01 -1.242718e+00 
 3.868679e+01 -1.237716e+00 
 3.868711e+01 -1.235158e+00 
 3.868743e+01 -1.234733e+00 
 3.868775e+01 -1.235802e+00 
 3.868808e+01 -1.235887e+00 
 3.868840e+01 -1.232649e+00 
 3.868872e+01 -1.224415e+00 
 3.868905e+01 -1.212292e+00 
 3.868937e+01 -1.197194e+00 
 3.868969e+01 -1.180214e+00 
 3.869002e+01 -1.163837e+00 
 3.869034e+01 -1.148677e+00 
 3.869066e+01 -1.150713e+00 
 3.869098e+01 -1.138506e+00 
 3.869131e+01 -1.140041e+00 
 3.869163e+01 -1.133127e+00 
 3.869195e+01 -1.141565e+00 
 3.869228e+01 -1.133759e+00 
 3.869260e+01 -1.125347e+00 
 3.869292e+01 -1.115185e+00 
 3.869325e+01 -1.102377e+00 
 3.869357e+01 -1.086814e+00 
 3.869389e+01 -1.069183e+00 
 3.869421e+01 -1.048391e+00 
 3.869454e+01 -1.025242e+00 
 3.869486e+01 -1.001887e+00 
 3.869518e+01 -9.794308e-01 
 3.869551e+01 -9.569479e-01 
 3.869583e+01 -9.337308e-01 
 3.869615e+01 -9.099130e-01 
 3.869648e+01 -8.858831e-01 
 3.869680e+01 -8.635332e-01 
 3.869712e+01 -8.445327e-01 
 3.869744e+01 -8.273441e-01 
 3.869777e+01 -8.119051e-01 
 3.869809e+01 -7.977359e-01 
 3.869841e+01 -7.846406e-01 
 3.869874e+01 -7.721661e-01 
 3.869906e+01 -7.611072e-01 
 3.869938e+01 -7.506020e-01 
 3.869971e+01 -7.406944e-01 
 3.870003e+01 -7.338894e-01 
 3.870035e+01 -7.252174e-01 
 3.870067e+01 -7.156670e-01 
 3.870100e+01 -7.029212e-01 
 3.870132e+01 -6.878968e-01 
 3.870164e+01 -6.721739e-01 
 3.870197e+01 -6.558168e-01 
 3.870229e+01 -6.403485e-01 
 3.870261e+01 -6.264747e-01 
 3.870294e+01 -6.153237e-01 
 3.870326e+01 -6.063878e-01 
 3.870358e+01 -6.003437e-01 
 3.870390e+01 -5.955491e-01 
 3.870423e+01 -5.931386e-01 
 3.870455e+01 -5.929653e-01 
 3.870487e+01 -5.880683e-01 
 3.870520e+01 -5.833199e-01 
 3.870552e+01 -5.798199e-01 
 3.870584e+01 -5.773227e-01 
 3.870617e+01 -5.759171e-01 
 3.870649e+01 -5.755852e-01 
 3.870681e+01 -5.789739e-01 
 3.870713e+01 -5.813827e-01 
 3.870746e+01 -5.846399e-01 
 3.870778e+01 -5.899406e-01 
 3.870810e+01 -5.945527e-01 
 3.870843e+01 -5.991195e-01 
 3.870875e+01 -6.012768e-01 
 3.870907e+01 -6.002043e-01 
 3.870940e+01 -5.955422e-01 
 3.870972e+01 -5.883462e-01 
 3.871004e+01 -5.789602e-01 
 3.871036e+01 -5.689881e-01 
 3.871069e+01 -5.593823e-01 
 3.871101e+01 -5.638279e-01 
 3.871133e+01 -5.547234e-01 
 3.871166e+01 -5.455603e-01 
 3.871198e+01 -5.371551e-01 
 3.871230e+01 -5.289729e-01 
 3.871263e+01 -5.184526e-01 
 3.871295e+01 -5.069632e-01 
 3.871327e+01 -4.942017e-01 
 3.871359e+01 -4.793615e-01 
 3.871392e+01 -4.622940e-01 
 3.871424e+01 -4.438684e-01 
 3.871456e+01 -4.254104e-01 
 3.871489e+01 -4.074462e-01 
 3.871521e+01 -3.916659e-01 
 3.871553e+01 -3.805732e-01 
 3.871585e+01 -3.732485e-01 
 3.871618e+01 -3.712175e-01 
 3.871650e+01 -3.676049e-01 
 3.871682e+01 -3.638889e-01 
 3.871715e+01 -3.595599e-01 
 3.871747e+01 -3.532081e-01 
 3.871779e+01 -3.447369e-01 
 3.871812e+01 -3.360320e-01 
 3.871844e+01 -3.280915e-01 
 3.871876e+01 -3.381567e-01 
 3.871908e+01 -3.341404e-01 
 3.871941e+01 -3.344942e-01 
 3.871973e+01 -3.347760e-01 
 3.872005e+01 -3.382618e-01 
 3.872038e+01 -3.443934e-01 
 3.872070e+01 -3.528401e-01 
 3.872102e+01 -3.615475e-01 
 3.872135e+01 -3.693667e-01 
 3.872167e+01 -3.758982e-01 
 3.872199e+01 -3.819200e-01 
 3.872231e+01 -3.873844e-01 
 3.872264e+01 -3.925773e-01 
 3.872296e+01 -3.986566e-01 
 3.872328e+01 -4.063064e-01 
 3.872361e+01 -4.162880e-01 
 3.872393e+01 -4.277280e-01 
 3.872425e+01 -4.370470e-01 
 3.872458e+01 -4.463156e-01 
 3.872490e+01 -4.550149e-01 
 3.872522e+01 -4.610109e-01 
 3.872554e+01 -4.636983e-01 
 3.872587e+01 -4.662508e-01 
 3.872619e+01 -4.653453e-01 
 3.872651e+01 -4.676358e-01 
 3.872684e+01 -4.688629e-01 
 3.872716e+01 -4.694815e-01 
 3.872748e+01 -4.699856e-01 
 3.872781e+01 -4.719968e-01 
 3.872813e+01 -4.769316e-01 
 3.872845e+01 -4.845398e-01 
 3.872877e+01 -4.948166e-01 
 3.872910e+01 -5.307414e-01 
 3.872942e+01 -5.406666e-01 
 3.872974e+01 -5.404658e-01 
 3.873007e+01 -5.353575e-01 
 3.873039e+01 -5.246784e-01 
 3.873071e+01 -5.228591e-01 
 3.873104e+01 -5.610820e-01 
 3.873136e+01 -6.124967e-01 
 3.873168e+01 -5.509676e-01 
 3.873200e+01 -4.398582e-01 
 3.873233e+01 -5.013478e-01 
 3.873265e+01 -5.662389e-01 
 3.873297e+01 -5.535017e-01 
 3.873330e+01 -6.002155e-01 
 3.873362e+01 -5.374004e-01 
 3.873394e+01 -5.662936e-01 
 3.873427e+01 -6.058972e-01 
 3.873459e+01 -5.297252e-01 
 3.873491e+01 -6.016238e-01 
 3.873523e+01 -5.686193e-01 
 3.873556e+01 -5.537742e-01 
 3.873588e+01 -6.053938e-01 
 3.873620e+01 -5.915463e-01 
 3.873653e+01 -6.069726e-01 
 3.873685e+01 -6.210702e-01 
 3.873717e+01 -5.863713e-01 
 3.873750e+01 -6.007220e-01 
 3.873782e+01 -6.568655e-01 
 3.873814e+01 -6.848405e-01 
 3.873846e+01 -6.706274e-01 
 3.873879e+01 -5.852783e-01 
 3.873911e+01 -5.742501e-01 
 3.873943e+01 -6.918924e-01 
 3.873976e+01 -6.763546e-01 
 3.874008e+01 -6.729150e-01 
 3.874040e+01 -6.740788e-01 
 3.874073e+01 -6.681586e-01 
 3.874105e+01 -6.683727e-01 
 3.874137e+01 -7.182017e-01 
 3.874169e+01 -6.638518e-01 
 3.874202e+01 -7.102558e-01 
 3.874234e+01 -6.898328e-01 
 3.874266e+01 -6.287489e-01 
 3.874299e+01 -7.421725e-01 
 3.874331e+01 -6.762781e-01 
 3.874363e+01 -7.049350e-01 
 3.874395e+01 -6.806071e-01 
 3.874428e+01 -6.432042e-01 
 3.874460e+01 -6.614543e-01 
 3.874492e+01 -6.254376e-01 
 3.874525e+01 -6.396980e-01 
 3.874557e+01 -6.181860e-01 
 3.874589e+01 -5.951082e-01 
 3.874622e+01 -6.202245e-01 
 3.874654e+01 -5.718410e-01 
 3.874686e+01 -5.706078e-01 
 3.874718e+01 -5.748458e-01 
 3.874751e+01 -5.444647e-01 
 3.874783e+01 -5.472360e-01 
 3.874815e+01 -5.386853e-01 
 3.874848e+01 -5.403520e-01 
 3.874880e+01 -5.499186e-01 
 3.874912e+01 -5.360664e-01 
 3.874945e+01 -5.615511e-01 
 3.874977e+01 -5.421134e-01 
 3.875009e+01 -5.590897e-01 
 3.875041e+01 -5.290529e-01 
 3.875074e+01 -5.246941e-01 
 3.875106e+01 -5.374457e-01 
 3.875138e+01 -5.423067e-01 
 3.875171e+01 -5.763497e-01 
 3.875203e+01 -5.621293e-01 
 3.875235e+01 -5.356721e-01 
 3.875268e+01 -5.190948e-01 
 3.875300e+01 -5.713801e-01 
 3.875332e+01 -6.051068e-01 
 3.875364e+01 -5.798861e-01 
 3.875397e+01 -5.948409e-01 
 3.875429e+01 -5.983113e-01 
 3.875461e+01 -5.561714e-01 
 3.875494e+01 -6.067739e-01 
 3.875526e+01 -6.314702e-01 
 3.875558e+01 -6.245439e-01 
 3.875591e+01 -6.437730e-01 
 3.875623e+01 -6.444613e-01 
 3.875655e+01 -6.587544e-01 
 3.875687e+01 -6.912151e-01 
 3.875720e+01 -6.791671e-01 
 3.875752e+01 -6.763710e-01 
 3.875784e+01 -6.771403e-01 
 3.875817e+01 -7.168571e-01 
 3.875849e+01 -7.264945e-01 
 3.875881e+01 -7.596259e-01 
 3.875914e+01 -7.568791e-01 
 3.875946e+01 -7.259348e-01 
 3.875978e+01 -7.705958e-01 
 3.876010e+01 -7.562589e-01 
 3.876043e+01 -7.496341e-01 
 3.876075e+01 -7.446463e-01 
 3.876107e+01 -7.158756e-01 
 3.876140e+01 -6.932344e-01 
 3.876172e+01 -6.668370e-01 
 3.876204e+01 -7.056316e-01 
 3.876237e+01 -6.885401e-01 
 3.876269e+01 -6.531528e-01 
 3.876301e+01 -6.097108e-01 
 3.876333e+01 -5.929473e-01 
 3.876366e+01 -6.075098e-01 
 3.876398e+01 -6.036645e-01 
 3.876430e+01 -5.375203e-01 
 3.876463e+01 -5.181374e-01 
 3.876495e+01 -4.902500e-01 
 3.876527e+01 -5.084249e-01 
 3.876560e+01 -5.232576e-01 
 3.876592e+01 -5.215221e-01 
 3.876624e+01 -4.902804e-01 
 3.876656e+01 -4.837279e-01 
 3.876689e+01 -5.094907e-01 
 3.876721e+01 -4.694308e-01 
 3.876753e+01 -4.442146e-01 
 3.876786e+01 -4.713708e-01 
 3.876818e+01 -4.564494e-01 
 3.876850e+01 -4.236358e-01 
 3.876883e+01 -4.268786e-01 
 3.876915e+01 -4.342385e-01 
 3.876947e+01 -4.358763e-01 
 3.876979e+01 -4.063412e-01 
 3.877012e+01 -4.152777e-01 
 3.877044e+01 -3.948166e-01 
 3.877076e+01 -3.769747e-01 
 3.877109e+01 -3.862501e-01 
 3.877141e+01 -3.662869e-01 
 3.877173e+01 -3.866983e-01 
 3.877205e+01 -4.033253e-01 
 3.877238e+01 -3.908096e-01 
 3.877270e+01 -3.658312e-01 
 3.877302e+01 -3.344463e-01 
 3.877335e+01 -3.269477e-01 
 3.877367e+01 -3.437057e-01 
 3.877399e+01 -3.648905e-01 
 3.877432e+01 -3.443196e-01 
 3.877464e+01 -3.349116e-01 
 3.877496e+01 -3.267938e-01 
 3.877528e+01 -3.065391e-01 
 3.877561e+01 -3.063892e-01 
 3.877593e+01 -3.118048e-01 
 3.877625e+01 -2.995222e-01 
 3.877658e+01 -2.544754e-01 
 3.877690e+01 -2.593890e-01 
 3.877722e+01 -2.539305e-01 
 3.877755e+01 -3.011476e-01 
 3.877787e+01 -3.768159e-01 
 3.877819e+01 -3.662202e-01 
 3.877851e+01 -3.555515e-01 
 3.877884e+01 -3.902668e-01 
 3.877916e+01 -4.202262e-01 
 3.877948e+01 -3.812531e-01 
 3.877981e+01 -3.546378e-01 
 3.878013e+01 -3.384827e-01 
 3.878045e+01 -3.357156e-01 
 3.878078e+01 -3.636602e-01 
 3.878110e+01 -3.262392e-01 
 3.878142e+01 -3.161675e-01 
 3.878174e+01 -3.203971e-01 
 3.878207e+01 -2.946982e-01 
 3.878239e+01 -3.243704e-01 
 3.878271e+01 -3.370926e-01 
 3.878304e+01 -3.296919e-01 
 3.878336e+01 -3.278635e-01 
 3.878368e+01 -3.126379e-01 
 3.878401e+01 -3.309135e-01 
 3.878433e+01 -3.566990e-01 
 3.878465e+01 -3.539223e-01 
 3.878497e+01 -3.447012e-01 
 3.878530e+01 -3.157358e-01 
 3.878562e+01 -3.310148e-01 
 3.878594e+01 -3.708554e-01 
 3.878627e+01 -3.815793e-01 
 3.878659e+01 -3.650244e-01 
 3.878691e+01 -3.734009e-01 
 3.878724e+01 -3.842659e-01 
 3.878756e+01 -3.974967e-01 
 3.878788e+01 -4.259189e-01 
 3.878820e+01 -4.137000e-01 
 3.878853e+01 -4.215095e-01 
 3.878885e+01 -4.123839e-01 
 3.878917e+01 -4.031130e-01 
 3.878950e+01 -4.037683e-01 
 3.878982e+01 -4.212631e-01 
 3.879014e+01 -4.090328e-01 
 3.879047e+01 -4.219978e-01 
 3.879079e+01 -4.232862e-01 
 3.879111e+01 -4.277095e-01 
 3.879143e+01 -4.384741e-01 
 3.879176e+01 -4.458870e-01 
 3.879208e+01 -4.622180e-01 
 3.879240e+01 -4.430827e-01 
 3.879273e+01 -4.513389e-01 
 3.879305e+01 -4.267744e-01 
 3.879337e+01 -3.853149e-01 
 3.879370e+01 -3.870095e-01 
 3.879402e+01 -3.943284e-01 
 3.879434e+01 -3.856226e-01 
 3.879466e+01 -3.819958e-01 
 3.879499e+01 -3.740532e-01 
 3.879531e+01 -3.629102e-01 
 3.879563e+01 -3.350474e-01 
 3.879596e+01 -3.188420e-01 
 3.879628e+01 -3.614294e-01 
 3.879660e+01 -3.587288e-01 
 3.879693e+01 -3.453107e-01 
 3.879725e+01 -3.057176e-01 
 3.879757e+01 -3.032125e-01 
 3.879789e+01 -3.093276e-01 
 3.879822e+01 -2.858442e-01 
 3.879854e+01 -2.715054e-01 
 3.879886e+01 -2.402193e-01 
 3.879919e+01 -2.325254e-01 
 3.879951e+01 -2.470742e-01 
 3.879983e+01 -2.497654e-01 
 3.880015e+01 -2.426138e-01 
 3.880048e+01 -2.209360e-01 
 3.880080e+01 -2.185147e-01 
 3.880112e+01 -2.259880e-01 
 3.880145e+01 -2.355085e-01 
 3.880177e+01 -2.361612e-01 
 3.880209e+01 -2.216552e-01 
 3.880242e+01 -2.036724e-01 
 3.880274e+01 -2.771674e-01 
 3.880306e+01 -3.066155e-01 
 3.880338e+01 -3.176113e-01 
 3.880371e+01 -3.230224e-01 
 3.880403e+01 -3.218513e-01 
 3.880435e+01 -3.269220e-01 
 3.880468e+01 -3.494642e-01 
 3.880500e+01 -3.651043e-01 
 3.880532e+01 -3.495056e-01 
 3.880565e+01 -3.420450e-01 
 3.880597e+01 -3.329934e-01 
 3.880629e+01 -3.620392e-01 
 3.880661e+01 -3.811588e-01 
 3.880694e+01 -3.757153e-01 
 3.880726e+01 -3.878069e-01 
 3.880758e+01 -3.842917e-01 
 3.880791e+01 -3.934363e-01 
 3.880823e+01 -4.187931e-01 
 3.880855e+01 -4.171498e-01 
 3.880888e+01 -4.325386e-01 
 3.880920e+01 -4.214317e-01 
 3.880952e+01 -4.043596e-01 
 3.880984e+01 -4.257602e-01 
 3.881017e+01 -4.398534e-01 
 3.881049e+01 -4.478071e-01 
 3.881081e+01 -4.510936e-01 
 3.881114e+01 -4.473664e-01 
 3.881146e+01 -4.560142e-01 
 3.881178e+01 -4.730056e-01 
 3.881211e+01 -4.714238e-01 
 3.881243e+01 -4.679167e-01 
 3.881275e+01 -4.649347e-01 
 3.881307e+01 -4.479316e-01 
 3.881340e+01 -4.334144e-01 
 3.881372e+01 -4.179688e-01 
 3.881404e+01 -3.901725e-01 
 3.881437e+01 -3.993735e-01 
 3.881469e+01 -4.051009e-01 
 3.881501e+01 -3.828350e-01 
 3.881534e+01 -3.733593e-01 
 3.881566e+01 -3.533069e-01 
 3.881598e+01 -3.505657e-01 
 3.881630e+01 -3.362377e-01 
 3.881663e+01 -3.319761e-01 
 3.881695e+01 -3.394108e-01 
 3.881727e+01 -3.216074e-01 
 3.881760e+01 -3.077279e-01 
 3.881792e+01 -3.039105e-01 
 3.881824e+01 -2.973996e-01 
 3.881857e+01 -3.129541e-01 
 3.881889e+01 -3.132994e-01 
 3.881921e+01 -2.976149e-01 
 3.881953e+01 -2.982895e-01 
 3.881986e+01 -3.047093e-01 
 3.882018e+01 -3.240087e-01 
 3.882050e+01 -3.258559e-01 
 3.882083e+01 -3.134350e-01 
 3.882115e+01 -3.034043e-01 
 3.882147e+01 -2.962842e-01 
 3.882180e+01 -2.989021e-01 
 3.882212e+01 -2.925455e-01 
 3.882244e+01 -2.878086e-01 
 3.882276e+01 -2.837068e-01 
 3.882309e+01 -2.694576e-01 
 3.882341e+01 -2.673711e-01 
 3.882373e+01 -2.794540e-01 
 3.882406e+01 -2.789854e-01 
 3.882438e+01 -2.596964e-01 
 3.882470e+01 -3.044058e-01 
 3.882503e+01 -3.023578e-01 
 3.882535e+01 -3.086757e-01 
 3.882567e+01 -3.134944e-01 
 3.882599e+01 -2.978728e-01 
 3.882632e+01 -2.789567e-01 
 3.882664e+01 -2.872529e-01 
 3.882696e+01 -2.956552e-01 
 3.882729e+01 -2.964690e-01 
 3.882761e+01 -2.933848e-01 
 3.882793e+01 -2.850087e-01 
 3.882825e+01 -2.774573e-01 
 3.882858e+01 -2.830210e-01 
 3.882890e+01 -2.935726e-01 
 3.882922e+01 -3.059948e-01 
 3.882955e+01 -3.054561e-01 
 3.882987e+01 -3.001750e-01 
 3.883019e+01 -3.031973e-01 
 3.883052e+01 -3.135000e-01 
 3.883084e+01 -3.235506e-01 
 3.883116e+01 -3.195928e-01 
 3.883148e+01 -3.102981e-01 
 3.883181e+01 -3.080591e-01 
 3.883213e+01 -3.171092e-01 
 3.883245e+01 -3.312204e-01 
 3.883278e+01 -3.383439e-01 
 3.883310e+01 -3.401247e-01 
 3.883342e+01 -3.357614e-01 
 3.883375e+01 -3.452236e-01 
 3.883407e+01 -3.447472e-01 
 3.883439e+01 -3.402969e-01 
 3.883471e+01 -3.533874e-01 
 3.883504e+01 -3.559125e-01 
 3.883536e+01 -3.634925e-01 
 3.883568e+01 -3.728890e-01 
 3.883601e+01 -3.774072e-01 
 3.883633e+01 -3.880461e-01 
 3.883665e+01 -3.977938e-01 
 3.883698e+01 -4.058033e-01 
 3.883730e+01 -4.263122e-01 
 3.883762e+01 -4.348311e-01 
 3.883794e+01 -4.363426e-01 
 3.883827e+01 -4.430633e-01 
 3.883859e+01 -4.516656e-01 
 3.883891e+01 -4.651860e-01 
 3.883924e+01 -4.764057e-01 
 3.883956e+01 -4.841043e-01 
 3.883988e+01 -4.926567e-01 
 3.884021e+01 -5.068294e-01 
 3.884053e+01 -5.326100e-01 
 3.884085e+01 -5.500997e-01 
 3.884117e+01 -5.556283e-01 
 3.884150e+01 -5.561311e-01 
 3.884182e+01 -5.580245e-01 
 3.884214e+01 -5.539389e-01 
 3.884247e+01 -5.606509e-01 
 3.884279e+01 -5.648082e-01 
 3.884311e+01 -5.511459e-01 
 3.884344e+01 -5.415894e-01 
 3.884376e+01 -5.352494e-01 
 3.884408e+01 -5.410905e-01 
 3.884440e+01 -5.500355e-01 
 3.884473e+01 -5.469031e-01 
 3.884505e+01 -5.391520e-01 
 3.884537e+01 -5.280364e-01 
 3.884570e+01 -5.256014e-01 
 3.884602e+01 -5.309709e-01 
 3.884634e+01 -5.209601e-01 
 3.884667e+01 -5.075970e-01 
 3.884699e+01 -4.927288e-01 
 3.884731e+01 -4.839764e-01 
 3.884763e+01 -4.911081e-01 
 3.884796e+01 -4.794113e-01 
 3.884828e+01 -4.720069e-01 
 3.884860e+01 -4.712986e-01 
 3.884893e+01 -4.632006e-01 
 3.884925e+01 -4.690725e-01 
 3.884957e+01 -4.736622e-01 
 3.884990e+01 -4.654011e-01 
 3.885022e+01 -4.476326e-01 
 3.885054e+01 -4.339233e-01 
 3.885086e+01 -4.289958e-01 
 3.885119e+01 -4.310759e-01 
 3.885151e+01 -4.319959e-01 
 3.885183e+01 -4.198292e-01 
 3.885216e+01 -4.125896e-01 
 3.885248e+01 -4.150135e-01 
 3.885280e+01 -4.215226e-01 
 3.885313e+01 -4.273846e-01 
 3.885345e+01 -4.229433e-01 
 3.885377e+01 -4.188694e-01 
 3.885409e+01 -4.170182e-01 
 3.885442e+01 -4.152661e-01 
 3.885474e+01 -4.230090e-01 
 3.885506e+01 -4.289398e-01 
 3.885539e+01 -4.354392e-01 
 3.885571e+01 -4.438632e-01 
 3.885603e+01 -4.453089e-01 
 3.885635e+01 -4.536725e-01 
 3.885668e+01 -4.598334e-01 
 3.885700e+01 -4.603154e-01 
 3.885732e+01 -4.643866e-01 
 3.885765e+01 -4.628511e-01 
 3.885797e+01 -4.654964e-01 
 3.885829e+01 -4.694534e-01 
 3.885862e+01 -4.683774e-01 
 3.885894e+01 -4.698970e-01 
 3.885926e+01 -4.702987e-01 
 3.885958e+01 -4.758962e-01 
 3.885991e+01 -4.718701e-01 
 3.886023e+01 -4.666056e-01 
 3.886055e+01 -4.641640e-01 
 3.886088e+01 -4.647168e-01 
 3.886120e+01 -4.644318e-01 
 3.886152e+01 -4.588594e-01 
 3.886185e+01 -4.492953e-01 
 3.886217e+01 -4.396579e-01 
 3.886249e+01 -4.304989e-01 
 3.886281e+01 -4.246896e-01 
 3.886314e+01 -4.189081e-01 
 3.886346e+01 -4.168492e-01 
 3.886378e+01 -4.064672e-01 
 3.886411e+01 -3.903001e-01 
 3.886443e+01 -3.858208e-01 
 3.886475e+01 -3.843971e-01 
 3.886508e+01 -3.847874e-01 
 3.886540e+01 -3.817511e-01 
 3.886572e+01 -3.651887e-01 
 3.886604e+01 -3.558030e-01 
 3.886637e+01 -3.606676e-01 
 3.886669e+01 -3.610907e-01 
 3.886701e+01 -3.505747e-01 
 3.886734e+01 -3.357383e-01 
 3.886766e+01 -3.251573e-01 
 3.886798e+01 -3.160993e-01 
 3.886831e+01 -3.075266e-01 
 3.886863e+01 -2.982893e-01 
 3.886895e+01 -2.845236e-01 
 3.886927e+01 -2.759377e-01 
 3.886960e+01 -2.655766e-01 
 3.886992e+01 -2.634820e-01 
 3.887024e+01 -2.611369e-01 
 3.887057e+01 -2.507888e-01 
 3.887089e+01 -2.358040e-01 
 3.887121e+01 -2.287558e-01 
 3.887154e+01 -2.333880e-01 
 3.887186e+01 -2.372601e-01 
 3.887218e+01 -2.343385e-01 
 3.887250e+01 -2.277647e-01 
 3.887283e+01 -2.157179e-01 
 3.887315e+01 -2.140022e-01 
 3.887347e+01 -2.218626e-01 
 3.887380e+01 -2.202272e-01 
 3.887412e+01 -2.212833e-01 
 3.887444e+01 -2.235957e-01 
 3.887477e+01 -2.275734e-01 
 3.887509e+01 -2.342543e-01 
 3.887541e+01 -2.355712e-01 
 3.887573e+01 -2.324295e-01 
 3.887606e+01 -2.232169e-01 
 3.887638e+01 -2.077407e-01 
 3.887670e+01 -1.927815e-01 
 3.887703e+01 -1.865888e-01 
 3.887735e+01 -1.771754e-01 
 3.887767e+01 -1.626689e-01 
 3.887800e+01 -1.507968e-01 
 3.887832e+01 -1.388033e-01 
 3.887864e+01 -1.304974e-01 
 3.887896e+01 -1.190316e-01 
 3.887929e+01 -1.018165e-01 
 3.887961e+01 -8.723787e-02 
 3.887993e+01 -7.393256e-02 
 3.888026e+01 -6.122235e-02 
 3.888058e+01 -4.836182e-02 
 3.888090e+01 -3.163397e-02 
 3.888123e+01 -2.481525e-02 
 3.888155e+01 -2.061146e-02 
 3.888187e+01 -1.137597e-02 
 3.888219e+01 -1.102550e-02 
 3.888252e+01 -6.767546e-03 
 3.888284e+01 -5.810561e-03 
 3.888316e+01 -5.528047e-03 
 3.888349e+01 -5.245948e-03 
 3.888381e+01 -9.259691e-03 
 3.888413e+01 -1.429136e-02 
 3.888446e+01 -1.457559e-02 
 3.888478e+01 -1.726031e-02 
 3.888510e+01 -2.456369e-02 
 3.888542e+01 -3.244344e-02 
 3.888575e+01 -3.385090e-02 
 3.888607e+01 -3.112371e-02 
 3.888639e+01 -2.996177e-02 
 3.888672e+01 -2.815553e-02 
 3.888704e+01 -3.115756e-02 
 3.888736e+01 -3.334308e-02 
 3.888768e+01 -2.751893e-02 
 3.888801e+01 -1.673996e-02 
 3.888833e+01 -1.070464e-02 
 3.888865e+01 -9.341417e-03 
 3.888898e+01 -1.397856e-02 
 3.888930e+01 -1.999258e-02 
 3.888962e+01 -1.740538e-02 
 3.888995e+01 -1.413605e-02 
 3.889027e+01 -1.845661e-02 
 3.889059e+01 -2.073457e-02 
 3.889091e+01 -2.151697e-02 
 3.889124e+01 -1.925183e-02 
 3.889156e+01 -1.226513e-02 
 3.889188e+01 -1.454207e-02 
 3.889221e+01 -2.058548e-02 
 3.889253e+01 -2.437100e-02 
 3.889285e+01 -2.363138e-02 
 3.889318e+01 -1.604571e-02 
 3.889350e+01 -2.036014e-02 
 3.889382e+01 -2.347737e-02 
 3.889414e+01 -6.134534e-02 
 3.889447e+01 -5.434557e-02 
 3.889479e+01 -5.805601e-02 
 3.889511e+01 -4.843417e-02 
 3.889544e+01 -3.728703e-02 
 3.889576e+01 -1.562449e-02 
 3.889608e+01  3.663733e-04 
 3.889641e+01  3.333896e-02 
 3.889673e+01  8.493105e-02 
 3.889705e+01  1.162427e-01 
 3.889737e+01  1.340796e-01 
 3.889770e+01  1.472324e-01 
 3.889802e+01  1.634290e-01 
 3.889834e+01  1.801293e-01 
 3.889867e+01  1.964958e-01 
 3.889899e+01  2.044784e-01 
 3.889931e+01  2.087704e-01 
 3.889964e+01  2.129244e-01 
 3.889996e+01  2.158743e-01 
 3.890028e+01  2.182577e-01 
 3.890060e+01  2.139009e-01 
 3.890093e+01  1.805699e-01 
 3.890125e+01  1.784537e-01 
 3.890157e+01  1.645396e-01 
 3.890190e+01  1.705903e-01 
 3.890222e+01  1.744913e-01 
 3.890254e+01  1.750957e-01 
 3.890287e+01  1.747832e-01 
 3.890319e+01  1.750673e-01 
 3.890351e+01  1.782653e-01 
 3.890383e+01  1.848265e-01 
 3.890416e+01  1.916749e-01 
 3.890448e+01  2.006318e-01 
 3.890480e+01  2.150888e-01 
 3.890513e+01  2.296659e-01 
 3.890545e+01  2.420579e-01 
 3.890577e+01  2.505055e-01 
 3.890610e+01  2.490543e-01 
 3.890642e+01  2.553969e-01 
 3.890674e+01  2.729269e-01 
 3.890706e+01  2.909858e-01 
 3.890739e+01  2.978202e-01 
 3.890771e+01  2.981165e-01 
 3.890803e+01  3.024311e-01 
 3.890836e+01  3.154315e-01 
 3.890868e+01  3.140513e-01 
 3.890900e+01  2.982798e-01 
 3.890933e+01  3.039004e-01 
 3.890965e+01  3.033991e-01 
 3.890997e+01  3.002290e-01 
 3.891029e+01  2.987057e-01 
 3.891062e+01  2.992981e-01 
 3.891094e+01  2.998994e-01 
 3.891126e+01  2.972199e-01 
 3.891159e+01  3.010914e-01 
 3.891191e+01  3.101757e-01 
 3.891223e+01  3.217138e-01 
 3.891256e+01  3.044053e-01 
 3.891288e+01  3.059590e-01 
 3.891320e+01  3.115345e-01 
 3.891352e+01  3.225405e-01 
 3.891385e+01  3.305118e-01 
 3.891417e+01  3.302091e-01 
 3.891449e+01  3.280134e-01 
 3.891482e+01  3.261647e-01 
 3.891514e+01  3.296342e-01 
 3.891546e+01  3.347910e-01 
 3.891579e+01  3.430381e-01 
 3.891611e+01  3.500705e-01 
 3.891643e+01  3.558742e-01 
 3.891675e+01  3.648656e-01 
 3.891708e+01  3.924876e-01 
 3.891740e+01  4.137017e-01 
 3.891772e+01  4.120106e-01 
 3.891805e+01  4.041477e-01 
 3.891837e+01  3.955516e-01 
 3.891869e+01  3.911844e-01 
 3.891901e+01  3.887698e-01 
 3.891934e+01  3.491190e-01 
 3.891966e+01  3.458821e-01 
 3.891998e+01  3.154718e-01 
 3.892031e+01  3.152316e-01 
 3.892063e+01  3.179601e-01 
 3.892095e+01  3.186898e-01 
 3.892128e+01  3.229130e-01 
 3.892160e+01  3.265139e-01 
 3.892192e+01  3.279092e-01 
 3.892224e+01  3.284074e-01 
 3.892257e+01  3.272298e-01 
 3.892289e+01  3.269254e-01 
 3.892321e+01  3.260443e-01 
 3.892354e+01  3.253779e-01 
 3.892386e+01  3.273761e-01 
 3.892418e+01  3.320637e-01 
 3.892451e+01  3.369483e-01 
 3.892483e+01  3.395243e-01 
 3.892515e+01  3.414929e-01 
 3.892547e+01  3.498349e-01 
 3.892580e+01  3.676284e-01 
 3.892612e+01  3.767700e-01 
 3.892644e+01  3.712683e-01 
 3.892677e+01  3.650943e-01 
 3.892709e+01  3.611462e-01 
 3.892741e+01  3.570983e-01 
 3.892774e+01  3.488482e-01 
 3.892806e+01  3.368879e-01 
 3.892838e+01  3.233235e-01 
 3.892870e+01  3.116520e-01 
 3.892903e+01  3.005259e-01 
 3.892935e+01  2.930748e-01 
 3.892967e+01  2.825735e-01 
 3.893000e+01  2.698481e-01 
 3.893032e+01  2.614841e-01 
 3.893064e+01  2.578546e-01 
 3.893097e+01  2.569150e-01 
 3.893129e+01  2.547091e-01 
 3.893161e+01  2.479911e-01 
 3.893193e+01  2.401232e-01 
 3.893226e+01  2.362678e-01 
 3.893258e+01  2.321081e-01 
 3.893290e+01  2.248778e-01 
 3.893323e+01  2.112503e-01 
 3.893355e+01  2.018257e-01 
 3.893387e+01  2.003303e-01 
 3.893420e+01  2.035308e-01 
 3.893452e+01  2.056645e-01 
 3.893484e+01  2.028377e-01 
 3.893516e+01  2.067889e-01 
 3.893549e+01  2.127235e-01 
 3.893581e+01  2.156209e-01 
 3.893613e+01  2.092962e-01 
 3.893646e+01  1.987328e-01 
 3.893678e+01  1.811870e-01 
 3.893710e+01  1.597781e-01 
 3.893743e+01  1.434053e-01 
 3.893775e+01  1.257863e-01 
 3.893807e+01  1.039766e-01 
 3.893839e+01  7.418538e-02 
 3.893872e+01  5.047389e-02 
 3.893904e+01  1.908616e-02 
 3.893936e+01 -1.600831e-02 
 3.893969e+01 -2.854542e-02 
 3.894001e+01 -4.492715e-02 
 3.894033e+01 -6.548437e-02 
 3.894066e+01 -8.573422e-02 
 3.894098e+01 -9.895231e-02 
 3.894130e+01 -2.318013e-01 
 3.894162e+01 -2.460258e-01 
 3.894195e+01 -2.526644e-01 
 3.894227e+01 -2.465700e-01 
 3.894259e+01 -2.387256e-01 
 3.894292e+01 -2.307778e-01 
 3.894324e+01 -2.249143e-01 
 3.894356e+01 -2.165244e-01 
 3.894389e+01 -2.089705e-01 
 3.894421e+01 -2.013720e-01 
 3.894453e+01 -1.939576e-01 
 3.894485e+01 -1.915546e-01 
 3.894518e+01 -1.933693e-01 
 3.894550e+01 -1.989433e-01 
 3.894582e+01 -2.088274e-01 
 3.894615e+01 -2.192042e-01 
 3.894647e+01 -2.313205e-01 
 3.894679e+01 -2.439463e-01 
 3.894712e+01 -2.528788e-01 
 3.894744e+01 -2.604644e-01 
 3.894776e+01 -2.648345e-01 
 3.894808e+01 -2.668072e-01 
 3.894841e+01 -2.712195e-01 
 3.894873e+01 -2.746475e-01 
 3.894905e+01 -2.783190e-01 
 3.894938e+01 -2.822809e-01 
 3.894970e+01 -2.845178e-01 
 3.895002e+01 -2.865084e-01 
 3.895034e+01 -2.882073e-01 
 3.895067e+01 -2.905136e-01 
 3.895099e+01 -3.145289e-01 
 3.895131e+01 -3.108958e-01 
 3.895164e+01 -3.056284e-01 
 3.895196e+01 -2.995681e-01 
 3.895228e+01 -2.948818e-01 
 3.895261e+01 -2.922470e-01 
 3.895293e+01 -2.887125e-01 
 3.895325e+01 -2.838466e-01 
 3.895357e+01 -2.832217e-01 
 3.895390e+01 -2.882734e-01 
 3.895422e+01 -2.944989e-01 
 3.895454e+01 -3.021933e-01 
 3.895487e+01 -3.115396e-01 
 3.895519e+01 -3.227045e-01 
 3.895551e+01 -3.374649e-01 
 3.895584e+01 -3.511046e-01 
 3.895616e+01 -3.622692e-01 
 3.895648e+01 -3.688419e-01 
 3.895680e+01 -3.738854e-01 
 3.895713e+01 -3.758310e-01 
 3.895745e+01 -3.799311e-01 
 3.895777e+01 -3.832159e-01 
 3.895810e+01 -3.869611e-01 
 3.895842e+01 -3.881580e-01 
 3.895874e+01 -3.913587e-01 
 3.895907e+01 -3.944437e-01 
 3.895939e+01 -3.952327e-01 
 3.895971e+01 -3.895933e-01 
 3.896003e+01 -3.787843e-01 
 3.896036e+01 -3.663556e-01 
 3.896068e+01 -3.545319e-01 
 3.896100e+01 -3.408319e-01 
 3.896133e+01 -3.236106e-01 
 3.896165e+01 -3.064136e-01 
 3.896197e+01 -2.921527e-01 
 3.896230e+01 -2.868480e-01 
 3.896262e+01 -2.835114e-01 
 3.896294e+01 -2.858576e-01 
 3.896326e+01 -2.884117e-01 
 3.896359e+01 -2.898418e-01 
 3.896391e+01 -2.896286e-01 
 3.896423e+01 -2.893778e-01 
 3.896456e+01 -2.889298e-01 
 3.896488e+01 -2.870392e-01 
 3.896520e+01 -2.823982e-01 
 3.896553e+01 -2.753471e-01 
 3.896585e+01 -2.710591e-01 
 3.896617e+01 -3.321914e-01 
 3.896649e+01 -3.368356e-01 
 3.896682e+01 -3.420963e-01 
 3.896714e+01 -3.468475e-01 
 3.896746e+01 -3.482923e-01 
 3.896779e+01 -3.461550e-01 
 3.896811e+01 -3.379054e-01 
 3.896843e+01 -3.301698e-01 
 3.896876e+01 -3.231826e-01 
 3.896908e+01 -3.157179e-01 
 3.896940e+01 -3.054727e-01 
 3.896972e+01 -2.931654e-01 
 3.897005e+01 -2.793833e-01 
 3.897037e+01 -2.692267e-01 
 3.897069e+01 -2.654546e-01 
 3.897102e+01 -2.660064e-01 
 3.897134e+01 -2.693215e-01 
 3.897166e+01 -2.699625e-01 
 3.897199e+01 -2.675258e-01 
 3.897231e+01 -2.643740e-01 
 3.897263e+01 -2.577303e-01 
 3.897295e+01 -2.503167e-01 
 3.897328e+01 -2.413736e-01 
 3.897360e+01 -2.327880e-01 
 3.897392e+01 -2.254191e-01 
 3.897425e+01 -2.206723e-01 
 3.897457e+01 -2.181546e-01 
 3.897489e+01 -2.144524e-01 
 3.897522e+01 -2.080093e-01 
 3.897554e+01 -1.982266e-01 
 3.897586e+01 -1.861552e-01 
 3.897618e+01 -1.700078e-01 
 3.897651e+01 -1.519299e-01 
 3.897683e+01 -1.337030e-01 
 3.897715e+01 -1.111939e-01 
 3.897748e+01 -8.716614e-02 
 3.897780e+01 -6.610817e-02 
 3.897812e+01 -4.870050e-02 
 3.897844e+01 -3.456205e-02 
 3.897877e+01 -2.057350e-02 
 3.897909e+01 -7.557719e-03 
 3.897941e+01  4.412232e-03 
 3.897974e+01  1.538391e-02 
 3.898006e+01  2.644458e-02 
 3.898038e+01  3.808635e-02 
 3.898071e+01  4.835764e-02 
 3.898103e+01  5.365628e-02 
 3.898135e+01  5.290617e-02 
 3.898167e+01  5.016651e-02 
 3.898200e+01  9.924794e-03 
 3.898232e+01  4.252354e-03 
 3.898264e+01 -2.664328e-03 
 3.898297e+01 -7.007451e-03 
 3.898329e+01 -1.860291e-02 
 3.898361e+01 -3.438553e-02 
 3.898394e+01 -5.504326e-02 
 3.898426e+01 -4.652840e-02 
 3.898458e+01 -3.628697e-02 
 3.898490e+01 -2.626984e-02 
 3.898523e+01 -1.626721e-02 
 3.898555e+01 -5.611194e-03 
 3.898587e+01  1.357414e-02 
 3.898620e+01  3.574033e-02 
 3.898652e+01  5.729799e-02 
 3.898684e+01  7.526928e-02 
 3.898717e+01  9.057225e-02 
 3.898749e+01  1.007953e-01 
 3.898781e+01  1.104492e-01 
 3.898813e+01  1.201823e-01 
 3.898846e+01  1.278641e-01 
 3.898878e+01  1.303449e-01 
 3.898910e+01  1.283494e-01 
 3.898943e+01  1.227210e-01 
 3.898975e+01  1.150212e-01 
 3.899007e+01  1.055613e-01 
 3.899040e+01  9.468304e-02 
 3.899072e+01  8.308876e-02 
 3.899104e+01  6.887005e-02 
 3.899136e+01  4.698493e-02 
 3.899169e+01  1.562079e-02 
 3.899201e+01 -1.710232e-02 
 3.899233e+01 -2.370992e-02 
 3.899266e+01 -4.446634e-02 
 3.899298e+01 -6.184093e-02 
 3.899330e+01 -6.171845e-02 
 3.899363e+01 -5.502187e-02 
 3.899395e+01 -4.239556e-02 
 3.899427e+01 -2.718246e-02 
 3.899459e+01 -1.080148e-02 
 3.899492e+01  9.887511e-03 
 3.899524e+01  3.596869e-02 
 3.899556e+01  6.519662e-02 
 3.899589e+01  9.745206e-02 
 3.899621e+01  1.340078e-01 
 3.899653e+01  1.692342e-01 
 3.899686e+01  1.956838e-01 
 3.899718e+01  2.181186e-01 
 3.899750e+01  2.400558e-01 
 3.899782e+01  2.619320e-01 
 3.899815e+01  2.787161e-01 
 3.899847e+01  2.906178e-01 
 3.899879e+01  2.984978e-01 
 3.899912e+01  3.023243e-01 
 3.899944e+01  3.012569e-01 
 3.899976e+01  2.865168e-01 
 3.900009e+01  2.656077e-01 
 3.900041e+01  2.299011e-01 
 3.900073e+01  2.219993e-01 
 3.900105e+01  1.803462e-01 
 3.900138e+01  1.746825e-01 
 3.900170e+01  1.750332e-01 
 3.900202e+01  1.812274e-01 
 3.900235e+01  1.905904e-01 
 3.900267e+01  2.073986e-01 
 3.900299e+01  2.273385e-01 
 3.900332e+01  2.244786e-01 
 3.900364e+01  2.458869e-01 
 3.900396e+01  2.655730e-01 
 3.900428e+01  2.854223e-01 
 3.900461e+01  3.071947e-01 
 3.900493e+01  3.286966e-01 
 3.900525e+01  3.476163e-01 
 3.900558e+01  3.683093e-01 
 3.900590e+01  3.930678e-01 
 3.900622e+01  4.245623e-01 
 3.900655e+01  4.579732e-01 
 3.900687e+01  4.891563e-01 
 3.900719e+01  5.205672e-01 
 3.900751e+01  5.499858e-01 
 3.900784e+01  5.765477e-01 
 3.900816e+01  5.988113e-01 
 3.900848e+01  6.090881e-01 
 3.900881e+01  6.068743e-01 
 3.900913e+01  6.096187e-01 
 3.900945e+01  5.885890e-01 
 3.900977e+01  5.662867e-01 
 3.901010e+01  5.648599e-01 
 3.901042e+01  5.429795e-01 
 3.901074e+01  5.441621e-01 
 3.901107e+01  5.279825e-01 
 3.901139e+01  5.306582e-01 
 3.901171e+01  5.109828e-01 
 3.901204e+01  5.169587e-01 
 3.901236e+01  5.017112e-01 
 3.901268e+01  5.115973e-01 
 3.901300e+01  5.198985e-01 
 3.901333e+01  5.256877e-01 
 3.901365e+01  5.296939e-01 
 3.901397e+01  5.344907e-01 
 3.901430e+01  5.411922e-01 
 3.901462e+01  5.467989e-01 
 3.901494e+01  5.495376e-01 
 3.901527e+01  5.423555e-01 
 3.901559e+01  5.389133e-01 
 3.901591e+01  5.331760e-01 
 3.901623e+01  5.236606e-01 
 3.901656e+01  5.118214e-01 
 3.901688e+01  4.958940e-01 
 3.901720e+01  4.737524e-01 
 3.901753e+01  4.480956e-01 
 3.901785e+01  4.206599e-01 
 3.901817e+01  3.932867e-01 
 3.901850e+01  3.675433e-01 
 3.901882e+01  3.402948e-01 
 3.901914e+01  3.147096e-01 
 3.901946e+01  2.832240e-01 
 3.901979e+01  2.620412e-01 
 3.902011e+01  2.339138e-01 
 3.902043e+01  2.066634e-01 
 3.902076e+01  1.784735e-01 
 3.902108e+01  1.632352e-01 
 3.902140e+01  1.369013e-01 
 3.902173e+01  1.104491e-01 
 3.902205e+01  9.198389e-02 
 3.902237e+01  6.485748e-02 
 3.902269e+01  3.827970e-02 
 3.902302e+01  1.565139e-02 
 3.902334e+01 -7.643000e-03 
 3.902366e+01 -2.648862e-02 
 3.902399e+01 -4.528429e-02 
 3.902431e+01 -4.810716e-02 
 3.902463e+01 -4.163499e-02 
 3.902496e+01 -5.832560e-02 
 3.902528e+01 -7.529442e-02 
 3.902560e+01 -9.231077e-02 
 3.902592e+01 -1.115377e-01 
 3.902625e+01 -1.318688e-01 
 3.902657e+01 -1.158470e-01 
 3.902689e+01 -1.324170e-01 
 3.902722e+01 -1.539901e-01 
 3.902754e+01 -1.759947e-01 
 3.902786e+01 -1.975324e-01 
 3.902819e+01 -2.181230e-01 
 3.902851e+01 -2.385862e-01 
 3.902883e+01 -2.608293e-01 
 3.902915e+01 -2.833722e-01 
 3.902948e+01 -3.058803e-01 
 3.902980e+01 -3.279606e-01 
 3.903012e+01 -3.494393e-01 
 3.903045e+01 -3.540621e-01 
 3.903077e+01 -3.329980e-01 
 3.903109e+01 -3.273064e-01 
 3.903142e+01 -3.391838e-01 
 3.903174e+01 -3.519113e-01 
 3.903206e+01 -3.636576e-01 
 3.903238e+01 -3.790335e-01 
 3.903271e+01 -3.965003e-01 
 3.903303e+01 -4.190118e-01 
 3.903335e+01 -4.474214e-01 
 3.903368e+01 -4.811949e-01 
 3.903400e+01 -5.196055e-01 
 3.903432e+01 -5.590844e-01 
 3.903465e+01 -5.963048e-01 
 3.903497e+01 -6.312528e-01 
 3.903529e+01 -6.640292e-01 
 3.903561e+01 -6.971492e-01 
 3.903594e+01 -7.264484e-01 
 3.903626e+01 -7.500935e-01 
 3.903658e+01 -7.718880e-01 
 3.903691e+01 -7.925189e-01 
 3.903723e+01 -8.144280e-01 
 3.903755e+01 -8.381964e-01 
 3.903788e+01 -8.625651e-01 
 3.903820e+01 -8.819593e-01 
 3.903852e+01 -8.885353e-01 
 3.903884e+01 -8.892873e-01 
 3.903917e+01 -8.826657e-01 
 3.903949e+01 -8.802018e-01 
 3.903981e+01 -8.755172e-01 
 3.904014e+01 -8.692082e-01 
 3.904046e+01 -8.610847e-01 
 3.904078e+01 -8.545145e-01 
 3.904111e+01 -8.516904e-01 
 3.904143e+01 -8.537683e-01 
 3.904175e+01 -8.598663e-01 
 3.904207e+01 -8.686346e-01 
 3.904240e+01 -8.772681e-01 
 3.904272e+01 -8.691720e-01 
 3.904304e+01 -8.598218e-01 
 3.904337e+01 -8.678749e-01 
 3.904369e+01 -8.761409e-01 
 3.904401e+01 -8.841620e-01 
 3.904433e+01 -8.921657e-01 
 3.904466e+01 -9.070481e-01 
 3.904498e+01 -9.270827e-01 
 3.904530e+01 -9.501683e-01 
 3.904563e+01 -9.753356e-01 
 3.904595e+01 -9.997287e-01 
 3.904627e+01 -1.017332e+00 
 3.904660e+01 -1.034068e+00 
 3.904692e+01 -1.047004e+00 
 3.904724e+01 -1.055109e+00 
 3.904756e+01 -1.059471e+00 
 3.904789e+01 -1.060975e+00 
 3.904821e+01 -1.061277e+00 
 3.904853e+01 -1.060754e+00 
 3.904886e+01 -1.063191e+00 
 3.904918e+01 -1.067763e+00 
 3.904950e+01 -1.074476e+00 
 3.904983e+01 -1.083489e+00 
 3.905015e+01 -1.093805e+00 
 3.905047e+01 -1.104499e+00 
 3.905079e+01 -1.114218e+00 
 3.905112e+01 -1.121952e+00 
 3.905144e+01 -1.127078e+00 
 3.905176e+01 -1.129579e+00 
 3.905209e+01 -1.129461e+00 
 3.905241e+01 -1.127713e+00 
 3.905273e+01 -1.125392e+00 
 3.905306e+01 -1.082303e+00 
 3.905338e+01 -1.079592e+00 
 3.905370e+01 -1.076444e+00 
 3.905402e+01 -1.059336e+00 
 3.905435e+01 -1.029001e+00 
 3.905467e+01 -1.017935e+00 
 3.905499e+01 -1.004794e+00 
 3.905532e+01 -9.889388e-01 
 3.905564e+01 -9.723176e-01 
 3.905596e+01 -9.546040e-01 
 3.905629e+01 -9.404352e-01 
 3.905661e+01 -9.285298e-01 
 3.905693e+01 -9.164693e-01 
 3.905725e+01 -9.079187e-01 
 3.905758e+01 -9.011343e-01 
 3.905790e+01 -8.930216e-01 
 3.905822e+01 -8.888496e-01 
 3.905855e+01 -8.603693e-01 
 3.905887e+01 -8.531867e-01 
 3.905919e+01 -8.453333e-01 
 3.905952e+01 -8.374809e-01 
 3.905984e+01 -8.310414e-01 
 3.906016e+01 -8.299714e-01 
 3.906048e+01 -8.315978e-01 
 3.906081e+01 -8.348133e-01 
 3.906113e+01 -8.376968e-01 
 3.906145e+01 -8.157919e-01 
 3.906178e+01 -8.180553e-01 
 3.906210e+01 -8.191494e-01 
 3.906242e+01 -8.185425e-01 
 3.906275e+01 -8.154551e-01 
 3.906307e+01 -8.092731e-01 
 3.906339e+01 -8.000534e-01 
 3.906371e+01 -7.692217e-01 
 3.906404e+01 -7.542710e-01 
 3.906436e+01 -7.381053e-01 
 3.906468e+01 -6.967637e-01 
 3.906501e+01 -6.826572e-01 
 3.906533e+01 -6.714377e-01 
 3.906565e+01 -6.442923e-01 
 3.906598e+01 -6.353376e-01 
 3.906630e+01 -6.308975e-01 
 3.906662e+01 -6.309818e-01 
 3.906694e+01 -6.325545e-01 
 3.906727e+01 -6.340396e-01 
 3.906759e+01 -6.419440e-01 
 3.906791e+01 -6.523230e-01 
 3.906824e+01 -6.600441e-01 
 3.906856e+01 -6.704942e-01 
 3.906888e+01 -6.836482e-01 
 3.906921e+01 -7.037511e-01 
 3.906953e+01 -7.256942e-01 
 3.906985e+01 -7.450734e-01 
 3.907017e+01 -7.617355e-01 
 3.907050e+01 -7.786664e-01 
 3.907082e+01 -7.955739e-01 
 3.907114e+01 -8.112496e-01 
 3.907147e+01 -8.247833e-01 
 3.907179e+01 -8.375448e-01 
 3.907211e+01 -8.509113e-01 
 3.907244e+01 -8.639155e-01 
 3.907276e+01 -8.738286e-01 
 3.907308e+01 -8.496160e-01 
 3.907340e+01 -8.553487e-01 
 3.907373e+01 -8.564748e-01 
 3.907405e+01 -8.609655e-01 
 3.907437e+01 -8.412268e-01 
 3.907470e+01 -8.469867e-01 
 3.907502e+01 -8.527967e-01 
 3.907534e+01 -8.552086e-01 
 3.907567e+01 -8.628650e-01 
 3.907599e+01 -8.723097e-01 
 3.907631e+01 -8.843955e-01 
 3.907663e+01 -9.007758e-01 
 3.907696e+01 -9.184311e-01 
 3.907728e+01 -9.360387e-01 
 3.907760e+01 -9.558010e-01 
 3.907793e+01 -9.825800e-01 
 3.907825e+01 -1.019631e+00 
 3.907857e+01 -1.056899e+00 
 3.907890e+01 -1.085982e+00 
 3.907922e+01 -1.117698e+00 
 3.907954e+01 -1.150105e+00 
 3.907986e+01 -1.174297e+00 
 3.908019e+01 -1.193640e+00 
 3.908051e+01 -1.215658e+00 
 3.908083e+01 -1.234516e+00 
 3.908116e+01 -1.245772e+00 
 3.908148e+01 -1.247479e+00 
 3.908180e+01 -1.250974e+00 
 3.908212e+01 -1.253809e+00 
 3.908245e+01 -1.254342e+00 
 3.908277e+01 -1.251906e+00 
 3.908309e+01 -1.247592e+00 
 3.908342e+01 -1.241020e+00 
 3.908374e+01 -1.211288e+00 
 3.908406e+01 -1.201807e+00 
 3.908439e+01 -1.167126e+00 
 3.908471e+01 -1.157391e+00 
 3.908503e+01 -1.147893e+00 
 3.908535e+01 -1.131596e+00 
 3.908568e+01 -1.126406e+00 
 3.908600e+01 -1.124398e+00 
 3.908632e+01 -1.126641e+00 
 3.908665e+01 -1.128134e+00 
 3.908697e+01 -1.132058e+00 
 3.908729e+01 -1.140971e+00 
 3.908762e+01 -1.146475e+00 
 3.908794e+01 -1.145054e+00 
 3.908826e+01 -1.124231e+00 
 3.908858e+01 -1.118027e+00 
 3.908891e+01 -1.109466e+00 
 3.908923e+01 -1.075743e+00 
 3.908955e+01 -1.064840e+00 
 3.908988e+01 -1.056039e+00 
 3.909020e+01 -1.046341e+00 
 3.909052e+01 -1.006740e+00 
 3.909085e+01 -1.005252e+00 
 3.909117e+01 -1.005022e+00 
 3.909149e+01 -1.010858e+00 
 3.909181e+01 -1.017282e+00 
 3.909214e+01 -1.017974e+00 
 3.909246e+01 -1.016547e+00 
 3.909278e+01 -1.014505e+00 
 3.909311e+01 -1.013008e+00 
 3.909343e+01 -1.014685e+00 
 3.909375e+01 -1.024719e+00 
 3.909408e+01 -1.039409e+00 
 3.909440e+01 -1.050353e+00 
 3.909472e+01 -1.063558e+00 
 3.909504e+01 -1.080075e+00 
 3.909537e+01 -1.061581e+00 
 3.909569e+01 -1.079318e+00 
 3.909601e+01 -1.091779e+00 
 3.909634e+01 -1.105123e+00 
 3.909666e+01 -1.116796e+00 
 3.909698e+01 -1.124696e+00 
 3.909731e+01 -1.131635e+00 
 3.909763e+01 -1.138116e+00 
 3.909795e+01 -1.112435e+00 
 3.909827e+01 -1.112728e+00 
 3.909860e+01 -1.135599e+00 
 3.909892e+01 -1.147519e+00 
 3.909924e+01 -1.145455e+00 
 3.909957e+01 -1.153331e+00 
 3.909989e+01 -1.152094e+00 
 3.910021e+01 -1.147699e+00 
 3.910054e+01 -1.153247e+00 
 3.910086e+01 -1.157985e+00 
 3.910118e+01 -1.160544e+00 
 3.910150e+01 -1.152495e+00 
 3.910183e+01 -1.146343e+00 
 3.910215e+01 -1.150264e+00 
 3.910247e+01 -1.145059e+00 
 3.910280e+01 -1.153437e+00 
 3.910312e+01 -1.099940e+00 
 3.910344e+01 -1.096760e+00 
 3.910377e+01 -1.091029e+00 
 3.910409e+01 -1.085676e+00 
 3.910441e+01 -1.082891e+00 
 3.910473e+01 -1.000051e+00 
 3.910506e+01 -9.994001e-01 
 3.910538e+01 -9.933256e-01 
 3.910570e+01 -9.677898e-01 
 3.910603e+01 -9.581759e-01 
 3.910635e+01 -9.304897e-01 
 3.910667e+01 -9.249582e-01 
 3.910700e+01 -9.208455e-01 
 3.910732e+01 -9.117136e-01 
 3.910764e+01 -9.114894e-01 
 3.910796e+01 -8.628512e-01 
 3.910829e+01 -8.577228e-01 
 3.910861e+01 -8.525096e-01 
 3.910893e+01 -8.468759e-01 
 3.910926e+01 -8.341422e-01 
 3.910958e+01 -8.216006e-01 
 3.910990e+01 -8.095789e-01 
 3.911023e+01 -8.018657e-01 
 3.911055e+01 -7.985255e-01 
 3.911087e+01 -8.008150e-01 
 3.911119e+01 -8.066831e-01 
 3.911152e+01 -8.130294e-01 
 3.911184e+01 -8.220014e-01 
 3.911216e+01 -8.279230e-01 
 3.911249e+01 -8.403892e-01 
 3.911281e+01 -8.522130e-01 
 3.911313e+01 -8.624515e-01 
 3.911346e+01 -8.714341e-01 
 3.911378e+01 -8.838649e-01 
 3.911410e+01 -8.908865e-01 
 3.911442e+01 -9.032669e-01 
 3.911475e+01 -9.181518e-01 
 3.911507e+01 -9.226338e-01 
 3.911539e+01 -9.308438e-01 
 3.911572e+01 -9.389607e-01 
 3.911604e+01 -9.515091e-01 
 3.911636e+01 -9.604901e-01 
 3.911668e+01 -9.635761e-01 
 3.911701e+01 -9.620477e-01 
 3.911733e+01 -9.744646e-01 
 3.911765e+01 -9.834776e-01 
 3.911798e+01 -9.841217e-01 
 3.911830e+01 -9.845342e-01 
 3.911862e+01 -9.864864e-01 
 3.911895e+01 -1.000390e+00 
 3.911927e+01 -1.020613e+00 
 3.911959e+01 -1.008782e+00 
 3.911991e+01 -1.010678e+00 
 3.912024e+01 -1.021738e+00 
 3.912056e+01 -1.042993e+00 
 3.912088e+01 -1.055201e+00 
 3.912121e+01 -1.045832e+00 
 3.912153e+01 -1.037877e+00 
 3.912185e+01 -1.049080e+00 
 3.912218e+01 -1.059382e+00 
 3.912250e+01 -1.078691e+00 
 3.912282e+01 -1.099661e+00 
 3.912314e+01 -1.126189e+00 
 3.912347e+01 -1.155563e+00 
 3.912379e+01 -1.190121e+00 
 3.912411e+01 -1.221165e+00 
 3.912444e+01 -1.248339e+00 
 3.912476e+01 -1.256662e+00 
 3.912508e+01 -1.280253e+00 
 3.912541e+01 -1.290633e+00 
 3.912573e+01 -1.330380e+00 
 3.912605e+01 -1.366366e+00 
 3.912637e+01 -1.385469e+00 
 3.912670e+01 -1.414598e+00 
 3.912702e+01 -1.455714e+00 
 3.912734e+01 -1.475928e+00 
 3.912767e+01 -1.491725e+00 
 3.912799e+01 -1.503061e+00 
 3.912831e+01 -1.513690e+00 
 3.912864e+01 -1.521820e+00 
 3.912896e+01 -1.521955e+00 
 3.912928e+01 -1.520070e+00 
 3.912960e+01 -1.515124e+00 
 3.912993e+01 -1.479710e+00 
 3.913025e+01 -1.470266e+00 
 3.913057e+01 -1.468673e+00 
 3.913090e+01 -1.467758e+00 
 3.913122e+01 -1.474485e+00 
 3.913154e+01 -1.478739e+00 
 3.913187e+01 -1.481143e+00 
 3.913219e+01 -1.481697e+00 
 3.913251e+01 -1.481782e+00 
 3.913283e+01 -1.480844e+00 
 3.913316e+01 -1.474047e+00 
 3.913348e+01 -1.470881e+00 
 3.913380e+01 -1.464306e+00 
 3.913413e+01 -1.455814e+00 
 3.913445e+01 -1.451924e+00 
 3.913477e+01 -1.448892e+00 
 3.913510e+01 -1.451260e+00 
 3.913542e+01 -1.454186e+00 
 3.913574e+01 -1.458998e+00 
 3.913606e+01 -1.464087e+00 
 3.913639e+01 -1.465195e+00 
 3.913671e+01 -1.466190e+00 
 3.913703e+01 -1.460920e+00 
 3.913736e+01 -1.456620e+00 
 3.913768e+01 -1.450905e+00 
 3.913800e+01 -1.444330e+00 
 3.913833e+01 -1.444549e+00 
 3.913865e+01 -1.447869e+00 
 3.913897e+01 -1.450677e+00 
 3.913929e+01 -1.460500e+00 
 3.913962e+01 -1.471098e+00 
 3.913994e+01 -1.481647e+00 
 3.914026e+01 -1.492027e+00 
 3.914059e+01 -1.503579e+00 
 3.914091e+01 -1.516034e+00 
 3.914123e+01 -1.527141e+00 
 3.914156e+01 -1.534391e+00 
 3.914188e+01 -1.543372e+00 
 3.914220e+01 -1.550475e+00 
 3.914252e+01 -1.558089e+00 
 3.914285e+01 -1.564709e+00 
 3.914317e+01 -1.576251e+00 
 3.914349e+01 -1.591232e+00 
 3.914382e+01 -1.602691e+00 
 3.914414e+01 -1.612661e+00 
 3.914446e+01 -1.619482e+00 
 3.914479e+01 -1.627703e+00 
 3.914511e+01 -1.640803e+00 
 3.914543e+01 -1.657853e+00 
 3.914575e+01 -1.667751e+00 
 3.914608e+01 -1.667356e+00 
 3.914640e+01 -1.668980e+00 
 3.914672e+01 -1.665670e+00 
 3.914705e+01 -1.662490e+00 
 3.914737e+01 -1.659978e+00 
 3.914769e+01 -1.663348e+00 
 3.914802e+01 -1.661013e+00 
 3.914834e+01 -1.656069e+00 
 3.914866e+01 -1.654895e+00 
 3.914898e+01 -1.653904e+00 
 3.914931e+01 -1.652540e+00 
 3.914963e+01 -1.643206e+00 
 3.914995e+01 -1.635518e+00 
 3.915028e+01 -1.626525e+00 
 3.915060e+01 -1.597068e+00 
 3.915092e+01 -1.577539e+00 
 3.915124e+01 -1.572053e+00 
 3.915157e+01 -1.568217e+00 
 3.915189e+01 -1.564236e+00 
 3.915221e+01 -1.558497e+00 
 3.915254e+01 -1.555225e+00 
 3.915286e+01 -1.554011e+00 
 3.915318e+01 -1.557199e+00 
 3.915351e+01 -1.557450e+00 
 3.915383e+01 -1.557751e+00 
 3.915415e+01 -1.555219e+00 
 3.915447e+01 -1.549184e+00 
 3.915480e+01 -1.538541e+00 
 3.915512e+01 -1.530464e+00 
 3.915544e+01 -1.522883e+00 
 3.915577e+01 -1.514450e+00 
 3.915609e+01 -1.509661e+00 
 3.915641e+01 -1.507076e+00 
 3.915674e+01 -1.508583e+00 
 3.915706e+01 -1.510877e+00 
 3.915738e+01 -1.514327e+00 
 3.915770e+01 -1.514097e+00 
 3.915803e+01 -1.512389e+00 
 3.915835e+01 -1.504575e+00 
 3.915867e+01 -1.495255e+00 
 3.915900e+01 -1.481753e+00 
 3.915932e+01 -1.467756e+00 
 3.915964e+01 -1.452600e+00 
 3.915997e+01 -1.440083e+00 
 3.916029e+01 -1.429870e+00 
 3.916061e+01 -1.422808e+00 
 3.916093e+01 -1.422604e+00 
 3.916126e+01 -1.424415e+00 
 3.916158e+01 -1.422945e+00 
 3.916190e+01 -1.423194e+00 
 3.916223e+01 -1.424667e+00 
 3.916255e+01 -1.419540e+00 
 3.916287e+01 -1.411258e+00 
 3.916320e+01 -1.398752e+00 
 3.916352e+01 -1.394177e+00 
 3.916384e+01 -1.391087e+00 
 3.916416e+01 -1.390243e+00 
 3.916449e+01 -1.393168e+00 
 3.916481e+01 -1.399118e+00 
 3.916513e+01 -1.408438e+00 
 3.916546e+01 -1.421090e+00 
 3.916578e+01 -1.435932e+00 
 3.916610e+01 -1.448824e+00 
 3.916643e+01 -1.460297e+00 
 3.916675e+01 -1.469482e+00 
 3.916707e+01 -1.476134e+00 
 3.916739e+01 -1.481241e+00 
 3.916772e+01 -1.484157e+00 
 3.916804e+01 -1.490368e+00 
 3.916836e+01 -1.499948e+00 
 3.916869e+01 -1.509181e+00 
 3.916901e+01 -1.520768e+00 
 3.916933e+01 -1.533341e+00 
 3.916966e+01 -1.544299e+00 
 3.916998e+01 -1.551189e+00 
 3.917030e+01 -1.555363e+00 
 3.917062e+01 -1.555939e+00 
 3.917095e+01 -1.551521e+00 
 3.917127e+01 -1.546488e+00 
 3.917159e+01 -1.542639e+00 
 3.917192e+01 -1.537642e+00 
 3.917224e+01 -1.531397e+00 
 3.917256e+01 -1.524108e+00 
 3.917289e+01 -1.518527e+00 
 3.917321e+01 -1.515577e+00 
 3.917353e+01 -1.517825e+00 
 3.917385e+01 -1.521290e+00 
 3.917418e+01 -1.520410e+00 
 3.917450e+01 -1.518680e+00 
 3.917482e+01 -1.515657e+00 
 3.917515e+01 -1.511913e+00 
 3.917547e+01 -1.508565e+00 
 3.917579e+01 -1.505080e+00 
 3.917612e+01 -1.501915e+00 
 3.917644e+01 -1.498089e+00 
 3.917676e+01 -1.494148e+00 
 3.917708e+01 -1.490454e+00 
 3.917741e+01 -1.485530e+00 
 3.917773e+01 -1.475381e+00 
 3.917805e+01 -1.463860e+00 
 3.917838e+01 -1.448152e+00 
 3.917870e+01 -1.433224e+00 
 3.917902e+01 -1.417579e+00 
 3.917935e+01 -1.401373e+00 
 3.917967e+01 -1.383742e+00 
 3.917999e+01 -1.357630e+00 
 3.918031e+01 -1.337883e+00 
 3.918064e+01 -1.315961e+00 
 3.918096e+01 -1.292724e+00 
 3.918128e+01 -1.269027e+00 
 3.918161e+01 -1.244656e+00 
 3.918193e+01 -1.220761e+00 
 3.918225e+01 -1.197379e+00 
 3.918257e+01 -1.172793e+00 
 3.918290e+01 -1.146568e+00 
 3.918322e+01 -1.122774e+00 
 3.918354e+01 -1.100626e+00 
 3.918387e+01 -1.081250e+00 
 3.918419e+01 -1.061032e+00 
 3.918451e+01 -1.039014e+00 
 3.918484e+01 -1.016613e+00 
 3.918516e+01 -9.930301e-01 
 3.918548e+01 -9.693986e-01 
 3.918580e+01 -9.446205e-01 
 3.918613e+01 -9.201687e-01 
 3.918645e+01 -8.955421e-01 
 3.918677e+01 -8.704632e-01 
 3.918710e+01 -8.477449e-01 
 3.918742e+01 -7.783341e-01 
 3.918774e+01 -7.531242e-01 
 3.918807e+01 -6.925183e-01 
 3.918839e+01 -6.709158e-01 
 3.918871e+01 -6.483846e-01 
 3.918903e+01 -6.261316e-01 
 3.918936e+01 -6.169236e-01 
 3.918968e+01 -6.120015e-01 
 3.919000e+01 -5.977725e-01 
 3.919033e+01 -5.643786e-01 
 3.919065e+01 -5.575134e-01 
 3.919097e+01 -5.519869e-01 
 3.919130e+01 -5.477526e-01 
 3.919162e+01 -5.423781e-01 
 3.919194e+01 -5.383225e-01 
 3.919226e+01 -5.320214e-01 
 3.919259e+01 -5.246516e-01 
 3.919291e+01 -5.200900e-01 
 3.919323e+01 -5.169548e-01 
 3.919356e+01 -4.951619e-01 
 3.919388e+01 -5.052272e-01 
 3.919420e+01 -5.156579e-01 
 3.919453e+01 -5.266574e-01 
 3.919485e+01 -5.218706e-01 
 3.919517e+01 -5.155351e-01 
 3.919549e+01 -5.265904e-01 
 3.919582e+01 -5.335544e-01 
 3.919614e+01 -5.389315e-01 
 3.919646e+01 -5.411960e-01 
 3.919679e+01 -5.399865e-01 
 3.919711e+01 -5.388485e-01 
 3.919743e+01 -5.383080e-01 
 3.919776e+01 -5.145959e-01 
 3.919808e+01 -5.132539e-01 
 3.919840e+01 -5.062756e-01 
 3.919872e+01 -5.014561e-01 
 3.919905e+01 -4.930462e-01 
 3.919937e+01 -4.881713e-01 
 3.919969e+01 -4.838616e-01 
 3.920002e+01 -4.772178e-01 
 3.920034e+01 -4.671656e-01 
 3.920066e+01 -4.589719e-01 
 3.920099e+01 -4.533725e-01 
 3.920131e+01 -4.498478e-01 
 3.920163e+01 -4.491081e-01 
 3.920195e+01 -4.534290e-01 
 3.920228e+01 -4.584349e-01 
 3.920260e+01 -4.635039e-01 
 3.920292e+01 -4.677825e-01 
 3.920325e+01 -4.697542e-01 
 3.920357e+01 -4.709321e-01 
 3.920389e+01 -4.731601e-01 
 3.920422e+01 -4.752509e-01 
 3.920454e+01 -4.802510e-01 
 3.920486e+01 -4.872382e-01 
 3.920518e+01 -4.955654e-01 
 3.920551e+01 -5.060123e-01 
 3.920583e+01 -5.181326e-01 
 3.920615e+01 -5.324041e-01 
 3.920648e+01 -5.451161e-01 
 3.920680e+01 -5.553840e-01 
 3.920712e+01 -5.636204e-01 
 3.920745e+01 -5.693027e-01 
 3.920777e+01 -5.731247e-01 
 3.920809e+01 -5.762453e-01 
 3.920841e+01 -5.793751e-01 
 3.920874e+01 -5.835758e-01 
 3.920906e+01 -5.867572e-01 
 3.920938e+01 -5.926933e-01 
 3.920971e+01 -5.981876e-01 
 3.921003e+01 -6.061668e-01 
 3.921035e+01 -6.180846e-01 
 3.921068e+01 -6.286881e-01 
 3.921100e+01 -6.366874e-01 
 3.921132e+01 -6.420913e-01 
 3.921164e+01 -6.474395e-01 
 3.921197e+01 -6.525729e-01 
 3.921229e+01 -6.563481e-01 
 3.921261e+01 -6.611368e-01 
 3.921294e+01 -6.698627e-01 
 3.921326e+01 -6.820067e-01 
 3.921358e+01 -6.976777e-01 
 3.921391e+01 -7.166726e-01 
 3.921423e+01 -7.389992e-01 
 3.921455e+01 -7.636721e-01 
 3.921487e+01 -7.908293e-01 
 3.921520e+01 -8.095064e-01 
 3.921552e+01 -8.312025e-01 
 3.921584e+01 -8.555432e-01 
 3.921617e+01 -8.806071e-01 
 3.921649e+01 -9.079867e-01 
 3.921681e+01 -9.375662e-01 
 3.921713e+01 -9.709014e-01 
 3.921746e+01 -1.003372e+00 
 3.921778e+01 -1.036967e+00 
 3.921810e+01 -1.074544e+00 
 3.921843e+01 -1.109064e+00 
 3.921875e+01 -1.141486e+00 
 3.921907e+01 -1.170986e+00 
 3.921940e+01 -1.199778e+00 
 3.921972e+01 -1.227056e+00 
 3.922004e+01 -1.253246e+00 
 3.922036e+01 -1.280473e+00 
 3.922069e+01 -1.306919e+00 
 3.922101e+01 -1.330826e+00 
 3.922133e+01 -1.350695e+00 
 3.922166e+01 -1.371236e+00 
 3.922198e+01 -1.389239e+00 
 3.922230e+01 -1.403229e+00 
 3.922263e+01 -1.421041e+00 
 3.922295e+01 -1.437302e+00 
 3.922327e+01 -1.449278e+00 
 3.922359e+01 -1.461053e+00 
 3.922392e+01 -1.469366e+00 
 3.922424e+01 -1.477006e+00 
 3.922456e+01 -1.483700e+00 
 3.922489e+01 -1.489820e+00 
 3.922521e+01 -1.493310e+00 
 3.922553e+01 -1.497502e+00 
 3.922586e+01 -1.500913e+00 
 3.922618e+01 -1.504140e+00 
 3.922650e+01 -1.507539e+00 
 3.922682e+01 -1.510796e+00 
 3.922715e+01 -1.513759e+00 
 3.922747e+01 -1.515077e+00 
 3.922779e+01 -1.516429e+00 
 3.922812e+01 -1.515679e+00 
 3.922844e+01 -1.510560e+00 
 3.922876e+01 -1.509295e+00 
 3.922909e+01 -1.508093e+00 
 3.922941e+01 -1.482323e+00 
 3.922973e+01 -1.477575e+00 
 3.923005e+01 -1.472477e+00 
 3.923038e+01 -1.467979e+00 
 3.923070e+01 -1.463715e+00 
 3.923102e+01 -1.458059e+00 
 3.923135e+01 -1.452118e+00 
 3.923167e+01 -1.444691e+00 
 3.923199e+01 -1.442452e+00 
 3.923232e+01 -1.440617e+00 
 3.923264e+01 -1.438539e+00 
 3.923296e+01 -1.432500e+00 
 3.923328e+01 -1.417052e+00 
 3.923361e+01 -1.405290e+00 
 3.923393e+01 -1.393861e+00 
 3.923425e+01 -1.381609e+00 
 3.923458e+01 -1.356087e+00 
 3.923490e+01 -1.321181e+00 
 3.923522e+01 -1.311577e+00 
 3.923555e+01 -1.302100e+00 
 3.923587e+01 -1.292810e+00 
 3.923619e+01 -1.283699e+00 
 3.923651e+01 -1.275488e+00 
 3.923684e+01 -1.267584e+00 
 3.923716e+01 -1.259385e+00 
 3.923748e+01 -1.251193e+00 
 3.923781e+01 -1.242960e+00 
 3.923813e+01 -1.233432e+00 
 3.923845e+01 -1.223781e+00 
 3.923878e+01 -1.207717e+00 
 3.923910e+01 -1.193356e+00 
 3.923942e+01 -1.185202e+00 
 3.923974e+01 -1.181554e+00 
 3.924007e+01 -1.179312e+00 
 3.924039e+01 -1.178016e+00 
 3.924071e+01 -1.177964e+00 
 3.924104e+01 -1.173980e+00 
 3.924136e+01 -1.167476e+00 
 3.924168e+01 -1.161869e+00 
 3.924201e+01 -1.157383e+00 
 3.924233e+01 -1.153710e+00 
 3.924265e+01 -1.151223e+00 
 3.924297e+01 -1.131529e+00 
 3.924330e+01 -1.111772e+00 
 3.924362e+01 -1.108200e+00 
 3.924394e+01 -1.104638e+00 
 3.924427e+01 -1.102243e+00 
 3.924459e+01 -1.099924e+00 
 3.924491e+01 -1.098766e+00 
 3.924524e+01 -1.100944e+00 
 3.924556e+01 -1.106332e+00 
 3.924588e+01 -1.114301e+00 
 3.924620e+01 -1.125189e+00 
 3.924653e+01 -1.137748e+00 
 3.924685e+01 -1.149261e+00 
 3.924717e+01 -1.159451e+00 
 3.924750e+01 -1.170585e+00 
 3.924782e+01 -1.181397e+00 
 3.924814e+01 -1.190751e+00 
 3.924847e+01 -1.198764e+00 
 3.924879e+01 -1.207640e+00 
 3.924911e+01 -1.216712e+00 
 3.924943e+01 -1.226565e+00 
 3.924976e+01 -1.236458e+00 
 3.925008e+01 -1.245104e+00 
 3.925040e+01 -1.251392e+00 
 3.925073e+01 -1.255851e+00 
 3.925105e+01 -1.259095e+00 
 3.925137e+01 -1.259109e+00 
 3.925170e+01 -1.252923e+00 
 3.925202e+01 -1.246279e+00 
 3.925234e+01 -1.238753e+00 
 3.925266e+01 -1.233089e+00 
 3.925299e+01 -1.223234e+00 
 3.925331e+01 -1.216652e+00 
 3.925363e+01 -1.208308e+00 
 3.925396e+01 -1.199517e+00 
 3.925428e+01 -1.192067e+00 
 3.925460e+01 -1.181278e+00 
 3.925492e+01 -1.169571e+00 
 3.925525e+01 -1.160379e+00 
 3.925557e+01 -1.148984e+00 
 3.925589e+01 -1.136510e+00 
 3.925622e+01 -1.123453e+00 
 3.925654e+01 -1.112039e+00 
 3.925686e+01 -1.103037e+00 
 3.925719e+01 -1.097272e+00 
 3.925751e+01 -1.097057e+00 
 3.925783e+01 -1.101184e+00 
 3.925815e+01 -1.107168e+00 
 3.925848e+01 -1.112099e+00 
 3.925880e+01 -1.115756e+00 
 3.925912e+01 -1.116046e+00 
 3.925945e+01 -1.116394e+00 
 3.925977e+01 -1.115860e+00 
 3.926009e+01 -1.113145e+00 
 3.926042e+01 -1.109963e+00 
 3.926074e+01 -1.118828e+00 
 3.926106e+01 -1.122732e+00 
 3.926138e+01 -1.130470e+00 
 3.926171e+01 -1.140417e+00 
 3.926203e+01 -1.162709e+00 
 3.926235e+01 -1.187608e+00 
 3.926268e+01 -1.200241e+00 
 3.926300e+01 -1.210694e+00 
 3.926332e+01 -1.216354e+00 
 3.926365e+01 -1.215458e+00 
 3.926397e+01 -1.209912e+00 
 3.926429e+01 -1.199509e+00 
 3.926461e+01 -1.186708e+00 
 3.926494e+01 -1.174283e+00 
 3.926526e+01 -1.163719e+00 
 3.926558e+01 -1.154718e+00 
 3.926591e+01 -1.146864e+00 
 3.926623e+01 -1.139625e+00 
 3.926655e+01 -1.130474e+00 
 3.926688e+01 -1.117759e+00 
 3.926720e+01 -1.102274e+00 
 3.926752e+01 -1.084128e+00 
 3.926784e+01 -1.064537e+00 
 3.926817e+01 -1.044233e+00 
 3.926849e+01 -1.022029e+00 
 3.926881e+01 -9.989884e-01 
 3.926914e+01 -9.783272e-01 
 3.926946e+01 -9.598455e-01 
 3.926978e+01 -9.444807e-01 
 3.927011e+01 -9.328452e-01 
 3.927043e+01 -9.239520e-01 
 3.927075e+01 -9.170194e-01 
 3.927107e+01 -9.104982e-01 
 3.927140e+01 -9.052738e-01 
 3.927172e+01 -9.011751e-01 
 3.927204e+01 -8.960937e-01 
 3.927237e+01 -8.915279e-01 
 3.927269e+01 -8.892574e-01 
 3.927301e+01 -8.910682e-01 
 3.927334e+01 -8.964236e-01 
 3.927366e+01 -9.042961e-01 
 3.927398e+01 -9.132248e-01 
 3.927430e+01 -9.225543e-01 
 3.927463e+01 -9.323609e-01 
 3.927495e+01 -9.430748e-01 
 3.927527e+01 -9.527406e-01 
 3.927560e+01 -9.598895e-01 
 3.927592e+01 -9.636378e-01 
 3.927624e+01 -9.630327e-01 
 3.927657e+01 -9.588827e-01 
 3.927689e+01 -9.525880e-01 
 3.927721e+01 -9.447460e-01 
 3.927753e+01 -9.343738e-01 
 3.927786e+01 -9.247067e-01 
 3.927818e+01 -9.168535e-01 
 3.927850e+01 -9.078912e-01 
 3.927883e+01 -8.974708e-01 
 3.927915e+01 -8.830990e-01 
 3.927947e+01 -8.694003e-01 
 3.927980e+01 -8.548600e-01 
 3.928012e+01 -8.384700e-01 
 3.928044e+01 -8.204393e-01 
 3.928076e+01 -8.011691e-01 
 3.928109e+01 -7.813821e-01 
 3.928141e+01 -7.672060e-01 
 3.928173e+01 -7.629506e-01 
 3.928206e+01 -7.399024e-01 
 3.928238e+01 -7.341850e-01 
 3.928270e+01 -7.086525e-01 
 3.928303e+01 -6.865027e-01 
 3.928335e+01 -6.678067e-01 
 3.928367e+01 -6.490317e-01 
 3.928399e+01 -6.310800e-01 
 3.928432e+01 -6.105738e-01 
 3.928464e+01 -5.881459e-01 
 3.928496e+01 -5.689764e-01 
 3.928529e+01 -5.534885e-01 
 3.928561e+01 -5.415952e-01 
 3.928593e+01 -5.344298e-01 
 3.928626e+01 -5.314107e-01 
 3.928658e+01 -5.324717e-01 
 3.928690e+01 -5.369063e-01 
 3.928722e+01 -5.439443e-01 
 3.928755e+01 -5.504415e-01 
 3.928787e+01 -5.563697e-01 
 3.928819e+01 -5.604350e-01 
 3.928852e+01 -5.652650e-01 
 3.928884e+01 -5.664280e-01 
 3.928916e+01 -5.652522e-01 
 3.928948e+01 -5.625985e-01 
 3.928981e+01 -5.604586e-01 
 3.929013e+01 -5.597254e-01 
 3.929045e+01 -5.591919e-01 
 3.929078e+01 -5.605520e-01 
 3.929110e+01 -5.645124e-01 
 3.929142e+01 -5.674500e-01 
 3.929175e+01 -5.690496e-01 
 3.929207e+01 -5.693226e-01 
 3.929239e+01 -5.653661e-01 
 3.929271e+01 -5.668190e-01 
 3.929304e+01 -5.548054e-01 
 3.929336e+01 -5.434057e-01 
 3.929368e+01 -5.344057e-01 
 3.929401e+01 -5.272789e-01 
 3.929433e+01 -5.221057e-01 
 3.929465e+01 -5.166200e-01 
 3.929498e+01 -5.112846e-01 
 3.929530e+01 -5.090785e-01 
 3.929562e+01 -5.105512e-01 
 3.929594e+01 -5.132897e-01 
 3.929627e+01 -5.417614e-01 
 3.929659e+01 -5.459866e-01 
 3.929691e+01 -5.622717e-01 
 3.929724e+01 -5.647560e-01 
 3.929756e+01 -5.672974e-01 
 3.929788e+01 -5.699223e-01 
 3.929821e+01 -5.728178e-01 
 3.929853e+01 -5.768405e-01 
 3.929885e+01 -5.828604e-01 
 3.929917e+01 -5.887157e-01 
 3.929950e+01 -5.945728e-01 
 3.929982e+01 -5.996050e-01 
 3.930014e+01 -6.031808e-01 
 3.930047e+01 -6.062022e-01 
 3.930079e+01 -6.080538e-01 
 3.930111e+01 -6.093043e-01 
 3.930144e+01 -6.089572e-01 
 3.930176e+01 -6.052732e-01 
 3.930208e+01 -5.975416e-01 
 3.930240e+01 -5.908305e-01 
 3.930273e+01 -5.817564e-01 
 3.930305e+01 -5.765828e-01 
 3.930337e+01 -5.785481e-01 
 3.930370e+01 -5.840475e-01 
 3.930402e+01 -5.924744e-01 
 3.930434e+01 -6.025530e-01 
 3.930467e+01 -6.133915e-01 
 3.930499e+01 -6.248455e-01 
 3.930531e+01 -6.375258e-01 
 3.930563e+01 -6.532989e-01 
 3.930596e+01 -6.716374e-01 
 3.930628e+01 -6.907566e-01 
 3.930660e+01 -7.144784e-01 
 3.930693e+01 -7.343113e-01 
 3.930725e+01 -7.504617e-01 
 3.930757e+01 -7.864894e-01 
 3.930790e+01 -7.951729e-01 
 3.930822e+01 -8.011337e-01 
 3.930854e+01 -8.067608e-01 
 3.930886e+01 -8.122519e-01 
 3.930919e+01 -8.197783e-01 
 3.930951e+01 -8.284693e-01 
 3.930983e+01 -8.342215e-01 
 3.931016e+01 -8.335721e-01 
 3.931048e+01 -8.302726e-01 
 3.931080e+01 -8.241095e-01 
 3.931113e+01 -8.192674e-01 
 3.931145e+01 -8.145288e-01 
 3.931177e+01 -8.091229e-01 
 3.931209e+01 -8.039092e-01 
 3.931242e+01 -7.989062e-01 
 3.931274e+01 -7.953347e-01 
 3.931306e+01 -7.930509e-01 
 3.931339e+01 -7.923361e-01 
 3.931371e+01 -7.955742e-01 
 3.931403e+01 -8.005615e-01 
 3.931436e+01 -8.065500e-01 
 3.931468e+01 -8.111139e-01 
 3.931500e+01 -8.143274e-01 
 3.931532e+01 -8.195625e-01 
 3.931565e+01 -8.169477e-01 
 3.931597e+01 -8.332437e-01 
 3.931629e+01 -8.224251e-01 
 3.931662e+01 -8.235149e-01 
 3.931694e+01 -8.091170e-01 
 3.931726e+01 -7.956572e-01 
 3.931759e+01 -7.816908e-01 
 3.931791e+01 -7.678683e-01 
 3.931823e+01 -7.516351e-01 
 3.931855e+01 -7.330262e-01 
 3.931888e+01 -7.117236e-01 
 3.931920e+01 -6.888134e-01 
 3.931952e+01 -6.661031e-01 
 3.931985e+01 -6.433820e-01 
 3.932017e+01 -6.208490e-01 
 3.932049e+01 -5.973851e-01 
 3.932081e+01 -5.751360e-01 
 3.932114e+01 -5.509053e-01 
 3.932146e+01 -5.285918e-01 
 3.932178e+01 -5.101334e-01 
 3.932211e+01 -4.973587e-01 
 3.932243e+01 -4.833929e-01 
 3.932275e+01 -4.702336e-01 
 3.932308e+01 -4.697657e-01 
 3.932340e+01 -4.584728e-01 
 3.932372e+01 -4.484863e-01 
 3.932404e+01 -4.490649e-01 
 3.932437e+01 -4.445571e-01 
 3.932469e+01 -4.399687e-01 
 3.932501e+01 -4.339740e-01 
 3.932534e+01 -4.278813e-01 
 3.932566e+01 -4.191757e-01 
 3.932598e+01 -4.093162e-01 
 3.932631e+01 -3.995738e-01 
 3.932663e+01 -3.874351e-01 
 3.932695e+01 -3.759291e-01 
 3.932727e+01 -3.623655e-01 
 3.932760e+01 -3.454236e-01 
 3.932792e+01 -3.315202e-01 
 3.932824e+01 -3.187487e-01 
 3.932857e+01 -3.102157e-01 
 3.932889e+01 -3.028711e-01 
 3.932921e+01 -2.950164e-01 
 3.932954e+01 -2.887265e-01 
 3.932986e+01 -2.819005e-01 
 3.933018e+01 -2.740127e-01 
 3.933050e+01 -2.635812e-01 
 3.933083e+01 -2.497860e-01 
 3.933115e+01 -2.377362e-01 
 3.933147e+01 -2.255674e-01 
 3.933180e+01 -2.170719e-01 
 3.933212e+01 -2.123221e-01 
 3.933244e+01 -2.089042e-01 
 3.933277e+01 -2.037334e-01 
 3.933309e+01 -1.984236e-01 
 3.933341e+01 -1.959581e-01 
 3.933373e+01 -1.902881e-01 
 3.933406e+01 -1.844907e-01 
 3.933438e+01 -1.763741e-01 
 3.933470e+01 -1.697272e-01 
 3.933503e+01 -1.619729e-01 
 3.933535e+01 -1.553515e-01 
 3.933567e+01 -1.497711e-01 
 3.933600e+01 -1.457533e-01 
 3.933632e+01 -1.420883e-01 
 3.933664e+01 -1.418625e-01 
 3.933696e+01 -1.439026e-01 
 3.933729e+01 -1.456084e-01 
 3.933761e+01 -1.472218e-01 
 3.933793e+01 -1.469816e-01 
 3.933826e+01 -1.475811e-01 
 3.933858e+01 -1.484511e-01 
 3.933890e+01 -1.508457e-01 
 3.933923e+01 -1.545939e-01 
 3.933955e+01 -1.603011e-01 
 3.933987e+01 -1.665791e-01 
 3.934019e+01 -1.767459e-01 
 3.934052e+01 -1.858880e-01 
 3.934084e+01 -1.963791e-01 
 3.934116e+01 -2.029445e-01 
 3.934149e+01 -2.089025e-01 
 3.934181e+01 -2.148410e-01 
 3.934213e+01 -2.170705e-01 
 3.934246e+01 -2.241444e-01 
 3.934278e+01 -2.200628e-01 
 3.934310e+01 -2.129007e-01 
 3.934342e+01 -2.054264e-01 
 3.934375e+01 -1.980129e-01 
 3.934407e+01 -1.994362e-01 
 3.934439e+01 -1.921736e-01 
 3.934472e+01 -1.853215e-01 
 3.934504e+01 -1.771568e-01 
 3.934536e+01 -1.658700e-01 
 3.934569e+01 -1.511332e-01 
 3.934601e+01 -1.378442e-01 
 3.934633e+01 -1.255285e-01 
 3.934665e+01 -1.138281e-01 
 3.934698e+01 -1.052867e-01 
 3.934730e+01 -1.015241e-01 
 3.934762e+01 -9.575970e-02 
 3.934795e+01 -8.971932e-02 
 3.934827e+01 -8.499741e-02 
 3.934859e+01 -8.163604e-02 
 3.934891e+01 -7.894153e-02 
 3.934924e+01 -7.604046e-02 
 3.934956e+01 -7.259217e-02 
 3.934988e+01 -6.888826e-02 
 3.935021e+01 -6.691853e-02 
 3.935053e+01 -6.715497e-02 
 3.935085e+01 -6.440921e-02 
 3.935118e+01 -6.093563e-02 
 3.935150e+01 -5.743738e-02 
 3.935182e+01 -5.534626e-02 
 3.935214e+01 -5.384567e-02 
 3.935247e+01 -5.251443e-02 
 3.935279e+01 -5.078274e-02 
 3.935311e+01 -4.560266e-02 
 3.935344e+01 -3.867362e-02 
 3.935376e+01 -3.259840e-02 
 3.935408e+01 -2.906330e-02 
 3.935441e+01 -2.677158e-02 
 3.935473e+01 -2.529877e-02 
 3.935505e+01 -2.662740e-02 
 3.935537e+01 -2.847745e-02 
 3.935570e+01 -3.052805e-02 
 3.935602e+01 -3.361108e-02 
 3.935634e+01 -3.728005e-02 
 3.935667e+01 -4.109545e-02 
 3.935699e+01 -4.537341e-02 
 3.935731e+01 -5.139618e-02 
 3.935764e+01 -6.002255e-02 
 3.935796e+01 -6.937645e-02 
 3.935828e+01 -7.906616e-02 
 3.935860e+01 -8.994570e-02 
 3.935893e+01 -1.012663e-01 
 3.935925e+01 -1.109811e-01 
 3.935957e+01 -1.227420e-01 
 3.935990e+01 -1.280987e-01 
 3.936022e+01 -1.300505e-01 
 3.936054e+01 -1.286758e-01 
 3.936087e+01 -1.267486e-01 
 3.936119e+01 -1.230558e-01 
 3.936151e+01 -1.181994e-01 
 3.936183e+01 -1.118374e-01 
 3.936216e+01 -1.074933e-01 
 3.936248e+01 -1.053177e-01 
 3.936280e+01 -1.033772e-01 
 3.936313e+01 -1.006501e-01 
 3.936345e+01 -1.106427e-01 
 3.936377e+01 -1.015880e-01 
 3.936410e+01 -9.375871e-02 
 3.936442e+01 -8.688728e-02 
 3.936474e+01 -8.022222e-02 
 3.936506e+01 -7.397608e-02 
 3.936539e+01 -6.585227e-02 
 3.936571e+01 -5.938523e-02 
 3.936603e+01 -5.534172e-02 
 3.936636e+01 -5.404014e-02 
 3.936668e+01 -5.514915e-02 
 3.936700e+01 -5.703679e-02 
 3.936733e+01 -5.851277e-02 
 3.936765e+01 -5.931448e-02 
 3.936797e+01 -5.945200e-02 
 3.936829e+01 -5.695044e-02 
 3.936862e+01 -5.082184e-02 
 3.936894e+01 -4.412530e-02 
 3.936926e+01 -6.061211e-02 
 3.936959e+01 -6.840067e-02 
 3.936991e+01 -6.010810e-02 
 3.937023e+01 -4.882274e-02 
 3.937056e+01 -3.663703e-02 
 3.937088e+01 -2.261542e-02 
 3.937120e+01 -8.509333e-04 
 3.937152e+01  2.693454e-02 
 3.937185e+01  6.100567e-02 
 3.937217e+01  9.452811e-02 
 3.937249e+01  1.233323e-01 
 3.937282e+01  1.446336e-01 
 3.937314e+01  1.629858e-01 
 3.937346e+01  1.798582e-01 
 3.937379e+01  1.686621e-01 
 3.937411e+01  1.785629e-01 
 3.937443e+01  1.833754e-01 
 3.937475e+01  1.830724e-01 
 3.937508e+01  1.815872e-01 
 3.937540e+01  1.808179e-01 
 3.937572e+01  1.823852e-01 
 3.937605e+01  1.858790e-01 
 3.937637e+01  1.721659e-01 
 3.937669e+01  1.575539e-01 
 3.937702e+01  1.550331e-01 
 3.937734e+01  1.580050e-01 
 3.937766e+01  1.417947e-01 
 3.937798e+01  1.149483e-01 
 3.937831e+01  1.083938e-01 
 3.937863e+01  1.035036e-01 
 3.937895e+01  1.005888e-01 
 3.937928e+01  1.016785e-01 
 3.937960e+01  1.062943e-01 
 3.937992e+01  1.209317e-01 
 3.938024e+01  1.387139e-01 
 3.938057e+01  1.595007e-01 
 3.938089e+01  1.842773e-01 
 3.938121e+01  2.063597e-01 
 3.938154e+01  2.276772e-01 
 3.938186e+01  2.392067e-01 
 3.938218e+01  2.504502e-01 
 3.938251e+01  2.552110e-01 
 3.938283e+01  2.553726e-01 
 3.938315e+01  2.517346e-01 
 3.938347e+01  2.488946e-01 
 3.938380e+01  2.469493e-01 
 3.938412e+01  2.456261e-01 
 3.938444e+01  2.424751e-01 
 3.938477e+01  2.382161e-01 
 3.938509e+01  2.304223e-01 
 3.938541e+01  2.209278e-01 
 3.938574e+01  2.055038e-01 
 3.938606e+01  1.636012e-01 
 3.938638e+01  1.331826e-01 
 3.938670e+01  9.465700e-02 
 3.938703e+01  8.083661e-02 
 3.938735e+01  6.898087e-02 
 3.938767e+01  5.939460e-02 
 3.938800e+01  5.476358e-02 
 3.938832e+01  5.913421e-02 
 3.938864e+01  6.925786e-02 
 3.938897e+01  8.232165e-02 
 3.938929e+01  9.765841e-02 
 3.938961e+01  1.112288e-01 
 3.938993e+01  1.202401e-01 
 3.939026e+01  1.193880e-01 
 3.939058e+01  1.083811e-01 
 3.939090e+01  9.179541e-02 
 3.939123e+01  7.122764e-02 
 3.939155e+01  4.823682e-02 
 3.939187e+01  2.512743e-02 
 3.939220e+01  2.676686e-03 
 3.939252e+01 -1.755885e-02 
 3.939284e+01 -3.896927e-02 
 3.939316e+01 -5.739817e-02 
 3.939349e+01 -7.459017e-02 
 3.939381e+01 -9.005940e-02 
 3.939413e+01 -1.054208e-01 
 3.939446e+01 -1.215627e-01 
 3.939478e+01 -1.399188e-01 
 3.939510e+01 -1.650689e-01 
 3.939543e+01 -1.827295e-01 
 3.939575e+01 -1.965610e-01 
 3.939607e+01 -2.050105e-01 
 3.939639e+01 -2.087949e-01 
 3.939672e+01 -2.081191e-01 
 3.939704e+01 -2.036635e-01 
 3.939736e+01 -1.946747e-01 
 3.939769e+01 -1.822219e-01 
 3.939801e+01 -1.688705e-01 
 3.939833e+01 -1.573544e-01 
 3.939866e+01 -1.497372e-01 
 3.939898e+01 -1.455835e-01 
 3.939930e+01 -1.437389e-01 
 3.939962e+01 -1.440051e-01 
 3.939995e+01 -1.449459e-01 
 3.940027e+01 -1.470242e-01 
 3.940059e+01 -1.494606e-01 
 3.940092e+01 -1.515320e-01 
 3.940124e+01 -1.550923e-01 
 3.940156e+01 -1.582058e-01 
 3.940189e+01 -1.635350e-01 
 3.940221e+01 -1.711458e-01 
 3.940253e+01 -1.797899e-01 
 3.940285e+01 -1.913094e-01 
 3.940318e+01 -2.059034e-01 
 3.940350e+01 -2.233119e-01 
 3.940382e+01 -2.413486e-01 
 3.940415e+01 -2.568071e-01 
 3.940447e+01 -2.691043e-01 
 3.940479e+01 -2.773956e-01 
 3.940512e+01 -2.821856e-01 
 3.940544e+01 -2.842894e-01 
 3.940576e+01 -2.836163e-01 
 3.940608e+01 -2.812436e-01 
 3.940641e+01 -2.789888e-01 
 3.940673e+01 -2.781911e-01 
 3.940705e+01 -2.813866e-01 
 3.940738e+01 -2.881229e-01 
 3.940770e+01 -2.963852e-01 
 3.940802e+01 -3.047797e-01 
 3.940835e+01 -3.124046e-01 
 3.940867e+01 -3.193855e-01 
 3.940899e+01 -3.257392e-01 
 3.940931e+01 -3.316570e-01 
 3.940964e+01 -3.372134e-01 
 3.940996e+01 -3.436291e-01 
 3.941028e+01 -3.519088e-01 
 3.941061e+01 -3.636094e-01 
 3.941093e+01 -3.779260e-01 
 3.941125e+01 -3.941073e-01 
 3.941157e+01 -4.104356e-01 
 3.941190e+01 -4.256883e-01 
 3.941222e+01 -4.379534e-01 
 3.941254e+01 -4.462048e-01 
 3.941287e+01 -4.496035e-01 
 3.941319e+01 -4.484944e-01 
 3.941351e+01 -4.445266e-01 
 3.941384e+01 -4.386161e-01 
 3.941416e+01 -4.324199e-01 
 3.941448e+01 -4.234650e-01 
 3.941480e+01 -4.138894e-01 
 3.941513e+01 -4.050254e-01 
 3.941545e+01 -3.974402e-01 
 3.941577e+01 -3.913102e-01 
 3.941610e+01 -3.856465e-01 
 3.941642e+01 -3.783784e-01 
 3.941674e+01 -3.687223e-01 
 3.941707e+01 -3.581923e-01 
 3.941739e+01 -3.469955e-01 
 3.941771e+01 -3.355745e-01 
 3.941803e+01 -3.253071e-01 
 3.941836e+01 -3.175300e-01 
 3.941868e+01 -3.140477e-01 
 3.941900e+01 -3.159110e-01 
 3.941933e+01 -3.230233e-01 
 3.941965e+01 -3.337964e-01 
 3.941997e+01 -3.460320e-01 
 3.942030e+01 -3.584581e-01 
 3.942062e+01 -3.700769e-01 
 3.942094e+01 -3.796689e-01 
 3.942126e+01 -3.861445e-01 
 3.942159e+01 -3.883906e-01 
 3.942191e+01 -3.867295e-01 
 3.942223e+01 -3.827366e-01 
 3.942256e+01 -3.786020e-01 
 3.942288e+01 -3.717733e-01 
 3.942320e+01 -3.645583e-01 
 3.942353e+01 -3.575144e-01 
 3.942385e+01 -3.507017e-01 
 3.942417e+01 -3.428658e-01 
 3.942449e+01 -3.328289e-01 
 3.942482e+01 -3.193104e-01 
 3.942514e+01 -3.022410e-01 
 3.942546e+01 -2.820603e-01 
 3.942579e+01 -2.598693e-01 
 3.942611e+01 -2.370629e-01 
 3.942643e+01 -2.400402e-01 
 3.942676e+01 -2.194955e-01 
 3.942708e+01 -2.020729e-01 
 3.942740e+01 -1.885601e-01 
 3.942772e+01 -1.785267e-01 
 3.942805e+01 -1.718158e-01 
 3.942837e+01 -1.666850e-01 
 3.942869e+01 -1.620759e-01 
 3.942902e+01 -1.573763e-01 
 3.942934e+01 -1.531816e-01 
 3.942966e+01 -1.485135e-01 
 3.942999e+01 -1.425554e-01 
 3.943031e+01 -1.349913e-01 
 3.943063e+01 -1.282506e-01 
 3.943095e+01 -1.208799e-01 
 3.943128e+01 -1.165835e-01 
 3.943160e+01 -1.193903e-01 
 3.943192e+01 -1.165791e-01 
 3.943225e+01 -1.141976e-01 
 3.943257e+01 -1.108775e-01 
 3.943289e+01 -1.064853e-01 
 3.943322e+01 -1.000938e-01 
 3.943354e+01 -9.111786e-02 
 3.943386e+01 -7.949159e-02 
 3.943418e+01 -6.620074e-02 
 3.943451e+01 -5.337028e-02 
 3.943483e+01 -4.198652e-02 
 3.943515e+01 -3.263061e-02 
 3.943548e+01 -2.666046e-02 
 3.943580e+01 -2.448148e-02 
 3.943612e+01 -2.653797e-02 
 3.943645e+01 -3.190904e-02 
 3.943677e+01 -3.852173e-02 
 3.943709e+01 -4.484342e-02 
 3.943741e+01 -4.961563e-02 
 3.943774e+01 -5.203346e-02 
 3.943806e+01 -5.298633e-02 
 3.943838e+01 -5.313650e-02 
 3.943871e+01 -5.336612e-02 
 3.943903e+01 -5.443223e-02 
 3.943935e+01 -6.110035e-02 
 3.943967e+01 -7.059910e-02 
 3.944000e+01 -7.668832e-02 
 3.944032e+01 -8.256048e-02 
 3.944064e+01 -9.965490e-02 
 3.944097e+01 -1.015590e-01 
 3.944129e+01 -1.016728e-01 
 3.944161e+01 -9.914685e-02 
 3.944194e+01 -9.388738e-02 
 3.944226e+01 -8.708531e-02 
 3.944258e+01 -7.919368e-02 
 3.944290e+01 -7.139900e-02 
 3.944323e+01 -6.543031e-02 
 3.944355e+01 -6.322382e-02 
 3.944387e+01 -6.604217e-02 
 3.944420e+01 -7.317663e-02 
 3.944452e+01 -8.361152e-02 
 3.944484e+01 -9.601403e-02 
 3.944517e+01 -1.084195e-01 
 3.944549e+01 -1.181492e-01 
 3.944581e+01 -1.250258e-01 
 3.944613e+01 -1.326259e-01 
 3.944646e+01 -1.347372e-01 
 3.944678e+01 -1.337366e-01 
 3.944710e+01 -1.313292e-01 
 3.944743e+01 -1.287574e-01 
 3.944775e+01 -1.255298e-01 
 3.944807e+01 -1.232134e-01 
 3.944840e+01 -1.224424e-01 
 3.944872e+01 -1.199672e-01 
 3.944904e+01 -1.159322e-01 
 3.944936e+01 -1.087319e-01 
 3.944969e+01 -9.771507e-02 
 3.945001e+01 -1.056671e-01 
 3.945033e+01 -8.883484e-02 
 3.945066e+01 -7.017415e-02 
 3.945098e+01 -5.040386e-02 
 3.945130e+01 -3.076529e-02 
 3.945163e+01 -1.330806e-02 
 3.945195e+01  1.235332e-04 
 3.945227e+01  1.080002e-02 
 3.945259e+01  1.956703e-02 
 3.945292e+01  2.661402e-02 
 3.945324e+01  3.261578e-02 
 3.945356e+01  3.775507e-02 
 3.945389e+01  4.240110e-02 
 3.945421e+01  4.642325e-02 
 3.945453e+01  5.055436e-02 
 3.945486e+01  5.332893e-02 
 3.945518e+01  5.408790e-02 
 3.945550e+01  5.203374e-02 
 3.945582e+01  4.872359e-02 
 3.945615e+01  4.361160e-02 
 3.945647e+01  3.659467e-02 
 3.945679e+01  2.842999e-02 
 3.945712e+01  3.377983e-03 
 3.945744e+01 -1.044633e-03 
 3.945776e+01  1.549494e-02 
 3.945809e+01  1.786935e-02 
 3.945841e+01  2.181388e-02 
 3.945873e+01  2.548564e-02 
 3.945905e+01  2.994886e-02 
 3.945938e+01  3.529203e-02 
 3.945970e+01  3.970742e-02 
 3.946002e+01  4.251318e-02 
 3.946035e+01  4.353905e-02 
 3.946067e+01  4.384537e-02 
 3.946099e+01  4.226300e-02 
 3.946132e+01  4.051450e-02 
 3.946164e+01  3.952902e-02 
 3.946196e+01  3.805586e-02 
 3.946228e+01  3.640734e-02 
 3.946261e+01  3.597370e-02 
 3.946293e+01  3.641702e-02 
 3.946325e+01  3.665352e-02 
 3.946358e+01  3.479104e-02 
 3.946390e+01  3.079101e-02 
 3.946422e+01  2.381984e-02 
 3.946455e+01  1.496108e-02 
 3.946487e+01  1.014154e-02 
 3.946519e+01  7.799102e-03 
 3.946551e+01  3.257615e-03 
 3.946584e+01  5.074012e-03 
 3.946616e+01  1.934829e-02 
 3.946648e+01  1.909854e-02 
 3.946681e+01  3.840538e-02 
 3.946713e+01  3.998276e-02 
 3.946745e+01  4.088354e-02 
 3.946778e+01  3.992314e-02 
 3.946810e+01  5.490117e-02 
 3.946842e+01  5.010993e-02 
 3.946874e+01  4.441513e-02 
 3.946907e+01  3.319928e-02 
 3.946939e+01  2.302562e-02 
 3.946971e+01  1.044652e-02 
 3.947004e+01 -4.159815e-03 
 3.947036e+01 -1.929839e-02 
 3.947068e+01 -3.379371e-02 
 3.947101e+01 -4.844111e-02 
 3.947133e+01 -6.376710e-02 
 3.947165e+01 -7.995178e-02 
 3.947197e+01 -9.584436e-02 
 3.947230e+01 -1.107629e-01 
 3.947262e+01 -1.262924e-01 
 3.947294e+01 -1.491026e-01 
 3.947327e+01 -1.554664e-01 
 3.947359e+01 -1.798465e-01 
 3.947391e+01 -2.029992e-01 
 3.947423e+01 -1.831031e-01 
 3.947456e+01 -1.944957e-01 
 3.947488e+01 -2.068257e-01 
 3.947520e+01 -1.939927e-01 
 3.947553e+01 -1.963078e-01 
 3.947585e+01 -1.962467e-01 
 3.947617e+01 -1.932374e-01 
 3.947650e+01 -1.901904e-01 
 3.947682e+01 -1.880102e-01 
 3.947714e+01 -1.863220e-01 
 3.947746e+01 -1.865665e-01 
 3.947779e+01 -1.642824e-01 
 3.947811e+01 -1.654507e-01 
 3.947843e+01 -1.700005e-01 
 3.947876e+01 -1.731569e-01 
 3.947908e+01 -1.756035e-01 
 3.947940e+01 -1.764846e-01 
 3.947973e+01 -1.841963e-01 
 3.948005e+01 -1.971210e-01 
 3.948037e+01 -2.128292e-01 
 3.948069e+01 -2.272192e-01 
 3.948102e+01 -2.416441e-01 
 3.948134e+01 -2.589332e-01 
 3.948166e+01 -2.778314e-01 
 3.948199e+01 -3.011142e-01 
 3.948231e+01 -3.218008e-01 
 3.948263e+01 -3.405898e-01 
 3.948296e+01 -3.586274e-01 
 3.948328e+01 -3.711022e-01 
 3.948360e+01 -3.820112e-01 
 3.948392e+01 -3.930148e-01 
 3.948425e+01 -4.043903e-01 
 3.948457e+01 -4.173099e-01 
 3.948489e+01 -4.316889e-01 
 3.948522e+01 -4.471625e-01 
 3.948554e+01 -4.622598e-01 
 3.948586e+01 -4.779435e-01 
 3.948619e+01 -4.949275e-01 
 3.948651e+01 -5.116859e-01 
 3.948683e+01 -5.286999e-01 
 3.948715e+01 -5.461454e-01 
 3.948748e+01 -5.634285e-01 
 3.948780e+01 -5.827998e-01 
 3.948812e+01 -6.029327e-01 
 3.948845e+01 -6.244276e-01 
 3.948877e+01 -6.465835e-01 
 3.948909e+01 -6.695395e-01 
 3.948942e+01 -6.931631e-01 
 3.948974e+01 -7.156265e-01 
 3.949006e+01 -7.384181e-01 
 3.949038e+01 -7.690180e-01 
 3.949071e+01 -8.019860e-01 
 3.949103e+01 -8.355489e-01 
 3.949135e+01 -8.681766e-01 
 3.949168e+01 -8.991067e-01 
 3.949200e+01 -9.271217e-01 
 3.949232e+01 -9.503744e-01 
 3.949265e+01 -9.830227e-01 
 3.949297e+01 -1.016879e+00 
 3.949329e+01 -1.050186e+00 
 3.949361e+01 -1.074533e+00 
 3.949394e+01 -1.096578e+00 
 3.949426e+01 -1.116095e+00 
 3.949458e+01 -1.135552e+00 
 3.949491e+01 -1.164046e+00 
 3.949523e+01 -1.191446e+00 
 3.949555e+01 -1.211977e+00 
 3.949588e+01 -1.231668e+00 
 3.949620e+01 -1.250504e+00 
 3.949652e+01 -1.267237e+00 
 3.949684e+01 -1.277904e+00 
 3.949717e+01 -1.287626e+00 
 3.949749e+01 -1.274469e+00 
 3.949781e+01 -1.282682e+00 
 3.949814e+01 -1.286303e+00 
 3.949846e+01 -1.283969e+00 
 3.949878e+01 -1.274341e+00 
 3.949911e+01 -1.246730e+00 
 3.949943e+01 -1.215866e+00 
 3.949975e+01 -1.206652e+00 
 3.950007e+01 -1.199723e+00 
 3.950040e+01 -1.194323e+00 
 3.950072e+01 -1.189534e+00 
 3.950104e+01 -1.185766e+00 
 3.950137e+01 -1.184610e+00 
 3.950169e+01 -1.185496e+00 
 3.950201e+01 -1.183052e+00 
 3.950234e+01 -1.182800e+00 
 3.950266e+01 -1.182653e+00 
 3.950298e+01 -1.179409e+00 
 3.950330e+01 -1.174657e+00 
 3.950363e+01 -1.171170e+00 
 3.950395e+01 -1.170027e+00 
 3.950427e+01 -1.171140e+00 
 3.950460e+01 -1.174071e+00 
 3.950492e+01 -1.178821e+00 
 3.950524e+01 -1.184472e+00 
 3.950557e+01 -1.190410e+00 
 3.950589e+01 -1.197716e+00 
 3.950621e+01 -1.203779e+00 
 3.950653e+01 -1.208163e+00 
 3.950686e+01 -1.209047e+00 
 3.950718e+01 -1.206102e+00 
 3.950750e+01 -1.200958e+00 
 3.950783e+01 -1.196034e+00 
 3.950815e+01 -1.190702e+00 
 3.950847e+01 -1.183937e+00 
 3.950880e+01 -1.178288e+00 
 3.950912e+01 -1.173994e+00 
 3.950944e+01 -1.169030e+00 
 3.950976e+01 -1.163033e+00 
 3.951009e+01 -1.156553e+00 
 3.951041e+01 -1.148517e+00 
 3.951073e+01 -1.140904e+00 
 3.951106e+01 -1.127582e+00 
 3.951138e+01 -1.091558e+00 
 3.951170e+01 -1.077674e+00 
 3.951202e+01 -1.063756e+00 
 3.951235e+01 -1.033267e+00 
 3.951267e+01 -1.024482e+00 
 3.951299e+01 -1.019933e+00 
 3.951332e+01 -1.004210e+00 
 3.951364e+01 -1.008470e+00 
 3.951396e+01 -1.015052e+00 
 3.951429e+01 -1.022631e+00 
 3.951461e+01 -1.030661e+00 
 3.951493e+01 -1.038342e+00 
 3.951525e+01 -1.047323e+00 
 3.951558e+01 -1.055778e+00 
 3.951590e+01 -1.063726e+00 
 3.951622e+01 -1.046730e+00 
 3.951655e+01 -1.055100e+00 
 3.951687e+01 -1.062706e+00 
 3.951719e+01 -1.068848e+00 
 3.951752e+01 -1.084202e+00 
 3.951784e+01 -1.104565e+00 
 3.951816e+01 -1.118628e+00 
 3.951848e+01 -1.126004e+00 
 3.951881e+01 -1.136863e+00 
 3.951913e+01 -1.145638e+00 
 3.951945e+01 -1.148176e+00 
 3.951978e+01 -1.143789e+00 
 3.952010e+01 -1.139731e+00 
 3.952042e+01 -1.108930e+00 
 3.952075e+01 -1.094965e+00 
 3.952107e+01 -1.080779e+00 
 3.952139e+01 -1.062056e+00 
 3.952171e+01 -1.050271e+00 
 3.952204e+01 -1.041811e+00 
 3.952236e+01 -1.008250e+00 
 3.952268e+01 -9.848303e-01 
 3.952301e+01 -9.839152e-01 
 3.952333e+01 -9.791612e-01 
 3.952365e+01 -9.562688e-01 
 3.952398e+01 -9.460594e-01 
 3.952430e+01 -9.374772e-01 
 3.952462e+01 -9.282881e-01 
 3.952494e+01 -9.179571e-01 
 3.952527e+01 -9.120950e-01 
 3.952559e+01 -9.099683e-01 
 3.952591e+01 -9.111798e-01 
 3.952624e+01 -9.143929e-01 
 3.952656e+01 -9.200755e-01 
 3.952688e+01 -9.262145e-01 
 3.952721e+01 -9.267793e-01 
 3.952753e+01 -9.276379e-01 
 3.952785e+01 -9.269382e-01 
 3.952817e+01 -9.255805e-01 
 3.952850e+01 -9.236702e-01 
 3.952882e+01 -9.195071e-01 
 3.952914e+01 -9.150373e-01 
 3.952947e+01 -9.114075e-01 
 3.952979e+01 -9.100947e-01 
 3.953011e+01 -9.102645e-01 
 3.953044e+01 -9.118858e-01 
 3.953076e+01 -9.122735e-01 
 3.953108e+01 -9.129379e-01 
 3.953140e+01 -8.686030e-01 
 3.953173e+01 -8.776699e-01 
 3.953205e+01 -8.864253e-01 
 3.953237e+01 -8.946801e-01 
 3.953270e+01 -9.005466e-01 
 3.953302e+01 -9.083632e-01 
 3.953334e+01 -9.112668e-01 
 3.953367e+01 -9.232062e-01 
 3.953399e+01 -9.408768e-01 
 3.953431e+01 -9.552522e-01 
 3.953463e+01 -9.403074e-01 
 3.953496e+01 -9.495741e-01 
 3.953528e+01 -9.602097e-01 
 3.953560e+01 -9.716677e-01 
 3.953593e+01 -9.642299e-01 
 3.953625e+01 -9.735808e-01 
 3.953657e+01 -9.848517e-01 
 3.953690e+01 -9.968155e-01 
 3.953722e+01 -9.903352e-01 
 3.953754e+01 -1.003703e+00 
 3.953786e+01 -1.026707e+00 
 3.953819e+01 -1.057522e+00 
 3.953851e+01 -1.085567e+00 
 3.953883e+01 -1.106603e+00 
 3.953916e+01 -1.134202e+00 
 3.953948e+01 -1.174926e+00 
 3.953980e+01 -1.212897e+00 
 3.954013e+01 -1.237223e+00 
 3.954045e+01 -1.259934e+00 
 3.954077e+01 -1.281457e+00 
 3.954109e+01 -1.306668e+00 
 3.954142e+01 -1.337352e+00 
 3.954174e+01 -1.365353e+00 
 3.954206e+01 -1.385580e+00 
 3.954239e+01 -1.405193e+00 
 3.954271e+01 -1.425038e+00 
 3.954303e+01 -1.442483e+00 
 3.954336e+01 -1.455647e+00 
 3.954368e+01 -1.465507e+00 
 3.954400e+01 -1.472171e+00 
 3.954432e+01 -1.477061e+00 
 3.954465e+01 -1.478496e+00 
 3.954497e+01 -1.481370e+00 
 3.954529e+01 -1.479103e+00 
 3.954562e+01 -1.459143e+00 
 3.954594e+01 -1.459795e+00 
 3.954626e+01 -1.460019e+00 
 3.954658e+01 -1.440837e+00 
 3.954691e+01 -1.438266e+00 
 3.954723e+01 -1.435900e+00 
 3.954755e+01 -1.434831e+00 
 3.954788e+01 -1.432906e+00 
 3.954820e+01 -1.427194e+00 
 3.954852e+01 -1.427144e+00 
 3.954885e+01 -1.426442e+00 
 3.954917e+01 -1.420130e+00 
 3.954949e+01 -1.417704e+00 
 3.954981e+01 -1.414943e+00 
 3.955014e+01 -1.407982e+00 
 3.955046e+01 -1.415685e+00 
 3.955078e+01 -1.424849e+00 
 3.955111e+01 -1.434041e+00 
 3.955143e+01 -1.434882e+00 
 3.955175e+01 -1.433906e+00 
 3.955208e+01 -1.431912e+00 
 3.955240e+01 -1.430045e+00 
 3.955272e+01 -1.429292e+00 
 3.955304e+01 -1.428199e+00 
 3.955337e+01 -1.407723e+00 
 3.955369e+01 -1.403828e+00 
 3.955401e+01 -1.381216e+00 
 3.955434e+01 -1.376126e+00 
 3.955466e+01 -1.370832e+00 
 3.955498e+01 -1.360948e+00 
 3.955531e+01 -1.357236e+00 
 3.955563e+01 -1.348827e+00 
 3.955595e+01 -1.347986e+00 
 3.955627e+01 -1.349094e+00 
 3.955660e+01 -1.350049e+00 
 3.955692e+01 -1.348695e+00 
 3.955724e+01 -1.346082e+00 
 3.955757e+01 -1.344102e+00 
 3.955789e+01 -1.342651e+00 
 3.955821e+01 -1.341385e+00 
 3.955854e+01 -1.336895e+00 
 3.955886e+01 -1.335434e+00 
 3.955918e+01 -1.333789e+00 
 3.955950e+01 -1.331787e+00 
 3.955983e+01 -1.335250e+00 
 3.956015e+01 -1.340955e+00 
 3.956047e+01 -1.350881e+00 
 3.956080e+01 -1.361748e+00 
 3.956112e+01 -1.367029e+00 
 3.956144e+01 -1.369035e+00 
 3.956177e+01 -1.365017e+00 
 3.956209e+01 -1.358722e+00 
 3.956241e+01 -1.351767e+00 
 3.956273e+01 -1.340949e+00 
 3.956306e+01 -1.335218e+00 
 3.956338e+01 -1.330627e+00 
 3.956370e+01 -1.326559e+00 
 3.956403e+01 -1.322494e+00 
 3.956435e+01 -1.318527e+00 
 3.956467e+01 -1.315685e+00 
 3.956500e+01 -1.312711e+00 
 3.956532e+01 -1.306119e+00 
 3.956564e+01 -1.304833e+00 
 3.956596e+01 -1.304057e+00 
 3.956629e+01 -1.305897e+00 
 3.956661e+01 -1.307987e+00 
 3.956693e+01 -1.313858e+00 
 3.956726e+01 -1.320636e+00 
 3.956758e+01 -1.331229e+00 
 3.956790e+01 -1.345533e+00 
 3.956823e+01 -1.361294e+00 
 3.956855e+01 -1.376532e+00 
 3.956887e+01 -1.390688e+00 
 3.956919e+01 -1.402570e+00 
 3.956952e+01 -1.410779e+00 
 3.956984e+01 -1.416409e+00 
 3.957016e+01 -1.422046e+00 
 3.957049e+01 -1.426197e+00 
 3.957081e+01 -1.430726e+00 
 3.957113e+01 -1.435649e+00 
 3.957146e+01 -1.441197e+00 
 3.957178e+01 -1.446334e+00 
 3.957210e+01 -1.451267e+00 
 3.957242e+01 -1.455897e+00 
 3.957275e+01 -1.459920e+00 
 3.957307e+01 -1.464141e+00 
 3.957339e+01 -1.439329e+00 
 3.957372e+01 -1.444133e+00 
 3.957404e+01 -1.445771e+00 
 3.957436e+01 -1.443168e+00 
 3.957469e+01 -1.442331e+00 
 3.957501e+01 -1.440575e+00 
 3.957533e+01 -1.439628e+00 
 3.957565e+01 -1.441938e+00 
 3.957598e+01 -1.445746e+00 
 3.957630e+01 -1.452145e+00 
 3.957662e+01 -1.449551e+00 
 3.957695e+01 -1.455657e+00 
 3.957727e+01 -1.459667e+00 
 3.957759e+01 -1.461518e+00 
 3.957792e+01 -1.464434e+00 
 3.957824e+01 -1.466825e+00 
 3.957856e+01 -1.469125e+00 
 3.957888e+01 -1.472106e+00 
 3.957921e+01 -1.476279e+00 
 3.957953e+01 -1.481437e+00 
 3.957985e+01 -1.487238e+00 
 3.958018e+01 -1.494610e+00 
 3.958050e+01 -1.502930e+00 
 3.958082e+01 -1.512579e+00 
 3.958114e+01 -1.521247e+00 
 3.958147e+01 -1.531665e+00 
 3.958179e+01 -1.542047e+00 
 3.958211e+01 -1.552076e+00 
 3.958244e+01 -1.560852e+00 
 3.958276e+01 -1.569807e+00 
 3.958308e+01 -1.580893e+00 
 3.958341e+01 -1.593095e+00 
 3.958373e+01 -1.606585e+00 
 3.958405e+01 -1.620613e+00 
 3.958437e+01 -1.634084e+00 
 3.958470e+01 -1.647166e+00 
 3.958502e+01 -1.660154e+00 
 3.958534e+01 -1.673826e+00 
 3.958567e+01 -1.687530e+00 
 3.958599e+01 -1.700647e+00 
 3.958631e+01 -1.713751e+00 
 3.958664e+01 -1.725888e+00 
 3.958696e+01 -1.738307e+00 
 3.958728e+01 -1.749768e+00 
 3.958760e+01 -1.769941e+00 
 3.958793e+01 -1.786800e+00 
 3.958825e+01 -1.801324e+00 
 3.958857e+01 -1.813896e+00 
 3.958890e+01 -1.824251e+00 
 3.958922e+01 -1.832392e+00 
 3.958954e+01 -1.839108e+00 
 3.958987e+01 -1.844168e+00 
 3.959019e+01 -1.848747e+00 
 3.959051e+01 -1.852379e+00 
 3.959083e+01 -1.857407e+00 
 3.959116e+01 -1.863549e+00 
 3.959148e+01 -1.869888e+00 
 3.959180e+01 -1.878139e+00 
 3.959213e+01 -1.886511e+00 
 3.959245e+01 -1.882015e+00 
 3.959277e+01 -1.864547e+00 
 3.959310e+01 -1.854982e+00 
 3.959342e+01 -1.846212e+00 
 3.959374e+01 -1.837122e+00 
 3.959406e+01 -1.823026e+00 
 3.959439e+01 -1.804784e+00 
 3.959471e+01 -1.781193e+00 
 3.959503e+01 -1.754679e+00 
 3.959536e+01 -1.726971e+00 
 3.959568e+01 -1.698567e+00 
 3.959600e+01 -1.665912e+00 
 3.959633e+01 -1.633850e+00 
 3.959665e+01 -1.596797e+00 
 3.959697e+01 -1.555348e+00 
 3.959729e+01 -1.511009e+00 
 3.959762e+01 -1.461297e+00 
 3.959794e+01 -1.423145e+00 
 3.959826e+01 -1.376818e+00 
 3.959859e+01 -1.329147e+00 
 3.959891e+01 -1.281715e+00 
 3.959923e+01 -1.237464e+00 
 3.959956e+01 -1.195031e+00 
 3.959988e+01 -1.154835e+00 
 3.960020e+01 -1.116355e+00 
 3.960052e+01 -1.079103e+00 
 3.960085e+01 -1.042183e+00 
 3.960117e+01 -1.003640e+00 
 3.960149e+01 -9.669832e-01 
 3.960182e+01 -9.354053e-01 
 3.960214e+01 -9.099727e-01 
 3.960246e+01 -8.832314e-01 
 3.960279e+01 -8.431278e-01 
 3.960311e+01 -8.016516e-01 
 3.960343e+01 -7.780470e-01 
 3.960375e+01 -7.688989e-01 
 3.960408e+01 -7.598649e-01 
 3.960440e+01 -7.529159e-01 
 3.960472e+01 -7.461043e-01 
 3.960505e+01 -7.373298e-01 
 3.960537e+01 -7.328212e-01 
 3.960569e+01 -7.299268e-01 
 3.960602e+01 -7.293462e-01 
 3.960634e+01 -7.314660e-01 
 3.960666e+01 -7.326556e-01 
 3.960698e+01 -7.346801e-01 
 3.960731e+01 -7.351075e-01 
 3.960763e+01 -7.365781e-01 
 3.960795e+01 -7.367227e-01 
 3.960828e+01 -7.332632e-01 
 3.960860e+01 -7.234144e-01 
 3.960892e+01 -7.121531e-01 
 3.960925e+01 -7.019190e-01 
 3.960957e+01 -6.932916e-01 
 3.960989e+01 -6.857666e-01 
 3.961021e+01 -6.783665e-01 
 3.961054e+01 -6.704061e-01 
 3.961086e+01 -6.552011e-01 
 3.961118e+01 -6.359280e-01 
 3.961151e+01 -6.146787e-01 
 3.961183e+01 -5.907585e-01 
 3.961215e+01 -5.669623e-01 
 3.961248e+01 -5.409400e-01 
 3.961280e+01 -5.118904e-01 
 3.961312e+01 -4.746904e-01 
 3.961344e+01 -4.325347e-01 
 3.961377e+01 -4.005681e-01 
 3.961409e+01 -3.824227e-01 
 3.961441e+01 -3.663638e-01 
 3.961474e+01 -3.385227e-01 
 3.961506e+01 -3.082268e-01 
 3.961538e+01 -2.748723e-01 
 3.961570e+01 -2.470513e-01 
 3.961603e+01 -2.260003e-01 
 3.961635e+01 -2.040051e-01 
 3.961667e+01 -1.823241e-01 
 3.961700e+01 -1.626443e-01 
 3.961732e+01 -1.369985e-01 
 3.961764e+01 -1.120835e-01 
 3.961797e+01 -9.053801e-02 
 3.961829e+01 -7.125107e-02 
 3.961861e+01 -5.533680e-02 
 3.961893e+01 -4.251064e-02 
 3.961926e+01 -3.205062e-02 
 3.961958e+01 -2.773618e-02 
 3.961990e+01 -2.823270e-02 
 3.962023e+01 -5.627564e-02 
 3.962055e+01 -5.705022e-02 
 3.962087e+01 -5.423514e-02 
 3.962120e+01 -4.655117e-02 
 3.962152e+01 -3.469573e-02 
 3.962184e+01 -2.226783e-02 
 3.962216e+01 -1.343693e-02 
 3.962249e+01 -7.716800e-03 
 3.962281e+01 -3.422433e-03 
 3.962313e+01  1.526938e-03 
 3.962346e+01  1.093430e-02 
 3.962378e+01  1.473436e-02 
 3.962410e+01  9.675090e-03 
 3.962443e+01  2.781668e-03 
 3.962475e+01 -4.189508e-03 
 3.962507e+01 -1.624536e-02 
 3.962539e+01 -1.404573e-02 
 3.962572e+01 -7.804407e-04 
 3.962604e+01  1.184223e-02 
 3.962636e+01  7.718272e-03 
 3.962669e+01  1.946429e-02 
 3.962701e+01  3.725681e-02 
 3.962733e+01  5.589308e-02 
 3.962766e+01  7.214746e-02 
 3.962798e+01  8.437018e-02 
 3.962830e+01  9.134400e-02 
 3.962862e+01  9.898581e-02 
 3.962895e+01  1.078219e-01 
 3.962927e+01  1.167727e-01 
 3.962959e+01  1.185417e-01 
 3.962992e+01  1.198744e-01 
 3.963024e+01  1.200279e-01 
 3.963056e+01  1.231815e-01 
 3.963089e+01  1.257562e-01 
 3.963121e+01  1.270880e-01 
 3.963153e+01  1.281178e-01 
 3.963185e+01  1.229458e-01 
 3.963218e+01  1.086030e-01 
 3.963250e+01  8.346368e-02 
 3.963282e+01  5.246025e-02 
 3.963315e+01  2.570728e-02 
 3.963347e+01 -4.171310e-03 
 3.963379e+01 -3.455885e-02 
 3.963412e+01 -7.156025e-02 
 3.963444e+01 -1.168333e-01 
 3.963476e+01 -1.593584e-01 
 3.963508e+01 -2.015615e-01 
 3.963541e+01 -2.429885e-01 
 3.963573e+01 -2.857719e-01 
 3.963605e+01 -3.305506e-01 
 3.963638e+01 -3.794237e-01 
 3.963670e+01 -4.321140e-01 
 3.963702e+01 -4.748256e-01 
 3.963735e+01 -5.155712e-01 
 3.963767e+01 -5.535643e-01 
 3.963799e+01 -5.900104e-01 
 3.963831e+01 -6.239099e-01 
 3.963864e+01 -6.562673e-01 
 3.963896e+01 -6.817389e-01 
 3.963928e+01 -7.001949e-01 
 3.963961e+01 -7.164077e-01 
 3.963993e+01 -7.327471e-01 
 3.964025e+01 -7.451904e-01 
 3.964058e+01 -7.535083e-01 
 3.964090e+01 -7.570520e-01 
 3.964122e+01 -7.565920e-01 
 3.964154e+01 -7.546319e-01 
 3.964187e+01 -7.487094e-01 
 3.964219e+01 -7.422966e-01 
 3.964251e+01 -7.370977e-01 
 3.964284e+01 -7.336293e-01 
 3.964316e+01 -7.293225e-01 
 3.964348e+01 -7.183998e-01 
 3.964381e+01 -7.038483e-01 
 3.964413e+01 -6.883286e-01 
 3.964445e+01 -6.814528e-01 
 3.964477e+01 -6.778578e-01 
 3.964510e+01 -6.752361e-01 
 3.964542e+01 -6.689494e-01 
 3.964574e+01 -6.623079e-01 
 3.964607e+01 -6.572084e-01 
 3.964639e+01 -6.553236e-01 
 3.964671e+01 -6.587736e-01 
 3.964704e+01 -6.600200e-01 
 3.964736e+01 -6.610095e-01 
 3.964768e+01 -6.611842e-01 
 3.964800e+01 -6.671757e-01 
 3.964833e+01 -6.831804e-01 
 3.964865e+01 -7.027608e-01 
 3.964897e+01 -7.279552e-01 
 3.964930e+01 -7.510940e-01 
 3.964962e+01 -7.538728e-01 
 3.964994e+01 -7.776336e-01 
 3.965026e+01 -8.040275e-01 
 3.965059e+01 -8.288899e-01 
 3.965091e+01 -8.512378e-01 
 3.965123e+01 -8.702889e-01 
 3.965156e+01 -8.936519e-01 
 3.965188e+01 -9.192762e-01 
 3.965220e+01 -9.476191e-01 
 3.965253e+01 -9.791519e-01 
 3.965285e+01 -1.013724e+00 
 3.965317e+01 -1.029684e+00 
 3.965349e+01 -1.058634e+00 
 3.965382e+01 -1.080704e+00 
 3.965414e+01 -1.097758e+00 
 3.965446e+01 -1.117104e+00 
 3.965479e+01 -1.137191e+00 
 3.965511e+01 -1.155422e+00 
 3.965543e+01 -1.170523e+00 
 3.965576e+01 -1.182283e+00 
 3.965608e+01 -1.192627e+00 
 3.965640e+01 -1.204039e+00 
 3.965672e+01 -1.215666e+00 
 3.965705e+01 -1.227682e+00 
 3.965737e+01 -1.238435e+00 
 3.965769e+01 -1.245542e+00 
 3.965802e+01 -1.249782e+00 
 3.965834e+01 -1.255553e+00 
 3.965866e+01 -1.261547e+00 
 3.965899e+01 -1.267084e+00 
 3.965931e+01 -1.270891e+00 
 3.965963e+01 -1.270566e+00 
 3.965995e+01 -1.268622e+00 
 3.966028e+01 -1.270198e+00 
 3.966060e+01 -1.276000e+00 
 3.966092e+01 -1.282309e+00 
 3.966125e+01 -1.287556e+00 
 3.966157e+01 -1.293693e+00 
 3.966189e+01 -1.300345e+00 
 3.966222e+01 -1.307428e+00 
 3.966254e+01 -1.315300e+00 
 3.966286e+01 -1.322782e+00 
 3.966318e+01 -1.327140e+00 
 3.966351e+01 -1.329824e+00 
 3.966383e+01 -1.329401e+00 
 3.966415e+01 -1.324857e+00 
 3.966448e+01 -1.321025e+00 
 3.966480e+01 -1.320842e+00 
 3.966512e+01 -1.322134e+00 
 3.966545e+01 -1.320824e+00 
 3.966577e+01 -1.316063e+00 
 3.966609e+01 -1.310638e+00 
 3.966641e+01 -1.305404e+00 
 3.966674e+01 -1.299484e+00 
 3.966706e+01 -1.295270e+00 
 3.966738e+01 -1.291021e+00 
 3.966771e+01 -1.285176e+00 
 3.966803e+01 -1.277996e+00 
 3.966835e+01 -1.269224e+00 
 3.966868e+01 -1.263191e+00 
 3.966900e+01 -1.258820e+00 
 3.966932e+01 -1.263049e+00 
 3.966964e+01 -1.252453e+00 
 3.966997e+01 -1.238006e+00 
 3.967029e+01 -1.230299e+00 
 3.967061e+01 -1.221997e+00 
 3.967094e+01 -1.217287e+00 
 3.967126e+01 -1.213136e+00 
 3.967158e+01 -1.207383e+00 
 3.967191e+01 -1.201688e+00 
 3.967223e+01 -1.192420e+00 
 3.967255e+01 -1.187459e+00 
 3.967287e+01 -1.180941e+00 
 3.967320e+01 -1.172865e+00 
 3.967352e+01 -1.161202e+00 
 3.967384e+01 -1.147313e+00 
 3.967417e+01 -1.131889e+00 
 3.967449e+01 -1.116416e+00 
 3.967481e+01 -1.103245e+00 
 3.967514e+01 -1.091892e+00 
 3.967546e+01 -1.080591e+00 
 3.967578e+01 -1.068107e+00 
 3.967610e+01 -1.055086e+00 
 3.967643e+01 -1.041838e+00 
 3.967675e+01 -1.029971e+00 
 3.967707e+01 -1.017863e+00 
 3.967740e+01 -1.006524e+00 
 3.967772e+01 -9.940155e-01 
 3.967804e+01 -9.793716e-01 
 3.967837e+01 -9.619921e-01 
 3.967869e+01 -9.438396e-01 
 3.967901e+01 -9.260187e-01 
 3.967933e+01 -9.115351e-01 
 3.967966e+01 -8.961493e-01 
 3.967998e+01 -8.801565e-01 
 3.968030e+01 -8.655413e-01 
 3.968063e+01 -8.545736e-01 
 3.968095e+01 -8.488778e-01 
 3.968127e+01 -8.621258e-01 
 3.968160e+01 -8.589398e-01 
 3.968192e+01 -8.520865e-01 
 3.968224e+01 -8.458275e-01 
 3.968256e+01 -8.384740e-01 
 3.968289e+01 -8.492581e-01 
 3.968321e+01 -8.421201e-01 
 3.968353e+01 -8.343641e-01 
 3.968386e+01 -8.440190e-01 
 3.968418e+01 -8.353108e-01 
 3.968450e+01 -8.279765e-01 
 3.968482e+01 -8.226719e-01 
 3.968515e+01 -8.194537e-01 
 3.968547e+01 -8.171118e-01 
 3.968579e+01 -8.125542e-01 
 3.968612e+01 -8.039371e-01 
 3.968644e+01 -7.927958e-01 
 3.968676e+01 -7.801267e-01 
 3.968709e+01 -7.646731e-01 
 3.968741e+01 -7.475582e-01 
 3.968773e+01 -7.291881e-01 
 3.968805e+01 -7.072774e-01 
 3.968838e+01 -6.824544e-01 
 3.968870e+01 -6.558707e-01 
 3.968902e+01 -6.307838e-01 
 3.968935e+01 -6.070714e-01 
 3.968967e+01 -5.603394e-01 
 3.968999e+01 -5.228622e-01 
 3.969032e+01 -4.929383e-01 
 3.969064e+01 -4.653212e-01 
 3.969096e+01 -4.367381e-01 
 3.969128e+01 -4.068306e-01 
 3.969161e+01 -3.738503e-01 
 3.969193e+01 -3.375228e-01 
 3.969225e+01 -2.989946e-01 
 3.969258e+01 -2.603691e-01 
 3.969290e+01 -2.233370e-01 
 3.969322e+01 -1.888437e-01 
 3.969355e+01 -1.576991e-01 
 3.969387e+01 -1.294639e-01 
 3.969419e+01 -1.026911e-01 
 3.969451e+01 -7.926747e-02 
 3.969484e+01 -5.962904e-02 
 3.969516e+01 -4.306171e-02 
 3.969548e+01 -2.875296e-02 
 3.969581e+01 -1.644156e-02 
 3.969613e+01 -6.725298e-03 
 3.969645e+01  2.656363e-04 
 3.969678e+01  2.556798e-03 
 3.969710e+01 -2.978028e-04 
 3.969742e+01 -7.646927e-03 
 3.969774e+01 -1.935916e-02 
 3.969807e+01 -3.441795e-02 
 3.969839e+01 -5.171515e-02 
 3.969871e+01 -7.121617e-02 
 3.969904e+01 -9.312386e-02 
 3.969936e+01 -1.180808e-01 
 3.969968e+01 -1.455210e-01 
 3.970001e+01 -1.731605e-01 
 3.970033e+01 -1.989780e-01 
 3.970065e+01 -2.235691e-01 
 3.970097e+01 -2.494134e-01 
 3.970130e+01 -2.757549e-01 
 3.970162e+01 -3.012949e-01 
 3.970194e+01 -3.236561e-01 
 3.970227e+01 -3.428823e-01 
 3.970259e+01 -3.587628e-01 
 3.970291e+01 -3.759326e-01 
 3.970324e+01 -3.928065e-01 
 3.970356e+01 -4.080053e-01 
 3.970388e+01 -4.194138e-01 
 3.970420e+01 -4.258900e-01 
 3.970453e+01 -4.266407e-01 
 3.970485e+01 -4.239359e-01 
 3.970517e+01 -4.198050e-01 
 3.970550e+01 -4.141025e-01 
 3.970582e+01 -4.064496e-01 
 3.970614e+01 -3.957376e-01 
 3.970647e+01 -3.818175e-01 
 3.970679e+01 -3.645020e-01 
 3.970711e+01 -3.490798e-01 
 3.970743e+01 -3.340446e-01 
 3.970776e+01 -3.186022e-01 
 3.970808e+01 -3.031421e-01 
 3.970840e+01 -2.882867e-01 
 3.970873e+01 -2.731805e-01 
 3.970905e+01 -2.587766e-01 
 3.970937e+01 -2.475470e-01 
 3.970970e+01 -2.399690e-01 
 3.971002e+01 -2.349748e-01 
 3.971034e+01 -2.315534e-01 
 3.971066e+01 -2.276517e-01 
 3.971099e+01 -2.237938e-01 
 3.971131e+01 -2.234667e-01 
 3.971163e+01 -2.267857e-01 
 3.971196e+01 -2.319244e-01 
 3.971228e+01 -2.385425e-01 
 3.971260e+01 -2.466512e-01 
 3.971293e+01 -2.576979e-01 
 3.971325e+01 -2.721320e-01 
 3.971357e+01 -2.891975e-01 
 3.971389e+01 -3.086574e-01 
 3.971422e+01 -3.281623e-01 
 3.971454e+01 -3.470537e-01 
 3.971486e+01 -3.672903e-01 
 3.971519e+01 -3.891620e-01 
 3.971551e+01 -4.129775e-01 
 3.971583e+01 -4.379067e-01 
 3.971616e+01 -4.620742e-01 
 3.971648e+01 -4.847129e-01 
 3.971680e+01 -5.068196e-01 
 3.971712e+01 -5.290643e-01 
 3.971745e+01 -5.509525e-01 
 3.971777e+01 -5.703357e-01 
 3.971809e+01 -5.876935e-01 
 3.971842e+01 -6.039196e-01 
 3.971874e+01 -6.185129e-01 
 3.971906e+01 -6.315784e-01 
 3.971938e+01 -6.427326e-01 
 3.971971e+01 -6.543093e-01 
 3.972003e+01 -6.654023e-01 
 3.972035e+01 -6.754735e-01 
 3.972068e+01 -6.841306e-01 
 3.972100e+01 -6.912234e-01 
 3.972132e+01 -6.980799e-01 
 3.972165e+01 -7.061070e-01 
 3.972197e+01 -7.144079e-01 
 3.972229e+01 -7.215613e-01 
 3.972261e+01 -7.278328e-01 
 3.972294e+01 -7.340396e-01 
 3.972326e+01 -7.414457e-01 
 3.972358e+01 -7.506918e-01 
 3.972391e+01 -7.623308e-01 
 3.972423e+01 -7.745706e-01 
 3.972455e+01 -7.873739e-01 
 3.972488e+01 -8.005468e-01 
 3.972520e+01 -8.156756e-01 
 3.972552e+01 -8.330256e-01 
 3.972584e+01 -8.521685e-01 
 3.972617e+01 -8.717663e-01 
 3.972649e+01 -8.897695e-01 
 3.972681e+01 -9.057406e-01 
 3.972714e+01 -9.209105e-01 
 3.972746e+01 -9.365529e-01 
 3.972778e+01 -9.501098e-01 
 3.972811e+01 -9.663853e-01 
 3.972843e+01 -9.827334e-01 
 3.972875e+01 -9.994651e-01 
 3.972907e+01 -1.016190e+00 
 3.972940e+01 -1.031554e+00 
 3.972972e+01 -1.045529e+00 
 3.973004e+01 -1.058175e+00 
 3.973037e+01 -1.067444e+00 
 3.973069e+01 -1.072512e+00 
 3.973101e+01 -1.074718e+00 
 3.973134e+01 -1.074706e+00 
 3.973166e+01 -1.072833e+00 
 3.973198e+01 -1.069557e+00 
 3.973230e+01 -1.070490e+00 
 3.973263e+01 -1.070028e+00 
 3.973295e+01 -1.068434e+00 
 3.973327e+01 -1.066768e+00 
 3.973360e+01 -1.065081e+00 
 3.973392e+01 -1.061228e+00 
 3.973424e+01 -1.056031e+00 
 3.973457e+01 -1.049115e+00 
 3.973489e+01 -1.038814e+00 
 3.973521e+01 -1.026818e+00 
 3.973553e+01 -1.015545e+00 
 3.973586e+01 -1.005974e+00 
 3.973618e+01 -9.962831e-01 
 3.973650e+01 -9.866870e-01 
 3.973683e+01 -9.780059e-01 
 3.973715e+01 -9.699891e-01 
 3.973747e+01 -9.623873e-01 
 3.973780e+01 -9.589893e-01 
 3.973812e+01 -9.576405e-01 
 3.973844e+01 -9.546575e-01 
 3.973876e+01 -9.517198e-01 
 3.973909e+01 -9.483470e-01 
 3.973941e+01 -9.448965e-01 
 3.973973e+01 -9.414505e-01 
 3.974006e+01 -9.385352e-01 
 3.974038e+01 -9.366574e-01 
 3.974070e+01 -9.355868e-01 
 3.974103e+01 -9.351911e-01 
 3.974135e+01 -9.373557e-01 
 3.974167e+01 -9.411749e-01 
 3.974199e+01 -9.464620e-01 
 3.974232e+01 -9.526953e-01 
 3.974264e+01 -9.587371e-01 
 3.974296e+01 -9.630873e-01 
 3.974329e+01 -9.664020e-01 
 3.974361e+01 -9.701021e-01 
 3.974393e+01 -9.735071e-01 
 3.974426e+01 -9.775942e-01 
 3.974458e+01 -9.817566e-01 
 3.974490e+01 -9.861936e-01 
 3.974522e+01 -9.902402e-01 
 3.974555e+01 -9.953278e-01 
 3.974587e+01 -1.001679e+00 
 3.974619e+01 -1.009297e+00 
 3.974652e+01 -1.017246e+00 
 3.974684e+01 -1.024850e+00 
 3.974716e+01 -1.030830e+00 
 3.974749e+01 -1.035991e+00 
 3.974781e+01 -1.041432e+00 
 3.974813e+01 -1.046817e+00 
 3.974845e+01 -1.051580e+00 
 3.974878e+01 -1.055775e+00 
 3.974910e+01 -1.058898e+00 
 3.974942e+01 -1.061602e+00 
 3.974975e+01 -1.063545e+00 
 3.975007e+01 -1.065254e+00 
 3.975039e+01 -1.066230e+00 
 3.975072e+01 -1.066037e+00 
 3.975104e+01 -1.064903e+00 
 3.975136e+01 -1.062109e+00 
 3.975168e+01 -1.058103e+00 
 3.975201e+01 -1.052851e+00 
 3.975233e+01 -1.045828e+00 
 3.975265e+01 -1.036933e+00 
 3.975298e+01 -1.025740e+00 
 3.975330e+01 -1.011438e+00 
 3.975362e+01 -9.948872e-01 
 3.975394e+01 -9.766675e-01 
 3.975427e+01 -9.564019e-01 
 3.975459e+01 -9.349330e-01 
 3.975491e+01 -9.116850e-01 
 3.975524e+01 -8.860739e-01 
 3.975556e+01 -8.581026e-01 
 3.975588e+01 -8.296742e-01 
 3.975621e+01 -7.818920e-01 
 3.975653e+01 -7.527608e-01 
 3.975685e+01 -7.213897e-01 
 3.975717e+01 -6.884046e-01 
 3.975750e+01 -6.552283e-01 
 3.975782e+01 -6.225519e-01 
 3.975814e+01 -5.921584e-01 
 3.975847e+01 -5.643674e-01 
 3.975879e+01 -5.385939e-01 
 3.975911e+01 -5.143881e-01 
 3.975944e+01 -4.924861e-01 
 3.975976e+01 -4.733578e-01 
 3.976008e+01 -4.557145e-01 
 3.976040e+01 -4.408585e-01 
 3.976073e+01 -4.282704e-01 
 3.976105e+01 -4.178506e-01 
 3.976137e+01 -4.116109e-01 
 3.976170e+01 -4.045385e-01 
 3.976202e+01 -4.232839e-01 
 3.976234e+01 -4.266527e-01 
 3.976267e+01 -4.280600e-01 
 3.976299e+01 -4.315692e-01 
 3.976331e+01 -4.368033e-01 
 3.976363e+01 -4.436463e-01 
 3.976396e+01 -4.520978e-01 
 3.976428e+01 -4.619532e-01 
 3.976460e+01 -4.725867e-01 
 3.976493e+01 -4.832870e-01 
 3.976525e+01 -4.934265e-01 
 3.976557e+01 -5.020414e-01 
 3.976590e+01 -5.092663e-01 
 3.976622e+01 -5.190546e-01 
 3.976654e+01 -5.266415e-01 
 3.976686e+01 -5.335329e-01 
 3.976719e+01 -5.391131e-01 
 3.976751e+01 -5.427951e-01 
 3.976783e+01 -5.446336e-01 
 3.976816e+01 -5.452149e-01 
 3.976848e+01 -5.440640e-01 
 3.976880e+01 -5.401042e-01 
 3.976913e+01 -5.329589e-01 
 3.976945e+01 -5.229633e-01 
 3.976977e+01 -5.112622e-01 
 3.977009e+01 -4.985809e-01 
 3.977042e+01 -4.847214e-01 
 3.977074e+01 -4.699475e-01 
 3.977106e+01 -4.539686e-01 
 3.977139e+01 -4.452717e-01 
 3.977171e+01 -4.272727e-01 
 3.977203e+01 -4.086646e-01 
 3.977236e+01 -3.908513e-01 
 3.977268e+01 -3.736904e-01 
 3.977300e+01 -3.556578e-01 
 3.977332e+01 -3.361237e-01 
 3.977365e+01 -3.193137e-01 
 3.977397e+01 -3.036518e-01 
 3.977429e+01 -2.893799e-01 
 3.977462e+01 -2.774524e-01 
 3.977494e+01 -2.677616e-01 
 3.977526e+01 -2.592243e-01 
 3.977559e+01 -2.526235e-01 
 3.977591e+01 -2.663655e-01 
 3.977623e+01 -2.653733e-01 
 3.977655e+01 -2.669684e-01 
 3.977688e+01 -2.882881e-01 
 3.977720e+01 -2.935656e-01 
 3.977752e+01 -2.987372e-01 
 3.977785e+01 -3.035650e-01 
 3.977817e+01 -3.103780e-01 
 3.977849e+01 -3.185991e-01 
 3.977882e+01 -3.277521e-01 
 3.977914e+01 -3.377480e-01 
 3.977946e+01 -3.472790e-01 
 3.977978e+01 -3.564370e-01 
 3.978011e+01 -3.663234e-01 
 3.978043e+01 -3.773070e-01 
 3.978075e+01 -3.884099e-01 
 3.978108e+01 -3.982029e-01 
 3.978140e+01 -4.072611e-01 
 3.978172e+01 -4.158016e-01 
 3.978205e+01 -4.233452e-01 
 3.978237e+01 -4.316442e-01 
 3.978269e+01 -4.396075e-01 
 3.978301e+01 -4.465351e-01 
 3.978334e+01 -4.521891e-01 
 3.978366e+01 -4.577799e-01 
 3.978398e+01 -4.626791e-01 
 3.978431e+01 -4.672794e-01 
 3.978463e+01 -4.713251e-01 
 3.978495e+01 -4.747592e-01 
 3.978528e+01 -4.776624e-01 
 3.978560e+01 -4.803874e-01 
 3.978592e+01 -4.832099e-01 
 3.978624e+01 -4.865115e-01 
 3.978657e+01 -4.913319e-01 
 3.978689e+01 -4.979913e-01 
 3.978721e+01 -5.068393e-01 
 3.978754e+01 -5.165954e-01 
 3.978786e+01 -5.273641e-01 
 3.978818e+01 -5.389163e-01 
 3.978850e+01 -5.502816e-01 
 3.978883e+01 -5.625346e-01 
 3.978915e+01 -5.762574e-01 
 3.978947e+01 -5.897772e-01 
 3.978980e+01 -6.043223e-01 
 3.979012e+01 -6.211821e-01 
 3.979044e+01 -6.405571e-01 
 3.979077e+01 -6.622097e-01 
 3.979109e+01 -6.867579e-01 
 3.979141e+01 -7.117662e-01 
 3.979173e+01 -7.366794e-01 
 3.979206e+01 -7.611085e-01 
 3.979238e+01 -7.850979e-01 
 3.979270e+01 -8.086311e-01 
 3.979303e+01 -8.310584e-01 
 3.979335e+01 -8.516599e-01 
 3.979367e+01 -8.698184e-01 
 3.979400e+01 -8.863076e-01 
 3.979432e+01 -9.020794e-01 
 3.979464e+01 -9.168727e-01 
 3.979496e+01 -9.306649e-01 
 3.979529e+01 -9.432141e-01 
 3.979561e+01 -9.541314e-01 
 3.979593e+01 -9.621234e-01 
 3.979626e+01 -9.675073e-01 
 3.979658e+01 -9.704502e-01 
 3.979690e+01 -9.700640e-01 
 3.979723e+01 -9.663703e-01 
 3.979755e+01 -9.596790e-01 
 3.979787e+01 -9.498226e-01 
 3.979819e+01 -9.380863e-01 
 3.979852e+01 -9.264018e-01 
 3.979884e+01 -9.161623e-01 
 3.979916e+01 -9.070137e-01 
 3.979949e+01 -8.988905e-01 
 3.979981e+01 -8.910079e-01 
 3.980013e+01 -8.829368e-01 
 3.980046e+01 -8.746851e-01 
 3.980078e+01 -8.670362e-01 
 3.980110e+01 -8.597506e-01 
 3.980142e+01 -8.513123e-01 
 3.980175e+01 -8.427985e-01 
 3.980207e+01 -8.369676e-01 
 3.980239e+01 -8.329258e-01 
 3.980272e+01 -8.303566e-01 
 3.980304e+01 -8.312012e-01 
 3.980336e+01 -8.343079e-01 
 3.980369e+01 -8.382970e-01 
 3.980401e+01 -8.437988e-01 
 3.980433e+01 -8.508774e-01 
 3.980465e+01 -8.589142e-01 
 3.980498e+01 -8.660499e-01 
 3.980530e+01 -8.732295e-01 
 3.980562e+01 -8.809310e-01 
 3.980595e+01 -8.884318e-01 
 3.980627e+01 -8.964874e-01 
 3.980659e+01 -9.057115e-01 
 3.980692e+01 -9.161616e-01 
 3.980724e+01 -9.270989e-01 
 3.980756e+01 -9.389416e-01 
 3.980788e+01 -9.514893e-01 
 3.980821e+01 -9.633080e-01 
 3.980853e+01 -9.746105e-01 
 3.980885e+01 -9.857790e-01 
 3.980918e+01 -9.963098e-01 
 3.980950e+01 -1.005242e+00 
 3.980982e+01 -1.014274e+00 
 3.981015e+01 -1.022809e+00 
 3.981047e+01 -1.030995e+00 
 3.981079e+01 -1.039321e+00 
 3.981111e+01 -1.049114e+00 
 3.981144e+01 -1.058453e+00 
 3.981176e+01 -1.066098e+00 
 3.981208e+01 -1.072469e+00 
 3.981241e+01 -1.078257e+00 
 3.981273e+01 -1.082187e+00 
 3.981305e+01 -1.085435e+00 
 3.981338e+01 -1.088392e+00 
 3.981370e+01 -1.090042e+00 
 3.981402e+01 -1.088946e+00 
 3.981434e+01 -1.085810e+00 
 3.981467e+01 -1.083084e+00 
 3.981499e+01 -1.080160e+00 
 3.981531e+01 -1.075829e+00 
 3.981564e+01 -1.069922e+00 
 3.981596e+01 -1.062804e+00 
 3.981628e+01 -1.054889e+00 
 3.981661e+01 -1.046366e+00 
 3.981693e+01 -1.036962e+00 
 3.981725e+01 -1.027137e+00 
 3.981757e+01 -1.015422e+00 
 3.981790e+01 -1.002143e+00 
 3.981822e+01 -9.884604e-01 
 3.981854e+01 -9.736665e-01 
 3.981887e+01 -9.580105e-01 
 3.981919e+01 -9.437007e-01 
 3.981951e+01 -9.293316e-01 
 3.981984e+01 -9.147153e-01 
 3.982016e+01 -8.991431e-01 
 3.982048e+01 -8.819350e-01 
 3.982080e+01 -8.651950e-01 
 3.982113e+01 -8.482670e-01 
 3.982145e+01 -8.310003e-01 
 3.982177e+01 -8.131001e-01 
 3.982210e+01 -7.931044e-01 
 3.982242e+01 -7.723953e-01 
 3.982274e+01 -7.519781e-01 
 3.982306e+01 -7.299164e-01 
 3.982339e+01 -7.105264e-01 
 3.982371e+01 -6.925606e-01 
 3.982403e+01 -6.756653e-01 
 3.982436e+01 -6.596353e-01 
 3.982468e+01 -6.453090e-01 
 3.982500e+01 -6.337752e-01 
 3.982533e+01 -6.239937e-01 
 3.982565e+01 -6.145579e-01 
 3.982597e+01 -6.067819e-01 
 3.982629e+01 -5.994711e-01 
 3.982662e+01 -5.937565e-01 
 3.982694e+01 -6.056784e-01 
 3.982726e+01 -6.227260e-01 
 3.982759e+01 -6.240899e-01 
 3.982791e+01 -6.273122e-01 
 3.982823e+01 -6.321955e-01 
 3.982856e+01 -6.358090e-01 
 3.982888e+01 -6.433840e-01 
 3.982920e+01 -6.521191e-01 
 3.982952e+01 -6.615129e-01 
 3.982985e+01 -6.706245e-01 
 3.983017e+01 -6.789155e-01 
 3.983049e+01 -6.869165e-01 
 3.983082e+01 -6.938746e-01 
 3.983114e+01 -6.996098e-01 
 3.983146e+01 -7.051835e-01 
 3.983179e+01 -7.104115e-01 
 3.983211e+01 -7.144675e-01 
 3.983243e+01 -7.165922e-01 
 3.983275e+01 -7.157966e-01 
 3.983308e+01 -7.132377e-01 
 3.983340e+01 -7.098108e-01 
 3.983372e+01 -7.041472e-01 
 3.983405e+01 -6.967958e-01 
 3.983437e+01 -6.871967e-01 
 3.983469e+01 -6.754006e-01 
 3.983502e+01 -6.508800e-01 
 3.983534e+01 -6.395740e-01 
 3.983566e+01 -6.282804e-01 
 3.983598e+01 -6.163938e-01 
 3.983631e+01 -6.036017e-01 
 3.983663e+01 -5.901405e-01 
 3.983695e+01 -5.767920e-01 
 3.983728e+01 -5.638144e-01 
 3.983760e+01 -5.511382e-01 
 3.983792e+01 -5.389663e-01 
 3.983825e+01 -5.270520e-01 
 3.983857e+01 -5.161933e-01 
 3.983889e+01 -5.068912e-01 
 3.983921e+01 -4.993333e-01 
 3.983954e+01 -4.928690e-01 
 3.983986e+01 -4.868714e-01 
 3.984018e+01 -4.815911e-01 
 3.984051e+01 -4.761698e-01 
 3.984083e+01 -4.878715e-01 
 3.984115e+01 -4.827841e-01 
 3.984148e+01 -4.940862e-01 
 3.984180e+01 -4.877596e-01 
 3.984212e+01 -5.019313e-01 
 3.984244e+01 -4.967171e-01 
 3.984277e+01 -4.950395e-01 
 3.984309e+01 -4.940046e-01 
 3.984341e+01 -4.932057e-01 
 3.984374e+01 -4.926345e-01 
 3.984406e+01 -4.919893e-01 
 3.984438e+01 -4.906401e-01 
 3.984471e+01 -4.886492e-01 
 3.984503e+01 -4.857448e-01 
 3.984535e+01 -4.821738e-01 
 3.984567e+01 -4.778897e-01 
 3.984600e+01 -4.716662e-01 
 3.984632e+01 -4.708574e-01 
 3.984664e+01 -4.635296e-01 
 3.984697e+01 -4.562198e-01 
 3.984729e+01 -4.578240e-01 
 3.984761e+01 -4.525647e-01 
 3.984794e+01 -4.457172e-01 
 3.984826e+01 -4.404417e-01 
 3.984858e+01 -4.355831e-01 
 3.984890e+01 -4.303203e-01 
 3.984923e+01 -4.237614e-01 
 3.984955e+01 -4.125857e-01 
 3.984987e+01 -4.027931e-01 
 3.985020e+01 -3.922141e-01 
 3.985052e+01 -3.750797e-01 
 3.985084e+01 -3.650766e-01 
 3.985117e+01 -3.576051e-01 
 3.985149e+01 -3.531791e-01 
 3.985181e+01 -3.518462e-01 
 3.985213e+01 -3.535947e-01 
 3.985246e+01 -3.581732e-01 
 3.985278e+01 -3.648828e-01 
 3.985310e+01 -3.733976e-01 
 3.985343e+01 -3.838752e-01 
 3.985375e+01 -3.960888e-01 
 3.985407e+01 -4.098159e-01 
 3.985440e+01 -4.242505e-01 
 3.985472e+01 -4.392452e-01 
 3.985504e+01 -4.550691e-01 
 3.985536e+01 -4.731538e-01 
 3.985569e+01 -4.940450e-01 
 3.985601e+01 -5.178113e-01 
 3.985633e+01 -5.435112e-01 
 3.985666e+01 -5.708836e-01 
 3.985698e+01 -5.995725e-01 
 3.985730e+01 -6.281267e-01 
 3.985763e+01 -6.560667e-01 
 3.985795e+01 -6.823517e-01 
 3.985827e+01 -7.061570e-01 
 3.985859e+01 -7.265449e-01 
 3.985892e+01 -7.433404e-01 
 3.985924e+01 -7.573141e-01 
 3.985956e+01 -7.694279e-01 
 3.985989e+01 -7.805465e-01 
 3.986021e+01 -7.903068e-01 
 3.986053e+01 -7.986104e-01 
 3.986085e+01 -8.057722e-01 
 3.986118e+01 -8.114229e-01 
 3.986150e+01 -8.157083e-01 
 3.986182e+01 -8.185075e-01 
 3.986215e+01 -8.190705e-01 
 3.986247e+01 -8.169294e-01 
 3.986279e+01 -8.124982e-01 
 3.986312e+01 -8.059891e-01 
 3.986344e+01 -7.976601e-01 
 3.986376e+01 -7.884643e-01 
 3.986408e+01 -7.791163e-01 
 3.986441e+01 -7.702005e-01 
 3.986473e+01 -7.622781e-01 
 3.986505e+01 -7.551952e-01 
 3.986538e+01 -7.490221e-01 
 3.986570e+01 -7.440473e-01 
 3.986602e+01 -7.401902e-01 
 3.986635e+01 -7.367132e-01 
 3.986667e+01 -7.334648e-01 
 3.986699e+01 -7.303233e-01 
 3.986731e+01 -7.281232e-01 
 3.986764e+01 -7.270122e-01 
 3.986796e+01 -7.266700e-01 
 3.986828e+01 -7.275638e-01 
 3.986861e+01 -7.300515e-01 
 3.986893e+01 -7.338252e-01 
 3.986925e+01 -7.393333e-01 
 3.986958e+01 -7.466865e-01 
 3.986990e+01 -7.553441e-01 
 3.987022e+01 -7.651569e-01 
 3.987054e+01 -7.758996e-01 
 3.987087e+01 -7.871221e-01 
 3.987119e+01 -7.987297e-01 
 3.987151e+01 -8.106904e-01 
 3.987184e+01 -8.221900e-01 
 3.987216e+01 -8.330738e-01 
 3.987248e+01 -8.430930e-01 
 3.987281e+01 -8.527351e-01 
 3.987313e+01 -8.621121e-01 
 3.987345e+01 -8.716313e-01 
 3.987377e+01 -8.815203e-01 
 3.987410e+01 -8.913552e-01 
 3.987442e+01 -9.006639e-01 
 3.987474e+01 -9.092127e-01 
 3.987507e+01 -9.166175e-01 
 3.987539e+01 -9.223727e-01 
 3.987571e+01 -9.259711e-01 
 3.987604e+01 -9.284568e-01 
 3.987636e+01 -9.313702e-01 
 3.987668e+01 -9.338170e-01 
 3.987700e+01 -9.350011e-01 
 3.987733e+01 -9.359496e-01 
 3.987765e+01 -9.367180e-01 
 3.987797e+01 -9.370945e-01 
 3.987830e+01 -9.375112e-01 
 3.987862e+01 -9.383326e-01 
 3.987894e+01 -9.390917e-01 
 3.987927e+01 -9.381862e-01 
 3.987959e+01 -9.370068e-01 
 3.987991e+01 -9.372760e-01 
 3.988023e+01 -9.377456e-01 
 3.988056e+01 -9.385463e-01 
 3.988088e+01 -9.392829e-01 
 3.988120e+01 -9.403835e-01 
 3.988153e+01 -9.412795e-01 
 3.988185e+01 -9.421684e-01 
 3.988217e+01 -9.433408e-01 
 3.988250e+01 -9.438422e-01 
 3.988282e+01 -9.434892e-01 
 3.988314e+01 -9.422580e-01 
 3.988346e+01 -9.405197e-01 
 3.988379e+01 -9.372949e-01 
 3.988411e+01 -9.332361e-01 
 3.988443e+01 -9.281924e-01 
 3.988476e+01 -9.223176e-01 
 3.988508e+01 -9.153769e-01 
 3.988540e+01 -9.082954e-01 
 3.988573e+01 -9.003627e-01 
 3.988605e+01 -8.918269e-01 
 3.988637e+01 -8.826552e-01 
 3.988669e+01 -8.729230e-01 
 3.988702e+01 -8.614598e-01 
 3.988734e+01 -8.487928e-01 
 3.988766e+01 -8.352318e-01 
 3.988799e+01 -8.213082e-01 
 3.988831e+01 -8.069106e-01 
 3.988863e+01 -7.925544e-01 
 3.988896e+01 -7.784250e-01 
 3.988928e+01 -7.646303e-01 
 3.988960e+01 -7.521436e-01 
 3.988992e+01 -7.410512e-01 
 3.989025e+01 -7.319724e-01 
 3.989057e+01 -7.239651e-01 
 3.989089e+01 -7.168743e-01 
 3.989122e+01 -7.100130e-01 
 3.989154e+01 -7.041559e-01 
 3.989186e+01 -6.980259e-01 
 3.989218e+01 -6.938875e-01 
 3.989251e+01 -6.886560e-01 
 3.989283e+01 -6.835645e-01 
 3.989315e+01 -6.770958e-01 
 3.989348e+01 -6.730918e-01 
 3.989380e+01 -6.695353e-01 
 3.989412e+01 -6.667223e-01 
 3.989445e+01 -6.642469e-01 
 3.989477e+01 -6.622223e-01 
 3.989509e+01 -6.600655e-01 
 3.989541e+01 -6.579938e-01 
 3.989574e+01 -6.557828e-01 
 3.989606e+01 -6.532004e-01 
 3.989638e+01 -6.500241e-01 
 3.989671e+01 -6.478468e-01 
 3.989703e+01 -6.463178e-01 
 3.989735e+01 -6.441361e-01 
 3.989768e+01 -6.410574e-01 
 3.989800e+01 -6.374508e-01 
 3.989832e+01 -6.337501e-01 
 3.989864e+01 -6.299471e-01 
 3.989897e+01 -6.261250e-01 
 3.989929e+01 -6.226490e-01 
 3.989961e+01 -6.193218e-01 
 3.989994e+01 -6.158628e-01 
 3.990026e+01 -6.127686e-01 
 3.990058e+01 -6.104047e-01 
 3.990091e+01 -6.079770e-01 
 3.990123e+01 -6.049732e-01 
 3.990155e+01 -5.987381e-01 
 3.990187e+01 -5.936436e-01 
 3.990220e+01 -5.885501e-01 
 3.990252e+01 -5.839549e-01 
 3.990284e+01 -5.792687e-01 
 3.990317e+01 -5.742844e-01 
 3.990349e+01 -5.700288e-01 
 3.990381e+01 -5.671717e-01 
 3.990414e+01 -5.653268e-01 
 3.990446e+01 -5.669214e-01 
 3.990478e+01 -5.673195e-01 
 3.990510e+01 -5.686369e-01 
 3.990543e+01 -5.695103e-01 
 3.990575e+01 -5.705057e-01 
 3.990607e+01 -5.716308e-01 
 3.990640e+01 -5.723023e-01 
 3.990672e+01 -5.828978e-01 
 3.990704e+01 -5.826226e-01 
 3.990737e+01 -5.816409e-01 
 3.990769e+01 -5.802637e-01 
 3.990801e+01 -5.797283e-01 
 3.990833e+01 -5.936237e-01 
 3.990866e+01 -6.083423e-01 
 3.990898e+01 -6.084472e-01 
 3.990930e+01 -6.085686e-01 
 3.990963e+01 -6.069992e-01 
 3.990995e+01 -6.032799e-01 
 3.991027e+01 -5.981234e-01 
 3.991060e+01 -5.909540e-01 
 3.991092e+01 -5.810913e-01 
 3.991124e+01 -5.683995e-01 
 3.991156e+01 -5.550511e-01 
 3.991189e+01 -5.403908e-01 
 3.991221e+01 -5.251634e-01 
 3.991253e+01 -5.108083e-01 
 3.991286e+01 -4.976956e-01 
 3.991318e+01 -4.850872e-01 
 3.991350e+01 -4.729451e-01 
 3.991383e+01 -4.621772e-01 
 3.991415e+01 -4.522504e-01 
 3.991447e+01 -4.428246e-01 
 3.991479e+01 -4.342867e-01 
 3.991512e+01 -4.272863e-01 
 3.991544e+01 -4.210815e-01 
 3.991576e+01 -4.156306e-01 
 3.991609e+01 -4.123992e-01 
 3.991641e+01 -4.109290e-01 
 3.991673e+01 -4.116428e-01 
 3.991706e+01 -4.151935e-01 
 3.991738e+01 -4.215831e-01 
 3.991770e+01 -4.297082e-01 
 3.991802e+01 -4.390445e-01 
 3.991835e+01 -4.504581e-01 
 3.991867e+01 -4.636775e-01 
 3.991899e+01 -4.781855e-01 
 3.991932e+01 -4.945393e-01 
 3.991964e+01 -5.123642e-01 
 3.991996e+01 -5.312406e-01 
 3.992029e+01 -5.503266e-01 
 3.992061e+01 -5.698524e-01 
 3.992093e+01 -5.900581e-01 
 3.992125e+01 -6.105705e-01 
 3.992158e+01 -6.164585e-01 
 3.992190e+01 -6.364562e-01 
 3.992222e+01 -6.562933e-01 
 3.992255e+01 -6.753401e-01 
 3.992287e+01 -6.942498e-01 
 3.992319e+01 -7.125070e-01 
 3.992352e+01 -7.301427e-01 
 3.992384e+01 -7.458637e-01 
 3.992416e+01 -7.600859e-01 
 3.992448e+01 -7.721792e-01 
 3.992481e+01 -7.828695e-01 
 3.992513e+01 -7.914086e-01 
 3.992545e+01 -7.978589e-01 
 3.992578e+01 -8.020409e-01 
 3.992610e+01 -8.040224e-01 
 3.992642e+01 -8.041797e-01 
 3.992675e+01 -8.032491e-01 
 3.992707e+01 -8.009337e-01 
 3.992739e+01 -7.971674e-01 
 3.992771e+01 -7.925008e-01 
 3.992804e+01 -7.869573e-01 
 3.992836e+01 -7.764125e-01 
 3.992868e+01 -7.708357e-01 
 3.992901e+01 -7.648685e-01 
 3.992933e+01 -7.576116e-01 
 3.992965e+01 -7.499301e-01 
 3.992997e+01 -7.421286e-01 
 3.993030e+01 -7.347076e-01 
 3.993062e+01 -7.282237e-01 
 3.993094e+01 -7.236520e-01 
 3.993127e+01 -7.001405e-01 
 3.993159e+01 -6.978778e-01 
 3.993191e+01 -6.969801e-01 
 3.993224e+01 -6.795945e-01 
 3.993256e+01 -6.824633e-01 
 3.993288e+01 -6.687666e-01 
 3.993320e+01 -6.751338e-01 
 3.993353e+01 -6.820497e-01 
 3.993385e+01 -6.871927e-01 
 3.993417e+01 -6.949303e-01 
 3.993450e+01 -7.035694e-01 
 3.993482e+01 -7.125404e-01 
 3.993514e+01 -7.219743e-01 
 3.993547e+01 -7.316477e-01 
 3.993579e+01 -7.412233e-01 
 3.993611e+01 -7.500257e-01 
 3.993643e+01 -7.582808e-01 
 3.993676e+01 -7.660528e-01 
 3.993708e+01 -7.731454e-01 
 3.993740e+01 -7.799796e-01 
 3.993773e+01 -7.874751e-01 
 3.993805e+01 -7.945705e-01 
 3.993837e+01 -8.005585e-01 
 3.993870e+01 -8.058874e-01 
 3.993902e+01 -8.108504e-01 
 3.993934e+01 -8.151732e-01 
 3.993966e+01 -8.189306e-01 
 3.993999e+01 -8.226139e-01 
 3.994031e+01 -8.261623e-01 
 3.994063e+01 -8.290724e-01 
 3.994096e+01 -8.326238e-01 
 3.994128e+01 -8.372573e-01 
 3.994160e+01 -8.433144e-01 
 3.994193e+01 -8.505019e-01 
 3.994225e+01 -8.581022e-01 
 3.994257e+01 -8.657672e-01 
 3.994289e+01 -8.730630e-01 
 3.994322e+01 -8.794356e-01 
 3.994354e+01 -8.816155e-01 
 3.994386e+01 -8.856553e-01 
 3.994419e+01 -8.901702e-01 
 3.994451e+01 -8.943735e-01 
 3.994483e+01 -8.983406e-01 
 3.994516e+01 -9.034151e-01 
 3.994548e+01 -9.092822e-01 
 3.994580e+01 -9.146780e-01 
 3.994612e+01 -9.198649e-01 
 3.994645e+01 -9.254859e-01 
 3.994677e+01 -9.309405e-01 
 3.994709e+01 -9.346381e-01 
 3.994742e+01 -9.371678e-01 
 3.994774e+01 -9.393660e-01 
 3.994806e+01 -9.406005e-01 
 3.994839e+01 -9.416150e-01 
 3.994871e+01 -9.432491e-01 
 3.994903e+01 -9.456242e-01 
 3.994935e+01 -9.475970e-01 
 3.994968e+01 -9.489697e-01 
 3.995000e+01 -9.501571e-01 
 3.995032e+01 -9.509585e-01 
 3.995065e+01 -9.513956e-01 
 3.995097e+01 -9.513783e-01 
 3.995129e+01 -9.508510e-01 
 3.995162e+01 -9.489566e-01 
 3.995194e+01 -9.458901e-01 
 3.995226e+01 -9.411469e-01 
 3.995258e+01 -9.349363e-01 
 3.995291e+01 -9.278588e-01 
 3.995323e+01 -9.204197e-01 
 3.995355e+01 -9.120112e-01 
 3.995388e+01 -9.033569e-01 
 3.995420e+01 -8.941110e-01 
 3.995452e+01 -8.847013e-01 
 3.995485e+01 -8.746013e-01 
 3.995517e+01 -8.644410e-01 
 3.995549e+01 -8.538071e-01 
 3.995581e+01 -8.428668e-01 
 3.995614e+01 -8.316014e-01 
 3.995646e+01 -8.208282e-01 
 3.995678e+01 -8.106347e-01 
 3.995711e+01 -8.002844e-01 
 3.995743e+01 -7.868361e-01 
 3.995775e+01 -7.793621e-01 
 3.995808e+01 -7.726295e-01 
 3.995840e+01 -7.660581e-01 
 3.995872e+01 -7.603202e-01 
 3.995904e+01 -7.484365e-01 
 3.995937e+01 -7.427272e-01 
 3.995969e+01 -7.372747e-01 
 3.996001e+01 -7.332482e-01 
 3.996034e+01 -7.295344e-01 
 3.996066e+01 -7.259849e-01 
 3.996098e+01 -7.226915e-01 
 3.996131e+01 -7.191684e-01 
 3.996163e+01 -7.153865e-01 
 3.996195e+01 -7.110273e-01 
 3.996227e+01 -7.070448e-01 
 3.996260e+01 -7.029314e-01 
 3.996292e+01 -6.980593e-01 
 3.996324e+01 -6.929272e-01 
 3.996357e+01 -6.879350e-01 
 3.996389e+01 -6.826170e-01 
 3.996421e+01 -6.774710e-01 
 3.996453e+01 -6.732533e-01 
 3.996486e+01 -6.694623e-01 
 3.996518e+01 -6.653970e-01 
 3.996550e+01 -6.614982e-01 
 3.996583e+01 -6.583317e-01 
 3.996615e+01 -6.552766e-01 
 3.996647e+01 -6.528095e-01 
 3.996680e+01 -6.510834e-01 
 3.996712e+01 -6.504619e-01 
 3.996744e+01 -6.504732e-01 
 3.996776e+01 -6.512288e-01 
 3.996809e+01 -6.523757e-01 
 3.996841e+01 -6.534893e-01 
 3.996873e+01 -6.541228e-01 
 3.996906e+01 -6.551847e-01 
 3.996938e+01 -6.561690e-01 
 3.996970e+01 -6.566432e-01 
 3.997003e+01 -6.567290e-01 
 3.997035e+01 -6.564983e-01 
 3.997067e+01 -6.563855e-01 
 3.997099e+01 -6.558510e-01 
 3.997132e+01 -6.558709e-01 
 3.997164e+01 -6.551025e-01 
 3.997196e+01 -6.532934e-01 
 3.997229e+01 -6.494247e-01 
 3.997261e+01 -6.442803e-01 
 3.997293e+01 -6.375251e-01 
 3.997326e+01 -6.291365e-01 
 3.997358e+01 -6.200106e-01 
 3.997390e+01 -6.104848e-01 
 3.997422e+01 -6.004737e-01 
 3.997455e+01 -5.924830e-01 
 3.997487e+01 -5.820877e-01 
 3.997519e+01 -5.715455e-01 
 3.997552e+01 -5.666309e-01 
 3.997584e+01 -5.562044e-01 
 3.997616e+01 -5.454954e-01 
 3.997649e+01 -5.342572e-01 
 3.997681e+01 -5.228310e-01 
 3.997713e+01 -5.112933e-01 
 3.997745e+01 -4.995096e-01 
 3.997778e+01 -4.873463e-01 
 3.997810e+01 -4.755703e-01 
 3.997842e+01 -4.643625e-01 
 3.997875e+01 -4.537351e-01 
 3.997907e+01 -4.435966e-01 
 3.997939e+01 -4.347385e-01 
 3.997972e+01 -4.269868e-01 
 3.998004e+01 -4.201422e-01 
 3.998036e+01 -4.144155e-01 
 3.998068e+01 -4.100497e-01 
 3.998101e+01 -4.061517e-01 
 3.998133e+01 -4.027681e-01 
 3.998165e+01 -4.000125e-01 
 3.998198e+01 -3.979185e-01 
 3.998230e+01 -3.973683e-01 
 3.998262e+01 -3.989141e-01 
 3.998295e+01 -4.027017e-01 
 3.998327e+01 -4.084742e-01 
 3.998359e+01 -4.156570e-01 
 3.998391e+01 -4.243609e-01 
 3.998424e+01 -4.342631e-01 
 3.998456e+01 -4.456365e-01 
 3.998488e+01 -4.572405e-01 
 3.998521e+01 -4.707693e-01 
 3.998553e+01 -4.837764e-01 
 3.998585e+01 -4.969986e-01 
 3.998618e+01 -5.108962e-01 
 3.998650e+01 -5.247080e-01 
 3.998682e+01 -5.380246e-01 
 3.998714e+01 -5.510148e-01 
 3.998747e+01 -5.637118e-01 
 3.998779e+01 -5.757568e-01 
 3.998811e+01 -5.867039e-01 
 3.998844e+01 -5.960939e-01 
 3.998876e+01 -6.043262e-01 
 3.998908e+01 -6.113887e-01 
 3.998941e+01 -6.174672e-01 
 3.998973e+01 -6.228245e-01 
 3.999005e+01 -6.257033e-01 
 3.999037e+01 -6.284580e-01 
 3.999070e+01 -6.299981e-01 
 3.999102e+01 -6.304281e-01 
 3.999134e+01 -6.298548e-01 
 3.999167e+01 -6.286561e-01 
 3.999199e+01 -6.272329e-01 
 3.999231e+01 -6.253831e-01 
 3.999264e+01 -6.234540e-01 
 3.999296e+01 -6.217225e-01 
 3.999328e+01 -6.211937e-01 
 3.999360e+01 -6.219768e-01 
 3.999393e+01 -6.238465e-01 
 3.999425e+01 -6.265866e-01 
 3.999457e+01 -6.300683e-01 
 3.999490e+01 -6.340638e-01 
 3.999522e+01 -6.386238e-01 
 3.999554e+01 -6.435647e-01 
 3.999587e+01 -6.485791e-01 
 3.999619e+01 -6.537736e-01 
 3.999651e+01 -6.595014e-01 
 3.999683e+01 -6.657933e-01 
 3.999716e+01 -6.722602e-01 
 3.999748e+01 -6.791128e-01 
 3.999780e+01 -6.859851e-01 
 3.999813e+01 -6.843857e-01 
 3.999845e+01 -6.900627e-01 
 3.999877e+01 -6.957771e-01 
 3.999909e+01 -7.015141e-01 
 3.999942e+01 -7.072164e-01 
 3.999974e+01 -6.872471e-01 
 4.000006e+01 -6.914312e-01 
 4.000039e+01 -6.956601e-01 
 4.000071e+01 -6.999718e-01 
 4.000103e+01 -7.045210e-01 
 4.000136e+01 -7.092453e-01 
 4.000168e+01 -7.137334e-01 
 4.000200e+01 -7.180580e-01 
 4.000232e+01 -7.225854e-01 
 4.000265e+01 -7.272586e-01 
 4.000297e+01 -7.323672e-01 
 4.000329e+01 -7.378713e-01 
 4.000362e+01 -7.431819e-01 
 4.000394e+01 -7.478404e-01 
 4.000426e+01 -7.519924e-01 
 4.000459e+01 -7.556842e-01 
 4.000491e+01 -7.587991e-01 
 4.000523e+01 -7.618397e-01 
 4.000555e+01 -7.651775e-01 
 4.000588e+01 -7.685671e-01 
 4.000620e+01 -7.716459e-01 
 4.000652e+01 -7.747116e-01 
 4.000685e+01 -7.781936e-01 
 4.000717e+01 -7.821898e-01 
 4.000749e+01 -7.863547e-01 
 4.000782e+01 -7.909552e-01 
 4.000814e+01 -7.963952e-01 
 4.000846e+01 -8.027768e-01 
 4.000878e+01 -8.102539e-01 
 4.000911e+01 -8.189129e-01 
 4.000943e+01 -8.283640e-01 
 4.000975e+01 -8.382632e-01 
 4.001008e+01 -8.486201e-01 
 4.001040e+01 -8.589316e-01 
 4.001072e+01 -8.692507e-01 
 4.001105e+01 -8.795518e-01 
 4.001137e+01 -8.897870e-01 
 4.001169e+01 -9.002812e-01 
 4.001201e+01 -9.114874e-01 
 4.001234e+01 -9.232257e-01 
 4.001266e+01 -9.348285e-01 
 4.001298e+01 -9.427485e-01 
 4.001331e+01 -9.523808e-01 
 4.001363e+01 -9.608461e-01 
 4.001395e+01 -9.676617e-01 
 4.001428e+01 -9.727371e-01 
 4.001460e+01 -9.761060e-01 
 4.001492e+01 -9.780067e-01 
 4.001524e+01 -9.788372e-01 
 4.001557e+01 -9.790462e-01 
 4.001589e+01 -9.785943e-01 
 4.001621e+01 -9.776289e-01 
 4.001654e+01 -9.761242e-01 
 4.001686e+01 -9.737902e-01 
 4.001718e+01 -9.702846e-01 
 4.001751e+01 -9.655689e-01 
 4.001783e+01 -9.595970e-01 
 4.001815e+01 -9.525889e-01 
 4.001847e+01 -9.448073e-01 
 4.001880e+01 -9.365597e-01 
 4.001912e+01 -9.282720e-01 
 4.001944e+01 -9.197617e-01 
 4.001977e+01 -9.116277e-01 
 4.002009e+01 -9.038532e-01 
 4.002041e+01 -8.967071e-01 
 4.002074e+01 -8.900056e-01 
 4.002106e+01 -8.810775e-01 
 4.002138e+01 -8.748936e-01 
 4.002170e+01 -8.688891e-01 
 4.002203e+01 -8.630480e-01 
 4.002235e+01 -8.571746e-01 
 4.002267e+01 -8.513406e-01 
 4.002300e+01 -8.458905e-01 
 4.002332e+01 -8.407837e-01 
 4.002364e+01 -8.357580e-01 
 4.002397e+01 -8.306580e-01 
 4.002429e+01 -8.255233e-01 
 4.002461e+01 -8.200965e-01 
 4.002493e+01 -8.145767e-01 
 4.002526e+01 -8.092372e-01 
 4.002558e+01 -8.042394e-01 
 4.002590e+01 -7.996126e-01 
 4.002623e+01 -7.950870e-01 
 4.002655e+01 -7.905878e-01 
 4.002687e+01 -7.863778e-01 
 4.002720e+01 -7.826155e-01 
 4.002752e+01 -7.793076e-01 
 4.002784e+01 -7.766273e-01 
 4.002816e+01 -7.745112e-01 
 4.002849e+01 -7.726904e-01 
 4.002881e+01 -7.711719e-01 
 4.002913e+01 -7.699591e-01 
 4.002946e+01 -7.690677e-01 
 4.002978e+01 -7.684025e-01 
 4.003010e+01 -7.677802e-01 
 4.003043e+01 -7.673141e-01 
 4.003075e+01 -7.671463e-01 
 4.003107e+01 -7.672258e-01 
 4.003139e+01 -7.678420e-01 
 4.003172e+01 -7.691543e-01 
 4.003204e+01 -7.708138e-01 
 4.003236e+01 -7.724510e-01 
 4.003269e+01 -7.739036e-01 
 4.003301e+01 -7.747865e-01 
 4.003333e+01 -7.748356e-01 
 4.003365e+01 -7.743154e-01 
 4.003398e+01 -7.735417e-01 
 4.003430e+01 -7.659325e-01 
 4.003462e+01 -7.580483e-01 
 4.003495e+01 -7.571564e-01 
 4.003527e+01 -7.564818e-01 
 4.003559e+01 -7.557209e-01 
 4.003592e+01 -7.544510e-01 
 4.003624e+01 -7.528982e-01 
 4.003656e+01 -7.509162e-01 
 4.003688e+01 -7.484311e-01 
 4.003721e+01 -7.454838e-01 
 4.003753e+01 -7.420690e-01 
 4.003785e+01 -7.378652e-01 
 4.003818e+01 -7.329578e-01 
 4.003850e+01 -7.273238e-01 
 4.003882e+01 -7.207652e-01 
 4.003915e+01 -7.130957e-01 
 4.003947e+01 -7.041025e-01 
 4.003979e+01 -6.937975e-01 
 4.004011e+01 -6.825868e-01 
 4.004044e+01 -6.707735e-01 
 4.004076e+01 -6.584426e-01 
 4.004108e+01 -6.455713e-01 
 4.004141e+01 -6.320122e-01 
 4.004173e+01 -6.176391e-01 
 4.004205e+01 -6.024961e-01 
 4.004238e+01 -5.869023e-01 
 4.004270e+01 -5.705343e-01 
 4.004302e+01 -5.553693e-01 
 4.004334e+01 -5.391389e-01 
 4.004367e+01 -5.234215e-01 
 4.004399e+01 -5.086991e-01 
 4.004431e+01 -4.950600e-01 
 4.004464e+01 -4.828755e-01 
 4.004496e+01 -4.723299e-01 
 4.004528e+01 -4.633885e-01 
 4.004561e+01 -4.557582e-01 
 4.004593e+01 -4.492864e-01 
 4.004625e+01 -4.436712e-01 
 4.004657e+01 -4.389410e-01 
 4.004690e+01 -4.349961e-01 
 4.004722e+01 -4.319577e-01 
 4.004754e+01 -4.298646e-01 
 4.004787e+01 -4.289744e-01 
 4.004819e+01 -4.291341e-01 
 4.004851e+01 -4.303792e-01 
 4.004884e+01 -4.327275e-01 
 4.004916e+01 -4.392747e-01 
 4.004948e+01 -4.431754e-01 
 4.004980e+01 -4.475044e-01 
 4.005013e+01 -4.573369e-01 
 4.005045e+01 -4.614715e-01 
 4.005077e+01 -4.652176e-01 
 4.005110e+01 -4.685229e-01 
 4.005142e+01 -4.714632e-01 
 4.005174e+01 -4.741971e-01 
 4.005207e+01 -4.766745e-01 
 4.005239e+01 -4.788467e-01 
 4.005271e+01 -4.808278e-01 
 4.005303e+01 -4.827720e-01 
 4.005336e+01 -4.847323e-01 
 4.005368e+01 -4.867587e-01 
 4.005400e+01 -4.888253e-01 
 4.005433e+01 -4.909412e-01 
 4.005465e+01 -4.928964e-01 
 4.005497e+01 -4.944246e-01 
 4.005530e+01 -4.954900e-01 
 4.005562e+01 -4.960913e-01 
 4.005594e+01 -4.963150e-01 
 4.005626e+01 -4.965897e-01 
 4.005659e+01 -4.972342e-01 
 4.005691e+01 -4.983041e-01 
 4.005723e+01 -4.999020e-01 
 4.005756e+01 -5.019386e-01 
 4.005788e+01 -5.042896e-01 
 4.005820e+01 -5.070486e-01 
 4.005853e+01 -5.100155e-01 
 4.005885e+01 -5.127654e-01 
 4.005917e+01 -5.152240e-01 
 4.005949e+01 -5.174038e-01 
 4.005982e+01 -5.196871e-01 
 4.006014e+01 -5.226494e-01 
 4.006046e+01 -5.265631e-01 
 4.006079e+01 -5.308890e-01 
 4.006111e+01 -5.363906e-01 
 4.006143e+01 -5.424302e-01 
 4.006176e+01 -5.487317e-01 
 4.006208e+01 -5.536988e-01 
 4.006240e+01 -5.598544e-01 
 4.006272e+01 -5.659356e-01 
 4.006305e+01 -5.724538e-01 
 4.006337e+01 -5.790849e-01 
 4.006369e+01 -5.859067e-01 
 4.006402e+01 -5.928920e-01 
 4.006434e+01 -6.004867e-01 
 4.006466e+01 -6.083211e-01 
 4.006499e+01 -6.160328e-01 
 4.006531e+01 -6.233428e-01 
 4.006563e+01 -6.299878e-01 
 4.006595e+01 -6.358290e-01 
 4.006628e+01 -6.408963e-01 
 4.006660e+01 -6.452589e-01 
 4.006692e+01 -6.490578e-01 
 4.006725e+01 -6.523129e-01 
 4.006757e+01 -6.550616e-01 
 4.006789e+01 -6.574201e-01 
 4.006821e+01 -6.594486e-01 
 4.006854e+01 -6.526526e-01 
 4.006886e+01 -6.538156e-01 
 4.006918e+01 -6.549703e-01 
 4.006951e+01 -6.433260e-01 
 4.006983e+01 -6.442441e-01 
 4.007015e+01 -6.457471e-01 
 4.007048e+01 -6.479310e-01 
 4.007080e+01 -6.508238e-01 
 4.007112e+01 -6.497989e-01 
 4.007144e+01 -6.537054e-01 
 4.007177e+01 -6.586815e-01 
 4.007209e+01 -6.645098e-01 
 4.007241e+01 -6.712563e-01 
 4.007274e+01 -6.788922e-01 
 4.007306e+01 -6.874029e-01 
 4.007338e+01 -6.967985e-01 
 4.007371e+01 -7.070082e-01 
 4.007403e+01 -7.178185e-01 
 4.007435e+01 -7.291532e-01 
 4.007467e+01 -7.411959e-01 
 4.007500e+01 -7.537901e-01 
 4.007532e+01 -7.666496e-01 
 4.007564e+01 -7.797943e-01 
 4.007597e+01 -7.934587e-01 
 4.007629e+01 -8.068803e-01 
 4.007661e+01 -8.198937e-01 
 4.007694e+01 -8.325461e-01 
 4.007726e+01 -8.450195e-01 
 4.007758e+01 -8.570401e-01 
 4.007790e+01 -8.685293e-01 
 4.007823e+01 -8.771273e-01 
 4.007855e+01 -8.879054e-01 
 4.007887e+01 -8.983445e-01 
 4.007920e+01 -9.083254e-01 
 4.007952e+01 -9.175974e-01 
 4.007984e+01 -9.261710e-01 
 4.008017e+01 -9.338717e-01 
 4.008049e+01 -9.406113e-01 
 4.008081e+01 -9.465552e-01 
 4.008113e+01 -9.516731e-01 
 4.008146e+01 -9.557624e-01 
 4.008178e+01 -9.483465e-01 
 4.008210e+01 -9.511257e-01 
 4.008243e+01 -9.396380e-01 
 4.008275e+01 -9.414747e-01 
 4.008307e+01 -9.430983e-01 
 4.008340e+01 -9.444955e-01 
 4.008372e+01 -9.453223e-01 
 4.008404e+01 -9.451752e-01 
 4.008436e+01 -9.438120e-01 
 4.008469e+01 -9.415918e-01 
 4.008501e+01 -9.386009e-01 
 4.008533e+01 -9.349784e-01 
 4.008566e+01 -9.310189e-01 
 4.008598e+01 -9.270572e-01 
 4.008630e+01 -9.233088e-01 
 4.008663e+01 -9.200240e-01 
 4.008695e+01 -9.172676e-01 
 4.008727e+01 -9.148358e-01 
 4.008759e+01 -9.124250e-01 
 4.008792e+01 -9.097856e-01 
 4.008824e+01 -9.069936e-01 
 4.008856e+01 -9.041500e-01 
 4.008889e+01 -9.013498e-01 
 4.008921e+01 -8.988813e-01 
 4.008953e+01 -8.969596e-01 
 4.008986e+01 -8.954416e-01 
 4.009018e+01 -8.942768e-01 
 4.009050e+01 -8.934634e-01 
 4.009082e+01 -8.929912e-01 
 4.009115e+01 -8.930352e-01 
 4.009147e+01 -8.937429e-01 
 4.009179e+01 -8.948757e-01 
 4.009212e+01 -8.959604e-01 
 4.009244e+01 -8.967334e-01 
 4.009276e+01 -8.971462e-01 
 4.009309e+01 -8.971656e-01 
 4.009341e+01 -8.965797e-01 
 4.009373e+01 -8.953212e-01 
 4.009405e+01 -8.935932e-01 
 4.009438e+01 -8.915664e-01 
 4.009470e+01 -8.894715e-01 
 4.009502e+01 -8.875537e-01 
 4.009535e+01 -8.858737e-01 
 4.009567e+01 -8.844355e-01 
 4.009599e+01 -8.832449e-01 
 4.009632e+01 -8.821604e-01 
 4.009664e+01 -8.809425e-01 
 4.009696e+01 -8.794436e-01 
 4.009728e+01 -8.776994e-01 
 4.009761e+01 -8.758640e-01 
 4.009793e+01 -8.742076e-01 
 4.009825e+01 -8.728977e-01 
 4.009858e+01 -8.720336e-01 
 4.009890e+01 -8.715979e-01 
 4.009922e+01 -8.714654e-01 
 4.009955e+01 -8.714366e-01 
 4.009987e+01 -8.714893e-01 
 4.010019e+01 -8.710478e-01 
 4.010051e+01 -8.702973e-01 
 4.010084e+01 -8.692144e-01 
 4.010116e+01 -8.677420e-01 
 4.010148e+01 -8.658056e-01 
 4.010181e+01 -8.631702e-01 
 4.010213e+01 -8.595647e-01 
 4.010245e+01 -8.548661e-01 
 4.010277e+01 -8.492033e-01 
 4.010310e+01 -8.425847e-01 
 4.010342e+01 -8.349536e-01 
 4.010374e+01 -8.265472e-01 
 4.010407e+01 -8.175269e-01 
 4.010439e+01 -8.081146e-01 
 4.010471e+01 -7.987274e-01 
 4.010504e+01 -7.897419e-01 
 4.010536e+01 -7.811523e-01 
 4.010568e+01 -7.726404e-01 
 4.010600e+01 -7.638661e-01 
 4.010633e+01 -7.544448e-01 
 4.010665e+01 -7.441714e-01 
 4.010697e+01 -7.331031e-01 
 4.010730e+01 -7.215436e-01 
 4.010762e+01 -7.097810e-01 
 4.010794e+01 -6.980497e-01 
 4.010827e+01 -6.867135e-01 
 4.010859e+01 -6.759455e-01 
 4.010891e+01 -6.658463e-01 
 4.010923e+01 -6.565296e-01 
 4.010956e+01 -6.480084e-01 
 4.010988e+01 -6.400372e-01 
 4.011020e+01 -6.327587e-01 
 4.011053e+01 -6.250470e-01 
 4.011085e+01 -6.154161e-01 
 4.011117e+01 -6.068032e-01 
 4.011150e+01 -5.993415e-01 
 4.011182e+01 -5.912285e-01 
 4.011214e+01 -5.834455e-01 
 4.011246e+01 -5.760858e-01 
 4.011279e+01 -5.692613e-01 
 4.011311e+01 -5.631168e-01 
 4.011343e+01 -5.577862e-01 
 4.011376e+01 -5.532957e-01 
 4.011408e+01 -5.495593e-01 
 4.011440e+01 -5.462853e-01 
 4.011473e+01 -5.432064e-01 
 4.011505e+01 -5.400650e-01 
 4.011537e+01 -5.365926e-01 
 4.011569e+01 -5.327690e-01 
 4.011602e+01 -5.286921e-01 
 4.011634e+01 -5.247048e-01 
 4.011666e+01 -5.209902e-01 
 4.011699e+01 -5.177261e-01 
 4.011731e+01 -5.149633e-01 
 4.011763e+01 -5.128867e-01 
 4.011796e+01 -5.115191e-01 
 4.011828e+01 -5.105317e-01 
 4.011860e+01 -5.095517e-01 
 4.011892e+01 -5.082303e-01 
 4.011925e+01 -5.062733e-01 
 4.011957e+01 -5.035946e-01 
 4.011989e+01 -5.002713e-01 
 4.012022e+01 -4.963949e-01 
 4.012054e+01 -4.923653e-01 
 4.012086e+01 -4.886203e-01 
 4.012119e+01 -4.854736e-01 
 4.012151e+01 -4.830609e-01 
 4.012183e+01 -4.812028e-01 
 4.012215e+01 -4.797933e-01 
 4.012248e+01 -4.814051e-01 
 4.012280e+01 -4.805873e-01 
 4.012312e+01 -4.799988e-01 
 4.012345e+01 -4.796163e-01 
 4.012377e+01 -4.793940e-01 
 4.012409e+01 -4.792610e-01 
 4.012442e+01 -4.792246e-01 
 4.012474e+01 -4.793746e-01 
 4.012506e+01 -4.797501e-01 
 4.012538e+01 -4.805185e-01 
 4.012571e+01 -4.817421e-01 
 4.012603e+01 -4.833552e-01 
 4.012635e+01 -4.852582e-01 
 4.012668e+01 -4.873539e-01 
 4.012700e+01 -4.896572e-01 
 4.012732e+01 -4.921466e-01 
 4.012765e+01 -4.947273e-01 
 4.012797e+01 -4.971656e-01 
 4.012829e+01 -4.990609e-01 
 4.012861e+01 -5.001218e-01 
 4.012894e+01 -5.003011e-01 
 4.012926e+01 -4.996616e-01 
 4.012958e+01 -4.984471e-01 
 4.012991e+01 -4.969066e-01 
 4.013023e+01 -4.954329e-01 
 4.013055e+01 -4.939000e-01 
 4.013088e+01 -4.922851e-01 
 4.013120e+01 -4.942282e-01 
 4.013152e+01 -4.925429e-01 
 4.013184e+01 -4.907312e-01 
 4.013217e+01 -4.887616e-01 
 4.013249e+01 -4.866521e-01 
 4.013281e+01 -4.843557e-01 
 4.013314e+01 -4.817832e-01 
 4.013346e+01 -4.791760e-01 
 4.013378e+01 -4.768588e-01 
 4.013411e+01 -4.751141e-01 
 4.013443e+01 -4.741349e-01 
 4.013475e+01 -4.741265e-01 
 4.013507e+01 -4.750988e-01 
 4.013540e+01 -4.769022e-01 
 4.013572e+01 -4.794022e-01 
 4.013604e+01 -4.825114e-01 
 4.013637e+01 -4.861374e-01 
 4.013669e+01 -4.902767e-01 
 4.013701e+01 -4.948691e-01 
 4.013733e+01 -4.997769e-01 
 4.013766e+01 -5.051187e-01 
 4.013798e+01 -5.111023e-01 
 4.013830e+01 -5.178236e-01 
 4.013863e+01 -5.253909e-01 
 4.013895e+01 -5.339297e-01 
 4.013927e+01 -5.435774e-01 
 4.013960e+01 -5.540061e-01 
 4.013992e+01 -5.650481e-01 
 4.014024e+01 -5.765630e-01 
 4.014056e+01 -5.883381e-01 
 4.014089e+01 -6.002284e-01 
 4.014121e+01 -6.121572e-01 
 4.014153e+01 -6.240155e-01 
 4.014186e+01 -6.356826e-01 
 4.014218e+01 -6.472463e-01 
 4.014250e+01 -6.589672e-01 
 4.014283e+01 -6.710485e-01 
 4.014315e+01 -6.834792e-01 
 4.014347e+01 -6.962817e-01 
 4.014379e+01 -7.093774e-01 
 4.014412e+01 -7.223792e-01 
 4.014444e+01 -7.348892e-01 
 4.014476e+01 -7.465015e-01 
 4.014509e+01 -7.569915e-01 
 4.014541e+01 -7.662364e-01 
 4.014573e+01 -7.744131e-01 
 4.014606e+01 -7.817664e-01 
 4.014638e+01 -7.884295e-01 
 4.014670e+01 -7.945631e-01 
 4.014702e+01 -8.003250e-01 
 4.014735e+01 -8.057940e-01 
 4.014767e+01 -8.110543e-01 
 4.014799e+01 -8.160219e-01 
 4.014832e+01 -8.205736e-01 
 4.014864e+01 -8.246227e-01 
 4.014896e+01 -8.280821e-01 
 4.014929e+01 -8.310207e-01 
 4.014961e+01 -8.336059e-01 
 4.014993e+01 -8.360458e-01 
 4.015025e+01 -8.384816e-01 
 4.015058e+01 -8.406754e-01 
 4.015090e+01 -8.432168e-01 
 4.015122e+01 -8.457160e-01 
 4.015155e+01 -8.482381e-01 
 4.015187e+01 -8.509161e-01 
 4.015219e+01 -8.537605e-01 
 4.015252e+01 -8.569094e-01 
 4.015284e+01 -8.603511e-01 
 4.015316e+01 -8.638679e-01 
 4.015348e+01 -8.672374e-01 
 4.015381e+01 -8.703925e-01 
 4.015413e+01 -8.733059e-01 
 4.015445e+01 -8.759413e-01 
 4.015478e+01 -8.783639e-01 
 4.015510e+01 -8.805493e-01 
 4.015542e+01 -8.825336e-01 
 4.015575e+01 -8.844092e-01 
 4.015607e+01 -8.863264e-01 
 4.015639e+01 -8.883812e-01 
 4.015671e+01 -8.905683e-01 
 4.015704e+01 -8.928419e-01 
 4.015736e+01 -8.951092e-01 
 4.015768e+01 -8.973113e-01 
 4.015801e+01 -8.993957e-01 
 4.015833e+01 -9.013295e-01 
 4.015865e+01 -9.030835e-01 
 4.015898e+01 -9.046745e-01 
 4.015930e+01 -9.045548e-01 
 4.015962e+01 -9.061082e-01 
 4.015994e+01 -9.077234e-01 
 4.016027e+01 -9.095585e-01 
 4.016059e+01 -9.115972e-01 
 4.016091e+01 -9.138598e-01 
 4.016124e+01 -9.163076e-01 
 4.016156e+01 -9.189258e-01 
 4.016188e+01 -9.216858e-01 
 4.016221e+01 -9.244603e-01 
 4.016253e+01 -9.271378e-01 
 4.016285e+01 -9.296398e-01 
 4.016317e+01 -9.318578e-01 
 4.016350e+01 -9.337045e-01 
 4.016382e+01 -9.351192e-01 
 4.016414e+01 -9.361779e-01 
 4.016447e+01 -9.370026e-01 
 4.016479e+01 -9.376573e-01 
 4.016511e+01 -9.382148e-01 
 4.016544e+01 -9.387552e-01 
 4.016576e+01 -9.393250e-01 
 4.016608e+01 -9.399595e-01 
 4.016640e+01 -9.406402e-01 
 4.016673e+01 -9.411855e-01 
 4.016705e+01 -9.412679e-01 
 4.016737e+01 -9.406667e-01 
 4.016770e+01 -9.392556e-01 
 4.016802e+01 -9.370226e-01 
 4.016834e+01 -9.341351e-01 
 4.016867e+01 -9.307387e-01 
 4.016899e+01 -9.269243e-01 
 4.016931e+01 -9.228480e-01 
 4.016963e+01 -9.186046e-01 
 4.016996e+01 -9.141941e-01 
 4.017028e+01 -9.095990e-01 
 4.017060e+01 -9.047979e-01 
 4.017093e+01 -8.997198e-01 
 4.017125e+01 -8.942259e-01 
 4.017157e+01 -8.883206e-01 
 4.017189e+01 -8.820174e-01 
 4.017222e+01 -8.753631e-01 
 4.017254e+01 -8.684190e-01 
 4.017286e+01 -8.612942e-01 
 4.017319e+01 -8.538140e-01 
 4.017351e+01 -8.460567e-01 
 4.017383e+01 -8.380879e-01 
 4.017416e+01 -8.299782e-01 
 4.017448e+01 -8.218459e-01 
 4.017480e+01 -8.140349e-01 
 4.017512e+01 -8.063127e-01 
 4.017545e+01 -7.989436e-01 
 4.017577e+01 -7.917406e-01 
 4.017609e+01 -7.847259e-01 
 4.017642e+01 -7.778029e-01 
 4.017674e+01 -7.708194e-01 
 4.017706e+01 -7.637090e-01 
 4.017739e+01 -7.564800e-01 
 4.017771e+01 -7.492301e-01 
 4.017803e+01 -7.420884e-01 
 4.017835e+01 -7.352244e-01 
 4.017868e+01 -7.287956e-01 
 4.017900e+01 -7.228196e-01 
 4.017932e+01 -7.172142e-01 
 4.017965e+01 -7.118810e-01 
 4.017997e+01 -7.066229e-01 
 4.018029e+01 -7.013022e-01 
 4.018062e+01 -6.958062e-01 
 4.018094e+01 -6.900185e-01 
 4.018126e+01 -6.838852e-01 
 4.018158e+01 -6.773539e-01 
 4.018191e+01 -6.705214e-01 
 4.018223e+01 -6.636053e-01 
 4.018255e+01 -6.567489e-01 
 4.018288e+01 -6.500464e-01 
 4.018320e+01 -6.435389e-01 
 4.018352e+01 -6.372966e-01 
 4.018385e+01 -6.313301e-01 
 4.018417e+01 -6.256415e-01 
 4.018449e+01 -6.202920e-01 
 4.018481e+01 -6.151978e-01 
 4.018514e+01 -6.104306e-01 
 4.018546e+01 -6.058122e-01 
 4.018578e+01 -6.013609e-01 
 4.018611e+01 -5.970778e-01 
 4.018643e+01 -5.930913e-01 
 4.018675e+01 -5.896514e-01 
 4.018708e+01 -5.867823e-01 
 4.018740e+01 -5.845931e-01 
 4.018772e+01 -5.830135e-01 
 4.018804e+01 -5.819932e-01 
 4.018837e+01 -5.813615e-01 
 4.018869e+01 -5.810554e-01 
 4.018901e+01 -5.810067e-01 
 4.018934e+01 -5.809267e-01 
 4.018966e+01 -5.805359e-01 
 4.018998e+01 -5.797099e-01 
 4.019031e+01 -5.784826e-01 
 4.019063e+01 -5.745468e-01 
 4.019095e+01 -5.702979e-01 
 4.019127e+01 -5.685763e-01 
 4.019160e+01 -5.667946e-01 
 4.019192e+01 -5.648330e-01 
 4.019224e+01 -5.626840e-01 
 4.019257e+01 -5.604774e-01 
 4.019289e+01 -5.581389e-01 
 4.019321e+01 -5.556263e-01 
 4.019354e+01 -5.528031e-01 
 4.019386e+01 -5.495387e-01 
 4.019418e+01 -5.457679e-01 
 4.019450e+01 -5.414993e-01 
 4.019483e+01 -5.368545e-01 
 4.019515e+01 -5.319813e-01 
 4.019547e+01 -5.269799e-01 
 4.019580e+01 -5.218757e-01 
 4.019612e+01 -5.166331e-01 
 4.019644e+01 -5.112447e-01 
 4.019677e+01 -5.057753e-01 
 4.019709e+01 -5.002508e-01 
 4.019741e+01 -4.946820e-01 
 4.019773e+01 -4.891256e-01 
 4.019806e+01 -4.836457e-01 
 4.019838e+01 -4.782813e-01 
 4.019870e+01 -4.730725e-01 
 4.019903e+01 -4.680309e-01 
 4.019935e+01 -4.632440e-01 
 4.019967e+01 -4.587604e-01 
 4.020000e+01 -4.547085e-01 
 4.020032e+01 -4.512488e-01 
 4.020064e+01 -4.484691e-01 
 4.020096e+01 -4.465048e-01 
 4.020129e+01 -4.454448e-01 
 4.020161e+01 -4.452614e-01 
 4.020193e+01 -4.458526e-01 
 4.020226e+01 -4.469503e-01 
 4.020258e+01 -4.488474e-01 
 4.020290e+01 -4.513007e-01 
 4.020323e+01 -4.542839e-01 
 4.020355e+01 -4.578552e-01 
 4.020387e+01 -4.620949e-01 
 4.020419e+01 -4.670975e-01 
 4.020452e+01 -4.729369e-01 
 4.020484e+01 -4.796076e-01 
 4.020516e+01 -4.870508e-01 
 4.020549e+01 -4.950324e-01 
 4.020581e+01 -5.032574e-01 
 4.020613e+01 -5.115116e-01 
 4.020645e+01 -5.196241e-01 
 4.020678e+01 -5.275199e-01 
 4.020710e+01 -5.351465e-01 
 4.020742e+01 -5.425287e-01 
 4.020775e+01 -5.496474e-01 
 4.020807e+01 -5.564960e-01 
 4.020839e+01 -5.631648e-01 
 4.020872e+01 -5.697324e-01 
 4.020904e+01 -5.762757e-01 
 4.020936e+01 -5.828348e-01 
 4.020968e+01 -5.893792e-01 
 4.021001e+01 -5.958524e-01 
 4.021033e+01 -6.021754e-01 
 4.021065e+01 -6.082967e-01 
 4.021098e+01 -6.141456e-01 
 4.021130e+01 -6.196707e-01 
 4.021162e+01 -6.248424e-01 
 4.021195e+01 -6.296055e-01 
 4.021227e+01 -6.340571e-01 
 4.021259e+01 -6.383734e-01 
 4.021291e+01 -6.428139e-01 
 4.021324e+01 -6.475552e-01 
 4.021356e+01 -6.526047e-01 
 4.021388e+01 -6.579055e-01 
 4.021421e+01 -6.633176e-01 
 4.021453e+01 -6.686633e-01 
 4.021485e+01 -6.738371e-01 
 4.021518e+01 -6.788199e-01 
 4.021550e+01 -6.836298e-01 
 4.021582e+01 -6.881663e-01 
 4.021614e+01 -6.925369e-01 
 4.021647e+01 -6.968607e-01 
 4.021679e+01 -7.012393e-01 
 4.021711e+01 -7.057438e-01 
 4.021744e+01 -7.104096e-01 
 4.021776e+01 -7.152467e-01 
 4.021808e+01 -7.201112e-01 
 4.021841e+01 -7.249593e-01 
 4.021873e+01 -7.296018e-01 
 4.021905e+01 -7.339977e-01 
 4.021937e+01 -7.381174e-01 
 4.021970e+01 -7.418927e-01 
 4.022002e+01 -7.453374e-01 
 4.022034e+01 -7.484323e-01 
 4.022067e+01 -7.515073e-01 
 4.022099e+01 -7.525162e-01 
 4.022131e+01 -7.557617e-01 
 4.022164e+01 -7.591917e-01 
 4.022196e+01 -7.627964e-01 
 4.022228e+01 -7.665009e-01 
 4.022260e+01 -7.702386e-01 
 4.022293e+01 -7.740039e-01 
 4.022325e+01 -7.777958e-01 
 4.022357e+01 -7.816471e-01 
 4.022390e+01 -7.855289e-01 
 4.022422e+01 -7.893728e-01 
 4.022454e+01 -7.931300e-01 
 4.022487e+01 -7.968923e-01 
 4.022519e+01 -8.006610e-01 
 4.022551e+01 -8.043670e-01 
 4.022583e+01 -8.081818e-01 
 4.022616e+01 -8.121096e-01 
 4.022648e+01 -8.161977e-01 
 4.022680e+01 -8.205752e-01 
 4.022713e+01 -8.252585e-01 
 4.022745e+01 -8.303483e-01 
 4.022777e+01 -8.357221e-01 
 4.022810e+01 -8.412855e-01 
 4.022842e+01 -8.469406e-01 
 4.022874e+01 -8.525421e-01 
 4.022906e+01 -8.580645e-01 
 4.022939e+01 -8.635210e-01 
 4.022971e+01 -8.689580e-01 
 4.023003e+01 -8.744546e-01 
 4.023036e+01 -8.800467e-01 
 4.023068e+01 -8.856500e-01 
 4.023100e+01 -8.912654e-01 
 4.023133e+01 -8.968688e-01 
 4.023165e+01 -9.023687e-01 
 4.023197e+01 -9.076701e-01 
 4.023229e+01 -9.126892e-01 
 4.023262e+01 -9.173263e-01 
 4.023294e+01 -9.215044e-01 
 4.023326e+01 -9.252466e-01 
 4.023359e+01 -9.285180e-01 
 4.023391e+01 -9.312124e-01 
 4.023423e+01 -9.332357e-01 
 4.023456e+01 -9.345147e-01 
 4.023488e+01 -9.351728e-01 
 4.023520e+01 -9.352750e-01 
 4.023552e+01 -9.348977e-01 
 4.023585e+01 -9.341501e-01 
 4.023617e+01 -9.330948e-01 
 4.023649e+01 -9.317583e-01 
 4.023682e+01 -9.301315e-01 
 4.023714e+01 -9.282502e-01 
 4.023746e+01 -9.260755e-01 
 4.023779e+01 -9.235338e-01 
 4.023811e+01 -9.206483e-01 
 4.023843e+01 -9.174952e-01 
 4.023875e+01 -9.141746e-01 
 4.023908e+01 -9.108138e-01 
 4.023940e+01 -9.074896e-01 
 4.023972e+01 -9.041704e-01 
 4.024005e+01 -9.006490e-01 
 4.024037e+01 -8.972021e-01 
 4.024069e+01 -8.935950e-01 
 4.024101e+01 -8.897903e-01 
 4.024134e+01 -8.857988e-01 
 4.024166e+01 -8.816550e-01 
 4.024198e+01 -8.772959e-01 
 4.024231e+01 -8.727097e-01 
 4.024263e+01 -8.669261e-01 
 4.024295e+01 -8.615517e-01 
 4.024328e+01 -8.562649e-01 
 4.024360e+01 -8.507556e-01 
 4.024392e+01 -8.450368e-01 
 4.024424e+01 -8.391828e-01 
 4.024457e+01 -8.331844e-01 
 4.024489e+01 -8.270965e-01 
 4.024521e+01 -8.209765e-01 
 4.024554e+01 -8.148571e-01 
 4.024586e+01 -8.087442e-01 
 4.024618e+01 -8.026359e-01 
 4.024651e+01 -7.965224e-01 
 4.024683e+01 -7.904586e-01 
 4.024715e+01 -7.844135e-01 
 4.024747e+01 -7.784155e-01 
 4.024780e+01 -7.725043e-01 
 4.024812e+01 -7.667137e-01 
 4.024844e+01 -7.610445e-01 
 4.024877e+01 -7.555227e-01 
 4.024909e+01 -7.502063e-01 
 4.024941e+01 -7.451448e-01 
 4.024974e+01 -7.404176e-01 
 4.025006e+01 -7.360145e-01 
 4.025038e+01 -7.318868e-01 
 4.025070e+01 -7.279406e-01 
 4.025103e+01 -7.240677e-01 
 4.025135e+01 -7.202180e-01 
 4.025167e+01 -7.163665e-01 
 4.025200e+01 -7.125606e-01 
 4.025232e+01 -7.088974e-01 
 4.025264e+01 -7.054121e-01 
 4.025297e+01 -7.021615e-01 
 4.025329e+01 -6.992426e-01 
 4.025361e+01 -6.966683e-01 
 4.025393e+01 -6.944852e-01 
 4.025426e+01 -6.925713e-01 
 4.025458e+01 -6.908035e-01 
 4.025490e+01 -6.890768e-01 
 4.025523e+01 -6.872922e-01 
 4.025555e+01 -6.854094e-01 
 4.025587e+01 -6.833702e-01 
 4.025620e+01 -6.791456e-01 
 4.025652e+01 -6.767758e-01 
 4.025684e+01 -6.742527e-01 
 4.025716e+01 -6.715515e-01 
 4.025749e+01 -6.685939e-01 
 4.025781e+01 -6.654450e-01 
 4.025813e+01 -6.620645e-01 
 4.025846e+01 -6.584167e-01 
 4.025878e+01 -6.544596e-01 
 4.025910e+01 -6.500235e-01 
 4.025943e+01 -6.450603e-01 
 4.025975e+01 -6.395305e-01 
 4.026007e+01 -6.333913e-01 
 4.026039e+01 -6.265865e-01 
 4.026072e+01 -6.192157e-01 
 4.026104e+01 -6.114759e-01 
 4.026136e+01 -6.035437e-01 
 4.026169e+01 -5.956198e-01 
 4.026201e+01 -5.878599e-01 
 4.026233e+01 -5.769252e-01 
 4.026266e+01 -5.697956e-01 
 4.026298e+01 -5.627722e-01 
 4.026330e+01 -5.557654e-01 
 4.026362e+01 -5.487230e-01 
 4.026395e+01 -5.417208e-01 
 4.026427e+01 -5.350135e-01 
 4.026459e+01 -5.287574e-01 
 4.026492e+01 -5.230503e-01 
 4.026524e+01 -5.237938e-01 
 4.026556e+01 -5.195571e-01 
 4.026589e+01 -5.160160e-01 
 4.026621e+01 -5.131167e-01 
 4.026653e+01 -5.109463e-01 
 4.026685e+01 -5.091993e-01 
 4.026718e+01 -5.075947e-01 
 4.026750e+01 -5.060214e-01 
 4.026782e+01 -5.044901e-01 
 4.026815e+01 -5.031558e-01 
 4.026847e+01 -5.020983e-01 
 4.026879e+01 -5.014475e-01 
 4.026912e+01 -5.011925e-01 
 4.026944e+01 -5.013053e-01 
 4.026976e+01 -5.018234e-01 
 4.027008e+01 -5.028226e-01 
 4.027041e+01 -5.042040e-01 
 4.027073e+01 -5.058856e-01 
 4.027105e+01 -5.076907e-01 
 4.027138e+01 -5.094704e-01 
 4.027170e+01 -5.111282e-01 
 4.027202e+01 -5.126341e-01 
 4.027235e+01 -5.140636e-01 
 4.027267e+01 -5.155546e-01 
 4.027299e+01 -5.172228e-01 
 4.027331e+01 -5.190726e-01 
 4.027364e+01 -5.227904e-01 
 4.027396e+01 -5.249686e-01 
 4.027428e+01 -5.273710e-01 
 4.027461e+01 -5.299291e-01 
 4.027493e+01 -5.325629e-01 
 4.027525e+01 -5.352092e-01 
 4.027558e+01 -5.378306e-01 
 4.027590e+01 -5.404210e-01 
 4.027622e+01 -5.430074e-01 
 4.027654e+01 -5.456300e-01 
 4.027687e+01 -5.483046e-01 
 4.027719e+01 -5.509971e-01 
 4.027751e+01 -5.536939e-01 
 4.027784e+01 -5.564386e-01 
 4.027816e+01 -5.592615e-01 
 4.027848e+01 -5.621351e-01 
 4.027880e+01 -5.650826e-01 
 4.027913e+01 -5.680899e-01 
 4.027945e+01 -5.710863e-01 
 4.027977e+01 -5.741201e-01 
 4.028010e+01 -5.771950e-01 
 4.028042e+01 -5.802877e-01 
 4.028074e+01 -5.833983e-01 
 4.028107e+01 -5.865154e-01 
 4.028139e+01 -5.897275e-01 
 4.028171e+01 -5.931024e-01 
 4.028203e+01 -5.967200e-01 
 4.028236e+01 -6.005065e-01 
 4.028268e+01 -6.043348e-01 
 4.028300e+01 -6.080847e-01 
 4.028333e+01 -6.116824e-01 
 4.028365e+01 -6.151191e-01 
 4.028397e+01 -6.184751e-01 
 4.028430e+01 -6.218502e-01 
 4.028462e+01 -6.252867e-01 
 4.028494e+01 -6.287532e-01 
 4.028526e+01 -6.322012e-01 
 4.028559e+01 -6.355410e-01 
 4.028591e+01 -6.387334e-01 
 4.028623e+01 -6.417861e-01 
 4.028656e+01 -6.447254e-01 
 4.028688e+01 -6.474671e-01 
 4.028720e+01 -6.499180e-01 
 4.028753e+01 -6.520957e-01 
 4.028785e+01 -6.541611e-01 
 4.028817e+01 -6.563517e-01 
 4.028849e+01 -6.587808e-01 
 4.028882e+01 -6.614178e-01 
 4.028914e+01 -6.641707e-01 
 4.028946e+01 -6.670120e-01 
 4.028979e+01 -6.721658e-01 
 4.029011e+01 -6.751923e-01 
 4.029043e+01 -6.784271e-01 
 4.029076e+01 -6.819239e-01 
 4.029108e+01 -6.856849e-01 
 4.029140e+01 -6.896813e-01 
 4.029172e+01 -6.939361e-01 
 4.029205e+01 -6.985980e-01 
 4.029237e+01 -7.035555e-01 
 4.029269e+01 -7.089026e-01 
 4.029302e+01 -7.146884e-01 
 4.029334e+01 -7.208142e-01 
 4.029366e+01 -7.272216e-01 
 4.029399e+01 -7.338270e-01 
 4.029431e+01 -7.405690e-01 
 4.029463e+01 -7.474487e-01 
 4.029495e+01 -7.543726e-01 
 4.029528e+01 -7.611782e-01 
 4.029560e+01 -7.677184e-01 
 4.029592e+01 -7.739195e-01 
 4.029625e+01 -7.799026e-01 
 4.029657e+01 -7.857010e-01 
 4.029689e+01 -7.914008e-01 
 4.029722e+01 -7.970331e-01 
 4.029754e+01 -8.026241e-01 
 4.029786e+01 -8.081991e-01 
 4.029818e+01 -8.137667e-01 
 4.029851e+01 -8.192759e-01 
 4.029883e+01 -8.246631e-01 
 4.029915e+01 -8.298014e-01 
 4.029948e+01 -8.346793e-01 
 4.029980e+01 -8.392206e-01 
 4.030012e+01 -8.433905e-01 
 4.030045e+01 -8.472452e-01 
 4.030077e+01 -8.508465e-01 
 4.030109e+01 -8.542096e-01 
 4.030141e+01 -8.573364e-01 
 4.030174e+01 -8.602940e-01 
 4.030206e+01 -8.631155e-01 
 4.030238e+01 -8.657364e-01 
 4.030271e+01 -8.681176e-01 
 4.030303e+01 -8.702012e-01 
 4.030335e+01 -8.718754e-01 
 4.030368e+01 -8.730985e-01 
 4.030400e+01 -8.739031e-01 
 4.030432e+01 -8.744041e-01 
 4.030464e+01 -8.746428e-01 
 4.030497e+01 -8.746895e-01 
 4.030529e+01 -8.745666e-01 
 4.030561e+01 -8.743034e-01 
 4.030594e+01 -8.738798e-01 
 4.030626e+01 -8.732970e-01 
 4.030658e+01 -8.726013e-01 
 4.030691e+01 -8.717463e-01 
 4.030723e+01 -8.707185e-01 
 4.030755e+01 -8.694245e-01 
 4.030787e+01 -8.677721e-01 
 4.030820e+01 -8.657681e-01 
 4.030852e+01 -8.634680e-01 
 4.030884e+01 -8.609610e-01 
 4.030917e+01 -8.583207e-01 
 4.030949e+01 -8.555727e-01 
 4.030981e+01 -8.528027e-01 
 4.031013e+01 -8.500680e-01 
 4.031046e+01 -8.474260e-01 
 4.031078e+01 -8.449104e-01 
 4.031110e+01 -8.424703e-01 
 4.031143e+01 -8.399803e-01 
 4.031175e+01 -8.373036e-01 
 4.031207e+01 -8.343447e-01 
 4.031240e+01 -8.310821e-01 
 4.031272e+01 -8.275884e-01 
 4.031304e+01 -8.239702e-01 
 4.031336e+01 -8.204186e-01 
 4.031369e+01 -8.170862e-01 
 4.031401e+01 -8.137917e-01 
 4.031433e+01 -8.110727e-01 
 4.031466e+01 -8.087364e-01 
 4.031498e+01 -8.067310e-01 
 4.031530e+01 -8.049178e-01 
 4.031563e+01 -8.031537e-01 
 4.031595e+01 -8.013554e-01 
 4.031627e+01 -7.994837e-01 
 4.031659e+01 -7.975971e-01 
 4.031692e+01 -7.958069e-01 
 4.031724e+01 -7.941282e-01 
 4.031756e+01 -7.912626e-01 
 4.031789e+01 -7.900852e-01 
 4.031821e+01 -7.892406e-01 
 4.031853e+01 -7.886708e-01 
 4.031886e+01 -7.882667e-01 
 4.031918e+01 -7.879859e-01 
 4.031950e+01 -7.877049e-01 
 4.031982e+01 -7.873126e-01 
 4.032015e+01 -7.867367e-01 
 4.032047e+01 -7.858641e-01 
 4.032079e+01 -7.846579e-01 
 4.032112e+01 -7.830966e-01 
 4.032144e+01 -7.811877e-01 
 4.032176e+01 -7.789323e-01 
 4.032209e+01 -7.763826e-01 
 4.032241e+01 -7.736640e-01 
 4.032273e+01 -7.708208e-01 
 4.032305e+01 -7.678427e-01 
 4.032338e+01 -7.645418e-01 
 4.032370e+01 -7.606929e-01 
 4.032402e+01 -7.563440e-01 
 4.032435e+01 -7.514697e-01 
 4.032467e+01 -7.460557e-01 
 4.032499e+01 -7.398539e-01 
 4.032532e+01 -7.332222e-01 
 4.032564e+01 -7.262649e-01 
 4.032596e+01 -7.190975e-01 
 4.032628e+01 -7.118453e-01 
 4.032661e+01 -7.046590e-01 
 4.032693e+01 -6.976571e-01 
 4.032725e+01 -6.909030e-01 
 4.032758e+01 -6.821173e-01 
 4.032790e+01 -6.758340e-01 
 4.032822e+01 -6.696051e-01 
 4.032855e+01 -6.633148e-01 
 4.032887e+01 -6.569294e-01 
 4.032919e+01 -6.505271e-01 
 4.032951e+01 -6.442224e-01 
 4.032984e+01 -6.341910e-01 
 4.033016e+01 -6.284344e-01 
 4.033048e+01 -6.229554e-01 
 4.033081e+01 -6.177182e-01 
 4.033113e+01 -6.127343e-01 
 4.033145e+01 -6.080448e-01 
 4.033178e+01 -6.122642e-01 
 4.033210e+01 -6.084815e-01 
 4.033242e+01 -6.047856e-01 
 4.033274e+01 -6.011880e-01 
 4.033307e+01 -6.092953e-01 
 4.033339e+01 -6.061579e-01 
 4.033371e+01 -6.030432e-01 
 4.033404e+01 -6.000238e-01 
 4.033436e+01 -5.971033e-01 
 4.033468e+01 -5.943220e-01 
 4.033501e+01 -5.916739e-01 
 4.033533e+01 -5.892245e-01 
 4.033565e+01 -5.870521e-01 
 4.033597e+01 -5.851827e-01 
 4.033630e+01 -5.835938e-01 
 4.033662e+01 -5.822739e-01 
 4.033694e+01 -5.811496e-01 
 4.033727e+01 -5.799916e-01 
 4.033759e+01 -5.788142e-01 
 4.033791e+01 -5.776477e-01 
 4.033824e+01 -5.764609e-01 
 4.033856e+01 -5.752377e-01 
 4.033888e+01 -5.739776e-01 
 4.033920e+01 -5.727387e-01 
 4.033953e+01 -5.716823e-01 
 4.033985e+01 -5.709430e-01 
 4.034017e+01 -5.704672e-01 
 4.034050e+01 -5.723671e-01 
 4.034082e+01 -5.720071e-01 
 4.034114e+01 -5.717138e-01 
 4.034147e+01 -5.715895e-01 
 4.034179e+01 -5.714624e-01 
 4.034211e+01 -5.712255e-01 
 4.034243e+01 -5.709902e-01 
 4.034276e+01 -5.709307e-01 
 4.034308e+01 -5.711511e-01 
 4.034340e+01 -5.717781e-01 
 4.034373e+01 -5.729171e-01 
 4.034405e+01 -5.744940e-01 
 4.034437e+01 -5.763032e-01 
 4.034470e+01 -5.784507e-01 
 4.034502e+01 -5.810169e-01 
 4.034534e+01 -5.837512e-01 
 4.034566e+01 -5.864171e-01 
 4.034599e+01 -5.891455e-01 
 4.034631e+01 -5.920594e-01 
 4.034663e+01 -5.950013e-01 
 4.034696e+01 -5.978843e-01 
 4.034728e+01 -6.008462e-01 
 4.034760e+01 -6.039587e-01 
 4.034792e+01 -6.071797e-01 
 4.034825e+01 -6.103952e-01 
 4.034857e+01 -6.134771e-01 
 4.034889e+01 -6.162582e-01 
 4.034922e+01 -6.186630e-01 
 4.034954e+01 -6.206693e-01 
 4.034986e+01 -6.222452e-01 
 4.035019e+01 -6.233983e-01 
 4.035051e+01 -6.241682e-01 
 4.035083e+01 -6.246048e-01 
 4.035115e+01 -6.248417e-01 
 4.035148e+01 -6.250604e-01 
 4.035180e+01 -6.253718e-01 
 4.035212e+01 -6.257826e-01 
 4.035245e+01 -6.262811e-01 
 4.035277e+01 -6.269168e-01 
 4.035309e+01 -6.277012e-01 
 4.035342e+01 -6.285988e-01 
 4.035374e+01 -6.295898e-01 
 4.035406e+01 -6.306083e-01 
 4.035438e+01 -6.316088e-01 
 4.035471e+01 -6.326149e-01 
 4.035503e+01 -6.337508e-01 
 4.035535e+01 -6.352074e-01 
 4.035568e+01 -6.370882e-01 
 4.035600e+01 -6.394091e-01 
 4.035632e+01 -6.421283e-01 
 4.035665e+01 -6.451639e-01 
 4.035697e+01 -6.484223e-01 
 4.035729e+01 -6.519380e-01 
 4.035761e+01 -6.557084e-01 
 4.035794e+01 -6.596013e-01 
 4.035826e+01 -6.636726e-01 
 4.035858e+01 -6.678662e-01 
 4.035891e+01 -6.720809e-01 
 4.035923e+01 -6.763521e-01 
 4.035955e+01 -6.806913e-01 
 4.035988e+01 -6.851864e-01 
 4.036020e+01 -6.898885e-01 
 4.036052e+01 -6.947604e-01 
 4.036084e+01 -6.996986e-01 
 4.036117e+01 -7.045477e-01 
 4.036149e+01 -7.093442e-01 
 4.036181e+01 -7.141382e-01 
 4.036214e+01 -7.189904e-01 
 4.036246e+01 -7.237574e-01 
 4.036278e+01 -7.283557e-01 
 4.036311e+01 -7.326858e-01 
 4.036343e+01 -7.367670e-01 
 4.036375e+01 -7.397003e-01 
 4.036407e+01 -7.434368e-01 
 4.036440e+01 -7.470868e-01 
 4.036472e+01 -7.506548e-01 
 4.036504e+01 -7.541083e-01 
 4.036537e+01 -7.575028e-01 
 4.036569e+01 -7.609626e-01 
 4.036601e+01 -7.644515e-01 
 4.036634e+01 -7.678718e-01 
 4.036666e+01 -7.711459e-01 
 4.036698e+01 -7.740868e-01 
 4.036730e+01 -7.765876e-01 
 4.036763e+01 -7.786989e-01 
 4.036795e+01 -7.804876e-01 
 4.036827e+01 -7.819819e-01 
 4.036860e+01 -7.831754e-01 
 4.036892e+01 -7.841412e-01 
 4.036924e+01 -7.849339e-01 
 4.036957e+01 -7.856751e-01 
 4.036989e+01 -7.864820e-01 
 4.037021e+01 -7.873748e-01 
 4.037053e+01 -7.882457e-01 
 4.037086e+01 -7.891122e-01 
 4.037118e+01 -7.900097e-01 
 4.037150e+01 -7.908476e-01 
 4.037183e+01 -7.915274e-01 
 4.037215e+01 -7.920149e-01 
 4.037247e+01 -7.923989e-01 
 4.037280e+01 -7.927677e-01 
 4.037312e+01 -7.931695e-01 
 4.037344e+01 -7.936046e-01 
 4.037376e+01 -7.940121e-01 
 4.037409e+01 -7.943517e-01 
 4.037441e+01 -7.946263e-01 
 4.037473e+01 -7.948319e-01 
 4.037506e+01 -7.949623e-01 
 4.037538e+01 -7.950059e-01 
 4.037570e+01 -7.949178e-01 
 4.037603e+01 -7.946788e-01 
 4.037635e+01 -7.942612e-01 
 4.037667e+01 -7.936384e-01 
 4.037699e+01 -7.927476e-01 
 4.037732e+01 -7.916919e-01 
 4.037764e+01 -7.905883e-01 
 4.037796e+01 -7.894692e-01 
 4.037829e+01 -7.882907e-01 
 4.037861e+01 -7.870695e-01 
 4.037893e+01 -7.858500e-01 
 4.037926e+01 -7.846898e-01 
 4.037958e+01 -7.836366e-01 
 4.037990e+01 -7.827876e-01 
 4.038022e+01 -7.822015e-01 
 4.038055e+01 -7.819017e-01 
 4.038087e+01 -7.818402e-01 
 4.038119e+01 -7.820110e-01 
 4.038152e+01 -7.824014e-01 
 4.038184e+01 -7.829454e-01 
 4.038216e+01 -7.836253e-01 
 4.038248e+01 -7.843959e-01 
 4.038281e+01 -7.850940e-01 
 4.038313e+01 -7.856311e-01 
 4.038345e+01 -7.860201e-01 
 4.038378e+01 -7.863609e-01 
 4.038410e+01 -7.867626e-01 
 4.038442e+01 -7.871693e-01 
 4.038475e+01 -7.875644e-01 
 4.038507e+01 -7.878719e-01 
 4.038539e+01 -7.879114e-01 
 4.038571e+01 -7.875913e-01 
 4.038604e+01 -7.869224e-01 
 4.038636e+01 -7.859048e-01 
 4.038668e+01 -7.845055e-01 
 4.038701e+01 -7.825919e-01 
 4.038733e+01 -7.804408e-01 
 4.038765e+01 -7.779842e-01 
 4.038798e+01 -7.753250e-01 
 4.038830e+01 -7.726507e-01 
 4.038862e+01 -7.700929e-01 
 4.038894e+01 -7.675681e-01 
 4.038927e+01 -7.649818e-01 
 4.038959e+01 -7.622167e-01 
 4.038991e+01 -7.591907e-01 
 4.039024e+01 -7.554950e-01 
 4.039056e+01 -7.517099e-01 
 4.039088e+01 -7.479575e-01 
 4.039121e+01 -7.439813e-01 
 4.039153e+01 -7.398330e-01 
 4.039185e+01 -7.355995e-01 
 4.039217e+01 -7.313992e-01 
 4.039250e+01 -7.272826e-01 
 4.039282e+01 -7.233098e-01 
 4.039314e+01 -7.194914e-01 
 4.039347e+01 -7.157511e-01 
 4.039379e+01 -7.120067e-01 
 4.039411e+01 -7.082429e-01 
 4.039444e+01 -7.044285e-01 
 4.039476e+01 -7.004875e-01 
 4.039508e+01 -6.964490e-01 
 4.039540e+01 -6.924017e-01 
 4.039573e+01 -6.884548e-01 
 4.039605e+01 -6.847064e-01 
 4.039637e+01 -6.811664e-01 
 4.039670e+01 -6.778573e-01 
 4.039702e+01 -6.747340e-01 
 4.039734e+01 -6.717531e-01 
 4.039767e+01 -6.688744e-01 
 4.039799e+01 -6.660973e-01 
 4.039831e+01 -6.633774e-01 
 4.039863e+01 -6.606074e-01 
 4.039896e+01 -6.577521e-01 
 4.039928e+01 -6.542438e-01 
 4.039960e+01 -6.512469e-01 
 4.039993e+01 -6.482169e-01 
 4.040025e+01 -6.452268e-01 
 4.040057e+01 -6.423377e-01 
 4.040090e+01 -6.395336e-01 
 4.040122e+01 -6.367777e-01 
 4.040154e+01 -6.334762e-01 
 4.040186e+01 -6.308133e-01 
 4.040219e+01 -6.280782e-01 
 4.040251e+01 -6.252629e-01 
 4.040283e+01 -6.223939e-01 
 4.040316e+01 -6.194820e-01 
 4.040348e+01 -6.165516e-01 
 4.040380e+01 -6.136875e-01 
 4.040413e+01 -6.110288e-01 
 4.040445e+01 -6.086212e-01 
 4.040477e+01 -6.064920e-01 
 4.040509e+01 -6.046737e-01 
 4.040542e+01 -6.031177e-01 
 4.040574e+01 -6.017107e-01 
 4.040606e+01 -6.004191e-01 
 4.040639e+01 -5.993215e-01 
 4.040671e+01 -5.984492e-01 
 4.040703e+01 -5.978311e-01 
 4.040736e+01 -5.974257e-01 
 4.040768e+01 -5.972584e-01 
 4.040800e+01 -5.973398e-01 
 4.040832e+01 -5.977151e-01 
 4.040865e+01 -5.984133e-01 
 4.040897e+01 -5.994221e-01 
 4.040929e+01 -6.006825e-01 
 4.040962e+01 -6.021894e-01 
 4.040994e+01 -6.038791e-01 
 4.041026e+01 -6.056539e-01 
 4.041059e+01 -6.074503e-01 
 4.041091e+01 -6.091883e-01 
 4.041123e+01 -6.108066e-01 
 4.041155e+01 -6.122403e-01 
 4.041188e+01 -6.134592e-01 
 4.041220e+01 -6.145038e-01 
 4.041252e+01 -6.154057e-01 
 4.041285e+01 -6.162071e-01 
 4.041317e+01 -6.169630e-01 
 4.041349e+01 -6.176796e-01 
 4.041382e+01 -6.183546e-01 
 4.041414e+01 -6.189768e-01 
 4.041446e+01 -6.195453e-01 
 4.041478e+01 -6.200223e-01 
 4.041511e+01 -6.203163e-01 
 4.041543e+01 -6.203563e-01 
 4.041575e+01 -6.201639e-01 
 4.041608e+01 -6.198009e-01 
 4.041640e+01 -6.193297e-01 
 4.041672e+01 -6.188162e-01 
 4.041704e+01 -6.183125e-01 
 4.041737e+01 -6.178782e-01 
 4.041769e+01 -6.175987e-01 
 4.041801e+01 -6.175014e-01 
 4.041834e+01 -6.175950e-01 
 4.041866e+01 -6.178785e-01 
 4.041898e+01 -6.183761e-01 
 4.041931e+01 -6.190237e-01 
 4.041963e+01 -6.197588e-01 
 4.041995e+01 -6.205178e-01 
 4.042027e+01 -6.213017e-01 
 4.042060e+01 -6.222234e-01 
 4.042092e+01 -6.233713e-01 
 4.042124e+01 -6.248394e-01 
 4.042157e+01 -6.266392e-01 
 4.042189e+01 -6.288511e-01 
 4.042221e+01 -6.314381e-01 
 4.042254e+01 -6.343561e-01 
 4.042286e+01 -6.375574e-01 
 4.042318e+01 -6.410153e-01 
 4.042350e+01 -6.446274e-01 
 4.042383e+01 -6.483227e-01 
 4.042415e+01 -6.521045e-01 
 4.042447e+01 -6.559913e-01 
 4.042480e+01 -6.599185e-01 
 4.042512e+01 -6.639080e-01 
 4.042544e+01 -6.680292e-01 
 4.042577e+01 -6.722478e-01 
 4.042609e+01 -6.765562e-01 
 4.042641e+01 -6.809156e-01 
 4.042673e+01 -6.853467e-01 
 4.042706e+01 -6.898053e-01 
 4.042738e+01 -6.942205e-01 
 4.042770e+01 -6.985695e-01 
 4.042803e+01 -7.026736e-01 
 4.042835e+01 -7.064945e-01 
 4.042867e+01 -7.100754e-01 
 4.042900e+01 -7.134121e-01 
 4.042932e+01 -7.165645e-01 
 4.042964e+01 -7.195254e-01 
 4.042996e+01 -7.223349e-01 
 4.043029e+01 -7.250085e-01 
 4.043061e+01 -7.276009e-01 
 4.043093e+01 -7.301413e-01 
 4.043126e+01 -7.326615e-01 
 4.043158e+01 -7.351526e-01 
 4.043190e+01 -7.376397e-01 
 4.043223e+01 -7.417527e-01 
 4.043255e+01 -7.443000e-01 
 4.043287e+01 -7.469954e-01 
 4.043319e+01 -7.498034e-01 
 4.043352e+01 -7.526943e-01 
 4.043384e+01 -7.556075e-01 
 4.043416e+01 -7.584580e-01 
 4.043449e+01 -7.612193e-01 
 4.043481e+01 -7.638709e-01 
 4.043513e+01 -7.664284e-01 
 4.043546e+01 -7.688506e-01 
 4.043578e+01 -7.711361e-01 
 4.043610e+01 -7.733202e-01 
 4.043642e+01 -7.754549e-01 
 4.043675e+01 -7.775738e-01 
 4.043707e+01 -7.796468e-01 
 4.043739e+01 -7.815976e-01 
 4.043772e+01 -7.833441e-01 
 4.043804e+01 -7.848658e-01 
 4.043836e+01 -7.861590e-01 
 4.043869e+01 -7.871872e-01 
 4.043901e+01 -7.879606e-01 
 4.043933e+01 -7.885128e-01 
 4.043965e+01 -7.888551e-01 
 4.043998e+01 -7.890203e-01 
 4.044030e+01 -7.890633e-01 
 4.044062e+01 -7.890736e-01 
 4.044095e+01 -7.891232e-01 
 4.044127e+01 -7.891874e-01 
 4.044159e+01 -7.892442e-01 
 4.044192e+01 -7.892570e-01 
 4.044224e+01 -7.891683e-01 
 4.044256e+01 -7.889299e-01 
 4.044288e+01 -7.885395e-01 
 4.044321e+01 -7.880179e-01 
 4.044353e+01 -7.873800e-01 
 4.044385e+01 -7.866577e-01 
 4.044418e+01 -7.859207e-01 
 4.044450e+01 -7.852238e-01 
 4.044482e+01 -7.846115e-01 
 4.044515e+01 -7.841249e-01 
 4.044547e+01 -7.838006e-01 
 4.044579e+01 -7.835876e-01 
 4.044611e+01 -7.834098e-01 
 4.044644e+01 -7.832343e-01 
 4.044676e+01 -7.830599e-01 
 4.044708e+01 -7.829032e-01 
 4.044741e+01 -7.828010e-01 
 4.044773e+01 -7.827813e-01 
 4.044805e+01 -7.828178e-01 
 4.044838e+01 -7.828876e-01 
 4.044870e+01 -7.829778e-01 
 4.044902e+01 -7.831249e-01 
 4.044934e+01 -7.833053e-01 
 4.044967e+01 -7.835175e-01 
 4.044999e+01 -7.837281e-01 
 4.045031e+01 -7.838992e-01 
 4.045064e+01 -7.839914e-01 
 4.045096e+01 -7.839163e-01 
 4.045128e+01 -7.836217e-01 
 4.045160e+01 -7.831052e-01 
 4.045193e+01 -7.823578e-01 
 4.045225e+01 -7.813968e-01 
 4.045257e+01 -7.802513e-01 
 4.045290e+01 -7.789077e-01 
 4.045322e+01 -7.773944e-01 
 4.045354e+01 -7.756984e-01 
 4.045387e+01 -7.738019e-01 
 4.045419e+01 -7.716888e-01 
 4.045451e+01 -7.693316e-01 
 4.045483e+01 -7.667508e-01 
 4.045516e+01 -7.639793e-01 
 4.045548e+01 -7.610481e-01 
 4.045580e+01 -7.580020e-01 
 4.045613e+01 -7.548462e-01 
 4.045645e+01 -7.516369e-01 
 4.045677e+01 -7.484286e-01 
 4.045710e+01 -7.452512e-01 
 4.045742e+01 -7.421105e-01 
 4.045774e+01 -7.389632e-01 
 4.045806e+01 -7.358223e-01 
 4.045839e+01 -7.327078e-01 
 4.045871e+01 -7.296509e-01 
 4.045903e+01 -7.266763e-01 
 4.045936e+01 -7.237929e-01 
 4.045968e+01 -7.209669e-01 
 4.046000e+01 -7.182242e-01 
 4.046033e+01 -7.155657e-01 
 4.046065e+01 -7.129767e-01 
 4.046097e+01 -7.104019e-01 
 4.046129e+01 -7.079170e-01 
 4.046162e+01 -7.055088e-01 
 4.046194e+01 -7.031579e-01 
 4.046226e+01 -7.008548e-01 
 4.046259e+01 -6.985179e-01 
 4.046291e+01 -6.961082e-01 
 4.046323e+01 -6.935709e-01 
 4.046356e+01 -6.908963e-01 
 4.046388e+01 -6.881158e-01 
 4.046420e+01 -6.852180e-01 
 4.046452e+01 -6.822274e-01 
 4.046485e+01 -6.792404e-01 
 4.046517e+01 -6.761168e-01 
 4.046549e+01 -6.730808e-01 
 4.046582e+01 -6.700143e-01 
 4.046614e+01 -6.669409e-01 
 4.046646e+01 -6.638308e-01 
 4.046679e+01 -6.606544e-01 
 4.046711e+01 -6.574099e-01 
 4.046743e+01 -6.541286e-01 
 4.046775e+01 -6.508532e-01 
 4.046808e+01 -6.475999e-01 
 4.046840e+01 -6.444457e-01 
 4.046872e+01 -6.413965e-01 
 4.046905e+01 -6.384848e-01 
 4.046937e+01 -6.357803e-01 
 4.046969e+01 -6.333346e-01 
 4.047002e+01 -6.311829e-01 
 4.047034e+01 -6.293277e-01 
 4.047066e+01 -6.277341e-01 
 4.047098e+01 -6.263641e-01 
 4.047131e+01 -6.251992e-01 
 4.047163e+01 -6.242021e-01 
 4.047195e+01 -6.233746e-01 
 4.047228e+01 -6.226655e-01 
 4.047260e+01 -6.220489e-01 
 4.047292e+01 -6.215330e-01 
 4.047325e+01 -6.211979e-01 
 4.047357e+01 -6.210607e-01 
 4.047389e+01 -6.211015e-01 
 4.047421e+01 -6.213183e-01 
 4.047454e+01 -6.216615e-01 
 4.047486e+01 -6.220910e-01 
 4.047518e+01 -6.225904e-01 
 4.047551e+01 -6.231797e-01 
 4.047583e+01 -6.233031e-01 
 4.047615e+01 -6.239338e-01 
 4.047648e+01 -6.245286e-01 
 4.047680e+01 -6.250458e-01 
 4.047712e+01 -6.254551e-01 
 4.047744e+01 -6.257432e-01 
 4.047777e+01 -6.258887e-01 
 4.047809e+01 -6.259133e-01 
 4.047841e+01 -6.257893e-01 
 4.047874e+01 -6.255442e-01 
 4.047906e+01 -6.251505e-01 
 4.047938e+01 -6.246162e-01 
 4.047971e+01 -6.239202e-01 
 4.048003e+01 -6.230458e-01 
 4.048035e+01 -6.220019e-01 
 4.048067e+01 -6.207932e-01 
 4.048100e+01 -6.194363e-01 
 4.048132e+01 -6.179380e-01 
 4.048164e+01 -6.163547e-01 
 4.048197e+01 -6.147159e-01 
 4.048229e+01 -6.130539e-01 
 4.048261e+01 -6.114010e-01 
 4.048294e+01 -6.098461e-01 
 4.048326e+01 -6.084303e-01 
 4.048358e+01 -6.068295e-01 
 4.048390e+01 -6.058528e-01 
 4.048423e+01 -6.051496e-01 
 4.048455e+01 -6.047426e-01 
 4.048487e+01 -6.046539e-01 
 4.048520e+01 -6.049109e-01 
 4.048552e+01 -6.054939e-01 
 4.048584e+01 -6.063989e-01 
 4.048616e+01 -6.076008e-01 
 4.048649e+01 -6.090476e-01 
 4.048681e+01 -6.107215e-01 
 4.048713e+01 -6.125996e-01 
 4.048746e+01 -6.146934e-01 
 4.048778e+01 -6.170407e-01 
 4.048810e+01 -6.196399e-01 
 4.048843e+01 -6.225111e-01 
 4.048875e+01 -6.256392e-01 
 4.048907e+01 -6.289125e-01 
 4.048939e+01 -6.322582e-01 
 4.048972e+01 -6.356980e-01 
 4.049004e+01 -6.391906e-01 
 4.049036e+01 -6.426393e-01 
 4.049069e+01 -6.460887e-01 
 4.049101e+01 -6.495353e-01 
 4.049133e+01 -6.529122e-01 
 4.049166e+01 -6.562742e-01 
 4.049198e+01 -6.596218e-01 
 4.049230e+01 -6.630352e-01 
 4.049262e+01 -6.664876e-01 
 4.049295e+01 -6.700045e-01 
 4.049327e+01 -6.735735e-01 
 4.049359e+01 -6.771623e-01 
 4.049392e+01 -6.808261e-01 
 4.049424e+01 -6.845259e-01 
 4.049456e+01 -6.881971e-01 
 4.049489e+01 -6.918092e-01 
 4.049521e+01 -6.953661e-01 
 4.049553e+01 -6.988148e-01 
 4.049585e+01 -7.021450e-01 
 4.049618e+01 -7.054320e-01 
 4.049650e+01 -7.086783e-01 
 4.049682e+01 -7.118550e-01 
 4.049715e+01 -7.150126e-01 
 4.049747e+01 -7.181385e-01 
 4.049779e+01 -7.212748e-01 
 4.049812e+01 -7.244372e-01 
 4.049844e+01 -7.276134e-01 
 4.049876e+01 -7.307816e-01 
 4.049908e+01 -7.339374e-01 
 4.049941e+01 -7.370612e-01 
 4.049973e+01 -7.402040e-01 
 4.050005e+01 -7.433300e-01 
 4.050038e+01 -7.464219e-01 
 4.050070e+01 -7.494820e-01 
 4.050102e+01 -7.524917e-01 
 4.050135e+01 -7.554822e-01 
 4.050167e+01 -7.584805e-01 
 4.050199e+01 -7.614699e-01 
 4.050231e+01 -7.644552e-01 
 4.050264e+01 -7.674077e-01 
 4.050296e+01 -7.703087e-01 
 4.050328e+01 -7.731288e-01 
 4.050361e+01 -7.758305e-01 
 4.050393e+01 -7.783925e-01 
 4.050425e+01 -7.807927e-01 
 4.050458e+01 -7.829882e-01 
 4.050490e+01 -7.849724e-01 
 4.050522e+01 -7.867621e-01 
 4.050554e+01 -7.883185e-01 
 4.050587e+01 -7.896771e-01 
 4.050619e+01 -7.908862e-01 
 4.050651e+01 -7.919474e-01 
 4.050684e+01 -7.928920e-01 
 4.050716e+01 -7.937079e-01 
 4.050748e+01 -7.943936e-01 
 4.050781e+01 -7.949661e-01 
 4.050813e+01 -7.954362e-01 
 4.050845e+01 -7.957871e-01 
 4.050877e+01 -7.960431e-01 
 4.050910e+01 -7.962208e-01 
 4.050942e+01 -7.962911e-01 
 4.050974e+01 -7.962832e-01 
 4.051007e+01 -7.942376e-01 
 4.051039e+01 -7.942093e-01 
 4.051071e+01 -7.942494e-01 
 4.051104e+01 -7.944176e-01 
 4.051136e+01 -7.947462e-01 
 4.051168e+01 -7.951916e-01 
 4.051200e+01 -7.957504e-01 
 4.051233e+01 -7.963929e-01 
 4.051265e+01 -7.970947e-01 
 4.051297e+01 -7.978178e-01 
 4.051330e+01 -7.985373e-01 
 4.051362e+01 -7.992676e-01 
 4.051394e+01 -8.000352e-01 
 4.051427e+01 -8.008276e-01 
 4.051459e+01 -8.016523e-01 
 4.051491e+01 -8.024598e-01 
 4.051523e+01 -8.031845e-01 
 4.051556e+01 -8.038040e-01 
 4.051588e+01 -8.042813e-01 
 4.051620e+01 -8.045828e-01 
 4.051653e+01 -8.046741e-01 
 4.051685e+01 -8.045361e-01 
 4.051717e+01 -8.041745e-01 
 4.051750e+01 -8.035617e-01 
 4.051782e+01 -8.026895e-01 
 4.051814e+01 -8.016465e-01 
 4.051846e+01 -8.004111e-01 
 4.051879e+01 -7.990478e-01 
 4.051911e+01 -7.976055e-01 
 4.051943e+01 -7.961044e-01 
 4.051976e+01 -7.945521e-01 
 4.052008e+01 -7.929386e-01 
 4.052040e+01 -7.912497e-01 
 4.052072e+01 -7.894264e-01 
 4.052105e+01 -7.874362e-01 
 4.052137e+01 -7.852862e-01 
 4.052169e+01 -7.830235e-01 
 4.052202e+01 -7.806608e-01 
 4.052234e+01 -7.782281e-01 
 4.052266e+01 -7.758018e-01 
 4.052299e+01 -7.733918e-01 
 4.052331e+01 -7.709601e-01 
 4.052363e+01 -7.685275e-01 
 4.052395e+01 -7.660515e-01 
 4.052428e+01 -7.634630e-01 
 4.052460e+01 -7.607155e-01 
 4.052492e+01 -7.577872e-01 
 4.052525e+01 -7.546829e-01 
 4.052557e+01 -7.514130e-01 
 4.052589e+01 -7.480160e-01 
 4.052622e+01 -7.445433e-01 
 4.052654e+01 -7.410475e-01 
 4.052686e+01 -7.375459e-01 
 4.052718e+01 -7.340828e-01 
 4.052751e+01 -7.306534e-01 
 4.052783e+01 -7.272462e-01 
 4.052815e+01 -7.238462e-01 
 4.052848e+01 -7.204099e-01 
 4.052880e+01 -7.169021e-01 
 4.052912e+01 -7.133309e-01 
 4.052945e+01 -7.096795e-01 
 4.052977e+01 -7.059504e-01 
 4.053009e+01 -7.021534e-01 
 4.053041e+01 -6.983067e-01 
 4.053074e+01 -6.946740e-01 
 4.053106e+01 -6.909398e-01 
 4.053138e+01 -6.872809e-01 
 4.053171e+01 -6.837104e-01 
 4.053203e+01 -6.801986e-01 
 4.053235e+01 -6.767237e-01 
 4.053268e+01 -6.732602e-01 
 4.053300e+01 -6.697145e-01 
 4.053332e+01 -6.664436e-01 
 4.053364e+01 -6.629299e-01 
 4.053397e+01 -6.593342e-01 
 4.053429e+01 -6.563545e-01 
 4.053461e+01 -6.531450e-01 
 4.053494e+01 -6.495544e-01 
 4.053526e+01 -6.460633e-01 
 4.053558e+01 -6.427203e-01 
 4.053591e+01 -6.395540e-01 
 4.053623e+01 -6.365790e-01 
 4.053655e+01 -6.337997e-01 
 4.053687e+01 -6.312186e-01 
 4.053720e+01 -6.288382e-01 
 4.053752e+01 -6.266556e-01 
 4.053784e+01 -6.246450e-01 
 4.053817e+01 -6.227828e-01 
 4.053849e+01 -6.210621e-01 
 4.053881e+01 -6.194931e-01 
 4.053914e+01 -6.180854e-01 
 4.053946e+01 -6.168477e-01 
 4.053978e+01 -6.157831e-01 
 4.054010e+01 -6.148656e-01 
 4.054043e+01 -6.140369e-01 
 4.054075e+01 -6.132612e-01 
 4.054107e+01 -6.125454e-01 
 4.054140e+01 -6.118141e-01 
 4.054172e+01 -6.110098e-01 
 4.054204e+01 -6.101744e-01 
 4.054237e+01 -6.092586e-01 
 4.054269e+01 -6.082496e-01 
 4.054301e+01 -6.071252e-01 
 4.054333e+01 -6.059019e-01 
 4.054366e+01 -6.045708e-01 
 4.054398e+01 -6.031190e-01 
 4.054430e+01 -6.015979e-01 
 4.054463e+01 -6.000515e-01 
 4.054495e+01 -5.984536e-01 
 4.054527e+01 -5.968446e-01 
 4.054560e+01 -5.952367e-01 
 4.054592e+01 -5.936357e-01 
 4.054624e+01 -5.920520e-01 
 4.054656e+01 -5.904894e-01 
 4.054689e+01 -5.889401e-01 
 4.054721e+01 -5.874090e-01 
 4.054753e+01 -5.859259e-01 
 4.054786e+01 -5.845033e-01 
 4.054818e+01 -5.831465e-01 
 4.054850e+01 -5.818995e-01 
 4.054883e+01 -5.808008e-01 
 4.054915e+01 -5.798675e-01 
 4.054947e+01 -5.790995e-01 
 4.054979e+01 -5.784864e-01 
 4.055012e+01 -5.780456e-01 
 4.055044e+01 -5.777856e-01 
 4.055076e+01 -5.776915e-01 
 4.055109e+01 -5.777658e-01 
 4.055141e+01 -5.780316e-01 
 4.055173e+01 -5.784577e-01 
 4.055206e+01 -5.790529e-01 
 4.055238e+01 -5.806507e-01 
 4.055270e+01 -5.815307e-01 
 4.055302e+01 -5.825497e-01 
 4.055335e+01 -5.836839e-01 
 4.055367e+01 -5.849725e-01 
 4.055399e+01 -5.863701e-01 
 4.055432e+01 -5.878508e-01 
 4.055464e+01 -5.894400e-01 
 4.055496e+01 -5.911720e-01 
 4.055528e+01 -5.930833e-01 
 4.055561e+01 -5.952108e-01 
 4.055593e+01 -5.975304e-01 
 4.055625e+01 -6.000223e-01 
 4.055658e+01 -6.026553e-01 
 4.055690e+01 -6.053942e-01 
 4.055722e+01 -6.082321e-01 
 4.055755e+01 -6.111334e-01 
 4.055787e+01 -6.140872e-01 
 4.055819e+01 -6.170828e-01 
 4.055851e+01 -6.200737e-01 
 4.055884e+01 -6.231017e-01 
 4.055916e+01 -6.261770e-01 
 4.055948e+01 -6.293128e-01 
 4.055981e+01 -6.325315e-01 
 4.056013e+01 -6.358219e-01 
 4.056045e+01 -6.391637e-01 
 4.056078e+01 -6.424982e-01 
 4.056110e+01 -6.458260e-01 
 4.056142e+01 -6.491009e-01 
 4.056174e+01 -6.523223e-01 
 4.056207e+01 -6.554839e-01 
 4.056239e+01 -6.586262e-01 
 4.056271e+01 -6.617639e-01 
 4.056304e+01 -6.649335e-01 
 4.056336e+01 -6.681496e-01 
 4.056368e+01 -6.714536e-01 
 4.056401e+01 -6.748842e-01 
 4.056433e+01 -6.784321e-01 
 4.056465e+01 -6.820672e-01 
 4.056497e+01 -6.857644e-01 
 4.056530e+01 -6.894941e-01 
 4.056562e+01 -6.932256e-01 
 4.056594e+01 -6.969501e-01 
 4.056627e+01 -7.006346e-01 
 4.056659e+01 -7.042872e-01 
 4.056691e+01 -7.078504e-01 
 4.056724e+01 -7.113739e-01 
 4.056756e+01 -7.149122e-01 
 4.056788e+01 -7.184331e-01 
 4.056820e+01 -7.219742e-01 
 4.056853e+01 -7.255094e-01 
 4.056885e+01 -7.289788e-01 
 4.056917e+01 -7.323512e-01 
 4.056950e+01 -7.355891e-01 
 4.056982e+01 -7.386327e-01 
 4.057014e+01 -7.414757e-01 
 4.057047e+01 -7.441237e-01 
 4.057079e+01 -7.466371e-01 
 4.057111e+01 -7.490349e-01 
 4.057143e+01 -7.513692e-01 
 4.057176e+01 -7.536572e-01 
 4.057208e+01 -7.559093e-01 
 4.057240e+01 -7.581404e-01 
 4.057273e+01 -7.603630e-01 
 4.057305e+01 -7.625694e-01 
 4.057337e+01 -7.647684e-01 
 4.057370e+01 -7.669558e-01 
 4.057402e+01 -7.691544e-01 
 4.057434e+01 -7.713426e-01 
 4.057466e+01 -7.735462e-01 
 4.057499e+01 -7.757933e-01 
 4.057531e+01 -7.781213e-01 
 4.057563e+01 -7.805575e-01 
 4.057596e+01 -7.830898e-01 
 4.057628e+01 -7.856644e-01 
 4.057660e+01 -7.882553e-01 
 4.057693e+01 -7.908279e-01 
 4.057725e+01 -7.933685e-01 
 4.057757e+01 -7.958629e-01 
 4.057789e+01 -7.982568e-01 
 4.057822e+01 -8.005482e-01 
 4.057854e+01 -8.027394e-01 
 4.057886e+01 -8.048733e-01 
 4.057919e+01 -8.073310e-01 
 4.057951e+01 -8.094317e-01 
 4.057983e+01 -8.115441e-01 
 4.058016e+01 -8.136858e-01 
 4.058048e+01 -8.158548e-01 
 4.058080e+01 -8.180122e-01 
 4.058112e+01 -8.201370e-01 
 4.058145e+01 -8.221891e-01 
 4.058177e+01 -8.241480e-01 
 4.058209e+01 -8.260048e-01 
 4.058242e+01 -8.277342e-01 
 4.058274e+01 -8.293311e-01 
 4.058306e+01 -8.308171e-01 
 4.058339e+01 -8.321999e-01 
 4.058371e+01 -8.335243e-01 
 4.058403e+01 -8.347961e-01 
 4.058435e+01 -8.359832e-01 
 4.058468e+01 -8.370649e-01 
 4.058500e+01 -8.379958e-01 
 4.058532e+01 -8.387393e-01 
 4.058565e+01 -8.392511e-01 
 4.058597e+01 -8.395137e-01 
 4.058629e+01 -8.395249e-01 
 4.058662e+01 -8.392919e-01 
 4.058694e+01 -8.388402e-01 
 4.058726e+01 -8.381949e-01 
 4.058758e+01 -8.374012e-01 
 4.058791e+01 -8.364846e-01 
 4.058823e+01 -8.354838e-01 
 4.058855e+01 -8.344046e-01 
 4.058888e+01 -8.332005e-01 
 4.058920e+01 -8.318455e-01 
 4.058952e+01 -8.303237e-01 
 4.058985e+01 -8.286161e-01 
 4.059017e+01 -8.267179e-01 
 4.059049e+01 -8.246382e-01 
 4.059081e+01 -8.223719e-01 
 4.059114e+01 -8.199769e-01 
 4.059146e+01 -8.175162e-01 
 4.059178e+01 -8.149837e-01 
 4.059211e+01 -8.124047e-01 
 4.059243e+01 -8.097907e-01 
 4.059275e+01 -8.071201e-01 
 4.059307e+01 -8.043832e-01 
 4.059340e+01 -8.015303e-01 
 4.059372e+01 -7.985385e-01 
 4.059404e+01 -7.954564e-01 
 4.059437e+01 -7.922644e-01 
 4.059469e+01 -7.889398e-01 
 4.059501e+01 -7.854863e-01 
 4.059534e+01 -7.818910e-01 
 4.059566e+01 -7.781801e-01 
 4.059598e+01 -7.743803e-01 
 4.059630e+01 -7.705060e-01 
 4.059663e+01 -7.665639e-01 
 4.059695e+01 -7.625766e-01 
 4.059727e+01 -7.585432e-01 
 4.059760e+01 -7.544727e-01 
 4.059792e+01 -7.503950e-01 
 4.059824e+01 -7.463259e-01 
 4.059857e+01 -7.423035e-01 
 4.059889e+01 -7.383089e-01 
 4.059921e+01 -7.343669e-01 
 4.059953e+01 -7.304860e-01 
 4.059986e+01 -7.266559e-01 
 4.060018e+01 -7.229047e-01 
 4.060050e+01 -7.192426e-01 
 4.060083e+01 -7.156627e-01 
 4.060115e+01 -7.121616e-01 
 4.060147e+01 -7.087322e-01 
 4.060180e+01 -7.053484e-01 
 4.060212e+01 -7.020404e-01 
 4.060244e+01 -6.987934e-01 
 4.060276e+01 -6.957995e-01 
 4.060309e+01 -6.926993e-01 
 4.060341e+01 -6.896849e-01 
 4.060373e+01 -6.867631e-01 
 4.060406e+01 -6.839060e-01 
 4.060438e+01 -6.815514e-01 
 4.060470e+01 -6.786960e-01 
 4.060503e+01 -6.757662e-01 
 4.060535e+01 -6.728599e-01 
 4.060567e+01 -6.699674e-01 
 4.060599e+01 -6.667980e-01 
 4.060632e+01 -6.635560e-01 
 4.060664e+01 -6.602925e-01 
 4.060696e+01 -6.570328e-01 
 4.060729e+01 -6.537957e-01 
 4.060761e+01 -6.497320e-01 
 4.060793e+01 -6.465828e-01 
 4.060826e+01 -6.434341e-01 
 4.060858e+01 -6.402603e-01 
 4.060890e+01 -6.370504e-01 
 4.060922e+01 -6.338111e-01 
 4.060955e+01 -6.305619e-01 
 4.060987e+01 -6.273266e-01 
 4.061019e+01 -6.241309e-01 
 4.061052e+01 -6.209829e-01 
 4.061084e+01 -6.178956e-01 
 4.061116e+01 -6.148577e-01 
 4.061149e+01 -6.116334e-01 
 4.061181e+01 -6.087985e-01 
 4.061213e+01 -6.061019e-01 
 4.061245e+01 -6.034962e-01 
 4.061278e+01 -6.009084e-01 
 4.061310e+01 -5.983712e-01 
 4.061342e+01 -5.958590e-01 
 4.061375e+01 -5.933586e-01 
 4.061407e+01 -5.908888e-01 
 4.061439e+01 -5.884807e-01 
 4.061472e+01 -5.861207e-01 
 4.061504e+01 -5.838513e-01 
 4.061536e+01 -5.816631e-01 
 4.061568e+01 -5.795921e-01 
 4.061601e+01 -5.776440e-01 
 4.061633e+01 -5.758177e-01 
 4.061665e+01 -5.741007e-01 
 4.061698e+01 -5.725146e-01 
 4.061730e+01 -5.710477e-01 
 4.061762e+01 -5.697009e-01 
 4.061795e+01 -5.684678e-01 
 4.061827e+01 -5.673514e-01 
 4.061859e+01 -5.663705e-01 
 4.061891e+01 -5.655301e-01 
 4.061924e+01 -5.648113e-01 
 4.061956e+01 -5.642389e-01 
 4.061988e+01 -5.638155e-01 
 4.062021e+01 -5.635582e-01 
 4.062053e+01 -5.634437e-01 
 4.062085e+01 -5.634582e-01 
 4.062118e+01 -5.635904e-01 
 4.062150e+01 -5.638217e-01 
 4.062182e+01 -5.641348e-01 
 4.062214e+01 -5.645283e-01 
 4.062247e+01 -5.650107e-01 
 4.062279e+01 -5.655712e-01 
 4.062311e+01 -5.662230e-01 
 4.062344e+01 -5.669861e-01 
 4.062376e+01 -5.678817e-01 
 4.062408e+01 -5.689113e-01 
 4.062440e+01 -5.700798e-01 
 4.062473e+01 -5.713798e-01 
 4.062505e+01 -5.728187e-01 
 4.062537e+01 -5.743839e-01 
 4.062570e+01 -5.760817e-01 
 4.062602e+01 -5.779273e-01 
 4.062634e+01 -5.799245e-01 
 4.062667e+01 -5.821148e-01 
 4.062699e+01 -5.845001e-01 
 4.062731e+01 -5.870267e-01 
 4.062763e+01 -5.896782e-01 
 4.062796e+01 -5.924296e-01 
 4.062828e+01 -5.952474e-01 
 4.062860e+01 -5.981220e-01 
 4.062893e+01 -6.010572e-01 
 4.062925e+01 -6.040538e-01 
 4.062957e+01 -6.071295e-01 
 4.062990e+01 -6.102933e-01 
 4.063022e+01 -6.135142e-01 
 4.063054e+01 -6.167714e-01 
 4.063086e+01 -6.200471e-01 
 4.063119e+01 -6.233242e-01 
 4.063151e+01 -6.265759e-01 
 4.063183e+01 -6.297933e-01 
 4.063216e+01 -6.330038e-01 
 4.063248e+01 -6.362008e-01 
 4.063280e+01 -6.393832e-01 
 4.063313e+01 -6.425650e-01 
 4.063345e+01 -6.457199e-01 
 4.063377e+01 -6.488425e-01 
 4.063409e+01 -6.519450e-01 
 4.063442e+01 -6.549945e-01 
 4.063474e+01 -6.579864e-01 
 4.063506e+01 -6.609372e-01 
 4.063539e+01 -6.638748e-01 
 4.063571e+01 -6.668076e-01 
 4.063603e+01 -6.697625e-01 
 4.063636e+01 -6.727378e-01 
 4.063668e+01 -6.757300e-01 
 4.063700e+01 -6.787572e-01 
 4.063732e+01 -6.817945e-01 
 4.063765e+01 -6.848747e-01 
 4.063797e+01 -6.879764e-01 
 4.063829e+01 -6.910982e-01 
 4.063862e+01 -6.942676e-01 
 4.063894e+01 -6.974464e-01 
 4.063926e+01 -7.006470e-01 
 4.063959e+01 -7.038630e-01 
 4.063991e+01 -7.070968e-01 
 4.064023e+01 -7.103337e-01 
 4.064055e+01 -7.136207e-01 
 4.064088e+01 -7.169685e-01 
 4.064120e+01 -7.203715e-01 
 4.064152e+01 -7.238359e-01 
 4.064185e+01 -7.273850e-01 
 4.064217e+01 -7.309854e-01 
 4.064249e+01 -7.346373e-01 
 4.064282e+01 -7.383070e-01 
 4.064314e+01 -7.419732e-01 
 4.064346e+01 -7.456215e-01 
 4.064378e+01 -7.492330e-01 
 4.064411e+01 -7.528069e-01 
 4.064443e+01 -7.563360e-01 
 4.064475e+01 -7.598322e-01 
 4.064508e+01 -7.633377e-01 
 4.064540e+01 -7.668363e-01 
 4.064572e+01 -7.703252e-01 
 4.064605e+01 -7.738084e-01 
 4.064637e+01 -7.772661e-01 
 4.064669e+01 -7.806750e-01 
 4.064701e+01 -7.840152e-01 
 4.064734e+01 -7.872691e-01 
 4.064766e+01 -7.904402e-01 
 4.064798e+01 -7.935115e-01 
 4.064831e+01 -7.964930e-01 
 4.064863e+01 -7.994084e-01 
 4.064895e+01 -8.022499e-01 
 4.064928e+01 -8.050335e-01 
 4.064960e+01 -8.077790e-01 
 4.064992e+01 -8.105091e-01 
 4.065024e+01 -8.132081e-01 
 4.065057e+01 -8.158575e-01 
 4.065089e+01 -8.184171e-01 
 4.065121e+01 -8.208553e-01 
 4.065154e+01 -8.231467e-01 
 4.065186e+01 -8.252820e-01 
 4.065218e+01 -8.272566e-01 
 4.065251e+01 -8.290688e-01 
 4.065283e+01 -8.307414e-01 
 4.065315e+01 -8.322778e-01 
 4.065347e+01 -8.336982e-01 
 4.065380e+01 -8.350115e-01 
 4.065412e+01 -8.362154e-01 
 4.065444e+01 -8.373212e-01 
 4.065477e+01 -8.383463e-01 
 4.065509e+01 -8.392748e-01 
 4.065541e+01 -8.400759e-01 
 4.065574e+01 -8.407220e-01 
 4.065606e+01 -8.411970e-01 
 4.065638e+01 -8.414714e-01 
 4.065670e+01 -8.415188e-01 
 4.065703e+01 -8.413320e-01 
 4.065735e+01 -8.385582e-01 
 4.065767e+01 -8.379734e-01 
 4.065800e+01 -8.372538e-01 
 4.065832e+01 -8.364437e-01 
 4.065864e+01 -8.355595e-01 
 4.065897e+01 -8.345921e-01 
 4.065929e+01 -8.335295e-01 
 4.065961e+01 -8.323446e-01 
 4.065993e+01 -8.310021e-01 
 4.066026e+01 -8.294907e-01 
 4.066058e+01 -8.278206e-01 
 4.066090e+01 -8.260004e-01 
 4.066123e+01 -8.240612e-01 
 4.066155e+01 -8.220569e-01 
 4.066187e+01 -8.200157e-01 
 4.066219e+01 -8.179528e-01 
 4.066252e+01 -8.158895e-01 
 4.066284e+01 -8.138113e-01 
 4.066316e+01 -8.117142e-01 
 4.066349e+01 -8.095931e-01 
 4.066381e+01 -8.074356e-01 
 4.066413e+01 -8.052378e-01 
 4.066446e+01 -8.029901e-01 
 4.066478e+01 -8.006959e-01 
 4.066510e+01 -7.983610e-01 
 4.066542e+01 -7.959211e-01 
 4.066575e+01 -7.933966e-01 
 4.066607e+01 -7.908733e-01 
 4.066639e+01 -7.884153e-01 
 4.066672e+01 -7.860360e-01 
 4.066704e+01 -7.837190e-01 
 4.066736e+01 -7.814460e-01 
 4.066769e+01 -7.791510e-01 
 4.066801e+01 -7.768101e-01 
 4.066833e+01 -7.744029e-01 
 4.066865e+01 -7.719288e-01 
 4.066898e+01 -7.693546e-01 
 4.066930e+01 -7.668698e-01 
 4.066962e+01 -7.642356e-01 
 4.066995e+01 -7.614299e-01 
 4.067027e+01 -7.585991e-01 
 4.067059e+01 -7.557481e-01 
 4.067092e+01 -7.529064e-01 
 4.067124e+01 -7.500292e-01 
 4.067156e+01 -7.470333e-01 
 4.067188e+01 -7.438717e-01 
 4.067221e+01 -7.405354e-01 
 4.067253e+01 -7.370328e-01 
 4.067285e+01 -7.333719e-01 
 4.067318e+01 -7.296202e-01 
 4.067350e+01 -7.258331e-01 
 4.067382e+01 -7.220151e-01 
 4.067415e+01 -7.181776e-01 
 4.067447e+01 -7.143699e-01 
 4.067479e+01 -7.105792e-01 
 4.067511e+01 -7.067897e-01 
 4.067544e+01 -7.030060e-01 
 4.067576e+01 -6.991833e-01 
 4.067608e+01 -6.953068e-01 
 4.067641e+01 -6.913754e-01 
 4.067673e+01 -6.873875e-01 
 4.067705e+01 -6.833522e-01 
 4.067738e+01 -6.792800e-01 
 4.067770e+01 -6.752423e-01 
 4.067802e+01 -6.712762e-01 
 4.067834e+01 -6.673854e-01 
 4.067867e+01 -6.635896e-01 
 4.067899e+01 -6.598768e-01 
 4.067931e+01 -6.562296e-01 
 4.067964e+01 -6.526106e-01 
 4.067996e+01 -6.490052e-01 
 4.068028e+01 -6.453925e-01 
 4.068061e+01 -6.417453e-01 
 4.068093e+01 -6.380729e-01 
 4.068125e+01 -6.343749e-01 
 4.068157e+01 -6.306635e-01 
 4.068190e+01 -6.269604e-01 
 4.068222e+01 -6.233058e-01 
 4.068254e+01 -6.197496e-01 
 4.068287e+01 -6.162586e-01 
 4.068319e+01 -6.128680e-01 
 4.068351e+01 -6.095416e-01 
 4.068384e+01 -6.062446e-01 
 4.068416e+01 -6.030189e-01 
 4.068448e+01 -5.997699e-01 
 4.068480e+01 -5.967362e-01 
 4.068513e+01 -5.938315e-01 
 4.068545e+01 -5.910099e-01 
 4.068577e+01 -5.882581e-01 
 4.068610e+01 -5.856103e-01 
 4.068642e+01 -5.830957e-01 
 4.068674e+01 -5.807682e-01 
 4.068707e+01 -5.786302e-01 
 4.068739e+01 -5.766624e-01 
 4.068771e+01 -5.748346e-01 
 4.068803e+01 -5.731292e-01 
 4.068836e+01 -5.715392e-01 
 4.068868e+01 -5.700482e-01 
 4.068900e+01 -5.686640e-01 
 4.068933e+01 -5.673871e-01 
 4.068965e+01 -5.662278e-01 
 4.068997e+01 -5.651995e-01 
 4.069030e+01 -5.643088e-01 
 4.069062e+01 -5.635909e-01 
 4.069094e+01 -5.630582e-01 
 4.069126e+01 -5.627208e-01 
 4.069159e+01 -5.625687e-01 
 4.069191e+01 -5.625732e-01 
 4.069223e+01 -5.627103e-01 
 4.069256e+01 -5.630030e-01 
 4.069288e+01 -5.634598e-01 
 4.069320e+01 -5.640585e-01 
 4.069353e+01 -5.647865e-01 
 4.069385e+01 -5.656213e-01 
 4.069417e+01 -5.665504e-01 
 4.069449e+01 -5.675707e-01 
 4.069482e+01 -5.686837e-01 
 4.069514e+01 -5.698776e-01 
 4.069546e+01 -5.711453e-01 
 4.069579e+01 -5.724941e-01 
 4.069611e+01 -5.739362e-01 
 4.069643e+01 -5.754534e-01 
 4.069675e+01 -5.770053e-01 
 4.069708e+01 -5.785728e-01 
 4.069740e+01 -5.801540e-01 
 4.069772e+01 -5.817442e-01 
 4.069805e+01 -5.833536e-01 
 4.069837e+01 -5.849929e-01 
 4.069869e+01 -5.866614e-01 
 4.069902e+01 -5.883664e-01 
 4.069934e+01 -5.901345e-01 
 4.069966e+01 -5.919705e-01 
 4.069998e+01 -5.938605e-01 
 4.070031e+01 -5.958016e-01 
 4.070063e+01 -5.977928e-01 
 4.070095e+01 -5.997909e-01 
 4.070128e+01 -6.017941e-01 
 4.070160e+01 -6.038039e-01 
 4.070192e+01 -6.058560e-01 
 4.070225e+01 -6.079970e-01 
 4.070257e+01 -6.102791e-01 
 4.070289e+01 -6.126994e-01 
 4.070321e+01 -6.152640e-01 
 4.070354e+01 -6.179381e-01 
 4.070386e+01 -6.207198e-01 
 4.070418e+01 -6.235878e-01 
 4.070451e+01 -6.265094e-01 
 4.070483e+01 -6.294787e-01 
 4.070515e+01 -6.325038e-01 
 4.070548e+01 -6.355385e-01 
 4.070580e+01 -6.385675e-01 
 4.070612e+01 -6.416167e-01 
 4.070644e+01 -6.447191e-01 
 4.070677e+01 -6.478885e-01 
 4.070709e+01 -6.511509e-01 
 4.070741e+01 -6.545209e-01 
 4.070774e+01 -6.579561e-01 
 4.070806e+01 -6.614198e-01 
 4.070838e+01 -6.648768e-01 
 4.070871e+01 -6.683375e-01 
 4.070903e+01 -6.717394e-01 
 4.070935e+01 -6.751071e-01 
 4.070967e+01 -6.784834e-01 
 4.071000e+01 -6.818216e-01 
 4.071032e+01 -6.851610e-01 
 4.071064e+01 -6.885223e-01 
 4.071097e+01 -6.919566e-01 
 4.071129e+01 -6.954821e-01 
 4.071161e+01 -6.991045e-01 
 4.071194e+01 -7.027899e-01 
 4.071226e+01 -7.065134e-01 
 4.071258e+01 -7.102139e-01 
 4.071290e+01 -7.139016e-01 
 4.071323e+01 -7.175424e-01 
 4.071355e+01 -7.211417e-01 
 4.071387e+01 -7.246961e-01 
 4.071420e+01 -7.282088e-01 
 4.071452e+01 -7.317153e-01 
 4.071484e+01 -7.352310e-01 
 4.071517e+01 -7.387721e-01 
 4.071549e+01 -7.423642e-01 
 4.071581e+01 -7.459884e-01 
 4.071613e+01 -7.496223e-01 
 4.071646e+01 -7.532122e-01 
 4.071678e+01 -7.567205e-01 
 4.071710e+01 -7.601095e-01 
 4.071743e+01 -7.633658e-01 
 4.071775e+01 -7.664852e-01 
 4.071807e+01 -7.694971e-01 
 4.071840e+01 -7.724230e-01 
 4.071872e+01 -7.752899e-01 
 4.071904e+01 -7.781190e-01 
 4.071936e+01 -7.809256e-01 
 4.071969e+01 -7.836862e-01 
 4.072001e+01 -7.863848e-01 
 4.072033e+01 -7.890044e-01 
 4.072066e+01 -7.920868e-01 
 4.072098e+01 -7.944200e-01 
 4.072130e+01 -7.966182e-01 
 4.072163e+01 -7.986885e-01 
 4.072195e+01 -8.006449e-01 
 4.072227e+01 -8.025083e-01 
 4.072259e+01 -8.043083e-01 
 4.072292e+01 -8.060557e-01 
 4.072324e+01 -8.077447e-01 
 4.072356e+01 -8.093512e-01 
 4.072389e+01 -8.108673e-01 
 4.072421e+01 -8.122694e-01 
 4.072453e+01 -8.135321e-01 
 4.072486e+01 -8.146425e-01 
 4.072518e+01 -8.155939e-01 
 4.072550e+01 -8.163936e-01 
 4.072582e+01 -8.170674e-01 
 4.072615e+01 -8.176295e-01 
 4.072647e+01 -8.180875e-01 
 4.072679e+01 -8.184686e-01 
 4.072712e+01 -8.187991e-01 
 4.072744e+01 -8.191065e-01 
 4.072776e+01 -8.194012e-01 
 4.072809e+01 -8.196597e-01 
 4.072841e+01 -8.198754e-01 
 4.072873e+01 -8.200504e-01 
 4.072905e+01 -8.201866e-01 
 4.072938e+01 -8.202766e-01 
 4.072970e+01 -8.203033e-01 
 4.073002e+01 -8.202846e-01 
 4.073035e+01 -8.202512e-01 
 4.073067e+01 -8.201930e-01 
 4.073099e+01 -8.200980e-01 
 4.073131e+01 -8.200087e-01 
 4.073164e+01 -8.199256e-01 
 4.073196e+01 -8.198138e-01 
 4.073228e+01 -8.196431e-01 
 4.073261e+01 -8.193919e-01 
 4.073293e+01 -8.190226e-01 
 4.073325e+01 -8.185007e-01 
 4.073358e+01 -8.178462e-01 
 4.073390e+01 -8.170586e-01 
 4.073422e+01 -8.161463e-01 
 4.073454e+01 -8.151179e-01 
 4.073487e+01 -8.139986e-01 
 4.073519e+01 -8.128183e-01 
 4.073551e+01 -8.115767e-01 
 4.073584e+01 -8.102648e-01 
 4.073616e+01 -8.088772e-01 
 4.073648e+01 -8.073859e-01 
 4.073681e+01 -8.054613e-01 
 4.073713e+01 -8.037309e-01 
 4.073745e+01 -8.018654e-01 
 4.073777e+01 -7.997843e-01 
 4.073810e+01 -7.975343e-01 
 4.073842e+01 -7.953469e-01 
 4.073874e+01 -7.930841e-01 
 4.073907e+01 -7.907964e-01 
 4.073939e+01 -7.884941e-01 
 4.073971e+01 -7.861712e-01 
 4.074004e+01 -7.838281e-01 
 4.074036e+01 -7.814421e-01 
 4.074068e+01 -7.790079e-01 
 4.074100e+01 -7.765154e-01 
 4.074133e+01 -7.739612e-01 
 4.074165e+01 -7.713370e-01 
 4.074197e+01 -7.686307e-01 
 4.074230e+01 -7.658457e-01 
 4.074262e+01 -7.629814e-01 
 4.074294e+01 -7.600311e-01 
 4.074327e+01 -7.569999e-01 
 4.074359e+01 -7.538955e-01 
 4.074391e+01 -7.507304e-01 
 4.074423e+01 -7.475207e-01 
 4.074456e+01 -7.442541e-01 
 4.074488e+01 -7.409336e-01 
 4.074520e+01 -7.375503e-01 
 4.074553e+01 -7.341038e-01 
 4.074585e+01 -7.306078e-01 
 4.074617e+01 -7.270441e-01 
 4.074650e+01 -7.234187e-01 
 4.074682e+01 -7.197345e-01 
 4.074714e+01 -7.160031e-01 
 4.074746e+01 -7.122638e-01 
 4.074779e+01 -7.085533e-01 
 4.074811e+01 -7.048723e-01 
 4.074843e+01 -7.012085e-01 
 4.074876e+01 -6.975660e-01 
 4.074908e+01 -6.939337e-01 
 4.074940e+01 -6.903093e-01 
 4.074973e+01 -6.866757e-01 
 4.075005e+01 -6.830284e-01 
 4.075037e+01 -6.793873e-01 
 4.075069e+01 -6.757642e-01 
 4.075102e+01 -6.721791e-01 
 4.075134e+01 -6.686215e-01 
 4.075166e+01 -6.650882e-01 
 4.075199e+01 -6.616201e-01 
 4.075231e+01 -6.582224e-01 
 4.075263e+01 -6.548798e-01 
 4.075296e+01 -6.515958e-01 
 4.075328e+01 -6.483684e-01 
 4.075360e+01 -6.452016e-01 
 4.075392e+01 -6.421033e-01 
 4.075425e+01 -6.391062e-01 
 4.075457e+01 -6.361983e-01 
 4.075489e+01 -6.333509e-01 
 4.075522e+01 -6.305865e-01 
 4.075554e+01 -6.279222e-01 
 4.075586e+01 -6.253617e-01 
 4.075619e+01 -6.229142e-01 
 4.075651e+01 -6.205941e-01 
 4.075683e+01 -6.183918e-01 
 4.075715e+01 -6.162878e-01 
 4.075748e+01 -6.143091e-01 
 4.075780e+01 -6.124200e-01 
 4.075812e+01 -6.105842e-01 
 4.075845e+01 -6.088343e-01 
 4.075877e+01 -6.071585e-01 
 4.075909e+01 -6.055676e-01 
 4.075942e+01 -6.040464e-01 
 4.075974e+01 -6.026292e-01 
 4.076006e+01 -6.013114e-01 
 4.076038e+01 -6.000782e-01 
 4.076071e+01 -5.989127e-01 
 4.076103e+01 -5.978088e-01 
 4.076135e+01 -5.967285e-01 
 4.076168e+01 -5.956727e-01 
 4.076200e+01 -5.946186e-01 
 4.076232e+01 -5.935750e-01 
 4.076265e+01 -5.925372e-01 
 4.076297e+01 -5.915108e-01 
 4.076329e+01 -5.905146e-01 
 4.076361e+01 -5.895772e-01 
 4.076394e+01 -5.894706e-01 
 4.076426e+01 -5.887404e-01 
 4.076458e+01 -5.881012e-01 
 4.076491e+01 -5.875692e-01 
 4.076523e+01 -5.871490e-01 
 4.076555e+01 -5.873791e-01 
 4.076587e+01 -5.870804e-01 
 4.076620e+01 -5.868106e-01 
 4.076652e+01 -5.865878e-01 
 4.076684e+01 -5.863973e-01 
 4.076717e+01 -5.862744e-01 
 4.076749e+01 -5.862442e-01 
 4.076781e+01 -5.863187e-01 
 4.076814e+01 -5.865254e-01 
 4.076846e+01 -5.868726e-01 
 4.076878e+01 -5.873591e-01 
 4.076910e+01 -5.879760e-01 
 4.076943e+01 -5.886765e-01 
 4.076975e+01 -5.894504e-01 
 4.077007e+01 -5.902497e-01 
 4.077040e+01 -5.910653e-01 
 4.077072e+01 -5.919093e-01 
 4.077104e+01 -5.927845e-01 
 4.077137e+01 -5.937037e-01 
 4.077169e+01 -5.946946e-01 
 4.077201e+01 -5.957835e-01 
 4.077233e+01 -5.969910e-01 
 4.077266e+01 -5.983292e-01 
 4.077298e+01 -5.998094e-01 
 4.077330e+01 -6.014314e-01 
 4.077363e+01 -6.031567e-01 
 4.077395e+01 -6.049832e-01 
 4.077427e+01 -6.068931e-01 
 4.077460e+01 -6.088542e-01 
 4.077492e+01 -6.108750e-01 
 4.077524e+01 -6.129775e-01 
 4.077556e+01 -6.151882e-01 
 4.077589e+01 -6.174924e-01 
 4.077621e+01 -6.199208e-01 
 4.077653e+01 -6.225008e-01 
 4.077686e+01 -6.252800e-01 
 4.077718e+01 -6.282146e-01 
 4.077750e+01 -6.312760e-01 
 4.077783e+01 -6.344090e-01 
 4.077815e+01 -6.375976e-01 
 4.077847e+01 -6.408117e-01 
 4.077879e+01 -6.440064e-01 
 4.077912e+01 -6.472151e-01 
 4.077944e+01 -6.504717e-01 
 4.077976e+01 -6.537694e-01 
 4.078009e+01 -6.571213e-01 
 4.078041e+01 -6.605468e-01 
 4.078073e+01 -6.640481e-01 
 4.078106e+01 -6.675954e-01 
 4.078138e+01 -6.711733e-01 
 4.078170e+01 -6.747595e-01 
 4.078202e+01 -6.783179e-01 
 4.078235e+01 -6.818427e-01 
 4.078267e+01 -6.853321e-01 
 4.078299e+01 -6.887972e-01 
 4.078332e+01 -6.921909e-01 
 4.078364e+01 -6.955452e-01 
 4.078396e+01 -6.989052e-01 
 4.078429e+01 -7.022423e-01 
 4.078461e+01 -7.055791e-01 
 4.078493e+01 -7.089087e-01 
 4.078525e+01 -7.122262e-01 
 4.078558e+01 -7.155177e-01 
 4.078590e+01 -7.187608e-01 
 4.078622e+01 -7.219023e-01 
 4.078655e+01 -7.249373e-01 
 4.078687e+01 -7.278536e-01 
 4.078719e+01 -7.306843e-01 
 4.078752e+01 -7.334024e-01 
 4.078784e+01 -7.360314e-01 
 4.078816e+01 -7.385901e-01 
 4.078848e+01 -7.411175e-01 
 4.078881e+01 -7.436320e-01 
 4.078913e+01 -7.461289e-01 
 4.078945e+01 -7.485709e-01 
 4.078978e+01 -7.509199e-01 
 4.079010e+01 -7.531655e-01 
 4.079042e+01 -7.553252e-01 
 4.079075e+01 -7.573801e-01 
 4.079107e+01 -7.593566e-01 
 4.079139e+01 -7.612699e-01 
 4.079171e+01 -7.631489e-01 
 4.079204e+01 -7.650201e-01 
 4.079236e+01 -7.668909e-01 
 4.079268e+01 -7.687745e-01 
 4.079301e+01 -7.706743e-01 
 4.079333e+01 -7.725738e-01 
 4.079365e+01 -7.744604e-01 
 4.079398e+01 -7.763024e-01 
 4.079430e+01 -7.780630e-01 
 4.079462e+01 -7.797400e-01 
 4.079494e+01 -7.813230e-01 
 4.079527e+01 -7.828346e-01 
 4.079559e+01 -7.842869e-01 
 4.079591e+01 -7.857002e-01 
 4.079624e+01 -7.870804e-01 
 4.079656e+01 -7.884436e-01 
 4.079688e+01 -7.898010e-01 
 4.079721e+01 -7.911463e-01 
 4.079753e+01 -7.924427e-01 
 4.079785e+01 -7.936484e-01 
 4.079817e+01 -7.947316e-01 
 4.079850e+01 -7.956727e-01 
 4.079882e+01 -7.964700e-01 
 4.079914e+01 -7.971362e-01 
 4.079947e+01 -7.976832e-01 
 4.079979e+01 -7.981402e-01 
 4.080011e+01 -7.985470e-01 
 4.080043e+01 -7.989080e-01 
 4.080076e+01 -7.992097e-01 
 4.080108e+01 -7.994566e-01 
 4.080140e+01 -7.996312e-01 
 4.080173e+01 -7.997335e-01 
 4.080205e+01 -7.997647e-01 
 4.080237e+01 -7.996336e-01 
 4.080270e+01 -7.995310e-01 
 4.080302e+01 -7.993777e-01 
 4.080334e+01 -7.991733e-01 
 4.080366e+01 -7.989124e-01 
 4.080399e+01 -7.985897e-01 
 4.080431e+01 -7.982144e-01 
 4.080463e+01 -7.978124e-01 
 4.080496e+01 -7.973699e-01 
 4.080528e+01 -7.968705e-01 
 4.080560e+01 -7.958394e-01 
 4.080593e+01 -7.952296e-01 
 4.080625e+01 -7.944198e-01 
 4.080657e+01 -7.934417e-01 
 4.080689e+01 -7.925670e-01 
 4.080722e+01 -7.915899e-01 
 4.080754e+01 -7.905359e-01 
 4.080786e+01 -7.894306e-01 
 4.080819e+01 -7.882632e-01 
 4.080851e+01 -7.870415e-01 
 4.080883e+01 -7.857729e-01 
 4.080916e+01 -7.844367e-01 
 4.080948e+01 -7.830197e-01 
 4.080980e+01 -7.814867e-01 
 4.081012e+01 -7.798230e-01 
 4.081045e+01 -7.780395e-01 
 4.081077e+01 -7.761397e-01 
 4.081109e+01 -7.741519e-01 
 4.081142e+01 -7.720991e-01 
 4.081174e+01 -7.699845e-01 
 4.081206e+01 -7.678230e-01 
 4.081239e+01 -7.656055e-01 
 4.081271e+01 -7.633199e-01 
 4.081303e+01 -7.609383e-01 
 4.081335e+01 -7.584666e-01 
 4.081368e+01 -7.558950e-01 
 4.081400e+01 -7.532318e-01 
 4.081432e+01 -7.504803e-01 
 4.081465e+01 -7.476501e-01 
 4.081497e+01 -7.447715e-01 
 4.081529e+01 -7.418494e-01 
 4.081562e+01 -7.389169e-01 
 4.081594e+01 -7.359766e-01 
 4.081626e+01 -7.330229e-01 
 4.081658e+01 -7.300687e-01 
 4.081691e+01 -7.271180e-01 
 4.081723e+01 -7.241656e-01 
 4.081755e+01 -7.212229e-01 
 4.081788e+01 -7.182866e-01 
 4.081820e+01 -7.153490e-01 
 4.081852e+01 -7.124435e-01 
 4.081885e+01 -7.095795e-01 
 4.081917e+01 -7.067729e-01 
 4.081949e+01 -7.040390e-01 
 4.081981e+01 -7.013925e-01 
 4.082014e+01 -6.988432e-01 
 4.082046e+01 -6.963760e-01 
 4.082078e+01 -6.939964e-01 
 4.082111e+01 -6.916800e-01 
 4.082143e+01 -6.894144e-01 
 4.082175e+01 -6.872005e-01 
 4.082208e+01 -6.850459e-01 
 4.082240e+01 -6.829342e-01 
 4.082272e+01 -6.808514e-01 
 4.082304e+01 -6.788210e-01 
 4.082337e+01 -6.768226e-01 
 4.082369e+01 -6.748452e-01 
 4.082401e+01 -6.728777e-01 
 4.082434e+01 -6.708963e-01 
 4.082466e+01 -6.689013e-01 
 4.082498e+01 -6.669132e-01 
 4.082531e+01 -6.649318e-01 
 4.082563e+01 -6.629470e-01 
 4.082595e+01 -6.609539e-01 
 4.082627e+01 -6.589619e-01 
 4.082660e+01 -6.569694e-01 
 4.082692e+01 -6.549597e-01 
 4.082724e+01 -6.529419e-01 
 4.082757e+01 -6.509264e-01 
 4.082789e+01 -6.489051e-01 
 4.082821e+01 -6.468654e-01 
 4.082854e+01 -6.448851e-01 
 4.082886e+01 -6.429315e-01 
 4.082918e+01 -6.409806e-01 
 4.082950e+01 -6.390929e-01 
 4.082983e+01 -6.372375e-01 
 4.083015e+01 -6.354283e-01 
 4.083047e+01 -6.336614e-01 
 4.083080e+01 -6.319541e-01 
 4.083112e+01 -6.302929e-01 
 4.083144e+01 -6.287005e-01 
 4.083177e+01 -6.271598e-01 
 4.083209e+01 -6.256733e-01 
 4.083241e+01 -6.242244e-01 
 4.083273e+01 -6.228197e-01 
 4.083306e+01 -6.214580e-01 
 4.083338e+01 -6.201574e-01 
 4.083370e+01 -6.189316e-01 
 4.083403e+01 -6.178011e-01 
 4.083435e+01 -6.167692e-01 
 4.083467e+01 -6.158410e-01 
 4.083499e+01 -6.150092e-01 
 4.083532e+01 -6.142627e-01 
 4.083564e+01 -6.135698e-01 
 4.083596e+01 -6.129336e-01 
 4.083629e+01 -6.123435e-01 
 4.083661e+01 -6.118053e-01 
 4.083693e+01 -6.113256e-01 
 4.083726e+01 -6.109200e-01 
 4.083758e+01 -6.106118e-01 
 4.083790e+01 -6.104021e-01 
 4.083822e+01 -6.102980e-01 
 4.083855e+01 -6.102950e-01 
 4.083887e+01 -6.103783e-01 
 4.083919e+01 -6.105382e-01 
 4.083952e+01 -6.107824e-01 
 4.083984e+01 -6.111044e-01 
 4.084016e+01 -6.115042e-01 
 4.084049e+01 -6.119869e-01 
 4.084081e+01 -6.125709e-01 
 4.084113e+01 -6.132576e-01 
 4.084145e+01 -6.140568e-01 
 4.084178e+01 -6.149674e-01 
 4.084210e+01 -6.159833e-01 
 4.084242e+01 -6.170921e-01 
 4.084275e+01 -6.182822e-01 
 4.084307e+01 -6.195482e-01 
 4.084339e+01 -6.208793e-01 
 4.084372e+01 -6.222760e-01 
 4.084404e+01 -6.237321e-01 
 4.084436e+01 -6.252449e-01 
 4.084468e+01 -6.268201e-01 
 4.084501e+01 -6.284816e-01 
 4.084533e+01 -6.302318e-01 
 4.084565e+01 -6.320807e-01 
 4.084598e+01 -6.340220e-01 
 4.084630e+01 -6.360512e-01 
 4.084662e+01 -6.381663e-01 
 4.084695e+01 -6.403384e-01 
 4.084727e+01 -6.425514e-01 
 4.084759e+01 -6.448107e-01 
 4.084791e+01 -6.470966e-01 
 4.084824e+01 -6.494168e-01 
 4.084856e+01 -6.517815e-01 
 4.084888e+01 -6.541743e-01 
 4.084921e+01 -6.566106e-01 
 4.084953e+01 -6.590896e-01 
 4.084985e+01 -6.615893e-01 
 4.085018e+01 -6.641043e-01 
 4.085050e+01 -6.666451e-01 
 4.085082e+01 -6.691847e-01 
 4.085114e+01 -6.716569e-01 
 4.085147e+01 -6.740870e-01 
 4.085179e+01 -6.764837e-01 
 4.085211e+01 -6.788086e-01 
 4.085244e+01 -6.811107e-01 
 4.085276e+01 -6.833764e-01 
 4.085308e+01 -6.856221e-01 
 4.085341e+01 -6.878723e-01 
 4.085373e+01 -6.901303e-01 
 4.085405e+01 -6.923882e-01 
 4.085437e+01 -6.946548e-01 
 4.085470e+01 -6.969005e-01 
 4.085502e+01 -6.991202e-01 
 4.085534e+01 -7.012821e-01 
 4.085567e+01 -7.033843e-01 
 4.085599e+01 -7.054400e-01 
 4.085631e+01 -7.074574e-01 
 4.085664e+01 -7.094661e-01 
 4.085696e+01 -7.115053e-01 
 4.085728e+01 -7.135662e-01 
 4.085760e+01 -7.156637e-01 
 4.085793e+01 -7.177907e-01 
 4.085825e+01 -7.199598e-01 
 4.085857e+01 -7.221247e-01 
 4.085890e+01 -7.242748e-01 
 4.085922e+01 -7.264003e-01 
 4.085954e+01 -7.284910e-01 
 4.085987e+01 -7.305480e-01 
 4.086019e+01 -7.325699e-01 
 4.086051e+01 -7.345638e-01 
 4.086083e+01 -7.365188e-01 
 4.086116e+01 -7.384428e-01 
 4.086148e+01 -7.417796e-01 
 4.086180e+01 -7.436155e-01 
 4.086213e+01 -7.454157e-01 
 4.086245e+01 -7.471815e-01 
 4.086277e+01 -7.488947e-01 
 4.086310e+01 -7.505532e-01 
 4.086342e+01 -7.521576e-01 
 4.086374e+01 -7.536981e-01 
 4.086406e+01 -7.551753e-01 
 4.086439e+01 -7.565962e-01 
 4.086471e+01 -7.579623e-01 
 4.086503e+01 -7.592755e-01 
 4.086536e+01 -7.605477e-01 
 4.086568e+01 -7.617872e-01 
 4.086600e+01 -7.629911e-01 
 4.086633e+01 -7.641716e-01 
 4.086665e+01 -7.653245e-01 
 4.086697e+01 -7.664318e-01 
 4.086729e+01 -7.674891e-01 
 4.086762e+01 -7.684843e-01 
 4.086794e+01 -7.694322e-01 
 4.086826e+01 -7.703286e-01 
 4.086859e+01 -7.711798e-01 
 4.086891e+01 -7.719792e-01 
 4.086923e+01 -7.727408e-01 
 4.086955e+01 -7.735005e-01 
 4.086988e+01 -7.742562e-01 
 4.087020e+01 -7.749736e-01 
 4.087052e+01 -7.756192e-01 
 4.087085e+01 -7.761885e-01 
 4.087117e+01 -7.766825e-01 
 4.087149e+01 -7.771116e-01 
 4.087182e+01 -7.774634e-01 
 4.087214e+01 -7.777687e-01 
 4.087246e+01 -7.780484e-01 
 4.087278e+01 -7.782736e-01 
 4.087311e+01 -7.784431e-01 
 4.087343e+01 -7.785989e-01 
 4.087375e+01 -7.787003e-01 
 4.087408e+01 -7.787066e-01 
 4.087440e+01 -7.786258e-01 
 4.087472e+01 -7.784517e-01 
 4.087505e+01 -7.781565e-01 
 4.087537e+01 -7.777415e-01 
 4.087569e+01 -7.772415e-01 
 4.087601e+01 -7.766648e-01 
 4.087634e+01 -7.760207e-01 
 4.087666e+01 -7.753007e-01 
 4.087698e+01 -7.745042e-01 
 4.087731e+01 -7.736150e-01 
 4.087763e+01 -7.726026e-01 
 4.087795e+01 -7.713927e-01 
 4.087828e+01 -7.701410e-01 
 4.087860e+01 -7.687534e-01 
 4.087892e+01 -7.672537e-01 
 4.087924e+01 -7.656364e-01 
 4.087957e+01 -7.639076e-01 
 4.087989e+01 -7.620935e-01 
 4.088021e+01 -7.602023e-01 
 4.088054e+01 -7.582451e-01 
 4.088086e+01 -7.562255e-01 
 4.088118e+01 -7.541656e-01 
 4.088151e+01 -7.520687e-01 
 4.088183e+01 -7.497337e-01 
 4.088215e+01 -7.474156e-01 
 4.088247e+01 -7.452489e-01 
 4.088280e+01 -7.430827e-01 
 4.088312e+01 -7.409168e-01 
 4.088344e+01 -7.387561e-01 
 4.088377e+01 -7.366093e-01 
 4.088409e+01 -7.344799e-01 
 4.088441e+01 -7.323876e-01 
 4.088474e+01 -7.303317e-01 
 4.088506e+01 -7.283261e-01 
 4.088538e+01 -7.263911e-01 
 4.088570e+01 -7.245166e-01 
 4.088603e+01 -7.226905e-01 
 4.088635e+01 -7.209298e-01 
 4.088667e+01 -7.191998e-01 
 4.088700e+01 -7.174892e-01 
 4.088732e+01 -7.157931e-01 
 4.088764e+01 -7.141044e-01 
 4.088797e+01 -7.124306e-01 
 4.088829e+01 -7.107671e-01 
 4.088861e+01 -7.091153e-01 
 4.088893e+01 -7.074604e-01 
 4.088926e+01 -7.057965e-01 
 4.088958e+01 -7.041292e-01 
 4.088990e+01 -7.024601e-01 
 4.089023e+01 -7.007942e-01 
 4.089055e+01 -6.991179e-01 
 4.089087e+01 -6.974239e-01 
 4.089120e+01 -6.957065e-01 
 4.089152e+01 -6.939809e-01 
 4.089184e+01 -6.922552e-01 
 4.089216e+01 -6.905257e-01 
 4.089249e+01 -6.887849e-01 
 4.089281e+01 -6.870248e-01 
 4.089313e+01 -6.852507e-01 
 4.089346e+01 -6.834395e-01 
 4.089378e+01 -6.815899e-01 
 4.089410e+01 -6.797351e-01 
 4.089443e+01 -6.778960e-01 
 4.089475e+01 -6.760663e-01 
 4.089507e+01 -6.742676e-01 
 4.089539e+01 -6.724967e-01 
 4.089572e+01 -6.707306e-01 
 4.089604e+01 -6.689773e-01 
 4.089636e+01 -6.672479e-01 
 4.089669e+01 -6.655161e-01 
 4.089701e+01 -6.637741e-01 
 4.089733e+01 -6.620492e-01 
 4.089766e+01 -6.603386e-01 
 4.089798e+01 -6.586530e-01 
 4.089830e+01 -6.570210e-01 
 4.089862e+01 -6.554434e-01 
 4.089895e+01 -6.539286e-01 
 4.089927e+01 -6.524828e-01 
 4.089959e+01 -6.511064e-01 
 4.089992e+01 -6.497908e-01 
 4.090024e+01 -6.485156e-01 
 4.090056e+01 -6.472823e-01 
 4.090089e+01 -6.461040e-01 
 4.090121e+01 -6.449859e-01 
 4.090153e+01 -6.439284e-01 
 4.090185e+01 -6.429403e-01 
 4.090218e+01 -6.420101e-01 
 4.090250e+01 -6.411272e-01 
 4.090282e+01 -6.403451e-01 
 4.090315e+01 -6.396385e-01 
 4.090347e+01 -6.389816e-01 
 4.090379e+01 -6.384013e-01 
 4.090411e+01 -6.378555e-01 
 4.090444e+01 -6.373579e-01 
 4.090476e+01 -6.369007e-01 
 4.090508e+01 -6.364835e-01 
 4.090541e+01 -6.361069e-01 
 4.090573e+01 -6.357774e-01 
 4.090605e+01 -6.354913e-01 
 4.090638e+01 -6.352583e-01 
 4.090670e+01 -6.350567e-01 
 4.090702e+01 -6.348970e-01 
 4.090734e+01 -6.347836e-01 
 4.090767e+01 -6.347324e-01 
 4.090799e+01 -6.347494e-01 
 4.090831e+01 -6.348441e-01 
 4.090864e+01 -6.350034e-01 
 4.090896e+01 -6.352315e-01 
 4.090928e+01 -6.355168e-01 
 4.090961e+01 -6.358562e-01 
 4.090993e+01 -6.362461e-01 
 4.091025e+01 -6.367108e-01 
 4.091057e+01 -6.372497e-01 
 4.091090e+01 -6.378709e-01 
 4.091122e+01 -6.385657e-01 
 4.091154e+01 -6.393255e-01 
 4.091187e+01 -6.401562e-01 
 4.091219e+01 -6.410619e-01 
 4.091251e+01 -6.420409e-01 
 4.091284e+01 -6.430858e-01 
 4.091316e+01 -6.441803e-01 
 4.091348e+01 -6.453101e-01 
 4.091380e+01 -6.464775e-01 
 4.091413e+01 -6.476914e-01 
 4.091445e+01 -6.489696e-01 
 4.091477e+01 -6.503093e-01 
 4.091510e+01 -6.517059e-01 
 4.091542e+01 -6.531346e-01 
 4.091574e+01 -6.545872e-01 
 4.091607e+01 -6.560553e-01 
 4.091639e+01 -6.575373e-01 
 4.091671e+01 -6.590219e-01 
 4.091703e+01 -6.605160e-01 
 4.091736e+01 -6.620194e-01 
 4.091768e+01 -6.635254e-01 
 4.091800e+01 -6.650425e-01 
 4.091833e+01 -6.665722e-01 
 4.091865e+01 -6.681279e-01 
 4.091897e+01 -6.696773e-01 
 4.091930e+01 -6.712421e-01 
 4.091962e+01 -6.728269e-01 
 4.091994e+01 -6.743965e-01 
 4.092026e+01 -6.759960e-01 
 4.092059e+01 -6.776115e-01 
 4.092091e+01 -6.792446e-01 
 4.092123e+01 -6.808818e-01 
 4.092156e+01 -6.825310e-01 
 4.092188e+01 -6.841770e-01 
 4.092220e+01 -6.858087e-01 
 4.092253e+01 -6.874203e-01 
 4.092285e+01 -6.890299e-01 
 4.092317e+01 -6.906296e-01 
 4.092349e+01 -6.922451e-01 
 4.092382e+01 -6.938830e-01 
 4.092414e+01 -6.955271e-01 
 4.092446e+01 -6.971774e-01 
 4.092479e+01 -6.988625e-01 
 4.092511e+01 -7.005330e-01 
 4.092543e+01 -7.021840e-01 
 4.092576e+01 -7.038278e-01 
 4.092608e+01 -7.054603e-01 
 4.092640e+01 -7.070760e-01 
 4.092672e+01 -7.086930e-01 
 4.092705e+01 -7.103097e-01 
 4.092737e+01 -7.119264e-01 
 4.092769e+01 -7.135590e-01 
 4.092802e+01 -7.152043e-01 
 4.092834e+01 -7.168618e-01 
 4.092866e+01 -7.185238e-01 
 4.092899e+01 -7.201886e-01 
 4.092931e+01 -7.218614e-01 
 4.092963e+01 -7.235291e-01 
 4.092995e+01 -7.251816e-01 
 4.093028e+01 -7.268301e-01 
 4.093060e+01 -7.284663e-01 
 4.093092e+01 -7.301047e-01 
 4.093125e+01 -7.317498e-01 
 4.093157e+01 -7.333872e-01 
 4.093189e+01 -7.349953e-01 
 4.093222e+01 -7.365801e-01 
 4.093254e+01 -7.381645e-01 
 4.093286e+01 -7.397247e-01 
 4.093318e+01 -7.412638e-01 
 4.093351e+01 -7.427789e-01 
 4.093383e+01 -7.442599e-01 
 4.093415e+01 -7.457143e-01 
 4.093448e+01 -7.471282e-01 
 4.093480e+01 -7.484994e-01 
 4.093512e+01 -7.498303e-01 
 4.093545e+01 -7.511062e-01 
 4.093577e+01 -7.523342e-01 
 4.093609e+01 -7.535090e-01 
 4.093641e+01 -7.546325e-01 
 4.093674e+01 -7.552688e-01 
 4.093706e+01 -7.563098e-01 
 4.093738e+01 -7.573148e-01 
 4.093771e+01 -7.582804e-01 
 4.093803e+01 -7.591772e-01 
 4.093835e+01 -7.600181e-01 
 4.093867e+01 -7.607960e-01 
 4.093900e+01 -7.614903e-01 
 4.093932e+01 -7.621076e-01 
 4.093964e+01 -7.626375e-01 
 4.093997e+01 -7.630780e-01 
 4.094029e+01 -7.634369e-01 
 4.094061e+01 -7.637202e-01 
 4.094094e+01 -7.639099e-01 
 4.094126e+01 -7.640103e-01 
 4.094158e+01 -7.640211e-01 
 4.094190e+01 -7.639287e-01 
 4.094223e+01 -7.637491e-01 
 4.094255e+01 -7.634764e-01 
 4.094287e+01 -7.631166e-01 
 4.094320e+01 -7.626741e-01 
 4.094352e+01 -7.621533e-01 
 4.094384e+01 -7.615618e-01 
 4.094417e+01 -7.608949e-01 
 4.094449e+01 -7.601481e-01 
 4.094481e+01 -7.593054e-01 
 4.094513e+01 -7.583803e-01 
 4.094546e+01 -7.573838e-01 
 4.094578e+01 -7.563334e-01 
 4.094610e+01 -7.552406e-01 
 4.094643e+01 -7.541137e-01 
 4.094675e+01 -7.529656e-01 
 4.094707e+01 -7.517995e-01 
 4.094740e+01 -7.506155e-01 
 4.094772e+01 -7.494135e-01 
 4.094804e+01 -7.481746e-01 
 4.094836e+01 -7.469031e-01 
 4.094869e+01 -7.455921e-01 
 4.094901e+01 -7.442630e-01 
 4.094933e+01 -7.429275e-01 
 4.094966e+01 -7.415804e-01 
 4.094998e+01 -7.402218e-01 
 4.095030e+01 -7.388542e-01 
 4.095063e+01 -7.374854e-01 
 4.095095e+01 -7.361018e-01 
 4.095127e+01 -7.347123e-01 
 4.095159e+01 -7.332862e-01 
 4.095192e+01 -7.318631e-01 
 4.095224e+01 -7.304180e-01 
 4.095256e+01 -7.289539e-01 
 4.095289e+01 -7.274814e-01 
 4.095321e+01 -7.260045e-01 
 4.095353e+01 -7.245157e-01 
 4.095386e+01 -7.230076e-01 
 4.095418e+01 -7.214897e-01 
 4.095450e+01 -7.199472e-01 
 4.095482e+01 -7.182762e-01 
 4.095515e+01 -7.166989e-01 
 4.095547e+01 -7.151052e-01 
 4.095579e+01 -7.135009e-01 
 4.095612e+01 -7.118838e-01 
 4.095644e+01 -7.102092e-01 
 4.095676e+01 -7.085911e-01 
 4.095709e+01 -7.069778e-01 
 4.095741e+01 -7.053655e-01 
 4.095773e+01 -7.037499e-01 
 4.095805e+01 -7.021290e-01 
 4.095838e+01 -7.004822e-01 
 4.095870e+01 -6.988254e-01 
 4.095902e+01 -6.971618e-01 
 4.095935e+01 -6.954934e-01 
 4.095967e+01 -6.938283e-01 
 4.095999e+01 -6.921562e-01 
 4.096032e+01 -6.904833e-01 
 4.096064e+01 -6.888080e-01 
 4.096096e+01 -6.871351e-01 
 4.096128e+01 -6.854584e-01 
 4.096161e+01 -6.837782e-01 
 4.096193e+01 -6.820976e-01 
 4.096225e+01 -6.804328e-01 
 4.096258e+01 -6.787762e-01 
 4.096290e+01 -6.771273e-01 
 4.096322e+01 -6.754981e-01 
 4.096355e+01 -6.738774e-01 
 4.096387e+01 -6.722741e-01 
 4.096419e+01 -6.706993e-01 
 4.096451e+01 -6.691440e-01 
 4.096484e+01 -6.676123e-01 
 4.096516e+01 -6.661160e-01 
 4.096548e+01 -6.646540e-01 
 4.096581e+01 -6.632293e-01 
 4.096613e+01 -6.618501e-01 
 4.096645e+01 -6.605116e-01 
 4.096678e+01 -6.592014e-01 
 4.096710e+01 -6.579317e-01 
 4.096742e+01 -6.566974e-01 
 4.096774e+01 -6.554917e-01 
 4.096807e+01 -6.543146e-01 
 4.096839e+01 -6.531772e-01 
 4.096871e+01 -6.520879e-01 
 4.096904e+01 -6.510410e-01 
 4.096936e+01 -6.500498e-01 
 4.096968e+01 -6.491183e-01 
 4.097001e+01 -6.482308e-01 
 4.097033e+01 -6.473685e-01 
 4.097065e+01 -6.465683e-01 
 4.097097e+01 -6.458066e-01 
 4.097130e+01 -6.450683e-01 
 4.097162e+01 -6.444013e-01 
 4.097194e+01 -6.437711e-01 
 4.097227e+01 -6.432008e-01 
 4.097259e+01 -6.426818e-01 
 4.097291e+01 -6.422157e-01 
 4.097323e+01 -6.418074e-01 
 4.097356e+01 -6.414629e-01 
 4.097388e+01 -6.411761e-01 
 4.097420e+01 -6.409604e-01 
 4.097453e+01 -6.408087e-01 
 4.097485e+01 -6.407360e-01 
 4.097517e+01 -6.407371e-01 
 4.097550e+01 -6.408269e-01 
 4.097582e+01 -6.409990e-01 
 4.097614e+01 -6.412567e-01 
 4.097646e+01 -6.415744e-01 
 4.097679e+01 -6.419678e-01 
 4.097711e+01 -6.424293e-01 
 4.097743e+01 -6.429537e-01 
 4.097776e+01 -6.435332e-01 
 4.097808e+01 -6.441703e-01 
 4.097840e+01 -6.448570e-01 
 4.097873e+01 -6.456009e-01 
 4.097905e+01 -6.464128e-01 
 4.097937e+01 -6.472873e-01 
 4.097969e+01 -6.482238e-01 
 4.098002e+01 -6.492087e-01 
 4.098034e+01 -6.502368e-01 
 4.098066e+01 -6.513038e-01 
 4.098099e+01 -6.524085e-01 
 4.098131e+01 -6.535502e-01 
 4.098163e+01 -6.547316e-01 
 4.098196e+01 -6.559579e-01 
 4.098228e+01 -6.572336e-01 
 4.098260e+01 -6.585514e-01 
 4.098292e+01 -6.599064e-01 
 4.098325e+01 -6.612931e-01 
 4.098357e+01 -6.627052e-01 
 4.098389e+01 -6.641298e-01 
 4.098422e+01 -6.655775e-01 
 4.098454e+01 -6.670358e-01 
 4.098486e+01 -6.685076e-01 
 4.098519e+01 -6.700053e-01 
 4.098551e+01 -6.715219e-01 
 4.098583e+01 -6.730558e-01 
 4.098615e+01 -6.746100e-01 
 4.098648e+01 -6.762015e-01 
 4.098680e+01 -6.777709e-01 
 4.098712e+01 -6.793391e-01 
 4.098745e+01 -6.809194e-01 
 4.098777e+01 -6.824654e-01 
 4.098809e+01 -6.840118e-01 
 4.098842e+01 -6.855443e-01 
 4.098874e+01 -6.870695e-01 
 4.098906e+01 -6.885797e-01 
 4.098938e+01 -6.900848e-01 
 4.098971e+01 -6.915804e-01 
 4.099003e+01 -6.930722e-01 
 4.099035e+01 -6.945470e-01 
 4.099068e+01 -6.960289e-01 
 4.099100e+01 -6.974964e-01 
 4.099132e+01 -6.989641e-01 
 4.099165e+01 -7.004347e-01 
 4.099197e+01 -7.018980e-01 
 4.099229e+01 -7.033538e-01 
 4.099261e+01 -7.048309e-01 
 4.099294e+01 -7.062886e-01 
 4.099326e+01 -7.077371e-01 
 4.099358e+01 -7.091950e-01 
 4.099391e+01 -7.106739e-01 
 4.099423e+01 -7.121737e-01 
 4.099455e+01 -7.137055e-01 
 4.099488e+01 -7.152687e-01 
 4.099520e+01 -7.168506e-01 
 4.099552e+01 -7.184511e-01 
 4.099584e+01 -7.200550e-01 
 4.099617e+01 -7.216601e-01 
 4.099649e+01 -7.232542e-01 
 4.099681e+01 -7.248347e-01 
 4.099714e+01 -7.264213e-01 
 4.099746e+01 -7.280177e-01 
 4.099778e+01 -7.296208e-01 
 4.099811e+01 -7.312480e-01 
 4.099843e+01 -7.328804e-01 
 4.099875e+01 -7.345211e-01 
 4.099907e+01 -7.361576e-01 
 4.099940e+01 -7.377715e-01 
 4.099972e+01 -7.393596e-01 
 4.100004e+01 -7.409186e-01 
 4.100037e+01 -7.424456e-01 
 4.100069e+01 -7.439327e-01 
 4.100101e+01 -7.453824e-01 
 4.100134e+01 -7.467972e-01 
 4.100166e+01 -7.481819e-01 
 4.100198e+01 -7.495354e-01 
 4.100230e+01 -7.508503e-01 
 4.100263e+01 -7.521207e-01 
 4.100295e+01 -7.533418e-01 
 4.100327e+01 -7.545038e-01 
 4.100360e+01 -7.556085e-01 
 4.100392e+01 -7.566452e-01 
 4.100424e+01 -7.576127e-01 
 4.100457e+01 -7.584967e-01 
 4.100489e+01 -7.592992e-01 
 4.100521e+01 -7.600286e-01 
 4.100553e+01 -7.606883e-01 
 4.100586e+01 -7.612586e-01 
 4.100618e+01 -7.617535e-01 
 4.100650e+01 -7.621728e-01 
 4.100683e+01 -7.625069e-01 
 4.100715e+01 -7.627672e-01 
 4.100747e+01 -7.629482e-01 
 4.100780e+01 -7.629991e-01 
 4.100812e+01 -7.630174e-01 
 4.100844e+01 -7.629706e-01 
 4.100876e+01 -7.628450e-01 
 4.100909e+01 -7.626644e-01 
 4.100941e+01 -7.624283e-01 
 4.100973e+01 -7.621346e-01 
 4.101006e+01 -7.618040e-01 
 4.101038e+01 -7.614294e-01 
 4.101070e+01 -7.610150e-01 
 4.101102e+01 -7.605600e-01 
 4.101135e+01 -7.600737e-01 
 4.101167e+01 -7.595500e-01 
 4.101199e+01 -7.589985e-01 
 4.101232e+01 -7.584189e-01 
 4.101264e+01 -7.578038e-01 
 4.101296e+01 -7.571689e-01 
 4.101329e+01 -7.565060e-01 
 4.101361e+01 -7.558203e-01 
 4.101393e+01 -7.551188e-01 
 4.101425e+01 -7.544026e-01 
 4.101458e+01 -7.536716e-01 
 4.101490e+01 -7.529130e-01 
 4.101522e+01 -7.521114e-01 
 4.101555e+01 -7.512673e-01 
 4.101587e+01 -7.503580e-01 
 4.101619e+01 -7.494038e-01 
 4.101652e+01 -7.483993e-01 
 4.101684e+01 -7.473469e-01 
 4.101716e+01 -7.462639e-01 
 4.101748e+01 -7.451549e-01 
 4.101781e+01 -7.440187e-01 
 4.101813e+01 -7.428537e-01 
 4.101845e+01 -7.416546e-01 
 4.101878e+01 -7.403985e-01 
 4.101910e+01 -7.390943e-01 
 4.101942e+01 -7.377346e-01 
 4.101975e+01 -7.363206e-01 
 4.102007e+01 -7.348681e-01 
 4.102039e+01 -7.333844e-01 
 4.102071e+01 -7.318800e-01 
 4.102104e+01 -7.303595e-01 
 4.102136e+01 -7.288197e-01 
 4.102168e+01 -7.272529e-01 
 4.102201e+01 -7.256627e-01 
 4.102233e+01 -7.240374e-01 
 4.102265e+01 -7.223822e-01 
 4.102298e+01 -7.207397e-01 
 4.102330e+01 -7.190177e-01 
 4.102362e+01 -7.172752e-01 
 4.102394e+01 -7.155089e-01 
 4.102427e+01 -7.137229e-01 
 4.102459e+01 -7.119189e-01 
 4.102491e+01 -7.100969e-01 
 4.102524e+01 -7.082604e-01 
 4.102556e+01 -7.064156e-01 
 4.102588e+01 -7.045706e-01 
 4.102621e+01 -7.027115e-01 
 4.102653e+01 -7.008510e-01 
 4.102685e+01 -6.989832e-01 
 4.102717e+01 -6.971123e-01 
 4.102750e+01 -6.952320e-01 
 4.102782e+01 -6.933380e-01 
 4.102814e+01 -6.914405e-01 
 4.102847e+01 -6.895388e-01 
 4.102879e+01 -6.876486e-01 
 4.102911e+01 -6.860125e-01 
 4.102944e+01 -6.841387e-01 
 4.102976e+01 -6.824358e-01 
 4.103008e+01 -6.805951e-01 
 4.103040e+01 -6.787626e-01 
 4.103073e+01 -6.769364e-01 
 4.103105e+01 -6.751136e-01 
 4.103137e+01 -6.732729e-01 
 4.103170e+01 -6.714111e-01 
 4.103202e+01 -6.695446e-01 
 4.103234e+01 -6.676669e-01 
 4.103267e+01 -6.657833e-01 
 4.103299e+01 -6.639188e-01 
 4.103331e+01 -6.620777e-01 
 4.103363e+01 -6.602574e-01 
 4.103396e+01 -6.584653e-01 
 4.103428e+01 -6.566980e-01 
 4.103460e+01 -6.549486e-01 
 4.103493e+01 -6.532295e-01 
 4.103525e+01 -6.515328e-01 
 4.103557e+01 -6.498537e-01 
 4.103590e+01 -6.481909e-01 
 4.103622e+01 -6.465600e-01 
 4.103654e+01 -6.449783e-01 
 4.103686e+01 -6.434537e-01 
 4.103719e+01 -6.420075e-01 
 4.103751e+01 -6.406387e-01 
 4.103783e+01 -6.393315e-01 
 4.103816e+01 -6.380905e-01 
 4.103848e+01 -6.369495e-01 
 4.103880e+01 -6.358847e-01 
 4.103913e+01 -6.348710e-01 
 4.103945e+01 -6.339456e-01 
 4.103977e+01 -6.330753e-01 
 4.104009e+01 -6.322805e-01 
 4.104042e+01 -6.315662e-01 
 4.104074e+01 -6.309322e-01 
 4.104106e+01 -6.303851e-01 
 4.104139e+01 -6.299282e-01 
 4.104171e+01 -6.295489e-01 
 4.104203e+01 -6.292627e-01 
 4.104236e+01 -6.290531e-01 
 4.104268e+01 -6.289315e-01 
 4.104300e+01 -6.288841e-01 
 4.104332e+01 -6.289081e-01 
 4.104365e+01 -6.289933e-01 
 4.104397e+01 -6.291397e-01 
 4.104429e+01 -6.293282e-01 
 4.104462e+01 -6.295718e-01 
 4.104494e+01 -6.298677e-01 
 4.104526e+01 -6.302190e-01 
 4.104558e+01 -6.306286e-01 
 4.104591e+01 -6.311132e-01 
 4.104623e+01 -6.316660e-01 
 4.104655e+01 -6.322886e-01 
 4.104688e+01 -6.329808e-01 
 4.104720e+01 -6.337287e-01 
 4.104752e+01 -6.345304e-01 
 4.104785e+01 -6.353728e-01 
 4.104817e+01 -6.362457e-01 
 4.104849e+01 -6.371503e-01 
 4.104881e+01 -6.380985e-01 
 4.104914e+01 -6.390876e-01 
 4.104946e+01 -6.401207e-01 
 4.104978e+01 -6.412039e-01 
 4.105011e+01 -6.423389e-01 
 4.105043e+01 -6.435218e-01 
 4.105075e+01 -6.447510e-01 
 4.105108e+01 -6.460120e-01 
 4.105140e+01 -6.472935e-01 
 4.105172e+01 -6.485803e-01 
 4.105204e+01 -6.498851e-01 
 4.105237e+01 -6.511995e-01 
 4.105269e+01 -6.525333e-01 
 4.105301e+01 -6.538949e-01 
 4.105334e+01 -6.552715e-01 
 4.105366e+01 -6.566710e-01 
 4.105398e+01 -6.581023e-01 
 4.105431e+01 -6.595621e-01 
 4.105463e+01 -6.610490e-01 
 4.105495e+01 -6.625657e-01 
 4.105527e+01 -6.641071e-01 
 4.105560e+01 -6.656685e-01 
 4.105592e+01 -6.672536e-01 
 4.105624e+01 -6.688689e-01 
 4.105657e+01 -6.705016e-01 
 4.105689e+01 -6.721537e-01 
 4.105721e+01 -6.738377e-01 
 4.105754e+01 -6.755771e-01 
 4.105786e+01 -6.773164e-01 
 4.105818e+01 -6.790748e-01 
 4.105850e+01 -6.808940e-01 
 4.105883e+01 -6.827300e-01 
 4.105915e+01 -6.846187e-01 
 4.105947e+01 -6.865379e-01 
 4.105980e+01 -6.884713e-01 
 4.106012e+01 -6.904062e-01 
 4.106044e+01 -6.923698e-01 
 4.106077e+01 -6.943326e-01 
 4.106109e+01 -6.963072e-01 
 4.106141e+01 -6.982945e-01 
 4.106173e+01 -7.002966e-01 
 4.106206e+01 -7.023100e-01 
 4.106238e+01 -7.043459e-01 
 4.106270e+01 -7.063991e-01 
 4.106303e+01 -7.084699e-01 
 4.106335e+01 -7.105605e-01 
 4.106367e+01 -7.126624e-01 
 4.106400e+01 -7.147656e-01 
 4.106432e+01 -7.168628e-01 
 4.106464e+01 -7.189490e-01 
 4.106496e+01 -7.210458e-01 
 4.106529e+01 -7.231394e-01 
 4.106561e+01 -7.252263e-01 
 4.106593e+01 -7.273103e-01 
 4.106626e+01 -7.293874e-01 
 4.106658e+01 -7.314525e-01 
 4.106690e+01 -7.334983e-01 
 4.106723e+01 -7.355140e-01 
 4.106755e+01 -7.375034e-01 
 4.106787e+01 -7.394524e-01 
 4.106819e+01 -7.413666e-01 
 4.106852e+01 -7.432382e-01 
 4.106884e+01 -7.450608e-01 
 4.106916e+01 -7.468405e-01 
 4.106949e+01 -7.485717e-01 
 4.106981e+01 -7.502557e-01 
 4.107013e+01 -7.518738e-01 
 4.107046e+01 -7.534313e-01 
 4.107078e+01 -7.549191e-01 
 4.107110e+01 -7.563403e-01 
 4.107142e+01 -7.577047e-01 
 4.107175e+01 -7.590073e-01 
 4.107207e+01 -7.602408e-01 
 4.107239e+01 -7.614086e-01 
 4.107272e+01 -7.625145e-01 
 4.107304e+01 -7.635555e-01 
 4.107336e+01 -7.645445e-01 
 4.107369e+01 -7.654682e-01 
 4.107401e+01 -7.663351e-01 
 4.107433e+01 -7.671420e-01 
 4.107465e+01 -7.679025e-01 
 4.107498e+01 -7.686266e-01 
 4.107530e+01 -7.693117e-01 
 4.107562e+01 -7.699466e-01 
 4.107595e+01 -7.705326e-01 
 4.107627e+01 -7.710768e-01 
 4.107659e+01 -7.715692e-01 
 4.107692e+01 -7.720003e-01 
 4.107724e+01 -7.723747e-01 
 4.107756e+01 -7.726965e-01 
 4.107788e+01 -7.729670e-01 
 4.107821e+01 -7.731870e-01 
 4.107853e+01 -7.733548e-01 
 4.107885e+01 -7.734701e-01 
 4.107918e+01 -7.735431e-01 
 4.107950e+01 -7.735713e-01 
 4.107982e+01 -7.735255e-01 
 4.108014e+01 -7.734190e-01 
 4.108047e+01 -7.732464e-01 
 4.108079e+01 -7.730008e-01 
 4.108111e+01 -7.726975e-01 
 4.108144e+01 -7.723358e-01 
 4.108176e+01 -7.719109e-01 
 4.108208e+01 -7.714340e-01 
 4.108241e+01 -7.709087e-01 
 4.108273e+01 -7.703242e-01 
 4.108305e+01 -7.696970e-01 
 4.108337e+01 -7.690257e-01 
 4.108370e+01 -7.682962e-01 
 4.108402e+01 -7.675141e-01 
 4.108434e+01 -7.666760e-01 
 4.108467e+01 -7.657790e-01 
 4.108499e+01 -7.648416e-01 
 4.108531e+01 -7.638591e-01 
 4.108564e+01 -7.628340e-01 
 4.108596e+01 -7.617649e-01 
 4.108628e+01 -7.606495e-01 
 4.108660e+01 -7.594951e-01 
 4.108693e+01 -7.583076e-01 
 4.108725e+01 -7.570924e-01 
 4.108757e+01 -7.558333e-01 
 4.108790e+01 -7.545402e-01 
 4.108822e+01 -7.532083e-01 
 4.108854e+01 -7.518309e-01 
 4.108887e+01 -7.504106e-01 
 4.108919e+01 -7.489426e-01 
 4.108951e+01 -7.474329e-01 
 4.108983e+01 -7.458797e-01 
 4.109016e+01 -7.442933e-01 
 4.109048e+01 -7.426814e-01 
 4.109080e+01 -7.410394e-01 
 4.109113e+01 -7.393779e-01 
 4.109145e+01 -7.377082e-01 
 4.109177e+01 -7.360231e-01 
 4.109210e+01 -7.343141e-01 
 4.109242e+01 -7.325846e-01 
 4.109274e+01 -7.308085e-01 
 4.109306e+01 -7.290006e-01 
 4.109339e+01 -7.271592e-01 
 4.109371e+01 -7.252971e-01 
 4.109403e+01 -7.234068e-01 
 4.109436e+01 -7.214964e-01 
 4.109468e+01 -7.195700e-01 
 4.109500e+01 -7.176254e-01 
 4.109533e+01 -7.156729e-01 
 4.109565e+01 -7.136915e-01 
 4.109597e+01 -7.116791e-01 
 4.109629e+01 -7.096260e-01 
 4.109662e+01 -7.075348e-01 
 4.109694e+01 -7.054086e-01 
 4.109726e+01 -7.032452e-01 
 4.109759e+01 -7.010503e-01 
 4.109791e+01 -6.988332e-01 
 4.109823e+01 -6.968187e-01 
 4.109856e+01 -6.945730e-01 
 4.109888e+01 -6.923106e-01 
 4.109920e+01 -6.900309e-01 
 4.109952e+01 -6.877411e-01 
 4.109985e+01 -6.854540e-01 
 4.110017e+01 -6.831541e-01 
 4.110049e+01 -6.808334e-01 
 4.110082e+01 -6.785749e-01 
 4.110114e+01 -6.763815e-01 
 4.110146e+01 -6.740771e-01 
 4.110179e+01 -6.717926e-01 
 4.110211e+01 -6.695471e-01 
 4.110243e+01 -6.673418e-01 
 4.110275e+01 -6.651715e-01 
 4.110308e+01 -6.630487e-01 
 4.110340e+01 -6.609682e-01 
 4.110372e+01 -6.589221e-01 
 4.110405e+01 -6.569254e-01 
 4.110437e+01 -6.549701e-01 
 4.110469e+01 -6.530522e-01 
 4.110502e+01 -6.511839e-01 
 4.110534e+01 -6.493692e-01 
 4.110566e+01 -6.476083e-01 
 4.110598e+01 -6.459237e-01 
 4.110631e+01 -6.443052e-01 
 4.110663e+01 -6.427470e-01 
 4.110695e+01 -6.412496e-01 
 4.110728e+01 -6.398169e-01 
 4.110760e+01 -6.384486e-01 
 4.110792e+01 -6.371396e-01 
 4.110825e+01 -6.358892e-01 
 4.110857e+01 -6.346998e-01 
 4.110889e+01 -6.335731e-01 
 4.110921e+01 -6.324852e-01 
 4.110954e+01 -6.314928e-01 
 4.110986e+01 -6.305760e-01 
 4.111018e+01 -6.297092e-01 
 4.111051e+01 -6.289317e-01 
 4.111083e+01 -6.282079e-01 
 4.111115e+01 -6.275539e-01 
 4.111148e+01 -6.269551e-01 
 4.111180e+01 -6.264150e-01 
 4.111212e+01 -6.259222e-01 
 4.111244e+01 -6.254842e-01 
 4.111277e+01 -6.250853e-01 
 4.111309e+01 -6.247388e-01 
 4.111341e+01 -6.244390e-01 
 4.111374e+01 -6.241960e-01 
 4.111406e+01 -6.240099e-01 
 4.111438e+01 -6.238807e-01 
 4.111470e+01 -6.237976e-01 
 4.111503e+01 -6.237566e-01 
 4.111535e+01 -6.237467e-01 
 4.111567e+01 -6.237738e-01 
 4.111600e+01 -6.238364e-01 
 4.111632e+01 -6.239399e-01 
 4.111664e+01 -6.240641e-01 
 4.111697e+01 -6.242353e-01 
 4.111729e+01 -6.244519e-01 
 4.111761e+01 -6.247209e-01 
 4.111793e+01 -6.250411e-01 
 4.111826e+01 -6.254091e-01 
 4.111858e+01 -6.258272e-01 
 4.111890e+01 -6.262929e-01 
 4.111923e+01 -6.268054e-01 
 4.111955e+01 -6.273762e-01 
 4.111987e+01 -6.280138e-01 
 4.112020e+01 -6.287116e-01 
 4.112052e+01 -6.294706e-01 
 4.112084e+01 -6.302865e-01 
 4.112116e+01 -6.311693e-01 
 4.112149e+01 -6.321129e-01 
 4.112181e+01 -6.331304e-01 
 4.112213e+01 -6.342136e-01 
 4.112246e+01 -6.353577e-01 
 4.112278e+01 -6.365629e-01 
 4.112310e+01 -6.378371e-01 
 4.112343e+01 -6.391682e-01 
 4.112375e+01 -6.405569e-01 
 4.112407e+01 -6.420106e-01 
 4.112439e+01 -6.435188e-01 
 4.112472e+01 -6.450840e-01 
 4.112504e+01 -6.467054e-01 
 4.112536e+01 -6.483830e-01 
 4.112569e+01 -6.501174e-01 
 4.112601e+01 -6.519129e-01 
 4.112633e+01 -6.537633e-01 
 4.112666e+01 -6.556523e-01 
 4.112698e+01 -6.575808e-01 
 4.112730e+01 -6.595545e-01 
 4.112762e+01 -6.615697e-01 
 4.112795e+01 -6.636303e-01 
 4.112827e+01 -6.657349e-01 
 4.112859e+01 -6.678865e-01 
 4.112892e+01 -6.700686e-01 
 4.112924e+01 -6.722793e-01 
 4.112956e+01 -6.745357e-01 
 4.112989e+01 -6.768258e-01 
 4.113021e+01 -6.791464e-01 
 4.113053e+01 -6.814963e-01 
 4.113085e+01 -6.838557e-01 
 4.113118e+01 -6.862203e-01 
 4.113150e+01 -6.886166e-01 
 4.113182e+01 -6.910419e-01 
 4.113215e+01 -6.934389e-01 
 4.113247e+01 -6.958360e-01 
 4.113279e+01 -6.982549e-01 
 4.113312e+01 -7.006520e-01 
 4.113344e+01 -7.030554e-01 
 4.113376e+01 -7.054478e-01 
 4.113408e+01 -7.078281e-01 
 4.113441e+01 -7.101982e-01 
 4.113473e+01 -7.125543e-01 
 4.113505e+01 -7.148897e-01 
 4.113538e+01 -7.172123e-01 
 4.113570e+01 -7.195030e-01 
 4.113602e+01 -7.217902e-01 
 4.113635e+01 -7.240598e-01 
 4.113667e+01 -7.263073e-01 
 4.113699e+01 -7.285306e-01 
 4.113731e+01 -7.307284e-01 
 4.113764e+01 -7.329000e-01 
 4.113796e+01 -7.350617e-01 
 4.113828e+01 -7.371906e-01 
 4.113861e+01 -7.392885e-01 
 4.113893e+01 -7.413483e-01 
 4.113925e+01 -7.433934e-01 
 4.113958e+01 -7.453986e-01 
 4.113990e+01 -7.473726e-01 
 4.114022e+01 -7.493146e-01 
 4.114054e+01 -7.512185e-01 
 4.114087e+01 -7.530749e-01 
 4.114119e+01 -7.548693e-01 
 4.114151e+01 -7.566089e-01 
 4.114184e+01 -7.582886e-01 
 4.114216e+01 -7.599083e-01 
 4.114248e+01 -7.614760e-01 
 4.114281e+01 -7.629891e-01 
 4.114313e+01 -7.644361e-01 
 4.114345e+01 -7.658291e-01 
 4.114377e+01 -7.671585e-01 
 4.114410e+01 -7.684219e-01 
 4.114442e+01 -7.696209e-01 
 4.114474e+01 -7.707466e-01 
 4.114507e+01 -7.717970e-01 
 4.114539e+01 -7.727713e-01 
 4.114571e+01 -7.736771e-01 
 4.114604e+01 -7.745240e-01 
 4.114636e+01 -7.753088e-01 
 4.114668e+01 -7.760368e-01 
 4.114700e+01 -7.767024e-01 
 4.114733e+01 -7.773099e-01 
 4.114765e+01 -7.778651e-01 
 4.114797e+01 -7.783638e-01 
 4.114830e+01 -7.788097e-01 
 4.114862e+01 -7.791951e-01 
 4.114894e+01 -7.795288e-01 
 4.114926e+01 -7.798024e-01 
 4.114959e+01 -7.800119e-01 
 4.114991e+01 -7.801532e-01 
 4.115023e+01 -7.802342e-01 
 4.115056e+01 -7.802684e-01 
 4.115088e+01 -7.802514e-01 
 4.115120e+01 -7.801746e-01 
 4.115153e+01 -7.800494e-01 
 4.115185e+01 -7.798852e-01 
 4.115217e+01 -7.796736e-01 
 4.115249e+01 -7.794226e-01 
 4.115282e+01 -7.791114e-01 
 4.115314e+01 -7.787427e-01 
 4.115346e+01 -7.783341e-01 
 4.115379e+01 -7.778759e-01 
 4.115411e+01 -7.773552e-01 
 4.115443e+01 -7.767900e-01 
 4.115476e+01 -7.761791e-01 
 4.115508e+01 -7.755226e-01 
 4.115540e+01 -7.748278e-01 
 4.115572e+01 -7.740917e-01 
 4.115605e+01 -7.733085e-01 
 4.115637e+01 -7.724846e-01 
 4.115669e+01 -7.716187e-01 
 4.115702e+01 -7.706953e-01 
 4.115734e+01 -7.697172e-01 
 4.115766e+01 -7.686764e-01 
 4.115799e+01 -7.675822e-01 
 4.115831e+01 -7.664385e-01 
 4.115863e+01 -7.652333e-01 
 4.115895e+01 -7.639689e-01 
 4.115928e+01 -7.627145e-01 
 4.115960e+01 -7.613348e-01 
 4.115992e+01 -7.599007e-01 
 4.116025e+01 -7.584013e-01 
 4.116057e+01 -7.568347e-01 
 4.116089e+01 -7.552077e-01 
 4.116122e+01 -7.535120e-01 
 4.116154e+01 -7.517506e-01 
 4.116186e+01 -7.499132e-01 
 4.116218e+01 -7.480558e-01 
 4.116251e+01 -7.461137e-01 
 4.116283e+01 -7.441892e-01 
 4.116315e+01 -7.421480e-01 
 4.116348e+01 -7.400638e-01 
 4.116380e+01 -7.379410e-01 
 4.116412e+01 -7.357796e-01 
 4.116445e+01 -7.335880e-01 
 4.116477e+01 -7.313653e-01 
 4.116509e+01 -7.290990e-01 
 4.116541e+01 -7.268088e-01 
 4.116574e+01 -7.244962e-01 
 4.116606e+01 -7.221628e-01 
 4.116638e+01 -7.198212e-01 
 4.116671e+01 -7.174723e-01 
 4.116703e+01 -7.151091e-01 
 4.116735e+01 -7.127467e-01 
 4.116768e+01 -7.103818e-01 
 4.116800e+01 -7.080215e-01 
 4.116832e+01 -7.056681e-01 
 4.116864e+01 -7.033160e-01 
 4.116897e+01 -7.009725e-01 
 4.116929e+01 -6.986312e-01 
 4.116961e+01 -6.962968e-01 
 4.116994e+01 -6.939654e-01 
 4.117026e+01 -6.916418e-01 
 4.117058e+01 -6.893346e-01 
 4.117091e+01 -6.870540e-01 
 4.117123e+01 -6.847955e-01 
 4.117155e+01 -6.825545e-01 
 4.117187e+01 -6.803376e-01 
 4.117220e+01 -6.781499e-01 
 4.117252e+01 -6.759955e-01 
 4.117284e+01 -6.738645e-01 
 4.117317e+01 -6.717586e-01 
 4.117349e+01 -6.696782e-01 
 4.117381e+01 -6.676248e-01 
 4.117414e+01 -6.656162e-01 
 4.117446e+01 -6.636477e-01 
 4.117478e+01 -6.617130e-01 
 4.117510e+01 -6.598196e-01 
 4.117543e+01 -6.579757e-01 
 4.117575e+01 -6.561704e-01 
 4.117607e+01 -6.544059e-01 
 4.117640e+01 -6.526867e-01 
 4.117672e+01 -6.510051e-01 
 4.117704e+01 -6.493603e-01 
 4.117737e+01 -6.477579e-01 
 4.117769e+01 -6.461855e-01 
 4.117801e+01 -6.446382e-01 
 4.117833e+01 -6.431306e-01 
 4.117866e+01 -6.416579e-01 
 4.117898e+01 -6.402188e-01 
 4.117930e+01 -6.388209e-01 
 4.117963e+01 -6.374608e-01 
 4.117995e+01 -6.361343e-01 
 4.118027e+01 -6.348298e-01 
 4.118060e+01 -6.335923e-01 
 4.118092e+01 -6.324046e-01 
 4.118124e+01 -6.312402e-01 
 4.118156e+01 -6.301285e-01 
 4.118189e+01 -6.290490e-01 
 4.118221e+01 -6.280123e-01 
 4.118253e+01 -6.270136e-01 
 4.118286e+01 -6.260769e-01 
 4.118318e+01 -6.251865e-01 
 4.118350e+01 -6.243503e-01 
 4.118382e+01 -6.235644e-01 
 4.118415e+01 -6.228444e-01 
 4.118447e+01 -6.221785e-01 
 4.118479e+01 -6.215774e-01 
 4.118512e+01 -6.210270e-01 
 4.118544e+01 -6.205328e-01 
 4.118576e+01 -6.200969e-01 
 4.118609e+01 -6.197146e-01 
 4.118641e+01 -6.193885e-01 
 4.118673e+01 -6.191248e-01 
 4.118705e+01 -6.189236e-01 
 4.118738e+01 -6.187892e-01 
 4.118770e+01 -6.187065e-01 
 4.118802e+01 -6.186855e-01 
 4.118835e+01 -6.187310e-01 
 4.118867e+01 -6.188426e-01 
 4.118899e+01 -6.190140e-01 
 4.118932e+01 -6.192527e-01 
 4.118964e+01 -6.195516e-01 
 4.118996e+01 -6.199120e-01 
 4.119028e+01 -6.203366e-01 
 4.119061e+01 -6.208300e-01 
 4.119093e+01 -6.213894e-01 
 4.119125e+01 -6.220213e-01 
 4.119158e+01 -6.227258e-01 
 4.119190e+01 -6.234960e-01 
 4.119222e+01 -6.243391e-01 
 4.119255e+01 -6.252449e-01 
 4.119287e+01 -6.262241e-01 
 4.119319e+01 -6.272647e-01 
 4.119351e+01 -6.283635e-01 
 4.119384e+01 -6.295231e-01 
 4.119416e+01 -6.307445e-01 
 4.119448e+01 -6.320244e-01 
 4.119481e+01 -6.333601e-01 
 4.119513e+01 -6.347545e-01 
 4.119545e+01 -6.362015e-01 
 4.119578e+01 -6.376979e-01 
 4.119610e+01 -6.392411e-01 
 4.119642e+01 -6.408361e-01 
 4.119674e+01 -6.424723e-01 
 4.119707e+01 -6.441573e-01 
 4.119739e+01 -6.458862e-01 
 4.119771e+01 -6.476427e-01 
 4.119804e+01 -6.494330e-01 
 4.119836e+01 -6.512630e-01 
 4.119868e+01 -6.531268e-01 
 4.119901e+01 -6.550208e-01 
 4.119933e+01 -6.569522e-01 
 4.119965e+01 -6.589445e-01 
 4.119997e+01 -6.609401e-01 
 4.120030e+01 -6.629633e-01 
 4.120062e+01 -6.650419e-01 
 4.120094e+01 -6.671276e-01 
 4.120127e+01 -6.692607e-01 
 4.120159e+01 -6.714223e-01 
 4.120191e+01 -6.736016e-01 
 4.120224e+01 -6.757938e-01 
 4.120256e+01 -6.780296e-01 
 4.120288e+01 -6.802833e-01 
 4.120320e+01 -6.825634e-01 
 4.120353e+01 -6.848603e-01 
 4.120385e+01 -6.871801e-01 
 4.120417e+01 -6.895050e-01 
 4.120450e+01 -6.918434e-01 
 4.120482e+01 -6.941896e-01 
 4.120514e+01 -6.965355e-01 
 4.120547e+01 -6.988810e-01 
 4.120579e+01 -7.012277e-01 
 4.120611e+01 -7.035608e-01 
 4.120643e+01 -7.058809e-01 
 4.120676e+01 -7.081833e-01 
 4.120708e+01 -7.104814e-01 
 4.120740e+01 -7.127628e-01 
 4.120773e+01 -7.150187e-01 
 4.120805e+01 -7.172507e-01 
 4.120837e+01 -7.194526e-01 
 4.120870e+01 -7.216301e-01 
 4.120902e+01 -7.237862e-01 
 4.120934e+01 -7.259116e-01 
 4.120966e+01 -7.280020e-01 
 4.120999e+01 -7.300517e-01 
 4.121031e+01 -7.320712e-01 
 4.121063e+01 -7.340487e-01 
 4.121096e+01 -7.359833e-01 
 4.121128e+01 -7.378826e-01 
 4.121160e+01 -7.397413e-01 
 4.121193e+01 -7.415656e-01 
 4.121225e+01 -7.433514e-01 
 4.121257e+01 -7.451036e-01 
 4.121289e+01 -7.468116e-01 
 4.121322e+01 -7.484890e-01 
 4.121354e+01 -7.501335e-01 
 4.121386e+01 -7.517396e-01 
 4.121419e+01 -7.533095e-01 
 4.121451e+01 -7.548383e-01 
 4.121483e+01 -7.563320e-01 
 4.121516e+01 -7.577878e-01 
 4.121548e+01 -7.592166e-01 
 4.121580e+01 -7.606032e-01 
 4.121612e+01 -7.619574e-01 
 4.121645e+01 -7.632683e-01 
 4.121677e+01 -7.645540e-01 
 4.121709e+01 -7.658178e-01 
 4.121742e+01 -7.670572e-01 
 4.121774e+01 -7.682636e-01 
 4.121806e+01 -7.694287e-01 
 4.121838e+01 -7.705629e-01 
 4.121871e+01 -7.716572e-01 
 4.121903e+01 -7.727087e-01 
 4.121935e+01 -7.737227e-01 
 4.121968e+01 -7.746942e-01 
 4.122000e+01 -7.756222e-01 
 4.122032e+01 -7.765105e-01 
 4.122065e+01 -7.773468e-01 
 4.122097e+01 -7.781280e-01 
 4.122129e+01 -7.788710e-01 
 4.122161e+01 -7.795651e-01 
 4.122194e+01 -7.801825e-01 
 4.122226e+01 -7.807381e-01 
 4.122258e+01 -7.812210e-01 
 4.122291e+01 -7.816237e-01 
 4.122323e+01 -7.819565e-01 
 4.122355e+01 -7.822146e-01 
 4.122388e+01 -7.823822e-01 
 4.122420e+01 -7.824682e-01 
 4.122452e+01 -7.824744e-01 
 4.122484e+01 -7.823927e-01 
 4.122517e+01 -7.822312e-01 
 4.122549e+01 -7.819909e-01 
 4.122581e+01 -7.816620e-01 
 4.122614e+01 -7.812490e-01 
 4.122646e+01 -7.807495e-01 
 4.122678e+01 -7.801594e-01 
 4.122711e+01 -7.794894e-01 
 4.122743e+01 -7.787381e-01 
 4.122775e+01 -7.779130e-01 
 4.122807e+01 -7.770080e-01 
 4.122840e+01 -7.760271e-01 
 4.122872e+01 -7.749768e-01 
 4.122904e+01 -7.738652e-01 
 4.122937e+01 -7.727000e-01 
 4.122969e+01 -7.714382e-01 
 4.123001e+01 -7.701687e-01 
 4.123034e+01 -7.688412e-01 
 4.123066e+01 -7.674487e-01 
 4.123098e+01 -7.660009e-01 
 4.123130e+01 -7.645258e-01 
 4.123163e+01 -7.630080e-01 
 4.123195e+01 -7.614515e-01 
 4.123227e+01 -7.598621e-01 
 4.123260e+01 -7.582392e-01 
 4.123292e+01 -7.565800e-01 
 4.123324e+01 -7.548909e-01 
 4.123357e+01 -7.531752e-01 
 4.123389e+01 -7.514293e-01 
 4.123421e+01 -7.496500e-01 
 4.123453e+01 -7.478415e-01 
 4.123486e+01 -7.459952e-01 
 4.123518e+01 -7.441323e-01 
 4.123550e+01 -7.422456e-01 
 4.123583e+01 -7.403412e-01 
 4.123615e+01 -7.384142e-01 
 4.123647e+01 -7.364681e-01 
 4.123680e+01 -7.345049e-01 
 4.123712e+01 -7.325267e-01 
 4.123744e+01 -7.305415e-01 
 4.123776e+01 -7.285397e-01 
 4.123809e+01 -7.265246e-01 
 4.123841e+01 -7.244906e-01 
 4.123873e+01 -7.224424e-01 
 4.123906e+01 -7.203819e-01 
 4.123938e+01 -7.183029e-01 
 4.123970e+01 -7.162155e-01 
 4.124003e+01 -7.141220e-01 
 4.124035e+01 -7.120243e-01 
 4.124067e+01 -7.099213e-01 
 4.124099e+01 -7.078129e-01 
 4.124132e+01 -7.057014e-01 
 4.124164e+01 -7.035883e-01 
 4.124196e+01 -7.014852e-01 
 4.124229e+01 -6.993790e-01 
 4.124261e+01 -6.972615e-01 
 4.124293e+01 -6.951403e-01 
 4.124326e+01 -6.930342e-01 
 4.124358e+01 -6.909323e-01 
 4.124390e+01 -6.888390e-01 
 4.124422e+01 -6.867617e-01 
 4.124455e+01 -6.846952e-01 
 4.124487e+01 -6.826422e-01 
 4.124519e+01 -6.806207e-01 
 4.124552e+01 -6.786192e-01 
 4.124584e+01 -6.766311e-01 
 4.124616e+01 -6.746732e-01 
 4.124649e+01 -6.727393e-01 
 4.124681e+01 -6.708253e-01 
 4.124713e+01 -6.689405e-01 
 4.124745e+01 -6.670872e-01 
 4.124778e+01 -6.652636e-01 
 4.124810e+01 -6.634827e-01 
 4.124842e+01 -6.617360e-01 
 4.124875e+01 -6.600206e-01 
 4.124907e+01 -6.583377e-01 
 4.124939e+01 -6.566949e-01 
 4.124972e+01 -6.550921e-01 
 4.125004e+01 -6.535226e-01 
 4.125036e+01 -6.519857e-01 
 4.125068e+01 -6.504817e-01 
 4.125101e+01 -6.490121e-01 
 4.125133e+01 -6.475756e-01 
 4.125165e+01 -6.461797e-01 
 4.125198e+01 -6.448235e-01 
 4.125230e+01 -6.435020e-01 
 4.125262e+01 -6.422216e-01 
 4.125294e+01 -6.409816e-01 
 4.125327e+01 -6.397811e-01 
 4.125359e+01 -6.386250e-01 
 4.125391e+01 -6.375122e-01 
 4.125424e+01 -6.364418e-01 
 4.125456e+01 -6.353903e-01 
 4.125488e+01 -6.344099e-01 
 4.125521e+01 -6.334794e-01 
 4.125553e+01 -6.325856e-01 
 4.125585e+01 -6.317612e-01 
 4.125617e+01 -6.309808e-01 
 4.125650e+01 -6.302582e-01 
 4.125682e+01 -6.295829e-01 
 4.125714e+01 -6.289711e-01 
 4.125747e+01 -6.284106e-01 
 4.125779e+01 -6.279157e-01 
 4.125811e+01 -6.274762e-01 
 4.125844e+01 -6.271062e-01 
 4.125876e+01 -6.267878e-01 
 4.125908e+01 -6.265355e-01 
 4.125940e+01 -6.263365e-01 
 4.125973e+01 -6.262027e-01 
 4.126005e+01 -6.261295e-01 
 4.126037e+01 -6.261177e-01 
 4.126070e+01 -6.261635e-01 
 4.126102e+01 -6.262721e-01 
 4.126134e+01 -6.264396e-01 
 4.126167e+01 -6.266742e-01 
 4.126199e+01 -6.269652e-01 
 4.126231e+01 -6.273195e-01 
 4.126263e+01 -6.277308e-01 
 4.126296e+01 -6.282002e-01 
 4.126328e+01 -6.287275e-01 
 4.126360e+01 -6.293157e-01 
 4.126393e+01 -6.299711e-01 
 4.126425e+01 -6.306880e-01 
 4.126457e+01 -6.314619e-01 
 4.126490e+01 -6.322973e-01 
 4.126522e+01 -6.331969e-01 
 4.126554e+01 -6.341469e-01 
 4.126586e+01 -6.351586e-01 
 4.126619e+01 -6.362254e-01 
 4.126651e+01 -6.373442e-01 
 4.126683e+01 -6.385126e-01 
 4.126716e+01 -6.397368e-01 
 4.126748e+01 -6.410004e-01 
 4.126780e+01 -6.423156e-01 
 4.126813e+01 -6.436795e-01 
 4.126845e+01 -6.450894e-01 
 4.126877e+01 -6.465310e-01 
 4.126909e+01 -6.480087e-01 
 4.126942e+01 -6.495247e-01 
 4.126974e+01 -6.510705e-01 
 4.127006e+01 -6.526552e-01 
 4.127039e+01 -6.542656e-01 
 4.127071e+01 -6.559048e-01 
 4.127103e+01 -6.575615e-01 
 4.127136e+01 -6.592413e-01 
 4.127168e+01 -6.609409e-01 
 4.127200e+01 -6.626545e-01 
 4.127232e+01 -6.643818e-01 
 4.127265e+01 -6.661292e-01 
 4.127297e+01 -6.678932e-01 
 4.127329e+01 -6.696643e-01 
 4.127362e+01 -6.714548e-01 
 4.127394e+01 -6.732880e-01 
 4.127426e+01 -6.751012e-01 
 4.127459e+01 -6.769179e-01 
 4.127491e+01 -6.787661e-01 
 4.127523e+01 -6.806000e-01 
 4.127555e+01 -6.824572e-01 
 4.127588e+01 -6.843244e-01 
 4.127620e+01 -6.861915e-01 
 4.127652e+01 -6.880566e-01 
 4.127685e+01 -6.899458e-01 
 4.127717e+01 -6.918300e-01 
 4.127749e+01 -6.937183e-01 
 4.127782e+01 -6.956056e-01 
 4.127814e+01 -6.975039e-01 
 4.127846e+01 -6.993977e-01 
 4.127878e+01 -7.013012e-01 
 4.127911e+01 -7.032008e-01 
 4.127943e+01 -7.050943e-01 
 4.127975e+01 -7.069882e-01 
 4.128008e+01 -7.088877e-01 
 4.128040e+01 -7.107794e-01 
 4.128072e+01 -7.126658e-01 
 4.128105e+01 -7.145431e-01 
 4.128137e+01 -7.164314e-01 
 4.128169e+01 -7.183200e-01 
 4.128201e+01 -7.202039e-01 
 4.128234e+01 -7.220860e-01 
 4.128266e+01 -7.239619e-01 
 4.128298e+01 -7.258290e-01 
 4.128331e+01 -7.276837e-01 
 4.128363e+01 -7.295253e-01 
 4.128395e+01 -7.313521e-01 
 4.128428e+01 -7.331627e-01 
 4.128460e+01 -7.349681e-01 
 4.128492e+01 -7.367508e-01 
 4.128524e+01 -7.385052e-01 
 4.128557e+01 -7.402389e-01 
 4.128589e+01 -7.419433e-01 
 4.128621e+01 -7.436195e-01 
 4.128654e+01 -7.452580e-01 
 4.128686e+01 -7.468640e-01 
 4.128718e+01 -7.484192e-01 
 4.128750e+01 -7.499268e-01 
 4.128783e+01 -7.513913e-01 
 4.128815e+01 -7.528045e-01 
 4.128847e+01 -7.541628e-01 
 4.128880e+01 -7.554655e-01 
 4.128912e+01 -7.567090e-01 
 4.128944e+01 -7.578862e-01 
 4.128977e+01 -7.590123e-01 
 4.129009e+01 -7.600708e-01 
 4.129041e+01 -7.610692e-01 
 4.129073e+01 -7.620007e-01 
 4.129106e+01 -7.628736e-01 
 4.129138e+01 -7.636880e-01 
 4.129170e+01 -7.644385e-01 
 4.129203e+01 -7.651234e-01 
 4.129235e+01 -7.657373e-01 
 4.129267e+01 -7.662985e-01 
 4.129300e+01 -7.668007e-01 
 4.129332e+01 -7.672331e-01 
 4.129364e+01 -7.676114e-01 
 4.129396e+01 -7.679350e-01 
 4.129429e+01 -7.682021e-01 
 4.129461e+01 -7.684168e-01 
 4.129493e+01 -7.685705e-01 
 4.129526e+01 -7.686574e-01 
 4.129558e+01 -7.687042e-01 
 4.129590e+01 -7.687034e-01 
 4.129623e+01 -7.686318e-01 
 4.129655e+01 -7.685154e-01 
 4.129687e+01 -7.683423e-01 
 4.129719e+01 -7.681134e-01 
 4.129752e+01 -7.676770e-01 
 4.129784e+01 -7.673570e-01 
 4.129816e+01 -7.669772e-01 
 4.129849e+01 -7.665506e-01 
 4.129881e+01 -7.660795e-01 
 4.129913e+01 -7.655511e-01 
 4.129946e+01 -7.649308e-01 
 4.129978e+01 -7.642391e-01 
 4.130010e+01 -7.635856e-01 
 4.130042e+01 -7.628925e-01 
 4.130075e+01 -7.621538e-01 
 4.130107e+01 -7.613596e-01 
 4.130139e+01 -7.605201e-01 
 4.130172e+01 -7.596395e-01 
 4.130204e+01 -7.587225e-01 
 4.130236e+01 -7.577603e-01 
 4.130269e+01 -7.567485e-01 
 4.130301e+01 -7.556920e-01 
 4.130333e+01 -7.545945e-01 
 4.130365e+01 -7.534578e-01 
 4.130398e+01 -7.522757e-01 
 4.130430e+01 -7.510575e-01 
 4.130462e+01 -7.497975e-01 
 4.130495e+01 -7.484956e-01 
 4.130527e+01 -7.471552e-01 
 4.130559e+01 -7.457699e-01 
 4.130592e+01 -7.443463e-01 
 4.130624e+01 -7.428865e-01 
 4.130656e+01 -7.413958e-01 
 4.130688e+01 -7.398727e-01 
 4.130721e+01 -7.383101e-01 
 4.130753e+01 -7.367194e-01 
 4.130785e+01 -7.351028e-01 
 4.130818e+01 -7.334587e-01 
 4.130850e+01 -7.317921e-01 
 4.130882e+01 -7.301056e-01 
 4.130915e+01 -7.283859e-01 
 4.130947e+01 -7.266555e-01 
 4.130979e+01 -7.249076e-01 
 4.131011e+01 -7.231496e-01 
 4.131044e+01 -7.213785e-01 
 4.131076e+01 -7.195995e-01 
 4.131108e+01 -7.178120e-01 
 4.131141e+01 -7.160162e-01 
 4.131173e+01 -7.142233e-01 
 4.131205e+01 -7.124209e-01 
 4.131238e+01 -7.106163e-01 
 4.131270e+01 -7.088115e-01 
 4.131302e+01 -7.070095e-01 
 4.131334e+01 -7.052074e-01 
 4.131367e+01 -7.034028e-01 
 4.131399e+01 -7.016000e-01 
 4.131431e+01 -6.998013e-01 
 4.131464e+01 -6.980146e-01 
 4.131496e+01 -6.962278e-01 
 4.131528e+01 -6.944402e-01 
 4.131561e+01 -6.926536e-01 
 4.131593e+01 -6.908728e-01 
 4.131625e+01 -6.891084e-01 
 4.131657e+01 -6.873493e-01 
 4.131690e+01 -6.855912e-01 
 4.131722e+01 -6.838389e-01 
 4.131754e+01 -6.821108e-01 
 4.131787e+01 -6.803910e-01 
 4.131819e+01 -6.786794e-01 
 4.131851e+01 -6.769833e-01 
 4.131884e+01 -6.752946e-01 
 4.131916e+01 -6.736198e-01 
 4.131948e+01 -6.719784e-01 
 4.131980e+01 -6.703590e-01 
 4.132013e+01 -6.687518e-01 
 4.132045e+01 -6.671766e-01 
 4.132077e+01 -6.656256e-01 
 4.132110e+01 -6.640920e-01 
 4.132142e+01 -6.625917e-01 
 4.132174e+01 -6.611234e-01 
 4.132206e+01 -6.596858e-01 
 4.132239e+01 -6.582945e-01 
 4.132271e+01 -6.569409e-01 
 4.132303e+01 -6.556219e-01 
 4.132336e+01 -6.543391e-01 
 4.132368e+01 -6.531070e-01 
 4.132400e+01 -6.519212e-01 
 4.132433e+01 -6.507776e-01 
 4.132465e+01 -6.496785e-01 
 4.132497e+01 -6.486324e-01 
 4.132529e+01 -6.476390e-01 
 4.132562e+01 -6.466757e-01 
 4.132594e+01 -6.457988e-01 
 4.132626e+01 -6.449838e-01 
 4.132659e+01 -6.442088e-01 
 4.132691e+01 -6.435093e-01 
 4.132723e+01 -6.428504e-01 
 4.132756e+01 -6.422538e-01 
 4.132788e+01 -6.417134e-01 
 4.132820e+01 -6.412405e-01 
 4.132852e+01 -6.408250e-01 
 4.132885e+01 -6.404751e-01 
 4.132917e+01 -6.401803e-01 
 4.132949e+01 -6.399521e-01 
 4.132982e+01 -6.397823e-01 
 4.133014e+01 -6.396790e-01 
 4.133046e+01 -6.396393e-01 
 4.133079e+01 -6.396565e-01 
 4.133111e+01 -6.397258e-01 
 4.133143e+01 -6.398491e-01 
 4.133175e+01 -6.400142e-01 
 4.133208e+01 -6.402296e-01 
 4.133240e+01 -6.404951e-01 
 4.133272e+01 -6.408121e-01 
 4.133305e+01 -6.411617e-01 
 4.133337e+01 -6.415577e-01 
 4.133369e+01 -6.419907e-01 
 4.133402e+01 -6.424602e-01 
 4.133434e+01 -6.429707e-01 
 4.133466e+01 -6.435186e-01 
 4.133498e+01 -6.440993e-01 
 4.133531e+01 -6.447129e-01 
 4.133563e+01 -6.453516e-01 
 4.133595e+01 -6.460193e-01 
 4.133628e+01 -6.467177e-01 
 4.133660e+01 -6.474421e-01 
 4.133692e+01 -6.481939e-01 
 4.133725e+01 -6.489674e-01 
 4.133757e+01 -6.497716e-01 
 4.133789e+01 -6.505979e-01 
 4.133821e+01 -6.514568e-01 
 4.133854e+01 -6.523445e-01 
 4.133886e+01 -6.532556e-01 
 4.133918e+01 -6.541944e-01 
 4.133951e+01 -6.551651e-01 
 4.133983e+01 -6.561555e-01 
 4.134015e+01 -6.571725e-01 
 4.134048e+01 -6.582232e-01 
 4.134080e+01 -6.592953e-01 
 4.134112e+01 -6.603921e-01 
 4.134144e+01 -6.615189e-01 
 4.134177e+01 -6.626950e-01 
 4.134209e+01 -6.638757e-01 
 4.134241e+01 -6.650922e-01 
 4.134274e+01 -6.663565e-01 
 4.134306e+01 -6.676217e-01 
 4.134338e+01 -6.689293e-01 
 4.134371e+01 -6.702641e-01 
 4.134403e+01 -6.716283e-01 
 4.134435e+01 -6.730158e-01 
 4.134467e+01 -6.744342e-01 
 4.134500e+01 -6.758795e-01 
 4.134532e+01 -6.773558e-01 
 4.134564e+01 -6.788467e-01 
 4.134597e+01 -6.803710e-01 
 4.134629e+01 -6.819113e-01 
 4.134661e+01 -6.834776e-01 
 4.134694e+01 -6.850658e-01 
 4.134726e+01 -6.866639e-01 
 4.134758e+01 -6.882706e-01 
 4.134790e+01 -6.899192e-01 
 4.134823e+01 -6.915750e-01 
 4.134855e+01 -6.932402e-01 
 4.134887e+01 -6.949181e-01 
 4.134920e+01 -6.966047e-01 
 4.134952e+01 -6.982860e-01 
 4.134984e+01 -6.999681e-01 
 4.135017e+01 -7.016477e-01 
 4.135049e+01 -7.033227e-01 
 4.135081e+01 -7.049928e-01 
 4.135113e+01 -7.066460e-01 
 4.135146e+01 -7.082852e-01 
 4.135178e+01 -7.099054e-01 
 4.135210e+01 -7.115045e-01 
 4.135243e+01 -7.130911e-01 
 4.135275e+01 -7.146597e-01 
 4.135307e+01 -7.161989e-01 
 4.135340e+01 -7.177164e-01 
 4.135372e+01 -7.191948e-01 
 4.135404e+01 -7.206479e-01 
 4.135436e+01 -7.220791e-01 
 4.135469e+01 -7.234786e-01 
 4.135501e+01 -7.248452e-01 
 4.135533e+01 -7.261841e-01 
 4.135566e+01 -7.274991e-01 
 4.135598e+01 -7.287822e-01 
 4.135630e+01 -7.300413e-01 
 4.135662e+01 -7.312752e-01 
 4.135695e+01 -7.324850e-01 
 4.135727e+01 -7.336692e-01 
 4.135759e+01 -7.348227e-01 
 4.135792e+01 -7.359443e-01 
 4.135824e+01 -7.370386e-01 
 4.135856e+01 -7.381030e-01 
 4.135889e+01 -7.391452e-01 
 4.135921e+01 -7.401618e-01 
 4.135953e+01 -7.411462e-01 
 4.135985e+01 -7.420937e-01 
 4.136018e+01 -7.430108e-01 
 4.136050e+01 -7.438987e-01 
 4.136082e+01 -7.447634e-01 
 4.136115e+01 -7.455857e-01 
 4.136147e+01 -7.463794e-01 
 4.136179e+01 -7.471341e-01 
 4.136212e+01 -7.478471e-01 
 4.136244e+01 -7.485274e-01 
 4.136276e+01 -7.491639e-01 
 4.136308e+01 -7.497579e-01 
 4.136341e+01 -7.503151e-01 
 4.136373e+01 -7.508351e-01 
 4.136405e+01 -7.513015e-01 
 4.136438e+01 -7.517327e-01 
 4.136470e+01 -7.521237e-01 
 4.136502e+01 -7.524661e-01 
 4.136535e+01 -7.527707e-01 
 4.136567e+01 -7.530309e-01 
 4.136599e+01 -7.532408e-01 
 4.136631e+01 -7.534034e-01 
 4.136664e+01 -7.535205e-01 
 4.136696e+01 -7.535910e-01 
 4.136728e+01 -7.536194e-01 
 4.136761e+01 -7.536013e-01 
 4.136793e+01 -7.535298e-01 
 4.136825e+01 -7.534188e-01 
 4.136858e+01 -7.532650e-01 
 4.136890e+01 -7.530643e-01 
 4.136922e+01 -7.528174e-01 
 4.136954e+01 -7.525203e-01 
 4.136987e+01 -7.521837e-01 
 4.137019e+01 -7.518019e-01 
 4.137051e+01 -7.513757e-01 
 4.137084e+01 -7.509162e-01 
 4.137116e+01 -7.504105e-01 
 4.137148e+01 -7.498708e-01 
 4.137181e+01 -7.492951e-01 
 4.137213e+01 -7.486847e-01 
 4.137245e+01 -7.480365e-01 
 4.137277e+01 -7.473581e-01 
 4.137310e+01 -7.466490e-01 
 4.137342e+01 -7.459076e-01 
 4.137374e+01 -7.451412e-01 
 4.137407e+01 -7.441599e-01 
 4.137439e+01 -7.433423e-01 
 4.137471e+01 -7.425015e-01 
 4.137504e+01 -7.414955e-01 
 4.137536e+01 -7.406091e-01 
 4.137568e+01 -7.396983e-01 
 4.137600e+01 -7.387698e-01 
 4.137633e+01 -7.378250e-01 
 4.137665e+01 -7.368606e-01 
 4.137697e+01 -7.358702e-01 
 4.137730e+01 -7.348667e-01 
 4.137762e+01 -7.338303e-01 
 4.137794e+01 -7.327640e-01 
 4.137827e+01 -7.316663e-01 
 4.137859e+01 -7.305280e-01 
 4.137891e+01 -7.293571e-01 
 4.137923e+01 -7.281546e-01 
 4.137956e+01 -7.269237e-01 
 4.137988e+01 -7.256639e-01 
 4.138020e+01 -7.243753e-01 
 4.138053e+01 -7.230632e-01 
 4.138085e+01 -7.217320e-01 
 4.138117e+01 -7.203829e-01 
 4.138150e+01 -7.190009e-01 
 4.138182e+01 -7.175956e-01 
 4.138214e+01 -7.161615e-01 
 4.138246e+01 -7.147031e-01 
 4.138279e+01 -7.132254e-01 
 4.138311e+01 -7.117256e-01 
 4.138343e+01 -7.102128e-01 
 4.138376e+01 -7.086865e-01 
 4.138408e+01 -7.071606e-01 
 4.138440e+01 -7.056269e-01 
 4.138473e+01 -7.040903e-01 
 4.138505e+01 -7.025529e-01 
 4.138537e+01 -7.010246e-01 
 4.138569e+01 -6.994935e-01 
 4.138602e+01 -6.979612e-01 
 4.138634e+01 -6.964328e-01 
 4.138666e+01 -6.949022e-01 
 4.138699e+01 -6.933774e-01 
 4.138731e+01 -6.918721e-01 
 4.138763e+01 -6.903739e-01 
 4.138796e+01 -6.888831e-01 
 4.138828e+01 -6.874143e-01 
 4.138860e+01 -6.859677e-01 
 4.138892e+01 -6.845446e-01 
 4.138925e+01 -6.831458e-01 
 4.138957e+01 -6.817715e-01 
 4.138989e+01 -6.804185e-01 
 4.139022e+01 -6.790951e-01 
 4.139054e+01 -6.777992e-01 
 4.139086e+01 -6.765277e-01 
 4.139119e+01 -6.752826e-01 
 4.139151e+01 -6.740740e-01 
 4.139183e+01 -6.729048e-01 
 4.139215e+01 -6.717728e-01 
 4.139248e+01 -6.706805e-01 
 4.139280e+01 -6.696324e-01 
 4.139312e+01 -6.686253e-01 
 4.139345e+01 -6.676624e-01 
 4.139377e+01 -6.667438e-01 
 4.139409e+01 -6.658597e-01 
 4.139441e+01 -6.650087e-01 
 4.139474e+01 -6.642005e-01 
 4.139506e+01 -6.634213e-01 
 4.139538e+01 -6.626716e-01 
 4.139571e+01 -6.619627e-01 
 4.139603e+01 -6.612848e-01 
 4.139635e+01 -6.606482e-01 
 4.139668e+01 -6.600511e-01 
 4.139700e+01 -6.594955e-01 
 4.139732e+01 -6.589769e-01 
 4.139764e+01 -6.584930e-01 
 4.139797e+01 -6.580422e-01 
 4.139829e+01 -6.576225e-01 
 4.139861e+01 -6.572262e-01 
 4.139894e+01 -6.568570e-01 
 4.139926e+01 -6.565224e-01 
 4.139958e+01 -6.562155e-01 
 4.139991e+01 -6.559440e-01 
 4.140023e+01 -6.557095e-01 
 4.140055e+01 -6.555082e-01 
 4.140087e+01 -6.553435e-01 
 4.140120e+01 -6.552176e-01 
 4.140152e+01 -6.551238e-01 
 4.140184e+01 -6.550614e-01 
 4.140217e+01 -6.550334e-01 
 4.140249e+01 -6.550333e-01 
 4.140281e+01 -6.550673e-01 
 4.140314e+01 -6.551100e-01 
 4.140346e+01 -6.552086e-01 
 4.140378e+01 -6.553479e-01 
 4.140410e+01 -6.555026e-01 
 4.140443e+01 -6.557094e-01 
 4.140475e+01 -6.559352e-01 
 4.140507e+01 -6.562021e-01 
 4.140540e+01 -6.564998e-01 
 4.140572e+01 -6.568346e-01 
 4.140604e+01 -6.571996e-01 
 4.140637e+01 -6.576207e-01 
 4.140669e+01 -6.580362e-01 
 4.140701e+01 -6.584842e-01 
 4.140733e+01 -6.589795e-01 
 4.140766e+01 -6.594927e-01 
 4.140798e+01 -6.600511e-01 
 4.140830e+01 -6.606432e-01 
 4.140863e+01 -6.612740e-01 
 4.140895e+01 -6.619390e-01 
 4.140927e+01 -6.626495e-01 
 4.140960e+01 -6.633973e-01 
 4.140992e+01 -6.641925e-01 
 4.141024e+01 -6.650242e-01 
 4.141056e+01 -6.658881e-01 
 4.141089e+01 -6.667789e-01 
 4.141121e+01 -6.677067e-01 
 4.141153e+01 -6.686667e-01 
 4.141186e+01 -6.696548e-01 
 4.141218e+01 -6.706803e-01 
 4.141250e+01 -6.717474e-01 
 4.141283e+01 -6.728381e-01 
 4.141315e+01 -6.739556e-01 
 4.141347e+01 -6.750958e-01 
 4.141379e+01 -6.762696e-01 
 4.141412e+01 -6.774546e-01 
 4.141444e+01 -6.786548e-01 
 4.141476e+01 -6.798633e-01 
 4.141509e+01 -6.810850e-01 
 4.141541e+01 -6.823105e-01 
 4.141573e+01 -6.835472e-01 
 4.141606e+01 -6.847868e-01 
 4.141638e+01 -6.860354e-01 
 4.141670e+01 -6.872925e-01 
 4.141702e+01 -6.885557e-01 
 4.141735e+01 -6.898228e-01 
 4.141767e+01 -6.910887e-01 
 4.141799e+01 -6.923647e-01 
 4.141832e+01 -6.936355e-01 
 4.141864e+01 -6.949099e-01 
 4.141896e+01 -6.961730e-01 
 4.141929e+01 -6.974359e-01 
 4.141961e+01 -6.986898e-01 
 4.141993e+01 -6.999425e-01 
 4.142025e+01 -7.011929e-01 
 4.142058e+01 -7.024369e-01 
 4.142090e+01 -7.036780e-01 
 4.142122e+01 -7.049199e-01 
 4.142155e+01 -7.061588e-01 
 4.142187e+01 -7.073951e-01 
 4.142219e+01 -7.086319e-01 
 4.142252e+01 -7.098593e-01 
 4.142284e+01 -7.110739e-01 
 4.142316e+01 -7.122751e-01 
 4.142348e+01 -7.134686e-01 
 4.142381e+01 -7.146469e-01 
 4.142413e+01 -7.158152e-01 
 4.142445e+01 -7.169654e-01 
 4.142478e+01 -7.180888e-01 
 4.142510e+01 -7.192000e-01 
 4.142542e+01 -7.203082e-01 
 4.142575e+01 -7.213900e-01 
 4.142607e+01 -7.224528e-01 
 4.142639e+01 -7.235011e-01 
 4.142671e+01 -7.245205e-01 
 4.142704e+01 -7.255104e-01 
 4.142736e+01 -7.264712e-01 
 4.142768e+01 -7.273951e-01 
 4.142801e+01 -7.282959e-01 
 4.142833e+01 -7.291726e-01 
 4.142865e+01 -7.299981e-01 
 4.142897e+01 -7.307954e-01 
 4.142930e+01 -7.315661e-01 
 4.142962e+01 -7.322998e-01 
 4.142994e+01 -7.330079e-01 
 4.143027e+01 -7.336842e-01 
 4.143059e+01 -7.343125e-01 
 4.143091e+01 -7.349001e-01 
 4.143124e+01 -7.354432e-01 
 4.143156e+01 -7.359360e-01 
 4.143188e+01 -7.363929e-01 
 4.143220e+01 -7.368060e-01 
 4.143253e+01 -7.371743e-01 
 4.143285e+01 -7.375004e-01 
 4.143317e+01 -7.377933e-01 
 4.143350e+01 -7.380382e-01 
 4.143382e+01 -7.382549e-01 
 4.143414e+01 -7.384417e-01 
 4.143447e+01 -7.385953e-01 
 4.143479e+01 -7.387171e-01 
 4.143511e+01 -7.387991e-01 
 4.143543e+01 -7.388538e-01 
 4.143576e+01 -7.388747e-01 
 4.143608e+01 -7.388728e-01 
 4.143640e+01 -7.388405e-01 
 4.143673e+01 -7.387868e-01 
 4.143705e+01 -7.387121e-01 
 4.143737e+01 -7.386161e-01 
 4.143770e+01 -7.385033e-01 
 4.143802e+01 -7.383716e-01 
 4.143834e+01 -7.382359e-01 
 4.143866e+01 -7.380746e-01 
 4.143899e+01 -7.378967e-01 
 4.143931e+01 -7.376951e-01 
 4.143963e+01 -7.374674e-01 
 4.143996e+01 -7.372209e-01 
 4.144028e+01 -7.369516e-01 
 4.144060e+01 -7.366615e-01 
 4.144093e+01 -7.363433e-01 
 4.144125e+01 -7.360112e-01 
 4.144157e+01 -7.356495e-01 
 4.144189e+01 -7.352683e-01 
 4.144222e+01 -7.348592e-01 
 4.144254e+01 -7.344216e-01 
 4.144286e+01 -7.339536e-01 
 4.144319e+01 -7.334482e-01 
 4.144351e+01 -7.329050e-01 
 4.144383e+01 -7.323173e-01 
 4.144416e+01 -7.317002e-01 
 4.144448e+01 -7.310469e-01 
 4.144480e+01 -7.303593e-01 
 4.144512e+01 -7.296365e-01 
 4.144545e+01 -7.287975e-01 
 4.144577e+01 -7.280094e-01 
 4.144609e+01 -7.271889e-01 
 4.144642e+01 -7.263388e-01 
 4.144674e+01 -7.254487e-01 
 4.144706e+01 -7.245086e-01 
 4.144739e+01 -7.235225e-01 
 4.144771e+01 -7.225383e-01 
 4.144803e+01 -7.215323e-01 
 4.144835e+01 -7.204991e-01 
 4.144868e+01 -7.194432e-01 
 4.144900e+01 -7.183631e-01 
 4.144932e+01 -7.172582e-01 
 4.144965e+01 -7.161310e-01 
 4.144997e+01 -7.149930e-01 
 4.145029e+01 -7.138379e-01 
 4.145062e+01 -7.126660e-01 
 4.145094e+01 -7.114775e-01 
 4.145126e+01 -7.102745e-01 
 4.145158e+01 -7.090539e-01 
 4.145191e+01 -7.078332e-01 
 4.145223e+01 -7.066088e-01 
 4.145255e+01 -7.053759e-01 
 4.145288e+01 -7.041491e-01 
 4.145320e+01 -7.029270e-01 
 4.145352e+01 -7.017060e-01 
 4.145385e+01 -7.005025e-01 
 4.145417e+01 -6.993083e-01 
 4.145449e+01 -6.981201e-01 
 4.145481e+01 -6.969506e-01 
 4.145514e+01 -6.957915e-01 
 4.145546e+01 -6.946414e-01 
 4.145578e+01 -6.935031e-01 
 4.145611e+01 -6.923815e-01 
 4.145643e+01 -6.912796e-01 
 4.145675e+01 -6.901948e-01 
 4.145708e+01 -6.891242e-01 
 4.145740e+01 -6.880742e-01 
 4.145772e+01 -6.870420e-01 
 4.145804e+01 -6.860307e-01 
 4.145837e+01 -6.850408e-01 
 4.145869e+01 -6.840684e-01 
 4.145901e+01 -6.831069e-01 
 4.145934e+01 -6.821620e-01 
 4.145966e+01 -6.812268e-01 
 4.145998e+01 -6.803052e-01 
 4.146031e+01 -6.794042e-01 
 4.146063e+01 -6.785161e-01 
 4.146095e+01 -6.776444e-01 
 4.146127e+01 -6.767894e-01 
 4.146160e+01 -6.759535e-01 
 4.146192e+01 -6.751338e-01 
 4.146224e+01 -6.743328e-01 
 4.146257e+01 -6.735492e-01 
 4.146289e+01 -6.727881e-01 
 4.146321e+01 -6.720482e-01 
 4.146353e+01 -6.713250e-01 
 4.146386e+01 -6.706234e-01 
 4.146418e+01 -6.699422e-01 
 4.146450e+01 -6.692868e-01 
 4.146483e+01 -6.686637e-01 
 4.146515e+01 -6.680686e-01 
 4.146547e+01 -6.674957e-01 
 4.146580e+01 -6.669528e-01 
 4.146612e+01 -6.664387e-01 
 4.146644e+01 -6.659545e-01 
 4.146676e+01 -6.655031e-01 
 4.146709e+01 -6.650834e-01 
 4.146741e+01 -6.646948e-01 
 4.146773e+01 -6.643363e-01 
 4.146806e+01 -6.640092e-01 
 4.146838e+01 -6.637112e-01 
 4.146870e+01 -6.634443e-01 
 4.146903e+01 -6.632124e-01 
 4.146935e+01 -6.630080e-01 
 4.146967e+01 -6.628353e-01 
 4.146999e+01 -6.627017e-01 
 4.147032e+01 -6.626024e-01 
 4.147064e+01 -6.625395e-01 
 4.147096e+01 -6.625166e-01 
 4.147129e+01 -6.625267e-01 
 4.147161e+01 -6.625707e-01 
 4.147193e+01 -6.626514e-01 
 4.147226e+01 -6.627675e-01 
 4.147258e+01 -6.629164e-01 
 4.147290e+01 -6.631025e-01 
 4.147322e+01 -6.633239e-01 
 4.147355e+01 -6.635774e-01 
 4.147387e+01 -6.638701e-01 
 4.147419e+01 -6.641957e-01 
 4.147452e+01 -6.645611e-01 
 4.147484e+01 -6.649624e-01 
 4.147516e+01 -6.653947e-01 
 4.147549e+01 -6.658537e-01 
 4.147581e+01 -6.663461e-01 
 4.147613e+01 -6.668703e-01 
 4.147645e+01 -6.674207e-01 
 4.147678e+01 -6.680052e-01 
 4.147710e+01 -6.686159e-01 
 4.147742e+01 -6.692537e-01 
 4.147775e+01 -6.699189e-01 
 4.147807e+01 -6.706087e-01 
 4.147839e+01 -6.713287e-01 
 4.147872e+01 -6.720764e-01 
 4.147904e+01 -6.728474e-01 
 4.147936e+01 -6.736418e-01 
 4.147968e+01 -6.744593e-01 
 4.148001e+01 -6.752948e-01 
 4.148033e+01 -6.761556e-01 
 4.148065e+01 -6.770374e-01 
 4.148098e+01 -6.779394e-01 
 4.148130e+01 -6.788643e-01 
 4.148162e+01 -6.798082e-01 
 4.148195e+01 -6.807743e-01 
 4.148227e+01 -6.817617e-01 
 4.148259e+01 -6.827751e-01 
 4.148291e+01 -6.838093e-01 
 4.148324e+01 -6.848689e-01 
 4.148356e+01 -6.859482e-01 
 4.148388e+01 -6.870478e-01 
 4.148421e+01 -6.881619e-01 
 4.148453e+01 -6.892888e-01 
 4.148485e+01 -6.904348e-01 
 4.148518e+01 -6.915921e-01 
 4.148550e+01 -6.927643e-01 
 4.148582e+01 -6.939471e-01 
 4.148614e+01 -6.951375e-01 
 4.148647e+01 -6.963398e-01 
 4.148679e+01 -6.975552e-01 
 4.148711e+01 -6.987779e-01 
 4.148744e+01 -7.000029e-01 
 4.148776e+01 -7.012287e-01 
 4.148808e+01 -7.024559e-01 
 4.148841e+01 -7.036770e-01 
 4.148873e+01 -7.048922e-01 
 4.148905e+01 -7.061013e-01 
 4.148937e+01 -7.073011e-01 
 4.148970e+01 -7.084973e-01 
 4.149002e+01 -7.096834e-01 
 4.149034e+01 -7.108555e-01 
 4.149067e+01 -7.120194e-01 
 4.149099e+01 -7.131723e-01 
 4.149131e+01 -7.143136e-01 
 4.149164e+01 -7.154368e-01 
 4.149196e+01 -7.165381e-01 
 4.149228e+01 -7.176164e-01 
 4.149260e+01 -7.186749e-01 
 4.149293e+01 -7.197137e-01 
 4.149325e+01 -7.207261e-01 
 4.149357e+01 -7.217134e-01 
 4.149390e+01 -7.226721e-01 
 4.149422e+01 -7.236036e-01 
 4.149454e+01 -7.245132e-01 
 4.149487e+01 -7.253964e-01 
 4.149519e+01 -7.262513e-01 
 4.149551e+01 -7.270794e-01 
 4.149583e+01 -7.278783e-01 
 4.149616e+01 -7.286489e-01 
 4.149648e+01 -7.293914e-01 
 4.149680e+01 -7.301030e-01 
 4.149713e+01 -7.307806e-01 
 4.149745e+01 -7.314262e-01 
 4.149777e+01 -7.320435e-01 
 4.149809e+01 -7.326284e-01 
 4.149842e+01 -7.331834e-01 
 4.149874e+01 -7.337143e-01 
 4.149906e+01 -7.342156e-01 
 4.149939e+01 -7.346932e-01 
 4.149971e+01 -7.351444e-01 
 4.150003e+01 -7.355680e-01 
 4.150036e+01 -7.359640e-01 
 4.150068e+01 -7.363379e-01 
 4.150100e+01 -7.366879e-01 
 4.150132e+01 -7.370120e-01 
 4.150165e+01 -7.373140e-01 
 4.150197e+01 -7.375894e-01 
 4.150229e+01 -7.378416e-01 
 4.150262e+01 -7.380727e-01 
 4.150294e+01 -7.382830e-01 
 4.150326e+01 -7.384687e-01 
 4.150359e+01 -7.386281e-01 
 4.150391e+01 -7.387605e-01 
 4.150423e+01 -7.388703e-01 
 4.150455e+01 -7.389497e-01 
 4.150488e+01 -7.390004e-01 
 4.150520e+01 -7.390233e-01 
 4.150552e+01 -7.390164e-01 
 4.150585e+01 -7.389799e-01 
 4.150617e+01 -7.389101e-01 
 4.150649e+01 -7.388078e-01 
 4.150682e+01 -7.386730e-01 
 4.150714e+01 -7.385069e-01 
 4.150746e+01 -7.383054e-01 
 4.150778e+01 -7.380684e-01 
 4.150811e+01 -7.377962e-01 
 4.150843e+01 -7.374872e-01 
 4.150875e+01 -7.371414e-01 
 4.150908e+01 -7.367576e-01 
 4.150940e+01 -7.363390e-01 
 4.150972e+01 -7.358841e-01 
 4.151005e+01 -7.353921e-01 
 4.151037e+01 -7.348636e-01 
 4.151069e+01 -7.342984e-01 
 4.151101e+01 -7.336968e-01 
 4.151134e+01 -7.330636e-01 
 4.151166e+01 -7.323977e-01 
 4.151198e+01 -7.316949e-01 
 4.151231e+01 -7.309576e-01 
 4.151263e+01 -7.301860e-01 
 4.151295e+01 -7.293819e-01 
 4.151328e+01 -7.285469e-01 
 4.151360e+01 -7.276851e-01 
 4.151392e+01 -7.267913e-01 
 4.151424e+01 -7.258695e-01 
 4.151457e+01 -7.249243e-01 
 4.151489e+01 -7.239549e-01 
 4.151521e+01 -7.229647e-01 
 4.151554e+01 -7.219557e-01 
 4.151586e+01 -7.209264e-01 
 4.151618e+01 -7.198775e-01 
 4.151651e+01 -7.188117e-01 
 4.151683e+01 -7.177289e-01 
 4.151715e+01 -7.166275e-01 
 4.151747e+01 -7.155127e-01 
 4.151780e+01 -7.143872e-01 
 4.151812e+01 -7.132495e-01 
 4.151844e+01 -7.121067e-01 
 4.151877e+01 -7.109569e-01 
 4.151909e+01 -7.099097e-01 
 4.151941e+01 -7.087613e-01 
 4.151974e+01 -7.076112e-01 
 4.152006e+01 -7.064590e-01 
 4.152038e+01 -7.053741e-01 
 4.152070e+01 -7.042218e-01 
 4.152103e+01 -7.030656e-01 
 4.152135e+01 -7.019058e-01 
 4.152167e+01 -7.007461e-01 
 4.152200e+01 -6.995830e-01 
 4.152232e+01 -6.984207e-01 
 4.152264e+01 -6.972623e-01 
 4.152297e+01 -6.961096e-01 
 4.152329e+01 -6.949646e-01 
 4.152361e+01 -6.938261e-01 
 4.152393e+01 -6.926971e-01 
 4.152426e+01 -6.915796e-01 
 4.152458e+01 -6.904707e-01 
 4.152490e+01 -6.893693e-01 
 4.152523e+01 -6.882731e-01 
 4.152555e+01 -6.871813e-01 
 4.152587e+01 -6.860966e-01 
 4.152620e+01 -6.850214e-01 
 4.152652e+01 -6.839557e-01 
 4.152684e+01 -6.828992e-01 
 4.152716e+01 -6.818591e-01 
 4.152749e+01 -6.808359e-01 
 4.152781e+01 -6.798321e-01 
 4.152813e+01 -6.788492e-01 
 4.152846e+01 -6.778817e-01 
 4.152878e+01 -6.769327e-01 
 4.152910e+01 -6.760032e-01 
 4.152943e+01 -6.750910e-01 
 4.152975e+01 -6.741966e-01 
 4.153007e+01 -6.733164e-01 
 4.153039e+01 -6.724586e-01 
 4.153072e+01 -6.716244e-01 
 4.153104e+01 -6.708151e-01 
 4.153136e+01 -6.700352e-01 
 4.153169e+01 -6.692831e-01 
 4.153201e+01 -6.685610e-01 
 4.153233e+01 -6.678702e-01 
 4.153265e+01 -6.672079e-01 
 4.153298e+01 -6.665721e-01 
 4.153330e+01 -6.659641e-01 
 4.153362e+01 -6.653845e-01 
 4.153395e+01 -6.648312e-01 
 4.153427e+01 -6.643067e-01 
 4.153459e+01 -6.638105e-01 
 4.153492e+01 -6.633430e-01 
 4.153524e+01 -6.629100e-01 
 4.153556e+01 -6.625110e-01 
 4.153588e+01 -6.621476e-01 
 4.153621e+01 -6.618189e-01 
 4.153653e+01 -6.615202e-01 
 4.153685e+01 -6.612525e-01 
 4.153718e+01 -6.610146e-01 
 4.153750e+01 -6.608086e-01 
 4.153782e+01 -6.606329e-01 
 4.153815e+01 -6.604853e-01 
 4.153847e+01 -6.603662e-01 
 4.153879e+01 -6.602763e-01 
 4.153911e+01 -6.602182e-01 
 4.153944e+01 -6.601927e-01 
 4.153976e+01 -6.601994e-01 
 4.154008e+01 -6.602384e-01 
 4.154041e+01 -6.603100e-01 
 4.154073e+01 -6.604116e-01 
 4.154105e+01 -6.605403e-01 
 4.154138e+01 -6.606955e-01 
 4.154170e+01 -6.608780e-01 
 4.154202e+01 -6.610860e-01 
 4.154234e+01 -6.613213e-01 
 4.154267e+01 -6.615820e-01 
 4.154299e+01 -6.618682e-01 
 4.154331e+01 -6.621837e-01 
 4.154364e+01 -6.625279e-01 
 4.154396e+01 -6.629054e-01 
 4.154428e+01 -6.633147e-01 
 4.154461e+01 -6.637535e-01 
 4.154493e+01 -6.642227e-01 
 4.154525e+01 -6.647209e-01 
 4.154557e+01 -6.652477e-01 
 4.154590e+01 -6.658019e-01 
 4.154622e+01 -6.663862e-01 
 4.154654e+01 -6.670012e-01 
 4.154687e+01 -6.676455e-01 
 4.154719e+01 -6.683242e-01 
 4.154751e+01 -6.690367e-01 
 4.154784e+01 -6.697839e-01 
 4.154816e+01 -6.705668e-01 
 4.154848e+01 -6.713847e-01 
 4.154880e+01 -6.722354e-01 
 4.154913e+01 -6.731179e-01 
 4.154945e+01 -6.740324e-01 
 4.154977e+01 -6.749748e-01 
 4.155010e+01 -6.759442e-01 
 4.155042e+01 -6.769423e-01 
 4.155074e+01 -6.779676e-01 
 4.155107e+01 -6.790190e-01 
 4.155139e+01 -6.800949e-01 
 4.155171e+01 -6.811967e-01 
 4.155203e+01 -6.823227e-01 
 4.155236e+01 -6.834696e-01 
 4.155268e+01 -6.846400e-01 
 4.155300e+01 -6.858279e-01 
 4.155333e+01 -6.870301e-01 
 4.155365e+01 -6.882454e-01 
 4.155397e+01 -6.894704e-01 
 4.155430e+01 -6.907044e-01 
 4.155462e+01 -6.919445e-01 
 4.155494e+01 -6.931865e-01 
 4.155526e+01 -6.944300e-01 
 4.155559e+01 -6.956735e-01 
 4.155591e+01 -6.969203e-01 
 4.155623e+01 -6.981680e-01 
 4.155656e+01 -6.994126e-01 
 4.155688e+01 -7.006536e-01 
 4.155720e+01 -7.018901e-01 
 4.155753e+01 -7.031198e-01 
 4.155785e+01 -7.043406e-01 
 4.155817e+01 -7.055519e-01 
 4.155849e+01 -7.067492e-01 
 4.155882e+01 -7.079319e-01 
 4.155914e+01 -7.091051e-01 
 4.155946e+01 -7.102657e-01 
 4.155979e+01 -7.114146e-01 
 4.156011e+01 -7.125527e-01 
 4.156043e+01 -7.136780e-01 
 4.156076e+01 -7.147928e-01 
 4.156108e+01 -7.158950e-01 
 4.156140e+01 -7.169827e-01 
 4.156172e+01 -7.180538e-01 
 4.156205e+01 -7.191097e-01 
 4.156237e+01 -7.201545e-01 
 4.156269e+01 -7.211833e-01 
 4.156302e+01 -7.221973e-01 
 4.156334e+01 -7.231973e-01 
 4.156366e+01 -7.241829e-01 
 4.156399e+01 -7.251584e-01 
 4.156431e+01 -7.261221e-01 
 4.156463e+01 -7.270734e-01 
 4.156495e+01 -7.280108e-01 
 4.156528e+01 -7.289338e-01 
 4.156560e+01 -7.298458e-01 
 4.156592e+01 -7.307426e-01 
 4.156625e+01 -7.316234e-01 
 4.156657e+01 -7.324849e-01 
 4.156689e+01 -7.333257e-01 
 4.156721e+01 -7.341486e-01 
 4.156754e+01 -7.349492e-01 
 4.156786e+01 -7.357258e-01 
 4.156818e+01 -7.364794e-01 
 4.156851e+01 -7.372078e-01 
 4.156883e+01 -7.379136e-01 
 4.156915e+01 -7.385916e-01 
 4.156948e+01 -7.392393e-01 
 4.156980e+01 -7.398523e-01 
 4.157012e+01 -7.404314e-01 
 4.157044e+01 -7.409763e-01 
 4.157077e+01 -7.414815e-01 
 4.157109e+01 -7.419457e-01 
 4.157141e+01 -7.423685e-01 
 4.157174e+01 -7.427505e-01 
 4.157206e+01 -7.430961e-01 
 4.157238e+01 -7.434005e-01 
 4.157271e+01 -7.436649e-01 
 4.157303e+01 -7.438897e-01 
 4.157335e+01 -7.440733e-01 
 4.157367e+01 -7.442142e-01 
 4.157400e+01 -7.443090e-01 
 4.157432e+01 -7.443591e-01 
 4.157464e+01 -7.443664e-01 
 4.157497e+01 -7.443315e-01 
 4.157529e+01 -7.442549e-01 
 4.157561e+01 -7.441382e-01 
 4.157594e+01 -7.439843e-01 
 4.157626e+01 -7.437929e-01 
 4.157658e+01 -7.435669e-01 
 4.157690e+01 -7.433065e-01 
 4.157723e+01 -7.430096e-01 
 4.157755e+01 -7.426771e-01 
 4.157787e+01 -7.423071e-01 
 4.157820e+01 -7.419022e-01 
 4.157852e+01 -7.414604e-01 
 4.157884e+01 -7.409824e-01 
 4.157917e+01 -7.404699e-01 
 4.157949e+01 -7.399217e-01 
 4.157981e+01 -7.393415e-01 
 4.158013e+01 -7.387317e-01 
 4.158046e+01 -7.380900e-01 
 4.158078e+01 -7.374166e-01 
 4.158110e+01 -7.367158e-01 
 4.158143e+01 -7.359874e-01 
 4.158175e+01 -7.352271e-01 
 4.158207e+01 -7.344383e-01 
 4.158240e+01 -7.336219e-01 
 4.158272e+01 -7.327752e-01 
 4.158304e+01 -7.319001e-01 
 4.158336e+01 -7.309958e-01 
 4.158369e+01 -7.300645e-01 
 4.158401e+01 -7.291086e-01 
 4.158433e+01 -7.281297e-01 
 4.158466e+01 -7.271289e-01 
 4.158498e+01 -7.261035e-01 
 4.158530e+01 -7.250573e-01 
 4.158563e+01 -7.239893e-01 
 4.158595e+01 -7.228983e-01 
 4.158627e+01 -7.217833e-01 
 4.158659e+01 -7.206454e-01 
 4.158692e+01 -7.194837e-01 
 4.158724e+01 -7.183872e-01 
 4.158756e+01 -7.171880e-01 
 4.158789e+01 -7.159719e-01 
 4.158821e+01 -7.147362e-01 
 4.158853e+01 -7.134866e-01 
 4.158886e+01 -7.122264e-01 
 4.158918e+01 -7.109516e-01 
 4.158950e+01 -7.096641e-01 
 4.158982e+01 -7.083609e-01 
 4.159015e+01 -7.070769e-01 
 4.159047e+01 -7.058060e-01 
 4.159079e+01 -7.044821e-01 
 4.159112e+01 -7.031566e-01 
 4.159144e+01 -7.018255e-01 
 4.159176e+01 -7.004960e-01 
 4.159209e+01 -6.991740e-01 
 4.159241e+01 -6.978548e-01 
 4.159273e+01 -6.965402e-01 
 4.159305e+01 -6.952278e-01 
 4.159338e+01 -6.939203e-01 
 4.159370e+01 -6.926217e-01 
 4.159402e+01 -6.913343e-01 
 4.159435e+01 -6.900607e-01 
 4.159467e+01 -6.887979e-01 
 4.159499e+01 -6.875518e-01 
 4.159532e+01 -6.863257e-01 
 4.159564e+01 -6.851178e-01 
 4.159596e+01 -6.839278e-01 
 4.159628e+01 -6.827514e-01 
 4.159661e+01 -6.815893e-01 
 4.159693e+01 -6.804456e-01 
 4.159725e+01 -6.793212e-01 
 4.159758e+01 -6.782153e-01 
 4.159790e+01 -6.771220e-01 
 4.159822e+01 -6.760488e-01 
 4.159855e+01 -6.749973e-01 
 4.159887e+01 -6.739658e-01 
 4.159919e+01 -6.729571e-01 
 4.159951e+01 -6.719671e-01 
 4.159984e+01 -6.709985e-01 
 4.160016e+01 -6.700522e-01 
 4.160048e+01 -6.691294e-01 
 4.160081e+01 -6.682312e-01 
 4.160113e+01 -6.673521e-01 
 4.160145e+01 -6.664958e-01 
 4.160177e+01 -6.656640e-01 
 4.160210e+01 -6.648579e-01 
 4.160242e+01 -6.640779e-01 
 4.160274e+01 -6.633228e-01 
 4.160307e+01 -6.625968e-01 
 4.160339e+01 -6.618998e-01 
 4.160371e+01 -6.612320e-01 
 4.160404e+01 -6.605947e-01 
 4.160436e+01 -6.599822e-01 
 4.160468e+01 -6.593981e-01 
 4.160500e+01 -6.588411e-01 
 4.160533e+01 -6.583109e-01 
 4.160565e+01 -6.578089e-01 
 4.160597e+01 -6.573373e-01 
 4.160630e+01 -6.568969e-01 
 4.160662e+01 -6.564879e-01 
 4.160694e+01 -6.561124e-01 
 4.160727e+01 -6.557699e-01 
 4.160759e+01 -6.554593e-01 
 4.160791e+01 -6.551833e-01 
 4.160823e+01 -6.549411e-01 
 4.160856e+01 -6.547353e-01 
 4.160888e+01 -6.545653e-01 
 4.160920e+01 -6.544296e-01 
 4.160953e+01 -6.543323e-01 
 4.160985e+01 -6.542735e-01 
 4.161017e+01 -6.542532e-01 
 4.161050e+01 -6.542737e-01 
 4.161082e+01 -6.543368e-01 
 4.161114e+01 -6.544426e-01 
 4.161146e+01 -6.545909e-01 
 4.161179e+01 -6.547845e-01 
 4.161211e+01 -6.550217e-01 
 4.161243e+01 -6.553037e-01 
 4.161276e+01 -6.556279e-01 
 4.161308e+01 -6.559691e-01 
 4.161340e+01 -6.563762e-01 
 4.161373e+01 -6.568278e-01 
 4.161405e+01 -6.573057e-01 
 4.161437e+01 -6.578425e-01 
 4.161469e+01 -6.584044e-01 
 4.161502e+01 -6.590125e-01 
 4.161534e+01 -6.596526e-01 
 4.161566e+01 -6.603339e-01 
 4.161599e+01 -6.610457e-01 
 4.161631e+01 -6.618172e-01 
 4.161663e+01 -6.625841e-01 
 4.161696e+01 -6.633833e-01 
 4.161728e+01 -6.642279e-01 
 4.161760e+01 -6.650912e-01 
 4.161792e+01 -6.659925e-01 
 4.161825e+01 -6.669212e-01 
 4.161857e+01 -6.678812e-01 
 4.161889e+01 -6.688630e-01 
 4.161922e+01 -6.698695e-01 
 4.161954e+01 -6.708993e-01 
 4.161986e+01 -6.719601e-01 
 4.162019e+01 -6.730367e-01 
 4.162051e+01 -6.741333e-01 
 4.162083e+01 -6.752443e-01 
 4.162115e+01 -6.763747e-01 
 4.162148e+01 -6.775195e-01 
 4.162180e+01 -6.786782e-01 
 4.162212e+01 -6.798525e-01 
 4.162245e+01 -6.810489e-01 
 4.162277e+01 -6.822524e-01 
 4.162309e+01 -6.834645e-01 
 4.162342e+01 -6.846813e-01 
 4.162374e+01 -6.859159e-01 
 4.162406e+01 -6.871530e-01 
 4.162438e+01 -6.883961e-01 
 4.162471e+01 -6.896411e-01 
 4.162503e+01 -6.908957e-01 
 4.162535e+01 -6.921509e-01 
 4.162568e+01 -6.934125e-01 
 4.162600e+01 -6.946793e-01 
 4.162632e+01 -6.959542e-01 
 4.162665e+01 -6.972315e-01 
 4.162697e+01 -6.985186e-01 
 4.162729e+01 -6.998100e-01 
 4.162761e+01 -7.010989e-01 
 4.162794e+01 -7.023982e-01 
 4.162826e+01 -7.036945e-01 
 4.162858e+01 -7.049983e-01 
 4.162891e+01 -7.063001e-01 
 4.162923e+01 -7.076084e-01 
 4.162955e+01 -7.089127e-01 
 4.162988e+01 -7.102212e-01 
 4.163020e+01 -7.115312e-01 
 4.163052e+01 -7.128391e-01 
 4.163084e+01 -7.141438e-01 
 4.163117e+01 -7.154473e-01 
 4.163149e+01 -7.167486e-01 
 4.163181e+01 -7.180372e-01 
 4.163214e+01 -7.193196e-01 
 4.163246e+01 -7.205944e-01 
 4.163278e+01 -7.218503e-01 
 4.163311e+01 -7.230816e-01 
 4.163343e+01 -7.243084e-01 
 4.163375e+01 -7.255191e-01 
 4.163407e+01 -7.267144e-01 
 4.163440e+01 -7.278910e-01 
 4.163472e+01 -7.290338e-01 
 4.163504e+01 -7.301553e-01 
 4.163537e+01 -7.312670e-01 
 4.163569e+01 -7.323412e-01 
 4.163601e+01 -7.333852e-01 
 4.163633e+01 -7.344080e-01 
 4.163666e+01 -7.353976e-01 
 4.163698e+01 -7.363592e-01 
 4.163730e+01 -7.372896e-01 
 4.163763e+01 -7.381836e-01 
 4.163795e+01 -7.390546e-01 
 4.163827e+01 -7.399039e-01 
 4.163860e+01 -7.407019e-01 
 4.163892e+01 -7.414695e-01 
 4.163924e+01 -7.422074e-01 
 4.163956e+01 -7.429039e-01 
 4.163989e+01 -7.435754e-01 
 4.164021e+01 -7.442184e-01 
 4.164053e+01 -7.448175e-01 
 4.164086e+01 -7.453818e-01 
 4.164118e+01 -7.459090e-01 
 4.164150e+01 -7.463972e-01 
 4.164183e+01 -7.468565e-01 
 4.164215e+01 -7.472769e-01 
 4.164247e+01 -7.476605e-01 
 4.164279e+01 -7.480065e-01 
 4.164312e+01 -7.483207e-01 
 4.164344e+01 -7.485925e-01 
 4.164376e+01 -7.488356e-01 
 4.164409e+01 -7.490432e-01 
 4.164441e+01 -7.492195e-01 
 4.164473e+01 -7.493619e-01 
 4.164506e+01 -7.494604e-01 
 4.164538e+01 -7.495280e-01 
 4.164570e+01 -7.495559e-01 
 4.164602e+01 -7.495509e-01 
 4.164635e+01 -7.495077e-01 
 4.164667e+01 -7.494330e-01 
 4.164699e+01 -7.493215e-01 
 4.164732e+01 -7.491709e-01 
 4.164764e+01 -7.489841e-01 
 4.164796e+01 -7.487578e-01 
 4.164829e+01 -7.485025e-01 
 4.164861e+01 -7.481999e-01 
 4.164893e+01 -7.478637e-01 
 4.164925e+01 -7.474848e-01 
 4.164958e+01 -7.470608e-01 
 4.164990e+01 -7.466013e-01 
 4.165022e+01 -7.461014e-01 
 4.165055e+01 -7.455596e-01 
 4.165087e+01 -7.449725e-01 
 4.165119e+01 -7.443483e-01 
 4.165152e+01 -7.436755e-01 
 4.165184e+01 -7.429682e-01 
 4.165216e+01 -7.422187e-01 
 4.165248e+01 -7.414312e-01 
 4.165281e+01 -7.406079e-01 
 4.165313e+01 -7.397436e-01 
 4.165345e+01 -7.388442e-01 
 4.165378e+01 -7.379025e-01 
 4.165410e+01 -7.369351e-01 
 4.165442e+01 -7.359351e-01 
 4.165475e+01 -7.349005e-01 
 4.165507e+01 -7.338386e-01 
 4.165539e+01 -7.327446e-01 
 4.165571e+01 -7.316297e-01 
 4.165604e+01 -7.305115e-01 
 4.165636e+01 -7.293566e-01 
 4.165668e+01 -7.282147e-01 
 4.165701e+01 -7.270219e-01 
 4.165733e+01 -7.258113e-01 
 4.165765e+01 -7.245766e-01 
 4.165798e+01 -7.233271e-01 
 4.165830e+01 -7.220637e-01 
 4.165862e+01 -7.207862e-01 
 4.165894e+01 -7.194962e-01 
 4.165927e+01 -7.181910e-01 
 4.165959e+01 -7.168692e-01 
 4.165991e+01 -7.155474e-01 
 4.166024e+01 -7.142195e-01 
 4.166056e+01 -7.128829e-01 
 4.166088e+01 -7.115398e-01 
 4.166121e+01 -7.101880e-01 
 4.166153e+01 -7.088213e-01 
 4.166185e+01 -7.074593e-01 
 4.166217e+01 -7.060939e-01 
 4.166250e+01 -7.047179e-01 
 4.166282e+01 -7.033433e-01 
 4.166314e+01 -7.019664e-01 
 4.166347e+01 -7.005862e-01 
 4.166379e+01 -6.992099e-01 
 4.166411e+01 -6.978331e-01 
 4.166444e+01 -6.964555e-01 
 4.166476e+01 -6.950845e-01 
 4.166508e+01 -6.937149e-01 
 4.166540e+01 -6.923476e-01 
 4.166573e+01 -6.909793e-01 
 4.166605e+01 -6.896126e-01 
 4.166637e+01 -6.882559e-01 
 4.166670e+01 -6.869038e-01 
 4.166702e+01 -6.855513e-01 
 4.166734e+01 -6.842077e-01 
 4.166767e+01 -6.828700e-01 
 4.166799e+01 -6.815391e-01 
 4.166831e+01 -6.802219e-01 
 4.166863e+01 -6.789186e-01 
 4.166896e+01 -6.776204e-01 
 4.166928e+01 -6.763369e-01 
 4.166960e+01 -6.750627e-01 
 4.166993e+01 -6.738020e-01 
 4.167025e+01 -6.725622e-01 
 4.167057e+01 -6.713338e-01 
 4.167089e+01 -6.701276e-01 
 4.167122e+01 -6.689397e-01 
 4.167154e+01 -6.677763e-01 
 4.167186e+01 -6.666396e-01 
 4.167219e+01 -6.655310e-01 
 4.167251e+01 -6.644496e-01 
 4.167283e+01 -6.634046e-01 
 4.167316e+01 -6.623924e-01 
 4.167348e+01 -6.614083e-01 
 4.167380e+01 -6.604585e-01 
 4.167412e+01 -6.595389e-01 
 4.167445e+01 -6.586585e-01 
 4.167477e+01 -6.578210e-01 
 4.167509e+01 -6.570243e-01 
 4.167542e+01 -6.562612e-01 
 4.167574e+01 -6.555393e-01 
 4.167606e+01 -6.548616e-01 
 4.167639e+01 -6.542261e-01 
 4.167671e+01 -6.536323e-01 
 4.167703e+01 -6.530804e-01 
 4.167735e+01 -6.525731e-01 
 4.167768e+01 -6.521057e-01 
 4.167800e+01 -6.516814e-01 
 4.167832e+01 -6.512996e-01 
 4.167865e+01 -6.509545e-01 
 4.167897e+01 -6.506541e-01 
 4.167929e+01 -6.503902e-01 
 4.167962e+01 -6.501632e-01 
 4.167994e+01 -6.499816e-01 
 4.168026e+01 -6.498389e-01 
 4.168058e+01 -6.497371e-01 
 4.168091e+01 -6.496799e-01 
 4.168123e+01 -6.496590e-01 
 4.168155e+01 -6.496761e-01 
 4.168188e+01 -6.497323e-01 
 4.168220e+01 -6.498254e-01 
 4.168252e+01 -6.499547e-01 
 4.168285e+01 -6.501221e-01 
 4.168317e+01 -6.503254e-01 
 4.168349e+01 -6.505606e-01 
 4.168381e+01 -6.508358e-01 
 4.168414e+01 -6.511422e-01 
 4.168446e+01 -6.514860e-01 
 4.168478e+01 -6.518699e-01 
 4.168511e+01 -6.522863e-01 
 4.168543e+01 -6.527310e-01 
 4.168575e+01 -6.532114e-01 
 4.168608e+01 -6.537262e-01 
 4.168640e+01 -6.542710e-01 
 4.168672e+01 -6.548524e-01 
 4.168704e+01 -6.554645e-01 
 4.168737e+01 -6.561083e-01 
 4.168769e+01 -6.567815e-01 
 4.168801e+01 -6.574838e-01 
 4.168834e+01 -6.582222e-01 
 4.168866e+01 -6.589927e-01 
 4.168898e+01 -6.597931e-01 
 4.168931e+01 -6.606259e-01 
 4.168963e+01 -6.614893e-01 
 4.168995e+01 -6.623795e-01 
 4.169027e+01 -6.633053e-01 
 4.169060e+01 -6.642600e-01 
 4.169092e+01 -6.652433e-01 
 4.169124e+01 -6.662574e-01 
 4.169157e+01 -6.672993e-01 
 4.169189e+01 -6.683688e-01 
 4.169221e+01 -6.694640e-01 
 4.169254e+01 -6.705897e-01 
 4.169286e+01 -6.717393e-01 
 4.169318e+01 -6.729178e-01 
 4.169350e+01 -6.741178e-01 
 4.169383e+01 -6.753400e-01 
 4.169415e+01 -6.765791e-01 
 4.169447e+01 -6.778339e-01 
 4.169480e+01 -6.791134e-01 
 4.169512e+01 -6.804085e-01 
 4.169544e+01 -6.817185e-01 
 4.169577e+01 -6.830422e-01 
 4.169609e+01 -6.843751e-01 
 4.169641e+01 -6.857181e-01 
 4.169673e+01 -6.870753e-01 
 4.169706e+01 -6.884388e-01 
 4.169738e+01 -6.898055e-01 
 4.169770e+01 -6.911778e-01 
 4.169803e+01 -6.925559e-01 
 4.169835e+01 -6.939343e-01 
 4.169867e+01 -6.953136e-01 
 4.169900e+01 -6.966942e-01 
 4.169932e+01 -6.980710e-01 
 4.169964e+01 -6.994482e-01 
 4.169996e+01 -7.008216e-01 
 4.170029e+01 -7.021876e-01 
 4.170061e+01 -7.035531e-01 
 4.170093e+01 -7.049169e-01 
 4.170126e+01 -7.062780e-01 
 4.170158e+01 -7.076322e-01 
 4.170190e+01 -7.089783e-01 
 4.170223e+01 -7.103141e-01 
 4.170255e+01 -7.116428e-01 
 4.170287e+01 -7.129639e-01 
 4.170319e+01 -7.142733e-01 
 4.170352e+01 -7.155744e-01 
 4.170384e+01 -7.168620e-01 
 4.170416e+01 -7.181367e-01 
 4.170449e+01 -7.194017e-01 
 4.170481e+01 -7.206555e-01 
 4.170513e+01 -7.218956e-01 
 4.170545e+01 -7.231212e-01 
 4.170578e+01 -7.243329e-01 
 4.170610e+01 -7.255276e-01 
 4.170642e+01 -7.267061e-01 
 4.170675e+01 -7.278694e-01 
 4.170707e+01 -7.290112e-01 
 4.170739e+01 -7.301297e-01 
 4.170772e+01 -7.312311e-01 
 4.170804e+01 -7.323089e-01 
 4.170836e+01 -7.333631e-01 
 4.170868e+01 -7.343967e-01 
 4.170901e+01 -7.354036e-01 
 4.170933e+01 -7.363896e-01 
 4.170965e+01 -7.373478e-01 
 4.170998e+01 -7.382787e-01 
 4.171030e+01 -7.391806e-01 
 4.171062e+01 -7.400521e-01 
 4.171095e+01 -7.408952e-01 
 4.171127e+01 -7.417067e-01 
 4.171159e+01 -7.424841e-01 
 4.171191e+01 -7.432223e-01 
 4.171224e+01 -7.439257e-01 
 4.171256e+01 -7.445927e-01 
 4.171288e+01 -7.452236e-01 
 4.171321e+01 -7.458174e-01 
 4.171353e+01 -7.463705e-01 
 4.171385e+01 -7.468814e-01 
 4.171418e+01 -7.473564e-01 
 4.171450e+01 -7.477908e-01 
 4.171482e+01 -7.481836e-01 
 4.171514e+01 -7.485356e-01 
 4.171547e+01 -7.488471e-01 
 4.171579e+01 -7.491172e-01 
 4.171611e+01 -7.493413e-01 
 4.171644e+01 -7.495222e-01 
 4.171676e+01 -7.496619e-01 
 4.171708e+01 -7.497588e-01 
 4.171741e+01 -7.498160e-01 
 4.171773e+01 -7.498342e-01 
 4.171805e+01 -7.498131e-01 
 4.171837e+01 -7.497523e-01 
 4.171870e+01 -7.496546e-01 
 4.171902e+01 -7.495188e-01 
 4.171934e+01 -7.493454e-01 
 4.171967e+01 -7.491369e-01 
 4.171999e+01 -7.488891e-01 
 4.172031e+01 -7.486021e-01 
 4.172064e+01 -7.482813e-01 
 4.172096e+01 -7.479259e-01 
 4.172128e+01 -7.475392e-01 
 4.172160e+01 -7.471218e-01 
 4.172193e+01 -7.466689e-01 
 4.172225e+01 -7.461835e-01 
 4.172257e+01 -7.456657e-01 
 4.172290e+01 -7.451170e-01 
 4.172322e+01 -7.445380e-01 
 4.172354e+01 -7.439300e-01 
 4.172387e+01 -7.432899e-01 
 4.172419e+01 -7.426211e-01 
 4.172451e+01 -7.419243e-01 
 4.172483e+01 -7.411966e-01 
 4.172516e+01 -7.404410e-01 
 4.172548e+01 -7.396592e-01 
 4.172580e+01 -7.388484e-01 
 4.172613e+01 -7.380094e-01 
 4.172645e+01 -7.371455e-01 
 4.172677e+01 -7.362550e-01 
 4.172710e+01 -7.353363e-01 
 4.172742e+01 -7.343928e-01 
 4.172774e+01 -7.334244e-01 
 4.172806e+01 -7.324270e-01 
 4.172839e+01 -7.314056e-01 
 4.172871e+01 -7.303591e-01 
 4.172903e+01 -7.292872e-01 
 4.172936e+01 -7.281940e-01 
 4.172968e+01 -7.270810e-01 
 4.173000e+01 -7.259456e-01 
 4.173033e+01 -7.247837e-01 
 4.173065e+01 -7.236030e-01 
 4.173097e+01 -7.224008e-01 
 4.173129e+01 -7.211777e-01 
 4.173162e+01 -7.199367e-01 
 4.173194e+01 -7.186736e-01 
 4.173226e+01 -7.173919e-01 
 4.173259e+01 -7.160939e-01 
 4.173291e+01 -7.147822e-01 
 4.173323e+01 -7.134599e-01 
 4.173356e+01 -7.121222e-01 
 4.173388e+01 -7.107733e-01 
 4.173420e+01 -7.094159e-01 
 4.173452e+01 -7.080478e-01 
 4.173485e+01 -7.066725e-01 
 4.173517e+01 -7.052890e-01 
 4.173549e+01 -7.038979e-01 
 4.173582e+01 -7.025038e-01 
 4.173614e+01 -7.011092e-01 
 4.173646e+01 -6.997147e-01 
 4.173679e+01 -6.983163e-01 
 4.173711e+01 -6.969218e-01 
 4.173743e+01 -6.955343e-01 
 4.173775e+01 -6.941534e-01 
 4.173808e+01 -6.927821e-01 
 4.173840e+01 -6.914173e-01 
 4.173872e+01 -6.900628e-01 
 4.173905e+01 -6.887203e-01 
 4.173937e+01 -6.873930e-01 
 4.173969e+01 -6.860805e-01 
 4.174002e+01 -6.847774e-01 
 4.174034e+01 -6.834908e-01 
 4.174066e+01 -6.822222e-01 
 4.174098e+01 -6.809708e-01 
 4.174131e+01 -6.797396e-01 
 4.174163e+01 -6.785306e-01 
 4.174195e+01 -6.773432e-01 
 4.174228e+01 -6.761784e-01 
 4.174260e+01 -6.750381e-01 
 4.174292e+01 -6.739202e-01 
 4.174324e+01 -6.728245e-01 
 4.174357e+01 -6.717539e-01 
 4.174389e+01 -6.707073e-01 
 4.174421e+01 -6.696869e-01 
 4.174454e+01 -6.686916e-01 
 4.174486e+01 -6.677197e-01 
 4.174518e+01 -6.667759e-01 
 4.174551e+01 -6.658598e-01 
 4.174583e+01 -6.649739e-01 
 4.174615e+01 -6.641184e-01 
 4.174647e+01 -6.632874e-01 
 4.174680e+01 -6.624839e-01 
 4.174712e+01 -6.617102e-01 
 4.174744e+01 -6.609685e-01 
 4.174777e+01 -6.602562e-01 
 4.174809e+01 -6.595714e-01 
 4.174841e+01 -6.589176e-01 
 4.174874e+01 -6.582943e-01 
 4.174906e+01 -6.577038e-01 
 4.174938e+01 -6.571477e-01 
 4.174970e+01 -6.566227e-01 
 4.175003e+01 -6.561303e-01 
 4.175035e+01 -6.556736e-01 
 4.175067e+01 -6.552500e-01 
 4.175100e+01 -6.548595e-01 
 4.175132e+01 -6.545038e-01 
 4.175164e+01 -6.541862e-01 
 4.175197e+01 -6.539048e-01 
 4.175229e+01 -6.536618e-01 
 4.175261e+01 -6.534576e-01 
 4.175293e+01 -6.532897e-01 
 4.175326e+01 -6.531612e-01 
 4.175358e+01 -6.530719e-01 
 4.175390e+01 -6.530230e-01 
 4.175423e+01 -6.530126e-01 
 4.175455e+01 -6.530413e-01 
 4.175487e+01 -6.531113e-01 
 4.175520e+01 -6.532219e-01 
 4.175552e+01 -6.533732e-01 
 4.175584e+01 -6.535658e-01 
 4.175616e+01 -6.537996e-01 
 4.175649e+01 -6.540721e-01 
 4.175681e+01 -6.543835e-01 
 4.175713e+01 -6.547346e-01 
 4.175746e+01 -6.551237e-01 
 4.175778e+01 -6.555520e-01 
 4.175810e+01 -6.560197e-01 
 4.175843e+01 -6.565237e-01 
 4.175875e+01 -6.570619e-01 
 4.175907e+01 -6.576365e-01 
 4.175939e+01 -6.582459e-01 
 4.175972e+01 -6.588868e-01 
 4.176004e+01 -6.595581e-01 
 4.176036e+01 -6.602613e-01 
 4.176069e+01 -6.609936e-01 
 4.176101e+01 -6.617548e-01 
 4.176133e+01 -6.625452e-01 
 4.176166e+01 -6.633623e-01 
 4.176198e+01 -6.642065e-01 
 4.176230e+01 -6.650764e-01 
 4.176262e+01 -6.659722e-01 
 4.176295e+01 -6.668900e-01 
 4.176327e+01 -6.678293e-01 
 4.176359e+01 -6.687912e-01 
 4.176392e+01 -6.697724e-01 
 4.176424e+01 -6.707756e-01 
 4.176456e+01 -6.718012e-01 
 4.176489e+01 -6.728445e-01 
 4.176521e+01 -6.739044e-01 
 4.176553e+01 -6.749828e-01 
 4.176585e+01 -6.760820e-01 
 4.176618e+01 -6.771993e-01 
 4.176650e+01 -6.783324e-01 
 4.176682e+01 -6.794824e-01 
 4.176715e+01 -6.806487e-01 
 4.176747e+01 -6.818322e-01 
 4.176779e+01 -6.830331e-01 
 4.176812e+01 -6.842491e-01 
 4.176844e+01 -6.854760e-01 
 4.176876e+01 -6.867134e-01 
 4.176908e+01 -6.879675e-01 
 4.176941e+01 -6.892321e-01 
 4.176973e+01 -6.905058e-01 
 4.177005e+01 -6.917919e-01 
 4.177038e+01 -6.930861e-01 
 4.177070e+01 -6.943909e-01 
 4.177102e+01 -6.957042e-01 
 4.177135e+01 -6.970236e-01 
 4.177167e+01 -6.983450e-01 
 4.177199e+01 -6.996698e-01 
 4.177231e+01 -7.010013e-01 
 4.177264e+01 -7.023309e-01 
 4.177296e+01 -7.036571e-01 
 4.177328e+01 -7.049804e-01 
 4.177361e+01 -7.062986e-01 
 4.177393e+01 -7.076131e-01 
 4.177425e+01 -7.089213e-01 
 4.177458e+01 -7.102201e-01 
 4.177490e+01 -7.115062e-01 
 4.177522e+01 -7.127793e-01 
 4.177554e+01 -7.140438e-01 
 4.177587e+01 -7.152934e-01 
 4.177619e+01 -7.165252e-01 
 4.177651e+01 -7.177390e-01 
 4.177684e+01 -7.189316e-01 
 4.177716e+01 -7.201043e-01 
 4.177748e+01 -7.212542e-01 
 4.177780e+01 -7.223794e-01 
 4.177813e+01 -7.234787e-01 
 4.177845e+01 -7.245513e-01 
 4.177877e+01 -7.256016e-01 
 4.177910e+01 -7.266242e-01 
 4.177942e+01 -7.276181e-01 
 4.177974e+01 -7.285842e-01 
 4.178007e+01 -7.295223e-01 
 4.178039e+01 -7.304328e-01 
 4.178071e+01 -7.313136e-01 
 4.178103e+01 -7.321650e-01 
 4.178136e+01 -7.329843e-01 
 4.178168e+01 -7.337729e-01 
 4.178200e+01 -7.345354e-01 
 4.178233e+01 -7.352681e-01 
 4.178265e+01 -7.359720e-01 
 4.178297e+01 -7.366475e-01 
 4.178330e+01 -7.372939e-01 
 4.178362e+01 -7.379133e-01 
 4.178394e+01 -7.385050e-01 
 4.178426e+01 -7.390691e-01 
 4.178459e+01 -7.396039e-01 
 4.178491e+01 -7.401092e-01 
 4.178523e+01 -7.405892e-01 
 4.178556e+01 -7.410414e-01 
 4.178588e+01 -7.414651e-01 
 4.178620e+01 -7.418601e-01 
 4.178653e+01 -7.422277e-01 
 4.178685e+01 -7.425673e-01 
 4.178717e+01 -7.428774e-01 
 4.178749e+01 -7.431573e-01 
 4.178782e+01 -7.434058e-01 
 4.178814e+01 -7.436235e-01 
 4.178846e+01 -7.438117e-01 
 4.178879e+01 -7.439675e-01 
 4.178911e+01 -7.440908e-01 
 4.178943e+01 -7.441798e-01 
 4.178976e+01 -7.442364e-01 
 4.179008e+01 -7.442615e-01 
 4.179040e+01 -7.442517e-01 
 4.179072e+01 -7.442079e-01 
 4.179105e+01 -7.441294e-01 
 4.179137e+01 -7.440140e-01 
 4.179169e+01 -7.438632e-01 
 4.179202e+01 -7.436782e-01 
 4.179234e+01 -7.434577e-01 
 4.179266e+01 -7.432010e-01 
 4.179299e+01 -7.429102e-01 
 4.179331e+01 -7.425830e-01 
 4.179363e+01 -7.422184e-01 
 4.179395e+01 -7.418200e-01 
 4.179428e+01 -7.413873e-01 
 4.179460e+01 -7.409197e-01 
 4.179492e+01 -7.404177e-01 
 4.179525e+01 -7.398838e-01 
 4.179557e+01 -7.393177e-01 
 4.179589e+01 -7.387188e-01 
 4.179622e+01 -7.380894e-01 
 4.179654e+01 -7.374282e-01 
 4.179686e+01 -7.367349e-01 
 4.179718e+01 -7.360119e-01 
 4.179751e+01 -7.352595e-01 
 4.179783e+01 -7.344785e-01 
 4.179815e+01 -7.336695e-01 
 4.179848e+01 -7.328368e-01 
 4.179880e+01 -7.319808e-01 
 4.179912e+01 -7.311007e-01 
 4.179945e+01 -7.301995e-01 
 4.179977e+01 -7.292761e-01 
 4.180009e+01 -7.283308e-01 
 4.180041e+01 -7.273667e-01 
 4.180074e+01 -7.263850e-01 
 4.180106e+01 -7.253851e-01 
 4.180138e+01 -7.243657e-01 
 4.180171e+01 -7.233321e-01 
 4.180203e+01 -7.222851e-01 
 4.180235e+01 -7.212235e-01 
 4.180268e+01 -7.201511e-01 
 4.180300e+01 -7.190659e-01 
 4.180332e+01 -7.179679e-01 
 4.180364e+01 -7.168606e-01 
 4.180397e+01 -7.157454e-01 
 4.180429e+01 -7.146217e-01 
 4.180461e+01 -7.134869e-01 
 4.180494e+01 -7.123452e-01 
 4.180526e+01 -7.111967e-01 
 4.180558e+01 -7.100405e-01 
 4.180591e+01 -7.088791e-01 
 4.180623e+01 -7.077097e-01 
 4.180655e+01 -7.065341e-01 
 4.180687e+01 -7.053553e-01 
 4.180720e+01 -7.041755e-01 
 4.180752e+01 -7.029932e-01 
 4.180784e+01 -7.018049e-01 
 4.180817e+01 -7.006168e-01 
 4.180849e+01 -6.994295e-01 
 4.180881e+01 -6.982422e-01 
 4.180914e+01 -6.970570e-01 
 4.180946e+01 -6.958712e-01 
 4.180978e+01 -6.946869e-01 
 4.181010e+01 -6.935068e-01 
 4.181043e+01 -6.923338e-01 
 4.181075e+01 -6.911690e-01 
 4.181107e+01 -6.900081e-01 
 4.181140e+01 -6.888570e-01 
 4.181172e+01 -6.877167e-01 
 4.181204e+01 -6.865870e-01 
 4.181236e+01 -6.854706e-01 
 4.181269e+01 -6.843653e-01 
 4.181301e+01 -6.832735e-01 
 4.181333e+01 -6.821963e-01 
 4.181366e+01 -6.811371e-01 
 4.181398e+01 -6.800959e-01 
 4.181430e+01 -6.790688e-01 
 4.181463e+01 -6.780615e-01 
 4.181495e+01 -6.770753e-01 
 4.181527e+01 -6.761093e-01 
 4.181559e+01 -6.751651e-01 
 4.181592e+01 -6.742419e-01 
 4.181624e+01 -6.733413e-01 
 4.181656e+01 -6.724646e-01 
 4.181689e+01 -6.716145e-01 
 4.181721e+01 -6.707902e-01 
 4.181753e+01 -6.699881e-01 
 4.181786e+01 -6.692129e-01 
 4.181818e+01 -6.684651e-01 
 4.181850e+01 -6.677461e-01 
 4.181882e+01 -6.670567e-01 
 4.181915e+01 -6.663952e-01 
 4.181947e+01 -6.657627e-01 
 4.181979e+01 -6.651601e-01 
 4.182012e+01 -6.645891e-01 
 4.182044e+01 -6.640500e-01 
 4.182076e+01 -6.635386e-01 
 4.182109e+01 -6.630581e-01 
 4.182141e+01 -6.626087e-01 
 4.182173e+01 -6.621904e-01 
 4.182205e+01 -6.618027e-01 
 4.182238e+01 -6.614452e-01 
 4.182270e+01 -6.611190e-01 
 4.182302e+01 -6.608235e-01 
 4.182335e+01 -6.605607e-01 
 4.182367e+01 -6.603300e-01 
 4.182399e+01 -6.601277e-01 
 4.182432e+01 -6.599552e-01 
 4.182464e+01 -6.598130e-01 
 4.182496e+01 -6.597014e-01 
 4.182528e+01 -6.596192e-01 
 4.182561e+01 -6.595650e-01 
 4.182593e+01 -6.595407e-01 
 4.182625e+01 -6.595448e-01 
 4.182658e+01 -6.595798e-01 
 4.182690e+01 -6.596459e-01 
 4.182722e+01 -6.597412e-01 
 4.182755e+01 -6.598664e-01 
 4.182787e+01 -6.600218e-01 
 4.182819e+01 -6.602078e-01 
 4.182851e+01 -6.604231e-01 
 4.182884e+01 -6.606685e-01 
 4.182916e+01 -6.609456e-01 
 4.182948e+01 -6.612529e-01 
 4.182981e+01 -6.615908e-01 
 4.183013e+01 -6.619599e-01 
 4.183045e+01 -6.623601e-01 
 4.183078e+01 -6.627913e-01 
 4.183110e+01 -6.632529e-01 
 4.183142e+01 -6.637465e-01 
 4.183174e+01 -6.642693e-01 
 4.183207e+01 -6.648221e-01 
 4.183239e+01 -6.654057e-01 
 4.183271e+01 -6.660190e-01 
 4.183304e+01 -6.666613e-01 
 4.183336e+01 -6.673332e-01 
 4.183368e+01 -6.680346e-01 
 4.183401e+01 -6.687619e-01 
 4.183433e+01 -6.695155e-01 
 4.183465e+01 -6.702961e-01 
 4.183497e+01 -6.711010e-01 
 4.183530e+01 -6.719316e-01 
 4.183562e+01 -6.727868e-01 
 4.183594e+01 -6.736648e-01 
 4.183627e+01 -6.745637e-01 
 4.183659e+01 -6.754855e-01 
 4.183691e+01 -6.764303e-01 
 4.183724e+01 -6.773928e-01 
 4.183756e+01 -6.783732e-01 
 4.183788e+01 -6.793716e-01 
 4.183820e+01 -6.803835e-01 
 4.183853e+01 -6.814109e-01 
 4.183885e+01 -6.824536e-01 
 4.183917e+01 -6.835072e-01 
 4.183950e+01 -6.845708e-01 
 4.183982e+01 -6.856442e-01 
 4.184014e+01 -6.867282e-01 
 4.184047e+01 -6.878176e-01 
 4.184079e+01 -6.889129e-01 
 4.184111e+01 -6.900129e-01 
 4.184143e+01 -6.911150e-01 
 4.184176e+01 -6.922209e-01 
 4.184208e+01 -6.933287e-01 
 4.184240e+01 -6.944355e-01 
 4.184273e+01 -6.955387e-01 
 4.184305e+01 -6.966402e-01 
 4.184337e+01 -6.977417e-01 
 4.184370e+01 -6.988377e-01 
 4.184402e+01 -6.999284e-01 
 4.184434e+01 -7.010143e-01 
 4.184466e+01 -7.020932e-01 
 4.184499e+01 -7.031679e-01 
 4.184531e+01 -7.042371e-01 
 4.184563e+01 -7.052982e-01 
 4.184596e+01 -7.063499e-01 
 4.184628e+01 -7.073932e-01 
 4.184660e+01 -7.084316e-01 
 4.184692e+01 -7.094599e-01 
 4.184725e+01 -7.104788e-01 
 4.184757e+01 -7.114886e-01 
 4.184789e+01 -7.124879e-01 
 4.184822e+01 -7.134791e-01 
 4.184854e+01 -7.144614e-01 
 4.184886e+01 -7.154333e-01 
 4.184919e+01 -7.163921e-01 
 4.184951e+01 -7.173383e-01 
 4.184983e+01 -7.182748e-01 
 4.185015e+01 -7.191966e-01 
 4.185048e+01 -7.201031e-01 
 4.185080e+01 -7.209942e-01 
 4.185112e+01 -7.218681e-01 
 4.185145e+01 -7.227266e-01 
 4.185177e+01 -7.235676e-01 
 4.185209e+01 -7.243892e-01 
 4.185242e+01 -7.251922e-01 
 4.185274e+01 -7.259751e-01 
 4.185306e+01 -7.267392e-01 
 4.185338e+01 -7.274813e-01 
 4.185371e+01 -7.282005e-01 
 4.185403e+01 -7.288948e-01 
 4.185435e+01 -7.295641e-01 
 4.185468e+01 -7.302088e-01 
 4.185500e+01 -7.308260e-01 
 4.185532e+01 -7.314160e-01 
 4.185565e+01 -7.319768e-01 
 4.185597e+01 -7.325084e-01 
 4.185629e+01 -7.330133e-01 
 4.185661e+01 -7.334890e-01 
 4.185694e+01 -7.339356e-01 
 4.185726e+01 -7.343523e-01 
 4.185758e+01 -7.347390e-01 
 4.185791e+01 -7.350956e-01 
 4.185823e+01 -7.354202e-01 
 4.185855e+01 -7.357139e-01 
 4.185888e+01 -7.359747e-01 
 4.185920e+01 -7.362026e-01 
 4.185952e+01 -7.364005e-01 
 4.185984e+01 -7.365671e-01 
 4.186017e+01 -7.367019e-01 
 4.186049e+01 -7.368052e-01 
 4.186081e+01 -7.368259e-01 
 4.186114e+01 -7.368691e-01 
 4.186146e+01 -7.368825e-01 
 4.186178e+01 -7.368668e-01 
 4.186211e+01 -7.368199e-01 
 4.186243e+01 -7.367431e-01 
 4.186275e+01 -7.366396e-01 
 4.186307e+01 -7.365098e-01 
 4.186340e+01 -7.363542e-01 
 4.186372e+01 -7.361482e-01 
 4.186404e+01 -7.358989e-01 
 4.186437e+01 -7.356638e-01 
 4.186469e+01 -7.354014e-01 
 4.186501e+01 -7.351139e-01 
 4.186534e+01 -7.348003e-01 
 4.186566e+01 -7.344604e-01 
 4.186598e+01 -7.340969e-01 
 4.186630e+01 -7.337123e-01 
 4.186663e+01 -7.333064e-01 
 4.186695e+01 -7.328783e-01 
 4.186727e+01 -7.324286e-01 
 4.186760e+01 -7.319550e-01 
 4.186792e+01 -7.314559e-01 
 4.186824e+01 -7.309323e-01 
 4.186857e+01 -7.303838e-01 
 4.186889e+01 -7.298087e-01 
 4.186921e+01 -7.292080e-01 
 4.186953e+01 -7.285852e-01 
 4.186986e+01 -7.279411e-01 
 4.187018e+01 -7.272761e-01 
 4.187050e+01 -7.265926e-01 
 4.187083e+01 -7.258888e-01 
 4.187115e+01 -7.251643e-01 
 4.187147e+01 -7.244212e-01 
 4.187180e+01 -7.236589e-01 
 4.187212e+01 -7.228751e-01 
 4.187244e+01 -7.220690e-01 
 4.187276e+01 -7.212448e-01 
 4.187309e+01 -7.204030e-01 
 4.187341e+01 -7.195435e-01 
 4.187373e+01 -7.186709e-01 
 4.187406e+01 -7.177844e-01 
 4.187438e+01 -7.168856e-01 
 4.187470e+01 -7.159775e-01 
 4.187503e+01 -7.150605e-01 
 4.187535e+01 -7.141344e-01 
 4.187567e+01 -7.131969e-01 
 4.187599e+01 -7.122518e-01 
 4.187632e+01 -7.112990e-01 
 4.187664e+01 -7.103377e-01 
 4.187696e+01 -7.093704e-01 
 4.187729e+01 -7.083969e-01 
 4.187761e+01 -7.074197e-01 
 4.187793e+01 -7.064420e-01 
 4.187826e+01 -7.054661e-01 
 4.187858e+01 -7.044918e-01 
 4.187890e+01 -7.035178e-01 
 4.187922e+01 -7.025490e-01 
 4.187955e+01 -7.015842e-01 
 4.187987e+01 -7.006224e-01 
 4.188019e+01 -6.996660e-01 
 4.188052e+01 -6.987128e-01 
 4.188084e+01 -6.977642e-01 
 4.188116e+01 -6.968226e-01 
 4.188148e+01 -6.958902e-01 
 4.188181e+01 -6.949666e-01 
 4.188213e+01 -6.940501e-01 
 4.188245e+01 -6.931465e-01 
 4.188278e+01 -6.922555e-01 
 4.188310e+01 -6.913773e-01 
 4.188342e+01 -6.905137e-01 
 4.188375e+01 -6.896619e-01 
 4.188407e+01 -6.888215e-01 
 4.188439e+01 -6.879932e-01 
 4.188471e+01 -6.871778e-01 
 4.188504e+01 -6.863736e-01 
 4.188536e+01 -6.855781e-01 
 4.188568e+01 -6.847964e-01 
 4.188601e+01 -6.840288e-01 
 4.188633e+01 -6.832767e-01 
 4.188665e+01 -6.825419e-01 
 4.188698e+01 -6.818223e-01 
 4.188730e+01 -6.811184e-01 
 4.188762e+01 -6.804297e-01 
 4.188794e+01 -6.797568e-01 
 4.188827e+01 -6.790984e-01 
 4.188859e+01 -6.784515e-01 
 4.188891e+01 -6.778198e-01 
 4.188924e+01 -6.772033e-01 
 4.188956e+01 -6.766037e-01 
 4.188988e+01 -6.760233e-01 
 4.189021e+01 -6.754613e-01 
 4.189053e+01 -6.749194e-01 
 4.189085e+01 -6.743981e-01 
 4.189117e+01 -6.738993e-01 
 4.189150e+01 -6.734225e-01 
 4.189182e+01 -6.729653e-01 
 4.189214e+01 -6.725300e-01 
 4.189247e+01 -6.721168e-01 
 4.189279e+01 -6.717265e-01 
 4.189311e+01 -6.713586e-01 
 4.189344e+01 -6.710142e-01 
 4.189376e+01 -6.706962e-01 
 4.189408e+01 -6.704042e-01 
 4.189440e+01 -6.701407e-01 
 4.189473e+01 -6.699055e-01 
 4.189505e+01 -6.696974e-01 
 4.189537e+01 -6.695175e-01 
 4.189570e+01 -6.693655e-01 
 4.189602e+01 -6.692424e-01 
 4.189634e+01 -6.691465e-01 
 4.189667e+01 -6.690784e-01 
 4.189699e+01 -6.690390e-01 
 4.189731e+01 -6.690273e-01 
 4.189763e+01 -6.690446e-01 
 4.189796e+01 -6.690905e-01 
 4.189828e+01 -6.691656e-01 
 4.189860e+01 -6.692695e-01 
 4.189893e+01 -6.694020e-01 
 4.189925e+01 -6.695646e-01 
 4.189957e+01 -6.697550e-01 
 4.189990e+01 -6.699728e-01 
 4.190022e+01 -6.702181e-01 
 4.190054e+01 -6.704882e-01 
 4.190086e+01 -6.707836e-01 
 4.190119e+01 -6.711042e-01 
 4.190151e+01 -6.714488e-01 
 4.190183e+01 -6.718163e-01 
 4.190216e+01 -6.722072e-01 
 4.190248e+01 -6.726216e-01 
 4.190280e+01 -6.730578e-01 
 4.190313e+01 -6.735156e-01 
 4.190345e+01 -6.739955e-01 
 4.190377e+01 -6.744948e-01 
 4.190409e+01 -6.750121e-01 
 4.190442e+01 -6.755478e-01 
 4.190474e+01 -6.761007e-01 
 4.190506e+01 -6.766681e-01 
 4.190539e+01 -6.772510e-01 
 4.190571e+01 -6.778495e-01 
 4.190603e+01 -6.784633e-01 
 4.190636e+01 -6.790925e-01 
 4.190668e+01 -6.797352e-01 
 4.190700e+01 -6.803928e-01 
 4.190732e+01 -6.810643e-01 
 4.190765e+01 -6.817503e-01 
 4.190797e+01 -6.824520e-01 
 4.190829e+01 -6.831651e-01 
 4.190862e+01 -6.838906e-01 
 4.190894e+01 -6.846287e-01 
 4.190926e+01 -6.853778e-01 
 4.190959e+01 -6.861395e-01 
 4.190991e+01 -6.869130e-01 
 4.191023e+01 -6.876974e-01 
 4.191055e+01 -6.884908e-01 
 4.191088e+01 -6.892959e-01 
 4.191120e+01 -6.901144e-01 
 4.191152e+01 -6.909426e-01 
 4.191185e+01 -6.917808e-01 
 4.191217e+01 -6.926292e-01 
 4.191249e+01 -6.934851e-01 
 4.191282e+01 -6.943498e-01 
 4.191314e+01 -6.952209e-01 
 4.191346e+01 -6.960945e-01 
 4.191378e+01 -6.969695e-01 
 4.191411e+01 -6.978477e-01 
 4.191443e+01 -6.987296e-01 
 4.191475e+01 -6.996119e-01 
 4.191508e+01 -7.004952e-01 
 4.191540e+01 -7.013789e-01 
 4.191572e+01 -7.022612e-01 
 4.191604e+01 -7.031426e-01 
 4.191637e+01 -7.040216e-01 
 4.191669e+01 -7.048937e-01 
 4.191701e+01 -7.057566e-01 
 4.191734e+01 -7.066108e-01 
 4.191766e+01 -7.074578e-01 
 4.191798e+01 -7.082927e-01 
 4.191831e+01 -7.091161e-01 
 4.191863e+01 -7.099281e-01 
 4.191895e+01 -7.107277e-01 
 4.191927e+01 -7.115167e-01 
 4.191960e+01 -7.122941e-01 
 4.191992e+01 -7.130573e-01 
 4.192024e+01 -7.138056e-01 
 4.192057e+01 -7.145390e-01 
 4.192089e+01 -7.152589e-01 
 4.192121e+01 -7.159600e-01 
 4.192154e+01 -7.166421e-01 
 4.192186e+01 -7.173061e-01 
 4.192218e+01 -7.179503e-01 
 4.192250e+01 -7.185770e-01 
 4.192283e+01 -7.191854e-01 
 4.192315e+01 -7.197745e-01 
 4.192347e+01 -7.203433e-01 
 4.192380e+01 -7.208941e-01 
 4.192412e+01 -7.214297e-01 
 4.192444e+01 -7.219477e-01 
 4.192477e+01 -7.224473e-01 
 4.192509e+01 -7.229268e-01 
 4.192541e+01 -7.233854e-01 
 4.192573e+01 -7.238228e-01 
 4.192606e+01 -7.242393e-01 
 4.192638e+01 -7.246348e-01 
 4.192670e+01 -7.250082e-01 
 4.192703e+01 -7.253610e-01 
 4.192735e+01 -7.256959e-01 
 4.192767e+01 -7.260109e-01 
 4.192800e+01 -7.263066e-01 
 4.192832e+01 -7.265824e-01 
 4.192864e+01 -7.268369e-01 
 4.192896e+01 -7.270707e-01 
 4.192929e+01 -7.272807e-01 
 4.192961e+01 -7.274671e-01 
 4.192993e+01 -7.276293e-01 
 4.193026e+01 -7.277675e-01 
 4.193058e+01 -7.278826e-01 
 4.193090e+01 -7.279736e-01 
 4.193123e+01 -7.280419e-01 
 4.193155e+01 -7.280861e-01 
 4.193187e+01 -7.281068e-01 
 4.193219e+01 -7.281033e-01 
 4.193252e+01 -7.280745e-01 
 4.193284e+01 -7.279951e-01 
 4.193316e+01 -7.279135e-01 
 4.193349e+01 -7.278053e-01 
 4.193381e+01 -7.276695e-01 
 4.193413e+01 -7.275069e-01 
 4.193446e+01 -7.273186e-01 
 4.193478e+01 -7.271057e-01 
 4.193510e+01 -7.268695e-01 
 4.193542e+01 -7.266088e-01 
 4.193575e+01 -7.263234e-01 
 4.193607e+01 -7.260023e-01 
 4.193639e+01 -7.256674e-01 
 4.193672e+01 -7.252895e-01 
 4.193704e+01 -7.249059e-01 
 4.193736e+01 -7.244987e-01 
 4.193769e+01 -7.240686e-01 
 4.193801e+01 -7.236164e-01 
 4.193833e+01 -7.231447e-01 
 4.193865e+01 -7.226540e-01 
 4.193898e+01 -7.221447e-01 
 4.193930e+01 -7.216184e-01 
 4.193962e+01 -7.210752e-01 
 4.193995e+01 -7.205144e-01 
 4.194027e+01 -7.199351e-01 
 4.194059e+01 -7.193392e-01 
 4.194092e+01 -7.187276e-01 
 4.194124e+01 -7.181001e-01 
 4.194156e+01 -7.174587e-01 
 4.194188e+01 -7.168026e-01 
 4.194221e+01 -7.161335e-01 
 4.194253e+01 -7.154543e-01 
 4.194285e+01 -7.147662e-01 
 4.194318e+01 -7.140697e-01 
 4.194350e+01 -7.133634e-01 
 4.194382e+01 -7.126506e-01 
 4.194415e+01 -7.119307e-01 
 4.194447e+01 -7.112026e-01 
 4.194479e+01 -7.104702e-01 
 4.194511e+01 -7.097288e-01 
 4.194544e+01 -7.089774e-01 
 4.194576e+01 -7.082224e-01 
 4.194608e+01 -7.074634e-01 
 4.194641e+01 -7.067014e-01 
 4.194673e+01 -7.059354e-01 
 4.194705e+01 -7.051688e-01 
 4.194738e+01 -7.044026e-01 
 4.194770e+01 -7.036349e-01 
 4.194802e+01 -7.028667e-01 
 4.194834e+01 -7.020963e-01 
 4.194867e+01 -7.013263e-01 
 4.194899e+01 -7.005553e-01 
 4.194931e+01 -6.997851e-01 
 4.194964e+01 -6.990145e-01 
 4.194996e+01 -6.982419e-01 
 4.195028e+01 -6.974736e-01 
 4.195060e+01 -6.967084e-01 
 4.195093e+01 -6.959481e-01 
 4.195125e+01 -6.951920e-01 
 4.195157e+01 -6.944387e-01 
 4.195190e+01 -6.936902e-01 
 4.195222e+01 -6.929480e-01 
 4.195254e+01 -6.922128e-01 
 4.195287e+01 -6.914839e-01 
 4.195319e+01 -6.907583e-01 
 4.195351e+01 -6.900407e-01 
 4.195383e+01 -6.893325e-01 
 4.195416e+01 -6.886316e-01 
 4.195448e+01 -6.879414e-01 
 4.195480e+01 -6.872612e-01 
 4.195513e+01 -6.865924e-01 
 4.195545e+01 -6.859378e-01 
 4.195577e+01 -6.852984e-01 
 4.195610e+01 -6.846724e-01 
 4.195642e+01 -6.840588e-01 
 4.195674e+01 -6.834615e-01 
 4.195706e+01 -6.828796e-01 
 4.195739e+01 -6.823134e-01 
 4.195771e+01 -6.817637e-01 
 4.195803e+01 -6.812296e-01 
 4.195836e+01 -6.807133e-01 
 4.195868e+01 -6.802182e-01 
 4.195900e+01 -6.797446e-01 
 4.195933e+01 -6.792911e-01 
 4.195965e+01 -6.788570e-01 
 4.195997e+01 -6.784444e-01 
 4.196029e+01 -6.780532e-01 
 4.196062e+01 -6.776848e-01 
 4.196094e+01 -6.773390e-01 
 4.196126e+01 -6.770144e-01 
 4.196159e+01 -6.767125e-01 
 4.196191e+01 -6.764338e-01 
 4.196223e+01 -6.761789e-01 
 4.196256e+01 -6.759470e-01 
 4.196288e+01 -6.757366e-01 
 4.196320e+01 -6.755511e-01 
 4.196352e+01 -6.753898e-01 
 4.196385e+01 -6.752519e-01 
 4.196417e+01 -6.751373e-01 
 4.196449e+01 -6.750443e-01 
 4.196482e+01 -6.749741e-01 
 4.196514e+01 -6.749274e-01 
 4.196546e+01 -6.749036e-01 
 4.196579e+01 -6.749007e-01 
 4.196611e+01 -6.749174e-01 
 4.196643e+01 -6.749548e-01 
 4.196675e+01 -6.750127e-01 
 4.196708e+01 -6.750919e-01 
 4.196740e+01 -6.751926e-01 
 4.196772e+01 -6.753147e-01 
 4.196805e+01 -6.754568e-01 
 4.196837e+01 -6.756175e-01 
 4.196869e+01 -6.757988e-01 
 4.196902e+01 -6.759993e-01 
 4.196934e+01 -6.762180e-01 
 4.196966e+01 -6.764551e-01 
 4.196998e+01 -6.767089e-01 
 4.197031e+01 -6.769796e-01 
 4.197063e+01 -6.772685e-01 
 4.197095e+01 -6.775756e-01 
 4.197128e+01 -6.779015e-01 
 4.197160e+01 -6.782458e-01 
 4.197192e+01 -6.786075e-01 
 4.197225e+01 -6.789872e-01 
 4.197257e+01 -6.793866e-01 
 4.197289e+01 -6.798040e-01 
 4.197321e+01 -6.802387e-01 
 4.197354e+01 -6.806912e-01 
 4.197386e+01 -6.811593e-01 
 4.197418e+01 -6.816445e-01 
 4.197451e+01 -6.821467e-01 
 4.197483e+01 -6.826647e-01 
 4.197515e+01 -6.831993e-01 
 4.197548e+01 -6.837501e-01 
 4.197580e+01 -6.843190e-01 
 4.197612e+01 -6.849038e-01 
 4.197644e+01 -6.855034e-01 
 4.197677e+01 -6.861185e-01 
 4.197709e+01 -6.867465e-01 
 4.197741e+01 -6.873887e-01 
 4.197774e+01 -6.880433e-01 
 4.197806e+01 -6.887080e-01 
 4.197838e+01 -6.893829e-01 
 4.197871e+01 -6.900677e-01 
 4.197903e+01 -6.907635e-01 
 4.197935e+01 -6.914678e-01 
 4.197967e+01 -6.921799e-01 
 4.198000e+01 -6.928994e-01 
 4.198032e+01 -6.936245e-01 
 4.198064e+01 -6.943559e-01 
 4.198097e+01 -6.950931e-01 
 4.198129e+01 -6.958339e-01 
 4.198161e+01 -6.965762e-01 
 4.198194e+01 -6.973199e-01 
 4.198226e+01 -6.980653e-01 
 4.198258e+01 -6.988089e-01 
 4.198290e+01 -6.995503e-01 
 4.198323e+01 -7.002898e-01 
 4.198355e+01 -7.010263e-01 
 4.198387e+01 -7.017617e-01 
 4.198420e+01 -7.024946e-01 
 4.198452e+01 -7.032226e-01 
 4.198484e+01 -7.039462e-01 
 4.198516e+01 -7.046643e-01 
 4.198549e+01 -7.053791e-01 
 4.198581e+01 -7.060859e-01 
 4.198613e+01 -7.067851e-01 
 4.198646e+01 -7.074761e-01 
 4.198678e+01 -7.081576e-01 
 4.198710e+01 -7.088326e-01 
 4.198743e+01 -7.094999e-01 
 4.198775e+01 -7.101594e-01 
 4.198807e+01 -7.108102e-01 
 4.198839e+01 -7.114530e-01 
 4.198872e+01 -7.120885e-01 
 4.198904e+01 -7.127142e-01 
 4.198936e+01 -7.133304e-01 
 4.198969e+01 -7.139370e-01 
 4.199001e+01 -7.145318e-01 
 4.199033e+01 -7.151167e-01 
 4.199066e+01 -7.156914e-01 
 4.199098e+01 -7.162536e-01 
 4.199130e+01 -7.168039e-01 
 4.199162e+01 -7.173439e-01 
 4.199195e+01 -7.178743e-01 
 4.199227e+01 -7.183919e-01 
 4.199259e+01 -7.188976e-01 
 4.199292e+01 -7.193900e-01 
 4.199324e+01 -7.198684e-01 
 4.199356e+01 -7.203343e-01 
 4.199389e+01 -7.207838e-01 
 4.199421e+01 -7.212158e-01 
 4.199453e+01 -7.216290e-01 
 4.199485e+01 -7.220244e-01 
 4.199518e+01 -7.224038e-01 
 4.199550e+01 -7.227643e-01 
 4.199582e+01 -7.231059e-01 
 4.199615e+01 -7.234270e-01 
 4.199647e+01 -7.237275e-01 
 4.199679e+01 -7.240086e-01 
 4.199712e+01 -7.242681e-01 
 4.199744e+01 -7.245042e-01 
 4.199776e+01 -7.247152e-01 
 4.199808e+01 -7.249034e-01 
 4.199841e+01 -7.250678e-01 
 4.199873e+01 -7.252066e-01 
 4.199905e+01 -7.253214e-01 
 4.199938e+01 -7.254115e-01 
 4.199970e+01 -7.254773e-01 
 4.200002e+01 -7.255202e-01 
 4.200035e+01 -7.255397e-01 
 4.200067e+01 -7.255348e-01 
 4.200099e+01 -7.255060e-01 
 4.200131e+01 -7.254543e-01 
 4.200164e+01 -7.253812e-01 
 4.200196e+01 -7.252840e-01 
 4.200228e+01 -7.251640e-01 
 4.200261e+01 -7.250206e-01 
 4.200293e+01 -7.248546e-01 
 4.200325e+01 -7.246673e-01 
 4.200358e+01 -7.244587e-01 
 4.200390e+01 -7.242306e-01 
 4.200422e+01 -7.239827e-01 
 4.200454e+01 -7.237164e-01 
 4.200487e+01 -7.234322e-01 
 4.200519e+01 -7.231298e-01 
 4.200551e+01 -7.228107e-01 
 4.200584e+01 -7.224731e-01 
 4.200616e+01 -7.221177e-01 
 4.200648e+01 -7.217448e-01 
 4.200681e+01 -7.213547e-01 
 4.200713e+01 -7.209477e-01 
 4.200745e+01 -7.205245e-01 
 4.200777e+01 -7.200861e-01 
 4.200810e+01 -7.196382e-01 
 4.200842e+01 -7.191726e-01 
 4.200874e+01 -7.186931e-01 
 4.200907e+01 -7.181989e-01 
 4.200939e+01 -7.176913e-01 
 4.200971e+01 -7.171699e-01 
 4.201004e+01 -7.166348e-01 
 4.201036e+01 -7.160862e-01 
 4.201068e+01 -7.155240e-01 
 4.201100e+01 -7.149498e-01 
 4.201133e+01 -7.143630e-01 
 4.201165e+01 -7.137613e-01 
 4.201197e+01 -7.131484e-01 
 4.201230e+01 -7.125238e-01 
 4.201262e+01 -7.118883e-01 
 4.201294e+01 -7.112413e-01 
 4.201327e+01 -7.105831e-01 
 4.201359e+01 -7.099158e-01 
 4.201391e+01 -7.092386e-01 
 4.201423e+01 -7.085521e-01 
 4.201456e+01 -7.078535e-01 
 4.201488e+01 -7.071453e-01 
 4.201520e+01 -7.064289e-01 
 4.201553e+01 -7.057045e-01 
 4.201585e+01 -7.049744e-01 
 4.201617e+01 -7.042378e-01 
 4.201650e+01 -7.034964e-01 
 4.201682e+01 -7.027518e-01 
 4.201714e+01 -7.020057e-01 
 4.201746e+01 -7.012582e-01 
 4.201779e+01 -7.005067e-01 
 4.201811e+01 -6.997546e-01 
 4.201843e+01 -6.990018e-01 
 4.201876e+01 -6.982497e-01 
 4.201908e+01 -6.974996e-01 
 4.201940e+01 -6.967507e-01 
 4.201972e+01 -6.960054e-01 
 4.202005e+01 -6.952662e-01 
 4.202037e+01 -6.945338e-01 
 4.202069e+01 -6.938085e-01 
 4.202102e+01 -6.930892e-01 
 4.202134e+01 -6.923785e-01 
 4.202166e+01 -6.916769e-01 
 4.202199e+01 -6.909852e-01 
 4.202231e+01 -6.903045e-01 
 4.202263e+01 -6.896325e-01 
 4.202295e+01 -6.889712e-01 
 4.202328e+01 -6.883222e-01 
 4.202360e+01 -6.876861e-01 
 4.202392e+01 -6.870628e-01 
 4.202425e+01 -6.864511e-01 
 4.202457e+01 -6.858544e-01 
 4.202489e+01 -6.852719e-01 
 4.202522e+01 -6.847045e-01 
 4.202554e+01 -6.841531e-01 
 4.202586e+01 -6.836153e-01 
 4.202618e+01 -6.830926e-01 
 4.202651e+01 -6.825854e-01 
 4.202683e+01 -6.820940e-01 
 4.202715e+01 -6.816178e-01 
 4.202748e+01 -6.811559e-01 
 4.202780e+01 -6.807110e-01 
 4.202812e+01 -6.802830e-01 
 4.202845e+01 -6.798723e-01 
 4.202877e+01 -6.794801e-01 
 4.202909e+01 -6.791049e-01 
 4.202941e+01 -6.787486e-01 
 4.202974e+01 -6.784109e-01 
 4.203006e+01 -6.780918e-01 
 4.203038e+01 -6.777911e-01 
 4.203071e+01 -6.775071e-01 
 4.203103e+01 -6.772417e-01 
 4.203135e+01 -6.769942e-01 
 4.203168e+01 -6.767657e-01 
 4.203200e+01 -6.765574e-01 
 4.203232e+01 -6.763680e-01 
 4.203264e+01 -6.761997e-01 
 4.203297e+01 -6.760526e-01 
 4.203329e+01 -6.759267e-01 
 4.203361e+01 -6.758212e-01 
 4.203394e+01 -6.757363e-01 
 4.203426e+01 -6.756734e-01 
 4.203458e+01 -6.756311e-01 
 4.203491e+01 -6.756102e-01 
 4.203523e+01 -6.756101e-01 
 4.203555e+01 -6.756309e-01 
 4.203587e+01 -6.756746e-01 
 4.203620e+01 -6.757413e-01 
 4.203652e+01 -6.758309e-01 
 4.203684e+01 -6.759423e-01 
 4.203717e+01 -6.760762e-01 
 4.203749e+01 -6.762332e-01 
 4.203781e+01 -6.764121e-01 
 4.203814e+01 -6.766140e-01 
 4.203846e+01 -6.768379e-01 
 4.203878e+01 -6.770826e-01 
 4.203910e+01 -6.773493e-01 
 4.203943e+01 -6.776374e-01 
 4.203975e+01 -6.779466e-01 
 4.204007e+01 -6.782761e-01 
 4.204040e+01 -6.786265e-01 
 4.204072e+01 -6.789971e-01 
 4.204104e+01 -6.793864e-01 
 4.204137e+01 -6.797952e-01 
 4.204169e+01 -6.802226e-01 
 4.204201e+01 -6.806680e-01 
 4.204233e+01 -6.811315e-01 
 4.204266e+01 -6.816119e-01 
 4.204298e+01 -6.821078e-01 
 4.204330e+01 -6.826176e-01 
 4.204363e+01 -6.831427e-01 
 4.204395e+01 -6.836811e-01 
 4.204427e+01 -6.842313e-01 
 4.204460e+01 -6.847945e-01 
 4.204492e+01 -6.853698e-01 
 4.204524e+01 -6.859573e-01 
 4.204556e+01 -6.865565e-01 
 4.204589e+01 -6.871663e-01 
 4.204621e+01 -6.877857e-01 
 4.204653e+01 -6.884139e-01 
 4.204686e+01 -6.890519e-01 
 4.204718e+01 -6.896974e-01 
 4.204750e+01 -6.903493e-01 
 4.204783e+01 -6.910085e-01 
 4.204815e+01 -6.916742e-01 
 4.204847e+01 -6.923473e-01 
 4.204879e+01 -6.930269e-01 
 4.204912e+01 -6.937119e-01 
 4.204944e+01 -6.944020e-01 
 4.204976e+01 -6.950963e-01 
 4.205009e+01 -6.957975e-01 
 4.205041e+01 -6.965028e-01 
 4.205073e+01 -6.972108e-01 
 4.205106e+01 -6.979226e-01 
 4.205138e+01 -6.986363e-01 
 4.205170e+01 -6.993529e-01 
 4.205202e+01 -7.000715e-01 
 4.205235e+01 -7.007911e-01 
 4.205267e+01 -7.015108e-01 
 4.205299e+01 -7.022309e-01 
 4.205332e+01 -7.029541e-01 
 4.205364e+01 -7.036771e-01 
 4.205396e+01 -7.043990e-01 
 4.205428e+01 -7.051206e-01 
 4.205461e+01 -7.058400e-01 
 4.205493e+01 -7.065585e-01 
 4.205525e+01 -7.072736e-01 
 4.205558e+01 -7.079835e-01 
 4.205590e+01 -7.086875e-01 
 4.205622e+01 -7.093854e-01 
 4.205655e+01 -7.100797e-01 
 4.205687e+01 -7.107669e-01 
 4.205719e+01 -7.114464e-01 
 4.205751e+01 -7.121181e-01 
 4.205784e+01 -7.127814e-01 
 4.205816e+01 -7.134365e-01 
 4.205848e+01 -7.140815e-01 
 4.205881e+01 -7.147146e-01 
 4.205913e+01 -7.153342e-01 
 4.205945e+01 -7.159398e-01 
 4.205978e+01 -7.165329e-01 
 4.206010e+01 -7.171103e-01 
 4.206042e+01 -7.176721e-01 
 4.206074e+01 -7.182177e-01 
 4.206107e+01 -7.187463e-01 
 4.206139e+01 -7.192588e-01 
 4.206171e+01 -7.197545e-01 
 4.206204e+01 -7.202311e-01 
 4.206236e+01 -7.206886e-01 
 4.206268e+01 -7.211273e-01 
 4.206301e+01 -7.215480e-01 
 4.206333e+01 -7.219471e-01 
 4.206365e+01 -7.223261e-01 
 4.206397e+01 -7.226835e-01 
 4.206430e+01 -7.230192e-01 
 4.206462e+01 -7.233347e-01 
 4.206494e+01 -7.236291e-01 
 4.206527e+01 -7.239027e-01 
 4.206559e+01 -7.241554e-01 
 4.206591e+01 -7.243884e-01 
 4.206624e+01 -7.246022e-01 
 4.206656e+01 -7.247955e-01 
 4.206688e+01 -7.249690e-01 
 4.206720e+01 -7.251215e-01 
 4.206753e+01 -7.252527e-01 
 4.206785e+01 -7.253637e-01 
 4.206817e+01 -7.254531e-01 
 4.206850e+01 -7.255221e-01 
 4.206882e+01 -7.255708e-01 
 4.206914e+01 -7.256000e-01 
 4.206947e+01 -7.256096e-01 
 4.206979e+01 -7.256002e-01 
 4.207011e+01 -7.255722e-01 
 4.207043e+01 -7.255251e-01 
 4.207076e+01 -7.254584e-01 
 4.207108e+01 -7.253726e-01 
 4.207140e+01 -7.252670e-01 
 4.207173e+01 -7.251408e-01 
 4.207205e+01 -7.249948e-01 
 4.207237e+01 -7.248291e-01 
 4.207270e+01 -7.246436e-01 
 4.207302e+01 -7.244385e-01 
 4.207334e+01 -7.242158e-01 
 4.207366e+01 -7.239735e-01 
 4.207399e+01 -7.237132e-01 
 4.207431e+01 -7.234344e-01 
 4.207463e+01 -7.231359e-01 
 4.207496e+01 -7.228180e-01 
 4.207528e+01 -7.224803e-01 
 4.207560e+01 -7.221239e-01 
 4.207593e+01 -7.217468e-01 
 4.207625e+01 -7.213502e-01 
 4.207657e+01 -7.209409e-01 
 4.207689e+01 -7.205077e-01 
 4.207722e+01 -7.200562e-01 
 4.207754e+01 -7.195869e-01 
 4.207786e+01 -7.190988e-01 
 4.207819e+01 -7.185927e-01 
 4.207851e+01 -7.180695e-01 
 4.207883e+01 -7.175300e-01 
 4.207916e+01 -7.169717e-01 
 4.207948e+01 -7.163967e-01 
 4.207980e+01 -7.158059e-01 
 4.208012e+01 -7.151985e-01 
 4.208045e+01 -7.145764e-01 
 4.208077e+01 -7.139395e-01 
 4.208109e+01 -7.132883e-01 
 4.208142e+01 -7.126244e-01 
 4.208174e+01 -7.119487e-01 
 4.208206e+01 -7.112628e-01 
 4.208239e+01 -7.105644e-01 
 4.208271e+01 -7.098563e-01 
 4.208303e+01 -7.091402e-01 
 4.208335e+01 -7.084150e-01 
 4.208368e+01 -7.076822e-01 
 4.208400e+01 -7.069417e-01 
 4.208432e+01 -7.061944e-01 
 4.208465e+01 -7.054418e-01 
 4.208497e+01 -7.046857e-01 
 4.208529e+01 -7.039272e-01 
 4.208562e+01 -7.031639e-01 
 4.208594e+01 -7.023992e-01 
 4.208626e+01 -7.016345e-01 
 4.208658e+01 -7.008688e-01 
 4.208691e+01 -7.001035e-01 
 4.208723e+01 -6.993374e-01 
 4.208755e+01 -6.985718e-01 
 4.208788e+01 -6.978073e-01 
 4.208820e+01 -6.970455e-01 
 4.208852e+01 -6.962867e-01 
 4.208884e+01 -6.955290e-01 
 4.208917e+01 -6.947752e-01 
 4.208949e+01 -6.940267e-01 
 4.208981e+01 -6.932831e-01 
 4.209014e+01 -6.925448e-01 
 4.209046e+01 -6.918111e-01 
 4.209078e+01 -6.910832e-01 
 4.209111e+01 -6.903622e-01 
 4.209143e+01 -6.896489e-01 
 4.209175e+01 -6.889438e-01 
 4.209207e+01 -6.882431e-01 
