         time bulge_top_... 
------------- ------------- 
 2.386174e-04 -1.430822e-03 
 6.363130e-04 -1.659695e-03 
 1.034009e-03 -1.165283e-03 
 1.431704e-03  2.072920e-04 
 1.829400e-03  2.239606e-03 
 2.227096e-03  4.829269e-03 
 2.624791e-03  7.681653e-03 
 3.022487e-03  1.048191e-02 
 3.420182e-03  1.303978e-02 
 3.817878e-03  1.525423e-02 
 4.215574e-03  1.675738e-02 
 4.613269e-03  1.726988e-02 
 5.010965e-03  1.679107e-02 
 5.408661e-03  1.542067e-02 
 5.806356e-03  1.320370e-02 
 6.204052e-03  1.071356e-02 
 6.601747e-03  7.994696e-03 
 6.999443e-03  5.416301e-03 
 7.397139e-03  3.194095e-03 
 7.794834e-03  1.635025e-03 
 8.192530e-03  9.499030e-04 
 8.590226e-03  1.291176e-03 
 8.987921e-03  2.736955e-03 
 9.385617e-03  5.096126e-03 
 9.783312e-03  8.409630e-03 
 1.018101e-02  1.243510e-02 
 1.057870e-02  1.688230e-02 
 1.097640e-02  2.150949e-02 
 1.137409e-02  2.602643e-02 
 1.177179e-02  3.000544e-02 
 1.216949e-02  3.296412e-02 
 1.256718e-02  3.461047e-02 
 1.296488e-02  3.474112e-02 
 1.336257e-02  3.338617e-02 
 1.376027e-02  3.055016e-02 
 1.415796e-02  2.660466e-02 
 1.455566e-02  2.193030e-02 
 1.495336e-02  1.708392e-02 
 1.535105e-02  1.239912e-02 
 1.574875e-02  8.070048e-03 
 1.614644e-02  4.250985e-03 
 1.654414e-02  9.826760e-04 
 1.694183e-02 -1.653198e-03 
 1.733953e-02 -3.520221e-03 
 1.773723e-02 -4.711658e-03 
 1.813492e-02 -5.309288e-03 
 1.853262e-02 -5.445235e-03 
 1.893031e-02 -4.997653e-03 
 1.932801e-02 -4.110061e-03 
 1.972570e-02 -2.859841e-03 
 2.012340e-02 -1.268576e-03 
 2.052109e-02  5.573315e-04 
 2.091879e-02  2.596893e-03 
 2.131649e-02  4.931991e-03 
 2.171418e-02  7.440346e-03 
 2.211188e-02  1.010643e-02 
 2.250957e-02  1.291626e-02 
 2.290727e-02  1.584963e-02 
 2.330496e-02  1.880657e-02 
 2.370266e-02  2.156745e-02 
 2.410036e-02  2.395608e-02 
 2.449805e-02  2.573705e-02 
 2.489575e-02  2.677930e-02 
 2.529344e-02  2.699870e-02 
 2.569114e-02  2.636016e-02 
 2.608883e-02  2.487476e-02 
 2.648653e-02  2.259786e-02 
 2.688422e-02  1.965462e-02 
 2.728192e-02  1.642056e-02 
 2.767962e-02  1.322830e-02 
 2.807731e-02  1.032335e-02 
 2.847501e-02  7.872109e-03 
 2.887270e-02  6.020242e-03 
 2.927040e-02  4.812190e-03 
 2.966809e-02  4.373707e-03 
 3.006579e-02  4.698195e-03 
 3.046349e-02  5.648828e-03 
 3.086118e-02  7.005587e-03 
 3.125888e-02  8.496437e-03 
 3.165657e-02  9.913620e-03 
 3.205427e-02  1.095449e-02 
 3.245196e-02  1.139394e-02 
 3.284966e-02  1.109401e-02 
 3.324735e-02  1.001427e-02 
 3.364505e-02  8.171657e-03 
 3.404275e-02  5.771768e-03 
 3.444044e-02  3.010378e-03 
 3.483814e-02  1.646832e-04 
 3.523583e-02 -2.392626e-03 
 3.563353e-02 -4.560761e-03 
 3.603122e-02 -6.253650e-03 
 3.642892e-02 -7.483732e-03 
 3.682662e-02 -8.268438e-03 
 3.722431e-02 -8.721907e-03 
 3.762201e-02 -8.822207e-03 
 3.801970e-02 -8.489168e-03 
 3.841740e-02 -7.571904e-03 
 3.881509e-02 -5.746617e-03 
 3.921279e-02 -3.012860e-03 
 3.961048e-02  4.705619e-04 
 4.000818e-02  4.313424e-03 
 4.040588e-02  8.099549e-03 
 4.080357e-02  1.148590e-02 
 4.120127e-02  1.442666e-02 
 4.159896e-02  1.675404e-02 
 4.199666e-02  1.833350e-02 
 4.239435e-02  1.937901e-02 
 4.279205e-02  1.991351e-02 
 4.318975e-02  1.996059e-02 
 4.358744e-02  1.952673e-02 
 4.398514e-02  1.854634e-02 
 4.438283e-02  1.700134e-02 
 4.478053e-02  1.504114e-02 
 4.517822e-02  1.277708e-02 
 4.557592e-02  1.005806e-02 
 4.597361e-02  7.056938e-03 
 4.637131e-02  3.798966e-03 
 4.676901e-02  4.319716e-04 
 4.716670e-02 -2.941365e-03 
 4.756440e-02 -6.074091e-03 
 4.796209e-02 -8.871736e-03 
 4.835979e-02 -1.121508e-02 
 4.875748e-02 -1.309362e-02 
 4.915518e-02 -1.430314e-02 
 4.955288e-02 -1.475120e-02 
 4.995057e-02 -1.432994e-02 
 5.034827e-02 -1.299616e-02 
 5.074596e-02 -1.079256e-02 
 5.114366e-02 -7.757722e-03 
 5.154135e-02 -3.955772e-03 
 5.193905e-02  2.924316e-04 
 5.233674e-02  4.612373e-03 
 5.273444e-02  8.576927e-03 
 5.313214e-02  1.177492e-02 
 5.352983e-02  1.403925e-02 
 5.392753e-02  1.530524e-02 
 5.432522e-02  1.552219e-02 
 5.472292e-02  1.475095e-02 
 5.512061e-02  1.317307e-02 
 5.551831e-02  1.094396e-02 
 5.591601e-02  8.227245e-03 
 5.631370e-02  5.437556e-03 
 5.671140e-02  2.722217e-03 
 5.710909e-02  2.642075e-04 
 5.750679e-02 -1.641408e-03 
 5.790448e-02 -2.926725e-03 
 5.830218e-02 -3.518253e-03 
 5.869987e-02 -3.379459e-03 
 5.909757e-02 -2.550482e-03 
 5.949527e-02 -1.101308e-03 
 5.989296e-02  7.671851e-04 
 6.029066e-02  2.938722e-03 
 6.068835e-02  5.166911e-03 
 6.108605e-02  7.244308e-03 
 6.148374e-02  8.809427e-03 
 6.188144e-02  9.579897e-03 
 6.227914e-02  9.345384e-03 
 6.267683e-02  8.345927e-03 
 6.307453e-02  6.658482e-03 
 6.347222e-02  4.441999e-03 
 6.386992e-02  1.726330e-03 
 6.426761e-02 -1.465670e-03 
 6.466531e-02 -5.079816e-03 
 6.506300e-02 -8.871015e-03 
 6.546070e-02 -1.268492e-02 
 6.585840e-02 -1.623086e-02 
 6.625609e-02 -1.908995e-02 
 6.665379e-02 -2.091839e-02 
 6.705148e-02 -2.132532e-02 
 6.744918e-02 -2.043128e-02 
 6.784687e-02 -1.841503e-02 
 6.824457e-02 -1.539983e-02 
 6.864227e-02 -1.161164e-02 
 6.903996e-02 -7.104004e-03 
 6.943766e-02 -2.089440e-03 
 6.983535e-02  3.161534e-03 
 7.023305e-02  8.612697e-03 
 7.063074e-02  1.387545e-02 
 7.102844e-02  1.861773e-02 
 7.142613e-02  2.261322e-02 
 7.182383e-02  2.548894e-02 
 7.222153e-02  2.695774e-02 
 7.261922e-02  2.708013e-02 
 7.301692e-02  2.586522e-02 
 7.341461e-02  2.347577e-02 
 7.381231e-02  2.021084e-02 
 7.421000e-02  1.627551e-02 
 7.460770e-02  1.184237e-02 
 7.500540e-02  7.237641e-03 
 7.540309e-02  2.855131e-03 
 7.580079e-02 -9.449658e-04 
 7.619848e-02 -3.924319e-03 
 7.659618e-02 -6.001001e-03 
 7.699387e-02 -7.104866e-03 
 7.739157e-02 -7.198307e-03 
 7.778926e-02 -6.399935e-03 
 7.818696e-02 -4.792819e-03 
 7.858466e-02 -2.489650e-03 
 7.898235e-02  1.571320e-04 
 7.938005e-02  3.033485e-03 
 7.977774e-02  5.542796e-03 
 8.017544e-02  7.373763e-03 
 8.057313e-02  8.325940e-03 
 8.097083e-02  8.281579e-03 
 8.136853e-02  7.208929e-03 
 8.176622e-02  5.365599e-03 
 8.216392e-02  2.979750e-03 
 8.256161e-02  3.693847e-04 
 8.295931e-02 -2.272740e-03 
 8.335700e-02 -4.750348e-03 
 8.375470e-02 -6.836101e-03 
 8.415239e-02 -8.404710e-03 
 8.455009e-02 -9.196803e-03 
 8.494779e-02 -8.901715e-03 
 8.534548e-02 -7.500145e-03 
 8.574318e-02 -5.216067e-03 
 8.614087e-02 -2.223881e-03 
 8.653857e-02  1.299034e-03 
 8.693626e-02  5.089395e-03 
 8.733396e-02  8.730085e-03 
 8.773166e-02  1.200394e-02 
 8.812935e-02  1.462929e-02 
 8.852705e-02  1.661811e-02 
 8.892474e-02  1.794535e-02 
 8.932244e-02  1.852761e-02 
 8.972013e-02  1.826493e-02 
 9.011783e-02  1.728956e-02 
 9.051552e-02  1.594951e-02 
 9.091322e-02  1.447455e-02 
 9.131092e-02  1.301852e-02 
 9.170861e-02  1.155678e-02 
 9.210631e-02  9.968205e-03 
 9.250400e-02  8.011829e-03 
 9.290170e-02  5.563982e-03 
 9.329939e-02  2.580784e-03 
 9.369709e-02 -7.453044e-04 
 9.409479e-02 -4.213837e-03 
 9.449248e-02 -7.320777e-03 
 9.489018e-02 -9.620473e-03 
 9.528787e-02 -1.096887e-02 
 9.568557e-02 -1.133191e-02 
 9.608326e-02 -1.078590e-02 
 9.648096e-02 -9.466630e-03 
 9.687865e-02 -7.424680e-03 
 9.727635e-02 -4.646642e-03 
 9.767405e-02 -1.217248e-03 
 9.807174e-02  2.698631e-03 
 9.846944e-02  6.814913e-03 
 9.886713e-02  1.077121e-02 
 9.926483e-02  1.436603e-02 
 9.966252e-02  1.729928e-02 
 1.000602e-01  1.940777e-02 
 1.004579e-01  2.055086e-02 
 1.008556e-01  2.079518e-02 
 1.012533e-01  2.010770e-02 
 1.016510e-01  1.867036e-02 
 1.020487e-01  1.648543e-02 
 1.024464e-01  1.387310e-02 
 1.028441e-01  1.127465e-02 
 1.032418e-01  8.915574e-03 
 1.036395e-01  7.102957e-03 
 1.040372e-01  6.117794e-03 
 1.044349e-01  6.137771e-03 
 1.048326e-01  7.217008e-03 
 1.052303e-01  9.225307e-03 
 1.056280e-01  1.202350e-02 
 1.060257e-01  1.514478e-02 
 1.064234e-01  1.821194e-02 
 1.068210e-01  2.092133e-02 
 1.072187e-01  2.300181e-02 
 1.076164e-01  2.406914e-02 
 1.080141e-01  2.382951e-02 
 1.084118e-01  2.251314e-02 
 1.088095e-01  2.025184e-02 
 1.092072e-01  1.705356e-02 
 1.096049e-01  1.307456e-02 
 1.100026e-01  8.498254e-03 
 1.104003e-01  3.754939e-03 
 1.107980e-01 -8.380387e-04 
 1.111957e-01 -4.915116e-03 
 1.115934e-01 -8.274114e-03 
 1.119911e-01 -1.068170e-02 
 1.123888e-01 -1.189965e-02 
 1.127865e-01 -1.176078e-02 
 1.131842e-01 -1.034640e-02 
 1.135819e-01 -7.786412e-03 
 1.139796e-01 -4.379161e-03 
 1.143773e-01 -3.446064e-04 
 1.147750e-01  4.051334e-03 
 1.151727e-01  8.592784e-03 
 1.155703e-01  1.299961e-02 
 1.159680e-01  1.699740e-02 
 1.163657e-01  2.042582e-02 
 1.167634e-01  2.324373e-02 
 1.171611e-01  2.545039e-02 
 1.175588e-01  2.704878e-02 
 1.179565e-01  2.803384e-02 
 1.183542e-01  2.853386e-02 
 1.187519e-01  2.851419e-02 
 1.191496e-01  2.811460e-02 
 1.195473e-01  2.723248e-02 
 1.199450e-01  2.591993e-02 
 1.203427e-01  2.403789e-02 
 1.207404e-01  2.162068e-02 
 1.211381e-01  1.883677e-02 
 1.215358e-01  1.576797e-02 
 1.219335e-01  1.267148e-02 
 1.223312e-01  9.651542e-03 
 1.227289e-01  6.852897e-03 
 1.231266e-01  4.550244e-03 
 1.235243e-01  2.899176e-03 
 1.239220e-01  2.073363e-03 
 1.243197e-01  2.026528e-03 
 1.247173e-01  2.791121e-03 
 1.251150e-01  4.150907e-03 
 1.255127e-01  5.926920e-03 
 1.259104e-01  7.907778e-03 
 1.263081e-01  9.997219e-03 
 1.267058e-01  1.200924e-02 
 1.271035e-01  1.371084e-02 
 1.275012e-01  1.499417e-02 
 1.278989e-01  1.566698e-02 
 1.282966e-01  1.550889e-02 
 1.286943e-01  1.455066e-02 
 1.290920e-01  1.294318e-02 
 1.294897e-01  1.093003e-02 
 1.298874e-01  8.885873e-03 
 1.302851e-01  6.835107e-03 
 1.306828e-01  5.271964e-03 
 1.310805e-01  4.007597e-03 
 1.314782e-01  2.896880e-03 
 1.318759e-01  2.206097e-03 
 1.322736e-01  1.949939e-03 
 1.326713e-01  2.327457e-03 
 1.330690e-01  3.447412e-03 
 1.334667e-01  5.209127e-03 
 1.338643e-01  7.336954e-03 
 1.342620e-01  9.882932e-03 
 1.346597e-01  1.251650e-02 
 1.350574e-01  1.508020e-02 
 1.354551e-01  1.745073e-02 
 1.358528e-01  1.958552e-02 
 1.362505e-01  2.159232e-02 
 1.366482e-01  2.345078e-02 
 1.370459e-01  2.507663e-02 
 1.374436e-01  2.612869e-02 
 1.378413e-01  2.642930e-02 
 1.382390e-01  2.575743e-02 
 1.386367e-01  2.409058e-02 
 1.390344e-01  2.161441e-02 
 1.394321e-01  1.846091e-02 
 1.398298e-01  1.482692e-02 
 1.402275e-01  1.087436e-02 
 1.406252e-01  6.790650e-03 
 1.410229e-01  2.570897e-03 
 1.414206e-01 -1.633370e-03 
 1.418183e-01 -5.572207e-03 
 1.422160e-01 -9.058744e-03 
 1.426137e-01 -1.172184e-02 
 1.430113e-01 -1.323723e-02 
 1.434090e-01 -1.347482e-02 
 1.438067e-01 -1.248029e-02 
 1.442044e-01 -1.033900e-02 
 1.446021e-01 -7.208106e-03 
 1.449998e-01 -3.218082e-03 
 1.453975e-01  1.466833e-03 
 1.457952e-01  6.651667e-03 
 1.461929e-01  1.205899e-02 
 1.465906e-01  1.738212e-02 
 1.469883e-01  2.216921e-02 
 1.473860e-01  2.587717e-02 
 1.477837e-01  2.808303e-02 
 1.481814e-01  2.870393e-02 
 1.485791e-01  2.775084e-02 
 1.489768e-01  2.525993e-02 
 1.493745e-01  2.140351e-02 
 1.497722e-01  1.651249e-02 
 1.501699e-01  1.080326e-02 
 1.505676e-01  4.761479e-03 
 1.509653e-01 -1.060531e-03 
 1.513630e-01 -6.189338e-03 
 1.517607e-01 -1.022645e-02 
 1.521583e-01 -1.293886e-02 
 1.525560e-01 -1.432980e-02 
 1.529537e-01 -1.438254e-02 
 1.533514e-01 -1.362814e-02 
 1.537491e-01 -1.236080e-02 
 1.541468e-01 -1.069868e-02 
 1.545445e-01 -8.538472e-03 
 1.549422e-01 -6.187487e-03 
 1.553399e-01 -3.763479e-03 
 1.557376e-01 -1.494032e-03 
 1.561353e-01  3.764198e-04 
 1.565330e-01  1.844019e-03 
 1.569307e-01  2.805210e-03 
 1.573284e-01  2.835790e-03 
 1.577261e-01  2.029067e-03 
 1.581238e-01  4.808723e-04 
 1.585215e-01 -1.618414e-03 
 1.589192e-01 -3.995531e-03 
 1.593169e-01 -6.464030e-03 
 1.597146e-01 -8.950560e-03 
 1.601123e-01 -1.134099e-02 
 1.605100e-01 -1.341568e-02 
 1.609077e-01 -1.497570e-02 
 1.613053e-01 -1.601111e-02 
 1.617030e-01 -1.646575e-02 
 1.621007e-01 -1.636329e-02 
 1.624984e-01 -1.562592e-02 
 1.628961e-01 -1.419290e-02 
 1.632938e-01 -1.191118e-02 
 1.636915e-01 -8.809042e-03 
 1.640892e-01 -4.795274e-03 
 1.644869e-01  1.361869e-04 
 1.648846e-01  5.771839e-03 
 1.652823e-01  1.185971e-02 
 1.656800e-01  1.782495e-02 
 1.660777e-01  2.306342e-02 
 1.664754e-01  2.700326e-02 
 1.668731e-01  2.936838e-02 
 1.672708e-01  3.014311e-02 
 1.676685e-01  2.927823e-02 
 1.680662e-01  2.703856e-02 
 1.684639e-01  2.345825e-02 
 1.688616e-01  1.872505e-02 
 1.692593e-01  1.308198e-02 
 1.696570e-01  6.646069e-03 
 1.700547e-01 -1.817573e-04 
 1.704523e-01 -6.869807e-03 
 1.708500e-01 -1.281334e-02 
 1.712477e-01 -1.777701e-02 
 1.716454e-01 -2.131660e-02 
 1.720431e-01 -2.328905e-02 
 1.724408e-01 -2.364028e-02 
 1.728385e-01 -2.239059e-02 
 1.732362e-01 -1.960142e-02 
 1.736339e-01 -1.557543e-02 
 1.740316e-01 -1.067001e-02 
 1.744293e-01 -5.113124e-03 
 1.748270e-01  5.965193e-04 
 1.752247e-01  6.098245e-03 
 1.756224e-01  1.083326e-02 
 1.760201e-01  1.433460e-02 
 1.764178e-01  1.645753e-02 
 1.768155e-01  1.712327e-02 
 1.772132e-01  1.617099e-02 
 1.776109e-01  1.381718e-02 
 1.780086e-01  1.049124e-02 
 1.784063e-01  6.562092e-03 
 1.788040e-01  2.589005e-03 
 1.792016e-01 -1.088363e-03 
 1.795993e-01 -4.312521e-03 
 1.799970e-01 -6.783789e-03 
 1.803947e-01 -8.284685e-03 
 1.807924e-01 -8.731065e-03 
 1.811901e-01 -8.117137e-03 
 1.815878e-01 -6.626417e-03 
 1.819855e-01 -4.492463e-03 
 1.823832e-01 -2.040064e-03 
 1.827809e-01  4.700957e-04 
 1.831786e-01  2.913652e-03 
 1.835763e-01  4.986548e-03 
 1.839740e-01  6.552318e-03 
 1.843717e-01  7.575949e-03 
 1.847694e-01  7.995813e-03 
 1.851671e-01  7.905480e-03 
 1.855648e-01  7.217877e-03 
 1.859625e-01  5.997250e-03 
 1.863602e-01  4.242362e-03 
 1.867579e-01  2.139205e-03 
 1.871556e-01 -9.161145e-05 
 1.875533e-01 -2.334468e-03 
 1.879510e-01 -4.381482e-03 
 1.883486e-01 -6.186295e-03 
 1.887463e-01 -7.767353e-03 
 1.891440e-01 -9.077907e-03 
 1.895417e-01 -9.903274e-03 
 1.899394e-01 -1.029467e-02 
 1.903371e-01 -9.962564e-03 
 1.907348e-01 -8.879874e-03 
 1.911325e-01 -7.017629e-03 
 1.915302e-01 -4.308418e-03 
 1.919279e-01 -9.762067e-04 
 1.923256e-01  3.090178e-03 
 1.927233e-01  7.584902e-03 
 1.931210e-01  1.230522e-02 
 1.935187e-01  1.679113e-02 
 1.939164e-01  2.086927e-02 
 1.943141e-01  2.447947e-02 
 1.947118e-01  2.736491e-02 
 1.951095e-01  2.943949e-02 
 1.955072e-01  3.065289e-02 
 1.959049e-01  3.077100e-02 
 1.963026e-01  2.988123e-02 
 1.967003e-01  2.808506e-02 
 1.970980e-01  2.550384e-02 
 1.974956e-01  2.214429e-02 
 1.978933e-01  1.832364e-02 
 1.982910e-01  1.441094e-02 
 1.986887e-01  1.070218e-02 
 1.990864e-01  7.534866e-03 
 1.994841e-01  5.072839e-03 
 1.998818e-01  3.435481e-03 
 2.002795e-01  2.687814e-03 
 2.006772e-01  2.858381e-03 
 2.010749e-01  3.605056e-03 
 2.014726e-01  4.725742e-03 
 2.018703e-01  5.872918e-03 
 2.022680e-01  7.067469e-03 
 2.026657e-01  8.119589e-03 
 2.030634e-01  8.924502e-03 
 2.034611e-01  9.308037e-03 
 2.038588e-01  9.142558e-03 
 2.042565e-01  8.405969e-03 
 2.046542e-01  7.091329e-03 
 2.050519e-01  5.120934e-03 
 2.054496e-01  2.679718e-03 
 2.058473e-01 -4.153933e-05 
 2.062450e-01 -2.822244e-03 
 2.066426e-01 -4.977241e-03 
 2.070403e-01 -6.325194e-03 
 2.074380e-01 -6.937203e-03 
 2.078357e-01 -6.763924e-03 
 2.082334e-01 -5.970499e-03 
 2.086311e-01 -4.532661e-03 
 2.090288e-01 -2.586397e-03 
 2.094265e-01 -8.202129e-05 
 2.098242e-01  2.897038e-03 
 2.102219e-01  6.283559e-03 
 2.106196e-01  1.015220e-02 
 2.110173e-01  1.422084e-02 
 2.114150e-01  1.838217e-02 
 2.118127e-01  2.244324e-02 
 2.122104e-01  2.621483e-02 
 2.126081e-01  2.960198e-02 
 2.130058e-01  3.261653e-02 
 2.134035e-01  3.495933e-02 
 2.138012e-01  3.634816e-02 
 2.141989e-01  3.659972e-02 
 2.145966e-01  3.561832e-02 
 2.149943e-01  3.346742e-02 
 2.153920e-01  3.027064e-02 
 2.157896e-01  2.630783e-02 
 2.161873e-01  2.187465e-02 
 2.165850e-01  1.718896e-02 
 2.169827e-01  1.258283e-02 
 2.173804e-01  8.264768e-03 
 2.177781e-01  4.432469e-03 
 2.181758e-01  1.307394e-03 
 2.185735e-01 -8.234865e-04 
 2.189712e-01 -1.648910e-03 
 2.193689e-01 -9.982589e-04 
 2.197666e-01  1.080244e-03 
 2.201643e-01  4.476198e-03 
 2.205620e-01  8.969629e-03 
 2.209597e-01  1.393182e-02 
 2.213574e-01  1.893657e-02 
 2.217551e-01  2.338262e-02 
 2.221528e-01  2.696734e-02 
 2.225505e-01  2.937532e-02 
 2.229482e-01  3.052647e-02 
 2.233459e-01  3.034765e-02 
 2.237436e-01  2.882987e-02 
 2.241413e-01  2.626105e-02 
 2.245390e-01  2.316178e-02 
 2.249366e-01  1.964241e-02 
 2.253343e-01  1.601563e-02 
 2.257320e-01  1.271957e-02 
 2.261297e-01  9.955898e-03 
 2.265274e-01  7.951542e-03 
 2.269251e-01  6.708135e-03 
 2.273228e-01  6.154684e-03 
 2.277205e-01  6.032655e-03 
 2.281182e-01  6.197973e-03 
 2.285159e-01  6.642095e-03 
 2.289136e-01  7.348172e-03 
 2.293113e-01  8.283523e-03 
 2.297090e-01  9.214522e-03 
 2.301067e-01  1.005723e-02 
 2.305044e-01  1.087053e-02 
 2.309021e-01  1.157600e-02 
 2.312998e-01  1.218247e-02 
 2.316975e-01  1.257979e-02 
 2.320952e-01  1.267836e-02 
 2.324929e-01  1.257342e-02 
 2.328906e-01  1.228232e-02 
 2.332883e-01  1.183582e-02 
 2.336860e-01  1.126770e-02 
 2.340836e-01  1.063141e-02 
 2.344813e-01  9.821726e-03 
 2.348790e-01  8.782813e-03 
 2.352767e-01  7.395243e-03 
 2.356744e-01  5.472036e-03 
 2.360721e-01  2.839861e-03 
 2.364698e-01 -3.706921e-04 
 2.368675e-01 -3.710218e-03 
 2.372652e-01 -6.802021e-03 
 2.376629e-01 -9.339226e-03 
 2.380606e-01 -1.096358e-02 
 2.384583e-01 -1.152260e-02 
 2.388560e-01 -1.079615e-02 
 2.392537e-01 -8.769747e-03 
 2.396514e-01 -5.399651e-03 
 2.400491e-01 -8.202689e-04 
 2.404468e-01  4.825002e-03 
 2.408445e-01  1.129896e-02 
 2.412422e-01  1.804464e-02 
 2.416399e-01  2.463591e-02 
 2.420376e-01  3.054881e-02 
 2.424353e-01  3.528537e-02 
 2.428330e-01  3.850286e-02 
 2.432306e-01  3.968501e-02 
 2.436283e-01  3.880286e-02 
 2.440260e-01  3.592870e-02 
 2.444237e-01  3.127767e-02 
 2.448214e-01  2.522504e-02 
 2.452191e-01  1.815354e-02 
 2.456168e-01  1.052165e-02 
 2.460145e-01  2.916147e-03 
 2.464122e-01 -4.004056e-03 
 2.468099e-01 -9.757506e-03 
 2.472076e-01 -1.430867e-02 
 2.476053e-01 -1.750544e-02 
 2.480030e-01 -1.910015e-02 
 2.484007e-01 -1.911796e-02 
 2.487984e-01 -1.769657e-02 
 2.491961e-01 -1.509756e-02 
 2.495938e-01 -1.165010e-02 
 2.499915e-01 -7.807073e-03 
 2.503892e-01 -3.722399e-03 
 2.507869e-01  2.115342e-04 
 2.511846e-01  3.571969e-03 
 2.515823e-01  6.152209e-03 
 2.519799e-01  7.439945e-03 
 2.523776e-01  7.670398e-03 
 2.527753e-01  7.009859e-03 
 2.531730e-01  5.454248e-03 
 2.535707e-01  3.287348e-03 
 2.539684e-01  6.300381e-04 
 2.543661e-01 -2.027002e-03 
 2.547638e-01 -4.479647e-03 
 2.551615e-01 -6.651125e-03 
 2.555592e-01 -8.508327e-03 
 2.559569e-01 -1.003688e-02 
 2.563546e-01 -1.114321e-02 
 2.567523e-01 -1.173853e-02 
 2.571500e-01 -1.184123e-02 
 2.575477e-01 -1.140777e-02 
 2.579454e-01 -1.038262e-02 
 2.583431e-01 -8.727264e-03 
 2.587408e-01 -6.287560e-03 
 2.591385e-01 -3.243840e-03 
 2.595362e-01  1.863540e-04 
 2.599339e-01  3.740470e-03 
 2.603316e-01  7.168235e-03 
 2.607293e-01  1.034458e-02 
 2.611269e-01  1.296768e-02 
 2.615246e-01  1.484502e-02 
 2.619223e-01  1.592923e-02 
 2.623200e-01  1.619534e-02 
 2.627177e-01  1.561563e-02 
 2.631154e-01  1.416784e-02 
 2.635131e-01  1.165629e-02 
 2.639108e-01  8.220399e-03 
 2.643085e-01  4.131708e-03 
 2.647062e-01 -3.778187e-04 
 2.651039e-01 -4.893223e-03 
 2.655016e-01 -9.172816e-03 
 2.658993e-01 -1.291696e-02 
 2.662970e-01 -1.592207e-02 
 2.666947e-01 -1.798894e-02 
 2.670924e-01 -1.905406e-02 
 2.674901e-01 -1.911087e-02 
 2.678878e-01 -1.794816e-02 
 2.682855e-01 -1.549257e-02 
 2.686832e-01 -1.167960e-02 
 2.690809e-01 -6.701982e-03 
 2.694786e-01 -1.016092e-03 
 2.698763e-01  5.014842e-03 
 2.702739e-01  1.107796e-02 
 2.706716e-01  1.660438e-02 
 2.710693e-01  2.129775e-02 
 2.714670e-01  2.474784e-02 
 2.718647e-01  2.692844e-02 
 2.722624e-01  2.781772e-02 
 2.726601e-01  2.763957e-02 
 2.730578e-01  2.642628e-02 
 2.734555e-01  2.424788e-02 
 2.738532e-01  2.121360e-02 
 2.742509e-01  1.752419e-02 
 2.746486e-01  1.352648e-02 
 2.750463e-01  9.432090e-03 
 2.754440e-01  5.469591e-03 
 2.758417e-01  1.782979e-03 
 2.762394e-01 -1.364396e-03 
 2.766371e-01 -3.743655e-03 
 2.770348e-01 -5.273418e-03 
 2.774325e-01 -6.241992e-03 
 2.778302e-01 -6.596113e-03 
 2.782279e-01 -6.344533e-03 
 2.786256e-01 -5.581392e-03 
 2.790233e-01 -4.435758e-03 
 2.794209e-01 -3.237115e-03 
 2.798186e-01 -2.191740e-03 
 2.802163e-01 -1.400347e-03 
 2.806140e-01 -7.312188e-04 
 2.810117e-01 -1.620232e-04 
 2.814094e-01  3.164164e-04 
 2.818071e-01  6.087372e-04 
 2.822048e-01  8.130773e-04 
 2.826025e-01  6.595180e-04 
 2.830002e-01  1.825447e-05 
 2.833979e-01 -1.206463e-03 
 2.837956e-01 -3.021264e-03 
 2.841933e-01 -5.131092e-03 
 2.845910e-01 -7.111312e-03 
 2.849887e-01 -8.617252e-03 
 2.853864e-01 -9.309255e-03 
 2.857841e-01 -9.182474e-03 
 2.861818e-01 -8.070027e-03 
 2.865795e-01 -5.888597e-03 
 2.869772e-01 -3.004663e-03 
 2.873749e-01  6.344105e-04 
 2.877726e-01  4.709244e-03 
 2.881703e-01  9.000508e-03 
 2.885679e-01  1.333370e-02 
 2.889656e-01  1.730479e-02 
 2.893633e-01  2.073804e-02 
 2.897610e-01  2.332641e-02 
 2.901587e-01  2.507081e-02 
 2.905564e-01  2.582071e-02 
 2.909541e-01  2.538277e-02 
 2.913518e-01  2.379504e-02 
 2.917495e-01  2.095370e-02 
 2.921472e-01  1.725088e-02 
 2.925449e-01  1.291149e-02 
 2.929426e-01  8.225979e-03 
 2.933403e-01  3.791231e-03 
 2.937380e-01 -1.156825e-04 
 2.941357e-01 -3.107305e-03 
 2.945334e-01 -4.917885e-03 
 2.949311e-01 -5.587727e-03 
 2.953288e-01 -5.319958e-03 
 2.957265e-01 -4.327436e-03 
 2.961242e-01 -2.744952e-03 
 2.965219e-01 -9.114924e-04 
 2.969196e-01  1.056865e-03 
 2.973173e-01  2.836829e-03 
 2.977149e-01  4.189279e-03 
 2.981126e-01  5.144582e-03 
 2.985103e-01  5.667997e-03 
 2.989080e-01  5.694912e-03 
 2.993057e-01  5.128936e-03 
 2.997034e-01  4.178867e-03 
 3.001011e-01  3.103834e-03 
 3.004988e-01  2.375191e-03 
 3.008965e-01  2.096754e-03 
 3.012942e-01  2.299745e-03 
 3.016919e-01  3.032914e-03 
 3.020896e-01  4.215797e-03 
 3.024873e-01  5.771880e-03 
 3.028850e-01  7.604997e-03 
 3.032827e-01  9.516240e-03 
 3.036804e-01  1.149288e-02 
 3.040781e-01  1.345677e-02 
 3.044758e-01  1.538432e-02 
 3.048735e-01  1.702240e-02 
 3.052712e-01  1.799240e-02 
 3.056689e-01  1.824957e-02 
 3.060666e-01  1.787356e-02 
 3.064643e-01  1.711546e-02 
 3.068619e-01  1.626994e-02 
 3.072596e-01  1.546977e-02 
 3.076573e-01  1.473970e-02 
 3.080550e-01  1.405955e-02 
 3.084527e-01  1.354159e-02 
 3.088504e-01  1.301791e-02 
 3.092481e-01  1.234923e-02 
 3.096458e-01  1.153487e-02 
 3.100435e-01  1.054285e-02 
 3.104412e-01  9.269813e-03 
 3.108389e-01  7.643487e-03 
 3.112366e-01  5.444048e-03 
 3.116343e-01  2.455803e-03 
 3.120320e-01 -9.599440e-04 
 3.124297e-01 -4.480030e-03 
 3.128274e-01 -7.891145e-03 
 3.132251e-01 -1.072893e-02 
 3.136228e-01 -1.262534e-02 
 3.140205e-01 -1.314746e-02 
 3.144182e-01 -1.214389e-02 
 3.148159e-01 -9.680311e-03 
 3.152136e-01 -6.064329e-03 
 3.156113e-01 -1.465740e-03 
 3.160089e-01  3.914373e-03 
 3.164066e-01  9.892665e-03 
 3.168043e-01  1.619963e-02 
 3.172020e-01  2.229633e-02 
 3.175997e-01  2.772102e-02 
 3.179974e-01  3.215329e-02 
 3.183951e-01  3.527986e-02 
 3.187928e-01  3.678728e-02 
 3.191905e-01  3.658793e-02 
 3.195882e-01  3.476262e-02 
 3.199859e-01  3.161935e-02 
 3.203836e-01  2.778286e-02 
 3.207813e-01  2.360013e-02 
 3.211790e-01  1.924265e-02 
 3.215767e-01  1.490690e-02 
 3.219744e-01  1.090943e-02 
 3.223721e-01  7.648211e-03 
 3.227698e-01  5.310537e-03 
 3.231675e-01  4.047065e-03 
 3.235652e-01  3.865975e-03 
 3.239629e-01  4.723978e-03 
 3.243606e-01  6.485358e-03 
 3.247582e-01  8.841717e-03 
 3.251559e-01  1.136930e-02 
 3.255536e-01  1.364687e-02 
 3.259513e-01  1.556865e-02 
 3.263490e-01  1.704986e-02 
 3.267467e-01  1.807775e-02 
 3.271444e-01  1.858788e-02 
 3.275421e-01  1.848200e-02 
 3.279398e-01  1.777257e-02 
 3.283375e-01  1.668091e-02 
 3.287352e-01  1.535366e-02 
 3.291329e-01  1.371273e-02 
 3.295306e-01  1.188254e-02 
 3.299283e-01  9.857472e-03 
 3.303260e-01  7.570167e-03 
 3.307237e-01  5.163738e-03 
 3.311214e-01  2.592691e-03 
 3.315191e-01  1.326450e-04 
 3.319168e-01 -1.868599e-03 
 3.323145e-01 -3.189190e-03 
 3.327122e-01 -3.564696e-03 
 3.331099e-01 -3.042353e-03 
 3.335076e-01 -1.688887e-03 
 3.339052e-01  2.703195e-04 
 3.343029e-01  2.843740e-03 
 3.347006e-01  6.005959e-03 
 3.350983e-01  9.526444e-03 
 3.354960e-01  1.344870e-02 
 3.358937e-01  1.773919e-02 
 3.362914e-01  2.217050e-02 
 3.366891e-01  2.627988e-02 
 3.370868e-01  2.964633e-02 
 3.374845e-01  3.182490e-02 
 3.378822e-01  3.262132e-02 
 3.382799e-01  3.190902e-02 
 3.386776e-01  2.973993e-02 
 3.390753e-01  2.625195e-02 
 3.394730e-01  2.149162e-02 
 3.398707e-01  1.577031e-02 
 3.402684e-01  9.340527e-03 
 3.406661e-01  2.578477e-03 
 3.410638e-01 -4.101844e-03 
 3.414615e-01 -1.025016e-02 
 3.418592e-01 -1.531235e-02 
 3.422569e-01 -1.886953e-02 
 3.426546e-01 -2.086068e-02 
 3.430522e-01 -2.139154e-02 
 3.434499e-01 -2.084633e-02 
 3.438476e-01 -1.919656e-02 
 3.442453e-01 -1.655571e-02 
 3.446430e-01 -1.294485e-02 
 3.450407e-01 -8.513206e-03 
 3.454384e-01 -3.591230e-03 
 3.458361e-01  1.666911e-03 
 3.462338e-01  6.924372e-03 
 3.466315e-01  1.167888e-02 
 3.470292e-01  1.557580e-02 
 3.474269e-01  1.836166e-02 
 3.478246e-01  2.008669e-02 
 3.482223e-01  2.105215e-02 
 3.486200e-01  2.137724e-02 
 3.490177e-01  2.097764e-02 
 3.494154e-01  1.986176e-02 
 3.498131e-01  1.790046e-02 
 3.502108e-01  1.530127e-02 
 3.506085e-01  1.219220e-02 
 3.510062e-01  8.918330e-03 
 3.514039e-01  5.689668e-03 
 3.518016e-01  2.895210e-03 
 3.521992e-01  9.486193e-04 
 3.525969e-01 -2.002323e-04 
 3.529946e-01 -5.427811e-04 
 3.533923e-01 -1.427981e-04 
 3.537900e-01  9.310192e-04 
 3.541877e-01  2.615012e-03 
 3.545854e-01  4.828921e-03 
 3.549831e-01  7.518406e-03 
 3.553808e-01  1.045702e-02 
 3.557785e-01  1.348489e-02 
 3.561762e-01  1.634304e-02 
 3.565739e-01  1.874168e-02 
 3.569716e-01  2.026599e-02 
 3.573693e-01  2.051939e-02 
 3.577670e-01  1.952083e-02 
 3.581647e-01  1.725593e-02 
 3.585624e-01  1.378360e-02 
 3.589601e-01  9.269677e-03 
 3.593578e-01  4.015873e-03 
 3.597555e-01 -1.457112e-03 
 3.601532e-01 -6.866302e-03 
 3.605509e-01 -1.172961e-02 
 3.609486e-01 -1.584342e-02 
 3.613462e-01 -1.892405e-02 
 3.617439e-01 -2.081327e-02 
 3.621416e-01 -2.126857e-02 
 3.625393e-01 -2.019462e-02 
 3.629370e-01 -1.779681e-02 
 3.633347e-01 -1.424961e-02 
 3.637324e-01 -9.843224e-03 
 3.641301e-01 -4.933986e-03 
 3.645278e-01  2.161169e-04 
 3.649255e-01  5.178789e-03 
 3.653232e-01  9.556533e-03 
 3.657209e-01  1.314131e-02 
 3.661186e-01  1.589042e-02 
 3.665163e-01  1.771225e-02 
 3.669140e-01  1.855172e-02 
 3.673117e-01  1.846060e-02 
 3.677094e-01  1.755937e-02 
 3.681071e-01  1.616707e-02 
 3.685048e-01  1.434104e-02 
 3.689025e-01  1.202630e-02 
 3.693002e-01  9.188427e-03 
 3.696979e-01  5.929745e-03 
 3.700956e-01  2.354853e-03 
 3.704932e-01 -1.214800e-03 
 3.708909e-01 -4.692502e-03 
 3.712886e-01 -7.904607e-03 
 3.716863e-01 -1.081882e-02 
 3.720840e-01 -1.315396e-02 
 3.724817e-01 -1.493164e-02 
 3.728794e-01 -1.617446e-02 
 3.732771e-01 -1.699406e-02 
 3.736748e-01 -1.737937e-02 
 3.740725e-01 -1.721389e-02 
 3.744702e-01 -1.636186e-02 
 3.748679e-01 -1.471308e-02 
 3.752656e-01 -1.238129e-02 
 3.756633e-01 -9.204923e-03 
 3.760610e-01 -5.346937e-03 
 3.764587e-01 -1.061134e-03 
 3.768564e-01  3.427128e-03 
 3.772541e-01  7.746094e-03 
 3.776518e-01  1.156603e-02 
 3.780495e-01  1.448921e-02 
 3.784472e-01  1.635191e-02 
 3.788449e-01  1.697021e-02 
 3.792426e-01  1.620429e-02 
 3.796402e-01  1.429287e-02 
 3.800379e-01  1.178877e-02 
 3.804356e-01  8.972212e-03 
 3.808333e-01  6.260762e-03 
 3.812310e-01  3.860717e-03 
 3.816287e-01  1.939474e-03 
 3.820264e-01  5.681699e-04 
 3.824241e-01 -2.991332e-04 
 3.828218e-01 -5.019413e-04 
 3.832195e-01  3.586457e-05 
 3.836172e-01  1.419403e-03 
 3.840149e-01  3.499007e-03 
 3.844126e-01  6.092756e-03 
 3.848103e-01  8.720482e-03 
 3.852080e-01  1.077285e-02 
 3.856057e-01  1.200068e-02 
 3.860034e-01  1.212242e-02 
 3.864011e-01  1.108873e-02 
 3.867988e-01  9.092019e-03 
 3.871965e-01  6.198038e-03 
 3.875942e-01  2.581613e-03 
 3.879919e-01 -1.515887e-03 
 3.883896e-01 -5.760045e-03 
 3.887872e-01 -1.019453e-02 
 3.891849e-01 -1.452145e-02 
 3.895826e-01 -1.841905e-02 
 3.899803e-01 -2.150178e-02 
 3.903780e-01 -2.340171e-02 
 3.907757e-01 -2.405916e-02 
 3.911734e-01 -2.352007e-02 
 3.915711e-01 -2.187993e-02 
 3.919688e-01 -1.931115e-02 
 3.923665e-01 -1.604734e-02 
 3.927642e-01 -1.238785e-02 
 3.931619e-01 -8.544947e-03 
 3.935596e-01 -4.744641e-03 
 3.939573e-01 -1.141275e-03 
 3.943550e-01  2.136965e-03 
 3.947527e-01  4.916569e-03 
 3.951504e-01  6.987510e-03 
 3.955481e-01  8.466469e-03 
 3.959458e-01  9.523299e-03 
 3.963435e-01  1.040498e-02 
 3.967412e-01  1.112302e-02 
 3.971389e-01  1.163021e-02 
 3.975365e-01  1.194073e-02 
 3.979342e-01  1.214248e-02 
 3.983319e-01  1.223325e-02 
 3.987296e-01  1.225906e-02 
 3.991273e-01  1.228709e-02 
 3.995250e-01  1.239164e-02 
 3.999227e-01  1.243781e-02 
 4.003204e-01  1.236180e-02 
 4.007181e-01  1.220170e-02 
 4.011158e-01  1.184026e-02 
 4.015135e-01  1.124026e-02 
 4.019112e-01  1.053485e-02 
 4.023089e-01  9.993435e-03 
 4.027066e-01  9.466557e-03 
 4.031043e-01  9.068230e-03 
 4.035020e-01  8.857579e-03 
 4.038997e-01  8.804975e-03 
 4.042974e-01  8.850236e-03 
 4.046951e-01  9.011207e-03 
 4.050928e-01  8.969810e-03 
 4.054905e-01  8.816340e-03 
 4.058882e-01  8.418083e-03 
 4.062859e-01  7.775372e-03 
 4.066835e-01  7.014873e-03 
 4.070812e-01  6.207060e-03 
 4.074789e-01  5.528887e-03 
 4.078766e-01  4.996315e-03 
 4.082743e-01  4.795917e-03 
 4.086720e-01  4.931685e-03 
 4.090697e-01  5.379997e-03 
 4.094674e-01  6.187742e-03 
 4.098651e-01  7.441866e-03 
 4.102628e-01  9.121354e-03 
 4.106605e-01  1.140897e-02 
 4.110582e-01  1.420666e-02 
 4.114559e-01  1.743801e-02 
 4.118536e-01  2.123922e-02 
 4.122513e-01  2.516437e-02 
 4.126490e-01  2.871510e-02 
 4.130467e-01  3.134045e-02 
 4.134444e-01  3.281177e-02 
 4.138421e-01  3.302894e-02 
 4.142398e-01  3.197123e-02 
 4.146375e-01  2.973907e-02 
 4.150352e-01  2.654698e-02 
 4.154329e-01  2.250954e-02 
 4.158305e-01  1.817702e-02 
 4.162282e-01  1.378144e-02 
 4.166259e-01  9.510141e-03 
 4.170236e-01  5.423376e-03 
 4.174213e-01  1.568509e-03 
 4.178190e-01 -1.932981e-03 
 4.182167e-01 -4.924082e-03 
 4.186144e-01 -7.161727e-03 
 4.190121e-01 -8.699934e-03 
 4.194098e-01 -9.332276e-03 
 4.198075e-01 -8.888839e-03 
 4.202052e-01 -7.441038e-03 
 4.206029e-01 -5.120777e-03 
 4.210006e-01 -2.078383e-03 
 4.213983e-01  1.432381e-03 
 4.217960e-01  4.990368e-03 
 4.221937e-01  8.554451e-03 
 4.225914e-01  1.187927e-02 
 4.229891e-01  1.486656e-02 
 4.233868e-01  1.722500e-02 
 4.237845e-01  1.868914e-02 
 4.241822e-01  1.932260e-02 
 4.245799e-01  1.927941e-02 
 4.249775e-01  1.849212e-02 
 4.253752e-01  1.721207e-02 
 4.257729e-01  1.572294e-02 
 4.261706e-01  1.411492e-02 
 4.265683e-01  1.259108e-02 
 4.269660e-01  1.139355e-02 
 4.273637e-01  1.059774e-02 
 4.277614e-01  1.032219e-02 
 4.281591e-01  1.074941e-02 
 4.285568e-01  1.200990e-02 
 4.289545e-01  1.406923e-02 
 4.293522e-01  1.699455e-02 
 4.297499e-01  2.068431e-02 
 4.301476e-01  2.489481e-02 
 4.305453e-01  2.927059e-02 
 4.309430e-01  3.347111e-02 
 4.313407e-01  3.707767e-02 
 4.317384e-01  3.979684e-02 
 4.321361e-01  4.131978e-02 
 4.325338e-01  4.142878e-02 
 4.329315e-01  3.983593e-02 
 4.333292e-01  3.641094e-02 
 4.337269e-01  3.136450e-02 
 4.341245e-01  2.498974e-02 
 4.345222e-01  1.766650e-02 
 4.349199e-01  9.731484e-03 
 4.353176e-01  1.985849e-03 
 4.357153e-01 -4.902890e-03 
 4.361130e-01 -1.054685e-02 
 4.365107e-01 -1.478107e-02 
 4.369084e-01 -1.746410e-02 
 4.373061e-01 -1.856917e-02 
 4.377038e-01 -1.823800e-02 
 4.381015e-01 -1.652698e-02 
 4.384992e-01 -1.358604e-02 
 4.388969e-01 -9.695139e-03 
 4.392946e-01 -5.107410e-03 
 4.396923e-01  5.510814e-06 
 4.400900e-01  5.197342e-03 
 4.404877e-01  1.004554e-02 
 4.408854e-01  1.426576e-02 
 4.412831e-01  1.743906e-02 
 4.416808e-01  1.958209e-02 
 4.420785e-01  2.074638e-02 
 4.424762e-01  2.082165e-02 
 4.428739e-01  1.992438e-02 
 4.432715e-01  1.839909e-02 
 4.436692e-01  1.640434e-02 
 4.440669e-01  1.405360e-02 
 4.444646e-01  1.166524e-02 
 4.448623e-01  9.300129e-03 
 4.452600e-01  6.963299e-03 
 4.456577e-01  4.720984e-03 
 4.460554e-01  2.594919e-03 
 4.464531e-01  5.996070e-04 
 4.468508e-01 -1.338566e-03 
 4.472485e-01 -3.343799e-03 
 4.476462e-01 -5.239680e-03 
 4.480439e-01 -6.859347e-03 
 4.484416e-01 -7.994542e-03 
 4.488393e-01 -8.508545e-03 
 4.492370e-01 -8.257690e-03 
 4.496347e-01 -7.190227e-03 
 4.500324e-01 -5.370390e-03 
 4.504301e-01 -2.878933e-03 
 4.508278e-01 -1.951139e-05 
 4.512255e-01  2.963391e-03 
 4.516232e-01  5.866801e-03 
 4.520209e-01  8.478707e-03 
 4.524185e-01  1.059013e-02 
 4.528162e-01  1.196231e-02 
 4.532139e-01  1.253187e-02 
 4.536116e-01  1.223206e-02 
 4.540093e-01  1.096144e-02 
 4.544070e-01  8.906297e-03 
 4.548047e-01  6.259862e-03 
 4.552024e-01  3.095724e-03 
 4.556001e-01 -2.951547e-04 
 4.559978e-01 -3.399361e-03 
 4.563955e-01 -6.219868e-03 
 4.567932e-01 -8.528906e-03 
 4.571909e-01 -1.012232e-02 
 4.575886e-01 -1.064652e-02 
 4.579863e-01 -1.009129e-02 
 4.583840e-01 -8.395495e-03 
 4.587817e-01 -5.594888e-03 
 4.591794e-01 -1.917972e-03 
 4.595771e-01  2.563513e-03 
 4.599748e-01  7.328696e-03 
 4.603725e-01  1.204923e-02 
 4.607702e-01  1.643023e-02 
 4.611679e-01  2.029428e-02 
 4.615655e-01  2.338114e-02 
 4.619632e-01  2.539110e-02 
 4.623609e-01  2.606265e-02 
 4.627586e-01  2.519918e-02 
 4.631563e-01  2.288385e-02 
 4.635540e-01  1.932696e-02 
 4.639517e-01  1.483481e-02 
 4.643494e-01  9.653186e-03 
 4.647471e-01  4.016757e-03 
 4.651448e-01 -1.801355e-03 
 4.655425e-01 -7.520430e-03 
 4.659402e-01 -1.299965e-02 
 4.663379e-01 -1.797823e-02 
 4.667356e-01 -2.218550e-02 
 4.671333e-01 -2.545972e-02 
 4.675310e-01 -2.761912e-02 
 4.679287e-01 -2.845672e-02 
 4.683264e-01 -2.790873e-02 
 4.687241e-01 -2.612355e-02 
 4.691218e-01 -2.350056e-02 
 4.695195e-01 -2.034510e-02 
 4.699172e-01 -1.664436e-02 
 4.703148e-01 -1.256606e-02 
 4.707125e-01 -8.304666e-03 
 4.711102e-01 -3.926168e-03 
 4.715079e-01  3.597938e-04 
 4.719056e-01  4.256420e-03 
 4.723033e-01  7.664995e-03 
 4.727010e-01  1.028183e-02 
 4.730987e-01  1.182438e-02 
 4.734964e-01  1.224896e-02 
 4.738941e-01  1.157118e-02 
 4.742918e-01  1.011784e-02 
 4.746895e-01  8.021932e-03 
 4.750872e-01  5.429756e-03 
 4.754849e-01  2.527771e-03 
 4.758826e-01 -4.949207e-04 
 4.762803e-01 -3.462822e-03 
 4.766780e-01 -6.070008e-03 
 4.770757e-01 -8.034061e-03 
 4.774734e-01 -9.174873e-03 
 4.778711e-01 -9.482197e-03 
 4.782688e-01 -8.916329e-03 
 4.786665e-01 -7.587394e-03 
 4.790642e-01 -5.573692e-03 
 4.794618e-01 -2.890830e-03 
 4.798595e-01  1.677785e-04 
 4.802572e-01  3.392032e-03 
 4.806549e-01  6.460229e-03 
 4.810526e-01  9.455465e-03 
 4.814503e-01  1.207505e-02 
 4.818480e-01  1.423362e-02 
 4.822457e-01  1.558141e-02 
 4.826434e-01  1.591450e-02 
 4.830411e-01  1.529821e-02 
 4.834388e-01  1.383087e-02 
 4.838365e-01  1.171051e-02 
 4.842342e-01  9.109480e-03 
 4.846319e-01  6.215227e-03 
 4.850296e-01  3.310652e-03 
 4.854273e-01  5.780392e-04 
 4.858250e-01 -1.919445e-03 
 4.862227e-01 -4.206116e-03 
 4.866204e-01 -6.085841e-03 
 4.870181e-01 -7.399224e-03 
 4.874158e-01 -7.786377e-03 
 4.878135e-01 -6.976248e-03 
 4.882112e-01 -5.112056e-03 
 4.886088e-01 -2.188445e-03 
 4.890065e-01  1.532733e-03 
 4.894042e-01  5.704336e-03 
 4.898019e-01  1.011388e-02 
 4.901996e-01  1.444313e-02 
 4.905973e-01  1.837317e-02 
 4.909950e-01  2.161656e-02 
 4.913927e-01  2.390371e-02 
 4.917904e-01  2.504853e-02 
 4.921881e-01  2.493564e-02 
 4.925858e-01  2.348774e-02 
 4.929835e-01  2.065444e-02 
 4.933812e-01  1.674387e-02 
 4.937789e-01  1.200969e-02 
 4.941766e-01  6.820216e-03 
 4.945743e-01  1.620513e-03 
 4.949720e-01 -3.259281e-03 
 4.953697e-01 -7.593698e-03 
 4.957674e-01 -1.108644e-02 
 4.961651e-01 -1.356433e-02 
 4.965628e-01 -1.491825e-02 
 4.969605e-01 -1.511539e-02 
 4.973582e-01 -1.408534e-02 
 4.977558e-01 -1.184594e-02 
 4.981535e-01 -8.618133e-03 
 4.985512e-01 -4.762446e-03 
 4.989489e-01 -5.580089e-04 
 4.993466e-01  3.754331e-03 
 4.997443e-01  7.793689e-03 
 5.001420e-01  1.143665e-02 
 5.005397e-01  1.439762e-02 
 5.009374e-01  1.646336e-02 
 5.013351e-01  1.751245e-02 
 5.017328e-01  1.743393e-02 
 5.021305e-01  1.633133e-02 
 5.025282e-01  1.431197e-02 
 5.029259e-01  1.190726e-02 
 5.033236e-01  9.505728e-03 
 5.037213e-01  7.618455e-03 
 5.041190e-01  6.452940e-03 
 5.045167e-01  6.089878e-03 
 5.049144e-01  6.716116e-03 
 5.053121e-01  8.366106e-03 
 5.057098e-01  1.092402e-02 
 5.061075e-01  1.436792e-02 
 5.065052e-01  1.845903e-02 
 5.069028e-01  2.288791e-02 
 5.073005e-01  2.737899e-02 
 5.076982e-01  3.129239e-02 
 5.080959e-01  3.407651e-02 
 5.084936e-01  3.545881e-02 
 5.088913e-01  3.545033e-02 
 5.092890e-01  3.411626e-02 
 5.096867e-01  3.187979e-02 
 5.100844e-01  2.896842e-02 
 5.104821e-01  2.534135e-02 
 5.108798e-01  2.135043e-02 
 5.112775e-01  1.713954e-02 
 5.116752e-01  1.280596e-02 
 5.120729e-01  8.784150e-03 
 5.124706e-01  5.250625e-03 
 5.128683e-01  2.490381e-03 
 5.132660e-01  6.478501e-04 
 5.136637e-01 -2.788959e-04 
 5.140614e-01 -3.308986e-04 
 5.144591e-01  1.764947e-04 
 5.148568e-01  1.130472e-03 
 5.152545e-01  2.461498e-03 
 5.156522e-01  4.211790e-03 
 5.160498e-01  6.314093e-03 
 5.164475e-01  8.598999e-03 
 5.168452e-01  1.089152e-02 
 5.172429e-01  1.287898e-02 
 5.176406e-01  1.435010e-02 
 5.180383e-01  1.538394e-02 
 5.184360e-01  1.595039e-02 
 5.188337e-01  1.632172e-02 
 5.192314e-01  1.660567e-02 
 5.196291e-01  1.695764e-02 
 5.200268e-01  1.734933e-02 
 5.204245e-01  1.739151e-02 
 5.208222e-01  1.690383e-02 
 5.212199e-01  1.584823e-02 
 5.216176e-01  1.426544e-02 
 5.220153e-01  1.237704e-02 
 5.224130e-01  1.056538e-02 
 5.228107e-01  9.154646e-03 
 5.232084e-01  8.049142e-03 
 5.236061e-01  7.410774e-03 
 5.240038e-01  7.147429e-03 
 5.244015e-01  7.141824e-03 
 5.247992e-01  7.361160e-03 
 5.251968e-01  7.916300e-03 
 5.255945e-01  8.730896e-03 
 5.259922e-01  9.845938e-03 
 5.263899e-01  1.115886e-02 
 5.267876e-01  1.243856e-02 
 5.271853e-01  1.359724e-02 
 5.275830e-01  1.433361e-02 
 5.279807e-01  1.447537e-02 
 5.283784e-01  1.393063e-02 
 5.287761e-01  1.264133e-02 
 5.291738e-01  1.057847e-02 
 5.295715e-01  7.807907e-03 
 5.299692e-01  4.636355e-03 
 5.303669e-01  8.653623e-04 
 5.307646e-01 -3.002685e-03 
 5.311623e-01 -6.693634e-03 
 5.315600e-01 -9.779900e-03 
 5.319577e-01 -1.196103e-02 
 5.323554e-01 -1.294721e-02 
 5.327531e-01 -1.256750e-02 
 5.331508e-01 -1.060771e-02 
 5.335485e-01 -7.128649e-03 
 5.339461e-01 -2.543120e-03 
 5.343438e-01  2.867575e-03 
 5.347415e-01  8.606017e-03 
 5.351392e-01  1.428975e-02 
 5.355369e-01  1.964481e-02 
 5.359346e-01  2.435199e-02 
 5.363323e-01  2.810240e-02 
 5.367300e-01  3.063077e-02 
 5.371277e-01  3.190724e-02 
 5.375254e-01  3.205682e-02 
 5.379231e-01  3.122533e-02 
 5.383208e-01  2.950211e-02 
 5.387185e-01  2.704239e-02 
 5.391162e-01  2.414622e-02 
 5.395139e-01  2.085094e-02 
 5.399116e-01  1.734223e-02 
 5.403093e-01  1.384458e-02 
 5.407070e-01  1.028699e-02 
 5.411047e-01  6.956365e-03 
 5.415024e-01  3.954168e-03 
 5.419001e-01  1.548548e-03 
 5.422978e-01 -3.341046e-04 
 5.426955e-01 -1.845471e-03 
 5.430931e-01 -3.017316e-03 
 5.434908e-01 -3.869886e-03 
 5.438885e-01 -4.369570e-03 
 5.442862e-01 -4.622737e-03 
 5.446839e-01 -4.522195e-03 
 5.450816e-01 -4.224364e-03 
 5.454793e-01 -3.850218e-03 
 5.458770e-01 -3.118985e-03 
 5.462747e-01 -2.171020e-03 
 5.466724e-01 -1.043374e-03 
 5.470701e-01  1.602665e-04 
 5.474678e-01  1.581454e-03 
 5.478655e-01  3.037229e-03 
 5.482632e-01  4.357788e-03 
 5.486609e-01  5.458290e-03 
 5.490586e-01  6.204240e-03 
 5.494563e-01  6.633483e-03 
 5.498540e-01  6.694609e-03 
 5.502517e-01  6.438008e-03 
 5.506494e-01  6.039492e-03 
 5.510471e-01  5.490373e-03 
 5.514448e-01  4.903763e-03 
 5.518425e-01  4.249814e-03 
 5.522401e-01  3.527295e-03 
 5.526378e-01  2.695961e-03 
 5.530355e-01  1.849783e-03 
 5.534332e-01  1.350047e-03 
 5.538309e-01  1.051165e-03 
 5.542286e-01  1.113677e-03 
 5.546263e-01  1.492279e-03 
 5.550240e-01  2.258353e-03 
 5.554217e-01  3.372992e-03 
 5.558194e-01  4.731036e-03 
 5.562171e-01  6.116154e-03 
 5.566148e-01  7.484523e-03 
 5.570125e-01  8.829422e-03 
 5.574102e-01  1.004179e-02 
 5.578079e-01  1.113397e-02 
 5.582056e-01  1.187869e-02 
 5.586033e-01  1.208017e-02 
 5.590010e-01  1.152491e-02 
 5.593987e-01  1.010211e-02 
 5.597964e-01  7.918178e-03 
 5.601941e-01  4.863161e-03 
 5.605918e-01  1.194380e-03 
 5.609895e-01 -2.673717e-03 
 5.613871e-01 -6.284653e-03 
 5.617848e-01 -9.433145e-03 
 5.621825e-01 -1.184509e-02 
 5.625802e-01 -1.344447e-02 
 5.629779e-01 -1.446872e-02 
 5.633756e-01 -1.479678e-02 
 5.637733e-01 -1.436038e-02 
 5.641710e-01 -1.303669e-02 
 5.645687e-01 -1.068084e-02 
 5.649664e-01 -7.184212e-03 
 5.653641e-01 -2.616605e-03 
 5.657618e-01  2.816155e-03 
 5.661595e-01  8.739988e-03 
 5.665572e-01  1.473362e-02 
 5.669549e-01  2.036786e-02 
 5.673526e-01  2.526336e-02 
 5.677503e-01  2.905403e-02 
 5.681480e-01  3.165808e-02 
 5.685457e-01  3.265100e-02 
 5.689434e-01  3.182657e-02 
 5.693411e-01  2.919862e-02 
 5.697388e-01  2.496980e-02 
 5.701365e-01  1.956445e-02 
 5.705341e-01  1.339460e-02 
 5.709318e-01  7.078486e-03 
 5.713295e-01  1.039655e-03 
 5.717272e-01 -4.536426e-03 
 5.721249e-01 -9.243980e-03 
 5.725226e-01 -1.299957e-02 
 5.729203e-01 -1.551398e-02 
 5.733180e-01 -1.672953e-02 
 5.737157e-01 -1.654394e-02 
 5.741134e-01 -1.501485e-02 
 5.745111e-01 -1.239845e-02 
 5.749088e-01 -8.971621e-03 
 5.753065e-01 -5.123968e-03 
 5.757042e-01 -1.290920e-03 
 5.761019e-01  1.971127e-03 
 5.764996e-01  4.472439e-03 
 5.768973e-01  6.073678e-03 
 5.772950e-01  6.784156e-03 
 5.776927e-01  6.659532e-03 
 5.780904e-01  5.618986e-03 
 5.784881e-01  3.947714e-03 
 5.788858e-01  1.863695e-03 
 5.792835e-01 -5.138227e-04 
 5.796811e-01 -2.908064e-03 
 5.800788e-01 -5.167360e-03 
 5.804765e-01 -7.122798e-03 
 5.808742e-01 -8.706662e-03 
 5.812719e-01 -9.604847e-03 
 5.816696e-01 -9.868567e-03 
 5.820673e-01 -9.389018e-03 
 5.824650e-01 -8.118647e-03 
 5.828627e-01 -6.204740e-03 
 5.832604e-01 -3.639766e-03 
 5.836581e-01 -7.050136e-04 
 5.840558e-01  2.418401e-03 
 5.844535e-01  5.532455e-03 
 5.848512e-01  8.463767e-03 
 5.852489e-01  1.099003e-02 
 5.856466e-01  1.318737e-02 
 5.860443e-01  1.491674e-02 
 5.864420e-01  1.605746e-02 
 5.868397e-01  1.647313e-02 
 5.872374e-01  1.611989e-02 
 5.876351e-01  1.496587e-02 
 5.880328e-01  1.307099e-02 
 5.884305e-01  1.059626e-02 
 5.888281e-01  7.796438e-03 
 5.892258e-01  4.874734e-03 
 5.896235e-01  2.051252e-03 
 5.900212e-01 -6.471507e-04 
 5.904189e-01 -3.213475e-03 
 5.908166e-01 -5.692828e-03 
 5.912143e-01 -7.977583e-03 
 5.916120e-01 -9.709923e-03 
 5.920097e-01 -1.079711e-02 
 5.924074e-01 -1.103874e-02 
 5.928051e-01 -1.024374e-02 
 5.932028e-01 -8.384191e-03 
 5.936005e-01 -5.526316e-03 
 5.939982e-01 -2.020278e-03 
 5.943959e-01  1.929004e-03 
 5.947936e-01  5.984221e-03 
 5.951913e-01  9.925344e-03 
 5.955890e-01  1.361112e-02 
 5.959867e-01  1.673595e-02 
 5.963844e-01  1.914102e-02 
 5.967821e-01  2.048678e-02 
 5.971798e-01  2.079188e-02 
 5.975775e-01  2.003709e-02 
 5.979751e-01  1.808613e-02 
 5.983728e-01  1.514772e-02 
 5.987705e-01  1.149914e-02 
 5.991682e-01  7.725864e-03 
 5.995659e-01  4.059253e-03 
 5.999636e-01  9.400930e-04 
 6.003613e-01 -1.452314e-03 
 6.007590e-01 -2.905424e-03 
 6.011567e-01 -3.186096e-03 
 6.015544e-01 -2.331575e-03 
 6.019521e-01 -4.124267e-04 
 6.023498e-01  2.208751e-03 
 6.027475e-01  5.190587e-03 
 6.031452e-01  8.107442e-03 
 6.035429e-01  1.061285e-02 
 6.039406e-01  1.223994e-02 
 6.043383e-01  1.263453e-02 
 6.047360e-01  1.192252e-02 
 6.051337e-01  1.001965e-02 
 6.055314e-01  7.230412e-03 
 6.059291e-01  3.733668e-03 
 6.063268e-01 -3.116570e-04 
 6.067244e-01 -4.496579e-03 
 6.071221e-01 -8.574833e-03 
 6.075198e-01 -1.203832e-02 
 6.079175e-01 -1.464924e-02 
 6.083152e-01 -1.616207e-02 
 6.087129e-01 -1.638613e-02 
 6.091106e-01 -1.513063e-02 
 6.095083e-01 -1.239309e-02 
 6.099060e-01 -8.346268e-03 
 6.103037e-01 -3.137127e-03 
 6.107014e-01  2.873436e-03 
 6.110991e-01  9.314359e-03 
 6.114968e-01  1.559955e-02 
 6.118945e-01  2.122603e-02 
 6.122922e-01  2.581571e-02 
 6.126899e-01  2.896491e-02 
 6.130876e-01  3.067776e-02 
 6.134853e-01  3.107984e-02 
 6.138830e-01  3.030424e-02 
 6.142807e-01  2.827066e-02 
 6.146784e-01  2.510426e-02 
 6.150761e-01  2.108920e-02 
 6.154738e-01  1.660941e-02 
 6.158714e-01  1.204722e-02 
 6.162691e-01  7.858939e-03 
 6.166668e-01  4.471068e-03 
 6.170645e-01  2.204942e-03 
 6.174622e-01  1.319498e-03 
 6.178599e-01  1.702621e-03 
 6.182576e-01  3.165410e-03 
 6.186553e-01  5.376931e-03 
 6.190530e-01  8.022623e-03 
 6.194507e-01  1.085094e-02 
 6.198484e-01  1.371239e-02 
 6.202461e-01  1.619410e-02 
 6.206438e-01  1.826957e-02 
 6.210415e-01  1.982364e-02 
 6.214392e-01  2.074601e-02 
 6.218369e-01  2.091393e-02 
 6.222346e-01  2.030690e-02 
 6.226323e-01  1.914580e-02 
 6.230300e-01  1.737634e-02 
 6.234277e-01  1.528388e-02 
 6.238254e-01  1.289011e-02 
 6.242231e-01  1.033114e-02 
 6.246208e-01  7.682691e-03 
 6.250184e-01  5.223482e-03 
 6.254161e-01  3.241759e-03 
 6.258138e-01  1.906476e-03 
 6.262115e-01  1.336530e-03 
 6.266092e-01  1.736004e-03 
 6.270069e-01  3.120253e-03 
 6.274046e-01  5.290279e-03 
 6.278023e-01  7.993333e-03 
 6.282000e-01  1.106021e-02 
 6.285977e-01  1.425950e-02 
 6.289954e-01  1.750018e-02 
 6.293931e-01  2.053568e-02 
 6.297908e-01  2.322177e-02 
 6.301885e-01  2.553251e-02 
 6.305862e-01  2.717399e-02 
 6.309839e-01  2.820418e-02 
 6.313816e-01  2.853324e-02 
 6.317793e-01  2.789985e-02 
 6.321770e-01  2.620493e-02 
 6.325747e-01  2.355543e-02 
 6.329724e-01  2.004727e-02 
 6.333701e-01  1.600437e-02 
 6.337678e-01  1.165445e-02 
 6.341654e-01  7.187009e-03 
 6.345631e-01  2.998069e-03 
 6.349608e-01 -6.627837e-04 
 6.353585e-01 -3.699638e-03 
 6.357562e-01 -6.031231e-03 
 6.361539e-01 -7.786442e-03 
 6.365516e-01 -8.999100e-03 
 6.369493e-01 -9.709434e-03 
 6.373470e-01 -9.905034e-03 
 6.377447e-01 -9.569909e-03 
 6.381424e-01 -8.726799e-03 
 6.385401e-01 -7.377005e-03 
 6.389378e-01 -5.305833e-03 
 6.393355e-01 -2.630952e-03 
 6.397332e-01  5.788268e-04 
 6.401309e-01  4.128657e-03 
 6.405286e-01  7.739166e-03 
 6.409263e-01  1.127450e-02 
 6.413240e-01  1.473441e-02 
 6.417217e-01  1.800345e-02 
 6.421194e-01  2.087595e-02 
 6.425171e-01  2.318844e-02 
 6.429148e-01  2.480802e-02 
 6.433124e-01  2.575926e-02 
 6.437101e-01  2.578491e-02 
 6.441078e-01  2.496112e-02 
 6.445055e-01  2.351434e-02 
 6.449032e-01  2.170013e-02 
 6.453009e-01  1.976841e-02 
 6.456986e-01  1.781128e-02 
 6.460963e-01  1.594770e-02 
 6.464940e-01  1.424763e-02 
 6.468917e-01  1.272571e-02 
 6.472894e-01  1.154095e-02 
 6.476871e-01  1.073893e-02 
 6.480848e-01  1.033253e-02 
 6.484825e-01  1.028881e-02 
 6.488802e-01  1.067324e-02 
 6.492779e-01  1.129692e-02 
 6.496756e-01  1.204569e-02 
 6.500733e-01  1.281101e-02 
 6.504710e-01  1.360304e-02 
 6.508687e-01  1.435926e-02 
 6.512664e-01  1.498511e-02 
 6.516641e-01  1.534307e-02 
 6.520618e-01  1.526684e-02 
 6.524594e-01  1.467374e-02 
 6.528571e-01  1.334665e-02 
 6.532548e-01  1.144066e-02 
 6.536525e-01  9.100682e-03 
 6.540502e-01  6.430799e-03 
 6.544479e-01  3.776694e-03 
 6.548456e-01  1.313744e-03 
 6.552433e-01 -8.621880e-04 
 6.556410e-01 -2.599130e-03 
 6.560387e-01 -3.964396e-03 
 6.564364e-01 -5.065461e-03 
 6.568341e-01 -5.818874e-03 
 6.572318e-01 -6.267848e-03 
 6.576295e-01 -6.534266e-03 
 6.580272e-01 -6.502567e-03 
 6.584249e-01 -6.286517e-03 
 6.588226e-01 -5.739672e-03 
 6.592203e-01 -4.704140e-03 
 6.596180e-01 -3.195175e-03 
 6.600157e-01 -1.364295e-03 
 6.604134e-01  5.412075e-04 
 6.608111e-01  2.472447e-03 
 6.612088e-01  4.420135e-03 
 6.616064e-01  6.379596e-03 
 6.620041e-01  8.406534e-03 
 6.624018e-01  1.047129e-02 
 6.627995e-01  1.233647e-02 
 6.631972e-01  1.376147e-02 
 6.635949e-01  1.458250e-02 
 6.639926e-01  1.432326e-02 
 6.643903e-01  1.276925e-02 
 6.647880e-01  9.862339e-03 
 6.651857e-01  5.764164e-03 
 6.655834e-01  8.709093e-04 
 6.659811e-01 -4.501878e-03 
 6.663788e-01 -9.874351e-03 
 6.667765e-01 -1.485063e-02 
 6.671742e-01 -1.924931e-02 
 6.675719e-01 -2.282705e-02 
 6.679696e-01 -2.532829e-02 
 6.683673e-01 -2.650312e-02 
 6.687650e-01 -2.613198e-02 
 6.691627e-01 -2.412120e-02 
 6.695604e-01 -2.049332e-02 
 6.699581e-01 -1.542603e-02 
 6.703558e-01 -9.423599e-03 
 6.707534e-01 -2.905116e-03 
 6.711511e-01  3.667762e-03 
 6.715488e-01  9.624382e-03 
 6.719465e-01  1.470065e-02 
 6.723442e-01  1.868642e-02 
 6.727419e-01  2.121704e-02 
 6.731396e-01  2.222659e-02 
 6.735373e-01  2.151823e-02 
 6.739350e-01  1.925242e-02 
 6.743327e-01  1.581161e-02 
 6.747304e-01  1.157016e-02 
 6.751281e-01  6.848245e-03 
 6.755258e-01  1.920672e-03 
 6.759235e-01 -2.923275e-03 
 6.763212e-01 -7.494812e-03 
 6.767189e-01 -1.138751e-02 
 6.771166e-01 -1.424647e-02 
 6.775143e-01 -1.578343e-02 
 6.779120e-01 -1.569260e-02 
 6.783097e-01 -1.402048e-02 
 6.787074e-01 -1.094046e-02 
 6.791051e-01 -6.797442e-03 
 6.795027e-01 -2.185116e-03 
 6.799004e-01  2.322221e-03 
 6.802981e-01  6.234802e-03 
 6.806958e-01  9.302778e-03 
 6.810935e-01  1.127728e-02 
 6.814912e-01  1.211338e-02 
 6.818889e-01  1.167785e-02 
 6.822866e-01  1.000201e-02 
 6.826843e-01  7.269420e-03 
 6.830820e-01  3.636867e-03 
 6.834797e-01 -5.912511e-04 
 6.838774e-01 -5.226971e-03 
 6.842751e-01 -9.914323e-03 
 6.846728e-01 -1.437067e-02 
 6.850705e-01 -1.838942e-02 
 6.854682e-01 -2.166294e-02 
 6.858659e-01 -2.385231e-02 
 6.862636e-01 -2.480257e-02 
 6.866613e-01 -2.435260e-02 
 6.870590e-01 -2.225643e-02 
 6.874567e-01 -1.873044e-02 
 6.878544e-01 -1.417141e-02 
 6.882521e-01 -9.185617e-03 
 6.886497e-01 -4.222904e-03 
 6.890474e-01  3.756163e-04 
 6.894451e-01  4.404452e-03 
 6.898428e-01  7.892351e-03 
 6.902405e-01  1.104868e-02 
 6.906382e-01  1.386560e-02 
 6.910359e-01  1.612290e-02 
 6.914336e-01  1.758608e-02 
 6.918313e-01  1.782442e-02 
 6.922290e-01  1.672489e-02 
 6.926267e-01  1.434544e-02 
 6.930244e-01  1.100810e-02 
 6.934221e-01  7.196698e-03 
 6.938198e-01  3.142490e-03 
 6.942175e-01 -5.851873e-04 
 6.946152e-01 -3.624955e-03 
 6.950129e-01 -6.047371e-03 
 6.954106e-01 -7.534098e-03 
 6.958083e-01 -8.185926e-03 
 6.962060e-01 -7.834345e-03 
 6.966037e-01 -6.375550e-03 
 6.970014e-01 -3.949062e-03 
 6.973991e-01 -7.536035e-04 
 6.977967e-01  2.720177e-03 
 6.981944e-01  6.155902e-03 
 6.985921e-01  9.325669e-03 
 6.989898e-01  1.213087e-02 
 6.993875e-01  1.440293e-02 
 6.997852e-01  1.608717e-02 
 7.001829e-01  1.715291e-02 
 7.005806e-01  1.746789e-02 
 7.009783e-01  1.707766e-02 
 7.013760e-01  1.609194e-02 
 7.017737e-01  1.457393e-02 
 7.021714e-01  1.276557e-02 
 7.025691e-01  1.089569e-02 
 7.029668e-01  9.287306e-03 
 7.033645e-01  8.025992e-03 
 7.037622e-01  7.239238e-03 
 7.041599e-01  6.860355e-03 
 7.045576e-01  6.996874e-03 
 7.049553e-01  7.865399e-03 
 7.053530e-01  9.451328e-03 
 7.057507e-01  1.184148e-02 
 7.061484e-01  1.483832e-02 
 7.065461e-01  1.825407e-02 
 7.069437e-01  2.168064e-02 
 7.073414e-01  2.474642e-02 
 7.077391e-01  2.712222e-02 
 7.081368e-01  2.862408e-02 
 7.085345e-01  2.903730e-02 
 7.089322e-01  2.837474e-02 
 7.093299e-01  2.670989e-02 
 7.097276e-01  2.400083e-02 
 7.101253e-01  2.036219e-02 
 7.105230e-01  1.605409e-02 
 7.109207e-01  1.142911e-02 
 7.113184e-01  6.758040e-03 
 7.117161e-01  2.181847e-03 
 7.121138e-01 -1.881791e-03 
 7.125115e-01 -5.243516e-03 
 7.129092e-01 -7.764375e-03 
 7.133069e-01 -9.384103e-03 
 7.137046e-01 -9.916432e-03 
 7.141023e-01 -9.256946e-03 
 7.145000e-01 -7.353726e-03 
 7.148977e-01 -4.446890e-03 
 7.152954e-01 -8.141794e-04 
 7.156931e-01  2.961640e-03 
 7.160907e-01  6.606522e-03 
 7.164884e-01  9.887819e-03 
 7.168861e-01  1.256217e-02 
 7.172838e-01  1.462109e-02 
 7.176815e-01  1.608945e-02 
 7.180792e-01  1.709838e-02 
 7.184769e-01  1.776387e-02 
 7.188746e-01  1.793611e-02 
 7.192723e-01  1.754452e-02 
 7.196700e-01  1.644663e-02 
 7.200677e-01  1.484793e-02 
 7.204654e-01  1.299109e-02 
 7.208631e-01  1.114442e-02 
 7.212608e-01  9.565375e-03 
 7.216585e-01  8.500002e-03 
 7.220562e-01  8.175947e-03 
 7.224539e-01  8.846108e-03 
 7.228516e-01  1.041556e-02 
 7.232493e-01  1.282983e-02 
 7.236470e-01  1.584813e-02 
 7.240447e-01  1.923589e-02 
 7.244424e-01  2.283460e-02 
 7.248401e-01  2.639407e-02 
 7.252377e-01  2.958219e-02 
 7.256354e-01  3.192230e-02 
 7.260331e-01  3.316953e-02 
 7.264308e-01  3.309793e-02 
 7.268285e-01  3.169993e-02 
 7.272262e-01  2.907104e-02 
 7.276239e-01  2.518495e-02 
 7.280216e-01  2.047182e-02 
 7.284193e-01  1.542203e-02 
 7.288170e-01  1.049332e-02 
 7.292147e-01  5.968999e-03 
 7.296124e-01  2.070366e-03 
 7.300101e-01 -1.057136e-03 
 7.304078e-01 -3.244255e-03 
 7.308055e-01 -4.347393e-03 
 7.312032e-01 -4.464353e-03 
 7.316009e-01 -3.744712e-03 
 7.319986e-01 -2.282977e-03 
 7.323963e-01 -2.657394e-04 
 7.327940e-01  2.176423e-03 
 7.331917e-01  4.915623e-03 
 7.335894e-01  7.701247e-03 
 7.339871e-01  1.036842e-02 
 7.343847e-01  1.279139e-02 
 7.347824e-01  1.485183e-02 
 7.351801e-01  1.636565e-02 
 7.355778e-01  1.726253e-02 
 7.359755e-01  1.771915e-02 
 7.363732e-01  1.776372e-02 
 7.367709e-01  1.762297e-02 
 7.371686e-01  1.729380e-02 
 7.375663e-01  1.685970e-02 
 7.379640e-01  1.627020e-02 
 7.383617e-01  1.556362e-02 
 7.387594e-01  1.475078e-02 
 7.391571e-01  1.386857e-02 
 7.395548e-01  1.281095e-02 
 7.399525e-01  1.140727e-02 
 7.403502e-01  9.721014e-03 
 7.407479e-01  7.633203e-03 
 7.411456e-01  5.173987e-03 
 7.415433e-01  2.473890e-03 
 7.419410e-01 -2.722524e-04 
 7.423387e-01 -2.801453e-03 
 7.427364e-01 -4.833937e-03 
 7.431341e-01 -6.410597e-03 
 7.435317e-01 -7.530740e-03 
 7.439294e-01 -8.323609e-03 
 7.443271e-01 -8.646656e-03 
 7.447248e-01 -8.400084e-03 
 7.451225e-01 -7.509120e-03 
 7.455202e-01 -5.890847e-03 
 7.459179e-01 -3.619267e-03 
 7.463156e-01 -9.381856e-04 
 7.467133e-01  2.000264e-03 
 7.471110e-01  4.960517e-03 
 7.475087e-01  7.552325e-03 
 7.479064e-01  9.536293e-03 
 7.483041e-01  1.094843e-02 
 7.487018e-01  1.190529e-02 
 7.490995e-01  1.229548e-02 
 7.494972e-01  1.213680e-02 
 7.498949e-01  1.139117e-02 
 7.502926e-01  1.024429e-02 
 7.506903e-01  9.043184e-03 
 7.510880e-01  7.858877e-03 
 7.514857e-01  6.877620e-03 
 7.518834e-01  6.205225e-03 
 7.522810e-01  5.948753e-03 
 7.526787e-01  6.191196e-03 
 7.530764e-01  6.890368e-03 
 7.534741e-01  7.869766e-03 
 7.538718e-01  9.017446e-03 
 7.542695e-01  1.013136e-02 
 7.546672e-01  1.124657e-02 
 7.550649e-01  1.222937e-02 
 7.554626e-01  1.307646e-02 
 7.558603e-01  1.371722e-02 
 7.562580e-01  1.420250e-02 
 7.566557e-01  1.467763e-02 
 7.570534e-01  1.507558e-02 
 7.574511e-01  1.526153e-02 
 7.578488e-01  1.503521e-02 
 7.582465e-01  1.436836e-02 
 7.586442e-01  1.287490e-02 
 7.590419e-01  1.039640e-02 
 7.594396e-01  7.036793e-03 
 7.598373e-01  2.859029e-03 
 7.602350e-01 -1.883985e-03 
 7.606327e-01 -6.968148e-03 
 7.610304e-01 -1.210928e-02 
 7.614280e-01 -1.708618e-02 
 7.618257e-01 -2.175536e-02 
 7.622234e-01 -2.569298e-02 
 7.626211e-01 -2.874141e-02 
 7.630188e-01 -3.059597e-02 
 7.634165e-01 -3.111970e-02 
 7.638142e-01 -3.011292e-02 
 7.642119e-01 -2.757194e-02 
 7.646096e-01 -2.360692e-02 
 7.650073e-01 -1.856350e-02 
 7.654050e-01 -1.286112e-02 
 7.658027e-01 -6.780874e-03 
 7.662004e-01 -6.000880e-04 
 7.665981e-01  5.470345e-03 
 7.669958e-01  1.109283e-02 
 7.673935e-01  1.597080e-02 
 7.677912e-01  1.964666e-02 
 7.681889e-01  2.187342e-02 
 7.685866e-01  2.253935e-02 
 7.689843e-01  2.147043e-02 
 7.693820e-01  1.899859e-02 
 7.697797e-01  1.522184e-02 
 7.701774e-01  1.051661e-02 
 7.705750e-01  5.382926e-03 
 7.709727e-01  6.778204e-05 
 7.713704e-01 -5.222652e-03 
 7.717681e-01 -1.027787e-02 
 7.721658e-01 -1.462890e-02 
 7.725635e-01 -1.790205e-02 
 7.729612e-01 -1.973694e-02 
 7.733589e-01 -1.994165e-02 
 7.737566e-01 -1.850025e-02 
 7.741543e-01 -1.549628e-02 
 7.745520e-01 -1.099958e-02 
 7.749497e-01 -5.443868e-03 
 7.753474e-01  6.657940e-04 
 7.757451e-01  6.882603e-03 
 7.761428e-01  1.285759e-02 
 7.765405e-01  1.813293e-02 
 7.769382e-01  2.245549e-02 
 7.773359e-01  2.522313e-02 
 7.777336e-01  2.605234e-02 
 7.781313e-01  2.485964e-02 
 7.785290e-01  2.195993e-02 
 7.789267e-01  1.770799e-02 
 7.793244e-01  1.250436e-02 
 7.797220e-01  6.839301e-03 
 7.801197e-01  1.213434e-03 
 7.805174e-01 -3.984578e-03 
 7.809151e-01 -8.368776e-03 
 7.813128e-01 -1.166571e-02 
 7.817105e-01 -1.359648e-02 
 7.821082e-01 -1.394134e-02 
 7.825059e-01 -1.275455e-02 
 7.829036e-01 -9.869021e-03 
 7.833013e-01 -5.480504e-03 
 7.836990e-01  6.265979e-05 
 7.840967e-01  6.317331e-03 
 7.844944e-01  1.295702e-02 
 7.848921e-01  1.943796e-02 
 7.852898e-01  2.522851e-02 
 7.856875e-01  2.984580e-02 
 7.860852e-01  3.294664e-02 
 7.864829e-01  3.410068e-02 
 7.868806e-01  3.313324e-02 
 7.872783e-01  3.013180e-02 
 7.876760e-01  2.533062e-02 
 7.880737e-01  1.922384e-02 
 7.884714e-01  1.230591e-02 
 7.888690e-01  4.904135e-03 
 7.892667e-01 -2.589650e-03 
 7.896644e-01 -9.888820e-03 
 7.900621e-01 -1.661481e-02 
 7.904598e-01 -2.221485e-02 
 7.908575e-01 -2.621789e-02 
 7.912552e-01 -2.818167e-02 
 7.916529e-01 -2.804972e-02 
 7.920506e-01 -2.588350e-02 
 7.924483e-01 -2.202427e-02 
 7.928460e-01 -1.693705e-02 
 7.932437e-01 -1.131102e-02 
 7.936414e-01 -5.700964e-03 
 7.940391e-01 -3.838354e-04 
 7.944368e-01  4.556023e-03 
 7.948345e-01  9.054271e-03 
 7.952322e-01  1.282616e-02 
 7.956299e-01  1.566097e-02 
 7.960276e-01  1.726083e-02 
 7.964253e-01  1.783554e-02 
 7.968230e-01  1.743582e-02 
 7.972207e-01  1.641111e-02 
 7.976184e-01  1.502539e-02 
 7.980160e-01  1.362420e-02 
 7.984137e-01  1.249062e-02 
 7.988114e-01  1.166886e-02 
 7.992091e-01  1.113096e-02 
 7.996068e-01  1.077950e-02 
 8.000045e-01  1.066286e-02 
 8.004022e-01  1.090632e-02 
 8.007999e-01  1.170768e-02 
 8.011976e-01  1.299541e-02 
 8.015953e-01  1.454457e-02 
 8.019930e-01  1.620651e-02 
 8.023907e-01  1.771616e-02 
 8.027884e-01  1.888264e-02 
 8.031861e-01  1.953916e-02 
 8.035838e-01  1.963335e-02 
 8.039815e-01  1.924510e-02 
 8.043792e-01  1.816710e-02 
 8.047769e-01  1.650473e-02 
 8.051746e-01  1.428149e-02 
 8.055723e-01  1.164216e-02 
 8.059700e-01  8.798345e-03 
 8.063677e-01  5.932783e-03 
 8.067654e-01  3.439134e-03 
 8.071630e-01  1.430346e-03 
 8.075607e-01  8.280061e-05 
 8.079584e-01 -5.293191e-04 
 8.083561e-01 -4.955937e-04 
 8.087538e-01 -6.466268e-05 
 8.091515e-01  6.355485e-04 
 8.095492e-01  1.567761e-03 
 8.099469e-01  2.622020e-03 
 8.103446e-01  3.789104e-03 
 8.107423e-01  5.007228e-03 
 8.111400e-01  6.220473e-03 
 8.115377e-01  7.523964e-03 
 8.119354e-01  9.039857e-03 
 8.123331e-01  1.062713e-02 
 8.127308e-01  1.232479e-02 
 8.131285e-01  1.393958e-02 
 8.135262e-01  1.537273e-02 
 8.139239e-01  1.646453e-02 
 8.143216e-01  1.716771e-02 
 8.147193e-01  1.735439e-02 
 8.151170e-01  1.699440e-02 
 8.155147e-01  1.618908e-02 
 8.159124e-01  1.478687e-02 
 8.163100e-01  1.316635e-02 
 8.167077e-01  1.131218e-02 
 8.171054e-01  9.313223e-03 
 8.175031e-01  7.188507e-03 
 8.179008e-01  5.185243e-03 
 8.182985e-01  3.462951e-03 
 8.186962e-01  2.211363e-03 
 8.190939e-01  1.602667e-03 
 8.194916e-01  1.605784e-03 
 8.198893e-01  2.143403e-03 
 8.202870e-01  3.167150e-03 
 8.206847e-01  4.280132e-03 
 8.210824e-01  5.062527e-03 
 8.214801e-01  5.315741e-03 
 8.218778e-01  5.084437e-03 
 8.222755e-01  4.410862e-03 
 8.226732e-01  3.478454e-03 
 8.230709e-01  2.373929e-03 
 8.234686e-01  9.573117e-04 
 8.238663e-01 -6.974282e-04 
 8.242640e-01 -2.369604e-03 
 8.246617e-01 -4.009759e-03 
 8.250593e-01 -5.372711e-03 
 8.254570e-01 -6.063765e-03 
 8.258547e-01 -5.723550e-03 
 8.262524e-01 -4.248605e-03 
 8.266501e-01 -1.677792e-03 
 8.270478e-01  1.726926e-03 
 8.274455e-01  5.682511e-03 
 8.278432e-01  9.867968e-03 
 8.282409e-01  1.414289e-02 
 8.286386e-01  1.825343e-02 
 8.290363e-01  2.209721e-02 
 8.294340e-01  2.545797e-02 
 8.298317e-01  2.811425e-02 
 8.302294e-01  3.014048e-02 
 8.306271e-01  3.146625e-02 
 8.310248e-01  3.195209e-02 
 8.314225e-01  3.164919e-02 
 8.318202e-01  3.061683e-02 
 8.322179e-01  2.896129e-02 
 8.326156e-01  2.681873e-02 
 8.330133e-01  2.432275e-02 
 8.334110e-01  2.151966e-02 
 8.338087e-01  1.855897e-02 
 8.342063e-01  1.569843e-02 
 8.346040e-01  1.315163e-02 
 8.350017e-01  1.105743e-02 
 8.353994e-01  9.625329e-03 
 8.357971e-01  8.682269e-03 
 8.361948e-01  8.281222e-03 
 8.365925e-01  8.184518e-03 
 8.369902e-01  8.227563e-03 
 8.373879e-01  8.126969e-03 
 8.377856e-01  7.685482e-03 
 8.381833e-01  6.961814e-03 
 8.385810e-01  5.830523e-03 
 8.389787e-01  4.421554e-03 
 8.393764e-01  2.773298e-03 
 8.397741e-01  1.089233e-03 
 8.401718e-01 -2.408320e-04 
 8.405695e-01 -1.075913e-03 
 8.409672e-01 -1.364259e-03 
 8.413649e-01 -1.068379e-03 
 8.417626e-01 -1.127377e-04 
 8.421603e-01  1.433366e-03 
 8.425580e-01  3.457199e-03 
 8.429557e-01  5.718203e-03 
 8.433533e-01  8.054226e-03 
 8.437510e-01  1.047362e-02 
 8.441487e-01  1.288302e-02 
 8.445464e-01  1.515576e-02 
 8.449441e-01  1.701561e-02 
 8.453418e-01  1.827135e-02 
 8.457395e-01  1.875977e-02 
 8.461372e-01  1.856584e-02 
 8.465349e-01  1.770160e-02 
 8.469326e-01  1.612840e-02 
 8.473303e-01  1.392812e-02 
 8.477280e-01  1.126116e-02 
 8.481257e-01  8.189374e-03 
 8.485234e-01  4.861126e-03 
 8.489211e-01  1.496915e-03 
 8.493188e-01 -1.521176e-03 
 8.497165e-01 -3.897766e-03 
 8.501142e-01 -5.423242e-03 
 8.505119e-01 -5.930246e-03 
 8.509096e-01 -5.467831e-03 
 8.513073e-01 -4.210707e-03 
 8.517050e-01 -2.298699e-03 
 8.521027e-01  3.583312e-05 
 8.525003e-01  2.547010e-03 
 8.528980e-01  5.076756e-03 
 8.532957e-01  7.419991e-03 
 8.536934e-01  9.466478e-03 
 8.540911e-01  1.099340e-02 
 8.544888e-01  1.172250e-02 
 8.548865e-01  1.146694e-02 
 8.552842e-01  1.021274e-02 
 8.556819e-01  7.990755e-03 
 8.560796e-01  5.054988e-03 
 8.564773e-01  1.734003e-03 
 8.568750e-01 -1.567556e-03 
 8.572727e-01 -4.548365e-03 
 8.576704e-01 -6.802426e-03 
 8.580681e-01 -8.043253e-03 
 8.584658e-01 -8.130806e-03 
 8.588635e-01 -6.839871e-03 
 8.592612e-01 -4.166469e-03 
 8.596589e-01 -2.456874e-04 
 8.600566e-01  4.680006e-03 
 8.604543e-01  1.031338e-02 
 8.608520e-01  1.611785e-02 
 8.612497e-01  2.173441e-02 
 8.616473e-01  2.677741e-02 
 8.620450e-01  3.093913e-02 
 8.624427e-01  3.398950e-02 
 8.628404e-01  3.549875e-02 
 8.632381e-01  3.528557e-02 
 8.636358e-01  3.328074e-02 
 8.640335e-01  2.971258e-02 
 8.644312e-01  2.485464e-02 
 8.648289e-01  1.888111e-02 
 8.652266e-01  1.224635e-02 
 8.656243e-01  5.238385e-03 
 8.660220e-01 -1.917895e-03 
 8.664197e-01 -8.924385e-03 
 8.668174e-01 -1.573767e-02 
 8.672151e-01 -2.200169e-02 
 8.676128e-01 -2.727660e-02 
 8.680105e-01 -3.099143e-02 
 8.684082e-01 -3.285354e-02 
 8.688059e-01 -3.276649e-02 
 8.692036e-01 -3.081382e-02 
 8.696013e-01 -2.731756e-02 
 8.699990e-01 -2.255649e-02 
 8.703967e-01 -1.703389e-02 
 8.707943e-01 -1.104990e-02 
 8.711920e-01 -4.983207e-03 
 8.715897e-01  9.390225e-04 
 8.719874e-01  6.278037e-03 
 8.723851e-01  1.046066e-02 
 8.727828e-01  1.322581e-02 
 8.731805e-01  1.433586e-02 
 8.735782e-01  1.395906e-02 
 8.739759e-01  1.239017e-02 
 8.743736e-01  9.964312e-03 
 8.747713e-01  6.927749e-03 
 8.751690e-01  3.421554e-03 
 8.755667e-01 -1.853243e-04 
 8.759644e-01 -3.737963e-03 
 8.763621e-01 -6.886044e-03 
 8.767598e-01 -9.298704e-03 
 8.771575e-01 -1.078236e-02 
 8.775552e-01 -1.097892e-02 
 8.779529e-01 -9.883516e-03 
 8.783506e-01 -7.626121e-03 
 8.787483e-01 -4.519894e-03 
 8.791460e-01 -8.122474e-04 
 8.795437e-01  3.190186e-03 
 8.799413e-01  7.295560e-03 
 8.803390e-01  1.143729e-02 
 8.807367e-01  1.540337e-02 
 8.811344e-01  1.893789e-02 
 8.815321e-01  2.159968e-02 
 8.819298e-01  2.315447e-02 
 8.823275e-01  2.309158e-02 
 8.827252e-01  2.138256e-02 
 8.831229e-01  1.803310e-02 
 8.835206e-01  1.324161e-02 
 8.839183e-01  7.472348e-03 
 8.843160e-01  1.199934e-03 
 8.847137e-01 -5.132036e-03 
 8.851114e-01 -1.122432e-02 
 8.855091e-01 -1.656675e-02 
 8.859068e-01 -2.060376e-02 
 8.863045e-01 -2.304226e-02 
 8.867022e-01 -2.362828e-02 
 8.870999e-01 -2.229881e-02 
 8.874976e-01 -1.926232e-02 
 8.878953e-01 -1.464523e-02 
 8.882930e-01 -9.008137e-03 
 8.886907e-01 -2.843252e-03 
 8.890883e-01  3.448263e-03 
 8.894860e-01  9.652857e-03 
 8.898837e-01  1.539325e-02 
 8.902814e-01  2.043044e-02 
 8.906791e-01  2.430201e-02 
 8.910768e-01  2.664670e-02 
 8.914745e-01  2.744804e-02 
 8.918722e-01  2.685653e-02 
 8.922699e-01  2.505272e-02 
 8.926676e-01  2.219074e-02 
 8.930653e-01  1.860490e-02 
 8.934630e-01  1.455377e-02 
 8.938607e-01  1.004490e-02 
 8.942584e-01  5.372519e-03 
 8.946561e-01  6.110501e-04 
 8.950538e-01 -3.874313e-03 
 8.954515e-01 -7.575905e-03 
 8.958492e-01 -1.027229e-02 
 8.962469e-01 -1.171314e-02 
 8.966446e-01 -1.203891e-02 
 8.970423e-01 -1.160467e-02 
 8.974400e-01 -1.074099e-02 
 8.978376e-01 -9.793953e-03 
 8.982353e-01 -8.903096e-03 
 8.986330e-01 -8.236939e-03 
 8.990307e-01 -7.822865e-03 
 8.994284e-01 -7.629685e-03 
 8.998261e-01 -7.630493e-03 
 9.002238e-01 -7.931379e-03 
 9.006215e-01 -8.327510e-03 
 9.010192e-01 -8.826311e-03 
 9.014169e-01 -9.372811e-03 
 9.018146e-01 -9.535670e-03 
 9.022123e-01 -9.194061e-03 
 9.026100e-01 -8.135268e-03 
 9.030077e-01 -6.244591e-03 
 9.034054e-01 -3.652899e-03 
 9.038031e-01 -5.315749e-04 
 9.042008e-01  3.093362e-03 
 9.045985e-01  6.980885e-03 
 9.049962e-01  1.099929e-02 
 9.053939e-01  1.503484e-02 
 9.057916e-01  1.868825e-02 
 9.061893e-01  2.170087e-02 
 9.065870e-01  2.385750e-02 
 9.069846e-01  2.500911e-02 
 9.073823e-01  2.507194e-02 
 9.077800e-01  2.441302e-02 
 9.081777e-01  2.326490e-02 
 9.085754e-01  2.174133e-02 
 9.089731e-01  1.996032e-02 
 9.093708e-01  1.817260e-02 
 9.097685e-01  1.651447e-02 
 9.101662e-01  1.494375e-02 
 9.105639e-01  1.358970e-02 
 9.109616e-01  1.232682e-02 
 9.113593e-01  1.127801e-02 
 9.117570e-01  1.053744e-02 
 9.121547e-01  9.991384e-03 
 9.125524e-01  9.639926e-03 
 9.129501e-01  9.449020e-03 
 9.133478e-01  9.236740e-03 
 9.137455e-01  9.175247e-03 
 9.141432e-01  9.318361e-03 
 9.145409e-01  9.314783e-03 
 9.149386e-01  9.120329e-03 
 9.153363e-01  8.742195e-03 
 9.157340e-01  8.189736e-03 
 9.161316e-01  7.370501e-03 
 9.165293e-01  6.349664e-03 
 9.169270e-01  5.245942e-03 
 9.173247e-01  4.032549e-03 
 9.177224e-01  2.926054e-03 
 9.181201e-01  2.068550e-03 
 9.185178e-01  1.317399e-03 
 9.189155e-01  8.586207e-04 
 9.193132e-01  8.598797e-04 
 9.197109e-01  1.603038e-03 
 9.201086e-01  3.188312e-03 
 9.205063e-01  5.633585e-03 
 9.209040e-01  8.699867e-03 
 9.213017e-01  1.203969e-02 
 9.216994e-01  1.545066e-02 
 9.220971e-01  1.865208e-02 
 9.224948e-01  2.151206e-02 
 9.228925e-01  2.395889e-02 
 9.232902e-01  2.608331e-02 
 9.236879e-01  2.770776e-02 
 9.240856e-01  2.899489e-02 
 9.244833e-01  2.973513e-02 
 9.248810e-01  2.973866e-02 
 9.252786e-01  2.910176e-02 
 9.256763e-01  2.788702e-02 
 9.260740e-01  2.608449e-02 
 9.264717e-01  2.383456e-02 
 9.268694e-01  2.116894e-02 
 9.272671e-01  1.817459e-02 
 9.276648e-01  1.493885e-02 
 9.280625e-01  1.156141e-02 
 9.284602e-01  8.073926e-03 
 9.288579e-01  4.744053e-03 
 9.292556e-01  1.855255e-03 
 9.296533e-01 -3.926791e-04 
 9.300510e-01 -1.719002e-03 
 9.304487e-01 -2.078334e-03 
 9.308464e-01 -1.681585e-03 
 9.312441e-01 -6.254946e-04 
 9.316418e-01  1.221513e-03 
 9.320395e-01  3.759959e-03 
 9.324372e-01  6.656935e-03 
 9.328349e-01  9.799935e-03 
 9.332326e-01  1.290782e-02 
 9.336303e-01  1.569734e-02 
 9.340280e-01  1.802707e-02 
 9.344256e-01  1.969513e-02 
 9.348233e-01  2.067076e-02 
 9.352210e-01  2.099848e-02 
 9.356187e-01  2.097820e-02 
 9.360164e-01  2.069436e-02 
 9.364141e-01  2.023715e-02 
 9.368118e-01  1.959178e-02 
 9.372095e-01  1.894998e-02 
 9.376072e-01  1.857179e-02 
 9.380049e-01  1.863078e-02 
 9.384026e-01  1.910314e-02 
 9.388003e-01  2.000577e-02 
 9.391980e-01  2.118117e-02 
 9.395957e-01  2.239374e-02 
 9.399934e-01  2.333049e-02 
 9.403911e-01  2.395458e-02 
 9.407888e-01  2.400595e-02 
 9.411865e-01  2.361678e-02 
 9.415842e-01  2.294213e-02 
 9.419819e-01  2.197825e-02 
 9.423796e-01  2.050533e-02 
 9.427773e-01  1.842175e-02 
 9.431750e-01  1.560287e-02 
 9.435726e-01  1.212367e-02 
 9.439703e-01  8.325068e-03 
 9.443680e-01  4.500778e-03 
 9.447657e-01  1.012431e-03 
 9.451634e-01 -2.047196e-03 
 9.455611e-01 -4.453556e-03 
 9.459588e-01 -6.204878e-03 
 9.463565e-01 -7.291563e-03 
 9.467542e-01 -7.464771e-03 
 9.471519e-01 -6.736173e-03 
 9.475496e-01 -4.966062e-03 
 9.479473e-01 -2.140618e-03 
 9.483450e-01  1.348619e-03 
 9.487427e-01  5.124642e-03 
 9.491404e-01  8.612668e-03 
 9.495381e-01  1.134093e-02 
 9.499358e-01  1.304830e-02 
 9.503335e-01  1.376768e-02 
 9.507312e-01  1.352401e-02 
 9.511289e-01  1.248312e-02 
 9.515266e-01  1.071262e-02 
 9.519243e-01  8.367697e-03 
 9.523220e-01  5.700641e-03 
 9.527196e-01  2.851578e-03 
 9.531173e-01  3.085850e-04 
 9.535150e-01 -1.505712e-03 
 9.539127e-01 -2.066101e-03 
 9.543104e-01 -1.283611e-03 
 9.547081e-01  5.782281e-04 
 9.551058e-01  3.323270e-03 
 9.555035e-01  6.650992e-03 
 9.559012e-01  1.021198e-02 
 9.562989e-01  1.379869e-02 
 9.566966e-01  1.723504e-02 
 9.570943e-01  2.032993e-02 
 9.574920e-01  2.271119e-02 
 9.578897e-01  2.415347e-02 
 9.582874e-01  2.424507e-02 
 9.586851e-01  2.262190e-02 
 9.590828e-01  1.929784e-02 
 9.594805e-01  1.456227e-02 
 9.598782e-01  8.761058e-03 
 9.602759e-01  2.204331e-03 
 9.606736e-01 -4.724041e-03 
 9.610713e-01 -1.166245e-02 
 9.614689e-01 -1.816176e-02 
 9.618666e-01 -2.378934e-02 
 9.622643e-01 -2.811578e-02 
 9.626620e-01 -3.086808e-02 
 9.630597e-01 -3.170952e-02 
 9.634574e-01 -3.061590e-02 
 9.638551e-01 -2.770793e-02 
 9.642528e-01 -2.327740e-02 
 9.646505e-01 -1.772826e-02 
 9.650482e-01 -1.129441e-02 
 9.654459e-01 -4.121607e-03 
 9.658436e-01  3.354864e-03 
 9.662413e-01  1.077476e-02 
 9.666390e-01  1.749067e-02 
 9.670367e-01  2.282284e-02 
 9.674344e-01  2.634284e-02 
 9.678321e-01  2.783082e-02 
 9.682298e-01  2.722681e-02 
 9.686275e-01  2.469120e-02 
 9.690252e-01  2.064976e-02 
 9.694229e-01  1.553483e-02 
 9.698206e-01  9.715728e-03 
 9.702183e-01  3.601771e-03 
 9.706159e-01 -2.558179e-03 
 9.710136e-01 -8.384088e-03 
 9.714113e-01 -1.338516e-02 
 9.718090e-01 -1.715179e-02 
 9.722067e-01 -1.942603e-02 
 9.726044e-01 -2.006863e-02 
 9.730021e-01 -1.912214e-02 
 9.733998e-01 -1.677472e-02 
 9.737975e-01 -1.342374e-02 
 9.741952e-01 -9.293863e-03 
 9.745929e-01 -4.857993e-03 
 9.749906e-01 -4.963646e-04 
 9.753883e-01  3.717198e-03 
 9.757860e-01  7.647234e-03 
 9.761837e-01  1.093924e-02 
 9.765814e-01  1.325419e-02 
 9.769791e-01  1.427089e-02 
 9.773768e-01  1.401534e-02 
 9.777745e-01  1.255755e-02 
 9.781722e-01  9.854233e-03 
 9.785699e-01  6.013504e-03 
 9.789676e-01  1.453827e-03 
 9.793653e-01 -3.653293e-03 
 9.797629e-01 -8.889595e-03 
 9.801606e-01 -1.379313e-02 
 9.805583e-01 -1.795267e-02 
 9.809560e-01 -2.087040e-02 
 9.813537e-01 -2.201626e-02 
 9.817514e-01 -2.113972e-02 
 9.821491e-01 -1.836231e-02 
 9.825468e-01 -1.412480e-02 
 9.829445e-01 -8.731618e-03 
 9.833422e-01 -2.532936e-03 
 9.837399e-01  4.052874e-03 
 9.841376e-01  1.069741e-02 
 9.845353e-01  1.700920e-02 
 9.849330e-01  2.278268e-02 
 9.853307e-01  2.789079e-02 
 9.857284e-01  3.208938e-02 
 9.861261e-01  3.508757e-02 
 9.865238e-01  3.662498e-02 
 9.869215e-01  3.653905e-02 
 9.873192e-01  3.482224e-02 
 9.877169e-01  3.153678e-02 
 9.881146e-01  2.693468e-02 
 9.885123e-01  2.129926e-02 
 9.889099e-01  1.491064e-02 
 9.893076e-01  8.296692e-03 
 9.897053e-01  1.863873e-03 
 9.901030e-01 -3.950299e-03 
 9.905007e-01 -9.080734e-03 
 9.908984e-01 -1.332443e-02 
 9.912961e-01 -1.653905e-02 
 9.916938e-01 -1.859598e-02 
 9.920915e-01 -1.933557e-02 
 9.924892e-01 -1.876238e-02 
 9.928869e-01 -1.688529e-02 
 9.932846e-01 -1.377905e-02 
 9.936823e-01 -9.641965e-03 
 9.940800e-01 -4.803742e-03 
 9.944777e-01  2.395352e-04 
 9.948754e-01  4.953173e-03 
 9.952731e-01  8.942628e-03 
 9.956708e-01  1.203039e-02 
 9.960685e-01  1.415177e-02 
 9.964662e-01  1.532886e-02 
 9.968639e-01  1.565393e-02 
 9.972616e-01  1.521276e-02 
 9.976593e-01  1.432553e-02 
 9.980569e-01  1.337818e-02 
 9.984546e-01  1.230649e-02 
 9.988523e-01  1.113388e-02 
 9.992500e-01  1.015846e-02 
 9.996477e-01  9.512414e-03 
 1.000045e+00  9.256414e-03 
 1.000443e+00  9.346758e-03 
 1.000841e+00  9.783772e-03 
 1.001239e+00  1.062940e-02 
 1.001636e+00  1.164634e-02 
 1.002034e+00  1.271069e-02 
 1.002432e+00  1.366424e-02 
 1.002829e+00  1.424577e-02 
 1.003227e+00  1.437814e-02 
 1.003625e+00  1.408809e-02 
 1.004022e+00  1.342720e-02 
 1.004420e+00  1.242698e-02 
 1.004818e+00  1.119092e-02 
 1.005215e+00  9.891273e-03 
 1.005613e+00  8.627441e-03 
 1.006011e+00  7.434126e-03 
 1.006409e+00  6.067071e-03 
 1.006806e+00  4.607106e-03 
 1.007204e+00  3.063542e-03 
 1.007602e+00  1.716095e-03 
 1.007999e+00  7.045752e-04 
 1.008397e+00  7.895458e-05 
 1.008795e+00 -4.507698e-05 
 1.009192e+00  4.320270e-04 
 1.009590e+00  1.316910e-03 
 1.009988e+00  2.477733e-03 
 1.010386e+00  3.725310e-03 
 1.010783e+00  4.874491e-03 
 1.011181e+00  5.778040e-03 
 1.011579e+00  6.447750e-03 
 1.011976e+00  7.008242e-03 
 1.012374e+00  7.434966e-03 
 1.012772e+00  7.783365e-03 
 1.013169e+00  8.218850e-03 
 1.013567e+00  8.937411e-03 
 1.013965e+00  9.964476e-03 
 1.014362e+00  1.143981e-02 
 1.014760e+00  1.315327e-02 
 1.015158e+00  1.502245e-02 
 1.015556e+00  1.722896e-02 
 1.015953e+00  1.944816e-02 
 1.016351e+00  2.169539e-02 
 1.016749e+00  2.390731e-02 
 1.017146e+00  2.609678e-02 
 1.017544e+00  2.813416e-02 
 1.017942e+00  2.972397e-02 
 1.018339e+00  3.058523e-02 
 1.018737e+00  3.031859e-02 
 1.019135e+00  2.872658e-02 
 1.019533e+00  2.587212e-02 
 1.019930e+00  2.195982e-02 
 1.020328e+00  1.748173e-02 
 1.020726e+00  1.265956e-02 
 1.021123e+00  7.972556e-03 
 1.021521e+00  3.807830e-03 
 1.021919e+00  2.111128e-04 
 1.022316e+00 -2.904473e-03 
 1.022714e+00 -5.522898e-03 
 1.023112e+00 -7.559670e-03 
 1.023509e+00 -8.784015e-03 
 1.023907e+00 -9.210086e-03 
 1.024305e+00 -8.757002e-03 
 1.024703e+00 -7.318587e-03 
 1.025100e+00 -5.049216e-03 
 1.025498e+00 -1.981674e-03 
 1.025896e+00  1.745929e-03 
 1.026293e+00  5.786819e-03 
 1.026691e+00  9.899607e-03 
 1.027089e+00  1.397293e-02 
 1.027486e+00  1.765147e-02 
 1.027884e+00  2.071386e-02 
 1.028282e+00  2.290354e-02 
 1.028680e+00  2.402281e-02 
 1.029077e+00  2.421590e-02 
 1.029475e+00  2.366318e-02 
 1.029873e+00  2.249592e-02 
 1.030270e+00  2.085314e-02 
 1.030668e+00  1.898713e-02 
 1.031066e+00  1.714032e-02 
 1.031463e+00  1.558027e-02 
 1.031861e+00  1.450315e-02 
 1.032259e+00  1.405718e-02 
 1.032656e+00  1.428504e-02 
 1.033054e+00  1.532669e-02 
 1.033452e+00  1.698506e-02 
 1.033850e+00  1.884743e-02 
 1.034247e+00  2.054383e-02 
 1.034645e+00  2.167371e-02 
 1.035043e+00  2.205600e-02 
 1.035440e+00  2.180063e-02 
 1.035838e+00  2.093923e-02 
 1.036236e+00  1.955289e-02 
 1.036633e+00  1.769009e-02 
 1.037031e+00  1.539283e-02 
 1.037429e+00  1.266108e-02 
 1.037827e+00  9.487521e-03 
 1.038224e+00  5.787899e-03 
 1.038622e+00  1.595744e-03 
 1.039020e+00 -2.635288e-03 
 1.039417e+00 -6.513795e-03 
 1.039815e+00 -9.729767e-03 
 1.040213e+00 -1.214439e-02 
 1.040610e+00 -1.362228e-02 
 1.041008e+00 -1.407704e-02 
 1.041406e+00 -1.339504e-02 
 1.041803e+00 -1.145397e-02 
 1.042201e+00 -8.352950e-03 
 1.042599e+00 -4.502607e-03 
 1.042997e+00 -3.750157e-04 
 1.043394e+00  3.794053e-03 
 1.043792e+00  7.599428e-03 
 1.044190e+00  1.069734e-02 
 1.044587e+00  1.289855e-02 
 1.044985e+00  1.433121e-02 
 1.045383e+00  1.523405e-02 
 1.045780e+00  1.561076e-02 
 1.046178e+00  1.530902e-02 
 1.046576e+00  1.416484e-02 
 1.046974e+00  1.216748e-02 
 1.047371e+00  9.439145e-03 
 1.047769e+00  6.284333e-03 
 1.048167e+00  3.332265e-03 
 1.048564e+00  8.271862e-04 
 1.048962e+00 -9.088484e-04 
 1.049360e+00 -1.580926e-03 
 1.049757e+00 -1.220558e-03 
 1.050155e+00 -5.640093e-05 
 1.050553e+00  1.783072e-03 
 1.050950e+00  4.118677e-03 
 1.051348e+00  7.017882e-03 
 1.051746e+00  1.027958e-02 
 1.052144e+00  1.351282e-02 
 1.052541e+00  1.636418e-02 
 1.052939e+00  1.844700e-02 
 1.053337e+00  1.956988e-02 
 1.053734e+00  1.949882e-02 
 1.054132e+00  1.827721e-02 
 1.054530e+00  1.607843e-02 
 1.054927e+00  1.302929e-02 
 1.055325e+00  9.410188e-03 
 1.055723e+00  5.340012e-03 
 1.056121e+00  1.012154e-03 
 1.056518e+00 -3.376599e-03 
 1.056916e+00 -7.385891e-03 
 1.057314e+00 -1.063816e-02 
 1.057711e+00 -1.290692e-02 
 1.058109e+00 -1.398575e-02 
 1.058507e+00 -1.383629e-02 
 1.058904e+00 -1.244305e-02 
 1.059302e+00 -9.776409e-03 
 1.059700e+00 -5.793059e-03 
 1.060097e+00 -6.562399e-04 
 1.060495e+00  5.362714e-03 
 1.060893e+00  1.202684e-02 
 1.061291e+00  1.893273e-02 
 1.061688e+00  2.548553e-02 
 1.062086e+00  3.107899e-02 
 1.062484e+00  3.510949e-02 
 1.062881e+00  3.729322e-02 
 1.063279e+00  3.743949e-02 
 1.063677e+00  3.551583e-02 
 1.064074e+00  3.159441e-02 
 1.064472e+00  2.585665e-02 
 1.064870e+00  1.849290e-02 
 1.065268e+00  9.991169e-03 
 1.065665e+00  1.173308e-03 
 1.066063e+00 -7.361705e-03 
 1.066461e+00 -1.524737e-02 
 1.066858e+00 -2.191940e-02 
 1.067256e+00 -2.683392e-02 
 1.067654e+00 -3.000261e-02 
 1.068051e+00 -3.143758e-02 
 1.068449e+00 -3.122513e-02 
 1.068847e+00 -2.945180e-02 
 1.069244e+00 -2.617632e-02 
 1.069642e+00 -2.163952e-02 
 1.070040e+00 -1.608554e-02 
 1.070438e+00 -9.908182e-03 
 1.070835e+00 -3.518134e-03 
 1.071233e+00  2.466980e-03 
 1.071631e+00  7.867205e-03 
 1.072028e+00  1.199210e-02 
 1.072426e+00  1.461190e-02 
 1.072824e+00  1.561977e-02 
 1.073221e+00  1.500648e-02 
 1.073619e+00  1.304950e-02 
 1.074017e+00  9.911551e-03 
 1.074415e+00  6.041701e-03 
 1.074812e+00  1.921310e-03 
 1.075210e+00 -1.909190e-03 
 1.075608e+00 -5.053469e-03 
 1.076005e+00 -7.146266e-03 
 1.076403e+00 -8.032151e-03 
 1.076801e+00 -7.462766e-03 
 1.077198e+00 -5.305148e-03 
 1.077596e+00 -1.809170e-03 
 1.077994e+00  2.792496e-03 
 1.078391e+00  8.172051e-03 
 1.078789e+00  1.401123e-02 
 1.079187e+00  1.975868e-02 
 1.079585e+00  2.512195e-02 
 1.079982e+00  2.961257e-02 
 1.080380e+00  3.294812e-02 
 1.080778e+00  3.505303e-02 
 1.081175e+00  3.577066e-02 
 1.081573e+00  3.514588e-02 
 1.081971e+00  3.317358e-02 
 1.082368e+00  2.996440e-02 
 1.082766e+00  2.563060e-02 
 1.083164e+00  2.049710e-02 
 1.083562e+00  1.495208e-02 
 1.083959e+00  9.224374e-03 
 1.084357e+00  3.408868e-03 
 1.084755e+00 -2.012787e-03 
 1.085152e+00 -6.930612e-03 
 1.085550e+00 -1.110625e-02 
 1.085948e+00 -1.433011e-02 
 1.086345e+00 -1.653632e-02 
 1.086743e+00 -1.754080e-02 
 1.087141e+00 -1.737249e-02 
 1.087538e+00 -1.593310e-02 
 1.087936e+00 -1.338051e-02 
 1.088334e+00 -1.013828e-02 
 1.088732e+00 -6.504043e-03 
 1.089129e+00 -2.577056e-03 
 1.089527e+00  1.599857e-03 
 1.089925e+00  5.671502e-03 
 1.090322e+00  9.464199e-03 
 1.090720e+00  1.288540e-02 
 1.091118e+00  1.579550e-02 
 1.091515e+00  1.803326e-02 
 1.091913e+00  1.932992e-02 
 1.092311e+00  1.965002e-02 
 1.092709e+00  1.897810e-02 
 1.093106e+00  1.765396e-02 
 1.093504e+00  1.599901e-02 
 1.093902e+00  1.406179e-02 
 1.094299e+00  1.181412e-02 
 1.094697e+00  9.298001e-03 
 1.095095e+00  6.690029e-03 
 1.095492e+00  3.905299e-03 
 1.095890e+00  1.064908e-03 
 1.096288e+00 -1.688637e-03 
 1.096685e+00 -4.225340e-03 
 1.097083e+00 -6.234071e-03 
 1.097481e+00 -7.523199e-03 
 1.097879e+00 -8.282608e-03 
 1.098276e+00 -8.716142e-03 
 1.098674e+00 -8.848176e-03 
 1.099072e+00 -8.746562e-03 
 1.099469e+00 -8.407813e-03 
 1.099867e+00 -8.082569e-03 
 1.100265e+00 -7.939456e-03 
 1.100662e+00 -7.872245e-03 
 1.101060e+00 -7.749623e-03 
 1.101458e+00 -7.403883e-03 
 1.101856e+00 -6.682591e-03 
 1.102253e+00 -5.477956e-03 
 1.102651e+00 -3.754948e-03 
 1.103049e+00 -1.494939e-03 
 1.103446e+00  1.063882e-03 
 1.103844e+00  3.658385e-03 
 1.104242e+00  5.891366e-03 
 1.104639e+00  7.726939e-03 
 1.105037e+00  9.435168e-03 
 1.105435e+00  1.119193e-02 
 1.105832e+00  1.323212e-02 
 1.106230e+00  1.533674e-02 
 1.106628e+00  1.727705e-02 
 1.107026e+00  1.895563e-02 
 1.107423e+00  2.015340e-02 
 1.107821e+00  2.068141e-02 
 1.108219e+00  2.051914e-02 
 1.108616e+00  1.983588e-02 
 1.109014e+00  1.876440e-02 
 1.109412e+00  1.759797e-02 
 1.109809e+00  1.661142e-02 
 1.110207e+00  1.581294e-02 
 1.110605e+00  1.517254e-02 
 1.111003e+00  1.481742e-02 
 1.111400e+00  1.495230e-02 
 1.111798e+00  1.527581e-02 
 1.112196e+00  1.566872e-02 
 1.112593e+00  1.586267e-02 
 1.112991e+00  1.570971e-02 
 1.113389e+00  1.506499e-02 
 1.113786e+00  1.384556e-02 
 1.114184e+00  1.201691e-02 
 1.114582e+00  9.684479e-03 
 1.114979e+00  6.991364e-03 
 1.115377e+00  3.989316e-03 
 1.115775e+00  6.915050e-04 
 1.116173e+00 -2.927496e-03 
 1.116570e+00 -6.866702e-03 
 1.116968e+00 -1.081826e-02 
 1.117366e+00 -1.437807e-02 
 1.117763e+00 -1.742256e-02 
 1.118161e+00 -1.974546e-02 
 1.118559e+00 -2.102347e-02 
 1.118956e+00 -2.123362e-02 
 1.119354e+00 -2.035041e-02 
 1.119752e+00 -1.833725e-02 
 1.120150e+00 -1.543516e-02 
 1.120547e+00 -1.169884e-02 
 1.120945e+00 -6.949373e-03 
 1.121343e+00 -1.415102e-03 
 1.121740e+00  4.673783e-03 
 1.122138e+00  1.095516e-02 
 1.122536e+00  1.700673e-02 
 1.122933e+00  2.227933e-02 
 1.123331e+00  2.640847e-02 
 1.123729e+00  2.906254e-02 
 1.124126e+00  2.998916e-02 
 1.124524e+00  2.941320e-02 
 1.124922e+00  2.784273e-02 
 1.125320e+00  2.549448e-02 
 1.125717e+00  2.276631e-02 
 1.126115e+00  1.991135e-02 
 1.126513e+00  1.694352e-02 
 1.126910e+00  1.389848e-02 
 1.127308e+00  1.107924e-02 
 1.127706e+00  8.516538e-03 
 1.128103e+00  6.242550e-03 
 1.128501e+00  4.657875e-03 
 1.128899e+00  3.819715e-03 
 1.129297e+00  3.996852e-03 
 1.129694e+00  5.052301e-03 
 1.130092e+00  6.844185e-03 
 1.130490e+00  8.915956e-03 
 1.130887e+00  1.122031e-02 
 1.131285e+00  1.340429e-02 
 1.131683e+00  1.496180e-02 
 1.132080e+00  1.595984e-02 
 1.132478e+00  1.619282e-02 
 1.132876e+00  1.571715e-02 
 1.133273e+00  1.471878e-02 
 1.133671e+00  1.343313e-02 
 1.134069e+00  1.201974e-02 
 1.134467e+00  1.067819e-02 
 1.134864e+00  9.844039e-03 
 1.135262e+00  9.411713e-03 
 1.135660e+00  9.246793e-03 
 1.136057e+00  9.442308e-03 
 1.136455e+00  9.936611e-03 
 1.136853e+00  1.088544e-02 
 1.137250e+00  1.267526e-02 
 1.137648e+00  1.515594e-02 
 1.138046e+00  1.809234e-02 
 1.138444e+00  2.128046e-02 
 1.138841e+00  2.443739e-02 
 1.139239e+00  2.714846e-02 
 1.139637e+00  2.912784e-02 
 1.140034e+00  2.999249e-02 
 1.140432e+00  2.974188e-02 
 1.140830e+00  2.856763e-02 
 1.141227e+00  2.679772e-02 
 1.141625e+00  2.428421e-02 
 1.142023e+00  2.119041e-02 
 1.142420e+00  1.759570e-02 
 1.142818e+00  1.365060e-02 
 1.143216e+00  9.811021e-03 
 1.143614e+00  6.263179e-03 
 1.144011e+00  3.089952e-03 
 1.144409e+00  4.085060e-04 
 1.144807e+00 -1.340628e-03 
 1.145204e+00 -2.156713e-03 
 1.145602e+00 -2.062817e-03 
 1.146000e+00 -1.213924e-03 
 1.146397e+00  1.529086e-04 
 1.146795e+00  1.769431e-03 
 1.147193e+00  3.484506e-03 
 1.147591e+00  5.104558e-03 
 1.147988e+00  6.294282e-03 
 1.148386e+00  7.021495e-03 
 1.148784e+00  7.354031e-03 
 1.149181e+00  7.080075e-03 
 1.149579e+00  6.413534e-03 
 1.149977e+00  5.362507e-03 
 1.150374e+00  3.814879e-03 
 1.150772e+00  2.000179e-03 
 1.151170e+00  1.439857e-04 
 1.151567e+00 -1.811142e-03 
 1.151965e+00 -3.516576e-03 
 1.152363e+00 -4.775832e-03 
 1.152761e+00 -5.125622e-03 
 1.153158e+00 -4.249392e-03 
 1.153556e+00 -1.944746e-03 
 1.153954e+00  1.595266e-03 
 1.154351e+00  6.056232e-03 
 1.154749e+00  1.115003e-02 
 1.155147e+00  1.633249e-02 
 1.155544e+00  2.119574e-02 
 1.155942e+00  2.541271e-02 
 1.156340e+00  2.879758e-02 
 1.156738e+00  3.125131e-02 
 1.157135e+00  3.286155e-02 
 1.157533e+00  3.348062e-02 
 1.157931e+00  3.276684e-02 
 1.158328e+00  3.077256e-02 
 1.158726e+00  2.734016e-02 
 1.159124e+00  2.254635e-02 
 1.159521e+00  1.658941e-02 
 1.159919e+00  9.744884e-03 
 1.160317e+00  2.425622e-03 
 1.160714e+00 -4.856106e-03 
 1.161112e+00 -1.130070e-02 
 1.161510e+00 -1.683211e-02 
 1.161908e+00 -2.115798e-02 
 1.162305e+00 -2.409491e-02 
 1.162703e+00 -2.560619e-02 
 1.163101e+00 -2.550175e-02 
 1.163498e+00 -2.384850e-02 
 1.163896e+00 -2.071928e-02 
 1.164294e+00 -1.643337e-02 
 1.164691e+00 -1.127173e-02 
 1.165089e+00 -5.414362e-03 
 1.165487e+00  8.435381e-04 
 1.165885e+00  7.231538e-03 
 1.166282e+00  1.334661e-02 
 1.166680e+00  1.873381e-02 
 1.167078e+00  2.321142e-02 
 1.167475e+00  2.633693e-02 
 1.167873e+00  2.778035e-02 
 1.168271e+00  2.755277e-02 
 1.168668e+00  2.579740e-02 
 1.169066e+00  2.252399e-02 
 1.169464e+00  1.811769e-02 
 1.169861e+00  1.284611e-02 
 1.170259e+00  7.123690e-03 
 1.170657e+00  1.457553e-03 
 1.171055e+00 -3.612592e-03 
 1.171452e+00 -7.709386e-03 
 1.171850e+00 -1.044237e-02 
 1.172248e+00 -1.164537e-02 
 1.172645e+00 -1.127206e-02 
 1.173043e+00 -9.521403e-03 
 1.173441e+00 -6.537358e-03 
 1.173838e+00 -2.776252e-03 
 1.174236e+00  1.251760e-03 
 1.174634e+00  5.321076e-03 
 1.175032e+00  8.824799e-03 
 1.175429e+00  1.153775e-02 
 1.175827e+00  1.319437e-02 
 1.176225e+00  1.367709e-02 
 1.176622e+00  1.306294e-02 
 1.177020e+00  1.139204e-02 
 1.177418e+00  8.778856e-03 
 1.177815e+00  5.138489e-03 
 1.178213e+00  5.448254e-04 
 1.178611e+00 -4.804766e-03 
 1.179008e+00 -1.044398e-02 
 1.179406e+00 -1.591929e-02 
 1.179804e+00 -2.064984e-02 
 1.180202e+00 -2.424597e-02 
 1.180599e+00 -2.630549e-02 
 1.180997e+00 -2.666960e-02 
 1.181395e+00 -2.553775e-02 
 1.181792e+00 -2.290523e-02 
 1.182190e+00 -1.919878e-02 
 1.182588e+00 -1.449765e-02 
 1.182985e+00 -8.914008e-03 
 1.183383e+00 -2.701128e-03 
 1.183781e+00  3.673865e-03 
 1.184179e+00  9.804274e-03 
 1.184576e+00  1.551797e-02 
 1.184974e+00  2.039673e-02 
 1.185372e+00  2.431726e-02 
 1.185769e+00  2.695771e-02 
 1.186167e+00  2.834497e-02 
 1.186565e+00  2.839981e-02 
 1.186962e+00  2.716481e-02 
 1.187360e+00  2.476995e-02 
 1.187758e+00  2.119537e-02 
 1.188155e+00  1.684870e-02 
 1.188553e+00  1.200545e-02 
 1.188951e+00  7.101110e-03 
 1.189349e+00  2.558396e-03 
 1.189746e+00 -1.593777e-03 
 1.190144e+00 -5.262530e-03 
 1.190542e+00 -8.397320e-03 
 1.190939e+00 -1.087662e-02 
 1.191337e+00 -1.271585e-02 
 1.191735e+00 -1.363457e-02 
 1.192132e+00 -1.366934e-02 
 1.192530e+00 -1.283526e-02 
 1.192928e+00 -1.125441e-02 
 1.193326e+00 -9.420747e-03 
 1.193723e+00 -7.811418e-03 
 1.194121e+00 -6.631816e-03 
 1.194519e+00 -5.854935e-03 
 1.194916e+00 -5.344639e-03 
 1.195314e+00 -4.808728e-03 
 1.195712e+00 -4.140806e-03 
 1.196109e+00 -3.546498e-03 
 1.196507e+00 -2.898671e-03 
 1.196905e+00 -2.401183e-03 
 1.197302e+00 -2.007341e-03 
 1.197700e+00 -1.837571e-03 
 1.198098e+00 -1.705905e-03 
 1.198496e+00 -1.477894e-03 
 1.198893e+00 -8.378311e-04 
 1.199291e+00  3.652098e-04 
 1.199689e+00  2.061059e-03 
 1.200086e+00  3.949128e-03 
 1.200484e+00  6.021949e-03 
 1.200882e+00  8.087160e-03 
 1.201279e+00  9.995556e-03 
 1.201677e+00  1.149418e-02 
 1.202075e+00  1.239211e-02 
 1.202473e+00  1.276289e-02 
 1.202870e+00  1.260448e-02 
 1.203268e+00  1.196381e-02 
 1.203666e+00  1.090066e-02 
 1.204063e+00  9.567450e-03 
 1.204461e+00  8.141633e-03 
 1.204859e+00  6.817714e-03 
 1.205256e+00  5.805525e-03 
 1.205654e+00  5.098043e-03 
 1.206052e+00  4.364926e-03 
 1.206449e+00  3.618022e-03 
 1.206847e+00  2.868402e-03 
 1.207245e+00  2.167023e-03 
 1.207643e+00  1.568341e-03 
 1.208040e+00  1.216206e-03 
 1.208438e+00  1.040154e-03 
 1.208836e+00  1.018186e-03 
 1.209233e+00  9.915280e-04 
 1.209631e+00  7.301996e-04 
 1.210029e+00  1.269960e-04 
 1.210426e+00 -6.830565e-04 
 1.210824e+00 -1.505641e-03 
 1.211222e+00 -2.124432e-03 
 1.211619e+00 -2.261424e-03 
 1.212017e+00 -2.004229e-03 
 1.212415e+00 -1.407355e-03 
 1.212813e+00 -6.633444e-04 
 1.213210e+00  2.492908e-04 
 1.213608e+00  1.362673e-03 
 1.214006e+00  2.852651e-03 
 1.214403e+00  4.977464e-03 
 1.214801e+00  7.719223e-03 
 1.215199e+00  1.111874e-02 
 1.215596e+00  1.493909e-02 
 1.215994e+00  1.884378e-02 
 1.216392e+00  2.270359e-02 
 1.216790e+00  2.630069e-02 
 1.217187e+00  2.946125e-02 
 1.217585e+00  3.208902e-02 
 1.217983e+00  3.398631e-02 
 1.218380e+00  3.493683e-02 
 1.218778e+00  3.496718e-02 
 1.219176e+00  3.402819e-02 
 1.219573e+00  3.223095e-02 
 1.219971e+00  2.957763e-02 
 1.220369e+00  2.620396e-02 
 1.220766e+00  2.227894e-02 
 1.221164e+00  1.793570e-02 
 1.221562e+00  1.343537e-02 
 1.221960e+00  9.035601e-03 
 1.222357e+00  5.090726e-03 
 1.222755e+00  2.065469e-03 
 1.223153e+00  3.595412e-04 
 1.223550e+00 -1.246224e-04 
 1.223948e+00  3.763802e-04 
 1.224346e+00  1.781786e-03 
 1.224743e+00  3.523991e-03 
 1.225141e+00  5.265826e-03 
 1.225539e+00  6.741549e-03 
 1.225937e+00  7.858978e-03 
 1.226334e+00  8.858309e-03 
 1.226732e+00  9.903037e-03 
 1.227130e+00  1.125959e-02 
 1.227527e+00  1.272937e-02 
 1.227925e+00  1.411577e-02 
 1.228323e+00  1.509801e-02 
 1.228720e+00  1.553397e-02 
 1.229118e+00  1.544660e-02 
 1.229516e+00  1.483753e-02 
 1.229913e+00  1.383893e-02 
 1.230311e+00  1.279050e-02 
 1.230709e+00  1.209551e-02 
 1.231107e+00  1.187014e-02 
 1.231504e+00  1.231403e-02 
 1.231902e+00  1.328245e-02 
 1.232300e+00  1.468865e-02 
 1.232697e+00  1.631254e-02 
 1.233095e+00  1.799118e-02 
 1.233493e+00  1.948704e-02 
 1.233890e+00  2.063133e-02 
 1.234288e+00  2.140255e-02 
 1.234686e+00  2.175831e-02 
 1.235084e+00  2.175630e-02 
 1.235481e+00  2.136895e-02 
 1.235879e+00  2.050276e-02 
 1.236277e+00  1.918262e-02 
 1.236674e+00  1.734548e-02 
 1.237072e+00  1.500553e-02 
 1.237470e+00  1.208188e-02 
 1.237867e+00  8.608585e-03 
 1.238265e+00  4.896041e-03 
 1.238663e+00  1.233270e-03 
 1.239060e+00 -2.008811e-03 
 1.239458e+00 -4.477766e-03 
 1.239856e+00 -6.067649e-03 
 1.240254e+00 -6.674963e-03 
 1.240651e+00 -6.317370e-03 
 1.241049e+00 -4.912826e-03 
 1.241447e+00 -2.614257e-03 
 1.241844e+00  4.725282e-04 
 1.242242e+00  4.246359e-03 
 1.242640e+00  8.568983e-03 
 1.243037e+00  1.322830e-02 
 1.243435e+00  1.780691e-02 
 1.243833e+00  2.180766e-02 
 1.244231e+00  2.488797e-02 
 1.244628e+00  2.675066e-02 
 1.245026e+00  2.735289e-02 
 1.245424e+00  2.675520e-02 
 1.245821e+00  2.503747e-02 
 1.246219e+00  2.251762e-02 
 1.246617e+00  1.975674e-02 
 1.247014e+00  1.692490e-02 
 1.247412e+00  1.417132e-02 
 1.247810e+00  1.174164e-02 
 1.248207e+00  9.756176e-03 
 1.248605e+00  8.327747e-03 
 1.249003e+00  7.544344e-03 
 1.249401e+00  7.582874e-03 
 1.249798e+00  8.469807e-03 
 1.250196e+00  1.020589e-02 
 1.250594e+00  1.282676e-02 
 1.250991e+00  1.616632e-02 
 1.251389e+00  1.983627e-02 
 1.251787e+00  2.310752e-02 
 1.252184e+00  2.543711e-02 
 1.252582e+00  2.630708e-02 
 1.252980e+00  2.533750e-02 
 1.253378e+00  2.235241e-02 
 1.253775e+00  1.757824e-02 
 1.254173e+00  1.144935e-02 
 1.254571e+00  4.543361e-03 
 1.254968e+00 -2.633780e-03 
 1.255366e+00 -9.727333e-03 
 1.255764e+00 -1.643516e-02 
 1.256161e+00 -2.246525e-02 
 1.256559e+00 -2.763977e-02 
 1.256957e+00 -3.172062e-02 
 1.257354e+00 -3.435187e-02 
 1.257752e+00 -3.546088e-02 
 1.258150e+00 -3.488438e-02 
 1.258548e+00 -3.254357e-02 
 1.258945e+00 -2.856532e-02 
 1.259343e+00 -2.313451e-02 
 1.259741e+00 -1.655039e-02 
 1.260138e+00 -9.233807e-03 
 1.260536e+00 -1.674727e-03 
 1.260934e+00  5.663293e-03 
 1.261331e+00  1.238845e-02 
 1.261729e+00  1.817947e-02 
 1.262127e+00  2.274738e-02 
 1.262525e+00  2.587159e-02 
 1.262922e+00  2.762028e-02 
 1.263320e+00  2.791299e-02 
 1.263718e+00  2.656467e-02 
 1.264115e+00  2.377370e-02 
 1.264513e+00  1.954746e-02 
 1.264911e+00  1.431524e-02 
 1.265308e+00  8.553327e-03 
 1.265706e+00  2.704950e-03 
 1.266104e+00 -2.628170e-03 
 1.266501e+00 -7.190757e-03 
 1.266899e+00 -1.060104e-02 
 1.267297e+00 -1.278396e-02 
 1.267695e+00 -1.373700e-02 
 1.268092e+00 -1.349959e-02 
 1.268490e+00 -1.208557e-02 
 1.268888e+00 -9.398391e-03 
 1.269285e+00 -5.745474e-03 
 1.269683e+00 -1.321806e-03 
 1.270081e+00  3.683248e-03 
 1.270478e+00  8.953416e-03 
 1.270876e+00  1.401933e-02 
 1.271274e+00  1.854605e-02 
 1.271672e+00  2.204451e-02 
 1.272069e+00  2.425418e-02 
 1.272467e+00  2.489214e-02 
 1.272865e+00  2.391584e-02 
 1.273262e+00  2.134682e-02 
 1.273660e+00  1.741450e-02 
 1.274058e+00  1.257411e-02 
 1.274455e+00  7.385386e-03 
 1.274853e+00  2.421647e-03 
 1.275251e+00 -1.974821e-03 
 1.275648e+00 -5.683306e-03 
 1.276046e+00 -8.549865e-03 
 1.276444e+00 -1.060249e-02 
 1.276842e+00 -1.176361e-02 
 1.277239e+00 -1.184211e-02 
 1.277637e+00 -1.051446e-02 
 1.278035e+00 -7.536158e-03 
 1.278432e+00 -3.027803e-03 
 1.278830e+00  2.647065e-03 
 1.279228e+00  8.903951e-03 
 1.279625e+00  1.510997e-02 
 1.280023e+00  2.056296e-02 
 1.280421e+00  2.475659e-02 
 1.280819e+00  2.732048e-02 
 1.281216e+00  2.802430e-02 
 1.281614e+00  2.688962e-02 
 1.282012e+00  2.404616e-02 
 1.282409e+00  1.974978e-02 
 1.282807e+00  1.417465e-02 
 1.283205e+00  7.822703e-03 
 1.283602e+00  8.975674e-04 
 1.284000e+00 -5.932531e-03 
 1.284398e+00 -1.230332e-02 
 1.284795e+00 -1.787273e-02 
 1.285193e+00 -2.227582e-02 
 1.285591e+00 -2.555459e-02 
 1.285989e+00 -2.769177e-02 
 1.286386e+00 -2.853925e-02 
 1.286784e+00 -2.807794e-02 
 1.287182e+00 -2.631561e-02 
 1.287579e+00 -2.328423e-02 
 1.287977e+00 -1.947568e-02 
 1.288375e+00 -1.514145e-02 
 1.288772e+00 -1.061003e-02 
 1.289170e+00 -6.148554e-03 
 1.289568e+00 -1.923840e-03 
 1.289966e+00  2.033899e-03 
 1.290363e+00  5.798799e-03 
 1.290761e+00  9.431705e-03 
 1.291159e+00  1.281623e-02 
 1.291556e+00  1.555354e-02 
 1.291954e+00  1.766643e-02 
 1.292352e+00  1.922580e-02 
 1.292749e+00  2.026027e-02 
 1.293147e+00  2.101980e-02 
 1.293545e+00  2.158236e-02 
 1.293942e+00  2.200353e-02 
 1.294340e+00  2.211041e-02 
 1.294738e+00  2.182826e-02 
 1.295136e+00  2.109808e-02 
 1.295533e+00  1.977217e-02 
 1.295931e+00  1.809952e-02 
 1.296329e+00  1.615739e-02 
 1.296726e+00  1.423040e-02 
 1.297124e+00  1.219482e-02 
 1.297522e+00  1.015930e-02 
 1.297919e+00  8.216401e-03 
 1.298317e+00  6.417084e-03 
 1.298715e+00  4.946289e-03 
 1.299113e+00  3.844455e-03 
 1.299510e+00  3.185455e-03 
 1.299908e+00  2.980550e-03 
 1.300306e+00  3.107814e-03 
 1.300703e+00  3.432529e-03 
 1.301101e+00  3.774157e-03 
 1.301499e+00  4.034516e-03 
 1.301896e+00  4.365049e-03 
 1.302294e+00  4.792333e-03 
 1.302692e+00  5.341811e-03 
 1.303089e+00  5.915144e-03 
 1.303487e+00  6.238749e-03 
 1.303885e+00  6.146470e-03 
 1.304283e+00  5.362843e-03 
 1.304680e+00  3.968729e-03 
 1.305078e+00  2.110908e-03 
 1.305476e+00  8.559073e-05 
 1.305873e+00 -1.798693e-03 
 1.306271e+00 -3.343845e-03 
 1.306669e+00 -4.412124e-03 
 1.307066e+00 -4.971008e-03 
 1.307464e+00 -5.149166e-03 
 1.307862e+00 -5.078385e-03 
 1.308260e+00 -4.683388e-03 
 1.308657e+00 -3.742919e-03 
 1.309055e+00 -2.176686e-03 
 1.309453e+00 -2.546628e-05 
 1.309850e+00  2.514478e-03 
 1.310248e+00  5.230377e-03 
 1.310646e+00  7.923658e-03 
 1.311043e+00  1.074694e-02 
 1.311441e+00  1.353980e-02 
 1.311839e+00  1.610522e-02 
 1.312236e+00  1.829428e-02 
 1.312634e+00  1.984660e-02 
 1.313032e+00  2.047132e-02 
 1.313430e+00  1.993421e-02 
 1.313827e+00  1.811483e-02 
 1.314225e+00  1.510350e-02 
 1.314623e+00  1.106048e-02 
 1.315020e+00  6.126936e-03 
 1.315418e+00  7.447461e-04 
 1.315816e+00 -4.809912e-03 
 1.316213e+00 -1.011899e-02 
 1.316611e+00 -1.478981e-02 
 1.317009e+00 -1.839444e-02 
 1.317407e+00 -2.059536e-02 
 1.317804e+00 -2.109269e-02 
 1.318202e+00 -1.978306e-02 
 1.318600e+00 -1.671492e-02 
 1.318997e+00 -1.219888e-02 
 1.319395e+00 -6.481050e-03 
 1.319793e+00  1.486292e-04 
 1.320190e+00  7.259095e-03 
 1.320588e+00  1.441769e-02 
 1.320986e+00  2.109352e-02 
 1.321383e+00  2.681782e-02 
 1.321781e+00  3.122423e-02 
 1.322179e+00  3.421703e-02 
 1.322577e+00  3.566202e-02 
 1.322974e+00  3.562333e-02 
 1.323372e+00  3.430143e-02 
 1.323770e+00  3.206429e-02 
 1.324167e+00  2.907788e-02 
 1.324565e+00  2.564564e-02 
 1.324963e+00  2.211322e-02 
 1.325360e+00  1.845878e-02 
 1.325758e+00  1.508072e-02 
 1.326156e+00  1.226780e-02 
 1.326554e+00  1.013334e-02 
 1.326951e+00  8.818870e-03 
 1.327349e+00  8.310208e-03 
 1.327747e+00  8.446258e-03 
 1.328144e+00  9.030637e-03 
 1.328542e+00  9.937078e-03 
 1.328940e+00  1.109881e-02 
 1.329337e+00  1.237075e-02 
 1.329735e+00  1.369399e-02 
 1.330133e+00  1.482196e-02 
 1.330530e+00  1.562178e-02 
 1.330928e+00  1.592958e-02 
 1.331326e+00  1.556620e-02 
 1.331724e+00  1.437779e-02 
 1.332121e+00  1.239406e-02 
 1.332519e+00  9.656995e-03 
 1.332917e+00  6.270060e-03 
 1.333314e+00  2.617550e-03 
 1.333712e+00 -1.270864e-03 
 1.334110e+00 -5.171535e-03 
 1.334507e+00 -8.572790e-03 
 1.334905e+00 -1.131342e-02 
 1.335303e+00 -1.322564e-02 
 1.335701e+00 -1.426147e-02 
 1.336098e+00 -1.438207e-02 
 1.336496e+00 -1.359003e-02 
 1.336894e+00 -1.197528e-02 
 1.337291e+00 -9.538952e-03 
 1.337689e+00 -6.332746e-03 
 1.338087e+00 -2.379280e-03 
 1.338484e+00  2.370654e-03 
 1.338882e+00  7.752974e-03 
 1.339280e+00  1.338951e-02 
 1.339677e+00  1.893848e-02 
 1.340075e+00  2.398448e-02 
 1.340473e+00  2.802813e-02 
 1.340871e+00  3.060520e-02 
 1.341268e+00  3.138433e-02 
 1.341666e+00  3.025627e-02 
 1.342064e+00  2.731254e-02 
 1.342461e+00  2.285232e-02 
 1.342859e+00  1.724811e-02 
 1.343257e+00  1.102016e-02 
 1.343654e+00  4.726286e-03 
 1.344052e+00 -9.903103e-04 
 1.344450e+00 -5.671963e-03 
 1.344848e+00 -8.914228e-03 
 1.345245e+00 -1.064636e-02 
 1.345643e+00 -1.080535e-02 
 1.346041e+00 -9.373973e-03 
 1.346438e+00 -6.616755e-03 
 1.346836e+00 -2.727007e-03 
 1.347234e+00  2.023060e-03 
 1.347631e+00  7.327613e-03 
 1.348029e+00  1.285274e-02 
 1.348427e+00  1.816202e-02 
 1.348824e+00  2.262353e-02 
 1.349222e+00  2.567202e-02 
 1.349620e+00  2.699796e-02 
 1.350018e+00  2.641368e-02 
 1.350415e+00  2.415361e-02 
 1.350813e+00  2.058474e-02 
 1.351211e+00  1.619638e-02 
 1.351608e+00  1.134822e-02 
 1.352006e+00  6.558199e-03 
 1.352404e+00  2.247279e-03 
 1.352801e+00 -1.149613e-03 
 1.353199e+00 -3.369123e-03 
 1.353597e+00 -4.200930e-03 
 1.353995e+00 -3.452262e-03 
 1.354392e+00 -1.195183e-03 
 1.354790e+00  2.565170e-03 
 1.355188e+00  7.409668e-03 
 1.355585e+00  1.271434e-02 
 1.355983e+00  1.796013e-02 
 1.356381e+00  2.284603e-02 
 1.356778e+00  2.702107e-02 
 1.357176e+00  3.028775e-02 
 1.357574e+00  3.235535e-02 
 1.357971e+00  3.318218e-02 
 1.358369e+00  3.277815e-02 
 1.358767e+00  3.115432e-02 
 1.359165e+00  2.830770e-02 
 1.359562e+00  2.427183e-02 
 1.359960e+00  1.917046e-02 
 1.360358e+00  1.330601e-02 
 1.360755e+00  6.968871e-03 
 1.361153e+00  5.152682e-04 
 1.361551e+00 -6.032332e-03 
 1.361948e+00 -1.208538e-02 
 1.362346e+00 -1.713469e-02 
 1.362744e+00 -2.078065e-02 
 1.363142e+00 -2.269190e-02 
 1.363539e+00 -2.271283e-02 
 1.363937e+00 -2.093218e-02 
 1.364335e+00 -1.764201e-02 
 1.364732e+00 -1.322679e-02 
 1.365130e+00 -8.217079e-03 
 1.365528e+00 -3.064195e-03 
 1.365925e+00  1.985407e-03 
 1.366323e+00  6.821226e-03 
 1.366721e+00  1.117803e-02 
 1.367118e+00  1.507434e-02 
 1.367516e+00  1.839755e-02 
 1.367914e+00  2.096690e-02 
 1.368312e+00  2.263015e-02 
 1.368709e+00  2.322911e-02 
 1.369107e+00  2.264475e-02 
 1.369505e+00  2.105498e-02 
 1.369902e+00  1.870174e-02 
 1.370300e+00  1.578030e-02 
 1.370698e+00  1.257670e-02 
 1.371095e+00  9.391171e-03 
 1.371493e+00  6.561946e-03 
 1.371891e+00  4.372145e-03 
 1.372289e+00  3.029218e-03 
 1.372686e+00  2.688174e-03 
 1.373084e+00  3.321637e-03 
 1.373482e+00  4.859276e-03 
 1.373879e+00  7.065857e-03 
 1.374277e+00  9.570119e-03 
 1.374675e+00  1.222377e-02 
 1.375072e+00  1.469606e-02 
 1.375470e+00  1.667468e-02 
 1.375868e+00  1.812327e-02 
 1.376265e+00  1.886693e-02 
 1.376663e+00  1.873972e-02 
 1.377061e+00  1.770684e-02 
 1.377459e+00  1.571219e-02 
 1.377856e+00  1.272727e-02 
 1.378254e+00  9.044722e-03 
 1.378652e+00  5.174016e-03 
 1.379049e+00  1.489731e-03 
 1.379447e+00 -1.850579e-03 
 1.379845e+00 -4.558614e-03 
 1.380242e+00 -6.703492e-03 
 1.380640e+00 -8.266507e-03 
 1.381038e+00 -9.265979e-03 
 1.381436e+00 -9.822992e-03 
 1.381833e+00 -9.723568e-03 
 1.382231e+00 -8.922333e-03 
 1.382629e+00 -7.397549e-03 
 1.383026e+00 -5.251939e-03 
 1.383424e+00 -2.920920e-03 
 1.383822e+00 -5.205674e-04 
 1.384219e+00  1.780498e-03 
 1.384617e+00  3.797302e-03 
 1.385015e+00  5.419601e-03 
 1.385412e+00  6.747796e-03 
 1.385810e+00  7.911778e-03 
 1.386208e+00  9.049108e-03 
 1.386606e+00  9.982695e-03 
 1.387003e+00  1.072528e-02 
 1.387401e+00  1.119397e-02 
 1.387799e+00  1.137650e-02 
 1.388196e+00  1.122571e-02 
 1.388594e+00  1.066499e-02 
 1.388992e+00  9.531130e-03 
 1.389389e+00  7.823831e-03 
 1.389787e+00  5.655670e-03 
 1.390185e+00  3.136972e-03 
 1.390583e+00  2.015144e-04 
 1.390980e+00 -2.940429e-03 
 1.391378e+00 -6.021998e-03 
 1.391776e+00 -8.953361e-03 
 1.392173e+00 -1.164674e-02 
 1.392571e+00 -1.417844e-02 
 1.392969e+00 -1.666330e-02 
 1.393366e+00 -1.892750e-02 
 1.393764e+00 -2.068278e-02 
 1.394162e+00 -2.183031e-02 
 1.394559e+00 -2.227007e-02 
 1.394957e+00 -2.191540e-02 
 1.395355e+00 -2.061031e-02 
 1.395753e+00 -1.840113e-02 
 1.396150e+00 -1.532335e-02 
 1.396548e+00 -1.153308e-02 
 1.396946e+00 -7.297771e-03 
 1.397343e+00 -2.863433e-03 
 1.397741e+00  1.517906e-03 
 1.398139e+00  5.669513e-03 
 1.398536e+00  9.400803e-03 
 1.398934e+00  1.252536e-02 
 1.399332e+00  1.494010e-02 
 1.399730e+00  1.659010e-02 
 1.400127e+00  1.757248e-02 
 1.400525e+00  1.783157e-02 
 1.400923e+00  1.772178e-02 
 1.401320e+00  1.702034e-02 
 1.401718e+00  1.584004e-02 
 1.402116e+00  1.434261e-02 
 1.402513e+00  1.259976e-02 
 1.402911e+00  1.080210e-02 
 1.403309e+00  8.908900e-03 
 1.403706e+00  7.330413e-03 
 1.404104e+00  6.045821e-03 
 1.404502e+00  5.157725e-03 
 1.404900e+00  4.763113e-03 
 1.405297e+00  4.797476e-03 
 1.405695e+00  5.196683e-03 
 1.406093e+00  6.155417e-03 
 1.406490e+00  7.692979e-03 
 1.406888e+00  9.699211e-03 
 1.407286e+00  1.194590e-02 
 1.407683e+00  1.416762e-02 
 1.408081e+00  1.604064e-02 
 1.408479e+00  1.721257e-02 
 1.408877e+00  1.740049e-02 
 1.409274e+00  1.642271e-02 
 1.409672e+00  1.409276e-02 
 1.410070e+00  1.049139e-02 
 1.410467e+00  5.602241e-03 
 1.410865e+00 -2.831842e-04 
 1.411263e+00 -6.796642e-03 
 1.411660e+00 -1.350237e-02 
 1.412058e+00 -1.979532e-02 
 1.412456e+00 -2.517845e-02 
 1.412853e+00 -2.918553e-02 
 1.413251e+00 -3.125678e-02 
 1.413649e+00 -3.106410e-02 
 1.414047e+00 -2.860636e-02 
 1.414444e+00 -2.383017e-02 
 1.414842e+00 -1.697976e-02 
 1.415240e+00 -8.386506e-03 
 1.415637e+00  1.433471e-03 
 1.416035e+00  1.183078e-02 
 1.416433e+00  2.192313e-02 
 1.416830e+00  3.076581e-02 
 1.417228e+00  3.792219e-02 
 1.417626e+00  4.285121e-02 
 1.418024e+00  4.536466e-02 
 1.418421e+00  4.542836e-02 
 1.418819e+00  4.321414e-02 
 1.419217e+00  3.890712e-02 
 1.419614e+00  3.291401e-02 
 1.420012e+00  2.575472e-02 
 1.420410e+00  1.795018e-02 
 1.420807e+00  9.954397e-03 
 1.421205e+00  2.499723e-03 
 1.421603e+00 -4.058244e-03 
 1.422000e+00 -9.335504e-03 
 1.422398e+00 -1.298394e-02 
 1.422796e+00 -1.496395e-02 
 1.423194e+00 -1.517139e-02 
 1.423591e+00 -1.376460e-02 
 1.423989e+00 -1.076369e-02 
 1.424387e+00 -6.235291e-03 
 1.424784e+00 -5.694628e-04 
 1.425182e+00  5.641439e-03 
 1.425580e+00  1.174398e-02 
 1.425977e+00  1.726702e-02 
 1.426375e+00  2.166211e-02 
 1.426773e+00  2.458304e-02 
 1.427171e+00  2.608898e-02 
 1.427568e+00  2.644556e-02 
 1.427966e+00  2.580167e-02 
 1.428364e+00  2.431555e-02 
 1.428761e+00  2.205327e-02 
 1.429159e+00  1.889618e-02 
 1.429557e+00  1.515409e-02 
 1.429954e+00  1.127068e-02 
 1.430352e+00  7.411131e-03 
 1.430750e+00  3.944493e-03 
 1.431147e+00  1.204288e-03 
 1.431545e+00 -6.167244e-04 
 1.431943e+00 -1.372476e-03 
 1.432341e+00 -9.258910e-04 
 1.432738e+00  6.869827e-04 
 1.433136e+00  3.442908e-03 
 1.433534e+00  7.415605e-03 
 1.433931e+00  1.241748e-02 
 1.434329e+00  1.793857e-02 
 1.434727e+00  2.347037e-02 
 1.435124e+00  2.833834e-02 
 1.435522e+00  3.216183e-02 
 1.435920e+00  3.469686e-02 
 1.436318e+00  3.578518e-02 
 1.436715e+00  3.527200e-02 
 1.437113e+00  3.327868e-02 
 1.437511e+00  2.972559e-02 
 1.437908e+00  2.471951e-02 
 1.438306e+00  1.850520e-02 
 1.438704e+00  1.138976e-02 
 1.439101e+00  3.893875e-03 
 1.439499e+00 -3.316301e-03 
 1.439897e+00 -9.539963e-03 
 1.440294e+00 -1.442235e-02 
 1.440692e+00 -1.751359e-02 
 1.441090e+00 -1.871962e-02 
 1.441488e+00 -1.811459e-02 
 1.441885e+00 -1.579980e-02 
 1.442283e+00 -1.185937e-02 
 1.442681e+00 -6.520058e-03 
 1.443078e+00 -2.719819e-04 
 1.443476e+00  6.559705e-03 
 1.443874e+00  1.329267e-02 
 1.444271e+00  1.938213e-02 
 1.444669e+00  2.442534e-02 
 1.445067e+00  2.825195e-02 
 1.445465e+00  3.071372e-02 
 1.445862e+00  3.185337e-02 
 1.446260e+00  3.187783e-02 
 1.446658e+00  3.088195e-02 
 1.447055e+00  2.900518e-02 
 1.447453e+00  2.645413e-02 
 1.447851e+00  2.357970e-02 
 1.448248e+00  2.072305e-02 
 1.448646e+00  1.815479e-02 
 1.449044e+00  1.594041e-02 
 1.449441e+00  1.417762e-02 
 1.449839e+00  1.280978e-02 
 1.450237e+00  1.169238e-02 
 1.450635e+00  1.075864e-02 
 1.451032e+00  1.001351e-02 
 1.451430e+00  9.723607e-03 
 1.451828e+00  1.007633e-02 
 1.452225e+00  1.119090e-02 
 1.452623e+00  1.276276e-02 
 1.453021e+00  1.439241e-02 
 1.453418e+00  1.570431e-02 
 1.453816e+00  1.625810e-02 
 1.454214e+00  1.588542e-02 
 1.454612e+00  1.436193e-02 
 1.455009e+00  1.172952e-02 
 1.455407e+00  8.168991e-03 
 1.455805e+00  4.105515e-03 
 1.456202e+00 -2.029595e-04 
 1.456600e+00 -4.569192e-03 
 1.456998e+00 -8.710349e-03 
 1.457395e+00 -1.245029e-02 
 1.457793e+00 -1.531704e-02 
 1.458191e+00 -1.711439e-02 
 1.458588e+00 -1.753304e-02 
 1.458986e+00 -1.640336e-02 
 1.459384e+00 -1.375637e-02 
 1.459782e+00 -9.604435e-03 
 1.460179e+00 -4.133616e-03 
 1.460577e+00  2.149648e-03 
 1.460975e+00  9.010451e-03 
 1.461372e+00  1.581128e-02 
 1.461770e+00  2.212349e-02 
 1.462168e+00  2.728398e-02 
 1.462565e+00  3.089656e-02 
 1.462963e+00  3.270723e-02 
 1.463361e+00  3.265648e-02 
 1.463759e+00  3.088510e-02 
 1.464156e+00  2.783061e-02 
 1.464554e+00  2.395999e-02 
 1.464952e+00  1.956799e-02 
 1.465349e+00  1.499613e-02 
 1.465747e+00  1.050145e-02 
 1.466145e+00  6.301363e-03 
 1.466542e+00  2.518480e-03 
 1.466940e+00 -5.088250e-04 
 1.467338e+00 -2.445822e-03 
 1.467735e+00 -3.160337e-03 
 1.468133e+00 -2.630712e-03 
 1.468531e+00 -9.606888e-04 
 1.468929e+00  1.516437e-03 
 1.469326e+00  4.354304e-03 
 1.469724e+00  7.258840e-03 
 1.470122e+00  9.820539e-03 
 1.470519e+00  1.173034e-02 
 1.470917e+00  1.262292e-02 
 1.471315e+00  1.241960e-02 
 1.471712e+00  1.102710e-02 
 1.472110e+00  8.558801e-03 
 1.472508e+00  5.160771e-03 
 1.472906e+00  9.644658e-04 
 1.473303e+00 -3.510322e-03 
 1.473701e+00 -7.680290e-03 
 1.474099e+00 -1.122354e-02 
 1.474496e+00 -1.373259e-02 
 1.474894e+00 -1.506250e-02 
 1.475292e+00 -1.506293e-02 
 1.475689e+00 -1.342305e-02 
 1.476087e+00 -1.031436e-02 
 1.476485e+00 -6.032959e-03 
 1.476882e+00 -9.989852e-04 
 1.477280e+00  4.125776e-03 
 1.477678e+00  8.884066e-03 
 1.478076e+00  1.264205e-02 
 1.478473e+00  1.515766e-02 
 1.478871e+00  1.622216e-02 
 1.479269e+00  1.609286e-02 
 1.479666e+00  1.513699e-02 
 1.480064e+00  1.359435e-02 
 1.480462e+00  1.150799e-02 
 1.480859e+00  9.094401e-03 
 1.481257e+00  6.471170e-03 
 1.481655e+00  3.593080e-03 
 1.482053e+00  5.628769e-04 
 1.482450e+00 -2.671476e-03 
 1.482848e+00 -6.055511e-03 
 1.483246e+00 -9.070069e-03 
 1.483643e+00 -1.156473e-02 
 1.484041e+00 -1.335000e-02 
 1.484439e+00 -1.437576e-02 
 1.484836e+00 -1.467841e-02 
 1.485234e+00 -1.453987e-02 
 1.485632e+00 -1.418175e-02 
 1.486029e+00 -1.392046e-02 
 1.486427e+00 -1.401821e-02 
 1.486825e+00 -1.447212e-02 
 1.487223e+00 -1.510474e-02 
 1.487620e+00 -1.561815e-02 
 1.488018e+00 -1.566839e-02 
 1.488416e+00 -1.516544e-02 
 1.488813e+00 -1.395933e-02 
 1.489211e+00 -1.205710e-02 
 1.489609e+00 -9.423625e-03 
 1.490006e+00 -6.230912e-03 
 1.490404e+00 -2.678629e-03 
 1.490802e+00  1.254279e-03 
 1.491200e+00  5.328813e-03 
 1.491597e+00  9.322463e-03 
 1.491995e+00  1.309506e-02 
 1.492393e+00  1.644657e-02 
 1.492790e+00  1.913188e-02 
 1.493188e+00  2.103887e-02 
 1.493586e+00  2.219336e-02 
 1.493983e+00  2.263995e-02 
 1.494381e+00  2.230530e-02 
 1.494779e+00  2.133154e-02 
 1.495176e+00  1.958210e-02 
 1.495574e+00  1.733274e-02 
 1.495972e+00  1.486434e-02 
 1.496370e+00  1.235254e-02 
 1.496767e+00  1.000987e-02 
 1.497165e+00  8.113367e-03 
 1.497563e+00  6.733229e-03 
 1.497960e+00  5.850301e-03 
 1.498358e+00  5.361555e-03 
 1.498756e+00  5.019916e-03 
 1.499153e+00  4.746017e-03 
 1.499551e+00  4.535561e-03 
 1.499949e+00  4.443000e-03 
 1.500347e+00  4.335026e-03 
 1.500744e+00  4.211106e-03 
 1.501142e+00  4.073613e-03 
 1.501540e+00  3.876116e-03 
 1.501937e+00  3.703100e-03 
 1.502335e+00  3.695185e-03 
 1.502733e+00  3.808622e-03 
 1.503130e+00  4.172925e-03 
 1.503528e+00  5.045860e-03 
 1.503926e+00  6.286290e-03 
 1.504323e+00  7.590728e-03 
 1.504721e+00  8.572634e-03 
 1.505119e+00  8.806344e-03 
 1.505517e+00  8.103797e-03 
 1.505914e+00  6.396630e-03 
 1.506312e+00  3.668718e-03 
 1.506710e+00  2.096333e-04 
 1.507107e+00 -3.256571e-03 
 1.507505e+00 -6.371618e-03 
 1.507903e+00 -8.691773e-03 
 1.508300e+00 -9.819372e-03 
 1.508698e+00 -9.541012e-03 
 1.509096e+00 -7.827798e-03 
 1.509494e+00 -4.626665e-03 
 1.509891e+00  2.800297e-05 
 1.510289e+00  5.605774e-03 
 1.510687e+00  1.170281e-02 
 1.511084e+00  1.787667e-02 
 1.511482e+00  2.360887e-02 
 1.511880e+00  2.853372e-02 
 1.512277e+00  3.231947e-02 
 1.512675e+00  3.456415e-02 
 1.513073e+00  3.522829e-02 
 1.513470e+00  3.416170e-02 
 1.513868e+00  3.135570e-02 
 1.514266e+00  2.678743e-02 
 1.514664e+00  2.080280e-02 
 1.515061e+00  1.375018e-02 
 1.515459e+00  6.134652e-03 
 1.515857e+00 -1.216620e-03 
 1.516254e+00 -7.818872e-03 
 1.516652e+00 -1.326997e-02 
 1.517050e+00 -1.724142e-02 
 1.517447e+00 -1.951760e-02 
 1.517845e+00 -1.999611e-02 
 1.518243e+00 -1.851507e-02 
 1.518641e+00 -1.509929e-02 
 1.519038e+00 -9.988772e-03 
 1.519436e+00 -3.236644e-03 
 1.519834e+00  4.713309e-03 
 1.520231e+00  1.320323e-02 
 1.520629e+00  2.153595e-02 
 1.521027e+00  2.914336e-02 
 1.521424e+00  3.548407e-02 
 1.521822e+00  4.024076e-02 
 1.522220e+00  4.324054e-02 
 1.522617e+00  4.418844e-02 
 1.523015e+00  4.294328e-02 
 1.523413e+00  3.963704e-02 
 1.523811e+00  3.443723e-02 
 1.524208e+00  2.758401e-02 
 1.524606e+00  1.979728e-02 
 1.525004e+00  1.170355e-02 
 1.525401e+00  3.909308e-03 
 1.525799e+00 -2.721227e-03 
 1.526197e+00 -7.865284e-03 
 1.526594e+00 -1.147543e-02 
 1.526992e+00 -1.320617e-02 
 1.527390e+00 -1.281783e-02 
 1.527788e+00 -1.039630e-02 
 1.528185e+00 -5.890649e-03 
 1.528583e+00  2.319369e-04 
 1.528981e+00  7.411604e-03 
 1.529378e+00  1.500432e-02 
 1.529776e+00  2.210796e-02 
 1.530174e+00  2.803211e-02 
 1.530571e+00  3.225320e-02 
 1.530969e+00  3.458229e-02 
 1.531367e+00  3.477510e-02 
 1.531764e+00  3.274612e-02 
 1.532162e+00  2.859108e-02 
 1.532560e+00  2.242452e-02 
 1.532958e+00  1.442493e-02 
 1.533355e+00  5.128197e-03 
 1.533753e+00 -4.818162e-03 
 1.534151e+00 -1.463533e-02 
 1.534548e+00 -2.338012e-02 
 1.534946e+00 -3.036495e-02 
 1.535344e+00 -3.503267e-02 
 1.535741e+00 -3.686187e-02 
 1.536139e+00 -3.577863e-02 
 1.536537e+00 -3.182951e-02 
 1.536935e+00 -2.523474e-02 
 1.537332e+00 -1.640518e-02 
 1.537730e+00 -6.083075e-03 
 1.538128e+00  4.959859e-03 
 1.538525e+00  1.587432e-02 
 1.538923e+00  2.567228e-02 
 1.539321e+00  3.363222e-02 
 1.539718e+00  3.962269e-02 
 1.540116e+00  4.333312e-02 
 1.540514e+00  4.472330e-02 
 1.540911e+00  4.389503e-02 
 1.541309e+00  4.110784e-02 
 1.541707e+00  3.684345e-02 
 1.542105e+00  3.144752e-02 
 1.542502e+00  2.535737e-02 
 1.542900e+00  1.884538e-02 
 1.543298e+00  1.248605e-02 
 1.543695e+00  6.775533e-03 
 1.544093e+00  2.026026e-03 
 1.544491e+00 -1.497835e-03 
 1.544888e+00 -3.702696e-03 
 1.545286e+00 -4.651187e-03 
 1.545684e+00 -4.292452e-03 
 1.546082e+00 -2.780308e-03 
 1.546479e+00 -3.803144e-04 
 1.546877e+00  2.766201e-03 
 1.547275e+00  6.361907e-03 
 1.547672e+00  1.010045e-02 
 1.548070e+00  1.362025e-02 
 1.548468e+00  1.671613e-02 
 1.548865e+00  1.916277e-02 
 1.549263e+00  2.084015e-02 
 1.549661e+00  2.173996e-02 
 1.550058e+00  2.170865e-02 
 1.550456e+00  2.064309e-02 
 1.550854e+00  1.853824e-02 
 1.551252e+00  1.542783e-02 
 1.551649e+00  1.136970e-02 
 1.552047e+00  6.770899e-03 
 1.552445e+00  2.095430e-03 
 1.552842e+00 -2.341068e-03 
 1.553240e+00 -6.124900e-03 
 1.553638e+00 -8.840521e-03 
 1.554035e+00 -1.039765e-02 
 1.554433e+00 -1.069127e-02 
 1.554831e+00 -9.659363e-03 
 1.555229e+00 -7.469589e-03 
 1.555626e+00 -4.299228e-03 
 1.556024e+00 -3.245265e-04 
 1.556422e+00  3.954006e-03 
 1.556819e+00  8.339829e-03 
 1.557217e+00  1.258673e-02 
 1.557615e+00  1.632605e-02 
 1.558012e+00  1.932855e-02 
 1.558410e+00  2.146249e-02 
 1.558808e+00  2.249736e-02 
 1.559205e+00  2.253499e-02 
 1.559603e+00  2.155413e-02 
 1.560001e+00  1.954588e-02 
 1.560399e+00  1.658642e-02 
 1.560796e+00  1.282165e-02 
 1.561194e+00  8.504281e-03 
 1.561592e+00  3.971619e-03 
 1.561989e+00 -4.160636e-04 
 1.562387e+00 -4.392124e-03 
 1.562785e+00 -7.836176e-03 
 1.563182e+00 -1.029621e-02 
 1.563580e+00 -1.149710e-02 
 1.563978e+00 -1.133164e-02 
 1.564376e+00 -9.743782e-03 
 1.564773e+00 -6.909069e-03 
 1.565171e+00 -3.132655e-03 
 1.565569e+00  1.257273e-03 
 1.565966e+00  5.845659e-03 
 1.566364e+00  1.008686e-02 
 1.566762e+00  1.359991e-02 
 1.567159e+00  1.610297e-02 
 1.567557e+00  1.770146e-02 
 1.567955e+00  1.849589e-02 
 1.568352e+00  1.867998e-02 
 1.568750e+00  1.845883e-02 
 1.569148e+00  1.789179e-02 
 1.569546e+00  1.729944e-02 
 1.569943e+00  1.682593e-02 
 1.570341e+00  1.648562e-02 
 1.570739e+00  1.633756e-02 
 1.571136e+00  1.629620e-02 
 1.571534e+00  1.643960e-02 
 1.571932e+00  1.678044e-02 
 1.572329e+00  1.730411e-02 
 1.572727e+00  1.801619e-02 
 1.573125e+00  1.875189e-02 
 1.573523e+00  1.941612e-02 
 1.573920e+00  1.966634e-02 
 1.574318e+00  1.932264e-02 
 1.574716e+00  1.821489e-02 
 1.575113e+00  1.606230e-02 
 1.575511e+00  1.300379e-02 
 1.575909e+00  9.337393e-03 
 1.576306e+00  5.346179e-03 
 1.576704e+00  1.355862e-03 
 1.577102e+00 -2.177353e-03 
 1.577499e+00 -5.126083e-03 
 1.577897e+00 -7.272815e-03 
 1.578295e+00 -8.595848e-03 
 1.578693e+00 -9.300609e-03 
 1.579090e+00 -9.581962e-03 
 1.579488e+00 -9.602511e-03 
 1.579886e+00 -9.504726e-03 
 1.580283e+00 -9.306434e-03 
 1.580681e+00 -8.905605e-03 
 1.581079e+00 -8.209818e-03 
 1.581476e+00 -7.211073e-03 
 1.581874e+00 -5.861158e-03 
 1.582272e+00 -4.396593e-03 
 1.582670e+00 -3.006795e-03 
 1.583067e+00 -1.808008e-03 
 1.583465e+00 -9.061455e-04 
 1.583863e+00 -2.604097e-04 
 1.584260e+00  1.813280e-05 
 1.584658e+00  1.445409e-04 
 1.585056e+00  1.174121e-04 
 1.585453e+00  2.481478e-04 
 1.585851e+00  7.513240e-04 
 1.586249e+00  1.661046e-03 
 1.586646e+00  3.119763e-03 
 1.587044e+00  5.110021e-03 
 1.587442e+00  7.685238e-03 
 1.587840e+00  1.075953e-02 
 1.588237e+00  1.420594e-02 
 1.588635e+00  1.759666e-02 
 1.589033e+00  2.065205e-02 
 1.589430e+00  2.319407e-02 
 1.589828e+00  2.483806e-02 
 1.590226e+00  2.544203e-02 
 1.590623e+00  2.473816e-02 
 1.591021e+00  2.283622e-02 
 1.591419e+00  1.979658e-02 
 1.591817e+00  1.599301e-02 
 1.592214e+00  1.184238e-02 
 1.592612e+00  7.460855e-03 
 1.593010e+00  3.203484e-03 
 1.593407e+00 -7.022469e-04 
 1.593805e+00 -4.287977e-03 
 1.594203e+00 -7.557949e-03 
 1.594600e+00 -1.029310e-02 
 1.594998e+00 -1.243323e-02 
 1.595396e+00 -1.375558e-02 
 1.595793e+00 -1.395280e-02 
 1.596191e+00 -1.279446e-02 
 1.596589e+00 -1.024888e-02 
 1.596987e+00 -6.375724e-03 
 1.597384e+00 -1.517185e-03 
 1.597782e+00  3.996316e-03 
 1.598180e+00  9.690296e-03 
 1.598577e+00  1.488067e-02 
 1.598975e+00  1.913677e-02 
 1.599373e+00  2.210933e-02 
 1.599770e+00  2.349982e-02 
 1.600168e+00  2.328170e-02 
 1.600566e+00  2.165533e-02 
 1.600964e+00  1.896976e-02 
 1.601361e+00  1.540219e-02 
 1.601759e+00  1.145160e-02 
 1.602157e+00  7.268520e-03 
 1.602554e+00  3.110250e-03 
 1.602952e+00 -7.524548e-04 
 1.603350e+00 -4.006532e-03 
 1.603747e+00 -6.349173e-03 
 1.604145e+00 -7.508075e-03 
 1.604543e+00 -7.310601e-03 
 1.604940e+00 -5.552765e-03 
 1.605338e+00 -2.545922e-03 
 1.605736e+00  1.509309e-03 
 1.606134e+00  6.194515e-03 
 1.606531e+00  1.062548e-02 
 1.606929e+00  1.439878e-02 
 1.607327e+00  1.694783e-02 
 1.607724e+00  1.790252e-02 
 1.608122e+00  1.737918e-02 
 1.608520e+00  1.542592e-02 
 1.608917e+00  1.209445e-02 
 1.609315e+00  7.765432e-03 
 1.609713e+00  2.717816e-03 
 1.610111e+00 -2.776712e-03 
 1.610508e+00 -8.411497e-03 
 1.610906e+00 -1.381215e-02 
 1.611304e+00 -1.865232e-02 
 1.611701e+00 -2.261373e-02 
 1.612099e+00 -2.540326e-02 
 1.612497e+00 -2.688466e-02 
 1.612894e+00 -2.696395e-02 
 1.613292e+00 -2.547685e-02 
 1.613690e+00 -2.259452e-02 
 1.614087e+00 -1.829705e-02 
 1.614485e+00 -1.263632e-02 
 1.614883e+00 -5.946108e-03 
 1.615281e+00  1.530481e-03 
 1.615678e+00  9.510122e-03 
 1.616076e+00  1.743201e-02 
 1.616474e+00  2.469549e-02 
 1.616871e+00  3.102510e-02 
 1.617269e+00  3.592781e-02 
 1.617667e+00  3.884248e-02 
 1.618064e+00  3.964479e-02 
 1.618462e+00  3.827793e-02 
 1.618860e+00  3.474031e-02 
 1.619258e+00  2.936135e-02 
 1.619655e+00  2.271599e-02 
 1.620053e+00  1.536212e-02 
 1.620451e+00  7.859113e-03 
 1.620848e+00  7.402513e-04 
 1.621246e+00 -5.565616e-03 
 1.621644e+00 -1.076748e-02 
 1.622041e+00 -1.449877e-02 
 1.622439e+00 -1.664029e-02 
 1.622837e+00 -1.699138e-02 
 1.623234e+00 -1.562985e-02 
 1.623632e+00 -1.249118e-02 
 1.624030e+00 -7.807039e-03 
 1.624428e+00 -1.777727e-03 
 1.624825e+00  5.114893e-03 
 1.625223e+00  1.220478e-02 
 1.625621e+00  1.885927e-02 
 1.626018e+00  2.457662e-02 
 1.626416e+00  2.855036e-02 
 1.626814e+00  3.052160e-02 
 1.627211e+00  3.028392e-02 
 1.627609e+00  2.762328e-02 
 1.628007e+00  2.272002e-02 
 1.628405e+00  1.601095e-02 
 1.628802e+00  7.838226e-03 
 1.629200e+00 -9.457390e-04 
 1.629598e+00 -9.544839e-03 
 1.629995e+00 -1.732577e-02 
 1.630393e+00 -2.354047e-02 
 1.630791e+00 -2.759220e-02 
 1.631188e+00 -2.927531e-02 
 1.631586e+00 -2.844273e-02 
 1.631984e+00 -2.486531e-02 
 1.632381e+00 -1.883760e-02 
 1.632779e+00 -1.062394e-02 
 1.633177e+00 -5.838888e-04 
 1.633575e+00  1.051300e-02 
 1.633972e+00  2.159267e-02 
 1.634370e+00  3.165877e-02 
 1.634768e+00  3.981598e-02 
 1.635165e+00  4.542986e-02 
 1.635563e+00  4.808107e-02 
 1.635961e+00  4.775250e-02 
 1.636358e+00  4.444422e-02 
 1.636756e+00  3.861054e-02 
 1.637154e+00  3.088753e-02 
 1.637552e+00  2.187747e-02 
 1.637949e+00  1.239907e-02 
 1.638347e+00  3.034679e-03 
 1.638745e+00 -5.565943e-03 
 1.639142e+00 -1.263299e-02 
 1.639540e+00 -1.784300e-02 
 1.639938e+00 -2.107106e-02 
 1.640335e+00 -2.224933e-02 
 1.640733e+00 -2.151177e-02 
 1.641131e+00 -1.899969e-02 
 1.641528e+00 -1.501024e-02 
 1.641926e+00 -9.656512e-03 
 1.642324e+00 -3.325149e-03 
 1.642722e+00  3.462237e-03 
 1.643119e+00  1.032688e-02 
 1.643517e+00  1.688668e-02 
 1.643915e+00  2.261387e-02 
 1.644312e+00  2.722889e-02 
 1.644710e+00  3.053621e-02 
 1.645108e+00  3.217449e-02 
 1.645505e+00  3.215397e-02 
 1.645903e+00  3.070425e-02 
 1.646301e+00  2.806553e-02 
 1.646699e+00  2.468916e-02 
 1.647096e+00  2.103543e-02 
 1.647494e+00  1.738560e-02 
 1.647892e+00  1.414804e-02 
 1.648289e+00  1.146743e-02 
 1.648687e+00  9.396726e-03 
 1.649085e+00  8.047344e-03 
 1.649482e+00  7.599662e-03 
 1.649880e+00  8.025747e-03 
 1.650278e+00  9.275170e-03 
 1.650675e+00  1.146117e-02 
 1.651073e+00  1.412034e-02 
 1.651471e+00  1.698893e-02 
 1.651869e+00  1.989098e-02 
 1.652266e+00  2.235087e-02 
 1.652664e+00  2.417672e-02 
 1.653062e+00  2.525173e-02 
 1.653459e+00  2.550436e-02 
 1.653857e+00  2.501761e-02 
 1.654255e+00  2.381500e-02 
 1.654652e+00  2.186125e-02 
 1.655050e+00  1.931850e-02 
 1.655448e+00  1.649457e-02 
 1.655846e+00  1.360062e-02 
 1.656243e+00  1.069183e-02 
 1.656641e+00  7.825573e-03 
 1.657039e+00  5.236702e-03 
 1.657436e+00  2.855644e-03 
 1.657834e+00  8.798228e-04 
 1.658232e+00 -5.678060e-04 
 1.658629e+00 -1.344419e-03 
 1.659027e+00 -1.321622e-03 
 1.659425e+00 -5.005447e-04 
 1.659822e+00  9.928950e-04 
 1.660220e+00  2.976053e-03 
 1.660618e+00  5.244101e-03 
 1.661016e+00  7.701010e-03 
 1.661413e+00  1.032080e-02 
 1.661811e+00  1.299078e-02 
 1.662209e+00  1.557848e-02 
 1.662606e+00  1.799212e-02 
 1.663004e+00  2.002556e-02 
 1.663402e+00  2.159513e-02 
 1.663799e+00  2.251104e-02 
 1.664197e+00  2.296753e-02 
 1.664595e+00  2.296516e-02 
 1.664993e+00  2.256722e-02 
 1.665390e+00  2.203107e-02 
 1.665788e+00  2.128150e-02 
 1.666186e+00  2.044517e-02 
 1.666583e+00  1.947526e-02 
 1.666981e+00  1.845140e-02 
 1.667379e+00  1.712770e-02 
 1.667776e+00  1.544626e-02 
 1.668174e+00  1.350550e-02 
 1.668572e+00  1.123065e-02 
 1.668969e+00  8.555381e-03 
 1.669367e+00  5.700697e-03 
 1.669765e+00  2.757293e-03 
 1.670163e+00  1.846612e-05 
 1.670560e+00 -2.276609e-03 
 1.670958e+00 -3.944161e-03 
 1.671356e+00 -4.914145e-03 
 1.671753e+00 -5.186613e-03 
 1.672151e+00 -5.106981e-03 
 1.672549e+00 -4.754325e-03 
 1.672946e+00 -4.433182e-03 
 1.673344e+00 -4.244293e-03 
 1.673742e+00 -4.307644e-03 
 1.674140e+00 -4.469211e-03 
 1.674537e+00 -4.577122e-03 
 1.674935e+00 -4.346408e-03 
 1.675333e+00 -3.514936e-03 
 1.675730e+00 -2.082818e-03 
 1.676128e+00 -1.162523e-04 
 1.676526e+00  2.087844e-03 
 1.676923e+00  4.413429e-03 
 1.677321e+00  6.843531e-03 
 1.677719e+00  9.335351e-03 
 1.678116e+00  1.173827e-02 
 1.678514e+00  1.390352e-02 
 1.678912e+00  1.566354e-02 
 1.679310e+00  1.677773e-02 
 1.679707e+00  1.703175e-02 
 1.680105e+00  1.616889e-02 
 1.680503e+00  1.437143e-02 
 1.680900e+00  1.199128e-02 
 1.681298e+00  9.452991e-03 
 1.681696e+00  7.094226e-03 
 1.682093e+00  5.067066e-03 
 1.682491e+00  3.480014e-03 
 1.682889e+00  2.443072e-03 
 1.683287e+00  2.194025e-03 
 1.683684e+00  2.579996e-03 
 1.684082e+00  3.631168e-03 
 1.684480e+00  5.159096e-03 
 1.684877e+00  7.072691e-03 
 1.685275e+00  8.967617e-03 
 1.685673e+00  1.040205e-02 
 1.686070e+00  1.122663e-02 
 1.686468e+00  1.105649e-02 
 1.686866e+00  9.936355e-03 
 1.687263e+00  7.791070e-03 
 1.687661e+00  4.657386e-03 
 1.688059e+00  6.766149e-04 
 1.688457e+00 -4.055810e-03 
 1.688854e+00 -9.133521e-03 
 1.689252e+00 -1.409644e-02 
 1.689650e+00 -1.860691e-02 
 1.690047e+00 -2.200742e-02 
 1.690445e+00 -2.404657e-02 
 1.690843e+00 -2.434338e-02 
 1.691240e+00 -2.299308e-02 
 1.691638e+00 -2.007252e-02 
 1.692036e+00 -1.588007e-02 
 1.692434e+00 -1.067573e-02 
 1.692831e+00 -4.881230e-03 
 1.693229e+00  1.234148e-03 
 1.693627e+00  7.355298e-03 
 1.694024e+00  1.308614e-02 
 1.694422e+00  1.817287e-02 
 1.694820e+00  2.221512e-02 
 1.695217e+00  2.489393e-02 
 1.695615e+00  2.591264e-02 
 1.696013e+00  2.498008e-02 
 1.696410e+00  2.210425e-02 
 1.696808e+00  1.735181e-02 
 1.697206e+00  1.121163e-02 
 1.697604e+00  4.211494e-03 
 1.698001e+00 -3.044896e-03 
 1.698399e+00 -9.692418e-03 
 1.698797e+00 -1.522904e-02 
 1.699194e+00 -1.918947e-02 
 1.699592e+00 -2.110213e-02 
 1.699990e+00 -2.102848e-02 
 1.700387e+00 -1.911259e-02 
 1.700785e+00 -1.560191e-02 
 1.701183e+00 -1.106405e-02 
 1.701581e+00 -5.850336e-03 
 1.701978e+00 -5.605839e-04 
 1.702376e+00  4.382066e-03 
 1.702774e+00  8.758165e-03 
 1.703171e+00  1.237693e-02 
 1.703569e+00  1.495059e-02 
 1.703967e+00  1.643835e-02 
 1.704364e+00  1.651998e-02 
 1.704762e+00  1.510388e-02 
 1.705160e+00  1.234508e-02 
 1.705557e+00  8.460079e-03 
 1.705955e+00  3.796773e-03 
 1.706353e+00 -1.154980e-03 
 1.706751e+00 -5.763112e-03 
 1.707148e+00 -9.600352e-03 
 1.707546e+00 -1.234890e-02 
 1.707944e+00 -1.378013e-02 
 1.708341e+00 -1.372307e-02 
 1.708739e+00 -1.217950e-02 
 1.709137e+00 -9.105984e-03 
 1.709534e+00 -4.626301e-03 
 1.709932e+00  1.247794e-03 
 1.710330e+00  8.046927e-03 
 1.710728e+00  1.528559e-02 
 1.711125e+00  2.231038e-02 
 1.711523e+00  2.840277e-02 
 1.711921e+00  3.302307e-02 
 1.712318e+00  3.597701e-02 
 1.712716e+00  3.700454e-02 
 1.713114e+00  3.615522e-02 
 1.713511e+00  3.351065e-02 
 1.713909e+00  2.916752e-02 
 1.714307e+00  2.335519e-02 
 1.714704e+00  1.621166e-02 
 1.715102e+00  8.303025e-03 
 1.715500e+00  6.400013e-05 
 1.715898e+00 -7.713571e-03 
 1.716295e+00 -1.446048e-02 
 1.716693e+00 -1.962440e-02 
 1.717091e+00 -2.306388e-02 
 1.717488e+00 -2.462335e-02 
 1.717886e+00 -2.440898e-02 
 1.718284e+00 -2.249575e-02 
 1.718681e+00 -1.895272e-02 
 1.719079e+00 -1.410109e-02 
 1.719477e+00 -8.136184e-03 
 1.719875e+00 -1.863683e-03 
 1.720272e+00  4.222505e-03 
 1.720670e+00  9.643739e-03 
 1.721068e+00  1.402710e-02 
 1.721465e+00  1.727153e-02 
 1.721863e+00  1.926262e-02 
 1.722261e+00  2.011655e-02 
 1.722658e+00  1.981409e-02 
 1.723056e+00  1.850941e-02 
 1.723454e+00  1.619515e-02 
 1.723851e+00  1.286488e-02 
 1.724249e+00  8.705095e-03 
 1.724647e+00  4.062633e-03 
 1.725045e+00 -5.109902e-04 
 1.725442e+00 -4.673267e-03 
 1.725840e+00 -7.813054e-03 
 1.726238e+00 -9.515713e-03 
 1.726635e+00 -9.425129e-03 
 1.727033e+00 -7.270885e-03 
 1.727431e+00 -3.168102e-03 
 1.727828e+00  2.621886e-03 
 1.728226e+00  9.623649e-03 
 1.728624e+00  1.736317e-02 
 1.729022e+00  2.513732e-02 
 1.729419e+00  3.210441e-02 
 1.729817e+00  3.770323e-02 
 1.730215e+00  4.131179e-02 
 1.730612e+00  4.288361e-02 
 1.731010e+00  4.234466e-02 
 1.731408e+00  3.978086e-02 
 1.731805e+00  3.554036e-02 
 1.732203e+00  2.991021e-02 
 1.732601e+00  2.323481e-02 
 1.732998e+00  1.591423e-02 
 1.733396e+00  8.253599e-03 
 1.733794e+00  6.659168e-04 
 1.734192e+00 -6.378978e-03 
 1.734589e+00 -1.231259e-02 
 1.734987e+00 -1.677216e-02 
 1.735385e+00 -1.955894e-02 
 1.735782e+00 -2.044239e-02 
 1.736180e+00 -1.941250e-02 
 1.736578e+00 -1.660120e-02 
 1.736975e+00 -1.212876e-02 
 1.737373e+00 -6.259915e-03 
 1.737771e+00  6.464812e-04 
 1.738169e+00  8.259104e-03 
 1.738566e+00  1.599738e-02 
 1.738964e+00  2.333409e-02 
 1.739362e+00  2.971329e-02 
 1.739759e+00  3.466335e-02 
 1.740157e+00  3.784268e-02 
 1.740555e+00  3.909364e-02 
 1.740952e+00  3.840281e-02 
 1.741350e+00  3.578634e-02 
 1.741748e+00  3.139771e-02 
 1.742145e+00  2.558661e-02 
 1.742543e+00  1.883019e-02 
 1.742941e+00  1.167985e-02 
 1.743339e+00  4.793336e-03 
 1.743736e+00 -1.114580e-03 
 1.744134e+00 -5.475354e-03 
 1.744532e+00 -7.881578e-03 
 1.744929e+00 -8.185736e-03 
 1.745327e+00 -6.607680e-03 
 1.745725e+00 -3.507303e-03 
 1.746122e+00  6.448327e-04 
 1.746520e+00  5.511961e-03 
 1.746918e+00  1.064343e-02 
 1.747316e+00  1.564764e-02 
 1.747713e+00  1.990867e-02 
 1.748111e+00  2.299816e-02 
 1.748509e+00  2.474074e-02 
 1.748906e+00  2.471363e-02 
 1.749304e+00  2.306271e-02 
 1.749702e+00  1.988742e-02 
 1.750099e+00  1.544321e-02 
 1.750497e+00  1.024459e-02 
 1.750895e+00  4.798166e-03 
 1.751292e+00 -4.066823e-04 
 1.751690e+00 -5.091561e-03 
 1.752088e+00 -8.869562e-03 
 1.752486e+00 -1.146498e-02 
 1.752883e+00 -1.269084e-02 
 1.753281e+00 -1.246234e-02 
 1.753679e+00 -1.088539e-02 
 1.754076e+00 -8.147111e-03 
 1.754474e+00 -4.433303e-03 
 1.754872e+00  2.718443e-05 
 1.755269e+00  5.013473e-03 
 1.755667e+00  1.021737e-02 
 1.756065e+00  1.516942e-02 
 1.756463e+00  1.946164e-02 
 1.756860e+00  2.272155e-02 
 1.757258e+00  2.467322e-02 
 1.757656e+00  2.529485e-02 
 1.758053e+00  2.464829e-02 
 1.758451e+00  2.317518e-02 
 1.758849e+00  2.119359e-02 
 1.759246e+00  1.918042e-02 
 1.759644e+00  1.749398e-02 
 1.760042e+00  1.623681e-02 
 1.760439e+00  1.536327e-02 
 1.760837e+00  1.478026e-02 
 1.761235e+00  1.430792e-02 
 1.761633e+00  1.374211e-02 
 1.762030e+00  1.305197e-02 
 1.762428e+00  1.213371e-02 
 1.762826e+00  1.092403e-02 
 1.763223e+00  9.383931e-03 
 1.763621e+00  7.566241e-03 
 1.764019e+00  5.654071e-03 
 1.764416e+00  3.720792e-03 
 1.764814e+00  1.928706e-03 
 1.765212e+00  1.875914e-04 
 1.765610e+00 -1.435835e-03 
 1.766007e+00 -2.794140e-03 
 1.766405e+00 -3.787397e-03 
 1.766803e+00 -4.287056e-03 
 1.767200e+00 -4.153171e-03 
 1.767598e+00 -3.423855e-03 
 1.767996e+00 -2.009617e-03 
 1.768393e+00  9.048660e-06 
 1.768791e+00  2.546621e-03 
 1.769189e+00  5.137488e-03 
 1.769586e+00  7.470592e-03 
 1.769984e+00  9.181677e-03 
 1.770382e+00  1.022006e-02 
 1.770780e+00  1.070009e-02 
 1.771177e+00  1.072996e-02 
 1.771575e+00  1.054138e-02 
 1.771973e+00  1.040316e-02 
 1.772370e+00  1.028450e-02 
 1.772768e+00  1.038040e-02 
 1.773166e+00  1.054196e-02 
 1.773563e+00  1.063785e-02 
 1.773961e+00  1.030636e-02 
 1.774359e+00  9.466808e-03 
 1.774757e+00  8.131427e-03 
 1.775154e+00  6.287854e-03 
 1.775552e+00  4.034132e-03 
 1.775950e+00  1.460141e-03 
 1.776347e+00 -1.260720e-03 
 1.776745e+00 -3.841660e-03 
 1.777143e+00 -6.018256e-03 
 1.777540e+00 -7.303207e-03 
 1.777938e+00 -7.772734e-03 
 1.778336e+00 -7.341028e-03 
 1.778733e+00 -5.902070e-03 
 1.779131e+00 -3.728542e-03 
 1.779529e+00 -8.527724e-04 
 1.779927e+00  2.189717e-03 
 1.780324e+00  5.141374e-03 
 1.780722e+00  7.499588e-03 
 1.781120e+00  9.010048e-03 
 1.781517e+00  9.449003e-03 
 1.781915e+00  8.800876e-03 
 1.782313e+00  7.115039e-03 
 1.782710e+00  4.708124e-03 
 1.783108e+00  1.940876e-03 
 1.783506e+00 -9.411295e-04 
 1.783904e+00 -3.675706e-03 
 1.784301e+00 -6.155052e-03 
 1.784699e+00 -8.432579e-03 
 1.785097e+00 -1.039969e-02 
 1.785494e+00 -1.201006e-02 
 1.785892e+00 -1.283343e-02 
 1.786290e+00 -1.256317e-02 
 1.786687e+00 -1.092150e-02 
 1.787085e+00 -7.800426e-03 
 1.787483e+00 -3.133068e-03 
 1.787880e+00  2.851696e-03 
 1.788278e+00  9.747225e-03 
 1.788676e+00  1.695043e-02 
 1.789074e+00  2.394422e-02 
 1.789471e+00  3.014809e-02 
 1.789869e+00  3.505683e-02 
 1.790267e+00  3.825722e-02 
 1.790664e+00  3.940550e-02 
 1.791062e+00  3.835294e-02 
 1.791460e+00  3.511145e-02 
 1.791857e+00  2.981566e-02 
 1.792255e+00  2.293319e-02 
 1.792653e+00  1.477608e-02 
 1.793051e+00  5.901162e-03 
 1.793448e+00 -3.167052e-03 
 1.793846e+00 -1.185615e-02 
 1.794244e+00 -1.972179e-02 
 1.794641e+00 -2.627935e-02 
 1.795039e+00 -3.075922e-02 
 1.795437e+00 -3.273571e-02 
 1.795834e+00 -3.218921e-02 
 1.796232e+00 -2.922367e-02 
 1.796630e+00 -2.425525e-02 
 1.797027e+00 -1.774861e-02 
 1.797425e+00 -1.039050e-02 
 1.797823e+00 -2.791845e-03 
 1.798221e+00  4.576438e-03 
 1.798618e+00  1.130717e-02 
 1.799016e+00  1.712128e-02 
 1.799414e+00  2.172491e-02 
 1.799811e+00  2.481362e-02 
 1.800209e+00  2.589375e-02 
 1.800607e+00  2.497792e-02 
 1.801004e+00  2.227091e-02 
 1.801402e+00  1.802732e-02 
 1.801800e+00  1.288528e-02 
 1.802198e+00  7.192020e-03 
 1.802595e+00  1.541689e-03 
 1.802993e+00 -3.470413e-03 
 1.803391e+00 -7.418744e-03 
 1.803788e+00 -9.857794e-03 
 1.804186e+00 -1.074411e-02 
 1.804584e+00 -9.860283e-03 
 1.804981e+00 -7.311548e-03 
 1.805379e+00 -3.046327e-03 
 1.805777e+00  2.547668e-03 
 1.806174e+00  9.048443e-03 
 1.806572e+00  1.602329e-02 
 1.806970e+00  2.282027e-02 
 1.807368e+00  2.899021e-02 
 1.807765e+00  3.401647e-02 
 1.808163e+00  3.731263e-02 
 1.808561e+00  3.839821e-02 
 1.808958e+00  3.675965e-02 
 1.809356e+00  3.249176e-02 
 1.809754e+00  2.575433e-02 
 1.810151e+00  1.720772e-02 
 1.810549e+00  7.605616e-03 
 1.810947e+00 -1.907116e-03 
 1.811345e+00 -1.060021e-02 
 1.811742e+00 -1.770849e-02 
 1.812140e+00 -2.310914e-02 
 1.812538e+00 -2.675081e-02 
 1.812935e+00 -2.864555e-02 
 1.813333e+00 -2.874191e-02 
 1.813731e+00 -2.710426e-02 
 1.814128e+00 -2.356961e-02 
 1.814526e+00 -1.823752e-02 
 1.814924e+00 -1.143642e-02 
 1.815321e+00 -3.800699e-03 
 1.815719e+00  4.128684e-03 
 1.816117e+00  1.163294e-02 
 1.816515e+00  1.812493e-02 
 1.816912e+00  2.317793e-02 
 1.817310e+00  2.672860e-02 
 1.817708e+00  2.836598e-02 
 1.818105e+00  2.803911e-02 
 1.818503e+00  2.587895e-02 
 1.818901e+00  2.215865e-02 
 1.819298e+00  1.736852e-02 
 1.819696e+00  1.213213e-02 
 1.820094e+00  6.898308e-03 
 1.820492e+00  2.183677e-03 
 1.820889e+00 -1.769631e-03 
 1.821287e+00 -4.740030e-03 
 1.821685e+00 -6.568705e-03 
 1.822082e+00 -7.249764e-03 
 1.822480e+00 -6.796797e-03 
 1.822878e+00 -4.877125e-03 
 1.823275e+00 -1.461378e-03 
 1.823673e+00  2.834844e-03 
 1.824071e+00  7.566813e-03 
 1.824468e+00  1.179627e-02 
 1.824866e+00  1.484397e-02 
 1.825264e+00  1.650578e-02 
 1.825662e+00  1.671276e-02 
 1.826059e+00  1.564976e-02 
 1.826457e+00  1.341131e-02 
 1.826855e+00  1.032750e-02 
 1.827252e+00  6.675454e-03 
 1.827650e+00  2.650567e-03 
 1.828048e+00 -1.587545e-03 
 1.828445e+00 -5.939094e-03 
 1.828843e+00 -9.971531e-03 
 1.829241e+00 -1.343294e-02 
 1.829639e+00 -1.588420e-02 
 1.830036e+00 -1.711131e-02 
 1.830434e+00 -1.732061e-02 
 1.830832e+00 -1.646946e-02 
 1.831229e+00 -1.472876e-02 
 1.831627e+00 -1.193082e-02 
 1.832025e+00 -8.160850e-03 
 1.832422e+00 -3.574226e-03 
 1.832820e+00  1.506269e-03 
 1.833218e+00  6.875387e-03 
 1.833615e+00  1.232841e-02 
 1.834013e+00  1.759268e-02 
 1.834411e+00  2.244626e-02 
 1.834809e+00  2.671329e-02 
 1.835206e+00  3.019066e-02 
 1.835604e+00  3.264098e-02 
 1.836002e+00  3.375443e-02 
 1.836399e+00  3.316735e-02 
 1.836797e+00  3.064572e-02 
 1.837195e+00  2.607419e-02 
 1.837592e+00  1.994556e-02 
 1.837990e+00  1.288318e-02 
 1.838388e+00  5.689833e-03 
 1.838786e+00 -8.268664e-04 
 1.839183e+00 -6.088637e-03 
 1.839581e+00 -9.879267e-03 
 1.839979e+00 -1.231787e-02 
 1.840376e+00 -1.339434e-02 
 1.840774e+00 -1.316721e-02 
 1.841172e+00 -1.183522e-02 
 1.841569e+00 -9.515119e-03 
 1.841967e+00 -6.270662e-03 
 1.842365e+00 -2.265011e-03 
 1.842762e+00  1.985155e-03 
 1.843160e+00  6.132376e-03 
 1.843558e+00  9.678172e-03 
 1.843956e+00  1.218343e-02 
 1.844353e+00  1.342821e-02 
 1.844751e+00  1.342639e-02 
 1.845149e+00  1.227590e-02 
 1.845546e+00  9.931211e-03 
 1.845944e+00  6.638639e-03 
 1.846342e+00  2.868466e-03 
 1.846739e+00 -9.570149e-04 
 1.847137e+00 -4.215203e-03 
 1.847535e+00 -6.352244e-03 
 1.847933e+00 -7.155304e-03 
 1.848330e+00 -6.570926e-03 
 1.848728e+00 -4.704884e-03 
 1.849126e+00 -1.660177e-03 
 1.849523e+00  2.417904e-03 
 1.849921e+00  7.311014e-03 
 1.850319e+00  1.287194e-02 
 1.850716e+00  1.895112e-02 
 1.851114e+00  2.534523e-02 
 1.851512e+00  3.141773e-02 
 1.851909e+00  3.649077e-02 
 1.852307e+00  3.990131e-02 
 1.852705e+00  4.115935e-02 
 1.853103e+00  4.034071e-02 
 1.853500e+00  3.778357e-02 
 1.853898e+00  3.392343e-02 
 1.854296e+00  2.907464e-02 
 1.854693e+00  2.354449e-02 
 1.855091e+00  1.764753e-02 
 1.855489e+00  1.179786e-02 
 1.855886e+00  6.521370e-03 
 1.856284e+00  2.035115e-03 
 1.856682e+00 -1.240821e-03 
 1.857080e+00 -3.198991e-03 
 1.857477e+00 -3.725887e-03 
 1.857875e+00 -2.861666e-03 
 1.858273e+00 -8.774748e-04 
 1.858670e+00  1.797566e-03 
 1.859068e+00  4.644111e-03 
 1.859466e+00  7.368102e-03 
 1.859863e+00  9.818014e-03 
 1.860261e+00  1.162242e-02 
 1.860659e+00  1.259115e-02 
 1.861056e+00  1.265322e-02 
 1.861454e+00  1.196331e-02 
 1.861852e+00  1.073888e-02 
 1.862250e+00  9.338094e-03 
 1.862647e+00  8.199318e-03 
 1.863045e+00  7.462578e-03 
 1.863443e+00  7.097335e-03 
 1.863840e+00  7.021106e-03 
 1.864238e+00  7.176554e-03 
 1.864636e+00  7.448232e-03 
 1.865033e+00  7.814945e-03 
 1.865431e+00  8.509004e-03 
 1.865829e+00  9.622412e-03 
 1.866227e+00  1.126943e-02 
 1.866624e+00  1.347898e-02 
 1.867022e+00  1.613942e-02 
 1.867420e+00  1.889058e-02 
 1.867817e+00  2.111544e-02 
 1.868215e+00  2.248320e-02 
 1.868613e+00  2.275239e-02 
 1.869010e+00  2.172006e-02 
 1.869408e+00  1.943169e-02 
 1.869806e+00  1.599848e-02 
 1.870203e+00  1.145957e-02 
 1.870601e+00  6.157717e-03 
 1.870999e+00  7.183970e-04 
 1.871397e+00 -4.418925e-03 
 1.871794e+00 -8.756312e-03 
 1.872192e+00 -1.194436e-02 
 1.872590e+00 -1.383195e-02 
 1.872987e+00 -1.428772e-02 
 1.873385e+00 -1.319748e-02 
 1.873783e+00 -1.075038e-02 
 1.874180e+00 -7.076132e-03 
 1.874578e+00 -2.412982e-03 
 1.874976e+00  2.919097e-03 
 1.875374e+00  8.748309e-03 
 1.875771e+00  1.454293e-02 
 1.876169e+00  1.961108e-02 
 1.876567e+00  2.337065e-02 
 1.876964e+00  2.553964e-02 
 1.877362e+00  2.620193e-02 
 1.877760e+00  2.562096e-02 
 1.878157e+00  2.398149e-02 
 1.878555e+00  2.147720e-02 
 1.878953e+00  1.821646e-02 
 1.879350e+00  1.438677e-02 
 1.879748e+00  1.027111e-02 
 1.880146e+00  6.393211e-03 
 1.880544e+00  3.067664e-03 
 1.880941e+00  8.282046e-04 
 1.881339e+00 -1.407227e-04 
 1.881737e+00  5.199009e-04 
 1.882134e+00  2.805849e-03 
 1.882532e+00  6.186204e-03 
 1.882930e+00  1.026700e-02 
 1.883327e+00  1.457099e-02 
 1.883725e+00  1.878398e-02 
 1.884123e+00  2.260194e-02 
 1.884521e+00  2.574941e-02 
 1.884918e+00  2.798917e-02 
 1.885316e+00  2.881641e-02 
 1.885714e+00  2.819318e-02 
 1.886111e+00  2.610331e-02 
 1.886509e+00  2.255144e-02 
 1.886907e+00  1.741879e-02 
 1.887304e+00  1.084145e-02 
 1.887702e+00  2.985345e-03 
 1.888100e+00 -5.611218e-03 
 1.888497e+00 -1.443736e-02 
 1.888895e+00 -2.277356e-02 
 1.889293e+00 -2.993211e-02 
 1.889691e+00 -3.519119e-02 
 1.890088e+00 -3.811195e-02 
 1.890486e+00 -3.830442e-02 
 1.890884e+00 -3.583024e-02 
 1.891281e+00 -3.129961e-02 
 1.891679e+00 -2.523870e-02 
 1.892077e+00 -1.819209e-02 
 1.892474e+00 -1.083381e-02 
 1.892872e+00 -3.487896e-03 
 1.893270e+00  3.621597e-03 
 1.893668e+00  1.033053e-02 
 1.894065e+00  1.630431e-02 
 1.894463e+00  2.133991e-02 
 1.894861e+00  2.514500e-02 
 1.895258e+00  2.735026e-02 
 1.895656e+00  2.785073e-02 
 1.896054e+00  2.659884e-02 
 1.896451e+00  2.357751e-02 
 1.896849e+00  1.903291e-02 
 1.897247e+00  1.320946e-02 
 1.897644e+00  6.561994e-03 
 1.898042e+00 -4.400252e-04 
 1.898440e+00 -7.345716e-03 
 1.898838e+00 -1.347155e-02 
 1.899235e+00 -1.822022e-02 
 1.899633e+00 -2.116304e-02 
 1.900031e+00 -2.216619e-02 
 1.900428e+00 -2.128792e-02 
 1.900826e+00 -1.876318e-02 
 1.901224e+00 -1.482487e-02 
 1.901621e+00 -9.781105e-03 
 1.902019e+00 -3.851746e-03 
 1.902417e+00  2.570153e-03 
 1.902815e+00  8.794848e-03 
 1.903212e+00  1.418892e-02 
 1.903610e+00  1.815624e-02 
 1.904008e+00  2.028040e-02 
 1.904405e+00  2.036453e-02 
 1.904803e+00  1.823876e-02 
 1.905201e+00  1.428234e-02 
 1.905598e+00  8.906782e-03 
 1.905996e+00  2.724895e-03 
 1.906394e+00 -3.861585e-03 
 1.906791e+00 -1.021619e-02 
 1.907189e+00 -1.595819e-02 
 1.907587e+00 -2.087264e-02 
 1.907985e+00 -2.422312e-02 
 1.908382e+00 -2.547528e-02 
 1.908780e+00 -2.446340e-02 
 1.909178e+00 -2.110410e-02 
 1.909575e+00 -1.555360e-02 
 1.909973e+00 -8.292072e-03 
 1.910371e+00  8.435203e-05 
 1.910768e+00  8.825786e-03 
 1.911166e+00  1.722201e-02 
 1.911564e+00  2.460779e-02 
 1.911962e+00  3.059606e-02 
 1.912359e+00  3.472102e-02 
 1.912757e+00  3.692760e-02 
 1.913155e+00  3.693046e-02 
 1.913552e+00  3.466704e-02 
 1.913950e+00  3.030742e-02 
 1.914348e+00  2.412296e-02 
 1.914745e+00  1.642836e-02 
 1.915143e+00  7.725401e-03 
 1.915541e+00 -1.353753e-03 
 1.915938e+00 -1.050625e-02 
 1.916336e+00 -1.903231e-02 
 1.916734e+00 -2.635171e-02 
 1.917132e+00 -3.182672e-02 
 1.917529e+00 -3.500018e-02 
 1.917927e+00 -3.558868e-02 
 1.918325e+00 -3.374919e-02 
 1.918722e+00 -2.974780e-02 
 1.919120e+00 -2.419608e-02 
 1.919518e+00 -1.787512e-02 
 1.919915e+00 -1.129558e-02 
 1.920313e+00 -5.040900e-03 
 1.920711e+00  3.522158e-04 
 1.921109e+00  4.592975e-03 
 1.921506e+00  7.479226e-03 
 1.921904e+00  8.868128e-03 
 1.922302e+00  8.726105e-03 
 1.922699e+00  7.245767e-03 
 1.923097e+00  4.819069e-03 
 1.923495e+00  1.775143e-03 
 1.923892e+00 -1.417484e-03 
 1.924290e+00 -4.293103e-03 
 1.924688e+00 -6.362250e-03 
 1.925085e+00 -7.664496e-03 
 1.925483e+00 -7.969503e-03 
 1.925881e+00 -7.011542e-03 
 1.926279e+00 -4.789897e-03 
 1.926676e+00 -1.407765e-03 
 1.927074e+00  3.028844e-03 
 1.927472e+00  8.178239e-03 
 1.927869e+00  1.393101e-02 
 1.928267e+00  1.975885e-02 
 1.928665e+00  2.516058e-02 
 1.929062e+00  3.000787e-02 
 1.929460e+00  3.374573e-02 
 1.929858e+00  3.613104e-02 
 1.930255e+00  3.693425e-02 
 1.930653e+00  3.598082e-02 
 1.931051e+00  3.299784e-02 
 1.931449e+00  2.817119e-02 
 1.931846e+00  2.206778e-02 
 1.932244e+00  1.512725e-02 
 1.932642e+00  8.018547e-03 
 1.933039e+00  1.451241e-03 
 1.933437e+00 -4.199466e-03 
 1.933835e+00 -8.509710e-03 
 1.934232e+00 -1.128718e-02 
 1.934630e+00 -1.263751e-02 
 1.935028e+00 -1.271956e-02 
 1.935426e+00 -1.157130e-02 
 1.935823e+00 -9.335353e-03 
 1.936221e+00 -6.033962e-03 
 1.936619e+00 -1.970626e-03 
 1.937016e+00  2.567985e-03 
 1.937414e+00  7.189947e-03 
 1.937812e+00  1.143388e-02 
 1.938209e+00  1.503494e-02 
 1.938607e+00  1.766945e-02 
 1.939005e+00  1.935204e-02 
 1.939402e+00  1.989694e-02 
 1.939800e+00  1.945512e-02 
 1.940198e+00  1.828281e-02 
 1.940596e+00  1.655946e-02 
 1.940993e+00  1.477284e-02 
 1.941391e+00  1.306997e-02 
 1.941789e+00  1.186341e-02 
 1.942186e+00  1.107332e-02 
 1.942584e+00  1.073136e-02 
 1.942982e+00  1.073839e-02 
 1.943379e+00  1.098324e-02 
 1.943777e+00  1.140290e-02 
 1.944175e+00  1.202122e-02 
 1.944573e+00  1.295690e-02 
 1.944970e+00  1.433341e-02 
 1.945368e+00  1.629459e-02 
 1.945766e+00  1.851936e-02 
 1.946163e+00  2.075848e-02 
 1.946561e+00  2.268974e-02 
 1.946959e+00  2.393372e-02 
 1.947356e+00  2.392275e-02 
 1.947754e+00  2.269713e-02 
 1.948152e+00  2.044116e-02 
 1.948549e+00  1.702117e-02 
 1.948947e+00  1.271460e-02 
 1.949345e+00  7.826157e-03 
 1.949743e+00  2.803530e-03 
 1.950140e+00 -1.994083e-03 
 1.950538e+00 -6.136805e-03 
 1.950936e+00 -9.498775e-03 
 1.951333e+00 -1.137568e-02 
 1.951731e+00 -1.176851e-02 
 1.952129e+00 -1.067079e-02 
 1.952526e+00 -8.058210e-03 
 1.952924e+00 -4.293540e-03 
 1.953322e+00  2.195383e-04 
 1.953720e+00  5.327004e-03 
 1.954117e+00  1.072814e-02 
 1.954515e+00  1.607205e-02 
 1.954913e+00  2.107863e-02 
 1.955310e+00  2.549302e-02 
 1.955708e+00  2.897756e-02 
 1.956106e+00  3.146611e-02 
 1.956503e+00  3.285781e-02 
 1.956901e+00  3.299182e-02 
 1.957299e+00  3.199979e-02 
 1.957696e+00  3.014944e-02 
 1.958094e+00  2.765526e-02 
 1.958492e+00  2.464714e-02 
 1.958890e+00  2.133546e-02 
 1.959287e+00  1.783696e-02 
 1.959685e+00  1.442138e-02 
 1.960083e+00  1.147762e-02 
 1.960480e+00  9.438371e-03 
 1.960878e+00  8.658415e-03 
 1.961276e+00  8.985281e-03 
 1.961673e+00  1.017261e-02 
 1.962071e+00  1.193190e-02 
 1.962469e+00  1.389248e-02 
 1.962867e+00  1.582346e-02 
 1.963264e+00  1.755572e-02 
 1.963662e+00  1.884467e-02 
 1.964060e+00  1.964449e-02 
 1.964457e+00  1.978604e-02 
 1.964855e+00  1.894346e-02 
 1.965253e+00  1.694592e-02 
 1.965650e+00  1.375001e-02 
 1.966048e+00  9.388013e-03 
 1.966446e+00  4.150918e-03 
 1.966843e+00 -1.397020e-03 
 1.967241e+00 -6.803565e-03 
 1.967639e+00 -1.157704e-02 
 1.968037e+00 -1.520439e-02 
 1.968434e+00 -1.727688e-02 
 1.968832e+00 -1.730375e-02 
 1.969230e+00 -1.532746e-02 
 1.969627e+00 -1.164099e-02 
 1.970025e+00 -6.328924e-03 
 1.970423e+00  5.658686e-05 
 1.970820e+00  6.884495e-03 
 1.971218e+00  1.355540e-02 
 1.971616e+00  1.963059e-02 
 1.972014e+00  2.465674e-02 
 1.972411e+00  2.815832e-02 
 1.972809e+00  2.997208e-02 
 1.973207e+00  2.994021e-02 
 1.973604e+00  2.813043e-02 
 1.974002e+00  2.458650e-02 
 1.974400e+00  1.945949e-02 
 1.974797e+00  1.329102e-02 
 1.975195e+00  6.514182e-03 
 1.975593e+00 -3.277548e-04 
 1.975990e+00 -6.486606e-03 
 1.976388e+00 -1.151382e-02 
 1.976786e+00 -1.503542e-02 
 1.977184e+00 -1.687872e-02 
 1.977581e+00 -1.695717e-02 
 1.977979e+00 -1.536426e-02 
 1.978377e+00 -1.223886e-02 
 1.978774e+00 -7.937381e-03 
 1.979172e+00 -2.817172e-03 
 1.979570e+00  2.815263e-03 
 1.979967e+00  8.436510e-03 
 1.980365e+00  1.340775e-02 
 1.980763e+00  1.712356e-02 
 1.981161e+00  1.902459e-02 
 1.981558e+00  1.889745e-02 
 1.981956e+00  1.657571e-02 
 1.982354e+00  1.232640e-02 
 1.982751e+00  6.658366e-03 
 1.983149e+00  1.418254e-04 
 1.983547e+00 -6.423181e-03 
 1.983944e+00 -1.236529e-02 
 1.984342e+00 -1.691481e-02 
 1.984740e+00 -1.977516e-02 
 1.985137e+00 -2.080517e-02 
 1.985535e+00 -2.007713e-02 
 1.985933e+00 -1.779566e-02 
 1.986331e+00 -1.410308e-02 
 1.986728e+00 -9.171932e-03 
 1.987126e+00 -3.401915e-03 
 1.987524e+00  3.004800e-03 
 1.987921e+00  9.829183e-03 
 1.988319e+00  1.659228e-02 
 1.988717e+00  2.291262e-02 
 1.989114e+00  2.820026e-02 
 1.989512e+00  3.198356e-02 
 1.989910e+00  3.370287e-02 
 1.990308e+00  3.320361e-02 
 1.990705e+00  3.060243e-02 
 1.991103e+00  2.602392e-02 
 1.991501e+00  1.974923e-02 
 1.991898e+00  1.228014e-02 
 1.992296e+00  4.356808e-03 
 1.992694e+00 -3.481329e-03 
 1.993091e+00 -1.090015e-02 
 1.993489e+00 -1.741991e-02 
 1.993887e+00 -2.267885e-02 
 1.994284e+00 -2.660934e-02 
 1.994682e+00 -2.909485e-02 
 1.995080e+00 -2.994047e-02 
 1.995478e+00 -2.907784e-02 
 1.995875e+00 -2.645113e-02 
 1.996273e+00 -2.229834e-02 
 1.996671e+00 -1.667535e-02 
 1.997068e+00 -9.932162e-03 
 1.997466e+00 -2.699316e-03 
 1.997864e+00  4.389873e-03 
 1.998261e+00  1.060159e-02 
 1.998659e+00  1.539990e-02 
 1.999057e+00  1.837790e-02 
 1.999455e+00  1.939239e-02 
 1.999852e+00  1.847010e-02 
 2.000250e+00  1.596600e-02 
 2.000648e+00  1.211984e-02 
 2.001045e+00  7.310665e-03 
 2.001443e+00  2.094941e-03 
 2.001841e+00 -2.880496e-03 
 2.002238e+00 -7.264244e-03 
 2.002636e+00 -1.064610e-02 
 2.003034e+00 -1.255969e-02 
 2.003431e+00 -1.284510e-02 
 2.003829e+00 -1.141830e-02 
 2.004227e+00 -8.518762e-03 
 2.004625e+00 -4.422081e-03 
 2.005022e+00  4.710336e-04 
 2.005420e+00  5.865747e-03 
 2.005818e+00  1.125162e-02 
 2.006215e+00  1.659075e-02 
 2.006613e+00  2.165168e-02 
 2.007011e+00  2.604960e-02 
 2.007408e+00  2.946858e-02 
 2.007806e+00  3.147502e-02 
 2.008204e+00  3.185081e-02 
 2.008602e+00  3.034848e-02 
 2.008999e+00  2.695249e-02 
 2.009397e+00  2.156703e-02 
 2.009795e+00  1.447814e-02 
 2.010192e+00  6.120567e-03 
 2.010590e+00 -2.919532e-03 
 2.010988e+00 -1.186191e-02 
 2.011385e+00 -1.984889e-02 
 2.011783e+00 -2.624448e-02 
 2.012181e+00 -3.061585e-02 
 2.012578e+00 -3.256482e-02 
 2.012976e+00 -3.203978e-02 
 2.013374e+00 -2.923755e-02 
 2.013772e+00 -2.460231e-02 
 2.014169e+00 -1.833702e-02 
 2.014567e+00 -1.058238e-02 
 2.014965e+00 -1.913253e-03 
 2.015362e+00  7.133404e-03 
 2.015760e+00  1.623885e-02 
 2.016158e+00  2.462321e-02 
 2.016555e+00  3.165657e-02 
 2.016953e+00  3.681100e-02 
 2.017351e+00  3.962592e-02 
 2.017749e+00  3.992381e-02 
 2.018146e+00  3.760208e-02 
 2.018544e+00  3.309514e-02 
 2.018942e+00  2.709714e-02 
 2.019339e+00  2.023772e-02 
 2.019737e+00  1.302114e-02 
 2.020135e+00  6.091784e-03 
 2.020532e+00  5.366469e-05 
 2.020930e+00 -4.709079e-03 
 2.021328e+00 -7.904489e-03 
 2.021725e+00 -9.385254e-03 
 2.022123e+00 -9.210602e-03 
 2.022521e+00 -7.351577e-03 
 2.022919e+00 -4.145122e-03 
 2.023316e+00  6.950906e-05 
 2.023714e+00  4.806877e-03 
 2.024112e+00  9.663217e-03 
 2.024509e+00  1.401923e-02 
 2.024907e+00  1.748942e-02 
 2.025305e+00  1.988365e-02 
 2.025702e+00  2.064071e-02 
 2.026100e+00  1.954680e-02 
 2.026498e+00  1.647453e-02 
 2.026896e+00  1.169972e-02 
 2.027293e+00  5.629151e-03 
 2.027691e+00 -1.047927e-03 
 2.028089e+00 -7.778309e-03 
 2.028486e+00 -1.390453e-02 
 2.028884e+00 -1.897516e-02 
 2.029282e+00 -2.263665e-02 
 2.029679e+00 -2.469891e-02 
 2.030077e+00 -2.478555e-02 
 2.030475e+00 -2.275477e-02 
 2.030872e+00 -1.868292e-02 
 2.031270e+00 -1.282568e-02 
 2.031668e+00 -5.735934e-03 
 2.032066e+00  2.143695e-03 
 2.032463e+00  1.018583e-02 
 2.032861e+00  1.750158e-02 
 2.033259e+00  2.364606e-02 
 2.033656e+00  2.832087e-02 
 2.034054e+00  3.113245e-02 
 2.034452e+00  3.232143e-02 
 2.034849e+00  3.208178e-02 
 2.035247e+00  3.070689e-02 
 2.035645e+00  2.836928e-02 
 2.036043e+00  2.523395e-02 
 2.036440e+00  2.182439e-02 
 2.036838e+00  1.811840e-02 
 2.037236e+00  1.423611e-02 
 2.037633e+00  1.034834e-02 
 2.038031e+00  7.013750e-03 
 2.038429e+00  4.472879e-03 
 2.038826e+00  2.955530e-03 
 2.039224e+00  2.609681e-03 
 2.039622e+00  3.295307e-03 
 2.040019e+00  4.878594e-03 
 2.040417e+00  6.887485e-03 
 2.040815e+00  9.127761e-03 
 2.041213e+00  1.124386e-02 
 2.041610e+00  1.274666e-02 
 2.042008e+00  1.337976e-02 
 2.042406e+00  1.306011e-02 
 2.042803e+00  1.187895e-02 
 2.043201e+00  9.783113e-03 
 2.043599e+00  7.055108e-03 
 2.043996e+00  3.899289e-03 
 2.044394e+00  6.748971e-04 
 2.044792e+00 -2.265886e-03 
 2.045190e+00 -4.784082e-03 
 2.045587e+00 -6.541739e-03 
 2.045985e+00 -7.408970e-03 
 2.046383e+00 -7.311112e-03 
 2.046780e+00 -6.126453e-03 
 2.047178e+00 -3.725668e-03 
 2.047576e+00 -2.311449e-04 
 2.047973e+00  4.163526e-03 
 2.048371e+00  9.123520e-03 
 2.048769e+00  1.424565e-02 
 2.049166e+00  1.895821e-02 
 2.049564e+00  2.293651e-02 
 2.049962e+00  2.589820e-02 
 2.050360e+00  2.764089e-02 
 2.050757e+00  2.806489e-02 
 2.051155e+00  2.713085e-02 
 2.051553e+00  2.483698e-02 
 2.051950e+00  2.153966e-02 
 2.052348e+00  1.755916e-02 
 2.052746e+00  1.314802e-02 
 2.053143e+00  8.642105e-03 
 2.053541e+00  4.277403e-03 
 2.053939e+00  4.085005e-04 
 2.054337e+00 -2.595930e-03 
 2.054734e+00 -4.742883e-03 
 2.055132e+00 -6.173668e-03 
 2.055530e+00 -6.943453e-03 
 2.055927e+00 -6.965729e-03 
 2.056325e+00 -6.497444e-03 
 2.056723e+00 -5.342228e-03 
 2.057120e+00 -3.569466e-03 
 2.057518e+00 -1.512801e-03 
 2.057916e+00  7.326379e-04 
 2.058313e+00  3.193036e-03 
 2.058711e+00  5.779179e-03 
 2.059109e+00  8.150192e-03 
 2.059507e+00  1.001188e-02 
 2.059904e+00  1.111313e-02 
 2.060302e+00  1.130176e-02 
 2.060700e+00  1.045082e-02 
 2.061097e+00  8.589677e-03 
 2.061495e+00  6.004890e-03 
 2.061893e+00  3.088227e-03 
 2.062290e+00  2.204660e-04 
 2.062688e+00 -1.893688e-03 
 2.063086e+00 -2.905475e-03 
 2.063484e+00 -2.500657e-03 
 2.063881e+00 -8.765351e-04 
 2.064279e+00  2.015327e-03 
 2.064677e+00  6.039483e-03 
 2.065074e+00  1.077166e-02 
 2.065472e+00  1.587122e-02 
 2.065870e+00  2.087211e-02 
 2.066267e+00  2.557596e-02 
 2.066665e+00  2.970170e-02 
 2.067063e+00  3.315312e-02 
 2.067460e+00  3.561132e-02 
 2.067858e+00  3.692782e-02 
 2.068256e+00  3.680325e-02 
 2.068654e+00  3.499745e-02 
 2.069051e+00  3.141713e-02 
 2.069449e+00  2.620809e-02 
 2.069847e+00  1.972702e-02 
 2.070244e+00  1.244037e-02 
 2.070642e+00  5.059022e-03 
 2.071040e+00 -1.825155e-03 
 2.071437e+00 -7.890470e-03 
 2.071835e+00 -1.262690e-02 
 2.072233e+00 -1.578192e-02 
 2.072631e+00 -1.740271e-02 
 2.073028e+00 -1.743548e-02 
 2.073426e+00 -1.589194e-02 
 2.073824e+00 -1.294092e-02 
 2.074221e+00 -8.717288e-03 
 2.074619e+00 -3.629158e-03 
 2.075017e+00  1.879355e-03 
 2.075414e+00  7.346879e-03 
 2.075812e+00  1.234319e-02 
 2.076210e+00  1.659831e-02 
 2.076607e+00  1.972565e-02 
 2.077005e+00  2.136578e-02 
 2.077403e+00  2.136319e-02 
 2.077801e+00  1.984618e-02 
 2.078198e+00  1.690746e-02 
 2.078596e+00  1.258245e-02 
 2.078994e+00  7.390308e-03 
 2.079391e+00  1.839607e-03 
 2.079789e+00 -3.502072e-03 
 2.080187e+00 -7.969584e-03 
 2.080584e+00 -1.104993e-02 
 2.080982e+00 -1.262217e-02 
 2.081380e+00 -1.250714e-02 
 2.081778e+00 -1.070687e-02 
 2.082175e+00 -7.402152e-03 
 2.082573e+00 -2.869516e-03 
 2.082971e+00  2.556145e-03 
 2.083368e+00  8.532155e-03 
 2.083766e+00  1.471857e-02 
 2.084164e+00  2.039960e-02 
 2.084561e+00  2.509576e-02 
 2.084959e+00  2.820550e-02 
 2.085357e+00  2.936159e-02 
 2.085754e+00  2.854179e-02 
 2.086152e+00  2.571540e-02 
 2.086550e+00  2.116835e-02 
 2.086948e+00  1.534280e-02 
 2.087345e+00  8.513018e-03 
 2.087743e+00  1.227158e-03 
 2.088141e+00 -6.107065e-03 
 2.088538e+00 -1.311409e-02 
 2.088936e+00 -1.917283e-02 
 2.089334e+00 -2.376273e-02 
 2.089731e+00 -2.632124e-02 
 2.090129e+00 -2.655795e-02 
 2.090527e+00 -2.435184e-02 
 2.090925e+00 -1.987393e-02 
 2.091322e+00 -1.328345e-02 
 2.091720e+00 -4.949112e-03 
 2.092118e+00  4.610992e-03 
 2.092515e+00  1.468699e-02 
 2.092913e+00  2.456612e-02 
 2.093311e+00  3.338449e-02 
 2.093708e+00  4.036705e-02 
 2.094106e+00  4.490424e-02 
 2.094504e+00  4.670067e-02 
 2.094901e+00  4.560479e-02 
 2.095299e+00  4.199765e-02 
 2.095697e+00  3.636974e-02 
 2.096095e+00  2.918014e-02 
 2.096492e+00  2.115133e-02 
 2.096890e+00  1.280941e-02 
 2.097288e+00  4.558657e-03 
 2.097685e+00 -2.994573e-03 
 2.098083e+00 -9.358192e-03 
 2.098481e+00 -1.407715e-02 
 2.098878e+00 -1.678602e-02 
 2.099276e+00 -1.732196e-02 
 2.099674e+00 -1.573060e-02 
 2.100072e+00 -1.227943e-02 
 2.100469e+00 -7.611495e-03 
 2.100867e+00 -2.176478e-03 
 2.101265e+00  3.380244e-03 
 2.101662e+00  8.552529e-03 
 2.102060e+00  1.279843e-02 
 2.102458e+00  1.594770e-02 
 2.102855e+00  1.774329e-02 
 2.103253e+00  1.792189e-02 
 2.103651e+00  1.646229e-02 
 2.104048e+00  1.333445e-02 
 2.104446e+00  8.795173e-03 
 2.104844e+00  3.254149e-03 
 2.105242e+00 -2.828481e-03 
 2.105639e+00 -8.916655e-03 
 2.106037e+00 -1.457264e-02 
 2.106435e+00 -1.957318e-02 
 2.106832e+00 -2.366876e-02 
 2.107230e+00 -2.648823e-02 
 2.107628e+00 -2.774319e-02 
 2.108025e+00 -2.705164e-02 
 2.108423e+00 -2.414360e-02 
 2.108821e+00 -1.908411e-02 
 2.109219e+00 -1.215520e-02 
 2.109616e+00 -3.890025e-03 
 2.110014e+00  4.868471e-03 
 2.110412e+00  1.358134e-02 
 2.110809e+00  2.155699e-02 
 2.111207e+00  2.823699e-02 
 2.111605e+00  3.319000e-02 
 2.112002e+00  3.615527e-02 
 2.112400e+00  3.682428e-02 
 2.112798e+00  3.523186e-02 
 2.113195e+00  3.160737e-02 
 2.113593e+00  2.625421e-02 
 2.113991e+00  1.974212e-02 
 2.114389e+00  1.262948e-02 
 2.114786e+00  5.534244e-03 
 2.115184e+00 -1.113714e-03 
 2.115582e+00 -6.976003e-03 
 2.115979e+00 -1.181362e-02 
 2.116377e+00 -1.564251e-02 
 2.116775e+00 -1.838445e-02 
 2.117172e+00 -1.993015e-02 
 2.117570e+00 -2.012084e-02 
 2.117968e+00 -1.879338e-02 
 2.118366e+00 -1.612291e-02 
 2.118763e+00 -1.219695e-02 
 2.119161e+00 -7.327343e-03 
 2.119559e+00 -1.942932e-03 
 2.119956e+00  3.500119e-03 
 2.120354e+00  8.379303e-03 
 2.120752e+00  1.221671e-02 
 2.121149e+00  1.456772e-02 
 2.121547e+00  1.539164e-02 
 2.121945e+00  1.466368e-02 
 2.122342e+00  1.261897e-02 
 2.122740e+00  9.501561e-03 
 2.123138e+00  5.894985e-03 
 2.123536e+00  2.450752e-03 
 2.123933e+00 -6.181633e-04 
 2.124331e+00 -2.969691e-03 
 2.124729e+00 -4.539241e-03 
 2.125126e+00 -5.324085e-03 
 2.125524e+00 -5.379338e-03 
 2.125922e+00 -4.486506e-03 
 2.126319e+00 -2.840799e-03 
 2.126717e+00 -5.200592e-04 
 2.127115e+00  2.510676e-03 
 2.127513e+00  6.057875e-03 
 2.127910e+00  9.816189e-03 
 2.128308e+00  1.338033e-02 
 2.128706e+00  1.621780e-02 
 2.129103e+00  1.801883e-02 
 2.129501e+00  1.864928e-02 
 2.129899e+00  1.780861e-02 
 2.130296e+00  1.543362e-02 
 2.130694e+00  1.176157e-02 
 2.131092e+00  6.943236e-03 
 2.131489e+00  1.597812e-03 
 2.131887e+00 -3.783659e-03 
 2.132285e+00 -8.722870e-03 
 2.132683e+00 -1.279102e-02 
 2.133080e+00 -1.580556e-02 
 2.133478e+00 -1.765630e-02 
 2.133876e+00 -1.837669e-02 
 2.134273e+00 -1.804086e-02 
 2.134671e+00 -1.663557e-02 
 2.135069e+00 -1.420362e-02 
 2.135466e+00 -1.082616e-02 
 2.135864e+00 -6.791162e-03 
 2.136262e+00 -2.393282e-03 
 2.136660e+00  1.953937e-03 
 2.137057e+00  6.088861e-03 
 2.137455e+00  9.563175e-03 
 2.137853e+00  1.225718e-02 
 2.138250e+00  1.401515e-02 
 2.138648e+00  1.470366e-02 
 2.139046e+00  1.428700e-02 
 2.139443e+00  1.298081e-02 
 2.139841e+00  1.098396e-02 
 2.140239e+00  8.517767e-03 
 2.140636e+00  5.919360e-03 
 2.141034e+00  3.826502e-03 
 2.141432e+00  2.524097e-03 
 2.141830e+00  2.386717e-03 
 2.142227e+00  3.713215e-03 
 2.142625e+00  6.464289e-03 
 2.143023e+00  1.048985e-02 
 2.143420e+00  1.545838e-02 
 2.143818e+00  2.107930e-02 
 2.144216e+00  2.672730e-02 
 2.144613e+00  3.191415e-02 
 2.145011e+00  3.593640e-02 
 2.145409e+00  3.846287e-02 
 2.145807e+00  3.926890e-02 
 2.146204e+00  3.812311e-02 
 2.146602e+00  3.526010e-02 
 2.147000e+00  3.094773e-02 
 2.147397e+00  2.551717e-02 
 2.147795e+00  1.947387e-02 
 2.148193e+00  1.336617e-02 
 2.148590e+00  7.333437e-03 
 2.148988e+00  1.578702e-03 
 2.149386e+00 -3.598313e-03 
 2.149783e+00 -7.945841e-03 
 2.150181e+00 -1.105707e-02 
 2.150579e+00 -1.258446e-02 
 2.150977e+00 -1.233632e-02 
 2.151374e+00 -1.024123e-02 
 2.151772e+00 -6.563329e-03 
 2.152170e+00 -1.780319e-03 
 2.152567e+00  3.641005e-03 
 2.152965e+00  9.242617e-03 
 2.153363e+00  1.449519e-02 
 2.153760e+00  1.901403e-02 
 2.154158e+00  2.261451e-02 
 2.154556e+00  2.492954e-02 
 2.154954e+00  2.601738e-02 
 2.155351e+00  2.573214e-02 
 2.155749e+00  2.409273e-02 
 2.156147e+00  2.132854e-02 
 2.156544e+00  1.766083e-02 
 2.156942e+00  1.374790e-02 
 2.157340e+00  9.957207e-03 
 2.157737e+00  6.670529e-03 
 2.158135e+00  4.057352e-03 
 2.158533e+00  2.246378e-03 
 2.158930e+00  1.527519e-03 
 2.159328e+00  1.941598e-03 
 2.159726e+00  3.574541e-03 
 2.160124e+00  6.275561e-03 
 2.160521e+00  9.904059e-03 
 2.160919e+00  1.409133e-02 
 2.161317e+00  1.835858e-02 
 2.161714e+00  2.236583e-02 
 2.162112e+00  2.555232e-02 
 2.162510e+00  2.751416e-02 
 2.162907e+00  2.820326e-02 
 2.163305e+00  2.778107e-02 
 2.163703e+00  2.624166e-02 
 2.164101e+00  2.372632e-02 
 2.164498e+00  2.052735e-02 
 2.164896e+00  1.656665e-02 
 2.165294e+00  1.212437e-02 
 2.165691e+00  7.635810e-03 
 2.166089e+00  3.497764e-03 
 2.166487e+00 -5.155244e-05 
 2.166884e+00 -2.733112e-03 
 2.167282e+00 -4.496041e-03 
 2.167680e+00 -5.227749e-03 
 2.168077e+00 -4.993905e-03 
 2.168475e+00 -3.788052e-03 
 2.168873e+00 -1.593536e-03 
 2.169271e+00  1.679271e-03 
 2.169668e+00  5.888697e-03 
 2.170066e+00  1.096091e-02 
 2.170464e+00  1.657621e-02 
 2.170861e+00  2.216827e-02 
 2.171259e+00  2.723706e-02 
 2.171657e+00  3.139116e-02 
 2.172054e+00  3.416506e-02 
 2.172452e+00  3.533790e-02 
 2.172850e+00  3.481444e-02 
 2.173248e+00  3.272754e-02 
 2.173645e+00  2.918616e-02 
 2.174043e+00  2.435352e-02 
 2.174441e+00  1.864341e-02 
 2.174838e+00  1.258897e-02 
 2.175236e+00  6.792578e-03 
 2.175634e+00  1.639045e-03 
 2.176031e+00 -2.621712e-03 
 2.176429e+00 -5.786869e-03 
 2.176827e+00 -7.831375e-03 
 2.177224e+00 -8.648068e-03 
 2.177622e+00 -8.219103e-03 
 2.178020e+00 -6.599976e-03 
 2.178418e+00 -3.896930e-03 
 2.178815e+00 -3.472351e-04 
 2.179213e+00  3.717290e-03 
 2.179611e+00  7.907840e-03 
 2.180008e+00  1.155685e-02 
 2.180406e+00  1.431295e-02 
 2.180804e+00  1.592704e-02 
 2.181201e+00  1.618070e-02 
 2.181599e+00  1.507102e-02 
 2.181997e+00  1.266166e-02 
 2.182395e+00  9.072998e-03 
 2.182792e+00  4.602393e-03 
 2.183190e+00 -3.334596e-04 
 2.183588e+00 -5.262140e-03 
 2.183985e+00 -9.671368e-03 
 2.184383e+00 -1.319171e-02 
 2.184781e+00 -1.556151e-02 
 2.185178e+00 -1.646327e-02 
 2.185576e+00 -1.573209e-02 
 2.185974e+00 -1.337188e-02 
 2.186371e+00 -9.399166e-03 
 2.186769e+00 -3.933961e-03 
 2.187167e+00  2.732278e-03 
 2.187565e+00  1.017807e-02 
 2.187962e+00  1.801723e-02 
 2.188360e+00  2.564099e-02 
 2.188758e+00  3.216786e-02 
 2.189155e+00  3.702135e-02 
 2.189553e+00  3.985095e-02 
 2.189951e+00  4.019052e-02 
 2.190348e+00  3.810566e-02 
 2.190746e+00  3.359757e-02 
 2.191144e+00  2.700357e-02 
 2.191542e+00  1.884456e-02 
 2.191939e+00  9.796731e-03 
 2.192337e+00  8.163193e-04 
 2.192735e+00 -7.486058e-03 
 2.193132e+00 -1.436073e-02 
 2.193530e+00 -1.932287e-02 
 2.193928e+00 -2.206440e-02 
 2.194325e+00 -2.255742e-02 
 2.194723e+00 -2.106158e-02 
 2.195121e+00 -1.775844e-02 
 2.195518e+00 -1.291850e-02 
 2.195916e+00 -7.029748e-03 
 2.196314e+00 -4.730818e-04 
 2.196712e+00  6.196881e-03 
 2.197109e+00  1.252438e-02 
 2.197507e+00  1.784080e-02 
 2.197905e+00  2.160197e-02 
 2.198302e+00  2.361821e-02 
 2.198700e+00  2.360533e-02 
 2.199098e+00  2.164291e-02 
 2.199495e+00  1.791780e-02 
 2.199893e+00  1.259685e-02 
 2.200291e+00  6.082270e-03 
 2.200689e+00 -1.150262e-03 
 2.201086e+00 -8.699025e-03 
 2.201484e+00 -1.581482e-02 
 2.201882e+00 -2.181020e-02 
 2.202279e+00 -2.628236e-02 
 2.202677e+00 -2.867165e-02 
 2.203075e+00 -2.868250e-02 
 2.203472e+00 -2.636803e-02 
 2.203870e+00 -2.219974e-02 
 2.204268e+00 -1.639600e-02 
 2.204665e+00 -9.412838e-03 
 2.205063e+00 -1.834920e-03 
 2.205461e+00  5.841692e-03 
 2.205859e+00  1.307919e-02 
 2.206256e+00  1.909759e-02 
 2.206654e+00  2.346930e-02 
 2.207052e+00  2.582438e-02 
 2.207449e+00  2.597131e-02 
 2.207847e+00  2.392887e-02 
 2.208245e+00  1.983492e-02 
 2.208642e+00  1.420855e-02 
 2.209040e+00  7.443106e-03 
 2.209438e+00  1.229822e-04 
 2.209836e+00 -7.332153e-03 
 2.210233e+00 -1.447306e-02 
 2.210631e+00 -2.092192e-02 
 2.211029e+00 -2.625356e-02 
 2.211426e+00 -2.990724e-02 
 2.211824e+00 -3.149749e-02 
 2.212222e+00 -3.102387e-02 
 2.212619e+00 -2.856667e-02 
 2.213017e+00 -2.427927e-02 
 2.213415e+00 -1.866011e-02 
 2.213812e+00 -1.223573e-02 
 2.214210e+00 -5.473387e-03 
 2.214608e+00  1.295977e-03 
 2.215006e+00  7.639679e-03 
 2.215403e+00  1.333341e-02 
 2.215801e+00  1.817759e-02 
 2.216199e+00  2.174231e-02 
 2.216596e+00  2.379382e-02 
 2.216994e+00  2.440523e-02 
 2.217392e+00  2.366961e-02 
 2.217789e+00  2.176502e-02 
 2.218187e+00  1.906372e-02 
 2.218585e+00  1.580328e-02 
 2.218983e+00  1.226280e-02 
 2.219380e+00  8.810488e-03 
 2.219778e+00  5.586933e-03 
 2.220176e+00  2.939388e-03 
 2.220573e+00  1.304264e-03 
 2.220971e+00  1.037411e-03 
 2.221369e+00  2.121263e-03 
 2.221766e+00  4.474240e-03 
 2.222164e+00  7.778644e-03 
 2.222562e+00  1.151999e-02 
 2.222959e+00  1.524314e-02 
 2.223357e+00  1.860447e-02 
 2.223755e+00  2.113793e-02 
 2.224153e+00  2.268429e-02 
 2.224550e+00  2.317552e-02 
 2.224948e+00  2.259989e-02 
 2.225346e+00  2.106609e-02 
 2.225743e+00  1.859123e-02 
 2.226141e+00  1.523487e-02 
 2.226539e+00  1.145263e-02 
 2.226936e+00  7.587901e-03 
 2.227334e+00  3.930153e-03 
 2.227732e+00  6.998098e-04 
 2.228130e+00 -1.949500e-03 
 2.228527e+00 -4.109108e-03 
 2.228925e+00 -5.843406e-03 
 2.229323e+00 -6.902174e-03 
 2.229720e+00 -7.252065e-03 
 2.230118e+00 -6.877312e-03 
 2.230516e+00 -5.668904e-03 
 2.230913e+00 -3.483579e-03 
 2.231311e+00 -4.902121e-04 
 2.231709e+00  3.152296e-03 
 2.232106e+00  7.122215e-03 
 2.232504e+00  1.091870e-02 
 2.232902e+00  1.418806e-02 
 2.233300e+00  1.677136e-02 
 2.233697e+00  1.847180e-02 
 2.234095e+00  1.916618e-02 
 2.234493e+00  1.878149e-02 
 2.234890e+00  1.739282e-02 
 2.235288e+00  1.523313e-02 
 2.235686e+00  1.262232e-02 
 2.236083e+00  9.837986e-03 
 2.236481e+00  7.273651e-03 
 2.236879e+00  5.266958e-03 
 2.237277e+00  4.007822e-03 
 2.237674e+00  3.706887e-03 
 2.238072e+00  4.320206e-03 
 2.238470e+00  5.884548e-03 
 2.238867e+00  8.159489e-03 
 2.239265e+00  1.113660e-02 
 2.239663e+00  1.470127e-02 
 2.240060e+00  1.840916e-02 
 2.240458e+00  2.200334e-02 
 2.240856e+00  2.502809e-02 
 2.241253e+00  2.701580e-02 
 2.241651e+00  2.765923e-02 
 2.242049e+00  2.676025e-02 
 2.242447e+00  2.430758e-02 
 2.242844e+00  2.062041e-02 
 2.243242e+00  1.601963e-02 
 2.243640e+00  1.086274e-02 
 2.244037e+00  5.766084e-03 
 2.244435e+00  1.200764e-03 
 2.244833e+00 -2.389476e-03 
 2.245230e+00 -4.895314e-03 
 2.245628e+00 -6.083952e-03 
 2.246026e+00 -5.947008e-03 
 2.246424e+00 -4.603529e-03 
 2.246821e+00 -1.989271e-03 
 2.247219e+00  1.798090e-03 
 2.247617e+00  6.540406e-03 
 2.248014e+00  1.196541e-02 
 2.248412e+00  1.786459e-02 
 2.248810e+00  2.385508e-02 
 2.249207e+00  2.947971e-02 
 2.249605e+00  3.429693e-02 
 2.250003e+00  3.778460e-02 
 2.250400e+00  3.970650e-02 
 2.250798e+00  3.985692e-02 
 2.251196e+00  3.820344e-02 
 2.251594e+00  3.484104e-02 
 2.251991e+00  2.998843e-02 
 2.252389e+00  2.395151e-02 
 2.252787e+00  1.735226e-02 
 2.253184e+00  1.088784e-02 
 2.253582e+00  5.059835e-03 
 2.253980e+00  2.630842e-04 
 2.254377e+00 -3.018765e-03 
 2.254775e+00 -4.740090e-03 
 2.255173e+00 -4.792333e-03 
 2.255571e+00 -3.304105e-03 
 2.255968e+00 -4.589380e-04 
 2.256366e+00  3.171683e-03 
 2.256764e+00  7.129828e-03 
 2.257161e+00  1.093555e-02 
 2.257559e+00  1.408710e-02 
 2.257957e+00  1.620897e-02 
 2.258354e+00  1.710792e-02 
 2.258752e+00  1.672604e-02 
 2.259150e+00  1.510962e-02 
 2.259547e+00  1.240703e-02 
 2.259945e+00  8.756468e-03 
 2.260343e+00  4.278705e-03 
 2.260741e+00 -5.570973e-04 
 2.261138e+00 -5.527670e-03 
 2.261536e+00 -1.025812e-02 
 2.261934e+00 -1.431949e-02 
 2.262331e+00 -1.750796e-02 
 2.262729e+00 -1.943470e-02 
 2.263127e+00 -1.963989e-02 
 2.263524e+00 -1.807418e-02 
 2.263922e+00 -1.460829e-02 
 2.264320e+00 -9.383842e-03 
 2.264718e+00 -2.664547e-03 
 2.265115e+00  5.134142e-03 
 2.265513e+00  1.330249e-02 
 2.265911e+00  2.120760e-02 
 2.266308e+00  2.833923e-02 
 2.266706e+00  3.429553e-02 
 2.267104e+00  3.868126e-02 
 2.267501e+00  4.125121e-02 
 2.267899e+00  4.177907e-02 
 2.268297e+00  4.038069e-02 
 2.268694e+00  3.720838e-02 
 2.269092e+00  3.265150e-02 
 2.269490e+00  2.718515e-02 
 2.269888e+00  2.092521e-02 
 2.270285e+00  1.440269e-02 
 2.270683e+00  8.208611e-03 
 2.271081e+00  2.732641e-03 
 2.271478e+00 -1.668597e-03 
 2.271876e+00 -4.595201e-03 
 2.272274e+00 -5.907060e-03 
 2.272671e+00 -5.512245e-03 
 2.273069e+00 -3.462221e-03 
 2.273467e+00 -1.483935e-04 
 2.273865e+00  3.915944e-03 
 2.274262e+00  8.075660e-03 
 2.274660e+00  1.185190e-02 
 2.275058e+00  1.481006e-02 
 2.275455e+00  1.678513e-02 
 2.275853e+00  1.766003e-02 
 2.276251e+00  1.729524e-02 
 2.276648e+00  1.593691e-02 
 2.277046e+00  1.366992e-02 
 2.277444e+00  1.063021e-02 
 2.277841e+00  7.078183e-03 
 2.278239e+00  3.132667e-03 
 2.278637e+00 -9.208738e-04 
 2.279035e+00 -4.818111e-03 
 2.279432e+00 -8.111270e-03 
 2.279830e+00 -1.059846e-02 
 2.280228e+00 -1.216160e-02 
 2.280625e+00 -1.250585e-02 
 2.281023e+00 -1.161043e-02 
 2.281421e+00 -9.394824e-03 
 2.281818e+00 -5.898602e-03 
 2.282216e+00 -1.377283e-03 
 2.282614e+00  3.787818e-03 
 2.283012e+00  9.362511e-03 
 2.283409e+00  1.483299e-02 
 2.283807e+00  1.972511e-02 
 2.284205e+00  2.355176e-02 
 2.284602e+00  2.592333e-02 
 2.285000e+00  2.663339e-02 
 2.285398e+00  2.563022e-02 
 2.285795e+00  2.302015e-02 
 2.286193e+00  1.881660e-02 
 2.286591e+00  1.332073e-02 
 2.286988e+00  6.968249e-03 
 2.287386e+00  2.266887e-04 
 2.287784e+00 -6.404188e-03 
 2.288182e+00 -1.244607e-02 
 2.288579e+00 -1.741721e-02 
 2.288977e+00 -2.108082e-02 
 2.289375e+00 -2.310329e-02 
 2.289772e+00 -2.319022e-02 
 2.290170e+00 -2.137532e-02 
 2.290568e+00 -1.766525e-02 
 2.290965e+00 -1.228363e-02 
 2.291363e+00 -5.610641e-03 
 2.291761e+00  1.908458e-03 
 2.292159e+00  9.821059e-03 
 2.292556e+00  1.750851e-02 
 2.292954e+00  2.456151e-02 
 2.293352e+00  3.053984e-02 
 2.293749e+00  3.491497e-02 
 2.294147e+00  3.748407e-02 
 2.294545e+00  3.808977e-02 
 2.294942e+00  3.667816e-02 
 2.295340e+00  3.345812e-02 
 2.295738e+00  2.875397e-02 
 2.296135e+00  2.286167e-02 
 2.296533e+00  1.611519e-02 
 2.296931e+00  9.002766e-03 
 2.297329e+00  2.046472e-03 
 2.297726e+00 -4.303888e-03 
 2.298124e+00 -9.442158e-03 
 2.298522e+00 -1.289231e-02 
 2.298919e+00 -1.426800e-02 
 2.299317e+00 -1.326936e-02 
 2.299715e+00 -9.927699e-03 
 2.300112e+00 -4.507315e-03 
 2.300510e+00  2.461967e-03 
 2.300908e+00  1.041102e-02 
 2.301306e+00  1.846539e-02 
 2.301703e+00  2.580047e-02 
 2.302101e+00  3.148930e-02 
 2.302499e+00  3.480168e-02 
 2.302896e+00  3.539030e-02 
 2.303294e+00  3.313353e-02 
 2.303692e+00  2.829337e-02 
 2.304089e+00  2.133549e-02 
 2.304487e+00  1.293960e-02 
 2.304885e+00  3.869137e-03 
 2.305282e+00 -5.303505e-03 
 2.305680e+00 -1.396669e-02 
 2.306078e+00 -2.161794e-02 
 2.306476e+00 -2.779622e-02 
 2.306873e+00 -3.205780e-02 
 2.307271e+00 -3.403060e-02 
 2.307669e+00 -3.355149e-02 
 2.308066e+00 -3.080313e-02 
 2.308464e+00 -2.592331e-02 
 2.308862e+00 -1.939345e-02 
 2.309259e+00 -1.173164e-02 
 2.309657e+00 -3.496175e-03 
 2.310055e+00  4.607134e-03 
 2.310453e+00  1.208114e-02 
 2.310850e+00  1.844959e-02 
 2.311248e+00  2.316866e-02 
 2.311646e+00  2.596237e-02 
 2.312043e+00  2.686435e-02 
 2.312441e+00  2.598809e-02 
 2.312839e+00  2.349340e-02 
 2.313236e+00  1.984449e-02 
 2.313634e+00  1.538764e-02 
 2.314032e+00  1.058714e-02 
 2.314429e+00  5.890068e-03 
 2.314827e+00  1.712896e-03 
 2.315225e+00 -1.593346e-03 
 2.315623e+00 -3.884870e-03 
 2.316020e+00 -5.049935e-03 
 2.316418e+00 -4.958627e-03 
 2.316816e+00 -3.854061e-03 
 2.317213e+00 -1.962736e-03 
 2.317611e+00  4.288052e-04 
 2.318009e+00  2.915517e-03 
 2.318406e+00  5.220496e-03 
 2.318804e+00  7.061817e-03 
 2.319202e+00  8.355536e-03 
 2.319600e+00  8.971936e-03 
 2.319997e+00  8.905148e-03 
 2.320395e+00  8.259962e-03 
 2.320793e+00  7.102988e-03 
 2.321190e+00  5.660297e-03 
 2.321588e+00  4.036291e-03 
 2.321986e+00  2.475124e-03 
 2.322383e+00  1.206688e-03 
 2.322781e+00  3.923609e-04 
 2.323179e+00  3.118864e-04 
 2.323576e+00  9.906878e-04 
 2.323974e+00  2.228827e-03 
 2.324372e+00  3.970128e-03 
 2.324770e+00  6.009270e-03 
 2.325167e+00  8.163873e-03 
 2.325565e+00  1.031219e-02 
 2.325963e+00  1.218270e-02 
 2.326360e+00  1.361431e-02 
 2.326758e+00  1.449084e-02 
 2.327156e+00  1.484729e-02 
 2.327553e+00  1.477671e-02 
 2.327951e+00  1.444622e-02 
 2.328349e+00  1.398453e-02 
 2.328747e+00  1.335657e-02 
 2.329144e+00  1.259659e-02 
 2.329542e+00  1.144496e-02 
 2.329940e+00  9.709757e-03 
 2.330337e+00  7.296279e-03 
 2.330735e+00  4.468149e-03 
 2.331133e+00  1.437630e-03 
 2.331530e+00 -1.365714e-03 
 2.331928e+00 -3.636254e-03 
 2.332326e+00 -5.169199e-03 
 2.332723e+00 -5.714369e-03 
 2.333121e+00 -5.304064e-03 
 2.333519e+00 -4.157611e-03 
 2.333917e+00 -2.418185e-03 
 2.334314e+00 -2.925635e-04 
 2.334712e+00  1.911355e-03 
 2.335110e+00  3.908840e-03 
 2.335507e+00  5.527163e-03 
 2.335905e+00  6.465273e-03 
 2.336303e+00  6.593763e-03 
 2.336700e+00  5.876100e-03 
 2.337098e+00  4.231480e-03 
 2.337496e+00  1.920069e-03 
 2.337894e+00 -9.200510e-04 
 2.338291e+00 -3.969444e-03 
 2.338689e+00 -6.851381e-03 
 2.339087e+00 -9.359925e-03 
 2.339484e+00 -1.128356e-02 
 2.339882e+00 -1.250731e-02 
 2.340280e+00 -1.290627e-02 
 2.340677e+00 -1.235159e-02 
 2.341075e+00 -1.075489e-02 
 2.341473e+00 -8.092948e-03 
 2.341870e+00 -4.303033e-03 
 2.342268e+00  4.457593e-04 
 2.342666e+00  5.848160e-03 
 2.343064e+00  1.166320e-02 
 2.343461e+00  1.759921e-02 
 2.343859e+00  2.341355e-02 
 2.344257e+00  2.884462e-02 
 2.344654e+00  3.344801e-02 
 2.345052e+00  3.678384e-02 
 2.345450e+00  3.862410e-02 
 2.345847e+00  3.859558e-02 
 2.346245e+00  3.681123e-02 
 2.346643e+00  3.337191e-02 
 2.347041e+00  2.851150e-02 
 2.347438e+00  2.253166e-02 
 2.347836e+00  1.582358e-02 
 2.348234e+00  8.912858e-03 
 2.348631e+00  2.149117e-03 
 2.349029e+00 -4.071470e-03 
 2.349427e+00 -9.320986e-03 
 2.349824e+00 -1.331385e-02 
 2.350222e+00 -1.561783e-02 
 2.350620e+00 -1.595739e-02 
 2.351017e+00 -1.429761e-02 
 2.351415e+00 -1.084640e-02 
 2.351813e+00 -6.002258e-03 
 2.352211e+00 -3.129030e-04 
 2.352608e+00  5.770948e-03 
 2.353006e+00  1.172789e-02 
 2.353404e+00  1.696151e-02 
 2.353801e+00  2.097061e-02 
 2.354199e+00  2.343246e-02 
 2.354597e+00  2.411963e-02 
 2.354994e+00  2.303643e-02 
 2.355392e+00  2.035035e-02 
 2.355790e+00  1.627003e-02 
 2.356188e+00  1.123894e-02 
 2.356585e+00  5.785333e-03 
 2.356983e+00  1.922820e-04 
 2.357381e+00 -5.195609e-03 
 2.357778e+00 -1.010596e-02 
 2.358176e+00 -1.431822e-02 
 2.358574e+00 -1.736812e-02 
 2.358971e+00 -1.879327e-02 
 2.359369e+00 -1.830224e-02 
 2.359767e+00 -1.571002e-02 
 2.360164e+00 -1.115320e-02 
 2.360562e+00 -5.019040e-03 
 2.360960e+00  2.218907e-03 
 2.361358e+00  9.842474e-03 
 2.361755e+00  1.735483e-02 
 2.362153e+00  2.414831e-02 
 2.362551e+00  2.972368e-02 
 2.362948e+00  3.375392e-02 
 2.363346e+00  3.576827e-02 
 2.363744e+00  3.540538e-02 
 2.364141e+00  3.270459e-02 
 2.364539e+00  2.779313e-02 
 2.364937e+00  2.095050e-02 
 2.365335e+00  1.292591e-02 
 2.365732e+00  4.466518e-03 
 2.366130e+00 -3.602212e-03 
 2.366528e+00 -1.052782e-02 
 2.366925e+00 -1.563245e-02 
 2.367323e+00 -1.849576e-02 
 2.367721e+00 -1.884450e-02 
 2.368118e+00 -1.661179e-02 
 2.368516e+00 -1.203717e-02 
 2.368914e+00 -5.499690e-03 
 2.369311e+00  2.267062e-03 
 2.369709e+00  1.040963e-02 
 2.370107e+00  1.827092e-02 
 2.370505e+00  2.530451e-02 
 2.370902e+00  3.098890e-02 
 2.371300e+00  3.506965e-02 
 2.371698e+00  3.735402e-02 
 2.372095e+00  3.770251e-02 
 2.372493e+00  3.622873e-02 
 2.372891e+00  3.317502e-02 
 2.373288e+00  2.880785e-02 
 2.373686e+00  2.344588e-02 
 2.374084e+00  1.764139e-02 
 2.374482e+00  1.206046e-02 
 2.374879e+00  7.250077e-03 
 2.375277e+00  3.788062e-03 
 2.375675e+00  1.867121e-03 
 2.376072e+00  1.539630e-03 
 2.376470e+00  2.930593e-03 
 2.376868e+00  5.816208e-03 
 2.377265e+00  9.956146e-03 
 2.377663e+00  1.483738e-02 
 2.378061e+00  1.996194e-02 
 2.378458e+00  2.479830e-02 
 2.378856e+00  2.877531e-02 
 2.379254e+00  3.150076e-02 
 2.379652e+00  3.265495e-02 
 2.380049e+00  3.209290e-02 
 2.380447e+00  2.989598e-02 
 2.380845e+00  2.624306e-02 
 2.381242e+00  2.115617e-02 
 2.381640e+00  1.498424e-02 
 2.382038e+00  8.090410e-03 
 2.382435e+00  9.212704e-04 
 2.382833e+00 -5.859824e-03 
 2.383231e+00 -1.165569e-02 
 2.383629e+00 -1.599915e-02 
 2.384026e+00 -1.852334e-02 
 2.384424e+00 -1.912011e-02 
 2.384822e+00 -1.798163e-02 
 2.385219e+00 -1.540239e-02 
 2.385617e+00 -1.174235e-02 
 2.386015e+00 -7.370921e-03 
 2.386412e+00 -2.363988e-03 
 2.386810e+00  3.021819e-03 
 2.387208e+00  8.382740e-03 
 2.387605e+00  1.351288e-02 
 2.388003e+00  1.819254e-02 
 2.388401e+00  2.204061e-02 
 2.388799e+00  2.489433e-02 
 2.389196e+00  2.670147e-02 
 2.389594e+00  2.735921e-02 
 2.389992e+00  2.690047e-02 
 2.390389e+00  2.529869e-02 
 2.390787e+00  2.254024e-02 
 2.391185e+00  1.853413e-02 
 2.391582e+00  1.333325e-02 
 2.391980e+00  7.421516e-03 
 2.392378e+00  1.267367e-03 
 2.392776e+00 -4.378682e-03 
 2.393173e+00 -9.100012e-03 
 2.393571e+00 -1.252791e-02 
 2.393969e+00 -1.435651e-02 
 2.394366e+00 -1.451077e-02 
 2.394764e+00 -1.289821e-02 
 2.395162e+00 -9.563154e-03 
 2.395559e+00 -4.708685e-03 
 2.395957e+00  1.242117e-03 
 2.396355e+00  7.928211e-03 
 2.396752e+00  1.481284e-02 
 2.397150e+00  2.113530e-02 
 2.397548e+00  2.616566e-02 
 2.397946e+00  2.944913e-02 
 2.398343e+00  3.080546e-02 
 2.398741e+00  3.027103e-02 
 2.399139e+00  2.794727e-02 
 2.399536e+00  2.390002e-02 
 2.399934e+00  1.827929e-02 
 2.400332e+00  1.147409e-02 
 2.400729e+00  4.081032e-03 
 2.401127e+00 -3.425747e-03 
 2.401525e+00 -1.024543e-02 
 2.401923e+00 -1.587879e-02 
 2.402320e+00 -1.978469e-02 
 2.402718e+00 -2.169219e-02 
 2.403116e+00 -2.152153e-02 
 2.403513e+00 -1.957059e-02 
 2.403911e+00 -1.598633e-02 
 2.404309e+00 -1.100424e-02 
 2.404706e+00 -5.032292e-03 
 2.405104e+00  1.512014e-03 
 2.405502e+00  8.219205e-03 
 2.405899e+00  1.434394e-02 
 2.406297e+00  1.935476e-02 
 2.406695e+00  2.292540e-02 
 2.407093e+00  2.462562e-02 
 2.407490e+00  2.445927e-02 
 2.407888e+00  2.265281e-02 
 2.408286e+00  1.934900e-02 
 2.408683e+00  1.475725e-02 
 2.409081e+00  8.997530e-03 
 2.409479e+00  2.214559e-03 
 2.409876e+00 -5.230677e-03 
 2.410274e+00 -1.284119e-02 
 2.410672e+00 -2.011064e-02 
 2.411070e+00 -2.632318e-02 
 2.411467e+00 -3.080866e-02 
 2.411865e+00 -3.316237e-02 
 2.412263e+00 -3.339359e-02 
 2.412660e+00 -3.146020e-02 
 2.413058e+00 -2.783129e-02 
 2.413456e+00 -2.291160e-02 
 2.413853e+00 -1.726698e-02 
 2.414251e+00 -1.128295e-02 
 2.414649e+00 -5.482785e-03 
 2.415046e+00 -4.506894e-04 
 2.415444e+00  3.537266e-03 
 2.415842e+00  6.239158e-03 
 2.416240e+00  7.807466e-03 
 2.416637e+00  8.410950e-03 
 2.417035e+00  8.455544e-03 
 2.417433e+00  8.077885e-03 
 2.417830e+00  7.323168e-03 
 2.418228e+00  6.351654e-03 
 2.418626e+00  5.278181e-03 
 2.419023e+00  4.256754e-03 
 2.419421e+00  3.310194e-03 
 2.419819e+00  2.442674e-03 
 2.420217e+00  2.004304e-03 
 2.420614e+00  2.148065e-03 
 2.421012e+00  3.027625e-03 
 2.421410e+00  4.564698e-03 
 2.421807e+00  6.619393e-03 
 2.422205e+00  8.805732e-03 
 2.422603e+00  1.097017e-02 
 2.423000e+00  1.286988e-02 
 2.423398e+00  1.415036e-02 
 2.423796e+00  1.461098e-02 
 2.424193e+00  1.421702e-02 
 2.424591e+00  1.293901e-02 
 2.424989e+00  1.086434e-02 
 2.425387e+00  8.102484e-03 
 2.425784e+00  4.853639e-03 
 2.426182e+00  1.331439e-03 
 2.426580e+00 -2.044568e-03 
 2.426977e+00 -5.053994e-03 
 2.427375e+00 -7.401903e-03 
 2.427773e+00 -8.718618e-03 
 2.428170e+00 -8.931581e-03 
 2.428568e+00 -7.921308e-03 
 2.428966e+00 -5.636356e-03 
 2.429364e+00 -2.419803e-03 
 2.429761e+00  1.484526e-03 
 2.430159e+00  5.603351e-03 
 2.430557e+00  9.429157e-03 
 2.430954e+00  1.243745e-02 
 2.431352e+00  1.419880e-02 
 2.431750e+00  1.458168e-02 
 2.432147e+00  1.366768e-02 
 2.432545e+00  1.149052e-02 
 2.432943e+00  8.319206e-03 
 2.433340e+00  4.514106e-03 
 2.433738e+00  3.531976e-04 
 2.434136e+00 -3.790117e-03 
 2.434534e+00 -7.512655e-03 
 2.434931e+00 -1.034658e-02 
 2.435329e+00 -1.191251e-02 
 2.435727e+00 -1.192126e-02 
 2.436124e+00 -1.025792e-02 
 2.436522e+00 -7.013521e-03 
 2.436920e+00 -2.518931e-03 
 2.437317e+00  2.764078e-03 
 2.437715e+00  8.394062e-03 
 2.438113e+00  1.406798e-02 
 2.438511e+00  1.918695e-02 
 2.438908e+00  2.359642e-02 
 2.439306e+00  2.696830e-02 
 2.439704e+00  2.898710e-02 
 2.440101e+00  2.952433e-02 
 2.440499e+00  2.857924e-02 
 2.440897e+00  2.621770e-02 
 2.441294e+00  2.246579e-02 
 2.441692e+00  1.742323e-02 
 2.442090e+00  1.133557e-02 
 2.442487e+00  4.513647e-03 
 2.442885e+00 -2.623031e-03 
 2.443283e+00 -9.584687e-03 
 2.443681e+00 -1.566193e-02 
 2.444078e+00 -2.016131e-02 
 2.444476e+00 -2.259682e-02 
 2.444874e+00 -2.276385e-02 
 2.445271e+00 -2.075947e-02 
 2.445669e+00 -1.696054e-02 
 2.446067e+00 -1.175247e-02 
 2.446464e+00 -5.509786e-03 
 2.446862e+00  1.208207e-03 
 2.447260e+00  7.947565e-03 
 2.447658e+00  1.430483e-02 
 2.448055e+00  1.998700e-02 
 2.448453e+00  2.481632e-02 
 2.448851e+00  2.853125e-02 
 2.449248e+00  3.096711e-02 
 2.449646e+00  3.219471e-02 
 2.450044e+00  3.235305e-02 
 2.450441e+00  3.154611e-02 
 2.450839e+00  2.990618e-02 
 2.451237e+00  2.743206e-02 
 2.451634e+00  2.418575e-02 
 2.452032e+00  2.032261e-02 
 2.452430e+00  1.616511e-02 
 2.452828e+00  1.209921e-02 
 2.453225e+00  8.429720e-03 
 2.453623e+00  5.458981e-03 
 2.454021e+00  3.396942e-03 
 2.454418e+00  2.366384e-03 
 2.454816e+00  2.333497e-03 
 2.455214e+00  3.369236e-03 
 2.455611e+00  5.665595e-03 
 2.456009e+00  9.050128e-03 
 2.456407e+00  1.346845e-02 
 2.456805e+00  1.875757e-02 
 2.457202e+00  2.433407e-02 
 2.457600e+00  2.961162e-02 
 2.457998e+00  3.396819e-02 
 2.458395e+00  3.678431e-02 
 2.458793e+00  3.780042e-02 
 2.459191e+00  3.671693e-02 
 2.459588e+00  3.364890e-02 
 2.459986e+00  2.881055e-02 
 2.460384e+00  2.254490e-02 
 2.460781e+00  1.507323e-02 
 2.461179e+00  6.917316e-03 
 2.461577e+00 -1.365111e-03 
 2.461975e+00 -9.188600e-03 
 2.462372e+00 -1.574035e-02 
 2.462770e+00 -2.037454e-02 
 2.463168e+00 -2.266597e-02 
 2.463565e+00 -2.242630e-02 
 2.463963e+00 -1.956722e-02 
 2.464361e+00 -1.433675e-02 
 2.464758e+00 -7.228034e-03 
 2.465156e+00  9.582361e-04 
 2.465554e+00  9.368791e-03 
 2.465952e+00  1.726086e-02 
 2.466349e+00  2.405343e-02 
 2.466747e+00  2.913330e-02 
 2.467145e+00  3.229566e-02 
 2.467542e+00  3.338124e-02 
 2.467940e+00  3.256339e-02 
 2.468338e+00  3.015516e-02 
 2.468735e+00  2.639891e-02 
 2.469133e+00  2.151506e-02 
 2.469531e+00  1.570749e-02 
 2.469928e+00  9.392798e-03 
 2.470326e+00  3.078791e-03 
 2.470724e+00 -2.726089e-03 
 2.471122e+00 -7.522550e-03 
 2.471519e+00 -1.076885e-02 
 2.471917e+00 -1.215073e-02 
 2.472315e+00 -1.136850e-02 
 2.472712e+00 -8.558707e-03 
 2.473110e+00 -3.952729e-03 
 2.473508e+00  1.902458e-03 
 2.473905e+00  8.266982e-03 
 2.474303e+00  1.447125e-02 
 2.474701e+00  2.001030e-02 
 2.475099e+00  2.437290e-02 
 2.475496e+00  2.730520e-02 
 2.475894e+00  2.856440e-02 
 2.476292e+00  2.815424e-02 
 2.476689e+00  2.609739e-02 
 2.477087e+00  2.260661e-02 
 2.477485e+00  1.805822e-02 
 2.477882e+00  1.292599e-02 
 2.478280e+00  7.479202e-03 
 2.478678e+00  2.238718e-03 
 2.479075e+00 -2.291946e-03 
 2.479473e+00 -5.748893e-03 
 2.479871e+00 -7.749497e-03 
 2.480269e+00 -8.054689e-03 
 2.480666e+00 -6.580109e-03 
 2.481064e+00 -3.424300e-03 
 2.481462e+00  1.144588e-03 
 2.481859e+00  6.710343e-03 
 2.482257e+00  1.284400e-02 
 2.482655e+00  1.884079e-02 
 2.483052e+00  2.417559e-02 
 2.483450e+00  2.847631e-02 
 2.483848e+00  3.152713e-02 
 2.484246e+00  3.312957e-02 
 2.484643e+00  3.336779e-02 
 2.485041e+00  3.206449e-02 
 2.485439e+00  2.905302e-02 
 2.485836e+00  2.445445e-02 
 2.486234e+00  1.847665e-02 
 2.486632e+00  1.144210e-02 
 2.487029e+00  3.834374e-03 
 2.487427e+00 -3.833659e-03 
 2.487825e+00 -1.101798e-02 
 2.488222e+00 -1.708331e-02 
 2.488620e+00 -2.173208e-02 
 2.489018e+00 -2.470966e-02 
 2.489416e+00 -2.588338e-02 
 2.489813e+00 -2.523171e-02 
 2.490211e+00 -2.286449e-02 
 2.490609e+00 -1.907674e-02 
 2.491006e+00 -1.432757e-02 
 2.491404e+00 -9.106840e-03 
 2.491802e+00 -3.904592e-03 
 2.492199e+00  9.069515e-04 
 2.492597e+00  4.853278e-03 
 2.492995e+00  7.536497e-03 
 2.493393e+00  8.807871e-03 
 2.493790e+00  8.508728e-03 
 2.494188e+00  6.859190e-03 
 2.494586e+00  3.994675e-03 
 2.494983e+00  3.774956e-04 
 2.495381e+00 -3.573188e-03 
 2.495779e+00 -7.362566e-03 
 2.496176e+00 -1.049992e-02 
 2.496574e+00 -1.269434e-02 
 2.496972e+00 -1.387853e-02 
 2.497369e+00 -1.413573e-02 
 2.497767e+00 -1.350279e-02 
 2.498165e+00 -1.216610e-02 
 2.498563e+00 -1.019082e-02 
 2.498960e+00 -7.778661e-03 
 2.499358e+00 -4.920619e-03 
 2.499756e+00 -1.719756e-03 
 2.500153e+00  1.699627e-03 
 2.500551e+00  5.083006e-03 
 2.500949e+00  8.234339e-03 
 2.501346e+00  1.103129e-02 
 2.501744e+00  1.331854e-02 
 2.502142e+00  1.511746e-02 
 2.502540e+00  1.647922e-02 
 2.502937e+00  1.720887e-02 
 2.503335e+00  1.718124e-02 
 2.503733e+00  1.636241e-02 
 2.504130e+00  1.470809e-02 
 2.504528e+00  1.244799e-02 
 2.504926e+00  9.672904e-03 
 2.505323e+00  6.569225e-03 
 2.505721e+00  3.478010e-03 
 2.506119e+00  5.575315e-04 
 2.506516e+00 -2.032806e-03 
 2.506914e+00 -4.149758e-03 
 2.507312e+00 -5.750723e-03 
 2.507710e+00 -6.743761e-03 
 2.508107e+00 -6.964981e-03 
 2.508505e+00 -6.253921e-03 
 2.508903e+00 -4.702460e-03 
 2.509300e+00 -2.515945e-03 
 2.509698e+00 -2.348456e-06 
 2.510096e+00  2.581974e-03 
 2.510493e+00  5.089255e-03 
 2.510891e+00  7.341420e-03 
 2.511289e+00  9.211390e-03 
 2.511687e+00  1.070048e-02 
 2.512084e+00  1.166446e-02 
 2.512482e+00  1.195687e-02 
 2.512880e+00  1.155918e-02 
 2.513277e+00  1.037608e-02 
 2.513675e+00  8.551975e-03 
 2.514073e+00  6.357903e-03 
 2.514470e+00  3.996347e-03 
 2.514868e+00  1.531280e-03 
 2.515266e+00 -8.217479e-04 
 2.515663e+00 -2.971400e-03 
 2.516061e+00 -4.681630e-03 
 2.516459e+00 -5.885014e-03 
 2.516857e+00 -6.497607e-03 
 2.517254e+00 -6.454472e-03 
 2.517652e+00 -5.833467e-03 
 2.518050e+00 -4.656474e-03 
 2.518447e+00 -3.071371e-03 
 2.518845e+00 -1.383414e-03 
 2.519243e+00  1.710413e-04 
 2.519640e+00  1.368686e-03 
 2.520038e+00  2.106367e-03 
 2.520436e+00  2.372059e-03 
 2.520834e+00  1.889029e-03 
 2.521231e+00  6.258805e-04 
 2.521629e+00 -1.425646e-03 
 2.522027e+00 -3.998529e-03 
 2.522424e+00 -6.640388e-03 
 2.522822e+00 -8.981438e-03 
 2.523220e+00 -1.039507e-02 
 2.523617e+00 -1.051826e-02 
 2.524015e+00 -9.110865e-03 
 2.524413e+00 -6.030833e-03 
 2.524810e+00 -1.575068e-03 
 2.525208e+00  3.804378e-03 
 2.525606e+00  9.707201e-03 
 2.526004e+00  1.543095e-02 
 2.526401e+00  2.077120e-02 
 2.526799e+00  2.511684e-02 
 2.527197e+00  2.815248e-02 
 2.527594e+00  2.953848e-02 
 2.527992e+00  2.923901e-02 
 2.528390e+00  2.735285e-02 
 2.528787e+00  2.416932e-02 
 2.529185e+00  2.013008e-02 
 2.529583e+00  1.569898e-02 
 2.529981e+00  1.124477e-02 
 2.530378e+00  7.306403e-03 
 2.530776e+00  4.045354e-03 
 2.531174e+00  1.701247e-03 
 2.531571e+00  4.775512e-04 
 2.531969e+00  4.167871e-04 
 2.532367e+00  1.682727e-03 
 2.532764e+00  4.253496e-03 
 2.533162e+00  8.038647e-03 
 2.533560e+00  1.272268e-02 
 2.533957e+00  1.793211e-02 
 2.534355e+00  2.299123e-02 
 2.534753e+00  2.729982e-02 
 2.535151e+00  3.032584e-02 
 2.535548e+00  3.165429e-02 
 2.535946e+00  3.116409e-02 
 2.536344e+00  2.871208e-02 
 2.536741e+00  2.435252e-02 
 2.537139e+00  1.824968e-02 
 2.537537e+00  1.092082e-02 
 2.537934e+00  2.908633e-03 
 2.538332e+00 -5.173602e-03 
 2.538730e+00 -1.273767e-02 
 2.539128e+00 -1.935992e-02 
 2.539525e+00 -2.454951e-02 
 2.539923e+00 -2.797639e-02 
 2.540321e+00 -2.939382e-02 
 2.540718e+00 -2.861875e-02 
 2.541116e+00 -2.569678e-02 
 2.541514e+00 -2.074657e-02 
 2.541911e+00 -1.397796e-02 
 2.542309e+00 -5.802780e-03 
 2.542707e+00  3.128964e-03 
 2.543104e+00  1.205807e-02 
 2.543502e+00  2.034503e-02 
 2.543900e+00  2.741186e-02 
 2.544298e+00  3.281497e-02 
 2.544695e+00  3.632046e-02 
 2.545093e+00  3.765671e-02 
 2.545491e+00  3.692587e-02 
 2.545888e+00  3.429181e-02 
 2.546286e+00  2.995171e-02 
 2.546684e+00  2.431240e-02 
 2.547081e+00  1.785505e-02 
 2.547479e+00  1.108149e-02 
 2.547877e+00  4.453882e-03 
 2.548275e+00 -1.472621e-03 
 2.548672e+00 -6.442484e-03 
 2.549070e+00 -1.033093e-02 
 2.549468e+00 -1.291746e-02 
 2.549865e+00 -1.416490e-02 
 2.550263e+00 -1.392365e-02 
 2.550661e+00 -1.219818e-02 
 2.551058e+00 -9.125337e-03 
 2.551456e+00 -4.812103e-03 
 2.551854e+00  3.441577e-04 
 2.552251e+00  6.220365e-03 
 2.552649e+00  1.228067e-02 
 2.553047e+00  1.783565e-02 
 2.553445e+00  2.249422e-02 
 2.553842e+00  2.569431e-02 
 2.554240e+00  2.729276e-02 
 2.554638e+00  2.712781e-02 
 2.555035e+00  2.513922e-02 
 2.555433e+00  2.150991e-02 
 2.555831e+00  1.664827e-02 
 2.556228e+00  1.115255e-02 
 2.556626e+00  5.525000e-03 
 2.557024e+00  3.631125e-04 
 2.557422e+00 -3.820238e-03 
 2.557819e+00 -6.834936e-03 
 2.558217e+00 -8.326975e-03 
 2.558615e+00 -8.411575e-03 
 2.559012e+00 -7.360308e-03 
 2.559410e+00 -5.217084e-03 
 2.559808e+00 -2.172698e-03 
 2.560205e+00  1.560103e-03 
 2.560603e+00  5.751745e-03 
 2.561001e+00  1.021236e-02 
 2.561398e+00  1.456439e-02 
 2.561796e+00  1.866722e-02 
 2.562194e+00  2.233584e-02 
 2.562592e+00  2.534313e-02 
 2.562989e+00  2.751368e-02 
 2.563387e+00  2.868838e-02 
 2.563785e+00  2.879558e-02 
 2.564182e+00  2.784648e-02 
 2.564580e+00  2.602249e-02 
 2.564978e+00  2.337195e-02 
 2.565375e+00  1.997101e-02 
 2.565773e+00  1.607368e-02 
 2.566171e+00  1.181318e-02 
 2.566569e+00  7.349044e-03 
 2.566966e+00  2.940680e-03 
 2.567364e+00 -1.196608e-03 
 2.567762e+00 -4.799400e-03 
 2.568159e+00 -7.465803e-03 
 2.568557e+00 -8.984471e-03 
 2.568955e+00 -9.122781e-03 
 2.569352e+00 -7.917621e-03 
 2.569750e+00 -5.619094e-03 
 2.570148e+00 -2.365983e-03 
 2.570545e+00  1.485370e-03 
 2.570943e+00  5.397629e-03 
 2.571341e+00  8.960923e-03 
 2.571739e+00  1.199701e-02 
 2.572136e+00  1.432985e-02 
 2.572534e+00  1.585094e-02 
 2.572932e+00  1.643758e-02 
 2.573329e+00  1.618291e-02 
 2.573727e+00  1.513023e-02 
 2.574125e+00  1.346751e-02 
 2.574522e+00  1.151460e-02 
 2.574920e+00  9.536018e-03 
 2.575318e+00  7.659351e-03 
 2.575716e+00  6.155643e-03 
 2.576113e+00  5.198779e-03 
 2.576511e+00  4.881038e-03 
 2.576909e+00  5.201960e-03 
 2.577306e+00  6.110477e-03 
 2.577704e+00  7.516247e-03 
 2.578102e+00  9.331215e-03 
 2.578499e+00  1.148178e-02 
 2.578897e+00  1.370611e-02 
 2.579295e+00  1.587078e-02 
 2.579692e+00  1.778647e-02 
 2.580090e+00  1.916406e-02 
 2.580488e+00  1.986195e-02 
 2.580886e+00  1.960900e-02 
 2.581283e+00  1.818662e-02 
 2.581681e+00  1.561239e-02 
 2.582079e+00  1.191316e-02 
 2.582476e+00  7.216602e-03 
 2.582874e+00  1.943757e-03 
 2.583272e+00 -3.329051e-03 
 2.583669e+00 -8.058804e-03 
 2.584067e+00 -1.182525e-02 
 2.584465e+00 -1.416747e-02 
 2.584863e+00 -1.485687e-02 
 2.585260e+00 -1.379989e-02 
 2.585658e+00 -1.100353e-02 
 2.586056e+00 -6.773783e-03 
 2.586453e+00 -1.482827e-03 
 2.586851e+00  4.256882e-03 
 2.587249e+00  9.797073e-03 
 2.587646e+00  1.468191e-02 
 2.588044e+00  1.856389e-02 
 2.588442e+00  2.118208e-02 
 2.588839e+00  2.241072e-02 
 2.589237e+00  2.225593e-02 
 2.589635e+00  2.084161e-02 
 2.590033e+00  1.828286e-02 
 2.590430e+00  1.474298e-02 
 2.590828e+00  1.066474e-02 
 2.591226e+00  6.367557e-03 
 2.591623e+00  2.370654e-03 
 2.592021e+00 -7.230689e-04 
 2.592419e+00 -2.574231e-03 
 2.592816e+00 -3.002269e-03 
 2.593214e+00 -2.010992e-03 
 2.593612e+00  3.278805e-04 
 2.594010e+00  3.967925e-03 
 2.594407e+00  8.494712e-03 
 2.594805e+00  1.345459e-02 
 2.595203e+00  1.821558e-02 
 2.595600e+00  2.229912e-02 
 2.595998e+00  2.537169e-02 
 2.596396e+00  2.709594e-02 
 2.596793e+00  2.745788e-02 
 2.597191e+00  2.644809e-02 
 2.597589e+00  2.400380e-02 
 2.597986e+00  2.045832e-02 
 2.598384e+00  1.604829e-02 
 2.598782e+00  1.090021e-02 
 2.599180e+00  5.393155e-03 
 2.599577e+00 -8.603444e-05 
 2.599975e+00 -5.216465e-03 
 2.600373e+00 -9.629014e-03 
 2.600770e+00 -1.306795e-02 
 2.601168e+00 -1.536453e-02 
 2.601566e+00 -1.641919e-02 
 2.601963e+00 -1.611421e-02 
 2.602361e+00 -1.455046e-02 
 2.602759e+00 -1.174736e-02 
 2.603157e+00 -7.890823e-03 
 2.603554e+00 -3.190341e-03 
 2.603952e+00  2.036416e-03 
 2.604350e+00  7.329592e-03 
 2.604747e+00  1.210755e-02 
 2.605145e+00  1.585337e-02 
 2.605543e+00  1.836390e-02 
 2.605940e+00  1.939502e-02 
 2.606338e+00  1.897771e-02 
 2.606736e+00  1.746339e-02 
 2.607133e+00  1.516769e-02 
 2.607531e+00  1.246691e-02 
 2.607929e+00  9.674292e-03 
 2.608327e+00  7.064301e-03 
 2.608724e+00  4.644670e-03 
 2.609122e+00  2.326352e-03 
 2.609520e+00  1.663829e-04 
 2.609917e+00 -1.740777e-03 
 2.610315e+00 -3.311709e-03 
 2.610713e+00 -4.459638e-03 
 2.611110e+00 -5.064449e-03 
 2.611508e+00 -5.105736e-03 
 2.611906e+00 -4.559170e-03 
 2.612304e+00 -3.381909e-03 
 2.612701e+00 -1.814138e-03 
 2.613099e+00  2.177449e-04 
 2.613497e+00  2.400670e-03 
 2.613894e+00  4.538308e-03 
 2.614292e+00  6.387762e-03 
 2.614690e+00  7.719577e-03 
 2.615087e+00  8.206801e-03 
 2.615485e+00  7.833561e-03 
 2.615883e+00  6.899242e-03 
 2.616280e+00  5.402110e-03 
 2.616678e+00  3.455192e-03 
 2.617076e+00  1.198726e-03 
 2.617474e+00 -1.176587e-03 
 2.617871e+00 -3.460662e-03 
 2.618269e+00 -5.279166e-03 
 2.618667e+00 -6.565937e-03 
 2.619064e+00 -7.213586e-03 
 2.619462e+00 -6.995548e-03 
 2.619860e+00 -5.966546e-03 
 2.620257e+00 -3.891814e-03 
 2.620655e+00 -9.869194e-04 
 2.621053e+00  2.465678e-03 
 2.621451e+00  6.088016e-03 
 2.621848e+00  9.656605e-03 
 2.622246e+00  1.282406e-02 
 2.622644e+00  1.517331e-02 
 2.623041e+00  1.663426e-02 
 2.623439e+00  1.703891e-02 
 2.623837e+00  1.641316e-02 
 2.624234e+00  1.512934e-02 
 2.624632e+00  1.336832e-02 
 2.625030e+00  1.128201e-02 
 2.625427e+00  8.951349e-03 
 2.625825e+00  6.507222e-03 
 2.626223e+00  4.039508e-03 
 2.626621e+00  1.446154e-03 
 2.627018e+00 -1.154549e-03 
 2.627416e+00 -3.618250e-03 
 2.627814e+00 -5.980059e-03 
 2.628211e+00 -7.923042e-03 
 2.628609e+00 -9.419315e-03 
 2.629007e+00 -1.032622e-02 
 2.629404e+00 -1.054287e-02 
 2.629802e+00 -1.007042e-02 
 2.630200e+00 -8.870352e-03 
 2.630598e+00 -6.916760e-03 
 2.630995e+00 -4.471684e-03 
 2.631393e+00 -1.979058e-03 
 2.631791e+00  3.585874e-04 
 2.632188e+00  2.182459e-03 
 2.632586e+00  3.149671e-03 
 2.632984e+00  3.103534e-03 
 2.633381e+00  2.052041e-03 
 2.633779e+00  9.970357e-05 
 2.634177e+00 -2.553952e-03 
 2.634574e+00 -5.400270e-03 
 2.634972e+00 -8.184123e-03 
 2.635370e+00 -1.056405e-02 
 2.635768e+00 -1.213340e-02 
 2.636165e+00 -1.276305e-02 
 2.636563e+00 -1.222158e-02 
 2.636961e+00 -1.044047e-02 
 2.637358e+00 -7.435447e-03 
 2.637756e+00 -3.147932e-03 
 2.638154e+00  2.321870e-03 
 2.638551e+00  8.494416e-03 
 2.638949e+00  1.474793e-02 
 2.639347e+00  2.066893e-02 
 2.639744e+00  2.580904e-02 
 2.640142e+00  2.967613e-02 
 2.640540e+00  3.186839e-02 
 2.640938e+00  3.213939e-02 
 2.641335e+00  3.028445e-02 
 2.641733e+00  2.650814e-02 
 2.642131e+00  2.119433e-02 
 2.642528e+00  1.473123e-02 
 2.642926e+00  7.439939e-03 
 2.643324e+00 -2.268585e-04 
 2.643721e+00 -7.736968e-03 
 2.644119e+00 -1.454571e-02 
 2.644517e+00 -2.018518e-02 
 2.644915e+00 -2.419520e-02 
 2.645312e+00 -2.612554e-02 
 2.645710e+00 -2.562194e-02 
 2.646108e+00 -2.260147e-02 
 2.646505e+00 -1.725826e-02 
 2.646903e+00 -1.006893e-02 
 2.647301e+00 -1.640502e-03 
 2.647698e+00  7.173971e-03 
 2.648096e+00  1.573574e-02 
 2.648494e+00  2.336871e-02 
 2.648891e+00  2.933937e-02 
 2.649289e+00  3.349515e-02 
 2.649687e+00  3.562420e-02 
 2.650085e+00  3.560899e-02 
 2.650482e+00  3.346729e-02 
 2.650880e+00  2.955038e-02 
 2.651278e+00  2.411472e-02 
 2.651675e+00  1.764600e-02 
 2.652073e+00  1.088643e-02 
 2.652471e+00  4.451629e-03 
 2.652868e+00 -1.057225e-03 
 2.653266e+00 -5.170488e-03 
 2.653664e+00 -7.491006e-03 
 2.654062e+00 -7.811858e-03 
 2.654459e+00 -6.203843e-03 
 2.654857e+00 -2.887123e-03 
 2.655255e+00  1.677608e-03 
 2.655652e+00  7.152330e-03 
 2.656050e+00  1.279893e-02 
 2.656448e+00  1.813777e-02 
 2.656845e+00  2.259168e-02 
 2.657243e+00  2.588718e-02 
 2.657641e+00  2.772098e-02 
 2.658038e+00  2.823408e-02 
 2.658436e+00  2.758673e-02 
 2.658834e+00  2.578133e-02 
 2.659232e+00  2.307580e-02 
 2.659629e+00  1.949202e-02 
 2.660027e+00  1.526481e-02 
 2.660425e+00  1.050315e-02 
 2.660822e+00  5.449856e-03 
 2.661220e+00  3.590895e-04 
 2.661618e+00 -4.219143e-03 
 2.662015e+00 -7.991858e-03 
 2.662413e+00 -1.082844e-02 
 2.662811e+00 -1.256539e-02 
 2.663209e+00 -1.315362e-02 
 2.663606e+00 -1.254102e-02 
 2.664004e+00 -1.079685e-02 
 2.664402e+00 -7.963565e-03 
 2.664799e+00 -4.212124e-03 
 2.665197e+00  1.624517e-05 
 2.665595e+00  4.662666e-03 
 2.665992e+00  9.688539e-03 
 2.666390e+00  1.475708e-02 
 2.666788e+00  1.960863e-02 
 2.667185e+00  2.401261e-02 
 2.667583e+00  2.770068e-02 
 2.667981e+00  3.054477e-02 
 2.668379e+00  3.248319e-02 
 2.668776e+00  3.358339e-02 
 2.669174e+00  3.404496e-02 
 2.669572e+00  3.396507e-02 
 2.669969e+00  3.337675e-02 
 2.670367e+00  3.232111e-02 
 2.670765e+00  3.064446e-02 
 2.671162e+00  2.820853e-02 
 2.671560e+00  2.505186e-02 
 2.671958e+00  2.144264e-02 
 2.672356e+00  1.756804e-02 
 2.672753e+00  1.376478e-02 
 2.673151e+00  1.050163e-02 
 2.673549e+00  7.988202e-03 
 2.673946e+00  6.486090e-03 
 2.674344e+00  6.200747e-03 
 2.674742e+00  6.963379e-03 
 2.675139e+00  8.406214e-03 
 2.675537e+00  1.021909e-02 
 2.675935e+00  1.209910e-02 
 2.676332e+00  1.375288e-02 
 2.676730e+00  1.496345e-02 
 2.677128e+00  1.567355e-02 
 2.677526e+00  1.572331e-02 
 2.677923e+00  1.504744e-02 
 2.678321e+00  1.369226e-02 
 2.678719e+00  1.162898e-02 
 2.679116e+00  8.882962e-03 
 2.679514e+00  5.607765e-03 
 2.679912e+00  2.055808e-03 
 2.680309e+00 -1.215786e-03 
 2.680707e+00 -3.716945e-03 
 2.681105e+00 -5.136684e-03 
 2.681503e+00 -5.215012e-03 
 2.681900e+00 -3.906331e-03 
 2.682298e+00 -1.300070e-03 
 2.682696e+00  2.070084e-03 
 2.683093e+00  5.746132e-03 
 2.683491e+00  9.439221e-03 
 2.683889e+00  1.273397e-02 
 2.684286e+00  1.534140e-02 
 2.684684e+00  1.691595e-02 
 2.685082e+00  1.740903e-02 
 2.685479e+00  1.696471e-02 
 2.685877e+00  1.576837e-02 
 2.686275e+00  1.406459e-02 
 2.686673e+00  1.196958e-02 
 2.687070e+00  9.683383e-03 
 2.687468e+00  7.310205e-03 
 2.687866e+00  5.129565e-03 
 2.688263e+00  3.359664e-03 
 2.688661e+00  1.969760e-03 
 2.689059e+00  1.012154e-03 
 2.689456e+00  9.002727e-04 
 2.689854e+00  1.726454e-03 
 2.690252e+00  3.321285e-03 
 2.690650e+00  5.460262e-03 
 2.691047e+00  7.605142e-03 
 2.691445e+00  9.256635e-03 
 2.691843e+00  1.030372e-02 
 2.692240e+00  1.053795e-02 
 2.692638e+00  1.000554e-02 
 2.693036e+00  8.776923e-03 
 2.693433e+00  6.985778e-03 
 2.693831e+00  4.883788e-03 
 2.694229e+00  2.447473e-03 
 2.694626e+00 -3.072993e-04 
 2.695024e+00 -3.423749e-03 
 2.695422e+00 -6.765350e-03 
 2.695820e+00 -9.926572e-03 
 2.696217e+00 -1.258323e-02 
 2.696615e+00 -1.409402e-02 
 2.697013e+00 -1.429215e-02 
 2.697410e+00 -1.298335e-02 
 2.697808e+00 -1.016100e-02 
 2.698206e+00 -5.806026e-03 
 2.698603e+00 -3.401300e-04 
 2.699001e+00  5.761132e-03 
 2.699399e+00  1.181355e-02 
 2.699797e+00  1.737802e-02 
 2.700194e+00  2.197930e-02 
 2.700592e+00  2.530770e-02 
 2.700990e+00  2.729491e-02 
 2.701387e+00  2.779504e-02 
 2.701785e+00  2.695052e-02 
 2.702183e+00  2.475630e-02 
 2.702580e+00  2.119979e-02 
 2.702978e+00  1.632796e-02 
 2.703376e+00  1.029946e-02 
 2.703773e+00  3.355078e-03 
 2.704171e+00 -3.735517e-03 
 2.704569e+00 -1.037393e-02 
 2.704967e+00 -1.599003e-02 
 2.705364e+00 -1.994897e-02 
 2.705762e+00 -2.189442e-02 
 2.706160e+00 -2.188288e-02 
 2.706557e+00 -2.011040e-02 
 2.706955e+00 -1.712784e-02 
 2.707353e+00 -1.312387e-02 
 2.707750e+00 -8.600638e-03 
 2.708148e+00 -3.713704e-03 
 2.708546e+00  1.166526e-03 
 2.708944e+00  5.708064e-03 
 2.709341e+00  9.617784e-03 
 2.709739e+00  1.268940e-02 
 2.710137e+00  1.455761e-02 
 2.710534e+00  1.513443e-02 
 2.710932e+00  1.402070e-02 
 2.711330e+00  1.128061e-02 
 2.711727e+00  7.277602e-03 
 2.712125e+00  2.300234e-03 
 2.712523e+00 -3.163702e-03 
 2.712920e+00 -8.466407e-03 
 2.713318e+00 -1.303736e-02 
 2.713716e+00 -1.635991e-02 
 2.714114e+00 -1.797688e-02 
 2.714511e+00 -1.777350e-02 
 2.714909e+00 -1.586270e-02 
 2.715307e+00 -1.242490e-02 
 2.715704e+00 -7.805225e-03 
 2.716102e+00 -2.571451e-03 
 2.716500e+00  2.723058e-03 
 2.716897e+00  7.607566e-03 
 2.717295e+00  1.172054e-02 
 2.717693e+00  1.496735e-02 
 2.718091e+00  1.715754e-02 
 2.718488e+00  1.809674e-02 
 2.718886e+00  1.779083e-02 
 2.719284e+00  1.620647e-02 
 2.719681e+00  1.361244e-02 
 2.720079e+00  1.027707e-02 
 2.720477e+00  6.667931e-03 
 2.720874e+00  3.072922e-03 
 2.721272e+00 -2.899817e-04 
 2.721670e+00 -3.173114e-03 
 2.722067e+00 -5.411920e-03 
 2.722465e+00 -7.157074e-03 
 2.722863e+00 -8.541583e-03 
 2.723261e+00 -9.503495e-03 
 2.723658e+00 -9.994336e-03 
 2.724056e+00 -9.908604e-03 
 2.724454e+00 -9.131220e-03 
 2.724851e+00 -7.652425e-03 
 2.725249e+00 -5.397283e-03 
 2.725647e+00 -2.487253e-03 
 2.726044e+00  7.102003e-04 
 2.726442e+00  3.988355e-03 
 2.726840e+00  6.959775e-03 
 2.727238e+00  9.222293e-03 
 2.727635e+00  1.080397e-02 
 2.728033e+00  1.190910e-02 
 2.728431e+00  1.245866e-02 
 2.728828e+00  1.257776e-02 
 2.729226e+00  1.244447e-02 
 2.729624e+00  1.212168e-02 
 2.730021e+00  1.143917e-02 
 2.730419e+00  1.037432e-02 
 2.730817e+00  8.866647e-03 
 2.731214e+00  6.867179e-03 
 2.731612e+00  4.789206e-03 
 2.732010e+00  2.927120e-03 
 2.732408e+00  1.610714e-03 
 2.732805e+00  1.129620e-03 
 2.733203e+00  1.608858e-03 
 2.733601e+00  3.016506e-03 
 2.733998e+00  5.227145e-03 
 2.734396e+00  7.833739e-03 
 2.734794e+00  1.028959e-02 
 2.735191e+00  1.227676e-02 
 2.735589e+00  1.370541e-02 
 2.735987e+00  1.440020e-02 
 2.736385e+00  1.436104e-02 
 2.736782e+00  1.372992e-02 
 2.737180e+00  1.246121e-02 
 2.737578e+00  1.075400e-02 
 2.737975e+00  8.603960e-03 
 2.738373e+00  5.936267e-03 
 2.738771e+00  2.767258e-03 
 2.739168e+00 -1.017687e-03 
 2.739566e+00 -4.946478e-03 
 2.739964e+00 -8.879156e-03 
 2.740361e+00 -1.237842e-02 
 2.740759e+00 -1.501590e-02 
 2.741157e+00 -1.633012e-02 
 2.741555e+00 -1.589627e-02 
 2.741952e+00 -1.341187e-02 
 2.742350e+00 -8.999882e-03 
 2.742748e+00 -3.096514e-03 
 2.743145e+00  4.003404e-03 
 2.743543e+00  1.144486e-02 
 2.743941e+00  1.897119e-02 
 2.744338e+00  2.607808e-02 
 2.744736e+00  3.203156e-02 
 2.745134e+00  3.637843e-02 
 2.745532e+00  3.894119e-02 
 2.745929e+00  3.948324e-02 
 2.746327e+00  3.790047e-02 
 2.746725e+00  3.450254e-02 
 2.747122e+00  2.955768e-02 
 2.747520e+00  2.347749e-02 
 2.747918e+00  1.695748e-02 
 2.748315e+00  1.059304e-02 
 2.748713e+00  4.891175e-03 
 2.749111e+00  3.256110e-04 
 2.749508e+00 -2.765894e-03 
 2.749906e+00 -4.086081e-03 
 2.750304e+00 -3.441623e-03 
 2.750702e+00 -1.153655e-03 
 2.751099e+00  2.451954e-03 
 2.751497e+00  7.121810e-03 
 2.751895e+00  1.231267e-02 
 2.752292e+00  1.745126e-02 
 2.752690e+00  2.214360e-02 
 2.753088e+00  2.606033e-02 
 2.753485e+00  2.892026e-02 
 2.753883e+00  3.035090e-02 
 2.754281e+00  3.015484e-02 
 2.754679e+00  2.814920e-02 
 2.755076e+00  2.427584e-02 
 2.755474e+00  1.903177e-02 
 2.755872e+00  1.292807e-02 
 2.756269e+00  6.370786e-03 
 2.756667e+00  4.370727e-05 
 2.757065e+00 -5.626489e-03 
 2.757462e+00 -1.005695e-02 
 2.757860e+00 -1.296956e-02 
 2.758258e+00 -1.422998e-02 
 2.758655e+00 -1.389723e-02 
 2.759053e+00 -1.202609e-02 
 2.759451e+00 -8.475265e-03 
 2.759849e+00 -3.482352e-03 
 2.760246e+00  2.675708e-03 
 2.760644e+00  9.584654e-03 
 2.761042e+00  1.664913e-02 
 2.761439e+00  2.328078e-02 
 2.761837e+00  2.918667e-02 
 2.762235e+00  3.376704e-02 
 2.762632e+00  3.664860e-02 
 2.763030e+00  3.789093e-02 
 2.763428e+00  3.753491e-02 
 2.763826e+00  3.575871e-02 
 2.764223e+00  3.286317e-02 
 2.764621e+00  2.909157e-02 
 2.765019e+00  2.457167e-02 
 2.765416e+00  1.969086e-02 
 2.765814e+00  1.475557e-02 
 2.766212e+00  9.993644e-03 
 2.766609e+00  5.777942e-03 
 2.767007e+00  2.001679e-03 
 2.767405e+00 -1.135368e-03 
 2.767802e+00 -3.428455e-03 
 2.768200e+00 -4.932426e-03 
 2.768598e+00 -5.788321e-03 
 2.768996e+00 -5.819205e-03 
 2.769393e+00 -5.135497e-03 
 2.769791e+00 -3.838089e-03 
 2.770189e+00 -2.131582e-03 
 2.770586e+00 -2.485535e-04 
 2.770984e+00  1.737730e-03 
 2.771382e+00  3.513358e-03 
 2.771779e+00  5.051951e-03 
 2.772177e+00  6.273232e-03 
 2.772575e+00  6.832567e-03 
 2.772973e+00  6.876283e-03 
 2.773370e+00  6.469960e-03 
 2.773768e+00  5.825960e-03 
 2.774166e+00  5.025285e-03 
 2.774563e+00  4.137605e-03 
 2.774961e+00  3.208995e-03 
 2.775359e+00  2.505421e-03 
 2.775756e+00  2.214940e-03 
 2.776154e+00  2.397147e-03 
 2.776552e+00  3.196517e-03 
 2.776949e+00  4.552364e-03 
 2.777347e+00  6.375456e-03 
 2.777745e+00  8.311790e-03 
 2.778143e+00  1.021804e-02 
 2.778540e+00  1.162654e-02 
 2.778938e+00  1.228024e-02 
 2.779336e+00  1.252615e-02 
 2.779733e+00  1.235476e-02 
 2.780131e+00  1.185227e-02 
 2.780529e+00  1.107496e-02 
 2.780926e+00  9.991801e-03 
 2.781324e+00  8.735593e-03 
 2.781722e+00  7.605078e-03 
 2.782120e+00  6.713382e-03 
 2.782517e+00  6.051483e-03 
 2.782915e+00  5.633053e-03 
 2.783313e+00  5.427058e-03 
 2.783710e+00  5.309389e-03 
 2.784108e+00  5.167487e-03 
 2.784506e+00  4.782202e-03 
 2.784903e+00  4.030796e-03 
 2.785301e+00  3.164448e-03 
 2.785699e+00  2.214310e-03 
 2.786096e+00  1.112120e-03 
 2.786494e+00 -1.509762e-04 
 2.786892e+00 -1.432183e-03 
 2.787290e+00 -2.739382e-03 
 2.787687e+00 -3.762089e-03 
 2.788085e+00 -4.365213e-03 
 2.788483e+00 -4.552037e-03 
 2.788880e+00 -4.328109e-03 
 2.789278e+00 -3.781829e-03 
 2.789676e+00 -2.914178e-03 
 2.790073e+00 -1.766966e-03 
 2.790471e+00 -6.544781e-04 
 2.790869e+00  4.473557e-04 
 2.791267e+00  1.400459e-03 
 2.791664e+00  2.364653e-03 
 2.792062e+00  3.322527e-03 
 2.792460e+00  4.325164e-03 
 2.792857e+00  5.462535e-03 
 2.793255e+00  6.919998e-03 
 2.793653e+00  8.635360e-03 
 2.794050e+00  1.062720e-02 
 2.794448e+00  1.285599e-02 
 2.794846e+00  1.504913e-02 
 2.795243e+00  1.705948e-02 
 2.795641e+00  1.896054e-02 
 2.796039e+00  2.033961e-02 
 2.796437e+00  2.087109e-02 
 2.796834e+00  2.044442e-02 
 2.797232e+00  1.906897e-02 
 2.797630e+00  1.670353e-02 
 2.798027e+00  1.368193e-02 
 2.798425e+00  1.002303e-02 
 2.798823e+00  5.848317e-03 
 2.799220e+00  1.347291e-03 
 2.799618e+00 -3.383666e-03 
 2.800016e+00 -8.231003e-03 
 2.800414e+00 -1.293541e-02 
 2.800811e+00 -1.711432e-02 
 2.801209e+00 -2.030827e-02 
 2.801607e+00 -2.192420e-02 
 2.802004e+00 -2.167146e-02 
 2.802402e+00 -1.971215e-02 
 2.802800e+00 -1.607115e-02 
 2.803197e+00 -1.107036e-02 
 2.803595e+00 -5.145389e-03 
 2.803993e+00  1.146261e-03 
 2.804390e+00  7.384558e-03 
 2.804788e+00  1.304621e-02 
 2.805186e+00  1.781565e-02 
 2.805584e+00  2.148087e-02 
 2.805981e+00  2.367863e-02 
 2.806379e+00  2.410590e-02 
 2.806777e+00  2.274059e-02 
 2.807174e+00  1.978867e-02 
 2.807572e+00  1.558585e-02 
 2.807970e+00  1.054394e-02 
 2.808367e+00  5.154392e-03 
 2.808765e+00 -7.850373e-05 
 2.809163e+00 -4.477113e-03 
 2.809561e+00 -7.585673e-03 
 2.809958e+00 -9.155590e-03 
 2.810356e+00 -8.957746e-03 
 2.810754e+00 -6.925998e-03 
 2.811151e+00 -3.107467e-03 
 2.811549e+00  2.098679e-03 
 2.811947e+00  8.243217e-03 
 2.812344e+00  1.461128e-02 
 2.812742e+00  2.031982e-02 
 2.813140e+00  2.517365e-02 
 2.813537e+00  2.872567e-02 
 2.813935e+00  3.068701e-02 
 2.814333e+00  3.099686e-02 
 2.814731e+00  2.962742e-02 
 2.815128e+00  2.657376e-02 
 2.815526e+00  2.202214e-02 
 2.815924e+00  1.624239e-02 
 2.816321e+00  9.516290e-03 
 2.816719e+00  2.474576e-03 
 2.817117e+00 -4.192480e-03 
 2.817514e+00 -9.897208e-03 
 2.817912e+00 -1.407510e-02 
 2.818310e+00 -1.660577e-02 
 2.818708e+00 -1.750634e-02 
 2.819105e+00 -1.687222e-02 
 2.819503e+00 -1.484805e-02 
 2.819901e+00 -1.181693e-02 
 2.820298e+00 -8.134420e-03 
 2.820696e+00 -3.960590e-03 
 2.821094e+00  4.531934e-04 
 2.821491e+00  4.887438e-03 
 2.821889e+00  9.222065e-03 
 2.822287e+00  1.304888e-02 
 2.822684e+00  1.608402e-02 
 2.823082e+00  1.819299e-02 
 2.823480e+00  1.924812e-02 
 2.823878e+00  1.908097e-02 
 2.824275e+00  1.750650e-02 
 2.824673e+00  1.459221e-02 
 2.825071e+00  1.060916e-02 
 2.825468e+00  6.049653e-03 
 2.825866e+00  1.477146e-03 
 2.826264e+00 -2.560973e-03 
 2.826661e+00 -5.736759e-03 
 2.827059e+00 -7.560440e-03 
 2.827457e+00 -8.093378e-03 
 2.827855e+00 -7.563368e-03 
 2.828252e+00 -6.366134e-03 
 2.828650e+00 -4.694596e-03 
 2.829048e+00 -2.928299e-03 
 2.829445e+00 -9.184198e-04 
 2.829843e+00  1.235144e-03 
 2.830241e+00  3.345710e-03 
 2.830638e+00  5.450673e-03 
 2.831036e+00  7.412370e-03 
 2.831434e+00  8.981323e-03 
 2.831831e+00  9.965280e-03 
 2.832229e+00  1.017329e-02 
 2.832627e+00  9.616043e-03 
 2.833025e+00  8.407592e-03 
 2.833422e+00  6.839200e-03 
 2.833820e+00  4.908445e-03 
 2.834218e+00  2.746600e-03 
 2.834615e+00  4.209714e-04 
 2.835013e+00 -2.096603e-03 
 2.835411e+00 -4.361368e-03 
 2.835808e+00 -6.036938e-03 
 2.836206e+00 -7.026339e-03 
 2.836604e+00 -6.948632e-03 
 2.837002e+00 -5.668557e-03 
 2.837399e+00 -3.275119e-03 
 2.837797e+00  1.344190e-04 
 2.838195e+00  4.321923e-03 
 2.838592e+00  8.989089e-03 
 2.838990e+00  1.384668e-02 
 2.839388e+00  1.860003e-02 
 2.839785e+00  2.289560e-02 
 2.840183e+00  2.641472e-02 
 2.840581e+00  2.876760e-02 
 2.840978e+00  2.982562e-02 
 2.841376e+00  2.955773e-02 
 2.841774e+00  2.798250e-02 
 2.842172e+00  2.515641e-02 
 2.842569e+00  2.116056e-02 
 2.842967e+00  1.630861e-02 
 2.843365e+00  1.082626e-02 
 2.843762e+00  5.012709e-03 
 2.844160e+00 -7.281130e-04 
 2.844558e+00 -5.987530e-03 
 2.844955e+00 -1.034709e-02 
 2.845353e+00 -1.345288e-02 
 2.845751e+00 -1.506797e-02 
 2.846149e+00 -1.526135e-02 
 2.846546e+00 -1.421756e-02 
 2.846944e+00 -1.215044e-02 
 2.847342e+00 -9.429210e-03 
 2.847739e+00 -6.391717e-03 
 2.848137e+00 -3.283171e-03 
 2.848535e+00 -3.044315e-04 
 2.848932e+00  2.599382e-03 
 2.849330e+00  5.509540e-03 
 2.849728e+00  8.485797e-03 
 2.850125e+00  1.124736e-02 
 2.850523e+00  1.358382e-02 
 2.850921e+00  1.525014e-02 
 2.851319e+00  1.583041e-02 
 2.851716e+00  1.521257e-02 
 2.852114e+00  1.334689e-02 
 2.852512e+00  1.043475e-02 
 2.852909e+00  6.952814e-03 
 2.853307e+00  3.522721e-03 
 2.853705e+00  5.275798e-04 
 2.854102e+00 -1.488542e-03 
 2.854500e+00 -2.187898e-03 
 2.854898e+00 -1.434652e-03 
 2.855296e+00  6.838851e-04 
 2.855693e+00  3.904043e-03 
 2.856091e+00  7.800833e-03 
 2.856489e+00  1.213685e-02 
 2.856886e+00  1.654775e-02 
 2.857284e+00  2.088253e-02 
 2.857682e+00  2.476867e-02 
 2.858079e+00  2.790232e-02 
 2.858477e+00  2.982725e-02 
 2.858875e+00  3.046112e-02 
 2.859272e+00  2.982194e-02 
 2.859670e+00  2.764086e-02 
 2.860068e+00  2.402237e-02 
 2.860466e+00  1.908464e-02 
 2.860863e+00  1.311580e-02 
 2.861261e+00  6.562383e-03 
 2.861659e+00  8.514264e-06 
 2.862056e+00 -6.049423e-03 
 2.862454e+00 -1.115596e-02 
 2.862852e+00 -1.490309e-02 
 2.863249e+00 -1.704730e-02 
 2.863647e+00 -1.757860e-02 
 2.864045e+00 -1.667441e-02 
 2.864443e+00 -1.444983e-02 
 2.864840e+00 -1.099768e-02 
 2.865238e+00 -6.532776e-03 
 2.865636e+00 -1.206798e-03 
 2.866033e+00  4.455124e-03 
 2.866431e+00  9.990809e-03 
 2.866829e+00  1.500187e-02 
 2.867226e+00  1.900960e-02 
 2.867624e+00  2.183231e-02 
 2.868022e+00  2.336360e-02 
 2.868419e+00  2.359604e-02 
 2.868817e+00  2.279142e-02 
 2.869215e+00  2.116352e-02 
 2.869613e+00  1.899611e-02 
 2.870010e+00  1.646238e-02 
 2.870408e+00  1.400553e-02 
 2.870806e+00  1.193533e-02 
 2.871203e+00  1.051806e-02 
 2.871601e+00  9.901593e-03 
 2.871999e+00  1.017982e-02 
 2.872396e+00  1.123476e-02 
 2.872794e+00  1.293987e-02 
 2.873192e+00  1.503431e-02 
 2.873590e+00  1.703281e-02 
 2.873987e+00  1.854287e-02 
 2.874385e+00  1.927667e-02 
 2.874783e+00  1.897659e-02 
 2.875180e+00  1.758098e-02 
 2.875578e+00  1.507089e-02 
 2.875976e+00  1.140269e-02 
 2.876373e+00  6.956437e-03 
 2.876771e+00  2.307299e-03 
 2.877169e+00 -2.066396e-03 
 2.877566e+00 -5.775402e-03 
 2.877964e+00 -8.411028e-03 
 2.878362e+00 -9.914176e-03 
 2.878760e+00 -1.016246e-02 
 2.879157e+00 -9.317856e-03 
 2.879555e+00 -7.534558e-03 
 2.879953e+00 -5.203420e-03 
 2.880350e+00 -2.640404e-03 
 2.880748e+00  1.327967e-04 
 2.881146e+00  3.050792e-03 
 2.881543e+00  5.944928e-03 
 2.881941e+00  8.571263e-03 
 2.882339e+00  1.072976e-02 
 2.882737e+00  1.230303e-02 
 2.883134e+00  1.324053e-02 
 2.883532e+00  1.342288e-02 
 2.883930e+00  1.287325e-02 
 2.884327e+00  1.175858e-02 
 2.884725e+00  1.023233e-02 
 2.885123e+00  8.612861e-03 
 2.885520e+00  7.352176e-03 
 2.885918e+00  6.469253e-03 
 2.886316e+00  6.102685e-03 
 2.886713e+00  6.385017e-03 
 2.887111e+00  7.394289e-03 
 2.887509e+00  9.012752e-03 
 2.887907e+00  1.126670e-02 
 2.888304e+00  1.391910e-02 
 2.888702e+00  1.670016e-02 
 2.889100e+00  1.948911e-02 
 2.889497e+00  2.207700e-02 
 2.889895e+00  2.416570e-02 
 2.890293e+00  2.562263e-02 
 2.890690e+00  2.634540e-02 
 2.891088e+00  2.616817e-02 
 2.891486e+00  2.513250e-02 
 2.891884e+00  2.314127e-02 
 2.892281e+00  2.026726e-02 
 2.892679e+00  1.668128e-02 
 2.893077e+00  1.265415e-02 
 2.893474e+00  8.428367e-03 
 2.893872e+00  4.123181e-03 
 2.894270e+00  8.469939e-05 
 2.894667e+00 -3.549716e-03 
 2.895065e+00 -6.564891e-03 
 2.895463e+00 -8.703305e-03 
 2.895860e+00 -1.006990e-02 
 2.896258e+00 -1.061272e-02 
 2.896656e+00 -1.021604e-02 
 2.897054e+00 -8.894478e-03 
 2.897451e+00 -6.716264e-03 
 2.897849e+00 -3.830785e-03 
 2.898247e+00 -4.619459e-04 
 2.898644e+00  3.396274e-03 
 2.899042e+00  7.676566e-03 
 2.899440e+00  1.219729e-02 
 2.899837e+00  1.670594e-02 
 2.900235e+00  2.092991e-02 
 2.900633e+00  2.471871e-02 
 2.901031e+00  2.771847e-02 
 2.901428e+00  2.968849e-02 
 2.901826e+00  3.024953e-02 
 2.902224e+00  2.911513e-02 
 2.902621e+00  2.619825e-02 
 2.903019e+00  2.185555e-02 
 2.903417e+00  1.638150e-02 
 2.903814e+00  1.000132e-02 
 2.904212e+00  3.280705e-03 
 2.904610e+00 -3.231744e-03 
 2.905007e+00 -8.987408e-03 
 2.905405e+00 -1.353947e-02 
 2.905803e+00 -1.652987e-02 
 2.906201e+00 -1.792158e-02 
 2.906598e+00 -1.769331e-02 
 2.906996e+00 -1.591577e-02 
 2.907394e+00 -1.296473e-02 
 2.907791e+00 -9.126558e-03 
 2.908189e+00 -4.921148e-03 
 2.908587e+00 -8.182038e-04 
 2.908984e+00  2.995452e-03 
 2.909382e+00  6.315311e-03 
 2.909780e+00  8.719589e-03 
 2.910178e+00  1.011835e-02 
 2.910575e+00  1.041719e-02 
 2.910973e+00  9.684438e-03 
 2.911371e+00  8.004919e-03 
 2.911768e+00  5.547356e-03 
 2.912166e+00  2.427715e-03 
 2.912564e+00 -1.179686e-03 
 2.912961e+00 -5.045363e-03 
 2.913359e+00 -8.736699e-03 
 2.913757e+00 -1.196930e-02 
 2.914154e+00 -1.436475e-02 
 2.914552e+00 -1.553799e-02 
 2.914950e+00 -1.521673e-02 
 2.915348e+00 -1.338665e-02 
 2.915745e+00 -1.021543e-02 
 2.916143e+00 -5.879937e-03 
 2.916541e+00 -7.826654e-04 
 2.916938e+00  4.877063e-03 
 2.917336e+00  1.069603e-02 
 2.917734e+00  1.638221e-02 
 2.918131e+00  2.149330e-02 
 2.918529e+00  2.571335e-02 
 2.918927e+00  2.870259e-02 
 2.919325e+00  3.019283e-02 
 2.919722e+00  2.994429e-02 
 2.920120e+00  2.787463e-02 
 2.920518e+00  2.412605e-02 
 2.920915e+00  1.905785e-02 
 2.921313e+00  1.282313e-02 
 2.921711e+00  5.762022e-03 
 2.922108e+00 -1.587169e-03 
 2.922506e+00 -8.604685e-03 
 2.922904e+00 -1.465363e-02 
 2.923301e+00 -1.913929e-02 
 2.923699e+00 -2.175523e-02 
 2.924097e+00 -2.250063e-02 
 2.924495e+00 -2.140430e-02 
 2.924892e+00 -1.877060e-02 
 2.925290e+00 -1.500627e-02 
 2.925688e+00 -1.060279e-02 
 2.926085e+00 -6.198201e-03 
 2.926483e+00 -2.016631e-03 
 2.926881e+00  1.765322e-03 
 2.927278e+00  4.846752e-03 
 2.927676e+00  6.995995e-03 
 2.928074e+00  8.012048e-03 
 2.928472e+00  7.688776e-03 
 2.928869e+00  6.066945e-03 
 2.929267e+00  3.334626e-03 
 2.929665e+00 -1.599563e-04 
 2.930062e+00 -4.084488e-03 
 2.930460e+00 -7.968231e-03 
 2.930858e+00 -1.138646e-02 
 2.931255e+00 -1.383080e-02 
 2.931653e+00 -1.524848e-02 
 2.932051e+00 -1.541488e-02 
 2.932448e+00 -1.437618e-02 
 2.932846e+00 -1.204807e-02 
 2.933244e+00 -8.589020e-03 
 2.933642e+00 -4.354788e-03 
 2.934039e+00  3.485450e-04 
 2.934437e+00  5.102018e-03 
 2.934835e+00  9.469143e-03 
 2.935232e+00  1.307809e-02 
 2.935630e+00  1.554674e-02 
 2.936028e+00  1.657978e-02 
 2.936425e+00  1.592640e-02 
 2.936823e+00  1.373492e-02 
 2.937221e+00  1.020077e-02 
 2.937619e+00  5.548924e-03 
 2.938016e+00  4.155126e-04 
 2.938414e+00 -4.472044e-03 
 2.938812e+00 -8.496909e-03 
 2.939209e+00 -1.112661e-02 
 2.939607e+00 -1.211923e-02 
 2.940005e+00 -1.145106e-02 
 2.940402e+00 -9.464888e-03 
 2.940800e+00 -6.547495e-03 
 2.941198e+00 -3.060334e-03 
 2.941595e+00  6.127517e-04 
 2.941993e+00  4.329105e-03 
 2.942391e+00  7.932341e-03 
 2.942789e+00  1.162677e-02 
 2.943186e+00  1.528862e-02 
 2.943584e+00  1.866351e-02 
 2.943982e+00  2.154385e-02 
 2.944379e+00  2.375038e-02 
 2.944777e+00  2.507007e-02 
 2.945175e+00  2.540941e-02 
 2.945572e+00  2.494316e-02 
 2.945970e+00  2.390686e-02 
 2.946368e+00  2.223266e-02 
 2.946766e+00  2.042152e-02 
 2.947163e+00  1.842238e-02 
 2.947561e+00  1.644554e-02 
 2.947959e+00  1.447826e-02 
 2.948356e+00  1.269116e-02 
 2.948754e+00  1.119549e-02 
 2.949152e+00  1.016707e-02 
 2.949549e+00  9.506343e-03 
 2.949947e+00  9.270843e-03 
 2.950345e+00  9.414955e-03 
 2.950742e+00  9.919434e-03 
 2.951140e+00  1.088648e-02 
 2.951538e+00  1.218308e-02 
 2.951936e+00  1.380784e-02 
 2.952333e+00  1.539238e-02 
 2.952731e+00  1.666698e-02 
 2.953129e+00  1.740157e-02 
 2.953526e+00  1.733779e-02 
 2.953924e+00  1.639743e-02 
 2.954322e+00  1.461321e-02 
 2.954719e+00  1.227028e-02 
 2.955117e+00  9.560525e-03 
 2.955515e+00  6.595914e-03 
 2.955913e+00  3.448994e-03 
 2.956310e+00  2.513463e-04 
 2.956708e+00 -3.080147e-03 
 2.957106e+00 -6.271175e-03 
 2.957503e+00 -9.206905e-03 
 2.957901e+00 -1.144663e-02 
 2.958299e+00 -1.286709e-02 
 2.958696e+00 -1.327207e-02 
 2.959094e+00 -1.248860e-02 
 2.959492e+00 -1.049138e-02 
 2.959889e+00 -7.495880e-03 
 2.960287e+00 -3.518815e-03 
 2.960685e+00  1.226904e-03 
 2.961083e+00  6.557999e-03 
 2.961480e+00  1.216180e-02 
 2.961878e+00  1.803295e-02 
 2.962276e+00  2.375381e-02 
 2.962673e+00  2.902662e-02 
 2.963071e+00  3.349544e-02 
 2.963469e+00  3.672615e-02 
 2.963866e+00  3.832936e-02 
 2.964264e+00  3.809175e-02 
 2.964662e+00  3.597261e-02 
 2.965060e+00  3.224709e-02 
 2.965457e+00  2.729116e-02 
 2.965855e+00  2.159144e-02 
 2.966253e+00  1.598242e-02 
 2.966650e+00  1.099432e-02 
 2.967048e+00  7.000804e-03 
 2.967446e+00  4.245824e-03 
 2.967843e+00  2.796867e-03 
 2.968241e+00  2.581923e-03 
 2.968639e+00  3.266106e-03 
 2.969036e+00  4.701430e-03 
 2.969434e+00  6.569708e-03 
 2.969832e+00  8.528774e-03 
 2.970230e+00  1.062197e-02 
 2.970627e+00  1.269211e-02 
 2.971025e+00  1.469114e-02 
 2.971423e+00  1.622520e-02 
 2.971820e+00  1.712886e-02 
 2.972218e+00  1.713329e-02 
 2.972616e+00  1.627223e-02 
 2.973013e+00  1.461333e-02 
 2.973411e+00  1.243462e-02 
 2.973809e+00  1.012106e-02 
 2.974207e+00  8.036462e-03 
 2.974604e+00  6.570256e-03 
 2.975002e+00  5.886777e-03 
 2.975400e+00  6.174932e-03 
 2.975797e+00  7.243813e-03 
 2.976195e+00  8.700850e-03 
 2.976593e+00  1.044973e-02 
 2.976990e+00  1.224561e-02 
 2.977388e+00  1.387285e-02 
 2.977786e+00  1.522150e-02 
 2.978183e+00  1.639051e-02 
 2.978581e+00  1.722499e-02 
 2.978979e+00  1.779624e-02 
 2.979377e+00  1.802041e-02 
 2.979774e+00  1.787679e-02 
 2.980172e+00  1.706484e-02 
 2.980570e+00  1.556460e-02 
 2.980967e+00  1.326246e-02 
 2.981365e+00  1.034203e-02 
 2.981763e+00  7.046120e-03 
 2.982160e+00  3.544475e-03 
 2.982558e+00  2.165982e-04 
 2.982956e+00 -2.582625e-03 
 2.983354e+00 -4.659376e-03 
 2.983751e+00 -5.780217e-03 
 2.984149e+00 -5.857457e-03 
 2.984547e+00 -4.976949e-03 
 2.984944e+00 -3.404099e-03 
 2.985342e+00 -1.289636e-03 
 2.985740e+00  9.932318e-04 
 2.986137e+00  3.161459e-03 
 2.986535e+00  4.933491e-03 
 2.986933e+00  6.129608e-03 
 2.987330e+00  6.436048e-03 
 2.987728e+00  5.809126e-03 
 2.988126e+00  4.349253e-03 
 2.988524e+00  2.095725e-03 
 2.988921e+00 -7.077974e-04 
 2.989319e+00 -3.855761e-03 
 2.989717e+00 -7.002108e-03 
 2.990114e+00 -9.647136e-03 
 2.990512e+00 -1.142623e-02 
 2.990910e+00 -1.208187e-02 
 2.991307e+00 -1.149510e-02 
 2.991705e+00 -9.613142e-03 
 2.992103e+00 -6.664647e-03 
 2.992501e+00 -2.659513e-03 
 2.992898e+00  2.328238e-03 
 2.993296e+00  7.936063e-03 
 2.993694e+00  1.405178e-02 
 2.994091e+00  2.046004e-02 
 2.994489e+00  2.701030e-02 
 2.994887e+00  3.323298e-02 
 2.995284e+00  3.859109e-02 
 2.995682e+00  4.242781e-02 
 2.996080e+00  4.430735e-02 
 2.996477e+00  4.379538e-02 
 2.996875e+00  4.095029e-02 
 2.997273e+00  3.593492e-02 
 2.997671e+00  2.914191e-02 
 2.998068e+00  2.115154e-02 
 2.998466e+00  1.249559e-02 
 2.998864e+00  3.889510e-03 
 2.999261e+00 -4.051444e-03 
 2.999659e+00 -1.096531e-02 
 3.000057e+00 -1.631497e-02 
 3.000454e+00 -1.973412e-02 
 3.000852e+00 -2.110111e-02 
 3.001250e+00 -2.049139e-02 
 3.001648e+00 -1.807484e-02 
 3.002045e+00 -1.438720e-02 
 3.002443e+00 -9.847745e-03 
 3.002841e+00 -4.900875e-03 
 3.003238e+00  8.063665e-05 
 3.003636e+00  4.600920e-03 
 3.004034e+00  8.257435e-03 
 3.004431e+00  1.076005e-02 
 3.004829e+00  1.183186e-02 
 3.005227e+00  1.149714e-02 
 3.005624e+00  9.855452e-03 
 3.006022e+00  7.102316e-03 
 3.006420e+00  3.781355e-03 
 3.006818e+00  1.449465e-04 
 3.007215e+00 -3.486952e-03 
 3.007613e+00 -6.965473e-03 
 3.008011e+00 -1.012368e-02 
 3.008408e+00 -1.287450e-02 
 3.008806e+00 -1.511273e-02 
 3.009204e+00 -1.669096e-02 
 3.009601e+00 -1.753704e-02 
 3.009999e+00 -1.763860e-02 
 3.010397e+00 -1.676445e-02 
 3.010795e+00 -1.498201e-02 
 3.011192e+00 -1.250916e-02 
 3.011590e+00 -9.330787e-03 
 3.011988e+00 -5.565922e-03 
 3.012385e+00 -1.278279e-03 
 3.012783e+00  3.402421e-03 
 3.013181e+00  8.248384e-03 
 3.013578e+00  1.290626e-02 
 3.013976e+00  1.701480e-02 
 3.014374e+00  2.026461e-02 
 3.014771e+00  2.225293e-02 
 3.015169e+00  2.275463e-02 
 3.015567e+00  2.160339e-02 
 3.015965e+00  1.882900e-02 
 3.016362e+00  1.464238e-02 
 3.016760e+00  9.412348e-03 
 3.017158e+00  3.462488e-03 
 3.017555e+00 -2.744835e-03 
 3.017953e+00 -8.589292e-03 
 3.018351e+00 -1.355153e-02 
 3.018748e+00 -1.722367e-02 
 3.019146e+00 -1.932265e-02 
 3.019544e+00 -1.974174e-02 
 3.019942e+00 -1.856622e-02 
 3.020339e+00 -1.595697e-02 
 3.020737e+00 -1.197581e-02 
 3.021135e+00 -6.859792e-03 
 3.021532e+00 -7.090042e-04 
 3.021930e+00  6.164588e-03 
 3.022328e+00  1.344665e-02 
 3.022725e+00  2.067918e-02 
 3.023123e+00  2.726305e-02 
 3.023521e+00  3.250797e-02 
 3.023918e+00  3.601854e-02 
 3.024316e+00  3.745369e-02 
 3.024714e+00  3.671163e-02 
 3.025112e+00  3.389392e-02 
 3.025509e+00  2.936903e-02 
 3.025907e+00  2.348838e-02 
 3.026305e+00  1.667570e-02 
 3.026702e+00  9.656240e-03 
 3.027100e+00  2.986346e-03 
 3.027498e+00 -2.919592e-03 
 3.027895e+00 -7.529363e-03 
 3.028293e+00 -1.046492e-02 
 3.028691e+00 -1.160581e-02 
 3.029089e+00 -1.101863e-02 
 3.029486e+00 -8.947256e-03 
 3.029884e+00 -5.749550e-03 
 3.030282e+00 -1.910582e-03 
 3.030679e+00  2.258137e-03 
 3.031077e+00  6.021067e-03 
 3.031475e+00  9.166111e-03 
 3.031872e+00  1.121241e-02 
 3.032270e+00  1.195015e-02 
 3.032668e+00  1.130588e-02 
 3.033065e+00  9.218196e-03 
 3.033463e+00  5.816151e-03 
 3.033861e+00  1.581218e-03 
 3.034259e+00 -2.960611e-03 
 3.034656e+00 -7.425996e-03 
 3.035054e+00 -1.122712e-02 
 3.035452e+00 -1.405792e-02 
 3.035849e+00 -1.558569e-02 
 3.036247e+00 -1.560755e-02 
 3.036645e+00 -1.412195e-02 
 3.037042e+00 -1.136035e-02 
 3.037440e+00 -7.535653e-03 
 3.037838e+00 -2.907376e-03 
 3.038236e+00  2.189494e-03 
 3.038633e+00  7.450230e-03 
 3.039031e+00  1.252701e-02 
 3.039429e+00  1.712067e-02 
 3.039826e+00  2.108876e-02 
 3.040224e+00  2.441678e-02 
 3.040622e+00  2.685476e-02 
 3.041019e+00  2.808735e-02 
 3.041417e+00  2.816012e-02 
 3.041815e+00  2.688182e-02 
 3.042212e+00  2.461789e-02 
 3.042610e+00  2.149370e-02 
 3.043008e+00  1.786966e-02 
 3.043406e+00  1.400867e-02 
 3.043803e+00  1.018773e-02 
 3.044201e+00  6.736327e-03 
 3.044599e+00  3.947006e-03 
 3.044996e+00  2.247694e-03 
 3.045394e+00  1.587674e-03 
 3.045792e+00  2.169658e-03 
 3.046189e+00  4.122652e-03 
 3.046587e+00  7.019787e-03 
 3.046985e+00  1.045347e-02 
 3.047383e+00  1.385985e-02 
 3.047780e+00  1.671586e-02 
 3.048178e+00  1.869769e-02 
 3.048576e+00  1.968140e-02 
 3.048973e+00  1.965317e-02 
 3.049371e+00  1.877881e-02 
 3.049769e+00  1.712760e-02 
 3.050166e+00  1.504639e-02 
 3.050564e+00  1.270430e-02 
 3.050962e+00  1.024637e-02 
 3.051359e+00  7.892588e-03 
 3.051757e+00  5.715215e-03 
 3.052155e+00  4.015029e-03 
 3.052553e+00  2.852159e-03 
 3.052950e+00  2.232865e-03 
 3.053348e+00  2.109202e-03 
 3.053746e+00  2.520386e-03 
 3.054143e+00  3.506231e-03 
 3.054541e+00  5.006024e-03 
 3.054939e+00  6.999598e-03 
 3.055336e+00  9.209969e-03 
 3.055734e+00  1.149918e-02 
 3.056132e+00  1.367277e-02 
 3.056530e+00  1.563254e-02 
 3.056927e+00  1.698412e-02 
 3.057325e+00  1.767161e-02 
 3.057723e+00  1.768465e-02 
 3.058120e+00  1.700057e-02 
 3.058518e+00  1.583001e-02 
 3.058916e+00  1.412521e-02 
 3.059313e+00  1.194152e-02 
 3.059711e+00  9.392562e-03 
 3.060109e+00  6.586519e-03 
 3.060506e+00  3.647646e-03 
 3.060904e+00  7.451708e-04 
 3.061302e+00 -2.035336e-03 
 3.061700e+00 -4.510585e-03 
 3.062097e+00 -6.515828e-03 
 3.062495e+00 -7.866443e-03 
 3.062893e+00 -8.702330e-03 
 3.063290e+00 -9.025344e-03 
 3.063688e+00 -8.848713e-03 
 3.064086e+00 -8.117832e-03 
 3.064483e+00 -7.016443e-03 
 3.064881e+00 -5.569367e-03 
 3.065279e+00 -3.847792e-03 
 3.065677e+00 -2.062701e-03 
 3.066074e+00 -2.910485e-04 
 3.066472e+00  1.483959e-03 
 3.066870e+00  3.390901e-03 
 3.067267e+00  5.348132e-03 
 3.067665e+00  7.428893e-03 
 3.068063e+00  9.646189e-03 
 3.068460e+00  1.206141e-02 
 3.068858e+00  1.445516e-02 
 3.069256e+00  1.656717e-02 
 3.069653e+00  1.832982e-02 
 3.070051e+00  1.954653e-02 
 3.070449e+00  2.023787e-02 
 3.070847e+00  2.034719e-02 
 3.071244e+00  1.985093e-02 
 3.071642e+00  1.878848e-02 
 3.072040e+00  1.715868e-02 
 3.072437e+00  1.519405e-02 
 3.072835e+00  1.324276e-02 
 3.073233e+00  1.154381e-02 
 3.073630e+00  1.047698e-02 
 3.074028e+00  1.027621e-02 
 3.074426e+00  1.077553e-02 
 3.074824e+00  1.181963e-02 
 3.075221e+00  1.293699e-02 
 3.075619e+00  1.368042e-02 
 3.076017e+00  1.384684e-02 
 3.076414e+00  1.324432e-02 
 3.076812e+00  1.179185e-02 
 3.077210e+00  9.740099e-03 
 3.077607e+00  7.249118e-03 
 3.078005e+00  4.608743e-03 
 3.078403e+00  2.042763e-03 
 3.078800e+00 -2.640687e-04 
 3.079198e+00 -2.264425e-03 
 3.079596e+00 -3.798673e-03 
 3.079994e+00 -4.712104e-03 
 3.080391e+00 -5.125352e-03 
 3.080789e+00 -5.029130e-03 
 3.081187e+00 -4.290558e-03 
 3.081584e+00 -3.226969e-03 
 3.081982e+00 -1.687745e-03 
 3.082380e+00  1.887797e-04 
 3.082777e+00  2.284152e-03 
 3.083175e+00  4.575849e-03 
 3.083573e+00  6.689782e-03 
 3.083971e+00  8.586709e-03 
 3.084368e+00  9.963991e-03 
 3.084766e+00  1.074283e-02 
 3.085164e+00  1.081981e-02 
 3.085561e+00  1.029502e-02 
 3.085959e+00  9.492214e-03 
 3.086357e+00  8.603082e-03 
 3.086754e+00  7.769126e-03 
 3.087152e+00  7.138704e-03 
 3.087550e+00  6.935138e-03 
 3.087947e+00  7.086358e-03 
 3.088345e+00  7.709394e-03 
 3.088743e+00  9.001413e-03 
 3.089141e+00  1.076838e-02 
 3.089538e+00  1.315715e-02 
 3.089936e+00  1.603331e-02 
 3.090334e+00  1.916863e-02 
 3.090731e+00  2.225176e-02 
 3.091129e+00  2.475002e-02 
 3.091527e+00  2.626808e-02 
 3.091924e+00  2.657458e-02 
 3.092322e+00  2.534247e-02 
 3.092720e+00  2.241020e-02 
 3.093118e+00  1.781553e-02 
 3.093515e+00  1.178894e-02 
 3.093913e+00  4.869970e-03 
 3.094311e+00 -2.528771e-03 
 3.094708e+00 -9.574835e-03 
 3.095106e+00 -1.574247e-02 
 3.095504e+00 -2.050729e-02 
 3.095901e+00 -2.325842e-02 
 3.096299e+00 -2.377020e-02 
 3.096697e+00 -2.198615e-02 
 3.097094e+00 -1.806486e-02 
 3.097492e+00 -1.215914e-02 
 3.097890e+00 -4.707713e-03 
 3.098288e+00  3.893184e-03 
 3.098685e+00  1.300685e-02 
 3.099083e+00  2.170224e-02 
 3.099481e+00  2.932407e-02 
 3.099878e+00  3.524055e-02 
 3.100276e+00  3.903273e-02 
 3.100674e+00  4.056238e-02 
 3.101071e+00  3.992374e-02 
 3.101469e+00  3.717571e-02 
 3.101867e+00  3.285832e-02 
 3.102265e+00  2.737510e-02 
 3.102662e+00  2.088810e-02 
 3.103060e+00  1.390124e-02 
 3.103458e+00  6.711092e-03 
 3.103855e+00 -1.964612e-04 
 3.104253e+00 -6.207796e-03 
 3.104651e+00 -1.074142e-02 
 3.105048e+00 -1.342465e-02 
 3.105446e+00 -1.404655e-02 
 3.105844e+00 -1.268145e-02 
 3.106241e+00 -9.566808e-03 
 3.106639e+00 -5.174643e-03 
 3.107037e+00  3.919954e-05 
 3.107435e+00  5.573678e-03 
 3.107832e+00  1.096096e-02 
 3.108230e+00  1.580502e-02 
 3.108628e+00  1.962885e-02 
 3.109025e+00  2.197664e-02 
 3.109423e+00  2.271923e-02 
 3.109821e+00  2.191066e-02 
 3.110218e+00  1.950956e-02 
 3.110616e+00  1.580031e-02 
 3.111014e+00  1.106616e-02 
 3.111412e+00  5.364595e-03 
 3.111809e+00 -1.024604e-03 
 3.112207e+00 -7.542826e-03 
 3.112605e+00 -1.382064e-02 
 3.113002e+00 -1.932601e-02 
 3.113400e+00 -2.338880e-02 
 3.113798e+00 -2.558250e-02 
 3.114195e+00 -2.569560e-02 
 3.114593e+00 -2.375826e-02 
 3.114991e+00 -2.010012e-02 
 3.115388e+00 -1.522005e-02 
 3.115786e+00 -9.471109e-03 
 3.116184e+00 -3.222539e-03 
 3.116582e+00  3.166067e-03 
 3.116979e+00  9.535565e-03 
 3.117377e+00  1.558266e-02 
 3.117775e+00  2.089492e-02 
 3.118172e+00  2.516668e-02 
 3.118570e+00  2.819418e-02 
 3.118968e+00  2.952293e-02 
 3.119365e+00  2.927785e-02 
 3.119763e+00  2.756567e-02 
 3.120161e+00  2.443428e-02 
 3.120559e+00  2.016157e-02 
 3.120956e+00  1.504595e-02 
 3.121354e+00  9.233144e-03 
 3.121752e+00  3.255245e-03 
 3.122149e+00 -2.324065e-03 
 3.122547e+00 -7.114689e-03 
 3.122945e+00 -1.078844e-02 
 3.123342e+00 -1.316741e-02 
 3.123740e+00 -1.432835e-02 
 3.124138e+00 -1.426787e-02 
 3.124535e+00 -1.298411e-02 
 3.124933e+00 -1.060740e-02 
 3.125331e+00 -7.266718e-03 
 3.125729e+00 -3.092957e-03 
 3.126126e+00  1.555623e-03 
 3.126524e+00  6.144049e-03 
 3.126922e+00  1.030949e-02 
 3.127319e+00  1.361493e-02 
 3.127717e+00  1.575216e-02 
 3.128115e+00  1.670108e-02 
 3.128512e+00  1.657976e-02 
 3.128910e+00  1.563191e-02 
 3.129308e+00  1.414363e-02 
 3.129706e+00  1.233518e-02 
 3.130103e+00  1.032427e-02 
 3.130501e+00  8.151053e-03 
 3.130899e+00  5.851569e-03 
 3.131296e+00  3.452993e-03 
 3.131694e+00  1.176951e-03 
 3.132092e+00 -8.303227e-04 
 3.132489e+00 -2.478832e-03 
 3.132887e+00 -3.592614e-03 
 3.133285e+00 -3.962638e-03 
 3.133682e+00 -3.517637e-03 
 3.134080e+00 -2.157269e-03 
 3.134478e+00  2.338871e-04 
 3.134876e+00  3.408469e-03 
 3.135273e+00  7.104673e-03 
 3.135671e+00  1.085075e-02 
 3.136069e+00  1.429413e-02 
 3.136466e+00  1.681297e-02 
 3.136864e+00  1.808829e-02 
 3.137262e+00  1.785352e-02 
 3.137659e+00  1.602546e-02 
 3.138057e+00  1.275513e-02 
 3.138455e+00  8.125920e-03 
 3.138853e+00  2.421706e-03 
 3.139250e+00 -4.007489e-03 
 3.139648e+00 -1.066411e-02 
 3.140046e+00 -1.681588e-02 
 3.140443e+00 -2.171158e-02 
 3.140841e+00 -2.472489e-02 
 3.141239e+00 -2.559469e-02 
 3.141636e+00 -2.417741e-02 
 3.142034e+00 -2.063593e-02 
 3.142432e+00 -1.541456e-02 
 3.142829e+00 -9.119186e-03 
 3.143227e+00 -2.152284e-03 
 3.143625e+00  4.901008e-03 
 3.144023e+00  1.169032e-02 
 3.144420e+00  1.780769e-02 
 3.144818e+00  2.266300e-02 
 3.145216e+00  2.576197e-02 
 3.145613e+00  2.672855e-02 
 3.146011e+00  2.555770e-02 
 3.146409e+00  2.257642e-02 
 3.146806e+00  1.810824e-02 
 3.147204e+00  1.273040e-02 
 3.147602e+00  7.047328e-03 
 3.148000e+00  1.613554e-03 
 3.148397e+00 -3.023626e-03 
 3.148795e+00 -6.469662e-03 
 3.149193e+00 -8.287444e-03 
 3.149590e+00 -8.337712e-03 
 3.149988e+00 -6.551019e-03 
 3.150386e+00 -3.221983e-03 
 3.150783e+00  1.346538e-03 
 3.151181e+00  6.561362e-03 
 3.151579e+00  1.181972e-02 
 3.151976e+00  1.693274e-02 
 3.152374e+00  2.143854e-02 
 3.152772e+00  2.518887e-02 
 3.153170e+00  2.782390e-02 
 3.153567e+00  2.904211e-02 
 3.153965e+00  2.853262e-02 
 3.154363e+00  2.613342e-02 
 3.154760e+00  2.189691e-02 
 3.155158e+00  1.618497e-02 
 3.155556e+00  9.565341e-03 
 3.155953e+00  2.650392e-03 
 3.156351e+00 -3.810303e-03 
 3.156749e+00 -9.294432e-03 
 3.157147e+00 -1.329744e-02 
 3.157544e+00 -1.560717e-02 
 3.157942e+00 -1.605247e-02 
 3.158340e+00 -1.468421e-02 
 3.158737e+00 -1.179212e-02 
 3.159135e+00 -7.805902e-03 
 3.159533e+00 -3.032443e-03 
 3.159930e+00  2.002605e-03 
 3.160328e+00  6.971779e-03 
 3.160726e+00  1.141774e-02 
 3.161123e+00  1.524559e-02 
 3.161521e+00  1.823585e-02 
 3.161919e+00  2.047264e-02 
 3.162317e+00  2.188899e-02 
 3.162714e+00  2.244371e-02 
 3.163112e+00  2.219966e-02 
 3.163510e+00  2.122679e-02 
 3.163907e+00  1.974129e-02 
 3.164305e+00  1.792275e-02 
 3.164703e+00  1.601174e-02 
 3.165100e+00  1.408314e-02 
 3.165498e+00  1.244904e-02 
 3.165896e+00  1.110350e-02 
 3.166294e+00  1.008234e-02 
 3.166691e+00  9.361463e-03 
 3.167089e+00  8.777573e-03 
 3.167487e+00  8.443003e-03 
 3.167884e+00  8.332229e-03 
 3.168282e+00  8.495819e-03 
 3.168680e+00  8.928446e-03 
 3.169077e+00  9.403847e-03 
 3.169475e+00  9.717924e-03 
 3.169873e+00  9.831271e-03 
 3.170270e+00  9.458398e-03 
 3.170668e+00  8.711433e-03 
 3.171066e+00  7.736894e-03 
 3.171464e+00  6.625095e-03 
 3.171861e+00  5.815529e-03 
 3.172259e+00  5.319978e-03 
 3.172657e+00  5.329337e-03 
 3.173054e+00  5.864960e-03 
 3.173452e+00  6.837090e-03 
 3.173850e+00  7.986946e-03 
 3.174247e+00  9.312061e-03 
 3.174645e+00  1.073132e-02 
 3.175043e+00  1.220799e-02 
 3.175441e+00  1.375246e-02 
 3.175838e+00  1.533361e-02 
 3.176236e+00  1.675694e-02 
 3.176634e+00  1.780010e-02 
 3.177031e+00  1.830340e-02 
 3.177429e+00  1.821929e-02 
 3.177827e+00  1.755761e-02 
 3.178224e+00  1.654826e-02 
 3.178622e+00  1.538579e-02 
 3.179020e+00  1.431609e-02 
 3.179417e+00  1.344617e-02 
 3.179815e+00  1.295001e-02 
 3.180213e+00  1.288616e-02 
 3.180611e+00  1.324327e-02 
 3.181008e+00  1.398052e-02 
 3.181406e+00  1.488276e-02 
 3.181804e+00  1.581969e-02 
 3.182201e+00  1.653346e-02 
 3.182599e+00  1.679036e-02 
 3.182997e+00  1.654513e-02 
 3.183394e+00  1.587855e-02 
 3.183792e+00  1.496711e-02 
 3.184190e+00  1.407741e-02 
 3.184588e+00  1.347908e-02 
 3.184985e+00  1.318255e-02 
 3.185383e+00  1.319173e-02 
 3.185781e+00  1.338701e-02 
 3.186178e+00  1.366543e-02 
 3.186576e+00  1.387933e-02 
 3.186974e+00  1.394499e-02 
 3.187371e+00  1.374078e-02 
 3.187769e+00  1.313584e-02 
 3.188167e+00  1.194579e-02 
 3.188564e+00  1.008016e-02 
 3.188962e+00  7.440769e-03 
 3.189360e+00  4.239801e-03 
 3.189758e+00  7.872931e-04 
 3.190155e+00 -2.700940e-03 
 3.190553e+00 -5.786996e-03 
 3.190951e+00 -8.104365e-03 
 3.191348e+00 -9.363301e-03 
 3.191746e+00 -9.352123e-03 
 3.192144e+00 -7.797040e-03 
 3.192541e+00 -4.894810e-03 
 3.192939e+00 -8.509444e-04 
 3.193337e+00  4.083329e-03 
 3.193735e+00  9.595522e-03 
 3.194132e+00  1.532292e-02 
 3.194530e+00  2.103899e-02 
 3.194928e+00  2.628584e-02 
 3.195325e+00  3.083674e-02 
 3.195723e+00  3.434648e-02 
 3.196121e+00  3.652822e-02 
 3.196518e+00  3.717481e-02 
 3.196916e+00  3.603655e-02 
 3.197314e+00  3.288301e-02 
 3.197711e+00  2.782944e-02 
 3.198109e+00  2.108732e-02 
 3.198507e+00  1.306682e-02 
 3.198905e+00  4.365176e-03 
 3.199302e+00 -4.410255e-03 
 3.199700e+00 -1.235428e-02 
 3.200098e+00 -1.901403e-02 
 3.200495e+00 -2.392975e-02 
 3.200893e+00 -2.683667e-02 
 3.201291e+00 -2.772020e-02 
 3.201688e+00 -2.647002e-02 
 3.202086e+00 -2.317384e-02 
 3.202484e+00 -1.791460e-02 
 3.202882e+00 -1.105693e-02 
 3.203279e+00 -3.058421e-03 
 3.203677e+00  5.432810e-03 
 3.204075e+00  1.370553e-02 
 3.204472e+00  2.099514e-02 
 3.204870e+00  2.642235e-02 
 3.205268e+00  2.935457e-02 
 3.205665e+00  2.948406e-02 
 3.206063e+00  2.681812e-02 
 3.206461e+00  2.153505e-02 
 3.206858e+00  1.421446e-02 
 3.207256e+00  5.538646e-03 
 3.207654e+00 -3.723154e-03 
 3.208052e+00 -1.260769e-02 
 3.208449e+00 -2.040743e-02 
 3.208847e+00 -2.656075e-02 
 3.209245e+00 -3.068571e-02 
 3.209642e+00 -3.245001e-02 
 3.210040e+00 -3.166256e-02 
 3.210438e+00 -2.826285e-02 
 3.210835e+00 -2.231520e-02 
 3.211233e+00 -1.432636e-02 
 3.211631e+00 -4.717033e-03 
 3.212029e+00  5.761797e-03 
 3.212426e+00  1.617941e-02 
 3.212824e+00  2.560434e-02 
 3.213222e+00  3.338881e-02 
 3.213619e+00  3.879578e-02 
 3.214017e+00  4.153384e-02 
 3.214415e+00  4.146291e-02 
 3.214812e+00  3.859078e-02 
 3.215210e+00  3.302467e-02 
 3.215608e+00  2.537192e-02 
 3.216005e+00  1.620913e-02 
 3.216403e+00  6.167298e-03 
 3.216801e+00 -3.800488e-03 
 3.217199e+00 -1.303275e-02 
 3.217596e+00 -2.076394e-02 
 3.217994e+00 -2.650729e-02 
 3.218392e+00 -2.987169e-02 
 3.218789e+00 -3.086825e-02 
 3.219187e+00 -2.968731e-02 
 3.219585e+00 -2.656611e-02 
 3.219982e+00 -2.189770e-02 
 3.220380e+00 -1.620324e-02 
 3.220778e+00 -9.995062e-03 
 3.221176e+00 -3.969658e-03 
 3.221573e+00  1.362478e-03 
 3.221971e+00  5.745272e-03 
 3.222369e+00  8.994399e-03 
 3.222766e+00  1.102493e-02 
 3.223164e+00  1.204159e-02 
 3.223562e+00  1.218105e-02 
 3.223959e+00  1.163707e-02 
 3.224357e+00  1.061034e-02 
 3.224755e+00  9.243524e-03 
 3.225152e+00  7.495645e-03 
 3.225550e+00  5.567340e-03 
 3.225948e+00  3.701196e-03 
 3.226346e+00  2.104736e-03 
 3.226743e+00  1.058061e-03 
 3.227141e+00  6.145315e-04 
 3.227539e+00  6.354511e-04 
 3.227936e+00  1.038044e-03 
 3.228334e+00  1.592503e-03 
 3.228732e+00  2.021399e-03 
 3.229129e+00  2.401149e-03 
 3.229527e+00  2.893954e-03 
 3.229925e+00  3.554693e-03 
 3.230323e+00  4.356894e-03 
 3.230720e+00  5.562291e-03 
 3.231118e+00  6.879730e-03 
 3.231516e+00  8.179010e-03 
 3.231913e+00  9.209191e-03 
 3.232311e+00  9.784021e-03 
 3.232709e+00  9.748206e-03 
 3.233106e+00  8.984953e-03 
 3.233504e+00  7.726884e-03 
 3.233902e+00  5.936240e-03 
 3.234299e+00  3.844530e-03 
 3.234697e+00  1.613129e-03 
 3.235095e+00 -5.400448e-04 
 3.235493e+00 -2.220676e-03 
 3.235890e+00 -3.213507e-03 
 3.236288e+00 -3.444273e-03 
 3.236686e+00 -2.995177e-03 
 3.237083e+00 -2.028880e-03 
 3.237481e+00 -7.180428e-04 
 3.237879e+00  7.850996e-04 
 3.238276e+00  2.508359e-03 
 3.238674e+00  4.363974e-03 
 3.239072e+00  6.433007e-03 
 3.239470e+00  8.635791e-03 
 3.239867e+00  1.093639e-02 
 3.240265e+00  1.289537e-02 
 3.240663e+00  1.427013e-02 
 3.241060e+00  1.480760e-02 
 3.241458e+00  1.445015e-02 
 3.241856e+00  1.346011e-02 
 3.242253e+00  1.215206e-02 
 3.242651e+00  1.065484e-02 
 3.243049e+00  9.071730e-03 
 3.243446e+00  7.442545e-03 
 3.243844e+00  5.755409e-03 
 3.244242e+00  4.194418e-03 
 3.244640e+00  2.961614e-03 
 3.245037e+00  2.079273e-03 
 3.245435e+00  1.859575e-03 
 3.245833e+00  2.482916e-03 
 3.246230e+00  3.811915e-03 
 3.246628e+00  5.787369e-03 
 3.247026e+00  8.168453e-03 
 3.247423e+00  1.072984e-02 
 3.247821e+00  1.335952e-02 
 3.248219e+00  1.579331e-02 
 3.248617e+00  1.790526e-02 
 3.249014e+00  1.920180e-02 
 3.249412e+00  1.936012e-02 
 3.249810e+00  1.807021e-02 
 3.250207e+00  1.532751e-02 
 3.250605e+00  1.129637e-02 
 3.251003e+00  6.421125e-03 
 3.251400e+00  1.154750e-03 
 3.251798e+00 -3.982608e-03 
 3.252196e+00 -8.552493e-03 
 3.252593e+00 -1.217439e-02 
 3.252991e+00 -1.452060e-02 
 3.253389e+00 -1.515316e-02 
 3.253787e+00 -1.411647e-02 
 3.254184e+00 -1.125539e-02 
 3.254582e+00 -6.747876e-03 
 3.254980e+00 -8.803583e-04 
 3.255377e+00  6.042110e-03 
 3.255775e+00  1.353271e-02 
 3.256173e+00  2.107700e-02 
 3.256570e+00  2.797411e-02 
 3.256968e+00  3.383091e-02 
 3.257366e+00  3.817230e-02 
 3.257764e+00  4.072230e-02 
 3.258161e+00  4.111762e-02 
 3.258559e+00  3.932726e-02 
 3.258957e+00  3.534976e-02 
 3.259354e+00  2.955327e-02 
 3.259752e+00  2.246039e-02 
 3.260150e+00  1.458928e-02 
 3.260547e+00  6.600137e-03 
 3.260945e+00 -9.381517e-04 
 3.261343e+00 -7.549580e-03 
 3.261740e+00 -1.269369e-02 
 3.262138e+00 -1.588741e-02 
 3.262536e+00 -1.714808e-02 
 3.262934e+00 -1.641743e-02 
 3.263331e+00 -1.382699e-02 
 3.263729e+00 -9.705075e-03 
 3.264127e+00 -4.474657e-03 
 3.264524e+00  1.542377e-03 
 3.264922e+00  7.745381e-03 
 3.265320e+00  1.360676e-02 
 3.265717e+00  1.876522e-02 
 3.266115e+00  2.274020e-02 
 3.266513e+00  2.516486e-02 
 3.266911e+00  2.579281e-02 
 3.267308e+00  2.455997e-02 
 3.267706e+00  2.170154e-02 
 3.268104e+00  1.763353e-02 
 3.268501e+00  1.308709e-02 
 3.268899e+00  8.547819e-03 
 3.269297e+00  4.670479e-03 
 3.269694e+00  1.886134e-03 
 3.270092e+00  4.607977e-04 
 3.270490e+00  4.455905e-04 
 3.270887e+00  1.834709e-03 
 3.271285e+00  4.383662e-03 
 3.271683e+00  7.817994e-03 
 3.272081e+00  1.195542e-02 
 3.272478e+00  1.630840e-02 
 3.272876e+00  2.044527e-02 
 3.273274e+00  2.396901e-02 
 3.273671e+00  2.648042e-02 
 3.274069e+00  2.782020e-02 
 3.274467e+00  2.798620e-02 
 3.274864e+00  2.698865e-02 
 3.275262e+00  2.492037e-02 
 3.275660e+00  2.193506e-02 
 3.276058e+00  1.823828e-02 
 3.276455e+00  1.399308e-02 
 3.276853e+00  9.642610e-03 
 3.277251e+00  5.493570e-03 
 3.277648e+00  1.759488e-03 
 3.278046e+00 -1.225308e-03 
 3.278444e+00 -3.295345e-03 
 3.278841e+00 -4.389513e-03 
 3.279239e+00 -4.438004e-03 
 3.279637e+00 -3.539289e-03 
 3.280034e+00 -1.875813e-03 
 3.280432e+00  3.006285e-04 
 3.280830e+00  2.806305e-03 
 3.281228e+00  5.271407e-03 
 3.281625e+00  7.200828e-03 
 3.282023e+00  8.359782e-03 
 3.282421e+00  8.455194e-03 
 3.282818e+00  7.419653e-03 
 3.283216e+00  5.523991e-03 
 3.283614e+00  3.029081e-03 
 3.284011e+00  3.712773e-04 
 3.284409e+00 -2.032832e-03 
 3.284807e+00 -3.896525e-03 
 3.285205e+00 -4.912076e-03 
 3.285602e+00 -4.959000e-03 
 3.286000e+00 -4.150070e-03 
 3.286398e+00 -2.584727e-03 
 3.286795e+00 -2.357140e-04 
 3.287193e+00  2.921160e-03 
 3.287591e+00  6.801945e-03 
 3.287988e+00  1.136762e-02 
 3.288386e+00  1.627518e-02 
 3.288784e+00  2.110323e-02 
 3.289181e+00  2.536837e-02 
 3.289579e+00  2.867927e-02 
 3.289977e+00  3.082941e-02 
 3.290375e+00  3.161685e-02 
 3.290772e+00  3.104868e-02 
 3.291170e+00  2.929241e-02 
 3.291568e+00  2.643726e-02 
 3.291965e+00  2.273543e-02 
 3.292363e+00  1.836516e-02 
 3.292761e+00  1.341434e-02 
 3.293158e+00  8.292191e-03 
 3.293556e+00  3.195031e-03 
 3.293954e+00 -1.699198e-03 
 3.294352e+00 -6.141289e-03 
 3.294749e+00 -1.013357e-02 
 3.295147e+00 -1.364364e-02 
 3.295545e+00 -1.649200e-02 
 3.295942e+00 -1.838204e-02 
 3.296340e+00 -1.902057e-02 
 3.296738e+00 -1.811635e-02 
 3.297135e+00 -1.549855e-02 
 3.297533e+00 -1.128045e-02 
 3.297931e+00 -5.834635e-03 
 3.298328e+00  4.027925e-04 
 3.298726e+00  6.740175e-03 
 3.299124e+00  1.279374e-02 
 3.299522e+00  1.816690e-02 
 3.299919e+00  2.262600e-02 
 3.300317e+00  2.590639e-02 
 3.300715e+00  2.780893e-02 
 3.301112e+00  2.813729e-02 
 3.301510e+00  2.654857e-02 
 3.301908e+00  2.315380e-02 
 3.302305e+00  1.808464e-02 
 3.302703e+00  1.164672e-02 
 3.303101e+00  4.592360e-03 
 3.303499e+00 -2.471503e-03 
 3.303896e+00 -8.920234e-03 
 3.304294e+00 -1.424158e-02 
 3.304692e+00 -1.805591e-02 
 3.305089e+00 -2.029401e-02 
 3.305487e+00 -2.076468e-02 
 3.305885e+00 -1.940794e-02 
 3.306282e+00 -1.617906e-02 
 3.306680e+00 -1.134344e-02 
 3.307078e+00 -5.055996e-03 
 3.307475e+00  2.224284e-03 
 3.307873e+00  9.882763e-03 
 3.308271e+00  1.734523e-02 
 3.308669e+00  2.407267e-02 
 3.309066e+00  2.952091e-02 
 3.309464e+00  3.320348e-02 
 3.309862e+00  3.467698e-02 
 3.310259e+00  3.353326e-02 
 3.310657e+00  2.973401e-02 
 3.311055e+00  2.355692e-02 
 3.311452e+00  1.553928e-02 
 3.311850e+00  6.542722e-03 
 3.312248e+00 -2.689743e-03 
 3.312646e+00 -1.155952e-02 
 3.313043e+00 -1.954634e-02 
 3.313441e+00 -2.608569e-02 
 3.313839e+00 -3.074696e-02 
 3.314236e+00 -3.336531e-02 
 3.314634e+00 -3.342898e-02 
 3.315032e+00 -3.091547e-02 
 3.315429e+00 -2.561868e-02 
 3.315827e+00 -1.779060e-02 
 3.316225e+00 -7.957668e-03 
 3.316622e+00  3.022063e-03 
 3.317020e+00  1.413052e-02 
 3.317418e+00  2.429390e-02 
 3.317816e+00  3.275477e-02 
 3.318213e+00  3.900341e-02 
 3.318611e+00  4.270236e-02 
 3.319009e+00  4.379566e-02 
 3.319406e+00  4.239872e-02 
 3.319804e+00  3.887912e-02 
 3.320202e+00  3.359189e-02 
 3.320599e+00  2.686300e-02 
 3.320997e+00  1.933183e-02 
 3.321395e+00  1.133976e-02 
 3.321793e+00  3.473552e-03 
 3.322190e+00 -3.660942e-03 
 3.322588e+00 -9.594294e-03 
 3.322986e+00 -1.375585e-02 
 3.323383e+00 -1.587948e-02 
 3.323781e+00 -1.583443e-02 
 3.324179e+00 -1.362003e-02 
 3.324576e+00 -9.471859e-03 
 3.324974e+00 -3.889547e-03 
 3.325372e+00  2.449043e-03 
 3.325769e+00  8.800935e-03 
 3.326167e+00  1.429133e-02 
 3.326565e+00  1.827326e-02 
 3.326963e+00  2.046724e-02 
 3.327360e+00  2.091730e-02 
 3.327758e+00  1.970330e-02 
 3.328156e+00  1.727334e-02 
 3.328553e+00  1.382768e-02 
 3.328951e+00  9.675831e-03 
 3.329349e+00  5.171935e-03 
 3.329746e+00  4.849187e-04 
 3.330144e+00 -4.121860e-03 
 3.330542e+00 -8.269951e-03 
 3.330940e+00 -1.122581e-02 
 3.331337e+00 -1.266400e-02 
 3.331735e+00 -1.239659e-02 
 3.332133e+00 -1.045266e-02 
 3.332530e+00 -7.190978e-03 
 3.332928e+00 -3.049492e-03 
 3.333326e+00  1.632254e-03 
 3.333723e+00  6.190141e-03 
 3.334121e+00  1.022659e-02 
 3.334519e+00  1.336343e-02 
 3.334916e+00  1.534702e-02 
 3.335314e+00  1.617148e-02 
 3.335712e+00  1.593052e-02 
 3.336110e+00  1.470315e-02 
 3.336507e+00  1.262361e-02 
 3.336905e+00  1.003341e-02 
 3.337303e+00  7.168480e-03 
 3.337700e+00  4.406990e-03 
 3.338098e+00  1.831255e-03 
 3.338496e+00 -3.057618e-04 
 3.338893e+00 -1.864016e-03 
 3.339291e+00 -2.630026e-03 
 3.339689e+00 -2.442017e-03 
 3.340087e+00 -1.388256e-03 
 3.340484e+00  3.573092e-04 
 3.340882e+00  2.304766e-03 
 3.341280e+00  4.033446e-03 
 3.341677e+00  5.288632e-03 
 3.342075e+00  5.883819e-03 
 3.342473e+00  6.028867e-03 
 3.342870e+00  5.792383e-03 
 3.343268e+00  5.564713e-03 
 3.343666e+00  5.405683e-03 
 3.344063e+00  5.218655e-03 
 3.344461e+00  4.921502e-03 
 3.344859e+00  4.295183e-03 
 3.345257e+00  3.275114e-03 
 3.345654e+00  1.973117e-03 
 3.346052e+00  5.509743e-04 
 3.346450e+00 -7.729404e-04 
 3.346847e+00 -1.475819e-03 
 3.347245e+00 -1.546559e-03 
 3.347643e+00 -8.413655e-04 
 3.348040e+00  5.761492e-04 
 3.348438e+00  2.558898e-03 
 3.348836e+00  4.904162e-03 
 3.349233e+00  7.428063e-03 
 3.349631e+00  9.829417e-03 
 3.350029e+00  1.179099e-02 
 3.350427e+00  1.307603e-02 
 3.350824e+00  1.375531e-02 
 3.351222e+00  1.396509e-02 
 3.351620e+00  1.403707e-02 
 3.352017e+00  1.402380e-02 
 3.352415e+00  1.400594e-02 
 3.352813e+00  1.394512e-02 
 3.353210e+00  1.368338e-02 
 3.353608e+00  1.289456e-02 
 3.354006e+00  1.127376e-02 
 3.354404e+00  8.898939e-03 
 3.354801e+00  5.822729e-03 
 3.355199e+00  2.325331e-03 
 3.355597e+00 -1.327437e-03 
 3.355994e+00 -5.170228e-03 
 3.356392e+00 -8.992779e-03 
 3.356790e+00 -1.272279e-02 
 3.357187e+00 -1.614414e-02 
 3.357585e+00 -1.876489e-02 
 3.357983e+00 -2.023890e-02 
 3.358380e+00 -2.026164e-02 
 3.358778e+00 -1.865470e-02 
 3.359176e+00 -1.542324e-02 
 3.359574e+00 -1.064950e-02 
 3.359971e+00 -4.771475e-03 
 3.360369e+00  1.699535e-03 
 3.360767e+00  8.231938e-03 
 3.361164e+00  1.438128e-02 
 3.361562e+00  1.961394e-02 
 3.361960e+00  2.338089e-02 
 3.362357e+00  2.551066e-02 
 3.362755e+00  2.566440e-02 
 3.363153e+00  2.408241e-02 
 3.363551e+00  2.102441e-02 
 3.363948e+00  1.695339e-02 
 3.364346e+00  1.222929e-02 
 3.364744e+00  7.305747e-03 
 3.365141e+00  2.571086e-03 
 3.365539e+00 -1.619812e-03 
 3.365937e+00 -4.806997e-03 
 3.366334e+00 -6.603026e-03 
 3.366732e+00 -6.657277e-03 
 3.367130e+00 -4.782595e-03 
 3.367527e+00 -9.816813e-04 
 3.367925e+00  4.260352e-03 
 3.368323e+00  1.022710e-02 
 3.368721e+00  1.621311e-02 
 3.369118e+00  2.156926e-02 
 3.369516e+00  2.568931e-02 
 3.369914e+00  2.831122e-02 
 3.370311e+00  2.937159e-02 
 3.370709e+00  2.886703e-02 
 3.371107e+00  2.686295e-02 
 3.371504e+00  2.363138e-02 
 3.371902e+00  1.912497e-02 
 3.372300e+00  1.368292e-02 
 3.372698e+00  7.741259e-03 
 3.373095e+00  1.753716e-03 
 3.373493e+00 -3.614623e-03 
 3.373891e+00 -7.910610e-03 
 3.374288e+00 -1.086625e-02 
 3.374686e+00 -1.226219e-02 
 3.375084e+00 -1.211329e-02 
 3.375481e+00 -1.043280e-02 
 3.375879e+00 -7.348084e-03 
 3.376277e+00 -3.037067e-03 
 3.376674e+00  2.254286e-03 
 3.377072e+00  8.043433e-03 
 3.377470e+00  1.387920e-02 
 3.377868e+00  1.909746e-02 
 3.378265e+00  2.320043e-02 
 3.378663e+00  2.613189e-02 
 3.379061e+00  2.777189e-02 
 3.379458e+00  2.817711e-02 
 3.379856e+00  2.746904e-02 
 3.380254e+00  2.557312e-02 
 3.380651e+00  2.240751e-02 
 3.381049e+00  1.832165e-02 
 3.381447e+00  1.383962e-02 
 3.381845e+00  9.544524e-03 
 3.382242e+00  6.077212e-03 
 3.382640e+00  4.040210e-03 
 3.383038e+00  3.575708e-03 
 3.383435e+00  4.707220e-03 
 3.383833e+00  7.150005e-03 
 3.384231e+00  1.032226e-02 
 3.384628e+00  1.390837e-02 
 3.385026e+00  1.751963e-02 
 3.385424e+00  2.086972e-02 
 3.385821e+00  2.368770e-02 
 3.386219e+00  2.558979e-02 
 3.386617e+00  2.626981e-02 
 3.387015e+00  2.547982e-02 
 3.387412e+00  2.326952e-02 
 3.387810e+00  1.964437e-02 
 3.388208e+00  1.480089e-02 
 3.388605e+00  8.963351e-03 
 3.389003e+00  2.640410e-03 
 3.389401e+00 -3.579843e-03 
 3.389798e+00 -9.271988e-03 
 3.390196e+00 -1.382582e-02 
 3.390594e+00 -1.685395e-02 
 3.390992e+00 -1.788946e-02 
 3.391389e+00 -1.657334e-02 
 3.391787e+00 -1.293192e-02 
 3.392185e+00 -7.197482e-03 
 3.392582e+00  1.745885e-04 
 3.392980e+00  8.414462e-03 
 3.393378e+00  1.676095e-02 
 3.393775e+00  2.459701e-02 
 3.394173e+00  3.125972e-02 
 3.394571e+00  3.628586e-02 
 3.394968e+00  3.944364e-02 
 3.395366e+00  4.042976e-02 
 3.395764e+00  3.919556e-02 
 3.396162e+00  3.576310e-02 
 3.396559e+00  3.032128e-02 
 3.396957e+00  2.338645e-02 
 3.397355e+00  1.565615e-02 
 3.397752e+00  7.924001e-03 
 3.398150e+00  9.059029e-04 
 3.398548e+00 -4.757950e-03 
 3.398945e+00 -8.747817e-03 
 3.399343e+00 -1.093053e-02 
 3.399741e+00 -1.156385e-02 
 3.400139e+00 -1.081008e-02 
 3.400536e+00 -8.961308e-03 
 3.400934e+00 -6.180160e-03 
 3.401332e+00 -2.647105e-03 
 3.401729e+00  1.351556e-03 
 3.402127e+00  5.621358e-03 
 3.402525e+00  9.769654e-03 
 3.402922e+00  1.341388e-02 
 3.403320e+00  1.631292e-02 
 3.403718e+00  1.847035e-02 
 3.404115e+00  1.963463e-02 
 3.404513e+00  1.988872e-02 
 3.404911e+00  1.911710e-02 
 3.405309e+00  1.746891e-02 
 3.405706e+00  1.497996e-02 
 3.406104e+00  1.167880e-02 
 3.406502e+00  7.714984e-03 
 3.406899e+00  3.227027e-03 
 3.407297e+00 -1.370604e-03 
 3.407695e+00 -5.870419e-03 
 3.408092e+00 -9.963566e-03 
 3.408490e+00 -1.342016e-02 
 3.408888e+00 -1.606962e-02 
 3.409286e+00 -1.757270e-02 
 3.409683e+00 -1.767487e-02 
 3.410081e+00 -1.602386e-02 
 3.410479e+00 -1.260597e-02 
 3.410876e+00 -7.545883e-03 
 3.411274e+00 -1.001471e-03 
 3.411672e+00  6.588998e-03 
 3.412069e+00  1.450307e-02 
 3.412467e+00  2.227614e-02 
 3.412865e+00  2.942040e-02 
 3.413262e+00  3.549504e-02 
 3.413660e+00  4.015834e-02 
 3.414058e+00  4.298643e-02 
 3.414456e+00  4.353104e-02 
 3.414853e+00  4.150227e-02 
 3.415251e+00  3.680304e-02 
 3.415649e+00  2.965672e-02 
 3.416046e+00  2.051217e-02 
 3.416444e+00  1.010783e-02 
 3.416842e+00 -7.388385e-04 
 3.417239e+00 -1.126476e-02 
 3.417637e+00 -2.060438e-02 
 3.418035e+00 -2.818222e-02 
 3.418433e+00 -3.358237e-02 
 3.418830e+00 -3.645599e-02 
 3.419228e+00 -3.662542e-02 
 3.419626e+00 -3.420507e-02 
 3.420023e+00 -2.949707e-02 
 3.420421e+00 -2.296703e-02 
 3.420819e+00 -1.522896e-02 
 3.421216e+00 -6.891207e-03 
 3.421614e+00  1.512919e-03 
 3.422012e+00  9.314688e-03 
 3.422409e+00  1.616582e-02 
 3.422807e+00  2.168368e-02 
 3.423205e+00  2.524355e-02 
 3.423603e+00  2.650569e-02 
 3.424000e+00  2.533126e-02 
 3.424398e+00  2.172318e-02 
 3.424796e+00  1.607794e-02 
 3.425193e+00  9.172974e-03 
 3.425591e+00  1.811468e-03 
 3.425989e+00 -5.415494e-03 
 3.426386e+00 -1.174651e-02 
 3.426784e+00 -1.675132e-02 
 3.427182e+00 -2.001388e-02 
 3.427580e+00 -2.112334e-02 
 3.427977e+00 -1.982957e-02 
 3.428375e+00 -1.633740e-02 
 3.428773e+00 -1.094308e-02 
 3.429170e+00 -4.162335e-03 
 3.429568e+00  3.075154e-03 
 3.429966e+00  1.012839e-02 
 3.430363e+00  1.627333e-02 
 3.430761e+00  2.098038e-02 
 3.431159e+00  2.383095e-02 
 3.431556e+00  2.482336e-02 
 3.431954e+00  2.399296e-02 
 3.432352e+00  2.142006e-02 
 3.432750e+00  1.747221e-02 
 3.433147e+00  1.253641e-02 
 3.433545e+00  7.127657e-03 
 3.433943e+00  1.705994e-03 
 3.434340e+00 -3.341526e-03 
 3.434738e+00 -7.810160e-03 
 3.435136e+00 -1.137509e-02 
 3.435533e+00 -1.389101e-02 
 3.435931e+00 -1.522586e-02 
 3.436329e+00 -1.519063e-02 
 3.436727e+00 -1.370988e-02 
 3.437124e+00 -1.093500e-02 
 3.437522e+00 -7.223889e-03 
 3.437920e+00 -3.008556e-03 
 3.438317e+00  1.202547e-03 
 3.438715e+00  4.702602e-03 
 3.439113e+00  7.193220e-03 
 3.439510e+00  8.358341e-03 
 3.439908e+00  8.140400e-03 
 3.440306e+00  6.956799e-03 
 3.440703e+00  5.079621e-03 
 3.441101e+00  2.886111e-03 
 3.441499e+00  8.306434e-04 
 3.441897e+00 -9.421424e-04 
 3.442294e+00 -2.220064e-03 
 3.442692e+00 -2.865651e-03 
 3.443090e+00 -2.810669e-03 
 3.443487e+00 -2.207218e-03 
 3.443885e+00 -8.672068e-04 
 3.444283e+00  1.184775e-03 
 3.444680e+00  3.792979e-03 
 3.445078e+00  6.830400e-03 
 3.445476e+00  1.010507e-02 
 3.445874e+00  1.311528e-02 
 3.446271e+00  1.556699e-02 
 3.446669e+00  1.702570e-02 
 3.447067e+00  1.715426e-02 
 3.447464e+00  1.588781e-02 
 3.447862e+00  1.322591e-02 
 3.448260e+00  9.458110e-03 
 3.448657e+00  4.810495e-03 
 3.449055e+00 -1.708996e-04 
 3.449453e+00 -5.162893e-03 
 3.449850e+00 -9.740436e-03 
 3.450248e+00 -1.369714e-02 
 3.450646e+00 -1.678696e-02 
 3.451044e+00 -1.893425e-02 
 3.451441e+00 -2.003591e-02 
 3.451839e+00 -2.002321e-02 
 3.452237e+00 -1.876897e-02 
 3.452634e+00 -1.623852e-02 
 3.453032e+00 -1.240953e-02 
 3.453430e+00 -7.461430e-03 
 3.453827e+00 -1.677156e-03 
 3.454225e+00  4.521991e-03 
 3.454623e+00  1.062171e-02 
 3.455021e+00  1.616863e-02 
 3.455418e+00  2.078016e-02 
 3.455816e+00  2.428612e-02 
 3.456214e+00  2.661507e-02 
 3.456611e+00  2.782164e-02 
 3.457009e+00  2.800405e-02 
 3.457407e+00  2.694144e-02 
 3.457804e+00  2.492123e-02 
 3.458202e+00  2.185959e-02 
 3.458600e+00  1.822912e-02 
 3.458997e+00  1.438524e-02 
 3.459395e+00  1.063742e-02 
 3.459793e+00  7.328993e-03 
 3.460191e+00  4.677484e-03 
 3.460588e+00  2.911692e-03 
 3.460986e+00  2.013928e-03 
 3.461384e+00  2.069905e-03 
 3.461781e+00  3.133499e-03 
 3.462179e+00  4.883081e-03 
 3.462577e+00  7.261688e-03 
 3.462974e+00  9.809727e-03 
 3.463372e+00  1.219383e-02 
 3.463770e+00  1.409567e-02 
 3.464168e+00  1.552098e-02 
 3.464565e+00  1.652609e-02 
 3.464963e+00  1.731301e-02 
 3.465361e+00  1.797778e-02 
 3.465758e+00  1.833922e-02 
 3.466156e+00  1.837812e-02 
 3.466554e+00  1.790797e-02 
 3.466951e+00  1.671669e-02 
 3.467349e+00  1.491990e-02 
 3.467747e+00  1.282140e-02 
 3.468144e+00  1.060882e-02 
 3.468542e+00  8.570437e-03 
 3.468940e+00  6.691046e-03 
 3.469338e+00  4.875456e-03 
 3.469735e+00  3.016035e-03 
 3.470133e+00  1.182669e-03 
 3.470531e+00 -2.496625e-04 
 3.470928e+00 -1.129392e-03 
 3.471326e+00 -1.061735e-03 
 3.471724e+00  1.258632e-04 
 3.472121e+00  2.557823e-03 
 3.472519e+00  6.111395e-03 
 3.472917e+00  1.053706e-02 
 3.473315e+00  1.545647e-02 
 3.473712e+00  2.050835e-02 
 3.474110e+00  2.534782e-02 
 3.474508e+00  2.940331e-02 
 3.474905e+00  3.228879e-02 
 3.475303e+00  3.362092e-02 
 3.475701e+00  3.309471e-02 
 3.476098e+00  3.073606e-02 
 3.476496e+00  2.692790e-02 
 3.476894e+00  2.206766e-02 
 3.477291e+00  1.667415e-02 
 3.477689e+00  1.129111e-02 
 3.478087e+00  6.363772e-03 
 3.478485e+00  2.137693e-03 
 3.478882e+00 -1.071167e-03 
 3.479280e+00 -3.046071e-03 
 3.479678e+00 -3.673518e-03 
 3.480075e+00 -2.757503e-03 
 3.480473e+00 -2.496132e-04 
 3.480871e+00  3.403596e-03 
 3.481268e+00  7.816220e-03 
 3.481666e+00  1.232718e-02 
 3.482064e+00  1.625517e-02 
 3.482462e+00  1.922622e-02 
 3.482859e+00  2.106940e-02 
 3.483257e+00  2.154743e-02 
 3.483655e+00  2.092101e-02 
 3.484052e+00  1.925155e-02 
 3.484450e+00  1.665290e-02 
 3.484848e+00  1.332059e-02 
 3.485245e+00  9.471628e-03 
 3.485643e+00  5.307758e-03 
 3.486041e+00  1.410964e-03 
 3.486438e+00 -1.592391e-03 
 3.486836e+00 -3.024352e-03 
 3.487234e+00 -2.764560e-03 
 3.487632e+00 -4.822315e-04 
 3.488029e+00  3.584677e-03 
 3.488427e+00  9.164872e-03 
 3.488825e+00  1.562459e-02 
 3.489222e+00  2.234906e-02 
 3.489620e+00  2.872404e-02 
 3.490018e+00  3.398380e-02 
 3.490415e+00  3.750263e-02 
 3.490813e+00  3.870273e-02 
 3.491211e+00  3.737869e-02 
 3.491609e+00  3.367004e-02 
 3.492006e+00  2.784103e-02 
 3.492404e+00  2.061292e-02 
 3.492802e+00  1.254076e-02 
 3.493199e+00  4.063876e-03 
 3.493597e+00 -4.374928e-03 
 3.493995e+00 -1.241463e-02 
 3.494392e+00 -1.953687e-02 
 3.494790e+00 -2.536708e-02 
 3.495188e+00 -2.925565e-02 
 3.495585e+00 -3.072181e-02 
 3.495983e+00 -2.948642e-02 
 3.496381e+00 -2.549250e-02 
 3.496779e+00 -1.925775e-02 
 3.497176e+00 -1.142717e-02 
 3.497574e+00 -2.818497e-03 
 3.497972e+00  5.521136e-03 
 3.498369e+00  1.294945e-02 
 3.498767e+00  1.893515e-02 
 3.499165e+00  2.320521e-02 
 3.499562e+00  2.560870e-02 
 3.499960e+00  2.614981e-02 
 3.500358e+00  2.476813e-02 
 3.500756e+00  2.136325e-02 
 3.501153e+00  1.632238e-02 
 3.501551e+00  1.001367e-02 
 3.501949e+00  2.831900e-03 
 3.502346e+00 -4.536707e-03 
 3.502744e+00 -1.143341e-02 
 3.503142e+00 -1.736896e-02 
 3.503539e+00 -2.183783e-02 
 3.503937e+00 -2.447133e-02 
 3.504335e+00 -2.487568e-02 
 3.504732e+00 -2.277729e-02 
 3.505130e+00 -1.822458e-02 
 3.505528e+00 -1.144535e-02 
 3.505926e+00 -3.114179e-03 
 3.506323e+00  6.010626e-03 
 3.506721e+00  1.502028e-02 
 3.507119e+00  2.323942e-02 
 3.507516e+00  3.017896e-02 
 3.507914e+00  3.554934e-02 
 3.508312e+00  3.906602e-02 
 3.508709e+00  4.052498e-02 
 3.509107e+00  3.953033e-02 
 3.509505e+00  3.596985e-02 
 3.509903e+00  2.997989e-02 
 3.510300e+00  2.203421e-02 
 3.510698e+00  1.271073e-02 
 3.511096e+00  2.747387e-03 
 3.511493e+00 -7.066326e-03 
 3.511891e+00 -1.612473e-02 
 3.512289e+00 -2.400237e-02 
 3.512686e+00 -3.039685e-02 
 3.513084e+00 -3.489533e-02 
 3.513482e+00 -3.737956e-02 
 3.513879e+00 -3.756419e-02 
 3.514277e+00 -3.558184e-02 
 3.514675e+00 -3.162339e-02 
 3.515073e+00 -2.594361e-02 
 3.515470e+00 -1.900849e-02 
 3.515868e+00 -1.108569e-02 
 3.516266e+00 -2.574665e-03 
 3.516663e+00  6.147338e-03 
 3.517061e+00  1.458751e-02 
 3.517459e+00  2.227110e-02 
 3.517856e+00  2.867385e-02 
 3.518254e+00  3.322131e-02 
 3.518652e+00  3.572492e-02 
 3.519050e+00  3.607771e-02 
 3.519447e+00  3.448711e-02 
 3.519845e+00  3.134732e-02 
 3.520243e+00  2.687613e-02 
 3.520640e+00  2.135179e-02 
 3.521038e+00  1.516473e-02 
 3.521436e+00  8.469220e-03 
 3.521833e+00  1.738576e-03 
 3.522231e+00 -4.593615e-03 
 3.522629e+00 -9.892303e-03 
 3.523026e+00 -1.377212e-02 
 3.523424e+00 -1.568452e-02 
 3.523822e+00 -1.553156e-02 
 3.524220e+00 -1.357378e-02 
 3.524617e+00 -1.007404e-02 
 3.525015e+00 -5.487496e-03 
 3.525413e+00 -2.771373e-04 
 3.525810e+00  5.102425e-03 
 3.526208e+00  1.039403e-02 
 3.526606e+00  1.523026e-02 
 3.527003e+00  1.912756e-02 
 3.527401e+00  2.176888e-02 
 3.527799e+00  2.297186e-02 
 3.528197e+00  2.266396e-02 
 3.528594e+00  2.087491e-02 
 3.528992e+00  1.768554e-02 
 3.529390e+00  1.333354e-02 
 3.529787e+00  8.021426e-03 
 3.530185e+00  2.072806e-03 
 3.530583e+00 -4.226511e-03 
 3.530980e+00 -1.039535e-02 
 3.531378e+00 -1.589626e-02 
 3.531776e+00 -2.021707e-02 
 3.532173e+00 -2.272127e-02 
 3.532571e+00 -2.309993e-02 
 3.532969e+00 -2.151058e-02 
 3.533367e+00 -1.824469e-02 
 3.533764e+00 -1.360022e-02 
 3.534162e+00 -8.012803e-03 
 3.534560e+00 -1.855424e-03 
 3.534957e+00  4.512758e-03 
 3.535355e+00  1.077694e-02 
 3.535753e+00  1.633034e-02 
 3.536150e+00  2.080082e-02 
 3.536548e+00  2.375953e-02 
 3.536946e+00  2.488350e-02 
 3.537344e+00  2.440573e-02 
 3.537741e+00  2.240327e-02 
 3.538139e+00  1.943973e-02 
 3.538537e+00  1.580507e-02 
 3.538934e+00  1.204122e-02 
 3.539332e+00  8.461520e-03 
 3.539730e+00  5.367479e-03 
 3.540127e+00  2.849273e-03 
 3.540525e+00  9.841772e-04 
 3.540923e+00  1.057330e-04 
 3.541320e+00  1.600106e-04 
 3.541718e+00  1.101842e-03 
 3.542116e+00  2.588123e-03 
 3.542514e+00  4.139067e-03 
 3.542911e+00  5.173593e-03 
 3.543309e+00  5.613441e-03 
 3.543707e+00  5.352557e-03 
 3.544104e+00  4.354529e-03 
 3.544502e+00  2.782443e-03 
 3.544900e+00  7.823856e-04 
 3.545297e+00 -1.500646e-03 
 3.545695e+00 -3.949666e-03 
 3.546093e+00 -6.575242e-03 
 3.546491e+00 -9.009566e-03 
 3.546888e+00 -1.086566e-02 
 3.547286e+00 -1.160657e-02 
 3.547684e+00 -1.058805e-02 
 3.548081e+00 -7.813027e-03 
 3.548479e+00 -3.385664e-03 
 3.548877e+00  2.232478e-03 
 3.549274e+00  8.222075e-03 
 3.549672e+00  1.406855e-02 
 3.550070e+00  1.942195e-02 
 3.550467e+00  2.394982e-02 
 3.550865e+00  2.741219e-02 
 3.551263e+00  2.951684e-02 
 3.551661e+00  3.009570e-02 
 3.552058e+00  2.864412e-02 
 3.552456e+00  2.528959e-02 
 3.552854e+00  2.014764e-02 
 3.553251e+00  1.362644e-02 
 3.553649e+00  6.456558e-03 
 3.554047e+00 -6.695203e-04 
 3.554444e+00 -7.187615e-03 
 3.554842e+00 -1.267637e-02 
 3.555240e+00 -1.682735e-02 
 3.555638e+00 -1.940080e-02 
 3.556035e+00 -2.005369e-02 
 3.556433e+00 -1.864699e-02 
 3.556831e+00 -1.519807e-02 
 3.557228e+00 -9.990874e-03 
 3.557626e+00 -3.522642e-03 
 3.558024e+00  3.356068e-03 
 3.558421e+00  9.843412e-03 
 3.558819e+00  1.541109e-02 
 3.559217e+00  1.936918e-02 
 3.559614e+00  2.167321e-02 
 3.560012e+00  2.244022e-02 
 3.560410e+00  2.155188e-02 
 3.560808e+00  1.932446e-02 
 3.561205e+00  1.602748e-02 
 3.561603e+00  1.202786e-02 
 3.562001e+00  7.496238e-03 
 3.562398e+00  2.818720e-03 
 3.562796e+00 -1.503482e-03 
 3.563194e+00 -5.099227e-03 
 3.563591e+00 -7.706238e-03 
 3.563989e+00 -8.991348e-03 
 3.564387e+00 -9.029780e-03 
 3.564785e+00 -7.917834e-03 
 3.565182e+00 -5.438716e-03 
 3.565580e+00 -1.771861e-03 
 3.565978e+00  2.926212e-03 
 3.566375e+00  8.417301e-03 
 3.566773e+00  1.433672e-02 
 3.567171e+00  2.019838e-02 
 3.567568e+00  2.559364e-02 
 3.567966e+00  3.011637e-02 
 3.568364e+00  3.332438e-02 
 3.568761e+00  3.517560e-02 
 3.569159e+00  3.564235e-02 
 3.569557e+00  3.476387e-02 
 3.569955e+00  3.268549e-02 
 3.570352e+00  2.943610e-02 
 3.570750e+00  2.505804e-02 
 3.571148e+00  1.978616e-02 
 3.571545e+00  1.391594e-02 
 3.571943e+00  7.819685e-03 
 3.572341e+00  2.031541e-03 
 3.572738e+00 -3.031451e-03 
 3.573136e+00 -7.097965e-03 
 3.573534e+00 -1.004888e-02 
 3.573932e+00 -1.176219e-02 
 3.574329e+00 -1.238716e-02 
 3.574727e+00 -1.190456e-02 
 3.575125e+00 -1.029056e-02 
 3.575522e+00 -7.754364e-03 
 3.575920e+00 -4.346338e-03 
 3.576318e+00 -3.743213e-04 
 3.576715e+00  3.864465e-03 
 3.577113e+00  7.866759e-03 
 3.577511e+00  1.155945e-02 
 3.577908e+00  1.471834e-02 
 3.578306e+00  1.703325e-02 
 3.578704e+00  1.847823e-02 
 3.579102e+00  1.899354e-02 
 3.579499e+00  1.846981e-02 
 3.579897e+00  1.696327e-02 
 3.580295e+00  1.464347e-02 
 3.580692e+00  1.168332e-02 
 3.581090e+00  8.276312e-03 
 3.581488e+00  4.943904e-03 
 3.581885e+00  2.035232e-03 
 3.582283e+00 -8.832652e-06 
 3.582681e+00 -1.010822e-03 
 3.583079e+00 -8.968385e-04 
 3.583476e+00  3.451730e-04 
 3.583874e+00  2.598920e-03 
 3.584272e+00  5.659044e-03 
 3.584669e+00  9.125389e-03 
 3.585067e+00  1.295217e-02 
 3.585465e+00  1.670742e-02 
 3.585862e+00  1.989430e-02 
 3.586260e+00  2.224262e-02 
 3.586658e+00  2.352971e-02 
 3.587055e+00  2.326399e-02 
 3.587453e+00  2.152974e-02 
 3.587851e+00  1.835795e-02 
 3.588249e+00  1.360981e-02 
 3.588646e+00  7.884679e-03 
 3.589044e+00  1.568952e-03 
 3.589442e+00 -4.786160e-03 
 3.589839e+00 -1.071109e-02 
 3.590237e+00 -1.549374e-02 
 3.590635e+00 -1.886733e-02 
 3.591032e+00 -2.049421e-02 
 3.591430e+00 -2.016513e-02 
 3.591828e+00 -1.801590e-02 
 3.592226e+00 -1.412812e-02 
 3.592623e+00 -8.717094e-03 
 3.593021e+00 -2.035071e-03 
 3.593419e+00  5.524659e-03 
 3.593816e+00  1.343748e-02 
 3.594214e+00  2.118444e-02 
 3.594612e+00  2.805409e-02 
 3.595009e+00  3.364781e-02 
 3.595407e+00  3.753630e-02 
 3.595805e+00  3.956289e-02 
 3.596202e+00  3.959565e-02 
 3.596600e+00  3.767759e-02 
 3.596998e+00  3.387445e-02 
 3.597396e+00  2.826486e-02 
 3.597793e+00  2.121167e-02 
 3.598191e+00  1.311363e-02 
 3.598589e+00  4.752295e-03 
 3.598986e+00 -3.112298e-03 
 3.599384e+00 -9.691690e-03 
 3.599782e+00 -1.421428e-02 
 3.600179e+00 -1.625688e-02 
 3.600577e+00 -1.594376e-02 
 3.600975e+00 -1.337973e-02 
 3.601373e+00 -8.938859e-03 
 3.601770e+00 -2.849532e-03 
 3.602168e+00  4.292254e-03 
 3.602566e+00  1.199078e-02 
 3.602963e+00  1.944314e-02 
 3.603361e+00  2.564420e-02 
 3.603759e+00  3.022000e-02 
 3.604156e+00  3.254154e-02 
 3.604554e+00  3.226521e-02 
 3.604952e+00  2.933396e-02 
 3.605349e+00  2.396201e-02 
 3.605747e+00  1.651933e-02 
 3.606145e+00  7.473788e-03 
 3.606543e+00 -2.362890e-03 
 3.606940e+00 -1.235329e-02 
 3.607338e+00 -2.175924e-02 
 3.607736e+00 -2.964780e-02 
 3.608133e+00 -3.532579e-02 
 3.608531e+00 -3.798640e-02 
 3.608929e+00 -3.736916e-02 
 3.609326e+00 -3.347679e-02 
 3.609724e+00 -2.675342e-02 
 3.610122e+00 -1.769365e-02 
 3.610520e+00 -7.175290e-03 
 3.610917e+00  3.972876e-03 
 3.611315e+00  1.529702e-02 
 3.611713e+00  2.585885e-02 
 3.612110e+00  3.521494e-02 
 3.612508e+00  4.290329e-02 
 3.612906e+00  4.834643e-02 
 3.613303e+00  5.118208e-02 
 3.613701e+00  5.109850e-02 
 3.614099e+00  4.824437e-02 
 3.614496e+00  4.291499e-02 
 3.614894e+00  3.566815e-02 
 3.615292e+00  2.725504e-02 
 3.615690e+00  1.820417e-02 
 3.616087e+00  9.010855e-03 
 3.616485e+00  3.484475e-04 
 3.616883e+00 -7.263788e-03 
 3.617280e+00 -1.332172e-02 
 3.617678e+00 -1.725363e-02 
 3.618076e+00 -1.892557e-02 
 3.618473e+00 -1.856774e-02 
 3.618871e+00 -1.639125e-02 
 3.619269e+00 -1.311405e-02 
 3.619667e+00 -9.275844e-03 
 3.620064e+00 -5.371245e-03 
 3.620462e+00 -1.442675e-03 
 3.620860e+00  2.334021e-03 
 3.621257e+00  6.033875e-03 
 3.621655e+00  9.570533e-03 
 3.622053e+00  1.271275e-02 
 3.622450e+00  1.521708e-02 
 3.622848e+00  1.674309e-02 
 3.623246e+00  1.713894e-02 
 3.623643e+00  1.662620e-02 
 3.624041e+00  1.545543e-02 
 3.624439e+00  1.371160e-02 
 3.624837e+00  1.151756e-02 
 3.625234e+00  8.852406e-03 
 3.625632e+00  5.616124e-03 
 3.626030e+00  2.183020e-03 
 3.626427e+00 -1.220138e-03 
 3.626825e+00 -4.183792e-03 
 3.627223e+00 -6.493765e-03 
 3.627620e+00 -7.553035e-03 
 3.628018e+00 -7.388437e-03 
 3.628416e+00 -6.114658e-03 
 3.628814e+00 -3.912965e-03 
 3.629211e+00 -1.103930e-03 
 3.629609e+00  1.940757e-03 
 3.630007e+00  5.238325e-03 
 3.630404e+00  8.810259e-03 
 3.630802e+00  1.236027e-02 
 3.631200e+00  1.560214e-02 
 3.631597e+00  1.824473e-02 
 3.631995e+00  1.977407e-02 
 3.632393e+00  1.991369e-02 
 3.632790e+00  1.862326e-02 
 3.633188e+00  1.611321e-02 
 3.633586e+00  1.263761e-02 
 3.633984e+00  8.355186e-03 
 3.634381e+00  3.685813e-03 
 3.634779e+00 -1.259670e-03 
 3.635177e+00 -6.160563e-03 
 3.635574e+00 -1.074814e-02 
 3.635972e+00 -1.468444e-02 
 3.636370e+00 -1.759471e-02 
 3.636767e+00 -1.933263e-02 
 3.637165e+00 -2.000594e-02 
 3.637563e+00 -1.973004e-02 
 3.637961e+00 -1.896047e-02 
 3.638358e+00 -1.793839e-02 
 3.638756e+00 -1.677395e-02 
 3.639154e+00 -1.519806e-02 
 3.639551e+00 -1.322014e-02 
 3.639949e+00 -1.074260e-02 
 3.640347e+00 -7.830581e-03 
 3.640744e+00 -4.890996e-03 
 3.641142e+00 -2.035620e-03 
 3.641540e+00  5.009866e-04 
 3.641937e+00  2.700926e-03 
 3.642335e+00  4.546512e-03 
 3.642733e+00  6.178924e-03 
 3.643131e+00  7.509939e-03 
 3.643528e+00  8.719141e-03 
 3.643926e+00  9.733728e-03 
 3.644324e+00  1.063674e-02 
 3.644721e+00  1.129630e-02 
 3.645119e+00  1.176003e-02 
 3.645517e+00  1.233916e-02 
 3.645914e+00  1.300955e-02 
 3.646312e+00  1.350730e-02 
 3.646710e+00  1.372810e-02 
 3.647108e+00  1.311490e-02 
 3.647505e+00  1.151160e-02 
 3.647903e+00  9.051062e-03 
 3.648301e+00  5.841636e-03 
 3.648698e+00  2.094023e-03 
 3.649096e+00 -1.997767e-03 
 3.649494e+00 -6.128412e-03 
 3.649891e+00 -1.012458e-02 
 3.650289e+00 -1.366323e-02 
 3.650687e+00 -1.649573e-02 
 3.651084e+00 -1.829581e-02 
 3.651482e+00 -1.876869e-02 
 3.651880e+00 -1.781673e-02 
 3.652278e+00 -1.536759e-02 
 3.652675e+00 -1.173529e-02 
 3.653073e+00 -7.219326e-03 
 3.653471e+00 -2.282926e-03 
 3.653868e+00  2.901335e-03 
 3.654266e+00  7.982682e-03 
 3.654664e+00  1.254177e-02 
 3.655061e+00  1.638913e-02 
 3.655459e+00  1.923077e-02 
 3.655857e+00  2.072615e-02 
 3.656255e+00  2.054818e-02 
 3.656652e+00  1.873090e-02 
 3.657050e+00  1.538348e-02 
 3.657448e+00  1.068652e-02 
 3.657845e+00  5.152316e-03 
 3.658243e+00 -6.235061e-04 
 3.658641e+00 -6.153286e-03 
 3.659038e+00 -1.095085e-02 
 3.659436e+00 -1.459664e-02 
 3.659834e+00 -1.665249e-02 
 3.660231e+00 -1.694534e-02 
 3.660629e+00 -1.536811e-02 
 3.661027e+00 -1.210212e-02 
 3.661425e+00 -7.197596e-03 
 3.661822e+00 -1.097990e-03 
 3.662220e+00  5.742951e-03 
 3.662618e+00  1.287568e-02 
 3.663015e+00  1.969210e-02 
 3.663413e+00  2.579665e-02 
 3.663811e+00  3.060894e-02 
 3.664208e+00  3.369130e-02 
 3.664606e+00  3.478644e-02 
 3.665004e+00  3.351784e-02 
 3.665402e+00  2.996778e-02 
 3.665799e+00  2.432946e-02 
 3.666197e+00  1.709895e-02 
 3.666595e+00  8.938879e-03 
 3.666992e+00  4.778563e-04 
 3.667390e+00 -7.476540e-03 
 3.667788e+00 -1.418337e-02 
 3.668185e+00 -1.920746e-02 
 3.668583e+00 -2.230582e-02 
 3.668981e+00 -2.316542e-02 
 3.669378e+00 -2.173729e-02 
 3.669776e+00 -1.797093e-02 
 3.670174e+00 -1.195656e-02 
 3.670572e+00 -4.303575e-03 
 3.670969e+00  4.355444e-03 
 3.671367e+00  1.328551e-02 
 3.671765e+00  2.198822e-02 
 3.672162e+00  2.983440e-02 
 3.672560e+00  3.638532e-02 
 3.672958e+00  4.140759e-02 
 3.673355e+00  4.464179e-02 
 3.673753e+00  4.593053e-02 
 3.674151e+00  4.527298e-02 
 3.674549e+00  4.262745e-02 
 3.674946e+00  3.803206e-02 
 3.675344e+00  3.181514e-02 
 3.675742e+00  2.461871e-02 
 3.676139e+00  1.717086e-02 
 3.676537e+00  1.011743e-02 
 3.676935e+00  4.024238e-03 
 3.677332e+00 -7.503133e-04 
 3.677730e+00 -3.813349e-03 
 3.678128e+00 -5.250205e-03 
 3.678525e+00 -4.979112e-03 
 3.678923e+00 -3.075493e-03 
 3.679321e+00  1.107840e-04 
 3.679719e+00  4.096150e-03 
 3.680116e+00  8.471380e-03 
 3.680514e+00  1.264470e-02 
 3.680912e+00  1.593176e-02 
 3.681309e+00  1.812521e-02 
 3.681707e+00  1.913383e-02 
 3.682105e+00  1.893137e-02 
 3.682502e+00  1.783918e-02 
 3.682900e+00  1.591831e-02 
 3.683298e+00  1.321106e-02 
 3.683696e+00  9.741443e-03 
 3.684093e+00  5.739068e-03 
 3.684491e+00  1.661009e-03 
 3.684889e+00 -2.138013e-03 
 3.685286e+00 -4.951931e-03 
 3.685684e+00 -6.597551e-03 
 3.686082e+00 -6.822508e-03 
 3.686479e+00 -5.766030e-03 
 3.686877e+00 -3.546361e-03 
 3.687275e+00 -5.474297e-04 
 3.687672e+00  3.148121e-03 
 3.688070e+00  7.191388e-03 
 3.688468e+00  1.135112e-02 
 3.688866e+00  1.539069e-02 
 3.689263e+00  1.913538e-02 
 3.689661e+00  2.239880e-02 
 3.690059e+00  2.505810e-02 
 3.690456e+00  2.704889e-02 
 3.690854e+00  2.824589e-02 
 3.691252e+00  2.870226e-02 
 3.691649e+00  2.844110e-02 
 3.692047e+00  2.726656e-02 
 3.692445e+00  2.505992e-02 
 3.692843e+00  2.175909e-02 
 3.693240e+00  1.741975e-02 
 3.693638e+00  1.240525e-02 
 3.694036e+00  7.096206e-03 
 3.694433e+00  1.941264e-03 
 3.694831e+00 -2.655541e-03 
 3.695229e+00 -6.317597e-03 
 3.695626e+00 -8.871223e-03 
 3.696024e+00 -1.022752e-02 
 3.696422e+00 -1.021686e-02 
 3.696819e+00 -8.789435e-03 
 3.697217e+00 -5.977968e-03 
 3.697615e+00 -1.847406e-03 
 3.698013e+00  3.548850e-03 
 3.698410e+00  9.606048e-03 
 3.698808e+00  1.571125e-02 
 3.699206e+00  2.111864e-02 
 3.699603e+00  2.513181e-02 
 3.700001e+00  2.734659e-02 
 3.700399e+00  2.766813e-02 
 3.700796e+00  2.619063e-02 
 3.701194e+00  2.309846e-02 
 3.701592e+00  1.867423e-02 
 3.701990e+00  1.343909e-02 
 3.702387e+00  7.861664e-03 
 3.702785e+00  2.292881e-03 
 3.703183e+00 -2.882549e-03 
 3.703580e+00 -7.135117e-03 
 3.703978e+00 -9.875520e-03 
 3.704376e+00 -1.082358e-02 
 3.704773e+00 -9.748575e-03 
 3.705171e+00 -6.688274e-03 
 3.705569e+00 -1.880544e-03 
 3.705966e+00  4.358111e-03 
 3.706364e+00  1.160656e-02 
 3.706762e+00  1.938229e-02 
 3.707160e+00  2.684179e-02 
 3.707557e+00  3.335671e-02 
 3.707955e+00  3.830331e-02 
 3.708353e+00  4.107227e-02 
 3.708750e+00  4.122809e-02 
 3.709148e+00  3.860195e-02 
 3.709546e+00  3.332698e-02 
 3.709943e+00  2.574186e-02 
 3.710341e+00  1.657230e-02 
 3.710739e+00  6.330546e-03 
 3.711137e+00 -4.221462e-03 
 3.711534e+00 -1.431390e-02 
 3.711932e+00 -2.351791e-02 
 3.712330e+00 -3.116880e-02 
 3.712727e+00 -3.685547e-02 
 3.713125e+00 -4.025242e-02 
 3.713523e+00 -4.098945e-02 
 3.713920e+00 -3.905921e-02 
 3.714318e+00 -3.468945e-02 
 3.714716e+00 -2.850832e-02 
 3.715113e+00 -2.100097e-02 
 3.715511e+00 -1.264100e-02 
 3.715909e+00 -4.053302e-03 
 3.716307e+00  4.343476e-03 
 3.716704e+00  1.206336e-02 
 3.717102e+00  1.849698e-02 
 3.717500e+00  2.335257e-02 
 3.717897e+00  2.637906e-02 
 3.718295e+00  2.742013e-02 
 3.718693e+00  2.664380e-02 
 3.719090e+00  2.414695e-02 
 3.719488e+00  2.029998e-02 
 3.719886e+00  1.550487e-02 
 3.720284e+00  1.024433e-02 
 3.720681e+00  4.858223e-03 
 3.721079e+00 -2.144923e-04 
 3.721477e+00 -4.320869e-03 
 3.721874e+00 -7.191769e-03 
 3.722272e+00 -8.669927e-03 
 3.722670e+00 -8.553713e-03 
 3.723067e+00 -7.212934e-03 
 3.723465e+00 -4.930733e-03 
 3.723863e+00 -1.859622e-03 
 3.724260e+00  1.686657e-03 
 3.724658e+00  5.543649e-03 
 3.725056e+00  9.365054e-03 
 3.725454e+00  1.289436e-02 
 3.725851e+00  1.588444e-02 
 3.726249e+00  1.791248e-02 
 3.726647e+00  1.854260e-02 
 3.727044e+00  1.771419e-02 
 3.727442e+00  1.519540e-02 
 3.727840e+00  1.137312e-02 
 3.728237e+00  6.716760e-03 
 3.728635e+00  1.797888e-03 
 3.729033e+00 -2.846806e-03 
 3.729431e+00 -7.040522e-03 
 3.729828e+00 -1.043606e-02 
 3.730226e+00 -1.291212e-02 
 3.730624e+00 -1.449856e-02 
 3.731021e+00 -1.517500e-02 
 3.731419e+00 -1.499912e-02 
 3.731817e+00 -1.421734e-02 
 3.732214e+00 -1.311200e-02 
 3.732612e+00 -1.175623e-02 
 3.733010e+00 -1.034477e-02 
 3.733407e+00 -8.963015e-03 
 3.733805e+00 -7.521763e-03 
 3.734203e+00 -6.164778e-03 
 3.734601e+00 -4.755813e-03 
 3.734998e+00 -3.387278e-03 
 3.735396e+00 -2.168383e-03 
 3.735794e+00 -1.150186e-03 
 3.736191e+00 -2.297004e-04 
 3.736589e+00  6.308119e-04 
 3.736987e+00  1.640547e-03 
 3.737384e+00  3.050541e-03 
 3.737782e+00  4.845364e-03 
 3.738180e+00  6.844023e-03 
 3.738578e+00  8.737934e-03 
 3.738975e+00  1.015572e-02 
 3.739373e+00  1.099536e-02 
 3.739771e+00  1.105358e-02 
 3.740168e+00  1.041410e-02 
 3.740566e+00  9.065642e-03 
 3.740964e+00  7.144636e-03 
 3.741361e+00  4.625220e-03 
 3.741759e+00  1.618053e-03 
 3.742157e+00 -1.715631e-03 
 3.742554e+00 -5.252691e-03 
 3.742952e+00 -8.850734e-03 
 3.743350e+00 -1.213553e-02 
 3.743748e+00 -1.486699e-02 
 3.744145e+00 -1.688482e-02 
 3.744543e+00 -1.806810e-02 
 3.744941e+00 -1.836015e-02 
 3.745338e+00 -1.793415e-02 
 3.745736e+00 -1.661026e-02 
 3.746134e+00 -1.439425e-02 
 3.746531e+00 -1.111960e-02 
 3.746929e+00 -7.004910e-03 
 3.747327e+00 -2.061235e-03 
 3.747725e+00  3.387050e-03 
 3.748122e+00  8.915220e-03 
 3.748520e+00  1.425182e-02 
 3.748918e+00  1.900946e-02 
 3.749315e+00  2.302065e-02 
 3.749713e+00  2.631296e-02 
 3.750111e+00  2.867938e-02 
 3.750508e+00  3.008941e-02 
 3.750906e+00  3.016939e-02 
 3.751304e+00  2.882516e-02 
 3.751701e+00  2.608559e-02 
 3.752099e+00  2.243813e-02 
 3.752497e+00  1.842561e-02 
 3.752895e+00  1.433070e-02 
 3.753292e+00  1.062966e-02 
 3.753690e+00  7.345520e-03 
 3.754088e+00  4.396497e-03 
 3.754485e+00  1.711756e-03 
 3.754883e+00 -5.363591e-04 
 3.755281e+00 -2.267464e-03 
 3.755678e+00 -3.372614e-03 
 3.756076e+00 -3.350947e-03 
 3.756474e+00 -2.250063e-03 
 3.756872e+00  5.536017e-05 
 3.757269e+00  3.506414e-03 
 3.757667e+00  7.496644e-03 
 3.758065e+00  1.196724e-02 
 3.758462e+00  1.636220e-02 
 3.758860e+00  2.029878e-02 
 3.759258e+00  2.342784e-02 
 3.759655e+00  2.551112e-02 
 3.760053e+00  2.614717e-02 
 3.760451e+00  2.505871e-02 
 3.760848e+00  2.222257e-02 
 3.761246e+00  1.781555e-02 
 3.761644e+00  1.216083e-02 
 3.762042e+00  5.766538e-03 
 3.762439e+00 -7.537227e-04 
 3.762837e+00 -6.980119e-03 
 3.763235e+00 -1.252561e-02 
 3.763632e+00 -1.711997e-02 
 3.764030e+00 -2.045191e-02 
 3.764428e+00 -2.206410e-02 
 3.764825e+00 -2.170216e-02 
 3.765223e+00 -1.903632e-02 
 3.765621e+00 -1.412795e-02 
 3.766019e+00 -7.147976e-03 
 3.766416e+00  1.282283e-03 
 3.766814e+00  1.047101e-02 
 3.767212e+00  1.984893e-02 
 3.767609e+00  2.863884e-02 
 3.768007e+00  3.627864e-02 
 3.768405e+00  4.229996e-02 
 3.768802e+00  4.619451e-02 
 3.769200e+00  4.748866e-02 
 3.769598e+00  4.604536e-02 
 3.769995e+00  4.183228e-02 
 3.770393e+00  3.515765e-02 
 3.770791e+00  2.660919e-02 
 3.771189e+00  1.693142e-02 
 3.771586e+00  6.992436e-03 
 3.771984e+00 -2.450312e-03 
 3.772382e+00 -1.069566e-02 
 3.772779e+00 -1.720590e-02 
 3.773177e+00 -2.186091e-02 
 3.773575e+00 -2.424175e-02 
 3.773972e+00 -2.416705e-02 
 3.774370e+00 -2.161418e-02 
 3.774768e+00 -1.657887e-02 
 3.775166e+00 -9.793225e-03 
 3.775563e+00 -1.791779e-03 
 3.775961e+00  6.808697e-03 
 3.776359e+00  1.510783e-02 
 3.776756e+00  2.265775e-02 
 3.777154e+00  2.898585e-02 
 3.777552e+00  3.361481e-02 
 3.777949e+00  3.616441e-02 
 3.778347e+00  3.650669e-02 
 3.778745e+00  3.473992e-02 
 3.779142e+00  3.103037e-02 
 3.779540e+00  2.593692e-02 
 3.779938e+00  2.010092e-02 
 3.780336e+00  1.434758e-02 
 3.780733e+00  9.270315e-03 
 3.781131e+00  5.419138e-03 
 3.781529e+00  2.903175e-03 
 3.781926e+00  1.811612e-03 
 3.782324e+00  1.942905e-03 
 3.782722e+00  3.081580e-03 
 3.783119e+00  5.107756e-03 
 3.783517e+00  7.768087e-03 
 3.783915e+00  1.099210e-02 
 3.784313e+00  1.441307e-02 
 3.784710e+00  1.769669e-02 
 3.785108e+00  2.063144e-02 
 3.785506e+00  2.279187e-02 
 3.785903e+00  2.408559e-02 
 3.786301e+00  2.433853e-02 
 3.786699e+00  2.334179e-02 
 3.787096e+00  2.109818e-02 
 3.787494e+00  1.746656e-02 
 3.787892e+00  1.264985e-02 
 3.788289e+00  7.045094e-03 
 3.788687e+00  8.929880e-04 
 3.789085e+00 -5.229475e-03 
 3.789483e+00 -1.077996e-02 
 3.789880e+00 -1.529790e-02 
 3.790278e+00 -1.848449e-02 
 3.790676e+00 -2.016033e-02 
 3.791073e+00 -2.043332e-02 
 3.791471e+00 -1.928556e-02 
 3.791869e+00 -1.678114e-02 
 3.792266e+00 -1.303835e-02 
 3.792664e+00 -8.425628e-03 
 3.793062e+00 -3.284131e-03 
 3.793460e+00  2.062046e-03 
 3.793857e+00  7.144779e-03 
 3.794255e+00  1.176744e-02 
 3.794653e+00  1.546256e-02 
 3.795050e+00  1.813143e-02 
 3.795448e+00  1.970599e-02 
 3.795846e+00  2.022058e-02 
 3.796243e+00  1.970996e-02 
 3.796641e+00  1.803015e-02 
 3.797039e+00  1.521254e-02 
 3.797436e+00  1.164266e-02 
 3.797834e+00  7.878151e-03 
 3.798232e+00  4.623427e-03 
 3.798630e+00  2.253138e-03 
 3.799027e+00  9.931431e-04 
 3.799425e+00  8.376630e-04 
 3.799823e+00  1.565836e-03 
 3.800220e+00  2.952330e-03 
 3.800618e+00  4.933322e-03 
 3.801016e+00  7.233539e-03 
 3.801413e+00  9.817865e-03 
 3.801811e+00  1.264830e-02 
 3.802209e+00  1.522380e-02 
 3.802607e+00  1.736377e-02 
 3.803004e+00  1.866072e-02 
 3.803402e+00  1.885370e-02 
 3.803800e+00  1.809315e-02 
 3.804197e+00  1.635858e-02 
 3.804595e+00  1.381104e-02 
 3.804993e+00  1.063259e-02 
 3.805390e+00  6.716111e-03 
 3.805788e+00  2.313025e-03 
 3.806186e+00 -2.461132e-03 
 3.806583e+00 -7.327398e-03 
 3.806981e+00 -1.178077e-02 
 3.807379e+00 -1.534211e-02 
 3.807777e+00 -1.757304e-02 
 3.808174e+00 -1.825570e-02 
 3.808572e+00 -1.727531e-02 
 3.808970e+00 -1.492736e-02 
 3.809367e+00 -1.134580e-02 
 3.809765e+00 -6.839081e-03 
 3.810163e+00 -1.452520e-03 
 3.810560e+00  4.658494e-03 
 3.810958e+00  1.116347e-02 
 3.811356e+00  1.777735e-02 
 3.811754e+00  2.401817e-02 
 3.812151e+00  2.946172e-02 
 3.812549e+00  3.361954e-02 
 3.812947e+00  3.628857e-02 
 3.813344e+00  3.740172e-02 
 3.813742e+00  3.694411e-02 
 3.814140e+00  3.516035e-02 
 3.814537e+00  3.196132e-02 
 3.814935e+00  2.727028e-02 
 3.815333e+00  2.127777e-02 
 3.815730e+00  1.414962e-02 
 3.816128e+00  6.463522e-03 
 3.816526e+00 -1.234054e-03 
 3.816924e+00 -8.335763e-03 
 3.817321e+00 -1.429903e-02 
 3.817719e+00 -1.879864e-02 
 3.818117e+00 -2.158077e-02 
 3.818514e+00 -2.256613e-02 
 3.818912e+00 -2.191218e-02 
 3.819310e+00 -1.962377e-02 
 3.819707e+00 -1.585440e-02 
 3.820105e+00 -1.089239e-02 
 3.820503e+00 -5.128294e-03 
 3.820901e+00  5.455435e-04 
 3.821298e+00  5.551331e-03 
 3.821696e+00  9.278493e-03 
 3.822094e+00  1.140019e-02 
 3.822491e+00  1.193417e-02 
 3.822889e+00  1.104293e-02 
 3.823287e+00  9.011311e-03 
 3.823684e+00  6.112349e-03 
 3.824082e+00  2.572363e-03 
 3.824480e+00 -1.431879e-03 
 3.824877e+00 -5.539340e-03 
 3.825275e+00 -9.336007e-03 
 3.825673e+00 -1.225075e-02 
 3.826071e+00 -1.370076e-02 
 3.826468e+00 -1.336082e-02 
 3.826866e+00 -1.119948e-02 
 3.827264e+00 -7.417301e-03 
 3.827661e+00 -2.589579e-03 
 3.828059e+00  2.695884e-03 
 3.828457e+00  7.941141e-03 
 3.828854e+00  1.270805e-02 
 3.829252e+00  1.680032e-02 
 3.829650e+00  2.001357e-02 
 3.830048e+00  2.207441e-02 
 3.830445e+00  2.290024e-02 
 3.830843e+00  2.231668e-02 
 3.831241e+00  2.033005e-02 
 3.831638e+00  1.743200e-02 
 3.832036e+00  1.407559e-02 
 3.832434e+00  1.067176e-02 
 3.832831e+00  7.792204e-03 
 3.833229e+00  5.362601e-03 
 3.833627e+00  3.437004e-03 
 3.834024e+00  2.049622e-03 
 3.834422e+00  8.816200e-04 
 3.834820e+00  1.224400e-04 
 3.835218e+00 -2.242756e-04 
 3.835615e+00 -5.444453e-05 
 3.836013e+00  4.018762e-04 
 3.836411e+00  9.828837e-04 
 3.836808e+00  1.199056e-03 
 3.837206e+00  8.060650e-04 
 3.837604e+00 -1.748661e-04 
 3.838001e+00 -1.670013e-03 
 3.838399e+00 -3.485031e-03 
 3.838797e+00 -5.486949e-03 
 3.839195e+00 -7.496588e-03 
 3.839592e+00 -9.341466e-03 
 3.839990e+00 -1.085164e-02 
 3.840388e+00 -1.172957e-02 
 3.840785e+00 -1.191854e-02 
 3.841183e+00 -1.103303e-02 
 3.841581e+00 -8.914174e-03 
 3.841978e+00 -5.486213e-03 
 3.842376e+00 -9.632897e-04 
 3.842774e+00  4.218030e-03 
 3.843171e+00  9.679949e-03 
 3.843569e+00  1.493586e-02 
 3.843967e+00  1.961708e-02 
 3.844365e+00  2.337660e-02 
 3.844762e+00  2.602804e-02 
 3.845160e+00  2.741501e-02 
 3.845558e+00  2.742347e-02 
 3.845955e+00  2.594090e-02 
 3.846353e+00  2.301368e-02 
 3.846751e+00  1.880936e-02 
 3.847148e+00  1.367372e-02 
 3.847546e+00  7.947280e-03 
 3.847944e+00  1.986094e-03 
 3.848342e+00 -3.901824e-03 
 3.848739e+00 -9.505516e-03 
 3.849137e+00 -1.449324e-02 
 3.849535e+00 -1.851803e-02 
 3.849932e+00 -2.133620e-02 
 3.850330e+00 -2.262208e-02 
 3.850728e+00 -2.221156e-02 
 3.851125e+00 -2.020219e-02 
 3.851523e+00 -1.667146e-02 
 3.851921e+00 -1.199169e-02 
 3.852318e+00 -6.768335e-03 
 3.852716e+00 -1.214367e-03 
 3.853114e+00  4.248470e-03 
 3.853512e+00  9.348791e-03 
 3.853909e+00  1.400319e-02 
 3.854307e+00  1.790369e-02 
 3.854705e+00  2.080760e-02 
 3.855102e+00  2.244754e-02 
 3.855500e+00  2.258280e-02 
 3.855898e+00  2.117931e-02 
 3.856295e+00  1.844622e-02 
 3.856693e+00  1.461134e-02 
 3.857091e+00  1.009423e-02 
 3.857489e+00  5.295220e-03 
 3.857886e+00  4.090878e-04 
 3.858284e+00 -4.119526e-03 
 3.858682e+00 -7.916323e-03 
 3.859079e+00 -1.053210e-02 
 3.859477e+00 -1.157117e-02 
 3.859875e+00 -1.078696e-02 
 3.860272e+00 -8.270044e-03 
 3.860670e+00 -4.127992e-03 
 3.861068e+00  1.269939e-03 
 3.861465e+00  7.259858e-03 
 3.861863e+00  1.345131e-02 
 3.862261e+00  1.933375e-02 
 3.862659e+00  2.452474e-02 
 3.863056e+00  2.875753e-02 
 3.863454e+00  3.169097e-02 
 3.863852e+00  3.309598e-02 
 3.864249e+00  3.283328e-02 
 3.864647e+00  3.089399e-02 
 3.865045e+00  2.727256e-02 
 3.865442e+00  2.239143e-02 
 3.865840e+00  1.645246e-02 
 3.866238e+00  9.853060e-03 
 3.866636e+00  2.834028e-03 
 3.867033e+00 -4.321971e-03 
 3.867431e+00 -1.130625e-02 
 3.867829e+00 -1.772110e-02 
 3.868226e+00 -2.314101e-02 
 3.868624e+00 -2.702594e-02 
 3.869022e+00 -2.903654e-02 
 3.869419e+00 -2.884236e-02 
 3.869817e+00 -2.645917e-02 
 3.870215e+00 -2.213967e-02 
 3.870612e+00 -1.612670e-02 
 3.871010e+00 -8.823083e-03 
 3.871408e+00 -8.226578e-04 
 3.871806e+00  7.463945e-03 
 3.872203e+00  1.538909e-02 
 3.872601e+00  2.253509e-02 
 3.872999e+00  2.823049e-02 
 3.873396e+00  3.215006e-02 
 3.873794e+00  3.418242e-02 
 3.874192e+00  3.427820e-02 
 3.874589e+00  3.254681e-02 
 3.874987e+00  2.928886e-02 
 3.875385e+00  2.470998e-02 
 3.875783e+00  1.918607e-02 
 3.876180e+00  1.298617e-02 
 3.876578e+00  6.604870e-03 
 3.876976e+00  3.918163e-04 
 3.877373e+00 -5.095997e-03 
 3.877771e+00 -9.385104e-03 
 3.878169e+00 -1.195854e-02 
 3.878566e+00 -1.256640e-02 
 3.878964e+00 -1.128286e-02 
 3.879362e+00 -8.350340e-03 
 3.879759e+00 -4.209142e-03 
 3.880157e+00  5.991683e-04 
 3.880555e+00  5.646212e-03 
 3.880953e+00  1.058134e-02 
 3.881350e+00  1.495124e-02 
 3.881748e+00  1.863155e-02 
 3.882146e+00  2.128900e-02 
 3.882543e+00  2.256550e-02 
 3.882941e+00  2.247358e-02 
 3.883339e+00  2.100130e-02 
 3.883736e+00  1.823736e-02 
 3.884134e+00  1.462118e-02 
 3.884532e+00  1.049603e-02 
 3.884930e+00  6.214748e-03 
 3.885327e+00  2.268980e-03 
 3.885725e+00 -1.045342e-03 
 3.886123e+00 -3.338031e-03 
 3.886520e+00 -4.553327e-03 
 3.886918e+00 -4.282717e-03 
 3.887316e+00 -2.410355e-03 
 3.887713e+00  1.154595e-03 
 3.888111e+00  6.039866e-03 
 3.888509e+00  1.174217e-02 
 3.888906e+00  1.784060e-02 
 3.889304e+00  2.374586e-02 
 3.889702e+00  2.894359e-02 
 3.890100e+00  3.295233e-02 
 3.890497e+00  3.538285e-02 
 3.890895e+00  3.588639e-02 
 3.891293e+00  3.460492e-02 
 3.891690e+00  3.156511e-02 
 3.892088e+00  2.705969e-02 
 3.892486e+00  2.153391e-02 
 3.892883e+00  1.558803e-02 
 3.893281e+00  9.809322e-03 
 3.893679e+00  4.582256e-03 
 3.894077e+00  3.021722e-04 
 3.894474e+00 -2.829852e-03 
 3.894872e+00 -4.708881e-03 
 3.895270e+00 -5.252388e-03 
 3.895667e+00 -4.555329e-03 
 3.896065e+00 -2.742703e-03 
 3.896463e+00 -1.158817e-04 
 3.896860e+00  2.971747e-03 
 3.897258e+00  6.312533e-03 
 3.897656e+00  9.415145e-03 
 3.898053e+00  1.202546e-02 
 3.898451e+00  1.392752e-02 
 3.898849e+00  1.493466e-02 
 3.899247e+00  1.493644e-02 
 3.899644e+00  1.396389e-02 
 3.900042e+00  1.196885e-02 
 3.900440e+00  9.255322e-03 
 3.900837e+00  6.137288e-03 
 3.901235e+00  2.894098e-03 
 3.901633e+00  1.576246e-04 
 3.902030e+00 -1.653144e-03 
 3.902428e+00 -2.273510e-03 
 3.902826e+00 -1.477036e-03 
 3.903224e+00  5.599319e-04 
 3.903621e+00  3.747060e-03 
 3.904019e+00  7.685383e-03 
 3.904417e+00  1.196522e-02 
 3.904814e+00  1.628415e-02 
 3.905212e+00  2.055426e-02 
 3.905610e+00  2.457138e-02 
 3.906007e+00  2.810720e-02 
 3.906405e+00  3.108937e-02 
 3.906803e+00  3.327351e-02 
 3.907200e+00  3.440827e-02 
 3.907598e+00  3.447971e-02 
 3.907996e+00  3.353893e-02 
 3.908394e+00  3.155705e-02 
 3.908791e+00  2.858724e-02 
 3.909189e+00  2.498490e-02 
 3.909587e+00  2.080777e-02 
 3.909984e+00  1.637316e-02 
 3.910382e+00  1.166486e-02 
 3.910780e+00  6.932092e-03 
 3.911177e+00  2.422980e-03 
 3.911575e+00 -1.667300e-03 
 3.911973e+00 -5.197803e-03 
 3.912371e+00 -8.097215e-03 
 3.912768e+00 -1.045457e-02 
 3.913166e+00 -1.224362e-02 
 3.913564e+00 -1.347321e-02 
 3.913961e+00 -1.397909e-02 
 3.914359e+00 -1.370739e-02 
 3.914757e+00 -1.246580e-02 
 3.915154e+00 -1.011597e-02 
 3.915552e+00 -6.816015e-03 
 3.915950e+00 -2.782765e-03 
 3.916347e+00  1.526564e-03 
 3.916745e+00  5.727688e-03 
 3.917143e+00  9.440878e-03 
 3.917541e+00  1.237173e-02 
 3.917938e+00  1.447486e-02 
 3.918336e+00  1.550437e-02 
 3.918734e+00  1.538865e-02 
 3.919131e+00  1.406535e-02 
 3.919529e+00  1.168994e-02 
 3.919927e+00  8.563143e-03 
 3.920324e+00  5.141773e-03 
 3.920722e+00  1.910291e-03 
 3.921120e+00 -7.708255e-04 
 3.921518e+00 -2.662271e-03 
 3.921915e+00 -3.749595e-03 
 3.922313e+00 -4.138168e-03 
 3.922711e+00 -3.872367e-03 
 3.923108e+00 -2.992943e-03 
 3.923506e+00 -1.628401e-03 
 3.923904e+00  3.248602e-04 
 3.924301e+00  2.683132e-03 
 3.924699e+00  5.015357e-03 
 3.925097e+00  7.104562e-03 
 3.925494e+00  8.630019e-03 
 3.925892e+00  9.286657e-03 
 3.926290e+00  9.132804e-03 
 3.926688e+00  8.208530e-03 
 3.927085e+00  6.756205e-03 
 3.927483e+00  4.995401e-03 
 3.927881e+00  2.807743e-03 
 3.928278e+00  1.709719e-04 
 3.928676e+00 -2.712640e-03 
 3.929074e+00 -5.752808e-03 
 3.929471e+00 -8.655049e-03 
 3.929869e+00 -1.096071e-02 
 3.930267e+00 -1.240451e-02 
 3.930665e+00 -1.293563e-02 
 3.931062e+00 -1.262118e-02 
 3.931460e+00 -1.169610e-02 
 3.931858e+00 -1.048618e-02 
 3.932255e+00 -9.305589e-03 
 3.932653e+00 -8.094218e-03 
 3.933051e+00 -6.789199e-03 
 3.933448e+00 -5.179718e-03 
 3.933846e+00 -3.395921e-03 
 3.934244e+00 -1.557632e-03 
 3.934641e+00  2.466050e-04 
 3.935039e+00  1.775812e-03 
 3.935437e+00  2.999971e-03 
 3.935835e+00  3.844497e-03 
 3.936232e+00  4.320070e-03 
 3.936630e+00  4.634151e-03 
 3.937028e+00  4.956001e-03 
 3.937425e+00  5.351226e-03 
 3.937823e+00  5.735128e-03 
 3.938221e+00  6.011304e-03 
 3.938618e+00  6.318098e-03 
 3.939016e+00  6.714513e-03 
 3.939414e+00  7.371005e-03 
 3.939812e+00  8.336543e-03 
 3.940209e+00  9.371611e-03 
 3.940607e+00  1.010072e-02 
 3.941005e+00  1.022628e-02 
 3.941402e+00  9.403535e-03 
 3.941800e+00  7.588174e-03 
 3.942198e+00  4.702456e-03 
 3.942595e+00  1.059743e-03 
 3.942993e+00 -3.017269e-03 
 3.943391e+00 -7.181920e-03 
 3.943788e+00 -1.130466e-02 
 3.944186e+00 -1.526815e-02 
 3.944584e+00 -1.890569e-02 
 3.944982e+00 -2.184310e-02 
 3.945379e+00 -2.381286e-02 
 3.945777e+00 -2.442834e-02 
 3.946175e+00 -2.340540e-02 
 3.946572e+00 -2.070904e-02 
 3.946970e+00 -1.658423e-02 
 3.947368e+00 -1.119256e-02 
 3.947765e+00 -4.914877e-03 
 3.948163e+00  1.822981e-03 
 3.948561e+00  8.713253e-03 
 3.948959e+00  1.542099e-02 
 3.949356e+00  2.157388e-02 
 3.949754e+00  2.665697e-02 
 3.950152e+00  2.990808e-02 
 3.950549e+00  3.106212e-02 
 3.950947e+00  3.009062e-02 
 3.951345e+00  2.704224e-02 
 3.951742e+00  2.229357e-02 
 3.952140e+00  1.638829e-02 
 3.952538e+00  9.694355e-03 
 3.952935e+00  2.655038e-03 
 3.953333e+00 -4.143893e-03 
 3.953731e+00 -1.017267e-02 
 3.954129e+00 -1.493506e-02 
 3.954526e+00 -1.786521e-02 
 3.954924e+00 -1.858075e-02 
 3.955322e+00 -1.690265e-02 
 3.955719e+00 -1.309045e-02 
 3.956117e+00 -7.704804e-03 
 3.956515e+00 -1.445924e-03 
 3.956912e+00  5.136817e-03 
 3.957310e+00  1.158426e-02 
 3.957708e+00  1.739768e-02 
 3.958106e+00  2.234852e-02 
 3.958503e+00  2.612793e-02 
 3.958901e+00  2.845006e-02 
 3.959299e+00  2.907835e-02 
 3.959696e+00  2.777768e-02 
 3.960094e+00  2.441363e-02 
 3.960492e+00  1.917821e-02 
 3.960889e+00  1.255885e-02 
 3.961287e+00  5.192345e-03 
 3.961685e+00 -2.268278e-03 
 3.962082e+00 -9.316859e-03 
 3.962480e+00 -1.537169e-02 
 3.962878e+00 -2.021909e-02 
 3.963276e+00 -2.340683e-02 
 3.963673e+00 -2.472006e-02 
 3.964071e+00 -2.414196e-02 
 3.964469e+00 -2.165143e-02 
 3.964866e+00 -1.739638e-02 
 3.965264e+00 -1.161643e-02 
 3.965662e+00 -4.680105e-03 
 3.966059e+00  3.023878e-03 
 3.966457e+00  1.114047e-02 
 3.966855e+00  1.938656e-02 
 3.967253e+00  2.738126e-02 
 3.967650e+00  3.458027e-02 
 3.968048e+00  4.051026e-02 
 3.968446e+00  4.473860e-02 
 3.968843e+00  4.682457e-02 
 3.969241e+00  4.651050e-02 
 3.969639e+00  4.390196e-02 
 3.970036e+00  3.914248e-02 
 3.970434e+00  3.261762e-02 
 3.970832e+00  2.496312e-02 
 3.971229e+00  1.697647e-02 
 3.971627e+00  9.107311e-03 
 3.972025e+00  1.858739e-03 
 3.972423e+00 -4.584858e-03 
 3.972820e+00 -9.866084e-03 
 3.973218e+00 -1.362983e-02 
 3.973616e+00 -1.596396e-02 
 3.974013e+00 -1.676198e-02 
 3.974411e+00 -1.596064e-02 
 3.974809e+00 -1.369113e-02 
 3.975206e+00 -9.982041e-03 
 3.975604e+00 -5.035196e-03 
 3.976002e+00  9.138065e-04 
 3.976400e+00  7.307352e-03 
 3.976797e+00  1.373939e-02 
 3.977195e+00  1.960317e-02 
 3.977593e+00  2.451506e-02 
 3.977990e+00  2.808790e-02 
 3.978388e+00  3.003790e-02 
 3.978786e+00  3.046630e-02 
 3.979183e+00  2.942383e-02 
 3.979581e+00  2.701966e-02 
 3.979979e+00  2.341066e-02 
 3.980376e+00  1.884099e-02 
 3.980774e+00  1.358521e-02 
 3.981172e+00  8.062893e-03 
 3.981570e+00  2.752843e-03 
 3.981967e+00 -1.824476e-03 
 3.982365e+00 -5.065580e-03 
 3.982763e+00 -6.653278e-03 
 3.983160e+00 -6.331484e-03 
 3.983558e+00 -4.285496e-03 
 3.983956e+00 -7.903657e-04 
 3.984353e+00  3.715639e-03 
 3.984751e+00  8.943910e-03 
 3.985149e+00  1.441836e-02 
 3.985547e+00  1.980282e-02 
 3.985944e+00  2.469258e-02 
 3.986342e+00  2.861909e-02 
 3.986740e+00  3.120950e-02 
 3.987137e+00  3.236154e-02 
 3.987535e+00  3.188897e-02 
 3.987933e+00  2.982407e-02 
 3.988330e+00  2.628686e-02 
 3.988728e+00  2.159916e-02 
 3.989126e+00  1.608619e-02 
 3.989523e+00  1.013176e-02 
 3.989921e+00  4.222123e-03 
 3.990319e+00 -1.078852e-03 
 3.990717e+00 -5.080788e-03 
 3.991114e+00 -7.358225e-03 
 3.991512e+00 -7.755986e-03 
 3.991910e+00 -6.355771e-03 
 3.992307e+00 -3.574063e-03 
 3.992705e+00  8.441850e-05 
 3.993103e+00  4.305800e-03 
 3.993500e+00  8.831552e-03 
 3.993898e+00  1.333131e-02 
 3.994296e+00  1.756075e-02 
 3.994694e+00  2.137825e-02 
 3.995091e+00  2.468650e-02 
 3.995489e+00  2.722124e-02 
 3.995887e+00  2.877174e-02 
 3.996284e+00  2.912935e-02 
 3.996682e+00  2.838420e-02 
 3.997080e+00  2.657586e-02 
 3.997477e+00  2.406964e-02 
 3.997875e+00  2.121446e-02 
 3.998273e+00  1.821164e-02 
 3.998670e+00  1.521774e-02 
 3.999068e+00  1.247929e-02 
 3.999466e+00  1.028782e-02 
 3.999864e+00  8.913476e-03 
 4.000261e+00  8.392186e-03 
 4.000659e+00  8.551139e-03 
 4.001057e+00  9.350176e-03 
 4.001454e+00  1.022283e-02 
 4.001852e+00  1.082184e-02 
 4.002250e+00  1.097604e-02 
 4.002647e+00  1.052332e-02 
 4.003045e+00  9.691762e-03 
 4.003443e+00  8.480607e-03 
 4.003841e+00  7.059488e-03 
 4.004238e+00  5.262447e-03 
 4.004636e+00  3.093111e-03 
 4.005034e+00  3.735013e-04 
 4.005431e+00 -2.902054e-03 
 4.005829e+00 -6.387688e-03 
 4.006227e+00 -9.655623e-03 
 4.006624e+00 -1.222095e-02 
 4.007022e+00 -1.368621e-02 
 4.007420e+00 -1.392706e-02 
 4.007817e+00 -1.318979e-02 
 4.008215e+00 -1.182986e-02 
 4.008613e+00 -1.012778e-02 
 4.009011e+00 -8.178666e-03 
 4.009408e+00 -5.799881e-03 
 4.009806e+00 -2.982962e-03 
 4.010204e+00  2.065928e-04 
 4.010601e+00  3.728635e-03 
 4.010999e+00  7.321151e-03 
 4.011397e+00  1.060765e-02 
 4.011794e+00  1.328603e-02 
 4.012192e+00  1.522728e-02 
 4.012590e+00  1.629449e-02 
 4.012988e+00  1.659063e-02 
 4.013385e+00  1.612389e-02 
 4.013783e+00  1.496846e-02 
 4.014181e+00  1.337969e-02 
 4.014578e+00  1.142305e-02 
 4.014976e+00  9.465998e-03 
 4.015374e+00  7.744951e-03 
 4.015771e+00  6.553955e-03 
 4.016169e+00  5.762981e-03 
 4.016567e+00  5.338369e-03 
 4.016964e+00  5.288555e-03 
 4.017362e+00  5.383105e-03 
 4.017760e+00  5.481397e-03 
 4.018158e+00  5.487842e-03 
 4.018555e+00  5.516087e-03 
 4.018953e+00  5.549254e-03 
 4.019351e+00  5.465010e-03 
 4.019748e+00  5.253445e-03 
 4.020146e+00  4.614488e-03 
 4.020544e+00  3.367331e-03 
 4.020941e+00  1.366756e-03 
 4.021339e+00 -1.249959e-03 
 4.021737e+00 -4.186248e-03 
 4.022135e+00 -6.920001e-03 
 4.022532e+00 -9.162898e-03 
 4.022930e+00 -1.057885e-02 
 4.023328e+00 -1.100825e-02 
 4.023725e+00 -1.063477e-02 
 4.024123e+00 -9.729755e-03 
 4.024521e+00 -8.357006e-03 
 4.024918e+00 -6.816301e-03 
 4.025316e+00 -5.261190e-03 
 4.025714e+00 -3.720169e-03 
 4.026111e+00 -2.265374e-03 
 4.026509e+00 -8.890948e-04 
 4.026907e+00  4.160723e-04 
 4.027305e+00  1.638484e-03 
 4.027702e+00  2.696824e-03 
 4.028100e+00  3.777300e-03 
 4.028498e+00  4.853390e-03 
 4.028895e+00  5.872216e-03 
 4.029293e+00  6.695464e-03 
 4.029691e+00  7.036257e-03 
 4.030088e+00  6.868900e-03 
 4.030486e+00  6.182267e-03 
 4.030884e+00  5.298926e-03 
 4.031282e+00  4.202828e-03 
 4.031679e+00  3.212784e-03 
 4.032077e+00  2.432334e-03 
 4.032475e+00  1.806521e-03 
 4.032872e+00  1.351668e-03 
 4.033270e+00  9.468075e-04 
 4.033668e+00  4.455213e-04 
 4.034065e+00 -9.657838e-05 
 4.034463e+00 -3.414849e-04 
 4.034861e+00 -1.907280e-04 
 4.035258e+00  3.710711e-04 
 4.035656e+00  1.083979e-03 
 4.036054e+00  1.675747e-03 
 4.036452e+00  1.994095e-03 
 4.036849e+00  1.838070e-03 
 4.037247e+00  1.362801e-03 
 4.037645e+00  5.525969e-04 
 4.038042e+00 -5.402104e-04 
 4.038440e+00 -1.867809e-03 
 4.038838e+00 -3.302831e-03 
 4.039235e+00 -4.753071e-03 
 4.039633e+00 -6.151717e-03 
 4.040031e+00 -7.606145e-03 
 4.040429e+00 -8.657847e-03 
 4.040826e+00 -9.147091e-03 
 4.041224e+00 -8.727302e-03 
 4.041622e+00 -7.310579e-03 
 4.042019e+00 -4.700815e-03 
 4.042417e+00 -9.484171e-04 
 4.042815e+00  3.644418e-03 
 4.043212e+00  9.064918e-03 
 4.043610e+00  1.497902e-02 
 4.044008e+00  2.105142e-02 
 4.044405e+00  2.663626e-02 
 4.044803e+00  3.133073e-02 
 4.045201e+00  3.472872e-02 
 4.045599e+00  3.685049e-02 
 4.045996e+00  3.750640e-02 
 4.046394e+00  3.666706e-02 
 4.046792e+00  3.448839e-02 
 4.047189e+00  3.074474e-02 
 4.047587e+00  2.559018e-02 
 4.047985e+00  1.918770e-02 
 4.048382e+00  1.180342e-02 
 4.048780e+00  3.906594e-03 
 4.049178e+00 -3.957632e-03 
 4.049576e+00 -1.102675e-02 
 4.049973e+00 -1.677446e-02 
 4.050371e+00 -2.070557e-02 
 4.050769e+00 -2.248323e-02 
 4.051166e+00 -2.196997e-02 
 4.051564e+00 -1.915563e-02 
 4.051962e+00 -1.442271e-02 
 4.052359e+00 -8.218684e-03 
 4.052757e+00 -1.215774e-03 
 4.053155e+00  5.807849e-03 
 4.053552e+00  1.211863e-02 
 4.053950e+00  1.713606e-02 
 4.054348e+00  2.053985e-02 
 4.054746e+00  2.201594e-02 
 4.055143e+00  2.184191e-02 
 4.055541e+00  2.009631e-02 
 4.055939e+00  1.696104e-02 
 4.056336e+00  1.255021e-02 
 4.056734e+00  7.314511e-03 
 4.057132e+00  1.564612e-03 
 4.057529e+00 -4.427184e-03 
 4.057927e+00 -1.009726e-02 
 4.058325e+00 -1.498201e-02 
 4.058722e+00 -1.853240e-02 
 4.059120e+00 -2.029393e-02 
 4.059518e+00 -2.006976e-02 
 4.059916e+00 -1.766876e-02 
 4.060313e+00 -1.324260e-02 
 4.060711e+00 -7.168452e-03 
 4.061109e+00  4.795783e-04 
 4.061506e+00  9.096114e-03 
 4.061904e+00  1.807397e-02 
 4.062302e+00  2.664687e-02 
 4.062699e+00  3.430782e-02 
 4.063097e+00  4.023188e-02 
 4.063495e+00  4.396008e-02 
 4.063893e+00  4.502879e-02 
 4.064290e+00  4.336745e-02 
 4.064688e+00  3.908633e-02 
 4.065086e+00  3.249213e-02 
 4.065483e+00  2.429514e-02 
 4.065881e+00  1.500293e-02 
 4.066279e+00  5.197468e-03 
 4.066676e+00 -4.452686e-03 
 4.067074e+00 -1.332923e-02 
 4.067472e+00 -2.069717e-02 
 4.067869e+00 -2.612269e-02 
 4.068267e+00 -2.941835e-02 
 4.068665e+00 -3.040518e-02 
 4.069063e+00 -2.910262e-02 
 4.069460e+00 -2.571271e-02 
 4.069858e+00 -2.048576e-02 
 4.070256e+00 -1.364845e-02 
 4.070653e+00 -5.710539e-03 
 4.071051e+00  2.758677e-03 
 4.071449e+00  1.113648e-02 
 4.071846e+00  1.872641e-02 
 4.072244e+00  2.502456e-02 
 4.072642e+00  2.938110e-02 
 4.073040e+00  3.168387e-02 
 4.073437e+00  3.198690e-02 
 4.073835e+00  3.062682e-02 
 4.074233e+00  2.803520e-02 
 4.074630e+00  2.446003e-02 
 4.075028e+00  2.016915e-02 
 4.075426e+00  1.525582e-02 
 4.075823e+00  1.012663e-02 
 4.076221e+00  5.139237e-03 
 4.076619e+00  7.984369e-04 
 4.077016e+00 -2.693804e-03 
 4.077414e+00 -4.935406e-03 
 4.077812e+00 -5.879191e-03 
 4.078210e+00 -5.647737e-03 
 4.078607e+00 -4.215097e-03 
 4.079005e+00 -1.846382e-03 
 4.079403e+00  1.275826e-03 
 4.079800e+00  4.994863e-03 
 4.080198e+00  9.222224e-03 
 4.080596e+00  1.366106e-02 
 4.080993e+00  1.768979e-02 
 4.081391e+00  2.081514e-02 
 4.081789e+00  2.253139e-02 
 4.082187e+00  2.284769e-02 
 4.082584e+00  2.177588e-02 
 4.082982e+00  1.957847e-02 
 4.083380e+00  1.668080e-02 
 4.083777e+00  1.330775e-02 
 4.084175e+00  9.815254e-03 
 4.084573e+00  6.165249e-03 
 4.084970e+00  2.534079e-03 
 4.085368e+00 -1.158669e-03 
 4.085766e+00 -4.691829e-03 
 4.086163e+00 -7.639419e-03 
 4.086561e+00 -9.674880e-03 
 4.086959e+00 -1.065437e-02 
 4.087357e+00 -1.048572e-02 
 4.087754e+00 -9.084305e-03 
 4.088152e+00 -6.710166e-03 
 4.088550e+00 -3.371894e-03 
 4.088947e+00  8.423862e-04 
 4.089345e+00  5.734541e-03 
 4.089743e+00  1.117958e-02 
 4.090140e+00  1.671785e-02 
 4.090538e+00  2.185800e-02 
 4.090936e+00  2.618162e-02 
 4.091334e+00  2.938751e-02 
 4.091731e+00  3.125558e-02 
 4.092129e+00  3.163749e-02 
 4.092527e+00  3.058377e-02 
 4.092924e+00  2.823898e-02 
 4.093322e+00  2.473512e-02 
 4.093720e+00  2.037975e-02 
 4.094117e+00  1.537866e-02 
 4.094515e+00  1.010216e-02 
 4.094913e+00  5.014245e-03 
 4.095310e+00  7.134354e-04 
 4.095708e+00 -2.412228e-03 
 4.096106e+00 -4.236668e-03 
 4.096504e+00 -4.718989e-03 
 4.096901e+00 -4.022549e-03 
 4.097299e+00 -2.357106e-03 
 4.097697e+00  1.044259e-04 
 4.098094e+00  3.100335e-03 
 4.098492e+00  6.369309e-03 
 4.098890e+00  9.516199e-03 
 4.099287e+00  1.222302e-02 
 4.099685e+00  1.410905e-02 
 4.100083e+00  1.507722e-02 
 4.100481e+00  1.501975e-02 
 4.100878e+00  1.404798e-02 
 4.101276e+00  1.252220e-02 
 4.101674e+00  1.070878e-02 
 4.102071e+00  8.953805e-03 
 4.102469e+00  7.565816e-03 
 4.102867e+00  6.560419e-03 
 4.103264e+00  5.882571e-03 
 4.103662e+00  5.682207e-03 
 4.104060e+00  6.082381e-03 
 4.104457e+00  7.072225e-03 
 4.104855e+00  8.643033e-03 
 4.105253e+00  1.074062e-02 
 4.105651e+00  1.312345e-02 
 4.106048e+00  1.551197e-02 
 4.106446e+00  1.783087e-02 
 4.106844e+00  1.981773e-02 
 4.107241e+00  2.140394e-02 
 4.107639e+00  2.237761e-02 
 4.108037e+00  2.267578e-02 
 4.108434e+00  2.224963e-02 
 4.108832e+00  2.073516e-02 
 4.109230e+00  1.822523e-02 
 4.109628e+00  1.468696e-02 
 4.110025e+00  1.041991e-02 
 4.110423e+00  5.894372e-03 
 4.110821e+00  1.536607e-03 
 4.111218e+00 -2.094960e-03 
 4.111616e+00 -4.594123e-03 
 4.112014e+00 -5.877650e-03 
 4.112411e+00 -6.284645e-03 
 4.112809e+00 -6.036511e-03 
 4.113207e+00 -5.435366e-03 
 4.113604e+00 -4.719700e-03 
 4.114002e+00 -3.994271e-03 
 4.114400e+00 -3.443803e-03 
 4.114798e+00 -2.988445e-03 
 4.115195e+00 -2.791740e-03 
 4.115593e+00 -2.855767e-03 
 4.115991e+00 -3.174443e-03 
 4.116388e+00 -3.773820e-03 
 4.116786e+00 -4.500955e-03 
 4.117184e+00 -5.251683e-03 
 4.117581e+00 -5.813817e-03 
 4.117979e+00 -5.976959e-03 
 4.118377e+00 -5.780940e-03 
 4.118775e+00 -5.016125e-03 
 4.119172e+00 -3.590859e-03 
 4.119570e+00 -1.436227e-03 
 4.119968e+00  1.491311e-03 
 4.120365e+00  5.175104e-03 
 4.120763e+00  9.190685e-03 
 4.121161e+00  1.320923e-02 
 4.121558e+00  1.693599e-02 
 4.121956e+00  2.010521e-02 
 4.122354e+00  2.258933e-02 
 4.122751e+00  2.421761e-02 
 4.123149e+00  2.485244e-02 
 4.123547e+00  2.447654e-02 
 4.123945e+00  2.315087e-02 
 4.124342e+00  2.096543e-02 
 4.124740e+00  1.797381e-02 
 4.125138e+00  1.429741e-02 
 4.125535e+00  1.018683e-02 
 4.125933e+00  6.152898e-03 
 4.126331e+00  2.509966e-03 
 4.126728e+00 -5.887802e-04 
 4.127126e+00 -2.972906e-03 
 4.127524e+00 -4.600462e-03 
 4.127922e+00 -5.347115e-03 
 4.128319e+00 -5.242039e-03 
 4.128717e+00 -4.343590e-03 
 4.129115e+00 -2.716784e-03 
 4.129512e+00 -7.466150e-04 
 4.129910e+00  1.365054e-03 
 4.130308e+00  3.393642e-03 
 4.130705e+00  5.040221e-03 
 4.131103e+00  6.124220e-03 
 4.131501e+00  6.585616e-03 
 4.131898e+00  6.426427e-03 
 4.132296e+00  5.698150e-03 
 4.132694e+00  4.472629e-03 
 4.133092e+00  2.714255e-03 
 4.133489e+00  4.182118e-04 
 4.133887e+00 -2.216728e-03 
 4.134285e+00 -5.163855e-03 
 4.134682e+00 -8.048891e-03 
 4.135080e+00 -1.034466e-02 
 4.135478e+00 -1.161195e-02 
 4.135875e+00 -1.174942e-02 
 4.136273e+00 -1.065796e-02 
 4.136671e+00 -8.510406e-03 
 4.137069e+00 -5.496411e-03 
 4.137466e+00 -1.819487e-03 
 4.137864e+00  2.290407e-03 
 4.138262e+00  6.644812e-03 
 4.138659e+00  1.106688e-02 
 4.139057e+00  1.547108e-02 
 4.139455e+00  1.950999e-02 
 4.139852e+00  2.304954e-02 
 4.140250e+00  2.564173e-02 
 4.140648e+00  2.699741e-02 
 4.141045e+00  2.689162e-02 
 4.141443e+00  2.510728e-02 
 4.141841e+00  2.146760e-02 
 4.142239e+00  1.622210e-02 
 4.142636e+00  9.600981e-03 
 4.143034e+00  2.073938e-03 
 4.143432e+00 -5.902490e-03 
 4.143829e+00 -1.364975e-02 
 4.144227e+00 -2.070777e-02 
 4.144625e+00 -2.662789e-02 
 4.145022e+00 -3.099512e-02 
 4.145420e+00 -3.351415e-02 
 4.145818e+00 -3.399293e-02 
 4.146216e+00 -3.221876e-02 
 4.146613e+00 -2.838991e-02 
 4.147011e+00 -2.271957e-02 
 4.147409e+00 -1.577899e-02 
 4.147806e+00 -7.970441e-03 
 4.148204e+00  1.470381e-04 
 4.148602e+00  7.998089e-03 
 4.148999e+00  1.507476e-02 
 4.149397e+00  2.100130e-02 
 4.149795e+00  2.544303e-02 
 4.150192e+00  2.832210e-02 
 4.150590e+00  2.931320e-02 
 4.150988e+00  2.845444e-02 
 4.151386e+00  2.586056e-02 
 4.151783e+00  2.172476e-02 
 4.152181e+00  1.647385e-02 
 4.152579e+00  1.051054e-02 
 4.152976e+00  4.415707e-03 
 4.153374e+00 -1.496909e-03 
 4.153772e+00 -6.700870e-03 
 4.154169e+00 -1.079397e-02 
 4.154567e+00 -1.348204e-02 
 4.154965e+00 -1.467958e-02 
 4.155363e+00 -1.432943e-02 
 4.155760e+00 -1.239334e-02 
 4.156158e+00 -8.828539e-03 
 4.156556e+00 -4.090112e-03 
 4.156953e+00  1.635753e-03 
 4.157351e+00  7.964184e-03 
 4.157749e+00  1.412322e-02 
 4.158146e+00  1.962311e-02 
 4.158544e+00  2.399043e-02 
 4.158942e+00  2.694741e-02 
 4.159339e+00  2.799675e-02 
 4.159737e+00  2.713400e-02 
 4.160135e+00  2.397698e-02 
 4.160533e+00  1.862678e-02 
 4.160930e+00  1.131501e-02 
 4.161328e+00  2.333796e-03 
 4.161726e+00 -7.592734e-03 
 4.162123e+00 -1.773313e-02 
 4.162521e+00 -2.715733e-02 
 4.162919e+00 -3.504967e-02 
 4.163316e+00 -4.067417e-02 
 4.163714e+00 -4.351272e-02 
 4.164112e+00 -4.337631e-02 
 4.164510e+00 -4.022895e-02 
 4.164907e+00 -3.426140e-02 
 4.165305e+00 -2.602008e-02 
 4.165703e+00 -1.599331e-02 
 4.166100e+00 -4.950402e-03 
 4.166498e+00  6.469282e-03 
 4.166896e+00  1.744443e-02 
 4.167293e+00  2.748903e-02 
 4.167691e+00  3.601453e-02 
 4.168089e+00  4.257232e-02 
 4.168486e+00  4.675372e-02 
 4.168884e+00  4.824972e-02 
 4.169282e+00  4.684153e-02 
 4.169680e+00  4.261408e-02 
 4.170077e+00  3.618363e-02 
 4.170475e+00  2.788575e-02 
 4.170873e+00  1.835460e-02 
 4.171270e+00  8.571904e-03 
 4.171668e+00 -6.066743e-04 
 4.172066e+00 -8.349358e-03 
 4.172463e+00 -1.417222e-02 
 4.172861e+00 -1.788400e-02 
 4.173259e+00 -1.937492e-02 
 4.173657e+00 -1.864738e-02 
 4.174054e+00 -1.601294e-02 
 4.174452e+00 -1.190024e-02 
 4.174850e+00 -6.504725e-03 
 4.175247e+00 -5.115130e-04 
 4.175645e+00  5.523826e-03 
 4.176043e+00  1.123713e-02 
 4.176440e+00  1.624346e-02 
 4.176838e+00  2.014789e-02 
 4.177236e+00  2.289166e-02 
 4.177633e+00  2.451384e-02 
 4.178031e+00  2.508441e-02 
 4.178429e+00  2.470117e-02 
 4.178827e+00  2.324671e-02 
 4.179224e+00  2.086827e-02 
 4.179622e+00  1.771596e-02 
 4.180020e+00  1.392115e-02 
 4.180417e+00  9.946554e-03 
 4.180815e+00  6.273884e-03 
 4.181213e+00  3.422296e-03 
 4.181610e+00  1.494612e-03 
 4.182008e+00  5.428123e-04 
 4.182406e+00  6.012390e-04 
 4.182804e+00  1.592297e-03 
 4.183201e+00  3.412256e-03 
 4.183599e+00  6.106478e-03 
 4.183997e+00  9.729973e-03 
 4.184394e+00  1.414731e-02 
 4.184792e+00  1.909248e-02 
 4.185190e+00  2.422082e-02 
 4.185587e+00  2.893141e-02 
 4.185985e+00  3.287556e-02 
 4.186383e+00  3.568063e-02 
 4.186780e+00  3.724389e-02 
 4.187178e+00  3.736702e-02 
 4.187576e+00  3.623324e-02 
 4.187974e+00  3.398393e-02 
 4.188371e+00  3.059168e-02 
 4.188769e+00  2.627223e-02 
 4.189167e+00  2.104109e-02 
 4.189564e+00  1.524969e-02 
 4.189962e+00  9.265417e-03 
 4.190360e+00  3.643044e-03 
 4.190757e+00 -1.271446e-03 
 4.191155e+00 -5.185284e-03 
 4.191553e+00 -7.881445e-03 
 4.191951e+00 -9.183945e-03 
 4.192348e+00 -9.058248e-03 
 4.192746e+00 -7.727298e-03 
 4.193144e+00 -5.647928e-03 
 4.193541e+00 -2.877431e-03 
 4.193939e+00  2.957487e-04 
 4.194337e+00  3.825449e-03 
 4.194734e+00  7.422302e-03 
 4.195132e+00  1.094218e-02 
 4.195530e+00  1.413613e-02 
 4.195927e+00  1.697393e-02 
 4.196325e+00  1.941715e-02 
 4.196723e+00  2.128662e-02 
 4.197121e+00  2.275764e-02 
 4.197518e+00  2.339245e-02 
 4.197916e+00  2.316826e-02 
 4.198314e+00  2.219303e-02 
 4.198711e+00  2.050125e-02 
 4.199109e+00  1.837733e-02 
 4.199507e+00  1.601381e-02 
 4.199904e+00  1.388597e-02 
 4.200302e+00  1.227707e-02 
 4.200700e+00  1.129095e-02 
 4.201098e+00  1.091493e-02 
 4.201495e+00  1.102250e-02 
 4.201893e+00  1.146699e-02 
 4.202291e+00  1.187528e-02 
 4.202688e+00  1.228847e-02 
 4.203086e+00  1.265590e-02 
 4.203484e+00  1.292538e-02 
 4.203881e+00  1.286294e-02 
 4.204279e+00  1.253085e-02 
 4.204677e+00  1.190800e-02 
 4.205074e+00  1.103656e-02 
 4.205472e+00  1.011485e-02 
 4.205870e+00  9.139106e-03 
 4.206268e+00  8.180686e-03 
 4.206665e+00  7.144582e-03 
 4.207063e+00  6.094461e-03 
 4.207461e+00  5.074515e-03 
 4.207858e+00  4.162042e-03 
 4.208256e+00  3.525182e-03 
 4.208654e+00  3.270947e-03 
 4.209051e+00  3.380802e-03 
 4.209449e+00  3.988015e-03 
 4.209847e+00  4.940202e-03 
 4.210245e+00  5.972415e-03 
 4.210642e+00  6.737260e-03 
 4.211040e+00  7.193454e-03 
 4.211438e+00  7.370061e-03 
 4.211835e+00  7.379709e-03 
 4.212233e+00  7.505633e-03 
 4.212631e+00  7.639112e-03 
 4.213028e+00  7.859286e-03 
 4.213426e+00  8.025568e-03 
 4.213824e+00  8.025955e-03 
 4.214221e+00  8.020337e-03 
 4.214619e+00  7.868419e-03 
 4.215017e+00  7.767482e-03 
 4.215415e+00  7.940389e-03 
 4.215812e+00  8.493800e-03 
 4.216210e+00  9.271093e-03 
 4.216608e+00  1.003372e-02 
 4.217005e+00  1.050946e-02 
 4.217403e+00  1.046145e-02 
 4.217801e+00  9.758475e-03 
 4.218198e+00  8.369409e-03 
 4.218596e+00  6.250181e-03 
 4.218994e+00  3.621683e-03 
 4.219392e+00  6.801102e-04 
 4.219789e+00 -2.521654e-03 
 4.220187e+00 -5.901629e-03 
 4.220585e+00 -9.211029e-03 
 4.220982e+00 -1.244376e-02 
 4.221380e+00 -1.552363e-02 
 4.221778e+00 -1.821948e-02 
 4.222175e+00 -2.044539e-02 
 4.222573e+00 -2.192787e-02 
 4.222971e+00 -2.252419e-02 
 4.223368e+00 -2.189008e-02 
 4.223766e+00 -1.990153e-02 
 4.224164e+00 -1.663154e-02 
 4.224562e+00 -1.238719e-02 
 4.224959e+00 -7.370772e-03 
 4.225357e+00 -1.974417e-03 
 4.225755e+00  3.189253e-03 
 4.226152e+00  7.918374e-03 
 4.226550e+00  1.189010e-02 
 4.226948e+00  1.496765e-02 
 4.227345e+00  1.702497e-02 
 4.227743e+00  1.803825e-02 
 4.228141e+00  1.791634e-02 
 4.228539e+00  1.672770e-02 
 4.228936e+00  1.456068e-02 
 4.229334e+00  1.156303e-02 
 4.229732e+00  7.954033e-03 
 4.230129e+00  3.981227e-03 
 4.230527e+00  2.759022e-06 
 4.230925e+00 -3.572634e-03 
 4.231322e+00 -6.344510e-03 
 4.231720e+00 -7.927031e-03 
 4.232118e+00 -7.977027e-03 
 4.232515e+00 -6.444844e-03 
 4.232913e+00 -3.441498e-03 
 4.233311e+00  7.800616e-04 
 4.233709e+00  5.717093e-03 
 4.234106e+00  1.080061e-02 
 4.234504e+00  1.567172e-02 
 4.234902e+00  1.965961e-02 
 4.235299e+00  2.248909e-02 
 4.235697e+00  2.384041e-02 
 4.236095e+00  2.364218e-02 
 4.236492e+00  2.191733e-02 
 4.236890e+00  1.857889e-02 
 4.237288e+00  1.378523e-02 
 4.237686e+00  7.657861e-03 
 4.238083e+00  4.390526e-04 
 4.238481e+00 -7.499154e-03 
 4.238879e+00 -1.557429e-02 
 4.239276e+00 -2.300901e-02 
 4.239674e+00 -2.903510e-02 
 4.240072e+00 -3.298831e-02 
 4.240469e+00 -3.453200e-02 
 4.240867e+00 -3.361524e-02 
 4.241265e+00 -3.040009e-02 
 4.241662e+00 -2.509064e-02 
 4.242060e+00 -1.831151e-02 
 4.242458e+00 -1.043770e-02 
 4.242856e+00 -1.806536e-03 
 4.243253e+00  6.837963e-03 
 4.243651e+00  1.505815e-02 
 4.244049e+00  2.229865e-02 
 4.244446e+00  2.802078e-02 
 4.244844e+00  3.176107e-02 
 4.245242e+00  3.340465e-02 
 4.245639e+00  3.273937e-02 
 4.246037e+00  3.002923e-02 
 4.246435e+00  2.542752e-02 
 4.246833e+00  1.941876e-02 
 4.247230e+00  1.250268e-02 
 4.247628e+00  4.940708e-03 
 4.248026e+00 -2.794368e-03 
 4.248423e+00 -1.009995e-02 
 4.248821e+00 -1.670074e-02 
 4.249219e+00 -2.222099e-02 
 4.249616e+00 -2.643595e-02 
 4.250014e+00 -2.911948e-02 
 4.250412e+00 -2.996059e-02 
 4.250809e+00 -2.885642e-02 
 4.251207e+00 -2.568067e-02 
 4.251605e+00 -2.049462e-02 
 4.252003e+00 -1.357108e-02 
 4.252400e+00 -5.415677e-03 
 4.252798e+00  3.221482e-03 
 4.253196e+00  1.166446e-02 
 4.253593e+00  1.909770e-02 
 4.253991e+00  2.503497e-02 
 4.254389e+00  2.913356e-02 
 4.254786e+00  3.111109e-02 
 4.255184e+00  3.100005e-02 
 4.255582e+00  2.889732e-02 
 4.255980e+00  2.486230e-02 
 4.256377e+00  1.911231e-02 
 4.256775e+00  1.211370e-02 
 4.257173e+00  4.353482e-03 
 4.257570e+00 -3.497504e-03 
 4.257968e+00 -1.059690e-02 
 4.258366e+00 -1.643835e-02 
 4.258763e+00 -2.064300e-02 
 4.259161e+00 -2.280250e-02 
 4.259559e+00 -2.267878e-02 
 4.259956e+00 -2.007148e-02 
 4.260354e+00 -1.495460e-02 
 4.260752e+00 -7.517831e-03 
 4.261150e+00  1.851304e-03 
 4.261547e+00  1.252627e-02 
 4.261945e+00  2.342991e-02 
 4.262343e+00  3.353653e-02 
 4.262740e+00  4.192771e-02 
 4.263138e+00  4.820827e-02 
 4.263536e+00  5.188891e-02 
 4.263933e+00  5.277087e-02 
 4.264331e+00  5.092069e-02 
 4.264729e+00  4.628863e-02 
 4.265127e+00  3.927635e-02 
 4.265524e+00  3.015282e-02 
 4.265922e+00  1.938056e-02 
 4.266320e+00  7.775705e-03 
 4.266717e+00 -3.808742e-03 
 4.267115e+00 -1.456238e-02 
 4.267513e+00 -2.362873e-02 
 4.267910e+00 -3.056994e-02 
 4.268308e+00 -3.517057e-02 
 4.268706e+00 -3.717016e-02 
 4.269103e+00 -3.661543e-02 
 4.269501e+00 -3.361165e-02 
 4.269899e+00 -2.857907e-02 
 4.270297e+00 -2.181226e-02 
 4.270694e+00 -1.350465e-02 
 4.271092e+00 -4.309209e-03 
 4.271490e+00  5.095177e-03 
 4.271887e+00  1.424477e-02 
 4.272285e+00  2.233272e-02 
 4.272683e+00  2.903253e-02 
 4.273080e+00  3.398191e-02 
 4.273478e+00  3.672666e-02 
 4.273876e+00  3.722397e-02 
 4.274274e+00  3.550945e-02 
 4.274671e+00  3.185101e-02 
 4.275069e+00  2.691408e-02 
 4.275467e+00  2.121988e-02 
 4.275864e+00  1.515834e-02 
 4.276262e+00  9.318455e-03 
 4.276660e+00  3.931655e-03 
 4.277057e+00 -6.445402e-04 
 4.277455e+00 -4.146373e-03 
 4.277853e+00 -6.208332e-03 
 4.278250e+00 -6.732689e-03 
 4.278648e+00 -5.589665e-03 
 4.279046e+00 -2.794592e-03 
 4.279444e+00  1.510832e-03 
 4.279841e+00  6.955731e-03 
 4.280239e+00  1.319617e-02 
 4.280637e+00  1.966293e-02 
 4.281034e+00  2.568782e-02 
 4.281432e+00  3.085754e-02 
 4.281830e+00  3.479815e-02 
 4.282227e+00  3.721679e-02 
 4.282625e+00  3.781413e-02 
 4.283023e+00  3.665000e-02 
 4.283421e+00  3.373553e-02 
 4.283818e+00  2.938354e-02 
 4.284216e+00  2.396226e-02 
 4.284614e+00  1.779672e-02 
 4.285011e+00  1.154318e-02 
 4.285409e+00  5.597773e-03 
 4.285807e+00  4.611683e-04 
 4.286204e+00 -3.753341e-03 
 4.286602e+00 -6.877107e-03 
 4.287000e+00 -8.727753e-03 
 4.287397e+00 -9.425764e-03 
 4.287795e+00 -8.899494e-03 
 4.288193e+00 -7.105598e-03 
 4.288591e+00 -4.166714e-03 
 4.288988e+00 -2.664297e-04 
 4.289386e+00  4.185555e-03 
 4.289784e+00  8.912459e-03 
 4.290181e+00  1.335916e-02 
 4.290579e+00  1.727829e-02 
 4.290977e+00  2.048512e-02 
 4.291374e+00  2.293355e-02 
 4.291772e+00  2.464688e-02 
 4.292170e+00  2.555141e-02 
 4.292568e+00  2.574170e-02 
 4.292965e+00  2.536856e-02 
 4.293363e+00  2.422578e-02 
 4.293761e+00  2.241647e-02 
 4.294158e+00  2.020673e-02 
 4.294556e+00  1.765094e-02 
 4.294954e+00  1.499902e-02 
 4.295351e+00  1.229069e-02 
 4.295749e+00  9.511321e-03 
 4.296147e+00  6.632762e-03 
 4.296544e+00  3.723000e-03 
 4.296942e+00  9.110310e-04 
 4.297340e+00 -1.781875e-03 
 4.297738e+00 -4.171382e-03 
 4.298135e+00 -6.176176e-03 
 4.298533e+00 -7.790666e-03 
 4.298931e+00 -8.783586e-03 
 4.299328e+00 -9.159763e-03 
 4.299726e+00 -8.832895e-03 
 4.300124e+00 -7.760778e-03 
 4.300521e+00 -5.955753e-03 
 4.300919e+00 -3.409808e-03 
 4.301317e+00 -2.343597e-04 
 4.301715e+00  3.165431e-03 
 4.302112e+00  6.468387e-03 
 4.302510e+00  9.495269e-03 
 4.302908e+00  1.213509e-02 
 4.303305e+00  1.425123e-02 
 4.303703e+00  1.583711e-02 
 4.304101e+00  1.688372e-02 
 4.304498e+00  1.709780e-02 
 4.304896e+00  1.654476e-02 
 4.305294e+00  1.511989e-02 
 4.305691e+00  1.305400e-02 
 4.306089e+00  1.045570e-02 
 4.306487e+00  7.683516e-03 
 4.306885e+00  5.083791e-03 
 4.307282e+00  2.947117e-03 
 4.307680e+00  1.352323e-03 
 4.308078e+00  1.701219e-04 
 4.308475e+00 -5.697974e-04 
 4.308873e+00 -7.377650e-04 
 4.309271e+00 -1.833929e-04 
 4.309668e+00  8.920397e-04 
 4.310066e+00  2.501230e-03 
 4.310464e+00  4.488726e-03 
 4.310862e+00  6.627734e-03 
 4.311259e+00  8.657614e-03 
 4.311657e+00  1.049711e-02 
 4.312055e+00  1.198996e-02 
 4.312452e+00  1.315088e-02 
 4.312850e+00  1.406057e-02 
 4.313248e+00  1.475907e-02 
 4.313645e+00  1.491117e-02 
 4.314043e+00  1.442367e-02 
 4.314441e+00  1.300027e-02 
 4.314838e+00  1.071371e-02 
 4.315236e+00  7.638489e-03 
 4.315634e+00  3.877883e-03 
 4.316032e+00 -2.592904e-04 
 4.316429e+00 -4.165415e-03 
 4.316827e+00 -7.609655e-03 
 4.317225e+00 -1.036810e-02 
 4.317622e+00 -1.228714e-02 
 4.318020e+00 -1.348314e-02 
 4.318418e+00 -1.382220e-02 
 4.318815e+00 -1.320592e-02 
 4.319213e+00 -1.159821e-02 
 4.319611e+00 -9.037202e-03 
 4.320009e+00 -5.506833e-03 
 4.320406e+00 -1.032990e-03 
 4.320804e+00  4.157138e-03 
 4.321202e+00  9.815119e-03 
 4.321599e+00  1.555037e-02 
 4.321997e+00  2.078424e-02 
 4.322395e+00  2.510039e-02 
 4.322792e+00  2.802609e-02 
 4.323190e+00  2.943006e-02 
 4.323588e+00  2.908249e-02 
 4.323985e+00  2.696272e-02 
 4.324383e+00  2.326682e-02 
 4.324781e+00  1.818237e-02 
 4.325179e+00  1.212596e-02 
 4.325576e+00  5.522074e-03 
 4.325974e+00 -1.106600e-03 
 4.326372e+00 -7.366681e-03 
 4.326769e+00 -1.269123e-02 
 4.327167e+00 -1.680237e-02 
 4.327565e+00 -1.931828e-02 
 4.327962e+00 -2.011987e-02 
 4.328360e+00 -1.920486e-02 
 4.328758e+00 -1.676138e-02 
 4.329156e+00 -1.270294e-02 
 4.329553e+00 -7.500630e-03 
 4.329951e+00 -1.642452e-03 
 4.330349e+00  4.286380e-03 
 4.330746e+00  9.779388e-03 
 4.331144e+00  1.444860e-02 
 4.331542e+00  1.786414e-02 
 4.331939e+00  1.993553e-02 
 4.332337e+00  2.040343e-02 
 4.332735e+00  1.940885e-02 
 4.333132e+00  1.697810e-02 
 4.333530e+00  1.320972e-02 
 4.333928e+00  8.530121e-03 
 4.334326e+00  3.276462e-03 
 4.334723e+00 -2.086092e-03 
 4.335121e+00 -6.934408e-03 
 4.335519e+00 -1.080078e-02 
 4.335916e+00 -1.327144e-02 
 4.336314e+00 -1.418495e-02 
 4.336712e+00 -1.324332e-02 
 4.337109e+00 -1.059377e-02 
 4.337507e+00 -6.462206e-03 
 4.337905e+00 -1.109379e-03 
 4.338303e+00  5.187551e-03 
 4.338700e+00  1.197444e-02 
 4.339098e+00  1.865467e-02 
 4.339496e+00  2.480779e-02 
 4.339893e+00  3.004324e-02 
 4.340291e+00  3.405335e-02 
 4.340689e+00  3.658266e-02 
 4.341086e+00  3.751077e-02 
 4.341484e+00  3.640021e-02 
 4.341882e+00  3.328475e-02 
 4.342279e+00  2.820212e-02 
 4.342677e+00  2.130314e-02 
 4.343075e+00  1.312036e-02 
 4.343473e+00  4.139811e-03 
 4.343870e+00 -4.957974e-03 
 4.344268e+00 -1.331204e-02 
 4.344666e+00 -2.041560e-02 
 4.345063e+00 -2.565466e-02 
 4.345461e+00 -2.891562e-02 
 4.345859e+00 -3.019694e-02 
 4.346256e+00 -2.947698e-02 
 4.346654e+00 -2.688889e-02 
 4.347052e+00 -2.264533e-02 
 4.347450e+00 -1.717483e-02 
 4.347847e+00 -1.063775e-02 
 4.348245e+00 -3.449228e-03 
 4.348643e+00  4.117600e-03 
 4.349040e+00  1.149097e-02 
 4.349438e+00  1.817543e-02 
 4.349836e+00  2.343511e-02 
 4.350233e+00  2.673044e-02 
 4.350631e+00  2.777930e-02 
 4.351029e+00  2.648614e-02 
 4.351426e+00  2.302433e-02 
 4.351824e+00  1.778270e-02 
 4.352222e+00  1.128625e-02 
 4.352620e+00  4.404514e-03 
 4.353017e+00 -2.247908e-03 
 4.353415e+00 -8.305405e-03 
 4.353813e+00 -1.352515e-02 
 4.354210e+00 -1.762274e-02 
 4.354608e+00 -2.008184e-02 
 4.355006e+00 -2.067724e-02 
 4.355403e+00 -1.935302e-02 
 4.355801e+00 -1.594994e-02 
 4.356199e+00 -1.072696e-02 
 4.356597e+00 -4.271377e-03 
 4.356994e+00  2.820587e-03 
 4.357392e+00  9.934575e-03 
 4.357790e+00  1.634201e-02 
 4.358187e+00  2.159441e-02 
 4.358585e+00  2.539891e-02 
 4.358983e+00  2.752092e-02 
 4.359380e+00  2.759719e-02 
 4.359778e+00  2.549947e-02 
 4.360176e+00  2.136435e-02 
 4.360573e+00  1.559191e-02 
 4.360971e+00  8.620568e-03 
 4.361369e+00  8.367885e-04 
 4.361767e+00 -7.035436e-03 
 4.362164e+00 -1.435598e-02 
 4.362562e+00 -2.072178e-02 
 4.362960e+00 -2.555617e-02 
 4.363357e+00 -2.867677e-02 
 4.363755e+00 -2.980312e-02 
 4.364153e+00 -2.862443e-02 
 4.364550e+00 -2.510222e-02 
 4.364948e+00 -1.952354e-02 
 4.365346e+00 -1.235154e-02 
 4.365744e+00 -4.142448e-03 
 4.366141e+00  4.324465e-03 
 4.366539e+00  1.263962e-02 
 4.366937e+00  2.029072e-02 
 4.367334e+00  2.691686e-02 
 4.367732e+00  3.226015e-02 
 4.368130e+00  3.632866e-02 
 4.368527e+00  3.907395e-02 
 4.368925e+00  4.029870e-02 
 4.369323e+00  3.979083e-02 
 4.369720e+00  3.738738e-02 
 4.370118e+00  3.324677e-02 
 4.370516e+00  2.751517e-02 
 4.370914e+00  2.060575e-02 
 4.371311e+00  1.311438e-02 
 4.371709e+00  5.474628e-03 
 4.372107e+00 -1.633618e-03 
 4.372504e+00 -7.743986e-03 
 4.372902e+00 -1.253795e-02 
 4.373300e+00 -1.580701e-02 
 4.373697e+00 -1.758796e-02 
 4.374095e+00 -1.780312e-02 
 4.374493e+00 -1.651918e-02 
 4.374891e+00 -1.381212e-02 
 4.375288e+00 -9.842984e-03 
 4.375686e+00 -5.236718e-03 
 4.376084e+00 -2.322285e-04 
 4.376481e+00  4.846894e-03 
 4.376879e+00  9.681310e-03 
 4.377277e+00  1.377335e-02 
 4.377674e+00  1.679046e-02 
 4.378072e+00  1.840409e-02 
 4.378470e+00  1.848849e-02 
 4.378867e+00  1.675989e-02 
 4.379265e+00  1.350662e-02 
 4.379663e+00  9.331240e-03 
 4.380061e+00  4.554655e-03 
 4.380458e+00 -2.488833e-04 
 4.380856e+00 -4.398514e-03 
 4.381254e+00 -7.666234e-03 
 4.381651e+00 -9.891224e-03 
 4.382049e+00 -1.093985e-02 
 4.382447e+00 -1.061773e-02 
 4.382844e+00 -8.907321e-03 
 4.383242e+00 -5.765912e-03 
 4.383640e+00 -1.303506e-03 
 4.384038e+00  4.283041e-03 
 4.384435e+00  1.057522e-02 
 4.384833e+00  1.699617e-02 
 4.385231e+00  2.285159e-02 
 4.385628e+00  2.772177e-02 
 4.386026e+00  3.129834e-02 
 4.386424e+00  3.357950e-02 
 4.386821e+00  3.461711e-02 
 4.387219e+00  3.458429e-02 
 4.387617e+00  3.344823e-02 
 4.388014e+00  3.146597e-02 
 4.388412e+00  2.859293e-02 
 4.388810e+00  2.519380e-02 
 4.389208e+00  2.140421e-02 
 4.389605e+00  1.740933e-02 
 4.390003e+00  1.350174e-02 
 4.390401e+00  9.829413e-03 
 4.390798e+00  6.653414e-03 
 4.391196e+00  3.957996e-03 
 4.391594e+00  1.688383e-03 
 4.391991e+00 -1.165234e-04 
 4.392389e+00 -1.385466e-03 
 4.392787e+00 -2.194156e-03 
 4.393185e+00 -2.470218e-03 
 4.393582e+00 -2.243657e-03 
 4.393980e+00 -1.738436e-03 
 4.394378e+00 -7.891459e-04 
 4.394775e+00  5.282669e-04 
 4.395173e+00  2.186325e-03 
 4.395571e+00  4.284424e-03 
 4.395968e+00  6.746687e-03 
 4.396366e+00  9.723335e-03 
 4.396764e+00  1.301829e-02 
 4.397161e+00  1.664414e-02 
 4.397559e+00  2.018040e-02 
 4.397957e+00  2.314392e-02 
 4.398355e+00  2.541305e-02 
 4.398752e+00  2.687677e-02 
 4.399150e+00  2.732037e-02 
 4.399548e+00  2.680028e-02 
 4.399945e+00  2.548334e-02 
 4.400343e+00  2.355693e-02 
 4.400741e+00  2.101892e-02 
 4.401138e+00  1.796924e-02 
 4.401536e+00  1.455840e-02 
 4.401934e+00  1.092295e-02 
 4.402332e+00  7.287148e-03 
 4.402729e+00  3.844360e-03 
 4.403127e+00  8.456036e-04 
 4.403525e+00 -1.556188e-03 
 4.403922e+00 -3.393096e-03 
 4.404320e+00 -4.322326e-03 
 4.404718e+00 -4.379668e-03 
 4.405115e+00 -3.832720e-03 
 4.405513e+00 -2.797866e-03 
 4.405911e+00 -1.469799e-03 
 4.406308e+00  2.135629e-04 
 4.406706e+00  2.234221e-03 
 4.407104e+00  4.432113e-03 
 4.407502e+00  6.522901e-03 
 4.407899e+00  8.544865e-03 
 4.408297e+00  1.028508e-02 
 4.408695e+00  1.174493e-02 
 4.409092e+00  1.267061e-02 
 4.409490e+00  1.294141e-02 
 4.409888e+00  1.243143e-02 
 4.410285e+00  1.116977e-02 
 4.410683e+00  9.300873e-03 
 4.411081e+00  6.911766e-03 
 4.411479e+00  4.196704e-03 
 4.411876e+00  1.437305e-03 
 4.412274e+00 -1.126264e-03 
 4.412672e+00 -3.052648e-03 
 4.413069e+00 -4.270653e-03 
 4.413467e+00 -4.464749e-03 
 4.413865e+00 -3.598247e-03 
 4.414262e+00 -1.511212e-03 
 4.414660e+00  1.808719e-03 
 4.415058e+00  6.181850e-03 
 4.415455e+00  1.143261e-02 
 4.415853e+00  1.709529e-02 
 4.416251e+00  2.264519e-02 
 4.416649e+00  2.771579e-02 
 4.417046e+00  3.188946e-02 
 4.417444e+00  3.488282e-02 
 4.417842e+00  3.651455e-02 
 4.418239e+00  3.655564e-02 
 4.418637e+00  3.491560e-02 
 4.419035e+00  3.172695e-02 
 4.419432e+00  2.709203e-02 
 4.419830e+00  2.103915e-02 
 4.420228e+00  1.407083e-02 
 4.420626e+00  6.581264e-03 
 4.421023e+00 -8.363574e-04 
 4.421421e+00 -7.839636e-03 
 4.421819e+00 -1.400159e-02 
 4.422216e+00 -1.879826e-02 
 4.422614e+00 -2.215018e-02 
 4.423012e+00 -2.378835e-02 
 4.423409e+00 -2.357161e-02 
 4.423807e+00 -2.156515e-02 
 4.424205e+00 -1.787279e-02 
 4.424602e+00 -1.292024e-02 
 4.425000e+00 -7.001171e-03 
 4.425398e+00 -4.226607e-04 
 4.425796e+00  6.131696e-03 
 4.426193e+00  1.223801e-02 
 4.426591e+00  1.758197e-02 
 4.426989e+00  2.172014e-02 
 4.427386e+00  2.435692e-02 
 4.427784e+00  2.526703e-02 
 4.428182e+00  2.451058e-02 
 4.428579e+00  2.224056e-02 
 4.428977e+00  1.874642e-02 
 4.429375e+00  1.428759e-02 
 4.429773e+00  9.082704e-03 
 4.430170e+00  3.513814e-03 
 4.430568e+00 -2.131946e-03 
 4.430966e+00 -7.547629e-03 
 4.431363e+00 -1.221490e-02 
 4.431761e+00 -1.571952e-02 
 4.432159e+00 -1.782570e-02 
 4.432556e+00 -1.827398e-02 
 4.432954e+00 -1.694645e-02 
 4.433352e+00 -1.407363e-02 
 4.433749e+00 -1.012105e-02 
 4.434147e+00 -5.437789e-03 
 4.434545e+00 -4.266844e-04 
 4.434943e+00  4.490468e-03 
 4.435340e+00  8.913094e-03 
 4.435738e+00  1.245349e-02 
 4.436136e+00  1.488323e-02 
 4.436533e+00  1.598397e-02 
 4.436931e+00  1.555644e-02 
 4.437329e+00  1.351262e-02 
 4.437726e+00  1.011757e-02 
 4.438124e+00  5.582089e-03 
 4.438522e+00  2.182109e-04 
 4.438920e+00 -5.586987e-03 
 4.439317e+00 -1.148618e-02 
 4.439715e+00 -1.720593e-02 
 4.440113e+00 -2.226620e-02 
 4.440510e+00 -2.620052e-02 
 4.440908e+00 -2.862777e-02 
 4.441306e+00 -2.906140e-02 
 4.441703e+00 -2.734304e-02 
 4.442101e+00 -2.357105e-02 
 4.442499e+00 -1.774885e-02 
 4.442896e+00 -1.024337e-02 
 4.443294e+00 -1.883125e-03 
 4.443692e+00  6.604138e-03 
 4.444090e+00  1.479014e-02 
 4.444487e+00  2.231327e-02 
 4.444885e+00  2.850057e-02 
 4.445283e+00  3.303134e-02 
 4.445680e+00  3.560967e-02 
 4.446078e+00  3.593169e-02 
 4.446476e+00  3.392081e-02 
 4.446873e+00  2.976214e-02 
 4.447271e+00  2.363835e-02 
 4.447669e+00  1.599440e-02 
 4.448067e+00  7.394825e-03 
 4.448464e+00 -1.569309e-03 
 4.448862e+00 -1.008673e-02 
 4.449260e+00 -1.771742e-02 
 4.449657e+00 -2.399471e-02 
 4.450055e+00 -2.839611e-02 
 4.450453e+00 -3.068184e-02 
 4.450850e+00 -3.073749e-02 
 4.451248e+00 -2.885131e-02 
 4.451646e+00 -2.501240e-02 
 4.452043e+00 -1.974690e-02 
 4.452441e+00 -1.335069e-02 
 4.452839e+00 -6.435287e-03 
 4.453237e+00  2.856661e-04 
 4.453634e+00  6.274872e-03 
 4.454032e+00  1.101282e-02 
 4.454430e+00  1.403618e-02 
 4.454827e+00  1.500584e-02 
 4.455225e+00  1.395847e-02 
 4.455623e+00  1.095111e-02 
 4.456020e+00  6.287636e-03 
 4.456418e+00  6.541435e-04 
 4.456816e+00 -5.208320e-03 
 4.457214e+00 -1.097063e-02 
 4.457611e+00 -1.602686e-02 
 4.458009e+00 -1.991416e-02 
 4.458407e+00 -2.250162e-02 
 4.458804e+00 -2.368380e-02 
 4.459202e+00 -2.323016e-02 
 4.459600e+00 -2.111534e-02 
 4.459997e+00 -1.733211e-02 
 4.460395e+00 -1.201477e-02 
 4.460793e+00 -5.403625e-03 
 4.461190e+00  1.917445e-03 
 4.461588e+00  9.518025e-03 
 4.461986e+00  1.673651e-02 
 4.462384e+00  2.313974e-02 
 4.462781e+00  2.844973e-02 
 4.463179e+00  3.228369e-02 
 4.463577e+00  3.443961e-02 
 4.463974e+00  3.473048e-02 
 4.464372e+00  3.323408e-02 
 4.464770e+00  3.017024e-02 
 4.465167e+00  2.577349e-02 
 4.465565e+00  2.030677e-02 
 4.465963e+00  1.416954e-02 
 4.466361e+00  7.931875e-03 
 4.466758e+00  2.010288e-03 
 4.467156e+00 -3.495829e-03 
 4.467554e+00 -8.344110e-03 
 4.467951e+00 -1.217560e-02 
 4.468349e+00 -1.491774e-02 
 4.468747e+00 -1.615002e-02 
 4.469144e+00 -1.553053e-02 
 4.469542e+00 -1.316424e-02 
 4.469940e+00 -9.338777e-03 
 4.470337e+00 -4.305959e-03 
 4.470735e+00  1.528749e-03 
 4.471133e+00  7.780411e-03 
 4.471531e+00  1.397629e-02 
 4.471928e+00  1.981048e-02 
 4.472326e+00  2.487603e-02 
 4.472724e+00  2.918500e-02 
 4.473121e+00  3.226559e-02 
 4.473519e+00  3.386578e-02 
 4.473917e+00  3.386444e-02 
 4.474314e+00  3.235087e-02 
 4.474712e+00  2.950039e-02 
 4.475110e+00  2.562553e-02 
 4.475508e+00  2.123997e-02 
 4.475905e+00  1.674098e-02 
 4.476303e+00  1.247472e-02 
 4.476701e+00  8.953861e-03 
 4.477098e+00  6.299432e-03 
 4.477496e+00  4.726089e-03 
 4.477894e+00  4.130854e-03 
 4.478291e+00  4.483815e-03 
 4.478689e+00  5.682330e-03 
 4.479087e+00  7.553063e-03 
 4.479484e+00  9.676855e-03 
 4.479882e+00  1.183463e-02 
 4.480280e+00  1.401954e-02 
 4.480678e+00  1.607647e-02 
 4.481075e+00  1.783050e-02 
 4.481473e+00  1.928002e-02 
 4.481871e+00  2.016680e-02 
 4.482268e+00  2.028656e-02 
 4.482666e+00  1.957705e-02 
 4.483064e+00  1.796478e-02 
 4.483461e+00  1.547707e-02 
 4.483859e+00  1.242616e-02 
 4.484257e+00  9.209444e-03 
 4.484655e+00  6.145736e-03 
 4.485052e+00  3.373148e-03 
 4.485450e+00  9.748885e-04 
 4.485848e+00 -1.065279e-03 
 4.486245e+00 -2.833187e-03 
 4.486643e+00 -4.063686e-03 
 4.487041e+00 -4.812322e-03 
 4.487438e+00 -5.049214e-03 
 4.487836e+00 -4.654928e-03 
 4.488234e+00 -3.415137e-03 
 4.488631e+00 -1.396709e-03 
 4.489029e+00  1.304396e-03 
 4.489427e+00  4.488146e-03 
 4.489825e+00  8.055691e-03 
 4.490222e+00  1.196240e-02 
 4.490620e+00  1.611171e-02 
 4.491018e+00  2.024994e-02 
 4.491415e+00  2.418806e-02 
 4.491813e+00  2.768785e-02 
 4.492211e+00  3.043567e-02 
 4.492608e+00  3.247517e-02 
 4.493006e+00  3.371477e-02 
 4.493404e+00  3.403823e-02 
 4.493802e+00  3.350893e-02 
 4.494199e+00  3.221563e-02 
 4.494597e+00  3.020043e-02 
 4.494995e+00  2.758140e-02 
 4.495392e+00  2.441322e-02 
 4.495790e+00  2.082349e-02 
 4.496188e+00  1.707863e-02 
 4.496585e+00  1.349172e-02 
 4.496983e+00  1.015438e-02 
 4.497381e+00  7.076676e-03 
 4.497778e+00  4.508949e-03 
 4.498176e+00  2.398787e-03 
 4.498574e+00  5.814788e-04 
 4.498972e+00 -8.308287e-04 
 4.499369e+00 -1.904250e-03 
 4.499767e+00 -2.543365e-03 
 4.500165e+00 -2.672693e-03 
 4.500562e+00 -2.192363e-03 
 4.500960e+00 -1.136892e-03 
 4.501358e+00  3.811712e-04 
 4.501755e+00  2.228243e-03 
 4.502153e+00  4.361385e-03 
 4.502551e+00  6.835572e-03 
 4.502949e+00  9.376414e-03 
 4.503346e+00  1.196775e-02 
 4.503744e+00  1.451771e-02 
 4.504142e+00  1.683754e-02 
 4.504539e+00  1.862826e-02 
 4.504937e+00  1.960401e-02 
 4.505335e+00  1.966830e-02 
 4.505732e+00  1.867782e-02 
 4.506130e+00  1.670277e-02 
 4.506528e+00  1.393992e-02 
 4.506925e+00  1.052836e-02 
 4.507323e+00  6.658957e-03 
 4.507721e+00  2.715567e-03 
 4.508119e+00 -1.087356e-03 
 4.508516e+00 -4.328832e-03 
 4.508914e+00 -6.642227e-03 
 4.509312e+00 -7.869989e-03 
 4.509709e+00 -7.995643e-03 
 4.510107e+00 -6.923020e-03 
 4.510505e+00 -4.687809e-03 
 4.510902e+00 -1.533901e-03 
 4.511300e+00  2.293780e-03 
 4.511698e+00  6.672733e-03 
 4.512096e+00  1.132389e-02 
 4.512493e+00  1.583845e-02 
 4.512891e+00  1.976493e-02 
 4.513289e+00  2.254136e-02 
 4.513686e+00  2.370981e-02 
 4.514084e+00  2.303176e-02 
 4.514482e+00  2.053544e-02 
 4.514879e+00  1.645024e-02 
 4.515277e+00  1.110166e-02 
 4.515675e+00  4.791538e-03 
 4.516072e+00 -1.918527e-03 
 4.516470e+00 -8.571357e-03 
 4.516868e+00 -1.460095e-02 
 4.517266e+00 -1.960697e-02 
 4.517663e+00 -2.328468e-02 
 4.518061e+00 -2.522399e-02 
 4.518459e+00 -2.521208e-02 
 4.518856e+00 -2.312972e-02 
 4.519254e+00 -1.927138e-02 
 4.519652e+00 -1.386594e-02 
 4.520049e+00 -7.194152e-03 
 4.520447e+00  3.418287e-04 
 4.520845e+00  8.116938e-03 
 4.521243e+00  1.568017e-02 
 4.521640e+00  2.257919e-02 
 4.522038e+00  2.825175e-02 
 4.522436e+00  3.242706e-02 
 4.522833e+00  3.490871e-02 
 4.523231e+00  3.541652e-02 
 4.523629e+00  3.393776e-02 
 4.524026e+00  3.065554e-02 
 4.524424e+00  2.593234e-02 
 4.524822e+00  2.004118e-02 
 4.525219e+00  1.330828e-02 
 4.525617e+00  6.218369e-03 
 4.526015e+00 -7.053204e-04 
 4.526413e+00 -6.992243e-03 
 4.526810e+00 -1.222056e-02 
 4.527208e+00 -1.611663e-02 
 4.527606e+00 -1.854347e-02 
 4.528003e+00 -1.941139e-02 
 4.528401e+00 -1.891840e-02 
 4.528799e+00 -1.713969e-02 
 4.529196e+00 -1.421232e-02 
 4.529594e+00 -1.054710e-02 
 4.529992e+00 -6.437111e-03 
 4.530390e+00 -2.001668e-03 
 4.530787e+00  2.299711e-03 
 4.531185e+00  6.206353e-03 
 4.531583e+00  9.409469e-03 
 4.531980e+00  1.149672e-02 
 4.532378e+00  1.248545e-02 
 4.532776e+00  1.221253e-02 
 4.533173e+00  1.051383e-02 
 4.533571e+00  7.480438e-03 
 4.533969e+00  3.452056e-03 
 4.534366e+00 -1.350443e-03 
 4.534764e+00 -6.575488e-03 
 4.535162e+00 -1.164078e-02 
 4.535560e+00 -1.618395e-02 
 4.535957e+00 -1.968116e-02 
 4.536355e+00 -2.180452e-02 
 4.536753e+00 -2.236769e-02 
 4.537150e+00 -2.136273e-02 
 4.537548e+00 -1.884273e-02 
 4.537946e+00 -1.497484e-02 
 4.538343e+00 -9.928551e-03 
 4.538741e+00 -3.943607e-03 
 4.539139e+00  2.603720e-03 
 4.539537e+00  9.224204e-03 
 4.539934e+00  1.540790e-02 
 4.540332e+00  2.071802e-02 
 4.540730e+00  2.451530e-02 
 4.541127e+00  2.641619e-02 
 4.541525e+00  2.616462e-02 
 4.541923e+00  2.387970e-02 
 4.542320e+00  1.982392e-02 
 4.542718e+00  1.431507e-02 
 4.543116e+00  7.641885e-03 
 4.543513e+00  4.173275e-04 
 4.543911e+00 -6.884372e-03 
 4.544309e+00 -1.384972e-02 
 4.544707e+00 -1.988137e-02 
 4.545104e+00 -2.455079e-02 
 4.545502e+00 -2.763161e-02 
 4.545900e+00 -2.877348e-02 
 4.546297e+00 -2.782961e-02 
 4.546695e+00 -2.484310e-02 
 4.547093e+00 -2.018602e-02 
 4.547490e+00 -1.437744e-02 
 4.547888e+00 -7.765294e-03 
 4.548286e+00 -9.040473e-04 
 4.548684e+00  5.796524e-03 
 4.549081e+00  1.187520e-02 
 4.549479e+00  1.704534e-02 
 4.549877e+00  2.092599e-02 
 4.550274e+00  2.338783e-02 
 4.550672e+00  2.430119e-02 
 4.551070e+00  2.373575e-02 
 4.551467e+00  2.193393e-02 
 4.551865e+00  1.900567e-02 
 4.552263e+00  1.530222e-02 
 4.552660e+00  1.118063e-02 
 4.553058e+00  6.950823e-03 
 4.553456e+00  2.997316e-03 
 4.553854e+00 -1.674277e-04 
 4.554251e+00 -2.321831e-03 
 4.554649e+00 -3.080897e-03 
 4.555047e+00 -2.404582e-03 
 4.555444e+00 -6.818185e-04 
 4.555842e+00  2.079579e-03 
 4.556240e+00  5.512358e-03 
 4.556637e+00  9.205861e-03 
 4.557035e+00  1.265139e-02 
 4.557433e+00  1.570915e-02 
 4.557831e+00  1.825828e-02 
 4.558228e+00  2.006434e-02 
 4.558626e+00  2.100623e-02 
 4.559024e+00  2.091310e-02 
 4.559421e+00  1.955908e-02 
 4.559819e+00  1.703418e-02 
 4.560217e+00  1.339934e-02 
 4.560614e+00  8.894162e-03 
 4.561012e+00  3.813321e-03 
 4.561410e+00 -1.517903e-03 
 4.561807e+00 -6.948848e-03 
 4.562205e+00 -1.194158e-02 
 4.562603e+00 -1.609126e-02 
 4.563001e+00 -1.917190e-02 
 4.563398e+00 -2.100253e-02 
 4.563796e+00 -2.115664e-02 
 4.564194e+00 -1.956140e-02 
 4.564591e+00 -1.627117e-02 
 4.564989e+00 -1.152607e-02 
 4.565387e+00 -5.792266e-03 
 4.565784e+00  5.506004e-04 
 4.566182e+00  7.177346e-03 
 4.566580e+00  1.375197e-02 
 4.566978e+00  1.986826e-02 
 4.567375e+00  2.524603e-02 
 4.567773e+00  2.944747e-02 
 4.568171e+00  3.215434e-02 
 4.568568e+00  3.334719e-02 
 4.568966e+00  3.294691e-02 
 4.569364e+00  3.098173e-02 
 4.569761e+00  2.779033e-02 
 4.570159e+00  2.391518e-02 
 4.570557e+00  1.967105e-02 
 4.570954e+00  1.528615e-02 
 4.571352e+00  1.116948e-02 
 4.571750e+00  7.399595e-03 
 4.572148e+00  4.169268e-03 
 4.572545e+00  1.746197e-03 
 4.572943e+00  1.972777e-04 
 4.573341e+00 -3.953307e-04 
 4.573738e+00  1.411029e-04 
 4.574136e+00  1.646684e-03 
 4.574534e+00  3.729672e-03 
 4.574931e+00  6.245957e-03 
 4.575329e+00  8.700022e-03 
 4.575727e+00  1.081792e-02 
 4.576125e+00  1.247159e-02 
 4.576522e+00  1.352886e-02 
 4.576920e+00  1.388683e-02 
 4.577318e+00  1.355203e-02 
 4.577715e+00  1.262987e-02 
 4.578113e+00  1.135720e-02 
 4.578511e+00  9.952603e-03 
 4.578908e+00  8.443308e-03 
 4.579306e+00  6.869838e-03 
 4.579704e+00  5.410601e-03 
 4.580101e+00  4.187336e-03 
 4.580499e+00  3.165712e-03 
 4.580897e+00  2.342504e-03 
 4.581295e+00  1.976433e-03 
 4.581692e+00  2.069383e-03 
 4.582090e+00  2.542958e-03 
 4.582488e+00  3.445264e-03 
 4.582885e+00  4.666018e-03 
 4.583283e+00  5.946253e-03 
 4.583681e+00  7.221342e-03 
 4.584078e+00  8.451235e-03 
 4.584476e+00  9.539837e-03 
 4.584874e+00  1.063661e-02 
 4.585272e+00  1.179382e-02 
 4.585669e+00  1.288452e-02 
 4.586067e+00  1.402272e-02 
 4.586465e+00  1.507401e-02 
 4.586862e+00  1.588111e-02 
 4.587260e+00  1.622907e-02 
 4.587658e+00  1.630815e-02 
 4.588055e+00  1.599878e-02 
 4.588453e+00  1.528276e-02 
 4.588851e+00  1.419153e-02 
 4.589248e+00  1.277594e-02 
 4.589646e+00  1.089663e-02 
 4.590044e+00  8.550165e-03 
 4.590442e+00  5.739761e-03 
 4.590839e+00  2.530201e-03 
 4.591237e+00 -8.886020e-04 
 4.591635e+00 -4.266814e-03 
 4.592032e+00 -7.373946e-03 
 4.592430e+00 -9.872151e-03 
 4.592828e+00 -1.162960e-02 
 4.593225e+00 -1.258455e-02 
 4.593623e+00 -1.255483e-02 
 4.594021e+00 -1.144207e-02 
 4.594419e+00 -9.458253e-03 
 4.594816e+00 -6.720510e-03 
 4.595214e+00 -3.490701e-03 
 4.595612e+00 -9.975135e-05 
 4.596009e+00  3.252866e-03 
 4.596407e+00  6.374708e-03 
 4.596805e+00  9.171828e-03 
 4.597202e+00  1.179516e-02 
 4.597600e+00  1.436482e-02 
 4.597998e+00  1.685503e-02 
 4.598395e+00  1.925042e-02 
 4.598793e+00  2.143715e-02 
 4.599191e+00  2.319055e-02 
 4.599589e+00  2.422680e-02 
 4.599986e+00  2.467612e-02 
 4.600384e+00  2.459420e-02 
 4.600782e+00  2.388691e-02 
 4.601179e+00  2.261856e-02 
 4.601577e+00  2.092126e-02 
 4.601975e+00  1.882049e-02 
 4.602372e+00  1.632841e-02 
 4.602770e+00  1.351521e-02 
 4.603168e+00  1.041708e-02 
 4.603566e+00  7.211406e-03 
 4.603963e+00  4.199659e-03 
 4.604361e+00  1.435510e-03 
 4.604759e+00 -6.932663e-04 
 4.605156e+00 -1.896363e-03 
 4.605554e+00 -2.133793e-03 
 4.605952e+00 -1.208098e-03 
 4.606349e+00  8.599559e-04 
 4.606747e+00  3.898266e-03 
 4.607145e+00  7.541807e-03 
 4.607542e+00  1.146849e-02 
 4.607940e+00  1.509587e-02 
 4.608338e+00  1.817081e-02 
 4.608736e+00  2.041622e-02 
 4.609133e+00  2.155371e-02 
 4.609531e+00  2.158594e-02 
 4.609929e+00  2.057286e-02 
 4.610326e+00  1.843725e-02 
 4.610724e+00  1.507551e-02 
 4.611122e+00  1.067409e-02 
 4.611519e+00  5.562351e-03 
 4.611917e+00  1.125378e-04 
 4.612315e+00 -5.007671e-03 
 4.612713e+00 -9.180168e-03 
 4.613110e+00 -1.203437e-02 
 4.613508e+00 -1.333525e-02 
 4.613906e+00 -1.283106e-02 
 4.614303e+00 -1.066634e-02 
 4.614701e+00 -6.979896e-03 
 4.615099e+00 -2.065086e-03 
 4.615496e+00  3.746429e-03 
 4.615894e+00  1.019234e-02 
 4.616292e+00  1.690760e-02 
 4.616689e+00  2.322902e-02 
 4.617087e+00  2.857361e-02 
 4.617485e+00  3.249171e-02 
 4.617883e+00  3.462235e-02 
 4.618280e+00  3.483945e-02 
 4.618678e+00  3.313724e-02 
 4.619076e+00  2.971119e-02 
 4.619473e+00  2.483383e-02 
 4.619871e+00  1.885880e-02 
 4.620269e+00  1.213995e-02 
 4.620666e+00  5.034259e-03 
 4.621064e+00 -1.997557e-03 
 4.621462e+00 -8.602463e-03 
 4.621860e+00 -1.432111e-02 
 4.622257e+00 -1.881101e-02 
 4.622655e+00 -2.178255e-02 
 4.623053e+00 -2.332918e-02 
 4.623450e+00 -2.332575e-02 
 4.623848e+00 -2.155579e-02 
 4.624246e+00 -1.814722e-02 
 4.624643e+00 -1.336304e-02 
 4.625041e+00 -7.328129e-03 
 4.625439e+00 -4.716499e-04 
 4.625836e+00  6.684819e-03 
 4.626234e+00  1.354389e-02 
 4.626632e+00  1.953137e-02 
 4.627030e+00  2.422613e-02 
 4.627427e+00  2.744805e-02 
 4.627825e+00  2.898385e-02 
 4.628223e+00  2.878942e-02 
 4.628620e+00  2.692540e-02 
 4.629018e+00  2.363412e-02 
 4.629416e+00  1.902905e-02 
 4.629813e+00  1.353631e-02 
 4.630211e+00  7.582005e-03 
 4.630609e+00  1.532536e-03 
 4.631007e+00 -4.113813e-03 
 4.631404e+00 -9.046911e-03 
 4.631802e+00 -1.277088e-02 
 4.632200e+00 -1.491804e-02 
 4.632597e+00 -1.532806e-02 
 4.632995e+00 -1.387966e-02 
 4.633393e+00 -1.070375e-02 
 4.633790e+00 -6.002082e-03 
 4.634188e+00 -4.719588e-04 
 4.634586e+00  5.347876e-03 
 4.634983e+00  1.093298e-02 
 4.635381e+00  1.563583e-02 
 4.635779e+00  1.907573e-02 
 4.636177e+00  2.107403e-02 
 4.636574e+00  2.151179e-02 
 4.636972e+00  2.035749e-02 
 4.637370e+00  1.771252e-02 
 4.637767e+00  1.377248e-02 
 4.638165e+00  8.776320e-03 
 4.638563e+00  3.029374e-03 
 4.638960e+00 -3.056316e-03 
 4.639358e+00 -9.079688e-03 
 4.639756e+00 -1.447212e-02 
 4.640154e+00 -1.875837e-02 
 4.640551e+00 -2.171510e-02 
 4.640949e+00 -2.319387e-02 
 4.641347e+00 -2.316719e-02 
 4.641744e+00 -2.175263e-02 
 4.642142e+00 -1.915617e-02 
 4.642540e+00 -1.552333e-02 
 4.642937e+00 -1.100379e-02 
 4.643335e+00 -5.893809e-03 
 4.643733e+00 -4.178054e-04 
 4.644130e+00  5.112021e-03 
 4.644528e+00  1.030085e-02 
 4.644926e+00  1.470773e-02 
 4.645324e+00  1.793155e-02 
 4.645721e+00  1.978115e-02 
 4.646119e+00  2.025691e-02 
 4.646517e+00  1.927744e-02 
 4.646914e+00  1.690479e-02 
 4.647312e+00  1.355540e-02 
 4.647710e+00  9.555126e-03 
 4.648107e+00  5.225850e-03 
 4.648505e+00  9.741407e-04 
 4.648903e+00 -2.938654e-03 
 4.649301e+00 -6.248647e-03 
 4.649698e+00 -8.873245e-03 
 4.650096e+00 -1.086200e-02 
 4.650494e+00 -1.208819e-02 
 4.650891e+00 -1.255254e-02 
 4.651289e+00 -1.209041e-02 
 4.651687e+00 -1.063259e-02 
 4.652084e+00 -8.203294e-03 
 4.652482e+00 -4.937975e-03 
 4.652880e+00 -1.207365e-03 
 4.653277e+00  2.536409e-03 
 4.653675e+00  6.005722e-03 
 4.654073e+00  8.927952e-03 
 4.654471e+00  1.105278e-02 
 4.654868e+00  1.227208e-02 
 4.655266e+00  1.260446e-02 
 4.655664e+00  1.211542e-02 
 4.656061e+00  1.085915e-02 
 4.656459e+00  8.950040e-03 
 4.656857e+00  6.507381e-03 
 4.657254e+00  3.768725e-03 
 4.657652e+00  9.481093e-04 
 4.658050e+00 -1.633976e-03 
 4.658448e+00 -3.681771e-03 
 4.658845e+00 -5.026741e-03 
 4.659243e+00 -5.633919e-03 
 4.659641e+00 -5.406076e-03 
 4.660038e+00 -4.147410e-03 
 4.660436e+00 -1.973324e-03 
 4.660834e+00  1.121659e-03 
 4.661231e+00  4.856179e-03 
 4.661629e+00  9.017992e-03 
 4.662027e+00  1.310143e-02 
 4.662424e+00  1.677025e-02 
 4.662822e+00  1.953984e-02 
 4.663220e+00  2.114972e-02 
 4.663618e+00  2.162059e-02 
 4.664015e+00  2.097605e-02 
 4.664413e+00  1.928760e-02 
 4.664811e+00  1.662102e-02 
 4.665208e+00  1.312351e-02 
 4.665606e+00  8.806591e-03 
 4.666004e+00  3.914907e-03 
 4.666401e+00 -1.171698e-03 
 4.666799e+00 -6.133002e-03 
 4.667197e+00 -1.061703e-02 
 4.667595e+00 -1.410850e-02 
 4.667992e+00 -1.633995e-02 
 4.668390e+00 -1.723699e-02 
 4.668788e+00 -1.694352e-02 
 4.669185e+00 -1.570371e-02 
 4.669583e+00 -1.362821e-02 
 4.669981e+00 -1.097392e-02 
 4.670378e+00 -7.950466e-03 
 4.670776e+00 -4.719215e-03 
 4.671174e+00 -1.430696e-03 
 4.671571e+00  1.731855e-03 
 4.671969e+00  4.602246e-03 
 4.672367e+00  6.980595e-03 
 4.672765e+00  8.839966e-03 
 4.673162e+00  1.003386e-02 
 4.673560e+00  1.053599e-02 
 4.673958e+00  1.050351e-02 
 4.674355e+00  9.975716e-03 
 4.674753e+00  9.158808e-03 
 4.675151e+00  8.271594e-03 
 4.675548e+00  7.525736e-03 
 4.675946e+00  7.040323e-03 
 4.676344e+00  7.014634e-03 
 4.676742e+00  7.316041e-03 
 4.677139e+00  7.938910e-03 
 4.677537e+00  8.702309e-03 
 4.677935e+00  9.488003e-03 
 4.678332e+00  1.013332e-02 
 4.678730e+00  1.075997e-02 
 4.679128e+00  1.132875e-02 
 4.679525e+00  1.179932e-02 
 4.679923e+00  1.227463e-02 
 4.680321e+00  1.272694e-02 
 4.680718e+00  1.312197e-02 
 4.681116e+00  1.343430e-02 
 4.681514e+00  1.364538e-02 
 4.681912e+00  1.379851e-02 
 4.682309e+00  1.388288e-02 
 4.682707e+00  1.392574e-02 
 4.683105e+00  1.388525e-02 
 4.683502e+00  1.381872e-02 
 4.683900e+00  1.361087e-02 
 4.684298e+00  1.325486e-02 
 4.684695e+00  1.250947e-02 
 4.685093e+00  1.147091e-02 
 4.685491e+00  1.001773e-02 
 4.685889e+00  8.264605e-03 
 4.686286e+00  6.323944e-03 
 4.686684e+00  4.320059e-03 
 4.687082e+00  2.508253e-03 
 4.687479e+00  1.076091e-03 
 4.687877e+00  1.207336e-04 
 4.688275e+00 -2.585266e-04 
 4.688672e+00  1.223655e-04 
 4.689070e+00  1.207952e-03 
 4.689468e+00  2.849144e-03 
 4.689865e+00  5.087248e-03 
 4.690263e+00  7.624273e-03 
 4.690661e+00  1.028339e-02 
 4.691059e+00  1.281977e-02 
 4.691456e+00  1.524502e-02 
 4.691854e+00  1.755711e-02 
 4.692252e+00  1.964783e-02 
 4.692649e+00  2.144509e-02 
 4.693047e+00  2.293739e-02 
 4.693445e+00  2.394955e-02 
 4.693842e+00  2.440432e-02 
 4.694240e+00  2.427705e-02 
 4.694638e+00  2.366182e-02 
 4.695036e+00  2.266670e-02 
 4.695433e+00  2.130896e-02 
 4.695831e+00  1.949000e-02 
 4.696229e+00  1.732618e-02 
 4.696626e+00  1.477661e-02 
 4.697024e+00  1.181448e-02 
 4.697422e+00  8.557375e-03 
 4.697819e+00  5.128599e-03 
 4.698217e+00  1.704995e-03 
 4.698615e+00 -1.474470e-03 
 4.699012e+00 -4.114342e-03 
 4.699410e+00 -5.990723e-03 
 4.699808e+00 -6.851818e-03 
 4.700206e+00 -6.622137e-03 
 4.700603e+00 -5.151106e-03 
 4.701001e+00 -2.537617e-03 
 4.701399e+00  1.167201e-03 
 4.701796e+00  5.620891e-03 
 4.702194e+00  1.055733e-02 
 4.702592e+00  1.567540e-02 
 4.702989e+00  2.055884e-02 
 4.703387e+00  2.496022e-02 
 4.703785e+00  2.859652e-02 
 4.704183e+00  3.129338e-02 
 4.704580e+00  3.272228e-02 
 4.704978e+00  3.277762e-02 
 4.705376e+00  3.141806e-02 
 4.705773e+00  2.869924e-02 
 4.706171e+00  2.493708e-02 
 4.706569e+00  2.051862e-02 
 4.706966e+00  1.578395e-02 
 4.707364e+00  1.120995e-02 
 4.707762e+00  7.212209e-03 
 4.708159e+00  3.970307e-03 
 4.708557e+00  1.695340e-03 
 4.708955e+00  4.417461e-04 
 4.709353e+00  3.455613e-04 
 4.709750e+00  1.523570e-03 
 4.710148e+00  4.000808e-03 
 4.710546e+00  7.613037e-03 
 4.710943e+00  1.206631e-02 
 4.711341e+00  1.667926e-02 
 4.711739e+00  2.097949e-02 
 4.712136e+00  2.457585e-02 
 4.712534e+00  2.724918e-02 
 4.712932e+00  2.881303e-02 
 4.713330e+00  2.913415e-02 
 4.713727e+00  2.829106e-02 
 4.714125e+00  2.625673e-02 
 4.714523e+00  2.291664e-02 
 4.714920e+00  1.839930e-02 
 4.715318e+00  1.303591e-02 
 4.715716e+00  6.994768e-03 
 4.716113e+00  7.526834e-04 
 4.716511e+00 -5.278571e-03 
 4.716909e+00 -1.068635e-02 
 4.717306e+00 -1.529556e-02 
 4.717704e+00 -1.887223e-02 
 4.718102e+00 -2.129272e-02 
 4.718500e+00 -2.230880e-02 
 4.718897e+00 -2.175864e-02 
 4.719295e+00 -1.970519e-02 
 4.719693e+00 -1.613824e-02 
 4.720090e+00 -1.131962e-02 
 4.720488e+00 -5.617948e-03 
 4.720886e+00  6.439408e-04 
 4.721283e+00  6.974279e-03 
 4.721681e+00  1.299501e-02 
 4.722079e+00  1.824252e-02 
 4.722477e+00  2.231198e-02 
 4.722874e+00  2.497449e-02 
 4.723272e+00  2.604940e-02 
 4.723670e+00  2.530927e-02 
 4.724067e+00  2.279543e-02 
 4.724465e+00  1.854224e-02 
 4.724863e+00  1.286799e-02 
 4.725260e+00  6.167693e-03 
 4.725658e+00 -1.102851e-03 
 4.726056e+00 -8.261739e-03 
 4.726453e+00 -1.483569e-02 
 4.726851e+00 -2.031449e-02 
 4.727249e+00 -2.434816e-02 
 4.727647e+00 -2.660344e-02 
 4.728044e+00 -2.695885e-02 
 4.728442e+00 -2.528548e-02 
 4.728840e+00 -2.179613e-02 
 4.729237e+00 -1.682804e-02 
 4.729635e+00 -1.082259e-02 
 4.730033e+00 -4.296575e-03 
 4.730430e+00  2.188344e-03 
 4.730828e+00  8.083101e-03 
 4.731226e+00  1.309576e-02 
 4.731624e+00  1.686224e-02 
 4.732021e+00  1.921693e-02 
 4.732419e+00  2.008508e-02 
 4.732817e+00  1.935058e-02 
 4.733214e+00  1.716952e-02 
 4.733612e+00  1.354745e-02 
 4.734010e+00  8.973915e-03 
 4.734407e+00  3.881970e-03 
 4.734805e+00 -1.283436e-03 
 4.735203e+00 -6.092873e-03 
 4.735600e+00 -1.013965e-02 
 4.735998e+00 -1.308704e-02 
 4.736396e+00 -1.483552e-02 
 4.736794e+00 -1.531290e-02 
 4.737191e+00 -1.450826e-02 
 4.737589e+00 -1.241550e-02 
 4.737987e+00 -9.266220e-03 
 4.738384e+00 -5.349872e-03 
 4.738782e+00 -9.552595e-04 
 4.739180e+00  3.436033e-03 
 4.739577e+00  7.365574e-03 
 4.739975e+00  1.054809e-02 
 4.740373e+00  1.276321e-02 
 4.740771e+00  1.397403e-02 
 4.741168e+00  1.417812e-02 
 4.741566e+00  1.334906e-02 
 4.741964e+00  1.151113e-02 
 4.742361e+00  8.729813e-03 
 4.742759e+00  4.981848e-03 
 4.743157e+00  4.717104e-04 
 4.743554e+00 -4.469333e-03 
 4.743952e+00 -9.462821e-03 
 4.744350e+00 -1.408500e-02 
 4.744747e+00 -1.803395e-02 
 4.745145e+00 -2.094077e-02 
 4.745543e+00 -2.270368e-02 
 4.745941e+00 -2.332760e-02 
 4.746338e+00 -2.285981e-02 
 4.746736e+00 -2.147001e-02 
 4.747134e+00 -1.924282e-02 
 4.747531e+00 -1.635364e-02 
 4.747929e+00 -1.286536e-02 
 4.748327e+00 -8.974343e-03 
 4.748724e+00 -4.817239e-03 
 4.749122e+00 -6.965906e-04 
 4.749520e+00  3.174642e-03 
 4.749918e+00  6.590982e-03 
 4.750315e+00  9.349292e-03 
 4.750713e+00  1.125305e-02 
 4.751111e+00  1.221510e-02 
 4.751508e+00  1.224929e-02 
 4.751906e+00  1.156531e-02 
 4.752304e+00  1.035194e-02 
 4.752701e+00  8.695396e-03 
 4.753099e+00  6.853310e-03 
 4.753497e+00  4.950840e-03 
 4.753894e+00  3.193309e-03 
 4.754292e+00  1.647654e-03 
 4.754690e+00  5.919793e-04 
 4.755088e+00  1.132311e-04 
 4.755485e+00  3.009331e-04 
 4.755883e+00  1.301391e-03 
 4.756281e+00  3.037267e-03 
 4.756678e+00  5.334821e-03 
 4.757076e+00  7.867696e-03 
 4.757474e+00  1.043225e-02 
 4.757871e+00  1.276260e-02 
 4.758269e+00  1.453715e-02 
 4.758667e+00  1.573651e-02 
 4.759065e+00  1.619889e-02 
 4.759462e+00  1.589991e-02 
 4.759860e+00  1.486867e-02 
 4.760258e+00  1.300811e-02 
 4.760655e+00  1.051579e-02 
 4.761053e+00  7.575114e-03 
 4.761451e+00  4.464757e-03 
 4.761848e+00  1.489987e-03 
 4.762246e+00 -1.045216e-03 
 4.762644e+00 -3.025038e-03 
 4.763041e+00 -4.358662e-03 
 4.763439e+00 -4.972929e-03 
 4.763837e+00 -4.915923e-03 
 4.764235e+00 -4.065967e-03 
 4.764632e+00 -2.315191e-03 
 4.765030e+00  2.511766e-04 
 4.765428e+00  3.474664e-03 
 4.765825e+00  7.026106e-03 
 4.766223e+00  1.053016e-02 
 4.766621e+00  1.362484e-02 
 4.767018e+00  1.612788e-02 
 4.767416e+00  1.797973e-02 
 4.767814e+00  1.917980e-02 
 4.768211e+00  1.980372e-02 
 4.768609e+00  1.988396e-02 
 4.769007e+00  1.949655e-02 
 4.769405e+00  1.859226e-02 
 4.769802e+00  1.734747e-02 
 4.770200e+00  1.585324e-02 
 4.770598e+00  1.430780e-02 
 4.770995e+00  1.277595e-02 
 4.771393e+00  1.124761e-02 
 4.771791e+00  9.745761e-03 
 4.772188e+00  8.395902e-03 
 4.772586e+00  7.054432e-03 
 4.772984e+00  5.912804e-03 
 4.773382e+00  5.042959e-03 
 4.773779e+00  4.492662e-03 
 4.774177e+00  4.291801e-03 
 4.774575e+00  4.311095e-03 
 4.774972e+00  4.414697e-03 
 4.775370e+00  4.413205e-03 
 4.775768e+00  4.242990e-03 
 4.776165e+00  4.048915e-03 
 4.776563e+00  3.999028e-03 
 4.776961e+00  4.170976e-03 
 4.777358e+00  4.520479e-03 
 4.777756e+00  4.894280e-03 
 4.778154e+00  5.265568e-03 
 4.778552e+00  5.565141e-03 
 4.778949e+00  5.692372e-03 
 4.779347e+00  5.782635e-03 
 4.779745e+00  6.103869e-03 
 4.780142e+00  6.716610e-03 
 4.780540e+00  7.582444e-03 
 4.780938e+00  8.658538e-03 
 4.781335e+00  9.748245e-03 
 4.781733e+00  1.058990e-02 
 4.782131e+00  1.126063e-02 
 4.782529e+00  1.187690e-02 
 4.782926e+00  1.259113e-02 
 4.783324e+00  1.364694e-02 
 4.783722e+00  1.492303e-02 
 4.784119e+00  1.632376e-02 
 4.784517e+00  1.772390e-02 
 4.784915e+00  1.889214e-02 
 4.785312e+00  1.975100e-02 
 4.785710e+00  2.028167e-02 
 4.786108e+00  2.048773e-02 
 4.786505e+00  2.052365e-02 
 4.786903e+00  2.042120e-02 
 4.787301e+00  2.027426e-02 
 4.787699e+00  1.997567e-02 
 4.788096e+00  1.956180e-02 
 4.788494e+00  1.910855e-02 
 4.788892e+00  1.865389e-02 
 4.789289e+00  1.824967e-02 
 4.789687e+00  1.794651e-02 
 4.790085e+00  1.766662e-02 
 4.790482e+00  1.728313e-02 
 4.790880e+00  1.669818e-02 
 4.791278e+00  1.585507e-02 
 4.791676e+00  1.454148e-02 
 4.792073e+00  1.279659e-02 
 4.792471e+00  1.062977e-02 
 4.792869e+00  8.118224e-03 
 4.793266e+00  5.449440e-03 
 4.793664e+00  2.735189e-03 
 4.794062e+00  2.472245e-04 
 4.794459e+00 -1.907979e-03 
 4.794857e+00 -3.563410e-03 
 4.795255e+00 -4.522090e-03 
 4.795652e+00 -4.583116e-03 
 4.796050e+00 -3.554172e-03 
 4.796448e+00 -1.591300e-03 
 4.796846e+00  1.237705e-03 
 4.797243e+00  4.697975e-03 
 4.797641e+00  8.589395e-03 
 4.798039e+00  1.261656e-02 
 4.798436e+00  1.657032e-02 
 4.798834e+00  2.017167e-02 
 4.799232e+00  2.309722e-02 
 4.799629e+00  2.515356e-02 
 4.800027e+00  2.605446e-02 
 4.800425e+00  2.570367e-02 
 4.800823e+00  2.403213e-02 
 4.801220e+00  2.109784e-02 
 4.801618e+00  1.721569e-02 
 4.802016e+00  1.270422e-02 
 4.802413e+00  7.810797e-03 
 4.802811e+00  2.855885e-03 
 4.803209e+00 -1.680766e-03 
 4.803606e+00 -5.503744e-03 
 4.804004e+00 -8.370552e-03 
 4.804402e+00 -9.936464e-03 
 4.804799e+00 -1.016056e-02 
 4.805197e+00 -9.034822e-03 
 4.805595e+00 -6.841649e-03 
 4.805993e+00 -3.813087e-03 
 4.806390e+00 -2.816715e-04 
 4.806788e+00  3.451349e-03 
 4.807186e+00  7.220685e-03 
 4.807583e+00  1.088483e-02 
 4.807981e+00  1.419546e-02 
 4.808379e+00  1.688512e-02 
 4.808776e+00  1.870188e-02 
 4.809174e+00  1.935217e-02 
 4.809572e+00  1.873589e-02 
 4.809970e+00  1.686287e-02 
 4.810367e+00  1.398449e-02 
 4.810765e+00  1.044307e-02 
 4.811163e+00  6.589372e-03 
 4.811560e+00  2.675491e-03 
 4.811958e+00 -1.038629e-03 
 4.812356e+00 -4.395149e-03 
 4.812753e+00 -7.219265e-03 
 4.813151e+00 -9.272016e-03 
 4.813549e+00 -1.033734e-02 
 4.813946e+00 -1.023599e-02 
 4.814344e+00 -8.853836e-03 
 4.814742e+00 -6.181177e-03 
 4.815140e+00 -2.397419e-03 
 4.815537e+00  2.239283e-03 
 4.815935e+00  7.411628e-03 
 4.816333e+00  1.273340e-02 
 4.816730e+00  1.779737e-02 
 4.817128e+00  2.227153e-02 
 4.817526e+00  2.584873e-02 
 4.817923e+00  2.832521e-02 
 4.818321e+00  2.951989e-02 
 4.818719e+00  2.920345e-02 
 4.819117e+00  2.731155e-02 
 4.819514e+00  2.392635e-02 
 4.819912e+00  1.910754e-02 
 4.820310e+00  1.307678e-02 
 4.820707e+00  6.176331e-03 
 4.821105e+00 -1.130880e-03 
 4.821503e+00 -8.441316e-03 
 4.821900e+00 -1.512288e-02 
 4.822298e+00 -2.060026e-02 
 4.822696e+00 -2.458305e-02 
 4.823093e+00 -2.678339e-02 
 4.823491e+00 -2.711033e-02 
 4.823889e+00 -2.548378e-02 
 4.824287e+00 -2.207470e-02 
 4.824684e+00 -1.725621e-02 
 4.825082e+00 -1.137754e-02 
 4.825480e+00 -4.857742e-03 
 4.825877e+00  1.773305e-03 
 4.826275e+00  8.062176e-03 
 4.826673e+00  1.364933e-02 
 4.827070e+00  1.801175e-02 
 4.827468e+00  2.080412e-02 
 4.827866e+00  2.179694e-02 
 4.828264e+00  2.100820e-02 
 4.828661e+00  1.867104e-02 
 4.829059e+00  1.496858e-02 
 4.829457e+00  1.039844e-02 
 4.829854e+00  5.302584e-03 
 4.830252e+00  1.492072e-04 
 4.830650e+00 -4.736790e-03 
 4.831047e+00 -8.923282e-03 
 4.831445e+00 -1.216001e-02 
 4.831843e+00 -1.430343e-02 
 4.832240e+00 -1.512360e-02 
 4.832638e+00 -1.465176e-02 
 4.833036e+00 -1.299052e-02 
 4.833434e+00 -1.032752e-02 
 4.833831e+00 -6.981711e-03 
 4.834229e+00 -3.138540e-03 
 4.834627e+00  9.457844e-04 
 4.835024e+00  4.985899e-03 
 4.835422e+00  8.760495e-03 
 4.835820e+00  1.195374e-02 
 4.836217e+00  1.425395e-02 
 4.836615e+00  1.540519e-02 
 4.837013e+00  1.525394e-02 
 4.837411e+00  1.381807e-02 
 4.837808e+00  1.126925e-02 
 4.838206e+00  7.935250e-03 
 4.838604e+00  4.223464e-03 
 4.839001e+00  4.881382e-04 
 4.839399e+00 -3.091236e-03 
 4.839797e+00 -6.304112e-03 
 4.840194e+00 -9.184947e-03 
 4.840592e+00 -1.165456e-02 
 4.840990e+00 -1.344496e-02 
 4.841387e+00 -1.438310e-02 
 4.841785e+00 -1.409133e-02 
 4.842183e+00 -1.253830e-02 
 4.842581e+00 -9.758350e-03 
 4.842978e+00 -5.968428e-03 
 4.843376e+00 -1.482992e-03 
 4.843774e+00  3.348136e-03 
 4.844171e+00  8.133729e-03 
 4.844569e+00  1.266226e-02 
 4.844967e+00  1.653509e-02 
 4.845364e+00  1.962910e-02 
 4.845762e+00  2.187333e-02 
 4.846160e+00  2.320592e-02 
 4.846558e+00  2.344399e-02 
 4.846955e+00  2.260458e-02 
 4.847353e+00  2.083232e-02 
 4.847751e+00  1.829751e-02 
 4.848148e+00  1.510414e-02 
 4.848546e+00  1.149078e-02 
 4.848944e+00  7.779286e-03 
 4.849341e+00  4.187206e-03 
 4.849739e+00  1.049182e-03 
 4.850137e+00 -1.318582e-03 
 4.850534e+00 -2.802563e-03 
 4.850932e+00 -3.264433e-03 
 4.851330e+00 -2.899348e-03 
 4.851728e+00 -1.904214e-03 
 4.852125e+00 -4.647674e-04 
 4.852523e+00  1.063026e-03 
 4.852921e+00  2.541970e-03 
 4.853318e+00  3.883337e-03 
 4.853716e+00  4.966381e-03 
 4.854114e+00  5.695664e-03 
 4.854511e+00  5.968635e-03 
 4.854909e+00  5.701399e-03 
 4.855307e+00  4.845225e-03 
 4.855705e+00  3.526911e-03 
 4.856102e+00  1.824967e-03 
 4.856500e+00  5.087181e-06 
 4.856898e+00 -1.705037e-03 
 4.857295e+00 -3.067964e-03 
 4.857693e+00 -3.861984e-03 
 4.858091e+00 -4.059641e-03 
 4.858488e+00 -3.609502e-03 
 4.858886e+00 -2.583861e-03 
 4.859284e+00 -1.046069e-03 
 4.859681e+00  9.612704e-04 
 4.860079e+00  3.312638e-03 
 4.860477e+00  5.769642e-03 
 4.860875e+00  8.127879e-03 
 4.861272e+00  1.010568e-02 
 4.861670e+00  1.169413e-02 
 4.862068e+00  1.279442e-02 
 4.862465e+00  1.350644e-02 
 4.862863e+00  1.379590e-02 
 4.863261e+00  1.375694e-02 
 4.863658e+00  1.339258e-02 
 4.864056e+00  1.270018e-02 
 4.864454e+00  1.163211e-02 
 4.864852e+00  1.019618e-02 
 4.865249e+00  8.580928e-03 
 4.865647e+00  6.919899e-03 
 4.866045e+00  5.507097e-03 
 4.866442e+00  4.495628e-03 
 4.866840e+00  3.983883e-03 
 4.867238e+00  3.824235e-03 
 4.867635e+00  3.976330e-03 
 4.868033e+00  4.403928e-03 
 4.868431e+00  5.014039e-03 
 4.868828e+00  5.662275e-03 
 4.869226e+00  6.313218e-03 
 4.869624e+00  7.038213e-03 
 4.870022e+00  7.755209e-03 
 4.870419e+00  8.266219e-03 
 4.870817e+00  8.571671e-03 
 4.871215e+00  8.507939e-03 
 4.871612e+00  7.965022e-03 
 4.872010e+00  7.095228e-03 
 4.872408e+00  6.017345e-03 
 4.872805e+00  4.875600e-03 
 4.873203e+00  3.849887e-03 
 4.873601e+00  3.178279e-03 
 4.873999e+00  2.933211e-03 
 4.874396e+00  3.185691e-03 
 4.874794e+00  3.822467e-03 
 4.875192e+00  4.685439e-03 
 4.875589e+00  5.718025e-03 
 4.875987e+00  6.725273e-03 
 4.876385e+00  7.607906e-03 
 4.876782e+00  8.467998e-03 
 4.877180e+00  9.231435e-03 
 4.877578e+00  1.003184e-02 
 4.877975e+00  1.083648e-02 
 4.878373e+00  1.152026e-02 
 4.878771e+00  1.192167e-02 
 4.879169e+00  1.190839e-02 
 4.879566e+00  1.132552e-02 
 4.879964e+00  1.018251e-02 
 4.880362e+00  8.554604e-03 
 4.880759e+00  6.622250e-03 
 4.881157e+00  4.649346e-03 
 4.881555e+00  2.787037e-03 
 4.881952e+00  1.278355e-03 
 4.882350e+00  8.716816e-05 
 4.882748e+00 -8.632144e-04 
 4.883146e+00 -1.597108e-03 
 4.883543e+00 -2.144218e-03 
 4.883941e+00 -2.520814e-03 
 4.884339e+00 -2.594464e-03 
 4.884736e+00 -2.329125e-03 
 4.885134e+00 -1.714465e-03 
 4.885532e+00 -7.769604e-04 
 4.885929e+00  3.948114e-04 
 4.886327e+00  1.595812e-03 
 4.886725e+00  2.759436e-03 
 4.887122e+00  3.820653e-03 
 4.887520e+00  4.801069e-03 
 4.887918e+00  5.472509e-03 
 4.888316e+00  5.789607e-03 
 4.888713e+00  5.641146e-03 
 4.889111e+00  5.069855e-03 
 4.889509e+00  4.256238e-03 
 4.889906e+00  3.454349e-03 
 4.890304e+00  3.020694e-03 
 4.890702e+00  3.084088e-03 
 4.891099e+00  3.773699e-03 
 4.891497e+00  5.103489e-03 
 4.891895e+00  7.034829e-03 
 4.892293e+00  9.415998e-03 
 4.892690e+00  1.213629e-02 
 4.893088e+00  1.526703e-02 
 4.893486e+00  1.861852e-02 
 4.893883e+00  2.200344e-02 
 4.894281e+00  2.513401e-02 
 4.894679e+00  2.767800e-02 
 4.895076e+00  2.928439e-02 
 4.895474e+00  2.977193e-02 
 4.895872e+00  2.911834e-02 
 4.896269e+00  2.727389e-02 
 4.896667e+00  2.445409e-02 
 4.897065e+00  2.086493e-02 
 4.897463e+00  1.668672e-02 
 4.897860e+00  1.216122e-02 
 4.898258e+00  7.462588e-03 
 4.898656e+00  2.895284e-03 
 4.899053e+00 -1.136336e-03 
 4.899451e+00 -4.376076e-03 
 4.899849e+00 -6.523598e-03 
 4.900246e+00 -7.400267e-03 
 4.900644e+00 -7.013367e-03 
 4.901042e+00 -5.263642e-03 
 4.901440e+00 -2.212367e-03 
 4.901837e+00  1.870091e-03 
 4.902235e+00  6.729628e-03 
 4.902633e+00  1.189385e-02 
 4.903030e+00  1.688832e-02 
 4.903428e+00  2.126956e-02 
 4.903826e+00  2.456094e-02 
 4.904223e+00  2.649120e-02 
 4.904621e+00  2.694415e-02 
 4.905019e+00  2.608954e-02 
 4.905416e+00  2.415682e-02 
 4.905814e+00  2.133568e-02 
 4.906212e+00  1.780486e-02 
 4.906610e+00  1.372265e-02 
 4.907007e+00  9.314627e-03 
 4.907405e+00  4.837636e-03 
 4.907803e+00  6.127635e-04 
 4.908200e+00 -2.955464e-03 
 4.908598e+00 -5.564601e-03 
 4.908996e+00 -6.915708e-03 
 4.909393e+00 -6.774013e-03 
 4.909791e+00 -5.250985e-03 
 4.910189e+00 -2.561340e-03 
 4.910587e+00  1.008670e-03 
 4.910984e+00  5.193509e-03 
 4.911382e+00  9.703344e-03 
 4.911780e+00  1.435992e-02 
 4.912177e+00  1.890294e-02 
 4.912575e+00  2.306190e-02 
 4.912973e+00  2.646187e-02 
 4.913370e+00  2.886512e-02 
 4.913768e+00  2.998327e-02 
 4.914166e+00  2.960186e-02 
 4.914563e+00  2.755148e-02 
 4.914961e+00  2.396080e-02 
 4.915359e+00  1.907069e-02 
 4.915757e+00  1.322161e-02 
 4.916154e+00  6.792582e-03 
 4.916552e+00  2.728281e-04 
 4.916950e+00 -5.967977e-03 
 4.917347e+00 -1.141327e-02 
 4.917745e+00 -1.562192e-02 
 4.918143e+00 -1.813656e-02 
 4.918540e+00 -1.873901e-02 
 4.918938e+00 -1.730537e-02 
 4.919336e+00 -1.391883e-02 
 4.919734e+00 -8.937057e-03 
 4.920131e+00 -2.720474e-03 
 4.920529e+00  4.210013e-03 
 4.920927e+00  1.143798e-02 
 4.921324e+00  1.851181e-02 
 4.921722e+00  2.501875e-02 
 4.922120e+00  3.054840e-02 
 4.922517e+00  3.459072e-02 
 4.922915e+00  3.684717e-02 
 4.923313e+00  3.719242e-02 
 4.923710e+00  3.557097e-02 
 4.924108e+00  3.219054e-02 
 4.924506e+00  2.742262e-02 
 4.924904e+00  2.171026e-02 
 4.925301e+00  1.535302e-02 
 4.925699e+00  8.862215e-03 
 4.926097e+00  2.480970e-03 
 4.926494e+00 -3.464614e-03 
 4.926892e+00 -8.467368e-03 
 4.927290e+00 -1.228975e-02 
 4.927687e+00 -1.465519e-02 
 4.928085e+00 -1.551260e-02 
 4.928483e+00 -1.486488e-02 
 4.928881e+00 -1.284681e-02 
 4.929278e+00 -9.663496e-03 
 4.929676e+00 -5.699963e-03 
 4.930074e+00 -1.319567e-03 
 4.930471e+00  3.112751e-03 
 4.930869e+00  7.197051e-03 
 4.931267e+00  1.065273e-02 
 4.931664e+00  1.325490e-02 
 4.932062e+00  1.474979e-02 
 4.932460e+00  1.515762e-02 
 4.932857e+00  1.459262e-02 
 4.933255e+00  1.318455e-02 
 4.933653e+00  1.095083e-02 
 4.934051e+00  8.016203e-03 
 4.934448e+00  4.497364e-03 
 4.934846e+00  4.776193e-04 
 4.935244e+00 -3.741476e-03 
 4.935641e+00 -7.844122e-03 
 4.936039e+00 -1.141849e-02 
 4.936437e+00 -1.412209e-02 
 4.936834e+00 -1.571580e-02 
 4.937232e+00 -1.597978e-02 
 4.937630e+00 -1.498600e-02 
 4.938028e+00 -1.290475e-02 
 4.938425e+00 -1.002171e-02 
 4.938823e+00 -6.550459e-03 
 4.939221e+00 -2.777246e-03 
 4.939618e+00  1.106595e-03 
 4.940016e+00  4.858469e-03 
 4.940414e+00  8.237255e-03 
 4.940811e+00  1.105605e-02 
 4.941209e+00  1.302266e-02 
 4.941607e+00  1.412644e-02 
 4.942004e+00  1.416714e-02 
 4.942402e+00  1.314666e-02 
 4.942800e+00  1.128829e-02 
 4.943198e+00  8.666998e-03 
 4.943595e+00  5.669574e-03 
 4.943993e+00  2.421982e-03 
 4.944391e+00 -7.344335e-04 
 4.944788e+00 -3.529829e-03 
 4.945186e+00 -5.816475e-03 
 4.945584e+00 -7.391158e-03 
 4.945981e+00 -8.274381e-03 
 4.946379e+00 -8.429037e-03 
 4.946777e+00 -7.823198e-03 
 4.947175e+00 -6.571808e-03 
 4.947572e+00 -4.821020e-03 
 4.947970e+00 -2.804183e-03 
 4.948368e+00 -7.012921e-04 
 4.948765e+00  1.358812e-03 
 4.949163e+00  3.294587e-03 
 4.949561e+00  4.947132e-03 
 4.949958e+00  6.180642e-03 
 4.950356e+00  6.975375e-03 
 4.950754e+00  7.300714e-03 
 4.951151e+00  7.277328e-03 
 4.951549e+00  7.063272e-03 
 4.951947e+00  6.635791e-03 
 4.952345e+00  6.153619e-03 
 4.952742e+00  5.668474e-03 
 4.953140e+00  5.199635e-03 
 4.953538e+00  4.869892e-03 
 4.953935e+00  4.817732e-03 
 4.954333e+00  4.950377e-03 
 4.954731e+00  5.275082e-03 
 4.955128e+00  5.854351e-03 
 4.955526e+00  6.388437e-03 
 4.955924e+00  6.685790e-03 
 4.956322e+00  6.699989e-03 
 4.956719e+00  6.337938e-03 
 4.957117e+00  5.526021e-03 
 4.957515e+00  4.342832e-03 
 4.957912e+00  2.917322e-03 
 4.958310e+00  1.204980e-03 
 4.958708e+00 -8.071336e-04 
 4.959105e+00 -3.031793e-03 
 4.959503e+00 -5.273190e-03 
 4.959901e+00 -7.377330e-03 
 4.960298e+00 -9.169216e-03 
 4.960696e+00 -1.047727e-02 
 4.961094e+00 -1.116541e-02 
 4.961492e+00 -1.128650e-02 
 4.961889e+00 -1.091878e-02 
 4.962287e+00 -1.012522e-02 
 4.962685e+00 -8.971584e-03 
 4.963082e+00 -7.476920e-03 
 4.963480e+00 -5.594312e-03 
 4.963878e+00 -3.374023e-03 
 4.964275e+00 -8.701763e-04 
 4.964673e+00  1.601412e-03 
 4.965071e+00  3.921219e-03 
 4.965469e+00  5.775048e-03 
 4.965866e+00  6.909313e-03 
 4.966264e+00  7.251468e-03 
 4.966662e+00  6.840771e-03 
 4.967059e+00  5.937229e-03 
 4.967457e+00  4.642255e-03 
 4.967855e+00  3.294632e-03 
 4.968252e+00  1.933961e-03 
 4.968650e+00  7.155878e-04 
 4.969048e+00 -7.207586e-05 
 4.969445e+00 -4.402968e-04 
 4.969843e+00 -2.147271e-04 
 4.970241e+00  5.667879e-04 
 4.970639e+00  1.996503e-03 
 4.971036e+00  3.895202e-03 
 4.971434e+00  6.189759e-03 
 4.971832e+00  8.615414e-03 
 4.972229e+00  1.079045e-02 
 4.972627e+00  1.283614e-02 
 4.973025e+00  1.449604e-02 
 4.973422e+00  1.568708e-02 
 4.973820e+00  1.628269e-02 
 4.974218e+00  1.622496e-02 
 4.974616e+00  1.546076e-02 
 4.975013e+00  1.406083e-02 
 4.975411e+00  1.217912e-02 
 4.975809e+00  1.005753e-02 
 4.976206e+00  7.912157e-03 
 4.976604e+00  5.920551e-03 
 4.977002e+00  4.199189e-03 
 4.977399e+00  2.864843e-03 
 4.977797e+00  1.787288e-03 
 4.978195e+00  1.094974e-03 
 4.978592e+00  8.490495e-04 
 4.978990e+00  1.232990e-03 
 4.979388e+00  2.206378e-03 
 4.979786e+00  3.766020e-03 
 4.980183e+00  5.826753e-03 
 4.980581e+00  8.142550e-03 
 4.980979e+00  1.053514e-02 
 4.981376e+00  1.285024e-02 
 4.981774e+00  1.496102e-02 
 4.982172e+00  1.661446e-02 
 4.982569e+00  1.769003e-02 
 4.982967e+00  1.816161e-02 
 4.983365e+00  1.795066e-02 
 4.983763e+00  1.705177e-02 
 4.984160e+00  1.562379e-02 
 4.984558e+00  1.389900e-02 
 4.984956e+00  1.204301e-02 
 4.985353e+00  1.034978e-02 
 4.985751e+00  8.920457e-03 
 4.986149e+00  7.883861e-03 
 4.986546e+00  7.252710e-03 
 4.986944e+00  7.092414e-03 
 4.987342e+00  7.416274e-03 
 4.987739e+00  8.211854e-03 
 4.988137e+00  9.465371e-03 
 4.988535e+00  1.122167e-02 
 4.988933e+00  1.334466e-02 
 4.989330e+00  1.570030e-02 
 4.989728e+00  1.795870e-02 
 4.990126e+00  1.986119e-02 
 4.990523e+00  2.114023e-02 
 4.990921e+00  2.150199e-02 
 4.991319e+00  2.095736e-02 
 4.991716e+00  1.944979e-02 
 4.992114e+00  1.699686e-02 
 4.992512e+00  1.389418e-02 
 4.992910e+00  1.030648e-02 
 4.993307e+00  6.547639e-03 
 4.993705e+00  2.864872e-03 
 4.994103e+00 -3.920895e-04 
 4.994500e+00 -3.055126e-03 
 4.994898e+00 -4.699392e-03 
 4.995296e+00 -5.158751e-03 
 4.995693e+00 -4.421167e-03 
 4.996091e+00 -2.384326e-03 
 4.996489e+00  8.029427e-04 
 4.996886e+00  5.033387e-03 
 4.997284e+00  1.004165e-02 
 4.997682e+00  1.554536e-02 
 4.998080e+00  2.127929e-02 
 4.998477e+00  2.677926e-02 
 4.998875e+00  3.180403e-02 
 4.999273e+00  3.596928e-02 
 4.999670e+00  3.892847e-02 
 5.000068e+00  4.030830e-02 
 5.000466e+00  4.006956e-02 
 5.000863e+00  3.824510e-02 
 5.001261e+00  3.489619e-02 
 5.001659e+00  3.032655e-02 
 5.002057e+00  2.479910e-02 
 5.002454e+00  1.878179e-02 
 5.002852e+00  1.266565e-02 
 5.003250e+00  6.944177e-03 
 5.003647e+00  2.027063e-03 
 5.004045e+00 -1.758083e-03 
 5.004443e+00 -4.233234e-03 
 5.004840e+00 -5.297325e-03 
 5.005238e+00 -4.823550e-03 
 5.005636e+00 -2.965782e-03 
 5.006033e+00  1.228225e-04 
 5.006431e+00  4.291417e-03 
 5.006829e+00  9.090186e-03 
 5.007227e+00  1.411247e-02 
 5.007624e+00  1.902349e-02 
 5.008022e+00  2.342941e-02 
 5.008420e+00  2.692259e-02 
 5.008817e+00  2.923245e-02 
 5.009215e+00  3.012974e-02 
 5.009613e+00  2.942129e-02 
 5.010010e+00  2.715067e-02 
 5.010408e+00  2.344899e-02 
 5.010806e+00  1.835503e-02 
 5.011204e+00  1.212197e-02 
 5.011601e+00  5.098208e-03 
 5.011999e+00 -2.152451e-03 
 5.012397e+00 -9.067147e-03 
 5.012794e+00 -1.494902e-02 
 5.013192e+00 -1.943560e-02 
 5.013590e+00 -2.221163e-02 
 5.013987e+00 -2.316843e-02 
 5.014385e+00 -2.225513e-02 
 5.014783e+00 -1.942671e-02 
 5.015180e+00 -1.490626e-02 
 5.015578e+00 -8.992955e-03 
 5.015976e+00 -2.069262e-03 
 5.016374e+00  5.445319e-03 
 5.016771e+00  1.292227e-02 
 5.017169e+00  1.975551e-02 
 5.017567e+00  2.530768e-02 
 5.017964e+00  2.912027e-02 
 5.018362e+00  3.093243e-02 
 5.018760e+00  3.070463e-02 
 5.019157e+00  2.850433e-02 
 5.019555e+00  2.450021e-02 
 5.019953e+00  1.894850e-02 
 5.020351e+00  1.225817e-02 
 5.020748e+00  4.831654e-03 
 5.021146e+00 -2.843211e-03 
 5.021544e+00 -1.014918e-02 
 5.021941e+00 -1.673029e-02 
 5.022339e+00 -2.216398e-02 
 5.022737e+00 -2.600699e-02 
 5.023134e+00 -2.808431e-02 
 5.023532e+00 -2.849146e-02 
 5.023930e+00 -2.706675e-02 
 5.024327e+00 -2.389511e-02 
 5.024725e+00 -1.917711e-02 
 5.025123e+00 -1.317488e-02 
 5.025521e+00 -6.368713e-03 
 5.025918e+00  7.686718e-04 
 5.026316e+00  7.599452e-03 
 5.026714e+00  1.369881e-02 
 5.027111e+00  1.862871e-02 
 5.027509e+00  2.217054e-02 
 5.027907e+00  2.428193e-02 
 5.028304e+00  2.494927e-02 
 5.028702e+00  2.433083e-02 
 5.029100e+00  2.248944e-02 
 5.029498e+00  1.950514e-02 
 5.029895e+00  1.557844e-02 
 5.030293e+00  1.099356e-02 
 5.030691e+00  6.036615e-03 
 5.031088e+00  1.092111e-03 
 5.031486e+00 -3.450923e-03 
 5.031884e+00 -7.287287e-03 
 5.032281e+00 -1.015641e-02 
 5.032679e+00 -1.184557e-02 
 5.033077e+00 -1.247071e-02 
 5.033474e+00 -1.212768e-02 
 5.033872e+00 -1.085923e-02 
 5.034270e+00 -8.808058e-03 
 5.034668e+00 -6.213472e-03 
 5.035065e+00 -3.262312e-03 
 5.035463e+00 -2.016760e-04 
 5.035861e+00  2.514014e-03 
 5.036258e+00  4.780848e-03 
 5.036656e+00  6.551185e-03 
 5.037054e+00  7.721258e-03 
 5.037451e+00  8.192837e-03 
 5.037849e+00  7.979541e-03 
 5.038247e+00  7.091253e-03 
 5.038645e+00  5.507386e-03 
 5.039042e+00  3.378763e-03 
 5.039440e+00  7.060811e-04 
 5.039838e+00 -2.313730e-03 
 5.040235e+00 -5.310348e-03 
 5.040633e+00 -7.939906e-03 
 5.041031e+00 -9.882470e-03 
 5.041428e+00 -1.101519e-02 
 5.041826e+00 -1.133620e-02 
 5.042224e+00 -1.105562e-02 
 5.042621e+00 -1.031870e-02 
 5.043019e+00 -9.137439e-03 
 5.043417e+00 -7.719031e-03 
 5.043815e+00 -5.971333e-03 
 5.044212e+00 -3.991953e-03 
 5.044610e+00 -1.788256e-03 
 5.045008e+00  5.570489e-04 
 5.045405e+00  2.837682e-03 
 5.045803e+00  4.822960e-03 
 5.046201e+00  6.507847e-03 
 5.046598e+00  7.911323e-03 
 5.046996e+00  8.917565e-03 
 5.047394e+00  9.714749e-03 
 5.047792e+00  1.039814e-02 
 5.048189e+00  1.092728e-02 
 5.048587e+00  1.133311e-02 
 5.048985e+00  1.163819e-02 
 5.049382e+00  1.178764e-02 
 5.049780e+00  1.173650e-02 
 5.050178e+00  1.146282e-02 
 5.050575e+00  1.086904e-02 
 5.050973e+00  9.872842e-03 
 5.051371e+00  8.505376e-03 
 5.051768e+00  6.750720e-03 
 5.052166e+00  4.712745e-03 
 5.052564e+00  2.505650e-03 
 5.052962e+00  3.123224e-04 
 5.053359e+00 -1.775859e-03 
 5.053757e+00 -3.590591e-03 
 5.054155e+00 -5.037473e-03 
 5.054552e+00 -6.161660e-03 
 5.054950e+00 -6.834577e-03 
 5.055348e+00 -7.144192e-03 
 5.055745e+00 -6.924029e-03 
 5.056143e+00 -6.058101e-03 
 5.056541e+00 -4.575989e-03 
 5.056939e+00 -2.432795e-03 
 5.057336e+00  1.177200e-04 
 5.057734e+00  3.023815e-03 
 5.058132e+00  5.954026e-03 
 5.058529e+00  8.837941e-03 
 5.058927e+00  1.146880e-02 
 5.059325e+00  1.362315e-02 
 5.059722e+00  1.524419e-02 
 5.060120e+00  1.627719e-02 
 5.060518e+00  1.679333e-02 
 5.060915e+00  1.662987e-02 
 5.061313e+00  1.580896e-02 
 5.061711e+00  1.432655e-02 
 5.062109e+00  1.218646e-02 
 5.062506e+00  9.652718e-03 
 5.062904e+00  6.880167e-03 
 5.063302e+00  4.001808e-03 
 5.063699e+00  1.281355e-03 
 5.064097e+00 -9.658931e-04 
 5.064495e+00 -2.519761e-03 
 5.064892e+00 -3.314373e-03 
 5.065290e+00 -3.247695e-03 
 5.065688e+00 -2.504804e-03 
 5.066086e+00 -1.159634e-03 
 5.066483e+00  7.049916e-04 
 5.066881e+00  3.040557e-03 
 5.067279e+00  5.761952e-03 
 5.067676e+00  8.569879e-03 
 5.068074e+00  1.128841e-02 
 5.068472e+00  1.370263e-02 
 5.068869e+00  1.555049e-02 
 5.069267e+00  1.653881e-02 
 5.069665e+00  1.655313e-02 
 5.070062e+00  1.559365e-02 
 5.070460e+00  1.357669e-02 
 5.070858e+00  1.070204e-02 
 5.071256e+00  7.198793e-03 
 5.071653e+00  3.479637e-03 
 5.072051e+00 -1.262623e-04 
 5.072449e+00 -3.192391e-03 
 5.072846e+00 -5.389474e-03 
 5.073244e+00 -6.621768e-03 
 5.073642e+00 -6.779464e-03 
 5.074039e+00 -5.961966e-03 
 5.074437e+00 -4.359139e-03 
 5.074835e+00 -2.177667e-03 
 5.075233e+00  5.737261e-04 
 5.075630e+00  3.825440e-03 
 5.076028e+00  7.593135e-03 
 5.076426e+00  1.183067e-02 
 5.076823e+00  1.623840e-02 
 5.077221e+00  2.033039e-02 
 5.077619e+00  2.363859e-02 
 5.078016e+00  2.585598e-02 
 5.078414e+00  2.665535e-02 
 5.078812e+00  2.602762e-02 
 5.079209e+00  2.415855e-02 
 5.079607e+00  2.127939e-02 
 5.080005e+00  1.776185e-02 
 5.080403e+00  1.395355e-02 
 5.080800e+00  1.010434e-02 
 5.081198e+00  6.567319e-03 
 5.081596e+00  3.499566e-03 
 5.081993e+00  1.207448e-03 
 5.082391e+00 -1.410090e-04 
 5.082789e+00 -4.554095e-04 
 5.083186e+00  2.412158e-04 
 5.083584e+00  1.744148e-03 
 5.083982e+00  4.151544e-03 
 5.084380e+00  7.197388e-03 
 5.084777e+00  1.082197e-02 
 5.085175e+00  1.467735e-02 
 5.085573e+00  1.835508e-02 
 5.085970e+00  2.151008e-02 
 5.086368e+00  2.383645e-02 
 5.086766e+00  2.507044e-02 
 5.087163e+00  2.501467e-02 
 5.087561e+00  2.389594e-02 
 5.087959e+00  2.176160e-02 
 5.088356e+00  1.888170e-02 
 5.088754e+00  1.562752e-02 
 5.089152e+00  1.214312e-02 
 5.089550e+00  8.599967e-03 
 5.089947e+00  5.086260e-03 
 5.090345e+00  1.975640e-03 
 5.090743e+00 -4.121494e-04 
 5.091140e+00 -1.928252e-03 
 5.091538e+00 -2.328352e-03 
 5.091936e+00 -1.487597e-03 
 5.092333e+00  6.761921e-04 
 5.092731e+00  4.070647e-03 
 5.093129e+00  8.535448e-03 
 5.093527e+00  1.358606e-02 
 5.093924e+00  1.864502e-02 
 5.094322e+00  2.311168e-02 
 5.094720e+00  2.651268e-02 
 5.095117e+00  2.858840e-02 
 5.095515e+00  2.910621e-02 
 5.095913e+00  2.804914e-02 
 5.096310e+00  2.555641e-02 
 5.096708e+00  2.182755e-02 
 5.097106e+00  1.711070e-02 
 5.097503e+00  1.166259e-02 
 5.097901e+00  5.751456e-03 
 5.098299e+00 -3.105898e-04 
 5.098697e+00 -6.126497e-03 
 5.099094e+00 -1.130625e-02 
 5.099492e+00 -1.542612e-02 
 5.099890e+00 -1.812439e-02 
 5.100287e+00 -1.909525e-02 
 5.100685e+00 -1.827054e-02 
 5.101083e+00 -1.574331e-02 
 5.101480e+00 -1.166881e-02 
 5.101878e+00 -6.436227e-03 
 5.102276e+00 -4.888848e-04 
 5.102674e+00  5.759073e-03 
 5.103071e+00  1.184884e-02 
 5.103469e+00  1.735701e-02 
 5.103867e+00  2.193812e-02 
 5.104264e+00  2.536344e-02 
 5.104662e+00  2.745620e-02 
 5.105060e+00  2.801315e-02 
 5.105457e+00  2.700916e-02 
 5.105855e+00  2.447656e-02 
 5.106253e+00  2.060177e-02 
 5.106650e+00  1.560156e-02 
 5.107048e+00  9.779406e-03 
 5.107446e+00  3.492781e-03 
 5.107844e+00 -2.663146e-03 
 5.108241e+00 -8.120904e-03 
 5.108639e+00 -1.242242e-02 
 5.109037e+00 -1.529194e-02 
 5.109434e+00 -1.647749e-02 
 5.109832e+00 -1.586567e-02 
 5.110230e+00 -1.349684e-02 
 5.110627e+00 -9.487617e-03 
 5.111025e+00 -3.999343e-03 
 5.111423e+00  2.517338e-03 
 5.111821e+00  9.551569e-03 
 5.112218e+00  1.660784e-02 
 5.112616e+00  2.314103e-02 
 5.113014e+00  2.858156e-02 
 5.113411e+00  3.236769e-02 
 5.113809e+00  3.420436e-02 
 5.114207e+00  3.394157e-02 
 5.114604e+00  3.164442e-02 
 5.115002e+00  2.752039e-02 
 5.115400e+00  2.192438e-02 
 5.115797e+00  1.523893e-02 
 5.116195e+00  7.810337e-03 
 5.116593e+00  2.697863e-04 
 5.116991e+00 -6.878458e-03 
 5.117388e+00 -1.320231e-02 
 5.117786e+00 -1.823235e-02 
 5.118184e+00 -2.169746e-02 
 5.118581e+00 -2.332171e-02 
 5.118979e+00 -2.299848e-02 
 5.119377e+00 -2.073932e-02 
 5.119774e+00 -1.672761e-02 
 5.120172e+00 -1.125597e-02 
 5.120570e+00 -4.775244e-03 
 5.120968e+00  2.338386e-03 
 5.121365e+00  9.448472e-03 
 5.121763e+00  1.599048e-02 
 5.122161e+00  2.150456e-02 
 5.122558e+00  2.560267e-02 
 5.122956e+00  2.803715e-02 
 5.123354e+00  2.883206e-02 
 5.123751e+00  2.807183e-02 
 5.124149e+00  2.591395e-02 
 5.124547e+00  2.247023e-02 
 5.124944e+00  1.800663e-02 
 5.125342e+00  1.269495e-02 
 5.125740e+00  6.813237e-03 
 5.126138e+00  8.025692e-04 
 5.126535e+00 -4.962044e-03 
 5.126933e+00 -1.003996e-02 
 5.127331e+00 -1.404211e-02 
 5.127728e+00 -1.663215e-02 
 5.128126e+00 -1.765523e-02 
 5.128524e+00 -1.701129e-02 
 5.128921e+00 -1.493702e-02 
 5.129319e+00 -1.178593e-02 
 5.129717e+00 -7.850295e-03 
 5.130115e+00 -3.380389e-03 
 5.130512e+00  1.316100e-03 
 5.130910e+00  5.921331e-03 
 5.131308e+00  1.015161e-02 
 5.131705e+00  1.384642e-02 
 5.132103e+00  1.673683e-02 
 5.132501e+00  1.872439e-02 
 5.132898e+00  1.960574e-02 
 5.133296e+00  1.929365e-02 
 5.133694e+00  1.775965e-02 
 5.134091e+00  1.510095e-02 
 5.134489e+00  1.167684e-02 
 5.134887e+00  7.780897e-03 
 5.135285e+00  3.714959e-03 
 5.135682e+00 -1.581426e-04 
 5.136080e+00 -3.368213e-03 
 5.136478e+00 -5.600729e-03 
 5.136875e+00 -6.828607e-03 
 5.137273e+00 -7.019771e-03 
 5.137671e+00 -6.325963e-03 
 5.138068e+00 -4.941399e-03 
 5.138466e+00 -2.935963e-03 
 5.138864e+00 -3.859332e-04 
 5.139262e+00  2.539312e-03 
 5.139659e+00  5.615537e-03 
 5.140057e+00  8.628270e-03 
 5.140455e+00  1.144074e-02 
 5.140852e+00  1.379192e-02 
 5.141250e+00  1.563224e-02 
 5.141648e+00  1.681593e-02 
 5.142045e+00  1.735509e-02 
 5.142443e+00  1.733498e-02 
 5.142841e+00  1.675915e-02 
 5.143238e+00  1.568670e-02 
 5.143636e+00  1.417422e-02 
 5.144034e+00  1.237792e-02 
 5.144432e+00  1.049042e-02 
 5.144829e+00  8.737811e-03 
 5.145227e+00  7.160139e-03 
 5.145625e+00  5.725962e-03 
 5.146022e+00  4.364163e-03 
 5.146420e+00  2.887486e-03 
 5.146818e+00  1.326038e-03 
 5.147215e+00 -2.716298e-04 
 5.147613e+00 -1.753091e-03 
 5.148011e+00 -3.064861e-03 
 5.148409e+00 -4.084212e-03 
 5.148806e+00 -4.843040e-03 
 5.149204e+00 -5.282273e-03 
 5.149602e+00 -5.450577e-03 
 5.149999e+00 -5.274912e-03 
 5.150397e+00 -4.714611e-03 
 5.150795e+00 -3.685713e-03 
 5.151192e+00 -2.172548e-03 
 5.151590e+00 -2.447857e-04 
 5.151988e+00  2.019846e-03 
 5.152385e+00  4.435602e-03 
 5.152783e+00  6.722268e-03 
 5.153181e+00  8.696943e-03 
 5.153579e+00  1.031535e-02 
 5.153976e+00  1.158042e-02 
 5.154374e+00  1.234524e-02 
 5.154772e+00  1.246366e-02 
 5.155169e+00  1.191848e-02 
 5.155567e+00  1.067750e-02 
 5.155965e+00  8.863491e-03 
 5.156362e+00  6.594343e-03 
 5.156760e+00  3.985602e-03 
 5.157158e+00  1.128464e-03 
 5.157556e+00 -1.888340e-03 
 5.157953e+00 -4.902187e-03 
 5.158351e+00 -7.719136e-03 
 5.158749e+00 -1.020472e-02 
 5.159146e+00 -1.234875e-02 
 5.159544e+00 -1.375969e-02 
 5.159942e+00 -1.416743e-02 
 5.160339e+00 -1.359952e-02 
 5.160737e+00 -1.198473e-02 
 5.161135e+00 -9.451780e-03 
 5.161532e+00 -6.225315e-03 
 5.161930e+00 -2.505701e-03 
 5.162328e+00  1.438228e-03 
 5.162726e+00  5.433692e-03 
 5.163123e+00  9.012049e-03 
 5.163521e+00  1.189019e-02 
 5.163919e+00  1.386122e-02 
 5.164316e+00  1.478288e-02 
 5.164714e+00  1.464892e-02 
 5.165112e+00  1.336019e-02 
 5.165509e+00  1.120529e-02 
 5.165907e+00  8.306205e-03 
 5.166305e+00  4.983166e-03 
 5.166703e+00  1.660184e-03 
 5.167100e+00 -1.400811e-03 
 5.167498e+00 -3.988687e-03 
 5.167896e+00 -5.933855e-03 
 5.168293e+00 -7.200429e-03 
 5.168691e+00 -7.610874e-03 
 5.169089e+00 -7.067291e-03 
 5.169486e+00 -5.488395e-03 
 5.169884e+00 -2.945721e-03 
 5.170282e+00  4.861728e-04 
 5.170679e+00  4.623774e-03 
 5.171077e+00  9.186009e-03 
 5.171475e+00  1.389439e-02 
 5.171873e+00  1.829133e-02 
 5.172270e+00  2.203672e-02 
 5.172668e+00  2.472793e-02 
 5.173066e+00  2.614029e-02 
 5.173463e+00  2.606167e-02 
 5.173861e+00  2.461215e-02 
 5.174259e+00  2.182337e-02 
 5.174656e+00  1.781542e-02 
 5.175054e+00  1.283464e-02 
 5.175452e+00  7.176831e-03 
 5.175850e+00  1.355449e-03 
 5.176247e+00 -4.165584e-03 
 5.176645e+00 -9.171340e-03 
 5.177043e+00 -1.342490e-02 
 5.177440e+00 -1.667262e-02 
 5.177838e+00 -1.872758e-02 
 5.178236e+00 -1.939355e-02 
 5.178633e+00 -1.849360e-02 
 5.179031e+00 -1.606500e-02 
 5.179429e+00 -1.228856e-02 
 5.179826e+00 -7.350890e-03 
 5.180224e+00 -1.584768e-03 
 5.180622e+00  4.517583e-03 
 5.181020e+00  1.037746e-02 
 5.181417e+00  1.545077e-02 
 5.181815e+00  1.959769e-02 
 5.182213e+00  2.255250e-02 
 5.182610e+00  2.398170e-02 
 5.183008e+00  2.389969e-02 
 5.183406e+00  2.235300e-02 
 5.183803e+00  1.950994e-02 
 5.184201e+00  1.559943e-02 
 5.184599e+00  1.102500e-02 
 5.184997e+00  6.157146e-03 
 5.185394e+00  1.349154e-03 
 5.185792e+00 -2.886555e-03 
 5.186190e+00 -6.204359e-03 
 5.186587e+00 -8.222200e-03 
 5.186985e+00 -8.781250e-03 
 5.187383e+00 -7.773031e-03 
 5.187780e+00 -5.096771e-03 
 5.188178e+00 -9.629628e-04 
 5.188576e+00  4.374372e-03 
 5.188973e+00  1.051732e-02 
 5.189371e+00  1.685747e-02 
 5.189769e+00  2.295603e-02 
 5.190167e+00  2.818546e-02 
 5.190564e+00  3.212767e-02 
 5.190962e+00  3.447093e-02 
 5.191360e+00  3.500350e-02 
 5.191757e+00  3.367549e-02 
 5.192155e+00  3.053934e-02 
 5.192553e+00  2.588998e-02 
 5.192950e+00  2.013021e-02 
 5.193348e+00  1.381828e-02 
 5.193746e+00  7.432402e-03 
 5.194144e+00  1.483144e-03 
 5.194541e+00 -3.604337e-03 
 5.194939e+00 -7.457715e-03 
 5.195337e+00 -9.781339e-03 
 5.195734e+00 -1.049578e-02 
 5.196132e+00 -9.598977e-03 
 5.196530e+00 -7.168604e-03 
 5.196927e+00 -3.380689e-03 
 5.197325e+00  1.573227e-03 
 5.197723e+00  7.388151e-03 
 5.198120e+00  1.371321e-02 
 5.198518e+00  1.998561e-02 
 5.198916e+00  2.561336e-02 
 5.199314e+00  3.023784e-02 
 5.199711e+00  3.359654e-02 
 5.200109e+00  3.539327e-02 
 5.200507e+00  3.546641e-02 
 5.200904e+00  3.392486e-02 
 5.201302e+00  3.080219e-02 
 5.201700e+00  2.630970e-02 
 5.202097e+00  2.082886e-02 
 5.202495e+00  1.463710e-02 
 5.202893e+00  8.149653e-03 
 5.203291e+00  1.730480e-03 
 5.203688e+00 -4.091207e-03 
 5.204086e+00 -8.865576e-03 
 5.204484e+00 -1.229126e-02 
 5.204881e+00 -1.417537e-02 
 5.205279e+00 -1.422002e-02 
 5.205677e+00 -1.232575e-02 
 5.206074e+00 -8.640687e-03 
 5.206472e+00 -3.420506e-03 
 5.206870e+00  2.879458e-03 
 5.207267e+00  9.691182e-03 
 5.207665e+00  1.641724e-02 
 5.208063e+00  2.253575e-02 
 5.208461e+00  2.758525e-02 
 5.208858e+00  3.130429e-02 
 5.209256e+00  3.328766e-02 
 5.209654e+00  3.351426e-02 
 5.210051e+00  3.200104e-02 
 5.210449e+00  2.879237e-02 
 5.210847e+00  2.424768e-02 
 5.211244e+00  1.861563e-02 
 5.211642e+00  1.239060e-02 
 5.212040e+00  5.994947e-03 
 5.212438e+00 -1.558943e-05 
 5.212835e+00 -5.174131e-03 
 5.213233e+00 -8.993746e-03 
 5.213631e+00 -1.108319e-02 
 5.214028e+00 -1.132167e-02 
 5.214426e+00 -9.660688e-03 
 5.214824e+00 -6.187358e-03 
 5.215221e+00 -1.239037e-03 
 5.215619e+00  4.747829e-03 
 5.216017e+00  1.123119e-02 
 5.216414e+00  1.772372e-02 
 5.216812e+00  2.383662e-02 
 5.217210e+00  2.918446e-02 
 5.217608e+00  3.348263e-02 
 5.218005e+00  3.640426e-02 
 5.218403e+00  3.782542e-02 
 5.218801e+00  3.756885e-02 
 5.219198e+00  3.550713e-02 
 5.219596e+00  3.173055e-02 
 5.219994e+00  2.633339e-02 
 5.220391e+00  1.967598e-02 
 5.220789e+00  1.214508e-02 
 5.221187e+00  4.428424e-03 
 5.221585e+00 -2.785500e-03 
 5.221982e+00 -8.875400e-03 
 5.222380e+00 -1.362363e-02 
 5.222778e+00 -1.676386e-02 
 5.223175e+00 -1.834762e-02 
 5.223573e+00 -1.837160e-02 
 5.223971e+00 -1.706640e-02 
 5.224368e+00 -1.453718e-02 
 5.224766e+00 -1.110213e-02 
 5.225164e+00 -7.006806e-03 
 5.225561e+00 -2.398260e-03 
 5.225959e+00  2.532035e-03 
 5.226357e+00  7.501183e-03 
 5.226755e+00  1.202501e-02 
 5.227152e+00  1.582758e-02 
 5.227550e+00  1.868952e-02 
 5.227948e+00  2.040123e-02 
 5.228345e+00  2.073854e-02 
 5.228743e+00  1.958230e-02 
 5.229141e+00  1.705355e-02 
 5.229538e+00  1.333676e-02 
 5.229936e+00  8.880017e-03 
 5.230334e+00  4.159620e-03 
 5.230732e+00 -4.229881e-04 
 5.231129e+00 -4.458670e-03 
 5.231527e+00 -7.752715e-03 
 5.231925e+00 -1.011779e-02 
 5.232322e+00 -1.138629e-02 
 5.232720e+00 -1.161201e-02 
 5.233118e+00 -1.077977e-02 
 5.233515e+00 -8.993395e-03 
 5.233913e+00 -6.371555e-03 
 5.234311e+00 -3.165304e-03 
 5.234708e+00  4.310914e-04 
 5.235106e+00  3.984936e-03 
 5.235504e+00  7.200510e-03 
 5.235902e+00  9.749277e-03 
 5.236299e+00  1.138769e-02 
 5.236697e+00  1.217686e-02 
 5.237095e+00  1.209538e-02 
 5.237492e+00  1.120325e-02 
 5.237890e+00  9.638544e-03 
 5.238288e+00  7.500814e-03 
 5.238685e+00  5.040948e-03 
 5.239083e+00  2.565169e-03 
 5.239481e+00  2.550279e-04 
 5.239879e+00 -1.761571e-03 
 5.240276e+00 -3.436094e-03 
 5.240674e+00 -4.731990e-03 
 5.241072e+00 -5.671460e-03 
 5.241469e+00 -6.250568e-03 
 5.241867e+00 -6.504054e-03 
 5.242265e+00 -6.360659e-03 
 5.242662e+00 -5.948564e-03 
 5.243060e+00 -5.253081e-03 
 5.243458e+00 -4.368941e-03 
 5.243855e+00 -3.446628e-03 
 5.244253e+00 -2.527651e-03 
 5.244651e+00 -1.695427e-03 
 5.245049e+00 -8.047840e-04 
 5.245446e+00  2.633938e-04 
 5.245844e+00  1.528562e-03 
 5.246242e+00  3.104944e-03 
 5.246639e+00  4.891278e-03 
 5.247037e+00  6.826192e-03 
 5.247435e+00  8.703368e-03 
 5.247832e+00  1.044715e-02 
 5.248230e+00  1.182989e-02 
 5.248628e+00  1.269909e-02 
 5.249026e+00  1.295320e-02 
 5.249423e+00  1.265747e-02 
 5.249821e+00  1.186820e-02 
 5.250219e+00  1.046167e-02 
 5.250616e+00  8.403840e-03 
 5.251014e+00  5.740991e-03 
 5.251412e+00  2.484542e-03 
 5.251809e+00 -1.211458e-03 
 5.252207e+00 -5.094889e-03 
 5.252605e+00 -8.977178e-03 
 5.253002e+00 -1.261160e-02 
 5.253400e+00 -1.581222e-02 
 5.253798e+00 -1.834130e-02 
 5.254196e+00 -2.004252e-02 
 5.254593e+00 -2.078773e-02 
 5.254991e+00 -2.059477e-02 
 5.255389e+00 -1.938794e-02 
 5.255786e+00 -1.719870e-02 
 5.256184e+00 -1.422361e-02 
 5.256582e+00 -1.065017e-02 
 5.256979e+00 -6.630979e-03 
 5.257377e+00 -2.478978e-03 
 5.257775e+00  1.555157e-03 
 5.258173e+00  5.272486e-03 
 5.258570e+00  8.359804e-03 
 5.258968e+00  1.060759e-02 
 5.259366e+00  1.174406e-02 
 5.259763e+00  1.156872e-02 
 5.260161e+00  1.015693e-02 
 5.260559e+00  7.627641e-03 
 5.260956e+00  4.382970e-03 
 5.261354e+00  8.327885e-04 
 5.261752e+00 -2.717726e-03 
 5.262149e+00 -5.942968e-03 
 5.262547e+00 -8.663009e-03 
 5.262945e+00 -1.067793e-02 
 5.263343e+00 -1.190268e-02 
 5.263740e+00 -1.222853e-02 
 5.264138e+00 -1.153212e-02 
 5.264536e+00 -9.777102e-03 
 5.264933e+00 -7.032428e-03 
 5.265331e+00 -3.329759e-03 
 5.265729e+00  1.153692e-03 
 5.266126e+00  6.082160e-03 
 5.266524e+00  1.116959e-02 
 5.266922e+00  1.611516e-02 
 5.267320e+00  2.047189e-02 
 5.267717e+00  2.385888e-02 
 5.268115e+00  2.593179e-02 
 5.268513e+00  2.650191e-02 
 5.268910e+00  2.552014e-02 
 5.269308e+00  2.310029e-02 
 5.269706e+00  1.954509e-02 
 5.270103e+00  1.511708e-02 
 5.270501e+00  1.011836e-02 
 5.270899e+00  4.808279e-03 
 5.271296e+00 -4.708362e-04 
 5.271694e+00 -5.510552e-03 
 5.272092e+00 -9.923196e-03 
 5.272490e+00 -1.362846e-02 
 5.272887e+00 -1.610458e-02 
 5.273285e+00 -1.697281e-02 
 5.273683e+00 -1.608202e-02 
 5.274080e+00 -1.334985e-02 
 5.274478e+00 -9.032739e-03 
 5.274876e+00 -3.503316e-03 
 5.275273e+00  2.797590e-03 
 5.275671e+00  9.380068e-03 
 5.276069e+00  1.580785e-02 
 5.276467e+00  2.165085e-02 
 5.276864e+00  2.645514e-02 
 5.277262e+00  3.000919e-02 
 5.277660e+00  3.215881e-02 
 5.278057e+00  3.284751e-02 
 5.278455e+00  3.205448e-02 
 5.278853e+00  2.971656e-02 
 5.279250e+00  2.600646e-02 
 5.279648e+00  2.095217e-02 
 5.280046e+00  1.486107e-02 
 5.280443e+00  8.167359e-03 
 5.280841e+00  1.310299e-03 
 5.281239e+00 -5.062416e-03 
 5.281637e+00 -1.037070e-02 
 5.282034e+00 -1.406080e-02 
 5.282432e+00 -1.568597e-02 
 5.282830e+00 -1.514090e-02 
 5.283227e+00 -1.255947e-02 
 5.283625e+00 -8.222409e-03 
 5.284023e+00 -2.661213e-03 
 5.284420e+00  3.632832e-03 
 5.284818e+00  1.028456e-02 
 5.285216e+00  1.663961e-02 
 5.285614e+00  2.234248e-02 
 5.286011e+00  2.698636e-02 
 5.286409e+00  3.037050e-02 
 5.286807e+00  3.225020e-02 
 5.287204e+00  3.236940e-02 
 5.287602e+00  3.068105e-02 
 5.288000e+00  2.732394e-02 
 5.288397e+00  2.249103e-02 
 5.288795e+00  1.662491e-02 
 5.289193e+00  1.027656e-02 
 5.289590e+00  3.984841e-03 
 5.289988e+00 -1.526622e-03 
 5.290386e+00 -5.729147e-03 
 5.290784e+00 -8.170033e-03 
 5.291181e+00 -8.548653e-03 
 5.291579e+00 -6.964731e-03 
 5.291977e+00 -3.478450e-03 
 5.292374e+00  1.452659e-03 
 5.292772e+00  7.438848e-03 
 5.293170e+00  1.403775e-02 
 5.293567e+00  2.079057e-02 
 5.293965e+00  2.730535e-02 
 5.294363e+00  3.303995e-02 
 5.294761e+00  3.761018e-02 
 5.295158e+00  4.082980e-02 
 5.295556e+00  4.252768e-02 
 5.295954e+00  4.247990e-02 
 5.296351e+00  4.068642e-02 
 5.296749e+00  3.720751e-02 
 5.297147e+00  3.227123e-02 
 5.297544e+00  2.624491e-02 
 5.297942e+00  1.944040e-02 
 5.298340e+00  1.230961e-02 
 5.298737e+00  5.240997e-03 
 5.299135e+00 -1.268949e-03 
 5.299533e+00 -6.754424e-03 
 5.299931e+00 -1.079894e-02 
 5.300328e+00 -1.314626e-02 
 5.300726e+00 -1.362080e-02 
 5.301124e+00 -1.209974e-02 
 5.301521e+00 -8.634982e-03 
 5.301919e+00 -3.477372e-03 
 5.302317e+00  2.935961e-03 
 5.302714e+00  1.010382e-02 
 5.303112e+00  1.722322e-02 
 5.303510e+00  2.365282e-02 
 5.303908e+00  2.883474e-02 
 5.304305e+00  3.232497e-02 
 5.304703e+00  3.390890e-02 
 5.305101e+00  3.343787e-02 
 5.305498e+00  3.103310e-02 
 5.305896e+00  2.703369e-02 
 5.306294e+00  2.180961e-02 
 5.306691e+00  1.579079e-02 
 5.307089e+00  9.369985e-03 
 5.307487e+00  2.827845e-03 
 5.307884e+00 -3.418811e-03 
 5.308282e+00 -8.873137e-03 
 5.308680e+00 -1.312470e-02 
 5.309078e+00 -1.577026e-02 
 5.309475e+00 -1.660161e-02 
 5.309873e+00 -1.550034e-02 
 5.310271e+00 -1.245422e-02 
 5.310668e+00 -7.825369e-03 
 5.311066e+00 -2.080061e-03 
 5.311464e+00  4.213579e-03 
 5.311861e+00  1.047946e-02 
 5.312259e+00  1.621873e-02 
 5.312657e+00  2.110654e-02 
 5.313055e+00  2.472412e-02 
 5.313452e+00  2.683123e-02 
 5.313850e+00  2.728296e-02 
 5.314248e+00  2.593576e-02 
 5.314645e+00  2.294311e-02 
 5.315043e+00  1.852513e-02 
 5.315441e+00  1.301324e-02 
 5.315838e+00  6.946510e-03 
 5.316236e+00  6.692139e-04 
 5.316634e+00 -5.299402e-03 
 5.317031e+00 -1.058431e-02 
 5.317429e+00 -1.475005e-02 
 5.317827e+00 -1.754757e-02 
 5.318225e+00 -1.893734e-02 
 5.318622e+00 -1.882163e-02 
 5.319020e+00 -1.719270e-02 
 5.319418e+00 -1.434418e-02 
 5.319815e+00 -1.047962e-02 
 5.320213e+00 -5.963824e-03 
 5.320611e+00 -1.223926e-03 
 5.321008e+00  3.647094e-03 
 5.321406e+00  8.471861e-03 
 5.321804e+00  1.317070e-02 
 5.322202e+00  1.753561e-02 
 5.322599e+00  2.119011e-02 
 5.322997e+00  2.380477e-02 
 5.323395e+00  2.504808e-02 
 5.323792e+00  2.472270e-02 
 5.324190e+00  2.282631e-02 
 5.324588e+00  1.961331e-02 
 5.324985e+00  1.549125e-02 
 5.325383e+00  1.083670e-02 
 5.325781e+00  5.994135e-03 
 5.326178e+00  1.365565e-03 
 5.326576e+00 -2.916379e-03 
 5.326974e+00 -6.629207e-03 
 5.327372e+00 -9.611715e-03 
 5.327769e+00 -1.165755e-02 
 5.328167e+00 -1.265224e-02 
 5.328565e+00 -1.251424e-02 
 5.328962e+00 -1.129006e-02 
 5.329360e+00 -9.148839e-03 
 5.329758e+00 -6.252583e-03 
 5.330155e+00 -2.753026e-03 
 5.330553e+00  1.148874e-03 
 5.330951e+00  5.134081e-03 
 5.331349e+00  8.726354e-03 
 5.331746e+00  1.156272e-02 
 5.332144e+00  1.333472e-02 
 5.332542e+00  1.406541e-02 
 5.332939e+00  1.370629e-02 
 5.333337e+00  1.241969e-02 
 5.333735e+00  1.053190e-02 
 5.334132e+00  8.285191e-03 
 5.334530e+00  5.926825e-03 
 5.334928e+00  3.595120e-03 
 5.335325e+00  1.215568e-03 
 5.335723e+00 -1.169676e-03 
 5.336121e+00 -3.451623e-03 
 5.336519e+00 -5.402195e-03 
 5.336916e+00 -6.973126e-03 
 5.337314e+00 -7.863925e-03 
 5.337712e+00 -8.140511e-03 
 5.338109e+00 -7.679766e-03 
 5.338507e+00 -6.598626e-03 
 5.338905e+00 -5.097751e-03 
 5.339302e+00 -3.260770e-03 
 5.339700e+00 -1.374141e-03 
 5.340098e+00  3.952192e-04 
 5.340496e+00  2.031452e-03 
 5.340893e+00  3.572797e-03 
 5.341291e+00  5.186678e-03 
 5.341689e+00  6.816844e-03 
 5.342086e+00  8.512461e-03 
 5.342484e+00  1.011167e-02 
 5.342882e+00  1.150245e-02 
 5.343279e+00  1.264235e-02 
 5.343677e+00  1.342454e-02 
 5.344075e+00  1.369977e-02 
 5.344472e+00  1.336662e-02 
 5.344870e+00  1.237523e-02 
 5.345268e+00  1.084673e-02 
 5.345666e+00  8.831929e-03 
 5.346063e+00  6.473646e-03 
 5.346461e+00  3.993285e-03 
 5.346859e+00  1.654556e-03 
 5.347256e+00 -6.153657e-04 
 5.347654e+00 -2.680795e-03 
 5.348052e+00 -4.595556e-03 
 5.348449e+00 -6.415169e-03 
 5.348847e+00 -7.934878e-03 
 5.349245e+00 -9.060001e-03 
 5.349643e+00 -9.590093e-03 
 5.350040e+00 -9.359553e-03 
 5.350438e+00 -8.288473e-03 
 5.350836e+00 -6.410881e-03 
 5.351233e+00 -3.847468e-03 
 5.351631e+00 -7.732762e-04 
 5.352029e+00  2.636723e-03 
 5.352426e+00  6.236815e-03 
 5.352824e+00  9.882626e-03 
 5.353222e+00  1.324858e-02 
 5.353619e+00  1.623651e-02 
 5.354017e+00  1.858507e-02 
 5.354415e+00  2.004804e-02 
 5.354813e+00  2.033348e-02 
 5.355210e+00  1.943398e-02 
 5.355608e+00  1.728038e-02 
 5.356006e+00  1.409203e-02 
 5.356403e+00  1.012533e-02 
 5.356801e+00  5.575500e-03 
 5.357199e+00  7.984792e-04 
 5.357596e+00 -3.874734e-03 
 5.357994e+00 -8.062326e-03 
 5.358392e+00 -1.150775e-02 
 5.358790e+00 -1.405933e-02 
 5.359187e+00 -1.562937e-02 
 5.359585e+00 -1.602733e-02 
 5.359983e+00 -1.527917e-02 
 5.360380e+00 -1.330904e-02 
 5.360778e+00 -1.025895e-02 
 5.361176e+00 -6.251109e-03 
 5.361573e+00 -1.504289e-03 
 5.361971e+00  3.684089e-03 
 5.362369e+00  8.798125e-03 
 5.362766e+00  1.351444e-02 
 5.363164e+00  1.732716e-02 
 5.363562e+00  1.987775e-02 
 5.363960e+00  2.090347e-02 
 5.364357e+00  2.030138e-02 
 5.364755e+00  1.824101e-02 
 5.365153e+00  1.493568e-02 
 5.365550e+00  1.073729e-02 
 5.365948e+00  5.955314e-03 
 5.366346e+00  8.582489e-04 
 5.366743e+00 -4.259419e-03 
 5.367141e+00 -8.979923e-03 
 5.367539e+00 -1.302687e-02 
 5.367937e+00 -1.609696e-02 
 5.368334e+00 -1.787706e-02 
 5.368732e+00 -1.811674e-02 
 5.369130e+00 -1.656375e-02 
 5.369527e+00 -1.331909e-02 
 5.369925e+00 -8.540308e-03 
 5.370323e+00 -2.536706e-03 
 5.370720e+00  4.201397e-03 
 5.371118e+00  1.116086e-02 
 5.371516e+00  1.791203e-02 
 5.371913e+00  2.387930e-02 
 5.372311e+00  2.860208e-02 
 5.372709e+00  3.175643e-02 
 5.373107e+00  3.316932e-02 
 5.373504e+00  3.281917e-02 
 5.373902e+00  3.079593e-02 
 5.374300e+00  2.728407e-02 
 5.374697e+00  2.247482e-02 
 5.375095e+00  1.657918e-02 
 5.375493e+00  9.941217e-03 
 5.375890e+00  3.171972e-03 
 5.376288e+00 -3.277995e-03 
 5.376686e+00 -8.930904e-03 
 5.377084e+00 -1.329538e-02 
 5.377481e+00 -1.608816e-02 
 5.377879e+00 -1.696963e-02 
 5.378277e+00 -1.572548e-02 
 5.378674e+00 -1.260385e-02 
 5.379072e+00 -7.945187e-03 
 5.379470e+00 -2.221821e-03 
 5.379867e+00  4.191364e-03 
 5.380265e+00  1.083409e-02 
 5.380663e+00  1.731258e-02 
 5.381060e+00  2.304921e-02 
 5.381458e+00  2.771340e-02 
 5.381856e+00  3.108499e-02 
 5.382254e+00  3.284456e-02 
 5.382651e+00  3.287381e-02 
 5.383049e+00  3.110187e-02 
 5.383447e+00  2.747262e-02 
 5.383844e+00  2.226102e-02 
 5.384242e+00  1.588698e-02 
 5.384640e+00  8.932626e-03 
 5.385037e+00  2.132243e-03 
 5.385435e+00 -3.930749e-03 
 5.385833e+00 -8.798334e-03 
 5.386231e+00 -1.193386e-02 
 5.386628e+00 -1.318441e-02 
 5.387026e+00 -1.249564e-02 
 5.387424e+00 -1.006479e-02 
 5.387821e+00 -6.301500e-03 
 5.388219e+00 -1.408307e-03 
 5.388617e+00  4.207978e-03 
 5.389014e+00  1.023016e-02 
 5.389412e+00  1.638152e-02 
 5.389810e+00  2.208615e-02 
 5.390207e+00  2.696400e-02 
 5.390605e+00  3.066592e-02 
 5.391003e+00  3.298391e-02 
 5.391401e+00  3.359221e-02 
 5.391798e+00  3.235935e-02 
 5.392196e+00  2.929101e-02 
 5.392594e+00  2.461245e-02 
 5.392991e+00  1.861931e-02 
 5.393389e+00  1.178687e-02 
 5.393787e+00  4.632211e-03 
 5.394184e+00 -2.487160e-03 
 5.394582e+00 -8.910228e-03 
 5.394980e+00 -1.419813e-02 
 5.395378e+00 -1.789224e-02 
 5.395775e+00 -1.960794e-02 
 5.396173e+00 -1.934855e-02 
 5.396571e+00 -1.712304e-02 
 5.396968e+00 -1.315319e-02 
 5.397366e+00 -7.719858e-03 
 5.397764e+00 -1.166130e-03 
 5.398161e+00  6.166234e-03 
 5.398559e+00  1.363693e-02 
 5.398957e+00  2.066012e-02 
 5.399354e+00  2.675278e-02 
 5.399752e+00  3.135984e-02 
 5.400150e+00  3.412797e-02 
 5.400548e+00  3.478388e-02 
 5.400945e+00  3.326324e-02 
 5.401343e+00  2.976306e-02 
 5.401741e+00  2.470753e-02 
 5.402138e+00  1.864909e-02 
 5.402536e+00  1.206999e-02 
 5.402934e+00  5.563293e-03 
 5.403331e+00 -4.582982e-04 
 5.403729e+00 -5.562543e-03 
 5.404127e+00 -9.404526e-03 
 5.404525e+00 -1.174010e-02 
 5.404922e+00 -1.227647e-02 
 5.405320e+00 -1.104404e-02 
 5.405718e+00 -8.134008e-03 
 5.406115e+00 -3.815504e-03 
 5.406513e+00  1.558213e-03 
 5.406911e+00  7.577988e-03 
 5.407308e+00  1.382138e-02 
 5.407706e+00  1.973133e-02 
 5.408104e+00  2.485533e-02 
 5.408501e+00  2.883219e-02 
 5.408899e+00  3.139418e-02 
 5.409297e+00  3.228336e-02 
 5.409695e+00  3.145657e-02 
 5.410092e+00  2.889113e-02 
 5.410490e+00  2.481352e-02 
 5.410888e+00  1.960529e-02 
 5.411285e+00  1.361282e-02 
 5.411683e+00  7.274952e-03 
 5.412081e+00  1.013288e-03 
 5.412478e+00 -4.813068e-03 
 5.412876e+00 -9.769707e-03 
 5.413274e+00 -1.347635e-02 
 5.413672e+00 -1.570664e-02 
 5.414069e+00 -1.624874e-02 
 5.414467e+00 -1.511770e-02 
 5.414865e+00 -1.254468e-02 
 5.415262e+00 -8.828138e-03 
 5.415660e+00 -4.273334e-03 
 5.416058e+00  6.704975e-04 
 5.416455e+00  5.735764e-03 
 5.416853e+00  1.069413e-02 
 5.417251e+00  1.531831e-02 
 5.417648e+00  1.928026e-02 
 5.418046e+00  2.230013e-02 
 5.418444e+00  2.407985e-02 
 5.418842e+00  2.443009e-02 
 5.419239e+00  2.331471e-02 
 5.419637e+00  2.086662e-02 
 5.420035e+00  1.731146e-02 
 5.420432e+00  1.295592e-02 
 5.420830e+00  8.140937e-03 
 5.421228e+00  3.240541e-03 
 5.421625e+00 -1.338334e-03 
 5.422023e+00 -5.381865e-03 
 5.422421e+00 -8.456640e-03 
 5.422819e+00 -1.045451e-02 
 5.423216e+00 -1.131565e-02 
 5.423614e+00 -1.088853e-02 
 5.424012e+00 -9.314953e-03 
 5.424409e+00 -6.708143e-03 
 5.424807e+00 -3.402631e-03 
 5.425205e+00  2.821008e-04 
 5.425602e+00  4.180918e-03 
 5.426000e+00  8.153458e-03 
 5.426398e+00  1.201183e-02 
 5.426795e+00  1.554174e-02 
 5.427193e+00  1.859050e-02 
 5.427591e+00  2.087731e-02 
 5.427989e+00  2.222093e-02 
 5.428386e+00  2.256785e-02 
 5.428784e+00  2.189260e-02 
 5.429182e+00  2.024407e-02 
 5.429579e+00  1.801268e-02 
 5.429977e+00  1.552797e-02 
 5.430375e+00  1.303977e-02 
 5.430772e+00  1.085307e-02 
 5.431170e+00  8.951426e-03 
 5.431568e+00  7.385845e-03 
 5.431966e+00  6.213918e-03 
 5.432363e+00  5.370240e-03 
 5.432761e+00  4.866990e-03 
 5.433159e+00  4.704498e-03 
 5.433556e+00  4.889865e-03 
 5.433954e+00  5.366354e-03 
 5.434352e+00  6.135823e-03 
 5.434749e+00  7.026855e-03 
 5.435147e+00  7.998381e-03 
 5.435545e+00  8.879124e-03 
 5.435942e+00  9.570011e-03 
 5.436340e+00  1.005750e-02 
 5.436738e+00  1.025832e-02 
 5.437136e+00  1.029382e-02 
 5.437533e+00  1.023292e-02 
 5.437931e+00  1.013324e-02 
 5.438329e+00  1.009472e-02 
 5.438726e+00  1.005456e-02 
 5.439124e+00  9.949928e-03 
 5.439522e+00  9.549000e-03 
 5.439919e+00  8.790079e-03 
 5.440317e+00  7.445272e-03 
 5.440715e+00  5.641074e-03 
 5.441113e+00  3.564811e-03 
 5.441510e+00  1.270851e-03 
 5.441908e+00 -1.060407e-03 
 5.442306e+00 -3.275137e-03 
 5.442703e+00 -5.327701e-03 
 5.443101e+00 -7.092259e-03 
 5.443499e+00 -8.551992e-03 
 5.443896e+00 -9.734273e-03 
 5.444294e+00 -1.059630e-02 
 5.444692e+00 -1.099643e-02 
 5.445089e+00 -1.094424e-02 
 5.445487e+00 -1.060669e-02 
 5.445885e+00 -9.737846e-03 
 5.446283e+00 -8.300360e-03 
 5.446680e+00 -6.390808e-03 
 5.447078e+00 -3.821740e-03 
 5.447476e+00 -7.841164e-04 
 5.447873e+00  2.468303e-03 
 5.448271e+00  5.680258e-03 
 5.448669e+00  8.462637e-03 
 5.449066e+00  1.059715e-02 
 5.449464e+00  1.194933e-02 
 5.449862e+00  1.245621e-02 
 5.450260e+00  1.214971e-02 
 5.450657e+00  1.110666e-02 
 5.451055e+00  9.421752e-03 
 5.451453e+00  7.039288e-03 
 5.451850e+00  4.057402e-03 
 5.452248e+00  5.972430e-04 
 5.452646e+00 -3.170620e-03 
 5.453043e+00 -7.015160e-03 
 5.453441e+00 -1.054473e-02 
 5.453839e+00 -1.345380e-02 
 5.454236e+00 -1.545603e-02 
 5.454634e+00 -1.638833e-02 
 5.455032e+00 -1.611819e-02 
 5.455430e+00 -1.457689e-02 
 5.455827e+00 -1.193441e-02 
 5.456225e+00 -8.319292e-03 
 5.456623e+00 -4.041877e-03 
 5.457020e+00  6.276226e-04 
 5.457418e+00  5.389660e-03 
 5.457816e+00  9.903258e-03 
 5.458213e+00  1.386940e-02 
 5.458611e+00  1.718223e-02 
 5.459009e+00  1.948523e-02 
 5.459407e+00  2.066343e-02 
 5.459804e+00  2.057400e-02 
 5.460202e+00  1.898507e-02 
 5.460600e+00  1.574493e-02 
 5.460997e+00  1.102929e-02 
 5.461395e+00  5.181592e-03 
 5.461793e+00 -1.334467e-03 
 5.462190e+00 -7.776353e-03 
 5.462588e+00 -1.358455e-02 
 5.462986e+00 -1.829976e-02 
 5.463383e+00 -2.153758e-02 
 5.463781e+00 -2.317687e-02 
 5.464179e+00 -2.329944e-02 
 5.464577e+00 -2.191954e-02 
 5.464974e+00 -1.906549e-02 
 5.465372e+00 -1.478892e-02 
 5.465770e+00 -9.287353e-03 
 5.466167e+00 -2.937191e-03 
 5.466565e+00  3.718658e-03 
 5.466963e+00  1.021627e-02 
 5.467360e+00  1.590785e-02 
 5.467758e+00  2.034424e-02 
 5.468156e+00  2.331239e-02 
 5.468554e+00  2.456428e-02 
 5.468951e+00  2.395656e-02 
 5.469349e+00  2.156261e-02 
 5.469747e+00  1.756951e-02 
 5.470144e+00  1.212970e-02 
 5.470542e+00  5.623178e-03 
 5.470940e+00 -1.393477e-03 
 5.471337e+00 -8.367045e-03 
 5.471735e+00 -1.468412e-02 
 5.472133e+00 -1.986047e-02 
 5.472530e+00 -2.354489e-02 
 5.472928e+00 -2.546080e-02 
 5.473326e+00 -2.546669e-02 
 5.473724e+00 -2.358227e-02 
 5.474121e+00 -1.976993e-02 
 5.474519e+00 -1.431542e-02 
 5.474917e+00 -7.444228e-03 
 5.475314e+00  3.680136e-04 
 5.475712e+00  8.680053e-03 
 5.476110e+00  1.675807e-02 
 5.476507e+00  2.389014e-02 
 5.476905e+00  2.943916e-02 
 5.477303e+00  3.317460e-02 
 5.477701e+00  3.492274e-02 
 5.478098e+00  3.456613e-02 
 5.478496e+00  3.241839e-02 
 5.478894e+00  2.854994e-02 
 5.479291e+00  2.318975e-02 
 5.479689e+00  1.677455e-02 
 5.480087e+00  9.742233e-03 
 5.480484e+00  2.641369e-03 
 5.480882e+00 -3.923936e-03 
 5.481280e+00 -9.292217e-03 
 5.481677e+00 -1.298598e-02 
 5.482075e+00 -1.446018e-02 
 5.482473e+00 -1.377691e-02 
 5.482871e+00 -1.102071e-02 
 5.483268e+00 -6.420855e-03 
 5.483666e+00 -3.325267e-04 
 5.484064e+00  6.703810e-03 
 5.484461e+00  1.422676e-02 
 5.484859e+00  2.159417e-02 
 5.485257e+00  2.813932e-02 
 5.485654e+00  3.343932e-02 
 5.486052e+00  3.717838e-02 
 5.486450e+00  3.912604e-02 
 5.486847e+00  3.923328e-02 
 5.487245e+00  3.754704e-02 
 5.487643e+00  3.411662e-02 
 5.488041e+00  2.901229e-02 
 5.488438e+00  2.263521e-02 
 5.488836e+00  1.531436e-02 
 5.489234e+00  7.644934e-03 
 5.489631e+00  1.853645e-04 
 5.490029e+00 -6.266260e-03 
 5.490427e+00 -1.113113e-02 
 5.490824e+00 -1.409935e-02 
 5.491222e+00 -1.507822e-02 
 5.491620e+00 -1.412942e-02 
 5.492018e+00 -1.139888e-02 
 5.492415e+00 -7.047426e-03 
 5.492813e+00 -1.383222e-03 
 5.493211e+00  5.319273e-03 
 5.493608e+00  1.258074e-02 
 5.494006e+00  1.981205e-02 
 5.494404e+00  2.643699e-02 
 5.494801e+00  3.194719e-02 
 5.495199e+00  3.586864e-02 
 5.495597e+00  3.785113e-02 
 5.495994e+00  3.783008e-02 
 5.496392e+00  3.598289e-02 
 5.496790e+00  3.232255e-02 
 5.497188e+00  2.725308e-02 
 5.497585e+00  2.110666e-02 
 5.497983e+00  1.431639e-02 
 5.498381e+00  7.399231e-03 
 5.498778e+00  8.970324e-04 
 5.499176e+00 -4.685392e-03 
 5.499574e+00 -8.971439e-03 
 5.499971e+00 -1.160893e-02 
 5.500369e+00 -1.277100e-02 
 5.500767e+00 -1.239111e-02 
 5.501165e+00 -1.050873e-02 
 5.501562e+00 -7.350918e-03 
 5.501960e+00 -2.838375e-03 
 5.502358e+00  2.903887e-03 
 5.502755e+00  9.392355e-03 
 5.503153e+00  1.616418e-02 
 5.503551e+00  2.247522e-02 
 5.503948e+00  2.766601e-02 
 5.504346e+00  3.124933e-02 
 5.504744e+00  3.281518e-02 
 5.505141e+00  3.235399e-02 
 5.505539e+00  3.003474e-02 
 5.505937e+00  2.604742e-02 
 5.506335e+00  2.089973e-02 
 5.506732e+00  1.515429e-02 
 5.507130e+00  9.193782e-03 
 5.507528e+00  3.538125e-03 
 5.507925e+00 -1.412601e-03 
 5.508323e+00 -5.293453e-03 
 5.508721e+00 -7.877232e-03 
 5.509118e+00 -9.096816e-03 
 5.509516e+00 -8.901481e-03 
 5.509914e+00 -7.367457e-03 
 5.510312e+00 -4.533355e-03 
 5.510709e+00 -4.994429e-04 
 5.511107e+00  4.617171e-03 
 5.511505e+00  1.037675e-02 
 5.511902e+00  1.626175e-02 
 5.512300e+00  2.180261e-02 
 5.512698e+00  2.642848e-02 
 5.513095e+00  2.975215e-02 
 5.513493e+00  3.156795e-02 
 5.513891e+00  3.200735e-02 
 5.514288e+00  3.112814e-02 
 5.514686e+00  2.907433e-02 
 5.515084e+00  2.598156e-02 
 5.515482e+00  2.207632e-02 
 5.515879e+00  1.749970e-02 
 5.516277e+00  1.249066e-02 
 5.516675e+00  7.209091e-03 
 5.517072e+00  2.190513e-03 
 5.517470e+00 -2.112653e-03 
 5.517868e+00 -5.477110e-03 
 5.518265e+00 -7.668620e-03 
 5.518663e+00 -8.640530e-03 
 5.519061e+00 -8.338139e-03 
 5.519459e+00 -6.797301e-03 
 5.519856e+00 -4.132038e-03 
 5.520254e+00 -6.268417e-04 
 5.520652e+00  3.405946e-03 
 5.521049e+00  7.606663e-03 
 5.521447e+00  1.165596e-02 
 5.521845e+00  1.520868e-02 
 5.522242e+00  1.791091e-02 
 5.522640e+00  1.950304e-02 
 5.523038e+00  2.004868e-02 
 5.523435e+00  1.971402e-02 
 5.523833e+00  1.846165e-02 
 5.524231e+00  1.663149e-02 
 5.524629e+00  1.434765e-02 
 5.525026e+00  1.160479e-02 
 5.525424e+00  8.665236e-03 
 5.525822e+00  5.625569e-03 
 5.526219e+00  2.801618e-03 
 5.526617e+00  3.257563e-04 
 5.527015e+00 -1.579487e-03 
 5.527412e+00 -2.722665e-03 
 5.527810e+00 -3.103240e-03 
 5.528208e+00 -2.773720e-03 
 5.528606e+00 -2.011695e-03 
 5.529003e+00 -8.912914e-04 
 5.529401e+00  2.685825e-04 
 5.529799e+00  1.445744e-03 
 5.530196e+00  2.582067e-03 
 5.530594e+00  3.573956e-03 
 5.530992e+00  4.451816e-03 
 5.531389e+00  5.114542e-03 
 5.531787e+00  5.588413e-03 
 5.532185e+00  5.845697e-03 
 5.532582e+00  5.818126e-03 
 5.532980e+00  5.564237e-03 
 5.533378e+00  5.213218e-03 
 5.533776e+00  4.781917e-03 
 5.534173e+00  4.345387e-03 
 5.534571e+00  3.978378e-03 
 5.534969e+00  3.706069e-03 
 5.535366e+00  3.524152e-03 
 5.535764e+00  3.537982e-03 
 5.536162e+00  3.673323e-03 
 5.536559e+00  3.803458e-03 
 5.536957e+00  3.797463e-03 
 5.537355e+00  3.564813e-03 
 5.537753e+00  3.159323e-03 
 5.538150e+00  2.526016e-03 
 5.538548e+00  1.773063e-03 
 5.538946e+00  9.113138e-04 
 5.539343e+00  3.399097e-05 
 5.539741e+00 -7.161423e-04 
 5.540139e+00 -1.482695e-03 
 5.540536e+00 -2.193329e-03 
 5.540934e+00 -2.823387e-03 
 5.541332e+00 -3.214036e-03 
 5.541729e+00 -3.253492e-03 
 5.542127e+00 -2.844500e-03 
 5.542525e+00 -1.981085e-03 
 5.542923e+00 -6.956932e-04 
 5.543320e+00  9.026516e-04 
 5.543718e+00  2.606020e-03 
 5.544116e+00  4.172302e-03 
 5.544513e+00  5.357548e-03 
 5.544911e+00  5.997027e-03 
 5.545309e+00  5.973717e-03 
 5.545706e+00  5.252704e-03 
 5.546104e+00  3.852782e-03 
 5.546502e+00  1.930338e-03 
 5.546900e+00 -4.231423e-04 
 5.547297e+00 -3.183794e-03 
 5.547695e+00 -6.166782e-03 
 5.548093e+00 -9.182651e-03 
 5.548490e+00 -1.215479e-02 
 5.548888e+00 -1.498806e-02 
 5.549286e+00 -1.755920e-02 
 5.549683e+00 -1.955548e-02 
 5.550081e+00 -2.082711e-02 
 5.550479e+00 -2.103700e-02 
 5.550876e+00 -1.999630e-02 
 5.551274e+00 -1.756161e-02 
 5.551672e+00 -1.391729e-02 
 5.552070e+00 -9.155407e-03 
 5.552467e+00 -3.701139e-03 
 5.552865e+00  1.873570e-03 
 5.553263e+00  7.313482e-03 
 5.553660e+00  1.207356e-02 
 5.554058e+00  1.593657e-02 
 5.554456e+00  1.863679e-02 
 5.554853e+00  1.996825e-02 
 5.555251e+00  1.991404e-02 
 5.555649e+00  1.841261e-02 
 5.556047e+00  1.558085e-02 
 5.556444e+00  1.162418e-02 
 5.556842e+00  6.882031e-03 
 5.557240e+00  1.623189e-03 
 5.557637e+00 -3.876248e-03 
 5.558035e+00 -9.161698e-03 
 5.558433e+00 -1.395751e-02 
 5.558830e+00 -1.761370e-02 
 5.559228e+00 -1.967792e-02 
 5.559626e+00 -1.983920e-02 
 5.560023e+00 -1.809519e-02 
 5.560421e+00 -1.481467e-02 
 5.560819e+00 -1.028924e-02 
 5.561217e+00 -5.134190e-03 
 5.561614e+00  3.831601e-04 
 5.562012e+00  5.889032e-03 
 5.562410e+00  1.103724e-02 
 5.562807e+00  1.568880e-02 
 5.563205e+00  1.971067e-02 
 5.563603e+00  2.264167e-02 
 5.564000e+00  2.407116e-02 
 5.564398e+00  2.377640e-02 
 5.564796e+00  2.157687e-02 
 5.565194e+00  1.781086e-02 
 5.565591e+00  1.287251e-02 
 5.565989e+00  7.092306e-03 
 5.566387e+00  1.084317e-03 
 5.566784e+00 -4.780513e-03 
 5.567182e+00 -1.003347e-02 
 5.567580e+00 -1.424415e-02 
 5.567977e+00 -1.717024e-02 
 5.568375e+00 -1.854297e-02 
 5.568773e+00 -1.823165e-02 
 5.569170e+00 -1.611857e-02 
 5.569568e+00 -1.231982e-02 
 5.569966e+00 -7.076269e-03 
 5.570364e+00 -6.371527e-04 
 5.570761e+00  6.496100e-03 
 5.571159e+00  1.398285e-02 
 5.571557e+00  2.131957e-02 
 5.571954e+00  2.801398e-02 
 5.572352e+00  3.340987e-02 
 5.572750e+00  3.696647e-02 
 5.573147e+00  3.837707e-02 
 5.573545e+00  3.733545e-02 
 5.573943e+00  3.385791e-02 
 5.574341e+00  2.832761e-02 
 5.574738e+00  2.125289e-02 
 5.575136e+00  1.330292e-02 
 5.575534e+00  5.292253e-03 
 5.575931e+00 -2.165442e-03 
 5.576329e+00 -8.611829e-03 
 5.576727e+00 -1.363222e-02 
 5.577124e+00 -1.700324e-02 
 5.577522e+00 -1.837860e-02 
 5.577920e+00 -1.760722e-02 
 5.578317e+00 -1.473016e-02 
 5.578715e+00 -9.798080e-03 
 5.579113e+00 -3.157836e-03 
 5.579511e+00  4.744838e-03 
 5.579908e+00  1.316803e-02 
 5.580306e+00  2.140220e-02 
 5.580704e+00  2.866992e-02 
 5.581101e+00  3.435028e-02 
 5.581499e+00  3.806027e-02 
 5.581897e+00  3.961467e-02 
 5.582294e+00  3.887274e-02 
 5.582692e+00  3.597548e-02 
 5.583090e+00  3.121146e-02 
 5.583488e+00  2.503854e-02 
 5.583885e+00  1.800728e-02 
 5.584283e+00  1.059236e-02 
 5.584681e+00  3.275029e-03 
 5.585078e+00 -3.511517e-03 
 5.585476e+00 -9.218194e-03 
 5.585874e+00 -1.342141e-02 
 5.586271e+00 -1.594766e-02 
 5.586669e+00 -1.632789e-02 
 5.587067e+00 -1.457069e-02 
 5.587464e+00 -1.060504e-02 
 5.587862e+00 -4.754177e-03 
 5.588260e+00  2.425194e-03 
 5.588658e+00  1.026875e-02 
 5.589055e+00  1.809253e-02 
 5.589453e+00  2.503567e-02 
 5.589851e+00  3.081844e-02 
 5.590248e+00  3.486230e-02 
 5.590646e+00  3.713749e-02 
 5.591044e+00  3.756790e-02 
 5.591441e+00  3.599020e-02 
 5.591839e+00  3.260220e-02 
 5.592237e+00  2.748792e-02 
 5.592635e+00  2.102413e-02 
 5.593032e+00  1.353772e-02 
 5.593430e+00  5.654117e-03 
 5.593828e+00 -2.080067e-03 
 5.594225e+00 -8.954445e-03 
 5.594623e+00 -1.451121e-02 
 5.595021e+00 -1.827128e-02 
 5.595418e+00 -1.997850e-02 
 5.595816e+00 -1.973597e-02 
 5.596214e+00 -1.752403e-02 
 5.596611e+00 -1.346106e-02 
 5.597009e+00 -7.792725e-03 
 5.597407e+00 -9.735464e-04 
 5.597805e+00  6.587823e-03 
 5.598202e+00  1.442473e-02 
 5.598600e+00  2.184841e-02 
 5.598998e+00  2.845551e-02 
 5.599395e+00  3.356281e-02 
 5.599793e+00  3.686261e-02 
 5.600191e+00  3.801766e-02 
 5.600588e+00  3.693133e-02 
 5.600986e+00  3.366306e-02 
 5.601384e+00  2.843190e-02 
 5.601782e+00  2.162766e-02 
 5.602179e+00  1.399450e-02 
 5.602577e+00  6.256937e-03 
 5.602975e+00 -1.045970e-03 
 5.603372e+00 -7.348135e-03 
 5.603770e+00 -1.223810e-02 
 5.604168e+00 -1.538943e-02 
 5.604565e+00 -1.671043e-02 
 5.604963e+00 -1.611746e-02 
 5.605361e+00 -1.377799e-02 
 5.605758e+00 -9.910335e-03 
 5.606156e+00 -4.864552e-03 
 5.606554e+00  9.535092e-04 
 5.606952e+00  7.068231e-03 
 5.607349e+00  1.303131e-02 
 5.607747e+00  1.842931e-02 
 5.608145e+00  2.282794e-02 
 5.608542e+00  2.590811e-02 
 5.608940e+00  2.751979e-02 
 5.609338e+00  2.751074e-02 
 5.609735e+00  2.587660e-02 
 5.610133e+00  2.284376e-02 
 5.610531e+00  1.877743e-02 
 5.610929e+00  1.413815e-02 
 5.611326e+00  9.364413e-03 
 5.611724e+00  4.703595e-03 
 5.612122e+00  4.201388e-04 
 5.612519e+00 -3.302872e-03 
 5.612917e+00 -6.244605e-03 
 5.613315e+00 -8.163890e-03 
 5.613712e+00 -9.041774e-03 
 5.614110e+00 -8.578713e-03 
 5.614508e+00 -6.817039e-03 
 5.614905e+00 -3.820400e-03 
 5.615303e+00  1.787067e-04 
 5.615701e+00  4.816120e-03 
 5.616099e+00  9.659521e-03 
 5.616496e+00  1.424142e-02 
 5.616894e+00  1.828027e-02 
 5.617292e+00  2.141346e-02 
 5.617689e+00  2.351334e-02 
 5.618087e+00  2.451271e-02 
 5.618485e+00  2.443881e-02 
 5.618882e+00  2.341978e-02 
 5.619280e+00  2.144359e-02 
 5.619678e+00  1.864851e-02 
 5.620076e+00  1.532500e-02 
 5.620473e+00  1.158907e-02 
 5.620871e+00  7.537557e-03 
 5.621269e+00  3.504532e-03 
 5.621666e+00 -1.338533e-04 
 5.622064e+00 -3.113300e-03 
 5.622462e+00 -5.130461e-03 
 5.622859e+00 -6.146721e-03 
 5.623257e+00 -6.128117e-03 
 5.623655e+00 -5.314587e-03 
 5.624052e+00 -3.818173e-03 
 5.624450e+00 -1.903345e-03 
 5.624848e+00  2.299335e-04 
 5.625246e+00  2.257263e-03 
 5.625643e+00  4.178348e-03 
 5.626041e+00  5.970023e-03 
 5.626439e+00  7.477473e-03 
 5.626836e+00  8.669781e-03 
 5.627234e+00  9.474667e-03 
 5.627632e+00  9.879195e-03 
 5.628029e+00  1.002953e-02 
 5.628427e+00  9.859825e-03 
 5.628825e+00  9.325715e-03 
 5.629223e+00  8.540851e-03 
 5.629620e+00  7.574975e-03 
 5.630018e+00  6.507402e-03 
 5.630416e+00  5.529356e-03 
 5.630813e+00  4.735730e-03 
 5.631211e+00  4.370438e-03 
 5.631609e+00  4.431075e-03 
 5.632006e+00  4.727112e-03 
 5.632404e+00  5.220001e-03 
 5.632802e+00  5.667488e-03 
 5.633199e+00  5.914433e-03 
 5.633597e+00  5.932231e-03 
 5.633995e+00  5.601180e-03 
 5.634393e+00  4.985556e-03 
 5.634790e+00  4.118409e-03 
 5.635188e+00  3.057362e-03 
 5.635586e+00  1.863658e-03 
 5.635983e+00  7.022759e-04 
 5.636381e+00 -2.212311e-04 
 5.636779e+00 -6.663886e-04 
 5.637176e+00 -7.319394e-04 
 5.637574e+00 -1.493996e-04 
 5.637972e+00  8.055661e-04 
 5.638370e+00  2.089758e-03 
 5.638767e+00  3.569770e-03 
 5.639165e+00  5.074733e-03 
 5.639563e+00  6.616902e-03 
 5.639960e+00  8.064743e-03 
 5.640358e+00  9.370045e-03 
 5.640756e+00  1.028610e-02 
 5.641153e+00  1.062604e-02 
 5.641551e+00  1.013595e-02 
 5.641949e+00  8.820241e-03 
 5.642346e+00  6.903535e-03 
 5.642744e+00  4.374065e-03 
 5.643142e+00  1.447643e-03 
 5.643540e+00 -1.589587e-03 
 5.643937e+00 -4.491176e-03 
 5.644335e+00 -7.277777e-03 
 5.644733e+00 -9.654245e-03 
 5.645130e+00 -1.148354e-02 
 5.645528e+00 -1.257230e-02 
 5.645926e+00 -1.261603e-02 
 5.646323e+00 -1.137558e-02 
 5.646721e+00 -8.794176e-03 
 5.647119e+00 -5.050362e-03 
 5.647517e+00 -6.086062e-04 
 5.647914e+00  4.217562e-03 
 5.648312e+00  8.996590e-03 
 5.648710e+00  1.327991e-02 
 5.649107e+00  1.689892e-02 
 5.649505e+00  1.958655e-02 
 5.649903e+00  2.118824e-02 
 5.650300e+00  2.151927e-02 
 5.650698e+00  2.027168e-02 
 5.651096e+00  1.741484e-02 
 5.651493e+00  1.303289e-02 
 5.651891e+00  7.295434e-03 
 5.652289e+00  8.053100e-04 
 5.652687e+00 -5.892978e-03 
 5.653084e+00 -1.224357e-02 
 5.653482e+00 -1.765116e-02 
 5.653880e+00 -2.187263e-02 
 5.654277e+00 -2.454622e-02 
 5.654675e+00 -2.555125e-02 
 5.655073e+00 -2.470203e-02 
 5.655470e+00 -2.214285e-02 
 5.655868e+00 -1.797898e-02 
 5.656266e+00 -1.245927e-02 
 5.656664e+00 -5.963008e-03 
 5.657061e+00  9.582692e-04 
 5.657459e+00  7.859828e-03 
 5.657857e+00  1.410700e-02 
 5.658254e+00  1.934600e-02 
 5.658652e+00  2.343161e-02 
 5.659050e+00  2.604099e-02 
 5.659447e+00  2.698631e-02 
 5.659845e+00  2.614965e-02 
 5.660243e+00  2.344962e-02 
 5.660640e+00  1.899351e-02 
 5.661038e+00  1.319253e-02 
 5.661436e+00  6.596086e-03 
 5.661834e+00 -3.485506e-04 
 5.662231e+00 -6.934087e-03 
 5.662629e+00 -1.258906e-02 
 5.663027e+00 -1.690195e-02 
 5.663424e+00 -1.952131e-02 
 5.663822e+00 -2.038858e-02 
 5.664220e+00 -1.921360e-02 
 5.664617e+00 -1.603048e-02 
 5.665015e+00 -1.109105e-02 
 5.665413e+00 -4.704612e-03 
 5.665811e+00  2.757935e-03 
 5.666208e+00  1.057613e-02 
 5.666606e+00  1.809319e-02 
 5.667004e+00  2.487038e-02 
 5.667401e+00  3.056446e-02 
 5.667799e+00  3.465131e-02 
 5.668197e+00  3.682098e-02 
 5.668594e+00  3.696277e-02 
 5.668992e+00  3.473820e-02 
 5.669390e+00  3.014196e-02 
 5.669787e+00  2.339795e-02 
 5.670185e+00  1.518464e-02 
 5.670583e+00  6.047242e-03 
 5.670981e+00 -3.271378e-03 
 5.671378e+00 -1.186412e-02 
 5.671776e+00 -1.911893e-02 
 5.672174e+00 -2.451664e-02 
 5.672571e+00 -2.757986e-02 
 5.672969e+00 -2.826141e-02 
 5.673367e+00 -2.651243e-02 
 5.673764e+00 -2.239107e-02 
 5.674162e+00 -1.638932e-02 
 5.674560e+00 -8.843076e-03 
 5.674958e+00 -3.141344e-04 
 5.675355e+00  8.323953e-03 
 5.675753e+00  1.649000e-02 
 5.676151e+00  2.354029e-02 
 5.676548e+00  2.906379e-02 
 5.676946e+00  3.258216e-02 
 5.677344e+00  3.402651e-02 
 5.677741e+00  3.319736e-02 
 5.678139e+00  3.020862e-02 
 5.678537e+00  2.540413e-02 
 5.678934e+00  1.899531e-02 
 5.679332e+00  1.153918e-02 
 5.679730e+00  3.426853e-03 
 5.680128e+00 -4.609789e-03 
 5.680525e+00 -1.197889e-02 
 5.680923e+00 -1.800981e-02 
 5.681321e+00 -2.218551e-02 
 5.681718e+00 -2.435245e-02 
 5.682116e+00 -2.424435e-02 
 5.682514e+00 -2.188522e-02 
 5.682911e+00 -1.757928e-02 
 5.683309e+00 -1.154207e-02 
 5.683707e+00 -4.183225e-03 
 5.684105e+00  3.716826e-03 
 5.684502e+00  1.171566e-02 
 5.684900e+00  1.915540e-02 
 5.685298e+00  2.546349e-02 
 5.685695e+00  3.011027e-02 
 5.686093e+00  3.303687e-02 
 5.686491e+00  3.405167e-02 
 5.686888e+00  3.305054e-02 
 5.687286e+00  3.029071e-02 
 5.687684e+00  2.601025e-02 
 5.688081e+00  2.063885e-02 
 5.688479e+00  1.438127e-02 
 5.688877e+00  7.713394e-03 
 5.689275e+00  1.094321e-03 
 5.689672e+00 -5.238387e-03 
 5.690070e+00 -1.081620e-02 
 5.690468e+00 -1.508587e-02 
 5.690865e+00 -1.775852e-02 
 5.691263e+00 -1.838081e-02 
 5.691661e+00 -1.702994e-02 
 5.692058e+00 -1.361423e-02 
 5.692456e+00 -8.196282e-03 
 5.692854e+00 -1.348017e-03 
 5.693252e+00  6.218710e-03 
 5.693649e+00  1.415885e-02 
 5.694047e+00  2.158255e-02 
 5.694445e+00  2.796412e-02 
 5.694842e+00  3.286022e-02 
 5.695240e+00  3.587852e-02 
 5.695638e+00  3.683579e-02 
 5.696035e+00  3.566601e-02 
 5.696433e+00  3.247416e-02 
 5.696831e+00  2.743114e-02 
 5.697228e+00  2.101101e-02 
 5.697626e+00  1.363974e-02 
 5.698024e+00  5.895272e-03 
 5.698422e+00 -1.502671e-03 
 5.698819e+00 -7.990989e-03 
 5.699217e+00 -1.296018e-02 
 5.699615e+00 -1.599241e-02 
 5.700012e+00 -1.698891e-02 
 5.700410e+00 -1.590498e-02 
 5.700808e+00 -1.291425e-02 
 5.701205e+00 -8.313408e-03 
 5.701603e+00 -2.534471e-03 
 5.702001e+00  3.830267e-03 
 5.702399e+00  1.040538e-02 
 5.702796e+00  1.667269e-02 
 5.703194e+00  2.196095e-02 
 5.703592e+00  2.605897e-02 
 5.703989e+00  2.865925e-02 
 5.704387e+00  2.972563e-02 
 5.704785e+00  2.934873e-02 
 5.705182e+00  2.754368e-02 
 5.705580e+00  2.445081e-02 
 5.705978e+00  2.029662e-02 
 5.706375e+00  1.544472e-02 
 5.706773e+00  1.031941e-02 
 5.707171e+00  5.440136e-03 
 5.707569e+00  1.089849e-03 
 5.707966e+00 -2.275029e-03 
 5.708364e+00 -4.377134e-03 
 5.708762e+00 -5.270505e-03 
 5.709159e+00 -4.974812e-03 
 5.709557e+00 -3.680636e-03 
 5.709955e+00 -1.289085e-03 
 5.710352e+00  1.948800e-03 
 5.710750e+00  5.782623e-03 
 5.711148e+00  9.972203e-03 
 5.711546e+00  1.408025e-02 
 5.711943e+00  1.773811e-02 
 5.712341e+00  2.069354e-02 
 5.712739e+00  2.293042e-02 
 5.713136e+00  2.413877e-02 
 5.713534e+00  2.437027e-02 
 5.713932e+00  2.371401e-02 
 5.714329e+00  2.223831e-02 
 5.714727e+00  2.017156e-02 
 5.715125e+00  1.749428e-02 
 5.715522e+00  1.450278e-02 
 5.715920e+00  1.161034e-02 
 5.716318e+00  9.077290e-03 
 5.716716e+00  7.065537e-03 
 5.717113e+00  5.805399e-03 
 5.717511e+00  5.175438e-03 
 5.717909e+00  4.926242e-03 
 5.718306e+00  5.059481e-03 
 5.718704e+00  5.508923e-03 
 5.719102e+00  6.383730e-03 
 5.719499e+00  7.763885e-03 
 5.719897e+00  9.554531e-03 
 5.720295e+00  1.169600e-02 
 5.720693e+00  1.386229e-02 
 5.721090e+00  1.575014e-02 
 5.721488e+00  1.719649e-02 
 5.721886e+00  1.796018e-02 
 5.722283e+00  1.797581e-02 
 5.722681e+00  1.745050e-02 
 5.723079e+00  1.642441e-02 
 5.723476e+00  1.519850e-02 
 5.723874e+00  1.378137e-02 
 5.724272e+00  1.222703e-02 
 5.724669e+00  1.070448e-02 
 5.725067e+00  9.342510e-03 
 5.725465e+00  8.192849e-03 
 5.725863e+00  7.327880e-03 
 5.726260e+00  6.869923e-03 
 5.726658e+00  6.708376e-03 
 5.727056e+00  6.926235e-03 
 5.727453e+00  7.230467e-03 
 5.727851e+00  7.526775e-03 
 5.728249e+00  7.572031e-03 
 5.728646e+00  7.313721e-03 
 5.729044e+00  6.778457e-03 
 5.729442e+00  5.770086e-03 
 5.729840e+00  4.366235e-03 
 5.730237e+00  2.542686e-03 
 5.730635e+00  4.461475e-04 
 5.731033e+00 -1.783959e-03 
 5.731430e+00 -3.895075e-03 
 5.731828e+00 -5.543886e-03 
 5.732226e+00 -6.545931e-03 
 5.732623e+00 -6.717256e-03 
 5.733021e+00 -6.051802e-03 
 5.733419e+00 -4.672149e-03 
 5.733816e+00 -2.678908e-03 
 5.734214e+00 -5.044896e-04 
 5.734612e+00  1.808534e-03 
 5.735010e+00  4.219278e-03 
 5.735407e+00  6.377151e-03 
 5.735805e+00  8.217101e-03 
 5.736203e+00  9.574683e-03 
 5.736600e+00  1.024272e-02 
 5.736998e+00  1.012100e-02 
 5.737396e+00  9.040179e-03 
 5.737793e+00  7.135715e-03 
 5.738191e+00  4.661235e-03 
 5.738589e+00  1.739360e-03 
 5.738987e+00 -1.435337e-03 
 5.739384e+00 -4.496497e-03 
 5.739782e+00 -7.319478e-03 
 5.740180e+00 -9.672466e-03 
 5.740577e+00 -1.130400e-02 
 5.740975e+00 -1.212777e-02 
 5.741373e+00 -1.185285e-02 
 5.741770e+00 -1.045230e-02 
 5.742168e+00 -8.131916e-03 
 5.742566e+00 -4.819351e-03 
 5.742963e+00 -8.416192e-04 
 5.743361e+00  3.528588e-03 
 5.743759e+00  8.060038e-03 
 5.744157e+00  1.242932e-02 
 5.744554e+00  1.631204e-02 
 5.744952e+00  1.940830e-02 
 5.745350e+00  2.136403e-02 
 5.745747e+00  2.179997e-02 
 5.746145e+00  2.044441e-02 
 5.746543e+00  1.734866e-02 
 5.746940e+00  1.274401e-02 
 5.747338e+00  7.097781e-03 
 5.747736e+00  8.858266e-04 
 5.748134e+00 -5.340330e-03 
 5.748531e+00 -1.113598e-02 
 5.748929e+00 -1.622833e-02 
 5.749327e+00 -2.031149e-02 
 5.749724e+00 -2.314182e-02 
 5.750122e+00 -2.452332e-02 
 5.750520e+00 -2.416405e-02 
 5.750917e+00 -2.205194e-02 
 5.751315e+00 -1.822825e-02 
 5.751713e+00 -1.290569e-02 
 5.752110e+00 -6.547825e-03 
 5.752508e+00  3.574475e-04 
 5.752906e+00  7.304218e-03 
 5.753304e+00  1.357354e-02 
 5.753701e+00  1.890917e-02 
 5.754099e+00  2.285036e-02 
 5.754497e+00  2.505287e-02 
 5.754894e+00  2.524145e-02 
 5.755292e+00  2.328514e-02 
 5.755690e+00  1.937370e-02 
 5.756087e+00  1.389298e-02 
 5.756485e+00  7.226510e-03 
 5.756883e+00  1.659282e-04 
 5.757281e+00 -7.025103e-03 
 5.757678e+00 -1.393280e-02 
 5.758076e+00 -1.999425e-02 
 5.758474e+00 -2.491621e-02 
 5.758871e+00 -2.827937e-02 
 5.759269e+00 -2.976278e-02 
 5.759667e+00 -2.918583e-02 
 5.760064e+00 -2.642599e-02 
 5.760462e+00 -2.156257e-02 
 5.760860e+00 -1.507604e-02 
 5.761257e+00 -7.428370e-03 
 5.761655e+00  9.189806e-04 
 5.762053e+00  9.292569e-03 
 5.762451e+00  1.706505e-02 
 5.762848e+00  2.374106e-02 
 5.763246e+00  2.871892e-02 
 5.763644e+00  3.153439e-02 
 5.764041e+00  3.196055e-02 
 5.764439e+00  2.988431e-02 
 5.764837e+00  2.560492e-02 
 5.765234e+00  1.953290e-02 
 5.765632e+00  1.212688e-02 
 5.766030e+00  4.079216e-03 
 5.766428e+00 -4.046492e-03 
 5.766825e+00 -1.167301e-02 
 5.767223e+00 -1.824562e-02 
 5.767621e+00 -2.317017e-02 
 5.768018e+00 -2.611044e-02 
 5.768416e+00 -2.672227e-02 
 5.768814e+00 -2.489237e-02 
 5.769211e+00 -2.063158e-02 
 5.769609e+00 -1.430998e-02 
 5.770007e+00 -6.553095e-03 
 5.770404e+00  2.119173e-03 
 5.770802e+00  1.119610e-02 
 5.771200e+00  1.995015e-02 
 5.771598e+00  2.796039e-02 
 5.771995e+00  3.456836e-02 
 5.772393e+00  3.925424e-02 
 5.772791e+00  4.165586e-02 
 5.773188e+00  4.150409e-02 
 5.773586e+00  3.864716e-02 
 5.773984e+00  3.328811e-02 
 5.774381e+00  2.588125e-02 
 5.774779e+00  1.713452e-02 
 5.775177e+00  7.764336e-03 
 5.775575e+00 -1.381245e-03 
 5.775972e+00 -9.623412e-03 
 5.776370e+00 -1.640168e-02 
 5.776768e+00 -2.125036e-02 
 5.777165e+00 -2.405082e-02 
 5.777563e+00 -2.461385e-02 
 5.777961e+00 -2.304203e-02 
 5.778358e+00 -1.950740e-02 
 5.778756e+00 -1.426154e-02 
 5.779154e+00 -7.666717e-03 
 5.779551e+00 -2.629443e-04 
 5.779949e+00  7.411515e-03 
 5.780347e+00  1.478322e-02 
 5.780745e+00  2.138259e-02 
 5.781142e+00  2.664461e-02 
 5.781540e+00  3.025341e-02 
 5.781938e+00  3.202316e-02 
 5.782335e+00  3.171138e-02 
 5.782733e+00  2.945983e-02 
 5.783131e+00  2.531315e-02 
 5.783528e+00  1.975535e-02 
 5.783926e+00  1.342989e-02 
 5.784324e+00  6.689721e-03 
 5.784722e+00  4.954856e-05 
 5.785119e+00 -5.968670e-03 
 5.785517e+00 -1.094938e-02 
 5.785915e+00 -1.465984e-02 
 5.786312e+00 -1.691945e-02 
 5.786710e+00 -1.759198e-02 
 5.787108e+00 -1.645191e-02 
 5.787505e+00 -1.348346e-02 
 5.787903e+00 -8.835476e-03 
 5.788301e+00 -2.714223e-03 
 5.788698e+00  4.386200e-03 
 5.789096e+00  1.192359e-02 
 5.789494e+00  1.940552e-02 
 5.789892e+00  2.616106e-02 
 5.790289e+00  3.158293e-02 
 5.790687e+00  3.526590e-02 
 5.791085e+00  3.694642e-02 
 5.791482e+00  3.648784e-02 
 5.791880e+00  3.395656e-02 
 5.792278e+00  2.949882e-02 
 5.792675e+00  2.362596e-02 
 5.793073e+00  1.708075e-02 
 5.793471e+00  1.030279e-02 
 5.793869e+00  3.913058e-03 
 5.794266e+00 -1.592735e-03 
 5.794664e+00 -5.964438e-03 
 5.795062e+00 -8.780015e-03 
 5.795459e+00 -9.917187e-03 
 5.795857e+00 -9.236091e-03 
 5.796255e+00 -6.854607e-03 
 5.796652e+00 -2.791127e-03 
 5.797050e+00  2.523397e-03 
 5.797448e+00  8.635450e-03 
 5.797845e+00  1.499015e-02 
 5.798243e+00  2.089866e-02 
 5.798641e+00  2.595049e-02 
 5.799039e+00  2.978688e-02 
 5.799436e+00  3.235613e-02 
 5.799834e+00  3.359641e-02 
 5.800232e+00  3.345968e-02 
 5.800629e+00  3.202797e-02 
 5.801027e+00  2.938501e-02 
 5.801425e+00  2.583282e-02 
 5.801822e+00  2.153654e-02 
 5.802220e+00  1.684351e-02 
 5.802618e+00  1.232194e-02 
 5.803016e+00  8.248696e-03 
 5.803413e+00  4.922196e-03 
 5.803811e+00  2.536811e-03 
 5.804209e+00  1.222966e-03 
 5.804606e+00  8.656830e-04 
 5.805004e+00  1.414539e-03 
 5.805402e+00  2.734042e-03 
 5.805799e+00  4.690115e-03 
 5.806197e+00  7.046896e-03 
 5.806595e+00  9.499723e-03 
 5.806992e+00  1.188244e-02 
 5.807390e+00  1.410062e-02 
 5.807788e+00  1.594680e-02 
 5.808186e+00  1.731183e-02 
 5.808583e+00  1.802778e-02 
 5.808981e+00  1.815460e-02 
 5.809379e+00  1.770626e-02 
 5.809776e+00  1.663155e-02 
 5.810174e+00  1.492506e-02 
 5.810572e+00  1.287089e-02 
 5.810969e+00  1.066079e-02 
 5.811367e+00  8.473798e-03 
 5.811765e+00  6.722701e-03 
 5.812163e+00  5.465063e-03 
 5.812560e+00  4.694301e-03 
 5.812958e+00  4.614143e-03 
 5.813356e+00  5.066175e-03 
 5.813753e+00  5.862651e-03 
 5.814151e+00  6.816565e-03 
 5.814549e+00  7.823262e-03 
 5.814946e+00  8.757149e-03 
 5.815344e+00  9.743655e-03 
 5.815742e+00  1.052001e-02 
 5.816139e+00  1.100437e-02 
 5.816537e+00  1.123532e-02 
 5.816935e+00  1.115341e-02 
 5.817333e+00  1.083354e-02 
 5.817730e+00  1.031655e-02 
 5.818128e+00  9.461331e-03 
 5.818526e+00  8.443930e-03 
 5.818923e+00  7.284021e-03 
 5.819321e+00  6.189678e-03 
 5.819719e+00  5.299784e-03 
 5.820116e+00  4.869502e-03 
 5.820514e+00  5.205434e-03 
 5.820912e+00  6.150083e-03 
 5.821310e+00  7.691432e-03 
 5.821707e+00  9.631456e-03 
 5.822105e+00  1.164345e-02 
 5.822503e+00  1.341634e-02 
 5.822900e+00  1.485752e-02 
 5.823298e+00  1.581326e-02 
 5.823696e+00  1.610583e-02 
 5.824093e+00  1.571704e-02 
 5.824491e+00  1.462845e-02 
 5.824889e+00  1.288468e-02 
 5.825286e+00  1.038765e-02 
 5.825684e+00  7.233519e-03 
 5.826082e+00  3.641937e-03 
 5.826480e+00 -9.905272e-05 
 5.826877e+00 -3.487549e-03 
 5.827275e+00 -6.310269e-03 
 5.827673e+00 -8.091780e-03 
 5.828070e+00 -8.671643e-03 
 5.828468e+00 -8.045025e-03 
 5.828866e+00 -6.326806e-03 
 5.829263e+00 -3.715911e-03 
 5.829661e+00 -3.689392e-04 
 5.830059e+00  3.161583e-03 
 5.830457e+00  6.664810e-03 
 5.830854e+00  9.749357e-03 
 5.831252e+00  1.223329e-02 
 5.831650e+00  1.390391e-02 
 5.832047e+00  1.449748e-02 
 5.832445e+00  1.392502e-02 
 5.832843e+00  1.233574e-02 
 5.833240e+00  9.733473e-03 
 5.833638e+00  6.212087e-03 
 5.834036e+00  2.099874e-03 
 5.834433e+00 -2.467905e-03 
 5.834831e+00 -7.424398e-03 
 5.835229e+00 -1.222939e-02 
 5.835627e+00 -1.655210e-02 
 5.836024e+00 -2.019802e-02 
 5.836422e+00 -2.268009e-02 
 5.836820e+00 -2.379190e-02 
 5.837217e+00 -2.344831e-02 
 5.837615e+00 -2.165558e-02 
 5.838013e+00 -1.868560e-02 
 5.838410e+00 -1.469712e-02 
 5.838808e+00 -9.935339e-03 
 5.839206e+00 -4.601482e-03 
 5.839604e+00  9.759817e-04 
 5.840001e+00  6.316779e-03 
 5.840399e+00  1.105675e-02 
 5.840797e+00  1.482354e-02 
 5.841194e+00  1.719981e-02 
 5.841592e+00  1.799811e-02 
 5.841990e+00  1.695471e-02 
 5.842387e+00  1.419704e-02 
 5.842785e+00  9.891968e-03 
 5.843183e+00  4.435024e-03 
 5.843580e+00 -1.742905e-03 
 5.843978e+00 -7.874291e-03 
 5.844376e+00 -1.361279e-02 
 5.844774e+00 -1.843183e-02 
 5.845171e+00 -2.176598e-02 
 5.845569e+00 -2.337872e-02 
 5.845967e+00 -2.323754e-02 
 5.846364e+00 -2.131165e-02 
 5.846762e+00 -1.762675e-02 
 5.847160e+00 -1.256484e-02 
 5.847557e+00 -6.329868e-03 
 5.847955e+00  6.622741e-04 
 5.848353e+00  8.150802e-03 
 5.848751e+00  1.562669e-02 
 5.849148e+00  2.255874e-02 
 5.849546e+00  2.839462e-02 
 5.849944e+00  3.264405e-02 
 5.850341e+00  3.494735e-02 
 5.850739e+00  3.506942e-02 
 5.851137e+00  3.301043e-02 
 5.851534e+00  2.916113e-02 
 5.851932e+00  2.385498e-02 
 5.852330e+00  1.734383e-02 
 5.852727e+00  1.021168e-02 
 5.853125e+00  2.872404e-03 
 5.853523e+00 -4.215332e-03 
 5.853921e+00 -1.048121e-02 
 5.854318e+00 -1.561127e-02 
 5.854716e+00 -1.902751e-02 
 5.855114e+00 -2.030394e-02 
 5.855511e+00 -1.934808e-02 
 5.855909e+00 -1.626248e-02 
 5.856307e+00 -1.127315e-02 
 5.856704e+00 -4.839112e-03 
 5.857102e+00  2.491594e-03 
 5.857500e+00  1.017928e-02 
 5.857898e+00  1.755648e-02 
 5.858295e+00  2.380023e-02 
 5.858693e+00  2.855573e-02 
 5.859091e+00  3.128532e-02 
 5.859488e+00  3.188548e-02 
 5.859886e+00  3.013093e-02 
 5.860284e+00  2.625485e-02 
 5.860681e+00  2.050962e-02 
 5.861079e+00  1.327978e-02 
 5.861477e+00  5.058820e-03 
 5.861874e+00 -3.603778e-03 
 5.862272e+00 -1.214776e-02 
 5.862670e+00 -1.991975e-02 
 5.863068e+00 -2.630297e-02 
 5.863465e+00 -3.071243e-02 
 5.863863e+00 -3.281697e-02 
 5.864261e+00 -3.223009e-02 
 5.864658e+00 -2.896280e-02 
 5.865056e+00 -2.340615e-02 
 5.865454e+00 -1.612696e-02 
 5.865851e+00 -7.628222e-03 
 5.866249e+00  1.399726e-03 
 5.866647e+00  1.032768e-02 
 5.867045e+00  1.844600e-02 
 5.867442e+00  2.531872e-02 
 5.867840e+00  3.052509e-02 
 5.868238e+00  3.352605e-02 
 5.868635e+00  3.439112e-02 
 5.869033e+00  3.296651e-02 
 5.869431e+00  2.949165e-02 
 5.869828e+00  2.413688e-02 
 5.870226e+00  1.751610e-02 
 5.870624e+00  1.011912e-02 
 5.871021e+00  2.398792e-03 
 5.871419e+00 -5.000343e-03 
 5.871817e+00 -1.135481e-02 
 5.872215e+00 -1.611896e-02 
 5.872612e+00 -1.884030e-02 
 5.873010e+00 -1.931946e-02 
 5.873408e+00 -1.759188e-02 
 5.873805e+00 -1.378419e-02 
 5.874203e+00 -8.351167e-03 
 5.874601e+00 -1.971205e-03 
 5.874998e+00  4.980610e-03 
 5.875396e+00  1.198875e-02 
 5.875794e+00  1.858240e-02 
 5.876192e+00  2.440431e-02 
 5.876589e+00  2.903844e-02 
 5.876987e+00  3.214625e-02 
 5.877385e+00  3.356010e-02 
 5.877782e+00  3.294202e-02 
 5.878180e+00  3.040251e-02 
 5.878578e+00  2.614500e-02 
 5.878975e+00  2.060172e-02 
 5.879373e+00  1.422868e-02 
 5.879771e+00  7.614440e-03 
 5.880168e+00  1.111938e-03 
 5.880566e+00 -4.922131e-03 
 5.880964e+00 -1.008416e-02 
 5.881362e+00 -1.400767e-02 
 5.881759e+00 -1.655417e-02 
 5.882157e+00 -1.740132e-02 
 5.882555e+00 -1.653657e-02 
 5.882952e+00 -1.387077e-02 
 5.883350e+00 -9.682492e-03 
 5.883748e+00 -4.352455e-03 
 5.884145e+00  1.745521e-03 
 5.884543e+00  7.995724e-03 
 5.884941e+00  1.393258e-02 
 5.885339e+00  1.912672e-02 
 5.885736e+00  2.303458e-02 
 5.886134e+00  2.535135e-02 
 5.886532e+00  2.589274e-02 
 5.886929e+00  2.458483e-02 
 5.887327e+00  2.142226e-02 
 5.887725e+00  1.688426e-02 
 5.888122e+00  1.134987e-02 
 5.888520e+00  5.565447e-03 
 5.888918e+00 -1.648731e-04 
 5.889315e+00 -5.383024e-03 
 5.889713e+00 -9.716475e-03 
 5.890111e+00 -1.286578e-02 
 5.890509e+00 -1.476583e-02 
 5.890906e+00 -1.510626e-02 
 5.891304e+00 -1.386211e-02 
 5.891702e+00 -1.100522e-02 
 5.892099e+00 -6.787360e-03 
 5.892497e+00 -1.416776e-03 
 5.892895e+00  4.501503e-03 
 5.893292e+00  1.029204e-02 
 5.893690e+00  1.546876e-02 
 5.894088e+00  1.963328e-02 
 5.894486e+00  2.255349e-02 
 5.894883e+00  2.425885e-02 
 5.895281e+00  2.465360e-02 
 5.895679e+00  2.397604e-02 
 5.896076e+00  2.240332e-02 
 5.896474e+00  2.022899e-02 
 5.896872e+00  1.758652e-02 
 5.897269e+00  1.491087e-02 
 5.897667e+00  1.249123e-02 
 5.898065e+00  1.044467e-02 
 5.898462e+00  8.791734e-03 
 5.898860e+00  7.658659e-03 
 5.899258e+00  6.952733e-03 
 5.899656e+00  6.806933e-03 
 5.900053e+00  7.238560e-03 
 5.900451e+00  8.281032e-03 
 5.900849e+00  1.007237e-02 
 5.901246e+00  1.240672e-02 
 5.901644e+00  1.500494e-02 
 5.902042e+00  1.756145e-02 
 5.902439e+00  1.961044e-02 
 5.902837e+00  2.098393e-02 
 5.903235e+00  2.160031e-02 
 5.903633e+00  2.152906e-02 
 5.904030e+00  2.082589e-02 
 5.904428e+00  1.962227e-02 
 5.904826e+00  1.806856e-02 
 5.905223e+00  1.617949e-02 
 5.905621e+00  1.397160e-02 
 5.906019e+00  1.173835e-02 
 5.906416e+00  9.729545e-03 
 5.906814e+00  8.170999e-03 
 5.907212e+00  7.269805e-03 
 5.907609e+00  7.113397e-03 
 5.908007e+00  7.624044e-03 
 5.908405e+00  8.501610e-03 
 5.908803e+00  9.730933e-03 
 5.909200e+00  1.099259e-02 
 5.909598e+00  1.207385e-02 
 5.909996e+00  1.316126e-02 
 5.910393e+00  1.406395e-02 
 5.910791e+00  1.467918e-02 
 5.911189e+00  1.492342e-02 
 5.911586e+00  1.464406e-02 
 5.911984e+00  1.395645e-02 
 5.912382e+00  1.281170e-02 
 5.912780e+00  1.128952e-02 
 5.913177e+00  9.457435e-03 
 5.913575e+00  7.499217e-03 
 5.913973e+00  5.412959e-03 
 5.914370e+00  3.294681e-03 
 5.914768e+00  1.215738e-03 
 5.915166e+00 -6.782517e-04 
 5.915563e+00 -2.019732e-03 
 5.915961e+00 -2.585395e-03 
 5.916359e+00 -2.028711e-03 
 5.916756e+00 -5.982989e-04 
 5.917154e+00  1.468988e-03 
 5.917552e+00  4.082154e-03 
 5.917950e+00  6.920475e-03 
 5.918347e+00  9.755685e-03 
 5.918745e+00  1.222692e-02 
 5.919143e+00  1.402070e-02 
 5.919540e+00  1.510427e-02 
 5.919938e+00  1.526823e-02 
 5.920336e+00  1.435444e-02 
 5.920733e+00  1.218537e-02 
 5.921131e+00  8.982263e-03 
 5.921529e+00  5.053174e-03 
 5.921927e+00  8.225576e-04 
 5.922324e+00 -3.376450e-03 
 5.922722e+00 -7.026780e-03 
 5.923120e+00 -9.867439e-03 
 5.923517e+00 -1.157570e-02 
 5.923915e+00 -1.182033e-02 
 5.924313e+00 -1.054747e-02 
 5.924710e+00 -7.754593e-03 
 5.925108e+00 -3.590561e-03 
 5.925506e+00  1.540282e-03 
 5.925903e+00  7.138657e-03 
 5.926301e+00  1.261356e-02 
 5.926699e+00  1.764350e-02 
 5.927097e+00  2.173496e-02 
 5.927494e+00  2.464863e-02 
 5.927892e+00  2.631562e-02 
 5.928290e+00  2.666673e-02 
 5.928687e+00  2.571917e-02 
 5.929085e+00  2.346481e-02 
 5.929483e+00  1.988178e-02 
 5.929880e+00  1.522905e-02 
 5.930278e+00  9.737067e-03 
 5.930676e+00  3.879076e-03 
 5.931074e+00 -1.659185e-03 
 5.931471e+00 -6.583511e-03 
 5.931869e+00 -1.049981e-02 
 5.932267e+00 -1.296917e-02 
 5.932664e+00 -1.388124e-02 
 5.933062e+00 -1.327447e-02 
 5.933460e+00 -1.131792e-02 
 5.933857e+00 -7.971013e-03 
 5.934255e+00 -3.453790e-03 
 5.934653e+00  1.761518e-03 
 5.935050e+00  7.205739e-03 
 5.935448e+00  1.249643e-02 
 5.935846e+00  1.717422e-02 
 5.936244e+00  2.087597e-02 
 5.936641e+00  2.329475e-02 
 5.937039e+00  2.423093e-02 
 5.937437e+00  2.346734e-02 
 5.937834e+00  2.110475e-02 
 5.938232e+00  1.722504e-02 
 5.938630e+00  1.207876e-02 
 5.939027e+00  6.049259e-03 
 5.939425e+00 -5.812423e-04 
 5.939823e+00 -6.961410e-03 
 5.940221e+00 -1.258222e-02 
 5.940618e+00 -1.705569e-02 
 5.941016e+00 -2.013154e-02 
 5.941414e+00 -2.161826e-02 
 5.941811e+00 -2.142357e-02 
 5.942209e+00 -1.958071e-02 
 5.942607e+00 -1.623645e-02 
 5.943004e+00 -1.159677e-02 
 5.943402e+00 -5.904399e-03 
 5.943800e+00  4.822021e-04 
 5.944197e+00  6.959683e-03 
 5.944595e+00  1.300234e-02 
 5.944993e+00  1.814028e-02 
 5.945391e+00  2.191617e-02 
 5.945788e+00  2.403138e-02 
 5.946186e+00  2.437118e-02 
 5.946584e+00  2.299042e-02 
 5.946981e+00  1.973798e-02 
 5.947379e+00  1.514997e-02 
 5.947777e+00  9.399183e-03 
 5.948174e+00  2.819835e-03 
 5.948572e+00 -3.844348e-03 
 5.948970e+00 -1.013606e-02 
 5.949368e+00 -1.554269e-02 
 5.949765e+00 -1.950868e-02 
 5.950163e+00 -2.161222e-02 
 5.950561e+00 -2.169692e-02 
 5.950958e+00 -1.981980e-02 
 5.951356e+00 -1.607154e-02 
 5.951754e+00 -1.064800e-02 
 5.952151e+00 -3.825695e-03 
 5.952549e+00  3.946584e-03 
 5.952947e+00  1.205222e-02 
 5.953344e+00  1.986130e-02 
 5.953742e+00  2.656249e-02 
 5.954140e+00  3.160788e-02 
 5.954538e+00  3.466773e-02 
 5.954935e+00  3.548197e-02 
 5.955333e+00  3.396061e-02 
 5.955731e+00  3.047500e-02 
 5.956128e+00  2.545843e-02 
 5.956526e+00  1.920241e-02 
 5.956924e+00  1.209586e-02 
 5.957321e+00  4.595180e-03 
 5.957719e+00 -2.507586e-03 
 5.958117e+00 -8.875809e-03 
 5.958515e+00 -1.401565e-02 
 5.958912e+00 -1.752244e-02 
 5.959310e+00 -1.917637e-02 
 5.959708e+00 -1.894736e-02 
 5.960105e+00 -1.679870e-02 
 5.960503e+00 -1.298436e-02 
 5.960901e+00 -8.018435e-03 
 5.961298e+00 -2.183820e-03 
 5.961696e+00  3.992337e-03 
 5.962094e+00  1.014125e-02 
 5.962491e+00  1.578802e-02 
 5.962889e+00  2.008766e-02 
 5.963287e+00  2.286004e-02 
 5.963685e+00  2.375601e-02 
 5.964082e+00  2.286099e-02 
 5.964480e+00  2.002865e-02 
 5.964878e+00  1.540454e-02 
 5.965275e+00  9.517081e-03 
 5.965673e+00  2.619205e-03 
 5.966071e+00 -4.871302e-03 
 5.966468e+00 -1.243717e-02 
 5.966866e+00 -1.948128e-02 
 5.967264e+00 -2.541620e-02 
 5.967662e+00 -2.965345e-02 
 5.968059e+00 -3.187989e-02 
 5.968457e+00 -3.197219e-02 
 5.968855e+00 -3.008052e-02 
 5.969252e+00 -2.640785e-02 
 5.969650e+00 -2.113289e-02 
 5.970048e+00 -1.466166e-02 
 5.970445e+00 -7.483911e-03 
 5.970843e+00 -1.099271e-04 
 5.971241e+00  6.918544e-03 
 5.971638e+00  1.309056e-02 
 5.972036e+00  1.790223e-02 
 5.972434e+00  2.099574e-02 
 5.972832e+00  2.214052e-02 
 5.973229e+00  2.124512e-02 
 5.973627e+00  1.862926e-02 
 5.974025e+00  1.462799e-02 
 5.974422e+00  9.545344e-03 
 5.974820e+00  3.814302e-03 
 5.975218e+00 -2.077222e-03 
 5.975615e+00 -7.517742e-03 
 5.976013e+00 -1.214351e-02 
 5.976411e+00 -1.544036e-02 
 5.976809e+00 -1.708222e-02 
 5.977206e+00 -1.718065e-02 
 5.977604e+00 -1.558672e-02 
 5.978002e+00 -1.230999e-02 
 5.978399e+00 -7.631887e-03 
 5.978797e+00 -2.019166e-03 
 5.979195e+00  4.224294e-03 
 5.979592e+00  1.069833e-02 
 5.979990e+00  1.712436e-02 
 5.980388e+00  2.299850e-02 
 5.980785e+00  2.771220e-02 
 5.981183e+00  3.103537e-02 
 5.981581e+00  3.259501e-02 
 5.981979e+00  3.223491e-02 
 5.982376e+00  3.000590e-02 
 5.982774e+00  2.608785e-02 
 5.983172e+00  2.068977e-02 
 5.983569e+00  1.438496e-02 
 5.983967e+00  7.782547e-03 
 5.984365e+00  1.444213e-03 
 5.984762e+00 -4.183600e-03 
 5.985160e+00 -8.839551e-03 
 5.985558e+00 -1.193456e-02 
 5.985956e+00 -1.322638e-02 
 5.986353e+00 -1.261610e-02 
 5.986751e+00 -1.027907e-02 
 5.987149e+00 -6.594030e-03 
 5.987546e+00 -1.880369e-03 
 5.987944e+00  3.339708e-03 
 5.988342e+00  8.592670e-03 
 5.988739e+00  1.343178e-02 
 5.989137e+00  1.761637e-02 
 5.989535e+00  2.074912e-02 
 5.989932e+00  2.259688e-02 
 5.990330e+00  2.312716e-02 
 5.990728e+00  2.222572e-02 
 5.991126e+00  2.005258e-02 
 5.991523e+00  1.695722e-02 
 5.991921e+00  1.328924e-02 
 5.992319e+00  9.431591e-03 
 5.992716e+00  5.634188e-03 
 5.993114e+00  2.223279e-03 
 5.993512e+00 -6.582269e-04 
 5.993909e+00 -2.686053e-03 
 5.994307e+00 -3.703338e-03 
 5.994705e+00 -3.564496e-03 
 5.995103e+00 -2.348795e-03 
 5.995500e+00 -6.663711e-05 
 5.995898e+00  2.985665e-03 
 5.996296e+00  6.445484e-03 
 5.996693e+00  1.002423e-02 
 5.997091e+00  1.330975e-02 
 5.997489e+00  1.622535e-02 
 5.997886e+00  1.863757e-02 
 5.998284e+00  2.040240e-02 
 5.998682e+00  2.153407e-02 
 5.999079e+00  2.191080e-02 
 5.999477e+00  2.146300e-02 
 5.999875e+00  2.035492e-02 
 6.000273e+00  1.880527e-02 
 6.000670e+00  1.694263e-02 
 6.001068e+00  1.495030e-02 
 6.001466e+00  1.326902e-02 
 6.001863e+00  1.213584e-02 
 6.002261e+00  1.141624e-02 
 6.002659e+00  1.122425e-02 
 6.003056e+00  1.137233e-02 
 6.003454e+00  1.199275e-02 
 6.003852e+00  1.310112e-02 
 6.004250e+00  1.462409e-02 
 6.004647e+00  1.655442e-02 
 6.005045e+00  1.861924e-02 
 6.005443e+00  2.066085e-02 
 6.005840e+00  2.244193e-02 
 6.006238e+00  2.364907e-02 
 6.006636e+00  2.415269e-02 
 6.007033e+00  2.390426e-02 
 6.007431e+00  2.297878e-02 
 6.007829e+00  2.165330e-02 
 6.008226e+00  2.000294e-02 
 6.008624e+00  1.789402e-02 
 6.009022e+00  1.561766e-02 
 6.009420e+00  1.331922e-02 
 6.009817e+00  1.118501e-02 
 6.010215e+00  9.337688e-03 
 6.010613e+00  7.848275e-03 
 6.011010e+00  6.899157e-03 
 6.011408e+00  6.654616e-03 
 6.011806e+00  7.067591e-03 
 6.012203e+00  8.048059e-03 
 6.012601e+00  9.520173e-03 
 6.012999e+00  1.130563e-02 
 6.013397e+00  1.340848e-02 
 6.013794e+00  1.572161e-02 
 6.014192e+00  1.776485e-02 
 6.014590e+00  1.924358e-02 
 6.014987e+00  1.976435e-02 
 6.015385e+00  1.917906e-02 
 6.015783e+00  1.731637e-02 
 6.016180e+00  1.425410e-02 
 6.016578e+00  1.024151e-02 
 6.016976e+00  5.567401e-03 
 6.017373e+00  6.736869e-04 
 6.017771e+00 -3.957989e-03 
 6.018169e+00 -8.035022e-03 
 6.018567e+00 -1.126091e-02 
 6.018964e+00 -1.332798e-02 
 6.019362e+00 -1.388889e-02 
 6.019760e+00 -1.301508e-02 
 6.020157e+00 -1.070415e-02 
 6.020555e+00 -7.238849e-03 
 6.020953e+00 -3.007664e-03 
 6.021350e+00  1.602611e-03 
 6.021748e+00  6.182462e-03 
 6.022146e+00  1.053130e-02 
 6.022544e+00  1.421237e-02 
 6.022941e+00  1.685027e-02 
 6.023339e+00  1.831912e-02 
 6.023737e+00  1.852825e-02 
 6.024134e+00  1.737044e-02 
 6.024532e+00  1.484796e-02 
 6.024930e+00  1.112219e-02 
 6.025327e+00  6.637436e-03 
 6.025725e+00  1.793920e-03 
 6.026123e+00 -3.016483e-03 
 6.026520e+00 -7.469869e-03 
 6.026918e+00 -1.124525e-02 
 6.027316e+00 -1.413714e-02 
 6.027714e+00 -1.582897e-02 
 6.028111e+00 -1.609010e-02 
 6.028509e+00 -1.498856e-02 
 6.028907e+00 -1.239895e-02 
 6.029304e+00 -8.371513e-03 
 6.029702e+00 -3.018055e-03 
 6.030100e+00  3.272735e-03 
 6.030497e+00  9.903011e-03 
 6.030895e+00  1.616768e-02 
 6.031293e+00  2.170612e-02 
 6.031691e+00  2.627763e-02 
 6.032088e+00  2.940882e-02 
 6.032486e+00  3.094142e-02 
 6.032884e+00  3.079880e-02 
 6.033281e+00  2.892398e-02 
 6.033679e+00  2.552193e-02 
 6.034077e+00  2.061718e-02 
 6.034474e+00  1.461299e-02 
 6.034872e+00  7.828982e-03 
 6.035270e+00  8.697098e-04 
 6.035667e+00 -5.619617e-03 
 6.036065e+00 -1.112933e-02 
 6.036463e+00 -1.536772e-02 
 6.036861e+00 -1.792322e-02 
 6.037258e+00 -1.859199e-02 
 6.037656e+00 -1.722440e-02 
 6.038054e+00 -1.391255e-02 
 6.038451e+00 -9.021425e-03 
 6.038849e+00 -3.125819e-03 
 6.039247e+00  3.338606e-03 
 6.039644e+00  9.841781e-03 
 6.040042e+00  1.587531e-02 
 6.040440e+00  2.087770e-02 
 6.040838e+00  2.444862e-02 
 6.041235e+00  2.622624e-02 
 6.041633e+00  2.605799e-02 
 6.042031e+00  2.384061e-02 
 6.042428e+00  1.964496e-02 
 6.042826e+00  1.368745e-02 
 6.043224e+00  6.336926e-03 
 6.043621e+00 -1.854484e-03 
 6.044019e+00 -1.024598e-02 
 6.044417e+00 -1.805533e-02 
 6.044814e+00 -2.486740e-02 
 6.045212e+00 -3.005587e-02 
 6.045610e+00 -3.311376e-02 
 6.046008e+00 -3.381288e-02 
 6.046405e+00 -3.226694e-02 
 6.046803e+00 -2.848220e-02 
 6.047201e+00 -2.280249e-02 
 6.047598e+00 -1.567524e-02 
 6.047996e+00 -7.518256e-03 
 6.048394e+00  8.774823e-04 
 6.048791e+00  8.925658e-03 
 6.049189e+00  1.609027e-02 
 6.049587e+00  2.177985e-02 
 6.049985e+00  2.560926e-02 
 6.050382e+00  2.725478e-02 
 6.050780e+00  2.673290e-02 
 6.051178e+00  2.400631e-02 
 6.051575e+00  1.942385e-02 
 6.051973e+00  1.345022e-02 
 6.052371e+00  6.577575e-03 
 6.052768e+00 -5.781483e-04 
 6.053166e+00 -7.282971e-03 
 6.053564e+00 -1.287677e-02 
 6.053961e+00 -1.700005e-02 
 6.054359e+00 -1.954184e-02 
 6.054757e+00 -2.035741e-02 
 6.055155e+00 -1.944166e-02 
 6.055552e+00 -1.678849e-02 
 6.055950e+00 -1.262733e-02 
 6.056348e+00 -7.204961e-03 
 6.056745e+00 -7.599503e-04 
 6.057143e+00  6.195879e-03 
 6.057541e+00  1.313108e-02 
 6.057938e+00  1.942888e-02 
 6.058336e+00  2.456836e-02 
 6.058734e+00  2.803464e-02 
 6.059132e+00  2.967112e-02 
 6.059529e+00  2.932382e-02 
 6.059927e+00  2.691775e-02 
 6.060325e+00  2.270903e-02 
 6.060722e+00  1.693335e-02 
 6.061120e+00  1.004459e-02 
 6.061518e+00  2.714656e-03 
 6.061915e+00 -4.531980e-03 
 6.062313e+00 -1.114324e-02 
 6.062711e+00 -1.670058e-02 
 6.063108e+00 -2.075867e-02 
 6.063506e+00 -2.311222e-02 
 6.063904e+00 -2.357178e-02 
 6.064302e+00 -2.213234e-02 
 6.064699e+00 -1.896396e-02 
 6.065097e+00 -1.425439e-02 
 6.065495e+00 -8.509625e-03 
 6.065892e+00 -2.081518e-03 
 6.066290e+00  4.358921e-03 
 6.066688e+00  1.020050e-02 
 6.067085e+00  1.494244e-02 
 6.067483e+00  1.816708e-02 
 6.067881e+00  1.983308e-02 
 6.068279e+00  1.991651e-02 
 6.068676e+00  1.846089e-02 
 6.069074e+00  1.581143e-02 
 6.069472e+00  1.202816e-02 
 6.069869e+00  7.343790e-03 
 6.070267e+00  1.962840e-03 
 6.070665e+00 -3.801530e-03 
 6.071062e+00 -9.528569e-03 
 6.071460e+00 -1.471731e-02 
 6.071858e+00 -1.888748e-02 
 6.072255e+00 -2.175575e-02 
 6.072653e+00 -2.295754e-02 
 6.073051e+00 -2.237362e-02 
 6.073449e+00 -2.001548e-02 
 6.073846e+00 -1.606705e-02 
 6.074244e+00 -1.084396e-02 
 6.074642e+00 -4.714361e-03 
 6.075039e+00  1.726859e-03 
 6.075437e+00  8.052833e-03 
 6.075835e+00  1.379669e-02 
 6.076232e+00  1.834023e-02 
 6.076630e+00  2.140603e-02 
 6.077028e+00  2.291310e-02 
 6.077426e+00  2.295310e-02 
 6.077823e+00  2.158517e-02 
 6.078221e+00  1.895616e-02 
 6.078619e+00  1.526482e-02 
 6.079016e+00  1.095875e-02 
 6.079414e+00  6.367142e-03 
 6.079812e+00  1.873330e-03 
 6.080209e+00 -1.942087e-03 
 6.080607e+00 -4.830241e-03 
 6.081005e+00 -6.382998e-03 
 6.081402e+00 -6.323902e-03 
 6.081800e+00 -4.602029e-03 
 6.082198e+00 -1.449752e-03 
 6.082596e+00  2.762573e-03 
 6.082993e+00  7.763957e-03 
 6.083391e+00  1.309652e-02 
 6.083789e+00  1.850416e-02 
 6.084186e+00  2.353475e-02 
 6.084584e+00  2.778383e-02 
 6.084982e+00  3.092014e-02 
 6.085379e+00  3.276713e-02 
 6.085777e+00  3.325416e-02 
 6.086175e+00  3.229106e-02 
 6.086573e+00  3.004601e-02 
 6.086970e+00  2.665898e-02 
 6.087368e+00  2.252675e-02 
 6.087766e+00  1.798561e-02 
 6.088163e+00  1.355590e-02 
 6.088561e+00  9.548697e-03 
 6.088959e+00  6.247492e-03 
 6.089356e+00  3.870234e-03 
 6.089754e+00  2.548648e-03 
 6.090152e+00  2.268986e-03 
 6.090549e+00  2.889362e-03 
 6.090947e+00  4.229929e-03 
 6.091345e+00  6.172587e-03 
 6.091743e+00  8.601290e-03 
 6.092140e+00  1.126157e-02 
 6.092538e+00  1.403617e-02 
 6.092936e+00  1.665075e-02 
 6.093333e+00  1.887242e-02 
 6.093731e+00  2.045544e-02 
 6.094129e+00  2.117255e-02 
 6.094526e+00  2.098459e-02 
 6.094924e+00  1.989703e-02 
 6.095322e+00  1.801623e-02 
 6.095720e+00  1.548000e-02 
 6.096117e+00  1.256335e-02 
 6.096515e+00  9.554448e-03 
 6.096913e+00  6.832559e-03 
 6.097310e+00  4.568482e-03 
 6.097708e+00  2.965705e-03 
 6.098106e+00  2.133176e-03 
 6.098503e+00  1.999306e-03 
 6.098901e+00  2.582606e-03 
 6.099299e+00  3.853470e-03 
 6.099696e+00  5.684546e-03 
 6.100094e+00  7.710887e-03 
 6.100492e+00  9.883346e-03 
 6.100890e+00  1.205642e-02 
 6.101287e+00  1.407943e-02 
 6.101685e+00  1.580861e-02 
 6.102083e+00  1.707345e-02 
 6.102480e+00  1.767209e-02 
 6.102878e+00  1.750418e-02 
 6.103276e+00  1.645894e-02 
 6.103673e+00  1.473350e-02 
 6.104071e+00  1.238444e-02 
 6.104469e+00  9.669142e-03 
 6.104867e+00  6.894074e-03 
 6.105264e+00  4.318667e-03 
 6.105662e+00  2.213241e-03 
 6.106060e+00  6.983495e-04 
 6.106457e+00 -1.488296e-04 
 6.106855e+00 -2.333457e-04 
 6.107253e+00  5.487017e-04 
 6.107650e+00  2.224196e-03 
 6.108048e+00  4.855999e-03 
 6.108446e+00  8.137669e-03 
 6.108843e+00  1.184991e-02 
 6.109241e+00  1.564647e-02 
 6.109639e+00  1.905947e-02 
 6.110037e+00  2.178395e-02 
 6.110434e+00  2.355202e-02 
 6.110832e+00  2.412224e-02 
 6.111230e+00  2.347701e-02 
 6.111627e+00  2.163769e-02 
 6.112025e+00  1.875814e-02 
 6.112423e+00  1.505799e-02 
 6.112820e+00  1.085982e-02 
 6.113218e+00  6.595873e-03 
 6.113616e+00  2.727588e-03 
 6.114014e+00 -4.154322e-04 
 6.114411e+00 -2.642999e-03 
 6.114809e+00 -3.770008e-03 
 6.115207e+00 -3.718501e-03 
 6.115604e+00 -2.558917e-03 
 6.116002e+00 -4.764822e-04 
 6.116400e+00  2.402799e-03 
 6.116797e+00  5.833411e-03 
 6.117195e+00  9.682916e-03 
 6.117593e+00  1.352838e-02 
 6.117990e+00  1.689443e-02 
 6.118388e+00  1.940309e-02 
 6.118786e+00  2.047822e-02 
 6.119184e+00  2.014820e-02 
 6.119581e+00  1.833973e-02 
 6.119979e+00  1.536017e-02 
 6.120377e+00  1.146895e-02 
 6.120774e+00  6.962682e-03 
 6.121172e+00  2.228384e-03 
 6.121570e+00 -2.490601e-03 
 6.121967e+00 -7.036777e-03 
 6.122365e+00 -1.127281e-02 
 6.122763e+00 -1.483248e-02 
 6.123161e+00 -1.728417e-02 
 6.123558e+00 -1.843454e-02 
 6.123956e+00 -1.809806e-02 
 6.124354e+00 -1.622907e-02 
 6.124751e+00 -1.306144e-02 
 6.125149e+00 -8.724605e-03 
 6.125547e+00 -3.501714e-03 
 6.125944e+00  2.292802e-03 
 6.126342e+00  8.046619e-03 
 6.126740e+00  1.330749e-02 
 6.127137e+00  1.774134e-02 
 6.127535e+00  2.086905e-02 
 6.127933e+00  2.244261e-02 
 6.128331e+00  2.221021e-02 
 6.128728e+00  2.020568e-02 
 6.129126e+00  1.671473e-02 
 6.129524e+00  1.214870e-02 
 6.129921e+00  6.955336e-03 
 6.130319e+00  1.485790e-03 
 6.130717e+00 -3.914447e-03 
 6.131114e+00 -8.881441e-03 
 6.131512e+00 -1.298378e-02 
 6.131910e+00 -1.589663e-02 
 6.132308e+00 -1.732412e-02 
 6.132705e+00 -1.698104e-02 
 6.133103e+00 -1.478536e-02 
 6.133501e+00 -1.076831e-02 
 6.133898e+00 -5.307980e-03 
 6.134296e+00  1.099671e-03 
 6.134694e+00  7.918329e-03 
 6.135091e+00  1.462834e-02 
 6.135489e+00  2.084404e-02 
 6.135887e+00  2.616764e-02 
 6.136284e+00  3.017013e-02 
 6.136682e+00  3.249519e-02 
 6.137080e+00  3.299258e-02 
 6.137478e+00  3.149638e-02 
 6.137875e+00  2.803978e-02 
 6.138273e+00  2.285571e-02 
 6.138671e+00  1.633241e-02 
 6.139068e+00  8.919871e-03 
 6.139466e+00  1.339267e-03 
 6.139864e+00 -5.909697e-03 
 6.140261e+00 -1.218892e-02 
 6.140659e+00 -1.697156e-02 
 6.141057e+00 -1.981202e-02 
 6.141455e+00 -2.045938e-02 
 6.141852e+00 -1.875301e-02 
 6.142250e+00 -1.482891e-02 
 6.142648e+00 -9.163966e-03 
 6.143045e+00 -2.174150e-03 
 6.143443e+00  5.454297e-03 
 6.143841e+00  1.305911e-02 
 6.144238e+00  1.998884e-02 
 6.144636e+00  2.567360e-02 
 6.145034e+00  2.966430e-02 
 6.145431e+00  3.161163e-02 
 6.145829e+00  3.119520e-02 
 6.146227e+00  2.850152e-02 
 6.146625e+00  2.357037e-02 
 6.147022e+00  1.674697e-02 
 6.147420e+00  8.620244e-03 
 6.147818e+00 -1.877700e-04 
 6.148215e+00 -8.977765e-03 
 6.148613e+00 -1.701067e-02 
 6.149011e+00 -2.365945e-02 
 6.149408e+00 -2.847965e-02 
 6.149806e+00 -3.125275e-02 
 6.150204e+00 -3.198822e-02 
 6.150602e+00 -3.072648e-02 
 6.150999e+00 -2.757875e-02 
 6.151397e+00 -2.268912e-02 
 6.151795e+00 -1.641025e-02 
 6.152192e+00 -9.310554e-03 
 6.152590e+00 -1.805600e-03 
 6.152988e+00  5.621000e-03 
 6.153385e+00  1.250486e-02 
 6.153783e+00  1.843423e-02 
 6.154181e+00  2.277459e-02 
 6.154578e+00  2.526270e-02 
 6.154976e+00  2.566924e-02 
 6.155374e+00  2.398081e-02 
 6.155772e+00  2.037542e-02 
 6.156169e+00  1.513392e-02 
 6.156567e+00  8.625205e-03 
 6.156965e+00  1.516994e-03 
 6.157362e+00 -5.401046e-03 
 6.157760e+00 -1.153393e-02 
 6.158158e+00 -1.649390e-02 
 6.158555e+00 -1.996859e-02 
 6.158953e+00 -2.169721e-02 
 6.159351e+00 -2.150611e-02 
 6.159749e+00 -1.939943e-02 
 6.160146e+00 -1.550851e-02 
 6.160544e+00 -1.005801e-02 
 6.160942e+00 -3.569349e-03 
 6.161339e+00  3.607560e-03 
 6.161737e+00  1.083674e-02 
 6.162135e+00  1.749685e-02 
 6.162532e+00  2.309998e-02 
 6.162930e+00  2.718312e-02 
 6.163328e+00  2.949168e-02 
 6.163725e+00  2.992326e-02 
 6.164123e+00  2.846498e-02 
 6.164521e+00  2.519355e-02 
 6.164919e+00  2.038893e-02 
 6.165316e+00  1.445270e-02 
 6.165714e+00  7.816960e-03 
 6.166112e+00  9.777135e-04 
 6.166509e+00 -5.578094e-03 
 6.166907e+00 -1.139710e-02 
 6.167305e+00 -1.599235e-02 
 6.167702e+00 -1.915232e-02 
 6.168100e+00 -2.066148e-02 
 6.168498e+00 -2.026473e-02 
 6.168896e+00 -1.788942e-02 
 6.169293e+00 -1.368268e-02 
 6.169691e+00 -8.000117e-03 
 6.170089e+00 -1.480452e-03 
 6.170486e+00  5.172075e-03 
 6.170884e+00  1.131386e-02 
 6.171282e+00  1.654188e-02 
 6.171679e+00  2.044314e-02 
 6.172077e+00  2.275064e-02 
 6.172475e+00  2.339166e-02 
 6.172872e+00  2.232610e-02 
 6.173270e+00  1.976706e-02 
 6.173668e+00  1.585403e-02 
 6.174066e+00  1.087732e-02 
 6.174463e+00  5.165965e-03 
 6.174861e+00 -7.194030e-04 
 6.175259e+00 -6.156802e-03 
 6.175656e+00 -1.079064e-02 
 6.176054e+00 -1.423855e-02 
 6.176452e+00 -1.636201e-02 
 6.176849e+00 -1.684540e-02 
 6.177247e+00 -1.570562e-02 
 6.177645e+00 -1.294009e-02 
 6.178043e+00 -8.861706e-03 
 6.178440e+00 -3.890329e-03 
 6.178838e+00  1.536081e-03 
 6.179236e+00  7.020060e-03 
 6.179633e+00  1.212875e-02 
 6.180031e+00  1.632588e-02 
 6.180429e+00  1.929954e-02 
 6.180826e+00  2.095689e-02 
 6.181224e+00  2.131218e-02 
 6.181622e+00  2.051828e-02 
 6.182019e+00  1.857888e-02 
 6.182417e+00  1.563094e-02 
 6.182815e+00  1.197402e-02 
 6.183213e+00  7.886105e-03 
 6.183610e+00  3.779364e-03 
 6.184008e+00  1.865499e-04 
 6.184406e+00 -2.651349e-03 
 6.184803e+00 -4.345819e-03 
 6.185201e+00 -4.672876e-03 
 6.185599e+00 -3.649213e-03 
 6.185996e+00 -1.444549e-03 
 6.186394e+00  1.792824e-03 
 6.186792e+00  5.649224e-03 
 6.187190e+00  9.860148e-03 
 6.187587e+00  1.413372e-02 
 6.187985e+00  1.818377e-02 
 6.188383e+00  2.167576e-02 
 6.188780e+00  2.439859e-02 
 6.189178e+00  2.616195e-02 
 6.189576e+00  2.680867e-02 
 6.189973e+00  2.627591e-02 
 6.190371e+00  2.459731e-02 
 6.190769e+00  2.196264e-02 
 6.191166e+00  1.859220e-02 
 6.191564e+00  1.474523e-02 
 6.191962e+00  1.075717e-02 
 6.192360e+00  6.980343e-03 
 6.192757e+00  3.801950e-03 
 6.193155e+00  1.536624e-03 
 6.193553e+00  4.107861e-04 
 6.193950e+00  5.842719e-04 
 6.194348e+00  1.804142e-03 
 6.194746e+00  3.850055e-03 
 6.195143e+00  6.457949e-03 
 6.195541e+00  9.282798e-03 
 6.195939e+00  1.202263e-02 
 6.196336e+00  1.442570e-02 
 6.196734e+00  1.638928e-02 
 6.197132e+00  1.785067e-02 
 6.197530e+00  1.870648e-02 
 6.197927e+00  1.877742e-02 
 6.198325e+00  1.799119e-02 
 6.198723e+00  1.635363e-02 
 6.199120e+00  1.398994e-02 
 6.199518e+00  1.116520e-02 
 6.199916e+00  8.138069e-03 
 6.200313e+00  5.117509e-03 
 6.200711e+00  2.280062e-03 
 6.201109e+00 -1.566456e-04 
 6.201507e+00 -2.020780e-03 
 6.201904e+00 -3.306338e-03 
 6.202302e+00 -3.878283e-03 
 6.202700e+00 -3.521120e-03 
 6.203097e+00 -2.036239e-03 
 6.203495e+00  4.118143e-04 
 6.203893e+00  3.744446e-03 
 6.204290e+00  7.554025e-03 
 6.204688e+00  1.166357e-02 
 6.205086e+00  1.566666e-02 
 6.205483e+00  1.929814e-02 
 6.205881e+00  2.215973e-02 
 6.206279e+00  2.392860e-02 
 6.206677e+00  2.426583e-02 
 6.207074e+00  2.297993e-02 
 6.207472e+00  2.017825e-02 
 6.207870e+00  1.601036e-02 
 6.208267e+00  1.098560e-02 
 6.208665e+00  5.738573e-03 
 6.209063e+00  7.322625e-04 
 6.209460e+00 -3.523097e-03 
 6.209858e+00 -6.587024e-03 
 6.210256e+00 -8.287032e-03 
 6.210654e+00 -8.545964e-03 
 6.211051e+00 -7.304440e-03 
 6.211449e+00 -4.726500e-03 
 6.211847e+00 -9.656246e-04 
 6.212244e+00  3.736307e-03 
 6.212642e+00  9.048176e-03 
 6.213040e+00  1.458151e-02 
 6.213437e+00  1.981445e-02 
 6.213835e+00  2.427505e-02 
 6.214233e+00  2.751150e-02 
 6.214630e+00  2.938868e-02 
 6.215028e+00  2.963726e-02 
 6.215426e+00  2.822862e-02 
 6.215824e+00  2.531392e-02 
 6.216221e+00  2.107476e-02 
 6.216619e+00  1.588170e-02 
 6.217017e+00  1.026029e-02 
 6.217414e+00  4.804381e-03 
 6.217812e+00 -7.679661e-05 
 6.218210e+00 -4.012479e-03 
 6.218607e+00 -6.623221e-03 
 6.219005e+00 -7.641376e-03 
 6.219403e+00 -6.989096e-03 
 6.219801e+00 -4.859634e-03 
 6.220198e+00 -1.463665e-03 
 6.220596e+00  3.101560e-03 
 6.220994e+00  8.570641e-03 
 6.221391e+00  1.438565e-02 
 6.221789e+00  2.006900e-02 
 6.222187e+00  2.504053e-02 
 6.222584e+00  2.877923e-02 
 6.222982e+00  3.097567e-02 
 6.223380e+00  3.143262e-02 
 6.223777e+00  3.013822e-02 
 6.224175e+00  2.701946e-02 
 6.224573e+00  2.235232e-02 
 6.224971e+00  1.656334e-02 
 6.225368e+00  1.002926e-02 
 6.225766e+00  3.036286e-03 
 6.226164e+00 -3.962409e-03 
 6.226561e+00 -1.037309e-02 
 6.226959e+00 -1.569802e-02 
 6.227357e+00 -1.955530e-02 
 6.227754e+00 -2.165083e-02 
 6.228152e+00 -2.186916e-02 
 6.228550e+00 -2.009340e-02 
 6.228948e+00 -1.644507e-02 
 6.229345e+00 -1.121127e-02 
 6.229743e+00 -4.737388e-03 
 6.230141e+00  2.454588e-03 
 6.230538e+00  9.805485e-03 
 6.230936e+00  1.680162e-02 
 6.231334e+00  2.277642e-02 
 6.231731e+00  2.732314e-02 
 6.232129e+00  3.014152e-02 
 6.232527e+00  3.091916e-02 
 6.232924e+00  2.965665e-02 
 6.233322e+00  2.649047e-02 
 6.233720e+00  2.169159e-02 
 6.234118e+00  1.565320e-02 
 6.234515e+00  8.740223e-03 
 6.234913e+00  1.533258e-03 
 6.235311e+00 -5.476408e-03 
 6.235708e+00 -1.174545e-02 
 6.236106e+00 -1.669701e-02 
 6.236504e+00 -1.975241e-02 
 6.236901e+00 -2.054597e-02 
 6.237299e+00 -1.896202e-02 
 6.237697e+00 -1.512608e-02 
 6.238095e+00 -9.226699e-03 
 6.238492e+00 -1.870624e-03 
 6.238890e+00  6.245695e-03 
 6.239288e+00  1.445092e-02 
 6.239685e+00  2.199856e-02 
 6.240083e+00  2.825961e-02 
 6.240481e+00  3.258555e-02 
 6.240878e+00  3.478014e-02 
 6.241276e+00  3.474272e-02 
 6.241674e+00  3.238366e-02 
 6.242071e+00  2.783394e-02 
 6.242469e+00  2.161029e-02 
 6.242867e+00  1.420875e-02 
 6.243265e+00  6.344588e-03 
 6.243662e+00 -1.557434e-03 
 6.244060e+00 -8.841587e-03 
 6.244458e+00 -1.501704e-02 
 6.244855e+00 -1.976528e-02 
 6.245253e+00 -2.268103e-02 
 6.245651e+00 -2.358674e-02 
 6.246048e+00 -2.244534e-02 
 6.246446e+00 -1.948881e-02 
 6.246844e+00 -1.488618e-02 
 6.247242e+00 -8.928322e-03 
 6.247639e+00 -2.264487e-03 
 6.248037e+00  4.593135e-03 
 6.248435e+00  1.115686e-02 
 6.248832e+00  1.708405e-02 
 6.249230e+00  2.184278e-02 
 6.249628e+00  2.504646e-02 
 6.250025e+00  2.636793e-02 
 6.250423e+00  2.561608e-02 
 6.250821e+00  2.287150e-02 
 6.251218e+00  1.817996e-02 
 6.251616e+00  1.195067e-02 
 6.252014e+00  4.623886e-03 
 6.252412e+00 -3.228930e-03 
 6.252809e+00 -1.095745e-02 
 6.253207e+00 -1.800724e-02 
 6.253605e+00 -2.388571e-02 
 6.254002e+00 -2.814185e-02 
 6.254400e+00 -3.036231e-02 
 6.254798e+00 -3.046840e-02 
 6.255195e+00 -2.841360e-02 
 6.255593e+00 -2.447292e-02 
 6.255991e+00 -1.900198e-02 
 6.256389e+00 -1.246441e-02 
 6.256786e+00 -5.416381e-03 
 6.257184e+00  1.584204e-03 
 6.257582e+00  7.955642e-03 
 6.257979e+00  1.319588e-02 
 6.258377e+00  1.694969e-02 
 6.258775e+00  1.896920e-02 
 6.259172e+00  1.905463e-02 
 6.259570e+00  1.718920e-02 
 6.259968e+00  1.364113e-02 
 6.260365e+00  8.793152e-03 
 6.260763e+00  3.069252e-03 
 6.261161e+00 -3.049550e-03 
 6.261559e+00 -9.092510e-03 
 6.261956e+00 -1.441558e-02 
 6.262354e+00 -1.873476e-02 
 6.262752e+00 -2.165086e-02 
 6.263149e+00 -2.287813e-02 
 6.263547e+00 -2.226127e-02 
 6.263945e+00 -1.990300e-02 
 6.264342e+00 -1.596623e-02 
 6.264740e+00 -1.055491e-02 
 6.265138e+00 -4.180428e-03 
 6.265536e+00  2.574920e-03 
 6.265933e+00  9.247001e-03 
 6.266331e+00  1.541799e-02 
 6.266729e+00  2.065112e-02 
 6.267126e+00  2.452685e-02 
 6.267524e+00  2.675045e-02 
 6.267922e+00  2.713724e-02 
 6.268319e+00  2.560597e-02 
 6.268717e+00  2.240034e-02 
 6.269115e+00  1.794243e-02 
 6.269512e+00  1.259492e-02 
 6.269910e+00  6.810050e-03 
 6.270308e+00  1.124500e-03 
 6.270706e+00 -4.015082e-03 
 6.271103e+00 -8.275143e-03 
 6.271501e+00 -1.147938e-02 
 6.271899e+00 -1.346624e-02 
 6.272296e+00 -1.398117e-02 
 6.272694e+00 -1.290518e-02 
 6.273092e+00 -1.019297e-02 
 6.273489e+00 -6.141181e-03 
 6.273887e+00 -1.148741e-03 
 6.274285e+00  4.307725e-03 
 6.274683e+00  9.628329e-03 
 6.275080e+00  1.432099e-02 
 6.275478e+00  1.788792e-02 
 6.275876e+00  2.007166e-02 
 6.276273e+00  2.078385e-02 
 6.276671e+00  1.998442e-02 
 6.277069e+00  1.773124e-02 
 6.277466e+00  1.419322e-02 
 6.277864e+00  9.697449e-03 
 6.278262e+00  4.593104e-03 
 6.278659e+00 -5.634298e-04 
 6.279057e+00 -5.331675e-03 
 6.279455e+00 -9.359424e-03 
 6.279853e+00 -1.226656e-02 
 6.280250e+00 -1.389783e-02 
 6.280648e+00 -1.407643e-02 
 6.281046e+00 -1.268944e-02 
 6.281443e+00 -9.875287e-03 
 6.281841e+00 -5.837860e-03 
 6.282239e+00 -7.291736e-04 
 6.282636e+00  5.124004e-03 
 6.283034e+00  1.120850e-02 
 6.283432e+00  1.696924e-02 
 6.283830e+00  2.188544e-02 
 6.284227e+00  2.553242e-02 
 6.284625e+00  2.750814e-02 
 6.285023e+00  2.789373e-02 
 6.285420e+00  2.683774e-02 
 6.285818e+00  2.447903e-02 
 6.286216e+00  2.107882e-02 
 6.286613e+00  1.698272e-02 
 6.287011e+00  1.262501e-02 
 6.287409e+00  8.242279e-03 
 6.287806e+00  4.165156e-03 
 6.288204e+00  9.087045e-04 
 6.288602e+00 -1.237837e-03 
 6.289000e+00 -2.045254e-03 
 6.289397e+00 -1.489802e-03 
 6.289795e+00  3.308356e-04 
 6.290193e+00  3.161966e-03 
 6.290590e+00  6.689285e-03 
 6.290988e+00  1.064559e-02 
 6.291386e+00  1.476953e-02 
 6.291783e+00  1.857301e-02 
 6.292181e+00  2.175341e-02 
 6.292579e+00  2.415932e-02 
 6.292977e+00  2.560146e-02 
 6.293374e+00  2.595087e-02 
 6.293772e+00  2.517453e-02 
 6.294170e+00  2.342062e-02 
 6.294567e+00  2.088659e-02 
 6.294965e+00  1.775240e-02 
 6.295363e+00  1.415339e-02 
 6.295760e+00  1.021926e-02 
 6.296158e+00  6.186681e-03 
 6.296556e+00  2.380377e-03 
 6.296953e+00 -9.117464e-04 
 6.297351e+00 -3.276676e-03 
 6.297749e+00 -4.354797e-03 
 6.298147e+00 -3.932262e-03 
 6.298544e+00 -1.962267e-03 
 6.298942e+00  1.205430e-03 
 6.299340e+00  5.283209e-03 
 6.299737e+00  9.858471e-03 
 6.300135e+00  1.450755e-02 
 6.300533e+00  1.878956e-02 
 6.300930e+00  2.240307e-02 
 6.301328e+00  2.507630e-02 
 6.301726e+00  2.656718e-02 
 6.302124e+00  2.668110e-02 
 6.302521e+00  2.535466e-02 
 6.302919e+00  2.265620e-02 
 6.303317e+00  1.879700e-02 
 6.303714e+00  1.400790e-02 
 6.304112e+00  8.845739e-03 
 6.304510e+00  3.932430e-03 
 6.304907e+00 -3.494916e-04 
 6.305305e+00 -3.665281e-03 
 6.305703e+00 -5.826740e-03 
 6.306100e+00 -6.647767e-03 
 6.306498e+00 -6.008518e-03 
 6.306896e+00 -3.918985e-03 
 6.307294e+00 -6.035728e-04 
 6.307691e+00  3.708090e-03 
 6.308089e+00  8.398917e-03 
 6.308487e+00  1.301735e-02 
 6.308884e+00  1.723191e-02 
 6.309282e+00  2.061604e-02 
 6.309680e+00  2.284086e-02 
 6.310077e+00  2.382496e-02 
 6.310475e+00  2.363207e-02 
 6.310873e+00  2.219841e-02 
 6.311271e+00  1.962833e-02 
 6.311668e+00  1.600615e-02 
 6.312066e+00  1.157757e-02 
 6.312464e+00  6.666397e-03 
 6.312861e+00  1.770239e-03 
 6.313259e+00 -2.604987e-03 
 6.313657e+00 -5.999835e-03 
 6.314054e+00 -8.141584e-03 
 6.314452e+00 -8.819851e-03 
 6.314850e+00 -7.920422e-03 
 6.315247e+00 -5.619165e-03 
 6.315645e+00 -2.158318e-03 
 6.316043e+00  2.236803e-03 
 6.316441e+00  7.340585e-03 
 6.316838e+00  1.279726e-02 
 6.317236e+00  1.823555e-02 
 6.317634e+00  2.314253e-02 
 6.318031e+00  2.706920e-02 
 6.318429e+00  2.975303e-02 
 6.318827e+00  3.102473e-02 
 6.319224e+00  3.073480e-02 
 6.319622e+00  2.880406e-02 
 6.320020e+00  2.530196e-02 
 6.320418e+00  2.049704e-02 
 6.320815e+00  1.473325e-02 
 6.321213e+00  8.538566e-03 
 6.321611e+00  2.419503e-03 
 6.322008e+00 -3.032534e-03 
 6.322406e+00 -7.398530e-03 
 6.322804e+00 -1.028398e-02 
 6.323201e+00 -1.147959e-02 
 6.323599e+00 -1.098103e-02 
 6.323997e+00 -8.956442e-03 
 6.324394e+00 -5.496811e-03 
 6.324792e+00 -9.597241e-04 
 6.325190e+00  4.390214e-03 
 6.325588e+00  1.017928e-02 
 6.325985e+00  1.591331e-02 
 6.326383e+00  2.117385e-02 
 6.326781e+00  2.556097e-02 
 6.327178e+00  2.840531e-02 
 6.327576e+00  2.943996e-02 
 6.327974e+00  2.841088e-02 
 6.328371e+00  2.540626e-02 
 6.328769e+00  2.068470e-02 
 6.329167e+00  1.464947e-02 
 6.329565e+00  7.746654e-03 
 6.329962e+00  5.492604e-04 
 6.330360e+00 -6.424673e-03 
 6.330758e+00 -1.258078e-02 
 6.331155e+00 -1.733974e-02 
 6.331553e+00 -2.042498e-02 
 6.331951e+00 -2.167727e-02 
 6.332348e+00 -2.086809e-02 
 6.332746e+00 -1.804655e-02 
 6.333144e+00 -1.344732e-02 
 6.333541e+00 -7.431627e-03 
 6.333939e+00 -3.801203e-04 
 6.334337e+00  7.115650e-03 
 6.334735e+00  1.451288e-02 
 6.335132e+00  2.108253e-02 
 6.335530e+00  2.622868e-02 
 6.335928e+00  2.938385e-02 
 6.336325e+00  3.012538e-02 
 6.336723e+00  2.849037e-02 
 6.337121e+00  2.467344e-02 
 6.337518e+00  1.892725e-02 
 6.337916e+00  1.176656e-02 
 6.338314e+00  3.783554e-03 
 6.338712e+00 -4.318811e-03 
 6.339109e+00 -1.201816e-02 
 6.339507e+00 -1.874182e-02 
 6.339905e+00 -2.403998e-02 
 6.340302e+00 -2.759152e-02 
 6.340700e+00 -2.904955e-02 
 6.341098e+00 -2.838382e-02 
 6.341495e+00 -2.565124e-02 
 6.341893e+00 -2.101217e-02 
 6.342291e+00 -1.481606e-02 
 6.342688e+00 -7.360540e-03 
 6.343086e+00  7.906760e-04 
 6.343484e+00  9.022978e-03 
 6.343882e+00  1.665647e-02 
 6.344279e+00  2.318280e-02 
 6.344677e+00  2.798690e-02 
 6.345075e+00  3.079429e-02 
 6.345472e+00  3.140834e-02 
 6.345870e+00  2.977563e-02 
 6.346268e+00  2.610913e-02 
 6.346665e+00  2.066266e-02 
 6.347063e+00  1.378717e-02 
 6.347461e+00  5.964445e-03 
 6.347859e+00 -2.313342e-03 
 6.348256e+00 -1.045059e-02 
 6.348654e+00 -1.768044e-02 
 6.349052e+00 -2.332597e-02 
 6.349449e+00 -2.695438e-02 
 6.349847e+00 -2.813736e-02 
 6.350245e+00 -2.674677e-02 
 6.350642e+00 -2.293086e-02 
 6.351040e+00 -1.717837e-02 
 6.351438e+00 -1.011044e-02 
 6.351835e+00 -2.442663e-03 
 6.352233e+00  5.129475e-03 
 6.352631e+00  1.203188e-02 
 6.353029e+00  1.782109e-02 
 6.353426e+00  2.210360e-02 
 6.353824e+00  2.451081e-02 
 6.354222e+00  2.487940e-02 
 6.354619e+00  2.336498e-02 
 6.355017e+00  1.993482e-02 
 6.355415e+00  1.484732e-02 
 6.355812e+00  8.459188e-03 
 6.356210e+00  1.234887e-03 
 6.356608e+00 -6.377337e-03 
 6.357006e+00 -1.376997e-02 
 6.357403e+00 -2.044194e-02 
 6.357801e+00 -2.580139e-02 
 6.358199e+00 -2.934906e-02 
 6.358596e+00 -3.077505e-02 
 6.358994e+00 -2.987523e-02 
 6.359392e+00 -2.675015e-02 
 6.359789e+00 -2.177463e-02 
 6.360187e+00 -1.542672e-02 
 6.360585e+00 -8.194354e-03 
 6.360982e+00 -6.695636e-04 
 6.361380e+00  6.570459e-03 
 6.361778e+00  1.310792e-02 
 6.362176e+00  1.853650e-02 
 6.362573e+00  2.254724e-02 
 6.362971e+00  2.481931e-02 
 6.363369e+00  2.517093e-02 
 6.363766e+00  2.360126e-02 
 6.364164e+00  2.029391e-02 
 6.364562e+00  1.554819e-02 
 6.364959e+00  9.882221e-03 
 6.365357e+00  3.751993e-03 
 6.365755e+00 -2.250984e-03 
 6.366153e+00 -7.572996e-03 
 6.366550e+00 -1.171776e-02 
 6.366948e+00 -1.439136e-02 
 6.367346e+00 -1.541425e-02 
 6.367743e+00 -1.475716e-02 
 6.368141e+00 -1.248024e-02 
 6.368539e+00 -8.797444e-03 
 6.368936e+00 -4.023469e-03 
 6.369334e+00  1.403559e-03 
 6.369732e+00  7.116677e-03 
 6.370129e+00  1.264635e-02 
 6.370527e+00  1.767476e-02 
 6.370925e+00  2.194000e-02 
 6.371323e+00  2.505785e-02 
 6.371720e+00  2.672070e-02 
 6.372118e+00  2.688368e-02 
 6.372516e+00  2.562111e-02 
 6.372913e+00  2.301663e-02 
 6.373311e+00  1.935595e-02 
 6.373709e+00  1.496108e-02 
 6.374106e+00  1.027018e-02 
 6.374504e+00  5.782090e-03 
 6.374902e+00  1.963475e-03 
 6.375300e+00 -9.832278e-04 
 6.375697e+00 -2.911907e-03 
 6.376095e+00 -3.774988e-03 
 6.376493e+00 -3.556740e-03 
 6.376890e+00 -2.164068e-03 
 6.377288e+00  2.288775e-04 
 6.377686e+00  3.459038e-03 
 6.378083e+00  7.404400e-03 
 6.378481e+00  1.166119e-02 
 6.378879e+00  1.579392e-02 
 6.379276e+00  1.929421e-02 
 6.379674e+00  2.176318e-02 
 6.380072e+00  2.297075e-02 
 6.380470e+00  2.274569e-02 
 6.380867e+00  2.117101e-02 
 6.381265e+00  1.839461e-02 
 6.381663e+00  1.463017e-02 
 6.382060e+00  1.022726e-02 
 6.382458e+00  5.629178e-03 
 6.382856e+00  1.243574e-03 
 6.383253e+00 -2.688286e-03 
 6.383651e+00 -5.873883e-03 
 6.384049e+00 -8.014172e-03 
 6.384447e+00 -8.877182e-03 
 6.384844e+00 -8.383848e-03 
 6.385242e+00 -6.611429e-03 
 6.385640e+00 -3.776590e-03 
 6.386037e+00 -2.575795e-05 
 6.386435e+00  4.265870e-03 
 6.386833e+00  8.699876e-03 
 6.387230e+00  1.299515e-02 
 6.387628e+00  1.661167e-02 
 6.388026e+00  1.924350e-02 
 6.388423e+00  2.064988e-02 
 6.388821e+00  2.076856e-02 
 6.389219e+00  1.963880e-02 
 6.389617e+00  1.744862e-02 
 6.390014e+00  1.448511e-02 
 6.390412e+00  1.102587e-02 
 6.390810e+00  7.416825e-03 
 6.391207e+00  3.910657e-03 
 6.391605e+00  7.524616e-04 
 6.392003e+00 -1.743998e-03 
 6.392400e+00 -3.368365e-03 
 6.392798e+00 -3.929268e-03 
 6.393196e+00 -3.110120e-03 
 6.393594e+00 -9.927898e-04 
 6.393991e+00  2.338013e-03 
 6.394389e+00  6.622786e-03 
 6.394787e+00  1.156487e-02 
 6.395184e+00  1.662806e-02 
 6.395582e+00  2.136093e-02 
 6.395980e+00  2.531181e-02 
 6.396377e+00  2.804469e-02 
 6.396775e+00  2.930861e-02 
 6.397173e+00  2.896224e-02 
 6.397570e+00  2.701502e-02 
 6.397968e+00  2.367457e-02 
 6.398366e+00  1.918195e-02 
 6.398764e+00  1.396190e-02 
 6.399161e+00  8.435879e-03 
 6.399559e+00  2.945681e-03 
 6.399957e+00 -2.046845e-03 
 6.400354e+00 -6.090643e-03 
 6.400752e+00 -8.940386e-03 
 6.401150e+00 -1.035464e-02 
 6.401547e+00 -1.013981e-02 
 6.401945e+00 -8.197833e-03 
 6.402343e+00 -4.726916e-03 
 6.402741e+00 -3.693093e-05 
 6.403138e+00  5.369927e-03 
 6.403536e+00  1.100268e-02 
 6.403934e+00  1.631885e-02 
 6.404331e+00  2.090783e-02 
 6.404729e+00  2.454453e-02 
 6.405127e+00  2.689918e-02 
 6.405524e+00  2.771877e-02 
 6.405922e+00  2.698481e-02 
 6.406320e+00  2.471765e-02 
 6.406717e+00  2.109817e-02 
 6.407115e+00  1.632965e-02 
 6.407513e+00  1.066426e-02 
 6.407911e+00  4.590472e-03 
 6.408308e+00 -1.404972e-03 
 6.408706e+00 -6.737008e-03 
 6.409104e+00 -1.097107e-02 
 6.409501e+00 -1.364066e-02 
 6.409899e+00 -1.452846e-02 
 6.410297e+00 -1.368725e-02 
 6.410694e+00 -1.104000e-02 
 6.411092e+00 -6.841403e-03 
 6.411490e+00 -1.516316e-03 
 6.411888e+00  4.515468e-03 
 6.412285e+00  1.069883e-02 
 6.412683e+00  1.649978e-02 
 6.413081e+00  2.153799e-02 
 6.413478e+00  2.543950e-02 
 6.413876e+00  2.794940e-02 
 6.414274e+00  2.895763e-02 
 6.414671e+00  2.827688e-02 
 6.415069e+00  2.593612e-02 
 6.415467e+00  2.208262e-02 
 6.415864e+00  1.683362e-02 
 6.416262e+00  1.062540e-02 
 6.416660e+00  4.063027e-03 
 6.417058e+00 -2.232341e-03 
 6.417455e+00 -7.656964e-03 
 6.417853e+00 -1.166884e-02 
 6.418251e+00 -1.387161e-02 
 6.418648e+00 -1.418273e-02 
 6.419046e+00 -1.260762e-02 
 6.419444e+00 -9.345495e-03 
 6.419841e+00 -4.680119e-03 
 6.420239e+00  1.062457e-03 
 6.420637e+00  7.446192e-03 
 6.421035e+00  1.403444e-02 
 6.421432e+00  2.025500e-02 
 6.421830e+00  2.569367e-02 
 6.422228e+00  3.007631e-02 
 6.422625e+00  3.312853e-02 
 6.423023e+00  3.456739e-02 
 6.423421e+00  3.424647e-02 
 6.423818e+00  3.228288e-02 
 6.424216e+00  2.876250e-02 
 6.424614e+00  2.389508e-02 
 6.425011e+00  1.789430e-02 
 6.425409e+00  1.126945e-02 
 6.425807e+00  4.490382e-03 
 6.426205e+00 -1.833586e-03 
 6.426602e+00 -7.179141e-03 
 6.427000e+00 -1.105047e-02 
 6.427398e+00 -1.313888e-02 
 6.427795e+00 -1.340171e-02 
 6.428193e+00 -1.168594e-02 
 6.428591e+00 -8.105136e-03 
 6.428988e+00 -3.048475e-03 
 6.429386e+00  3.120237e-03 
 6.429784e+00  9.836003e-03 
 6.430182e+00  1.658967e-02 
 6.430579e+00  2.266139e-02 
 6.430977e+00  2.745123e-02 
 6.431375e+00  3.041024e-02 
 6.431772e+00  3.122074e-02 
 6.432170e+00  2.976403e-02 
 6.432568e+00  2.610373e-02 
 6.432965e+00  2.070003e-02 
 6.433363e+00  1.402603e-02 
 6.433761e+00  6.552351e-03 
 6.434158e+00 -1.087383e-03 
 6.434556e+00 -8.396547e-03 
 6.434954e+00 -1.493575e-02 
 6.435352e+00 -2.031363e-02 
 6.435749e+00 -2.409613e-02 
 6.436147e+00 -2.611568e-02 
 6.436545e+00 -2.622139e-02 
 6.436942e+00 -2.438443e-02 
 6.437340e+00 -2.074850e-02 
 6.437738e+00 -1.561650e-02 
 6.438135e+00 -9.340708e-03 
 6.438533e+00 -2.395746e-03 
 6.438931e+00  4.782343e-03 
 6.439329e+00  1.153862e-02 
 6.439726e+00  1.740198e-02 
 6.440124e+00  2.187040e-02 
 6.440522e+00  2.451570e-02 
 6.440919e+00  2.516445e-02 
 6.441317e+00  2.366338e-02 
 6.441715e+00  2.022330e-02 
 6.442112e+00  1.513848e-02 
 6.442510e+00  8.873759e-03 
 6.442908e+00  1.963348e-03 
 6.443305e+00 -5.019960e-03 
 6.443703e+00 -1.151606e-02 
 6.444101e+00 -1.704216e-02 
 6.444499e+00 -2.101118e-02 
 6.444896e+00 -2.325438e-02 
 6.445294e+00 -2.359531e-02 
 6.445692e+00 -2.198233e-02 
 6.446089e+00 -1.847994e-02 
 6.446487e+00 -1.338137e-02 
 6.446885e+00 -7.148305e-03 
 6.447282e+00 -1.655894e-04 
 6.447680e+00  7.000079e-03 
 6.448078e+00  1.386081e-02 
 6.448476e+00  1.989224e-02 
 6.448873e+00  2.462558e-02 
 6.449271e+00  2.782057e-02 
 6.449669e+00  2.908221e-02 
 6.450066e+00  2.835129e-02 
 6.450464e+00  2.568594e-02 
 6.450862e+00  2.132635e-02 
 6.451259e+00  1.547696e-02 
 6.451657e+00  8.720062e-03 
 6.452055e+00  1.686004e-03 
 6.452452e+00 -5.046116e-03 
 6.452850e+00 -1.092355e-02 
 6.453248e+00 -1.552843e-02 
 6.453646e+00 -1.852312e-02 
 6.454043e+00 -1.973850e-02 
 6.454441e+00 -1.916627e-02 
 6.454839e+00 -1.689981e-02 
 6.455236e+00 -1.311723e-02 
 6.455634e+00 -8.199057e-03 
 6.456032e+00 -2.671720e-03 
 6.456429e+00  3.118882e-03 
 6.456827e+00  8.576997e-03 
 6.457225e+00  1.327063e-02 
 6.457623e+00  1.675082e-02 
 6.458020e+00  1.878284e-02 
 6.458418e+00  1.914643e-02 
 6.458816e+00  1.770326e-02 
 6.459213e+00  1.465891e-02 
 6.459611e+00  1.016645e-02 
 6.460009e+00  4.706175e-03 
 6.460406e+00 -1.236201e-03 
 6.460804e+00 -6.964737e-03 
 6.461202e+00 -1.207442e-02 
 6.461599e+00 -1.620005e-02 
 6.461997e+00 -1.894347e-02 
 6.462395e+00 -2.017402e-02 
 6.462793e+00 -1.986886e-02 
 6.463190e+00 -1.805828e-02 
 6.463588e+00 -1.500165e-02 
 6.463986e+00 -1.095897e-02 
 6.464383e+00 -6.214905e-03 
 6.464781e+00 -1.134100e-03 
 6.465179e+00  3.922826e-03 
 6.465576e+00  8.594125e-03 
 6.465974e+00  1.256401e-02 
 6.466372e+00  1.561579e-02 
 6.466770e+00  1.756729e-02 
 6.467167e+00  1.826873e-02 
 6.467565e+00  1.762338e-02 
 6.467963e+00  1.593293e-02 
 6.468360e+00  1.334375e-02 
 6.468758e+00  1.009283e-02 
 6.469156e+00  6.535586e-03 
 6.469553e+00  3.048989e-03 
 6.469951e+00 -1.102209e-05 
 6.470349e+00 -2.378728e-03 
 6.470746e+00 -3.768605e-03 
 6.471144e+00 -4.124522e-03 
 6.471542e+00 -3.415332e-03 
 6.471940e+00 -1.722062e-03 
 6.472337e+00  8.290863e-04 
 6.472735e+00  4.094621e-03 
 6.473133e+00  7.757923e-03 
 6.473530e+00  1.140196e-02 
 6.473928e+00  1.477332e-02 
 6.474326e+00  1.768594e-02 
 6.474723e+00  1.977454e-02 
 6.475121e+00  2.080764e-02 
 6.475519e+00  2.066382e-02 
 6.475917e+00  1.924980e-02 
 6.476314e+00  1.666450e-02 
 6.476712e+00  1.308092e-02 
 6.477110e+00  8.894664e-03 
 6.477507e+00  4.438567e-03 
 6.477905e+00  1.366212e-04 
 6.478303e+00 -3.537816e-03 
 6.478700e+00 -6.167245e-03 
 6.479098e+00 -7.394321e-03 
 6.479496e+00 -7.164357e-03 
 6.479893e+00 -5.471440e-03 
 6.480291e+00 -2.583194e-03 
 6.480689e+00  1.155523e-03 
 6.481087e+00  5.337422e-03 
 6.481484e+00  9.629036e-03 
 6.481882e+00  1.369827e-02 
 6.482280e+00  1.712790e-02 
 6.482677e+00  1.971489e-02 
 6.483075e+00  2.122006e-02 
 6.483473e+00  2.151287e-02 
 6.483870e+00  2.046964e-02 
 6.484268e+00  1.826108e-02 
 6.484666e+00  1.505742e-02 
 6.485064e+00  1.090221e-02 
 6.485461e+00  6.278429e-03 
 6.485859e+00  1.353244e-03 
 6.486257e+00 -3.491688e-03 
 6.486654e+00 -7.917184e-03 
 6.487052e+00 -1.154476e-02 
 6.487450e+00 -1.411094e-02 
 6.487847e+00 -1.530838e-02 
 6.488245e+00 -1.499585e-02 
 6.488643e+00 -1.320188e-02 
 6.489040e+00 -1.010874e-02 
 6.489438e+00 -6.069987e-03 
 6.489836e+00 -1.393902e-03 
 6.490234e+00  3.597360e-03 
 6.490631e+00  8.517503e-03 
 6.491029e+00  1.294592e-02 
 6.491427e+00  1.669977e-02 
 6.491824e+00  1.945956e-02 
 6.492222e+00  2.101258e-02 
 6.492620e+00  2.112928e-02 
 6.493017e+00  1.984275e-02 
 6.493415e+00  1.716436e-02 
 6.493813e+00  1.328857e-02 
 6.494211e+00  8.676488e-03 
 6.494608e+00  3.793885e-03 
 6.495006e+00 -9.393998e-04 
 6.495404e+00 -5.164150e-03 
 6.495801e+00 -8.481608e-03 
 6.496199e+00 -1.059436e-02 
 6.496597e+00 -1.118234e-02 
 6.496994e+00 -1.013427e-02 
 6.497392e+00 -7.443128e-03 
 6.497790e+00 -3.133575e-03 
 6.498187e+00  2.602639e-03 
 6.498585e+00  9.331029e-03 
 6.498983e+00  1.653086e-02 
 6.499381e+00  2.367459e-02 
 6.499778e+00  3.017972e-02 
 6.500176e+00  3.542454e-02 
 6.500574e+00  3.911158e-02 
 6.500971e+00  4.082540e-02 
 6.501369e+00  4.032402e-02 
 6.501767e+00  3.768025e-02 
 6.502164e+00  3.310087e-02 
 6.502562e+00  2.697907e-02 
 6.502960e+00  1.989499e-02 
 6.503358e+00  1.250275e-02 
 6.503755e+00  5.339430e-03 
 6.504153e+00 -1.059504e-03 
 6.504551e+00 -6.323085e-03 
 6.504948e+00 -1.016803e-02 
 6.505346e+00 -1.230054e-02 
 6.505744e+00 -1.258121e-02 
 6.506141e+00 -1.091107e-02 
 6.506539e+00 -7.310707e-03 
 6.506937e+00 -2.039355e-03 
 6.507334e+00  4.355693e-03 
 6.507732e+00  1.137549e-02 
 6.508130e+00  1.834541e-02 
 6.508528e+00  2.462198e-02 
 6.508925e+00  2.976120e-02 
 6.509323e+00  3.334812e-02 
 6.509721e+00  3.510448e-02 
 6.510118e+00  3.493788e-02 
 6.510516e+00  3.295427e-02 
 6.510914e+00  2.933382e-02 
 6.511311e+00  2.426631e-02 
 6.511709e+00  1.820706e-02 
 6.512107e+00  1.176474e-02 
 6.512505e+00  5.495012e-03 
 6.512902e+00 -2.077299e-04 
 6.513300e+00 -4.907845e-03 
 6.513698e+00 -8.285552e-03 
 6.514095e+00 -1.011955e-02 
 6.514493e+00 -1.024034e-02 
 6.514891e+00 -8.687448e-03 
 6.515288e+00 -5.542098e-03 
 6.515686e+00 -1.027909e-03 
 6.516084e+00  4.478542e-03 
 6.516481e+00  1.050967e-02 
 6.516879e+00  1.659575e-02 
 6.517277e+00  2.215524e-02 
 6.517675e+00  2.676992e-02 
 6.518072e+00  3.015477e-02 
 6.518470e+00  3.216142e-02 
 6.518868e+00  3.257607e-02 
 6.519265e+00  3.134115e-02 
 6.519663e+00  2.854003e-02 
 6.520061e+00  2.424950e-02 
 6.520458e+00  1.880643e-02 
 6.520856e+00  1.257047e-02 
 6.521254e+00  6.073533e-03 
 6.521652e+00 -6.429522e-05 
 6.522049e+00 -5.308989e-03 
 6.522447e+00 -9.204901e-03 
 6.522845e+00 -1.140237e-02 
 6.523242e+00 -1.165692e-02 
 6.523640e+00 -1.010710e-02 
 6.524038e+00 -6.787348e-03 
 6.524435e+00 -1.958063e-03 
 6.524833e+00  3.898709e-03 
 6.525231e+00  1.032243e-02 
 6.525628e+00  1.670461e-02 
 6.526026e+00  2.250857e-02 
 6.526424e+00  2.730716e-02 
 6.526822e+00  3.079412e-02 
 6.527219e+00  3.274912e-02 
 6.527617e+00  3.300813e-02 
 6.528015e+00  3.154407e-02 
 6.528412e+00  2.850910e-02 
 6.528810e+00  2.409948e-02 
 6.529208e+00  1.851752e-02 
 6.529605e+00  1.233107e-02 
 6.530003e+00  5.993969e-03 
 6.530401e+00  1.846409e-04 
 6.530799e+00 -4.574478e-03 
 6.531196e+00 -7.968615e-03 
 6.531594e+00 -9.813293e-03 
 6.531992e+00 -1.022261e-02 
 6.532389e+00 -9.340083e-03 
 6.532787e+00 -7.365100e-03 
 6.533185e+00 -4.585326e-03 
 6.533582e+00 -1.254572e-03 
 6.533980e+00  2.437125e-03 
 6.534378e+00  6.239738e-03 
 6.534775e+00  9.782132e-03 
 6.535173e+00  1.262712e-02 
 6.535571e+00  1.453902e-02 
 6.535969e+00  1.534469e-02 
 6.536366e+00  1.472743e-02 
 6.536764e+00  1.273481e-02 
 6.537162e+00  9.399750e-03 
 6.537559e+00  4.954916e-03 
 6.537957e+00 -1.463567e-04 
 6.538355e+00 -5.654700e-03 
 6.538752e+00 -1.112430e-02 
 6.539150e+00 -1.615402e-02 
 6.539548e+00 -2.043528e-02 
 6.539946e+00 -2.351966e-02 
 6.540343e+00 -2.516479e-02 
 6.540741e+00 -2.517586e-02 
 6.541139e+00 -2.372194e-02 
 6.541536e+00 -2.087833e-02 
 6.541934e+00 -1.681472e-02 
 6.542332e+00 -1.183686e-02 
 6.542729e+00 -6.325273e-03 
 6.543127e+00 -6.696652e-04 
 6.543525e+00  4.705753e-03 
 6.543922e+00  9.375485e-03 
 6.544320e+00  1.286237e-02 
 6.544718e+00  1.488704e-02 
 6.545116e+00  1.522627e-02 
 6.545513e+00  1.392795e-02 
 6.545911e+00  1.109956e-02 
 6.546309e+00  7.204967e-03 
 6.546706e+00  2.662466e-03 
 6.547104e+00 -2.162058e-03 
 6.547502e+00 -6.853794e-03 
 6.547899e+00 -1.104046e-02 
 6.548297e+00 -1.440285e-02 
 6.548695e+00 -1.666912e-02 
 6.549093e+00 -1.765776e-02 
 6.549490e+00 -1.724920e-02 
 6.549888e+00 -1.559507e-02 
 6.550286e+00 -1.266819e-02 
 6.550683e+00 -8.636618e-03 
 6.551081e+00 -3.827590e-03 
 6.551479e+00  1.344386e-03 
 6.551876e+00  6.617806e-03 
 6.552274e+00  1.145199e-02 
 6.552672e+00  1.540941e-02 
 6.553069e+00  1.822724e-02 
 6.553467e+00  1.958133e-02 
 6.553865e+00  1.943997e-02 
 6.554263e+00  1.788444e-02 
 6.554660e+00  1.515502e-02 
 6.555058e+00  1.149871e-02 
 6.555456e+00  7.270474e-03 
 6.555853e+00  2.946095e-03 
 6.556251e+00 -1.208978e-03 
 6.556649e+00 -4.902935e-03 
 6.557046e+00 -7.897013e-03 
 6.557444e+00 -9.974680e-03 
 6.557842e+00 -1.073299e-02 
 6.558240e+00 -1.001619e-02 
 6.558637e+00 -7.983667e-03 
 6.559035e+00 -4.770328e-03 
 6.559433e+00 -6.894269e-04 
 6.559830e+00  3.863341e-03 
 6.560228e+00  8.405204e-03 
 6.560626e+00  1.252330e-02 
 6.561023e+00  1.573260e-02 
 6.561421e+00  1.773476e-02 
 6.561819e+00  1.849702e-02 
 6.562216e+00  1.797766e-02 
 6.562614e+00  1.620601e-02 
 6.563012e+00  1.338144e-02 
 6.563410e+00  9.610685e-03 
 6.563807e+00  5.247091e-03 
 6.564205e+00  6.664839e-04 
 6.564603e+00 -3.849494e-03 
 6.565000e+00 -8.032408e-03 
 6.565398e+00 -1.162603e-02 
 6.565796e+00 -1.433844e-02 
 6.566193e+00 -1.602935e-02 
 6.566591e+00 -1.649718e-02 
 6.566989e+00 -1.558353e-02 
 6.567387e+00 -1.344407e-02 
 6.567784e+00 -1.020595e-02 
 6.568182e+00 -6.153332e-03 
 6.568580e+00 -1.694459e-03 
 6.568977e+00  2.805007e-03 
 6.569375e+00  6.965645e-03 
 6.569773e+00  1.037513e-02 
 6.570170e+00  1.278547e-02 
 6.570568e+00  1.403812e-02 
 6.570966e+00  1.403792e-02 
 6.571363e+00  1.271501e-02 
 6.571761e+00  1.021010e-02 
 6.572159e+00  6.856060e-03 
 6.572557e+00  3.031061e-03 
 6.572954e+00 -6.901526e-04 
 6.573352e+00 -3.928583e-03 
 6.573750e+00 -6.346306e-03 
 6.574147e+00 -7.606005e-03 
 6.574545e+00 -7.629546e-03 
 6.574943e+00 -6.417853e-03 
 6.575340e+00 -3.969367e-03 
 6.575738e+00 -4.317351e-04 
 6.576136e+00  3.934891e-03 
 6.576534e+00  8.805747e-03 
 6.576931e+00  1.370830e-02 
 6.577329e+00  1.814921e-02 
 6.577727e+00  2.179135e-02 
 6.578124e+00  2.444560e-02 
 6.578522e+00  2.597058e-02 
 6.578920e+00  2.623600e-02 
 6.579317e+00  2.533951e-02 
 6.579715e+00  2.336808e-02 
 6.580113e+00  2.043177e-02 
 6.580510e+00  1.659679e-02 
 6.580908e+00  1.192602e-02 
 6.581306e+00  6.758892e-03 
 6.581704e+00  1.655105e-03 
 6.582101e+00 -2.823054e-03 
 6.582499e+00 -6.256368e-03 
 6.582897e+00 -8.318209e-03 
 6.583294e+00 -8.949960e-03 
 6.583692e+00 -8.213440e-03 
 6.584090e+00 -6.212838e-03 
 6.584487e+00 -3.219079e-03 
 6.584885e+00  4.670163e-04 
 6.585283e+00  4.434033e-03 
 6.585681e+00  8.566694e-03 
 6.586078e+00  1.260588e-02 
 6.586476e+00  1.620755e-02 
 6.586874e+00  1.904066e-02 
 6.587271e+00  2.079371e-02 
 6.587669e+00  2.131208e-02 
 6.588067e+00  2.043838e-02 
 6.588464e+00  1.824587e-02 
 6.588862e+00  1.486904e-02 
 6.589260e+00  1.056587e-02 
 6.589657e+00  5.631269e-03 
 6.590055e+00  4.219123e-04 
 6.590453e+00 -4.580880e-03 
 6.590851e+00 -8.850817e-03 
 6.591248e+00 -1.199306e-02 
 6.591646e+00 -1.362312e-02 
 6.592044e+00 -1.348306e-02 
 6.592441e+00 -1.167401e-02 
 6.592839e+00 -8.426803e-03 
 6.593237e+00 -4.045960e-03 
 6.593634e+00  1.015050e-03 
 6.594032e+00  6.389422e-03 
 6.594430e+00  1.182582e-02 
 6.594828e+00  1.696768e-02 
 6.595225e+00  2.142348e-02 
 6.595623e+00  2.491974e-02 
 6.596021e+00  2.709925e-02 
 6.596418e+00  2.773799e-02 
 6.596816e+00  2.669303e-02 
 6.597214e+00  2.407250e-02 
 6.597611e+00  2.005980e-02 
 6.598009e+00  1.512499e-02 
 6.598407e+00  9.708086e-03 
 6.598804e+00  4.274130e-03 
 6.599202e+00 -7.938143e-04 
 6.599600e+00 -5.030562e-03 
 6.599998e+00 -8.053840e-03 
 6.600395e+00 -9.608947e-03 
 6.600793e+00 -9.512575e-03 
 6.601191e+00 -7.810437e-03 
 6.601588e+00 -4.546156e-03 
 6.601986e+00  1.778684e-04 
 6.602384e+00  5.862026e-03 
 6.602781e+00  1.208943e-02 
 6.603179e+00  1.843706e-02 
 6.603577e+00  2.467186e-02 
 6.603975e+00  3.036017e-02 
 6.604372e+00  3.511281e-02 
 6.604770e+00  3.850802e-02 
 6.605168e+00  4.027917e-02 
 6.605565e+00  4.029079e-02 
 6.605963e+00  3.839702e-02 
 6.606361e+00  3.485368e-02 
 6.606758e+00  2.994020e-02 
 6.607156e+00  2.410840e-02 
 6.607554e+00  1.796413e-02 
 6.607951e+00  1.202716e-02 
 6.608349e+00  6.817476e-03 
 6.608747e+00  2.428131e-03 
 6.609145e+00 -8.487562e-04 
 6.609542e+00 -2.737169e-03 
 6.609940e+00 -3.129828e-03 
 6.610338e+00 -1.979302e-03 
 6.610735e+00  6.757761e-04 
 6.611133e+00  4.637056e-03 
 6.611531e+00  9.478652e-03 
 6.611928e+00  1.471946e-02 
 6.612326e+00  1.975802e-02 
 6.612724e+00  2.414585e-02 
 6.613122e+00  2.751743e-02 
 6.613519e+00  2.955588e-02 
 6.613917e+00  3.015373e-02 
 6.614315e+00  2.923459e-02 
 6.614712e+00  2.681232e-02 
 6.615110e+00  2.295107e-02 
 6.615508e+00  1.791669e-02 
 6.615905e+00  1.204339e-02 
 6.616303e+00  5.678216e-03 
 6.616701e+00 -6.833062e-04 
 6.617098e+00 -6.622037e-03 
 6.617496e+00 -1.173491e-02 
 6.617894e+00 -1.553263e-02 
 6.618292e+00 -1.770060e-02 
 6.618689e+00 -1.795695e-02 
 6.619087e+00 -1.630830e-02 
 6.619485e+00 -1.277944e-02 
 6.619882e+00 -7.725454e-03 
 6.620280e+00 -1.598812e-03 
 6.620678e+00  5.108681e-03 
 6.621075e+00  1.169382e-02 
 6.621473e+00  1.757925e-02 
 6.621871e+00  2.226766e-02 
 6.622269e+00  2.543089e-02 
 6.622666e+00  2.682888e-02 
 6.623064e+00  2.638225e-02 
 6.623462e+00  2.428508e-02 
 6.623859e+00  2.073745e-02 
 6.624257e+00  1.610062e-02 
 6.624655e+00  1.062672e-02 
 6.625052e+00  4.716723e-03 
 6.625450e+00 -1.115521e-03 
 6.625848e+00 -6.387086e-03 
 6.626245e+00 -1.076114e-02 
 6.626643e+00 -1.393480e-02 
 6.627041e+00 -1.557174e-02 
 6.627439e+00 -1.548367e-02 
 6.627836e+00 -1.368771e-02 
 6.628234e+00 -1.038201e-02 
 6.628632e+00 -5.892878e-03 
 6.629029e+00 -7.130217e-04 
 6.629427e+00  4.683007e-03 
 6.629825e+00  9.933618e-03 
 6.630222e+00  1.457471e-02 
 6.630620e+00  1.825395e-02 
 6.631018e+00  2.061910e-02 
 6.631416e+00  2.160786e-02 
 6.631813e+00  2.122707e-02 
 6.632211e+00  1.945089e-02 
 6.632609e+00  1.635249e-02 
 6.633006e+00  1.222010e-02 
 6.633404e+00  7.387058e-03 
 6.633802e+00  2.222427e-03 
 6.634199e+00 -2.827162e-03 
 6.634597e+00 -7.256615e-03 
 6.634995e+00 -1.078225e-02 
 6.635392e+00 -1.307400e-02 
 6.635790e+00 -1.403368e-02 
 6.636188e+00 -1.357471e-02 
 6.636586e+00 -1.179048e-02 
 6.636983e+00 -8.870800e-03 
 6.637381e+00 -5.092866e-03 
 6.637779e+00 -7.822050e-04 
 6.638176e+00  3.725733e-03 
 6.638574e+00  8.058927e-03 
 6.638972e+00  1.187154e-02 
 6.639369e+00  1.481182e-02 
 6.639767e+00  1.665833e-02 
 6.640165e+00  1.722278e-02 
 6.640563e+00  1.644583e-02 
 6.640960e+00  1.425439e-02 
 6.641358e+00  1.073091e-02 
 6.641756e+00  6.171698e-03 
 6.642153e+00  9.970577e-04 
 6.642551e+00 -4.273364e-03 
 6.642949e+00 -9.120483e-03 
 6.643346e+00 -1.313158e-02 
 6.643744e+00 -1.607790e-02 
 6.644142e+00 -1.776483e-02 
 6.644539e+00 -1.822341e-02 
 6.644937e+00 -1.761629e-02 
 6.645335e+00 -1.609637e-02 
 6.645733e+00 -1.376075e-02 
 6.646130e+00 -1.076695e-02 
 6.646528e+00 -7.294723e-03 
 6.646926e+00 -3.485143e-03 
 6.647323e+00  4.225068e-04 
 6.647721e+00  4.243859e-03 
 6.648119e+00  7.573572e-03 
 6.648516e+00  1.005933e-02 
 6.648914e+00  1.146052e-02 
 6.649312e+00  1.183507e-02 
 6.649710e+00  1.113737e-02 
 6.650107e+00  9.439815e-03 
 6.650505e+00  6.921077e-03 
 6.650903e+00  3.931077e-03 
 6.651300e+00  8.070337e-04 
 6.651698e+00 -2.059613e-03 
 6.652096e+00 -4.271824e-03 
 6.652493e+00 -5.617061e-03 
 6.652891e+00 -5.933800e-03 
 6.653289e+00 -5.189515e-03 
 6.653686e+00 -3.372342e-03 
 6.654084e+00 -6.957539e-04 
 6.654482e+00  2.514511e-03 
 6.654880e+00  5.940647e-03 
 6.655277e+00  9.421851e-03 
 6.655675e+00  1.281346e-02 
 6.656073e+00  1.583970e-02 
 6.656470e+00  1.829053e-02 
 6.656868e+00  2.002177e-02 
 6.657266e+00  2.067172e-02 
 6.657663e+00  2.014962e-02 
 6.658061e+00  1.844467e-02 
 6.658459e+00  1.576404e-02 
 6.658857e+00  1.247542e-02 
 6.659254e+00  8.919809e-03 
 6.659652e+00  5.529409e-03 
 6.660050e+00  2.338721e-03 
 6.660447e+00 -3.804125e-04 
 6.660845e+00 -2.641848e-03 
 6.661243e+00 -4.374636e-03 
 6.661640e+00 -5.360351e-03 
 6.662038e+00 -5.507015e-03 
 6.662436e+00 -4.681543e-03 
 6.662833e+00 -3.000045e-03 
 6.663231e+00 -5.534888e-04 
 6.663629e+00  2.415994e-03 
 6.664027e+00  5.619223e-03 
 6.664424e+00  8.813778e-03 
 6.664822e+00  1.161115e-02 
 6.665220e+00  1.375284e-02 
 6.665617e+00  1.502385e-02 
 6.666015e+00  1.519581e-02 
 6.666413e+00  1.422829e-02 
 6.666810e+00  1.216074e-02 
 6.667208e+00  9.132221e-03 
 6.667606e+00  5.494932e-03 
 6.668004e+00  1.639098e-03 
 6.668401e+00 -2.032523e-03 
 6.668799e+00 -5.312396e-03 
 6.669197e+00 -7.921649e-03 
 6.669594e+00 -9.694263e-03 
 6.669992e+00 -1.055971e-02 
 6.670390e+00 -1.042854e-02 
 6.670787e+00 -9.394661e-03 
 6.671185e+00 -7.400455e-03 
 6.671583e+00 -4.551768e-03 
 6.671980e+00 -1.176356e-03 
 6.672378e+00  2.331316e-03 
 6.672776e+00  5.658823e-03 
 6.673174e+00  8.475097e-03 
 6.673571e+00  1.041612e-02 
 6.673969e+00  1.148734e-02 
 6.674367e+00  1.163564e-02 
 6.674764e+00  1.088694e-02 
 6.675162e+00  9.291859e-03 
 6.675560e+00  7.032237e-03 
 6.675957e+00  4.224272e-03 
 6.676355e+00  1.041744e-03 
 6.676753e+00 -2.177378e-03 
 6.677151e+00 -5.173588e-03 
 6.677548e+00 -7.555689e-03 
 6.677946e+00 -9.104955e-03 
 6.678344e+00 -9.686967e-03 
 6.678741e+00 -9.228535e-03 
 6.679139e+00 -7.665029e-03 
 6.679537e+00 -5.124645e-03 
 6.679934e+00 -1.688030e-03 
 6.680332e+00  2.446283e-03 
 6.680730e+00  6.995503e-03 
 6.681127e+00  1.149911e-02 
 6.681525e+00  1.560314e-02 
 6.681923e+00  1.892236e-02 
 6.682321e+00  2.117643e-02 
 6.682718e+00  2.234083e-02 
 6.683116e+00  2.239467e-02 
 6.683514e+00  2.135443e-02 
 6.683911e+00  1.946963e-02 
 6.684309e+00  1.688805e-02 
 6.684707e+00  1.375184e-02 
 6.685104e+00  1.024423e-02 
 6.685502e+00  6.601670e-03 
 6.685900e+00  3.098486e-03 
 6.686298e+00  4.418690e-05 
 6.686695e+00 -2.281472e-03 
 6.687093e+00 -3.669156e-03 
 6.687491e+00 -3.973055e-03 
 6.687888e+00 -3.034151e-03 
 6.688286e+00 -9.664541e-04 
 6.688684e+00  2.003606e-03 
 6.689081e+00  5.677475e-03 
 6.689479e+00  9.654435e-03 
 6.689877e+00  1.359039e-02 
 6.690274e+00  1.719505e-02 
 6.690672e+00  2.017567e-02 
 6.691070e+00  2.221782e-02 
 6.691468e+00  2.322225e-02 
 6.691865e+00  2.302812e-02 
 6.692263e+00  2.158823e-02 
 6.692661e+00  1.889224e-02 
 6.693058e+00  1.514024e-02 
 6.693456e+00  1.067561e-02 
 6.693854e+00  5.801933e-03 
 6.694251e+00  8.539789e-04 
 6.694649e+00 -3.689727e-03 
 6.695047e+00 -7.414640e-03 
 6.695445e+00 -9.926222e-03 
 6.695842e+00 -1.107238e-02 
 6.696240e+00 -1.073150e-02 
 6.696638e+00 -8.857454e-03 
 6.697035e+00 -5.632697e-03 
 6.697433e+00 -1.291074e-03 
 6.697831e+00  3.872413e-03 
 6.698228e+00  9.499583e-03 
 6.698626e+00  1.508261e-02 
 6.699024e+00  2.033574e-02 
 6.699421e+00  2.484700e-02 
 6.699819e+00  2.820764e-02 
 6.700217e+00  3.006894e-02 
 6.700615e+00  3.014057e-02 
 6.701012e+00  2.844422e-02 
 6.701410e+00  2.504083e-02 
 6.701808e+00  2.034178e-02 
 6.702205e+00  1.474428e-02 
 6.702603e+00  8.840940e-03 
 6.703001e+00  3.157791e-03 
 6.703398e+00 -1.886017e-03 
 6.703796e+00 -5.830175e-03 
 6.704194e+00 -8.357722e-03 
 6.704592e+00 -9.274203e-03 
 6.704989e+00 -8.529177e-03 
 6.705387e+00 -6.290662e-03 
 6.705785e+00 -2.770008e-03 
 6.706182e+00  1.746073e-03 
 6.706580e+00  6.905164e-03 
 6.706978e+00  1.225108e-02 
 6.707375e+00  1.750481e-02 
 6.707773e+00  2.241309e-02 
 6.708171e+00  2.680020e-02 
 6.708568e+00  3.041944e-02 
 6.708966e+00  3.295339e-02 
 6.709364e+00  3.410072e-02 
 6.709762e+00  3.364600e-02 
 6.710159e+00  3.159938e-02 
 6.710557e+00  2.816732e-02 
 6.710955e+00  2.369205e-02 
 6.711352e+00  1.859703e-02 
 6.711750e+00  1.330349e-02 
 6.712148e+00  8.230870e-03 
 6.712545e+00  3.684894e-03 
 6.712943e+00 -2.967884e-05 
 6.713341e+00 -2.661159e-03 
 6.713739e+00 -4.007795e-03 
 6.714136e+00 -3.942909e-03 
 6.714534e+00 -2.500473e-03 
 6.714932e+00  2.406981e-04 
 6.715329e+00  4.064829e-03 
 6.715727e+00  8.604215e-03 
 6.716125e+00  1.334326e-02 
 6.716522e+00  1.786214e-02 
 6.716920e+00  2.188611e-02 
 6.717318e+00  2.505304e-02 
 6.717715e+00  2.716082e-02 
 6.718113e+00  2.791985e-02 
 6.718511e+00  2.720203e-02 
 6.718909e+00  2.502707e-02 
 6.719306e+00  2.144108e-02 
 6.719704e+00  1.672140e-02 
 6.720102e+00  1.122746e-02 
 6.720499e+00  5.276790e-03 
 6.720897e+00 -6.998994e-04 
 6.721295e+00 -6.262253e-03 
 6.721692e+00 -1.101434e-02 
 6.722090e+00 -1.470415e-02 
 6.722488e+00 -1.704606e-02 
 6.722886e+00 -1.786356e-02 
 6.723283e+00 -1.702575e-02 
 6.723681e+00 -1.464526e-02 
 6.724079e+00 -1.095186e-02 
 6.724476e+00 -6.327086e-03 
 6.724874e+00 -1.257496e-03 
 6.725272e+00  3.803313e-03 
 6.725669e+00  8.422017e-03 
 6.726067e+00  1.233447e-02 
 6.726465e+00  1.529430e-02 
 6.726862e+00  1.714710e-02 
 6.727260e+00  1.779328e-02 
 6.727658e+00  1.719343e-02 
 6.728056e+00  1.547975e-02 
 6.728453e+00  1.281376e-02 
 6.728851e+00  9.427679e-03 
 6.729249e+00  5.564549e-03 
 6.729646e+00  1.638526e-03 
 6.730044e+00 -1.920997e-03 
 6.730442e+00 -4.899927e-03 
 6.730839e+00 -7.004008e-03 
 6.731237e+00 -8.153329e-03 
 6.731635e+00 -8.272619e-03 
 6.732033e+00 -7.314833e-03 
 6.732430e+00 -5.291489e-03 
 6.732828e+00 -2.383865e-03 
 6.733226e+00  1.192311e-03 
 6.733623e+00  5.097994e-03 
 6.734021e+00  8.952416e-03 
 6.734419e+00  1.247269e-02 
 6.734816e+00  1.536594e-02 
 6.735214e+00  1.749300e-02 
 6.735612e+00  1.873940e-02 
 6.736009e+00  1.909249e-02 
 6.736407e+00  1.856179e-02 
 6.736805e+00  1.711972e-02 
 6.737203e+00  1.492190e-02 
 6.737600e+00  1.212211e-02 
 6.737998e+00  8.877825e-03 
 6.738396e+00  5.482455e-03 
 6.738793e+00  2.287677e-03 
 6.739191e+00 -3.390117e-04 
 6.739589e+00 -2.184214e-03 
 6.739986e+00 -3.230250e-03 
 6.740384e+00 -3.482930e-03 
 6.740782e+00 -3.064303e-03 
 6.741180e+00 -2.035822e-03 
 6.741577e+00 -5.659646e-04 
 6.741975e+00  1.208887e-03 
 6.742373e+00  3.223004e-03 
 6.742770e+00  5.211585e-03 
 6.743168e+00  6.994999e-03 
 6.743566e+00  8.467472e-03 
 6.743963e+00  9.314174e-03 
 6.744361e+00  9.503714e-03 
 6.744759e+00  8.950329e-03 
 6.745156e+00  7.726058e-03 
 6.745554e+00  5.771359e-03 
 6.745952e+00  3.326198e-03 
 6.746350e+00  5.382315e-04 
 6.746747e+00 -2.310682e-03 
 6.747145e+00 -4.909215e-03 
 6.747543e+00 -6.970067e-03 
 6.747940e+00 -8.262637e-03 
 6.748338e+00 -8.660108e-03 
 6.748736e+00 -8.210404e-03 
 6.749133e+00 -7.009136e-03 
 6.749531e+00 -5.341646e-03 
 6.749929e+00 -3.348269e-03 
 6.750327e+00 -1.235069e-03 
 6.750724e+00  8.425545e-04 
 6.751122e+00  2.748761e-03 
 6.751520e+00  4.336511e-03 
 6.751917e+00  5.510342e-03 
 6.752315e+00  6.200310e-03 
 6.752713e+00  6.158313e-03 
 6.753110e+00  5.492461e-03 
 6.753508e+00  4.286621e-03 
 6.753906e+00  2.744220e-03 
 6.754303e+00  1.055654e-03 
 6.754701e+00 -6.629316e-04 
 6.755099e+00 -2.212758e-03 
 6.755497e+00 -3.398858e-03 
 6.755894e+00 -4.066046e-03 
 6.756292e+00 -3.989364e-03 
 6.756690e+00 -3.246850e-03 
 6.757087e+00 -1.782680e-03 
 6.757485e+00  2.129559e-04 
 6.757883e+00  2.584215e-03 
 6.758280e+00  5.149984e-03 
 6.758678e+00  7.711165e-03 
 6.759076e+00  1.008763e-02 
 6.759474e+00  1.218603e-02 
 6.759871e+00  1.391525e-02 
 6.760269e+00  1.514333e-02 
 6.760667e+00  1.569965e-02 
 6.761064e+00  1.554153e-02 
 6.761462e+00  1.453933e-02 
 6.761860e+00  1.258956e-02 
 6.762257e+00  9.879558e-03 
 6.762655e+00  6.697452e-03 
 6.763053e+00  3.276843e-03 
 6.763450e+00  2.097696e-05 
 6.763848e+00 -2.767777e-03 
 6.764246e+00 -4.904980e-03 
 6.764644e+00 -6.322321e-03 
 6.765041e+00 -6.901933e-03 
 6.765439e+00 -6.671162e-03 
 6.765837e+00 -5.546462e-03 
 6.766234e+00 -3.689446e-03 
 6.766632e+00 -1.284599e-03 
 6.767030e+00  1.447620e-03 
 6.767427e+00  4.258187e-03 
 6.767825e+00  6.850209e-03 
 6.768223e+00  8.947089e-03 
 6.768621e+00  1.042262e-02 
 6.769018e+00  1.109555e-02 
 6.769416e+00  1.096465e-02 
 6.769814e+00  1.000224e-02 
 6.770211e+00  8.145004e-03 
 6.770609e+00  5.435222e-03 
 6.771007e+00  2.000694e-03 
 6.771404e+00 -1.811278e-03 
 6.771802e+00 -5.661498e-03 
 6.772200e+00 -9.062806e-03 
 6.772597e+00 -1.174299e-02 
 6.772995e+00 -1.359360e-02 
 6.773393e+00 -1.444588e-02 
 6.773791e+00 -1.422908e-02 
 6.774188e+00 -1.300665e-02 
 6.774586e+00 -1.089900e-02 
 6.774984e+00 -8.056033e-03 
 6.775381e+00 -4.622109e-03 
 6.775779e+00 -7.397688e-04 
 6.776177e+00  3.355177e-03 
 6.776574e+00  7.277730e-03 
 6.776972e+00  1.074935e-02 
 6.777370e+00  1.352247e-02 
 6.777768e+00  1.543409e-02 
 6.778165e+00  1.632684e-02 
 6.778563e+00  1.624792e-02 
 6.778961e+00  1.514508e-02 
 6.779358e+00  1.313790e-02 
 6.779756e+00  1.037419e-02 
 6.780154e+00  7.069080e-03 
 6.780551e+00  3.309896e-03 
 6.780949e+00 -5.813150e-04 
 6.781347e+00 -4.173021e-03 
 6.781744e+00 -7.213965e-03 
 6.782142e+00 -9.322753e-03 
 6.782540e+00 -1.032489e-02 
 6.782938e+00 -1.010778e-02 
 6.783335e+00 -8.537816e-03 
 6.783733e+00 -5.769579e-03 
 6.784131e+00 -2.014959e-03 
 6.784528e+00  2.542175e-03 
 6.784926e+00  7.667287e-03 
 6.785324e+00  1.290251e-02 
 6.785721e+00  1.789787e-02 
 6.786119e+00  2.232921e-02 
 6.786517e+00  2.580330e-02 
 6.786915e+00  2.801493e-02 
 6.787312e+00  2.889714e-02 
 6.787710e+00  2.840599e-02 
 6.788108e+00  2.652658e-02 
 6.788505e+00  2.350759e-02 
 6.788903e+00  1.947397e-02 
 6.789301e+00  1.471187e-02 
 6.789698e+00  9.620845e-03 
 6.790096e+00  4.532963e-03 
 6.790494e+00 -9.881865e-05 
 6.790891e+00 -3.782596e-03 
 6.791289e+00 -6.072597e-03 
 6.791687e+00 -6.791596e-03 
 6.792085e+00 -5.867500e-03 
 6.792482e+00 -3.379313e-03 
 6.792880e+00  4.399714e-04 
 6.793278e+00  5.295772e-03 
 6.793675e+00  1.087895e-02 
 6.794073e+00  1.664555e-02 
 6.794471e+00  2.212115e-02 
 6.794868e+00  2.689771e-02 
 6.795266e+00  3.042418e-02 
 6.795664e+00  3.251310e-02 
 6.796062e+00  3.305903e-02 
 6.796459e+00  3.191514e-02 
 6.796857e+00  2.918710e-02 
 6.797255e+00  2.516350e-02 
 6.797652e+00  2.028919e-02 
 6.798050e+00  1.491287e-02 
 6.798448e+00  9.514859e-03 
 6.798845e+00  4.462937e-03 
 6.799243e+00  5.239205e-05 
 6.799641e+00 -3.336294e-03 
 6.800038e+00 -5.477292e-03 
 6.800436e+00 -6.310081e-03 
 6.800834e+00 -5.752353e-03 
 6.801232e+00 -3.912115e-03 
 6.801629e+00 -1.042988e-03 
 6.802027e+00  2.718024e-03 
 6.802425e+00  7.027309e-03 
 6.802822e+00  1.148562e-02 
 6.803220e+00  1.581560e-02 
 6.803618e+00  1.981626e-02 
 6.804015e+00  2.313825e-02 
 6.804413e+00  2.553701e-02 
 6.804811e+00  2.689134e-02 
 6.805209e+00  2.706901e-02 
 6.805606e+00  2.605679e-02 
 6.806004e+00  2.392528e-02 
 6.806402e+00  2.090260e-02 
 6.806799e+00  1.726957e-02 
 6.807197e+00  1.339853e-02 
 6.807595e+00  9.576545e-03 
 6.807992e+00  6.076400e-03 
 6.808390e+00  3.198322e-03 
 6.808788e+00  1.052248e-03 
 6.809185e+00 -3.664179e-04 
 6.809583e+00 -9.222124e-04 
 6.809981e+00 -6.365331e-04 
 6.810379e+00  4.301374e-04 
 6.810776e+00  2.292036e-03 
 6.811174e+00  4.836323e-03 
 6.811572e+00  7.903034e-03 
 6.811969e+00  1.125047e-02 
 6.812367e+00  1.464031e-02 
 6.812765e+00  1.766259e-02 
 6.813162e+00  2.007200e-02 
 6.813560e+00  2.164707e-02 
 6.813958e+00  2.225274e-02 
 6.814356e+00  2.180379e-02 
 6.814753e+00  2.045313e-02 
 6.815151e+00  1.830833e-02 
 6.815549e+00  1.554431e-02 
 6.815946e+00  1.236593e-02 
 6.816344e+00  9.038079e-03 
 6.816742e+00  5.804585e-03 
 6.817139e+00  3.017979e-03 
 6.817537e+00  1.014029e-03 
 6.817935e+00 -4.985816e-05 
 6.818332e+00 -7.247006e-05 
 6.818730e+00  7.917241e-04 
 6.819128e+00  2.411479e-03 
 6.819526e+00  4.763688e-03 
 6.819923e+00  7.700961e-03 
 6.820321e+00  1.092862e-02 
 6.820719e+00  1.412398e-02 
 6.821116e+00  1.711628e-02 
 6.821514e+00  1.952351e-02 
 6.821912e+00  2.116303e-02 
 6.822309e+00  2.183819e-02 
 6.822707e+00  2.145274e-02 
 6.823105e+00  2.006204e-02 
 6.823503e+00  1.789662e-02 
 6.823900e+00  1.518222e-02 
 6.824298e+00  1.214790e-02 
 6.824696e+00  9.061897e-03 
 6.825093e+00  6.050855e-03 
 6.825491e+00  3.281380e-03 
 6.825889e+00  9.217986e-04 
 6.826286e+00 -8.677053e-04 
 6.826684e+00 -2.017874e-03 
 6.827082e+00 -2.400430e-03 
 6.827479e+00 -1.908956e-03 
 6.827877e+00 -7.028782e-04 
 6.828275e+00  1.038158e-03 
 6.828673e+00  3.143589e-03 
 6.829070e+00  5.252372e-03 
 6.829468e+00  7.098183e-03 
 6.829866e+00  8.416843e-03 
 6.830263e+00  9.132980e-03 
 6.830661e+00  9.099693e-03 
 6.831059e+00  8.364081e-03 
 6.831456e+00  6.876754e-03 
 6.831854e+00  4.741522e-03 
 6.832252e+00  2.163884e-03 
 6.832650e+00 -6.437338e-04 
 6.833047e+00 -3.379603e-03 
 6.833445e+00 -5.786561e-03 
 6.833843e+00 -7.585657e-03 
 6.834240e+00 -8.756353e-03 
 6.834638e+00 -9.239944e-03 
 6.835036e+00 -9.033935e-03 
 6.835433e+00 -8.191931e-03 
 6.835831e+00 -6.698469e-03 
 6.836229e+00 -4.669009e-03 
 6.836626e+00 -2.195327e-03 
 6.837024e+00  5.778533e-04 
 6.837422e+00  3.444340e-03 
 6.837820e+00  6.039991e-03 
 6.838217e+00  8.282728e-03 
 6.838615e+00  1.003763e-02 
 6.839013e+00  1.128974e-02 
 6.839410e+00  1.207438e-02 
 6.839808e+00  1.247965e-02 
 6.840206e+00  1.237940e-02 
 6.840603e+00  1.161809e-02 
 6.841001e+00  1.010951e-02 
 6.841399e+00  7.937727e-03 
 6.841797e+00  5.319645e-03 
 6.842194e+00  2.546587e-03 
 6.842592e+00 -2.037532e-04 
 6.842990e+00 -2.614471e-03 
 6.843387e+00 -4.470699e-03 
 6.843785e+00 -5.609947e-03 
 6.844183e+00 -6.050290e-03 
 6.844580e+00 -5.813359e-03 
 6.844978e+00 -4.912465e-03 
 6.845376e+00 -3.399659e-03 
 6.845773e+00 -1.359906e-03 
 6.846171e+00  1.115373e-03 
 6.846569e+00  3.735849e-03 
 6.846967e+00  6.322610e-03 
 6.847364e+00  8.623477e-03 
 6.847762e+00  1.056258e-02 
 6.848160e+00  1.207034e-02 
 6.848557e+00  1.311250e-02 
 6.848955e+00  1.353436e-02 
 6.849353e+00  1.343352e-02 
 6.849750e+00  1.268330e-02 
 6.850148e+00  1.124290e-02 
 6.850546e+00  9.101733e-03 
 6.850944e+00  6.533300e-03 
 6.851341e+00  3.743735e-03 
 6.851739e+00  1.064678e-03 
 6.852137e+00 -1.170901e-03 
 6.852534e+00 -2.651405e-03 
 6.852932e+00 -3.380813e-03 
 6.853330e+00 -3.337936e-03 
 6.853727e+00 -2.637586e-03 
 6.854125e+00 -1.426695e-03 
 6.854523e+00  1.930498e-04 
 6.854920e+00  2.010955e-03 
 6.855318e+00  3.833311e-03 
 6.855716e+00  5.508263e-03 
 6.856114e+00  6.815157e-03 
 6.856511e+00  7.484692e-03 
 6.856909e+00  7.314686e-03 
 6.857307e+00  6.316241e-03 
 6.857704e+00  4.547205e-03 
 6.858102e+00  2.076857e-03 
 6.858500e+00 -8.219524e-04 
 6.858897e+00 -3.868261e-03 
 6.859295e+00 -6.779735e-03 
 6.859693e+00 -9.279150e-03 
 6.860091e+00 -1.123298e-02 
 6.860488e+00 -1.256753e-02 
 6.860886e+00 -1.313233e-02 
 6.861284e+00 -1.300330e-02 
 6.861681e+00 -1.214060e-02 
 6.862079e+00 -1.058791e-02 
 6.862477e+00 -8.510664e-03 
 6.862874e+00 -6.179933e-03 
 6.863272e+00 -3.776960e-03 
 6.863670e+00 -1.449679e-03 
 6.864067e+00  6.549081e-04 
 6.864465e+00  2.271642e-03 
 6.864863e+00  3.321052e-03 
 6.865261e+00  3.763890e-03 
 6.865658e+00  3.682553e-03 
 6.866056e+00  3.115458e-03 
 6.866454e+00  2.127050e-03 
 6.866851e+00  9.386361e-04 
 6.867249e+00 -6.073297e-05 
 6.867647e+00 -6.422675e-04 
 6.868044e+00 -5.843261e-04 
 6.868442e+00  2.923074e-04 
 6.868840e+00  1.912494e-03 
 6.869238e+00  4.127672e-03 
 6.869635e+00  6.734572e-03 
 6.870033e+00  9.482542e-03 
 6.870431e+00  1.209828e-02 
 6.870828e+00  1.439774e-02 
 6.871226e+00  1.619190e-02 
 6.871624e+00  1.740199e-02 
 6.872021e+00  1.792044e-02 
 6.872419e+00  1.771101e-02 
 6.872817e+00  1.679629e-02 
 6.873214e+00  1.534785e-02 
 6.873612e+00  1.347768e-02 
 6.874010e+00  1.114602e-02 
 6.874408e+00  8.477495e-03 
 6.874805e+00  5.586382e-03 
 6.875203e+00  2.584978e-03 
 6.875601e+00 -3.367908e-04 
 6.875998e+00 -2.976518e-03 
 6.876396e+00 -5.134758e-03 
 6.876794e+00 -6.673052e-03 
 6.877191e+00 -7.502155e-03 
 6.877589e+00 -7.524995e-03 
 6.877987e+00 -6.776632e-03 
 6.878385e+00 -5.291482e-03 
 6.878782e+00 -3.196552e-03 
 6.879180e+00 -5.865381e-04 
 6.879578e+00  2.529779e-03 
 6.879975e+00  5.824444e-03 
 6.880373e+00  9.030316e-03 
 6.880771e+00  1.189638e-02 
 6.881168e+00  1.432999e-02 
 6.881566e+00  1.617932e-02 
 6.881964e+00  1.728022e-02 
 6.882361e+00  1.755376e-02 
 6.882759e+00  1.686940e-02 
 6.883157e+00  1.524508e-02 
 6.883555e+00  1.280133e-02 
 6.883952e+00  9.634000e-03 
 6.884350e+00  6.010883e-03 
 6.884748e+00  2.072945e-03 
 6.885145e+00 -1.904457e-03 
 6.885543e+00 -5.619260e-03 
 6.885941e+00 -8.699936e-03 
 6.886338e+00 -1.086034e-02 
 6.886736e+00 -1.197916e-02 
 6.887134e+00 -1.173347e-02 
 6.887532e+00 -9.982244e-03 
 6.887929e+00 -6.739848e-03 
 6.888327e+00 -2.289519e-03 
 6.888725e+00  3.105142e-03 
 6.889122e+00  8.959358e-03 
 6.889520e+00  1.482560e-02 
 6.889918e+00  2.019424e-02 
 6.890315e+00  2.455376e-02 
 6.890713e+00  2.768548e-02 
 6.891111e+00  2.929286e-02 
 6.891508e+00  2.922952e-02 
 6.891906e+00  2.751435e-02 
 6.892304e+00  2.427617e-02 
 6.892702e+00  1.983748e-02 
 6.893099e+00  1.453896e-02 
 6.893497e+00  8.948209e-03 
 6.893895e+00  3.571756e-03 
 6.894292e+00 -1.187374e-03 
 6.894690e+00 -4.902066e-03 
 6.895088e+00 -7.276764e-03 
 6.895485e+00 -8.072064e-03 
 6.895883e+00 -7.366308e-03 
 6.896281e+00 -5.098728e-03 
 6.896679e+00 -1.413868e-03 
 6.897076e+00  3.437762e-03 
 6.897474e+00  9.098661e-03 
 6.897872e+00  1.510247e-02 
 6.898269e+00  2.099711e-02 
 6.898667e+00  2.630813e-02 
 6.899065e+00  3.061004e-02 
 6.899462e+00  3.368410e-02 
 6.899860e+00  3.544812e-02 
 6.900258e+00  3.586491e-02 
 6.900655e+00  3.490086e-02 
 6.901053e+00  3.258527e-02 
 6.901451e+00  2.907953e-02 
 6.901849e+00  2.461003e-02 
 6.902246e+00  1.940543e-02 
 6.902644e+00  1.384181e-02 
 6.903042e+00  8.310512e-03 
 6.903439e+00  3.243825e-03 
 6.903837e+00 -1.038305e-03 
 6.904235e+00 -4.399527e-03 
 6.904632e+00 -6.623041e-03 
 6.905030e+00 -7.660345e-03 
 6.905428e+00 -7.543116e-03 
 6.905825e+00 -6.380503e-03 
 6.906223e+00 -4.288590e-03 
 6.906621e+00 -1.468093e-03 
 6.907019e+00  1.837042e-03 
 6.907416e+00  5.477426e-03 
 6.907814e+00  9.276376e-03 
 6.908212e+00  1.302240e-02 
 6.908609e+00  1.629902e-02 
 6.909007e+00  1.890189e-02 
 6.909405e+00  2.064881e-02 
 6.909802e+00  2.137327e-02 
 6.910200e+00  2.094150e-02 
 6.910598e+00  1.923052e-02 
 6.910996e+00  1.641621e-02 
 6.911393e+00  1.278352e-02 
 6.911791e+00  8.635753e-03 
 6.912189e+00  4.326935e-03 
 6.912586e+00  2.197357e-04 
 6.912984e+00 -3.306390e-03 
 6.913382e+00 -5.888906e-03 
 6.913779e+00 -7.337344e-03 
 6.914177e+00 -7.530414e-03 
 6.914575e+00 -6.396523e-03 
 6.914972e+00 -4.164080e-03 
 6.915370e+00 -9.775569e-04 
 6.915768e+00  2.806272e-03 
 6.916166e+00  6.880208e-03 
 6.916563e+00  1.080932e-02 
 6.916961e+00  1.427032e-02 
 6.917359e+00  1.705112e-02 
 6.917756e+00  1.886685e-02 
 6.918154e+00  1.959153e-02 
 6.918552e+00  1.934794e-02 
 6.918949e+00  1.825916e-02 
 6.919347e+00  1.652204e-02 
 6.919745e+00  1.428139e-02 
 6.920143e+00  1.177550e-02 
 6.920540e+00  9.202829e-03 
 6.920938e+00  6.740487e-03 
 6.921336e+00  4.554611e-03 
 6.921733e+00  2.867730e-03 
 6.922131e+00  1.729633e-03 
 6.922529e+00  1.267159e-03 
 6.922926e+00  1.359690e-03 
 6.923324e+00  2.017583e-03 
 6.923722e+00  3.169921e-03 
 6.924119e+00  4.675075e-03 
 6.924517e+00  6.433607e-03 
 6.924915e+00  8.223313e-03 
 6.925313e+00  9.880131e-03 
 6.925710e+00  1.121360e-02 
 6.926108e+00  1.197004e-02 
 6.926506e+00  1.205369e-02 
 6.926903e+00  1.158342e-02 
 6.927301e+00  1.073449e-02 
 6.927699e+00  9.711340e-03 
 6.928096e+00  8.819226e-03 
 6.928494e+00  8.195164e-03 
 6.928892e+00  7.888383e-03 
 6.929290e+00  7.848560e-03 
 6.929687e+00  8.010776e-03 
 6.930085e+00  8.107595e-03 
 6.930483e+00  7.942493e-03 
 6.930880e+00  7.440352e-03 
 6.931278e+00  6.750134e-03 
 6.931676e+00  6.063317e-03 
 6.932073e+00  5.421557e-03 
 6.932471e+00  4.888901e-03 
 6.932869e+00  4.459573e-03 
 6.933266e+00  4.205120e-03 
 6.933664e+00  4.130705e-03 
 6.934062e+00  4.207939e-03 
 6.934460e+00  4.249355e-03 
 6.934857e+00  4.183941e-03 
 6.935255e+00  4.002817e-03 
 6.935653e+00  3.634635e-03 
 6.936050e+00  3.107917e-03 
 6.936448e+00  2.428815e-03 
 6.936846e+00  1.629272e-03 
 6.937243e+00  6.800991e-04 
 6.937641e+00 -2.628539e-04 
 6.938039e+00 -1.140306e-03 
 6.938437e+00 -1.963537e-03 
 6.938834e+00 -2.641477e-03 
 6.939232e+00 -3.135690e-03 
 6.939630e+00 -3.429061e-03 
 6.940027e+00 -3.406096e-03 
 6.940425e+00 -3.047215e-03 
 6.940823e+00 -2.251854e-03 
 6.941220e+00 -1.085601e-03 
 6.941618e+00  3.548056e-04 
 6.942016e+00  1.990390e-03 
 6.942413e+00  3.757659e-03 
 6.942811e+00  5.481936e-03 
 6.943209e+00  7.071853e-03 
 6.943607e+00  8.363240e-03 
 6.944004e+00  9.407650e-03 
 6.944402e+00  1.005563e-02 
 6.944800e+00  1.027312e-02 
 6.945197e+00  1.003734e-02 
 6.945595e+00  9.420142e-03 
 6.945993e+00  8.349313e-03 
 6.946390e+00  6.997680e-03 
 6.946788e+00  5.529310e-03 
 6.947186e+00  4.266512e-03 
 6.947584e+00  3.453415e-03 
 6.947981e+00  3.178716e-03 
 6.948379e+00  3.501509e-03 
 6.948777e+00  4.365608e-03 
 6.949174e+00  5.724339e-03 
 6.949572e+00  7.299260e-03 
 6.949970e+00  8.867089e-03 
 6.950367e+00  1.021305e-02 
 6.950765e+00  1.116366e-02 
 6.951163e+00  1.156096e-02 
 6.951560e+00  1.149705e-02 
 6.951958e+00  1.103174e-02 
 6.952356e+00  1.005702e-02 
 6.952754e+00  8.663246e-03 
 6.953151e+00  6.942042e-03 
 6.953549e+00  4.986896e-03 
 6.953947e+00  2.849605e-03 
 6.954344e+00  5.379153e-04 
 6.954742e+00 -1.839829e-03 
 6.955140e+00 -4.062698e-03 
 6.955537e+00 -5.902953e-03 
 6.955935e+00 -7.102843e-03 
 6.956333e+00 -7.583986e-03 
 6.956731e+00 -7.228868e-03 
 6.957128e+00 -6.136753e-03 
 6.957526e+00 -4.445372e-03 
 6.957924e+00 -2.491828e-03 
 6.958321e+00 -5.081725e-04 
 6.958719e+00  1.243967e-03 
 6.959117e+00  2.657026e-03 
 6.959514e+00  3.671657e-03 
 6.959912e+00  4.235573e-03 
 6.960310e+00  4.239558e-03 
 6.960707e+00  3.641643e-03 
 6.961105e+00  2.469949e-03 
 6.961503e+00  8.423276e-04 
 6.961901e+00 -1.084524e-03 
 6.962298e+00 -3.178265e-03 
 6.962696e+00 -5.166079e-03 
 6.963094e+00 -6.682849e-03 
 6.963491e+00 -7.679278e-03 
 6.963889e+00 -8.096722e-03 
 6.964287e+00 -7.779069e-03 
 6.964684e+00 -6.731880e-03 
 6.965082e+00 -5.098221e-03 
 6.965480e+00 -3.029208e-03 
 6.965878e+00 -7.871399e-04 
 6.966275e+00  1.352828e-03 
 6.966673e+00  3.178969e-03 
 6.967071e+00  4.552449e-03 
 6.967468e+00  5.459343e-03 
 6.967866e+00  5.946335e-03 
 6.968264e+00  6.016943e-03 
 6.968661e+00  5.584898e-03 
 6.969059e+00  4.734598e-03 
 6.969457e+00  3.473108e-03 
 6.969854e+00  1.745091e-03 
 6.970252e+00 -3.606041e-04 
 6.970650e+00 -2.590702e-03 
 6.971048e+00 -4.682956e-03 
 6.971445e+00 -6.378403e-03 
 6.971843e+00 -7.547233e-03 
 6.972241e+00 -8.062750e-03 
 6.972638e+00 -7.849675e-03 
 6.973036e+00 -6.918114e-03 
 6.973434e+00 -5.299715e-03 
 6.973831e+00 -2.990431e-03 
 6.974229e+00 -1.350722e-04 
 6.974627e+00  2.990478e-03 
 6.975025e+00  6.233180e-03 
 6.975422e+00  9.476938e-03 
 6.975820e+00  1.255051e-02 
 6.976218e+00  1.526856e-02 
 6.976615e+00  1.752279e-02 
 6.977013e+00  1.917974e-02 
 6.977411e+00  2.010883e-02 
 6.977808e+00  2.006960e-02 
 6.978206e+00  1.899501e-02 
 6.978604e+00  1.679459e-02 
 6.979001e+00  1.366450e-02 
 6.979399e+00  9.957436e-03 
 6.979797e+00  6.022179e-03 
 6.980195e+00  2.168549e-03 
 6.980592e+00 -1.247987e-03 
 6.980990e+00 -4.046790e-03 
 6.981388e+00 -6.228135e-03 
 6.981785e+00 -7.639873e-03 
 6.982183e+00 -8.227840e-03 
 6.982581e+00 -7.922275e-03 
 6.982978e+00 -6.528786e-03 
 6.983376e+00 -3.977551e-03 
 6.983774e+00 -4.148427e-04 
 6.984172e+00  3.862467e-03 
 6.984569e+00  8.485514e-03 
 6.984967e+00  1.298183e-02 
 6.985365e+00  1.691116e-02 
 6.985762e+00  1.979741e-02 
 6.986160e+00  2.129405e-02 
 6.986558e+00  2.135393e-02 
 6.986955e+00  2.001094e-02 
 6.987353e+00  1.733056e-02 
 6.987751e+00  1.358799e-02 
 6.988148e+00  9.194413e-03 
 6.988546e+00  4.495383e-03 
 6.988944e+00 -1.444444e-05 
 6.989342e+00 -3.916101e-03 
 6.989739e+00 -6.882424e-03 
 6.990137e+00 -8.723374e-03 
 6.990535e+00 -9.432938e-03 
 6.990932e+00 -8.984104e-03 
 6.991330e+00 -7.390617e-03 
 6.991728e+00 -4.693453e-03 
 6.992125e+00 -1.095237e-03 
 6.992523e+00  3.283371e-03 
 6.992921e+00  8.198005e-03 
 6.993319e+00  1.334833e-02 
 6.993716e+00  1.822895e-02 
 6.994114e+00  2.244761e-02 
 6.994512e+00  2.569811e-02 
 6.994909e+00  2.781508e-02 
 6.995307e+00  2.869736e-02 
 6.995705e+00  2.848399e-02 
 6.996102e+00  2.723828e-02 
 6.996500e+00  2.494634e-02 
 6.996898e+00  2.180270e-02 
 6.997295e+00  1.802993e-02 
 6.997693e+00  1.379350e-02 
 6.998091e+00  9.434323e-03 
 6.998489e+00  5.195464e-03 
 6.998886e+00  1.387849e-03 
 6.999284e+00 -1.626483e-03 
 6.999682e+00 -3.657498e-03 
 7.000079e+00 -4.692488e-03 
 7.000477e+00 -4.744206e-03 
 7.000875e+00 -3.778753e-03 
 7.001272e+00 -1.851432e-03 
 7.001670e+00  1.009896e-03 
 7.002068e+00  4.644650e-03 
 7.002466e+00  8.775808e-03 
 7.002863e+00  1.329450e-02 
 7.003261e+00  1.792174e-02 
 7.003659e+00  2.232638e-02 
 7.004056e+00  2.627831e-02 
 7.004454e+00  2.944350e-02 
 7.004852e+00  3.157805e-02 
 7.005249e+00  3.249672e-02 
 7.005647e+00  3.205832e-02 
 7.006045e+00  3.008735e-02 
 7.006442e+00  2.659387e-02 
 7.006840e+00  2.192721e-02 
 7.007238e+00  1.657777e-02 
 7.007636e+00  1.098509e-02 
 7.008033e+00  5.756484e-03 
 7.008431e+00  1.315518e-03 
 7.008829e+00 -2.032950e-03 
 7.009226e+00 -4.211302e-03 
 7.009624e+00 -5.242652e-03 
 7.010022e+00 -5.189787e-03 
 7.010419e+00 -4.080469e-03 
 7.010817e+00 -2.057946e-03 
 7.011215e+00  8.408737e-04 
 7.011613e+00  4.397656e-03 
 7.012010e+00  8.265341e-03 
 7.012408e+00  1.200067e-02 
 7.012806e+00  1.521561e-02 
 7.013203e+00  1.766522e-02 
 7.013601e+00  1.920158e-02 
 7.013999e+00  1.968825e-02 
 7.014396e+00  1.909305e-02 
 7.014794e+00  1.750671e-02 
 7.015192e+00  1.504469e-02 
 7.015589e+00  1.191669e-02 
 7.015987e+00  8.405205e-03 
 7.016385e+00  4.755165e-03 
 7.016783e+00  1.387626e-03 
 7.017180e+00 -1.473642e-03 
 7.017578e+00 -3.658014e-03 
 7.017976e+00 -4.999680e-03 
 7.018373e+00 -5.528966e-03 
 7.018771e+00 -5.375635e-03 
 7.019169e+00 -4.513508e-03 
 7.019566e+00 -2.945146e-03 
 7.019964e+00 -8.363140e-04 
 7.020362e+00  1.711909e-03 
 7.020760e+00  4.503177e-03 
 7.021157e+00  7.300472e-03 
 7.021555e+00  9.944460e-03 
 7.021953e+00  1.226475e-02 
 7.022350e+00  1.411473e-02 
 7.022748e+00  1.541839e-02 
 7.023146e+00  1.632405e-02 
 7.023543e+00  1.685731e-02 
 7.023941e+00  1.695041e-02 
 7.024339e+00  1.674040e-02 
 7.024736e+00  1.616872e-02 
 7.025134e+00  1.536409e-02 
 7.025532e+00  1.429250e-02 
 7.025930e+00  1.300125e-02 
 7.026327e+00  1.151308e-02 
 7.026725e+00  9.973138e-03 
 7.027123e+00  8.517890e-03 
 7.027520e+00  7.261384e-03 
 7.027918e+00  6.256611e-03 
 7.028316e+00  5.520540e-03 
 7.028713e+00  5.154574e-03 
 7.029111e+00  5.202594e-03 
 7.029509e+00  5.572857e-03 
 7.029907e+00  6.156599e-03 
 7.030304e+00  6.748924e-03 
 7.030702e+00  7.504377e-03 
 7.031100e+00  8.254508e-03 
 7.031497e+00  8.969987e-03 
 7.031895e+00  9.742668e-03 
 7.032293e+00  1.047647e-02 
 7.032690e+00  1.113816e-02 
 7.033088e+00  1.165549e-02 
 7.033486e+00  1.195239e-02 
 7.033883e+00  1.194422e-02 
 7.034281e+00  1.154385e-02 
 7.034679e+00  1.083777e-02 
 7.035077e+00  9.876691e-03 
 7.035474e+00  8.847805e-03 
 7.035872e+00  7.891094e-03 
 7.036270e+00  6.965918e-03 
 7.036667e+00  6.192149e-03 
 7.037065e+00  5.608845e-03 
 7.037463e+00  5.108586e-03 
 7.037860e+00  4.613029e-03 
 7.038258e+00  4.067987e-03 
 7.038656e+00  3.416087e-03 
 7.039054e+00  2.690656e-03 
 7.039451e+00  1.976477e-03 
 7.039849e+00  1.234486e-03 
 7.040247e+00  5.414643e-04 
 7.040644e+00 -3.149447e-05 
 7.041042e+00 -5.566772e-04 
 7.041440e+00 -1.003589e-03 
 7.041837e+00 -1.322545e-03 
 7.042235e+00 -1.605146e-03 
 7.042633e+00 -1.903263e-03 
 7.043030e+00 -2.135333e-03 
 7.043428e+00 -2.293915e-03 
 7.043826e+00 -2.399982e-03 
 7.044224e+00 -2.386963e-03 
 7.044621e+00 -2.219238e-03 
 7.045019e+00 -1.872946e-03 
 7.045417e+00 -1.350541e-03 
 7.045814e+00 -7.673890e-04 
 7.046212e+00 -2.601539e-04 
 7.046610e+00  1.032996e-04 
 7.047007e+00  2.991258e-04 
 7.047405e+00  2.805097e-04 
 7.047803e+00  4.251850e-05 
 7.048201e+00 -2.898755e-04 
 7.048598e+00 -6.372863e-04 
 7.048996e+00 -1.010935e-03 
 7.049394e+00 -1.251440e-03 
 7.049791e+00 -1.421632e-03 
 7.050189e+00 -1.490773e-03 
 7.050587e+00 -1.350708e-03 
 7.050984e+00 -9.512964e-04 
 7.051382e+00 -3.672179e-04 
 7.051780e+00  3.489689e-04 
 7.052177e+00  1.145143e-03 
 7.052575e+00  1.987366e-03 
 7.052973e+00  2.907078e-03 
 7.053371e+00  3.826227e-03 
 7.053768e+00  4.557707e-03 
 7.054166e+00  5.193331e-03 
 7.054564e+00  5.588864e-03 
 7.054961e+00  5.632401e-03 
 7.055359e+00  5.179405e-03 
 7.055757e+00  4.262995e-03 
 7.056154e+00  2.916433e-03 
 7.056552e+00  1.246967e-03 
 7.056950e+00 -5.381417e-04 
 7.057348e+00 -2.404305e-03 
 7.057745e+00 -4.195814e-03 
 7.058143e+00 -5.756691e-03 
 7.058541e+00 -7.155612e-03 
 7.058938e+00 -8.199175e-03 
 7.059336e+00 -8.750870e-03 
 7.059734e+00 -8.728240e-03 
 7.060131e+00 -8.150738e-03 
 7.060529e+00 -7.006874e-03 
 7.060927e+00 -5.467528e-03 
 7.061324e+00 -3.814196e-03 
 7.061722e+00 -2.185829e-03 
 7.062120e+00 -7.429200e-04 
 7.062518e+00  4.143652e-04 
 7.062915e+00  1.342689e-03 
 7.063313e+00  2.016182e-03 
 7.063711e+00  2.445968e-03 
 7.064108e+00  2.605320e-03 
 7.064506e+00  2.441046e-03 
 7.064904e+00  1.929348e-03 
 7.065301e+00  1.128914e-03 
 7.065699e+00  1.273226e-04 
 7.066097e+00 -1.173494e-03 
 7.066495e+00 -2.627444e-03 
 7.066892e+00 -4.126831e-03 
 7.067290e+00 -5.550478e-03 
 7.067688e+00 -6.786288e-03 
 7.068085e+00 -7.522427e-03 
 7.068483e+00 -7.646367e-03 
 7.068881e+00 -7.038302e-03 
 7.069278e+00 -5.599472e-03 
 7.069676e+00 -3.530243e-03 
 7.070074e+00 -1.131121e-03 
 7.070471e+00  1.425340e-03 
 7.070869e+00  3.840212e-03 
 7.071267e+00  5.818794e-03 
 7.071665e+00  7.394306e-03 
 7.072062e+00  8.498786e-03 
 7.072460e+00  9.156484e-03 
 7.072858e+00  9.389766e-03 
 7.073255e+00  9.102015e-03 
 7.073653e+00  8.195596e-03 
 7.074051e+00  6.647052e-03 
 7.074448e+00  4.636863e-03 
 7.074846e+00  2.216588e-03 
 7.075244e+00 -4.385853e-04 
 7.075642e+00 -3.034304e-03 
 7.076039e+00 -5.396581e-03 
 7.076437e+00 -7.203762e-03 
 7.076835e+00 -8.175649e-03 
 7.077232e+00 -8.238997e-03 
 7.077630e+00 -7.295197e-03 
 7.078028e+00 -5.251834e-03 
 7.078425e+00 -2.097946e-03 
 7.078823e+00  1.882732e-03 
 7.079221e+00  6.495704e-03 
 7.079618e+00  1.132538e-02 
 7.080016e+00  1.594665e-02 
 7.080414e+00  2.016306e-02 
 7.080812e+00  2.366567e-02 
 7.081209e+00  2.628953e-02 
 7.081607e+00  2.785923e-02 
 7.082005e+00  2.820523e-02 
 7.082402e+00  2.724260e-02 
 7.082800e+00  2.507688e-02 
 7.083198e+00  2.191785e-02 
 7.083595e+00  1.801592e-02 
 7.083993e+00  1.372267e-02 
 7.084391e+00  9.552080e-03 
 7.084789e+00  5.782485e-03 
 7.085186e+00  2.695742e-03 
 7.085584e+00  4.655427e-04 
 7.085982e+00 -8.282517e-04 
 7.086379e+00 -1.196982e-03 
 7.086777e+00 -5.920365e-04 
 7.087175e+00  1.097828e-03 
 7.087572e+00  3.691032e-03 
 7.087970e+00  7.138377e-03 
 7.088368e+00  1.115145e-02 
 7.088765e+00  1.530573e-02 
 7.089163e+00  1.934806e-02 
 7.089561e+00  2.282271e-02 
 7.089959e+00  2.540912e-02 
 7.090356e+00  2.693964e-02 
 7.090754e+00  2.736285e-02 
 7.091152e+00  2.658108e-02 
 7.091549e+00  2.464500e-02 
 7.091947e+00  2.173907e-02 
 7.092345e+00  1.803155e-02 
 7.092742e+00  1.386344e-02 
 7.093140e+00  9.559382e-03 
 7.093538e+00  5.272457e-03 
 7.093936e+00  1.259263e-03 
 7.094333e+00 -2.209989e-03 
 7.094731e+00 -5.116586e-03 
 7.095129e+00 -7.393425e-03 
 7.095526e+00 -8.833763e-03 
 7.095924e+00 -9.290436e-03 
 7.096322e+00 -8.508435e-03 
 7.096719e+00 -6.338769e-03 
 7.097117e+00 -2.914898e-03 
 7.097515e+00  1.349398e-03 
 7.097912e+00  6.036947e-03 
 7.098310e+00  1.086607e-02 
 7.098708e+00  1.540003e-02 
 7.099106e+00  1.950818e-02 
 7.099503e+00  2.286580e-02 
 7.099901e+00  2.532686e-02 
 7.100299e+00  2.674552e-02 
 7.100696e+00  2.706609e-02 
 7.101094e+00  2.604970e-02 
 7.101492e+00  2.378375e-02 
 7.101889e+00  2.043009e-02 
 7.102287e+00  1.615798e-02 
 7.102685e+00  1.134115e-02 
 7.103083e+00  6.321304e-03 
 7.103480e+00  1.588281e-03 
 7.103878e+00 -2.664632e-03 
 7.104276e+00 -6.058593e-03 
 7.104673e+00 -8.253229e-03 
 7.105071e+00 -9.040681e-03 
 7.105469e+00 -8.213242e-03 
 7.105866e+00 -5.821023e-03 
 7.106264e+00 -2.128487e-03 
 7.106662e+00  2.531931e-03 
 7.107059e+00  7.756906e-03 
 7.107457e+00  1.308841e-02 
 7.107855e+00  1.820715e-02 
 7.108253e+00  2.291398e-02 
 7.108650e+00  2.687538e-02 
 7.109048e+00  2.998839e-02 
 7.109446e+00  3.204798e-02 
 7.109843e+00  3.276472e-02 
 7.110241e+00  3.196534e-02 
 7.110639e+00  2.972675e-02 
 7.111036e+00  2.620839e-02 
 7.111434e+00  2.170253e-02 
 7.111832e+00  1.670398e-02 
 7.112230e+00  1.166140e-02 
 7.112627e+00  6.955041e-03 
 7.113025e+00  2.922959e-03 
 7.113423e+00 -4.074917e-04 
 7.113820e+00 -2.859716e-03 
 7.114218e+00 -4.296849e-03 
 7.114616e+00 -4.585681e-03 
 7.115013e+00 -3.763103e-03 
 7.115411e+00 -2.021232e-03 
 7.115809e+00  3.779396e-04 
 7.116206e+00  3.189068e-03 
 7.116604e+00  6.215822e-03 
 7.117002e+00  9.199397e-03 
 7.117400e+00  1.187898e-02 
 7.117797e+00  1.418514e-02 
 7.118195e+00  1.602077e-02 
 7.118593e+00  1.720640e-02 
 7.118990e+00  1.772144e-02 
 7.119388e+00  1.740486e-02 
 7.119786e+00  1.622894e-02 
 7.120183e+00  1.433393e-02 
 7.120581e+00  1.193746e-02 
 7.120979e+00  9.305439e-03 
 7.121377e+00  6.503131e-03 
 7.121774e+00  3.626564e-03 
 7.122172e+00  8.967533e-04 
 7.122570e+00 -1.673522e-03 
 7.122967e+00 -3.907337e-03 
 7.123365e+00 -5.703841e-03 
 7.123763e+00 -6.908881e-03 
 7.124160e+00 -7.192974e-03 
 7.124558e+00 -6.542281e-03 
 7.124956e+00 -5.006816e-03 
 7.125353e+00 -2.661521e-03 
 7.125751e+00  1.215570e-04 
 7.126149e+00  3.111480e-03 
 7.126547e+00  6.071612e-03 
 7.126944e+00  8.859256e-03 
 7.127342e+00  1.136974e-02 
 7.127740e+00  1.333285e-02 
 7.128137e+00  1.484858e-02 
 7.128535e+00  1.584124e-02 
 7.128933e+00  1.622485e-02 
 7.129330e+00  1.592925e-02 
 7.129728e+00  1.503511e-02 
 7.130126e+00  1.363508e-02 
 7.130524e+00  1.205035e-02 
 7.130921e+00  1.030945e-02 
 7.131319e+00  8.519305e-03 
 7.131717e+00  6.790945e-03 
 7.132114e+00  5.118164e-03 
 7.132512e+00  3.733523e-03 
 7.132910e+00  2.770220e-03 
 7.133307e+00  2.226124e-03 
 7.133705e+00  1.998305e-03 
 7.134103e+00  2.043553e-03 
 7.134500e+00  2.416404e-03 
 7.134898e+00  2.891000e-03 
 7.135296e+00  3.401970e-03 
 7.135694e+00  3.792596e-03 
 7.136091e+00  4.062597e-03 
 7.136489e+00  4.374667e-03 
 7.136887e+00  4.879907e-03 
 7.137284e+00  5.444041e-03 
 7.137682e+00  6.027045e-03 
 7.138080e+00  6.543026e-03 
 7.138477e+00  7.046725e-03 
 7.138875e+00  7.436525e-03 
 7.139273e+00  7.716269e-03 
 7.139671e+00  7.961163e-03 
 7.140068e+00  8.099090e-03 
 7.140466e+00  8.205227e-03 
 7.140864e+00  8.141437e-03 
 7.141261e+00  7.758383e-03 
 7.141659e+00  7.019279e-03 
 7.142057e+00  5.924631e-03 
 7.142454e+00  4.549109e-03 
 7.142852e+00  3.038141e-03 
 7.143250e+00  1.501088e-03 
 7.143647e+00 -1.659562e-05 
 7.144045e+00 -1.437040e-03 
 7.144443e+00 -2.671765e-03 
 7.144841e+00 -3.770160e-03 
 7.145238e+00 -4.700865e-03 
 7.145636e+00 -5.315410e-03 
 7.146034e+00 -5.596555e-03 
 7.146431e+00 -5.478206e-03 
 7.146829e+00 -5.172115e-03 
 7.147227e+00 -4.685009e-03 
 7.147624e+00 -4.195107e-03 
 7.148022e+00 -3.635673e-03 
 7.148420e+00 -2.984004e-03 
 7.148818e+00 -2.258845e-03 
 7.149215e+00 -1.464246e-03 
 7.149613e+00 -7.638582e-04 
 7.150011e+00 -3.725142e-04 
 7.150408e+00 -2.723700e-04 
 7.150806e+00 -6.061785e-04 
 7.151204e+00 -1.412789e-03 
 7.151601e+00 -2.721308e-03 
 7.151999e+00 -4.222088e-03 
 7.152397e+00 -5.750684e-03 
 7.152794e+00 -7.111936e-03 
 7.153192e+00 -8.098859e-03 
 7.153590e+00 -8.807255e-03 
 7.153988e+00 -9.155996e-03 
 7.154385e+00 -9.203441e-03 
 7.154783e+00 -8.910508e-03 
 7.155181e+00 -8.284821e-03 
 7.155578e+00 -7.438371e-03 
 7.155976e+00 -6.376906e-03 
 7.156374e+00 -5.080330e-03 
 7.156771e+00 -3.467454e-03 
 7.157169e+00 -1.580584e-03 
 7.157567e+00  5.025340e-04 
 7.157965e+00  2.726693e-03 
 7.158362e+00  4.944547e-03 
 7.158760e+00  7.031164e-03 
 7.159158e+00  8.769272e-03 
 7.159555e+00  9.995086e-03 
 7.159953e+00  1.054263e-02 
 7.160351e+00  1.046558e-02 
 7.160748e+00  9.931381e-03 
 7.161146e+00  8.869426e-03 
 7.161544e+00  7.456682e-03 
 7.161941e+00  5.867717e-03 
 7.162339e+00  4.178500e-03 
 7.162737e+00  2.502018e-03 
 7.163135e+00  9.584945e-04 
 7.163532e+00 -3.239696e-04 
 7.163930e+00 -1.237644e-03 
 7.164328e+00 -1.620861e-03 
 7.164725e+00 -1.516874e-03 
 7.165123e+00 -9.494965e-04 
 7.165521e+00 -1.904599e-05 
 7.165918e+00  1.234726e-03 
 7.166316e+00  2.719821e-03 
 7.166714e+00  4.403126e-03 
 7.167112e+00  6.103544e-03 
 7.167509e+00  7.500345e-03 
 7.167907e+00  8.555497e-03 
 7.168305e+00  9.132384e-03 
 7.168702e+00  9.144064e-03 
 7.169100e+00  8.536328e-03 
 7.169498e+00  7.384849e-03 
 7.169895e+00  5.808934e-03 
 7.170293e+00  3.902553e-03 
 7.170691e+00  1.866632e-03 
 7.171088e+00 -1.607683e-04 
 7.171486e+00 -2.132925e-03 
 7.171884e+00 -3.977448e-03 
 7.172282e+00 -5.480951e-03 
 7.172679e+00 -6.436804e-03 
 7.173077e+00 -6.654233e-03 
 7.173475e+00 -6.145926e-03 
 7.173872e+00 -4.899364e-03 
 7.174270e+00 -2.849278e-03 
 7.174668e+00 -2.613725e-04 
 7.175065e+00  2.614313e-03 
 7.175463e+00  5.562293e-03 
 7.175861e+00  8.460899e-03 
 7.176259e+00  1.110674e-02 
 7.176656e+00  1.346667e-02 
 7.177054e+00  1.540171e-02 
 7.177452e+00  1.665469e-02 
 7.177849e+00  1.701810e-02 
 7.178247e+00  1.639139e-02 
 7.178645e+00  1.480152e-02 
 7.179042e+00  1.225976e-02 
 7.179440e+00  9.086105e-03 
 7.179838e+00  5.543935e-03 
 7.180235e+00  2.075301e-03 
 7.180633e+00 -9.267450e-04 
 7.181031e+00 -3.291057e-03 
 7.181429e+00 -4.866688e-03 
 7.181826e+00 -5.454537e-03 
 7.182224e+00 -4.989258e-03 
 7.182622e+00 -3.481401e-03 
 7.183019e+00 -1.059656e-03 
 7.183417e+00  1.919111e-03 
 7.183815e+00  5.225654e-03 
 7.184212e+00  8.730554e-03 
 7.184610e+00  1.222719e-02 
 7.185008e+00  1.554094e-02 
 7.185406e+00  1.847265e-02 
 7.185803e+00  2.091162e-02 
 7.186201e+00  2.260703e-02 
 7.186599e+00  2.336451e-02 
 7.186996e+00  2.306281e-02 
 7.187394e+00  2.154797e-02 
 7.187792e+00  1.901632e-02 
 7.188189e+00  1.577056e-02 
 7.188587e+00  1.224167e-02 
 7.188985e+00  8.762146e-03 
 7.189382e+00  5.492875e-03 
 7.189780e+00  2.642112e-03 
 7.190178e+00  3.668989e-04 
 7.190576e+00 -1.136734e-03 
 7.190973e+00 -1.845853e-03 
 7.191371e+00 -1.653760e-03 
 7.191769e+00 -5.382307e-04 
 7.192166e+00  1.503068e-03 
 7.192564e+00  4.231862e-03 
 7.192962e+00  7.523216e-03 
 7.193359e+00  1.114306e-02 
 7.193757e+00  1.475340e-02 
 7.194155e+00  1.817725e-02 
 7.194553e+00  2.125317e-02 
 7.194950e+00  2.374690e-02 
 7.195348e+00  2.525670e-02 
 7.195746e+00  2.548951e-02 
 7.196143e+00  2.433315e-02 
 7.196541e+00  2.180087e-02 
 7.196939e+00  1.811195e-02 
 7.197336e+00  1.349409e-02 
 7.197734e+00  8.458316e-03 
 7.198132e+00  3.299407e-03 
 7.198529e+00 -1.698195e-03 
 7.198927e+00 -6.347199e-03 
 7.199325e+00 -1.028982e-02 
 7.199723e+00 -1.326489e-02 
 7.200120e+00 -1.511692e-02 
 7.200518e+00 -1.549190e-02 
 7.200916e+00 -1.442133e-02 
 7.201313e+00 -1.197914e-02 
 7.201711e+00 -8.331376e-03 
 7.202109e+00 -3.837909e-03 
 7.202506e+00  1.232064e-03 
 7.202904e+00  6.417665e-03 
 7.203302e+00  1.139078e-02 
 7.203700e+00  1.576914e-02 
 7.204097e+00  1.934449e-02 
 7.204495e+00  2.206095e-02 
 7.204893e+00  2.355014e-02 
 7.205290e+00  2.371712e-02 
 7.205688e+00  2.257811e-02 
 7.206086e+00  2.022300e-02 
 7.206483e+00  1.693991e-02 
 7.206881e+00  1.301217e-02 
 7.207279e+00  8.683923e-03 
 7.207676e+00  4.471625e-03 
 7.208074e+00  5.958898e-04 
 7.208472e+00 -2.476701e-03 
 7.208870e+00 -4.624765e-03 
 7.209267e+00 -5.540350e-03 
 7.209665e+00 -5.224501e-03 
 7.210063e+00 -3.779108e-03 
 7.210460e+00 -1.393597e-03 
 7.210858e+00  1.729558e-03 
 7.211256e+00  5.172921e-03 
 7.211653e+00  8.724887e-03 
 7.212051e+00  1.233203e-02 
 7.212449e+00  1.578200e-02 
 7.212847e+00  1.905387e-02 
 7.213244e+00  2.194248e-02 
 7.213642e+00  2.427586e-02 
 7.214040e+00  2.595801e-02 
 7.214437e+00  2.669553e-02 
 7.214835e+00  2.641081e-02 
 7.215233e+00  2.510833e-02 
 7.215630e+00  2.299312e-02 
 7.216028e+00  2.015474e-02 
 7.216426e+00  1.684862e-02 
 7.216823e+00  1.340149e-02 
 7.217221e+00  9.976100e-03 
 7.217619e+00  6.761613e-03 
 7.218017e+00  4.002952e-03 
 7.218414e+00  1.967825e-03 
 7.218812e+00  6.523686e-04 
 7.219210e+00  1.610011e-04 
 7.219607e+00  5.811662e-04 
 7.220005e+00  1.785643e-03 
 7.220403e+00  3.811647e-03 
 7.220800e+00  6.358417e-03 
 7.221198e+00  9.355043e-03 
 7.221596e+00  1.252199e-02 
 7.221994e+00  1.575687e-02 
 7.222391e+00  1.870008e-02 
 7.222789e+00  2.097034e-02 
 7.223187e+00  2.238466e-02 
 7.223584e+00  2.263805e-02 
 7.223982e+00  2.173539e-02 
 7.224380e+00  1.983853e-02 
 7.224777e+00  1.710205e-02 
 7.225175e+00  1.385937e-02 
 7.225573e+00  1.048240e-02 
 7.225970e+00  7.033199e-03 
 7.226368e+00  3.691642e-03 
 7.226766e+00  6.300628e-04 
 7.227164e+00 -2.133631e-03 
 7.227561e+00 -4.418176e-03 
 7.227959e+00 -5.959773e-03 
 7.228357e+00 -6.568826e-03 
 7.228754e+00 -6.365453e-03 
 7.229152e+00 -5.456722e-03 
 7.229550e+00 -4.017814e-03 
 7.229947e+00 -2.285989e-03 
 7.230345e+00 -4.271726e-04 
 7.230743e+00  1.449927e-03 
 7.231141e+00  3.234466e-03 
 7.231538e+00  4.831171e-03 
 7.231936e+00  6.245004e-03 
 7.232334e+00  7.280714e-03 
 7.232731e+00  8.065825e-03 
 7.233129e+00  8.647235e-03 
 7.233527e+00  9.108909e-03 
 7.233924e+00  9.526715e-03 
 7.234322e+00  9.999260e-03 
 7.234720e+00  1.040698e-02 
 7.235117e+00  1.056935e-02 
 7.235515e+00  1.041538e-02 
 7.235913e+00  9.903656e-03 
 7.236311e+00  9.097784e-03 
 7.236708e+00  8.152615e-03 
 7.237106e+00  7.227395e-03 
 7.237504e+00  6.441620e-03 
 7.237901e+00  5.733474e-03 
 7.238299e+00  5.052883e-03 
 7.238697e+00  4.344461e-03 
 7.239094e+00  3.665405e-03 
 7.239492e+00  3.062309e-03 
 7.239890e+00  2.543678e-03 
 7.240288e+00  2.308894e-03 
 7.240685e+00  2.444053e-03 
 7.241083e+00  2.855464e-03 
 7.241481e+00  3.452738e-03 
 7.241878e+00  4.253321e-03 
 7.242276e+00  4.989659e-03 
 7.242674e+00  5.686077e-03 
 7.243071e+00  6.362581e-03 
 7.243469e+00  6.953614e-03 
 7.243867e+00  7.529730e-03 
 7.244264e+00  8.001803e-03 
 7.244662e+00  8.301417e-03 
 7.245060e+00  8.191650e-03 
 7.245458e+00  7.756526e-03 
 7.245855e+00  7.109338e-03 
 7.246253e+00  6.155431e-03 
 7.246651e+00  5.083147e-03 
 7.247048e+00  3.799807e-03 
 7.247446e+00  2.266571e-03 
 7.247844e+00  5.099035e-04 
 7.248241e+00 -1.354374e-03 
 7.248639e+00 -3.156609e-03 
 7.249037e+00 -4.655864e-03 
 7.249435e+00 -5.648514e-03 
 7.249832e+00 -6.115538e-03 
 7.250230e+00 -5.923330e-03 
 7.250628e+00 -5.275497e-03 
 7.251025e+00 -4.444324e-03 
 7.251423e+00 -3.523095e-03 
 7.251821e+00 -2.510107e-03 
 7.252218e+00 -1.436879e-03 
 7.252616e+00 -2.767660e-04 
 7.253014e+00  1.036215e-03 
 7.253411e+00  2.420343e-03 
 7.253809e+00  3.734452e-03 
 7.254207e+00  4.775978e-03 
 7.254605e+00  5.388574e-03 
 7.255002e+00  5.312314e-03 
 7.255400e+00  4.634288e-03 
 7.255798e+00  3.257119e-03 
 7.256195e+00  1.331662e-03 
 7.256593e+00 -9.778785e-04 
 7.256991e+00 -3.548674e-03 
 7.257388e+00 -6.338676e-03 
 7.257786e+00 -9.097143e-03 
 7.258184e+00 -1.160430e-02 
 7.258582e+00 -1.371642e-02 
 7.258979e+00 -1.511725e-02 
 7.259377e+00 -1.562745e-02 
 7.259775e+00 -1.524330e-02 
 7.260172e+00 -1.403922e-02 
 7.260570e+00 -1.209921e-02 
 7.260968e+00 -9.496847e-03 
 7.261365e+00 -6.417527e-03 
 7.261763e+00 -2.935689e-03 
 7.262161e+00  7.322456e-04 
 7.262558e+00  4.262976e-03 
 7.262956e+00  7.426915e-03 
 7.263354e+00  9.949967e-03 
 7.263752e+00  1.165525e-02 
 7.264149e+00  1.251518e-02 
 7.264547e+00  1.253865e-02 
 7.264945e+00  1.179666e-02 
 7.265342e+00  1.057883e-02 
 7.265740e+00  8.980824e-03 
 7.266138e+00  7.094752e-03 
 7.266535e+00  5.035424e-03 
 7.266933e+00  2.871873e-03 
 7.267331e+00  7.542677e-04 
 7.267729e+00 -9.670647e-04 
 7.268126e+00 -1.997967e-03 
 7.268524e+00 -2.449400e-03 
 7.268922e+00 -2.180114e-03 
 7.269319e+00 -1.074094e-03 
 7.269717e+00  6.661118e-04 
 7.270115e+00  2.945229e-03 
 7.270512e+00  5.690333e-03 
 7.270910e+00  8.594180e-03 
 7.271308e+00  1.142217e-02 
 7.271705e+00  1.391755e-02 
 7.272103e+00  1.594773e-02 
 7.272501e+00  1.718112e-02 
 7.272899e+00  1.761170e-02 
 7.273296e+00  1.708423e-02 
 7.273694e+00  1.571603e-02 
 7.274092e+00  1.356332e-02 
 7.274489e+00  1.074162e-02 
 7.274887e+00  7.365030e-03 
 7.275285e+00  3.618461e-03 
 7.275682e+00 -2.251623e-04 
 7.276080e+00 -4.080172e-03 
 7.276478e+00 -7.548358e-03 
 7.276876e+00 -1.020721e-02 
 7.277273e+00 -1.195438e-02 
 7.277671e+00 -1.242978e-02 
 7.278069e+00 -1.176526e-02 
 7.278466e+00 -1.006261e-02 
 7.278864e+00 -7.506999e-03 
 7.279262e+00 -4.353864e-03 
 7.279659e+00 -8.688508e-04 
 7.280057e+00  2.676345e-03 
 7.280455e+00  6.141572e-03 
 7.280852e+00  9.157188e-03 
 7.281250e+00  1.161674e-02 
 7.281648e+00  1.335680e-02 
 7.282046e+00  1.417594e-02 
 7.282443e+00  1.399170e-02 
 7.282841e+00  1.289843e-02 
 7.283239e+00  1.109834e-02 
 7.283636e+00  8.555142e-03 
 7.284034e+00  5.623738e-03 
 7.284432e+00  2.525705e-03 
 7.284829e+00 -6.199057e-04 
 7.285227e+00 -3.470285e-03 
 7.285625e+00 -5.778357e-03 
 7.286023e+00 -7.427463e-03 
 7.286420e+00 -8.196323e-03 
 7.286818e+00 -8.044864e-03 
 7.287216e+00 -6.960105e-03 
 7.287613e+00 -5.025607e-03 
 7.288011e+00 -2.181404e-03 
 7.288409e+00  1.410280e-03 
 7.288806e+00  5.538600e-03 
 7.289204e+00  9.909639e-03 
 7.289602e+00  1.420978e-02 
 7.289999e+00  1.816678e-02 
 7.290397e+00  2.145019e-02 
 7.290795e+00  2.370711e-02 
 7.291193e+00  2.473849e-02 
 7.291590e+00  2.453612e-02 
 7.291988e+00  2.309219e-02 
 7.292386e+00  2.060611e-02 
 7.292783e+00  1.744110e-02 
 7.293181e+00  1.392182e-02 
 7.293579e+00  1.013907e-02 
 7.293976e+00  6.516728e-03 
 7.294374e+00  3.301800e-03 
 7.294772e+00  6.217708e-04 
 7.295170e+00 -1.257250e-03 
 7.295567e+00 -2.293446e-03 
 7.295965e+00 -2.346516e-03 
 7.296363e+00 -1.495907e-03 
 7.296760e+00  3.655263e-04 
 7.297158e+00  3.130979e-03 
 7.297556e+00  6.669850e-03 
 7.297953e+00  1.085526e-02 
 7.298351e+00  1.530509e-02 
 7.298749e+00  1.965563e-02 
 7.299146e+00  2.367657e-02 
 7.299544e+00  2.680660e-02 
 7.299942e+00  2.878721e-02 
 7.300340e+00  2.948947e-02 
 7.300737e+00  2.890242e-02 
 7.301135e+00  2.720402e-02 
 7.301533e+00  2.466479e-02 
 7.301930e+00  2.156063e-02 
 7.302328e+00  1.797989e-02 
 7.302726e+00  1.414572e-02 
 7.303123e+00  1.021375e-02 
 7.303521e+00  6.372983e-03 
 7.303919e+00  2.883531e-03 
 7.304317e+00 -2.071863e-04 
 7.304714e+00 -2.516444e-03 
 7.305112e+00 -3.854771e-03 
 7.305510e+00 -4.033608e-03 
 7.305907e+00 -3.140143e-03 
 7.306305e+00 -1.351634e-03 
 7.306703e+00  1.329489e-03 
 7.307100e+00  4.453611e-03 
 7.307498e+00  7.867335e-03 
 7.307896e+00  1.131560e-02 
 7.308293e+00  1.433931e-02 
 7.308691e+00  1.679971e-02 
 7.309089e+00  1.853108e-02 
 7.309487e+00  1.944430e-02 
 7.309884e+00  1.948774e-02 
 7.310282e+00  1.879568e-02 
 7.310680e+00  1.750474e-02 
 7.311077e+00  1.570085e-02 
 7.311475e+00  1.357244e-02 
 7.311873e+00  1.121321e-02 
 7.312270e+00  8.646451e-03 
 7.312668e+00  6.045554e-03 
 7.313066e+00  3.596638e-03 
 7.313464e+00  1.605876e-03 
 7.313861e+00  2.368706e-04 
 7.314259e+00 -3.832932e-04 
 7.314657e+00 -2.333466e-04 
 7.315054e+00  7.820718e-04 
 7.315452e+00  2.453532e-03 
 7.315850e+00  4.610152e-03 
 7.316247e+00  7.109835e-03 
 7.316645e+00  9.927849e-03 
 7.317043e+00  1.291234e-02 
 7.317440e+00  1.586960e-02 
 7.317838e+00  1.870701e-02 
 7.318236e+00  2.101923e-02 
 7.318634e+00  2.257051e-02 
 7.319031e+00  2.335951e-02 
 7.319429e+00  2.336503e-02 
 7.319827e+00  2.268390e-02 
 7.320224e+00  2.139465e-02 
 7.320622e+00  1.965983e-02 
 7.321020e+00  1.765170e-02 
 7.321417e+00  1.567273e-02 
 7.321815e+00  1.366848e-02 
 7.322213e+00  1.173223e-02 
 7.322611e+00  1.006595e-02 
 7.323008e+00  8.871178e-03 
 7.323406e+00  8.185822e-03 
 7.323804e+00  7.969246e-03 
 7.324201e+00  8.101507e-03 
 7.324599e+00  8.362765e-03 
 7.324997e+00  8.714700e-03 
 7.325394e+00  9.190699e-03 
 7.325792e+00  9.818527e-03 
 7.326190e+00  1.057367e-02 
 7.326587e+00  1.137613e-02 
 7.326985e+00  1.223718e-02 
 7.327383e+00  1.298415e-02 
 7.327781e+00  1.350528e-02 
 7.328178e+00  1.372983e-02 
 7.328576e+00  1.366920e-02 
 7.328974e+00  1.342452e-02 
 7.329371e+00  1.310189e-02 
 7.329769e+00  1.268070e-02 
 7.330167e+00  1.210358e-02 
 7.330564e+00  1.117093e-02 
 7.330962e+00  9.863367e-03 
 7.331360e+00  8.179782e-03 
 7.331758e+00  6.251306e-03 
 7.332155e+00  4.098005e-03 
 7.332553e+00  1.977220e-03 
 7.332951e+00  3.003630e-05 
 7.333348e+00 -1.711080e-03 
 7.333746e+00 -3.051661e-03 
 7.334144e+00 -4.013335e-03 
 7.334541e+00 -4.619531e-03 
 7.334939e+00 -5.042183e-03 
 7.335337e+00 -5.205770e-03 
 7.335734e+00 -5.142037e-03 
 7.336132e+00 -4.970078e-03 
 7.336530e+00 -4.678237e-03 
 7.336928e+00 -4.271223e-03 
 7.337325e+00 -3.784302e-03 
 7.337723e+00 -3.151158e-03 
 7.338121e+00 -2.429911e-03 
 7.338518e+00 -1.651797e-03 
 7.338916e+00 -8.060669e-04 
 7.339314e+00 -1.051299e-05 
 7.339711e+00  6.462490e-04 
 7.340109e+00  1.148685e-03 
 7.340507e+00  1.381881e-03 
 7.340905e+00  1.336361e-03 
 7.341302e+00  1.118813e-03 
 7.341700e+00  8.282536e-04 
 7.342098e+00  4.753366e-04 
 7.342495e+00  5.093311e-05 
 7.342893e+00 -3.714098e-04 
 7.343291e+00 -8.236068e-04 
 7.343688e+00 -1.274183e-03 
 7.344086e+00 -1.694198e-03 
 7.344484e+00 -2.023630e-03 
 7.344881e+00 -2.150580e-03 
 7.345279e+00 -2.026338e-03 
 7.345677e+00 -1.710752e-03 
 7.346075e+00 -1.280902e-03 
 7.346472e+00 -7.396741e-04 
 7.346870e+00 -8.767713e-05 
 7.347268e+00  6.677249e-04 
 7.347665e+00  1.572744e-03 
 7.348063e+00  2.556782e-03 
 7.348461e+00  3.506107e-03 
 7.348858e+00  4.360345e-03 
 7.349256e+00  5.136037e-03 
 7.349654e+00  5.691940e-03 
 7.350052e+00  5.912667e-03 
 7.350449e+00  5.887976e-03 
 7.350847e+00  5.501511e-03 
 7.351245e+00  4.756727e-03 
 7.351642e+00  3.632022e-03 
 7.352040e+00  2.081293e-03 
 7.352438e+00  1.509795e-04 
 7.352835e+00 -1.880608e-03 
 7.353233e+00 -3.850717e-03 
 7.353631e+00 -5.554920e-03 
 7.354028e+00 -6.910693e-03 
 7.354426e+00 -7.793434e-03 
 7.354824e+00 -8.183597e-03 
 7.355222e+00 -8.054775e-03 
 7.355619e+00 -7.451097e-03 
 7.356017e+00 -6.390819e-03 
 7.356415e+00 -4.883694e-03 
 7.356812e+00 -2.920392e-03 
 7.357210e+00 -6.770457e-04 
 7.357608e+00  1.814525e-03 
 7.358005e+00  4.211393e-03 
 7.358403e+00  6.205177e-03 
 7.358801e+00  7.678646e-03 
 7.359199e+00  8.456112e-03 
 7.359596e+00  8.445640e-03 
 7.359994e+00  7.631992e-03 
 7.360392e+00  6.121092e-03 
 7.360789e+00  4.116298e-03 
 7.361187e+00  1.793943e-03 
 7.361585e+00 -6.329950e-04 
 7.361982e+00 -2.997395e-03 
 7.362380e+00 -5.153612e-03 
 7.362778e+00 -6.953768e-03 
 7.363175e+00 -8.330686e-03 
 7.363573e+00 -9.282106e-03 
 7.363971e+00 -9.881736e-03 
 7.364369e+00 -1.009617e-02 
 7.364766e+00 -9.890329e-03 
 7.365164e+00 -9.135139e-03 
 7.365562e+00 -7.715978e-03 
 7.365959e+00 -5.852518e-03 
 7.366357e+00 -3.588715e-03 
 7.366755e+00 -1.044674e-03 
 7.367152e+00  1.684923e-03 
 7.367550e+00  4.346521e-03 
 7.367948e+00  6.661087e-03 
 7.368346e+00  8.434728e-03 
 7.368743e+00  9.557065e-03 
 7.369141e+00  1.003473e-02 
 7.369539e+00  9.834431e-03 
 7.369936e+00  8.980839e-03 
 7.370334e+00  7.511608e-03 
 7.370732e+00  5.649772e-03 
 7.371129e+00  3.684297e-03 
 7.371527e+00  1.927189e-03 
 7.371925e+00  4.712892e-04 
 7.372322e+00 -5.803849e-04 
 7.372720e+00 -1.119971e-03 
 7.373118e+00 -1.026010e-03 
 7.373516e+00 -2.101395e-04 
 7.373913e+00  1.263357e-03 
 7.374311e+00  3.332878e-03 
 7.374709e+00  5.883770e-03 
 7.375106e+00  8.881861e-03 
 7.375504e+00  1.208219e-02 
 7.375902e+00  1.523360e-02 
 7.376299e+00  1.803098e-02 
 7.376697e+00  2.023271e-02 
 7.377095e+00  2.162589e-02 
 7.377493e+00  2.213224e-02 
 7.377890e+00  2.177482e-02 
 7.378288e+00  2.045528e-02 
 7.378686e+00  1.828083e-02 
 7.379083e+00  1.532934e-02 
 7.379481e+00  1.186536e-02 
 7.379879e+00  8.132890e-03 
 7.380276e+00  4.331834e-03 
 7.380674e+00  7.294912e-04 
 7.381072e+00 -2.343252e-03 
 7.381469e+00 -4.583151e-03 
 7.381867e+00 -5.901722e-03 
 7.382265e+00 -6.230827e-03 
 7.382663e+00 -5.622061e-03 
 7.383060e+00 -4.153434e-03 
 7.383458e+00 -1.910277e-03 
 7.383856e+00  8.925067e-04 
 7.384253e+00  4.063948e-03 
 7.384651e+00  7.316885e-03 
 7.385049e+00  1.048726e-02 
 7.385446e+00  1.332522e-02 
 7.385844e+00  1.562787e-02 
 7.386242e+00  1.711763e-02 
 7.386640e+00  1.773077e-02 
 7.387037e+00  1.739744e-02 
 7.387435e+00  1.621756e-02 
 7.387833e+00  1.427304e-02 
 7.388230e+00  1.159575e-02 
 7.388628e+00  8.405799e-03 
 7.389026e+00  5.020589e-03 
 7.389423e+00  1.728762e-03 
 7.389821e+00 -1.276076e-03 
 7.390219e+00 -3.851789e-03 
 7.390616e+00 -5.700070e-03 
 7.391014e+00 -6.598898e-03 
 7.391412e+00 -6.455070e-03 
 7.391810e+00 -5.360673e-03 
 7.392207e+00 -3.464088e-03 
 7.392605e+00 -7.830572e-04 
 7.393003e+00  2.493584e-03 
 7.393400e+00  6.188919e-03 
 7.393798e+00  1.007348e-02 
 7.394196e+00  1.378873e-02 
 7.394593e+00  1.710480e-02 
 7.394991e+00  1.987680e-02 
 7.395389e+00  2.196136e-02 
 7.395787e+00  2.320176e-02 
 7.396184e+00  2.361026e-02 
 7.396582e+00  2.308026e-02 
 7.396980e+00  2.171968e-02 
 7.397377e+00  1.958375e-02 
 7.397775e+00  1.672055e-02 
 7.398173e+00  1.335864e-02 
 7.398570e+00  9.778293e-03 
 7.398968e+00  6.387796e-03 
 7.399366e+00  3.425247e-03 
 7.399763e+00  1.186261e-03 
 7.400161e+00 -1.120148e-04 
 7.400559e+00 -4.409138e-04 
 7.400957e+00  2.618451e-04 
 7.401354e+00  1.973174e-03 
 7.401752e+00  4.627632e-03 
 7.402150e+00  8.087765e-03 
 7.402547e+00  1.206664e-02 
 7.402945e+00  1.634055e-02 
 7.403343e+00  2.054562e-02 
 7.403740e+00  2.433073e-02 
 7.404138e+00  2.741638e-02 
 7.404536e+00  2.955692e-02 
 7.404934e+00  3.068403e-02 
 7.405331e+00  3.073432e-02 
 7.405729e+00  2.972978e-02 
 7.406127e+00  2.768083e-02 
 7.406524e+00  2.481721e-02 
 7.406922e+00  2.129399e-02 
 7.407320e+00  1.735660e-02 
 7.407717e+00  1.314216e-02 
 7.408115e+00  8.807501e-03 
 7.408513e+00  4.701120e-03 
 7.408910e+00  1.122567e-03 
 7.409308e+00 -1.593324e-03 
 7.409706e+00 -3.369077e-03 
 7.410104e+00 -4.195072e-03 
 7.410501e+00 -4.090421e-03 
 7.410899e+00 -3.079405e-03 
 7.411297e+00 -1.195262e-03 
 7.411694e+00  1.301165e-03 
 7.412092e+00  4.110708e-03 
 7.412490e+00  7.073071e-03 
 7.412887e+00  1.009509e-02 
 7.413285e+00  1.298483e-02 
 7.413683e+00  1.546386e-02 
 7.414081e+00  1.726842e-02 
 7.414478e+00  1.832822e-02 
 7.414876e+00  1.865172e-02 
 7.415274e+00  1.822112e-02 
 7.415671e+00  1.700237e-02 
 7.416069e+00  1.507741e-02 
 7.416467e+00  1.251679e-02 
 7.416864e+00  9.665758e-03 
 7.417262e+00  6.688586e-03 
 7.417660e+00  3.899155e-03 
 7.418057e+00  1.409987e-03 
 7.418455e+00 -5.186766e-04 
 7.418853e+00 -1.742208e-03 
 7.419251e+00 -2.181563e-03 
 7.419648e+00 -1.828040e-03 
 7.420046e+00 -1.013057e-03 
 7.420444e+00  2.445894e-04 
 7.420841e+00  1.882945e-03 
 7.421239e+00  3.780698e-03 
 7.421637e+00  5.843566e-03 
 7.422034e+00  7.918957e-03 
 7.422432e+00  9.832849e-03 
 7.422830e+00  1.148565e-02 
 7.423228e+00  1.285678e-02 
 7.423625e+00  1.390758e-02 
 7.424023e+00  1.469786e-02 
 7.424421e+00  1.501844e-02 
 7.424818e+00  1.499535e-02 
 7.425216e+00  1.458904e-02 
 7.425614e+00  1.384368e-02 
 7.426011e+00  1.276465e-02 
 7.426409e+00  1.131871e-02 
 7.426807e+00  9.651540e-03 
 7.427204e+00  7.970072e-03 
 7.427602e+00  6.375618e-03 
 7.428000e+00  4.864935e-03 
 7.428398e+00  3.426954e-03 
 7.428795e+00  2.094979e-03 
 7.429193e+00  9.996193e-04 
 7.429591e+00  2.074598e-04 
 7.429988e+00 -1.888475e-04 
 7.430386e+00 -1.162143e-04 
 7.430784e+00  4.443543e-04 
 7.431181e+00  1.539008e-03 
 7.431579e+00  2.937932e-03 
 7.431977e+00  4.485090e-03 
 7.432375e+00  6.005704e-03 
 7.432772e+00  7.482234e-03 
 7.433170e+00  8.912151e-03 
 7.433568e+00  1.030265e-02 
 7.433965e+00  1.144732e-02 
 7.434363e+00  1.224520e-02 
 7.434761e+00  1.260285e-02 
 7.435158e+00  1.248649e-02 
 7.435556e+00  1.187339e-02 
 7.435954e+00  1.068180e-02 
 7.436351e+00  9.058962e-03 
 7.436749e+00  7.181135e-03 
 7.437147e+00  5.148976e-03 
 7.437545e+00  2.974055e-03 
 7.437942e+00  6.850153e-04 
 7.438340e+00 -1.638297e-03 
 7.438738e+00 -3.853186e-03 
 7.439135e+00 -5.857894e-03 
 7.439533e+00 -7.562240e-03 
 7.439931e+00 -8.854087e-03 
 7.440328e+00 -9.825006e-03 
 7.440726e+00 -1.034721e-02 
 7.441124e+00 -1.044869e-02 
 7.441522e+00 -1.013022e-02 
 7.441919e+00 -9.369099e-03 
 7.442317e+00 -8.228873e-03 
 7.442715e+00 -6.630144e-03 
 7.443112e+00 -4.668719e-03 
 7.443510e+00 -2.590034e-03 
 7.443908e+00 -5.373157e-04 
 7.444305e+00  1.297092e-03 
 7.444703e+00  2.847049e-03 
 7.445101e+00  4.060681e-03 
 7.445498e+00  4.924449e-03 
 7.445896e+00  5.458315e-03 
 7.446294e+00  5.559656e-03 
 7.446692e+00  5.188572e-03 
 7.447089e+00  4.325370e-03 
 7.447487e+00  3.084389e-03 
 7.447885e+00  1.480329e-03 
 7.448282e+00 -3.404531e-04 
 7.448680e+00 -2.253527e-03 
 7.449078e+00 -4.055643e-03 
 7.449475e+00 -5.579617e-03 
 7.449873e+00 -6.684173e-03 
 7.450271e+00 -7.218551e-03 
 7.450669e+00 -7.002662e-03 
 7.451066e+00 -5.913664e-03 
 7.451464e+00 -3.980312e-03 
 7.451862e+00 -1.406807e-03 
 7.452259e+00  1.691436e-03 
 7.452657e+00  5.060735e-03 
 7.453055e+00  8.359025e-03 
 7.453452e+00  1.138711e-02 
 7.453850e+00  1.382222e-02 
 7.454248e+00  1.557068e-02 
 7.454645e+00  1.658901e-02 
 7.455043e+00  1.680903e-02 
 7.455441e+00  1.626224e-02 
 7.455839e+00  1.485109e-02 
 7.456236e+00  1.266441e-02 
 7.456634e+00  9.904951e-03 
 7.457032e+00  6.871302e-03 
 7.457429e+00  3.772821e-03 
 7.457827e+00  7.279736e-04 
 7.458225e+00 -1.971576e-03 
 7.458622e+00 -4.134956e-03 
 7.459020e+00 -5.625263e-03 
 7.459418e+00 -6.431310e-03 
 7.459816e+00 -6.583596e-03 
 7.460213e+00 -6.022499e-03 
 7.460611e+00 -4.715431e-03 
 7.461009e+00 -2.702577e-03 
 7.461406e+00 -2.338917e-04 
 7.461804e+00  2.500120e-03 
 7.462202e+00  5.272489e-03 
 7.462599e+00  7.974597e-03 
 7.462997e+00  1.050214e-02 
 7.463395e+00  1.273888e-02 
 7.463792e+00  1.447060e-02 
 7.464190e+00  1.549186e-02 
 7.464588e+00  1.576375e-02 
 7.464986e+00  1.518094e-02 
 7.465383e+00  1.376161e-02 
 7.465781e+00  1.145262e-02 
 7.466179e+00  8.391133e-03 
 7.466576e+00  4.867227e-03 
 7.466974e+00  1.108465e-03 
 7.467372e+00 -2.650574e-03 
 7.467769e+00 -6.130535e-03 
 7.468167e+00 -9.150090e-03 
 7.468565e+00 -1.141280e-02 
 7.468963e+00 -1.264682e-02 
 7.469360e+00 -1.273622e-02 
 7.469758e+00 -1.169837e-02 
 7.470156e+00 -9.676512e-03 
 7.470553e+00 -6.953854e-03 
 7.470951e+00 -3.684763e-03 
 7.471349e+00 -1.719268e-04 
 7.471746e+00  3.307665e-03 
 7.472144e+00  6.426183e-03 
 7.472542e+00  8.887546e-03 
 7.472939e+00  1.066975e-02 
 7.473337e+00  1.164459e-02 
 7.473735e+00  1.164787e-02 
 7.474133e+00  1.065320e-02 
 7.474530e+00  8.735769e-03 
 7.474928e+00  6.171241e-03 
 7.475326e+00  3.136772e-03 
 7.475723e+00 -8.302373e-05 
 7.476121e+00 -3.222482e-03 
 7.476519e+00 -6.041491e-03 
 7.476916e+00 -8.228644e-03 
 7.477314e+00 -9.527728e-03 
 7.477712e+00 -9.863768e-03 
 7.478110e+00 -9.132269e-03 
 7.478507e+00 -7.357182e-03 
 7.478905e+00 -4.409552e-03 
 7.479303e+00 -4.531469e-04 
 7.479700e+00  4.213381e-03 
 7.480098e+00  9.090977e-03 
 7.480496e+00  1.392768e-02 
 7.480893e+00  1.828314e-02 
 7.481291e+00  2.189824e-02 
 7.481689e+00  2.448445e-02 
 7.482086e+00  2.586397e-02 
 7.482484e+00  2.600045e-02 
 7.482882e+00  2.492948e-02 
 7.483280e+00  2.271839e-02 
 7.483677e+00  1.961456e-02 
 7.484075e+00  1.582817e-02 
 7.484473e+00  1.177481e-02 
 7.484870e+00  7.676058e-03 
 7.485268e+00  3.838273e-03 
 7.485666e+00  3.962696e-04 
 7.486063e+00 -2.530792e-03 
 7.486461e+00 -4.772725e-03 
 7.486859e+00 -6.153954e-03 
 7.487257e+00 -6.619199e-03 
 7.487654e+00 -6.140427e-03 
 7.488052e+00 -4.796946e-03 
 7.488450e+00 -2.631466e-03 
 7.488847e+00  1.808830e-04 
 7.489245e+00  3.369477e-03 
 7.489643e+00  6.666143e-03 
 7.490040e+00  9.787392e-03 
 7.490438e+00  1.249626e-02 
 7.490836e+00  1.460462e-02 
 7.491233e+00  1.595963e-02 
 7.491631e+00  1.645785e-02 
 7.492029e+00  1.600521e-02 
 7.492427e+00  1.467141e-02 
 7.492824e+00  1.252941e-02 
 7.493222e+00  9.810993e-03 
 7.493620e+00  6.725134e-03 
 7.494017e+00  3.421027e-03 
 7.494415e+00  1.933226e-04 
 7.494813e+00 -2.730119e-03 
 7.495210e+00 -5.137487e-03 
 7.495608e+00 -6.933379e-03 
 7.496006e+00 -7.953772e-03 
 7.496404e+00 -8.064242e-03 
 7.496801e+00 -7.097485e-03 
 7.497199e+00 -5.159907e-03 
 7.497597e+00 -2.425168e-03 
 7.497994e+00  9.293500e-04 
 7.498392e+00  4.640063e-03 
 7.498790e+00  8.396360e-03 
 7.499187e+00  1.201408e-02 
 7.499585e+00  1.518893e-02 
 7.499983e+00  1.774673e-02 
 7.500380e+00  1.947039e-02 
 7.500778e+00  2.030078e-02 
 7.501176e+00  2.024413e-02 
 7.501574e+00  1.923237e-02 
 7.501971e+00  1.743400e-02 
 7.502369e+00  1.506516e-02 
 7.502767e+00  1.246478e-02 
 7.503164e+00  9.822647e-03 
 7.503562e+00  7.259398e-03 
 7.503960e+00  4.956544e-03 
 7.504357e+00  3.034103e-03 
 7.504755e+00  1.711174e-03 
 7.505153e+00  1.047308e-03 
 7.505551e+00  1.125514e-03 
 7.505948e+00  2.056497e-03 
 7.506346e+00  3.830184e-03 
 7.506744e+00  6.449847e-03 
 7.507141e+00  9.690787e-03 
 7.507539e+00  1.331869e-02 
 7.507937e+00  1.702291e-02 
 7.508334e+00  2.057401e-02 
 7.508732e+00  2.380070e-02 
 7.509130e+00  2.637741e-02 
 7.509527e+00  2.814985e-02 
 7.509925e+00  2.893697e-02 
 7.510323e+00  2.879142e-02 
 7.510721e+00  2.790543e-02 
 7.511118e+00  2.632104e-02 
 7.511516e+00  2.415269e-02 
 7.511914e+00  2.147546e-02 
 7.512311e+00  1.857122e-02 
 7.512709e+00  1.560560e-02 
 7.513107e+00  1.272914e-02 
 7.513504e+00  1.006775e-02 
 7.513902e+00  7.707741e-03 
 7.514300e+00  5.789597e-03 
 7.514698e+00  4.425826e-03 
 7.515095e+00  3.684676e-03 
 7.515493e+00  3.503656e-03 
 7.515891e+00  3.811493e-03 
 7.516288e+00  4.405530e-03 
 7.516686e+00  5.258980e-03 
 7.517084e+00  6.312314e-03 
 7.517481e+00  7.317052e-03 
 7.517879e+00  8.170542e-03 
 7.518277e+00  8.826934e-03 
 7.518674e+00  9.436207e-03 
 7.519072e+00  1.002487e-02 
 7.519470e+00  1.048114e-02 
 7.519868e+00  1.080576e-02 
 7.520265e+00  1.098588e-02 
 7.520663e+00  1.095971e-02 
 7.521061e+00  1.076001e-02 
 7.521458e+00  1.030022e-02 
 7.521856e+00  9.546946e-03 
 7.522254e+00  8.521442e-03 
 7.522651e+00  7.403358e-03 
 7.523049e+00  6.357007e-03 
 7.523447e+00  5.456833e-03 
 7.523845e+00  4.692897e-03 
 7.524242e+00  4.066190e-03 
 7.524640e+00  3.804330e-03 
 7.525038e+00  3.892369e-03 
 7.525435e+00  4.259373e-03 
 7.525833e+00  4.813846e-03 
 7.526231e+00  5.476053e-03 
 7.526628e+00  6.239935e-03 
 7.527026e+00  7.091950e-03 
 7.527424e+00  8.037171e-03 
 7.527821e+00  8.960217e-03 
 7.528219e+00  9.908973e-03 
 7.528617e+00  1.078606e-02 
 7.529015e+00  1.146496e-02 
 7.529412e+00  1.182080e-02 
 7.529810e+00  1.180188e-02 
 7.530208e+00  1.143675e-02 
 7.530605e+00  1.084193e-02 
 7.531003e+00  1.016884e-02 
 7.531401e+00  9.458426e-03 
 7.531798e+00  8.730436e-03 
 7.532196e+00  7.997072e-03 
 7.532594e+00  7.282247e-03 
 7.532992e+00  6.515276e-03 
 7.533389e+00  5.567650e-03 
 7.533787e+00  4.386730e-03 
 7.534185e+00  3.035211e-03 
 7.534582e+00  1.717875e-03 
 7.534980e+00  4.843216e-04 
 7.535378e+00 -6.566410e-04 
 7.535775e+00 -1.541019e-03 
 7.536173e+00 -2.134180e-03 
 7.536571e+00 -2.304822e-03 
 7.536968e+00 -1.974919e-03 
 7.537366e+00 -1.226495e-03 
 7.537764e+00 -4.772896e-06 
 7.538162e+00  1.556518e-03 
 7.538559e+00  3.452648e-03 
 7.538957e+00  5.663419e-03 
 7.539355e+00  8.085357e-03 
 7.539752e+00  1.044555e-02 
 7.540150e+00  1.260450e-02 
 7.540548e+00  1.447673e-02 
 7.540945e+00  1.596764e-02 
 7.541343e+00  1.681806e-02 
 7.541741e+00  1.677635e-02 
 7.542139e+00  1.584144e-02 
 7.542536e+00  1.399124e-02 
 7.542934e+00  1.129087e-02 
 7.543332e+00  7.869590e-03 
 7.543729e+00  3.951034e-03 
 7.544127e+00 -2.865923e-04 
 7.544525e+00 -4.520675e-03 
 7.544922e+00 -8.300108e-03 
 7.545320e+00 -1.143779e-02 
 7.545718e+00 -1.371637e-02 
 7.546115e+00 -1.491609e-02 
 7.546513e+00 -1.499194e-02 
 7.546911e+00 -1.377714e-02 
 7.547309e+00 -1.152151e-02 
 7.547706e+00 -8.486819e-03 
 7.548104e+00 -4.896885e-03 
 7.548502e+00 -1.046216e-03 
 7.548899e+00  2.768374e-03 
 7.549297e+00  6.119710e-03 
 7.549695e+00  8.734941e-03 
 7.550092e+00  1.042007e-02 
 7.550490e+00  1.108164e-02 
 7.550888e+00  1.071971e-02 
 7.551286e+00  9.446261e-03 
 7.551683e+00  7.371014e-03 
 7.552081e+00  4.871624e-03 
 7.552479e+00  2.190541e-03 
 7.552876e+00 -4.561874e-04 
 7.553274e+00 -2.876844e-03 
 7.553672e+00 -4.910722e-03 
 7.554069e+00 -6.422116e-03 
 7.554467e+00 -7.291330e-03 
 7.554865e+00 -7.422517e-03 
 7.555262e+00 -6.753732e-03 
 7.555660e+00 -5.548332e-03 
 7.556058e+00 -3.682405e-03 
 7.556456e+00 -1.254977e-03 
 7.556853e+00  1.507577e-03 
 7.557251e+00  4.540198e-03 
 7.557649e+00  7.507894e-03 
 7.558046e+00  1.036551e-02 
 7.558444e+00  1.302061e-02 
 7.558842e+00  1.532793e-02 
 7.559239e+00  1.711491e-02 
 7.559637e+00  1.819771e-02 
 7.560035e+00  1.844385e-02 
 7.560433e+00  1.771566e-02 
 7.560830e+00  1.606720e-02 
 7.561228e+00  1.362510e-02 
 7.561626e+00  1.044174e-02 
 7.562023e+00  6.691154e-03 
 7.562421e+00  2.685126e-03 
 7.562819e+00 -1.180916e-03 
 7.563216e+00 -4.789372e-03 
 7.563614e+00 -7.943245e-03 
 7.564012e+00 -1.043105e-02 
 7.564409e+00 -1.210012e-02 
 7.564807e+00 -1.275778e-02 
 7.565205e+00 -1.263313e-02 
 7.565603e+00 -1.175676e-02 
 7.566000e+00 -1.006976e-02 
 7.566398e+00 -7.745443e-03 
 7.566796e+00 -4.770724e-03 
 7.567193e+00 -1.409740e-03 
 7.567591e+00  2.196704e-03 
 7.567989e+00  5.535259e-03 
 7.568386e+00  8.512973e-03 
 7.568784e+00  1.077989e-02 
 7.569182e+00  1.205478e-02 
 7.569580e+00  1.217471e-02 
 7.569977e+00  1.112624e-02 
 7.570375e+00  9.148812e-03 
 7.570773e+00  6.448778e-03 
 7.571170e+00  3.171077e-03 
 7.571568e+00 -4.496539e-04 
 7.571966e+00 -4.135313e-03 
 7.572363e+00 -7.460943e-03 
 7.572761e+00 -1.006400e-02 
 7.573159e+00 -1.167140e-02 
 7.573556e+00 -1.223270e-02 
 7.573954e+00 -1.160994e-02 
 7.574352e+00 -9.922263e-03 
 7.574750e+00 -7.375730e-03 
 7.575147e+00 -4.209081e-03 
 7.575545e+00 -8.452460e-04 
 7.575943e+00  2.529158e-03 
 7.576340e+00  5.665488e-03 
 7.576738e+00  8.408536e-03 
 7.577136e+00  1.054948e-02 
 7.577533e+00  1.175116e-02 
 7.577931e+00  1.185566e-02 
 7.578329e+00  1.084736e-02 
 7.578727e+00  8.935137e-03 
 7.579124e+00  6.267809e-03 
 7.579522e+00  3.152485e-03 
 7.579920e+00 -1.121911e-04 
 7.580317e+00 -3.215392e-03 
 7.580715e+00 -5.910594e-03 
 7.581113e+00 -8.036694e-03 
 7.581510e+00 -9.497230e-03 
 7.581908e+00 -1.017458e-02 
 7.582306e+00 -9.921096e-03 
 7.582703e+00 -8.759150e-03 
 7.583101e+00 -6.744505e-03 
 7.583499e+00 -3.993528e-03 
 7.583897e+00 -7.858291e-04 
 7.584294e+00  2.676239e-03 
 7.584692e+00  6.202952e-03 
 7.585090e+00  9.572173e-03 
 7.585487e+00  1.246925e-02 
 7.585885e+00  1.476750e-02 
 7.586283e+00  1.648406e-02 
 7.586680e+00  1.757650e-02 
 7.587078e+00  1.802561e-02 
 7.587476e+00  1.771375e-02 
 7.587874e+00  1.668673e-02 
 7.588271e+00  1.511530e-02 
 7.588669e+00  1.300904e-02 
 7.589067e+00  1.059528e-02 
 7.589464e+00  8.096699e-03 
 7.589862e+00  5.716680e-03 
 7.590260e+00  3.666963e-03 
 7.590657e+00  2.271899e-03 
 7.591055e+00  1.628692e-03 
 7.591453e+00  1.713333e-03 
 7.591850e+00  2.520490e-03 
 7.592248e+00  4.001392e-03 
 7.592646e+00  6.089913e-03 
 7.593044e+00  8.594273e-03 
 7.593441e+00  1.128573e-02 
 7.593839e+00  1.404970e-02 
 7.594237e+00  1.661050e-02 
 7.594634e+00  1.885729e-02 
 7.595032e+00  2.050744e-02 
 7.595430e+00  2.139574e-02 
 7.595827e+00  2.142262e-02 
 7.596225e+00  2.062429e-02 
 7.596623e+00  1.897820e-02 
 7.597021e+00  1.662271e-02 
 7.597418e+00  1.375243e-02 
 7.597816e+00  1.050403e-02 
 7.598214e+00  7.317461e-03 
 7.598611e+00  4.383572e-03 
 7.599009e+00  1.989079e-03 
 7.599407e+00  3.123228e-04 
 7.599804e+00 -5.879560e-04 
 7.600202e+00 -5.679412e-04 
 7.600600e+00  3.595551e-04 
 7.600997e+00  2.214965e-03 
 7.601395e+00  4.744836e-03 
 7.601793e+00  7.800572e-03 
 7.602191e+00  1.129247e-02 
 7.602588e+00  1.487226e-02 
 7.602986e+00  1.835237e-02 
 7.603384e+00  2.144051e-02 
 7.603781e+00  2.390177e-02 
 7.604179e+00  2.559545e-02 
 7.604577e+00  2.638578e-02 
 7.604974e+00  2.610581e-02 
 7.605372e+00  2.487394e-02 
 7.605770e+00  2.282785e-02 
 7.606168e+00  2.012388e-02 
 7.606565e+00  1.702589e-02 
 7.606963e+00  1.383499e-02 
 7.607361e+00  1.079056e-02 
 7.607758e+00  7.987025e-03 
 7.608156e+00  5.754950e-03 
 7.608554e+00  4.298706e-03 
 7.608951e+00  3.574089e-03 
 7.609349e+00  3.554231e-03 
 7.609747e+00  4.168328e-03 
 7.610144e+00  5.415275e-03 
 7.610542e+00  7.206372e-03 
 7.610940e+00  9.289504e-03 
 7.611338e+00  1.153177e-02 
 7.611735e+00  1.379851e-02 
 7.612133e+00  1.593839e-02 
 7.612531e+00  1.793647e-02 
 7.612928e+00  1.973439e-02 
 7.613326e+00  2.119055e-02 
 7.613724e+00  2.214725e-02 
 7.614121e+00  2.263779e-02 
 7.614519e+00  2.275433e-02 
 7.614917e+00  2.254409e-02 
 7.615314e+00  2.195877e-02 
 7.615712e+00  2.090993e-02 
 7.616110e+00  1.957033e-02 
 7.616508e+00  1.788796e-02 
 7.616905e+00  1.588531e-02 
 7.617303e+00  1.365215e-02 
 7.617701e+00  1.121251e-02 
 7.618098e+00  8.996217e-03 
 7.618496e+00  7.162682e-03 
 7.618894e+00  5.833940e-03 
 7.619291e+00  5.060835e-03 
 7.619689e+00  4.786716e-03 
 7.620087e+00  4.921056e-03 
 7.620485e+00  5.326164e-03 
 7.620882e+00  5.984641e-03 
 7.621280e+00  6.658720e-03 
 7.621678e+00  7.370465e-03 
 7.622075e+00  8.112451e-03 
 7.622473e+00  8.915758e-03 
 7.622871e+00  9.763802e-03 
 7.623268e+00  1.043797e-02 
 7.623666e+00  1.077300e-02 
 7.624064e+00  1.066770e-02 
 7.624461e+00  1.018502e-02 
 7.624859e+00  9.289870e-03 
 7.625257e+00  7.991623e-03 
 7.625655e+00  6.382416e-03 
 7.626052e+00  4.552299e-03 
 7.626450e+00  2.622082e-03 
 7.626848e+00  6.231471e-04 
 7.627245e+00 -1.261670e-03 
 7.627643e+00 -2.882344e-03 
 7.628041e+00 -4.158027e-03 
 7.628438e+00 -4.904364e-03 
 7.628836e+00 -5.208877e-03 
 7.629234e+00 -5.065318e-03 
 7.629632e+00 -4.676630e-03 
 7.630029e+00 -4.174991e-03 
 7.630427e+00 -3.453263e-03 
 7.630825e+00 -2.526958e-03 
 7.631222e+00 -1.452364e-03 
 7.631620e+00 -2.621660e-04 
 7.632018e+00  1.052588e-03 
 7.632415e+00  2.505410e-03 
 7.632813e+00  3.868770e-03 
 7.633211e+00  5.093230e-03 
 7.633608e+00  6.131656e-03 
 7.634006e+00  7.034887e-03 
 7.634404e+00  7.838353e-03 
 7.634802e+00  8.610030e-03 
 7.635199e+00  9.279078e-03 
 7.635597e+00  9.710820e-03 
 7.635995e+00  9.809220e-03 
 7.636392e+00  9.552368e-03 
 7.636790e+00  8.871884e-03 
 7.637188e+00  7.760277e-03 
 7.637585e+00  6.162390e-03 
 7.637983e+00  4.139107e-03 
 7.638381e+00  1.862739e-03 
 7.638779e+00 -5.701423e-04 
 7.639176e+00 -3.154221e-03 
 7.639574e+00 -5.655333e-03 
 7.639972e+00 -7.922459e-03 
 7.640369e+00 -9.689444e-03 
 7.640767e+00 -1.069493e-02 
 7.641165e+00 -1.084161e-02 
 7.641562e+00 -9.951984e-03 
 7.641960e+00 -8.034532e-03 
 7.642358e+00 -5.191473e-03 
 7.642755e+00 -1.674437e-03 
 7.643153e+00  2.286397e-03 
 7.643551e+00  6.391397e-03 
 7.643949e+00  1.036638e-02 
 7.644346e+00  1.393447e-02 
 7.644744e+00  1.672891e-02 
 7.645142e+00  1.854655e-02 
 7.645539e+00  1.907185e-02 
 7.645937e+00  1.832056e-02 
 7.646335e+00  1.643172e-02 
 7.646732e+00  1.358499e-02 
 7.647130e+00  1.008474e-02 
 7.647528e+00  6.089351e-03 
 7.647926e+00  2.004691e-03 
 7.648323e+00 -1.998538e-03 
 7.648721e+00 -5.714401e-03 
 7.649119e+00 -8.826810e-03 
 7.649516e+00 -1.109816e-02 
 7.649914e+00 -1.217180e-02 
 7.650312e+00 -1.198164e-02 
 7.650709e+00 -1.051162e-02 
 7.651107e+00 -7.962029e-03 
 7.651505e+00 -4.712168e-03 
 7.651902e+00 -1.124616e-03 
 7.652300e+00  2.473392e-03 
 7.652698e+00  6.014538e-03 
 7.653096e+00  9.085233e-03 
 7.653493e+00  1.167469e-02 
 7.653891e+00  1.359622e-02 
 7.654289e+00  1.483254e-02 
 7.654686e+00  1.518385e-02 
 7.655084e+00  1.443761e-02 
 7.655482e+00  1.265870e-02 
 7.655879e+00  9.932216e-03 
 7.656277e+00  6.505159e-03 
 7.656675e+00  2.626093e-03 
 7.657073e+00 -1.615013e-03 
 7.657470e+00 -5.892506e-03 
 7.657868e+00 -1.002367e-02 
 7.658266e+00 -1.370122e-02 
 7.658663e+00 -1.663143e-02 
 7.659061e+00 -1.861757e-02 
 7.659459e+00 -1.946454e-02 
 7.659856e+00 -1.901809e-02 
 7.660254e+00 -1.723948e-02 
 7.660652e+00 -1.427958e-02 
 7.661049e+00 -1.040087e-02 
 7.661447e+00 -5.918844e-03 
 7.661845e+00 -9.254499e-04 
 7.662243e+00  4.295776e-03 
 7.662640e+00  9.507883e-03 
 7.663038e+00  1.431017e-02 
 7.663436e+00  1.822592e-02 
 7.663833e+00  2.108234e-02 
 7.664231e+00  2.263515e-02 
 7.664629e+00  2.269607e-02 
 7.665026e+00  2.130593e-02 
 7.665424e+00  1.854333e-02 
 7.665822e+00  1.468928e-02 
 7.666220e+00  1.006865e-02 
 7.666617e+00  5.054633e-03 
 7.667015e+00 -3.760631e-05 
 7.667413e+00 -4.929786e-03 
 7.667810e+00 -9.170232e-03 
 7.668208e+00 -1.245504e-02 
 7.668606e+00 -1.441590e-02 
 7.669003e+00 -1.502453e-02 
 7.669401e+00 -1.420586e-02 
 7.669799e+00 -1.189951e-02 
 7.670196e+00 -8.253859e-03 
 7.670594e+00 -3.573502e-03 
 7.670992e+00  1.678260e-03 
 7.671390e+00  7.026168e-03 
 7.671787e+00  1.194881e-02 
 7.672185e+00  1.595927e-02 
 7.672583e+00  1.864662e-02 
 7.672980e+00  1.979384e-02 
 7.673378e+00  1.938614e-02 
 7.673776e+00  1.763104e-02 
 7.674173e+00  1.483633e-02 
 7.674571e+00  1.133814e-02 
 7.674969e+00  7.418054e-03 
 7.675367e+00  3.211431e-03 
 7.675764e+00 -9.920254e-04 
 7.676162e+00 -4.915495e-03 
 7.676560e+00 -8.307917e-03 
 7.676957e+00 -1.101058e-02 
 7.677355e+00 -1.288730e-02 
 7.677753e+00 -1.367099e-02 
 7.678150e+00 -1.331757e-02 
 7.678548e+00 -1.183043e-02 
 7.678946e+00 -9.347966e-03 
 7.679343e+00 -6.127298e-03 
 7.679741e+00 -2.284724e-03 
 7.680139e+00  1.868458e-03 
 7.680537e+00  6.126183e-03 
 7.680934e+00  1.015044e-02 
 7.681332e+00  1.367015e-02 
 7.681730e+00  1.649911e-02 
 7.682127e+00  1.845401e-02 
 7.682525e+00  1.955406e-02 
 7.682923e+00  1.973399e-02 
 7.683320e+00  1.887447e-02 
 7.683718e+00  1.709607e-02 
 7.684116e+00  1.445652e-02 
 7.684514e+00  1.119227e-02 
 7.684911e+00  7.483325e-03 
 7.685309e+00  3.610711e-03 
 7.685707e+00 -8.482883e-05 
 7.686104e+00 -3.269556e-03 
 7.686502e+00 -5.569746e-03 
 7.686900e+00 -6.900247e-03 
 7.687297e+00 -7.130779e-03 
 7.687695e+00 -6.277771e-03 
 7.688093e+00 -4.450877e-03 
 7.688490e+00 -1.670624e-03 
 7.688888e+00  1.920672e-03 
 7.689286e+00  6.033057e-03 
 7.689684e+00  1.037507e-02 
 7.690081e+00  1.458111e-02 
 7.690479e+00  1.828403e-02 
 7.690877e+00  2.123244e-02 
 7.691274e+00  2.319373e-02 
 7.691672e+00  2.407048e-02 
 7.692070e+00  2.394516e-02 
 7.692467e+00  2.286182e-02 
 7.692865e+00  2.089946e-02 
 7.693263e+00  1.818830e-02 
 7.693661e+00  1.495297e-02 
 7.694058e+00  1.156326e-02 
 7.694456e+00  8.240196e-03 
 7.694854e+00  5.373998e-03 
 7.695251e+00  3.237371e-03 
 7.695649e+00  2.078333e-03 
 7.696047e+00  2.008112e-03 
 7.696444e+00  2.936362e-03 
 7.696842e+00  4.772526e-03 
 7.697240e+00  7.259012e-03 
 7.697637e+00  1.022972e-02 
 7.698035e+00  1.359412e-02 
 7.698433e+00  1.710337e-02 
 7.698831e+00  2.048663e-02 
 7.699228e+00  2.332696e-02 
 7.699626e+00  2.533438e-02 
 7.700024e+00  2.637643e-02 
 7.700421e+00  2.632338e-02 
 7.700819e+00  2.514158e-02 
 7.701217e+00  2.312029e-02 
 7.701614e+00  2.053906e-02 
 7.702012e+00  1.776868e-02 
 7.702410e+00  1.496466e-02 
 7.702808e+00  1.220785e-02 
 7.703205e+00  9.604867e-03 
 7.703603e+00  7.106960e-03 
 7.704001e+00  4.869774e-03 
 7.704398e+00  3.168497e-03 
 7.704796e+00  1.998745e-03 
 7.705194e+00  1.582370e-03 
 7.705591e+00  1.867474e-03 
 7.705989e+00  2.806821e-03 
 7.706387e+00  4.194089e-03 
 7.706784e+00  5.747844e-03 
 7.707182e+00  7.264552e-03 
 7.707580e+00  8.675430e-03 
 7.707978e+00  9.966221e-03 
 7.708375e+00  1.101149e-02 
 7.708773e+00  1.184448e-02 
 7.709171e+00  1.232326e-02 
 7.709568e+00  1.256042e-02 
 7.709966e+00  1.256694e-02 
 7.710364e+00  1.230627e-02 
 7.710761e+00  1.189896e-02 
 7.711159e+00  1.124522e-02 
 7.711557e+00  1.048303e-02 
 7.711955e+00  9.699104e-03 
 7.712352e+00  8.892607e-03 
 7.712750e+00  8.038676e-03 
 7.713148e+00  7.009723e-03 
 7.713545e+00  6.049493e-03 
 7.713943e+00  5.222297e-03 
 7.714341e+00  4.741688e-03 
 7.714738e+00  4.536081e-03 
 7.715136e+00  4.572198e-03 
 7.715534e+00  4.797582e-03 
 7.715931e+00  5.187091e-03 
 7.716329e+00  5.704792e-03 
 7.716727e+00  6.266604e-03 
 7.717125e+00  6.839388e-03 
 7.717522e+00  7.559482e-03 
 7.717920e+00  8.409326e-03 
 7.718318e+00  9.216301e-03 
 7.718715e+00  9.936889e-03 
 7.719113e+00  1.039454e-02 
 7.719511e+00  1.055494e-02 
 7.719908e+00  1.052185e-02 
 7.720306e+00  1.042199e-02 
 7.720704e+00  1.019618e-02 
 7.721102e+00  9.912498e-03 
 7.721499e+00  9.406483e-03 
 7.721897e+00  8.874765e-03 
 7.722295e+00  8.285231e-03 
 7.722692e+00  7.586851e-03 
 7.723090e+00  6.830566e-03 
 7.723488e+00  6.027353e-03 
 7.723885e+00  5.271699e-03 
 7.724283e+00  4.489037e-03 
 7.724681e+00  3.718324e-03 
 7.725078e+00  3.005537e-03 
 7.725476e+00  2.376549e-03 
 7.725874e+00  1.890867e-03 
 7.726272e+00  1.635704e-03 
 7.726669e+00  1.659096e-03 
 7.727067e+00  1.819116e-03 
 7.727465e+00  2.074525e-03 
 7.727862e+00  2.392472e-03 
 7.728260e+00  2.741731e-03 
 7.728658e+00  3.109516e-03 
 7.729055e+00  3.426246e-03 
 7.729453e+00  3.816132e-03 
 7.729851e+00  4.525409e-03 
 7.730249e+00  5.541122e-03 
 7.730646e+00  6.781578e-03 
 7.731044e+00  8.046105e-03 
 7.731442e+00  9.108460e-03 
 7.731839e+00  9.711474e-03 
 7.732237e+00  9.780332e-03 
 7.732635e+00  9.230275e-03 
 7.733032e+00  8.068239e-03 
 7.733430e+00  6.348140e-03 
 7.733828e+00  4.263353e-03 
 7.734225e+00  2.017426e-03 
 7.734623e+00 -2.956485e-04 
 7.735021e+00 -2.623512e-03 
 7.735419e+00 -4.792996e-03 
 7.735816e+00 -6.617361e-03 
 7.736214e+00 -7.723971e-03 
 7.736612e+00 -8.024907e-03 
 7.737009e+00 -7.427966e-03 
 7.737407e+00 -6.005445e-03 
 7.737805e+00 -3.672905e-03 
 7.738202e+00 -6.764266e-04 
 7.738600e+00  2.861252e-03 
 7.738998e+00  6.633339e-03 
 7.739396e+00  1.033283e-02 
 7.739793e+00  1.382091e-02 
 7.740191e+00  1.680628e-02 
 7.740589e+00  1.907121e-02 
 7.740986e+00  2.034724e-02 
 7.741384e+00  2.049828e-02 
 7.741782e+00  1.937437e-02 
 7.742179e+00  1.710816e-02 
 7.742577e+00  1.397813e-02 
 7.742975e+00  1.020217e-02 
 7.743372e+00  6.141655e-03 
 7.743770e+00  2.235312e-03 
 7.744168e+00 -1.180102e-03 
 7.744566e+00 -3.834951e-03 
 7.744963e+00 -5.718285e-03 
 7.745361e+00 -6.794549e-03 
 7.745759e+00 -7.017469e-03 
 7.746156e+00 -6.394272e-03 
 7.746554e+00 -5.046873e-03 
 7.746952e+00 -3.023772e-03 
 7.747349e+00 -4.008513e-04 
 7.747747e+00  2.592526e-03 
 7.748145e+00  5.795863e-03 
 7.748543e+00  9.021925e-03 
 7.748940e+00  1.212887e-02 
 7.749338e+00  1.476063e-02 
 7.749736e+00  1.683260e-02 
 7.750133e+00  1.820312e-02 
 7.750531e+00  1.860941e-02 
 7.750929e+00  1.792139e-02 
 7.751326e+00  1.610623e-02 
 7.751724e+00  1.327503e-02 
 7.752122e+00  9.674551e-03 
 7.752519e+00  5.525512e-03 
 7.752917e+00  1.044630e-03 
 7.753315e+00 -3.267196e-03 
 7.753713e+00 -7.030466e-03 
 7.754110e+00 -1.006827e-02 
 7.754508e+00 -1.215489e-02 
 7.754906e+00 -1.325721e-02 
 7.755303e+00 -1.330733e-02 
 7.755701e+00 -1.233418e-02 
 7.756099e+00 -1.020470e-02 
 7.756496e+00 -7.006958e-03 
 7.756894e+00 -2.983099e-03 
 7.757292e+00  1.692511e-03 
 7.757690e+00  6.704268e-03 
 7.758087e+00  1.161266e-02 
 7.758485e+00  1.617351e-02 
 7.758883e+00  1.980594e-02 
 7.759280e+00  2.215218e-02 
 7.759678e+00  2.301205e-02 
 7.760076e+00  2.229692e-02 
 7.760473e+00  1.991894e-02 
 7.760871e+00  1.595390e-02 
 7.761269e+00  1.070115e-02 
 7.761666e+00  4.457037e-03 
 7.762064e+00 -2.132161e-03 
 7.762462e+00 -8.500803e-03 
 7.762860e+00 -1.433420e-02 
 7.763257e+00 -1.902470e-02 
 7.763655e+00 -2.226694e-02 
 7.764053e+00 -2.395510e-02 
 7.764450e+00 -2.384666e-02 
 7.764848e+00 -2.202035e-02 
 7.765246e+00 -1.864630e-02 
 7.765643e+00 -1.398313e-02 
 7.766041e+00 -8.247889e-03 
 7.766439e+00 -2.038553e-03 
 7.766837e+00  4.130458e-03 
 7.767234e+00  9.675943e-03 
 7.767632e+00  1.409142e-02 
 7.768030e+00  1.725447e-02 
 7.768427e+00  1.891489e-02 
 7.768825e+00  1.912825e-02 
 7.769223e+00  1.789766e-02 
 7.769620e+00  1.541878e-02 
 7.770018e+00  1.190706e-02 
 7.770416e+00  7.560453e-03 
 7.770813e+00  2.799927e-03 
 7.771211e+00 -1.996712e-03 
 7.771609e+00 -6.438832e-03 
 7.772007e+00 -1.002565e-02 
 7.772404e+00 -1.232639e-02 
 7.772802e+00 -1.340747e-02 
 7.773200e+00 -1.325721e-02 
 7.773597e+00 -1.202147e-02 
 7.773995e+00 -9.856472e-03 
 7.774393e+00 -6.892953e-03 
 7.774790e+00 -3.300858e-03 
 7.775188e+00  6.893781e-04 
 7.775586e+00  4.949439e-03 
 7.775984e+00  9.195977e-03 
 7.776381e+00  1.305533e-02 
 7.776779e+00  1.608706e-02 
 7.777177e+00  1.809255e-02 
 7.777574e+00  1.897029e-02 
 7.777972e+00  1.872662e-02 
 7.778370e+00  1.757785e-02 
 7.778767e+00  1.550216e-02 
 7.779165e+00  1.251422e-02 
 7.779563e+00  8.721562e-03 
 7.779960e+00  4.391223e-03 
 7.780358e+00 -2.801235e-04 
 7.780756e+00 -4.935256e-03 
 7.781154e+00 -9.186969e-03 
 7.781551e+00 -1.269617e-02 
 7.781949e+00 -1.503093e-02 
 7.782347e+00 -1.597932e-02 
 7.782744e+00 -1.566667e-02 
 7.783142e+00 -1.421071e-02 
 7.783540e+00 -1.164158e-02 
 7.783937e+00 -8.165009e-03 
 7.784335e+00 -3.928322e-03 
 7.784733e+00  8.375124e-04 
 7.785131e+00  5.628571e-03 
 7.785528e+00  1.024314e-02 
 7.785926e+00  1.431431e-02 
 7.786324e+00  1.752686e-02 
 7.786721e+00  1.972275e-02 
 7.787119e+00  2.075101e-02 
 7.787517e+00  2.065722e-02 
 7.787914e+00  1.942156e-02 
 7.788312e+00  1.732097e-02 
 7.788710e+00  1.451089e-02 
 7.789107e+00  1.109636e-02 
 7.789505e+00  7.437355e-03 
 7.789903e+00  3.868089e-03 
 7.790301e+00  7.712746e-04 
 7.790698e+00 -1.603613e-03 
 7.791096e+00 -2.951427e-03 
 7.791494e+00 -3.197789e-03 
 7.791891e+00 -2.419927e-03 
 7.792289e+00 -6.352832e-04 
 7.792687e+00  1.896948e-03 
 7.793084e+00  4.981637e-03 
 7.793482e+00  8.390389e-03 
 7.793880e+00  1.183703e-02 
 7.794278e+00  1.497008e-02 
 7.794675e+00  1.762443e-02 
 7.795073e+00  1.956286e-02 
 7.795471e+00  2.062791e-02 
 7.795868e+00  2.093288e-02 
 7.796266e+00  2.044410e-02 
 7.796664e+00  1.914407e-02 
 7.797061e+00  1.721412e-02 
 7.797459e+00  1.481635e-02 
 7.797857e+00  1.213974e-02 
 7.798254e+00  9.453772e-03 
 7.798652e+00  6.911543e-03 
 7.799050e+00  4.793518e-03 
 7.799448e+00  3.286950e-03 
 7.799845e+00  2.606472e-03 
 7.800243e+00  2.717782e-03 
 7.800641e+00  3.510534e-03 
 7.801038e+00  4.685559e-03 
 7.801436e+00  6.019888e-03 
 7.801834e+00  7.359646e-03 
 7.802231e+00  8.787510e-03 
 7.802629e+00  1.018984e-02 
 7.803027e+00  1.159031e-02 
 7.803425e+00  1.302459e-02 
 7.803822e+00  1.440978e-02 
 7.804220e+00  1.569365e-02 
 7.804618e+00  1.676727e-02 
 7.805015e+00  1.749443e-02 
 7.805413e+00  1.784119e-02 
 7.805811e+00  1.780912e-02 
 7.806208e+00  1.738918e-02 
 7.806606e+00  1.650297e-02 
 7.807004e+00  1.521883e-02 
 7.807401e+00  1.360198e-02 
 7.807799e+00  1.179170e-02 
 7.808197e+00  1.000597e-02 
 7.808595e+00  8.371771e-03 
 7.808992e+00  7.061090e-03 
 7.809390e+00  6.104473e-03 
 7.809788e+00  5.596699e-03 
 7.810185e+00  5.471836e-03 
 7.810583e+00  5.657865e-03 
 7.810981e+00  6.085908e-03 
 7.811378e+00  6.637398e-03 
 7.811776e+00  7.335691e-03 
 7.812174e+00  8.076831e-03 
 7.812572e+00  8.817807e-03 
 7.812969e+00  9.358507e-03 
 7.813367e+00  9.766445e-03 
 7.813765e+00  1.004705e-02 
 7.814162e+00  1.019257e-02 
 7.814560e+00  1.028690e-02 
 7.814958e+00  1.035012e-02 
 7.815355e+00  1.030741e-02 
 7.815753e+00  1.021214e-02 
 7.816151e+00  1.004350e-02 
 7.816548e+00  9.775409e-03 
 7.816946e+00  9.448941e-03 
 7.817344e+00  9.203002e-03 
 7.817742e+00  9.130055e-03 
 7.818139e+00  9.419114e-03 
 7.818537e+00  9.986066e-03 
 7.818935e+00  1.055596e-02 
 7.819332e+00  1.112477e-02 
 7.819730e+00  1.159218e-02 
 7.820128e+00  1.188490e-02 
 7.820525e+00  1.190869e-02 
 7.820923e+00  1.165172e-02 
 7.821321e+00  1.109672e-02 
 7.821719e+00  1.030324e-02 
 7.822116e+00  9.412708e-03 
 7.822514e+00  8.408017e-03 
 7.822912e+00  7.402463e-03 
 7.823309e+00  6.584559e-03 
 7.823707e+00  6.178711e-03 
 7.824105e+00  6.344643e-03 
 7.824502e+00  7.100427e-03 
 7.824900e+00  8.286546e-03 
 7.825298e+00  9.674585e-03 
 7.825695e+00  1.114165e-02 
 7.826093e+00  1.256550e-02 
 7.826491e+00  1.376394e-02 
 7.826889e+00  1.467744e-02 
 7.827286e+00  1.523771e-02 
 7.827684e+00  1.547601e-02 
 7.828082e+00  1.521729e-02 
 7.828479e+00  1.438933e-02 
 7.828877e+00  1.294520e-02 
 7.829275e+00  1.087697e-02 
 7.829672e+00  8.383898e-03 
 7.830070e+00  5.617965e-03 
 7.830468e+00  2.937348e-03 
 7.830866e+00  5.857101e-04 
 7.831263e+00 -1.127890e-03 
 7.831661e+00 -2.078896e-03 
 7.832059e+00 -2.195607e-03 
 7.832456e+00 -1.417551e-03 
 7.832854e+00  6.713989e-05 
 7.833252e+00  2.189878e-03 
 7.833649e+00  4.846822e-03 
 7.834047e+00  7.825156e-03 
 7.834445e+00  1.094131e-02 
 7.834842e+00  1.382815e-02 
 7.835240e+00  1.618628e-02 
 7.835638e+00  1.773544e-02 
 7.836036e+00  1.838359e-02 
 7.836433e+00  1.801399e-02 
 7.836831e+00  1.671497e-02 
 7.837229e+00  1.464221e-02 
 7.837626e+00  1.189500e-02 
 7.838024e+00  8.695154e-03 
 7.838422e+00  5.210621e-03 
 7.838819e+00  1.657161e-03 
 7.839217e+00 -1.793726e-03 
 7.839615e+00 -4.882163e-03 
 7.840013e+00 -7.371473e-03 
 7.840410e+00 -9.194111e-03 
 7.840808e+00 -1.022883e-02 
 7.841206e+00 -1.048136e-02 
 7.841603e+00 -9.797142e-03 
 7.842001e+00 -8.189488e-03 
 7.842399e+00 -5.786412e-03 
 7.842796e+00 -2.703876e-03 
 7.843194e+00  8.834110e-04 
 7.843592e+00  4.763085e-03 
 7.843989e+00  8.710100e-03 
 7.844387e+00  1.240868e-02 
 7.844785e+00  1.560323e-02 
 7.845183e+00  1.800983e-02 
 7.845580e+00  1.950741e-02 
 7.845978e+00  1.990921e-02 
 7.846376e+00  1.923185e-02 
 7.846773e+00  1.748663e-02 
 7.847171e+00  1.486043e-02 
 7.847569e+00  1.157175e-02 
 7.847966e+00  7.807433e-03 
 7.848364e+00  3.901170e-03 
 7.848762e+00 -2.935759e-05 
 7.849160e+00 -3.761846e-03 
 7.849557e+00 -6.992921e-03 
 7.849955e+00 -9.519824e-03 
 7.850353e+00 -1.111157e-02 
 7.850750e+00 -1.165491e-02 
 7.851148e+00 -1.086638e-02 
 7.851546e+00 -8.808380e-03 
 7.851943e+00 -5.660156e-03 
 7.852341e+00 -1.665210e-03 
 7.852739e+00  2.708125e-03 
 7.853136e+00  7.026512e-03 
 7.853534e+00  1.099218e-02 
 7.853932e+00  1.417645e-02 
 7.854330e+00  1.622236e-02 
 7.854727e+00  1.697663e-02 
 7.855125e+00  1.625489e-02 
 7.855523e+00  1.402851e-02 
 7.855920e+00  1.058716e-02 
 7.856318e+00  6.069552e-03 
 7.856716e+00  8.263434e-04 
 7.857113e+00 -4.839214e-03 
 7.857511e+00 -1.051223e-02 
 7.857909e+00 -1.582314e-02 
 7.858307e+00 -2.045614e-02 
 7.858704e+00 -2.400380e-02 
 7.859102e+00 -2.615319e-02 
 7.859500e+00 -2.646549e-02 
 7.859897e+00 -2.478148e-02 
 7.860295e+00 -2.123532e-02 
 7.860693e+00 -1.620445e-02 
 7.861090e+00 -1.011090e-02 
 7.861488e+00 -3.544536e-03 
 7.861886e+00  2.953643e-03 
 7.862283e+00  9.030285e-03 
 7.862681e+00  1.413584e-02 
 7.863079e+00  1.799958e-02 
 7.863477e+00  2.049274e-02 
 7.863874e+00  2.146994e-02 
 7.864272e+00  2.085098e-02 
 7.864670e+00  1.864596e-02 
 7.865067e+00  1.510941e-02 
 7.865465e+00  1.050823e-02 
 7.865863e+00  5.348853e-03 
 7.866260e+00  1.855194e-05 
 7.866658e+00 -5.217666e-03 
 7.867056e+00 -1.008750e-02 
 7.867454e+00 -1.427657e-02 
 7.867851e+00 -1.758566e-02 
 7.868249e+00 -1.985634e-02 
 7.868647e+00 -2.084928e-02 
 7.869044e+00 -2.046682e-02 
 7.869442e+00 -1.865289e-02 
 7.869840e+00 -1.545951e-02 
 7.870237e+00 -1.127315e-02 
 7.870635e+00 -6.543352e-03 
 7.871033e+00 -1.661098e-03 
 7.871430e+00  2.955563e-03 
 7.871828e+00  7.143937e-03 
 7.872226e+00  1.069461e-02 
 7.872624e+00  1.333329e-02 
 7.873021e+00  1.492367e-02 
 7.873419e+00  1.540549e-02 
 7.873817e+00  1.468999e-02 
 7.874214e+00  1.268651e-02 
 7.874612e+00  9.578263e-03 
 7.875010e+00  5.649898e-03 
 7.875407e+00  1.277743e-03 
 7.875805e+00 -3.055497e-03 
 7.876203e+00 -7.005993e-03 
 7.876601e+00 -1.043587e-02 
 7.876998e+00 -1.307635e-02 
 7.877396e+00 -1.467241e-02 
 7.877794e+00 -1.510772e-02 
 7.878191e+00 -1.413084e-02 
 7.878589e+00 -1.170253e-02 
 7.878987e+00 -7.890037e-03 
 7.879384e+00 -2.813247e-03 
 7.879782e+00  3.164826e-03 
 7.880180e+00  9.629218e-03 
 7.880577e+00  1.583308e-02 
 7.880975e+00  2.125557e-02 
 7.881373e+00  2.553104e-02 
 7.881771e+00  2.826448e-02 
 7.882168e+00  2.942214e-02 
 7.882566e+00  2.893118e-02 
 7.882964e+00  2.684091e-02 
 7.883361e+00  2.330796e-02 
 7.883759e+00  1.869473e-02 
 7.884157e+00  1.328778e-02 
 7.884554e+00  7.601862e-03 
 7.884952e+00  2.087531e-03 
 7.885350e+00 -2.901563e-03 
 7.885748e+00 -6.941822e-03 
 7.886145e+00 -9.850030e-03 
 7.886543e+00 -1.155349e-02 
 7.886941e+00 -1.189908e-02 
 7.887338e+00 -1.089344e-02 
 7.887736e+00 -8.574058e-03 
 7.888134e+00 -5.072436e-03 
 7.888531e+00 -6.428702e-04 
 7.888929e+00  4.185094e-03 
 7.889327e+00  8.939965e-03 
 7.889724e+00  1.318340e-02 
 7.890122e+00  1.649901e-02 
 7.890520e+00  1.866984e-02 
 7.890918e+00  1.979511e-02 
 7.891315e+00  1.997905e-02 
 7.891713e+00  1.942566e-02 
 7.892111e+00  1.834348e-02 
 7.892508e+00  1.688824e-02 
 7.892906e+00  1.511379e-02 
 7.893304e+00  1.310319e-02 
 7.893701e+00  1.110340e-02 
 7.894099e+00  9.280233e-03 
 7.894497e+00  7.782151e-03 
 7.894895e+00  6.769975e-03 
 7.895292e+00  6.172501e-03 
 7.895690e+00  6.072665e-03 
 7.896088e+00  6.282381e-03 
 7.896485e+00  6.719912e-03 
 7.896883e+00  7.428890e-03 
 7.897281e+00  8.437695e-03 
 7.897678e+00  9.770494e-03 
 7.898076e+00  1.148565e-02 
 7.898474e+00  1.347883e-02 
 7.898871e+00  1.557524e-02 
 7.899269e+00  1.758986e-02 
 7.899667e+00  1.941184e-02 
 7.900065e+00  2.093893e-02 
 7.900462e+00  2.199249e-02 
 7.900860e+00  2.255530e-02 
 7.901258e+00  2.253524e-02 
 7.901655e+00  2.181700e-02 
 7.902053e+00  2.042909e-02 
 7.902451e+00  1.840863e-02 
 7.902848e+00  1.589867e-02 
 7.903246e+00  1.313158e-02 
 7.903644e+00  1.057893e-02 
 7.904042e+00  8.353084e-03 
 7.904439e+00  6.610664e-03 
 7.904837e+00  5.500405e-03 
 7.905235e+00  4.808277e-03 
 7.905632e+00  4.497630e-03 
 7.906030e+00  4.535677e-03 
 7.906428e+00  4.934990e-03 
 7.906825e+00  5.720023e-03 
 7.907223e+00  7.029525e-03 
 7.907621e+00  8.787473e-03 
 7.908018e+00  1.080892e-02 
 7.908416e+00  1.283740e-02 
 7.908814e+00  1.458110e-02 
 7.909212e+00  1.583303e-02 
 7.909609e+00  1.639735e-02 
 7.910007e+00  1.629624e-02 
 7.910405e+00  1.563267e-02 
 7.910802e+00  1.464607e-02 
 7.911200e+00  1.352146e-02 
 7.911598e+00  1.251492e-02 
 7.911995e+00  1.177169e-02 
 7.912393e+00  1.117704e-02 
 7.912791e+00  1.074065e-02 
 7.913189e+00  1.038390e-02 
 7.913586e+00  1.003017e-02 
 7.913984e+00  9.619978e-03 
 7.914382e+00  9.000251e-03 
 7.914779e+00  8.296251e-03 
 7.915177e+00  7.478589e-03 
 7.915575e+00  6.647451e-03 
 7.915972e+00  5.926526e-03 
 7.916370e+00  5.258864e-03 
 7.916768e+00  4.627305e-03 
 7.917165e+00  4.081254e-03 
 7.917563e+00  3.637307e-03 
 7.917961e+00  3.287930e-03 
 7.918359e+00  3.007442e-03 
 7.918756e+00  2.941267e-03 
 7.919154e+00  3.171994e-03 
 7.919552e+00  3.876540e-03 
 7.919949e+00  5.100659e-03 
 7.920347e+00  6.848425e-03 
 7.920745e+00  8.944143e-03 
 7.921142e+00  1.112718e-02 
 7.921540e+00  1.322333e-02 
 7.921938e+00  1.495196e-02 
 7.922336e+00  1.612366e-02 
 7.922733e+00  1.654771e-02 
 7.923131e+00  1.620001e-02 
 7.923529e+00  1.520259e-02 
 7.923926e+00  1.367569e-02 
 7.924324e+00  1.176027e-02 
 7.924722e+00  9.578989e-03 
 7.925119e+00  7.316126e-03 
 7.925517e+00  5.068597e-03 
 7.925915e+00  2.990198e-03 
 7.926312e+00  1.120163e-03 
 7.926710e+00 -3.697216e-04 
 7.927108e+00 -1.273737e-03 
 7.927506e+00 -1.555977e-03 
 7.927903e+00 -1.094765e-03 
 7.928301e+00  2.070555e-04 
 7.928699e+00  2.055537e-03 
 7.929096e+00  4.342212e-03 
 7.929494e+00  6.834085e-03 
 7.929892e+00  9.391747e-03 
 7.930289e+00  1.175724e-02 
 7.930687e+00  1.386186e-02 
 7.931085e+00  1.552893e-02 
 7.931483e+00  1.672097e-02 
 7.931880e+00  1.723700e-02 
 7.932278e+00  1.700938e-02 
 7.932676e+00  1.602125e-02 
 7.933073e+00  1.413916e-02 
 7.933471e+00  1.154260e-02 
 7.933869e+00  8.340610e-03 
 7.934266e+00  4.738521e-03 
 7.934664e+00  1.006344e-03 
 7.935062e+00 -2.657363e-03 
 7.935459e+00 -5.893945e-03 
 7.935857e+00 -8.459374e-03 
 7.936255e+00 -1.020217e-02 
 7.936653e+00 -1.092182e-02 
 7.937050e+00 -1.059379e-02 
 7.937448e+00 -9.265333e-03 
 7.937846e+00 -7.081626e-03 
 7.938243e+00 -4.095507e-03 
 7.938641e+00 -6.040739e-04 
 7.939039e+00  3.178585e-03 
 7.939436e+00  7.207881e-03 
 7.939834e+00  1.121610e-02 
 7.940232e+00  1.492686e-02 
 7.940630e+00  1.791316e-02 
 7.941027e+00  1.980789e-02 
 7.941425e+00  2.023390e-02 
 7.941823e+00  1.907572e-02 
 7.942220e+00  1.645165e-02 
 7.942618e+00  1.262925e-02 
 7.943016e+00  8.023467e-03 
 7.943413e+00  3.079561e-03 
 7.943811e+00 -1.804302e-03 
 7.944209e+00 -6.362074e-03 
 7.944606e+00 -1.040075e-02 
 7.945004e+00 -1.367364e-02 
 7.945402e+00 -1.603500e-02 
 7.945800e+00 -1.714523e-02 
 7.946197e+00 -1.695426e-02 
 7.946595e+00 -1.542197e-02 
 7.946993e+00 -1.265684e-02 
 7.947390e+00 -8.872557e-03 
 7.947788e+00 -4.309969e-03 
 7.948186e+00  6.812150e-04 
 7.948583e+00  5.727922e-03 
 7.948981e+00  1.051899e-02 
 7.949379e+00  1.465843e-02 
 7.949777e+00  1.772543e-02 
 7.950174e+00  1.940354e-02 
 7.950572e+00  1.957981e-02 
 7.950970e+00  1.798917e-02 
 7.951367e+00  1.494847e-02 
 7.951765e+00  1.074006e-02 
 7.952163e+00  5.730025e-03 
 7.952560e+00  3.535123e-04 
 7.952958e+00 -4.947221e-03 
 7.953356e+00 -9.744963e-03 
 7.953753e+00 -1.377706e-02 
 7.954151e+00 -1.670643e-02 
 7.954549e+00 -1.840195e-02 
 7.954947e+00 -1.858366e-02 
 7.955344e+00 -1.720903e-02 
 7.955742e+00 -1.425170e-02 
 7.956140e+00 -9.858985e-03 
 7.956537e+00 -4.522822e-03 
 7.956935e+00  1.234521e-03 
 7.957333e+00  6.967750e-03 
 7.957730e+00  1.219639e-02 
 7.958128e+00  1.655511e-02 
 7.958526e+00  1.974545e-02 
 7.958924e+00  2.170211e-02 
 7.959321e+00  2.229067e-02 
 7.959719e+00  2.140543e-02 
 7.960117e+00  1.910927e-02 
 7.960514e+00  1.546325e-02 
 7.960912e+00  1.048263e-02 
 7.961310e+00  4.620036e-03 
 7.961707e+00 -1.638117e-03 
 7.962105e+00 -7.910474e-03 
 7.962503e+00 -1.367271e-02 
 7.962900e+00 -1.845181e-02 
 7.963298e+00 -2.194118e-02 
 7.963696e+00 -2.386840e-02 
 7.964094e+00 -2.421736e-02 
 7.964491e+00 -2.297717e-02 
 7.964889e+00 -2.040959e-02 
 7.965287e+00 -1.664212e-02 
 7.965684e+00 -1.201798e-02 
 7.966082e+00 -6.882947e-03 
 7.966480e+00 -1.500438e-03 
 7.966877e+00  3.787622e-03 
 7.967275e+00  8.768957e-03 
 7.967673e+00  1.320955e-02 
 7.968071e+00  1.690006e-02 
 7.968468e+00  1.948374e-02 
 7.968866e+00  2.070945e-02 
 7.969264e+00  2.046480e-02 
 7.969661e+00  1.859959e-02 
 7.970059e+00  1.532099e-02 
 7.970457e+00  1.093292e-02 
 7.970854e+00  5.881324e-03 
 7.971252e+00  7.390649e-04 
 7.971650e+00 -4.003883e-03 
 7.972047e+00 -8.056801e-03 
 7.972445e+00 -1.101659e-02 
 7.972843e+00 -1.262062e-02 
 7.973241e+00 -1.284080e-02 
 7.973638e+00 -1.163063e-02 
 7.974036e+00 -8.971674e-03 
 7.974434e+00 -5.162538e-03 
 7.974831e+00 -4.425944e-04 
 7.975229e+00  4.958108e-03 
 7.975627e+00  1.053853e-02 
 7.976024e+00  1.588052e-02 
 7.976422e+00  2.055963e-02 
 7.976820e+00  2.425506e-02 
 7.977218e+00  2.660213e-02 
 7.977615e+00  2.740982e-02 
 7.978013e+00  2.656750e-02 
 7.978411e+00  2.409883e-02 
 7.978808e+00  2.008153e-02 
 7.979206e+00  1.496020e-02 
 7.979604e+00  9.113174e-03 
 7.980001e+00  3.108620e-03 
 7.980399e+00 -2.558386e-03 
 7.980797e+00 -7.431529e-03 
 7.981194e+00 -1.113529e-02 
 7.981592e+00 -1.344746e-02 
 7.981990e+00 -1.430294e-02 
 7.982388e+00 -1.359529e-02 
 7.982785e+00 -1.146198e-02 
 7.983183e+00 -8.027259e-03 
 7.983581e+00 -3.575273e-03 
 7.983978e+00  1.667898e-03 
 7.984376e+00  7.170896e-03 
 7.984774e+00  1.251729e-02 
 7.985171e+00  1.738175e-02 
 7.985569e+00  2.140739e-02 
 7.985967e+00  2.438429e-02 
 7.986365e+00  2.622045e-02 
 7.986762e+00  2.692358e-02 
 7.987160e+00  2.655559e-02 
 7.987558e+00  2.528267e-02 
 7.987955e+00  2.329689e-02 
 7.988353e+00  2.066240e-02 
 7.988751e+00  1.750735e-02 
 7.989148e+00  1.409085e-02 
 7.989546e+00  1.053621e-02 
 7.989944e+00  7.076955e-03 
 7.990341e+00  3.978346e-03 
 7.990739e+00  1.300253e-03 
 7.991137e+00 -7.084357e-04 
 7.991535e+00 -1.899447e-03 
 7.991932e+00 -2.246935e-03 
 7.992330e+00 -1.803273e-03 
 7.992728e+00 -7.228011e-04 
 7.993125e+00  8.402726e-04 
 7.993523e+00  2.734209e-03 
 7.993921e+00  4.791369e-03 
 7.994318e+00  6.928589e-03 
 7.994716e+00  8.996448e-03 
 7.995114e+00  1.088799e-02 
 7.995512e+00  1.249043e-02 
 7.995909e+00  1.364433e-02 
 7.996307e+00  1.428847e-02 
 7.996705e+00  1.425935e-02 
 7.997102e+00  1.352922e-02 
 7.997500e+00  1.219513e-02 
 7.997898e+00  1.031355e-02 
 7.998295e+00  7.987012e-03 
 7.998693e+00  5.612278e-03 
 7.999091e+00  3.309162e-03 
 7.999488e+00  1.381320e-03 
 7.999886e+00  9.084030e-06 
 8.000284e+00 -7.084858e-04 
 8.000682e+00 -6.737150e-04 
 8.001079e+00  1.065683e-04 
 8.001477e+00  1.648424e-03 
 8.001875e+00  3.889341e-03 
 8.002272e+00  6.424599e-03 
 8.002670e+00  9.149083e-03 
 8.003068e+00  1.174261e-02 
 8.003465e+00  1.400115e-02 
 8.003863e+00  1.581382e-02 
 8.004261e+00  1.715231e-02 
 8.004659e+00  1.795757e-02 
 8.005056e+00  1.826776e-02 
 8.005454e+00  1.804754e-02 
 8.005852e+00  1.741066e-02 
 8.006249e+00  1.641880e-02 
 8.006647e+00  1.509567e-02 
 8.007045e+00  1.355253e-02 
 8.007442e+00  1.197151e-02 
 8.007840e+00  1.056103e-02 
 8.008238e+00  9.337534e-03 
 8.008635e+00  8.322174e-03 
 8.009033e+00  7.500351e-03 
 8.009431e+00  6.763337e-03 
 8.009829e+00  6.072146e-03 
 8.010226e+00  5.446253e-03 
 8.010624e+00  4.842783e-03 
 8.011022e+00  4.349489e-03 
 8.011419e+00  3.900781e-03 
 8.011817e+00  3.485069e-03 
 8.012215e+00  3.005079e-03 
 8.012612e+00  2.489871e-03 
 8.013010e+00  1.988448e-03 
 8.013408e+00  1.646980e-03 
 8.013806e+00  1.570512e-03 
 8.014203e+00  1.894299e-03 
 8.014601e+00  2.627342e-03 
 8.014999e+00  3.841024e-03 
 8.015396e+00  5.470463e-03 
 8.015794e+00  7.416348e-03 
 8.016192e+00  9.587802e-03 
 8.016589e+00  1.184907e-02 
 8.016987e+00  1.405180e-02 
 8.017385e+00  1.592656e-02 
 8.017782e+00  1.729457e-02 
 8.018180e+00  1.796251e-02 
 8.018578e+00  1.783212e-02 
 8.018976e+00  1.701157e-02 
 8.019373e+00  1.564189e-02 
 8.019771e+00  1.382208e-02 
 8.020169e+00  1.164645e-02 
 8.020566e+00  9.311898e-03 
 8.020964e+00  6.859415e-03 
 8.021362e+00  4.397699e-03 
 8.021759e+00  2.009966e-03 
 8.022157e+00 -1.077951e-04 
 8.022555e+00 -1.716095e-03 
 8.022953e+00 -2.664399e-03 
 8.023350e+00 -2.763921e-03 
 8.023748e+00 -1.947580e-03 
 8.024146e+00 -2.620791e-04 
 8.024543e+00  2.016261e-03 
 8.024941e+00  4.663535e-03 
 8.025339e+00  7.589623e-03 
 8.025736e+00  1.050282e-02 
 8.026134e+00  1.325673e-02 
 8.026532e+00  1.571088e-02 
 8.026929e+00  1.760192e-02 
 8.027327e+00  1.879421e-02 
 8.027725e+00  1.917239e-02 
 8.028123e+00  1.867413e-02 
 8.028520e+00  1.744155e-02 
 8.028918e+00  1.552480e-02 
 8.029316e+00  1.310368e-02 
 8.029713e+00  1.043927e-02 
 8.030111e+00  7.533806e-03 
 8.030509e+00  4.486998e-03 
 8.030906e+00  1.541151e-03 
 8.031304e+00 -1.071417e-03 
 8.031702e+00 -2.948692e-03 
 8.032100e+00 -3.787709e-03 
 8.032497e+00 -3.416575e-03 
 8.032895e+00 -1.749952e-03 
 8.033293e+00  1.037448e-03 
 8.033690e+00  4.632495e-03 
 8.034088e+00  8.637521e-03 
 8.034486e+00  1.273983e-02 
 8.034883e+00  1.661322e-02 
 8.035281e+00  2.011283e-02 
 8.035679e+00  2.296946e-02 
 8.036076e+00  2.502020e-02 
 8.036474e+00  2.594439e-02 
 8.036872e+00  2.566733e-02 
 8.037270e+00  2.416581e-02 
 8.037667e+00  2.138223e-02 
 8.038065e+00  1.752148e-02 
 8.038463e+00  1.281381e-02 
 8.038860e+00  7.470520e-03 
 8.039258e+00  1.901706e-03 
 8.039656e+00 -3.648929e-03 
 8.040053e+00 -8.795381e-03 
 8.040451e+00 -1.309647e-02 
 8.040849e+00 -1.624241e-02 
 8.041247e+00 -1.784800e-02 
 8.041644e+00 -1.779617e-02 
 8.042042e+00 -1.613693e-02 
 8.042440e+00 -1.310904e-02 
 8.042837e+00 -8.914083e-03 
 8.043235e+00 -3.898193e-03 
 8.043633e+00  1.504932e-03 
 8.044030e+00  7.070822e-03 
 8.044428e+00  1.243417e-02 
 8.044826e+00  1.717601e-02 
 8.045223e+00  2.084621e-02 
 8.045621e+00  2.307761e-02 
 8.046019e+00  2.363906e-02 
 8.046417e+00  2.244586e-02 
 8.046814e+00  1.969438e-02 
 8.047212e+00  1.570580e-02 
 8.047610e+00  1.084379e-02 
 8.048007e+00  5.445738e-03 
 8.048405e+00 -2.012629e-04 
 8.048803e+00 -5.692389e-03 
 8.049200e+00 -1.076424e-02 
 8.049598e+00 -1.497403e-02 
 8.049996e+00 -1.799108e-02 
 8.050394e+00 -1.949651e-02 
 8.050791e+00 -1.934906e-02 
 8.051189e+00 -1.762099e-02 
 8.051587e+00 -1.450190e-02 
 8.051984e+00 -1.030935e-02 
 8.052382e+00 -5.410221e-03 
 8.052780e+00 -2.535645e-04 
 8.053177e+00  5.001174e-03 
 8.053575e+00  9.884584e-03 
 8.053973e+00  1.400232e-02 
 8.054370e+00  1.696611e-02 
 8.054768e+00  1.839523e-02 
 8.055166e+00  1.823267e-02 
 8.055564e+00  1.644153e-02 
 8.055961e+00  1.326626e-02 
 8.056359e+00  9.060033e-03 
 8.056757e+00  4.252578e-03 
 8.057154e+00 -7.833274e-04 
 8.057552e+00 -5.871334e-03 
 8.057950e+00 -1.063203e-02 
 8.058347e+00 -1.489709e-02 
 8.058745e+00 -1.841230e-02 
 8.059143e+00 -2.070509e-02 
 8.059541e+00 -2.149612e-02 
 8.059938e+00 -2.063975e-02 
 8.060336e+00 -1.798051e-02 
 8.060734e+00 -1.379841e-02 
 8.061131e+00 -8.405718e-03 
 8.061529e+00 -2.295185e-03 
 8.061927e+00  4.103258e-03 
 8.062324e+00  1.035405e-02 
 8.062722e+00  1.605240e-02 
 8.063120e+00  2.090386e-02 
 8.063517e+00  2.450347e-02 
 8.063915e+00  2.654089e-02 
 8.064313e+00  2.692793e-02 
 8.064711e+00  2.563396e-02 
 8.065108e+00  2.282625e-02 
 8.065506e+00  1.866664e-02 
 8.065904e+00  1.341515e-02 
 8.066301e+00  7.521382e-03 
 8.066699e+00  1.377803e-03 
 8.067097e+00 -4.662567e-03 
 8.067494e+00 -1.016757e-02 
 8.067892e+00 -1.480130e-02 
 8.068290e+00 -1.808246e-02 
 8.068688e+00 -1.983979e-02 
 8.069085e+00 -1.987855e-02 
 8.069483e+00 -1.812937e-02 
 8.069881e+00 -1.495655e-02 
 8.070278e+00 -1.076062e-02 
 8.070676e+00 -5.930067e-03 
 8.071074e+00 -9.262869e-04 
 8.071471e+00  3.934149e-03 
 8.071869e+00  8.334887e-03 
 8.072267e+00  1.197868e-02 
 8.072664e+00  1.459871e-02 
 8.073062e+00  1.591022e-02 
 8.073460e+00  1.575252e-02 
 8.073858e+00  1.414661e-02 
 8.074255e+00  1.126793e-02 
 8.074653e+00  7.495349e-03 
 8.075051e+00  3.285521e-03 
 8.075448e+00 -7.557199e-04 
 8.075846e+00 -4.299042e-03 
 8.076244e+00 -7.167793e-03 
 8.076641e+00 -9.150528e-03 
 8.077039e+00 -1.024156e-02 
 8.077437e+00 -1.034296e-02 
 8.077835e+00 -9.329009e-03 
 8.078232e+00 -7.283696e-03 
 8.078630e+00 -4.284415e-03 
 8.079028e+00 -5.748754e-04 
 8.079425e+00  3.523496e-03 
 8.079823e+00  7.702940e-03 
 8.080221e+00  1.172833e-02 
 8.080618e+00  1.531205e-02 
 8.081016e+00  1.831417e-02 
 8.081414e+00  2.062996e-02 
 8.081811e+00  2.198727e-02 
 8.082209e+00  2.230530e-02 
 8.082607e+00  2.147458e-02 
 8.083005e+00  1.957060e-02 
 8.083402e+00  1.674117e-02 
 8.083800e+00  1.326528e-02 
 8.084198e+00  9.535074e-03 
 8.084595e+00  5.836917e-03 
 8.084993e+00  2.482819e-03 
 8.085391e+00 -4.355785e-04 
 8.085788e+00 -2.899126e-03 
 8.086186e+00 -4.943222e-03 
 8.086584e+00 -6.507708e-03 
 8.086982e+00 -7.497380e-03 
 8.087379e+00 -7.805386e-03 
 8.087777e+00 -7.386931e-03 
 8.088175e+00 -6.175995e-03 
 8.088572e+00 -4.222262e-03 
 8.088970e+00 -1.671841e-03 
 8.089368e+00  1.239286e-03 
 8.089765e+00  4.262889e-03 
 8.090163e+00  7.144101e-03 
 8.090561e+00  9.689904e-03 
 8.090958e+00  1.170354e-02 
 8.091356e+00  1.309471e-02 
 8.091754e+00  1.379914e-02 
 8.092152e+00  1.377297e-02 
 8.092549e+00  1.307992e-02 
 8.092947e+00  1.193747e-02 
 8.093345e+00  1.052872e-02 
 8.093742e+00  8.875146e-03 
 8.094140e+00  7.205983e-03 
 8.094538e+00  5.630911e-03 
 8.094935e+00  4.272198e-03 
 8.095333e+00  3.277506e-03 
 8.095731e+00  2.723914e-03 
 8.096129e+00  2.777835e-03 
 8.096526e+00  3.435658e-03 
 8.096924e+00  4.585573e-03 
 8.097322e+00  6.070791e-03 
 8.097719e+00  7.728054e-03 
 8.098117e+00  9.275111e-03 
 8.098515e+00  1.059935e-02 
 8.098912e+00  1.167648e-02 
 8.099310e+00  1.242169e-02 
 8.099708e+00  1.276196e-02 
 8.100105e+00  1.266848e-02 
 8.100503e+00  1.203173e-02 
 8.100901e+00  1.084555e-02 
 8.101299e+00  9.253625e-03 
 8.101696e+00  7.436216e-03 
 8.102094e+00  5.674841e-03 
 8.102492e+00  4.110946e-03 
 8.102889e+00  2.931134e-03 
 8.103287e+00  2.135110e-03 
 8.103685e+00  1.731750e-03 
 8.104082e+00  1.794287e-03 
 8.104480e+00  2.281074e-03 
 8.104878e+00  3.136543e-03 
 8.105276e+00  4.256232e-03 
 8.105673e+00  5.535416e-03 
 8.106071e+00  6.824211e-03 
 8.106469e+00  7.932351e-03 
 8.106866e+00  8.857698e-03 
 8.107264e+00  9.519401e-03 
 8.107662e+00  1.001583e-02 
 8.108059e+00  1.046319e-02 
 8.108457e+00  1.091982e-02 
 8.108855e+00  1.149160e-02 
 8.109252e+00  1.217118e-02 
 8.109650e+00  1.296552e-02 
 8.110048e+00  1.374204e-02 
 8.110446e+00  1.461198e-02 
 8.110843e+00  1.558560e-02 
 8.111241e+00  1.661636e-02 
 8.111639e+00  1.773823e-02 
 8.112036e+00  1.900237e-02 
 8.112434e+00  2.025919e-02 
 8.112832e+00  2.136409e-02 
 8.113229e+00  2.215275e-02 
 8.113627e+00  2.249619e-02 
 8.114025e+00  2.229605e-02 
 8.114423e+00  2.152165e-02 
 8.114820e+00  2.018180e-02 
 8.115218e+00  1.833551e-02 
 8.115616e+00  1.611889e-02 
 8.116013e+00  1.357378e-02 
 8.116411e+00  1.100135e-02 
 8.116809e+00  8.669972e-03 
 8.117206e+00  6.755905e-03 
 8.117604e+00  5.426632e-03 
 8.118002e+00  4.776681e-03 
 8.118399e+00  4.667949e-03 
 8.118797e+00  4.981684e-03 
 8.119195e+00  5.636809e-03 
 8.119593e+00  6.596106e-03 
 8.119990e+00  7.859148e-03 
 8.120388e+00  9.428084e-03 
 8.120786e+00  1.138008e-02 
 8.121183e+00  1.358941e-02 
 8.121581e+00  1.585788e-02 
 8.121979e+00  1.794276e-02 
 8.122376e+00  1.950335e-02 
 8.122774e+00  2.045742e-02 
 8.123172e+00  2.086250e-02 
 8.123570e+00  2.073340e-02 
 8.123967e+00  2.006406e-02 
 8.124365e+00  1.877430e-02 
 8.124763e+00  1.680466e-02 
 8.125160e+00  1.420737e-02 
 8.125558e+00  1.119083e-02 
 8.125956e+00  7.995784e-03 
 8.126353e+00  5.002738e-03 
 8.126751e+00  2.505225e-03 
 8.127149e+00  7.737463e-04 
 8.127546e+00 -9.020777e-05 
 8.127944e+00 -5.345268e-05 
 8.128342e+00  8.316020e-04 
 8.128740e+00  2.380245e-03 
 8.129137e+00  4.626218e-03 
 8.129535e+00  7.445598e-03 
 8.129933e+00  1.068528e-02 
 8.130330e+00  1.422079e-02 
 8.130728e+00  1.765162e-02 
 8.131126e+00  2.064084e-02 
 8.131523e+00  2.273186e-02 
 8.131921e+00  2.362898e-02 
 8.132319e+00  2.321779e-02 
 8.132717e+00  2.155613e-02 
 8.133114e+00  1.881457e-02 
 8.133512e+00  1.501483e-02 
 8.133910e+00  1.048230e-02 
 8.134307e+00  5.414443e-03 
 8.134705e+00  8.686939e-05 
 8.135103e+00 -5.126138e-03 
 8.135500e+00 -9.716339e-03 
 8.135898e+00 -1.316014e-02 
 8.136296e+00 -1.519795e-02 
 8.136693e+00 -1.557052e-02 
 8.137091e+00 -1.429436e-02 
 8.137489e+00 -1.151608e-02 
 8.137887e+00 -7.581685e-03 
 8.138284e+00 -2.792963e-03 
 8.138682e+00  2.490525e-03 
 8.139080e+00  7.964406e-03 
 8.139477e+00  1.322620e-02 
 8.139875e+00  1.790788e-02 
 8.140273e+00  2.167772e-02 
 8.140670e+00  2.413076e-02 
 8.141068e+00  2.500013e-02 
 8.141466e+00  2.429701e-02 
 8.141864e+00  2.200472e-02 
 8.142261e+00  1.835911e-02 
 8.142659e+00  1.353463e-02 
 8.143057e+00  7.928346e-03 
 8.143454e+00  1.888749e-03 
 8.143852e+00 -4.156400e-03 
 8.144250e+00 -9.756069e-03 
 8.144647e+00 -1.447338e-02 
 8.145045e+00 -1.803792e-02 
 8.145443e+00 -2.011517e-02 
 8.145840e+00 -2.073973e-02 
 8.146238e+00 -2.011831e-02 
 8.146636e+00 -1.835144e-02 
 8.147034e+00 -1.559945e-02 
 8.147431e+00 -1.212089e-02 
 8.147829e+00 -7.996160e-03 
 8.148227e+00 -3.505688e-03 
 8.148624e+00  1.186038e-03 
 8.149022e+00  5.766742e-03 
 8.149420e+00  9.815985e-03 
 8.149817e+00  1.289681e-02 
 8.150215e+00  1.467673e-02 
 8.150613e+00  1.500336e-02 
 8.151011e+00  1.380869e-02 
 8.151408e+00  1.129053e-02 
 8.151806e+00  7.687068e-03 
 8.152204e+00  3.195842e-03 
 8.152601e+00 -1.861698e-03 
 8.152999e+00 -7.081070e-03 
 8.153397e+00 -1.212466e-02 
 8.153794e+00 -1.657637e-02 
 8.154192e+00 -1.995928e-02 
 8.154590e+00 -2.201727e-02 
 8.154987e+00 -2.245005e-02 
 8.155385e+00 -2.122904e-02 
 8.155783e+00 -1.856320e-02 
 8.156181e+00 -1.459895e-02 
 8.156578e+00 -9.599957e-03 
 8.156976e+00 -3.908793e-03 
 8.157374e+00  2.121571e-03 
 8.157771e+00  8.166206e-03 
 8.158169e+00  1.381993e-02 
 8.158567e+00  1.844190e-02 
 8.158964e+00  2.175098e-02 
 8.159362e+00  2.337335e-02 
 8.159760e+00  2.311333e-02 
 8.160158e+00  2.103680e-02 
 8.160555e+00  1.737168e-02 
 8.160953e+00  1.248265e-02 
 8.161351e+00  6.719774e-03 
 8.161748e+00  5.590279e-04 
 8.162146e+00 -5.634745e-03 
 8.162544e+00 -1.149751e-02 
 8.162941e+00 -1.658064e-02 
 8.163339e+00 -2.046274e-02 
 8.163737e+00 -2.280864e-02 
 8.164134e+00 -2.340943e-02 
 8.164532e+00 -2.217599e-02 
 8.164930e+00 -1.917962e-02 
 8.165328e+00 -1.476272e-02 
 8.165725e+00 -9.301005e-03 
 8.166123e+00 -3.314833e-03 
 8.166521e+00  2.854655e-03 
 8.166918e+00  8.766504e-03 
 8.167316e+00  1.403385e-02 
 8.167714e+00  1.837365e-02 
 8.168111e+00  2.149435e-02 
 8.168509e+00  2.314715e-02 
 8.168907e+00  2.343402e-02 
 8.169305e+00  2.242864e-02 
 8.169702e+00  2.012964e-02 
 8.170100e+00  1.676124e-02 
 8.170498e+00  1.257507e-02 
 8.170895e+00  7.800549e-03 
 8.171293e+00  2.834484e-03 
 8.171691e+00 -1.802516e-03 
 8.172088e+00 -5.825325e-03 
 8.172486e+00 -8.766601e-03 
 8.172884e+00 -1.038240e-02 
 8.173281e+00 -1.064132e-02 
 8.173679e+00 -9.645540e-03 
 8.174077e+00 -7.626475e-03 
 8.174475e+00 -4.924268e-03 
 8.174872e+00 -1.842439e-03 
 8.175270e+00  1.446102e-03 
 8.175668e+00  4.768382e-03 
 8.176065e+00  7.890675e-03 
 8.176463e+00  1.059120e-02 
 8.176861e+00  1.279317e-02 
 8.177258e+00  1.415779e-02 
 8.177656e+00  1.455212e-02 
 8.178054e+00  1.391791e-02 
 8.178452e+00  1.228777e-02 
 8.178849e+00  9.913988e-03 
 8.179247e+00  6.935690e-03 
 8.179645e+00  3.668212e-03 
 8.180042e+00  3.270066e-04 
 8.180440e+00 -2.986918e-03 
 8.180838e+00 -5.974123e-03 
 8.181235e+00 -8.487089e-03 
 8.181633e+00 -1.008800e-02 
 8.182031e+00 -1.067138e-02 
 8.182428e+00 -1.012600e-02 
 8.182826e+00 -8.407950e-03 
 8.183224e+00 -5.727603e-03 
 8.183622e+00 -2.395167e-03 
 8.184019e+00  1.367157e-03 
 8.184417e+00  5.348565e-03 
 8.184815e+00  9.251672e-03 
 8.185212e+00  1.294908e-02 
 8.185610e+00  1.630361e-02 
 8.186008e+00  1.898062e-02 
 8.186405e+00  2.086094e-02 
 8.186803e+00  2.181472e-02 
 8.187201e+00  2.179435e-02 
 8.187599e+00  2.077860e-02 
 8.187996e+00  1.900579e-02 
 8.188394e+00  1.665520e-02 
 8.188792e+00  1.389691e-02 
 8.189189e+00  1.105236e-02 
 8.189587e+00  8.191878e-03 
 8.189985e+00  5.451977e-03 
 8.190382e+00  2.975762e-03 
 8.190780e+00  8.349746e-04 
 8.191178e+00 -6.485329e-04 
 8.191575e+00 -1.399786e-03 
 8.191973e+00 -1.364504e-03 
 8.192371e+00 -5.824277e-04 
 8.192769e+00  8.610218e-04 
 8.193166e+00  2.706085e-03 
 8.193564e+00  4.645169e-03 
 8.193962e+00  6.501648e-03 
 8.194359e+00  8.030777e-03 
 8.194757e+00  9.082258e-03 
 8.195155e+00  9.593640e-03 
 8.195552e+00  9.598922e-03 
 8.195950e+00  9.178531e-03 
 8.196348e+00  8.516912e-03 
 8.196746e+00  7.803480e-03 
 8.197143e+00  7.167605e-03 
 8.197541e+00  6.703671e-03 
 8.197939e+00  6.433111e-03 
 8.198336e+00  6.340729e-03 
 8.198734e+00  6.368607e-03 
 8.199132e+00  6.665690e-03 
 8.199529e+00  7.178841e-03 
 8.199927e+00  7.921748e-03 
 8.200325e+00  8.954846e-03 
 8.200722e+00  1.026563e-02 
 8.201120e+00  1.171370e-02 
 8.201518e+00  1.302281e-02 
 8.201916e+00  1.399018e-02 
 8.202313e+00  1.452022e-02 
 8.202711e+00  1.452692e-02 
 8.203109e+00  1.418153e-02 
 8.203506e+00  1.366051e-02 
 8.203904e+00  1.310020e-02 
 8.204302e+00  1.264737e-02 
 8.204699e+00  1.229488e-02 
 8.205097e+00  1.215904e-02 
 8.205495e+00  1.218033e-02 
 8.205893e+00  1.237368e-02 
 8.206290e+00  1.272297e-02 
 8.206688e+00  1.326788e-02 
 8.207086e+00  1.386897e-02 
 8.207483e+00  1.436565e-02 
 8.207881e+00  1.467032e-02 
 8.208279e+00  1.468090e-02 
 8.208676e+00  1.430734e-02 
 8.209074e+00  1.358290e-02 
 8.209472e+00  1.262551e-02 
 8.209869e+00  1.144837e-02 
 8.210267e+00  1.023889e-02 
 8.210665e+00  9.035695e-03 
 8.211063e+00  7.791121e-03 
 8.211460e+00  6.681917e-03 
 8.211858e+00  5.703778e-03 
 8.212256e+00  5.012382e-03 
 8.212653e+00  4.697091e-03 
 8.213051e+00  4.759591e-03 
 8.213449e+00  5.275867e-03 
 8.213846e+00  6.028011e-03 
 8.214244e+00  7.029546e-03 
 8.214642e+00  8.321299e-03 
 8.215040e+00  9.864171e-03 
 8.215437e+00  1.167976e-02 
 8.215835e+00  1.362923e-02 
 8.216233e+00  1.568919e-02 
 8.216630e+00  1.776034e-02 
 8.217028e+00  1.971708e-02 
 8.217426e+00  2.137664e-02 
 8.217823e+00  2.262139e-02 
 8.218221e+00  2.341204e-02 
 8.218619e+00  2.364867e-02 
 8.219016e+00  2.330503e-02 
 8.219414e+00  2.228121e-02 
 8.219812e+00  2.054329e-02 
 8.220210e+00  1.809806e-02 
 8.220607e+00  1.508744e-02 
 8.221005e+00  1.174727e-02 
 8.221403e+00  8.306743e-03 
 8.221800e+00  4.982003e-03 
 8.222198e+00  1.856179e-03 
 8.222596e+00 -8.071808e-04 
 8.222993e+00 -2.873292e-03 
 8.223391e+00 -4.210059e-03 
 8.223789e+00 -4.616593e-03 
 8.224187e+00 -3.886907e-03 
 8.224584e+00 -1.874245e-03 
 8.224982e+00  1.189544e-03 
 8.225380e+00  5.052718e-03 
 8.225777e+00  9.281207e-03 
 8.226175e+00  1.333068e-02 
 8.226573e+00  1.671863e-02 
 8.226970e+00  1.913399e-02 
 8.227368e+00  2.049428e-02 
 8.227766e+00  2.071107e-02 
 8.228163e+00  1.989172e-02 
 8.228561e+00  1.801066e-02 
 8.228959e+00  1.510846e-02 
 8.229357e+00  1.126749e-02 
 8.229754e+00  6.633579e-03 
 8.230152e+00  1.740224e-03 
 8.230550e+00 -3.007601e-03 
 8.230947e+00 -7.082276e-03 
 8.231345e+00 -1.015302e-02 
 8.231743e+00 -1.203334e-02 
 8.232140e+00 -1.257783e-02 
 8.232538e+00 -1.180149e-02 
 8.232936e+00 -9.835225e-03 
 8.233334e+00 -6.770793e-03 
 8.233731e+00 -2.775422e-03 
 8.234129e+00  1.947032e-03 
 8.234527e+00  7.053441e-03 
 8.234924e+00  1.197898e-02 
 8.235322e+00  1.620437e-02 
 8.235720e+00  1.932105e-02 
 8.236117e+00  2.089028e-02 
 8.236515e+00  2.096578e-02 
 8.236913e+00  1.965947e-02 
 8.237310e+00  1.704544e-02 
 8.237708e+00  1.335284e-02 
 8.238106e+00  8.791491e-03 
 8.238504e+00  3.685278e-03 
 8.238901e+00 -1.625552e-03 
 8.239299e+00 -6.805677e-03 
 8.239697e+00 -1.157247e-02 
 8.240094e+00 -1.560942e-02 
 8.240492e+00 -1.849387e-02 
 8.240890e+00 -2.021631e-02 
 8.241287e+00 -2.060587e-02 
 8.241685e+00 -1.967451e-02 
 8.242083e+00 -1.749292e-02 
 8.242481e+00 -1.403679e-02 
 8.242878e+00 -9.484849e-03 
 8.243276e+00 -4.020798e-03 
 8.243674e+00  1.953283e-03 
 8.244071e+00  7.933700e-03 
 8.244469e+00  1.347763e-02 
 8.244867e+00  1.816174e-02 
 8.245264e+00  2.164704e-02 
 8.245662e+00  2.365048e-02 
 8.246060e+00  2.409506e-02 
 8.246457e+00  2.308872e-02 
 8.246855e+00  2.059177e-02 
 8.247253e+00  1.669906e-02 
 8.247651e+00  1.160000e-02 
 8.248048e+00  5.625160e-03 
 8.248446e+00 -8.421732e-04 
 8.248844e+00 -7.183966e-03 
 8.249241e+00 -1.281020e-02 
 8.249639e+00 -1.735021e-02 
 8.250037e+00 -2.044535e-02 
 8.250434e+00 -2.199755e-02 
 8.250832e+00 -2.194874e-02 
 8.251230e+00 -2.038344e-02 
 8.251628e+00 -1.734332e-02 
 8.252025e+00 -1.300705e-02 
 8.252423e+00 -7.590745e-03 
 8.252821e+00 -1.545076e-03 
 8.253218e+00  4.555680e-03 
 8.253616e+00  1.021083e-02 
 8.254014e+00  1.484771e-02 
 8.254411e+00  1.810808e-02 
 8.254809e+00  1.980252e-02 
 8.255207e+00  1.990522e-02 
 8.255604e+00  1.857347e-02 
 8.256002e+00  1.603226e-02 
 8.256400e+00  1.250685e-02 
 8.256798e+00  8.254944e-03 
 8.257195e+00  3.444469e-03 
 8.257593e+00 -1.451412e-03 
 8.257991e+00 -6.131318e-03 
 8.258388e+00 -1.020122e-02 
 8.258786e+00 -1.312536e-02 
 8.259184e+00 -1.476182e-02 
 8.259581e+00 -1.495524e-02 
 8.259979e+00 -1.372515e-02 
 8.260377e+00 -1.105396e-02 
 8.260775e+00 -7.164207e-03 
 8.261172e+00 -2.206044e-03 
 8.261570e+00  3.566080e-03 
 8.261968e+00  9.706404e-03 
 8.262365e+00  1.583975e-02 
 8.262763e+00  2.139376e-02 
 8.263161e+00  2.592086e-02 
 8.263558e+00  2.881008e-02 
 8.263956e+00  3.001028e-02 
 8.264354e+00  2.931840e-02 
 8.264751e+00  2.694601e-02 
 8.265149e+00  2.317498e-02 
 8.265547e+00  1.839329e-02 
 8.265945e+00  1.294341e-02 
 8.266342e+00  7.329096e-03 
 8.266740e+00  1.983934e-03 
 8.267138e+00 -2.860144e-03 
 8.267535e+00 -6.943079e-03 
 8.267933e+00 -1.016046e-02 
 8.268331e+00 -1.230530e-02 
 8.268728e+00 -1.329881e-02 
 8.269126e+00 -1.317534e-02 
 8.269524e+00 -1.194630e-02 
 8.269922e+00 -9.704146e-03 
 8.270319e+00 -6.510516e-03 
 8.270717e+00 -2.685387e-03 
 8.271115e+00  1.521336e-03 
 8.271512e+00  5.763882e-03 
 8.271910e+00  9.641611e-03 
 8.272308e+00  1.269903e-02 
 8.272705e+00  1.492379e-02 
 8.273103e+00  1.615806e-02 
 8.273501e+00  1.640112e-02 
 8.273898e+00  1.580474e-02 
 8.274296e+00  1.439310e-02 
 8.274694e+00  1.220102e-02 
 8.275092e+00  9.470190e-03 
 8.275489e+00  6.329646e-03 
 8.275887e+00  3.023285e-03 
 8.276285e+00 -8.890588e-05 
 8.276682e+00 -2.763212e-03 
 8.277080e+00 -4.833565e-03 
 8.277478e+00 -6.090103e-03 
 8.277875e+00 -6.452122e-03 
 8.278273e+00 -6.020348e-03 
 8.278671e+00 -4.829205e-03 
 8.279069e+00 -2.919027e-03 
 8.279466e+00 -4.204132e-04 
 8.279864e+00  2.553020e-03 
 8.280262e+00  5.724261e-03 
 8.280659e+00  8.791169e-03 
 8.281057e+00  1.147003e-02 
 8.281455e+00  1.355512e-02 
 8.281852e+00  1.481684e-02 
 8.282250e+00  1.519135e-02 
 8.282648e+00  1.482653e-02 
 8.283045e+00  1.366835e-02 
 8.283443e+00  1.184072e-02 
 8.283841e+00  9.492518e-03 
 8.284239e+00  6.737577e-03 
 8.284636e+00  3.798830e-03 
 8.285034e+00  9.194586e-04 
 8.285432e+00 -1.646539e-03 
 8.285829e+00 -3.714287e-03 
 8.286227e+00 -5.121463e-03 
 8.286625e+00 -5.810487e-03 
 8.287022e+00 -5.867700e-03 
 8.287420e+00 -5.328567e-03 
 8.287818e+00 -4.222585e-03 
 8.288216e+00 -2.698600e-03 
 8.288613e+00 -7.849209e-04 
 8.289011e+00  1.447354e-03 
 8.289409e+00  3.786998e-03 
 8.289806e+00  5.996522e-03 
 8.290204e+00  7.918045e-03 
 8.290602e+00  9.475364e-03 
 8.290999e+00  1.046065e-02 
 8.291397e+00  1.097302e-02 
 8.291795e+00  1.099204e-02 
 8.292192e+00  1.063516e-02 
 8.292590e+00  9.941491e-03 
 8.292988e+00  9.051668e-03 
 8.293386e+00  8.054182e-03 
 8.293783e+00  7.301640e-03 
 8.294181e+00  6.848404e-03 
 8.294579e+00  6.776478e-03 
 8.294976e+00  7.100024e-03 
 8.295374e+00  7.651538e-03 
 8.295772e+00  8.174878e-03 
 8.296169e+00  8.425986e-03 
 8.296567e+00  8.364813e-03 
 8.296965e+00  7.875048e-03 
 8.297363e+00  7.163958e-03 
 8.297760e+00  6.382052e-03 
 8.298158e+00  5.625748e-03 
 8.298556e+00  4.977252e-03 
 8.298953e+00  4.367502e-03 
 8.299351e+00  3.751467e-03 
 8.299749e+00  3.159891e-03 
 8.300146e+00  2.768199e-03 
 8.300544e+00  2.686303e-03 
 8.300942e+00  3.088027e-03 
 8.301339e+00  4.181469e-03 
 8.301737e+00  5.780042e-03 
 8.302135e+00  7.624558e-03 
 8.302533e+00  9.573504e-03 
 8.302930e+00  1.136450e-02 
 8.303328e+00  1.278240e-02 
 8.303726e+00  1.384713e-02 
 8.304123e+00  1.453135e-02 
 8.304521e+00  1.493303e-02 
 8.304919e+00  1.508911e-02 
 8.305316e+00  1.482668e-02 
 8.305714e+00  1.413463e-02 
 8.306112e+00  1.298580e-02 
 8.306510e+00  1.152644e-02 
 8.306907e+00  9.978951e-03 
 8.307305e+00  8.529451e-03 
 8.307703e+00  7.415031e-03 
 8.308100e+00  6.639476e-03 
 8.308498e+00  6.204179e-03 
 8.308896e+00  6.084096e-03 
 8.309293e+00  6.243781e-03 
 8.309691e+00  6.681800e-03 
 8.310089e+00  7.537647e-03 
 8.310486e+00  8.820381e-03 
 8.310884e+00  1.049018e-02 
 8.311282e+00  1.251812e-02 
 8.311680e+00  1.459379e-02 
 8.312077e+00  1.655193e-02 
 8.312475e+00  1.833799e-02 
 8.312873e+00  1.990486e-02 
 8.313270e+00  2.112683e-02 
 8.313668e+00  2.198881e-02 
 8.314066e+00  2.241042e-02 
 8.314463e+00  2.209415e-02 
 8.314861e+00  2.088982e-02 
 8.315259e+00  1.876773e-02 
 8.315657e+00  1.581976e-02 
 8.316054e+00  1.231406e-02 
 8.316452e+00  8.616129e-03 
 8.316850e+00  5.029390e-03 
 8.317247e+00  1.910533e-03 
 8.317645e+00 -4.601429e-04 
 8.318043e+00 -2.087309e-03 
 8.318440e+00 -2.779914e-03 
 8.318838e+00 -2.537204e-03 
 8.319236e+00 -1.315626e-03 
 8.319633e+00  8.081691e-04 
 8.320031e+00  3.708830e-03 
 8.320429e+00  7.193164e-03 
 8.320827e+00  1.089659e-02 
 8.321224e+00  1.456777e-02 
 8.321622e+00  1.796907e-02 
 8.322020e+00  2.093604e-02 
 8.322417e+00  2.331526e-02 
 8.322815e+00  2.486388e-02 
 8.323213e+00  2.530857e-02 
 8.323610e+00  2.448998e-02 
 8.324008e+00  2.226973e-02 
 8.324406e+00  1.862662e-02 
 8.324804e+00  1.401542e-02 
 8.325201e+00  8.817678e-03 
 8.325599e+00  3.464360e-03 
 8.325997e+00 -1.562199e-03 
 8.326394e+00 -5.774794e-03 
 8.326792e+00 -8.970813e-03 
 8.327190e+00 -1.105379e-02 
 8.327587e+00 -1.193670e-02 
 8.327985e+00 -1.152736e-02 
 8.328383e+00 -9.729717e-03 
 8.328780e+00 -6.535982e-03 
 8.329178e+00 -2.116129e-03 
 8.329576e+00  3.105686e-03 
 8.329974e+00  8.616096e-03 
 8.330371e+00  1.391327e-02 
 8.330769e+00  1.844623e-02 
 8.331167e+00  2.194682e-02 
 8.331564e+00  2.420800e-02 
 8.331962e+00  2.509502e-02 
 8.332360e+00  2.467759e-02 
 8.332757e+00  2.296537e-02 
 8.333155e+00  2.000975e-02 
 8.333553e+00  1.605028e-02 
 8.333950e+00  1.135091e-02 
 8.334348e+00  6.225469e-03 
 8.334746e+00  1.169649e-03 
 8.335144e+00 -3.425536e-03 
 8.335541e+00 -7.266095e-03 
 8.335939e+00 -1.003250e-02 
 8.336337e+00 -1.154009e-02 
 8.336734e+00 -1.179892e-02 
 8.337132e+00 -1.077286e-02 
 8.337530e+00 -8.438724e-03 
 8.337927e+00 -4.956382e-03 
 8.338325e+00 -6.205178e-04 
 8.338723e+00  4.262966e-03 
 8.339121e+00  9.314364e-03 
 8.339518e+00  1.422182e-02 
 8.339916e+00  1.866919e-02 
 8.340314e+00  2.235984e-02 
 8.340711e+00  2.503208e-02 
 8.341109e+00  2.649859e-02 
 8.341507e+00  2.655621e-02 
 8.341904e+00  2.510860e-02 
 8.342302e+00  2.213209e-02 
 8.342700e+00  1.774744e-02 
 8.343097e+00  1.215996e-02 
 8.343495e+00  5.744678e-03 
 8.343893e+00 -9.799946e-04 
 8.344291e+00 -7.479268e-03 
 8.344688e+00 -1.335058e-02 
 8.345086e+00 -1.814476e-02 
 8.345484e+00 -2.141654e-02 
 8.345881e+00 -2.301728e-02 
 8.346279e+00 -2.271974e-02 
 8.346677e+00 -2.057942e-02 
 8.347074e+00 -1.671841e-02 
 8.347472e+00 -1.149747e-02 
 8.347870e+00 -5.469482e-03 
 8.348268e+00  9.065180e-04 
 8.348665e+00  7.204960e-03 
 8.349063e+00  1.301124e-02 
 8.349461e+00  1.783067e-02 
 8.349858e+00  2.145967e-02 
 8.350256e+00  2.361243e-02 
 8.350654e+00  2.405876e-02 
 8.351051e+00  2.271914e-02 
 8.351449e+00  1.963906e-02 
 8.351847e+00  1.507189e-02 
 8.352244e+00  9.373177e-03 
 8.352642e+00  3.175229e-03 
 8.353040e+00 -3.075698e-03 
 8.353438e+00 -8.828021e-03 
 8.353835e+00 -1.361281e-02 
 8.354233e+00 -1.719155e-02 
 8.354631e+00 -1.941173e-02 
 8.355028e+00 -2.008155e-02 
 8.355426e+00 -1.920567e-02 
 8.355824e+00 -1.678094e-02 
 8.356221e+00 -1.280196e-02 
 8.356619e+00 -7.617729e-03 
 8.357017e+00 -1.672053e-03 
 8.357415e+00  4.462066e-03 
 8.357812e+00  1.037394e-02 
 8.358210e+00  1.555656e-02 
 8.358608e+00  1.971341e-02 
 8.359005e+00  2.248178e-02 
 8.359403e+00  2.372971e-02 
 8.359801e+00  2.341890e-02 
 8.360198e+00  2.163490e-02 
 8.360596e+00  1.843617e-02 
 8.360994e+00  1.417818e-02 
 8.361391e+00  9.212097e-03 
 8.361789e+00  3.983262e-03 
 8.362187e+00 -1.026092e-03 
 8.362585e+00 -5.482001e-03 
 8.362982e+00 -9.118172e-03 
 8.363380e+00 -1.174433e-02 
 8.363778e+00 -1.327909e-02 
 8.364175e+00 -1.362727e-02 
 8.364573e+00 -1.275991e-02 
 8.364971e+00 -1.068319e-02 
 8.365368e+00 -7.627993e-03 
 8.365766e+00 -3.953514e-03 
 8.366164e+00  1.373224e-04 
 8.366562e+00  4.233363e-03 
 8.366959e+00  8.016750e-03 
 8.367357e+00  1.137199e-02 
 8.367755e+00  1.421548e-02 
 8.368152e+00  1.643550e-02 
 8.368550e+00  1.799471e-02 
 8.368948e+00  1.875959e-02 
 8.369345e+00  1.848744e-02 
 8.369743e+00  1.696036e-02 
 8.370141e+00  1.428061e-02 
 8.370538e+00  1.056094e-02 
 8.370936e+00  6.199558e-03 
 8.371334e+00  1.470621e-03 
 8.371732e+00 -3.224217e-03 
 8.372129e+00 -7.565126e-03 
 8.372527e+00 -1.124255e-02 
 8.372925e+00 -1.413602e-02 
 8.373322e+00 -1.608797e-02 
 8.373720e+00 -1.690190e-02 
 8.374118e+00 -1.651906e-02 
 8.374515e+00 -1.501604e-02 
 8.374913e+00 -1.250243e-02 
 8.375311e+00 -9.409464e-03 
 8.375709e+00 -6.104773e-03 
 8.376106e+00 -2.901985e-03 
 8.376504e+00 -1.403606e-05 
 8.376902e+00  2.368592e-03 
 8.377299e+00  4.412693e-03 
 8.377697e+00  5.951559e-03 
 8.378095e+00  6.978135e-03 
 8.378492e+00  7.505061e-03 
 8.378890e+00  7.287750e-03 
 8.379288e+00  6.274097e-03 
 8.379685e+00  4.610292e-03 
 8.380083e+00  2.597484e-03 
 8.380481e+00  4.687886e-04 
 8.380879e+00 -1.436037e-03 
 8.381276e+00 -2.952512e-03 
 8.381674e+00 -4.069069e-03 
 8.382072e+00 -4.700258e-03 
 8.382469e+00 -4.757833e-03 
 8.382867e+00 -4.265017e-03 
 8.383265e+00 -3.122693e-03 
 8.383662e+00 -1.405153e-03 
 8.384060e+00  7.455817e-04 
 8.384458e+00  3.129445e-03 
 8.384856e+00  5.585818e-03 
 8.385253e+00  7.880950e-03 
 8.385651e+00  9.875338e-03 
 8.386049e+00  1.145906e-02 
 8.386446e+00  1.256863e-02 
 8.386844e+00  1.322428e-02 
 8.387242e+00  1.347989e-02 
 8.387639e+00  1.326114e-02 
 8.388037e+00  1.260478e-02 
 8.388435e+00  1.154533e-02 
 8.388832e+00  1.019700e-02 
 8.389230e+00  8.564765e-03 
 8.389628e+00  6.954823e-03 
 8.390026e+00  5.416764e-03 
 8.390423e+00  3.964273e-03 
 8.390821e+00  2.689270e-03 
 8.391219e+00  1.709054e-03 
 8.391616e+00  9.944988e-04 
 8.392014e+00  6.290664e-04 
 8.392412e+00  6.521700e-04 
 8.392809e+00  9.840048e-04 
 8.393207e+00  1.518721e-03 
 8.393605e+00  2.162290e-03 
 8.394003e+00  2.742902e-03 
 8.394400e+00  3.271418e-03 
 8.394798e+00  3.721694e-03 
 8.395196e+00  4.198284e-03 
 8.395593e+00  4.792447e-03 
 8.395991e+00  5.707291e-03 
 8.396389e+00  6.946102e-03 
 8.396786e+00  8.456811e-03 
 8.397184e+00  1.011634e-02 
 8.397582e+00  1.176357e-02 
 8.397979e+00  1.324878e-02 
 8.398377e+00  1.449813e-02 
 8.398775e+00  1.552398e-02 
 8.399173e+00  1.617839e-02 
 8.399570e+00  1.647099e-02 
 8.399968e+00  1.626867e-02 
 8.400366e+00  1.552559e-02 
 8.400763e+00  1.430402e-02 
 8.401161e+00  1.270608e-02 
 8.401559e+00  1.094088e-02 
 8.401956e+00  9.327201e-03 
 8.402354e+00  7.976121e-03 
 8.402752e+00  6.942398e-03 
 8.403150e+00  6.197408e-03 
 8.403547e+00  5.727955e-03 
 8.403945e+00  5.449634e-03 
 8.404343e+00  5.362520e-03 
 8.404740e+00  5.546841e-03 
 8.405138e+00  6.091162e-03 
 8.405536e+00  7.068375e-03 
 8.405933e+00  8.471706e-03 
 8.406331e+00  1.021711e-02 
 8.406729e+00  1.203008e-02 
 8.407126e+00  1.388468e-02 
 8.407524e+00  1.563039e-02 
 8.407922e+00  1.731300e-02 
 8.408320e+00  1.881840e-02 
 8.408717e+00  2.003365e-02 
 8.409115e+00  2.090742e-02 
 8.409513e+00  2.125570e-02 
 8.409910e+00  2.110060e-02 
 8.410308e+00  2.041956e-02 
 8.410706e+00  1.924080e-02 
 8.411103e+00  1.768282e-02 
 8.411501e+00  1.586659e-02 
 8.411899e+00  1.399290e-02 
 8.412297e+00  1.213929e-02 
 8.412694e+00  1.038564e-02 
 8.413092e+00  8.873363e-03 
 8.413490e+00  7.808308e-03 
 8.413887e+00  7.368956e-03 
 8.414285e+00  7.743438e-03 
 8.414683e+00  8.942540e-03 
 8.415080e+00  1.085957e-02 
 8.415478e+00  1.324777e-02 
 8.415876e+00  1.599741e-02 
 8.416273e+00  1.894279e-02 
 8.416671e+00  2.190304e-02 
 8.417069e+00  2.459811e-02 
 8.417467e+00  2.677432e-02 
 8.417864e+00  2.817353e-02 
 8.418262e+00  2.857117e-02 
 8.418660e+00  2.782388e-02 
 8.419057e+00  2.581217e-02 
 8.419455e+00  2.264978e-02 
 8.419853e+00  1.851088e-02 
 8.420250e+00  1.380637e-02 
 8.420648e+00  8.798187e-03 
 8.421046e+00  3.760621e-03 
 8.421444e+00 -1.007623e-03 
 8.421841e+00 -5.313886e-03 
 8.422239e+00 -8.725138e-03 
 8.422637e+00 -1.093019e-02 
 8.423034e+00 -1.162179e-02 
 8.423432e+00 -1.071467e-02 
 8.423830e+00 -8.227029e-03 
 8.424227e+00 -4.381233e-03 
 8.424625e+00  3.826007e-04 
 8.425023e+00  5.608737e-03 
 8.425420e+00  1.091104e-02 
 8.425818e+00  1.587136e-02 
 8.426216e+00  2.027498e-02 
 8.426614e+00  2.378848e-02 
 8.427011e+00  2.613071e-02 
 8.427409e+00  2.706715e-02 
 8.427807e+00  2.650792e-02 
 8.428204e+00  2.444712e-02 
 8.428602e+00  2.106792e-02 
 8.429000e+00  1.672215e-02 
 8.429397e+00  1.182152e-02 
 8.429795e+00  6.858855e-03 
 8.430193e+00  2.196417e-03 
 8.430591e+00 -1.894389e-03 
 8.430988e+00 -5.215584e-03 
 8.431386e+00 -7.667302e-03 
 8.431784e+00 -9.258301e-03 
 8.432181e+00 -9.851776e-03 
 8.432579e+00 -9.425929e-03 
 8.432977e+00 -8.019007e-03 
 8.433374e+00 -5.700931e-03 
 8.433772e+00 -2.552933e-03 
 8.434170e+00  1.186385e-03 
 8.434567e+00  5.296306e-03 
 8.434965e+00  9.505721e-03 
 8.435363e+00  1.352700e-02 
 8.435761e+00  1.700773e-02 
 8.436158e+00  1.972243e-02 
 8.436556e+00  2.141736e-02 
 8.436954e+00  2.191423e-02 
 8.437351e+00  2.105660e-02 
 8.437749e+00  1.885505e-02 
 8.438147e+00  1.540481e-02 
 8.438544e+00  1.097293e-02 
 8.438942e+00  5.848829e-03 
 8.439340e+00  3.665634e-04 
 8.439738e+00 -5.050202e-03 
 8.440135e+00 -1.002987e-02 
 8.440533e+00 -1.418910e-02 
 8.440931e+00 -1.713262e-02 
 8.441328e+00 -1.854545e-02 
 8.441726e+00 -1.818018e-02 
 8.442124e+00 -1.599233e-02 
 8.442521e+00 -1.204377e-02 
 8.442919e+00 -6.612699e-03 
 8.443317e+00 -1.948858e-04 
 8.443714e+00  6.699465e-03 
 8.444112e+00  1.349175e-02 
 8.444510e+00  1.964230e-02 
 8.444908e+00  2.469140e-02 
 8.445305e+00  2.821953e-02 
 8.445703e+00  2.988670e-02 
 8.446101e+00  2.959518e-02 
 8.446498e+00  2.731209e-02 
 8.446896e+00  2.320242e-02 
 8.447294e+00  1.766894e-02 
 8.447691e+00  1.118744e-02 
 8.448089e+00  4.155772e-03 
 8.448487e+00 -2.943483e-03 
 8.448885e+00 -9.754808e-03 
 8.449282e+00 -1.599828e-02 
 8.449680e+00 -2.120208e-02 
 8.450078e+00 -2.501710e-02 
 8.450475e+00 -2.721512e-02 
 8.450873e+00 -2.762070e-02 
 8.451271e+00 -2.613445e-02 
 8.451668e+00 -2.303156e-02 
 8.452066e+00 -1.855938e-02 
 8.452464e+00 -1.317548e-02 
 8.452861e+00 -7.401479e-03 
 8.453259e+00 -1.631279e-03 
 8.453657e+00  3.715993e-03 
 8.454055e+00  8.280186e-03 
 8.454452e+00  1.178459e-02 
 8.454850e+00  1.399351e-02 
 8.455248e+00  1.478538e-02 
 8.455645e+00  1.413280e-02 
 8.456043e+00  1.224951e-02 
 8.456441e+00  9.318847e-03 
 8.456838e+00  5.770585e-03 
 8.457236e+00  2.029392e-03 
 8.457634e+00 -1.610853e-03 
 8.458032e+00 -4.854117e-03 
 8.458429e+00 -7.592253e-03 
 8.458827e+00 -9.575484e-03 
 8.459225e+00 -1.077287e-02 
 8.459622e+00 -1.104462e-02 
 8.460020e+00 -1.036104e-02 
 8.460418e+00 -8.703879e-03 
 8.460815e+00 -6.146859e-03 
 8.461213e+00 -2.856830e-03 
 8.461611e+00  8.981135e-04 
 8.462008e+00  4.975255e-03 
 8.462406e+00  9.113804e-03 
 8.462804e+00  1.296304e-02 
 8.463202e+00  1.626489e-02 
 8.463599e+00  1.873276e-02 
 8.463997e+00  2.005218e-02 
 8.464395e+00  2.002741e-02 
 8.464792e+00  1.864576e-02 
 8.465190e+00  1.611349e-02 
 8.465588e+00  1.265890e-02 
 8.465985e+00  8.702540e-03 
 8.466383e+00  4.565901e-03 
 8.466781e+00  4.044015e-04 
 8.467179e+00 -3.540380e-03 
 8.467576e+00 -7.167631e-03 
 8.467974e+00 -1.017500e-02 
 8.468372e+00 -1.242787e-02 
 8.468769e+00 -1.365849e-02 
 8.469167e+00 -1.385241e-02 
 8.469565e+00 -1.295471e-02 
 8.469962e+00 -1.103133e-02 
 8.470360e+00 -8.445619e-03 
 8.470758e+00 -5.347448e-03 
 8.471155e+00 -2.002350e-03 
 8.471553e+00  1.343754e-03 
 8.471951e+00  4.620761e-03 
 8.472349e+00  7.582294e-03 
 8.472746e+00  9.942859e-03 
 8.473144e+00  1.144297e-02 
 8.473542e+00  1.195275e-02 
 8.473939e+00  1.150706e-02 
 8.474337e+00  1.031291e-02 
 8.474735e+00  8.654412e-03 
 8.475132e+00  6.850078e-03 
 8.475530e+00  5.048957e-03 
 8.475928e+00  3.369974e-03 
 8.476326e+00  1.755094e-03 
 8.476723e+00  2.141844e-04 
 8.477121e+00 -1.242855e-03 
 8.477519e+00 -2.544341e-03 
 8.477916e+00 -3.431356e-03 
 8.478314e+00 -3.762595e-03 
 8.478712e+00 -3.409175e-03 
 8.479109e+00 -2.528442e-03 
 8.479507e+00 -1.249786e-03 
 8.479905e+00  1.194275e-04 
 8.480302e+00  1.421315e-03 
 8.480700e+00  2.506053e-03 
 8.481098e+00  3.394463e-03 
 8.481496e+00  4.066329e-03 
 8.481893e+00  4.427540e-03 
 8.482291e+00  4.497248e-03 
 8.482689e+00  4.229397e-03 
 8.483086e+00  3.579709e-03 
 8.483484e+00  2.623918e-03 
 8.483882e+00  1.594186e-03 
 8.484279e+00  7.132089e-04 
 8.484677e+00  1.496616e-04 
 8.485075e+00  2.568730e-05 
 8.485473e+00  3.883806e-04 
 8.485870e+00  1.255536e-03 
 8.486268e+00  2.513068e-03 
 8.486666e+00  4.012079e-03 
 8.487063e+00  5.754006e-03 
 8.487461e+00  7.577105e-03 
 8.487859e+00  9.417743e-03 
 8.488256e+00  1.113377e-02 
 8.488654e+00  1.258724e-02 
 8.489052e+00  1.363196e-02 
 8.489449e+00  1.420656e-02 
 8.489847e+00  1.437295e-02 
 8.490245e+00  1.429326e-02 
 8.490643e+00  1.409741e-02 
 8.491040e+00  1.389639e-02 
 8.491438e+00  1.372909e-02 
 8.491836e+00  1.357773e-02 
 8.492233e+00  1.347565e-02 
 8.492631e+00  1.333146e-02 
 8.493029e+00  1.323444e-02 
 8.493426e+00  1.326671e-02 
 8.493824e+00  1.340673e-02 
 8.494222e+00  1.371312e-02 
 8.494620e+00  1.405431e-02 
 8.495017e+00  1.423252e-02 
 8.495415e+00  1.419395e-02 
 8.495813e+00  1.387581e-02 
 8.496210e+00  1.331615e-02 
 8.496608e+00  1.262718e-02 
 8.497006e+00  1.181917e-02 
 8.497403e+00  1.087545e-02 
 8.497801e+00  9.771451e-03 
 8.498199e+00  8.464519e-03 
 8.498596e+00  7.010750e-03 
 8.498994e+00  5.541875e-03 
 8.499392e+00  4.177280e-03 
 8.499790e+00  3.035883e-03 
 8.500187e+00  2.269743e-03 
 8.500585e+00  1.902504e-03 
 8.500983e+00  1.882993e-03 
 8.501380e+00  2.138650e-03 
 8.501778e+00  2.707904e-03 
 8.502176e+00  3.635891e-03 
 8.502573e+00  5.070381e-03 
 8.502971e+00  7.031629e-03 
 8.503369e+00  9.440815e-03 
 8.503767e+00  1.212297e-02 
 8.504164e+00  1.476493e-02 
 8.504562e+00  1.711759e-02 
 8.504960e+00  1.895621e-02 
 8.505357e+00  2.014702e-02 
 8.505755e+00  2.072537e-02 
 8.506153e+00  2.080439e-02 
 8.506550e+00  2.037834e-02 
 8.506948e+00  1.939509e-02 
 8.507346e+00  1.777761e-02 
 8.507743e+00  1.563205e-02 
 8.508141e+00  1.301718e-02 
 8.508539e+00  1.022160e-02 
 8.508937e+00  7.496504e-03 
 8.509334e+00  5.201517e-03 
 8.509732e+00  3.535421e-03 
 8.510130e+00  2.658060e-03 
 8.510527e+00  2.596942e-03 
 8.510925e+00  3.314054e-03 
 8.511323e+00  4.715326e-03 
 8.511720e+00  6.703773e-03 
 8.512118e+00  9.104689e-03 
 8.512516e+00  1.170820e-02 
 8.512914e+00  1.420679e-02 
 8.513311e+00  1.633096e-02 
 8.513709e+00  1.788609e-02 
 8.514107e+00  1.873017e-02 
 8.514504e+00  1.874164e-02 
 8.514902e+00  1.790433e-02 
 8.515300e+00  1.625787e-02 
 8.515697e+00  1.389504e-02 
 8.516095e+00  1.100364e-02 
 8.516493e+00  7.831607e-03 
 8.516890e+00  4.660731e-03 
 8.517288e+00  1.858869e-03 
 8.517686e+00 -2.221998e-04 
 8.518084e+00 -1.294203e-03 
 8.518481e+00 -1.254256e-03 
 8.518879e+00 -4.811559e-05 
 8.519277e+00  2.182581e-03 
 8.519674e+00  5.253780e-03 
 8.520072e+00  8.967361e-03 
 8.520470e+00  1.301062e-02 
 8.520867e+00  1.702199e-02 
 8.521265e+00  2.074976e-02 
 8.521663e+00  2.385459e-02 
 8.522061e+00  2.612042e-02 
 8.522458e+00  2.738711e-02 
 8.522856e+00  2.749098e-02 
 8.523254e+00  2.639719e-02 
 8.523651e+00  2.414678e-02 
 8.524049e+00  2.080577e-02 
 8.524447e+00  1.656588e-02 
 8.524844e+00  1.163907e-02 
 8.525242e+00  6.366200e-03 
 8.525640e+00  1.029551e-03 
 8.526037e+00 -4.022633e-03 
 8.526435e+00 -8.424424e-03 
 8.526833e+00 -1.195069e-02 
 8.527231e+00 -1.438356e-02 
 8.527628e+00 -1.572340e-02 
 8.528026e+00 -1.585357e-02 
 8.528424e+00 -1.487084e-02 
 8.528821e+00 -1.283012e-02 
 8.529219e+00 -9.924672e-03 
 8.529617e+00 -6.287494e-03 
 8.530014e+00 -2.098988e-03 
 8.530412e+00  2.429533e-03 
 8.530810e+00  6.979042e-03 
 8.531208e+00  1.120765e-02 
 8.531605e+00  1.470366e-02 
 8.532003e+00  1.713764e-02 
 8.532401e+00  1.823169e-02 
 8.532798e+00  1.789743e-02 
 8.533196e+00  1.616427e-02 
 8.533594e+00  1.320066e-02 
 8.533991e+00  9.289363e-03 
 8.534389e+00  4.802560e-03 
 8.534787e+00  1.306573e-04 
 8.535184e+00 -4.348937e-03 
 8.535582e+00 -8.327932e-03 
 8.535980e+00 -1.145748e-02 
 8.536378e+00 -1.349911e-02 
 8.536775e+00 -1.420766e-02 
 8.537173e+00 -1.341857e-02 
 8.537571e+00 -1.103335e-02 
 8.537968e+00 -7.086017e-03 
 8.538366e+00 -1.857147e-03 
 8.538764e+00  4.235368e-03 
 8.539161e+00  1.066446e-02 
 8.539559e+00  1.681901e-02 
 8.539957e+00  2.224022e-02 
 8.540355e+00  2.643985e-02 
 8.540752e+00  2.909244e-02 
 8.541150e+00  2.997268e-02 
 8.541548e+00  2.905139e-02 
 8.541945e+00  2.646179e-02 
 8.542343e+00  2.243663e-02 
 8.542741e+00  1.723512e-02 
 8.543138e+00  1.105291e-02 
 8.543536e+00  4.370924e-03 
 8.543934e+00 -2.392422e-03 
 8.544331e+00 -8.730828e-03 
 8.544729e+00 -1.420760e-02 
 8.545127e+00 -1.841325e-02 
 8.545525e+00 -2.099099e-02 
 8.545922e+00 -2.165264e-02 
 8.546320e+00 -2.039442e-02 
 8.546718e+00 -1.730481e-02 
 8.547115e+00 -1.266974e-02 
 8.547513e+00 -6.861167e-03 
 8.547911e+00 -2.603581e-04 
 8.548308e+00  6.653246e-03 
 8.548706e+00  1.339077e-02 
 8.549104e+00  1.936620e-02 
 8.549502e+00  2.419395e-02 
 8.549899e+00  2.763576e-02 
 8.550297e+00  2.946811e-02 
 8.550695e+00  2.964295e-02 
 8.551092e+00  2.816179e-02 
 8.551490e+00  2.512832e-02 
 8.551888e+00  2.083029e-02 
 8.552285e+00  1.550701e-02 
 8.552683e+00  9.544988e-03 
 8.553081e+00  3.203174e-03 
 8.553478e+00 -3.039579e-03 
 8.553876e+00 -8.694320e-03 
 8.554274e+00 -1.335063e-02 
 8.554672e+00 -1.664025e-02 
 8.555069e+00 -1.845947e-02 
 8.555467e+00 -1.870972e-02 
 8.555865e+00 -1.761869e-02 
 8.556262e+00 -1.545718e-02 
 8.556660e+00 -1.239850e-02 
 8.557058e+00 -8.693317e-03 
 8.557455e+00 -4.570264e-03 
 8.557853e+00 -2.408314e-04 
 8.558251e+00  4.037421e-03 
 8.558649e+00  7.879530e-03 
 8.559046e+00  1.095558e-02 
 8.559444e+00  1.303356e-02 
 8.559842e+00  1.394685e-02 
 8.560239e+00  1.363119e-02 
 8.560637e+00  1.207884e-02 
 8.561035e+00  9.527884e-03 
 8.561432e+00  6.248718e-03 
 8.561830e+00  2.572328e-03 
 8.562228e+00 -1.250227e-03 
 8.562625e+00 -4.970559e-03 
 8.563023e+00 -8.183094e-03 
 8.563421e+00 -1.064381e-02 
 8.563819e+00 -1.206248e-02 
 8.564216e+00 -1.229729e-02 
 8.564614e+00 -1.137255e-02 
 8.565012e+00 -9.395208e-03 
 8.565409e+00 -6.397301e-03 
 8.565807e+00 -2.541153e-03 
 8.566205e+00  1.953357e-03 
 8.566602e+00  6.711928e-03 
 8.567000e+00  1.126829e-02 
 8.567398e+00  1.532117e-02 
 8.567796e+00  1.853076e-02 
 8.568193e+00  2.071531e-02 
 8.568591e+00  2.179633e-02 
 8.568989e+00  2.175829e-02 
 8.569386e+00  2.080968e-02 
 8.569784e+00  1.908453e-02 
 8.570182e+00  1.682998e-02 
 8.570579e+00  1.411589e-02 
 8.570977e+00  1.094256e-02 
 8.571375e+00  7.407349e-03 
 8.571772e+00  3.715173e-03 
 8.572170e+00  9.362785e-05 
 8.572568e+00 -3.151039e-03 
 8.572966e+00 -5.769798e-03 
 8.573363e+00 -7.490748e-03 
 8.573761e+00 -8.325360e-03 
 8.574159e+00 -8.400211e-03 
 8.574556e+00 -7.779893e-03 
 8.574954e+00 -6.765149e-03 
 8.575352e+00 -5.571752e-03 
 8.575749e+00 -4.304990e-03 
 8.576147e+00 -3.047822e-03 
 8.576545e+00 -1.939521e-03 
 8.576943e+00 -1.032929e-03 
 8.577340e+00 -3.590549e-04 
 8.577738e+00  1.135731e-04 
 8.578136e+00  4.483763e-04 
 8.578533e+00  7.174604e-04 
 8.578931e+00  1.011136e-03 
 8.579329e+00  1.388005e-03 
 8.579726e+00  1.794042e-03 
 8.580124e+00  2.228732e-03 
 8.580522e+00  2.542740e-03 
 8.580919e+00  2.795031e-03 
 8.581317e+00  2.862913e-03 
 8.581715e+00  3.027971e-03 
 8.582113e+00  3.325877e-03 
 8.582510e+00  3.737844e-03 
 8.582908e+00  4.313633e-03 
 8.583306e+00  4.858875e-03 
 8.583703e+00  5.254947e-03 
 8.584101e+00  5.357565e-03 
 8.584499e+00  5.104634e-03 
 8.584896e+00  4.585950e-03 
 8.585294e+00  3.785725e-03 
 8.585692e+00  3.048638e-03 
 8.586090e+00  2.417252e-03 
 8.586487e+00  2.050704e-03 
 8.586885e+00  1.855317e-03 
 8.587283e+00  1.841092e-03 
 8.587680e+00  1.965444e-03 
 8.588078e+00  2.263578e-03 
 8.588476e+00  2.761775e-03 
 8.588873e+00  3.429853e-03 
 8.589271e+00  4.259611e-03 
 8.589669e+00  5.309430e-03 
 8.590066e+00  6.408071e-03 
 8.590464e+00  7.441894e-03 
 8.590862e+00  8.343050e-03 
 8.591260e+00  9.073008e-03 
 8.591657e+00  9.604069e-03 
 8.592055e+00  1.001046e-02 
 8.592453e+00  1.028659e-02 
 8.592850e+00  1.029578e-02 
 8.593248e+00  1.005976e-02 
 8.593646e+00  9.660489e-03 
 8.594043e+00  9.128861e-03 
 8.594441e+00  8.607554e-03 
 8.594839e+00  8.082811e-03 
 8.595237e+00  7.595166e-03 
 8.595634e+00  7.239128e-03 
 8.596032e+00  6.985648e-03 
 8.596430e+00  6.948868e-03 
 8.596827e+00  7.242970e-03 
 8.597225e+00  8.007970e-03 
 8.597623e+00  9.326303e-03 
 8.598020e+00  1.123623e-02 
 8.598418e+00  1.364599e-02 
 8.598816e+00  1.614386e-02 
 8.599213e+00  1.842794e-02 
 8.599611e+00  2.035545e-02 
 8.600009e+00  2.172577e-02 
 8.600407e+00  2.246365e-02 
 8.600804e+00  2.257867e-02 
 8.601202e+00  2.201276e-02 
 8.601600e+00  2.077428e-02 
 8.601997e+00  1.883340e-02 
 8.602395e+00  1.621033e-02 
 8.602793e+00  1.297663e-02 
 8.603190e+00  9.337910e-03 
 8.603588e+00  5.602328e-03 
 8.603986e+00  2.032841e-03 
 8.604384e+00 -1.063359e-03 
 8.604781e+00 -3.604048e-03 
 8.605179e+00 -5.376839e-03 
 8.605577e+00 -6.273708e-03 
 8.605974e+00 -6.265078e-03 
 8.606372e+00 -5.287456e-03 
 8.606770e+00 -3.462643e-03 
 8.607167e+00 -7.794537e-04 
 8.607565e+00  2.469947e-03 
 8.607963e+00  6.025012e-03 
 8.608360e+00  9.527361e-03 
 8.608758e+00  1.263563e-02 
 8.609156e+00  1.516844e-02 
 8.609554e+00  1.702162e-02 
 8.609951e+00  1.808899e-02 
 8.610349e+00  1.829103e-02 
 8.610747e+00  1.760134e-02 
 8.611144e+00  1.607503e-02 
 8.611542e+00  1.380579e-02 
 8.611940e+00  1.100328e-02 
 8.612337e+00  7.862402e-03 
 8.612735e+00  4.754781e-03 
 8.613133e+00  2.054846e-03 
 8.613531e+00  1.282487e-04 
 8.613928e+00 -8.696085e-04 
 8.614326e+00 -8.213113e-04 
 8.614724e+00  2.781362e-04 
 8.615121e+00  2.204229e-03 
 8.615519e+00  4.885203e-03 
 8.615917e+00  8.127655e-03 
 8.616314e+00  1.163097e-02 
 8.616712e+00  1.512792e-02 
 8.617110e+00  1.833764e-02 
 8.617507e+00  2.105619e-02 
 8.617905e+00  2.305816e-02 
 8.618303e+00  2.405168e-02 
 8.618701e+00  2.395734e-02 
 8.619098e+00  2.267450e-02 
 8.619496e+00  2.022625e-02 
 8.619894e+00  1.687240e-02 
 8.620291e+00  1.285862e-02 
 8.620689e+00  8.566527e-03 
 8.621087e+00  4.268377e-03 
 8.621484e+00  3.571316e-04 
 8.621882e+00 -2.782763e-03 
 8.622280e+00 -4.956468e-03 
 8.622678e+00 -6.042285e-03 
 8.623075e+00 -6.049638e-03 
 8.623473e+00 -4.951801e-03 
 8.623871e+00 -2.800385e-03 
 8.624268e+00  3.499102e-04 
 8.624666e+00  4.405369e-03 
 8.625064e+00  9.071394e-03 
 8.625461e+00  1.397378e-02 
 8.625859e+00  1.882164e-02 
 8.626257e+00  2.324658e-02 
 8.626654e+00  2.692766e-02 
 8.627052e+00  2.955423e-02 
 8.627450e+00  3.092378e-02 
 8.627848e+00  3.086260e-02 
 8.628245e+00  2.929442e-02 
 8.628643e+00  2.635420e-02 
 8.629041e+00  2.216306e-02 
 8.629438e+00  1.704960e-02 
 8.629836e+00  1.129763e-02 
 8.630234e+00  5.306253e-03 
 8.630631e+00 -5.022445e-04 
 8.631029e+00 -5.686627e-03 
 8.631427e+00 -9.893917e-03 
 8.631825e+00 -1.284362e-02 
 8.632222e+00 -1.426838e-02 
 8.632620e+00 -1.411973e-02 
 8.633018e+00 -1.239591e-02 
 8.633415e+00 -9.180420e-03 
 8.633813e+00 -4.742827e-03 
 8.634211e+00  4.333637e-04 
 8.634608e+00  5.909200e-03 
 8.635006e+00  1.114274e-02 
 8.635404e+00  1.579641e-02 
 8.635801e+00  1.940136e-02 
 8.636199e+00  2.162326e-02 
 8.636597e+00  2.227510e-02 
 8.636995e+00  2.132736e-02 
 8.637392e+00  1.888198e-02 
 8.637790e+00  1.516485e-02 
 8.638188e+00  1.052005e-02 
 8.638585e+00  5.237807e-03 
 8.638983e+00 -2.733557e-04 
 8.639381e+00 -5.544351e-03 
 8.639778e+00 -1.010617e-02 
 8.640176e+00 -1.365880e-02 
 8.640574e+00 -1.598035e-02 
 8.640972e+00 -1.673882e-02 
 8.641369e+00 -1.584670e-02 
 8.641767e+00 -1.326820e-02 
 8.642165e+00 -9.050016e-03 
 8.642562e+00 -3.449719e-03 
 8.642960e+00  3.085062e-03 
 8.643358e+00  1.008105e-02 
 8.643755e+00  1.712979e-02 
 8.644153e+00  2.359918e-02 
 8.644551e+00  2.894614e-02 
 8.644948e+00  3.284695e-02 
 8.645346e+00  3.502577e-02 
 8.645744e+00  3.543688e-02 
 8.646142e+00  3.412652e-02 
 8.646539e+00  3.113798e-02 
 8.646937e+00  2.667856e-02 
 8.647335e+00  2.098021e-02 
 8.647732e+00  1.440228e-02 
 8.648130e+00  7.423297e-03 
 8.648528e+00  5.560377e-04 
 8.648925e+00 -5.739413e-03 
 8.649323e+00 -1.108901e-02 
 8.649721e+00 -1.514651e-02 
 8.650119e+00 -1.781701e-02 
 8.650516e+00 -1.903399e-02 
 8.650914e+00 -1.880572e-02 
 8.651312e+00 -1.719968e-02 
 8.651709e+00 -1.431930e-02 
 8.652107e+00 -1.034235e-02 
 8.652505e+00 -5.607119e-03 
 8.652902e+00 -4.828494e-04 
 8.653300e+00  4.655507e-03 
 8.653698e+00  9.419588e-03 
 8.654095e+00  1.333285e-02 
 8.654493e+00  1.624059e-02 
 8.654891e+00  1.791073e-02 
 8.655289e+00  1.827439e-02 
 8.655686e+00  1.731135e-02 
 8.656084e+00  1.505910e-02 
 8.656482e+00  1.159346e-02 
 8.656879e+00  7.115960e-03 
 8.657277e+00  2.040884e-03 
 8.657675e+00 -3.298673e-03 
 8.658072e+00 -8.455119e-03 
 8.658470e+00 -1.292808e-02 
 8.658868e+00 -1.637148e-02 
 8.659266e+00 -1.857987e-02 
 8.659663e+00 -1.944186e-02 
 8.660061e+00 -1.886180e-02 
 8.660459e+00 -1.704649e-02 
 8.660856e+00 -1.418735e-02 
 8.661254e+00 -1.041168e-02 
 8.661652e+00 -6.126476e-03 
 8.662049e+00 -1.634459e-03 
 8.662447e+00  2.635077e-03 
 8.662845e+00  6.300213e-03 
 8.663242e+00  9.061340e-03 
 8.663640e+00  1.072314e-02 
 8.664038e+00  1.115633e-02 
 8.664436e+00  1.042304e-02 
 8.664833e+00  8.639810e-03 
 8.665231e+00  5.953335e-03 
 8.665629e+00  2.601834e-03 
 8.666026e+00 -9.944925e-04 
 8.666424e+00 -4.624357e-03 
 8.666822e+00 -7.962069e-03 
 8.667219e+00 -1.074202e-02 
 8.667617e+00 -1.278930e-02 
 8.668015e+00 -1.399533e-02 
 8.668413e+00 -1.440877e-02 
 8.668810e+00 -1.408121e-02 
 8.669208e+00 -1.308340e-02 
 8.669606e+00 -1.141452e-02 
 8.670003e+00 -9.101608e-03 
 8.670401e+00 -6.349636e-03 
 8.670799e+00 -3.229075e-03 
 8.671196e+00  4.285653e-07 
 8.671594e+00  3.197527e-03 
 8.671992e+00  6.265216e-03 
 8.672389e+00  8.946474e-03 
 8.672787e+00  1.109719e-02 
 8.673185e+00  1.260390e-02 
 8.673583e+00  1.353843e-02 
 8.673980e+00  1.388192e-02 
 8.674378e+00  1.367798e-02 
 8.674776e+00  1.291375e-02 
 8.675173e+00  1.164199e-02 
 8.675571e+00  9.981550e-03 
 8.675969e+00  8.095518e-03 
 8.676366e+00  6.243327e-03 
 8.676764e+00  4.516587e-03 
 8.677162e+00  2.999148e-03 
 8.677560e+00  1.801434e-03 
 8.677957e+00  9.002726e-04 
 8.678355e+00  2.312496e-04 
 8.678753e+00 -3.160166e-04 
 8.679150e+00 -7.671548e-04 
 8.679548e+00 -1.177099e-03 
 8.679946e+00 -1.576022e-03 
 8.680343e+00 -1.960480e-03 
 8.680741e+00 -2.219071e-03 
 8.681139e+00 -2.361383e-03 
 8.681536e+00 -2.428076e-03 
 8.681934e+00 -2.422567e-03 
 8.682332e+00 -2.239956e-03 
 8.682730e+00 -1.994393e-03 
 8.683127e+00 -1.589854e-03 
 8.683525e+00 -9.670183e-04 
 8.683923e+00 -1.684024e-04 
 8.684320e+00  7.727951e-04 
 8.684718e+00  1.869519e-03 
 8.685116e+00  3.119147e-03 
 8.685513e+00  4.459429e-03 
 8.685911e+00  5.894701e-03 
 8.686309e+00  7.383521e-03 
 8.686707e+00  8.857547e-03 
 8.687104e+00  1.024535e-02 
 8.687502e+00  1.146408e-02 
 8.687900e+00  1.239186e-02 
 8.688297e+00  1.290525e-02 
 8.688695e+00  1.285956e-02 
 8.689093e+00  1.230138e-02 
 8.689490e+00  1.141034e-02 
 8.689888e+00  1.030763e-02 
 8.690286e+00  9.128317e-03 
 8.690683e+00  7.940431e-03 
 8.691081e+00  6.817177e-03 
 8.691479e+00  5.903673e-03 
 8.691877e+00  5.250321e-03 
 8.692274e+00  4.940141e-03 
 8.692672e+00  5.049636e-03 
 8.693070e+00  5.642764e-03 
 8.693467e+00  6.768372e-03 
 8.693865e+00  8.397622e-03 
 8.694263e+00  1.040604e-02 
 8.694660e+00  1.259538e-02 
 8.695058e+00  1.479385e-02 
 8.695456e+00  1.682959e-02 
 8.695854e+00  1.850721e-02 
 8.696251e+00  1.960225e-02 
 8.696649e+00  1.992030e-02 
 8.697047e+00  1.943881e-02 
 8.697444e+00  1.816457e-02 
 8.697842e+00  1.621283e-02 
 8.698240e+00  1.369804e-02 
 8.698637e+00  1.091629e-02 
 8.699035e+00  8.023318e-03 
 8.699433e+00  5.314080e-03 
 8.699830e+00  3.096579e-03 
 8.700228e+00  1.510612e-03 
 8.700626e+00  6.845995e-04 
 8.701024e+00  7.578712e-04 
 8.701421e+00  1.709519e-03 
 8.701819e+00  3.516916e-03 
 8.702217e+00  6.079527e-03 
 8.702614e+00  9.248872e-03 
 8.703012e+00  1.279037e-02 
 8.703410e+00  1.637838e-02 
 8.703807e+00  1.970768e-02 
 8.704205e+00  2.268131e-02 
 8.704603e+00  2.499789e-02 
 8.705001e+00  2.651569e-02 
 8.705398e+00  2.712254e-02 
 8.705796e+00  2.682650e-02 
 8.706194e+00  2.559404e-02 
 8.706591e+00  2.344515e-02 
 8.706989e+00  2.049820e-02 
 8.707387e+00  1.696896e-02 
 8.707784e+00  1.303914e-02 
 8.708182e+00  8.996756e-03 
 8.708580e+00  5.224449e-03 
 8.708977e+00  1.888435e-03 
 8.709375e+00 -6.988806e-04 
 8.709773e+00 -2.326573e-03 
 8.710171e+00 -2.931864e-03 
 8.710568e+00 -2.504420e-03 
 8.710966e+00 -1.123683e-03 
 8.711364e+00  1.148701e-03 
 8.711761e+00  4.088591e-03 
 8.712159e+00  7.418375e-03 
 8.712557e+00  1.078914e-02 
 8.712954e+00  1.385669e-02 
 8.713352e+00  1.642256e-02 
 8.713750e+00  1.828016e-02 
 8.714148e+00  1.924779e-02 
 8.714545e+00  1.922752e-02 
 8.714943e+00  1.828894e-02 
 8.715341e+00  1.659066e-02 
 8.715738e+00  1.426164e-02 
 8.716136e+00  1.149741e-02 
 8.716534e+00  8.416569e-03 
 8.716931e+00  5.225754e-03 
 8.717329e+00  2.256496e-03 
 8.717727e+00 -2.595358e-04 
 8.718124e+00 -2.049622e-03 
 8.718522e+00 -2.926666e-03 
 8.718920e+00 -2.879102e-03 
 8.719318e+00 -1.789994e-03 
 8.719715e+00  2.275824e-04 
 8.720113e+00  2.963174e-03 
 8.720511e+00  6.196824e-03 
 8.720908e+00  9.765995e-03 
 8.721306e+00  1.349078e-02 
 8.721704e+00  1.723324e-02 
 8.722101e+00  2.077255e-02 
 8.722499e+00  2.367321e-02 
 8.722897e+00  2.567066e-02 
 8.723295e+00  2.657620e-02 
 8.723692e+00  2.621136e-02 
 8.724090e+00  2.459255e-02 
 8.724488e+00  2.178881e-02 
 8.724885e+00  1.801213e-02 
 8.725283e+00  1.341396e-02 
 8.725681e+00  8.361228e-03 
 8.726078e+00  3.251950e-03 
 8.726476e+00 -1.443399e-03 
 8.726874e+00 -5.397816e-03 
 8.727271e+00 -8.261092e-03 
 8.727669e+00 -9.653649e-03 
 8.728067e+00 -9.425140e-03 
 8.728465e+00 -7.496505e-03 
 8.728862e+00 -4.051195e-03 
 8.729260e+00  6.309919e-04 
 8.729658e+00  6.126511e-03 
 8.730055e+00  1.197965e-02 
 8.730453e+00  1.767279e-02 
 8.730851e+00  2.280273e-02 
 8.731248e+00  2.690080e-02 
 8.731646e+00  2.962893e-02 
 8.732044e+00  3.079066e-02 
 8.732442e+00  3.029739e-02 
 8.732839e+00  2.819756e-02 
 8.733237e+00  2.468058e-02 
 8.733635e+00  2.003027e-02 
 8.734032e+00  1.458554e-02 
 8.734430e+00  8.726137e-03 
 8.734828e+00  2.955104e-03 
 8.735225e+00 -2.360311e-03 
 8.735623e+00 -6.794268e-03 
 8.736021e+00 -1.014002e-02 
 8.736418e+00 -1.226557e-02 
 8.736816e+00 -1.303810e-02 
 8.737214e+00 -1.238356e-02 
 8.737612e+00 -1.035132e-02 
 8.738009e+00 -7.203083e-03 
 8.738407e+00 -3.235151e-03 
 8.738805e+00  1.149875e-03 
 8.739202e+00  5.584476e-03 
 8.739600e+00  9.687865e-03 
 8.739998e+00  1.309098e-02 
 8.740395e+00  1.557699e-02 
 8.740793e+00  1.691468e-02 
 8.741191e+00  1.703826e-02 
 8.741589e+00  1.594046e-02 
 8.741986e+00  1.361027e-02 
 8.742384e+00  1.015840e-02 
 8.742782e+00  5.826420e-03 
 8.743179e+00  9.568964e-04 
 8.743577e+00 -4.047374e-03 
 8.743975e+00 -8.618254e-03 
 8.744372e+00 -1.248833e-02 
 8.744770e+00 -1.541724e-02 
 8.745168e+00 -1.714206e-02 
 8.745565e+00 -1.764019e-02 
 8.745963e+00 -1.688578e-02 
 8.746361e+00 -1.487539e-02 
 8.746759e+00 -1.170418e-02 
 8.747156e+00 -7.558609e-03 
 8.747554e+00 -2.672241e-03 
 8.747952e+00  2.585737e-03 
 8.748349e+00  7.841282e-03 
 8.748747e+00  1.268941e-02 
 8.749145e+00  1.679493e-02 
 8.749542e+00  1.988311e-02 
 8.749940e+00  2.189159e-02 
 8.750338e+00  2.271628e-02 
 8.750736e+00  2.227993e-02 
 8.751133e+00  2.068906e-02 
 8.751531e+00  1.795134e-02 
 8.751929e+00  1.418794e-02 
 8.752326e+00  9.613284e-03 
 8.752724e+00  4.533827e-03 
 8.753122e+00 -6.965436e-04 
 8.753519e+00 -5.611938e-03 
 8.753917e+00 -9.903312e-03 
 8.754315e+00 -1.321873e-02 
 8.754712e+00 -1.535114e-02 
 8.755110e+00 -1.616289e-02 
 8.755508e+00 -1.565166e-02 
 8.755906e+00 -1.386989e-02 
 8.756303e+00 -1.106214e-02 
 8.756701e+00 -7.472373e-03 
 8.757099e+00 -3.457922e-03 
 8.757496e+00  6.182309e-04 
 8.757894e+00  4.269300e-03 
 8.758292e+00  7.077266e-03 
 8.758689e+00  8.752008e-03 
 8.759087e+00  9.298816e-03 
 8.759485e+00  8.784396e-03 
 8.759883e+00  7.353924e-03 
 8.760280e+00  5.162783e-03 
 8.760678e+00  2.488275e-03 
 8.761076e+00 -5.046261e-04 
 8.761473e+00 -3.554605e-03 
 8.761871e+00 -6.534271e-03 
 8.762269e+00 -9.321128e-03 
 8.762666e+00 -1.158105e-02 
 8.763064e+00 -1.310449e-02 
 8.763462e+00 -1.371512e-02 
 8.763859e+00 -1.329746e-02 
 8.764257e+00 -1.203529e-02 
 8.764655e+00 -1.009070e-02 
 8.765053e+00 -7.696060e-03 
 8.765450e+00 -5.112143e-03 
 8.765848e+00 -2.575491e-03 
 8.766246e+00 -1.380703e-04 
 8.766643e+00  2.039456e-03 
 8.767041e+00  3.910916e-03 
 8.767439e+00  5.428588e-03 
 8.767836e+00  6.449036e-03 
 8.768234e+00  6.827511e-03 
 8.768632e+00  6.587454e-03 
 8.769030e+00  5.812654e-03 
 8.769427e+00  4.640263e-03 
 8.769825e+00  3.245496e-03 
 8.770223e+00  1.733011e-03 
 8.770620e+00  1.886660e-04 
 8.771018e+00 -1.307991e-03 
 8.771416e+00 -2.680079e-03 
 8.771813e+00 -3.717250e-03 
 8.772211e+00 -4.286193e-03 
 8.772609e+00 -4.262461e-03 
 8.773006e+00 -3.675183e-03 
 8.773404e+00 -2.582304e-03 
 8.773802e+00 -1.110948e-03 
 8.774200e+00  4.925479e-04 
 8.774597e+00  2.112791e-03 
 8.774995e+00  3.603639e-03 
 8.775393e+00  5.045709e-03 
 8.775790e+00  6.391451e-03 
 8.776188e+00  7.562595e-03 
 8.776586e+00  8.471019e-03 
 8.776983e+00  9.000354e-03 
 8.777381e+00  9.081308e-03 
 8.777779e+00  8.804006e-03 
 8.778177e+00  8.324498e-03 
 8.778574e+00  7.790508e-03 
 8.778972e+00  7.516117e-03 
 8.779370e+00  7.602588e-03 
 8.779767e+00  8.142833e-03 
 8.780165e+00  9.119075e-03 
 8.780563e+00  1.031033e-02 
 8.780960e+00  1.165264e-02 
 8.781358e+00  1.305054e-02 
 8.781756e+00  1.441860e-02 
 8.782153e+00  1.564044e-02 
 8.782551e+00  1.671010e-02 
 8.782949e+00  1.755975e-02 
 8.783347e+00  1.798720e-02 
 8.783744e+00  1.795336e-02 
 8.784142e+00  1.727604e-02 
 8.784540e+00  1.594465e-02 
 8.784937e+00  1.401111e-02 
 8.785335e+00  1.159686e-02 
 8.785733e+00  8.699257e-03 
 8.786130e+00  5.484518e-03 
 8.786528e+00  2.111736e-03 
 8.786926e+00 -1.135613e-03 
 8.787324e+00 -3.869567e-03 
 8.787721e+00 -5.912042e-03 
 8.788119e+00 -7.062562e-03 
 8.788517e+00 -7.188204e-03 
 8.788914e+00 -6.286496e-03 
 8.789312e+00 -4.396940e-03 
 8.789710e+00 -1.714630e-03 
 8.790107e+00  1.502860e-03 
 8.790505e+00  4.885748e-03 
 8.790903e+00  8.327279e-03 
 8.791300e+00  1.156249e-02 
 8.791698e+00  1.443091e-02 
 8.792096e+00  1.671181e-02 
 8.792494e+00  1.812739e-02 
 8.792891e+00  1.852127e-02 
 8.793289e+00  1.774108e-02 
 8.793687e+00  1.585458e-02 
 8.794084e+00  1.309216e-02 
 8.794482e+00  9.798989e-03 
 8.794880e+00  6.359629e-03 
 8.795277e+00  3.239917e-03 
 8.795675e+00  7.664878e-04 
 8.796073e+00 -8.429185e-04 
 8.796471e+00 -1.483179e-03 
 8.796868e+00 -1.150518e-03 
 8.797266e+00  1.683811e-04 
 8.797664e+00  2.370104e-03 
 8.798061e+00  5.334016e-03 
 8.798459e+00  8.855574e-03 
 8.798857e+00  1.270346e-02 
 8.799254e+00  1.661510e-02 
 8.799652e+00  2.017486e-02 
 8.800050e+00  2.309194e-02 
 8.800447e+00  2.500862e-02 
 8.800845e+00  2.576442e-02 
 8.801243e+00  2.528102e-02 
 8.801641e+00  2.366720e-02 
 8.802038e+00  2.099208e-02 
 8.802436e+00  1.749875e-02 
 8.802834e+00  1.341502e-02 
 8.803231e+00  9.071036e-03 
 8.803629e+00  4.819583e-03 
 8.804027e+00  8.525789e-04 
 8.804424e+00 -2.536823e-03 
 8.804822e+00 -5.091814e-03 
 8.805220e+00 -6.671335e-03 
 8.805618e+00 -7.205604e-03 
 8.806015e+00 -6.628493e-03 
 8.806413e+00 -4.984356e-03 
 8.806811e+00 -2.303852e-03 
 8.807208e+00  1.293776e-03 
 8.807606e+00  5.570404e-03 
 8.808004e+00  1.016461e-02 
 8.808401e+00  1.467738e-02 
 8.808799e+00  1.873980e-02 
 8.809197e+00  2.196861e-02 
 8.809594e+00  2.412230e-02 
 8.809992e+00  2.501355e-02 
 8.810390e+00  2.466296e-02 
 8.810788e+00  2.325667e-02 
 8.811185e+00  2.100333e-02 
 8.811583e+00  1.812300e-02 
 8.811981e+00  1.481277e-02 
 8.812378e+00  1.113889e-02 
 8.812776e+00  7.333655e-03 
 8.813174e+00  3.757897e-03 
 8.813571e+00  6.346785e-04 
 8.813969e+00 -1.790331e-03 
 8.814367e+00 -3.337497e-03 
 8.814765e+00 -3.962370e-03 
 8.815162e+00 -3.474085e-03 
 8.815560e+00 -2.013957e-03 
 8.815958e+00  3.033309e-04 
 8.816355e+00  3.227291e-03 
 8.816753e+00  6.437963e-03 
 8.817151e+00  9.727389e-03 
 8.817548e+00  1.282199e-02 
 8.817946e+00  1.549878e-02 
 8.818344e+00  1.748839e-02 
 8.818741e+00  1.862036e-02 
 8.819139e+00  1.877736e-02 
 8.819537e+00  1.784757e-02 
 8.819935e+00  1.585092e-02 
 8.820332e+00  1.289984e-02 
 8.820730e+00  9.168523e-03 
 8.821128e+00  5.012097e-03 
 8.821525e+00  7.174154e-04 
 8.821923e+00 -3.363442e-03 
 8.822321e+00 -6.853438e-03 
 8.822718e+00 -9.417669e-03 
 8.823116e+00 -1.071786e-02 
 8.823514e+00 -1.050695e-02 
 8.823912e+00 -8.690237e-03 
 8.824309e+00 -5.456486e-03 
 8.824707e+00 -1.052790e-03 
 8.825105e+00  4.122362e-03 
 8.825502e+00  9.662509e-03 
 8.825900e+00  1.514911e-02 
 8.826298e+00  2.016813e-02 
 8.826695e+00  2.442630e-02 
 8.827093e+00  2.770654e-02 
 8.827491e+00  2.977013e-02 
 8.827888e+00  3.041073e-02 
 8.828286e+00  2.953143e-02 
 8.828684e+00  2.712468e-02 
 8.829082e+00  2.339371e-02 
 8.829479e+00  1.875590e-02 
 8.829877e+00  1.367956e-02 
 8.830275e+00  8.567034e-03 
 8.830672e+00  3.908027e-03 
 8.831070e+00 -1.363941e-05 
 8.831468e+00 -2.987461e-03 
 8.831865e+00 -4.964482e-03 
 8.832263e+00 -5.898462e-03 
 8.832661e+00 -5.766531e-03 
 8.833059e+00 -4.451697e-03 
 8.833456e+00 -2.128994e-03 
 8.833854e+00  1.143252e-03 
 8.834252e+00  5.019911e-03 
 8.834649e+00  9.178472e-03 
 8.835047e+00  1.334964e-02 
 8.835445e+00  1.717564e-02 
 8.835842e+00  2.026894e-02 
 8.836240e+00  2.230616e-02 
 8.836638e+00  2.311632e-02 
 8.837035e+00  2.263831e-02 
 8.837433e+00  2.088948e-02 
 8.837831e+00  1.795758e-02 
 8.838229e+00  1.404855e-02 
 8.838626e+00  9.514659e-03 
 8.839024e+00  4.746805e-03 
 8.839422e+00  1.657183e-04 
 8.839819e+00 -3.829019e-03 
 8.840217e+00 -7.087132e-03 
 8.840615e+00 -9.348753e-03 
 8.841012e+00 -1.047322e-02 
 8.841410e+00 -1.043862e-02 
 8.841808e+00 -9.253206e-03 
 8.842206e+00 -6.994100e-03 
 8.842603e+00 -3.866311e-03 
 8.843001e+00 -9.090922e-05 
 8.843399e+00  4.049819e-03 
 8.843796e+00  8.071325e-03 
 8.844194e+00  1.164286e-02 
 8.844592e+00  1.443074e-02 
 8.844989e+00  1.616764e-02 
 8.845387e+00  1.677629e-02 
 8.845785e+00  1.613832e-02 
 8.846182e+00  1.431576e-02 
 8.846580e+00  1.136969e-02 
 8.846978e+00  7.521697e-03 
 8.847376e+00  3.091075e-03 
 8.847773e+00 -1.679974e-03 
 8.848171e+00 -6.406681e-03 
 8.848569e+00 -1.077296e-02 
 8.848966e+00 -1.439929e-02 
 8.849364e+00 -1.687358e-02 
 8.849762e+00 -1.805591e-02 
 8.850159e+00 -1.782907e-02 
 8.850557e+00 -1.625573e-02 
 8.850955e+00 -1.340887e-02 
 8.851353e+00 -9.657436e-03 
 8.851750e+00 -5.126201e-03 
 8.852148e+00 -3.079336e-04 
 8.852546e+00  4.474320e-03 
 8.852943e+00  8.924889e-03 
 8.853341e+00  1.269842e-02 
 8.853739e+00  1.551692e-02 
 8.854136e+00  1.718485e-02 
 8.854534e+00  1.764314e-02 
 8.854932e+00  1.700111e-02 
 8.855329e+00  1.533543e-02 
 8.855727e+00  1.285595e-02 
 8.856125e+00  9.796139e-03 
 8.856523e+00  6.423284e-03 
 8.856920e+00  3.084512e-03 
 8.857318e+00  2.106735e-04 
 8.857716e+00 -1.955881e-03 
 8.858113e+00 -3.223220e-03 
 8.858511e+00 -3.376581e-03 
 8.858909e+00 -2.505235e-03 
 8.859306e+00 -7.433138e-04 
 8.859704e+00  1.587817e-03 
 8.860102e+00  4.075013e-03 
 8.860500e+00  6.400358e-03 
 8.860897e+00  8.388009e-03 
 8.861295e+00  9.886579e-03 
 8.861693e+00  1.078695e-02 
 8.862090e+00  1.111054e-02 
 8.862488e+00  1.072607e-02 
 8.862886e+00  9.697471e-03 
 8.863283e+00  8.074797e-03 
 8.863681e+00  5.927087e-03 
 8.864079e+00  3.413975e-03 
 8.864476e+00  7.790453e-04 
 8.864874e+00 -1.825542e-03 
 8.865272e+00 -4.173143e-03 
 8.865670e+00 -6.140093e-03 
 8.866067e+00 -7.704247e-03 
 8.866465e+00 -8.814104e-03 
 8.866863e+00 -9.358192e-03 
 8.867260e+00 -9.286602e-03 
 8.867658e+00 -8.593640e-03 
 8.868056e+00 -7.390663e-03 
 8.868453e+00 -5.734220e-03 
 8.868851e+00 -3.836662e-03 
 8.869249e+00 -1.780282e-03 
 8.869647e+00  3.261440e-04 
 8.870044e+00  2.288651e-03 
 8.870442e+00  3.982131e-03 
 8.870840e+00  5.200133e-03 
 8.871237e+00  5.985581e-03 
 8.871635e+00  6.208332e-03 
 8.872033e+00  5.845870e-03 
 8.872430e+00  4.943994e-03 
 8.872828e+00  3.630471e-03 
 8.873226e+00  2.126328e-03 
 8.873623e+00  6.080602e-04 
 8.874021e+00 -7.703816e-04 
 8.874419e+00 -1.918589e-03 
 8.874817e+00 -2.727032e-03 
 8.875214e+00 -3.039865e-03 
 8.875612e+00 -2.798789e-03 
 8.876010e+00 -1.999858e-03 
 8.876407e+00 -6.702704e-04 
 8.876805e+00  1.185107e-03 
 8.877203e+00  3.470191e-03 
 8.877600e+00  6.051203e-03 
 8.877998e+00  8.549736e-03 
 8.878396e+00  1.080783e-02 
 8.878794e+00  1.259058e-02 
 8.879191e+00  1.369386e-02 
 8.879589e+00  1.415124e-02 
 8.879987e+00  1.385546e-02 
 8.880384e+00  1.280073e-02 
 8.880782e+00  1.114348e-02 
 8.881180e+00  8.974519e-03 
 8.881577e+00  6.376470e-03 
 8.881975e+00  3.557396e-03 
 8.882373e+00  7.613437e-04 
 8.882770e+00 -1.745919e-03 
 8.883168e+00 -3.617241e-03 
 8.883566e+00 -4.648873e-03 
 8.883964e+00 -4.692738e-03 
 8.884361e+00 -3.709309e-03 
 8.884759e+00 -1.696960e-03 
 8.885157e+00  1.294089e-03 
 8.885554e+00  5.016271e-03 
 8.885952e+00  9.212733e-03 
 8.886350e+00  1.360876e-02 
 8.886747e+00  1.779153e-02 
 8.887145e+00  2.135244e-02 
 8.887543e+00  2.396988e-02 
 8.887941e+00  2.528965e-02 
 8.888338e+00  2.510554e-02 
 8.888736e+00  2.362187e-02 
 8.889134e+00  2.098274e-02 
 8.889531e+00  1.737641e-02 
 8.889929e+00  1.306479e-02 
 8.890327e+00  8.307212e-03 
 8.890724e+00  3.513491e-03 
 8.891122e+00 -9.403400e-04 
 8.891520e+00 -4.723032e-03 
 8.891917e+00 -7.592935e-03 
 8.892315e+00 -9.395375e-03 
 8.892713e+00 -1.005530e-02 
 8.893111e+00 -9.499259e-03 
 8.893508e+00 -7.824993e-03 
 8.893906e+00 -5.359298e-03 
 8.894304e+00 -2.526509e-03 
 8.894701e+00  5.432512e-04 
 8.895099e+00  3.567000e-03 
 8.895497e+00  6.347410e-03 
 8.895894e+00  8.655346e-03 
 8.896292e+00  1.037352e-02 
 8.896690e+00  1.133454e-02 
 8.897088e+00  1.148396e-02 
 8.897485e+00  1.086086e-02 
 8.897883e+00  9.359836e-03 
 8.898281e+00  7.242104e-03 
 8.898678e+00  4.685806e-03 
 8.899076e+00  2.004288e-03 
 8.899474e+00 -6.084399e-04 
 8.899871e+00 -2.833995e-03 
 8.900269e+00 -4.594799e-03 
 8.900667e+00 -5.524030e-03 
 8.901064e+00 -5.494537e-03 
 8.901462e+00 -4.444913e-03 
 8.901860e+00 -2.229964e-03 
 8.902258e+00  8.045557e-04 
 8.902655e+00  4.685321e-03 
 8.903053e+00  9.087406e-03 
 8.903451e+00  1.371199e-02 
 8.903848e+00  1.824611e-02 
 8.904246e+00  2.236900e-02 
 8.904644e+00  2.594864e-02 
 8.905041e+00  2.860345e-02 
 8.905439e+00  3.001132e-02 
 8.905837e+00  2.996695e-02 
 8.906235e+00  2.840649e-02 
 8.906632e+00  2.555503e-02 
 8.907030e+00  2.162073e-02 
 8.907428e+00  1.705895e-02 
 8.907825e+00  1.216498e-02 
 8.908223e+00  7.376233e-03 
 8.908621e+00  3.100851e-03 
 8.909018e+00 -3.359620e-04 
 8.909416e+00 -2.728805e-03 
 8.909814e+00 -3.899733e-03 
 8.910211e+00 -3.826063e-03 
 8.910609e+00 -2.635831e-03 
 8.911007e+00 -2.609950e-04 
 8.911405e+00  2.958163e-03 
 8.911802e+00  6.645276e-03 
 8.912200e+00  1.059728e-02 
 8.912598e+00  1.441404e-02 
 8.912995e+00  1.787091e-02 
 8.913393e+00  2.072325e-02 
 8.913791e+00  2.272479e-02 
 8.914188e+00  2.362425e-02 
 8.914586e+00  2.330699e-02 
 8.914984e+00  2.183285e-02 
 8.915382e+00  1.940078e-02 
 8.915779e+00  1.622013e-02 
 8.916177e+00  1.249066e-02 
 8.916575e+00  8.515098e-03 
 8.916972e+00  4.702766e-03 
 8.917370e+00  1.371664e-03 
 8.917768e+00 -1.210048e-03 
 8.918165e+00 -2.790486e-03 
 8.918563e+00 -3.152026e-03 
 8.918961e+00 -2.193778e-03 
 8.919358e+00  1.830431e-04 
 8.919756e+00  3.739589e-03 
 8.920154e+00  8.082039e-03 
 8.920552e+00  1.279384e-02 
 8.920949e+00  1.752375e-02 
 8.921347e+00  2.187457e-02 
 8.921745e+00  2.532742e-02 
 8.922142e+00  2.760367e-02 
 8.922540e+00  2.847816e-02 
 8.922938e+00  2.781777e-02 
 8.923335e+00  2.566347e-02 
 8.923733e+00  2.221859e-02 
 8.924131e+00  1.781508e-02 
 8.924529e+00  1.268563e-02 
 8.924926e+00  7.455874e-03 
 8.925324e+00  2.417879e-03 
 8.925722e+00 -2.145910e-03 
 8.926119e+00 -5.911138e-03 
 8.926517e+00 -8.684035e-03 
 8.926915e+00 -1.021633e-02 
 8.927312e+00 -1.035257e-02 
 8.927710e+00 -8.942934e-03 
 8.928108e+00 -6.129967e-03 
 8.928505e+00 -2.062468e-03 
 8.928903e+00  2.993636e-03 
 8.929301e+00  8.422697e-03 
 8.929699e+00  1.396626e-02 
 8.930096e+00  1.911767e-02 
 8.930494e+00  2.361586e-02 
 8.930892e+00  2.725415e-02 
 8.931289e+00  2.986574e-02 
 8.931687e+00  3.124089e-02 
 8.932085e+00  3.122411e-02 
 8.932482e+00  2.977733e-02 
 8.932880e+00  2.692691e-02 
 8.933278e+00  2.292477e-02 
 8.933676e+00  1.805737e-02 
 8.934073e+00  1.259797e-02 
 8.934471e+00  7.161749e-03 
 8.934869e+00  2.177947e-03 
 8.935266e+00 -1.980777e-03 
 8.935664e+00 -5.139903e-03 
 8.936062e+00 -7.048399e-03 
 8.936459e+00 -7.713222e-03 
 8.936857e+00 -6.968398e-03 
 8.937255e+00 -4.878578e-03 
 8.937652e+00 -1.633094e-03 
 8.938050e+00  2.314975e-03 
 8.938448e+00  6.606546e-03 
 8.938846e+00  1.101195e-02 
 8.939243e+00  1.509799e-02 
 8.939641e+00  1.848822e-02 
 8.940039e+00  2.087511e-02 
 8.940436e+00  2.203793e-02 
 8.940834e+00  2.180079e-02 
 8.941232e+00  2.021429e-02 
 8.941629e+00  1.724397e-02 
 8.942027e+00  1.299539e-02 
 8.942425e+00  7.818584e-03 
 8.942823e+00  2.110544e-03 
 8.943220e+00 -3.598477e-03 
 8.943618e+00 -8.944489e-03 
 8.944016e+00 -1.360165e-02 
 8.944413e+00 -1.724945e-02 
 8.944811e+00 -1.962824e-02 
 8.945209e+00 -2.058007e-02 
 8.945606e+00 -2.010080e-02 
 8.946004e+00 -1.806829e-02 
 8.946402e+00 -1.462627e-02 
 8.946799e+00 -9.972728e-03 
 8.947197e+00 -4.313839e-03 
 8.947595e+00  1.926592e-03 
 8.947993e+00  8.068549e-03 
 8.948390e+00  1.367633e-02 
 8.948788e+00  1.821851e-02 
 8.949186e+00  2.121867e-02 
 8.949583e+00  2.249110e-02 
 8.949981e+00  2.195018e-02 
 8.950379e+00  1.965299e-02 
 8.950776e+00  1.589400e-02 
 8.951174e+00  1.103394e-02 
 8.951572e+00  5.415106e-03 
 8.951970e+00 -4.465366e-04 
 8.952367e+00 -6.020910e-03 
 8.952765e+00 -1.090739e-02 
 8.953163e+00 -1.470454e-02 
 8.953560e+00 -1.719481e-02 
 8.953958e+00 -1.823880e-02 
 8.954356e+00 -1.796416e-02 
 8.954753e+00 -1.640927e-02 
 8.955151e+00 -1.382690e-02 
 8.955549e+00 -1.048126e-02 
 8.955946e+00 -6.729951e-03 
 8.956344e+00 -2.952460e-03 
 8.956742e+00  6.349296e-04 
 8.957140e+00  3.669364e-03 
 8.957537e+00  5.857562e-03 
 8.957935e+00  7.128020e-03 
 8.958333e+00  7.478254e-03 
 8.958730e+00  7.142561e-03 
 8.959128e+00  6.216279e-03 
 8.959526e+00  4.894355e-03 
 8.959923e+00  3.241337e-03 
 8.960321e+00  1.256322e-03 
 8.960719e+00 -7.965330e-04 
 8.961117e+00 -2.681679e-03 
 8.961514e+00 -4.308913e-03 
 8.961912e+00 -5.598708e-03 
 8.962310e+00 -6.274057e-03 
 8.962707e+00 -6.240549e-03 
 8.963105e+00 -5.487717e-03 
 8.963503e+00 -4.078128e-03 
 8.963900e+00 -2.240408e-03 
 8.964298e+00 -2.229871e-04 
 8.964696e+00  1.973645e-03 
 8.965093e+00  4.152414e-03 
 8.965491e+00  6.240144e-03 
 8.965889e+00  8.032548e-03 
 8.966287e+00  9.433164e-03 
 8.966684e+00  1.023334e-02 
 8.967082e+00  1.044532e-02 
 8.967480e+00  9.929177e-03 
 8.967877e+00  8.704889e-03 
 8.968275e+00  6.871998e-03 
 8.968673e+00  4.600163e-03 
 8.969070e+00  2.049907e-03 
 8.969468e+00 -3.909653e-04 
 8.969866e+00 -2.611027e-03 
 8.970264e+00 -4.422152e-03 
 8.970661e+00 -5.625703e-03 
 8.971059e+00 -6.106413e-03 
 8.971457e+00 -5.906565e-03 
 8.971854e+00 -5.057082e-03 
 8.972252e+00 -3.755408e-03 
 8.972650e+00 -2.208963e-03 
 8.973047e+00 -5.657434e-04 
 8.973445e+00  1.047193e-03 
 8.973843e+00  2.472106e-03 
 8.974240e+00  3.641903e-03 
 8.974638e+00  4.509387e-03 
 8.975036e+00  4.917398e-03 
 8.975434e+00  4.865939e-03 
 8.975831e+00  4.306989e-03 
 8.976229e+00  3.254301e-03 
 8.976627e+00  1.853598e-03 
 8.977024e+00  2.060375e-04 
 8.977422e+00 -1.399284e-03 
 8.977820e+00 -2.825003e-03 
 8.978217e+00 -3.820398e-03 
 8.978615e+00 -4.051577e-03 
 8.979013e+00 -3.373288e-03 
 8.979411e+00 -1.885097e-03 
 8.979808e+00  3.205937e-04 
 8.980206e+00  3.162069e-03 
 8.980604e+00  6.417204e-03 
 8.981001e+00  9.850320e-03 
 8.981399e+00  1.309480e-02 
 8.981797e+00  1.589094e-02 
 8.982194e+00  1.796772e-02 
 8.982592e+00  1.918177e-02 
 8.982990e+00  1.948399e-02 
 8.983387e+00  1.876841e-02 
 8.983785e+00  1.704495e-02 
 8.984183e+00  1.428640e-02 
 8.984581e+00  1.089476e-02 
 8.984978e+00  7.049100e-03 
 8.985376e+00  2.940350e-03 
 8.985774e+00 -1.038400e-03 
 8.986171e+00 -4.562770e-03 
 8.986569e+00 -7.368831e-03 
 8.986967e+00 -9.038074e-03 
 8.987364e+00 -9.553366e-03 
 8.987762e+00 -8.994388e-03 
 8.988160e+00 -7.390815e-03 
 8.988558e+00 -4.821377e-03 
 8.988955e+00 -1.442626e-03 
 8.989353e+00  2.570570e-03 
 8.989751e+00  6.914561e-03 
 8.990148e+00  1.140925e-02 
 8.990546e+00  1.557770e-02 
 8.990944e+00  1.927003e-02 
 8.991341e+00  2.206401e-02 
 8.991739e+00  2.377882e-02 
 8.992137e+00  2.432830e-02 
 8.992534e+00  2.372564e-02 
 8.992932e+00  2.217981e-02 
 8.993330e+00  1.994855e-02 
 8.993728e+00  1.714712e-02 
 8.994125e+00  1.402798e-02 
 8.994523e+00  1.073343e-02 
 8.994921e+00  7.459299e-03 
 8.995318e+00  4.438688e-03 
 8.995716e+00  1.837810e-03 
 8.996114e+00 -1.238223e-04 
 8.996511e+00 -1.181474e-03 
 8.996909e+00 -1.252045e-03 
 8.997307e+00 -3.023461e-04 
 8.997705e+00  1.671972e-03 
 8.998102e+00  4.491222e-03 
 8.998500e+00  7.982757e-03 
 8.998898e+00  1.184991e-02 
 8.999295e+00  1.573132e-02 
 8.999693e+00  1.923431e-02 
 9.000091e+00  2.190331e-02 
 9.000488e+00  2.334724e-02 
 9.000886e+00  2.351444e-02 
 9.001284e+00  2.227989e-02 
 9.001681e+00  1.962303e-02 
 9.002079e+00  1.581477e-02 
 9.002477e+00  1.126029e-02 
 9.002875e+00  6.195606e-03 
 9.003272e+00  9.374316e-04 
 9.003670e+00 -4.065963e-03 
 9.004068e+00 -8.524794e-03 
 9.004465e+00 -1.194185e-02 
 9.004863e+00 -1.391166e-02 
 9.005261e+00 -1.417391e-02 
 9.005658e+00 -1.272461e-02 
 9.006056e+00 -9.691841e-03 
 9.006454e+00 -5.340186e-03 
 9.006852e+00  2.319706e-05 
 9.007249e+00  5.983173e-03 
 9.007647e+00  1.207138e-02 
 9.008045e+00  1.795706e-02 
 9.008442e+00  2.330036e-02 
 9.008840e+00  2.776848e-02 
 9.009238e+00  3.116420e-02 
 9.009635e+00  3.317111e-02 
 9.010033e+00  3.362414e-02 
 9.010431e+00  3.252528e-02 
 9.010828e+00  3.006386e-02 
 9.011226e+00  2.646881e-02 
 9.011624e+00  2.202123e-02 
 9.012022e+00  1.710572e-02 
 9.012419e+00  1.220201e-02 
 9.012817e+00  7.678429e-03 
 9.013215e+00  3.965781e-03 
 9.013612e+00  1.398799e-03 
 9.014010e+00  1.924496e-04 
 9.014408e+00  4.576540e-04 
 9.014805e+00  2.233760e-03 
 9.015203e+00  5.332848e-03 
 9.015601e+00  9.320601e-03 
 9.015999e+00  1.376616e-02 
 9.016396e+00  1.816186e-02 
 9.016794e+00  2.209122e-02 
 9.017192e+00  2.531517e-02 
 9.017589e+00  2.746355e-02 
 9.017987e+00  2.835509e-02 
 9.018385e+00  2.783308e-02 
 9.018782e+00  2.594349e-02 
 9.019180e+00  2.269197e-02 
 9.019578e+00  1.833047e-02 
 9.019975e+00  1.330647e-02 
 9.020373e+00  8.095005e-03 
 9.020771e+00  3.146638e-03 
 9.021169e+00 -1.027099e-03 
 9.021566e+00 -4.176904e-03 
 9.021964e+00 -6.164206e-03 
 9.022362e+00 -6.887900e-03 
 9.022759e+00 -6.364923e-03 
 9.023157e+00 -4.587344e-03 
 9.023555e+00 -1.731642e-03 
 9.023952e+00  1.908242e-03 
 9.024350e+00  6.191932e-03 
 9.024748e+00  1.077195e-02 
 9.025146e+00  1.519866e-02 
 9.025543e+00  1.913994e-02 
 9.025941e+00  2.230968e-02 
 9.026339e+00  2.442749e-02 
 9.026736e+00  2.538272e-02 
 9.027134e+00  2.517630e-02 
 9.027532e+00  2.372950e-02 
 9.027929e+00  2.108360e-02 
 9.028327e+00  1.741266e-02 
 9.028725e+00  1.296254e-02 
 9.029122e+00  8.011976e-03 
 9.029520e+00  2.858592e-03 
 9.029918e+00 -2.130195e-03 
 9.030316e+00 -6.566817e-03 
 9.030713e+00 -1.013561e-02 
 9.031111e+00 -1.265514e-02 
 9.031509e+00 -1.385487e-02 
 9.031906e+00 -1.376132e-02 
 9.032304e+00 -1.230652e-02 
 9.032702e+00 -9.496520e-03 
 9.033099e+00 -5.702251e-03 
 9.033497e+00 -1.229582e-03 
 9.033895e+00  3.431414e-03 
 9.034293e+00  7.913319e-03 
 9.034690e+00  1.185296e-02 
 9.035088e+00  1.495293e-02 
 9.035486e+00  1.702324e-02 
 9.035883e+00  1.799262e-02 
 9.036281e+00  1.779224e-02 
 9.036679e+00  1.647670e-02 
 9.037076e+00  1.414284e-02 
 9.037474e+00  1.091639e-02 
 9.037872e+00  7.066110e-03 
 9.038269e+00  2.921745e-03 
 9.038667e+00 -1.055894e-03 
 9.039065e+00 -4.552509e-03 
 9.039463e+00 -7.214730e-03 
 9.039860e+00 -8.879317e-03 
 9.040258e+00 -9.396113e-03 
 9.040656e+00 -8.665314e-03 
 9.041053e+00 -6.684897e-03 
 9.041451e+00 -3.583112e-03 
 9.041849e+00  4.086961e-04 
 9.042246e+00  5.042395e-03 
 9.042644e+00  9.814067e-03 
 9.043042e+00  1.434983e-02 
 9.043439e+00  1.825757e-02 
 9.043837e+00  2.118442e-02 
 9.044235e+00  2.283376e-02 
 9.044633e+00  2.306356e-02 
 9.045030e+00  2.181553e-02 
 9.045428e+00  1.907071e-02 
 9.045826e+00  1.488669e-02 
 9.046223e+00  9.480425e-03 
 9.046621e+00  3.311016e-03 
 9.047019e+00 -3.212644e-03 
 9.047416e+00 -9.563767e-03 
 9.047814e+00 -1.514064e-02 
 9.048212e+00 -1.953522e-02 
 9.048610e+00 -2.252267e-02 
 9.049007e+00 -2.388533e-02 
 9.049405e+00 -2.365986e-02 
 9.049803e+00 -2.198873e-02 
 9.050200e+00 -1.904472e-02 
 9.050598e+00 -1.507817e-02 
 9.050996e+00 -1.034484e-02 
 9.051393e+00 -5.280747e-03 
 9.051791e+00 -2.950204e-04 
 9.052189e+00  4.289098e-03 
 9.052586e+00  8.173717e-03 
 9.052984e+00  1.112736e-02 
 9.053382e+00  1.299197e-02 
 9.053780e+00  1.374843e-02 
 9.054177e+00  1.340747e-02 
 9.054575e+00  1.206320e-02 
 9.054973e+00  1.001730e-02 
 9.055370e+00  7.266713e-03 
 9.055768e+00  4.138272e-03 
 9.056166e+00  9.835469e-04 
 9.056563e+00 -1.961772e-03 
 9.056961e+00 -4.462971e-03 
 9.057359e+00 -6.339166e-03 
 9.057757e+00 -7.492128e-03 
 9.058154e+00 -7.907497e-03 
 9.058552e+00 -7.414329e-03 
 9.058950e+00 -6.028937e-03 
 9.059347e+00 -3.856087e-03 
 9.059745e+00 -9.643521e-04 
 9.060143e+00  2.325041e-03 
 9.060540e+00  5.797504e-03 
 9.060938e+00  8.984649e-03 
 9.061336e+00  1.153785e-02 
 9.061733e+00  1.314911e-02 
 9.062131e+00  1.356905e-02 
 9.062529e+00  1.285788e-02 
 9.062927e+00  1.119038e-02 
 9.063324e+00  8.721366e-03 
 9.063722e+00  5.739024e-03 
 9.064120e+00  2.469710e-03 
 9.064517e+00 -8.461391e-04 
 9.064915e+00 -3.954257e-03 
 9.065313e+00 -6.598654e-03 
 9.065710e+00 -8.488284e-03 
 9.066108e+00 -9.433787e-03 
 9.066506e+00 -9.273743e-03 
 9.066904e+00 -7.957614e-03 
 9.067301e+00 -5.536829e-03 
 9.067699e+00 -2.322079e-03 
 9.068097e+00  1.394344e-03 
 9.068494e+00  5.360277e-03 
 9.068892e+00  9.322441e-03 
 9.069290e+00  1.292687e-02 
 9.069687e+00  1.589518e-02 
 9.070085e+00  1.800192e-02 
 9.070483e+00  1.900289e-02 
 9.070880e+00  1.874091e-02 
 9.071278e+00  1.739842e-02 
 9.071676e+00  1.507713e-02 
 9.072074e+00  1.202010e-02 
 9.072471e+00  8.593984e-03 
 9.072869e+00  5.112585e-03 
 9.073267e+00  1.764702e-03 
 9.073664e+00 -1.123737e-03 
 9.074062e+00 -3.372272e-03 
 9.074460e+00 -4.822116e-03 
 9.074857e+00 -5.295815e-03 
 9.075255e+00 -4.830744e-03 
 9.075653e+00 -3.515344e-03 
 9.076051e+00 -1.495994e-03 
 9.076448e+00  9.813853e-04 
 9.076846e+00  3.580020e-03 
 9.077244e+00  6.006170e-03 
 9.077641e+00  7.967259e-03 
 9.078039e+00  9.235851e-03 
 9.078437e+00  9.768711e-03 
 9.078834e+00  9.440127e-03 
 9.079232e+00  8.246171e-03 
 9.079630e+00  6.329440e-03 
 9.080027e+00  3.741810e-03 
 9.080425e+00  6.861616e-04 
 9.080823e+00 -2.625100e-03 
 9.081221e+00 -5.868863e-03 
 9.081618e+00 -8.656472e-03 
 9.082016e+00 -1.061505e-02 
 9.082414e+00 -1.149731e-02 
 9.082811e+00 -1.119274e-02 
 9.083209e+00 -9.750116e-03 
 9.083607e+00 -7.185546e-03 
 9.084004e+00 -3.677997e-03 
 9.084402e+00  4.724748e-04 
 9.084800e+00  5.011530e-03 
 9.085198e+00  9.551710e-03 
 9.085595e+00  1.368962e-02 
 9.085993e+00  1.719501e-02 
 9.086391e+00  1.995077e-02 
 9.086788e+00  2.174712e-02 
 9.087186e+00  2.266058e-02 
 9.087584e+00  2.270269e-02 
 9.087981e+00  2.188289e-02 
 9.088379e+00  2.016148e-02 
 9.088777e+00  1.759885e-02 
 9.089174e+00  1.432179e-02 
 9.089572e+00  1.051157e-02 
 9.089970e+00  6.437060e-03 
 9.090368e+00  2.476185e-03 
 9.090765e+00 -1.029260e-03 
 9.091163e+00 -3.845175e-03 
 9.091561e+00 -5.795404e-03 
 9.091958e+00 -6.832643e-03 
 9.092356e+00 -6.803151e-03 
 9.092754e+00 -5.788690e-03 
 9.093151e+00 -3.845499e-03 
 9.093549e+00 -1.043619e-03 
 9.093947e+00  2.286864e-03 
 9.094345e+00  5.893525e-03 
 9.094742e+00  9.562725e-03 
 9.095140e+00  1.289529e-02 
 9.095538e+00  1.560045e-02 
 9.095935e+00  1.749344e-02 
 9.096333e+00  1.840656e-02 
 9.096731e+00  1.823885e-02 
 9.097128e+00  1.698749e-02 
 9.097526e+00  1.478015e-02 
 9.097924e+00  1.175598e-02 
 9.098321e+00  8.269307e-03 
 9.098719e+00  4.719435e-03 
 9.099117e+00  1.423381e-03 
 9.099515e+00 -1.240338e-03 
 9.099912e+00 -3.045175e-03 
 9.100310e+00 -3.756760e-03 
 9.100708e+00 -3.280528e-03 
 9.101105e+00 -1.595715e-03 
 9.101503e+00  1.205954e-03 
 9.101901e+00  4.963992e-03 
 9.102298e+00  9.386952e-03 
 9.102696e+00  1.417459e-02 
 9.103094e+00  1.888229e-02 
 9.103492e+00  2.305860e-02 
 9.103889e+00  2.641317e-02 
 9.104287e+00  2.855420e-02 
 9.104685e+00  2.932529e-02 
 9.105082e+00  2.868100e-02 
 9.105480e+00  2.669276e-02 
 9.105878e+00  2.352405e-02 
 9.106275e+00  1.937877e-02 
 9.106673e+00  1.438670e-02 
 9.107071e+00  8.956231e-03 
 9.107468e+00  3.423679e-03 
 9.107866e+00 -1.788425e-03 
 9.108264e+00 -6.205146e-03 
 9.108662e+00 -9.424737e-03 
 9.109059e+00 -1.125223e-02 
 9.109457e+00 -1.165341e-02 
 9.109855e+00 -1.053768e-02 
 9.110252e+00 -8.142814e-03 
 9.110650e+00 -4.655235e-03 
 9.111048e+00 -3.052077e-04 
 9.111445e+00  4.505535e-03 
 9.111843e+00  9.350081e-03 
 9.112241e+00  1.384177e-02 
 9.112639e+00  1.768686e-02 
 9.113036e+00  2.049277e-02 
 9.113434e+00  2.209467e-02 
 9.113832e+00  2.242356e-02 
 9.114229e+00  2.157976e-02 
 9.114627e+00  1.977483e-02 
 9.115025e+00  1.726497e-02 
 9.115422e+00  1.427556e-02 
 9.115820e+00  1.105284e-02 
 9.116218e+00  7.858618e-03 
 9.116615e+00  4.964405e-03 
 9.117013e+00  2.745440e-03 
 9.117411e+00  1.433796e-03 
 9.117809e+00  1.213590e-03 
 9.118206e+00  2.254935e-03 
 9.118604e+00  4.526475e-03 
 9.119002e+00  7.860426e-03 
 9.119399e+00  1.192648e-02 
 9.119797e+00  1.636166e-02 
 9.120195e+00  2.082628e-02 
 9.120592e+00  2.494786e-02 
 9.120990e+00  2.847479e-02 
 9.121388e+00  3.115243e-02 
 9.121786e+00  3.271978e-02 
 9.122183e+00  3.296637e-02 
 9.122581e+00  3.178328e-02 
 9.122979e+00  2.903091e-02 
 9.123376e+00  2.476209e-02 
 9.123774e+00  1.928837e-02 
 9.124172e+00  1.293145e-02 
 9.124569e+00  6.221529e-03 
 9.124967e+00 -3.063862e-04 
 9.125365e+00 -6.166682e-03 
 9.125762e+00 -1.100760e-02 
 9.126160e+00 -1.442673e-02 
 9.126558e+00 -1.624717e-02 
 9.126956e+00 -1.641614e-02 
 9.127353e+00 -1.476807e-02 
 9.127751e+00 -1.147846e-02 
 9.128149e+00 -6.812928e-03 
 9.128546e+00 -1.147246e-03 
 9.128944e+00  4.995571e-03 
 9.129342e+00  1.109054e-02 
 9.129739e+00  1.664618e-02 
 9.130137e+00  2.118985e-02 
 9.130535e+00  2.444213e-02 
 9.130933e+00  2.610569e-02 
 9.131330e+00  2.599459e-02 
 9.131728e+00  2.410312e-02 
 9.132126e+00  2.058291e-02 
 9.132523e+00  1.574345e-02 
 9.132921e+00  1.005536e-02 
 9.133319e+00  4.094748e-03 
 9.133716e+00 -1.551254e-03 
 9.134114e+00 -6.437677e-03 
 9.134512e+00 -1.024492e-02 
 9.134909e+00 -1.270465e-02 
 9.135307e+00 -1.379648e-02 
 9.135705e+00 -1.351686e-02 
 9.136103e+00 -1.186745e-02 
 9.136500e+00 -8.943426e-03 
 9.136898e+00 -4.930281e-03 
 9.137296e+00 -1.498714e-04 
 9.137693e+00  4.982981e-03 
 9.138091e+00  9.990690e-03 
 9.138489e+00  1.445106e-02 
 9.138886e+00  1.806558e-02 
 9.139284e+00  2.053158e-02 
 9.139682e+00  2.157871e-02 
 9.140080e+00  2.120042e-02 
 9.140477e+00  1.940881e-02 
 9.140875e+00  1.627797e-02 
 9.141273e+00  1.204802e-02 
 9.141670e+00  7.029843e-03 
 9.142068e+00  1.613224e-03 
 9.142466e+00 -3.720303e-03 
 9.142863e+00 -8.565936e-03 
 9.143261e+00 -1.256035e-02 
 9.143659e+00 -1.529614e-02 
 9.144056e+00 -1.656415e-02 
 9.144454e+00 -1.625921e-02 
 9.144852e+00 -1.434669e-02 
 9.145250e+00 -1.103315e-02 
 9.145647e+00 -6.575384e-03 
 9.146045e+00 -1.255637e-03 
 9.146443e+00  4.541285e-03 
 9.146840e+00  1.035889e-02 
 9.147238e+00  1.576155e-02 
 9.147636e+00  2.042811e-02 
 9.148033e+00  2.401971e-02 
 9.148431e+00  2.642394e-02 
 9.148829e+00  2.748377e-02 
 9.149227e+00  2.710650e-02 
 9.149624e+00  2.545990e-02 
 9.150022e+00  2.267695e-02 
 9.150420e+00  1.887255e-02 
 9.150817e+00  1.432370e-02 
 9.151215e+00  9.213807e-03 
 9.151613e+00  3.944744e-03 
 9.152010e+00 -1.174517e-03 
 9.152408e+00 -5.650161e-03 
 9.152806e+00 -9.215073e-03 
 9.153203e+00 -1.166827e-02 
 9.153601e+00 -1.290775e-02 
 9.153999e+00 -1.291382e-02 
 9.154397e+00 -1.179413e-02 
 9.154794e+00 -9.784907e-03 
 9.155192e+00 -7.138864e-03 
 9.155590e+00 -4.081757e-03 
 9.155987e+00 -9.363307e-04 
 9.156385e+00  2.186382e-03 
 9.156783e+00  5.032554e-03 
 9.157180e+00  7.462741e-03 
 9.157578e+00  9.126152e-03 
 9.157976e+00  9.805937e-03 
 9.158374e+00  9.463656e-03 
 9.158771e+00  8.065984e-03 
 9.159169e+00  5.780532e-03 
 9.159567e+00  2.872627e-03 
 9.159964e+00 -2.855276e-04 
 9.160362e+00 -3.319113e-03 
 9.160760e+00 -5.850996e-03 
 9.161157e+00 -7.633466e-03 
 9.161555e+00 -8.574352e-03 
 9.161953e+00 -8.666063e-03 
 9.162350e+00 -7.794373e-03 
 9.162748e+00 -6.090055e-03 
 9.163146e+00 -3.666372e-03 
 9.163544e+00 -6.494085e-04 
 9.163941e+00  2.766391e-03 
 9.164339e+00  6.289827e-03 
 9.164737e+00  9.750067e-03 
 9.165134e+00  1.278141e-02 
 9.165532e+00  1.516917e-02 
 9.165930e+00  1.661719e-02 
 9.166327e+00  1.698004e-02 
 9.166725e+00  1.616258e-02 
 9.167123e+00  1.435004e-02 
 9.167521e+00  1.163706e-02 
 9.167918e+00  8.276393e-03 
 9.168316e+00  4.671695e-03 
 9.168714e+00  1.032170e-03 
 9.169111e+00 -2.326425e-03 
 9.169509e+00 -5.022316e-03 
 9.169907e+00 -6.912038e-03 
 9.170304e+00 -7.867120e-03 
 9.170702e+00 -7.851570e-03 
 9.171100e+00 -7.008619e-03 
 9.171497e+00 -5.466463e-03 
 9.171895e+00 -3.355273e-03 
 9.172293e+00 -8.970421e-04 
 9.172691e+00  1.633219e-03 
 9.173088e+00  4.073548e-03 
 9.173486e+00  6.180440e-03 
 9.173884e+00  7.594991e-03 
 9.174281e+00  8.174516e-03 
 9.174679e+00  7.789982e-03 
 9.175077e+00  6.475614e-03 
 9.175474e+00  4.357001e-03 
 9.175872e+00  1.792974e-03 
 9.176270e+00 -8.598531e-04 
 9.176668e+00 -3.241632e-03 
 9.177065e+00 -5.231557e-03 
 9.177463e+00 -6.600101e-03 
 9.177861e+00 -7.256096e-03 
 9.178258e+00 -7.122433e-03 
 9.178656e+00 -6.098471e-03 
 9.179054e+00 -4.203230e-03 
 9.179451e+00 -1.517065e-03 
 9.179849e+00  1.743923e-03 
 9.180247e+00  5.213917e-03 
 9.180644e+00  8.671013e-03 
 9.181042e+00  1.174044e-02 
 9.181440e+00  1.410519e-02 
 9.181838e+00  1.562712e-02 
 9.182235e+00  1.615289e-02 
 9.182633e+00  1.562548e-02 
 9.183031e+00  1.406799e-02 
 9.183428e+00  1.151056e-02 
 9.183826e+00  8.102863e-03 
 9.184224e+00  4.143937e-03 
 9.184621e+00  3.528176e-05 
 9.185019e+00 -4.001414e-03 
 9.185417e+00 -7.735571e-03 
 9.185815e+00 -1.093171e-02 
 9.186212e+00 -1.350254e-02 
 9.186610e+00 -1.538048e-02 
 9.187008e+00 -1.634915e-02 
 9.187405e+00 -1.624019e-02 
 9.187803e+00 -1.502951e-02 
 9.188201e+00 -1.258008e-02 
 9.188598e+00 -9.023561e-03 
 9.188996e+00 -4.580472e-03 
 9.189394e+00  3.974230e-04 
 9.189791e+00  5.428801e-03 
 9.190189e+00  1.010106e-02 
 9.190587e+00  1.414124e-02 
 9.190985e+00  1.712149e-02 
 9.191382e+00  1.896675e-02 
 9.191780e+00  1.959202e-02 
 9.192178e+00  1.903796e-02 
 9.192575e+00  1.741097e-02 
 9.192973e+00  1.485037e-02 
 9.193371e+00  1.166241e-02 
 9.193768e+00  8.113465e-03 
 9.194166e+00  4.703607e-03 
 9.194564e+00  1.734593e-03 
 9.194962e+00 -4.349448e-04 
 9.195359e+00 -1.400519e-03 
 9.195757e+00 -1.110736e-03 
 9.196155e+00  4.630531e-04 
 9.196552e+00  3.256874e-03 
 9.196950e+00  6.972272e-03 
 9.197348e+00  1.127352e-02 
 9.197745e+00  1.567013e-02 
 9.198143e+00  1.989603e-02 
 9.198541e+00  2.362931e-02 
 9.198938e+00  2.647159e-02 
 9.199336e+00  2.820073e-02 
 9.199734e+00  2.865842e-02 
 9.200132e+00  2.774850e-02 
 9.200529e+00  2.550908e-02 
 9.200927e+00  2.203085e-02 
 9.201325e+00  1.753117e-02 
 9.201722e+00  1.221819e-02 
 9.202120e+00  6.542904e-03 
 9.202518e+00  9.304896e-04 
 9.202915e+00 -4.091760e-03 
 9.203313e+00 -8.074197e-03 
 9.203711e+00 -1.073565e-02 
 9.204109e+00 -1.182282e-02 
 9.204506e+00 -1.116540e-02 
 9.204904e+00 -8.900038e-03 
 9.205302e+00 -5.187419e-03 
 9.205699e+00 -4.137588e-04 
 9.206097e+00  5.091798e-03 
 9.206495e+00  1.094465e-02 
 9.206892e+00  1.682613e-02 
 9.207290e+00  2.222998e-02 
 9.207688e+00  2.691990e-02 
 9.208085e+00  3.072466e-02 
 9.208483e+00  3.331124e-02 
 9.208881e+00  3.456343e-02 
 9.209279e+00  3.441631e-02 
 9.209676e+00  3.286750e-02 
 9.210074e+00  2.996692e-02 
 9.210472e+00  2.599876e-02 
 9.210869e+00  2.131749e-02 
 9.211267e+00  1.622943e-02 
 9.211665e+00  1.129692e-02 
 9.212062e+00  6.846031e-03 
 9.212460e+00  3.214988e-03 
 9.212858e+00  7.283979e-04 
 9.213256e+00 -5.622289e-04 
 9.213653e+00 -5.914283e-04 
 9.214051e+00  6.151096e-04 
 9.214449e+00  2.899163e-03 
 9.214846e+00  5.953335e-03 
 9.215244e+00  9.529650e-03 
 9.215642e+00  1.324854e-02 
 9.216039e+00  1.683503e-02 
 9.216437e+00  1.989673e-02 
 9.216835e+00  2.208646e-02 
 9.217232e+00  2.313360e-02 
 9.217630e+00  2.284663e-02 
 9.218028e+00  2.114323e-02 
 9.218426e+00  1.807816e-02 
 9.218823e+00  1.392043e-02 
 9.219221e+00  9.017814e-03 
 9.219619e+00  3.618183e-03 
 9.220016e+00 -1.901713e-03 
 9.220414e+00 -7.059221e-03 
 9.220812e+00 -1.150647e-02 
 9.221209e+00 -1.485030e-02 
 9.221607e+00 -1.661545e-02 
 9.222005e+00 -1.653332e-02 
 9.222403e+00 -1.454245e-02 
 9.222800e+00 -1.063367e-02 
 9.223198e+00 -5.012551e-03 
 9.223596e+00  1.937432e-03 
 9.223993e+00  9.699691e-03 
 9.224391e+00  1.780167e-02 
 9.224789e+00  2.557086e-02 
 9.225186e+00  3.239717e-02 
 9.225584e+00  3.780742e-02 
 9.225982e+00  4.125903e-02 
 9.226379e+00  4.263657e-02 
 9.226777e+00  4.188903e-02 
 9.227175e+00  3.911396e-02 
 9.227573e+00  3.455156e-02 
 9.227970e+00  2.856287e-02 
 9.228368e+00  2.159070e-02 
 9.228766e+00  1.408682e-02 
 9.229163e+00  6.476775e-03 
 9.229561e+00 -8.050981e-04 
 9.229959e+00 -7.237403e-03 
 9.230356e+00 -1.226128e-02 
 9.230754e+00 -1.559803e-02 
 9.231152e+00 -1.703075e-02 
 9.231550e+00 -1.650209e-02 
 9.231947e+00 -1.426547e-02 
 9.232345e+00 -1.058938e-02 
 9.232743e+00 -5.866875e-03 
 9.233140e+00 -4.041936e-04 
 9.233538e+00  5.198834e-03 
 9.233936e+00  1.067378e-02 
 9.234333e+00  1.551945e-02 
 9.234731e+00  1.929428e-02 
 9.235129e+00  2.172047e-02 
 9.235526e+00  2.234688e-02 
 9.235924e+00  2.113273e-02 
 9.236322e+00  1.813143e-02 
 9.236720e+00  1.364351e-02 
 9.237117e+00  8.034395e-03 
 9.237515e+00  1.745039e-03 
 9.237913e+00 -4.579656e-03 
 9.238310e+00 -1.044653e-02 
 9.238708e+00 -1.534673e-02 
 9.239106e+00 -1.872671e-02 
 9.239503e+00 -2.037306e-02 
 9.239901e+00 -2.016099e-02 
 9.240299e+00 -1.812241e-02 
 9.240697e+00 -1.438779e-02 
 9.241094e+00 -9.243407e-03 
 9.241492e+00 -3.132728e-03 
 9.241890e+00  3.426045e-03 
 9.242287e+00  9.879628e-03 
 9.242685e+00  1.588958e-02 
 9.243083e+00  2.101024e-02 
 9.243480e+00  2.490033e-02 
 9.243878e+00  2.730987e-02 
 9.244276e+00  2.816446e-02 
 9.244673e+00  2.728863e-02 
 9.245071e+00  2.483392e-02 
 9.245469e+00  2.101598e-02 
 9.245867e+00  1.598632e-02 
 9.246264e+00  1.011703e-02 
 9.246662e+00  3.912930e-03 
 9.247060e+00 -2.245674e-03 
 9.247457e+00 -7.928706e-03 
 9.247855e+00 -1.267202e-02 
 9.248253e+00 -1.631647e-02 
 9.248650e+00 -1.865956e-02 
 9.249048e+00 -1.959621e-02 
 9.249446e+00 -1.911537e-02 
 9.249844e+00 -1.729827e-02 
 9.250241e+00 -1.415665e-02 
 9.250639e+00 -9.923955e-03 
 9.251037e+00 -5.007041e-03 
 9.251434e+00  1.965179e-04 
 9.251832e+00  5.270398e-03 
 9.252230e+00  9.814747e-03 
 9.252627e+00  1.355398e-02 
 9.253025e+00  1.624876e-02 
 9.253423e+00  1.782552e-02 
 9.253820e+00  1.835061e-02 
 9.254218e+00  1.796298e-02 
 9.254616e+00  1.677950e-02 
 9.255014e+00  1.497243e-02 
 9.255411e+00  1.280014e-02 
 9.255809e+00  1.035688e-02 
 9.256207e+00  7.797644e-03 
 9.256604e+00  5.420704e-03 
 9.257002e+00  3.333875e-03 
 9.257400e+00  1.717156e-03 
 9.257797e+00  6.885778e-04 
 9.258195e+00  2.886153e-04 
 9.258593e+00  4.633538e-04 
 9.258991e+00  1.133369e-03 
 9.259388e+00  2.216834e-03 
 9.259786e+00  3.368325e-03 
 9.260184e+00  4.365885e-03 
 9.260581e+00  5.031432e-03 
 9.260979e+00  5.076298e-03 
 9.261377e+00  4.505810e-03 
 9.261774e+00  3.294499e-03 
 9.262172e+00  1.442663e-03 
 9.262570e+00 -9.249311e-04 
 9.262967e+00 -3.507256e-03 
 9.263365e+00 -6.161196e-03 
 9.263763e+00 -8.827135e-03 
 9.264161e+00 -1.117113e-02 
 9.264558e+00 -1.311517e-02 
 9.264956e+00 -1.446440e-02 
 9.265354e+00 -1.512220e-02 
 9.265751e+00 -1.505745e-02 
 9.266149e+00 -1.418308e-02 
 9.266547e+00 -1.259517e-02 
 9.266944e+00 -1.041242e-02 
 9.267342e+00 -7.866326e-03 
 9.267740e+00 -5.161566e-03 
 9.268138e+00 -2.546177e-03 
 9.268535e+00 -2.905188e-04 
 9.268933e+00  1.598162e-03 
 9.269331e+00  3.060774e-03 
 9.269728e+00  4.031571e-03 
 9.270126e+00  4.522153e-03 
 9.270524e+00  4.592606e-03 
 9.270921e+00  4.185088e-03 
 9.271319e+00  3.495183e-03 
 9.271717e+00  2.630628e-03 
 9.272114e+00  1.835817e-03 
 9.272512e+00  1.365886e-03 
 9.272910e+00  1.450519e-03 
 9.273308e+00  2.091447e-03 
 9.273705e+00  3.225294e-03 
 9.274103e+00  4.887932e-03 
 9.274501e+00  6.917846e-03 
 9.274898e+00  9.057132e-03 
 9.275296e+00  1.110649e-02 
 9.275694e+00  1.294409e-02 
 9.276091e+00  1.429260e-02 
 9.276489e+00  1.504081e-02 
 9.276887e+00  1.510950e-02 
 9.277285e+00  1.433557e-02 
 9.277682e+00  1.278115e-02 
 9.278080e+00  1.044109e-02 
 9.278478e+00  7.555672e-03 
 9.278875e+00  4.271913e-03 
 9.279273e+00  8.384537e-04 
 9.279671e+00 -2.672464e-03 
 9.280068e+00 -6.160394e-03 
 9.280466e+00 -9.349199e-03 
 9.280864e+00 -1.208483e-02 
 9.281261e+00 -1.417328e-02 
 9.281659e+00 -1.521224e-02 
 9.282057e+00 -1.512054e-02 
 9.282455e+00 -1.380572e-02 
 9.282852e+00 -1.119171e-02 
 9.283250e+00 -7.516208e-03 
 9.283648e+00 -2.950566e-03 
 9.284045e+00  2.241289e-03 
 9.284443e+00  7.698821e-03 
 9.284841e+00  1.303506e-02 
 9.285238e+00  1.801190e-02 
 9.285636e+00  2.222826e-02 
 9.286034e+00  2.532583e-02 
 9.286432e+00  2.720351e-02 
 9.286829e+00  2.762464e-02 
 9.287227e+00  2.649121e-02 
 9.287625e+00  2.381818e-02 
 9.288022e+00  1.984392e-02 
 9.288420e+00  1.493107e-02 
 9.288818e+00  9.386665e-03 
 9.289215e+00  3.796594e-03 
 9.289613e+00 -1.420852e-03 
 9.290011e+00 -5.858200e-03 
 9.290408e+00 -9.084009e-03 
 9.290806e+00 -1.090160e-02 
 9.291204e+00 -1.113538e-02 
 9.291602e+00 -9.855904e-03 
 9.291999e+00 -7.088346e-03 
 9.292397e+00 -3.070023e-03 
 9.292795e+00  1.845707e-03 
 9.293192e+00  7.275986e-03 
 9.293590e+00  1.260632e-02 
 9.293988e+00  1.745508e-02 
 9.294385e+00  2.137216e-02 
 9.294783e+00  2.407929e-02 
 9.295181e+00  2.541175e-02 
 9.295579e+00  2.519636e-02 
 9.295976e+00  2.348998e-02 
 9.296374e+00  2.048313e-02 
 9.296772e+00  1.647815e-02 
 9.297169e+00  1.168689e-02 
 9.297567e+00  6.583071e-03 
 9.297965e+00  1.719754e-03 
 9.298362e+00 -2.535857e-03 
 9.298760e+00 -5.798368e-03 
 9.299158e+00 -7.675803e-03 
 9.299555e+00 -8.082192e-03 
 9.299953e+00 -6.898259e-03 
 9.300351e+00 -3.979246e-03 
 9.300749e+00  5.236646e-04 
 9.301146e+00  6.376146e-03 
 9.301544e+00  1.314460e-02 
 9.301942e+00  2.030588e-02 
 9.302339e+00  2.721048e-02 
 9.302737e+00  3.353437e-02 
 9.303135e+00  3.862803e-02 
 9.303532e+00  4.212968e-02 
 9.303930e+00  4.377034e-02 
 9.304328e+00  4.344324e-02 
 9.304726e+00  4.119281e-02 
 9.305123e+00  3.711688e-02 
 9.305521e+00  3.161029e-02 
 9.305919e+00  2.491266e-02 
 9.306316e+00  1.752714e-02 
 9.306714e+00  1.004469e-02 
 9.307112e+00  2.931096e-03 
 9.307509e+00 -3.221718e-03 
 9.307907e+00 -8.067381e-03 
 9.308305e+00 -1.137770e-02 
 9.308702e+00 -1.289624e-02 
 9.309100e+00 -1.266243e-02 
 9.309498e+00 -1.088537e-02 
 9.309896e+00 -7.780748e-03 
 9.310293e+00 -3.557726e-03 
 9.310691e+00  1.444569e-03 
 9.311089e+00  6.752230e-03 
 9.311486e+00  1.206224e-02 
 9.311884e+00  1.695833e-02 
 9.312282e+00  2.096597e-02 
 9.312679e+00  2.381653e-02 
 9.313077e+00  2.531262e-02 
 9.313475e+00  2.523528e-02 
 9.313873e+00  2.373374e-02 
 9.314270e+00  2.101551e-02 
 9.314668e+00  1.722968e-02 
 9.315066e+00  1.271114e-02 
 9.315463e+00  7.820646e-03 
 9.315861e+00  2.925094e-03 
 9.316259e+00 -1.467397e-03 
 9.316656e+00 -4.886602e-03 
 9.317054e+00 -6.988765e-03 
 9.317452e+00 -7.585361e-03 
 9.317849e+00 -6.542214e-03 
 9.318247e+00 -3.897098e-03 
 9.318645e+00  9.709600e-05 
 9.319043e+00  5.225653e-03 
 9.319440e+00  1.096716e-02 
 9.319838e+00  1.684725e-02 
 9.320236e+00  2.258200e-02 
 9.320633e+00  2.750892e-02 
 9.321031e+00  3.124844e-02 
 9.321429e+00  3.340699e-02 
 9.321826e+00  3.370081e-02 
 9.322224e+00  3.196548e-02 
 9.322622e+00  2.831406e-02 
 9.323020e+00  2.295165e-02 
 9.323417e+00  1.621035e-02 
 9.323815e+00  8.676184e-03 
 9.324213e+00  8.645764e-04 
 9.324610e+00 -6.649484e-03 
 9.325008e+00 -1.335369e-02 
 9.325406e+00 -1.887911e-02 
 9.325803e+00 -2.295030e-02 
 9.326201e+00 -2.529906e-02 
 9.326599e+00 -2.569708e-02 
 9.326996e+00 -2.425608e-02 
 9.327394e+00 -2.101773e-02 
 9.327792e+00 -1.614074e-02 
 9.328190e+00 -1.000490e-02 
 9.328587e+00 -3.070989e-03 
 9.328985e+00  4.264373e-03 
 9.329383e+00  1.143959e-02 
 9.329780e+00  1.792330e-02 
 9.330178e+00  2.334298e-02 
 9.330576e+00  2.735555e-02 
 9.330973e+00  2.967874e-02 
 9.331371e+00  3.018301e-02 
 9.331769e+00  2.893560e-02 
 9.332167e+00  2.609325e-02 
 9.332564e+00  2.202734e-02 
 9.332962e+00  1.703899e-02 
 9.333360e+00  1.155338e-02 
 9.333757e+00  6.118028e-03 
 9.334155e+00  1.189907e-03 
 9.334553e+00 -2.889106e-03 
 9.334950e+00 -5.822369e-03 
 9.335348e+00 -7.257719e-03 
 9.335746e+00 -7.214135e-03 
 9.336143e+00 -5.791702e-03 
 9.336541e+00 -3.152417e-03 
 9.336939e+00  2.460763e-04 
 9.337337e+00  4.055023e-03 
 9.337734e+00  7.933640e-03 
 9.338132e+00  1.153774e-02 
 9.338530e+00  1.462670e-02 
 9.338927e+00  1.698300e-02 
 9.339325e+00  1.840686e-02 
 9.339723e+00  1.870786e-02 
 9.340120e+00  1.790041e-02 
 9.340518e+00  1.589219e-02 
 9.340916e+00  1.276617e-02 
 9.341314e+00  8.675518e-03 
 9.341711e+00  3.879313e-03 
 9.342109e+00 -1.363594e-03 
 9.342507e+00 -6.608063e-03 
 9.342904e+00 -1.146665e-02 
 9.343302e+00 -1.557297e-02 
 9.343700e+00 -1.854801e-02 
 9.344097e+00 -2.017168e-02 
 9.344495e+00 -2.033882e-02 
 9.344893e+00 -1.906220e-02 
 9.345290e+00 -1.642071e-02 
 9.345688e+00 -1.260772e-02 
 9.346086e+00 -7.952644e-03 
 9.346484e+00 -2.600047e-03 
 9.346881e+00  3.042377e-03 
 9.347279e+00  8.699401e-03 
 9.347677e+00  1.386903e-02 
 9.348074e+00  1.830085e-02 
 9.348472e+00  2.162406e-02 
 9.348870e+00  2.364200e-02 
 9.349267e+00  2.428412e-02 
 9.349665e+00  2.349153e-02 
 9.350063e+00  2.156967e-02 
 9.350461e+00  1.864737e-02 
 9.350858e+00  1.505116e-02 
 9.351256e+00  1.116630e-02 
 9.351654e+00  7.351162e-03 
 9.352051e+00  3.874576e-03 
 9.352449e+00  1.035855e-03 
 9.352847e+00 -9.834833e-04 
 9.353244e+00 -2.222300e-03 
 9.353642e+00 -2.833903e-03 
 9.354040e+00 -2.877678e-03 
 9.354437e+00 -2.456561e-03 
 9.354835e+00 -1.839916e-03 
 9.355233e+00 -1.120225e-03 
 9.355631e+00 -4.059663e-04 
 9.356028e+00  2.162949e-04 
 9.356426e+00  6.608628e-04 
 9.356824e+00  7.843586e-04 
 9.357221e+00  5.353636e-04 
 9.357619e+00 -4.393760e-05 
 9.358017e+00 -8.927919e-04 
 9.358414e+00 -1.924726e-03 
 9.358812e+00 -2.879280e-03 
 9.359210e+00 -3.607113e-03 
 9.359608e+00 -3.988028e-03 
 9.360005e+00 -3.966165e-03 
 9.360403e+00 -3.462390e-03 
 9.360801e+00 -2.560314e-03 
 9.361198e+00 -1.158583e-03 
 9.361596e+00  6.064469e-04 
 9.361994e+00  2.757617e-03 
 9.362391e+00  5.205129e-03 
 9.362789e+00  7.760794e-03 
 9.363187e+00  1.019000e-02 
 9.363584e+00  1.219391e-02 
 9.363982e+00  1.355042e-02 
 9.364380e+00  1.410701e-02 
 9.364778e+00  1.372290e-02 
 9.365175e+00  1.245153e-02 
 9.365573e+00  1.040246e-02 
 9.365971e+00  7.666386e-03 
 9.366368e+00  4.624894e-03 
 9.366766e+00  1.456063e-03 
 9.367164e+00 -1.441544e-03 
 9.367561e+00 -3.836474e-03 
 9.367959e+00 -5.592208e-03 
 9.368357e+00 -6.670804e-03 
 9.368755e+00 -7.048480e-03 
 9.369152e+00 -6.773601e-03 
 9.369550e+00 -5.990069e-03 
 9.369948e+00 -4.852511e-03 
 9.370345e+00 -3.338315e-03 
 9.370743e+00 -1.634511e-03 
 9.371141e+00 -2.895039e-05 
 9.371538e+00  1.333243e-03 
 9.371936e+00  2.235783e-03 
 9.372334e+00  2.564705e-03 
 9.372731e+00  2.183093e-03 
 9.373129e+00  1.077843e-03 
 9.373527e+00 -6.467705e-04 
 9.373925e+00 -2.878828e-03 
 9.374322e+00 -5.414572e-03 
 9.374720e+00 -8.090511e-03 
 9.375118e+00 -1.055132e-02 
 9.375515e+00 -1.262332e-02 
 9.375913e+00 -1.410103e-02 
 9.376311e+00 -1.484654e-02 
 9.376708e+00 -1.476187e-02 
 9.377106e+00 -1.381845e-02 
 9.377504e+00 -1.192714e-02 
 9.377902e+00 -8.980726e-03 
 9.378299e+00 -4.976891e-03 
 9.378697e+00 -1.517925e-04 
 9.379095e+00  5.407778e-03 
 9.379492e+00  1.124568e-02 
 9.379890e+00  1.719807e-02 
 9.380288e+00  2.275755e-02 
 9.380685e+00  2.748415e-02 
 9.381083e+00  3.106660e-02 
 9.381481e+00  3.321167e-02 
 9.381878e+00  3.375336e-02 
 9.382276e+00  3.249387e-02 
 9.382674e+00  2.951296e-02 
 9.383072e+00  2.502374e-02 
 9.383469e+00  1.932262e-02 
 9.383867e+00  1.285919e-02 
 9.384265e+00  6.065513e-03 
 9.384662e+00 -6.524969e-04 
 9.385060e+00 -6.896370e-03 
 9.385458e+00 -1.221362e-02 
 9.385855e+00 -1.629347e-02 
 9.386253e+00 -1.877167e-02 
 9.386651e+00 -1.944273e-02 
 9.387049e+00 -1.824648e-02 
 9.387446e+00 -1.541512e-02 
 9.387844e+00 -1.120692e-02 
 9.388242e+00 -6.005257e-03 
 9.388639e+00 -2.745784e-04 
 9.389037e+00  5.675962e-03 
 9.389435e+00  1.139691e-02 
 9.389832e+00  1.659188e-02 
 9.390230e+00  2.083122e-02 
 9.390628e+00  2.385356e-02 
 9.391025e+00  2.538080e-02 
 9.391423e+00  2.531951e-02 
 9.391821e+00  2.356639e-02 
 9.392219e+00  2.036523e-02 
 9.392616e+00  1.608950e-02 
 9.393014e+00  1.109394e-02 
 9.393412e+00  5.775819e-03 
 9.393809e+00  6.803562e-04 
 9.394207e+00 -3.580291e-03 
 9.394605e+00 -6.692159e-03 
 9.395002e+00 -8.311237e-03 
 9.395400e+00 -8.312448e-03 
 9.395798e+00 -6.695820e-03 
 9.396196e+00 -3.520547e-03 
 9.396593e+00  1.012096e-03 
 9.396991e+00  6.508170e-03 
 9.397389e+00  1.250872e-02 
 9.397786e+00  1.852311e-02 
 9.398184e+00  2.409955e-02 
 9.398582e+00  2.876412e-02 
 9.398979e+00  3.219568e-02 
 9.399377e+00  3.400118e-02 
 9.399775e+00  3.396160e-02 
 9.400172e+00  3.211994e-02 
 9.400570e+00  2.847403e-02 
 9.400968e+00  2.326536e-02 
 9.401366e+00  1.683294e-02 
 9.401763e+00  9.693633e-03 
 9.402161e+00  2.397765e-03 
 9.402559e+00 -4.491570e-03 
 9.402956e+00 -1.052277e-02 
 9.403354e+00 -1.529763e-02 
 9.403752e+00 -1.846126e-02 
 9.404149e+00 -1.991416e-02 
 9.404547e+00 -1.953456e-02 
 9.404945e+00 -1.727881e-02 
 9.405343e+00 -1.321403e-02 
 9.405740e+00 -7.673966e-03 
 9.406138e+00 -1.030074e-03 
 9.406536e+00  6.305190e-03 
 9.406933e+00  1.374325e-02 
 9.407331e+00  2.081361e-02 
 9.407729e+00  2.708026e-02 
 9.408126e+00  3.217372e-02 
 9.408524e+00  3.571729e-02 
 9.408922e+00  3.761045e-02 
 9.409319e+00  3.760231e-02 
 9.409717e+00  3.568698e-02 
 9.410115e+00  3.211108e-02 
 9.410513e+00  2.712674e-02 
 9.410910e+00  2.115340e-02 
 9.411308e+00  1.464975e-02 
 9.411706e+00  8.215984e-03 
 9.412103e+00  2.278214e-03 
 9.412501e+00 -2.631618e-03 
 9.412899e+00 -6.048832e-03 
 9.413296e+00 -7.676026e-03 
 9.413694e+00 -7.451593e-03 
 9.414092e+00 -5.405721e-03 
 9.414490e+00 -1.831078e-03 
 9.414887e+00  2.882068e-03 
 9.415285e+00  8.124734e-03 
 9.415683e+00  1.324025e-02 
 9.416080e+00  1.780479e-02 
 9.416478e+00  2.131854e-02 
 9.416876e+00  2.342704e-02 
 9.417273e+00  2.397125e-02 
 9.417671e+00  2.294249e-02 
 9.418069e+00  2.046902e-02 
 9.418466e+00  1.666411e-02 
 9.418864e+00  1.184739e-02 
 9.419262e+00  6.320271e-03 
 9.419660e+00  4.680374e-04 
 9.420057e+00 -5.289654e-03 
 9.420455e+00 -1.043820e-02 
 9.420853e+00 -1.450019e-02 
 9.421250e+00 -1.705150e-02 
 9.421648e+00 -1.790877e-02 
 9.422046e+00 -1.704156e-02 
 9.422443e+00 -1.445097e-02 
 9.422841e+00 -1.038877e-02 
 9.423239e+00 -5.190436e-03 
 9.423637e+00  9.152300e-04 
 9.424034e+00  7.590298e-03 
 9.424432e+00  1.434453e-02 
 9.424830e+00  2.076520e-02 
 9.425227e+00  2.643793e-02 
 9.425625e+00  3.104827e-02 
 9.426023e+00  3.422162e-02 
 9.426420e+00  3.576118e-02 
 9.426818e+00  3.558430e-02 
 9.427216e+00  3.376435e-02 
 9.427613e+00  3.049307e-02 
 9.428011e+00  2.599097e-02 
 9.428409e+00  2.056649e-02 
 9.428807e+00  1.462772e-02 
 9.429204e+00  8.618761e-03 
 9.429602e+00  2.968396e-03 
 9.430000e+00 -1.961830e-03 
 9.430397e+00 -5.857568e-03 
 9.430795e+00 -8.578355e-03 
 9.431193e+00 -9.984577e-03 
 9.431590e+00 -1.007209e-02 
 9.431988e+00 -8.945647e-03 
 9.432386e+00 -6.668006e-03 
 9.432784e+00 -3.541342e-03 
 9.433181e+00  1.211134e-04 
 9.433579e+00  4.066596e-03 
 9.433977e+00  7.892346e-03 
 9.434374e+00  1.132635e-02 
 9.434772e+00  1.404810e-02 
 9.435170e+00  1.601168e-02 
 9.435567e+00  1.707777e-02 
 9.435965e+00  1.715051e-02 
 9.436363e+00  1.642536e-02 
 9.436760e+00  1.495844e-02 
 9.437158e+00  1.291187e-02 
 9.437556e+00  1.044430e-02 
 9.437954e+00  7.749610e-03 
 9.438351e+00  5.140817e-03 
 9.438749e+00  2.809403e-03 
 9.439147e+00  8.325050e-04 
 9.439544e+00 -5.823072e-04 
 9.439942e+00 -1.217003e-03 
 9.440340e+00 -8.174477e-04 
 9.440737e+00  6.061437e-04 
 9.441135e+00  3.146289e-03 
 9.441533e+00  6.617236e-03 
 9.441931e+00  1.065930e-02 
 9.442328e+00  1.485436e-02 
 9.442726e+00  1.884193e-02 
 9.443124e+00  2.208247e-02 
 9.443521e+00  2.424504e-02 
 9.443919e+00  2.514278e-02 
 9.444317e+00  2.474504e-02 
 9.444714e+00  2.317996e-02 
 9.445112e+00  2.049231e-02 
 9.445510e+00  1.686618e-02 
 9.445907e+00  1.258016e-02 
 9.446305e+00  7.941900e-03 
 9.446703e+00  3.228097e-03 
 9.447101e+00 -1.295689e-03 
 9.447498e+00 -5.271278e-03 
 9.447896e+00 -8.487290e-03 
 9.448294e+00 -1.085878e-02 
 9.448691e+00 -1.238243e-02 
 9.449089e+00 -1.305513e-02 
 9.449487e+00 -1.301183e-02 
 9.449884e+00 -1.233252e-02 
 9.450282e+00 -1.117116e-02 
 9.450680e+00 -9.622767e-03 
 9.451078e+00 -7.856727e-03 
 9.451475e+00 -6.009581e-03 
 9.451873e+00 -4.222161e-03 
 9.452271e+00 -2.627261e-03 
 9.452668e+00 -1.155714e-03 
 9.453066e+00  6.904927e-05 
 9.453464e+00  1.056952e-03 
 9.453861e+00  1.866821e-03 
 9.454259e+00  2.385642e-03 
 9.454657e+00  2.748661e-03 
 9.455054e+00  3.025256e-03 
 9.455452e+00  3.285153e-03 
 9.455850e+00  3.691597e-03 
 9.456248e+00  4.446939e-03 
 9.456645e+00  5.541031e-03 
 9.457043e+00  7.011168e-03 
 9.457441e+00  8.813175e-03 
 9.457838e+00  1.064381e-02 
 9.458236e+00  1.216566e-02 
 9.458634e+00  1.328150e-02 
 9.459031e+00  1.380993e-02 
 9.459429e+00  1.359750e-02 
 9.459827e+00  1.267851e-02 
 9.460225e+00  1.113019e-02 
 9.460622e+00  9.031126e-03 
 9.461020e+00  6.351781e-03 
 9.461418e+00  3.108880e-03 
 9.461815e+00 -5.974975e-04 
 9.462213e+00 -4.500669e-03 
 9.462611e+00 -8.244065e-03 
 9.463008e+00 -1.159541e-02 
 9.463406e+00 -1.412013e-02 
 9.463804e+00 -1.563142e-02 
 9.464201e+00 -1.598440e-02 
 9.464599e+00 -1.531261e-02 
 9.464997e+00 -1.349905e-02 
 9.465395e+00 -1.080841e-02 
 9.465792e+00 -7.544357e-03 
 9.466190e+00 -3.866195e-03 
 9.466588e+00 -1.934374e-04 
 9.466985e+00  3.114394e-03 
 9.467383e+00  5.784724e-03 
 9.467781e+00  7.598033e-03 
 9.468178e+00  8.441760e-03 
 9.468576e+00  8.404162e-03 
 9.468974e+00  7.567677e-03 
 9.469372e+00  6.079626e-03 
 9.469769e+00  4.201657e-03 
 9.470167e+00  1.993184e-03 
 9.470565e+00 -5.821664e-04 
 9.470962e+00 -3.389270e-03 
 9.471360e+00 -6.165315e-03 
 9.471758e+00 -8.639691e-03 
 9.472155e+00 -1.041016e-02 
 9.472553e+00 -1.106452e-02 
 9.472951e+00 -1.060524e-02 
 9.473348e+00 -8.995892e-03 
 9.473746e+00 -6.287812e-03 
 9.474144e+00 -2.870706e-03 
 9.474542e+00  1.031840e-03 
 9.474939e+00  5.263559e-03 
 9.475337e+00  9.483040e-03 
 9.475735e+00  1.329880e-02 
 9.476132e+00  1.649830e-02 
 9.476530e+00  1.871405e-02 
 9.476928e+00  1.958866e-02 
 9.477325e+00  1.898026e-02 
 9.477723e+00  1.669090e-02 
 9.478121e+00  1.283039e-02 
 9.478519e+00  7.632360e-03 
 9.478916e+00  1.484194e-03 
 9.479314e+00 -5.173460e-03 
 9.479712e+00 -1.178839e-02 
 9.480109e+00 -1.781958e-02 
 9.480507e+00 -2.291691e-02 
 9.480905e+00 -2.655334e-02 
 9.481302e+00 -2.844299e-02 
 9.481700e+00 -2.844692e-02 
 9.482098e+00 -2.648488e-02 
 9.482495e+00 -2.248802e-02 
 9.482893e+00 -1.675704e-02 
 9.483291e+00 -9.653676e-03 
 9.483689e+00 -1.528169e-03 
 9.484086e+00  7.168346e-03 
 9.484484e+00  1.576297e-02 
 9.484882e+00  2.378738e-02 
 9.485279e+00  3.061896e-02 
 9.485677e+00  3.592528e-02 
 9.486075e+00  3.934813e-02 
 9.486472e+00  4.070913e-02 
 9.486870e+00  3.988246e-02 
 9.487268e+00  3.705647e-02 
 9.487666e+00  3.261747e-02 
 9.488063e+00  2.680844e-02 
 9.488461e+00  2.021007e-02 
 9.488859e+00  1.334791e-02 
 9.489256e+00  6.515846e-03 
 9.489654e+00  2.676812e-04 
 9.490052e+00 -4.898827e-03 
 9.490449e+00 -8.692158e-03 
 9.490847e+00 -1.087832e-02 
 9.491245e+00 -1.118601e-02 
 9.491642e+00 -9.633946e-03 
 9.492040e+00 -6.259769e-03 
 9.492438e+00 -1.499739e-03 
 9.492836e+00  4.103385e-03 
 9.493233e+00  9.967995e-03 
 9.493631e+00  1.547720e-02 
 9.494029e+00  2.011215e-02 
 9.494426e+00  2.351738e-02 
 9.494824e+00  2.531882e-02 
 9.495222e+00  2.535238e-02 
 9.495619e+00  2.354216e-02 
 9.496017e+00  2.016638e-02 
 9.496415e+00  1.555041e-02 
 9.496813e+00  1.008401e-02 
 9.497210e+00  4.180285e-03 
 9.497608e+00 -1.723041e-03 
 9.498006e+00 -7.315284e-03 
 9.498403e+00 -1.208813e-02 
 9.498801e+00 -1.574306e-02 
 9.499199e+00 -1.797266e-02 
 9.499596e+00 -1.858935e-02 
 9.499994e+00 -1.744715e-02 
 9.500392e+00 -1.442677e-02 
 9.500789e+00 -9.693106e-03 
 9.501187e+00 -3.450150e-03 
 9.501585e+00  3.952019e-03 
 9.501983e+00  1.189633e-02 
 9.502380e+00  1.988114e-02 
 9.502778e+00  2.744459e-02 
 9.503176e+00  3.401995e-02 
 9.503573e+00  3.918513e-02 
 9.503971e+00  4.260880e-02 
 9.504369e+00  4.393606e-02 
 9.504766e+00  4.312467e-02 
 9.505164e+00  4.014040e-02 
 9.505562e+00  3.510443e-02 
 9.505960e+00  2.848989e-02 
 9.506357e+00  2.074227e-02 
 9.506755e+00  1.235433e-02 
 9.507153e+00  3.971621e-03 
 9.507550e+00 -3.614846e-03 
 9.507948e+00 -9.727513e-03 
 9.508346e+00 -1.404167e-02 
 9.508743e+00 -1.625401e-02 
 9.509141e+00 -1.634505e-02 
 9.509539e+00 -1.453368e-02 
 9.509936e+00 -1.095661e-02 
 9.510334e+00 -6.002173e-03 
 9.510732e+00 -6.255379e-05 
 9.511130e+00  6.385798e-03 
 9.511527e+00  1.275567e-02 
 9.511925e+00  1.850706e-02 
 9.512323e+00  2.328899e-02 
 9.512720e+00  2.656089e-02 
 9.513118e+00  2.809082e-02 
 9.513516e+00  2.781843e-02 
 9.513913e+00  2.593796e-02 
 9.514311e+00  2.268836e-02 
 9.514709e+00  1.842938e-02 
 9.515107e+00  1.373536e-02 
 9.515504e+00  9.170340e-03 
 9.515902e+00  5.056652e-03 
 9.516300e+00  1.727771e-03 
 9.516697e+00 -5.290957e-04 
 9.517095e+00 -1.595143e-03 
 9.517493e+00 -1.282912e-03 
 9.517890e+00  3.158263e-04 
 9.518288e+00  3.076082e-03 
 9.518686e+00  6.874655e-03 
 9.519083e+00  1.140628e-02 
 9.519481e+00  1.637643e-02 
 9.519879e+00  2.142020e-02 
 9.520277e+00  2.614894e-02 
 9.520674e+00  3.014812e-02 
 9.521072e+00  3.309028e-02 
 9.521470e+00  3.466805e-02 
 9.521867e+00  3.456230e-02 
 9.522265e+00  3.267537e-02 
 9.522663e+00  2.897519e-02 
 9.523060e+00  2.364648e-02 
 9.523458e+00  1.714576e-02 
 9.523856e+00  1.000569e-02 
 9.524254e+00  2.726983e-03 
 9.524651e+00 -4.272161e-03 
 9.525049e+00 -1.033102e-02 
 9.525447e+00 -1.525189e-02 
 9.525844e+00 -1.873544e-02 
 9.526242e+00 -2.049777e-02 
 9.526640e+00 -2.063584e-02 
 9.527037e+00 -1.921422e-02 
 9.527435e+00 -1.634479e-02 
 9.527833e+00 -1.231515e-02 
 9.528230e+00 -7.384321e-03 
 9.528628e+00 -1.914488e-03 
 9.529026e+00  3.653656e-03 
 9.529424e+00  8.989888e-03 
 9.529821e+00  1.388399e-02 
 9.530219e+00  1.799086e-02 
 9.530617e+00  2.105053e-02 
 9.531014e+00  2.298533e-02 
 9.531412e+00  2.382157e-02 
 9.531810e+00  2.348601e-02 
 9.532207e+00  2.208225e-02 
 9.532605e+00  1.972310e-02 
 9.533003e+00  1.662396e-02 
 9.533401e+00  1.306672e-02 
 9.533798e+00  9.381923e-03 
 9.534196e+00  5.937315e-03 
 9.534594e+00  3.041502e-03 
 9.534991e+00  1.000978e-03 
 9.535389e+00 -4.496228e-05 
 9.535787e+00  3.019455e-05 
 9.536184e+00  1.226127e-03 
 9.536582e+00  3.218243e-03 
 9.536980e+00  5.764672e-03 
 9.537377e+00  8.645339e-03 
 9.537775e+00  1.151670e-02 
 9.538173e+00  1.394665e-02 
 9.538571e+00  1.568748e-02 
 9.538968e+00  1.667924e-02 
 9.539366e+00  1.669345e-02 
 9.539764e+00  1.576180e-02 
 9.540161e+00  1.398936e-02 
 9.540559e+00  1.131789e-02 
 9.540957e+00  7.923323e-03 
 9.541354e+00  4.098882e-03 
 9.541752e+00  2.093509e-05 
 9.542150e+00 -3.920450e-03 
 9.542548e+00 -7.311128e-03 
 9.542945e+00 -9.964888e-03 
 9.543343e+00 -1.160510e-02 
 9.543741e+00 -1.214267e-02 
 9.544138e+00 -1.163999e-02 
 9.544536e+00 -1.019660e-02 
 9.544934e+00 -8.046954e-03 
 9.545331e+00 -5.427359e-03 
 9.545729e+00 -2.530215e-03 
 9.546127e+00  5.198702e-04 
 9.546524e+00  3.508692e-03 
 9.546922e+00  6.245563e-03 
 9.547320e+00  8.704233e-03 
 9.547718e+00  1.065568e-02 
 9.548115e+00  1.202266e-02 
 9.548513e+00  1.290439e-02 
 9.548911e+00  1.320252e-02 
 9.549308e+00  1.292123e-02 
 9.549706e+00  1.214967e-02 
 9.550104e+00  1.093637e-02 
 9.550501e+00  9.303551e-03 
 9.550899e+00  7.292481e-03 
 9.551297e+00  5.015035e-03 
 9.551695e+00  2.693547e-03 
 9.552092e+00  5.363204e-04 
 9.552490e+00 -1.363072e-03 
 9.552888e+00 -2.924561e-03 
 9.553285e+00 -4.088569e-03 
 9.553683e+00 -4.867404e-03 
 9.554081e+00 -5.395619e-03 
 9.554478e+00 -5.822707e-03 
 9.554876e+00 -6.181608e-03 
 9.555274e+00 -6.619318e-03 
 9.555671e+00 -7.258645e-03 
 9.556069e+00 -8.180846e-03 
 9.556467e+00 -9.302075e-03 
 9.556865e+00 -1.064516e-02 
 9.557262e+00 -1.202763e-02 
 9.557660e+00 -1.321100e-02 
 9.558058e+00 -1.405014e-02 
 9.558455e+00 -1.441214e-02 
 9.558853e+00 -1.417833e-02 
 9.559251e+00 -1.325089e-02 
 9.559648e+00 -1.154710e-02 
 9.560046e+00 -9.088796e-03 
 9.560444e+00 -6.082971e-03 
 9.560842e+00 -2.557614e-03 
 9.561239e+00  1.328823e-03 
 9.561637e+00  5.220364e-03 
 9.562035e+00  8.956649e-03 
 9.562432e+00  1.232472e-02 
 9.562830e+00  1.510639e-02 
 9.563228e+00  1.718716e-02 
 9.563625e+00  1.852670e-02 
 9.564023e+00  1.896333e-02 
 9.564421e+00  1.847097e-02 
 9.564818e+00  1.712660e-02 
 9.565216e+00  1.489009e-02 
 9.565614e+00  1.191151e-02 
 9.566012e+00  8.400865e-03 
 9.566409e+00  4.645683e-03 
 9.566807e+00  9.413350e-04 
 9.567205e+00 -2.392771e-03 
 9.567602e+00 -5.102042e-03 
 9.568000e+00 -7.070797e-03 
 9.568398e+00 -8.144432e-03 
 9.568795e+00 -8.349106e-03 
 9.569193e+00 -7.648502e-03 
 9.569591e+00 -5.995527e-03 
 9.569989e+00 -3.577072e-03 
 9.570386e+00 -5.813878e-04 
 9.570784e+00  2.794385e-03 
 9.571182e+00  6.163696e-03 
 9.571579e+00  9.124996e-03 
 9.571977e+00  1.128345e-02 
 9.572375e+00  1.240955e-02 
 9.572772e+00  1.221750e-02 
 9.573170e+00  1.057210e-02 
 9.573568e+00  7.621597e-03 
 9.573965e+00  3.527408e-03 
 9.574363e+00 -1.341080e-03 
 9.574761e+00 -6.773498e-03 
 9.575159e+00 -1.203970e-02 
 9.575556e+00 -1.661973e-02 
 9.575954e+00 -2.006315e-02 
 9.576352e+00 -2.196749e-02 
 9.576749e+00 -2.206777e-02 
 9.577147e+00 -2.025803e-02 
 9.577545e+00 -1.649659e-02 
 9.577942e+00 -1.121825e-02 
 9.578340e+00 -4.663273e-03 
 9.578738e+00  2.812844e-03 
 9.579136e+00  1.064374e-02 
 9.579533e+00  1.836904e-02 
 9.579931e+00  2.563983e-02 
 9.580329e+00  3.187289e-02 
 9.580726e+00  3.665230e-02 
 9.581124e+00  3.971695e-02 
 9.581522e+00  4.070824e-02 
 9.581919e+00  3.951762e-02 
 9.582317e+00  3.609524e-02 
 9.582715e+00  3.068110e-02 
 9.583112e+00  2.362750e-02 
 9.583510e+00  1.547644e-02 
 9.583908e+00  6.673277e-03 
 9.584306e+00 -2.165722e-03 
 9.584703e+00 -1.031912e-02 
 9.585101e+00 -1.718376e-02 
 9.585499e+00 -2.223632e-02 
 9.585896e+00 -2.516302e-02 
 9.586294e+00 -2.586144e-02 
 9.586692e+00 -2.438413e-02 
 9.587089e+00 -2.087582e-02 
 9.587487e+00 -1.564612e-02 
 9.587885e+00 -9.169974e-03 
 9.588283e+00 -1.956772e-03 
 9.588680e+00  5.584827e-03 
 9.589078e+00  1.291752e-02 
 9.589476e+00  1.950647e-02 
 9.589873e+00  2.498257e-02 
 9.590271e+00  2.891242e-02 
 9.590669e+00  3.101263e-02 
 9.591066e+00  3.124853e-02 
 9.591464e+00  2.975060e-02 
 9.591862e+00  2.666509e-02 
 9.592259e+00  2.231307e-02 
 9.592657e+00  1.710562e-02 
 9.593055e+00  1.148033e-02 
 9.593453e+00  5.888095e-03 
 9.593850e+00  8.473444e-04 
 9.594248e+00 -3.250293e-03 
 9.594646e+00 -5.969895e-03 
 9.595043e+00 -7.104860e-03 
 9.595441e+00 -6.456934e-03 
 9.595839e+00 -4.081649e-03 
 9.596236e+00 -4.043729e-05 
 9.596634e+00  5.199951e-03 
 9.597032e+00  1.118112e-02 
 9.597430e+00  1.749085e-02 
 9.597827e+00  2.356707e-02 
 9.598225e+00  2.887393e-02 
 9.598623e+00  3.307095e-02 
 9.599020e+00  3.578573e-02 
 9.599418e+00  3.675623e-02 
 9.599816e+00  3.582896e-02 
 9.600213e+00  3.283276e-02 
 9.600611e+00  2.794506e-02 
 9.601009e+00  2.156692e-02 
 9.601406e+00  1.386558e-02 
 9.601804e+00  5.459543e-03 
 9.602202e+00 -3.135804e-03 
 9.602600e+00 -1.127666e-02 
 9.602997e+00 -1.848777e-02 
 9.603395e+00 -2.401926e-02 
 9.603793e+00 -2.755351e-02 
 9.604190e+00 -2.888715e-02 
 9.604588e+00 -2.786771e-02 
 9.604986e+00 -2.448600e-02 
 9.605383e+00 -1.904874e-02 
 9.605781e+00 -1.201804e-02 
 9.606179e+00 -3.915038e-03 
 9.606577e+00  4.587066e-03 
 9.606974e+00  1.291130e-02 
 9.607372e+00  2.048295e-02 
 9.607770e+00  2.683198e-02 
 9.608167e+00  3.158760e-02 
 9.608565e+00  3.462700e-02 
 9.608963e+00  3.586810e-02 
 9.609360e+00  3.534280e-02 
 9.609758e+00  3.305613e-02 
 9.610156e+00  2.929977e-02 
 9.610553e+00  2.443197e-02 
 9.610951e+00  1.891234e-02 
 9.611349e+00  1.324526e-02 
 9.611747e+00  7.759621e-03 
 9.612144e+00  2.974389e-03 
 9.612542e+00 -7.396756e-04 
 9.612940e+00 -3.193255e-03 
 9.613337e+00 -4.159480e-03 
 9.613735e+00 -3.629686e-03 
 9.614133e+00 -1.879004e-03 
 9.614530e+00  1.000888e-03 
 9.614928e+00  4.764041e-03 
 9.615326e+00  9.007661e-03 
 9.615724e+00  1.328869e-02 
 9.616121e+00  1.727513e-02 
 9.616519e+00  2.057517e-02 
 9.616917e+00  2.286944e-02 
 9.617314e+00  2.396865e-02 
 9.617712e+00  2.366203e-02 
 9.618110e+00  2.195619e-02 
 9.618507e+00  1.900030e-02 
 9.618905e+00  1.494142e-02 
 9.619303e+00  1.002904e-02 
 9.619700e+00  4.804038e-03 
 9.620098e+00 -3.937082e-04 
 9.620496e+00 -5.186476e-03 
 9.620894e+00 -9.059061e-03 
 9.621291e+00 -1.165724e-02 
 9.621689e+00 -1.277848e-02 
 9.622087e+00 -1.232654e-02 
 9.622484e+00 -1.031090e-02 
 9.622882e+00 -6.821048e-03 
 9.623280e+00 -2.004432e-03 
 9.623677e+00  3.811624e-03 
 9.624075e+00  1.017570e-02 
 9.624473e+00  1.672251e-02 
 9.624871e+00  2.289765e-02 
 9.625268e+00  2.824887e-02 
 9.625666e+00  3.235841e-02 
 9.626064e+00  3.483395e-02 
 9.626461e+00  3.554032e-02 
 9.626859e+00  3.444747e-02 
 9.627257e+00  3.190941e-02 
 9.627654e+00  2.812672e-02 
 9.628052e+00  2.336807e-02 
 9.628450e+00  1.797946e-02 
 9.628847e+00  1.231851e-02 
 9.629245e+00  6.621183e-03 
 9.629643e+00  1.276625e-03 
 9.630041e+00 -3.412881e-03 
 9.630438e+00 -7.254632e-03 
 9.630836e+00 -9.973947e-03 
 9.631234e+00 -1.137393e-02 
 9.631631e+00 -1.151863e-02 
 9.632029e+00 -1.057262e-02 
 9.632427e+00 -8.666940e-03 
 9.632824e+00 -6.013904e-03 
 9.633222e+00 -3.015471e-03 
 9.633620e+00  6.598406e-05 
 9.634018e+00  2.802613e-03 
 9.634415e+00  5.006467e-03 
 9.634813e+00  6.531267e-03 
 9.635211e+00  7.230695e-03 
 9.635608e+00  7.100800e-03 
 9.636006e+00  6.281476e-03 
 9.636404e+00  4.923554e-03 
 9.636801e+00  3.361437e-03 
 9.637199e+00  1.941736e-03 
 9.637597e+00  9.136548e-04 
 9.637994e+00  3.088914e-04 
 9.638392e+00  2.847977e-04 
 9.638790e+00  7.886602e-04 
 9.639188e+00  1.837216e-03 
 9.639585e+00  3.398838e-03 
 9.639983e+00  5.314226e-03 
 9.640381e+00  7.570374e-03 
 9.640778e+00  9.988996e-03 
 9.641176e+00  1.243069e-02 
 9.641574e+00  1.465421e-02 
 9.641971e+00  1.654580e-02 
 9.642369e+00  1.792537e-02 
 9.642767e+00  1.857749e-02 
 9.643165e+00  1.863459e-02 
 9.643562e+00  1.812567e-02 
 9.643960e+00  1.703458e-02 
 9.644358e+00  1.547136e-02 
 9.644755e+00  1.352130e-02 
 9.645153e+00  1.125264e-02 
 9.645551e+00  8.741504e-03 
 9.645948e+00  6.043970e-03 
 9.646346e+00  3.362912e-03 
 9.646744e+00  7.950250e-04 
 9.647141e+00 -1.480075e-03 
 9.647539e+00 -3.494558e-03 
 9.647937e+00 -5.139990e-03 
 9.648335e+00 -6.490110e-03 
 9.648732e+00 -7.513949e-03 
 9.649130e+00 -8.222415e-03 
 9.649528e+00 -8.657207e-03 
 9.649925e+00 -8.802262e-03 
 9.650323e+00 -8.667245e-03 
 9.650721e+00 -8.309027e-03 
 9.651118e+00 -7.796349e-03 
 9.651516e+00 -7.267442e-03 
 9.651914e+00 -6.841670e-03 
 9.652312e+00 -6.514606e-03 
 9.652709e+00 -6.280278e-03 
 9.653107e+00 -5.992348e-03 
 9.653505e+00 -5.589370e-03 
 9.653902e+00 -5.101164e-03 
 9.654300e+00 -4.332028e-03 
 9.654698e+00 -3.187789e-03 
 9.655095e+00 -1.582293e-03 
 9.655493e+00  4.701887e-04 
 9.655891e+00  3.013624e-03 
 9.656288e+00  5.951505e-03 
 9.656686e+00  9.089020e-03 
 9.657084e+00  1.221578e-02 
 9.657482e+00  1.492291e-02 
 9.657879e+00  1.700143e-02 
 9.658277e+00  1.827579e-02 
 9.658675e+00  1.857435e-02 
 9.659072e+00  1.790021e-02 
 9.659470e+00  1.633397e-02 
 9.659868e+00  1.389784e-02 
 9.660265e+00  1.070885e-02 
 9.660663e+00  6.900638e-03 
 9.661061e+00  2.579687e-03 
 9.661459e+00 -2.180558e-03 
 9.661856e+00 -7.113184e-03 
 9.662254e+00 -1.186105e-02 
 9.662652e+00 -1.604391e-02 
 9.663049e+00 -1.926861e-02 
 9.663447e+00 -2.130563e-02 
 9.663845e+00 -2.197455e-02 
 9.664242e+00 -2.124192e-02 
 9.664640e+00 -1.911512e-02 
 9.665038e+00 -1.567952e-02 
 9.665435e+00 -1.107520e-02 
 9.665833e+00 -5.578666e-03 
 9.666231e+00  2.755994e-04 
 9.666629e+00  6.071664e-03 
 9.667026e+00  1.133586e-02 
 9.667424e+00  1.559882e-02 
 9.667822e+00  1.847020e-02 
 9.668219e+00  1.981682e-02 
 9.668617e+00  1.960019e-02 
 9.669015e+00  1.801881e-02 
 9.669412e+00  1.538095e-02 
 9.669810e+00  1.197690e-02 
 9.670208e+00  7.950386e-03 
 9.670606e+00  3.646352e-03 
 9.671003e+00 -5.632750e-04 
 9.671401e+00 -4.251421e-03 
 9.671799e+00 -7.101414e-03 
 9.672196e+00 -8.783708e-03 
 9.672594e+00 -9.059715e-03 
 9.672992e+00 -7.788786e-03 
 9.673389e+00 -5.022820e-03 
 9.673787e+00 -1.042478e-03 
 9.674185e+00  3.984617e-03 
 9.674582e+00  9.577014e-03 
 9.674980e+00  1.523006e-02 
 9.675378e+00  2.058185e-02 
 9.675776e+00  2.511816e-02 
 9.676173e+00  2.831867e-02 
 9.676571e+00  2.993965e-02 
 9.676969e+00  2.956868e-02 
 9.677366e+00  2.716087e-02 
 9.677764e+00  2.267503e-02 
 9.678162e+00  1.656452e-02 
 9.678559e+00  9.226128e-03 
 9.678957e+00  1.314434e-03 
 9.679355e+00 -6.668265e-03 
 9.679753e+00 -1.435162e-02 
 9.680150e+00 -2.117580e-02 
 9.680548e+00 -2.680157e-02 
 9.680946e+00 -3.087498e-02 
 9.681343e+00 -3.304226e-02 
 9.681741e+00 -3.312793e-02 
 9.682139e+00 -3.096259e-02 
 9.682536e+00 -2.659279e-02 
 9.682934e+00 -2.014013e-02 
 9.683332e+00 -1.212072e-02 
 9.683729e+00 -3.034678e-03 
 9.684127e+00  6.459399e-03 
 9.684525e+00  1.567255e-02 
 9.684923e+00  2.404503e-02 
 9.685320e+00  3.101760e-02 
 9.685718e+00  3.613307e-02 
 9.686116e+00  3.911116e-02 
 9.686513e+00  3.972524e-02 
 9.686911e+00  3.797178e-02 
 9.687309e+00  3.404562e-02 
 9.687706e+00  2.828313e-02 
 9.688104e+00  2.119165e-02 
 9.688502e+00  1.341168e-02 
 9.688900e+00  5.557231e-03 
 9.689297e+00 -1.746375e-03 
 9.689695e+00 -8.134760e-03 
 9.690093e+00 -1.312854e-02 
 9.690490e+00 -1.639614e-02 
 9.690888e+00 -1.780106e-02 
 9.691286e+00 -1.726133e-02 
 9.691683e+00 -1.480443e-02 
 9.692081e+00 -1.057237e-02 
 9.692479e+00 -5.027908e-03 
 9.692876e+00  1.369982e-03 
 9.693274e+00  8.056739e-03 
 9.693672e+00  1.432965e-02 
 9.694070e+00  1.957261e-02 
 9.694467e+00  2.344051e-02 
 9.694865e+00  2.564484e-02 
 9.695263e+00  2.590373e-02 
 9.695660e+00  2.423763e-02 
 9.696058e+00  2.072568e-02 
 9.696456e+00  1.580503e-02 
 9.696853e+00  9.784548e-03 
 9.697251e+00  3.112437e-03 
 9.697649e+00 -3.474948e-03 
 9.698047e+00 -9.495112e-03 
 9.698444e+00 -1.435634e-02 
 9.698842e+00 -1.762862e-02 
 9.699240e+00 -1.907103e-02 
 9.699637e+00 -1.867322e-02 
 9.700035e+00 -1.641085e-02 
 9.700433e+00 -1.230872e-02 
 9.700830e+00 -6.552747e-03 
 9.701228e+00  6.659938e-04 
 9.701626e+00  8.846173e-03 
 9.702023e+00  1.746490e-02 
 9.702421e+00  2.583431e-02 
 9.702819e+00  3.324161e-02 
 9.703217e+00  3.909147e-02 
 9.703614e+00  4.296937e-02 
 9.704012e+00  4.462275e-02 
 9.704410e+00  4.401058e-02 
 9.704807e+00  4.120629e-02 
 9.705205e+00  3.647154e-02 
 9.705603e+00  3.019858e-02 
 9.706000e+00  2.274986e-02 
 9.706398e+00  1.475905e-02 
 9.706796e+00  6.755283e-03 
 9.707194e+00 -6.541233e-04 
 9.707591e+00 -7.027415e-03 
 9.707989e+00 -1.195885e-02 
 9.708387e+00 -1.511686e-02 
 9.708784e+00 -1.662920e-02 
 9.709182e+00 -1.647831e-02 
 9.709580e+00 -1.476895e-02 
 9.709977e+00 -1.173145e-02 
 9.710375e+00 -7.512325e-03 
 9.710773e+00 -2.480305e-03 
 9.711170e+00  3.004993e-03 
 9.711568e+00  8.536573e-03 
 9.711966e+00  1.360845e-02 
 9.712364e+00  1.786124e-02 
 9.712761e+00  2.095835e-02 
 9.713159e+00  2.264178e-02 
 9.713557e+00  2.288702e-02 
 9.713954e+00  2.188922e-02 
 9.714352e+00  1.988392e-02 
 9.714750e+00  1.699480e-02 
 9.715147e+00  1.359191e-02 
 9.715545e+00  9.940405e-03 
 9.715943e+00  6.325561e-03 
 9.716341e+00  3.188998e-03 
 9.716738e+00  9.192759e-04 
 9.717136e+00 -2.250655e-04 
 9.717534e+00 -1.026571e-04 
 9.717931e+00  1.311063e-03 
 9.718329e+00  3.973007e-03 
 9.718727e+00  7.621023e-03 
 9.719124e+00  1.203793e-02 
 9.719522e+00  1.683237e-02 
 9.719920e+00  2.173378e-02 
 9.720317e+00  2.628899e-02 
 9.720715e+00  3.017717e-02 
 9.721113e+00  3.312241e-02 
 9.721511e+00  3.476821e-02 
 9.721908e+00  3.487942e-02 
 9.722306e+00  3.337820e-02 
 9.722704e+00  3.033594e-02 
 9.723101e+00  2.590383e-02 
 9.723499e+00  2.047437e-02 
 9.723897e+00  1.435124e-02 
 9.724294e+00  8.160804e-03 
 9.724692e+00  2.303219e-03 
 9.725090e+00 -2.824877e-03 
 9.725488e+00 -6.864219e-03 
 9.725885e+00 -9.634290e-03 
 9.726283e+00 -1.099338e-02 
 9.726681e+00 -1.100406e-02 
 9.727078e+00 -9.672263e-03 
 9.727476e+00 -7.133168e-03 
 9.727874e+00 -3.582518e-03 
 9.728271e+00  6.465766e-04 
 9.728669e+00  5.247272e-03 
 9.729067e+00  9.887136e-03 
 9.729464e+00  1.413833e-02 
 9.729862e+00  1.783487e-02 
 9.730260e+00  2.075680e-02 
 9.730658e+00  2.280907e-02 
 9.731055e+00  2.372542e-02 
 9.731453e+00  2.347656e-02 
 9.731851e+00  2.220469e-02 
 9.732248e+00  2.001027e-02 
 9.732646e+00  1.720462e-02 
 9.733044e+00  1.409507e-02 
 9.733441e+00  1.098762e-02 
 9.733839e+00  8.219097e-03 
 9.734237e+00  5.979555e-03 
 9.734635e+00  4.506029e-03 
 9.735032e+00  3.752622e-03 
 9.735430e+00  3.647839e-03 
 9.735828e+00  4.058983e-03 
 9.736225e+00  4.989757e-03 
 9.736623e+00  6.222289e-03 
 9.737021e+00  7.449395e-03 
 9.737418e+00  8.527084e-03 
 9.737816e+00  9.230668e-03 
 9.738214e+00  9.364819e-03 
 9.738611e+00  8.921281e-03 
 9.739009e+00  7.853260e-03 
 9.739407e+00  6.223274e-03 
 9.739805e+00  4.130250e-03 
 9.740202e+00  1.795429e-03 
 9.740600e+00 -6.382313e-04 
 9.740998e+00 -3.087947e-03 
 9.741395e+00 -5.404975e-03 
 9.741793e+00 -7.521200e-03 
 9.742191e+00 -9.235849e-03 
 9.742588e+00 -1.045678e-02 
 9.742986e+00 -1.111210e-02 
 9.743384e+00 -1.099666e-02 
 9.743782e+00 -1.015220e-02 
 9.744179e+00 -8.565863e-03 
 9.744577e+00 -6.383557e-03 
 9.744975e+00 -3.762192e-03 
 9.745372e+00 -8.856321e-04 
 9.745770e+00  2.034399e-03 
 9.746168e+00  4.839530e-03 
 9.746565e+00  7.324953e-03 
 9.746963e+00  9.328017e-03 
 9.747361e+00  1.066403e-02 
 9.747758e+00  1.142987e-02 
 9.748156e+00  1.151650e-02 
 9.748554e+00  1.096673e-02 
 9.748952e+00  9.966090e-03 
 9.749349e+00  8.639162e-03 
 9.749747e+00  7.237833e-03 
 9.750145e+00  5.896567e-03 
 9.750542e+00  4.748856e-03 
 9.750940e+00  3.856072e-03 
 9.751338e+00  3.296126e-03 
 9.751735e+00  3.053826e-03 
 9.752133e+00  3.113705e-03 
 9.752531e+00  3.535265e-03 
 9.752928e+00  4.157586e-03 
 9.753326e+00  4.738561e-03 
 9.753724e+00  5.178410e-03 
 9.754122e+00  5.220733e-03 
 9.754519e+00  4.619284e-03 
 9.754917e+00  3.269545e-03 
 9.755315e+00  1.256730e-03 
 9.755712e+00 -1.423061e-03 
 9.756110e+00 -4.589523e-03 
 9.756508e+00 -7.973685e-03 
 9.756905e+00 -1.137076e-02 
 9.757303e+00 -1.450830e-02 
 9.757701e+00 -1.707863e-02 
 9.758099e+00 -1.891379e-02 
 9.758496e+00 -1.971300e-02 
 9.758894e+00 -1.943876e-02 
 9.759292e+00 -1.800260e-02 
 9.759689e+00 -1.532373e-02 
 9.760087e+00 -1.154902e-02 
 9.760485e+00 -6.968624e-03 
 9.760882e+00 -1.823306e-03 
 9.761280e+00  3.626783e-03 
 9.761678e+00  8.985315e-03 
 9.762075e+00  1.396216e-02 
 9.762473e+00  1.819730e-02 
 9.762871e+00  2.139951e-02 
 9.763269e+00  2.336970e-02 
 9.763666e+00  2.392376e-02 
 9.764064e+00  2.307830e-02 
 9.764462e+00  2.075946e-02 
 9.764859e+00  1.711455e-02 
 9.765257e+00  1.242744e-02 
 9.765655e+00  7.081532e-03 
 9.766052e+00  1.546604e-03 
 9.766450e+00 -3.671072e-03 
 9.766848e+00 -8.191930e-03 
 9.767246e+00 -1.165867e-02 
 9.767643e+00 -1.384563e-02 
 9.768041e+00 -1.461890e-02 
 9.768439e+00 -1.400257e-02 
 9.768836e+00 -1.211548e-02 
 9.769234e+00 -9.196168e-03 
 9.769632e+00 -5.476574e-03 
 9.770029e+00 -1.216051e-03 
 9.770427e+00  3.281673e-03 
 9.770825e+00  7.554051e-03 
 9.771222e+00  1.126482e-02 
 9.771620e+00  1.408843e-02 
 9.772018e+00  1.573283e-02 
 9.772416e+00  1.611572e-02 
 9.772813e+00  1.508545e-02 
 9.773211e+00  1.268335e-02 
 9.773609e+00  8.991891e-03 
 9.774006e+00  4.203824e-03 
 9.774404e+00 -1.308937e-03 
 9.774802e+00 -7.010777e-03 
 9.775199e+00 -1.254985e-02 
 9.775597e+00 -1.722671e-02 
 9.775995e+00 -2.055236e-02 
 9.776393e+00 -2.211939e-02 
 9.776790e+00 -2.182161e-02 
 9.777188e+00 -1.964382e-02 
 9.777586e+00 -1.565262e-02 
 9.777983e+00 -1.012782e-02 
 9.778381e+00 -3.240964e-03 
 9.778779e+00  4.633286e-03 
 9.779176e+00  1.292314e-02 
 9.779574e+00  2.113027e-02 
 9.779972e+00  2.869691e-02 
 9.780369e+00  3.504840e-02 
 9.780767e+00  3.963101e-02 
 9.781165e+00  4.212459e-02 
 9.781563e+00  4.230775e-02 
 9.781960e+00  4.016437e-02 
 9.782358e+00  3.581916e-02 
 9.782756e+00  2.935901e-02 
 9.783153e+00  2.129720e-02 
 9.783551e+00  1.206500e-02 
 9.783949e+00  2.309347e-03 
 9.784346e+00 -7.298599e-03 
 9.784744e+00 -1.608400e-02 
 9.785142e+00 -2.342147e-02 
 9.785540e+00 -2.880158e-02 
 9.785937e+00 -3.175045e-02 
 9.786335e+00 -3.220524e-02 
 9.786733e+00 -3.022822e-02 
 9.787130e+00 -2.610010e-02 
 9.787528e+00 -2.008480e-02 
 9.787926e+00 -1.257968e-02 
 9.788323e+00 -4.338152e-03 
 9.788721e+00  4.119754e-03 
 9.789119e+00  1.205006e-02 
 9.789516e+00  1.894702e-02 
 9.789914e+00  2.433957e-02 
 9.790312e+00  2.793038e-02 
 9.790710e+00  2.945551e-02 
 9.791107e+00  2.895354e-02 
 9.791505e+00  2.644809e-02 
 9.791903e+00  2.228137e-02 
 9.792300e+00  1.687709e-02 
 9.792698e+00  1.051571e-02 
 9.793096e+00  3.642361e-03 
 9.793493e+00 -3.060609e-03 
 9.793891e+00 -8.952437e-03 
 9.794289e+00 -1.341519e-02 
 9.794687e+00 -1.601757e-02 
 9.795084e+00 -1.631959e-02 
 9.795482e+00 -1.437029e-02 
 9.795880e+00 -1.022832e-02 
 9.796277e+00 -4.232285e-03 
 9.796675e+00  3.190631e-03 
 9.797073e+00  1.131367e-02 
 9.797470e+00  1.944574e-02 
 9.797868e+00  2.694618e-02 
 9.798266e+00  3.324097e-02 
 9.798663e+00  3.785372e-02 
 9.799061e+00  4.043274e-02 
 9.799459e+00  4.074882e-02 
 9.799857e+00  3.876615e-02 
 9.800254e+00  3.457329e-02 
 9.800652e+00  2.842899e-02 
 9.801050e+00  2.079738e-02 
 9.801447e+00  1.222495e-02 
 9.801845e+00  3.323967e-03 
 9.802243e+00 -5.201080e-03 
 9.802640e+00 -1.273604e-02 
 9.803038e+00 -1.886312e-02 
 9.803436e+00 -2.304561e-02 
 9.803834e+00 -2.502901e-02 
 9.804231e+00 -2.473929e-02 
 9.804629e+00 -2.220847e-02 
 9.805027e+00 -1.758761e-02 
 9.805424e+00 -1.112380e-02 
 9.805822e+00 -3.327935e-03 
 9.806220e+00  5.173795e-03 
 9.806617e+00  1.376991e-02 
 9.807015e+00  2.187820e-02 
 9.807413e+00  2.894186e-02 
 9.807810e+00  3.456714e-02 
 9.808208e+00  3.850199e-02 
 9.808606e+00  4.053671e-02 
 9.809004e+00  4.067828e-02 
 9.809401e+00  3.908048e-02 
 9.809799e+00  3.601744e-02 
 9.810197e+00  3.177098e-02 
 9.810594e+00  2.652514e-02 
 9.810992e+00  2.078023e-02 
 9.811390e+00  1.496567e-02 
 9.811787e+00  9.502525e-03 
 9.812185e+00  4.787049e-03 
 9.812583e+00  1.100227e-03 
 9.812981e+00 -1.333111e-03 
 9.813378e+00 -2.440641e-03 
 9.813776e+00 -2.147412e-03 
 9.814174e+00 -4.678834e-04 
 9.814571e+00  2.459877e-03 
 9.814969e+00  6.194863e-03 
 9.815367e+00  1.034751e-02 
 9.815764e+00  1.450887e-02 
 9.816162e+00  1.806621e-02 
 9.816560e+00  2.058844e-02 
 9.816957e+00  2.184410e-02 
 9.817355e+00  2.174231e-02 
 9.817753e+00  2.047946e-02 
 9.818151e+00  1.820273e-02 
 9.818548e+00  1.522124e-02 
 9.818946e+00  1.171001e-02 
 9.819344e+00  7.824222e-03 
 9.819741e+00  3.839022e-03 
 9.820139e+00  5.022094e-05 
 9.820537e+00 -3.205870e-03 
 9.820934e+00 -5.690442e-03 
 9.821332e+00 -7.047171e-03 
 9.821730e+00 -7.120757e-03 
 9.822128e+00 -6.008506e-03 
 9.822525e+00 -3.727442e-03 
 9.822923e+00 -4.379173e-04 
 9.823321e+00  3.671114e-03 
 9.823718e+00  8.325492e-03 
 9.824116e+00  1.333337e-02 
 9.824514e+00  1.821486e-02 
 9.824911e+00  2.270877e-02 
 9.825309e+00  2.634419e-02 
 9.825707e+00  2.883883e-02 
 9.826104e+00  3.008383e-02 
 9.826502e+00  2.985879e-02 
 9.826900e+00  2.839036e-02 
 9.827298e+00  2.584682e-02 
 9.827695e+00  2.262305e-02 
 9.828093e+00  1.889323e-02 
 9.828491e+00  1.480845e-02 
 9.828888e+00  1.066081e-02 
 9.829286e+00  6.645566e-03 
 9.829684e+00  3.079235e-03 
 9.830081e+00  2.279006e-04 
 9.830479e+00 -1.729079e-03 
 9.830877e+00 -2.797688e-03 
 9.831275e+00 -3.090458e-03 
 9.831672e+00 -2.760244e-03 
 9.832070e+00 -2.076188e-03 
 9.832468e+00 -1.311475e-03 
 9.832865e+00 -6.810563e-04 
 9.833263e+00 -1.308988e-04 
 9.833661e+00  3.613100e-04 
 9.834058e+00  6.825295e-04 
 9.834456e+00  7.741276e-04 
 9.834854e+00  5.785205e-04 
 9.835251e+00  4.631028e-05 
 9.835649e+00 -7.789037e-04 
 9.836047e+00 -1.714350e-03 
 9.836445e+00 -2.592738e-03 
 9.836842e+00 -3.262832e-03 
 9.837240e+00 -3.603966e-03 
 9.837638e+00 -3.414680e-03 
 9.838035e+00 -2.626774e-03 
 9.838433e+00 -1.450825e-03 
 9.838831e+00  1.359985e-05 
 9.839228e+00  1.806777e-03 
 9.839626e+00  3.819157e-03 
 9.840024e+00  5.960646e-03 
 9.840422e+00  8.213280e-03 
 9.840819e+00  1.044124e-02 
 9.841217e+00  1.248540e-02 
 9.841615e+00  1.416733e-02 
 9.842012e+00  1.523222e-02 
 9.842410e+00  1.552902e-02 
 9.842808e+00  1.490129e-02 
 9.843205e+00  1.334494e-02 
 9.843603e+00  1.092871e-02 
 9.844001e+00  7.817209e-03 
 9.844398e+00  4.137464e-03 
 9.844796e+00  2.033712e-04 
 9.845194e+00 -3.589465e-03 
 9.845592e+00 -6.962990e-03 
 9.845989e+00 -9.601022e-03 
 9.846387e+00 -1.121650e-02 
 9.846785e+00 -1.177088e-02 
 9.847182e+00 -1.129695e-02 
 9.847580e+00 -9.897748e-03 
 9.847978e+00 -7.796083e-03 
 9.848375e+00 -5.377850e-03 
 9.848773e+00 -2.890391e-03 
 9.849171e+00 -5.184191e-04 
 9.849569e+00  1.640845e-03 
 9.849966e+00  3.408402e-03 
 9.850364e+00  4.608418e-03 
 9.850762e+00  5.135531e-03 
 9.851159e+00  4.863753e-03 
 9.851557e+00  3.785877e-03 
 9.851955e+00  1.967816e-03 
 9.852352e+00 -3.879343e-04 
 9.852750e+00 -2.934584e-03 
 9.853148e+00 -5.328789e-03 
 9.853545e+00 -7.282398e-03 
 9.853943e+00 -8.495220e-03 
 9.854341e+00 -8.849112e-03 
 9.854739e+00 -8.356896e-03 
 9.855136e+00 -6.845119e-03 
 9.855534e+00 -4.259177e-03 
 9.855932e+00 -6.731954e-04 
 9.856329e+00  3.611872e-03 
 9.856727e+00  8.460671e-03 
 9.857125e+00  1.342113e-02 
 9.857522e+00  1.806810e-02 
 9.857920e+00  2.194369e-02 
 9.858318e+00  2.483202e-02 
 9.858716e+00  2.641844e-02 
 9.859113e+00  2.651292e-02 
 9.859511e+00  2.514166e-02 
 9.859909e+00  2.225634e-02 
 9.860306e+00  1.802631e-02 
 9.860704e+00  1.252423e-02 
 9.861102e+00  6.142144e-03 
 9.861499e+00 -5.354105e-04 
 9.861897e+00 -7.118084e-03 
 9.862295e+00 -1.308497e-02 
 9.862692e+00 -1.800329e-02 
 9.863090e+00 -2.150634e-02 
 9.863488e+00 -2.341728e-02 
 9.863886e+00 -2.356129e-02 
 9.864283e+00 -2.192832e-02 
 9.864681e+00 -1.868859e-02 
 9.865079e+00 -1.400450e-02 
 9.865476e+00 -8.133139e-03 
 9.865874e+00 -1.411846e-03 
 9.866272e+00  5.555779e-03 
 9.866669e+00  1.217699e-02 
 9.867067e+00  1.779636e-02 
 9.867465e+00  2.198237e-02 
 9.867863e+00  2.437388e-02 
 9.868260e+00  2.490138e-02 
 9.868658e+00  2.377108e-02 
 9.869056e+00  2.117897e-02 
 9.869453e+00  1.748159e-02 
 9.869851e+00  1.298293e-02 
 9.870249e+00  8.025683e-03 
 9.870646e+00  2.813738e-03 
 9.871044e+00 -2.264248e-03 
 9.871442e+00 -6.697130e-03 
 9.871839e+00 -1.005437e-02 
 9.872237e+00 -1.202231e-02 
 9.872635e+00 -1.234076e-02 
 9.873033e+00 -1.082183e-02 
 9.873430e+00 -7.746118e-03 
 9.873828e+00 -3.194694e-03 
 9.874226e+00  2.330707e-03 
 9.874623e+00  8.397593e-03 
 9.875021e+00  1.445240e-02 
 9.875419e+00  2.005004e-02 
 9.875816e+00  2.462625e-02 
 9.876214e+00  2.778729e-02 
 9.876612e+00  2.902923e-02 
 9.877010e+00  2.813050e-02 
 9.877407e+00  2.518159e-02 
 9.877805e+00  2.033568e-02 
 9.878203e+00  1.380834e-02 
 9.878600e+00  6.190704e-03 
 9.878998e+00 -1.892477e-03 
 9.879396e+00 -9.905551e-03 
 9.879793e+00 -1.729110e-02 
 9.880191e+00 -2.352281e-02 
 9.880589e+00 -2.826648e-02 
 9.880986e+00 -3.121167e-02 
 9.881384e+00 -3.208383e-02 
 9.881782e+00 -3.075437e-02 
 9.882180e+00 -2.722931e-02 
 9.882577e+00 -2.177567e-02 
 9.882975e+00 -1.479253e-02 
 9.883373e+00 -6.677711e-03 
 9.883770e+00  2.132040e-03 
 9.884168e+00  1.093981e-02 
 9.884566e+00  1.923835e-02 
 9.884963e+00  2.661500e-02 
 9.885361e+00  3.253701e-02 
 9.885759e+00  3.663006e-02 
 9.886157e+00  3.868675e-02 
 9.886554e+00  3.848525e-02 
 9.886952e+00  3.595403e-02 
 9.887350e+00  3.139620e-02 
 9.887747e+00  2.529874e-02 
 9.888145e+00  1.815121e-02 
 9.888543e+00  1.067555e-02 
 9.888940e+00  3.427700e-03 
 9.889338e+00 -3.067863e-03 
 9.889736e+00 -8.402385e-03 
 9.890133e+00 -1.227000e-02 
 9.890531e+00 -1.448069e-02 
 9.890929e+00 -1.491257e-02 
 9.891327e+00 -1.364395e-02 
 9.891724e+00 -1.066590e-02 
 9.892122e+00 -6.240273e-03 
 9.892520e+00 -7.470006e-04 
 9.892917e+00  5.298642e-03 
 9.893315e+00  1.131253e-02 
 9.893713e+00  1.685647e-02 
 9.894110e+00  2.124676e-02 
 9.894508e+00  2.412244e-02 
 9.894906e+00  2.520838e-02 
 9.895304e+00  2.444468e-02 
 9.895701e+00  2.172108e-02 
 9.896099e+00  1.740987e-02 
 9.896497e+00  1.194066e-02 
 9.896894e+00  5.573381e-03 
 9.897292e+00 -1.045541e-03 
 9.897690e+00 -7.329791e-03 
 9.898087e+00 -1.268402e-02 
 9.898485e+00 -1.668260e-02 
 9.898883e+00 -1.908825e-02 
 9.899280e+00 -1.974829e-02 
 9.899678e+00 -1.849533e-02 
 9.900076e+00 -1.537326e-02 
 9.900474e+00 -1.066207e-02 
 9.900871e+00 -4.523088e-03 
 9.901269e+00  2.828863e-03 
 9.901667e+00  1.081081e-02 
 9.902064e+00  1.885041e-02 
 9.902462e+00  2.640891e-02 
 9.902860e+00  3.281573e-02 
 9.903257e+00  3.757589e-02 
 9.903655e+00  4.055235e-02 
 9.904053e+00  4.169071e-02 
 9.904451e+00  4.090195e-02 
 9.904848e+00  3.823570e-02 
 9.905246e+00  3.386702e-02 
 9.905644e+00  2.805041e-02 
 9.906041e+00  2.117705e-02 
 9.906439e+00  1.374479e-02 
 9.906837e+00  6.294920e-03 
 9.907234e+00 -4.014836e-04 
 9.907632e+00 -5.884176e-03 
 9.908030e+00 -9.702001e-03 
 9.908427e+00 -1.173056e-02 
 9.908825e+00 -1.194509e-02 
 9.909223e+00 -1.054793e-02 
 9.909621e+00 -7.707287e-03 
 9.910018e+00 -3.651846e-03 
 9.910416e+00  1.172072e-03 
 9.910814e+00  6.379876e-03 
 9.911211e+00  1.156930e-02 
 9.911609e+00  1.632233e-02 
 9.912007e+00  2.017055e-02 
 9.912404e+00  2.294654e-02 
 9.912802e+00  2.446324e-02 
 9.913200e+00  2.462871e-02 
 9.913598e+00  2.364465e-02 
 9.913995e+00  2.174781e-02 
 9.914393e+00  1.904825e-02 
 9.914791e+00  1.579505e-02 
 9.915188e+00  1.229877e-02 
 9.915586e+00  9.013546e-03 
 9.915984e+00  6.180381e-03 
 9.916381e+00  4.147684e-03 
 9.916779e+00  2.961516e-03 
 9.917177e+00  2.942467e-03 
 9.917574e+00  4.070257e-03 
 9.917972e+00  6.155432e-03 
 9.918370e+00  8.946973e-03 
 9.918768e+00  1.217167e-02 
 9.919165e+00  1.540941e-02 
 9.919563e+00  1.843122e-02 
 9.919961e+00  2.112808e-02 
 9.920358e+00  2.317507e-02 
 9.920756e+00  2.431024e-02 
 9.921154e+00  2.439646e-02 
 9.921551e+00  2.338309e-02 
 9.921949e+00  2.140147e-02 
 9.922347e+00  1.843011e-02 
 9.922745e+00  1.473138e-02 
 9.923142e+00  1.050104e-02 
 9.923540e+00  6.119210e-03 
 9.923938e+00  1.795625e-03 
 9.924335e+00 -2.128922e-03 
 9.924733e+00 -5.345171e-03 
 9.925131e+00 -7.687027e-03 
 9.925528e+00 -9.108173e-03 
 9.925926e+00 -9.482462e-03 
 9.926324e+00 -8.824634e-03 
 9.926721e+00 -7.387547e-03 
 9.927119e+00 -5.291877e-03 
 9.927517e+00 -2.740390e-03 
 9.927915e+00  6.299347e-05 
 9.928312e+00  2.842451e-03 
 9.928710e+00  5.321766e-03 
 9.929108e+00  7.429516e-03 
 9.929505e+00  8.966660e-03 
 9.929903e+00  9.948632e-03 
 9.930301e+00  1.042841e-02 
 9.930698e+00  1.042601e-02 
 9.931096e+00  1.015055e-02 
 9.931494e+00  9.686714e-03 
 9.931892e+00  9.203658e-03 
 9.932289e+00  8.844843e-03 
 9.932687e+00  8.579648e-03 
 9.933085e+00  8.540434e-03 
 9.933482e+00  8.678412e-03 
 9.933880e+00  9.051793e-03 
 9.934278e+00  9.582405e-03 
 9.934675e+00  1.030309e-02 
 9.935073e+00  1.128688e-02 
 9.935471e+00  1.234863e-02 
 9.935868e+00  1.348498e-02 
 9.936266e+00  1.457029e-02 
 9.936664e+00  1.524142e-02 
 9.937062e+00  1.536804e-02 
 9.937459e+00  1.484020e-02 
 9.937857e+00  1.352930e-02 
 9.938255e+00  1.134964e-02 
 9.938652e+00  8.342878e-03 
 9.939050e+00  4.701765e-03 
 9.939448e+00  7.638635e-04 
 9.939845e+00 -3.132221e-03 
 9.940243e+00 -6.747933e-03 
 9.940641e+00 -9.713359e-03 
 9.941039e+00 -1.186885e-02 
 9.941436e+00 -1.313397e-02 
 9.941834e+00 -1.340195e-02 
 9.942232e+00 -1.264246e-02 
 9.942629e+00 -1.094598e-02 
 9.943027e+00 -8.387355e-03 
 9.943425e+00 -5.038519e-03 
 9.943822e+00 -1.122760e-03 
 9.944220e+00  3.045105e-03 
 9.944618e+00  7.029381e-03 
 9.945015e+00  1.056679e-02 
 9.945413e+00  1.346856e-02 
 9.945811e+00  1.544492e-02 
 9.946209e+00  1.641839e-02 
 9.946606e+00  1.635815e-02 
 9.947004e+00  1.532167e-02 
 9.947402e+00  1.342379e-02 
 9.947799e+00  1.085884e-02 
 9.948197e+00  7.866757e-03 
 9.948595e+00  4.660839e-03 
 9.948992e+00  1.561228e-03 
 9.949390e+00 -1.145304e-03 
 9.949788e+00 -3.039868e-03 
 9.950186e+00 -4.081896e-03 
 9.950583e+00 -4.291956e-03 
 9.950981e+00 -3.633556e-03 
 9.951379e+00 -2.151706e-03 
 9.951776e+00  4.802632e-05 
 9.952174e+00  2.812372e-03 
 9.952572e+00  6.054751e-03 
 9.952969e+00  9.403063e-03 
 9.953367e+00  1.254127e-02 
 9.953765e+00  1.516546e-02 
 9.954162e+00  1.683931e-02 
 9.954560e+00  1.719167e-02 
 9.954958e+00  1.605861e-02 
 9.955356e+00  1.345181e-02 
 9.955753e+00  9.541134e-03 
 9.956151e+00  4.626484e-03 
 9.956549e+00 -9.044129e-04 
 9.956946e+00 -6.701602e-03 
 9.957344e+00 -1.225324e-02 
 9.957742e+00 -1.717160e-02 
 9.958139e+00 -2.102809e-02 
 9.958537e+00 -2.348468e-02 
 9.958935e+00 -2.439053e-02 
 9.959333e+00 -2.346128e-02 
 9.959730e+00 -2.072759e-02 
 9.960128e+00 -1.647759e-02 
 9.960526e+00 -1.104635e-02 
 9.960923e+00 -4.678771e-03 
 9.961321e+00  2.267519e-03 
 9.961719e+00  9.295487e-03 
 9.962116e+00  1.599361e-02 
 9.962514e+00  2.192774e-02 
 9.962912e+00  2.676265e-02 
 9.963309e+00  3.010524e-02 
 9.963707e+00  3.161813e-02 
 9.964105e+00  3.120252e-02 
 9.964503e+00  2.883240e-02 
 9.964900e+00  2.470125e-02 
 9.965298e+00  1.912003e-02 
 9.965696e+00  1.256001e-02 
 9.966093e+00  5.422455e-03 
 9.966491e+00 -1.802902e-03 
 9.966889e+00 -8.595997e-03 
 9.967286e+00 -1.440612e-02 
 9.967684e+00 -1.866355e-02 
 9.968082e+00 -2.121625e-02 
 9.968480e+00 -2.176646e-02 
 9.968877e+00 -2.016965e-02 
 9.969275e+00 -1.684084e-02 
 9.969673e+00 -1.208351e-02 
 9.970070e+00 -6.363081e-03 
 9.970468e+00 -2.729891e-04 
 9.970866e+00  5.722096e-03 
 9.971263e+00  1.111421e-02 
 9.971661e+00  1.549048e-02 
 9.972059e+00  1.837585e-02 
 9.972456e+00  1.951142e-02 
 9.972854e+00  1.867500e-02 
 9.973252e+00  1.601782e-02 
 9.973650e+00  1.176801e-02 
 9.974047e+00  6.287391e-03 
 9.974445e+00  1.247364e-05 
 9.974843e+00 -6.620004e-03 
 9.975240e+00 -1.310005e-02 
 9.975638e+00 -1.891177e-02 
 9.976036e+00 -2.344211e-02 
 9.976433e+00 -2.627006e-02 
 9.976831e+00 -2.709136e-02 
 9.977229e+00 -2.557996e-02 
 9.977627e+00 -2.182429e-02 
 9.978024e+00 -1.618212e-02 
 9.978422e+00 -9.004581e-03 
 9.978820e+00 -8.620538e-04 
 9.979217e+00  7.576520e-03 
 9.979615e+00  1.566050e-02 
 9.980013e+00  2.290373e-02 
 9.980410e+00  2.887988e-02 
 9.980808e+00  3.310623e-02 
 9.981206e+00  3.533505e-02 
 9.981603e+00  3.534995e-02 
 9.982001e+00  3.316128e-02 
 9.982399e+00  2.885939e-02 
 9.982797e+00  2.274646e-02 
 9.983194e+00  1.533310e-02 
 9.983592e+00  7.068114e-03 
 9.983990e+00 -1.582533e-03 
 9.984387e+00 -9.932627e-03 
 9.984785e+00 -1.733885e-02 
 9.985183e+00 -2.324245e-02 
 9.985580e+00 -2.721853e-02 
 9.985978e+00 -2.905426e-02 
 9.986376e+00 -2.856745e-02 
 9.986774e+00 -2.589284e-02 
 9.987171e+00 -2.133801e-02 
 9.987569e+00 -1.525651e-02 
 9.987967e+00 -8.155466e-03 
 9.988364e+00 -5.759562e-04 
 9.988762e+00  6.939606e-03 
 9.989160e+00  1.384288e-02 
 9.989557e+00  1.978926e-02 
 9.989955e+00  2.427264e-02 
 9.990353e+00  2.700733e-02 
 9.990750e+00  2.789879e-02 
 9.991148e+00  2.710192e-02 
 9.991546e+00  2.462362e-02 
 9.991944e+00  2.078393e-02 
 9.992341e+00  1.611883e-02 
 9.992739e+00  1.087780e-02 
 9.993137e+00  5.563102e-03 
 9.993534e+00  7.132644e-04 
 9.993932e+00 -3.277021e-03 
 9.994330e+00 -6.117581e-03 
 9.994727e+00 -7.438586e-03 
 9.995125e+00 -7.042374e-03 
 9.995523e+00 -4.775521e-03 
 9.995921e+00 -7.673800e-04 
 9.996318e+00  4.593455e-03 
 9.996716e+00  1.086708e-02 
 9.997114e+00  1.743738e-02 
 9.997511e+00  2.372685e-02 
 9.997909e+00  2.921005e-02 
 9.998307e+00  3.332463e-02 
 9.998704e+00  3.581034e-02 
 9.999102e+00  3.641886e-02 
 9.999500e+00  3.514226e-02 
 9.999897e+00  3.200228e-02 
 1.000030e+01  2.707548e-02 
 1.000069e+01  2.084180e-02 
 1.000109e+01  1.384358e-02 
 1.000149e+01  6.500023e-03 
 1.000189e+01 -5.685283e-04 
 1.000228e+01 -6.883642e-03 
 1.000268e+01 -1.215434e-02 
 1.000308e+01 -1.606481e-02 
 1.000348e+01 -1.846506e-02 
 1.000387e+01 -1.917265e-02 
 1.000427e+01 -1.810090e-02 
 1.000467e+01 -1.528381e-02 
 1.000507e+01 -1.068852e-02 
 1.000547e+01 -4.699790e-03 
 1.000586e+01  2.113297e-03 
 1.000626e+01  9.127860e-03 
 1.000666e+01  1.575898e-02 
 1.000706e+01  2.163577e-02 
 1.000745e+01  2.636901e-02 
 1.000785e+01  2.979309e-02 
 1.000825e+01  3.189707e-02 
 1.000865e+01  3.268455e-02 
 1.000904e+01  3.216993e-02 
 1.000944e+01  3.034160e-02 
 1.000984e+01  2.742168e-02 
 1.001024e+01  2.365496e-02 
 1.001064e+01  1.938837e-02 
 1.001103e+01  1.511293e-02 
 1.001143e+01  1.128713e-02 
 1.001183e+01  8.256640e-03 
 1.001223e+01  6.150254e-03 
 1.001262e+01  5.073768e-03 
 1.001302e+01  5.050677e-03 
 1.001342e+01  5.958035e-03 
 1.001382e+01  7.688978e-03 
 1.001421e+01  1.005436e-02 
 1.001461e+01  1.295550e-02 
 1.001501e+01  1.586823e-02 
 1.001541e+01  1.845139e-02 
 1.001581e+01  2.044196e-02 
 1.001620e+01  2.149212e-02 
 1.001660e+01  2.155879e-02 
 1.001700e+01  2.051585e-02 
 1.001740e+01  1.857128e-02 
 1.001779e+01  1.577755e-02 
 1.001819e+01  1.226364e-02 
 1.001859e+01  8.224161e-03 
 1.001899e+01  3.993489e-03 
 1.001938e+01 -9.061168e-05 
 1.001978e+01 -3.540813e-03 
 1.002018e+01 -5.926366e-03 
 1.002058e+01 -6.940090e-03 
 1.002098e+01 -6.447447e-03 
 1.002137e+01 -4.567566e-03 
 1.002177e+01 -1.595393e-03 
 1.002217e+01  2.067757e-03 
 1.002257e+01  6.253390e-03 
 1.002296e+01  1.065909e-02 
 1.002336e+01  1.507728e-02 
 1.002376e+01  1.915615e-02 
 1.002416e+01  2.270512e-02 
 1.002455e+01  2.548248e-02 
 1.002495e+01  2.724039e-02 
 1.002535e+01  2.777000e-02 
 1.002575e+01  2.704335e-02 
 1.002615e+01  2.517782e-02 
 1.002654e+01  2.233113e-02 
 1.002694e+01  1.881018e-02 
 1.002734e+01  1.490115e-02 
 1.002774e+01  1.096489e-02 
 1.002813e+01  7.128522e-03 
 1.002853e+01  3.752812e-03 
 1.002893e+01  1.242386e-03 
 1.002933e+01 -3.878117e-04 
 1.002972e+01 -1.109849e-03 
 1.003012e+01 -9.058545e-04 
 1.003052e+01  1.624656e-05 
 1.003092e+01  1.475429e-03 
 1.003132e+01  3.146545e-03 
 1.003171e+01  4.734733e-03 
 1.003211e+01  6.042168e-03 
 1.003251e+01  6.858348e-03 
 1.003291e+01  7.015344e-03 
 1.003330e+01  6.452398e-03 
 1.003370e+01  5.147901e-03 
 1.003410e+01  3.059865e-03 
 1.003450e+01  3.099322e-04 
 1.003489e+01 -2.783390e-03 
 1.003529e+01 -5.935828e-03 
 1.003569e+01 -8.947267e-03 
 1.003609e+01 -1.147675e-02 
 1.003649e+01 -1.312955e-02 
 1.003688e+01 -1.364493e-02 
 1.003728e+01 -1.287640e-02 
 1.003768e+01 -1.084845e-02 
 1.003808e+01 -7.722551e-03 
 1.003847e+01 -3.665771e-03 
 1.003887e+01  1.157970e-03 
 1.003927e+01  6.443736e-03 
 1.003967e+01  1.183404e-02 
 1.004006e+01  1.707086e-02 
 1.004046e+01  2.167823e-02 
 1.004086e+01  2.535144e-02 
 1.004126e+01  2.777542e-02 
 1.004166e+01  2.865033e-02 
 1.004205e+01  2.775085e-02 
 1.004245e+01  2.529600e-02 
 1.004285e+01  2.147093e-02 
 1.004325e+01  1.666553e-02 
 1.004364e+01  1.131840e-02 
 1.004404e+01  5.692523e-03 
 1.004444e+01  2.290876e-04 
 1.004484e+01 -4.653137e-03 
 1.004523e+01 -8.636086e-03 
 1.004563e+01 -1.159289e-02 
 1.004603e+01 -1.342042e-02 
 1.004643e+01 -1.391500e-02 
 1.004683e+01 -1.295780e-02 
 1.004722e+01 -1.075237e-02 
 1.004762e+01 -7.401818e-03 
 1.004802e+01 -3.260238e-03 
 1.004842e+01  1.145407e-03 
 1.004881e+01  5.419067e-03 
 1.004921e+01  9.152364e-03 
 1.004961e+01  1.199492e-02 
 1.005001e+01  1.371197e-02 
 1.005040e+01  1.402983e-02 
 1.005080e+01  1.309960e-02 
 1.005120e+01  1.100287e-02 
 1.005160e+01  7.825014e-03 
 1.005200e+01  3.839355e-03 
 1.005239e+01 -4.677394e-04 
 1.005279e+01 -4.821070e-03 
 1.005319e+01 -8.719243e-03 
 1.005359e+01 -1.190661e-02 
 1.005398e+01 -1.408822e-02 
 1.005438e+01 -1.508430e-02 
 1.005478e+01 -1.473599e-02 
 1.005518e+01 -1.304549e-02 
 1.005557e+01 -1.012860e-02 
 1.005597e+01 -5.831184e-03 
 1.005637e+01 -4.731302e-04 
 1.005677e+01  5.744932e-03 
 1.005717e+01  1.218085e-02 
 1.005756e+01  1.816334e-02 
 1.005796e+01  2.302080e-02 
 1.005836e+01  2.633311e-02 
 1.005876e+01  2.797973e-02 
 1.005915e+01  2.775218e-02 
 1.005955e+01  2.562906e-02 
 1.005995e+01  2.162738e-02 
 1.006035e+01  1.600632e-02 
 1.006074e+01  9.015681e-03 
 1.006114e+01  1.067349e-03 
 1.006154e+01 -7.455453e-03 
 1.006194e+01 -1.593275e-02 
 1.006234e+01 -2.367509e-02 
 1.006273e+01 -3.006160e-02 
 1.006313e+01 -3.445715e-02 
 1.006353e+01 -3.659006e-02 
 1.006393e+01 -3.639790e-02 
 1.006432e+01 -3.387926e-02 
 1.006472e+01 -2.919997e-02 
 1.006512e+01 -2.258558e-02 
 1.006552e+01 -1.451728e-02 
 1.006591e+01 -5.482501e-03 
 1.006631e+01  3.617148e-03 
 1.006671e+01  1.215035e-02 
 1.006711e+01  1.942870e-02 
 1.006751e+01  2.477526e-02 
 1.006790e+01  2.795806e-02 
 1.006830e+01  2.880843e-02 
 1.006870e+01  2.768652e-02 
 1.006910e+01  2.469820e-02 
 1.006949e+01  2.007646e-02 
 1.006989e+01  1.444574e-02 
 1.007029e+01  8.124622e-03 
 1.007069e+01  1.675080e-03 
 1.007109e+01 -4.179751e-03 
 1.007148e+01 -8.999278e-03 
 1.007188e+01 -1.229285e-02 
 1.007228e+01 -1.384387e-02 
 1.007268e+01 -1.349762e-02 
 1.007307e+01 -1.135584e-02 
 1.007347e+01 -7.712304e-03 
 1.007387e+01 -2.858767e-03 
 1.007427e+01  2.885475e-03 
 1.007466e+01  9.236417e-03 
 1.007506e+01  1.555048e-02 
 1.007546e+01  2.133651e-02 
 1.007586e+01  2.600874e-02 
 1.007626e+01  2.902058e-02 
 1.007665e+01  3.004206e-02 
 1.007705e+01  2.879691e-02 
 1.007745e+01  2.517910e-02 
 1.007785e+01  1.940016e-02 
 1.007824e+01  1.193960e-02 
 1.007864e+01  3.366200e-03 
 1.007904e+01 -5.635745e-03 
 1.007944e+01 -1.442087e-02 
 1.007983e+01 -2.243461e-02 
 1.008023e+01 -2.908167e-02 
 1.008063e+01 -3.389122e-02 
 1.008103e+01 -3.636907e-02 
 1.008143e+01 -3.645090e-02 
 1.008182e+01 -3.421821e-02 
 1.008222e+01 -2.966210e-02 
 1.008262e+01 -2.318477e-02 
 1.008302e+01 -1.516463e-02 
 1.008341e+01 -6.066795e-03 
 1.008381e+01  3.470894e-03 
 1.008421e+01  1.296968e-02 
 1.008461e+01  2.177306e-02 
 1.008500e+01  2.933436e-02 
 1.008540e+01  3.513497e-02 
 1.008580e+01  3.872335e-02 
 1.008620e+01  3.981041e-02 
 1.008660e+01  3.842749e-02 
 1.008699e+01  3.468763e-02 
 1.008739e+01  2.900984e-02 
 1.008779e+01  2.189968e-02 
 1.008819e+01  1.401121e-02 
 1.008858e+01  6.093899e-03 
 1.008898e+01 -1.167105e-03 
 1.008938e+01 -7.192407e-03 
 1.008978e+01 -1.156538e-02 
 1.009017e+01 -1.394440e-02 
 1.009057e+01 -1.415773e-02 
 1.009097e+01 -1.222989e-02 
 1.009137e+01 -8.496660e-03 
 1.009177e+01 -3.409928e-03 
 1.009216e+01  2.674462e-03 
 1.009256e+01  8.982579e-03 
 1.009296e+01  1.499732e-02 
 1.009336e+01  2.026803e-02 
 1.009375e+01  2.431245e-02 
 1.009415e+01  2.684683e-02 
 1.009455e+01  2.772152e-02 
 1.009495e+01  2.688083e-02 
 1.009534e+01  2.424579e-02 
 1.009574e+01  2.004334e-02 
 1.009614e+01  1.464010e-02 
 1.009654e+01  8.552268e-03 
 1.009694e+01  2.384794e-03 
 1.009733e+01 -3.414303e-03 
 1.009773e+01 -8.271642e-03 
 1.009813e+01 -1.169621e-02 
 1.009853e+01 -1.336434e-02 
 1.009892e+01 -1.311579e-02 
 1.009932e+01 -1.100183e-02 
 1.009972e+01 -7.242312e-03 
 1.010012e+01 -2.044009e-03 
 1.010051e+01  4.113316e-03 
 1.010091e+01  1.088933e-02 
 1.010131e+01  1.778686e-02 
 1.010171e+01  2.440407e-02 
 1.010211e+01  3.033060e-02 
 1.010250e+01  3.513645e-02 
 1.010290e+01  3.859674e-02 
 1.010330e+01  4.040258e-02 
 1.010370e+01  4.037951e-02 
 1.010409e+01  3.852199e-02 
 1.010449e+01  3.508810e-02 
 1.010489e+01  3.034139e-02 
 1.010529e+01  2.455506e-02 
 1.010568e+01  1.823539e-02 
 1.010608e+01  1.177721e-02 
 1.010648e+01  5.567498e-03 
 1.010688e+01  3.695919e-05 
 1.010728e+01 -4.367818e-03 
 1.010767e+01 -7.528369e-03 
 1.010807e+01 -9.172295e-03 
 1.010847e+01 -9.326092e-03 
 1.010887e+01 -8.173430e-03 
 1.010926e+01 -5.938712e-03 
 1.010966e+01 -3.088465e-03 
 1.011006e+01  1.253876e-04 
 1.011046e+01  3.273047e-03 
 1.011085e+01  6.180225e-03 
 1.011125e+01  8.658213e-03 
 1.011165e+01  1.042625e-02 
 1.011205e+01  1.144710e-02 
 1.011245e+01  1.172168e-02 
 1.011284e+01  1.130196e-02 
 1.011324e+01  1.025053e-02 
 1.011364e+01  8.655324e-03 
 1.011404e+01  6.693284e-03 
 1.011443e+01  4.715713e-03 
 1.011483e+01  3.001180e-03 
 1.011523e+01  1.617188e-03 
 1.011563e+01  9.509916e-04 
 1.011602e+01  9.212121e-04 
 1.011642e+01  1.692468e-03 
 1.011682e+01  3.382125e-03 
 1.011722e+01  5.951329e-03 
 1.011762e+01  9.237951e-03 
 1.011801e+01  1.302990e-02 
 1.011841e+01  1.711635e-02 
 1.011881e+01  2.106364e-02 
 1.011921e+01  2.448237e-02 
 1.011960e+01  2.699869e-02 
 1.012000e+01  2.838103e-02 
 1.012040e+01  2.857452e-02 
 1.012080e+01  2.746499e-02 
 1.012119e+01  2.514419e-02 
 1.012159e+01  2.173928e-02 
 1.012199e+01  1.754328e-02 
 1.012239e+01  1.289120e-02 
 1.012279e+01  7.998807e-03 
 1.012318e+01  3.208141e-03 
 1.012358e+01 -1.084067e-03 
 1.012398e+01 -4.561052e-03 
 1.012438e+01 -6.988642e-03 
 1.012477e+01 -8.126749e-03 
 1.012517e+01 -7.994975e-03 
 1.012557e+01 -6.776434e-03 
 1.012597e+01 -4.534751e-03 
 1.012636e+01 -1.627184e-03 
 1.012676e+01  1.623040e-03 
 1.012716e+01  4.841147e-03 
 1.012756e+01  7.670759e-03 
 1.012796e+01  9.996636e-03 
 1.012835e+01  1.151753e-02 
 1.012875e+01  1.214246e-02 
 1.012915e+01  1.180679e-02 
 1.012955e+01  1.066805e-02 
 1.012994e+01  8.862960e-03 
 1.013034e+01  6.608343e-03 
 1.013074e+01  4.254576e-03 
 1.013114e+01  1.944232e-03 
 1.013153e+01 -9.528773e-05 
 1.013193e+01 -1.626535e-03 
 1.013233e+01 -2.333199e-03 
 1.013273e+01 -2.062452e-03 
 1.013313e+01 -6.098147e-04 
 1.013352e+01  2.020469e-03 
 1.013392e+01  5.565577e-03 
 1.013432e+01  9.849490e-03 
 1.013472e+01  1.444953e-02 
 1.013511e+01  1.887244e-02 
 1.013551e+01  2.258781e-02 
 1.013591e+01  2.524620e-02 
 1.013631e+01  2.657895e-02 
 1.013670e+01  2.644112e-02 
 1.013710e+01  2.486382e-02 
 1.013750e+01  2.171626e-02 
 1.013790e+01  1.717583e-02 
 1.013830e+01  1.141300e-02 
 1.013869e+01  4.692776e-03 
 1.013909e+01 -2.384370e-03 
 1.013949e+01 -9.352092e-03 
 1.013989e+01 -1.566081e-02 
 1.014028e+01 -2.080802e-02 
 1.014068e+01 -2.443392e-02 
 1.014108e+01 -2.633475e-02 
 1.014148e+01 -2.639179e-02 
 1.014187e+01 -2.451655e-02 
 1.014227e+01 -2.087934e-02 
 1.014267e+01 -1.570016e-02 
 1.014307e+01 -9.456257e-03 
 1.014347e+01 -2.485728e-03 
 1.014386e+01  4.676111e-03 
 1.014426e+01  1.155750e-02 
 1.014466e+01  1.766910e-02 
 1.014506e+01  2.245221e-02 
 1.014545e+01  2.575176e-02 
 1.014585e+01  2.746020e-02 
 1.014625e+01  2.749638e-02 
 1.014665e+01  2.593531e-02 
 1.014704e+01  2.286452e-02 
 1.014744e+01  1.846991e-02 
 1.014784e+01  1.303981e-02 
 1.014824e+01  7.211831e-03 
 1.014864e+01  1.377377e-03 
 1.014903e+01 -3.874969e-03 
 1.014943e+01 -7.952770e-03 
 1.014983e+01 -1.044195e-02 
 1.015023e+01 -1.104139e-02 
 1.015062e+01 -9.751426e-03 
 1.015102e+01 -6.691169e-03 
 1.015142e+01 -2.168999e-03 
 1.015182e+01  3.377569e-03 
 1.015221e+01  9.505471e-03 
 1.015261e+01  1.572726e-02 
 1.015301e+01  2.149775e-02 
 1.015341e+01  2.625130e-02 
 1.015381e+01  2.941246e-02 
 1.015420e+01  3.067061e-02 
 1.015460e+01  2.968708e-02 
 1.015500e+01  2.640647e-02 
 1.015540e+01  2.086154e-02 
 1.015579e+01  1.345408e-02 
 1.015619e+01  4.690753e-03 
 1.015659e+01 -4.744197e-03 
 1.015699e+01 -1.406380e-02 
 1.015738e+01 -2.271307e-02 
 1.015778e+01 -3.003444e-02 
 1.015818e+01 -3.544857e-02 
 1.015858e+01 -3.849835e-02 
 1.015898e+01 -3.898020e-02 
 1.015937e+01 -3.686302e-02 
 1.015977e+01 -3.221286e-02 
 1.016017e+01 -2.535973e-02 
 1.016057e+01 -1.673069e-02 
 1.016096e+01 -7.018354e-03 
 1.016136e+01  3.132495e-03 
 1.016176e+01  1.293707e-02 
 1.016216e+01  2.165269e-02 
 1.016255e+01  2.879373e-02 
 1.016295e+01  3.381438e-02 
 1.016335e+01  3.644927e-02 
 1.016375e+01  3.669073e-02 
 1.016415e+01  3.451411e-02 
 1.016454e+01  3.021603e-02 
 1.016494e+01  2.403395e-02 
 1.016534e+01  1.649601e-02 
 1.016574e+01  8.205748e-03 
 1.016613e+01 -1.546717e-04 
 1.016653e+01 -8.008684e-03 
 1.016693e+01 -1.485999e-02 
 1.016733e+01 -2.024218e-02 
 1.016773e+01 -2.371361e-02 
 1.016812e+01 -2.503709e-02 
 1.016852e+01 -2.414906e-02 
 1.016892e+01 -2.116894e-02 
 1.016932e+01 -1.631024e-02 
 1.016971e+01 -1.020056e-02 
 1.017011e+01 -3.385577e-03 
 1.017051e+01  3.543477e-03 
 1.017091e+01  9.834241e-03 
 1.017130e+01  1.496621e-02 
 1.017170e+01  1.859743e-02 
 1.017210e+01  2.038418e-02 
 1.017250e+01  2.027901e-02 
 1.017290e+01  1.825138e-02 
 1.017329e+01  1.456228e-02 
 1.017369e+01  9.568485e-03 
 1.017409e+01  3.599737e-03 
 1.017449e+01 -2.829455e-03 
 1.017488e+01 -9.209669e-03 
 1.017528e+01 -1.504721e-02 
 1.017568e+01 -1.986200e-02 
 1.017608e+01 -2.314793e-02 
 1.017647e+01 -2.455936e-02 
 1.017687e+01 -2.389250e-02 
 1.017727e+01 -2.106152e-02 
 1.017767e+01 -1.623669e-02 
 1.017807e+01 -9.657211e-03 
 1.017846e+01 -1.820303e-03 
 1.017886e+01  6.752124e-03 
 1.017926e+01  1.547711e-02 
 1.017966e+01  2.360736e-02 
 1.018005e+01  3.066380e-02 
 1.018045e+01  3.612268e-02 
 1.018085e+01  3.950844e-02 
 1.018125e+01  4.058665e-02 
 1.018164e+01  3.929752e-02 
 1.018204e+01  3.585255e-02 
 1.018244e+01  3.048981e-02 
 1.018284e+01  2.345389e-02 
 1.018324e+01  1.517324e-02 
 1.018363e+01  6.110384e-03 
 1.018403e+01 -3.097317e-03 
 1.018443e+01 -1.177522e-02 
 1.018483e+01 -1.913007e-02 
 1.018522e+01 -2.458923e-02 
 1.018562e+01 -2.774643e-02 
 1.018602e+01 -2.835838e-02 
 1.018642e+01 -2.656274e-02 
 1.018681e+01 -2.261604e-02 
 1.018721e+01 -1.710050e-02 
 1.018761e+01 -1.049353e-02 
 1.018801e+01 -3.349957e-03 
 1.018841e+01  3.797244e-03 
 1.018880e+01  1.025548e-02 
 1.018920e+01  1.560953e-02 
 1.018960e+01  1.947412e-02 
 1.019000e+01  2.147732e-02 
 1.019039e+01  2.161549e-02 
 1.019079e+01  1.992044e-02 
 1.019119e+01  1.681449e-02 
 1.019159e+01  1.281339e-02 
 1.019198e+01  8.368733e-03 
 1.019238e+01  3.997320e-03 
 1.019278e+01  3.678622e-05 
 1.019318e+01 -3.258916e-03 
 1.019358e+01 -5.488146e-03 
 1.019397e+01 -6.382367e-03 
 1.019437e+01 -5.761459e-03 
 1.019477e+01 -3.639226e-03 
 1.019517e+01 -5.075532e-05 
 1.019556e+01  4.705294e-03 
 1.019596e+01  1.029941e-02 
 1.019636e+01  1.624712e-02 
 1.019676e+01  2.196901e-02 
 1.019715e+01  2.710950e-02 
 1.019755e+01  3.115737e-02 
 1.019795e+01  3.382374e-02 
 1.019835e+01  3.485404e-02 
 1.019875e+01  3.394210e-02 
 1.019914e+01  3.111418e-02 
 1.019954e+01  2.655182e-02 
 1.019994e+01  2.064406e-02 
 1.020034e+01  1.397026e-02 
 1.020073e+01  7.047389e-03 
 1.020113e+01  4.279299e-04 
 1.020153e+01 -5.444870e-03 
 1.020193e+01 -1.006447e-02 
 1.020232e+01 -1.319463e-02 
 1.020272e+01 -1.465277e-02 
 1.020312e+01 -1.461270e-02 
 1.020352e+01 -1.323627e-02 
 1.020392e+01 -1.063273e-02 
 1.020431e+01 -7.047311e-03 
 1.020471e+01 -2.666306e-03 
 1.020511e+01  2.130430e-03 
 1.020551e+01  7.129821e-03 
 1.020590e+01  1.206684e-02 
 1.020630e+01  1.654758e-02 
 1.020670e+01  2.032404e-02 
 1.020710e+01  2.312297e-02 
 1.020749e+01  2.468449e-02 
 1.020789e+01  2.504305e-02 
 1.020829e+01  2.431893e-02 
 1.020869e+01  2.266149e-02 
 1.020909e+01  2.031528e-02 
 1.020948e+01  1.757745e-02 
 1.020988e+01  1.468895e-02 
 1.021028e+01  1.203615e-02 
 1.021068e+01  9.732230e-03 
 1.021107e+01  7.984083e-03 
 1.021147e+01  6.958437e-03 
 1.021187e+01  6.804397e-03 
 1.021227e+01  7.435485e-03 
 1.021266e+01  8.697194e-03 
 1.021306e+01  1.058096e-02 
 1.021346e+01  1.285653e-02 
 1.021386e+01  1.530663e-02 
 1.021426e+01  1.762587e-02 
 1.021465e+01  1.951243e-02 
 1.021505e+01  2.060241e-02 
 1.021545e+01  2.060154e-02 
 1.021585e+01  1.945248e-02 
 1.021624e+01  1.701908e-02 
 1.021664e+01  1.341933e-02 
 1.021704e+01  8.864634e-03 
 1.021744e+01  3.829965e-03 
 1.021783e+01 -1.275836e-03 
 1.021823e+01 -6.053157e-03 
 1.021863e+01 -1.012737e-02 
 1.021903e+01 -1.323086e-02 
 1.021943e+01 -1.489924e-02 
 1.021982e+01 -1.494571e-02 
 1.022022e+01 -1.325970e-02 
 1.022062e+01 -9.964961e-03 
 1.022102e+01 -5.449300e-03 
 1.022141e+01 -9.715967e-05 
 1.022181e+01  5.712923e-03 
 1.022221e+01  1.142677e-02 
 1.022261e+01  1.667906e-02 
 1.022300e+01  2.107745e-02 
 1.022340e+01  2.431203e-02 
 1.022380e+01  2.628564e-02 
 1.022420e+01  2.703079e-02 
 1.022460e+01  2.653056e-02 
 1.022499e+01  2.488942e-02 
 1.022539e+01  2.228513e-02 
 1.022579e+01  1.900389e-02 
 1.022619e+01  1.549645e-02 
 1.022658e+01  1.194691e-02 
 1.022698e+01  8.700215e-03 
 1.022738e+01  6.000629e-03 
 1.022778e+01  4.096429e-03 
 1.022817e+01  3.248006e-03 
 1.022857e+01  3.453021e-03 
 1.022897e+01  4.750694e-03 
 1.022937e+01  7.056221e-03 
 1.022977e+01  1.005274e-02 
 1.023016e+01  1.353640e-02 
 1.023056e+01  1.705860e-02 
 1.023096e+01  2.017957e-02 
 1.023136e+01  2.238641e-02 
 1.023175e+01  2.335598e-02 
 1.023215e+01  2.284701e-02 
 1.023255e+01  2.074974e-02 
 1.023295e+01  1.718029e-02 
 1.023334e+01  1.245726e-02 
 1.023374e+01  7.044698e-03 
 1.023414e+01  1.376297e-03 
 1.023454e+01 -4.242800e-03 
 1.023494e+01 -9.524730e-03 
 1.023533e+01 -1.405612e-02 
 1.023573e+01 -1.752685e-02 
 1.023613e+01 -1.966919e-02 
 1.023653e+01 -2.014030e-02 
 1.023692e+01 -1.873392e-02 
 1.023732e+01 -1.542868e-02 
 1.023772e+01 -1.043886e-02 
 1.023812e+01 -4.037406e-03 
 1.023851e+01  3.177785e-03 
 1.023891e+01  1.055202e-02 
 1.023931e+01  1.769156e-02 
 1.023971e+01  2.407176e-02 
 1.024011e+01  2.942082e-02 
 1.024050e+01  3.338914e-02 
 1.024090e+01  3.569070e-02 
 1.024130e+01  3.613439e-02 
 1.024170e+01  3.465604e-02 
 1.024209e+01  3.126551e-02 
 1.024249e+01  2.606554e-02 
 1.024289e+01  1.948540e-02 
 1.024329e+01  1.197353e-02 
 1.024368e+01  4.146729e-03 
 1.024408e+01 -3.447814e-03 
 1.024448e+01 -1.033422e-02 
 1.024488e+01 -1.602235e-02 
 1.024528e+01 -2.000827e-02 
 1.024567e+01 -2.188088e-02 
 1.024607e+01 -2.144979e-02 
 1.024647e+01 -1.875118e-02 
 1.024687e+01 -1.418115e-02 
 1.024726e+01 -8.341098e-03 
 1.024766e+01 -1.684365e-03 
 1.024806e+01  5.089877e-03 
 1.024846e+01  1.145413e-02 
 1.024885e+01  1.670822e-02 
 1.024925e+01  2.056178e-02 
 1.024965e+01  2.273285e-02 
 1.025005e+01  2.293246e-02 
 1.025045e+01  2.113776e-02 
 1.025084e+01  1.735092e-02 
 1.025124e+01  1.182034e-02 
 1.025164e+01  5.007544e-03 
 1.025204e+01 -2.501206e-03 
 1.025243e+01 -1.015751e-02 
 1.025283e+01 -1.729287e-02 
 1.025323e+01 -2.331731e-02 
 1.025363e+01 -2.773530e-02 
 1.025402e+01 -2.990132e-02 
 1.025442e+01 -2.972297e-02 
 1.025482e+01 -2.716615e-02 
 1.025522e+01 -2.237320e-02 
 1.025562e+01 -1.556901e-02 
 1.025601e+01 -7.216280e-03 
 1.025641e+01  2.075044e-03 
 1.025681e+01  1.157811e-02 
 1.025721e+01  2.062979e-02 
 1.025760e+01  2.854333e-02 
 1.025800e+01  3.472051e-02 
 1.025840e+01  3.868779e-02 
 1.025880e+01  3.996322e-02 
 1.025920e+01  3.856105e-02 
 1.025959e+01  3.440200e-02 
 1.025999e+01  2.769944e-02 
 1.026039e+01  1.895720e-02 
 1.026079e+01  8.837033e-03 
 1.026118e+01 -1.879268e-03 
 1.026158e+01 -1.219034e-02 
 1.026198e+01 -2.143416e-02 
 1.026238e+01 -2.897528e-02 
 1.026277e+01 -3.443259e-02 
 1.026317e+01 -3.751597e-02 
 1.026357e+01 -3.804200e-02 
 1.026397e+01 -3.613108e-02 
 1.026437e+01 -3.191850e-02 
 1.026476e+01 -2.575395e-02 
 1.026516e+01 -1.818758e-02 
 1.026556e+01 -9.586292e-03 
 1.026596e+01 -7.861915e-04 
 1.026635e+01  7.528843e-03 
 1.026675e+01  1.460258e-02 
 1.026715e+01  1.990718e-02 
 1.026755e+01  2.302995e-02 
 1.026794e+01  2.388541e-02 
 1.026834e+01  2.261237e-02 
 1.026874e+01  1.948199e-02 
 1.026914e+01  1.480517e-02 
 1.026954e+01  9.140341e-03 
 1.026993e+01  2.968385e-03 
 1.027033e+01 -3.231902e-03 
 1.027073e+01 -8.980421e-03 
 1.027113e+01 -1.391456e-02 
 1.027152e+01 -1.753688e-02 
 1.027192e+01 -1.943042e-02 
 1.027232e+01 -1.955337e-02 
 1.027272e+01 -1.788334e-02 
 1.027311e+01 -1.460244e-02 
 1.027351e+01 -9.960883e-03 
 1.027391e+01 -4.309584e-03 
 1.027431e+01  2.096157e-03 
 1.027471e+01  8.733634e-03 
 1.027510e+01  1.497956e-02 
 1.027550e+01  2.038275e-02 
 1.027590e+01  2.441338e-02 
 1.027630e+01  2.673351e-02 
 1.027669e+01  2.700748e-02 
 1.027709e+01  2.523250e-02 
 1.027749e+01  2.146816e-02 
 1.027789e+01  1.593650e-02 
 1.027828e+01  9.173243e-03 
 1.027868e+01  1.496871e-03 
 1.027908e+01 -6.433316e-03 
 1.027948e+01 -1.393333e-02 
 1.027988e+01 -2.035995e-02 
 1.028027e+01 -2.525654e-02 
 1.028067e+01 -2.813395e-02 
 1.028107e+01 -2.879789e-02 
 1.028147e+01 -2.719989e-02 
 1.028186e+01 -2.340092e-02 
 1.028226e+01 -1.773510e-02 
 1.028266e+01 -1.067499e-02 
 1.028306e+01 -2.703201e-03 
 1.028345e+01  5.588475e-03 
 1.028385e+01  1.359066e-02 
 1.028425e+01  2.072338e-02 
 1.028465e+01  2.663346e-02 
 1.028505e+01  3.097227e-02 
 1.028544e+01  3.370979e-02 
 1.028584e+01  3.476320e-02 
 1.028624e+01  3.408148e-02 
 1.028664e+01  3.167142e-02 
 1.028703e+01  2.788914e-02 
 1.028743e+01  2.306412e-02 
 1.028783e+01  1.763038e-02 
 1.028823e+01  1.213671e-02 
 1.028862e+01  7.006332e-03 
 1.028902e+01  2.788219e-03 
 1.028942e+01 -8.239656e-05 
 1.028982e+01 -1.404446e-03 
 1.029022e+01 -1.262395e-03 
 1.029061e+01  3.247721e-04 
 1.029101e+01  2.908449e-03 
 1.029141e+01  6.083114e-03 
 1.029181e+01  9.588826e-03 
 1.029220e+01  1.295097e-02 
 1.029260e+01  1.570622e-02 
 1.029300e+01  1.760190e-02 
 1.029340e+01  1.855464e-02 
 1.029379e+01  1.838292e-02 
 1.029419e+01  1.707476e-02 
 1.029459e+01  1.468780e-02 
 1.029499e+01  1.124497e-02 
 1.029539e+01  7.160930e-03 
 1.029578e+01  2.722315e-03 
 1.029618e+01 -1.759586e-03 
 1.029658e+01 -5.925462e-03 
 1.029698e+01 -9.384858e-03 
 1.029737e+01 -1.184911e-02 
 1.029777e+01 -1.308333e-02 
 1.029817e+01 -1.286347e-02 
 1.029857e+01 -1.131489e-02 
 1.029896e+01 -8.516079e-03 
 1.029936e+01 -4.532929e-03 
 1.029976e+01  4.487744e-04 
 1.030016e+01  6.070141e-03 
 1.030056e+01  1.196414e-02 
 1.030095e+01  1.769027e-02 
 1.030135e+01  2.280375e-02 
 1.030175e+01  2.713481e-02 
 1.030215e+01  3.037614e-02 
 1.030254e+01  3.222241e-02 
 1.030294e+01  3.278537e-02 
 1.030334e+01  3.207007e-02 
 1.030374e+01  3.007742e-02 
 1.030413e+01  2.702898e-02 
 1.030453e+01  2.315240e-02 
 1.030493e+01  1.863392e-02 
 1.030533e+01  1.395258e-02 
 1.030573e+01  9.414959e-03 
 1.030612e+01  5.414780e-03 
 1.030652e+01  2.175562e-03 
 1.030692e+01  8.781818e-05 
 1.030732e+01 -7.567978e-04 
 1.030771e+01 -4.371546e-04 
 1.030811e+01  1.111697e-03 
 1.030851e+01  3.526649e-03 
 1.030891e+01  6.431438e-03 
 1.030930e+01  9.627569e-03 
 1.030970e+01  1.270873e-02 
 1.031010e+01  1.527497e-02 
 1.031050e+01  1.705044e-02 
 1.031090e+01  1.787826e-02 
 1.031129e+01  1.754972e-02 
 1.031169e+01  1.605094e-02 
 1.031209e+01  1.344129e-02 
 1.031249e+01  9.964244e-03 
 1.031288e+01  6.013393e-03 
 1.031328e+01  2.088932e-03 
 1.031368e+01 -1.459889e-03 
 1.031408e+01 -4.089793e-03 
 1.031447e+01 -5.474669e-03 
 1.031487e+01 -5.527610e-03 
 1.031527e+01 -4.170989e-03 
 1.031567e+01 -1.394856e-03 
 1.031607e+01  2.591771e-03 
 1.031646e+01  7.446415e-03 
 1.031686e+01  1.291715e-02 
 1.031726e+01  1.859956e-02 
 1.031766e+01  2.409048e-02 
 1.031805e+01  2.892848e-02 
 1.031845e+01  3.266755e-02 
 1.031885e+01  3.499236e-02 
 1.031925e+01  3.570118e-02 
 1.031964e+01  3.486057e-02 
 1.032004e+01  3.244110e-02 
 1.032044e+01  2.857670e-02 
 1.032084e+01  2.352554e-02 
 1.032124e+01  1.750696e-02 
 1.032163e+01  1.108050e-02 
 1.032203e+01  4.728986e-03 
 1.032243e+01 -1.173586e-03 
 1.032283e+01 -6.308801e-03 
 1.032322e+01 -1.021896e-02 
 1.032362e+01 -1.265628e-02 
 1.032402e+01 -1.351710e-02 
 1.032442e+01 -1.278090e-02 
 1.032481e+01 -1.067749e-02 
 1.032521e+01 -7.438707e-03 
 1.032561e+01 -3.280184e-03 
 1.032601e+01  1.357305e-03 
 1.032641e+01  5.983462e-03 
 1.032680e+01  1.012484e-02 
 1.032720e+01  1.333446e-02 
 1.032760e+01  1.538069e-02 
 1.032800e+01  1.605775e-02 
 1.032839e+01  1.534457e-02 
 1.032879e+01  1.339502e-02 
 1.032919e+01  1.039376e-02 
 1.032959e+01  6.753038e-03 
 1.032998e+01  2.755117e-03 
 1.033038e+01 -1.013327e-03 
 1.033078e+01 -4.082448e-03 
 1.033118e+01 -6.188147e-03 
 1.033158e+01 -6.893767e-03 
 1.033197e+01 -6.097851e-03 
 1.033237e+01 -3.921281e-03 
 1.033277e+01 -4.472395e-04 
 1.033317e+01  4.132229e-03 
 1.033356e+01  9.443571e-03 
 1.033396e+01  1.516329e-02 
 1.033436e+01  2.103717e-02 
 1.033476e+01  2.667881e-02 
 1.033515e+01  3.167580e-02 
 1.033555e+01  3.551679e-02 
 1.033595e+01  3.778105e-02 
 1.033635e+01  3.817494e-02 
 1.033675e+01  3.651810e-02 
 1.033714e+01  3.289371e-02 
 1.033754e+01  2.750907e-02 
 1.033794e+01  2.072799e-02 
 1.033834e+01  1.298449e-02 
 1.033873e+01  4.681232e-03 
 1.033913e+01 -3.626612e-03 
 1.033953e+01 -1.139083e-02 
 1.033993e+01 -1.819841e-02 
 1.034032e+01 -2.365307e-02 
 1.034072e+01 -2.725457e-02 
 1.034112e+01 -2.868669e-02 
 1.034152e+01 -2.786286e-02 
 1.034192e+01 -2.478014e-02 
 1.034231e+01 -1.976368e-02 
 1.034271e+01 -1.332957e-02 
 1.034311e+01 -5.922805e-03 
 1.034351e+01  1.848458e-03 
 1.034390e+01  9.381256e-03 
 1.034430e+01  1.603701e-02 
 1.034470e+01  2.127115e-02 
 1.034510e+01  2.467391e-02 
 1.034549e+01  2.609688e-02 
 1.034589e+01  2.549914e-02 
 1.034629e+01  2.292529e-02 
 1.034669e+01  1.864682e-02 
 1.034709e+01  1.305775e-02 
 1.034748e+01  6.617978e-03 
 1.034788e+01 -1.318703e-04 
 1.034828e+01 -6.708725e-03 
 1.034868e+01 -1.259458e-02 
 1.034907e+01 -1.730620e-02 
 1.034947e+01 -2.040558e-02 
 1.034987e+01 -2.150155e-02 
 1.035027e+01 -2.049731e-02 
 1.035067e+01 -1.733665e-02 
 1.035106e+01 -1.230806e-02 
 1.035146e+01 -5.872192e-03 
 1.035186e+01  1.330915e-03 
 1.035226e+01  8.619246e-03 
 1.035265e+01  1.532005e-02 
 1.035305e+01  2.083768e-02 
 1.035345e+01  2.459389e-02 
 1.035385e+01  2.630532e-02 
 1.035424e+01  2.578464e-02 
 1.035464e+01  2.297494e-02 
 1.035504e+01  1.806232e-02 
 1.035544e+01  1.120908e-02 
 1.035584e+01  2.902554e-03 
 1.035623e+01 -6.328087e-03 
 1.035663e+01 -1.574554e-02 
 1.035703e+01 -2.460331e-02 
 1.035743e+01 -3.219183e-02 
 1.035782e+01 -3.802466e-02 
 1.035822e+01 -4.144100e-02 
 1.035862e+01 -4.214730e-02 
 1.035902e+01 -4.009736e-02 
 1.035941e+01 -3.533758e-02 
 1.035981e+01 -2.830709e-02 
 1.036021e+01 -1.950516e-02 
 1.036061e+01 -9.650498e-03 
 1.036101e+01  6.449844e-04 
 1.036140e+01  1.068219e-02 
 1.036180e+01  1.986420e-02 
 1.036220e+01  2.762976e-02 
 1.036260e+01  3.353296e-02 
 1.036299e+01  3.736296e-02 
 1.036339e+01  3.891881e-02 
 1.036379e+01  3.807215e-02 
 1.036419e+01  3.488579e-02 
 1.036458e+01  2.960976e-02 
 1.036498e+01  2.259772e-02 
 1.036538e+01  1.455989e-02 
 1.036578e+01  6.188487e-03 
 1.036618e+01 -1.895967e-03 
 1.036657e+01 -9.142462e-03 
 1.036697e+01 -1.494409e-02 
 1.036737e+01 -1.897087e-02 
 1.036777e+01 -2.084552e-02 
 1.036816e+01 -2.066684e-02 
 1.036856e+01 -1.858580e-02 
 1.036896e+01 -1.483899e-02 
 1.036936e+01 -9.654087e-03 
 1.036975e+01 -3.559321e-03 
 1.037015e+01  2.998795e-03 
 1.037055e+01  9.344893e-03 
 1.037095e+01  1.481899e-02 
 1.037135e+01  1.894923e-02 
 1.037174e+01  2.122521e-02 
 1.037214e+01  2.144726e-02 
 1.037254e+01  1.952892e-02 
 1.037294e+01  1.566792e-02 
 1.037333e+01  1.023786e-02 
 1.037373e+01  3.640055e-03 
 1.037413e+01 -3.443080e-03 
 1.037453e+01 -1.041530e-02 
 1.037492e+01 -1.665989e-02 
 1.037532e+01 -2.164784e-02 
 1.037572e+01 -2.499045e-02 
 1.037612e+01 -2.646738e-02 
 1.037652e+01 -2.578072e-02 
 1.037691e+01 -2.291112e-02 
 1.037731e+01 -1.797354e-02 
 1.037771e+01 -1.120616e-02 
 1.037811e+01 -3.197112e-03 
 1.037850e+01  5.600629e-03 
 1.037890e+01  1.454252e-02 
 1.037930e+01  2.291654e-02 
 1.037970e+01  3.004576e-02 
 1.038009e+01  3.539150e-02 
 1.038049e+01  3.868998e-02 
 1.038089e+01  3.969863e-02 
 1.038129e+01  3.837684e-02 
 1.038169e+01  3.496921e-02 
 1.038208e+01  2.985517e-02 
 1.038248e+01  2.341706e-02 
 1.038288e+01  1.629204e-02 
 1.038328e+01  9.008000e-03 
 1.038367e+01  2.007900e-03 
 1.038407e+01 -4.238977e-03 
 1.038447e+01 -9.446271e-03 
 1.038487e+01 -1.321472e-02 
 1.038526e+01 -1.526200e-02 
 1.038566e+01 -1.543780e-02 
 1.038606e+01 -1.391725e-02 
 1.038646e+01 -1.085511e-02 
 1.038686e+01 -6.575759e-03 
 1.038725e+01 -1.574028e-03 
 1.038765e+01  3.679041e-03 
 1.038805e+01  8.623233e-03 
 1.038845e+01  1.271532e-02 
 1.038884e+01  1.560725e-02 
 1.038924e+01  1.730645e-02 
 1.038964e+01  1.769609e-02 
 1.039004e+01  1.689616e-02 
 1.039043e+01  1.505198e-02 
 1.039083e+01  1.236102e-02 
 1.039123e+01  9.307366e-03 
 1.039163e+01  6.226108e-03 
 1.039203e+01  3.357993e-03 
 1.039242e+01  9.248738e-04 
 1.039282e+01 -8.488068e-04 
 1.039322e+01 -1.629971e-03 
 1.039362e+01 -1.229268e-03 
 1.039401e+01  3.676343e-04 
 1.039441e+01  3.103614e-03 
 1.039481e+01  6.723110e-03 
 1.039521e+01  1.098349e-02 
 1.039560e+01  1.553666e-02 
 1.039600e+01  1.991612e-02 
 1.039640e+01  2.380315e-02 
 1.039680e+01  2.690478e-02 
 1.039720e+01  2.889335e-02 
 1.039759e+01  2.960244e-02 
 1.039799e+01  2.896202e-02 
 1.039839e+01  2.693979e-02 
 1.039879e+01  2.362428e-02 
 1.039918e+01  1.923304e-02 
 1.039958e+01  1.394909e-02 
 1.039998e+01  8.026896e-03 
 1.040038e+01  1.860856e-03 
 1.040077e+01 -4.053734e-03 
 1.040117e+01 -9.313434e-03 
 1.040157e+01 -1.359045e-02 
 1.040197e+01 -1.656548e-02 
 1.040237e+01 -1.808654e-02 
 1.040276e+01 -1.801366e-02 
 1.040316e+01 -1.646063e-02 
 1.040356e+01 -1.373402e-02 
 1.040396e+01 -1.005761e-02 
 1.040435e+01 -5.704163e-03 
 1.040475e+01 -1.055244e-03 
 1.040515e+01  3.640588e-03 
 1.040555e+01  8.117620e-03 
 1.040594e+01  1.197897e-02 
 1.040634e+01  1.498578e-02 
 1.040674e+01  1.688774e-02 
 1.040714e+01  1.768021e-02 
 1.040754e+01  1.735130e-02 
 1.040793e+01  1.597937e-02 
 1.040833e+01  1.376742e-02 
 1.040873e+01  1.103292e-02 
 1.040913e+01  8.221203e-03 
 1.040952e+01  5.685061e-03 
 1.040992e+01  3.847070e-03 
 1.041032e+01  2.928070e-03 
 1.041072e+01  3.054908e-03 
 1.041111e+01  4.440030e-03 
 1.041151e+01  7.019006e-03 
 1.041191e+01  1.049421e-02 
 1.041231e+01  1.443572e-02 
 1.041271e+01  1.848350e-02 
 1.041310e+01  2.222880e-02 
 1.041350e+01  2.542602e-02 
 1.041390e+01  2.779999e-02 
 1.041430e+01  2.896504e-02 
 1.041469e+01  2.879885e-02 
 1.041509e+01  2.723439e-02 
 1.041549e+01  2.440180e-02 
 1.041589e+01  2.034201e-02 
 1.041628e+01  1.518275e-02 
 1.041668e+01  9.317619e-03 
 1.041708e+01  3.169243e-03 
 1.041748e+01 -2.733277e-03 
 1.041788e+01 -7.970660e-03 
 1.041827e+01 -1.203210e-02 
 1.041867e+01 -1.465654e-02 
 1.041907e+01 -1.559501e-02 
 1.041947e+01 -1.481552e-02 
 1.041986e+01 -1.238374e-02 
 1.042026e+01 -8.437066e-03 
 1.042066e+01 -3.269216e-03 
 1.042106e+01  2.788850e-03 
 1.042145e+01  9.248862e-03 
 1.042185e+01  1.556756e-02 
 1.042225e+01  2.127481e-02 
 1.042265e+01  2.588374e-02 
 1.042305e+01  2.907615e-02 
 1.042344e+01  3.061658e-02 
 1.042384e+01  3.051650e-02 
 1.042424e+01  2.890620e-02 
 1.042464e+01  2.599595e-02 
 1.042503e+01  2.207744e-02 
 1.042543e+01  1.747807e-02 
 1.042583e+01  1.259846e-02 
 1.042623e+01  7.960622e-03 
 1.042662e+01  3.967753e-03 
 1.042702e+01  9.010507e-04 
 1.042742e+01 -1.008595e-03 
 1.042782e+01 -1.608055e-03 
 1.042822e+01 -9.266420e-04 
 1.042861e+01  8.254507e-04 
 1.042901e+01  3.617954e-03 
 1.042941e+01  7.128949e-03 
 1.042981e+01  1.111085e-02 
 1.043020e+01  1.510918e-02 
 1.043060e+01  1.877048e-02 
 1.043100e+01  2.164063e-02 
 1.043140e+01  2.334793e-02 
 1.043179e+01  2.360561e-02 
 1.043219e+01  2.218294e-02 
 1.043259e+01  1.907620e-02 
 1.043299e+01  1.440654e-02 
 1.043339e+01  8.584283e-03 
 1.043378e+01  1.876833e-03 
 1.043418e+01 -5.257716e-03 
 1.043458e+01 -1.231114e-02 
 1.043498e+01 -1.866656e-02 
 1.043537e+01 -2.366492e-02 
 1.043577e+01 -2.685115e-02 
 1.043617e+01 -2.785199e-02 
 1.043657e+01 -2.652296e-02 
 1.043696e+01 -2.274318e-02 
 1.043736e+01 -1.667924e-02 
 1.043776e+01 -8.745248e-03 
 1.043816e+01  4.936110e-04 
 1.043856e+01  1.038952e-02 
 1.043895e+01  2.021014e-02 
 1.043935e+01  2.929358e-02 
 1.043975e+01  3.688833e-02 
 1.044015e+01  4.240843e-02 
 1.044054e+01  4.546224e-02 
 1.044094e+01  4.589193e-02 
 1.044134e+01  4.369230e-02 
 1.044174e+01  3.915400e-02 
 1.044214e+01  3.260883e-02 
 1.044253e+01  2.470214e-02 
 1.044293e+01  1.594543e-02 
 1.044333e+01  7.002000e-03 
 1.044373e+01 -1.629601e-03 
 1.044412e+01 -9.316836e-03 
 1.044452e+01 -1.549788e-02 
 1.044492e+01 -1.985738e-02 
 1.044532e+01 -2.198091e-02 
 1.044571e+01 -2.177757e-02 
 1.044611e+01 -1.936171e-02 
 1.044651e+01 -1.500788e-02 
 1.044691e+01 -9.251578e-03 
 1.044731e+01 -2.663513e-03 
 1.044770e+01  4.079941e-03 
 1.044810e+01  1.032352e-02 
 1.044850e+01  1.560692e-02 
 1.044890e+01  1.932734e-02 
 1.044929e+01  2.111971e-02 
 1.044969e+01  2.093366e-02 
 1.045009e+01  1.868343e-02 
 1.045049e+01  1.453596e-02 
 1.045088e+01  8.846335e-03 
 1.045128e+01  2.109096e-03 
 1.045168e+01 -5.246046e-03 
 1.045208e+01 -1.256912e-02 
 1.045248e+01 -1.930690e-02 
 1.045287e+01 -2.493152e-02 
 1.045327e+01 -2.890571e-02 
 1.045367e+01 -3.092285e-02 
 1.045407e+01 -3.076639e-02 
 1.045446e+01 -2.830094e-02 
 1.045486e+01 -2.361721e-02 
 1.045526e+01 -1.695250e-02 
 1.045566e+01 -8.750229e-03 
 1.045605e+01  3.502952e-04 
 1.045645e+01  9.583833e-03 
 1.045685e+01  1.843235e-02 
 1.045725e+01  2.624952e-02 
 1.045765e+01  3.242212e-02 
 1.045804e+01  3.646659e-02 
 1.045844e+01  3.807013e-02 
 1.045884e+01  3.719401e-02 
 1.045924e+01  3.403779e-02 
 1.045963e+01  2.878563e-02 
 1.046003e+01  2.172838e-02 
 1.046043e+01  1.327855e-02 
 1.046083e+01  4.029132e-03 
 1.046122e+01 -5.349688e-03 
 1.046162e+01 -1.427274e-02 
 1.046202e+01 -2.210506e-02 
 1.046242e+01 -2.834782e-02 
 1.046282e+01 -3.257719e-02 
 1.046321e+01 -3.435456e-02 
 1.046361e+01 -3.364914e-02 
 1.046401e+01 -3.053034e-02 
 1.046441e+01 -2.535452e-02 
 1.046480e+01 -1.851057e-02 
 1.046520e+01 -1.060927e-02 
 1.046560e+01 -2.229853e-03 
 1.046600e+01  6.066749e-03 
 1.046639e+01  1.362327e-02 
 1.046679e+01  1.992763e-02 
 1.046719e+01  2.447100e-02 
 1.046759e+01  2.696953e-02 
 1.046799e+01  2.726343e-02 
 1.046838e+01  2.539710e-02 
 1.046878e+01  2.156479e-02 
 1.046918e+01  1.625273e-02 
 1.046958e+01  1.012259e-02 
 1.046997e+01  3.749555e-03 
 1.047037e+01 -2.248186e-03 
 1.047077e+01 -7.346865e-03 
 1.047117e+01 -1.124622e-02 
 1.047156e+01 -1.346698e-02 
 1.047196e+01 -1.387548e-02 
 1.047236e+01 -1.239469e-02 
 1.047276e+01 -9.264387e-03 
 1.047316e+01 -4.753577e-03 
 1.047355e+01  8.752396e-04 
 1.047395e+01  6.924910e-03 
 1.047435e+01  1.307663e-02 
 1.047475e+01  1.876550e-02 
 1.047514e+01  2.347775e-02 
 1.047554e+01  2.691185e-02 
 1.047594e+01  2.854288e-02 
 1.047634e+01  2.822746e-02 
 1.047673e+01  2.585445e-02 
 1.047713e+01  2.154308e-02 
 1.047753e+01  1.554890e-02 
 1.047793e+01  8.313420e-03 
 1.047833e+01  3.572235e-04 
 1.047872e+01 -7.652477e-03 
 1.047912e+01 -1.498815e-02 
 1.047952e+01 -2.110960e-02 
 1.047992e+01 -2.566265e-02 
 1.048031e+01 -2.822986e-02 
 1.048071e+01 -2.867698e-02 
 1.048111e+01 -2.696640e-02 
 1.048151e+01 -2.326199e-02 
 1.048190e+01 -1.799827e-02 
 1.048230e+01 -1.164063e-02 
 1.048270e+01 -4.686637e-03 
 1.048310e+01  2.387925e-03 
 1.048350e+01  9.006115e-03 
 1.048389e+01  1.468743e-02 
 1.048429e+01  1.905204e-02 
 1.048469e+01  2.189061e-02 
 1.048509e+01  2.315514e-02 
 1.048548e+01  2.290048e-02 
 1.048588e+01  2.131664e-02 
 1.048628e+01  1.866795e-02 
 1.048668e+01  1.528314e-02 
 1.048707e+01  1.158215e-02 
 1.048747e+01  7.869704e-03 
 1.048787e+01  4.476218e-03 
 1.048827e+01  1.641853e-03 
 1.048867e+01 -4.620613e-04 
 1.048906e+01 -1.719524e-03 
 1.048946e+01 -1.994918e-03 
 1.048986e+01 -1.231147e-03 
 1.049026e+01  4.864527e-04 
 1.049065e+01  2.954115e-03 
 1.049105e+01  5.968114e-03 
 1.049145e+01  9.114895e-03 
 1.049185e+01  1.203471e-02 
 1.049224e+01  1.438014e-02 
 1.049264e+01  1.577210e-02 
 1.049304e+01  1.607017e-02 
 1.049344e+01  1.521445e-02 
 1.049384e+01  1.339189e-02 
 1.049423e+01  1.077260e-02 
 1.049463e+01  7.464207e-03 
 1.049503e+01  3.707306e-03 
 1.049543e+01 -1.861839e-04 
 1.049582e+01 -3.942933e-03 
 1.049622e+01 -7.308541e-03 
 1.049662e+01 -9.985081e-03 
 1.049702e+01 -1.167778e-02 
 1.049741e+01 -1.225937e-02 
 1.049781e+01 -1.143608e-02 
 1.049821e+01 -9.193403e-03 
 1.049861e+01 -5.433156e-03 
 1.049901e+01 -4.380410e-04 
 1.049940e+01  5.458485e-03 
 1.049980e+01  1.169042e-02 
 1.050020e+01  1.771585e-02 
 1.050060e+01  2.314325e-02 
 1.050099e+01  2.752784e-02 
 1.050139e+01  3.065548e-02 
 1.050179e+01  3.227953e-02 
 1.050219e+01  3.238702e-02 
 1.050258e+01  3.098972e-02 
 1.050298e+01  2.822933e-02 
 1.050338e+01  2.438834e-02 
 1.050378e+01  1.970344e-02 
 1.050418e+01  1.456349e-02 
 1.050457e+01  9.440739e-03 
 1.050497e+01  4.788658e-03 
 1.050537e+01  9.312713e-04 
 1.050577e+01 -1.908127e-03 
 1.050616e+01 -3.543110e-03 
 1.050656e+01 -3.866377e-03 
 1.050696e+01 -2.807153e-03 
 1.050736e+01 -6.063709e-04 
 1.050775e+01  2.371114e-03 
 1.050815e+01  5.657513e-03 
 1.050855e+01  8.847394e-03 
 1.050895e+01  1.157812e-02 
 1.050935e+01  1.355989e-02 
 1.050974e+01  1.461605e-02 
 1.051014e+01  1.463585e-02 
 1.051054e+01  1.363686e-02 
 1.051094e+01  1.173813e-02 
 1.051133e+01  9.077053e-03 
 1.051173e+01  5.931282e-03 
 1.051213e+01  2.504117e-03 
 1.051253e+01 -8.933301e-04 
 1.051292e+01 -3.918135e-03 
 1.051332e+01 -6.113476e-03 
 1.051372e+01 -7.178263e-03 
 1.051412e+01 -6.900048e-03 
 1.051452e+01 -5.225047e-03 
 1.051491e+01 -2.130776e-03 
 1.051531e+01  2.316840e-03 
 1.051571e+01  7.905409e-03 
 1.051611e+01  1.422057e-02 
 1.051650e+01  2.063237e-02 
 1.051690e+01  2.670593e-02 
 1.051730e+01  3.205981e-02 
 1.051770e+01  3.641038e-02 
 1.051809e+01  3.943334e-02 
 1.051849e+01  4.104142e-02 
 1.051889e+01  4.114285e-02 
 1.051929e+01  3.970451e-02 
 1.051969e+01  3.685278e-02 
 1.052008e+01  3.269968e-02 
 1.052048e+01  2.740185e-02 
 1.052088e+01  2.126925e-02 
 1.052128e+01  1.474490e-02 
 1.052167e+01  8.303708e-03 
 1.052207e+01  2.451670e-03 
 1.052247e+01 -2.395251e-03 
 1.052287e+01 -5.863145e-03 
 1.052326e+01 -7.797523e-03 
 1.052366e+01 -8.223056e-03 
 1.052406e+01 -7.197509e-03 
 1.052446e+01 -4.908482e-03 
 1.052486e+01 -1.462356e-03 
 1.052525e+01  2.763285e-03 
 1.052565e+01  7.498099e-03 
 1.052605e+01  1.232973e-02 
 1.052645e+01  1.685137e-02 
 1.052684e+01  2.066882e-02 
 1.052724e+01  2.336222e-02 
 1.052764e+01  2.449437e-02 
 1.052804e+01  2.392682e-02 
 1.052843e+01  2.168667e-02 
 1.052883e+01  1.798046e-02 
 1.052923e+01  1.318530e-02 
 1.052963e+01  7.813751e-03 
 1.053003e+01  2.273599e-03 
 1.053042e+01 -2.893202e-03 
 1.053082e+01 -7.212231e-03 
 1.053122e+01 -1.020292e-02 
 1.053162e+01 -1.155853e-02 
 1.053201e+01 -1.105141e-02 
 1.053241e+01 -8.589654e-03 
 1.053281e+01 -4.350823e-03 
 1.053321e+01  1.345061e-03 
 1.053361e+01  8.075421e-03 
 1.053400e+01  1.525186e-02 
 1.053440e+01  2.223113e-02 
 1.053480e+01  2.842366e-02 
 1.053520e+01  3.338952e-02 
 1.053559e+01  3.665147e-02 
 1.053599e+01  3.783979e-02 
 1.053639e+01  3.665117e-02 
 1.053679e+01  3.290859e-02 
 1.053718e+01  2.695516e-02 
 1.053758e+01  1.913522e-02 
 1.053798e+01  1.008414e-02 
 1.053838e+01  4.415394e-04 
 1.053878e+01 -9.264978e-03 
 1.053917e+01 -1.826963e-02 
 1.053957e+01 -2.595784e-02 
 1.053997e+01 -3.181743e-02 
 1.054037e+01 -3.556645e-02 
 1.054076e+01 -3.692570e-02 
 1.054116e+01 -3.576785e-02 
 1.054156e+01 -3.219265e-02 
 1.054196e+01 -2.632971e-02 
 1.054235e+01 -1.868651e-02 
 1.054275e+01 -9.909688e-03 
 1.054315e+01 -6.775812e-04 
 1.054355e+01  8.322330e-03 
 1.054395e+01  1.644685e-02 
 1.054434e+01  2.307551e-02 
 1.054474e+01  2.784715e-02 
 1.054514e+01  3.033922e-02 
 1.054554e+01  3.039130e-02 
 1.054593e+01  2.808731e-02 
 1.054633e+01  2.372747e-02 
 1.054673e+01  1.781600e-02 
 1.054713e+01  1.085547e-02 
 1.054752e+01  3.449032e-03 
 1.054792e+01 -3.765124e-03 
 1.054832e+01 -1.013073e-02 
 1.054872e+01 -1.523563e-02 
 1.054912e+01 -1.858895e-02 
 1.054951e+01 -1.995065e-02 
 1.054991e+01 -1.918475e-02 
 1.055031e+01 -1.627364e-02 
 1.055071e+01 -1.137989e-02 
 1.055110e+01 -5.036758e-03 
 1.055150e+01  2.069261e-03 
 1.055190e+01  9.197777e-03 
 1.055230e+01  1.573030e-02 
 1.055269e+01  2.118544e-02 
 1.055309e+01  2.506519e-02 
 1.055349e+01  2.708295e-02 
 1.055389e+01  2.702310e-02 
 1.055429e+01  2.487502e-02 
 1.055468e+01  2.066630e-02 
 1.055508e+01  1.459664e-02 
 1.055548e+01  7.031076e-03 
 1.055588e+01 -1.596218e-03 
 1.055627e+01 -1.070358e-02 
 1.055667e+01 -1.962859e-02 
 1.055707e+01 -2.757255e-02 
 1.055747e+01 -3.391429e-02 
 1.055786e+01 -3.815862e-02 
 1.055826e+01 -4.004275e-02 
 1.055866e+01 -3.944717e-02 
 1.055906e+01 -3.636066e-02 
 1.055946e+01 -3.091849e-02 
 1.055985e+01 -2.351403e-02 
 1.056025e+01 -1.464520e-02 
 1.056065e+01 -4.967163e-03 
 1.056105e+01  4.883726e-03 
 1.056144e+01  1.428432e-02 
 1.056184e+01  2.257101e-02 
 1.056224e+01  2.902408e-02 
 1.056264e+01  3.322144e-02 
 1.056303e+01  3.501652e-02 
 1.056343e+01  3.439530e-02 
 1.056383e+01  3.149099e-02 
 1.056423e+01  2.663167e-02 
 1.056463e+01  2.021361e-02 
 1.056502e+01  1.269456e-02 
 1.056542e+01  4.798708e-03 
 1.056582e+01 -2.921191e-03 
 1.056622e+01 -9.851275e-03 
 1.056661e+01 -1.553345e-02 
 1.056701e+01 -1.941993e-02 
 1.056741e+01 -2.137890e-02 
 1.056781e+01 -2.140712e-02 
 1.056820e+01 -1.962751e-02 
 1.056860e+01 -1.616709e-02 
 1.056900e+01 -1.146368e-02 
 1.056940e+01 -6.008286e-03 
 1.056980e+01 -5.106160e-04 
 1.057019e+01  4.765780e-03 
 1.057059e+01  9.351823e-03 
 1.057099e+01  1.294197e-02 
 1.057139e+01  1.516293e-02 
 1.057178e+01  1.580921e-02 
 1.057218e+01  1.477808e-02 
 1.057258e+01  1.226197e-02 
 1.057298e+01  8.541332e-03 
 1.057337e+01  3.981141e-03 
 1.057377e+01 -9.866834e-04 
 1.057417e+01 -5.854683e-03 
 1.057457e+01 -1.008251e-02 
 1.057497e+01 -1.328996e-02 
 1.057536e+01 -1.515233e-02 
 1.057576e+01 -1.552694e-02 
 1.057616e+01 -1.430038e-02 
 1.057656e+01 -1.151819e-02 
 1.057695e+01 -7.389105e-03 
 1.057735e+01 -2.141159e-03 
 1.057775e+01  3.837859e-03 
 1.057815e+01  1.020419e-02 
 1.057854e+01  1.642078e-02 
 1.057894e+01  2.212240e-02 
 1.057934e+01  2.697918e-02 
 1.057974e+01  3.059393e-02 
 1.058014e+01  3.271838e-02 
 1.058053e+01  3.311887e-02 
 1.058093e+01  3.190635e-02 
 1.058133e+01  2.922702e-02 
 1.058173e+01  2.526918e-02 
 1.058212e+01  2.036686e-02 
 1.058252e+01  1.460851e-02 
 1.058292e+01  8.437205e-03 
 1.058332e+01  2.294942e-03 
 1.058371e+01 -3.337896e-03 
 1.058411e+01 -8.146708e-03 
 1.058451e+01 -1.188189e-02 
 1.058491e+01 -1.432318e-02 
 1.058531e+01 -1.527806e-02 
 1.058570e+01 -1.492646e-02 
 1.058610e+01 -1.334136e-02 
 1.058650e+01 -1.069764e-02 
 1.058690e+01 -7.419388e-03 
 1.058729e+01 -3.708803e-03 
 1.058769e+01  6.457687e-06 
 1.058809e+01  3.450137e-03 
 1.058849e+01  6.322093e-03 
 1.058888e+01  8.414730e-03 
 1.058928e+01  9.498809e-03 
 1.058968e+01  9.586469e-03 
 1.059008e+01  8.664023e-03 
 1.059048e+01  6.958806e-03 
 1.059087e+01  4.714522e-03 
 1.059127e+01  2.260308e-03 
 1.059167e+01 -1.150059e-04 
 1.059207e+01 -1.958738e-03 
 1.059246e+01 -2.808204e-03 
 1.059286e+01 -2.502691e-03 
 1.059326e+01 -1.025638e-03 
 1.059366e+01  1.657316e-03 
 1.059405e+01  5.326385e-03 
 1.059445e+01  9.758012e-03 
 1.059485e+01  1.470644e-02 
 1.059525e+01  1.981013e-02 
 1.059565e+01  2.469347e-02 
 1.059604e+01  2.905054e-02 
 1.059644e+01  3.242669e-02 
 1.059684e+01  3.443911e-02 
 1.059724e+01  3.478975e-02 
 1.059763e+01  3.331520e-02 
 1.059803e+01  3.012078e-02 
 1.059843e+01  2.554213e-02 
 1.059883e+01  1.992239e-02 
 1.059922e+01  1.364938e-02 
 1.059962e+01  7.214304e-03 
 1.060002e+01  1.070811e-03 
 1.060042e+01 -4.343370e-03 
 1.060082e+01 -8.731848e-03 
 1.060121e+01 -1.157660e-02 
 1.060161e+01 -1.269742e-02 
 1.060201e+01 -1.196921e-02 
 1.060241e+01 -9.504126e-03 
 1.060280e+01 -5.558454e-03 
 1.060320e+01 -5.395474e-04 
 1.060360e+01  5.033245e-03 
 1.060400e+01  1.068273e-02 
 1.060439e+01  1.586607e-02 
 1.060479e+01  2.017700e-02 
 1.060519e+01  2.345017e-02 
 1.060559e+01  2.544344e-02 
 1.060599e+01  2.608552e-02 
 1.060638e+01  2.537224e-02 
 1.060678e+01  2.340808e-02 
 1.060718e+01  2.054682e-02 
 1.060758e+01  1.706846e-02 
 1.060797e+01  1.326004e-02 
 1.060837e+01  9.555409e-03 
 1.060877e+01  6.401255e-03 
 1.060917e+01  4.073066e-03 
 1.060956e+01  2.799953e-03 
 1.060996e+01  2.789973e-03 
 1.061036e+01  4.073060e-03 
 1.061076e+01  6.513860e-03 
 1.061116e+01  1.001015e-02 
 1.061155e+01  1.421231e-02 
 1.061195e+01  1.872153e-02 
 1.061235e+01  2.314001e-02 
 1.061275e+01  2.703486e-02 
 1.061314e+01  2.995552e-02 
 1.061354e+01  3.149444e-02 
 1.061394e+01  3.132710e-02 
 1.061434e+01  2.954303e-02 
 1.061473e+01  2.616723e-02 
 1.061513e+01  2.132067e-02 
 1.061553e+01  1.525235e-02 
 1.061593e+01  8.406506e-03 
 1.061633e+01  1.280484e-03 
 1.061672e+01 -5.705706e-03 
 1.061712e+01 -1.209364e-02 
 1.061752e+01 -1.743578e-02 
 1.061792e+01 -2.138875e-02 
 1.061831e+01 -2.355233e-02 
 1.061871e+01 -2.383447e-02 
 1.061911e+01 -2.211956e-02 
 1.061951e+01 -1.851637e-02 
 1.061990e+01 -1.322745e-02 
 1.062030e+01 -6.527185e-03 
 1.062070e+01  1.139323e-03 
 1.062110e+01  9.116310e-03 
 1.062150e+01  1.684424e-02 
 1.062189e+01  2.383679e-02 
 1.062229e+01  2.950441e-02 
 1.062269e+01  3.359579e-02 
 1.062309e+01  3.583216e-02 
 1.062348e+01  3.632208e-02 
 1.062388e+01  3.510528e-02 
 1.062428e+01  3.228077e-02 
 1.062468e+01  2.810142e-02 
 1.062508e+01  2.284448e-02 
 1.062547e+01  1.691934e-02 
 1.062587e+01  1.074989e-02 
 1.062627e+01  4.913806e-03 
 1.062667e+01 -4.352418e-05 
 1.062706e+01 -3.656461e-03 
 1.062746e+01 -5.525120e-03 
 1.062786e+01 -5.613368e-03 
 1.062826e+01 -4.076158e-03 
 1.062865e+01 -1.175623e-03 
 1.062905e+01  2.868185e-03 
 1.062945e+01  7.647591e-03 
 1.062985e+01  1.274929e-02 
 1.063025e+01  1.760638e-02 
 1.063064e+01  2.170559e-02 
 1.063104e+01  2.459313e-02 
 1.063144e+01  2.578470e-02 
 1.063184e+01  2.488385e-02 
 1.063223e+01  2.198087e-02 
 1.063263e+01  1.707321e-02 
 1.063303e+01  1.057160e-02 
 1.063343e+01  2.966297e-03 
 1.063382e+01 -5.167267e-03 
 1.063422e+01 -1.323090e-02 
 1.063462e+01 -2.054551e-02 
 1.063502e+01 -2.652622e-02 
 1.063542e+01 -3.065379e-02 
 1.063581e+01 -3.264222e-02 
 1.063621e+01 -3.221373e-02 
 1.063661e+01 -2.935747e-02 
 1.063701e+01 -2.423939e-02 
 1.063740e+01 -1.734406e-02 
 1.063780e+01 -9.077393e-03 
 1.063820e+01 -2.253668e-05 
 1.063860e+01  9.175198e-03 
 1.063899e+01  1.786780e-02 
 1.063939e+01  2.551452e-02 
 1.063979e+01  3.168390e-02 
 1.064019e+01  3.593005e-02 
 1.064059e+01  3.797380e-02 
 1.064098e+01  3.758369e-02 
 1.064138e+01  3.483433e-02 
 1.064178e+01  2.984391e-02 
 1.064218e+01  2.302349e-02 
 1.064257e+01  1.493442e-02 
 1.064297e+01  6.112843e-03 
 1.064337e+01 -2.825121e-03 
 1.064377e+01 -1.115051e-02 
 1.064416e+01 -1.815239e-02 
 1.064456e+01 -2.346768e-02 
 1.064496e+01 -2.670760e-02 
 1.064536e+01 -2.772398e-02 
 1.064576e+01 -2.662603e-02 
 1.064615e+01 -2.356140e-02 
 1.064655e+01 -1.892773e-02 
 1.064695e+01 -1.313428e-02 
 1.064735e+01 -6.519605e-03 
 1.064774e+01  3.526561e-04 
 1.064814e+01  6.893475e-03 
 1.064854e+01  1.254973e-02 
 1.064894e+01  1.682462e-02 
 1.064933e+01  1.934450e-02 
 1.064973e+01  1.984555e-02 
 1.065013e+01  1.829634e-02 
 1.065053e+01  1.488679e-02 
 1.065093e+01  1.000650e-02 
 1.065132e+01  4.221132e-03 
 1.065172e+01 -2.008966e-03 
 1.065212e+01 -8.211320e-03 
 1.065252e+01 -1.375166e-02 
 1.065291e+01 -1.814114e-02 
 1.065331e+01 -2.096110e-02 
 1.065371e+01 -2.185037e-02 
 1.065411e+01 -2.063440e-02 
 1.065450e+01 -1.715132e-02 
 1.065490e+01 -1.150685e-02 
 1.065530e+01 -4.121802e-03 
 1.065570e+01  4.562131e-03 
 1.065610e+01  1.377850e-02 
 1.065649e+01  2.281700e-02 
 1.065689e+01  3.097256e-02 
 1.065729e+01  3.750163e-02 
 1.065769e+01  4.188623e-02 
 1.065808e+01  4.371981e-02 
 1.065848e+01  4.291796e-02 
 1.065888e+01  3.954206e-02 
 1.065928e+01  3.374395e-02 
 1.065967e+01  2.581402e-02 
 1.066007e+01  1.642280e-02 
 1.066047e+01  6.293265e-03 
 1.066087e+01 -3.893970e-03 
 1.066127e+01 -1.333102e-02 
 1.066166e+01 -2.142034e-02 
 1.066206e+01 -2.764444e-02 
 1.066246e+01 -3.164781e-02 
 1.066286e+01 -3.330448e-02 
 1.066325e+01 -3.263802e-02 
 1.066365e+01 -2.975525e-02 
 1.066405e+01 -2.496583e-02 
 1.066445e+01 -1.864677e-02 
 1.066484e+01 -1.145890e-02 
 1.066524e+01 -3.995400e-03 
 1.066564e+01  3.036624e-03 
 1.066604e+01  9.257078e-03 
 1.066644e+01  1.417754e-02 
 1.066683e+01  1.748717e-02 
 1.066723e+01  1.907963e-02 
 1.066763e+01  1.891399e-02 
 1.066803e+01  1.716231e-02 
 1.066842e+01  1.405034e-02 
 1.066882e+01  9.976036e-03 
 1.066922e+01  5.354143e-03 
 1.066962e+01  7.022706e-04 
 1.067001e+01 -3.544373e-03 
 1.067041e+01 -7.017814e-03 
 1.067081e+01 -9.300859e-03 
 1.067121e+01 -1.011702e-02 
 1.067161e+01 -9.370303e-03 
 1.067200e+01 -7.136477e-03 
 1.067240e+01 -3.731733e-03 
 1.067280e+01  5.955047e-04 
 1.067320e+01  5.498059e-03 
 1.067359e+01  1.045948e-02 
 1.067399e+01  1.502208e-02 
 1.067439e+01  1.880620e-02 
 1.067479e+01  2.165130e-02 
 1.067518e+01  2.338848e-02 
 1.067558e+01  2.379981e-02 
 1.067598e+01  2.281227e-02 
 1.067638e+01  2.040488e-02 
 1.067678e+01  1.668258e-02 
 1.067717e+01  1.186314e-02 
 1.067757e+01  6.152425e-03 
 1.067797e+01 -3.802575e-05 
 1.067837e+01 -6.132722e-03 
 1.067876e+01 -1.167310e-02 
 1.067916e+01 -1.607859e-02 
 1.067956e+01 -1.900482e-02 
 1.067996e+01 -2.033611e-02 
 1.068035e+01 -1.990833e-02 
 1.068075e+01 -1.780264e-02 
 1.068115e+01 -1.423399e-02 
 1.068155e+01 -9.532900e-03 
 1.068195e+01 -4.157563e-03 
 1.068234e+01  1.674108e-03 
 1.068274e+01  7.462884e-03 
 1.068314e+01  1.279599e-02 
 1.068354e+01  1.734150e-02 
 1.068393e+01  2.085093e-02 
 1.068433e+01  2.313027e-02 
 1.068473e+01  2.403335e-02 
 1.068513e+01  2.356025e-02 
 1.068552e+01  2.174775e-02 
 1.068592e+01  1.896456e-02 
 1.068632e+01  1.546182e-02 
 1.068672e+01  1.162974e-02 
 1.068712e+01  7.812514e-03 
 1.068751e+01  4.302090e-03 
 1.068791e+01  1.430746e-03 
 1.068831e+01 -6.141120e-04 
 1.068871e+01 -1.668780e-03 
 1.068910e+01 -1.779212e-03 
 1.068950e+01 -8.738133e-04 
 1.068990e+01  8.745143e-04 
 1.069030e+01  3.224896e-03 
 1.069069e+01  5.941075e-03 
 1.069109e+01  8.633194e-03 
 1.069149e+01  1.103006e-02 
 1.069189e+01  1.272958e-02 
 1.069229e+01  1.347866e-02 
 1.069268e+01  1.306262e-02 
 1.069308e+01  1.147573e-02 
 1.069348e+01  8.752444e-03 
 1.069388e+01  4.943023e-03 
 1.069427e+01  2.822035e-04 
 1.069467e+01 -4.842712e-03 
 1.069507e+01 -9.812754e-03 
 1.069547e+01 -1.424929e-02 
 1.069586e+01 -1.768128e-02 
 1.069626e+01 -1.976203e-02 
 1.069666e+01 -2.016289e-02 
 1.069706e+01 -1.877168e-02 
 1.069746e+01 -1.562453e-02 
 1.069785e+01 -1.096125e-02 
 1.069825e+01 -5.202968e-03 
 1.069865e+01  1.515160e-03 
 1.069905e+01  8.604087e-03 
 1.069944e+01  1.572833e-02 
 1.069984e+01  2.237338e-02 
 1.070024e+01  2.810253e-02 
 1.070064e+01  3.252964e-02 
 1.070103e+01  3.529968e-02 
 1.070143e+01  3.626197e-02 
 1.070183e+01  3.529195e-02 
 1.070223e+01  3.258943e-02 
 1.070263e+01  2.855835e-02 
 1.070302e+01  2.347081e-02 
 1.070342e+01  1.783458e-02 
 1.070382e+01  1.213207e-02 
 1.070422e+01  6.879579e-03 
 1.070461e+01  2.534685e-03 
 1.070501e+01 -6.587228e-04 
 1.070541e+01 -2.615330e-03 
 1.070581e+01 -3.174680e-03 
 1.070620e+01 -2.233940e-03 
 1.070660e+01  5.215317e-05 
 1.070700e+01  3.453556e-03 
 1.070740e+01  7.592054e-03 
 1.070780e+01  1.196587e-02 
 1.070819e+01  1.618749e-02 
 1.070859e+01  1.983406e-02 
 1.070899e+01  2.251502e-02 
 1.070939e+01  2.396929e-02 
 1.070978e+01  2.401806e-02 
 1.071018e+01  2.264232e-02 
 1.071058e+01  1.985585e-02 
 1.071098e+01  1.589017e-02 
 1.071137e+01  1.105385e-02 
 1.071177e+01  5.638809e-03 
 1.071217e+01  1.835797e-04 
 1.071257e+01 -4.833048e-03 
 1.071297e+01 -9.009813e-03 
 1.071336e+01 -1.193263e-02 
 1.071376e+01 -1.327909e-02 
 1.071416e+01 -1.288583e-02 
 1.071456e+01 -1.064677e-02 
 1.071495e+01 -6.545819e-03 
 1.071535e+01 -8.458305e-04 
 1.071575e+01  5.995592e-03 
 1.071615e+01  1.346824e-02 
 1.071655e+01  2.105595e-02 
 1.071694e+01  2.819126e-02 
 1.071734e+01  3.437293e-02 
 1.071774e+01  3.908478e-02 
 1.071814e+01  4.186132e-02 
 1.071853e+01  4.266238e-02 
 1.071893e+01  4.133665e-02 
 1.071933e+01  3.785632e-02 
 1.071973e+01  3.243022e-02 
 1.072012e+01  2.537937e-02 
 1.072052e+01  1.714863e-02 
 1.072092e+01  8.402292e-03 
 1.072132e+01 -3.031975e-04 
 1.072172e+01 -8.485206e-03 
 1.072211e+01 -1.542657e-02 
 1.072251e+01 -2.060541e-02 
 1.072291e+01 -2.360664e-02 
 1.072331e+01 -2.427829e-02 
 1.072370e+01 -2.257107e-02 
 1.072410e+01 -1.866108e-02 
 1.072450e+01 -1.289874e-02 
 1.072490e+01 -5.742071e-03 
 1.072529e+01  2.043353e-03 
 1.072569e+01  9.659390e-03 
 1.072609e+01  1.651229e-02 
 1.072649e+01  2.203955e-02 
 1.072689e+01  2.580529e-02 
 1.072728e+01  2.753980e-02 
 1.072768e+01  2.717029e-02 
 1.072808e+01  2.489731e-02 
 1.072848e+01  2.104003e-02 
 1.072887e+01  1.598483e-02 
 1.072927e+01  1.013618e-02 
 1.072967e+01  4.062378e-03 
 1.073007e+01 -1.697267e-03 
 1.073046e+01 -6.482487e-03 
 1.073086e+01 -9.770506e-03 
 1.073126e+01 -1.118143e-02 
 1.073166e+01 -1.049414e-02 
 1.073206e+01 -7.745561e-03 
 1.073245e+01 -3.137910e-03 
 1.073285e+01  2.897828e-03 
 1.073325e+01  9.822250e-03 
 1.073365e+01  1.710097e-02 
 1.073404e+01  2.411383e-02 
 1.073444e+01  3.033144e-02 
 1.073484e+01  3.539271e-02 
 1.073524e+01  3.883265e-02 
 1.073563e+01  4.039333e-02 
 1.073603e+01  3.987967e-02 
 1.073643e+01  3.724550e-02 
 1.073683e+01  3.254625e-02 
 1.073723e+01  2.613200e-02 
 1.073762e+01  1.832473e-02 
 1.073802e+01  9.499594e-03 
 1.073842e+01  2.571638e-04 
 1.073882e+01 -8.775808e-03 
 1.073921e+01 -1.695218e-02 
 1.073961e+01 -2.384956e-02 
 1.074001e+01 -2.888697e-02 
 1.074041e+01 -3.172973e-02 
 1.074080e+01 -3.211998e-02 
 1.074120e+01 -3.002921e-02 
 1.074160e+01 -2.583064e-02 
 1.074200e+01 -1.977312e-02 
 1.074240e+01 -1.238955e-02 
 1.074279e+01 -4.263766e-03 
 1.074319e+01  4.043730e-03 
 1.074359e+01  1.182064e-02 
 1.074399e+01  1.848415e-02 
 1.074438e+01  2.367195e-02 
 1.074478e+01  2.709274e-02 
 1.074518e+01  2.845596e-02 
 1.074558e+01  2.767863e-02 
 1.074597e+01  2.486763e-02 
 1.074637e+01  2.036889e-02 
 1.074677e+01  1.461886e-02 
 1.074717e+01  8.162391e-03 
 1.074757e+01  1.449532e-03 
 1.074796e+01 -4.791088e-03 
 1.074836e+01 -1.005400e-02 
 1.074876e+01 -1.381187e-02 
 1.074916e+01 -1.577263e-02 
 1.074955e+01 -1.572585e-02 
 1.074995e+01 -1.363139e-02 
 1.075035e+01 -9.655580e-03 
 1.075075e+01 -4.153349e-03 
 1.075114e+01  2.404012e-03 
 1.075154e+01  9.345590e-03 
 1.075194e+01  1.612944e-02 
 1.075234e+01  2.220826e-02 
 1.075274e+01  2.697246e-02 
 1.075313e+01  2.989255e-02 
 1.075353e+01  3.061197e-02 
 1.075393e+01  2.899228e-02 
 1.075433e+01  2.501386e-02 
 1.075472e+01  1.901488e-02 
 1.075512e+01  1.142378e-02 
 1.075552e+01  2.868880e-03 
 1.075592e+01 -5.847391e-03 
 1.075631e+01 -1.411679e-02 
 1.075671e+01 -2.125415e-02 
 1.075711e+01 -2.670466e-02 
 1.075751e+01 -3.015933e-02 
 1.075791e+01 -3.140434e-02 
 1.075830e+01 -3.030863e-02 
 1.075870e+01 -2.691281e-02 
 1.075910e+01 -2.155329e-02 
 1.075950e+01 -1.456835e-02 
 1.075989e+01 -6.486474e-03 
 1.076029e+01  2.055525e-03 
 1.076069e+01  1.053564e-02 
 1.076109e+01  1.842616e-02 
 1.076148e+01  2.503500e-02 
 1.076188e+01  2.981522e-02 
 1.076228e+01  3.260063e-02 
 1.076268e+01  3.320877e-02 
 1.076308e+01  3.169030e-02 
 1.076347e+01  2.828621e-02 
 1.076387e+01  2.314547e-02 
 1.076427e+01  1.682029e-02 
 1.076467e+01  9.840833e-03 
 1.076506e+01  2.710585e-03 
 1.076546e+01 -4.021727e-03 
 1.076586e+01 -9.930923e-03 
 1.076626e+01 -1.454190e-02 
 1.076665e+01 -1.757763e-02 
 1.076705e+01 -1.890627e-02 
 1.076745e+01 -1.854158e-02 
 1.076785e+01 -1.668116e-02 
 1.076825e+01 -1.360332e-02 
 1.076864e+01 -9.661671e-03 
 1.076904e+01 -5.306242e-03 
 1.076944e+01 -1.026216e-03 
 1.076984e+01  2.903726e-03 
 1.077023e+01  6.047543e-03 
 1.077063e+01  8.066160e-03 
 1.077103e+01  8.797594e-03 
 1.077143e+01  8.061853e-03 
 1.077182e+01  5.993012e-03 
 1.077222e+01  2.729604e-03 
 1.077262e+01 -1.388195e-03 
 1.077302e+01 -6.096852e-03 
 1.077342e+01 -1.089192e-02 
 1.077381e+01 -1.537004e-02 
 1.077421e+01 -1.909632e-02 
 1.077461e+01 -2.163627e-02 
 1.077501e+01 -2.273302e-02 
 1.077540e+01 -2.231522e-02 
 1.077580e+01 -2.022949e-02 
 1.077620e+01 -1.649792e-02 
 1.077660e+01 -1.143590e-02 
 1.077699e+01 -5.358318e-03 
 1.077739e+01  1.374382e-03 
 1.077779e+01  8.224805e-03 
 1.077819e+01  1.465816e-02 
 1.077859e+01  2.027759e-02 
 1.077898e+01  2.469860e-02 
 1.077938e+01  2.766189e-02 
 1.077978e+01  2.898293e-02 
 1.078018e+01  2.861461e-02 
 1.078057e+01  2.661387e-02 
 1.078097e+01  2.315036e-02 
 1.078137e+01  1.847178e-02 
 1.078177e+01  1.284141e-02 
 1.078216e+01  6.754305e-03 
 1.078256e+01  7.034298e-04 
 1.078296e+01 -4.814551e-03 
 1.078336e+01 -9.329388e-03 
 1.078376e+01 -1.250091e-02 
 1.078415e+01 -1.425778e-02 
 1.078455e+01 -1.440930e-02 
 1.078495e+01 -1.303980e-02 
 1.078535e+01 -1.055181e-02 
 1.078574e+01 -7.236824e-03 
 1.078614e+01 -3.455739e-03 
 1.078654e+01  4.458842e-04 
 1.078694e+01  4.225879e-03 
 1.078733e+01  7.460870e-03 
 1.078773e+01  9.876798e-03 
 1.078813e+01  1.122971e-02 
 1.078853e+01  1.147252e-02 
 1.078893e+01  1.057954e-02 
 1.078932e+01  8.629620e-03 
 1.078972e+01  5.920360e-03 
 1.079012e+01  2.829415e-03 
 1.079052e+01 -3.674903e-04 
 1.079091e+01 -3.181447e-03 
 1.079131e+01 -5.236366e-03 
 1.079171e+01 -6.269693e-03 
 1.079211e+01 -5.875866e-03 
 1.079250e+01 -3.875501e-03 
 1.079290e+01 -4.216485e-04 
 1.079330e+01  4.227924e-03 
 1.079370e+01  9.783669e-03 
 1.079410e+01  1.579483e-02 
 1.079449e+01  2.179723e-02 
 1.079489e+01  2.735717e-02 
 1.079529e+01  3.198719e-02 
 1.079569e+01  3.536361e-02 
 1.079608e+01  3.722767e-02 
 1.079648e+01  3.735537e-02 
 1.079688e+01  3.563904e-02 
 1.079728e+01  3.213714e-02 
 1.079767e+01  2.700008e-02 
 1.079807e+01  2.065621e-02 
 1.079847e+01  1.361770e-02 
 1.079887e+01  6.361565e-03 
 1.079927e+01 -6.451363e-04 
 1.079966e+01 -6.748823e-03 
 1.080006e+01 -1.159515e-02 
 1.080046e+01 -1.487502e-02 
 1.080086e+01 -1.630622e-02 
 1.080125e+01 -1.587013e-02 
 1.080165e+01 -1.370976e-02 
 1.080205e+01 -1.006242e-02 
 1.080245e+01 -5.175801e-03 
 1.080284e+01  4.877079e-04 
 1.080324e+01  6.468512e-03 
 1.080364e+01  1.229947e-02 
 1.080404e+01  1.756134e-02 
 1.080444e+01  2.197326e-02 
 1.080483e+01  2.530889e-02 
 1.080523e+01  2.730328e-02 
 1.080563e+01  2.787551e-02 
 1.080603e+01  2.700469e-02 
 1.080642e+01  2.484654e-02 
 1.080682e+01  2.161323e-02 
 1.080722e+01  1.770038e-02 
 1.080762e+01  1.337206e-02 
 1.080802e+01  9.126725e-03 
 1.080841e+01  5.539900e-03 
 1.080881e+01  3.064888e-03 
 1.080921e+01  1.962739e-03 
 1.080961e+01  2.237546e-03 
 1.081000e+01  4.036125e-03 
 1.081040e+01  7.319363e-03 
 1.081080e+01  1.192539e-02 
 1.081120e+01  1.757105e-02 
 1.081159e+01  2.371303e-02 
 1.081199e+01  2.987944e-02 
 1.081239e+01  3.551478e-02 
 1.081279e+01  4.001430e-02 
 1.081319e+01  4.292269e-02 
 1.081358e+01  4.382561e-02 
 1.081398e+01  4.248379e-02 
 1.081438e+01  3.891664e-02 
 1.081478e+01  3.337175e-02 
 1.081517e+01  2.609406e-02 
 1.081557e+01  1.750979e-02 
 1.081597e+01  8.304222e-03 
 1.081637e+01 -1.078748e-03 
 1.081676e+01 -9.981472e-03 
 1.081716e+01 -1.768439e-02 
 1.081756e+01 -2.369007e-02 
 1.081796e+01 -2.754574e-02 
 1.081836e+01 -2.900988e-02 
 1.081875e+01 -2.793971e-02 
 1.081915e+01 -2.440771e-02 
 1.081955e+01 -1.870033e-02 
 1.081995e+01 -1.114288e-02 
 1.082034e+01 -2.295005e-03 
 1.082074e+01  7.163146e-03 
 1.082114e+01  1.647616e-02 
 1.082154e+01  2.495631e-02 
 1.082193e+01  3.203501e-02 
 1.082233e+01  3.712009e-02 
 1.082273e+01  3.984065e-02 
 1.082313e+01  4.007852e-02 
 1.082353e+01  3.793471e-02 
 1.082392e+01  3.366261e-02 
 1.082432e+01  2.761905e-02 
 1.082472e+01  2.042749e-02 
 1.082512e+01  1.265784e-02 
 1.082551e+01  4.914921e-03 
 1.082591e+01 -2.084246e-03 
 1.082631e+01 -7.745204e-03 
 1.082671e+01 -1.156041e-02 
 1.082710e+01 -1.332560e-02 
 1.082750e+01 -1.294577e-02 
 1.082790e+01 -1.067707e-02 
 1.082830e+01 -6.752391e-03 
 1.082870e+01 -1.608510e-03 
 1.082909e+01  4.136603e-03 
 1.082949e+01  1.003406e-02 
 1.082989e+01  1.551512e-02 
 1.083029e+01  2.004861e-02 
 1.083068e+01  2.342381e-02 
 1.083108e+01  2.520242e-02 
 1.083148e+01  2.508430e-02 
 1.083188e+01  2.288456e-02 
 1.083227e+01  1.885006e-02 
 1.083267e+01  1.321818e-02 
 1.083307e+01  6.300443e-03 
 1.083347e+01 -1.283448e-03 
 1.083387e+01 -9.028632e-03 
 1.083426e+01 -1.632830e-02 
 1.083466e+01 -2.251131e-02 
 1.083506e+01 -2.706472e-02 
 1.083546e+01 -2.963535e-02 
 1.083585e+01 -2.984120e-02 
 1.083625e+01 -2.760949e-02 
 1.083665e+01 -2.307020e-02 
 1.083705e+01 -1.649738e-02 
 1.083744e+01 -8.460930e-03 
 1.083784e+01  4.730551e-04 
 1.083824e+01  9.787526e-03 
 1.083864e+01  1.881419e-02 
 1.083904e+01  2.696392e-02 
 1.083943e+01  3.386544e-02 
 1.083983e+01  3.899022e-02 
 1.084023e+01  4.193907e-02 
 1.084063e+01  4.250039e-02 
 1.084102e+01  4.064706e-02 
 1.084142e+01  3.640302e-02 
 1.084182e+01  3.005875e-02 
 1.084222e+01  2.216796e-02 
 1.084261e+01  1.331276e-02 
 1.084301e+01  4.049807e-03 
 1.084341e+01 -4.749555e-03 
 1.084381e+01 -1.246110e-02 
 1.084421e+01 -1.855838e-02 
 1.084460e+01 -2.268266e-02 
 1.084500e+01 -2.460230e-02 
 1.084540e+01 -2.435612e-02 
 1.084580e+01 -2.197384e-02 
 1.084619e+01 -1.780393e-02 
 1.084659e+01 -1.246497e-02 
 1.084699e+01 -6.416936e-03 
 1.084739e+01 -3.084205e-04 
 1.084778e+01  5.322040e-03 
 1.084818e+01  9.972138e-03 
 1.084858e+01  1.323147e-02 
 1.084898e+01  1.480618e-02 
 1.084938e+01  1.445388e-02 
 1.084977e+01  1.231319e-02 
 1.085017e+01  8.552872e-03 
 1.085057e+01  3.519889e-03 
 1.085097e+01 -2.199238e-03 
 1.085136e+01 -8.239366e-03 
 1.085176e+01 -1.396384e-02 
 1.085216e+01 -1.875638e-02 
 1.085256e+01 -2.225298e-02 
 1.085295e+01 -2.394630e-02 
 1.085335e+01 -2.381788e-02 
 1.085375e+01 -2.175824e-02 
 1.085415e+01 -1.783079e-02 
 1.085455e+01 -1.212336e-02 
 1.085494e+01 -5.105939e-03 
 1.085534e+01  2.554660e-03 
 1.085574e+01  1.032691e-02 
 1.085614e+01  1.770263e-02 
 1.085653e+01  2.405133e-02 
 1.085693e+01  2.893765e-02 
 1.085733e+01  3.201540e-02 
 1.085773e+01  3.289652e-02 
 1.085812e+01  3.158577e-02 
 1.085852e+01  2.835346e-02 
 1.085892e+01  2.324651e-02 
 1.085932e+01  1.672056e-02 
 1.085972e+01  9.183272e-03 
 1.086011e+01  1.200741e-03 
 1.086051e+01 -6.633459e-03 
 1.086091e+01 -1.382417e-02 
 1.086131e+01 -1.989647e-02 
 1.086170e+01 -2.439572e-02 
 1.086210e+01 -2.713505e-02 
 1.086250e+01 -2.781286e-02 
 1.086290e+01 -2.658504e-02 
 1.086329e+01 -2.359606e-02 
 1.086369e+01 -1.922095e-02 
 1.086409e+01 -1.394712e-02 
 1.086449e+01 -8.151062e-03 
 1.086489e+01 -2.294885e-03 
 1.086528e+01  3.149433e-03 
 1.086568e+01  7.841373e-03 
 1.086608e+01  1.145355e-02 
 1.086648e+01  1.371452e-02 
 1.086687e+01  1.447316e-02 
 1.086727e+01  1.393498e-02 
 1.086767e+01  1.221303e-02 
 1.086807e+01  9.548051e-03 
 1.086846e+01  6.271695e-03 
 1.086886e+01  2.636532e-03 
 1.086926e+01 -8.862990e-04 
 1.086966e+01 -3.998756e-03 
 1.087006e+01 -6.298684e-03 
 1.087045e+01 -7.615630e-03 
 1.087085e+01 -7.673469e-03 
 1.087125e+01 -6.445003e-03 
 1.087165e+01 -4.004550e-03 
 1.087204e+01 -4.843730e-04 
 1.087244e+01  3.851314e-03 
 1.087284e+01  8.498928e-03 
 1.087324e+01  1.309975e-02 
 1.087363e+01  1.724928e-02 
 1.087403e+01  2.052664e-02 
 1.087443e+01  2.262338e-02 
 1.087483e+01  2.329672e-02 
 1.087523e+01  2.236068e-02 
 1.087562e+01  1.969720e-02 
 1.087602e+01  1.558955e-02 
 1.087642e+01  1.021837e-02 
 1.087682e+01  3.984310e-03 
 1.087721e+01 -2.683229e-03 
 1.087761e+01 -9.317737e-03 
 1.087801e+01 -1.524685e-02 
 1.087841e+01 -2.000016e-02 
 1.087880e+01 -2.324104e-02 
 1.087920e+01 -2.484399e-02 
 1.087960e+01 -2.465441e-02 
 1.088000e+01 -2.274898e-02 
 1.088040e+01 -1.927859e-02 
 1.088079e+01 -1.442709e-02 
 1.088119e+01 -8.663834e-03 
 1.088159e+01 -2.439513e-03 
 1.088199e+01  3.880186e-03 
 1.088238e+01  9.845325e-03 
 1.088278e+01  1.505362e-02 
 1.088318e+01  1.911449e-02 
 1.088358e+01  2.184580e-02 
 1.088397e+01  2.315448e-02 
 1.088437e+01  2.306308e-02 
 1.088477e+01  2.169328e-02 
 1.088517e+01  1.925961e-02 
 1.088557e+01  1.607397e-02 
 1.088596e+01  1.260571e-02 
 1.088636e+01  9.248014e-03 
 1.088676e+01  6.379053e-03 
 1.088716e+01  4.363683e-03 
 1.088755e+01  3.468206e-03 
 1.088795e+01  3.736786e-03 
 1.088835e+01  5.267841e-03 
 1.088875e+01  7.793581e-03 
 1.088914e+01  1.110798e-02 
 1.088954e+01  1.502389e-02 
 1.088994e+01  1.909421e-02 
 1.089034e+01  2.296099e-02 
 1.089074e+01  2.615331e-02 
 1.089113e+01  2.835588e-02 
 1.089153e+01  2.929618e-02 
 1.089193e+01  2.874826e-02 
 1.089233e+01  2.666524e-02 
 1.089272e+01  2.309859e-02 
 1.089312e+01  1.824499e-02 
 1.089352e+01  1.244585e-02 
 1.089392e+01  6.120377e-03 
 1.089431e+01 -2.250610e-04 
 1.089471e+01 -6.081216e-03 
 1.089511e+01 -1.095566e-02 
 1.089551e+01 -1.438454e-02 
 1.089591e+01 -1.600764e-02 
 1.089630e+01 -1.569985e-02 
 1.089670e+01 -1.347074e-02 
 1.089710e+01 -9.467729e-03 
 1.089750e+01 -4.046185e-03 
 1.089789e+01  2.409707e-03 
 1.089829e+01  9.476323e-03 
 1.089869e+01  1.662756e-02 
 1.089909e+01  2.334923e-02 
 1.089948e+01  2.913288e-02 
 1.089988e+01  3.370643e-02 
 1.090028e+01  3.680334e-02 
 1.090068e+01  3.820077e-02 
 1.090108e+01  3.781587e-02 
 1.090147e+01  3.565002e-02 
 1.090187e+01  3.189958e-02 
 1.090227e+01  2.689342e-02 
 1.090267e+01  2.093713e-02 
 1.090306e+01  1.442532e-02 
 1.090346e+01  7.841248e-03 
 1.090386e+01  1.701565e-03 
 1.090426e+01 -3.378468e-03 
 1.090466e+01 -7.003835e-03 
 1.090505e+01 -8.889033e-03 
 1.090545e+01 -8.974407e-03 
 1.090585e+01 -7.287537e-03 
 1.090625e+01 -3.991105e-03 
 1.090664e+01  5.300443e-04 
 1.090704e+01  5.813878e-03 
 1.090744e+01  1.124714e-02 
 1.090784e+01  1.631424e-02 
 1.090823e+01  2.056333e-02 
 1.090863e+01  2.357896e-02 
 1.090903e+01  2.496376e-02 
 1.090943e+01  2.457450e-02 
 1.090983e+01  2.234119e-02 
 1.091022e+01  1.835500e-02 
 1.091062e+01  1.295960e-02 
 1.091102e+01  6.528487e-03 
 1.091142e+01 -3.646156e-04 
 1.091181e+01 -7.054281e-03 
 1.091221e+01 -1.300026e-02 
 1.091261e+01 -1.771926e-02 
 1.091301e+01 -2.061620e-02 
 1.091340e+01 -2.142114e-02 
 1.091380e+01 -1.993528e-02 
 1.091420e+01 -1.621418e-02 
 1.091460e+01 -1.051618e-02 
 1.091500e+01 -3.118627e-03 
 1.091539e+01  5.394008e-03 
 1.091579e+01  1.446506e-02 
 1.091619e+01  2.348109e-02 
 1.091659e+01  3.178707e-02 
 1.091698e+01  3.883051e-02 
 1.091738e+01  4.407130e-02 
 1.091778e+01  4.715889e-02 
 1.091818e+01  4.780136e-02 
 1.091857e+01  4.585214e-02 
 1.091897e+01  4.143180e-02 
 1.091937e+01  3.486229e-02 
 1.091977e+01  2.657917e-02 
 1.092017e+01  1.720180e-02 
 1.092056e+01  7.455482e-03 
 1.092096e+01 -1.978432e-03 
 1.092136e+01 -1.050379e-02 
 1.092176e+01 -1.746502e-02 
 1.092215e+01 -2.238437e-02 
 1.092255e+01 -2.499720e-02 
 1.092295e+01 -2.535301e-02 
 1.092335e+01 -2.346953e-02 
 1.092374e+01 -1.961383e-02 
 1.092414e+01 -1.412455e-02 
 1.092454e+01 -7.535721e-03 
 1.092494e+01 -4.518332e-04 
 1.092534e+01  6.392401e-03 
 1.092573e+01  1.249610e-02 
 1.092613e+01  1.733974e-02 
 1.092653e+01  2.053010e-02 
 1.092693e+01  2.184673e-02 
 1.092732e+01  2.125977e-02 
 1.092772e+01  1.889885e-02 
 1.092812e+01  1.506031e-02 
 1.092852e+01  1.016448e-02 
 1.092891e+01  4.556407e-03 
 1.092931e+01 -1.268849e-03 
 1.092971e+01 -6.790921e-03 
 1.093011e+01 -1.148225e-02 
 1.093051e+01 -1.490881e-02 
 1.093090e+01 -1.676384e-02 
 1.093130e+01 -1.690322e-02 
 1.093170e+01 -1.513984e-02 
 1.093210e+01 -1.147610e-02 
 1.093249e+01 -6.186556e-03 
 1.093289e+01  4.666516e-04 
 1.093329e+01  8.054268e-03 
 1.093369e+01  1.596405e-02 
 1.093408e+01  2.353691e-02 
 1.093448e+01  3.005652e-02 
 1.093488e+01  3.492170e-02 
 1.093528e+01  3.778317e-02 
 1.093568e+01  3.836921e-02 
 1.093607e+01  3.657714e-02 
 1.093647e+01  3.248860e-02 
 1.093687e+01  2.638676e-02 
 1.093727e+01  1.872318e-02 
 1.093766e+01  9.956476e-03 
 1.093806e+01  6.598131e-04 
 1.093846e+01 -8.459028e-03 
 1.093886e+01 -1.684180e-02 
 1.093925e+01 -2.387805e-02 
 1.093965e+01 -2.895125e-02 
 1.094005e+01 -3.170444e-02 
 1.094045e+01 -3.197370e-02 
 1.094085e+01 -2.968378e-02 
 1.094124e+01 -2.503916e-02 
 1.094164e+01 -1.843717e-02 
 1.094204e+01 -1.046727e-02 
 1.094244e+01 -1.766643e-03 
 1.094283e+01  6.997229e-03 
 1.094323e+01  1.517743e-02 
 1.094363e+01  2.215462e-02 
 1.094403e+01  2.752885e-02 
 1.094442e+01  3.093769e-02 
 1.094482e+01  3.219730e-02 
 1.094522e+01  3.118110e-02 
 1.094562e+01  2.824443e-02 
 1.094602e+01  2.377632e-02 
 1.094641e+01  1.813154e-02 
 1.094681e+01  1.195889e-02 
 1.094721e+01  5.785388e-03 
 1.094761e+01  1.894995e-04 
 1.094800e+01 -4.188787e-03 
 1.094840e+01 -7.002804e-03 
 1.094880e+01 -8.143990e-03 
 1.094920e+01 -7.597756e-03 
 1.094959e+01 -5.423871e-03 
 1.094999e+01 -1.842865e-03 
 1.095039e+01  2.770455e-03 
 1.095079e+01  7.944204e-03 
 1.095119e+01  1.306394e-02 
 1.095158e+01  1.766392e-02 
 1.095198e+01  2.147652e-02 
 1.095238e+01  2.413880e-02 
 1.095278e+01  2.523385e-02 
 1.095317e+01  2.458994e-02 
 1.095357e+01  2.203128e-02 
 1.095397e+01  1.767405e-02 
 1.095437e+01  1.174052e-02 
 1.095476e+01  4.515121e-03 
 1.095516e+01 -3.413799e-03 
 1.095556e+01 -1.141623e-02 
 1.095596e+01 -1.869007e-02 
 1.095636e+01 -2.468759e-02 
 1.095675e+01 -2.891819e-02 
 1.095715e+01 -3.111259e-02 
 1.095755e+01 -3.127119e-02 
 1.095795e+01 -2.945559e-02 
 1.095834e+01 -2.593217e-02 
 1.095874e+01 -2.090939e-02 
 1.095914e+01 -1.475769e-02 
 1.095954e+01 -7.903663e-03 
 1.095993e+01 -7.774173e-04 
 1.096033e+01  6.090554e-03 
 1.096073e+01  1.241712e-02 
 1.096113e+01  1.773072e-02 
 1.096153e+01  2.168930e-02 
 1.096192e+01  2.416626e-02 
 1.096232e+01  2.498196e-02 
 1.096272e+01  2.401678e-02 
 1.096312e+01  2.156587e-02 
 1.096351e+01  1.783788e-02 
 1.096391e+01  1.312090e-02 
 1.096431e+01  7.909844e-03 
 1.096471e+01  2.747759e-03 
 1.096510e+01 -1.869448e-03 
 1.096550e+01 -5.664713e-03 
 1.096590e+01 -8.332866e-03 
 1.096630e+01 -9.664222e-03 
 1.096670e+01 -9.649466e-03 
 1.096709e+01 -8.445715e-03 
 1.096749e+01 -6.086902e-03 
 1.096789e+01 -2.931310e-03 
 1.096829e+01  8.338848e-04 
 1.096868e+01  4.635619e-03 
 1.096908e+01  8.047972e-03 
 1.096948e+01  1.074343e-02 
 1.096988e+01  1.242094e-02 
 1.097027e+01  1.287440e-02 
 1.097067e+01  1.192369e-02 
 1.097107e+01  9.561817e-03 
 1.097147e+01  6.002516e-03 
 1.097187e+01  1.600604e-03 
 1.097226e+01 -3.154372e-03 
 1.097266e+01 -7.806912e-03 
 1.097306e+01 -1.204703e-02 
 1.097346e+01 -1.552261e-02 
 1.097385e+01 -1.786739e-02 
 1.097425e+01 -1.883392e-02 
 1.097465e+01 -1.820119e-02 
 1.097505e+01 -1.605994e-02 
 1.097544e+01 -1.244753e-02 
 1.097584e+01 -7.494544e-03 
 1.097624e+01 -1.528546e-03 
 1.097664e+01  4.867187e-03 
 1.097704e+01  1.120677e-02 
 1.097743e+01  1.694806e-02 
 1.097783e+01  2.169302e-02 
 1.097823e+01  2.511265e-02 
 1.097863e+01  2.707487e-02 
 1.097902e+01  2.740589e-02 
 1.097942e+01  2.612086e-02 
 1.097982e+01  2.338771e-02 
 1.098022e+01  1.935650e-02 
 1.098061e+01  1.443224e-02 
 1.098101e+01  9.039007e-03 
 1.098141e+01  3.551534e-03 
 1.098181e+01 -1.662591e-03 
 1.098221e+01 -6.284056e-03 
 1.098260e+01 -1.000092e-02 
 1.098300e+01 -1.261659e-02 
 1.098340e+01 -1.397611e-02 
 1.098380e+01 -1.387791e-02 
 1.098419e+01 -1.239081e-02 
 1.098459e+01 -9.521420e-03 
 1.098499e+01 -5.636839e-03 
 1.098539e+01 -1.141482e-03 
 1.098578e+01  3.402109e-03 
 1.098618e+01  7.437616e-03 
 1.098658e+01  1.061076e-02 
 1.098698e+01  1.266873e-02 
 1.098738e+01  1.345850e-02 
 1.098777e+01  1.284905e-02 
 1.098817e+01  1.108263e-02 
 1.098857e+01  8.344614e-03 
 1.098897e+01  4.904509e-03 
 1.098936e+01  9.987796e-04 
 1.098976e+01 -2.896739e-03 
 1.099016e+01 -6.400312e-03 
 1.099056e+01 -9.090086e-03 
 1.099095e+01 -1.056399e-02 
 1.099135e+01 -1.053279e-02 
 1.099175e+01 -8.825506e-03 
 1.099215e+01 -5.393062e-03 
 1.099255e+01 -5.262502e-04 
 1.099294e+01  5.475845e-03 
 1.099334e+01  1.219794e-02 
 1.099374e+01  1.917437e-02 
 1.099414e+01  2.588090e-02 
 1.099453e+01  3.188344e-02 
 1.099493e+01  3.674541e-02 
 1.099533e+01  3.995711e-02 
 1.099573e+01  4.132769e-02 
 1.099613e+01  4.079312e-02 
 1.099652e+01  3.829906e-02 
 1.099692e+01  3.391870e-02 
 1.099732e+01  2.791494e-02 
 1.099772e+01  2.062335e-02 
 1.099811e+01  1.255619e-02 
 1.099851e+01  4.190598e-03 
 1.099891e+01 -3.947558e-03 
 1.099931e+01 -1.114868e-02 
 1.099970e+01 -1.676887e-02 
 1.100010e+01 -2.035211e-02 
 1.100050e+01 -2.171427e-02 
 1.100090e+01 -2.073582e-02 
 1.100130e+01 -1.764007e-02 
 1.100169e+01 -1.273183e-02 
 1.100209e+01 -6.438681e-03 
 1.100249e+01  5.800701e-04 
 1.100289e+01  7.770239e-03 
 1.100328e+01  1.454266e-02 
 1.100368e+01  2.035680e-02 
 1.100408e+01  2.479404e-02 
 1.100448e+01  2.758572e-02 
 1.100487e+01  2.855162e-02 
 1.100527e+01  2.749969e-02 
 1.100567e+01  2.461921e-02 
 1.100607e+01  2.022987e-02 
 1.100647e+01  1.466323e-02 
 1.100686e+01  8.607766e-03 
 1.100726e+01  2.544781e-03 
 1.100766e+01 -2.977771e-03 
 1.100806e+01 -7.486735e-03 
 1.100845e+01 -1.051377e-02 
 1.100885e+01 -1.171249e-02 
 1.100925e+01 -1.101645e-02 
 1.100965e+01 -8.447273e-03 
 1.101004e+01 -4.214677e-03 
 1.101044e+01  1.417207e-03 
 1.101084e+01  8.110155e-03 
 1.101124e+01  1.520072e-02 
 1.101164e+01  2.211864e-02 
 1.101203e+01  2.836528e-02 
 1.101243e+01  3.359059e-02 
 1.101283e+01  3.720563e-02 
 1.101323e+01  3.888002e-02 
 1.101362e+01  3.832854e-02 
 1.101402e+01  3.536375e-02 
 1.101442e+01  3.011329e-02 
 1.101482e+01  2.284823e-02 
 1.101521e+01  1.408609e-02 
 1.101561e+01  4.584398e-03 
 1.101601e+01 -4.845993e-03 
 1.101641e+01 -1.348408e-02 
 1.101681e+01 -2.067009e-02 
 1.101720e+01 -2.568307e-02 
 1.101760e+01 -2.835536e-02 
 1.101800e+01 -2.845660e-02 
 1.101840e+01 -2.596544e-02 
 1.101879e+01 -2.119953e-02 
 1.101919e+01 -1.453675e-02 
 1.101959e+01 -6.366105e-03 
 1.101999e+01  2.852439e-03 
 1.102038e+01  1.233556e-02 
 1.102078e+01  2.154446e-02 
 1.102118e+01  2.978381e-02 
 1.102158e+01  3.650651e-02 
 1.102198e+01  4.131867e-02 
 1.102237e+01  4.383561e-02 
 1.102277e+01  4.394076e-02 
 1.102317e+01  4.177668e-02 
 1.102357e+01  3.770861e-02 
 1.102396e+01  3.211617e-02 
 1.102436e+01  2.548606e-02 
 1.102476e+01  1.844509e-02 
 1.102516e+01  1.143993e-02 
 1.102555e+01  5.008954e-03 
 1.102595e+01 -3.069458e-04 
 1.102635e+01 -4.133927e-03 
 1.102675e+01 -6.146341e-03 
 1.102715e+01 -6.255975e-03 
 1.102754e+01 -4.569626e-03 
 1.102794e+01 -1.325772e-03 
 1.102834e+01  3.232860e-03 
 1.102874e+01  8.520466e-03 
 1.102913e+01  1.409953e-02 
 1.102953e+01  1.944966e-02 
 1.102993e+01  2.404914e-02 
 1.103033e+01  2.746901e-02 
 1.103072e+01  2.933218e-02 
 1.103112e+01  2.943117e-02 
 1.103152e+01  2.743496e-02 
 1.103192e+01  2.341800e-02 
 1.103232e+01  1.770969e-02 
 1.103271e+01  1.074808e-02 
 1.103311e+01  3.126409e-03 
 1.103351e+01 -4.699529e-03 
 1.103391e+01 -1.210133e-02 
 1.103430e+01 -1.848101e-02 
 1.103470e+01 -2.334607e-02 
 1.103510e+01 -2.626777e-02 
 1.103550e+01 -2.696684e-02 
 1.103589e+01 -2.512335e-02 
 1.103629e+01 -2.088732e-02 
 1.103669e+01 -1.461444e-02 
 1.103709e+01 -6.768029e-03 
 1.103749e+01  2.005282e-03 
 1.103788e+01  1.105154e-02 
 1.103828e+01  1.961658e-02 
 1.103868e+01  2.717859e-02 
 1.103908e+01  3.317562e-02 
 1.103947e+01  3.732187e-02 
 1.103987e+01  3.932177e-02 
 1.104027e+01  3.908803e-02 
 1.104067e+01  3.674001e-02 
 1.104106e+01  3.244194e-02 
 1.104146e+01  2.653107e-02 
 1.104186e+01  1.951595e-02 
 1.104226e+01  1.193470e-02 
 1.104266e+01  4.251112e-03 
 1.104305e+01 -3.054959e-03 
 1.104345e+01 -9.282665e-03 
 1.104385e+01 -1.396976e-02 
 1.104425e+01 -1.683135e-02 
 1.104464e+01 -1.762199e-02 
 1.104504e+01 -1.644394e-02 
 1.104544e+01 -1.339114e-02 
 1.104584e+01 -8.919536e-03 
 1.104623e+01 -3.592403e-03 
 1.104663e+01  1.952363e-03 
 1.104703e+01  7.177311e-03 
 1.104743e+01  1.158649e-02 
 1.104783e+01  1.479518e-02 
 1.104822e+01  1.660263e-02 
 1.104862e+01  1.695137e-02 
 1.104902e+01  1.573769e-02 
 1.104942e+01  1.312382e-02 
 1.104981e+01  9.356320e-03 
 1.105021e+01  4.719536e-03 
 1.105061e+01 -4.098186e-04 
 1.105101e+01 -5.581920e-03 
 1.105140e+01 -1.032461e-02 
 1.105180e+01 -1.416468e-02 
 1.105220e+01 -1.665535e-02 
 1.105260e+01 -1.762807e-02 
 1.105300e+01 -1.706922e-02 
 1.105339e+01 -1.501496e-02 
 1.105379e+01 -1.167955e-02 
 1.105419e+01 -7.277537e-03 
 1.105459e+01 -1.980090e-03 
 1.105498e+01  3.788765e-03 
 1.105538e+01  9.499624e-03 
 1.105578e+01  1.471102e-02 
 1.105618e+01  1.905288e-02 
 1.105657e+01  2.206802e-02 
 1.105697e+01  2.346791e-02 
 1.105737e+01  2.316764e-02 
 1.105777e+01  2.110714e-02 
 1.105817e+01  1.755265e-02 
 1.105856e+01  1.267649e-02 
 1.105896e+01  6.720348e-03 
 1.105936e+01  1.040991e-04 
 1.105976e+01 -6.696395e-03 
 1.106015e+01 -1.322883e-02 
 1.106055e+01 -1.911488e-02 
 1.106095e+01 -2.378901e-02 
 1.106135e+01 -2.693615e-02 
 1.106174e+01 -2.839540e-02 
 1.106214e+01 -2.804475e-02 
 1.106254e+01 -2.610669e-02 
 1.106294e+01 -2.284068e-02 
 1.106334e+01 -1.865423e-02 
 1.106373e+01 -1.386570e-02 
 1.106413e+01 -8.722413e-03 
 1.106453e+01 -3.628378e-03 
 1.106493e+01  9.954479e-04 
 1.106532e+01  4.721604e-03 
 1.106572e+01  7.262266e-03 
 1.106612e+01  8.409941e-03 
 1.106652e+01  8.069629e-03 
 1.106691e+01  6.432984e-03 
 1.106731e+01  3.892719e-03 
 1.106771e+01  8.252809e-04 
 1.106811e+01 -2.360896e-03 
 1.106851e+01 -5.190505e-03 
 1.106890e+01 -7.286865e-03 
 1.106930e+01 -8.337174e-03 
 1.106970e+01 -8.232138e-03 
 1.107010e+01 -6.967122e-03 
 1.107049e+01 -4.575735e-03 
 1.107089e+01 -1.280607e-03 
 1.107129e+01  2.660851e-03 
 1.107169e+01  6.967241e-03 
 1.107208e+01  1.135550e-02 
 1.107248e+01  1.557023e-02 
 1.107288e+01  1.912362e-02 
 1.107328e+01  2.176512e-02 
 1.107368e+01  2.326368e-02 
 1.107407e+01  2.336448e-02 
 1.107447e+01  2.194788e-02 
 1.107487e+01  1.907893e-02 
 1.107527e+01  1.487633e-02 
 1.107566e+01  9.628838e-03 
 1.107606e+01  3.787469e-03 
 1.107646e+01 -2.217805e-03 
 1.107686e+01 -7.912639e-03 
 1.107725e+01 -1.292782e-02 
 1.107765e+01 -1.697127e-02 
 1.107805e+01 -1.969069e-02 
 1.107845e+01 -2.087251e-02 
 1.107885e+01 -2.050362e-02 
 1.107924e+01 -1.865929e-02 
 1.107964e+01 -1.542035e-02 
 1.108004e+01 -1.097318e-02 
 1.108044e+01 -5.673840e-03 
 1.108083e+01  6.521827e-05 
 1.108123e+01  5.779907e-03 
 1.108163e+01  1.103413e-02 
 1.108203e+01  1.554103e-02 
 1.108242e+01  1.890077e-02 
 1.108282e+01  2.086416e-02 
 1.108322e+01  2.137797e-02 
 1.108362e+01  2.051471e-02 
 1.108402e+01  1.834361e-02 
 1.108441e+01  1.523919e-02 
 1.108481e+01  1.150431e-02 
 1.108521e+01  7.533496e-03 
 1.108561e+01  3.733482e-03 
 1.108600e+01  6.495840e-04 
 1.108640e+01 -1.395406e-03 
 1.108680e+01 -2.153488e-03 
 1.108720e+01 -1.560999e-03 
 1.108760e+01  3.918571e-04 
 1.108799e+01  3.529453e-03 
 1.108839e+01  7.548960e-03 
 1.108879e+01  1.207197e-02 
 1.108919e+01  1.669767e-02 
 1.108958e+01  2.109406e-02 
 1.108998e+01  2.478701e-02 
 1.109038e+01  2.734463e-02 
 1.109078e+01  2.853297e-02 
 1.109117e+01  2.817562e-02 
 1.109157e+01  2.614661e-02 
 1.109197e+01  2.256033e-02 
 1.109237e+01  1.762126e-02 
 1.109277e+01  1.164747e-02 
 1.109316e+01  5.053346e-03 
 1.109356e+01 -1.735778e-03 
 1.109396e+01 -8.227715e-03 
 1.109436e+01 -1.403220e-02 
 1.109475e+01 -1.870069e-02 
 1.109515e+01 -2.184702e-02 
 1.109555e+01 -2.308900e-02 
 1.109595e+01 -2.210632e-02 
 1.109634e+01 -1.895620e-02 
 1.109674e+01 -1.378212e-02 
 1.109714e+01 -6.830732e-03 
 1.109754e+01  1.322145e-03 
 1.109794e+01  1.001786e-02 
 1.109833e+01  1.874911e-02 
 1.109873e+01  2.672294e-02 
 1.109913e+01  3.340380e-02 
 1.109953e+01  3.835888e-02 
 1.109992e+01  4.143655e-02 
 1.110032e+01  4.251724e-02 
 1.110072e+01  4.159939e-02 
 1.110112e+01  3.877327e-02 
 1.110151e+01  3.419983e-02 
 1.110191e+01  2.836577e-02 
 1.110231e+01  2.177871e-02 
 1.110271e+01  1.489968e-02 
 1.110311e+01  8.301711e-03 
 1.110350e+01  2.574614e-03 
 1.110390e+01 -1.763149e-03 
 1.110430e+01 -4.378532e-03 
 1.110470e+01 -5.100240e-03 
 1.110509e+01 -4.008881e-03 
 1.110549e+01 -1.309186e-03 
 1.110589e+01  2.774559e-03 
 1.110629e+01  7.840232e-03 
 1.110668e+01  1.340697e-02 
 1.110708e+01  1.897419e-02 
 1.110748e+01  2.391823e-02 
 1.110788e+01  2.782614e-02 
 1.110828e+01  3.033082e-02 
 1.110867e+01  3.108024e-02 
 1.110907e+01  2.988240e-02 
 1.110947e+01  2.668905e-02 
 1.110987e+01  2.183393e-02 
 1.111026e+01  1.555251e-02 
 1.111066e+01  8.322988e-03 
 1.111106e+01  7.219384e-04 
 1.111146e+01 -6.668681e-03 
 1.111185e+01 -1.321743e-02 
 1.111225e+01 -1.834162e-02 
 1.111265e+01 -2.158961e-02 
 1.111305e+01 -2.247058e-02 
 1.111345e+01 -2.088018e-02 
 1.111384e+01 -1.692945e-02 
 1.111424e+01 -1.089993e-02 
 1.111464e+01 -3.187131e-03 
 1.111504e+01  5.673248e-03 
 1.111543e+01  1.495603e-02 
 1.111583e+01  2.404566e-02 
 1.111623e+01  3.228451e-02 
 1.111663e+01  3.908786e-02 
 1.111702e+01  4.395890e-02 
 1.111742e+01  4.661969e-02 
 1.111782e+01  4.691480e-02 
 1.111822e+01  4.484452e-02 
 1.111862e+01  4.059204e-02 
 1.111901e+01  3.441956e-02 
 1.111941e+01  2.684558e-02 
 1.111981e+01  1.839326e-02 
 1.112021e+01  9.628400e-03 
 1.112060e+01  1.256289e-03 
 1.112100e+01 -6.142479e-03 
 1.112140e+01 -1.216266e-02 
 1.112180e+01 -1.631981e-02 
 1.112219e+01 -1.842135e-02 
 1.112259e+01 -1.846478e-02 
 1.112299e+01 -1.662185e-02 
 1.112339e+01 -1.310264e-02 
 1.112379e+01 -8.139425e-03 
 1.112418e+01 -2.143942e-03 
 1.112458e+01  4.397311e-03 
 1.112498e+01  1.086188e-02 
 1.112538e+01  1.662937e-02 
 1.112577e+01  2.122736e-02 
 1.112617e+01  2.425827e-02 
 1.112657e+01  2.536156e-02 
 1.112697e+01  2.438324e-02 
 1.112736e+01  2.151922e-02 
 1.112776e+01  1.708348e-02 
 1.112816e+01  1.154293e-02 
 1.112856e+01  5.464301e-03 
 1.112896e+01 -6.113555e-04 
 1.112935e+01 -6.140429e-03 
 1.112975e+01 -1.058375e-02 
 1.113015e+01 -1.354898e-02 
 1.113055e+01 -1.468904e-02 
 1.113094e+01 -1.388087e-02 
 1.113134e+01 -1.113574e-02 
 1.113174e+01 -6.525903e-03 
 1.113214e+01 -3.433185e-04 
 1.113253e+01  6.885138e-03 
 1.113293e+01  1.448097e-02 
 1.113333e+01  2.187369e-02 
 1.113373e+01  2.840960e-02 
 1.113413e+01  3.350142e-02 
 1.113452e+01  3.681457e-02 
 1.113492e+01  3.805828e-02 
 1.113532e+01  3.709877e-02 
 1.113572e+01  3.390414e-02 
 1.113611e+01  2.858883e-02 
 1.113651e+01  2.149163e-02 
 1.113691e+01  1.317618e-02 
 1.113731e+01  4.187696e-03 
 1.113770e+01 -4.892646e-03 
 1.113810e+01 -1.337281e-02 
 1.113850e+01 -2.069607e-02 
 1.113890e+01 -2.644497e-02 
 1.113930e+01 -3.032267e-02 
 1.113969e+01 -3.212972e-02 
 1.114009e+01 -3.190796e-02 
 1.114049e+01 -2.978255e-02 
 1.114089e+01 -2.587988e-02 
 1.114128e+01 -2.054744e-02 
 1.114168e+01 -1.420852e-02 
 1.114208e+01 -7.296249e-03 
 1.114248e+01 -4.988023e-04 
 1.114287e+01  5.728630e-03 
 1.114327e+01  1.086857e-02 
 1.114367e+01  1.459659e-02 
 1.114407e+01  1.676792e-02 
 1.114447e+01  1.731070e-02 
 1.114486e+01  1.624389e-02 
 1.114526e+01  1.372773e-02 
 1.114566e+01  1.013408e-02 
 1.114606e+01  5.958812e-03 
 1.114645e+01  1.579168e-03 
 1.114685e+01 -2.563889e-03 
 1.114725e+01 -5.986335e-03 
 1.114765e+01 -8.398152e-03 
 1.114804e+01 -9.463333e-03 
 1.114844e+01 -9.125044e-03 
 1.114884e+01 -7.585782e-03 
 1.114924e+01 -4.924069e-03 
 1.114964e+01 -1.322342e-03 
 1.115003e+01  2.869364e-03 
 1.115043e+01  7.231654e-03 
 1.115083e+01  1.139134e-02 
 1.115123e+01  1.489806e-02 
 1.115162e+01  1.745517e-02 
 1.115202e+01  1.891137e-02 
 1.115242e+01  1.904557e-02 
 1.115282e+01  1.774803e-02 
 1.115321e+01  1.498325e-02 
 1.115361e+01  1.079818e-02 
 1.115401e+01  5.406240e-03 
 1.115441e+01 -8.338494e-04 
 1.115481e+01 -7.569632e-03 
 1.115520e+01 -1.429774e-02 
 1.115560e+01 -2.033599e-02 
 1.115600e+01 -2.512910e-02 
 1.115640e+01 -2.835686e-02 
 1.115679e+01 -2.967588e-02 
 1.115719e+01 -2.901011e-02 
 1.115759e+01 -2.656475e-02 
 1.115799e+01 -2.255319e-02 
 1.115838e+01 -1.722480e-02 
 1.115878e+01 -1.107143e-02 
 1.115918e+01 -4.398497e-03 
 1.115958e+01  2.310460e-03 
 1.115998e+01  8.558208e-03 
 1.116037e+01  1.406049e-02 
 1.116077e+01  1.853281e-02 
 1.116117e+01  2.156813e-02 
 1.116157e+01  2.311495e-02 
 1.116196e+01  2.320171e-02 
 1.116236e+01  2.193925e-02 
 1.116276e+01  1.948633e-02 
 1.116316e+01  1.617857e-02 
 1.116355e+01  1.228201e-02 
 1.116395e+01  8.070727e-03 
 1.116435e+01  4.029597e-03 
 1.116475e+01  5.798783e-04 
 1.116515e+01 -2.035756e-03 
 1.116554e+01 -3.511824e-03 
 1.116594e+01 -3.710421e-03 
 1.116634e+01 -2.759631e-03 
 1.116674e+01 -8.199121e-04 
 1.116713e+01  1.756713e-03 
 1.116753e+01  4.565433e-03 
 1.116793e+01  7.300664e-03 
 1.116833e+01  9.596292e-03 
 1.116872e+01  1.106685e-02 
 1.116912e+01  1.147975e-02 
 1.116952e+01  1.086413e-02 
 1.116992e+01  9.205332e-03 
 1.117032e+01  6.519136e-03 
 1.117071e+01  3.045921e-03 
 1.117111e+01 -1.080882e-03 
 1.117151e+01 -5.495951e-03 
 1.117191e+01 -9.702468e-03 
 1.117230e+01 -1.341428e-02 
 1.117270e+01 -1.633282e-02 
 1.117310e+01 -1.809070e-02 
 1.117350e+01 -1.850577e-02 
 1.117389e+01 -1.753661e-02 
 1.117429e+01 -1.504761e-02 
 1.117469e+01 -1.119079e-02 
 1.117509e+01 -6.282558e-03 
 1.117549e+01 -5.012945e-04 
 1.117588e+01  5.848502e-03 
 1.117628e+01  1.232812e-02 
 1.117668e+01  1.849995e-02 
 1.117708e+01  2.398215e-02 
 1.117747e+01  2.830928e-02 
 1.117787e+01  3.119299e-02 
 1.117827e+01  3.257926e-02 
 1.117867e+01  3.221259e-02 
 1.117907e+01  3.024376e-02 
 1.117946e+01  2.687412e-02 
 1.117986e+01  2.236315e-02 
 1.118026e+01  1.720156e-02 
 1.118066e+01  1.191589e-02 
 1.118105e+01  6.950386e-03 
 1.118145e+01  2.588074e-03 
 1.118185e+01 -8.508603e-04 
 1.118225e+01 -3.155837e-03 
 1.118264e+01 -4.236365e-03 
 1.118304e+01 -4.033437e-03 
 1.118344e+01 -2.621515e-03 
 1.118384e+01 -2.291747e-04 
 1.118424e+01  2.927482e-03 
 1.118463e+01  6.494538e-03 
 1.118503e+01  1.000984e-02 
 1.118543e+01  1.314011e-02 
 1.118583e+01  1.554839e-02 
 1.118622e+01  1.688894e-02 
 1.118662e+01  1.704363e-02 
 1.118702e+01  1.606153e-02 
 1.118742e+01  1.387972e-02 
 1.118781e+01  1.068422e-02 
 1.118821e+01  6.752741e-03 
 1.118861e+01  2.287763e-03 
 1.118901e+01 -2.410847e-03 
 1.118941e+01 -6.803779e-03 
 1.118980e+01 -1.044810e-02 
 1.119020e+01 -1.292921e-02 
 1.119060e+01 -1.392809e-02 
 1.119100e+01 -1.329177e-02 
 1.119139e+01 -1.091615e-02 
 1.119179e+01 -6.865337e-03 
 1.119219e+01 -1.336915e-03 
 1.119259e+01  5.195353e-03 
 1.119298e+01  1.235247e-02 
 1.119338e+01  1.967369e-02 
 1.119378e+01  2.658910e-02 
 1.119418e+01  3.260931e-02 
 1.119458e+01  3.715967e-02 
 1.119497e+01  3.983899e-02 
 1.119537e+01  4.039276e-02 
 1.119577e+01  3.877679e-02 
 1.119617e+01  3.502386e-02 
 1.119656e+01  2.933495e-02 
 1.119696e+01  2.208890e-02 
 1.119736e+01  1.383410e-02 
 1.119776e+01  5.248456e-03 
 1.119815e+01 -2.927234e-03 
 1.119855e+01 -1.014454e-02 
 1.119895e+01 -1.598163e-02 
 1.119935e+01 -2.003932e-02 
 1.119975e+01 -2.213699e-02 
 1.120014e+01 -2.222792e-02 
 1.120054e+01 -2.033596e-02 
 1.120094e+01 -1.667181e-02 
 1.120134e+01 -1.149733e-02 
 1.120173e+01 -5.263355e-03 
 1.120213e+01  1.601392e-03 
 1.120253e+01  8.437924e-03 
 1.120293e+01  1.471287e-02 
 1.120332e+01  1.993919e-02 
 1.120372e+01  2.371448e-02 
 1.120412e+01  2.589030e-02 
 1.120452e+01  2.642877e-02 
 1.120492e+01  2.533815e-02 
 1.120531e+01  2.260700e-02 
 1.120571e+01  1.857894e-02 
 1.120611e+01  1.363369e-02 
 1.120651e+01  8.130231e-03 
 1.120690e+01  2.714311e-03 
 1.120730e+01 -2.019253e-03 
 1.120770e+01 -5.568149e-03 
 1.120810e+01 -7.481025e-03 
 1.120849e+01 -7.564512e-03 
 1.120889e+01 -5.822432e-03 
 1.120929e+01 -2.299020e-03 
 1.120969e+01  2.702267e-03 
 1.121009e+01  8.886613e-03 
 1.121048e+01  1.574335e-02 
 1.121088e+01  2.277443e-02 
 1.121128e+01  2.932901e-02 
 1.121168e+01  3.487772e-02 
 1.121207e+01  3.897903e-02 
 1.121247e+01  4.108301e-02 
 1.121287e+01  4.094063e-02 
 1.121327e+01  3.847640e-02 
 1.121366e+01  3.385486e-02 
 1.121406e+01  2.734875e-02 
 1.121446e+01  1.939005e-02 
 1.121486e+01  1.046521e-02 
 1.121526e+01  1.215588e-03 
 1.121565e+01 -7.728580e-03 
 1.121605e+01 -1.569295e-02 
 1.121645e+01 -2.220643e-02 
 1.121685e+01 -2.679743e-02 
 1.121724e+01 -2.909544e-02 
 1.121764e+01 -2.904128e-02 
 1.121804e+01 -2.661006e-02 
 1.121844e+01 -2.203714e-02 
 1.121883e+01 -1.570470e-02 
 1.121923e+01 -8.082998e-03 
 1.121963e+01  3.019392e-04 
 1.122003e+01  8.885549e-03 
 1.122043e+01  1.689849e-02 
 1.122082e+01  2.385514e-02 
 1.122122e+01  2.926496e-02 
 1.122162e+01  3.272915e-02 
 1.122202e+01  3.426133e-02 
 1.122241e+01  3.369474e-02 
 1.122281e+01  3.116247e-02 
 1.122321e+01  2.696388e-02 
 1.122361e+01  2.146620e-02 
 1.122400e+01  1.520832e-02 
 1.122440e+01  8.705919e-03 
 1.122480e+01  2.551903e-03 
 1.122520e+01 -2.715271e-03 
 1.122560e+01 -6.623151e-03 
 1.122599e+01 -8.696996e-03 
 1.122639e+01 -8.811966e-03 
 1.122679e+01 -6.997198e-03 
 1.122719e+01 -3.574337e-03 
 1.122758e+01  9.837565e-04 
 1.122798e+01  6.287646e-03 
 1.122838e+01  1.185092e-02 
 1.122878e+01  1.710194e-02 
 1.122917e+01  2.159982e-02 
 1.122957e+01  2.504245e-02 
 1.122997e+01  2.705901e-02 
 1.123037e+01  2.745222e-02 
 1.123077e+01  2.609592e-02 
 1.123116e+01  2.295427e-02 
 1.123156e+01  1.815304e-02 
 1.123196e+01  1.211652e-02 
 1.123236e+01  5.283935e-03 
 1.123275e+01 -1.823389e-03 
 1.123315e+01 -8.681743e-03 
 1.123355e+01 -1.478643e-02 
 1.123395e+01 -1.967284e-02 
 1.123434e+01 -2.297395e-02 
 1.123474e+01 -2.427487e-02 
 1.123514e+01 -2.355354e-02 
 1.123554e+01 -2.072973e-02 
 1.123594e+01 -1.597508e-02 
 1.123633e+01 -9.621755e-03 
 1.123673e+01 -2.148601e-03 
 1.123713e+01  5.949475e-03 
 1.123753e+01  1.408019e-02 
 1.123792e+01  2.155129e-02 
 1.123832e+01  2.792061e-02 
 1.123872e+01  3.274540e-02 
 1.123912e+01  3.575531e-02 
 1.123951e+01  3.683501e-02 
 1.123991e+01  3.584793e-02 
 1.124031e+01  3.292146e-02 
 1.124071e+01  2.834107e-02 
 1.124111e+01  2.256740e-02 
 1.124150e+01  1.604191e-02 
 1.124190e+01  9.345425e-03 
 1.124230e+01  2.972506e-03 
 1.124270e+01 -2.712521e-03 
 1.124309e+01 -7.255447e-03 
 1.124349e+01 -1.036301e-02 
 1.124389e+01 -1.198223e-02 
 1.124429e+01 -1.204810e-02 
 1.124468e+01 -1.074210e-02 
 1.124508e+01 -8.307917e-03 
 1.124548e+01 -5.027070e-03 
 1.124588e+01 -1.245246e-03 
 1.124628e+01  2.579759e-03 
 1.124667e+01  6.041950e-03 
 1.124707e+01  8.835573e-03 
 1.124747e+01  1.063840e-02 
 1.124787e+01  1.117330e-02 
 1.124826e+01  1.040624e-02 
 1.124866e+01  8.382322e-03 
 1.124906e+01  5.198554e-03 
 1.124946e+01  1.188985e-03 
 1.124985e+01 -3.246459e-03 
 1.125025e+01 -7.704213e-03 
 1.125065e+01 -1.188230e-02 
 1.125105e+01 -1.538882e-02 
 1.125145e+01 -1.800740e-02 
 1.125184e+01 -1.940785e-02 
 1.125224e+01 -1.946842e-02 
 1.125264e+01 -1.813741e-02 
 1.125304e+01 -1.536269e-02 
 1.125343e+01 -1.126483e-02 
 1.125383e+01 -6.076656e-03 
 1.125423e+01 -1.669241e-04 
 1.125463e+01  6.170348e-03 
 1.125502e+01  1.233541e-02 
 1.125542e+01  1.786820e-02 
 1.125582e+01  2.244013e-02 
 1.125622e+01  2.572277e-02 
 1.125662e+01  2.738917e-02 
 1.125701e+01  2.740280e-02 
 1.125741e+01  2.579594e-02 
 1.125781e+01  2.276251e-02 
 1.125821e+01  1.858245e-02 
 1.125860e+01  1.367989e-02 
 1.125900e+01  8.279092e-03 
 1.125940e+01  2.902756e-03 
 1.125980e+01 -2.017549e-03 
 1.126019e+01 -6.239544e-03 
 1.126059e+01 -9.353547e-03 
 1.126099e+01 -1.120137e-02 
 1.126139e+01 -1.173338e-02 
 1.126179e+01 -1.101130e-02 
 1.126218e+01 -9.213119e-03 
 1.126258e+01 -6.600908e-03 
 1.126298e+01 -3.529764e-03 
 1.126338e+01 -2.882491e-04 
 1.126377e+01  2.807379e-03 
 1.126417e+01  5.473093e-03 
 1.126457e+01  7.508941e-03 
 1.126497e+01  8.703825e-03 
 1.126536e+01  8.954133e-03 
 1.126576e+01  8.332455e-03 
 1.126616e+01  6.838067e-03 
 1.126656e+01  4.677527e-03 
 1.126696e+01  2.146517e-03 
 1.126735e+01 -4.567666e-04 
 1.126775e+01 -2.809379e-03 
 1.126815e+01 -4.654912e-03 
 1.126855e+01 -5.769923e-03 
 1.126894e+01 -6.059971e-03 
 1.126934e+01 -5.378741e-03 
 1.126974e+01 -3.732399e-03 
 1.127014e+01 -1.218865e-03 
 1.127054e+01  1.932936e-03 
 1.127093e+01  5.587325e-03 
 1.127133e+01  9.354672e-03 
 1.127173e+01  1.287765e-02 
 1.127213e+01  1.600778e-02 
 1.127252e+01  1.831383e-02 
 1.127292e+01  1.957431e-02 
 1.127332e+01  1.969399e-02 
 1.127372e+01  1.858352e-02 
 1.127411e+01  1.624964e-02 
 1.127451e+01  1.275462e-02 
 1.127491e+01  8.255960e-03 
 1.127531e+01  3.002955e-03 
 1.127571e+01 -2.633049e-03 
 1.127610e+01 -8.274356e-03 
 1.127650e+01 -1.350347e-02 
 1.127690e+01 -1.792597e-02 
 1.127730e+01 -2.121401e-02 
 1.127769e+01 -2.309773e-02 
 1.127809e+01 -2.332752e-02 
 1.127849e+01 -2.189591e-02 
 1.127889e+01 -1.898793e-02 
 1.127928e+01 -1.488673e-02 
 1.127968e+01 -9.913036e-03 
 1.128008e+01 -4.584561e-03 
 1.128048e+01  6.926824e-04 
 1.128088e+01  5.557160e-03 
 1.128127e+01  9.644020e-03 
 1.128167e+01  1.269009e-02 
 1.128207e+01  1.460493e-02 
 1.128247e+01  1.519715e-02 
 1.128286e+01  1.459216e-02 
 1.128326e+01  1.291287e-02 
 1.128366e+01  1.034184e-02 
 1.128406e+01  7.157531e-03 
 1.128445e+01  3.753427e-03 
 1.128485e+01  5.319393e-04 
 1.128525e+01 -2.183634e-03 
 1.128565e+01 -3.987558e-03 
 1.128605e+01 -4.673513e-03 
 1.128644e+01 -3.984415e-03 
 1.128684e+01 -1.820755e-03 
 1.128724e+01  1.701329e-03 
 1.128764e+01  6.384221e-03 
 1.128803e+01  1.181557e-02 
 1.128843e+01  1.748458e-02 
 1.128883e+01  2.291137e-02 
 1.128923e+01  2.754198e-02 
 1.128962e+01  3.095386e-02 
 1.129002e+01  3.270338e-02 
 1.129042e+01  3.255313e-02 
 1.129082e+01  3.043851e-02 
 1.129122e+01  2.641178e-02 
 1.129161e+01  2.068863e-02 
 1.129201e+01  1.363518e-02 
 1.129241e+01  5.731601e-03 
 1.129281e+01 -2.448205e-03 
 1.129320e+01 -1.022725e-02 
 1.129360e+01 -1.718683e-02 
 1.129400e+01 -2.282618e-02 
 1.129440e+01 -2.669252e-02 
 1.129479e+01 -2.860723e-02 
 1.129519e+01 -2.847386e-02 
 1.129559e+01 -2.623604e-02 
 1.129599e+01 -2.202417e-02 
 1.129639e+01 -1.613150e-02 
 1.129678e+01 -8.994660e-03 
 1.129718e+01 -1.027015e-03 
 1.129758e+01  7.156950e-03 
 1.129798e+01  1.506722e-02 
 1.129837e+01  2.212331e-02 
 1.129877e+01  2.782860e-02 
 1.129917e+01  3.193427e-02 
 1.129957e+01  3.422499e-02 
 1.129996e+01  3.461076e-02 
 1.130036e+01  3.307677e-02 
 1.130076e+01  2.974650e-02 
 1.130116e+01  2.491079e-02 
 1.130156e+01  1.894845e-02 
 1.130195e+01  1.251392e-02 
 1.130235e+01  6.069541e-03 
 1.130275e+01  2.523673e-04 
 1.130315e+01 -4.434718e-03 
 1.130354e+01 -7.625670e-03 
 1.130394e+01 -9.013044e-03 
 1.130434e+01 -8.479706e-03 
 1.130474e+01 -6.199092e-03 
 1.130513e+01 -2.282070e-03 
 1.130553e+01  3.003325e-03 
 1.130593e+01  9.149201e-03 
 1.130633e+01  1.558305e-02 
 1.130673e+01  2.177813e-02 
 1.130712e+01  2.703155e-02 
 1.130752e+01  3.089064e-02 
 1.130792e+01  3.294885e-02 
 1.130832e+01  3.306105e-02 
 1.130871e+01  3.104960e-02 
 1.130911e+01  2.708042e-02 
 1.130951e+01  2.159043e-02 
 1.130991e+01  1.497019e-02 
 1.131030e+01  7.779293e-03 
 1.131070e+01  6.862667e-04 
 1.131110e+01 -5.791499e-03 
 1.131150e+01 -1.115536e-02 
 1.131190e+01 -1.486546e-02 
 1.131229e+01 -1.662123e-02 
 1.131269e+01 -1.625713e-02 
 1.131309e+01 -1.375320e-02 
 1.131349e+01 -9.223859e-03 
 1.131388e+01 -2.968915e-03 
 1.131428e+01  4.593446e-03 
 1.131468e+01  1.303834e-02 
 1.131508e+01  2.180237e-02 
 1.131547e+01  3.033533e-02 
 1.131587e+01  3.806871e-02 
 1.131627e+01  4.440184e-02 
 1.131667e+01  4.897448e-02 
 1.131707e+01  5.141758e-02 
 1.131746e+01  5.152518e-02 
 1.131786e+01  4.932595e-02 
 1.131826e+01  4.497908e-02 
 1.131866e+01  3.876041e-02 
 1.131905e+01  3.121632e-02 
 1.131945e+01  2.295631e-02 
 1.131985e+01  1.458913e-02 
 1.132025e+01  6.603139e-03 
 1.132064e+01 -4.375597e-04 
 1.132104e+01 -6.157547e-03 
 1.132144e+01 -1.021211e-02 
 1.132184e+01 -1.236754e-02 
 1.132224e+01 -1.263727e-02 
 1.132263e+01 -1.118142e-02 
 1.132303e+01 -8.156728e-03 
 1.132343e+01 -3.960447e-03 
 1.132383e+01  9.706580e-04 
 1.132422e+01  6.160400e-03 
 1.132462e+01  1.103899e-02 
 1.132502e+01  1.511645e-02 
 1.132542e+01  1.802225e-02 
 1.132581e+01  1.954691e-02 
 1.132621e+01  1.960463e-02 
 1.132661e+01  1.815278e-02 
 1.132701e+01  1.539564e-02 
 1.132741e+01  1.159357e-02 
 1.132780e+01  7.112850e-03 
 1.132820e+01  2.383101e-03 
 1.132860e+01 -2.139788e-03 
 1.132900e+01 -5.996567e-03 
 1.132939e+01 -8.921005e-03 
 1.132979e+01 -1.060110e-02 
 1.133019e+01 -1.075909e-02 
 1.133059e+01 -9.358672e-03 
 1.133098e+01 -6.341697e-03 
 1.133138e+01 -1.981553e-03 
 1.133178e+01  3.480800e-03 
 1.133218e+01  9.642675e-03 
 1.133258e+01  1.603323e-02 
 1.133297e+01  2.218750e-02 
 1.133337e+01  2.757840e-02 
 1.133377e+01  3.170670e-02 
 1.133417e+01  3.427974e-02 
 1.133456e+01  3.511260e-02 
 1.133496e+01  3.409197e-02 
 1.133536e+01  3.127296e-02 
 1.133576e+01  2.681789e-02 
 1.133615e+01  2.103252e-02 
 1.133655e+01  1.424182e-02 
 1.133695e+01  6.995876e-03 
 1.133735e+01 -1.712174e-04 
 1.133775e+01 -6.848168e-03 
 1.133814e+01 -1.251005e-02 
 1.133854e+01 -1.678533e-02 
 1.133894e+01 -1.939936e-02 
 1.133934e+01 -2.034405e-02 
 1.133973e+01 -1.971161e-02 
 1.134013e+01 -1.761923e-02 
 1.134053e+01 -1.439959e-02 
 1.134093e+01 -1.026365e-02 
 1.134132e+01 -5.526143e-03 
 1.134172e+01 -5.641366e-04 
 1.134212e+01  4.200438e-03 
 1.134252e+01  8.391096e-03 
 1.134292e+01  1.167043e-02 
 1.134331e+01  1.384482e-02 
 1.134371e+01  1.482100e-02 
 1.134411e+01  1.449289e-02 
 1.134451e+01  1.289516e-02 
 1.134490e+01  1.027693e-02 
 1.134530e+01  6.910070e-03 
 1.134570e+01  3.175026e-03 
 1.134610e+01 -5.347317e-04 
 1.134649e+01 -3.865916e-03 
 1.134689e+01 -6.498354e-03 
 1.134729e+01 -8.094299e-03 
 1.134769e+01 -8.426906e-03 
 1.134809e+01 -7.499115e-03 
 1.134848e+01 -5.444590e-03 
 1.134888e+01 -2.560444e-03 
 1.134928e+01  8.655920e-04 
 1.134968e+01  4.524434e-03 
 1.135007e+01  8.037198e-03 
 1.135047e+01  1.108096e-02 
 1.135087e+01  1.334978e-02 
 1.135127e+01  1.466471e-02 
 1.135166e+01  1.466419e-02 
 1.135206e+01  1.329385e-02 
 1.135246e+01  1.050108e-02 
 1.135286e+01  6.327248e-03 
 1.135326e+01  1.101677e-03 
 1.135365e+01 -4.774805e-03 
 1.135405e+01 -1.091991e-02 
 1.135445e+01 -1.682348e-02 
 1.135485e+01 -2.206168e-02 
 1.135524e+01 -2.622041e-02 
 1.135564e+01 -2.898401e-02 
 1.135604e+01 -3.016281e-02 
 1.135644e+01 -2.964493e-02 
 1.135683e+01 -2.746302e-02 
 1.135723e+01 -2.383691e-02 
 1.135763e+01 -1.899051e-02 
 1.135803e+01 -1.333052e-02 
 1.135843e+01 -7.281110e-03 
 1.135882e+01 -1.260295e-03 
 1.135922e+01  4.377901e-03 
 1.135962e+01  9.337873e-03 
 1.136002e+01  1.328507e-02 
 1.136041e+01  1.607160e-02 
 1.136081e+01  1.770923e-02 
 1.136121e+01  1.821330e-02 
 1.136161e+01  1.759454e-02 
 1.136201e+01  1.611615e-02 
 1.136240e+01  1.394553e-02 
 1.136280e+01  1.121745e-02 
 1.136320e+01  8.281524e-03 
 1.136360e+01  5.420403e-03 
 1.136399e+01  2.973464e-03 
 1.136439e+01  1.049193e-03 
 1.136479e+01 -6.940864e-05 
 1.136519e+01 -3.174621e-04 
 1.136558e+01  3.233934e-04 
 1.136598e+01  1.707300e-03 
 1.136638e+01  3.724174e-03 
 1.136678e+01  6.073737e-03 
 1.136718e+01  8.488809e-03 
 1.136757e+01  1.059534e-02 
 1.136797e+01  1.205776e-02 
 1.136837e+01  1.262152e-02 
 1.136877e+01  1.201228e-02 
 1.136916e+01  1.019885e-02 
 1.136956e+01  7.201739e-03 
 1.136996e+01  3.295833e-03 
 1.137036e+01 -1.299573e-03 
 1.137075e+01 -6.210949e-03 
 1.137115e+01 -1.100929e-02 
 1.137155e+01 -1.541104e-02 
 1.137195e+01 -1.900068e-02 
 1.137235e+01 -2.160231e-02 
 1.137274e+01 -2.293402e-02 
 1.137314e+01 -2.279076e-02 
 1.137354e+01 -2.113689e-02 
 1.137394e+01 -1.798294e-02 
 1.137433e+01 -1.345936e-02 
 1.137473e+01 -7.845375e-03 
 1.137513e+01 -1.598808e-03 
 1.137553e+01  4.830968e-03 
 1.137592e+01  1.105062e-02 
 1.137632e+01  1.659472e-02 
 1.137672e+01  2.115695e-02 
 1.137712e+01  2.441642e-02 
 1.137752e+01  2.619744e-02 
 1.137791e+01  2.637668e-02 
 1.137831e+01  2.502489e-02 
 1.137871e+01  2.232101e-02 
 1.137911e+01  1.844818e-02 
 1.137950e+01  1.378349e-02 
 1.137990e+01  8.748713e-03 
 1.138030e+01  3.730816e-03 
 1.138070e+01 -8.274999e-04 
 1.138109e+01 -4.544930e-03 
 1.138149e+01 -7.191244e-03 
 1.138189e+01 -8.607011e-03 
 1.138229e+01 -8.663166e-03 
 1.138269e+01 -7.425006e-03 
 1.138308e+01 -5.053625e-03 
 1.138348e+01 -1.907793e-03 
 1.138388e+01  1.731155e-03 
 1.138428e+01  5.490585e-03 
 1.138467e+01  9.006903e-03 
 1.138507e+01  1.183609e-02 
 1.138547e+01  1.377839e-02 
 1.138587e+01  1.468576e-02 
 1.138626e+01  1.435641e-02 
 1.138666e+01  1.282066e-02 
 1.138706e+01  1.028071e-02 
 1.138746e+01  6.797568e-03 
 1.138786e+01  2.580010e-03 
 1.138825e+01 -1.964647e-03 
 1.138865e+01 -6.409262e-03 
 1.138905e+01 -1.027453e-02 
 1.138945e+01 -1.299525e-02 
 1.138984e+01 -1.425179e-02 
 1.139024e+01 -1.375173e-02 
 1.139064e+01 -1.138546e-02 
 1.139104e+01 -7.222782e-03 
 1.139143e+01 -1.568701e-03 
 1.139183e+01  5.302142e-03 
 1.139223e+01  1.292185e-02 
 1.139263e+01  2.075916e-02 
 1.139303e+01  2.831793e-02 
 1.139342e+01  3.521625e-02 
 1.139382e+01  4.091033e-02 
 1.139422e+01  4.494628e-02 
 1.139462e+01  4.703519e-02 
 1.139501e+01  4.711362e-02 
 1.139541e+01  4.511447e-02 
 1.139581e+01  4.112226e-02 
 1.139621e+01  3.537337e-02 
 1.139660e+01  2.823524e-02 
 1.139700e+01  2.025618e-02 
 1.139740e+01  1.188296e-02 
 1.139780e+01  3.664223e-03 
 1.139820e+01 -3.871214e-03 
 1.139859e+01 -1.021733e-02 
 1.139899e+01 -1.492757e-02 
 1.139939e+01 -1.757498e-02 
 1.139979e+01 -1.802363e-02 
 1.140018e+01 -1.632709e-02 
 1.140058e+01 -1.275948e-02 
 1.140098e+01 -7.701306e-03 
 1.140138e+01 -1.747354e-03 
 1.140177e+01  4.639546e-03 
 1.140217e+01  1.092453e-02 
 1.140257e+01  1.657546e-02 
 1.140297e+01  2.111693e-02 
 1.140337e+01  2.422353e-02 
 1.140376e+01  2.560942e-02 
 1.140416e+01  2.513280e-02 
 1.140456e+01  2.312489e-02 
 1.140496e+01  1.976438e-02 
 1.140535e+01  1.546633e-02 
 1.140575e+01  1.067089e-02 
 1.140615e+01  5.919308e-03 
 1.140655e+01  1.637475e-03 
 1.140694e+01 -1.855882e-03 
 1.140734e+01 -4.271375e-03 
 1.140774e+01 -5.376677e-03 
 1.140814e+01 -4.987976e-03 
 1.140854e+01 -2.983589e-03 
 1.140893e+01  6.285113e-04 
 1.140933e+01  5.689717e-03 
 1.140973e+01  1.187254e-02 
 1.141013e+01  1.862346e-02 
 1.141052e+01  2.551252e-02 
 1.141092e+01  3.197945e-02 
 1.141132e+01  3.742149e-02 
 1.141172e+01  4.136202e-02 
 1.141211e+01  4.339911e-02 
 1.141251e+01  4.339384e-02 
 1.141291e+01  4.128051e-02 
 1.141331e+01  3.715181e-02 
 1.141371e+01  3.119166e-02 
 1.141410e+01  2.369115e-02 
 1.141450e+01  1.529116e-02 
 1.141490e+01  6.506186e-03 
 1.141530e+01 -1.942166e-03 
 1.141569e+01 -9.473981e-03 
 1.141609e+01 -1.560718e-02 
 1.141649e+01 -2.000609e-02 
 1.141689e+01 -2.231600e-02 
 1.141728e+01 -2.232729e-02 
 1.141768e+01 -2.023649e-02 
 1.141808e+01 -1.627919e-02 
 1.141848e+01 -1.075501e-02 
 1.141888e+01 -4.206451e-03 
 1.141927e+01  2.894009e-03 
 1.141967e+01  9.954759e-03 
 1.142007e+01  1.649237e-02 
 1.142047e+01  2.203744e-02 
 1.142086e+01  2.634324e-02 
 1.142126e+01  2.924483e-02 
 1.142166e+01  3.062759e-02 
 1.142206e+01  3.050562e-02 
 1.142245e+01  2.898846e-02 
 1.142285e+01  2.624118e-02 
 1.142325e+01  2.257225e-02 
 1.142365e+01  1.831299e-02 
 1.142405e+01  1.379306e-02 
 1.142444e+01  9.409185e-03 
 1.142484e+01  5.447656e-03 
 1.142524e+01  2.233100e-03 
 1.142564e+01  2.780627e-05 
 1.142603e+01 -1.048952e-03 
 1.142643e+01 -9.448716e-04 
 1.142683e+01  2.970367e-04 
 1.142723e+01  2.438698e-03 
 1.142762e+01  5.092419e-03 
 1.142802e+01  7.976575e-03 
 1.142842e+01  1.077823e-02 
 1.142882e+01  1.304050e-02 
 1.142922e+01  1.453333e-02 
 1.142961e+01  1.506824e-02 
 1.143001e+01  1.440223e-02 
 1.143041e+01  1.242345e-02 
 1.143081e+01  9.171033e-03 
 1.143120e+01  4.814135e-03 
 1.143160e+01 -4.880210e-04 
 1.143200e+01 -6.319270e-03 
 1.143240e+01 -1.224690e-02 
 1.143279e+01 -1.780799e-02 
 1.143319e+01 -2.240203e-02 
 1.143359e+01 -2.577234e-02 
 1.143399e+01 -2.774519e-02 
 1.143439e+01 -2.815549e-02 
 1.143478e+01 -2.687491e-02 
 1.143518e+01 -2.399318e-02 
 1.143558e+01 -1.965843e-02 
 1.143598e+01 -1.408978e-02 
 1.143637e+01 -7.718113e-03 
 1.143677e+01 -9.621881e-04 
 1.143717e+01  5.742912e-03 
 1.143757e+01  1.195875e-02 
 1.143796e+01  1.724984e-02 
 1.143836e+01  2.131342e-02 
 1.143876e+01  2.398508e-02 
 1.143916e+01  2.517510e-02 
 1.143956e+01  2.487812e-02 
 1.143995e+01  2.303802e-02 
 1.144035e+01  1.987860e-02 
 1.144075e+01  1.583610e-02 
 1.144115e+01  1.135970e-02 
 1.144154e+01  6.765022e-03 
 1.144194e+01  2.478797e-03 
 1.144234e+01 -1.241130e-03 
 1.144274e+01 -4.164107e-03 
 1.144313e+01 -6.089300e-03 
 1.144353e+01 -6.933412e-03 
 1.144393e+01 -6.791533e-03 
 1.144433e+01 -5.707458e-03 
 1.144473e+01 -3.767031e-03 
 1.144512e+01 -1.228124e-03 
 1.144552e+01  1.559402e-03 
 1.144592e+01  4.220326e-03 
 1.144632e+01  6.286548e-03 
 1.144671e+01  7.431132e-03 
 1.144711e+01  7.520793e-03 
 1.144751e+01  6.481604e-03 
 1.144791e+01  4.384598e-03 
 1.144830e+01  1.444401e-03 
 1.144870e+01 -2.025654e-03 
 1.144910e+01 -5.764127e-03 
 1.144950e+01 -9.425480e-03 
 1.144990e+01 -1.273403e-02 
 1.145029e+01 -1.533234e-02 
 1.145069e+01 -1.680715e-02 
 1.145109e+01 -1.707406e-02 
 1.145149e+01 -1.592108e-02 
 1.145188e+01 -1.346146e-02 
 1.145228e+01 -9.900545e-03 
 1.145268e+01 -5.514760e-03 
 1.145308e+01 -5.606217e-04 
 1.145348e+01  4.784713e-03 
 1.145387e+01  1.014079e-02 
 1.145427e+01  1.527625e-02 
 1.145467e+01  1.995040e-02 
 1.145507e+01  2.376139e-02 
 1.145546e+01  2.635076e-02 
 1.145586e+01  2.755923e-02 
 1.145626e+01  2.717732e-02 
 1.145666e+01  2.529120e-02 
 1.145705e+01  2.218484e-02 
 1.145745e+01  1.799104e-02 
 1.145785e+01  1.305136e-02 
 1.145825e+01  7.733863e-03 
 1.145865e+01  2.439813e-03 
 1.145904e+01 -2.545135e-03 
 1.145944e+01 -6.775869e-03 
 1.145984e+01 -9.984486e-03 
 1.146024e+01 -1.200216e-02 
 1.146063e+01 -1.272457e-02 
 1.146103e+01 -1.202869e-02 
 1.146143e+01 -1.028019e-02 
 1.146183e+01 -7.770987e-03 
 1.146222e+01 -4.878236e-03 
 1.146262e+01 -1.925359e-03 
 1.146302e+01  9.067319e-04 
 1.146342e+01  3.295462e-03 
 1.146382e+01  5.039438e-03 
 1.146421e+01  6.020651e-03 
 1.146461e+01  6.192486e-03 
 1.146501e+01  5.539217e-03 
 1.146541e+01  4.188672e-03 
 1.146580e+01  2.232188e-03 
 1.146620e+01 -9.225605e-05 
 1.146660e+01 -2.512248e-03 
 1.146700e+01 -4.565638e-03 
 1.146739e+01 -5.961379e-03 
 1.146779e+01 -6.546028e-03 
 1.146819e+01 -6.102270e-03 
 1.146859e+01 -4.606545e-03 
 1.146899e+01 -2.075450e-03 
 1.146938e+01  1.561034e-03 
 1.146978e+01  6.020338e-03 
 1.147018e+01  1.098364e-02 
 1.147058e+01  1.602561e-02 
 1.147097e+01  2.086418e-02 
 1.147137e+01  2.506929e-02 
 1.147177e+01  2.829801e-02 
 1.147217e+01  3.038110e-02 
 1.147256e+01  3.114938e-02 
 1.147296e+01  3.046245e-02 
 1.147336e+01  2.842035e-02 
 1.147376e+01  2.500392e-02 
 1.147416e+01  2.042285e-02 
 1.147455e+01  1.488614e-02 
 1.147495e+01  8.689403e-03 
 1.147535e+01  2.255132e-03 
 1.147575e+01 -3.952383e-03 
 1.147614e+01 -9.525291e-03 
 1.147654e+01 -1.411202e-02 
 1.147694e+01 -1.735126e-02 
 1.147734e+01 -1.910870e-02 
 1.147773e+01 -1.928366e-02 
 1.147813e+01 -1.790971e-02 
 1.147853e+01 -1.511424e-02 
 1.147893e+01 -1.109868e-02 
 1.147933e+01 -6.277666e-03 
 1.147972e+01 -1.064732e-03 
 1.148012e+01  3.970364e-03 
 1.148052e+01  8.474367e-03 
 1.148092e+01  1.205358e-02 
 1.148131e+01  1.436318e-02 
 1.148171e+01  1.531260e-02 
 1.148211e+01  1.487025e-02 
 1.148251e+01  1.315269e-02 
 1.148290e+01  1.042618e-02 
 1.148330e+01  7.044382e-03 
 1.148370e+01  3.318925e-03 
 1.148410e+01 -3.591331e-04 
 1.148450e+01 -3.535907e-03 
 1.148489e+01 -5.761123e-03 
 1.148529e+01 -6.857745e-03 
 1.148569e+01 -6.703511e-03 
 1.148609e+01 -5.260436e-03 
 1.148648e+01 -2.575106e-03 
 1.148688e+01  1.278634e-03 
 1.148728e+01  5.966430e-03 
 1.148768e+01  1.112781e-02 
 1.148807e+01  1.622444e-02 
 1.148847e+01  2.082019e-02 
 1.148887e+01  2.458599e-02 
 1.148927e+01  2.715926e-02 
 1.148967e+01  2.834418e-02 
 1.149006e+01  2.796330e-02 
 1.149046e+01  2.604338e-02 
 1.149086e+01  2.256186e-02 
 1.149126e+01  1.769590e-02 
 1.149165e+01  1.171163e-02 
 1.149205e+01  4.954542e-03 
 1.149245e+01 -2.143430e-03 
 1.149285e+01 -9.037125e-03 
 1.149324e+01 -1.520259e-02 
 1.149364e+01 -2.020338e-02 
 1.149404e+01 -2.371280e-02 
 1.149444e+01 -2.537426e-02 
 1.149484e+01 -2.512054e-02 
 1.149523e+01 -2.289471e-02 
 1.149563e+01 -1.875831e-02 
 1.149603e+01 -1.293179e-02 
 1.149643e+01 -5.719902e-03 
 1.149682e+01  2.367816e-03 
 1.149722e+01  1.075378e-02 
 1.149762e+01  1.887607e-02 
 1.149802e+01  2.610176e-02 
 1.149841e+01  3.195153e-02 
 1.149881e+01  3.604700e-02 
 1.149921e+01  3.826442e-02 
 1.149961e+01  3.853489e-02 
 1.150001e+01  3.698442e-02 
 1.150040e+01  3.377137e-02 
 1.150080e+01  2.920156e-02 
 1.150120e+01  2.368780e-02 
 1.150160e+01  1.762400e-02 
 1.150199e+01  1.152714e-02 
 1.150239e+01  5.984647e-03 
 1.150279e+01  1.485116e-03 
 1.150319e+01 -1.652811e-03 
 1.150358e+01 -3.271572e-03 
 1.150398e+01 -3.258657e-03 
 1.150438e+01 -1.858332e-03 
 1.150478e+01  7.879842e-04 
 1.150518e+01  4.410823e-03 
 1.150557e+01  8.714551e-03 
 1.150597e+01  1.322618e-02 
 1.150637e+01  1.750133e-02 
 1.150677e+01  2.115402e-02 
 1.150716e+01  2.377276e-02 
 1.150756e+01  2.491529e-02 
 1.150796e+01  2.436087e-02 
 1.150836e+01  2.202642e-02 
 1.150875e+01  1.811489e-02 
 1.150915e+01  1.290250e-02 
 1.150955e+01  6.724014e-03 
 1.150995e+01  1.784075e-05 
 1.151035e+01 -6.691620e-03 
 1.151074e+01 -1.278654e-02 
 1.151114e+01 -1.769255e-02 
 1.151154e+01 -2.102038e-02 
 1.151194e+01 -2.244331e-02 
 1.151233e+01 -2.174902e-02 
 1.151273e+01 -1.893337e-02 
 1.151313e+01 -1.418483e-02 
 1.151353e+01 -7.886379e-03 
 1.151392e+01 -5.799363e-04 
 1.151432e+01  7.133587e-03 
 1.151472e+01  1.483783e-02 
 1.151512e+01  2.214224e-02 
 1.151552e+01  2.858069e-02 
 1.151591e+01  3.378285e-02 
 1.151631e+01  3.741100e-02 
 1.151671e+01  3.932123e-02 
 1.151711e+01  3.939707e-02 
 1.151750e+01  3.774614e-02 
 1.151790e+01  3.459073e-02 
 1.151830e+01  3.017786e-02 
 1.151870e+01  2.485596e-02 
 1.151909e+01  1.901531e-02 
 1.151949e+01  1.299219e-02 
 1.151989e+01  7.129907e-03 
 1.152029e+01  1.724777e-03 
 1.152069e+01 -2.862746e-03 
 1.152108e+01 -6.280020e-03 
 1.152148e+01 -8.312126e-03 
 1.152188e+01 -8.862230e-03 
 1.152228e+01 -8.036530e-03 
 1.152267e+01 -6.036634e-03 
 1.152307e+01 -3.145720e-03 
 1.152347e+01  3.379322e-04 
 1.152387e+01  4.047439e-03 
 1.152426e+01  7.651274e-03 
 1.152466e+01  1.081410e-02 
 1.152506e+01  1.320964e-02 
 1.152546e+01  1.451375e-02 
 1.152586e+01  1.466468e-02 
 1.152625e+01  1.358793e-02 
 1.152665e+01  1.138070e-02 
 1.152705e+01  8.363281e-03 
 1.152745e+01  4.952186e-03 
 1.152784e+01  1.558290e-03 
 1.152824e+01 -1.458141e-03 
 1.152864e+01 -3.701510e-03 
 1.152904e+01 -4.924297e-03 
 1.152943e+01 -5.191249e-03 
 1.152983e+01 -4.351554e-03 
 1.153023e+01 -2.366096e-03 
 1.153063e+01  7.020583e-04 
 1.153103e+01  4.695921e-03 
 1.153142e+01  9.294628e-03 
 1.153182e+01  1.408461e-02 
 1.153222e+01  1.874122e-02 
 1.153262e+01  2.289441e-02 
 1.153301e+01  2.620612e-02 
 1.153341e+01  2.840496e-02 
 1.153381e+01  2.925905e-02 
 1.153421e+01  2.872403e-02 
 1.153460e+01  2.689157e-02 
 1.153500e+01  2.383655e-02 
 1.153540e+01  1.975364e-02 
 1.153580e+01  1.479604e-02 
 1.153620e+01  9.244664e-03 
 1.153659e+01  3.435282e-03 
 1.153699e+01 -2.247475e-03 
 1.153739e+01 -7.404785e-03 
 1.153779e+01 -1.176534e-02 
 1.153818e+01 -1.509182e-02 
 1.153858e+01 -1.711596e-02 
 1.153898e+01 -1.777595e-02 
 1.153938e+01 -1.709779e-02 
 1.153977e+01 -1.520803e-02 
 1.154017e+01 -1.227698e-02 
 1.154057e+01 -8.650572e-03 
 1.154097e+01 -4.668126e-03 
 1.154137e+01 -6.388180e-04 
 1.154176e+01  3.056095e-03 
 1.154216e+01  6.059101e-03 
 1.154256e+01  8.114575e-03 
 1.154296e+01  9.113278e-03 
 1.154335e+01  9.146011e-03 
 1.154375e+01  8.380293e-03 
 1.154415e+01  7.005358e-03 
 1.154455e+01  5.235794e-03 
 1.154494e+01  3.421660e-03 
 1.154534e+01  1.870828e-03 
 1.154574e+01  7.431839e-04 
 1.154614e+01  2.714331e-04 
 1.154654e+01  5.596818e-04 
 1.154693e+01  1.674084e-03 
 1.154733e+01  3.557596e-03 
 1.154773e+01  6.226844e-03 
 1.154813e+01  9.537949e-03 
 1.154852e+01  1.321731e-02 
 1.154892e+01  1.695537e-02 
 1.154932e+01  2.044254e-02 
 1.154972e+01  2.338184e-02 
 1.155012e+01  2.538815e-02 
 1.155051e+01  2.627107e-02 
 1.155091e+01  2.587009e-02 
 1.155131e+01  2.424096e-02 
 1.155171e+01  2.137838e-02 
 1.155210e+01  1.742765e-02 
 1.155250e+01  1.266819e-02 
 1.155290e+01  7.276084e-03 
 1.155330e+01  1.545486e-03 
 1.155369e+01 -4.152166e-03 
 1.155409e+01 -9.453399e-03 
 1.155449e+01 -1.392698e-02 
 1.155489e+01 -1.731729e-02 
 1.155529e+01 -1.936643e-02 
 1.155568e+01 -1.999910e-02 
 1.155608e+01 -1.909676e-02 
 1.155648e+01 -1.675115e-02 
 1.155688e+01 -1.310070e-02 
 1.155727e+01 -8.586467e-03 
 1.155767e+01 -3.596725e-03 
 1.155807e+01  1.405692e-03 
 1.155847e+01  5.964656e-03 
 1.155886e+01  9.829423e-03 
 1.155926e+01  1.268135e-02 
 1.155966e+01  1.438434e-02 
 1.156006e+01  1.489874e-02 
 1.156046e+01  1.421846e-02 
 1.156085e+01  1.249069e-02 
 1.156125e+01  9.864477e-03 
 1.156165e+01  6.596001e-03 
 1.156205e+01  2.998752e-03 
 1.156244e+01 -5.374957e-04 
 1.156284e+01 -3.673229e-03 
 1.156324e+01 -6.192652e-03 
 1.156364e+01 -7.844480e-03 
 1.156403e+01 -8.461556e-03 
 1.156443e+01 -8.052994e-03 
 1.156483e+01 -6.709063e-03 
 1.156523e+01 -4.617223e-03 
 1.156563e+01 -2.038559e-03 
 1.156602e+01  7.835704e-04 
 1.156642e+01  3.526837e-03 
 1.156682e+01  5.997409e-03 
 1.156722e+01  8.022257e-03 
 1.156761e+01  9.317900e-03 
 1.156801e+01  9.594716e-03 
 1.156841e+01  8.701425e-03 
 1.156881e+01  6.627175e-03 
 1.156920e+01  3.409401e-03 
 1.156960e+01 -8.141670e-04 
 1.157000e+01 -5.594141e-03 
 1.157040e+01 -1.060278e-02 
 1.157080e+01 -1.542804e-02 
 1.157119e+01 -1.963969e-02 
 1.157159e+01 -2.287208e-02 
 1.157199e+01 -2.475447e-02 
 1.157239e+01 -2.512949e-02 
 1.157278e+01 -2.383538e-02 
 1.157318e+01 -2.083245e-02 
 1.157358e+01 -1.632330e-02 
 1.157398e+01 -1.067523e-02 
 1.157437e+01 -4.269507e-03 
 1.157477e+01  2.453792e-03 
 1.157517e+01  9.028701e-03 
 1.157557e+01  1.502463e-02 
 1.157597e+01  2.017871e-02 
 1.157636e+01  2.420623e-02 
 1.157676e+01  2.684053e-02 
 1.157716e+01  2.789935e-02 
 1.157756e+01  2.722219e-02 
 1.157795e+01  2.493282e-02 
 1.157835e+01  2.129163e-02 
 1.157875e+01  1.665464e-02 
 1.157915e+01  1.147052e-02 
 1.157954e+01  6.227012e-03 
 1.157994e+01  1.327128e-03 
 1.158034e+01 -2.798249e-03 
 1.158074e+01 -5.983488e-03 
 1.158114e+01 -8.026962e-03 
 1.158153e+01 -8.979556e-03 
 1.158193e+01 -8.933154e-03 
 1.158233e+01 -7.885026e-03 
 1.158273e+01 -5.988041e-03 
 1.158312e+01 -3.434695e-03 
 1.158352e+01 -5.166225e-04 
 1.158392e+01  2.454952e-03 
 1.158432e+01  5.140900e-03 
 1.158471e+01  7.293023e-03 
 1.158511e+01  8.643669e-03 
 1.158551e+01  8.987254e-03 
 1.158591e+01  8.309016e-03 
 1.158631e+01  6.529134e-03 
 1.158670e+01  3.867836e-03 
 1.158710e+01  5.279011e-04 
 1.158750e+01 -3.212892e-03 
 1.158790e+01 -7.079096e-03 
 1.158829e+01 -1.075362e-02 
 1.158869e+01 -1.392205e-02 
 1.158909e+01 -1.620190e-02 
 1.158949e+01 -1.725737e-02 
 1.158988e+01 -1.688130e-02 
 1.159028e+01 -1.506622e-02 
 1.159068e+01 -1.166053e-02 
 1.159108e+01 -6.710853e-03 
 1.159148e+01 -5.383837e-04 
 1.159187e+01  6.538672e-03 
 1.159227e+01  1.407028e-02 
 1.159267e+01  2.141832e-02 
 1.159307e+01  2.803706e-02 
 1.159346e+01  3.342533e-02 
 1.159386e+01  3.728354e-02 
 1.159426e+01  3.922783e-02 
 1.159466e+01  3.925370e-02 
 1.159505e+01  3.734585e-02 
 1.159545e+01  3.381119e-02 
 1.159585e+01  2.891906e-02 
 1.159625e+01  2.299549e-02 
 1.159665e+01  1.644756e-02 
 1.159704e+01  9.701851e-03 
 1.159744e+01  3.181048e-03 
 1.159784e+01 -2.682336e-03 
 1.159824e+01 -7.356024e-03 
 1.159863e+01 -1.051101e-02 
 1.159903e+01 -1.196215e-02 
 1.159943e+01 -1.160488e-02 
 1.159983e+01 -9.511065e-03 
 1.160022e+01 -5.843346e-03 
 1.160062e+01 -9.483440e-04 
 1.160102e+01  4.736645e-03 
 1.160142e+01  1.067584e-02 
 1.160182e+01  1.637084e-02 
 1.160221e+01  2.145218e-02 
 1.160261e+01  2.544846e-02 
 1.160301e+01  2.812523e-02 
 1.160341e+01  2.935587e-02 
 1.160380e+01  2.906159e-02 
 1.160420e+01  2.737350e-02 
 1.160460e+01  2.457719e-02 
 1.160500e+01  2.091772e-02 
 1.160539e+01  1.664697e-02 
 1.160579e+01  1.223798e-02 
 1.160619e+01  8.132738e-03 
 1.160659e+01  4.741428e-03 
 1.160699e+01  2.493230e-03 
 1.160738e+01  1.601832e-03 
 1.160778e+01  2.306770e-03 
 1.160818e+01  4.616401e-03 
 1.160858e+01  8.344432e-03 
 1.160897e+01  1.305096e-02 
 1.160937e+01  1.832008e-02 
 1.160977e+01  2.367982e-02 
 1.161017e+01  2.866031e-02 
 1.161056e+01  3.291365e-02 
 1.161096e+01  3.609891e-02 
 1.161136e+01  3.795094e-02 
 1.161176e+01  3.825707e-02 
 1.161216e+01  3.691355e-02 
 1.161255e+01  3.396047e-02 
 1.161295e+01  2.952454e-02 
 1.161335e+01  2.380320e-02 
 1.161375e+01  1.706519e-02 
 1.161414e+01  9.792349e-03 
 1.161454e+01  2.505039e-03 
 1.161494e+01 -4.435299e-03 
 1.161534e+01 -1.058265e-02 
 1.161573e+01 -1.547706e-02 
 1.161613e+01 -1.885263e-02 
 1.161653e+01 -2.059739e-02 
 1.161693e+01 -2.061475e-02 
 1.161733e+01 -1.899485e-02 
 1.161772e+01 -1.587412e-02 
 1.161812e+01 -1.144575e-02 
 1.161852e+01 -5.961494e-03 
 1.161892e+01  2.586991e-04 
 1.161931e+01  6.813057e-03 
 1.161971e+01  1.318716e-02 
 1.162011e+01  1.890062e-02 
 1.162051e+01  2.352889e-02 
 1.162090e+01  2.681783e-02 
 1.162130e+01  2.852283e-02 
 1.162170e+01  2.868678e-02 
 1.162210e+01  2.747747e-02 
 1.162250e+01  2.508398e-02 
 1.162289e+01  2.186646e-02 
 1.162329e+01  1.817923e-02 
 1.162369e+01  1.439315e-02 
 1.162409e+01  1.085984e-02 
 1.162448e+01  7.953249e-03 
 1.162488e+01  5.896219e-03 
 1.162528e+01  4.838490e-03 
 1.162568e+01  4.859926e-03 
 1.162607e+01  5.883931e-03 
 1.162647e+01  7.721907e-03 
 1.162687e+01  1.022373e-02 
 1.162727e+01  1.299338e-02 
 1.162767e+01  1.568709e-02 
 1.162806e+01  1.806538e-02 
 1.162846e+01  1.984887e-02 
 1.162886e+01  2.074973e-02 
 1.162926e+01  2.064011e-02 
 1.162965e+01  1.941323e-02 
 1.163005e+01  1.708886e-02 
 1.163045e+01  1.381691e-02 
 1.163085e+01  9.763898e-03 
 1.163124e+01  5.208971e-03 
 1.163164e+01  4.611645e-04 
 1.163204e+01 -4.065896e-03 
 1.163244e+01 -8.220081e-03 
 1.163284e+01 -1.166627e-02 
 1.163323e+01 -1.424770e-02 
 1.163363e+01 -1.574373e-02 
 1.163403e+01 -1.605335e-02 
 1.163443e+01 -1.506280e-02 
 1.163482e+01 -1.267417e-02 
 1.163522e+01 -9.112292e-03 
 1.163562e+01 -4.612769e-03 
 1.163602e+01  3.834791e-04 
 1.163641e+01  5.449863e-03 
 1.163681e+01  1.020372e-02 
 1.163721e+01  1.426455e-02 
 1.163761e+01  1.736680e-02 
 1.163801e+01  1.936066e-02 
 1.163840e+01  2.014972e-02 
 1.163880e+01  1.972350e-02 
 1.163920e+01  1.819905e-02 
 1.163960e+01  1.586983e-02 
 1.163999e+01  1.283608e-02 
 1.164039e+01  9.405290e-03 
 1.164079e+01  5.911295e-03 
 1.164119e+01  2.624413e-03 
 1.164159e+01 -2.683841e-04 
 1.164198e+01 -2.588131e-03 
 1.164238e+01 -4.233515e-03 
 1.164278e+01 -5.228857e-03 
 1.164318e+01 -5.532529e-03 
 1.164357e+01 -5.248553e-03 
 1.164397e+01 -4.555390e-03 
 1.164437e+01 -3.577973e-03 
 1.164477e+01 -2.552524e-03 
 1.164516e+01 -1.743131e-03 
 1.164556e+01 -1.277368e-03 
 1.164596e+01 -1.198327e-03 
 1.164636e+01 -1.606860e-03 
 1.164676e+01 -2.441603e-03 
 1.164715e+01 -3.636299e-03 
 1.164755e+01 -5.182553e-03 
 1.164795e+01 -7.008654e-03 
 1.164835e+01 -9.042091e-03 
 1.164874e+01 -1.109050e-02 
 1.164914e+01 -1.300628e-02 
 1.164954e+01 -1.451724e-02 
 1.164994e+01 -1.537180e-02 
 1.165033e+01 -1.531094e-02 
 1.165073e+01 -1.416234e-02 
 1.165113e+01 -1.191056e-02 
 1.165153e+01 -8.638840e-03 
 1.165193e+01 -4.440604e-03 
 1.165232e+01  3.895088e-04 
 1.165272e+01  5.538421e-03 
 1.165312e+01  1.060334e-02 
 1.165352e+01  1.531114e-02 
 1.165391e+01  1.929888e-02 
 1.165431e+01  2.229434e-02 
 1.165471e+01  2.404448e-02 
 1.165511e+01  2.435937e-02 
 1.165550e+01  2.324851e-02 
 1.165590e+01  2.081476e-02 
 1.165630e+01  1.725829e-02 
 1.165670e+01  1.283147e-02 
 1.165710e+01  7.939315e-03 
 1.165749e+01  2.833254e-03 
 1.165789e+01 -2.139125e-03 
 1.165829e+01 -6.541682e-03 
 1.165869e+01 -1.020084e-02 
 1.165908e+01 -1.287585e-02 
 1.165948e+01 -1.450252e-02 
 1.165988e+01 -1.493241e-02 
 1.166028e+01 -1.427569e-02 
 1.166067e+01 -1.273307e-02 
 1.166107e+01 -1.049430e-02 
 1.166147e+01 -7.885586e-03 
 1.166187e+01 -5.111268e-03 
 1.166227e+01 -2.463150e-03 
 1.166266e+01 -2.055075e-04 
 1.166306e+01  1.452556e-03 
 1.166346e+01  2.275979e-03 
 1.166386e+01  2.161538e-03 
 1.166425e+01  1.100432e-03 
 1.166465e+01 -7.461627e-04 
 1.166505e+01 -3.274949e-03 
 1.166545e+01 -6.286789e-03 
 1.166584e+01 -9.376012e-03 
 1.166624e+01 -1.225802e-02 
 1.166664e+01 -1.450468e-02 
 1.166704e+01 -1.583006e-02 
 1.166744e+01 -1.605930e-02 
 1.166783e+01 -1.499852e-02 
 1.166823e+01 -1.260356e-02 
 1.166863e+01 -8.928072e-03 
 1.166903e+01 -4.246206e-03 
 1.166942e+01  1.166278e-03 
 1.166982e+01  6.912545e-03 
 1.167022e+01  1.256415e-02 
 1.167062e+01  1.784216e-02 
 1.167101e+01  2.231326e-02 
 1.167141e+01  2.557246e-02 
 1.167181e+01  2.727996e-02 
 1.167221e+01  2.734962e-02 
 1.167261e+01  2.577161e-02 
 1.167300e+01  2.264344e-02 
 1.167340e+01  1.821885e-02 
 1.167380e+01  1.275224e-02 
 1.167420e+01  6.657813e-03 
 1.167459e+01  3.513486e-04 
 1.167499e+01 -5.742741e-03 
 1.167539e+01 -1.127008e-02 
 1.167579e+01 -1.578139e-02 
 1.167618e+01 -1.902367e-02 
 1.167658e+01 -2.083815e-02 
 1.167698e+01 -2.103669e-02 
 1.167738e+01 -1.966993e-02 
 1.167778e+01 -1.689014e-02 
 1.167817e+01 -1.287715e-02 
 1.167857e+01 -7.974264e-03 
 1.167897e+01 -2.486122e-03 
 1.167937e+01  3.207537e-03 
 1.167976e+01  8.713894e-03 
 1.168016e+01  1.366555e-02 
 1.168056e+01  1.785338e-02 
 1.168096e+01  2.094027e-02 
 1.168135e+01  2.273606e-02 
 1.168175e+01  2.317583e-02 
 1.168215e+01  2.241982e-02 
 1.168255e+01  2.051263e-02 
 1.168295e+01  1.777489e-02 
 1.168334e+01  1.457981e-02 
 1.168374e+01  1.127749e-02 
 1.168414e+01  8.152492e-03 
 1.168454e+01  5.599985e-03 
 1.168493e+01  3.890872e-03 
 1.168533e+01  3.277212e-03 
 1.168573e+01  3.871278e-03 
 1.168613e+01  5.773777e-03 
 1.168652e+01  8.856250e-03 
 1.168692e+01  1.288376e-02 
 1.168732e+01  1.743170e-02 
 1.168772e+01  2.196332e-02 
 1.168812e+01  2.608745e-02 
 1.168851e+01  2.945160e-02 
 1.168891e+01  3.171144e-02 
 1.168931e+01  3.259167e-02 
 1.168971e+01  3.194863e-02 
 1.169010e+01  2.964787e-02 
 1.169050e+01  2.573741e-02 
 1.169090e+01  2.046558e-02 
 1.169130e+01  1.409675e-02 
 1.169169e+01  7.074144e-03 
 1.169209e+01 -9.316936e-05 
 1.169249e+01 -6.887535e-03 
 1.169289e+01 -1.281400e-02 
 1.169329e+01 -1.739459e-02 
 1.169368e+01 -2.046290e-02 
 1.169408e+01 -2.188067e-02 
 1.169448e+01 -2.143755e-02 
 1.169488e+01 -1.915525e-02 
 1.169527e+01 -1.519959e-02 
 1.169567e+01 -9.747909e-03 
 1.169607e+01 -3.104774e-03 
 1.169647e+01  4.230574e-03 
 1.169686e+01  1.174215e-02 
 1.169726e+01  1.891149e-02 
 1.169766e+01  2.520759e-02 
 1.169806e+01  3.032066e-02 
 1.169846e+01  3.397591e-02 
 1.169885e+01  3.597935e-02 
 1.169925e+01  3.632093e-02 
 1.169965e+01  3.508515e-02 
 1.170005e+01  3.227903e-02 
 1.170044e+01  2.814337e-02 
 1.170084e+01  2.310609e-02 
 1.170124e+01  1.763220e-02 
 1.170164e+01  1.221461e-02 
 1.170203e+01  7.422506e-03 
 1.170243e+01  3.669245e-03 
 1.170283e+01  1.228969e-03 
 1.170323e+01  2.756360e-04 
 1.170363e+01  7.620749e-04 
 1.170402e+01  2.590907e-03 
 1.170442e+01  5.465793e-03 
 1.170482e+01  9.012043e-03 
 1.170522e+01  1.284626e-02 
 1.170561e+01  1.659273e-02 
 1.170601e+01  1.984996e-02 
 1.170641e+01  2.213574e-02 
 1.170681e+01  2.324135e-02 
 1.170720e+01  2.315080e-02 
 1.170760e+01  2.180358e-02 
 1.170800e+01  1.931736e-02 
 1.170840e+01  1.586603e-02 
 1.170880e+01  1.169513e-02 
 1.170919e+01  6.996490e-03 
 1.170959e+01  2.127265e-03 
 1.170999e+01 -2.634997e-03 
 1.171039e+01 -6.967138e-03 
 1.171078e+01 -1.049269e-02 
 1.171118e+01 -1.295438e-02 
 1.171158e+01 -1.406474e-02 
 1.171198e+01 -1.355649e-02 
 1.171237e+01 -1.139631e-02 
 1.171277e+01 -7.747730e-03 
 1.171317e+01 -2.823268e-03 
 1.171357e+01  3.100687e-03 
 1.171397e+01  9.569918e-03 
 1.171436e+01  1.620566e-02 
 1.171476e+01  2.253919e-02 
 1.171516e+01  2.808753e-02 
 1.171556e+01  3.242549e-02 
 1.171595e+01  3.523664e-02 
 1.171635e+01  3.630915e-02 
 1.171675e+01  3.560293e-02 
 1.171715e+01  3.311600e-02 
 1.171754e+01  2.902525e-02 
 1.171794e+01  2.366417e-02 
 1.171834e+01  1.752129e-02 
 1.171874e+01  1.098170e-02 
 1.171914e+01  4.432088e-03 
 1.171953e+01 -1.648780e-03 
 1.171993e+01 -6.881642e-03 
 1.172033e+01 -1.091638e-02 
 1.172073e+01 -1.355693e-02 
 1.172112e+01 -1.481130e-02 
 1.172152e+01 -1.473824e-02 
 1.172192e+01 -1.346925e-02 
 1.172232e+01 -1.130550e-02 
 1.172271e+01 -8.544991e-03 
 1.172311e+01 -5.429580e-03 
 1.172351e+01 -2.339257e-03 
 1.172391e+01  4.477033e-04 
 1.172431e+01  2.689741e-03 
 1.172470e+01  4.359054e-03 
 1.172510e+01  5.290817e-03 
 1.172550e+01  5.454561e-03 
 1.172590e+01  4.909103e-03 
 1.172629e+01  3.718968e-03 
 1.172669e+01  2.032402e-03 
 1.172709e+01  7.908365e-05 
 1.172749e+01 -1.823526e-03 
 1.172788e+01 -3.401880e-03 
 1.172828e+01 -4.445990e-03 
 1.172868e+01 -4.775534e-03 
 1.172908e+01 -4.229332e-03 
 1.172948e+01 -2.718190e-03 
 1.172987e+01 -3.309187e-04 
 1.173027e+01  2.862325e-03 
 1.173067e+01  6.741832e-03 
 1.173107e+01  1.110951e-02 
 1.173146e+01  1.570830e-02 
 1.173186e+01  2.019000e-02 
 1.173226e+01  2.413631e-02 
 1.173266e+01  2.710569e-02 
 1.173306e+01  2.876349e-02 
 1.173345e+01  2.898120e-02 
 1.173385e+01  2.770122e-02 
 1.173425e+01  2.521487e-02 
 1.173465e+01  2.170745e-02 
 1.173504e+01  1.737374e-02 
 1.173544e+01  1.256972e-02 
 1.173584e+01  7.572848e-03 
 1.173624e+01  2.629048e-03 
 1.173663e+01 -1.965715e-03 
 1.173703e+01 -5.914131e-03 
 1.173743e+01 -9.003131e-03 
 1.173783e+01 -1.114238e-02 
 1.173823e+01 -1.226789e-02 
 1.173862e+01 -1.240460e-02 
 1.173902e+01 -1.177263e-02 
 1.173942e+01 -1.052102e-02 
 1.173982e+01 -8.786114e-03 
 1.174021e+01 -6.735598e-03 
 1.174061e+01 -4.459152e-03 
 1.174101e+01 -2.131849e-03 
 1.174141e+01  2.084071e-05 
 1.174180e+01  1.841062e-03 
 1.174220e+01  3.217083e-03 
 1.174260e+01  4.005118e-03 
 1.174300e+01  4.249582e-03 
 1.174340e+01  4.030492e-03 
 1.174379e+01  3.427768e-03 
 1.174419e+01  2.597683e-03 
 1.174459e+01  1.603506e-03 
 1.174499e+01  7.282337e-04 
 1.174538e+01  6.781856e-05 
 1.174578e+01 -1.315929e-04 
 1.174618e+01  1.989682e-04 
 1.174658e+01  1.240429e-03 
 1.174697e+01  3.170601e-03 
 1.174737e+01  5.878252e-03 
 1.174777e+01  9.144038e-03 
 1.174817e+01  1.265190e-02 
 1.174857e+01  1.597284e-02 
 1.174896e+01  1.869241e-02 
 1.174936e+01  2.054588e-02 
 1.174976e+01  2.132412e-02 
 1.175016e+01  2.083378e-02 
 1.175055e+01  1.903919e-02 
 1.175095e+01  1.611267e-02 
 1.175135e+01  1.215475e-02 
 1.175175e+01  7.425246e-03 
 1.175214e+01  2.100457e-03 
 1.175254e+01 -3.461920e-03 
 1.175294e+01 -8.814173e-03 
 1.175334e+01 -1.350270e-02 
 1.175374e+01 -1.715221e-02 
 1.175413e+01 -1.965208e-02 
 1.175453e+01 -2.079262e-02 
 1.175493e+01 -2.057761e-02 
 1.175533e+01 -1.904647e-02 
 1.175572e+01 -1.625892e-02 
 1.175612e+01 -1.249977e-02 
 1.175652e+01 -7.998504e-03 
 1.175692e+01 -3.137272e-03 
 1.175731e+01  1.727060e-03 
 1.175771e+01  6.297538e-03 
 1.175811e+01  1.025338e-02 
 1.175851e+01  1.332557e-02 
 1.175891e+01  1.539641e-02 
 1.175930e+01  1.649136e-02 
 1.175970e+01  1.660490e-02 
 1.176010e+01  1.582036e-02 
 1.176050e+01  1.419492e-02 
 1.176089e+01  1.183592e-02 
 1.176129e+01  8.987523e-03 
 1.176169e+01  5.886460e-03 
 1.176209e+01  3.013097e-03 
 1.176248e+01  6.731161e-04 
 1.176288e+01 -8.390425e-04 
 1.176328e+01 -1.303879e-03 
 1.176368e+01 -6.548797e-04 
 1.176408e+01  1.024064e-03 
 1.176447e+01  3.561353e-03 
 1.176487e+01  6.662750e-03 
 1.176527e+01  1.000198e-02 
 1.176567e+01  1.337336e-02 
 1.176606e+01  1.640731e-02 
 1.176646e+01  1.871412e-02 
 1.176686e+01  1.998961e-02 
 1.176726e+01  1.995698e-02 
 1.176765e+01  1.852231e-02 
 1.176805e+01  1.564740e-02 
 1.176845e+01  1.150300e-02 
 1.176885e+01  6.376157e-03 
 1.176925e+01  6.213566e-04 
 1.176964e+01 -5.355052e-03 
 1.177004e+01 -1.115947e-02 
 1.177044e+01 -1.637779e-02 
 1.177084e+01 -2.065309e-02 
 1.177123e+01 -2.375848e-02 
 1.177163e+01 -2.538010e-02 
 1.177203e+01 -2.543195e-02 
 1.177243e+01 -2.395984e-02 
 1.177282e+01 -2.100271e-02 
 1.177322e+01 -1.668894e-02 
 1.177362e+01 -1.123475e-02 
 1.177402e+01 -4.942759e-03 
 1.177442e+01  1.793537e-03 
 1.177481e+01  8.539772e-03 
 1.177521e+01  1.491740e-02 
 1.177561e+01  2.049904e-02 
 1.177601e+01  2.485332e-02 
 1.177640e+01  2.766527e-02 
 1.177680e+01  2.877935e-02 
 1.177720e+01  2.824668e-02 
 1.177760e+01  2.611312e-02 
 1.177799e+01  2.269113e-02 
 1.177839e+01  1.823264e-02 
 1.177879e+01  1.307349e-02 
 1.177919e+01  7.618308e-03 
 1.177959e+01  2.349833e-03 
 1.177998e+01 -2.232889e-03 
 1.178038e+01 -5.800464e-03 
 1.178078e+01 -8.137823e-03 
 1.178118e+01 -8.990845e-03 
 1.178157e+01 -8.364002e-03 
 1.178197e+01 -6.373352e-03 
 1.178237e+01 -3.268414e-03 
 1.178277e+01  5.621458e-04 
 1.178316e+01  4.799896e-03 
 1.178356e+01  9.028547e-03 
 1.178396e+01  1.277244e-02 
 1.178436e+01  1.567477e-02 
 1.178476e+01  1.738783e-02 
 1.178515e+01  1.766234e-02 
 1.178555e+01  1.661000e-02 
 1.178595e+01  1.435766e-02 
 1.178635e+01  1.114076e-02 
 1.178674e+01  7.328674e-03 
 1.178714e+01  3.176217e-03 
 1.178754e+01 -1.044235e-03 
 1.178794e+01 -4.931529e-03 
 1.178833e+01 -8.266232e-03 
 1.178873e+01 -1.074425e-02 
 1.178913e+01 -1.203552e-02 
 1.178953e+01 -1.187645e-02 
 1.178993e+01 -1.018227e-02 
 1.179032e+01 -7.003038e-03 
 1.179072e+01 -2.429337e-03 
 1.179112e+01  3.233794e-03 
 1.179152e+01  9.511754e-03 
 1.179191e+01  1.601197e-02 
 1.179231e+01  2.225453e-02 
 1.179271e+01  2.794524e-02 
 1.179311e+01  3.263280e-02 
 1.179350e+01  3.601076e-02 
 1.179390e+01  3.773621e-02 
 1.179430e+01  3.758053e-02 
 1.179470e+01  3.549390e-02 
 1.179510e+01  3.158382e-02 
 1.179549e+01  2.614981e-02 
 1.179589e+01  1.954477e-02 
 1.179629e+01  1.225098e-02 
 1.179669e+01  4.769817e-03 
 1.179708e+01 -2.302288e-03 
 1.179748e+01 -8.516339e-03 
 1.179788e+01 -1.347789e-02 
 1.179828e+01 -1.685203e-02 
 1.179867e+01 -1.848140e-02 
 1.179907e+01 -1.833510e-02 
 1.179947e+01 -1.662818e-02 
 1.179987e+01 -1.365591e-02 
 1.180027e+01 -9.779433e-03 
 1.180066e+01 -5.403913e-03 
 1.180106e+01 -8.658878e-04 
 1.180146e+01  3.470865e-03 
 1.180186e+01  7.350516e-03 
 1.180225e+01  1.060760e-02 
 1.180265e+01  1.289230e-02 
 1.180305e+01  1.412290e-02 
 1.180345e+01  1.428042e-02 
 1.180384e+01  1.338046e-02 
 1.180424e+01  1.156855e-02 
 1.180464e+01  9.179213e-03 
 1.180504e+01  6.551357e-03 
 1.180544e+01  3.941417e-03 
 1.180583e+01  1.716910e-03 
 1.180623e+01  4.347421e-05 
 1.180663e+01 -8.497526e-04 
 1.180703e+01 -8.515973e-04 
 1.180742e+01  1.231749e-04 
 1.180782e+01  2.173043e-03 
 1.180822e+01  5.239425e-03 
 1.180862e+01  9.177570e-03 
 1.180901e+01  1.380617e-02 
 1.180941e+01  1.876587e-02 
 1.180981e+01  2.373431e-02 
 1.181021e+01  2.826824e-02 
 1.181061e+01  3.186638e-02 
 1.181100e+01  3.417401e-02 
 1.181140e+01  3.498215e-02 
 1.181180e+01  3.417506e-02 
 1.181220e+01  3.167010e-02 
 1.181259e+01  2.763120e-02 
 1.181299e+01  2.226272e-02 
 1.181339e+01  1.599984e-02 
 1.181379e+01  9.224545e-03 
 1.181418e+01  2.453295e-03 
 1.181458e+01 -3.775794e-03 
 1.181498e+01 -9.028432e-03 
 1.181538e+01 -1.298172e-02 
 1.181578e+01 -1.535178e-02 
 1.181617e+01 -1.598647e-02 
 1.181657e+01 -1.504534e-02 
 1.181697e+01 -1.264023e-02 
 1.181737e+01 -8.967066e-03 
 1.181776e+01 -4.310256e-03 
 1.181816e+01  9.439125e-04 
 1.181856e+01  6.368508e-03 
 1.181896e+01  1.150869e-02 
 1.181935e+01  1.605842e-02 
 1.181975e+01  1.978030e-02 
 1.182015e+01  2.253409e-02 
 1.182055e+01  2.424064e-02 
 1.182095e+01  2.495264e-02 
 1.182134e+01  2.464238e-02 
 1.182174e+01  2.338592e-02 
 1.182214e+01  2.135444e-02 
 1.182254e+01  1.874193e-02 
 1.182293e+01  1.577724e-02 
 1.182333e+01  1.266445e-02 
 1.182373e+01  9.708650e-03 
 1.182413e+01  7.266386e-03 
 1.182453e+01  5.564685e-03 
 1.182492e+01  4.818930e-03 
 1.182532e+01  5.084391e-03 
 1.182572e+01  6.356172e-03 
 1.182612e+01  8.319116e-03 
 1.182651e+01  1.072206e-02 
 1.182691e+01  1.327318e-02 
 1.182731e+01  1.555536e-02 
 1.182771e+01  1.716737e-02 
 1.182810e+01  1.795884e-02 
 1.182850e+01  1.782481e-02 
 1.182890e+01  1.675351e-02 
 1.182930e+01  1.480722e-02 
 1.182970e+01  1.205648e-02 
 1.183009e+01  8.632185e-03 
 1.183049e+01  4.698498e-03 
 1.183089e+01  4.533936e-04 
 1.183129e+01 -3.679349e-03 
 1.183168e+01 -7.435945e-03 
 1.183208e+01 -1.040036e-02 
 1.183248e+01 -1.232039e-02 
 1.183288e+01 -1.306975e-02 
 1.183327e+01 -1.256962e-02 
 1.183367e+01 -1.086156e-02 
 1.183407e+01 -8.103987e-03 
 1.183447e+01 -4.580890e-03 
 1.183487e+01 -5.343384e-04 
 1.183526e+01  3.813372e-03 
 1.183566e+01  8.224084e-03 
 1.183606e+01  1.254069e-02 
 1.183646e+01  1.650119e-02 
 1.183685e+01  1.997924e-02 
 1.183725e+01  2.272349e-02 
 1.183765e+01  2.461169e-02 
 1.183805e+01  2.560532e-02 
 1.183844e+01  2.564830e-02 
 1.183884e+01  2.472668e-02 
 1.183924e+01  2.289659e-02 
 1.183964e+01  2.033674e-02 
 1.184004e+01  1.725718e-02 
 1.184043e+01  1.394240e-02 
 1.184083e+01  1.070090e-02 
 1.184123e+01  7.857806e-03 
 1.184163e+01  5.670227e-03 
 1.184202e+01  4.265032e-03 
 1.184242e+01  3.672523e-03 
 1.184282e+01  3.779169e-03 
 1.184322e+01  4.538869e-03 
 1.184361e+01  5.662079e-03 
 1.184401e+01  6.955332e-03 
 1.184441e+01  8.251150e-03 
 1.184481e+01  9.213350e-03 
 1.184521e+01  9.554732e-03 
 1.184560e+01  8.991726e-03 
 1.184600e+01  7.348352e-03 
 1.184640e+01  4.693479e-03 
 1.184680e+01  1.147695e-03 
 1.184719e+01 -2.910219e-03 
 1.184759e+01 -7.102186e-03 
 1.184799e+01 -1.101992e-02 
 1.184839e+01 -1.434582e-02 
 1.184878e+01 -1.681929e-02 
 1.184918e+01 -1.822329e-02 
 1.184958e+01 -1.855406e-02 
 1.184998e+01 -1.789755e-02 
 1.185038e+01 -1.624925e-02 
 1.185077e+01 -1.370774e-02 
 1.185117e+01 -1.040885e-02 
 1.185157e+01 -6.544900e-03 
 1.185197e+01 -2.316132e-03 
 1.185236e+01  1.967491e-03 
 1.185276e+01  6.076922e-03 
 1.185316e+01  9.791534e-03 
 1.185356e+01  1.293286e-02 
 1.185395e+01  1.522394e-02 
 1.185435e+01  1.641734e-02 
 1.185475e+01  1.636652e-02 
 1.185515e+01  1.496760e-02 
 1.185555e+01  1.240665e-02 
 1.185594e+01  8.901049e-03 
 1.185634e+01  4.670205e-03 
 1.185674e+01  1.160221e-04 
 1.185714e+01 -4.343976e-03 
 1.185753e+01 -8.390689e-03 
 1.185793e+01 -1.178798e-02 
 1.185833e+01 -1.432427e-02 
 1.185873e+01 -1.592950e-02 
 1.185912e+01 -1.643006e-02 
 1.185952e+01 -1.580434e-02 
 1.185992e+01 -1.411313e-02 
 1.186032e+01 -1.147126e-02 
 1.186072e+01 -8.130980e-03 
 1.186111e+01 -4.453293e-03 
 1.186151e+01 -9.226536e-04 
 1.186191e+01  2.099693e-03 
 1.186231e+01  4.188966e-03 
 1.186270e+01  5.122110e-03 
 1.186310e+01  5.037409e-03 
 1.186350e+01  3.982564e-03 
 1.186390e+01  2.190613e-03 
 1.186429e+01 -1.779991e-04 
 1.186469e+01 -2.903292e-03 
 1.186509e+01 -5.701526e-03 
 1.186549e+01 -8.342948e-03 
 1.186589e+01 -1.058394e-02 
 1.186628e+01 -1.225665e-02 
 1.186668e+01 -1.298584e-02 
 1.186708e+01 -1.270281e-02 
 1.186748e+01 -1.128911e-02 
 1.186787e+01 -8.726453e-03 
 1.186827e+01 -5.115270e-03 
 1.186867e+01 -6.302509e-04 
 1.186907e+01  4.384510e-03 
 1.186946e+01  9.639526e-03 
 1.186986e+01  1.475130e-02 
 1.187026e+01  1.933190e-02 
 1.187066e+01  2.308942e-02 
 1.187106e+01  2.568905e-02 
 1.187145e+01  2.695998e-02 
 1.187185e+01  2.673427e-02 
 1.187225e+01  2.498361e-02 
 1.187265e+01  2.175304e-02 
 1.187304e+01  1.719669e-02 
 1.187344e+01  1.151854e-02 
 1.187384e+01  5.005644e-03 
 1.187424e+01 -1.903294e-03 
 1.187463e+01 -8.799156e-03 
 1.187503e+01 -1.517958e-02 
 1.187543e+01 -2.046848e-02 
 1.187583e+01 -2.424633e-02 
 1.187623e+01 -2.619836e-02 
 1.187662e+01 -2.623113e-02 
 1.187702e+01 -2.444986e-02 
 1.187742e+01 -2.111327e-02 
 1.187782e+01 -1.653232e-02 
 1.187821e+01 -1.110407e-02 
 1.187861e+01 -5.342665e-03 
 1.187901e+01  3.963590e-04 
 1.187941e+01  5.813256e-03 
 1.187980e+01  1.046678e-02 
 1.188020e+01  1.408463e-02 
 1.188060e+01  1.644507e-02 
 1.188100e+01  1.739413e-02 
 1.188140e+01  1.698264e-02 
 1.188179e+01  1.534771e-02 
 1.188219e+01  1.270253e-02 
 1.188259e+01  9.399363e-03 
 1.188299e+01  5.816149e-03 
 1.188338e+01  2.316165e-03 
 1.188378e+01 -6.393473e-04 
 1.188418e+01 -2.719249e-03 
 1.188458e+01 -3.714642e-03 
 1.188497e+01 -3.442475e-03 
 1.188537e+01 -1.815665e-03 
 1.188577e+01  1.087235e-03 
 1.188617e+01  5.013882e-03 
 1.188657e+01  9.665580e-03 
 1.188696e+01  1.468656e-02 
 1.188736e+01  1.975672e-02 
 1.188776e+01  2.449463e-02 
 1.188816e+01  2.848369e-02 
 1.188855e+01  3.138230e-02 
 1.188895e+01  3.294182e-02 
 1.188935e+01  3.286111e-02 
 1.188975e+01  3.099606e-02 
 1.189014e+01  2.749902e-02 
 1.189054e+01  2.251395e-02 
 1.189094e+01  1.637214e-02 
 1.189134e+01  9.559956e-03 
 1.189174e+01  2.642530e-03 
 1.189213e+01 -3.848355e-03 
 1.189253e+01 -9.453672e-03 
 1.189293e+01 -1.373157e-02 
 1.189333e+01 -1.646376e-02 
 1.189372e+01 -1.751855e-02 
 1.189412e+01 -1.686814e-02 
 1.189452e+01 -1.453084e-02 
 1.189492e+01 -1.058237e-02 
 1.189531e+01 -5.252064e-03 
 1.189571e+01  1.072255e-03 
 1.189611e+01  7.926800e-03 
 1.189651e+01  1.481009e-02 
 1.189691e+01  2.119368e-02 
 1.189730e+01  2.658250e-02 
 1.189770e+01  3.076888e-02 
 1.189810e+01  3.344879e-02 
 1.189850e+01  3.466522e-02 
 1.189889e+01  3.447329e-02 
 1.189929e+01  3.299350e-02 
 1.189969e+01  3.045124e-02 
 1.190009e+01  2.698217e-02 
 1.190048e+01  2.285735e-02 
 1.190088e+01  1.825572e-02 
 1.190128e+01  1.357292e-02 
 1.190168e+01  9.165339e-03 
 1.190208e+01  5.252474e-03 
 1.190247e+01  2.220927e-03 
 1.190287e+01  3.369296e-04 
 1.190327e+01 -2.842870e-04 
 1.190367e+01  4.140757e-04 
 1.190406e+01  2.283641e-03 
 1.190446e+01  5.030279e-03 
 1.190486e+01  8.316977e-03 
 1.190526e+01  1.176686e-02 
 1.190565e+01  1.488506e-02 
 1.190605e+01  1.730011e-02 
 1.190645e+01  1.875770e-02 
 1.190685e+01  1.902963e-02 
 1.190725e+01  1.808267e-02 
 1.190764e+01  1.600229e-02 
 1.190804e+01  1.290407e-02 
 1.190844e+01  9.014917e-03 
 1.190884e+01  4.683308e-03 
 1.190923e+01  3.204526e-04 
 1.190963e+01 -3.759100e-03 
 1.191003e+01 -7.181449e-03 
 1.191043e+01 -9.584646e-03 
 1.191082e+01 -1.066379e-02 
 1.191122e+01 -1.027713e-02 
 1.191162e+01 -8.371052e-03 
 1.191202e+01 -5.027747e-03 
 1.191242e+01 -4.751504e-04 
 1.191281e+01  4.955634e-03 
 1.191321e+01  1.079914e-02 
 1.191361e+01  1.670781e-02 
 1.191401e+01  2.231254e-02 
 1.191440e+01  2.730226e-02 
 1.191480e+01  3.137557e-02 
 1.191520e+01  3.443656e-02 
 1.191560e+01  3.635824e-02 
 1.191600e+01  3.703133e-02 
 1.191639e+01  3.650342e-02 
 1.191679e+01  3.484376e-02 
 1.191719e+01  3.215854e-02 
 1.191759e+01  2.856748e-02 
 1.191798e+01  2.436032e-02 
 1.191838e+01  1.977567e-02 
 1.191878e+01  1.514304e-02 
 1.191918e+01  1.080795e-02 
 1.191957e+01  6.941086e-03 
 1.191997e+01  3.848735e-03 
 1.192037e+01  1.614734e-03 
 1.192077e+01  2.400036e-04 
 1.192117e+01 -2.558762e-04 
 1.192156e+01  4.916863e-05 
 1.192196e+01  1.063612e-03 
 1.192236e+01  2.463605e-03 
 1.192276e+01  4.121298e-03 
 1.192315e+01  5.792269e-03 
 1.192355e+01  7.222543e-03 
 1.192395e+01  8.250072e-03 
 1.192435e+01  8.634645e-03 
 1.192474e+01  8.373396e-03 
 1.192514e+01  7.461470e-03 
 1.192554e+01  6.048648e-03 
 1.192594e+01  4.329999e-03 
 1.192634e+01  2.484235e-03 
 1.192673e+01  8.715757e-04 
 1.192713e+01 -3.423865e-04 
 1.192753e+01 -9.349596e-04 
 1.192793e+01 -8.120975e-04 
 1.192832e+01  7.504274e-06 
 1.192872e+01  1.451287e-03 
 1.192912e+01  3.371288e-03 
 1.192952e+01  5.662522e-03 
 1.192991e+01  8.086231e-03 
 1.193031e+01  1.051967e-02 
 1.193071e+01  1.289253e-02 
 1.193111e+01  1.511028e-02 
 1.193151e+01  1.709724e-02 
 1.193190e+01  1.865293e-02 
 1.193230e+01  1.956219e-02 
 1.193270e+01  1.971307e-02 
 1.193310e+01  1.900756e-02 
 1.193349e+01  1.743575e-02 
 1.193389e+01  1.502991e-02 
 1.193429e+01  1.199022e-02 
 1.193469e+01  8.410950e-03 
 1.193508e+01  4.448542e-03 
 1.193548e+01  3.849669e-04 
 1.193588e+01 -3.602205e-03 
 1.193628e+01 -7.261810e-03 
 1.193668e+01 -1.031504e-02 
 1.193707e+01 -1.248284e-02 
 1.193747e+01 -1.365110e-02 
 1.193787e+01 -1.370268e-02 
 1.193827e+01 -1.275736e-02 
 1.193866e+01 -1.104596e-02 
 1.193906e+01 -8.697814e-03 
 1.193946e+01 -6.096429e-03 
 1.193986e+01 -3.493360e-03 
 1.194025e+01 -1.109767e-03 
 1.194065e+01  8.902549e-04 
 1.194105e+01  2.259916e-03 
 1.194145e+01  2.924771e-03 
 1.194185e+01  2.892924e-03 
 1.194224e+01  2.208544e-03 
 1.194264e+01  1.020003e-03 
 1.194304e+01 -4.280799e-04 
 1.194344e+01 -1.955127e-03 
 1.194383e+01 -3.273523e-03 
 1.194423e+01 -4.134852e-03 
 1.194463e+01 -4.406309e-03 
 1.194503e+01 -3.918789e-03 
 1.194542e+01 -2.605022e-03 
 1.194582e+01 -5.694594e-04 
 1.194622e+01  2.120236e-03 
 1.194662e+01  5.345261e-03 
 1.194702e+01  8.824351e-03 
 1.194741e+01  1.222727e-02 
 1.194781e+01  1.521310e-02 
 1.194821e+01  1.752490e-02 
 1.194861e+01  1.881107e-02 
 1.194900e+01  1.902598e-02 
 1.194940e+01  1.808826e-02 
 1.194980e+01  1.595434e-02 
 1.195020e+01  1.275603e-02 
 1.195059e+01  8.659965e-03 
 1.195099e+01  3.691528e-03 
 1.195139e+01 -1.927003e-03 
 1.195179e+01 -7.848424e-03 
 1.195219e+01 -1.383607e-02 
 1.195258e+01 -1.947375e-02 
 1.195298e+01 -2.419768e-02 
 1.195338e+01 -2.774588e-02 
 1.195378e+01 -2.976687e-02 
 1.195417e+01 -3.010765e-02 
 1.195457e+01 -2.868981e-02 
 1.195497e+01 -2.566608e-02 
 1.195537e+01 -2.125140e-02 
 1.195576e+01 -1.584505e-02 
 1.195616e+01 -9.979175e-03 
 1.195656e+01 -4.024626e-03 
 1.195696e+01  1.466417e-03 
 1.195736e+01  6.069103e-03 
 1.195775e+01  9.623370e-03 
 1.195815e+01  1.191348e-02 
 1.195855e+01  1.283664e-02 
 1.195895e+01  1.256395e-02 
 1.195934e+01  1.133781e-02 
 1.195974e+01  9.287019e-03 
 1.196014e+01  6.730996e-03 
 1.196054e+01  3.927154e-03 
 1.196093e+01  1.074647e-03 
 1.196133e+01 -1.614966e-03 
 1.196173e+01 -3.800651e-03 
 1.196213e+01 -5.409599e-03 
 1.196253e+01 -6.234236e-03 
 1.196292e+01 -6.096520e-03 
 1.196332e+01 -5.013929e-03 
 1.196372e+01 -3.105678e-03 
 1.196412e+01 -3.739313e-04 
 1.196451e+01  2.955763e-03 
 1.196491e+01  6.562565e-03 
 1.196531e+01  1.029622e-02 
 1.196571e+01  1.383556e-02 
 1.196610e+01  1.682205e-02 
 1.196650e+01  1.891121e-02 
 1.196690e+01  1.986463e-02 
 1.196730e+01  1.940394e-02 
 1.196770e+01  1.744139e-02 
 1.196809e+01  1.407710e-02 
 1.196849e+01  9.387235e-03 
 1.196889e+01  3.843206e-03 
 1.196929e+01 -2.031264e-03 
 1.196968e+01 -7.857788e-03 
 1.197008e+01 -1.309788e-02 
 1.197048e+01 -1.732443e-02 
 1.197088e+01 -2.022318e-02 
 1.197127e+01 -2.155835e-02 
 1.197167e+01 -2.106073e-02 
 1.197207e+01 -1.869087e-02 
 1.197247e+01 -1.460407e-02 
 1.197287e+01 -8.915081e-03 
 1.197326e+01 -2.063733e-03 
 1.197366e+01  5.493217e-03 
 1.197406e+01  1.328244e-02 
 1.197446e+01  2.073335e-02 
 1.197485e+01  2.718660e-02 
 1.197525e+01  3.239681e-02 
 1.197565e+01  3.596461e-02 
 1.197605e+01  3.761375e-02 
 1.197644e+01  3.744780e-02 
 1.197684e+01  3.561992e-02 
 1.197724e+01  3.231702e-02 
 1.197764e+01  2.780437e-02 
 1.197804e+01  2.252641e-02 
 1.197843e+01  1.679926e-02 
 1.197883e+01  1.094812e-02 
 1.197923e+01  5.456143e-03 
 1.197963e+01  6.552609e-04 
 1.198002e+01 -3.161601e-03 
 1.198042e+01 -5.745444e-03 
 1.198082e+01 -7.014876e-03 
 1.198122e+01 -6.987561e-03 
 1.198161e+01 -5.752774e-03 
 1.198201e+01 -3.536407e-03 
 1.198241e+01 -6.389710e-04 
 1.198281e+01  2.686387e-03 
 1.198321e+01  6.041603e-03 
 1.198360e+01  9.075145e-03 
 1.198400e+01  1.149912e-02 
 1.198440e+01  1.307180e-02 
 1.198480e+01  1.358784e-02 
 1.198519e+01  1.293910e-02 
 1.198559e+01  1.127607e-02 
 1.198599e+01  8.668649e-03 
 1.198639e+01  5.425430e-03 
 1.198678e+01  1.890705e-03 
 1.198718e+01 -1.788866e-03 
 1.198758e+01 -5.214051e-03 
 1.198798e+01 -8.031130e-03 
 1.198838e+01 -9.945225e-03 
 1.198877e+01 -1.069745e-02 
 1.198917e+01 -1.002722e-02 
 1.198957e+01 -7.975974e-03 
 1.198997e+01 -4.611630e-03 
 1.199036e+01 -6.516006e-05 
 1.199076e+01  5.363919e-03 
 1.199116e+01  1.121521e-02 
 1.199156e+01  1.714791e-02 
 1.199195e+01  2.283460e-02 
 1.199235e+01  2.794101e-02 
 1.199275e+01  3.222467e-02 
 1.199315e+01  3.537985e-02 
 1.199355e+01  3.710344e-02 
 1.199394e+01  3.731651e-02 
 1.199434e+01  3.593548e-02 
 1.199474e+01  3.299684e-02 
 1.199514e+01  2.864781e-02 
 1.199553e+01  2.319714e-02 
 1.199593e+01  1.710480e-02 
 1.199633e+01  1.073616e-02 
 1.199673e+01  4.556567e-03 
 1.199712e+01 -1.037021e-03 
 1.199752e+01 -5.662847e-03 
 1.199792e+01 -9.095029e-03 
 1.199832e+01 -1.113892e-02 
 1.199872e+01 -1.172207e-02 
 1.199911e+01 -1.086916e-02 
 1.199951e+01 -8.839840e-03 
 1.199991e+01 -5.906681e-03 
 1.200031e+01 -2.249171e-03 
 1.200070e+01  1.804377e-03 
 1.200110e+01  5.849559e-03 
 1.200150e+01  9.602390e-03 
 1.200190e+01  1.279891e-02 
 1.200229e+01  1.506448e-02 
 1.200269e+01  1.622327e-02 
 1.200309e+01  1.628604e-02 
 1.200349e+01  1.528680e-02 
 1.200389e+01  1.337628e-02 
 1.200428e+01  1.089864e-02 
 1.200468e+01  8.151141e-03 
 1.200508e+01  5.557374e-03 
 1.200548e+01  3.432116e-03 
 1.200587e+01  2.014200e-03 
 1.200627e+01  1.354427e-03 
 1.200667e+01  1.620100e-03 
 1.200707e+01  2.744437e-03 
 1.200747e+01  4.607894e-03 
 1.200786e+01  7.140006e-03 
 1.200826e+01  1.023819e-02 
 1.200866e+01  1.363352e-02 
 1.200906e+01  1.701722e-02 
 1.200945e+01  2.007853e-02 
 1.200985e+01  2.247192e-02 
 1.201025e+01  2.395134e-02 
 1.201065e+01  2.437646e-02 
 1.201104e+01  2.366630e-02 
 1.201144e+01  2.193388e-02 
 1.201184e+01  1.918340e-02 
 1.201224e+01  1.553659e-02 
 1.201264e+01  1.122487e-02 
 1.201303e+01  6.385173e-03 
 1.201343e+01  1.289200e-03 
 1.201383e+01 -3.722454e-03 
 1.201423e+01 -8.209364e-03 
 1.201462e+01 -1.184302e-02 
 1.201502e+01 -1.439275e-02 
 1.201542e+01 -1.564737e-02 
 1.201582e+01 -1.564036e-02 
 1.201621e+01 -1.438799e-02 
 1.201661e+01 -1.198962e-02 
 1.201701e+01 -8.658578e-03 
 1.201741e+01 -4.706590e-03 
 1.201781e+01 -2.906989e-04 
 1.201820e+01  4.253223e-03 
 1.201860e+01  8.511765e-03 
 1.201900e+01  1.217109e-02 
 1.201940e+01  1.514656e-02 
 1.201979e+01  1.728570e-02 
 1.202019e+01  1.854557e-02 
 1.202059e+01  1.915980e-02 
 1.202099e+01  1.917185e-02 
 1.202138e+01  1.874465e-02 
 1.202178e+01  1.802639e-02 
 1.202218e+01  1.716498e-02 
 1.202258e+01  1.627893e-02 
 1.202298e+01  1.549463e-02 
 1.202337e+01  1.489831e-02 
 1.202377e+01  1.455200e-02 
 1.202417e+01  1.460960e-02 
 1.202457e+01  1.493881e-02 
 1.202496e+01  1.550229e-02 
 1.202536e+01  1.621016e-02 
 1.202576e+01  1.686125e-02 
 1.202616e+01  1.725592e-02 
 1.202655e+01  1.727049e-02 
 1.202695e+01  1.682816e-02 
 1.202735e+01  1.589000e-02 
 1.202775e+01  1.448334e-02 
 1.202815e+01  1.267824e-02 
 1.202854e+01  1.051130e-02 
 1.202894e+01  8.036124e-03 
 1.202934e+01  5.290528e-03 
 1.202974e+01  2.243553e-03 
 1.203013e+01 -1.011459e-03 
 1.203053e+01 -4.194992e-03 
 1.203093e+01 -7.302437e-03 
 1.203133e+01 -1.008450e-02 
 1.203172e+01 -1.220490e-02 
 1.203212e+01 -1.351970e-02 
 1.203252e+01 -1.385931e-02 
 1.203292e+01 -1.320270e-02 
 1.203332e+01 -1.151434e-02 
 1.203371e+01 -8.897542e-03 
 1.203411e+01 -5.507975e-03 
 1.203451e+01 -1.540169e-03 
 1.203491e+01  2.658914e-03 
 1.203530e+01  6.733837e-03 
 1.203570e+01  1.044025e-02 
 1.203610e+01  1.349400e-02 
 1.203650e+01  1.565471e-02 
 1.203689e+01  1.678874e-02 
 1.203729e+01  1.679158e-02 
 1.203769e+01  1.582380e-02 
 1.203809e+01  1.412235e-02 
 1.203849e+01  1.188908e-02 
 1.203888e+01  9.382976e-03 
 1.203928e+01  6.822297e-03 
 1.203968e+01  4.504124e-03 
 1.204008e+01  2.738751e-03 
 1.204047e+01  1.640153e-03 
 1.204087e+01  1.193294e-03 
 1.204127e+01  1.405525e-03 
 1.204167e+01  2.189959e-03 
 1.204206e+01  3.394377e-03 
 1.204246e+01  4.716330e-03 
 1.204286e+01  6.090646e-03 
 1.204326e+01  7.265036e-03 
 1.204366e+01  8.037214e-03 
 1.204405e+01  8.388398e-03 
 1.204445e+01  8.235887e-03 
 1.204485e+01  7.366799e-03 
 1.204525e+01  5.778250e-03 
 1.204564e+01  3.380718e-03 
 1.204604e+01  2.942015e-04 
 1.204644e+01 -3.279458e-03 
 1.204684e+01 -7.027390e-03 
 1.204723e+01 -1.060342e-02 
 1.204763e+01 -1.367227e-02 
 1.204803e+01 -1.593964e-02 
 1.204843e+01 -1.719929e-02 
 1.204883e+01 -1.731176e-02 
 1.204922e+01 -1.616046e-02 
 1.204962e+01 -1.381118e-02 
 1.205002e+01 -1.037338e-02 
 1.205042e+01 -5.952395e-03 
 1.205081e+01 -7.997293e-04 
 1.205121e+01  4.676028e-03 
 1.205161e+01  1.011030e-02 
 1.205201e+01  1.511089e-02 
 1.205240e+01  1.942478e-02 
 1.205280e+01  2.287048e-02 
 1.205320e+01  2.522247e-02 
 1.205360e+01  2.633778e-02 
 1.205400e+01  2.623560e-02 
 1.205439e+01  2.486327e-02 
 1.205479e+01  2.226760e-02 
 1.205519e+01  1.862020e-02 
 1.205559e+01  1.422327e-02 
 1.205598e+01  9.343635e-03 
 1.205638e+01  4.389469e-03 
 1.205678e+01 -2.209027e-04 
 1.205718e+01 -4.279225e-03 
 1.205757e+01 -7.558166e-03 
 1.205797e+01 -9.912490e-03 
 1.205837e+01 -1.127583e-02 
 1.205877e+01 -1.166518e-02 
 1.205917e+01 -1.108784e-02 
 1.205956e+01 -9.512250e-03 
 1.205996e+01 -7.120343e-03 
 1.206036e+01 -4.026599e-03 
 1.206076e+01 -6.313042e-04 
 1.206115e+01  2.621236e-03 
 1.206155e+01  5.402139e-03 
 1.206195e+01  7.467223e-03 
 1.206235e+01  8.629058e-03 
 1.206274e+01  8.733641e-03 
 1.206314e+01  7.796155e-03 
 1.206354e+01  5.847058e-03 
 1.206394e+01  3.076768e-03 
 1.206434e+01 -4.102970e-04 
 1.206473e+01 -4.321782e-03 
 1.206513e+01 -8.271147e-03 
 1.206553e+01 -1.181374e-02 
 1.206593e+01 -1.451406e-02 
 1.206632e+01 -1.588637e-02 
 1.206672e+01 -1.555461e-02 
 1.206712e+01 -1.353676e-02 
 1.206752e+01 -9.993538e-03 
 1.206791e+01 -5.159243e-03 
 1.206831e+01  5.938360e-04 
 1.206871e+01  6.828029e-03 
 1.206911e+01  1.311860e-02 
 1.206951e+01  1.905836e-02 
 1.206990e+01  2.419913e-02 
 1.207030e+01  2.816592e-02 
 1.207070e+01  3.065962e-02 
 1.207110e+01  3.153578e-02 
 1.207149e+01  3.070704e-02 
 1.207189e+01  2.826804e-02 
 1.207229e+01  2.437785e-02 
 1.207269e+01  1.937475e-02 
 1.207308e+01  1.367389e-02 
 1.207348e+01  7.469340e-03 
 1.207388e+01  1.101867e-03 
 1.207428e+01 -4.967163e-03 
 1.207468e+01 -1.044940e-02 
 1.207507e+01 -1.499359e-02 
 1.207547e+01 -1.825314e-02 
 1.207587e+01 -1.991202e-02 
 1.207627e+01 -1.984755e-02 
 1.207666e+01 -1.820833e-02 
 1.207706e+01 -1.531559e-02 
 1.207746e+01 -1.139872e-02 
 1.207786e+01 -6.771435e-03 
 1.207825e+01 -1.710731e-03 
 1.207865e+01  3.420383e-03 
 1.207905e+01  8.290728e-03 
 1.207945e+01  1.261724e-02 
 1.207985e+01  1.600862e-02 
 1.208024e+01  1.829003e-02 
 1.208064e+01  1.927596e-02 
 1.208104e+01  1.886979e-02 
 1.208144e+01  1.724534e-02 
 1.208183e+01  1.476426e-02 
 1.208223e+01  1.169009e-02 
 1.208263e+01  8.265893e-03 
 1.208303e+01  4.802900e-03 
 1.208342e+01  1.510572e-03 
 1.208382e+01 -1.159912e-03 
 1.208422e+01 -2.912110e-03 
 1.208462e+01 -3.616112e-03 
 1.208502e+01 -3.219949e-03 
 1.208541e+01 -1.712693e-03 
 1.208581e+01  8.447073e-04 
 1.208621e+01  4.053973e-03 
 1.208661e+01  7.554006e-03 
 1.208700e+01  1.096970e-02 
 1.208740e+01  1.399373e-02 
 1.208780e+01  1.640532e-02 
 1.208820e+01  1.799632e-02 
 1.208859e+01  1.858578e-02 
 1.208899e+01  1.805804e-02 
 1.208939e+01  1.632462e-02 
 1.208979e+01  1.344447e-02 
 1.209019e+01  9.670590e-03 
 1.209058e+01  5.179900e-03 
 1.209098e+01  2.432924e-04 
 1.209138e+01 -4.827086e-03 
 1.209178e+01 -9.727904e-03 
 1.209217e+01 -1.406664e-02 
 1.209257e+01 -1.763339e-02 
 1.209297e+01 -2.012433e-02 
 1.209337e+01 -2.135760e-02 
 1.209376e+01 -2.121591e-02 
 1.209416e+01 -1.954516e-02 
 1.209456e+01 -1.639031e-02 
 1.209496e+01 -1.186869e-02 
 1.209536e+01 -6.299563e-03 
 1.209575e+01 -1.183356e-04 
 1.209615e+01  6.251509e-03 
 1.209655e+01  1.242305e-02 
 1.209695e+01  1.799363e-02 
 1.209734e+01  2.253806e-02 
 1.209774e+01  2.594950e-02 
 1.209814e+01  2.818156e-02 
 1.209854e+01  2.916362e-02 
 1.209894e+01  2.883442e-02 
 1.209933e+01  2.732075e-02 
 1.209973e+01  2.483706e-02 
 1.210013e+01  2.168213e-02 
 1.210053e+01  1.818799e-02 
 1.210092e+01  1.474448e-02 
 1.210132e+01  1.162219e-02 
 1.210172e+01  9.100782e-03 
 1.210212e+01  7.381337e-03 
 1.210251e+01  6.519015e-03 
 1.210291e+01  6.459153e-03 
 1.210331e+01  7.042922e-03 
 1.210371e+01  8.169529e-03 
 1.210411e+01  9.727590e-03 
 1.210450e+01  1.150822e-02 
 1.210490e+01  1.322096e-02 
 1.210530e+01  1.463683e-02 
 1.210570e+01  1.551414e-02 
 1.210609e+01  1.569030e-02 
 1.210649e+01  1.517347e-02 
 1.210689e+01  1.385173e-02 
 1.210729e+01  1.184175e-02 
 1.210768e+01  9.364012e-03 
 1.210808e+01  6.650290e-03 
 1.210848e+01  3.846216e-03 
 1.210888e+01  1.190096e-03 
 1.210928e+01 -1.040954e-03 
 1.210967e+01 -2.691092e-03 
 1.211007e+01 -3.584527e-03 
 1.211047e+01 -3.562959e-03 
 1.211087e+01 -2.582034e-03 
 1.211126e+01 -6.629717e-04 
 1.211166e+01  2.056431e-03 
 1.211206e+01  5.446964e-03 
 1.211246e+01  9.273368e-03 
 1.211285e+01  1.331450e-02 
 1.211325e+01  1.721491e-02 
 1.211365e+01  2.082379e-02 
 1.211405e+01  2.392702e-02 
 1.211445e+01  2.636913e-02 
 1.211484e+01  2.801529e-02 
 1.211524e+01  2.875261e-02 
 1.211564e+01  2.857915e-02 
 1.211604e+01  2.748753e-02 
 1.211643e+01  2.566066e-02 
 1.211683e+01  2.328229e-02 
 1.211723e+01  2.056714e-02 
 1.211763e+01  1.776629e-02 
 1.211802e+01  1.503982e-02 
 1.211842e+01  1.258569e-02 
 1.211882e+01  1.048121e-02 
 1.211922e+01  8.708270e-03 
 1.211962e+01  7.206919e-03 
 1.212001e+01  6.072402e-03 
 1.212041e+01  5.314090e-03 
 1.212081e+01  4.820176e-03 
 1.212121e+01  4.612818e-03 
 1.212160e+01  4.660198e-03 
 1.212200e+01  4.917553e-03 
 1.212240e+01  5.225366e-03 
 1.212280e+01  5.500978e-03 
 1.212319e+01  5.680623e-03 
 1.212359e+01  5.649171e-03 
 1.212399e+01  5.475473e-03 
 1.212439e+01  5.130731e-03 
 1.212479e+01  4.646458e-03 
 1.212518e+01  4.071340e-03 
 1.212558e+01  3.446899e-03 
 1.212598e+01  2.897623e-03 
 1.212638e+01  2.544072e-03 
 1.212677e+01  2.481342e-03 
 1.212717e+01  2.860068e-03 
 1.212757e+01  3.863082e-03 
 1.212797e+01  5.511928e-03 
 1.212836e+01  7.779504e-03 
 1.212876e+01  1.054332e-02 
 1.212916e+01  1.363810e-02 
 1.212956e+01  1.693133e-02 
 1.212996e+01  2.026426e-02 
 1.213035e+01  2.335640e-02 
 1.213075e+01  2.583885e-02 
 1.213115e+01  2.750198e-02 
 1.213155e+01  2.815470e-02 
 1.213194e+01  2.758789e-02 
 1.213234e+01  2.577776e-02 
 1.213274e+01  2.287306e-02 
 1.213314e+01  1.905325e-02 
 1.213353e+01  1.460849e-02 
 1.213393e+01  9.801346e-03 
 1.213433e+01  4.955171e-03 
 1.213473e+01  3.165012e-04 
 1.213513e+01 -3.802524e-03 
 1.213552e+01 -7.126115e-03 
 1.213592e+01 -9.402006e-03 
 1.213632e+01 -1.060505e-02 
 1.213672e+01 -1.076756e-02 
 1.213711e+01 -1.004873e-02 
 1.213751e+01 -8.639541e-03 
 1.213791e+01 -6.801170e-03 
 1.213831e+01 -4.780030e-03 
 1.213870e+01 -2.820693e-03 
 1.213910e+01 -1.061291e-03 
 1.213950e+01  3.053727e-04 
 1.213990e+01  1.208070e-03 
 1.214030e+01  1.574229e-03 
 1.214069e+01  1.392428e-03 
 1.214109e+01  6.748760e-04 
 1.214149e+01 -5.197735e-04 
 1.214189e+01 -2.045121e-03 
 1.214228e+01 -3.747158e-03 
 1.214268e+01 -5.483007e-03 
 1.214308e+01 -7.118150e-03 
 1.214348e+01 -8.448543e-03 
 1.214387e+01 -9.217886e-03 
 1.214427e+01 -9.267305e-03 
 1.214467e+01 -8.552006e-03 
 1.214507e+01 -6.978865e-03 
 1.214547e+01 -4.503616e-03 
 1.214586e+01 -1.235890e-03 
 1.214626e+01  2.633878e-03 
 1.214666e+01  6.839032e-03 
 1.214706e+01  1.092896e-02 
 1.214745e+01  1.453560e-02 
 1.214785e+01  1.734779e-02 
 1.214825e+01  1.913791e-02 
 1.214865e+01  1.969000e-02 
 1.214904e+01  1.900615e-02 
 1.214944e+01  1.710643e-02 
 1.214984e+01  1.413875e-02 
 1.215024e+01  1.023564e-02 
 1.215064e+01  5.557191e-03 
 1.215103e+01  3.640341e-04 
 1.215143e+01 -4.999421e-03 
 1.215183e+01 -1.007204e-02 
 1.215223e+01 -1.456406e-02 
 1.215262e+01 -1.821129e-02 
 1.215302e+01 -2.081636e-02 
 1.215342e+01 -2.220838e-02 
 1.215382e+01 -2.230186e-02 
 1.215421e+01 -2.113642e-02 
 1.215461e+01 -1.879596e-02 
 1.215501e+01 -1.542075e-02 
 1.215541e+01 -1.116501e-02 
 1.215581e+01 -6.303424e-03 
 1.215620e+01 -1.169663e-03 
 1.215660e+01  3.972261e-03 
 1.215700e+01  8.676455e-03 
 1.215740e+01  1.259566e-02 
 1.215779e+01  1.549158e-02 
 1.215819e+01  1.714984e-02 
 1.215859e+01  1.748516e-02 
 1.215899e+01  1.653629e-02 
 1.215938e+01  1.440941e-02 
 1.215978e+01  1.138526e-02 
 1.216018e+01  7.705424e-03 
 1.216058e+01  3.712500e-03 
 1.216098e+01 -2.635838e-04 
 1.216137e+01 -3.796925e-03 
 1.216177e+01 -6.567859e-03 
 1.216217e+01 -8.357168e-03 
 1.216257e+01 -8.902353e-03 
 1.216296e+01 -8.199340e-03 
 1.216336e+01 -6.433927e-03 
 1.216376e+01 -3.774407e-03 
 1.216416e+01 -4.741220e-04 
 1.216455e+01  3.113862e-03 
 1.216495e+01  6.610089e-03 
 1.216535e+01  9.550518e-03 
 1.216575e+01  1.170111e-02 
 1.216615e+01  1.275056e-02 
 1.216654e+01  1.250803e-02 
 1.216694e+01  1.090236e-02 
 1.216734e+01  8.061577e-03 
 1.216774e+01  4.204270e-03 
 1.216813e+01 -4.262866e-04 
 1.216853e+01 -5.435618e-03 
 1.216893e+01 -1.043756e-02 
 1.216933e+01 -1.512175e-02 
 1.216972e+01 -1.911624e-02 
 1.217012e+01 -2.207240e-02 
 1.217052e+01 -2.378688e-02 
 1.217092e+01 -2.410794e-02 
 1.217132e+01 -2.299339e-02 
 1.217171e+01 -2.047576e-02 
 1.217211e+01 -1.668305e-02 
 1.217251e+01 -1.184460e-02 
 1.217291e+01 -6.175060e-03 
 1.217330e+01 -1.197028e-05 
 1.217370e+01  6.328978e-03 
 1.217410e+01  1.246144e-02 
 1.217450e+01  1.786550e-02 
 1.217489e+01  2.220707e-02 
 1.217529e+01  2.525624e-02 
 1.217569e+01  2.686821e-02 
 1.217609e+01  2.700759e-02 
 1.217649e+01  2.577423e-02 
 1.217688e+01  2.335082e-02 
 1.217728e+01  1.999266e-02 
 1.217768e+01  1.608575e-02 
 1.217808e+01  1.184228e-02 
 1.217847e+01  7.621294e-03 
 1.217887e+01  3.770685e-03 
 1.217927e+01  5.847534e-04 
 1.217967e+01 -1.817910e-03 
 1.218006e+01 -3.258430e-03 
 1.218046e+01 -3.777248e-03 
 1.218086e+01 -3.526352e-03 
 1.218126e+01 -2.538114e-03 
 1.218166e+01 -9.450171e-04 
 1.218205e+01  1.070923e-03 
 1.218245e+01  3.345674e-03 
 1.218285e+01  5.662842e-03 
 1.218325e+01  7.797972e-03 
 1.218364e+01  9.604287e-03 
 1.218404e+01  1.083896e-02 
 1.218444e+01  1.130619e-02 
 1.218484e+01  1.110083e-02 
 1.218523e+01  1.018173e-02 
 1.218563e+01  8.567113e-03 
 1.218603e+01  6.478054e-03 
 1.218643e+01  4.173972e-03 
 1.218683e+01  1.742316e-03 
 1.218722e+01 -6.023612e-04 
 1.218762e+01 -2.504926e-03 
 1.218802e+01 -3.728293e-03 
 1.218842e+01 -4.150409e-03 
 1.218881e+01 -3.576874e-03 
 1.218921e+01 -2.081056e-03 
 1.218961e+01  3.349069e-04 
 1.219001e+01  3.565289e-03 
 1.219041e+01  7.402022e-03 
 1.219080e+01  1.162406e-02 
 1.219120e+01  1.605308e-02 
 1.219160e+01  2.041233e-02 
 1.219200e+01  2.437590e-02 
 1.219239e+01  2.772120e-02 
 1.219279e+01  3.010860e-02 
 1.219319e+01  3.120414e-02 
 1.219359e+01  3.092611e-02 
 1.219398e+01  2.937784e-02 
 1.219438e+01  2.659862e-02 
 1.219478e+01  2.285890e-02 
 1.219518e+01  1.846243e-02 
 1.219558e+01  1.366007e-02 
 1.219597e+01  8.843481e-03 
 1.219637e+01  4.292887e-03 
 1.219677e+01  3.126443e-04 
 1.219717e+01 -2.787697e-03 
 1.219756e+01 -4.708280e-03 
 1.219796e+01 -5.425775e-03 
 1.219836e+01 -5.016904e-03 
 1.219876e+01 -3.556147e-03 
 1.219915e+01 -1.342468e-03 
 1.219955e+01  1.310865e-03 
 1.219995e+01  4.210646e-03 
 1.220035e+01  7.055537e-03 
 1.220075e+01  9.633572e-03 
 1.220114e+01  1.193088e-02 
 1.220154e+01  1.387197e-02 
 1.220194e+01  1.530629e-02 
 1.220234e+01  1.631297e-02 
 1.220273e+01  1.687469e-02 
 1.220313e+01  1.691504e-02 
 1.220353e+01  1.666362e-02 
 1.220393e+01  1.624105e-02 
 1.220432e+01  1.569251e-02 
 1.220472e+01  1.518252e-02 
 1.220512e+01  1.487003e-02 
 1.220552e+01  1.489485e-02 
 1.220592e+01  1.527722e-02 
 1.220631e+01  1.607268e-02 
 1.220671e+01  1.722401e-02 
 1.220711e+01  1.867706e-02 
 1.220751e+01  2.035673e-02 
 1.220790e+01  2.212375e-02 
 1.220830e+01  2.379623e-02 
 1.220870e+01  2.526792e-02 
 1.220910e+01  2.621171e-02 
 1.220949e+01  2.647444e-02 
 1.220989e+01  2.614221e-02 
 1.221029e+01  2.512815e-02 
 1.221069e+01  2.339814e-02 
 1.221109e+01  2.106224e-02 
 1.221148e+01  1.823993e-02 
 1.221188e+01  1.502933e-02 
 1.221228e+01  1.157846e-02 
 1.221268e+01  8.075284e-03 
 1.221307e+01  4.662429e-03 
 1.221347e+01  1.632093e-03 
 1.221387e+01 -7.396806e-04 
 1.221427e+01 -2.427754e-03 
 1.221466e+01 -3.305846e-03 
 1.221506e+01 -3.358448e-03 
 1.221546e+01 -2.744903e-03 
 1.221586e+01 -1.538354e-03 
 1.221626e+01  1.709611e-04 
 1.221665e+01  2.182086e-03 
 1.221705e+01  4.272961e-03 
 1.221745e+01  6.334343e-03 
 1.221785e+01  8.302403e-03 
 1.221824e+01  9.944619e-03 
 1.221864e+01  1.127806e-02 
 1.221904e+01  1.229030e-02 
 1.221944e+01  1.290138e-02 
 1.221983e+01  1.312921e-02 
 1.222023e+01  1.294621e-02 
 1.222063e+01  1.231073e-02 
 1.222103e+01  1.146325e-02 
 1.222143e+01  1.053484e-02 
 1.222182e+01  9.621526e-03 
 1.222222e+01  8.863329e-03 
 1.222262e+01  8.407233e-03 
 1.222302e+01  8.322765e-03 
 1.222341e+01  8.590780e-03 
 1.222381e+01  9.173085e-03 
 1.222421e+01  9.929563e-03 
 1.222461e+01  1.082413e-02 
 1.222500e+01  1.180305e-02 
 1.222540e+01  1.270724e-02 
 1.222580e+01  1.332144e-02 
 1.222620e+01  1.353983e-02 
 1.222660e+01  1.310375e-02 
 1.222699e+01  1.188892e-02 
 1.222739e+01  9.955675e-03 
 1.222779e+01  7.247323e-03 
 1.222819e+01  3.744685e-03 
 1.222858e+01 -2.709588e-04 
 1.222898e+01 -4.442241e-03 
 1.222938e+01 -8.525549e-03 
 1.222978e+01 -1.216213e-02 
 1.223017e+01 -1.499325e-02 
 1.223057e+01 -1.684631e-02 
 1.223097e+01 -1.760723e-02 
 1.223137e+01 -1.719945e-02 
 1.223177e+01 -1.574768e-02 
 1.223216e+01 -1.336919e-02 
 1.223256e+01 -1.022641e-02 
 1.223296e+01 -6.624199e-03 
 1.223336e+01 -2.697682e-03 
 1.223375e+01  1.400995e-03 
 1.223415e+01  5.457935e-03 
 1.223455e+01  9.151289e-03 
 1.223495e+01  1.226097e-02 
 1.223534e+01  1.458003e-02 
 1.223574e+01  1.593381e-02 
 1.223614e+01  1.628324e-02 
 1.223654e+01  1.572156e-02 
 1.223694e+01  1.431460e-02 
 1.223733e+01  1.233642e-02 
 1.223773e+01  1.003547e-02 
 1.223813e+01  7.599189e-03 
 1.223853e+01  5.250403e-03 
 1.223892e+01  3.100353e-03 
 1.223932e+01  1.223545e-03 
 1.223972e+01 -1.681078e-04 
 1.224012e+01 -9.066881e-04 
 1.224051e+01 -1.039139e-03 
 1.224091e+01 -5.965772e-04 
 1.224131e+01  3.390136e-04 
 1.224171e+01  1.562882e-03 
 1.224211e+01  2.880750e-03 
 1.224250e+01  4.135667e-03 
 1.224290e+01  5.259532e-03 
 1.224330e+01  6.013912e-03 
 1.224370e+01  6.343294e-03 
 1.224409e+01  5.998550e-03 
 1.224449e+01  4.775651e-03 
 1.224489e+01  2.685341e-03 
 1.224529e+01 -1.875610e-04 
 1.224568e+01 -3.666125e-03 
 1.224608e+01 -7.395605e-03 
 1.224648e+01 -1.091616e-02 
 1.224688e+01 -1.398136e-02 
 1.224728e+01 -1.638812e-02 
 1.224767e+01 -1.801491e-02 
 1.224807e+01 -1.884850e-02 
 1.224847e+01 -1.882445e-02 
 1.224887e+01 -1.785783e-02 
 1.224926e+01 -1.586148e-02 
 1.224966e+01 -1.285590e-02 
 1.225006e+01 -8.949669e-03 
 1.225046e+01 -4.361705e-03 
 1.225085e+01  5.706125e-04 
 1.225125e+01  5.672506e-03 
 1.225165e+01  1.054945e-02 
 1.225205e+01  1.488226e-02 
 1.225245e+01  1.856738e-02 
 1.225284e+01  2.137577e-02 
 1.225324e+01  2.316410e-02 
 1.225364e+01  2.383660e-02 
 1.225404e+01  2.331834e-02 
 1.225443e+01  2.153415e-02 
 1.225483e+01  1.851383e-02 
 1.225523e+01  1.445535e-02 
 1.225563e+01  9.656759e-03 
 1.225602e+01  4.475079e-03 
 1.225642e+01 -6.169226e-04 
 1.225682e+01 -5.279508e-03 
 1.225722e+01 -9.070993e-03 
 1.225762e+01 -1.156876e-02 
 1.225801e+01 -1.267824e-02 
 1.225841e+01 -1.244425e-02 
 1.225881e+01 -1.096258e-02 
 1.225921e+01 -8.471376e-03 
 1.225960e+01 -5.335173e-03 
 1.226000e+01 -1.829455e-03 
 1.226040e+01  1.700088e-03 
 1.226080e+01  4.891688e-03 
 1.226119e+01  7.502460e-03 
 1.226159e+01  9.359898e-03 
 1.226199e+01  1.034721e-02 
 1.226239e+01  1.036556e-02 
 1.226279e+01  9.418488e-03 
 1.226318e+01  7.628799e-03 
 1.226358e+01  5.169241e-03 
 1.226398e+01  2.332953e-03 
 1.226438e+01 -6.464972e-04 
 1.226477e+01 -3.420849e-03 
 1.226517e+01 -5.614298e-03 
 1.226557e+01 -7.051032e-03 
 1.226597e+01 -7.540228e-03 
 1.226636e+01 -6.964905e-03 
 1.226676e+01 -5.398055e-03 
 1.226716e+01 -2.847378e-03 
 1.226756e+01  5.272542e-04 
 1.226796e+01  4.469845e-03 
 1.226835e+01  8.681262e-03 
 1.226875e+01  1.294783e-02 
 1.226915e+01  1.697595e-02 
 1.226955e+01  2.038622e-02 
 1.226994e+01  2.305927e-02 
 1.227034e+01  2.477333e-02 
 1.227074e+01  2.532761e-02 
 1.227114e+01  2.468131e-02 
 1.227153e+01  2.281625e-02 
 1.227193e+01  1.975045e-02 
 1.227233e+01  1.569053e-02 
 1.227273e+01  1.089137e-02 
 1.227313e+01  5.661446e-03 
 1.227352e+01  3.749711e-04 
 1.227392e+01 -4.736222e-03 
 1.227432e+01 -9.355033e-03 
 1.227472e+01 -1.316309e-02 
 1.227511e+01 -1.594544e-02 
 1.227551e+01 -1.760410e-02 
 1.227591e+01 -1.802312e-02 
 1.227631e+01 -1.723236e-02 
 1.227670e+01 -1.536166e-02 
 1.227710e+01 -1.256972e-02 
 1.227750e+01 -9.040965e-03 
 1.227790e+01 -5.066011e-03 
 1.227830e+01 -9.082822e-04 
 1.227869e+01  3.210520e-03 
 1.227909e+01  6.984614e-03 
 1.227949e+01  1.026397e-02 
 1.227989e+01  1.283943e-02 
 1.228028e+01  1.455848e-02 
 1.228068e+01  1.534107e-02 
 1.228108e+01  1.537308e-02 
 1.228148e+01  1.488184e-02 
 1.228187e+01  1.391247e-02 
 1.228227e+01  1.273200e-02 
 1.228267e+01  1.148859e-02 
 1.228307e+01  1.015447e-02 
 1.228347e+01  8.868479e-03 
 1.228386e+01  7.737748e-03 
 1.228426e+01  6.863369e-03 
 1.228466e+01  6.490408e-03 
 1.228506e+01  6.813548e-03 
 1.228545e+01  7.923109e-03 
 1.228585e+01  9.757841e-03 
 1.228625e+01  1.204724e-02 
 1.228665e+01  1.441249e-02 
 1.228705e+01  1.650660e-02 
 1.228744e+01  1.808356e-02 
 1.228784e+01  1.894718e-02 
 1.228824e+01  1.896144e-02 
 1.228864e+01  1.825445e-02 
 1.228903e+01  1.682815e-02 
 1.228943e+01  1.470236e-02 
 1.228983e+01  1.199271e-02 
 1.229023e+01  8.670928e-03 
 1.229062e+01  4.981408e-03 
 1.229102e+01  1.342104e-03 
 1.229142e+01 -1.976165e-03 
 1.229182e+01 -4.777817e-03 
 1.229222e+01 -6.776539e-03 
 1.229261e+01 -7.925951e-03 
 1.229301e+01 -8.286651e-03 
 1.229341e+01 -7.842562e-03 
 1.229381e+01 -6.656572e-03 
 1.229420e+01 -4.801972e-03 
 1.229460e+01 -2.342921e-03 
 1.229500e+01  8.023313e-04 
 1.229540e+01  4.381230e-03 
 1.229579e+01  8.072358e-03 
 1.229619e+01  1.160225e-02 
 1.229659e+01  1.462161e-02 
 1.229699e+01  1.703478e-02 
 1.229739e+01  1.885927e-02 
 1.229778e+01  2.005864e-02 
 1.229818e+01  2.075751e-02 
 1.229858e+01  2.101446e-02 
 1.229898e+01  2.090195e-02 
 1.229937e+01  2.045714e-02 
 1.229977e+01  1.963145e-02 
 1.230017e+01  1.852359e-02 
 1.230057e+01  1.712266e-02 
 1.230096e+01  1.557503e-02 
 1.230136e+01  1.408480e-02 
 1.230176e+01  1.262972e-02 
 1.230216e+01  1.126252e-02 
 1.230256e+01  9.995991e-03 
 1.230295e+01  8.786762e-03 
 1.230335e+01  7.776351e-03 
 1.230375e+01  7.015106e-03 
 1.230415e+01  6.413787e-03 
 1.230454e+01  6.005809e-03 
 1.230494e+01  5.732702e-03 
 1.230534e+01  5.391428e-03 
 1.230574e+01  4.833337e-03 
 1.230613e+01  4.033534e-03 
 1.230653e+01  2.968708e-03 
 1.230693e+01  1.704982e-03 
 1.230733e+01  5.026787e-04 
 1.230773e+01 -4.560883e-04 
 1.230812e+01 -1.172564e-03 
 1.230852e+01 -1.478638e-03 
 1.230892e+01 -1.300353e-03 
 1.230932e+01 -6.895601e-04 
 1.230971e+01  4.238418e-04 
 1.231011e+01  1.995272e-03 
 1.231051e+01  3.913482e-03 
 1.231091e+01  6.104966e-03 
 1.231130e+01  8.490000e-03 
 1.231170e+01  1.083114e-02 
 1.231210e+01  1.301117e-02 
 1.231250e+01  1.500622e-02 
 1.231290e+01  1.683310e-02 
 1.231329e+01  1.848287e-02 
 1.231369e+01  1.991252e-02 
 1.231409e+01  2.098075e-02 
 1.231449e+01  2.160880e-02 
 1.231488e+01  2.170493e-02 
 1.231528e+01  2.115086e-02 
 1.231568e+01  2.004686e-02 
 1.231608e+01  1.851263e-02 
 1.231647e+01  1.667091e-02 
 1.231687e+01  1.467921e-02 
 1.231727e+01  1.273438e-02 
 1.231767e+01  1.092066e-02 
 1.231807e+01  9.183920e-03 
 1.231846e+01  7.656683e-03 
 1.231886e+01  6.455237e-03 
 1.231926e+01  5.558783e-03 
 1.231966e+01  5.020246e-03 
 1.232005e+01  4.876222e-03 
 1.232045e+01  5.009926e-03 
 1.232085e+01  5.271825e-03 
 1.232125e+01  5.533150e-03 
 1.232164e+01  5.551304e-03 
 1.232204e+01  5.171642e-03 
 1.232244e+01  4.375065e-03 
 1.232284e+01  3.133910e-03 
 1.232324e+01  1.525539e-03 
 1.232363e+01 -2.314584e-04 
 1.232403e+01 -1.991472e-03 
 1.232443e+01 -3.682036e-03 
 1.232483e+01 -5.155385e-03 
 1.232522e+01 -6.235666e-03 
 1.232562e+01 -6.820592e-03 
 1.232602e+01 -6.645642e-03 
 1.232642e+01 -5.547020e-03 
 1.232681e+01 -3.467599e-03 
 1.232721e+01 -4.115189e-04 
 1.232761e+01  3.367173e-03 
 1.232801e+01  7.553589e-03 
 1.232841e+01  1.177641e-02 
 1.232880e+01  1.563234e-02 
 1.232920e+01  1.886838e-02 
 1.232960e+01  2.133815e-02 
 1.233000e+01  2.292434e-02 
 1.233039e+01  2.357994e-02 
 1.233079e+01  2.330893e-02 
 1.233119e+01  2.217235e-02 
 1.233159e+01  2.016368e-02 
 1.233198e+01  1.738662e-02 
 1.233238e+01  1.405907e-02 
 1.233278e+01  1.032676e-02 
 1.233318e+01  6.415560e-03 
 1.233358e+01  2.677238e-03 
 1.233397e+01 -8.201777e-04 
 1.233437e+01 -3.955175e-03 
 1.233477e+01 -6.490936e-03 
 1.233517e+01 -8.276741e-03 
 1.233556e+01 -9.259124e-03 
 1.233596e+01 -9.435857e-03 
 1.233636e+01 -8.718194e-03 
 1.233676e+01 -7.166554e-03 
 1.233715e+01 -4.974240e-03 
 1.233755e+01 -2.316893e-03 
 1.233795e+01  5.201792e-04 
 1.233835e+01  3.208180e-03 
 1.233875e+01  5.506954e-03 
 1.233914e+01  7.275394e-03 
 1.233954e+01  8.387903e-03 
 1.233994e+01  8.800142e-03 
 1.234034e+01  8.489479e-03 
 1.234073e+01  7.619775e-03 
 1.234113e+01  6.365185e-03 
 1.234153e+01  4.841824e-03 
 1.234193e+01  3.218494e-03 
 1.234232e+01  1.708233e-03 
 1.234272e+01  5.724372e-04 
 1.234312e+01 -8.617606e-06 
 1.234352e+01  5.559634e-05 
 1.234392e+01  8.318963e-04 
 1.234431e+01  2.197009e-03 
 1.234471e+01  4.076552e-03 
 1.234511e+01  6.374649e-03 
 1.234551e+01  8.902039e-03 
 1.234590e+01  1.160375e-02 
 1.234630e+01  1.434253e-02 
 1.234670e+01  1.704292e-02 
 1.234710e+01  1.957268e-02 
 1.234749e+01  2.171828e-02 
 1.234789e+01  2.306968e-02 
 1.234829e+01  2.345596e-02 
 1.234869e+01  2.271431e-02 
 1.234909e+01  2.085066e-02 
 1.234948e+01  1.788001e-02 
 1.234988e+01  1.391398e-02 
 1.235028e+01  9.119806e-03 
 1.235068e+01  3.766103e-03 
 1.235107e+01 -1.834004e-03 
 1.235147e+01 -7.173744e-03 
 1.235187e+01 -1.197329e-02 
 1.235227e+01 -1.592450e-02 
 1.235266e+01 -1.877887e-02 
 1.235306e+01 -2.036177e-02 
 1.235346e+01 -2.059355e-02 
 1.235386e+01 -1.948717e-02 
 1.235426e+01 -1.713322e-02 
 1.235465e+01 -1.369117e-02 
 1.235505e+01 -9.394595e-03 
 1.235545e+01 -4.465247e-03 
 1.235585e+01  7.409915e-04 
 1.235624e+01  5.715648e-03 
 1.235664e+01  1.001174e-02 
 1.235704e+01  1.331267e-02 
 1.235744e+01  1.540290e-02 
 1.235783e+01  1.617018e-02 
 1.235823e+01  1.571420e-02 
 1.235863e+01  1.425975e-02 
 1.235903e+01  1.205467e-02 
 1.235943e+01  9.311114e-03 
 1.235982e+01  6.324156e-03 
 1.236022e+01  3.291855e-03 
 1.236062e+01  3.467895e-04 
 1.236102e+01 -2.307418e-03 
 1.236141e+01 -4.456376e-03 
 1.236181e+01 -5.844714e-03 
 1.236221e+01 -6.393709e-03 
 1.236261e+01 -6.074447e-03 
 1.236300e+01 -4.991948e-03 
 1.236340e+01 -3.263139e-03 
 1.236380e+01 -1.113672e-03 
 1.236420e+01  1.235953e-03 
 1.236460e+01  3.735656e-03 
 1.236499e+01  6.113964e-03 
 1.236539e+01  8.228716e-03 
 1.236579e+01  9.854217e-03 
 1.236619e+01  1.078610e-02 
 1.236658e+01  1.080491e-02 
 1.236698e+01  9.761811e-03 
 1.236738e+01  7.600687e-03 
 1.236778e+01  4.547898e-03 
 1.236817e+01  9.422765e-04 
 1.236857e+01 -2.970126e-03 
 1.236897e+01 -6.848038e-03 
 1.236937e+01 -1.037014e-02 
 1.236977e+01 -1.332436e-02 
 1.237016e+01 -1.557451e-02 
 1.237056e+01 -1.688294e-02 
 1.237096e+01 -1.709129e-02 
 1.237136e+01 -1.619811e-02 
 1.237175e+01 -1.411487e-02 
 1.237215e+01 -1.097788e-02 
 1.237255e+01 -7.067450e-03 
 1.237295e+01 -2.638641e-03 
 1.237334e+01  1.979080e-03 
 1.237374e+01  6.503068e-03 
 1.237414e+01  1.070276e-02 
 1.237454e+01  1.440749e-02 
 1.237494e+01  1.748965e-02 
 1.237533e+01  1.977998e-02 
 1.237573e+01  2.108752e-02 
 1.237613e+01  2.126427e-02 
 1.237653e+01  2.026405e-02 
 1.237692e+01  1.810983e-02 
 1.237732e+01  1.508519e-02 
 1.237772e+01  1.140485e-02 
 1.237812e+01  7.352970e-03 
 1.237852e+01  3.191930e-03 
 1.237891e+01 -8.421266e-04 
 1.237931e+01 -4.447993e-03 
 1.237971e+01 -7.535446e-03 
 1.238011e+01 -1.002139e-02 
 1.238050e+01 -1.169212e-02 
 1.238090e+01 -1.254194e-02 
 1.238130e+01 -1.246917e-02 
 1.238170e+01 -1.156890e-02 
 1.238209e+01 -9.920732e-03 
 1.238249e+01 -7.632859e-03 
 1.238289e+01 -4.971536e-03 
 1.238329e+01 -2.116980e-03 
 1.238369e+01  5.741702e-04 
 1.238408e+01  2.817275e-03 
 1.238448e+01  4.443556e-03 
 1.238488e+01  5.302567e-03 
 1.238528e+01  5.438377e-03 
 1.238567e+01  5.016825e-03 
 1.238607e+01  4.182899e-03 
 1.238647e+01  3.184652e-03 
 1.238687e+01  2.316541e-03 
 1.238726e+01  1.704816e-03 
 1.238766e+01  1.439014e-03 
 1.238806e+01  1.642436e-03 
 1.238846e+01  2.314428e-03 
 1.238886e+01  3.527877e-03 
 1.238925e+01  5.112423e-03 
 1.238965e+01  7.136011e-03 
 1.239005e+01  9.448506e-03 
 1.239045e+01  1.185642e-02 
 1.239084e+01  1.427420e-02 
 1.239124e+01  1.646621e-02 
 1.239164e+01  1.837137e-02 
 1.239204e+01  1.985471e-02 
 1.239243e+01  2.089647e-02 
 1.239283e+01  2.151043e-02 
 1.239323e+01  2.174431e-02 
 1.239363e+01  2.158480e-02 
 1.239403e+01  2.103579e-02 
 1.239442e+01  2.017819e-02 
 1.239482e+01  1.890771e-02 
 1.239522e+01  1.725625e-02 
 1.239562e+01  1.528795e-02 
 1.239601e+01  1.310204e-02 
 1.239641e+01  1.077647e-02 
 1.239681e+01  8.484540e-03 
 1.239721e+01  6.432303e-03 
 1.239760e+01  4.675616e-03 
 1.239800e+01  3.352279e-03 
 1.239840e+01  2.547576e-03 
 1.239880e+01  2.199806e-03 
 1.239920e+01  2.231639e-03 
 1.239959e+01  2.620297e-03 
 1.239999e+01  3.250966e-03 
 1.240039e+01  4.051026e-03 
 1.240079e+01  5.083536e-03 
 1.240118e+01  6.333323e-03 
 1.240158e+01  7.744410e-03 
 1.240198e+01  9.289514e-03 
 1.240238e+01  1.089029e-02 
 1.240277e+01  1.251601e-02 
 1.240317e+01  1.418646e-02 
 1.240357e+01  1.582905e-02 
 1.240397e+01  1.740451e-02 
 1.240437e+01  1.886195e-02 
 1.240476e+01  2.006011e-02 
 1.240516e+01  2.092302e-02 
 1.240556e+01  2.140291e-02 
 1.240596e+01  2.157227e-02 
 1.240635e+01  2.146168e-02 
 1.240675e+01  2.117525e-02 
 1.240715e+01  2.086063e-02 
 1.240755e+01  2.046766e-02 
 1.240794e+01  1.996524e-02 
 1.240834e+01  1.927495e-02 
 1.240874e+01  1.825694e-02 
 1.240914e+01  1.686133e-02 
 1.240954e+01  1.519171e-02 
 1.240993e+01  1.332693e-02 
 1.241033e+01  1.142693e-02 
 1.241073e+01  9.615988e-03 
 1.241113e+01  7.870477e-03 
 1.241152e+01  6.215778e-03 
 1.241192e+01  4.692487e-03 
 1.241232e+01  3.303377e-03 
 1.241272e+01  2.008179e-03 
 1.241311e+01  9.121015e-04 
 1.241351e+01  1.926839e-04 
 1.241391e+01 -1.489778e-04 
 1.241431e+01  2.317828e-06 
 1.241471e+01  5.807363e-04 
 1.241510e+01  1.567651e-03 
 1.241550e+01  2.778364e-03 
 1.241590e+01  4.251018e-03 
 1.241630e+01  5.959794e-03 
 1.241669e+01  7.752004e-03 
 1.241709e+01  9.621091e-03 
 1.241749e+01  1.137217e-02 
 1.241789e+01  1.289472e-02 
 1.241828e+01  1.392499e-02 
 1.241868e+01  1.448473e-02 
 1.241908e+01  1.446310e-02 
 1.241948e+01  1.404163e-02 
 1.241988e+01  1.339850e-02 
 1.242027e+01  1.271967e-02 
 1.242067e+01  1.228843e-02 
 1.242107e+01  1.220854e-02 
 1.242147e+01  1.251541e-02 
 1.242186e+01  1.321433e-02 
 1.242226e+01  1.422361e-02 
 1.242266e+01  1.547479e-02 
 1.242306e+01  1.684116e-02 
 1.242345e+01  1.824176e-02 
 1.242385e+01  1.941240e-02 
 1.242425e+01  2.024094e-02 
 1.242465e+01  2.058303e-02 
 1.242505e+01  2.036702e-02 
 1.242544e+01  1.951078e-02 
 1.242584e+01  1.802250e-02 
 1.242624e+01  1.596180e-02 
 1.242664e+01  1.339603e-02 
 1.242703e+01  1.040586e-02 
 1.242743e+01  7.057409e-03 
 1.242783e+01  3.378714e-03 
 1.242823e+01 -4.449432e-04 
 1.242862e+01 -4.174779e-03 
 1.242902e+01 -7.607473e-03 
 1.242942e+01 -1.047668e-02 
 1.242982e+01 -1.257149e-02 
 1.243022e+01 -1.380618e-02 
 1.243061e+01 -1.409838e-02 
 1.243101e+01 -1.348747e-02 
 1.243141e+01 -1.203278e-02 
 1.243181e+01 -9.794900e-03 
 1.243220e+01 -6.863834e-03 
 1.243260e+01 -3.362385e-03 
 1.243300e+01  4.966257e-04 
 1.243340e+01  4.426438e-03 
 1.243379e+01  8.164403e-03 
 1.243419e+01  1.147675e-02 
 1.243459e+01  1.416167e-02 
 1.243499e+01  1.605150e-02 
 1.243539e+01  1.703018e-02 
 1.243578e+01  1.700658e-02 
 1.243618e+01  1.601741e-02 
 1.243658e+01  1.413146e-02 
 1.243698e+01  1.152428e-02 
 1.243737e+01  8.401196e-03 
 1.243777e+01  5.052155e-03 
 1.243817e+01  1.867478e-03 
 1.243857e+01 -7.582514e-04 
 1.243896e+01 -2.725416e-03 
 1.243936e+01 -3.855128e-03 
 1.243976e+01 -4.166005e-03 
 1.244016e+01 -3.813785e-03 
 1.244056e+01 -2.908015e-03 
 1.244095e+01 -1.599649e-03 
 1.244135e+01 -1.716378e-05 
 1.244175e+01  1.641460e-03 
 1.244215e+01  3.362714e-03 
 1.244254e+01  4.992164e-03 
 1.244294e+01  6.384786e-03 
 1.244334e+01  7.405130e-03 
 1.244374e+01  7.788965e-03 
 1.244413e+01  7.497986e-03 
 1.244453e+01  6.447699e-03 
 1.244493e+01  4.748572e-03 
 1.244533e+01  2.489165e-03 
 1.244573e+01 -1.820555e-04 
 1.244612e+01 -3.127402e-03 
 1.244652e+01 -6.163402e-03 
 1.244692e+01 -9.015843e-03 
 1.244732e+01 -1.152074e-02 
 1.244771e+01 -1.336806e-02 
 1.244811e+01 -1.428936e-02 
 1.244851e+01 -1.404235e-02 
 1.244891e+01 -1.253053e-02 
 1.244930e+01 -9.788406e-03 
 1.244970e+01 -6.039945e-03 
 1.245010e+01 -1.682732e-03 
 1.245050e+01  2.993150e-03 
 1.245090e+01  7.626254e-03 
 1.245129e+01  1.193060e-02 
 1.245169e+01  1.567616e-02 
 1.245209e+01  1.867780e-02 
 1.245249e+01  2.065216e-02 
 1.245288e+01  2.151390e-02 
 1.245328e+01  2.121360e-02 
 1.245368e+01  1.966606e-02 
 1.245408e+01  1.702627e-02 
 1.245447e+01  1.347120e-02 
 1.245487e+01  9.316769e-03 
 1.245527e+01  4.805178e-03 
 1.245567e+01  2.082140e-04 
 1.245607e+01 -4.271544e-03 
 1.245646e+01 -8.503979e-03 
 1.245686e+01 -1.228386e-02 
 1.245726e+01 -1.542567e-02 
 1.245766e+01 -1.768886e-02 
 1.245805e+01 -1.898080e-02 
 1.245845e+01 -1.919445e-02 
 1.245885e+01 -1.838878e-02 
 1.245925e+01 -1.668883e-02 
 1.245964e+01 -1.428395e-02 
 1.246004e+01 -1.137742e-02 
 1.246044e+01 -8.205626e-03 
 1.246084e+01 -5.009445e-03 
 1.246124e+01 -2.109797e-03 
 1.246163e+01  3.694469e-04 
 1.246203e+01  2.290373e-03 
 1.246243e+01  3.521664e-03 
 1.246283e+01  4.058286e-03 
 1.246322e+01  3.939295e-03 
 1.246362e+01  3.174560e-03 
 1.246402e+01  1.883530e-03 
 1.246442e+01  2.322047e-04 
 1.246481e+01 -1.581082e-03 
 1.246521e+01 -3.470637e-03 
 1.246561e+01 -5.133139e-03 
 1.246601e+01 -6.360690e-03 
 1.246641e+01 -6.960986e-03 
 1.246680e+01 -6.773439e-03 
 1.246720e+01 -5.741578e-03 
 1.246760e+01 -3.917876e-03 
 1.246800e+01 -1.423570e-03 
 1.246839e+01  1.551984e-03 
 1.246879e+01  4.825796e-03 
 1.246919e+01  8.125776e-03 
 1.246959e+01  1.123646e-02 
 1.246999e+01  1.392935e-02 
 1.247038e+01  1.598763e-02 
 1.247078e+01  1.726780e-02 
 1.247118e+01  1.763626e-02 
 1.247158e+01  1.705966e-02 
 1.247197e+01  1.553325e-02 
 1.247237e+01  1.317819e-02 
 1.247277e+01  1.010264e-02 
 1.247317e+01  6.493354e-03 
 1.247356e+01  2.560640e-03 
 1.247396e+01 -1.496421e-03 
 1.247436e+01 -5.413513e-03 
 1.247476e+01 -8.991010e-03 
 1.247516e+01 -1.193817e-02 
 1.247555e+01 -1.404871e-02 
 1.247595e+01 -1.509323e-02 
 1.247635e+01 -1.495571e-02 
 1.247675e+01 -1.359477e-02 
 1.247714e+01 -1.109843e-02 
 1.247754e+01 -7.667804e-03 
 1.247794e+01 -3.533527e-03 
 1.247834e+01  1.055362e-03 
 1.247873e+01  5.670178e-03 
 1.247913e+01  1.001088e-02 
 1.247953e+01  1.377587e-02 
 1.247993e+01  1.676538e-02 
 1.248033e+01  1.883970e-02 
 1.248072e+01  2.001374e-02 
 1.248112e+01  2.033951e-02 
 1.248152e+01  1.987819e-02 
 1.248192e+01  1.885630e-02 
 1.248231e+01  1.751208e-02 
 1.248271e+01  1.600452e-02 
 1.248311e+01  1.448138e-02 
 1.248351e+01  1.306349e-02 
 1.248390e+01  1.184304e-02 
 1.248430e+01  1.089632e-02 
 1.248470e+01  1.016870e-02 
 1.248510e+01  9.635652e-03 
 1.248550e+01  9.279932e-03 
 1.248589e+01  9.027626e-03 
 1.248629e+01  8.941554e-03 
 1.248669e+01  9.012093e-03 
 1.248709e+01  9.221368e-03 
 1.248748e+01  9.480812e-03 
 1.248788e+01  9.721961e-03 
 1.248828e+01  9.869704e-03 
 1.248868e+01  9.797009e-03 
 1.248907e+01  9.509418e-03 
 1.248947e+01  8.995603e-03 
 1.248987e+01  8.307582e-03 
 1.249027e+01  7.517274e-03 
 1.249067e+01  6.740603e-03 
 1.249106e+01  6.104725e-03 
 1.249146e+01  5.588948e-03 
 1.249186e+01  5.208666e-03 
 1.249226e+01  4.897899e-03 
 1.249265e+01  4.736459e-03 
 1.249305e+01  4.725650e-03 
 1.249345e+01  4.965089e-03 
 1.249385e+01  5.552425e-03 
 1.249424e+01  6.492223e-03 
 1.249464e+01  7.836220e-03 
 1.249504e+01  9.525785e-03 
 1.249544e+01  1.146690e-02 
 1.249584e+01  1.351820e-02 
 1.249623e+01  1.549386e-02 
 1.249663e+01  1.735920e-02 
 1.249703e+01  1.904032e-02 
 1.249743e+01  2.056861e-02 
 1.249782e+01  2.188473e-02 
 1.249822e+01  2.296241e-02 
 1.249862e+01  2.380975e-02 
 1.249902e+01  2.434422e-02 
 1.249941e+01  2.460128e-02 
 1.249981e+01  2.453479e-02 
 1.250021e+01  2.419145e-02 
 1.250061e+01  2.360141e-02 
 1.250101e+01  2.276105e-02 
 1.250140e+01  2.172556e-02 
 1.250180e+01  2.045861e-02 
 1.250220e+01  1.898711e-02 
 1.250260e+01  1.728003e-02 
 1.250299e+01  1.543673e-02 
 1.250339e+01  1.348477e-02 
 1.250379e+01  1.144891e-02 
 1.250419e+01  9.438950e-03 
 1.250458e+01  7.499129e-03 
 1.250498e+01  5.649972e-03 
 1.250538e+01  3.874345e-03 
 1.250578e+01  2.287869e-03 
 1.250618e+01  9.323513e-04 
 1.250657e+01 -1.046325e-04 
 1.250697e+01 -8.303418e-04 
 1.250737e+01 -1.182286e-03 
 1.250777e+01 -1.124270e-03 
 1.250816e+01 -6.867208e-04 
 1.250856e+01  1.424953e-04 
 1.250896e+01  1.366091e-03 
 1.250936e+01  2.906685e-03 
 1.250975e+01  4.721713e-03 
 1.251015e+01  6.799518e-03 
 1.251055e+01  9.031119e-03 
 1.251095e+01  1.129114e-02 
 1.251135e+01  1.341519e-02 
 1.251174e+01  1.530833e-02 
 1.251214e+01  1.678618e-02 
 1.251254e+01  1.772612e-02 
 1.251294e+01  1.807918e-02 
 1.251333e+01  1.781262e-02 
 1.251373e+01  1.697399e-02 
 1.251413e+01  1.569907e-02 
 1.251453e+01  1.413672e-02 
 1.251492e+01  1.239015e-02 
 1.251532e+01  1.060044e-02 
 1.251572e+01  8.792088e-03 
 1.251612e+01  7.038634e-03 
 1.251652e+01  5.367640e-03 
 1.251691e+01  3.856698e-03 
 1.251731e+01  2.635913e-03 
 1.251771e+01  1.793693e-03 
 1.251811e+01  1.436502e-03 
 1.251850e+01  1.491945e-03 
 1.251890e+01  1.876461e-03 
 1.251930e+01  2.500411e-03 
 1.251970e+01  3.157278e-03 
 1.252009e+01  3.745212e-03 
 1.252049e+01  4.029803e-03 
 1.252089e+01  4.030140e-03 
 1.252129e+01  3.639480e-03 
 1.252169e+01  2.981589e-03 
 1.252208e+01  2.085322e-03 
 1.252248e+01  1.013891e-03 
 1.252288e+01 -1.391024e-04 
 1.252328e+01 -1.320683e-03 
 1.252367e+01 -2.388162e-03 
 1.252407e+01 -3.254982e-03 
 1.252447e+01 -3.914161e-03 
 1.252487e+01 -4.306575e-03 
 1.252526e+01 -4.340948e-03 
 1.252566e+01 -3.969768e-03 
 1.252606e+01 -3.132629e-03 
 1.252646e+01 -1.729988e-03 
 1.252686e+01  2.069103e-04 
 1.252725e+01  2.657904e-03 
 1.252765e+01  5.598904e-03 
 1.252805e+01  8.959343e-03 
 1.252845e+01  1.256085e-02 
 1.252884e+01  1.610299e-02 
 1.252924e+01  1.932946e-02 
 1.252964e+01  2.201633e-02 
 1.253004e+01  2.394096e-02 
 1.253043e+01  2.491262e-02 
 1.253083e+01  2.475898e-02 
 1.253123e+01  2.341147e-02 
 1.253163e+01  2.091642e-02 
 1.253203e+01  1.749034e-02 
 1.253242e+01  1.344128e-02 
 1.253282e+01  9.062333e-03 
 1.253322e+01  4.616196e-03 
 1.253362e+01  4.334681e-04 
 1.253401e+01 -3.322372e-03 
 1.253441e+01 -6.554127e-03 
 1.253481e+01 -9.161201e-03 
 1.253521e+01 -1.112572e-02 
 1.253560e+01 -1.233041e-02 
 1.253600e+01 -1.277224e-02 
 1.253640e+01 -1.235898e-02 
 1.253680e+01 -1.114825e-02 
 1.253720e+01 -9.229796e-03 
 1.253759e+01 -6.796813e-03 
 1.253799e+01 -4.000708e-03 
 1.253839e+01 -1.148598e-03 
 1.253879e+01  1.550795e-03 
 1.253918e+01  3.904611e-03 
 1.253958e+01  5.679546e-03 
 1.253998e+01  6.785026e-03 
 1.254038e+01  7.102358e-03 
 1.254077e+01  6.615205e-03 
 1.254117e+01  5.489318e-03 
 1.254157e+01  3.902677e-03 
 1.254197e+01  2.048054e-03 
 1.254237e+01  1.764232e-04 
 1.254276e+01 -1.365098e-03 
 1.254316e+01 -2.331498e-03 
 1.254356e+01 -2.658115e-03 
 1.254396e+01 -2.224928e-03 
 1.254435e+01 -1.100030e-03 
 1.254475e+01  6.365335e-04 
 1.254515e+01  3.028710e-03 
 1.254555e+01  5.988972e-03 
 1.254594e+01  9.429830e-03 
 1.254634e+01  1.303033e-02 
 1.254674e+01  1.649391e-02 
 1.254714e+01  1.941616e-02 
 1.254754e+01  2.152802e-02 
 1.254793e+01  2.249758e-02 
 1.254833e+01  2.220301e-02 
 1.254873e+01  2.069451e-02 
 1.254913e+01  1.806952e-02 
 1.254952e+01  1.449786e-02 
 1.254992e+01  1.021009e-02 
 1.255032e+01  5.496520e-03 
 1.255072e+01  6.266741e-04 
 1.255111e+01 -4.200565e-03 
 1.255151e+01 -8.547045e-03 
 1.255191e+01 -1.216529e-02 
 1.255231e+01 -1.486928e-02 
 1.255271e+01 -1.653036e-02 
 1.255310e+01 -1.713030e-02 
 1.255350e+01 -1.665566e-02 
 1.255390e+01 -1.526250e-02 
 1.255430e+01 -1.304629e-02 
 1.255469e+01 -1.018510e-02 
 1.255509e+01 -6.915617e-03 
 1.255549e+01 -3.260749e-03 
 1.255589e+01  5.729701e-04 
 1.255628e+01  4.415090e-03 
 1.255668e+01  8.030559e-03 
 1.255708e+01  1.113466e-02 
 1.255748e+01  1.349166e-02 
 1.255788e+01  1.502068e-02 
 1.255827e+01  1.560792e-02 
 1.255867e+01  1.523166e-02 
 1.255907e+01  1.398734e-02 
 1.255947e+01  1.204377e-02 
 1.255986e+01  9.592701e-03 
 1.256026e+01  6.904826e-03 
 1.256066e+01  4.172469e-03 
 1.256106e+01  1.636796e-03 
 1.256146e+01 -4.826759e-04 
 1.256185e+01 -2.035774e-03 
 1.256225e+01 -3.054441e-03 
 1.256265e+01 -3.515909e-03 
 1.256305e+01 -3.416954e-03 
 1.256344e+01 -2.817464e-03 
 1.256384e+01 -1.788845e-03 
 1.256424e+01 -4.376316e-04 
 1.256464e+01  1.103685e-03 
 1.256503e+01  2.682883e-03 
 1.256543e+01  4.198236e-03 
 1.256583e+01  5.451382e-03 
 1.256623e+01  6.192330e-03 
 1.256663e+01  6.318128e-03 
 1.256702e+01  5.718295e-03 
 1.256742e+01  4.416828e-03 
 1.256782e+01  2.527231e-03 
 1.256822e+01  1.570402e-04 
 1.256861e+01 -2.595105e-03 
 1.256901e+01 -5.491748e-03 
 1.256941e+01 -8.289199e-03 
 1.256981e+01 -1.077891e-02 
 1.257020e+01 -1.283555e-02 
 1.257060e+01 -1.418284e-02 
 1.257100e+01 -1.464564e-02 
 1.257140e+01 -1.409358e-02 
 1.257180e+01 -1.246313e-02 
 1.257219e+01 -9.779733e-03 
 1.257259e+01 -6.230100e-03 
 1.257299e+01 -2.043057e-03 
 1.257339e+01  2.519832e-03 
 1.257378e+01  7.206122e-03 
 1.257418e+01  1.178829e-02 
 1.257458e+01  1.590496e-02 
 1.257498e+01  1.932135e-02 
 1.257537e+01  2.190004e-02 
 1.257577e+01  2.346347e-02 
 1.257617e+01  2.394111e-02 
 1.257657e+01  2.339822e-02 
 1.257697e+01  2.187899e-02 
 1.257736e+01  1.956707e-02 
 1.257776e+01  1.675578e-02 
 1.257816e+01  1.363690e-02 
 1.257856e+01  1.040565e-02 
 1.257895e+01  7.242164e-03 
 1.257935e+01  4.316547e-03 
 1.257975e+01  1.770955e-03 
 1.258015e+01 -2.431685e-04 
 1.258054e+01 -1.677242e-03 
 1.258094e+01 -2.528990e-03 
 1.258134e+01 -2.812718e-03 
 1.258174e+01 -2.604910e-03 
 1.258214e+01 -2.003883e-03 
 1.258253e+01 -1.075951e-03 
 1.258293e+01  4.299145e-05 
 1.258333e+01  1.327432e-03 
 1.258373e+01  2.757632e-03 
 1.258412e+01  4.331030e-03 
 1.258452e+01  5.957814e-03 
 1.258492e+01  7.584196e-03 
 1.258532e+01  9.011071e-03 
 1.258571e+01  1.006125e-02 
 1.258611e+01  1.058898e-02 
 1.258651e+01  1.059302e-02 
 1.258691e+01  1.015430e-02 
 1.258731e+01  9.430054e-03 
 1.258770e+01  8.542889e-03 
 1.258810e+01  7.716444e-03 
 1.258850e+01  7.115783e-03 
 1.258890e+01  6.802615e-03 
 1.258929e+01  6.829397e-03 
 1.258969e+01  7.093262e-03 
 1.259009e+01  7.641057e-03 
 1.259049e+01  8.418674e-03 
 1.259088e+01  9.430182e-03 
 1.259128e+01  1.065465e-02 
 1.259168e+01  1.200147e-02 
 1.259208e+01  1.329560e-02 
 1.259248e+01  1.435544e-02 
 1.259287e+01  1.514481e-02 
 1.259327e+01  1.553685e-02 
 1.259367e+01  1.545117e-02 
 1.259407e+01  1.495939e-02 
 1.259446e+01  1.409547e-02 
 1.259486e+01  1.293206e-02 
 1.259526e+01  1.150621e-02 
 1.259566e+01  9.887105e-03 
 1.259605e+01  8.112903e-03 
 1.259645e+01  6.275083e-03 
 1.259685e+01  4.433474e-03 
 1.259725e+01  2.769268e-03 
 1.259765e+01  1.397115e-03 
 1.259804e+01  3.318305e-04 
 1.259844e+01 -4.613916e-04 
 1.259884e+01 -9.454801e-04 
 1.259924e+01 -1.114871e-03 
 1.259963e+01 -9.975904e-04 
 1.260003e+01 -5.281464e-04 
 1.260043e+01  2.222892e-04 
 1.260083e+01  1.126020e-03 
 1.260122e+01  2.216421e-03 
 1.260162e+01  3.389352e-03 
 1.260202e+01  4.645444e-03 
 1.260242e+01  5.973471e-03 
 1.260282e+01  7.338536e-03 
 1.260321e+01  8.819504e-03 
 1.260361e+01  1.046641e-02 
 1.260401e+01  1.228709e-02 
 1.260441e+01  1.419244e-02 
 1.260480e+01  1.603151e-02 
 1.260520e+01  1.772340e-02 
 1.260560e+01  1.922835e-02 
 1.260600e+01  2.050029e-02 
 1.260639e+01  2.146925e-02 
 1.260679e+01  2.214288e-02 
 1.260719e+01  2.244794e-02 
 1.260759e+01  2.237646e-02 
 1.260799e+01  2.180502e-02 
 1.260838e+01  2.065948e-02 
 1.260878e+01  1.894459e-02 
 1.260918e+01  1.667183e-02 
 1.260958e+01  1.393033e-02 
 1.260997e+01  1.080337e-02 
 1.261037e+01  7.487848e-03 
 1.261077e+01  4.204035e-03 
 1.261117e+01  1.127101e-03 
 1.261156e+01 -1.491843e-03 
 1.261196e+01 -3.482117e-03 
 1.261236e+01 -4.711893e-03 
 1.261276e+01 -5.124376e-03 
 1.261316e+01 -4.750813e-03 
 1.261355e+01 -3.698603e-03 
 1.261395e+01 -2.189520e-03 
 1.261435e+01 -3.396737e-04 
 1.261475e+01  1.637192e-03 
 1.261514e+01  3.698422e-03 
 1.261554e+01  5.688488e-03 
 1.261594e+01  7.456734e-03 
 1.261634e+01  9.010822e-03 
 1.261673e+01  1.018871e-02 
 1.261713e+01  1.094338e-02 
 1.261753e+01  1.119124e-02 
 1.261793e+01  1.103088e-02 
 1.261833e+01  1.050013e-02 
 1.261872e+01  9.666596e-03 
 1.261912e+01  8.749560e-03 
 1.261952e+01  7.894522e-03 
 1.261992e+01  7.265669e-03 
 1.262031e+01  6.821989e-03 
 1.262071e+01  6.602647e-03 
 1.262111e+01  6.643589e-03 
 1.262151e+01  6.933157e-03 
 1.262190e+01  7.614208e-03 
 1.262230e+01  8.655057e-03 
 1.262270e+01  1.010481e-02 
 1.262310e+01  1.187006e-02 
 1.262350e+01  1.384936e-02 
 1.262389e+01  1.588020e-02 
 1.262429e+01  1.770742e-02 
 1.262469e+01  1.912537e-02 
 1.262509e+01  1.991987e-02 
 1.262548e+01  2.008392e-02 
 1.262588e+01  1.960790e-02 
 1.262628e+01  1.847729e-02 
 1.262668e+01  1.672525e-02 
 1.262707e+01  1.433404e-02 
 1.262747e+01  1.141213e-02 
 1.262787e+01  8.112841e-03 
 1.262827e+01  4.573226e-03 
 1.262867e+01  9.407106e-04 
 1.262906e+01 -2.468833e-03 
 1.262946e+01 -5.452030e-03 
 1.262986e+01 -7.774404e-03 
 1.263026e+01 -9.237487e-03 
 1.263065e+01 -9.724282e-03 
 1.263105e+01 -9.190909e-03 
 1.263145e+01 -7.684455e-03 
 1.263185e+01 -5.234128e-03 
 1.263224e+01 -1.997418e-03 
 1.263264e+01  1.816076e-03 
 1.263304e+01  5.976421e-03 
 1.263344e+01  1.015120e-02 
 1.263384e+01  1.419729e-02 
 1.263423e+01  1.793226e-02 
 1.263463e+01  2.110462e-02 
 1.263503e+01  2.353671e-02 
 1.263543e+01  2.508375e-02 
 1.263582e+01  2.570750e-02 
 1.263622e+01  2.532978e-02 
 1.263662e+01  2.396503e-02 
 1.263702e+01  2.167000e-02 
 1.263741e+01  1.851678e-02 
 1.263781e+01  1.468997e-02 
 1.263821e+01  1.055475e-02 
 1.263861e+01  6.483542e-03 
 1.263901e+01  2.833448e-03 
 1.263940e+01 -1.479265e-04 
 1.263980e+01 -2.166968e-03 
 1.264020e+01 -3.121571e-03 
 1.264060e+01 -3.026368e-03 
 1.264099e+01 -2.074424e-03 
 1.264139e+01 -4.860214e-04 
 1.264179e+01  1.504208e-03 
 1.264219e+01  3.601511e-03 
 1.264258e+01  5.549987e-03 
 1.264298e+01  7.158623e-03 
 1.264338e+01  8.295085e-03 
 1.264378e+01  8.739685e-03 
 1.264418e+01  8.487849e-03 
 1.264457e+01  7.450617e-03 
 1.264497e+01  5.698557e-03 
 1.264537e+01  3.410944e-03 
 1.264577e+01  7.326694e-04 
 1.264616e+01 -2.112430e-03 
 1.264656e+01 -5.018227e-03 
 1.264696e+01 -7.727295e-03 
 1.264736e+01 -1.014252e-02 
 1.264775e+01 -1.209103e-02 
 1.264815e+01 -1.343354e-02 
 1.264855e+01 -1.409277e-02 
 1.264895e+01 -1.394505e-02 
 1.264935e+01 -1.294502e-02 
 1.264974e+01 -1.101519e-02 
 1.265014e+01 -8.303444e-03 
 1.265054e+01 -4.948116e-03 
 1.265094e+01 -1.142230e-03 
 1.265133e+01  2.888214e-03 
 1.265173e+01  6.852581e-03 
 1.265213e+01  1.039092e-02 
 1.265253e+01  1.323849e-02 
 1.265293e+01  1.518644e-02 
 1.265332e+01  1.617930e-02 
 1.265372e+01  1.623367e-02 
 1.265412e+01  1.533254e-02 
 1.265452e+01  1.364672e-02 
 1.265491e+01  1.120504e-02 
 1.265531e+01  8.086305e-03 
 1.265571e+01  4.468443e-03 
 1.265611e+01  5.721207e-04 
 1.265650e+01 -3.419287e-03 
 1.265690e+01 -7.202851e-03 
 1.265730e+01 -1.047898e-02 
 1.265770e+01 -1.296974e-02 
 1.265810e+01 -1.448579e-02 
 1.265849e+01 -1.492920e-02 
 1.265889e+01 -1.433577e-02 
 1.265929e+01 -1.282212e-02 
 1.265969e+01 -1.060051e-02 
 1.266008e+01 -7.954861e-03 
 1.266048e+01 -5.111213e-03 
 1.266088e+01 -2.276143e-03 
 1.266128e+01  2.594632e-04 
 1.266167e+01  2.343837e-03 
 1.266207e+01  3.977069e-03 
 1.266247e+01  5.040556e-03 
 1.266287e+01  5.521313e-03 
 1.266327e+01  5.474835e-03 
 1.266366e+01  4.929171e-03 
 1.266406e+01  3.914759e-03 
 1.266446e+01  2.499301e-03 
 1.266486e+01  8.524111e-04 
 1.266525e+01 -8.764338e-04 
 1.266565e+01 -2.488307e-03 
 1.266605e+01 -3.904948e-03 
 1.266645e+01 -5.008600e-03 
 1.266684e+01 -5.595344e-03 
 1.266724e+01 -5.508878e-03 
 1.266764e+01 -4.665360e-03 
 1.266804e+01 -3.063072e-03 
 1.266844e+01 -8.894610e-04 
 1.266883e+01  1.645742e-03 
 1.266923e+01  4.298607e-03 
 1.266963e+01  6.812752e-03 
 1.267003e+01  8.869424e-03 
 1.267042e+01  1.023205e-02 
 1.267082e+01  1.080726e-02 
 1.267122e+01  1.060846e-02 
 1.267162e+01  9.746490e-03 
 1.267201e+01  8.293958e-03 
 1.267241e+01  6.298625e-03 
 1.267281e+01  3.810199e-03 
 1.267321e+01  1.072328e-03 
 1.267361e+01 -1.705954e-03 
 1.267400e+01 -4.346677e-03 
 1.267440e+01 -6.680272e-03 
 1.267480e+01 -8.588186e-03 
 1.267520e+01 -9.966249e-03 
 1.267559e+01 -1.078955e-02 
 1.267599e+01 -1.103539e-02 
 1.267639e+01 -1.072239e-02 
 1.267679e+01 -9.819836e-03 
 1.267718e+01 -8.367966e-03 
 1.267758e+01 -6.384147e-03 
 1.267798e+01 -3.856402e-03 
 1.267838e+01 -8.953449e-04 
 1.267878e+01  2.310340e-03 
 1.267917e+01  5.543000e-03 
 1.267957e+01  8.656561e-03 
 1.267997e+01  1.147328e-02 
 1.268037e+01  1.386627e-02 
 1.268076e+01  1.577129e-02 
 1.268116e+01  1.711456e-02 
 1.268156e+01  1.791122e-02 
 1.268196e+01  1.821131e-02 
 1.268235e+01  1.806489e-02 
 1.268275e+01  1.754398e-02 
 1.268315e+01  1.669449e-02 
 1.268355e+01  1.553356e-02 
 1.268395e+01  1.422599e-02 
 1.268434e+01  1.293734e-02 
 1.268474e+01  1.170809e-02 
 1.268514e+01  1.065880e-02 
 1.268554e+01  9.884609e-03 
 1.268593e+01  9.410134e-03 
 1.268633e+01  9.220977e-03 
 1.268673e+01  9.206166e-03 
 1.268713e+01  9.331218e-03 
 1.268752e+01  9.493138e-03 
 1.268792e+01  9.623529e-03 
 1.268832e+01  9.690696e-03 
 1.268872e+01  9.632746e-03 
 1.268912e+01  9.438068e-03 
 1.268951e+01  9.072124e-03 
 1.268991e+01  8.534736e-03 
 1.269031e+01  7.837157e-03 
 1.269071e+01  6.980390e-03 
 1.269110e+01  6.072902e-03 
 1.269150e+01  5.211904e-03 
 1.269190e+01  4.501098e-03 
 1.269230e+01  3.947923e-03 
 1.269269e+01  3.597916e-03 
 1.269309e+01  3.514973e-03 
 1.269349e+01  3.722872e-03 
 1.269389e+01  4.181978e-03 
 1.269429e+01  4.897272e-03 
 1.269468e+01  5.814378e-03 
 1.269508e+01  6.953207e-03 
 1.269548e+01  8.316613e-03 
 1.269588e+01  9.841996e-03 
 1.269627e+01  1.140909e-02 
 1.269667e+01  1.294497e-02 
 1.269707e+01  1.435940e-02 
 1.269747e+01  1.552549e-02 
 1.269786e+01  1.636119e-02 
 1.269826e+01  1.679798e-02 
 1.269866e+01  1.688082e-02 
 1.269906e+01  1.665898e-02 
 1.269946e+01  1.624738e-02 
 1.269985e+01  1.571985e-02 
 1.270025e+01  1.517811e-02 
 1.270065e+01  1.467772e-02 
 1.270105e+01  1.425819e-02 
 1.270144e+01  1.393655e-02 
 1.270184e+01  1.371365e-02 
 1.270224e+01  1.349503e-02 
 1.270264e+01  1.320991e-02 
 1.270303e+01  1.279308e-02 
 1.270343e+01  1.215358e-02 
 1.270383e+01  1.121397e-02 
 1.270423e+01  1.002384e-02 
 1.270463e+01  8.593829e-03 
 1.270502e+01  6.984024e-03 
 1.270542e+01  5.263214e-03 
 1.270582e+01  3.567770e-03 
 1.270622e+01  2.085534e-03 
 1.270661e+01  8.777508e-04 
 1.270701e+01  7.831531e-05 
 1.270741e+01 -1.905797e-04 
 1.270781e+01  1.473008e-04 
 1.270820e+01  1.149530e-03 
 1.270860e+01  2.734352e-03 
 1.270900e+01  4.914348e-03 
 1.270940e+01  7.553028e-03 
 1.270980e+01  1.051728e-02 
 1.271019e+01  1.357275e-02 
 1.271059e+01  1.660920e-02 
 1.271099e+01  1.948372e-02 
 1.271139e+01  2.203642e-02 
 1.271178e+01  2.409465e-02 
 1.271218e+01  2.552848e-02 
 1.271258e+01  2.623394e-02 
 1.271298e+01  2.623186e-02 
 1.271337e+01  2.564962e-02 
 1.271377e+01  2.456734e-02 
 1.271417e+01  2.304585e-02 
 1.271457e+01  2.112380e-02 
 1.271497e+01  1.891072e-02 
 1.271536e+01  1.648079e-02 
 1.271576e+01  1.390704e-02 
 1.271616e+01  1.127817e-02 
 1.271656e+01  8.758832e-03 
 1.271695e+01  6.540999e-03 
 1.271735e+01  4.818679e-03 
 1.271775e+01  3.679637e-03 
 1.271815e+01  3.079312e-03 
 1.271854e+01  2.970170e-03 
 1.271894e+01  3.281305e-03 
 1.271934e+01  4.063698e-03 
 1.271974e+01  5.206451e-03 
 1.272014e+01  6.624408e-03 
 1.272053e+01  8.108300e-03 
 1.272093e+01  9.363327e-03 
 1.272133e+01  1.016763e-02 
 1.272173e+01  1.030211e-02 
 1.272212e+01  9.694932e-03 
 1.272252e+01  8.384820e-03 
 1.272292e+01  6.503638e-03 
 1.272332e+01  4.362400e-03 
 1.272371e+01  2.226694e-03 
 1.272411e+01  2.389842e-04 
 1.272451e+01 -1.539082e-03 
 1.272491e+01 -3.054201e-03 
 1.272531e+01 -4.240652e-03 
 1.272570e+01 -4.902617e-03 
 1.272610e+01 -4.961880e-03 
 1.272650e+01 -4.282390e-03 
 1.272690e+01 -2.827551e-03 
 1.272729e+01 -6.741252e-04 
 1.272769e+01  2.157867e-03 
 1.272809e+01  5.568063e-03 
 1.272849e+01  9.284682e-03 
 1.272888e+01  1.305898e-02 
 1.272928e+01  1.663438e-02 
 1.272968e+01  1.985723e-02 
 1.273008e+01  2.246420e-02 
 1.273048e+01  2.419312e-02 
 1.273087e+01  2.478800e-02 
 1.273127e+01  2.425067e-02 
 1.273167e+01  2.255595e-02 
 1.273207e+01  1.981748e-02 
 1.273246e+01  1.617947e-02 
 1.273286e+01  1.188916e-02 
 1.273326e+01  7.245705e-03 
 1.273366e+01  2.448403e-03 
 1.273405e+01 -2.149522e-03 
 1.273445e+01 -6.326293e-03 
 1.273485e+01 -9.863179e-03 
 1.273525e+01 -1.249976e-02 
 1.273565e+01 -1.403325e-02 
 1.273604e+01 -1.444524e-02 
 1.273644e+01 -1.379215e-02 
 1.273684e+01 -1.218136e-02 
 1.273724e+01 -9.775674e-03 
 1.273763e+01 -6.792475e-03 
 1.273803e+01 -3.515200e-03 
 1.273843e+01 -1.762325e-04 
 1.273883e+01  2.999202e-03 
 1.273922e+01  5.835134e-03 
 1.273962e+01  8.175486e-03 
 1.274002e+01  9.811787e-03 
 1.274042e+01  1.063149e-02 
 1.274082e+01  1.059007e-02 
 1.274121e+01  9.777784e-03 
 1.274161e+01  8.332321e-03 
 1.274201e+01  6.428484e-03 
 1.274241e+01  4.275480e-03 
 1.274280e+01  2.064207e-03 
 1.274320e+01 -3.945535e-05 
 1.274360e+01 -1.917987e-03 
 1.274400e+01 -3.440331e-03 
 1.274440e+01 -4.512111e-03 
 1.274479e+01 -5.106064e-03 
 1.274519e+01 -5.162219e-03 
 1.274559e+01 -4.594588e-03 
 1.274599e+01 -3.455787e-03 
 1.274638e+01 -1.867442e-03 
 1.274678e+01  9.622573e-05 
 1.274718e+01  2.245052e-03 
 1.274758e+01  4.391427e-03 
 1.274797e+01  6.321198e-03 
 1.274837e+01  7.752541e-03 
 1.274877e+01  8.433595e-03 
 1.274917e+01  8.250152e-03 
 1.274957e+01  7.030494e-03 
 1.274996e+01  4.798411e-03 
 1.275036e+01  1.720268e-03 
 1.275076e+01 -2.033638e-03 
 1.275116e+01 -6.063527e-03 
 1.275155e+01 -9.984975e-03 
 1.275195e+01 -1.336608e-02 
 1.275235e+01 -1.603809e-02 
 1.275275e+01 -1.791138e-02 
 1.275314e+01 -1.889904e-02 
 1.275354e+01 -1.901239e-02 
 1.275394e+01 -1.829862e-02 
 1.275434e+01 -1.682457e-02 
 1.275474e+01 -1.462693e-02 
 1.275513e+01 -1.179466e-02 
 1.275553e+01 -8.465148e-03 
 1.275593e+01 -4.818552e-03 
 1.275633e+01 -1.061920e-03 
 1.275672e+01  2.638085e-03 
 1.275712e+01  6.010490e-03 
 1.275752e+01  8.925092e-03 
 1.275792e+01  1.122588e-02 
 1.275831e+01  1.280784e-02 
 1.275871e+01  1.362233e-02 
 1.275911e+01  1.372834e-02 
 1.275951e+01  1.313726e-02 
 1.275991e+01  1.180487e-02 
 1.276030e+01  9.859716e-03 
 1.276070e+01  7.555973e-03 
 1.276110e+01  5.185865e-03 
 1.276150e+01  3.000445e-03 
 1.276189e+01  1.291086e-03 
 1.276229e+01  2.134904e-04 
 1.276269e+01 -1.946479e-04 
 1.276309e+01  1.359779e-04 
 1.276348e+01  1.063665e-03 
 1.276388e+01  2.312695e-03 
 1.276428e+01  3.718627e-03 
 1.276468e+01  5.099101e-03 
 1.276508e+01  6.284767e-03 
 1.276547e+01  7.222449e-03 
 1.276587e+01  7.823172e-03 
 1.276627e+01  7.957125e-03 
 1.276667e+01  7.574578e-03 
 1.276706e+01  6.649800e-03 
 1.276746e+01  5.283212e-03 
 1.276786e+01  3.633296e-03 
 1.276826e+01  1.828893e-03 
 1.276865e+01 -2.039299e-05 
 1.276905e+01 -1.674550e-03 
 1.276945e+01 -3.011279e-03 
 1.276985e+01 -3.927110e-03 
 1.277025e+01 -4.361897e-03 
 1.277064e+01 -4.278832e-03 
 1.277104e+01 -3.679228e-03 
 1.277144e+01 -2.546087e-03 
 1.277184e+01 -8.639830e-04 
 1.277223e+01  1.192544e-03 
 1.277263e+01  3.421376e-03 
 1.277303e+01  5.646900e-03 
 1.277343e+01  7.750385e-03 
 1.277382e+01  9.770754e-03 
 1.277422e+01  1.170584e-02 
 1.277462e+01  1.346487e-02 
 1.277502e+01  1.499605e-02 
 1.277542e+01  1.629883e-02 
 1.277581e+01  1.727332e-02 
 1.277621e+01  1.766127e-02 
 1.277661e+01  1.737136e-02 
 1.277701e+01  1.640192e-02 
 1.277740e+01  1.480860e-02 
 1.277780e+01  1.270568e-02 
 1.277820e+01  1.032514e-02 
 1.277860e+01  7.807482e-03 
 1.277899e+01  5.390188e-03 
 1.277939e+01  3.195251e-03 
 1.277979e+01  1.398774e-03 
 1.278019e+01  8.401578e-05 
 1.278059e+01 -7.316995e-04 
 1.278098e+01 -1.013206e-03 
 1.278138e+01 -7.608913e-04 
 1.278178e+01 -4.645551e-05 
 1.278218e+01  9.288288e-04 
 1.278257e+01  2.030804e-03 
 1.278297e+01  3.179781e-03 
 1.278337e+01  4.301888e-03 
 1.278377e+01  5.367671e-03 
 1.278416e+01  6.363532e-03 
 1.278456e+01  7.227411e-03 
 1.278496e+01  7.916960e-03 
 1.278536e+01  8.450250e-03 
 1.278576e+01  8.775455e-03 
 1.278615e+01  8.871908e-03 
 1.278655e+01  8.840847e-03 
 1.278695e+01  8.763862e-03 
 1.278735e+01  8.727721e-03 
 1.278774e+01  8.845007e-03 
 1.278814e+01  9.161656e-03 
 1.278854e+01  9.652599e-03 
 1.278894e+01  1.032591e-02 
 1.278933e+01  1.119292e-02 
 1.278973e+01  1.230278e-02 
 1.279013e+01  1.363472e-02 
 1.279053e+01  1.512344e-02 
 1.279093e+01  1.666022e-02 
 1.279132e+01  1.808718e-02 
 1.279172e+01  1.924098e-02 
 1.279212e+01  1.988364e-02 
 1.279252e+01  1.993652e-02 
 1.279291e+01  1.938714e-02 
 1.279331e+01  1.830684e-02 
 1.279371e+01  1.687263e-02 
 1.279411e+01  1.520564e-02 
 1.279450e+01  1.339329e-02 
 1.279490e+01  1.147210e-02 
 1.279530e+01  9.463701e-03 
 1.279570e+01  7.464208e-03 
 1.279610e+01  5.608380e-03 
 1.279649e+01  3.962822e-03 
 1.279689e+01  2.674522e-03 
 1.279729e+01  1.846940e-03 
 1.279769e+01  1.474064e-03 
 1.279808e+01  1.441514e-03 
 1.279848e+01  1.529408e-03 
 1.279888e+01  1.688529e-03 
 1.279928e+01  1.862191e-03 
 1.279967e+01  1.991714e-03 
 1.280007e+01  2.070507e-03 
 1.280047e+01  2.180749e-03 
 1.280087e+01  2.345320e-03 
 1.280127e+01  2.567497e-03 
 1.280166e+01  2.874502e-03 
 1.280206e+01  3.299559e-03 
 1.280246e+01  3.879019e-03 
 1.280286e+01  4.744682e-03 
 1.280325e+01  5.939911e-03 
 1.280365e+01  7.448469e-03 
 1.280405e+01  9.160533e-03 
 1.280445e+01  1.092316e-02 
 1.280484e+01  1.263032e-02 
 1.280524e+01  1.415761e-02 
 1.280564e+01  1.546530e-02 
 1.280604e+01  1.651717e-02 
 1.280644e+01  1.734904e-02 
 1.280683e+01  1.799608e-02 
 1.280723e+01  1.840557e-02 
 1.280763e+01  1.851411e-02 
 1.280803e+01  1.827323e-02 
 1.280842e+01  1.763459e-02 
 1.280882e+01  1.669751e-02 
 1.280922e+01  1.544308e-02 
 1.280962e+01  1.385734e-02 
 1.281001e+01  1.195292e-02 
 1.281041e+01  9.728693e-03 
 1.281081e+01  7.246054e-03 
 1.281121e+01  4.624723e-03 
 1.281161e+01  2.067882e-03 
 1.281200e+01 -2.554989e-04 
 1.281240e+01 -2.160174e-03 
 1.281280e+01 -3.447797e-03 
 1.281320e+01 -3.942234e-03 
 1.281359e+01 -3.563892e-03 
 1.281399e+01 -2.423160e-03 
 1.281439e+01 -6.346401e-04 
 1.281479e+01  1.647103e-03 
 1.281518e+01  4.278582e-03 
 1.281558e+01  7.058134e-03 
 1.281598e+01  9.735475e-03 
 1.281638e+01  1.212367e-02 
 1.281678e+01  1.413541e-02 
 1.281717e+01  1.568144e-02 
 1.281757e+01  1.667897e-02 
 1.281797e+01  1.711934e-02 
 1.281837e+01  1.696729e-02 
 1.281876e+01  1.619899e-02 
 1.281916e+01  1.497550e-02 
 1.281956e+01  1.346252e-02 
 1.281996e+01  1.177426e-02 
 1.282035e+01  1.003769e-02 
 1.282075e+01  8.472967e-03 
 1.282115e+01  7.267384e-03 
 1.282155e+01  6.600934e-03 
 1.282195e+01  6.477944e-03 
 1.282234e+01  6.866726e-03 
 1.282274e+01  7.795623e-03 
 1.282314e+01  9.150676e-03 
 1.282354e+01  1.076069e-02 
 1.282393e+01  1.243886e-02 
 1.282433e+01  1.403100e-02 
 1.282473e+01  1.539401e-02 
 1.282513e+01  1.645819e-02 
 1.282552e+01  1.712841e-02 
 1.282592e+01  1.721200e-02 
 1.282632e+01  1.656768e-02 
 1.282672e+01  1.507597e-02 
 1.282712e+01  1.272240e-02 
 1.282751e+01  9.524746e-03 
 1.282791e+01  5.665081e-03 
 1.282831e+01  1.336716e-03 
 1.282871e+01 -3.187734e-03 
 1.282910e+01 -7.526124e-03 
 1.282950e+01 -1.139497e-02 
 1.282990e+01 -1.449819e-02 
 1.283030e+01 -1.663766e-02 
 1.283069e+01 -1.769576e-02 
 1.283109e+01 -1.754620e-02 
 1.283149e+01 -1.621610e-02 
 1.283189e+01 -1.378437e-02 
 1.283229e+01 -1.037156e-02 
 1.283268e+01 -6.216234e-03 
 1.283308e+01 -1.602987e-03 
 1.283348e+01  3.179127e-03 
 1.283388e+01  7.795397e-03 
 1.283427e+01  1.197817e-02 
 1.283467e+01  1.546132e-02 
 1.283507e+01  1.813236e-02 
 1.283547e+01  1.995771e-02 
 1.283587e+01  2.089300e-02 
 1.283626e+01  2.087647e-02 
 1.283666e+01  1.997840e-02 
 1.283706e+01  1.831800e-02 
 1.283746e+01  1.597091e-02 
 1.283785e+01  1.312543e-02 
 1.283825e+01  9.877842e-03 
 1.283865e+01  6.444781e-03 
 1.283905e+01  3.082683e-03 
 1.283944e+01  7.577872e-05 
 1.283984e+01 -2.380556e-03 
 1.284024e+01 -4.121944e-03 
 1.284064e+01 -5.077682e-03 
 1.284104e+01 -5.248318e-03 
 1.284143e+01 -4.608550e-03 
 1.284183e+01 -3.187029e-03 
 1.284223e+01 -1.270963e-03 
 1.284263e+01  9.047181e-04 
 1.284302e+01  3.155717e-03 
 1.284342e+01  5.219118e-03 
 1.284382e+01  6.833596e-03 
 1.284422e+01  7.869365e-03 
 1.284461e+01  8.197281e-03 
 1.284501e+01  7.826805e-03 
 1.284541e+01  6.763300e-03 
 1.284581e+01  5.077228e-03 
 1.284621e+01  2.879195e-03 
 1.284660e+01  3.227385e-04 
 1.284700e+01 -2.423431e-03 
 1.284740e+01 -5.200099e-03 
 1.284780e+01 -7.748897e-03 
 1.284819e+01 -9.828701e-03 
 1.284859e+01 -1.117879e-02 
 1.284899e+01 -1.160982e-02 
 1.284939e+01 -1.100194e-02 
 1.284978e+01 -9.484710e-03 
 1.285018e+01 -7.213195e-03 
 1.285058e+01 -4.340529e-03 
 1.285098e+01 -1.100973e-03 
 1.285138e+01  2.374486e-03 
 1.285177e+01  5.882355e-03 
 1.285217e+01  9.220730e-03 
 1.285257e+01  1.220464e-02 
 1.285297e+01  1.465069e-02 
 1.285336e+01  1.642278e-02 
 1.285376e+01  1.730704e-02 
 1.285416e+01  1.728330e-02 
 1.285456e+01  1.635582e-02 
 1.285495e+01  1.450243e-02 
 1.285535e+01  1.190015e-02 
 1.285575e+01  8.708575e-03 
 1.285615e+01  5.145020e-03 
 1.285655e+01  1.393458e-03 
 1.285694e+01 -2.220217e-03 
 1.285734e+01 -5.473064e-03 
 1.285774e+01 -8.084033e-03 
 1.285814e+01 -9.899864e-03 
 1.285853e+01 -1.082464e-02 
 1.285893e+01 -1.081439e-02 
 1.285933e+01 -9.931704e-03 
 1.285973e+01 -8.368178e-03 
 1.286012e+01 -6.347928e-03 
 1.286052e+01 -4.048247e-03 
 1.286092e+01 -1.671265e-03 
 1.286132e+01  5.384703e-04 
 1.286172e+01  2.420856e-03 
 1.286211e+01  3.776012e-03 
 1.286251e+01  4.538744e-03 
 1.286291e+01  4.778930e-03 
 1.286331e+01  4.649945e-03 
 1.286370e+01  4.357531e-03 
 1.286410e+01  4.010427e-03 
 1.286450e+01  3.747077e-03 
 1.286490e+01  3.553265e-03 
 1.286529e+01  3.523085e-03 
 1.286569e+01  3.540435e-03 
 1.286609e+01  3.516254e-03 
 1.286649e+01  3.484756e-03 
 1.286689e+01  3.560830e-03 
 1.286728e+01  3.837191e-03 
 1.286768e+01  4.308980e-03 
 1.286808e+01  5.059212e-03 
 1.286848e+01  6.058854e-03 
 1.286887e+01  7.280852e-03 
 1.286927e+01  8.684660e-03 
 1.286967e+01  1.011241e-02 
 1.287007e+01  1.138371e-02 
 1.287046e+01  1.234141e-02 
 1.287086e+01  1.291862e-02 
 1.287126e+01  1.290074e-02 
 1.287166e+01  1.224067e-02 
 1.287206e+01  1.090252e-02 
 1.287245e+01  8.935464e-03 
 1.287285e+01  6.576709e-03 
 1.287325e+01  4.041191e-03 
 1.287365e+01  1.482639e-03 
 1.287404e+01 -9.851231e-04 
 1.287444e+01 -3.241270e-03 
 1.287484e+01 -5.123157e-03 
 1.287524e+01 -6.540301e-03 
 1.287563e+01 -7.382894e-03 
 1.287603e+01 -7.648627e-03 
 1.287643e+01 -7.331548e-03 
 1.287683e+01 -6.441072e-03 
 1.287723e+01 -5.085125e-03 
 1.287762e+01 -3.361935e-03 
 1.287802e+01 -1.408230e-03 
 1.287842e+01  6.042083e-04 
 1.287882e+01  2.479583e-03 
 1.287921e+01  4.179425e-03 
 1.287961e+01  5.609355e-03 
 1.288001e+01  6.665371e-03 
 1.288041e+01  7.330648e-03 
 1.288080e+01  7.660940e-03 
 1.288120e+01  7.673154e-03 
 1.288160e+01  7.484567e-03 
 1.288200e+01  7.129745e-03 
 1.288240e+01  6.627170e-03 
 1.288279e+01  6.085487e-03 
 1.288319e+01  5.606931e-03 
 1.288359e+01  5.237451e-03 
 1.288399e+01  4.991686e-03 
 1.288438e+01  4.918539e-03 
 1.288478e+01  4.999331e-03 
 1.288518e+01  5.187831e-03 
 1.288558e+01  5.520550e-03 
 1.288597e+01  5.899482e-03 
 1.288637e+01  6.174186e-03 
 1.288677e+01  6.358839e-03 
 1.288717e+01  6.424748e-03 
 1.288757e+01  6.383397e-03 
 1.288796e+01  6.198588e-03 
 1.288836e+01  5.830649e-03 
 1.288876e+01  5.276308e-03 
 1.288916e+01  4.526915e-03 
 1.288955e+01  3.581914e-03 
 1.288995e+01  2.422096e-03 
 1.289035e+01  1.189441e-03 
 1.289075e+01  8.572830e-05 
 1.289114e+01 -7.235778e-04 
 1.289154e+01 -1.129923e-03 
 1.289194e+01 -1.006165e-03 
 1.289234e+01 -4.240420e-04 
 1.289274e+01  6.218206e-04 
 1.289313e+01  2.063064e-03 
 1.289353e+01  3.694470e-03 
 1.289393e+01  5.465325e-03 
 1.289433e+01  7.317809e-03 
 1.289472e+01  9.168313e-03 
 1.289512e+01  1.094285e-02 
 1.289552e+01  1.253192e-02 
 1.289592e+01  1.383476e-02 
 1.289631e+01  1.479202e-02 
 1.289671e+01  1.544841e-02 
 1.289711e+01  1.595410e-02 
 1.289751e+01  1.629705e-02 
 1.289791e+01  1.649563e-02 
 1.289830e+01  1.658462e-02 
 1.289870e+01  1.646788e-02 
 1.289910e+01  1.617685e-02 
 1.289950e+01  1.566503e-02 
 1.289989e+01  1.502507e-02 
 1.290029e+01  1.434842e-02 
 1.290069e+01  1.372554e-02 
 1.290109e+01  1.317585e-02 
 1.290148e+01  1.273228e-02 
 1.290188e+01  1.235435e-02 
 1.290228e+01  1.195840e-02 
 1.290268e+01  1.154900e-02 
 1.290308e+01  1.116731e-02 
 1.290347e+01  1.080444e-02 
 1.290387e+01  1.041206e-02 
 1.290427e+01  9.898279e-03 
 1.290467e+01  9.208391e-03 
 1.290506e+01  8.267676e-03 
 1.290546e+01  7.115052e-03 
 1.290586e+01  5.738392e-03 
 1.290626e+01  4.212309e-03 
 1.290665e+01  2.763685e-03 
 1.290705e+01  1.527386e-03 
 1.290745e+01  6.008417e-04 
 1.290785e+01  7.301982e-05 
 1.290825e+01  4.040740e-05 
 1.290864e+01  5.169841e-04 
 1.290904e+01  1.576231e-03 
 1.290944e+01  3.303509e-03 
 1.290984e+01  5.578226e-03 
 1.291023e+01  8.327746e-03 
 1.291063e+01  1.149376e-02 
 1.291103e+01  1.483854e-02 
 1.291143e+01  1.807676e-02 
 1.291182e+01  2.095351e-02 
 1.291222e+01  2.327992e-02 
 1.291262e+01  2.498150e-02 
 1.291302e+01  2.603370e-02 
 1.291342e+01  2.635793e-02 
 1.291381e+01  2.584813e-02 
 1.291421e+01  2.458589e-02 
 1.291461e+01  2.271210e-02 
 1.291501e+01  2.036458e-02 
 1.291540e+01  1.773005e-02 
 1.291580e+01  1.499496e-02 
 1.291620e+01  1.233406e-02 
 1.291660e+01  9.971599e-03 
 1.291699e+01  8.038892e-03 
 1.291739e+01  6.515150e-03 
 1.291779e+01  5.480147e-03 
 1.291819e+01  4.995490e-03 
 1.291859e+01  5.072752e-03 
 1.291898e+01  5.786268e-03 
 1.291938e+01  7.122117e-03 
 1.291978e+01  8.885804e-03 
 1.292018e+01  1.083779e-02 
 1.292057e+01  1.283347e-02 
 1.292097e+01  1.457887e-02 
 1.292137e+01  1.581484e-02 
 1.292177e+01  1.642464e-02 
 1.292216e+01  1.633248e-02 
 1.292256e+01  1.547774e-02 
 1.292296e+01  1.395779e-02 
 1.292336e+01  1.189801e-02 
 1.292376e+01  9.396107e-03 
 1.292415e+01  6.673544e-03 
 1.292455e+01  3.947705e-03 
 1.292495e+01  1.469852e-03 
 1.292535e+01 -4.842986e-04 
 1.292574e+01 -1.732257e-03 
 1.292614e+01 -2.152105e-03 
 1.292654e+01 -1.736256e-03 
 1.292694e+01 -4.599986e-04 
 1.292734e+01  1.567178e-03 
 1.292773e+01  4.126858e-03 
 1.292813e+01  7.116012e-03 
 1.292853e+01  1.032554e-02 
 1.292893e+01  1.360627e-02 
 1.292932e+01  1.678790e-02 
 1.292972e+01  1.957081e-02 
 1.293012e+01  2.172976e-02 
 1.293052e+01  2.309291e-02 
 1.293091e+01  2.350803e-02 
 1.293131e+01  2.287876e-02 
 1.293171e+01  2.127925e-02 
 1.293211e+01  1.873124e-02 
 1.293251e+01  1.539010e-02 
 1.293290e+01  1.148199e-02 
 1.293330e+01  7.166240e-03 
 1.293370e+01  2.555325e-03 
 1.293410e+01 -2.128847e-03 
 1.293449e+01 -6.564829e-03 
 1.293489e+01 -1.051937e-02 
 1.293529e+01 -1.379865e-02 
 1.293569e+01 -1.616859e-02 
 1.293608e+01 -1.753782e-02 
 1.293648e+01 -1.782130e-02 
 1.293688e+01 -1.690972e-02 
 1.293728e+01 -1.495251e-02 
 1.293768e+01 -1.214536e-02 
 1.293807e+01 -8.619142e-03 
 1.293847e+01 -4.656630e-03 
 1.293887e+01 -5.822692e-04 
 1.293927e+01  3.248982e-03 
 1.293966e+01  6.513788e-03 
 1.294006e+01  8.950580e-03 
 1.294046e+01  1.038882e-02 
 1.294086e+01  1.084616e-02 
 1.294125e+01  1.027445e-02 
 1.294165e+01  8.858660e-03 
 1.294205e+01  6.842103e-03 
 1.294245e+01  4.440386e-03 
 1.294285e+01  2.026247e-03 
 1.294324e+01 -1.993668e-04 
 1.294364e+01 -2.088312e-03 
 1.294404e+01 -3.488168e-03 
 1.294444e+01 -4.252192e-03 
 1.294483e+01 -4.438066e-03 
 1.294523e+01 -4.010916e-03 
 1.294563e+01 -2.989681e-03 
 1.294603e+01 -1.470891e-03 
 1.294642e+01  4.502667e-04 
 1.294682e+01  2.718533e-03 
 1.294722e+01  5.135918e-03 
 1.294762e+01  7.414643e-03 
 1.294802e+01  9.422021e-03 
 1.294841e+01  1.097096e-02 
 1.294881e+01  1.189108e-02 
 1.294921e+01  1.216808e-02 
 1.294961e+01  1.168667e-02 
 1.295000e+01  1.028435e-02 
 1.295040e+01  8.059242e-03 
 1.295080e+01  5.167833e-03 
 1.295120e+01  1.748679e-03 
 1.295159e+01 -1.917673e-03 
 1.295199e+01 -5.491477e-03 
 1.295239e+01 -8.711592e-03 
 1.295279e+01 -1.131049e-02 
 1.295319e+01 -1.308121e-02 
 1.295358e+01 -1.406145e-02 
 1.295398e+01 -1.423548e-02 
 1.295438e+01 -1.359924e-02 
 1.295478e+01 -1.222629e-02 
 1.295517e+01 -1.022143e-02 
 1.295557e+01 -7.700053e-03 
 1.295597e+01 -4.882066e-03 
 1.295637e+01 -1.898768e-03 
 1.295676e+01  1.110319e-03 
 1.295716e+01  3.907935e-03 
 1.295756e+01  6.222239e-03 
 1.295796e+01  8.008717e-03 
 1.295836e+01  9.290863e-03 
 1.295875e+01  9.993400e-03 
 1.295915e+01  1.009373e-02 
 1.295955e+01  9.655378e-03 
 1.295995e+01  8.581042e-03 
 1.296034e+01  7.116208e-03 
 1.296074e+01  5.440291e-03 
 1.296114e+01  3.639354e-03 
 1.296154e+01  1.935177e-03 
 1.296193e+01  4.730204e-04 
 1.296233e+01 -6.439667e-04 
 1.296273e+01 -1.485852e-03 
 1.296313e+01 -2.024813e-03 
 1.296353e+01 -2.331199e-03 
 1.296392e+01 -2.402715e-03 
 1.296432e+01 -2.128401e-03 
 1.296472e+01 -1.495556e-03 
 1.296512e+01 -6.483780e-04 
 1.296551e+01  3.186681e-04 
 1.296591e+01  1.154357e-03 
 1.296631e+01  1.730930e-03 
 1.296671e+01  1.945562e-03 
 1.296710e+01  1.712878e-03 
 1.296750e+01  1.079472e-03 
 1.296790e+01  9.395880e-05 
 1.296830e+01 -1.104528e-03 
 1.296870e+01 -2.396560e-03 
 1.296909e+01 -3.682557e-03 
 1.296949e+01 -4.790948e-03 
 1.296989e+01 -5.629791e-03 
 1.297029e+01 -6.015911e-03 
 1.297068e+01 -5.731793e-03 
 1.297108e+01 -4.709226e-03 
 1.297148e+01 -2.973428e-03 
 1.297188e+01 -7.028015e-04 
 1.297227e+01  1.928569e-03 
 1.297267e+01  4.712069e-03 
 1.297307e+01  7.502667e-03 
 1.297347e+01  1.007437e-02 
 1.297387e+01  1.227344e-02 
 1.297426e+01  1.407620e-02 
 1.297466e+01  1.538595e-02 
 1.297506e+01  1.615642e-02 
 1.297546e+01  1.635585e-02 
 1.297585e+01  1.602257e-02 
 1.297625e+01  1.517555e-02 
 1.297665e+01  1.393347e-02 
 1.297705e+01  1.246255e-02 
 1.297744e+01  1.083083e-02 
 1.297784e+01  9.062552e-03 
 1.297824e+01  7.273821e-03 
 1.297864e+01  5.511171e-03 
 1.297904e+01  3.809537e-03 
 1.297943e+01  2.305075e-03 
 1.297983e+01  1.050909e-03 
 1.298023e+01  2.601570e-04 
 1.298063e+01  6.698191e-06 
 1.298102e+01  2.588264e-04 
 1.298142e+01  9.118147e-04 
 1.298182e+01  1.815172e-03 
 1.298222e+01  2.793610e-03 
 1.298261e+01  3.675553e-03 
 1.298301e+01  4.392248e-03 
 1.298341e+01  4.815619e-03 
 1.298381e+01  4.965251e-03 
 1.298421e+01  4.850154e-03 
 1.298460e+01  4.502089e-03 
 1.298500e+01  3.895312e-03 
 1.298540e+01  3.141397e-03 
 1.298580e+01  2.387560e-03 
 1.298619e+01  1.667304e-03 
 1.298659e+01  1.147167e-03 
 1.298699e+01  9.917204e-04 
 1.298739e+01  1.171830e-03 
 1.298778e+01  1.793083e-03 
 1.298818e+01  2.851046e-03 
 1.298858e+01  4.308328e-03 
 1.298898e+01  6.085461e-03 
 1.298938e+01  8.091214e-03 
 1.298977e+01  1.022503e-02 
 1.299017e+01  1.233780e-02 
 1.299057e+01  1.432732e-02 
 1.299097e+01  1.607344e-02 
 1.299136e+01  1.745019e-02 
 1.299176e+01  1.841543e-02 
 1.299216e+01  1.894327e-02 
 1.299256e+01  1.901878e-02 
 1.299295e+01  1.872899e-02 
 1.299335e+01  1.809007e-02 
 1.299375e+01  1.696242e-02 
 1.299415e+01  1.547703e-02 
 1.299455e+01  1.372136e-02 
 1.299494e+01  1.179686e-02 
 1.299534e+01  9.858747e-03 
 1.299574e+01  8.029723e-03 
 1.299614e+01  6.430752e-03 
 1.299653e+01  5.224239e-03 
 1.299693e+01  4.462240e-03 
 1.299733e+01  4.099260e-03 
 1.299773e+01  4.160485e-03 
 1.299812e+01  4.659666e-03 
 1.299852e+01  5.560435e-03 
 1.299892e+01  6.766874e-03 
 1.299932e+01  8.255272e-03 
 1.299972e+01  9.815753e-03 
 1.300011e+01  1.131381e-02 
 1.300051e+01  1.273900e-02 
 1.300091e+01  1.396084e-02 
 1.300131e+01  1.478723e-02 
 1.300170e+01  1.524332e-02 
 1.300210e+01  1.534112e-02 
 1.300250e+01  1.515985e-02 
 1.300290e+01  1.483789e-02 
 1.300329e+01  1.445522e-02 
 1.300369e+01  1.415429e-02 
 1.300409e+01  1.408628e-02 
 1.300449e+01  1.442066e-02 
 1.300489e+01  1.515232e-02 
 1.300528e+01  1.618123e-02 
 1.300568e+01  1.743362e-02 
 1.300608e+01  1.874925e-02 
 1.300648e+01  2.005690e-02 
 1.300687e+01  2.125650e-02 
 1.300727e+01  2.220418e-02 
 1.300767e+01  2.283039e-02 
 1.300807e+01  2.304118e-02 
 1.300846e+01  2.277995e-02 
 1.300886e+01  2.197162e-02 
 1.300926e+01  2.061049e-02 
 1.300966e+01  1.866124e-02 
 1.301006e+01  1.615114e-02 
 1.301045e+01  1.327441e-02 
 1.301085e+01  1.015779e-02 
 1.301125e+01  6.925410e-03 
 1.301165e+01  3.758529e-03 
 1.301204e+01  9.034690e-04 
 1.301244e+01 -1.505345e-03 
 1.301284e+01 -3.241251e-03 
 1.301324e+01 -4.155851e-03 
 1.301363e+01 -4.265053e-03 
 1.301403e+01 -3.627652e-03 
 1.301443e+01 -2.328751e-03 
 1.301483e+01 -4.748716e-04 
 1.301523e+01  1.730291e-03 
 1.301562e+01  4.160954e-03 
 1.301602e+01  6.626386e-03 
 1.301642e+01  9.013655e-03 
 1.301682e+01  1.124222e-02 
 1.301721e+01  1.303385e-02 
 1.301761e+01  1.418996e-02 
 1.301801e+01  1.465955e-02 
 1.301841e+01  1.448982e-02 
 1.301880e+01  1.375460e-02 
 1.301920e+01  1.262858e-02 
 1.301960e+01  1.125295e-02 
 1.302000e+01  9.777796e-03 
 1.302040e+01  8.348339e-03 
 1.302079e+01  7.080180e-03 
 1.302119e+01  6.046001e-03 
 1.302159e+01  5.365529e-03 
 1.302199e+01  5.127514e-03 
 1.302238e+01  5.414135e-03 
 1.302278e+01  6.323821e-03 
 1.302318e+01  7.758696e-03 
 1.302358e+01  9.511525e-03 
 1.302398e+01  1.142451e-02 
 1.302437e+01  1.335039e-02 
 1.302477e+01  1.506749e-02 
 1.302517e+01  1.641660e-02 
 1.302557e+01  1.724541e-02 
 1.302596e+01  1.743709e-02 
 1.302636e+01  1.687117e-02 
 1.302676e+01  1.551422e-02 
 1.302716e+01  1.335705e-02 
 1.302755e+01  1.039291e-02 
 1.302795e+01  6.777635e-03 
 1.302835e+01  2.691618e-03 
 1.302875e+01 -1.664661e-03 
 1.302915e+01 -6.047585e-03 
 1.302954e+01 -1.016194e-02 
 1.302994e+01 -1.381617e-02 
 1.303034e+01 -1.678649e-02 
 1.303074e+01 -1.879054e-02 
 1.303113e+01 -1.966815e-02 
 1.303153e+01 -1.924819e-02 
 1.303193e+01 -1.746452e-02 
 1.303233e+01 -1.447514e-02 
 1.303272e+01 -1.042986e-02 
 1.303312e+01 -5.685622e-03 
 1.303352e+01 -5.966376e-04 
 1.303392e+01  4.463950e-03 
 1.303432e+01  9.205695e-03 
 1.303471e+01  1.329106e-02 
 1.303511e+01  1.646569e-02 
 1.303551e+01  1.859597e-02 
 1.303591e+01  1.950346e-02 
 1.303630e+01  1.912120e-02 
 1.303670e+01  1.751691e-02 
 1.303710e+01  1.484084e-02 
 1.303750e+01  1.131846e-02 
 1.303789e+01  7.235417e-03 
 1.303829e+01  2.958730e-03 
 1.303869e+01 -1.214052e-03 
 1.303909e+01 -5.000579e-03 
 1.303949e+01 -8.198881e-03 
 1.303988e+01 -1.062280e-02 
 1.304028e+01 -1.206788e-02 
 1.304068e+01 -1.250960e-02 
 1.304108e+01 -1.197157e-02 
 1.304147e+01 -1.057720e-02 
 1.304187e+01 -8.493207e-03 
 1.304227e+01 -5.955649e-03 
 1.304267e+01 -3.222915e-03 
 1.304306e+01 -5.093378e-04 
 1.304346e+01  1.953176e-03 
 1.304386e+01  4.038241e-03 
 1.304426e+01  5.586052e-03 
 1.304466e+01  6.513568e-03 
 1.304505e+01  6.688930e-03 
 1.304545e+01  6.016927e-03 
 1.304585e+01  4.571525e-03 
 1.304625e+01  2.500698e-03 
 1.304664e+01  4.381680e-05 
 1.304704e+01 -2.653778e-03 
 1.304744e+01 -5.264194e-03 
 1.304784e+01 -7.576294e-03 
 1.304823e+01 -9.348491e-03 
 1.304863e+01 -1.041185e-02 
 1.304903e+01 -1.066223e-02 
 1.304943e+01 -9.973415e-03 
 1.304983e+01 -8.332944e-03 
 1.305022e+01 -5.756278e-03 
 1.305062e+01 -2.369888e-03 
 1.305102e+01  1.616350e-03 
 1.305142e+01  5.880062e-03 
 1.305181e+01  1.014626e-02 
 1.305221e+01  1.408278e-02 
 1.305261e+01  1.742080e-02 
 1.305301e+01  1.993413e-02 
 1.305340e+01  2.150527e-02 
 1.305380e+01  2.208050e-02 
 1.305420e+01  2.177460e-02 
 1.305460e+01  2.055509e-02 
 1.305500e+01  1.856679e-02 
 1.305539e+01  1.589532e-02 
 1.305579e+01  1.267012e-02 
 1.305619e+01  9.118764e-03 
 1.305659e+01  5.438310e-03 
 1.305698e+01  1.794487e-03 
 1.305738e+01 -1.558357e-03 
 1.305778e+01 -4.476510e-03 
 1.305818e+01 -6.789720e-03 
 1.305857e+01 -8.402904e-03 
 1.305897e+01 -9.184850e-03 
 1.305937e+01 -9.165217e-03 
 1.305977e+01 -8.392191e-03 
 1.306017e+01 -6.952137e-03 
 1.306056e+01 -5.005370e-03 
 1.306096e+01 -2.791454e-03 
 1.306136e+01 -5.553926e-04 
 1.306176e+01  1.494882e-03 
 1.306215e+01  3.200485e-03 
 1.306255e+01  4.540897e-03 
 1.306295e+01  5.415751e-03 
 1.306335e+01  5.755730e-03 
 1.306374e+01  5.685308e-03 
 1.306414e+01  5.295919e-03 
 1.306454e+01  4.675570e-03 
 1.306494e+01  3.959489e-03 
 1.306534e+01  3.293187e-03 
 1.306573e+01  2.789280e-03 
 1.306613e+01  2.544390e-03 
 1.306653e+01  2.607797e-03 
 1.306693e+01  2.971873e-03 
 1.306732e+01  3.590389e-03 
 1.306772e+01  4.392926e-03 
 1.306812e+01  5.374316e-03 
 1.306852e+01  6.528032e-03 
 1.306891e+01  7.752291e-03 
 1.306931e+01  8.885304e-03 
 1.306971e+01  9.813672e-03 
 1.307011e+01  1.046118e-02 
 1.307051e+01  1.069535e-02 
 1.307090e+01  1.044289e-02 
 1.307130e+01  9.704865e-03 
 1.307170e+01  8.544307e-03 
 1.307210e+01  6.990977e-03 
 1.307249e+01  5.211570e-03 
 1.307289e+01  3.295686e-03 
 1.307329e+01  1.343904e-03 
 1.307369e+01 -4.925418e-04 
 1.307408e+01 -2.077461e-03 
 1.307448e+01 -3.299856e-03 
 1.307488e+01 -4.104009e-03 
 1.307528e+01 -4.388245e-03 
 1.307568e+01 -4.205516e-03 
 1.307607e+01 -3.601323e-03 
 1.307647e+01 -2.564405e-03 
 1.307687e+01 -1.223516e-03 
 1.307727e+01  3.578517e-04 
 1.307766e+01  2.179025e-03 
 1.307806e+01  4.104359e-03 
 1.307846e+01  6.052130e-03 
 1.307886e+01  7.878664e-03 
 1.307925e+01  9.389224e-03 
 1.307965e+01  1.047170e-02 
 1.308005e+01  1.100506e-02 
 1.308045e+01  1.101500e-02 
 1.308085e+01  1.054355e-02 
 1.308124e+01  9.842521e-03 
 1.308164e+01  9.049781e-03 
 1.308204e+01  8.292676e-03 
 1.308244e+01  7.779382e-03 
 1.308283e+01  7.544632e-03 
 1.308323e+01  7.622655e-03 
 1.308363e+01  7.974766e-03 
 1.308403e+01  8.575307e-03 
 1.308442e+01  9.356889e-03 
 1.308482e+01  1.018582e-02 
 1.308522e+01  1.096611e-02 
 1.308562e+01  1.155064e-02 
 1.308602e+01  1.190916e-02 
 1.308641e+01  1.196204e-02 
 1.308681e+01  1.158455e-02 
 1.308721e+01  1.079368e-02 
 1.308761e+01  9.642393e-03 
 1.308800e+01  8.170867e-03 
 1.308840e+01  6.408329e-03 
 1.308880e+01  4.478040e-03 
 1.308920e+01  2.423259e-03 
 1.308959e+01  2.783285e-04 
 1.308999e+01 -1.817000e-03 
 1.309039e+01 -3.696996e-03 
 1.309079e+01 -5.258818e-03 
 1.309119e+01 -6.419079e-03 
 1.309158e+01 -6.996968e-03 
 1.309198e+01 -6.963009e-03 
 1.309238e+01 -6.178166e-03 
 1.309278e+01 -4.705272e-03 
 1.309317e+01 -2.571201e-03 
 1.309357e+01  1.492575e-04 
 1.309397e+01  3.350938e-03 
 1.309437e+01  6.801913e-03 
 1.309476e+01  1.023469e-02 
 1.309516e+01  1.342861e-02 
 1.309556e+01  1.613497e-02 
 1.309596e+01  1.820947e-02 
 1.309636e+01  1.964481e-02 
 1.309675e+01  2.040306e-02 
 1.309715e+01  2.051694e-02 
 1.309755e+01  2.009782e-02 
 1.309795e+01  1.920135e-02 
 1.309834e+01  1.790869e-02 
 1.309874e+01  1.635922e-02 
 1.309914e+01  1.470774e-02 
 1.309954e+01  1.309801e-02 
 1.309993e+01  1.175387e-02 
 1.310033e+01  1.085157e-02 
 1.310073e+01  1.034683e-02 
 1.310113e+01  1.025979e-02 
 1.310153e+01  1.050329e-02 
 1.310192e+01  1.098879e-02 
 1.310232e+01  1.160336e-02 
 1.310272e+01  1.226574e-02 
 1.310312e+01  1.286287e-02 
 1.310351e+01  1.330997e-02 
 1.310391e+01  1.348398e-02 
 1.310431e+01  1.324704e-02 
 1.310471e+01  1.259506e-02 
 1.310510e+01  1.151669e-02 
 1.310550e+01  1.010117e-02 
 1.310590e+01  8.379824e-03 
 1.310630e+01  6.582069e-03 
 1.310670e+01  4.850387e-03 
 1.310709e+01  3.215790e-03 
 1.310749e+01  1.907242e-03 
 1.310789e+01  1.030148e-03 
 1.310829e+01  7.144937e-04 
 1.310868e+01  1.002706e-03 
 1.310908e+01  1.925350e-03 
 1.310948e+01  3.524404e-03 
 1.310988e+01  5.750068e-03 
 1.311027e+01  8.479958e-03 
 1.311067e+01  1.149513e-02 
 1.311107e+01  1.457690e-02 
 1.311147e+01  1.753594e-02 
 1.311187e+01  2.014157e-02 
 1.311226e+01  2.230142e-02 
 1.311266e+01  2.387435e-02 
 1.311306e+01  2.469381e-02 
 1.311346e+01  2.464569e-02 
 1.311385e+01  2.379836e-02 
 1.311425e+01  2.221569e-02 
 1.311465e+01  1.991149e-02 
 1.311505e+01  1.704407e-02 
 1.311545e+01  1.377694e-02 
 1.311584e+01  1.031652e-02 
 1.311624e+01  6.944747e-03 
 1.311664e+01  3.873974e-03 
 1.311704e+01  1.248421e-03 
 1.311743e+01 -7.903468e-04 
 1.311783e+01 -2.174830e-03 
 1.311823e+01 -2.928210e-03 
 1.311863e+01 -3.028602e-03 
 1.311902e+01 -2.605128e-03 
 1.311942e+01 -1.746457e-03 
 1.311982e+01 -5.032787e-04 
 1.312022e+01  1.006584e-03 
 1.312062e+01  2.668348e-03 
 1.312101e+01  4.308854e-03 
 1.312141e+01  5.716239e-03 
 1.312181e+01  6.707232e-03 
 1.312221e+01  7.146577e-03 
 1.312260e+01  6.978887e-03 
 1.312300e+01  6.214569e-03 
 1.312340e+01  4.931518e-03 
 1.312380e+01  3.302866e-03 
 1.312419e+01  1.518887e-03 
 1.312459e+01 -2.751544e-04 
 1.312499e+01 -1.882798e-03 
 1.312539e+01 -3.056891e-03 
 1.312579e+01 -3.742260e-03 
 1.312618e+01 -3.716697e-03 
 1.312658e+01 -2.913485e-03 
 1.312698e+01 -1.238720e-03 
 1.312738e+01  1.220685e-03 
 1.312777e+01  4.333958e-03 
 1.312817e+01  7.991593e-03 
 1.312857e+01  1.200130e-02 
 1.312897e+01  1.614673e-02 
 1.312936e+01  2.008840e-02 
 1.312976e+01  2.354804e-02 
 1.313016e+01  2.627806e-02 
 1.313056e+01  2.790760e-02 
 1.313096e+01  2.827182e-02 
 1.313135e+01  2.728201e-02 
 1.313175e+01  2.506012e-02 
 1.313215e+01  2.168943e-02 
 1.313255e+01  1.743203e-02 
 1.313294e+01  1.257259e-02 
 1.313334e+01  7.387256e-03 
 1.313374e+01  2.165181e-03 
 1.313414e+01 -2.814011e-03 
 1.313453e+01 -7.204352e-03 
 1.313493e+01 -1.079076e-02 
 1.313533e+01 -1.338581e-02 
 1.313573e+01 -1.481919e-02 
 1.313613e+01 -1.503091e-02 
 1.313652e+01 -1.405220e-02 
 1.313692e+01 -1.213390e-02 
 1.313732e+01 -9.454938e-03 
 1.313772e+01 -6.167476e-03 
 1.313811e+01 -2.537125e-03 
 1.313851e+01  1.246203e-03 
 1.313891e+01  4.926928e-03 
 1.313931e+01  8.232099e-03 
 1.313970e+01  1.090324e-02 
 1.314010e+01  1.274475e-02 
 1.314050e+01  1.363901e-02 
 1.314090e+01  1.353182e-02 
 1.314130e+01  1.249889e-02 
 1.314169e+01  1.069373e-02 
 1.314209e+01  8.378325e-03 
 1.314249e+01  5.765849e-03 
 1.314289e+01  3.067123e-03 
 1.314328e+01  5.391796e-04 
 1.314368e+01 -1.639269e-03 
 1.314408e+01 -3.244629e-03 
 1.314448e+01 -4.153901e-03 
 1.314487e+01 -4.238136e-03 
 1.314527e+01 -3.453693e-03 
 1.314567e+01 -1.869442e-03 
 1.314607e+01  3.857553e-04 
 1.314647e+01  3.056207e-03 
 1.314686e+01  5.910624e-03 
 1.314726e+01  8.689779e-03 
 1.314766e+01  1.119393e-02 
 1.314806e+01  1.322927e-02 
 1.314845e+01  1.461650e-02 
 1.314885e+01  1.526929e-02 
 1.314925e+01  1.501163e-02 
 1.314965e+01  1.375683e-02 
 1.315004e+01  1.149608e-02 
 1.315044e+01  8.405200e-03 
 1.315084e+01  4.769251e-03 
 1.315124e+01  8.378035e-04 
 1.315164e+01 -3.014019e-03 
 1.315203e+01 -6.490625e-03 
 1.315243e+01 -9.344424e-03 
 1.315283e+01 -1.148747e-02 
 1.315323e+01 -1.287752e-02 
 1.315362e+01 -1.341504e-02 
 1.315402e+01 -1.311982e-02 
 1.315442e+01 -1.196335e-02 
 1.315482e+01 -1.001529e-02 
 1.315521e+01 -7.282368e-03 
 1.315561e+01 -3.993896e-03 
 1.315601e+01 -3.706155e-04 
 1.315641e+01  3.356742e-03 
 1.315681e+01  6.935544e-03 
 1.315720e+01  1.009845e-02 
 1.315760e+01  1.265139e-02 
 1.315800e+01  1.451563e-02 
 1.315840e+01  1.562222e-02 
 1.315879e+01  1.588376e-02 
 1.315919e+01  1.531117e-02 
 1.315959e+01  1.404193e-02 
 1.315999e+01  1.226788e-02 
 1.316038e+01  1.011937e-02 
 1.316078e+01  7.817520e-03 
 1.316118e+01  5.601795e-03 
 1.316158e+01  3.608491e-03 
 1.316198e+01  1.911972e-03 
 1.316237e+01  5.928744e-04 
 1.316277e+01 -3.756839e-04 
 1.316317e+01 -1.077979e-03 
 1.316357e+01 -1.504182e-03 
 1.316396e+01 -1.667264e-03 
 1.316436e+01 -1.714377e-03 
 1.316476e+01 -1.776523e-03 
 1.316516e+01 -1.952253e-03 
 1.316555e+01 -2.306952e-03 
 1.316595e+01 -2.877322e-03 
 1.316635e+01 -3.575635e-03 
 1.316675e+01 -4.363378e-03 
 1.316715e+01 -5.184145e-03 
 1.316754e+01 -5.964161e-03 
 1.316794e+01 -6.666909e-03 
 1.316834e+01 -7.229818e-03 
 1.316874e+01 -7.698669e-03 
 1.316913e+01 -8.040696e-03 
 1.316953e+01 -8.255005e-03 
 1.316993e+01 -8.256516e-03 
 1.317033e+01 -7.965236e-03 
 1.317072e+01 -7.324875e-03 
 1.317112e+01 -6.264954e-03 
 1.317152e+01 -4.886087e-03 
 1.317192e+01 -3.225672e-03 
 1.317232e+01 -1.332172e-03 
 1.317271e+01  7.175742e-04 
 1.317311e+01  2.762097e-03 
 1.317351e+01  4.639807e-03 
 1.317391e+01  6.246312e-03 
 1.317430e+01  7.464049e-03 
 1.317470e+01  8.251088e-03 
 1.317510e+01  8.538867e-03 
 1.317550e+01  8.316775e-03 
 1.317589e+01  7.717520e-03 
 1.317629e+01  6.805572e-03 
 1.317669e+01  5.734417e-03 
 1.317709e+01  4.606643e-03 
 1.317749e+01  3.560025e-03 
 1.317788e+01  2.607990e-03 
 1.317828e+01  1.793786e-03 
 1.317868e+01  1.203803e-03 
 1.317908e+01  8.472588e-04 
 1.317947e+01  7.348710e-04 
 1.317987e+01  8.928352e-04 
 1.318027e+01  1.314716e-03 
 1.318067e+01  1.963581e-03 
 1.318106e+01  2.689172e-03 
 1.318146e+01  3.435696e-03 
 1.318186e+01  4.100269e-03 
 1.318226e+01  4.617932e-03 
 1.318266e+01  4.888980e-03 
 1.318305e+01  4.937150e-03 
 1.318345e+01  4.783390e-03 
 1.318385e+01  4.371452e-03 
 1.318425e+01  3.772281e-03 
 1.318464e+01  3.006015e-03 
 1.318504e+01  2.217587e-03 
 1.318544e+01  1.478888e-03 
 1.318584e+01  1.020427e-03 
 1.318623e+01  9.905542e-04 
 1.318663e+01  1.431522e-03 
 1.318703e+01  2.358483e-03 
 1.318743e+01  3.788943e-03 
 1.318783e+01  5.659562e-03 
 1.318822e+01  7.855291e-03 
 1.318862e+01  1.025664e-02 
 1.318902e+01  1.275858e-02 
 1.318942e+01  1.524907e-02 
 1.318981e+01  1.767389e-02 
 1.319021e+01  1.996812e-02 
 1.319061e+01  2.195051e-02 
 1.319101e+01  2.343825e-02 
 1.319140e+01  2.426289e-02 
 1.319180e+01  2.428494e-02 
 1.319220e+01  2.348702e-02 
 1.319260e+01  2.185998e-02 
 1.319300e+01  1.946238e-02 
 1.319339e+01  1.649016e-02 
 1.319379e+01  1.313905e-02 
 1.319419e+01  9.662643e-03 
 1.319459e+01  6.339505e-03 
 1.319498e+01  3.367642e-03 
 1.319538e+01  8.848972e-04 
 1.319578e+01 -9.452917e-04 
 1.319618e+01 -1.973724e-03 
 1.319657e+01 -2.195185e-03 
 1.319697e+01 -1.662638e-03 
 1.319737e+01 -4.739801e-04 
 1.319777e+01  1.269288e-03 
 1.319817e+01  3.486889e-03 
 1.319856e+01  5.971086e-03 
 1.319896e+01  8.535823e-03 
 1.319936e+01  1.099884e-02 
 1.319976e+01  1.321281e-02 
 1.320015e+01  1.500011e-02 
 1.320055e+01  1.624185e-02 
 1.320095e+01  1.694537e-02 
 1.320135e+01  1.707273e-02 
 1.320174e+01  1.666410e-02 
 1.320214e+01  1.584281e-02 
 1.320254e+01  1.479074e-02 
 1.320294e+01  1.363317e-02 
 1.320334e+01  1.254991e-02 
 1.320373e+01  1.169210e-02 
 1.320413e+01  1.120501e-02 
 1.320453e+01  1.115034e-02 
 1.320493e+01  1.161205e-02 
 1.320532e+01  1.262840e-02 
 1.320572e+01  1.416042e-02 
 1.320612e+01  1.610427e-02 
 1.320652e+01  1.835107e-02 
 1.320692e+01  2.070195e-02 
 1.320731e+01  2.296045e-02 
 1.320771e+01  2.485955e-02 
 1.320811e+01  2.618193e-02 
 1.320851e+01  2.674526e-02 
 1.320890e+01  2.646229e-02 
 1.320930e+01  2.528213e-02 
 1.320970e+01  2.331315e-02 
 1.321010e+01  2.066504e-02 
 1.321049e+01  1.742766e-02 
 1.321089e+01  1.382051e-02 
 1.321129e+01  1.001698e-02 
 1.321169e+01  6.264201e-03 
 1.321209e+01  2.755637e-03 
 1.321248e+01 -2.716903e-04 
 1.321288e+01 -2.608977e-03 
 1.321328e+01 -4.131829e-03 
 1.321368e+01 -4.708892e-03 
 1.321407e+01 -4.314141e-03 
 1.321447e+01 -3.030974e-03 
 1.321487e+01 -9.680810e-04 
 1.321527e+01  1.668768e-03 
 1.321566e+01  4.682637e-03 
 1.321606e+01  7.852666e-03 
 1.321646e+01  1.094033e-02 
 1.321686e+01  1.369983e-02 
 1.321726e+01  1.592467e-02 
 1.321765e+01  1.752662e-02 
 1.321805e+01  1.845026e-02 
 1.321845e+01  1.874756e-02 
 1.321885e+01  1.842008e-02 
 1.321924e+01  1.748547e-02 
 1.321964e+01  1.598804e-02 
 1.322004e+01  1.406539e-02 
 1.322044e+01  1.184611e-02 
 1.322083e+01  9.509473e-03 
 1.322123e+01  7.307441e-03 
 1.322163e+01  5.504225e-03 
 1.322203e+01  4.244540e-03 
 1.322243e+01  3.631263e-03 
 1.322282e+01  3.678859e-03 
 1.322322e+01  4.305336e-03 
 1.322362e+01  5.362583e-03 
 1.322402e+01  6.667656e-03 
 1.322441e+01  8.107723e-03 
 1.322481e+01  9.538074e-03 
 1.322521e+01  1.077865e-02 
 1.322561e+01  1.168737e-02 
 1.322600e+01  1.204763e-02 
 1.322640e+01  1.180366e-02 
 1.322680e+01  1.074584e-02 
 1.322720e+01  8.904735e-03 
 1.322760e+01  6.386907e-03 
 1.322799e+01  3.290251e-03 
 1.322839e+01 -1.286426e-04 
 1.322879e+01 -3.572721e-03 
 1.322919e+01 -6.744611e-03 
 1.322958e+01 -9.501070e-03 
 1.322998e+01 -1.156836e-02 
 1.323038e+01 -1.282114e-02 
 1.323078e+01 -1.312191e-02 
 1.323117e+01 -1.241628e-02 
 1.323157e+01 -1.071596e-02 
 1.323197e+01 -8.089306e-03 
 1.323237e+01 -4.733371e-03 
 1.323277e+01 -8.409765e-04 
 1.323316e+01  3.326175e-03 
 1.323356e+01  7.559412e-03 
 1.323396e+01  1.169006e-02 
 1.323436e+01  1.542245e-02 
 1.323475e+01  1.855021e-02 
 1.323515e+01  2.092750e-02 
 1.323555e+01  2.234996e-02 
 1.323595e+01  2.275412e-02 
 1.323634e+01  2.216843e-02 
 1.323674e+01  2.061913e-02 
 1.323714e+01  1.823237e-02 
 1.323754e+01  1.520819e-02 
 1.323794e+01  1.175623e-02 
 1.323833e+01  8.065443e-03 
 1.323873e+01  4.370427e-03 
 1.323913e+01  8.801979e-04 
 1.323953e+01 -2.213300e-03 
 1.323992e+01 -4.712306e-03 
 1.324032e+01 -6.394785e-03 
 1.324072e+01 -7.210629e-03 
 1.324112e+01 -7.103698e-03 
 1.324151e+01 -6.094621e-03 
 1.324191e+01 -4.400003e-03 
 1.324231e+01 -2.183756e-03 
 1.324271e+01  1.733474e-04 
 1.324311e+01  2.328698e-03 
 1.324350e+01  4.039376e-03 
 1.324390e+01  5.115768e-03 
 1.324430e+01  5.408040e-03 
 1.324470e+01  4.869648e-03 
 1.324509e+01  3.613330e-03 
 1.324549e+01  1.770161e-03 
 1.324589e+01 -5.042607e-04 
 1.324629e+01 -2.968421e-03 
 1.324668e+01 -5.505573e-03 
 1.324708e+01 -7.977750e-03 
 1.324748e+01 -1.023784e-02 
 1.324788e+01 -1.211655e-02 
 1.324828e+01 -1.340267e-02 
 1.324867e+01 -1.394174e-02 
 1.324907e+01 -1.357327e-02 
 1.324947e+01 -1.228266e-02 
 1.324987e+01 -1.002216e-02 
 1.325026e+01 -6.983497e-03 
 1.325066e+01 -3.278518e-03 
 1.325106e+01  7.588395e-04 
 1.325146e+01  4.818968e-03 
 1.325185e+01  8.537845e-03 
 1.325225e+01  1.170780e-02 
 1.325265e+01  1.413495e-02 
 1.325305e+01  1.565410e-02 
 1.325345e+01  1.618170e-02 
 1.325384e+01  1.573776e-02 
 1.325424e+01  1.431343e-02 
 1.325464e+01  1.201681e-02 
 1.325504e+01  8.988317e-03 
 1.325543e+01  5.504014e-03 
 1.325583e+01  1.793087e-03 
 1.325623e+01 -1.881663e-03 
 1.325663e+01 -5.281701e-03 
 1.325702e+01 -8.211541e-03 
 1.325742e+01 -1.049048e-02 
 1.325782e+01 -1.199053e-02 
 1.325822e+01 -1.270693e-02 
 1.325862e+01 -1.261524e-02 
 1.325901e+01 -1.179944e-02 
 1.325941e+01 -1.043512e-02 
 1.325981e+01 -8.606835e-03 
 1.326021e+01 -6.461753e-03 
 1.326060e+01 -4.208688e-03 
 1.326100e+01 -1.989003e-03 
 1.326140e+01  7.658147e-05 
 1.326180e+01  1.867680e-03 
 1.326219e+01  3.251824e-03 
 1.326259e+01  4.194613e-03 
 1.326299e+01  4.617551e-03 
 1.326339e+01  4.634928e-03 
 1.326379e+01  4.311894e-03 
 1.326418e+01  3.807379e-03 
 1.326458e+01  3.196397e-03 
 1.326498e+01  2.649111e-03 
 1.326538e+01  2.274716e-03 
 1.326577e+01  2.159693e-03 
 1.326617e+01  2.335244e-03 
 1.326657e+01  2.711750e-03 
 1.326697e+01  3.233652e-03 
 1.326736e+01  3.950160e-03 
 1.326776e+01  4.799190e-03 
 1.326816e+01  5.728729e-03 
 1.326856e+01  6.726092e-03 
 1.326896e+01  7.668689e-03 
 1.326935e+01  8.437163e-03 
 1.326975e+01  8.925843e-03 
 1.327015e+01  9.070368e-03 
 1.327055e+01  8.783398e-03 
 1.327094e+01  7.975272e-03 
 1.327134e+01  6.741678e-03 
 1.327174e+01  5.012856e-03 
 1.327214e+01  2.949746e-03 
 1.327253e+01  6.730644e-04 
 1.327293e+01 -1.587827e-03 
 1.327333e+01 -3.599010e-03 
 1.327373e+01 -5.189490e-03 
 1.327413e+01 -6.179956e-03 
 1.327452e+01 -6.538115e-03 
 1.327492e+01 -6.248051e-03 
 1.327532e+01 -5.466416e-03 
 1.327572e+01 -4.301584e-03 
 1.327611e+01 -2.849444e-03 
 1.327651e+01 -1.163567e-03 
 1.327691e+01  5.772499e-04 
 1.327731e+01  2.335035e-03 
 1.327770e+01  4.049836e-03 
 1.327810e+01  5.521795e-03 
 1.327850e+01  6.758416e-03 
 1.327890e+01  7.765915e-03 
 1.327930e+01  8.484778e-03 
 1.327969e+01  9.018670e-03 
 1.328009e+01  9.375464e-03 
 1.328049e+01  9.639216e-03 
 1.328089e+01  9.898994e-03 
 1.328128e+01  1.022004e-02 
 1.328168e+01  1.061278e-02 
 1.328208e+01  1.108506e-02 
 1.328248e+01  1.169643e-02 
 1.328287e+01  1.237981e-02 
 1.328327e+01  1.318680e-02 
 1.328367e+01  1.419579e-02 
 1.328407e+01  1.535163e-02 
 1.328447e+01  1.655424e-02 
 1.328486e+01  1.774489e-02 
 1.328526e+01  1.886941e-02 
 1.328566e+01  1.967291e-02 
 1.328606e+01  2.013261e-02 
 1.328645e+01  2.006561e-02 
 1.328685e+01  1.937243e-02 
 1.328725e+01  1.810335e-02 
 1.328765e+01  1.629948e-02 
 1.328804e+01  1.408871e-02 
 1.328844e+01  1.155931e-02 
 1.328884e+01  8.891686e-03 
 1.328924e+01  6.246749e-03 
 1.328964e+01  3.807752e-03 
 1.329003e+01  1.801249e-03 
 1.329043e+01  2.898224e-04 
 1.329083e+01 -6.470637e-04 
 1.329123e+01 -8.649944e-04 
 1.329162e+01 -3.508429e-04 
 1.329202e+01  9.243705e-04 
 1.329242e+01  2.938221e-03 
 1.329282e+01  5.503174e-03 
 1.329321e+01  8.453842e-03 
 1.329361e+01  1.164175e-02 
 1.329401e+01  1.489483e-02 
 1.329441e+01  1.794579e-02 
 1.329481e+01  2.062383e-02 
 1.329520e+01  2.272369e-02 
 1.329560e+01  2.400809e-02 
 1.329600e+01  2.450265e-02 
 1.329640e+01  2.421816e-02 
 1.329679e+01  2.315696e-02 
 1.329719e+01  2.142983e-02 
 1.329759e+01  1.919738e-02 
 1.329799e+01  1.659013e-02 
 1.329839e+01  1.383783e-02 
 1.329878e+01  1.111644e-02 
 1.329918e+01  8.523521e-03 
 1.329958e+01  6.232536e-03 
 1.329998e+01  4.448511e-03 
 1.330037e+01  3.221916e-03 
 1.330077e+01  2.587406e-03 
 1.330117e+01  2.689936e-03 
 1.330157e+01  3.405110e-03 
 1.330196e+01  4.599735e-03 
 1.330236e+01  6.171052e-03 
 1.330276e+01  7.877277e-03 
 1.330316e+01  9.496481e-03 
 1.330356e+01  1.087869e-02 
 1.330395e+01  1.180270e-02 
 1.330435e+01  1.213394e-02 
 1.330475e+01  1.178747e-02 
 1.330515e+01  1.076898e-02 
 1.330554e+01  9.127749e-03 
 1.330594e+01  6.995810e-03 
 1.330634e+01  4.542822e-03 
 1.330674e+01  1.886143e-03 
 1.330713e+01 -6.586010e-04 
 1.330753e+01 -2.815531e-03 
 1.330793e+01 -4.432520e-03 
 1.330833e+01 -5.350399e-03 
 1.330873e+01 -5.419715e-03 
 1.330912e+01 -4.562502e-03 
 1.330952e+01 -2.784073e-03 
 1.330992e+01 -5.729721e-05 
 1.331032e+01  3.431025e-03 
 1.331071e+01  7.435592e-03 
 1.331111e+01  1.180168e-02 
 1.331151e+01  1.622446e-02 
 1.331191e+01  2.038676e-02 
 1.331230e+01  2.401100e-02 
 1.331270e+01  2.682745e-02 
 1.331310e+01  2.858153e-02 
 1.331350e+01  2.920566e-02 
 1.331390e+01  2.868468e-02 
 1.331429e+01  2.696376e-02 
 1.331469e+01  2.416921e-02 
 1.331509e+01  2.049188e-02 
 1.331549e+01  1.611377e-02 
 1.331588e+01  1.134900e-02 
 1.331628e+01  6.571045e-03 
 1.331668e+01  2.072411e-03 
 1.331708e+01 -1.868449e-03 
 1.331747e+01 -5.009622e-03 
 1.331787e+01 -7.225829e-03 
 1.331827e+01 -8.422378e-03 
 1.331867e+01 -8.516492e-03 
 1.331907e+01 -7.604603e-03 
 1.331946e+01 -5.828480e-03 
 1.331986e+01 -3.330452e-03 
 1.332026e+01 -3.751945e-04 
 1.332066e+01  2.641157e-03 
 1.332105e+01  5.430908e-03 
 1.332145e+01  7.687348e-03 
 1.332185e+01  9.230169e-03 
 1.332225e+01  1.002005e-02 
 1.332264e+01  1.001929e-02 
 1.332304e+01  9.279488e-03 
 1.332344e+01  7.910097e-03 
 1.332384e+01  6.054868e-03 
 1.332424e+01  3.843952e-03 
 1.332463e+01  1.552443e-03 
 1.332503e+01 -5.475997e-04 
 1.332543e+01 -2.307108e-03 
 1.332583e+01 -3.423423e-03 
 1.332622e+01 -3.753957e-03 
 1.332662e+01 -3.236302e-03 
 1.332702e+01 -1.914944e-03 
 1.332742e+01  1.146861e-04 
 1.332781e+01  2.706453e-03 
 1.332821e+01  5.657325e-03 
 1.332861e+01  8.766885e-03 
 1.332901e+01  1.186142e-02 
 1.332941e+01  1.475823e-02 
 1.332980e+01  1.728176e-02 
 1.333020e+01  1.915694e-02 
 1.333060e+01  2.017919e-02 
 1.333100e+01  2.024662e-02 
 1.333139e+01  1.930060e-02 
 1.333179e+01  1.735394e-02 
 1.333219e+01  1.452182e-02 
 1.333259e+01  1.093644e-02 
 1.333298e+01  6.779909e-03 
 1.333338e+01  2.367208e-03 
 1.333378e+01 -2.000462e-03 
 1.333418e+01 -6.071875e-03 
 1.333458e+01 -9.543333e-03 
 1.333497e+01 -1.221478e-02 
 1.333537e+01 -1.390984e-02 
 1.333577e+01 -1.448317e-02 
 1.333617e+01 -1.393973e-02 
 1.333656e+01 -1.243012e-02 
 1.333696e+01 -1.005064e-02 
 1.333736e+01 -6.964677e-03 
 1.333776e+01 -3.376533e-03 
 1.333815e+01  4.656385e-04 
 1.333855e+01  4.356025e-03 
 1.333895e+01  8.000256e-03 
 1.333935e+01  1.113408e-02 
 1.333975e+01  1.359537e-02 
 1.334014e+01  1.517224e-02 
 1.334054e+01  1.581682e-02 
 1.334094e+01  1.552289e-02 
 1.334134e+01  1.442886e-02 
 1.334173e+01  1.268756e-02 
 1.334213e+01  1.063634e-02 
 1.334253e+01  8.427614e-03 
 1.334293e+01  6.204755e-03 
 1.334332e+01  4.210318e-03 
 1.334372e+01  2.639086e-03 
 1.334412e+01  1.567772e-03 
 1.334452e+01  1.122728e-03 
 1.334492e+01  1.250669e-03 
 1.334531e+01  1.984453e-03 
 1.334571e+01  3.283004e-03 
 1.334611e+01  4.971041e-03 
 1.334651e+01  6.803886e-03 
 1.334690e+01  8.568754e-03 
 1.334730e+01  1.012165e-02 
 1.334770e+01  1.121044e-02 
 1.334810e+01  1.175647e-02 
 1.334849e+01  1.162721e-02 
 1.334889e+01  1.071619e-02 
 1.334929e+01  8.975376e-03 
 1.334969e+01  6.543984e-03 
 1.335009e+01  3.556609e-03 
 1.335048e+01  1.489133e-04 
 1.335088e+01 -3.417083e-03 
 1.335128e+01 -6.895610e-03 
 1.335168e+01 -1.006155e-02 
 1.335207e+01 -1.267465e-02 
 1.335247e+01 -1.461303e-02 
 1.335287e+01 -1.575183e-02 
 1.335327e+01 -1.593870e-02 
 1.335366e+01 -1.511982e-02 
 1.335406e+01 -1.339713e-02 
 1.335446e+01 -1.085981e-02 
 1.335486e+01 -7.706106e-03 
 1.335526e+01 -4.221448e-03 
 1.335565e+01 -6.579654e-04 
 1.335605e+01  2.736247e-03 
 1.335645e+01  5.688692e-03 
 1.335685e+01  8.105072e-03 
 1.335724e+01  9.967203e-03 
 1.335764e+01  1.124565e-02 
 1.335804e+01  1.197369e-02 
 1.335844e+01  1.215739e-02 
 1.335883e+01  1.176722e-02 
 1.335923e+01  1.084858e-02 
 1.335963e+01  9.501285e-03 
 1.336003e+01  7.795485e-03 
 1.336043e+01  5.823219e-03 
 1.336082e+01  3.809987e-03 
 1.336122e+01  1.917911e-03 
 1.336162e+01  2.648453e-04 
 1.336202e+01 -8.948270e-04 
 1.336241e+01 -1.563953e-03 
 1.336281e+01 -1.754647e-03 
 1.336321e+01 -1.521648e-03 
 1.336361e+01 -9.863842e-04 
 1.336400e+01 -2.109648e-04 
 1.336440e+01  6.717085e-04 
 1.336480e+01  1.549483e-03 
 1.336520e+01  2.203118e-03 
 1.336560e+01  2.623414e-03 
 1.336599e+01  2.760367e-03 
 1.336639e+01  2.560311e-03 
 1.336679e+01  2.046545e-03 
 1.336719e+01  1.295990e-03 
 1.336758e+01  3.778098e-04 
 1.336798e+01 -5.564985e-04 
 1.336838e+01 -1.421457e-03 
 1.336878e+01 -2.103862e-03 
 1.336917e+01 -2.533970e-03 
 1.336957e+01 -2.560588e-03 
 1.336997e+01 -2.125855e-03 
 1.337037e+01 -1.127987e-03 
 1.337077e+01  4.123046e-04 
 1.337116e+01  2.395627e-03 
 1.337156e+01  4.665072e-03 
 1.337196e+01  7.076732e-03 
 1.337236e+01  9.474622e-03 
 1.337275e+01  1.158378e-02 
 1.337315e+01  1.330668e-02 
 1.337355e+01  1.461612e-02 
 1.337395e+01  1.540169e-02 
 1.337434e+01  1.564955e-02 
 1.337474e+01  1.531181e-02 
 1.337514e+01  1.438597e-02 
 1.337554e+01  1.289400e-02 
 1.337594e+01  1.098730e-02 
 1.337633e+01  8.768441e-03 
 1.337673e+01  6.450448e-03 
 1.337713e+01  4.257567e-03 
 1.337753e+01  2.343036e-03 
 1.337792e+01  8.150037e-04 
 1.337832e+01 -2.418793e-04 
 1.337872e+01 -8.526703e-04 
 1.337912e+01 -1.052409e-03 
 1.337951e+01 -7.885783e-04 
 1.337991e+01 -1.312590e-04 
 1.338031e+01  7.998998e-04 
 1.338071e+01  1.905096e-03 
 1.338111e+01  3.064668e-03 
 1.338150e+01  4.122299e-03 
 1.338190e+01  4.980961e-03 
 1.338230e+01  5.471884e-03 
 1.338270e+01  5.497129e-03 
 1.338309e+01  5.078156e-03 
 1.338349e+01  4.261300e-03 
 1.338389e+01  3.069633e-03 
 1.338429e+01  1.674537e-03 
 1.338468e+01  2.540844e-04 
 1.338508e+01 -1.010281e-03 
 1.338548e+01 -1.929199e-03 
 1.338588e+01 -2.242625e-03 
 1.338628e+01 -1.877653e-03 
 1.338667e+01 -7.705445e-04 
 1.338707e+01  1.022528e-03 
 1.338747e+01  3.419677e-03 
 1.338787e+01  6.286883e-03 
 1.338826e+01  9.448479e-03 
 1.338866e+01  1.271401e-02 
 1.338906e+01  1.593589e-02 
 1.338946e+01  1.897410e-02 
 1.338986e+01  2.165177e-02 
 1.339025e+01  2.375460e-02 
 1.339065e+01  2.511687e-02 
 1.339105e+01  2.558620e-02 
 1.339145e+01  2.508155e-02 
 1.339184e+01  2.361775e-02 
 1.339224e+01  2.126731e-02 
 1.339264e+01  1.817405e-02 
 1.339304e+01  1.448861e-02 
 1.339343e+01  1.047060e-02 
 1.339383e+01  6.372509e-03 
 1.339423e+01  2.419706e-03 
 1.339463e+01 -1.116113e-03 
 1.339503e+01 -4.048690e-03 
 1.339542e+01 -6.184906e-03 
 1.339582e+01 -7.233327e-03 
 1.339622e+01 -7.228530e-03 
 1.339662e+01 -6.118353e-03 
 1.339701e+01 -4.058552e-03 
 1.339741e+01 -1.215800e-03 
 1.339781e+01  2.171159e-03 
 1.339821e+01  5.796448e-03 
 1.339860e+01  9.427153e-03 
 1.339900e+01  1.269387e-02 
 1.339940e+01  1.546317e-02 
 1.339980e+01  1.743424e-02 
 1.340020e+01  1.849198e-02 
 1.340059e+01  1.863847e-02 
 1.340099e+01  1.784797e-02 
 1.340139e+01  1.629146e-02 
 1.340179e+01  1.412960e-02 
 1.340218e+01  1.161970e-02 
 1.340258e+01  8.972695e-03 
 1.340298e+01  6.361600e-03 
 1.340338e+01  4.058067e-03 
 1.340377e+01  2.242028e-03 
 1.340417e+01  1.114830e-03 
 1.340457e+01  7.956189e-04 
 1.340497e+01  1.353755e-03 
 1.340537e+01  2.831373e-03 
 1.340576e+01  5.092388e-03 
 1.340616e+01  7.939782e-03 
 1.340656e+01  1.108982e-02 
 1.340696e+01  1.426504e-02 
 1.340735e+01  1.712548e-02 
 1.340775e+01  1.945588e-02 
 1.340815e+01  2.114606e-02 
 1.340855e+01  2.198412e-02 
 1.340894e+01  2.183865e-02 
 1.340934e+01  2.060786e-02 
 1.340974e+01  1.842496e-02 
 1.341014e+01  1.536539e-02 
 1.341054e+01  1.158391e-02 
 1.341093e+01  7.310922e-03 
 1.341133e+01  2.816842e-03 
 1.341173e+01 -1.554493e-03 
 1.341213e+01 -5.500775e-03 
 1.341252e+01 -8.715487e-03 
 1.341292e+01 -1.094449e-02 
 1.341332e+01 -1.197278e-02 
 1.341372e+01 -1.170560e-02 
 1.341411e+01 -1.013797e-02 
 1.341451e+01 -7.308865e-03 
 1.341491e+01 -3.450770e-03 
 1.341531e+01  1.146163e-03 
 1.341571e+01  6.224934e-03 
 1.341610e+01  1.146487e-02 
 1.341650e+01  1.652247e-02 
 1.341690e+01  2.107688e-02 
 1.341730e+01  2.486382e-02 
 1.341769e+01  2.763260e-02 
 1.341809e+01  2.929099e-02 
 1.341849e+01  2.976395e-02 
 1.341889e+01  2.905140e-02 
 1.341928e+01  2.733004e-02 
 1.341968e+01  2.477866e-02 
 1.342008e+01  2.167326e-02 
 1.342048e+01  1.828177e-02 
 1.342088e+01  1.483867e-02 
 1.342127e+01  1.162141e-02 
 1.342167e+01  8.809723e-03 
 1.342207e+01  6.615723e-03 
 1.342247e+01  5.178263e-03 
 1.342286e+01  4.565065e-03 
 1.342326e+01  4.780443e-03 
 1.342366e+01  5.714847e-03 
 1.342406e+01  7.199771e-03 
 1.342445e+01  9.008872e-03 
 1.342485e+01  1.092783e-02 
 1.342525e+01  1.264974e-02 
 1.342565e+01  1.404165e-02 
 1.342605e+01  1.489393e-02 
 1.342644e+01  1.503427e-02 
 1.342684e+01  1.440695e-02 
 1.342724e+01  1.301022e-02 
 1.342764e+01  1.087914e-02 
 1.342803e+01  8.088788e-03 
 1.342843e+01  4.890912e-03 
 1.342883e+01  1.520076e-03 
 1.342923e+01 -1.721557e-03 
 1.342962e+01 -4.605110e-03 
 1.343002e+01 -6.922126e-03 
 1.343042e+01 -8.418449e-03 
 1.343082e+01 -8.986949e-03 
 1.343122e+01 -8.560904e-03 
 1.343161e+01 -7.141784e-03 
 1.343201e+01 -4.759431e-03 
 1.343241e+01 -1.601039e-03 
 1.343281e+01  2.068960e-03 
 1.343320e+01  6.042606e-03 
 1.343360e+01  1.002606e-02 
 1.343400e+01  1.374065e-02 
 1.343440e+01  1.693074e-02 
 1.343479e+01  1.943505e-02 
 1.343519e+01  2.107733e-02 
 1.343559e+01  2.179748e-02 
 1.343599e+01  2.155755e-02 
 1.343639e+01  2.035793e-02 
 1.343678e+01  1.835478e-02 
 1.343718e+01  1.568720e-02 
 1.343758e+01  1.246416e-02 
 1.343798e+01  8.961217e-03 
 1.343837e+01  5.358388e-03 
 1.343877e+01  1.904481e-03 
 1.343917e+01 -1.153758e-03 
 1.343957e+01 -3.609251e-03 
 1.343996e+01 -5.333585e-03 
 1.344036e+01 -6.266319e-03 
 1.344076e+01 -6.397170e-03 
 1.344116e+01 -5.801661e-03 
 1.344156e+01 -4.682808e-03 
 1.344195e+01 -3.174313e-03 
 1.344235e+01 -1.529221e-03 
 1.344275e+01  3.807638e-05 
 1.344315e+01  1.373504e-03 
 1.344354e+01  2.362641e-03 
 1.344394e+01  2.908062e-03 
 1.344434e+01  2.918557e-03 
 1.344474e+01  2.413173e-03 
 1.344513e+01  1.387986e-03 
 1.344553e+01 -7.185946e-05 
 1.344593e+01 -1.765966e-03 
 1.344633e+01 -3.540649e-03 
 1.344673e+01 -5.122048e-03 
 1.344712e+01 -6.316104e-03 
 1.344752e+01 -7.001396e-03 
 1.344792e+01 -7.064603e-03 
 1.344832e+01 -6.471125e-03 
 1.344871e+01 -5.319135e-03 
 1.344911e+01 -3.634972e-03 
 1.344951e+01 -1.503360e-03 
 1.344991e+01  9.176982e-04 
 1.345030e+01  3.415476e-03 
 1.345070e+01  5.898767e-03 
 1.345110e+01  8.176831e-03 
 1.345150e+01  1.002520e-02 
 1.345190e+01  1.136810e-02 
 1.345229e+01  1.204889e-02 
 1.345269e+01  1.199047e-02 
 1.345309e+01  1.115277e-02 
 1.345349e+01  9.547412e-03 
 1.345388e+01  7.246341e-03 
 1.345428e+01  4.428647e-03 
 1.345468e+01  1.271048e-03 
 1.345508e+01 -2.068355e-03 
 1.345547e+01 -5.335469e-03 
 1.345587e+01 -8.331200e-03 
 1.345627e+01 -1.099144e-02 
 1.345667e+01 -1.318297e-02 
 1.345707e+01 -1.476173e-02 
 1.345746e+01 -1.568694e-02 
 1.345786e+01 -1.590548e-02 
 1.345826e+01 -1.539967e-02 
 1.345866e+01 -1.423719e-02 
 1.345905e+01 -1.250894e-02 
 1.345945e+01 -1.031289e-02 
 1.345985e+01 -7.862594e-03 
 1.346025e+01 -5.399136e-03 
 1.346064e+01 -3.109321e-03 
 1.346104e+01 -1.251679e-03 
 1.346144e+01  7.909663e-05 
 1.346184e+01  8.812821e-04 
 1.346224e+01  1.139541e-03 
 1.346263e+01  8.968323e-04 
 1.346303e+01  2.425570e-04 
 1.346343e+01 -6.385488e-04 
 1.346383e+01 -1.568838e-03 
 1.346422e+01 -2.376660e-03 
 1.346462e+01 -2.870707e-03 
 1.346502e+01 -2.989639e-03 
 1.346542e+01 -2.638770e-03 
 1.346581e+01 -1.724083e-03 
 1.346621e+01 -3.095051e-04 
 1.346661e+01  1.482578e-03 
 1.346701e+01  3.578638e-03 
 1.346741e+01  5.800774e-03 
 1.346780e+01  7.953561e-03 
 1.346820e+01  9.927364e-03 
 1.346860e+01  1.156769e-02 
 1.346900e+01  1.267935e-02 
 1.346939e+01  1.318359e-02 
 1.346979e+01  1.300275e-02 
 1.347019e+01  1.214178e-02 
 1.347059e+01  1.067693e-02 
 1.347098e+01  8.699391e-03 
 1.347138e+01  6.328146e-03 
 1.347178e+01  3.806408e-03 
 1.347218e+01  1.244847e-03 
 1.347258e+01 -1.198046e-03 
 1.347297e+01 -3.367297e-03 
 1.347337e+01 -5.097409e-03 
 1.347377e+01 -6.287275e-03 
 1.347417e+01 -6.740937e-03 
 1.347456e+01 -6.321295e-03 
 1.347496e+01 -5.005437e-03 
 1.347536e+01 -2.939804e-03 
 1.347576e+01 -3.345832e-04 
 1.347615e+01  2.580787e-03 
 1.347655e+01  5.504187e-03 
 1.347695e+01  8.207939e-03 
 1.347735e+01  1.054333e-02 
 1.347775e+01  1.233156e-02 
 1.347814e+01  1.358090e-02 
 1.347854e+01  1.420823e-02 
 1.347894e+01  1.426194e-02 
 1.347934e+01  1.380503e-02 
 1.347973e+01  1.290973e-02 
 1.348013e+01  1.168252e-02 
 1.348053e+01  1.029283e-02 
 1.348093e+01  8.905140e-03 
 1.348133e+01  7.639232e-03 
 1.348172e+01  6.619368e-03 
 1.348212e+01  5.926837e-03 
 1.348252e+01  5.680405e-03 
 1.348292e+01  5.908997e-03 
 1.348331e+01  6.657346e-03 
 1.348371e+01  7.839442e-03 
 1.348411e+01  9.365360e-03 
 1.348451e+01  1.105882e-02 
 1.348490e+01  1.271178e-02 
 1.348530e+01  1.412314e-02 
 1.348570e+01  1.513487e-02 
 1.348610e+01  1.564512e-02 
 1.348650e+01  1.554464e-02 
 1.348689e+01  1.484400e-02 
 1.348729e+01  1.349990e-02 
 1.348769e+01  1.152217e-02 
 1.348809e+01  8.999337e-03 
 1.348848e+01  6.037136e-03 
 1.348888e+01  2.835426e-03 
 1.348928e+01 -3.206511e-04 
 1.348968e+01 -3.169437e-03 
 1.349007e+01 -5.436615e-03 
 1.349047e+01 -6.893642e-03 
 1.349087e+01 -7.354100e-03 
 1.349127e+01 -6.765606e-03 
 1.349167e+01 -5.122344e-03 
 1.349206e+01 -2.500659e-03 
 1.349246e+01  9.438527e-04 
 1.349286e+01  5.024305e-03 
 1.349326e+01  9.498075e-03 
 1.349365e+01  1.411695e-02 
 1.349405e+01  1.859572e-02 
 1.349445e+01  2.256566e-02 
 1.349485e+01  2.578379e-02 
 1.349524e+01  2.804626e-02 
 1.349564e+01  2.919193e-02 
 1.349604e+01  2.923535e-02 
 1.349644e+01  2.816433e-02 
 1.349684e+01  2.617374e-02 
 1.349723e+01  2.338791e-02 
 1.349763e+01  2.003227e-02 
 1.349803e+01  1.637752e-02 
 1.349843e+01  1.274372e-02 
 1.349882e+01  9.398542e-03 
 1.349922e+01  6.578582e-03 
 1.349962e+01  4.553783e-03 
 1.350002e+01  3.408318e-03 
 1.350041e+01  3.180312e-03 
 1.350081e+01  3.771473e-03 
 1.350121e+01  5.121138e-03 
 1.350161e+01  7.049817e-03 
 1.350201e+01  9.352239e-03 
 1.350240e+01  1.186591e-02 
 1.350280e+01  1.433153e-02 
 1.350320e+01  1.661643e-02 
 1.350360e+01  1.841728e-02 
 1.350399e+01  1.950278e-02 
 1.350439e+01  1.968895e-02 
 1.350479e+01  1.884201e-02 
 1.350519e+01  1.700387e-02 
 1.350558e+01  1.429845e-02 
 1.350598e+01  1.096390e-02 
 1.350638e+01  7.319825e-03 
 1.350678e+01  3.640985e-03 
 1.350718e+01  2.386870e-04 
 1.350757e+01 -2.606486e-03 
 1.350797e+01 -4.647820e-03 
 1.350837e+01 -5.721641e-03 
 1.350877e+01 -5.675572e-03 
 1.350916e+01 -4.413030e-03 
 1.350956e+01 -1.892645e-03 
 1.350996e+01  1.731747e-03 
 1.351036e+01  6.189472e-03 
 1.351075e+01  1.112329e-02 
 1.351115e+01  1.617273e-02 
 1.351155e+01  2.098237e-02 
 1.351195e+01  2.518895e-02 
 1.351235e+01  2.850732e-02 
 1.351274e+01  3.068477e-02 
 1.351314e+01  3.158559e-02 
 1.351354e+01  3.112508e-02 
 1.351394e+01  2.930898e-02 
 1.351433e+01  2.627594e-02 
 1.351473e+01  2.221420e-02 
 1.351513e+01  1.740109e-02 
 1.351553e+01  1.216914e-02 
 1.351592e+01  6.905988e-03 
 1.351632e+01  1.905981e-03 
 1.351672e+01 -2.536016e-03 
 1.351712e+01 -6.141009e-03 
 1.351752e+01 -8.687896e-03 
 1.351791e+01 -1.008798e-02 
 1.351831e+01 -1.022059e-02 
 1.351871e+01 -9.146902e-03 
 1.351911e+01 -7.034234e-03 
 1.351950e+01 -4.083487e-03 
 1.351990e+01 -5.895166e-04 
 1.352030e+01  3.174498e-03 
 1.352070e+01  6.925702e-03 
 1.352109e+01  1.035896e-02 
 1.352149e+01  1.319962e-02 
 1.352189e+01  1.536201e-02 
 1.352229e+01  1.668314e-02 
 1.352269e+01  1.711860e-02 
 1.352308e+01  1.668983e-02 
 1.352348e+01  1.547049e-02 
 1.352388e+01  1.362469e-02 
 1.352428e+01  1.134527e-02 
 1.352467e+01  8.920464e-03 
 1.352507e+01  6.568065e-03 
 1.352547e+01  4.516988e-03 
 1.352587e+01  2.980343e-03 
 1.352626e+01  2.140090e-03 
 1.352666e+01  2.126088e-03 
 1.352706e+01  2.924954e-03 
 1.352746e+01  4.485746e-03 
 1.352786e+01  6.672220e-03 
 1.352825e+01  9.332171e-03 
 1.352865e+01  1.226314e-02 
 1.352905e+01  1.512245e-02 
 1.352945e+01  1.766877e-02 
 1.352984e+01  1.961003e-02 
 1.353024e+01  2.072671e-02 
 1.353064e+01  2.087791e-02 
 1.353104e+01  2.000591e-02 
 1.353143e+01  1.813686e-02 
 1.353183e+01  1.537224e-02 
 1.353223e+01  1.181098e-02 
 1.353263e+01  7.614465e-03 
 1.353303e+01  2.969736e-03 
 1.353342e+01 -1.849069e-03 
 1.353382e+01 -6.553917e-03 
 1.353422e+01 -1.088520e-02 
 1.353462e+01 -1.446743e-02 
 1.353501e+01 -1.711282e-02 
 1.353541e+01 -1.867414e-02 
 1.353581e+01 -1.913959e-02 
 1.353621e+01 -1.852603e-02 
 1.353660e+01 -1.696700e-02 
 1.353700e+01 -1.465195e-02 
 1.353740e+01 -1.170724e-02 
 1.353780e+01 -8.378814e-03 
 1.353820e+01 -4.889024e-03 
 1.353859e+01 -1.515458e-03 
 1.353899e+01  1.492756e-03 
 1.353939e+01  4.008947e-03 
 1.353979e+01  5.824596e-03 
 1.354018e+01  6.862963e-03 
 1.354058e+01  7.158302e-03 
 1.354098e+01  6.786185e-03 
 1.354138e+01  5.872991e-03 
 1.354177e+01  4.561383e-03 
 1.354217e+01  3.072352e-03 
 1.354257e+01  1.537495e-03 
 1.354297e+01  1.327002e-04 
 1.354337e+01 -9.970509e-04 
 1.354376e+01 -1.707271e-03 
 1.354416e+01 -1.865172e-03 
 1.354456e+01 -1.499478e-03 
 1.354496e+01 -6.593975e-04 
 1.354535e+01  5.130696e-04 
 1.354575e+01  1.834252e-03 
 1.354615e+01  3.132405e-03 
 1.354655e+01  4.205642e-03 
 1.354694e+01  4.960523e-03 
 1.354734e+01  5.315870e-03 
 1.354774e+01  5.198928e-03 
 1.354814e+01  4.601817e-03 
 1.354854e+01  3.513921e-03 
 1.354893e+01  1.926401e-03 
 1.354933e+01 -1.235841e-04 
 1.354973e+01 -2.557345e-03 
 1.355013e+01 -5.190880e-03 
 1.355052e+01 -7.853084e-03 
 1.355092e+01 -1.032658e-02 
 1.355132e+01 -1.239978e-02 
 1.355172e+01 -1.385756e-02 
 1.355211e+01 -1.453175e-02 
 1.355251e+01 -1.437525e-02 
 1.355291e+01 -1.336225e-02 
 1.355331e+01 -1.156951e-02 
 1.355371e+01 -9.085087e-03 
 1.355410e+01 -6.047180e-03 
 1.355450e+01 -2.657924e-03 
 1.355490e+01  9.228388e-04 
 1.355530e+01  4.454714e-03 
 1.355569e+01  7.717742e-03 
 1.355609e+01  1.046235e-02 
 1.355649e+01  1.250409e-02 
 1.355689e+01  1.373299e-02 
 1.355728e+01  1.413466e-02 
 1.355768e+01  1.367425e-02 
 1.355808e+01  1.242033e-02 
 1.355848e+01  1.052295e-02 
 1.355888e+01  8.212685e-03 
 1.355927e+01  5.739581e-03 
 1.355967e+01  3.424846e-03 
 1.356007e+01  1.420219e-03 
 1.356047e+01 -9.106686e-05 
 1.356086e+01 -1.068280e-03 
 1.356126e+01 -1.395927e-03 
 1.356166e+01 -1.118887e-03 
 1.356206e+01 -4.167336e-04 
 1.356245e+01  6.171701e-04 
 1.356285e+01  1.889780e-03 
 1.356325e+01  3.259978e-03 
 1.356365e+01  4.578003e-03 
 1.356405e+01  5.656479e-03 
 1.356444e+01  6.352664e-03 
 1.356484e+01  6.480912e-03 
 1.356524e+01  5.948996e-03 
 1.356564e+01  4.759619e-03 
 1.356603e+01  3.044693e-03 
 1.356643e+01  9.216955e-04 
 1.356683e+01 -1.405151e-03 
 1.356723e+01 -3.688037e-03 
 1.356762e+01 -5.728316e-03 
 1.356802e+01 -7.300523e-03 
 1.356842e+01 -8.257246e-03 
 1.356882e+01 -8.491183e-03 
 1.356922e+01 -7.936304e-03 
 1.356961e+01 -6.513573e-03 
 1.357001e+01 -4.204998e-03 
 1.357041e+01 -1.134706e-03 
 1.357081e+01  2.621943e-03 
 1.357120e+01  6.739830e-03 
 1.357160e+01  1.102028e-02 
 1.357200e+01  1.516844e-02 
 1.357240e+01  1.893061e-02 
 1.357280e+01  2.202858e-02 
 1.357319e+01  2.422212e-02 
 1.357359e+01  2.541020e-02 
 1.357399e+01  2.551559e-02 
 1.357439e+01  2.457363e-02 
 1.357478e+01  2.262478e-02 
 1.357518e+01  1.987110e-02 
 1.357558e+01  1.658088e-02 
 1.357598e+01  1.304104e-02 
 1.357637e+01  9.514004e-03 
 1.357677e+01  6.246342e-03 
 1.357717e+01  3.461676e-03 
 1.357757e+01  1.322778e-03 
 1.357797e+01 -9.083038e-05 
 1.357836e+01 -7.760284e-04 
 1.357876e+01 -7.272902e-04 
 1.357916e+01  9.523569e-05 
 1.357956e+01  1.582879e-03 
 1.357995e+01  3.602614e-03 
 1.358035e+01  5.937335e-03 
 1.358075e+01  8.298134e-03 
 1.358115e+01  1.039141e-02 
 1.358154e+01  1.195863e-02 
 1.358194e+01  1.289850e-02 
 1.358234e+01  1.309864e-02 
 1.358274e+01  1.263863e-02 
 1.358314e+01  1.165480e-02 
 1.358353e+01  1.030921e-02 
 1.358393e+01  8.636578e-03 
 1.358433e+01  6.673675e-03 
 1.358473e+01  4.546711e-03 
 1.358512e+01  2.451126e-03 
 1.358552e+01  6.263436e-04 
 1.358592e+01 -7.261844e-04 
 1.358632e+01 -1.342753e-03 
 1.358671e+01 -1.064511e-03 
 1.358711e+01  1.814547e-04 
 1.358751e+01  2.355726e-03 
 1.358791e+01  5.276010e-03 
 1.358831e+01  8.741616e-03 
 1.358870e+01  1.244520e-02 
 1.358910e+01  1.610195e-02 
 1.358950e+01  1.943765e-02 
 1.358990e+01  2.212214e-02 
 1.359029e+01  2.392198e-02 
 1.359069e+01  2.462119e-02 
 1.359109e+01  2.412205e-02 
 1.359149e+01  2.252085e-02 
 1.359188e+01  1.984430e-02 
 1.359228e+01  1.622091e-02 
 1.359268e+01  1.185292e-02 
 1.359308e+01  7.032699e-03 
 1.359348e+01  2.014183e-03 
 1.359387e+01 -2.844874e-03 
 1.359427e+01 -7.169391e-03 
 1.359467e+01 -1.070242e-02 
 1.359507e+01 -1.313646e-02 
 1.359546e+01 -1.426731e-02 
 1.359586e+01 -1.404290e-02 
 1.359626e+01 -1.247577e-02 
 1.359666e+01 -9.759712e-03 
 1.359705e+01 -6.163251e-03 
 1.359745e+01 -1.953592e-03 
 1.359785e+01  2.640525e-03 
 1.359825e+01  7.275634e-03 
 1.359865e+01  1.166344e-02 
 1.359904e+01  1.556699e-02 
 1.359944e+01  1.873814e-02 
 1.359984e+01  2.091484e-02 
 1.360024e+01  2.197407e-02 
 1.360063e+01  2.185430e-02 
 1.360103e+01  2.067659e-02 
 1.360143e+01  1.863936e-02 
 1.360183e+01  1.589742e-02 
 1.360222e+01  1.270088e-02 
 1.360262e+01  9.435958e-03 
 1.360302e+01  6.400107e-03 
 1.360342e+01  3.901957e-03 
 1.360382e+01  2.203654e-03 
 1.360421e+01  1.512818e-03 
 1.360461e+01  1.846381e-03 
 1.360501e+01  3.197801e-03 
 1.360541e+01  5.512913e-03 
 1.360580e+01  8.507456e-03 
 1.360620e+01  1.185419e-02 
 1.360660e+01  1.528034e-02 
 1.360700e+01  1.851761e-02 
 1.360739e+01  2.126941e-02 
 1.360779e+01  2.328617e-02 
 1.360819e+01  2.432150e-02 
 1.360859e+01  2.416488e-02 
 1.360899e+01  2.278534e-02 
 1.360938e+01  2.018344e-02 
 1.360978e+01  1.651867e-02 
 1.361018e+01  1.201416e-02 
 1.361058e+01  7.049616e-03 
 1.361097e+01  1.899017e-03 
 1.361137e+01 -3.067342e-03 
 1.361177e+01 -7.437155e-03 
 1.361217e+01 -1.097933e-02 
 1.361256e+01 -1.352965e-02 
 1.361296e+01 -1.488488e-02 
 1.361336e+01 -1.495677e-02 
 1.361376e+01 -1.367587e-02 
 1.361416e+01 -1.100697e-02 
 1.361455e+01 -7.155134e-03 
 1.361495e+01 -2.321029e-03 
 1.361535e+01  3.215214e-03 
 1.361575e+01  9.013579e-03 
 1.361614e+01  1.466353e-02 
 1.361654e+01  1.975880e-02 
 1.361694e+01  2.385680e-02 
 1.361734e+01  2.669939e-02 
 1.361773e+01  2.822867e-02 
 1.361813e+01  2.837760e-02 
 1.361853e+01  2.721748e-02 
 1.361893e+01  2.486261e-02 
 1.361933e+01  2.156217e-02 
 1.361972e+01  1.758322e-02 
 1.362012e+01  1.331199e-02 
 1.362052e+01  9.063959e-03 
 1.362092e+01  5.107748e-03 
 1.362131e+01  1.769889e-03 
 1.362171e+01 -6.880224e-04 
 1.362211e+01 -2.146511e-03 
 1.362251e+01 -2.547651e-03 
 1.362290e+01 -1.874690e-03 
 1.362330e+01 -3.161130e-04 
 1.362370e+01  1.902179e-03 
 1.362410e+01  4.505546e-03 
 1.362450e+01  7.223892e-03 
 1.362489e+01  9.770697e-03 
 1.362529e+01  1.192089e-02 
 1.362569e+01  1.347003e-02 
 1.362609e+01  1.428948e-02 
 1.362648e+01  1.428439e-02 
 1.362688e+01  1.344423e-02 
 1.362728e+01  1.177394e-02 
 1.362768e+01  9.397512e-03 
 1.362807e+01  6.493434e-03 
 1.362847e+01  3.268898e-03 
 1.362887e+01  9.102834e-05 
 1.362927e+01 -2.702422e-03 
 1.362967e+01 -4.915158e-03 
 1.363006e+01 -6.356561e-03 
 1.363046e+01 -6.910191e-03 
 1.363086e+01 -6.563503e-03 
 1.363126e+01 -5.289613e-03 
 1.363165e+01 -3.125375e-03 
 1.363205e+01 -2.132655e-04 
 1.363245e+01  3.252764e-03 
 1.363285e+01  7.007193e-03 
 1.363324e+01  1.075284e-02 
 1.363364e+01  1.419495e-02 
 1.363404e+01  1.716170e-02 
 1.363444e+01  1.940513e-02 
 1.363484e+01  2.079231e-02 
 1.363523e+01  2.128239e-02 
 1.363563e+01  2.086132e-02 
 1.363603e+01  1.950347e-02 
 1.363643e+01  1.728403e-02 
 1.363682e+01  1.434425e-02 
 1.363722e+01  1.084773e-02 
 1.363762e+01  7.153409e-03 
 1.363802e+01  3.508853e-03 
 1.363841e+01  1.518791e-04 
 1.363881e+01 -2.653843e-03 
 1.363921e+01 -4.837384e-03 
 1.363961e+01 -6.285899e-03 
 1.364001e+01 -7.033164e-03 
 1.364040e+01 -7.168875e-03 
 1.364080e+01 -6.794035e-03 
 1.364120e+01 -6.046547e-03 
 1.364160e+01 -5.030551e-03 
 1.364199e+01 -3.878657e-03 
 1.364239e+01 -2.743536e-03 
 1.364279e+01 -1.759077e-03 
 1.364319e+01 -1.028899e-03 
 1.364358e+01 -6.220278e-04 
 1.364398e+01 -5.554960e-04 
 1.364438e+01 -8.167718e-04 
 1.364478e+01 -1.354108e-03 
 1.364518e+01 -2.043499e-03 
 1.364557e+01 -2.815233e-03 
 1.364597e+01 -3.596854e-03 
 1.364637e+01 -4.160443e-03 
 1.364677e+01 -4.384655e-03 
 1.364716e+01 -4.163199e-03 
 1.364756e+01 -3.435031e-03 
 1.364796e+01 -2.176412e-03 
 1.364836e+01 -4.680650e-04 
 1.364875e+01  1.631446e-03 
 1.364915e+01  4.048950e-03 
 1.364955e+01  6.628522e-03 
 1.364995e+01  9.187139e-03 
 1.365035e+01  1.162090e-02 
 1.365074e+01  1.366735e-02 
 1.365114e+01  1.517172e-02 
 1.365154e+01  1.594685e-02 
 1.365194e+01  1.589367e-02 
 1.365233e+01  1.497983e-02 
 1.365273e+01  1.335156e-02 
 1.365313e+01  1.107890e-02 
 1.365353e+01  8.316587e-03 
 1.365392e+01  5.223296e-03 
 1.365432e+01  1.980671e-03 
 1.365472e+01 -1.150553e-03 
 1.365512e+01 -3.985366e-03 
 1.365552e+01 -6.322430e-03 
 1.365591e+01 -7.989762e-03 
 1.365631e+01 -8.840805e-03 
 1.365671e+01 -8.797994e-03 
 1.365711e+01 -7.903454e-03 
 1.365750e+01 -6.240210e-03 
 1.365790e+01 -4.001568e-03 
 1.365830e+01 -1.472376e-03 
 1.365870e+01  1.135263e-03 
 1.365909e+01  3.571206e-03 
 1.365949e+01  5.639155e-03 
 1.365989e+01  7.178412e-03 
 1.366029e+01  8.090532e-03 
 1.366069e+01  8.319562e-03 
 1.366108e+01  7.874357e-03 
 1.366148e+01  6.809351e-03 
 1.366188e+01  5.226285e-03 
 1.366228e+01  3.256445e-03 
 1.366267e+01  1.076630e-03 
 1.366307e+01 -1.046797e-03 
 1.366347e+01 -2.846496e-03 
 1.366387e+01 -4.118029e-03 
 1.366427e+01 -4.689846e-03 
 1.366466e+01 -4.462266e-03 
 1.366506e+01 -3.384132e-03 
 1.366546e+01 -1.419829e-03 
 1.366586e+01  1.295193e-03 
 1.366625e+01  4.513131e-03 
 1.366665e+01  7.981388e-03 
 1.366705e+01  1.135100e-02 
 1.366745e+01  1.439692e-02 
 1.366784e+01  1.679959e-02 
 1.366824e+01  1.832992e-02 
 1.366864e+01  1.880569e-02 
 1.366904e+01  1.812350e-02 
 1.366944e+01  1.627519e-02 
 1.366983e+01  1.334755e-02 
 1.367023e+01  9.536289e-03 
 1.367063e+01  5.094312e-03 
 1.367103e+01  3.613605e-04 
 1.367142e+01 -4.322953e-03 
 1.367182e+01 -8.661278e-03 
 1.367222e+01 -1.233044e-02 
 1.367262e+01 -1.512105e-02 
 1.367301e+01 -1.682053e-02 
 1.367341e+01 -1.737400e-02 
 1.367381e+01 -1.667543e-02 
 1.367421e+01 -1.479896e-02 
 1.367461e+01 -1.188571e-02 
 1.367500e+01 -8.119515e-03 
 1.367540e+01 -3.807808e-03 
 1.367580e+01  7.230132e-04 
 1.367620e+01  5.191038e-03 
 1.367659e+01  9.342085e-03 
 1.367699e+01  1.291072e-02 
 1.367739e+01  1.567358e-02 
 1.367779e+01  1.743807e-02 
 1.367818e+01  1.816652e-02 
 1.367858e+01  1.785003e-02 
 1.367898e+01  1.649515e-02 
 1.367938e+01  1.423979e-02 
 1.367978e+01  1.131751e-02 
 1.368017e+01  7.965428e-03 
 1.368057e+01  4.570927e-03 
 1.368097e+01  1.468486e-03 
 1.368137e+01 -1.049447e-03 
 1.368176e+01 -2.779078e-03 
 1.368216e+01 -3.601664e-03 
 1.368256e+01 -3.396680e-03 
 1.368296e+01 -2.181974e-03 
 1.368335e+01 -3.794574e-05 
 1.368375e+01  2.873010e-03 
 1.368415e+01  6.272740e-03 
 1.368455e+01  9.902251e-03 
 1.368495e+01  1.331932e-02 
 1.368534e+01  1.623405e-02 
 1.368574e+01  1.828373e-02 
 1.368614e+01  1.917015e-02 
 1.368654e+01  1.884495e-02 
 1.368693e+01  1.730873e-02 
 1.368733e+01  1.466007e-02 
 1.368773e+01  1.116636e-02 
 1.368813e+01  7.051800e-03 
 1.368852e+01  2.602221e-03 
 1.368892e+01 -1.812020e-03 
 1.368932e+01 -5.825136e-03 
 1.368972e+01 -9.140089e-03 
 1.369012e+01 -1.147527e-02 
 1.369051e+01 -1.263882e-02 
 1.369091e+01 -1.253096e-02 
 1.369131e+01 -1.112805e-02 
 1.369171e+01 -8.535258e-03 
 1.369210e+01 -4.875150e-03 
 1.369250e+01 -3.901992e-04 
 1.369290e+01  4.641779e-03 
 1.369330e+01  9.833290e-03 
 1.369369e+01  1.484296e-02 
 1.369409e+01  1.927473e-02 
 1.369449e+01  2.288762e-02 
 1.369489e+01  2.541892e-02 
 1.369529e+01  2.670954e-02 
 1.369568e+01  2.675797e-02 
 1.369608e+01  2.561315e-02 
 1.369648e+01  2.347496e-02 
 1.369688e+01  2.045901e-02 
 1.369727e+01  1.682480e-02 
 1.369767e+01  1.275948e-02 
 1.369807e+01  8.571969e-03 
 1.369847e+01  4.653354e-03 
 1.369886e+01  1.319761e-03 
 1.369926e+01 -1.150196e-03 
 1.369966e+01 -2.633018e-03 
 1.370006e+01 -3.020873e-03 
 1.370046e+01 -2.324799e-03 
 1.370085e+01 -6.977355e-04 
 1.370125e+01  1.629628e-03 
 1.370165e+01  4.483929e-03 
 1.370205e+01  7.603155e-03 
 1.370244e+01  1.075505e-02 
 1.370284e+01  1.370679e-02 
 1.370324e+01  1.619425e-02 
 1.370364e+01  1.803132e-02 
 1.370403e+01  1.902545e-02 
 1.370443e+01  1.917421e-02 
 1.370483e+01  1.843786e-02 
 1.370523e+01  1.694855e-02 
 1.370563e+01  1.488866e-02 
 1.370602e+01  1.239231e-02 
 1.370642e+01  9.696900e-03 
 1.370682e+01  7.065336e-03 
 1.370722e+01  4.737099e-03 
 1.370761e+01  2.949930e-03 
 1.370801e+01  1.961577e-03 
 1.370841e+01  1.917333e-03 
 1.370881e+01  2.979309e-03 
 1.370920e+01  5.193909e-03 
 1.370960e+01  8.426554e-03 
 1.371000e+01  1.245545e-02 
 1.371040e+01  1.694365e-02 
 1.371080e+01  2.156461e-02 
 1.371119e+01  2.601437e-02 
 1.371159e+01  2.997661e-02 
 1.371199e+01  3.318202e-02 
 1.371239e+01  3.536738e-02 
 1.371278e+01  3.637201e-02 
 1.371318e+01  3.606141e-02 
 1.371358e+01  3.435618e-02 
 1.371398e+01  3.125580e-02 
 1.371437e+01  2.696067e-02 
 1.371477e+01  2.178803e-02 
 1.371517e+01  1.613917e-02 
 1.371557e+01  1.046659e-02 
 1.371597e+01  5.142774e-03 
 1.371636e+01  4.858220e-04 
 1.371676e+01 -3.248962e-03 
 1.371716e+01 -5.906178e-03 
 1.371756e+01 -7.380278e-03 
 1.371795e+01 -7.602018e-03 
 1.371835e+01 -6.578671e-03 
 1.371875e+01 -4.452787e-03 
 1.371915e+01 -1.442058e-03 
 1.371954e+01  2.143886e-03 
 1.371994e+01  5.898593e-03 
 1.372034e+01  9.476173e-03 
 1.372074e+01  1.259494e-02 
 1.372114e+01  1.500298e-02 
 1.372153e+01  1.656960e-02 
 1.372193e+01  1.721666e-02 
 1.372233e+01  1.695456e-02 
 1.372273e+01  1.586721e-02 
 1.372312e+01  1.399932e-02 
 1.372352e+01  1.156924e-02 
 1.372392e+01  8.795886e-03 
 1.372432e+01  5.995297e-03 
 1.372471e+01  3.395314e-03 
 1.372511e+01  1.313778e-03 
 1.372551e+01 -7.173410e-05 
 1.372591e+01 -6.945605e-04 
 1.372631e+01 -4.373430e-04 
 1.372670e+01  6.725416e-04 
 1.372710e+01  2.612041e-03 
 1.372750e+01  5.252480e-03 
 1.372790e+01  8.395394e-03 
 1.372829e+01  1.170091e-02 
 1.372869e+01  1.481735e-02 
 1.372909e+01  1.744327e-02 
 1.372949e+01  1.925788e-02 
 1.372988e+01  2.005196e-02 
 1.373028e+01  1.972143e-02 
 1.373068e+01  1.828777e-02 
 1.373108e+01  1.584621e-02 
 1.373148e+01  1.257135e-02 
 1.373187e+01  8.641482e-03 
 1.373227e+01  4.316493e-03 
 1.373267e+01 -1.664438e-04 
 1.373307e+01 -4.473070e-03 
 1.373346e+01 -8.284405e-03 
 1.373386e+01 -1.139395e-02 
 1.373426e+01 -1.362517e-02 
 1.373466e+01 -1.481780e-02 
 1.373505e+01 -1.500313e-02 
 1.373545e+01 -1.420395e-02 
 1.373585e+01 -1.256981e-02 
 1.373625e+01 -1.028890e-02 
 1.373665e+01 -7.506699e-03 
 1.373704e+01 -4.451207e-03 
 1.373744e+01 -1.370015e-03 
 1.373784e+01  1.517700e-03 
 1.373824e+01  4.001709e-03 
 1.373863e+01  5.953117e-03 
 1.373903e+01  7.265076e-03 
 1.373943e+01  7.898084e-03 
 1.373983e+01  7.901342e-03 
 1.374022e+01  7.390702e-03 
 1.374062e+01  6.526951e-03 
 1.374102e+01  5.396225e-03 
 1.374142e+01  4.172457e-03 
 1.374182e+01  2.972645e-03 
 1.374221e+01  1.929166e-03 
 1.374261e+01  1.151400e-03 
 1.374301e+01  7.251763e-04 
 1.374341e+01  7.036963e-04 
 1.374380e+01  1.052601e-03 
 1.374420e+01  1.784025e-03 
 1.374460e+01  2.772173e-03 
 1.374500e+01  3.870263e-03 
 1.374539e+01  4.875110e-03 
 1.374579e+01  5.619328e-03 
 1.374619e+01  5.989017e-03 
 1.374659e+01  5.808962e-03 
 1.374699e+01  5.078300e-03 
 1.374738e+01  3.752415e-03 
 1.374778e+01  1.865164e-03 
 1.374818e+01 -4.820628e-04 
 1.374858e+01 -3.172062e-03 
 1.374897e+01 -6.086921e-03 
 1.374937e+01 -9.004615e-03 
 1.374977e+01 -1.172706e-02 
 1.375017e+01 -1.401801e-02 
 1.375056e+01 -1.569986e-02 
 1.375096e+01 -1.653429e-02 
 1.375136e+01 -1.644466e-02 
 1.375176e+01 -1.543201e-02 
 1.375216e+01 -1.359344e-02 
 1.375255e+01 -1.111562e-02 
 1.375295e+01 -8.173129e-03 
 1.375335e+01 -4.914467e-03 
 1.375375e+01 -1.595027e-03 
 1.375414e+01  1.605862e-03 
 1.375454e+01  4.503802e-03 
 1.375494e+01  6.869023e-03 
 1.375534e+01  8.544766e-03 
 1.375573e+01  9.452978e-03 
 1.375613e+01  9.471009e-03 
 1.375653e+01  8.662728e-03 
 1.375693e+01  7.292459e-03 
 1.375733e+01  5.491816e-03 
 1.375772e+01  3.486404e-03 
 1.375812e+01  1.434087e-03 
 1.375852e+01 -5.188996e-04 
 1.375892e+01 -2.186509e-03 
 1.375931e+01 -3.425012e-03 
 1.375971e+01 -4.089027e-03 
 1.376011e+01 -4.075500e-03 
 1.376051e+01 -3.341607e-03 
 1.376091e+01 -1.861225e-03 
 1.376130e+01  1.917375e-04 
 1.376170e+01  2.562714e-03 
 1.376210e+01  5.029628e-03 
 1.376250e+01  7.282507e-03 
 1.376289e+01  9.118975e-03 
 1.376329e+01  1.034507e-02 
 1.376369e+01  1.085897e-02 
 1.376409e+01  1.059948e-02 
 1.376448e+01  9.495157e-03 
 1.376488e+01  7.673181e-03 
 1.376528e+01  5.175778e-03 
 1.376568e+01  2.141147e-03 
 1.376608e+01 -1.186123e-03 
 1.376647e+01 -4.532174e-03 
 1.376687e+01 -7.625903e-03 
 1.376727e+01 -1.020750e-02 
 1.376767e+01 -1.207947e-02 
 1.376806e+01 -1.309685e-02 
 1.376846e+01 -1.312526e-02 
 1.376886e+01 -1.215249e-02 
 1.376926e+01 -1.011602e-02 
 1.376965e+01 -7.042623e-03 
 1.377005e+01 -3.080279e-03 
 1.377045e+01  1.545720e-03 
 1.377085e+01  6.463417e-03 
 1.377125e+01  1.127325e-02 
 1.377164e+01  1.561856e-02 
 1.377204e+01  1.924419e-02 
 1.377244e+01  2.190334e-02 
 1.377284e+01  2.348755e-02 
 1.377323e+01  2.393060e-02 
 1.377363e+01  2.316868e-02 
 1.377403e+01  2.111639e-02 
 1.377443e+01  1.792029e-02 
 1.377482e+01  1.369542e-02 
 1.377522e+01  8.808533e-03 
 1.377562e+01  3.605520e-03 
 1.377602e+01 -1.469944e-03 
 1.377642e+01 -5.988432e-03 
 1.377681e+01 -9.651639e-03 
 1.377721e+01 -1.218149e-02 
 1.377761e+01 -1.341532e-02 
 1.377801e+01 -1.334074e-02 
 1.377840e+01 -1.189866e-02 
 1.377880e+01 -9.208753e-03 
 1.377920e+01 -5.388344e-03 
 1.377960e+01 -8.523131e-04 
 1.377999e+01  3.911667e-03 
 1.378039e+01  8.512482e-03 
 1.378079e+01  1.249307e-02 
 1.378119e+01  1.561442e-02 
 1.378159e+01  1.770093e-02 
 1.378198e+01  1.861234e-02 
 1.378238e+01  1.839052e-02 
 1.378278e+01  1.703464e-02 
 1.378318e+01  1.470848e-02 
 1.378357e+01  1.158806e-02 
 1.378397e+01  7.972895e-03 
 1.378437e+01  4.278904e-03 
 1.378477e+01  9.561055e-04 
 1.378516e+01 -1.622835e-03 
 1.378556e+01 -3.194365e-03 
 1.378596e+01 -3.552255e-03 
 1.378636e+01 -2.742378e-03 
 1.378676e+01 -7.725903e-04 
 1.378715e+01  2.234406e-03 
 1.378755e+01  6.151054e-03 
 1.378795e+01  1.070997e-02 
 1.378835e+01  1.565586e-02 
 1.378874e+01  2.061658e-02 
 1.378914e+01  2.523032e-02 
 1.378954e+01  2.908177e-02 
 1.378994e+01  3.187524e-02 
 1.379033e+01  3.337871e-02 
 1.379073e+01  3.339030e-02 
 1.379113e+01  3.191341e-02 
 1.379153e+01  2.909357e-02 
 1.379193e+01  2.512189e-02 
 1.379232e+01  2.031500e-02 
 1.379272e+01  1.502050e-02 
 1.379312e+01  9.628603e-03 
 1.379352e+01  4.483480e-03 
 1.379391e+01 -4.553911e-07 
 1.379431e+01 -3.555773e-03 
 1.379471e+01 -6.011087e-03 
 1.379511e+01 -7.201976e-03 
 1.379550e+01 -7.042913e-03 
 1.379590e+01 -5.644259e-03 
 1.379630e+01 -3.056421e-03 
 1.379670e+01  5.099606e-04 
 1.379710e+01  4.791386e-03 
 1.379749e+01  9.480835e-03 
 1.379789e+01  1.416589e-02 
 1.379829e+01  1.843449e-02 
 1.379869e+01  2.194551e-02 
 1.379908e+01  2.448480e-02 
 1.379948e+01  2.591329e-02 
 1.379988e+01  2.626557e-02 
 1.380028e+01  2.563103e-02 
 1.380067e+01  2.411865e-02 
 1.380107e+01  2.193768e-02 
 1.380147e+01  1.927735e-02 
 1.380187e+01  1.631373e-02 
 1.380227e+01  1.325422e-02 
 1.380266e+01  1.038537e-02 
 1.380306e+01  7.950611e-03 
 1.380346e+01  6.142189e-03 
 1.380386e+01  5.141388e-03 
 1.380425e+01  4.986121e-03 
 1.380465e+01  5.705731e-03 
 1.380505e+01  7.277652e-03 
 1.380545e+01  9.507670e-03 
 1.380584e+01  1.214393e-02 
 1.380624e+01  1.493488e-02 
 1.380664e+01  1.762397e-02 
 1.380704e+01  1.985542e-02 
 1.380744e+01  2.137064e-02 
 1.380783e+01  2.196861e-02 
 1.380823e+01  2.151926e-02 
 1.380863e+01  2.002754e-02 
 1.380903e+01  1.769513e-02 
 1.380942e+01  1.463715e-02 
 1.380982e+01  1.100075e-02 
 1.381022e+01  7.071069e-03 
 1.381062e+01  3.020205e-03 
 1.381101e+01 -8.271624e-04 
 1.381141e+01 -4.137393e-03 
 1.381181e+01 -6.707254e-03 
 1.381221e+01 -8.274497e-03 
 1.381261e+01 -8.659029e-03 
 1.381300e+01 -7.721768e-03 
 1.381340e+01 -5.604035e-03 
 1.381380e+01 -2.436941e-03 
 1.381420e+01  1.482118e-03 
 1.381459e+01  5.770102e-03 
 1.381499e+01  1.021089e-02 
 1.381539e+01  1.451272e-02 
 1.381579e+01  1.836574e-02 
 1.381618e+01  2.157409e-02 
 1.381658e+01  2.392616e-02 
 1.381698e+01  2.528316e-02 
 1.381738e+01  2.561801e-02 
 1.381778e+01  2.490552e-02 
 1.381817e+01  2.313090e-02 
 1.381857e+01  2.042712e-02 
 1.381897e+01  1.706399e-02 
 1.381937e+01  1.325543e-02 
 1.381976e+01  9.283467e-03 
 1.382016e+01  5.485949e-03 
 1.382056e+01  2.143501e-03 
 1.382096e+01 -5.079137e-04 
 1.382135e+01 -2.272836e-03 
 1.382175e+01 -3.132466e-03 
 1.382215e+01 -3.192055e-03 
 1.382255e+01 -2.582319e-03 
 1.382295e+01 -1.507159e-03 
 1.382334e+01 -1.127996e-04 
 1.382374e+01  1.407247e-03 
 1.382414e+01  2.922820e-03 
 1.382454e+01  4.224497e-03 
 1.382493e+01  5.150578e-03 
 1.382533e+01  5.568610e-03 
 1.382573e+01  5.308659e-03 
 1.382613e+01  4.265055e-03 
 1.382652e+01  2.532906e-03 
 1.382692e+01  1.854804e-04 
 1.382732e+01 -2.504779e-03 
 1.382772e+01 -5.323067e-03 
 1.382812e+01 -8.004167e-03 
 1.382851e+01 -1.029767e-02 
 1.382891e+01 -1.198964e-02 
 1.382931e+01 -1.292202e-02 
 1.382971e+01 -1.302038e-02 
 1.383010e+01 -1.220295e-02 
 1.383050e+01 -1.056973e-02 
 1.383090e+01 -8.208030e-03 
 1.383130e+01 -5.218046e-03 
 1.383169e+01 -1.780305e-03 
 1.383209e+01  1.856894e-03 
 1.383249e+01  5.466176e-03 
 1.383289e+01  8.873595e-03 
 1.383329e+01  1.178706e-02 
 1.383368e+01  1.408891e-02 
 1.383408e+01  1.554428e-02 
 1.383448e+01  1.600470e-02 
 1.383488e+01  1.548079e-02 
 1.383527e+01  1.404714e-02 
 1.383567e+01  1.186669e-02 
 1.383607e+01  9.185373e-03 
 1.383647e+01  6.224815e-03 
 1.383686e+01  3.206007e-03 
 1.383726e+01  3.601395e-04 
 1.383766e+01 -2.140177e-03 
 1.383806e+01 -4.165535e-03 
 1.383846e+01 -5.650146e-03 
 1.383885e+01 -6.480034e-03 
 1.383925e+01 -6.588529e-03 
 1.383965e+01 -5.985345e-03 
 1.384005e+01 -4.730814e-03 
 1.384044e+01 -3.019521e-03 
 1.384084e+01 -1.077342e-03 
 1.384124e+01  9.300232e-04 
 1.384164e+01  2.709022e-03 
 1.384203e+01  4.047798e-03 
 1.384243e+01  4.842219e-03 
 1.384283e+01  4.979977e-03 
 1.384323e+01  4.506959e-03 
 1.384363e+01  3.494199e-03 
 1.384402e+01  2.111022e-03 
 1.384442e+01  5.644988e-04 
 1.384482e+01 -9.561462e-04 
 1.384522e+01 -2.165867e-03 
 1.384561e+01 -2.951988e-03 
 1.384601e+01 -3.178329e-03 
 1.384641e+01 -2.802269e-03 
 1.384681e+01 -1.821916e-03 
 1.384720e+01 -3.131993e-04 
 1.384760e+01  1.735455e-03 
 1.384800e+01  4.192991e-03 
 1.384840e+01  6.935424e-03 
 1.384880e+01  9.818497e-03 
 1.384919e+01  1.255106e-02 
 1.384959e+01  1.483186e-02 
 1.384999e+01  1.632293e-02 
 1.385039e+01  1.686798e-02 
 1.385078e+01  1.639806e-02 
 1.385118e+01  1.498743e-02 
 1.385158e+01  1.274765e-02 
 1.385198e+01  9.856183e-03 
 1.385238e+01  6.578138e-03 
 1.385277e+01  3.054180e-03 
 1.385317e+01 -5.161602e-04 
 1.385357e+01 -3.881052e-03 
 1.385397e+01 -6.903077e-03 
 1.385436e+01 -9.384619e-03 
 1.385476e+01 -1.109422e-02 
 1.385516e+01 -1.187186e-02 
 1.385556e+01 -1.168371e-02 
 1.385595e+01 -1.054770e-02 
 1.385635e+01 -8.563608e-03 
 1.385675e+01 -5.906125e-03 
 1.385715e+01 -2.781900e-03 
 1.385755e+01  5.092651e-04 
 1.385794e+01  3.637696e-03 
 1.385834e+01  6.378153e-03 
 1.385874e+01  8.506743e-03 
 1.385914e+01  9.878608e-03 
 1.385953e+01  1.041219e-02 
 1.385993e+01  1.012469e-02 
 1.386033e+01  9.066808e-03 
 1.386073e+01  7.394360e-03 
 1.386112e+01  5.276693e-03 
 1.386152e+01  2.997699e-03 
 1.386192e+01  7.239945e-04 
 1.386232e+01 -1.327888e-03 
 1.386272e+01 -2.923793e-03 
 1.386311e+01 -3.884898e-03 
 1.386351e+01 -4.027463e-03 
 1.386391e+01 -3.278245e-03 
 1.386431e+01 -1.597307e-03 
 1.386470e+01  9.878483e-04 
 1.386510e+01  4.308992e-03 
 1.386550e+01  8.053835e-03 
 1.386590e+01  1.192978e-02 
 1.386629e+01  1.556154e-02 
 1.386669e+01  1.869497e-02 
 1.386709e+01  2.116261e-02 
 1.386749e+01  2.280810e-02 
 1.386789e+01  2.346017e-02 
 1.386828e+01  2.303283e-02 
 1.386868e+01  2.143711e-02 
 1.386908e+01  1.869990e-02 
 1.386948e+01  1.496243e-02 
 1.386987e+01  1.045556e-02 
 1.387027e+01  5.457625e-03 
 1.387067e+01  2.282623e-04 
 1.387107e+01 -4.771812e-03 
 1.387146e+01 -9.202806e-03 
 1.387186e+01 -1.282705e-02 
 1.387226e+01 -1.532735e-02 
 1.387266e+01 -1.653396e-02 
 1.387306e+01 -1.634284e-02 
 1.387345e+01 -1.477112e-02 
 1.387385e+01 -1.192916e-02 
 1.387425e+01 -8.056309e-03 
 1.387465e+01 -3.444775e-03 
 1.387504e+01  1.540496e-03 
 1.387544e+01  6.512108e-03 
 1.387584e+01  1.122650e-02 
 1.387624e+01  1.531922e-02 
 1.387663e+01  1.848001e-02 
 1.387703e+01  2.050210e-02 
 1.387743e+01  2.125143e-02 
 1.387783e+01  2.059922e-02 
 1.387823e+01  1.860007e-02 
 1.387862e+01  1.543723e-02 
 1.387902e+01  1.142204e-02 
 1.387942e+01  6.929280e-03 
 1.387982e+01  2.399186e-03 
 1.388021e+01 -1.791079e-03 
 1.388061e+01 -5.223936e-03 
 1.388101e+01 -7.689532e-03 
 1.388141e+01 -8.969624e-03 
 1.388180e+01 -9.026963e-03 
 1.388220e+01 -7.812542e-03 
 1.388260e+01 -5.435394e-03 
 1.388300e+01 -2.091624e-03 
 1.388340e+01  1.974842e-03 
 1.388379e+01  6.455223e-03 
 1.388419e+01  1.088819e-02 
 1.388459e+01  1.487185e-02 
 1.388499e+01  1.817041e-02 
 1.388538e+01  2.045282e-02 
 1.388578e+01  2.154516e-02 
 1.388618e+01  2.136763e-02 
 1.388658e+01  1.990997e-02 
 1.388697e+01  1.729466e-02 
 1.388737e+01  1.377602e-02 
 1.388777e+01  9.552652e-03 
 1.388817e+01  4.985146e-03 
 1.388857e+01  4.349923e-04 
 1.388896e+01 -3.740026e-03 
 1.388936e+01 -7.186698e-03 
 1.388976e+01 -9.589374e-03 
 1.389016e+01 -1.069588e-02 
 1.389055e+01 -1.043032e-02 
 1.389095e+01 -8.749059e-03 
 1.389135e+01 -5.738531e-03 
 1.389175e+01 -1.593849e-03 
 1.389214e+01  3.413874e-03 
 1.389254e+01  8.825977e-03 
 1.389294e+01  1.427000e-02 
 1.389334e+01  1.942085e-02 
 1.389374e+01  2.388768e-02 
 1.389413e+01  2.735214e-02 
 1.389453e+01  2.964483e-02 
 1.389493e+01  3.067628e-02 
 1.389533e+01  3.036751e-02 
 1.389572e+01  2.876750e-02 
 1.389612e+01  2.609204e-02 
 1.389652e+01  2.257230e-02 
 1.389692e+01  1.844315e-02 
 1.389731e+01  1.402698e-02 
 1.389771e+01  9.596556e-03 
 1.389811e+01  5.474074e-03 
 1.389851e+01  1.925936e-03 
 1.389891e+01 -8.505655e-04 
 1.389930e+01 -2.620338e-03 
 1.389970e+01 -3.281471e-03 
 1.390010e+01 -2.873110e-03 
 1.390050e+01 -1.422569e-03 
 1.390089e+01  8.956731e-04 
 1.390129e+01  3.855661e-03 
 1.390169e+01  7.071221e-03 
 1.390209e+01  1.018638e-02 
 1.390248e+01  1.295491e-02 
 1.390288e+01  1.507712e-02 
 1.390328e+01  1.634263e-02 
 1.390368e+01  1.667535e-02 
 1.390408e+01  1.604317e-02 
 1.390447e+01  1.452052e-02 
 1.390487e+01  1.221221e-02 
 1.390527e+01  9.280728e-03 
 1.390567e+01  5.935508e-03 
 1.390606e+01  2.568642e-03 
 1.390646e+01 -5.339495e-04 
 1.390686e+01 -3.015518e-03 
 1.390726e+01 -4.631801e-03 
 1.390765e+01 -5.168415e-03 
 1.390805e+01 -4.599517e-03 
 1.390845e+01 -2.903037e-03 
 1.390885e+01 -2.215249e-04 
 1.390925e+01  3.224431e-03 
 1.390964e+01  7.215517e-03 
 1.391004e+01  1.142426e-02 
 1.391044e+01  1.552926e-02 
 1.391084e+01  1.922425e-02 
 1.391123e+01  2.220695e-02 
 1.391163e+01  2.420394e-02 
 1.391203e+01  2.507996e-02 
 1.391243e+01  2.482422e-02 
 1.391282e+01  2.346987e-02 
 1.391322e+01  2.113714e-02 
 1.391362e+01  1.808977e-02 
 1.391402e+01  1.450932e-02 
 1.391442e+01  1.059896e-02 
 1.391481e+01  6.603261e-03 
 1.391521e+01  2.850622e-03 
 1.391561e+01 -3.918989e-04 
 1.391601e+01 -2.886727e-03 
 1.391640e+01 -4.534796e-03 
 1.391680e+01 -5.261904e-03 
 1.391720e+01 -5.058310e-03 
 1.391760e+01 -4.078620e-03 
 1.391799e+01 -2.437989e-03 
 1.391839e+01 -2.616519e-04 
 1.391879e+01  2.271729e-03 
 1.391919e+01  4.902891e-03 
 1.391959e+01  7.437756e-03 
 1.391998e+01  9.680681e-03 
 1.392038e+01  1.139808e-02 
 1.392078e+01  1.243249e-02 
 1.392118e+01  1.278617e-02 
 1.392157e+01  1.254414e-02 
 1.392197e+01  1.175717e-02 
 1.392237e+01  1.056517e-02 
 1.392277e+01  9.082441e-03 
 1.392316e+01  7.453095e-03 
 1.392356e+01  5.785460e-03 
 1.392396e+01  4.238697e-03 
 1.392436e+01  2.979749e-03 
 1.392476e+01  2.271032e-03 
 1.392515e+01  2.203243e-03 
 1.392555e+01  2.833180e-03 
 1.392595e+01  4.156885e-03 
 1.392635e+01  6.061062e-03 
 1.392674e+01  8.255988e-03 
 1.392714e+01  1.058779e-02 
 1.392754e+01  1.285334e-02 
 1.392794e+01  1.489502e-02 
 1.392833e+01  1.662928e-02 
 1.392873e+01  1.788639e-02 
 1.392913e+01  1.850380e-02 
 1.392953e+01  1.835484e-02 
 1.392993e+01  1.732454e-02 
 1.393032e+01  1.540475e-02 
 1.393072e+01  1.271018e-02 
 1.393112e+01  9.496854e-03 
 1.393152e+01  6.039344e-03 
 1.393191e+01  2.573814e-03 
 1.393231e+01 -6.864993e-04 
 1.393271e+01 -3.608745e-03 
 1.393311e+01 -5.995824e-03 
 1.393350e+01 -7.744898e-03 
 1.393390e+01 -8.706405e-03 
 1.393430e+01 -8.817482e-03 
 1.393470e+01 -8.046393e-03 
 1.393510e+01 -6.483601e-03 
 1.393549e+01 -4.350567e-03 
 1.393589e+01 -1.828062e-03 
 1.393629e+01  8.155133e-04 
 1.393669e+01  3.325154e-03 
 1.393708e+01  5.617078e-03 
 1.393748e+01  7.593180e-03 
 1.393788e+01  9.149255e-03 
 1.393828e+01  1.013586e-02 
 1.393867e+01  1.048089e-02 
 1.393907e+01  1.024487e-02 
 1.393947e+01  9.479488e-03 
 1.393987e+01  8.357778e-03 
 1.394027e+01  7.040905e-03 
 1.394066e+01  5.787240e-03 
 1.394106e+01  4.801788e-03 
 1.394146e+01  4.192496e-03 
 1.394186e+01  4.077190e-03 
 1.394225e+01  4.621710e-03 
 1.394265e+01  5.695759e-03 
 1.394305e+01  7.233600e-03 
 1.394345e+01  9.145689e-03 
 1.394385e+01  1.124179e-02 
 1.394424e+01  1.330174e-02 
 1.394464e+01  1.515042e-02 
 1.394504e+01  1.655786e-02 
 1.394544e+01  1.732567e-02 
 1.394583e+01  1.732220e-02 
 1.394623e+01  1.648848e-02 
 1.394663e+01  1.485187e-02 
 1.394703e+01  1.250275e-02 
 1.394742e+01  9.571728e-03 
 1.394782e+01  6.178423e-03 
 1.394822e+01  2.581471e-03 
 1.394862e+01 -9.777005e-04 
 1.394902e+01 -4.368213e-03 
 1.394941e+01 -7.263935e-03 
 1.394981e+01 -9.501875e-03 
 1.395021e+01 -1.095219e-02 
 1.395061e+01 -1.151719e-02 
 1.395100e+01 -1.118153e-02 
 1.395140e+01 -1.000014e-02 
 1.395180e+01 -8.073647e-03 
 1.395220e+01 -5.505105e-03 
 1.395259e+01 -2.526791e-03 
 1.395299e+01  6.122103e-04 
 1.395339e+01  3.653294e-03 
 1.395379e+01  6.314585e-03 
 1.395419e+01  8.270687e-03 
 1.395458e+01  9.324155e-03 
 1.395498e+01  9.352465e-03 
 1.395538e+01  8.351172e-03 
 1.395578e+01  6.484007e-03 
 1.395617e+01  3.938129e-03 
 1.395657e+01  9.516591e-04 
 1.395697e+01 -2.218372e-03 
 1.395737e+01 -5.279516e-03 
 1.395776e+01 -8.000658e-03 
 1.395816e+01 -1.014348e-02 
 1.395856e+01 -1.142879e-02 
 1.395896e+01 -1.181564e-02 
 1.395936e+01 -1.116453e-02 
 1.395975e+01 -9.491479e-03 
 1.396015e+01 -6.941807e-03 
 1.396055e+01 -3.772060e-03 
 1.396095e+01 -1.834145e-04 
 1.396134e+01  3.470289e-03 
 1.396174e+01  6.840473e-03 
 1.396214e+01  9.699061e-03 
 1.396254e+01  1.177164e-02 
 1.396293e+01  1.289041e-02 
 1.396333e+01  1.289945e-02 
 1.396373e+01  1.175917e-02 
 1.396413e+01  9.497337e-03 
 1.396453e+01  6.398143e-03 
 1.396492e+01  2.628106e-03 
 1.396532e+01 -1.612128e-03 
 1.396572e+01 -5.964180e-03 
 1.396612e+01 -1.015477e-02 
 1.396651e+01 -1.394062e-02 
 1.396691e+01 -1.692745e-02 
 1.396731e+01 -1.880904e-02 
 1.396771e+01 -1.941758e-02 
 1.396810e+01 -1.865615e-02 
 1.396850e+01 -1.648539e-02 
 1.396890e+01 -1.305607e-02 
 1.396930e+01 -8.602092e-03 
 1.396970e+01 -3.399111e-03 
 1.397009e+01  2.188625e-03 
 1.397049e+01  7.749629e-03 
 1.397089e+01  1.293058e-02 
 1.397129e+01  1.728513e-02 
 1.397168e+01  2.049658e-02 
 1.397208e+01  2.232469e-02 
 1.397248e+01  2.256608e-02 
 1.397288e+01  2.121167e-02 
 1.397327e+01  1.840697e-02 
 1.397367e+01  1.442945e-02 
 1.397407e+01  9.635134e-03 
 1.397447e+01  4.396371e-03 
 1.397487e+01 -8.997010e-04 
 1.397526e+01 -5.868403e-03 
 1.397566e+01 -1.019311e-02 
 1.397606e+01 -1.345970e-02 
 1.397646e+01 -1.541135e-02 
 1.397685e+01 -1.593889e-02 
 1.397725e+01 -1.496982e-02 
 1.397765e+01 -1.269468e-02 
 1.397805e+01 -9.293400e-03 
 1.397844e+01 -5.104176e-03 
 1.397884e+01 -4.518490e-04 
 1.397924e+01  4.290926e-03 
 1.397964e+01  8.829809e-03 
 1.398004e+01  1.287793e-02 
 1.398043e+01  1.617092e-02 
 1.398083e+01  1.852890e-02 
 1.398123e+01  1.967875e-02 
 1.398163e+01  1.945581e-02 
 1.398202e+01  1.794663e-02 
 1.398242e+01  1.529262e-02 
 1.398282e+01  1.177294e-02 
 1.398322e+01  7.792176e-03 
 1.398361e+01  3.702841e-03 
 1.398401e+01 -2.361264e-04 
 1.398441e+01 -3.614867e-03 
 1.398481e+01 -6.135124e-03 
 1.398521e+01 -7.578578e-03 
 1.398560e+01 -7.769867e-03 
 1.398600e+01 -6.668938e-03 
 1.398640e+01 -4.212268e-03 
 1.398680e+01 -6.061437e-04 
 1.398719e+01  3.912120e-03 
 1.398759e+01  8.957390e-03 
 1.398799e+01  1.417846e-02 
 1.398839e+01  1.919793e-02 
 1.398878e+01  2.364783e-02 
 1.398918e+01  2.726573e-02 
 1.398958e+01  2.979125e-02 
 1.398998e+01  3.102968e-02 
 1.399038e+01  3.087338e-02 
 1.399077e+01  2.939049e-02 
 1.399117e+01  2.671163e-02 
 1.399157e+01  2.304075e-02 
 1.399197e+01  1.866775e-02 
 1.399236e+01  1.392389e-02 
 1.399276e+01  9.128560e-03 
 1.399316e+01  4.540357e-03 
 1.399356e+01  4.837136e-04 
 1.399395e+01 -2.726853e-03 
 1.399435e+01 -4.860961e-03 
 1.399475e+01 -5.758156e-03 
 1.399515e+01 -5.345080e-03 
 1.399555e+01 -3.606446e-03 
 1.399594e+01 -6.803183e-04 
 1.399634e+01  3.190598e-03 
 1.399674e+01  7.610122e-03 
 1.399714e+01  1.228030e-02 
 1.399753e+01  1.675612e-02 
 1.399793e+01  2.076303e-02 
 1.399833e+01  2.407250e-02 
 1.399873e+01  2.649503e-02 
 1.399912e+01  2.779405e-02 
 1.399952e+01  2.788716e-02 
 1.399992e+01  2.681807e-02 
 1.400032e+01  2.464443e-02 
 1.400072e+01  2.164252e-02 
 1.400111e+01  1.810738e-02 
 1.400151e+01  1.437167e-02 
 1.400191e+01  1.080847e-02 
 1.400231e+01  7.775321e-03 
 1.400270e+01  5.534761e-03 
 1.400310e+01  4.267366e-03 
 1.400350e+01  4.026417e-03 
 1.400390e+01  4.808384e-03 
 1.400429e+01  6.512287e-03 
 1.400469e+01  8.934951e-03 
 1.400509e+01  1.178614e-02 
 1.400549e+01  1.480425e-02 
 1.400589e+01  1.763694e-02 
 1.400628e+01  1.999950e-02 
 1.400668e+01  2.168729e-02 
 1.400708e+01  2.259694e-02 
 1.400748e+01  2.262376e-02 
 1.400787e+01  2.176268e-02 
 1.400827e+01  2.008440e-02 
 1.400867e+01  1.774137e-02 
 1.400907e+01  1.483913e-02 
 1.400946e+01  1.150794e-02 
 1.400986e+01  8.068414e-03 
 1.401026e+01  4.702546e-03 
 1.401066e+01  1.704356e-03 
 1.401106e+01 -7.175215e-04 
 1.401145e+01 -2.366232e-03 
 1.401185e+01 -3.134662e-03 
 1.401225e+01 -3.021028e-03 
 1.401265e+01 -2.045426e-03 
 1.401304e+01 -3.322484e-04 
 1.401344e+01  1.975572e-03 
 1.401384e+01  4.660553e-03 
 1.401424e+01  7.528441e-03 
 1.401463e+01  1.041887e-02 
 1.401503e+01  1.311179e-02 
 1.401543e+01  1.532774e-02 
 1.401583e+01  1.697605e-02 
 1.401623e+01  1.795427e-02 
 1.401662e+01  1.815590e-02 
 1.401702e+01  1.763891e-02 
 1.401742e+01  1.650356e-02 
 1.401782e+01  1.488041e-02 
 1.401821e+01  1.293525e-02 
 1.401861e+01  1.088181e-02 
 1.401901e+01  8.945308e-03 
 1.401941e+01  7.302991e-03 
 1.401980e+01  6.128745e-03 
 1.402020e+01  5.475254e-03 
 1.402060e+01  5.410004e-03 
 1.402100e+01  5.880370e-03 
 1.402140e+01  6.724519e-03 
 1.402179e+01  7.834257e-03 
 1.402219e+01  9.116326e-03 
 1.402259e+01  1.039723e-02 
 1.402299e+01  1.156353e-02 
 1.402338e+01  1.244223e-02 
 1.402378e+01  1.287920e-02 
 1.402418e+01  1.269475e-02 
 1.402458e+01  1.187027e-02 
 1.402497e+01  1.041613e-02 
 1.402537e+01  8.432715e-03 
 1.402577e+01  6.104298e-03 
 1.402617e+01  3.647730e-03 
 1.402657e+01  1.246197e-03 
 1.402696e+01 -9.570988e-04 
 1.402736e+01 -2.860999e-03 
 1.402776e+01 -4.323660e-03 
 1.402816e+01 -5.292142e-03 
 1.402855e+01 -5.588171e-03 
 1.402895e+01 -5.139170e-03 
 1.402935e+01 -3.989791e-03 
 1.402975e+01 -2.203371e-03 
 1.403014e+01  5.332749e-05 
 1.403054e+01  2.653017e-03 
 1.403094e+01  5.391728e-03 
 1.403134e+01  7.987136e-03 
 1.403174e+01  1.023666e-02 
 1.403213e+01  1.201401e-02 
 1.403253e+01  1.315513e-02 
 1.403293e+01  1.346388e-02 
 1.403333e+01  1.289597e-02 
 1.403372e+01  1.148950e-02 
 1.403412e+01  9.305335e-03 
 1.403452e+01  6.586405e-03 
 1.403492e+01  3.631470e-03 
 1.403532e+01  6.517818e-04 
 1.403571e+01 -2.137464e-03 
 1.403611e+01 -4.524898e-03 
 1.403651e+01 -6.297673e-03 
 1.403691e+01 -7.277735e-03 
 1.403730e+01 -7.422107e-03 
 1.403770e+01 -6.747973e-03 
 1.403810e+01 -5.252894e-03 
 1.403850e+01 -3.145432e-03 
 1.403889e+01 -6.230353e-04 
 1.403929e+01  2.011451e-03 
 1.403969e+01  4.560227e-03 
 1.404009e+01  6.744086e-03 
 1.404049e+01  8.317213e-03 
 1.404088e+01  9.223693e-03 
 1.404128e+01  9.372994e-03 
 1.404168e+01  8.722797e-03 
 1.404208e+01  7.346152e-03 
 1.404247e+01  5.290505e-03 
 1.404287e+01  2.681545e-03 
 1.404327e+01 -3.141638e-04 
 1.404367e+01 -3.502853e-03 
 1.404406e+01 -6.584366e-03 
 1.404446e+01 -9.349595e-03 
 1.404486e+01 -1.153481e-02 
 1.404526e+01 -1.289397e-02 
 1.404566e+01 -1.331604e-02 
 1.404605e+01 -1.266803e-02 
 1.404645e+01 -1.098193e-02 
 1.404685e+01 -8.327550e-03 
 1.404725e+01 -4.883461e-03 
 1.404764e+01 -9.133448e-04 
 1.404804e+01  3.276660e-03 
 1.404844e+01  7.350538e-03 
 1.404884e+01  1.103693e-02 
 1.404923e+01  1.394373e-02 
 1.404963e+01  1.595250e-02 
 1.405003e+01  1.691336e-02 
 1.405043e+01  1.672700e-02 
 1.405083e+01  1.545013e-02 
 1.405122e+01  1.315778e-02 
 1.405162e+01  9.930741e-03 
 1.405202e+01  5.975629e-03 
 1.405242e+01  1.642829e-03 
 1.405281e+01 -2.747542e-03 
 1.405321e+01 -6.857749e-03 
 1.405361e+01 -1.037567e-02 
 1.405401e+01 -1.298033e-02 
 1.405440e+01 -1.447465e-02 
 1.405480e+01 -1.479160e-02 
 1.405520e+01 -1.400164e-02 
 1.405560e+01 -1.221676e-02 
 1.405600e+01 -9.670597e-03 
 1.405639e+01 -6.631076e-03 
 1.405679e+01 -3.283820e-03 
 1.405719e+01  1.350680e-04 
 1.405759e+01  3.358760e-03 
 1.405798e+01  6.074673e-03 
 1.405838e+01  8.076990e-03 
 1.405878e+01  9.197002e-03 
 1.405918e+01  9.229640e-03 
 1.405957e+01  8.189439e-03 
 1.405997e+01  6.215937e-03 
 1.406037e+01  3.480300e-03 
 1.406077e+01  2.200855e-04 
 1.406117e+01 -3.282520e-03 
 1.406156e+01 -6.781880e-03 
 1.406196e+01 -1.000103e-02 
 1.406236e+01 -1.266664e-02 
 1.406276e+01 -1.457942e-02 
 1.406315e+01 -1.547160e-02 
 1.406355e+01 -1.518018e-02 
 1.406395e+01 -1.373471e-02 
 1.406435e+01 -1.113323e-02 
 1.406474e+01 -7.513811e-03 
 1.406514e+01 -3.113398e-03 
 1.406554e+01  1.697698e-03 
 1.406594e+01  6.643593e-03 
 1.406634e+01  1.133243e-02 
 1.406673e+01  1.539853e-02 
 1.406713e+01  1.852788e-02 
 1.406753e+01  2.045497e-02 
 1.406793e+01  2.099904e-02 
 1.406832e+01  2.013460e-02 
 1.406872e+01  1.799468e-02 
 1.406912e+01  1.477861e-02 
 1.406952e+01  1.076498e-02 
 1.406991e+01  6.336546e-03 
 1.407031e+01  1.780670e-03 
 1.407071e+01 -2.521808e-03 
 1.407111e+01 -6.235574e-03 
 1.407151e+01 -9.117725e-03 
 1.407190e+01 -1.095356e-02 
 1.407230e+01 -1.155796e-02 
 1.407270e+01 -1.089479e-02 
 1.407310e+01 -8.944932e-03 
 1.407349e+01 -5.856849e-03 
 1.407389e+01 -1.920991e-03 
 1.407429e+01  2.583777e-03 
 1.407469e+01  7.333325e-03 
 1.407508e+01  1.191381e-02 
 1.407548e+01  1.592946e-02 
 1.407588e+01  1.913555e-02 
 1.407628e+01  2.140450e-02 
 1.407668e+01  2.257678e-02 
 1.407707e+01  2.263759e-02 
 1.407747e+01  2.172937e-02 
 1.407787e+01  1.992934e-02 
 1.407827e+01  1.739813e-02 
 1.407866e+01  1.432506e-02 
 1.407906e+01  1.093019e-02 
 1.407946e+01  7.493961e-03 
 1.407986e+01  4.326905e-03 
 1.408025e+01  1.735447e-03 
 1.408065e+01 -1.117161e-05 
 1.408105e+01 -6.972323e-04 
 1.408145e+01 -3.234884e-04 
 1.408185e+01  1.075361e-03 
 1.408224e+01  3.441488e-03 
 1.408264e+01  6.518340e-03 
 1.408304e+01  9.947976e-03 
 1.408344e+01  1.343485e-02 
 1.408383e+01  1.664083e-02 
 1.408423e+01  1.926204e-02 
 1.408463e+01  2.108092e-02 
 1.408503e+01  2.200432e-02 
 1.408542e+01  2.194805e-02 
 1.408582e+01  2.096855e-02 
 1.408622e+01  1.912811e-02 
 1.408662e+01  1.656991e-02 
 1.408702e+01  1.352731e-02 
 1.408741e+01  1.018457e-02 
 1.408781e+01  6.779312e-03 
 1.408821e+01  3.638098e-03 
 1.408861e+01  1.049516e-03 
 1.408900e+01 -7.546727e-04 
 1.408940e+01 -1.648599e-03 
 1.408980e+01 -1.547554e-03 
 1.409020e+01 -5.044325e-04 
 1.409059e+01  1.315642e-03 
 1.409099e+01  3.845268e-03 
 1.409139e+01  6.889855e-03 
 1.409179e+01  1.022584e-02 
 1.409219e+01  1.373781e-02 
 1.409258e+01  1.717527e-02 
 1.409298e+01  2.030001e-02 
 1.409338e+01  2.292694e-02 
 1.409378e+01  2.481952e-02 
 1.409417e+01  2.584448e-02 
 1.409457e+01  2.588402e-02 
 1.409497e+01  2.498547e-02 
 1.409537e+01  2.324526e-02 
 1.409576e+01  2.080600e-02 
 1.409616e+01  1.796470e-02 
 1.409656e+01  1.497924e-02 
 1.409696e+01  1.210347e-02 
 1.409736e+01  9.557485e-03 
 1.409775e+01  7.517319e-03 
 1.409815e+01  6.174116e-03 
 1.409855e+01  5.582735e-03 
 1.409895e+01  5.693884e-03 
 1.409934e+01  6.367905e-03 
 1.409974e+01  7.551581e-03 
 1.410014e+01  9.062441e-03 
 1.410054e+01  1.068167e-02 
 1.410093e+01  1.226756e-02 
 1.410133e+01  1.361294e-02 
 1.410173e+01  1.450122e-02 
 1.410213e+01  1.485097e-02 
 1.410253e+01  1.463807e-02 
 1.410292e+01  1.381421e-02 
 1.410332e+01  1.242961e-02 
 1.410372e+01  1.057374e-02 
 1.410412e+01  8.396588e-03 
 1.410451e+01  6.154315e-03 
 1.410491e+01  4.020779e-03 
 1.410531e+01  2.130604e-03 
 1.410571e+01  6.701097e-04 
 1.410610e+01 -2.581975e-04 
 1.410650e+01 -6.259671e-04 
 1.410690e+01 -4.525238e-04 
 1.410730e+01  2.816715e-04 
 1.410770e+01  1.468938e-03 
 1.410809e+01  3.031043e-03 
 1.410849e+01  4.939865e-03 
 1.410889e+01  7.189662e-03 
 1.410929e+01  9.642902e-03 
 1.410968e+01  1.207275e-02 
 1.411008e+01  1.423976e-02 
 1.411048e+01  1.589865e-02 
 1.411088e+01  1.686944e-02 
 1.411127e+01  1.706847e-02 
 1.411167e+01  1.644575e-02 
 1.411207e+01  1.513361e-02 
 1.411247e+01  1.326924e-02 
 1.411287e+01  1.097695e-02 
 1.411326e+01  8.421412e-03 
 1.411366e+01  5.747251e-03 
 1.411406e+01  3.104817e-03 
 1.411446e+01  6.773195e-04 
 1.411485e+01 -1.299787e-03 
 1.411525e+01 -2.701385e-03 
 1.411565e+01 -3.413322e-03 
 1.411605e+01 -3.348144e-03 
 1.411644e+01 -2.560390e-03 
 1.411684e+01 -1.145046e-03 
 1.411724e+01  7.205128e-04 
 1.411764e+01  2.854934e-03 
 1.411804e+01  4.986269e-03 
 1.411843e+01  6.949538e-03 
 1.411883e+01  8.582415e-03 
 1.411923e+01  9.627208e-03 
 1.411963e+01  9.970583e-03 
 1.412002e+01  9.652993e-03 
 1.412042e+01  8.736973e-03 
 1.412082e+01  7.315824e-03 
 1.412122e+01  5.543202e-03 
 1.412161e+01  3.566198e-03 
 1.412201e+01  1.577601e-03 
 1.412241e+01 -2.594144e-04 
 1.412281e+01 -1.854850e-03 
 1.412321e+01 -2.991874e-03 
 1.412360e+01 -3.526122e-03 
 1.412400e+01 -3.337833e-03 
 1.412440e+01 -2.347164e-03 
 1.412480e+01 -5.040919e-04 
 1.412519e+01  2.080646e-03 
 1.412559e+01  5.197714e-03 
 1.412599e+01  8.600626e-03 
 1.412639e+01  1.202414e-02 
 1.412679e+01  1.515657e-02 
 1.412718e+01  1.770999e-02 
 1.412758e+01  1.947773e-02 
 1.412798e+01  2.032158e-02 
 1.412838e+01  2.013434e-02 
 1.412877e+01  1.891417e-02 
 1.412917e+01  1.669102e-02 
 1.412957e+01  1.361075e-02 
 1.412997e+01  9.903183e-03 
 1.413036e+01  5.800244e-03 
 1.413076e+01  1.665205e-03 
 1.413116e+01 -2.134561e-03 
 1.413156e+01 -5.306378e-03 
 1.413196e+01 -7.652591e-03 
 1.413235e+01 -8.932970e-03 
 1.413275e+01 -9.102869e-03 
 1.413315e+01 -8.195203e-03 
 1.413355e+01 -6.321471e-03 
 1.413394e+01 -3.649750e-03 
 1.413434e+01 -4.340766e-04 
 1.413474e+01  3.068098e-03 
 1.413514e+01  6.508084e-03 
 1.413553e+01  9.547778e-03 
 1.413593e+01  1.192591e-02 
 1.413633e+01  1.348265e-02 
 1.413673e+01  1.412264e-02 
 1.413713e+01  1.384758e-02 
 1.413752e+01  1.271829e-02 
 1.413792e+01  1.079100e-02 
 1.413832e+01  8.213839e-03 
 1.413872e+01  5.181684e-03 
 1.413911e+01  1.916451e-03 
 1.413951e+01 -1.326946e-03 
 1.413991e+01 -4.235893e-03 
 1.414031e+01 -6.547178e-03 
 1.414070e+01 -8.034255e-03 
 1.414110e+01 -8.542017e-03 
 1.414150e+01 -8.132327e-03 
 1.414190e+01 -6.836745e-03 
 1.414230e+01 -4.751223e-03 
 1.414269e+01 -2.030336e-03 
 1.414309e+01  1.110901e-03 
 1.414349e+01  4.489225e-03 
 1.414389e+01  7.899317e-03 
 1.414428e+01  1.105353e-02 
 1.414468e+01  1.366973e-02 
 1.414508e+01  1.547646e-02 
 1.414548e+01  1.628550e-02 
 1.414587e+01  1.599197e-02 
 1.414627e+01  1.457055e-02 
 1.414667e+01  1.215241e-02 
 1.414707e+01  8.971339e-03 
 1.414747e+01  5.285966e-03 
 1.414786e+01  1.373086e-03 
 1.414826e+01 -2.404781e-03 
 1.414866e+01 -5.725519e-03 
 1.414906e+01 -8.352706e-03 
 1.414945e+01 -1.008793e-02 
 1.414985e+01 -1.076012e-02 
 1.415025e+01 -1.031108e-02 
 1.415065e+01 -8.852594e-03 
 1.415104e+01 -6.510001e-03 
 1.415144e+01 -3.463889e-03 
 1.415184e+01  6.622900e-05 
 1.415224e+01  3.848060e-03 
 1.415264e+01  7.618756e-03 
 1.415303e+01  1.110303e-02 
 1.415343e+01  1.404689e-02 
 1.415383e+01  1.620989e-02 
 1.415423e+01  1.738274e-02 
 1.415462e+01  1.757423e-02 
 1.415502e+01  1.675272e-02 
 1.415542e+01  1.495537e-02 
 1.415582e+01  1.237075e-02 
 1.415621e+01  9.200936e-03 
 1.415661e+01  5.693989e-03 
 1.415701e+01  2.076301e-03 
 1.415741e+01 -1.408098e-03 
 1.415781e+01 -4.484942e-03 
 1.415820e+01 -6.909915e-03 
 1.415860e+01 -8.476112e-03 
 1.415900e+01 -9.141093e-03 
 1.415940e+01 -8.889302e-03 
 1.415979e+01 -7.812777e-03 
 1.416019e+01 -5.994278e-03 
 1.416059e+01 -3.598710e-03 
 1.416099e+01 -8.107443e-04 
 1.416138e+01  2.115565e-03 
 1.416178e+01  4.884457e-03 
 1.416218e+01  7.263926e-03 
 1.416258e+01  8.996627e-03 
 1.416298e+01  9.893960e-03 
 1.416337e+01  9.857173e-03 
 1.416377e+01  8.877650e-03 
 1.416417e+01  7.042311e-03 
 1.416457e+01  4.540449e-03 
 1.416496e+01  1.541412e-03 
 1.416536e+01 -1.749905e-03 
 1.416576e+01 -4.993626e-03 
 1.416616e+01 -7.904325e-03 
 1.416655e+01 -1.022476e-02 
 1.416695e+01 -1.176186e-02 
 1.416735e+01 -1.234166e-02 
 1.416775e+01 -1.190091e-02 
 1.416815e+01 -1.048440e-02 
 1.416854e+01 -8.202184e-03 
 1.416894e+01 -5.228770e-03 
 1.416934e+01 -1.776147e-03 
 1.416974e+01  1.923643e-03 
 1.417013e+01  5.636238e-03 
 1.417053e+01  9.165917e-03 
 1.417093e+01  1.229423e-02 
 1.417133e+01  1.481798e-02 
 1.417172e+01  1.655741e-02 
 1.417212e+01  1.746049e-02 
 1.417252e+01  1.747778e-02 
 1.417292e+01  1.658468e-02 
 1.417332e+01  1.489591e-02 
 1.417371e+01  1.259997e-02 
 1.417411e+01  9.845388e-03 
 1.417451e+01  6.855156e-03 
 1.417491e+01  3.910698e-03 
 1.417530e+01  1.221754e-03 
 1.417570e+01 -9.933823e-04 
 1.417610e+01 -2.499407e-03 
 1.417650e+01 -3.150273e-03 
 1.417689e+01 -2.857265e-03 
 1.417729e+01 -1.655085e-03 
 1.417769e+01  2.583036e-04 
 1.417809e+01  2.706720e-03 
 1.417849e+01  5.467537e-03 
 1.417888e+01  8.286295e-03 
 1.417928e+01  1.088945e-02 
 1.417968e+01  1.306792e-02 
 1.418008e+01  1.465884e-02 
 1.418047e+01  1.552033e-02 
 1.418087e+01  1.557498e-02 
 1.418127e+01  1.484733e-02 
 1.418167e+01  1.340993e-02 
 1.418206e+01  1.142495e-02 
 1.418246e+01  9.145696e-03 
 1.418286e+01  6.749258e-03 
 1.418326e+01  4.424524e-03 
 1.418366e+01  2.369020e-03 
 1.418405e+01  7.028108e-04 
 1.418445e+01 -4.305157e-04 
 1.418485e+01 -9.328950e-04 
 1.418525e+01 -7.767490e-04 
 1.418564e+01  2.906986e-05 
 1.418604e+01  1.467073e-03 
 1.418644e+01  3.437432e-03 
 1.418684e+01  5.726715e-03 
 1.418723e+01  8.120691e-03 
 1.418763e+01  1.041302e-02 
 1.418803e+01  1.243239e-02 
 1.418843e+01  1.404733e-02 
 1.418883e+01  1.510178e-02 
 1.418922e+01  1.548331e-02 
 1.418962e+01  1.516706e-02 
 1.419002e+01  1.414365e-02 
 1.419042e+01  1.238591e-02 
 1.419081e+01  9.999934e-03 
 1.419121e+01  7.169325e-03 
 1.419161e+01  4.090040e-03 
 1.419201e+01  1.009262e-03 
 1.419240e+01 -1.714547e-03 
 1.419280e+01 -3.846774e-03 
 1.419320e+01 -5.201351e-03 
 1.419360e+01 -5.600347e-03 
 1.419400e+01 -5.007329e-03 
 1.419439e+01 -3.451112e-03 
 1.419479e+01 -1.065350e-03 
 1.419519e+01  1.899916e-03 
 1.419559e+01  5.159442e-03 
 1.419598e+01  8.418256e-03 
 1.419638e+01  1.140105e-02 
 1.419678e+01  1.380381e-02 
 1.419718e+01  1.550982e-02 
 1.419757e+01  1.646745e-02 
 1.419797e+01  1.667820e-02 
 1.419837e+01  1.617909e-02 
 1.419877e+01  1.511773e-02 
 1.419917e+01  1.361323e-02 
 1.419956e+01  1.176151e-02 
 1.419996e+01  9.759903e-03 
 1.420036e+01  7.833093e-03 
 1.420076e+01  6.193399e-03 
 1.420115e+01  5.040703e-03 
 1.420155e+01  4.470298e-03 
 1.420195e+01  4.590485e-03 
 1.420235e+01  5.394983e-03 
 1.420274e+01  6.830011e-03 
 1.420314e+01  8.712665e-03 
 1.420354e+01  1.092279e-02 
 1.420394e+01  1.326824e-02 
 1.420434e+01  1.555029e-02 
 1.420473e+01  1.756847e-02 
 1.420513e+01  1.913824e-02 
 1.420553e+01  2.004094e-02 
 1.420593e+01  2.022693e-02 
 1.420632e+01  1.967274e-02 
 1.420672e+01  1.836620e-02 
 1.420712e+01  1.643007e-02 
 1.420752e+01  1.393569e-02 
 1.420791e+01  1.105209e-02 
 1.420831e+01  8.004527e-03 
 1.420871e+01  5.039860e-03 
 1.420911e+01  2.359765e-03 
 1.420951e+01  1.432110e-04 
 1.420990e+01 -1.355735e-03 
 1.421030e+01 -2.024420e-03 
 1.421070e+01 -1.894501e-03 
 1.421110e+01 -9.755427e-04 
 1.421149e+01  6.002453e-04 
 1.421189e+01  2.722080e-03 
 1.421229e+01  5.232515e-03 
 1.421269e+01  7.949735e-03 
 1.421308e+01  1.066641e-02 
 1.421348e+01  1.320356e-02 
 1.421388e+01  1.537087e-02 
 1.421428e+01  1.697825e-02 
 1.421468e+01  1.788427e-02 
 1.421507e+01  1.803264e-02 
 1.421547e+01  1.741159e-02 
 1.421587e+01  1.611076e-02 
 1.421627e+01  1.427761e-02 
 1.421666e+01  1.209508e-02 
 1.421706e+01  9.768870e-03 
 1.421746e+01  7.474615e-03 
 1.421786e+01  5.376735e-03 
 1.421826e+01  3.647777e-03 
 1.421865e+01  2.413192e-03 
 1.421905e+01  1.735896e-03 
 1.421945e+01  1.713211e-03 
 1.421985e+01  2.373199e-03 
 1.422024e+01  3.653810e-03 
 1.422064e+01  5.505209e-03 
 1.422104e+01  7.848928e-03 
 1.422144e+01  1.051621e-02 
 1.422183e+01  1.329193e-02 
 1.422223e+01  1.593045e-02 
 1.422263e+01  1.825856e-02 
 1.422303e+01  1.998417e-02 
 1.422343e+01  2.091883e-02 
 1.422382e+01  2.092260e-02 
 1.422422e+01  1.997670e-02 
 1.422462e+01  1.811286e-02 
 1.422502e+01  1.549935e-02 
 1.422541e+01  1.233591e-02 
 1.422581e+01  8.910961e-03 
 1.422621e+01  5.553160e-03 
 1.422661e+01  2.490010e-03 
 1.422700e+01 -4.579304e-05 
 1.422740e+01 -1.868004e-03 
 1.422780e+01 -2.829263e-03 
 1.422820e+01 -2.798885e-03 
 1.422860e+01 -1.748413e-03 
 1.422899e+01  2.863710e-04 
 1.422939e+01  3.128490e-03 
 1.422979e+01  6.534459e-03 
 1.423019e+01  1.021918e-02 
 1.423058e+01  1.381200e-02 
 1.423098e+01  1.702161e-02 
 1.423138e+01  1.954517e-02 
 1.423178e+01  2.123324e-02 
 1.423217e+01  2.202598e-02 
 1.423257e+01  2.190473e-02 
 1.423297e+01  2.083452e-02 
 1.423337e+01  1.894106e-02 
 1.423377e+01  1.632872e-02 
 1.423416e+01  1.314763e-02 
 1.423456e+01  9.587557e-03 
 1.423496e+01  5.880489e-03 
 1.423536e+01  2.294576e-03 
 1.423575e+01 -9.438472e-04 
 1.423615e+01 -3.546927e-03 
 1.423655e+01 -5.381947e-03 
 1.423695e+01 -6.306347e-03 
 1.423734e+01 -6.229629e-03 
 1.423774e+01 -5.193384e-03 
 1.423814e+01 -3.280791e-03 
 1.423854e+01 -6.876526e-04 
 1.423894e+01  2.338384e-03 
 1.423933e+01  5.428329e-03 
 1.423973e+01  8.290341e-03 
 1.424013e+01  1.058983e-02 
 1.424053e+01  1.213392e-02 
 1.424092e+01  1.275974e-02 
 1.424132e+01  1.237100e-02 
 1.424172e+01  1.103034e-02 
 1.424212e+01  8.770697e-03 
 1.424251e+01  5.718597e-03 
 1.424291e+01  2.098700e-03 
 1.424331e+01 -1.851600e-03 
 1.424371e+01 -5.800358e-03 
 1.424411e+01 -9.494482e-03 
 1.424450e+01 -1.255088e-02 
 1.424490e+01 -1.474641e-02 
 1.424530e+01 -1.594214e-02 
 1.424570e+01 -1.612446e-02 
 1.424609e+01 -1.529521e-02 
 1.424649e+01 -1.358906e-02 
 1.424689e+01 -1.116780e-02 
 1.424729e+01 -8.218336e-03 
 1.424768e+01 -4.975080e-03 
 1.424808e+01 -1.653632e-03 
 1.424848e+01  1.512975e-03 
 1.424888e+01  4.282149e-03 
 1.424928e+01  6.452756e-03 
 1.424967e+01  7.943547e-03 
 1.425007e+01  8.623874e-03 
 1.425047e+01  8.465168e-03 
 1.425087e+01  7.464821e-03 
 1.425126e+01  5.706950e-03 
 1.425166e+01  3.350934e-03 
 1.425206e+01  6.138794e-04 
 1.425246e+01 -2.204954e-03 
 1.425285e+01 -4.919466e-03 
 1.425325e+01 -7.288731e-03 
 1.425365e+01 -9.123476e-03 
 1.425405e+01 -1.023263e-02 
 1.425445e+01 -1.053382e-02 
 1.425484e+01 -1.003613e-02 
 1.425524e+01 -8.748355e-03 
 1.425564e+01 -6.786901e-03 
 1.425604e+01 -4.216583e-03 
 1.425643e+01 -1.307564e-03 
 1.425683e+01  1.757763e-03 
 1.425723e+01  4.698257e-03 
 1.425763e+01  7.305964e-03 
 1.425802e+01  9.350701e-03 
 1.425842e+01  1.064098e-02 
 1.425882e+01  1.102703e-02 
 1.425922e+01  1.050504e-02 
 1.425962e+01  9.122113e-03 
 1.426001e+01  7.042871e-03 
 1.426041e+01  4.488369e-03 
 1.426081e+01  1.711466e-03 
 1.426121e+01 -1.058722e-03 
 1.426160e+01 -3.675798e-03 
 1.426200e+01 -5.910203e-03 
 1.426240e+01 -7.608280e-03 
 1.426280e+01 -8.691020e-03 
 1.426319e+01 -9.080514e-03 
 1.426359e+01 -8.769838e-03 
 1.426399e+01 -7.792745e-03 
 1.426439e+01 -6.257544e-03 
 1.426479e+01 -4.286093e-03 
 1.426518e+01 -2.027688e-03 
 1.426558e+01  2.530016e-04 
 1.426598e+01  2.339590e-03 
 1.426638e+01  4.035747e-03 
 1.426677e+01  5.176298e-03 
 1.426717e+01  5.684320e-03 
 1.426757e+01  5.480776e-03 
 1.426797e+01  4.565635e-03 
 1.426836e+01  3.104967e-03 
 1.426876e+01  1.262775e-03 
 1.426916e+01 -8.450831e-04 
 1.426956e+01 -3.019498e-03 
 1.426996e+01 -5.097073e-03 
 1.427035e+01 -6.886734e-03 
 1.427075e+01 -8.225170e-03 
 1.427115e+01 -8.958829e-03 
 1.427155e+01 -8.967514e-03 
 1.427194e+01 -8.199631e-03 
 1.427234e+01 -6.711743e-03 
 1.427274e+01 -4.597825e-03 
 1.427314e+01 -2.007302e-03 
 1.427353e+01  8.826336e-04 
 1.427393e+01  3.898896e-03 
 1.427433e+01  6.839003e-03 
 1.427473e+01  9.544524e-03 
 1.427513e+01  1.180713e-02 
 1.427552e+01  1.344495e-02 
 1.427592e+01  1.443060e-02 
 1.427632e+01  1.474130e-02 
 1.427672e+01  1.442244e-02 
 1.427711e+01  1.358013e-02 
 1.427751e+01  1.239231e-02 
 1.427791e+01  1.101779e-02 
 1.427831e+01  9.572589e-03 
 1.427870e+01  8.230651e-03 
 1.427910e+01  7.033497e-03 
 1.427950e+01  6.152554e-03 
 1.427990e+01  5.681041e-03 
 1.428030e+01  5.663745e-03 
 1.428069e+01  6.112460e-03 
 1.428109e+01  6.982525e-03 
 1.428149e+01  8.219468e-03 
 1.428189e+01  9.638096e-03 
 1.428228e+01  1.116256e-02 
 1.428268e+01  1.269490e-02 
 1.428308e+01  1.415843e-02 
 1.428348e+01  1.545984e-02 
 1.428387e+01  1.646865e-02 
 1.428427e+01  1.707094e-02 
 1.428467e+01  1.714400e-02 
 1.428507e+01  1.658864e-02 
 1.428547e+01  1.533648e-02 
 1.428586e+01  1.343211e-02 
 1.428626e+01  1.099717e-02 
 1.428666e+01  8.214865e-03 
 1.428706e+01  5.382473e-03 
 1.428745e+01  2.790576e-03 
 1.428785e+01  6.288598e-04 
 1.428825e+01 -9.218022e-04 
 1.428865e+01 -1.643338e-03 
 1.428904e+01 -1.468870e-03 
 1.428944e+01 -3.767768e-04 
 1.428984e+01  1.551081e-03 
 1.429024e+01  4.149133e-03 
 1.429064e+01  7.194876e-03 
 1.429103e+01  1.043083e-02 
 1.429143e+01  1.354785e-02 
 1.429183e+01  1.630882e-02 
 1.429223e+01  1.854841e-02 
 1.429262e+01  2.010485e-02 
 1.429302e+01  2.087944e-02 
 1.429342e+01  2.083613e-02 
 1.429382e+01  1.998703e-02 
 1.429421e+01  1.835275e-02 
 1.429461e+01  1.606912e-02 
 1.429501e+01  1.339587e-02 
 1.429541e+01  1.059155e-02 
 1.429581e+01  7.924316e-03 
 1.429620e+01  5.619508e-03 
 1.429660e+01  3.891868e-03 
 1.429700e+01  2.811033e-03 
 1.429740e+01  2.391244e-03 
 1.429779e+01  2.669708e-03 
 1.429819e+01  3.587028e-03 
 1.429859e+01  5.142085e-03 
 1.429899e+01  7.142547e-03 
 1.429938e+01  9.451084e-03 
 1.429978e+01  1.193718e-02 
 1.430018e+01  1.435637e-02 
 1.430058e+01  1.641625e-02 
 1.430098e+01  1.799338e-02 
 1.430137e+01  1.894791e-02 
 1.430177e+01  1.922950e-02 
 1.430217e+01  1.884402e-02 
 1.430257e+01  1.784855e-02 
 1.430296e+01  1.628461e-02 
 1.430336e+01  1.431165e-02 
 1.430376e+01  1.208255e-02 
 1.430416e+01  9.758163e-03 
 1.430455e+01  7.564184e-03 
 1.430495e+01  5.768369e-03 
 1.430535e+01  4.558996e-03 
 1.430575e+01  4.111563e-03 
 1.430615e+01  4.551723e-03 
 1.430654e+01  5.868999e-03 
 1.430694e+01  7.927984e-03 
 1.430734e+01  1.057920e-02 
 1.430774e+01  1.361787e-02 
 1.430813e+01  1.678907e-02 
 1.430853e+01  1.987717e-02 
 1.430893e+01  2.261614e-02 
 1.430933e+01  2.480782e-02 
 1.430973e+01  2.627331e-02 
 1.431012e+01  2.687969e-02 
 1.431052e+01  2.658754e-02 
 1.431092e+01  2.545265e-02 
 1.431132e+01  2.358437e-02 
 1.431171e+01  2.107488e-02 
 1.431211e+01  1.811486e-02 
 1.431251e+01  1.489383e-02 
 1.431291e+01  1.156922e-02 
 1.431330e+01  8.308954e-03 
 1.431370e+01  5.270655e-03 
 1.431410e+01  2.711535e-03 
 1.431450e+01  8.455669e-04 
 1.431490e+01 -2.075107e-04 
 1.431529e+01 -4.232162e-04 
 1.431569e+01  1.372326e-04 
 1.431609e+01  1.396403e-03 
 1.431649e+01  3.144950e-03 
 1.431688e+01  5.183400e-03 
 1.431728e+01  7.355526e-03 
 1.431768e+01  9.456234e-03 
 1.431808e+01  1.123021e-02 
 1.431847e+01  1.256624e-02 
 1.431887e+01  1.328878e-02 
 1.431927e+01  1.325442e-02 
 1.431967e+01  1.242609e-02 
 1.432007e+01  1.089504e-02 
 1.432046e+01  8.754758e-03 
 1.432086e+01  6.206990e-03 
 1.432126e+01  3.442944e-03 
 1.432166e+01  7.320264e-04 
 1.432205e+01 -1.698793e-03 
 1.432245e+01 -3.590454e-03 
 1.432285e+01 -4.801066e-03 
 1.432325e+01 -5.147503e-03 
 1.432364e+01 -4.557352e-03 
 1.432404e+01 -3.092765e-03 
 1.432444e+01 -8.869199e-04 
 1.432484e+01  1.847608e-03 
 1.432524e+01  4.849411e-03 
 1.432563e+01  7.858511e-03 
 1.432603e+01  1.062346e-02 
 1.432643e+01  1.292403e-02 
 1.432683e+01  1.460844e-02 
 1.432722e+01  1.561985e-02 
 1.432762e+01  1.587463e-02 
 1.432802e+01  1.531408e-02 
 1.432842e+01  1.399350e-02 
 1.432881e+01  1.196066e-02 
 1.432921e+01  9.351072e-03 
 1.432961e+01  6.367359e-03 
 1.433001e+01  3.244434e-03 
 1.433041e+01  1.507220e-04 
 1.433080e+01 -2.712045e-03 
 1.433120e+01 -5.187708e-03 
 1.433160e+01 -7.148849e-03 
 1.433200e+01 -8.440667e-03 
 1.433239e+01 -8.973110e-03 
 1.433279e+01 -8.626951e-03 
 1.433319e+01 -7.393867e-03 
 1.433359e+01 -5.363030e-03 
 1.433398e+01 -2.676551e-03 
 1.433438e+01  4.007277e-04 
 1.433478e+01  3.652730e-03 
 1.433518e+01  6.745809e-03 
 1.433558e+01  9.341585e-03 
 1.433597e+01  1.125399e-02 
 1.433637e+01  1.230108e-02 
 1.433677e+01  1.241008e-02 
 1.433717e+01  1.155808e-02 
 1.433756e+01  9.868254e-03 
 1.433796e+01  7.548611e-03 
 1.433836e+01  4.812801e-03 
 1.433876e+01  1.875586e-03 
 1.433915e+01 -1.070349e-03 
 1.433955e+01 -3.831706e-03 
 1.433995e+01 -6.237421e-03 
 1.434035e+01 -8.158505e-03 
 1.434075e+01 -9.402719e-03 
 1.434114e+01 -9.877952e-03 
 1.434154e+01 -9.645639e-03 
 1.434194e+01 -8.727590e-03 
 1.434234e+01 -7.231435e-03 
 1.434273e+01 -5.331064e-03 
 1.434313e+01 -3.259474e-03 
 1.434353e+01 -1.177363e-03 
 1.434393e+01  7.029697e-04 
 1.434432e+01  2.176050e-03 
 1.434472e+01  3.108891e-03 
 1.434512e+01  3.368012e-03 
 1.434552e+01  2.943198e-03 
 1.434592e+01  1.846138e-03 
 1.434631e+01  8.454246e-05 
 1.434671e+01 -2.246613e-03 
 1.434711e+01 -4.976710e-03 
 1.434751e+01 -7.863567e-03 
 1.434790e+01 -1.073751e-02 
 1.434830e+01 -1.340030e-02 
 1.434870e+01 -1.563643e-02 
 1.434910e+01 -1.723282e-02 
 1.434949e+01 -1.796229e-02 
 1.434989e+01 -1.769528e-02 
 1.435029e+01 -1.636799e-02 
 1.435069e+01 -1.397698e-02 
 1.435109e+01 -1.066144e-02 
 1.435148e+01 -6.662745e-03 
 1.435188e+01 -2.245278e-03 
 1.435228e+01  2.276005e-03 
 1.435268e+01  6.547446e-03 
 1.435307e+01  1.027819e-02 
 1.435347e+01  1.330903e-02 
 1.435387e+01  1.544772e-02 
 1.435427e+01  1.656619e-02 
 1.435466e+01  1.662262e-02 
 1.435506e+01  1.567815e-02 
 1.435546e+01  1.378865e-02 
 1.435586e+01  1.121182e-02 
 1.435626e+01  8.171106e-03 
 1.435665e+01  4.977511e-03 
 1.435705e+01  1.979407e-03 
 1.435745e+01 -5.665115e-04 
 1.435785e+01 -2.499195e-03 
 1.435824e+01 -3.610333e-03 
 1.435864e+01 -3.867675e-03 
 1.435904e+01 -3.330504e-03 
 1.435944e+01 -2.115926e-03 
 1.435983e+01 -3.059146e-04 
 1.436023e+01  1.906462e-03 
 1.436063e+01  4.294085e-03 
 1.436103e+01  6.682894e-03 
 1.436143e+01  8.840439e-03 
 1.436182e+01  1.062613e-02 
 1.436222e+01  1.194020e-02 
 1.436262e+01  1.266559e-02 
 1.436302e+01  1.278599e-02 
 1.436341e+01  1.228259e-02 
 1.436381e+01  1.112326e-02 
 1.436421e+01  9.398470e-03 
 1.436461e+01  7.316887e-03 
 1.436500e+01  5.009125e-03 
 1.436540e+01  2.729367e-03 
 1.436580e+01  7.718065e-04 
 1.436620e+01 -6.888009e-04 
 1.436660e+01 -1.520527e-03 
 1.436699e+01 -1.648859e-03 
 1.436739e+01 -1.087956e-03 
 1.436779e+01  1.043624e-04 
 1.436819e+01  1.829684e-03 
 1.436858e+01  3.962676e-03 
 1.436898e+01  6.337925e-03 
 1.436938e+01  8.796277e-03 
 1.436978e+01  1.113965e-02 
 1.437017e+01  1.307885e-02 
 1.437057e+01  1.438881e-02 
 1.437097e+01  1.499294e-02 
 1.437137e+01  1.485860e-02 
 1.437177e+01  1.403732e-02 
 1.437216e+01  1.262310e-02 
 1.437256e+01  1.078794e-02 
 1.437296e+01  8.643986e-03 
 1.437336e+01  6.369640e-03 
 1.437375e+01  4.089203e-03 
 1.437415e+01  1.935589e-03 
 1.437455e+01  4.362578e-05 
 1.437495e+01 -1.500891e-03 
 1.437534e+01 -2.583536e-03 
 1.437574e+01 -3.091814e-03 
 1.437614e+01 -2.995735e-03 
 1.437654e+01 -2.350057e-03 
 1.437694e+01 -1.197598e-03 
 1.437733e+01  3.827184e-04 
 1.437773e+01  2.304917e-03 
 1.437813e+01  4.442851e-03 
 1.437853e+01  6.710854e-03 
 1.437892e+01  8.924071e-03 
 1.437932e+01  1.091217e-02 
 1.437972e+01  1.253244e-02 
 1.438012e+01  1.360736e-02 
 1.438051e+01  1.414472e-02 
 1.438091e+01  1.409793e-02 
 1.438131e+01  1.349448e-02 
 1.438171e+01  1.246894e-02 
 1.438211e+01  1.126946e-02 
 1.438250e+01  9.992904e-03 
 1.438290e+01  8.745880e-03 
 1.438330e+01  7.680313e-03 
 1.438370e+01  6.949915e-03 
 1.438409e+01  6.686881e-03 
 1.438449e+01  6.973286e-03 
 1.438489e+01  7.865470e-03 
 1.438529e+01  9.309484e-03 
 1.438568e+01  1.118294e-02 
 1.438608e+01  1.331670e-02 
 1.438648e+01  1.550892e-02 
 1.438688e+01  1.753599e-02 
 1.438728e+01  1.915329e-02 
 1.438767e+01  2.018084e-02 
 1.438807e+01  2.053432e-02 
 1.438847e+01  2.011801e-02 
 1.438887e+01  1.892477e-02 
 1.438926e+01  1.701916e-02 
 1.438966e+01  1.452402e-02 
 1.439006e+01  1.162050e-02 
 1.439046e+01  8.485375e-03 
 1.439085e+01  5.354866e-03 
 1.439125e+01  2.435701e-03 
 1.439165e+01 -8.316296e-05 
 1.439205e+01 -2.055721e-03 
 1.439245e+01 -3.446881e-03 
 1.439284e+01 -4.159363e-03 
 1.439324e+01 -4.111451e-03 
 1.439364e+01 -3.343602e-03 
 1.439404e+01 -1.988689e-03 
 1.439443e+01 -1.331463e-04 
 1.439483e+01  2.086615e-03 
 1.439523e+01  4.466086e-03 
 1.439563e+01  6.858688e-03 
 1.439602e+01  9.088737e-03 
 1.439642e+01  1.102535e-02 
 1.439682e+01  1.250951e-02 
 1.439722e+01  1.349071e-02 
 1.439762e+01  1.385506e-02 
 1.439801e+01  1.359417e-02 
 1.439841e+01  1.272667e-02 
 1.439881e+01  1.124170e-02 
 1.439921e+01  9.339587e-03 
 1.439960e+01  7.276240e-03 
 1.440000e+01  5.273722e-03 
 1.440040e+01  3.594029e-03 
 1.440080e+01  2.408545e-03 
 1.440119e+01  1.846227e-03 
 1.440159e+01  1.935680e-03 
 1.440199e+01  2.688400e-03 
 1.440239e+01  4.017563e-03 
 1.440279e+01  5.806897e-03 
 1.440318e+01  7.896946e-03 
 1.440358e+01  1.010670e-02 
 1.440398e+01  1.226814e-02 
 1.440438e+01  1.427547e-02 
 1.440477e+01  1.588976e-02 
 1.440517e+01  1.693928e-02 
 1.440557e+01  1.739733e-02 
 1.440597e+01  1.724228e-02 
 1.440637e+01  1.644609e-02 
 1.440676e+01  1.508038e-02 
 1.440716e+01  1.323462e-02 
 1.440756e+01  1.100262e-02 
 1.440796e+01  8.526412e-03 
 1.440835e+01  6.006247e-03 
 1.440875e+01  3.619122e-03 
 1.440915e+01  1.495377e-03 
 1.440955e+01 -1.404200e-04 
 1.440994e+01 -1.134279e-03 
 1.441034e+01 -1.342460e-03 
 1.441074e+01 -6.770197e-04 
 1.441114e+01  8.185224e-04 
 1.441154e+01  3.046197e-03 
 1.441193e+01  5.907736e-03 
 1.441233e+01  9.205322e-03 
 1.441273e+01  1.266500e-02 
 1.441313e+01  1.604536e-02 
 1.441352e+01  1.910079e-02 
 1.441392e+01  2.157691e-02 
 1.441432e+01  2.327959e-02 
 1.441472e+01  2.401745e-02 
 1.441511e+01  2.373284e-02 
 1.441551e+01  2.244049e-02 
 1.441591e+01  2.025626e-02 
 1.441631e+01  1.735116e-02 
 1.441671e+01  1.400124e-02 
 1.441710e+01  1.050486e-02 
 1.441750e+01  7.046790e-03 
 1.441790e+01  3.966900e-03 
 1.441830e+01  1.512736e-03 
 1.441869e+01 -1.948011e-04 
 1.441909e+01 -1.082417e-03 
 1.441949e+01 -1.130719e-03 
 1.441989e+01 -4.072751e-04 
 1.442028e+01  9.275428e-04 
 1.442068e+01  2.695178e-03 
 1.442108e+01  4.635633e-03 
 1.442148e+01  6.506781e-03 
 1.442188e+01  8.180108e-03 
 1.442227e+01  9.440079e-03 
 1.442267e+01  1.017259e-02 
 1.442307e+01  1.028955e-02 
 1.442347e+01  9.810584e-03 
 1.442386e+01  8.734546e-03 
 1.442426e+01  7.190319e-03 
 1.442466e+01  5.276375e-03 
 1.442506e+01  3.062800e-03 
 1.442545e+01  6.768913e-04 
 1.442585e+01 -1.688827e-03 
 1.442625e+01 -3.837519e-03 
 1.442665e+01 -5.540409e-03 
 1.442705e+01 -6.683347e-03 
 1.442744e+01 -7.090279e-03 
 1.442784e+01 -6.690930e-03 
 1.442824e+01 -5.482856e-03 
 1.442864e+01 -3.609271e-03 
 1.442903e+01 -1.249574e-03 
 1.442943e+01  1.442903e-03 
 1.442983e+01  4.268194e-03 
 1.443023e+01  7.025060e-03 
 1.443062e+01  9.570472e-03 
 1.443102e+01  1.171714e-02 
 1.443142e+01  1.329744e-02 
 1.443182e+01  1.424449e-02 
 1.443222e+01  1.451617e-02 
 1.443261e+01  1.409306e-02 
 1.443301e+01  1.300435e-02 
 1.443341e+01  1.134046e-02 
 1.443381e+01  9.197977e-03 
 1.443420e+01  6.788387e-03 
 1.443460e+01  4.301991e-03 
 1.443500e+01  1.886414e-03 
 1.443540e+01 -2.504307e-04 
 1.443579e+01 -1.866837e-03 
 1.443619e+01 -2.892025e-03 
 1.443659e+01 -3.256949e-03 
 1.443699e+01 -2.959447e-03 
 1.443739e+01 -2.080973e-03 
 1.443778e+01 -7.468699e-04 
 1.443818e+01  8.971065e-04 
 1.443858e+01  2.752347e-03 
 1.443898e+01  4.664068e-03 
 1.443937e+01  6.521519e-03 
 1.443977e+01  8.155201e-03 
 1.444017e+01  9.427986e-03 
 1.444057e+01  1.027646e-02 
 1.444096e+01  1.057077e-02 
 1.444136e+01  1.031427e-02 
 1.444176e+01  9.514488e-03 
 1.444216e+01  8.260919e-03 
 1.444256e+01  6.650648e-03 
 1.444295e+01  4.782464e-03 
 1.444335e+01  2.816542e-03 
 1.444375e+01  8.259659e-04 
 1.444415e+01 -9.769742e-04 
 1.444454e+01 -2.475381e-03 
 1.444494e+01 -3.501576e-03 
 1.444534e+01 -3.871651e-03 
 1.444574e+01 -3.494712e-03 
 1.444613e+01 -2.406202e-03 
 1.444653e+01 -7.299681e-04 
 1.444693e+01  1.349672e-03 
 1.444733e+01  3.557953e-03 
 1.444773e+01  5.631561e-03 
 1.444812e+01  7.388213e-03 
 1.444852e+01  8.631468e-03 
 1.444892e+01  9.207827e-03 
 1.444932e+01  9.055946e-03 
 1.444971e+01  8.200031e-03 
 1.445011e+01  6.696600e-03 
 1.445051e+01  4.640137e-03 
 1.445091e+01  2.166592e-03 
 1.445130e+01 -5.075333e-04 
 1.445170e+01 -3.111180e-03 
 1.445210e+01 -5.463656e-03 
 1.445250e+01 -7.403714e-03 
 1.445290e+01 -8.848384e-03 
 1.445329e+01 -9.726718e-03 
 1.445369e+01 -9.994011e-03 
 1.445409e+01 -9.579201e-03 
 1.445449e+01 -8.437997e-03 
 1.445488e+01 -6.634920e-03 
 1.445528e+01 -4.262628e-03 
 1.445568e+01 -1.453900e-03 
 1.445608e+01  1.586122e-03 
 1.445647e+01  4.639162e-03 
 1.445687e+01  7.459567e-03 
 1.445727e+01  9.808631e-03 
 1.445767e+01  1.162466e-02 
 1.445807e+01  1.286638e-02 
 1.445846e+01  1.350950e-02 
 1.445886e+01  1.354490e-02 
 1.445926e+01  1.302672e-02 
 1.445966e+01  1.198674e-02 
 1.446005e+01  1.049872e-02 
 1.446045e+01  8.692984e-03 
 1.446085e+01  6.782656e-03 
 1.446125e+01  4.954993e-03 
 1.446164e+01  3.403557e-03 
 1.446204e+01  2.369454e-03 
 1.446244e+01  1.917906e-03 
 1.446284e+01  2.102117e-03 
 1.446324e+01  2.829718e-03 
 1.446363e+01  4.001562e-03 
 1.446403e+01  5.493754e-03 
 1.446443e+01  7.124178e-03 
 1.446483e+01  8.697921e-03 
 1.446522e+01  9.999358e-03 
 1.446562e+01  1.086467e-02 
 1.446602e+01  1.116149e-02 
 1.446642e+01  1.081589e-02 
 1.446681e+01  9.810173e-03 
 1.446721e+01  8.177766e-03 
 1.446761e+01  6.050224e-03 
 1.446801e+01  3.552703e-03 
 1.446841e+01  8.149181e-04 
 1.446880e+01 -2.033652e-03 
 1.446920e+01 -4.778871e-03 
 1.446960e+01 -7.252569e-03 
 1.447000e+01 -9.260127e-03 
 1.447039e+01 -1.058247e-02 
 1.447079e+01 -1.115340e-02 
 1.447119e+01 -1.100011e-02 
 1.447159e+01 -1.013724e-02 
 1.447198e+01 -8.652756e-03 
 1.447238e+01 -6.640807e-03 
 1.447278e+01 -4.298947e-03 
 1.447318e+01 -1.669115e-03 
 1.447358e+01  1.127418e-03 
 1.447397e+01  3.926230e-03 
 1.447437e+01  6.577143e-03 
 1.447477e+01  8.833375e-03 
 1.447517e+01  1.052285e-02 
 1.447556e+01  1.149097e-02 
 1.447596e+01  1.164072e-02 
 1.447636e+01  1.099506e-02 
 1.447676e+01  9.632847e-03 
 1.447715e+01  7.687921e-03 
 1.447755e+01  5.346100e-03 
 1.447795e+01  2.865100e-03 
 1.447835e+01  4.714365e-04 
 1.447875e+01 -1.598439e-03 
 1.447914e+01 -3.180279e-03 
 1.447954e+01 -4.162682e-03 
 1.447994e+01 -4.425115e-03 
 1.448034e+01 -3.999595e-03 
 1.448073e+01 -2.961813e-03 
 1.448113e+01 -1.452026e-03 
 1.448153e+01  3.565828e-04 
 1.448193e+01  2.274514e-03 
 1.448232e+01  4.093445e-03 
 1.448272e+01  5.674150e-03 
 1.448312e+01  6.863392e-03 
 1.448352e+01  7.504217e-03 
 1.448392e+01  7.542657e-03 
 1.448431e+01  6.987969e-03 
 1.448471e+01  5.920158e-03 
 1.448511e+01  4.402779e-03 
 1.448551e+01  2.605620e-03 
 1.448590e+01  7.529003e-04 
 1.448630e+01 -9.357686e-04 
 1.448670e+01 -2.225568e-03 
 1.448710e+01 -3.005076e-03 
 1.448749e+01 -3.217920e-03 
 1.448789e+01 -2.823591e-03 
 1.448829e+01 -1.821447e-03 
 1.448869e+01 -2.367079e-04 
 1.448909e+01  1.864105e-03 
 1.448948e+01  4.398739e-03 
 1.448988e+01  7.275595e-03 
 1.449028e+01  1.036253e-02 
 1.449068e+01  1.349402e-02 
 1.449107e+01  1.648133e-02 
 1.449147e+01  1.906807e-02 
 1.449187e+01  2.107771e-02 
 1.449227e+01  2.236998e-02 
 1.449266e+01  2.290647e-02 
 1.449306e+01  2.267482e-02 
 1.449346e+01  2.171964e-02 
 1.449386e+01  2.014934e-02 
 1.449426e+01  1.813703e-02 
 1.449465e+01  1.579611e-02 
 1.449505e+01  1.329427e-02 
 1.449545e+01  1.078151e-02 
 1.449585e+01  8.410878e-03 
 1.449624e+01  6.329785e-03 
 1.449664e+01  4.673809e-03 
 1.449704e+01  3.570795e-03 
 1.449744e+01  3.110573e-03 
 1.449784e+01  3.241235e-03 
 1.449823e+01  3.915996e-03 
 1.449863e+01  4.985205e-03 
 1.449903e+01  6.289621e-03 
 1.449943e+01  7.681087e-03 
 1.449982e+01  9.003985e-03 
 1.450022e+01  1.015028e-02 
 1.450062e+01  1.107843e-02 
 1.450102e+01  1.168570e-02 
 1.450141e+01  1.197945e-02 
 1.450181e+01  1.195335e-02 
 1.450221e+01  1.166784e-02 
 1.450261e+01  1.109822e-02 
 1.450301e+01  1.029086e-02 
 1.450340e+01  9.316001e-03 
 1.450380e+01  8.275706e-03 
 1.450420e+01  7.218684e-03 
 1.450460e+01  6.292499e-03 
 1.450499e+01  5.631074e-03 
 1.450539e+01  5.351231e-03 
 1.450579e+01  5.593097e-03 
 1.450619e+01  6.405049e-03 
 1.450658e+01  7.858881e-03 
 1.450698e+01  9.886462e-03 
 1.450738e+01  1.234089e-02 
 1.450778e+01  1.509484e-02 
 1.450818e+01  1.794349e-02 
 1.450857e+01  2.065352e-02 
 1.450897e+01  2.303818e-02 
 1.450937e+01  2.488881e-02 
 1.450977e+01  2.609416e-02 
 1.451016e+01  2.654181e-02 
 1.451056e+01  2.615104e-02 
 1.451096e+01  2.489076e-02 
 1.451136e+01  2.280506e-02 
 1.451175e+01  2.007423e-02 
 1.451215e+01  1.694433e-02 
 1.451255e+01  1.367744e-02 
 1.451295e+01  1.058132e-02 
 1.451335e+01  7.892292e-03 
 1.451374e+01  5.788348e-03 
 1.451414e+01  4.394583e-03 
 1.451454e+01  3.756648e-03 
 1.451494e+01  3.858882e-03 
 1.451533e+01  4.596107e-03 
 1.451573e+01  5.887803e-03 
 1.451613e+01  7.602590e-03 
 1.451653e+01  9.549101e-03 
 1.451692e+01  1.154531e-02 
 1.451732e+01  1.341981e-02 
 1.451772e+01  1.509866e-02 
 1.451812e+01  1.647737e-02 
 1.451852e+01  1.750090e-02 
 1.451891e+01  1.810671e-02 
 1.451931e+01  1.826798e-02 
 1.451971e+01  1.795331e-02 
 1.452011e+01  1.716201e-02 
 1.452050e+01  1.588434e-02 
 1.452090e+01  1.423173e-02 
 1.452130e+01  1.236319e-02 
 1.452170e+01  1.048072e-02 
 1.452209e+01  8.759271e-03 
 1.452249e+01  7.326513e-03 
 1.452289e+01  6.260590e-03 
 1.452329e+01  5.565639e-03 
 1.452369e+01  5.255621e-03 
 1.452408e+01  5.399686e-03 
 1.452448e+01  5.958648e-03 
 1.452488e+01  6.849642e-03 
 1.452528e+01  8.002175e-03 
 1.452567e+01  9.253152e-03 
 1.452607e+01  1.038588e-02 
 1.452647e+01  1.119014e-02 
 1.452687e+01  1.142296e-02 
 1.452726e+01  1.100063e-02 
 1.452766e+01  9.819532e-03 
 1.452806e+01  7.945116e-03 
 1.452846e+01  5.520220e-03 
 1.452886e+01  2.719145e-03 
 1.452925e+01 -2.581856e-04 
 1.452965e+01 -3.213006e-03 
 1.453005e+01 -5.921582e-03 
 1.453045e+01 -8.155139e-03 
 1.453084e+01 -9.829273e-03 
 1.453124e+01 -1.080240e-02 
 1.453164e+01 -1.101651e-02 
 1.453204e+01 -1.045099e-02 
 1.453243e+01 -9.122961e-03 
 1.453283e+01 -7.208181e-03 
 1.453323e+01 -4.864465e-03 
 1.453363e+01 -2.256457e-03 
 1.453403e+01  4.620620e-04 
 1.453442e+01  3.132896e-03 
 1.453482e+01  5.609777e-03 
 1.453522e+01  7.745208e-03 
 1.453562e+01  9.386590e-03 
 1.453601e+01  1.046702e-02 
 1.453641e+01  1.093683e-02 
 1.453681e+01  1.079475e-02 
 1.453721e+01  1.005180e-02 
 1.453760e+01  8.770762e-03 
 1.453800e+01  7.113385e-03 
 1.453840e+01  5.232424e-03 
 1.453880e+01  3.298172e-03 
 1.453920e+01  1.491603e-03 
 1.453959e+01 -2.327273e-05 
 1.453999e+01 -1.076456e-03 
 1.454039e+01 -1.544355e-03 
 1.454079e+01 -1.390633e-03 
 1.454118e+01 -6.161389e-04 
 1.454158e+01  6.749233e-04 
 1.454198e+01  2.345052e-03 
 1.454238e+01  4.129085e-03 
 1.454277e+01  5.841308e-03 
 1.454317e+01  7.292857e-03 
 1.454357e+01  8.264741e-03 
 1.454397e+01  8.666060e-03 
 1.454437e+01  8.397188e-03 
 1.454476e+01  7.533956e-03 
 1.454516e+01  6.043275e-03 
 1.454556e+01  4.033043e-03 
 1.454596e+01  1.654720e-03 
 1.454635e+01 -9.631377e-04 
 1.454675e+01 -3.618291e-03 
 1.454715e+01 -6.176008e-03 
 1.454755e+01 -8.419871e-03 
 1.454794e+01 -1.021158e-02 
 1.454834e+01 -1.146414e-02 
 1.454874e+01 -1.204295e-02 
 1.454914e+01 -1.185526e-02 
 1.454954e+01 -1.088694e-02 
 1.454993e+01 -9.294465e-03 
 1.455033e+01 -7.155054e-03 
 1.455073e+01 -4.620746e-03 
 1.455113e+01 -1.913348e-03 
 1.455152e+01  7.736365e-04 
 1.455192e+01  3.294885e-03 
 1.455232e+01  5.510058e-03 
 1.455272e+01  7.299470e-03 
 1.455311e+01  8.583570e-03 
 1.455351e+01  9.287172e-03 
 1.455391e+01  9.331247e-03 
 1.455431e+01  8.694739e-03 
 1.455471e+01  7.345615e-03 
 1.455510e+01  5.379322e-03 
 1.455550e+01  2.945249e-03 
 1.455590e+01  2.240984e-04 
 1.455630e+01 -2.578455e-03 
 1.455669e+01 -5.197783e-03 
 1.455709e+01 -7.431724e-03 
 1.455749e+01 -9.118079e-03 
 1.455789e+01 -1.009454e-02 
 1.455828e+01 -1.032574e-02 
 1.455868e+01 -9.870998e-03 
 1.455908e+01 -8.817045e-03 
 1.455948e+01 -7.281321e-03 
 1.455988e+01 -5.451374e-03 
 1.456027e+01 -3.459862e-03 
 1.456067e+01 -1.507168e-03 
 1.456107e+01  2.668322e-04 
 1.456147e+01  1.746743e-03 
 1.456186e+01  2.874061e-03 
 1.456226e+01  3.621566e-03 
 1.456266e+01  3.954063e-03 
 1.456306e+01  3.913182e-03 
 1.456345e+01  3.541982e-03 
 1.456385e+01  2.930711e-03 
 1.456425e+01  2.125345e-03 
 1.456465e+01  1.237686e-03 
 1.456505e+01  3.312007e-04 
 1.456544e+01 -4.524422e-04 
 1.456584e+01 -1.047055e-03 
 1.456624e+01 -1.382765e-03 
 1.456664e+01 -1.344095e-03 
 1.456703e+01 -8.456619e-04 
 1.456743e+01  1.202292e-04 
 1.456783e+01  1.563253e-03 
 1.456823e+01  3.421230e-03 
 1.456862e+01  5.553731e-03 
 1.456902e+01  7.824893e-03 
 1.456942e+01  1.008165e-02 
 1.456982e+01  1.220745e-02 
 1.457022e+01  1.399126e-02 
 1.457061e+01  1.528524e-02 
 1.457101e+01  1.596998e-02 
 1.457141e+01  1.595348e-02 
 1.457181e+01  1.520295e-02 
 1.457220e+01  1.371720e-02 
 1.457260e+01  1.156283e-02 
 1.457300e+01  8.900669e-03 
 1.457340e+01  5.875543e-03 
 1.457379e+01  2.708876e-03 
 1.457419e+01 -3.315558e-04 
 1.457459e+01 -3.054934e-03 
 1.457499e+01 -5.301128e-03 
 1.457539e+01 -6.907903e-03 
 1.457578e+01 -7.734650e-03 
 1.457618e+01 -7.743922e-03 
 1.457658e+01 -6.990659e-03 
 1.457698e+01 -5.575752e-03 
 1.457737e+01 -3.651255e-03 
 1.457777e+01 -1.383508e-03 
 1.457817e+01  1.009271e-03 
 1.457857e+01  3.278948e-03 
 1.457896e+01  5.261480e-03 
 1.457936e+01  6.822870e-03 
 1.457976e+01  7.905072e-03 
 1.458016e+01  8.567134e-03 
 1.458056e+01  8.864258e-03 
 1.458095e+01  8.824170e-03 
 1.458135e+01  8.534527e-03 
 1.458175e+01  8.114712e-03 
 1.458215e+01  7.641941e-03 
 1.458254e+01  7.209414e-03 
 1.458294e+01  6.899233e-03 
 1.458334e+01  6.765730e-03 
 1.458374e+01  6.895108e-03 
 1.458413e+01  7.326605e-03 
 1.458453e+01  8.108082e-03 
 1.458493e+01  9.161718e-03 
 1.458533e+01  1.045546e-02 
 1.458573e+01  1.194471e-02 
 1.458612e+01  1.349235e-02 
 1.458652e+01  1.500217e-02 
 1.458692e+01  1.631388e-02 
 1.458732e+01  1.731782e-02 
 1.458771e+01  1.788542e-02 
 1.458811e+01  1.792584e-02 
 1.458851e+01  1.740164e-02 
 1.458891e+01  1.632464e-02 
 1.458931e+01  1.477900e-02 
 1.458970e+01  1.286384e-02 
 1.459010e+01  1.080671e-02 
 1.459050e+01  8.791618e-03 
 1.459090e+01  6.948362e-03 
 1.459129e+01  5.429977e-03 
 1.459169e+01  4.387524e-03 
 1.459209e+01  3.915716e-03 
 1.459249e+01  4.047011e-03 
 1.459288e+01  4.767814e-03 
 1.459328e+01  6.045583e-03 
 1.459368e+01  7.778448e-03 
 1.459408e+01  9.828937e-03 
 1.459448e+01  1.205530e-02 
 1.459487e+01  1.430604e-02 
 1.459527e+01  1.643869e-02 
 1.459567e+01  1.833574e-02 
 1.459607e+01  1.988143e-02 
 1.459646e+01  2.104581e-02 
 1.459686e+01  2.177973e-02 
 1.459726e+01  2.205169e-02 
 1.459766e+01  2.187815e-02 
 1.459805e+01  2.135337e-02 
 1.459845e+01  2.052587e-02 
 1.459885e+01  1.947338e-02 
 1.459925e+01  1.830648e-02 
 1.459965e+01  1.712841e-02 
 1.460004e+01  1.600249e-02 
 1.460044e+01  1.499330e-02 
 1.460084e+01  1.419313e-02 
 1.460124e+01  1.367192e-02 
 1.460163e+01  1.346728e-02 
 1.460203e+01  1.361656e-02 
 1.460243e+01  1.408262e-02 
 1.460283e+01  1.480056e-02 
 1.460322e+01  1.563089e-02 
 1.460362e+01  1.641222e-02 
 1.460402e+01  1.701692e-02 
 1.460442e+01  1.729984e-02 
 1.460482e+01  1.717825e-02 
 1.460521e+01  1.657730e-02 
 1.460561e+01  1.546506e-02 
 1.460601e+01  1.386882e-02 
 1.460641e+01  1.183251e-02 
 1.460680e+01  9.476747e-03 
 1.460720e+01  6.934345e-03 
 1.460760e+01  4.399206e-03 
 1.460800e+01  2.064911e-03 
 1.460839e+01  1.214692e-04 
 1.460879e+01 -1.302069e-03 
 1.460919e+01 -2.066880e-03 
 1.460959e+01 -2.108615e-03 
 1.460999e+01 -1.453793e-03 
 1.461038e+01 -1.700621e-04 
 1.461078e+01  1.632386e-03 
 1.461118e+01  3.800946e-03 
 1.461158e+01  6.179008e-03 
 1.461197e+01  8.609271e-03 
 1.461237e+01  1.095168e-02 
 1.461277e+01  1.307518e-02 
 1.461317e+01  1.482869e-02 
 1.461356e+01  1.618598e-02 
 1.461396e+01  1.706980e-02 
 1.461436e+01  1.746267e-02 
 1.461476e+01  1.733429e-02 
 1.461516e+01  1.671052e-02 
 1.461555e+01  1.566765e-02 
 1.461595e+01  1.426211e-02 
 1.461635e+01  1.255129e-02 
 1.461675e+01  1.061703e-02 
 1.461714e+01  8.617571e-03 
 1.461754e+01  6.673254e-03 
 1.461794e+01  4.946967e-03 
 1.461834e+01  3.565165e-03 
 1.461873e+01  2.638991e-03 
 1.461913e+01  2.154701e-03 
 1.461953e+01  2.117281e-03 
 1.461993e+01  2.460269e-03 
 1.462033e+01  3.097425e-03 
 1.462072e+01  3.920730e-03 
 1.462112e+01  4.831815e-03 
 1.462152e+01  5.719013e-03 
 1.462192e+01  6.487792e-03 
 1.462231e+01  6.958619e-03 
 1.462271e+01  7.002943e-03 
 1.462311e+01  6.560092e-03 
 1.462351e+01  5.620958e-03 
 1.462390e+01  4.252744e-03 
 1.462430e+01  2.553377e-03 
 1.462470e+01  6.660832e-04 
 1.462510e+01 -1.241831e-03 
 1.462550e+01 -2.971817e-03 
 1.462589e+01 -4.335385e-03 
 1.462629e+01 -5.219799e-03 
 1.462669e+01 -5.559418e-03 
 1.462709e+01 -5.330963e-03 
 1.462748e+01 -4.568274e-03 
 1.462788e+01 -3.344685e-03 
 1.462828e+01 -1.732468e-03 
 1.462868e+01  8.895580e-05 
 1.462907e+01  2.003694e-03 
 1.462947e+01  3.902990e-03 
 1.462987e+01  5.683056e-03 
 1.463027e+01  7.240860e-03 
 1.463067e+01  8.436378e-03 
 1.463106e+01  9.153935e-03 
 1.463146e+01  9.322918e-03 
 1.463186e+01  8.890094e-03 
 1.463226e+01  7.802855e-03 
 1.463265e+01  6.073808e-03 
 1.463305e+01  3.771279e-03 
 1.463345e+01  1.052630e-03 
 1.463385e+01 -1.882027e-03 
 1.463424e+01 -4.826055e-03 
 1.463464e+01 -7.554976e-03 
 1.463504e+01 -9.902884e-03 
 1.463544e+01 -1.170366e-02 
 1.463584e+01 -1.279710e-02 
 1.463623e+01 -1.307239e-02 
 1.463663e+01 -1.255211e-02 
 1.463703e+01 -1.125910e-02 
 1.463743e+01 -9.320756e-03 
 1.463782e+01 -6.877548e-03 
 1.463822e+01 -4.183844e-03 
 1.463862e+01 -1.491993e-03 
 1.463902e+01  9.691198e-04 
 1.463941e+01  3.022274e-03 
 1.463981e+01  4.503015e-03 
 1.464021e+01  5.335058e-03 
 1.464061e+01  5.528000e-03 
 1.464101e+01  5.179056e-03 
 1.464140e+01  4.399723e-03 
 1.464180e+01  3.359507e-03 
 1.464220e+01  2.253142e-03 
 1.464260e+01  1.231860e-03 
 1.464299e+01  4.283411e-04 
 1.464339e+01 -5.523639e-05 
 1.464379e+01 -1.032621e-04 
 1.464419e+01  2.781644e-04 
 1.464458e+01  1.104974e-03 
 1.464498e+01  2.368728e-03 
 1.464538e+01  4.026310e-03 
 1.464578e+01  6.020069e-03 
 1.464618e+01  8.227340e-03 
 1.464657e+01  1.047823e-02 
 1.464697e+01  1.262453e-02 
 1.464737e+01  1.449236e-02 
 1.464777e+01  1.589422e-02 
 1.464816e+01  1.670932e-02 
 1.464856e+01  1.680429e-02 
 1.464896e+01  1.611418e-02 
 1.464936e+01  1.465808e-02 
 1.464975e+01  1.250337e-02 
 1.465015e+01  9.719752e-03 
 1.465055e+01  6.479624e-03 
 1.465095e+01  2.888501e-03 
 1.465135e+01 -7.973313e-04 
 1.465174e+01 -4.334778e-03 
 1.465214e+01 -7.493697e-03 
 1.465254e+01 -1.002828e-02 
 1.465294e+01 -1.180946e-02 
 1.465333e+01 -1.267534e-02 
 1.465373e+01 -1.257572e-02 
 1.465413e+01 -1.157908e-02 
 1.465453e+01 -9.800201e-03 
 1.465492e+01 -7.415647e-03 
 1.465532e+01 -4.614675e-03 
 1.465572e+01 -1.595091e-03 
 1.465612e+01  1.457638e-03 
 1.465652e+01  4.320373e-03 
 1.465691e+01  6.841921e-03 
 1.465731e+01  8.898406e-03 
 1.465771e+01  1.043063e-02 
 1.465811e+01  1.140165e-02 
 1.465850e+01  1.180535e-02 
 1.465890e+01  1.163198e-02 
 1.465930e+01  1.094218e-02 
 1.465970e+01  9.823630e-03 
 1.466009e+01  8.409643e-03 
 1.466049e+01  6.820959e-03 
 1.466089e+01  5.208606e-03 
 1.466129e+01  3.804759e-03 
 1.466169e+01  2.740300e-03 
 1.466208e+01  2.059167e-03 
 1.466248e+01  1.822597e-03 
 1.466288e+01  2.007861e-03 
 1.466328e+01  2.553762e-03 
 1.466367e+01  3.365640e-03 
 1.466407e+01  4.381831e-03 
 1.466447e+01  5.485888e-03 
 1.466487e+01  6.575374e-03 
 1.466526e+01  7.573653e-03 
 1.466566e+01  8.377060e-03 
 1.466606e+01  8.905857e-03 
 1.466646e+01  9.033730e-03 
 1.466686e+01  8.665592e-03 
 1.466725e+01  7.812085e-03 
 1.466765e+01  6.524739e-03 
 1.466805e+01  4.776772e-03 
 1.466845e+01  2.685879e-03 
 1.466884e+01  4.053568e-04 
 1.466924e+01 -1.827131e-03 
 1.466964e+01 -3.800430e-03 
 1.467004e+01 -5.265305e-03 
 1.467043e+01 -6.076744e-03 
 1.467083e+01 -6.186834e-03 
 1.467123e+01 -5.553296e-03 
 1.467163e+01 -4.200312e-03 
 1.467203e+01 -2.258684e-03 
 1.467242e+01  1.272870e-04 
 1.467282e+01  2.819285e-03 
 1.467322e+01  5.612075e-03 
 1.467362e+01  8.406111e-03 
 1.467401e+01  1.109118e-02 
 1.467441e+01  1.345638e-02 
 1.467481e+01  1.539465e-02 
 1.467521e+01  1.681854e-02 
 1.467560e+01  1.767690e-02 
 1.467600e+01  1.795284e-02 
 1.467640e+01  1.767372e-02 
 1.467680e+01  1.687120e-02 
 1.467720e+01  1.561523e-02 
 1.467759e+01  1.403730e-02 
 1.467799e+01  1.218870e-02 
 1.467839e+01  1.017424e-02 
 1.467879e+01  8.150566e-03 
 1.467918e+01  6.209256e-03 
 1.467958e+01  4.518042e-03 
 1.467998e+01  3.188360e-03 
 1.468038e+01  2.282703e-03 
 1.468078e+01  1.758500e-03 
 1.468117e+01  1.633185e-03 
 1.468157e+01  1.872831e-03 
 1.468197e+01  2.333965e-03 
 1.468237e+01  2.936968e-03 
 1.468276e+01  3.543299e-03 
 1.468316e+01  4.021974e-03 
 1.468356e+01  4.313353e-03 
 1.468396e+01  4.318273e-03 
 1.468435e+01  3.971879e-03 
 1.468475e+01  3.310745e-03 
 1.468515e+01  2.419693e-03 
 1.468555e+01  1.398575e-03 
 1.468595e+01  3.560584e-04 
 1.468634e+01 -5.282995e-04 
 1.468674e+01 -1.148298e-03 
 1.468714e+01 -1.392193e-03 
 1.468754e+01 -1.145070e-03 
 1.468793e+01 -3.522273e-04 
 1.468833e+01  9.538114e-04 
 1.468873e+01  2.708815e-03 
 1.468913e+01  4.862438e-03 
 1.468952e+01  7.311025e-03 
 1.468992e+01  9.913735e-03 
 1.469032e+01  1.247431e-02 
 1.469072e+01  1.485703e-02 
 1.469112e+01  1.693542e-02 
 1.469151e+01  1.860928e-02 
 1.469191e+01  1.976460e-02 
 1.469231e+01  2.031122e-02 
 1.469271e+01  2.025478e-02 
 1.469310e+01  1.961400e-02 
 1.469350e+01  1.844838e-02 
 1.469390e+01  1.689310e-02 
 1.469430e+01  1.502473e-02 
 1.469469e+01  1.292616e-02 
 1.469509e+01  1.072980e-02 
 1.469549e+01  8.577773e-03 
 1.469589e+01  6.621164e-03 
 1.469629e+01  5.000678e-03 
 1.469668e+01  3.828390e-03 
 1.469708e+01  3.183698e-03 
 1.469748e+01  3.117535e-03 
 1.469788e+01  3.597558e-03 
 1.469827e+01  4.532130e-03 
 1.469867e+01  5.807413e-03 
 1.469907e+01  7.325313e-03 
 1.469947e+01  8.908226e-03 
 1.469986e+01  1.038938e-02 
 1.470026e+01  1.160727e-02 
 1.470066e+01  1.242847e-02 
 1.470106e+01  1.278230e-02 
 1.470146e+01  1.266120e-02 
 1.470185e+01  1.208999e-02 
 1.470225e+01  1.116753e-02 
 1.470265e+01  1.000324e-02 
 1.470305e+01  8.774860e-03 
 1.470344e+01  7.599086e-03 
 1.470384e+01  6.678053e-03 
 1.470424e+01  6.120961e-03 
 1.470464e+01  5.991929e-03 
 1.470503e+01  6.399348e-03 
 1.470543e+01  7.330985e-03 
 1.470583e+01  8.708093e-03 
 1.470623e+01  1.041801e-02 
 1.470663e+01  1.232405e-02 
 1.470702e+01  1.425399e-02 
 1.470742e+01  1.602972e-02 
 1.470782e+01  1.745593e-02 
 1.470822e+01  1.841803e-02 
 1.470861e+01  1.882362e-02 
 1.470901e+01  1.864382e-02 
 1.470941e+01  1.792476e-02 
 1.470981e+01  1.669096e-02 
 1.471020e+01  1.505460e-02 
 1.471060e+01  1.304437e-02 
 1.471100e+01  1.075740e-02 
 1.471140e+01  8.316343e-03 
 1.471180e+01  5.811870e-03 
 1.471219e+01  3.308420e-03 
 1.471259e+01  9.081478e-04 
 1.471299e+01 -1.263859e-03 
 1.471339e+01 -3.100644e-03 
 1.471378e+01 -4.495978e-03 
 1.471418e+01 -5.402510e-03 
 1.471458e+01 -5.806192e-03 
 1.471498e+01 -5.600864e-03 
 1.471537e+01 -4.783055e-03 
 1.471577e+01 -3.402018e-03 
 1.471617e+01 -1.609221e-03 
 1.471657e+01  4.467666e-04 
 1.471697e+01  2.580563e-03 
 1.471736e+01  4.673940e-03 
 1.471776e+01  6.558304e-03 
 1.471816e+01  8.121811e-03 
 1.471856e+01  9.297630e-03 
 1.471895e+01  1.010610e-02 
 1.471935e+01  1.059569e-02 
 1.471975e+01  1.079995e-02 
 1.472015e+01  1.076306e-02 
 1.472054e+01  1.054064e-02 
 1.472094e+01  1.020148e-02 
 1.472134e+01  9.914147e-03 
 1.472174e+01  9.783334e-03 
 1.472214e+01  9.823801e-03 
 1.472253e+01  1.003516e-02 
 1.472293e+01  1.042562e-02 
 1.472333e+01  1.089253e-02 
 1.472373e+01  1.141010e-02 
 1.472412e+01  1.195751e-02 
 1.472452e+01  1.244571e-02 
 1.472492e+01  1.285815e-02 
 1.472532e+01  1.318839e-02 
 1.472571e+01  1.337256e-02 
 1.472611e+01  1.334506e-02 
 1.472651e+01  1.306392e-02 
 1.472691e+01  1.245879e-02 
 1.472731e+01  1.151304e-02 
 1.472770e+01  1.026632e-02 
 1.472810e+01  8.721423e-03 
 1.472850e+01  6.852773e-03 
 1.472890e+01  4.799332e-03 
 1.472929e+01  2.654093e-03 
 1.472969e+01  5.322690e-04 
 1.473009e+01 -1.369574e-03 
 1.473049e+01 -2.895071e-03 
 1.473088e+01 -3.911466e-03 
 1.473128e+01 -4.298226e-03 
 1.473168e+01 -3.987547e-03 
 1.473208e+01 -3.051249e-03 
 1.473248e+01 -1.577659e-03 
 1.473287e+01  3.174658e-04 
 1.473327e+01  2.433061e-03 
 1.473367e+01  4.620734e-03 
 1.473407e+01  6.731239e-03 
 1.473446e+01  8.534288e-03 
 1.473486e+01  9.943061e-03 
 1.473526e+01  1.088926e-02 
 1.473566e+01  1.131157e-02 
 1.473605e+01  1.115888e-02 
 1.473645e+01  1.052070e-02 
 1.473685e+01  9.496840e-03 
 1.473725e+01  8.241671e-03 
 1.473765e+01  6.927152e-03 
 1.473804e+01  5.668273e-03 
 1.473844e+01  4.519079e-03 
 1.473884e+01  3.588394e-03 
 1.473924e+01  2.950195e-03 
 1.473963e+01  2.568610e-03 
 1.474003e+01  2.452156e-03 
 1.474043e+01  2.602796e-03 
 1.474083e+01  2.961951e-03 
 1.474122e+01  3.506154e-03 
 1.474162e+01  4.214047e-03 
 1.474202e+01  4.943293e-03 
 1.474242e+01  5.626843e-03 
 1.474282e+01  6.222356e-03 
 1.474321e+01  6.671266e-03 
 1.474361e+01  6.844541e-03 
 1.474401e+01  6.721462e-03 
 1.474441e+01  6.219954e-03 
 1.474480e+01  5.290225e-03 
 1.474520e+01  4.037696e-03 
 1.474560e+01  2.485854e-03 
 1.474600e+01  7.075443e-04 
 1.474639e+01 -1.075354e-03 
 1.474679e+01 -2.757337e-03 
 1.474719e+01 -4.162470e-03 
 1.474759e+01 -5.155387e-03 
 1.474799e+01 -5.578591e-03 
 1.474838e+01 -5.409066e-03 
 1.474878e+01 -4.583352e-03 
 1.474918e+01 -3.078184e-03 
 1.474958e+01 -9.793659e-04 
 1.474997e+01  1.622631e-03 
 1.475037e+01  4.570294e-03 
 1.475077e+01  7.594394e-03 
 1.475117e+01  1.053036e-02 
 1.475156e+01  1.309804e-02 
 1.475196e+01  1.510633e-02 
 1.475236e+01  1.634511e-02 
 1.475276e+01  1.674823e-02 
 1.475316e+01  1.627718e-02 
 1.475355e+01  1.496466e-02 
 1.475395e+01  1.293406e-02 
 1.475435e+01  1.031764e-02 
 1.475475e+01  7.274013e-03 
 1.475514e+01  4.031474e-03 
 1.475554e+01  8.225418e-04 
 1.475594e+01 -2.223200e-03 
 1.475634e+01 -4.979787e-03 
 1.475673e+01 -7.314199e-03 
 1.475713e+01 -9.147532e-03 
 1.475753e+01 -1.036943e-02 
 1.475793e+01 -1.096313e-02 
 1.475833e+01 -1.094669e-02 
 1.475872e+01 -1.034768e-02 
 1.475912e+01 -9.169427e-03 
 1.475952e+01 -7.544161e-03 
 1.475992e+01 -5.640568e-03 
 1.476031e+01 -3.626014e-03 
 1.476071e+01 -1.695468e-03 
 1.476111e+01 -7.455613e-06 
 1.476151e+01  1.302916e-03 
 1.476190e+01  2.099679e-03 
 1.476230e+01  2.222157e-03 
 1.476270e+01  1.732726e-03 
 1.476310e+01  6.913461e-04 
 1.476350e+01 -7.900783e-04 
 1.476389e+01 -2.488517e-03 
 1.476429e+01 -4.206481e-03 
 1.476469e+01 -5.774175e-03 
 1.476509e+01 -6.893847e-03 
 1.476548e+01 -7.437707e-03 
 1.476588e+01 -7.338231e-03 
 1.476628e+01 -6.558072e-03 
 1.476668e+01 -5.139127e-03 
 1.476707e+01 -3.184732e-03 
 1.476747e+01 -8.496736e-04 
 1.476787e+01  1.684177e-03 
 1.476827e+01  4.169276e-03 
 1.476867e+01  6.474145e-03 
 1.476906e+01  8.450259e-03 
 1.476946e+01  9.931506e-03 
 1.476986e+01  1.087048e-02 
 1.477026e+01  1.121239e-02 
 1.477065e+01  1.092394e-02 
 1.477105e+01  1.005588e-02 
 1.477145e+01  8.694937e-03 
 1.477185e+01  6.918592e-03 
 1.477225e+01  4.787326e-03 
 1.477264e+01  2.456145e-03 
 1.477304e+01  1.058604e-04 
 1.477344e+01 -2.125688e-03 
 1.477384e+01 -4.117844e-03 
 1.477423e+01 -5.760572e-03 
 1.477463e+01 -6.972971e-03 
 1.477503e+01 -7.701323e-03 
 1.477543e+01 -7.863748e-03 
 1.477582e+01 -7.550339e-03 
 1.477622e+01 -6.768486e-03 
 1.477662e+01 -5.585416e-03 
 1.477702e+01 -4.084239e-03 
 1.477742e+01 -2.308278e-03 
 1.477781e+01 -3.657052e-04 
 1.477821e+01  1.560671e-03 
 1.477861e+01  3.357342e-03 
 1.477901e+01  4.957965e-03 
 1.477940e+01  6.266831e-03 
 1.477980e+01  7.264975e-03 
 1.478020e+01  7.919334e-03 
 1.478060e+01  8.240983e-03 
 1.478099e+01  8.276219e-03 
 1.478139e+01  8.175884e-03 
 1.478179e+01  8.010861e-03 
 1.478219e+01  7.875331e-03 
 1.478259e+01  7.897877e-03 
 1.478298e+01  8.156684e-03 
 1.478338e+01  8.628261e-03 
 1.478378e+01  9.350438e-03 
 1.478418e+01  1.024819e-02 
 1.478457e+01  1.124867e-02 
 1.478497e+01  1.230111e-02 
 1.478537e+01  1.336578e-02 
 1.478577e+01  1.429937e-02 
 1.478616e+01  1.505799e-02 
 1.478656e+01  1.559302e-02 
 1.478696e+01  1.582258e-02 
 1.478736e+01  1.572382e-02 
 1.478776e+01  1.530127e-02 
 1.478815e+01  1.450375e-02 
 1.478855e+01  1.338722e-02 
 1.478895e+01  1.201151e-02 
 1.478935e+01  1.041107e-02 
 1.478974e+01  8.689388e-03 
 1.479014e+01  6.940457e-03 
 1.479054e+01  5.269092e-03 
 1.479094e+01  3.785127e-03 
 1.479133e+01  2.551366e-03 
 1.479173e+01  1.657271e-03 
 1.479213e+01  1.182011e-03 
 1.479253e+01  1.210077e-03 
 1.479293e+01  1.752550e-03 
 1.479332e+01  2.795252e-03 
 1.479372e+01  4.313514e-03 
 1.479412e+01  6.231826e-03 
 1.479452e+01  8.369760e-03 
 1.479491e+01  1.062184e-02 
 1.479531e+01  1.283332e-02 
 1.479571e+01  1.483099e-02 
 1.479611e+01  1.645834e-02 
 1.479650e+01  1.769551e-02 
 1.479690e+01  1.843389e-02 
 1.479730e+01  1.863622e-02 
 1.479770e+01  1.835606e-02 
 1.479810e+01  1.763592e-02 
 1.479849e+01  1.658731e-02 
 1.479889e+01  1.542925e-02 
 1.479929e+01  1.433782e-02 
 1.479969e+01  1.346981e-02 
 1.480008e+01  1.296861e-02 
 1.480048e+01  1.282851e-02 
 1.480088e+01  1.302994e-02 
 1.480128e+01  1.354922e-02 
 1.480167e+01  1.426912e-02 
 1.480207e+01  1.506734e-02 
 1.480247e+01  1.582793e-02 
 1.480287e+01  1.649059e-02 
 1.480327e+01  1.697283e-02 
 1.480366e+01  1.725171e-02 
 1.480406e+01  1.728639e-02 
 1.480446e+01  1.705547e-02 
 1.480486e+01  1.657540e-02 
 1.480525e+01  1.586466e-02 
 1.480565e+01  1.490274e-02 
 1.480605e+01  1.371514e-02 
 1.480645e+01  1.233656e-02 
 1.480684e+01  1.079604e-02 
 1.480724e+01  9.153567e-03 
 1.480764e+01  7.520555e-03 
 1.480804e+01  5.938601e-03 
 1.480844e+01  4.506872e-03 
 1.480883e+01  3.440039e-03 
 1.480923e+01  2.850232e-03 
 1.480963e+01  2.775908e-03 
 1.481003e+01  3.270436e-03 
 1.481042e+01  4.307144e-03 
 1.481082e+01  5.866039e-03 
 1.481122e+01  7.887545e-03 
 1.481162e+01  1.021112e-02 
 1.481201e+01  1.269271e-02 
 1.481241e+01  1.507288e-02 
 1.481281e+01  1.726699e-02 
 1.481321e+01  1.905284e-02 
 1.481361e+01  2.027261e-02 
 1.481400e+01  2.085612e-02 
 1.481440e+01  2.075288e-02 
 1.481480e+01  1.999343e-02 
 1.481520e+01  1.871209e-02 
 1.481559e+01  1.703856e-02 
 1.481599e+01  1.508016e-02 
 1.481639e+01  1.298041e-02 
 1.481679e+01  1.085558e-02 
 1.481718e+01  8.825930e-03 
 1.481758e+01  7.025989e-03 
 1.481798e+01  5.461669e-03 
 1.481838e+01  4.210361e-03 
 1.481878e+01  3.330726e-03 
 1.481917e+01  2.840759e-03 
 1.481957e+01  2.687604e-03 
 1.481997e+01  2.844715e-03 
 1.482037e+01  3.259515e-03 
 1.482076e+01  3.825053e-03 
 1.482116e+01  4.486642e-03 
 1.482156e+01  5.134712e-03 
 1.482196e+01  5.671745e-03 
 1.482235e+01  6.045218e-03 
 1.482275e+01  6.211643e-03 
 1.482315e+01  6.088297e-03 
 1.482355e+01  5.696723e-03 
 1.482395e+01  5.026863e-03 
 1.482434e+01  4.164033e-03 
 1.482474e+01  3.215050e-03 
 1.482514e+01  2.341092e-03 
 1.482554e+01  1.633541e-03 
 1.482593e+01  1.159292e-03 
 1.482633e+01  1.012080e-03 
 1.482673e+01  1.303305e-03 
 1.482713e+01  2.048755e-03 
 1.482752e+01  3.236530e-03 
 1.482792e+01  4.824058e-03 
 1.482832e+01  6.694369e-03 
 1.482872e+01  8.726213e-03 
 1.482912e+01  1.071215e-02 
 1.482951e+01  1.246839e-02 
 1.482991e+01  1.381246e-02 
 1.483031e+01  1.463718e-02 
 1.483071e+01  1.493653e-02 
 1.483110e+01  1.476252e-02 
 1.483150e+01  1.415207e-02 
 1.483190e+01  1.314543e-02 
 1.483230e+01  1.182659e-02 
 1.483269e+01  1.030847e-02 
 1.483309e+01  8.686940e-03 
 1.483349e+01  7.034560e-03 
 1.483389e+01  5.434932e-03 
 1.483429e+01  3.933369e-03 
 1.483468e+01  2.580628e-03 
 1.483508e+01  1.425299e-03 
 1.483548e+01  4.260712e-04 
 1.483588e+01 -4.709736e-04 
 1.483627e+01 -1.258004e-03 
 1.483667e+01 -1.950388e-03 
 1.483707e+01 -2.554582e-03 
 1.483747e+01 -3.082660e-03 
 1.483786e+01 -3.494091e-03 
 1.483826e+01 -3.867159e-03 
 1.483866e+01 -4.185051e-03 
 1.483906e+01 -4.394422e-03 
 1.483946e+01 -4.540744e-03 
 1.483985e+01 -4.597680e-03 
 1.484025e+01 -4.579508e-03 
 1.484065e+01 -4.529939e-03 
 1.484105e+01 -4.460582e-03 
 1.484144e+01 -4.441301e-03 
 1.484184e+01 -4.470031e-03 
 1.484224e+01 -4.491029e-03 
 1.484264e+01 -4.396948e-03 
 1.484303e+01 -4.116975e-03 
 1.484343e+01 -3.586669e-03 
 1.484383e+01 -2.760296e-03 
 1.484423e+01 -1.651671e-03 
 1.484463e+01 -2.566365e-04 
 1.484502e+01  1.305481e-03 
 1.484542e+01  2.985405e-03 
 1.484582e+01  4.583083e-03 
 1.484622e+01  5.989032e-03 
 1.484661e+01  7.080852e-03 
 1.484701e+01  7.749567e-03 
 1.484741e+01  7.956853e-03 
 1.484781e+01  7.664486e-03 
 1.484820e+01  6.830828e-03 
 1.484860e+01  5.597026e-03 
 1.484900e+01  4.039404e-03 
 1.484940e+01  2.236190e-03 
 1.484980e+01  2.313880e-04 
 1.485019e+01 -1.815910e-03 
 1.485059e+01 -3.809003e-03 
 1.485099e+01 -5.646102e-03 
 1.485139e+01 -7.169750e-03 
 1.485178e+01 -8.355079e-03 
 1.485218e+01 -9.159573e-03 
 1.485258e+01 -9.521952e-03 
 1.485298e+01 -9.415113e-03 
 1.485337e+01 -8.845876e-03 
 1.485377e+01 -7.892055e-03 
 1.485417e+01 -6.605834e-03 
 1.485457e+01 -5.065817e-03 
 1.485497e+01 -3.284089e-03 
 1.485536e+01 -1.356182e-03 
 1.485576e+01  5.388238e-04 
 1.485616e+01  2.247001e-03 
 1.485656e+01  3.668191e-03 
 1.485695e+01  4.651846e-03 
 1.485735e+01  5.131505e-03 
 1.485775e+01  5.129437e-03 
 1.485815e+01  4.652057e-03 
 1.485854e+01  3.822837e-03 
 1.485894e+01  2.779034e-03 
 1.485934e+01  1.616128e-03 
 1.485974e+01  4.791129e-04 
 1.486014e+01 -4.948100e-04 
 1.486053e+01 -1.266833e-03 
 1.486093e+01 -1.714889e-03 
 1.486133e+01 -1.774101e-03 
 1.486173e+01 -1.457825e-03 
 1.486212e+01 -7.870138e-04 
 1.486252e+01  2.210109e-04 
 1.486292e+01  1.498238e-03 
 1.486332e+01  2.856773e-03 
 1.486372e+01  4.157569e-03 
 1.486411e+01  5.309237e-03 
 1.486451e+01  6.151879e-03 
 1.486491e+01  6.606219e-03 
 1.486531e+01  6.606588e-03 
 1.486570e+01  6.106782e-03 
 1.486610e+01  5.138248e-03 
 1.486650e+01  3.777676e-03 
 1.486690e+01  2.143053e-03 
 1.486729e+01  2.381905e-04 
 1.486769e+01 -1.744716e-03 
 1.486809e+01 -3.720042e-03 
 1.486849e+01 -5.591928e-03 
 1.486889e+01 -7.182127e-03 
 1.486928e+01 -8.422830e-03 
 1.486968e+01 -9.210108e-03 
 1.487008e+01 -9.413541e-03 
 1.487048e+01 -8.891586e-03 
 1.487087e+01 -7.567925e-03 
 1.487127e+01 -5.430252e-03 
 1.487167e+01 -2.593991e-03 
 1.487207e+01  7.733154e-04 
 1.487246e+01  4.544818e-03 
 1.487286e+01  8.462241e-03 
 1.487326e+01  1.225020e-02 
 1.487366e+01  1.565883e-02 
 1.487406e+01  1.850587e-02 
 1.487445e+01  2.058954e-02 
 1.487485e+01  2.181816e-02 
 1.487525e+01  2.219563e-02 
 1.487565e+01  2.167847e-02 
 1.487604e+01  2.033484e-02 
 1.487644e+01  1.840934e-02 
 1.487684e+01  1.617276e-02 
 1.487724e+01  1.379443e-02 
 1.487763e+01  1.149985e-02 
 1.487803e+01  9.436051e-03 
 1.487843e+01  7.763197e-03 
 1.487883e+01  6.584735e-03 
 1.487923e+01  6.017625e-03 
 1.487962e+01  5.973441e-03 
 1.488002e+01  6.462920e-03 
 1.488042e+01  7.413841e-03 
 1.488082e+01  8.632652e-03 
 1.488121e+01  1.001520e-02 
 1.488161e+01  1.137299e-02 
 1.488201e+01  1.255262e-02 
 1.488241e+01  1.344203e-02 
 1.488280e+01  1.396523e-02 
 1.488320e+01  1.410970e-02 
 1.488360e+01  1.380791e-02 
 1.488400e+01  1.310094e-02 
 1.488440e+01  1.203876e-02 
 1.488479e+01  1.071172e-02 
 1.488519e+01  9.266167e-03 
 1.488559e+01  7.792970e-03 
 1.488599e+01  6.442125e-03 
 1.488638e+01  5.387049e-03 
 1.488678e+01  4.741794e-03 
 1.488718e+01  4.493088e-03 
 1.488758e+01  4.718631e-03 
 1.488797e+01  5.413068e-03 
 1.488837e+01  6.504323e-03 
 1.488877e+01  7.963192e-03 
 1.488917e+01  9.752551e-03 
 1.488957e+01  1.174298e-02 
 1.488996e+01  1.381655e-02 
 1.489036e+01  1.585277e-02 
 1.489076e+01  1.769978e-02 
 1.489116e+01  1.921959e-02 
 1.489155e+01  2.033771e-02 
 1.489195e+01  2.093667e-02 
 1.489235e+01  2.098420e-02 
 1.489275e+01  2.054349e-02 
 1.489314e+01  1.967913e-02 
 1.489354e+01  1.846269e-02 
 1.489394e+01  1.704206e-02 
 1.489434e+01  1.555716e-02 
 1.489474e+01  1.406070e-02 
 1.489513e+01  1.258007e-02 
 1.489553e+01  1.113530e-02 
 1.489593e+01  9.709984e-03 
 1.489633e+01  8.330876e-03 
 1.489672e+01  7.038956e-03 
 1.489712e+01  5.818488e-03 
 1.489752e+01  4.730999e-03 
 1.489792e+01  3.815540e-03 
 1.489831e+01  3.104221e-03 
 1.489871e+01  2.654631e-03 
 1.489911e+01  2.538210e-03 
 1.489951e+01  2.723861e-03 
 1.489991e+01  3.159950e-03 
 1.490030e+01  3.888861e-03 
 1.490070e+01  4.892523e-03 
 1.490110e+01  6.074007e-03 
 1.490150e+01  7.348966e-03 
 1.490189e+01  8.575368e-03 
 1.490229e+01  9.695460e-03 
 1.490269e+01  1.067700e-02 
 1.490309e+01  1.145047e-02 
 1.490348e+01  1.194932e-02 
 1.490388e+01  1.214979e-02 
 1.490428e+01  1.206153e-02 
 1.490468e+01  1.170963e-02 
 1.490508e+01  1.115699e-02 
 1.490547e+01  1.055050e-02 
 1.490587e+01  9.928318e-03 
 1.490627e+01  9.398141e-03 
 1.490667e+01  9.087517e-03 
 1.490706e+01  9.042233e-03 
 1.490746e+01  9.192886e-03 
 1.490786e+01  9.524775e-03 
 1.490826e+01  9.952514e-03 
 1.490865e+01  1.042325e-02 
 1.490905e+01  1.086726e-02 
 1.490945e+01  1.118560e-02 
 1.490985e+01  1.131951e-02 
 1.491025e+01  1.121310e-02 
 1.491064e+01  1.082217e-02 
 1.491104e+01  1.011563e-02 
 1.491144e+01  9.150368e-03 
 1.491184e+01  7.973952e-03 
 1.491223e+01  6.662066e-03 
 1.491263e+01  5.297605e-03 
 1.491303e+01  3.994602e-03 
 1.491343e+01  2.779489e-03 
 1.491382e+01  1.684779e-03 
 1.491422e+01  7.914263e-04 
 1.491462e+01  1.136443e-04 
 1.491502e+01 -3.167369e-04 
 1.491542e+01 -4.814573e-04 
 1.491581e+01 -3.714186e-04 
 1.491621e+01 -4.395186e-07 
 1.491661e+01  6.515065e-04 
 1.491701e+01  1.499192e-03 
 1.491740e+01  2.448645e-03 
 1.491780e+01  3.463380e-03 
 1.491820e+01  4.482842e-03 
 1.491860e+01  5.407663e-03 
 1.491899e+01  6.245073e-03 
 1.491939e+01  6.905574e-03 
 1.491979e+01  7.351460e-03 
 1.492019e+01  7.648674e-03 
 1.492059e+01  7.851422e-03 
 1.492098e+01  8.069629e-03 
 1.492138e+01  8.381654e-03 
 1.492178e+01  8.865427e-03 
 1.492218e+01  9.507192e-03 
 1.492257e+01  1.033354e-02 
 1.492297e+01  1.128929e-02 
 1.492337e+01  1.218855e-02 
 1.492377e+01  1.290201e-02 
 1.492416e+01  1.330315e-02 
 1.492456e+01  1.335434e-02 
 1.492496e+01  1.297142e-02 
 1.492536e+01  1.213024e-02 
 1.492576e+01  1.082294e-02 
 1.492615e+01  9.081929e-03 
 1.492655e+01  6.998707e-03 
 1.492695e+01  4.641893e-03 
 1.492735e+01  2.170399e-03 
 1.492774e+01 -2.397784e-04 
 1.492814e+01 -2.455567e-03 
 1.492854e+01 -4.293914e-03 
 1.492894e+01 -5.588770e-03 
 1.492933e+01 -6.272912e-03 
 1.492973e+01 -6.416752e-03 
 1.493013e+01 -6.027417e-03 
 1.493053e+01 -5.152964e-03 
 1.493093e+01 -3.910211e-03 
 1.493132e+01 -2.379452e-03 
 1.493172e+01 -6.356647e-04 
 1.493212e+01  1.232402e-03 
 1.493252e+01  3.136092e-03 
 1.493291e+01  4.973713e-03 
 1.493331e+01  6.633420e-03 
 1.493371e+01  8.020086e-03 
 1.493411e+01  9.045488e-03 
 1.493450e+01  9.675371e-03 
 1.493490e+01  9.861693e-03 
 1.493530e+01  9.684013e-03 
 1.493570e+01  9.116248e-03 
 1.493610e+01  8.182505e-03 
 1.493649e+01  6.989681e-03 
 1.493689e+01  5.657552e-03 
 1.493729e+01  4.295460e-03 
 1.493769e+01  3.076808e-03 
 1.493808e+01  2.136694e-03 
 1.493848e+01  1.600640e-03 
 1.493888e+01  1.594863e-03 
 1.493928e+01  2.131490e-03 
 1.493967e+01  3.165049e-03 
 1.494007e+01  4.638742e-03 
 1.494047e+01  6.397009e-03 
 1.494087e+01  8.251305e-03 
 1.494127e+01  1.001989e-02 
 1.494166e+01  1.148111e-02 
 1.494206e+01  1.241025e-02 
 1.494246e+01  1.267247e-02 
 1.494286e+01  1.216688e-02 
 1.494325e+01  1.086622e-02 
 1.494365e+01  8.811299e-03 
 1.494405e+01  6.147068e-03 
 1.494445e+01  3.045640e-03 
 1.494484e+01 -2.461197e-04 
 1.494524e+01 -3.511044e-03 
 1.494564e+01 -6.582396e-03 
 1.494604e+01 -9.321092e-03 
 1.494644e+01 -1.156781e-02 
 1.494683e+01 -1.321375e-02 
 1.494723e+01 -1.420778e-02 
 1.494763e+01 -1.452348e-02 
 1.494803e+01 -1.406894e-02 
 1.494842e+01 -1.285304e-02 
 1.494882e+01 -1.098724e-02 
 1.494922e+01 -8.547085e-03 
 1.494962e+01 -5.673110e-03 
 1.495001e+01 -2.550727e-03 
 1.495041e+01  6.571203e-04 
 1.495081e+01  3.771183e-03 
 1.495121e+01  6.629937e-03 
 1.495161e+01  9.054770e-03 
 1.495200e+01  1.089287e-02 
 1.495240e+01  1.207593e-02 
 1.495280e+01  1.259284e-02 
 1.495320e+01  1.240659e-02 
 1.495359e+01  1.159807e-02 
 1.495399e+01  1.029816e-02 
 1.495439e+01  8.680403e-03 
 1.495479e+01  6.831272e-03 
 1.495519e+01  4.906285e-03 
 1.495558e+01  3.032125e-03 
 1.495598e+01  1.365904e-03 
 1.495638e+01  2.377246e-05 
 1.495678e+01 -8.442361e-04 
 1.495717e+01 -1.188553e-03 
 1.495757e+01 -1.046300e-03 
 1.495797e+01 -5.085023e-04 
 1.495837e+01  2.607647e-04 
 1.495876e+01  1.142285e-03 
 1.495916e+01  2.069689e-03 
 1.495956e+01  2.986798e-03 
 1.495996e+01  3.915241e-03 
 1.496036e+01  4.855041e-03 
 1.496075e+01  5.754744e-03 
 1.496115e+01  6.501069e-03 
 1.496155e+01  7.005941e-03 
 1.496195e+01  7.172326e-03 
 1.496234e+01  6.979462e-03 
 1.496274e+01  6.406362e-03 
 1.496314e+01  5.473610e-03 
 1.496354e+01  4.212211e-03 
 1.496393e+01  2.674436e-03 
 1.496433e+01  9.823499e-04 
 1.496473e+01 -7.257067e-04 
 1.496513e+01 -2.288118e-03 
 1.496553e+01 -3.570248e-03 
 1.496592e+01 -4.415091e-03 
 1.496632e+01 -4.724725e-03 
 1.496672e+01 -4.369610e-03 
 1.496712e+01 -3.299642e-03 
 1.496751e+01 -1.614306e-03 
 1.496791e+01  5.711159e-04 
 1.496831e+01  3.116899e-03 
 1.496871e+01  5.843332e-03 
 1.496910e+01  8.621091e-03 
 1.496950e+01  1.121891e-02 
 1.496990e+01  1.343377e-02 
 1.497030e+01  1.511167e-02 
 1.497070e+01  1.609045e-02 
 1.497109e+01  1.631518e-02 
 1.497149e+01  1.578936e-02 
 1.497189e+01  1.457612e-02 
 1.497229e+01  1.274748e-02 
 1.497268e+01  1.045950e-02 
 1.497308e+01  7.883692e-03 
 1.497348e+01  5.209859e-03 
 1.497388e+01  2.606488e-03 
 1.497427e+01  2.422288e-04 
 1.497467e+01 -1.649088e-03 
 1.497507e+01 -2.928496e-03 
 1.497547e+01 -3.530501e-03 
 1.497587e+01 -3.446110e-03 
 1.497626e+01 -2.699952e-03 
 1.497666e+01 -1.389521e-03 
 1.497706e+01  3.338143e-04 
 1.497746e+01  2.312714e-03 
 1.497785e+01  4.383437e-03 
 1.497825e+01  6.384951e-03 
 1.497865e+01  8.203277e-03 
 1.497905e+01  9.685051e-03 
 1.497944e+01  1.075928e-02 
 1.497984e+01  1.135286e-02 
 1.498024e+01  1.145618e-02 
 1.498064e+01  1.113751e-02 
 1.498104e+01  1.050873e-02 
 1.498143e+01  9.641977e-03 
 1.498183e+01  8.648502e-03 
 1.498223e+01  7.639773e-03 
 1.498263e+01  6.761068e-03 
 1.498302e+01  6.099766e-03 
 1.498342e+01  5.745609e-03 
 1.498382e+01  5.766781e-03 
 1.498422e+01  6.195929e-03 
 1.498461e+01  7.035305e-03 
 1.498501e+01  8.195817e-03 
 1.498541e+01  9.481784e-03 
 1.498581e+01  1.073295e-02 
 1.498621e+01  1.175558e-02 
 1.498660e+01  1.242901e-02 
 1.498700e+01  1.269983e-02 
 1.498740e+01  1.253637e-02 
 1.498780e+01  1.200031e-02 
 1.498819e+01  1.114025e-02 
 1.498859e+01  1.003650e-02 
 1.498899e+01  8.761442e-03 
 1.498939e+01  7.366372e-03 
 1.498978e+01  5.900896e-03 
 1.499018e+01  4.452691e-03 
 1.499058e+01  3.122655e-03 
 1.499098e+01  2.000150e-03 
 1.499138e+01  1.138982e-03 
 1.499177e+01  5.437335e-04 
 1.499217e+01  2.207790e-04 
 1.499257e+01  1.485521e-04 
 1.499297e+01  2.613452e-04 
 1.499336e+01  5.458288e-04 
 1.499376e+01  1.005649e-03 
 1.499416e+01  1.612064e-03 
 1.499456e+01  2.313858e-03 
 1.499495e+01  3.069208e-03 
 1.499535e+01  3.866469e-03 
 1.499575e+01  4.689561e-03 
 1.499615e+01  5.585926e-03 
 1.499655e+01  6.552259e-03 
 1.499694e+01  7.605956e-03 
 1.499734e+01  8.677157e-03 
 1.499774e+01  9.657210e-03 
 1.499814e+01  1.046835e-02 
 1.499853e+01  1.105990e-02 
 1.499893e+01  1.141281e-02 
 1.499933e+01  1.152263e-02 
 1.499973e+01  1.146925e-02 
 1.500012e+01  1.130678e-02 
 1.500052e+01  1.110717e-02 
 1.500092e+01  1.090543e-02 
 1.500132e+01  1.070815e-02 
 1.500172e+01  1.052456e-02 
 1.500211e+01  1.038417e-02 
 1.500251e+01  1.029416e-02 
 1.500291e+01  1.022326e-02 
 1.500331e+01  1.016133e-02 
 1.500370e+01  9.995315e-03 
 1.500410e+01  9.695444e-03 
 1.500450e+01  9.236084e-03 
 1.500490e+01  8.688570e-03 
 1.500529e+01  8.080837e-03 
 1.500569e+01  7.504397e-03 
 1.500609e+01  7.047612e-03 
 1.500649e+01  6.733535e-03 
 1.500689e+01  6.582349e-03 
 1.500728e+01  6.605731e-03 
 1.500768e+01  6.725333e-03 
 1.500808e+01  6.968904e-03 
 1.500848e+01  7.305388e-03 
 1.500887e+01  7.742375e-03 
 1.500927e+01  8.251616e-03 
 1.500967e+01  8.759252e-03 
 1.501007e+01  9.251151e-03 
 1.501046e+01  9.638102e-03 
 1.501086e+01  9.969165e-03 
 1.501126e+01  1.025902e-02 
 1.501166e+01  1.050669e-02 
 1.501206e+01  1.078136e-02 
 1.501245e+01  1.109062e-02 
 1.501285e+01  1.144252e-02 
 1.501325e+01  1.181837e-02 
 1.501365e+01  1.217476e-02 
 1.501404e+01  1.250137e-02 
 1.501444e+01  1.280472e-02 
 1.501484e+01  1.311607e-02 
 1.501524e+01  1.340366e-02 
 1.501563e+01  1.365513e-02 
 1.501603e+01  1.394846e-02 
 1.501643e+01  1.424434e-02 
 1.501683e+01  1.452329e-02 
 1.501723e+01  1.480350e-02 
 1.501762e+01  1.499102e-02 
 1.501802e+01  1.504988e-02 
 1.501842e+01  1.495572e-02 
 1.501882e+01  1.466635e-02 
 1.501921e+01  1.414877e-02 
 1.501961e+01  1.340334e-02 
 1.502001e+01  1.247686e-02 
 1.502041e+01  1.141502e-02 
 1.502080e+01  1.026004e-02 
 1.502120e+01  9.045078e-03 
 1.502160e+01  7.758570e-03 
 1.502200e+01  6.476353e-03 
 1.502240e+01  5.277180e-03 
 1.502279e+01  4.233469e-03 
 1.502319e+01  3.425323e-03 
 1.502359e+01  2.897466e-03 
 1.502399e+01  2.666399e-03 
 1.502438e+01  2.735196e-03 
 1.502478e+01  3.103407e-03 
 1.502518e+01  3.750817e-03 
 1.502558e+01  4.643553e-03 
 1.502597e+01  5.728409e-03 
 1.502637e+01  6.930576e-03 
 1.502677e+01  8.174762e-03 
 1.502717e+01  9.385325e-03 
 1.502757e+01  1.051949e-02 
 1.502796e+01  1.150738e-02 
 1.502836e+01  1.235694e-02 
 1.502876e+01  1.306652e-02 
 1.502916e+01  1.362293e-02 
 1.502955e+01  1.401672e-02 
 1.502995e+01  1.420693e-02 
 1.503035e+01  1.410016e-02 
 1.503075e+01  1.363789e-02 
 1.503114e+01  1.277247e-02 
 1.503154e+01  1.150484e-02 
 1.503194e+01  9.895689e-03 
 1.503234e+01  8.064122e-03 
 1.503274e+01  6.157329e-03 
 1.503313e+01  4.289782e-03 
 1.503353e+01  2.655908e-03 
 1.503393e+01  1.322566e-03 
 1.503433e+01  3.995662e-04 
 1.503472e+01 -2.741514e-05 
 1.503512e+01  7.172203e-05 
 1.503552e+01  6.414871e-04 
 1.503592e+01  1.617214e-03 
 1.503631e+01  2.882550e-03 
 1.503671e+01  4.285414e-03 
 1.503711e+01  5.725536e-03 
 1.503751e+01  7.010752e-03 
 1.503791e+01  8.018100e-03 
 1.503830e+01  8.664320e-03 
 1.503870e+01  8.809417e-03 
 1.503910e+01  8.396355e-03 
 1.503950e+01  7.408559e-03 
 1.503989e+01  5.903116e-03 
 1.504029e+01  3.938895e-03 
 1.504069e+01  1.683139e-03 
 1.504109e+01 -6.409741e-04 
 1.504148e+01 -2.867085e-03 
 1.504188e+01 -4.780042e-03 
 1.504228e+01 -6.193391e-03 
 1.504268e+01 -7.003132e-03 
 1.504308e+01 -7.113246e-03 
 1.504347e+01 -6.526174e-03 
 1.504387e+01 -5.277111e-03 
 1.504427e+01 -3.445396e-03 
 1.504467e+01 -1.170451e-03 
 1.504506e+01  1.382653e-03 
 1.504546e+01  3.992765e-03 
 1.504586e+01  6.482832e-03 
 1.504626e+01  8.640852e-03 
 1.504666e+01  1.024187e-02 
 1.504705e+01  1.113470e-02 
 1.504745e+01  1.124172e-02 
 1.504785e+01  1.047438e-02 
 1.504825e+01  8.880950e-03 
 1.504864e+01  6.563004e-03 
 1.504904e+01  3.637782e-03 
 1.504944e+01  2.892277e-04 
 1.504984e+01 -3.264290e-03 
 1.505023e+01 -6.789348e-03 
 1.505063e+01 -9.998286e-03 
 1.505103e+01 -1.263947e-02 
 1.505143e+01 -1.452557e-02 
 1.505183e+01 -1.556001e-02 
 1.505222e+01 -1.569962e-02 
 1.505262e+01 -1.503580e-02 
 1.505302e+01 -1.373811e-02 
 1.505342e+01 -1.193567e-02 
 1.505381e+01 -9.807970e-03 
 1.505421e+01 -7.527918e-03 
 1.505461e+01 -5.236003e-03 
 1.505501e+01 -3.095755e-03 
 1.505540e+01 -1.238093e-03 
 1.505580e+01  2.645356e-04 
 1.505620e+01  1.351074e-03 
 1.505660e+01  2.033905e-03 
 1.505700e+01  2.370350e-03 
 1.505739e+01  2.408222e-03 
 1.505779e+01  2.184864e-03 
 1.505819e+01  1.801798e-03 
 1.505859e+01  1.308084e-03 
 1.505898e+01  7.290324e-04 
 1.505938e+01  1.057256e-04 
 1.505978e+01 -4.968793e-04 
 1.506018e+01 -1.016978e-03 
 1.506057e+01 -1.357257e-03 
 1.506097e+01 -1.490536e-03 
 1.506137e+01 -1.378847e-03 
 1.506177e+01 -9.885965e-04 
 1.506217e+01 -3.281140e-04 
 1.506256e+01  5.796060e-04 
 1.506296e+01  1.660172e-03 
 1.506336e+01  2.867861e-03 
 1.506376e+01  4.102380e-03 
 1.506415e+01  5.295133e-03 
 1.506455e+01  6.386371e-03 
 1.506495e+01  7.298171e-03 
 1.506535e+01  7.954291e-03 
 1.506574e+01  8.248706e-03 
 1.506614e+01  8.159613e-03 
 1.506654e+01  7.667890e-03 
 1.506694e+01  6.745963e-03 
 1.506734e+01  5.460445e-03 
 1.506773e+01  3.904027e-03 
 1.506813e+01  2.229225e-03 
 1.506853e+01  5.610428e-04 
 1.506893e+01 -1.002308e-03 
 1.506932e+01 -2.366531e-03 
 1.506972e+01 -3.487210e-03 
 1.507012e+01 -4.284085e-03 
 1.507052e+01 -4.709840e-03 
 1.507091e+01 -4.661167e-03 
 1.507131e+01 -4.152629e-03 
 1.507171e+01 -3.201894e-03 
 1.507211e+01 -1.862763e-03 
 1.507251e+01 -2.291230e-04 
 1.507290e+01  1.575387e-03 
 1.507330e+01  3.435732e-03 
 1.507370e+01  5.196570e-03 
 1.507410e+01  6.762413e-03 
 1.507449e+01  8.057609e-03 
 1.507489e+01  8.989270e-03 
 1.507529e+01  9.512317e-03 
 1.507569e+01  9.602502e-03 
 1.507608e+01  9.281407e-03 
 1.507648e+01  8.618526e-03 
 1.507688e+01  7.697309e-03 
 1.507728e+01  6.638880e-03 
 1.507768e+01  5.534466e-03 
 1.507807e+01  4.468824e-03 
 1.507847e+01  3.516077e-03 
 1.507887e+01  2.749974e-03 
 1.507927e+01  2.251405e-03 
 1.507966e+01  2.045066e-03 
 1.508006e+01  2.145422e-03 
 1.508046e+01  2.590899e-03 
 1.508086e+01  3.351038e-03 
 1.508125e+01  4.365173e-03 
 1.508165e+01  5.585557e-03 
 1.508205e+01  6.907076e-03 
 1.508245e+01  8.244559e-03 
 1.508285e+01  9.478082e-03 
 1.508324e+01  1.050560e-02 
 1.508364e+01  1.124867e-02 
 1.508404e+01  1.164041e-02 
 1.508444e+01  1.163032e-02 
 1.508483e+01  1.124764e-02 
 1.508523e+01  1.056438e-02 
 1.508563e+01  9.688462e-03 
 1.508603e+01  8.752784e-03 
 1.508642e+01  7.867813e-03 
 1.508682e+01  7.165701e-03 
 1.508722e+01  6.689922e-03 
 1.508762e+01  6.444931e-03 
 1.508802e+01  6.444411e-03 
 1.508841e+01  6.691836e-03 
 1.508881e+01  7.195155e-03 
 1.508921e+01  7.938709e-03 
 1.508961e+01  8.907316e-03 
 1.509000e+01  1.006211e-02 
 1.509040e+01  1.133689e-02 
 1.509080e+01  1.265387e-02 
 1.509120e+01  1.393719e-02 
 1.509159e+01  1.509312e-02 
 1.509199e+01  1.600176e-02 
 1.509239e+01  1.658509e-02 
 1.509279e+01  1.675891e-02 
 1.509319e+01  1.651050e-02 
 1.509358e+01  1.583650e-02 
 1.509398e+01  1.477292e-02 
 1.509438e+01  1.347634e-02 
 1.509478e+01  1.204919e-02 
 1.509517e+01  1.065082e-02 
 1.509557e+01  9.409076e-03 
 1.509597e+01  8.399216e-03 
 1.509637e+01  7.697062e-03 
 1.509676e+01  7.331593e-03 
 1.509716e+01  7.299026e-03 
 1.509756e+01  7.535839e-03 
 1.509796e+01  7.997922e-03 
 1.509836e+01  8.546967e-03 
 1.509875e+01  9.114856e-03 
 1.509915e+01  9.627066e-03 
 1.509955e+01  1.007151e-02 
 1.509995e+01  1.044136e-02 
 1.510034e+01  1.071700e-02 
 1.510074e+01  1.093874e-02 
 1.510114e+01  1.109542e-02 
 1.510154e+01  1.116428e-02 
 1.510193e+01  1.114165e-02 
 1.510233e+01  1.108231e-02 
 1.510273e+01  1.105652e-02 
 1.510313e+01  1.117186e-02 
 1.510353e+01  1.146802e-02 
 1.510392e+01  1.196423e-02 
 1.510432e+01  1.265252e-02 
 1.510472e+01  1.343475e-02 
 1.510512e+01  1.424054e-02 
 1.510551e+01  1.497468e-02 
 1.510591e+01  1.559114e-02 
 1.510631e+01  1.604783e-02 
 1.510671e+01  1.627836e-02 
 1.510710e+01  1.627729e-02 
 1.510750e+01  1.600336e-02 
 1.510790e+01  1.547577e-02 
 1.510830e+01  1.474169e-02 
 1.510870e+01  1.384262e-02 
 1.510909e+01  1.285595e-02 
 1.510949e+01  1.184086e-02 
 1.510989e+01  1.092114e-02 
 1.511029e+01  1.020677e-02 
 1.511068e+01  9.757960e-03 
 1.511108e+01  9.580338e-03 
 1.511148e+01  9.681182e-03 
 1.511188e+01  1.003830e-02 
 1.511227e+01  1.060995e-02 
 1.511267e+01  1.134646e-02 
 1.511307e+01  1.216829e-02 
 1.511347e+01  1.299753e-02 
 1.511387e+01  1.375877e-02 
 1.511426e+01  1.434649e-02 
 1.511466e+01  1.466963e-02 
 1.511506e+01  1.464266e-02 
 1.511546e+01  1.424902e-02 
 1.511585e+01  1.349810e-02 
 1.511625e+01  1.246303e-02 
 1.511665e+01  1.124694e-02 
 1.511705e+01  9.946026e-03 
 1.511744e+01  8.666668e-03 
 1.511784e+01  7.494740e-03 
 1.511824e+01  6.535036e-03 
 1.511864e+01  5.934906e-03 
 1.511904e+01  5.739864e-03 
 1.511943e+01  5.965315e-03 
 1.511983e+01  6.615969e-03 
 1.512023e+01  7.632763e-03 
 1.512063e+01  8.899333e-03 
 1.512102e+01  1.028776e-02 
 1.512142e+01  1.166505e-02 
 1.512182e+01  1.286063e-02 
 1.512222e+01  1.379957e-02 
 1.512261e+01  1.439683e-02 
 1.512301e+01  1.462824e-02 
 1.512341e+01  1.443751e-02 
 1.512381e+01  1.375375e-02 
 1.512421e+01  1.263809e-02 
 1.512460e+01  1.113930e-02 
 1.512500e+01  9.367437e-03 
 1.512540e+01  7.405942e-03 
 1.512580e+01  5.386572e-03 
 1.512619e+01  3.408027e-03 
 1.512659e+01  1.570961e-03 
 1.512699e+01 -4.764029e-05 
 1.512739e+01 -1.378732e-03 
 1.512778e+01 -2.373931e-03 
 1.512818e+01 -3.030411e-03 
 1.512858e+01 -3.370326e-03 
 1.512898e+01 -3.412616e-03 
 1.512938e+01 -3.206532e-03 
 1.512977e+01 -2.786511e-03 
 1.513017e+01 -2.217022e-03 
 1.513057e+01 -1.473419e-03 
 1.513097e+01 -6.006911e-04 
 1.513136e+01  3.994932e-04 
 1.513176e+01  1.502647e-03 
 1.513216e+01  2.639281e-03 
 1.513256e+01  3.727366e-03 
 1.513295e+01  4.652478e-03 
 1.513335e+01  5.247780e-03 
 1.513375e+01  5.434393e-03 
 1.513415e+01  5.181004e-03 
 1.513455e+01  4.447297e-03 
 1.513494e+01  3.294596e-03 
 1.513534e+01  1.818508e-03 
 1.513574e+01  1.351544e-04 
 1.513614e+01 -1.614026e-03 
 1.513653e+01 -3.290780e-03 
 1.513693e+01 -4.771055e-03 
 1.513733e+01 -5.924797e-03 
 1.513773e+01 -6.664113e-03 
 1.513812e+01 -6.923581e-03 
 1.513852e+01 -6.695356e-03 
 1.513892e+01 -5.927660e-03 
 1.513932e+01 -4.718357e-03 
 1.513972e+01 -3.192802e-03 
 1.514011e+01 -1.443492e-03 
 1.514051e+01  4.068868e-04 
 1.514091e+01  2.260567e-03 
 1.514131e+01  4.016369e-03 
 1.514170e+01  5.540581e-03 
 1.514210e+01  6.749471e-03 
 1.514250e+01  7.494237e-03 
 1.514290e+01  7.641021e-03 
 1.514330e+01  7.092627e-03 
 1.514369e+01  5.794081e-03 
 1.514409e+01  3.812431e-03 
 1.514449e+01  1.288079e-03 
 1.514489e+01 -1.494159e-03 
 1.514528e+01 -4.258075e-03 
 1.514568e+01 -6.766743e-03 
 1.514608e+01 -8.823731e-03 
 1.514648e+01 -1.023015e-02 
 1.514687e+01 -1.089371e-02 
 1.514727e+01 -1.081600e-02 
 1.514767e+01 -1.001272e-02 
 1.514807e+01 -8.545598e-03 
 1.514847e+01 -6.529824e-03 
 1.514886e+01 -4.116924e-03 
 1.514926e+01 -1.528257e-03 
 1.514966e+01  1.025673e-03 
 1.515006e+01  3.362790e-03 
 1.515045e+01  5.310302e-03 
 1.515085e+01  6.764807e-03 
 1.515125e+01  7.702508e-03 
 1.515165e+01  8.081517e-03 
 1.515204e+01  7.877337e-03 
 1.515244e+01  7.104215e-03 
 1.515284e+01  5.813715e-03 
 1.515324e+01  4.100795e-03 
 1.515364e+01  2.079643e-03 
 1.515403e+01 -5.424050e-05 
 1.515443e+01 -2.187503e-03 
 1.515483e+01 -4.155551e-03 
 1.515523e+01 -5.820562e-03 
 1.515562e+01 -7.154323e-03 
 1.515602e+01 -8.074105e-03 
 1.515642e+01 -8.523922e-03 
 1.515682e+01 -8.503850e-03 
 1.515721e+01 -7.954353e-03 
 1.515761e+01 -6.858457e-03 
 1.515801e+01 -5.267968e-03 
 1.515841e+01 -3.306885e-03 
 1.515881e+01 -1.136659e-03 
 1.515920e+01  1.080438e-03 
 1.515960e+01  3.222032e-03 
 1.516000e+01  5.096853e-03 
 1.516040e+01  6.631261e-03 
 1.516079e+01  7.716277e-03 
 1.516119e+01  8.326455e-03 
 1.516159e+01  8.457761e-03 
 1.516199e+01  8.072682e-03 
 1.516238e+01  7.286323e-03 
 1.516278e+01  6.193426e-03 
 1.516318e+01  4.947986e-03 
 1.516358e+01  3.694155e-03 
 1.516398e+01  2.632683e-03 
 1.516437e+01  1.873323e-03 
 1.516477e+01  1.452343e-03 
 1.516517e+01  1.450743e-03 
 1.516557e+01  1.853228e-03 
 1.516596e+01  2.664227e-03 
 1.516636e+01  3.887060e-03 
 1.516676e+01  5.457852e-03 
 1.516716e+01  7.271818e-03 
 1.516755e+01  9.178182e-03 
 1.516795e+01  1.102262e-02 
 1.516835e+01  1.268433e-02 
 1.516875e+01  1.405752e-02 
 1.516915e+01  1.507454e-02 
 1.516954e+01  1.567794e-02 
 1.516994e+01  1.590595e-02 
 1.517034e+01  1.577602e-02 
 1.517074e+01  1.521346e-02 
 1.517113e+01  1.425733e-02 
 1.517153e+01  1.291428e-02 
 1.517193e+01  1.127770e-02 
 1.517233e+01  9.505383e-03 
 1.517272e+01  7.760563e-03 
 1.517312e+01  6.133254e-03 
 1.517352e+01  4.775034e-03 
 1.517392e+01  3.666113e-03 
 1.517432e+01  2.827606e-03 
 1.517471e+01  2.260040e-03 
 1.517511e+01  1.952268e-03 
 1.517551e+01  1.865021e-03 
 1.517591e+01  1.973486e-03 
 1.517630e+01  2.253296e-03 
 1.517670e+01  2.648372e-03 
 1.517710e+01  3.134972e-03 
 1.517750e+01  3.717166e-03 
 1.517789e+01  4.347758e-03 
 1.517829e+01  4.973694e-03 
 1.517869e+01  5.599617e-03 
 1.517909e+01  6.166656e-03 
 1.517949e+01  6.657584e-03 
 1.517988e+01  7.106646e-03 
 1.518028e+01  7.504132e-03 
 1.518068e+01  7.809592e-03 
 1.518108e+01  8.031391e-03 
 1.518147e+01  8.194940e-03 
 1.518187e+01  8.284985e-03 
 1.518227e+01  8.278589e-03 
 1.518267e+01  8.135613e-03 
 1.518306e+01  7.887894e-03 
 1.518346e+01  7.522945e-03 
 1.518386e+01  7.100670e-03 
 1.518426e+01  6.674656e-03 
 1.518466e+01  6.345618e-03 
 1.518505e+01  6.166304e-03 
 1.518545e+01  6.165078e-03 
 1.518585e+01  6.359545e-03 
 1.518625e+01  6.800829e-03 
 1.518664e+01  7.449544e-03 
 1.518704e+01  8.239324e-03 
 1.518744e+01  9.171418e-03 
 1.518784e+01  1.018719e-02 
 1.518823e+01  1.118594e-02 
 1.518863e+01  1.209306e-02 
 1.518903e+01  1.280550e-02 
 1.518943e+01  1.330541e-02 
 1.518983e+01  1.352168e-02 
 1.519022e+01  1.345840e-02 
 1.519062e+01  1.311498e-02 
 1.519102e+01  1.247264e-02 
 1.519142e+01  1.156291e-02 
 1.519181e+01  1.043920e-02 
 1.519221e+01  9.225509e-03 
 1.519261e+01  8.118286e-03 
 1.519301e+01  7.181548e-03 
 1.519340e+01  6.580664e-03 
 1.519380e+01  6.351737e-03 
 1.519420e+01  6.466182e-03 
 1.519460e+01  6.861230e-03 
 1.519500e+01  7.437073e-03 
 1.519539e+01  8.097926e-03 
 1.519579e+01  8.801090e-03 
 1.519619e+01  9.495475e-03 
 1.519659e+01  1.014576e-02 
 1.519698e+01  1.075406e-02 
 1.519738e+01  1.131495e-02 
 1.519778e+01  1.180459e-02 
 1.519818e+01  1.221033e-02 
 1.519857e+01  1.250089e-02 
 1.519897e+01  1.271432e-02 
 1.519937e+01  1.282146e-02 
 1.519977e+01  1.280035e-02 
 1.520017e+01  1.264649e-02 
 1.520056e+01  1.232230e-02 
 1.520096e+01  1.185116e-02 
 1.520136e+01  1.123792e-02 
 1.520176e+01  1.053647e-02 
 1.520215e+01  9.801851e-03 
 1.520255e+01  9.024732e-03 
 1.520295e+01  8.201655e-03 
 1.520335e+01  7.325649e-03 
 1.520374e+01  6.460023e-03 
 1.520414e+01  5.616070e-03 
 1.520454e+01  4.824149e-03 
 1.520494e+01  4.141827e-03 
 1.520534e+01  3.630617e-03 
 1.520573e+01  3.291182e-03 
 1.520613e+01  3.129657e-03 
 1.520653e+01  3.179931e-03 
 1.520693e+01  3.459814e-03 
 1.520732e+01  3.976266e-03 
 1.520772e+01  4.722729e-03 
 1.520812e+01  5.692811e-03 
 1.520852e+01  6.836456e-03 
 1.520891e+01  7.999770e-03 
 1.520931e+01  9.071505e-03 
 1.520971e+01  9.943239e-03 
 1.521011e+01  1.051299e-02 
 1.521051e+01  1.069413e-02 
 1.521090e+01  1.046394e-02 
 1.521130e+01  9.911147e-03 
 1.521170e+01  9.084963e-03 
 1.521210e+01  8.130087e-03 
 1.521249e+01  7.161591e-03 
 1.521289e+01  6.285195e-03 
 1.521329e+01  5.589235e-03 
 1.521369e+01  5.140594e-03 
 1.521408e+01  5.024964e-03 
 1.521448e+01  5.262589e-03 
 1.521488e+01  5.876710e-03 
 1.521528e+01  6.862227e-03 
 1.521568e+01  8.202971e-03 
 1.521607e+01  9.849145e-03 
 1.521647e+01  1.166283e-02 
 1.521687e+01  1.345726e-02 
 1.521727e+01  1.505835e-02 
 1.521766e+01  1.629148e-02 
 1.521806e+01  1.701692e-02 
 1.521846e+01  1.714884e-02 
 1.521886e+01  1.663479e-02 
 1.521925e+01  1.551905e-02 
 1.521965e+01  1.388637e-02 
 1.522005e+01  1.186898e-02 
 1.522045e+01  9.658374e-03 
 1.522085e+01  7.390461e-03 
 1.522124e+01  5.242815e-03 
 1.522164e+01  3.325520e-03 
 1.522204e+01  1.687838e-03 
 1.522244e+01  4.311790e-04 
 1.522283e+01 -4.376438e-04 
 1.522323e+01 -9.244450e-04 
 1.522363e+01 -9.871681e-04 
 1.522403e+01 -5.894857e-04 
 1.522442e+01  2.637542e-04 
 1.522482e+01  1.521178e-03 
 1.522522e+01  3.132184e-03 
 1.522562e+01  4.961759e-03 
 1.522602e+01  6.893617e-03 
 1.522641e+01  8.786204e-03 
 1.522681e+01  1.050913e-02 
 1.522721e+01  1.195955e-02 
 1.522761e+01  1.300977e-02 
 1.522800e+01  1.356471e-02 
 1.522840e+01  1.351654e-02 
 1.522880e+01  1.291457e-02 
 1.522920e+01  1.176809e-02 
 1.522959e+01  1.012440e-02 
 1.522999e+01  8.135518e-03 
 1.523039e+01  5.924941e-03 
 1.523079e+01  3.649465e-03 
 1.523119e+01  1.450157e-03 
 1.523158e+01 -4.837601e-04 
 1.523198e+01 -2.004348e-03 
 1.523238e+01 -3.030323e-03 
 1.523278e+01 -3.539910e-03 
 1.523317e+01 -3.527766e-03 
 1.523357e+01 -3.062929e-03 
 1.523397e+01 -2.227510e-03 
 1.523437e+01 -1.150951e-03 
 1.523477e+01  6.931952e-05 
 1.523516e+01  1.355754e-03 
 1.523556e+01  2.633030e-03 
 1.523596e+01  3.830485e-03 
 1.523636e+01  4.862398e-03 
 1.523675e+01  5.569312e-03 
 1.523715e+01  5.799066e-03 
 1.523755e+01  5.496068e-03 
 1.523795e+01  4.633726e-03 
 1.523834e+01  3.292609e-03 
 1.523874e+01  1.592386e-03 
 1.523914e+01 -2.911231e-04 
 1.523954e+01 -2.124424e-03 
 1.523994e+01 -3.735692e-03 
 1.524033e+01 -4.951465e-03 
 1.524073e+01 -5.693316e-03 
 1.524113e+01 -5.919329e-03 
 1.524153e+01 -5.584240e-03 
 1.524192e+01 -4.750480e-03 
 1.524232e+01 -3.454254e-03 
 1.524272e+01 -1.734430e-03 
 1.524312e+01  2.774297e-04 
 1.524351e+01  2.550627e-03 
 1.524391e+01  4.926250e-03 
 1.524431e+01  7.266783e-03 
 1.524471e+01  9.441323e-03 
 1.524511e+01  1.127944e-02 
 1.524550e+01  1.263779e-02 
 1.524590e+01  1.339174e-02 
 1.524630e+01  1.351959e-02 
 1.524670e+01  1.304128e-02 
 1.524709e+01  1.206017e-02 
 1.524749e+01  1.076603e-02 
 1.524789e+01  9.309958e-03 
 1.524829e+01  7.811870e-03 
 1.524868e+01  6.354980e-03 
 1.524908e+01  4.986548e-03 
 1.524948e+01  3.685773e-03 
 1.524988e+01  2.474404e-03 
 1.525028e+01  1.290404e-03 
 1.525067e+01  1.837500e-04 
 1.525107e+01 -7.972058e-04 
 1.525147e+01 -1.582862e-03 
 1.525187e+01 -2.092394e-03 
 1.525226e+01 -2.287476e-03 
 1.525266e+01 -2.112275e-03 
 1.525306e+01 -1.626001e-03 
 1.525346e+01 -8.515034e-04 
 1.525385e+01  1.400852e-04 
 1.525425e+01  1.284594e-03 
 1.525465e+01  2.452485e-03 
 1.525505e+01  3.578643e-03 
 1.525545e+01  4.588297e-03 
 1.525584e+01  5.406427e-03 
 1.525624e+01  5.940039e-03 
 1.525664e+01  6.125173e-03 
 1.525704e+01  5.944077e-03 
 1.525743e+01  5.415116e-03 
 1.525783e+01  4.580815e-03 
 1.525823e+01  3.506326e-03 
 1.525863e+01  2.302732e-03 
 1.525902e+01  1.062743e-03 
 1.525942e+01 -1.320787e-04 
 1.525982e+01 -1.147179e-03 
 1.526022e+01 -1.923269e-03 
 1.526062e+01 -2.384477e-03 
 1.526101e+01 -2.502523e-03 
 1.526141e+01 -2.212451e-03 
 1.526181e+01 -1.542081e-03 
 1.526221e+01 -5.438761e-04 
 1.526260e+01  6.903600e-04 
 1.526300e+01  2.067077e-03 
 1.526340e+01  3.501018e-03 
 1.526380e+01  4.895784e-03 
 1.526419e+01  6.092021e-03 
 1.526459e+01  6.936092e-03 
 1.526499e+01  7.339857e-03 
 1.526539e+01  7.208125e-03 
 1.526579e+01  6.524210e-03 
 1.526618e+01  5.391471e-03 
 1.526658e+01  3.961173e-03 
 1.526698e+01  2.458755e-03 
 1.526738e+01  1.147911e-03 
 1.526777e+01  9.908714e-05 
 1.526817e+01 -5.716425e-04 
 1.526857e+01 -9.041737e-04 
 1.526897e+01 -9.567539e-04 
 1.526936e+01 -7.469045e-04 
 1.526976e+01 -3.344487e-04 
 1.527016e+01  3.405566e-04 
 1.527056e+01  1.169572e-03 
 1.527096e+01  2.148813e-03 
 1.527135e+01  3.276861e-03 
 1.527175e+01  4.423063e-03 
 1.527215e+01  5.536517e-03 
 1.527255e+01  6.514139e-03 
 1.527294e+01  7.280360e-03 
 1.527334e+01  7.795333e-03 
 1.527374e+01  8.059780e-03 
 1.527414e+01  8.089038e-03 
 1.527453e+01  7.918494e-03 
 1.527493e+01  7.656193e-03 
 1.527533e+01  7.344308e-03 
 1.527573e+01  7.072263e-03 
 1.527613e+01  6.938637e-03 
 1.527652e+01  6.921679e-03 
 1.527692e+01  6.963394e-03 
 1.527732e+01  7.001892e-03 
 1.527772e+01  6.993626e-03 
 1.527811e+01  6.802211e-03 
 1.527851e+01  6.392401e-03 
 1.527891e+01  5.752922e-03 
 1.527931e+01  4.906081e-03 
 1.527970e+01  3.926921e-03 
 1.528010e+01  2.875143e-03 
 1.528050e+01  1.800122e-03 
 1.528090e+01  7.442217e-04 
 1.528130e+01 -1.857296e-04 
 1.528169e+01 -9.855557e-04 
 1.528209e+01 -1.547578e-03 
 1.528249e+01 -1.827762e-03 
 1.528289e+01 -1.848227e-03 
 1.528328e+01 -1.567826e-03 
 1.528368e+01 -9.929710e-04 
 1.528408e+01 -1.797725e-04 
 1.528448e+01  7.565083e-04 
 1.528487e+01  1.747884e-03 
 1.528527e+01  2.706479e-03 
 1.528567e+01  3.537923e-03 
 1.528607e+01  4.241278e-03 
 1.528647e+01  4.783956e-03 
 1.528686e+01  5.161959e-03 
 1.528726e+01  5.433944e-03 
 1.528766e+01  5.631237e-03 
 1.528806e+01  5.731377e-03 
 1.528845e+01  5.756742e-03 
 1.528885e+01  5.673807e-03 
 1.528925e+01  5.516593e-03 
 1.528965e+01  5.398519e-03 
 1.529004e+01  5.358940e-03 
 1.529044e+01  5.486500e-03 
 1.529084e+01  5.808213e-03 
 1.529124e+01  6.336772e-03 
 1.529164e+01  7.081770e-03 
 1.529203e+01  8.006813e-03 
 1.529243e+01  9.083457e-03 
 1.529283e+01  1.017744e-02 
 1.529323e+01  1.121730e-02 
 1.529362e+01  1.219385e-02 
 1.529402e+01  1.300243e-02 
 1.529442e+01  1.361207e-02 
 1.529482e+01  1.403086e-02 
 1.529521e+01  1.424385e-02 
 1.529561e+01  1.421484e-02 
 1.529601e+01  1.398311e-02 
 1.529641e+01  1.354191e-02 
 1.529681e+01  1.283628e-02 
 1.529720e+01  1.192843e-02 
 1.529760e+01  1.081021e-02 
 1.529800e+01  9.578201e-03 
 1.529840e+01  8.374241e-03 
 1.529879e+01  7.276854e-03 
 1.529919e+01  6.394602e-03 
 1.529959e+01  5.821118e-03 
 1.529999e+01  5.641835e-03 
 1.530038e+01  5.788596e-03 
 1.530078e+01  6.276725e-03 
 1.530118e+01  7.123753e-03 
 1.530158e+01  8.286314e-03 
 1.530198e+01  9.743384e-03 
 1.530237e+01  1.146300e-02 
 1.530277e+01  1.331633e-02 
 1.530317e+01  1.517461e-02 
 1.530357e+01  1.689500e-02 
 1.530396e+01  1.832869e-02 
 1.530436e+01  1.934279e-02 
 1.530476e+01  1.988015e-02 
 1.530516e+01  1.988962e-02 
 1.530555e+01  1.940878e-02 
 1.530595e+01  1.853755e-02 
 1.530635e+01  1.730924e-02 
 1.530675e+01  1.576428e-02 
 1.530715e+01  1.406973e-02 
 1.530754e+01  1.234512e-02 
 1.530794e+01  1.069751e-02 
 1.530834e+01  9.284211e-03 
 1.530874e+01  8.191535e-03 
 1.530913e+01  7.506395e-03 
 1.530953e+01  7.250699e-03 
 1.530993e+01  7.498416e-03 
 1.531033e+01  8.165232e-03 
 1.531072e+01  9.189529e-03 
 1.531112e+01  1.048346e-02 
 1.531152e+01  1.186161e-02 
 1.531192e+01  1.321302e-02 
 1.531232e+01  1.439017e-02 
 1.531271e+01  1.521525e-02 
 1.531311e+01  1.555616e-02 
 1.531351e+01  1.537572e-02 
 1.531391e+01  1.469842e-02 
 1.531430e+01  1.359539e-02 
 1.531470e+01  1.223226e-02 
 1.531510e+01  1.072654e-02 
 1.531550e+01  9.175267e-03 
 1.531589e+01  7.712666e-03 
 1.531629e+01  6.398923e-03 
 1.531669e+01  5.269070e-03 
 1.531709e+01  4.438760e-03 
 1.531749e+01  3.984987e-03 
 1.531788e+01  3.910446e-03 
 1.531828e+01  4.314935e-03 
 1.531868e+01  5.216763e-03 
 1.531908e+01  6.500102e-03 
 1.531947e+01  8.098331e-03 
 1.531987e+01  9.866833e-03 
 1.532027e+01  1.170077e-02 
 1.532067e+01  1.350220e-02 
 1.532106e+01  1.518433e-02 
 1.532146e+01  1.669076e-02 
 1.532186e+01  1.793140e-02 
 1.532226e+01  1.886206e-02 
 1.532266e+01  1.936535e-02 
 1.532305e+01  1.940928e-02 
 1.532345e+01  1.903099e-02 
 1.532385e+01  1.818951e-02 
 1.532425e+01  1.687393e-02 
 1.532464e+01  1.513692e-02 
 1.532504e+01  1.302373e-02 
 1.532544e+01  1.058327e-02 
 1.532584e+01  7.975927e-03 
 1.532624e+01  5.353867e-03 
 1.532663e+01  2.887791e-03 
 1.532703e+01  7.643778e-04 
 1.532743e+01 -8.823646e-04 
 1.532783e+01 -1.985268e-03 
 1.532822e+01 -2.504146e-03 
 1.532862e+01 -2.474590e-03 
 1.532902e+01 -1.902412e-03 
 1.532942e+01 -8.099068e-04 
 1.532981e+01  7.523399e-04 
 1.533021e+01  2.599747e-03 
 1.533061e+01  4.556381e-03 
 1.533101e+01  6.427506e-03 
 1.533141e+01  7.949267e-03 
 1.533180e+01  8.958443e-03 
 1.533220e+01  9.353231e-03 
 1.533260e+01  9.097605e-03 
 1.533300e+01  8.223656e-03 
 1.533339e+01  6.846292e-03 
 1.533379e+01  5.052058e-03 
 1.533419e+01  2.930389e-03 
 1.533459e+01  6.229955e-04 
 1.533498e+01 -1.692176e-03 
 1.533538e+01 -3.860186e-03 
 1.533578e+01 -5.659109e-03 
 1.533618e+01 -6.901389e-03 
 1.533658e+01 -7.519773e-03 
 1.533697e+01 -7.423026e-03 
 1.533737e+01 -6.623789e-03 
 1.533777e+01 -5.203926e-03 
 1.533817e+01 -3.291419e-03 
 1.533856e+01 -1.072378e-03 
 1.533896e+01  1.204755e-03 
 1.533936e+01  3.285964e-03 
 1.533976e+01  4.955252e-03 
 1.534015e+01  6.001777e-03 
 1.534055e+01  6.316136e-03 
 1.534095e+01  5.933219e-03 
 1.534135e+01  4.906141e-03 
 1.534175e+01  3.374359e-03 
 1.534214e+01  1.561740e-03 
 1.534254e+01 -3.620494e-04 
 1.534294e+01 -2.256734e-03 
 1.534334e+01 -3.972395e-03 
 1.534373e+01 -5.390767e-03 
 1.534413e+01 -6.461240e-03 
 1.534453e+01 -7.162726e-03 
 1.534493e+01 -7.479844e-03 
 1.534532e+01 -7.390605e-03 
 1.534572e+01 -6.909956e-03 
 1.534612e+01 -6.070019e-03 
 1.534652e+01 -4.948793e-03 
 1.534692e+01 -3.586403e-03 
 1.534731e+01 -2.044236e-03 
 1.534771e+01 -4.376638e-04 
 1.534811e+01  1.175686e-03 
 1.534851e+01  2.745552e-03 
 1.534890e+01  4.139232e-03 
 1.534930e+01  5.367051e-03 
 1.534970e+01  6.389712e-03 
 1.535010e+01  7.202264e-03 
 1.535049e+01  7.750120e-03 
 1.535089e+01  8.062144e-03 
 1.535129e+01  8.167682e-03 
 1.535169e+01  8.097003e-03 
 1.535209e+01  7.838205e-03 
 1.535248e+01  7.382005e-03 
 1.535288e+01  6.753863e-03 
 1.535328e+01  6.028564e-03 
 1.535368e+01  5.182979e-03 
 1.535407e+01  4.203074e-03 
 1.535447e+01  3.127054e-03 
 1.535487e+01  1.962531e-03 
 1.535527e+01  7.470388e-04 
 1.535566e+01 -4.337580e-04 
 1.535606e+01 -1.472991e-03 
 1.535646e+01 -2.359834e-03 
 1.535686e+01 -3.033794e-03 
 1.535726e+01 -3.486960e-03 
 1.535765e+01 -3.742825e-03 
 1.535805e+01 -3.836648e-03 
 1.535845e+01 -3.836384e-03 
 1.535885e+01 -3.839002e-03 
 1.535924e+01 -3.927322e-03 
 1.535964e+01 -4.095707e-03 
 1.536004e+01 -4.380310e-03 
 1.536044e+01 -4.711636e-03 
 1.536083e+01 -5.049345e-03 
 1.536123e+01 -5.296528e-03 
 1.536163e+01 -5.376926e-03 
 1.536203e+01 -5.277476e-03 
 1.536243e+01 -5.000691e-03 
 1.536282e+01 -4.627617e-03 
 1.536322e+01 -4.150528e-03 
 1.536362e+01 -3.639230e-03 
 1.536402e+01 -3.076658e-03 
 1.536441e+01 -2.381510e-03 
 1.536481e+01 -1.595195e-03 
 1.536521e+01 -7.051245e-04 
 1.536561e+01  2.345146e-04 
 1.536600e+01  1.188579e-03 
 1.536640e+01  2.047576e-03 
 1.536680e+01  2.739903e-03 
 1.536720e+01  3.291205e-03 
 1.536760e+01  3.673771e-03 
 1.536799e+01  3.880373e-03 
 1.536839e+01  3.949885e-03 
 1.536879e+01  3.972857e-03 
 1.536919e+01  4.053756e-03 
 1.536958e+01  4.231348e-03 
 1.536998e+01  4.519402e-03 
 1.537038e+01  4.910099e-03 
 1.537078e+01  5.439136e-03 
 1.537117e+01  5.975602e-03 
 1.537157e+01  6.460827e-03 
 1.537197e+01  6.813909e-03 
 1.537237e+01  6.915976e-03 
 1.537277e+01  6.764343e-03 
 1.537316e+01  6.398111e-03 
 1.537356e+01  5.853659e-03 
 1.537396e+01  5.124035e-03 
 1.537436e+01  4.254638e-03 
 1.537475e+01  3.301852e-03 
 1.537515e+01  2.392050e-03 
 1.537555e+01  1.569261e-03 
 1.537595e+01  8.329848e-04 
 1.537634e+01  2.574458e-04 
 1.537674e+01 -8.197421e-05 
 1.537714e+01 -9.063297e-05 
 1.537754e+01  2.525230e-04 
 1.537794e+01  9.861489e-04 
 1.537833e+01  2.107443e-03 
 1.537873e+01  3.514923e-03 
 1.537913e+01  5.152139e-03 
 1.537953e+01  6.935201e-03 
 1.537992e+01  8.743486e-03 
 1.538032e+01  1.047236e-02 
 1.538072e+01  1.203146e-02 
 1.538112e+01  1.331412e-02 
 1.538151e+01  1.423032e-02 
 1.538191e+01  1.474230e-02 
 1.538231e+01  1.482699e-02 
 1.538271e+01  1.450248e-02 
 1.538311e+01  1.383725e-02 
 1.538350e+01  1.288004e-02 
 1.538390e+01  1.172143e-02 
 1.538430e+01  1.046751e-02 
 1.538470e+01  9.221998e-03 
 1.538509e+01  8.069826e-03 
 1.538549e+01  7.056347e-03 
 1.538589e+01  6.191348e-03 
 1.538629e+01  5.489002e-03 
 1.538668e+01  4.977793e-03 
 1.538708e+01  4.680849e-03 
 1.538748e+01  4.603947e-03 
 1.538788e+01  4.776353e-03 
 1.538828e+01  5.234237e-03 
 1.538867e+01  5.905608e-03 
 1.538907e+01  6.764876e-03 
 1.538947e+01  7.800442e-03 
 1.538987e+01  8.893575e-03 
 1.539026e+01  9.902207e-03 
 1.539066e+01  1.074664e-02 
 1.539106e+01  1.135250e-02 
 1.539146e+01  1.162956e-02 
 1.539185e+01  1.157812e-02 
 1.539225e+01  1.122068e-02 
 1.539265e+01  1.063834e-02 
 1.539305e+01  9.938905e-03 
 1.539345e+01  9.223547e-03 
 1.539384e+01  8.549638e-03 
 1.539424e+01  7.970641e-03 
 1.539464e+01  7.534459e-03 
 1.539504e+01  7.313731e-03 
 1.539543e+01  7.471380e-03 
 1.539583e+01  8.083701e-03 
 1.539623e+01  9.178998e-03 
 1.539663e+01  1.077192e-02 
 1.539702e+01  1.285522e-02 
 1.539742e+01  1.533108e-02 
 1.539782e+01  1.799987e-02 
 1.539822e+01  2.061546e-02 
 1.539862e+01  2.301367e-02 
 1.539901e+01  2.495641e-02 
 1.539941e+01  2.628328e-02 
 1.539981e+01  2.689563e-02 
 1.540021e+01  2.666935e-02 
 1.540060e+01  2.567513e-02 
 1.540100e+01  2.393327e-02 
 1.540140e+01  2.158772e-02 
 1.540180e+01  1.884012e-02 
 1.540219e+01  1.587018e-02 
 1.540259e+01  1.290441e-02 
 1.540299e+01  1.014361e-02 
 1.540339e+01  7.808657e-03 
 1.540379e+01  6.031741e-03 
 1.540418e+01  4.931528e-03 
 1.540458e+01  4.554057e-03 
 1.540498e+01  4.885345e-03 
 1.540538e+01  5.867443e-03 
 1.540577e+01  7.434793e-03 
 1.540617e+01  9.460610e-03 
 1.540657e+01  1.176202e-02 
 1.540697e+01  1.414809e-02 
 1.540736e+01  1.638616e-02 
 1.540776e+01  1.822903e-02 
 1.540816e+01  1.952886e-02 
 1.540856e+01  2.015864e-02 
 1.540896e+01  2.004638e-02 
 1.540935e+01  1.924138e-02 
 1.540975e+01  1.783722e-02 
 1.541015e+01  1.595271e-02 
 1.541055e+01  1.368718e-02 
 1.541094e+01  1.119813e-02 
 1.541134e+01  8.696641e-03 
 1.541174e+01  6.406414e-03 
 1.541214e+01  4.467131e-03 
 1.541253e+01  3.002089e-03 
 1.541293e+01  2.151403e-03 
 1.541333e+01  1.982851e-03 
 1.541373e+01  2.390074e-03 
 1.541413e+01  3.292918e-03 
 1.541452e+01  4.569251e-03 
 1.541492e+01  6.069045e-03 
 1.541532e+01  7.661115e-03 
 1.541572e+01  9.219582e-03 
 1.541611e+01  1.064373e-02 
 1.541651e+01  1.178165e-02 
 1.541691e+01  1.256311e-02 
 1.541731e+01  1.288176e-02 
 1.541771e+01  1.269432e-02 
 1.541810e+01  1.193095e-02 
 1.541850e+01  1.062112e-02 
 1.541890e+01  8.841948e-03 
 1.541930e+01  6.716316e-03 
 1.541969e+01  4.302183e-03 
 1.542009e+01  1.654200e-03 
 1.542049e+01 -1.036937e-03 
 1.542089e+01 -3.537984e-03 
 1.542128e+01 -5.673555e-03 
 1.542168e+01 -7.295318e-03 
 1.542208e+01 -8.272989e-03 
 1.542248e+01 -8.524642e-03 
 1.542288e+01 -8.032397e-03 
 1.542327e+01 -6.825700e-03 
 1.542367e+01 -5.024957e-03 
 1.542407e+01 -2.735894e-03 
 1.542447e+01 -8.363423e-05 
 1.542486e+01  2.775530e-03 
 1.542526e+01  5.674421e-03 
 1.542566e+01  8.420782e-03 
 1.542606e+01  1.081397e-02 
 1.542645e+01  1.265874e-02 
 1.542685e+01  1.385797e-02 
 1.542725e+01  1.434710e-02 
 1.542765e+01  1.413836e-02 
 1.542805e+01  1.329934e-02 
 1.542844e+01  1.189373e-02 
 1.542884e+01  1.004071e-02 
 1.542924e+01  7.886365e-03 
 1.542964e+01  5.600035e-03 
 1.543003e+01  3.329909e-03 
 1.543043e+01  1.297595e-03 
 1.543083e+01 -3.223503e-04 
 1.543123e+01 -1.460421e-03 
 1.543162e+01 -2.019048e-03 
 1.543202e+01 -2.022755e-03 
 1.543242e+01 -1.571952e-03 
 1.543282e+01 -8.023303e-04 
 1.543322e+01  2.415592e-04 
 1.543361e+01  1.456304e-03 
 1.543401e+01  2.725838e-03 
 1.543441e+01  3.871182e-03 
 1.543481e+01  4.772995e-03 
 1.543520e+01  5.345967e-03 
 1.543560e+01  5.505360e-03 
 1.543600e+01  5.195142e-03 
 1.543640e+01  4.397337e-03 
 1.543679e+01  3.231762e-03 
 1.543719e+01  1.761173e-03 
 1.543759e+01  7.301608e-05 
 1.543799e+01 -1.694365e-03 
 1.543839e+01 -3.424527e-03 
 1.543878e+01 -5.021787e-03 
 1.543918e+01 -6.369801e-03 
 1.543958e+01 -7.375007e-03 
 1.543998e+01 -7.978679e-03 
 1.544037e+01 -8.175673e-03 
 1.544077e+01 -7.885126e-03 
 1.544117e+01 -7.063981e-03 
 1.544157e+01 -5.753187e-03 
 1.544196e+01 -4.057510e-03 
 1.544236e+01 -2.125330e-03 
 1.544276e+01 -7.324710e-05 
 1.544316e+01  2.001265e-03 
 1.544356e+01  3.930216e-03 
 1.544395e+01  5.598911e-03 
 1.544435e+01  6.955427e-03 
 1.544475e+01  7.999234e-03 
 1.544515e+01  8.695288e-03 
 1.544554e+01  9.022219e-03 
 1.544594e+01  8.924812e-03 
 1.544634e+01  8.399964e-03 
 1.544674e+01  7.521325e-03 
 1.544713e+01  6.375773e-03 
 1.544753e+01  5.088200e-03 
 1.544793e+01  3.773982e-03 
 1.544833e+01  2.454176e-03 
 1.544873e+01  1.213419e-03 
 1.544912e+01  1.513615e-04 
 1.544952e+01 -6.023228e-04 
 1.544992e+01 -1.001561e-03 
 1.545032e+01 -1.018236e-03 
 1.545071e+01 -6.792273e-04 
 1.545111e+01 -7.527253e-05 
 1.545151e+01  7.530689e-04 
 1.545191e+01  1.707131e-03 
 1.545230e+01  2.689833e-03 
 1.545270e+01  3.641725e-03 
 1.545310e+01  4.486737e-03 
 1.545350e+01  5.147075e-03 
 1.545390e+01  5.572854e-03 
 1.545429e+01  5.782741e-03 
 1.545469e+01  5.707289e-03 
 1.545509e+01  5.415180e-03 
 1.545549e+01  5.007641e-03 
 1.545588e+01  4.606913e-03 
 1.545628e+01  4.227018e-03 
 1.545668e+01  3.915268e-03 
 1.545708e+01  3.740409e-03 
 1.545747e+01  3.711538e-03 
 1.545787e+01  3.834430e-03 
 1.545827e+01  4.105468e-03 
 1.545867e+01  4.501135e-03 
 1.545907e+01  4.965833e-03 
 1.545946e+01  5.379788e-03 
 1.545986e+01  5.644096e-03 
 1.546026e+01  5.711448e-03 
 1.546066e+01  5.567981e-03 
 1.546105e+01  5.187740e-03 
 1.546145e+01  4.574056e-03 
 1.546185e+01  3.743102e-03 
 1.546225e+01  2.705384e-03 
 1.546264e+01  1.514744e-03 
 1.546304e+01  3.036911e-04 
 1.546344e+01 -8.485754e-04 
 1.546384e+01 -1.862952e-03 
 1.546424e+01 -2.626831e-03 
 1.546463e+01 -3.022603e-03 
 1.546503e+01 -2.959320e-03 
 1.546543e+01 -2.451172e-03 
 1.546583e+01 -1.603945e-03 
 1.546622e+01 -5.485713e-04 
 1.546662e+01  6.414753e-04 
 1.546702e+01  1.836108e-03 
 1.546742e+01  2.907551e-03 
 1.546781e+01  3.718000e-03 
 1.546821e+01  4.179429e-03 
 1.546861e+01  4.243535e-03 
 1.546901e+01  3.940997e-03 
 1.546941e+01  3.337256e-03 
 1.546980e+01  2.514823e-03 
 1.547020e+01  1.540396e-03 
 1.547060e+01  5.517858e-04 
 1.547100e+01 -3.737079e-04 
 1.547139e+01 -1.089291e-03 
 1.547179e+01 -1.492219e-03 
 1.547219e+01 -1.496417e-03 
 1.547259e+01 -9.979909e-04 
 1.547298e+01  2.978595e-05 
 1.547338e+01  1.618710e-03 
 1.547378e+01  3.655066e-03 
 1.547418e+01  5.976538e-03 
 1.547458e+01  8.373169e-03 
 1.547497e+01  1.064412e-02 
 1.547537e+01  1.261928e-02 
 1.547577e+01  1.421802e-02 
 1.547617e+01  1.532049e-02 
 1.547656e+01  1.586726e-02 
 1.547696e+01  1.582336e-02 
 1.547736e+01  1.518138e-02 
 1.547776e+01  1.396030e-02 
 1.547815e+01  1.222501e-02 
 1.547855e+01  1.004698e-02 
 1.547895e+01  7.565999e-03 
 1.547935e+01  5.014909e-03 
 1.547975e+01  2.544980e-03 
 1.548014e+01  2.865768e-04 
 1.548054e+01 -1.592330e-03 
 1.548094e+01 -2.918103e-03 
 1.548134e+01 -3.624633e-03 
 1.548173e+01 -3.658373e-03 
 1.548213e+01 -3.009069e-03 
 1.548253e+01 -1.771995e-03 
 1.548293e+01 -2.866327e-05 
 1.548332e+01  2.084220e-03 
 1.548372e+01  4.381629e-03 
 1.548412e+01  6.706941e-03 
 1.548452e+01  8.932548e-03 
 1.548492e+01  1.094026e-02 
 1.548531e+01  1.272631e-02 
 1.548571e+01  1.422265e-02 
 1.548611e+01  1.533652e-02 
 1.548651e+01  1.602829e-02 
 1.548690e+01  1.629625e-02 
 1.548730e+01  1.611191e-02 
 1.548770e+01  1.542916e-02 
 1.548810e+01  1.430625e-02 
 1.548849e+01  1.282385e-02 
 1.548889e+01  1.115123e-02 
 1.548929e+01  9.472931e-03 
 1.548969e+01  7.904164e-03 
 1.549009e+01  6.609565e-03 
 1.549048e+01  5.685223e-03 
 1.549088e+01  5.257554e-03 
 1.549128e+01  5.387345e-03 
 1.549168e+01  6.124989e-03 
 1.549207e+01  7.454810e-03 
 1.549247e+01  9.243023e-03 
 1.549287e+01  1.132889e-02 
 1.549327e+01  1.350780e-02 
 1.549366e+01  1.550837e-02 
 1.549406e+01  1.712266e-02 
 1.549446e+01  1.814997e-02 
 1.549486e+01  1.847164e-02 
 1.549526e+01  1.807392e-02 
 1.549565e+01  1.696606e-02 
 1.549605e+01  1.520456e-02 
 1.549645e+01  1.288670e-02 
 1.549685e+01  1.017397e-02 
 1.549724e+01  7.245300e-03 
 1.549764e+01  4.254813e-03 
 1.549804e+01  1.431672e-03 
 1.549844e+01 -1.032487e-03 
 1.549883e+01 -2.987602e-03 
 1.549923e+01 -4.246065e-03 
 1.549963e+01 -4.670691e-03 
 1.550003e+01 -4.217609e-03 
 1.550043e+01 -2.853057e-03 
 1.550082e+01 -6.213919e-04 
 1.550122e+01  2.391331e-03 
 1.550162e+01  6.006484e-03 
 1.550202e+01  9.934219e-03 
 1.550241e+01  1.382576e-02 
 1.550281e+01  1.740346e-02 
 1.550321e+01  2.044380e-02 
 1.550361e+01  2.272195e-02 
 1.550400e+01  2.411409e-02 
 1.550440e+01  2.461739e-02 
 1.550480e+01  2.421848e-02 
 1.550520e+01  2.301749e-02 
 1.550560e+01  2.109064e-02 
 1.550599e+01  1.859828e-02 
 1.550639e+01  1.569344e-02 
 1.550679e+01  1.258034e-02 
 1.550719e+01  9.491009e-03 
 1.550758e+01  6.664633e-03 
 1.550798e+01  4.306924e-03 
 1.550838e+01  2.548468e-03 
 1.550878e+01  1.473025e-03 
 1.550918e+01  1.128802e-03 
 1.550957e+01  1.451863e-03 
 1.550997e+01  2.339187e-03 
 1.551037e+01  3.702672e-03 
 1.551077e+01  5.421646e-03 
 1.551116e+01  7.265935e-03 
 1.551156e+01  9.046960e-03 
 1.551196e+01  1.056422e-02 
 1.551236e+01  1.173039e-02 
 1.551275e+01  1.239443e-02 
 1.551315e+01  1.250152e-02 
 1.551355e+01  1.200661e-02 
 1.551395e+01  1.090300e-02 
 1.551435e+01  9.329919e-03 
 1.551474e+01  7.352087e-03 
 1.551514e+01  5.140554e-03 
 1.551554e+01  2.869559e-03 
 1.551594e+01  6.896745e-04 
 1.551633e+01 -1.177382e-03 
 1.551673e+01 -2.562461e-03 
 1.551713e+01 -3.302852e-03 
 1.551753e+01 -3.344734e-03 
 1.551792e+01 -2.672762e-03 
 1.551832e+01 -1.331616e-03 
 1.551872e+01  6.129221e-04 
 1.551912e+01  3.052752e-03 
 1.551952e+01  5.803623e-03 
 1.551991e+01  8.624480e-03 
 1.552031e+01  1.132461e-02 
 1.552071e+01  1.370241e-02 
 1.552111e+01  1.555411e-02 
 1.552150e+01  1.674999e-02 
 1.552190e+01  1.719986e-02 
 1.552230e+01  1.677646e-02 
 1.552270e+01  1.551432e-02 
 1.552309e+01  1.354363e-02 
 1.552349e+01  1.104357e-02 
 1.552389e+01  8.206528e-03 
 1.552429e+01  5.274355e-03 
 1.552469e+01  2.471108e-03 
 1.552508e+01  3.126681e-05 
 1.552548e+01 -1.889741e-03 
 1.552588e+01 -3.237919e-03 
 1.552628e+01 -3.997582e-03 
 1.552667e+01 -4.127731e-03 
 1.552707e+01 -3.657553e-03 
 1.552747e+01 -2.634232e-03 
 1.552787e+01 -1.127655e-03 
 1.552826e+01  7.099099e-04 
 1.552866e+01  2.696914e-03 
 1.552906e+01  4.646337e-03 
 1.552946e+01  6.429975e-03 
 1.552986e+01  7.927424e-03 
 1.553025e+01  9.079608e-03 
 1.553065e+01  9.820886e-03 
 1.553105e+01  1.016815e-02 
 1.553145e+01  1.013170e-02 
 1.553184e+01  9.709991e-03 
 1.553224e+01  9.002459e-03 
 1.553264e+01  8.152150e-03 
 1.553304e+01  7.330696e-03 
 1.553343e+01  6.685402e-03 
 1.553383e+01  6.253001e-03 
 1.553423e+01  6.133669e-03 
 1.553463e+01  6.337312e-03 
 1.553503e+01  6.834304e-03 
 1.553542e+01  7.588125e-03 
 1.553582e+01  8.526955e-03 
 1.553622e+01  9.576488e-03 
 1.553662e+01  1.070062e-02 
 1.553701e+01  1.179688e-02 
 1.553741e+01  1.269313e-02 
 1.553781e+01  1.330419e-02 
 1.553821e+01  1.352205e-02 
 1.553860e+01  1.328170e-02 
 1.553900e+01  1.261978e-02 
 1.553940e+01  1.159475e-02 
 1.553980e+01  1.023634e-02 
 1.554020e+01  8.563313e-03 
 1.554059e+01  6.685942e-03 
 1.554099e+01  4.685199e-03 
 1.554139e+01  2.654348e-03 
 1.554179e+01  6.496801e-04 
 1.554218e+01 -1.259954e-03 
 1.554258e+01 -2.926690e-03 
 1.554298e+01 -4.234003e-03 
 1.554338e+01 -5.098009e-03 
 1.554377e+01 -5.539497e-03 
 1.554417e+01 -5.524202e-03 
 1.554457e+01 -5.115717e-03 
 1.554497e+01 -4.365137e-03 
 1.554537e+01 -3.296195e-03 
 1.554576e+01 -2.023943e-03 
 1.554616e+01 -5.770831e-04 
 1.554656e+01  8.834253e-04 
 1.554696e+01  2.331933e-03 
 1.554735e+01  3.690008e-03 
 1.554775e+01  4.816718e-03 
 1.554815e+01  5.666208e-03 
 1.554855e+01  6.180974e-03 
 1.554894e+01  6.381106e-03 
 1.554934e+01  6.250678e-03 
 1.554974e+01  5.843374e-03 
 1.555014e+01  5.201767e-03 
 1.555054e+01  4.404135e-03 
 1.555093e+01  3.552504e-03 
 1.555133e+01  2.751858e-03 
 1.555173e+01  2.153765e-03 
 1.555213e+01  1.843593e-03 
 1.555252e+01  1.860465e-03 
 1.555292e+01  2.175376e-03 
 1.555332e+01  2.775167e-03 
 1.555372e+01  3.534130e-03 
 1.555411e+01  4.378609e-03 
 1.555451e+01  5.225160e-03 
 1.555491e+01  5.953297e-03 
 1.555531e+01  6.477404e-03 
 1.555571e+01  6.699226e-03 
 1.555610e+01  6.539948e-03 
 1.555650e+01  5.956119e-03 
 1.555690e+01  4.942563e-03 
 1.555730e+01  3.463186e-03 
 1.555769e+01  1.594652e-03 
 1.555809e+01 -5.158362e-04 
 1.555849e+01 -2.695575e-03 
 1.555889e+01 -4.772980e-03 
 1.555928e+01 -6.569766e-03 
 1.555968e+01 -7.956224e-03 
 1.556008e+01 -8.790724e-03 
 1.556048e+01 -8.977881e-03 
 1.556088e+01 -8.478013e-03 
 1.556127e+01 -7.404377e-03 
 1.556167e+01 -5.820956e-03 
 1.556207e+01 -3.877798e-03 
 1.556247e+01 -1.738380e-03 
 1.556286e+01  4.304552e-04 
 1.556326e+01  2.437945e-03 
 1.556366e+01  4.037753e-03 
 1.556406e+01  5.126621e-03 
 1.556445e+01  5.669705e-03 
 1.556485e+01  5.702744e-03 
 1.556525e+01  5.230155e-03 
 1.556565e+01  4.337153e-03 
 1.556605e+01  3.099421e-03 
 1.556644e+01  1.686526e-03 
 1.556684e+01  2.413675e-04 
 1.556724e+01 -1.153174e-03 
 1.556764e+01 -2.379393e-03 
 1.556803e+01 -3.343455e-03 
 1.556843e+01 -3.948984e-03 
 1.556883e+01 -4.140139e-03 
 1.556923e+01 -3.841446e-03 
 1.556962e+01 -3.137961e-03 
 1.557002e+01 -2.153782e-03 
 1.557042e+01 -9.274926e-04 
 1.557082e+01  4.241432e-04 
 1.557122e+01  1.776972e-03 
 1.557161e+01  2.979604e-03 
 1.557201e+01  3.897206e-03 
 1.557241e+01  4.417523e-03 
 1.557281e+01  4.484694e-03 
 1.557320e+01  4.109159e-03 
 1.557360e+01  3.289736e-03 
 1.557400e+01  2.108839e-03 
 1.557440e+01  6.993508e-04 
 1.557479e+01 -8.301107e-04 
 1.557519e+01 -2.273074e-03 
 1.557559e+01 -3.489374e-03 
 1.557599e+01 -4.362186e-03 
 1.557639e+01 -4.830004e-03 
 1.557678e+01 -4.801331e-03 
 1.557718e+01 -4.247597e-03 
 1.557758e+01 -3.218631e-03 
 1.557798e+01 -1.686202e-03 
 1.557837e+01  3.014650e-04 
 1.557877e+01  2.651481e-03 
 1.557917e+01  5.253539e-03 
 1.557957e+01  7.927683e-03 
 1.557996e+01  1.050330e-02 
 1.558036e+01  1.285973e-02 
 1.558076e+01  1.488070e-02 
 1.558116e+01  1.644209e-02 
 1.558156e+01  1.744268e-02 
 1.558195e+01  1.785811e-02 
 1.558235e+01  1.767652e-02 
 1.558275e+01  1.689015e-02 
 1.558315e+01  1.558387e-02 
 1.558354e+01  1.381357e-02 
 1.558394e+01  1.172851e-02 
 1.558434e+01  9.569803e-03 
 1.558474e+01  7.522505e-03 
 1.558513e+01  5.745240e-03 
 1.558553e+01  4.410133e-03 
 1.558593e+01  3.576034e-03 
 1.558633e+01  3.317133e-03 
 1.558673e+01  3.707405e-03 
 1.558712e+01  4.713960e-03 
 1.558752e+01  6.220706e-03 
 1.558792e+01  8.103224e-03 
 1.558832e+01  1.020211e-02 
 1.558871e+01  1.227123e-02 
 1.558911e+01  1.410150e-02 
 1.558951e+01  1.549500e-02 
 1.558991e+01  1.631788e-02 
 1.559030e+01  1.648368e-02 
 1.559070e+01  1.604208e-02 
 1.559110e+01  1.501702e-02 
 1.559150e+01  1.348450e-02 
 1.559190e+01  1.157363e-02 
 1.559229e+01  9.434076e-03 
 1.559269e+01  7.292668e-03 
 1.559309e+01  5.394011e-03 
 1.559349e+01  3.947904e-03 
 1.559388e+01  3.119931e-03 
 1.559428e+01  3.030570e-03 
 1.559468e+01  3.681237e-03 
 1.559508e+01  4.991294e-03 
 1.559547e+01  6.873129e-03 
 1.559587e+01  9.213746e-03 
 1.559627e+01  1.183292e-02 
 1.559667e+01  1.461513e-02 
 1.559707e+01  1.739208e-02 
 1.559746e+01  1.998452e-02 
 1.559786e+01  2.218667e-02 
 1.559826e+01  2.380471e-02 
 1.559866e+01  2.467667e-02 
 1.559905e+01  2.474103e-02 
 1.559945e+01  2.403684e-02 
 1.559985e+01  2.258975e-02 
 1.560025e+01  2.044445e-02 
 1.560065e+01  1.779592e-02 
 1.560104e+01  1.474798e-02 
 1.560144e+01  1.145803e-02 
 1.560184e+01  8.182632e-03 
 1.560224e+01  5.197849e-03 
 1.560263e+01  2.733525e-03 
 1.560303e+01  9.483501e-04 
 1.560343e+01 -1.050639e-04 
 1.560383e+01 -4.098525e-04 
 1.560422e+01 -1.535162e-05 
 1.560462e+01  1.014946e-03 
 1.560502e+01  2.529063e-03 
 1.560542e+01  4.437488e-03 
 1.560582e+01  6.627379e-03 
 1.560621e+01  8.911570e-03 
 1.560661e+01  1.114398e-02 
 1.560701e+01  1.314615e-02 
 1.560741e+01  1.474108e-02 
 1.560780e+01  1.584318e-02 
 1.560820e+01  1.641091e-02 
 1.560860e+01  1.646258e-02 
 1.560900e+01  1.602351e-02 
 1.560939e+01  1.515235e-02 
 1.560979e+01  1.387022e-02 
 1.561019e+01  1.227883e-02 
 1.561059e+01  1.051158e-02 
 1.561099e+01  8.688818e-03 
 1.561138e+01  6.936618e-03 
 1.561178e+01  5.501322e-03 
 1.561218e+01  4.565431e-03 
 1.561258e+01  4.244831e-03 
 1.561297e+01  4.604347e-03 
 1.561337e+01  5.631891e-03 
 1.561377e+01  7.209890e-03 
 1.561417e+01  9.246334e-03 
 1.561456e+01  1.162039e-02 
 1.561496e+01  1.412112e-02 
 1.561536e+01  1.652155e-02 
 1.561576e+01  1.856597e-02 
 1.561616e+01  1.999329e-02 
 1.561655e+01  2.064287e-02 
 1.561695e+01  2.042686e-02 
 1.561735e+01  1.931409e-02 
 1.561775e+01  1.733080e-02 
 1.561814e+01  1.465671e-02 
 1.561854e+01  1.144184e-02 
 1.561894e+01  7.894817e-03 
 1.561934e+01  4.193792e-03 
 1.561973e+01  5.643046e-04 
 1.562013e+01 -2.708429e-03 
 1.562053e+01 -5.309319e-03 
 1.562093e+01 -7.014451e-03 
 1.562133e+01 -7.698412e-03 
 1.562172e+01 -7.351284e-03 
 1.562212e+01 -6.010928e-03 
 1.562252e+01 -3.846702e-03 
 1.562292e+01 -9.659556e-04 
 1.562331e+01  2.330306e-03 
 1.562371e+01  5.768661e-03 
 1.562411e+01  9.107259e-03 
 1.562451e+01  1.215499e-02 
 1.562490e+01  1.463192e-02 
 1.562530e+01  1.630197e-02 
 1.562570e+01  1.710911e-02 
 1.562610e+01  1.701196e-02 
 1.562650e+01  1.609111e-02 
 1.562689e+01  1.449547e-02 
 1.562729e+01  1.234765e-02 
 1.562769e+01  9.856838e-03 
 1.562809e+01  7.218837e-03 
 1.562848e+01  4.719139e-03 
 1.562888e+01  2.458309e-03 
 1.562928e+01  6.697579e-04 
 1.562968e+01 -5.430536e-04 
 1.563007e+01 -1.093015e-03 
 1.563047e+01 -8.902639e-04 
 1.563087e+01 -3.675193e-05 
 1.563127e+01  1.329424e-03 
 1.563167e+01  3.042616e-03 
 1.563206e+01  4.889860e-03 
 1.563246e+01  6.716884e-03 
 1.563286e+01  8.299492e-03 
 1.563326e+01  9.500063e-03 
 1.563365e+01  1.015982e-02 
 1.563405e+01  1.019756e-02 
 1.563445e+01  9.628601e-03 
 1.563485e+01  8.441750e-03 
 1.563524e+01  6.734733e-03 
 1.563564e+01  4.673119e-03 
 1.563604e+01  2.392891e-03 
 1.563644e+01  8.804708e-05 
 1.563684e+01 -1.981767e-03 
 1.563723e+01 -3.733212e-03 
 1.563763e+01 -5.094036e-03 
 1.563803e+01 -5.928005e-03 
 1.563843e+01 -6.184892e-03 
 1.563882e+01 -5.800532e-03 
 1.563922e+01 -4.806320e-03 
 1.563962e+01 -3.290777e-03 
 1.564002e+01 -1.404707e-03 
 1.564041e+01  7.516167e-04 
 1.564081e+01  3.069673e-03 
 1.564121e+01  5.369709e-03 
 1.564161e+01  7.520819e-03 
 1.564201e+01  9.375364e-03 
 1.564240e+01  1.079165e-02 
 1.564280e+01  1.166663e-02 
 1.564320e+01  1.191632e-02 
 1.564360e+01  1.147902e-02 
 1.564399e+01  1.033142e-02 
 1.564439e+01  8.663344e-03 
 1.564479e+01  6.566921e-03 
 1.564519e+01  4.224853e-03 
 1.564558e+01  1.742628e-03 
 1.564598e+01 -7.590873e-04 
 1.564638e+01 -3.131936e-03 
 1.564678e+01 -5.203767e-03 
 1.564718e+01 -6.865638e-03 
 1.564757e+01 -8.089330e-03 
 1.564797e+01 -8.732317e-03 
 1.564837e+01 -8.838627e-03 
 1.564877e+01 -8.472736e-03 
 1.564916e+01 -7.704551e-03 
 1.564956e+01 -6.718635e-03 
 1.564996e+01 -5.661488e-03 
 1.565036e+01 -4.659929e-03 
 1.565075e+01 -3.792305e-03 
 1.565115e+01 -3.170450e-03 
 1.565155e+01 -2.819561e-03 
 1.565195e+01 -2.770932e-03 
 1.565235e+01 -3.079250e-03 
 1.565274e+01 -3.665965e-03 
 1.565314e+01 -4.470229e-03 
 1.565354e+01 -5.390819e-03 
 1.565394e+01 -6.247116e-03 
 1.565433e+01 -6.855425e-03 
 1.565473e+01 -7.120250e-03 
 1.565513e+01 -7.026743e-03 
 1.565553e+01 -6.520748e-03 
 1.565592e+01 -5.638753e-03 
 1.565632e+01 -4.416736e-03 
 1.565672e+01 -2.853662e-03 
 1.565712e+01 -1.030074e-03 
 1.565752e+01  9.442436e-04 
 1.565791e+01  2.965428e-03 
 1.565831e+01  4.884978e-03 
 1.565871e+01  6.526699e-03 
 1.565911e+01  7.822936e-03 
 1.565950e+01  8.685238e-03 
 1.565990e+01  9.018573e-03 
 1.566030e+01  8.937246e-03 
 1.566070e+01  8.445240e-03 
 1.566109e+01  7.511067e-03 
 1.566149e+01  6.196613e-03 
 1.566189e+01  4.577328e-03 
 1.566229e+01  2.793136e-03 
 1.566269e+01  9.895426e-04 
 1.566308e+01 -6.629866e-04 
 1.566348e+01 -2.084595e-03 
 1.566388e+01 -3.206517e-03 
 1.566428e+01 -3.914431e-03 
 1.566467e+01 -4.206976e-03 
 1.566507e+01 -4.133340e-03 
 1.566547e+01 -3.748460e-03 
 1.566587e+01 -3.103701e-03 
 1.566626e+01 -2.251789e-03 
 1.566666e+01 -1.204332e-03 
 1.566706e+01 -8.309848e-05 
 1.566746e+01  8.948843e-04 
 1.566786e+01  1.736637e-03 
 1.566825e+01  2.357137e-03 
 1.566865e+01  2.744354e-03 
 1.566905e+01  2.945520e-03 
 1.566945e+01  2.918124e-03 
 1.566984e+01  2.694150e-03 
 1.567024e+01  2.345495e-03 
 1.567064e+01  1.932796e-03 
 1.567104e+01  1.440519e-03 
 1.567143e+01  9.830461e-04 
 1.567183e+01  7.248646e-04 
 1.567223e+01  7.179055e-04 
 1.567263e+01  1.085061e-03 
 1.567303e+01  1.866504e-03 
 1.567342e+01  3.023512e-03 
 1.567382e+01  4.537444e-03 
 1.567422e+01  6.342160e-03 
 1.567462e+01  8.335157e-03 
 1.567501e+01  1.036626e-02 
 1.567541e+01  1.233442e-02 
 1.567581e+01  1.411016e-02 
 1.567621e+01  1.554464e-02 
 1.567660e+01  1.656889e-02 
 1.567700e+01  1.697870e-02 
 1.567740e+01  1.672248e-02 
 1.567780e+01  1.581135e-02 
 1.567820e+01  1.435723e-02 
 1.567859e+01  1.239457e-02 
 1.567899e+01  1.010151e-02 
 1.567939e+01  7.677874e-03 
 1.567979e+01  5.277319e-03 
 1.568018e+01  3.072662e-03 
 1.568058e+01  1.289787e-03 
 1.568098e+01  5.890737e-05 
 1.568138e+01 -4.809630e-04 
 1.568177e+01 -1.822240e-04 
 1.568217e+01  9.728578e-04 
 1.568257e+01  2.976498e-03 
 1.568297e+01  5.664961e-03 
 1.568337e+01  8.740045e-03 
 1.568376e+01  1.193208e-02 
 1.568416e+01  1.499641e-02 
 1.568456e+01  1.767432e-02 
 1.568496e+01  1.976059e-02 
 1.568535e+01  2.110598e-02 
 1.568575e+01  2.162771e-02 
 1.568615e+01  2.128244e-02 
 1.568655e+01  2.019131e-02 
 1.568694e+01  1.845106e-02 
 1.568734e+01  1.616871e-02 
 1.568774e+01  1.356686e-02 
 1.568814e+01  1.093196e-02 
 1.568854e+01  8.502925e-03 
 1.568893e+01  6.528848e-03 
 1.568933e+01  5.185367e-03 
 1.568973e+01  4.528015e-03 
 1.569013e+01  4.670855e-03 
 1.569052e+01  5.666165e-03 
 1.569092e+01  7.402173e-03 
 1.569132e+01  9.729733e-03 
 1.569172e+01  1.239841e-02 
 1.569212e+01  1.513741e-02 
 1.569251e+01  1.771501e-02 
 1.569291e+01  1.988343e-02 
 1.569331e+01  2.138367e-02 
 1.569371e+01  2.205777e-02 
 1.569410e+01  2.188631e-02 
 1.569450e+01  2.084434e-02 
 1.569490e+01  1.900719e-02 
 1.569530e+01  1.647657e-02 
 1.569569e+01  1.339227e-02 
 1.569609e+01  9.935681e-03 
 1.569649e+01  6.375034e-03 
 1.569689e+01  3.006095e-03 
 1.569729e+01  1.064613e-04 
 1.569768e+01 -2.148939e-03 
 1.569808e+01 -3.552497e-03 
 1.569848e+01 -4.090680e-03 
 1.569888e+01 -3.714762e-03 
 1.569927e+01 -2.507327e-03 
 1.569967e+01 -5.526356e-04 
 1.570007e+01  2.036703e-03 
 1.570047e+01  5.142078e-03 
 1.570086e+01  8.469345e-03 
 1.570126e+01  1.182164e-02 
 1.570166e+01  1.492872e-02 
 1.570206e+01  1.758513e-02 
 1.570246e+01  1.958982e-02 
 1.570285e+01  2.088562e-02 
 1.570325e+01  2.139250e-02 
 1.570365e+01  2.109765e-02 
 1.570405e+01  2.008694e-02 
 1.570444e+01  1.846406e-02 
 1.570484e+01  1.631740e-02 
 1.570524e+01  1.381628e-02 
 1.570564e+01  1.112676e-02 
 1.570603e+01  8.454860e-03 
 1.570643e+01  6.029315e-03 
 1.570683e+01  3.990831e-03 
 1.570723e+01  2.419922e-03 
 1.570763e+01  1.400288e-03 
 1.570802e+01  1.004156e-03 
 1.570842e+01  1.204236e-03 
 1.570882e+01  1.999566e-03 
 1.570922e+01  3.304138e-03 
 1.570961e+01  4.976494e-03 
 1.571001e+01  6.921282e-03 
 1.571041e+01  8.969441e-03 
 1.571081e+01  1.092585e-02 
 1.571120e+01  1.251758e-02 
 1.571160e+01  1.359203e-02 
 1.571200e+01  1.400489e-02 
 1.571240e+01  1.369450e-02 
 1.571280e+01  1.270486e-02 
 1.571319e+01  1.102367e-02 
 1.571359e+01  8.811234e-03 
 1.571399e+01  6.280684e-03 
 1.571439e+01  3.679852e-03 
 1.571478e+01  1.214548e-03 
 1.571518e+01 -9.140911e-04 
 1.571558e+01 -2.497703e-03 
 1.571598e+01 -3.340389e-03 
 1.571637e+01 -3.364542e-03 
 1.571677e+01 -2.548279e-03 
 1.571717e+01 -9.948237e-04 
 1.571757e+01  1.215158e-03 
 1.571797e+01  3.982646e-03 
 1.571836e+01  7.069763e-03 
 1.571876e+01  1.024090e-02 
 1.571916e+01  1.327318e-02 
 1.571956e+01  1.587600e-02 
 1.571995e+01  1.785666e-02 
 1.572035e+01  1.909350e-02 
 1.572075e+01  1.950026e-02 
 1.572115e+01  1.904887e-02 
 1.572154e+01  1.780970e-02 
 1.572194e+01  1.588013e-02 
 1.572234e+01  1.336660e-02 
 1.572274e+01  1.042594e-02 
 1.572314e+01  7.220681e-03 
 1.572353e+01  3.980481e-03 
 1.572393e+01  9.709944e-04 
 1.572433e+01 -1.566734e-03 
 1.572473e+01 -3.451239e-03 
 1.572512e+01 -4.552368e-03 
 1.572552e+01 -4.826266e-03 
 1.572592e+01 -4.331230e-03 
 1.572632e+01 -3.120116e-03 
 1.572671e+01 -1.341883e-03 
 1.572711e+01  8.010895e-04 
 1.572751e+01  3.095929e-03 
 1.572791e+01  5.335493e-03 
 1.572831e+01  7.322841e-03 
 1.572870e+01  8.845120e-03 
 1.572910e+01  9.763278e-03 
 1.572950e+01  9.985325e-03 
 1.572990e+01  9.494741e-03 
 1.573029e+01  8.442270e-03 
 1.573069e+01  6.930115e-03 
 1.573109e+01  5.037383e-03 
 1.573149e+01  2.916930e-03 
 1.573188e+01  7.338801e-04 
 1.573228e+01 -1.301319e-03 
 1.573268e+01 -2.974701e-03 
 1.573308e+01 -4.132438e-03 
 1.573348e+01 -4.601228e-03 
 1.573387e+01 -4.290919e-03 
 1.573427e+01 -3.140033e-03 
 1.573467e+01 -1.260062e-03 
 1.573507e+01  1.187553e-03 
 1.573546e+01  4.004431e-03 
 1.573586e+01  6.982548e-03 
 1.573626e+01  9.947986e-03 
 1.573666e+01  1.273853e-02 
 1.573705e+01  1.510505e-02 
 1.573745e+01  1.678127e-02 
 1.573785e+01  1.766876e-02 
 1.573825e+01  1.765360e-02 
 1.573865e+01  1.666578e-02 
 1.573904e+01  1.474523e-02 
 1.573944e+01  1.201002e-02 
 1.573984e+01  8.647937e-03 
 1.574024e+01  4.938335e-03 
 1.574063e+01  1.156783e-03 
 1.574103e+01 -2.468146e-03 
 1.574143e+01 -5.651995e-03 
 1.574183e+01 -8.135617e-03 
 1.574222e+01 -9.718441e-03 
 1.574262e+01 -1.021508e-02 
 1.574302e+01 -9.604939e-03 
 1.574342e+01 -8.001517e-03 
 1.574382e+01 -5.623537e-03 
 1.574421e+01 -2.707118e-03 
 1.574461e+01  4.442765e-04 
 1.574501e+01  3.561182e-03 
 1.574541e+01  6.422357e-03 
 1.574580e+01  8.803019e-03 
 1.574620e+01  1.053138e-02 
 1.574660e+01  1.146871e-02 
 1.574700e+01  1.151188e-02 
 1.574739e+01  1.065837e-02 
 1.574779e+01  8.959444e-03 
 1.574819e+01  6.630882e-03 
 1.574859e+01  3.901705e-03 
 1.574899e+01  1.077224e-03 
 1.574938e+01 -1.565633e-03 
 1.574978e+01 -3.825084e-03 
 1.575018e+01 -5.519087e-03 
 1.575058e+01 -6.547277e-03 
 1.575097e+01 -6.903893e-03 
 1.575137e+01 -6.553245e-03 
 1.575177e+01 -5.497667e-03 
 1.575217e+01 -3.849290e-03 
 1.575256e+01 -1.778141e-03 
 1.575296e+01  4.960690e-04 
 1.575336e+01  2.698412e-03 
 1.575376e+01  4.622025e-03 
 1.575416e+01  6.123587e-03 
 1.575455e+01  7.044106e-03 
 1.575495e+01  7.296158e-03 
 1.575535e+01  6.852611e-03 
 1.575575e+01  5.788434e-03 
 1.575614e+01  4.181092e-03 
 1.575654e+01  2.163314e-03 
 1.575694e+01 -1.456161e-04 
 1.575734e+01 -2.553103e-03 
 1.575773e+01 -4.809383e-03 
 1.575813e+01 -6.738022e-03 
 1.575853e+01 -8.195045e-03 
 1.575893e+01 -9.102437e-03 
 1.575933e+01 -9.439494e-03 
 1.575972e+01 -9.187464e-03 
 1.576012e+01 -8.322098e-03 
 1.576052e+01 -6.877389e-03 
 1.576092e+01 -5.016637e-03 
 1.576131e+01 -2.825421e-03 
 1.576171e+01 -3.764028e-04 
 1.576211e+01  2.181045e-03 
 1.576251e+01  4.682136e-03 
 1.576290e+01  6.997904e-03 
 1.576330e+01  8.944682e-03 
 1.576370e+01  1.046008e-02 
 1.576410e+01  1.144488e-02 
 1.576450e+01  1.190221e-02 
 1.576489e+01  1.187263e-02 
 1.576529e+01  1.140776e-02 
 1.576569e+01  1.056221e-02 
 1.576609e+01  9.445290e-03 
 1.576648e+01  8.159534e-03 
 1.576688e+01  6.787339e-03 
 1.576728e+01  5.447762e-03 
 1.576768e+01  4.265549e-03 
 1.576807e+01  3.302924e-03 
 1.576847e+01  2.613050e-03 
 1.576887e+01  2.250445e-03 
 1.576927e+01  2.257468e-03 
 1.576967e+01  2.594733e-03 
 1.577006e+01  3.268408e-03 
 1.577046e+01  4.188138e-03 
 1.577086e+01  5.204964e-03 
 1.577126e+01  6.221032e-03 
 1.577165e+01  7.061884e-03 
 1.577205e+01  7.611366e-03 
 1.577245e+01  7.814930e-03 
 1.577285e+01  7.606701e-03 
 1.577324e+01  6.986560e-03 
 1.577364e+01  5.967825e-03 
 1.577404e+01  4.657726e-03 
 1.577444e+01  3.122883e-03 
 1.577484e+01  1.462084e-03 
 1.577523e+01 -1.319243e-04 
 1.577563e+01 -1.522497e-03 
 1.577603e+01 -2.527061e-03 
 1.577643e+01 -3.001358e-03 
 1.577682e+01 -2.903580e-03 
 1.577722e+01 -2.212724e-03 
 1.577762e+01 -9.074546e-04 
 1.577802e+01  1.000826e-03 
 1.577841e+01  3.393079e-03 
 1.577881e+01  6.064978e-03 
 1.577921e+01  8.789587e-03 
 1.577961e+01  1.135642e-02 
 1.578001e+01  1.356410e-02 
 1.578040e+01  1.524496e-02 
 1.578080e+01  1.626206e-02 
 1.578120e+01  1.651595e-02 
 1.578160e+01  1.600850e-02 
 1.578199e+01  1.481106e-02 
 1.578239e+01  1.307755e-02 
 1.578279e+01  1.092457e-02 
 1.578319e+01  8.487107e-03 
 1.578359e+01  5.984467e-03 
 1.578398e+01  3.700646e-03 
 1.578438e+01  1.822118e-03 
 1.578478e+01  5.444442e-04 
 1.578518e+01  2.347506e-05 
 1.578557e+01  2.865813e-04 
 1.578597e+01  1.303138e-03 
 1.578637e+01  2.943929e-03 
 1.578677e+01  5.036772e-03 
 1.578716e+01  7.341950e-03 
 1.578756e+01  9.646053e-03 
 1.578796e+01  1.177182e-02 
 1.578836e+01  1.355216e-02 
 1.578876e+01  1.486838e-02 
 1.578915e+01  1.559908e-02 
 1.578955e+01  1.565491e-02 
 1.578995e+01  1.505302e-02 
 1.579035e+01  1.384395e-02 
 1.579074e+01  1.210674e-02 
 1.579114e+01  9.994932e-03 
 1.579154e+01  7.662452e-03 
 1.579194e+01  5.259059e-03 
 1.579233e+01  2.955542e-03 
 1.579273e+01  9.670707e-04 
 1.579313e+01 -5.067550e-04 
 1.579353e+01 -1.289362e-03 
 1.579393e+01 -1.213129e-03 
 1.579432e+01 -2.264861e-04 
 1.579472e+01  1.623912e-03 
 1.579512e+01  4.139643e-03 
 1.579552e+01  7.131381e-03 
 1.579591e+01  1.032955e-02 
 1.579631e+01  1.349404e-02 
 1.579671e+01  1.638618e-02 
 1.579711e+01  1.878062e-02 
 1.579750e+01  2.054597e-02 
 1.579790e+01  2.154088e-02 
 1.579830e+01  2.165965e-02 
 1.579870e+01  2.083122e-02 
 1.579910e+01  1.908661e-02 
 1.579949e+01  1.651812e-02 
 1.579989e+01  1.329672e-02 
 1.580029e+01  9.736801e-03 
 1.580069e+01  6.061543e-03 
 1.580108e+01  2.488209e-03 
 1.580148e+01 -6.766149e-04 
 1.580188e+01 -3.238959e-03 
 1.580228e+01 -5.086846e-03 
 1.580267e+01 -6.064131e-03 
 1.580307e+01 -6.112191e-03 
 1.580347e+01 -5.188508e-03 
 1.580387e+01 -3.285465e-03 
 1.580427e+01 -5.554046e-04 
 1.580466e+01  2.775269e-03 
 1.580506e+01  6.413873e-03 
 1.580546e+01  1.010104e-02 
 1.580586e+01  1.358076e-02 
 1.580625e+01  1.655006e-02 
 1.580665e+01  1.875032e-02 
 1.580705e+01  1.990628e-02 
 1.580745e+01  1.996957e-02 
 1.580784e+01  1.893123e-02 
 1.580824e+01  1.689218e-02 
 1.580864e+01  1.405548e-02 
 1.580904e+01  1.075620e-02 
 1.580944e+01  7.362450e-03 
 1.580983e+01  4.214382e-03 
 1.581023e+01  1.669758e-03 
 1.581063e+01 -6.249242e-05 
 1.581103e+01 -8.137341e-04 
 1.581142e+01 -5.004038e-04 
 1.581182e+01  8.855566e-04 
 1.581222e+01  3.251102e-03 
 1.581262e+01  6.441463e-03 
 1.581301e+01  1.018105e-02 
 1.581341e+01  1.413651e-02 
 1.581381e+01  1.803929e-02 
 1.581421e+01  2.148462e-02 
 1.581461e+01  2.416606e-02 
 1.581500e+01  2.588114e-02 
 1.581540e+01  2.648647e-02 
 1.581580e+01  2.595154e-02 
 1.581620e+01  2.433251e-02 
 1.581659e+01  2.179214e-02 
 1.581699e+01  1.852299e-02 
 1.581739e+01  1.471063e-02 
 1.581779e+01  1.069343e-02 
 1.581818e+01  6.766366e-03 
 1.581858e+01  3.146706e-03 
 1.581898e+01  1.248030e-04 
 1.581938e+01 -2.160632e-03 
 1.581978e+01 -3.569774e-03 
 1.582017e+01 -4.066508e-03 
 1.582057e+01 -3.644812e-03 
 1.582097e+01 -2.346130e-03 
 1.582137e+01 -2.411321e-04 
 1.582176e+01  2.510135e-03 
 1.582216e+01  5.646785e-03 
 1.582256e+01  8.924193e-03 
 1.582296e+01  1.202631e-02 
 1.582335e+01  1.469310e-02 
 1.582375e+01  1.679430e-02 
 1.582415e+01  1.819087e-02 
 1.582455e+01  1.878236e-02 
 1.582495e+01  1.854480e-02 
 1.582534e+01  1.760377e-02 
 1.582574e+01  1.601781e-02 
 1.582614e+01  1.393744e-02 
 1.582654e+01  1.151315e-02 
 1.582693e+01  8.845441e-03 
 1.582733e+01  6.150124e-03 
 1.582773e+01  3.623351e-03 
 1.582813e+01  1.450582e-03 
 1.582852e+01 -2.281059e-04 
 1.582892e+01 -1.272463e-03 
 1.582932e+01 -1.553874e-03 
 1.582972e+01 -1.068485e-03 
 1.583012e+01  1.815008e-04 
 1.583051e+01  1.998743e-03 
 1.583091e+01  4.192134e-03 
 1.583131e+01  6.597635e-03 
 1.583171e+01  8.987168e-03 
 1.583210e+01  1.121365e-02 
 1.583250e+01  1.305851e-02 
 1.583290e+01  1.435953e-02 
 1.583330e+01  1.490914e-02 
 1.583369e+01  1.462294e-02 
 1.583409e+01  1.348858e-02 
 1.583449e+01  1.147152e-02 
 1.583489e+01  8.704872e-03 
 1.583529e+01  5.349177e-03 
 1.583568e+01  1.618330e-03 
 1.583608e+01 -2.214788e-03 
 1.583648e+01 -5.813795e-03 
 1.583688e+01 -8.911711e-03 
 1.583727e+01 -1.123164e-02 
 1.583767e+01 -1.257507e-02 
 1.583807e+01 -1.283631e-02 
 1.583847e+01 -1.201519e-02 
 1.583886e+01 -1.010506e-02 
 1.583926e+01 -7.305869e-03 
 1.583966e+01 -3.857605e-03 
 1.584006e+01  4.241207e-05 
 1.584046e+01  4.075225e-03 
 1.584085e+01  7.908318e-03 
 1.584125e+01  1.127740e-02 
 1.584165e+01  1.392386e-02 
 1.584205e+01  1.559184e-02 
 1.584244e+01  1.614652e-02 
 1.584284e+01  1.559740e-02 
 1.584324e+01  1.400423e-02 
 1.584364e+01  1.153879e-02 
 1.584403e+01  8.452746e-03 
 1.584443e+01  4.993413e-03 
 1.584483e+01  1.490416e-03 
 1.584523e+01 -1.725905e-03 
 1.584563e+01 -4.422211e-03 
 1.584602e+01 -6.375075e-03 
 1.584642e+01 -7.499472e-03 
 1.584682e+01 -7.806701e-03 
 1.584722e+01 -7.318587e-03 
 1.584761e+01 -6.061899e-03 
 1.584801e+01 -4.233599e-03 
 1.584841e+01 -2.031826e-03 
 1.584881e+01  3.357497e-04 
 1.584920e+01  2.626374e-03 
 1.584960e+01  4.669406e-03 
 1.585000e+01  6.295554e-03 
 1.585040e+01  7.292885e-03 
 1.585080e+01  7.526053e-03 
 1.585119e+01  6.962033e-03 
 1.585159e+01  5.644900e-03 
 1.585199e+01  3.662823e-03 
 1.585239e+01  1.143204e-03 
 1.585278e+01 -1.699116e-03 
 1.585318e+01 -4.658891e-03 
 1.585358e+01 -7.488178e-03 
 1.585398e+01 -9.927210e-03 
 1.585437e+01 -1.180351e-02 
 1.585477e+01 -1.298410e-02 
 1.585517e+01 -1.337818e-02 
 1.585557e+01 -1.301814e-02 
 1.585597e+01 -1.195819e-02 
 1.585636e+01 -1.024678e-02 
 1.585676e+01 -8.041278e-03 
 1.585716e+01 -5.528892e-03 
 1.585756e+01 -2.874896e-03 
 1.585795e+01 -2.955385e-04 
 1.585835e+01  1.975299e-03 
 1.585875e+01  3.820236e-03 
 1.585915e+01  5.125477e-03 
 1.585954e+01  5.808926e-03 
 1.585994e+01  5.874108e-03 
 1.586034e+01  5.368802e-03 
 1.586074e+01  4.393294e-03 
 1.586114e+01  3.106227e-03 
 1.586153e+01  1.618870e-03 
 1.586193e+01  6.427116e-05 
 1.586233e+01 -1.411913e-03 
 1.586273e+01 -2.614862e-03 
 1.586312e+01 -3.420934e-03 
 1.586352e+01 -3.733727e-03 
 1.586392e+01 -3.440886e-03 
 1.586432e+01 -2.611595e-03 
 1.586471e+01 -1.312693e-03 
 1.586511e+01  3.881785e-04 
 1.586551e+01  2.273550e-03 
 1.586591e+01  4.199580e-03 
 1.586631e+01  5.977332e-03 
 1.586670e+01  7.469602e-03 
 1.586710e+01  8.570383e-03 
 1.586750e+01  9.231118e-03 
 1.586790e+01  9.430922e-03 
 1.586829e+01  9.141957e-03 
 1.586869e+01  8.377046e-03 
 1.586909e+01  7.232233e-03 
 1.586949e+01  5.855301e-03 
 1.586988e+01  4.388311e-03 
 1.587028e+01  2.979606e-03 
 1.587068e+01  1.709652e-03 
 1.587108e+01  7.415778e-04 
 1.587148e+01  2.346579e-04 
 1.587187e+01  2.628051e-04 
 1.587227e+01  8.884201e-04 
 1.587267e+01  2.055954e-03 
 1.587307e+01  3.732149e-03 
 1.587346e+01  5.777801e-03 
 1.587386e+01  8.032281e-03 
 1.587426e+01  1.027862e-02 
 1.587466e+01  1.222457e-02 
 1.587505e+01  1.373592e-02 
 1.587545e+01  1.461729e-02 
 1.587585e+01  1.477922e-02 
 1.587625e+01  1.414919e-02 
 1.587665e+01  1.272925e-02 
 1.587704e+01  1.063034e-02 
 1.587744e+01  8.037561e-03 
 1.587784e+01  5.198116e-03 
 1.587824e+01  2.291631e-03 
 1.587863e+01 -4.003614e-04 
 1.587903e+01 -2.682514e-03 
 1.587943e+01 -4.366231e-03 
 1.587983e+01 -5.301077e-03 
 1.588023e+01 -5.412214e-03 
 1.588062e+01 -4.716200e-03 
 1.588102e+01 -3.283379e-03 
 1.588142e+01 -1.166470e-03 
 1.588182e+01  1.399837e-03 
 1.588221e+01  4.194746e-03 
 1.588261e+01  7.023676e-03 
 1.588301e+01  9.654922e-03 
 1.588341e+01  1.195761e-02 
 1.588380e+01  1.378369e-02 
 1.588420e+01  1.499673e-02 
 1.588460e+01  1.551677e-02 
 1.588500e+01  1.531638e-02 
 1.588540e+01  1.441308e-02 
 1.588579e+01  1.293509e-02 
 1.588619e+01  1.101509e-02 
 1.588659e+01  8.777497e-03 
 1.588699e+01  6.432697e-03 
 1.588738e+01  4.206851e-03 
 1.588778e+01  2.270738e-03 
 1.588818e+01  7.981513e-04 
 1.588858e+01 -5.514239e-05 
 1.588897e+01 -1.472647e-04 
 1.588937e+01  5.763642e-04 
 1.588977e+01  2.099125e-03 
 1.589017e+01  4.363016e-03 
 1.589057e+01  7.179199e-03 
 1.589096e+01  1.035533e-02 
 1.589136e+01  1.366809e-02 
 1.589176e+01  1.691627e-02 
 1.589216e+01  1.989577e-02 
 1.589255e+01  2.236441e-02 
 1.589295e+01  2.413901e-02 
 1.589335e+01  2.503912e-02 
 1.589375e+01  2.499393e-02 
 1.589414e+01  2.393266e-02 
 1.589454e+01  2.192466e-02 
 1.589494e+01  1.907878e-02 
 1.589534e+01  1.566869e-02 
 1.589574e+01  1.189607e-02 
 1.589613e+01  8.076626e-03 
 1.589653e+01  4.434614e-03 
 1.589693e+01  1.232872e-03 
 1.589733e+01 -1.259521e-03 
 1.589772e+01 -2.851592e-03 
 1.589812e+01 -3.404931e-03 
 1.589852e+01 -2.840390e-03 
 1.589892e+01 -1.133551e-03 
 1.589931e+01  1.626370e-03 
 1.589971e+01  5.232778e-03 
 1.590011e+01  9.385044e-03 
 1.590051e+01  1.373914e-02 
 1.590091e+01  1.798384e-02 
 1.590130e+01  2.182500e-02 
 1.590170e+01  2.492011e-02 
 1.590210e+01  2.704805e-02 
 1.590250e+01  2.800554e-02 
 1.590289e+01  2.764388e-02 
 1.590329e+01  2.600264e-02 
 1.590369e+01  2.318803e-02 
 1.590409e+01  1.939960e-02 
 1.590448e+01  1.492906e-02 
 1.590488e+01  1.016986e-02 
 1.590528e+01  5.478469e-03 
 1.590568e+01  1.264941e-03 
 1.590608e+01 -2.108345e-03 
 1.590647e+01 -4.345229e-03 
 1.590687e+01 -5.272960e-03 
 1.590727e+01 -4.829966e-03 
 1.590767e+01 -3.084377e-03 
 1.590806e+01 -2.140017e-04 
 1.590846e+01  3.532440e-03 
 1.590886e+01  7.694524e-03 
 1.590926e+01  1.195444e-02 
 1.590965e+01  1.595149e-02 
 1.591005e+01  1.937923e-02 
 1.591045e+01  2.196402e-02 
 1.591085e+01  2.351208e-02 
 1.591125e+01  2.392223e-02 
 1.591164e+01  2.308969e-02 
 1.591204e+01  2.116375e-02 
 1.591244e+01  1.832860e-02 
 1.591284e+01  1.481616e-02 
 1.591323e+01  1.093385e-02 
 1.591363e+01  6.991543e-03 
 1.591403e+01  3.331365e-03 
 1.591443e+01  2.248888e-04 
 1.591482e+01 -2.063512e-03 
 1.591522e+01 -3.398195e-03 
 1.591562e+01 -3.673396e-03 
 1.591602e+01 -2.897345e-03 
 1.591642e+01 -1.134780e-03 
 1.591681e+01  1.467492e-03 
 1.591721e+01  4.760550e-03 
 1.591761e+01  8.472725e-03 
 1.591801e+01  1.229100e-02 
 1.591840e+01  1.594967e-02 
 1.591880e+01  1.916179e-02 
 1.591920e+01  2.169623e-02 
 1.591960e+01  2.339113e-02 
 1.591999e+01  2.408518e-02 
 1.592039e+01  2.371955e-02 
 1.592079e+01  2.237177e-02 
 1.592119e+01  2.018031e-02 
 1.592159e+01  1.730179e-02 
 1.592198e+01  1.391035e-02 
 1.592238e+01  1.026700e-02 
 1.592278e+01  6.627393e-03 
 1.592318e+01  3.308217e-03 
 1.592357e+01  5.619076e-04 
 1.592397e+01 -1.453605e-03 
 1.592437e+01 -2.607237e-03 
 1.592477e+01 -2.878193e-03 
 1.592516e+01 -2.323837e-03 
 1.592556e+01 -1.033617e-03 
 1.592596e+01  8.079273e-04 
 1.592636e+01  2.999725e-03 
 1.592676e+01  5.338593e-03 
 1.592715e+01  7.600462e-03 
 1.592755e+01  9.551462e-03 
 1.592795e+01  1.096193e-02 
 1.592835e+01  1.169725e-02 
 1.592874e+01  1.169709e-02 
 1.592914e+01  1.093328e-02 
 1.592954e+01  9.478001e-03 
 1.592994e+01  7.424949e-03 
 1.593033e+01  4.934235e-03 
 1.593073e+01  2.168553e-03 
 1.593113e+01 -7.160500e-04 
 1.593153e+01 -3.497764e-03 
 1.593193e+01 -5.947999e-03 
 1.593232e+01 -7.913891e-03 
 1.593272e+01 -9.183803e-03 
 1.593312e+01 -9.661511e-03 
 1.593352e+01 -9.290069e-03 
 1.593391e+01 -8.168968e-03 
 1.593431e+01 -6.379732e-03 
 1.593471e+01 -4.067788e-03 
 1.593511e+01 -1.492879e-03 
 1.593550e+01  1.111128e-03 
 1.593590e+01  3.485385e-03 
 1.593630e+01  5.385892e-03 
 1.593670e+01  6.578106e-03 
 1.593710e+01  6.989755e-03 
 1.593749e+01  6.569584e-03 
 1.593789e+01  5.362638e-03 
 1.593829e+01  3.486881e-03 
 1.593869e+01  1.115441e-03 
 1.593908e+01 -1.511638e-03 
 1.593948e+01 -4.161177e-03 
 1.593988e+01 -6.632162e-03 
 1.594028e+01 -8.761600e-03 
 1.594067e+01 -1.035018e-02 
 1.594107e+01 -1.125691e-02 
 1.594147e+01 -1.139642e-02 
 1.594187e+01 -1.073050e-02 
 1.594227e+01 -9.361281e-03 
 1.594266e+01 -7.407465e-03 
 1.594306e+01 -5.000562e-03 
 1.594346e+01 -2.340645e-03 
 1.594386e+01  3.466782e-04 
 1.594425e+01  2.863925e-03 
 1.594465e+01  5.084131e-03 
 1.594505e+01  6.856894e-03 
 1.594545e+01  8.111780e-03 
 1.594584e+01  8.747983e-03 
 1.594624e+01  8.749376e-03 
 1.594664e+01  8.115809e-03 
 1.594704e+01  6.953087e-03 
 1.594744e+01  5.377582e-03 
 1.594783e+01  3.582532e-03 
 1.594823e+01  1.709447e-03 
 1.594863e+01 -9.510013e-05 
 1.594903e+01 -1.666149e-03 
 1.594942e+01 -2.878649e-03 
 1.594982e+01 -3.653424e-03 
 1.595022e+01 -3.902829e-03 
 1.595062e+01 -3.571916e-03 
 1.595101e+01 -2.680469e-03 
 1.595141e+01 -1.305124e-03 
 1.595181e+01  4.127975e-04 
 1.595221e+01  2.366352e-03 
 1.595261e+01  4.363654e-03 
 1.595300e+01  6.206880e-03 
 1.595340e+01  7.773308e-03 
 1.595380e+01  8.902853e-03 
 1.595420e+01  9.520243e-03 
 1.595459e+01  9.471722e-03 
 1.595499e+01  8.753224e-03 
 1.595539e+01  7.356624e-03 
 1.595579e+01  5.349659e-03 
 1.595618e+01  2.906223e-03 
 1.595658e+01  1.445847e-04 
 1.595698e+01 -2.661600e-03 
 1.595738e+01 -5.342635e-03 
 1.595778e+01 -7.700818e-03 
 1.595817e+01 -9.512850e-03 
 1.595857e+01 -1.062569e-02 
 1.595897e+01 -1.095722e-02 
 1.595937e+01 -1.042742e-02 
 1.595976e+01 -9.062716e-03 
 1.596016e+01 -6.931058e-03 
 1.596056e+01 -4.206821e-03 
 1.596096e+01 -1.053826e-03 
 1.596135e+01  2.301737e-03 
 1.596175e+01  5.586025e-03 
 1.596215e+01  8.543138e-03 
 1.596255e+01  1.090508e-02 
 1.596295e+01  1.249857e-02 
 1.596334e+01  1.320618e-02 
 1.596374e+01  1.296108e-02 
 1.596414e+01  1.181628e-02 
 1.596454e+01  9.894597e-03 
 1.596493e+01  7.388884e-03 
 1.596533e+01  4.609179e-03 
 1.596573e+01  1.830849e-03 
 1.596613e+01 -6.575290e-04 
 1.596652e+01 -2.575575e-03 
 1.596692e+01 -3.681014e-03 
 1.596732e+01 -3.857116e-03 
 1.596772e+01 -3.128136e-03 
 1.596812e+01 -1.507998e-03 
 1.596851e+01  9.212030e-04 
 1.596891e+01  3.961974e-03 
 1.596931e+01  7.352523e-03 
 1.596971e+01  1.080571e-02 
 1.597010e+01  1.397313e-02 
 1.597050e+01  1.656199e-02 
 1.597090e+01  1.832970e-02 
 1.597130e+01  1.913732e-02 
 1.597170e+01  1.891705e-02 
 1.597209e+01  1.766493e-02 
 1.597249e+01  1.551447e-02 
 1.597289e+01  1.266025e-02 
 1.597329e+01  9.293606e-03 
 1.597368e+01  5.681798e-03 
 1.597408e+01  2.131144e-03 
 1.597448e+01 -9.835218e-04 
 1.597488e+01 -3.366478e-03 
 1.597527e+01 -4.818351e-03 
 1.597567e+01 -5.198733e-03 
 1.597607e+01 -4.466348e-03 
 1.597647e+01 -2.742035e-03 
 1.597687e+01 -1.704581e-04 
 1.597726e+01  3.019823e-03 
 1.597766e+01  6.546626e-03 
 1.597806e+01  1.011181e-02 
 1.597846e+01  1.344414e-02 
 1.597885e+01  1.625079e-02 
 1.597925e+01  1.830153e-02 
 1.597965e+01  1.944687e-02 
 1.598005e+01  1.959662e-02 
 1.598044e+01  1.878977e-02 
 1.598084e+01  1.713433e-02 
 1.598124e+01  1.474890e-02 
 1.598164e+01  1.183058e-02 
 1.598204e+01  8.521533e-03 
 1.598243e+01  5.023187e-03 
 1.598283e+01  1.527921e-03 
 1.598323e+01 -1.682281e-03 
 1.598363e+01 -4.358058e-03 
 1.598402e+01 -6.290298e-03 
 1.598442e+01 -7.314673e-03 
 1.598482e+01 -7.320146e-03 
 1.598522e+01 -6.328726e-03 
 1.598561e+01 -4.409003e-03 
 1.598601e+01 -1.746393e-03 
 1.598641e+01  1.418963e-03 
 1.598681e+01  4.824559e-03 
 1.598721e+01  8.229154e-03 
 1.598760e+01  1.137435e-02 
 1.598800e+01  1.397282e-02 
 1.598840e+01  1.578884e-02 
 1.598880e+01  1.667057e-02 
 1.598919e+01  1.654167e-02 
 1.598959e+01  1.546194e-02 
 1.598999e+01  1.355097e-02 
 1.599039e+01  1.106476e-02 
 1.599078e+01  8.235680e-03 
 1.599118e+01  5.305554e-03 
 1.599158e+01  2.486745e-03 
 1.599198e+01 -9.619689e-06 
 1.599238e+01 -1.943293e-03 
 1.599277e+01 -3.156800e-03 
 1.599317e+01 -3.403668e-03 
 1.599357e+01 -2.597232e-03 
 1.599397e+01 -7.732522e-04 
 1.599436e+01  1.981821e-03 
 1.599476e+01  5.510428e-03 
 1.599516e+01  9.534673e-03 
 1.599556e+01  1.378267e-02 
 1.599595e+01  1.794277e-02 
 1.599635e+01  2.173808e-02 
 1.599675e+01  2.492116e-02 
 1.599715e+01  2.724647e-02 
 1.599755e+01  2.848082e-02 
 1.599794e+01  2.851247e-02 
 1.599834e+01  2.730911e-02 
 1.599874e+01  2.493508e-02 
 1.599914e+01  2.162343e-02 
 1.599953e+01  1.768499e-02 
 1.599993e+01  1.340610e-02 
 1.600033e+01  9.083020e-03 
 1.600073e+01  5.020942e-03 
 1.600112e+01  1.503220e-03 
 1.600152e+01 -1.216885e-03 
 1.600192e+01 -2.931490e-03 
 1.600232e+01 -3.484354e-03 
 1.600272e+01 -2.828341e-03 
 1.600311e+01 -1.008957e-03 
 1.600351e+01  1.803493e-03 
 1.600391e+01  5.324376e-03 
 1.600431e+01  9.191716e-03 
 1.600470e+01  1.305869e-02 
 1.600510e+01  1.661316e-02 
 1.600550e+01  1.962540e-02 
 1.600590e+01  2.188300e-02 
 1.600629e+01  2.321178e-02 
 1.600669e+01  2.350066e-02 
 1.600709e+01  2.273392e-02 
 1.600749e+01  2.101886e-02 
 1.600789e+01  1.848887e-02 
 1.600828e+01  1.533895e-02 
 1.600868e+01  1.184020e-02 
 1.600908e+01  8.273273e-03 
 1.600948e+01  4.940926e-03 
 1.600987e+01  2.057711e-03 
 1.601027e+01 -2.264946e-04 
 1.601067e+01 -1.759022e-03 
 1.601107e+01 -2.416169e-03 
 1.601146e+01 -2.193779e-03 
 1.601186e+01 -1.080002e-03 
 1.601226e+01  8.664907e-04 
 1.601266e+01  3.470400e-03 
 1.601306e+01  6.529816e-03 
 1.601345e+01  9.745690e-03 
 1.601385e+01  1.286087e-02 
 1.601425e+01  1.565217e-02 
 1.601465e+01  1.790367e-02 
 1.601504e+01  1.942408e-02 
 1.601544e+01  2.008313e-02 
 1.601584e+01  1.980186e-02 
 1.601624e+01  1.850393e-02 
 1.601663e+01  1.631194e-02 
 1.601703e+01  1.336210e-02 
 1.601743e+01  9.874626e-03 
 1.601783e+01  6.114710e-03 
 1.601823e+01  2.441427e-03 
 1.601862e+01 -8.385545e-04 
 1.601902e+01 -3.427827e-03 
 1.601942e+01 -5.171829e-03 
 1.601982e+01 -5.950701e-03 
 1.602021e+01 -5.707959e-03 
 1.602061e+01 -4.443228e-03 
 1.602101e+01 -2.289484e-03 
 1.602141e+01  6.258119e-04 
 1.602180e+01  4.073834e-03 
 1.602220e+01  7.777162e-03 
 1.602260e+01  1.145018e-02 
 1.602300e+01  1.480051e-02 
 1.602340e+01  1.754494e-02 
 1.602379e+01  1.945162e-02 
 1.602419e+01  2.037524e-02 
 1.602459e+01  2.026320e-02 
 1.602499e+01  1.911487e-02 
 1.602538e+01  1.704437e-02 
 1.602578e+01  1.420949e-02 
 1.602618e+01  1.086041e-02 
 1.602658e+01  7.240447e-03 
 1.602697e+01  3.697625e-03 
 1.602737e+01  5.257143e-04 
 1.602777e+01 -2.002580e-03 
 1.602817e+01 -3.681823e-03 
 1.602857e+01 -4.409566e-03 
 1.602896e+01 -4.142336e-03 
 1.602936e+01 -2.932390e-03 
 1.602976e+01 -9.413435e-04 
 1.603016e+01  1.595888e-03 
 1.603055e+01  4.368534e-03 
 1.603095e+01  7.104610e-03 
 1.603135e+01  9.482016e-03 
 1.603175e+01  1.120773e-02 
 1.603214e+01  1.204294e-02 
 1.603254e+01  1.183519e-02 
 1.603294e+01  1.059002e-02 
 1.603334e+01  8.426729e-03 
 1.603374e+01  5.484534e-03 
 1.603413e+01  2.039885e-03 
 1.603453e+01 -1.589777e-03 
 1.603493e+01 -5.125718e-03 
 1.603533e+01 -8.275948e-03 
 1.603572e+01 -1.079893e-02 
 1.603612e+01 -1.250607e-02 
 1.603652e+01 -1.327378e-02 
 1.603692e+01 -1.306918e-02 
 1.603731e+01 -1.193614e-02 
 1.603771e+01 -1.000932e-02 
 1.603811e+01 -7.469142e-03 
 1.603851e+01 -4.558659e-03 
 1.603891e+01 -1.490032e-03 
 1.603930e+01  1.502738e-03 
 1.603970e+01  4.150215e-03 
 1.604010e+01  6.259535e-03 
 1.604050e+01  7.720939e-03 
 1.604089e+01  8.464802e-03 
 1.604129e+01  8.470889e-03 
 1.604169e+01  7.804633e-03 
 1.604209e+01  6.610787e-03 
 1.604248e+01  5.010756e-03 
 1.604288e+01  3.193537e-03 
 1.604328e+01  1.298385e-03 
 1.604368e+01 -5.041840e-04 
 1.604408e+01 -2.065688e-03 
 1.604447e+01 -3.245032e-03 
 1.604487e+01 -3.899387e-03 
 1.604527e+01 -3.945075e-03 
 1.604567e+01 -3.337723e-03 
 1.604606e+01 -2.118919e-03 
 1.604646e+01 -3.720383e-04 
 1.604686e+01  1.772769e-03 
 1.604726e+01  4.139580e-03 
 1.604765e+01  6.501829e-03 
 1.604805e+01  8.698665e-03 
 1.604845e+01  1.058449e-02 
 1.604885e+01  1.201382e-02 
 1.604925e+01  1.292406e-02 
 1.604964e+01  1.323345e-02 
 1.605004e+01  1.290911e-02 
 1.605044e+01  1.196986e-02 
 1.605084e+01  1.050296e-02 
 1.605123e+01  8.609825e-03 
 1.605163e+01  6.379117e-03 
 1.605203e+01  3.942727e-03 
 1.605243e+01  1.410151e-03 
 1.605282e+01 -9.932409e-04 
 1.605322e+01 -3.051470e-03 
 1.605362e+01 -4.543010e-03 
 1.605402e+01 -5.327040e-03 
 1.605442e+01 -5.329699e-03 
 1.605481e+01 -4.488020e-03 
 1.605521e+01 -2.867578e-03 
 1.605561e+01 -6.505645e-04 
 1.605601e+01  1.911597e-03 
 1.605640e+01  4.553643e-03 
 1.605680e+01  7.059219e-03 
 1.605720e+01  9.212003e-03 
 1.605760e+01  1.081004e-02 
 1.605799e+01  1.175570e-02 
 1.605839e+01  1.193070e-02 
 1.605879e+01  1.130273e-02 
 1.605919e+01  9.897001e-03 
 1.605959e+01  7.816161e-03 
 1.605998e+01  5.210192e-03 
 1.606038e+01  2.277103e-03 
 1.606078e+01 -7.426486e-04 
 1.606118e+01 -3.588977e-03 
 1.606157e+01 -6.053893e-03 
 1.606197e+01 -7.928156e-03 
 1.606237e+01 -9.076365e-03 
 1.606277e+01 -9.380499e-03 
 1.606317e+01 -8.824286e-03 
 1.606356e+01 -7.453857e-03 
 1.606396e+01 -5.332005e-03 
 1.606436e+01 -2.637798e-03 
 1.606476e+01  3.980303e-04 
 1.606515e+01  3.459822e-03 
 1.606555e+01  6.255948e-03 
 1.606595e+01  8.560546e-03 
 1.606635e+01  1.016399e-02 
 1.606674e+01  1.095230e-02 
 1.606714e+01  1.088634e-02 
 1.606754e+01  9.940384e-03 
 1.606794e+01  8.194964e-03 
 1.606834e+01  5.799636e-03 
 1.606873e+01  2.950205e-03 
 1.606913e+01 -8.617413e-05 
 1.606953e+01 -2.992690e-03 
 1.606993e+01 -5.521799e-03 
 1.607032e+01 -7.393256e-03 
 1.607072e+01 -8.426782e-03 
 1.607112e+01 -8.568842e-03 
 1.607152e+01 -7.832527e-03 
 1.607191e+01 -6.275983e-03 
 1.607231e+01 -4.018924e-03 
 1.607271e+01 -1.188564e-03 
 1.607311e+01  2.050253e-03 
 1.607351e+01  5.491448e-03 
 1.607390e+01  8.831338e-03 
 1.607430e+01  1.182567e-02 
 1.607470e+01  1.422595e-02 
 1.607510e+01  1.582305e-02 
 1.607549e+01  1.648971e-02 
 1.607589e+01  1.616982e-02 
 1.607629e+01  1.483842e-02 
 1.607669e+01  1.265346e-02 
 1.607708e+01  9.811302e-03 
 1.607748e+01  6.482486e-03 
 1.607788e+01  2.908806e-03 
 1.607828e+01 -6.439502e-04 
 1.607868e+01 -3.875589e-03 
 1.607907e+01 -6.480377e-03 
 1.607947e+01 -8.229085e-03 
 1.607987e+01 -8.979627e-03 
 1.608027e+01 -8.668769e-03 
 1.608066e+01 -7.295599e-03 
 1.608106e+01 -4.960453e-03 
 1.608146e+01 -1.825313e-03 
 1.608186e+01  1.923486e-03 
 1.608225e+01  5.992875e-03 
 1.608265e+01  1.009198e-02 
 1.608305e+01  1.391492e-02 
 1.608345e+01  1.712883e-02 
 1.608385e+01  1.938198e-02 
 1.608424e+01  2.045924e-02 
 1.608464e+01  2.031362e-02 
 1.608504e+01  1.892763e-02 
 1.608544e+01  1.642280e-02 
 1.608583e+01  1.304757e-02 
 1.608623e+01  9.051684e-03 
 1.608663e+01  4.756084e-03 
 1.608703e+01  5.207797e-04 
 1.608742e+01 -3.335445e-03 
 1.608782e+01 -6.442879e-03 
 1.608822e+01 -8.480094e-03 
 1.608862e+01 -9.224162e-03 
 1.608902e+01 -8.566602e-03 
 1.608941e+01 -6.529924e-03 
 1.608981e+01 -3.320483e-03 
 1.609021e+01  7.942313e-04 
 1.609061e+01  5.498661e-03 
 1.609100e+01  1.041204e-02 
 1.609140e+01  1.512610e-02 
 1.609180e+01  1.926696e-02 
 1.609220e+01  2.251110e-02 
 1.609259e+01  2.457955e-02 
 1.609299e+01  2.532553e-02 
 1.609339e+01  2.466857e-02 
 1.609379e+01  2.264843e-02 
 1.609419e+01  1.948588e-02 
 1.609458e+01  1.545283e-02 
 1.609498e+01  1.089432e-02 
 1.609538e+01  6.174753e-03 
 1.609578e+01  1.660019e-03 
 1.609617e+01 -2.249942e-03 
 1.609657e+01 -5.221068e-03 
 1.609697e+01 -6.891326e-03 
 1.609737e+01 -7.078728e-03 
 1.609776e+01 -5.738055e-03 
 1.609816e+01 -2.927967e-03 
 1.609856e+01  1.100531e-03 
 1.609896e+01  6.045305e-03 
 1.609936e+01  1.148176e-02 
 1.609975e+01  1.693478e-02 
 1.610015e+01  2.197058e-02 
 1.610055e+01  2.626333e-02 
 1.610095e+01  2.955564e-02 
 1.610134e+01  3.166909e-02 
 1.610174e+01  3.248170e-02 
 1.610214e+01  3.200507e-02 
 1.610254e+01  3.034583e-02 
 1.610293e+01  2.767143e-02 
 1.610333e+01  2.427430e-02 
 1.610373e+01  2.041980e-02 
 1.610413e+01  1.638418e-02 
 1.610453e+01  1.244920e-02 
 1.610492e+01  8.885629e-03 
 1.610532e+01  5.943892e-03 
 1.610572e+01  3.812457e-03 
 1.610612e+01  2.580471e-03 
 1.610651e+01  2.340650e-03 
 1.610691e+01  3.084252e-03 
 1.610731e+01  4.664723e-03 
 1.610771e+01  6.901273e-03 
 1.610810e+01  9.593011e-03 
 1.610850e+01  1.250618e-02 
 1.610890e+01  1.536192e-02 
 1.610930e+01  1.797125e-02 
 1.610970e+01  2.015398e-02 
 1.611009e+01  2.175416e-02 
 1.611049e+01  2.266113e-02 
 1.611089e+01  2.277660e-02 
 1.611129e+01  2.202836e-02 
 1.611168e+01  2.043039e-02 
 1.611208e+01  1.807163e-02 
 1.611248e+01  1.511408e-02 
 1.611288e+01  1.176933e-02 
 1.611327e+01  8.254195e-03 
 1.611367e+01  4.804652e-03 
 1.611407e+01  1.684615e-03 
 1.611447e+01 -8.635950e-04 
 1.611487e+01 -2.635946e-03 
 1.611526e+01 -3.539973e-03 
 1.611566e+01 -3.470716e-03 
 1.611606e+01 -2.468511e-03 
 1.611646e+01 -5.788034e-04 
 1.611685e+01  2.028191e-03 
 1.611725e+01  5.098778e-03 
 1.611765e+01  8.364643e-03 
 1.611805e+01  1.154223e-02 
 1.611844e+01  1.440422e-02 
 1.611884e+01  1.670514e-02 
 1.611924e+01  1.827206e-02 
 1.611964e+01  1.895250e-02 
 1.612004e+01  1.862471e-02 
 1.612043e+01  1.731864e-02 
 1.612083e+01  1.513121e-02 
 1.612123e+01  1.221512e-02 
 1.612163e+01  8.790476e-03 
 1.612202e+01  5.140589e-03 
 1.612242e+01  1.580916e-03 
 1.612282e+01 -1.579090e-03 
 1.612322e+01 -4.081174e-03 
 1.612361e+01 -5.786745e-03 
 1.612401e+01 -6.526443e-03 
 1.612441e+01 -6.292204e-03 
 1.612481e+01 -5.064429e-03 
 1.612521e+01 -3.001132e-03 
 1.612560e+01 -2.830044e-04 
 1.612600e+01  2.804315e-03 
 1.612640e+01  5.912541e-03 
 1.612680e+01  8.774301e-03 
 1.612719e+01  1.115228e-02 
 1.612759e+01  1.280792e-02 
 1.612799e+01  1.360977e-02 
 1.612839e+01  1.351460e-02 
 1.612878e+01  1.257970e-02 
 1.612918e+01  1.090022e-02 
 1.612958e+01  8.618003e-03 
 1.612998e+01  5.917858e-03 
 1.613038e+01  3.082190e-03 
 1.613077e+01  3.820614e-04 
 1.613117e+01 -1.940694e-03 
 1.613157e+01 -3.670399e-03 
 1.613197e+01 -4.673963e-03 
 1.613236e+01 -4.901260e-03 
 1.613276e+01 -4.381641e-03 
 1.613316e+01 -3.178327e-03 
 1.613356e+01 -1.404996e-03 
 1.613395e+01  7.654023e-04 
 1.613435e+01  3.164354e-03 
 1.613475e+01  5.591714e-03 
 1.613515e+01  7.792489e-03 
 1.613555e+01  9.529138e-03 
 1.613594e+01  1.061815e-02 
 1.613634e+01  1.095492e-02 
 1.613674e+01  1.048948e-02 
 1.613714e+01  9.253126e-03 
 1.613753e+01  7.329187e-03 
 1.613793e+01  4.857696e-03 
 1.613833e+01  2.064873e-03 
 1.613873e+01 -8.765967e-04 
 1.613912e+01 -3.752487e-03 
 1.613952e+01 -6.336821e-03 
 1.613992e+01 -8.432710e-03 
 1.614032e+01 -9.842226e-03 
 1.614072e+01 -1.044078e-02 
 1.614111e+01 -1.018188e-02 
 1.614151e+01 -9.096687e-03 
 1.614191e+01 -7.259559e-03 
 1.614231e+01 -4.840441e-03 
 1.614270e+01 -1.994186e-03 
 1.614310e+01  1.051968e-03 
 1.614350e+01  4.043165e-03 
 1.614390e+01  6.734421e-03 
 1.614429e+01  8.900050e-03 
 1.614469e+01  1.038260e-02 
 1.614509e+01  1.102598e-02 
 1.614549e+01  1.077382e-02 
 1.614589e+01  9.609979e-03 
 1.614628e+01  7.689828e-03 
 1.614668e+01  5.179046e-03 
 1.614708e+01  2.303851e-03 
 1.614748e+01 -6.838612e-04 
 1.614787e+01 -3.537721e-03 
 1.614827e+01 -5.996146e-03 
 1.614867e+01 -7.814065e-03 
 1.614907e+01 -8.806295e-03 
 1.614946e+01 -8.848003e-03 
 1.614986e+01 -7.960648e-03 
 1.615026e+01 -6.221649e-03 
 1.615066e+01 -3.714535e-03 
 1.615106e+01 -6.866376e-04 
 1.615145e+01  2.562787e-03 
 1.615185e+01  5.751604e-03 
 1.615225e+01  8.615553e-03 
 1.615265e+01  1.092683e-02 
 1.615304e+01  1.245004e-02 
 1.615344e+01  1.303464e-02 
 1.615384e+01  1.259238e-02 
 1.615424e+01  1.115583e-02 
 1.615464e+01  8.761504e-03 
 1.615503e+01  5.687569e-03 
 1.615543e+01  2.141704e-03 
 1.615583e+01 -1.531830e-03 
 1.615623e+01 -4.979044e-03 
 1.615662e+01 -7.936356e-03 
 1.615702e+01 -1.009908e-02 
 1.615742e+01 -1.129358e-02 
 1.615782e+01 -1.140189e-02 
 1.615821e+01 -1.035982e-02 
 1.615861e+01 -8.277753e-03 
 1.615901e+01 -5.307367e-03 
 1.615941e+01 -1.748943e-03 
 1.615981e+01  2.122135e-03 
 1.616020e+01  5.949113e-03 
 1.616060e+01  9.433039e-03 
 1.616100e+01  1.230107e-02 
 1.616140e+01  1.428689e-02 
 1.616179e+01  1.527756e-02 
 1.616219e+01  1.526306e-02 
 1.616259e+01  1.424631e-02 
 1.616299e+01  1.234566e-02 
 1.616338e+01  9.650461e-03 
 1.616378e+01  6.418466e-03 
 1.616418e+01  2.854194e-03 
 1.616458e+01 -7.379992e-04 
 1.616498e+01 -4.034084e-03 
 1.616537e+01 -6.802188e-03 
 1.616577e+01 -8.837870e-03 
 1.616617e+01 -9.954099e-03 
 1.616657e+01 -1.012476e-02 
 1.616696e+01 -9.338970e-03 
 1.616736e+01 -7.697175e-03 
 1.616776e+01 -5.407034e-03 
 1.616816e+01 -2.652433e-03 
 1.616855e+01  3.306218e-04 
 1.616895e+01  3.232041e-03 
 1.616935e+01  5.745569e-03 
 1.616975e+01  7.737588e-03 
 1.617015e+01  9.067983e-03 
 1.617054e+01  9.681195e-03 
 1.617094e+01  9.593727e-03 
 1.617134e+01  8.861256e-03 
 1.617174e+01  7.532205e-03 
 1.617213e+01  5.671739e-03 
 1.617253e+01  3.435694e-03 
 1.617293e+01  1.019894e-03 
 1.617333e+01 -1.430417e-03 
 1.617372e+01 -3.690088e-03 
 1.617412e+01 -5.538326e-03 
 1.617452e+01 -6.800108e-03 
 1.617492e+01 -7.313897e-03 
 1.617532e+01 -7.052651e-03 
 1.617571e+01 -5.966399e-03 
 1.617611e+01 -4.044713e-03 
 1.617651e+01 -1.349222e-03 
 1.617691e+01  1.972465e-03 
 1.617730e+01  5.741217e-03 
 1.617770e+01  9.657715e-03 
 1.617810e+01  1.344513e-02 
 1.617850e+01  1.681254e-02 
 1.617889e+01  1.951662e-02 
 1.617929e+01  2.129102e-02 
 1.617969e+01  2.201252e-02 
 1.618009e+01  2.163513e-02 
 1.618049e+01  2.014821e-02 
 1.618088e+01  1.768670e-02 
 1.618128e+01  1.439893e-02 
 1.618168e+01  1.050083e-02 
 1.618208e+01  6.312445e-03 
 1.618247e+01  2.183073e-03 
 1.618287e+01 -1.509965e-03 
 1.618327e+01 -4.418694e-03 
 1.618367e+01 -6.269585e-03 
 1.618406e+01 -6.825923e-03 
 1.618446e+01 -6.037442e-03 
 1.618486e+01 -3.922464e-03 
 1.618526e+01 -6.200081e-04 
 1.618566e+01  3.583951e-03 
 1.618605e+01  8.427389e-03 
 1.618645e+01  1.350054e-02 
 1.618685e+01  1.843268e-02 
 1.618725e+01  2.279868e-02 
 1.618764e+01  2.624794e-02 
 1.618804e+01  2.842885e-02 
 1.618844e+01  2.921618e-02 
 1.618884e+01  2.855005e-02 
 1.618923e+01  2.646585e-02 
 1.618963e+01  2.318746e-02 
 1.619003e+01  1.900530e-02 
 1.619043e+01  1.429483e-02 
 1.619083e+01  9.435924e-03 
 1.619122e+01  4.767512e-03 
 1.619162e+01  7.120115e-04 
 1.619202e+01 -2.374472e-03 
 1.619242e+01 -4.210326e-03 
 1.619281e+01 -4.640928e-03 
 1.619321e+01 -3.629417e-03 
 1.619361e+01 -1.252205e-03 
 1.619401e+01  2.274076e-03 
 1.619440e+01  6.621019e-03 
 1.619480e+01  1.147197e-02 
 1.619520e+01  1.638556e-02 
 1.619560e+01  2.088842e-02 
 1.619600e+01  2.465839e-02 
 1.619639e+01  2.739064e-02 
 1.619679e+01  2.884238e-02 
 1.619719e+01  2.887947e-02 
 1.619759e+01  2.745648e-02 
 1.619798e+01  2.472233e-02 
 1.619838e+01  2.091182e-02 
 1.619878e+01  1.639430e-02 
 1.619918e+01  1.148566e-02 
 1.619957e+01  6.559923e-03 
 1.619997e+01  2.006218e-03 
 1.620037e+01 -1.882331e-03 
 1.620077e+01 -4.798956e-03 
 1.620117e+01 -6.539291e-03 
 1.620156e+01 -7.010239e-03 
 1.620196e+01 -6.141788e-03 
 1.620236e+01 -4.003049e-03 
 1.620276e+01 -7.547624e-04 
 1.620315e+01  3.363690e-03 
 1.620355e+01  8.020901e-03 
 1.620395e+01  1.288800e-02 
 1.620435e+01  1.763167e-02 
 1.620474e+01  2.193364e-02 
 1.620514e+01  2.553974e-02 
 1.620554e+01  2.814275e-02 
 1.620594e+01  2.958871e-02 
 1.620634e+01  2.976554e-02 
 1.620673e+01  2.862071e-02 
 1.620713e+01  2.625350e-02 
 1.620753e+01  2.287663e-02 
 1.620793e+01  1.876234e-02 
 1.620832e+01  1.427367e-02 
 1.620872e+01  9.766698e-03 
 1.620912e+01  5.581501e-03 
 1.620952e+01  2.044674e-03 
 1.620991e+01 -6.017796e-04 
 1.621031e+01 -2.142798e-03 
 1.621071e+01 -2.498997e-03 
 1.621111e+01 -1.667928e-03 
 1.621151e+01  1.871991e-04 
 1.621190e+01  2.846610e-03 
 1.621230e+01  6.079102e-03 
 1.621270e+01  9.550322e-03 
 1.621310e+01  1.291402e-02 
 1.621349e+01  1.586301e-02 
 1.621389e+01  1.816839e-02 
 1.621429e+01  1.962740e-02 
 1.621469e+01  2.010191e-02 
 1.621508e+01  1.952438e-02 
 1.621548e+01  1.789149e-02 
 1.621588e+01  1.530290e-02 
 1.621628e+01  1.194224e-02 
 1.621668e+01  8.087432e-03 
 1.621707e+01  4.034345e-03 
 1.621747e+01  8.840934e-05 
 1.621787e+01 -3.505200e-03 
 1.621827e+01 -6.413177e-03 
 1.621866e+01 -8.395170e-03 
 1.621906e+01 -9.387395e-03 
 1.621946e+01 -9.324212e-03 
 1.621986e+01 -8.254474e-03 
 1.622025e+01 -6.318371e-03 
 1.622065e+01 -3.696580e-03 
 1.622105e+01 -6.367222e-04 
 1.622145e+01  2.585182e-03 
 1.622185e+01  5.706968e-03 
 1.622224e+01  8.495996e-03 
 1.622264e+01  1.071392e-02 
 1.622304e+01  1.219893e-02 
 1.622344e+01  1.279344e-02 
 1.622383e+01  1.246854e-02 
 1.622423e+01  1.125959e-02 
 1.622463e+01  9.290259e-03 
 1.622503e+01  6.756964e-03 
 1.622542e+01  3.913055e-03 
 1.622582e+01  9.887817e-04 
 1.622622e+01 -1.721122e-03 
 1.622662e+01 -4.060229e-03 
 1.622702e+01 -5.831963e-03 
 1.622741e+01 -6.938765e-03 
 1.622781e+01 -7.309788e-03 
 1.622821e+01 -6.921144e-03 
 1.622861e+01 -5.811580e-03 
 1.622900e+01 -4.123405e-03 
 1.622940e+01 -2.002911e-03 
 1.622980e+01  3.608510e-04 
 1.623020e+01  2.738353e-03 
 1.623059e+01  4.940184e-03 
 1.623099e+01  6.798450e-03 
 1.623139e+01  8.227207e-03 
 1.623179e+01  9.089125e-03 
 1.623219e+01  9.408758e-03 
 1.623258e+01  9.134472e-03 
 1.623298e+01  8.338957e-03 
 1.623338e+01  7.068924e-03 
 1.623378e+01  5.433032e-03 
 1.623417e+01  3.584319e-03 
 1.623457e+01  1.702897e-03 
 1.623497e+01 -4.885748e-05 
 1.623537e+01 -1.527354e-03 
 1.623576e+01 -2.576330e-03 
 1.623616e+01 -3.063184e-03 
 1.623656e+01 -2.936894e-03 
 1.623696e+01 -2.245933e-03 
 1.623736e+01 -9.529837e-04 
 1.623775e+01  8.252021e-04 
 1.623815e+01  2.922176e-03 
 1.623855e+01  5.195881e-03 
 1.623895e+01  7.463372e-03 
 1.623934e+01  9.521788e-03 
 1.623974e+01  1.116185e-02 
 1.624014e+01  1.222913e-02 
 1.624054e+01  1.264821e-02 
 1.624093e+01  1.232171e-02 
 1.624133e+01  1.123254e-02 
 1.624173e+01  9.449661e-03 
 1.624213e+01  7.113045e-03 
 1.624253e+01  4.364365e-03 
 1.624292e+01  1.405412e-03 
 1.624332e+01 -1.524880e-03 
 1.624372e+01 -4.191811e-03 
 1.624412e+01 -6.393023e-03 
 1.624451e+01 -7.855524e-03 
 1.624491e+01 -8.443074e-03 
 1.624531e+01 -8.089264e-03 
 1.624571e+01 -6.794299e-03 
 1.624611e+01 -4.696120e-03 
 1.624650e+01 -1.954801e-03 
 1.624690e+01  1.147773e-03 
 1.624730e+01  4.369096e-03 
 1.624770e+01  7.410274e-03 
 1.624809e+01  9.962032e-03 
 1.624849e+01  1.179170e-02 
 1.624889e+01  1.272368e-02 
 1.624929e+01  1.263793e-02 
 1.624968e+01  1.152832e-02 
 1.625008e+01  9.472021e-03 
 1.625048e+01  6.638421e-03 
 1.625088e+01  3.278722e-03 
 1.625128e+01 -3.427576e-04 
 1.625167e+01 -3.891135e-03 
 1.625207e+01 -7.041263e-03 
 1.625247e+01 -9.524800e-03 
 1.625287e+01 -1.108861e-02 
 1.625326e+01 -1.153513e-02 
 1.625366e+01 -1.080008e-02 
 1.625406e+01 -8.908282e-03 
 1.625446e+01 -6.058958e-03 
 1.625485e+01 -2.521808e-03 
 1.625525e+01  1.375807e-03 
 1.625565e+01  5.249366e-03 
 1.625605e+01  8.733575e-03 
 1.625645e+01  1.157333e-02 
 1.625684e+01  1.353678e-02 
 1.625724e+01  1.443354e-02 
 1.625764e+01  1.418984e-02 
 1.625804e+01  1.285408e-02 
 1.625843e+01  1.052644e-02 
 1.625883e+01  7.357636e-03 
 1.625923e+01  3.678510e-03 
 1.625963e+01 -1.338411e-04 
 1.626002e+01 -3.765709e-03 
 1.626042e+01 -6.888550e-03 
 1.626082e+01 -9.228634e-03 
 1.626122e+01 -1.062030e-02 
 1.626162e+01 -1.095524e-02 
 1.626201e+01 -1.027243e-02 
 1.626241e+01 -8.551142e-03 
 1.626281e+01 -5.921462e-03 
 1.626321e+01 -2.587758e-03 
 1.626360e+01  1.191223e-03 
 1.626400e+01  5.171487e-03 
 1.626440e+01  9.063854e-03 
 1.626480e+01  1.253371e-02 
 1.626519e+01  1.534596e-02 
 1.626559e+01  1.726866e-02 
 1.626599e+01  1.815229e-02 
 1.626639e+01  1.795706e-02 
 1.626679e+01  1.676999e-02 
 1.626718e+01  1.463186e-02 
 1.626758e+01  1.174233e-02 
 1.626798e+01  8.336081e-03 
 1.626838e+01  4.651800e-03 
 1.626877e+01  9.726744e-04 
 1.626917e+01 -2.400238e-03 
 1.626957e+01 -5.208465e-03 
 1.626997e+01 -7.235442e-03 
 1.627036e+01 -8.361358e-03 
 1.627076e+01 -8.499309e-03 
 1.627116e+01 -7.655750e-03 
 1.627156e+01 -5.930988e-03 
 1.627196e+01 -3.460301e-03 
 1.627235e+01 -4.709841e-04 
 1.627275e+01  2.817663e-03 
 1.627315e+01  6.129904e-03 
 1.627355e+01  9.217969e-03 
 1.627394e+01  1.181496e-02 
 1.627434e+01  1.368661e-02 
 1.627474e+01  1.460179e-02 
 1.627514e+01  1.442034e-02 
 1.627553e+01  1.315388e-02 
 1.627593e+01  1.084099e-02 
 1.627633e+01  7.668405e-03 
 1.627673e+01  3.881409e-03 
 1.627713e+01 -1.850620e-04 
 1.627752e+01 -4.174739e-03 
 1.627792e+01 -7.753599e-03 
 1.627832e+01 -1.056508e-02 
 1.627872e+01 -1.229871e-02 
 1.627911e+01 -1.277138e-02 
 1.627951e+01 -1.189373e-02 
 1.627991e+01 -9.664373e-03 
 1.628031e+01 -6.205735e-03 
 1.628070e+01 -1.800584e-03 
 1.628110e+01  3.194422e-03 
 1.628150e+01  8.432984e-03 
 1.628190e+01  1.357015e-02 
 1.628230e+01  1.815950e-02 
 1.628269e+01  2.192454e-02 
 1.628309e+01  2.466741e-02 
 1.628349e+01  2.619918e-02 
 1.628389e+01  2.644350e-02 
 1.628428e+01  2.543309e-02 
 1.628468e+01  2.331779e-02 
 1.628508e+01  2.023723e-02 
 1.628548e+01  1.645911e-02 
 1.628587e+01  1.225923e-02 
 1.628627e+01  7.971918e-03 
 1.628667e+01  3.901678e-03 
 1.628707e+01  3.764343e-04 
 1.628747e+01 -2.240177e-03 
 1.628786e+01 -3.722066e-03 
 1.628826e+01 -3.924392e-03 
 1.628866e+01 -2.843903e-03 
 1.628906e+01 -5.921754e-04 
 1.628945e+01  2.633655e-03 
 1.628985e+01  6.540158e-03 
 1.629025e+01  1.080845e-02 
 1.629065e+01  1.504992e-02 
 1.629104e+01  1.895358e-02 
 1.629144e+01  2.224360e-02 
 1.629184e+01  2.467153e-02 
 1.629224e+01  2.603705e-02 
 1.629264e+01  2.619632e-02 
 1.629303e+01  2.516649e-02 
 1.629343e+01  2.300761e-02 
 1.629383e+01  1.988860e-02 
 1.629423e+01  1.608983e-02 
 1.629462e+01  1.184612e-02 
 1.629502e+01  7.460253e-03 
 1.629542e+01  3.283166e-03 
 1.629582e+01 -3.699438e-04 
 1.629621e+01 -3.203083e-03 
 1.629661e+01 -5.019300e-03 
 1.629701e+01 -5.663030e-03 
 1.629741e+01 -5.063475e-03 
 1.629781e+01 -3.238440e-03 
 1.629820e+01 -3.250566e-04 
 1.629860e+01  3.457329e-03 
 1.629900e+01  7.843591e-03 
 1.629940e+01  1.248049e-02 
 1.629979e+01  1.702025e-02 
 1.630019e+01  2.107632e-02 
 1.630059e+01  2.437148e-02 
 1.630099e+01  2.661896e-02 
 1.630138e+01  2.756401e-02 
 1.630178e+01  2.713763e-02 
 1.630218e+01  2.535709e-02 
 1.630258e+01  2.235555e-02 
 1.630298e+01  1.829137e-02 
 1.630337e+01  1.352556e-02 
 1.630377e+01  8.357302e-03 
 1.630417e+01  3.180717e-03 
 1.630457e+01 -1.650963e-03 
 1.630496e+01 -5.714443e-03 
 1.630536e+01 -8.668708e-03 
 1.630576e+01 -1.029975e-02 
 1.630616e+01 -1.047377e-02 
 1.630655e+01 -9.160031e-03 
 1.630695e+01 -6.477333e-03 
 1.630735e+01 -2.688355e-03 
 1.630775e+01  1.857813e-03 
 1.630815e+01  6.814893e-03 
 1.630854e+01  1.176916e-02 
 1.630894e+01  1.630815e-02 
 1.630934e+01  2.009890e-02 
 1.630974e+01  2.285265e-02 
 1.631013e+01  2.433306e-02 
 1.631053e+01  2.444057e-02 
 1.631093e+01  2.322314e-02 
 1.631133e+01  2.082961e-02 
 1.631172e+01  1.753246e-02 
 1.631212e+01  1.365460e-02 
 1.631252e+01  9.510709e-03 
 1.631292e+01  5.467181e-03 
 1.631332e+01  1.856433e-03 
 1.631371e+01 -1.010014e-03 
 1.631411e+01 -2.902406e-03 
 1.631451e+01 -3.665226e-03 
 1.631491e+01 -3.220439e-03 
 1.631530e+01 -1.603967e-03 
 1.631570e+01  1.064606e-03 
 1.631610e+01  4.518589e-03 
 1.631650e+01  8.414091e-03 
 1.631689e+01  1.237928e-02 
 1.631729e+01  1.601620e-02 
 1.631769e+01  1.901362e-02 
 1.631809e+01  2.110906e-02 
 1.631849e+01  2.214029e-02 
 1.631888e+01  2.201287e-02 
 1.631928e+01  2.078639e-02 
 1.631968e+01  1.856752e-02 
 1.632008e+01  1.555031e-02 
 1.632047e+01  1.193827e-02 
 1.632087e+01  8.026254e-03 
 1.632127e+01  4.168605e-03 
 1.632167e+01  6.030241e-04 
 1.632206e+01 -2.353030e-03 
 1.632246e+01 -4.481917e-03 
 1.632286e+01 -5.659806e-03 
 1.632326e+01 -5.837058e-03 
 1.632366e+01 -5.140741e-03 
 1.632405e+01 -3.652123e-03 
 1.632445e+01 -1.534428e-03 
 1.632485e+01  9.648391e-04 
 1.632525e+01  3.622598e-03 
 1.632564e+01  6.255539e-03 
 1.632604e+01  8.639130e-03 
 1.632644e+01  1.054282e-02 
 1.632684e+01  1.187177e-02 
 1.632723e+01  1.258013e-02 
 1.632763e+01  1.263654e-02 
 1.632803e+01  1.204390e-02 
 1.632843e+01  1.088461e-02 
 1.632883e+01  9.283488e-03 
 1.632922e+01  7.364247e-03 
 1.632962e+01  5.269354e-03 
 1.633002e+01  3.174013e-03 
 1.633042e+01  1.267590e-03 
 1.633081e+01 -3.222858e-04 
 1.633121e+01 -1.467641e-03 
 1.633161e+01 -2.079178e-03 
 1.633201e+01 -2.116663e-03 
 1.633240e+01 -1.574983e-03 
 1.633280e+01 -5.878735e-04 
 1.633320e+01  8.123865e-04 
 1.633360e+01  2.487143e-03 
 1.633400e+01  4.320681e-03 
 1.633439e+01  6.166496e-03 
 1.633479e+01  7.846926e-03 
 1.633519e+01  9.189845e-03 
 1.633559e+01  1.004377e-02 
 1.633598e+01  1.031714e-02 
 1.633638e+01  9.963723e-03 
 1.633678e+01  8.994581e-03 
 1.633718e+01  7.495523e-03 
 1.633758e+01  5.583948e-03 
 1.633797e+01  3.422808e-03 
 1.633837e+01  1.167852e-03 
 1.633877e+01 -9.361445e-04 
 1.633917e+01 -2.695714e-03 
 1.633956e+01 -3.917435e-03 
 1.633996e+01 -4.441999e-03 
 1.634036e+01 -4.208905e-03 
 1.634076e+01 -3.209545e-03 
 1.634115e+01 -1.524507e-03 
 1.634155e+01  7.340085e-04 
 1.634195e+01  3.386914e-03 
 1.634235e+01  6.216792e-03 
 1.634275e+01  8.988711e-03 
 1.634314e+01  1.148364e-02 
 1.634354e+01  1.351621e-02 
 1.634394e+01  1.484716e-02 
 1.634434e+01  1.532906e-02 
 1.634473e+01  1.493498e-02 
 1.634513e+01  1.359657e-02 
 1.634553e+01  1.142289e-02 
 1.634593e+01  8.538335e-03 
 1.634632e+01  5.210780e-03 
 1.634672e+01  1.718134e-03 
 1.634712e+01 -1.699080e-03 
 1.634752e+01 -4.720509e-03 
 1.634792e+01 -7.152337e-03 
 1.634831e+01 -8.787156e-03 
 1.634871e+01 -9.562332e-03 
 1.634911e+01 -9.384522e-03 
 1.634951e+01 -8.332507e-03 
 1.634990e+01 -6.525007e-03 
 1.635030e+01 -4.246204e-03 
 1.635070e+01 -1.735581e-03 
 1.635110e+01  7.837807e-04 
 1.635149e+01  3.014137e-03 
 1.635189e+01  4.726928e-03 
 1.635229e+01  5.794921e-03 
 1.635269e+01  6.074818e-03 
 1.635309e+01  5.496290e-03 
 1.635348e+01  4.133939e-03 
 1.635388e+01  2.092648e-03 
 1.635428e+01 -4.412730e-04 
 1.635468e+01 -3.299119e-03 
 1.635507e+01 -6.252933e-03 
 1.635547e+01 -9.090955e-03 
 1.635587e+01 -1.160301e-02 
 1.635627e+01 -1.356287e-02 
 1.635666e+01 -1.483234e-02 
 1.635706e+01 -1.523069e-02 
 1.635746e+01 -1.463387e-02 
 1.635786e+01 -1.300652e-02 
 1.635826e+01 -1.043613e-02 
 1.635865e+01 -7.061847e-03 
 1.635905e+01 -3.176228e-03 
 1.635945e+01  9.430069e-04 
 1.635985e+01  5.001146e-03 
 1.636024e+01  8.673930e-03 
 1.636064e+01  1.169867e-02 
 1.636104e+01  1.390081e-02 
 1.636144e+01  1.508658e-02 
 1.636183e+01  1.516236e-02 
 1.636223e+01  1.414490e-02 
 1.636263e+01  1.207938e-02 
 1.636303e+01  9.115465e-03 
 1.636343e+01  5.505058e-03 
 1.636382e+01  1.536955e-03 
 1.636422e+01 -2.512919e-03 
 1.636462e+01 -6.332178e-03 
 1.636502e+01 -9.581672e-03 
 1.636541e+01 -1.197977e-02 
 1.636581e+01 -1.335306e-02 
 1.636621e+01 -1.356488e-02 
 1.636661e+01 -1.254775e-02 
 1.636700e+01 -1.031598e-02 
 1.636740e+01 -7.031607e-03 
 1.636780e+01 -2.951735e-03 
 1.636820e+01  1.591904e-03 
 1.636860e+01  6.235726e-03 
 1.636899e+01  1.058054e-02 
 1.636939e+01  1.424984e-02 
 1.636979e+01  1.695324e-02 
 1.637019e+01  1.847278e-02 
 1.637058e+01  1.862846e-02 
 1.637098e+01  1.744820e-02 
 1.637138e+01  1.503836e-02 
 1.637178e+01  1.162142e-02 
 1.637217e+01  7.391982e-03 
 1.637257e+01  2.762670e-03 
 1.637297e+01 -1.891364e-03 
 1.637337e+01 -6.094871e-03 
 1.637377e+01 -9.474708e-03 
 1.637416e+01 -1.172120e-02 
 1.637456e+01 -1.256974e-02 
 1.637496e+01 -1.194157e-02 
 1.637536e+01 -9.860029e-03 
 1.637575e+01 -6.478926e-03 
 1.637615e+01 -2.014349e-03 
 1.637655e+01  3.125138e-03 
 1.637695e+01  8.513720e-03 
 1.637734e+01  1.374236e-02 
 1.637774e+01  1.834859e-02 
 1.637814e+01  2.196928e-02 
 1.637854e+01  2.426749e-02 
 1.637894e+01  2.508684e-02 
 1.637933e+01  2.434678e-02 
 1.637973e+01  2.212892e-02 
 1.638013e+01  1.865225e-02 
 1.638053e+01  1.416693e-02 
 1.638092e+01  9.044310e-03 
 1.638132e+01  3.698831e-03 
 1.638172e+01 -1.455980e-03 
 1.638212e+01 -5.990966e-03 
 1.638251e+01 -9.560195e-03 
 1.638291e+01 -1.184094e-02 
 1.638331e+01 -1.268688e-02 
 1.638371e+01 -1.206834e-02 
 1.638411e+01 -1.001274e-02 
 1.638450e+01 -6.679516e-03 
 1.638490e+01 -2.303912e-03 
 1.638530e+01  2.817874e-03 
 1.638570e+01  8.315488e-03 
 1.638609e+01  1.377905e-02 
 1.638649e+01  1.878633e-02 
 1.638689e+01  2.299116e-02 
 1.638729e+01  2.614955e-02 
 1.638768e+01  2.807345e-02 
 1.638808e+01  2.861940e-02 
 1.638848e+01  2.787099e-02 
 1.638888e+01  2.593853e-02 
 1.638928e+01  2.306106e-02 
 1.638967e+01  1.945556e-02 
 1.639007e+01  1.544696e-02 
 1.639047e+01  1.135511e-02 
 1.639087e+01  7.467974e-03 
 1.639126e+01  4.106534e-03 
 1.639166e+01  1.555051e-03 
 1.639206e+01  2.118716e-05 
 1.639246e+01 -3.648303e-04 
 1.639285e+01  3.884676e-04 
 1.639325e+01  2.214179e-03 
 1.639365e+01  4.995874e-03 
 1.639405e+01  8.475909e-03 
 1.639445e+01  1.239011e-02 
 1.639484e+01  1.646037e-02 
 1.639524e+01  2.039215e-02 
 1.639564e+01  2.386354e-02 
 1.639604e+01  2.661691e-02 
 1.639643e+01  2.845045e-02 
 1.639683e+01  2.920305e-02 
 1.639723e+01  2.873746e-02 
 1.639763e+01  2.705097e-02 
 1.639802e+01  2.427626e-02 
 1.639842e+01  2.057037e-02 
 1.639882e+01  1.619382e-02 
 1.639922e+01  1.140407e-02 
 1.639962e+01  6.541288e-03 
 1.640001e+01  2.015277e-03 
 1.640041e+01 -1.832119e-03 
 1.640081e+01 -4.659993e-03 
 1.640121e+01 -6.250523e-03 
 1.640160e+01 -6.512806e-03 
 1.640200e+01 -5.457060e-03 
 1.640240e+01 -3.151047e-03 
 1.640280e+01  1.847633e-04 
 1.640319e+01  4.290488e-03 
 1.640359e+01  8.835278e-03 
 1.640399e+01  1.343698e-02 
 1.640439e+01  1.771098e-02 
 1.640479e+01  2.132509e-02 
 1.640518e+01  2.401572e-02 
 1.640558e+01  2.555548e-02 
 1.640598e+01  2.580235e-02 
 1.640638e+01  2.475493e-02 
 1.640677e+01  2.251605e-02 
 1.640717e+01  1.926725e-02 
 1.640757e+01  1.527719e-02 
 1.640797e+01  1.087661e-02 
 1.640836e+01  6.376619e-03 
 1.640876e+01  2.164030e-03 
 1.640916e+01 -1.380988e-03 
 1.640956e+01 -3.965063e-03 
 1.640996e+01 -5.404053e-03 
 1.641035e+01 -5.637836e-03 
 1.641075e+01 -4.699458e-03 
 1.641115e+01 -2.694172e-03 
 1.641155e+01  1.004831e-04 
 1.641194e+01  3.395278e-03 
 1.641234e+01  6.927766e-03 
 1.641274e+01  1.039537e-02 
 1.641314e+01  1.351767e-02 
 1.641353e+01  1.605394e-02 
 1.641393e+01  1.784046e-02 
 1.641433e+01  1.870194e-02 
 1.641473e+01  1.860531e-02 
 1.641513e+01  1.759395e-02 
 1.641552e+01  1.580037e-02 
 1.641592e+01  1.340230e-02 
 1.641632e+01  1.061429e-02 
 1.641672e+01  7.727090e-03 
 1.641711e+01  5.009895e-03 
 1.641751e+01  2.698954e-03 
 1.641791e+01  9.807808e-04 
 1.641831e+01  6.404340e-06 
 1.641870e+01 -1.142699e-04 
 1.641910e+01  6.134887e-04 
 1.641950e+01  2.103559e-03 
 1.641990e+01  4.230893e-03 
 1.642030e+01  6.798886e-03 
 1.642069e+01  9.567864e-03 
 1.642109e+01  1.229442e-02 
 1.642149e+01  1.473941e-02 
 1.642189e+01  1.669894e-02 
 1.642228e+01  1.801526e-02 
 1.642268e+01  1.860145e-02 
 1.642308e+01  1.841455e-02 
 1.642348e+01  1.747106e-02 
 1.642387e+01  1.585447e-02 
 1.642427e+01  1.366001e-02 
 1.642467e+01  1.103163e-02 
 1.642507e+01  8.146889e-03 
 1.642547e+01  5.197530e-03 
 1.642586e+01  2.389033e-03 
 1.642626e+01 -1.033496e-04 
 1.642666e+01 -2.049039e-03 
 1.642706e+01 -3.309755e-03 
 1.642745e+01 -3.774748e-03 
 1.642785e+01 -3.462211e-03 
 1.642825e+01 -2.462254e-03 
 1.642865e+01 -8.996736e-04 
 1.642905e+01  1.017010e-03 
 1.642944e+01  3.037421e-03 
 1.642984e+01  4.962533e-03 
 1.643024e+01  6.568983e-03 
 1.643064e+01  7.673384e-03 
 1.643103e+01  8.169235e-03 
 1.643143e+01  7.999114e-03 
 1.643183e+01  7.114925e-03 
 1.643223e+01  5.543108e-03 
 1.643262e+01  3.445186e-03 
 1.643302e+01  9.603375e-04 
 1.643342e+01 -1.661482e-03 
 1.643382e+01 -4.224026e-03 
 1.643422e+01 -6.428844e-03 
 1.643461e+01 -8.017419e-03 
 1.643501e+01 -8.823232e-03 
 1.643541e+01 -8.750993e-03 
 1.643581e+01 -7.793515e-03 
 1.643620e+01 -6.025935e-03 
 1.643660e+01 -3.588135e-03 
 1.643700e+01 -6.833970e-04 
 1.643740e+01  2.449140e-03 
 1.643779e+01  5.547974e-03 
 1.643819e+01  8.333217e-03 
 1.643859e+01  1.056143e-02 
 1.643899e+01  1.207278e-02 
 1.643939e+01  1.268453e-02 
 1.643978e+01  1.232472e-02 
 1.644018e+01  1.098888e-02 
 1.644058e+01  8.810166e-03 
 1.644098e+01  5.957138e-03 
 1.644137e+01  2.665923e-03 
 1.644177e+01 -8.000091e-04 
 1.644217e+01 -4.125197e-03 
 1.644257e+01 -7.051953e-03 
 1.644296e+01 -9.301742e-03 
 1.644336e+01 -1.067396e-02 
 1.644376e+01 -1.100795e-02 
 1.644416e+01 -1.026712e-02 
 1.644456e+01 -8.540440e-03 
 1.644495e+01 -5.984101e-03 
 1.644535e+01 -2.860263e-03 
 1.644575e+01  5.545761e-04 
 1.644615e+01  3.997521e-03 
 1.644654e+01  7.167960e-03 
 1.644694e+01  9.785146e-03 
 1.644734e+01  1.164062e-02 
 1.644774e+01  1.258879e-02 
 1.644813e+01  1.253753e-02 
 1.644853e+01  1.151421e-02 
 1.644893e+01  9.599100e-03 
 1.644933e+01  6.957911e-03 
 1.644973e+01  3.781941e-03 
 1.645012e+01  3.025450e-04 
 1.645052e+01 -3.218834e-03 
 1.645092e+01 -6.487350e-03 
 1.645132e+01 -9.307665e-03 
 1.645171e+01 -1.145071e-02 
 1.645211e+01 -1.274851e-02 
 1.645251e+01 -1.311579e-02 
 1.645291e+01 -1.257114e-02 
 1.645330e+01 -1.115167e-02 
 1.645370e+01 -8.976968e-03 
 1.645410e+01 -6.244668e-03 
 1.645450e+01 -3.143030e-03 
 1.645490e+01  1.407018e-04 
 1.645529e+01  3.349684e-03 
 1.645569e+01  6.178658e-03 
 1.645609e+01  8.404561e-03 
 1.645649e+01  9.838407e-03 
 1.645688e+01  1.034797e-02 
 1.645728e+01  9.835593e-03 
 1.645768e+01  8.310666e-03 
 1.645808e+01  5.912402e-03 
 1.645847e+01  2.850305e-03 
 1.645887e+01 -6.507052e-04 
 1.645927e+01 -4.312480e-03 
 1.645967e+01 -7.855743e-03 
 1.646007e+01 -1.100625e-02 
 1.646046e+01 -1.355392e-02 
 1.646086e+01 -1.523105e-02 
 1.646126e+01 -1.584802e-02 
 1.646166e+01 -1.534577e-02 
 1.646205e+01 -1.367276e-02 
 1.646245e+01 -1.085066e-02 
 1.646285e+01 -7.007068e-03 
 1.646325e+01 -2.408357e-03 
 1.646364e+01  2.623992e-03 
 1.646404e+01  7.710142e-03 
 1.646444e+01  1.248367e-02 
 1.646484e+01  1.656876e-02 
 1.646524e+01  1.968138e-02 
 1.646563e+01  2.161645e-02 
 1.646603e+01  2.223727e-02 
 1.646643e+01  2.147585e-02 
 1.646683e+01  1.935797e-02 
 1.646722e+01  1.608688e-02 
 1.646762e+01  1.191829e-02 
 1.646802e+01  7.194165e-03 
 1.646842e+01  2.351044e-03 
 1.646881e+01 -2.180655e-03 
 1.646921e+01 -6.019161e-03 
 1.646961e+01 -8.773335e-03 
 1.647001e+01 -1.014773e-02 
 1.647041e+01 -1.003950e-02 
 1.647080e+01 -8.382422e-03 
 1.647120e+01 -5.313681e-03 
 1.647160e+01 -1.120685e-03 
 1.647200e+01  3.820950e-03 
 1.647239e+01  9.076113e-03 
 1.647279e+01  1.422053e-02 
 1.647319e+01  1.880931e-02 
 1.647359e+01  2.249587e-02 
 1.647398e+01  2.496568e-02 
 1.647438e+01  2.604617e-02 
 1.647478e+01  2.564407e-02 
 1.647518e+01  2.380045e-02 
 1.647558e+01  2.071105e-02 
 1.647597e+01  1.660380e-02 
 1.647637e+01  1.180317e-02 
 1.647677e+01  6.695968e-03 
 1.647717e+01  1.722548e-03 
 1.647756e+01 -2.701953e-03 
 1.647796e+01 -6.207522e-03 
 1.647836e+01 -8.458789e-03 
 1.647876e+01 -9.200391e-03 
 1.647915e+01 -8.390261e-03 
 1.647955e+01 -6.114325e-03 
 1.647995e+01 -2.510030e-03 
 1.648035e+01  2.119023e-03 
 1.648075e+01  7.386668e-03 
 1.648114e+01  1.288448e-02 
 1.648154e+01  1.818179e-02 
 1.648194e+01  2.287305e-02 
 1.648234e+01  2.662781e-02 
 1.648273e+01  2.919458e-02 
 1.648313e+01  3.042438e-02 
 1.648353e+01  3.025395e-02 
 1.648393e+01  2.869991e-02 
 1.648432e+01  2.584417e-02 
 1.648472e+01  2.191533e-02 
 1.648512e+01  1.715504e-02 
 1.648552e+01  1.187897e-02 
 1.648592e+01  6.482325e-03 
 1.648631e+01  1.401697e-03 
 1.648671e+01 -3.027456e-03 
 1.648711e+01 -6.458900e-03 
 1.648751e+01 -8.658329e-03 
 1.648790e+01 -9.504914e-03 
 1.648830e+01 -9.018270e-03 
 1.648870e+01 -7.260633e-03 
 1.648910e+01 -4.407986e-03 
 1.648949e+01 -6.521470e-04 
 1.648989e+01  3.740624e-03 
 1.649029e+01  8.438811e-03 
 1.649069e+01  1.305343e-02 
 1.649109e+01  1.722220e-02 
 1.649148e+01  2.059709e-02 
 1.649188e+01  2.289344e-02 
 1.649228e+01  2.399402e-02 
 1.649268e+01  2.382372e-02 
 1.649307e+01  2.240962e-02 
 1.649347e+01  1.994221e-02 
 1.649387e+01  1.661691e-02 
 1.649427e+01  1.276143e-02 
 1.649466e+01  8.652678e-03 
 1.649506e+01  4.646727e-03 
 1.649546e+01  1.058288e-03 
 1.649586e+01 -1.799642e-03 
 1.649626e+01 -3.604527e-03 
 1.649665e+01 -4.165808e-03 
 1.649705e+01 -3.447205e-03 
 1.649745e+01 -1.424654e-03 
 1.649785e+01  1.710985e-03 
 1.649824e+01  5.716781e-03 
 1.649864e+01  1.023196e-02 
 1.649904e+01  1.489034e-02 
 1.649944e+01  1.925987e-02 
 1.649983e+01  2.295399e-02 
 1.650023e+01  2.567325e-02 
 1.650063e+01  2.717781e-02 
 1.650103e+01  2.737749e-02 
 1.650143e+01  2.623138e-02 
 1.650182e+01  2.379287e-02 
 1.650222e+01  2.034732e-02 
 1.650262e+01  1.616253e-02 
 1.650302e+01  1.148831e-02 
 1.650341e+01  6.718653e-03 
 1.650381e+01  2.191095e-03 
 1.650421e+01 -1.779813e-03 
 1.650461e+01 -4.919323e-03 
 1.650500e+01 -7.039675e-03 
 1.650540e+01 -8.037856e-03 
 1.650580e+01 -7.936559e-03 
 1.650620e+01 -6.782230e-03 
 1.650660e+01 -4.736130e-03 
 1.650699e+01 -1.993265e-03 
 1.650739e+01  1.181243e-03 
 1.650779e+01  4.513100e-03 
 1.650819e+01  7.769766e-03 
 1.650858e+01  1.073783e-02 
 1.650898e+01  1.319333e-02 
 1.650938e+01  1.492936e-02 
 1.650978e+01  1.589370e-02 
 1.651017e+01  1.604210e-02 
 1.651057e+01  1.539198e-02 
 1.651097e+01  1.408523e-02 
 1.651137e+01  1.227497e-02 
 1.651177e+01  1.014745e-02 
 1.651216e+01  7.909794e-03 
 1.651256e+01  5.734072e-03 
 1.651296e+01  3.803177e-03 
 1.651336e+01  2.279311e-03 
 1.651375e+01  1.341316e-03 
 1.651415e+01  1.056905e-03 
 1.651455e+01  1.473886e-03 
 1.651495e+01  2.482691e-03 
 1.651534e+01  3.976002e-03 
 1.651574e+01  5.751014e-03 
 1.651614e+01  7.647752e-03 
 1.651654e+01  9.489951e-03 
 1.651694e+01  1.113572e-02 
 1.651733e+01  1.247974e-02 
 1.651773e+01  1.339529e-02 
 1.651813e+01  1.381223e-02 
 1.651853e+01  1.371319e-02 
 1.651892e+01  1.306617e-02 
 1.651932e+01  1.186372e-02 
 1.651972e+01  1.020775e-02 
 1.652012e+01  8.223545e-03 
 1.652051e+01  5.991674e-03 
 1.652091e+01  3.740567e-03 
 1.652131e+01  1.664988e-03 
 1.652171e+01 -6.579863e-05 
 1.652211e+01 -1.270199e-03 
 1.652250e+01 -1.811752e-03 
 1.652290e+01 -1.636656e-03 
 1.652330e+01 -7.578555e-04 
 1.652370e+01  7.207156e-04 
 1.652409e+01  2.695972e-03 
 1.652449e+01  5.040195e-03 
 1.652489e+01  7.575212e-03 
 1.652529e+01  1.010582e-02 
 1.652569e+01  1.242521e-02 
 1.652608e+01  1.437596e-02 
 1.652648e+01  1.573622e-02 
 1.652688e+01  1.638510e-02 
 1.652728e+01  1.623682e-02 
 1.652767e+01  1.527125e-02 
 1.652807e+01  1.354533e-02 
 1.652847e+01  1.126214e-02 
 1.652887e+01  8.633369e-03 
 1.652926e+01  5.911237e-03 
 1.652966e+01  3.329366e-03 
 1.653006e+01  1.105288e-03 
 1.653046e+01 -5.954304e-04 
 1.653086e+01 -1.630800e-03 
 1.653125e+01 -1.949929e-03 
 1.653165e+01 -1.531816e-03 
 1.653205e+01 -4.060346e-04 
 1.653245e+01  1.316496e-03 
 1.653284e+01  3.433192e-03 
 1.653324e+01  5.668851e-03 
 1.653364e+01  7.776179e-03 
 1.653404e+01  9.427081e-03 
 1.653443e+01  1.041308e-02 
 1.653483e+01  1.057614e-02 
 1.653523e+01  9.858623e-03 
 1.653563e+01  8.266644e-03 
 1.653603e+01  5.905087e-03 
 1.653642e+01  2.937048e-03 
 1.653682e+01 -4.418136e-04 
 1.653722e+01 -3.948500e-03 
 1.653762e+01 -7.266217e-03 
 1.653801e+01 -1.007574e-02 
 1.653841e+01 -1.211216e-02 
 1.653881e+01 -1.314180e-02 
 1.653921e+01 -1.307571e-02 
 1.653960e+01 -1.189481e-02 
 1.654000e+01 -9.685249e-03 
 1.654040e+01 -6.625896e-03 
 1.654080e+01 -2.895139e-03 
 1.654120e+01  1.203933e-03 
 1.654159e+01  5.374990e-03 
 1.654199e+01  9.349567e-03 
 1.654239e+01  1.282069e-02 
 1.654279e+01  1.546647e-02 
 1.654318e+01  1.708890e-02 
 1.654358e+01  1.756298e-02 
 1.654398e+01  1.682669e-02 
 1.654438e+01  1.496916e-02 
 1.654477e+01  1.217751e-02 
 1.654517e+01  8.674857e-03 
 1.654557e+01  4.697252e-03 
 1.654597e+01  5.607313e-04 
 1.654637e+01 -3.372736e-03 
 1.654676e+01 -6.804451e-03 
 1.654716e+01 -9.491081e-03 
 1.654756e+01 -1.126693e-02 
 1.654796e+01 -1.200881e-02 
 1.654835e+01 -1.166425e-02 
 1.654875e+01 -1.032324e-02 
 1.654915e+01 -8.153915e-03 
 1.654955e+01 -5.370054e-03 
 1.654994e+01 -2.217293e-03 
 1.655034e+01  1.030729e-03 
 1.655074e+01  4.100848e-03 
 1.655114e+01  6.765167e-03 
 1.655154e+01  8.734125e-03 
 1.655193e+01  9.799620e-03 
 1.655233e+01  9.927742e-03 
 1.655273e+01  9.105872e-03 
 1.655313e+01  7.404651e-03 
 1.655352e+01  4.973614e-03 
 1.655392e+01  2.047970e-03 
 1.655432e+01 -1.162223e-03 
 1.655472e+01 -4.389975e-03 
 1.655511e+01 -7.385904e-03 
 1.655551e+01 -9.892668e-03 
 1.655591e+01 -1.165276e-02 
 1.655631e+01 -1.244432e-02 
 1.655671e+01 -1.213690e-02 
 1.655710e+01 -1.065648e-02 
 1.655750e+01 -8.046331e-03 
 1.655790e+01 -4.498470e-03 
 1.655830e+01 -2.574120e-04 
 1.655869e+01  4.348235e-03 
 1.655909e+01  8.981530e-03 
 1.655949e+01  1.334536e-02 
 1.655989e+01  1.714443e-02 
 1.656028e+01  2.005518e-02 
 1.656068e+01  2.184343e-02 
 1.656108e+01  2.232779e-02 
 1.656148e+01  2.144576e-02 
 1.656188e+01  1.916255e-02 
 1.656227e+01  1.566904e-02 
 1.656267e+01  1.122259e-02 
 1.656307e+01  6.126119e-03 
 1.656347e+01  7.961308e-04 
 1.656386e+01 -4.359746e-03 
 1.656426e+01 -8.948135e-03 
 1.656466e+01 -1.263644e-02 
 1.656506e+01 -1.519002e-02 
 1.656545e+01 -1.643267e-02 
 1.656585e+01 -1.624636e-02 
 1.656625e+01 -1.466335e-02 
 1.656665e+01 -1.180222e-02 
 1.656705e+01 -7.905633e-03 
 1.656744e+01 -3.290345e-03 
 1.656784e+01  1.624389e-03 
 1.656824e+01  6.444719e-03 
 1.656864e+01  1.083006e-02 
 1.656903e+01  1.440997e-02 
 1.656943e+01  1.688752e-02 
 1.656983e+01  1.817367e-02 
 1.657023e+01  1.825496e-02 
 1.657062e+01  1.716195e-02 
 1.657102e+01  1.505137e-02 
 1.657142e+01  1.213595e-02 
 1.657182e+01  8.697614e-03 
 1.657222e+01  5.076566e-03 
 1.657261e+01  1.615272e-03 
 1.657301e+01 -1.408271e-03 
 1.657341e+01 -3.681234e-03 
 1.657381e+01 -4.996283e-03 
 1.657420e+01 -5.231010e-03 
 1.657460e+01 -4.311676e-03 
 1.657500e+01 -2.299420e-03 
 1.657540e+01  6.477152e-04 
 1.657579e+01  4.274701e-03 
 1.657619e+01  8.360454e-03 
 1.657659e+01  1.253434e-02 
 1.657699e+01  1.651277e-02 
 1.657739e+01  2.002857e-02 
 1.657778e+01  2.279736e-02 
 1.657818e+01  2.460061e-02 
 1.657858e+01  2.530112e-02 
 1.657898e+01  2.474255e-02 
 1.657937e+01  2.291952e-02 
 1.657977e+01  1.997134e-02 
 1.658017e+01  1.604380e-02 
 1.658057e+01  1.143228e-02 
 1.658096e+01  6.438755e-03 
 1.658136e+01  1.443386e-03 
 1.658176e+01 -3.209304e-03 
 1.658216e+01 -7.215985e-03 
 1.658256e+01 -1.022971e-02 
 1.658295e+01 -1.209830e-02 
 1.658335e+01 -1.262410e-02 
 1.658375e+01 -1.179155e-02 
 1.658415e+01 -9.672971e-03 
 1.658454e+01 -6.394806e-03 
 1.658494e+01 -2.226002e-03 
 1.658534e+01  2.487772e-03 
 1.658574e+01  7.391770e-03 
 1.658613e+01  1.217065e-02 
 1.658653e+01  1.647201e-02 
 1.658693e+01  2.000468e-02 
 1.658733e+01  2.256599e-02 
 1.658773e+01  2.397209e-02 
 1.658812e+01  2.413570e-02 
 1.658852e+01  2.305221e-02 
 1.658892e+01  2.076815e-02 
 1.658932e+01  1.745306e-02 
 1.658971e+01  1.337033e-02 
 1.659011e+01  8.873500e-03 
 1.659051e+01  4.351411e-03 
 1.659091e+01  2.265538e-04 
 1.659130e+01 -3.146448e-03 
 1.659170e+01 -5.504115e-03 
 1.659210e+01 -6.581682e-03 
 1.659250e+01 -6.289478e-03 
 1.659290e+01 -4.772747e-03 
 1.659329e+01 -2.169310e-03 
 1.659369e+01  1.265187e-03 
 1.659409e+01  5.222087e-03 
 1.659449e+01  9.311575e-03 
 1.659488e+01  1.315585e-02 
 1.659528e+01  1.639938e-02 
 1.659568e+01  1.873406e-02 
 1.659608e+01  1.999435e-02 
 1.659647e+01  2.007295e-02 
 1.659687e+01  1.898875e-02 
 1.659727e+01  1.683841e-02 
 1.659767e+01  1.379016e-02 
 1.659807e+01  1.012763e-02 
 1.659846e+01  6.182640e-03 
 1.659886e+01  2.297614e-03 
 1.659926e+01 -1.176635e-03 
 1.659966e+01 -3.898505e-03 
 1.660005e+01 -5.609841e-03 
 1.660045e+01 -6.184205e-03 
 1.660085e+01 -5.570948e-03 
 1.660125e+01 -3.850301e-03 
 1.660164e+01 -1.151119e-03 
 1.660204e+01  2.374378e-03 
 1.660244e+01  6.459933e-03 
 1.660284e+01  1.077598e-02 
 1.660324e+01  1.505236e-02 
 1.660363e+01  1.894842e-02 
 1.660403e+01  2.220672e-02 
 1.660443e+01  2.459913e-02 
 1.660483e+01  2.603770e-02 
 1.660522e+01  2.648146e-02 
 1.660562e+01  2.594723e-02 
 1.660602e+01  2.458115e-02 
 1.660642e+01  2.249257e-02 
 1.660681e+01  1.988985e-02 
 1.660721e+01  1.695806e-02 
 1.660761e+01  1.390506e-02 
 1.660801e+01  1.097866e-02 
 1.660841e+01  8.456203e-03 
 1.660880e+01  6.510592e-03 
 1.660920e+01  5.278119e-03 
 1.660960e+01  4.842681e-03 
 1.661000e+01  5.131845e-03 
 1.661039e+01  5.993500e-03 
 1.661079e+01  7.263856e-03 
 1.661119e+01  8.792980e-03 
 1.661159e+01  1.040321e-02 
 1.661198e+01  1.195750e-02 
 1.661238e+01  1.330596e-02 
 1.661278e+01  1.428826e-02 
 1.661318e+01  1.479650e-02 
 1.661358e+01  1.472722e-02 
 1.661397e+01  1.407614e-02 
 1.661437e+01  1.295046e-02 
 1.661477e+01  1.143468e-02 
 1.661517e+01  9.666735e-03 
 1.661556e+01  7.785343e-03 
 1.661596e+01  6.043760e-03 
 1.661636e+01  4.520348e-03 
 1.661676e+01  3.292762e-03 
 1.661716e+01  2.473026e-03 
 1.661755e+01  2.159844e-03 
 1.661795e+01  2.429695e-03 
 1.661835e+01  3.314002e-03 
 1.661875e+01  4.766137e-03 
 1.661914e+01  6.692803e-03 
 1.661954e+01  8.913221e-03 
 1.661994e+01  1.124214e-02 
 1.662034e+01  1.353430e-02 
 1.662073e+01  1.559097e-02 
 1.662113e+01  1.724638e-02 
 1.662153e+01  1.832897e-02 
 1.662193e+01  1.872815e-02 
 1.662233e+01  1.840653e-02 
 1.662272e+01  1.731962e-02 
 1.662312e+01  1.551944e-02 
 1.662352e+01  1.317814e-02 
 1.662392e+01  1.047119e-02 
 1.662431e+01  7.629395e-03 
 1.662471e+01  4.869676e-03 
 1.662511e+01  2.411173e-03 
 1.662551e+01  4.472492e-04 
 1.662590e+01 -8.807945e-04 
 1.662630e+01 -1.458662e-03 
 1.662670e+01 -1.278488e-03 
 1.662710e+01 -3.504208e-04 
 1.662750e+01  1.234092e-03 
 1.662789e+01  3.225323e-03 
 1.662829e+01  5.421009e-03 
 1.662869e+01  7.605625e-03 
 1.662909e+01  9.521764e-03 
 1.662948e+01  1.098894e-02 
 1.662988e+01  1.187342e-02 
 1.663028e+01  1.206939e-02 
 1.663068e+01  1.155043e-02 
 1.663107e+01  1.030943e-02 
 1.663147e+01  8.413216e-03 
 1.663187e+01  6.014180e-03 
 1.663227e+01  3.308021e-03 
 1.663267e+01  5.078262e-04 
 1.663306e+01 -2.125157e-03 
 1.663346e+01 -4.319172e-03 
 1.663386e+01 -5.849099e-03 
 1.663426e+01 -6.629758e-03 
 1.663465e+01 -6.592916e-03 
 1.663505e+01 -5.700138e-03 
 1.663545e+01 -4.056657e-03 
 1.663585e+01 -1.761674e-03 
 1.663624e+01  1.068209e-03 
 1.663664e+01  4.171779e-03 
 1.663704e+01  7.272605e-03 
 1.663744e+01  1.008641e-02 
 1.663784e+01  1.236266e-02 
 1.663823e+01  1.388188e-02 
 1.663863e+01  1.445727e-02 
 1.663903e+01  1.399819e-02 
 1.663943e+01  1.254431e-02 
 1.663982e+01  1.019977e-02 
 1.664022e+01  7.113496e-03 
 1.664062e+01  3.419381e-03 
 1.664102e+01 -6.530065e-04 
 1.664141e+01 -4.803635e-03 
 1.664181e+01 -8.831701e-03 
 1.664221e+01 -1.239787e-02 
 1.664261e+01 -1.524781e-02 
 1.664301e+01 -1.718150e-02 
 1.664340e+01 -1.805130e-02 
 1.664380e+01 -1.777897e-02 
 1.664420e+01 -1.637571e-02 
 1.664460e+01 -1.402541e-02 
 1.664499e+01 -1.089157e-02 
 1.664539e+01 -7.270627e-03 
 1.664579e+01 -3.409279e-03 
 1.664619e+01  3.956212e-04 
 1.664658e+01  3.790016e-03 
 1.664698e+01  6.484604e-03 
 1.664738e+01  8.296176e-03 
 1.664778e+01  9.072656e-03 
 1.664818e+01  8.767145e-03 
 1.664857e+01  7.441691e-03 
 1.664897e+01  5.227601e-03 
 1.664937e+01  2.261802e-03 
 1.664977e+01 -1.222919e-03 
 1.665016e+01 -4.969616e-03 
 1.665056e+01 -8.670259e-03 
 1.665096e+01 -1.197039e-02 
 1.665136e+01 -1.453799e-02 
 1.665175e+01 -1.612652e-02 
 1.665215e+01 -1.651413e-02 
 1.665255e+01 -1.561292e-02 
 1.665295e+01 -1.348433e-02 
 1.665335e+01 -1.024941e-02 
 1.665374e+01 -6.128328e-03 
 1.665414e+01 -1.391526e-03 
 1.665454e+01  3.546940e-03 
 1.665494e+01  8.314224e-03 
 1.665533e+01  1.251904e-02 
 1.665573e+01  1.579704e-02 
 1.665613e+01  1.789826e-02 
 1.665653e+01  1.861121e-02 
 1.665692e+01  1.784554e-02 
 1.665732e+01  1.571233e-02 
 1.665772e+01  1.239358e-02 
 1.665812e+01  8.161436e-03 
 1.665852e+01  3.394534e-03 
 1.665891e+01 -1.587544e-03 
 1.665931e+01 -6.429528e-03 
 1.665971e+01 -1.066106e-02 
 1.666011e+01 -1.388669e-02 
 1.666050e+01 -1.580487e-02 
 1.666090e+01 -1.625070e-02 
 1.666130e+01 -1.515510e-02 
 1.666170e+01 -1.258495e-02 
 1.666209e+01 -8.783627e-03 
 1.666249e+01 -4.050959e-03 
 1.666289e+01  1.158870e-03 
 1.666329e+01  6.472008e-03 
 1.666369e+01  1.153398e-02 
 1.666408e+01  1.594973e-02 
 1.666448e+01  1.938077e-02 
 1.666488e+01  2.158651e-02 
 1.666528e+01  2.235221e-02 
 1.666567e+01  2.167111e-02 
 1.666607e+01  1.963761e-02 
 1.666647e+01  1.645528e-02 
 1.666687e+01  1.237720e-02 
 1.666726e+01  7.782898e-03 
 1.666766e+01  3.056048e-03 
 1.666806e+01 -1.437642e-03 
 1.666846e+01 -5.335702e-03 
 1.666886e+01 -8.376686e-03 
 1.666925e+01 -1.033168e-02 
 1.666965e+01 -1.104953e-02 
 1.667005e+01 -1.050547e-02 
 1.667045e+01 -8.817538e-03 
 1.667084e+01 -6.166677e-03 
 1.667124e+01 -2.807230e-03 
 1.667164e+01  9.635844e-04 
 1.667204e+01  4.875148e-03 
 1.667243e+01  8.663626e-03 
 1.667283e+01  1.201509e-02 
 1.667323e+01  1.466175e-02 
 1.667363e+01  1.640852e-02 
 1.667403e+01  1.709320e-02 
 1.667442e+01  1.666967e-02 
 1.667482e+01  1.523038e-02 
 1.667522e+01  1.287156e-02 
 1.667562e+01  9.786460e-03 
 1.667601e+01  6.256224e-03 
 1.667641e+01  2.557446e-03 
 1.667681e+01 -1.045588e-03 
 1.667721e+01 -4.250279e-03 
 1.667760e+01 -6.764752e-03 
 1.667800e+01 -8.386641e-03 
 1.667840e+01 -8.942007e-03 
 1.667880e+01 -8.292550e-03 
 1.667920e+01 -6.463752e-03 
 1.667959e+01 -3.520429e-03 
 1.667999e+01  3.538814e-04 
 1.668039e+01  4.822003e-03 
 1.668079e+01  9.609082e-03 
 1.668118e+01  1.436544e-02 
 1.668158e+01  1.878738e-02 
 1.668198e+01  2.263179e-02 
 1.668238e+01  2.562791e-02 
 1.668277e+01  2.751524e-02 
 1.668317e+01  2.814887e-02 
 1.668357e+01  2.751013e-02 
 1.668397e+01  2.569554e-02 
 1.668437e+01  2.281786e-02 
 1.668476e+01  1.913255e-02 
 1.668516e+01  1.492194e-02 
 1.668556e+01  1.053118e-02 
 1.668596e+01  6.267651e-03 
 1.668635e+01  2.403562e-03 
 1.668675e+01 -8.025347e-04 
 1.668715e+01 -3.115192e-03 
 1.668755e+01 -4.319409e-03 
 1.668794e+01 -4.331973e-03 
 1.668834e+01 -3.138128e-03 
 1.668874e+01 -8.779442e-04 
 1.668914e+01  2.164991e-03 
 1.668954e+01  5.718443e-03 
 1.668993e+01  9.450852e-03 
 1.669033e+01  1.301594e-02 
 1.669073e+01  1.606296e-02 
 1.669113e+01  1.835899e-02 
 1.669152e+01  1.974816e-02 
 1.669192e+01  2.013798e-02 
 1.669232e+01  1.948278e-02 
 1.669272e+01  1.787856e-02 
 1.669311e+01  1.546549e-02 
 1.669351e+01  1.251181e-02 
 1.669391e+01  9.287544e-03 
 1.669431e+01  6.117505e-03 
 1.669471e+01  3.286616e-03 
 1.669510e+01  1.063201e-03 
 1.669550e+01 -3.930918e-04 
 1.669590e+01 -9.912721e-04 
 1.669630e+01 -6.796372e-04 
 1.669669e+01  5.044499e-04 
 1.669709e+01  2.471642e-03 
 1.669749e+01  5.058504e-03 
 1.669789e+01  8.067438e-03 
 1.669828e+01  1.132141e-02 
 1.669868e+01  1.457204e-02 
 1.669908e+01  1.754302e-02 
 1.669948e+01  2.005743e-02 
 1.669988e+01  2.193505e-02 
 1.670027e+01  2.301909e-02 
 1.670067e+01  2.325239e-02 
 1.670107e+01  2.262618e-02 
 1.670147e+01  2.117850e-02 
 1.670186e+01  1.900184e-02 
 1.670226e+01  1.627515e-02 
 1.670266e+01  1.318471e-02 
 1.670306e+01  1.003871e-02 
 1.670345e+01  7.120506e-03 
 1.670385e+01  4.690073e-03 
 1.670425e+01  2.953054e-03 
 1.670465e+01  1.994993e-03 
 1.670505e+01  1.809558e-03 
 1.670544e+01  2.403107e-03 
 1.670584e+01  3.709155e-03 
 1.670624e+01  5.610666e-03 
 1.670664e+01  7.896699e-03 
 1.670703e+01  1.039051e-02 
 1.670743e+01  1.293841e-02 
 1.670783e+01  1.535910e-02 
 1.670823e+01  1.743184e-02 
 1.670863e+01  1.897592e-02 
 1.670902e+01  1.990575e-02 
 1.670942e+01  2.015635e-02 
 1.670982e+01  1.975796e-02 
 1.671022e+01  1.876062e-02 
 1.671061e+01  1.726672e-02 
 1.671101e+01  1.538091e-02 
 1.671141e+01  1.328896e-02 
 1.671181e+01  1.122027e-02 
 1.671220e+01  9.394364e-03 
 1.671260e+01  8.023511e-03 
 1.671300e+01  7.275382e-03 
 1.671340e+01  7.244889e-03 
 1.671380e+01  7.907404e-03 
 1.671419e+01  9.136014e-03 
 1.671459e+01  1.075322e-02 
 1.671499e+01  1.255813e-02 
 1.671539e+01  1.434294e-02 
 1.671578e+01  1.592478e-02 
 1.671618e+01  1.714438e-02 
 1.671658e+01  1.780218e-02 
 1.671698e+01  1.778886e-02 
 1.671737e+01  1.699959e-02 
 1.671777e+01  1.542188e-02 
 1.671817e+01  1.308627e-02 
 1.671857e+01  1.016579e-02 
 1.671897e+01  6.862670e-03 
 1.671936e+01  3.380579e-03 
 1.671976e+01  2.964332e-06 
 1.672016e+01 -3.015739e-03 
 1.672056e+01 -5.445056e-03 
 1.672095e+01 -7.098887e-03 
 1.672135e+01 -7.819611e-03 
 1.672175e+01 -7.566216e-03 
 1.672215e+01 -6.332548e-03 
 1.672254e+01 -4.270386e-03 
 1.672294e+01 -1.575740e-03 
 1.672334e+01  1.452400e-03 
 1.672374e+01  4.513634e-03 
 1.672414e+01  7.297930e-03 
 1.672453e+01  9.520443e-03 
 1.672493e+01  1.102412e-02 
 1.672533e+01  1.170676e-02 
 1.672573e+01  1.152566e-02 
 1.672612e+01  1.052581e-02 
 1.672652e+01  8.791866e-03 
 1.672692e+01  6.413941e-03 
 1.672732e+01  3.614574e-03 
 1.672771e+01  6.411482e-04 
 1.672811e+01 -2.242881e-03 
 1.672851e+01 -4.808891e-03 
 1.672891e+01 -6.822858e-03 
 1.672931e+01 -8.105481e-03 
 1.672970e+01 -8.500804e-03 
 1.673010e+01 -7.963727e-03 
 1.673050e+01 -6.644599e-03 
 1.673090e+01 -4.582478e-03 
 1.673129e+01 -1.893391e-03 
 1.673169e+01  1.163435e-03 
 1.673209e+01  4.335367e-03 
 1.673249e+01  7.343348e-03 
 1.673288e+01  9.899564e-03 
 1.673328e+01  1.172866e-02 
 1.673368e+01  1.272540e-02 
 1.673408e+01  1.275409e-02 
 1.673448e+01  1.178593e-02 
 1.673487e+01  9.880910e-03 
 1.673527e+01  7.198480e-03 
 1.673567e+01  3.895649e-03 
 1.673607e+01  2.136317e-04 
 1.673646e+01 -3.576370e-03 
 1.673686e+01 -7.203900e-03 
 1.673726e+01 -1.032728e-02 
 1.673766e+01 -1.269823e-02 
 1.673805e+01 -1.412455e-02 
 1.673845e+01 -1.451685e-02 
 1.673885e+01 -1.387815e-02 
 1.673925e+01 -1.224094e-02 
 1.673965e+01 -9.718976e-03 
 1.674004e+01 -6.518795e-03 
 1.674044e+01 -2.829137e-03 
 1.674084e+01  1.083674e-03 
 1.674124e+01  4.996257e-03 
 1.674163e+01  8.574624e-03 
 1.674203e+01  1.157761e-02 
 1.674243e+01  1.378229e-02 
 1.674283e+01  1.499356e-02 
 1.674322e+01  1.509536e-02 
 1.674362e+01  1.407011e-02 
 1.674402e+01  1.199581e-02 
 1.674442e+01  8.985817e-03 
 1.674482e+01  5.216045e-03 
 1.674521e+01  9.663847e-04 
 1.674561e+01 -3.483181e-03 
 1.674601e+01 -7.744988e-03 
 1.674641e+01 -1.148627e-02 
 1.674680e+01 -1.442575e-02 
 1.674720e+01 -1.631758e-02 
 1.674760e+01 -1.697782e-02 
 1.674800e+01 -1.642396e-02 
 1.674839e+01 -1.468565e-02 
 1.674879e+01 -1.188270e-02 
 1.674919e+01 -8.275304e-03 
 1.674959e+01 -4.119840e-03 
 1.674999e+01  2.881530e-04 
 1.675038e+01  4.552114e-03 
 1.675078e+01  8.261874e-03 
 1.675118e+01  1.115850e-02 
 1.675158e+01  1.303664e-02 
 1.675197e+01  1.375671e-02 
 1.675237e+01  1.328974e-02 
 1.675277e+01  1.169063e-02 
 1.675317e+01  9.134324e-03 
 1.675356e+01  5.902540e-03 
 1.675396e+01  2.232489e-03 
 1.675436e+01 -1.547473e-03 
 1.675476e+01 -5.095195e-03 
 1.675516e+01 -8.073622e-03 
 1.675555e+01 -1.018650e-02 
 1.675595e+01 -1.118007e-02 
 1.675635e+01 -1.096127e-02 
 1.675675e+01 -9.482004e-03 
 1.675714e+01 -6.816809e-03 
 1.675754e+01 -3.103393e-03 
 1.675794e+01  1.420914e-03 
 1.675834e+01  6.394007e-03 
 1.675873e+01  1.149140e-02 
 1.675913e+01  1.627720e-02 
 1.675953e+01  2.040268e-02 
 1.675993e+01  2.353757e-02 
 1.676033e+01  2.539024e-02 
 1.676072e+01  2.581031e-02 
 1.676112e+01  2.478375e-02 
 1.676152e+01  2.242761e-02 
 1.676192e+01  1.889287e-02 
 1.676231e+01  1.449493e-02 
 1.676271e+01  9.546473e-03 
 1.676311e+01  4.446991e-03 
 1.676351e+01 -5.178463e-04 
 1.676390e+01 -4.912944e-03 
 1.676430e+01 -8.424623e-03 
 1.676470e+01 -1.080981e-02 
 1.676510e+01 -1.184892e-02 
 1.676550e+01 -1.155456e-02 
 1.676589e+01 -9.988299e-03 
 1.676629e+01 -7.289541e-03 
 1.676669e+01 -3.777581e-03 
 1.676709e+01  2.741573e-04 
 1.676748e+01  4.573548e-03 
 1.676788e+01  8.803325e-03 
 1.676828e+01  1.268448e-02 
 1.676868e+01  1.590704e-02 
 1.676907e+01  1.822510e-02 
 1.676947e+01  1.944485e-02 
 1.676987e+01  1.945238e-02 
 1.677027e+01  1.824941e-02 
 1.677067e+01  1.594004e-02 
 1.677106e+01  1.274618e-02 
 1.677146e+01  8.891131e-03 
 1.677186e+01  4.729569e-03 
 1.677226e+01  6.489145e-04 
 1.677265e+01 -3.036948e-03 
 1.677305e+01 -5.971933e-03 
 1.677345e+01 -7.836554e-03 
 1.677385e+01 -8.459299e-03 
 1.677424e+01 -7.798658e-03 
 1.677464e+01 -5.932148e-03 
 1.677504e+01 -3.069058e-03 
 1.677544e+01  5.678390e-04 
 1.677584e+01  4.638649e-03 
 1.677623e+01  8.772331e-03 
 1.677663e+01  1.266756e-02 
 1.677703e+01  1.607145e-02 
 1.677743e+01  1.874378e-02 
 1.677782e+01  2.045122e-02 
 1.677822e+01  2.102116e-02 
 1.677862e+01  2.033286e-02 
 1.677902e+01  1.841775e-02 
 1.677941e+01  1.543157e-02 
 1.677981e+01  1.162538e-02 
 1.678021e+01  7.312552e-03 
 1.678061e+01  2.800322e-03 
 1.678101e+01 -1.502858e-03 
 1.678140e+01 -5.265699e-03 
 1.678180e+01 -8.143235e-03 
 1.678220e+01 -9.921382e-03 
 1.678260e+01 -1.047650e-02 
 1.678299e+01 -9.735185e-03 
 1.678339e+01 -7.763601e-03 
 1.678379e+01 -4.710666e-03 
 1.678419e+01 -8.691452e-04 
 1.678458e+01  3.448140e-03 
 1.678498e+01  7.900079e-03 
 1.678538e+01  1.214629e-02 
 1.678578e+01  1.592741e-02 
 1.678618e+01  1.898978e-02 
 1.678657e+01  2.121102e-02 
 1.678697e+01  2.241969e-02 
 1.678737e+01  2.260722e-02 
 1.678777e+01  2.179022e-02 
 1.678816e+01  2.010446e-02 
 1.678856e+01  1.777623e-02 
 1.678896e+01  1.501766e-02 
 1.678936e+01  1.211249e-02 
 1.678975e+01  9.365337e-03 
 1.679015e+01  6.964379e-03 
 1.679055e+01  5.084794e-03 
 1.679095e+01  3.872213e-03 
 1.679135e+01  3.352910e-03 
 1.679174e+01  3.556678e-03 
 1.679214e+01  4.422465e-03 
 1.679254e+01  5.825734e-03 
 1.679294e+01  7.661058e-03 
 1.679333e+01  9.739400e-03 
 1.679373e+01  1.182751e-02 
 1.679413e+01  1.374294e-02 
 1.679453e+01  1.530217e-02 
 1.679492e+01  1.634271e-02 
 1.679532e+01  1.681026e-02 
 1.679572e+01  1.666090e-02 
 1.679612e+01  1.591631e-02 
 1.679652e+01  1.456752e-02 
 1.679691e+01  1.277012e-02 
 1.679731e+01  1.064302e-02 
 1.679771e+01  8.368053e-03 
 1.679811e+01  6.076305e-03 
 1.679850e+01  3.912412e-03 
 1.679890e+01  2.021529e-03 
 1.679930e+01  5.623179e-04 
 1.679970e+01 -3.890891e-04 
 1.680010e+01 -7.424857e-04 
 1.680049e+01 -4.676911e-04 
 1.680089e+01  4.475819e-04 
 1.680129e+01  1.955644e-03 
 1.680169e+01  3.975704e-03 
 1.680208e+01  6.343517e-03 
 1.680248e+01  8.864312e-03 
 1.680288e+01  1.131752e-02 
 1.680328e+01  1.355518e-02 
 1.680367e+01  1.543694e-02 
 1.680407e+01  1.682675e-02 
 1.680447e+01  1.766321e-02 
 1.680487e+01  1.790803e-02 
 1.680527e+01  1.755958e-02 
 1.680566e+01  1.665439e-02 
 1.680606e+01  1.526608e-02 
 1.680646e+01  1.351331e-02 
 1.680686e+01  1.157628e-02 
 1.680725e+01  9.648145e-03 
 1.680765e+01  7.874095e-03 
 1.680805e+01  6.433001e-03 
 1.680845e+01  5.447535e-03 
 1.680884e+01  4.976540e-03 
 1.680924e+01  5.045951e-03 
 1.680964e+01  5.622652e-03 
 1.681004e+01  6.659407e-03 
 1.681044e+01  8.033604e-03 
 1.681083e+01  9.595602e-03 
 1.681123e+01  1.111865e-02 
 1.681163e+01  1.242147e-02 
 1.681203e+01  1.335378e-02 
 1.681242e+01  1.374976e-02 
 1.681282e+01  1.355588e-02 
 1.681322e+01  1.279901e-02 
 1.681362e+01  1.154508e-02 
 1.681401e+01  9.871794e-03 
 1.681441e+01  7.915106e-03 
 1.681481e+01  5.802123e-03 
 1.681521e+01  3.707518e-03 
 1.681561e+01  1.901202e-03 
 1.681600e+01  5.805195e-04 
 1.681640e+01 -5.410690e-05 
 1.681680e+01  1.053074e-04 
 1.681720e+01  1.069715e-03 
 1.681759e+01  2.824378e-03 
 1.681799e+01  5.228523e-03 
 1.681839e+01  8.032954e-03 
 1.681879e+01  1.096655e-02 
 1.681918e+01  1.377655e-02 
 1.681958e+01  1.623437e-02 
 1.681998e+01  1.813627e-02 
 1.682038e+01  1.928270e-02 
 1.682078e+01  1.956137e-02 
 1.682117e+01  1.888441e-02 
 1.682157e+01  1.729966e-02 
 1.682197e+01  1.488550e-02 
 1.682237e+01  1.184616e-02 
 1.682276e+01  8.391755e-03 
 1.682316e+01  4.762257e-03 
 1.682356e+01  1.238123e-03 
 1.682396e+01 -1.976610e-03 
 1.682435e+01 -4.605722e-03 
 1.682475e+01 -6.479843e-03 
 1.682515e+01 -7.456658e-03 
 1.682555e+01 -7.485980e-03 
 1.682595e+01 -6.570543e-03 
 1.682634e+01 -4.886140e-03 
 1.682674e+01 -2.602729e-03 
 1.682714e+01  9.544116e-05 
 1.682754e+01  2.892698e-03 
 1.682793e+01  5.526884e-03 
 1.682833e+01  7.795563e-03 
 1.682873e+01  9.480363e-03 
 1.682913e+01  1.049084e-02 
 1.682952e+01  1.071483e-02 
 1.682992e+01  1.008884e-02 
 1.683032e+01  8.595454e-03 
 1.683072e+01  6.337347e-03 
 1.683112e+01  3.463892e-03 
 1.683151e+01  2.395442e-04 
 1.683191e+01 -3.015159e-03 
 1.683231e+01 -5.981634e-03 
 1.683271e+01 -8.398623e-03 
 1.683310e+01 -9.995816e-03 
 1.683350e+01 -1.061674e-02 
 1.683390e+01 -1.017760e-02 
 1.683430e+01 -8.644729e-03 
 1.683469e+01 -6.125619e-03 
 1.683509e+01 -2.773854e-03 
 1.683549e+01  1.234854e-03 
 1.683589e+01  5.556136e-03 
 1.683629e+01  9.854382e-03 
 1.683668e+01  1.376503e-02 
 1.683708e+01  1.698699e-02 
 1.683748e+01  1.929723e-02 
 1.683788e+01  2.055705e-02 
 1.683827e+01  2.067207e-02 
 1.683867e+01  1.959089e-02 
 1.683907e+01  1.735117e-02 
 1.683947e+01  1.406832e-02 
 1.683986e+01  9.988670e-03 
 1.684026e+01  5.327228e-03 
 1.684066e+01  4.374514e-04 
 1.684106e+01 -4.336466e-03 
 1.684146e+01 -8.588960e-03 
 1.684185e+01 -1.196593e-02 
 1.684225e+01 -1.422994e-02 
 1.684265e+01 -1.519109e-02 
 1.684305e+01 -1.481741e-02 
 1.684344e+01 -1.313080e-02 
 1.684384e+01 -1.034224e-02 
 1.684424e+01 -6.704985e-03 
 1.684464e+01 -2.471217e-03 
 1.684503e+01  1.986551e-03 
 1.684543e+01  6.319898e-03 
 1.684583e+01  1.019512e-02 
 1.684623e+01  1.328538e-02 
 1.684663e+01  1.536276e-02 
 1.684702e+01  1.631920e-02 
 1.684742e+01  1.611626e-02 
 1.684782e+01  1.479232e-02 
 1.684822e+01  1.254865e-02 
 1.684861e+01  9.538838e-03 
 1.684901e+01  6.062087e-03 
 1.684941e+01  2.450826e-03 
 1.684981e+01 -1.042759e-03 
 1.685020e+01 -4.167921e-03 
 1.685060e+01 -6.634110e-03 
 1.685100e+01 -8.208280e-03 
 1.685140e+01 -8.773062e-03 
 1.685180e+01 -8.261895e-03 
 1.685219e+01 -6.756517e-03 
 1.685259e+01 -4.385319e-03 
 1.685299e+01 -1.368384e-03 
 1.685339e+01  2.080803e-03 
 1.685378e+01  5.644487e-03 
 1.685418e+01  9.033764e-03 
 1.685458e+01  1.200508e-02 
 1.685498e+01  1.422593e-02 
 1.685537e+01  1.556405e-02 
 1.685577e+01  1.586729e-02 
 1.685617e+01  1.511480e-02 
 1.685657e+01  1.332520e-02 
 1.685697e+01  1.060819e-02 
 1.685736e+01  7.129827e-03 
 1.685776e+01  3.115132e-03 
 1.685816e+01 -1.142589e-03 
 1.685856e+01 -5.373335e-03 
 1.685895e+01 -9.259913e-03 
 1.685935e+01 -1.248870e-02 
 1.685975e+01 -1.484556e-02 
 1.686015e+01 -1.615811e-02 
 1.686054e+01 -1.633117e-02 
 1.686094e+01 -1.535797e-02 
 1.686134e+01 -1.334896e-02 
 1.686174e+01 -1.041349e-02 
 1.686214e+01 -6.702213e-03 
 1.686253e+01 -2.509544e-03 
 1.686293e+01  1.889536e-03 
 1.686333e+01  6.257324e-03 
 1.686373e+01  1.022224e-02 
 1.686412e+01  1.354691e-02 
 1.686452e+01  1.602496e-02 
 1.686492e+01  1.748422e-02 
 1.686532e+01  1.789230e-02 
 1.686571e+01  1.722297e-02 
 1.686611e+01  1.552524e-02 
 1.686651e+01  1.294530e-02 
 1.686691e+01  9.734189e-03 
 1.686731e+01  6.153261e-03 
 1.686770e+01  2.474921e-03 
 1.686810e+01 -9.756441e-04 
 1.686850e+01 -3.920652e-03 
 1.686890e+01 -6.147341e-03 
 1.686929e+01 -7.405251e-03 
 1.686969e+01 -7.595131e-03 
 1.687009e+01 -6.757562e-03 
 1.687049e+01 -4.932739e-03 
 1.687088e+01 -2.288404e-03 
 1.687128e+01  9.260124e-04 
 1.687168e+01  4.459507e-03 
 1.687208e+01  7.926403e-03 
 1.687248e+01  1.097215e-02 
 1.687287e+01  1.334626e-02 
 1.687327e+01  1.482242e-02 
 1.687367e+01  1.527757e-02 
 1.687407e+01  1.466240e-02 
 1.687446e+01  1.299306e-02 
 1.687486e+01  1.042240e-02 
 1.687526e+01  7.140760e-03 
 1.687566e+01  3.413764e-03 
 1.687605e+01 -4.732433e-04 
 1.687645e+01 -4.217838e-03 
 1.687685e+01 -7.473069e-03 
 1.687725e+01 -9.947690e-03 
 1.687765e+01 -1.142791e-02 
 1.687804e+01 -1.173165e-02 
 1.687844e+01 -1.087053e-02 
 1.687884e+01 -8.891229e-03 
 1.687924e+01 -5.914171e-03 
 1.687963e+01 -2.119078e-03 
 1.688003e+01  2.227035e-03 
 1.688043e+01  6.744487e-03 
 1.688083e+01  1.114030e-02 
 1.688122e+01  1.504412e-02 
 1.688162e+01  1.817144e-02 
 1.688202e+01  2.026616e-02 
 1.688242e+01  2.120565e-02 
 1.688282e+01  2.093957e-02 
 1.688321e+01  1.960610e-02 
 1.688361e+01  1.739748e-02 
 1.688401e+01  1.452113e-02 
 1.688441e+01  1.127717e-02 
 1.688480e+01  7.862048e-03 
 1.688520e+01  4.570576e-03 
 1.688560e+01  1.672227e-03 
 1.688600e+01 -5.987028e-04 
 1.688639e+01 -2.095318e-03 
 1.688679e+01 -2.684277e-03 
 1.688719e+01 -2.331748e-03 
 1.688759e+01 -1.151105e-03 
 1.688799e+01  6.878590e-04 
 1.688838e+01  2.942365e-03 
 1.688878e+01  5.415433e-03 
 1.688918e+01  7.903651e-03 
 1.688958e+01  1.022734e-02 
 1.688997e+01  1.227148e-02 
 1.689037e+01  1.392047e-02 
 1.689077e+01  1.510215e-02 
 1.689117e+01  1.573267e-02 
 1.689157e+01  1.578614e-02 
 1.689196e+01  1.530169e-02 
 1.689236e+01  1.435209e-02 
 1.689276e+01  1.310779e-02 
 1.689316e+01  1.175904e-02 
 1.689355e+01  1.046836e-02 
 1.689395e+01  9.392303e-03 
 1.689435e+01  8.649011e-03 
 1.689475e+01  8.318635e-03 
 1.689514e+01  8.492133e-03 
 1.689554e+01  9.145224e-03 
 1.689594e+01  1.028190e-02 
 1.689634e+01  1.183036e-02 
 1.689674e+01  1.365774e-02 
 1.689713e+01  1.564583e-02 
 1.689753e+01  1.760080e-02 
 1.689793e+01  1.936466e-02 
 1.689833e+01  2.084110e-02 
 1.689872e+01  2.194863e-02 
 1.689912e+01  2.265211e-02 
 1.689952e+01  2.285764e-02 
 1.689992e+01  2.252966e-02 
 1.690031e+01  2.162476e-02 
 1.690071e+01  2.017045e-02 
 1.690111e+01  1.825598e-02 
 1.690151e+01  1.603317e-02 
 1.690191e+01  1.370231e-02 
 1.690230e+01  1.143488e-02 
 1.690270e+01  9.407737e-03 
 1.690310e+01  7.773418e-03 
 1.690350e+01  6.610719e-03 
 1.690389e+01  5.928119e-03 
 1.690429e+01  5.687845e-03 
 1.690469e+01  5.848747e-03 
 1.690509e+01  6.329068e-03 
 1.690548e+01  7.064726e-03 
 1.690588e+01  7.924370e-03 
 1.690628e+01  8.799036e-03 
 1.690668e+01  9.548665e-03 
 1.690708e+01  1.010174e-02 
 1.690747e+01  1.040784e-02 
 1.690787e+01  1.044177e-02 
 1.690827e+01  1.021765e-02 
 1.690867e+01  9.718338e-03 
 1.690906e+01  9.051733e-03 
 1.690946e+01  8.277203e-03 
 1.690986e+01  7.478417e-03 
 1.691026e+01  6.759524e-03 
 1.691065e+01  6.218050e-03 
 1.691105e+01  6.008232e-03 
 1.691145e+01  6.213424e-03 
 1.691185e+01  6.864930e-03 
 1.691225e+01  7.983549e-03 
 1.691264e+01  9.509015e-03 
 1.691304e+01  1.132995e-02 
 1.691344e+01  1.331898e-02 
 1.691384e+01  1.530359e-02 
 1.691423e+01  1.710818e-02 
 1.691463e+01  1.860940e-02 
 1.691503e+01  1.965615e-02 
 1.691543e+01  2.015560e-02 
 1.691582e+01  1.997020e-02 
 1.691622e+01  1.903419e-02 
 1.691662e+01  1.738895e-02 
 1.691702e+01  1.510241e-02 
 1.691742e+01  1.238393e-02 
 1.691781e+01  9.389692e-03 
 1.691821e+01  6.347568e-03 
 1.691861e+01  3.472556e-03 
 1.691901e+01  9.457560e-04 
 1.691940e+01 -1.067145e-03 
 1.691980e+01 -2.469530e-03 
 1.692020e+01 -3.235375e-03 
 1.692060e+01 -3.309219e-03 
 1.692099e+01 -2.714153e-03 
 1.692139e+01 -1.531893e-03 
 1.692179e+01  1.534622e-04 
 1.692219e+01  2.202047e-03 
 1.692259e+01  4.449984e-03 
 1.692298e+01  6.755119e-03 
 1.692338e+01  8.943559e-03 
 1.692378e+01  1.085186e-02 
 1.692418e+01  1.226713e-02 
 1.692457e+01  1.302284e-02 
 1.692497e+01  1.305400e-02 
 1.692537e+01  1.239643e-02 
 1.692577e+01  1.111597e-02 
 1.692616e+01  9.251540e-03 
 1.692656e+01  6.968164e-03 
 1.692696e+01  4.395589e-03 
 1.692736e+01  1.718204e-03 
 1.692776e+01 -8.737977e-04 
 1.692815e+01 -3.168098e-03 
 1.692855e+01 -5.003685e-03 
 1.692895e+01 -6.142133e-03 
 1.692935e+01 -6.431881e-03 
 1.692974e+01 -5.810158e-03 
 1.693014e+01 -4.350929e-03 
 1.693054e+01 -2.190790e-03 
 1.693094e+01  4.680757e-04 
 1.693133e+01  3.391339e-03 
 1.693173e+01  6.367927e-03 
 1.693213e+01  9.090172e-03 
 1.693253e+01  1.131194e-02 
 1.693293e+01  1.285275e-02 
 1.693332e+01  1.351177e-02 
 1.693372e+01  1.318021e-02 
 1.693412e+01  1.181222e-02 
 1.693452e+01  9.511117e-03 
 1.693491e+01  6.385145e-03 
 1.693531e+01  2.659904e-03 
 1.693571e+01 -1.449801e-03 
 1.693611e+01 -5.721007e-03 
 1.693650e+01 -9.832144e-03 
 1.693690e+01 -1.346473e-02 
 1.693730e+01 -1.631528e-02 
 1.693770e+01 -1.814156e-02 
 1.693810e+01 -1.870451e-02 
 1.693849e+01 -1.793971e-02 
 1.693889e+01 -1.582807e-02 
 1.693929e+01 -1.254718e-02 
 1.693969e+01 -8.352198e-03 
 1.694008e+01 -3.599548e-03 
 1.694048e+01  1.378167e-03 
 1.694088e+01  6.212978e-03 
 1.694128e+01  1.056587e-02 
 1.694167e+01  1.411913e-02 
 1.694207e+01  1.661292e-02 
 1.694247e+01  1.786829e-02 
 1.694287e+01  1.782073e-02 
 1.694327e+01  1.650373e-02 
 1.694366e+01  1.403182e-02 
 1.694406e+01  1.063779e-02 
 1.694446e+01  6.662306e-03 
 1.694486e+01  2.393607e-03 
 1.694525e+01 -1.755588e-03 
 1.694565e+01 -5.460476e-03 
 1.694605e+01 -8.482122e-03 
 1.694645e+01 -1.055391e-02 
 1.694684e+01 -1.149969e-02 
 1.694724e+01 -1.130366e-02 
 1.694764e+01 -1.000358e-02 
 1.694804e+01 -7.728816e-03 
 1.694844e+01 -4.768057e-03 
 1.694883e+01 -1.386116e-03 
 1.694923e+01  2.147510e-03 
 1.694963e+01  5.484373e-03 
 1.695003e+01  8.380825e-03 
 1.695042e+01  1.061418e-02 
 1.695082e+01  1.199572e-02 
 1.695122e+01  1.241202e-02 
 1.695162e+01  1.180067e-02 
 1.695201e+01  1.016428e-02 
 1.695241e+01  7.569927e-03 
 1.695281e+01  4.255649e-03 
 1.695321e+01  5.437229e-04 
 1.695361e+01 -3.252551e-03 
 1.695400e+01 -6.785563e-03 
 1.695440e+01 -9.762013e-03 
 1.695480e+01 -1.196956e-02 
 1.695520e+01 -1.327342e-02 
 1.695559e+01 -1.363038e-02 
 1.695599e+01 -1.307368e-02 
 1.695639e+01 -1.163029e-02 
 1.695679e+01 -9.343533e-03 
 1.695718e+01 -6.370954e-03 
 1.695758e+01 -2.922932e-03 
 1.695798e+01  8.143924e-04 
 1.695838e+01  4.511211e-03 
 1.695878e+01  7.908311e-03 
 1.695917e+01  1.075531e-02 
 1.695957e+01  1.282715e-02 
 1.695997e+01  1.401598e-02 
 1.696037e+01  1.424961e-02 
 1.696076e+01  1.357000e-02 
 1.696116e+01  1.200350e-02 
 1.696156e+01  9.620032e-03 
 1.696196e+01  6.568353e-03 
 1.696235e+01  3.033052e-03 
 1.696275e+01 -6.895710e-04 
 1.696315e+01 -4.285630e-03 
 1.696355e+01 -7.526272e-03 
 1.696395e+01 -1.012016e-02 
 1.696434e+01 -1.189791e-02 
 1.696474e+01 -1.277081e-02 
 1.696514e+01 -1.269622e-02 
 1.696554e+01 -1.170627e-02 
 1.696593e+01 -9.867387e-03 
 1.696633e+01 -7.332787e-03 
 1.696673e+01 -4.296284e-03 
 1.696713e+01 -9.963363e-04 
 1.696752e+01  2.288356e-03 
 1.696792e+01  5.328287e-03 
 1.696832e+01  7.901449e-03 
 1.696872e+01  9.847897e-03 
 1.696912e+01  1.113730e-02 
 1.696951e+01  1.168726e-02 
 1.696991e+01  1.151029e-02 
 1.697031e+01  1.065117e-02 
 1.697071e+01  9.190933e-03 
 1.697110e+01  7.328268e-03 
 1.697150e+01  5.277907e-03 
 1.697190e+01  3.277661e-03 
 1.697230e+01  1.552584e-03 
 1.697269e+01  3.247091e-04 
 1.697309e+01 -1.912767e-04 
 1.697349e+01  2.337964e-05 
 1.697389e+01  1.039205e-03 
 1.697429e+01  2.724339e-03 
 1.697468e+01  4.969989e-03 
 1.697508e+01  7.640758e-03 
 1.697548e+01  1.054965e-02 
 1.697588e+01  1.346578e-02 
 1.697627e+01  1.609498e-02 
 1.697667e+01  1.829224e-02 
 1.697707e+01  1.991675e-02 
 1.697747e+01  2.085309e-02 
 1.697786e+01  2.104938e-02 
 1.697826e+01  2.047087e-02 
 1.697866e+01  1.912793e-02 
 1.697906e+01  1.710127e-02 
 1.697946e+01  1.447447e-02 
 1.697985e+01  1.140210e-02 
 1.698025e+01  8.138157e-03 
 1.698065e+01  4.908188e-03 
 1.698105e+01  1.958930e-03 
 1.698144e+01 -4.504596e-04 
 1.698184e+01 -2.144970e-03 
 1.698224e+01 -3.076492e-03 
 1.698264e+01 -3.184227e-03 
 1.698304e+01 -2.558098e-03 
 1.698343e+01 -1.316425e-03 
 1.698383e+01  4.209068e-04 
 1.698423e+01  2.535659e-03 
 1.698463e+01  4.891413e-03 
 1.698502e+01  7.342028e-03 
 1.698542e+01  9.740568e-03 
 1.698582e+01  1.192781e-02 
 1.698622e+01  1.380303e-02 
 1.698661e+01  1.526764e-02 
 1.698701e+01  1.622345e-02 
 1.698741e+01  1.663096e-02 
 1.698781e+01  1.658274e-02 
 1.698821e+01  1.611968e-02 
 1.698860e+01  1.535346e-02 
 1.698900e+01  1.441289e-02 
 1.698940e+01  1.337661e-02 
 1.698980e+01  1.239966e-02 
 1.699019e+01  1.156945e-02 
 1.699059e+01  1.098683e-02 
 1.699099e+01  1.071096e-02 
 1.699139e+01  1.078669e-02 
 1.699178e+01  1.121912e-02 
 1.699218e+01  1.198290e-02 
 1.699258e+01  1.306265e-02 
 1.699298e+01  1.437241e-02 
 1.699338e+01  1.579613e-02 
 1.699377e+01  1.716997e-02 
 1.699417e+01  1.830475e-02 
 1.699457e+01  1.904935e-02 
 1.699497e+01  1.925635e-02 
 1.699536e+01  1.891247e-02 
 1.699576e+01  1.800644e-02 
 1.699616e+01  1.662649e-02 
 1.699656e+01  1.486747e-02 
 1.699695e+01  1.290202e-02 
 1.699735e+01  1.089787e-02 
 1.699775e+01  9.031688e-03 
 1.699815e+01  7.435756e-03 
 1.699855e+01  6.236764e-03 
 1.699894e+01  5.588996e-03 
 1.699934e+01  5.552378e-03 
 1.699974e+01  6.075380e-03 
 1.700014e+01  7.143713e-03 
 1.700053e+01  8.636498e-03 
 1.700093e+01  1.040672e-02 
 1.700133e+01  1.225583e-02 
 1.700173e+01  1.404173e-02 
 1.700212e+01  1.560918e-02 
 1.700252e+01  1.685046e-02 
 1.700292e+01  1.766183e-02 
 1.700332e+01  1.797064e-02 
 1.700372e+01  1.776252e-02 
 1.700411e+01  1.707738e-02 
 1.700451e+01  1.596061e-02 
 1.700491e+01  1.455182e-02 
 1.700531e+01  1.297064e-02 
 1.700570e+01  1.137113e-02 
 1.700610e+01  9.914980e-03 
 1.700650e+01  8.769507e-03 
 1.700690e+01  8.027652e-03 
 1.700729e+01  7.729262e-03 
 1.700769e+01  7.859262e-03 
 1.700809e+01  8.405818e-03 
 1.700849e+01  9.295871e-03 
 1.700889e+01  1.039693e-02 
 1.700928e+01  1.156232e-02 
 1.700968e+01  1.254866e-02 
 1.701008e+01  1.320767e-02 
 1.701048e+01  1.332884e-02 
 1.701087e+01  1.275599e-02 
 1.701127e+01  1.148364e-02 
 1.701167e+01  9.531123e-03 
 1.701207e+01  7.061759e-03 
 1.701246e+01  4.240513e-03 
 1.701286e+01  1.279881e-03 
 1.701326e+01 -1.620461e-03 
 1.701366e+01 -4.319559e-03 
 1.701406e+01 -6.632856e-03 
 1.701445e+01 -8.426431e-03 
 1.701485e+01 -9.514282e-03 
 1.701525e+01 -9.766931e-03 
 1.701565e+01 -9.141899e-03 
 1.701604e+01 -7.680667e-03 
 1.701644e+01 -5.488484e-03 
 1.701684e+01 -2.716877e-03 
 1.701724e+01  3.944262e-04 
 1.701763e+01  3.650437e-03 
 1.701803e+01  6.805974e-03 
 1.701843e+01  9.646354e-03 
 1.701883e+01  1.197933e-02 
 1.701923e+01  1.369068e-02 
 1.701962e+01  1.462956e-02 
 1.702002e+01  1.482008e-02 
 1.702042e+01  1.431775e-02 
 1.702082e+01  1.321101e-02 
 1.702121e+01  1.161487e-02 
 1.702161e+01  9.617420e-03 
 1.702201e+01  7.283033e-03 
 1.702241e+01  4.773429e-03 
 1.702280e+01  2.295186e-03 
 1.702320e+01 -1.922205e-05 
 1.702360e+01 -1.987074e-03 
 1.702400e+01 -3.398640e-03 
 1.702440e+01 -4.114852e-03 
 1.702479e+01 -4.078602e-03 
 1.702519e+01 -3.301510e-03 
 1.702559e+01 -1.900899e-03 
 1.702599e+01 -5.295319e-05 
 1.702638e+01  2.135932e-03 
 1.702678e+01  4.492600e-03 
 1.702718e+01  6.818620e-03 
 1.702758e+01  8.916734e-03 
 1.702797e+01  1.059566e-02 
 1.702837e+01  1.166901e-02 
 1.702877e+01  1.201164e-02 
 1.702917e+01  1.158412e-02 
 1.702957e+01  1.033618e-02 
 1.702996e+01  8.356095e-03 
 1.703036e+01  5.809382e-03 
 1.703076e+01  2.856651e-03 
 1.703116e+01 -2.774680e-04 
 1.703155e+01 -3.344902e-03 
 1.703195e+01 -6.094559e-03 
 1.703235e+01 -8.300144e-03 
 1.703275e+01 -9.722547e-03 
 1.703314e+01 -1.026002e-02 
 1.703354e+01 -9.815807e-03 
 1.703394e+01 -8.346078e-03 
 1.703434e+01 -5.943454e-03 
 1.703474e+01 -2.809730e-03 
 1.703513e+01  8.736979e-04 
 1.703553e+01  4.817475e-03 
 1.703593e+01  8.749535e-03 
 1.703633e+01  1.241765e-02 
 1.703672e+01  1.555253e-02 
 1.703712e+01  1.786874e-02 
 1.703752e+01  1.918738e-02 
 1.703792e+01  1.937251e-02 
 1.703831e+01  1.837810e-02 
 1.703871e+01  1.623757e-02 
 1.703911e+01  1.312361e-02 
 1.703951e+01  9.197743e-03 
 1.703991e+01  4.750727e-03 
 1.704030e+01  1.149293e-04 
 1.704070e+01 -4.362121e-03 
 1.704110e+01 -8.435180e-03 
 1.704150e+01 -1.176857e-02 
 1.704189e+01 -1.418589e-02 
 1.704229e+01 -1.556982e-02 
 1.704269e+01 -1.579022e-02 
 1.704309e+01 -1.484991e-02 
 1.704348e+01 -1.287430e-02 
 1.704388e+01 -1.004572e-02 
 1.704428e+01 -6.543193e-03 
 1.704468e+01 -2.667943e-03 
 1.704508e+01  1.289793e-03 
 1.704547e+01  5.024332e-03 
 1.704587e+01  8.249276e-03 
 1.704627e+01  1.074009e-02 
 1.704667e+01  1.237795e-02 
 1.704706e+01  1.306926e-02 
 1.704746e+01  1.279647e-02 
 1.704786e+01  1.167759e-02 
 1.704826e+01  9.850360e-03 
 1.704865e+01  7.494501e-03 
 1.704905e+01  4.856101e-03 
 1.704945e+01  2.130549e-03 
 1.704985e+01 -4.505336e-04 
 1.705025e+01 -2.686894e-03 
 1.705064e+01 -4.348973e-03 
 1.705104e+01 -5.294316e-03 
 1.705144e+01 -5.351833e-03 
 1.705184e+01 -4.434332e-03 
 1.705223e+01 -2.623643e-03 
 1.705263e+01  1.397957e-05 
 1.705303e+01  3.230043e-03 
 1.705343e+01  6.670534e-03 
 1.705382e+01  1.009825e-02 
 1.705422e+01  1.324152e-02 
 1.705462e+01  1.585635e-02 
 1.705502e+01  1.771176e-02 
 1.705542e+01  1.866783e-02 
 1.705581e+01  1.860378e-02 
 1.705621e+01  1.743553e-02 
 1.705661e+01  1.518987e-02 
 1.705701e+01  1.195326e-02 
 1.705740e+01  7.922283e-03 
 1.705780e+01  3.428759e-03 
 1.705820e+01 -1.150826e-03 
 1.705860e+01 -5.529183e-03 
 1.705899e+01 -9.343631e-03 
 1.705939e+01 -1.237252e-02 
 1.705979e+01 -1.443848e-02 
 1.706019e+01 -1.539342e-02 
 1.706059e+01 -1.515822e-02 
 1.706098e+01 -1.380814e-02 
 1.706138e+01 -1.148672e-02 
 1.706178e+01 -8.432159e-03 
 1.706218e+01 -4.920548e-03 
 1.706257e+01 -1.195180e-03 
 1.706297e+01  2.438207e-03 
 1.706337e+01  5.705286e-03 
 1.706377e+01  8.387884e-03 
 1.706416e+01  1.030136e-02 
 1.706456e+01  1.137924e-02 
 1.706496e+01  1.157579e-02 
 1.706536e+01  1.096541e-02 
 1.706576e+01  9.584515e-03 
 1.706615e+01  7.621040e-03 
 1.706655e+01  5.376751e-03 
 1.706695e+01  3.080078e-03 
 1.706735e+01  9.417321e-04 
 1.706774e+01 -8.169723e-04 
 1.706814e+01 -2.051045e-03 
 1.706854e+01 -2.658442e-03 
 1.706894e+01 -2.612223e-03 
 1.706933e+01 -1.958917e-03 
 1.706973e+01 -8.307975e-04 
 1.707013e+01  7.171450e-04 
 1.707053e+01  2.540020e-03 
 1.707093e+01  4.441442e-03 
 1.707132e+01  6.240612e-03 
 1.707172e+01  7.814504e-03 
 1.707212e+01  9.008540e-03 
 1.707252e+01  9.767505e-03 
 1.707291e+01  1.003887e-02 
 1.707331e+01  9.784338e-03 
 1.707371e+01  9.020726e-03 
 1.707411e+01  7.826384e-03 
 1.707451e+01  6.337718e-03 
 1.707490e+01  4.685304e-03 
 1.707530e+01  3.064141e-03 
 1.707570e+01  1.612006e-03 
 1.707610e+01  5.154376e-04 
 1.707649e+01 -6.488817e-05 
 1.707689e+01 -1.369327e-04 
 1.707729e+01  2.672492e-04 
 1.707769e+01  1.126668e-03 
 1.707808e+01  2.377065e-03 
 1.707848e+01  3.922342e-03 
 1.707888e+01  5.672290e-03 
 1.707928e+01  7.577752e-03 
 1.707968e+01  9.513347e-03 
 1.708007e+01  1.141111e-02 
 1.708047e+01  1.320358e-02 
 1.708087e+01  1.474475e-02 
 1.708127e+01  1.599685e-02 
 1.708166e+01  1.689867e-02 
 1.708206e+01  1.741636e-02 
 1.708246e+01  1.755791e-02 
 1.708286e+01  1.738721e-02 
 1.708325e+01  1.690332e-02 
 1.708365e+01  1.613749e-02 
 1.708405e+01  1.519160e-02 
 1.708445e+01  1.412020e-02 
 1.708485e+01  1.293400e-02 
 1.708524e+01  1.174405e-02 
 1.708564e+01  1.058451e-02 
 1.708604e+01  9.531482e-03 
 1.708644e+01  8.640816e-03 
 1.708683e+01  7.968960e-03 
 1.708723e+01  7.484416e-03 
 1.708763e+01  7.196369e-03 
 1.708803e+01  7.063863e-03 
 1.708842e+01  7.040774e-03 
 1.708882e+01  7.119305e-03 
 1.708922e+01  7.225358e-03 
 1.708962e+01  7.292053e-03 
 1.709002e+01  7.278454e-03 
 1.709041e+01  7.215766e-03 
 1.709081e+01  7.037129e-03 
 1.709121e+01  6.697761e-03 
 1.709161e+01  6.202148e-03 
 1.709200e+01  5.549259e-03 
 1.709240e+01  4.829013e-03 
 1.709280e+01  4.201373e-03 
 1.709320e+01  3.722571e-03 
 1.709359e+01  3.517674e-03 
 1.709399e+01  3.699022e-03 
 1.709439e+01  4.280803e-03 
 1.709479e+01  5.240521e-03 
 1.709519e+01  6.548270e-03 
 1.709558e+01  8.124191e-03 
 1.709598e+01  9.874575e-03 
 1.709638e+01  1.168612e-02 
 1.709678e+01  1.349890e-02 
 1.709717e+01  1.510386e-02 
 1.709757e+01  1.639917e-02 
 1.709797e+01  1.732918e-02 
 1.709837e+01  1.778267e-02 
 1.709876e+01  1.773466e-02 
 1.709916e+01  1.720987e-02 
 1.709956e+01  1.624827e-02 
 1.709996e+01  1.496016e-02 
 1.710036e+01  1.344680e-02 
 1.710075e+01  1.176187e-02 
 1.710115e+01  9.961466e-03 
 1.710155e+01  8.241488e-03 
 1.710195e+01  6.729214e-03 
 1.710234e+01  5.550902e-03 
 1.710274e+01  4.857728e-03 
 1.710314e+01  4.688764e-03 
 1.710354e+01  5.061080e-03 
 1.710393e+01  5.957624e-03 
 1.710433e+01  7.277534e-03 
 1.710473e+01  8.801982e-03 
 1.710513e+01  1.034008e-02 
 1.710553e+01  1.170727e-02 
 1.710592e+01  1.269598e-02 
 1.710632e+01  1.325282e-02 
 1.710672e+01  1.330825e-02 
 1.710712e+01  1.277373e-02 
 1.710751e+01  1.168046e-02 
 1.710791e+01  1.011934e-02 
 1.710831e+01  8.207247e-03 
 1.710871e+01  6.090819e-03 
 1.710910e+01  3.974380e-03 
 1.710950e+01  2.021757e-03 
 1.710990e+01  4.301327e-04 
 1.711030e+01 -5.804692e-04 
 1.711070e+01 -8.931113e-04 
 1.711109e+01 -5.064167e-04 
 1.711149e+01  5.866041e-04 
 1.711189e+01  2.323634e-03 
 1.711229e+01  4.567725e-03 
 1.711268e+01  7.202311e-03 
 1.711308e+01  9.970385e-03 
 1.711348e+01  1.262179e-02 
 1.711388e+01  1.497347e-02 
 1.711427e+01  1.685703e-02 
 1.711467e+01  1.809724e-02 
 1.711507e+01  1.856814e-02 
 1.711547e+01  1.821502e-02 
 1.711587e+01  1.705786e-02 
 1.711626e+01  1.514597e-02 
 1.711666e+01  1.254793e-02 
 1.711706e+01  9.379210e-03 
 1.711746e+01  5.787050e-03 
 1.711785e+01  2.057893e-03 
 1.711825e+01 -1.543308e-03 
 1.711865e+01 -4.785028e-03 
 1.711905e+01 -7.395745e-03 
 1.711944e+01 -9.193902e-03 
 1.711984e+01 -1.002981e-02 
 1.712024e+01 -9.787355e-03 
 1.712064e+01 -8.527019e-03 
 1.712104e+01 -6.412597e-03 
 1.712143e+01 -3.581350e-03 
 1.712183e+01 -2.004573e-04 
 1.712223e+01  3.459703e-03 
 1.712263e+01  7.141640e-03 
 1.712302e+01  1.052773e-02 
 1.712342e+01  1.332135e-02 
 1.712382e+01  1.537504e-02 
 1.712422e+01  1.657332e-02 
 1.712461e+01  1.681363e-02 
 1.712501e+01  1.614150e-02 
 1.712541e+01  1.463027e-02 
 1.712581e+01  1.246320e-02 
 1.712621e+01  9.796468e-03 
 1.712660e+01  6.897174e-03 
 1.712700e+01  4.009676e-03 
 1.712740e+01  1.408385e-03 
 1.712780e+01 -5.506791e-04 
 1.712819e+01 -1.614125e-03 
 1.712859e+01 -1.650781e-03 
 1.712899e+01 -6.180000e-04 
 1.712939e+01  1.372347e-03 
 1.712978e+01  4.103776e-03 
 1.713018e+01  7.375086e-03 
 1.713058e+01  1.087872e-02 
 1.713098e+01  1.434093e-02 
 1.713138e+01  1.749706e-02 
 1.713177e+01  2.012680e-02 
 1.713217e+01  2.200996e-02 
 1.713257e+01  2.297647e-02 
 1.713297e+01  2.290711e-02 
 1.713336e+01  2.168551e-02 
 1.713376e+01  1.935444e-02 
 1.713416e+01  1.610663e-02 
 1.713456e+01  1.213475e-02 
 1.713495e+01  7.716733e-03 
 1.713535e+01  3.185631e-03 
 1.713575e+01 -1.184796e-03 
 1.713615e+01 -5.070119e-03 
 1.713655e+01 -8.247677e-03 
 1.713694e+01 -1.056471e-02 
 1.713734e+01 -1.194076e-02 
 1.713774e+01 -1.227311e-02 
 1.713814e+01 -1.151932e-02 
 1.713853e+01 -9.821841e-03 
 1.713893e+01 -7.349776e-03 
 1.713933e+01 -4.324327e-03 
 1.713973e+01 -1.056239e-03 
 1.714012e+01  2.238962e-03 
 1.714052e+01  5.333311e-03 
 1.714092e+01  8.012839e-03 
 1.714132e+01  1.012619e-02 
 1.714172e+01  1.157373e-02 
 1.714211e+01  1.227854e-02 
 1.714251e+01  1.219924e-02 
 1.714291e+01  1.134259e-02 
 1.714331e+01  9.756936e-03 
 1.714370e+01  7.600698e-03 
 1.714410e+01  5.090128e-03 
 1.714450e+01  2.364529e-03 
 1.714490e+01 -3.734070e-04 
 1.714529e+01 -2.962644e-03 
 1.714569e+01 -5.241650e-03 
 1.714609e+01 -7.073881e-03 
 1.714649e+01 -8.325610e-03 
 1.714689e+01 -8.921332e-03 
 1.714728e+01 -8.806045e-03 
 1.714768e+01 -7.924567e-03 
 1.714808e+01 -6.342927e-03 
 1.714848e+01 -4.243022e-03 
 1.714887e+01 -1.796201e-03 
 1.714927e+01  7.764347e-04 
 1.714967e+01  3.250792e-03 
 1.715007e+01  5.443052e-03 
 1.715046e+01  7.171157e-03 
 1.715086e+01  8.281335e-03 
 1.715126e+01  8.636111e-03 
 1.715166e+01  8.239666e-03 
 1.715206e+01  7.079410e-03 
 1.715245e+01  5.212358e-03 
 1.715285e+01  2.806373e-03 
 1.715325e+01  1.702935e-05 
 1.715365e+01 -2.907898e-03 
 1.715404e+01 -5.703290e-03 
 1.715444e+01 -8.132819e-03 
 1.715484e+01 -1.001501e-02 
 1.715524e+01 -1.118933e-02 
 1.715563e+01 -1.150608e-02 
 1.715603e+01 -1.089276e-02 
 1.715643e+01 -9.331842e-03 
 1.715683e+01 -6.971121e-03 
 1.715723e+01 -4.061621e-03 
 1.715762e+01 -8.288633e-04 
 1.715802e+01  2.456767e-03 
 1.715842e+01  5.543338e-03 
 1.715882e+01  8.170961e-03 
 1.715921e+01  1.014245e-02 
 1.715961e+01  1.134431e-02 
 1.716001e+01  1.176017e-02 
 1.716041e+01  1.135696e-02 
 1.716080e+01  1.010499e-02 
 1.716120e+01  8.075105e-03 
 1.716160e+01  5.456550e-03 
 1.716200e+01  2.458688e-03 
 1.716240e+01 -6.572067e-04 
 1.716279e+01 -3.615066e-03 
 1.716319e+01 -6.192345e-03 
 1.716359e+01 -8.216718e-03 
 1.716399e+01 -9.477508e-03 
 1.716438e+01 -9.960721e-03 
 1.716478e+01 -9.733452e-03 
 1.716518e+01 -8.864107e-03 
 1.716558e+01 -7.457650e-03 
 1.716598e+01 -5.629852e-03 
 1.716637e+01 -3.569005e-03 
 1.716677e+01 -1.488981e-03 
 1.716717e+01  4.493922e-04 
 1.716757e+01  2.115871e-03 
 1.716796e+01  3.423979e-03 
 1.716836e+01  4.304655e-03 
 1.716876e+01  4.698769e-03 
 1.716916e+01  4.602951e-03 
 1.716955e+01  4.068583e-03 
 1.716995e+01  3.205733e-03 
 1.717035e+01  2.161494e-03 
 1.717075e+01  1.070515e-03 
 1.717115e+01  9.707894e-05 
 1.717154e+01 -5.775007e-04 
 1.717194e+01 -8.674384e-04 
 1.717234e+01 -7.177856e-04 
 1.717274e+01 -7.130282e-05 
 1.717313e+01  9.902302e-04 
 1.717353e+01  2.402626e-03 
 1.717393e+01  4.125437e-03 
 1.717433e+01  6.021100e-03 
 1.717472e+01  7.952697e-03 
 1.717512e+01  9.781635e-03 
 1.717552e+01  1.139343e-02 
 1.717592e+01  1.265979e-02 
 1.717632e+01  1.354668e-02 
 1.717671e+01  1.401554e-02 
 1.717711e+01  1.402539e-02 
 1.717751e+01  1.360733e-02 
 1.717791e+01  1.284681e-02 
 1.717830e+01  1.181364e-02 
 1.717870e+01  1.061085e-02 
 1.717910e+01  9.352835e-03 
 1.717950e+01  8.128192e-03 
 1.717989e+01  7.112540e-03 
 1.718029e+01  6.412764e-03 
 1.718069e+01  6.075160e-03 
 1.718109e+01  6.078931e-03 
 1.718149e+01  6.367491e-03 
 1.718188e+01  6.913103e-03 
 1.718228e+01  7.660846e-03 
 1.718268e+01  8.556198e-03 
 1.718308e+01  9.545742e-03 
 1.718347e+01  1.059966e-02 
 1.718387e+01  1.173780e-02 
 1.718427e+01  1.284042e-02 
 1.718467e+01  1.381411e-02 
 1.718506e+01  1.455362e-02 
 1.718546e+01  1.495958e-02 
 1.718586e+01  1.501317e-02 
 1.718626e+01  1.479262e-02 
 1.718666e+01  1.435391e-02 
 1.718705e+01  1.377681e-02 
 1.718745e+01  1.319625e-02 
 1.718785e+01  1.271877e-02 
 1.718825e+01  1.238721e-02 
 1.718864e+01  1.224064e-02 
 1.718904e+01  1.233164e-02 
 1.718944e+01  1.268178e-02 
 1.718984e+01  1.329792e-02 
 1.719023e+01  1.415616e-02 
 1.719063e+01  1.513414e-02 
 1.719103e+01  1.608114e-02 
 1.719143e+01  1.689408e-02 
 1.719183e+01  1.744906e-02 
 1.719222e+01  1.767349e-02 
 1.719262e+01  1.751020e-02 
 1.719302e+01  1.693251e-02 
 1.719342e+01  1.593195e-02 
 1.719381e+01  1.453462e-02 
 1.719421e+01  1.279209e-02 
 1.719461e+01  1.076019e-02 
 1.719501e+01  8.608502e-03 
 1.719540e+01  6.483565e-03 
 1.719580e+01  4.533352e-03 
 1.719620e+01  2.937848e-03 
 1.719660e+01  1.771720e-03 
 1.719700e+01  1.091463e-03 
 1.719739e+01  9.435332e-04 
 1.719779e+01  1.337805e-03 
 1.719819e+01  2.247220e-03 
 1.719859e+01  3.615283e-03 
 1.719898e+01  5.366463e-03 
 1.719938e+01  7.368413e-03 
 1.719978e+01  9.474070e-03 
 1.720018e+01  1.152014e-02 
 1.720057e+01  1.330990e-02 
 1.720097e+01  1.468094e-02 
 1.720137e+01  1.557747e-02 
 1.720177e+01  1.598939e-02 
 1.720217e+01  1.593662e-02 
 1.720256e+01  1.547907e-02 
 1.720296e+01  1.466212e-02 
 1.720336e+01  1.353969e-02 
 1.720376e+01  1.225223e-02 
 1.720415e+01  1.092462e-02 
 1.720455e+01  9.646284e-03 
 1.720495e+01  8.536826e-03 
 1.720535e+01  7.742327e-03 
 1.720574e+01  7.370475e-03 
 1.720614e+01  7.493920e-03 
 1.720654e+01  8.072545e-03 
 1.720694e+01  9.031685e-03 
 1.720734e+01  1.028114e-02 
 1.720773e+01  1.173014e-02 
 1.720813e+01  1.327656e-02 
 1.720853e+01  1.475766e-02 
 1.720893e+01  1.603272e-02 
 1.720932e+01  1.693645e-02 
 1.720972e+01  1.739179e-02 
 1.721012e+01  1.736656e-02 
 1.721052e+01  1.680591e-02 
 1.721091e+01  1.571837e-02 
 1.721131e+01  1.419574e-02 
 1.721171e+01  1.233304e-02 
 1.721211e+01  1.018235e-02 
 1.721251e+01  7.820755e-03 
 1.721290e+01  5.313392e-03 
 1.721330e+01  2.763554e-03 
 1.721370e+01  3.755913e-04 
 1.721410e+01 -1.657643e-03 
 1.721449e+01 -3.183188e-03 
 1.721489e+01 -4.046029e-03 
 1.721529e+01 -4.058833e-03 
 1.721569e+01 -3.200788e-03 
 1.721608e+01 -1.447938e-03 
 1.721648e+01  1.052077e-03 
 1.721688e+01  4.131691e-03 
 1.721728e+01  7.596901e-03 
 1.721768e+01  1.119692e-02 
 1.721807e+01  1.465502e-02 
 1.721847e+01  1.771579e-02 
 1.721887e+01  2.010860e-02 
 1.721927e+01  2.161078e-02 
 1.721966e+01  2.209789e-02 
 1.722006e+01  2.148564e-02 
 1.722046e+01  1.980841e-02 
 1.722086e+01  1.710816e-02 
 1.722125e+01  1.361022e-02 
 1.722165e+01  9.556399e-03 
 1.722205e+01  5.281624e-03 
 1.722245e+01  1.114762e-03 
 1.722285e+01 -2.660618e-03 
 1.722324e+01 -5.733140e-03 
 1.722364e+01 -7.889061e-03 
 1.722404e+01 -8.955629e-03 
 1.722444e+01 -8.868229e-03 
 1.722483e+01 -7.695402e-03 
 1.722523e+01 -5.570819e-03 
 1.722563e+01 -2.711481e-03 
 1.722603e+01  6.366934e-04 
 1.722642e+01  4.207276e-03 
 1.722682e+01  7.632832e-03 
 1.722722e+01  1.060623e-02 
 1.722762e+01  1.290316e-02 
 1.722802e+01  1.432068e-02 
 1.722841e+01  1.469454e-02 
 1.722881e+01  1.398128e-02 
 1.722921e+01  1.222736e-02 
 1.722961e+01  9.635710e-03 
 1.723000e+01  6.420801e-03 
 1.723040e+01  2.889610e-03 
 1.723080e+01 -6.856633e-04 
 1.723120e+01 -4.019696e-03 
 1.723159e+01 -6.795778e-03 
 1.723199e+01 -8.762860e-03 
 1.723239e+01 -9.761961e-03 
 1.723279e+01 -9.708174e-03 
 1.723319e+01 -8.614166e-03 
 1.723358e+01 -6.578163e-03 
 1.723398e+01 -3.750376e-03 
 1.723438e+01 -4.017893e-04 
 1.723478e+01  3.195538e-03 
 1.723517e+01  6.759037e-03 
 1.723557e+01  1.003028e-02 
 1.723597e+01  1.278528e-02 
 1.723637e+01  1.482845e-02 
 1.723676e+01  1.595844e-02 
 1.723716e+01  1.610409e-02 
 1.723756e+01  1.525817e-02 
 1.723796e+01  1.348377e-02 
 1.723836e+01  1.092062e-02 
 1.723875e+01  7.717087e-03 
 1.723915e+01  4.154692e-03 
 1.723955e+01  4.277586e-04 
 1.723995e+01 -3.253838e-03 
 1.724034e+01 -6.671542e-03 
 1.724074e+01 -9.631907e-03 
 1.724114e+01 -1.198579e-02 
 1.724154e+01 -1.361611e-02 
 1.724193e+01 -1.441909e-02 
 1.724233e+01 -1.441012e-02 
 1.724273e+01 -1.363072e-02 
 1.724313e+01 -1.218093e-02 
 1.724353e+01 -1.021429e-02 
 1.724392e+01 -7.879268e-03 
 1.724432e+01 -5.335194e-03 
 1.724472e+01 -2.764092e-03 
 1.724512e+01 -3.045015e-04 
 1.724551e+01  1.890861e-03 
 1.724591e+01  3.649704e-03 
 1.724631e+01  4.861153e-03 
 1.724671e+01  5.423090e-03 
 1.724710e+01  5.307597e-03 
 1.724750e+01  4.567922e-03 
 1.724790e+01  3.332866e-03 
 1.724830e+01  1.767945e-03 
 1.724870e+01  2.542773e-05 
 1.724909e+01 -1.752414e-03 
 1.724949e+01 -3.381888e-03 
 1.724989e+01 -4.717871e-03 
 1.725029e+01 -5.636414e-03 
 1.725068e+01 -6.114968e-03 
 1.725108e+01 -6.088011e-03 
 1.725148e+01 -5.540371e-03 
 1.725188e+01 -4.564601e-03 
 1.725227e+01 -3.262358e-03 
 1.725267e+01 -1.776696e-03 
 1.725307e+01 -2.420665e-04 
 1.725347e+01  1.235325e-03 
 1.725387e+01  2.595740e-03 
 1.725426e+01  3.726500e-03 
 1.725466e+01  4.522532e-03 
 1.725506e+01  4.863486e-03 
 1.725546e+01  4.710296e-03 
 1.725585e+01  4.047992e-03 
 1.725625e+01  2.916227e-03 
 1.725665e+01  1.405637e-03 
 1.725705e+01 -3.618722e-04 
 1.725744e+01 -2.179440e-03 
 1.725784e+01 -3.874879e-03 
 1.725824e+01 -5.321070e-03 
 1.725864e+01 -6.410173e-03 
 1.725904e+01 -7.085311e-03 
 1.725943e+01 -7.271525e-03 
 1.725983e+01 -6.951979e-03 
 1.726023e+01 -6.148658e-03 
 1.726063e+01 -4.901697e-03 
 1.726102e+01 -3.289557e-03 
 1.726142e+01 -1.397549e-03 
 1.726182e+01  6.470448e-04 
 1.726222e+01  2.738964e-03 
 1.726262e+01  4.743278e-03 
 1.726301e+01  6.609548e-03 
 1.726341e+01  8.231177e-03 
 1.726381e+01  9.556139e-03 
 1.726421e+01  1.054354e-02 
 1.726460e+01  1.114511e-02 
 1.726500e+01  1.140116e-02 
 1.726540e+01  1.130085e-02 
 1.726580e+01  1.088618e-02 
 1.726619e+01  1.026162e-02 
 1.726659e+01  9.495126e-03 
 1.726699e+01  8.707754e-03 
 1.726739e+01  8.032801e-03 
 1.726779e+01  7.534588e-03 
 1.726818e+01  7.249911e-03 
 1.726858e+01  7.175964e-03 
 1.726898e+01  7.301737e-03 
 1.726938e+01  7.605283e-03 
 1.726977e+01  8.032804e-03 
 1.727017e+01  8.547226e-03 
 1.727057e+01  9.036239e-03 
 1.727097e+01  9.417983e-03 
 1.727136e+01  9.599245e-03 
 1.727176e+01  9.566797e-03 
 1.727216e+01  9.289580e-03 
 1.727256e+01  8.768915e-03 
 1.727296e+01  8.000209e-03 
 1.727335e+01  7.084317e-03 
 1.727375e+01  6.084446e-03 
 1.727415e+01  5.071162e-03 
 1.727455e+01  4.101997e-03 
 1.727494e+01  3.230488e-03 
 1.727534e+01  2.557142e-03 
 1.727574e+01  2.196970e-03 
 1.727614e+01  2.242728e-03 
 1.727653e+01  2.726304e-03 
 1.727693e+01  3.651299e-03 
 1.727733e+01  4.993341e-03 
 1.727773e+01  6.696515e-03 
 1.727813e+01  8.671037e-03 
 1.727852e+01  1.076856e-02 
 1.727892e+01  1.283873e-02 
 1.727932e+01  1.473678e-02 
 1.727972e+01  1.637758e-02 
 1.728011e+01  1.764769e-02 
 1.728051e+01  1.845067e-02 
 1.728091e+01  1.871324e-02 
 1.728131e+01  1.843326e-02 
 1.728170e+01  1.765158e-02 
 1.728210e+01  1.641789e-02 
 1.728250e+01  1.483166e-02 
 1.728290e+01  1.306709e-02 
 1.728330e+01  1.127075e-02 
 1.728369e+01  9.650653e-03 
 1.728409e+01  8.367668e-03 
 1.728449e+01  7.525492e-03 
 1.728489e+01  7.192626e-03 
 1.728528e+01  7.368707e-03 
 1.728568e+01  7.977474e-03 
 1.728608e+01  8.904750e-03 
 1.728648e+01  1.001155e-02 
 1.728687e+01  1.114821e-02 
 1.728727e+01  1.218779e-02 
 1.728767e+01  1.299951e-02 
 1.728807e+01  1.347603e-02 
 1.728847e+01  1.356407e-02 
 1.728886e+01  1.323339e-02 
 1.728926e+01  1.249750e-02 
 1.728966e+01  1.143995e-02 
 1.729006e+01  1.016330e-02 
 1.729045e+01  8.757599e-03 
 1.729085e+01  7.391869e-03 
 1.729125e+01  6.177846e-03 
 1.729165e+01  5.214909e-03 
 1.729204e+01  4.626679e-03 
 1.729244e+01  4.488685e-03 
 1.729284e+01  4.879483e-03 
 1.729324e+01  5.817098e-03 
 1.729364e+01  7.243917e-03 
 1.729403e+01  9.104853e-03 
 1.729443e+01  1.119505e-02 
 1.729483e+01  1.334103e-02 
 1.729523e+01  1.534800e-02 
 1.729562e+01  1.708161e-02 
 1.729602e+01  1.843459e-02 
 1.729642e+01  1.925391e-02 
 1.729682e+01  1.952340e-02 
 1.729721e+01  1.920145e-02 
 1.729761e+01  1.828496e-02 
 1.729801e+01  1.680361e-02 
 1.729841e+01  1.481724e-02 
 1.729881e+01  1.247361e-02 
 1.729920e+01  9.928987e-03 
 1.729960e+01  7.396679e-03 
 1.730000e+01  5.062071e-03 
 1.730040e+01  3.049799e-03 
 1.730079e+01  1.460006e-03 
 1.730119e+01  3.376271e-04 
 1.730159e+01 -2.343933e-04 
 1.730199e+01 -2.717874e-04 
 1.730238e+01  1.787421e-04 
 1.730278e+01  1.042104e-03 
 1.730318e+01  2.178083e-03 
 1.730358e+01  3.506997e-03 
 1.730398e+01  4.819802e-03 
 1.730437e+01  6.002608e-03 
 1.730477e+01  6.937570e-03 
 1.730517e+01  7.607016e-03 
 1.730557e+01  7.971850e-03 
 1.730596e+01  8.021443e-03 
 1.730636e+01  7.774603e-03 
 1.730676e+01  7.210741e-03 
 1.730716e+01  6.399787e-03 
 1.730755e+01  5.437129e-03 
 1.730795e+01  4.419012e-03 
 1.730835e+01  3.476616e-03 
 1.730875e+01  2.760623e-03 
 1.730915e+01  2.381903e-03 
 1.730954e+01  2.430969e-03 
 1.730994e+01  2.939895e-03 
 1.731034e+01  3.868963e-03 
 1.731074e+01  5.203314e-03 
 1.731113e+01  6.896369e-03 
 1.731153e+01  8.842782e-03 
 1.731193e+01  1.097799e-02 
 1.731233e+01  1.317377e-02 
 1.731272e+01  1.528036e-02 
 1.731312e+01  1.717798e-02 
 1.731352e+01  1.871299e-02 
 1.731392e+01  1.971103e-02 
 1.731432e+01  2.004258e-02 
 1.731471e+01  1.967753e-02 
 1.731511e+01  1.860824e-02 
 1.731551e+01  1.688420e-02 
 1.731591e+01  1.459129e-02 
 1.731630e+01  1.186581e-02 
 1.731670e+01  8.808888e-03 
 1.731710e+01  5.596539e-03 
 1.731750e+01  2.444189e-03 
 1.731789e+01 -4.165229e-04 
 1.731829e+01 -2.789523e-03 
 1.731869e+01 -4.486460e-03 
 1.731909e+01 -5.341256e-03 
 1.731949e+01 -5.302566e-03 
 1.731988e+01 -4.437030e-03 
 1.732028e+01 -2.881839e-03 
 1.732068e+01 -8.384489e-04 
 1.732108e+01  1.560852e-03 
 1.732147e+01  4.115795e-03 
 1.732187e+01  6.676647e-03 
 1.732227e+01  9.092228e-03 
 1.732267e+01  1.114887e-02 
 1.732306e+01  1.268305e-02 
 1.732346e+01  1.359319e-02 
 1.732386e+01  1.383497e-02 
 1.732426e+01  1.337355e-02 
 1.732466e+01  1.224054e-02 
 1.732505e+01  1.057176e-02 
 1.732545e+01  8.486794e-03 
 1.732585e+01  6.166322e-03 
 1.732625e+01  3.714772e-03 
 1.732664e+01  1.282552e-03 
 1.732704e+01 -9.122435e-04 
 1.732744e+01 -2.641057e-03 
 1.732784e+01 -3.725743e-03 
 1.732823e+01 -4.055411e-03 
 1.732863e+01 -3.560565e-03 
 1.732903e+01 -2.326299e-03 
 1.732943e+01 -4.683613e-04 
 1.732983e+01  1.789528e-03 
 1.733022e+01  4.206145e-03 
 1.733062e+01  6.552231e-03 
 1.733102e+01  8.662039e-03 
 1.733142e+01  1.036107e-02 
 1.733181e+01  1.152550e-02 
 1.733221e+01  1.201697e-02 
 1.733261e+01  1.176095e-02 
 1.733301e+01  1.074634e-02 
 1.733340e+01  9.044765e-03 
 1.733380e+01  6.783145e-03 
 1.733420e+01  4.115509e-03 
 1.733460e+01  1.223661e-03 
 1.733500e+01 -1.707494e-03 
 1.733539e+01 -4.483175e-03 
 1.733579e+01 -6.916414e-03 
 1.733619e+01 -8.863851e-03 
 1.733659e+01 -1.016532e-02 
 1.733698e+01 -1.068636e-02 
 1.733738e+01 -1.038930e-02 
 1.733778e+01 -9.270225e-03 
 1.733818e+01 -7.391665e-03 
 1.733857e+01 -4.872041e-03 
 1.733897e+01 -1.924672e-03 
 1.733937e+01  1.234582e-03 
 1.733977e+01  4.439809e-03 
 1.734017e+01  7.439480e-03 
 1.734056e+01  1.001552e-02 
 1.734096e+01  1.199571e-02 
 1.734136e+01  1.323490e-02 
 1.734176e+01  1.364219e-02 
 1.734215e+01  1.320872e-02 
 1.734255e+01  1.196480e-02 
 1.734295e+01  1.006103e-02 
 1.734335e+01  7.657193e-03 
 1.734374e+01  4.962958e-03 
 1.734414e+01  2.206272e-03 
 1.734454e+01 -4.023799e-04 
 1.734494e+01 -2.677771e-03 
 1.734534e+01 -4.482613e-03 
 1.734573e+01 -5.679104e-03 
 1.734613e+01 -6.191984e-03 
 1.734653e+01 -6.069152e-03 
 1.734693e+01 -5.335921e-03 
 1.734732e+01 -4.080685e-03 
 1.734772e+01 -2.457184e-03 
 1.734812e+01 -6.363248e-04 
 1.734852e+01  1.176115e-03 
 1.734891e+01  2.781957e-03 
 1.734931e+01  4.082190e-03 
 1.734971e+01  4.928251e-03 
 1.735011e+01  5.268536e-03 
 1.735051e+01  5.081098e-03 
 1.735090e+01  4.424693e-03 
 1.735130e+01  3.389453e-03 
 1.735170e+01  2.086183e-03 
 1.735210e+01  6.863168e-04 
 1.735249e+01 -7.169585e-04 
 1.735289e+01 -1.942684e-03 
 1.735329e+01 -2.851573e-03 
 1.735369e+01 -3.353465e-03 
 1.735409e+01 -3.389939e-03 
 1.735448e+01 -2.973460e-03 
 1.735488e+01 -2.144792e-03 
 1.735528e+01 -1.004458e-03 
 1.735568e+01  3.779301e-04 
 1.735607e+01  1.868726e-03 
 1.735647e+01  3.352938e-03 
 1.735687e+01  4.735586e-03 
 1.735727e+01  5.926701e-03 
 1.735766e+01  6.878474e-03 
 1.735806e+01  7.516665e-03 
 1.735846e+01  7.823169e-03 
 1.735886e+01  7.786898e-03 
 1.735926e+01  7.400908e-03 
 1.735965e+01  6.737539e-03 
 1.736005e+01  5.845344e-03 
 1.736045e+01  4.826810e-03 
 1.736085e+01  3.781182e-03 
 1.736124e+01  2.768357e-03 
 1.736164e+01  1.892293e-03 
 1.736204e+01  1.186948e-03 
 1.736244e+01  6.972711e-04 
 1.736283e+01  3.584811e-04 
 1.736323e+01  2.035582e-04 
 1.736363e+01  2.281207e-04 
 1.736403e+01  3.888383e-04 
 1.736443e+01  6.874467e-04 
 1.736482e+01  1.110283e-03 
 1.736522e+01  1.617290e-03 
 1.736562e+01  2.188750e-03 
 1.736602e+01  2.770526e-03 
 1.736641e+01  3.351529e-03 
 1.736681e+01  3.939877e-03 
 1.736721e+01  4.506992e-03 
 1.736761e+01  5.054824e-03 
 1.736800e+01  5.574521e-03 
 1.736840e+01  5.998107e-03 
 1.736880e+01  6.294980e-03 
 1.736920e+01  6.486796e-03 
 1.736960e+01  6.637400e-03 
 1.736999e+01  6.825443e-03 
 1.737039e+01  7.074507e-03 
 1.737079e+01  7.474981e-03 
 1.737119e+01  8.042708e-03 
 1.737158e+01  8.742920e-03 
 1.737198e+01  9.510317e-03 
 1.737238e+01  1.025728e-02 
 1.737278e+01  1.096873e-02 
 1.737317e+01  1.165784e-02 
 1.737357e+01  1.230884e-02 
 1.737397e+01  1.287845e-02 
 1.737437e+01  1.328576e-02 
 1.737477e+01  1.344351e-02 
 1.737516e+01  1.329269e-02 
 1.737556e+01  1.280649e-02 
 1.737596e+01  1.197770e-02 
 1.737636e+01  1.083859e-02 
 1.737675e+01  9.439840e-03 
 1.737715e+01  7.841014e-03 
 1.737755e+01  6.126922e-03 
 1.737795e+01  4.335063e-03 
 1.737834e+01  2.573425e-03 
 1.737874e+01  9.407309e-04 
 1.737914e+01 -4.004820e-04 
 1.737954e+01 -1.343157e-03 
 1.737994e+01 -1.805022e-03 
 1.738033e+01 -1.814416e-03 
 1.738073e+01 -1.427155e-03 
 1.738113e+01 -7.007844e-04 
 1.738153e+01  2.496923e-04 
 1.738192e+01  1.358116e-03 
 1.738232e+01  2.574556e-03 
 1.738272e+01  3.779455e-03 
 1.738312e+01  4.908263e-03 
 1.738351e+01  5.878498e-03 
 1.738391e+01  6.596360e-03 
 1.738431e+01  6.994479e-03 
 1.738471e+01  7.049619e-03 
 1.738511e+01  6.788146e-03 
 1.738550e+01  6.370455e-03 
 1.738590e+01  5.861202e-03 
 1.738630e+01  5.355464e-03 
 1.738670e+01  4.892416e-03 
 1.738709e+01  4.520774e-03 
 1.738749e+01  4.324389e-03 
 1.738789e+01  4.362872e-03 
 1.738829e+01  4.716132e-03 
 1.738868e+01  5.452364e-03 
 1.738908e+01  6.529185e-03 
 1.738948e+01  7.926361e-03 
 1.738988e+01  9.501657e-03 
 1.739028e+01  1.114221e-02 
 1.739067e+01  1.268581e-02 
 1.739107e+01  1.398671e-02 
 1.739147e+01  1.498926e-02 
 1.739187e+01  1.561017e-02 
 1.739226e+01  1.580117e-02 
 1.739266e+01  1.554250e-02 
 1.739306e+01  1.483769e-02 
 1.739346e+01  1.368107e-02 
 1.739385e+01  1.211422e-02 
 1.739425e+01  1.018950e-02 
 1.739465e+01  8.075952e-03 
 1.739505e+01  5.923973e-03 
 1.739545e+01  3.891093e-03 
 1.739584e+01  2.136368e-03 
 1.739624e+01  8.206805e-04 
 1.739664e+01  7.376482e-05 
 1.739704e+01  4.103790e-06 
 1.739743e+01  6.725425e-04 
 1.739783e+01  2.032796e-03 
 1.739823e+01  3.987801e-03 
 1.739863e+01  6.390069e-03 
 1.739902e+01  9.041186e-03 
 1.739942e+01  1.174076e-02 
 1.739982e+01  1.427646e-02 
 1.740022e+01  1.641607e-02 
 1.740062e+01  1.798314e-02 
 1.740101e+01  1.893127e-02 
 1.740141e+01  1.923664e-02 
 1.740181e+01  1.892081e-02 
 1.740221e+01  1.805364e-02 
 1.740260e+01  1.668302e-02 
 1.740300e+01  1.494495e-02 
 1.740340e+01  1.296929e-02 
 1.740380e+01  1.089985e-02 
 1.740419e+01  8.911580e-03 
 1.740459e+01  7.185049e-03 
 1.740499e+01  5.876399e-03 
 1.740539e+01  5.132268e-03 
 1.740579e+01  5.051790e-03 
 1.740618e+01  5.614605e-03 
 1.740658e+01  6.714926e-03 
 1.740698e+01  8.228793e-03 
 1.740738e+01  1.001928e-02 
 1.740777e+01  1.190581e-02 
 1.740817e+01  1.370513e-02 
 1.740857e+01  1.522792e-02 
 1.740897e+01  1.634799e-02 
 1.740936e+01  1.691958e-02 
 1.740976e+01  1.684977e-02 
 1.741016e+01  1.610745e-02 
 1.741056e+01  1.469706e-02 
 1.741096e+01  1.269525e-02 
 1.741135e+01  1.023194e-02 
 1.741175e+01  7.470517e-03 
 1.741215e+01  4.666479e-03 
 1.741255e+01  2.046689e-03 
 1.741294e+01 -1.735273e-04 
 1.741334e+01 -1.786418e-03 
 1.741374e+01 -2.620767e-03 
 1.741414e+01 -2.626851e-03 
 1.741453e+01 -1.806698e-03 
 1.741493e+01 -2.031963e-04 
 1.741533e+01  2.077373e-03 
 1.741573e+01  4.859186e-03 
 1.741613e+01  7.961353e-03 
 1.741652e+01  1.117129e-02 
 1.741692e+01  1.429787e-02 
 1.741732e+01  1.712791e-02 
 1.741772e+01  1.944798e-02 
 1.741811e+01  2.112809e-02 
 1.741851e+01  2.207296e-02 
 1.741891e+01  2.224950e-02 
 1.741931e+01  2.165732e-02 
 1.741970e+01  2.036493e-02 
 1.742010e+01  1.845407e-02 
 1.742050e+01  1.607070e-02 
 1.742090e+01  1.342415e-02 
 1.742130e+01  1.071116e-02 
 1.742169e+01  8.143297e-03 
 1.742209e+01  5.863059e-03 
 1.742249e+01  3.991047e-03 
 1.742289e+01  2.606109e-03 
 1.742328e+01  1.760544e-03 
 1.742368e+01  1.458353e-03 
 1.742408e+01  1.628615e-03 
 1.742448e+01  2.236820e-03 
 1.742487e+01  3.205386e-03 
 1.742527e+01  4.459199e-03 
 1.742567e+01  5.849320e-03 
 1.742607e+01  7.212368e-03 
 1.742647e+01  8.408547e-03 
 1.742686e+01  9.295165e-03 
 1.742726e+01  9.762809e-03 
 1.742766e+01  9.768008e-03 
 1.742806e+01  9.309760e-03 
 1.742845e+01  8.396127e-03 
 1.742885e+01  7.105099e-03 
 1.742925e+01  5.518283e-03 
 1.742965e+01  3.731261e-03 
 1.743004e+01  1.837846e-03 
 1.743044e+01 -5.905432e-05 
 1.743084e+01 -1.830648e-03 
 1.743124e+01 -3.320464e-03 
 1.743164e+01 -4.432738e-03 
 1.743203e+01 -5.089047e-03 
 1.743243e+01 -5.231819e-03 
 1.743283e+01 -4.854859e-03 
 1.743323e+01 -3.978450e-03 
 1.743362e+01 -2.630525e-03 
 1.743402e+01 -8.874477e-04 
 1.743442e+01  1.177287e-03 
 1.743482e+01  3.405670e-03 
 1.743521e+01  5.614790e-03 
 1.743561e+01  7.646708e-03 
 1.743601e+01  9.326575e-03 
 1.743641e+01  1.048549e-02 
 1.743681e+01  1.101518e-02 
 1.743720e+01  1.090355e-02 
 1.743760e+01  1.011891e-02 
 1.743800e+01  8.683266e-03 
 1.743840e+01  6.641197e-03 
 1.743879e+01  4.099517e-03 
 1.743919e+01  1.200406e-03 
 1.743959e+01 -1.848482e-03 
 1.743999e+01 -4.789849e-03 
 1.744038e+01 -7.395799e-03 
 1.744078e+01 -9.439369e-03 
 1.744118e+01 -1.082028e-02 
 1.744158e+01 -1.147046e-02 
 1.744198e+01 -1.141302e-02 
 1.744237e+01 -1.073213e-02 
 1.744277e+01 -9.546118e-03 
 1.744317e+01 -7.973895e-03 
 1.744357e+01 -6.142973e-03 
 1.744396e+01 -4.181919e-03 
 1.744436e+01 -2.230584e-03 
 1.744476e+01 -4.097419e-04 
 1.744516e+01  1.147762e-03 
 1.744556e+01  2.342561e-03 
 1.744595e+01  3.098552e-03 
 1.744635e+01  3.379130e-03 
 1.744675e+01  3.241596e-03 
 1.744715e+01  2.768370e-03 
 1.744754e+01  2.059539e-03 
 1.744794e+01  1.233696e-03 
 1.744834e+01  3.892717e-04 
 1.744874e+01 -3.042180e-04 
 1.744913e+01 -7.574577e-04 
 1.744953e+01 -8.815371e-04 
 1.744993e+01 -6.403527e-04 
 1.745033e+01 -6.063646e-05 
 1.745073e+01  7.467617e-04 
 1.745112e+01  1.733376e-03 
 1.745152e+01  2.789412e-03 
 1.745192e+01  3.802171e-03 
 1.745232e+01  4.688935e-03 
 1.745271e+01  5.350670e-03 
 1.745311e+01  5.796880e-03 
 1.745351e+01  6.004084e-03 
 1.745391e+01  5.923477e-03 
 1.745430e+01  5.538291e-03 
 1.745470e+01  4.858057e-03 
 1.745510e+01  3.912211e-03 
 1.745550e+01  2.739825e-03 
 1.745590e+01  1.476726e-03 
 1.745629e+01  1.948184e-04 
 1.745669e+01 -1.020261e-03 
 1.745709e+01 -2.108169e-03 
 1.745749e+01 -3.000140e-03 
 1.745788e+01 -3.637364e-03 
 1.745828e+01 -4.017912e-03 
 1.745868e+01 -4.130278e-03 
 1.745908e+01 -3.981418e-03 
 1.745947e+01 -3.554385e-03 
 1.745987e+01 -2.906136e-03 
 1.746027e+01 -2.104684e-03 
 1.746067e+01 -1.199549e-03 
 1.746107e+01 -2.709465e-04 
 1.746146e+01  6.003273e-04 
 1.746186e+01  1.319881e-03 
 1.746226e+01  1.888057e-03 
 1.746266e+01  2.264237e-03 
 1.746305e+01  2.421021e-03 
 1.746345e+01  2.360636e-03 
 1.746385e+01  2.131185e-03 
 1.746425e+01  1.798056e-03 
 1.746464e+01  1.496088e-03 
 1.746504e+01  1.336863e-03 
 1.746544e+01  1.379020e-03 
 1.746584e+01  1.652490e-03 
 1.746624e+01  2.166401e-03 
 1.746663e+01  2.902769e-03 
 1.746703e+01  3.803878e-03 
 1.746743e+01  4.783779e-03 
 1.746783e+01  5.776753e-03 
 1.746822e+01  6.701880e-03 
 1.746862e+01  7.520650e-03 
 1.746902e+01  8.144807e-03 
 1.746942e+01  8.490439e-03 
 1.746981e+01  8.498806e-03 
 1.747021e+01  8.089366e-03 
 1.747061e+01  7.317903e-03 
 1.747101e+01  6.231030e-03 
 1.747141e+01  4.903544e-03 
 1.747180e+01  3.443527e-03 
 1.747220e+01  1.987534e-03 
 1.747260e+01  6.729122e-04 
 1.747300e+01 -3.973824e-04 
 1.747339e+01 -1.071816e-03 
 1.747379e+01 -1.276194e-03 
 1.747419e+01 -9.927200e-04 
 1.747459e+01 -1.880660e-04 
 1.747498e+01  1.125237e-03 
 1.747538e+01  2.866107e-03 
 1.747578e+01  4.922647e-03 
 1.747618e+01  7.149949e-03 
 1.747658e+01  9.409937e-03 
 1.747697e+01  1.155159e-02 
 1.747737e+01  1.343514e-02 
 1.747777e+01  1.492104e-02 
 1.747817e+01  1.590801e-02 
 1.747856e+01  1.630455e-02 
 1.747896e+01  1.611565e-02 
 1.747936e+01  1.539597e-02 
 1.747976e+01  1.425377e-02 
 1.748015e+01  1.283782e-02 
 1.748055e+01  1.124568e-02 
 1.748095e+01  9.625318e-03 
 1.748135e+01  8.114428e-03 
 1.748175e+01  6.805655e-03 
 1.748214e+01  5.786266e-03 
 1.748254e+01  5.127308e-03 
 1.748294e+01  4.887005e-03 
 1.748334e+01  5.080499e-03 
 1.748373e+01  5.658016e-03 
 1.748413e+01  6.564305e-03 
 1.748453e+01  7.658302e-03 
 1.748493e+01  8.827815e-03 
 1.748532e+01  9.916641e-03 
 1.748572e+01  1.083349e-02 
 1.748612e+01  1.151823e-02 
 1.748652e+01  1.194659e-02 
 1.748692e+01  1.205000e-02 
 1.748731e+01  1.181157e-02 
 1.748771e+01  1.122006e-02 
 1.748811e+01  1.031442e-02 
 1.748851e+01  9.161512e-03 
 1.748890e+01  7.825405e-03 
 1.748930e+01  6.403662e-03 
 1.748970e+01  5.051456e-03 
 1.749010e+01  3.861689e-03 
 1.749049e+01  2.922812e-03 
 1.749089e+01  2.332247e-03 
 1.749129e+01  2.142572e-03 
 1.749169e+01  2.418728e-03 
 1.749209e+01  3.202004e-03 
 1.749248e+01  4.501778e-03 
 1.749288e+01  6.336002e-03 
 1.749328e+01  8.587615e-03 
 1.749368e+01  1.112862e-02 
 1.749407e+01  1.377703e-02 
 1.749447e+01  1.637183e-02 
 1.749487e+01  1.873683e-02 
 1.749527e+01  2.073967e-02 
 1.749566e+01  2.231750e-02 
 1.749606e+01  2.340126e-02 
 1.749646e+01  2.390196e-02 
 1.749686e+01  2.380264e-02 
 1.749726e+01  2.310555e-02 
 1.749765e+01  2.182158e-02 
 1.749805e+01  2.000615e-02 
 1.749845e+01  1.780805e-02 
 1.749885e+01  1.542855e-02 
 1.749924e+01  1.304845e-02 
 1.749964e+01  1.084128e-02 
 1.750004e+01  8.955592e-03 
 1.750044e+01  7.480055e-03 
 1.750083e+01  6.523202e-03 
 1.750123e+01  6.155734e-03 
 1.750163e+01  6.417112e-03 
 1.750203e+01  7.269749e-03 
 1.750243e+01  8.613779e-03 
 1.750282e+01  1.034591e-02 
 1.750322e+01  1.226952e-02 
 1.750362e+01  1.425085e-02 
 1.750402e+01  1.609458e-02 
 1.750441e+01  1.766844e-02 
 1.750481e+01  1.887163e-02 
 1.750521e+01  1.960119e-02 
 1.750561e+01  1.977255e-02 
 1.750600e+01  1.933880e-02 
 1.750640e+01  1.826383e-02 
 1.750680e+01  1.657293e-02 
 1.750720e+01  1.443387e-02 
 1.750760e+01  1.201448e-02 
 1.750799e+01  9.553178e-03 
 1.750839e+01  7.297284e-03 
 1.750879e+01  5.461492e-03 
 1.750919e+01  4.182298e-03 
 1.750958e+01  3.559075e-03 
 1.750998e+01  3.644487e-03 
 1.751038e+01  4.447769e-03 
 1.751078e+01  5.904642e-03 
 1.751117e+01  7.843012e-03 
 1.751157e+01  1.010205e-02 
 1.751197e+01  1.245188e-02 
 1.751237e+01  1.465557e-02 
 1.751277e+01  1.645568e-02 
 1.751316e+01  1.768919e-02 
 1.751356e+01  1.823903e-02 
 1.751396e+01  1.806083e-02 
 1.751436e+01  1.715181e-02 
 1.751475e+01  1.557955e-02 
 1.751515e+01  1.337321e-02 
 1.751555e+01  1.062711e-02 
 1.751595e+01  7.500654e-03 
 1.751634e+01  4.188098e-03 
 1.751674e+01  9.074634e-04 
 1.751714e+01 -2.119234e-03 
 1.751754e+01 -4.685270e-03 
 1.751794e+01 -6.615712e-03 
 1.751833e+01 -7.778344e-03 
 1.751873e+01 -8.124587e-03 
 1.751913e+01 -7.634405e-03 
 1.751953e+01 -6.399123e-03 
 1.751992e+01 -4.538390e-03 
 1.752032e+01 -2.236253e-03 
 1.752072e+01  3.489008e-04 
 1.752112e+01  3.030246e-03 
 1.752151e+01  5.557871e-03 
 1.752191e+01  7.748710e-03 
 1.752231e+01  9.459606e-03 
 1.752271e+01  1.058764e-02 
 1.752311e+01  1.108691e-02 
 1.752350e+01  1.097608e-02 
 1.752390e+01  1.029562e-02 
 1.752430e+01  9.146399e-03 
 1.752470e+01  7.622709e-03 
 1.752509e+01  5.917763e-03 
 1.752549e+01  4.122889e-03 
 1.752589e+01  2.418606e-03 
 1.752629e+01  8.983181e-04 
 1.752668e+01 -3.310734e-04 
 1.752708e+01 -1.149894e-03 
 1.752748e+01 -1.519134e-03 
 1.752788e+01 -1.435964e-03 
 1.752828e+01 -9.250882e-04 
 1.752867e+01 -6.391941e-05 
 1.752907e+01  1.062773e-03 
 1.752947e+01  2.368137e-03 
 1.752987e+01  3.695091e-03 
 1.753026e+01  4.881885e-03 
 1.753066e+01  5.811174e-03 
 1.753106e+01  6.360712e-03 
 1.753146e+01  6.468161e-03 
 1.753185e+01  6.088739e-03 
 1.753225e+01  5.241093e-03 
 1.753265e+01  3.977654e-03 
 1.753305e+01  2.344624e-03 
 1.753345e+01  4.608801e-04 
 1.753384e+01 -1.530373e-03 
 1.753424e+01 -3.495434e-03 
 1.753464e+01 -5.343949e-03 
 1.753504e+01 -6.918050e-03 
 1.753543e+01 -8.100062e-03 
 1.753583e+01 -8.846223e-03 
 1.753623e+01 -9.130060e-03 
 1.753663e+01 -8.985074e-03 
 1.753703e+01 -8.451786e-03 
 1.753742e+01 -7.566384e-03 
 1.753782e+01 -6.419078e-03 
 1.753822e+01 -5.075917e-03 
 1.753862e+01 -3.613249e-03 
 1.753901e+01 -2.162005e-03 
 1.753941e+01 -8.386782e-04 
 1.753981e+01  2.560101e-04 
 1.754021e+01  1.040570e-03 
 1.754060e+01  1.467672e-03 
 1.754100e+01  1.535350e-03 
 1.754140e+01  1.309738e-03 
 1.754180e+01  8.132090e-04 
 1.754220e+01  1.145134e-04 
 1.754259e+01 -7.058835e-04 
 1.754299e+01 -1.590143e-03 
 1.754339e+01 -2.458560e-03 
 1.754379e+01 -3.254164e-03 
 1.754418e+01 -3.904207e-03 
 1.754458e+01 -4.358673e-03 
 1.754498e+01 -4.556477e-03 
 1.754538e+01 -4.512950e-03 
 1.754577e+01 -4.265183e-03 
 1.754617e+01 -3.854026e-03 
 1.754657e+01 -3.327298e-03 
 1.754697e+01 -2.704109e-03 
 1.754737e+01 -2.010778e-03 
 1.754776e+01 -1.291987e-03 
 1.754816e+01 -5.658939e-04 
 1.754856e+01  1.212166e-04 
 1.754896e+01  7.862209e-04 
 1.754935e+01  1.396278e-03 
 1.754975e+01  1.939248e-03 
 1.755015e+01  2.426050e-03 
 1.755055e+01  2.857571e-03 
 1.755094e+01  3.268221e-03 
 1.755134e+01  3.652727e-03 
 1.755174e+01  4.018264e-03 
 1.755214e+01  4.399977e-03 
 1.755254e+01  4.766206e-03 
 1.755293e+01  5.208721e-03 
 1.755333e+01  5.714012e-03 
 1.755373e+01  6.306562e-03 
 1.755413e+01  6.985714e-03 
 1.755452e+01  7.680939e-03 
 1.755492e+01  8.361389e-03 
 1.755532e+01  8.944090e-03 
 1.755572e+01  9.424247e-03 
 1.755611e+01  9.793278e-03 
 1.755651e+01  1.005585e-02 
 1.755691e+01  1.015460e-02 
 1.755731e+01  1.011344e-02 
 1.755771e+01  9.908301e-03 
 1.755810e+01  9.462232e-03 
 1.755850e+01  8.810118e-03 
 1.755890e+01  7.942467e-03 
 1.755930e+01  6.923025e-03 
 1.755969e+01  5.825358e-03 
 1.756009e+01  4.720369e-03 
 1.756049e+01  3.705226e-03 
 1.756089e+01  2.769192e-03 
 1.756128e+01  1.941722e-03 
 1.756168e+01  1.269616e-03 
 1.756208e+01  8.077118e-04 
 1.756248e+01  5.786877e-04 
 1.756288e+01  5.836679e-04 
 1.756327e+01  8.253830e-04 
 1.756367e+01  1.222556e-03 
 1.756407e+01  1.678577e-03 
 1.756447e+01  2.131671e-03 
 1.756486e+01  2.512724e-03 
 1.756526e+01  2.764517e-03 
 1.756566e+01  2.897422e-03 
 1.756606e+01  2.893241e-03 
 1.756645e+01  2.773702e-03 
 1.756685e+01  2.529976e-03 
 1.756725e+01  2.175634e-03 
 1.756765e+01  1.723690e-03 
 1.756805e+01  1.230584e-03 
 1.756844e+01  8.537855e-04 
 1.756884e+01  6.910673e-04 
 1.756924e+01  8.696808e-04 
 1.756964e+01  1.425168e-03 
 1.757003e+01  2.351710e-03 
 1.757043e+01  3.634485e-03 
 1.757083e+01  5.224965e-03 
 1.757123e+01  7.044155e-03 
 1.757162e+01  8.993061e-03 
 1.757202e+01  1.092086e-02 
 1.757242e+01  1.268119e-02 
 1.757282e+01  1.418043e-02 
 1.757322e+01  1.528652e-02 
 1.757361e+01  1.588938e-02 
 1.757401e+01  1.589519e-02 
 1.757441e+01  1.528415e-02 
 1.757481e+01  1.409119e-02 
 1.757520e+01  1.240405e-02 
 1.757560e+01  1.031813e-02 
 1.757600e+01  7.976797e-03 
 1.757640e+01  5.583893e-03 
 1.757679e+01  3.341982e-03 
 1.757719e+01  1.434090e-03 
 1.757759e+01  3.081158e-05 
 1.757799e+01 -7.427623e-04 
 1.757839e+01 -8.295752e-04 
 1.757878e+01 -2.223866e-04 
 1.757918e+01  1.019357e-03 
 1.757958e+01  2.804169e-03 
 1.757998e+01  4.956885e-03 
 1.758037e+01  7.279483e-03 
 1.758077e+01  9.650609e-03 
 1.758117e+01  1.186339e-02 
 1.758157e+01  1.375802e-02 
 1.758196e+01  1.517902e-02 
 1.758236e+01  1.601791e-02 
 1.758276e+01  1.625842e-02 
 1.758316e+01  1.592995e-02 
 1.758356e+01  1.511313e-02 
 1.758395e+01  1.388768e-02 
 1.758435e+01  1.240447e-02 
 1.758475e+01  1.078437e-02 
 1.758515e+01  9.167793e-03 
 1.758554e+01  7.716106e-03 
 1.758594e+01  6.507838e-03 
 1.758634e+01  5.633607e-03 
 1.758674e+01  5.218220e-03 
 1.758713e+01  5.342373e-03 
 1.758753e+01  5.987073e-03 
 1.758793e+01  7.106953e-03 
 1.758833e+01  8.581429e-03 
 1.758873e+01  1.029508e-02 
 1.758912e+01  1.207636e-02 
 1.758952e+01  1.377972e-02 
 1.758992e+01  1.518815e-02 
 1.759032e+01  1.618962e-02 
 1.759071e+01  1.669968e-02 
 1.759111e+01  1.662501e-02 
 1.759151e+01  1.594087e-02 
 1.759191e+01  1.466479e-02 
 1.759230e+01  1.281831e-02 
 1.759270e+01  1.052827e-02 
 1.759310e+01  7.996347e-03 
 1.759350e+01  5.381987e-03 
 1.759390e+01  2.895083e-03 
 1.759429e+01  6.815152e-04 
 1.759469e+01 -1.095898e-03 
 1.759509e+01 -2.307852e-03 
 1.759549e+01 -2.883154e-03 
 1.759588e+01 -2.789783e-03 
 1.759628e+01 -2.035533e-03 
 1.759668e+01 -6.110444e-04 
 1.759708e+01  1.410449e-03 
 1.759747e+01  3.905283e-03 
 1.759787e+01  6.709937e-03 
 1.759827e+01  9.655858e-03 
 1.759867e+01  1.257290e-02 
 1.759907e+01  1.527050e-02 
 1.759946e+01  1.762555e-02 
 1.759986e+01  1.950524e-02 
 1.760026e+01  2.081162e-02 
 1.760066e+01  2.146961e-02 
 1.760105e+01  2.142424e-02 
 1.760145e+01  2.073767e-02 
 1.760185e+01  1.950210e-02 
 1.760225e+01  1.781584e-02 
 1.760264e+01  1.584681e-02 
 1.760304e+01  1.378982e-02 
 1.760344e+01  1.178360e-02 
 1.760384e+01  9.994792e-03 
 1.760424e+01  8.536659e-03 
 1.760463e+01  7.511383e-03 
 1.760503e+01  6.969925e-03 
 1.760543e+01  6.957396e-03 
 1.760583e+01  7.441357e-03 
 1.760622e+01  8.323790e-03 
 1.760662e+01  9.461669e-03 
 1.760702e+01  1.071801e-02 
 1.760742e+01  1.193980e-02 
 1.760781e+01  1.305918e-02 
 1.760821e+01  1.396771e-02 
 1.760861e+01  1.457603e-02 
 1.760901e+01  1.480509e-02 
 1.760941e+01  1.458679e-02 
 1.760980e+01  1.385788e-02 
 1.761020e+01  1.263187e-02 
 1.761060e+01  1.095254e-02 
 1.761100e+01  8.940921e-03 
 1.761139e+01  6.728863e-03 
 1.761179e+01  4.494714e-03 
 1.761219e+01  2.378145e-03 
 1.761259e+01  5.309879e-04 
 1.761298e+01 -9.486325e-04 
 1.761338e+01 -1.975382e-03 
 1.761378e+01 -2.470603e-03 
 1.761418e+01 -2.367579e-03 
 1.761458e+01 -1.633992e-03 
 1.761497e+01 -2.912598e-04 
 1.761537e+01  1.539129e-03 
 1.761577e+01  3.722489e-03 
 1.761617e+01  6.047834e-03 
 1.761656e+01  8.353426e-03 
 1.761696e+01  1.048899e-02 
 1.761736e+01  1.227901e-02 
 1.761776e+01  1.359927e-02 
 1.761815e+01  1.433983e-02 
 1.761855e+01  1.446507e-02 
 1.761895e+01  1.393814e-02 
 1.761935e+01  1.274419e-02 
 1.761975e+01  1.090827e-02 
 1.762014e+01  8.514170e-03 
 1.762054e+01  5.762064e-03 
 1.762094e+01  2.877145e-03 
 1.762134e+01  2.720851e-05 
 1.762173e+01 -2.550418e-03 
 1.762213e+01 -4.707068e-03 
 1.762253e+01 -6.313373e-03 
 1.762293e+01 -7.288541e-03 
 1.762332e+01 -7.618446e-03 
 1.762372e+01 -7.329618e-03 
 1.762412e+01 -6.487053e-03 
 1.762452e+01 -5.216335e-03 
 1.762492e+01 -3.595958e-03 
 1.762531e+01 -1.779195e-03 
 1.762571e+01  7.777962e-05 
 1.762611e+01  1.833762e-03 
 1.762651e+01  3.395036e-03 
 1.762690e+01  4.665541e-03 
 1.762730e+01  5.571636e-03 
 1.762770e+01  6.076894e-03 
 1.762810e+01  6.155328e-03 
 1.762850e+01  5.804358e-03 
 1.762889e+01  5.116543e-03 
 1.762929e+01  4.192790e-03 
 1.762969e+01  3.182228e-03 
 1.763009e+01  2.235680e-03 
 1.763048e+01  1.478959e-03 
 1.763088e+01  1.033274e-03 
 1.763128e+01  9.739978e-04 
 1.763168e+01  1.323325e-03 
 1.763207e+01  2.069287e-03 
 1.763247e+01  3.169075e-03 
 1.763287e+01  4.559892e-03 
 1.763327e+01  6.105392e-03 
 1.763367e+01  7.656639e-03 
 1.763406e+01  9.078987e-03 
 1.763446e+01  1.023770e-02 
 1.763486e+01  1.104793e-02 
 1.763526e+01  1.142586e-02 
 1.763565e+01  1.130937e-02 
 1.763605e+01  1.068369e-02 
 1.763645e+01  9.620309e-03 
 1.763685e+01  8.185937e-03 
 1.763724e+01  6.457555e-03 
 1.763764e+01  4.523612e-03 
 1.763804e+01  2.497497e-03 
 1.763844e+01  5.197472e-04 
 1.763884e+01 -1.240235e-03 
 1.763923e+01 -2.656839e-03 
 1.763963e+01 -3.672043e-03 
 1.764003e+01 -4.270500e-03 
 1.764043e+01 -4.435310e-03 
 1.764082e+01 -4.259994e-03 
 1.764122e+01 -3.841400e-03 
 1.764162e+01 -3.233792e-03 
 1.764202e+01 -2.534219e-03 
 1.764241e+01 -1.765669e-03 
 1.764281e+01 -9.377210e-04 
 1.764321e+01 -1.303897e-04 
 1.764361e+01  5.736562e-04 
 1.764401e+01  1.114492e-03 
 1.764440e+01  1.488835e-03 
 1.764480e+01  1.696301e-03 
 1.764520e+01  1.817810e-03 
 1.764560e+01  1.945398e-03 
 1.764599e+01  2.111686e-03 
 1.764639e+01  2.373453e-03 
 1.764679e+01  2.745922e-03 
 1.764719e+01  3.250416e-03 
 1.764758e+01  3.880593e-03 
 1.764798e+01  4.595150e-03 
 1.764838e+01  5.344421e-03 
 1.764878e+01  6.091845e-03 
 1.764918e+01  6.797291e-03 
 1.764957e+01  7.404128e-03 
 1.764997e+01  7.870132e-03 
 1.765037e+01  8.172028e-03 
 1.765077e+01  8.268403e-03 
 1.765116e+01  8.176925e-03 
 1.765156e+01  7.908799e-03 
 1.765196e+01  7.465041e-03 
 1.765236e+01  6.807222e-03 
 1.765275e+01  5.991942e-03 
 1.765315e+01  5.083462e-03 
 1.765355e+01  4.113656e-03 
 1.765395e+01  3.180968e-03 
 1.765435e+01  2.370481e-03 
 1.765474e+01  1.696434e-03 
 1.765514e+01  1.192112e-03 
 1.765554e+01  8.536049e-04 
 1.765594e+01  6.691053e-04 
 1.765633e+01  6.269845e-04 
 1.765673e+01  7.891760e-04 
 1.765713e+01  1.162802e-03 
 1.765753e+01  1.734034e-03 
 1.765792e+01  2.489290e-03 
 1.765832e+01  3.320123e-03 
 1.765872e+01  4.143237e-03 
 1.765912e+01  4.884697e-03 
 1.765952e+01  5.481165e-03 
 1.765991e+01  5.877573e-03 
 1.766031e+01  6.077960e-03 
 1.766071e+01  6.088223e-03 
 1.766111e+01  5.917600e-03 
 1.766150e+01  5.547621e-03 
 1.766190e+01  4.968140e-03 
 1.766230e+01  4.205661e-03 
 1.766270e+01  3.356366e-03 
 1.766309e+01  2.471259e-03 
 1.766349e+01  1.657594e-03 
 1.766389e+01  9.921694e-04 
 1.766429e+01  5.513554e-04 
 1.766469e+01  3.562633e-04 
 1.766508e+01  4.242009e-04 
 1.766548e+01  7.101113e-04 
 1.766588e+01  1.190999e-03 
 1.766628e+01  1.869227e-03 
 1.766667e+01  2.699475e-03 
 1.766707e+01  3.550136e-03 
 1.766747e+01  4.342203e-03 
 1.766787e+01  4.927236e-03 
 1.766826e+01  5.186629e-03 
 1.766866e+01  5.070186e-03 
 1.766906e+01  4.559320e-03 
 1.766946e+01  3.676654e-03 
 1.766986e+01  2.438738e-03 
 1.767025e+01  9.671357e-04 
 1.767065e+01 -6.367204e-04 
 1.767105e+01 -2.284826e-03 
 1.767145e+01 -3.887570e-03 
 1.767184e+01 -5.336055e-03 
 1.767224e+01 -6.514599e-03 
 1.767264e+01 -7.292773e-03 
 1.767304e+01 -7.563115e-03 
 1.767343e+01 -7.218571e-03 
 1.767383e+01 -6.281335e-03 
 1.767423e+01 -4.782039e-03 
 1.767463e+01 -2.779241e-03 
 1.767503e+01 -4.330875e-04 
 1.767542e+01  2.124497e-03 
 1.767582e+01  4.713148e-03 
 1.767622e+01  7.173910e-03 
 1.767662e+01  9.410695e-03 
 1.767701e+01  1.128815e-02 
 1.767741e+01  1.273973e-02 
 1.767781e+01  1.368502e-02 
 1.767821e+01  1.410794e-02 
 1.767860e+01  1.402108e-02 
 1.767900e+01  1.346997e-02 
 1.767940e+01  1.246818e-02 
 1.767980e+01  1.107978e-02 
 1.768020e+01  9.438163e-03 
 1.768059e+01  7.620307e-03 
 1.768099e+01  5.782989e-03 
 1.768139e+01  4.086466e-03 
 1.768179e+01  2.663231e-03 
 1.768218e+01  1.674233e-03 
 1.768258e+01  1.213559e-03 
 1.768298e+01  1.360498e-03 
 1.768338e+01  2.054644e-03 
 1.768377e+01  3.207346e-03 
 1.768417e+01  4.725602e-03 
 1.768457e+01  6.514877e-03 
 1.768497e+01  8.460542e-03 
 1.768537e+01  1.040081e-02 
 1.768576e+01  1.218498e-02 
 1.768616e+01  1.366319e-02 
 1.768656e+01  1.468304e-02 
 1.768696e+01  1.513217e-02 
 1.768735e+01  1.493412e-02 
 1.768775e+01  1.412801e-02 
 1.768815e+01  1.280961e-02 
 1.768855e+01  1.117211e-02 
 1.768894e+01  9.362472e-03 
 1.768934e+01  7.547014e-03 
 1.768974e+01  5.900734e-03 
 1.769014e+01  4.580423e-03 
 1.769054e+01  3.718388e-03 
 1.769093e+01  3.452972e-03 
 1.769133e+01  3.862383e-03 
 1.769173e+01  4.939059e-03 
 1.769213e+01  6.634255e-03 
 1.769252e+01  8.860176e-03 
 1.769292e+01  1.144024e-02 
 1.769332e+01  1.415262e-02 
 1.769372e+01  1.679516e-02 
 1.769411e+01  1.918418e-02 
 1.769451e+01  2.114297e-02 
 1.769491e+01  2.253413e-02 
 1.769531e+01  2.328446e-02 
 1.769571e+01  2.333240e-02 
 1.769610e+01  2.260660e-02 
 1.769650e+01  2.119861e-02 
 1.769690e+01  1.917237e-02 
 1.769730e+01  1.666355e-02 
 1.769769e+01  1.384062e-02 
 1.769809e+01  1.088052e-02 
 1.769849e+01  7.971686e-03 
 1.769889e+01  5.327841e-03 
 1.769928e+01  3.103783e-03 
 1.769968e+01  1.463471e-03 
 1.770008e+01  4.904507e-04 
 1.770048e+01  2.469258e-04 
 1.770088e+01  7.159637e-04 
 1.770127e+01  1.836674e-03 
 1.770167e+01  3.466461e-03 
 1.770207e+01  5.477098e-03 
 1.770247e+01  7.710302e-03 
 1.770286e+01  9.963955e-03 
 1.770326e+01  1.207302e-02 
 1.770366e+01  1.390822e-02 
 1.770406e+01  1.534949e-02 
 1.770445e+01  1.634582e-02 
 1.770485e+01  1.688541e-02 
 1.770525e+01  1.700166e-02 
 1.770565e+01  1.670762e-02 
 1.770605e+01  1.606559e-02 
 1.770644e+01  1.518655e-02 
 1.770684e+01  1.414405e-02 
 1.770724e+01  1.301155e-02 
 1.770764e+01  1.187313e-02 
 1.770803e+01  1.085058e-02 
 1.770843e+01  1.008365e-02 
 1.770883e+01  9.668462e-03 
 1.770923e+01  9.658335e-03 
 1.770962e+01  1.001368e-02 
 1.771002e+01  1.070580e-02 
 1.771042e+01  1.165730e-02 
 1.771082e+01  1.275255e-02 
 1.771122e+01  1.386947e-02 
 1.771161e+01  1.491712e-02 
 1.771201e+01  1.582589e-02 
 1.771241e+01  1.650137e-02 
 1.771281e+01  1.689617e-02 
 1.771320e+01  1.690902e-02 
 1.771360e+01  1.647022e-02 
 1.771400e+01  1.554779e-02 
 1.771440e+01  1.416180e-02 
 1.771479e+01  1.240517e-02 
 1.771519e+01  1.037043e-02 
 1.771559e+01  8.175219e-03 
 1.771599e+01  5.955119e-03 
 1.771639e+01  3.843530e-03 
 1.771678e+01  1.935055e-03 
 1.771718e+01  3.013332e-04 
 1.771758e+01 -9.481749e-04 
 1.771798e+01 -1.802440e-03 
 1.771837e+01 -2.212785e-03 
 1.771877e+01 -2.169481e-03 
 1.771917e+01 -1.692116e-03 
 1.771957e+01 -8.706073e-04 
 1.771997e+01  2.075051e-04 
 1.772036e+01  1.478895e-03 
 1.772076e+01  2.823900e-03 
 1.772116e+01  4.173633e-03 
 1.772156e+01  5.409182e-03 
 1.772195e+01  6.423885e-03 
 1.772235e+01  7.134396e-03 
 1.772275e+01  7.473356e-03 
 1.772315e+01  7.425352e-03 
 1.772354e+01  7.018635e-03 
 1.772394e+01  6.331395e-03 
 1.772434e+01  5.483386e-03 
 1.772474e+01  4.559753e-03 
 1.772514e+01  3.651375e-03 
 1.772553e+01  2.814591e-03 
 1.772593e+01  2.102366e-03 
 1.772633e+01  1.544651e-03 
 1.772673e+01  1.183874e-03 
 1.772712e+01  1.066846e-03 
 1.772752e+01  1.204645e-03 
 1.772792e+01  1.613584e-03 
 1.772832e+01  2.243149e-03 
 1.772871e+01  3.013233e-03 
 1.772911e+01  3.806984e-03 
 1.772951e+01  4.472588e-03 
 1.772991e+01  4.935086e-03 
 1.773031e+01  5.170016e-03 
 1.773070e+01  5.130218e-03 
 1.773110e+01  4.812166e-03 
 1.773150e+01  4.215356e-03 
 1.773190e+01  3.372856e-03 
 1.773229e+01  2.364873e-03 
 1.773269e+01  1.261355e-03 
 1.773309e+01  1.650302e-04 
 1.773349e+01 -8.069513e-04 
 1.773388e+01 -1.488090e-03 
 1.773428e+01 -1.774507e-03 
 1.773468e+01 -1.642991e-03 
 1.773508e+01 -1.112789e-03 
 1.773548e+01 -2.598471e-04 
 1.773587e+01  8.101196e-04 
 1.773627e+01  2.058737e-03 
 1.773667e+01  3.425692e-03 
 1.773707e+01  4.838441e-03 
 1.773746e+01  6.190520e-03 
 1.773786e+01  7.375417e-03 
 1.773826e+01  8.307196e-03 
 1.773866e+01  8.883251e-03 
 1.773905e+01  9.055868e-03 
 1.773945e+01  8.844907e-03 
 1.773985e+01  8.292118e-03 
 1.774025e+01  7.468836e-03 
 1.774065e+01  6.433280e-03 
 1.774104e+01  5.222775e-03 
 1.774144e+01  3.913576e-03 
 1.774184e+01  2.518943e-03 
 1.774224e+01  1.085574e-03 
 1.774263e+01 -2.432902e-04 
 1.774303e+01 -1.359812e-03 
 1.774343e+01 -2.190536e-03 
 1.774383e+01 -2.659330e-03 
 1.774422e+01 -2.805286e-03 
 1.774462e+01 -2.656432e-03 
 1.774502e+01 -2.316403e-03 
 1.774542e+01 -1.913175e-03 
 1.774582e+01 -1.478024e-03 
 1.774621e+01 -1.109556e-03 
 1.774661e+01 -8.053772e-04 
 1.774701e+01 -6.129564e-04 
 1.774741e+01 -5.701125e-04 
 1.774780e+01 -6.613741e-04 
 1.774820e+01 -9.397047e-04 
 1.774860e+01 -1.391834e-03 
 1.774900e+01 -1.971331e-03 
 1.774939e+01 -2.637960e-03 
 1.774979e+01 -3.342252e-03 
 1.775019e+01 -4.012285e-03 
 1.775059e+01 -4.581618e-03 
 1.775099e+01 -4.979321e-03 
 1.775138e+01 -5.128172e-03 
 1.775178e+01 -4.959160e-03 
 1.775218e+01 -4.399697e-03 
 1.775258e+01 -3.413591e-03 
 1.775297e+01 -2.071051e-03 
 1.775337e+01 -4.858758e-04 
 1.775377e+01  1.211357e-03 
 1.775417e+01  2.907641e-03 
 1.775456e+01  4.474147e-03 
 1.775496e+01  5.787434e-03 
 1.775536e+01  6.772929e-03 
 1.775576e+01  7.371760e-03 
 1.775616e+01  7.560833e-03 
 1.775655e+01  7.282487e-03 
 1.775695e+01  6.526227e-03 
 1.775735e+01  5.337268e-03 
 1.775775e+01  3.824163e-03 
 1.775814e+01  2.086257e-03 
 1.775854e+01  3.273324e-04 
 1.775894e+01 -1.308324e-03 
 1.775934e+01 -2.668881e-03 
 1.775973e+01 -3.696578e-03 
 1.776013e+01 -4.289977e-03 
 1.776053e+01 -4.413513e-03 
 1.776093e+01 -4.119755e-03 
 1.776133e+01 -3.407240e-03 
 1.776172e+01 -2.371423e-03 
 1.776212e+01 -1.089022e-03 
 1.776252e+01  3.061497e-04 
 1.776292e+01  1.682761e-03 
 1.776331e+01  2.941142e-03 
 1.776371e+01  3.982332e-03 
 1.776411e+01  4.729328e-03 
 1.776451e+01  5.136715e-03 
 1.776490e+01  5.191072e-03 
 1.776530e+01  4.911731e-03 
 1.776570e+01  4.317594e-03 
 1.776610e+01  3.505497e-03 
 1.776650e+01  2.526507e-03 
 1.776689e+01  1.516414e-03 
 1.776729e+01  5.495438e-04 
 1.776769e+01 -2.333497e-04 
 1.776809e+01 -7.537261e-04 
 1.776848e+01 -9.184355e-04 
 1.776888e+01 -6.668861e-04 
 1.776928e+01 -3.794008e-05 
 1.776968e+01  9.597900e-04 
 1.777007e+01  2.265876e-03 
 1.777047e+01  3.800444e-03 
 1.777087e+01  5.421089e-03 
 1.777127e+01  7.033827e-03 
 1.777167e+01  8.535675e-03 
 1.777206e+01  9.801644e-03 
 1.777246e+01  1.074451e-02 
 1.777286e+01  1.131795e-02 
 1.777326e+01  1.142142e-02 
 1.777365e+01  1.106776e-02 
 1.777405e+01  1.027021e-02 
 1.777445e+01  9.099740e-03 
 1.777485e+01  7.657652e-03 
 1.777524e+01  6.022848e-03 
 1.777564e+01  4.360300e-03 
 1.777604e+01  2.793458e-03 
 1.777644e+01  1.501610e-03 
 1.777684e+01  5.292117e-04 
 1.777723e+01 -1.059512e-04 
 1.777763e+01 -3.261344e-04 
 1.777803e+01 -1.031133e-04 
 1.777843e+01  5.954371e-04 
 1.777882e+01  1.749164e-03 
 1.777922e+01  3.356480e-03 
 1.777962e+01  5.346778e-03 
 1.778002e+01  7.607707e-03 
 1.778041e+01  9.977134e-03 
 1.778081e+01  1.228272e-02 
 1.778121e+01  1.436472e-02 
 1.778161e+01  1.605191e-02 
 1.778201e+01  1.727721e-02 
 1.778240e+01  1.804820e-02 
 1.778280e+01  1.836101e-02 
 1.778320e+01  1.817335e-02 
 1.778360e+01  1.752232e-02 
 1.778399e+01  1.647547e-02 
 1.778439e+01  1.511290e-02 
 1.778479e+01  1.357380e-02 
 1.778519e+01  1.205014e-02 
 1.778558e+01  1.069896e-02 
 1.778598e+01  9.661645e-03 
 1.778638e+01  9.045898e-03 
 1.778678e+01  8.895706e-03 
 1.778718e+01  9.222818e-03 
 1.778757e+01  9.995764e-03 
 1.778797e+01  1.115652e-02 
 1.778837e+01  1.266215e-02 
 1.778877e+01  1.439056e-02 
 1.778916e+01  1.622431e-02 
 1.778956e+01  1.796906e-02 
 1.778996e+01  1.944859e-02 
 1.779036e+01  2.056236e-02 
 1.779075e+01  2.116407e-02 
 1.779115e+01  2.122294e-02 
 1.779155e+01  2.070071e-02 
 1.779195e+01  1.963696e-02 
 1.779235e+01  1.814650e-02 
 1.779274e+01  1.629408e-02 
 1.779314e+01  1.420486e-02 
 1.779354e+01  1.203038e-02 
 1.779394e+01  9.939242e-03 
 1.779433e+01  8.085601e-03 
 1.779473e+01  6.634317e-03 
 1.779513e+01  5.722771e-03 
 1.779553e+01  5.386656e-03 
 1.779592e+01  5.642662e-03 
 1.779632e+01  6.468890e-03 
 1.779672e+01  7.807728e-03 
 1.779712e+01  9.523938e-03 
 1.779752e+01  1.149943e-02 
 1.779791e+01  1.357482e-02 
 1.779831e+01  1.560365e-02 
 1.779871e+01  1.744079e-02 
 1.779911e+01  1.889786e-02 
 1.779950e+01  1.985951e-02 
 1.779990e+01  2.028285e-02 
 1.780030e+01  2.016179e-02 
 1.780070e+01  1.950366e-02 
 1.780109e+01  1.834821e-02 
 1.780149e+01  1.681152e-02 
 1.780189e+01  1.498071e-02 
 1.780229e+01  1.296596e-02 
 1.780269e+01  1.090726e-02 
 1.780308e+01  8.940849e-03 
 1.780348e+01  7.166865e-03 
 1.780388e+01  5.702613e-03 
 1.780428e+01  4.625498e-03 
 1.780467e+01  3.975965e-03 
 1.780507e+01  3.718508e-03 
 1.780547e+01  3.770468e-03 
 1.780587e+01  4.079879e-03 
 1.780626e+01  4.612990e-03 
 1.780666e+01  5.273951e-03 
 1.780706e+01  6.017126e-03 
 1.780746e+01  6.793092e-03 
 1.780786e+01  7.532146e-03 
 1.780825e+01  8.152270e-03 
 1.780865e+01  8.585502e-03 
 1.780905e+01  8.786233e-03 
 1.780945e+01  8.701089e-03 
 1.780984e+01  8.365918e-03 
 1.781024e+01  7.809635e-03 
 1.781064e+01  7.083924e-03 
 1.781104e+01  6.246714e-03 
 1.781144e+01  5.377918e-03 
 1.781183e+01  4.539196e-03 
 1.781223e+01  3.816690e-03 
 1.781263e+01  3.313370e-03 
 1.781303e+01  3.069707e-03 
 1.781342e+01  3.109265e-03 
 1.781382e+01  3.469779e-03 
 1.781422e+01  4.101456e-03 
 1.781462e+01  4.935606e-03 
 1.781501e+01  5.872175e-03 
 1.781541e+01  6.780184e-03 
 1.781581e+01  7.594530e-03 
 1.781621e+01  8.222620e-03 
 1.781661e+01  8.642023e-03 
 1.781700e+01  8.830516e-03 
 1.781740e+01  8.780683e-03 
 1.781780e+01  8.484740e-03 
 1.781820e+01  7.924454e-03 
 1.781859e+01  7.118159e-03 
 1.781899e+01  6.106175e-03 
 1.781939e+01  4.931305e-03 
 1.781979e+01  3.695307e-03 
 1.782018e+01  2.534572e-03 
 1.782058e+01  1.541913e-03 
 1.782098e+01  7.845075e-04 
 1.782138e+01  3.142442e-04 
 1.782178e+01  1.486539e-04 
 1.782217e+01  2.563937e-04 
 1.782257e+01  5.714429e-04 
 1.782297e+01  9.648964e-04 
 1.782337e+01  1.354890e-03 
 1.782376e+01  1.705128e-03 
 1.782416e+01  1.956755e-03 
 1.782456e+01  2.056394e-03 
 1.782496e+01  2.011142e-03 
 1.782535e+01  1.794731e-03 
 1.782575e+01  1.388584e-03 
 1.782615e+01  8.004082e-04 
 1.782655e+01  7.650402e-05 
 1.782695e+01 -7.410307e-04 
 1.782734e+01 -1.576792e-03 
 1.782774e+01 -2.277099e-03 
 1.782814e+01 -2.752742e-03 
 1.782854e+01 -2.919654e-03 
 1.782893e+01 -2.756240e-03 
 1.782933e+01 -2.294095e-03 
 1.782973e+01 -1.550920e-03 
 1.783013e+01 -5.616489e-04 
 1.783052e+01  5.777601e-04 
 1.783092e+01  1.808207e-03 
 1.783132e+01  3.041678e-03 
 1.783172e+01  4.197164e-03 
 1.783212e+01  5.202189e-03 
 1.783251e+01  6.016858e-03 
 1.783291e+01  6.576287e-03 
 1.783331e+01  6.833358e-03 
 1.783371e+01  6.782123e-03 
 1.783410e+01  6.438080e-03 
 1.783450e+01  5.811098e-03 
 1.783490e+01  4.944131e-03 
 1.783530e+01  3.872712e-03 
 1.783569e+01  2.636758e-03 
 1.783609e+01  1.371460e-03 
 1.783649e+01  1.880899e-04 
 1.783689e+01 -8.286000e-04 
 1.783729e+01 -1.567545e-03 
 1.783768e+01 -1.950923e-03 
 1.783808e+01 -1.935041e-03 
 1.783848e+01 -1.506997e-03 
 1.783888e+01 -7.295980e-04 
 1.783927e+01  3.436849e-04 
 1.783967e+01  1.585716e-03 
 1.784007e+01  2.916948e-03 
 1.784047e+01  4.273848e-03 
 1.784086e+01  5.539224e-03 
 1.784126e+01  6.648929e-03 
 1.784166e+01  7.492383e-03 
 1.784206e+01  7.960270e-03 
 1.784246e+01  8.070736e-03 
 1.784285e+01  7.727328e-03 
 1.784325e+01  6.900539e-03 
 1.784365e+01  5.676653e-03 
 1.784405e+01  4.148095e-03 
 1.784444e+01  2.396421e-03 
 1.784484e+01  5.696223e-04 
 1.784524e+01 -1.246880e-03 
 1.784564e+01 -2.912144e-03 
 1.784603e+01 -4.329352e-03 
 1.784643e+01 -5.426987e-03 
 1.784683e+01 -6.129853e-03 
 1.784723e+01 -6.360693e-03 
 1.784763e+01 -6.082334e-03 
 1.784802e+01 -5.318572e-03 
 1.784842e+01 -4.116600e-03 
 1.784882e+01 -2.563961e-03 
 1.784922e+01 -7.902432e-04 
 1.784961e+01  1.045954e-03 
 1.785001e+01  2.821623e-03 
 1.785041e+01  4.368536e-03 
 1.785081e+01  5.515532e-03 
 1.785120e+01  6.195320e-03 
 1.785160e+01  6.342379e-03 
 1.785200e+01  5.979612e-03 
 1.785240e+01  5.193795e-03 
 1.785280e+01  4.055207e-03 
 1.785319e+01  2.672266e-03 
 1.785359e+01  1.139211e-03 
 1.785399e+01 -4.230481e-04 
 1.785439e+01 -1.924218e-03 
 1.785478e+01 -3.224235e-03 
 1.785518e+01 -4.192985e-03 
 1.785558e+01 -4.685570e-03 
 1.785598e+01 -4.593631e-03 
 1.785637e+01 -3.868771e-03 
 1.785677e+01 -2.580203e-03 
 1.785717e+01 -8.613264e-04 
 1.785757e+01  1.156236e-03 
 1.785797e+01  3.271713e-03 
 1.785836e+01  5.357296e-03 
 1.785876e+01  7.284038e-03 
 1.785916e+01  8.917375e-03 
 1.785956e+01  1.015690e-02 
 1.785995e+01  1.097102e-02 
 1.786035e+01  1.130936e-02 
 1.786075e+01  1.109268e-02 
 1.786115e+01  1.035769e-02 
 1.786154e+01  9.145255e-03 
 1.786194e+01  7.522997e-03 
 1.786234e+01  5.648577e-03 
 1.786274e+01  3.683194e-03 
 1.786314e+01  1.819785e-03 
 1.786353e+01  1.661377e-04 
 1.786393e+01 -1.109360e-03 
 1.786433e+01 -1.910617e-03 
 1.786473e+01 -2.155291e-03 
 1.786512e+01 -1.823012e-03 
 1.786552e+01 -9.869995e-04 
 1.786592e+01  2.976918e-04 
 1.786632e+01  1.860520e-03 
 1.786671e+01  3.519930e-03 
 1.786711e+01  5.092885e-03 
 1.786751e+01  6.487162e-03 
 1.786791e+01  7.630985e-03 
 1.786831e+01  8.449801e-03 
 1.786870e+01  8.943978e-03 
 1.786910e+01  9.134289e-03 
 1.786950e+01  9.014103e-03 
 1.786990e+01  8.604929e-03 
 1.787029e+01  7.947356e-03 
 1.787069e+01  7.073691e-03 
 1.787109e+01  6.093315e-03 
 1.787149e+01  5.110106e-03 
 1.787188e+01  4.241576e-03 
 1.787228e+01  3.619874e-03 
 1.787268e+01  3.347389e-03 
 1.787308e+01  3.457344e-03 
 1.787348e+01  3.954610e-03 
 1.787387e+01  4.860038e-03 
 1.787427e+01  6.079534e-03 
 1.787467e+01  7.515296e-03 
 1.787507e+01  9.081842e-03 
 1.787546e+01  1.066925e-02 
 1.787586e+01  1.217283e-02 
 1.787626e+01  1.353083e-02 
 1.787666e+01  1.465908e-02 
 1.787705e+01  1.547057e-02 
 1.787745e+01  1.590868e-02 
 1.787785e+01  1.595299e-02 
 1.787825e+01  1.557153e-02 
 1.787865e+01  1.477205e-02 
 1.787904e+01  1.361483e-02 
 1.787944e+01  1.215263e-02 
 1.787984e+01  1.052778e-02 
 1.788024e+01  8.888477e-03 
 1.788063e+01  7.356905e-03 
 1.788103e+01  6.047236e-03 
 1.788143e+01  5.022903e-03 
 1.788183e+01  4.345537e-03 
 1.788222e+01  4.073060e-03 
 1.788262e+01  4.200483e-03 
 1.788302e+01  4.703674e-03 
 1.788342e+01  5.566309e-03 
 1.788382e+01  6.734342e-03 
 1.788421e+01  8.096978e-03 
 1.788461e+01  9.499830e-03 
 1.788501e+01  1.084146e-02 
 1.788541e+01  1.195353e-02 
 1.788580e+01  1.274374e-02 
 1.788620e+01  1.315949e-02 
 1.788660e+01  1.323537e-02 
 1.788700e+01  1.296129e-02 
 1.788739e+01  1.239615e-02 
 1.788779e+01  1.164494e-02 
 1.788819e+01  1.077646e-02 
 1.788859e+01  9.891660e-03 
 1.788899e+01  9.021677e-03 
 1.788938e+01  8.271156e-03 
 1.788978e+01  7.716916e-03 
 1.789018e+01  7.434197e-03 
 1.789058e+01  7.449398e-03 
 1.789097e+01  7.769750e-03 
 1.789137e+01  8.408621e-03 
 1.789177e+01  9.315176e-03 
 1.789217e+01  1.041209e-02 
 1.789256e+01  1.163936e-02 
 1.789296e+01  1.287727e-02 
 1.789336e+01  1.398918e-02 
 1.789376e+01  1.488239e-02 
 1.789416e+01  1.546942e-02 
 1.789455e+01  1.569648e-02 
 1.789495e+01  1.552943e-02 
 1.789535e+01  1.495984e-02 
 1.789575e+01  1.403848e-02 
 1.789614e+01  1.280864e-02 
 1.789654e+01  1.136490e-02 
 1.789694e+01  9.750630e-03 
 1.789734e+01  8.082605e-03 
 1.789773e+01  6.454474e-03 
 1.789813e+01  4.938600e-03 
 1.789853e+01  3.653472e-03 
 1.789893e+01  2.642846e-03 
 1.789933e+01  1.944866e-03 
 1.789972e+01  1.624302e-03 
 1.790012e+01  1.684866e-03 
 1.790052e+01  2.127181e-03 
 1.790092e+01  2.895187e-03 
 1.790131e+01  3.955107e-03 
 1.790171e+01  5.231243e-03 
 1.790211e+01  6.592035e-03 
 1.790251e+01  7.957850e-03 
 1.790291e+01  9.194904e-03 
 1.790330e+01  1.022489e-02 
 1.790370e+01  1.098722e-02 
 1.790410e+01  1.149130e-02 
 1.790450e+01  1.170675e-02 
 1.790489e+01  1.162723e-02 
 1.790529e+01  1.125002e-02 
 1.790569e+01  1.061004e-02 
 1.790609e+01  9.729500e-03 
 1.790648e+01  8.659481e-03 
 1.790688e+01  7.514763e-03 
 1.790728e+01  6.424723e-03 
 1.790768e+01  5.492089e-03 
 1.790808e+01  4.816057e-03 
 1.790847e+01  4.475426e-03 
 1.790887e+01  4.473800e-03 
 1.790927e+01  4.749055e-03 
 1.790967e+01  5.212998e-03 
 1.791006e+01  5.814177e-03 
 1.791046e+01  6.478931e-03 
 1.791086e+01  7.137716e-03 
 1.791126e+01  7.725554e-03 
 1.791165e+01  8.195232e-03 
 1.791205e+01  8.483835e-03 
 1.791245e+01  8.523772e-03 
 1.791285e+01  8.275150e-03 
 1.791325e+01  7.742182e-03 
 1.791364e+01  6.982389e-03 
 1.791404e+01  6.054747e-03 
 1.791444e+01  5.057997e-03 
 1.791484e+01  4.111192e-03 
 1.791523e+01  3.272876e-03 
 1.791563e+01  2.604910e-03 
 1.791603e+01  2.170005e-03 
 1.791643e+01  2.022552e-03 
 1.791682e+01  2.157188e-03 
 1.791722e+01  2.595633e-03 
 1.791762e+01  3.344241e-03 
 1.791802e+01  4.352446e-03 
 1.791842e+01  5.547596e-03 
 1.791881e+01  6.829311e-03 
 1.791921e+01  8.113662e-03 
 1.791961e+01  9.289250e-03 
 1.792001e+01  1.026440e-02 
 1.792040e+01  1.098947e-02 
 1.792080e+01  1.139780e-02 
 1.792120e+01  1.149958e-02 
 1.792160e+01  1.128502e-02 
 1.792199e+01  1.084940e-02 
 1.792239e+01  1.021115e-02 
 1.792279e+01  9.425574e-03 
 1.792319e+01  8.580865e-03 
 1.792359e+01  7.784607e-03 
 1.792398e+01  7.103304e-03 
 1.792438e+01  6.582340e-03 
 1.792478e+01  6.260272e-03 
 1.792518e+01  6.126632e-03 
 1.792557e+01  6.163633e-03 
 1.792597e+01  6.340745e-03 
 1.792637e+01  6.629152e-03 
 1.792677e+01  6.915248e-03 
 1.792716e+01  7.121724e-03 
 1.792756e+01  7.218895e-03 
 1.792796e+01  7.130174e-03 
 1.792836e+01  6.818245e-03 
 1.792876e+01  6.274166e-03 
 1.792915e+01  5.502476e-03 
 1.792955e+01  4.559745e-03 
 1.792995e+01  3.488179e-03 
 1.793035e+01  2.366995e-03 
 1.793074e+01  1.266467e-03 
 1.793114e+01  2.697915e-04 
 1.793154e+01 -5.548448e-04 
 1.793194e+01 -1.139998e-03 
 1.793233e+01 -1.368321e-03 
 1.793273e+01 -1.222877e-03 
 1.793313e+01 -6.973644e-04 
 1.793353e+01  1.738154e-04 
 1.793393e+01  1.372721e-03 
 1.793432e+01  2.762042e-03 
 1.793472e+01  4.260332e-03 
 1.793512e+01  5.765022e-03 
 1.793552e+01  7.172651e-03 
 1.793591e+01  8.400015e-03 
 1.793631e+01  9.367337e-03 
 1.793671e+01  9.953831e-03 
 1.793711e+01  1.013500e-02 
 1.793750e+01  9.876512e-03 
 1.793790e+01  9.229801e-03 
 1.793830e+01  8.260332e-03 
 1.793870e+01  7.066202e-03 
 1.793910e+01  5.720642e-03 
 1.793949e+01  4.338514e-03 
 1.793989e+01  3.009242e-03 
 1.794029e+01  1.789527e-03 
 1.794069e+01  7.110989e-04 
 1.794108e+01 -1.591654e-04 
 1.794148e+01 -7.662811e-04 
 1.794188e+01 -1.090201e-03 
 1.794228e+01 -1.120858e-03 
 1.794267e+01 -8.398788e-04 
 1.794307e+01 -3.266346e-04 
 1.794347e+01  3.670250e-04 
 1.794387e+01  1.185580e-03 
 1.794427e+01  2.013635e-03 
 1.794466e+01  2.773135e-03 
 1.794506e+01  3.354684e-03 
 1.794546e+01  3.727590e-03 
 1.794586e+01  3.874462e-03 
 1.794625e+01  3.754449e-03 
 1.794665e+01  3.371672e-03 
 1.794705e+01  2.718421e-03 
 1.794745e+01  1.785821e-03 
 1.794784e+01  6.093240e-04 
 1.794824e+01 -7.314871e-04 
 1.794864e+01 -2.146485e-03 
 1.794904e+01 -3.562195e-03 
 1.794944e+01 -4.837936e-03 
 1.794983e+01 -5.787071e-03 
 1.795023e+01 -6.339822e-03 
 1.795063e+01 -6.448153e-03 
 1.795103e+01 -6.058117e-03 
 1.795142e+01 -5.207357e-03 
 1.795182e+01 -3.970983e-03 
 1.795222e+01 -2.444574e-03 
 1.795262e+01 -6.987515e-04 
 1.795301e+01  1.116729e-03 
 1.795341e+01  2.885030e-03 
 1.795381e+01  4.479452e-03 
 1.795421e+01  5.786269e-03 
 1.795461e+01  6.696682e-03 
 1.795500e+01  7.090751e-03 
 1.795540e+01  6.929921e-03 
 1.795580e+01  6.233580e-03 
 1.795620e+01  5.044040e-03 
 1.795659e+01  3.463481e-03 
 1.795699e+01  1.624209e-03 
 1.795739e+01 -3.047455e-04 
 1.795779e+01 -2.197678e-03 
 1.795818e+01 -3.904123e-03 
 1.795858e+01 -5.294517e-03 
 1.795898e+01 -6.268191e-03 
 1.795938e+01 -6.731089e-03 
 1.795978e+01 -6.649171e-03 
 1.796017e+01 -6.019198e-03 
 1.796057e+01 -4.915935e-03 
 1.796097e+01 -3.419026e-03 
 1.796137e+01 -1.652116e-03 
 1.796176e+01  2.490901e-04 
 1.796216e+01  2.198569e-03 
 1.796256e+01  4.028902e-03 
 1.796296e+01  5.660905e-03 
 1.796335e+01  7.006444e-03 
 1.796375e+01  7.976709e-03 
 1.796415e+01  8.498254e-03 
 1.796455e+01  8.545201e-03 
 1.796495e+01  8.165157e-03 
 1.796534e+01  7.395985e-03 
 1.796574e+01  6.323063e-03 
 1.796614e+01  5.116663e-03 
 1.796654e+01  3.880236e-03 
 1.796693e+01  2.719974e-03 
 1.796733e+01  1.745538e-03 
 1.796773e+01  1.037712e-03 
 1.796813e+01  6.404832e-04 
 1.796852e+01  5.960372e-04 
 1.796892e+01  9.057653e-04 
 1.796932e+01  1.560960e-03 
 1.796972e+01  2.518751e-03 
 1.797012e+01  3.691830e-03 
 1.797051e+01  4.978437e-03 
 1.797091e+01  6.289213e-03 
 1.797131e+01  7.507692e-03 
 1.797171e+01  8.544901e-03 
 1.797210e+01  9.315238e-03 
 1.797250e+01  9.749801e-03 
 1.797290e+01  9.751394e-03 
 1.797330e+01  9.335313e-03 
 1.797369e+01  8.530087e-03 
 1.797409e+01  7.336709e-03 
 1.797449e+01  5.869674e-03 
 1.797489e+01  4.247473e-03 
 1.797529e+01  2.573481e-03 
 1.797568e+01  9.734850e-04 
 1.797608e+01 -4.086699e-04 
 1.797648e+01 -1.416705e-03 
 1.797688e+01 -1.952761e-03 
 1.797727e+01 -1.878018e-03 
 1.797767e+01 -1.119152e-03 
 1.797807e+01  2.963938e-04 
 1.797847e+01  2.268118e-03 
 1.797886e+01  4.658696e-03 
 1.797926e+01  7.266900e-03 
 1.797966e+01  9.915126e-03 
 1.798006e+01  1.243302e-02 
 1.798046e+01  1.463552e-02 
 1.798085e+01  1.643456e-02 
 1.798125e+01  1.773623e-02 
 1.798165e+01  1.848361e-02 
 1.798205e+01  1.866350e-02 
 1.798244e+01  1.825472e-02 
 1.798284e+01  1.729543e-02 
 1.798324e+01  1.586017e-02 
 1.798364e+01  1.410969e-02 
 1.798403e+01  1.219623e-02 
 1.798443e+01  1.030441e-02 
 1.798483e+01  8.626412e-03 
 1.798523e+01  7.302336e-03 
 1.798563e+01  6.412133e-03 
 1.798602e+01  6.007855e-03 
 1.798642e+01  6.076255e-03 
 1.798682e+01  6.574949e-03 
 1.798722e+01  7.448444e-03 
 1.798761e+01  8.541335e-03 
 1.798801e+01  9.708160e-03 
 1.798841e+01  1.082825e-02 
 1.798881e+01  1.175967e-02 
 1.798920e+01  1.239749e-02 
 1.798960e+01  1.270098e-02 
 1.799000e+01  1.265611e-02 
 1.799040e+01  1.223548e-02 
 1.799080e+01  1.147949e-02 
 1.799119e+01  1.046498e-02 
 1.799159e+01  9.227804e-03 
 1.799199e+01  7.861218e-03 
 1.799239e+01  6.460798e-03 
 1.799278e+01  5.132156e-03 
 1.799318e+01  4.026330e-03 
 1.799358e+01  3.254480e-03 
 1.799398e+01  2.903971e-03 
 1.799437e+01  3.008740e-03 
 1.799477e+01  3.541843e-03 
 1.799517e+01  4.472723e-03 
 1.799557e+01  5.756258e-03 
 1.799597e+01  7.301082e-03 
 1.799636e+01  8.967458e-03 
 1.799676e+01  1.065303e-02 
 1.799716e+01  1.228682e-02 
 1.799756e+01  1.381341e-02 
 1.799795e+01  1.514832e-02 
 1.799835e+01  1.624647e-02 
 1.799875e+01  1.705047e-02 
 1.799915e+01  1.749092e-02 
 1.799955e+01  1.760763e-02 
 1.799994e+01  1.738182e-02 
 1.800034e+01  1.679637e-02 
 1.800074e+01  1.590282e-02 
 1.800114e+01  1.474803e-02 
 1.800153e+01  1.343118e-02 
 1.800193e+01  1.203473e-02 
 1.800233e+01  1.064331e-02 
 1.800273e+01  9.312914e-03 
 1.800312e+01  8.083662e-03 
 1.800352e+01  7.045160e-03 
 1.800392e+01  6.209816e-03 
 1.800432e+01  5.617710e-03 
 1.800472e+01  5.313662e-03 
 1.800511e+01  5.313164e-03 
 1.800551e+01  5.613100e-03 
 1.800591e+01  6.192185e-03 
 1.800631e+01  6.970129e-03 
 1.800670e+01  7.842916e-03 
 1.800710e+01  8.741939e-03 
 1.800750e+01  9.585356e-03 
 1.800790e+01  1.032802e-02 
 1.800829e+01  1.092072e-02 
 1.800869e+01  1.136384e-02 
 1.800909e+01  1.164917e-02 
 1.800949e+01  1.177556e-02 
 1.800989e+01  1.175003e-02 
 1.801028e+01  1.156647e-02 
 1.801068e+01  1.125958e-02 
 1.801108e+01  1.088461e-02 
 1.801148e+01  1.050041e-02 
 1.801187e+01  1.018890e-02 
 1.801227e+01  1.001378e-02 
 1.801267e+01  9.952525e-03 
 1.801307e+01  1.005290e-02 
 1.801346e+01  1.036052e-02 
 1.801386e+01  1.081124e-02 
 1.801426e+01  1.136790e-02 
 1.801466e+01  1.196044e-02 
 1.801506e+01  1.252587e-02 
 1.801545e+01  1.300648e-02 
 1.801585e+01  1.331906e-02 
 1.801625e+01  1.341510e-02 
 1.801665e+01  1.323047e-02 
 1.801704e+01  1.275727e-02 
 1.801744e+01  1.208156e-02 
 1.801784e+01  1.124368e-02 
 1.801824e+01  1.028400e-02 
 1.801863e+01  9.232474e-03 
 1.801903e+01  8.133531e-03 
 1.801943e+01  7.060801e-03 
 1.801983e+01  6.072919e-03 
 1.802023e+01  5.228302e-03 
 1.802062e+01  4.554178e-03 
 1.802102e+01  4.110930e-03 
 1.802142e+01  3.866130e-03 
 1.802182e+01  3.803488e-03 
 1.802221e+01  3.855785e-03 
 1.802261e+01  3.958441e-03 
 1.802301e+01  4.075778e-03 
 1.802341e+01  4.198064e-03 
 1.802380e+01  4.293899e-03 
 1.802420e+01  4.334755e-03 
 1.802460e+01  4.320214e-03 
 1.802500e+01  4.266144e-03 
 1.802540e+01  4.183379e-03 
 1.802579e+01  4.113148e-03 
 1.802619e+01  4.059144e-03 
 1.802659e+01  4.050645e-03 
 1.802699e+01  4.082648e-03 
 1.802738e+01  4.215583e-03 
 1.802778e+01  4.407552e-03 
 1.802818e+01  4.631328e-03 
 1.802858e+01  4.897904e-03 
 1.802897e+01  5.165457e-03 
 1.802937e+01  5.458855e-03 
 1.802977e+01  5.787487e-03 
 1.803017e+01  6.107201e-03 
 1.803057e+01  6.326642e-03 
 1.803096e+01  6.359651e-03 
 1.803136e+01  6.148166e-03 
 1.803176e+01  5.616658e-03 
 1.803216e+01  4.768116e-03 
 1.803255e+01  3.673561e-03 
 1.803295e+01  2.376792e-03 
 1.803335e+01  9.933120e-04 
 1.803375e+01 -3.967568e-04 
 1.803414e+01 -1.718118e-03 
 1.803454e+01 -2.951261e-03 
 1.803494e+01 -4.054224e-03 
 1.803534e+01 -4.931064e-03 
 1.803574e+01 -5.542159e-03 
 1.803613e+01 -5.838920e-03 
 1.803653e+01 -5.844666e-03 
 1.803693e+01 -5.519675e-03 
 1.803733e+01 -4.896140e-03 
 1.803772e+01 -4.004440e-03 
 1.803812e+01 -2.899634e-03 
 1.803852e+01 -1.648930e-03 
 1.803892e+01 -3.314554e-04 
 1.803931e+01  9.550470e-04 
 1.803971e+01  2.139539e-03 
 1.804011e+01  3.126076e-03 
 1.804051e+01  3.784741e-03 
 1.804091e+01  4.096577e-03 
 1.804130e+01  4.063489e-03 
 1.804170e+01  3.655499e-03 
 1.804210e+01  2.945575e-03 
 1.804250e+01  1.962373e-03 
 1.804289e+01  7.975091e-04 
 1.804329e+01 -4.696129e-04 
 1.804369e+01 -1.754101e-03 
 1.804409e+01 -2.983240e-03 
 1.804448e+01 -4.045880e-03 
 1.804488e+01 -4.846645e-03 
 1.804528e+01 -5.264796e-03 
 1.804568e+01 -5.267632e-03 
 1.804608e+01 -4.822279e-03 
 1.804647e+01 -4.006329e-03 
 1.804687e+01 -2.876350e-03 
 1.804727e+01 -1.543988e-03 
 1.804767e+01 -1.041562e-04 
 1.804806e+01  1.277729e-03 
 1.804846e+01  2.451590e-03 
 1.804886e+01  3.319099e-03 
 1.804926e+01  3.774699e-03 
 1.804965e+01  3.780964e-03 
 1.805005e+01  3.302208e-03 
 1.805045e+01  2.330996e-03 
 1.805085e+01  9.583662e-04 
 1.805125e+01 -7.259867e-04 
 1.805164e+01 -2.604994e-03 
 1.805204e+01 -4.525792e-03 
 1.805244e+01 -6.358870e-03 
 1.805284e+01 -8.005881e-03 
 1.805323e+01 -9.306026e-03 
 1.805363e+01 -1.012440e-02 
 1.805403e+01 -1.039889e-02 
 1.805443e+01 -1.005370e-02 
 1.805482e+01 -9.074764e-03 
 1.805522e+01 -7.549797e-03 
 1.805562e+01 -5.581626e-03 
 1.805602e+01 -3.283038e-03 
 1.805642e+01 -8.017474e-04 
 1.805681e+01  1.700197e-03 
 1.805721e+01  4.135113e-03 
 1.805761e+01  6.346905e-03 
 1.805801e+01  8.205089e-03 
 1.805840e+01  9.554882e-03 
 1.805880e+01  1.034712e-02 
 1.805920e+01  1.055633e-02 
 1.805960e+01  1.019457e-02 
 1.805999e+01  9.314574e-03 
 1.806039e+01  8.007569e-03 
 1.806079e+01  6.423251e-03 
 1.806119e+01  4.722162e-03 
 1.806159e+01  3.057572e-03 
 1.806198e+01  1.567672e-03 
 1.806238e+01  3.567895e-04 
 1.806278e+01 -4.904888e-04 
 1.806318e+01 -8.551760e-04 
 1.806357e+01 -7.062294e-04 
 1.806397e+01 -9.335905e-05 
 1.806437e+01  9.442264e-04 
 1.806477e+01  2.324994e-03 
 1.806516e+01  3.941137e-03 
 1.806556e+01  5.701644e-03 
 1.806596e+01  7.447392e-03 
 1.806636e+01  9.057513e-03 
 1.806676e+01  1.041209e-02 
 1.806715e+01  1.144398e-02 
 1.806755e+01  1.205367e-02 
 1.806795e+01  1.220269e-02 
 1.806835e+01  1.185165e-02 
 1.806874e+01  1.104259e-02 
 1.806914e+01  9.889256e-03 
 1.806954e+01  8.518759e-03 
 1.806994e+01  7.085896e-03 
 1.807033e+01  5.651961e-03 
 1.807073e+01  4.325685e-03 
 1.807113e+01  3.256345e-03 
 1.807153e+01  2.512978e-03 
 1.807193e+01  2.175260e-03 
 1.807232e+01  2.316158e-03 
 1.807272e+01  2.959634e-03 
 1.807312e+01  4.121507e-03 
 1.807352e+01  5.745607e-03 
 1.807391e+01  7.738416e-03 
 1.807431e+01  9.936906e-03 
 1.807471e+01  1.218210e-02 
 1.807511e+01  1.431551e-02 
 1.807550e+01  1.620544e-02 
 1.807590e+01  1.771117e-02 
 1.807630e+01  1.865032e-02 
 1.807670e+01  1.896306e-02 
 1.807710e+01  1.860453e-02 
 1.807749e+01  1.759054e-02 
 1.807789e+01  1.603528e-02 
 1.807829e+01  1.407678e-02 
 1.807869e+01  1.187629e-02 
 1.807908e+01  9.572791e-03 
 1.807948e+01  7.316864e-03 
 1.807988e+01  5.231038e-03 
 1.808028e+01  3.361771e-03 
 1.808067e+01  1.843439e-03 
 1.808107e+01  8.051429e-04 
 1.808147e+01  3.219019e-04 
 1.808187e+01  4.505120e-04 
 1.808227e+01  1.174663e-03 
 1.808266e+01  2.440948e-03 
 1.808306e+01  4.156781e-03 
 1.808346e+01  6.165467e-03 
 1.808386e+01  8.323822e-03 
 1.808425e+01  1.044044e-02 
 1.808465e+01  1.239108e-02 
 1.808505e+01  1.408320e-02 
 1.808545e+01  1.541191e-02 
 1.808584e+01  1.633013e-02 
 1.808624e+01  1.673530e-02 
 1.808664e+01  1.660878e-02 
 1.808704e+01  1.603001e-02 
 1.808744e+01  1.505660e-02 
 1.808783e+01  1.383825e-02 
 1.808823e+01  1.249677e-02 
 1.808863e+01  1.115904e-02 
 1.808903e+01  9.974726e-03 
 1.808942e+01  9.044990e-03 
 1.808982e+01  8.442204e-03 
 1.809022e+01  8.202900e-03 
 1.809062e+01  8.334490e-03 
 1.809102e+01  8.843787e-03 
 1.809141e+01  9.671608e-03 
 1.809181e+01  1.074331e-02 
 1.809221e+01  1.195334e-02 
 1.809261e+01  1.314008e-02 
 1.809300e+01  1.422597e-02 
 1.809340e+01  1.515830e-02 
 1.809380e+01  1.583974e-02 
 1.809420e+01  1.620286e-02 
 1.809459e+01  1.622157e-02 
 1.809499e+01  1.581890e-02 
 1.809539e+01  1.498745e-02 
 1.809579e+01  1.373051e-02 
 1.809619e+01  1.207741e-02 
 1.809658e+01  1.015637e-02 
 1.809698e+01  8.094478e-03 
 1.809738e+01  6.058365e-03 
 1.809778e+01  4.221676e-03 
 1.809817e+01  2.660198e-03 
 1.809857e+01  1.516034e-03 
 1.809897e+01  8.408465e-04 
 1.809937e+01  6.559869e-04 
 1.809976e+01  9.409509e-04 
 1.810016e+01  1.641951e-03 
 1.810056e+01  2.721665e-03 
 1.810096e+01  4.055453e-03 
 1.810136e+01  5.608061e-03 
 1.810175e+01  7.276689e-03 
 1.810215e+01  8.962421e-03 
 1.810255e+01  1.054627e-02 
 1.810295e+01  1.193656e-02 
 1.810334e+01  1.308330e-02 
 1.810374e+01  1.390384e-02 
 1.810414e+01  1.434795e-02 
 1.810454e+01  1.443029e-02 
 1.810493e+01  1.418076e-02 
 1.810533e+01  1.364741e-02 
 1.810573e+01  1.291213e-02 
 1.810613e+01  1.204700e-02 
 1.810653e+01  1.112085e-02 
 1.810692e+01  1.025071e-02 
 1.810732e+01  9.472168e-03 
 1.810772e+01  8.819401e-03 
 1.810812e+01  8.277787e-03 
 1.810851e+01  7.838859e-03 
 1.810891e+01  7.532486e-03 
 1.810931e+01  7.345818e-03 
 1.810971e+01  7.274126e-03 
 1.811010e+01  7.276088e-03 
 1.811050e+01  7.324049e-03 
 1.811090e+01  7.413935e-03 
 1.811130e+01  7.487804e-03 
 1.811170e+01  7.515856e-03 
 1.811209e+01  7.471009e-03 
 1.811249e+01  7.352873e-03 
 1.811289e+01  7.220533e-03 
 1.811329e+01  7.114591e-03 
 1.811368e+01  7.043833e-03 
 1.811408e+01  7.012478e-03 
 1.811448e+01  7.031959e-03 
 1.811488e+01  7.093901e-03 
 1.811527e+01  7.209558e-03 
 1.811567e+01  7.343279e-03 
 1.811607e+01  7.445914e-03 
 1.811647e+01  7.493402e-03 
 1.811687e+01  7.498124e-03 
 1.811726e+01  7.444142e-03 
 1.811766e+01  7.320381e-03 
 1.811806e+01  7.137752e-03 
 1.811846e+01  6.903261e-03 
 1.811885e+01  6.642259e-03 
 1.811925e+01  6.390867e-03 
 1.811965e+01  6.140035e-03 
 1.812005e+01  5.924774e-03 
 1.812044e+01  5.740513e-03 
 1.812084e+01  5.622703e-03 
 1.812124e+01  5.621452e-03 
 1.812164e+01  5.698686e-03 
 1.812204e+01  5.845509e-03 
 1.812243e+01  6.058226e-03 
 1.812283e+01  6.266017e-03 
 1.812323e+01  6.428769e-03 
 1.812363e+01  6.542220e-03 
 1.812402e+01  6.549401e-03 
 1.812442e+01  6.425131e-03 
 1.812482e+01  6.156821e-03 
 1.812522e+01  5.738245e-03 
 1.812561e+01  5.185573e-03 
 1.812601e+01  4.477671e-03 
 1.812641e+01  3.611699e-03 
 1.812681e+01  2.643976e-03 
 1.812721e+01  1.578513e-03 
 1.812760e+01  4.727446e-04 
 1.812800e+01 -6.615221e-04 
 1.812840e+01 -1.785748e-03 
 1.812880e+01 -2.845648e-03 
 1.812919e+01 -3.783272e-03 
 1.812959e+01 -4.519201e-03 
 1.812999e+01 -5.018869e-03 
 1.813039e+01 -5.241499e-03 
 1.813078e+01 -5.162712e-03 
 1.813118e+01 -4.770733e-03 
 1.813158e+01 -4.095994e-03 
 1.813198e+01 -3.183758e-03 
 1.813238e+01 -2.115024e-03 
 1.813277e+01 -9.313441e-04 
 1.813317e+01  3.188006e-04 
 1.813357e+01  1.588256e-03 
 1.813397e+01  2.795103e-03 
 1.813436e+01  3.869311e-03 
 1.813476e+01  4.732023e-03 
 1.813516e+01  5.292348e-03 
 1.813556e+01  5.478992e-03 
 1.813595e+01  5.249974e-03 
 1.813635e+01  4.623272e-03 
 1.813675e+01  3.661470e-03 
 1.813715e+01  2.449123e-03 
 1.813755e+01  1.068056e-03 
 1.813794e+01 -4.123081e-04 
 1.813834e+01 -1.922792e-03 
 1.813874e+01 -3.367206e-03 
 1.813914e+01 -4.633553e-03 
 1.813953e+01 -5.624171e-03 
 1.813993e+01 -6.258821e-03 
 1.814033e+01 -6.449089e-03 
 1.814073e+01 -6.190799e-03 
 1.814112e+01 -5.490792e-03 
 1.814152e+01 -4.386703e-03 
 1.814192e+01 -2.972629e-03 
 1.814232e+01 -1.305533e-03 
 1.814272e+01  4.855569e-04 
 1.814311e+01  2.277322e-03 
 1.814351e+01  3.959337e-03 
 1.814391e+01  5.330545e-03 
 1.814431e+01  6.311321e-03 
 1.814470e+01  6.843526e-03 
 1.814510e+01  6.857675e-03 
 1.814550e+01  6.420981e-03 
 1.814590e+01  5.594463e-03 
 1.814629e+01  4.473433e-03 
 1.814669e+01  3.163451e-03 
 1.814709e+01  1.764340e-03 
 1.814749e+01  3.905660e-04 
 1.814789e+01 -8.625767e-04 
 1.814828e+01 -1.886470e-03 
 1.814868e+01 -2.581698e-03 
 1.814908e+01 -2.834125e-03 
 1.814948e+01 -2.593713e-03 
 1.814987e+01 -1.877194e-03 
 1.815027e+01 -7.096926e-04 
 1.815067e+01  7.832065e-04 
 1.815107e+01  2.517946e-03 
 1.815146e+01  4.348425e-03 
 1.815186e+01  6.130801e-03 
 1.815226e+01  7.721439e-03 
 1.815266e+01  9.021547e-03 
 1.815306e+01  9.928863e-03 
 1.815345e+01  1.032298e-02 
 1.815385e+01  1.016306e-02 
 1.815425e+01  9.387918e-03 
 1.815465e+01  8.036477e-03 
 1.815504e+01  6.193379e-03 
 1.815544e+01  3.978739e-03 
 1.815584e+01  1.540922e-03 
 1.815624e+01 -9.997792e-04 
 1.815663e+01 -3.447807e-03 
 1.815703e+01 -5.642683e-03 
 1.815743e+01 -7.429107e-03 
 1.815783e+01 -8.675901e-03 
 1.815823e+01 -9.256627e-03 
 1.815862e+01 -9.097484e-03 
 1.815902e+01 -8.157565e-03 
 1.815942e+01 -6.523624e-03 
 1.815982e+01 -4.310083e-03 
 1.816021e+01 -1.673166e-03 
 1.816061e+01  1.228247e-03 
 1.816101e+01  4.226329e-03 
 1.816141e+01  7.191295e-03 
 1.816180e+01  9.925372e-03 
 1.816220e+01  1.231951e-02 
 1.816260e+01  1.426658e-02 
 1.816300e+01  1.563174e-02 
 1.816340e+01  1.633677e-02 
 1.816379e+01  1.638680e-02 
 1.816419e+01  1.581067e-02 
 1.816459e+01  1.469811e-02 
 1.816499e+01  1.318675e-02 
 1.816538e+01  1.141528e-02 
 1.816578e+01  9.554273e-03 
 1.816618e+01  7.754441e-03 
 1.816658e+01  6.210112e-03 
 1.816697e+01  5.033748e-03 
 1.816737e+01  4.320947e-03 
 1.816777e+01  4.138098e-03 
 1.816817e+01  4.515856e-03 
 1.816857e+01  5.387657e-03 
 1.816896e+01  6.667609e-03 
 1.816936e+01  8.229176e-03 
 1.816976e+01  9.875243e-03 
 1.817016e+01  1.148421e-02 
 1.817055e+01  1.285735e-02 
 1.817095e+01  1.388276e-02 
 1.817135e+01  1.446530e-02 
 1.817175e+01  1.450876e-02 
 1.817214e+01  1.395887e-02 
 1.817254e+01  1.285979e-02 
 1.817294e+01  1.123314e-02 
 1.817334e+01  9.203860e-03 
 1.817374e+01  6.936296e-03 
 1.817413e+01  4.561760e-03 
 1.817453e+01  2.282901e-03 
 1.817493e+01  2.362532e-04 
 1.817533e+01 -1.431852e-03 
 1.817572e+01 -2.627791e-03 
 1.817612e+01 -3.260785e-03 
 1.817652e+01 -3.270900e-03 
 1.817692e+01 -2.670430e-03 
 1.817731e+01 -1.470124e-03 
 1.817771e+01  2.271196e-04 
 1.817811e+01  2.318056e-03 
 1.817851e+01  4.626124e-03 
 1.817891e+01  7.028856e-03 
 1.817930e+01  9.347044e-03 
 1.817970e+01  1.142348e-02 
 1.818010e+01  1.313223e-02 
 1.818050e+01  1.436808e-02 
 1.818089e+01  1.508806e-02 
 1.818129e+01  1.525638e-02 
 1.818169e+01  1.490297e-02 
 1.818209e+01  1.404962e-02 
 1.818249e+01  1.281147e-02 
 1.818288e+01  1.128063e-02 
 1.818328e+01  9.577073e-03 
 1.818368e+01  7.776873e-03 
 1.818408e+01  5.976029e-03 
 1.818447e+01  4.311418e-03 
 1.818487e+01  2.854382e-03 
 1.818527e+01  1.700882e-03 
 1.818567e+01  9.025137e-04 
 1.818606e+01  5.152941e-04 
 1.818646e+01  5.173801e-04 
 1.818686e+01  8.370100e-04 
 1.818726e+01  1.465134e-03 
 1.818766e+01  2.317908e-03 
 1.818805e+01  3.359530e-03 
 1.818845e+01  4.491514e-03 
 1.818885e+01  5.671053e-03 
 1.818925e+01  6.811632e-03 
 1.818964e+01  7.846372e-03 
 1.819004e+01  8.765610e-03 
 1.819044e+01  9.507240e-03 
 1.819084e+01  1.003277e-02 
 1.819123e+01  1.033909e-02 
 1.819163e+01  1.042337e-02 
 1.819203e+01  1.029426e-02 
 1.819243e+01  9.993537e-03 
 1.819283e+01  9.571573e-03 
 1.819322e+01  9.063939e-03 
 1.819362e+01  8.572756e-03 
 1.819402e+01  8.186707e-03 
 1.819442e+01  7.969327e-03 
 1.819481e+01  8.007019e-03 
 1.819521e+01  8.316371e-03 
 1.819561e+01  8.882897e-03 
 1.819601e+01  9.657342e-03 
 1.819640e+01  1.057374e-02 
 1.819680e+01  1.156668e-02 
 1.819720e+01  1.257708e-02 
 1.819760e+01  1.351455e-02 
 1.819800e+01  1.432345e-02 
 1.819839e+01  1.497989e-02 
 1.819879e+01  1.544663e-02 
 1.819919e+01  1.569055e-02 
 1.819959e+01  1.565925e-02 
 1.819998e+01  1.532163e-02 
 1.820038e+01  1.470061e-02 
 1.820078e+01  1.383144e-02 
 1.820118e+01  1.276128e-02 
 1.820157e+01  1.154561e-02 
 1.820197e+01  1.020422e-02 
 1.820237e+01  8.840114e-03 
 1.820277e+01  7.505457e-03 
 1.820317e+01  6.247391e-03 
 1.820356e+01  5.141426e-03 
 1.820396e+01  4.220237e-03 
 1.820436e+01  3.537810e-03 
 1.820476e+01  3.120034e-03 
 1.820515e+01  2.987299e-03 
 1.820555e+01  3.091590e-03 
 1.820595e+01  3.396163e-03 
 1.820635e+01  3.909648e-03 
 1.820674e+01  4.613384e-03 
 1.820714e+01  5.468731e-03 
 1.820754e+01  6.431472e-03 
 1.820794e+01  7.475090e-03 
 1.820834e+01  8.538843e-03 
 1.820873e+01  9.567922e-03 
 1.820913e+01  1.051972e-02 
 1.820953e+01  1.140697e-02 
 1.820993e+01  1.221660e-02 
 1.821032e+01  1.297644e-02 
 1.821072e+01  1.365114e-02 
 1.821112e+01  1.416657e-02 
 1.821152e+01  1.449187e-02 
 1.821191e+01  1.458945e-02 
 1.821231e+01  1.446179e-02 
 1.821271e+01  1.409624e-02 
 1.821311e+01  1.349113e-02 
 1.821351e+01  1.271186e-02 
 1.821390e+01  1.180375e-02 
 1.821430e+01  1.081448e-02 
 1.821470e+01  9.781454e-03 
 1.821510e+01  8.743316e-03 
 1.821549e+01  7.736917e-03 
 1.821589e+01  6.835034e-03 
 1.821629e+01  6.090750e-03 
 1.821669e+01  5.527886e-03 
 1.821708e+01  5.177939e-03 
 1.821748e+01  5.039423e-03 
 1.821788e+01  5.128848e-03 
 1.821828e+01  5.423112e-03 
 1.821868e+01  5.916989e-03 
 1.821907e+01  6.580758e-03 
 1.821947e+01  7.343688e-03 
 1.821987e+01  8.124356e-03 
 1.822027e+01  8.855256e-03 
 1.822066e+01  9.467679e-03 
 1.822106e+01  9.867286e-03 
 1.822146e+01  1.002581e-02 
 1.822186e+01  9.915028e-03 
 1.822225e+01  9.540658e-03 
 1.822265e+01  8.956563e-03 
 1.822305e+01  8.212601e-03 
 1.822345e+01  7.339324e-03 
 1.822385e+01  6.394951e-03 
 1.822424e+01  5.414317e-03 
 1.822464e+01  4.480920e-03 
 1.822504e+01  3.654367e-03 
 1.822544e+01  3.013890e-03 
 1.822583e+01  2.618527e-03 
 1.822623e+01  2.526863e-03 
 1.822663e+01  2.762343e-03 
 1.822703e+01  3.316015e-03 
 1.822742e+01  4.135794e-03 
 1.822782e+01  5.130604e-03 
 1.822822e+01  6.213919e-03 
 1.822862e+01  7.323662e-03 
 1.822902e+01  8.344837e-03 
 1.822941e+01  9.173126e-03 
 1.822981e+01  9.679416e-03 
 1.823021e+01  9.760242e-03 
 1.823061e+01  9.347786e-03 
 1.823100e+01  8.385548e-03 
 1.823140e+01  6.889686e-03 
 1.823180e+01  4.922587e-03 
 1.823220e+01  2.569685e-03 
 1.823259e+01 -4.717234e-05 
 1.823299e+01 -2.781357e-03 
 1.823339e+01 -5.498005e-03 
 1.823379e+01 -7.992405e-03 
 1.823419e+01 -1.012014e-02 
 1.823458e+01 -1.173984e-02 
 1.823498e+01 -1.274747e-02 
 1.823538e+01 -1.309151e-02 
 1.823578e+01 -1.273188e-02 
 1.823617e+01 -1.171709e-02 
 1.823657e+01 -1.011923e-02 
 1.823697e+01 -8.017010e-03 
 1.823737e+01 -5.529167e-03 
 1.823776e+01 -2.805169e-03 
 1.823816e+01  1.217565e-05 
 1.823856e+01  2.730662e-03 
 1.823896e+01  5.172798e-03 
 1.823936e+01  7.171831e-03 
 1.823975e+01  8.637945e-03 
 1.824015e+01  9.466585e-03 
 1.824055e+01  9.606714e-03 
 1.824095e+01  9.098629e-03 
 1.824134e+01  8.010487e-03 
 1.824174e+01  6.467778e-03 
 1.824214e+01  4.606049e-03 
 1.824254e+01  2.646353e-03 
 1.824293e+01  7.369541e-04 
 1.824333e+01 -9.605411e-04 
 1.824373e+01 -2.303733e-03 
 1.824413e+01 -3.193569e-03 
 1.824453e+01 -3.526510e-03 
 1.824492e+01 -3.300835e-03 
 1.824532e+01 -2.534922e-03 
 1.824572e+01 -1.312672e-03 
 1.824612e+01  2.301671e-04 
 1.824651e+01  1.955359e-03 
 1.824691e+01  3.697162e-03 
 1.824731e+01  5.345473e-03 
 1.824771e+01  6.701914e-03 
 1.824810e+01  7.708955e-03 
 1.824850e+01  8.246786e-03 
 1.824890e+01  8.263124e-03 
 1.824930e+01  7.742089e-03 
 1.824970e+01  6.723620e-03 
 1.825009e+01  5.270476e-03 
 1.825049e+01  3.484984e-03 
 1.825089e+01  1.506874e-03 
 1.825129e+01 -5.829539e-04 
 1.825168e+01 -2.658324e-03 
 1.825208e+01 -4.556559e-03 
 1.825248e+01 -6.140780e-03 
 1.825288e+01 -7.325629e-03 
 1.825327e+01 -7.989544e-03 
 1.825367e+01 -8.037419e-03 
 1.825407e+01 -7.485254e-03 
 1.825447e+01 -6.335498e-03 
 1.825487e+01 -4.644896e-03 
 1.825526e+01 -2.576346e-03 
 1.825566e+01 -2.527500e-04 
 1.825606e+01  2.186316e-03 
 1.825646e+01  4.575071e-03 
 1.825685e+01  6.733876e-03 
 1.825725e+01  8.533877e-03 
 1.825765e+01  9.867207e-03 
 1.825805e+01  1.067395e-02 
 1.825844e+01  1.092546e-02 
 1.825884e+01  1.063368e-02 
 1.825924e+01  9.826481e-03 
 1.825964e+01  8.570940e-03 
 1.826004e+01  6.941305e-03 
 1.826043e+01  5.023496e-03 
 1.826083e+01  2.949162e-03 
 1.826123e+01  7.900824e-04 
 1.826163e+01 -1.293431e-03 
 1.826202e+01 -3.150756e-03 
 1.826242e+01 -4.643086e-03 
 1.826282e+01 -5.675949e-03 
 1.826322e+01 -6.156843e-03 
 1.826361e+01 -6.049458e-03 
 1.826401e+01 -5.390905e-03 
 1.826441e+01 -4.221081e-03 
 1.826481e+01 -2.600255e-03 
 1.826521e+01 -6.775302e-04 
 1.826560e+01  1.380138e-03 
 1.826600e+01  3.446104e-03 
 1.826640e+01  5.351291e-03 
 1.826680e+01  6.968315e-03 
 1.826719e+01  8.221500e-03 
 1.826759e+01  9.010773e-03 
 1.826799e+01  9.332597e-03 
 1.826839e+01  9.232528e-03 
 1.826878e+01  8.782185e-03 
 1.826918e+01  8.029254e-03 
 1.826958e+01  7.091738e-03 
 1.826998e+01  6.060221e-03 
 1.827038e+01  5.032987e-03 
 1.827077e+01  4.121225e-03 
 1.827117e+01  3.466176e-03 
 1.827157e+01  3.130767e-03 
 1.827197e+01  3.162395e-03 
 1.827236e+01  3.568444e-03 
 1.827276e+01  4.326124e-03 
 1.827316e+01  5.374804e-03 
 1.827356e+01  6.625197e-03 
 1.827396e+01  7.988469e-03 
 1.827435e+01  9.384410e-03 
 1.827475e+01  1.070758e-02 
 1.827515e+01  1.182394e-02 
 1.827555e+01  1.263400e-02 
 1.827594e+01  1.306231e-02 
 1.827634e+01  1.304626e-02 
 1.827674e+01  1.256673e-02 
 1.827714e+01  1.168984e-02 
 1.827753e+01  1.042186e-02 
 1.827793e+01  8.854801e-03 
 1.827833e+01  7.105457e-03 
 1.827873e+01  5.251013e-03 
 1.827913e+01  3.394837e-03 
 1.827952e+01  1.674054e-03 
 1.827992e+01  2.055625e-04 
 1.828032e+01 -9.372861e-04 
 1.828072e+01 -1.688388e-03 
 1.828111e+01 -2.025260e-03 
 1.828151e+01 -1.956195e-03 
 1.828191e+01 -1.535657e-03 
 1.828231e+01 -7.612658e-04 
 1.828270e+01  3.110493e-04 
 1.828310e+01  1.618996e-03 
 1.828350e+01  3.092555e-03 
 1.828390e+01  4.634997e-03 
 1.828430e+01  6.187765e-03 
 1.828469e+01  7.735387e-03 
 1.828509e+01  9.162672e-03 
 1.828549e+01  1.041764e-02 
 1.828589e+01  1.149128e-02 
 1.828628e+01  1.232364e-02 
 1.828668e+01  1.295332e-02 
 1.828708e+01  1.335371e-02 
 1.828748e+01  1.356562e-02 
 1.828787e+01  1.359049e-02 
 1.828827e+01  1.348434e-02 
 1.828867e+01  1.328354e-02 
 1.828907e+01  1.297884e-02 
 1.828947e+01  1.262063e-02 
 1.828986e+01  1.223781e-02 
 1.829026e+01  1.187663e-02 
 1.829066e+01  1.159286e-02 
 1.829106e+01  1.139306e-02 
 1.829145e+01  1.123318e-02 
 1.829185e+01  1.114836e-02 
 1.829225e+01  1.110871e-02 
 1.829265e+01  1.107649e-02 
 1.829304e+01  1.105099e-02 
 1.829344e+01  1.104958e-02 
 1.829384e+01  1.104436e-02 
 1.829424e+01  1.103613e-02 
 1.829464e+01  1.104322e-02 
 1.829503e+01  1.105555e-02 
 1.829543e+01  1.105641e-02 
 1.829583e+01  1.108206e-02 
 1.829623e+01  1.116347e-02 
 1.829662e+01  1.130628e-02 
 1.829702e+01  1.149315e-02 
 1.829742e+01  1.173348e-02 
 1.829782e+01  1.199884e-02 
 1.829821e+01  1.230539e-02 
 1.829861e+01  1.264202e-02 
 1.829901e+01  1.298851e-02 
 1.829941e+01  1.335302e-02 
 1.829981e+01  1.370470e-02 
 1.830020e+01  1.404208e-02 
 1.830060e+01  1.434810e-02 
 1.830100e+01  1.461245e-02 
 1.830140e+01  1.480216e-02 
 1.830179e+01  1.494587e-02 
 1.830219e+01  1.511103e-02 
 1.830259e+01  1.529518e-02 
 1.830299e+01  1.551087e-02 
 1.830338e+01  1.577317e-02 
 1.830378e+01  1.608128e-02 
 1.830418e+01  1.643479e-02 
 1.830458e+01  1.680593e-02 
 1.830498e+01  1.713693e-02 
 1.830537e+01  1.734890e-02 
 1.830577e+01  1.738322e-02 
 1.830617e+01  1.726344e-02 
 1.830657e+01  1.693826e-02 
 1.830696e+01  1.640634e-02 
 1.830736e+01  1.564005e-02 
 1.830776e+01  1.459792e-02 
 1.830816e+01  1.332926e-02 
 1.830855e+01  1.183317e-02 
 1.830895e+01  1.015642e-02 
 1.830935e+01  8.334265e-03 
 1.830975e+01  6.467433e-03 
 1.831015e+01  4.639971e-03 
 1.831054e+01  2.990112e-03 
 1.831094e+01  1.615336e-03 
 1.831134e+01  5.862131e-04 
 1.831174e+01 -5.995340e-05 
 1.831213e+01 -2.572510e-04 
 1.831253e+01  2.179097e-05 
 1.831293e+01  7.257613e-04 
 1.831333e+01  1.800768e-03 
 1.831372e+01  3.163943e-03 
 1.831412e+01  4.726972e-03 
 1.831452e+01  6.401504e-03 
 1.831492e+01  8.052605e-03 
 1.831532e+01  9.585154e-03 
 1.831571e+01  1.090471e-02 
 1.831611e+01  1.188391e-02 
 1.831651e+01  1.250092e-02 
 1.831691e+01  1.271259e-02 
 1.831730e+01  1.254977e-02 
 1.831770e+01  1.200536e-02 
 1.831810e+01  1.116372e-02 
 1.831850e+01  1.013839e-02 
 1.831889e+01  8.980413e-03 
 1.831929e+01  7.769037e-03 
 1.831969e+01  6.590678e-03 
 1.832009e+01  5.519646e-03 
 1.832049e+01  4.579128e-03 
 1.832088e+01  3.843680e-03 
 1.832128e+01  3.293962e-03 
 1.832168e+01  2.933464e-03 
 1.832208e+01  2.798092e-03 
 1.832247e+01  2.902352e-03 
 1.832287e+01  3.251960e-03 
 1.832327e+01  3.774056e-03 
 1.832367e+01  4.400374e-03 
 1.832406e+01  5.067507e-03 
 1.832446e+01  5.681527e-03 
 1.832486e+01  6.140457e-03 
 1.832526e+01  6.352466e-03 
 1.832566e+01  6.242612e-03 
 1.832605e+01  5.807090e-03 
 1.832645e+01  5.012608e-03 
 1.832685e+01  3.887646e-03 
 1.832725e+01  2.492088e-03 
 1.832764e+01  8.612362e-04 
 1.832804e+01 -8.824893e-04 
 1.832844e+01 -2.600282e-03 
 1.832884e+01 -4.227435e-03 
 1.832923e+01 -5.681712e-03 
 1.832963e+01 -6.876077e-03 
 1.833003e+01 -7.712526e-03 
 1.833043e+01 -8.090685e-03 
 1.833083e+01 -7.966843e-03 
 1.833122e+01 -7.313292e-03 
 1.833162e+01 -6.186710e-03 
 1.833202e+01 -4.622424e-03 
 1.833242e+01 -2.745235e-03 
 1.833281e+01 -6.970206e-04 
 1.833321e+01  1.382191e-03 
 1.833361e+01  3.336095e-03 
 1.833401e+01  5.020575e-03 
 1.833440e+01  6.310799e-03 
 1.833480e+01  7.113841e-03 
 1.833520e+01  7.329081e-03 
 1.833560e+01  6.918012e-03 
 1.833600e+01  5.955894e-03 
 1.833639e+01  4.449708e-03 
 1.833679e+01  2.484209e-03 
 1.833719e+01  2.072945e-04 
 1.833759e+01 -2.235535e-03 
 1.833798e+01 -4.647514e-03 
 1.833838e+01 -6.878925e-03 
 1.833878e+01 -8.721291e-03 
 1.833918e+01 -1.007124e-02 
 1.833957e+01 -1.081148e-02 
 1.833997e+01 -1.091672e-02 
 1.834037e+01 -1.042155e-02 
 1.834077e+01 -9.357348e-03 
 1.834117e+01 -7.855773e-03 
 1.834156e+01 -6.002623e-03 
 1.834196e+01 -3.867740e-03 
 1.834236e+01 -1.582919e-03 
 1.834276e+01  6.900366e-04 
 1.834315e+01  2.813433e-03 
 1.834355e+01  4.646758e-03 
 1.834395e+01  6.057557e-03 
 1.834435e+01  6.984383e-03 
 1.834474e+01  7.431394e-03 
 1.834514e+01  7.378016e-03 
 1.834554e+01  6.884339e-03 
 1.834594e+01  6.063873e-03 
 1.834634e+01  5.012324e-03 
 1.834673e+01  3.815268e-03 
 1.834713e+01  2.596657e-03 
 1.834753e+01  1.459666e-03 
 1.834793e+01  5.100523e-04 
 1.834832e+01 -1.362787e-04 
 1.834872e+01 -4.491331e-04 
 1.834912e+01 -3.731792e-04 
 1.834952e+01  1.037690e-04 
 1.834991e+01  9.677331e-04 
 1.835031e+01  2.158439e-03 
 1.835071e+01  3.586547e-03 
 1.835111e+01  5.151062e-03 
 1.835151e+01  6.640160e-03 
 1.835190e+01  8.000820e-03 
 1.835230e+01  9.120999e-03 
 1.835270e+01  9.827615e-03 
 1.835310e+01  1.003866e-02 
 1.835349e+01  9.715781e-03 
 1.835389e+01  8.884555e-03 
 1.835429e+01  7.569660e-03 
 1.835469e+01  5.881701e-03 
 1.835508e+01  3.879543e-03 
 1.835548e+01  1.691670e-03 
 1.835588e+01 -5.126209e-04 
 1.835628e+01 -2.634466e-03 
 1.835668e+01 -4.520806e-03 
 1.835707e+01 -6.044321e-03 
 1.835747e+01 -7.160395e-03 
 1.835787e+01 -7.736807e-03 
 1.835827e+01 -7.673059e-03 
 1.835866e+01 -6.991110e-03 
 1.835906e+01 -5.742291e-03 
 1.835946e+01 -4.001372e-03 
 1.835986e+01 -1.860943e-03 
 1.836025e+01  4.732274e-04 
 1.836065e+01  2.868121e-03 
 1.836105e+01  5.192186e-03 
 1.836145e+01  7.265707e-03 
 1.836185e+01  9.018026e-03 
 1.836224e+01  1.038051e-02 
 1.836264e+01  1.129777e-02 
 1.836304e+01  1.175956e-02 
 1.836344e+01  1.175447e-02 
 1.836383e+01  1.131944e-02 
 1.836423e+01  1.052648e-02 
 1.836463e+01  9.483858e-03 
 1.836503e+01  8.252055e-03 
 1.836543e+01  6.932849e-03 
 1.836582e+01  5.688647e-03 
 1.836622e+01  4.570555e-03 
 1.836662e+01  3.689567e-03 
 1.836702e+01  3.096009e-03 
 1.836741e+01  2.748444e-03 
 1.836781e+01  2.665485e-03 
 1.836821e+01  2.819906e-03 
 1.836861e+01  3.160380e-03 
 1.836900e+01  3.581124e-03 
 1.836940e+01  4.025406e-03 
 1.836980e+01  4.478841e-03 
 1.837020e+01  4.870123e-03 
 1.837060e+01  5.208692e-03 
 1.837099e+01  5.490059e-03 
 1.837139e+01  5.645878e-03 
 1.837179e+01  5.705684e-03 
 1.837219e+01  5.655928e-03 
 1.837258e+01  5.479622e-03 
 1.837298e+01  5.186636e-03 
 1.837338e+01  4.830782e-03 
 1.837378e+01  4.440225e-03 
 1.837417e+01  4.111710e-03 
 1.837457e+01  3.927175e-03 
 1.837497e+01  3.844823e-03 
 1.837537e+01  3.876495e-03 
 1.837577e+01  4.088931e-03 
 1.837616e+01  4.513081e-03 
 1.837656e+01  5.109690e-03 
 1.837696e+01  5.910285e-03 
 1.837736e+01  6.888714e-03 
 1.837775e+01  7.961026e-03 
 1.837815e+01  9.133373e-03 
 1.837855e+01  1.034908e-02 
 1.837895e+01  1.156279e-02 
 1.837934e+01  1.275072e-02 
 1.837974e+01  1.385401e-02 
 1.838014e+01  1.487289e-02 
 1.838054e+01  1.576213e-02 
 1.838094e+01  1.646642e-02 
 1.838133e+01  1.691521e-02 
 1.838173e+01  1.708604e-02 
 1.838213e+01  1.698692e-02 
 1.838253e+01  1.656342e-02 
 1.838292e+01  1.582016e-02 
 1.838332e+01  1.486493e-02 
 1.838372e+01  1.364333e-02 
 1.838412e+01  1.223042e-02 
 1.838451e+01  1.076089e-02 
 1.838491e+01  9.290911e-03 
 1.838531e+01  7.893513e-03 
 1.838571e+01  6.667186e-03 
 1.838611e+01  5.653771e-03 
 1.838650e+01  4.884956e-03 
 1.838690e+01  4.425051e-03 
 1.838730e+01  4.285279e-03 
 1.838770e+01  4.427882e-03 
 1.838809e+01  4.808999e-03 
 1.838849e+01  5.390859e-03 
 1.838889e+01  6.077634e-03 
 1.838929e+01  6.849805e-03 
 1.838968e+01  7.701553e-03 
 1.839008e+01  8.565531e-03 
 1.839048e+01  9.442352e-03 
 1.839088e+01  1.030020e-02 
 1.839128e+01  1.106576e-02 
 1.839167e+01  1.173607e-02 
 1.839207e+01  1.231971e-02 
 1.839247e+01  1.279452e-02 
 1.839287e+01  1.316708e-02 
 1.839326e+01  1.349502e-02 
 1.839366e+01  1.379315e-02 
 1.839406e+01  1.404589e-02 
 1.839446e+01  1.426488e-02 
 1.839485e+01  1.443451e-02 
 1.839525e+01  1.449710e-02 
 1.839565e+01  1.450884e-02 
 1.839605e+01  1.446052e-02 
 1.839645e+01  1.432459e-02 
 1.839684e+01  1.414931e-02 
 1.839724e+01  1.389485e-02 
 1.839764e+01  1.356983e-02 
 1.839804e+01  1.325200e-02 
 1.839843e+01  1.294305e-02 
 1.839883e+01  1.263227e-02 
 1.839923e+01  1.235086e-02 
 1.839963e+01  1.216245e-02 
 1.840002e+01  1.200628e-02 
 1.840042e+01  1.186278e-02 
 1.840082e+01  1.174220e-02 
 1.840122e+01  1.156543e-02 
 1.840162e+01  1.131421e-02 
 1.840201e+01  1.101639e-02 
 1.840241e+01  1.064766e-02 
 1.840281e+01  1.015792e-02 
 1.840321e+01  9.554785e-03 
 1.840360e+01  8.813133e-03 
 1.840400e+01  7.934418e-03 
 1.840440e+01  6.964293e-03 
 1.840480e+01  5.931845e-03 
 1.840519e+01  4.920848e-03 
 1.840559e+01  4.061268e-03 
 1.840599e+01  3.443325e-03 
 1.840639e+01  3.100403e-03 
 1.840679e+01  3.074989e-03 
 1.840718e+01  3.393077e-03 
 1.840758e+01  4.006777e-03 
 1.840798e+01  4.971893e-03 
 1.840838e+01  6.295584e-03 
 1.840877e+01  7.854418e-03 
 1.840917e+01  9.562101e-03 
 1.840957e+01  1.127836e-02 
 1.840997e+01  1.285969e-02 
 1.841036e+01  1.419105e-02 
 1.841076e+01  1.518668e-02 
 1.841116e+01  1.576806e-02 
 1.841156e+01  1.586053e-02 
 1.841196e+01  1.549764e-02 
 1.841235e+01  1.467049e-02 
 1.841275e+01  1.334170e-02 
 1.841315e+01  1.157513e-02 
 1.841355e+01  9.433442e-03 
 1.841394e+01  7.025126e-03 
 1.841434e+01  4.537719e-03 
 1.841474e+01  2.084394e-03 
 1.841514e+01 -2.438429e-04 
 1.841553e+01 -2.291895e-03 
 1.841593e+01 -3.937504e-03 
 1.841633e+01 -5.152108e-03 
 1.841673e+01 -5.876929e-03 
 1.841713e+01 -6.071526e-03 
 1.841752e+01 -5.793978e-03 
 1.841792e+01 -5.089922e-03 
 1.841832e+01 -3.979618e-03 
 1.841872e+01 -2.601636e-03 
 1.841911e+01 -1.083178e-03 
 1.841951e+01  4.926223e-04 
 1.841991e+01  2.012591e-03 
 1.842031e+01  3.378237e-03 
 1.842070e+01  4.484736e-03 
 1.842110e+01  5.243992e-03 
 1.842150e+01  5.631263e-03 
 1.842190e+01  5.656890e-03 
 1.842230e+01  5.322667e-03 
 1.842269e+01  4.657797e-03 
 1.842309e+01  3.773015e-03 
 1.842349e+01  2.751369e-03 
 1.842389e+01  1.674661e-03 
 1.842428e+01  6.968704e-04 
 1.842468e+01 -4.891636e-05 
 1.842508e+01 -5.024315e-04 
 1.842548e+01 -5.874154e-04 
 1.842587e+01 -2.382041e-04 
 1.842627e+01  4.854282e-04 
 1.842667e+01  1.528095e-03 
 1.842707e+01  2.843507e-03 
 1.842747e+01  4.338186e-03 
 1.842786e+01  5.941953e-03 
 1.842826e+01  7.534399e-03 
 1.842866e+01  8.960623e-03 
 1.842906e+01  1.007097e-02 
 1.842945e+01  1.073612e-02 
 1.842985e+01  1.087438e-02 
 1.843025e+01  1.040384e-02 
 1.843065e+01  9.378187e-03 
 1.843104e+01  7.829274e-03 
 1.843144e+01  5.810674e-03 
 1.843184e+01  3.456691e-03 
 1.843224e+01  9.056823e-04 
 1.843264e+01 -1.707230e-03 
 1.843303e+01 -4.232925e-03 
 1.843343e+01 -6.464968e-03 
 1.843383e+01 -8.296248e-03 
 1.843423e+01 -9.559493e-03 
 1.843462e+01 -1.015257e-02 
 1.843502e+01 -1.005951e-02 
 1.843542e+01 -9.275117e-03 
 1.843582e+01 -7.818748e-03 
 1.843621e+01 -5.800750e-03 
 1.843661e+01 -3.352213e-03 
 1.843701e+01 -6.175908e-04 
 1.843741e+01  2.198670e-03 
 1.843781e+01  4.946856e-03 
 1.843820e+01  7.454681e-03 
 1.843860e+01  9.587362e-03 
 1.843900e+01  1.124572e-02 
 1.843940e+01  1.240231e-02 
 1.843979e+01  1.303808e-02 
 1.844019e+01  1.311458e-02 
 1.844059e+01  1.268362e-02 
 1.844099e+01  1.178050e-02 
 1.844138e+01  1.043762e-02 
 1.844178e+01  8.752712e-03 
 1.844218e+01  6.855616e-03 
 1.844258e+01  4.851084e-03 
 1.844298e+01  2.896937e-03 
 1.844337e+01  1.163024e-03 
 1.844377e+01 -2.026690e-04 
 1.844417e+01 -1.138325e-03 
 1.844457e+01 -1.607543e-03 
 1.844496e+01 -1.606349e-03 
 1.844536e+01 -1.191213e-03 
 1.844576e+01 -4.237944e-04 
 1.844616e+01  5.605445e-04 
 1.844655e+01  1.641846e-03 
 1.844695e+01  2.729945e-03 
 1.844735e+01  3.731913e-03 
 1.844775e+01  4.549813e-03 
 1.844815e+01  5.164350e-03 
 1.844854e+01  5.494226e-03 
 1.844894e+01  5.488552e-03 
 1.844934e+01  5.154400e-03 
 1.844974e+01  4.517464e-03 
 1.845013e+01  3.592238e-03 
 1.845053e+01  2.429828e-03 
 1.845093e+01  1.120398e-03 
 1.845133e+01 -2.235372e-04 
 1.845172e+01 -1.516473e-03 
 1.845212e+01 -2.602120e-03 
 1.845252e+01 -3.429619e-03 
 1.845292e+01 -3.935785e-03 
 1.845332e+01 -3.991822e-03 
 1.845371e+01 -3.574593e-03 
 1.845411e+01 -2.655439e-03 
 1.845451e+01 -1.246373e-03 
 1.845491e+01  5.424252e-04 
 1.845530e+01  2.556951e-03 
 1.845570e+01  4.698548e-03 
 1.845610e+01  6.852717e-03 
 1.845650e+01  8.862570e-03 
 1.845690e+01  1.060526e-02 
 1.845729e+01  1.196517e-02 
 1.845769e+01  1.283086e-02 
 1.845809e+01  1.313506e-02 
 1.845849e+01  1.284079e-02 
 1.845888e+01  1.194502e-02 
 1.845928e+01  1.053672e-02 
 1.845968e+01  8.760107e-03 
 1.846008e+01  6.745203e-03 
 1.846047e+01  4.610064e-03 
 1.846087e+01  2.449123e-03 
 1.846127e+01  3.614337e-04 
 1.846167e+01 -1.550714e-03 
 1.846207e+01 -3.165696e-03 
 1.846246e+01 -4.376880e-03 
 1.846286e+01 -5.113181e-03 
 1.846326e+01 -5.312174e-03 
 1.846366e+01 -5.025552e-03 
 1.846405e+01 -4.316467e-03 
 1.846445e+01 -3.284548e-03 
 1.846485e+01 -2.065768e-03 
 1.846525e+01 -7.985092e-04 
 1.846564e+01  4.945511e-04 
 1.846604e+01  1.722866e-03 
 1.846644e+01  2.815281e-03 
 1.846684e+01  3.733441e-03 
 1.846724e+01  4.475418e-03 
 1.846763e+01  5.001062e-03 
 1.846803e+01  5.322954e-03 
 1.846843e+01  5.489476e-03 
 1.846883e+01  5.512439e-03 
 1.846922e+01  5.442634e-03 
 1.846962e+01  5.348136e-03 
 1.847002e+01  5.241006e-03 
 1.847042e+01  5.151368e-03 
 1.847081e+01  5.119258e-03 
 1.847121e+01  5.136882e-03 
 1.847161e+01  5.244550e-03 
 1.847201e+01  5.472168e-03 
 1.847241e+01  5.788609e-03 
 1.847280e+01  6.154543e-03 
 1.847320e+01  6.543146e-03 
 1.847360e+01  6.936604e-03 
 1.847400e+01  7.265580e-03 
 1.847439e+01  7.548410e-03 
 1.847479e+01  7.786839e-03 
 1.847519e+01  7.945613e-03 
 1.847559e+01  8.052680e-03 
 1.847598e+01  8.118919e-03 
 1.847638e+01  8.092583e-03 
 1.847678e+01  7.987779e-03 
 1.847718e+01  7.754841e-03 
 1.847758e+01  7.375400e-03 
 1.847797e+01  6.865292e-03 
 1.847837e+01  6.298274e-03 
 1.847877e+01  5.696490e-03 
 1.847917e+01  5.117034e-03 
 1.847956e+01  4.631420e-03 
 1.847996e+01  4.221255e-03 
 1.848036e+01  3.908523e-03 
 1.848076e+01  3.703471e-03 
 1.848115e+01  3.618098e-03 
 1.848155e+01  3.676819e-03 
 1.848195e+01  3.929521e-03 
 1.848235e+01  4.426403e-03 
 1.848275e+01  5.142447e-03 
 1.848314e+01  6.102122e-03 
 1.848354e+01  7.303402e-03 
 1.848394e+01  8.680309e-03 
 1.848434e+01  1.019422e-02 
 1.848473e+01  1.180698e-02 
 1.848513e+01  1.343500e-02 
 1.848553e+01  1.497830e-02 
 1.848593e+01  1.635977e-02 
 1.848632e+01  1.747623e-02 
 1.848672e+01  1.827867e-02 
 1.848712e+01  1.875481e-02 
 1.848752e+01  1.891189e-02 
 1.848792e+01  1.878902e-02 
 1.848831e+01  1.842463e-02 
 1.848871e+01  1.784781e-02 
 1.848911e+01  1.707527e-02 
 1.848951e+01  1.613377e-02 
 1.848990e+01  1.500500e-02 
 1.849030e+01  1.370535e-02 
 1.849070e+01  1.232330e-02 
 1.849110e+01  1.093039e-02 
 1.849149e+01  9.602425e-03 
 1.849189e+01  8.379576e-03 
 1.849229e+01  7.293706e-03 
 1.849269e+01  6.340691e-03 
 1.849309e+01  5.567485e-03 
 1.849348e+01  5.022061e-03 
 1.849388e+01  4.724493e-03 
 1.849428e+01  4.697128e-03 
 1.849468e+01  4.928312e-03 
 1.849507e+01  5.378571e-03 
 1.849547e+01  6.001414e-03 
 1.849587e+01  6.745952e-03 
 1.849627e+01  7.529777e-03 
 1.849666e+01  8.292403e-03 
 1.849706e+01  9.026437e-03 
 1.849746e+01  9.707765e-03 
 1.849786e+01  1.029857e-02 
 1.849826e+01  1.077214e-02 
 1.849865e+01  1.107596e-02 
 1.849905e+01  1.118377e-02 
 1.849945e+01  1.112660e-02 
 1.849985e+01  1.096437e-02 
 1.850024e+01  1.074148e-02 
 1.850064e+01  1.048173e-02 
 1.850104e+01  1.023116e-02 
 1.850144e+01  1.002081e-02 
 1.850183e+01  9.915030e-03 
 1.850223e+01  9.932040e-03 
 1.850263e+01  1.010560e-02 
 1.850303e+01  1.044763e-02 
 1.850343e+01  1.098420e-02 
 1.850382e+01  1.171635e-02 
 1.850422e+01  1.255077e-02 
 1.850462e+01  1.340805e-02 
 1.850502e+01  1.416759e-02 
 1.850541e+01  1.477453e-02 
 1.850581e+01  1.517066e-02 
 1.850621e+01  1.529639e-02 
 1.850661e+01  1.509353e-02 
 1.850700e+01  1.454549e-02 
 1.850740e+01  1.362704e-02 
 1.850780e+01  1.233998e-02 
 1.850820e+01  1.076038e-02 
 1.850860e+01  8.966380e-03 
 1.850899e+01  7.032458e-03 
 1.850939e+01  5.062686e-03 
 1.850979e+01  3.170350e-03 
 1.851019e+01  1.447361e-03 
 1.851058e+01 -6.329660e-06 
 1.851098e+01 -1.087240e-03 
 1.851138e+01 -1.737780e-03 
 1.851178e+01 -1.909059e-03 
 1.851217e+01 -1.614713e-03 
 1.851257e+01 -8.410560e-04 
 1.851297e+01  3.477933e-04 
 1.851337e+01  1.888119e-03 
 1.851377e+01  3.700441e-03 
 1.851416e+01  5.651669e-03 
 1.851456e+01  7.653737e-03 
 1.851496e+01  9.604792e-03 
 1.851536e+01  1.135669e-02 
 1.851575e+01  1.281909e-02 
 1.851615e+01  1.387630e-02 
 1.851655e+01  1.446591e-02 
 1.851695e+01  1.455424e-02 
 1.851734e+01  1.413906e-02 
 1.851774e+01  1.328644e-02 
 1.851814e+01  1.202800e-02 
 1.851854e+01  1.046348e-02 
 1.851894e+01  8.697328e-03 
 1.851933e+01  6.840964e-03 
 1.851973e+01  5.039532e-03 
 1.852013e+01  3.384116e-03 
 1.852053e+01  1.961178e-03 
 1.852092e+01  8.376387e-04 
 1.852132e+01  8.455217e-05 
 1.852172e+01 -2.824724e-04 
 1.852212e+01 -2.202976e-04 
 1.852251e+01  2.407428e-04 
 1.852291e+01  9.997654e-04 
 1.852331e+01  1.991203e-03 
 1.852371e+01  3.123550e-03 
 1.852411e+01  4.289116e-03 
 1.852450e+01  5.352787e-03 
 1.852490e+01  6.200272e-03 
 1.852530e+01  6.708042e-03 
 1.852570e+01  6.802077e-03 
 1.852609e+01  6.475280e-03 
 1.852649e+01  5.709893e-03 
 1.852689e+01  4.545615e-03 
 1.852729e+01  3.123754e-03 
 1.852768e+01  1.546895e-03 
 1.852808e+01 -5.271221e-06 
 1.852848e+01 -1.376676e-03 
 1.852888e+01 -2.459693e-03 
 1.852928e+01 -3.148843e-03 
 1.852967e+01 -3.384237e-03 
 1.853007e+01 -3.105972e-03 
 1.853047e+01 -2.305992e-03 
 1.853087e+01 -1.012097e-03 
 1.853126e+01  6.912443e-04 
 1.853166e+01  2.697784e-03 
 1.853206e+01  4.910613e-03 
 1.853246e+01  7.161497e-03 
 1.853285e+01  9.312013e-03 
 1.853325e+01  1.122291e-02 
 1.853365e+01  1.275493e-02 
 1.853405e+01  1.375226e-02 
 1.853445e+01  1.416278e-02 
 1.853484e+01  1.397556e-02 
 1.853524e+01  1.317920e-02 
 1.853564e+01  1.180577e-02 
 1.853604e+01  9.970186e-03 
 1.853643e+01  7.834032e-03 
 1.853683e+01  5.511116e-03 
 1.853723e+01  3.176036e-03 
 1.853763e+01  9.289242e-04 
 1.853802e+01 -1.151039e-03 
 1.853842e+01 -2.904889e-03 
 1.853882e+01 -4.292946e-03 
 1.853922e+01 -5.255089e-03 
 1.853962e+01 -5.746962e-03 
 1.854001e+01 -5.787207e-03 
 1.854041e+01 -5.421365e-03 
 1.854081e+01 -4.691858e-03 
 1.854121e+01 -3.655496e-03 
 1.854160e+01 -2.417150e-03 
 1.854200e+01 -1.058233e-03 
 1.854240e+01  3.458295e-04 
 1.854280e+01  1.680997e-03 
 1.854319e+01  2.895431e-03 
 1.854359e+01  3.929428e-03 
 1.854399e+01  4.699501e-03 
 1.854439e+01  5.179429e-03 
 1.854479e+01  5.381197e-03 
 1.854518e+01  5.277722e-03 
 1.854558e+01  4.943006e-03 
 1.854598e+01  4.422199e-03 
 1.854638e+01  3.730443e-03 
 1.854677e+01  2.924531e-03 
 1.854717e+01  2.086851e-03 
 1.854757e+01  1.280825e-03 
 1.854797e+01  5.853055e-04 
 1.854837e+01  5.364963e-05 
 1.854876e+01 -2.845886e-04 
 1.854916e+01 -4.182355e-04 
 1.854956e+01 -3.305126e-04 
 1.854996e+01 -9.776088e-05 
 1.855035e+01  1.878628e-04 
 1.855075e+01  5.181134e-04 
 1.855115e+01  8.692751e-04 
 1.855155e+01  1.179273e-03 
 1.855194e+01  1.451564e-03 
 1.855234e+01  1.602201e-03 
 1.855274e+01  1.587275e-03 
 1.855314e+01  1.327394e-03 
 1.855354e+01  7.638656e-04 
 1.855393e+01 -1.026595e-04 
 1.855433e+01 -1.266519e-03 
 1.855473e+01 -2.696274e-03 
 1.855513e+01 -4.291279e-03 
 1.855552e+01 -5.952682e-03 
 1.855592e+01 -7.538209e-03 
 1.855632e+01 -8.942247e-03 
 1.855672e+01 -1.002013e-02 
 1.855711e+01 -1.065277e-02 
 1.855751e+01 -1.078530e-02 
 1.855791e+01 -1.040023e-02 
 1.855831e+01 -9.526713e-03 
 1.855871e+01 -8.201935e-03 
 1.855910e+01 -6.540452e-03 
 1.855950e+01 -4.625025e-03 
 1.855990e+01 -2.539468e-03 
 1.856030e+01 -4.016727e-04 
 1.856069e+01  1.729215e-03 
 1.856109e+01  3.774852e-03 
 1.856149e+01  5.634132e-03 
 1.856189e+01  7.248211e-03 
 1.856228e+01  8.550387e-03 
 1.856268e+01  9.520504e-03 
 1.856308e+01  1.015401e-02 
 1.856348e+01  1.048112e-02 
 1.856388e+01  1.051570e-02 
 1.856427e+01  1.031192e-02 
 1.856467e+01  9.876206e-03 
 1.856507e+01  9.261945e-03 
 1.856547e+01  8.502366e-03 
 1.856586e+01  7.619483e-03 
 1.856626e+01  6.677377e-03 
 1.856666e+01  5.716497e-03 
 1.856706e+01  4.807509e-03 
 1.856745e+01  4.015770e-03 
 1.856785e+01  3.343446e-03 
 1.856825e+01  2.811450e-03 
 1.856865e+01  2.405083e-03 
 1.856905e+01  2.070519e-03 
 1.856944e+01  1.788965e-03 
 1.856984e+01  1.565887e-03 
 1.857024e+01  1.401628e-03 
 1.857064e+01  1.295424e-03 
 1.857103e+01  1.265117e-03 
 1.857143e+01  1.306013e-03 
 1.857183e+01  1.444223e-03 
 1.857223e+01  1.644823e-03 
 1.857262e+01  1.940455e-03 
 1.857302e+01  2.366059e-03 
 1.857342e+01  2.916246e-03 
 1.857382e+01  3.576176e-03 
 1.857422e+01  4.303082e-03 
 1.857461e+01  5.048054e-03 
 1.857501e+01  5.774897e-03 
 1.857541e+01  6.421858e-03 
 1.857581e+01  7.032841e-03 
 1.857620e+01  7.659251e-03 
 1.857660e+01  8.301147e-03 
 1.857700e+01  8.958565e-03 
 1.857740e+01  9.626778e-03 
 1.857779e+01  1.029379e-02 
 1.857819e+01  1.088912e-02 
 1.857859e+01  1.145808e-02 
 1.857899e+01  1.203585e-02 
 1.857939e+01  1.260269e-02 
 1.857978e+01  1.320666e-02 
 1.858018e+01  1.382105e-02 
 1.858058e+01  1.440616e-02 
 1.858098e+01  1.489559e-02 
 1.858137e+01  1.522540e-02 
 1.858177e+01  1.536546e-02 
 1.858217e+01  1.531324e-02 
 1.858257e+01  1.511656e-02 
 1.858296e+01  1.477868e-02 
 1.858336e+01  1.431578e-02 
 1.858376e+01  1.374480e-02 
 1.858416e+01  1.308976e-02 
 1.858456e+01  1.234437e-02 
 1.858495e+01  1.154924e-02 
 1.858535e+01  1.070043e-02 
 1.858575e+01  9.801415e-03 
 1.858615e+01  8.905317e-03 
 1.858654e+01  8.070224e-03 
 1.858694e+01  7.352990e-03 
 1.858734e+01  6.788816e-03 
 1.858774e+01  6.418419e-03 
 1.858813e+01  6.263960e-03 
 1.858853e+01  6.407774e-03 
 1.858893e+01  6.916128e-03 
 1.858933e+01  7.758525e-03 
 1.858973e+01  8.908475e-03 
 1.859012e+01  1.030773e-02 
 1.859052e+01  1.185910e-02 
 1.859092e+01  1.350599e-02 
 1.859132e+01  1.521685e-02 
 1.859171e+01  1.689477e-02 
 1.859211e+01  1.848201e-02 
 1.859251e+01  1.990335e-02 
 1.859291e+01  2.108056e-02 
 1.859330e+01  2.187475e-02 
 1.859370e+01  2.222424e-02 
 1.859410e+01  2.205089e-02 
 1.859450e+01  2.134539e-02 
 1.859490e+01  2.021685e-02 
 1.859529e+01  1.877722e-02 
 1.859569e+01  1.708062e-02 
 1.859609e+01  1.520475e-02 
 1.859649e+01  1.326384e-02 
 1.859688e+01  1.135423e-02 
 1.859728e+01  9.581575e-03 
 1.859768e+01  8.086515e-03 
 1.859808e+01  6.924475e-03 
 1.859847e+01  6.163946e-03 
 1.859887e+01  5.815998e-03 
 1.859927e+01  5.831052e-03 
 1.859967e+01  6.165661e-03 
 1.860007e+01  6.711658e-03 
 1.860046e+01  7.375050e-03 
 1.860086e+01  8.069887e-03 
 1.860126e+01  8.726652e-03 
 1.860166e+01  9.225980e-03 
 1.860205e+01  9.460497e-03 
 1.860245e+01  9.385220e-03 
 1.860285e+01  8.974538e-03 
 1.860325e+01  8.212012e-03 
 1.860364e+01  7.147012e-03 
 1.860404e+01  5.908597e-03 
 1.860444e+01  4.635870e-03 
 1.860484e+01  3.399293e-03 
 1.860524e+01  2.351943e-03 
 1.860563e+01  1.551671e-03 
 1.860603e+01  1.061163e-03 
 1.860643e+01  9.967820e-04 
 1.860683e+01  1.332228e-03 
 1.860722e+01  2.087122e-03 
 1.860762e+01  3.254050e-03 
 1.860802e+01  4.771683e-03 
 1.860842e+01  6.554819e-03 
 1.860881e+01  8.483098e-03 
 1.860921e+01  1.047168e-02 
 1.860961e+01  1.234237e-02 
 1.861001e+01  1.402370e-02 
 1.861041e+01  1.544949e-02 
 1.861080e+01  1.651968e-02 
 1.861120e+01  1.718183e-02 
 1.861160e+01  1.735873e-02 
 1.861200e+01  1.699750e-02 
 1.861239e+01  1.611419e-02 
 1.861279e+01  1.474199e-02 
 1.861319e+01  1.296817e-02 
 1.861359e+01  1.087385e-02 
 1.861398e+01  8.555925e-03 
 1.861438e+01  6.110021e-03 
 1.861478e+01  3.676979e-03 
 1.861518e+01  1.374173e-03 
 1.861558e+01 -6.509278e-04 
 1.861597e+01 -2.295996e-03 
 1.861637e+01 -3.484273e-03 
 1.861677e+01 -4.113993e-03 
 1.861717e+01 -4.190017e-03 
 1.861756e+01 -3.712702e-03 
 1.861796e+01 -2.729934e-03 
 1.861836e+01 -1.333311e-03 
 1.861876e+01  4.240961e-04 
 1.861915e+01  2.414317e-03 
 1.861955e+01  4.489859e-03 
 1.861995e+01  6.531559e-03 
 1.862035e+01  8.374469e-03 
 1.862075e+01  9.867493e-03 
 1.862114e+01  1.087287e-02 
 1.862154e+01  1.134938e-02 
 1.862194e+01  1.132226e-02 
 1.862234e+01  1.080728e-02 
 1.862273e+01  9.878812e-03 
 1.862313e+01  8.617027e-03 
 1.862353e+01  7.106654e-03 
 1.862393e+01  5.514564e-03 
 1.862432e+01  3.993933e-03 
 1.862472e+01  2.666766e-03 
 1.862512e+01  1.676639e-03 
 1.862552e+01  1.091201e-03 
 1.862592e+01  9.847189e-04 
 1.862631e+01  1.382705e-03 
 1.862671e+01  2.222687e-03 
 1.862711e+01  3.355565e-03 
 1.862751e+01  4.664275e-03 
 1.862790e+01  6.027234e-03 
 1.862830e+01  7.306724e-03 
 1.862870e+01  8.363184e-03 
 1.862910e+01  9.063307e-03 
 1.862949e+01  9.266560e-03 
 1.862989e+01  8.978166e-03 
 1.863029e+01  8.159622e-03 
 1.863069e+01  6.858314e-03 
 1.863109e+01  5.135110e-03 
 1.863148e+01  3.085939e-03 
 1.863188e+01  8.096021e-04 
 1.863228e+01 -1.529410e-03 
 1.863268e+01 -3.799478e-03 
 1.863307e+01 -5.875511e-03 
 1.863347e+01 -7.694547e-03 
 1.863387e+01 -9.103941e-03 
 1.863427e+01 -1.001781e-02 
 1.863466e+01 -1.035635e-02 
 1.863506e+01 -1.010568e-02 
 1.863546e+01 -9.300035e-03 
 1.863586e+01 -8.037284e-03 
 1.863626e+01 -6.428974e-03 
 1.863665e+01 -4.547425e-03 
 1.863705e+01 -2.454170e-03 
 1.863745e+01 -2.674689e-04 
 1.863785e+01  1.916538e-03 
 1.863824e+01  3.953984e-03 
 1.863864e+01  5.754556e-03 
 1.863904e+01  7.216493e-03 
 1.863944e+01  8.316124e-03 
 1.863984e+01  8.975565e-03 
 1.864023e+01  9.246143e-03 
 1.864063e+01  9.183376e-03 
 1.864103e+01  8.849777e-03 
 1.864143e+01  8.246577e-03 
 1.864182e+01  7.387867e-03 
 1.864222e+01  6.325188e-03 
 1.864262e+01  5.152237e-03 
 1.864302e+01  3.912552e-03 
 1.864341e+01  2.682391e-03 
 1.864381e+01  1.555018e-03 
 1.864421e+01  5.579666e-04 
 1.864461e+01 -2.405733e-04 
 1.864501e+01 -8.393668e-04 
 1.864540e+01 -1.238408e-03 
 1.864580e+01 -1.443030e-03 
 1.864620e+01 -1.457787e-03 
 1.864660e+01 -1.280784e-03 
 1.864699e+01 -9.669023e-04 
 1.864739e+01 -5.824069e-04 
 1.864779e+01 -1.881564e-04 
 1.864819e+01  1.076712e-04 
 1.864858e+01  2.683589e-04 
 1.864898e+01  2.647877e-04 
 1.864938e+01  8.815404e-05 
 1.864978e+01 -2.589558e-04 
 1.865018e+01 -6.942271e-04 
 1.865057e+01 -1.200543e-03 
 1.865097e+01 -1.794342e-03 
 1.865137e+01 -2.442212e-03 
 1.865177e+01 -3.078373e-03 
 1.865216e+01 -3.614723e-03 
 1.865256e+01 -4.021088e-03 
 1.865296e+01 -4.202090e-03 
 1.865336e+01 -4.142487e-03 
 1.865375e+01 -3.834434e-03 
 1.865415e+01 -3.287717e-03 
 1.865455e+01 -2.562597e-03 
 1.865495e+01 -1.711612e-03 
 1.865535e+01 -8.009879e-04 
 1.865574e+01  1.366144e-04 
 1.865614e+01  1.052311e-03 
 1.865654e+01  1.948359e-03 
 1.865694e+01  2.740823e-03 
 1.865733e+01  3.421892e-03 
 1.865773e+01  3.941394e-03 
 1.865813e+01  4.272610e-03 
 1.865853e+01  4.456762e-03 
 1.865892e+01  4.485603e-03 
 1.865932e+01  4.418550e-03 
 1.865972e+01  4.243367e-03 
 1.866012e+01  3.980234e-03 
 1.866052e+01  3.634258e-03 
 1.866091e+01  3.193759e-03 
 1.866131e+01  2.698474e-03 
 1.866171e+01  2.193801e-03 
 1.866211e+01  1.664529e-03 
 1.866250e+01  1.159510e-03 
 1.866290e+01  7.215325e-04 
 1.866330e+01  3.353052e-04 
 1.866370e+01  4.886220e-05 
 1.866409e+01 -1.208766e-04 
 1.866449e+01 -9.003484e-05 
 1.866489e+01  1.568451e-04 
 1.866529e+01  6.758325e-04 
 1.866569e+01  1.468266e-03 
 1.866608e+01  2.506833e-03 
 1.866648e+01  3.744624e-03 
 1.866688e+01  5.105819e-03 
 1.866728e+01  6.530567e-03 
 1.866767e+01  8.001969e-03 
 1.866807e+01  9.489070e-03 
 1.866847e+01  1.094847e-02 
 1.866887e+01  1.231067e-02 
 1.866926e+01  1.355309e-02 
 1.866966e+01  1.458745e-02 
 1.867006e+01  1.537718e-02 
 1.867046e+01  1.584966e-02 
 1.867086e+01  1.597025e-02 
 1.867125e+01  1.577225e-02 
 1.867165e+01  1.525711e-02 
 1.867205e+01  1.452016e-02 
 1.867245e+01  1.362318e-02 
 1.867284e+01  1.262987e-02 
 1.867324e+01  1.160670e-02 
 1.867364e+01  1.062644e-02 
 1.867404e+01  9.789920e-03 
 1.867443e+01  9.098838e-03 
 1.867483e+01  8.559134e-03 
 1.867523e+01  8.190839e-03 
 1.867563e+01  7.963259e-03 
 1.867603e+01  7.848999e-03 
 1.867642e+01  7.824913e-03 
 1.867682e+01  7.841401e-03 
 1.867722e+01  7.878633e-03 
 1.867762e+01  7.905034e-03 
 1.867801e+01  7.952810e-03 
 1.867841e+01  7.991780e-03 
 1.867881e+01  8.000903e-03 
 1.867921e+01  7.978070e-03 
 1.867960e+01  7.890576e-03 
 1.868000e+01  7.765244e-03 
 1.868040e+01  7.616989e-03 
 1.868080e+01  7.470547e-03 
 1.868120e+01  7.325318e-03 
 1.868159e+01  7.167058e-03 
 1.868199e+01  7.025304e-03 
 1.868239e+01  6.902917e-03 
 1.868279e+01  6.834072e-03 
 1.868318e+01  6.841191e-03 
 1.868358e+01  6.944441e-03 
 1.868398e+01  7.206304e-03 
 1.868438e+01  7.671096e-03 
 1.868477e+01  8.390071e-03 
 1.868517e+01  9.346963e-03 
 1.868557e+01  1.051802e-02 
 1.868597e+01  1.181618e-02 
 1.868637e+01  1.324785e-02 
 1.868676e+01  1.471944e-02 
 1.868716e+01  1.614313e-02 
 1.868756e+01  1.741468e-02 
 1.868796e+01  1.844583e-02 
 1.868835e+01  1.917846e-02 
 1.868875e+01  1.950343e-02 
 1.868915e+01  1.937434e-02 
 1.868955e+01  1.875839e-02 
 1.868994e+01  1.767601e-02 
 1.869034e+01  1.620289e-02 
 1.869074e+01  1.437903e-02 
 1.869114e+01  1.230226e-02 
 1.869154e+01  1.009402e-02 
 1.869193e+01  7.910166e-03 
 1.869233e+01  5.907900e-03 
 1.869273e+01  4.222039e-03 
 1.869313e+01  2.968426e-03 
 1.869352e+01  2.192655e-03 
 1.869392e+01  1.949240e-03 
 1.869432e+01  2.226572e-03 
 1.869472e+01  2.990454e-03 
 1.869511e+01  4.154146e-03 
 1.869551e+01  5.604878e-03 
 1.869591e+01  7.271166e-03 
 1.869631e+01  9.017290e-03 
 1.869671e+01  1.072050e-02 
 1.869710e+01  1.223976e-02 
 1.869750e+01  1.345269e-02 
 1.869790e+01  1.428530e-02 
 1.869830e+01  1.465782e-02 
 1.869869e+01  1.458270e-02 
 1.869909e+01  1.407389e-02 
 1.869949e+01  1.317976e-02 
 1.869989e+01  1.199261e-02 
 1.870028e+01  1.061998e-02 
 1.870068e+01  9.201716e-03 
 1.870108e+01  7.853066e-03 
 1.870148e+01  6.718329e-03 
 1.870188e+01  5.860754e-03 
 1.870227e+01  5.343861e-03 
 1.870267e+01  5.173020e-03 
 1.870307e+01  5.312449e-03 
 1.870347e+01  5.727582e-03 
 1.870386e+01  6.350106e-03 
 1.870426e+01  7.129562e-03 
 1.870466e+01  7.960382e-03 
 1.870506e+01  8.773966e-03 
 1.870545e+01  9.427064e-03 
 1.870585e+01  9.837455e-03 
 1.870625e+01  9.927338e-03 
 1.870665e+01  9.633852e-03 
 1.870705e+01  8.949827e-03 
 1.870744e+01  7.888729e-03 
 1.870784e+01  6.530049e-03 
 1.870824e+01  4.974197e-03 
 1.870864e+01  3.313692e-03 
 1.870903e+01  1.619492e-03 
 1.870943e+01 -5.200481e-05 
 1.870983e+01 -1.613121e-03 
 1.871023e+01 -2.949415e-03 
 1.871062e+01 -3.965302e-03 
 1.871102e+01 -4.569230e-03 
 1.871142e+01 -4.702720e-03 
 1.871182e+01 -4.332043e-03 
 1.871222e+01 -3.464398e-03 
 1.871261e+01 -2.139066e-03 
 1.871301e+01 -4.191327e-04 
 1.871341e+01  1.626547e-03 
 1.871381e+01  3.944381e-03 
 1.871420e+01  6.390162e-03 
 1.871460e+01  8.824876e-03 
 1.871500e+01  1.109855e-02 
 1.871540e+01  1.305133e-02 
 1.871579e+01  1.457346e-02 
 1.871619e+01  1.559490e-02 
 1.871659e+01  1.608443e-02 
 1.871699e+01  1.606708e-02 
 1.871739e+01  1.556142e-02 
 1.871778e+01  1.464751e-02 
 1.871818e+01  1.341617e-02 
 1.871858e+01  1.190620e-02 
 1.871898e+01  1.023268e-02 
 1.871937e+01  8.509457e-03 
 1.871977e+01  6.887756e-03 
 1.872017e+01  5.496995e-03 
 1.872057e+01  4.376582e-03 
 1.872096e+01  3.581586e-03 
 1.872136e+01  3.135143e-03 
 1.872176e+01  3.020235e-03 
 1.872216e+01  3.231757e-03 
 1.872256e+01  3.717730e-03 
 1.872295e+01  4.410628e-03 
 1.872335e+01  5.233833e-03 
 1.872375e+01  6.125686e-03 
 1.872415e+01  6.962404e-03 
 1.872454e+01  7.646157e-03 
 1.872494e+01  8.080105e-03 
 1.872534e+01  8.195871e-03 
 1.872574e+01  8.007681e-03 
 1.872613e+01  7.549668e-03 
 1.872653e+01  6.841643e-03 
 1.872693e+01  5.925551e-03 
 1.872733e+01  4.840456e-03 
 1.872773e+01  3.669705e-03 
 1.872812e+01  2.463807e-03 
 1.872852e+01  1.365620e-03 
 1.872892e+01  4.309828e-04 
 1.872932e+01 -2.570880e-04 
 1.872971e+01 -6.352673e-04 
 1.873011e+01 -7.088591e-04 
 1.873051e+01 -4.789531e-04 
 1.873091e+01 -2.770699e-05 
 1.873130e+01  5.686628e-04 
 1.873170e+01  1.259845e-03 
 1.873210e+01  2.053474e-03 
 1.873250e+01  2.907856e-03 
 1.873290e+01  3.767961e-03 
 1.873329e+01  4.545754e-03 
 1.873369e+01  5.148042e-03 
 1.873409e+01  5.534511e-03 
 1.873449e+01  5.676332e-03 
 1.873488e+01  5.558473e-03 
 1.873528e+01  5.190683e-03 
 1.873568e+01  4.610273e-03 
 1.873608e+01  3.835216e-03 
 1.873648e+01  2.870177e-03 
 1.873687e+01  1.743059e-03 
 1.873727e+01  5.044877e-04 
 1.873767e+01 -7.851454e-04 
 1.873807e+01 -2.035124e-03 
 1.873846e+01 -3.168957e-03 
 1.873886e+01 -4.079206e-03 
 1.873926e+01 -4.720686e-03 
 1.873966e+01 -5.055727e-03 
 1.874005e+01 -5.092913e-03 
 1.874045e+01 -4.851689e-03 
 1.874085e+01 -4.367723e-03 
 1.874125e+01 -3.630300e-03 
 1.874165e+01 -2.620693e-03 
 1.874204e+01 -1.336284e-03 
 1.874244e+01  1.182744e-04 
 1.874284e+01  1.658189e-03 
 1.874324e+01  3.149405e-03 
 1.874363e+01  4.516765e-03 
 1.874403e+01  5.670159e-03 
 1.874443e+01  6.585101e-03 
 1.874483e+01  7.253607e-03 
 1.874522e+01  7.633833e-03 
 1.874562e+01  7.752344e-03 
 1.874602e+01  7.607281e-03 
 1.874642e+01  7.212461e-03 
 1.874682e+01  6.590662e-03 
 1.874721e+01  5.859093e-03 
 1.874761e+01  5.080176e-03 
 1.874801e+01  4.339089e-03 
 1.874841e+01  3.684881e-03 
 1.874880e+01  3.093393e-03 
 1.874920e+01  2.550035e-03 
 1.874960e+01  2.045256e-03 
 1.875000e+01  1.561583e-03 
 1.875039e+01  1.113105e-03 
 1.875079e+01  7.061972e-04 
 1.875119e+01  3.238938e-04 
 1.875159e+01 -6.295429e-05 
 1.875199e+01 -4.463107e-04 
 1.875238e+01 -8.554532e-04 
 1.875278e+01 -1.270539e-03 
 1.875318e+01 -1.663853e-03 
 1.875358e+01 -1.993999e-03 
 1.875397e+01 -2.209275e-03 
 1.875437e+01 -2.298656e-03 
 1.875477e+01 -2.283281e-03 
 1.875517e+01 -2.211924e-03 
 1.875556e+01 -2.141992e-03 
 1.875596e+01 -2.101292e-03 
 1.875636e+01 -2.090403e-03 
 1.875676e+01 -2.076952e-03 
 1.875716e+01 -2.048984e-03 
 1.875755e+01 -1.954754e-03 
 1.875795e+01 -1.803570e-03 
 1.875835e+01 -1.608789e-03 
 1.875875e+01 -1.407319e-03 
 1.875914e+01 -1.214779e-03 
 1.875954e+01 -9.624280e-04 
 1.875994e+01 -6.408209e-04 
 1.876034e+01 -2.199573e-04 
 1.876073e+01  3.184426e-04 
 1.876113e+01  9.743464e-04 
 1.876153e+01  1.753117e-03 
 1.876193e+01  2.653506e-03 
 1.876233e+01  3.665129e-03 
 1.876272e+01  4.782781e-03 
 1.876312e+01  5.950554e-03 
 1.876352e+01  7.151678e-03 
 1.876392e+01  8.324702e-03 
 1.876431e+01  9.353680e-03 
 1.876471e+01  1.016185e-02 
 1.876511e+01  1.068089e-02 
 1.876551e+01  1.088593e-02 
 1.876590e+01  1.080870e-02 
 1.876630e+01  1.043363e-02 
 1.876670e+01  9.767422e-03 
 1.876710e+01  8.851612e-03 
 1.876750e+01  7.721913e-03 
 1.876789e+01  6.463972e-03 
 1.876829e+01  5.158183e-03 
 1.876869e+01  3.889699e-03 
 1.876909e+01  2.761295e-03 
 1.876948e+01  1.890856e-03 
 1.876988e+01  1.354394e-03 
 1.877028e+01  1.190461e-03 
 1.877068e+01  1.389193e-03 
 1.877107e+01  1.912848e-03 
 1.877147e+01  2.745737e-03 
 1.877187e+01  3.827101e-03 
 1.877227e+01  5.102759e-03 
 1.877267e+01  6.514456e-03 
 1.877306e+01  7.954927e-03 
 1.877346e+01  9.387821e-03 
 1.877386e+01  1.074381e-02 
 1.877426e+01  1.199445e-02 
 1.877465e+01  1.308227e-02 
 1.877505e+01  1.392894e-02 
 1.877545e+01  1.451444e-02 
 1.877585e+01  1.480768e-02 
 1.877624e+01  1.482963e-02 
 1.877664e+01  1.455976e-02 
 1.877704e+01  1.399722e-02 
 1.877744e+01  1.322220e-02 
 1.877784e+01  1.230944e-02 
 1.877823e+01  1.137771e-02 
 1.877863e+01  1.049851e-02 
 1.877903e+01  9.727590e-03 
 1.877943e+01  9.071684e-03 
 1.877982e+01  8.575273e-03 
 1.878022e+01  8.268567e-03 
 1.878062e+01  8.154293e-03 
 1.878102e+01  8.260439e-03 
 1.878141e+01  8.585747e-03 
 1.878181e+01  9.087785e-03 
 1.878221e+01  9.676493e-03 
 1.878261e+01  1.024715e-02 
 1.878301e+01  1.067674e-02 
 1.878340e+01  1.088824e-02 
 1.878380e+01  1.081230e-02 
 1.878420e+01  1.043846e-02 
 1.878460e+01  9.832883e-03 
 1.878499e+01  8.909411e-03 
 1.878539e+01  7.830743e-03 
 1.878579e+01  6.625605e-03 
 1.878619e+01  5.341043e-03 
 1.878658e+01  4.037835e-03 
 1.878698e+01  2.791225e-03 
 1.878738e+01  1.771226e-03 
 1.878778e+01  1.018286e-03 
 1.878818e+01  6.495810e-04 
 1.878857e+01  6.557937e-04 
 1.878897e+01  1.060667e-03 
 1.878937e+01  1.905734e-03 
 1.878977e+01  3.188379e-03 
 1.879016e+01  4.849862e-03 
 1.879056e+01  6.851447e-03 
 1.879096e+01  9.054019e-03 
 1.879136e+01  1.133226e-02 
 1.879175e+01  1.353989e-02 
 1.879215e+01  1.550684e-02 
 1.879255e+01  1.709503e-02 
 1.879295e+01  1.819451e-02 
 1.879335e+01  1.880991e-02 
 1.879374e+01  1.891704e-02 
 1.879414e+01  1.853114e-02 
 1.879454e+01  1.767969e-02 
 1.879494e+01  1.641111e-02 
 1.879533e+01  1.481654e-02 
 1.879573e+01  1.302671e-02 
 1.879613e+01  1.121679e-02 
 1.879653e+01  9.508655e-03 
 1.879692e+01  8.032230e-03 
 1.879732e+01  6.861903e-03 
 1.879772e+01  6.035678e-03 
 1.879812e+01  5.585096e-03 
 1.879852e+01  5.498632e-03 
 1.879891e+01  5.708142e-03 
 1.879931e+01  6.174342e-03 
 1.879971e+01  6.858494e-03 
 1.880011e+01  7.636233e-03 
 1.880050e+01  8.462537e-03 
 1.880090e+01  9.208275e-03 
 1.880130e+01  9.794960e-03 
 1.880170e+01  1.021400e-02 
 1.880209e+01  1.047121e-02 
 1.880249e+01  1.055660e-02 
 1.880289e+01  1.042996e-02 
 1.880329e+01  1.014372e-02 
 1.880369e+01  9.680728e-03 
 1.880408e+01  9.039763e-03 
 1.880448e+01  8.282836e-03 
 1.880488e+01  7.490317e-03 
 1.880528e+01  6.778843e-03 
 1.880567e+01  6.247679e-03 
 1.880607e+01  5.943717e-03 
 1.880647e+01  5.890730e-03 
 1.880687e+01  6.097710e-03 
 1.880726e+01  6.538780e-03 
 1.880766e+01  7.219834e-03 
 1.880806e+01  8.139318e-03 
 1.880846e+01  9.229361e-03 
 1.880886e+01  1.045108e-02 
 1.880925e+01  1.175219e-02 
 1.880965e+01  1.305913e-02 
 1.881005e+01  1.422717e-02 
 1.881045e+01  1.510901e-02 
 1.881084e+01  1.563759e-02 
 1.881124e+01  1.575990e-02 
 1.881164e+01  1.549750e-02 
 1.881204e+01  1.483813e-02 
 1.881243e+01  1.377651e-02 
 1.881283e+01  1.234129e-02 
 1.881323e+01  1.061264e-02 
 1.881363e+01  8.703343e-03 
 1.881403e+01  6.674742e-03 
 1.881442e+01  4.658426e-03 
 1.881482e+01  2.740825e-03 
 1.881522e+01  1.057275e-03 
 1.881562e+01 -2.714568e-04 
 1.881601e+01 -1.184212e-03 
 1.881641e+01 -1.640300e-03 
 1.881681e+01 -1.647075e-03 
 1.881721e+01 -1.156854e-03 
 1.881760e+01 -2.211167e-04 
 1.881800e+01  1.098541e-03 
 1.881840e+01  2.708378e-03 
 1.881880e+01  4.441274e-03 
 1.881920e+01  6.175202e-03 
 1.881959e+01  7.829112e-03 
 1.881999e+01  9.278519e-03 
 1.882039e+01  1.047772e-02 
 1.882079e+01  1.133943e-02 
 1.882118e+01  1.185847e-02 
 1.882158e+01  1.205497e-02 
 1.882198e+01  1.197525e-02 
 1.882238e+01  1.166035e-02 
 1.882277e+01  1.113505e-02 
 1.882317e+01  1.046104e-02 
 1.882357e+01  9.709363e-03 
 1.882397e+01  8.995427e-03 
 1.882437e+01  8.370798e-03 
 1.882476e+01  7.851698e-03 
 1.882516e+01  7.432137e-03 
 1.882556e+01  7.143466e-03 
 1.882596e+01  6.958874e-03 
 1.882635e+01  6.821074e-03 
 1.882675e+01  6.729754e-03 
 1.882715e+01  6.653305e-03 
 1.882755e+01  6.553886e-03 
 1.882795e+01  6.385522e-03 
 1.882834e+01  6.104870e-03 
 1.882874e+01  5.686336e-03 
 1.882914e+01  5.125374e-03 
 1.882954e+01  4.437241e-03 
 1.882993e+01  3.701738e-03 
 1.883033e+01  2.886433e-03 
 1.883073e+01  2.004991e-03 
 1.883113e+01  1.054283e-03 
 1.883152e+01  2.144937e-05 
 1.883192e+01 -1.059745e-03 
 1.883232e+01 -2.164875e-03 
 1.883272e+01 -3.283281e-03 
 1.883312e+01 -4.308897e-03 
 1.883351e+01 -5.175282e-03 
 1.883391e+01 -5.873606e-03 
 1.883431e+01 -6.391010e-03 
 1.883471e+01 -6.727579e-03 
 1.883510e+01 -6.819602e-03 
 1.883550e+01 -6.695698e-03 
 1.883590e+01 -6.282326e-03 
 1.883630e+01 -5.626667e-03 
 1.883669e+01 -4.751633e-03 
 1.883709e+01 -3.665817e-03 
 1.883749e+01 -2.434794e-03 
 1.883789e+01 -1.130441e-03 
 1.883829e+01  1.500463e-04 
 1.883868e+01  1.329819e-03 
 1.883908e+01  2.353712e-03 
 1.883948e+01  3.189755e-03 
 1.883988e+01  3.837422e-03 
 1.884027e+01  4.221069e-03 
 1.884067e+01  4.334294e-03 
 1.884107e+01  4.163481e-03 
 1.884147e+01  3.744302e-03 
 1.884186e+01  3.137758e-03 
 1.884226e+01  2.406122e-03 
 1.884266e+01  1.573929e-03 
 1.884306e+01  6.742038e-04 
 1.884346e+01 -2.436393e-04 
 1.884385e+01 -1.147168e-03 
 1.884425e+01 -2.015334e-03 
 1.884465e+01 -2.806901e-03 
 1.884505e+01 -3.516308e-03 
 1.884544e+01 -4.127897e-03 
 1.884584e+01 -4.584878e-03 
 1.884624e+01 -4.877984e-03 
 1.884664e+01 -5.024549e-03 
 1.884703e+01 -5.054227e-03 
 1.884743e+01 -4.898793e-03 
 1.884783e+01 -4.583160e-03 
 1.884823e+01 -4.115435e-03 
 1.884863e+01 -3.493040e-03 
 1.884902e+01 -2.777789e-03 
 1.884942e+01 -1.975633e-03 
 1.884982e+01 -1.122513e-03 
 1.885022e+01 -2.647301e-04 
 1.885061e+01  5.904790e-04 
 1.885101e+01  1.436016e-03 
 1.885141e+01  2.223042e-03 
 1.885181e+01  2.918274e-03 
 1.885220e+01  3.479480e-03 
 1.885260e+01  3.835301e-03 
 1.885300e+01  3.945377e-03 
 1.885340e+01  3.851690e-03 
 1.885380e+01  3.588227e-03 
 1.885419e+01  3.162084e-03 
 1.885459e+01  2.658481e-03 
 1.885499e+01  2.164713e-03 
 1.885539e+01  1.712679e-03 
 1.885578e+01  1.368302e-03 
 1.885618e+01  1.131263e-03 
 1.885658e+01  1.007903e-03 
 1.885698e+01  1.060746e-03 
 1.885737e+01  1.297156e-03 
 1.885777e+01  1.742203e-03 
 1.885817e+01  2.338529e-03 
 1.885857e+01  3.011440e-03 
 1.885897e+01  3.716702e-03 
 1.885936e+01  4.354465e-03 
 1.885976e+01  4.903297e-03 
 1.886016e+01  5.254478e-03 
 1.886056e+01  5.352812e-03 
 1.886095e+01  5.206036e-03 
 1.886135e+01  4.798864e-03 
 1.886175e+01  4.156701e-03 
 1.886215e+01  3.295108e-03 
 1.886254e+01  2.267935e-03 
 1.886294e+01  1.158577e-03 
 1.886334e+01  8.288700e-05 
 1.886374e+01 -8.361752e-04 
 1.886414e+01 -1.508775e-03 
 1.886453e+01 -1.899882e-03 
 1.886493e+01 -1.961688e-03 
 1.886533e+01 -1.673854e-03 
 1.886573e+01 -1.034335e-03 
 1.886612e+01 -3.482312e-06 
 1.886652e+01  1.338038e-03 
 1.886692e+01  2.932248e-03 
 1.886732e+01  4.710346e-03 
 1.886771e+01  6.556455e-03 
 1.886811e+01  8.414394e-03 
 1.886851e+01  1.017606e-02 
 1.886891e+01  1.176151e-02 
 1.886931e+01  1.307705e-02 
 1.886970e+01  1.414926e-02 
 1.887010e+01  1.492135e-02 
 1.887050e+01  1.534275e-02 
 1.887090e+01  1.539196e-02 
 1.887129e+01  1.507950e-02 
 1.887169e+01  1.442944e-02 
 1.887209e+01  1.347168e-02 
 1.887249e+01  1.229662e-02 
 1.887288e+01  1.097953e-02 
 1.887328e+01  9.590276e-03 
 1.887368e+01  8.250409e-03 
 1.887408e+01  7.021674e-03 
 1.887448e+01  5.997555e-03 
 1.887487e+01  5.214175e-03 
 1.887527e+01  4.693409e-03 
 1.887567e+01  4.521607e-03 
 1.887607e+01  4.669378e-03 
 1.887646e+01  5.083171e-03 
 1.887686e+01  5.716682e-03 
 1.887726e+01  6.507636e-03 
 1.887766e+01  7.383636e-03 
 1.887805e+01  8.289118e-03 
 1.887845e+01  9.180442e-03 
 1.887885e+01  1.001216e-02 
 1.887925e+01  1.071192e-02 
 1.887965e+01  1.122399e-02 
 1.888004e+01  1.148898e-02 
 1.888044e+01  1.145774e-02 
 1.888084e+01  1.113683e-02 
 1.888124e+01  1.060307e-02 
 1.888163e+01  9.933548e-03 
 1.888203e+01  9.227855e-03 
 1.888243e+01  8.584693e-03 
 1.888283e+01  8.115366e-03 
 1.888322e+01  7.859821e-03 
 1.888362e+01  7.870168e-03 
 1.888402e+01  8.123643e-03 
 1.888442e+01  8.618353e-03 
 1.888482e+01  9.366664e-03 
 1.888521e+01  1.033330e-02 
 1.888561e+01  1.149595e-02 
 1.888601e+01  1.275418e-02 
 1.888641e+01  1.398806e-02 
 1.888680e+01  1.505649e-02 
 1.888720e+01  1.587653e-02 
 1.888760e+01  1.638153e-02 
 1.888800e+01  1.650537e-02 
 1.888839e+01  1.621796e-02 
 1.888879e+01  1.550191e-02 
 1.888919e+01  1.440827e-02 
 1.888959e+01  1.296587e-02 
 1.888999e+01  1.127923e-02 
 1.889038e+01  9.423604e-03 
 1.889078e+01  7.533433e-03 
 1.889118e+01  5.725293e-03 
 1.889158e+01  4.087661e-03 
 1.889197e+01  2.751855e-03 
 1.889237e+01  1.751601e-03 
 1.889277e+01  1.067629e-03 
 1.889317e+01  8.026460e-04 
 1.889356e+01  9.426252e-04 
 1.889396e+01  1.499676e-03 
 1.889436e+01  2.389373e-03 
 1.889476e+01  3.562881e-03 
 1.889516e+01  4.902298e-03 
 1.889555e+01  6.307911e-03 
 1.889595e+01  7.716852e-03 
 1.889635e+01  9.073195e-03 
 1.889675e+01  1.032991e-02 
 1.889714e+01  1.148882e-02 
 1.889754e+01  1.253870e-02 
 1.889794e+01  1.347986e-02 
 1.889834e+01  1.424842e-02 
 1.889873e+01  1.480982e-02 
 1.889913e+01  1.514326e-02 
 1.889953e+01  1.528777e-02 
 1.889993e+01  1.522882e-02 
 1.890033e+01  1.499907e-02 
 1.890072e+01  1.466776e-02 
 1.890112e+01  1.425231e-02 
 1.890152e+01  1.381857e-02 
 1.890192e+01  1.339773e-02 
 1.890231e+01  1.304652e-02 
 1.890271e+01  1.281428e-02 
 1.890311e+01  1.273510e-02 
 1.890351e+01  1.283466e-02 
 1.890390e+01  1.303224e-02 
 1.890430e+01  1.326757e-02 
 1.890470e+01  1.350260e-02 
 1.890510e+01  1.366250e-02 
 1.890550e+01  1.373626e-02 
 1.890589e+01  1.366776e-02 
 1.890629e+01  1.341740e-02 
 1.890669e+01  1.297878e-02 
 1.890709e+01  1.234660e-02 
 1.890748e+01  1.149133e-02 
 1.890788e+01  1.040788e-02 
 1.890828e+01  9.132709e-03 
 1.890868e+01  7.721844e-03 
 1.890907e+01  6.288840e-03 
 1.890947e+01  4.947528e-03 
 1.890987e+01  3.813244e-03 
 1.891027e+01  2.928643e-03 
 1.891067e+01  2.346045e-03 
 1.891106e+01  2.083843e-03 
 1.891146e+01  2.152509e-03 
 1.891186e+01  2.528990e-03 
 1.891226e+01  3.175046e-03 
 1.891265e+01  4.067711e-03 
 1.891305e+01  5.148015e-03 
 1.891345e+01  6.356311e-03 
 1.891385e+01  7.628182e-03 
 1.891424e+01  8.858046e-03 
 1.891464e+01  9.941226e-03 
 1.891504e+01  1.077434e-02 
 1.891544e+01  1.135388e-02 
 1.891584e+01  1.162512e-02 
 1.891623e+01  1.158044e-02 
 1.891663e+01  1.122730e-02 
 1.891703e+01  1.061444e-02 
 1.891743e+01  9.829730e-03 
 1.891782e+01  8.909286e-03 
 1.891822e+01  7.949728e-03 
 1.891862e+01  6.988137e-03 
 1.891902e+01  6.032175e-03 
 1.891942e+01  5.138741e-03 
 1.891981e+01  4.346735e-03 
 1.892021e+01  3.644105e-03 
 1.892061e+01  2.991874e-03 
 1.892101e+01  2.398477e-03 
 1.892140e+01  1.865648e-03 
 1.892180e+01  1.366104e-03 
 1.892220e+01  9.098265e-04 
 1.892260e+01  4.642176e-04 
 1.892299e+01  4.336530e-05 
 1.892339e+01 -3.457152e-04 
 1.892379e+01 -6.661160e-04 
 1.892419e+01 -8.825339e-04 
 1.892459e+01 -9.884512e-04 
 1.892498e+01 -9.321392e-04 
 1.892538e+01 -7.171822e-04 
 1.892578e+01 -3.553843e-04 
 1.892618e+01  1.133702e-04 
 1.892657e+01  6.033673e-04 
 1.892697e+01  1.083665e-03 
 1.892737e+01  1.521626e-03 
 1.892777e+01  1.877641e-03 
 1.892816e+01  2.156244e-03 
 1.892856e+01  2.368299e-03 
 1.892896e+01  2.549921e-03 
 1.892936e+01  2.695889e-03 
 1.892976e+01  2.805088e-03 
 1.893015e+01  2.877199e-03 
 1.893055e+01  2.932600e-03 
 1.893095e+01  2.957316e-03 
 1.893135e+01  2.952634e-03 
 1.893174e+01  2.928940e-03 
 1.893214e+01  2.882296e-03 
 1.893254e+01  2.794892e-03 
 1.893294e+01  2.666345e-03 
 1.893333e+01  2.540268e-03 
 1.893373e+01  2.405604e-03 
 1.893413e+01  2.245086e-03 
 1.893453e+01  2.037448e-03 
 1.893493e+01  1.768605e-03 
 1.893532e+01  1.390125e-03 
 1.893572e+01  8.971728e-04 
 1.893612e+01  3.273627e-04 
 1.893652e+01 -3.311431e-04 
 1.893691e+01 -1.028546e-03 
 1.893731e+01 -1.715206e-03 
 1.893771e+01 -2.359128e-03 
 1.893811e+01 -2.939874e-03 
 1.893850e+01 -3.470195e-03 
 1.893890e+01 -3.947577e-03 
 1.893930e+01 -4.381962e-03 
 1.893970e+01 -4.766856e-03 
 1.894010e+01 -5.114956e-03 
 1.894049e+01 -5.404485e-03 
 1.894089e+01 -5.602968e-03 
 1.894129e+01 -5.698524e-03 
 1.894169e+01 -5.653591e-03 
 1.894208e+01 -5.450914e-03 
 1.894248e+01 -5.113311e-03 
 1.894288e+01 -4.659520e-03 
 1.894328e+01 -4.043253e-03 
 1.894367e+01 -3.251619e-03 
 1.894407e+01 -2.302996e-03 
 1.894447e+01 -1.147263e-03 
 1.894487e+01  1.935951e-04 
 1.894527e+01  1.712068e-03 
 1.894566e+01  3.321541e-03 
 1.894606e+01  4.909967e-03 
 1.894646e+01  6.381571e-03 
 1.894686e+01  7.605306e-03 
 1.894725e+01  8.530236e-03 
 1.894765e+01  9.076179e-03 
 1.894805e+01  9.236528e-03 
 1.894845e+01  9.027880e-03 
 1.894884e+01  8.468746e-03 
 1.894924e+01  7.627689e-03 
 1.894964e+01  6.526078e-03 
 1.895004e+01  5.199621e-03 
 1.895044e+01  3.749128e-03 
 1.895083e+01  2.313893e-03 
 1.895123e+01  1.012226e-03 
 1.895163e+01 -6.818116e-05 
 1.895203e+01 -8.568273e-04 
 1.895242e+01 -1.287851e-03 
 1.895282e+01 -1.338379e-03 
 1.895322e+01 -1.024440e-03 
 1.895362e+01 -4.026573e-04 
 1.895401e+01  4.534764e-04 
 1.895441e+01  1.444485e-03 
 1.895481e+01  2.487883e-03 
 1.895521e+01  3.460202e-03 
 1.895561e+01  4.317543e-03 
 1.895600e+01  4.957531e-03 
 1.895640e+01  5.321974e-03 
 1.895680e+01  5.441264e-03 
 1.895720e+01  5.358594e-03 
 1.895759e+01  5.116086e-03 
 1.895799e+01  4.751226e-03 
 1.895839e+01  4.344303e-03 
 1.895879e+01  3.913411e-03 
 1.895918e+01  3.524289e-03 
 1.895958e+01  3.267711e-03 
 1.895998e+01  3.197815e-03 
 1.896038e+01  3.349551e-03 
 1.896078e+01  3.723100e-03 
 1.896117e+01  4.341993e-03 
 1.896157e+01  5.146933e-03 
 1.896197e+01  6.120485e-03 
 1.896237e+01  7.175504e-03 
 1.896276e+01  8.253743e-03 
 1.896316e+01  9.339170e-03 
 1.896356e+01  1.037814e-02 
 1.896396e+01  1.133066e-02 
 1.896435e+01  1.211629e-02 
 1.896475e+01  1.263508e-02 
 1.896515e+01  1.287669e-02 
 1.896555e+01  1.281922e-02 
 1.896595e+01  1.246566e-02 
 1.896634e+01  1.181045e-02 
 1.896674e+01  1.085471e-02 
 1.896714e+01  9.666487e-03 
 1.896754e+01  8.265595e-03 
 1.896793e+01  6.741644e-03 
 1.896833e+01  5.176576e-03 
 1.896873e+01  3.637409e-03 
 1.896913e+01  2.201603e-03 
 1.896952e+01  9.376460e-04 
 1.896992e+01 -8.973538e-05 
 1.897032e+01 -8.397147e-04 
 1.897072e+01 -1.259323e-03 
 1.897112e+01 -1.301715e-03 
 1.897151e+01 -9.372255e-04 
 1.897191e+01 -1.710923e-04 
 1.897231e+01  9.393301e-04 
 1.897271e+01  2.357257e-03 
 1.897310e+01  3.960812e-03 
 1.897350e+01  5.642494e-03 
 1.897390e+01  7.245809e-03 
 1.897430e+01  8.649648e-03 
 1.897469e+01  9.772702e-03 
 1.897509e+01  1.052296e-02 
 1.897549e+01  1.089192e-02 
 1.897589e+01  1.091513e-02 
 1.897629e+01  1.066849e-02 
 1.897668e+01  1.020196e-02 
 1.897708e+01  9.588792e-03 
 1.897748e+01  8.912888e-03 
 1.897788e+01  8.218493e-03 
 1.897827e+01  7.583065e-03 
 1.897867e+01  7.050956e-03 
 1.897907e+01  6.689845e-03 
 1.897947e+01  6.564554e-03 
 1.897986e+01  6.687097e-03 
 1.898026e+01  7.057270e-03 
 1.898066e+01  7.627352e-03 
 1.898106e+01  8.307480e-03 
 1.898146e+01  9.007232e-03 
 1.898185e+01  9.660337e-03 
 1.898225e+01  1.018983e-02 
 1.898265e+01  1.056225e-02 
 1.898305e+01  1.074078e-02 
 1.898344e+01  1.073838e-02 
 1.898384e+01  1.053780e-02 
 1.898424e+01  1.013799e-02 
 1.898464e+01  9.547720e-03 
 1.898503e+01  8.857854e-03 
 1.898543e+01  8.074058e-03 
 1.898583e+01  7.269965e-03 
 1.898623e+01  6.529947e-03 
 1.898663e+01  5.860950e-03 
 1.898702e+01  5.370559e-03 
 1.898742e+01  5.086809e-03 
 1.898782e+01  5.025964e-03 
 1.898822e+01  5.145462e-03 
 1.898861e+01  5.451949e-03 
 1.898901e+01  5.953222e-03 
 1.898941e+01  6.607108e-03 
 1.898981e+01  7.422020e-03 
 1.899020e+01  8.305325e-03 
 1.899060e+01  9.233718e-03 
 1.899100e+01  1.018017e-02 
 1.899140e+01  1.114250e-02 
 1.899180e+01  1.205552e-02 
 1.899219e+01  1.289195e-02 
 1.899259e+01  1.364025e-02 
 1.899299e+01  1.423676e-02 
 1.899339e+01  1.467624e-02 
 1.899378e+01  1.491271e-02 
 1.899418e+01  1.490886e-02 
 1.899458e+01  1.467259e-02 
 1.899498e+01  1.424039e-02 
 1.899537e+01  1.363000e-02 
 1.899577e+01  1.283390e-02 
 1.899617e+01  1.190266e-02 
 1.899657e+01  1.087659e-02 
 1.899697e+01  9.817820e-03 
 1.899736e+01  8.776129e-03 
 1.899776e+01  7.845019e-03 
 1.899816e+01  7.088146e-03 
 1.899856e+01  6.593643e-03 
 1.899895e+01  6.366468e-03 
 1.899935e+01  6.400100e-03 
 1.899975e+01  6.689249e-03 
 1.900015e+01  7.152817e-03 
 1.900054e+01  7.728364e-03 
 1.900094e+01  8.367505e-03 
 1.900134e+01  8.997266e-03 
 1.900174e+01  9.543140e-03 
 1.900214e+01  9.928439e-03 
 1.900253e+01  1.014835e-02 
 1.900293e+01  1.021537e-02 
 1.900333e+01  1.014116e-02 
 1.900373e+01  9.998211e-03 
 1.900412e+01  9.808621e-03 
 1.900452e+01  9.592949e-03 
 1.900492e+01  9.426728e-03 
 1.900532e+01  9.316239e-03 
 1.900571e+01  9.271527e-03 
 1.900611e+01  9.301959e-03 
 1.900651e+01  9.409062e-03 
 1.900691e+01  9.639112e-03 
 1.900731e+01  1.007475e-02 
 1.900770e+01  1.065812e-02 
 1.900810e+01  1.129399e-02 
 1.900850e+01  1.189356e-02 
 1.900890e+01  1.237239e-02 
 1.900929e+01  1.271689e-02 
 1.900969e+01  1.290669e-02 
 1.901009e+01  1.293380e-02 
 1.901049e+01  1.279372e-02 
 1.901089e+01  1.254830e-02 
 1.901128e+01  1.225354e-02 
 1.901168e+01  1.188705e-02 
 1.901208e+01  1.144284e-02 
 1.901248e+01  1.085260e-02 
 1.901287e+01  1.016379e-02 
 1.901327e+01  9.427010e-03 
 1.901367e+01  8.686416e-03 
 1.901407e+01  7.967430e-03 
 1.901446e+01  7.253789e-03 
 1.901486e+01  6.551769e-03 
 1.901526e+01  5.831456e-03 
 1.901566e+01  5.086684e-03 
 1.901606e+01  4.294908e-03 
 1.901645e+01  3.436082e-03 
 1.901685e+01  2.563779e-03 
 1.901725e+01  1.687281e-03 
 1.901765e+01  8.617903e-04 
 1.901804e+01  8.386059e-05 
 1.901844e+01 -5.545580e-04 
 1.901884e+01 -1.013224e-03 
 1.901924e+01 -1.223712e-03 
 1.901963e+01 -1.143146e-03 
 1.902003e+01 -7.581086e-04 
 1.902043e+01 -6.528513e-05 
 1.902083e+01  8.483730e-04 
 1.902123e+01  1.909344e-03 
 1.902162e+01  3.049031e-03 
 1.902202e+01  4.163099e-03 
 1.902242e+01  5.199863e-03 
 1.902282e+01  6.076773e-03 
 1.902321e+01  6.767730e-03 
 1.902361e+01  7.211813e-03 
 1.902401e+01  7.352725e-03 
 1.902441e+01  7.142894e-03 
 1.902480e+01  6.620060e-03 
 1.902520e+01  5.817347e-03 
 1.902560e+01  4.829487e-03 
 1.902600e+01  3.780433e-03 
 1.902640e+01  2.758775e-03 
 1.902679e+01  1.839966e-03 
 1.902719e+01  1.094053e-03 
 1.902759e+01  5.369215e-04 
 1.902799e+01  1.853181e-04 
 1.902838e+01  1.001410e-05 
 1.902878e+01  4.733520e-05 
 1.902918e+01  2.787428e-04 
 1.902958e+01  6.836426e-04 
 1.902997e+01  1.189893e-03 
 1.903037e+01  1.688725e-03 
 1.903077e+01  2.187344e-03 
 1.903117e+01  2.627664e-03 
 1.903157e+01  3.002870e-03 
 1.903196e+01  3.291733e-03 
 1.903236e+01  3.453688e-03 
 1.903276e+01  3.460952e-03 
 1.903316e+01  3.319700e-03 
 1.903355e+01  3.001994e-03 
 1.903395e+01  2.500213e-03 
 1.903435e+01  1.822567e-03 
 1.903475e+01  1.022997e-03 
 1.903514e+01  1.555359e-04 
 1.903554e+01 -7.426412e-04 
 1.903594e+01 -1.645903e-03 
 1.903634e+01 -2.541782e-03 
 1.903674e+01 -3.397729e-03 
 1.903713e+01 -4.120096e-03 
 1.903753e+01 -4.659045e-03 
 1.903793e+01 -4.911080e-03 
 1.903833e+01 -4.799405e-03 
 1.903872e+01 -4.265541e-03 
 1.903912e+01 -3.304609e-03 
 1.903952e+01 -1.972341e-03 
 1.903992e+01 -3.989537e-04 
 1.904031e+01  1.326892e-03 
 1.904071e+01  3.119550e-03 
 1.904111e+01  4.885689e-03 
 1.904151e+01  6.478874e-03 
 1.904191e+01  7.840926e-03 
 1.904230e+01  8.906903e-03 
 1.904270e+01  9.571805e-03 
 1.904310e+01  9.773675e-03 
 1.904350e+01  9.434550e-03 
 1.904389e+01  8.561445e-03 
 1.904429e+01  7.191130e-03 
 1.904469e+01  5.444440e-03 
 1.904509e+01  3.471017e-03 
 1.904548e+01  1.460441e-03 
 1.904588e+01 -4.017314e-04 
 1.904628e+01 -1.971159e-03 
 1.904668e+01 -3.108656e-03 
 1.904708e+01 -3.715439e-03 
 1.904747e+01 -3.771228e-03 
 1.904787e+01 -3.300718e-03 
 1.904827e+01 -2.330115e-03 
 1.904867e+01 -9.672248e-04 
 1.904906e+01  6.713349e-04 
 1.904946e+01  2.471218e-03 
 1.904986e+01  4.277703e-03 
 1.905026e+01  5.945498e-03 
 1.905065e+01  7.374944e-03 
 1.905105e+01  8.461156e-03 
 1.905145e+01  9.108774e-03 
 1.905185e+01  9.276718e-03 
 1.905225e+01  8.948091e-03 
 1.905264e+01  8.186844e-03 
 1.905304e+01  7.141507e-03 
 1.905344e+01  5.891634e-03 
 1.905384e+01  4.524434e-03 
 1.905423e+01  3.145092e-03 
 1.905463e+01  1.848115e-03 
 1.905503e+01  7.540105e-04 
 1.905543e+01 -6.386814e-05 
 1.905582e+01 -5.820036e-04 
 1.905622e+01 -8.267020e-04 
 1.905662e+01 -7.976232e-04 
 1.905702e+01 -4.931819e-04 
 1.905742e+01  5.941767e-05 
 1.905781e+01  7.869305e-04 
 1.905821e+01  1.632871e-03 
 1.905861e+01  2.583754e-03 
 1.905901e+01  3.606232e-03 
 1.905940e+01  4.661333e-03 
 1.905980e+01  5.645024e-03 
 1.906020e+01  6.443195e-03 
 1.906060e+01  7.022110e-03 
 1.906099e+01  7.354285e-03 
 1.906139e+01  7.422278e-03 
 1.906179e+01  7.238527e-03 
 1.906219e+01  6.763040e-03 
 1.906259e+01  6.012990e-03 
 1.906298e+01  5.040169e-03 
 1.906338e+01  3.870626e-03 
 1.906378e+01  2.558015e-03 
 1.906418e+01  1.197062e-03 
 1.906457e+01 -8.683718e-05 
 1.906497e+01 -1.187496e-03 
 1.906537e+01 -1.990128e-03 
 1.906577e+01 -2.391691e-03 
 1.906616e+01 -2.360316e-03 
 1.906656e+01 -1.896358e-03 
 1.906696e+01 -9.970616e-04 
 1.906736e+01  3.102688e-04 
 1.906776e+01  1.938436e-03 
 1.906815e+01  3.757543e-03 
 1.906855e+01  5.632872e-03 
 1.906895e+01  7.388168e-03 
 1.906935e+01  8.940545e-03 
 1.906974e+01  1.015901e-02 
 1.907014e+01  1.101256e-02 
 1.907054e+01  1.149995e-02 
 1.907094e+01  1.159448e-02 
 1.907133e+01  1.132085e-02 
 1.907173e+01  1.070299e-02 
 1.907213e+01  9.774952e-03 
 1.907253e+01  8.586537e-03 
 1.907293e+01  7.260091e-03 
 1.907332e+01  5.913067e-03 
 1.907372e+01  4.664393e-03 
 1.907412e+01  3.611313e-03 
 1.907452e+01  2.822016e-03 
 1.907491e+01  2.318624e-03 
 1.907531e+01  2.094632e-03 
 1.907571e+01  2.095596e-03 
 1.907611e+01  2.258209e-03 
 1.907650e+01  2.566887e-03 
 1.907690e+01  3.016198e-03 
 1.907730e+01  3.599747e-03 
 1.907770e+01  4.247704e-03 
 1.907810e+01  4.908460e-03 
 1.907849e+01  5.519516e-03 
 1.907889e+01  6.023297e-03 
 1.907929e+01  6.428586e-03 
 1.907969e+01  6.730429e-03 
 1.908008e+01  6.939362e-03 
 1.908048e+01  7.095850e-03 
 1.908088e+01  7.237009e-03 
 1.908128e+01  7.347555e-03 
 1.908167e+01  7.421785e-03 
 1.908207e+01  7.468101e-03 
 1.908247e+01  7.489519e-03 
 1.908287e+01  7.516844e-03 
 1.908327e+01  7.630378e-03 
 1.908366e+01  7.809576e-03 
 1.908406e+01  8.095071e-03 
 1.908446e+01  8.495646e-03 
 1.908486e+01  8.959530e-03 
 1.908525e+01  9.482835e-03 
 1.908565e+01  9.984425e-03 
 1.908605e+01  1.047388e-02 
 1.908645e+01  1.095353e-02 
 1.908684e+01  1.145674e-02 
 1.908724e+01  1.199155e-02 
 1.908764e+01  1.253959e-02 
 1.908804e+01  1.314274e-02 
 1.908844e+01  1.374709e-02 
 1.908883e+01  1.429829e-02 
 1.908923e+01  1.478110e-02 
 1.908963e+01  1.515308e-02 
 1.909003e+01  1.536746e-02 
 1.909042e+01  1.541367e-02 
 1.909082e+01  1.528029e-02 
 1.909122e+01  1.493791e-02 
 1.909162e+01  1.440394e-02 
 1.909201e+01  1.370415e-02 
 1.909241e+01  1.289503e-02 
 1.909281e+01  1.207800e-02 
 1.909321e+01  1.132773e-02 
 1.909361e+01  1.070372e-02 
 1.909400e+01  1.023565e-02 
 1.909440e+01  9.951363e-03 
 1.909480e+01  9.855183e-03 
 1.909520e+01  9.933921e-03 
 1.909559e+01  1.019570e-02 
 1.909599e+01  1.058262e-02 
 1.909639e+01  1.106889e-02 
 1.909679e+01  1.164717e-02 
 1.909718e+01  1.229029e-02 
 1.909758e+01  1.295311e-02 
 1.909798e+01  1.358678e-02 
 1.909838e+01  1.418684e-02 
 1.909878e+01  1.471332e-02 
 1.909917e+01  1.516839e-02 
 1.909957e+01  1.551741e-02 
 1.909997e+01  1.570866e-02 
 1.910037e+01  1.572230e-02 
 1.910076e+01  1.558520e-02 
 1.910116e+01  1.533241e-02 
 1.910156e+01  1.496564e-02 
 1.910196e+01  1.451774e-02 
 1.910236e+01  1.398455e-02 
 1.910275e+01  1.338401e-02 
 1.910315e+01  1.275102e-02 
 1.910355e+01  1.204772e-02 
 1.910395e+01  1.129430e-02 
 1.910434e+01  1.054144e-02 
 1.910474e+01  9.806228e-03 
 1.910514e+01  9.112520e-03 
 1.910554e+01  8.474638e-03 
 1.910593e+01  7.887137e-03 
 1.910633e+01  7.370884e-03 
 1.910673e+01  6.986259e-03 
 1.910713e+01  6.739156e-03 
 1.910753e+01  6.624463e-03 
 1.910792e+01  6.601470e-03 
 1.910832e+01  6.659451e-03 
 1.910872e+01  6.787215e-03 
 1.910912e+01  6.938404e-03 
 1.910951e+01  7.071011e-03 
 1.910991e+01  7.114211e-03 
 1.911031e+01  7.071955e-03 
 1.911071e+01  6.918359e-03 
 1.911110e+01  6.668779e-03 
 1.911150e+01  6.335492e-03 
 1.911190e+01  5.930152e-03 
 1.911230e+01  5.458757e-03 
 1.911270e+01  4.925443e-03 
 1.911309e+01  4.390497e-03 
 1.911349e+01  3.873698e-03 
 1.911389e+01  3.420319e-03 
 1.911429e+01  3.110524e-03 
 1.911468e+01  3.006752e-03 
 1.911508e+01  3.208999e-03 
 1.911548e+01  3.759350e-03 
 1.911588e+01  4.653332e-03 
 1.911627e+01  5.836107e-03 
 1.911667e+01  7.171210e-03 
 1.911707e+01  8.535670e-03 
 1.911747e+01  9.777828e-03 
 1.911787e+01  1.077856e-02 
 1.911826e+01  1.145590e-02 
 1.911866e+01  1.172775e-02 
 1.911906e+01  1.159953e-02 
 1.911946e+01  1.106832e-02 
 1.911985e+01  1.012346e-02 
 1.912025e+01  8.776705e-03 
 1.912065e+01  7.101380e-03 
 1.912105e+01  5.182784e-03 
 1.912144e+01  3.113780e-03 
 1.912184e+01  1.078578e-03 
 1.912224e+01 -8.145302e-04 
 1.912264e+01 -2.433009e-03 
 1.912304e+01 -3.621904e-03 
 1.912343e+01 -4.357133e-03 
 1.912383e+01 -4.633650e-03 
 1.912423e+01 -4.489764e-03 
 1.912463e+01 -3.966129e-03 
 1.912502e+01 -3.179211e-03 
 1.912542e+01 -2.211523e-03 
 1.912582e+01 -1.166309e-03 
 1.912622e+01 -1.444123e-04 
 1.912661e+01  8.410346e-04 
 1.912701e+01  1.747890e-03 
 1.912741e+01  2.533780e-03 
 1.912781e+01  3.175588e-03 
 1.912821e+01  3.638542e-03 
 1.912860e+01  3.888916e-03 
 1.912900e+01  3.916809e-03 
 1.912940e+01  3.693936e-03 
 1.912980e+01  3.216899e-03 
 1.913019e+01  2.494223e-03 
 1.913059e+01  1.620113e-03 
 1.913099e+01  6.659721e-04 
 1.913139e+01 -3.239332e-04 
 1.913178e+01 -1.227480e-03 
 1.913218e+01 -1.954186e-03 
 1.913258e+01 -2.436877e-03 
 1.913298e+01 -2.581794e-03 
 1.913338e+01 -2.380840e-03 
 1.913377e+01 -1.857416e-03 
 1.913417e+01 -1.034497e-03 
 1.913457e+01  7.319124e-06 
 1.913497e+01  1.168489e-03 
 1.913536e+01  2.416756e-03 
 1.913576e+01  3.664222e-03 
 1.913616e+01  4.806300e-03 
 1.913656e+01  5.769516e-03 
 1.913695e+01  6.409449e-03 
 1.913735e+01  6.612993e-03 
 1.913775e+01  6.286284e-03 
 1.913815e+01  5.444065e-03 
 1.913855e+01  4.139698e-03 
 1.913894e+01  2.445403e-03 
 1.913934e+01  5.229142e-04 
 1.913974e+01 -1.520435e-03 
 1.914014e+01 -3.538354e-03 
 1.914053e+01 -5.381326e-03 
 1.914093e+01 -6.918966e-03 
 1.914133e+01 -8.070799e-03 
 1.914173e+01 -8.707804e-03 
 1.914212e+01 -8.778733e-03 
 1.914252e+01 -8.198064e-03 
 1.914292e+01 -6.958202e-03 
 1.914332e+01 -5.119847e-03 
 1.914372e+01 -2.829295e-03 
 1.914411e+01 -2.516815e-04 
 1.914451e+01  2.424821e-03 
 1.914491e+01  5.037351e-03 
 1.914531e+01  7.403642e-03 
 1.914570e+01  9.369080e-03 
 1.914610e+01  1.080382e-02 
 1.914650e+01  1.167042e-02 
 1.914690e+01  1.195374e-02 
 1.914729e+01  1.168240e-02 
 1.914769e+01  1.090660e-02 
 1.914809e+01  9.733657e-03 
 1.914849e+01  8.275873e-03 
 1.914889e+01  6.633477e-03 
 1.914928e+01  4.936031e-03 
 1.914968e+01  3.271339e-03 
 1.915008e+01  1.781429e-03 
 1.915048e+01  5.735311e-04 
 1.915087e+01 -2.927281e-04 
 1.915127e+01 -8.201792e-04 
 1.915167e+01 -1.028436e-03 
 1.915207e+01 -9.439933e-04 
 1.915246e+01 -6.374623e-04 
 1.915286e+01 -1.283038e-04 
 1.915326e+01  5.178145e-04 
 1.915366e+01  1.221976e-03 
 1.915406e+01  1.963026e-03 
 1.915445e+01  2.707648e-03 
 1.915485e+01  3.371447e-03 
 1.915525e+01  3.902778e-03 
 1.915565e+01  4.259745e-03 
 1.915604e+01  4.367810e-03 
 1.915644e+01  4.219349e-03 
 1.915684e+01  3.786008e-03 
 1.915724e+01  3.063285e-03 
 1.915763e+01  2.095643e-03 
 1.915803e+01  9.580305e-04 
 1.915843e+01 -2.572865e-04 
 1.915883e+01 -1.448424e-03 
 1.915923e+01 -2.493081e-03 
 1.915962e+01 -3.342120e-03 
 1.916002e+01 -3.954058e-03 
 1.916042e+01 -4.272303e-03 
 1.916082e+01 -4.257930e-03 
 1.916121e+01 -3.888204e-03 
 1.916161e+01 -3.154740e-03 
 1.916201e+01 -2.071041e-03 
 1.916241e+01 -7.067299e-04 
 1.916280e+01  9.262529e-04 
 1.916320e+01  2.734459e-03 
 1.916360e+01  4.573058e-03 
 1.916400e+01  6.319354e-03 
 1.916440e+01  7.847868e-03 
 1.916479e+01  9.025936e-03 
 1.916519e+01  9.807835e-03 
 1.916559e+01  1.014079e-02 
 1.916599e+01  9.985293e-03 
 1.916638e+01  9.374291e-03 
 1.916678e+01  8.444743e-03 
 1.916718e+01  7.296927e-03 
 1.916758e+01  6.080066e-03 
 1.916797e+01  4.887741e-03 
 1.916837e+01  3.776138e-03 
 1.916877e+01  2.797662e-03 
 1.916917e+01  2.005270e-03 
 1.916957e+01  1.447899e-03 
 1.916996e+01  1.137540e-03 
 1.917036e+01  1.106693e-03 
 1.917076e+01  1.375085e-03 
 1.917116e+01  1.901229e-03 
 1.917155e+01  2.660650e-03 
 1.917195e+01  3.625492e-03 
 1.917235e+01  4.716942e-03 
 1.917275e+01  5.857913e-03 
 1.917314e+01  6.961221e-03 
 1.917354e+01  7.963549e-03 
 1.917394e+01  8.847049e-03 
 1.917434e+01  9.625629e-03 
 1.917474e+01  1.026928e-02 
 1.917513e+01  1.078239e-02 
 1.917553e+01  1.116977e-02 
 1.917593e+01  1.142192e-02 
 1.917633e+01  1.156535e-02 
 1.917672e+01  1.160969e-02 
 1.917712e+01  1.152981e-02 
 1.917752e+01  1.131917e-02 
 1.917792e+01  1.106512e-02 
 1.917831e+01  1.078864e-02 
 1.917871e+01  1.050942e-02 
 1.917911e+01  1.025774e-02 
 1.917951e+01  9.994502e-03 
 1.917991e+01  9.703662e-03 
 1.918030e+01  9.371959e-03 
 1.918070e+01  9.039229e-03 
 1.918110e+01  8.706531e-03 
 1.918150e+01  8.446040e-03 
 1.918189e+01  8.299495e-03 
 1.918229e+01  8.284108e-03 
 1.918269e+01  8.393242e-03 
 1.918309e+01  8.632636e-03 
 1.918348e+01  8.959358e-03 
 1.918388e+01  9.335809e-03 
 1.918428e+01  9.773872e-03 
 1.918468e+01  1.023467e-02 
 1.918508e+01  1.068145e-02 
 1.918547e+01  1.107100e-02 
 1.918587e+01  1.130661e-02 
 1.918627e+01  1.137694e-02 
 1.918667e+01  1.127765e-02 
 1.918706e+01  1.106054e-02 
 1.918746e+01  1.076864e-02 
 1.918786e+01  1.044964e-02 
 1.918826e+01  1.011420e-02 
 1.918865e+01  9.784363e-03 
 1.918905e+01  9.493150e-03 
 1.918945e+01  9.281402e-03 
 1.918985e+01  9.205712e-03 
 1.919025e+01  9.326717e-03 
 1.919064e+01  9.689709e-03 
 1.919104e+01  1.028881e-02 
 1.919144e+01  1.110385e-02 
 1.919184e+01  1.207539e-02 
 1.919223e+01  1.311448e-02 
 1.919263e+01  1.414015e-02 
 1.919303e+01  1.511472e-02 
 1.919343e+01  1.598648e-02 
 1.919383e+01  1.672720e-02 
 1.919422e+01  1.735762e-02 
 1.919462e+01  1.782469e-02 
 1.919502e+01  1.807574e-02 
 1.919542e+01  1.813403e-02 
 1.919581e+01  1.800673e-02 
 1.919621e+01  1.769592e-02 
 1.919661e+01  1.722436e-02 
 1.919701e+01  1.656149e-02 
 1.919740e+01  1.569062e-02 
 1.919780e+01  1.463917e-02 
 1.919820e+01  1.341156e-02 
 1.919860e+01  1.205723e-02 
 1.919900e+01  1.062486e-02 
 1.919939e+01  9.175544e-03 
 1.919979e+01  7.801891e-03 
 1.920019e+01  6.600497e-03 
 1.920059e+01  5.647350e-03 
 1.920098e+01  4.963279e-03 
 1.920138e+01  4.607553e-03 
 1.920178e+01  4.607057e-03 
 1.920218e+01  4.946180e-03 
 1.920257e+01  5.602708e-03 
 1.920297e+01  6.543276e-03 
 1.920337e+01  7.681877e-03 
 1.920377e+01  8.921723e-03 
 1.920417e+01  1.018196e-02 
 1.920456e+01  1.133919e-02 
 1.920496e+01  1.229390e-02 
 1.920536e+01  1.295086e-02 
 1.920576e+01  1.326024e-02 
 1.920615e+01  1.316794e-02 
 1.920655e+01  1.271618e-02 
 1.920695e+01  1.195587e-02 
 1.920735e+01  1.087459e-02 
 1.920774e+01  9.546935e-03 
 1.920814e+01  8.049515e-03 
 1.920854e+01  6.481850e-03 
 1.920894e+01  5.020051e-03 
 1.920934e+01  3.768790e-03 
 1.920973e+01  2.829888e-03 
 1.921013e+01  2.252198e-03 
 1.921053e+01  2.125560e-03 
 1.921093e+01  2.433204e-03 
 1.921132e+01  3.107682e-03 
 1.921172e+01  4.056617e-03 
 1.921212e+01  5.134351e-03 
 1.921252e+01  6.220401e-03 
 1.921291e+01  7.270878e-03 
 1.921331e+01  8.152640e-03 
 1.921371e+01  8.771203e-03 
 1.921411e+01  8.990689e-03 
 1.921451e+01  8.743699e-03 
 1.921490e+01  7.967607e-03 
 1.921530e+01  6.727319e-03 
 1.921570e+01  5.089493e-03 
 1.921610e+01  3.172466e-03 
 1.921649e+01  1.149593e-03 
 1.921689e+01 -8.163671e-04 
 1.921729e+01 -2.624958e-03 
 1.921769e+01 -4.136911e-03 
 1.921808e+01 -5.244905e-03 
 1.921848e+01 -5.910688e-03 
 1.921888e+01 -6.073666e-03 
 1.921928e+01 -5.696669e-03 
 1.921968e+01 -4.825933e-03 
 1.922007e+01 -3.525232e-03 
 1.922047e+01 -1.902048e-03 
 1.922087e+01 -9.664137e-05 
 1.922127e+01  1.768401e-03 
 1.922166e+01  3.611693e-03 
 1.922206e+01  5.411242e-03 
 1.922246e+01  7.086329e-03 
 1.922286e+01  8.566824e-03 
 1.922325e+01  9.781996e-03 
 1.922365e+01  1.064641e-02 
 1.922405e+01  1.108455e-02 
 1.922445e+01  1.106068e-02 
 1.922485e+01  1.053225e-02 
 1.922524e+01  9.542484e-03 
 1.922564e+01  8.171264e-03 
 1.922604e+01  6.510630e-03 
 1.922644e+01  4.694646e-03 
 1.922683e+01  2.871387e-03 
 1.922723e+01  1.155995e-03 
 1.922763e+01 -3.235085e-04 
 1.922803e+01 -1.448011e-03 
 1.922842e+01 -2.146947e-03 
 1.922882e+01 -2.384621e-03 
 1.922922e+01 -2.157819e-03 
 1.922962e+01 -1.498927e-03 
 1.923002e+01 -5.182503e-04 
 1.923041e+01  7.332147e-04 
 1.923081e+01  2.126073e-03 
 1.923121e+01  3.540103e-03 
 1.923161e+01  4.851465e-03 
 1.923200e+01  5.946802e-03 
 1.923240e+01  6.700467e-03 
 1.923280e+01  7.039702e-03 
 1.923320e+01  6.912330e-03 
 1.923359e+01  6.275434e-03 
 1.923399e+01  5.164112e-03 
 1.923439e+01  3.645741e-03 
 1.923479e+01  1.834257e-03 
 1.923519e+01 -1.208905e-04 
 1.923558e+01 -2.030164e-03 
 1.923598e+01 -3.750165e-03 
 1.923638e+01 -5.119882e-03 
 1.923678e+01 -6.032924e-03 
 1.923717e+01 -6.420043e-03 
 1.923757e+01 -6.285619e-03 
 1.923797e+01 -5.620323e-03 
 1.923837e+01 -4.470957e-03 
 1.923876e+01 -2.884412e-03 
 1.923916e+01 -9.902347e-04 
 1.923956e+01  1.077697e-03 
 1.923996e+01  3.204147e-03 
 1.924036e+01  5.187533e-03 
 1.924075e+01  6.879442e-03 
 1.924115e+01  8.180096e-03 
 1.924155e+01  8.992077e-03 
 1.924195e+01  9.286853e-03 
 1.924234e+01  9.098131e-03 
 1.924274e+01  8.456394e-03 
 1.924314e+01  7.420859e-03 
 1.924354e+01  6.061458e-03 
 1.924393e+01  4.529559e-03 
 1.924433e+01  2.983402e-03 
 1.924473e+01  1.546487e-03 
 1.924513e+01  3.001712e-04 
 1.924553e+01 -6.798724e-04 
 1.924592e+01 -1.342810e-03 
 1.924632e+01 -1.699059e-03 
 1.924672e+01 -1.765558e-03 
 1.924712e+01 -1.572780e-03 
 1.924751e+01 -1.136342e-03 
 1.924791e+01 -4.883310e-04 
 1.924831e+01  3.361969e-04 
 1.924871e+01  1.292216e-03 
 1.924910e+01  2.325807e-03 
 1.924950e+01  3.360483e-03 
 1.924990e+01  4.320681e-03 
 1.925030e+01  5.175463e-03 
 1.925070e+01  5.871972e-03 
 1.925109e+01  6.417021e-03 
 1.925149e+01  6.772616e-03 
 1.925189e+01  6.930626e-03 
 1.925229e+01  6.881411e-03 
 1.925268e+01  6.641582e-03 
 1.925308e+01  6.179162e-03 
 1.925348e+01  5.513064e-03 
 1.925388e+01  4.663619e-03 
 1.925427e+01  3.678114e-03 
 1.925467e+01  2.663733e-03 
 1.925507e+01  1.691762e-03 
 1.925547e+01  8.343549e-04 
 1.925587e+01  1.029984e-04 
 1.925626e+01 -4.307852e-04 
 1.925666e+01 -7.003733e-04 
 1.925706e+01 -7.078824e-04 
 1.925746e+01 -4.243734e-04 
 1.925785e+01  1.066051e-04 
 1.925825e+01  8.311646e-04 
 1.925865e+01  1.704536e-03 
 1.925905e+01  2.627317e-03 
 1.925944e+01  3.483766e-03 
 1.925984e+01  4.132199e-03 
 1.926024e+01  4.506192e-03 
 1.926064e+01  4.553489e-03 
 1.926104e+01  4.253673e-03 
 1.926143e+01  3.670429e-03 
 1.926183e+01  2.834681e-03 
 1.926223e+01  1.867565e-03 
 1.926263e+01  8.240486e-04 
 1.926302e+01 -2.129749e-04 
 1.926342e+01 -1.124981e-03 
 1.926382e+01 -1.837541e-03 
 1.926422e+01 -2.296406e-03 
 1.926461e+01 -2.437147e-03 
 1.926501e+01 -2.251006e-03 
 1.926541e+01 -1.767252e-03 
 1.926581e+01 -1.024931e-03 
 1.926621e+01 -9.587635e-05 
 1.926660e+01  9.561266e-04 
 1.926700e+01  2.072680e-03 
 1.926740e+01  3.172062e-03 
 1.926780e+01  4.284048e-03 
 1.926819e+01  5.290508e-03 
 1.926859e+01  6.141014e-03 
 1.926899e+01  6.803488e-03 
 1.926939e+01  7.261580e-03 
 1.926978e+01  7.563213e-03 
 1.927018e+01  7.758874e-03 
 1.927058e+01  7.900602e-03 
 1.927098e+01  8.055510e-03 
 1.927138e+01  8.282426e-03 
 1.927177e+01  8.582595e-03 
 1.927217e+01  8.928475e-03 
 1.927257e+01  9.304280e-03 
 1.927297e+01  9.655106e-03 
 1.927336e+01  9.938953e-03 
 1.927376e+01  1.014169e-02 
 1.927416e+01  1.022487e-02 
 1.927456e+01  1.019584e-02 
 1.927495e+01  1.001834e-02 
 1.927535e+01  9.703544e-03 
 1.927575e+01  9.274778e-03 
 1.927615e+01  8.755349e-03 
 1.927655e+01  8.214163e-03 
 1.927694e+01  7.696042e-03 
 1.927734e+01  7.248706e-03 
 1.927774e+01  6.889019e-03 
 1.927814e+01  6.680423e-03 
 1.927853e+01  6.666935e-03 
 1.927893e+01  6.889437e-03 
 1.927933e+01  7.331704e-03 
 1.927973e+01  7.958628e-03 
 1.928012e+01  8.732651e-03 
 1.928052e+01  9.578892e-03 
 1.928092e+01  1.044791e-02 
 1.928132e+01  1.125078e-02 
 1.928172e+01  1.191759e-02 
 1.928211e+01  1.238193e-02 
 1.928251e+01  1.265326e-02 
 1.928291e+01  1.272705e-02 
 1.928331e+01  1.262402e-02 
 1.928370e+01  1.238843e-02 
 1.928410e+01  1.208297e-02 
 1.928450e+01  1.170724e-02 
 1.928490e+01  1.131505e-02 
 1.928530e+01  1.093763e-02 
 1.928569e+01  1.063764e-02 
 1.928609e+01  1.040454e-02 
 1.928649e+01  1.025307e-02 
 1.928689e+01  1.020140e-02 
 1.928728e+01  1.022135e-02 
 1.928768e+01  1.031421e-02 
 1.928808e+01  1.050138e-02 
 1.928848e+01  1.073528e-02 
 1.928887e+01  1.101278e-02 
 1.928927e+01  1.132240e-02 
 1.928967e+01  1.164321e-02 
 1.929007e+01  1.198270e-02 
 1.929047e+01  1.229458e-02 
 1.929086e+01  1.249279e-02 
 1.929126e+01  1.258983e-02 
 1.929166e+01  1.255345e-02 
 1.929206e+01  1.234670e-02 
 1.929245e+01  1.196028e-02 
 1.929285e+01  1.136994e-02 
 1.929325e+01  1.061207e-02 
 1.929365e+01  9.709235e-03 
 1.929404e+01  8.725678e-03 
 1.929444e+01  7.712536e-03 
 1.929484e+01  6.754943e-03 
 1.929524e+01  5.911404e-03 
 1.929564e+01  5.262317e-03 
 1.929603e+01  4.884245e-03 
 1.929643e+01  4.858231e-03 
 1.929683e+01  5.189231e-03 
 1.929723e+01  5.866355e-03 
 1.929762e+01  6.860166e-03 
 1.929802e+01  8.150058e-03 
 1.929842e+01  9.638752e-03 
 1.929882e+01  1.124782e-02 
 1.929921e+01  1.286882e-02 
 1.929961e+01  1.435779e-02 
 1.930001e+01  1.560316e-02 
 1.930041e+01  1.656514e-02 
 1.930081e+01  1.713757e-02 
 1.930120e+01  1.724845e-02 
 1.930160e+01  1.689212e-02 
 1.930200e+01  1.606399e-02 
 1.930240e+01  1.487318e-02 
 1.930279e+01  1.343452e-02 
 1.930319e+01  1.185683e-02 
 1.930359e+01  1.022409e-02 
 1.930399e+01  8.642720e-03 
 1.930438e+01  7.237287e-03 
 1.930478e+01  6.088957e-03 
 1.930518e+01  5.255303e-03 
 1.930558e+01  4.753076e-03 
 1.930598e+01  4.596932e-03 
 1.930637e+01  4.795811e-03 
 1.930677e+01  5.293968e-03 
 1.930717e+01  6.031232e-03 
 1.930757e+01  6.931251e-03 
 1.930796e+01  7.896817e-03 
 1.930836e+01  8.786411e-03 
 1.930876e+01  9.516714e-03 
 1.930916e+01  9.963887e-03 
 1.930955e+01  1.002629e-02 
 1.930995e+01  9.656724e-03 
 1.931035e+01  8.881581e-03 
 1.931075e+01  7.720276e-03 
 1.931115e+01  6.249066e-03 
 1.931154e+01  4.597718e-03 
 1.931194e+01  2.881214e-03 
 1.931234e+01  1.222266e-03 
 1.931274e+01 -2.223441e-04 
 1.931313e+01 -1.362053e-03 
 1.931353e+01 -2.076072e-03 
 1.931393e+01 -2.312735e-03 
 1.931433e+01 -2.091855e-03 
 1.931472e+01 -1.443319e-03 
 1.931512e+01 -4.171537e-04 
 1.931552e+01  9.183493e-04 
 1.931592e+01  2.494548e-03 
 1.931632e+01  4.220987e-03 
 1.931671e+01  5.999206e-03 
 1.931711e+01  7.735038e-03 
 1.931751e+01  9.300329e-03 
 1.931791e+01  1.059626e-02 
 1.931830e+01  1.152157e-02 
 1.931870e+01  1.198920e-02 
 1.931910e+01  1.195258e-02 
 1.931950e+01  1.139076e-02 
 1.931989e+01  1.034380e-02 
 1.932029e+01  8.905188e-03 
 1.932069e+01  7.117250e-03 
 1.932109e+01  5.130011e-03 
 1.932149e+01  3.046541e-03 
 1.932188e+01  9.716390e-04 
 1.932228e+01 -9.353023e-04 
 1.932268e+01 -2.539010e-03 
 1.932308e+01 -3.752598e-03 
 1.932347e+01 -4.483278e-03 
 1.932387e+01 -4.666683e-03 
 1.932427e+01 -4.279957e-03 
 1.932467e+01 -3.347225e-03 
 1.932506e+01 -1.933292e-03 
 1.932546e+01 -1.262623e-04 
 1.932586e+01  1.925290e-03 
 1.932626e+01  4.096256e-03 
 1.932666e+01  6.253182e-03 
 1.932705e+01  8.207037e-03 
 1.932745e+01  9.832902e-03 
 1.932785e+01  1.101776e-02 
 1.932825e+01  1.166853e-02 
 1.932864e+01  1.176861e-02 
 1.932904e+01  1.130900e-02 
 1.932944e+01  1.034275e-02 
 1.932984e+01  9.000496e-03 
 1.933023e+01  7.356046e-03 
 1.933063e+01  5.573279e-03 
 1.933103e+01  3.802182e-03 
 1.933143e+01  2.219016e-03 
 1.933183e+01  9.388947e-04 
 1.933222e+01  7.098818e-05 
 1.933262e+01 -2.716790e-04 
 1.933302e+01 -8.989674e-05 
 1.933342e+01  5.877399e-04 
 1.933381e+01  1.751104e-03 
 1.933421e+01  3.239316e-03 
 1.933461e+01  4.906927e-03 
 1.933501e+01  6.598033e-03 
 1.933540e+01  8.133629e-03 
 1.933580e+01  9.360020e-03 
 1.933620e+01  1.015270e-02 
 1.933660e+01  1.038987e-02 
 1.933700e+01  1.000030e-02 
 1.933739e+01  9.009665e-03 
 1.933779e+01  7.438341e-03 
 1.933819e+01  5.376478e-03 
 1.933859e+01  2.962899e-03 
 1.933898e+01  3.430610e-04 
 1.933938e+01 -2.265286e-03 
 1.933978e+01 -4.697956e-03 
 1.934018e+01 -6.783365e-03 
 1.934057e+01 -8.409249e-03 
 1.934097e+01 -9.517180e-03 
 1.934137e+01 -1.005723e-02 
 1.934177e+01 -1.004265e-02 
 1.934217e+01 -9.500318e-03 
 1.934256e+01 -8.516339e-03 
 1.934296e+01 -7.200094e-03 
 1.934336e+01 -5.662256e-03 
 1.934376e+01 -3.979814e-03 
 1.934415e+01 -2.240195e-03 
 1.934455e+01 -5.221566e-04 
 1.934495e+01  1.103408e-03 
 1.934535e+01  2.550243e-03 
 1.934574e+01  3.785176e-03 
 1.934614e+01  4.773585e-03 
 1.934654e+01  5.482787e-03 
 1.934694e+01  5.870956e-03 
 1.934734e+01  5.981266e-03 
 1.934773e+01  5.822067e-03 
 1.934813e+01  5.481732e-03 
 1.934853e+01  5.008478e-03 
 1.934893e+01  4.464247e-03 
 1.934932e+01  3.830133e-03 
 1.934972e+01  3.130640e-03 
 1.935012e+01  2.413903e-03 
 1.935052e+01  1.692601e-03 
 1.935091e+01  1.026303e-03 
 1.935131e+01  4.766917e-04 
 1.935171e+01  1.211587e-04 
 1.935211e+01  2.281363e-05 
 1.935251e+01  1.707081e-04 
 1.935290e+01  5.602170e-04 
 1.935330e+01  1.083325e-03 
 1.935370e+01  1.698386e-03 
 1.935410e+01  2.296906e-03 
 1.935449e+01  2.832688e-03 
 1.935489e+01  3.242337e-03 
 1.935529e+01  3.448200e-03 
 1.935569e+01  3.440584e-03 
 1.935608e+01  3.216947e-03 
 1.935648e+01  2.792519e-03 
 1.935688e+01  2.184317e-03 
 1.935728e+01  1.455282e-03 
 1.935768e+01  6.943126e-04 
 1.935807e+01 -4.244814e-05 
 1.935847e+01 -6.844249e-04 
 1.935887e+01 -1.178744e-03 
 1.935927e+01 -1.513183e-03 
 1.935966e+01 -1.647344e-03 
 1.936006e+01 -1.596445e-03 
 1.936046e+01 -1.357611e-03 
 1.936086e+01 -9.217445e-04 
 1.936125e+01 -3.147700e-04 
 1.936165e+01  4.458657e-04 
 1.936205e+01  1.280065e-03 
 1.936245e+01  2.114302e-03 
 1.936285e+01  2.896620e-03 
 1.936324e+01  3.551266e-03 
 1.936364e+01  4.103164e-03 
 1.936404e+01  4.555129e-03 
 1.936444e+01  4.892967e-03 
 1.936483e+01  5.152838e-03 
 1.936523e+01  5.346994e-03 
 1.936563e+01  5.478109e-03 
 1.936603e+01  5.573822e-03 
 1.936642e+01  5.644833e-03 
 1.936682e+01  5.680471e-03 
 1.936722e+01  5.724740e-03 
 1.936762e+01  5.779588e-03 
 1.936802e+01  5.865867e-03 
 1.936841e+01  5.976810e-03 
 1.936881e+01  6.066840e-03 
 1.936921e+01  6.116945e-03 
 1.936961e+01  6.082971e-03 
 1.937000e+01  5.965803e-03 
 1.937040e+01  5.756160e-03 
 1.937080e+01  5.478979e-03 
 1.937120e+01  5.153297e-03 
 1.937159e+01  4.835881e-03 
 1.937199e+01  4.565381e-03 
 1.937239e+01  4.434653e-03 
 1.937279e+01  4.451489e-03 
 1.937319e+01  4.604299e-03 
 1.937358e+01  4.943709e-03 
 1.937398e+01  5.451545e-03 
 1.937438e+01  6.120993e-03 
 1.937478e+01  6.955684e-03 
 1.937517e+01  7.925455e-03 
 1.937557e+01  8.982551e-03 
 1.937597e+01  1.006186e-02 
 1.937637e+01  1.115065e-02 
 1.937676e+01  1.218750e-02 
 1.937716e+01  1.312193e-02 
 1.937756e+01  1.391682e-02 
 1.937796e+01  1.452939e-02 
 1.937836e+01  1.495450e-02 
 1.937875e+01  1.515033e-02 
 1.937915e+01  1.514010e-02 
 1.937955e+01  1.490905e-02 
 1.937995e+01  1.451464e-02 
 1.938034e+01  1.398132e-02 
 1.938074e+01  1.337084e-02 
 1.938114e+01  1.271491e-02 
 1.938154e+01  1.205821e-02 
 1.938194e+01  1.139957e-02 
 1.938233e+01  1.076591e-02 
 1.938273e+01  1.022733e-02 
 1.938313e+01  9.853681e-03 
 1.938353e+01  9.696560e-03 
 1.938392e+01  9.814215e-03 
 1.938432e+01  1.018196e-02 
 1.938472e+01  1.078334e-02 
 1.938512e+01  1.156021e-02 
 1.938551e+01  1.240177e-02 
 1.938591e+01  1.324969e-02 
 1.938631e+01  1.400523e-02 
 1.938671e+01  1.460873e-02 
 1.938711e+01  1.500427e-02 
 1.938750e+01  1.516490e-02 
 1.938790e+01  1.504964e-02 
 1.938830e+01  1.461464e-02 
 1.938870e+01  1.384542e-02 
 1.938909e+01  1.275746e-02 
 1.938949e+01  1.140451e-02 
 1.938989e+01  9.933046e-03 
 1.939029e+01  8.452024e-03 
 1.939068e+01  7.090798e-03 
 1.939108e+01  5.946224e-03 
 1.939148e+01  5.145617e-03 
 1.939188e+01  4.763513e-03 
 1.939228e+01  4.853861e-03 
 1.939267e+01  5.463797e-03 
 1.939307e+01  6.517242e-03 
 1.939347e+01  7.939638e-03 
 1.939387e+01  9.622497e-03 
 1.939426e+01  1.140318e-02 
 1.939466e+01  1.311519e-02 
 1.939506e+01  1.456710e-02 
 1.939546e+01  1.565382e-02 
 1.939585e+01  1.630040e-02 
 1.939625e+01  1.649758e-02 
 1.939665e+01  1.622409e-02 
 1.939705e+01  1.548513e-02 
 1.939745e+01  1.429912e-02 
 1.939784e+01  1.271352e-02 
 1.939824e+01  1.083741e-02 
 1.939864e+01  8.793968e-03 
 1.939904e+01  6.740006e-03 
 1.939943e+01  4.842882e-03 
 1.939983e+01  3.255607e-03 
 1.940023e+01  2.142484e-03 
 1.940063e+01  1.573730e-03 
 1.940102e+01  1.554859e-03 
 1.940142e+01  2.097853e-03 
 1.940182e+01  3.126893e-03 
 1.940222e+01  4.575770e-03 
 1.940262e+01  6.346079e-03 
 1.940301e+01  8.284318e-03 
 1.940341e+01  1.023929e-02 
 1.940381e+01  1.204258e-02 
 1.940421e+01  1.351357e-02 
 1.940460e+01  1.452894e-02 
 1.940500e+01  1.499613e-02 
 1.940540e+01  1.490519e-02 
 1.940580e+01  1.426192e-02 
 1.940619e+01  1.315298e-02 
 1.940659e+01  1.169425e-02 
 1.940699e+01  1.001458e-02 
 1.940739e+01  8.270027e-03 
 1.940779e+01  6.578089e-03 
 1.940818e+01  5.074395e-03 
 1.940858e+01  3.838225e-03 
 1.940898e+01  2.951183e-03 
 1.940938e+01  2.493093e-03 
 1.940977e+01  2.482378e-03 
 1.941017e+01  2.874244e-03 
 1.941057e+01  3.616264e-03 
 1.941097e+01  4.635192e-03 
 1.941136e+01  5.866738e-03 
 1.941176e+01  7.217402e-03 
 1.941216e+01  8.598408e-03 
 1.941256e+01  9.871394e-03 
 1.941296e+01  1.092829e-02 
 1.941335e+01  1.162432e-02 
 1.941375e+01  1.189821e-02 
 1.941415e+01  1.172065e-02 
 1.941455e+01  1.105849e-02 
 1.941494e+01  9.958348e-03 
 1.941534e+01  8.483140e-03 
 1.941574e+01  6.720912e-03 
 1.941614e+01  4.796343e-03 
 1.941653e+01  2.796994e-03 
 1.941693e+01  7.809295e-04 
 1.941733e+01 -1.124132e-03 
 1.941773e+01 -2.798389e-03 
 1.941813e+01 -4.115983e-03 
 1.941852e+01 -4.974184e-03 
 1.941892e+01 -5.316877e-03 
 1.941932e+01 -5.090729e-03 
 1.941972e+01 -4.301484e-03 
 1.942011e+01 -2.967391e-03 
 1.942051e+01 -1.175804e-03 
 1.942091e+01  9.221373e-04 
 1.942131e+01  3.177477e-03 
 1.942170e+01  5.428739e-03 
 1.942210e+01  7.528768e-03 
 1.942250e+01  9.320073e-03 
 1.942290e+01  1.068561e-02 
 1.942330e+01  1.150983e-02 
 1.942369e+01  1.178125e-02 
 1.942409e+01  1.149727e-02 
 1.942449e+01  1.069063e-02 
 1.942489e+01  9.443622e-03 
 1.942528e+01  7.858776e-03 
 1.942568e+01  6.053946e-03 
 1.942608e+01  4.183424e-03 
 1.942648e+01  2.377518e-03 
 1.942687e+01  7.721993e-04 
 1.942727e+01 -4.660250e-04 
 1.942767e+01 -1.259698e-03 
 1.942807e+01 -1.520281e-03 
 1.942847e+01 -1.241457e-03 
 1.942886e+01 -4.200634e-04 
 1.942926e+01  8.343463e-04 
 1.942966e+01  2.408520e-03 
 1.943006e+01  4.146140e-03 
 1.943045e+01  5.876542e-03 
 1.943085e+01  7.431019e-03 
 1.943125e+01  8.662662e-03 
 1.943165e+01  9.497499e-03 
 1.943204e+01  9.817279e-03 
 1.943244e+01  9.576215e-03 
 1.943284e+01  8.743063e-03 
 1.943324e+01  7.369290e-03 
 1.943364e+01  5.528426e-03 
 1.943403e+01  3.350652e-03 
 1.943443e+01  9.829741e-04 
 1.943483e+01 -1.393618e-03 
 1.943523e+01 -3.619971e-03 
 1.943562e+01 -5.508571e-03 
 1.943602e+01 -6.970175e-03 
 1.943642e+01 -7.896996e-03 
 1.943682e+01 -8.337268e-03 
 1.943721e+01 -8.276696e-03 
 1.943761e+01 -7.739605e-03 
 1.943801e+01 -6.760849e-03 
 1.943841e+01 -5.394941e-03 
 1.943881e+01 -3.775096e-03 
 1.943920e+01 -1.996451e-03 
 1.943960e+01 -1.784333e-04 
 1.944000e+01  1.571603e-03 
 1.944040e+01  3.123560e-03 
 1.944079e+01  4.390850e-03 
 1.944119e+01  5.317738e-03 
 1.944159e+01  5.885388e-03 
 1.944199e+01  6.121380e-03 
 1.944238e+01  6.015086e-03 
 1.944278e+01  5.559155e-03 
 1.944318e+01  4.780811e-03 
 1.944358e+01  3.716656e-03 
 1.944398e+01  2.448099e-03 
 1.944437e+01  1.077997e-03 
 1.944477e+01 -3.415007e-04 
 1.944517e+01 -1.687901e-03 
 1.944557e+01 -2.876480e-03 
 1.944596e+01 -3.826584e-03 
 1.944636e+01 -4.457375e-03 
 1.944676e+01 -4.756897e-03 
 1.944716e+01 -4.693372e-03 
 1.944755e+01 -4.265489e-03 
 1.944795e+01 -3.511242e-03 
 1.944835e+01 -2.482304e-03 
 1.944875e+01 -1.347327e-03 
 1.944915e+01 -1.890837e-04 
 1.944954e+01  8.473357e-04 
 1.944994e+01  1.658688e-03 
 1.945034e+01  2.199948e-03 
 1.945074e+01  2.456308e-03 
 1.945113e+01  2.443880e-03 
 1.945153e+01  2.197428e-03 
 1.945193e+01  1.776984e-03 
 1.945233e+01  1.246427e-03 
 1.945272e+01  6.725881e-04 
 1.945312e+01  1.025076e-04 
 1.945352e+01 -3.773997e-04 
 1.945392e+01 -7.196421e-04 
 1.945432e+01 -9.099730e-04 
 1.945471e+01 -9.363126e-04 
 1.945511e+01 -7.869462e-04 
 1.945551e+01 -4.549756e-04 
 1.945591e+01  9.287790e-06 
 1.945630e+01  5.742607e-04 
 1.945670e+01  1.185416e-03 
 1.945710e+01  1.824964e-03 
 1.945750e+01  2.461645e-03 
 1.945789e+01  3.054418e-03 
 1.945829e+01  3.578347e-03 
 1.945869e+01  3.999466e-03 
 1.945909e+01  4.277518e-03 
 1.945949e+01  4.482118e-03 
 1.945988e+01  4.657681e-03 
 1.946028e+01  4.816032e-03 
 1.946068e+01  5.030880e-03 
 1.946108e+01  5.328295e-03 
 1.946147e+01  5.713883e-03 
 1.946187e+01  6.204984e-03 
 1.946227e+01  6.759084e-03 
 1.946267e+01  7.299533e-03 
 1.946306e+01  7.795999e-03 
 1.946346e+01  8.220221e-03 
 1.946386e+01  8.526834e-03 
 1.946426e+01  8.686793e-03 
 1.946466e+01  8.640066e-03 
 1.946505e+01  8.365311e-03 
 1.946545e+01  7.843562e-03 
 1.946585e+01  7.120465e-03 
 1.946625e+01  6.242460e-03 
 1.946664e+01  5.294165e-03 
 1.946704e+01  4.381950e-03 
 1.946744e+01  3.617840e-03 
 1.946784e+01  3.094912e-03 
 1.946823e+01  2.884491e-03 
 1.946863e+01  2.995686e-03 
 1.946903e+01  3.450690e-03 
 1.946943e+01  4.242622e-03 
 1.946983e+01  5.354200e-03 
 1.947022e+01  6.722754e-03 
 1.947062e+01  8.245194e-03 
 1.947102e+01  9.793053e-03 
 1.947142e+01  1.124029e-02 
 1.947181e+01  1.246521e-02 
 1.947221e+01  1.338101e-02 
 1.947261e+01  1.393174e-02 
 1.947301e+01  1.412578e-02 
 1.947341e+01  1.396454e-02 
 1.947380e+01  1.348580e-02 
 1.947420e+01  1.271808e-02 
 1.947460e+01  1.172351e-02 
 1.947500e+01  1.055410e-02 
 1.947539e+01  9.296288e-03 
 1.947579e+01  8.052182e-03 
 1.947619e+01  6.914713e-03 
 1.947659e+01  5.942858e-03 
 1.947698e+01  5.215674e-03 
 1.947738e+01  4.824059e-03 
 1.947778e+01  4.766176e-03 
 1.947818e+01  5.028921e-03 
 1.947858e+01  5.596460e-03 
 1.947897e+01  6.448279e-03 
 1.947937e+01  7.553859e-03 
 1.947977e+01  8.879682e-03 
 1.948017e+01  1.034585e-02 
 1.948056e+01  1.185622e-02 
 1.948096e+01  1.333489e-02 
 1.948136e+01  1.467624e-02 
 1.948176e+01  1.584399e-02 
 1.948215e+01  1.672377e-02 
 1.948255e+01  1.721046e-02 
 1.948295e+01  1.724861e-02 
 1.948335e+01  1.684057e-02 
 1.948375e+01  1.602259e-02 
 1.948414e+01  1.484481e-02 
 1.948454e+01  1.338987e-02 
 1.948494e+01  1.173450e-02 
 1.948534e+01  1.000865e-02 
 1.948573e+01  8.337381e-03 
 1.948613e+01  6.830629e-03 
 1.948653e+01  5.572520e-03 
 1.948693e+01  4.686789e-03 
 1.948732e+01  4.247434e-03 
 1.948772e+01  4.337810e-03 
 1.948812e+01  4.952385e-03 
 1.948852e+01  6.033275e-03 
 1.948892e+01  7.467419e-03 
 1.948931e+01  9.152474e-03 
 1.948971e+01  1.095070e-02 
 1.949011e+01  1.270522e-02 
 1.949051e+01  1.426412e-02 
 1.949090e+01  1.547881e-02 
 1.949130e+01  1.625871e-02 
 1.949170e+01  1.654554e-02 
 1.949210e+01  1.628817e-02 
 1.949249e+01  1.548312e-02 
 1.949289e+01  1.417760e-02 
 1.949329e+01  1.245002e-02 
 1.949369e+01  1.043743e-02 
 1.949409e+01  8.258496e-03 
 1.949448e+01  6.038887e-03 
 1.949488e+01  3.955928e-03 
 1.949528e+01  2.146491e-03 
 1.949568e+01  7.521502e-04 
 1.949607e+01 -1.196392e-04 
 1.949647e+01 -3.698901e-04 
 1.949687e+01  1.656924e-05 
 1.949727e+01  1.048271e-03 
 1.949766e+01  2.619839e-03 
 1.949806e+01  4.627549e-03 
 1.949846e+01  6.858409e-03 
 1.949886e+01  9.119155e-03 
 1.949926e+01  1.125433e-02 
 1.949965e+01  1.311017e-02 
 1.950005e+01  1.455073e-02 
 1.950045e+01  1.546026e-02 
 1.950085e+01  1.578542e-02 
 1.950124e+01  1.549713e-02 
 1.950164e+01  1.460012e-02 
 1.950204e+01  1.319238e-02 
 1.950244e+01  1.136284e-02 
 1.950283e+01  9.253289e-03 
 1.950323e+01  7.048352e-03 
 1.950363e+01  4.922880e-03 
 1.950403e+01  3.017840e-03 
 1.950443e+01  1.483892e-03 
 1.950482e+01  3.893569e-04 
 1.950522e+01 -1.689912e-04 
 1.950562e+01 -1.417892e-04 
 1.950602e+01  4.347286e-04 
 1.950641e+01  1.502698e-03 
 1.950681e+01  2.951744e-03 
 1.950721e+01  4.673831e-03 
 1.950761e+01  6.556701e-03 
 1.950800e+01  8.448756e-03 
 1.950840e+01  1.023192e-02 
 1.950880e+01  1.180588e-02 
 1.950920e+01  1.308418e-02 
 1.950960e+01  1.400060e-02 
 1.950999e+01  1.445425e-02 
 1.951039e+01  1.437018e-02 
 1.951079e+01  1.370014e-02 
 1.951119e+01  1.250435e-02 
 1.951158e+01  1.089855e-02 
 1.951198e+01  9.058601e-03 
 1.951238e+01  7.161358e-03 
 1.951278e+01  5.381101e-03 
 1.951317e+01  3.899863e-03 
 1.951357e+01  2.823605e-03 
 1.951397e+01  2.226071e-03 
 1.951437e+01  2.106628e-03 
 1.951477e+01  2.480154e-03 
 1.951516e+01  3.324259e-03 
 1.951556e+01  4.594117e-03 
 1.951596e+01  6.208385e-03 
 1.951636e+01  7.996496e-03 
 1.951675e+01  9.798291e-03 
 1.951715e+01  1.144679e-02 
 1.951755e+01  1.280196e-02 
 1.951795e+01  1.373987e-02 
 1.951834e+01  1.421308e-02 
 1.951874e+01  1.418116e-02 
 1.951914e+01  1.361806e-02 
 1.951954e+01  1.257603e-02 
 1.951994e+01  1.109471e-02 
 1.952033e+01  9.229962e-03 
 1.952073e+01  7.122362e-03 
 1.952113e+01  4.913238e-03 
 1.952153e+01  2.777871e-03 
 1.952192e+01  8.667694e-04 
 1.952232e+01 -7.176733e-04 
 1.952272e+01 -1.882174e-03 
 1.952312e+01 -2.562836e-03 
 1.952351e+01 -2.744133e-03 
 1.952391e+01 -2.450051e-03 
 1.952431e+01 -1.711950e-03 
 1.952471e+01 -6.067888e-04 
 1.952511e+01  7.639585e-04 
 1.952550e+01  2.306209e-03 
 1.952590e+01  3.866030e-03 
 1.952630e+01  5.305504e-03 
 1.952670e+01  6.483614e-03 
 1.952709e+01  7.331339e-03 
 1.952749e+01  7.811210e-03 
 1.952789e+01  7.908400e-03 
 1.952829e+01  7.633466e-03 
 1.952868e+01  7.004192e-03 
 1.952908e+01  6.094081e-03 
 1.952948e+01  4.971813e-03 
 1.952988e+01  3.710222e-03 
 1.953028e+01  2.362259e-03 
 1.953067e+01  1.018048e-03 
 1.953107e+01 -2.191048e-04 
 1.953147e+01 -1.246371e-03 
 1.953187e+01 -2.021041e-03 
 1.953226e+01 -2.492369e-03 
 1.953266e+01 -2.668177e-03 
 1.953306e+01 -2.543338e-03 
 1.953346e+01 -2.161098e-03 
 1.953385e+01 -1.612454e-03 
 1.953425e+01 -9.880902e-04 
 1.953465e+01 -3.868868e-04 
 1.953505e+01  1.576970e-04 
 1.953545e+01  6.290494e-04 
 1.953584e+01  1.034083e-03 
 1.953624e+01  1.373283e-03 
 1.953664e+01  1.619623e-03 
 1.953704e+01  1.768401e-03 
 1.953743e+01  1.809896e-03 
 1.953783e+01  1.695231e-03 
 1.953823e+01  1.418500e-03 
 1.953863e+01  9.429643e-04 
 1.953902e+01  3.186880e-04 
 1.953942e+01 -4.087742e-04 
 1.953982e+01 -1.195329e-03 
 1.954022e+01 -1.978804e-03 
 1.954062e+01 -2.691440e-03 
 1.954101e+01 -3.250853e-03 
 1.954141e+01 -3.627271e-03 
 1.954181e+01 -3.730818e-03 
 1.954221e+01 -3.561586e-03 
 1.954260e+01 -3.121055e-03 
 1.954300e+01 -2.414590e-03 
 1.954340e+01 -1.508385e-03 
 1.954380e+01 -4.520015e-04 
 1.954419e+01  6.620502e-04 
 1.954459e+01  1.748651e-03 
 1.954499e+01  2.751995e-03 
 1.954539e+01  3.621866e-03 
 1.954579e+01  4.290080e-03 
 1.954618e+01  4.702086e-03 
 1.954658e+01  4.856169e-03 
 1.954698e+01  4.737672e-03 
 1.954738e+01  4.407220e-03 
 1.954777e+01  3.927470e-03 
 1.954817e+01  3.372892e-03 
 1.954857e+01  2.789020e-03 
 1.954897e+01  2.209014e-03 
 1.954936e+01  1.678907e-03 
 1.954976e+01  1.186452e-03 
 1.955016e+01  7.433321e-04 
 1.955056e+01  3.499698e-04 
 1.955096e+01  3.577105e-05 
 1.955135e+01 -1.804721e-04 
 1.955175e+01 -2.919169e-04 
 1.955215e+01 -3.150359e-04 
 1.955255e+01 -2.991343e-04 
 1.955294e+01 -2.610908e-04 
 1.955334e+01 -2.081770e-04 
 1.955374e+01 -1.593278e-04 
 1.955414e+01 -1.274783e-04 
 1.955453e+01 -1.028733e-04 
 1.955493e+01 -6.489676e-05 
 1.955533e+01  4.504659e-06 
 1.955573e+01  1.274442e-04 
 1.955613e+01  3.070412e-04 
 1.955652e+01  5.608017e-04 
 1.955692e+01  9.378139e-04 
 1.955732e+01  1.470728e-03 
 1.955772e+01  2.169675e-03 
 1.955811e+01  3.003507e-03 
 1.955851e+01  3.892849e-03 
 1.955891e+01  4.754229e-03 
 1.955931e+01  5.516816e-03 
 1.955970e+01  6.109731e-03 
 1.956010e+01  6.478206e-03 
 1.956050e+01  6.631285e-03 
 1.956090e+01  6.562757e-03 
 1.956130e+01  6.315050e-03 
 1.956169e+01  5.904667e-03 
 1.956209e+01  5.300235e-03 
 1.956249e+01  4.556959e-03 
 1.956289e+01  3.766173e-03 
 1.956328e+01  3.041220e-03 
 1.956368e+01  2.519608e-03 
 1.956408e+01  2.359835e-03 
 1.956448e+01  2.649763e-03 
 1.956488e+01  3.391729e-03 
 1.956527e+01  4.533610e-03 
 1.956567e+01  5.964940e-03 
 1.956607e+01  7.570498e-03 
 1.956647e+01  9.226998e-03 
 1.956686e+01  1.083556e-02 
 1.956726e+01  1.236588e-02 
 1.956766e+01  1.370887e-02 
 1.956806e+01  1.474424e-02 
 1.956845e+01  1.538263e-02 
 1.956885e+01  1.555316e-02 
 1.956925e+01  1.522448e-02 
 1.956965e+01  1.443385e-02 
 1.957005e+01  1.325716e-02 
 1.957044e+01  1.176448e-02 
 1.957084e+01  1.007309e-02 
 1.957124e+01  8.286609e-03 
 1.957164e+01  6.508458e-03 
 1.957203e+01  4.847046e-03 
 1.957243e+01  3.400623e-03 
 1.957283e+01  2.302243e-03 
 1.957323e+01  1.664727e-03 
 1.957362e+01  1.566413e-03 
 1.957402e+01  2.003150e-03 
 1.957442e+01  2.926416e-03 
 1.957482e+01  4.238755e-03 
 1.957522e+01  5.828992e-03 
 1.957561e+01  7.591139e-03 
 1.957601e+01  9.407705e-03 
 1.957641e+01  1.114960e-02 
 1.957681e+01  1.271940e-02 
 1.957720e+01  1.402056e-02 
 1.957760e+01  1.491016e-02 
 1.957800e+01  1.528523e-02 
 1.957840e+01  1.504764e-02 
 1.957879e+01  1.417098e-02 
 1.957919e+01  1.272486e-02 
 1.957959e+01  1.079774e-02 
 1.957999e+01  8.542409e-03 
 1.958039e+01  6.121191e-03 
 1.958078e+01  3.703936e-03 
 1.958118e+01  1.476754e-03 
 1.958158e+01 -3.945520e-04 
 1.958198e+01 -1.766557e-03 
 1.958237e+01 -2.516001e-03 
 1.958277e+01 -2.579476e-03 
 1.958317e+01 -1.943112e-03 
 1.958357e+01 -6.346425e-04 
 1.958396e+01  1.228796e-03 
 1.958436e+01  3.503935e-03 
 1.958476e+01  6.043993e-03 
 1.958516e+01  8.674862e-03 
 1.958556e+01  1.119801e-02 
 1.958595e+01  1.348454e-02 
 1.958635e+01  1.539429e-02 
 1.958675e+01  1.680735e-02 
 1.958715e+01  1.761549e-02 
 1.958754e+01  1.777314e-02 
 1.958794e+01  1.728479e-02 
 1.958834e+01  1.621251e-02 
 1.958874e+01  1.464527e-02 
 1.958913e+01  1.274818e-02 
 1.958953e+01  1.066938e-02 
 1.958993e+01  8.557248e-03 
 1.959033e+01  6.537625e-03 
 1.959073e+01  4.787107e-03 
 1.959112e+01  3.440098e-03 
 1.959152e+01  2.616046e-03 
 1.959192e+01  2.417262e-03 
 1.959232e+01  2.887450e-03 
 1.959271e+01  4.007516e-03 
 1.959311e+01  5.700062e-03 
 1.959351e+01  7.838634e-03 
 1.959391e+01  1.017689e-02 
 1.959430e+01  1.252326e-02 
 1.959470e+01  1.466048e-02 
 1.959510e+01  1.643858e-02 
 1.959550e+01  1.776649e-02 
 1.959590e+01  1.855885e-02 
 1.959629e+01  1.876724e-02 
 1.959669e+01  1.839127e-02 
 1.959709e+01  1.746389e-02 
 1.959749e+01  1.604678e-02 
 1.959788e+01  1.421765e-02 
 1.959828e+01  1.206676e-02 
 1.959868e+01  9.751468e-03 
 1.959908e+01  7.423664e-03 
 1.959947e+01  5.267138e-03 
 1.959987e+01  3.394329e-03 
 1.960027e+01  1.902126e-03 
 1.960067e+01  8.971974e-04 
 1.960107e+01  4.439343e-04 
 1.960146e+01  5.827578e-04 
 1.960186e+01  1.293909e-03 
 1.960226e+01  2.524419e-03 
 1.960266e+01  4.203046e-03 
 1.960305e+01  6.191237e-03 
 1.960345e+01  8.370137e-03 
 1.960385e+01  1.057772e-02 
 1.960425e+01  1.264235e-02 
 1.960464e+01  1.442405e-02 
 1.960504e+01  1.580512e-02 
 1.960544e+01  1.669225e-02 
 1.960584e+01  1.703347e-02 
 1.960624e+01  1.678229e-02 
 1.960663e+01  1.595575e-02 
 1.960703e+01  1.461184e-02 
 1.960743e+01  1.281870e-02 
 1.960783e+01  1.071869e-02 
 1.960822e+01  8.492945e-03 
 1.960862e+01  6.364954e-03 
 1.960902e+01  4.511137e-03 
 1.960942e+01  3.110609e-03 
 1.960981e+01  2.274912e-03 
 1.961021e+01  2.031197e-03 
 1.961061e+01  2.371234e-03 
 1.961101e+01  3.220423e-03 
 1.961141e+01  4.525683e-03 
 1.961180e+01  6.174447e-03 
 1.961220e+01  8.066869e-03 
 1.961260e+01  1.007518e-02 
 1.961300e+01  1.203394e-02 
 1.961339e+01  1.378265e-02 
 1.961379e+01  1.510623e-02 
 1.961419e+01  1.588029e-02 
 1.961459e+01  1.601456e-02 
 1.961498e+01  1.550477e-02 
 1.961538e+01  1.442570e-02 
 1.961578e+01  1.289918e-02 
 1.961618e+01  1.104337e-02 
 1.961658e+01  9.009321e-03 
 1.961697e+01  6.921444e-03 
 1.961737e+01  4.914972e-03 
 1.961777e+01  3.102994e-03 
 1.961817e+01  1.567108e-03 
 1.961856e+01  4.039644e-04 
 1.961896e+01 -3.155345e-04 
 1.961936e+01 -5.632095e-04 
 1.961976e+01 -3.331268e-04 
 1.962015e+01  3.126903e-04 
 1.962055e+01  1.334543e-03 
 1.962095e+01  2.660267e-03 
 1.962135e+01  4.220214e-03 
 1.962175e+01  5.885294e-03 
 1.962214e+01  7.502921e-03 
 1.962254e+01  8.914675e-03 
 1.962294e+01  9.978787e-03 
 1.962334e+01  1.059043e-02 
 1.962373e+01  1.068108e-02 
 1.962413e+01  1.024141e-02 
 1.962453e+01  9.353147e-03 
 1.962493e+01  8.119946e-03 
 1.962532e+01  6.653077e-03 
 1.962572e+01  5.051395e-03 
 1.962612e+01  3.416504e-03 
 1.962652e+01  1.806522e-03 
 1.962692e+01  3.275817e-04 
 1.962731e+01 -9.300837e-04 
 1.962771e+01 -1.916081e-03 
 1.962811e+01 -2.580050e-03 
 1.962851e+01 -2.931097e-03 
 1.962890e+01 -2.983954e-03 
 1.962930e+01 -2.786094e-03 
 1.962970e+01 -2.421822e-03 
 1.963010e+01 -1.940640e-03 
 1.963049e+01 -1.382780e-03 
 1.963089e+01 -7.762476e-04 
 1.963129e+01 -1.835824e-04 
 1.963169e+01  3.628652e-04 
 1.963209e+01  8.219295e-04 
 1.963248e+01  1.124603e-03 
 1.963288e+01  1.223680e-03 
 1.963328e+01  1.124536e-03 
 1.963368e+01  8.371474e-04 
 1.963407e+01  3.780194e-04 
 1.963447e+01 -2.334944e-04 
 1.963487e+01 -9.479062e-04 
 1.963527e+01 -1.741925e-03 
 1.963566e+01 -2.578824e-03 
 1.963606e+01 -3.393459e-03 
 1.963646e+01 -4.129670e-03 
 1.963686e+01 -4.702124e-03 
 1.963726e+01 -5.074628e-03 
 1.963765e+01 -5.202197e-03 
 1.963805e+01 -5.109506e-03 
 1.963845e+01 -4.827408e-03 
 1.963885e+01 -4.417770e-03 
 1.963924e+01 -3.922545e-03 
 1.963964e+01 -3.361615e-03 
 1.964004e+01 -2.758347e-03 
 1.964044e+01 -2.130210e-03 
 1.964083e+01 -1.467782e-03 
 1.964123e+01 -7.856133e-04 
 1.964163e+01 -1.288979e-04 
 1.964203e+01  4.877761e-04 
 1.964243e+01  1.020156e-03 
 1.964282e+01  1.463691e-03 
 1.964322e+01  1.862691e-03 
 1.964362e+01  2.219377e-03 
 1.964402e+01  2.522474e-03 
 1.964441e+01  2.791249e-03 
 1.964481e+01  3.020694e-03 
 1.964521e+01  3.172354e-03 
 1.964561e+01  3.216092e-03 
 1.964600e+01  3.094760e-03 
 1.964640e+01  2.775836e-03 
 1.964680e+01  2.279833e-03 
 1.964720e+01  1.667699e-03 
 1.964760e+01  9.946101e-04 
 1.964799e+01  3.459170e-04 
 1.964839e+01 -1.872028e-04 
 1.964879e+01 -5.992577e-04 
 1.964919e+01 -8.249978e-04 
 1.964958e+01 -8.711377e-04 
 1.964998e+01 -7.539025e-04 
 1.965038e+01 -4.568462e-04 
 1.965078e+01  1.606899e-05 
 1.965117e+01  6.811910e-04 
 1.965157e+01  1.499755e-03 
 1.965197e+01  2.428251e-03 
 1.965237e+01  3.437205e-03 
 1.965277e+01  4.486742e-03 
 1.965316e+01  5.526255e-03 
 1.965356e+01  6.471184e-03 
 1.965396e+01  7.253985e-03 
 1.965436e+01  7.799047e-03 
 1.965475e+01  8.050888e-03 
 1.965515e+01  7.983027e-03 
 1.965555e+01  7.582614e-03 
 1.965595e+01  6.845113e-03 
 1.965635e+01  5.825258e-03 
 1.965674e+01  4.591538e-03 
 1.965714e+01  3.277515e-03 
 1.965754e+01  1.972882e-03 
 1.965794e+01  7.725775e-04 
 1.965833e+01 -2.433181e-04 
 1.965873e+01 -1.013179e-03 
 1.965913e+01 -1.458998e-03 
 1.965953e+01 -1.554314e-03 
 1.965992e+01 -1.252495e-03 
 1.966032e+01 -5.566394e-04 
 1.966072e+01  5.245420e-04 
 1.966112e+01  1.941911e-03 
 1.966152e+01  3.618976e-03 
 1.966191e+01  5.409202e-03 
 1.966231e+01  7.175143e-03 
 1.966271e+01  8.764076e-03 
 1.966311e+01  1.006731e-02 
 1.966350e+01  1.100692e-02 
 1.966390e+01  1.153488e-02 
 1.966430e+01  1.161770e-02 
 1.966470e+01  1.126870e-02 
 1.966509e+01  1.053136e-02 
 1.966549e+01  9.467768e-03 
 1.966589e+01  8.149038e-03 
 1.966629e+01  6.653675e-03 
 1.966669e+01  5.151904e-03 
 1.966708e+01  3.731258e-03 
 1.966748e+01  2.519463e-03 
 1.966788e+01  1.590422e-03 
 1.966828e+01  1.023305e-03 
 1.966867e+01  8.895225e-04 
 1.966907e+01  1.240194e-03 
 1.966947e+01  2.065812e-03 
 1.966987e+01  3.342275e-03 
 1.967026e+01  5.026274e-03 
 1.967066e+01  7.030716e-03 
 1.967106e+01  9.232523e-03 
 1.967146e+01  1.153059e-02 
 1.967186e+01  1.378004e-02 
 1.967225e+01  1.584242e-02 
 1.967265e+01  1.760593e-02 
 1.967305e+01  1.891978e-02 
 1.967345e+01  1.967975e-02 
 1.967384e+01  1.976589e-02 
 1.967424e+01  1.910574e-02 
 1.967464e+01  1.774660e-02 
 1.967504e+01  1.577508e-02 
 1.967543e+01  1.332664e-02 
 1.967583e+01  1.057034e-02 
 1.967623e+01  7.759429e-03 
 1.967663e+01  5.100778e-03 
 1.967703e+01  2.778327e-03 
 1.967742e+01  9.399571e-04 
 1.967782e+01 -2.785923e-04 
 1.967822e+01 -8.485106e-04 
 1.967862e+01 -7.418215e-04 
 1.967901e+01  5.724407e-05 
 1.967941e+01  1.465836e-03 
 1.967981e+01  3.379873e-03 
 1.968021e+01  5.623717e-03 
 1.968060e+01  8.001535e-03 
 1.968100e+01  1.033887e-02 
 1.968140e+01  1.244763e-02 
 1.968180e+01  1.418467e-02 
 1.968220e+01  1.540292e-02 
 1.968259e+01  1.598510e-02 
 1.968299e+01  1.590602e-02 
 1.968339e+01  1.514585e-02 
 1.968379e+01  1.374371e-02 
 1.968418e+01  1.182515e-02 
 1.968458e+01  9.500569e-03 
 1.968498e+01  7.000299e-03 
 1.968538e+01  4.522847e-03 
 1.968577e+01  2.225837e-03 
 1.968617e+01  3.156981e-04 
 1.968657e+01 -1.082416e-03 
 1.968697e+01 -1.791707e-03 
 1.968737e+01 -1.795390e-03 
 1.968776e+01 -1.074205e-03 
 1.968816e+01  3.398438e-04 
 1.968856e+01  2.327954e-03 
 1.968896e+01  4.804008e-03 
 1.968935e+01  7.582466e-03 
 1.968975e+01  1.042145e-02 
 1.969015e+01  1.315365e-02 
 1.969055e+01  1.555921e-02 
 1.969094e+01  1.750361e-02 
 1.969134e+01  1.883536e-02 
 1.969174e+01  1.945727e-02 
 1.969214e+01  1.934495e-02 
 1.969254e+01  1.854133e-02 
 1.969293e+01  1.715566e-02 
 1.969333e+01  1.529106e-02 
 1.969373e+01  1.312680e-02 
 1.969413e+01  1.081011e-02 
 1.969452e+01  8.509246e-03 
 1.969492e+01  6.404377e-03 
 1.969532e+01  4.659662e-03 
 1.969572e+01  3.418493e-03 
 1.969611e+01  2.758630e-03 
 1.969651e+01  2.746769e-03 
 1.969691e+01  3.431863e-03 
 1.969731e+01  4.718969e-03 
 1.969771e+01  6.496928e-03 
 1.969810e+01  8.648841e-03 
 1.969850e+01  1.103575e-02 
 1.969890e+01  1.346519e-02 
 1.969930e+01  1.580596e-02 
 1.969969e+01  1.790064e-02 
 1.970009e+01  1.959237e-02 
 1.970049e+01  2.076294e-02 
 1.970089e+01  2.133305e-02 
 1.970128e+01  2.125978e-02 
 1.970168e+01  2.054540e-02 
 1.970208e+01  1.920892e-02 
 1.970248e+01  1.735520e-02 
 1.970288e+01  1.516895e-02 
 1.970327e+01  1.279750e-02 
 1.970367e+01  1.041685e-02 
 1.970407e+01  8.190734e-03 
 1.970447e+01  6.273640e-03 
 1.970486e+01  4.791514e-03 
 1.970526e+01  3.807291e-03 
 1.970566e+01  3.399188e-03 
 1.970606e+01  3.531406e-03 
 1.970645e+01  4.181322e-03 
 1.970685e+01  5.253062e-03 
 1.970725e+01  6.616929e-03 
 1.970765e+01  8.125824e-03 
 1.970805e+01  9.610503e-03 
 1.970844e+01  1.092167e-02 
 1.970884e+01  1.195491e-02 
 1.970924e+01  1.265070e-02 
 1.970964e+01  1.293106e-02 
 1.971003e+01  1.274287e-02 
 1.971043e+01  1.210877e-02 
 1.971083e+01  1.104932e-02 
 1.971123e+01  9.644811e-03 
 1.971162e+01  7.958567e-03 
 1.971202e+01  6.103708e-03 
 1.971242e+01  4.209572e-03 
 1.971282e+01  2.405200e-03 
 1.971322e+01  8.337665e-04 
 1.971361e+01 -4.440102e-04 
 1.971401e+01 -1.366104e-03 
 1.971441e+01 -1.853148e-03 
 1.971481e+01 -1.887632e-03 
 1.971520e+01 -1.466564e-03 
 1.971560e+01 -6.410336e-04 
 1.971600e+01  5.517061e-04 
 1.971640e+01  2.011120e-03 
 1.971679e+01  3.626615e-03 
 1.971719e+01  5.326304e-03 
 1.971759e+01  6.983445e-03 
 1.971799e+01  8.460728e-03 
 1.971839e+01  9.641985e-03 
 1.971878e+01  1.043678e-02 
 1.971918e+01  1.079223e-02 
 1.971958e+01  1.064868e-02 
 1.971998e+01  9.998376e-03 
 1.972037e+01  8.896827e-03 
 1.972077e+01  7.436016e-03 
 1.972117e+01  5.685394e-03 
 1.972157e+01  3.820401e-03 
 1.972196e+01  1.971243e-03 
 1.972236e+01  2.506952e-04 
 1.972276e+01 -1.220952e-03 
 1.972316e+01 -2.346814e-03 
 1.972356e+01 -3.084033e-03 
 1.972395e+01 -3.414403e-03 
 1.972435e+01 -3.369539e-03 
 1.972475e+01 -2.943725e-03 
 1.972515e+01 -2.211865e-03 
 1.972554e+01 -1.229752e-03 
 1.972594e+01 -1.036956e-04 
 1.972634e+01  1.089247e-03 
 1.972674e+01  2.230813e-03 
 1.972713e+01  3.245773e-03 
 1.972753e+01  4.059661e-03 
 1.972793e+01  4.631920e-03 
 1.972833e+01  4.941304e-03 
 1.972873e+01  4.977160e-03 
 1.972912e+01  4.745397e-03 
 1.972952e+01  4.280462e-03 
 1.972992e+01  3.603633e-03 
 1.973032e+01  2.770811e-03 
 1.973071e+01  1.857255e-03 
 1.973111e+01  9.284433e-04 
 1.973151e+01  4.066683e-05 
 1.973191e+01 -7.632323e-04 
 1.973230e+01 -1.391571e-03 
 1.973270e+01 -1.815274e-03 
 1.973310e+01 -1.980927e-03 
 1.973350e+01 -1.913363e-03 
 1.973390e+01 -1.655488e-03 
 1.973429e+01 -1.231588e-03 
 1.973469e+01 -6.976167e-04 
 1.973509e+01 -1.405749e-04 
 1.973549e+01  3.644377e-04 
 1.973588e+01  7.184175e-04 
 1.973628e+01  8.800758e-04 
 1.973668e+01  8.635726e-04 
 1.973708e+01  6.650059e-04 
 1.973747e+01  3.100939e-04 
 1.973787e+01 -1.638319e-04 
 1.973827e+01 -6.704132e-04 
 1.973867e+01 -1.178354e-03 
 1.973907e+01 -1.682938e-03 
 1.973946e+01 -2.152396e-03 
 1.973986e+01 -2.650710e-03 
 1.974026e+01 -3.189696e-03 
 1.974066e+01 -3.721680e-03 
 1.974105e+01 -4.207615e-03 
 1.974145e+01 -4.608114e-03 
 1.974185e+01 -4.927757e-03 
 1.974225e+01 -5.085688e-03 
 1.974264e+01 -5.097852e-03 
 1.974304e+01 -4.980341e-03 
 1.974344e+01 -4.756990e-03 
 1.974384e+01 -4.460103e-03 
 1.974424e+01 -4.057555e-03 
 1.974463e+01 -3.526956e-03 
 1.974503e+01 -2.828247e-03 
 1.974543e+01 -1.924499e-03 
 1.974583e+01 -7.997355e-04 
 1.974622e+01  4.849459e-04 
 1.974662e+01  1.912626e-03 
 1.974702e+01  3.441307e-03 
 1.974742e+01  5.020355e-03 
 1.974782e+01  6.559337e-03 
 1.974821e+01  8.035936e-03 
 1.974861e+01  9.416925e-03 
 1.974901e+01  1.059557e-02 
 1.974941e+01  1.153236e-02 
 1.974980e+01  1.217146e-02 
 1.975020e+01  1.244514e-02 
 1.975060e+01  1.236970e-02 
 1.975100e+01  1.196137e-02 
 1.975139e+01  1.121786e-02 
 1.975179e+01  1.020837e-02 
 1.975219e+01  8.971547e-03 
 1.975259e+01  7.577084e-03 
 1.975299e+01  6.113949e-03 
 1.975338e+01  4.689237e-03 
 1.975378e+01  3.353633e-03 
 1.975418e+01  2.231308e-03 
 1.975458e+01  1.433068e-03 
 1.975497e+01  9.960760e-04 
 1.975537e+01  9.635102e-04 
 1.975577e+01  1.301086e-03 
 1.975617e+01  1.977894e-03 
 1.975656e+01  2.920200e-03 
 1.975696e+01  4.084643e-03 
 1.975736e+01  5.372535e-03 
 1.975776e+01  6.631608e-03 
 1.975816e+01  7.768985e-03 
 1.975855e+01  8.649312e-03 
 1.975895e+01  9.162049e-03 
 1.975935e+01  9.209150e-03 
 1.975975e+01  8.737693e-03 
 1.976014e+01  7.771649e-03 
 1.976054e+01  6.392664e-03 
 1.976094e+01  4.723768e-03 
 1.976134e+01  2.916503e-03 
 1.976173e+01  1.121367e-03 
 1.976213e+01 -5.357641e-04 
 1.976253e+01 -1.962457e-03 
 1.976293e+01 -3.042473e-03 
 1.976333e+01 -3.705875e-03 
 1.976372e+01 -3.944374e-03 
 1.976412e+01 -3.699759e-03 
 1.976452e+01 -2.939913e-03 
 1.976492e+01 -1.679085e-03 
 1.976531e+01 -1.310614e-06 
 1.976571e+01  2.050747e-03 
 1.976611e+01  4.344860e-03 
 1.976651e+01  6.762082e-03 
 1.976690e+01  9.116592e-03 
 1.976730e+01  1.129543e-02 
 1.976770e+01  1.310938e-02 
 1.976810e+01  1.440948e-02 
 1.976850e+01  1.513523e-02 
 1.976889e+01  1.520143e-02 
 1.976929e+01  1.463576e-02 
 1.976969e+01  1.346636e-02 
 1.977009e+01  1.174241e-02 
 1.977048e+01  9.636614e-03 
 1.977088e+01  7.257896e-03 
 1.977128e+01  4.742981e-03 
 1.977168e+01  2.263958e-03 
 1.977207e+01  8.394264e-06 
 1.977247e+01 -1.830056e-03 
 1.977287e+01 -3.079994e-03 
 1.977327e+01 -3.599443e-03 
 1.977367e+01 -3.321282e-03 
 1.977406e+01 -2.237932e-03 
 1.977446e+01 -4.555937e-04 
 1.977486e+01  1.889558e-03 
 1.977526e+01  4.568414e-03 
 1.977565e+01  7.399545e-03 
 1.977605e+01  1.018229e-02 
 1.977645e+01  1.277399e-02 
 1.977685e+01  1.507650e-02 
 1.977724e+01  1.696270e-02 
 1.977764e+01  1.829329e-02 
 1.977804e+01  1.899153e-02 
 1.977844e+01  1.899474e-02 
 1.977884e+01  1.830415e-02 
 1.977923e+01  1.697389e-02 
 1.977963e+01  1.507351e-02 
 1.978003e+01  1.279641e-02 
 1.978043e+01  1.029101e-02 
 1.978082e+01  7.773863e-03 
 1.978122e+01  5.402002e-03 
 1.978162e+01  3.349014e-03 
 1.978202e+01  1.768630e-03 
 1.978241e+01  8.252725e-04 
 1.978281e+01  5.598424e-04 
 1.978321e+01  1.040783e-03 
 1.978361e+01  2.211786e-03 
 1.978401e+01  3.983987e-03 
 1.978440e+01  6.210254e-03 
 1.978480e+01  8.693145e-03 
 1.978520e+01  1.123512e-02 
 1.978560e+01  1.363550e-02 
 1.978599e+01  1.569934e-02 
 1.978639e+01  1.731241e-02 
 1.978679e+01  1.834030e-02 
 1.978719e+01  1.866407e-02 
 1.978758e+01  1.819992e-02 
 1.978798e+01  1.696833e-02 
 1.978838e+01  1.508387e-02 
 1.978878e+01  1.266609e-02 
 1.978918e+01  9.889589e-03 
 1.978957e+01  7.010109e-03 
 1.978997e+01  4.215765e-03 
 1.979037e+01  1.713555e-03 
 1.979077e+01 -3.559256e-04 
 1.979116e+01 -1.862040e-03 
 1.979156e+01 -2.760003e-03 
 1.979196e+01 -2.938955e-03 
 1.979236e+01 -2.366406e-03 
 1.979275e+01 -1.016259e-03 
 1.979315e+01  1.072786e-03 
 1.979355e+01  3.756922e-03 
 1.979395e+01  6.886338e-03 
 1.979435e+01  1.020431e-02 
 1.979474e+01  1.348633e-02 
 1.979514e+01  1.646258e-02 
 1.979554e+01  1.894627e-02 
 1.979594e+01  2.081674e-02 
 1.979633e+01  2.196088e-02 
 1.979673e+01  2.234948e-02 
 1.979713e+01  2.196531e-02 
 1.979753e+01  2.091060e-02 
 1.979792e+01  1.925763e-02 
 1.979832e+01  1.713706e-02 
 1.979872e+01  1.472125e-02 
 1.979912e+01  1.215490e-02 
 1.979952e+01  9.666977e-03 
 1.979991e+01  7.431737e-03 
 1.980031e+01  5.634977e-03 
 1.980071e+01  4.446480e-03 
 1.980111e+01  3.928526e-03 
 1.980150e+01  4.117441e-03 
 1.980190e+01  4.985086e-03 
 1.980230e+01  6.446163e-03 
 1.980270e+01  8.333213e-03 
 1.980309e+01  1.048202e-02 
 1.980349e+01  1.267100e-02 
 1.980389e+01  1.468393e-02 
 1.980429e+01  1.636321e-02 
 1.980469e+01  1.757539e-02 
 1.980508e+01  1.823149e-02 
 1.980548e+01  1.830095e-02 
 1.980588e+01  1.781839e-02 
 1.980628e+01  1.681599e-02 
 1.980667e+01  1.535941e-02 
 1.980707e+01  1.357847e-02 
 1.980747e+01  1.157005e-02 
 1.980787e+01  9.461520e-03 
 1.980826e+01  7.390061e-03 
 1.980866e+01  5.492219e-03 
 1.980906e+01  3.910922e-03 
 1.980946e+01  2.700451e-03 
 1.980986e+01  1.915963e-03 
 1.981025e+01  1.584197e-03 
 1.981065e+01  1.701422e-03 
 1.981105e+01  2.214757e-03 
 1.981145e+01  3.057859e-03 
 1.981184e+01  4.188516e-03 
 1.981224e+01  5.485778e-03 
 1.981264e+01  6.842649e-03 
 1.981304e+01  8.136461e-03 
 1.981343e+01  9.251014e-03 
 1.981383e+01  1.004301e-02 
 1.981423e+01  1.043946e-02 
 1.981463e+01  1.039691e-02 
 1.981503e+01  9.900549e-03 
 1.981542e+01  8.984424e-03 
 1.981582e+01  7.692541e-03 
 1.981622e+01  6.131607e-03 
 1.981662e+01  4.366368e-03 
 1.981701e+01  2.525650e-03 
 1.981741e+01  7.376840e-04 
 1.981781e+01 -8.784310e-04 
 1.981821e+01 -2.189900e-03 
 1.981860e+01 -3.170708e-03 
 1.981900e+01 -3.798714e-03 
 1.981940e+01 -4.097646e-03 
 1.981980e+01 -4.084274e-03 
 1.982020e+01 -3.817477e-03 
 1.982059e+01 -3.304190e-03 
 1.982099e+01 -2.564046e-03 
 1.982139e+01 -1.628292e-03 
 1.982179e+01 -5.441027e-04 
 1.982218e+01  6.507682e-04 
 1.982258e+01  1.864410e-03 
 1.982298e+01  3.018482e-03 
 1.982338e+01  4.009428e-03 
 1.982377e+01  4.799146e-03 
 1.982417e+01  5.374115e-03 
 1.982457e+01  5.758295e-03 
 1.982497e+01  5.974344e-03 
 1.982537e+01  6.042855e-03 
 1.982576e+01  5.984310e-03 
 1.982616e+01  5.788641e-03 
 1.982656e+01  5.501088e-03 
 1.982696e+01  5.131439e-03 
 1.982735e+01  4.707894e-03 
 1.982775e+01  4.284596e-03 
 1.982815e+01  3.935469e-03 
 1.982855e+01  3.679604e-03 
 1.982894e+01  3.529261e-03 
 1.982934e+01  3.481085e-03 
 1.982974e+01  3.483618e-03 
 1.983014e+01  3.515891e-03 
 1.983054e+01  3.562282e-03 
 1.983093e+01  3.619534e-03 
 1.983133e+01  3.662424e-03 
 1.983173e+01  3.645549e-03 
 1.983213e+01  3.551565e-03 
 1.983252e+01  3.357867e-03 
 1.983292e+01  3.037672e-03 
 1.983332e+01  2.587359e-03 
 1.983372e+01  2.013450e-03 
 1.983411e+01  1.390845e-03 
 1.983451e+01  7.360392e-04 
 1.983491e+01  8.500604e-05 
 1.983531e+01 -5.613904e-04 
 1.983571e+01 -1.195041e-03 
 1.983610e+01 -1.795430e-03 
 1.983650e+01 -2.410066e-03 
 1.983690e+01 -2.970643e-03 
 1.983730e+01 -3.490443e-03 
 1.983769e+01 -3.937583e-03 
 1.983809e+01 -4.265264e-03 
 1.983849e+01 -4.456626e-03 
 1.983889e+01 -4.509007e-03 
 1.983929e+01 -4.437042e-03 
 1.983968e+01 -4.193306e-03 
 1.984008e+01 -3.775529e-03 
 1.984048e+01 -3.181107e-03 
 1.984088e+01 -2.403769e-03 
 1.984127e+01 -1.487164e-03 
 1.984167e+01 -4.504233e-04 
 1.984207e+01  6.696613e-04 
 1.984247e+01  1.796093e-03 
 1.984286e+01  2.859085e-03 
 1.984326e+01  3.849442e-03 
 1.984366e+01  4.703363e-03 
 1.984406e+01  5.412200e-03 
 1.984446e+01  5.988155e-03 
 1.984485e+01  6.344312e-03 
 1.984525e+01  6.486307e-03 
 1.984565e+01  6.388092e-03 
 1.984605e+01  6.103498e-03 
 1.984644e+01  5.620493e-03 
 1.984684e+01  4.959353e-03 
 1.984724e+01  4.146314e-03 
 1.984764e+01  3.190206e-03 
 1.984803e+01  2.129090e-03 
 1.984843e+01  1.031818e-03 
 1.984883e+01 -3.207320e-05 
 1.984923e+01 -9.827816e-04 
 1.984963e+01 -1.720493e-03 
 1.985002e+01 -2.160992e-03 
 1.985042e+01 -2.252937e-03 
 1.985082e+01 -1.980777e-03 
 1.985122e+01 -1.372882e-03 
 1.985161e+01 -4.650616e-04 
 1.985201e+01  6.992471e-04 
 1.985241e+01  2.032455e-03 
 1.985281e+01  3.474766e-03 
 1.985320e+01  4.933684e-03 
 1.985360e+01  6.329781e-03 
 1.985400e+01  7.514604e-03 
 1.985440e+01  8.435478e-03 
 1.985480e+01  9.002528e-03 
 1.985519e+01  9.139306e-03 
 1.985559e+01  8.826525e-03 
 1.985599e+01  8.112662e-03 
 1.985639e+01  7.074178e-03 
 1.985678e+01  5.788318e-03 
 1.985718e+01  4.415509e-03 
 1.985758e+01  3.045379e-03 
 1.985798e+01  1.776306e-03 
 1.985837e+01  7.193996e-04 
 1.985877e+01 -6.704882e-05 
 1.985917e+01 -5.142278e-04 
 1.985957e+01 -5.751588e-04 
 1.985997e+01 -2.198280e-04 
 1.986036e+01  5.550023e-04 
 1.986076e+01  1.705556e-03 
 1.986116e+01  3.153259e-03 
 1.986156e+01  4.760303e-03 
 1.986195e+01  6.438542e-03 
 1.986235e+01  8.080768e-03 
 1.986275e+01  9.538564e-03 
 1.986315e+01  1.071030e-02 
 1.986354e+01  1.147599e-02 
 1.986394e+01  1.173981e-02 
 1.986434e+01  1.139552e-02 
 1.986474e+01  1.038351e-02 
 1.986514e+01  8.743979e-03 
 1.986553e+01  6.566222e-03 
 1.986593e+01  4.016782e-03 
 1.986633e+01  1.301984e-03 
 1.986673e+01 -1.351817e-03 
 1.986712e+01 -3.778122e-03 
 1.986752e+01 -5.762153e-03 
 1.986792e+01 -7.212102e-03 
 1.986832e+01 -7.989927e-03 
 1.986871e+01 -8.077529e-03 
 1.986911e+01 -7.442896e-03 
 1.986951e+01 -6.072035e-03 
 1.986991e+01 -4.014599e-03 
 1.987031e+01 -1.405563e-03 
 1.987070e+01  1.588340e-03 
 1.987110e+01  4.738120e-03 
 1.987150e+01  7.818359e-03 
 1.987190e+01  1.060885e-02 
 1.987229e+01  1.296968e-02 
 1.987269e+01  1.476345e-02 
 1.987309e+01  1.588884e-02 
 1.987349e+01  1.633783e-02 
 1.987388e+01  1.609040e-02 
 1.987428e+01  1.518751e-02 
 1.987468e+01  1.369474e-02 
 1.987508e+01  1.170594e-02 
 1.987548e+01  9.399498e-03 
 1.987587e+01  6.955830e-03 
 1.987627e+01  4.608018e-03 
 1.987667e+01  2.515769e-03 
 1.987707e+01  9.096319e-04 
 1.987746e+01 -1.228380e-04 
 1.987786e+01 -4.426644e-04 
 1.987826e+01 -1.219609e-05 
 1.987866e+01  1.151886e-03 
 1.987905e+01  2.943279e-03 
 1.987945e+01  5.266136e-03 
 1.987985e+01  7.951033e-03 
 1.988025e+01  1.080109e-02 
 1.988065e+01  1.361263e-02 
 1.988104e+01  1.619011e-02 
 1.988144e+01  1.834456e-02 
 1.988184e+01  1.995402e-02 
 1.988224e+01  2.092291e-02 
 1.988263e+01  2.118465e-02 
 1.988303e+01  2.072869e-02 
 1.988343e+01  1.957918e-02 
 1.988383e+01  1.783214e-02 
 1.988422e+01  1.561491e-02 
 1.988462e+01  1.309394e-02 
 1.988502e+01  1.045607e-02 
 1.988542e+01  7.911643e-03 
 1.988582e+01  5.674046e-03 
 1.988621e+01  3.900371e-03 
 1.988661e+01  2.701367e-03 
 1.988701e+01  2.163276e-03 
 1.988741e+01  2.335474e-03 
 1.988780e+01  3.198216e-03 
 1.988820e+01  4.703427e-03 
 1.988860e+01  6.744717e-03 
 1.988900e+01  9.136968e-03 
 1.988939e+01  1.174573e-02 
 1.988979e+01  1.439942e-02 
 1.989019e+01  1.694169e-02 
 1.989059e+01  1.916530e-02 
 1.989099e+01  2.091489e-02 
 1.989138e+01  2.206843e-02 
 1.989178e+01  2.253271e-02 
 1.989218e+01  2.228559e-02 
 1.989258e+01  2.129120e-02 
 1.989297e+01  1.960997e-02 
 1.989337e+01  1.737110e-02 
 1.989377e+01  1.471260e-02 
 1.989417e+01  1.185596e-02 
 1.989456e+01  8.999061e-03 
 1.989496e+01  6.330200e-03 
 1.989536e+01  3.999971e-03 
 1.989576e+01  2.182388e-03 
 1.989616e+01  9.838211e-04 
 1.989655e+01  4.514525e-04 
 1.989695e+01  6.133033e-04 
 1.989735e+01  1.439982e-03 
 1.989775e+01  2.872180e-03 
 1.989814e+01  4.800667e-03 
 1.989854e+01  7.093799e-03 
 1.989894e+01  9.550010e-03 
 1.989934e+01  1.195628e-02 
 1.989973e+01  1.413201e-02 
 1.990013e+01  1.591150e-02 
 1.990053e+01  1.719890e-02 
 1.990093e+01  1.791940e-02 
 1.990133e+01  1.803893e-02 
 1.990172e+01  1.759611e-02 
 1.990212e+01  1.664385e-02 
 1.990252e+01  1.527611e-02 
 1.990292e+01  1.357872e-02 
 1.990331e+01  1.167344e-02 
 1.990371e+01  9.704600e-03 
 1.990411e+01  7.804330e-03 
 1.990451e+01  6.129524e-03 
 1.990490e+01  4.820539e-03 
 1.990530e+01  3.944077e-03 
 1.990570e+01  3.570211e-03 
 1.990610e+01  3.710870e-03 
 1.990650e+01  4.319304e-03 
 1.990689e+01  5.334121e-03 
 1.990729e+01  6.627063e-03 
 1.990769e+01  8.091086e-03 
 1.990809e+01  9.609964e-03 
 1.990848e+01  1.106153e-02 
 1.990888e+01  1.233501e-02 
 1.990928e+01  1.331187e-02 
 1.990968e+01  1.394373e-02 
 1.991007e+01  1.416217e-02 
 1.991047e+01  1.392518e-02 
 1.991087e+01  1.325545e-02 
 1.991127e+01  1.216558e-02 
 1.991167e+01  1.074737e-02 
 1.991206e+01  9.104306e-03 
 1.991246e+01  7.344166e-03 
 1.991286e+01  5.560497e-03 
 1.991326e+01  3.877780e-03 
 1.991365e+01  2.387724e-03 
 1.991405e+01  1.146117e-03 
 1.991445e+01  2.355150e-04 
 1.991485e+01 -3.164712e-04 
 1.991524e+01 -5.147286e-04 
 1.991564e+01 -3.751454e-04 
 1.991604e+01  1.982152e-05 
 1.991644e+01  6.049471e-04 
 1.991684e+01  1.266008e-03 
 1.991723e+01  1.919445e-03 
 1.991763e+01  2.546808e-03 
 1.991803e+01  3.122514e-03 
 1.991843e+01  3.628370e-03 
 1.991882e+01  3.995951e-03 
 1.991922e+01  4.203628e-03 
 1.991962e+01  4.239840e-03 
 1.992002e+01  4.056551e-03 
 1.992041e+01  3.662794e-03 
 1.992081e+01  3.116160e-03 
 1.992121e+01  2.429469e-03 
 1.992161e+01  1.661715e-03 
 1.992201e+01  8.848485e-04 
 1.992240e+01  1.488741e-04 
 1.992280e+01 -5.153160e-04 
 1.992320e+01 -1.090124e-03 
 1.992360e+01 -1.547704e-03 
 1.992399e+01 -1.877171e-03 
 1.992439e+01 -2.076388e-03 
 1.992479e+01 -2.119291e-03 
 1.992519e+01 -2.062614e-03 
 1.992558e+01 -1.915616e-03 
 1.992598e+01 -1.663551e-03 
 1.992638e+01 -1.358228e-03 
 1.992678e+01 -9.959442e-04 
 1.992718e+01 -5.861069e-04 
 1.992757e+01 -1.429236e-04 
 1.992797e+01  3.384443e-04 
 1.992837e+01  8.416153e-04 
 1.992877e+01  1.388180e-03 
 1.992916e+01  1.963968e-03 
 1.992956e+01  2.561922e-03 
 1.992996e+01  3.184253e-03 
 1.993036e+01  3.751325e-03 
 1.993076e+01  4.253417e-03 
 1.993115e+01  4.618750e-03 
 1.993155e+01  4.812917e-03 
 1.993195e+01  4.863980e-03 
 1.993235e+01  4.736390e-03 
 1.993274e+01  4.461624e-03 
 1.993314e+01  4.073405e-03 
 1.993354e+01  3.577619e-03 
 1.993394e+01  3.007485e-03 
 1.993433e+01  2.388253e-03 
 1.993473e+01  1.778083e-03 
 1.993513e+01  1.200042e-03 
 1.993553e+01  7.302385e-04 
 1.993593e+01  4.067589e-04 
 1.993632e+01  2.023020e-04 
 1.993672e+01  1.504249e-04 
 1.993712e+01  2.405869e-04 
 1.993752e+01  5.011499e-04 
 1.993791e+01  8.954337e-04 
 1.993831e+01  1.405976e-03 
 1.993871e+01  2.007033e-03 
 1.993911e+01  2.630976e-03 
 1.993950e+01  3.223844e-03 
 1.993990e+01  3.740731e-03 
 1.994030e+01  4.115531e-03 
 1.994070e+01  4.273797e-03 
 1.994110e+01  4.218076e-03 
 1.994149e+01  3.923155e-03 
 1.994189e+01  3.390276e-03 
 1.994229e+01  2.658437e-03 
 1.994269e+01  1.762108e-03 
 1.994308e+01  7.723631e-04 
 1.994348e+01 -2.401881e-04 
 1.994388e+01 -1.203172e-03 
 1.994428e+01 -2.077235e-03 
 1.994467e+01 -2.795376e-03 
 1.994507e+01 -3.338064e-03 
 1.994547e+01 -3.675334e-03 
 1.994587e+01 -3.735178e-03 
 1.994627e+01 -3.443558e-03 
 1.994666e+01 -2.781096e-03 
 1.994706e+01 -1.753424e-03 
 1.994746e+01 -4.122658e-04 
 1.994786e+01  1.109012e-03 
 1.994825e+01  2.749023e-03 
 1.994865e+01  4.397044e-03 
 1.994905e+01  5.897065e-03 
 1.994945e+01  7.177192e-03 
 1.994984e+01  8.134715e-03 
 1.995024e+01  8.694691e-03 
 1.995064e+01  8.822902e-03 
 1.995104e+01  8.498414e-03 
 1.995144e+01  7.710277e-03 
 1.995183e+01  6.534401e-03 
 1.995223e+01  5.076933e-03 
 1.995263e+01  3.430585e-03 
 1.995303e+01  1.713646e-03 
 1.995342e+01  4.392001e-05 
 1.995382e+01 -1.449463e-03 
 1.995422e+01 -2.690253e-03 
 1.995462e+01 -3.558273e-03 
 1.995501e+01 -3.986873e-03 
 1.995541e+01 -3.973355e-03 
 1.995581e+01 -3.482148e-03 
 1.995621e+01 -2.552976e-03 
 1.995661e+01 -1.257905e-03 
 1.995700e+01  3.412150e-04 
 1.995740e+01  2.112834e-03 
 1.995780e+01  3.963332e-03 
 1.995820e+01  5.683130e-03 
 1.995859e+01  7.140624e-03 
 1.995899e+01  8.217264e-03 
 1.995939e+01  8.822371e-03 
 1.995979e+01  8.969746e-03 
 1.996018e+01  8.634211e-03 
 1.996058e+01  7.865843e-03 
 1.996098e+01  6.756634e-03 
 1.996138e+01  5.363507e-03 
 1.996178e+01  3.796760e-03 
 1.996217e+01  2.203946e-03 
 1.996257e+01  6.977538e-04 
 1.996297e+01 -5.799300e-04 
 1.996337e+01 -1.467322e-03 
 1.996376e+01 -1.842957e-03 
 1.996416e+01 -1.709093e-03 
 1.996456e+01 -1.047195e-03 
 1.996496e+01  1.274709e-04 
 1.996535e+01  1.707999e-03 
 1.996575e+01  3.684986e-03 
 1.996615e+01  5.936773e-03 
 1.996655e+01  8.343605e-03 
 1.996695e+01  1.076740e-02 
 1.996734e+01  1.306743e-02 
 1.996774e+01  1.503790e-02 
 1.996814e+01  1.650867e-02 
 1.996854e+01  1.733302e-02 
 1.996893e+01  1.744209e-02 
 1.996933e+01  1.679126e-02 
 1.996973e+01  1.547779e-02 
 1.997013e+01  1.358649e-02 
 1.997052e+01  1.122175e-02 
 1.997092e+01  8.558284e-03 
 1.997132e+01  5.737968e-03 
 1.997172e+01  2.961004e-03 
 1.997212e+01  4.439964e-04 
 1.997251e+01 -1.649398e-03 
 1.997291e+01 -3.179474e-03 
 1.997331e+01 -4.025110e-03 
 1.997371e+01 -4.098949e-03 
 1.997410e+01 -3.395536e-03 
 1.997450e+01 -1.966834e-03 
 1.997490e+01  1.229834e-04 
 1.997530e+01  2.724028e-03 
 1.997569e+01  5.633811e-03 
 1.997609e+01  8.661780e-03 
 1.997649e+01  1.151804e-02 
 1.997689e+01  1.400682e-02 
 1.997729e+01  1.598946e-02 
 1.997768e+01  1.732441e-02 
 1.997808e+01  1.792665e-02 
 1.997848e+01  1.781811e-02 
 1.997888e+01  1.705654e-02 
 1.997927e+01  1.569205e-02 
 1.997967e+01  1.392429e-02 
 1.998007e+01  1.188348e-02 
 1.998047e+01  9.701244e-03 
 1.998086e+01  7.585146e-03 
 1.998126e+01  5.744075e-03 
 1.998166e+01  4.324648e-03 
 1.998206e+01  3.476278e-03 
 1.998246e+01  3.282197e-03 
 1.998285e+01  3.771084e-03 
 1.998325e+01  4.955581e-03 
 1.998365e+01  6.780804e-03 
 1.998405e+01  9.089258e-03 
 1.998444e+01  1.172626e-02 
 1.998484e+01  1.450306e-02 
 1.998524e+01  1.717376e-02 
 1.998564e+01  1.957378e-02 
 1.998603e+01  2.153965e-02 
 1.998643e+01  2.290197e-02 
 1.998683e+01  2.359272e-02 
 1.998723e+01  2.357411e-02 
 1.998763e+01  2.283762e-02 
 1.998802e+01  2.143612e-02 
 1.998842e+01  1.948316e-02 
 1.998882e+01  1.711052e-02 
 1.998922e+01  1.445168e-02 
 1.998961e+01  1.168563e-02 
 1.999001e+01  9.004565e-03 
 1.999041e+01  6.567781e-03 
 1.999081e+01  4.548784e-03 
 1.999120e+01  3.110452e-03 
 1.999160e+01  2.334784e-03 
 1.999200e+01  2.281922e-03 
 1.999240e+01  2.942769e-03 
 1.999280e+01  4.207712e-03 
 1.999319e+01  5.954744e-03 
 1.999359e+01  8.041117e-03 
 1.999399e+01  1.029256e-02 
 1.999439e+01  1.254178e-02 
 1.999478e+01  1.462015e-02 
 1.999518e+01  1.638880e-02 
 1.999558e+01  1.770854e-02 
 1.999598e+01  1.850837e-02 
 1.999637e+01  1.870300e-02 
 1.999677e+01  1.823706e-02 
 1.999717e+01  1.715753e-02 
 1.999757e+01  1.555044e-02 
 1.999797e+01  1.353545e-02 
 1.999836e+01  1.128078e-02 
 1.999876e+01  8.944469e-03 
 1.999916e+01  6.666347e-03 
 1.999956e+01  4.594962e-03 
 1.999995e+01  2.827804e-03 
 2.000035e+01  1.415291e-03 
 2.000075e+01  4.242131e-04 
 2.000115e+01 -1.072510e-04 
 2.000154e+01 -1.938477e-04 
 2.000194e+01  2.005172e-04 
 2.000234e+01  1.020766e-03 
 2.000274e+01  2.152752e-03 
 2.000314e+01  3.509639e-03 
 2.000353e+01  4.997597e-03 
 2.000393e+01  6.462772e-03 
 2.000433e+01  7.757821e-03 
 2.000473e+01  8.818984e-03 
 2.000512e+01  9.584630e-03 
 2.000552e+01  9.996751e-03 
 2.000592e+01  1.004281e-02 
 2.000632e+01  9.709516e-03 
 2.000671e+01  9.055464e-03 
 2.000711e+01  8.138252e-03 
 2.000751e+01  7.037606e-03 
 2.000791e+01  5.848189e-03 
 2.000831e+01  4.661891e-03 
 2.000870e+01  3.553710e-03 
 2.000910e+01  2.614759e-03 
 2.000950e+01  1.933556e-03 
 2.000990e+01  1.532310e-03 
 2.001029e+01  1.437479e-03 
 2.001069e+01  1.640274e-03 
 2.001109e+01  2.148117e-03 
 2.001149e+01  2.922614e-03 
 2.001188e+01  3.923784e-03 
 2.001228e+01  5.088750e-03 
 2.001268e+01  6.295423e-03 
 2.001308e+01  7.442128e-03 
 2.001348e+01  8.452694e-03 
 2.001387e+01  9.214772e-03 
 2.001427e+01  9.678970e-03 
 2.001467e+01  9.840135e-03 
 2.001507e+01  9.713177e-03 
 2.001546e+01  9.279257e-03 
 2.001586e+01  8.591028e-03 
 2.001626e+01  7.654526e-03 
 2.001666e+01  6.488360e-03 
 2.001705e+01  5.163880e-03 
 2.001745e+01  3.775774e-03 
 2.001785e+01  2.398268e-03 
 2.001825e+01  1.126880e-03 
 2.001865e+01  4.821957e-05 
 2.001904e+01 -8.424518e-04 
 2.001944e+01 -1.483571e-03 
 2.001984e+01 -1.869450e-03 
 2.002024e+01 -2.041176e-03 
 2.002063e+01 -1.991745e-03 
 2.002103e+01 -1.713018e-03 
 2.002143e+01 -1.258334e-03 
 2.002183e+01 -6.550524e-04 
 2.002223e+01  5.288590e-05 
 2.002262e+01  8.119673e-04 
 2.002302e+01  1.603995e-03 
 2.002342e+01  2.442035e-03 
 2.002382e+01  3.280136e-03 
 2.002421e+01  4.079430e-03 
 2.002461e+01  4.805568e-03 
 2.002501e+01  5.379070e-03 
 2.002541e+01  5.799756e-03 
 2.002580e+01  6.039339e-03 
 2.002620e+01  6.089129e-03 
 2.002660e+01  5.955882e-03 
 2.002700e+01  5.713989e-03 
 2.002740e+01  5.393122e-03 
 2.002779e+01  4.986472e-03 
 2.002819e+01  4.502923e-03 
 2.002859e+01  3.942581e-03 
 2.002899e+01  3.325416e-03 
 2.002938e+01  2.678098e-03 
 2.002978e+01  2.079747e-03 
 2.003018e+01  1.569652e-03 
 2.003058e+01  1.148901e-03 
 2.003097e+01  8.694782e-04 
 2.003137e+01  7.346557e-04 
 2.003177e+01  7.386157e-04 
 2.003217e+01  8.560621e-04 
 2.003257e+01  1.077722e-03 
 2.003296e+01  1.355769e-03 
 2.003336e+01  1.701196e-03 
 2.003376e+01  2.107687e-03 
 2.003416e+01  2.528845e-03 
 2.003455e+01  2.961993e-03 
 2.003495e+01  3.371990e-03 
 2.003535e+01  3.702456e-03 
 2.003575e+01  3.967128e-03 
 2.003614e+01  4.141954e-03 
 2.003654e+01  4.163428e-03 
 2.003694e+01  4.031073e-03 
 2.003734e+01  3.750194e-03 
 2.003774e+01  3.308929e-03 
 2.003813e+01  2.741718e-03 
 2.003853e+01  2.091365e-03 
 2.003893e+01  1.362842e-03 
 2.003933e+01  6.282606e-04 
 2.003972e+01  5.450889e-06 
 2.004012e+01 -4.422469e-04 
 2.004052e+01 -6.597670e-04 
 2.004092e+01 -5.971217e-04 
 2.004131e+01 -2.324684e-04 
 2.004171e+01  4.325133e-04 
 2.004211e+01  1.406698e-03 
 2.004251e+01  2.627701e-03 
 2.004291e+01  4.020776e-03 
 2.004330e+01  5.530497e-03 
 2.004370e+01  7.094179e-03 
 2.004410e+01  8.561822e-03 
 2.004450e+01  9.821416e-03 
 2.004489e+01  1.073122e-02 
 2.004529e+01  1.113439e-02 
 2.004569e+01  1.097665e-02 
 2.004609e+01  1.025701e-02 
 2.004648e+01  8.971752e-03 
 2.004688e+01  7.194494e-03 
 2.004728e+01  5.045148e-03 
 2.004768e+01  2.659444e-03 
 2.004808e+01  1.532898e-04 
 2.004847e+01 -2.319433e-03 
 2.004887e+01 -4.602677e-03 
 2.004927e+01 -6.543333e-03 
 2.004967e+01 -8.013788e-03 
 2.005006e+01 -8.914756e-03 
 2.005046e+01 -9.176693e-03 
 2.005086e+01 -8.768681e-03 
 2.005126e+01 -7.704695e-03 
 2.005165e+01 -6.141267e-03 
 2.005205e+01 -4.167670e-03 
 2.005245e+01 -1.970068e-03 
 2.005285e+01  2.655706e-04 
 2.005325e+01  2.397326e-03 
 2.005364e+01  4.307928e-03 
 2.005404e+01  5.797156e-03 
 2.005444e+01  6.847371e-03 
 2.005484e+01  7.404415e-03 
 2.005523e+01  7.420853e-03 
 2.005563e+01  6.895440e-03 
 2.005603e+01  5.918823e-03 
 2.005643e+01  4.541353e-03 
 2.005682e+01  2.878444e-03 
 2.005722e+01  1.116454e-03 
 2.005762e+01 -6.731891e-04 
 2.005802e+01 -2.302251e-03 
 2.005842e+01 -3.649796e-03 
 2.005881e+01 -4.552096e-03 
 2.005921e+01 -4.948475e-03 
 2.005961e+01 -4.726919e-03 
 2.006001e+01 -3.899653e-03 
 2.006040e+01 -2.516258e-03 
 2.006080e+01 -6.334028e-04 
 2.006120e+01  1.589304e-03 
 2.006160e+01  3.979031e-03 
 2.006199e+01  6.377657e-03 
 2.006239e+01  8.632127e-03 
 2.006279e+01  1.057734e-02 
 2.006319e+01  1.210359e-02 
 2.006359e+01  1.314415e-02 
 2.006398e+01  1.358540e-02 
 2.006438e+01  1.340045e-02 
 2.006478e+01  1.259305e-02 
 2.006518e+01  1.117216e-02 
 2.006557e+01  9.259619e-03 
 2.006597e+01  6.976523e-03 
 2.006637e+01  4.511734e-03 
 2.006677e+01  2.037013e-03 
 2.006716e+01 -2.131328e-04 
 2.006756e+01 -2.094265e-03 
 2.006796e+01 -3.460790e-03 
 2.006836e+01 -4.158536e-03 
 2.006876e+01 -4.123290e-03 
 2.006915e+01 -3.306097e-03 
 2.006955e+01 -1.720001e-03 
 2.006995e+01  5.584693e-04 
 2.007035e+01  3.353172e-03 
 2.007074e+01  6.484980e-03 
 2.007114e+01  9.788069e-03 
 2.007154e+01  1.301695e-02 
 2.007194e+01  1.597572e-02 
 2.007233e+01  1.850215e-02 
 2.007273e+01  2.043159e-02 
 2.007313e+01  2.163142e-02 
 2.007353e+01  2.201827e-02 
 2.007393e+01  2.155847e-02 
 2.007432e+01  2.029111e-02 
 2.007472e+01  1.835255e-02 
 2.007512e+01  1.590227e-02 
 2.007552e+01  1.313905e-02 
 2.007591e+01  1.027842e-02 
 2.007631e+01  7.457891e-03 
 2.007671e+01  4.873764e-03 
 2.007711e+01  2.706670e-03 
 2.007750e+01  1.047901e-03 
 2.007790e+01  2.710445e-05 
 2.007830e+01 -2.785826e-04 
 2.007870e+01  1.452599e-04 
 2.007910e+01  1.251579e-03 
 2.007949e+01  2.981338e-03 
 2.007989e+01  5.161208e-03 
 2.008029e+01  7.584013e-03 
 2.008069e+01  1.005053e-02 
 2.008108e+01  1.236224e-02 
 2.008148e+01  1.436596e-02 
 2.008188e+01  1.593947e-02 
 2.008228e+01  1.698267e-02 
 2.008267e+01  1.741589e-02 
 2.008307e+01  1.720810e-02 
 2.008347e+01  1.639692e-02 
 2.008387e+01  1.504814e-02 
 2.008427e+01  1.324627e-02 
 2.008466e+01  1.113535e-02 
 2.008506e+01  8.891974e-03 
 2.008546e+01  6.700999e-03 
 2.008586e+01  4.794810e-03 
 2.008625e+01  3.326736e-03 
 2.008665e+01  2.398390e-03 
 2.008705e+01  2.131262e-03 
 2.008745e+01  2.561110e-03 
 2.008784e+01  3.701413e-03 
 2.008824e+01  5.434486e-03 
 2.008864e+01  7.628578e-03 
 2.008904e+01  1.012564e-02 
 2.008944e+01  1.276091e-02 
 2.008983e+01  1.537384e-02 
 2.009023e+01  1.775666e-02 
 2.009063e+01  1.975544e-02 
 2.009103e+01  2.122778e-02 
 2.009142e+01  2.209715e-02 
 2.009182e+01  2.236014e-02 
 2.009222e+01  2.199576e-02 
 2.009262e+01  2.098807e-02 
 2.009301e+01  1.941059e-02 
 2.009341e+01  1.738584e-02 
 2.009381e+01  1.500449e-02 
 2.009421e+01  1.244383e-02 
 2.009461e+01  9.878522e-03 
 2.009500e+01  7.469061e-03 
 2.009540e+01  5.350481e-03 
 2.009580e+01  3.681610e-03 
 2.009620e+01  2.529916e-03 
 2.009659e+01  1.918716e-03 
 2.009699e+01  1.845900e-03 
 2.009739e+01  2.248021e-03 
 2.009779e+01  3.047172e-03 
 2.009818e+01  4.176914e-03 
 2.009858e+01  5.525387e-03 
 2.009898e+01  7.028633e-03 
 2.009938e+01  8.548335e-03 
 2.009978e+01  9.974850e-03 
 2.010017e+01  1.122027e-02 
 2.010057e+01  1.220058e-02 
 2.010097e+01  1.284204e-02 
 2.010137e+01  1.310853e-02 
 2.010176e+01  1.299232e-02 
 2.010216e+01  1.252927e-02 
 2.010256e+01  1.177617e-02 
 2.010296e+01  1.080101e-02 
 2.010335e+01  9.675126e-03 
 2.010375e+01  8.461024e-03 
 2.010415e+01  7.245227e-03 
 2.010455e+01  6.085148e-03 
 2.010495e+01  5.063609e-03 
 2.010534e+01  4.216387e-03 
 2.010574e+01  3.579693e-03 
 2.010614e+01  3.181299e-03 
 2.010654e+01  2.994150e-03 
 2.010693e+01  3.028352e-03 
 2.010733e+01  3.218821e-03 
 2.010773e+01  3.546954e-03 
 2.010813e+01  3.969964e-03 
 2.010852e+01  4.453727e-03 
 2.010892e+01  4.917755e-03 
 2.010932e+01  5.346829e-03 
 2.010972e+01  5.721840e-03 
 2.011012e+01  6.012825e-03 
 2.011051e+01  6.218737e-03 
 2.011091e+01  6.339669e-03 
 2.011131e+01  6.350830e-03 
 2.011171e+01  6.241183e-03 
 2.011210e+01  6.020793e-03 
 2.011250e+01  5.693132e-03 
 2.011290e+01  5.261560e-03 
 2.011330e+01  4.746779e-03 
 2.011369e+01  4.200791e-03 
 2.011409e+01  3.680095e-03 
 2.011449e+01  3.244937e-03 
 2.011489e+01  2.960219e-03 
 2.011529e+01  2.849767e-03 
 2.011568e+01  2.938267e-03 
 2.011608e+01  3.186391e-03 
 2.011648e+01  3.581713e-03 
 2.011688e+01  4.121329e-03 
 2.011727e+01  4.761226e-03 
 2.011767e+01  5.475261e-03 
 2.011807e+01  6.280822e-03 
 2.011847e+01  7.119722e-03 
 2.011887e+01  7.953889e-03 
 2.011926e+01  8.751182e-03 
 2.011966e+01  9.456364e-03 
 2.012006e+01  1.005369e-02 
 2.012046e+01  1.053132e-02 
 2.012085e+01  1.087056e-02 
 2.012125e+01  1.103082e-02 
 2.012165e+01  1.097938e-02 
 2.012205e+01  1.066990e-02 
 2.012244e+01  1.011360e-02 
 2.012284e+01  9.314895e-03 
 2.012324e+01  8.330035e-03 
 2.012364e+01  7.221215e-03 
 2.012404e+01  6.057936e-03 
 2.012443e+01  4.885377e-03 
 2.012483e+01  3.734150e-03 
 2.012523e+01  2.634967e-03 
 2.012563e+01  1.619713e-03 
 2.012602e+01  7.513347e-04 
 2.012642e+01  4.461349e-05 
 2.012682e+01 -4.234228e-04 
 2.012722e+01 -6.237154e-04 
 2.012761e+01 -5.375648e-04 
 2.012801e+01 -1.943042e-04 
 2.012841e+01  3.699483e-04 
 2.012881e+01  1.091936e-03 
 2.012921e+01  1.907748e-03 
 2.012960e+01  2.789013e-03 
 2.013000e+01  3.652434e-03 
 2.013040e+01  4.478747e-03 
 2.013080e+01  5.187013e-03 
 2.013119e+01  5.759178e-03 
 2.013159e+01  6.155438e-03 
 2.013199e+01  6.327204e-03 
 2.013239e+01  6.210707e-03 
 2.013278e+01  5.824208e-03 
 2.013318e+01  5.198651e-03 
 2.013358e+01  4.387432e-03 
 2.013398e+01  3.430712e-03 
 2.013438e+01  2.379417e-03 
 2.013477e+01  1.284667e-03 
 2.013517e+01  1.897386e-04 
 2.013557e+01 -8.163954e-04 
 2.013597e+01 -1.690623e-03 
 2.013636e+01 -2.392089e-03 
 2.013676e+01 -2.864157e-03 
 2.013716e+01 -3.053685e-03 
 2.013756e+01 -2.971486e-03 
 2.013795e+01 -2.656532e-03 
 2.013835e+01 -2.144641e-03 
 2.013875e+01 -1.503784e-03 
 2.013915e+01 -7.716951e-04 
 2.013955e+01 -2.881174e-05 
 2.013994e+01  6.437023e-04 
 2.014034e+01  1.202510e-03 
 2.014074e+01  1.535316e-03 
 2.014114e+01  1.618518e-03 
 2.014153e+01  1.392618e-03 
 2.014193e+01  8.651099e-04 
 2.014233e+01  2.621207e-05 
 2.014273e+01 -1.083212e-03 
 2.014312e+01 -2.378253e-03 
 2.014352e+01 -3.732456e-03 
 2.014392e+01 -5.054936e-03 
 2.014432e+01 -6.224559e-03 
 2.014472e+01 -7.085140e-03 
 2.014511e+01 -7.598945e-03 
 2.014551e+01 -7.667903e-03 
 2.014591e+01 -7.229015e-03 
 2.014631e+01 -6.282508e-03 
 2.014670e+01 -4.856607e-03 
 2.014710e+01 -3.005780e-03 
 2.014750e+01 -8.162483e-04 
 2.014790e+01  1.568860e-03 
 2.014829e+01  4.060219e-03 
 2.014869e+01  6.458665e-03 
 2.014909e+01  8.619079e-03 
 2.014949e+01  1.037745e-02 
 2.014989e+01  1.158714e-02 
 2.015028e+01  1.214622e-02 
 2.015068e+01  1.199573e-02 
 2.015108e+01  1.114932e-02 
 2.015148e+01  9.614357e-03 
 2.015187e+01  7.492903e-03 
 2.015227e+01  4.951254e-03 
 2.015267e+01  2.114178e-03 
 2.015307e+01 -7.569601e-04 
 2.015346e+01 -3.471232e-03 
 2.015386e+01 -5.845496e-03 
 2.015426e+01 -7.738545e-03 
 2.015466e+01 -9.020501e-03 
 2.015506e+01 -9.612661e-03 
 2.015545e+01 -9.507368e-03 
 2.015585e+01 -8.706211e-03 
 2.015625e+01 -7.343041e-03 
 2.015665e+01 -5.527376e-03 
 2.015704e+01 -3.430876e-03 
 2.015744e+01 -1.234674e-03 
 2.015784e+01  8.681143e-04 
 2.015824e+01  2.700227e-03 
 2.015863e+01  4.114051e-03 
 2.015903e+01  5.017447e-03 
 2.015943e+01  5.420478e-03 
 2.015983e+01  5.336822e-03 
 2.016023e+01  4.781725e-03 
 2.016062e+01  3.834901e-03 
 2.016102e+01  2.591356e-03 
 2.016142e+01  1.127582e-03 
 2.016182e+01 -3.842445e-04 
 2.016221e+01 -1.774548e-03 
 2.016261e+01 -2.888214e-03 
 2.016301e+01 -3.596635e-03 
 2.016341e+01 -3.761200e-03 
 2.016380e+01 -3.310074e-03 
 2.016420e+01 -2.267773e-03 
 2.016460e+01 -6.431012e-04 
 2.016500e+01  1.484819e-03 
 2.016540e+01  4.000276e-03 
 2.016579e+01  6.839297e-03 
 2.016619e+01  9.836331e-03 
 2.016659e+01  1.283361e-02 
 2.016699e+01  1.566278e-02 
 2.016738e+01  1.805589e-02 
 2.016778e+01  1.985501e-02 
 2.016818e+01  2.097537e-02 
 2.016858e+01  2.136407e-02 
 2.016897e+01  2.099834e-02 
 2.016937e+01  1.996390e-02 
 2.016977e+01  1.833878e-02 
 2.017017e+01  1.617807e-02 
 2.017057e+01  1.361077e-02 
 2.017096e+01  1.080221e-02 
 2.017136e+01  7.946855e-03 
 2.017176e+01  5.244792e-03 
 2.017216e+01  2.966644e-03 
 2.017255e+01  1.260403e-03 
 2.017295e+01  2.344316e-04 
 2.017335e+01 -4.840144e-05 
 2.017375e+01  3.521613e-04 
 2.017414e+01  1.365819e-03 
 2.017454e+01  2.957281e-03 
 2.017494e+01  5.010418e-03 
 2.017534e+01  7.420659e-03 
 2.017574e+01  1.006408e-02 
 2.017613e+01  1.279496e-02 
 2.017653e+01  1.539191e-02 
 2.017693e+01  1.769739e-02 
 2.017733e+01  1.959051e-02 
 2.017772e+01  2.088137e-02 
 2.017812e+01  2.152629e-02 
 2.017852e+01  2.151515e-02 
 2.017892e+01  2.086734e-02 
 2.017931e+01  1.966862e-02 
 2.017971e+01  1.802761e-02 
 2.018011e+01  1.604440e-02 
 2.018051e+01  1.387409e-02 
 2.018091e+01  1.168071e-02 
 2.018130e+01  9.622159e-03 
 2.018170e+01  7.846085e-03 
 2.018210e+01  6.456765e-03 
 2.018250e+01  5.539321e-03 
 2.018289e+01  5.167124e-03 
 2.018329e+01  5.362597e-03 
 2.018369e+01  6.056759e-03 
 2.018409e+01  7.177953e-03 
 2.018448e+01  8.644334e-03 
 2.018488e+01  1.034205e-02 
 2.018528e+01  1.205900e-02 
 2.018568e+01  1.368635e-02 
 2.018608e+01  1.505009e-02 
 2.018647e+01  1.600189e-02 
 2.018687e+01  1.646589e-02 
 2.018727e+01  1.640986e-02 
 2.018767e+01  1.581385e-02 
 2.018806e+01  1.466158e-02 
 2.018846e+01  1.310795e-02 
 2.018886e+01  1.122837e-02 
 2.018926e+01  9.127351e-03 
 2.018965e+01  6.914256e-03 
 2.019005e+01  4.730161e-03 
 2.019045e+01  2.760406e-03 
 2.019085e+01  1.147515e-03 
 2.019125e+01  1.541418e-05 
 2.019164e+01 -5.619888e-04 
 2.019204e+01 -5.341864e-04 
 2.019244e+01  1.318396e-04 
 2.019284e+01  1.383798e-03 
 2.019323e+01  3.143698e-03 
 2.019363e+01  5.322843e-03 
 2.019403e+01  7.719458e-03 
 2.019443e+01  1.022543e-02 
 2.019482e+01  1.268728e-02 
 2.019522e+01  1.494888e-02 
 2.019562e+01  1.689324e-02 
 2.019602e+01  1.841757e-02 
 2.019642e+01  1.942632e-02 
 2.019681e+01  1.988522e-02 
 2.019721e+01  1.979136e-02 
 2.019761e+01  1.915912e-02 
 2.019801e+01  1.805078e-02 
 2.019840e+01  1.658091e-02 
 2.019880e+01  1.480990e-02 
 2.019920e+01  1.285640e-02 
 2.019960e+01  1.088739e-02 
 2.019999e+01  8.989363e-03 
 2.020039e+01  7.264887e-03 
 2.020079e+01  5.849280e-03 
 2.020119e+01  4.762376e-03 
 2.020159e+01  3.988103e-03 
 2.020198e+01  3.524877e-03 
 2.020238e+01  3.313209e-03 
 2.020278e+01  3.303308e-03 
 2.020318e+01  3.466495e-03 
 2.020357e+01  3.829595e-03 
 2.020397e+01  4.345063e-03 
 2.020437e+01  4.954305e-03 
 2.020477e+01  5.648430e-03 
 2.020516e+01  6.349434e-03 
 2.020556e+01  6.964997e-03 
 2.020596e+01  7.419183e-03 
 2.020636e+01  7.667265e-03 
 2.020676e+01  7.719777e-03 
 2.020715e+01  7.595110e-03 
 2.020755e+01  7.335572e-03 
 2.020795e+01  6.992424e-03 
 2.020835e+01  6.622914e-03 
 2.020874e+01  6.189381e-03 
 2.020914e+01  5.743430e-03 
 2.020954e+01  5.317561e-03 
 2.020994e+01  4.910241e-03 
 2.021034e+01  4.523278e-03 
 2.021073e+01  4.229685e-03 
 2.021113e+01  4.046928e-03 
 2.021153e+01  3.954350e-03 
 2.021193e+01  3.979153e-03 
 2.021232e+01  4.085970e-03 
 2.021272e+01  4.258082e-03 
 2.021312e+01  4.444256e-03 
 2.021352e+01  4.644388e-03 
 2.021391e+01  4.874555e-03 
 2.021431e+01  5.125805e-03 
 2.021471e+01  5.435238e-03 
 2.021511e+01  5.752605e-03 
 2.021551e+01  6.063928e-03 
 2.021590e+01  6.347239e-03 
 2.021630e+01  6.562269e-03 
 2.021670e+01  6.664116e-03 
 2.021710e+01  6.669194e-03 
 2.021749e+01  6.534056e-03 
 2.021789e+01  6.226364e-03 
 2.021829e+01  5.741055e-03 
 2.021869e+01  5.074476e-03 
 2.021908e+01  4.215390e-03 
 2.021948e+01  3.227286e-03 
 2.021988e+01  2.165130e-03 
 2.022028e+01  1.115177e-03 
 2.022068e+01  1.929004e-04 
 2.022107e+01 -5.436661e-04 
 2.022147e+01 -1.018656e-03 
 2.022187e+01 -1.185681e-03 
 2.022227e+01 -1.021548e-03 
 2.022266e+01 -5.184981e-04 
 2.022306e+01  3.527834e-04 
 2.022346e+01  1.566706e-03 
 2.022386e+01  3.053255e-03 
 2.022425e+01  4.739900e-03 
 2.022465e+01  6.531295e-03 
 2.022505e+01  8.286241e-03 
 2.022545e+01  9.866934e-03 
 2.022585e+01  1.117115e-02 
 2.022624e+01  1.208026e-02 
 2.022664e+01  1.254633e-02 
 2.022704e+01  1.260673e-02 
 2.022744e+01  1.226001e-02 
 2.022783e+01  1.147718e-02 
 2.022823e+01  1.033938e-02 
 2.022863e+01  8.887759e-03 
 2.022903e+01  7.165116e-03 
 2.022942e+01  5.248440e-03 
 2.022982e+01  3.182865e-03 
 2.023022e+01  1.106010e-03 
 2.023062e+01 -8.650324e-04 
 2.023102e+01 -2.669998e-03 
 2.023141e+01 -4.194788e-03 
 2.023181e+01 -5.380008e-03 
 2.023221e+01 -6.179706e-03 
 2.023261e+01 -6.564724e-03 
 2.023300e+01 -6.584187e-03 
 2.023340e+01 -6.271884e-03 
 2.023380e+01 -5.750396e-03 
 2.023420e+01 -5.082742e-03 
 2.023459e+01 -4.326053e-03 
 2.023499e+01 -3.554125e-03 
 2.023539e+01 -2.832967e-03 
 2.023579e+01 -2.174400e-03 
 2.023619e+01 -1.623088e-03 
 2.023658e+01 -1.231704e-03 
 2.023698e+01 -1.058753e-03 
 2.023738e+01 -1.159367e-03 
 2.023778e+01 -1.557317e-03 
 2.023817e+01 -2.154302e-03 
 2.023857e+01 -2.903049e-03 
 2.023897e+01 -3.711703e-03 
 2.023937e+01 -4.462062e-03 
 2.023976e+01 -5.042516e-03 
 2.024016e+01 -5.425321e-03 
 2.024056e+01 -5.508212e-03 
 2.024096e+01 -5.248936e-03 
 2.024136e+01 -4.650903e-03 
 2.024175e+01 -3.678833e-03 
 2.024215e+01 -2.344824e-03 
 2.024255e+01 -7.501992e-04 
 2.024295e+01  1.068155e-03 
 2.024334e+01  2.986789e-03 
 2.024374e+01  4.900068e-03 
 2.024414e+01  6.633318e-03 
 2.024454e+01  8.070943e-03 
 2.024493e+01  9.084203e-03 
 2.024533e+01  9.592319e-03 
 2.024573e+01  9.567666e-03 
 2.024613e+01  8.983227e-03 
 2.024653e+01  7.846656e-03 
 2.024692e+01  6.234015e-03 
 2.024732e+01  4.220447e-03 
 2.024772e+01  1.929591e-03 
 2.024812e+01 -4.592136e-04 
 2.024851e+01 -2.823740e-03 
 2.024891e+01 -4.973645e-03 
 2.024931e+01 -6.719586e-03 
 2.024971e+01 -7.972917e-03 
 2.025010e+01 -8.651503e-03 
 2.025050e+01 -8.699367e-03 
 2.025090e+01 -8.110072e-03 
 2.025130e+01 -6.937337e-03 
 2.025170e+01 -5.269612e-03 
 2.025209e+01 -3.163383e-03 
 2.025249e+01 -7.508475e-04 
 2.025289e+01  1.821491e-03 
 2.025329e+01  4.407599e-03 
 2.025368e+01  6.812925e-03 
 2.025408e+01  8.880859e-03 
 2.025448e+01  1.050850e-02 
 2.025488e+01  1.160001e-02 
 2.025527e+01  1.217721e-02 
 2.025567e+01  1.222624e-02 
 2.025607e+01  1.178129e-02 
 2.025647e+01  1.091734e-02 
 2.025687e+01  9.705809e-03 
 2.025726e+01  8.257034e-03 
 2.025766e+01  6.624388e-03 
 2.025806e+01  5.005823e-03 
 2.025846e+01  3.578923e-03 
 2.025885e+01  2.445144e-03 
 2.025925e+01  1.754283e-03 
 2.025965e+01  1.613616e-03 
 2.026005e+01  2.000362e-03 
 2.026044e+01  2.910312e-03 
 2.026084e+01  4.240705e-03 
 2.026124e+01  5.857046e-03 
 2.026164e+01  7.616156e-03 
 2.026204e+01  9.350112e-03 
 2.026243e+01  1.092489e-02 
 2.026283e+01  1.218813e-02 
 2.026323e+01  1.304796e-02 
 2.026363e+01  1.337671e-02 
 2.026402e+01  1.311436e-02 
 2.026442e+01  1.226890e-02 
 2.026482e+01  1.084361e-02 
 2.026522e+01  8.928599e-03 
 2.026561e+01  6.652375e-03 
 2.026601e+01  4.197103e-03 
 2.026641e+01  1.756129e-03 
 2.026681e+01 -4.660285e-04 
 2.026721e+01 -2.272916e-03 
 2.026760e+01 -3.555339e-03 
 2.026800e+01 -4.191490e-03 
 2.026840e+01 -4.114943e-03 
 2.026880e+01 -3.322700e-03 
 2.026919e+01 -1.827472e-03 
 2.026959e+01  2.978387e-04 
 2.026999e+01  2.940086e-03 
 2.027039e+01  5.931135e-03 
 2.027078e+01  9.132878e-03 
 2.027118e+01  1.231385e-02 
 2.027158e+01  1.531732e-02 
 2.027198e+01  1.795724e-02 
 2.027238e+01  2.012251e-02 
 2.027277e+01  2.171517e-02 
 2.027317e+01  2.267093e-02 
 2.027357e+01  2.292013e-02 
 2.027397e+01  2.248290e-02 
 2.027436e+01  2.143095e-02 
 2.027476e+01  1.986535e-02 
 2.027516e+01  1.788773e-02 
 2.027556e+01  1.565117e-02 
 2.027595e+01  1.332774e-02 
 2.027635e+01  1.104281e-02 
 2.027675e+01  8.957057e-03 
 2.027715e+01  7.208177e-03 
 2.027755e+01  5.871517e-03 
 2.027794e+01  5.040827e-03 
 2.027834e+01  4.742855e-03 
 2.027874e+01  4.958054e-03 
 2.027914e+01  5.614156e-03 
 2.027953e+01  6.614819e-03 
 2.027993e+01  7.833663e-03 
 2.028033e+01  9.176521e-03 
 2.028073e+01  1.052549e-02 
 2.028112e+01  1.172493e-02 
 2.028152e+01  1.267560e-02 
 2.028192e+01  1.333826e-02 
 2.028232e+01  1.362442e-02 
 2.028272e+01  1.347857e-02 
 2.028311e+01  1.294782e-02 
 2.028351e+01  1.206889e-02 
 2.028391e+01  1.090261e-02 
 2.028431e+01  9.558685e-03 
 2.028470e+01  8.141182e-03 
 2.028510e+01  6.716736e-03 
 2.028550e+01  5.372695e-03 
 2.028590e+01  4.171412e-03 
 2.028629e+01  3.224428e-03 
 2.028669e+01  2.616078e-03 
 2.028709e+01  2.400567e-03 
 2.028749e+01  2.623754e-03 
 2.028789e+01  3.258285e-03 
 2.028828e+01  4.295300e-03 
 2.028868e+01  5.638202e-03 
 2.028908e+01  7.162335e-03 
 2.028948e+01  8.802972e-03 
 2.028987e+01  1.040760e-02 
 2.029027e+01  1.189325e-02 
 2.029067e+01  1.315833e-02 
 2.029107e+01  1.412584e-02 
 2.029146e+01  1.470234e-02 
 2.029186e+01  1.484852e-02 
 2.029226e+01  1.454511e-02 
 2.029266e+01  1.377585e-02 
 2.029306e+01  1.258162e-02 
 2.029345e+01  1.105193e-02 
 2.029385e+01  9.249018e-03 
 2.029425e+01  7.311252e-03 
 2.029465e+01  5.344278e-03 
 2.029504e+01  3.491787e-03 
 2.029544e+01  1.827593e-03 
 2.029584e+01  4.268757e-04 
 2.029624e+01 -6.266536e-04 
 2.029663e+01 -1.287041e-03 
 2.029703e+01 -1.495649e-03 
 2.029743e+01 -1.269771e-03 
 2.029783e+01 -6.337119e-04 
 2.029823e+01  4.336588e-04 
 2.029862e+01  1.803439e-03 
 2.029902e+01  3.394311e-03 
 2.029942e+01  5.141337e-03 
 2.029982e+01  6.923213e-03 
 2.030021e+01  8.651338e-03 
 2.030061e+01  1.025866e-02 
 2.030101e+01  1.169253e-02 
 2.030141e+01  1.287158e-02 
 2.030181e+01  1.372824e-02 
 2.030220e+01  1.424392e-02 
 2.030260e+01  1.443534e-02 
 2.030300e+01  1.431360e-02 
 2.030340e+01  1.390844e-02 
 2.030379e+01  1.330278e-02 
 2.030419e+01  1.259122e-02 
 2.030459e+01  1.183971e-02 
 2.030499e+01  1.105686e-02 
 2.030538e+01  1.032551e-02 
 2.030578e+01  9.643215e-03 
 2.030618e+01  9.019850e-03 
 2.030658e+01  8.465352e-03 
 2.030698e+01  7.982944e-03 
 2.030737e+01  7.585169e-03 
 2.030777e+01  7.255190e-03 
 2.030817e+01  7.002549e-03 
 2.030857e+01  6.828452e-03 
 2.030896e+01  6.721494e-03 
 2.030936e+01  6.655319e-03 
 2.030976e+01  6.619417e-03 
 2.031016e+01  6.603951e-03 
 2.031055e+01  6.597319e-03 
 2.031095e+01  6.604677e-03 
 2.031135e+01  6.593554e-03 
 2.031175e+01  6.593097e-03 
 2.031215e+01  6.558914e-03 
 2.031254e+01  6.468607e-03 
 2.031294e+01  6.279250e-03 
 2.031334e+01  5.953944e-03 
 2.031374e+01  5.484932e-03 
 2.031413e+01  4.876597e-03 
 2.031453e+01  4.196192e-03 
 2.031493e+01  3.458360e-03 
 2.031533e+01  2.684905e-03 
 2.031572e+01  1.981579e-03 
 2.031612e+01  1.362460e-03 
 2.031652e+01  9.336392e-04 
 2.031692e+01  7.157021e-04 
 2.031732e+01  7.497183e-04 
 2.031771e+01  1.032710e-03 
 2.031811e+01  1.562546e-03 
 2.031851e+01  2.360267e-03 
 2.031891e+01  3.358370e-03 
 2.031930e+01  4.518728e-03 
 2.031970e+01  5.770630e-03 
 2.032010e+01  7.073551e-03 
 2.032050e+01  8.384390e-03 
 2.032089e+01  9.589565e-03 
 2.032129e+01  1.059006e-02 
 2.032169e+01  1.133344e-02 
 2.032209e+01  1.174081e-02 
 2.032249e+01  1.175094e-02 
 2.032288e+01  1.135788e-02 
 2.032328e+01  1.056830e-02 
 2.032368e+01  9.370480e-03 
 2.032408e+01  7.841015e-03 
 2.032447e+01  6.063758e-03 
 2.032487e+01  4.131316e-03 
 2.032527e+01  2.109637e-03 
 2.032567e+01  1.094876e-04 
 2.032606e+01 -1.730266e-03 
 2.032646e+01 -3.300805e-03 
 2.032686e+01 -4.524584e-03 
 2.032726e+01 -5.324870e-03 
 2.032766e+01 -5.660979e-03 
 2.032805e+01 -5.495850e-03 
 2.032845e+01 -4.884263e-03 
 2.032885e+01 -3.868294e-03 
 2.032925e+01 -2.518172e-03 
 2.032964e+01 -9.086872e-04 
 2.033004e+01  8.382807e-04 
 2.033044e+01  2.561508e-03 
 2.033084e+01  4.175499e-03 
 2.033123e+01  5.494421e-03 
 2.033163e+01  6.402864e-03 
 2.033203e+01  6.921081e-03 
 2.033243e+01  7.017376e-03 
 2.033283e+01  6.710026e-03 
 2.033322e+01  6.073236e-03 
 2.033362e+01  5.086738e-03 
 2.033402e+01  3.853192e-03 
 2.033442e+01  2.498025e-03 
 2.033481e+01  1.092765e-03 
 2.033521e+01 -2.157427e-04 
 2.033561e+01 -1.304882e-03 
 2.033601e+01 -2.066905e-03 
 2.033640e+01 -2.445065e-03 
 2.033680e+01 -2.395301e-03 
 2.033720e+01 -1.952927e-03 
 2.033760e+01 -1.214809e-03 
 2.033800e+01 -2.399134e-04 
 2.033839e+01  8.718796e-04 
 2.033879e+01  2.007354e-03 
 2.033919e+01  3.114861e-03 
 2.033959e+01  4.085791e-03 
 2.033998e+01  4.796765e-03 
 2.034038e+01  5.178384e-03 
 2.034078e+01  5.197793e-03 
 2.034118e+01  4.756212e-03 
 2.034157e+01  3.870873e-03 
 2.034197e+01  2.580300e-03 
 2.034237e+01  9.481796e-04 
 2.034277e+01 -8.905339e-04 
 2.034317e+01 -2.811366e-03 
 2.034356e+01 -4.634814e-03 
 2.034396e+01 -6.219780e-03 
 2.034436e+01 -7.477473e-03 
 2.034476e+01 -8.306155e-03 
 2.034515e+01 -8.669941e-03 
 2.034555e+01 -8.485243e-03 
 2.034595e+01 -7.803991e-03 
 2.034635e+01 -6.645036e-03 
 2.034674e+01 -5.037394e-03 
 2.034714e+01 -3.083221e-03 
 2.034754e+01 -9.083271e-04 
 2.034794e+01  1.410531e-03 
 2.034834e+01  3.770223e-03 
 2.034873e+01  6.008145e-03 
 2.034913e+01  7.971355e-03 
 2.034953e+01  9.579678e-03 
 2.034993e+01  1.075070e-02 
 2.035032e+01  1.141764e-02 
 2.035072e+01  1.156378e-02 
 2.035112e+01  1.114354e-02 
 2.035152e+01  1.023061e-02 
 2.035191e+01  8.905660e-03 
 2.035231e+01  7.272291e-03 
 2.035271e+01  5.432271e-03 
 2.035311e+01  3.547940e-03 
 2.035351e+01  1.695209e-03 
 2.035390e+01  1.433861e-05 
 2.035430e+01 -1.312723e-03 
 2.035470e+01 -2.245423e-03 
 2.035510e+01 -2.740859e-03 
 2.035549e+01 -2.759185e-03 
 2.035589e+01 -2.285213e-03 
 2.035629e+01 -1.363228e-03 
 2.035669e+01 -2.834948e-05 
 2.035708e+01  1.576245e-03 
 2.035748e+01  3.285034e-03 
 2.035788e+01  4.964957e-03 
 2.035828e+01  6.492248e-03 
 2.035868e+01  7.749632e-03 
 2.035907e+01  8.641786e-03 
 2.035947e+01  9.117065e-03 
 2.035987e+01  9.154897e-03 
 2.036027e+01  8.803000e-03 
 2.036066e+01  8.100637e-03 
 2.036106e+01  7.133198e-03 
 2.036146e+01  5.977805e-03 
 2.036186e+01  4.749022e-03 
 2.036225e+01  3.570841e-03 
 2.036265e+01  2.570842e-03 
 2.036305e+01  1.902293e-03 
 2.036345e+01  1.641449e-03 
 2.036385e+01  1.851696e-03 
 2.036424e+01  2.589422e-03 
 2.036464e+01  3.791795e-03 
 2.036504e+01  5.358216e-03 
 2.036544e+01  7.192880e-03 
 2.036583e+01  9.174726e-03 
 2.036623e+01  1.118228e-02 
 2.036663e+01  1.305709e-02 
 2.036703e+01  1.469091e-02 
 2.036742e+01  1.594945e-02 
 2.036782e+01  1.674272e-02 
 2.036822e+01  1.698271e-02 
 2.036862e+01  1.662984e-02 
 2.036902e+01  1.566340e-02 
 2.036941e+01  1.411125e-02 
 2.036981e+01  1.205952e-02 
 2.037021e+01  9.640910e-03 
 2.037061e+01  7.021620e-03 
 2.037100e+01  4.317988e-03 
 2.037140e+01  1.691611e-03 
 2.037180e+01 -6.143683e-04 
 2.037220e+01 -2.462228e-03 
 2.037259e+01 -3.744760e-03 
 2.037299e+01 -4.412158e-03 
 2.037339e+01 -4.474371e-03 
 2.037379e+01 -3.966682e-03 
 2.037419e+01 -2.939558e-03 
 2.037458e+01 -1.453496e-03 
 2.037498e+01  3.766652e-04 
 2.037538e+01  2.461694e-03 
 2.037578e+01  4.657452e-03 
 2.037617e+01  6.829523e-03 
 2.037657e+01  8.881713e-03 
 2.037697e+01  1.067910e-02 
 2.037737e+01  1.208794e-02 
 2.037776e+01  1.310303e-02 
 2.037816e+01  1.369136e-02 
 2.037856e+01  1.389430e-02 
 2.037896e+01  1.376090e-02 
 2.037936e+01  1.333789e-02 
 2.037975e+01  1.267834e-02 
 2.038015e+01  1.187245e-02 
 2.038055e+01  1.103394e-02 
 2.038095e+01  1.023500e-02 
 2.038134e+01  9.567663e-03 
 2.038174e+01  9.105828e-03 
 2.038214e+01  8.910853e-03 
 2.038254e+01  8.985881e-03 
 2.038293e+01  9.295115e-03 
 2.038333e+01  9.815553e-03 
 2.038373e+01  1.047370e-02 
 2.038413e+01  1.121325e-02 
 2.038453e+01  1.199309e-02 
 2.038492e+01  1.274354e-02 
 2.038532e+01  1.339410e-02 
 2.038572e+01  1.385923e-02 
 2.038612e+01  1.406511e-02 
 2.038651e+01  1.399380e-02 
 2.038691e+01  1.362361e-02 
 2.038731e+01  1.294667e-02 
 2.038771e+01  1.203635e-02 
 2.038810e+01  1.099570e-02 
 2.038850e+01  9.876001e-03 
 2.038890e+01  8.725465e-03 
 2.038930e+01  7.620617e-03 
 2.038970e+01  6.567527e-03 
 2.039009e+01  5.624685e-03 
 2.039049e+01  4.829590e-03 
 2.039089e+01  4.252954e-03 
 2.039129e+01  3.927315e-03 
 2.039168e+01  3.892774e-03 
 2.039208e+01  4.158027e-03 
 2.039248e+01  4.688245e-03 
 2.039288e+01  5.419733e-03 
 2.039328e+01  6.294368e-03 
 2.039367e+01  7.256619e-03 
 2.039407e+01  8.325964e-03 
 2.039447e+01  9.481218e-03 
 2.039487e+01  1.066279e-02 
 2.039526e+01  1.187364e-02 
 2.039566e+01  1.306415e-02 
 2.039606e+01  1.414710e-02 
 2.039646e+01  1.506322e-02 
 2.039685e+01  1.575007e-02 
 2.039725e+01  1.614609e-02 
 2.039765e+01  1.624156e-02 
 2.039805e+01  1.606948e-02 
 2.039845e+01  1.561587e-02 
 2.039884e+01  1.491009e-02 
 2.039924e+01  1.395588e-02 
 2.039964e+01  1.280021e-02 
 2.040004e+01  1.150785e-02 
 2.040043e+01  1.013040e-02 
 2.040083e+01  8.737589e-03 
 2.040123e+01  7.401165e-03 
 2.040163e+01  6.163990e-03 
 2.040202e+01  5.101559e-03 
 2.040242e+01  4.243119e-03 
 2.040282e+01  3.633164e-03 
 2.040322e+01  3.291068e-03 
 2.040362e+01  3.256602e-03 
 2.040401e+01  3.533208e-03 
 2.040441e+01  4.129432e-03 
 2.040481e+01  4.974263e-03 
 2.040521e+01  6.005976e-03 
 2.040560e+01  7.195434e-03 
 2.040600e+01  8.471604e-03 
 2.040640e+01  9.771289e-03 
 2.040680e+01  1.105164e-02 
 2.040719e+01  1.225177e-02 
 2.040759e+01  1.329754e-02 
 2.040799e+01  1.416206e-02 
 2.040839e+01  1.478990e-02 
 2.040879e+01  1.513255e-02 
 2.040918e+01  1.519426e-02 
 2.040958e+01  1.496694e-02 
 2.040998e+01  1.451931e-02 
 2.041038e+01  1.389793e-02 
 2.041077e+01  1.314234e-02 
 2.041117e+01  1.226974e-02 
 2.041157e+01  1.136958e-02 
 2.041197e+01  1.046838e-02 
 2.041236e+01  9.596276e-03 
 2.041276e+01  8.819839e-03 
 2.041316e+01  8.167595e-03 
 2.041356e+01  7.663956e-03 
 2.041396e+01  7.306723e-03 
 2.041435e+01  7.117547e-03 
 2.041475e+01  7.050830e-03 
 2.041515e+01  7.055670e-03 
 2.041555e+01  7.123180e-03 
 2.041594e+01  7.208182e-03 
 2.041634e+01  7.297349e-03 
 2.041674e+01  7.351160e-03 
 2.041714e+01  7.293953e-03 
 2.041753e+01  7.106688e-03 
 2.041793e+01  6.735919e-03 
 2.041833e+01  6.104955e-03 
 2.041873e+01  5.200867e-03 
 2.041913e+01  4.037805e-03 
 2.041952e+01  2.642466e-03 
 2.041992e+01  1.096655e-03 
 2.042032e+01 -5.216676e-04 
 2.042072e+01 -2.126861e-03 
 2.042111e+01 -3.626921e-03 
 2.042151e+01 -4.929426e-03 
 2.042191e+01 -5.926372e-03 
 2.042231e+01 -6.523377e-03 
 2.042270e+01 -6.697363e-03 
 2.042310e+01 -6.344773e-03 
 2.042350e+01 -5.502714e-03 
 2.042390e+01 -4.186671e-03 
 2.042430e+01 -2.459382e-03 
 2.042469e+01 -4.884519e-04 
 2.042509e+01  1.582674e-03 
 2.042549e+01  3.606386e-03 
 2.042589e+01  5.480477e-03 
 2.042628e+01  7.110050e-03 
 2.042668e+01  8.414995e-03 
 2.042708e+01  9.284115e-03 
 2.042748e+01  9.633257e-03 
 2.042787e+01  9.442687e-03 
 2.042827e+01  8.670663e-03 
 2.042867e+01  7.324195e-03 
 2.042907e+01  5.497529e-03 
 2.042947e+01  3.300353e-03 
 2.042986e+01  8.600342e-04 
 2.043026e+01 -1.619381e-03 
 2.043066e+01 -3.993955e-03 
 2.043106e+01 -6.172059e-03 
 2.043145e+01 -8.013515e-03 
 2.043185e+01 -9.432726e-03 
 2.043225e+01 -1.032245e-02 
 2.043265e+01 -1.062289e-02 
 2.043304e+01 -1.033516e-02 
 2.043344e+01 -9.484808e-03 
 2.043384e+01 -8.136515e-03 
 2.043424e+01 -6.414943e-03 
 2.043464e+01 -4.484491e-03 
 2.043503e+01 -2.524417e-03 
 2.043543e+01 -6.516470e-04 
 2.043583e+01  9.751240e-04 
 2.043623e+01  2.313371e-03 
 2.043662e+01  3.310662e-03 
 2.043702e+01  3.898874e-03 
 2.043742e+01  4.052048e-03 
 2.043782e+01  3.804086e-03 
 2.043821e+01  3.224380e-03 
 2.043861e+01  2.395276e-03 
 2.043901e+01  1.438250e-03 
 2.043941e+01  4.872143e-04 
 2.043981e+01 -3.561029e-04 
 2.044020e+01 -9.829171e-04 
 2.044060e+01 -1.347311e-03 
 2.044100e+01 -1.407816e-03 
 2.044140e+01 -1.140514e-03 
 2.044179e+01 -5.561731e-04 
 2.044219e+01  3.238361e-04 
 2.044259e+01  1.454222e-03 
 2.044299e+01  2.763732e-03 
 2.044338e+01  4.137864e-03 
 2.044378e+01  5.436797e-03 
 2.044418e+01  6.571570e-03 
 2.044458e+01  7.423805e-03 
 2.044498e+01  7.895192e-03 
 2.044537e+01  7.960855e-03 
 2.044577e+01  7.597970e-03 
 2.044617e+01  6.759598e-03 
 2.044657e+01  5.509083e-03 
 2.044696e+01  3.876443e-03 
 2.044736e+01  1.899117e-03 
 2.044776e+01 -2.649703e-04 
 2.044816e+01 -2.513311e-03 
 2.044855e+01 -4.691568e-03 
 2.044895e+01 -6.657082e-03 
 2.044935e+01 -8.280761e-03 
 2.044975e+01 -9.458427e-03 
 2.045015e+01 -1.010693e-02 
 2.045054e+01 -1.020894e-02 
 2.045094e+01 -9.773335e-03 
 2.045134e+01 -8.796872e-03 
 2.045174e+01 -7.333035e-03 
 2.045213e+01 -5.473248e-03 
 2.045253e+01 -3.318089e-03 
 2.045293e+01 -9.962410e-04 
 2.045333e+01  1.304300e-03 
 2.045372e+01  3.457576e-03 
 2.045412e+01  5.372747e-03 
 2.045452e+01  6.937985e-03 
 2.045492e+01  8.113673e-03 
 2.045532e+01  8.878392e-03 
 2.045571e+01  9.270037e-03 
 2.045611e+01  9.319710e-03 
 2.045651e+01  9.065391e-03 
 2.045691e+01  8.594589e-03 
 2.045730e+01  8.000783e-03 
 2.045770e+01  7.392833e-03 
 2.045810e+01  6.862450e-03 
 2.045850e+01  6.477773e-03 
 2.045889e+01  6.281870e-03 
 2.045929e+01  6.287400e-03 
 2.045969e+01  6.488803e-03 
 2.046009e+01  6.853641e-03 
 2.046049e+01  7.379525e-03 
 2.046088e+01  7.979523e-03 
 2.046128e+01  8.652780e-03 
 2.046168e+01  9.365824e-03 
 2.046208e+01  1.004527e-02 
 2.046247e+01  1.059879e-02 
 2.046287e+01  1.093663e-02 
 2.046327e+01  1.098364e-02 
 2.046367e+01  1.069866e-02 
 2.046406e+01  1.010238e-02 
 2.046446e+01  9.236635e-03 
 2.046486e+01  8.164234e-03 
 2.046526e+01  6.975398e-03 
 2.046566e+01  5.761615e-03 
 2.046605e+01  4.563362e-03 
 2.046645e+01  3.464630e-03 
 2.046685e+01  2.530129e-03 
 2.046725e+01  1.800614e-03 
 2.046764e+01  1.370735e-03 
 2.046804e+01  1.294323e-03 
 2.046844e+01  1.567432e-03 
 2.046884e+01  2.221191e-03 
 2.046923e+01  3.223827e-03 
 2.046963e+01  4.505890e-03 
 2.047003e+01  6.005998e-03 
 2.047043e+01  7.653757e-03 
 2.047083e+01  9.333927e-03 
 2.047122e+01  1.096193e-02 
 2.047162e+01  1.245995e-02 
 2.047202e+01  1.374790e-02 
 2.047242e+01  1.473732e-02 
 2.047281e+01  1.536809e-02 
 2.047321e+01  1.558675e-02 
 2.047361e+01  1.541770e-02 
 2.047401e+01  1.484278e-02 
 2.047440e+01  1.391323e-02 
 2.047480e+01  1.269778e-02 
 2.047520e+01  1.124007e-02 
 2.047560e+01  9.650498e-03 
 2.047600e+01  8.016944e-03 
 2.047639e+01  6.458437e-03 
 2.047679e+01  5.059055e-03 
 2.047719e+01  3.880578e-03 
 2.047759e+01  3.026936e-03 
 2.047798e+01  2.525842e-03 
 2.047838e+01  2.414623e-03 
 2.047878e+01  2.623744e-03 
 2.047918e+01  3.156551e-03 
 2.047957e+01  3.935422e-03 
 2.047997e+01  4.866230e-03 
 2.048037e+01  5.890739e-03 
 2.048077e+01  6.892884e-03 
 2.048117e+01  7.814255e-03 
 2.048156e+01  8.600804e-03 
 2.048196e+01  9.219218e-03 
 2.048236e+01  9.634016e-03 
 2.048276e+01  9.845628e-03 
 2.048315e+01  9.884617e-03 
 2.048355e+01  9.791936e-03 
 2.048395e+01  9.667960e-03 
 2.048435e+01  9.589124e-03 
 2.048475e+01  9.617463e-03 
 2.048514e+01  9.815011e-03 
 2.048554e+01  1.022387e-02 
 2.048594e+01  1.079860e-02 
 2.048634e+01  1.152497e-02 
 2.048673e+01  1.236733e-02 
 2.048713e+01  1.326521e-02 
 2.048753e+01  1.419428e-02 
 2.048793e+01  1.511797e-02 
 2.048832e+01  1.600149e-02 
 2.048872e+01  1.678875e-02 
 2.048912e+01  1.744682e-02 
 2.048952e+01  1.793973e-02 
 2.048992e+01  1.823964e-02 
 2.049031e+01  1.836249e-02 
 2.049071e+01  1.828052e-02 
 2.049111e+01  1.800847e-02 
 2.049151e+01  1.753754e-02 
 2.049190e+01  1.686680e-02 
 2.049230e+01  1.602026e-02 
 2.049270e+01  1.505479e-02 
 2.049310e+01  1.400866e-02 
 2.049349e+01  1.294069e-02 
 2.049389e+01  1.189884e-02 
 2.049429e+01  1.089297e-02 
 2.049469e+01  9.910875e-03 
 2.049509e+01  8.947036e-03 
 2.049548e+01  8.021585e-03 
 2.049588e+01  7.147072e-03 
 2.049628e+01  6.337613e-03 
 2.049668e+01  5.649701e-03 
 2.049707e+01  5.134984e-03 
 2.049747e+01  4.787449e-03 
 2.049787e+01  4.632328e-03 
 2.049827e+01  4.639061e-03 
 2.049866e+01  4.786333e-03 
 2.049906e+01  5.087134e-03 
 2.049946e+01  5.556356e-03 
 2.049986e+01  6.214867e-03 
 2.050026e+01  7.078855e-03 
 2.050065e+01  8.118274e-03 
 2.050105e+01  9.278894e-03 
 2.050145e+01  1.052951e-02 
 2.050185e+01  1.178232e-02 
 2.050224e+01  1.293064e-02 
 2.050264e+01  1.391628e-02 
 2.050304e+01  1.468164e-02 
 2.050344e+01  1.513427e-02 
 2.050383e+01  1.526812e-02 
 2.050423e+01  1.502737e-02 
 2.050463e+01  1.441039e-02 
 2.050503e+01  1.344348e-02 
 2.050543e+01  1.220873e-02 
 2.050582e+01  1.076524e-02 
 2.050622e+01  9.191893e-03 
 2.050662e+01  7.580737e-03 
 2.050702e+01  5.992949e-03 
 2.050741e+01  4.521530e-03 
 2.050781e+01  3.223217e-03 
 2.050821e+01  2.129872e-03 
 2.050861e+01  1.276762e-03 
 2.050900e+01  7.182918e-04 
 2.050940e+01  4.630131e-04 
 2.050980e+01  4.959715e-04 
 2.051020e+01  8.095593e-04 
 2.051060e+01  1.336722e-03 
 2.051099e+01  1.997991e-03 
 2.051139e+01  2.764373e-03 
 2.051179e+01  3.546930e-03 
 2.051219e+01  4.285631e-03 
 2.051258e+01  4.919756e-03 
 2.051298e+01  5.402770e-03 
 2.051338e+01  5.724620e-03 
 2.051378e+01  5.838704e-03 
 2.051417e+01  5.742496e-03 
 2.051457e+01  5.436700e-03 
 2.051497e+01  4.928142e-03 
 2.051537e+01  4.280916e-03 
 2.051577e+01  3.564585e-03 
 2.051616e+01  2.858075e-03 
 2.051656e+01  2.251988e-03 
 2.051696e+01  1.800128e-03 
 2.051736e+01  1.590846e-03 
 2.051775e+01  1.631580e-03 
 2.051815e+01  1.950505e-03 
 2.051855e+01  2.496394e-03 
 2.051895e+01  3.257985e-03 
 2.051934e+01  4.203383e-03 
 2.051974e+01  5.262920e-03 
 2.052014e+01  6.356693e-03 
 2.052054e+01  7.420235e-03 
 2.052094e+01  8.332623e-03 
 2.052133e+01  9.015003e-03 
 2.052173e+01  9.396278e-03 
 2.052213e+01  9.384401e-03 
 2.052253e+01  8.933821e-03 
 2.052292e+01  8.043607e-03 
 2.052332e+01  6.709170e-03 
 2.052372e+01  4.997071e-03 
 2.052412e+01  2.952455e-03 
 2.052451e+01  6.377734e-04 
 2.052491e+01 -1.799718e-03 
 2.052531e+01 -4.232952e-03 
 2.052571e+01 -6.543480e-03 
 2.052611e+01 -8.596229e-03 
 2.052650e+01 -1.031310e-02 
 2.052690e+01 -1.162692e-02 
 2.052730e+01 -1.247085e-02 
 2.052770e+01 -1.280347e-02 
 2.052809e+01 -1.258327e-02 
 2.052849e+01 -1.185248e-02 
 2.052889e+01 -1.061110e-02 
 2.052929e+01 -8.948654e-03 
 2.052968e+01 -6.946152e-03 
 2.053008e+01 -4.744347e-03 
 2.053048e+01 -2.495228e-03 
 2.053088e+01 -3.147198e-04 
 2.053128e+01  1.665791e-03 
 2.053167e+01  3.345250e-03 
 2.053207e+01  4.628057e-03 
 2.053247e+01  5.472621e-03 
 2.053287e+01  5.844583e-03 
 2.053326e+01  5.765338e-03 
 2.053366e+01  5.329000e-03 
 2.053406e+01  4.587831e-03 
 2.053446e+01  3.649607e-03 
 2.053485e+01  2.588180e-03 
 2.053525e+01  1.513086e-03 
 2.053565e+01  5.396165e-04 
 2.053605e+01 -2.634450e-04 
 2.053645e+01 -8.100364e-04 
 2.053684e+01 -1.052833e-03 
 2.053724e+01 -1.007276e-03 
 2.053764e+01 -6.617027e-04 
 2.053804e+01 -7.191698e-05 
 2.053843e+01  7.512523e-04 
 2.053883e+01  1.731925e-03 
 2.053923e+01  2.803500e-03 
 2.053963e+01  3.887579e-03 
 2.054002e+01  4.873728e-03 
 2.054042e+01  5.667639e-03 
 2.054082e+01  6.202301e-03 
 2.054122e+01  6.435018e-03 
 2.054162e+01  6.371513e-03 
 2.054201e+01  5.975789e-03 
 2.054241e+01  5.314362e-03 
 2.054281e+01  4.409261e-03 
 2.054321e+01  3.319601e-03 
 2.054360e+01  2.154238e-03 
 2.054400e+01  1.003257e-03 
 2.054440e+01 -1.054691e-05 
 2.054480e+01 -7.473267e-04 
 2.054519e+01 -1.093610e-03 
 2.054559e+01 -9.859088e-04 
 2.054599e+01 -4.020991e-04 
 2.054639e+01  5.996942e-04 
 2.054679e+01  1.955542e-03 
 2.054718e+01  3.602435e-03 
 2.054758e+01  5.395923e-03 
 2.054798e+01  7.225250e-03 
 2.054838e+01  8.959347e-03 
 2.054877e+01  1.049123e-02 
 2.054917e+01  1.172348e-02 
 2.054957e+01  1.257010e-02 
 2.054997e+01  1.299168e-02 
 2.055036e+01  1.292267e-02 
 2.055076e+01  1.237996e-02 
 2.055116e+01  1.139398e-02 
 2.055156e+01  1.004683e-02 
 2.055196e+01  8.434867e-03 
 2.055235e+01  6.636198e-03 
 2.055275e+01  4.760785e-03 
 2.055315e+01  2.942589e-03 
 2.055355e+01  1.252350e-03 
 2.055394e+01 -2.027910e-04 
 2.055434e+01 -1.378804e-03 
 2.055474e+01 -2.214055e-03 
 2.055514e+01 -2.692745e-03 
 2.055553e+01 -2.827151e-03 
 2.055593e+01 -2.626107e-03 
 2.055633e+01 -2.133693e-03 
 2.055673e+01 -1.419953e-03 
 2.055713e+01 -5.241822e-04 
 2.055752e+01  4.442403e-04 
 2.055792e+01  1.420509e-03 
 2.055832e+01  2.300839e-03 
 2.055872e+01  3.058261e-03 
 2.055911e+01  3.672007e-03 
 2.055951e+01  4.110968e-03 
 2.055991e+01  4.418273e-03 
 2.056031e+01  4.614518e-03 
 2.056070e+01  4.744616e-03 
 2.056110e+01  4.855842e-03 
 2.056150e+01  5.007816e-03 
 2.056190e+01  5.256052e-03 
 2.056230e+01  5.632327e-03 
 2.056269e+01  6.173102e-03 
 2.056309e+01  6.855806e-03 
 2.056349e+01  7.683538e-03 
 2.056389e+01  8.625913e-03 
 2.056428e+01  9.625228e-03 
 2.056468e+01  1.068293e-02 
 2.056508e+01  1.176306e-02 
 2.056548e+01  1.281787e-02 
 2.056587e+01  1.378117e-02 
 2.056627e+01  1.457520e-02 
 2.056667e+01  1.511305e-02 
 2.056707e+01  1.528899e-02 
 2.056747e+01  1.511592e-02 
 2.056786e+01  1.457635e-02 
 2.056826e+01  1.369092e-02 
 2.056866e+01  1.253135e-02 
 2.056906e+01  1.112674e-02 
 2.056945e+01  9.584476e-03 
 2.056985e+01  7.944428e-03 
 2.057025e+01  6.250592e-03 
 2.057065e+01  4.582196e-03 
 2.057104e+01  2.982722e-03 
 2.057144e+01  1.546074e-03 
 2.057184e+01  3.339667e-04 
 2.057224e+01 -5.656917e-04 
 2.057264e+01 -1.132260e-03 
 2.057303e+01 -1.344368e-03 
 2.057343e+01 -1.157655e-03 
 2.057383e+01 -5.869761e-04 
 2.057423e+01  3.284756e-04 
 2.057462e+01  1.506499e-03 
 2.057502e+01  2.897788e-03 
 2.057542e+01  4.401592e-03 
 2.057582e+01  5.928284e-03 
 2.057622e+01  7.375865e-03 
 2.057661e+01  8.658850e-03 
 2.057701e+01  9.720759e-03 
 2.057741e+01  1.055660e-02 
 2.057781e+01  1.120309e-02 
 2.057820e+01  1.163807e-02 
 2.057860e+01  1.189118e-02 
 2.057900e+01  1.193689e-02 
 2.057940e+01  1.178657e-02 
 2.057979e+01  1.147722e-02 
 2.058019e+01  1.105527e-02 
 2.058059e+01  1.056707e-02 
 2.058099e+01  1.007164e-02 
 2.058139e+01  9.635354e-03 
 2.058178e+01  9.280432e-03 
 2.058218e+01  9.011805e-03 
 2.058258e+01  8.812655e-03 
 2.058298e+01  8.650357e-03 
 2.058337e+01  8.509377e-03 
 2.058377e+01  8.403121e-03 
 2.058417e+01  8.345741e-03 
 2.058457e+01  8.342122e-03 
 2.058496e+01  8.374486e-03 
 2.058536e+01  8.400917e-03 
 2.058576e+01  8.391877e-03 
 2.058616e+01  8.331826e-03 
 2.058656e+01  8.206319e-03 
 2.058695e+01  8.037571e-03 
 2.058735e+01  7.830197e-03 
 2.058775e+01  7.570402e-03 
 2.058815e+01  7.296400e-03 
 2.058854e+01  7.029235e-03 
 2.058894e+01  6.790209e-03 
 2.058934e+01  6.599053e-03 
 2.058974e+01  6.497792e-03 
 2.059013e+01  6.513718e-03 
 2.059053e+01  6.663891e-03 
 2.059093e+01  7.002426e-03 
 2.059133e+01  7.525183e-03 
 2.059173e+01  8.213024e-03 
 2.059212e+01  9.048043e-03 
 2.059252e+01  1.002412e-02 
 2.059292e+01  1.117217e-02 
 2.059332e+01  1.242453e-02 
 2.059371e+01  1.374398e-02 
 2.059411e+01  1.505753e-02 
 2.059451e+01  1.631144e-02 
 2.059491e+01  1.745027e-02 
 2.059530e+01  1.843836e-02 
 2.059570e+01  1.924460e-02 
 2.059610e+01  1.980088e-02 
 2.059650e+01  2.011012e-02 
 2.059690e+01  2.016011e-02 
 2.059729e+01  1.997481e-02 
 2.059769e+01  1.954033e-02 
 2.059809e+01  1.880383e-02 
 2.059849e+01  1.779020e-02 
 2.059888e+01  1.648328e-02 
 2.059928e+01  1.493913e-02 
 2.059968e+01  1.318069e-02 
 2.060008e+01  1.126825e-02 
 2.060047e+01  9.276415e-03 
 2.060087e+01  7.313289e-03 
 2.060127e+01  5.466289e-03 
 2.060167e+01  3.775956e-03 
 2.060207e+01  2.274710e-03 
 2.060246e+01  9.715370e-04 
 2.060286e+01 -1.452215e-04 
 2.060326e+01 -1.031218e-03 
 2.060366e+01 -1.671334e-03 
 2.060405e+01 -2.018176e-03 
 2.060445e+01 -2.044805e-03 
 2.060485e+01 -1.705883e-03 
 2.060525e+01 -9.977287e-04 
 2.060564e+01  3.986703e-05 
 2.060604e+01  1.342627e-03 
 2.060644e+01  2.810234e-03 
 2.060684e+01  4.357006e-03 
 2.060724e+01  5.890661e-03 
 2.060763e+01  7.350193e-03 
 2.060803e+01  8.625712e-03 
 2.060843e+01  9.661784e-03 
 2.060883e+01  1.038858e-02 
 2.060922e+01  1.077083e-02 
 2.060962e+01  1.080021e-02 
 2.061002e+01  1.046356e-02 
 2.061042e+01  9.809368e-03 
 2.061081e+01  8.866712e-03 
 2.061121e+01  7.703259e-03 
 2.061161e+01  6.389565e-03 
 2.061201e+01  5.050387e-03 
 2.061241e+01  3.761940e-03 
 2.061280e+01  2.657826e-03 
 2.061320e+01  1.829248e-03 
 2.061360e+01  1.388677e-03 
 2.061400e+01  1.332496e-03 
 2.061439e+01  1.640065e-03 
 2.061479e+01  2.249917e-03 
 2.061519e+01  3.077123e-03 
 2.061559e+01  3.977450e-03 
 2.061598e+01  4.836374e-03 
 2.061638e+01  5.583166e-03 
 2.061678e+01  6.126298e-03 
 2.061718e+01  6.426185e-03 
 2.061758e+01  6.440934e-03 
 2.061797e+01  6.122950e-03 
 2.061837e+01  5.438253e-03 
 2.061877e+01  4.427170e-03 
 2.061917e+01  3.148914e-03 
 2.061956e+01  1.719106e-03 
 2.061996e+01  2.620233e-04 
 2.062036e+01 -1.145224e-03 
 2.062076e+01 -2.374952e-03 
 2.062115e+01 -3.315419e-03 
 2.062155e+01 -3.928581e-03 
 2.062195e+01 -4.162397e-03 
 2.062235e+01 -3.992721e-03 
 2.062275e+01 -3.364277e-03 
 2.062314e+01 -2.270445e-03 
 2.062354e+01 -7.152053e-04 
 2.062394e+01  1.227894e-03 
 2.062434e+01  3.416820e-03 
 2.062473e+01  5.722065e-03 
 2.062513e+01  8.001078e-03 
 2.062553e+01  1.010709e-02 
 2.062593e+01  1.192603e-02 
 2.062632e+01  1.331076e-02 
 2.062672e+01  1.416744e-02 
 2.062712e+01  1.440801e-02 
 2.062752e+01  1.401120e-02 
 2.062792e+01  1.293960e-02 
 2.062831e+01  1.126988e-02 
 2.062871e+01  9.109677e-03 
 2.062911e+01  6.591074e-03 
 2.062951e+01  3.870418e-03 
 2.062990e+01  1.081861e-03 
 2.063030e+01 -1.680033e-03 
 2.063070e+01 -4.334161e-03 
 2.063110e+01 -6.735593e-03 
 2.063149e+01 -8.758865e-03 
 2.063189e+01 -1.031882e-02 
 2.063229e+01 -1.127999e-02 
 2.063269e+01 -1.158242e-02 
 2.063309e+01 -1.127714e-02 
 2.063348e+01 -1.040098e-02 
 2.063388e+01 -9.045192e-03 
 2.063428e+01 -7.356345e-03 
 2.063468e+01 -5.470504e-03 
 2.063507e+01 -3.481069e-03 
 2.063547e+01 -1.510174e-03 
 2.063587e+01  3.788273e-04 
 2.063627e+01  2.122324e-03 
 2.063666e+01  3.629073e-03 
 2.063706e+01  4.840465e-03 
 2.063746e+01  5.713908e-03 
 2.063786e+01  6.205117e-03 
 2.063826e+01  6.349410e-03 
 2.063865e+01  6.234985e-03 
 2.063905e+01  5.897815e-03 
 2.063945e+01  5.432382e-03 
 2.063985e+01  4.929939e-03 
 2.064024e+01  4.532202e-03 
 2.064064e+01  4.245444e-03 
 2.064104e+01  4.189698e-03 
 2.064144e+01  4.431643e-03 
 2.064183e+01  4.933709e-03 
 2.064223e+01  5.730950e-03 
 2.064263e+01  6.794857e-03 
 2.064303e+01  8.007397e-03 
 2.064343e+01  9.285836e-03 
 2.064382e+01  1.048207e-02 
 2.064422e+01  1.145969e-02 
 2.064462e+01  1.220046e-02 
 2.064502e+01  1.262968e-02 
 2.064541e+01  1.269138e-02 
 2.064581e+01  1.228789e-02 
 2.064621e+01  1.141711e-02 
 2.064661e+01  1.008387e-02 
 2.064700e+01  8.323338e-03 
 2.064740e+01  6.246404e-03 
 2.064780e+01  3.961933e-03 
 2.064820e+01  1.577736e-03 
 2.064860e+01 -7.495387e-04 
 2.064899e+01 -2.868555e-03 
 2.064939e+01 -4.687083e-03 
 2.064979e+01 -6.119259e-03 
 2.065019e+01 -7.095935e-03 
 2.065058e+01 -7.600192e-03 
 2.065098e+01 -7.601167e-03 
 2.065138e+01 -7.079986e-03 
 2.065178e+01 -6.095596e-03 
 2.065217e+01 -4.710347e-03 
 2.065257e+01 -2.995556e-03 
 2.065297e+01 -1.093103e-03 
 2.065337e+01  8.960969e-04 
 2.065377e+01  2.840985e-03 
 2.065416e+01  4.601488e-03 
 2.065456e+01  6.071711e-03 
 2.065496e+01  7.220137e-03 
 2.065536e+01  7.986762e-03 
 2.065575e+01  8.368686e-03 
 2.065615e+01  8.437306e-03 
 2.065655e+01  8.220498e-03 
 2.065695e+01  7.726580e-03 
 2.065734e+01  7.046423e-03 
 2.065774e+01  6.248165e-03 
 2.065814e+01  5.369381e-03 
 2.065854e+01  4.477362e-03 
 2.065894e+01  3.642305e-03 
 2.065933e+01  2.877296e-03 
 2.065973e+01  2.188045e-03 
 2.066013e+01  1.611350e-03 
 2.066053e+01  1.120388e-03 
 2.066092e+01  7.583068e-04 
 2.066132e+01  4.825969e-04 
 2.066172e+01  2.715208e-04 
 2.066212e+01  1.106814e-04 
 2.066251e+01 -6.751806e-06 
 2.066291e+01 -1.262967e-04 
 2.066331e+01 -2.785020e-04 
 2.066371e+01 -4.387625e-04 
 2.066411e+01 -6.499069e-04 
 2.066450e+01 -8.736951e-04 
 2.066490e+01 -1.091177e-03 
 2.066530e+01 -1.255206e-03 
 2.066570e+01 -1.413518e-03 
 2.066609e+01 -1.540986e-03 
 2.066649e+01 -1.587842e-03 
 2.066689e+01 -1.508926e-03 
 2.066729e+01 -1.248690e-03 
 2.066769e+01 -7.441453e-04 
 2.066808e+01 -4.441035e-06 
 2.066848e+01  9.974033e-04 
 2.066888e+01  2.272147e-03 
 2.066928e+01  3.775942e-03 
 2.066967e+01  5.396197e-03 
 2.067007e+01  7.111580e-03 
 2.067047e+01  8.798445e-03 
 2.067087e+01  1.043056e-02 
 2.067126e+01  1.199739e-02 
 2.067166e+01  1.341947e-02 
 2.067206e+01  1.462110e-02 
 2.067246e+01  1.558320e-02 
 2.067286e+01  1.623873e-02 
 2.067325e+01  1.656122e-02 
 2.067365e+01  1.658312e-02 
 2.067405e+01  1.632064e-02 
 2.067445e+01  1.577992e-02 
 2.067484e+01  1.504844e-02 
 2.067524e+01  1.418406e-02 
 2.067564e+01  1.323056e-02 
 2.067604e+01  1.222699e-02 
 2.067643e+01  1.125349e-02 
 2.067683e+01  1.031474e-02 
 2.067723e+01  9.431540e-03 
 2.067763e+01  8.637512e-03 
 2.067803e+01  7.906054e-03 
 2.067842e+01  7.260127e-03 
 2.067882e+01  6.678796e-03 
 2.067922e+01  6.144715e-03 
 2.067962e+01  5.678456e-03 
 2.068001e+01  5.314720e-03 
 2.068041e+01  5.068302e-03 
 2.068081e+01  4.951611e-03 
 2.068121e+01  5.022674e-03 
 2.068160e+01  5.289508e-03 
 2.068200e+01  5.717704e-03 
 2.068240e+01  6.298453e-03 
 2.068280e+01  7.030656e-03 
 2.068320e+01  7.837360e-03 
 2.068359e+01  8.691144e-03 
 2.068399e+01  9.575155e-03 
 2.068439e+01  1.047366e-02 
 2.068479e+01  1.135342e-02 
 2.068518e+01  1.223009e-02 
 2.068558e+01  1.305258e-02 
 2.068598e+01  1.381507e-02 
 2.068638e+01  1.451168e-02 
 2.068677e+01  1.511548e-02 
 2.068717e+01  1.564718e-02 
 2.068757e+01  1.612079e-02 
 2.068797e+01  1.649302e-02 
 2.068837e+01  1.674037e-02 
 2.068876e+01  1.688400e-02 
 2.068916e+01  1.692871e-02 
 2.068956e+01  1.681079e-02 
 2.068996e+01  1.659336e-02 
 2.069035e+01  1.629118e-02 
 2.069075e+01  1.590870e-02 
 2.069115e+01  1.548791e-02 
 2.069155e+01  1.504916e-02 
 2.069194e+01  1.456159e-02 
 2.069234e+01  1.405600e-02 
 2.069274e+01  1.353617e-02 
 2.069314e+01  1.297686e-02 
 2.069354e+01  1.238874e-02 
 2.069393e+01  1.176980e-02 
 2.069433e+01  1.114575e-02 
 2.069473e+01  1.053241e-02 
 2.069513e+01  9.956292e-03 
 2.069552e+01  9.415446e-03 
 2.069592e+01  8.917082e-03 
 2.069632e+01  8.495737e-03 
 2.069672e+01  8.167276e-03 
 2.069711e+01  7.908811e-03 
 2.069751e+01  7.765708e-03 
 2.069791e+01  7.715235e-03 
 2.069831e+01  7.785192e-03 
 2.069871e+01  8.023285e-03 
 2.069910e+01  8.424377e-03 
 2.069950e+01  8.963991e-03 
 2.069990e+01  9.631387e-03 
 2.070030e+01  1.043166e-02 
 2.070069e+01  1.134789e-02 
 2.070109e+01  1.234954e-02 
 2.070149e+01  1.341267e-02 
 2.070189e+01  1.445328e-02 
 2.070228e+01  1.541382e-02 
 2.070268e+01  1.624273e-02 
 2.070308e+01  1.687617e-02 
 2.070348e+01  1.727391e-02 
 2.070388e+01  1.739540e-02 
 2.070427e+01  1.716970e-02 
 2.070467e+01  1.655800e-02 
 2.070507e+01  1.558842e-02 
 2.070547e+01  1.424783e-02 
 2.070586e+01  1.254681e-02 
 2.070626e+01  1.060179e-02 
 2.070666e+01  8.488154e-03 
 2.070706e+01  6.284346e-03 
 2.070745e+01  4.123291e-03 
 2.070785e+01  2.110289e-03 
 2.070825e+01  2.736437e-04 
 2.070865e+01 -1.292342e-03 
 2.070905e+01 -2.519241e-03 
 2.070944e+01 -3.375989e-03 
 2.070984e+01 -3.855704e-03 
 2.071024e+01 -3.979686e-03 
 2.071064e+01 -3.777989e-03 
 2.071103e+01 -3.284504e-03 
 2.071143e+01 -2.567237e-03 
 2.071183e+01 -1.733179e-03 
 2.071223e+01 -8.214298e-04 
 2.071262e+01  1.261502e-04 
 2.071302e+01  1.012742e-03 
 2.071342e+01  1.788256e-03 
 2.071382e+01  2.410683e-03 
 2.071422e+01  2.798749e-03 
 2.071461e+01  2.946807e-03 
 2.071501e+01  2.880786e-03 
 2.071541e+01  2.621037e-03 
 2.071581e+01  2.204906e-03 
 2.071620e+01  1.725448e-03 
 2.071660e+01  1.273523e-03 
 2.071700e+01  9.361231e-04 
 2.071740e+01  7.765458e-04 
 2.071779e+01  8.686208e-04 
 2.071819e+01  1.206922e-03 
 2.071859e+01  1.818892e-03 
 2.071899e+01  2.730321e-03 
 2.071939e+01  3.865081e-03 
 2.071978e+01  5.170206e-03 
 2.072018e+01  6.571598e-03 
 2.072058e+01  7.963828e-03 
 2.072098e+01  9.273100e-03 
 2.072137e+01  1.039173e-02 
 2.072177e+01  1.119909e-02 
 2.072217e+01  1.160164e-02 
 2.072257e+01  1.155502e-02 
 2.072296e+01  1.099469e-02 
 2.072336e+01  9.895883e-03 
 2.072376e+01  8.297392e-03 
 2.072416e+01  6.275398e-03 
 2.072456e+01  3.901249e-03 
 2.072495e+01  1.323110e-03 
 2.072535e+01 -1.244961e-03 
 2.072575e+01 -3.678600e-03 
 2.072615e+01 -5.805427e-03 
 2.072654e+01 -7.506457e-03 
 2.072694e+01 -8.698102e-03 
 2.072734e+01 -9.295278e-03 
 2.072774e+01 -9.317205e-03 
 2.072813e+01 -8.819167e-03 
 2.072853e+01 -7.854500e-03 
 2.072893e+01 -6.538115e-03 
 2.072933e+01 -4.966491e-03 
 2.072973e+01 -3.222315e-03 
 2.073012e+01 -1.346806e-03 
 2.073052e+01  5.436915e-04 
 2.073092e+01  2.359533e-03 
 2.073132e+01  4.023845e-03 
 2.073171e+01  5.433070e-03 
 2.073211e+01  6.504594e-03 
 2.073251e+01  7.201047e-03 
 2.073291e+01  7.511763e-03 
 2.073330e+01  7.441680e-03 
 2.073370e+01  7.000165e-03 
 2.073410e+01  6.277038e-03 
 2.073450e+01  5.347207e-03 
 2.073490e+01  4.293002e-03 
 2.073529e+01  3.158966e-03 
 2.073569e+01  2.012977e-03 
 2.073609e+01  9.582076e-04 
 2.073649e+01  8.896282e-05 
 2.073688e+01 -5.252598e-04 
 2.073728e+01 -8.735664e-04 
 2.073768e+01 -1.010110e-03 
 2.073808e+01 -9.654349e-04 
 2.073847e+01 -7.783563e-04 
 2.073887e+01 -5.053062e-04 
 2.073927e+01 -1.677788e-04 
 2.073967e+01  1.959985e-04 
 2.074007e+01  5.621238e-04 
 2.074046e+01  9.051321e-04 
 2.074086e+01  1.157421e-03 
 2.074126e+01  1.294757e-03 
 2.074166e+01  1.250049e-03 
 2.074205e+01  1.002092e-03 
 2.074245e+01  5.916687e-04 
 2.074285e+01  3.897413e-05 
 2.074325e+01 -5.898973e-04 
 2.074364e+01 -1.241375e-03 
 2.074404e+01 -1.856387e-03 
 2.074444e+01 -2.387111e-03 
 2.074484e+01 -2.736673e-03 
 2.074524e+01 -2.882726e-03 
 2.074563e+01 -2.757564e-03 
 2.074603e+01 -2.327881e-03 
 2.074643e+01 -1.627504e-03 
 2.074683e+01 -6.801654e-04 
 2.074722e+01  4.569717e-04 
 2.074762e+01  1.764746e-03 
 2.074802e+01  3.137772e-03 
 2.074842e+01  4.497333e-03 
 2.074881e+01  5.805245e-03 
 2.074921e+01  6.996667e-03 
 2.074961e+01  8.019117e-03 
 2.075001e+01  8.803468e-03 
 2.075041e+01  9.278557e-03 
 2.075080e+01  9.445406e-03 
 2.075120e+01  9.255963e-03 
 2.075160e+01  8.687944e-03 
 2.075200e+01  7.824786e-03 
 2.075239e+01  6.709515e-03 
 2.075279e+01  5.400653e-03 
 2.075319e+01  4.005703e-03 
 2.075359e+01  2.599826e-03 
 2.075398e+01  1.209674e-03 
 2.075438e+01 -6.293717e-05 
 2.075478e+01 -1.173681e-03 
 2.075518e+01 -2.035656e-03 
 2.075558e+01 -2.678683e-03 
 2.075597e+01 -3.071124e-03 
 2.075637e+01 -3.224374e-03 
 2.075677e+01 -3.164091e-03 
 2.075717e+01 -2.916963e-03 
 2.075756e+01 -2.567744e-03 
 2.075796e+01 -2.163441e-03 
 2.075836e+01 -1.682107e-03 
 2.075876e+01 -1.114957e-03 
 2.075916e+01 -4.655378e-04 
 2.075955e+01  2.491561e-04 
 2.075995e+01  9.866361e-04 
 2.076035e+01  1.741487e-03 
 2.076075e+01  2.518071e-03 
 2.076114e+01  3.326122e-03 
 2.076154e+01  4.168559e-03 
 2.076194e+01  5.049724e-03 
 2.076234e+01  5.969967e-03 
 2.076273e+01  6.906042e-03 
 2.076313e+01  7.817525e-03 
 2.076353e+01  8.646172e-03 
 2.076393e+01  9.333058e-03 
 2.076433e+01  9.855413e-03 
 2.076472e+01  1.028117e-02 
 2.076512e+01  1.061287e-02 
 2.076552e+01  1.084161e-02 
 2.076592e+01  1.096677e-02 
 2.076631e+01  1.095487e-02 
 2.076671e+01  1.079490e-02 
 2.076711e+01  1.047157e-02 
 2.076751e+01  1.000319e-02 
 2.076790e+01  9.405876e-03 
 2.076830e+01  8.757700e-03 
 2.076870e+01  8.094223e-03 
 2.076910e+01  7.456161e-03 
 2.076950e+01  6.902253e-03 
 2.076989e+01  6.436962e-03 
 2.077029e+01  6.059896e-03 
 2.077069e+01  5.778604e-03 
 2.077109e+01  5.681645e-03 
 2.077148e+01  5.758861e-03 
 2.077188e+01  5.999614e-03 
 2.077228e+01  6.379232e-03 
 2.077268e+01  6.857098e-03 
 2.077307e+01  7.402386e-03 
 2.077347e+01  7.941657e-03 
 2.077387e+01  8.438192e-03 
 2.077427e+01  8.923707e-03 
 2.077467e+01  9.383512e-03 
 2.077506e+01  9.850434e-03 
 2.077546e+01  1.032737e-02 
 2.077586e+01  1.086433e-02 
 2.077626e+01  1.142343e-02 
 2.077665e+01  1.199879e-02 
 2.077705e+01  1.258500e-02 
 2.077745e+01  1.318552e-02 
 2.077785e+01  1.377078e-02 
 2.077824e+01  1.437366e-02 
 2.077864e+01  1.502697e-02 
 2.077904e+01  1.571450e-02 
 2.077944e+01  1.642379e-02 
 2.077984e+01  1.712631e-02 
 2.078023e+01  1.780294e-02 
 2.078063e+01  1.843929e-02 
 2.078103e+01  1.900870e-02 
 2.078143e+01  1.943496e-02 
 2.078182e+01  1.969319e-02 
 2.078222e+01  1.976686e-02 
 2.078262e+01  1.961391e-02 
 2.078302e+01  1.918183e-02 
 2.078341e+01  1.846461e-02 
 2.078381e+01  1.746611e-02 
 2.078421e+01  1.620983e-02 
 2.078461e+01  1.476982e-02 
 2.078501e+01  1.322678e-02 
 2.078540e+01  1.162743e-02 
 2.078580e+01  1.004120e-02 
 2.078620e+01  8.529480e-03 
 2.078660e+01  7.160300e-03 
 2.078699e+01  6.034439e-03 
 2.078739e+01  5.222624e-03 
 2.078779e+01  4.746779e-03 
 2.078819e+01  4.648849e-03 
 2.078858e+01  4.928610e-03 
 2.078898e+01  5.511549e-03 
 2.078938e+01  6.351755e-03 
 2.078978e+01  7.357738e-03 
 2.079018e+01  8.424760e-03 
 2.079057e+01  9.485390e-03 
 2.079097e+01  1.045426e-02 
 2.079137e+01  1.127621e-02 
 2.079177e+01  1.190084e-02 
 2.079216e+01  1.224449e-02 
 2.079256e+01  1.230223e-02 
 2.079296e+01  1.210894e-02 
 2.079336e+01  1.175263e-02 
 2.079375e+01  1.132288e-02 
 2.079415e+01  1.085382e-02 
 2.079455e+01  1.045389e-02 
 2.079495e+01  1.018122e-02 
 2.079535e+01  1.002016e-02 
 2.079574e+01  9.962049e-03 
 2.079614e+01  9.987043e-03 
 2.079654e+01  1.009551e-02 
 2.079694e+01  1.027636e-02 
 2.079733e+01  1.049440e-02 
 2.079773e+01  1.072133e-02 
 2.079813e+01  1.089294e-02 
 2.079853e+01  1.095888e-02 
 2.079892e+01  1.089708e-02 
 2.079932e+01  1.067958e-02 
 2.079972e+01  1.027914e-02 
 2.080012e+01  9.671060e-03 
 2.080052e+01  8.852093e-03 
 2.080091e+01  7.871874e-03 
 2.080131e+01  6.711411e-03 
 2.080171e+01  5.372070e-03 
 2.080211e+01  3.930513e-03 
 2.080250e+01  2.463853e-03 
 2.080290e+01  1.092324e-03 
 2.080330e+01 -9.413197e-05 
 2.080370e+01 -1.036650e-03 
 2.080409e+01 -1.639562e-03 
 2.080449e+01 -1.878601e-03 
 2.080489e+01 -1.745365e-03 
 2.080529e+01 -1.284932e-03 
 2.080569e+01 -5.202745e-04 
 2.080608e+01  5.112943e-04 
 2.080648e+01  1.776562e-03 
 2.080688e+01  3.238475e-03 
 2.080728e+01  4.857541e-03 
 2.080767e+01  6.503056e-03 
 2.080807e+01  8.060431e-03 
 2.080847e+01  9.441524e-03 
 2.080887e+01  1.050254e-02 
 2.080926e+01  1.120326e-02 
 2.080966e+01  1.150001e-02 
 2.081006e+01  1.140377e-02 
 2.081046e+01  1.099051e-02 
 2.081086e+01  1.029763e-02 
 2.081125e+01  9.361121e-03 
 2.081165e+01  8.172765e-03 
 2.081205e+01  6.767265e-03 
 2.081245e+01  5.177476e-03 
 2.081284e+01  3.493306e-03 
 2.081324e+01  1.813459e-03 
 2.081364e+01  2.808792e-04 
 2.081404e+01 -9.982988e-04 
 2.081443e+01 -1.963039e-03 
 2.081483e+01 -2.577182e-03 
 2.081523e+01 -2.816150e-03 
 2.081563e+01 -2.688654e-03 
 2.081603e+01 -2.288308e-03 
 2.081642e+01 -1.647830e-03 
 2.081682e+01 -8.218346e-04 
 2.081722e+01  9.489300e-05 
 2.081762e+01  9.415604e-04 
 2.081801e+01  1.581818e-03 
 2.081841e+01  1.921085e-03 
 2.081881e+01  1.912430e-03 
 2.081921e+01  1.573770e-03 
 2.081960e+01  9.608094e-04 
 2.082000e+01  1.550233e-04 
 2.082040e+01 -7.580665e-04 
 2.082080e+01 -1.705289e-03 
 2.082120e+01 -2.587744e-03 
 2.082159e+01 -3.312816e-03 
 2.082199e+01 -3.797986e-03 
 2.082239e+01 -3.964581e-03 
 2.082279e+01 -3.705003e-03 
 2.082318e+01 -2.970612e-03 
 2.082358e+01 -1.775852e-03 
 2.082398e+01 -1.764294e-04 
 2.082438e+01  1.748838e-03 
 2.082477e+01  3.896636e-03 
 2.082517e+01  6.114426e-03 
 2.082557e+01  8.311090e-03 
 2.082597e+01  1.035988e-02 
 2.082637e+01  1.215661e-02 
 2.082676e+01  1.358795e-02 
 2.082716e+01  1.451447e-02 
 2.082756e+01  1.488947e-02 
 2.082796e+01  1.467871e-02 
 2.082835e+01  1.387161e-02 
 2.082875e+01  1.254714e-02 
 2.082915e+01  1.078290e-02 
 2.082955e+01  8.722279e-03 
 2.082994e+01  6.482107e-03 
 2.083034e+01  4.166837e-03 
 2.083074e+01  1.937915e-03 
 2.083114e+01 -1.421923e-04 
 2.083154e+01 -1.965786e-03 
 2.083193e+01 -3.441292e-03 
 2.083233e+01 -4.528836e-03 
 2.083273e+01 -5.207168e-03 
 2.083313e+01 -5.455121e-03 
 2.083352e+01 -5.330615e-03 
 2.083392e+01 -4.857244e-03 
 2.083432e+01 -4.057578e-03 
 2.083472e+01 -2.987280e-03 
 2.083511e+01 -1.725629e-03 
 2.083551e+01 -3.183003e-04 
 2.083591e+01  1.091936e-03 
 2.083631e+01  2.404571e-03 
 2.083671e+01  3.521235e-03 
 2.083710e+01  4.387442e-03 
 2.083750e+01  4.982161e-03 
 2.083790e+01  5.306616e-03 
 2.083830e+01  5.397724e-03 
 2.083869e+01  5.328980e-03 
 2.083909e+01  5.185669e-03 
 2.083949e+01  4.988089e-03 
 2.083989e+01  4.673499e-03 
 2.084028e+01  4.279387e-03 
 2.084068e+01  3.835042e-03 
 2.084108e+01  3.335828e-03 
 2.084148e+01  2.873851e-03 
 2.084188e+01  2.543937e-03 
 2.084227e+01  2.411441e-03 
 2.084267e+01  2.538687e-03 
 2.084307e+01  2.906071e-03 
 2.084347e+01  3.437738e-03 
 2.084386e+01  4.016592e-03 
 2.084426e+01  4.573358e-03 
 2.084466e+01  5.042815e-03 
 2.084506e+01  5.398217e-03 
 2.084545e+01  5.607032e-03 
 2.084585e+01  5.584744e-03 
 2.084625e+01  5.290640e-03 
 2.084665e+01  4.726670e-03 
 2.084705e+01  3.878416e-03 
 2.084744e+01  2.737058e-03 
 2.084784e+01  1.415903e-03 
 2.084824e+01  4.576486e-05 
 2.084864e+01 -1.277861e-03 
 2.084903e+01 -2.457706e-03 
 2.084943e+01 -3.428841e-03 
 2.084983e+01 -4.147606e-03 
 2.085023e+01 -4.605063e-03 
 2.085062e+01 -4.782259e-03 
 2.085102e+01 -4.673181e-03 
 2.085142e+01 -4.286362e-03 
 2.085182e+01 -3.620678e-03 
 2.085222e+01 -2.751972e-03 
 2.085261e+01 -1.742336e-03 
 2.085301e+01 -6.463020e-04 
 2.085341e+01  4.753242e-04 
 2.085381e+01  1.561382e-03 
 2.085420e+01  2.658654e-03 
 2.085460e+01  3.752319e-03 
 2.085500e+01  4.825606e-03 
 2.085540e+01  5.929658e-03 
 2.085580e+01  6.998572e-03 
 2.085619e+01  8.010941e-03 
 2.085659e+01  8.943803e-03 
 2.085699e+01  9.724698e-03 
 2.085739e+01  1.032673e-02 
 2.085778e+01  1.074307e-02 
 2.085818e+01  1.099138e-02 
 2.085858e+01  1.100726e-02 
 2.085898e+01  1.079639e-02 
 2.085937e+01  1.036422e-02 
 2.085977e+01  9.703956e-03 
 2.086017e+01  8.808056e-03 
 2.086057e+01  7.757075e-03 
 2.086097e+01  6.640175e-03 
 2.086136e+01  5.532752e-03 
 2.086176e+01  4.518704e-03 
 2.086216e+01  3.653463e-03 
 2.086256e+01  2.978852e-03 
 2.086295e+01  2.509797e-03 
 2.086335e+01  2.189990e-03 
 2.086375e+01  2.019979e-03 
 2.086415e+01  2.012004e-03 
 2.086454e+01  2.163535e-03 
 2.086494e+01  2.456389e-03 
 2.086534e+01  2.885665e-03 
 2.086574e+01  3.447868e-03 
 2.086614e+01  4.113239e-03 
 2.086653e+01  4.873367e-03 
 2.086693e+01  5.717404e-03 
 2.086733e+01  6.583241e-03 
 2.086773e+01  7.412909e-03 
 2.086812e+01  8.157957e-03 
 2.086852e+01  8.798020e-03 
 2.086892e+01  9.302860e-03 
 2.086932e+01  9.677459e-03 
 2.086971e+01  9.892273e-03 
 2.087011e+01  9.995996e-03 
 2.087051e+01  1.005231e-02 
 2.087091e+01  1.007175e-02 
 2.087131e+01  1.002375e-02 
 2.087170e+01  9.946941e-03 
 2.087210e+01  9.805428e-03 
 2.087250e+01  9.595725e-03 
 2.087290e+01  9.342418e-03 
 2.087329e+01  9.131496e-03 
 2.087369e+01  8.981807e-03 
 2.087409e+01  8.964279e-03 
 2.087449e+01  9.064911e-03 
 2.087488e+01  9.286366e-03 
 2.087528e+01  9.558120e-03 
 2.087568e+01  9.866197e-03 
 2.087608e+01  1.014753e-02 
 2.087648e+01  1.041349e-02 
 2.087687e+01  1.066266e-02 
 2.087727e+01  1.084947e-02 
 2.087767e+01  1.095023e-02 
 2.087807e+01  1.092741e-02 
 2.087846e+01  1.072037e-02 
 2.087886e+01  1.030734e-02 
 2.087926e+01  9.682065e-03 
 2.087966e+01  8.902697e-03 
 2.088005e+01  8.047607e-03 
 2.088045e+01  7.194502e-03 
 2.088085e+01  6.405480e-03 
 2.088125e+01  5.726401e-03 
 2.088165e+01  5.228173e-03 
 2.088204e+01  4.959080e-03 
 2.088244e+01  4.972748e-03 
 2.088284e+01  5.339978e-03 
 2.088324e+01  6.102756e-03 
 2.088363e+01  7.175466e-03 
 2.088403e+01  8.508389e-03 
 2.088443e+01  1.006828e-02 
 2.088483e+01  1.172063e-02 
 2.088522e+01  1.336366e-02 
 2.088562e+01  1.489711e-02 
 2.088602e+01  1.620363e-02 
 2.088642e+01  1.723895e-02 
 2.088682e+01  1.791462e-02 
 2.088721e+01  1.818546e-02 
 2.088761e+01  1.800345e-02 
 2.088801e+01  1.739809e-02 
 2.088841e+01  1.641115e-02 
 2.088880e+01  1.509190e-02 
 2.088920e+01  1.353432e-02 
 2.088960e+01  1.181932e-02 
 2.089000e+01  9.999736e-03 
 2.089039e+01  8.235484e-03 
 2.089079e+01  6.639809e-03 
 2.089119e+01  5.258642e-03 
 2.089159e+01  4.125932e-03 
 2.089199e+01  3.252953e-03 
 2.089238e+01  2.661824e-03 
 2.089278e+01  2.366417e-03 
 2.089318e+01  2.365798e-03 
 2.089358e+01  2.635179e-03 
 2.089397e+01  3.179723e-03 
 2.089437e+01  3.949523e-03 
 2.089477e+01  4.801414e-03 
 2.089517e+01  5.653652e-03 
 2.089556e+01  6.397618e-03 
 2.089596e+01  6.909994e-03 
 2.089636e+01  7.159804e-03 
 2.089676e+01  7.159662e-03 
 2.089716e+01  6.972764e-03 
 2.089755e+01  6.623554e-03 
 2.089795e+01  6.161936e-03 
 2.089835e+01  5.618313e-03 
 2.089875e+01  5.035658e-03 
 2.089914e+01  4.490991e-03 
 2.089954e+01  4.061665e-03 
 2.089994e+01  3.850205e-03 
 2.090034e+01  3.925843e-03 
 2.090073e+01  4.339098e-03 
 2.090113e+01  5.061576e-03 
 2.090153e+01  6.046730e-03 
 2.090193e+01  7.274773e-03 
 2.090233e+01  8.608808e-03 
 2.090272e+01  9.973656e-03 
 2.090312e+01  1.125754e-02 
 2.090352e+01  1.237565e-02 
 2.090392e+01  1.324445e-02 
 2.090431e+01  1.377532e-02 
 2.090471e+01  1.394410e-02 
 2.090511e+01  1.374792e-02 
 2.090551e+01  1.319883e-02 
 2.090590e+01  1.232886e-02 
 2.090630e+01  1.117862e-02 
 2.090670e+01  9.839877e-03 
 2.090710e+01  8.317220e-03 
 2.090750e+01  6.641302e-03 
 2.090789e+01  4.902075e-03 
 2.090829e+01  3.177941e-03 
 2.090869e+01  1.573338e-03 
 2.090909e+01  2.014806e-04 
 2.090948e+01 -8.427700e-04 
 2.090988e+01 -1.477996e-03 
 2.091028e+01 -1.652328e-03 
 2.091068e+01 -1.329833e-03 
 2.091107e+01 -5.653145e-04 
 2.091147e+01  6.174274e-04 
 2.091187e+01  2.136346e-03 
 2.091227e+01  3.865996e-03 
 2.091267e+01  5.690592e-03 
 2.091306e+01  7.483566e-03 
 2.091346e+01  9.074361e-03 
 2.091386e+01  1.032506e-02 
 2.091426e+01  1.120827e-02 
 2.091465e+01  1.166853e-02 
 2.091505e+01  1.172936e-02 
 2.091545e+01  1.143621e-02 
 2.091585e+01  1.083676e-02 
 2.091624e+01  1.004118e-02 
 2.091664e+01  9.102967e-03 
 2.091704e+01  8.093017e-03 
 2.091744e+01  7.112688e-03 
 2.091784e+01  6.247723e-03 
 2.091823e+01  5.572820e-03 
 2.091863e+01  5.158878e-03 
 2.091903e+01  5.078571e-03 
 2.091943e+01  5.330620e-03 
 2.091982e+01  5.823699e-03 
 2.092022e+01  6.475449e-03 
 2.092062e+01  7.201800e-03 
 2.092102e+01  7.885209e-03 
 2.092141e+01  8.466051e-03 
 2.092181e+01  8.870118e-03 
 2.092221e+01  9.040055e-03 
 2.092261e+01  8.954850e-03 
 2.092301e+01  8.589682e-03 
 2.092340e+01  7.934985e-03 
 2.092380e+01  7.010225e-03 
 2.092420e+01  5.846835e-03 
 2.092460e+01  4.497806e-03 
 2.092499e+01  3.015124e-03 
 2.092539e+01  1.538347e-03 
 2.092579e+01  1.253034e-04 
 2.092619e+01 -1.173607e-03 
 2.092658e+01 -2.299898e-03 
 2.092698e+01 -3.207319e-03 
 2.092738e+01 -3.876091e-03 
 2.092778e+01 -4.228207e-03 
 2.092818e+01 -4.252949e-03 
 2.092857e+01 -3.898283e-03 
 2.092897e+01 -3.165284e-03 
 2.092937e+01 -2.146424e-03 
 2.092977e+01 -9.059638e-04 
 2.093016e+01  4.581679e-04 
 2.093056e+01  1.865914e-03 
 2.093096e+01  3.230177e-03 
 2.093136e+01  4.488949e-03 
 2.093175e+01  5.577630e-03 
 2.093215e+01  6.445901e-03 
 2.093255e+01  7.063541e-03 
 2.093295e+01  7.375924e-03 
 2.093335e+01  7.345753e-03 
 2.093374e+01  6.961518e-03 
 2.093414e+01  6.285604e-03 
 2.093454e+01  5.347580e-03 
 2.093494e+01  4.229068e-03 
 2.093533e+01  3.020386e-03 
 2.093573e+01  1.760651e-03 
 2.093613e+01  5.617398e-04 
 2.093653e+01 -4.639632e-04 
 2.093692e+01 -1.268489e-03 
 2.093732e+01 -1.820128e-03 
 2.093772e+01 -2.116569e-03 
 2.093812e+01 -2.150542e-03 
 2.093852e+01 -1.960136e-03 
 2.093891e+01 -1.581228e-03 
 2.093931e+01 -1.027960e-03 
 2.093971e+01 -3.812932e-04 
 2.094011e+01  2.920899e-04 
 2.094050e+01  9.093671e-04 
 2.094090e+01  1.356098e-03 
 2.094130e+01  1.575176e-03 
 2.094170e+01  1.550026e-03 
 2.094209e+01  1.252595e-03 
 2.094249e+01  7.455616e-04 
 2.094289e+01  1.224110e-04 
 2.094329e+01 -5.374961e-04 
 2.094369e+01 -1.196788e-03 
 2.094408e+01 -1.787186e-03 
 2.094448e+01 -2.265558e-03 
 2.094488e+01 -2.622091e-03 
 2.094528e+01 -2.775443e-03 
 2.094567e+01 -2.696585e-03 
 2.094607e+01 -2.378075e-03 
 2.094647e+01 -1.832562e-03 
 2.094687e+01 -1.159078e-03 
 2.094727e+01 -4.494042e-04 
 2.094766e+01  2.281712e-04 
 2.094806e+01  7.928735e-04 
 2.094846e+01  1.195189e-03 
 2.094886e+01  1.436156e-03 
 2.094925e+01  1.557097e-03 
 2.094965e+01  1.566857e-03 
 2.095005e+01  1.503541e-03 
 2.095045e+01  1.439809e-03 
 2.095084e+01  1.378889e-03 
 2.095124e+01  1.348982e-03 
 2.095164e+01  1.352521e-03 
 2.095204e+01  1.390626e-03 
 2.095244e+01  1.438048e-03 
 2.095283e+01  1.459183e-03 
 2.095323e+01  1.391241e-03 
 2.095363e+01  1.205736e-03 
 2.095403e+01  9.329858e-04 
 2.095442e+01  6.083594e-04 
 2.095482e+01  2.705121e-04 
 2.095522e+01 -5.025038e-05 
 2.095562e+01 -3.098935e-04 
 2.095601e+01 -5.003727e-04 
 2.095641e+01 -5.971251e-04 
 2.095681e+01 -5.921889e-04 
 2.095721e+01 -5.213946e-04 
 2.095761e+01 -3.893773e-04 
 2.095800e+01 -2.011267e-04 
 2.095840e+01  7.450318e-05 
 2.095880e+01  4.329600e-04 
 2.095920e+01  9.220442e-04 
 2.095959e+01  1.494085e-03 
 2.095999e+01  2.208728e-03 
 2.096039e+01  3.068388e-03 
 2.096079e+01  4.050213e-03 
 2.096118e+01  5.152623e-03 
 2.096158e+01  6.328495e-03 
 2.096198e+01  7.536201e-03 
 2.096238e+01  8.710819e-03 
 2.096278e+01  9.805837e-03 
 2.096317e+01  1.081763e-02 
 2.096357e+01  1.168282e-02 
 2.096397e+01  1.240825e-02 
 2.096437e+01  1.295410e-02 
 2.096476e+01  1.324890e-02 
 2.096516e+01  1.331180e-02 
 2.096556e+01  1.310169e-02 
 2.096596e+01  1.261646e-02 
 2.096635e+01  1.190435e-02 
 2.096675e+01  1.105177e-02 
 2.096715e+01  1.010392e-02 
 2.096755e+01  9.148846e-03 
 2.096795e+01  8.273548e-03 
 2.096834e+01  7.501620e-03 
 2.096874e+01  6.879604e-03 
 2.096914e+01  6.406815e-03 
 2.096954e+01  6.133232e-03 
 2.096993e+01  6.062998e-03 
 2.097033e+01  6.222953e-03 
 2.097073e+01  6.611337e-03 
 2.097113e+01  7.201559e-03 
 2.097152e+01  7.941158e-03 
 2.097192e+01  8.717893e-03 
 2.097232e+01  9.430456e-03 
 2.097272e+01  1.002431e-02 
 2.097312e+01  1.041507e-02 
 2.097351e+01  1.057986e-02 
 2.097391e+01  1.055455e-02 
 2.097431e+01  1.038104e-02 
 2.097471e+01  1.010272e-02 
 2.097510e+01  9.688262e-03 
 2.097550e+01  9.172633e-03 
 2.097590e+01  8.546524e-03 
 2.097630e+01  7.866806e-03 
 2.097669e+01  7.219524e-03 
 2.097709e+01  6.668914e-03 
 2.097749e+01  6.310790e-03 
 2.097789e+01  6.241464e-03 
 2.097829e+01  6.500293e-03 
 2.097868e+01  7.101931e-03 
 2.097908e+01  8.024373e-03 
 2.097948e+01  9.186792e-03 
 2.097988e+01  1.051142e-02 
 2.098027e+01  1.194756e-02 
 2.098067e+01  1.340043e-02 
 2.098107e+01  1.471756e-02 
 2.098147e+01  1.579496e-02 
 2.098186e+01  1.654059e-02 
 2.098226e+01  1.689797e-02 
 2.098266e+01  1.684751e-02 
 2.098306e+01  1.638885e-02 
 2.098346e+01  1.557182e-02 
 2.098385e+01  1.446756e-02 
 2.098425e+01  1.315047e-02 
 2.098465e+01  1.168794e-02 
 2.098505e+01  1.015251e-02 
 2.098544e+01  8.658696e-03 
 2.098584e+01  7.281260e-03 
 2.098624e+01  6.098151e-03 
 2.098664e+01  5.191110e-03 
 2.098703e+01  4.634675e-03 
 2.098743e+01  4.475398e-03 
 2.098783e+01  4.721135e-03 
 2.098823e+01  5.376736e-03 
 2.098863e+01  6.393986e-03 
 2.098902e+01  7.714363e-03 
 2.098942e+01  9.238369e-03 
 2.098982e+01  1.086839e-02 
 2.099022e+01  1.251105e-02 
 2.099061e+01  1.405960e-02 
 2.099101e+01  1.542605e-02 
 2.099141e+01  1.653799e-02 
 2.099181e+01  1.731403e-02 
 2.099220e+01  1.769790e-02 
 2.099260e+01  1.763439e-02 
 2.099300e+01  1.714032e-02 
 2.099340e+01  1.628695e-02 
 2.099380e+01  1.513244e-02 
 2.099419e+01  1.379045e-02 
 2.099459e+01  1.238212e-02 
 2.099499e+01  1.102570e-02 
 2.099539e+01  9.783230e-03 
 2.099578e+01  8.756115e-03 
 2.099618e+01  7.997862e-03 
 2.099658e+01  7.562599e-03 
 2.099698e+01  7.443959e-03 
 2.099737e+01  7.628830e-03 
 2.099777e+01  8.074526e-03 
 2.099817e+01  8.722146e-03 
 2.099857e+01  9.478917e-03 
 2.099897e+01  1.025554e-02 
 2.099936e+01  1.095397e-02 
 2.099976e+01  1.148216e-02 
 2.100016e+01  1.177476e-02 
 2.100056e+01  1.176700e-02 
 2.100095e+01  1.142688e-02 
 2.100135e+01  1.071886e-02 
 2.100175e+01  9.651188e-03 
 2.100215e+01  8.274674e-03 
 2.100254e+01  6.681598e-03 
 2.100294e+01  4.932038e-03 
 2.100334e+01  3.143494e-03 
 2.100374e+01  1.420441e-03 
 2.100414e+01 -1.041544e-04 
 2.100453e+01 -1.280925e-03 
 2.100493e+01 -2.030994e-03 
 2.100533e+01 -2.245413e-03 
 2.100573e+01 -1.878291e-03 
 2.100612e+01 -8.947026e-04 
 2.100652e+01  6.425329e-04 
 2.100692e+01  2.638540e-03 
 2.100732e+01  4.918155e-03 
 2.100771e+01  7.282347e-03 
 2.100811e+01  9.548337e-03 
 2.100851e+01  1.155372e-02 
 2.100891e+01  1.322034e-02 
 2.100931e+01  1.446977e-02 
 2.100970e+01  1.524592e-02 
 2.101010e+01  1.551484e-02 
 2.101050e+01  1.527545e-02 
 2.101090e+01  1.455122e-02 
 2.101129e+01  1.336745e-02 
 2.101169e+01  1.181770e-02 
 2.101209e+01  1.002640e-02 
 2.101249e+01  8.183608e-03 
 2.101288e+01  6.422937e-03 
 2.101328e+01  4.875471e-03 
 2.101368e+01  3.597823e-03 
 2.101408e+01  2.637066e-03 
 2.101448e+01  1.981478e-03 
 2.101487e+01  1.649922e-03 
 2.101527e+01  1.617949e-03 
 2.101567e+01  1.863996e-03 
 2.101607e+01  2.305787e-03 
 2.101646e+01  2.893930e-03 
 2.101686e+01  3.572035e-03 
 2.101726e+01  4.207300e-03 
 2.101766e+01  4.731361e-03 
 2.101805e+01  5.089741e-03 
 2.101845e+01  5.278927e-03 
 2.101885e+01  5.304470e-03 
 2.101925e+01  5.151224e-03 
 2.101965e+01  4.830444e-03 
 2.102004e+01  4.336342e-03 
 2.102044e+01  3.686903e-03 
 2.102084e+01  2.876225e-03 
 2.102124e+01  1.960454e-03 
 2.102163e+01  9.961917e-04 
 2.102203e+01  1.066333e-04 
 2.102243e+01 -6.199871e-04 
 2.102283e+01 -1.101455e-03 
 2.102322e+01 -1.296223e-03 
 2.102362e+01 -1.226030e-03 
 2.102402e+01 -8.911285e-04 
 2.102442e+01 -3.266760e-04 
 2.102482e+01  4.202505e-04 
 2.102521e+01  1.300196e-03 
 2.102561e+01  2.262895e-03 
 2.102601e+01  3.238743e-03 
 2.102641e+01  4.122497e-03 
 2.102680e+01  4.817362e-03 
 2.102720e+01  5.197720e-03 
 2.102760e+01  5.195836e-03 
 2.102800e+01  4.834462e-03 
 2.102839e+01  4.137445e-03 
 2.102879e+01  3.151345e-03 
 2.102919e+01  1.953877e-03 
 2.102959e+01  5.811884e-04 
 2.102999e+01 -9.329066e-04 
 2.103038e+01 -2.523215e-03 
 2.103078e+01 -4.131043e-03 
 2.103118e+01 -5.664792e-03 
 2.103158e+01 -7.054917e-03 
 2.103197e+01 -8.229146e-03 
 2.103237e+01 -9.117460e-03 
 2.103277e+01 -9.687967e-03 
 2.103317e+01 -9.910314e-03 
 2.103356e+01 -9.821494e-03 
 2.103396e+01 -9.440197e-03 
 2.103436e+01 -8.790159e-03 
 2.103476e+01 -7.931721e-03 
 2.103516e+01 -6.902830e-03 
 2.103555e+01 -5.790291e-03 
 2.103595e+01 -4.655844e-03 
 2.103635e+01 -3.574595e-03 
 2.103675e+01 -2.594832e-03 
 2.103714e+01 -1.743829e-03 
 2.103754e+01 -1.021730e-03 
 2.103794e+01 -4.460193e-04 
 2.103834e+01  1.478744e-05 
 2.103874e+01  3.912988e-04 
 2.103913e+01  7.461403e-04 
 2.103953e+01  1.093995e-03 
 2.103993e+01  1.459341e-03 
 2.104033e+01  1.885923e-03 
 2.104072e+01  2.384277e-03 
 2.104112e+01  2.936227e-03 
 2.104152e+01  3.517774e-03 
 2.104192e+01  4.094832e-03 
 2.104231e+01  4.567440e-03 
 2.104271e+01  4.868982e-03 
 2.104311e+01  4.944855e-03 
 2.104351e+01  4.795318e-03 
 2.104391e+01  4.471827e-03 
 2.104430e+01  4.033752e-03 
 2.104470e+01  3.540868e-03 
 2.104510e+01  3.006031e-03 
 2.104550e+01  2.451076e-03 
 2.104589e+01  1.885552e-03 
 2.104629e+01  1.304252e-03 
 2.104669e+01  7.501407e-04 
 2.104709e+01  2.400617e-04 
 2.104748e+01 -1.810511e-04 
 2.104788e+01 -4.777001e-04 
 2.104828e+01 -6.281750e-04 
 2.104868e+01 -6.523355e-04 
 2.104908e+01 -5.795526e-04 
 2.104947e+01 -4.570937e-04 
 2.104987e+01 -3.003876e-04 
 2.105027e+01 -1.115749e-04 
 2.105067e+01  9.171676e-05 
 2.105106e+01  2.796096e-04 
 2.105146e+01  4.436477e-04 
 2.105186e+01  5.894654e-04 
 2.105226e+01  7.073592e-04 
 2.105265e+01  8.321759e-04 
 2.105305e+01  9.940284e-04 
 2.105345e+01  1.189583e-03 
 2.105385e+01  1.436955e-03 
 2.105425e+01  1.741405e-03 
 2.105464e+01  2.162677e-03 
 2.105504e+01  2.703054e-03 
 2.105544e+01  3.355374e-03 
 2.105584e+01  4.093198e-03 
 2.105623e+01  4.923431e-03 
 2.105663e+01  5.849418e-03 
 2.105703e+01  6.861630e-03 
 2.105743e+01  7.945371e-03 
 2.105782e+01  9.058511e-03 
 2.105822e+01  1.011639e-02 
 2.105862e+01  1.105117e-02 
 2.105902e+01  1.177438e-02 
 2.105942e+01  1.226523e-02 
 2.105981e+01  1.246327e-02 
 2.106021e+01  1.239808e-02 
 2.106061e+01  1.208105e-02 
 2.106101e+01  1.154907e-02 
 2.106140e+01  1.083094e-02 
 2.106180e+01  9.911969e-03 
 2.106220e+01  8.861715e-03 
 2.106260e+01  7.733950e-03 
 2.106299e+01  6.608350e-03 
 2.106339e+01  5.572790e-03 
 2.106379e+01  4.752193e-03 
 2.106419e+01  4.236396e-03 
 2.106459e+01  4.049909e-03 
 2.106498e+01  4.210671e-03 
 2.106538e+01  4.710079e-03 
 2.106578e+01  5.511256e-03 
 2.106618e+01  6.595610e-03 
 2.106657e+01  7.891281e-03 
 2.106697e+01  9.321933e-03 
 2.106737e+01  1.082353e-02 
 2.106777e+01  1.233624e-02 
 2.106816e+01  1.380050e-02 
 2.106856e+01  1.512043e-02 
 2.106896e+01  1.618374e-02 
 2.106936e+01  1.689253e-02 
 2.106976e+01  1.716351e-02 
 2.107015e+01  1.701396e-02 
 2.107055e+01  1.645732e-02 
 2.107095e+01  1.555276e-02 
 2.107135e+01  1.438302e-02 
 2.107174e+01  1.307904e-02 
 2.107214e+01  1.177080e-02 
 2.107254e+01  1.057991e-02 
 2.107294e+01  9.597360e-03 
 2.107333e+01  8.890967e-03 
 2.107373e+01  8.547325e-03 
 2.107413e+01  8.570836e-03 
 2.107453e+01  8.951051e-03 
 2.107493e+01  9.649856e-03 
 2.107532e+01  1.058542e-02 
 2.107572e+01  1.162399e-02 
 2.107612e+01  1.265222e-02 
 2.107652e+01  1.358830e-02 
 2.107691e+01  1.431189e-02 
 2.107731e+01  1.472031e-02 
 2.107771e+01  1.472681e-02 
 2.107811e+01  1.425065e-02 
 2.107850e+01  1.333308e-02 
 2.107890e+01  1.200680e-02 
 2.107930e+01  1.042608e-02 
 2.107970e+01  8.643637e-03 
 2.108010e+01  6.863471e-03 
 2.108049e+01  5.165189e-03 
 2.108089e+01  3.638931e-03 
 2.108129e+01  2.380228e-03 
 2.108169e+01  1.430708e-03 
 2.108208e+01  8.153546e-04 
 2.108248e+01  5.981361e-04 
 2.108288e+01  7.943242e-04 
 2.108328e+01  1.443503e-03 
 2.108367e+01  2.485667e-03 
 2.108407e+01  3.896423e-03 
 2.108447e+01  5.580434e-03 
 2.108487e+01  7.445173e-03 
 2.108527e+01  9.365287e-03 
 2.108566e+01  1.121296e-02 
 2.108606e+01  1.291409e-02 
 2.108646e+01  1.436451e-02 
 2.108686e+01  1.546986e-02 
 2.108725e+01  1.615903e-02 
 2.108765e+01  1.636990e-02 
 2.108805e+01  1.608616e-02 
 2.108845e+01  1.529032e-02 
 2.108884e+01  1.405783e-02 
 2.108924e+01  1.248444e-02 
 2.108964e+01  1.068072e-02 
 2.109004e+01  8.805575e-03 
 2.109044e+01  6.978720e-03 
 2.109083e+01  5.328272e-03 
 2.109123e+01  3.979285e-03 
 2.109163e+01  3.049255e-03 
 2.109203e+01  2.606145e-03 
 2.109242e+01  2.690133e-03 
 2.109282e+01  3.273482e-03 
 2.109322e+01  4.248917e-03 
 2.109362e+01  5.484365e-03 
 2.109401e+01  6.865597e-03 
 2.109441e+01  8.232453e-03 
 2.109481e+01  9.465330e-03 
 2.109521e+01  1.050827e-02 
 2.109561e+01  1.132594e-02 
 2.109600e+01  1.187561e-02 
 2.109640e+01  1.213416e-02 
 2.109680e+01  1.203958e-02 
 2.109720e+01  1.156487e-02 
 2.109759e+01  1.070854e-02 
 2.109799e+01  9.528061e-03 
 2.109839e+01  8.141732e-03 
 2.109879e+01  6.704212e-03 
 2.109918e+01  5.369331e-03 
 2.109958e+01  4.261765e-03 
 2.109998e+01  3.526769e-03 
 2.110038e+01  3.219564e-03 
 2.110078e+01  3.334019e-03 
 2.110117e+01  3.839787e-03 
 2.110157e+01  4.708350e-03 
 2.110197e+01  5.884782e-03 
 2.110237e+01  7.310907e-03 
 2.110276e+01  8.908923e-03 
 2.110316e+01  1.051146e-02 
 2.110356e+01  1.199450e-02 
 2.110396e+01  1.324042e-02 
 2.110435e+01  1.410174e-02 
 2.110475e+01  1.451603e-02 
 2.110515e+01  1.442152e-02 
 2.110555e+01  1.379295e-02 
 2.110595e+01  1.266557e-02 
 2.110634e+01  1.112656e-02 
 2.110674e+01  9.270604e-03 
 2.110714e+01  7.199942e-03 
 2.110754e+01  5.016571e-03 
 2.110793e+01  2.886243e-03 
 2.110833e+01  9.624896e-04 
 2.110873e+01 -6.886193e-04 
 2.110913e+01 -1.972002e-03 
 2.110952e+01 -2.863685e-03 
 2.110992e+01 -3.345932e-03 
 2.111032e+01 -3.400796e-03 
 2.111072e+01 -3.060141e-03 
 2.111112e+01 -2.334979e-03 
 2.111151e+01 -1.248602e-03 
 2.111191e+01  1.009557e-04 
 2.111231e+01  1.624587e-03 
 2.111271e+01  3.193556e-03 
 2.111310e+01  4.690731e-03 
 2.111350e+01  6.029153e-03 
 2.111390e+01  7.136613e-03 
 2.111430e+01  7.997757e-03 
 2.111469e+01  8.547823e-03 
 2.111509e+01  8.786714e-03 
 2.111549e+01  8.738356e-03 
 2.111589e+01  8.420771e-03 
 2.111629e+01  7.915933e-03 
 2.111668e+01  7.264913e-03 
 2.111708e+01  6.520544e-03 
 2.111748e+01  5.802492e-03 
 2.111788e+01  5.193851e-03 
 2.111827e+01  4.750816e-03 
 2.111867e+01  4.506934e-03 
 2.111907e+01  4.487534e-03 
 2.111947e+01  4.680435e-03 
 2.111986e+01  5.048452e-03 
 2.112026e+01  5.539294e-03 
 2.112066e+01  6.069473e-03 
 2.112106e+01  6.518086e-03 
 2.112146e+01  6.818635e-03 
 2.112185e+01  6.892276e-03 
 2.112225e+01  6.713804e-03 
 2.112265e+01  6.295447e-03 
 2.112305e+01  5.625792e-03 
 2.112344e+01  4.732088e-03 
 2.112384e+01  3.657580e-03 
 2.112424e+01  2.456951e-03 
 2.112464e+01  1.160185e-03 
 2.112503e+01 -1.849152e-04 
 2.112543e+01 -1.538426e-03 
 2.112583e+01 -2.842945e-03 
 2.112623e+01 -4.004753e-03 
 2.112663e+01 -4.962597e-03 
 2.112702e+01 -5.638248e-03 
 2.112742e+01 -5.999289e-03 
 2.112782e+01 -6.055349e-03 
 2.112822e+01 -5.800001e-03 
 2.112861e+01 -5.278326e-03 
 2.112901e+01 -4.530659e-03 
 2.112941e+01 -3.635564e-03 
 2.112981e+01 -2.664244e-03 
 2.113021e+01 -1.601454e-03 
 2.113060e+01 -5.138013e-04 
 2.113100e+01  5.727071e-04 
 2.113140e+01  1.593022e-03 
 2.113180e+01  2.498959e-03 
 2.113219e+01  3.225447e-03 
 2.113259e+01  3.734514e-03 
 2.113299e+01  4.015164e-03 
 2.113339e+01  4.062789e-03 
 2.113378e+01  3.931480e-03 
 2.113418e+01  3.670833e-03 
 2.113458e+01  3.353871e-03 
 2.113498e+01  3.059453e-03 
 2.113538e+01  2.843553e-03 
 2.113577e+01  2.726051e-03 
 2.113617e+01  2.705594e-03 
 2.113657e+01  2.752398e-03 
 2.113697e+01  2.793938e-03 
 2.113736e+01  2.797159e-03 
 2.113776e+01  2.713304e-03 
 2.113816e+01  2.523921e-03 
 2.113856e+01  2.192004e-03 
 2.113895e+01  1.672701e-03 
 2.113935e+01  9.926946e-04 
 2.113975e+01  1.662850e-04 
 2.114015e+01 -7.355133e-04 
 2.114055e+01 -1.653488e-03 
 2.114094e+01 -2.492409e-03 
 2.114134e+01 -3.163729e-03 
 2.114174e+01 -3.581807e-03 
 2.114214e+01 -3.717396e-03 
 2.114253e+01 -3.528181e-03 
 2.114293e+01 -3.045644e-03 
 2.114333e+01 -2.304072e-03 
 2.114373e+01 -1.344882e-03 
 2.114412e+01 -2.044419e-04 
 2.114452e+01  1.037223e-03 
 2.114492e+01  2.299838e-03 
 2.114532e+01  3.497763e-03 
 2.114572e+01  4.560735e-03 
 2.114611e+01  5.461029e-03 
 2.114651e+01  6.202778e-03 
 2.114691e+01  6.762619e-03 
 2.114731e+01  7.160450e-03 
 2.114770e+01  7.433303e-03 
 2.114810e+01  7.605301e-03 
 2.114850e+01  7.668831e-03 
 2.114890e+01  7.620476e-03 
 2.114929e+01  7.482609e-03 
 2.114969e+01  7.305858e-03 
 2.115009e+01  7.115389e-03 
 2.115049e+01  6.957678e-03 
 2.115089e+01  6.878438e-03 
 2.115128e+01  6.898292e-03 
 2.115168e+01  7.031317e-03 
 2.115208e+01  7.279147e-03 
 2.115248e+01  7.602352e-03 
 2.115287e+01  7.936922e-03 
 2.115327e+01  8.209685e-03 
 2.115367e+01  8.408099e-03 
 2.115407e+01  8.527827e-03 
 2.115446e+01  8.516966e-03 
 2.115486e+01  8.358139e-03 
 2.115526e+01  8.021532e-03 
 2.115566e+01  7.505455e-03 
 2.115606e+01  6.839223e-03 
 2.115645e+01  5.986533e-03 
 2.115685e+01  5.005728e-03 
 2.115725e+01  3.956185e-03 
 2.115765e+01  2.885505e-03 
 2.115804e+01  1.879535e-03 
 2.115844e+01  9.808198e-04 
 2.115884e+01  2.583170e-04 
 2.115924e+01 -2.646527e-04 
 2.115963e+01 -5.133680e-04 
 2.116003e+01 -4.440699e-04 
 2.116043e+01 -4.740958e-05 
 2.116083e+01  6.783752e-04 
 2.116123e+01  1.702015e-03 
 2.116162e+01  3.014936e-03 
 2.116202e+01  4.560281e-03 
 2.116242e+01  6.234281e-03 
 2.116282e+01  7.944737e-03 
 2.116321e+01  9.573693e-03 
 2.116361e+01  1.102705e-02 
 2.116401e+01  1.219843e-02 
 2.116441e+01  1.301519e-02 
 2.116480e+01  1.343048e-02 
 2.116520e+01  1.341834e-02 
 2.116560e+01  1.297636e-02 
 2.116600e+01  1.213447e-02 
 2.116640e+01  1.093315e-02 
 2.116679e+01  9.459691e-03 
 2.116719e+01  7.837740e-03 
 2.116759e+01  6.185195e-03 
 2.116799e+01  4.643810e-03 
 2.116838e+01  3.367179e-03 
 2.116878e+01  2.453881e-03 
 2.116918e+01  1.974778e-03 
 2.116958e+01  1.996465e-03 
 2.116997e+01  2.510538e-03 
 2.117037e+01  3.433020e-03 
 2.117077e+01  4.662073e-03 
 2.117117e+01  6.048793e-03 
 2.117157e+01  7.464199e-03 
 2.117196e+01  8.768713e-03 
 2.117236e+01  9.853223e-03 
 2.117276e+01  1.060476e-02 
 2.117316e+01  1.099188e-02 
 2.117355e+01  1.101312e-02 
 2.117395e+01  1.068244e-02 
 2.117435e+01  1.005288e-02 
 2.117475e+01  9.169054e-03 
 2.117514e+01  8.088311e-03 
 2.117554e+01  6.883971e-03 
 2.117594e+01  5.702844e-03 
 2.117634e+01  4.628406e-03 
 2.117674e+01  3.736669e-03 
 2.117713e+01  3.093275e-03 
 2.117753e+01  2.753941e-03 
 2.117793e+01  2.745175e-03 
 2.117833e+01  3.099679e-03 
 2.117872e+01  3.781616e-03 
 2.117912e+01  4.794505e-03 
 2.117952e+01  6.104578e-03 
 2.117992e+01  7.648222e-03 
 2.118031e+01  9.322702e-03 
 2.118071e+01  1.102696e-02 
 2.118111e+01  1.259828e-02 
 2.118151e+01  1.389235e-02 
 2.118191e+01  1.478644e-02 
 2.118230e+01  1.520869e-02 
 2.118270e+01  1.505453e-02 
 2.118310e+01  1.434324e-02 
 2.118350e+01  1.310894e-02 
 2.118389e+01  1.144253e-02 
 2.118429e+01  9.458762e-03 
 2.118469e+01  7.300229e-03 
 2.118509e+01  5.100037e-03 
 2.118548e+01  3.008614e-03 
 2.118588e+01  1.191175e-03 
 2.118628e+01 -2.142085e-04 
 2.118668e+01 -1.110473e-03 
 2.118708e+01 -1.400755e-03 
 2.118747e+01 -1.100600e-03 
 2.118787e+01 -2.757214e-04 
 2.118827e+01  1.032739e-03 
 2.118867e+01  2.685103e-03 
 2.118906e+01  4.570276e-03 
 2.118946e+01  6.586133e-03 
 2.118986e+01  8.622775e-03 
 2.119026e+01  1.052979e-02 
 2.119065e+01  1.219584e-02 
 2.119105e+01  1.348731e-02 
 2.119145e+01  1.431666e-02 
 2.119185e+01  1.469405e-02 
 2.119225e+01  1.461015e-02 
 2.119264e+01  1.409156e-02 
 2.119304e+01  1.324424e-02 
 2.119344e+01  1.215697e-02 
 2.119384e+01  1.093111e-02 
 2.119423e+01  9.662570e-03 
 2.119463e+01  8.456043e-03 
 2.119503e+01  7.407061e-03 
 2.119543e+01  6.643442e-03 
 2.119582e+01  6.268970e-03 
 2.119622e+01  6.362213e-03 
 2.119662e+01  6.941773e-03 
 2.119702e+01  7.971172e-03 
 2.119742e+01  9.363283e-03 
 2.119781e+01  1.100497e-02 
 2.119821e+01  1.273553e-02 
 2.119861e+01  1.438688e-02 
 2.119901e+01  1.581499e-02 
 2.119940e+01  1.690983e-02 
 2.119980e+01  1.765060e-02 
 2.120020e+01  1.795528e-02 
 2.120060e+01  1.779905e-02 
 2.120099e+01  1.719200e-02 
 2.120139e+01  1.613873e-02 
 2.120179e+01  1.471694e-02 
 2.120219e+01  1.300839e-02 
 2.120259e+01  1.112439e-02 
 2.120298e+01  9.227923e-03 
 2.120338e+01  7.476408e-03 
 2.120378e+01  5.977909e-03 
 2.120418e+01  4.841957e-03 
 2.120457e+01  4.119504e-03 
 2.120497e+01  3.826504e-03 
 2.120537e+01  3.977458e-03 
 2.120577e+01  4.567004e-03 
 2.120616e+01  5.517371e-03 
 2.120656e+01  6.732792e-03 
 2.120696e+01  8.109705e-03 
 2.120736e+01  9.531951e-03 
 2.120776e+01  1.087559e-02 
 2.120815e+01  1.208827e-02 
 2.120855e+01  1.308409e-02 
 2.120895e+01  1.380876e-02 
 2.120935e+01  1.422764e-02 
 2.120974e+01  1.427820e-02 
 2.121014e+01  1.390607e-02 
 2.121054e+01  1.314814e-02 
 2.121094e+01  1.204148e-02 
 2.121133e+01  1.064865e-02 
 2.121173e+01  9.100367e-03 
 2.121213e+01  7.509375e-03 
 2.121253e+01  5.976078e-03 
 2.121293e+01  4.581233e-03 
 2.121332e+01  3.372484e-03 
 2.121372e+01  2.371202e-03 
 2.121412e+01  1.612046e-03 
 2.121452e+01  1.099092e-03 
 2.121491e+01  8.448349e-04 
 2.121531e+01  8.679617e-04 
 2.121571e+01  1.152757e-03 
 2.121611e+01  1.620088e-03 
 2.121650e+01  2.184549e-03 
 2.121690e+01  2.754074e-03 
 2.121730e+01  3.249171e-03 
 2.121770e+01  3.596607e-03 
 2.121810e+01  3.783447e-03 
 2.121849e+01  3.784184e-03 
 2.121889e+01  3.599772e-03 
 2.121929e+01  3.229817e-03 
 2.121969e+01  2.733291e-03 
 2.122008e+01  2.136172e-03 
 2.122048e+01  1.492207e-03 
 2.122088e+01  8.830920e-04 
 2.122128e+01  3.442008e-04 
 2.122168e+01 -4.975085e-05 
 2.122207e+01 -2.703948e-04 
 2.122247e+01 -3.754152e-04 
 2.122287e+01 -3.780772e-04 
 2.122327e+01 -2.677395e-04 
 2.122366e+01 -6.146787e-05 
 2.122406e+01  2.836075e-04 
 2.122446e+01  7.640078e-04 
 2.122486e+01  1.388593e-03 
 2.122525e+01  2.123883e-03 
 2.122565e+01  2.895840e-03 
 2.122605e+01  3.622002e-03 
 2.122645e+01  4.205311e-03 
 2.122685e+01  4.605610e-03 
 2.122724e+01  4.766245e-03 
 2.122764e+01  4.708161e-03 
 2.122804e+01  4.463645e-03 
 2.122844e+01  4.060579e-03 
 2.122883e+01  3.499270e-03 
 2.122923e+01  2.820662e-03 
 2.122963e+01  2.073937e-03 
 2.123003e+01  1.282355e-03 
 2.123042e+01  5.248548e-04 
 2.123082e+01 -1.503868e-04 
 2.123122e+01 -6.825783e-04 
 2.123162e+01 -1.074495e-03 
 2.123202e+01 -1.303142e-03 
 2.123241e+01 -1.446614e-03 
 2.123281e+01 -1.562996e-03 
 2.123321e+01 -1.724901e-03 
 2.123361e+01 -2.014007e-03 
 2.123400e+01 -2.430177e-03 
 2.123440e+01 -2.923041e-03 
 2.123480e+01 -3.432847e-03 
 2.123520e+01 -3.886962e-03 
 2.123559e+01 -4.195746e-03 
 2.123599e+01 -4.336858e-03 
 2.123639e+01 -4.281728e-03 
 2.123679e+01 -4.054586e-03 
 2.123719e+01 -3.638974e-03 
 2.123758e+01 -3.045958e-03 
 2.123798e+01 -2.318479e-03 
 2.123838e+01 -1.476778e-03 
 2.123878e+01 -5.743688e-04 
 2.123917e+01  3.799492e-04 
 2.123957e+01  1.356985e-03 
 2.123997e+01  2.300105e-03 
 2.124037e+01  3.149795e-03 
 2.124076e+01  3.861097e-03 
 2.124116e+01  4.391789e-03 
 2.124156e+01  4.697620e-03 
 2.124196e+01  4.757455e-03 
 2.124236e+01  4.543711e-03 
 2.124275e+01  4.070965e-03 
 2.124315e+01  3.403340e-03 
 2.124355e+01  2.568061e-03 
 2.124395e+01  1.652507e-03 
 2.124434e+01  7.132674e-04 
 2.124474e+01 -2.285770e-04 
 2.124514e+01 -1.067289e-03 
 2.124554e+01 -1.753862e-03 
 2.124593e+01 -2.258941e-03 
 2.124633e+01 -2.583810e-03 
 2.124673e+01 -2.686315e-03 
 2.124713e+01 -2.520753e-03 
 2.124753e+01 -2.086892e-03 
 2.124792e+01 -1.377181e-03 
 2.124832e+01 -4.434148e-04 
 2.124872e+01  6.528398e-04 
 2.124912e+01  1.825418e-03 
 2.124951e+01  2.950531e-03 
 2.124991e+01  3.964794e-03 
 2.125031e+01  4.779681e-03 
 2.125071e+01  5.318925e-03 
 2.125110e+01  5.601924e-03 
 2.125150e+01  5.614517e-03 
 2.125190e+01  5.398998e-03 
 2.125230e+01  4.991146e-03 
 2.125270e+01  4.428281e-03 
 2.125309e+01  3.800660e-03 
 2.125349e+01  3.158289e-03 
 2.125389e+01  2.587388e-03 
 2.125429e+01  2.206710e-03 
 2.125468e+01  2.077647e-03 
 2.125508e+01  2.264823e-03 
 2.125548e+01  2.792260e-03 
 2.125588e+01  3.632246e-03 
 2.125627e+01  4.786201e-03 
 2.125667e+01  6.168610e-03 
 2.125707e+01  7.714203e-03 
 2.125747e+01  9.294228e-03 
 2.125787e+01  1.082509e-02 
 2.125826e+01  1.218579e-02 
 2.125866e+01  1.326118e-02 
 2.125906e+01  1.397146e-02 
 2.125946e+01  1.427098e-02 
 2.125985e+01  1.412410e-02 
 2.126025e+01  1.351741e-02 
 2.126065e+01  1.245279e-02 
 2.126105e+01  1.095494e-02 
 2.126144e+01  9.076561e-03 
 2.126184e+01  6.926066e-03 
 2.126224e+01  4.603194e-03 
 2.126264e+01  2.271916e-03 
 2.126304e+01  1.398404e-04 
 2.126343e+01 -1.626981e-03 
 2.126383e+01 -2.887734e-03 
 2.126423e+01 -3.571223e-03 
 2.126463e+01 -3.658216e-03 
 2.126502e+01 -3.224614e-03 
 2.126542e+01 -2.305585e-03 
 2.126582e+01 -9.951749e-04 
 2.126622e+01  6.318042e-04 
 2.126661e+01  2.473816e-03 
 2.126701e+01  4.405914e-03 
 2.126741e+01  6.325559e-03 
 2.126781e+01  8.122380e-03 
 2.126821e+01  9.599742e-03 
 2.126860e+01  1.062963e-02 
 2.126900e+01  1.116804e-02 
 2.126940e+01  1.123121e-02 
 2.126980e+01  1.085553e-02 
 2.127019e+01  1.013438e-02 
 2.127059e+01  9.154541e-03 
 2.127099e+01  8.011400e-03 
 2.127139e+01  6.806247e-03 
 2.127178e+01  5.666974e-03 
 2.127218e+01  4.682526e-03 
 2.127258e+01  3.975826e-03 
 2.127298e+01  3.636614e-03 
 2.127338e+01  3.708194e-03 
 2.127377e+01  4.224150e-03 
 2.127417e+01  5.166406e-03 
 2.127457e+01  6.450521e-03 
 2.127497e+01  7.976775e-03 
 2.127536e+01  9.668422e-03 
 2.127576e+01  1.144074e-02 
 2.127616e+01  1.315681e-02 
 2.127656e+01  1.473310e-02 
 2.127695e+01  1.605170e-02 
 2.127735e+01  1.697620e-02 
 2.127775e+01  1.741136e-02 
 2.127815e+01  1.731893e-02 
 2.127855e+01  1.668318e-02 
 2.127894e+01  1.555020e-02 
 2.127934e+01  1.405955e-02 
 2.127974e+01  1.229594e-02 
 2.128014e+01  1.041460e-02 
 2.128053e+01  8.551478e-03 
 2.128093e+01  6.845347e-03 
 2.128133e+01  5.431009e-03 
 2.128173e+01  4.436732e-03 
 2.128212e+01  3.969405e-03 
 2.128252e+01  4.059897e-03 
 2.128292e+01  4.734224e-03 
 2.128332e+01  5.950984e-03 
 2.128372e+01  7.611724e-03 
 2.128411e+01  9.581250e-03 
 2.128451e+01  1.169159e-02 
 2.128491e+01  1.377785e-02 
 2.128531e+01  1.573148e-02 
 2.128570e+01  1.741978e-02 
 2.128610e+01  1.874724e-02 
 2.128650e+01  1.964200e-02 
 2.128690e+01  2.007286e-02 
 2.128729e+01  1.998632e-02 
 2.128769e+01  1.940593e-02 
 2.128809e+01  1.838535e-02 
 2.128849e+01  1.698530e-02 
 2.128889e+01  1.528890e-02 
 2.128928e+01  1.341868e-02 
 2.128968e+01  1.151678e-02 
 2.129008e+01  9.694929e-03 
 2.129048e+01  8.100149e-03 
 2.129087e+01  6.847604e-03 
 2.129127e+01  6.033006e-03 
 2.129167e+01  5.716841e-03 
 2.129207e+01  5.864937e-03 
 2.129246e+01  6.434750e-03 
 2.129286e+01  7.346605e-03 
 2.129326e+01  8.508357e-03 
 2.129366e+01  9.798252e-03 
 2.129406e+01  1.110087e-02 
 2.129445e+01  1.234004e-02 
 2.129485e+01  1.337156e-02 
 2.129525e+01  1.412464e-02 
 2.129565e+01  1.453261e-02 
 2.129604e+01  1.451168e-02 
 2.129644e+01  1.407153e-02 
 2.129684e+01  1.326410e-02 
 2.129724e+01  1.214954e-02 
 2.129763e+01  1.087674e-02 
 2.129803e+01  9.558144e-03 
 2.129843e+01  8.290170e-03 
 2.129883e+01  7.218029e-03 
 2.129923e+01  6.409391e-03 
 2.129962e+01  5.938848e-03 
 2.130002e+01  5.828780e-03 
 2.130042e+01  6.126890e-03 
 2.130082e+01  6.781860e-03 
 2.130121e+01  7.741901e-03 
 2.130161e+01  8.938812e-03 
 2.130201e+01  1.026070e-02 
 2.130241e+01  1.160736e-02 
 2.130280e+01  1.288997e-02 
 2.130320e+01  1.402919e-02 
 2.130360e+01  1.493563e-02 
 2.130400e+01  1.555489e-02 
 2.130440e+01  1.582771e-02 
 2.130479e+01  1.570312e-02 
 2.130519e+01  1.519077e-02 
 2.130559e+01  1.430684e-02 
 2.130599e+01  1.308702e-02 
 2.130638e+01  1.157380e-02 
 2.130678e+01  9.843433e-03 
 2.130718e+01  7.978614e-03 
 2.130758e+01  6.083246e-03 
 2.130797e+01  4.245214e-03 
 2.130837e+01  2.576010e-03 
 2.130877e+01  1.185091e-03 
 2.130917e+01  1.625349e-04 
 2.130957e+01 -4.614802e-04 
 2.130996e+01 -6.828594e-04 
 2.131036e+01 -5.405842e-04 
 2.131076e+01 -1.291217e-04 
 2.131116e+01  4.589225e-04 
 2.131155e+01  1.144327e-03 
 2.131195e+01  1.850125e-03 
 2.131235e+01  2.470461e-03 
 2.131275e+01  2.950147e-03 
 2.131315e+01  3.271343e-03 
 2.131354e+01  3.405330e-03 
 2.131394e+01  3.338060e-03 
 2.131434e+01  3.075178e-03 
 2.131474e+01  2.649397e-03 
 2.131513e+01  2.149196e-03 
 2.131553e+01  1.642898e-03 
 2.131593e+01  1.139438e-03 
 2.131633e+01  6.673188e-04 
 2.131672e+01  2.459500e-04 
 2.131712e+01 -1.113454e-04 
 2.131752e+01 -3.873546e-04 
 2.131792e+01 -5.443870e-04 
 2.131832e+01 -6.185558e-04 
 2.131871e+01 -6.035521e-04 
 2.131911e+01 -5.251518e-04 
 2.131951e+01 -4.213701e-04 
 2.131991e+01 -3.466048e-04 
 2.132030e+01 -3.717018e-04 
 2.132070e+01 -5.053878e-04 
 2.132110e+01 -7.568441e-04 
 2.132150e+01 -1.110527e-03 
 2.132189e+01 -1.536491e-03 
 2.132229e+01 -2.016281e-03 
 2.132269e+01 -2.527244e-03 
 2.132309e+01 -3.072176e-03 
 2.132349e+01 -3.645367e-03 
 2.132388e+01 -4.241908e-03 
 2.132428e+01 -4.825481e-03 
 2.132468e+01 -5.341690e-03 
 2.132508e+01 -5.732619e-03 
 2.132547e+01 -5.952668e-03 
 2.132587e+01 -6.006836e-03 
 2.132627e+01 -5.909773e-03 
 2.132667e+01 -5.682232e-03 
 2.132706e+01 -5.354126e-03 
 2.132746e+01 -4.928223e-03 
 2.132786e+01 -4.414403e-03 
 2.132826e+01 -3.828858e-03 
 2.132866e+01 -3.187993e-03 
 2.132905e+01 -2.525066e-03 
 2.132945e+01 -1.838736e-03 
 2.132985e+01 -1.184350e-03 
 2.133025e+01 -5.681215e-04 
 2.133064e+01  2.065471e-05 
 2.133104e+01  5.963633e-04 
 2.133144e+01  1.177635e-03 
 2.133184e+01  1.786994e-03 
 2.133223e+01  2.429435e-03 
 2.133263e+01  3.105973e-03 
 2.133303e+01  3.822809e-03 
 2.133343e+01  4.562826e-03 
 2.133383e+01  5.326655e-03 
 2.133422e+01  6.088746e-03 
 2.133462e+01  6.772377e-03 
 2.133502e+01  7.348015e-03 
 2.133542e+01  7.761602e-03 
 2.133581e+01  7.980157e-03 
 2.133621e+01  7.960768e-03 
 2.133661e+01  7.706444e-03 
 2.133701e+01  7.210198e-03 
 2.133740e+01  6.478830e-03 
 2.133780e+01  5.544980e-03 
 2.133820e+01  4.412263e-03 
 2.133860e+01  3.132340e-03 
 2.133900e+01  1.762231e-03 
 2.133939e+01  3.302685e-04 
 2.133979e+01 -1.113773e-03 
 2.134019e+01 -2.468340e-03 
 2.134059e+01 -3.682099e-03 
 2.134098e+01 -4.649734e-03 
 2.134138e+01 -5.318049e-03 
 2.134178e+01 -5.636540e-03 
 2.134218e+01 -5.593199e-03 
 2.134257e+01 -5.176575e-03 
 2.134297e+01 -4.383969e-03 
 2.134337e+01 -3.280879e-03 
 2.134377e+01 -1.965484e-03 
 2.134417e+01 -4.960054e-04 
 2.134456e+01  1.005668e-03 
 2.134496e+01  2.456432e-03 
 2.134536e+01  3.747133e-03 
 2.134576e+01  4.802033e-03 
 2.134615e+01  5.542077e-03 
 2.134655e+01  5.959407e-03 
 2.134695e+01  6.083160e-03 
 2.134735e+01  5.922374e-03 
 2.134774e+01  5.592202e-03 
 2.134814e+01  5.101692e-03 
 2.134854e+01  4.556391e-03 
 2.134894e+01  4.048519e-03 
 2.134934e+01  3.649611e-03 
 2.134973e+01  3.433776e-03 
 2.135013e+01  3.445449e-03 
 2.135053e+01  3.719378e-03 
 2.135093e+01  4.237802e-03 
 2.135132e+01  5.015418e-03 
 2.135172e+01  6.011326e-03 
 2.135212e+01  7.127390e-03 
 2.135252e+01  8.304834e-03 
 2.135291e+01  9.465121e-03 
 2.135331e+01  1.053267e-02 
 2.135371e+01  1.142425e-02 
 2.135411e+01  1.206681e-02 
 2.135451e+01  1.236581e-02 
 2.135490e+01  1.226152e-02 
 2.135530e+01  1.174537e-02 
 2.135570e+01  1.081133e-02 
 2.135610e+01  9.504808e-03 
 2.135649e+01  7.920687e-03 
 2.135689e+01  6.165282e-03 
 2.135729e+01  4.343576e-03 
 2.135769e+01  2.589358e-03 
 2.135808e+01  9.907453e-04 
 2.135848e+01 -3.730040e-04 
 2.135888e+01 -1.372920e-03 
 2.135928e+01 -1.917859e-03 
 2.135968e+01 -1.959417e-03 
 2.136007e+01 -1.448982e-03 
 2.136047e+01 -3.743518e-04 
 2.136087e+01  1.252648e-03 
 2.136127e+01  3.337670e-03 
 2.136166e+01  5.738952e-03 
 2.136206e+01  8.250513e-03 
 2.136246e+01  1.069900e-02 
 2.136286e+01  1.290003e-02 
 2.136325e+01  1.469438e-02 
 2.136365e+01  1.597043e-02 
 2.136405e+01  1.664605e-02 
 2.136445e+01  1.668115e-02 
 2.136485e+01  1.611777e-02 
 2.136524e+01  1.499973e-02 
 2.136564e+01  1.343195e-02 
 2.136604e+01  1.151603e-02 
 2.136644e+01  9.427268e-03 
 2.136683e+01  7.349275e-03 
 2.136723e+01  5.419800e-03 
 2.136763e+01  3.786205e-03 
 2.136803e+01  2.522680e-03 
 2.136842e+01  1.665187e-03 
 2.136882e+01  1.270637e-03 
 2.136922e+01  1.353798e-03 
 2.136962e+01  1.860201e-03 
 2.137002e+01  2.763147e-03 
 2.137041e+01  3.980743e-03 
 2.137081e+01  5.392431e-03 
 2.137121e+01  6.873826e-03 
 2.137161e+01  8.287720e-03 
 2.137200e+01  9.515560e-03 
 2.137240e+01  1.040910e-02 
 2.137280e+01  1.093856e-02 
 2.137320e+01  1.105767e-02 
 2.137359e+01  1.073648e-02 
 2.137399e+01  1.004267e-02 
 2.137439e+01  8.964450e-03 
 2.137479e+01  7.629741e-03 
 2.137519e+01  6.179020e-03 
 2.137558e+01  4.738971e-03 
 2.137598e+01  3.436735e-03 
 2.137638e+01  2.423332e-03 
 2.137678e+01  1.834463e-03 
 2.137717e+01  1.759162e-03 
 2.137757e+01  2.253009e-03 
 2.137797e+01  3.307863e-03 
 2.137837e+01  4.857455e-03 
 2.137876e+01  6.852203e-03 
 2.137916e+01  9.153917e-03 
 2.137956e+01  1.163366e-02 
 2.137996e+01  1.412884e-02 
 2.138036e+01  1.649658e-02 
 2.138075e+01  1.855204e-02 
 2.138115e+01  2.019857e-02 
 2.138155e+01  2.132045e-02 
 2.138195e+01  2.182160e-02 
 2.138234e+01  2.167904e-02 
 2.138274e+01  2.092776e-02 
 2.138314e+01  1.964195e-02 
 2.138354e+01  1.792085e-02 
 2.138393e+01  1.590398e-02 
 2.138433e+01  1.374078e-02 
 2.138473e+01  1.156206e-02 
 2.138513e+01  9.528931e-03 
 2.138553e+01  7.756655e-03 
 2.138592e+01  6.365983e-03 
 2.138632e+01  5.416498e-03 
 2.138672e+01  4.962399e-03 
 2.138712e+01  4.992721e-03 
 2.138751e+01  5.483090e-03 
 2.138791e+01  6.362971e-03 
 2.138831e+01  7.530041e-03 
 2.138871e+01  8.876663e-03 
 2.138910e+01  1.028826e-02 
 2.138950e+01  1.163360e-02 
 2.138990e+01  1.278661e-02 
 2.139030e+01  1.365560e-02 
 2.139070e+01  1.417615e-02 
 2.139109e+01  1.433117e-02 
 2.139149e+01  1.412330e-02 
 2.139189e+01  1.356179e-02 
 2.139229e+01  1.270779e-02 
 2.139268e+01  1.166396e-02 
 2.139308e+01  1.051805e-02 
 2.139348e+01  9.378485e-03 
 2.139388e+01  8.331254e-03 
 2.139427e+01  7.423187e-03 
 2.139467e+01  6.724222e-03 
 2.139507e+01  6.264864e-03 
 2.139547e+01  6.077500e-03 
 2.139587e+01  6.126118e-03 
 2.139626e+01  6.373983e-03 
 2.139666e+01  6.813325e-03 
 2.139706e+01  7.351955e-03 
 2.139746e+01  7.971891e-03 
 2.139785e+01  8.544419e-03 
 2.139825e+01  9.003578e-03 
 2.139865e+01  9.334412e-03 
 2.139905e+01  9.519918e-03 
 2.139944e+01  9.534203e-03 
 2.139984e+01  9.323681e-03 
 2.140024e+01  8.883553e-03 
 2.140064e+01  8.176292e-03 
 2.140104e+01  7.223154e-03 
 2.140143e+01  6.056486e-03 
 2.140183e+01  4.733414e-03 
 2.140223e+01  3.332652e-03 
 2.140263e+01  1.943331e-03 
 2.140302e+01  6.896378e-04 
 2.140342e+01 -3.588268e-04 
 2.140382e+01 -1.142052e-03 
 2.140422e+01 -1.627177e-03 
 2.140462e+01 -1.770568e-03 
 2.140501e+01 -1.520724e-03 
 2.140541e+01 -8.780164e-04 
 2.140581e+01  9.091060e-05 
 2.140621e+01  1.341295e-03 
 2.140660e+01  2.777161e-03 
 2.140700e+01  4.288112e-03 
 2.140740e+01  5.755788e-03 
 2.140780e+01  7.099542e-03 
 2.140819e+01  8.231296e-03 
 2.140859e+01  9.101309e-03 
 2.140899e+01  9.694705e-03 
 2.140939e+01  9.984930e-03 
 2.140979e+01  9.967427e-03 
 2.141018e+01  9.686046e-03 
 2.141058e+01  9.195226e-03 
 2.141098e+01  8.561731e-03 
 2.141138e+01  7.898090e-03 
 2.141177e+01  7.258119e-03 
 2.141217e+01  6.692178e-03 
 2.141257e+01  6.244318e-03 
 2.141297e+01  5.908702e-03 
 2.141336e+01  5.638272e-03 
 2.141376e+01  5.374696e-03 
 2.141416e+01  5.080659e-03 
 2.141456e+01  4.739365e-03 
 2.141496e+01  4.358461e-03 
 2.141535e+01  3.954421e-03 
 2.141575e+01  3.498852e-03 
 2.141615e+01  2.997250e-03 
 2.141655e+01  2.452733e-03 
 2.141694e+01  1.853738e-03 
 2.141734e+01  1.217539e-03 
 2.141774e+01  5.409913e-04 
 2.141814e+01 -1.794489e-04 
 2.141853e+01 -9.090674e-04 
 2.141893e+01 -1.582201e-03 
 2.141933e+01 -2.141487e-03 
 2.141973e+01 -2.592317e-03 
 2.142013e+01 -2.903217e-03 
 2.142052e+01 -3.075217e-03 
 2.142092e+01 -3.069853e-03 
 2.142132e+01 -2.857849e-03 
 2.142172e+01 -2.462428e-03 
 2.142211e+01 -1.885148e-03 
 2.142251e+01 -1.141249e-03 
 2.142291e+01 -2.998778e-04 
 2.142331e+01  5.883939e-04 
 2.142370e+01  1.458274e-03 
 2.142410e+01  2.256549e-03 
 2.142450e+01  2.938621e-03 
 2.142490e+01  3.502268e-03 
 2.142530e+01  3.975990e-03 
 2.142569e+01  4.345581e-03 
 2.142609e+01  4.599401e-03 
 2.142649e+01  4.753816e-03 
 2.142689e+01  4.806295e-03 
 2.142728e+01  4.805713e-03 
 2.142768e+01  4.751440e-03 
 2.142808e+01  4.645434e-03 
 2.142848e+01  4.531770e-03 
 2.142887e+01  4.431385e-03 
 2.142927e+01  4.347041e-03 
 2.142967e+01  4.291930e-03 
 2.143007e+01  4.291112e-03 
 2.143047e+01  4.314527e-03 
 2.143086e+01  4.370101e-03 
 2.143126e+01  4.449220e-03 
 2.143166e+01  4.512912e-03 
 2.143206e+01  4.511353e-03 
 2.143245e+01  4.414008e-03 
 2.143285e+01  4.206127e-03 
 2.143325e+01  3.872101e-03 
 2.143365e+01  3.440382e-03 
 2.143404e+01  2.926959e-03 
 2.143444e+01  2.339969e-03 
 2.143484e+01  1.762901e-03 
 2.143524e+01  1.229229e-03 
 2.143564e+01  7.951656e-04 
 2.143603e+01  5.071153e-04 
 2.143643e+01  4.294985e-04 
 2.143683e+01  5.822068e-04 
 2.143723e+01  1.001172e-03 
 2.143762e+01  1.673759e-03 
 2.143802e+01  2.556373e-03 
 2.143842e+01  3.650761e-03 
 2.143882e+01  4.898636e-03 
 2.143921e+01  6.263320e-03 
 2.143961e+01  7.619809e-03 
 2.144001e+01  8.868213e-03 
 2.144041e+01  9.900652e-03 
 2.144081e+01  1.063812e-02 
 2.144120e+01  1.103595e-02 
 2.144160e+01  1.103168e-02 
 2.144200e+01  1.059492e-02 
 2.144240e+01  9.752695e-03 
 2.144279e+01  8.553673e-03 
 2.144319e+01  7.068484e-03 
 2.144359e+01  5.412644e-03 
 2.144399e+01  3.666126e-03 
 2.144438e+01  2.006914e-03 
 2.144478e+01  5.429256e-04 
 2.144518e+01 -6.293309e-04 
 2.144558e+01 -1.480623e-03 
 2.144598e+01 -2.019437e-03 
 2.144637e+01 -2.200811e-03 
 2.144677e+01 -2.075388e-03 
 2.144717e+01 -1.654587e-03 
 2.144757e+01 -9.872154e-04 
 2.144796e+01 -1.975925e-04 
 2.144836e+01  6.295721e-04 
 2.144876e+01  1.381186e-03 
 2.144916e+01  1.971510e-03 
 2.144955e+01  2.288946e-03 
 2.144995e+01  2.336786e-03 
 2.145035e+01  2.094126e-03 
 2.145075e+01  1.617279e-03 
 2.145115e+01  9.514732e-04 
 2.145154e+01  1.057205e-04 
 2.145194e+01 -8.781461e-04 
 2.145234e+01 -1.898916e-03 
 2.145274e+01 -2.859788e-03 
 2.145313e+01 -3.658218e-03 
 2.145353e+01 -4.143638e-03 
 2.145393e+01 -4.237436e-03 
 2.145433e+01 -3.873652e-03 
 2.145472e+01 -3.012350e-03 
 2.145512e+01 -1.680937e-03 
 2.145552e+01  5.390204e-05 
 2.145592e+01  2.111999e-03 
 2.145632e+01  4.399766e-03 
 2.145671e+01  6.786874e-03 
 2.145711e+01  9.117135e-03 
 2.145751e+01  1.122114e-02 
 2.145791e+01  1.289853e-02 
 2.145830e+01  1.404332e-02 
 2.145870e+01  1.460353e-02 
 2.145910e+01  1.451487e-02 
 2.145950e+01  1.384297e-02 
 2.145989e+01  1.261162e-02 
 2.146029e+01  1.093139e-02 
 2.146069e+01  8.931050e-03 
 2.146109e+01  6.722119e-03 
 2.146149e+01  4.427037e-03 
 2.146188e+01  2.184114e-03 
 2.146228e+01  1.265204e-04 
 2.146268e+01 -1.599959e-03 
 2.146308e+01 -2.888007e-03 
 2.146347e+01 -3.675006e-03 
 2.146387e+01 -3.938956e-03 
 2.146427e+01 -3.646623e-03 
 2.146467e+01 -2.842259e-03 
 2.146506e+01 -1.564724e-03 
 2.146546e+01  4.833532e-05 
 2.146586e+01  1.877519e-03 
 2.146626e+01  3.818708e-03 
 2.146666e+01  5.709205e-03 
 2.146705e+01  7.477709e-03 
 2.146745e+01  8.996881e-03 
 2.146785e+01  1.018708e-02 
 2.146825e+01  1.098522e-02 
 2.146864e+01  1.138506e-02 
 2.146904e+01  1.139403e-02 
 2.146944e+01  1.102261e-02 
 2.146984e+01  1.031487e-02 
 2.147023e+01  9.352768e-03 
 2.147063e+01  8.201032e-03 
 2.147103e+01  7.016222e-03 
 2.147143e+01  5.950540e-03 
 2.147183e+01  5.073602e-03 
 2.147222e+01  4.507898e-03 
 2.147262e+01  4.340571e-03 
 2.147302e+01  4.623982e-03 
 2.147342e+01  5.391754e-03 
 2.147381e+01  6.582734e-03 
 2.147421e+01  8.103308e-03 
 2.147461e+01  9.857557e-03 
 2.147501e+01  1.166702e-02 
 2.147540e+01  1.340800e-02 
 2.147580e+01  1.492773e-02 
 2.147620e+01  1.609719e-02 
 2.147660e+01  1.680333e-02 
 2.147700e+01  1.697985e-02 
 2.147739e+01  1.660201e-02 
 2.147779e+01  1.566932e-02 
 2.147819e+01  1.423702e-02 
 2.147859e+01  1.238599e-02 
 2.147898e+01  1.024026e-02 
 2.147938e+01  7.928299e-03 
 2.147978e+01  5.607544e-03 
 2.148018e+01  3.414922e-03 
 2.148057e+01  1.529950e-03 
 2.148097e+01  6.597043e-05 
 2.148137e+01 -8.516627e-04 
 2.148177e+01 -1.136659e-03 
 2.148217e+01 -7.635020e-04 
 2.148256e+01  2.992602e-04 
 2.148296e+01  1.981133e-03 
 2.148336e+01  4.147016e-03 
 2.148376e+01  6.664515e-03 
 2.148415e+01  9.383209e-03 
 2.148455e+01  1.217508e-02 
 2.148495e+01  1.487232e-02 
 2.148535e+01  1.733424e-02 
 2.148574e+01  1.937811e-02 
 2.148614e+01  2.091679e-02 
 2.148654e+01  2.189859e-02 
 2.148694e+01  2.229951e-02 
 2.148734e+01  2.214915e-02 
 2.148773e+01  2.150979e-02 
 2.148813e+01  2.045136e-02 
 2.148853e+01  1.909367e-02 
 2.148893e+01  1.752809e-02 
 2.148932e+01  1.587025e-02 
 2.148972e+01  1.419900e-02 
 2.149012e+01  1.264519e-02 
 2.149052e+01  1.129222e-02 
 2.149091e+01  1.022329e-02 
 2.149131e+01  9.465516e-03 
 2.149171e+01  9.011924e-03 
 2.149211e+01  8.826776e-03 
 2.149251e+01  8.896564e-03 
 2.149290e+01  9.152645e-03 
 2.149330e+01  9.548555e-03 
 2.149370e+01  9.982464e-03 
 2.149410e+01  1.035497e-02 
 2.149449e+01  1.058057e-02 
 2.149489e+01  1.061132e-02 
 2.149529e+01  1.042401e-02 
 2.149569e+01  1.001533e-02 
 2.149608e+01  9.435235e-03 
 2.149648e+01  8.698122e-03 
 2.149688e+01  7.869495e-03 
 2.149728e+01  6.948464e-03 
 2.149768e+01  5.973797e-03 
 2.149807e+01  5.020462e-03 
 2.149847e+01  4.146606e-03 
 2.149887e+01  3.460874e-03 
 2.149927e+01  3.050597e-03 
 2.149966e+01  2.964434e-03 
 2.150006e+01  3.192346e-03 
 2.150046e+01  3.752997e-03 
 2.150086e+01  4.553240e-03 
 2.150126e+01  5.549683e-03 
 2.150165e+01  6.679764e-03 
 2.150205e+01  7.878922e-03 
 2.150245e+01  9.073214e-03 
 2.150285e+01  1.016345e-02 
 2.150324e+01  1.104924e-02 
 2.150364e+01  1.162835e-02 
 2.150404e+01  1.188178e-02 
 2.150444e+01  1.184847e-02 
 2.150483e+01  1.155139e-02 
 2.150523e+01  1.104656e-02 
 2.150563e+01  1.036470e-02 
 2.150603e+01  9.552800e-03 
 2.150643e+01  8.658927e-03 
 2.150682e+01  7.713742e-03 
 2.150722e+01  6.748823e-03 
 2.150762e+01  5.796877e-03 
 2.150802e+01  4.899948e-03 
 2.150841e+01  4.086452e-03 
 2.150881e+01  3.377501e-03 
 2.150921e+01  2.718185e-03 
 2.150961e+01  2.105841e-03 
 2.151000e+01  1.512793e-03 
 2.151040e+01  9.858895e-04 
 2.151080e+01  5.551614e-04 
 2.151120e+01  2.236952e-04 
 2.151160e+01  2.284373e-05 
 2.151199e+01 -5.257544e-05 
 2.151239e+01  1.459512e-05 
 2.151279e+01  2.373836e-04 
 2.151319e+01  6.295764e-04 
 2.151358e+01  1.191768e-03 
 2.151398e+01  1.913256e-03 
 2.151438e+01  2.774683e-03 
 2.151478e+01  3.753527e-03 
 2.151517e+01  4.791122e-03 
 2.151557e+01  5.864651e-03 
 2.151597e+01  6.916977e-03 
 2.151637e+01  7.902043e-03 
 2.151677e+01  8.818586e-03 
 2.151716e+01  9.607558e-03 
 2.151756e+01  1.022500e-02 
 2.151796e+01  1.060406e-02 
 2.151836e+01  1.072890e-02 
 2.151875e+01  1.057429e-02 
 2.151915e+01  1.016559e-02 
 2.151955e+01  9.521852e-03 
 2.151995e+01  8.661329e-03 
 2.152034e+01  7.633916e-03 
 2.152074e+01  6.467396e-03 
 2.152114e+01  5.203790e-03 
 2.152154e+01  3.866968e-03 
 2.152194e+01  2.488933e-03 
 2.152233e+01  1.149928e-03 
 2.152273e+01 -7.722204e-05 
 2.152313e+01 -1.141946e-03 
 2.152353e+01 -1.977003e-03 
 2.152392e+01 -2.586080e-03 
 2.152432e+01 -2.919285e-03 
 2.152472e+01 -3.021364e-03 
 2.152512e+01 -2.926161e-03 
 2.152551e+01 -2.681070e-03 
 2.152591e+01 -2.392540e-03 
 2.152631e+01 -2.074650e-03 
 2.152671e+01 -1.751829e-03 
 2.152711e+01 -1.463188e-03 
 2.152750e+01 -1.210780e-03 
 2.152790e+01 -1.013548e-03 
 2.152830e+01 -8.724293e-04 
 2.152870e+01 -7.509413e-04 
 2.152909e+01 -6.518740e-04 
 2.152949e+01 -5.687344e-04 
 2.152989e+01 -5.025047e-04 
 2.153029e+01 -4.143242e-04 
 2.153068e+01 -3.152026e-04 
 2.153108e+01 -1.492223e-04 
 2.153148e+01  6.654080e-05 
 2.153188e+01  4.286350e-04 
 2.153228e+01  9.582772e-04 
 2.153267e+01  1.691543e-03 
 2.153307e+01  2.673275e-03 
 2.153347e+01  3.817903e-03 
 2.153387e+01  5.098613e-03 
 2.153426e+01  6.428958e-03 
 2.153466e+01  7.718065e-03 
 2.153506e+01  8.864422e-03 
 2.153546e+01  9.724128e-03 
 2.153585e+01  1.022157e-02 
 2.153625e+01  1.027182e-02 
 2.153665e+01  9.877169e-03 
 2.153705e+01  8.988875e-03 
 2.153745e+01  7.613271e-03 
 2.153784e+01  5.815404e-03 
 2.153824e+01  3.675210e-03 
 2.153864e+01  1.340514e-03 
 2.153904e+01 -1.025233e-03 
 2.153943e+01 -3.302859e-03 
 2.153983e+01 -5.359199e-03 
 2.154023e+01 -7.126226e-03 
 2.154063e+01 -8.522310e-03 
 2.154102e+01 -9.510758e-03 
 2.154142e+01 -1.003078e-02 
 2.154182e+01 -1.006864e-02 
 2.154222e+01 -9.631560e-03 
 2.154262e+01 -8.737357e-03 
 2.154301e+01 -7.456330e-03 
 2.154341e+01 -5.923279e-03 
 2.154381e+01 -4.206894e-03 
 2.154421e+01 -2.425829e-03 
 2.154460e+01 -6.496497e-04 
 2.154500e+01  1.021134e-03 
 2.154540e+01  2.470015e-03 
 2.154580e+01  3.629032e-03 
 2.154619e+01  4.446509e-03 
 2.154659e+01  4.876338e-03 
 2.154699e+01  4.956414e-03 
 2.154739e+01  4.747339e-03 
 2.154779e+01  4.364657e-03 
 2.154818e+01  3.869291e-03 
 2.154858e+01  3.360877e-03 
 2.154898e+01  2.868455e-03 
 2.154938e+01  2.439150e-03 
 2.154977e+01  2.107907e-03 
 2.155017e+01  1.929120e-03 
 2.155057e+01  1.997454e-03 
 2.155097e+01  2.307087e-03 
 2.155136e+01  2.829265e-03 
 2.155176e+01  3.497798e-03 
 2.155216e+01  4.291822e-03 
 2.155256e+01  5.114712e-03 
 2.155296e+01  5.816039e-03 
 2.155335e+01  6.303866e-03 
 2.155375e+01  6.480409e-03 
 2.155415e+01  6.311634e-03 
 2.155455e+01  5.788292e-03 
 2.155494e+01  4.841617e-03 
 2.155534e+01  3.531293e-03 
 2.155574e+01  1.904096e-03 
 2.155614e+01  5.505672e-05 
 2.155653e+01 -1.855911e-03 
 2.155693e+01 -3.698273e-03 
 2.155733e+01 -5.368466e-03 
 2.155773e+01 -6.756400e-03 
 2.155813e+01 -7.756798e-03 
 2.155852e+01 -8.275500e-03 
 2.155892e+01 -8.223002e-03 
 2.155932e+01 -7.587026e-03 
 2.155972e+01 -6.373622e-03 
 2.156011e+01 -4.578260e-03 
 2.156051e+01 -2.276593e-03 
 2.156091e+01  4.354840e-04 
 2.156131e+01  3.376569e-03 
 2.156170e+01  6.382731e-03 
 2.156210e+01  9.291856e-03 
 2.156250e+01  1.196934e-02 
 2.156290e+01  1.430934e-02 
 2.156330e+01  1.618355e-02 
 2.156369e+01  1.752355e-02 
 2.156409e+01  1.827511e-02 
 2.156449e+01  1.842444e-02 
 2.156489e+01  1.806823e-02 
 2.156528e+01  1.725640e-02 
 2.156568e+01  1.609125e-02 
 2.156608e+01  1.470850e-02 
 2.156648e+01  1.325906e-02 
 2.156687e+01  1.188902e-02 
 2.156727e+01  1.071722e-02 
 2.156767e+01  9.809593e-03 
 2.156807e+01  9.263102e-03 
 2.156847e+01  9.085747e-03 
 2.156886e+01  9.253338e-03 
 2.156926e+01  9.721427e-03 
 2.156966e+01  1.038919e-02 
 2.157006e+01  1.116415e-02 
 2.157045e+01  1.195339e-02 
 2.157085e+01  1.265477e-02 
 2.157125e+01  1.321582e-02 
 2.157165e+01  1.354675e-02 
 2.157204e+01  1.362192e-02 
 2.157244e+01  1.343593e-02 
 2.157284e+01  1.299339e-02 
 2.157324e+01  1.229322e-02 
 2.157364e+01  1.135360e-02 
 2.157403e+01  1.028775e-02 
 2.157443e+01  9.205921e-03 
 2.157483e+01  8.175916e-03 
 2.157523e+01  7.289014e-03 
 2.157562e+01  6.638916e-03 
 2.157602e+01  6.291017e-03 
 2.157642e+01  6.336396e-03 
 2.157682e+01  6.783363e-03 
 2.157721e+01  7.585480e-03 
 2.157761e+01  8.709727e-03 
 2.157801e+01  1.011512e-02 
 2.157841e+01  1.172558e-02 
 2.157881e+01  1.349761e-02 
 2.157920e+01  1.533847e-02 
 2.157960e+01  1.711354e-02 
 2.158000e+01  1.873217e-02 
 2.158040e+01  2.012282e-02 
 2.158079e+01  2.118178e-02 
 2.158119e+01  2.182258e-02 
 2.158159e+01  2.201763e-02 
 2.158199e+01  2.172044e-02 
 2.158238e+01  2.098057e-02 
 2.158278e+01  1.983300e-02 
 2.158318e+01  1.833314e-02 
 2.158358e+01  1.656286e-02 
 2.158398e+01  1.460173e-02 
 2.158437e+01  1.257391e-02 
 2.158477e+01  1.058224e-02 
 2.158517e+01  8.745160e-03 
 2.158557e+01  7.140851e-03 
 2.158596e+01  5.791054e-03 
 2.158636e+01  4.743090e-03 
 2.158676e+01  4.003857e-03 
 2.158716e+01  3.573179e-03 
 2.158755e+01  3.435542e-03 
 2.158795e+01  3.597671e-03 
 2.158835e+01  4.001941e-03 
 2.158875e+01  4.640333e-03 
 2.158915e+01  5.452945e-03 
 2.158954e+01  6.370015e-03 
 2.158994e+01  7.343007e-03 
 2.159034e+01  8.354312e-03 
 2.159074e+01  9.320185e-03 
 2.159113e+01  1.019880e-02 
 2.159153e+01  1.093844e-02 
 2.159193e+01  1.151747e-02 
 2.159233e+01  1.186569e-02 
 2.159273e+01  1.201202e-02 
 2.159312e+01  1.200261e-02 
 2.159352e+01  1.185169e-02 
 2.159392e+01  1.163737e-02 
 2.159432e+01  1.140723e-02 
 2.159471e+01  1.121462e-02 
 2.159511e+01  1.110492e-02 
 2.159551e+01  1.108984e-02 
 2.159591e+01  1.118577e-02 
 2.159630e+01  1.142055e-02 
 2.159670e+01  1.173586e-02 
 2.159710e+01  1.204502e-02 
 2.159750e+01  1.227475e-02 
 2.159790e+01  1.237415e-02 
 2.159829e+01  1.230459e-02 
 2.159869e+01  1.201915e-02 
 2.159909e+01  1.150734e-02 
 2.159949e+01  1.074277e-02 
 2.159988e+01  9.751777e-03 
 2.160028e+01  8.571527e-03 
 2.160068e+01  7.208907e-03 
 2.160108e+01  5.723057e-03 
 2.160147e+01  4.170793e-03 
 2.160187e+01  2.621508e-03 
 2.160227e+01  1.189891e-03 
 2.160267e+01 -5.064461e-05 
 2.160307e+01 -1.082564e-03 
 2.160346e+01 -1.887774e-03 
 2.160386e+01 -2.473078e-03 
 2.160426e+01 -2.824003e-03 
 2.160466e+01 -2.945517e-03 
 2.160505e+01 -2.863564e-03 
 2.160545e+01 -2.600505e-03 
 2.160585e+01 -2.197393e-03 
 2.160625e+01 -1.680359e-03 
 2.160664e+01 -1.067893e-03 
 2.160704e+01 -4.197564e-04 
 2.160744e+01  2.638538e-04 
 2.160784e+01  9.915386e-04 
 2.160824e+01  1.766123e-03 
 2.160863e+01  2.613196e-03 
 2.160903e+01  3.504017e-03 
 2.160943e+01  4.416406e-03 
 2.160983e+01  5.301071e-03 
 2.161022e+01  6.127378e-03 
 2.161062e+01  6.892944e-03 
 2.161102e+01  7.568094e-03 
 2.161142e+01  8.134594e-03 
 2.161181e+01  8.573272e-03 
 2.161221e+01  8.855307e-03 
 2.161261e+01  8.982283e-03 
 2.161301e+01  8.897102e-03 
 2.161341e+01  8.570477e-03 
 2.161380e+01  8.002595e-03 
 2.161420e+01  7.179572e-03 
 2.161460e+01  6.102239e-03 
 2.161500e+01  4.802111e-03 
 2.161539e+01  3.314741e-03 
 2.161579e+01  1.679439e-03 
 2.161619e+01 -7.834799e-06 
 2.161659e+01 -1.648590e-03 
 2.161698e+01 -3.117250e-03 
 2.161738e+01 -4.361404e-03 
 2.161778e+01 -5.275244e-03 
 2.161818e+01 -5.820517e-03 
 2.161858e+01 -5.970701e-03 
 2.161897e+01 -5.769941e-03 
 2.161937e+01 -5.258445e-03 
 2.161977e+01 -4.491438e-03 
 2.162017e+01 -3.486204e-03 
 2.162056e+01 -2.298930e-03 
 2.162096e+01 -9.734896e-04 
 2.162136e+01  4.253248e-04 
 2.162176e+01  1.865460e-03 
 2.162215e+01  3.288256e-03 
 2.162255e+01  4.618731e-03 
 2.162295e+01  5.785350e-03 
 2.162335e+01  6.704538e-03 
 2.162375e+01  7.385494e-03 
 2.162414e+01  7.759423e-03 
 2.162454e+01  7.897296e-03 
 2.162494e+01  7.764929e-03 
 2.162534e+01  7.411786e-03 
 2.162573e+01  6.861293e-03 
 2.162613e+01  6.212006e-03 
 2.162653e+01  5.574382e-03 
 2.162693e+01  4.994793e-03 
 2.162732e+01  4.542952e-03 
 2.162772e+01  4.275557e-03 
 2.162812e+01  4.225780e-03 
 2.162852e+01  4.367797e-03 
 2.162892e+01  4.678247e-03 
 2.162931e+01  5.082217e-03 
 2.162971e+01  5.533587e-03 
 2.163011e+01  5.948685e-03 
 2.163051e+01  6.258824e-03 
 2.163090e+01  6.319074e-03 
 2.163130e+01  6.096638e-03 
 2.163170e+01  5.479086e-03 
 2.163210e+01  4.421624e-03 
 2.163249e+01  2.948408e-03 
 2.163289e+01  1.134058e-03 
 2.163329e+01 -9.382177e-04 
 2.163369e+01 -3.119930e-03 
 2.163409e+01 -5.282466e-03 
 2.163448e+01 -7.284027e-03 
 2.163488e+01 -9.013495e-03 
 2.163528e+01 -1.035481e-02 
 2.163568e+01 -1.120811e-02 
 2.163607e+01 -1.147768e-02 
 2.163647e+01 -1.114047e-02 
 2.163687e+01 -1.019966e-02 
 2.163727e+01 -8.727507e-03 
 2.163766e+01 -6.821989e-03 
 2.163806e+01 -4.623376e-03 
 2.163846e+01 -2.290628e-03 
 2.163886e+01  7.767667e-05 
 2.163926e+01  2.355184e-03 
 2.163965e+01  4.426828e-03 
 2.164005e+01  6.235825e-03 
 2.164045e+01  7.703003e-03 
 2.164085e+01  8.761721e-03 
 2.164124e+01  9.404554e-03 
 2.164164e+01  9.619495e-03 
 2.164204e+01  9.438987e-03 
 2.164244e+01  8.907012e-03 
 2.164283e+01  8.075151e-03 
 2.164323e+01  6.975057e-03 
 2.164363e+01  5.703991e-03 
 2.164403e+01  4.403363e-03 
 2.164443e+01  3.143086e-03 
 2.164482e+01  1.972834e-03 
 2.164522e+01  1.001108e-03 
 2.164562e+01  2.872429e-04 
 2.164602e+01 -1.374910e-04 
 2.164641e+01 -2.732367e-04 
 2.164681e+01 -1.540338e-04 
 2.164721e+01  1.407000e-04 
 2.164761e+01  5.639908e-04 
 2.164800e+01  1.108123e-03 
 2.164840e+01  1.706117e-03 
 2.164880e+01  2.327472e-03 
 2.164920e+01  2.885177e-03 
 2.164960e+01  3.318459e-03 
 2.164999e+01  3.609019e-03 
 2.165039e+01  3.745185e-03 
 2.165079e+01  3.672969e-03 
 2.165119e+01  3.383348e-03 
 2.165158e+01  2.947169e-03 
 2.165198e+01  2.369120e-03 
 2.165238e+01  1.768202e-03 
 2.165278e+01  1.198477e-03 
 2.165317e+01  7.675582e-04 
 2.165357e+01  5.356482e-04 
 2.165397e+01  5.840058e-04 
 2.165437e+01  9.330027e-04 
 2.165477e+01  1.613045e-03 
 2.165516e+01  2.641354e-03 
 2.165556e+01  3.969266e-03 
 2.165596e+01  5.541759e-03 
 2.165636e+01  7.339628e-03 
 2.165675e+01  9.237129e-03 
 2.165715e+01  1.110591e-02 
 2.165755e+01  1.282489e-02 
 2.165795e+01  1.431031e-02 
 2.165834e+01  1.538580e-02 
 2.165874e+01  1.597548e-02 
 2.165914e+01  1.606835e-02 
 2.165954e+01  1.559695e-02 
 2.165994e+01  1.460369e-02 
 2.166033e+01  1.315427e-02 
 2.166073e+01  1.131289e-02 
 2.166113e+01  9.208014e-03 
 2.166153e+01  6.969640e-03 
 2.166192e+01  4.773054e-03 
 2.166232e+01  2.720978e-03 
 2.166272e+01  1.005029e-03 
 2.166312e+01 -3.221010e-04 
 2.166351e+01 -1.197685e-03 
 2.166391e+01 -1.522226e-03 
 2.166431e+01 -1.327877e-03 
 2.166471e+01 -6.559235e-04 
 2.166511e+01  4.277424e-04 
 2.166550e+01  1.801914e-03 
 2.166590e+01  3.393783e-03 
 2.166630e+01  5.103640e-03 
 2.166670e+01  6.817483e-03 
 2.166709e+01  8.356243e-03 
 2.166749e+01  9.691888e-03 
 2.166789e+01  1.081283e-02 
 2.166829e+01  1.165810e-02 
 2.166868e+01  1.228612e-02 
 2.166908e+01  1.272387e-02 
 2.166948e+01  1.298743e-02 
 2.166988e+01  1.309402e-02 
 2.167028e+01  1.312072e-02 
 2.167067e+01  1.306740e-02 
 2.167107e+01  1.295701e-02 
 2.167147e+01  1.288626e-02 
 2.167187e+01  1.290015e-02 
 2.167226e+01  1.308784e-02 
 2.167266e+01  1.348344e-02 
 2.167306e+01  1.406438e-02 
 2.167346e+01  1.480201e-02 
 2.167385e+01  1.564521e-02 
 2.167425e+01  1.652964e-02 
 2.167465e+01  1.731504e-02 
 2.167505e+01  1.796247e-02 
 2.167545e+01  1.838776e-02 
 2.167584e+01  1.852261e-02 
 2.167624e+01  1.833253e-02 
 2.167664e+01  1.778531e-02 
 2.167704e+01  1.685592e-02 
 2.167743e+01  1.557061e-02 
 2.167783e+01  1.396974e-02 
 2.167823e+01  1.216885e-02 
 2.167863e+01  1.026284e-02 
 2.167902e+01  8.356784e-03 
 2.167942e+01  6.507034e-03 
 2.167982e+01  4.798807e-03 
 2.168022e+01  3.337633e-03 
 2.168062e+01  2.160023e-03 
 2.168101e+01  1.313188e-03 
 2.168141e+01  8.764372e-04 
 2.168181e+01  8.353463e-04 
 2.168221e+01  1.177161e-03 
 2.168260e+01  1.885305e-03 
 2.168300e+01  2.877934e-03 
 2.168340e+01  4.058075e-03 
 2.168380e+01  5.378760e-03 
 2.168420e+01  6.773561e-03 
 2.168459e+01  8.174719e-03 
 2.168499e+01  9.513845e-03 
 2.168539e+01  1.074768e-02 
 2.168579e+01  1.176277e-02 
 2.168618e+01  1.252242e-02 
 2.168658e+01  1.295866e-02 
 2.168698e+01  1.306381e-02 
 2.168738e+01  1.286855e-02 
 2.168777e+01  1.244739e-02 
 2.168817e+01  1.186525e-02 
 2.168857e+01  1.117364e-02 
 2.168897e+01  1.041123e-02 
 2.168937e+01  9.603889e-03 
 2.168976e+01  8.800607e-03 
 2.169016e+01  8.026419e-03 
 2.169056e+01  7.295608e-03 
 2.169096e+01  6.632590e-03 
 2.169135e+01  6.104259e-03 
 2.169175e+01  5.690364e-03 
 2.169215e+01  5.362447e-03 
 2.169255e+01  5.101260e-03 
 2.169294e+01  4.851184e-03 
 2.169334e+01  4.581372e-03 
 2.169374e+01  4.305871e-03 
 2.169414e+01  4.031472e-03 
 2.169454e+01  3.735763e-03 
 2.169493e+01  3.413160e-03 
 2.169533e+01  3.103780e-03 
 2.169573e+01  2.826861e-03 
 2.169613e+01  2.618604e-03 
 2.169652e+01  2.508904e-03 
 2.169692e+01  2.522352e-03 
 2.169732e+01  2.710413e-03 
 2.169772e+01  3.099983e-03 
 2.169811e+01  3.670804e-03 
 2.169851e+01  4.382002e-03 
 2.169891e+01  5.193264e-03 
 2.169931e+01  6.020590e-03 
 2.169971e+01  6.816601e-03 
 2.170010e+01  7.559074e-03 
 2.170050e+01  8.227831e-03 
 2.170090e+01  8.809812e-03 
 2.170130e+01  9.307144e-03 
 2.170169e+01  9.730787e-03 
 2.170209e+01  1.007233e-02 
 2.170249e+01  1.031988e-02 
 2.170289e+01  1.048726e-02 
 2.170328e+01  1.057585e-02 
 2.170368e+01  1.062266e-02 
 2.170408e+01  1.062987e-02 
 2.170448e+01  1.060337e-02 
 2.170488e+01  1.056263e-02 
 2.170527e+01  1.046565e-02 
 2.170567e+01  1.024543e-02 
 2.170607e+01  9.902049e-03 
 2.170647e+01  9.413956e-03 
 2.170686e+01  8.804566e-03 
 2.170726e+01  8.110456e-03 
 2.170766e+01  7.384894e-03 
 2.170806e+01  6.590678e-03 
 2.170845e+01  5.719465e-03 
 2.170885e+01  4.757207e-03 
 2.170925e+01  3.724708e-03 
 2.170965e+01  2.651522e-03 
 2.171005e+01  1.584038e-03 
 2.171044e+01  5.803841e-04 
 2.171084e+01 -3.419619e-04 
 2.171124e+01 -1.114474e-03 
 2.171164e+01 -1.693287e-03 
 2.171203e+01 -2.069381e-03 
 2.171243e+01 -2.227778e-03 
 2.171283e+01 -2.181802e-03 
 2.171323e+01 -1.860236e-03 
 2.171362e+01 -1.246267e-03 
 2.171402e+01 -3.583731e-04 
 2.171442e+01  7.688266e-04 
 2.171482e+01  2.050085e-03 
 2.171522e+01  3.436093e-03 
 2.171561e+01  4.866725e-03 
 2.171601e+01  6.313747e-03 
 2.171641e+01  7.741511e-03 
 2.171681e+01  9.054973e-03 
 2.171720e+01  1.021302e-02 
 2.171760e+01  1.114402e-02 
 2.171800e+01  1.182324e-02 
 2.171840e+01  1.216586e-02 
 2.171879e+01  1.216038e-02 
 2.171919e+01  1.180841e-02 
 2.171959e+01  1.116532e-02 
 2.171999e+01  1.028806e-02 
 2.172039e+01  9.199918e-03 
 2.172078e+01  7.950794e-03 
 2.172118e+01  6.581812e-03 
 2.172158e+01  5.133317e-03 
 2.172198e+01  3.726207e-03 
 2.172237e+01  2.437023e-03 
 2.172277e+01  1.366298e-03 
 2.172317e+01  5.491905e-04 
 2.172357e+01  7.352954e-05 
 2.172396e+01  1.275449e-06 
 2.172436e+01  2.790293e-04 
 2.172476e+01  8.803487e-04 
 2.172516e+01  1.714592e-03 
 2.172556e+01  2.709417e-03 
 2.172595e+01  3.759054e-03 
 2.172635e+01  4.750733e-03 
 2.172675e+01  5.581143e-03 
 2.172715e+01  6.130899e-03 
 2.172754e+01  6.330425e-03 
 2.172794e+01  6.154732e-03 
 2.172834e+01  5.612268e-03 
 2.172874e+01  4.796200e-03 
 2.172913e+01  3.789449e-03 
 2.172953e+01  2.718836e-03 
 2.172993e+01  1.709630e-03 
 2.173033e+01  8.421624e-04 
 2.173073e+01  1.920009e-04 
 2.173112e+01 -1.841705e-04 
 2.173152e+01 -2.434289e-04 
 2.173192e+01 -1.458990e-05 
 2.173232e+01  5.026871e-04 
 2.173271e+01  1.285325e-03 
 2.173311e+01  2.268038e-03 
 2.173351e+01  3.405511e-03 
 2.173391e+01  4.618160e-03 
 2.173430e+01  5.759779e-03 
 2.173470e+01  6.698030e-03 
 2.173510e+01  7.346605e-03 
 2.173550e+01  7.633478e-03 
 2.173590e+01  7.500666e-03 
 2.173629e+01  6.909050e-03 
 2.173669e+01  5.861271e-03 
 2.173709e+01  4.366280e-03 
 2.173749e+01  2.497033e-03 
 2.173788e+01  3.531396e-04 
 2.173828e+01 -1.948226e-03 
 2.173868e+01 -4.271044e-03 
 2.173908e+01 -6.483741e-03 
 2.173947e+01 -8.465899e-03 
 2.173987e+01 -1.010470e-02 
 2.174027e+01 -1.131637e-02 
 2.174067e+01 -1.208611e-02 
 2.174107e+01 -1.237542e-02 
 2.174146e+01 -1.217110e-02 
 2.174186e+01 -1.147887e-02 
 2.174226e+01 -1.029703e-02 
 2.174266e+01 -8.694636e-03 
 2.174305e+01 -6.771435e-03 
 2.174345e+01 -4.647132e-03 
 2.174385e+01 -2.454083e-03 
 2.174425e+01 -3.138892e-04 
 2.174464e+01  1.641695e-03 
 2.174504e+01  3.330858e-03 
 2.174544e+01  4.668980e-03 
 2.174584e+01  5.642534e-03 
 2.174624e+01  6.289766e-03 
 2.174663e+01  6.615684e-03 
 2.174703e+01  6.644564e-03 
 2.174743e+01  6.434305e-03 
 2.174783e+01  6.050010e-03 
 2.174822e+01  5.556736e-03 
 2.174862e+01  5.058106e-03 
 2.174902e+01  4.638072e-03 
 2.174942e+01  4.319522e-03 
 2.174981e+01  4.146939e-03 
 2.175021e+01  4.159551e-03 
 2.175061e+01  4.366023e-03 
 2.175101e+01  4.726194e-03 
 2.175141e+01  5.201303e-03 
 2.175180e+01  5.755693e-03 
 2.175220e+01  6.304478e-03 
 2.175260e+01  6.805668e-03 
 2.175300e+01  7.185416e-03 
 2.175339e+01  7.374362e-03 
 2.175379e+01  7.313270e-03 
 2.175419e+01  6.940535e-03 
 2.175459e+01  6.239232e-03 
 2.175498e+01  5.237547e-03 
 2.175538e+01  3.980913e-03 
 2.175578e+01  2.532509e-03 
 2.175618e+01  1.015568e-03 
 2.175658e+01 -4.781157e-04 
 2.175697e+01 -1.833976e-03 
 2.175737e+01 -2.919652e-03 
 2.175777e+01 -3.638061e-03 
 2.175817e+01 -3.946768e-03 
 2.175856e+01 -3.771786e-03 
 2.175896e+01 -3.100242e-03 
 2.175936e+01 -1.967369e-03 
 2.175976e+01 -4.600230e-04 
 2.176015e+01  1.324240e-03 
 2.176055e+01  3.249083e-03 
 2.176095e+01  5.242873e-03 
 2.176135e+01  7.225381e-03 
 2.176175e+01  9.149922e-03 
 2.176214e+01  1.093487e-02 
 2.176254e+01  1.249889e-02 
 2.176294e+01  1.376024e-02 
 2.176334e+01  1.465033e-02 
 2.176373e+01  1.515691e-02 
 2.176413e+01  1.525518e-02 
 2.176453e+01  1.498103e-02 
 2.176493e+01  1.438865e-02 
 2.176532e+01  1.354487e-02 
 2.176572e+01  1.252997e-02 
 2.176612e+01  1.138502e-02 
 2.176652e+01  1.016680e-02 
 2.176692e+01  8.915428e-03 
 2.176731e+01  7.704914e-03 
 2.176771e+01  6.629461e-03 
 2.176811e+01  5.756981e-03 
 2.176851e+01  5.145492e-03 
 2.176890e+01  4.783864e-03 
 2.176930e+01  4.671529e-03 
 2.176970e+01  4.788502e-03 
 2.177010e+01  5.098382e-03 
 2.177049e+01  5.575430e-03 
 2.177089e+01  6.176464e-03 
 2.177129e+01  6.856948e-03 
 2.177169e+01  7.514817e-03 
 2.177209e+01  8.051278e-03 
 2.177248e+01  8.414558e-03 
 2.177288e+01  8.561114e-03 
 2.177328e+01  8.487234e-03 
 2.177368e+01  8.239597e-03 
 2.177407e+01  7.902692e-03 
 2.177447e+01  7.534716e-03 
 2.177487e+01  7.224191e-03 
 2.177527e+01  7.054700e-03 
 2.177567e+01  7.068818e-03 
 2.177606e+01  7.277246e-03 
 2.177646e+01  7.721986e-03 
 2.177686e+01  8.438814e-03 
 2.177726e+01  9.456914e-03 
 2.177765e+01  1.073825e-02 
 2.177805e+01  1.222643e-02 
 2.177845e+01  1.380936e-02 
 2.177885e+01  1.540737e-02 
 2.177924e+01  1.691121e-02 
 2.177964e+01  1.823555e-02 
 2.178004e+01  1.928175e-02 
 2.178044e+01  1.996291e-02 
 2.178084e+01  2.026201e-02 
 2.178123e+01  2.015578e-02 
 2.178163e+01  1.962847e-02 
 2.178203e+01  1.870235e-02 
 2.178243e+01  1.739036e-02 
 2.178282e+01  1.576024e-02 
 2.178322e+01  1.387051e-02 
 2.178362e+01  1.184730e-02 
 2.178402e+01  9.808105e-03 
 2.178441e+01  7.830105e-03 
 2.178481e+01  6.023706e-03 
 2.178521e+01  4.455050e-03 
 2.178561e+01  3.195452e-03 
 2.178601e+01  2.314455e-03 
 2.178640e+01  1.757531e-03 
 2.178680e+01  1.496481e-03 
 2.178720e+01  1.519554e-03 
 2.178760e+01  1.766996e-03 
 2.178799e+01  2.225220e-03 
 2.178839e+01  2.805174e-03 
 2.178879e+01  3.455943e-03 
 2.178919e+01  4.157506e-03 
 2.178958e+01  4.886627e-03 
 2.178998e+01  5.673184e-03 
 2.179038e+01  6.522803e-03 
 2.179078e+01  7.394737e-03 
 2.179118e+01  8.261412e-03 
 2.179157e+01  9.108805e-03 
 2.179197e+01  9.921437e-03 
 2.179237e+01  1.067928e-02 
 2.179277e+01  1.136947e-02 
 2.179316e+01  1.198865e-02 
 2.179356e+01  1.252260e-02 
 2.179396e+01  1.295206e-02 
 2.179436e+01  1.328583e-02 
 2.179475e+01  1.348575e-02 
 2.179515e+01  1.351538e-02 
 2.179555e+01  1.337002e-02 
 2.179595e+01  1.304311e-02 
 2.179635e+01  1.257323e-02 
 2.179674e+01  1.198567e-02 
 2.179714e+01  1.128971e-02 
 2.179754e+01  1.053140e-02 
 2.179794e+01  9.718645e-03 
 2.179833e+01  8.879961e-03 
 2.179873e+01  8.063362e-03 
 2.179913e+01  7.306862e-03 
 2.179953e+01  6.656399e-03 
 2.179992e+01  6.134001e-03 
 2.180032e+01  5.757336e-03 
 2.180072e+01  5.514304e-03 
 2.180112e+01  5.384598e-03 
 2.180152e+01  5.385806e-03 
 2.180191e+01  5.482895e-03 
 2.180231e+01  5.649448e-03 
 2.180271e+01  5.860727e-03 
 2.180311e+01  6.112666e-03 
 2.180350e+01  6.393732e-03 
 2.180390e+01  6.663415e-03 
 2.180430e+01  6.890247e-03 
 2.180470e+01  7.060538e-03 
 2.180509e+01  7.178015e-03 
 2.180549e+01  7.279049e-03 
 2.180589e+01  7.396839e-03 
 2.180629e+01  7.514210e-03 
 2.180669e+01  7.656047e-03 
 2.180708e+01  7.845571e-03 
 2.180748e+01  8.117678e-03 
 2.180788e+01  8.514919e-03 
 2.180828e+01  9.053649e-03 
 2.180867e+01  9.701316e-03 
 2.180907e+01  1.047409e-02 
 2.180947e+01  1.135938e-02 
 2.180987e+01  1.229515e-02 
 2.181026e+01  1.320285e-02 
 2.181066e+01  1.400127e-02 
 2.181106e+01  1.460702e-02 
 2.181146e+01  1.493828e-02 
 2.181186e+01  1.494553e-02 
 2.181225e+01  1.456274e-02 
 2.181265e+01  1.378418e-02 
 2.181305e+01  1.260839e-02 
 2.181345e+01  1.109595e-02 
 2.181384e+01  9.308702e-03 
 2.181424e+01  7.291519e-03 
 2.181464e+01  5.093247e-03 
 2.181504e+01  2.788947e-03 
 2.181543e+01  4.736730e-04 
 2.181583e+01 -1.798174e-03 
 2.181623e+01 -3.896530e-03 
 2.181663e+01 -5.732969e-03 
 2.181703e+01 -7.216382e-03 
 2.181742e+01 -8.298489e-03 
 2.181782e+01 -8.941799e-03 
 2.181822e+01 -9.100888e-03 
 2.181862e+01 -8.778834e-03 
 2.181901e+01 -7.984607e-03 
 2.181941e+01 -6.743253e-03 
 2.181981e+01 -5.117605e-03 
 2.182021e+01 -3.190203e-03 
 2.182060e+01 -1.099315e-03 
 2.182100e+01  1.033841e-03 
 2.182140e+01  3.070137e-03 
 2.182180e+01  4.860948e-03 
 2.182220e+01  6.333235e-03 
 2.182259e+01  7.403761e-03 
 2.182299e+01  8.025653e-03 
 2.182339e+01  8.216396e-03 
 2.182379e+01  7.962467e-03 
 2.182418e+01  7.311856e-03 
 2.182458e+01  6.340021e-03 
 2.182498e+01  5.145450e-03 
 2.182538e+01  3.851554e-03 
 2.182577e+01  2.554501e-03 
 2.182617e+01  1.342127e-03 
 2.182657e+01  2.994191e-04 
 2.182697e+01 -5.069823e-04 
 2.182737e+01 -1.013314e-03 
 2.182776e+01 -1.221112e-03 
 2.182816e+01 -1.158376e-03 
 2.182856e+01 -9.020905e-04 
 2.182896e+01 -5.289278e-04 
 2.182935e+01 -1.120726e-04 
 2.182975e+01  2.666304e-04 
 2.183015e+01  5.241399e-04 
 2.183055e+01  5.840888e-04 
 2.183094e+01  4.136157e-04 
 2.183134e+01  5.752289e-06 
 2.183174e+01 -6.235352e-04 
 2.183214e+01 -1.490610e-03 
 2.183254e+01 -2.572002e-03 
 2.183293e+01 -3.819563e-03 
 2.183333e+01 -5.175619e-03 
 2.183373e+01 -6.547232e-03 
 2.183413e+01 -7.850322e-03 
 2.183452e+01 -9.000887e-03 
 2.183492e+01 -9.911258e-03 
 2.183532e+01 -1.048021e-02 
 2.183572e+01 -1.065057e-02 
 2.183611e+01 -1.034558e-02 
 2.183651e+01 -9.591972e-03 
 2.183691e+01 -8.382454e-03 
 2.183731e+01 -6.731629e-03 
 2.183771e+01 -4.716159e-03 
 2.183810e+01 -2.428211e-03 
 2.183850e+01  1.363219e-05 
 2.183890e+01  2.481379e-03 
 2.183930e+01  4.844111e-03 
 2.183969e+01  6.975661e-03 
 2.184009e+01  8.778127e-03 
 2.184049e+01  1.012427e-02 
 2.184089e+01  1.094179e-02 
 2.184128e+01  1.120181e-02 
 2.184168e+01  1.089298e-02 
 2.184208e+01  1.004866e-02 
 2.184248e+01  8.706482e-03 
 2.184288e+01  6.932033e-03 
 2.184327e+01  4.862595e-03 
 2.184367e+01  2.617345e-03 
 2.184407e+01  3.542219e-04 
 2.184447e+01 -1.799048e-03 
 2.184486e+01 -3.734870e-03 
 2.184526e+01 -5.334539e-03 
 2.184566e+01 -6.522476e-03 
 2.184606e+01 -7.247774e-03 
 2.184645e+01 -7.512633e-03 
 2.184685e+01 -7.336690e-03 
 2.184725e+01 -6.758704e-03 
 2.184765e+01 -5.838662e-03 
 2.184805e+01 -4.668563e-03 
 2.184844e+01 -3.367469e-03 
 2.184884e+01 -2.041205e-03 
 2.184924e+01 -7.932263e-04 
 2.184964e+01  2.873395e-04 
 2.185003e+01  1.160520e-03 
 2.185043e+01  1.795396e-03 
 2.185083e+01  2.235330e-03 
 2.185123e+01  2.553075e-03 
 2.185162e+01  2.819419e-03 
 2.185202e+01  3.099128e-03 
 2.185242e+01  3.438241e-03 
 2.185282e+01  3.901344e-03 
 2.185322e+01  4.548745e-03 
 2.185361e+01  5.383596e-03 
 2.185401e+01  6.440729e-03 
 2.185441e+01  7.685665e-03 
 2.185481e+01  9.096640e-03 
 2.185520e+01  1.065902e-02 
 2.185560e+01  1.227041e-02 
 2.185600e+01  1.385740e-02 
 2.185640e+01  1.531687e-02 
 2.185679e+01  1.652985e-02 
 2.185719e+01  1.743291e-02 
 2.185759e+01  1.798222e-02 
 2.185799e+01  1.816580e-02 
 2.185839e+01  1.796767e-02 
 2.185878e+01  1.744740e-02 
 2.185918e+01  1.665796e-02 
 2.185958e+01  1.565131e-02 
 2.185998e+01  1.444610e-02 
 2.186037e+01  1.309608e-02 
 2.186077e+01  1.164077e-02 
 2.186117e+01  1.010222e-02 
 2.186157e+01  8.554016e-03 
 2.186196e+01  7.039719e-03 
 2.186236e+01  5.628832e-03 
 2.186276e+01  4.398013e-03 
 2.186316e+01  3.389525e-03 
 2.186356e+01  2.646254e-03 
 2.186395e+01  2.187081e-03 
 2.186435e+01  2.041326e-03 
 2.186475e+01  2.193189e-03 
 2.186515e+01  2.649672e-03 
 2.186554e+01  3.390273e-03 
 2.186594e+01  4.353642e-03 
 2.186634e+01  5.486129e-03 
 2.186674e+01  6.707575e-03 
 2.186714e+01  7.936696e-03 
 2.186753e+01  9.110095e-03 
 2.186793e+01  1.020148e-02 
 2.186833e+01  1.116106e-02 
 2.186873e+01  1.197391e-02 
 2.186912e+01  1.267322e-02 
 2.186952e+01  1.322626e-02 
 2.186992e+01  1.363382e-02 
 2.187032e+01  1.392591e-02 
 2.187071e+01  1.409230e-02 
 2.187111e+01  1.416732e-02 
 2.187151e+01  1.420074e-02 
 2.187191e+01  1.417948e-02 
 2.187231e+01  1.409865e-02 
 2.187270e+01  1.397626e-02 
 2.187310e+01  1.381321e-02 
 2.187350e+01  1.358176e-02 
 2.187390e+01  1.329978e-02 
 2.187429e+01  1.297061e-02 
 2.187469e+01  1.258559e-02 
 2.187509e+01  1.215143e-02 
 2.187549e+01  1.166163e-02 
 2.187588e+01  1.106442e-02 
 2.187628e+01  1.035383e-02 
 2.187668e+01  9.556686e-03 
 2.187708e+01  8.643561e-03 
 2.187748e+01  7.651005e-03 
 2.187787e+01  6.660888e-03 
 2.187827e+01  5.732140e-03 
 2.187867e+01  4.885189e-03 
 2.187907e+01  4.211781e-03 
 2.187946e+01  3.751419e-03 
 2.187986e+01  3.513175e-03 
 2.188026e+01  3.512501e-03 
 2.188066e+01  3.736620e-03 
 2.188105e+01  4.153436e-03 
 2.188145e+01  4.753044e-03 
 2.188185e+01  5.548506e-03 
 2.188225e+01  6.491707e-03 
 2.188265e+01  7.620087e-03 
 2.188304e+01  8.911383e-03 
 2.188344e+01  1.029244e-02 
 2.188384e+01  1.173060e-02 
 2.188424e+01  1.312585e-02 
 2.188463e+01  1.439781e-02 
 2.188503e+01  1.545972e-02 
 2.188543e+01  1.629626e-02 
 2.188583e+01  1.688176e-02 
 2.188622e+01  1.721830e-02 
 2.188662e+01  1.733672e-02 
 2.188702e+01  1.725217e-02 
 2.188742e+01  1.699334e-02 
 2.188782e+01  1.660426e-02 
 2.188821e+01  1.608982e-02 
 2.188861e+01  1.543747e-02 
 2.188901e+01  1.468629e-02 
 2.188941e+01  1.383450e-02 
 2.188980e+01  1.288763e-02 
 2.189020e+01  1.185195e-02 
 2.189060e+01  1.072285e-02 
 2.189100e+01  9.522381e-03 
 2.189139e+01  8.288889e-03 
 2.189179e+01  7.047455e-03 
 2.189219e+01  5.787095e-03 
 2.189259e+01  4.525621e-03 
 2.189299e+01  3.315712e-03 
 2.189338e+01  2.198643e-03 
 2.189378e+01  1.221664e-03 
 2.189418e+01  4.578295e-04 
 2.189458e+01 -7.786058e-05 
 2.189497e+01 -3.760346e-04 
 2.189537e+01 -4.189241e-04 
 2.189577e+01 -2.423784e-04 
 2.189617e+01  1.426278e-04 
 2.189656e+01  7.591123e-04 
 2.189696e+01  1.584872e-03 
 2.189736e+01  2.599986e-03 
 2.189776e+01  3.774487e-03 
 2.189816e+01  5.045708e-03 
 2.189855e+01  6.353381e-03 
 2.189895e+01  7.647747e-03 
 2.189935e+01  8.850248e-03 
 2.189975e+01  9.894154e-03 
 2.190014e+01  1.075554e-02 
 2.190054e+01  1.141799e-02 
 2.190094e+01  1.182261e-02 
 2.190134e+01  1.199692e-02 
 2.190173e+01  1.194909e-02 
 2.190213e+01  1.168693e-02 
 2.190253e+01  1.128197e-02 
 2.190293e+01  1.082337e-02 
 2.190333e+01  1.034015e-02 
 2.190372e+01  9.887724e-03 
 2.190412e+01  9.479538e-03 
 2.190452e+01  9.117025e-03 
 2.190492e+01  8.795757e-03 
 2.190531e+01  8.499963e-03 
 2.190571e+01  8.193171e-03 
 2.190611e+01  7.870721e-03 
 2.190651e+01  7.536049e-03 
 2.190690e+01  7.161596e-03 
 2.190730e+01  6.728622e-03 
 2.190770e+01  6.208496e-03 
 2.190810e+01  5.563271e-03 
 2.190850e+01  4.762904e-03 
 2.190889e+01  3.804526e-03 
 2.190929e+01  2.700346e-03 
 2.190969e+01  1.489244e-03 
 2.191009e+01  2.434316e-04 
 2.191048e+01 -9.560047e-04 
 2.191088e+01 -2.032332e-03 
 2.191128e+01 -2.900175e-03 
 2.191168e+01 -3.506842e-03 
 2.191207e+01 -3.819589e-03 
 2.191247e+01 -3.797928e-03 
 2.191287e+01 -3.460249e-03 
 2.191327e+01 -2.770417e-03 
 2.191367e+01 -1.754830e-03 
 2.191406e+01 -3.778340e-04 
 2.191446e+01  1.286069e-03 
 2.191486e+01  3.156760e-03 
 2.191526e+01  5.128202e-03 
 2.191565e+01  7.051875e-03 
 2.191605e+01  8.833737e-03 
 2.191645e+01  1.035205e-02 
 2.191685e+01  1.150076e-02 
 2.191724e+01  1.218818e-02 
 2.191764e+01  1.234308e-02 
 2.191804e+01  1.196850e-02 
 2.191844e+01  1.103585e-02 
 2.191884e+01  9.657232e-03 
 2.191923e+01  7.871563e-03 
 2.191963e+01  5.777425e-03 
 2.192003e+01  3.511320e-03 
 2.192043e+01  1.196032e-03 
 2.192082e+01 -1.043183e-03 
 2.192122e+01 -3.084318e-03 
 2.192162e+01 -4.833907e-03 
 2.192202e+01 -6.214055e-03 
 2.192241e+01 -7.164645e-03 
 2.192281e+01 -7.708771e-03 
 2.192321e+01 -7.917540e-03 
 2.192361e+01 -7.808182e-03 
 2.192401e+01 -7.480812e-03 
 2.192440e+01 -6.962981e-03 
 2.192480e+01 -6.338366e-03 
 2.192520e+01 -5.644760e-03 
 2.192560e+01 -4.924141e-03 
 2.192599e+01 -4.253225e-03 
 2.192639e+01 -3.653830e-03 
 2.192679e+01 -3.173730e-03 
 2.192719e+01 -2.819644e-03 
 2.192758e+01 -2.592650e-03 
 2.192798e+01 -2.489548e-03 
 2.192838e+01 -2.474873e-03 
 2.192878e+01 -2.506172e-03 
 2.192918e+01 -2.548582e-03 
 2.192957e+01 -2.558480e-03 
 2.192997e+01 -2.469783e-03 
 2.193037e+01 -2.248887e-03 
 2.193077e+01 -1.839785e-03 
 2.193116e+01 -1.217469e-03 
 2.193156e+01 -3.706926e-04 
 2.193196e+01  6.945683e-04 
 2.193236e+01  1.905720e-03 
 2.193275e+01  3.234650e-03 
 2.193315e+01  4.623949e-03 
 2.193355e+01  6.032324e-03 
 2.193395e+01  7.408206e-03 
 2.193435e+01  8.661700e-03 
 2.193474e+01  9.750378e-03 
 2.193514e+01  1.059855e-02 
 2.193554e+01  1.113507e-02 
 2.193594e+01  1.128822e-02 
 2.193633e+01  1.099775e-02 
 2.193673e+01  1.024807e-02 
 2.193713e+01  9.028164e-03 
 2.193753e+01  7.385699e-03 
 2.193792e+01  5.419944e-03 
 2.193832e+01  3.239796e-03 
 2.193872e+01  1.003612e-03 
 2.193912e+01 -1.162218e-03 
 2.193952e+01 -3.113249e-03 
 2.193991e+01 -4.748223e-03 
 2.194031e+01 -5.987990e-03 
 2.194071e+01 -6.764254e-03 
 2.194111e+01 -7.043028e-03 
 2.194150e+01 -6.815606e-03 
 2.194190e+01 -6.078042e-03 
 2.194230e+01 -4.840815e-03 
 2.194270e+01 -3.158468e-03 
 2.194309e+01 -1.118818e-03 
 2.194349e+01  1.116788e-03 
 2.194389e+01  3.402056e-03 
 2.194429e+01  5.606459e-03 
 2.194469e+01  7.594104e-03 
 2.194508e+01  9.261056e-03 
 2.194548e+01  1.052935e-02 
 2.194588e+01  1.135645e-02 
 2.194628e+01  1.173450e-02 
 2.194667e+01  1.169806e-02 
 2.194707e+01  1.129907e-02 
 2.194747e+01  1.058562e-02 
 2.194787e+01  9.672631e-03 
 2.194826e+01  8.659500e-03 
 2.194866e+01  7.661653e-03 
 2.194906e+01  6.789060e-03 
 2.194946e+01  6.100602e-03 
 2.194986e+01  5.629717e-03 
 2.195025e+01  5.364897e-03 
 2.195065e+01  5.327307e-03 
 2.195105e+01  5.437827e-03 
 2.195145e+01  5.661687e-03 
 2.195184e+01  5.933135e-03 
 2.195224e+01  6.177605e-03 
 2.195264e+01  6.362805e-03 
 2.195304e+01  6.406849e-03 
 2.195343e+01  6.283313e-03 
 2.195383e+01  5.984032e-03 
 2.195423e+01  5.523661e-03 
 2.195463e+01  4.920229e-03 
 2.195503e+01  4.227293e-03 
 2.195542e+01  3.498599e-03 
 2.195582e+01  2.773716e-03 
 2.195622e+01  2.110074e-03 
 2.195662e+01  1.536498e-03 
 2.195701e+01  1.117413e-03 
 2.195741e+01  8.952455e-04 
 2.195781e+01  9.193953e-04 
 2.195821e+01  1.200408e-03 
 2.195861e+01  1.750152e-03 
 2.195900e+01  2.569354e-03 
 2.195940e+01  3.628537e-03 
 2.195980e+01  4.913020e-03 
 2.196020e+01  6.397575e-03 
 2.196059e+01  8.013866e-03 
 2.196099e+01  9.689082e-03 
 2.196139e+01  1.133732e-02 
 2.196179e+01  1.291944e-02 
 2.196218e+01  1.434865e-02 
 2.196258e+01  1.555474e-02 
 2.196298e+01  1.651001e-02 
 2.196338e+01  1.716971e-02 
 2.196378e+01  1.752358e-02 
 2.196417e+01  1.756911e-02 
 2.196457e+01  1.729161e-02 
 2.196497e+01  1.671370e-02 
 2.196537e+01  1.586365e-02 
 2.196576e+01  1.478637e-02 
 2.196616e+01  1.357155e-02 
 2.196656e+01  1.227228e-02 
 2.196696e+01  1.094277e-02 
 2.196735e+01  9.595209e-03 
 2.196775e+01  8.289041e-03 
 2.196815e+01  7.029917e-03 
 2.196855e+01  5.811756e-03 
 2.196895e+01  4.650801e-03 
 2.196934e+01  3.545089e-03 
 2.196974e+01  2.517108e-03 
 2.197014e+01  1.602369e-03 
 2.197054e+01  8.390575e-04 
 2.197093e+01  1.995729e-04 
 2.197133e+01 -2.634465e-04 
 2.197173e+01 -5.317482e-04 
 2.197213e+01 -6.380202e-04 
 2.197252e+01 -5.771042e-04 
 2.197292e+01 -3.178803e-04 
 2.197332e+01  1.020845e-04 
 2.197372e+01  7.364229e-04 
 2.197412e+01  1.558700e-03 
 2.197451e+01  2.511041e-03 
 2.197491e+01  3.583959e-03 
 2.197531e+01  4.728252e-03 
 2.197571e+01  5.930604e-03 
 2.197610e+01  7.135770e-03 
 2.197650e+01  8.321913e-03 
 2.197690e+01  9.453968e-03 
 2.197730e+01  1.049232e-02 
 2.197769e+01  1.141125e-02 
 2.197809e+01  1.213628e-02 
 2.197849e+01  1.262507e-02 
 2.197889e+01  1.288870e-02 
 2.197929e+01  1.292837e-02 
 2.197968e+01  1.278735e-02 
 2.198008e+01  1.250341e-02 
 2.198048e+01  1.210181e-02 
 2.198088e+01  1.164197e-02 
 2.198127e+01  1.116222e-02 
 2.198167e+01  1.069753e-02 
 2.198207e+01  1.027892e-02 
 2.198247e+01  9.917774e-03 
 2.198286e+01  9.611443e-03 
 2.198326e+01  9.335371e-03 
 2.198366e+01  9.064147e-03 
 2.198406e+01  8.786973e-03 
 2.198446e+01  8.473465e-03 
 2.198485e+01  8.081915e-03 
 2.198525e+01  7.628219e-03 
 2.198565e+01  7.126694e-03 
 2.198605e+01  6.585557e-03 
 2.198644e+01  6.062697e-03 
 2.198684e+01  5.576271e-03 
 2.198724e+01  5.141781e-03 
 2.198764e+01  4.815350e-03 
 2.198803e+01  4.645553e-03 
 2.198843e+01  4.654241e-03 
 2.198883e+01  4.857285e-03 
 2.198923e+01  5.269288e-03 
 2.198963e+01  5.889972e-03 
 2.199002e+01  6.730627e-03 
 2.199042e+01  7.792599e-03 
 2.199082e+01  9.047304e-03 
 2.199122e+01  1.044614e-02 
 2.199161e+01  1.194773e-02 
 2.199201e+01  1.345014e-02 
 2.199241e+01  1.487859e-02 
 2.199281e+01  1.614462e-02 
 2.199320e+01  1.719275e-02 
 2.199360e+01  1.799210e-02 
 2.199400e+01  1.854525e-02 
 2.199440e+01  1.885558e-02 
 2.199480e+01  1.890910e-02 
 2.199519e+01  1.871180e-02 
 2.199559e+01  1.823208e-02 
 2.199599e+01  1.744743e-02 
 2.199639e+01  1.640416e-02 
 2.199678e+01  1.507286e-02 
 2.199718e+01  1.352465e-02 
 2.199758e+01  1.182005e-02 
 2.199798e+01  1.000467e-02 
 2.199837e+01  8.172351e-03 
 2.199877e+01  6.389281e-03 
 2.199917e+01  4.736067e-03 
 2.199957e+01  3.299683e-03 
 2.199997e+01  2.126089e-03 
 2.200036e+01  1.264617e-03 
 2.200076e+01  7.084097e-04 
 2.200116e+01  4.604687e-04 
 2.200156e+01  4.994987e-04 
 2.200195e+01  7.659509e-04 
 2.200235e+01  1.197247e-03 
 2.200275e+01  1.750793e-03 
 2.200315e+01  2.368176e-03 
 2.200354e+01  2.995026e-03 
 2.200394e+01  3.601374e-03 
 2.200434e+01  4.166203e-03 
 2.200474e+01  4.653533e-03 
 2.200514e+01  5.072804e-03 
 2.200553e+01  5.424020e-03 
 2.200593e+01  5.690925e-03 
 2.200633e+01  5.885324e-03 
 2.200673e+01  6.005309e-03 
 2.200712e+01  6.058941e-03 
 2.200752e+01  6.109710e-03 
 2.200792e+01  6.213598e-03 
 2.200832e+01  6.414348e-03 
 2.200871e+01  6.736027e-03 
 2.200911e+01  7.220177e-03 
 2.200951e+01  7.840847e-03 
 2.200991e+01  8.604086e-03 
 2.201031e+01  9.465617e-03 
 2.201070e+01  1.033933e-02 
 2.201110e+01  1.115263e-02 
 2.201150e+01  1.182761e-02 
 2.201190e+01  1.229162e-02 
 2.201229e+01  1.245254e-02 
 2.201269e+01  1.221351e-02 
 2.201309e+01  1.156454e-02 
 2.201349e+01  1.047508e-02 
 2.201388e+01  8.990899e-03 
 2.201428e+01  7.194578e-03 
 2.201468e+01  5.153803e-03 
 2.201508e+01  2.992825e-03 
 2.201548e+01  7.962230e-04 
 2.201587e+01 -1.319439e-03 
 2.201627e+01 -3.266365e-03 
 2.201667e+01 -4.948730e-03 
 2.201707e+01 -6.250325e-03 
 2.201746e+01 -7.092400e-03 
 2.201786e+01 -7.421864e-03 
 2.201826e+01 -7.214139e-03 
 2.201866e+01 -6.460429e-03 
 2.201905e+01 -5.227054e-03 
 2.201945e+01 -3.603892e-03 
 2.201985e+01 -1.727245e-03 
 2.202025e+01  2.440284e-04 
 2.202065e+01  2.182379e-03 
 2.202104e+01  3.964691e-03 
 2.202144e+01  5.473227e-03 
 2.202184e+01  6.661402e-03 
 2.202224e+01  7.466716e-03 
 2.202263e+01  7.876162e-03 
 2.202303e+01  7.912263e-03 
 2.202343e+01  7.568627e-03 
 2.202383e+01  6.889746e-03 
 2.202422e+01  5.934634e-03 
 2.202462e+01  4.781810e-03 
 2.202502e+01  3.533327e-03 
 2.202542e+01  2.282500e-03 
 2.202582e+01  1.068973e-03 
 2.202621e+01 -4.720839e-06 
 2.202661e+01 -8.806249e-04 
 2.202701e+01 -1.509678e-03 
 2.202741e+01 -1.893367e-03 
 2.202780e+01 -2.044690e-03 
 2.202820e+01 -1.991239e-03 
 2.202860e+01 -1.792063e-03 
 2.202900e+01 -1.504726e-03 
 2.202939e+01 -1.175928e-03 
 2.202979e+01 -8.894438e-04 
 2.203019e+01 -6.935868e-04 
 2.203059e+01 -6.564148e-04 
 2.203099e+01 -7.814894e-04 
 2.203138e+01 -1.100739e-03 
 2.203178e+01 -1.617169e-03 
 2.203218e+01 -2.275539e-03 
 2.203258e+01 -3.029773e-03 
 2.203297e+01 -3.814611e-03 
 2.203337e+01 -4.543112e-03 
 2.203377e+01 -5.133682e-03 
 2.203417e+01 -5.541106e-03 
 2.203456e+01 -5.720235e-03 
 2.203496e+01 -5.610686e-03 
 2.203536e+01 -5.180013e-03 
 2.203576e+01 -4.393425e-03 
 2.203616e+01 -3.254778e-03 
 2.203655e+01 -1.796578e-03 
 2.203695e+01 -5.237951e-05 
 2.203735e+01  1.909655e-03 
 2.203775e+01  4.031719e-03 
 2.203814e+01  6.218920e-03 
 2.203854e+01  8.348105e-03 
 2.203894e+01  1.028067e-02 
 2.203934e+01  1.193263e-02 
 2.203973e+01  1.322923e-02 
 2.204013e+01  1.407732e-02 
 2.204053e+01  1.442545e-02 
 2.204093e+01  1.426008e-02 
 2.204133e+01  1.358251e-02 
 2.204172e+01  1.245033e-02 
 2.204212e+01  1.097714e-02 
 2.204252e+01  9.268487e-03 
 2.204292e+01  7.405068e-03 
 2.204331e+01  5.496335e-03 
 2.204371e+01  3.635971e-03 
 2.204411e+01  1.896941e-03 
 2.204451e+01  3.164012e-04 
 2.204490e+01 -1.060687e-03 
 2.204530e+01 -2.177707e-03 
 2.204570e+01 -3.002764e-03 
 2.204610e+01 -3.490030e-03 
 2.204650e+01 -3.653621e-03 
 2.204689e+01 -3.564016e-03 
 2.204729e+01 -3.267288e-03 
 2.204769e+01 -2.844947e-03 
 2.204809e+01 -2.363628e-03 
 2.204848e+01 -1.843588e-03 
 2.204888e+01 -1.276276e-03 
 2.204928e+01 -7.150373e-04 
 2.204968e+01 -1.173437e-04 
 2.205008e+01  4.949327e-04 
 2.205047e+01  1.127108e-03 
 2.205087e+01  1.755490e-03 
 2.205127e+01  2.365856e-03 
 2.205167e+01  2.961349e-03 
 2.205206e+01  3.521143e-03 
 2.205246e+01  4.036213e-03 
 2.205286e+01  4.473864e-03 
 2.205326e+01  4.868980e-03 
 2.205365e+01  5.227955e-03 
 2.205405e+01  5.567199e-03 
 2.205445e+01  5.936005e-03 
 2.205485e+01  6.343915e-03 
 2.205525e+01  6.795323e-03 
 2.205564e+01  7.269705e-03 
 2.205604e+01  7.750029e-03 
 2.205644e+01  8.162078e-03 
 2.205684e+01  8.470120e-03 
 2.205723e+01  8.669845e-03 
 2.205763e+01  8.711910e-03 
 2.205803e+01  8.583246e-03 
 2.205843e+01  8.286251e-03 
 2.205882e+01  7.760939e-03 
 2.205922e+01  7.038207e-03 
 2.205962e+01  6.100951e-03 
 2.206002e+01  5.033637e-03 
 2.206042e+01  3.849618e-03 
 2.206081e+01  2.642803e-03 
 2.206121e+01  1.478971e-03 
 2.206161e+01  4.157765e-04 
 2.206201e+01 -4.916113e-04 
 2.206240e+01 -1.206190e-03 
 2.206280e+01 -1.704747e-03 
 2.206320e+01 -1.944901e-03 
 2.206360e+01 -1.895537e-03 
 2.206399e+01 -1.570109e-03 
 2.206439e+01 -9.529363e-04 
 2.206479e+01 -5.426993e-05 
 2.206519e+01  1.042364e-03 
 2.206559e+01  2.282467e-03 
 2.206598e+01  3.619935e-03 
 2.206638e+01  5.007621e-03 
 2.206678e+01  6.366680e-03 
 2.206718e+01  7.695908e-03 
 2.206757e+01  8.968166e-03 
 2.206797e+01  1.013176e-02 
 2.206837e+01  1.122113e-02 
 2.206877e+01  1.225623e-02 
 2.206916e+01  1.319873e-02 
 2.206956e+01  1.409735e-02 
 2.206996e+01  1.489508e-02 
 2.207036e+01  1.562578e-02 
 2.207076e+01  1.625631e-02 
 2.207115e+01  1.675593e-02 
 2.207155e+01  1.705550e-02 
 2.207195e+01  1.711684e-02 
 2.207235e+01  1.692178e-02 
 2.207274e+01  1.643436e-02 
 2.207314e+01  1.565911e-02 
 2.207354e+01  1.465859e-02 
 2.207394e+01  1.344385e-02 
 2.207433e+01  1.209545e-02 
 2.207473e+01  1.066486e-02 
 2.207513e+01  9.204470e-03 
 2.207553e+01  7.738117e-03 
 2.207593e+01  6.334231e-03 
 2.207632e+01  5.009819e-03 
 2.207672e+01  3.897587e-03 
 2.207712e+01  3.068531e-03 
 2.207752e+01  2.590933e-03 
 2.207791e+01  2.493817e-03 
 2.207831e+01  2.748389e-03 
 2.207871e+01  3.326748e-03 
 2.207911e+01  4.138897e-03 
 2.207950e+01  5.129056e-03 
 2.207990e+01  6.223544e-03 
 2.208030e+01  7.328791e-03 
 2.208070e+01  8.406897e-03 
 2.208110e+01  9.423993e-03 
 2.208149e+01  1.033013e-02 
 2.208189e+01  1.110445e-02 
 2.208229e+01  1.174656e-02 
 2.208269e+01  1.224352e-02 
 2.208308e+01  1.262475e-02 
 2.208348e+01  1.293964e-02 
 2.208388e+01  1.320994e-02 
 2.208428e+01  1.347174e-02 
 2.208467e+01  1.375742e-02 
 2.208507e+01  1.410904e-02 
 2.208547e+01  1.453975e-02 
 2.208587e+01  1.507016e-02 
 2.208627e+01  1.568833e-02 
 2.208666e+01  1.633377e-02 
 2.208706e+01  1.697809e-02 
 2.208746e+01  1.754236e-02 
 2.208786e+01  1.800071e-02 
 2.208825e+01  1.835369e-02 
 2.208865e+01  1.853996e-02 
 2.208905e+01  1.852895e-02 
 2.208945e+01  1.829727e-02 
 2.208984e+01  1.784558e-02 
 2.209024e+01  1.710376e-02 
 2.209064e+01  1.607062e-02 
 2.209104e+01  1.477620e-02 
 2.209144e+01  1.324395e-02 
 2.209183e+01  1.157839e-02 
 2.209223e+01  9.870307e-03 
 2.209263e+01  8.200527e-03 
 2.209303e+01  6.644151e-03 
 2.209342e+01  5.291353e-03 
 2.209382e+01  4.207352e-03 
 2.209422e+01  3.496215e-03 
 2.209462e+01  3.203552e-03 
 2.209501e+01  3.294568e-03 
 2.209541e+01  3.781713e-03 
 2.209581e+01  4.638077e-03 
 2.209621e+01  5.772602e-03 
 2.209661e+01  7.156119e-03 
 2.209700e+01  8.709663e-03 
 2.209740e+01  1.037629e-02 
 2.209780e+01  1.206069e-02 
 2.209820e+01  1.365194e-02 
 2.209859e+01  1.505672e-02 
 2.209899e+01  1.615871e-02 
 2.209939e+01  1.689119e-02 
 2.209979e+01  1.720120e-02 
 2.210018e+01  1.706774e-02 
 2.210058e+01  1.653005e-02 
 2.210098e+01  1.563738e-02 
 2.210138e+01  1.446628e-02 
 2.210178e+01  1.308495e-02 
 2.210217e+01  1.155004e-02 
 2.210257e+01  9.917622e-03 
 2.210297e+01  8.258916e-03 
 2.210337e+01  6.646205e-03 
 2.210376e+01  5.134726e-03 
 2.210416e+01  3.767738e-03 
 2.210456e+01  2.602222e-03 
 2.210496e+01  1.675454e-03 
 2.210535e+01  9.791116e-04 
 2.210575e+01  5.362601e-04 
 2.210615e+01  3.114591e-04 
 2.210655e+01  2.153712e-04 
 2.210695e+01  2.258629e-04 
 2.210734e+01  2.405632e-04 
 2.210774e+01  1.856696e-04 
 2.210814e+01 -4.489487e-06 
 2.210854e+01 -3.566476e-04 
 2.210893e+01 -8.921842e-04 
 2.210933e+01 -1.563789e-03 
 2.210973e+01 -2.315928e-03 
 2.211013e+01 -3.098495e-03 
 2.211052e+01 -3.853708e-03 
 2.211092e+01 -4.562307e-03 
 2.211132e+01 -5.171873e-03 
 2.211172e+01 -5.590393e-03 
 2.211212e+01 -5.726937e-03 
 2.211251e+01 -5.503207e-03 
 2.211291e+01 -4.891607e-03 
 2.211331e+01 -3.880874e-03 
 2.211371e+01 -2.507039e-03 
 2.211410e+01 -8.616046e-04 
 2.211450e+01  9.849117e-04 
 2.211490e+01  2.905040e-03 
 2.211530e+01  4.811687e-03 
 2.211569e+01  6.605407e-03 
 2.211609e+01  8.239588e-03 
 2.211649e+01  9.660491e-03 
 2.211689e+01  1.075492e-02 
 2.211729e+01  1.144993e-02 
 2.211768e+01  1.167104e-02 
 2.211808e+01  1.137822e-02 
 2.211848e+01  1.054836e-02 
 2.211888e+01  9.217252e-03 
 2.211927e+01  7.449529e-03 
 2.211967e+01  5.356763e-03 
 2.212007e+01  3.039194e-03 
 2.212047e+01  6.454014e-04 
 2.212086e+01 -1.694153e-03 
 2.212126e+01 -3.861793e-03 
 2.212166e+01 -5.762229e-03 
 2.212206e+01 -7.308514e-03 
 2.212246e+01 -8.407092e-03 
 2.212285e+01 -9.043067e-03 
 2.212325e+01 -9.208579e-03 
 2.212365e+01 -8.909882e-03 
 2.212405e+01 -8.244837e-03 
 2.212444e+01 -7.245347e-03 
 2.212484e+01 -5.979634e-03 
 2.212524e+01 -4.535985e-03 
 2.212564e+01 -2.986399e-03 
 2.212603e+01 -1.470032e-03 
 2.212643e+01 -8.295864e-05 
 2.212683e+01  1.072034e-03 
 2.212723e+01  1.927756e-03 
 2.212763e+01  2.445382e-03 
 2.212802e+01  2.647772e-03 
 2.212842e+01  2.566342e-03 
 2.212882e+01  2.284427e-03 
 2.212922e+01  1.904664e-03 
 2.212961e+01  1.527957e-03 
 2.213001e+01  1.202149e-03 
 2.213041e+01  9.572824e-04 
 2.213081e+01  8.648505e-04 
 2.213120e+01  9.612074e-04 
 2.213160e+01  1.271831e-03 
 2.213200e+01  1.771314e-03 
 2.213240e+01  2.453630e-03 
 2.213280e+01  3.239746e-03 
 2.213319e+01  4.069103e-03 
 2.213359e+01  4.853414e-03 
 2.213399e+01  5.546054e-03 
 2.213439e+01  5.999716e-03 
 2.213478e+01  6.148588e-03 
 2.213518e+01  5.971186e-03 
 2.213558e+01  5.429492e-03 
 2.213598e+01  4.569047e-03 
 2.213637e+01  3.377153e-03 
 2.213677e+01  1.927840e-03 
 2.213717e+01  3.398109e-04 
 2.213757e+01 -1.299636e-03 
 2.213797e+01 -2.883517e-03 
 2.213836e+01 -4.325168e-03 
 2.213876e+01 -5.539538e-03 
 2.213916e+01 -6.484154e-03 
 2.213956e+01 -7.078122e-03 
 2.213995e+01 -7.242560e-03 
 2.214035e+01 -6.954656e-03 
 2.214075e+01 -6.226355e-03 
 2.214115e+01 -5.068023e-03 
 2.214155e+01 -3.581833e-03 
 2.214194e+01 -1.882396e-03 
 2.214234e+01 -4.586731e-05 
 2.214274e+01  1.800146e-03 
 2.214314e+01  3.619978e-03 
 2.214353e+01  5.350056e-03 
 2.214393e+01  6.946258e-03 
 2.214433e+01  8.406082e-03 
 2.214473e+01  9.739625e-03 
 2.214512e+01  1.088828e-02 
 2.214552e+01  1.184519e-02 
 2.214592e+01  1.261778e-02 
 2.214632e+01  1.318901e-02 
 2.214672e+01  1.357144e-02 
 2.214711e+01  1.376448e-02 
 2.214751e+01  1.373513e-02 
 2.214791e+01  1.348316e-02 
 2.214831e+01  1.301865e-02 
 2.214870e+01  1.237783e-02 
 2.214910e+01  1.159709e-02 
 2.214950e+01  1.065826e-02 
 2.214990e+01  9.607458e-03 
 2.215029e+01  8.437183e-03 
 2.215069e+01  7.164006e-03 
 2.215109e+01  5.845254e-03 
 2.215149e+01  4.517677e-03 
 2.215189e+01  3.259784e-03 
 2.215228e+01  2.123928e-03 
 2.215268e+01  1.144704e-03 
 2.215308e+01  3.485377e-04 
 2.215348e+01 -3.197256e-04 
 2.215387e+01 -8.406934e-04 
 2.215427e+01 -1.254315e-03 
 2.215467e+01 -1.546458e-03 
 2.215507e+01 -1.689533e-03 
 2.215546e+01 -1.672949e-03 
 2.215586e+01 -1.462757e-03 
 2.215626e+01 -1.051458e-03 
 2.215666e+01 -4.907090e-04 
 2.215706e+01  1.717255e-04 
 2.215745e+01  9.589617e-04 
 2.215785e+01  1.838051e-03 
 2.215825e+01  2.802153e-03 
 2.215865e+01  3.826887e-03 
 2.215904e+01  4.885216e-03 
 2.215944e+01  5.950291e-03 
 2.215984e+01  6.975666e-03 
 2.216024e+01  7.967464e-03 
 2.216063e+01  8.856951e-03 
 2.216103e+01  9.684490e-03 
 2.216143e+01  1.045008e-02 
 2.216183e+01  1.115358e-02 
 2.216223e+01  1.177642e-02 
 2.216262e+01  1.225948e-02 
 2.216302e+01  1.256724e-02 
 2.216342e+01  1.268959e-02 
 2.216382e+01  1.267241e-02 
 2.216421e+01  1.256419e-02 
 2.216461e+01  1.237126e-02 
 2.216501e+01  1.212923e-02 
 2.216541e+01  1.183119e-02 
 2.216580e+01  1.145136e-02 
 2.216620e+01  1.099043e-02 
 2.216660e+01  1.044854e-02 
 2.216700e+01  9.800441e-03 
 2.216740e+01  9.085492e-03 
 2.216779e+01  8.353717e-03 
 2.216819e+01  7.620802e-03 
 2.216859e+01  6.919305e-03 
 2.216899e+01  6.265466e-03 
 2.216938e+01  5.615883e-03 
 2.216978e+01  4.986124e-03 
 2.217018e+01  4.394733e-03 
 2.217058e+01  3.913263e-03 
 2.217097e+01  3.576841e-03 
 2.217137e+01  3.483239e-03 
 2.217177e+01  3.666583e-03 
 2.217217e+01  4.152952e-03 
 2.217257e+01  4.991597e-03 
 2.217296e+01  6.146607e-03 
 2.217336e+01  7.553869e-03 
 2.217376e+01  9.204937e-03 
 2.217416e+01  1.099694e-02 
 2.217455e+01  1.285293e-02 
 2.217495e+01  1.471004e-02 
 2.217535e+01  1.648004e-02 
 2.217575e+01  1.805481e-02 
 2.217614e+01  1.938788e-02 
 2.217654e+01  2.040233e-02 
 2.217694e+01  2.106533e-02 
 2.217734e+01  2.134897e-02 
 2.217774e+01  2.128279e-02 
 2.217813e+01  2.083902e-02 
 2.217853e+01  2.003768e-02 
 2.217893e+01  1.895778e-02 
 2.217933e+01  1.765017e-02 
 2.217972e+01  1.622548e-02 
 2.218012e+01  1.478380e-02 
 2.218052e+01  1.332324e-02 
 2.218092e+01  1.191088e-02 
 2.218131e+01  1.058569e-02 
 2.218171e+01  9.383900e-03 
 2.218211e+01  8.300987e-03 
 2.218251e+01  7.367409e-03 
 2.218291e+01  6.610242e-03 
 2.218330e+01  6.014898e-03 
 2.218370e+01  5.595569e-03 
 2.218410e+01  5.364797e-03 
 2.218450e+01  5.253845e-03 
 2.218489e+01  5.241936e-03 
 2.218529e+01  5.341640e-03 
 2.218569e+01  5.491245e-03 
 2.218609e+01  5.687887e-03 
 2.218648e+01  5.914367e-03 
 2.218688e+01  6.105891e-03 
 2.218728e+01  6.249320e-03 
 2.218768e+01  6.320266e-03 
 2.218808e+01  6.310986e-03 
 2.218847e+01  6.253332e-03 
 2.218887e+01  6.244558e-03 
 2.218927e+01  6.325799e-03 
 2.218967e+01  6.520166e-03 
 2.219006e+01  6.914531e-03 
 2.219046e+01  7.494213e-03 
 2.219086e+01  8.281386e-03 
 2.219126e+01  9.285571e-03 
 2.219165e+01  1.044114e-02 
 2.219205e+01  1.171675e-02 
 2.219245e+01  1.306794e-02 
 2.219285e+01  1.444285e-02 
 2.219325e+01  1.569885e-02 
 2.219364e+01  1.674017e-02 
 2.219404e+01  1.746087e-02 
 2.219444e+01  1.775703e-02 
 2.219484e+01  1.762260e-02 
 2.219523e+01  1.703131e-02 
 2.219563e+01  1.600245e-02 
 2.219603e+01  1.457494e-02 
 2.219643e+01  1.282283e-02 
 2.219682e+01  1.078686e-02 
 2.219722e+01  8.557972e-03 
 2.219762e+01  6.243895e-03 
 2.219802e+01  3.935784e-03 
 2.219842e+01  1.781630e-03 
 2.219881e+01 -9.095624e-05 
 2.219921e+01 -1.588557e-03 
 2.219961e+01 -2.649453e-03 
 2.220001e+01 -3.217811e-03 
 2.220040e+01 -3.288292e-03 
 2.220080e+01 -2.929930e-03 
 2.220120e+01 -2.187520e-03 
 2.220160e+01 -1.154920e-03 
 2.220199e+01  5.852775e-05 
 2.220239e+01  1.345808e-03 
 2.220279e+01  2.554838e-03 
 2.220319e+01  3.631324e-03 
 2.220359e+01  4.515949e-03 
 2.220398e+01  5.190796e-03 
 2.220438e+01  5.597258e-03 
 2.220478e+01  5.746067e-03 
 2.220518e+01  5.676734e-03 
 2.220557e+01  5.394854e-03 
 2.220597e+01  4.995001e-03 
 2.220637e+01  4.544627e-03 
 2.220677e+01  4.089997e-03 
 2.220716e+01  3.700596e-03 
 2.220756e+01  3.439231e-03 
 2.220796e+01  3.336882e-03 
 2.220836e+01  3.364054e-03 
 2.220876e+01  3.525113e-03 
 2.220915e+01  3.758141e-03 
 2.220955e+01  4.048657e-03 
 2.220995e+01  4.380955e-03 
 2.221035e+01  4.714878e-03 
 2.221074e+01  4.983310e-03 
 2.221114e+01  5.128533e-03 
 2.221154e+01  5.076862e-03 
 2.221194e+01  4.754299e-03 
 2.221233e+01  4.178817e-03 
 2.221273e+01  3.308892e-03 
 2.221313e+01  2.162539e-03 
 2.221353e+01  8.070482e-04 
 2.221393e+01 -7.304477e-04 
 2.221432e+01 -2.357944e-03 
 2.221472e+01 -4.014783e-03 
 2.221512e+01 -5.621553e-03 
 2.221552e+01 -7.114961e-03 
 2.221591e+01 -8.392702e-03 
 2.221631e+01 -9.355624e-03 
 2.221671e+01 -9.925329e-03 
 2.221711e+01 -1.007048e-02 
 2.221750e+01 -9.734091e-03 
 2.221790e+01 -8.942085e-03 
 2.221830e+01 -7.692941e-03 
 2.221870e+01 -6.035350e-03 
 2.221910e+01 -4.056082e-03 
 2.221949e+01 -1.831849e-03 
 2.221989e+01  5.432132e-04 
 2.222029e+01  2.944549e-03 
 2.222069e+01  5.265294e-03 
 2.222108e+01  7.368398e-03 
 2.222148e+01  9.174126e-03 
 2.222188e+01  1.058547e-02 
 2.222228e+01  1.154034e-02 
 2.222267e+01  1.207451e-02 
 2.222307e+01  1.214953e-02 
 2.222347e+01  1.182379e-02 
 2.222387e+01  1.117630e-02 
 2.222427e+01  1.023507e-02 
 2.222466e+01  9.117624e-03 
 2.222506e+01  7.919164e-03 
 2.222546e+01  6.714365e-03 
 2.222586e+01  5.577392e-03 
 2.222625e+01  4.558914e-03 
 2.222665e+01  3.680365e-03 
 2.222705e+01  2.990162e-03 
 2.222745e+01  2.513930e-03 
 2.222784e+01  2.223737e-03 
 2.222824e+01  2.112541e-03 
 2.222864e+01  2.152467e-03 
 2.222904e+01  2.258218e-03 
 2.222944e+01  2.370867e-03 
 2.222983e+01  2.453813e-03 
 2.223023e+01  2.445501e-03 
 2.223063e+01  2.332795e-03 
 2.223103e+01  2.127240e-03 
 2.223142e+01  1.856829e-03 
 2.223182e+01  1.458757e-03 
 2.223222e+01  9.787110e-04 
 2.223262e+01  4.269064e-04 
 2.223301e+01 -1.425879e-04 
 2.223341e+01 -6.800201e-04 
 2.223381e+01 -1.087101e-03 
 2.223421e+01 -1.324482e-03 
 2.223461e+01 -1.300493e-03 
 2.223500e+01 -1.014217e-03 
 2.223540e+01 -4.865340e-04 
 2.223580e+01  2.964070e-04 
 2.223620e+01  1.277112e-03 
 2.223659e+01  2.436777e-03 
 2.223699e+01  3.695608e-03 
 2.223739e+01  5.020153e-03 
 2.223779e+01  6.321581e-03 
 2.223819e+01  7.558153e-03 
 2.223858e+01  8.662383e-03 
 2.223898e+01  9.543492e-03 
 2.223938e+01  1.015626e-02 
 2.223978e+01  1.044406e-02 
 2.224017e+01  1.042121e-02 
 2.224057e+01  1.008074e-02 
 2.224097e+01  9.472695e-03 
 2.224137e+01  8.614314e-03 
 2.224176e+01  7.579352e-03 
 2.224216e+01  6.414583e-03 
 2.224256e+01  5.171234e-03 
 2.224296e+01  3.836747e-03 
 2.224336e+01  2.472979e-03 
 2.224375e+01  1.123033e-03 
 2.224415e+01 -1.739835e-04 
 2.224455e+01 -1.360301e-03 
 2.224495e+01 -2.367338e-03 
 2.224534e+01 -3.191757e-03 
 2.224574e+01 -3.769836e-03 
 2.224614e+01 -4.102982e-03 
 2.224654e+01 -4.209077e-03 
 2.224693e+01 -4.065811e-03 
 2.224733e+01 -3.654155e-03 
 2.224773e+01 -2.994480e-03 
 2.224813e+01 -2.124230e-03 
 2.224853e+01 -1.075064e-03 
 2.224892e+01  9.967245e-05 
 2.224932e+01  1.349807e-03 
 2.224972e+01  2.659898e-03 
 2.225012e+01  3.944678e-03 
 2.225051e+01  5.192105e-03 
 2.225091e+01  6.409086e-03 
 2.225131e+01  7.561748e-03 
 2.225171e+01  8.640065e-03 
 2.225210e+01  9.625414e-03 
 2.225250e+01  1.044782e-02 
 2.225290e+01  1.109610e-02 
 2.225330e+01  1.156384e-02 
 2.225370e+01  1.186828e-02 
 2.225409e+01  1.197770e-02 
 2.225449e+01  1.189042e-02 
 2.225489e+01  1.162384e-02 
 2.225529e+01  1.116423e-02 
 2.225568e+01  1.052988e-02 
 2.225608e+01  9.718072e-03 
 2.225648e+01  8.761607e-03 
 2.225688e+01  7.687154e-03 
 2.225727e+01  6.531846e-03 
 2.225767e+01  5.338900e-03 
 2.225807e+01  4.137521e-03 
 2.225847e+01  2.976043e-03 
 2.225887e+01  1.889783e-03 
 2.225926e+01  9.482021e-04 
 2.225966e+01  1.880363e-04 
 2.226006e+01 -3.392680e-04 
 2.226046e+01 -6.539111e-04 
 2.226085e+01 -8.183746e-04 
 2.226125e+01 -8.315161e-04 
 2.226165e+01 -7.423101e-04 
 2.226205e+01 -5.403971e-04 
 2.226244e+01 -1.960400e-04 
 2.226284e+01  2.298031e-04 
 2.226324e+01  6.875023e-04 
 2.226364e+01  1.158156e-03 
 2.226404e+01  1.573435e-03 
 2.226443e+01  1.936202e-03 
 2.226483e+01  2.269413e-03 
 2.226523e+01  2.589041e-03 
 2.226563e+01  2.951612e-03 
 2.226602e+01  3.426201e-03 
 2.226642e+01  4.041772e-03 
 2.226682e+01  4.800038e-03 
 2.226722e+01  5.745435e-03 
 2.226761e+01  6.866336e-03 
 2.226801e+01  8.152718e-03 
 2.226841e+01  9.645348e-03 
 2.226881e+01  1.128388e-02 
 2.226921e+01  1.297296e-02 
 2.226960e+01  1.466686e-02 
 2.227000e+01  1.621313e-02 
 2.227040e+01  1.750977e-02 
 2.227080e+01  1.849133e-02 
 2.227119e+01  1.908164e-02 
 2.227159e+01  1.924208e-02 
 2.227199e+01  1.893430e-02 
 2.227239e+01  1.818728e-02 
 2.227278e+01  1.705344e-02 
 2.227318e+01  1.560358e-02 
 2.227358e+01  1.393189e-02 
 2.227398e+01  1.211560e-02 
 2.227438e+01  1.024800e-02 
 2.227477e+01  8.437635e-03 
 2.227517e+01  6.768462e-03 
 2.227557e+01  5.326850e-03 
 2.227597e+01  4.171589e-03 
 2.227636e+01  3.343102e-03 
 2.227676e+01  2.873399e-03 
 2.227716e+01  2.770284e-03 
 2.227756e+01  3.016886e-03 
 2.227795e+01  3.569321e-03 
 2.227835e+01  4.416568e-03 
 2.227875e+01  5.568026e-03 
 2.227915e+01  6.947644e-03 
 2.227955e+01  8.523468e-03 
 2.227994e+01  1.024084e-02 
 2.228034e+01  1.198220e-02 
 2.228074e+01  1.368186e-02 
 2.228114e+01  1.526779e-02 
 2.228153e+01  1.664477e-02 
 2.228193e+01  1.777123e-02 
 2.228233e+01  1.861372e-02 
 2.228273e+01  1.913175e-02 
 2.228312e+01  1.927973e-02 
 2.228352e+01  1.909309e-02 
 2.228392e+01  1.854974e-02 
 2.228432e+01  1.772137e-02 
 2.228472e+01  1.671383e-02 
 2.228511e+01  1.557345e-02 
 2.228551e+01  1.437616e-02 
 2.228591e+01  1.324262e-02 
 2.228631e+01  1.222251e-02 
 2.228670e+01  1.133783e-02 
 2.228710e+01  1.066561e-02 
 2.228750e+01  1.022065e-02 
 2.228790e+01  9.981959e-03 
 2.228829e+01  9.914708e-03 
 2.228869e+01  9.917543e-03 
 2.228909e+01  9.895575e-03 
 2.228949e+01  9.781894e-03 
 2.228989e+01  9.519277e-03 
 2.229028e+01  9.053351e-03 
 2.229068e+01  8.377268e-03 
 2.229108e+01  7.477624e-03 
 2.229148e+01  6.338791e-03 
 2.229187e+01  5.017358e-03 
 2.229227e+01  3.576227e-03 
 2.229267e+01  2.070553e-03 
 2.229307e+01  6.048136e-04 
 2.229346e+01 -6.766942e-04 
 2.229386e+01 -1.684581e-03 
 2.229426e+01 -2.307662e-03 
 2.229466e+01 -2.455634e-03 
 2.229506e+01 -2.109692e-03 
 2.229545e+01 -1.278577e-03 
 2.229585e+01  1.843143e-05 
 2.229625e+01  1.728595e-03 
 2.229665e+01  3.760413e-03 
 2.229704e+01  5.990434e-03 
 2.229744e+01  8.340186e-03 
 2.229784e+01  1.063136e-02 
 2.229824e+01  1.272923e-02 
 2.229863e+01  1.453874e-02 
 2.229903e+01  1.593167e-02 
 2.229943e+01  1.687111e-02 
 2.229983e+01  1.732500e-02 
 2.230023e+01  1.727018e-02 
 2.230062e+01  1.674324e-02 
 2.230102e+01  1.581587e-02 
 2.230142e+01  1.453242e-02 
 2.230182e+01  1.298734e-02 
 2.230221e+01  1.126502e-02 
 2.230261e+01  9.480900e-03 
 2.230301e+01  7.718328e-03 
 2.230341e+01  6.103811e-03 
 2.230380e+01  4.682093e-03 
 2.230420e+01  3.476510e-03 
 2.230460e+01  2.534448e-03 
 2.230500e+01  1.841278e-03 
 2.230540e+01  1.381418e-03 
 2.230579e+01  1.176850e-03 
 2.230619e+01  1.159316e-03 
 2.230659e+01  1.260348e-03 
 2.230699e+01  1.424496e-03 
 2.230738e+01  1.583297e-03 
 2.230778e+01  1.717700e-03 
 2.230818e+01  1.826116e-03 
 2.230858e+01  1.855649e-03 
 2.230897e+01  1.784920e-03 
 2.230937e+01  1.590522e-03 
 2.230977e+01  1.281543e-03 
 2.231017e+01  9.015270e-04 
 2.231057e+01  4.849835e-04 
 2.231096e+01  1.277564e-04 
 2.231136e+01 -1.062525e-04 
 2.231176e+01 -1.585777e-04 
 2.231216e+01  2.121404e-05 
 2.231255e+01  4.255832e-04 
 2.231295e+01  1.023989e-03 
 2.231335e+01  1.809307e-03 
 2.231375e+01  2.778633e-03 
 2.231414e+01  3.915362e-03 
 2.231454e+01  5.154474e-03 
 2.231494e+01  6.411655e-03 
 2.231534e+01  7.572559e-03 
 2.231574e+01  8.539825e-03 
 2.231613e+01  9.222291e-03 
 2.231653e+01  9.582104e-03 
 2.231693e+01  9.564112e-03 
 2.231733e+01  9.176353e-03 
 2.231772e+01  8.417932e-03 
 2.231812e+01  7.324615e-03 
 2.231852e+01  5.972626e-03 
 2.231892e+01  4.397878e-03 
 2.231931e+01  2.676813e-03 
 2.231971e+01  9.310877e-04 
 2.232011e+01 -7.631887e-04 
 2.232051e+01 -2.317652e-03 
 2.232091e+01 -3.651295e-03 
 2.232130e+01 -4.713037e-03 
 2.232170e+01 -5.476866e-03 
 2.232210e+01 -5.898702e-03 
 2.232250e+01 -5.954979e-03 
 2.232289e+01 -5.647256e-03 
 2.232329e+01 -5.009590e-03 
 2.232369e+01 -4.100315e-03 
 2.232409e+01 -2.978758e-03 
 2.232448e+01 -1.703639e-03 
 2.232488e+01 -3.669630e-04 
 2.232528e+01  9.821664e-04 
 2.232568e+01  2.271986e-03 
 2.232608e+01  3.484346e-03 
 2.232647e+01  4.555412e-03 
 2.232687e+01  5.481510e-03 
 2.232727e+01  6.225633e-03 
 2.232767e+01  6.770612e-03 
 2.232806e+01  7.122511e-03 
 2.232846e+01  7.287998e-03 
 2.232886e+01  7.304233e-03 
 2.232926e+01  7.186716e-03 
 2.232966e+01  6.976095e-03 
 2.233005e+01  6.707559e-03 
 2.233045e+01  6.417856e-03 
 2.233085e+01  6.114735e-03 
 2.233125e+01  5.817155e-03 
 2.233164e+01  5.555252e-03 
 2.233204e+01  5.342099e-03 
 2.233244e+01  5.164534e-03 
 2.233284e+01  4.981620e-03 
 2.233323e+01  4.716608e-03 
 2.233363e+01  4.364421e-03 
 2.233403e+01  3.895688e-03 
 2.233443e+01  3.305894e-03 
 2.233483e+01  2.602016e-03 
 2.233522e+01  1.795958e-03 
 2.233562e+01  9.194000e-04 
 2.233602e+01 -7.875003e-06 
 2.233642e+01 -9.639169e-04 
 2.233681e+01 -1.952374e-03 
 2.233721e+01 -2.929324e-03 
 2.233761e+01 -3.872442e-03 
 2.233801e+01 -4.781038e-03 
 2.233840e+01 -5.596084e-03 
 2.233880e+01 -6.278911e-03 
 2.233920e+01 -6.793156e-03 
 2.233960e+01 -7.110559e-03 
 2.234000e+01 -7.187778e-03 
 2.234039e+01 -7.031261e-03 
 2.234079e+01 -6.635303e-03 
 2.234119e+01 -5.998779e-03 
 2.234159e+01 -5.123163e-03 
 2.234198e+01 -4.016382e-03 
 2.234238e+01 -2.704070e-03 
 2.234278e+01 -1.243586e-03 
 2.234318e+01  3.363266e-04 
 2.234357e+01  1.940858e-03 
 2.234397e+01  3.446197e-03 
 2.234437e+01  4.772271e-03 
 2.234477e+01  5.875183e-03 
 2.234517e+01  6.719093e-03 
 2.234556e+01  7.295657e-03 
 2.234596e+01  7.585243e-03 
 2.234636e+01  7.597948e-03 
 2.234676e+01  7.348024e-03 
 2.234715e+01  6.863906e-03 
 2.234755e+01  6.158048e-03 
 2.234795e+01  5.281192e-03 
 2.234835e+01  4.291806e-03 
 2.234874e+01  3.264604e-03 
 2.234914e+01  2.232429e-03 
 2.234954e+01  1.250880e-03 
 2.234994e+01  3.339025e-04 
 2.235034e+01 -5.075514e-04 
 2.235073e+01 -1.227099e-03 
 2.235113e+01 -1.795904e-03 
 2.235153e+01 -2.225271e-03 
 2.235193e+01 -2.534552e-03 
 2.235232e+01 -2.732980e-03 
 2.235272e+01 -2.850585e-03 
 2.235312e+01 -2.884956e-03 
 2.235352e+01 -2.805338e-03 
 2.235391e+01 -2.564487e-03 
 2.235431e+01 -2.143293e-03 
 2.235471e+01 -1.521508e-03 
 2.235511e+01 -6.739354e-04 
 2.235551e+01  3.986449e-04 
 2.235590e+01  1.707537e-03 
 2.235630e+01  3.176225e-03 
 2.235670e+01  4.763316e-03 
 2.235710e+01  6.417215e-03 
 2.235749e+01  8.098192e-03 
 2.235789e+01  9.737426e-03 
 2.235829e+01  1.124359e-02 
 2.235869e+01  1.252331e-02 
 2.235908e+01  1.349045e-02 
 2.235948e+01  1.417954e-02 
 2.235988e+01  1.460439e-02 
 2.236028e+01  1.476064e-02 
 2.236068e+01  1.468104e-02 
 2.236107e+01  1.436620e-02 
 2.236147e+01  1.385988e-02 
 2.236187e+01  1.322943e-02 
 2.236227e+01  1.257757e-02 
 2.236266e+01  1.194598e-02 
 2.236306e+01  1.135925e-02 
 2.236346e+01  1.089953e-02 
 2.236386e+01  1.056663e-02 
 2.236425e+01  1.036120e-02 
 2.236465e+01  1.026237e-02 
 2.236505e+01  1.020138e-02 
 2.236545e+01  1.017230e-02 
 2.236585e+01  1.011849e-02 
 2.236624e+01  1.002114e-02 
 2.236664e+01  9.818503e-03 
 2.236704e+01  9.503224e-03 
 2.236744e+01  9.027966e-03 
 2.236783e+01  8.377001e-03 
 2.236823e+01  7.577409e-03 
 2.236863e+01  6.676972e-03 
 2.236903e+01  5.688865e-03 
 2.236942e+01  4.654327e-03 
 2.236982e+01  3.688549e-03 
 2.237022e+01  2.902005e-03 
 2.237062e+01  2.405803e-03 
 2.237102e+01  2.300945e-03 
 2.237141e+01  2.607661e-03 
 2.237181e+01  3.302340e-03 
 2.237221e+01  4.379074e-03 
 2.237261e+01  5.774668e-03 
 2.237300e+01  7.439687e-03 
 2.237340e+01  9.372910e-03 
 2.237380e+01  1.149535e-02 
 2.237420e+01  1.373437e-02 
 2.237459e+01  1.601356e-02 
 2.237499e+01  1.820287e-02 
 2.237539e+01  2.017054e-02 
 2.237579e+01  2.184523e-02 
 2.237619e+01  2.314911e-02 
 2.237658e+01  2.400733e-02 
 2.237698e+01  2.437430e-02 
 2.237738e+01  2.427170e-02 
 2.237778e+01  2.369155e-02 
 2.237817e+01  2.264020e-02 
 2.237857e+01  2.116484e-02 
 2.237897e+01  1.926676e-02 
 2.237937e+01  1.708558e-02 
 2.237976e+01  1.478804e-02 
 2.238016e+01  1.251536e-02 
 2.238056e+01  1.039216e-02 
 2.238096e+01  8.508966e-03 
 2.238136e+01  6.951298e-03 
 2.238175e+01  5.798179e-03 
 2.238215e+01  5.096640e-03 
 2.238255e+01  4.854198e-03 
 2.238295e+01  5.022382e-03 
 2.238334e+01  5.552315e-03 
 2.238374e+01  6.392221e-03 
 2.238414e+01  7.421677e-03 
 2.238454e+01  8.538083e-03 
 2.238493e+01  9.601655e-03 
 2.238533e+01  1.049925e-02 
 2.238573e+01  1.120416e-02 
 2.238613e+01  1.172545e-02 
 2.238653e+01  1.204035e-02 
 2.238692e+01  1.215822e-02 
 2.238732e+01  1.207480e-02 
 2.238772e+01  1.181085e-02 
 2.238812e+01  1.138817e-02 
 2.238851e+01  1.088811e-02 
 2.238891e+01  1.038884e-02 
 2.238931e+01  9.931938e-03 
 2.238971e+01  9.569501e-03 
 2.239010e+01  9.335984e-03 
 2.239050e+01  9.268798e-03 
 2.239090e+01  9.381918e-03 
 2.239130e+01  9.672214e-03 
 2.239170e+01  1.008119e-02 
 2.239209e+01  1.059222e-02 
 2.239249e+01  1.116066e-02 
 2.239289e+01  1.167708e-02 
 2.239329e+01  1.209854e-02 
 2.239368e+01  1.233675e-02 
 2.239408e+01  1.231932e-02 
 2.239448e+01  1.202151e-02 
 2.239488e+01  1.143925e-02 
 2.239527e+01  1.055678e-02 
 2.239567e+01  9.393884e-03 
 2.239607e+01  7.971884e-03 
 2.239647e+01  6.303973e-03 
 2.239687e+01  4.457710e-03 
 2.239726e+01  2.478495e-03 
 2.239766e+01  4.812407e-04 
 2.239806e+01 -1.451814e-03 
 2.239846e+01 -3.189897e-03 
 2.239885e+01 -4.675679e-03 
 2.239925e+01 -5.811435e-03 
 2.239965e+01 -6.519631e-03 
 2.240005e+01 -6.753762e-03 
 2.240044e+01 -6.531464e-03 
 2.240084e+01 -5.873046e-03 
 2.240124e+01 -4.794181e-03 
 2.240164e+01 -3.339113e-03 
 2.240204e+01 -1.551032e-03 
 2.240243e+01  4.776358e-04 
 2.240283e+01  2.614378e-03 
 2.240323e+01  4.772725e-03 
 2.240363e+01  6.828341e-03 
 2.240402e+01  8.664322e-03 
 2.240442e+01  1.018131e-02 
 2.240482e+01  1.131828e-02 
 2.240522e+01  1.206272e-02 
 2.240561e+01  1.242587e-02 
 2.240601e+01  1.245851e-02 
 2.240641e+01  1.218058e-02 
 2.240681e+01  1.159920e-02 
 2.240721e+01  1.078773e-02 
 2.240760e+01  9.809804e-03 
 2.240800e+01  8.744702e-03 
 2.240840e+01  7.671742e-03 
 2.240880e+01  6.649344e-03 
 2.240919e+01  5.731344e-03 
 2.240959e+01  4.964480e-03 
 2.240999e+01  4.365912e-03 
 2.241039e+01  3.876437e-03 
 2.241078e+01  3.482865e-03 
 2.241118e+01  3.171438e-03 
 2.241158e+01  2.892205e-03 
 2.241198e+01  2.627364e-03 
 2.241238e+01  2.328079e-03 
 2.241277e+01  1.932837e-03 
 2.241317e+01  1.371014e-03 
 2.241357e+01  6.370606e-04 
 2.241397e+01 -2.533653e-04 
 2.241436e+01 -1.233343e-03 
 2.241476e+01 -2.216128e-03 
 2.241516e+01 -3.130149e-03 
 2.241556e+01 -3.874795e-03 
 2.241595e+01 -4.369119e-03 
 2.241635e+01 -4.566867e-03 
 2.241675e+01 -4.462457e-03 
 2.241715e+01 -4.055343e-03 
 2.241755e+01 -3.371224e-03 
 2.241794e+01 -2.431054e-03 
 2.241834e+01 -1.285227e-03 
 2.241874e+01  1.860770e-05 
 2.241914e+01  1.400719e-03 
 2.241953e+01  2.805679e-03 
 2.241993e+01  4.132362e-03 
 2.242033e+01  5.340667e-03 
 2.242073e+01  6.331573e-03 
 2.242113e+01  7.047358e-03 
 2.242152e+01  7.504083e-03 
 2.242192e+01  7.728033e-03 
 2.242232e+01  7.711588e-03 
 2.242272e+01  7.446638e-03 
 2.242311e+01  6.955159e-03 
 2.242351e+01  6.276553e-03 
 2.242391e+01  5.451957e-03 
 2.242431e+01  4.521499e-03 
 2.242470e+01  3.518880e-03 
 2.242510e+01  2.461309e-03 
 2.242550e+01  1.429566e-03 
 2.242590e+01  4.144511e-04 
 2.242630e+01 -5.541087e-04 
 2.242669e+01 -1.485110e-03 
 2.242709e+01 -2.367368e-03 
 2.242749e+01 -3.177293e-03 
 2.242789e+01 -3.916526e-03 
 2.242828e+01 -4.536685e-03 
 2.242868e+01 -5.045752e-03 
 2.242908e+01 -5.401863e-03 
 2.242948e+01 -5.590067e-03 
 2.242987e+01 -5.561972e-03 
 2.243027e+01 -5.338350e-03 
 2.243067e+01 -4.943634e-03 
 2.243107e+01 -4.366451e-03 
 2.243147e+01 -3.632883e-03 
 2.243186e+01 -2.741622e-03 
 2.243226e+01 -1.768521e-03 
 2.243266e+01 -7.456213e-04 
 2.243306e+01  3.112531e-04 
 2.243345e+01  1.356033e-03 
 2.243385e+01  2.415754e-03 
 2.243425e+01  3.458639e-03 
 2.243465e+01  4.478789e-03 
 2.243504e+01  5.433592e-03 
 2.243544e+01  6.277523e-03 
 2.243584e+01  6.993743e-03 
 2.243624e+01  7.551343e-03 
 2.243664e+01  7.981754e-03 
 2.243703e+01  8.260035e-03 
 2.243743e+01  8.372402e-03 
 2.243783e+01  8.369308e-03 
 2.243823e+01  8.253918e-03 
 2.243862e+01  8.021688e-03 
 2.243902e+01  7.644338e-03 
 2.243942e+01  7.133225e-03 
 2.243982e+01  6.463266e-03 
 2.244021e+01  5.688860e-03 
 2.244061e+01  4.819789e-03 
 2.244101e+01  3.839549e-03 
 2.244141e+01  2.725813e-03 
 2.244181e+01  1.463291e-03 
 2.244220e+01  1.033970e-04 
 2.244260e+01 -1.261341e-03 
 2.244300e+01 -2.565395e-03 
 2.244340e+01 -3.736449e-03 
 2.244379e+01 -4.685481e-03 
 2.244419e+01 -5.399596e-03 
 2.244459e+01 -5.870817e-03 
 2.244499e+01 -6.112736e-03 
 2.244538e+01 -6.110244e-03 
 2.244578e+01 -5.888943e-03 
 2.244618e+01 -5.457056e-03 
 2.244658e+01 -4.835542e-03 
 2.244698e+01 -4.042008e-03 
 2.244737e+01 -3.084630e-03 
 2.244777e+01 -1.995970e-03 
 2.244817e+01 -8.041849e-04 
 2.244857e+01  4.470055e-04 
 2.244896e+01  1.749941e-03 
 2.244936e+01  3.100673e-03 
 2.244976e+01  4.491944e-03 
 2.245016e+01  5.926489e-03 
 2.245055e+01  7.364786e-03 
 2.245095e+01  8.753309e-03 
 2.245135e+01  1.008131e-02 
 2.245175e+01  1.127889e-02 
 2.245215e+01  1.231107e-02 
 2.245254e+01  1.314346e-02 
 2.245294e+01  1.374611e-02 
 2.245334e+01  1.416190e-02 
 2.245374e+01  1.439062e-02 
 2.245413e+01  1.441898e-02 
 2.245453e+01  1.421397e-02 
 2.245493e+01  1.376541e-02 
 2.245533e+01  1.307693e-02 
 2.245572e+01  1.216640e-02 
 2.245612e+01  1.108121e-02 
 2.245652e+01  9.886186e-03 
 2.245692e+01  8.623298e-03 
 2.245732e+01  7.353405e-03 
 2.245771e+01  6.142227e-03 
 2.245811e+01  5.030143e-03 
 2.245851e+01  4.066977e-03 
 2.245891e+01  3.315288e-03 
 2.245930e+01  2.809600e-03 
 2.245970e+01  2.586181e-03 
 2.246010e+01  2.715564e-03 
 2.246050e+01  3.145237e-03 
 2.246089e+01  3.844405e-03 
 2.246129e+01  4.778763e-03 
 2.246169e+01  5.899104e-03 
 2.246209e+01  7.137685e-03 
 2.246249e+01  8.460506e-03 
 2.246288e+01  9.790369e-03 
 2.246328e+01  1.105208e-02 
 2.246368e+01  1.219336e-02 
 2.246408e+01  1.315310e-02 
 2.246447e+01  1.390379e-02 
 2.246487e+01  1.443909e-02 
 2.246527e+01  1.477488e-02 
 2.246567e+01  1.494169e-02 
 2.246606e+01  1.502026e-02 
 2.246646e+01  1.502863e-02 
 2.246686e+01  1.497664e-02 
 2.246726e+01  1.493095e-02 
 2.246766e+01  1.491964e-02 
 2.246805e+01  1.499257e-02 
 2.246845e+01  1.513415e-02 
 2.246885e+01  1.536510e-02 
 2.246925e+01  1.564178e-02 
 2.246964e+01  1.592027e-02 
 2.247004e+01  1.612750e-02 
 2.247044e+01  1.616929e-02 
 2.247084e+01  1.602479e-02 
 2.247123e+01  1.569747e-02 
 2.247163e+01  1.516435e-02 
 2.247203e+01  1.439566e-02 
 2.247243e+01  1.338019e-02 
 2.247283e+01  1.209558e-02 
 2.247322e+01  1.054430e-02 
 2.247362e+01  8.773559e-03 
 2.247402e+01  6.861349e-03 
 2.247442e+01  4.864303e-03 
 2.247481e+01  2.907453e-03 
 2.247521e+01  1.117815e-03 
 2.247561e+01 -3.973991e-04 
 2.247601e+01 -1.565286e-03 
 2.247640e+01 -2.323822e-03 
 2.247680e+01 -2.621680e-03 
 2.247720e+01 -2.393989e-03 
 2.247760e+01 -1.597583e-03 
 2.247800e+01 -3.237872e-04 
 2.247839e+01  1.414540e-03 
 2.247879e+01  3.489348e-03 
 2.247919e+01  5.809709e-03 
 2.247959e+01  8.215683e-03 
 2.247998e+01  1.058454e-02 
 2.248038e+01  1.277872e-02 
 2.248078e+01  1.469000e-02 
 2.248118e+01  1.625597e-02 
 2.248157e+01  1.739732e-02 
 2.248197e+01  1.808668e-02 
 2.248237e+01  1.832702e-02 
 2.248277e+01  1.809603e-02 
 2.248317e+01  1.741735e-02 
 2.248356e+01  1.640659e-02 
 2.248396e+01  1.515646e-02 
 2.248436e+01  1.377931e-02 
 2.248476e+01  1.240051e-02 
 2.248515e+01  1.108663e-02 
 2.248555e+01  9.888003e-03 
 2.248595e+01  8.851340e-03 
 2.248635e+01  8.018001e-03 
 2.248674e+01  7.334252e-03 
 2.248714e+01  6.795746e-03 
 2.248754e+01  6.369754e-03 
 2.248794e+01  6.017779e-03 
 2.248834e+01  5.748066e-03 
 2.248873e+01  5.508598e-03 
 2.248913e+01  5.243547e-03 
 2.248953e+01  4.944567e-03 
 2.248993e+01  4.569394e-03 
 2.249032e+01  4.135033e-03 
 2.249072e+01  3.603682e-03 
 2.249112e+01  3.032523e-03 
 2.249152e+01  2.450893e-03 
 2.249191e+01  1.904571e-03 
 2.249231e+01  1.418712e-03 
 2.249271e+01  1.040772e-03 
 2.249311e+01  7.941903e-04 
 2.249351e+01  7.089321e-04 
 2.249390e+01  8.089206e-04 
 2.249430e+01  1.090813e-03 
 2.249470e+01  1.591791e-03 
 2.249510e+01  2.316401e-03 
 2.249549e+01  3.186315e-03 
 2.249589e+01  4.211077e-03 
 2.249629e+01  5.342782e-03 
 2.249669e+01  6.523744e-03 
 2.249708e+01  7.750876e-03 
 2.249748e+01  8.987388e-03 
 2.249788e+01  1.015837e-02 
 2.249828e+01  1.120544e-02 
 2.249868e+01  1.204882e-02 
 2.249907e+01  1.270423e-02 
 2.249947e+01  1.312267e-02 
 2.249987e+01  1.328691e-02 
 2.250027e+01  1.315024e-02 
 2.250066e+01  1.269009e-02 
 2.250106e+01  1.189610e-02 
 2.250146e+01  1.074914e-02 
 2.250186e+01  9.256240e-03 
 2.250225e+01  7.497621e-03 
 2.250265e+01  5.577805e-03 
 2.250305e+01  3.578044e-03 
 2.250345e+01  1.597566e-03 
 2.250385e+01 -2.485378e-04 
 2.250424e+01 -1.882628e-03 
 2.250464e+01 -3.208517e-03 
 2.250504e+01 -4.156512e-03 
 2.250544e+01 -4.663513e-03 
 2.250583e+01 -4.703961e-03 
 2.250623e+01 -4.298771e-03 
 2.250663e+01 -3.510106e-03 
 2.250703e+01 -2.416018e-03 
 2.250742e+01 -1.088484e-03 
 2.250782e+01  3.700523e-04 
 2.250822e+01  1.884919e-03 
 2.250862e+01  3.398999e-03 
 2.250902e+01  4.791191e-03 
 2.250941e+01  6.027637e-03 
 2.250981e+01  7.047746e-03 
 2.251021e+01  7.856622e-03 
 2.251061e+01  8.428195e-03 
 2.251100e+01  8.782242e-03 
 2.251140e+01  8.993843e-03 
 2.251180e+01  9.106199e-03 
 2.251220e+01  9.191932e-03 
 2.251260e+01  9.296417e-03 
 2.251299e+01  9.441083e-03 
 2.251339e+01  9.656345e-03 
 2.251379e+01  9.942773e-03 
 2.251419e+01  1.024051e-02 
 2.251458e+01  1.049265e-02 
 2.251498e+01  1.068745e-02 
 2.251538e+01  1.077452e-02 
 2.251578e+01  1.073620e-02 
 2.251617e+01  1.055103e-02 
 2.251657e+01  1.019899e-02 
 2.251697e+01  9.705757e-03 
 2.251737e+01  9.042461e-03 
 2.251777e+01  8.186617e-03 
 2.251816e+01  7.106113e-03 
 2.251856e+01  5.823243e-03 
 2.251896e+01  4.327048e-03 
 2.251936e+01  2.713185e-03 
 2.251975e+01  9.889399e-04 
 2.252015e+01 -7.365276e-04 
 2.252055e+01 -2.418736e-03 
 2.252095e+01 -3.965688e-03 
 2.252134e+01 -5.285141e-03 
 2.252174e+01 -6.371093e-03 
 2.252214e+01 -7.180379e-03 
 2.252254e+01 -7.635410e-03 
 2.252294e+01 -7.706330e-03 
 2.252333e+01 -7.385667e-03 
 2.252373e+01 -6.668734e-03 
 2.252413e+01 -5.659818e-03 
 2.252453e+01 -4.412115e-03 
 2.252492e+01 -3.008087e-03 
 2.252532e+01 -1.555724e-03 
 2.252572e+01 -1.444067e-04 
 2.252612e+01  1.195047e-03 
 2.252651e+01  2.409457e-03 
 2.252691e+01  3.457522e-03 
 2.252731e+01  4.313185e-03 
 2.252771e+01  4.994004e-03 
 2.252811e+01  5.480682e-03 
 2.252850e+01  5.771347e-03 
 2.252890e+01  5.907090e-03 
 2.252930e+01  5.862570e-03 
 2.252970e+01  5.664016e-03 
 2.253009e+01  5.356738e-03 
 2.253049e+01  4.923269e-03 
 2.253089e+01  4.386674e-03 
 2.253129e+01  3.764869e-03 
 2.253168e+01  3.068051e-03 
 2.253208e+01  2.346079e-03 
 2.253248e+01  1.621624e-03 
 2.253288e+01  8.943232e-04 
 2.253328e+01  1.238859e-04 
 2.253367e+01 -6.587799e-04 
 2.253407e+01 -1.483480e-03 
 2.253447e+01 -2.357634e-03 
 2.253487e+01 -3.220045e-03 
 2.253526e+01 -4.032733e-03 
 2.253566e+01 -4.740459e-03 
 2.253606e+01 -5.264501e-03 
 2.253646e+01 -5.585302e-03 
 2.253685e+01 -5.678856e-03 
 2.253725e+01 -5.525232e-03 
 2.253765e+01 -5.124105e-03 
 2.253805e+01 -4.554087e-03 
 2.253845e+01 -3.832214e-03 
 2.253884e+01 -2.973924e-03 
 2.253924e+01 -2.022946e-03 
 2.253964e+01 -1.015496e-03 
 2.254004e+01  6.163748e-05 
 2.254043e+01  1.168880e-03 
 2.254083e+01  2.284760e-03 
 2.254123e+01  3.384236e-03 
 2.254163e+01  4.449026e-03 
 2.254202e+01  5.424434e-03 
 2.254242e+01  6.302009e-03 
 2.254282e+01  7.055705e-03 
 2.254322e+01  7.648823e-03 
 2.254362e+01  8.150317e-03 
 2.254401e+01  8.533314e-03 
 2.254441e+01  8.801059e-03 
 2.254481e+01  8.998897e-03 
 2.254521e+01  9.172100e-03 
 2.254560e+01  9.236234e-03 
 2.254600e+01  9.224471e-03 
 2.254640e+01  9.155111e-03 
 2.254680e+01  8.969374e-03 
 2.254719e+01  8.680953e-03 
 2.254759e+01  8.225794e-03 
 2.254799e+01  7.623172e-03 
 2.254839e+01  6.868457e-03 
 2.254879e+01  5.970880e-03 
 2.254918e+01  4.904171e-03 
 2.254958e+01  3.670838e-03 
 2.254998e+01  2.353217e-03 
 2.255038e+01  9.830873e-04 
 2.255077e+01 -3.706149e-04 
 2.255117e+01 -1.569068e-03 
 2.255157e+01 -2.558158e-03 
 2.255197e+01 -3.310196e-03 
 2.255236e+01 -3.747938e-03 
 2.255276e+01 -3.893780e-03 
 2.255316e+01 -3.772900e-03 
 2.255356e+01 -3.373186e-03 
 2.255396e+01 -2.713228e-03 
 2.255435e+01 -1.808363e-03 
 2.255475e+01 -6.217932e-04 
 2.255515e+01  8.159467e-04 
 2.255555e+01  2.489747e-03 
 2.255594e+01  4.353842e-03 
 2.255634e+01  6.371241e-03 
 2.255674e+01  8.412735e-03 
 2.255714e+01  1.038659e-02 
 2.255753e+01  1.225511e-02 
 2.255793e+01  1.388157e-02 
 2.255833e+01  1.520457e-02 
 2.255873e+01  1.620836e-02 
 2.255913e+01  1.685858e-02 
 2.255952e+01  1.715102e-02 
 2.255992e+01  1.710620e-02 
 2.256032e+01  1.673771e-02 
 2.256072e+01  1.612860e-02 
 2.256111e+01  1.535212e-02 
 2.256151e+01  1.446283e-02 
 2.256191e+01  1.345308e-02 
 2.256231e+01  1.240009e-02 
 2.256270e+01  1.134178e-02 
 2.256310e+01  1.026872e-02 
 2.256350e+01  9.244841e-03 
 2.256390e+01  8.335807e-03 
 2.256430e+01  7.523527e-03 
 2.256469e+01  6.865256e-03 
 2.256509e+01  6.397570e-03 
 2.256549e+01  6.070940e-03 
 2.256589e+01  5.867094e-03 
 2.256628e+01  5.782185e-03 
 2.256668e+01  5.774767e-03 
 2.256708e+01  5.886602e-03 
 2.256748e+01  6.113401e-03 
 2.256787e+01  6.377518e-03 
 2.256827e+01  6.669614e-03 
 2.256867e+01  7.019840e-03 
 2.256907e+01  7.328520e-03 
 2.256947e+01  7.537596e-03 
 2.256986e+01  7.652151e-03 
 2.257026e+01  7.684680e-03 
 2.257066e+01  7.650232e-03 
 2.257106e+01  7.601188e-03 
 2.257145e+01  7.633842e-03 
 2.257185e+01  7.766798e-03 
 2.257225e+01  8.056854e-03 
 2.257265e+01  8.554704e-03 
 2.257304e+01  9.232247e-03 
 2.257344e+01  1.011474e-02 
 2.257384e+01  1.117121e-02 
 2.257424e+01  1.232874e-02 
 2.257464e+01  1.354285e-02 
 2.257503e+01  1.477521e-02 
 2.257543e+01  1.589417e-02 
 2.257583e+01  1.682183e-02 
 2.257623e+01  1.748850e-02 
 2.257662e+01  1.778186e-02 
 2.257702e+01  1.764728e-02 
 2.257742e+01  1.706681e-02 
 2.257782e+01  1.604733e-02 
 2.257821e+01  1.460545e-02 
 2.257861e+01  1.279185e-02 
 2.257901e+01  1.071701e-02 
 2.257941e+01  8.485357e-03 
 2.257981e+01  6.239537e-03 
 2.258020e+01  4.096005e-03 
 2.258060e+01  2.112590e-03 
 2.258100e+01  3.973461e-04 
 2.258140e+01 -9.453551e-04 
 2.258179e+01 -1.936827e-03 
 2.258219e+01 -2.519551e-03 
 2.258259e+01 -2.668066e-03 
 2.258299e+01 -2.367084e-03 
 2.258338e+01 -1.626174e-03 
 2.258378e+01 -5.212280e-04 
 2.258418e+01  8.866381e-04 
 2.258458e+01  2.499438e-03 
 2.258498e+01  4.260208e-03 
 2.258537e+01  6.061865e-03 
 2.258577e+01  7.824965e-03 
 2.258617e+01  9.515996e-03 
 2.258657e+01  1.104391e-02 
 2.258696e+01  1.236649e-02 
 2.258736e+01  1.346341e-02 
 2.258776e+01  1.430499e-02 
 2.258816e+01  1.486404e-02 
 2.258855e+01  1.517608e-02 
 2.258895e+01  1.528061e-02 
 2.258935e+01  1.521684e-02 
 2.258975e+01  1.501417e-02 
 2.259015e+01  1.471292e-02 
 2.259054e+01  1.437522e-02 
 2.259094e+01  1.404916e-02 
 2.259134e+01  1.374858e-02 
 2.259174e+01  1.349773e-02 
 2.259213e+01  1.333118e-02 
 2.259253e+01  1.323231e-02 
 2.259293e+01  1.317076e-02 
 2.259333e+01  1.308319e-02 
 2.259372e+01  1.296486e-02 
 2.259412e+01  1.276326e-02 
 2.259452e+01  1.240676e-02 
 2.259492e+01  1.190269e-02 
 2.259532e+01  1.124156e-02 
 2.259571e+01  1.043058e-02 
 2.259611e+01  9.493789e-03 
 2.259651e+01  8.421659e-03 
 2.259691e+01  7.248425e-03 
 2.259730e+01  5.999973e-03 
 2.259770e+01  4.727546e-03 
 2.259810e+01  3.495528e-03 
 2.259850e+01  2.366552e-03 
 2.259889e+01  1.423527e-03 
 2.259929e+01  7.207773e-04 
 2.259969e+01  3.155029e-04 
 2.260009e+01  2.522853e-04 
 2.260049e+01  5.315614e-04 
 2.260088e+01  1.158255e-03 
 2.260128e+01  2.116346e-03 
 2.260168e+01  3.345379e-03 
 2.260208e+01  4.755513e-03 
 2.260247e+01  6.278110e-03 
 2.260287e+01  7.819817e-03 
 2.260327e+01  9.318587e-03 
 2.260367e+01  1.068191e-02 
 2.260407e+01  1.180562e-02 
 2.260446e+01  1.262428e-02 
 2.260486e+01  1.314867e-02 
 2.260526e+01  1.337017e-02 
 2.260566e+01  1.328279e-02 
 2.260605e+01  1.291983e-02 
 2.260645e+01  1.233001e-02 
 2.260685e+01  1.156313e-02 
 2.260725e+01  1.064985e-02 
 2.260764e+01  9.597968e-03 
 2.260804e+01  8.438042e-03 
 2.260844e+01  7.193049e-03 
 2.260884e+01  5.929819e-03 
 2.260924e+01  4.664918e-03 
 2.260963e+01  3.454129e-03 
 2.261003e+01  2.346207e-03 
 2.261043e+01  1.341859e-03 
 2.261083e+01  4.906249e-04 
 2.261122e+01 -1.725865e-04 
 2.261162e+01 -6.697725e-04 
 2.261202e+01 -1.043124e-03 
 2.261242e+01 -1.276108e-03 
 2.261281e+01 -1.382775e-03 
 2.261321e+01 -1.420991e-03 
 2.261361e+01 -1.422385e-03 
 2.261401e+01 -1.362183e-03 
 2.261441e+01 -1.269389e-03 
 2.261480e+01 -1.138018e-03 
 2.261520e+01 -9.756277e-04 
 2.261560e+01 -8.096436e-04 
 2.261600e+01 -6.354855e-04 
 2.261639e+01 -4.401583e-04 
 2.261679e+01 -2.510291e-04 
 2.261719e+01 -4.093640e-05 
 2.261759e+01  2.256724e-04 
 2.261798e+01  5.309372e-04 
 2.261838e+01  9.294582e-04 
 2.261878e+01  1.436695e-03 
 2.261918e+01  2.054155e-03 
 2.261958e+01  2.751197e-03 
 2.261997e+01  3.516290e-03 
 2.262037e+01  4.280188e-03 
 2.262077e+01  5.007891e-03 
 2.262117e+01  5.666421e-03 
 2.262156e+01  6.187377e-03 
 2.262196e+01  6.493746e-03 
 2.262236e+01  6.558672e-03 
 2.262276e+01  6.333970e-03 
 2.262315e+01  5.791566e-03 
 2.262355e+01  4.950234e-03 
 2.262395e+01  3.858346e-03 
 2.262435e+01  2.540169e-03 
 2.262475e+01  1.085181e-03 
 2.262514e+01 -4.203399e-04 
 2.262554e+01 -1.939681e-03 
 2.262594e+01 -3.425290e-03 
 2.262634e+01 -4.841064e-03 
 2.262673e+01 -6.147803e-03 
 2.262713e+01 -7.280446e-03 
 2.262753e+01 -8.167856e-03 
 2.262793e+01 -8.835986e-03 
 2.262832e+01 -9.240403e-03 
 2.262872e+01 -9.369801e-03 
 2.262912e+01 -9.226153e-03 
 2.262952e+01 -8.830940e-03 
 2.262992e+01 -8.206071e-03 
 2.263031e+01 -7.388337e-03 
 2.263071e+01 -6.440804e-03 
 2.263111e+01 -5.425913e-03 
 2.263151e+01 -4.404533e-03 
 2.263190e+01 -3.434803e-03 
 2.263230e+01 -2.561107e-03 
 2.263270e+01 -1.799058e-03 
 2.263310e+01 -1.168202e-03 
 2.263349e+01 -6.123483e-04 
 2.263389e+01 -9.128014e-05 
 2.263429e+01  4.225255e-04 
 2.263469e+01  9.979359e-04 
 2.263509e+01  1.617755e-03 
 2.263548e+01  2.188328e-03 
 2.263588e+01  2.695246e-03 
 2.263628e+01  3.138192e-03 
 2.263668e+01  3.505993e-03 
 2.263707e+01  3.736440e-03 
 2.263747e+01  3.842651e-03 
 2.263787e+01  3.813783e-03 
 2.263827e+01  3.634825e-03 
 2.263866e+01  3.345049e-03 
 2.263906e+01  2.925426e-03 
 2.263946e+01  2.412414e-03 
 2.263986e+01  1.845846e-03 
 2.264026e+01  1.256748e-03 
 2.264065e+01  7.297454e-04 
 2.264105e+01  2.866970e-04 
 2.264145e+01 -4.343867e-05 
 2.264185e+01 -2.800327e-04 
 2.264224e+01 -4.141537e-04 
 2.264264e+01 -4.271490e-04 
 2.264304e+01 -3.164145e-04 
 2.264344e+01 -9.320984e-05 
 2.264383e+01  2.483166e-04 
 2.264423e+01  6.705599e-04 
 2.264463e+01  1.156266e-03 
 2.264503e+01  1.702126e-03 
 2.264543e+01  2.266999e-03 
 2.264582e+01  2.835511e-03 
 2.264622e+01  3.402291e-03 
 2.264662e+01  3.961580e-03 
 2.264702e+01  4.530144e-03 
 2.264741e+01  5.124165e-03 
 2.264781e+01  5.741936e-03 
 2.264821e+01  6.378764e-03 
 2.264861e+01  7.081971e-03 
 2.264900e+01  7.880576e-03 
 2.264940e+01  8.777482e-03 
 2.264980e+01  9.761648e-03 
 2.265020e+01  1.078620e-02 
 2.265060e+01  1.179397e-02 
 2.265099e+01  1.274667e-02 
 2.265139e+01  1.358830e-02 
 2.265179e+01  1.421584e-02 
 2.265219e+01  1.462798e-02 
 2.265258e+01  1.481430e-02 
 2.265298e+01  1.474519e-02 
 2.265338e+01  1.443037e-02 
 2.265378e+01  1.384301e-02 
 2.265417e+01  1.300513e-02 
 2.265457e+01  1.191336e-02 
 2.265497e+01  1.062732e-02 
 2.265537e+01  9.173817e-03 
 2.265577e+01  7.592254e-03 
 2.265616e+01  5.961146e-03 
 2.265656e+01  4.370315e-03 
 2.265696e+01  2.897117e-03 
 2.265736e+01  1.637588e-03 
 2.265775e+01  6.081145e-04 
 2.265815e+01 -1.380185e-04 
 2.265855e+01 -4.935629e-04 
 2.265895e+01 -5.088968e-04 
 2.265934e+01 -1.900205e-04 
 2.265974e+01  4.307301e-04 
 2.266014e+01  1.313394e-03 
 2.266054e+01  2.401723e-03 
 2.266094e+01  3.662721e-03 
 2.266133e+01  5.062892e-03 
 2.266173e+01  6.516419e-03 
 2.266213e+01  7.986741e-03 
 2.266253e+01  9.417804e-03 
 2.266292e+01  1.077737e-02 
 2.266332e+01  1.202988e-02 
 2.266372e+01  1.313993e-02 
 2.266412e+01  1.407192e-02 
 2.266451e+01  1.479265e-02 
 2.266491e+01  1.532418e-02 
 2.266531e+01  1.563978e-02 
 2.266571e+01  1.573967e-02 
 2.266611e+01  1.565853e-02 
 2.266650e+01  1.540793e-02 
 2.266690e+01  1.501285e-02 
 2.266730e+01  1.455297e-02 
 2.266770e+01  1.404596e-02 
 2.266809e+01  1.351875e-02 
 2.266849e+01  1.304089e-02 
 2.266889e+01  1.264438e-02 
 2.266929e+01  1.235098e-02 
 2.266968e+01  1.217564e-02 
 2.267008e+01  1.206437e-02 
 2.267048e+01  1.197479e-02 
 2.267088e+01  1.188738e-02 
 2.267128e+01  1.176285e-02 
 2.267167e+01  1.154238e-02 
 2.267207e+01  1.120470e-02 
 2.267247e+01  1.077837e-02 
 2.267287e+01  1.026159e-02 
 2.267326e+01  9.627152e-03 
 2.267366e+01  8.923007e-03 
 2.267406e+01  8.125134e-03 
 2.267446e+01  7.261857e-03 
 2.267485e+01  6.407651e-03 
 2.267525e+01  5.595991e-03 
 2.267565e+01  4.867115e-03 
 2.267605e+01  4.320560e-03 
 2.267645e+01  3.965739e-03 
 2.267684e+01  3.827630e-03 
 2.267724e+01  3.958830e-03 
 2.267764e+01  4.385266e-03 
 2.267804e+01  5.061498e-03 
 2.267843e+01  6.001624e-03 
 2.267883e+01  7.208892e-03 
 2.267923e+01  8.603570e-03 
 2.267963e+01  1.011541e-02 
 2.268002e+01  1.168846e-02 
 2.268042e+01  1.323180e-02 
 2.268082e+01  1.467420e-02 
 2.268122e+01  1.589352e-02 
 2.268162e+01  1.682386e-02 
 2.268201e+01  1.739660e-02 
 2.268241e+01  1.758607e-02 
 2.268281e+01  1.734337e-02 
 2.268321e+01  1.664749e-02 
 2.268360e+01  1.556450e-02 
 2.268400e+01  1.414053e-02 
 2.268440e+01  1.244622e-02 
 2.268480e+01  1.058829e-02 
 2.268519e+01  8.663930e-03 
 2.268559e+01  6.757626e-03 
 2.268599e+01  4.971696e-03 
 2.268639e+01  3.396814e-03 
 2.268679e+01  2.076408e-03 
 2.268718e+01  1.073736e-03 
 2.268758e+01  4.227497e-04 
 2.268798e+01  1.249877e-04 
 2.268838e+01  1.987206e-04 
 2.268877e+01  6.401377e-04 
 2.268917e+01  1.378638e-03 
 2.268957e+01  2.370501e-03 
 2.268997e+01  3.559408e-03 
 2.269036e+01  4.833212e-03 
 2.269076e+01  6.095433e-03 
 2.269116e+01  7.291191e-03 
 2.269156e+01  8.335240e-03 
 2.269196e+01  9.199204e-03 
 2.269235e+01  9.849352e-03 
 2.269275e+01  1.029685e-02 
 2.269315e+01  1.053696e-02 
 2.269355e+01  1.061692e-02 
 2.269394e+01  1.056968e-02 
 2.269434e+01  1.044408e-02 
 2.269474e+01  1.032509e-02 
 2.269514e+01  1.027425e-02 
 2.269554e+01  1.031809e-02 
 2.269593e+01  1.049928e-02 
 2.269633e+01  1.084756e-02 
 2.269673e+01  1.131933e-02 
 2.269713e+01  1.190855e-02 
 2.269752e+01  1.256621e-02 
 2.269792e+01  1.320449e-02 
 2.269832e+01  1.380508e-02 
 2.269872e+01  1.426039e-02 
 2.269911e+01  1.446705e-02 
 2.269951e+01  1.440237e-02 
 2.269991e+01  1.400415e-02 
 2.270031e+01  1.325657e-02 
 2.270071e+01  1.219060e-02 
 2.270110e+01  1.085177e-02 
 2.270150e+01  9.277815e-03 
 2.270190e+01  7.529393e-03 
 2.270230e+01  5.716508e-03 
 2.270269e+01  3.920451e-03 
 2.270309e+01  2.201436e-03 
 2.270349e+01  6.300792e-04 
 2.270389e+01 -6.921196e-04 
 2.270428e+01 -1.732505e-03 
 2.270468e+01 -2.444620e-03 
 2.270508e+01 -2.850876e-03 
 2.270548e+01 -3.005826e-03 
 2.270588e+01 -2.934826e-03 
 2.270627e+01 -2.651684e-03 
 2.270667e+01 -2.201566e-03 
 2.270707e+01 -1.609822e-03 
 2.270747e+01 -9.147957e-04 
 2.270786e+01 -1.547951e-04 
 2.270826e+01  6.315300e-04 
 2.270866e+01  1.453883e-03 
 2.270906e+01  2.271459e-03 
 2.270945e+01  3.020847e-03 
 2.270985e+01  3.695023e-03 
 2.271025e+01  4.243024e-03 
 2.271065e+01  4.674423e-03 
 2.271105e+01  4.983197e-03 
 2.271144e+01  5.138802e-03 
 2.271184e+01  5.134040e-03 
 2.271224e+01  4.998389e-03 
 2.271264e+01  4.739454e-03 
 2.271303e+01  4.357485e-03 
 2.271343e+01  3.908646e-03 
 2.271383e+01  3.391247e-03 
 2.271423e+01  2.806566e-03 
 2.271462e+01  2.168081e-03 
 2.271502e+01  1.513121e-03 
 2.271542e+01  8.254502e-04 
 2.271582e+01  1.172041e-04 
 2.271622e+01 -5.790188e-04 
 2.271661e+01 -1.229055e-03 
 2.271701e+01 -1.803372e-03 
 2.271741e+01 -2.272230e-03 
 2.271781e+01 -2.659406e-03 
 2.271820e+01 -2.965368e-03 
 2.271860e+01 -3.182854e-03 
 2.271900e+01 -3.327670e-03 
 2.271940e+01 -3.418362e-03 
 2.271979e+01 -3.438935e-03 
 2.272019e+01 -3.412444e-03 
 2.272059e+01 -3.349393e-03 
 2.272099e+01 -3.245944e-03 
 2.272139e+01 -3.112989e-03 
 2.272178e+01 -2.900275e-03 
 2.272218e+01 -2.601762e-03 
 2.272258e+01 -2.197496e-03 
 2.272298e+01 -1.663751e-03 
 2.272337e+01 -1.011160e-03 
 2.272377e+01 -2.518526e-04 
 2.272417e+01  5.753026e-04 
 2.272457e+01  1.453986e-03 
 2.272496e+01  2.372274e-03 
 2.272536e+01  3.248816e-03 
 2.272576e+01  4.051322e-03 
 2.272616e+01  4.782128e-03 
 2.272656e+01  5.383926e-03 
 2.272695e+01  5.814763e-03 
 2.272735e+01  6.087623e-03 
 2.272775e+01  6.171959e-03 
 2.272815e+01  6.076406e-03 
 2.272854e+01  5.802776e-03 
 2.272894e+01  5.355317e-03 
 2.272934e+01  4.736945e-03 
 2.272974e+01  3.980552e-03 
 2.273013e+01  3.113345e-03 
 2.273053e+01  2.145613e-03 
 2.273093e+01  1.137370e-03 
 2.273133e+01  1.412572e-04 
 2.273173e+01 -8.248141e-04 
 2.273212e+01 -1.688765e-03 
 2.273252e+01 -2.419084e-03 
 2.273292e+01 -3.006937e-03 
 2.273332e+01 -3.455881e-03 
 2.273371e+01 -3.771169e-03 
 2.273411e+01 -3.960148e-03 
 2.273451e+01 -4.027019e-03 
 2.273491e+01 -3.972159e-03 
 2.273530e+01 -3.797362e-03 
 2.273570e+01 -3.491623e-03 
 2.273610e+01 -3.039968e-03 
 2.273650e+01 -2.479084e-03 
 2.273690e+01 -1.809656e-03 
 2.273729e+01 -1.036976e-03 
 2.273769e+01 -1.705948e-04 
 2.273809e+01  7.566273e-04 
 2.273849e+01  1.752352e-03 
 2.273888e+01  2.771621e-03 
 2.273928e+01  3.772055e-03 
 2.273968e+01  4.733701e-03 
 2.274008e+01  5.642966e-03 
 2.274047e+01  6.515242e-03 
 2.274087e+01  7.374093e-03 
 2.274127e+01  8.226373e-03 
 2.274167e+01  9.047064e-03 
 2.274207e+01  9.859751e-03 
 2.274246e+01  1.058891e-02 
 2.274286e+01  1.121478e-02 
 2.274326e+01  1.169311e-02 
 2.274366e+01  1.199328e-02 
 2.274405e+01  1.211188e-02 
 2.274445e+01  1.202235e-02 
 2.274485e+01  1.174219e-02 
 2.274525e+01  1.130355e-02 
 2.274564e+01  1.070132e-02 
 2.274604e+01  9.986707e-03 
 2.274644e+01  9.212339e-03 
 2.274684e+01  8.419360e-03 
 2.274724e+01  7.627832e-03 
 2.274763e+01  6.844451e-03 
 2.274803e+01  6.109198e-03 
 2.274843e+01  5.436597e-03 
 2.274883e+01  4.826769e-03 
 2.274922e+01  4.256185e-03 
 2.274962e+01  3.750568e-03 
 2.275002e+01  3.325836e-03 
 2.275042e+01  2.938951e-03 
 2.275081e+01  2.664899e-03 
 2.275121e+01  2.470663e-03 
 2.275161e+01  2.393018e-03 
 2.275201e+01  2.468304e-03 
 2.275241e+01  2.691725e-03 
 2.275280e+01  3.074630e-03 
 2.275320e+01  3.624485e-03 
 2.275360e+01  4.314301e-03 
 2.275400e+01  5.153166e-03 
 2.275439e+01  6.114211e-03 
 2.275479e+01  7.203816e-03 
 2.275519e+01  8.345638e-03 
 2.275559e+01  9.514460e-03 
 2.275598e+01  1.070855e-02 
 2.275638e+01  1.186930e-02 
 2.275678e+01  1.296200e-02 
 2.275718e+01  1.394375e-02 
 2.275758e+01  1.476926e-02 
 2.275797e+01  1.539337e-02 
 2.275837e+01  1.577793e-02 
 2.275877e+01  1.588513e-02 
 2.275917e+01  1.567660e-02 
 2.275956e+01  1.514076e-02 
 2.275996e+01  1.426676e-02 
 2.276036e+01  1.310553e-02 
 2.276076e+01  1.173523e-02 
 2.276115e+01  1.021619e-02 
 2.276155e+01  8.598833e-03 
 2.276195e+01  6.953343e-03 
 2.276235e+01  5.370982e-03 
 2.276275e+01  3.892035e-03 
 2.276314e+01  2.563793e-03 
 2.276354e+01  1.428565e-03 
 2.276394e+01  5.187857e-04 
 2.276434e+01 -7.849279e-05 
 2.276473e+01 -3.609899e-04 
 2.276513e+01 -3.564202e-04 
 2.276553e+01 -7.993655e-05 
 2.276593e+01  4.175555e-04 
 2.276632e+01  1.104284e-03 
 2.276672e+01  1.888243e-03 
 2.276712e+01  2.728347e-03 
 2.276752e+01  3.579828e-03 
 2.276792e+01  4.345690e-03 
 2.276831e+01  5.057819e-03 
 2.276871e+01  5.703756e-03 
 2.276911e+01  6.237274e-03 
 2.276951e+01  6.703173e-03 
 2.276990e+01  7.130885e-03 
 2.277030e+01  7.547875e-03 
 2.277070e+01  7.977402e-03 
 2.277110e+01  8.476070e-03 
 2.277149e+01  8.998463e-03 
 2.277189e+01  9.572786e-03 
 2.277229e+01  1.022925e-02 
 2.277269e+01  1.093490e-02 
 2.277309e+01  1.171221e-02 
 2.277348e+01  1.253384e-02 
 2.277388e+01  1.336585e-02 
 2.277428e+01  1.416545e-02 
 2.277468e+01  1.486219e-02 
 2.277507e+01  1.542292e-02 
 2.277547e+01  1.580516e-02 
 2.277587e+01  1.595782e-02 
 2.277627e+01  1.588207e-02 
 2.277666e+01  1.553490e-02 
 2.277706e+01  1.492816e-02 
 2.277746e+01  1.406984e-02 
 2.277786e+01  1.296697e-02 
 2.277826e+01  1.165783e-02 
 2.277865e+01  1.016343e-02 
 2.277905e+01  8.511824e-03 
 2.277945e+01  6.797380e-03 
 2.277985e+01  5.107290e-03 
 2.278024e+01  3.505653e-03 
 2.278064e+01  2.085477e-03 
 2.278104e+01  9.286353e-04 
 2.278144e+01  8.558963e-05 
 2.278183e+01 -4.141917e-04 
 2.278223e+01 -5.403821e-04 
 2.278263e+01 -2.734525e-04 
 2.278303e+01  3.719301e-04 
 2.278343e+01  1.404413e-03 
 2.278382e+01  2.760133e-03 
 2.278422e+01  4.385899e-03 
 2.278462e+01  6.217611e-03 
 2.278502e+01  8.175661e-03 
 2.278541e+01  1.017880e-02 
 2.278581e+01  1.215270e-02 
 2.278621e+01  1.401316e-02 
 2.278661e+01  1.565629e-02 
 2.278701e+01  1.696303e-02 
 2.278740e+01  1.785984e-02 
 2.278780e+01  1.827585e-02 
 2.278820e+01  1.819807e-02 
 2.278860e+01  1.765966e-02 
 2.278899e+01  1.673984e-02 
 2.278939e+01  1.553461e-02 
 2.278979e+01  1.414571e-02 
 2.279019e+01  1.263517e-02 
 2.279058e+01  1.111225e-02 
 2.279098e+01  9.666817e-03 
 2.279138e+01  8.351575e-03 
 2.279178e+01  7.249619e-03 
 2.279218e+01  6.425274e-03 
 2.279257e+01  5.895619e-03 
 2.279297e+01  5.653987e-03 
 2.279337e+01  5.672078e-03 
 2.279377e+01  5.866625e-03 
 2.279416e+01  6.124473e-03 
 2.279456e+01  6.359728e-03 
 2.279496e+01  6.477285e-03 
 2.279536e+01  6.449725e-03 
 2.279575e+01  6.267304e-03 
 2.279615e+01  5.948769e-03 
 2.279655e+01  5.496480e-03 
 2.279695e+01  4.949306e-03 
 2.279735e+01  4.367652e-03 
 2.279774e+01  3.789219e-03 
 2.279814e+01  3.237690e-03 
 2.279854e+01  2.781309e-03 
 2.279894e+01  2.496876e-03 
 2.279933e+01  2.416144e-03 
 2.279973e+01  2.600929e-03 
 2.280013e+01  3.056547e-03 
 2.280053e+01  3.761842e-03 
 2.280092e+01  4.689669e-03 
 2.280132e+01  5.814728e-03 
 2.280172e+01  7.101109e-03 
 2.280212e+01  8.503636e-03 
 2.280252e+01  9.945543e-03 
 2.280291e+01  1.133260e-02 
 2.280331e+01  1.260113e-02 
 2.280371e+01  1.365777e-02 
 2.280411e+01  1.440338e-02 
 2.280450e+01  1.481908e-02 
 2.280490e+01  1.488838e-02 
 2.280530e+01  1.462482e-02 
 2.280570e+01  1.403529e-02 
 2.280609e+01  1.315266e-02 
 2.280649e+01  1.200037e-02 
 2.280689e+01  1.056555e-02 
 2.280729e+01  8.899859e-03 
 2.280769e+01  7.034592e-03 
 2.280808e+01  5.060385e-03 
 2.280848e+01  3.069357e-03 
 2.280888e+01  1.148114e-03 
 2.280928e+01 -6.527276e-04 
 2.280967e+01 -2.248345e-03 
 2.281007e+01 -3.610443e-03 
 2.281047e+01 -4.754846e-03 
 2.281087e+01 -5.629486e-03 
 2.281126e+01 -6.243562e-03 
 2.281166e+01 -6.555711e-03 
 2.281206e+01 -6.584614e-03 
 2.281246e+01 -6.345727e-03 
 2.281286e+01 -5.867648e-03 
 2.281325e+01 -5.207291e-03 
 2.281365e+01 -4.395066e-03 
 2.281405e+01 -3.497934e-03 
 2.281445e+01 -2.513663e-03 
 2.281484e+01 -1.504503e-03 
 2.281524e+01 -5.208901e-04 
 2.281564e+01  4.482403e-04 
 2.281604e+01  1.368410e-03 
 2.281643e+01  2.222117e-03 
 2.281683e+01  2.982094e-03 
 2.281723e+01  3.655308e-03 
 2.281763e+01  4.228503e-03 
 2.281803e+01  4.701050e-03 
 2.281842e+01  5.069297e-03 
 2.281882e+01  5.317844e-03 
 2.281922e+01  5.421532e-03 
 2.281962e+01  5.423681e-03 
 2.282001e+01  5.293799e-03 
 2.282041e+01  5.042339e-03 
 2.282081e+01  4.721963e-03 
 2.282121e+01  4.354219e-03 
 2.282160e+01  3.911142e-03 
 2.282200e+01  3.412724e-03 
 2.282240e+01  2.822080e-03 
 2.282280e+01  2.107232e-03 
 2.282320e+01  1.268247e-03 
 2.282359e+01  3.380231e-04 
 2.282399e+01 -6.568003e-04 
 2.282439e+01 -1.631269e-03 
 2.282479e+01 -2.529573e-03 
 2.282518e+01 -3.289141e-03 
 2.282558e+01 -3.904922e-03 
 2.282598e+01 -4.405292e-03 
 2.282638e+01 -4.816572e-03 
 2.282677e+01 -5.157907e-03 
 2.282717e+01 -5.359358e-03 
 2.282757e+01 -5.432296e-03 
 2.282797e+01 -5.341788e-03 
 2.282837e+01 -5.055847e-03 
 2.282876e+01 -4.576253e-03 
 2.282916e+01 -3.902099e-03 
 2.282956e+01 -3.035575e-03 
 2.282996e+01 -1.989272e-03 
 2.283035e+01 -7.973273e-04 
 2.283075e+01  5.167047e-04 
 2.283115e+01  1.913763e-03 
 2.283155e+01  3.344717e-03 
 2.283194e+01  4.763198e-03 
 2.283234e+01  6.086863e-03 
 2.283274e+01  7.211055e-03 
 2.283314e+01  8.162415e-03 
 2.283354e+01  8.941349e-03 
 2.283393e+01  9.511504e-03 
 2.283433e+01  9.846909e-03 
 2.283473e+01  1.000698e-02 
 2.283513e+01  9.947885e-03 
 2.283552e+01  9.687267e-03 
 2.283592e+01  9.267496e-03 
 2.283632e+01  8.673190e-03 
 2.283672e+01  7.939911e-03 
 2.283711e+01  7.086865e-03 
 2.283751e+01  6.201005e-03 
 2.283791e+01  5.276542e-03 
 2.283831e+01  4.323166e-03 
 2.283871e+01  3.374836e-03 
 2.283910e+01  2.347413e-03 
 2.283950e+01  1.299972e-03 
 2.283990e+01  2.449721e-04 
 2.284030e+01 -7.983507e-04 
 2.284069e+01 -1.769453e-03 
 2.284109e+01 -2.606843e-03 
 2.284149e+01 -3.316757e-03 
 2.284189e+01 -3.908824e-03 
 2.284228e+01 -4.379570e-03 
 2.284268e+01 -4.743385e-03 
 2.284308e+01 -4.942235e-03 
 2.284348e+01 -4.950798e-03 
 2.284388e+01 -4.708865e-03 
 2.284427e+01 -4.186083e-03 
 2.284467e+01 -3.354002e-03 
 2.284507e+01 -2.245945e-03 
 2.284547e+01 -9.199734e-04 
 2.284586e+01  6.033840e-04 
 2.284626e+01  2.179649e-03 
 2.284666e+01  3.757309e-03 
 2.284706e+01  5.302378e-03 
 2.284745e+01  6.754538e-03 
 2.284785e+01  8.081855e-03 
 2.284825e+01  9.237723e-03 
 2.284865e+01  1.025557e-02 
 2.284905e+01  1.107574e-02 
 2.284944e+01  1.172463e-02 
 2.284984e+01  1.222459e-02 
 2.285024e+01  1.252494e-02 
 2.285064e+01  1.262780e-02 
 2.285103e+01  1.257951e-02 
 2.285143e+01  1.233335e-02 
 2.285183e+01  1.193018e-02 
 2.285223e+01  1.139240e-02 
 2.285262e+01  1.075825e-02 
 2.285302e+01  1.006390e-02 
 2.285342e+01  9.350065e-03 
 2.285382e+01  8.662148e-03 
 2.285422e+01  7.975295e-03 
 2.285461e+01  7.246372e-03 
 2.285501e+01  6.438301e-03 
 2.285541e+01  5.564737e-03 
 2.285581e+01  4.609385e-03 
 2.285620e+01  3.598246e-03 
 2.285660e+01  2.555741e-03 
 2.285700e+01  1.576221e-03 
 2.285740e+01  6.809138e-04 
 2.285779e+01 -5.611569e-05 
 2.285819e+01 -5.960985e-04 
 2.285859e+01 -9.117065e-04 
 2.285899e+01 -9.782038e-04 
 2.285939e+01 -7.699797e-04 
 2.285978e+01 -1.991892e-04 
 2.286018e+01  6.928307e-04 
 2.286058e+01  1.896479e-03 
 2.286098e+01  3.398436e-03 
 2.286137e+01  5.078431e-03 
 2.286177e+01  6.845676e-03 
 2.286217e+01  8.591390e-03 
 2.286257e+01  1.024879e-02 
 2.286296e+01  1.172963e-02 
 2.286336e+01  1.302573e-02 
 2.286376e+01  1.409510e-02 
 2.286416e+01  1.483300e-02 
 2.286456e+01  1.526105e-02 
 2.286495e+01  1.535421e-02 
 2.286535e+01  1.512923e-02 
 2.286575e+01  1.464415e-02 
 2.286615e+01  1.395152e-02 
 2.286654e+01  1.311610e-02 
 2.286694e+01  1.218761e-02 
 2.286734e+01  1.122450e-02 
 2.286774e+01  1.027479e-02 
 2.286813e+01  9.388721e-03 
 2.286853e+01  8.611974e-03 
 2.286893e+01  7.999868e-03 
 2.286933e+01  7.572637e-03 
 2.286973e+01  7.338416e-03 
 2.287012e+01  7.225749e-03 
 2.287052e+01  7.151201e-03 
 2.287092e+01  7.069308e-03 
 2.287132e+01  6.886621e-03 
 2.287171e+01  6.602578e-03 
 2.287211e+01  6.242815e-03 
 2.287251e+01  5.841013e-03 
 2.287291e+01  5.433092e-03 
 2.287330e+01  5.033087e-03 
 2.287370e+01  4.655095e-03 
 2.287410e+01  4.269084e-03 
 2.287450e+01  3.936998e-03 
 2.287490e+01  3.711363e-03 
 2.287529e+01  3.636840e-03 
 2.287569e+01  3.797402e-03 
 2.287609e+01  4.253528e-03 
 2.287649e+01  5.016081e-03 
 2.287688e+01  6.106838e-03 
 2.287728e+01  7.511962e-03 
 2.287768e+01  9.167194e-03 
 2.287808e+01  1.097576e-02 
 2.287848e+01  1.290241e-02 
 2.287887e+01  1.490209e-02 
 2.287927e+01  1.688551e-02 
 2.287967e+01  1.877277e-02 
 2.288007e+01  2.047026e-02 
 2.288046e+01  2.191791e-02 
 2.288086e+01  2.307912e-02 
 2.288126e+01  2.388346e-02 
 2.288166e+01  2.426889e-02 
 2.288205e+01  2.421724e-02 
 2.288245e+01  2.371083e-02 
 2.288285e+01  2.273853e-02 
 2.288325e+01  2.140098e-02 
 2.288365e+01  1.973500e-02 
 2.288404e+01  1.780251e-02 
 2.288444e+01  1.570254e-02 
 2.288484e+01  1.353090e-02 
 2.288524e+01  1.139103e-02 
 2.288563e+01  9.362453e-03 
 2.288603e+01  7.531860e-03 
 2.288643e+01  5.936884e-03 
 2.288683e+01  4.654681e-03 
 2.288722e+01  3.728165e-03 
 2.288762e+01  3.131314e-03 
 2.288802e+01  2.887067e-03 
 2.288842e+01  2.977181e-03 
 2.288882e+01  3.398933e-03 
 2.288921e+01  4.085767e-03 
 2.288961e+01  4.981397e-03 
 2.289001e+01  5.995265e-03 
 2.289041e+01  6.991966e-03 
 2.289080e+01  7.892708e-03 
 2.289120e+01  8.644770e-03 
 2.289160e+01  9.220363e-03 
 2.289200e+01  9.627984e-03 
 2.289239e+01  9.880448e-03 
 2.289279e+01  1.002056e-02 
 2.289319e+01  1.004938e-02 
 2.289359e+01  9.989403e-03 
 2.289399e+01  9.828011e-03 
 2.289438e+01  9.606446e-03 
 2.289478e+01  9.393132e-03 
 2.289518e+01  9.186435e-03 
 2.289558e+01  9.033803e-03 
 2.289597e+01  8.953087e-03 
 2.289637e+01  8.939291e-03 
 2.289677e+01  9.027347e-03 
 2.289717e+01  9.198096e-03 
 2.289756e+01  9.409803e-03 
 2.289796e+01  9.630091e-03 
 2.289836e+01  9.828349e-03 
 2.289876e+01  9.960270e-03 
 2.289916e+01  9.983428e-03 
 2.289955e+01  9.876146e-03 
 2.289995e+01  9.555424e-03 
 2.290035e+01  8.949004e-03 
 2.290075e+01  8.084038e-03 
 2.290114e+01  6.976646e-03 
 2.290154e+01  5.615703e-03 
 2.290194e+01  4.029124e-03 
 2.290234e+01  2.297271e-03 
 2.290273e+01  4.580970e-04 
 2.290313e+01 -1.381998e-03 
 2.290353e+01 -3.103106e-03 
 2.290393e+01 -4.615726e-03 
 2.290433e+01 -5.806384e-03 
 2.290472e+01 -6.575048e-03 
 2.290512e+01 -6.867455e-03 
 2.290552e+01 -6.692201e-03 
 2.290592e+01 -6.067892e-03 
 2.290631e+01 -5.078460e-03 
 2.290671e+01 -3.770824e-03 
 2.290711e+01 -2.212542e-03 
 2.290751e+01 -4.561958e-04 
 2.290790e+01  1.390390e-03 
 2.290830e+01  3.269975e-03 
 2.290870e+01  5.091343e-03 
 2.290910e+01  6.736873e-03 
 2.290950e+01  8.112780e-03 
 2.290989e+01  9.124771e-03 
 2.291029e+01  9.727059e-03 
 2.291069e+01  9.906833e-03 
 2.291109e+01  9.697152e-03 
 2.291148e+01  9.138576e-03 
 2.291188e+01  8.304464e-03 
 2.291228e+01  7.296196e-03 
 2.291268e+01  6.155705e-03 
 2.291307e+01  4.963358e-03 
 2.291347e+01  3.801454e-03 
 2.291387e+01  2.679495e-03 
 2.291427e+01  1.637768e-03 
 2.291467e+01  7.429202e-04 
 2.291506e+01 -2.328488e-05 
 2.291546e+01 -7.379437e-04 
 2.291586e+01 -1.403029e-03 
 2.291626e+01 -2.078907e-03 
 2.291665e+01 -2.800169e-03 
 2.291705e+01 -3.530599e-03 
 2.291745e+01 -4.283599e-03 
 2.291785e+01 -5.031829e-03 
 2.291824e+01 -5.761692e-03 
 2.291864e+01 -6.432020e-03 
 2.291904e+01 -7.021328e-03 
 2.291944e+01 -7.537102e-03 
 2.291984e+01 -7.911232e-03 
 2.292023e+01 -8.154717e-03 
 2.292063e+01 -8.216087e-03 
 2.292103e+01 -8.054075e-03 
 2.292143e+01 -7.694277e-03 
 2.292182e+01 -7.117130e-03 
 2.292222e+01 -6.361559e-03 
 2.292262e+01 -5.459465e-03 
 2.292302e+01 -4.418063e-03 
 2.292341e+01 -3.250971e-03 
 2.292381e+01 -2.011498e-03 
 2.292421e+01 -7.211414e-04 
 2.292461e+01  6.142248e-04 
 2.292501e+01  1.926352e-03 
 2.292540e+01  3.088916e-03 
 2.292580e+01  4.112364e-03 
 2.292620e+01  4.964644e-03 
 2.292660e+01  5.644594e-03 
 2.292699e+01  6.184530e-03 
 2.292739e+01  6.611741e-03 
 2.292779e+01  6.902588e-03 
 2.292819e+01  7.073286e-03 
 2.292858e+01  7.159748e-03 
 2.292898e+01  7.112379e-03 
 2.292938e+01  6.888225e-03 
 2.292978e+01  6.515777e-03 
 2.293018e+01  5.995254e-03 
 2.293057e+01  5.320838e-03 
 2.293097e+01  4.545636e-03 
 2.293137e+01  3.670070e-03 
 2.293177e+01  2.721438e-03 
 2.293216e+01  1.777606e-03 
 2.293256e+01  9.266406e-04 
 2.293296e+01  1.700389e-04 
 2.293336e+01 -4.518395e-04 
 2.293375e+01 -9.468933e-04 
 2.293415e+01 -1.344031e-03 
 2.293455e+01 -1.611983e-03 
 2.293495e+01 -1.762542e-03 
 2.293535e+01 -1.739725e-03 
 2.293574e+01 -1.573825e-03 
 2.293614e+01 -1.292276e-03 
 2.293654e+01 -8.609618e-04 
 2.293694e+01 -2.738113e-04 
 2.293733e+01  4.713692e-04 
 2.293773e+01  1.338824e-03 
 2.293813e+01  2.284142e-03 
 2.293853e+01  3.306421e-03 
 2.293892e+01  4.330312e-03 
 2.293932e+01  5.342059e-03 
 2.293972e+01  6.301484e-03 
 2.294012e+01  7.167848e-03 
 2.294052e+01  7.911957e-03 
 2.294091e+01  8.561165e-03 
 2.294131e+01  9.109962e-03 
 2.294171e+01  9.516553e-03 
 2.294211e+01  9.759092e-03 
 2.294250e+01  9.852603e-03 
 2.294290e+01  9.771330e-03 
 2.294330e+01  9.544430e-03 
 2.294370e+01  9.195555e-03 
 2.294409e+01  8.706112e-03 
 2.294449e+01  8.065030e-03 
 2.294489e+01  7.307278e-03 
 2.294529e+01  6.432431e-03 
 2.294569e+01  5.426557e-03 
 2.294608e+01  4.367101e-03 
 2.294648e+01  3.325492e-03 
 2.294688e+01  2.359368e-03 
 2.294728e+01  1.519725e-03 
 2.294767e+01  7.989885e-04 
 2.294807e+01  2.166279e-04 
 2.294847e+01 -2.466672e-04 
 2.294887e+01 -6.040829e-04 
 2.294926e+01 -8.500996e-04 
 2.294966e+01 -9.606978e-04 
 2.295006e+01 -9.361371e-04 
 2.295046e+01 -7.959278e-04 
 2.295086e+01 -5.205906e-04 
 2.295125e+01 -1.388388e-04 
 2.295165e+01  2.731766e-04 
 2.295205e+01  7.669891e-04 
 2.295245e+01  1.326822e-03 
 2.295284e+01  1.990509e-03 
 2.295324e+01  2.766615e-03 
 2.295364e+01  3.662545e-03 
 2.295404e+01  4.651976e-03 
 2.295443e+01  5.702678e-03 
 2.295483e+01  6.823843e-03 
 2.295523e+01  7.946046e-03 
 2.295563e+01  9.070249e-03 
 2.295603e+01  1.024501e-02 
 2.295642e+01  1.145157e-02 
 2.295682e+01  1.264658e-02 
 2.295722e+01  1.381578e-02 
 2.295762e+01  1.489434e-02 
 2.295801e+01  1.574691e-02 
 2.295841e+01  1.632650e-02 
 2.295881e+01  1.660165e-02 
 2.295921e+01  1.656244e-02 
 2.295960e+01  1.618615e-02 
 2.296000e+01  1.549318e-02 
 2.296040e+01  1.451544e-02 
 2.296080e+01  1.326916e-02 
 2.296120e+01  1.182773e-02 
 2.296159e+01  1.024886e-02 
 2.296199e+01  8.606921e-03 
 2.296239e+01  7.017067e-03 
 2.296279e+01  5.566736e-03 
 2.296318e+01  4.340972e-03 
 2.296358e+01  3.419841e-03 
 2.296398e+01  2.801059e-03 
 2.296438e+01  2.501404e-03 
 2.296477e+01  2.531068e-03 
 2.296517e+01  2.847193e-03 
 2.296557e+01  3.430601e-03 
 2.296597e+01  4.292448e-03 
 2.296637e+01  5.354168e-03 
 2.296676e+01  6.556969e-03 
 2.296716e+01  7.844976e-03 
 2.296756e+01  9.093210e-03 
 2.296796e+01  1.017220e-02 
 2.296835e+01  1.102647e-02 
 2.296875e+01  1.165399e-02 
 2.296915e+01  1.199220e-02 
 2.296955e+01  1.208955e-02 
 2.296994e+01  1.202142e-02 
 2.297034e+01  1.183821e-02 
 2.297074e+01  1.157125e-02 
 2.297114e+01  1.126138e-02 
 2.297154e+01  1.096334e-02 
 2.297193e+01  1.074999e-02 
 2.297233e+01  1.070919e-02 
 2.297273e+01  1.089076e-02 
 2.297313e+01  1.127546e-02 
 2.297352e+01  1.188364e-02 
 2.297392e+01  1.264733e-02 
 2.297432e+01  1.354112e-02 
 2.297472e+01  1.449287e-02 
 2.297512e+01  1.540201e-02 
 2.297551e+01  1.617868e-02 
 2.297591e+01  1.673847e-02 
 2.297631e+01  1.705013e-02 
 2.297671e+01  1.703878e-02 
 2.297710e+01  1.665234e-02 
 2.297750e+01  1.583875e-02 
 2.297790e+01  1.463201e-02 
 2.297830e+01  1.312395e-02 
 2.297869e+01  1.140914e-02 
 2.297909e+01  9.557397e-03 
 2.297949e+01  7.672334e-03 
 2.297989e+01  5.869500e-03 
 2.298029e+01  4.220818e-03 
 2.298068e+01  2.854534e-03 
 2.298108e+01  1.903469e-03 
 2.298148e+01  1.405899e-03 
 2.298188e+01  1.367635e-03 
 2.298227e+01  1.844296e-03 
 2.298267e+01  2.825482e-03 
 2.298307e+01  4.217885e-03 
 2.298347e+01  5.946488e-03 
 2.298386e+01  7.897076e-03 
 2.298426e+01  9.905746e-03 
 2.298466e+01  1.191138e-02 
 2.298506e+01  1.380762e-02 
 2.298546e+01  1.547010e-02 
 2.298585e+01  1.682636e-02 
 2.298625e+01  1.780691e-02 
 2.298665e+01  1.840364e-02 
 2.298705e+01  1.857174e-02 
 2.298744e+01  1.833167e-02 
 2.298784e+01  1.768581e-02 
 2.298824e+01  1.670139e-02 
 2.298864e+01  1.546325e-02 
 2.298903e+01  1.406228e-02 
 2.298943e+01  1.257067e-02 
 2.298983e+01  1.105023e-02 
 2.299023e+01  9.545519e-03 
 2.299063e+01  8.139855e-03 
 2.299102e+01  6.897008e-03 
 2.299142e+01  5.807602e-03 
 2.299182e+01  4.919905e-03 
 2.299222e+01  4.273495e-03 
 2.299261e+01  3.868400e-03 
 2.299301e+01  3.644365e-03 
 2.299341e+01  3.562630e-03 
 2.299381e+01  3.585392e-03 
 2.299420e+01  3.655819e-03 
 2.299460e+01  3.750428e-03 
 2.299500e+01  3.806841e-03 
 2.299540e+01  3.761754e-03 
 2.299580e+01  3.588624e-03 
 2.299619e+01  3.251775e-03 
 2.299659e+01  2.737907e-03 
 2.299699e+01  2.039206e-03 
 2.299739e+01  1.200470e-03 
 2.299778e+01  2.743760e-04 
 2.299818e+01 -6.646289e-04 
 2.299858e+01 -1.482223e-03 
 2.299898e+01 -2.156751e-03 
 2.299937e+01 -2.683854e-03 
 2.299977e+01 -3.012372e-03 
 2.300017e+01 -3.095048e-03 
 2.300057e+01 -2.899177e-03 
 2.300097e+01 -2.391054e-03 
 2.300136e+01 -1.542531e-03 
 2.300176e+01 -3.545918e-04 
 2.300216e+01  1.140240e-03 
 2.300256e+01  2.825761e-03 
 2.300295e+01  4.624631e-03 
 2.300335e+01  6.393383e-03 
 2.300375e+01  7.972175e-03 
 2.300415e+01  9.222281e-03 
 2.300454e+01  1.010882e-02 
 2.300494e+01  1.059323e-02 
 2.300534e+01  1.064069e-02 
 2.300574e+01  1.026702e-02 
 2.300614e+01  9.488484e-03 
 2.300653e+01  8.308454e-03 
 2.300693e+01  6.798123e-03 
 2.300733e+01  5.059165e-03 
 2.300773e+01  3.188955e-03 
 2.300812e+01  1.311131e-03 
 2.300852e+01 -4.303664e-04 
 2.300892e+01 -1.928379e-03 
 2.300932e+01 -3.116340e-03 
 2.300971e+01 -3.943198e-03 
 2.301011e+01 -4.383655e-03 
 2.301051e+01 -4.429988e-03 
 2.301091e+01 -4.081672e-03 
 2.301131e+01 -3.372968e-03 
 2.301170e+01 -2.398716e-03 
 2.301210e+01 -1.267230e-03 
 2.301250e+01 -5.929814e-05 
 2.301290e+01  1.119761e-03 
 2.301329e+01  2.138728e-03 
 2.301369e+01  2.950703e-03 
 2.301409e+01  3.522420e-03 
 2.301449e+01  3.860641e-03 
 2.301488e+01  4.005891e-03 
 2.301528e+01  3.979038e-03 
 2.301568e+01  3.869122e-03 
 2.301608e+01  3.708929e-03 
 2.301648e+01  3.536439e-03 
 2.301687e+01  3.363002e-03 
 2.301727e+01  3.271496e-03 
 2.301767e+01  3.275004e-03 
 2.301807e+01  3.454733e-03 
 2.301846e+01  3.772308e-03 
 2.301886e+01  4.180166e-03 
 2.301926e+01  4.615132e-03 
 2.301966e+01  5.059636e-03 
 2.302005e+01  5.456409e-03 
 2.302045e+01  5.777996e-03 
 2.302085e+01  6.041352e-03 
 2.302125e+01  6.178097e-03 
 2.302165e+01  6.203005e-03 
 2.302204e+01  6.112588e-03 
 2.302244e+01  5.873535e-03 
 2.302284e+01  5.422543e-03 
 2.302324e+01  4.737779e-03 
 2.302363e+01  3.881942e-03 
 2.302403e+01  2.901110e-03 
 2.302443e+01  1.879991e-03 
 2.302483e+01  8.607955e-04 
 2.302522e+01 -4.480397e-05 
 2.302562e+01 -8.221692e-04 
 2.302602e+01 -1.419053e-03 
 2.302642e+01 -1.796287e-03 
 2.302682e+01 -1.919496e-03 
 2.302721e+01 -1.821819e-03 
 2.302761e+01 -1.541720e-03 
 2.302801e+01 -1.097879e-03 
 2.302841e+01 -5.272529e-04 
 2.302880e+01  1.076164e-04 
 2.302920e+01  7.676426e-04 
 2.302960e+01  1.432676e-03 
 2.303000e+01  2.101073e-03 
 2.303039e+01  2.783852e-03 
 2.303079e+01  3.492224e-03 
 2.303119e+01  4.197909e-03 
 2.303159e+01  4.852538e-03 
 2.303199e+01  5.420761e-03 
 2.303238e+01  5.912901e-03 
 2.303278e+01  6.326366e-03 
 2.303318e+01  6.659821e-03 
 2.303358e+01  6.940337e-03 
 2.303397e+01  7.151795e-03 
 2.303437e+01  7.353627e-03 
 2.303477e+01  7.567006e-03 
 2.303517e+01  7.762107e-03 
 2.303556e+01  7.836060e-03 
 2.303596e+01  7.785764e-03 
 2.303636e+01  7.605056e-03 
 2.303676e+01  7.253460e-03 
 2.303716e+01  6.749456e-03 
 2.303755e+01  6.059023e-03 
 2.303795e+01  5.225568e-03 
 2.303835e+01  4.241973e-03 
 2.303875e+01  3.127820e-03 
 2.303914e+01  1.921151e-03 
 2.303954e+01  6.796827e-04 
 2.303994e+01 -4.838734e-04 
 2.304034e+01 -1.458180e-03 
 2.304073e+01 -2.161069e-03 
 2.304113e+01 -2.585560e-03 
 2.304153e+01 -2.721106e-03 
 2.304193e+01 -2.581170e-03 
 2.304233e+01 -2.209529e-03 
 2.304272e+01 -1.623495e-03 
 2.304312e+01 -8.674913e-04 
 2.304352e+01  5.190213e-05 
 2.304392e+01  1.084293e-03 
 2.304431e+01  2.188114e-03 
 2.304471e+01  3.259041e-03 
 2.304511e+01  4.185967e-03 
 2.304551e+01  4.895510e-03 
 2.304590e+01  5.387057e-03 
 2.304630e+01  5.687582e-03 
 2.304670e+01  5.806910e-03 
 2.304710e+01  5.815148e-03 
 2.304750e+01  5.739740e-03 
 2.304789e+01  5.557501e-03 
 2.304829e+01  5.312246e-03 
 2.304869e+01  5.057049e-03 
 2.304909e+01  4.846952e-03 
 2.304948e+01  4.719664e-03 
 2.304988e+01  4.753380e-03 
 2.305028e+01  4.980116e-03 
 2.305068e+01  5.363622e-03 
 2.305107e+01  5.824346e-03 
 2.305147e+01  6.259870e-03 
 2.305187e+01  6.558354e-03 
 2.305227e+01  6.693313e-03 
 2.305267e+01  6.666899e-03 
 2.305306e+01  6.504050e-03 
 2.305346e+01  6.221494e-03 
 2.305386e+01  5.836163e-03 
 2.305426e+01  5.336341e-03 
 2.305465e+01  4.755759e-03 
 2.305505e+01  4.073012e-03 
 2.305545e+01  3.303219e-03 
 2.305585e+01  2.468329e-03 
 2.305624e+01  1.607632e-03 
 2.305664e+01  8.067194e-04 
 2.305704e+01  1.009884e-04 
 2.305744e+01 -4.653981e-04 
 2.305784e+01 -8.859091e-04 
 2.305823e+01 -1.081333e-03 
 2.305863e+01 -1.016255e-03 
 2.305903e+01 -6.819874e-04 
 2.305943e+01 -2.096986e-05 
 2.305982e+01  9.848976e-04 
 2.306022e+01  2.291194e-03 
 2.306062e+01  3.830161e-03 
 2.306102e+01  5.548296e-03 
 2.306141e+01  7.392215e-03 
 2.306181e+01  9.286546e-03 
 2.306221e+01  1.119510e-02 
 2.306261e+01  1.303939e-02 
 2.306301e+01  1.474138e-02 
 2.306340e+01  1.621927e-02 
 2.306380e+01  1.743444e-02 
 2.306420e+01  1.832103e-02 
 2.306460e+01  1.880213e-02 
 2.306499e+01  1.888664e-02 
 2.306539e+01  1.855689e-02 
 2.306579e+01  1.787555e-02 
 2.306619e+01  1.691430e-02 
 2.306659e+01  1.570787e-02 
 2.306698e+01  1.435076e-02 
 2.306738e+01  1.290663e-02 
 2.306778e+01  1.148172e-02 
 2.306818e+01  1.018161e-02 
 2.306857e+01  9.076072e-03 
 2.306897e+01  8.265256e-03 
 2.306937e+01  7.797917e-03 
 2.306977e+01  7.697139e-03 
 2.307016e+01  7.931413e-03 
 2.307056e+01  8.411737e-03 
 2.307096e+01  9.082668e-03 
 2.307136e+01  9.853796e-03 
 2.307176e+01  1.062603e-02 
 2.307215e+01  1.137408e-02 
 2.307255e+01  1.201387e-02 
 2.307295e+01  1.245024e-02 
 2.307335e+01  1.262748e-02 
 2.307374e+01  1.247670e-02 
 2.307414e+01  1.200131e-02 
 2.307454e+01  1.124275e-02 
 2.307494e+01  1.026941e-02 
 2.307533e+01  9.168702e-03 
 2.307573e+01  8.038317e-03 
 2.307613e+01  6.980643e-03 
 2.307653e+01  6.098628e-03 
 2.307693e+01  5.436907e-03 
 2.307732e+01  5.087887e-03 
 2.307772e+01  5.097326e-03 
 2.307812e+01  5.557067e-03 
 2.307852e+01  6.499963e-03 
 2.307891e+01  7.905853e-03 
 2.307931e+01  9.685671e-03 
 2.307971e+01  1.167761e-02 
 2.308011e+01  1.373594e-02 
 2.308050e+01  1.572068e-02 
 2.308090e+01  1.742652e-02 
 2.308130e+01  1.870569e-02 
 2.308170e+01  1.951322e-02 
 2.308210e+01  1.979147e-02 
 2.308249e+01  1.953069e-02 
 2.308289e+01  1.868992e-02 
 2.308329e+01  1.728817e-02 
 2.308369e+01  1.537203e-02 
 2.308408e+01  1.305318e-02 
 2.308448e+01  1.051988e-02 
 2.308488e+01  7.936072e-03 
 2.308528e+01  5.473341e-03 
 2.308567e+01  3.302674e-03 
 2.308607e+01  1.548861e-03 
 2.308647e+01  3.095239e-04 
 2.308687e+01 -4.437939e-04 
 2.308727e+01 -7.001829e-04 
 2.308766e+01 -4.673046e-04 
 2.308806e+01  2.129524e-04 
 2.308846e+01  1.325614e-03 
 2.308886e+01  2.762114e-03 
 2.308925e+01  4.406016e-03 
 2.308965e+01  6.115276e-03 
 2.309005e+01  7.760993e-03 
 2.309045e+01  9.194435e-03 
 2.309084e+01  1.031000e-02 
 2.309124e+01  1.108210e-02 
 2.309164e+01  1.149122e-02 
 2.309204e+01  1.159860e-02 
 2.309244e+01  1.141891e-02 
 2.309283e+01  1.099756e-02 
 2.309323e+01  1.036776e-02 
 2.309363e+01  9.582176e-03 
 2.309403e+01  8.721214e-03 
 2.309442e+01  7.897509e-03 
 2.309482e+01  7.196792e-03 
 2.309522e+01  6.699924e-03 
 2.309562e+01  6.430648e-03 
 2.309601e+01  6.394419e-03 
 2.309641e+01  6.535512e-03 
 2.309681e+01  6.791365e-03 
 2.309721e+01  7.104056e-03 
 2.309761e+01  7.409138e-03 
 2.309800e+01  7.717629e-03 
 2.309840e+01  8.018388e-03 
 2.309880e+01  8.265702e-03 
 2.309920e+01  8.387415e-03 
 2.309959e+01  8.312389e-03 
 2.309999e+01  7.974338e-03 
 2.310039e+01  7.349976e-03 
 2.310079e+01  6.497340e-03 
 2.310118e+01  5.457659e-03 
 2.310158e+01  4.256624e-03 
 2.310198e+01  2.956114e-03 
 2.310238e+01  1.626849e-03 
 2.310278e+01  3.165335e-04 
 2.310317e+01 -9.521758e-04 
 2.310357e+01 -2.075016e-03 
 2.310397e+01 -2.967843e-03 
 2.310437e+01 -3.573107e-03 
 2.310476e+01 -3.847885e-03 
 2.310516e+01 -3.757613e-03 
 2.310556e+01 -3.339115e-03 
 2.310596e+01 -2.647201e-03 
 2.310635e+01 -1.729965e-03 
 2.310675e+01 -6.648662e-04 
 2.310715e+01  5.161756e-04 
 2.310755e+01  1.758061e-03 
 2.310795e+01  2.994964e-03 
 2.310834e+01  4.176147e-03 
 2.310874e+01  5.214156e-03 
 2.310914e+01  6.044012e-03 
 2.310954e+01  6.678552e-03 
 2.310993e+01  7.132613e-03 
 2.311033e+01  7.412508e-03 
 2.311073e+01  7.545001e-03 
 2.311113e+01  7.532969e-03 
 2.311152e+01  7.349157e-03 
 2.311192e+01  7.016610e-03 
 2.311232e+01  6.521247e-03 
 2.311272e+01  5.883037e-03 
 2.311312e+01  5.158344e-03 
 2.311351e+01  4.459557e-03 
 2.311391e+01  3.837755e-03 
 2.311431e+01  3.308018e-03 
 2.311471e+01  2.905195e-03 
 2.311510e+01  2.579839e-03 
 2.311550e+01  2.307943e-03 
 2.311590e+01  2.095302e-03 
 2.311630e+01  1.932860e-03 
 2.311669e+01  1.810080e-03 
 2.311709e+01  1.711575e-03 
 2.311749e+01  1.643509e-03 
 2.311789e+01  1.584828e-03 
 2.311829e+01  1.513946e-03 
 2.311868e+01  1.421685e-03 
 2.311908e+01  1.312863e-03 
 2.311948e+01  1.184947e-03 
 2.311988e+01  1.060672e-03 
 2.312027e+01  9.673068e-04 
 2.312067e+01  9.243211e-04 
 2.312107e+01  9.036051e-04 
 2.312147e+01  9.354972e-04 
 2.312186e+01  9.957998e-04 
 2.312226e+01  1.121601e-03 
 2.312266e+01  1.342577e-03 
 2.312306e+01  1.701915e-03 
 2.312346e+01  2.216221e-03 
 2.312385e+01  2.896942e-03 
 2.312425e+01  3.694622e-03 
 2.312465e+01  4.523845e-03 
 2.312505e+01  5.296431e-03 
 2.312544e+01  5.882019e-03 
 2.312584e+01  6.251954e-03 
 2.312624e+01  6.395906e-03 
 2.312664e+01  6.274827e-03 
 2.312703e+01  5.897162e-03 
 2.312743e+01  5.332250e-03 
 2.312783e+01  4.604557e-03 
 2.312823e+01  3.739289e-03 
 2.312863e+01  2.776704e-03 
 2.312902e+01  1.734653e-03 
 2.312942e+01  6.583561e-04 
 2.312982e+01 -3.564695e-04 
 2.313022e+01 -1.255801e-03 
 2.313061e+01 -2.002169e-03 
 2.313101e+01 -2.643829e-03 
 2.313141e+01 -3.161931e-03 
 2.313181e+01 -3.570647e-03 
 2.313220e+01 -3.871647e-03 
 2.313260e+01 -4.092061e-03 
 2.313300e+01 -4.261424e-03 
 2.313340e+01 -4.382435e-03 
 2.313380e+01 -4.441575e-03 
 2.313419e+01 -4.443082e-03 
 2.313459e+01 -4.428261e-03 
 2.313499e+01 -4.426524e-03 
 2.313539e+01 -4.428037e-03 
 2.313578e+01 -4.432357e-03 
 2.313618e+01 -4.402068e-03 
 2.313658e+01 -4.293812e-03 
 2.313698e+01 -4.054880e-03 
 2.313737e+01 -3.628567e-03 
 2.313777e+01 -2.976333e-03 
 2.313817e+01 -2.091628e-03 
 2.313857e+01 -9.636465e-04 
 2.313897e+01  3.354981e-04 
 2.313936e+01  1.724595e-03 
 2.313976e+01  3.135148e-03 
 2.314016e+01  4.495625e-03 
 2.314056e+01  5.704247e-03 
 2.314095e+01  6.686473e-03 
 2.314135e+01  7.419322e-03 
 2.314175e+01  7.851874e-03 
 2.314215e+01  7.951950e-03 
 2.314254e+01  7.800581e-03 
 2.314294e+01  7.361662e-03 
 2.314334e+01  6.687221e-03 
 2.314374e+01  5.837944e-03 
 2.314414e+01  4.843571e-03 
 2.314453e+01  3.790139e-03 
 2.314493e+01  2.726531e-03 
 2.314533e+01  1.728076e-03 
 2.314573e+01  8.311337e-04 
 2.314612e+01  1.010768e-04 
 2.314652e+01 -3.970198e-04 
 2.314692e+01 -6.365890e-04 
 2.314732e+01 -5.924959e-04 
 2.314771e+01 -2.892279e-04 
 2.314811e+01  2.542261e-04 
 2.314851e+01  9.806967e-04 
 2.314891e+01  1.751109e-03 
 2.314931e+01  2.507833e-03 
 2.314970e+01  3.192673e-03 
 2.315010e+01  3.780298e-03 
 2.315050e+01  4.234236e-03 
 2.315090e+01  4.527909e-03 
 2.315129e+01  4.666098e-03 
 2.315169e+01  4.666140e-03 
 2.315209e+01  4.577102e-03 
 2.315249e+01  4.460090e-03 
 2.315288e+01  4.362685e-03 
 2.315328e+01  4.320431e-03 
 2.315368e+01  4.389804e-03 
 2.315408e+01  4.642680e-03 
 2.315448e+01  5.102325e-03 
 2.315487e+01  5.795062e-03 
 2.315527e+01  6.717510e-03 
 2.315567e+01  7.874038e-03 
 2.315607e+01  9.245283e-03 
 2.315646e+01  1.078088e-02 
 2.315686e+01  1.235709e-02 
 2.315726e+01  1.386714e-02 
 2.315766e+01  1.522831e-02 
 2.315806e+01  1.631204e-02 
 2.315845e+01  1.705643e-02 
 2.315885e+01  1.743518e-02 
 2.315925e+01  1.738273e-02 
 2.315965e+01  1.687642e-02 
 2.316004e+01  1.592898e-02 
 2.316044e+01  1.456906e-02 
 2.316084e+01  1.289060e-02 
 2.316124e+01  1.100209e-02 
 2.316163e+01  9.042304e-03 
 2.316203e+01  7.158966e-03 
 2.316243e+01  5.487799e-03 
 2.316283e+01  4.116120e-03 
 2.316323e+01  3.106592e-03 
 2.316362e+01  2.501015e-03 
 2.316402e+01  2.308985e-03 
 2.316442e+01  2.523642e-03 
 2.316482e+01  3.177054e-03 
 2.316521e+01  4.241317e-03 
 2.316561e+01  5.666152e-03 
 2.316601e+01  7.410595e-03 
 2.316641e+01  9.362438e-03 
 2.316680e+01  1.139331e-02 
 2.316720e+01  1.340341e-02 
 2.316760e+01  1.526060e-02 
 2.316800e+01  1.690230e-02 
 2.316840e+01  1.825987e-02 
 2.316879e+01  1.931535e-02 
 2.316919e+01  2.001816e-02 
 2.316959e+01  2.033641e-02 
 2.316999e+01  2.029288e-02 
 2.317038e+01  1.992956e-02 
 2.317078e+01  1.926675e-02 
 2.317118e+01  1.839563e-02 
 2.317158e+01  1.739638e-02 
 2.317197e+01  1.637264e-02 
 2.317237e+01  1.541520e-02 
 2.317277e+01  1.457414e-02 
 2.317317e+01  1.391190e-02 
 2.317357e+01  1.347289e-02 
 2.317396e+01  1.328620e-02 
 2.317436e+01  1.334841e-02 
 2.317476e+01  1.362388e-02 
 2.317516e+01  1.410571e-02 
 2.317555e+01  1.469167e-02 
 2.317595e+01  1.531440e-02 
 2.317635e+01  1.587684e-02 
 2.317675e+01  1.624452e-02 
 2.317714e+01  1.631293e-02 
 2.317754e+01  1.603840e-02 
 2.317794e+01  1.537549e-02 
 2.317834e+01  1.433041e-02 
 2.317874e+01  1.291446e-02 
 2.317913e+01  1.115820e-02 
 2.317953e+01  9.180070e-03 
 2.317993e+01  7.066889e-03 
 2.318033e+01  4.881405e-03 
 2.318072e+01  2.753906e-03 
 2.318112e+01  8.107670e-04 
 2.318152e+01 -7.942623e-04 
 2.318192e+01 -1.950067e-03 
 2.318231e+01 -2.534056e-03 
 2.318271e+01 -2.498066e-03 
 2.318311e+01 -1.839839e-03 
 2.318351e+01 -5.646653e-04 
 2.318391e+01  1.256562e-03 
 2.318430e+01  3.489113e-03 
 2.318470e+01  5.988718e-03 
 2.318510e+01  8.555922e-03 
 2.318550e+01  1.104492e-02 
 2.318589e+01  1.327479e-02 
 2.318629e+01  1.509700e-02 
 2.318669e+01  1.641360e-02 
 2.318709e+01  1.711114e-02 
 2.318748e+01  1.715382e-02 
 2.318788e+01  1.655267e-02 
 2.318828e+01  1.536611e-02 
 2.318868e+01  1.368727e-02 
 2.318908e+01  1.164574e-02 
 2.318947e+01  9.397273e-03 
 2.318987e+01  7.098952e-03 
 2.319027e+01  4.924741e-03 
 2.319067e+01  2.996220e-03 
 2.319106e+01  1.410156e-03 
 2.319146e+01  2.171814e-04 
 2.319186e+01 -5.381288e-04 
 2.319226e+01 -8.126321e-04 
 2.319265e+01 -6.191293e-04 
 2.319305e+01 -4.835538e-05 
 2.319345e+01  8.237218e-04 
 2.319385e+01  1.919314e-03 
 2.319425e+01  3.085415e-03 
 2.319464e+01  4.166486e-03 
 2.319504e+01  5.079406e-03 
 2.319544e+01  5.710668e-03 
 2.319584e+01  6.050278e-03 
 2.319623e+01  6.105938e-03 
 2.319663e+01  5.886363e-03 
 2.319703e+01  5.420634e-03 
 2.319743e+01  4.773046e-03 
 2.319782e+01  4.033501e-03 
 2.319822e+01  3.258813e-03 
 2.319862e+01  2.543116e-03 
 2.319902e+01  1.952392e-03 
 2.319942e+01  1.559470e-03 
 2.319981e+01  1.424573e-03 
 2.320021e+01  1.580013e-03 
 2.320061e+01  2.006398e-03 
 2.320101e+01  2.676536e-03 
 2.320140e+01  3.584482e-03 
 2.320180e+01  4.662313e-03 
 2.320220e+01  5.825160e-03 
 2.320260e+01  6.945831e-03 
 2.320299e+01  7.916776e-03 
 2.320339e+01  8.667835e-03 
 2.320379e+01  9.135223e-03 
 2.320419e+01  9.294698e-03 
 2.320459e+01  9.145672e-03 
 2.320498e+01  8.691657e-03 
 2.320538e+01  7.965947e-03 
 2.320578e+01  6.979694e-03 
 2.320618e+01  5.820030e-03 
 2.320657e+01  4.537149e-03 
 2.320697e+01  3.181591e-03 
 2.320737e+01  1.851744e-03 
 2.320777e+01  6.239213e-04 
 2.320816e+01 -5.077427e-04 
 2.320856e+01 -1.484286e-03 
 2.320896e+01 -2.313802e-03 
 2.320936e+01 -2.999653e-03 
 2.320976e+01 -3.548562e-03 
 2.321015e+01 -3.927462e-03 
 2.321055e+01 -4.118477e-03 
 2.321095e+01 -4.134445e-03 
 2.321135e+01 -3.972644e-03 
 2.321174e+01 -3.654503e-03 
 2.321214e+01 -3.202934e-03 
 2.321254e+01 -2.634677e-03 
 2.321294e+01 -1.979080e-03 
 2.321333e+01 -1.255144e-03 
 2.321373e+01 -4.766050e-04 
 2.321413e+01  3.436171e-04 
 2.321453e+01  1.190562e-03 
 2.321493e+01  2.036259e-03 
 2.321532e+01  2.815981e-03 
 2.321572e+01  3.518316e-03 
 2.321612e+01  4.174277e-03 
 2.321652e+01  4.727184e-03 
 2.321691e+01  5.199338e-03 
 2.321731e+01  5.614744e-03 
 2.321771e+01  5.959554e-03 
 2.321811e+01  6.220654e-03 
 2.321850e+01  6.409039e-03 
 2.321890e+01  6.469060e-03 
 2.321930e+01  6.387149e-03 
 2.321970e+01  6.146871e-03 
 2.322010e+01  5.799503e-03 
 2.322049e+01  5.323386e-03 
 2.322089e+01  4.774670e-03 
 2.322129e+01  4.193428e-03 
 2.322169e+01  3.574475e-03 
 2.322208e+01  2.936998e-03 
 2.322248e+01  2.261719e-03 
 2.322288e+01  1.559596e-03 
 2.322328e+01  8.763661e-04 
 2.322367e+01  2.312719e-04 
 2.322407e+01 -3.489603e-04 
 2.322447e+01 -8.640678e-04 
 2.322487e+01 -1.305094e-03 
 2.322527e+01 -1.624307e-03 
 2.322566e+01 -1.839049e-03 
 2.322606e+01 -1.951314e-03 
 2.322646e+01 -1.956723e-03 
 2.322686e+01 -1.855280e-03 
 2.322725e+01 -1.622187e-03 
 2.322765e+01 -1.273303e-03 
 2.322805e+01 -8.380496e-04 
 2.322845e+01 -3.708461e-04 
 2.322884e+01  9.068701e-05 
 2.322924e+01  5.044874e-04 
 2.322964e+01  8.346474e-04 
 2.323004e+01  1.113071e-03 
 2.323044e+01  1.297570e-03 
 2.323083e+01  1.418681e-03 
 2.323123e+01  1.507921e-03 
 2.323163e+01  1.550615e-03 
 2.323203e+01  1.570234e-03 
 2.323242e+01  1.603195e-03 
 2.323282e+01  1.622950e-03 
 2.323322e+01  1.625274e-03 
 2.323362e+01  1.675062e-03 
 2.323401e+01  1.756766e-03 
 2.323441e+01  1.909340e-03 
 2.323481e+01  2.094920e-03 
 2.323521e+01  2.298914e-03 
 2.323561e+01  2.476380e-03 
 2.323600e+01  2.615195e-03 
 2.323640e+01  2.735990e-03 
 2.323680e+01  2.754998e-03 
 2.323720e+01  2.637076e-03 
 2.323759e+01  2.359486e-03 
 2.323799e+01  1.907992e-03 
 2.323839e+01  1.307026e-03 
 2.323879e+01  5.662988e-04 
 2.323918e+01 -2.748831e-04 
 2.323958e+01 -1.133983e-03 
 2.323998e+01 -1.938588e-03 
 2.324038e+01 -2.650361e-03 
 2.324078e+01 -3.202688e-03 
 2.324117e+01 -3.553148e-03 
 2.324157e+01 -3.653568e-03 
 2.324197e+01 -3.495915e-03 
 2.324237e+01 -3.063285e-03 
 2.324276e+01 -2.378831e-03 
 2.324316e+01 -1.434293e-03 
 2.324356e+01 -2.049746e-04 
 2.324396e+01  1.288350e-03 
 2.324435e+01  2.964357e-03 
 2.324475e+01  4.810738e-03 
 2.324515e+01  6.668987e-03 
 2.324555e+01  8.498385e-03 
 2.324595e+01  1.020723e-02 
 2.324634e+01  1.169154e-02 
 2.324674e+01  1.283961e-02 
 2.324714e+01  1.360401e-02 
 2.324754e+01  1.400283e-02 
 2.324793e+01  1.400026e-02 
 2.324833e+01  1.361713e-02 
 2.324873e+01  1.293171e-02 
 2.324913e+01  1.201873e-02 
 2.324953e+01  1.097996e-02 
 2.324992e+01  9.955229e-03 
 2.325032e+01  9.022897e-03 
 2.325072e+01  8.267536e-03 
 2.325112e+01  7.744127e-03 
 2.325151e+01  7.460991e-03 
 2.325191e+01  7.461510e-03 
 2.325231e+01  7.747365e-03 
 2.325271e+01  8.267108e-03 
 2.325310e+01  8.983033e-03 
 2.325350e+01  9.819924e-03 
 2.325390e+01  1.063630e-02 
 2.325430e+01  1.132121e-02 
 2.325470e+01  1.175957e-02 
 2.325509e+01  1.185329e-02 
 2.325549e+01  1.157742e-02 
 2.325589e+01  1.098363e-02 
 2.325629e+01  1.009097e-02 
 2.325668e+01  8.960592e-03 
 2.325708e+01  7.629869e-03 
 2.325748e+01  6.176469e-03 
 2.325788e+01  4.670410e-03 
 2.325827e+01  3.298161e-03 
 2.325867e+01  2.241975e-03 
 2.325907e+01  1.611854e-03 
 2.325947e+01  1.513413e-03 
 2.325987e+01  2.020814e-03 
 2.326026e+01  3.108700e-03 
 2.326066e+01  4.678865e-03 
 2.326106e+01  6.646684e-03 
 2.326146e+01  8.871175e-03 
 2.326185e+01  1.119894e-02 
 2.326225e+01  1.351739e-02 
 2.326265e+01  1.569929e-02 
 2.326305e+01  1.758411e-02 
 2.326344e+01  1.909253e-02 
 2.326384e+01  2.007060e-02 
 2.326424e+01  2.044867e-02 
 2.326464e+01  2.022701e-02 
 2.326504e+01  1.942646e-02 
 2.326543e+01  1.816241e-02 
 2.326583e+01  1.651474e-02 
 2.326623e+01  1.460162e-02 
 2.326663e+01  1.251966e-02 
 2.326702e+01  1.040380e-02 
 2.326742e+01  8.389717e-03 
 2.326782e+01  6.588956e-03 
 2.326822e+01  5.137802e-03 
 2.326861e+01  4.111813e-03 
 2.326901e+01  3.542377e-03 
 2.326941e+01  3.473254e-03 
 2.326981e+01  3.874127e-03 
 2.327021e+01  4.615215e-03 
 2.327060e+01  5.604567e-03 
 2.327100e+01  6.760871e-03 
 2.327140e+01  7.961780e-03 
 2.327180e+01  9.112569e-03 
 2.327219e+01  1.015238e-02 
 2.327259e+01  1.101013e-02 
 2.327299e+01  1.158756e-02 
 2.327339e+01  1.185076e-02 
 2.327378e+01  1.179446e-02 
 2.327418e+01  1.139099e-02 
 2.327458e+01  1.072682e-02 
 2.327498e+01  9.876385e-03 
 2.327538e+01  8.919735e-03 
 2.327577e+01  7.976806e-03 
 2.327617e+01  7.129940e-03 
 2.327657e+01  6.442463e-03 
 2.327697e+01  5.979483e-03 
 2.327736e+01  5.799457e-03 
 2.327776e+01  5.940051e-03 
 2.327816e+01  6.418609e-03 
 2.327856e+01  7.234634e-03 
 2.327895e+01  8.354917e-03 
 2.327935e+01  9.707686e-03 
 2.327975e+01  1.119046e-02 
 2.328015e+01  1.267387e-02 
 2.328055e+01  1.401424e-02 
 2.328094e+01  1.510428e-02 
 2.328134e+01  1.586240e-02 
 2.328174e+01  1.621593e-02 
 2.328214e+01  1.616988e-02 
 2.328253e+01  1.564392e-02 
 2.328293e+01  1.460981e-02 
 2.328333e+01  1.313741e-02 
 2.328373e+01  1.129911e-02 
 2.328412e+01  9.174906e-03 
 2.328452e+01  6.892163e-03 
 2.328492e+01  4.582057e-03 
 2.328532e+01  2.336487e-03 
 2.328572e+01  2.695054e-04 
 2.328611e+01 -1.520592e-03 
 2.328651e+01 -2.995065e-03 
 2.328691e+01 -4.063643e-03 
 2.328731e+01 -4.635871e-03 
 2.328770e+01 -4.644647e-03 
 2.328810e+01 -4.141484e-03 
 2.328850e+01 -3.178909e-03 
 2.328890e+01 -1.859840e-03 
 2.328929e+01 -3.086588e-04 
 2.328969e+01  1.370476e-03 
 2.329009e+01  3.112259e-03 
 2.329049e+01  4.811241e-03 
 2.329089e+01  6.382839e-03 
 2.329128e+01  7.780879e-03 
 2.329168e+01  8.922448e-03 
 2.329208e+01  9.737318e-03 
 2.329248e+01  1.018040e-02 
 2.329287e+01  1.024034e-02 
 2.329327e+01  9.971234e-03 
 2.329367e+01  9.426276e-03 
 2.329407e+01  8.687637e-03 
 2.329446e+01  7.877521e-03 
 2.329486e+01  7.109169e-03 
 2.329526e+01  6.449725e-03 
 2.329566e+01  5.973868e-03 
 2.329606e+01  5.739392e-03 
 2.329645e+01  5.755912e-03 
 2.329685e+01  6.006240e-03 
 2.329725e+01  6.488709e-03 
 2.329765e+01  7.134282e-03 
 2.329804e+01  7.852820e-03 
 2.329844e+01  8.564249e-03 
 2.329884e+01  9.184492e-03 
 2.329924e+01  9.615550e-03 
 2.329963e+01  9.841462e-03 
 2.330003e+01  9.847157e-03 
 2.330043e+01  9.610411e-03 
 2.330083e+01  9.154152e-03 
 2.330123e+01  8.484885e-03 
 2.330162e+01  7.624404e-03 
 2.330202e+01  6.597084e-03 
 2.330242e+01  5.487237e-03 
 2.330282e+01  4.343102e-03 
 2.330321e+01  3.238154e-03 
 2.330361e+01  2.285968e-03 
 2.330401e+01  1.578496e-03 
 2.330441e+01  1.157678e-03 
 2.330480e+01  1.040703e-03 
 2.330520e+01  1.199312e-03 
 2.330560e+01  1.572387e-03 
 2.330600e+01  2.123231e-03 
 2.330640e+01  2.767726e-03 
 2.330679e+01  3.467637e-03 
 2.330719e+01  4.202842e-03 
 2.330759e+01  4.949190e-03 
 2.330799e+01  5.676621e-03 
 2.330838e+01  6.350723e-03 
 2.330878e+01  6.911265e-03 
 2.330918e+01  7.310759e-03 
 2.330958e+01  7.534596e-03 
 2.330997e+01  7.596721e-03 
 2.331037e+01  7.502691e-03 
 2.331077e+01  7.294012e-03 
 2.331117e+01  7.039638e-03 
 2.331157e+01  6.739430e-03 
 2.331196e+01  6.409331e-03 
 2.331236e+01  6.077313e-03 
 2.331276e+01  5.755706e-03 
 2.331316e+01  5.418449e-03 
 2.331355e+01  5.135493e-03 
 2.331395e+01  4.849134e-03 
 2.331435e+01  4.508400e-03 
 2.331475e+01  4.125616e-03 
 2.331514e+01  3.656147e-03 
 2.331554e+01  3.077245e-03 
 2.331594e+01  2.378613e-03 
 2.331634e+01  1.572228e-03 
 2.331674e+01  6.825656e-04 
 2.331713e+01 -2.355451e-04 
 2.331753e+01 -1.116051e-03 
 2.331793e+01 -1.934620e-03 
 2.331833e+01 -2.614893e-03 
 2.331872e+01 -3.112219e-03 
 2.331912e+01 -3.384217e-03 
 2.331952e+01 -3.371559e-03 
 2.331992e+01 -3.074739e-03 
 2.332031e+01 -2.486526e-03 
 2.332071e+01 -1.652924e-03 
 2.332111e+01 -5.858133e-04 
 2.332151e+01  6.194982e-04 
 2.332191e+01  1.907014e-03 
 2.332230e+01  3.208174e-03 
 2.332270e+01  4.445846e-03 
 2.332310e+01  5.561638e-03 
 2.332350e+01  6.516168e-03 
 2.332389e+01  7.218082e-03 
 2.332429e+01  7.598811e-03 
 2.332469e+01  7.655384e-03 
 2.332509e+01  7.356531e-03 
 2.332548e+01  6.749243e-03 
 2.332588e+01  5.891243e-03 
 2.332628e+01  4.841149e-03 
 2.332668e+01  3.661614e-03 
 2.332708e+01  2.447497e-03 
 2.332747e+01  1.309629e-03 
 2.332787e+01  3.076641e-04 
 2.332827e+01 -4.931820e-04 
 2.332867e+01 -1.081260e-03 
 2.332906e+01 -1.426129e-03 
 2.332946e+01 -1.522940e-03 
 2.332986e+01 -1.385939e-03 
 2.333026e+01 -1.069050e-03 
 2.333065e+01 -6.781967e-04 
 2.333105e+01 -2.548479e-04 
 2.333145e+01  1.120766e-04 
 2.333185e+01  3.775414e-04 
 2.333225e+01  4.962734e-04 
 2.333264e+01  4.408854e-04 
 2.333304e+01  2.169371e-04 
 2.333344e+01 -1.356212e-04 
 2.333384e+01 -5.970360e-04 
 2.333423e+01 -1.171925e-03 
 2.333463e+01 -1.792273e-03 
 2.333503e+01 -2.432745e-03 
 2.333543e+01 -3.019302e-03 
 2.333582e+01 -3.430355e-03 
 2.333622e+01 -3.640679e-03 
 2.333662e+01 -3.631277e-03 
 2.333702e+01 -3.400295e-03 
 2.333742e+01 -2.955913e-03 
 2.333781e+01 -2.333643e-03 
 2.333821e+01 -1.498208e-03 
 2.333861e+01 -4.270807e-04 
 2.333901e+01  8.705670e-04 
 2.333940e+01  2.367979e-03 
 2.333980e+01  3.987691e-03 
 2.334020e+01  5.619131e-03 
 2.334060e+01  7.114464e-03 
 2.334100e+01  8.395864e-03 
 2.334139e+01  9.366975e-03 
 2.334179e+01  9.992928e-03 
 2.334219e+01  1.027769e-02 
 2.334259e+01  1.021903e-02 
 2.334298e+01  9.770681e-03 
 2.334338e+01  8.954589e-03 
 2.334378e+01  7.792747e-03 
 2.334418e+01  6.321024e-03 
 2.334457e+01  4.668902e-03 
 2.334497e+01  2.939863e-03 
 2.334537e+01  1.270209e-03 
 2.334577e+01 -2.438018e-04 
 2.334617e+01 -1.496528e-03 
 2.334656e+01 -2.420532e-03 
 2.334696e+01 -2.928523e-03 
 2.334736e+01 -2.980748e-03 
 2.334776e+01 -2.565061e-03 
 2.334815e+01 -1.701761e-03 
 2.334855e+01 -4.542815e-04 
 2.334895e+01  1.034216e-03 
 2.334935e+01  2.665893e-03 
 2.334974e+01  4.328604e-03 
 2.335014e+01  5.873935e-03 
 2.335054e+01  7.195716e-03 
 2.335094e+01  8.243215e-03 
 2.335134e+01  8.992438e-03 
 2.335173e+01  9.428789e-03 
 2.335213e+01  9.574344e-03 
 2.335253e+01  9.446818e-03 
 2.335293e+01  9.057627e-03 
 2.335332e+01  8.516198e-03 
 2.335372e+01  7.910035e-03 
 2.335412e+01  7.320854e-03 
 2.335452e+01  6.861363e-03 
 2.335491e+01  6.622116e-03 
 2.335531e+01  6.672245e-03 
 2.335571e+01  7.059662e-03 
 2.335611e+01  7.815511e-03 
 2.335651e+01  8.881124e-03 
 2.335690e+01  1.022390e-02 
 2.335730e+01  1.174975e-02 
 2.335770e+01  1.332223e-02 
 2.335810e+01  1.482485e-02 
 2.335849e+01  1.610927e-02 
 2.335889e+01  1.705074e-02 
 2.335929e+01  1.756042e-02 
 2.335969e+01  1.754397e-02 
 2.336008e+01  1.698273e-02 
 2.336048e+01  1.587233e-02 
 2.336088e+01  1.428928e-02 
 2.336128e+01  1.231633e-02 
 2.336168e+01  1.006165e-02 
 2.336207e+01  7.700107e-03 
 2.336247e+01  5.381738e-03 
 2.336287e+01  3.264113e-03 
 2.336327e+01  1.505490e-03 
 2.336366e+01  2.101333e-04 
 2.336406e+01 -5.521315e-04 
 2.336446e+01 -7.223322e-04 
 2.336486e+01 -2.848829e-04 
 2.336525e+01  6.931731e-04 
 2.336565e+01  2.138848e-03 
 2.336605e+01  3.933800e-03 
 2.336645e+01  5.922246e-03 
 2.336685e+01  7.951459e-03 
 2.336724e+01  9.946892e-03 
 2.336764e+01  1.175901e-02 
 2.336804e+01  1.325866e-02 
 2.336844e+01  1.439015e-02 
 2.336883e+01  1.505466e-02 
 2.336923e+01  1.523643e-02 
 2.336963e+01  1.496261e-02 
 2.337003e+01  1.427800e-02 
 2.337042e+01  1.329363e-02 
 2.337082e+01  1.214678e-02 
 2.337122e+01  1.096425e-02 
 2.337162e+01  9.880170e-03 
 2.337202e+01  8.986063e-03 
 2.337241e+01  8.330896e-03 
 2.337281e+01  7.968261e-03 
 2.337321e+01  7.946513e-03 
 2.337361e+01  8.307234e-03 
 2.337400e+01  8.974353e-03 
 2.337440e+01  9.893318e-03 
 2.337480e+01  1.095835e-02 
 2.337520e+01  1.203416e-02 
 2.337559e+01  1.302589e-02 
 2.337599e+01  1.383611e-02 
 2.337639e+01  1.435439e-02 
 2.337679e+01  1.453207e-02 
 2.337719e+01  1.435401e-02 
 2.337758e+01  1.378304e-02 
 2.337798e+01  1.286007e-02 
 2.337838e+01  1.160597e-02 
 2.337878e+01  1.009450e-02 
 2.337917e+01  8.409647e-03 
 2.337957e+01  6.686112e-03 
 2.337997e+01  5.036512e-03 
 2.338037e+01  3.560438e-03 
 2.338076e+01  2.393053e-03 
 2.338116e+01  1.593178e-03 
 2.338156e+01  1.208792e-03 
 2.338196e+01  1.271911e-03 
 2.338236e+01  1.789853e-03 
 2.338275e+01  2.721741e-03 
 2.338315e+01  4.016691e-03 
 2.338355e+01  5.605066e-03 
 2.338395e+01  7.386691e-03 
 2.338434e+01  9.266438e-03 
 2.338474e+01  1.116142e-02 
 2.338514e+01  1.296794e-02 
 2.338554e+01  1.457323e-02 
 2.338593e+01  1.591660e-02 
 2.338633e+01  1.689746e-02 
 2.338673e+01  1.748326e-02 
 2.338713e+01  1.767490e-02 
 2.338753e+01  1.746012e-02 
 2.338792e+01  1.687283e-02 
 2.338832e+01  1.597027e-02 
 2.338872e+01  1.478333e-02 
 2.338912e+01  1.336511e-02 
 2.338951e+01  1.181871e-02 
 2.338991e+01  1.024147e-02 
 2.339031e+01  8.719358e-03 
 2.339071e+01  7.359067e-03 
 2.339110e+01  6.227943e-03 
 2.339150e+01  5.338189e-03 
 2.339190e+01  4.707393e-03 
 2.339230e+01  4.329037e-03 
 2.339270e+01  4.147762e-03 
 2.339309e+01  4.143120e-03 
 2.339349e+01  4.289053e-03 
 2.339389e+01  4.544930e-03 
 2.339429e+01  4.872554e-03 
 2.339468e+01  5.205395e-03 
 2.339508e+01  5.511555e-03 
 2.339548e+01  5.743101e-03 
 2.339588e+01  5.906570e-03 
 2.339627e+01  5.969540e-03 
 2.339667e+01  5.897435e-03 
 2.339707e+01  5.734094e-03 
 2.339747e+01  5.471870e-03 
 2.339787e+01  5.154264e-03 
 2.339826e+01  4.813181e-03 
 2.339866e+01  4.510268e-03 
 2.339906e+01  4.265178e-03 
 2.339946e+01  4.150726e-03 
 2.339985e+01  4.204483e-03 
 2.340025e+01  4.424736e-03 
 2.340065e+01  4.822528e-03 
 2.340105e+01  5.373889e-03 
 2.340144e+01  6.052979e-03 
 2.340184e+01  6.823658e-03 
 2.340224e+01  7.663011e-03 
 2.340264e+01  8.528241e-03 
 2.340304e+01  9.365363e-03 
 2.340343e+01  1.010702e-02 
 2.340383e+01  1.067851e-02 
 2.340423e+01  1.101207e-02 
 2.340463e+01  1.107623e-02 
 2.340502e+01  1.082869e-02 
 2.340542e+01  1.027213e-02 
 2.340582e+01  9.437203e-03 
 2.340622e+01  8.390644e-03 
 2.340661e+01  7.170072e-03 
 2.340701e+01  5.868312e-03 
 2.340741e+01  4.536527e-03 
 2.340781e+01  3.232301e-03 
 2.340821e+01  2.026503e-03 
 2.340860e+01  9.622904e-04 
 2.340900e+01  7.378236e-05 
 2.340940e+01 -6.434598e-04 
 2.340980e+01 -1.180116e-03 
 2.341019e+01 -1.567745e-03 
 2.341059e+01 -1.807959e-03 
 2.341099e+01 -1.925246e-03 
 2.341139e+01 -1.958291e-03 
 2.341178e+01 -1.939075e-03 
 2.341218e+01 -1.890898e-03 
 2.341258e+01 -1.834444e-03 
 2.341298e+01 -1.791076e-03 
 2.341338e+01 -1.732072e-03 
 2.341377e+01 -1.690566e-03 
 2.341417e+01 -1.644255e-03 
 2.341457e+01 -1.553288e-03 
 2.341497e+01 -1.379050e-03 
 2.341536e+01 -1.093690e-03 
 2.341576e+01 -6.590028e-04 
 2.341616e+01 -5.536787e-05 
 2.341656e+01  6.872311e-04 
 2.341695e+01  1.542858e-03 
 2.341735e+01  2.454741e-03 
 2.341775e+01  3.322063e-03 
 2.341815e+01  4.058152e-03 
 2.341855e+01  4.624630e-03 
 2.341894e+01  4.957781e-03 
 2.341934e+01  5.024963e-03 
 2.341974e+01  4.810490e-03 
 2.342014e+01  4.249949e-03 
 2.342053e+01  3.342094e-03 
 2.342093e+01  2.122399e-03 
 2.342133e+01  6.334307e-04 
 2.342173e+01 -1.054861e-03 
 2.342212e+01 -2.837863e-03 
 2.342252e+01 -4.617426e-03 
 2.342292e+01 -6.315980e-03 
 2.342332e+01 -7.793765e-03 
 2.342372e+01 -9.003732e-03 
 2.342411e+01 -9.848027e-03 
 2.342451e+01 -1.027652e-02 
 2.342491e+01 -1.023129e-02 
 2.342531e+01 -9.732324e-03 
 2.342570e+01 -8.819526e-03 
 2.342610e+01 -7.574596e-03 
 2.342650e+01 -6.123234e-03 
 2.342690e+01 -4.576137e-03 
 2.342729e+01 -3.069817e-03 
 2.342769e+01 -1.731270e-03 
 2.342809e+01 -6.288746e-04 
 2.342849e+01  1.699060e-04 
 2.342889e+01  6.028103e-04 
 2.342928e+01  6.807570e-04 
 2.342968e+01  4.752534e-04 
 2.343008e+01  3.368176e-05 
 2.343048e+01 -5.218507e-04 
 2.343087e+01 -1.065526e-03 
 2.343127e+01 -1.519050e-03 
 2.343167e+01 -1.779567e-03 
 2.343207e+01 -1.773582e-03 
 2.343247e+01 -1.468406e-03 
 2.343286e+01 -8.492110e-04 
 2.343326e+01  7.472308e-05 
 2.343366e+01  1.314672e-03 
 2.343406e+01  2.782928e-03 
 2.343445e+01  4.409986e-03 
 2.343485e+01  6.084125e-03 
 2.343525e+01  7.664793e-03 
 2.343565e+01  9.041262e-03 
 2.343604e+01  1.010100e-02 
 2.343644e+01  1.075726e-02 
 2.343684e+01  1.096604e-02 
 2.343724e+01  1.069510e-02 
 2.343764e+01  9.922725e-03 
 2.343803e+01  8.685969e-03 
 2.343843e+01  7.056261e-03 
 2.343883e+01  5.115609e-03 
 2.343923e+01  3.032993e-03 
 2.343962e+01  9.806279e-04 
 2.344002e+01 -9.185633e-04 
 2.344042e+01 -2.530366e-03 
 2.344082e+01 -3.744997e-03 
 2.344121e+01 -4.503059e-03 
 2.344161e+01 -4.760524e-03 
 2.344201e+01 -4.516278e-03 
 2.344241e+01 -3.795608e-03 
 2.344281e+01 -2.652210e-03 
 2.344320e+01 -1.124442e-03 
 2.344360e+01  6.786471e-04 
 2.344400e+01  2.623344e-03 
 2.344440e+01  4.615353e-03 
 2.344479e+01  6.538517e-03 
 2.344519e+01  8.282517e-03 
 2.344559e+01  9.783396e-03 
 2.344599e+01  1.096699e-02 
 2.344638e+01  1.177732e-02 
 2.344678e+01  1.221535e-02 
 2.344718e+01  1.228758e-02 
 2.344758e+01  1.202675e-02 
 2.344798e+01  1.147233e-02 
 2.344837e+01  1.071765e-02 
 2.344877e+01  9.839471e-03 
 2.344917e+01  8.927093e-03 
 2.344957e+01  8.086008e-03 
 2.344996e+01  7.394741e-03 
 2.345036e+01  6.937124e-03 
 2.345076e+01  6.775992e-03 
 2.345116e+01  6.909956e-03 
 2.345155e+01  7.342932e-03 
 2.345195e+01  8.046493e-03 
 2.345235e+01  8.930202e-03 
 2.345275e+01  9.908863e-03 
 2.345315e+01  1.089945e-02 
 2.345354e+01  1.177830e-02 
 2.345394e+01  1.245899e-02 
 2.345434e+01  1.288540e-02 
 2.345474e+01  1.301111e-02 
 2.345513e+01  1.280000e-02 
 2.345553e+01  1.225771e-02 
 2.345593e+01  1.142229e-02 
 2.345633e+01  1.032320e-02 
 2.345672e+01  9.031237e-03 
 2.345712e+01  7.657727e-03 
 2.345752e+01  6.288345e-03 
 2.345792e+01  5.032919e-03 
 2.345832e+01  4.041207e-03 
 2.345871e+01  3.408241e-03 
 2.345911e+01  3.201128e-03 
 2.345951e+01  3.490725e-03 
 2.345991e+01  4.242111e-03 
 2.346030e+01  5.444805e-03 
 2.346070e+01  7.053063e-03 
 2.346110e+01  8.974864e-03 
 2.346150e+01  1.110573e-02 
 2.346189e+01  1.333776e-02 
 2.346229e+01  1.551855e-02 
 2.346269e+01  1.750647e-02 
 2.346309e+01  1.917822e-02 
 2.346349e+01  2.043170e-02 
 2.346388e+01  2.116013e-02 
 2.346428e+01  2.134905e-02 
 2.346468e+01  2.098525e-02 
 2.346508e+01  2.010703e-02 
 2.346547e+01  1.878563e-02 
 2.346587e+01  1.706473e-02 
 2.346627e+01  1.503989e-02 
 2.346667e+01  1.283313e-02 
 2.346706e+01  1.059102e-02 
 2.346746e+01  8.455641e-03 
 2.346786e+01  6.570354e-03 
 2.346826e+01  5.084886e-03 
 2.346866e+01  4.062549e-03 
 2.346905e+01  3.544137e-03 
 2.346945e+01  3.528005e-03 
 2.346985e+01  3.956909e-03 
 2.347025e+01  4.761637e-03 
 2.347064e+01  5.882573e-03 
 2.347104e+01  7.179163e-03 
 2.347144e+01  8.488131e-03 
 2.347184e+01  9.701506e-03 
 2.347223e+01  1.066034e-02 
 2.347263e+01  1.124268e-02 
 2.347303e+01  1.138534e-02 
 2.347343e+01  1.105194e-02 
 2.347383e+01  1.026521e-02 
 2.347422e+01  9.081609e-03 
 2.347462e+01  7.639641e-03 
 2.347502e+01  6.084946e-03 
 2.347542e+01  4.587128e-03 
 2.347581e+01  3.267806e-03 
 2.347621e+01  2.275030e-03 
 2.347661e+01  1.687367e-03 
 2.347701e+01  1.616658e-03 
 2.347740e+01  2.074905e-03 
 2.347780e+01  3.071531e-03 
 2.347820e+01  4.581138e-03 
 2.347860e+01  6.504365e-03 
 2.347900e+01  8.729656e-03 
 2.347939e+01  1.113705e-02 
 2.347979e+01  1.353031e-02 
 2.348019e+01  1.573372e-02 
 2.348059e+01  1.759117e-02 
 2.348098e+01  1.897591e-02 
 2.348138e+01  1.978082e-02 
 2.348178e+01  1.998952e-02 
 2.348218e+01  1.956591e-02 
 2.348257e+01  1.853837e-02 
 2.348297e+01  1.700214e-02 
 2.348337e+01  1.507328e-02 
 2.348377e+01  1.286034e-02 
 2.348417e+01  1.052674e-02 
 2.348456e+01  8.225833e-03 
 2.348496e+01  6.098659e-03 
 2.348536e+01  4.263283e-03 
 2.348576e+01  2.826879e-03 
 2.348615e+01  1.819262e-03 
 2.348655e+01  1.252055e-03 
 2.348695e+01  1.142497e-03 
 2.348735e+01  1.454293e-03 
 2.348774e+01  2.125436e-03 
 2.348814e+01  3.090609e-03 
 2.348854e+01  4.238396e-03 
 2.348894e+01  5.458444e-03 
 2.348934e+01  6.674362e-03 
 2.348973e+01  7.802100e-03 
 2.349013e+01  8.749252e-03 
 2.349053e+01  9.486023e-03 
 2.349093e+01  9.980883e-03 
 2.349132e+01  1.022673e-02 
 2.349172e+01  1.022765e-02 
 2.349212e+01  9.998201e-03 
 2.349252e+01  9.579386e-03 
 2.349291e+01  9.048074e-03 
 2.349331e+01  8.448401e-03 
 2.349371e+01  7.832960e-03 
 2.349411e+01  7.276659e-03 
 2.349451e+01  6.835334e-03 
 2.349490e+01  6.512209e-03 
 2.349530e+01  6.328024e-03 
 2.349570e+01  6.285929e-03 
 2.349610e+01  6.358161e-03 
 2.349649e+01  6.496085e-03 
 2.349689e+01  6.700264e-03 
 2.349729e+01  6.903834e-03 
 2.349769e+01  7.043364e-03 
 2.349808e+01  7.053423e-03 
 2.349848e+01  6.926442e-03 
 2.349888e+01  6.614134e-03 
 2.349928e+01  6.145066e-03 
 2.349968e+01  5.531541e-03 
 2.350007e+01  4.776734e-03 
 2.350047e+01  3.909273e-03 
 2.350087e+01  2.969819e-03 
 2.350127e+01  1.968314e-03 
 2.350166e+01  9.298051e-04 
 2.350206e+01 -8.971653e-05 
 2.350246e+01 -1.053418e-03 
 2.350286e+01 -1.909040e-03 
 2.350325e+01 -2.576101e-03 
 2.350365e+01 -3.057083e-03 
 2.350405e+01 -3.326753e-03 
 2.350445e+01 -3.396024e-03 
 2.350485e+01 -3.299354e-03 
 2.350524e+01 -3.052510e-03 
 2.350564e+01 -2.695350e-03 
 2.350604e+01 -2.238807e-03 
 2.350644e+01 -1.704142e-03 
 2.350683e+01 -1.099210e-03 
 2.350723e+01 -4.296101e-04 
 2.350763e+01  2.439815e-04 
 2.350803e+01  9.328812e-04 
 2.350842e+01  1.614442e-03 
 2.350882e+01  2.250852e-03 
 2.350922e+01  2.858436e-03 
 2.350962e+01  3.455500e-03 
 2.351002e+01  4.004105e-03 
 2.351041e+01  4.520603e-03 
 2.351081e+01  4.994860e-03 
 2.351121e+01  5.392539e-03 
 2.351161e+01  5.677679e-03 
 2.351200e+01  5.870877e-03 
 2.351240e+01  5.919417e-03 
 2.351280e+01  5.849964e-03 
 2.351320e+01  5.666257e-03 
 2.351359e+01  5.389760e-03 
 2.351399e+01  4.996558e-03 
 2.351439e+01  4.508898e-03 
 2.351479e+01  3.927883e-03 
 2.351519e+01  3.205991e-03 
 2.351558e+01  2.355115e-03 
 2.351598e+01  1.371336e-03 
 2.351638e+01  2.815432e-04 
 2.351678e+01 -8.945409e-04 
 2.351717e+01 -2.114008e-03 
 2.351757e+01 -3.355001e-03 
 2.351797e+01 -4.558390e-03 
 2.351837e+01 -5.666191e-03 
 2.351876e+01 -6.606099e-03 
 2.351916e+01 -7.260126e-03 
 2.351956e+01 -7.569683e-03 
 2.351996e+01 -7.494459e-03 
 2.352036e+01 -7.030705e-03 
 2.352075e+01 -6.170645e-03 
 2.352115e+01 -5.002178e-03 
 2.352155e+01 -3.609304e-03 
 2.352195e+01 -2.066806e-03 
 2.352234e+01 -4.884054e-04 
 2.352274e+01  1.024619e-03 
 2.352314e+01  2.417335e-03 
 2.352354e+01  3.582855e-03 
 2.352394e+01  4.441351e-03 
 2.352433e+01  4.950483e-03 
 2.352473e+01  5.083358e-03 
 2.352513e+01  4.851336e-03 
 2.352553e+01  4.308943e-03 
 2.352592e+01  3.525421e-03 
 2.352632e+01  2.590587e-03 
 2.352672e+01  1.614623e-03 
 2.352712e+01  7.197378e-04 
 2.352751e+01  1.668483e-05 
 2.352791e+01 -4.417297e-04 
 2.352831e+01 -5.468609e-04 
 2.352871e+01 -3.032699e-04 
 2.352911e+01  2.956008e-04 
 2.352950e+01  1.216397e-03 
 2.352990e+01  2.385340e-03 
 2.353030e+01  3.710988e-03 
 2.353070e+01  5.065342e-03 
 2.353109e+01  6.355997e-03 
 2.353149e+01  7.421633e-03 
 2.353189e+01  8.198797e-03 
 2.353229e+01  8.584711e-03 
 2.353268e+01  8.524587e-03 
 2.353308e+01  8.031169e-03 
 2.353348e+01  7.111055e-03 
 2.353388e+01  5.840893e-03 
 2.353428e+01  4.339799e-03 
 2.353467e+01  2.716678e-03 
 2.353507e+01  1.112496e-03 
 2.353547e+01 -3.335213e-04 
 2.353587e+01 -1.507925e-03 
 2.353626e+01 -2.291920e-03 
 2.353666e+01 -2.595409e-03 
 2.353706e+01 -2.335618e-03 
 2.353746e+01 -1.519777e-03 
 2.353785e+01 -1.602413e-04 
 2.353825e+01  1.713401e-03 
 2.353865e+01  3.989678e-03 
 2.353905e+01  6.523720e-03 
 2.353945e+01  9.176365e-03 
 2.353984e+01  1.173327e-02 
 2.354024e+01  1.402192e-02 
 2.354064e+01  1.588667e-02 
 2.354104e+01  1.720369e-02 
 2.354143e+01  1.789696e-02 
 2.354183e+01  1.792954e-02 
 2.354223e+01  1.730997e-02 
 2.354263e+01  1.610031e-02 
 2.354302e+01  1.439453e-02 
 2.354342e+01  1.229401e-02 
 2.354382e+01  9.935510e-03 
 2.354422e+01  7.509131e-03 
 2.354462e+01  5.191994e-03 
 2.354501e+01  3.149181e-03 
 2.354541e+01  1.538723e-03 
 2.354581e+01  4.283969e-04 
 2.354621e+01 -1.535711e-04 
 2.354660e+01 -1.989355e-04 
 2.354700e+01  2.565634e-04 
 2.354740e+01  1.139897e-03 
 2.354780e+01  2.380795e-03 
 2.354819e+01  3.842500e-03 
 2.354859e+01  5.382550e-03 
 2.354899e+01  6.833706e-03 
 2.354939e+01  8.048083e-03 
 2.354979e+01  8.903825e-03 
 2.355018e+01  9.341767e-03 
 2.355058e+01  9.353265e-03 
 2.355098e+01  8.969306e-03 
 2.355138e+01  8.216066e-03 
 2.355177e+01  7.191717e-03 
 2.355217e+01  5.984290e-03 
 2.355257e+01  4.684719e-03 
 2.355297e+01  3.461099e-03 
 2.355336e+01  2.419483e-03 
 2.355376e+01  1.693258e-03 
 2.355416e+01  1.359323e-03 
 2.355456e+01  1.451286e-03 
 2.355496e+01  1.991857e-03 
 2.355535e+01  2.967289e-03 
 2.355575e+01  4.333860e-03 
 2.355615e+01  6.010328e-03 
 2.355655e+01  7.920407e-03 
 2.355694e+01  9.939102e-03 
 2.355734e+01  1.192139e-02 
 2.355774e+01  1.372195e-02 
 2.355814e+01  1.519207e-02 
 2.355853e+01  1.620717e-02 
 2.355893e+01  1.671462e-02 
 2.355933e+01  1.667700e-02 
 2.355973e+01  1.607344e-02 
 2.356013e+01  1.492738e-02 
 2.356052e+01  1.331526e-02 
 2.356092e+01  1.130570e-02 
 2.356132e+01  9.013743e-03 
 2.356172e+01  6.615578e-03 
 2.356211e+01  4.256166e-03 
 2.356251e+01  2.075104e-03 
 2.356291e+01  2.228387e-04 
 2.356331e+01 -1.198582e-03 
 2.356370e+01 -2.133942e-03 
 2.356410e+01 -2.515897e-03 
 2.356450e+01 -2.326045e-03 
 2.356490e+01 -1.585740e-03 
 2.356530e+01 -3.282925e-04 
 2.356569e+01  1.355894e-03 
 2.356609e+01  3.355125e-03 
 2.356649e+01  5.565785e-03 
 2.356689e+01  7.791486e-03 
 2.356728e+01  9.886572e-03 
 2.356768e+01  1.168888e-02 
 2.356808e+01  1.311713e-02 
 2.356848e+01  1.405598e-02 
 2.356887e+01  1.449343e-02 
 2.356927e+01  1.443868e-02 
 2.356967e+01  1.392212e-02 
 2.357007e+01  1.300291e-02 
 2.357047e+01  1.181733e-02 
 2.357086e+01  1.045358e-02 
 2.357126e+01  9.068018e-03 
 2.357166e+01  7.787887e-03 
 2.357206e+01  6.727643e-03 
 2.357245e+01  5.980367e-03 
 2.357285e+01  5.629945e-03 
 2.357325e+01  5.696861e-03 
 2.357365e+01  6.140314e-03 
 2.357404e+01  6.912836e-03 
 2.357444e+01  7.955842e-03 
 2.357484e+01  9.122810e-03 
 2.357524e+01  1.033820e-02 
 2.357564e+01  1.150865e-02 
 2.357603e+01  1.249920e-02 
 2.357643e+01  1.323630e-02 
 2.357683e+01  1.365340e-02 
 2.357723e+01  1.369931e-02 
 2.357762e+01  1.332864e-02 
 2.357802e+01  1.256318e-02 
 2.357842e+01  1.138705e-02 
 2.357882e+01  9.878532e-03 
 2.357921e+01  8.133364e-03 
 2.357961e+01  6.264282e-03 
 2.358001e+01  4.407387e-03 
 2.358041e+01  2.703201e-03 
 2.358081e+01  1.281170e-03 
 2.358120e+01  2.423421e-04 
 2.358160e+01 -3.192686e-04 
 2.358200e+01 -3.267595e-04 
 2.358240e+01  2.493807e-04 
 2.358279e+01  1.409373e-03 
 2.358319e+01  3.067247e-03 
 2.358359e+01  5.115349e-03 
 2.358399e+01  7.448170e-03 
 2.358438e+01  9.921814e-03 
 2.358478e+01  1.233536e-02 
 2.358518e+01  1.457043e-02 
 2.358558e+01  1.649623e-02 
 2.358598e+01  1.795637e-02 
 2.358637e+01  1.890755e-02 
 2.358677e+01  1.934296e-02 
 2.358717e+01  1.925371e-02 
 2.358757e+01  1.868850e-02 
 2.358796e+01  1.774588e-02 
 2.358836e+01  1.654307e-02 
 2.358876e+01  1.518477e-02 
 2.358916e+01  1.378046e-02 
 2.358955e+01  1.242174e-02 
 2.358995e+01  1.117023e-02 
 2.359035e+01  1.010374e-02 
 2.359075e+01  9.262786e-03 
 2.359115e+01  8.675173e-03 
 2.359154e+01  8.324639e-03 
 2.359194e+01  8.186303e-03 
 2.359234e+01  8.190887e-03 
 2.359274e+01  8.278870e-03 
 2.359313e+01  8.400628e-03 
 2.359353e+01  8.469696e-03 
 2.359393e+01  8.432454e-03 
 2.359433e+01  8.229934e-03 
 2.359472e+01  7.847029e-03 
 2.359512e+01  7.269035e-03 
 2.359552e+01  6.524137e-03 
 2.359592e+01  5.648305e-03 
 2.359632e+01  4.734330e-03 
 2.359671e+01  3.873074e-03 
 2.359711e+01  3.124244e-03 
 2.359751e+01  2.576847e-03 
 2.359791e+01  2.248259e-03 
 2.359830e+01  2.145228e-03 
 2.359870e+01  2.258542e-03 
 2.359910e+01  2.573752e-03 
 2.359950e+01  3.051306e-03 
 2.359989e+01  3.647510e-03 
 2.360029e+01  4.321824e-03 
 2.360069e+01  5.009095e-03 
 2.360109e+01  5.667215e-03 
 2.360149e+01  6.223060e-03 
 2.360188e+01  6.648196e-03 
 2.360228e+01  6.892723e-03 
 2.360268e+01  6.942648e-03 
 2.360308e+01  6.804771e-03 
 2.360347e+01  6.485080e-03 
 2.360387e+01  6.017834e-03 
 2.360427e+01  5.490175e-03 
 2.360467e+01  4.962518e-03 
 2.360506e+01  4.449328e-03 
 2.360546e+01  3.994732e-03 
 2.360586e+01  3.600804e-03 
 2.360626e+01  3.294988e-03 
 2.360666e+01  3.055526e-03 
 2.360705e+01  2.883141e-03 
 2.360745e+01  2.790295e-03 
 2.360785e+01  2.733827e-03 
 2.360825e+01  2.678193e-03 
 2.360864e+01  2.598888e-03 
 2.360904e+01  2.462991e-03 
 2.360944e+01  2.189233e-03 
 2.360984e+01  1.772154e-03 
 2.361023e+01  1.201055e-03 
 2.361063e+01  5.190842e-04 
 2.361103e+01 -2.431762e-04 
 2.361143e+01 -1.035673e-03 
 2.361183e+01 -1.797101e-03 
 2.361222e+01 -2.488459e-03 
 2.361262e+01 -3.071767e-03 
 2.361302e+01 -3.505164e-03 
 2.361342e+01 -3.770396e-03 
 2.361381e+01 -3.834195e-03 
 2.361421e+01 -3.639009e-03 
 2.361461e+01 -3.196936e-03 
 2.361501e+01 -2.486486e-03 
 2.361541e+01 -1.527931e-03 
 2.361580e+01 -3.502265e-04 
 2.361620e+01  9.855398e-04 
 2.361660e+01  2.426525e-03 
 2.361700e+01  3.900126e-03 
 2.361739e+01  5.312614e-03 
 2.361779e+01  6.551312e-03 
 2.361819e+01  7.511075e-03 
 2.361859e+01  8.104046e-03 
 2.361898e+01  8.253431e-03 
 2.361938e+01  7.920374e-03 
 2.361978e+01  7.174547e-03 
 2.362018e+01  6.056823e-03 
 2.362058e+01  4.667160e-03 
 2.362097e+01  3.124840e-03 
 2.362137e+01  1.530425e-03 
 2.362177e+01 -9.985403e-06 
 2.362217e+01 -1.434309e-03 
 2.362256e+01 -2.629116e-03 
 2.362296e+01 -3.525412e-03 
 2.362336e+01 -4.054733e-03 
 2.362376e+01 -4.180867e-03 
 2.362415e+01 -3.920124e-03 
 2.362455e+01 -3.301871e-03 
 2.362495e+01 -2.379864e-03 
 2.362535e+01 -1.228223e-03 
 2.362575e+01  4.301048e-05 
 2.362614e+01  1.325708e-03 
 2.362654e+01  2.520470e-03 
 2.362694e+01  3.514768e-03 
 2.362734e+01  4.234634e-03 
 2.362773e+01  4.646303e-03 
 2.362813e+01  4.735218e-03 
 2.362853e+01  4.498609e-03 
 2.362893e+01  3.931410e-03 
 2.362932e+01  3.080669e-03 
 2.362972e+01  2.005420e-03 
 2.363012e+01  8.124427e-04 
 2.363052e+01 -4.012880e-04 
 2.363092e+01 -1.513691e-03 
 2.363131e+01 -2.397978e-03 
 2.363171e+01 -2.966933e-03 
 2.363211e+01 -3.130690e-03 
 2.363251e+01 -2.795574e-03 
 2.363290e+01 -1.977896e-03 
 2.363330e+01 -7.232326e-04 
 2.363370e+01  9.056273e-04 
 2.363410e+01  2.785848e-03 
 2.363449e+01  4.785493e-03 
 2.363489e+01  6.728551e-03 
 2.363529e+01  8.495130e-03 
 2.363569e+01  9.941324e-03 
 2.363609e+01  1.100027e-02 
 2.363648e+01  1.162539e-02 
 2.363688e+01  1.172155e-02 
 2.363728e+01  1.124357e-02 
 2.363768e+01  1.021566e-02 
 2.363807e+01  8.637755e-03 
 2.363847e+01  6.614751e-03 
 2.363887e+01  4.334824e-03 
 2.363927e+01  1.964529e-03 
 2.363966e+01 -3.199128e-04 
 2.364006e+01 -2.346055e-03 
 2.364046e+01 -3.986818e-03 
 2.364086e+01 -5.153227e-03 
 2.364126e+01 -5.788951e-03 
 2.364165e+01 -5.868449e-03 
 2.364205e+01 -5.355765e-03 
 2.364245e+01 -4.264585e-03 
 2.364285e+01 -2.642304e-03 
 2.364324e+01 -5.859166e-04 
 2.364364e+01  1.759474e-03 
 2.364404e+01  4.192816e-03 
 2.364444e+01  6.528598e-03 
 2.364483e+01  8.623259e-03 
 2.364523e+01  1.036328e-02 
 2.364563e+01  1.162319e-02 
 2.364603e+01  1.231605e-02 
 2.364643e+01  1.242221e-02 
 2.364682e+01  1.192143e-02 
 2.364722e+01  1.085412e-02 
 2.364762e+01  9.331354e-03 
 2.364802e+01  7.498736e-03 
 2.364841e+01  5.538474e-03 
 2.364881e+01  3.668679e-03 
 2.364921e+01  2.057362e-03 
 2.364961e+01  8.072821e-04 
 2.365000e+01  2.963481e-05 
 2.365040e+01 -2.613268e-04 
 2.365080e+01 -7.854991e-05 
 2.365120e+01  5.815300e-04 
 2.365160e+01  1.692392e-03 
 2.365199e+01  3.163250e-03 
 2.365239e+01  4.883459e-03 
 2.365279e+01  6.675757e-03 
 2.365319e+01  8.346852e-03 
 2.365358e+01  9.707043e-03 
 2.365398e+01  1.061223e-02 
 2.365438e+01  1.099649e-02 
 2.365478e+01  1.083074e-02 
 2.365517e+01  1.013139e-02 
 2.365557e+01  8.969387e-03 
 2.365597e+01  7.426661e-03 
 2.365637e+01  5.629799e-03 
 2.365677e+01  3.647205e-03 
 2.365716e+01  1.610650e-03 
 2.365756e+01 -3.032245e-04 
 2.365796e+01 -1.984960e-03 
 2.365836e+01 -3.258587e-03 
 2.365875e+01 -4.005087e-03 
 2.365915e+01 -4.142312e-03 
 2.365955e+01 -3.609290e-03 
 2.365995e+01 -2.403747e-03 
 2.366034e+01 -5.868752e-04 
 2.366074e+01  1.732596e-03 
 2.366114e+01  4.444685e-03 
 2.366154e+01  7.370083e-03 
 2.366194e+01  1.027951e-02 
 2.366233e+01  1.301411e-02 
 2.366273e+01  1.540574e-02 
 2.366313e+01  1.730282e-02 
 2.366353e+01  1.863006e-02 
 2.366392e+01  1.934104e-02 
 2.366432e+01  1.944769e-02 
 2.366472e+01  1.897112e-02 
 2.366512e+01  1.798436e-02 
 2.366551e+01  1.658410e-02 
 2.366591e+01  1.488080e-02 
 2.366631e+01  1.300854e-02 
 2.366671e+01  1.113206e-02 
 2.366711e+01  9.411622e-03 
 2.366750e+01  7.979796e-03 
 2.366790e+01  6.927999e-03 
 2.366830e+01  6.293564e-03 
 2.366870e+01  6.116766e-03 
 2.366909e+01  6.363547e-03 
 2.366949e+01  6.954142e-03 
 2.366989e+01  7.840750e-03 
 2.367029e+01  8.926481e-03 
 2.367068e+01  1.012069e-02 
 2.367108e+01  1.135704e-02 
 2.367148e+01  1.254106e-02 
 2.367188e+01  1.356948e-02 
 2.367228e+01  1.438689e-02 
 2.367267e+01  1.490283e-02 
 2.367307e+01  1.509160e-02 
 2.367347e+01  1.497084e-02 
 2.367387e+01  1.459091e-02 
 2.367426e+01  1.398136e-02 
 2.367466e+01  1.322566e-02 
 2.367506e+01  1.243609e-02 
 2.367546e+01  1.168811e-02 
 2.367585e+01  1.105086e-02 
 2.367625e+01  1.059125e-02 
 2.367665e+01  1.037444e-02 
 2.367705e+01  1.042406e-02 
 2.367745e+01  1.076271e-02 
 2.367784e+01  1.137791e-02 
 2.367824e+01  1.221951e-02 
 2.367864e+01  1.322526e-02 
 2.367904e+01  1.434139e-02 
 2.367943e+01  1.550039e-02 
 2.367983e+01  1.664370e-02 
 2.368023e+01  1.769750e-02 
 2.368063e+01  1.856920e-02 
 2.368102e+01  1.920183e-02 
 2.368142e+01  1.953322e-02 
 2.368182e+01  1.952823e-02 
 2.368222e+01  1.916331e-02 
 2.368262e+01  1.842813e-02 
 2.368301e+01  1.736159e-02 
 2.368341e+01  1.603449e-02 
 2.368381e+01  1.450260e-02 
 2.368421e+01  1.284890e-02 
 2.368460e+01  1.116919e-02 
 2.368500e+01  9.514399e-03 
 2.368540e+01  7.956790e-03 
 2.368580e+01  6.526530e-03 
 2.368619e+01  5.302207e-03 
 2.368659e+01  4.323138e-03 
 2.368699e+01  3.614051e-03 
 2.368739e+01  3.226096e-03 
 2.368779e+01  3.159708e-03 
 2.368818e+01  3.381161e-03 
 2.368858e+01  3.831981e-03 
 2.368898e+01  4.444803e-03 
 2.368938e+01  5.130697e-03 
 2.368977e+01  5.810426e-03 
 2.369017e+01  6.457677e-03 
 2.369057e+01  7.053562e-03 
 2.369097e+01  7.607469e-03 
 2.369136e+01  8.104391e-03 
 2.369176e+01  8.516049e-03 
 2.369216e+01  8.809240e-03 
 2.369256e+01  8.983397e-03 
 2.369296e+01  9.041886e-03 
 2.369335e+01  9.023076e-03 
 2.369375e+01  8.971152e-03 
 2.369415e+01  8.924045e-03 
 2.369455e+01  8.922685e-03 
 2.369494e+01  8.959190e-03 
 2.369534e+01  9.021921e-03 
 2.369574e+01  9.084123e-03 
 2.369614e+01  9.080550e-03 
 2.369653e+01  8.946959e-03 
 2.369693e+01  8.672576e-03 
 2.369733e+01  8.242741e-03 
 2.369773e+01  7.622080e-03 
 2.369813e+01  6.792305e-03 
 2.369852e+01  5.765309e-03 
 2.369892e+01  4.592474e-03 
 2.369932e+01  3.329066e-03 
 2.369972e+01  2.059023e-03 
 2.370011e+01  8.856046e-04 
 2.370051e+01 -1.514875e-04 
 2.370091e+01 -1.006980e-03 
 2.370131e+01 -1.664667e-03 
 2.370170e+01 -2.128169e-03 
 2.370210e+01 -2.439407e-03 
 2.370250e+01 -2.578569e-03 
 2.370290e+01 -2.576803e-03 
 2.370330e+01 -2.433889e-03 
 2.370369e+01 -2.173956e-03 
 2.370409e+01 -1.836469e-03 
 2.370449e+01 -1.502001e-03 
 2.370489e+01 -1.241698e-03 
 2.370528e+01 -1.082765e-03 
 2.370568e+01 -1.056920e-03 
 2.370608e+01 -1.171883e-03 
 2.370648e+01 -1.382701e-03 
 2.370687e+01 -1.664765e-03 
 2.370727e+01 -2.008131e-03 
 2.370767e+01 -2.381109e-03 
 2.370807e+01 -2.760892e-03 
 2.370847e+01 -3.097279e-03 
 2.370886e+01 -3.323049e-03 
 2.370926e+01 -3.378367e-03 
 2.370966e+01 -3.210053e-03 
 2.371006e+01 -2.794542e-03 
 2.371045e+01 -2.132139e-03 
 2.371085e+01 -1.262257e-03 
 2.371125e+01 -2.253216e-04 
 2.371165e+01  9.025613e-04 
 2.371205e+01  2.032250e-03 
 2.371244e+01  3.093040e-03 
 2.371284e+01  3.999052e-03 
 2.371324e+01  4.639544e-03 
 2.371364e+01  4.948864e-03 
 2.371403e+01  4.830138e-03 
 2.371443e+01  4.262727e-03 
 2.371483e+01  3.275675e-03 
 2.371523e+01  1.924330e-03 
 2.371562e+01  3.056034e-04 
 2.371602e+01 -1.494305e-03 
 2.371642e+01 -3.332569e-03 
 2.371682e+01 -5.088765e-03 
 2.371722e+01 -6.678520e-03 
 2.371761e+01 -7.959171e-03 
 2.371801e+01 -8.834614e-03 
 2.371841e+01 -9.242472e-03 
 2.371881e+01 -9.099157e-03 
 2.371920e+01 -8.367932e-03 
 2.371960e+01 -7.083177e-03 
 2.372000e+01 -5.349224e-03 
 2.372040e+01 -3.287309e-03 
 2.372079e+01 -1.040516e-03 
 2.372119e+01  1.246894e-03 
 2.372159e+01  3.427321e-03 
 2.372199e+01  5.375885e-03 
 2.372239e+01  6.997471e-03 
 2.372278e+01  8.207178e-03 
 2.372318e+01  8.965500e-03 
 2.372358e+01  9.242651e-03 
 2.372398e+01  9.021509e-03 
 2.372437e+01  8.315722e-03 
 2.372477e+01  7.236006e-03 
 2.372517e+01  5.864449e-03 
 2.372557e+01  4.386799e-03 
 2.372596e+01  2.925328e-03 
 2.372636e+01  1.593202e-03 
 2.372676e+01  4.797102e-04 
 2.372716e+01 -3.106166e-04 
 2.372756e+01 -7.254170e-04 
 2.372795e+01 -7.406011e-04 
 2.372835e+01 -3.699797e-04 
 2.372875e+01  3.686630e-04 
 2.372915e+01  1.379398e-03 
 2.372954e+01  2.570979e-03 
 2.372994e+01  3.799148e-03 
 2.373034e+01  4.947922e-03 
 2.373074e+01  5.893861e-03 
 2.373113e+01  6.535555e-03 
 2.373153e+01  6.829396e-03 
 2.373193e+01  6.737603e-03 
 2.373233e+01  6.253541e-03 
 2.373273e+01  5.409651e-03 
 2.373312e+01  4.272220e-03 
 2.373352e+01  2.926211e-03 
 2.373392e+01  1.436062e-03 
 2.373432e+01 -8.301828e-05 
 2.373471e+01 -1.519291e-03 
 2.373511e+01 -2.796648e-03 
 2.373551e+01 -3.769917e-03 
 2.373591e+01 -4.378357e-03 
 2.373630e+01 -4.570727e-03 
 2.373670e+01 -4.275407e-03 
 2.373710e+01 -3.492245e-03 
 2.373750e+01 -2.257159e-03 
 2.373790e+01 -5.997913e-04 
 2.373829e+01  1.395127e-03 
 2.373869e+01  3.634778e-03 
 2.373909e+01  5.979720e-03 
 2.373949e+01  8.260374e-03 
 2.373988e+01  1.036370e-02 
 2.374028e+01  1.213110e-02 
 2.374068e+01  1.346640e-02 
 2.374108e+01  1.429717e-02 
 2.374147e+01  1.457461e-02 
 2.374187e+01  1.428775e-02 
 2.374227e+01  1.341549e-02 
 2.374267e+01  1.206689e-02 
 2.374307e+01  1.034302e-02 
 2.374346e+01  8.356362e-03 
 2.374386e+01  6.264923e-03 
 2.374426e+01  4.195573e-03 
 2.374466e+01  2.318320e-03 
 2.374505e+01  7.420301e-04 
 2.374545e+01 -4.408535e-04 
 2.374585e+01 -1.133109e-03 
 2.374625e+01 -1.320577e-03 
 2.374664e+01 -9.802974e-04 
 2.374704e+01 -1.700038e-04 
 2.374744e+01  1.039213e-03 
 2.374784e+01  2.517997e-03 
 2.374824e+01  4.135406e-03 
 2.374863e+01  5.750542e-03 
 2.374903e+01  7.263980e-03 
 2.374943e+01  8.596929e-03 
 2.374983e+01  9.683235e-03 
 2.375022e+01  1.042927e-02 
 2.375062e+01  1.080761e-02 
 2.375102e+01  1.079607e-02 
 2.375142e+01  1.043403e-02 
 2.375181e+01  9.770928e-03 
 2.375221e+01  8.901691e-03 
 2.375261e+01  7.901753e-03 
 2.375301e+01  6.862676e-03 
 2.375341e+01  5.896968e-03 
 2.375380e+01  5.124570e-03 
 2.375420e+01  4.628351e-03 
 2.375460e+01  4.497632e-03 
 2.375500e+01  4.782404e-03 
 2.375539e+01  5.524483e-03 
 2.375579e+01  6.723688e-03 
 2.375619e+01  8.276726e-03 
 2.375659e+01  1.007282e-02 
 2.375698e+01  1.196510e-02 
 2.375738e+01  1.379102e-02 
 2.375778e+01  1.543585e-02 
 2.375818e+01  1.677698e-02 
 2.375858e+01  1.769666e-02 
 2.375897e+01  1.809410e-02 
 2.375937e+01  1.790885e-02 
 2.375977e+01  1.712397e-02 
 2.376017e+01  1.580108e-02 
 2.376056e+01  1.405320e-02 
 2.376096e+01  1.199633e-02 
 2.376136e+01  9.776488e-03 
 2.376176e+01  7.536721e-03 
 2.376215e+01  5.451658e-03 
 2.376255e+01  3.630250e-03 
 2.376295e+01  2.188544e-03 
 2.376335e+01  1.221840e-03 
 2.376375e+01  7.830909e-04 
 2.376414e+01  8.753255e-04 
 2.376454e+01  1.502706e-03 
 2.376494e+01  2.656109e-03 
 2.376534e+01  4.195996e-03 
 2.376573e+01  5.965009e-03 
 2.376613e+01  7.822886e-03 
 2.376653e+01  9.658967e-03 
 2.376693e+01  1.138424e-02 
 2.376732e+01  1.291589e-02 
 2.376772e+01  1.419945e-02 
 2.376812e+01  1.519957e-02 
 2.376852e+01  1.589689e-02 
 2.376892e+01  1.630059e-02 
 2.376931e+01  1.642273e-02 
 2.376971e+01  1.628526e-02 
 2.377011e+01  1.592669e-02 
 2.377051e+01  1.543913e-02 
 2.377090e+01  1.491464e-02 
 2.377130e+01  1.442307e-02 
 2.377170e+01  1.401366e-02 
 2.377210e+01  1.368027e-02 
 2.377249e+01  1.343374e-02 
 2.377289e+01  1.329776e-02 
 2.377329e+01  1.329436e-02 
 2.377369e+01  1.339545e-02 
 2.377409e+01  1.358389e-02 
 2.377448e+01  1.380224e-02 
 2.377488e+01  1.399842e-02 
 2.377528e+01  1.410754e-02 
 2.377568e+01  1.410774e-02 
 2.377607e+01  1.395295e-02 
 2.377647e+01  1.361788e-02 
 2.377687e+01  1.312529e-02 
 2.377727e+01  1.249320e-02 
 2.377766e+01  1.175321e-02 
 2.377806e+01  1.090618e-02 
 2.377846e+01  9.976717e-03 
 2.377886e+01  8.999239e-03 
 2.377926e+01  8.011776e-03 
 2.377965e+01  7.081840e-03 
 2.378005e+01  6.243476e-03 
 2.378045e+01  5.553897e-03 
 2.378085e+01  4.983754e-03 
 2.378124e+01  4.553862e-03 
 2.378164e+01  4.275453e-03 
 2.378204e+01  4.129552e-03 
 2.378244e+01  4.165918e-03 
 2.378283e+01  4.372992e-03 
 2.378323e+01  4.733912e-03 
 2.378363e+01  5.236989e-03 
 2.378403e+01  5.844869e-03 
 2.378443e+01  6.528879e-03 
 2.378482e+01  7.230271e-03 
 2.378522e+01  7.895058e-03 
 2.378562e+01  8.510994e-03 
 2.378602e+01  9.040132e-03 
 2.378641e+01  9.450695e-03 
 2.378681e+01  9.733736e-03 
 2.378721e+01  9.865144e-03 
 2.378761e+01  9.796631e-03 
 2.378800e+01  9.556536e-03 
 2.378840e+01  9.182918e-03 
 2.378880e+01  8.717537e-03 
 2.378920e+01  8.194334e-03 
 2.378960e+01  7.629045e-03 
 2.378999e+01  7.022449e-03 
 2.379039e+01  6.371490e-03 
 2.379079e+01  5.653413e-03 
 2.379119e+01  4.858220e-03 
 2.379158e+01  4.000212e-03 
 2.379198e+01  3.086829e-03 
 2.379238e+01  2.121131e-03 
 2.379278e+01  1.134277e-03 
 2.379317e+01  1.314891e-04 
 2.379357e+01 -8.553446e-04 
 2.379397e+01 -1.787595e-03 
 2.379437e+01 -2.597984e-03 
 2.379477e+01 -3.220132e-03 
 2.379516e+01 -3.570528e-03 
 2.379556e+01 -3.610942e-03 
 2.379596e+01 -3.351255e-03 
 2.379636e+01 -2.807488e-03 
 2.379675e+01 -2.036278e-03 
 2.379715e+01 -1.106840e-03 
 2.379755e+01 -6.753494e-05 
 2.379795e+01  1.039499e-03 
 2.379834e+01  2.143265e-03 
 2.379874e+01  3.161239e-03 
 2.379914e+01  4.080844e-03 
 2.379954e+01  4.844732e-03 
 2.379994e+01  5.409988e-03 
 2.380033e+01  5.774314e-03 
 2.380073e+01  5.945303e-03 
 2.380113e+01  5.940568e-03 
 2.380153e+01  5.791817e-03 
 2.380192e+01  5.524988e-03 
 2.380232e+01  5.152007e-03 
 2.380272e+01  4.670581e-03 
 2.380312e+01  4.119049e-03 
 2.380352e+01  3.523955e-03 
 2.380391e+01  2.933067e-03 
 2.380431e+01  2.377648e-03 
 2.380471e+01  1.913251e-03 
 2.380511e+01  1.568300e-03 
 2.380550e+01  1.359020e-03 
 2.380590e+01  1.314851e-03 
 2.380630e+01  1.428555e-03 
 2.380670e+01  1.689138e-03 
 2.380709e+01  2.060725e-03 
 2.380749e+01  2.480821e-03 
 2.380789e+01  2.894849e-03 
 2.380829e+01  3.212276e-03 
 2.380869e+01  3.331698e-03 
 2.380908e+01  3.226910e-03 
 2.380948e+01  2.852904e-03 
 2.380988e+01  2.204176e-03 
 2.381028e+01  1.327491e-03 
 2.381067e+01  3.051730e-04 
 2.381107e+01 -8.148802e-04 
 2.381147e+01 -1.959003e-03 
 2.381187e+01 -3.042979e-03 
 2.381226e+01 -3.995803e-03 
 2.381266e+01 -4.707450e-03 
 2.381306e+01 -5.111152e-03 
 2.381346e+01 -5.152539e-03 
 2.381386e+01 -4.786126e-03 
 2.381425e+01 -3.987671e-03 
 2.381465e+01 -2.799947e-03 
 2.381505e+01 -1.265061e-03 
 2.381545e+01  5.441232e-04 
 2.381584e+01  2.546357e-03 
 2.381624e+01  4.644023e-03 
 2.381664e+01  6.735380e-03 
 2.381704e+01  8.703932e-03 
 2.381743e+01  1.041029e-02 
 2.381783e+01  1.172433e-02 
 2.381823e+01  1.255958e-02 
 2.381863e+01  1.285805e-02 
 2.381903e+01  1.258274e-02 
 2.381942e+01  1.175609e-02 
 2.381982e+01  1.043180e-02 
 2.382022e+01  8.730301e-03 
 2.382062e+01  6.758412e-03 
 2.382101e+01  4.658783e-03 
 2.382141e+01  2.553500e-03 
 2.382181e+01  6.111251e-04 
 2.382221e+01 -1.067885e-03 
 2.382260e+01 -2.340420e-03 
 2.382300e+01 -3.132708e-03 
 2.382340e+01 -3.387909e-03 
 2.382380e+01 -3.118870e-03 
 2.382420e+01 -2.359105e-03 
 2.382459e+01 -1.183128e-03 
 2.382499e+01  3.163308e-04 
 2.382539e+01  2.026202e-03 
 2.382579e+01  3.817102e-03 
 2.382618e+01  5.540039e-03 
 2.382658e+01  7.078276e-03 
 2.382698e+01  8.294986e-03 
 2.382738e+01  9.120684e-03 
 2.382777e+01  9.488843e-03 
 2.382817e+01  9.417952e-03 
 2.382857e+01  8.904834e-03 
 2.382897e+01  8.004420e-03 
 2.382937e+01  6.819713e-03 
 2.382976e+01  5.477825e-03 
 2.383016e+01  4.118183e-03 
 2.383056e+01  2.857091e-03 
 2.383096e+01  1.802109e-03 
 2.383135e+01  1.042425e-03 
 2.383175e+01  6.399761e-04 
 2.383215e+01  6.223702e-04 
 2.383255e+01  1.009093e-03 
 2.383294e+01  1.767161e-03 
 2.383334e+01  2.839156e-03 
 2.383374e+01  4.157095e-03 
 2.383414e+01  5.620730e-03 
 2.383454e+01  7.123006e-03 
 2.383493e+01  8.516704e-03 
 2.383533e+01  9.663040e-03 
 2.383573e+01  1.043579e-02 
 2.383613e+01  1.077331e-02 
 2.383652e+01  1.061753e-02 
 2.383692e+01  9.929947e-03 
 2.383732e+01  8.744176e-03 
 2.383772e+01  7.123631e-03 
 2.383811e+01  5.163657e-03 
 2.383851e+01  3.001719e-03 
 2.383891e+01  7.538140e-04 
 2.383931e+01 -1.399990e-03 
 2.383971e+01 -3.342272e-03 
 2.384010e+01 -4.951361e-03 
 2.384050e+01 -6.108577e-03 
 2.384090e+01 -6.760498e-03 
 2.384130e+01 -6.854774e-03 
 2.384169e+01 -6.412261e-03 
 2.384209e+01 -5.480497e-03 
 2.384249e+01 -4.156006e-03 
 2.384289e+01 -2.520753e-03 
 2.384328e+01 -6.738921e-04 
 2.384368e+01  1.258526e-03 
 2.384408e+01  3.188506e-03 
 2.384448e+01  4.993281e-03 
 2.384488e+01  6.600943e-03 
 2.384527e+01  7.948616e-03 
 2.384567e+01  9.025113e-03 
 2.384607e+01  9.761978e-03 
 2.384647e+01  1.014491e-02 
 2.384686e+01  1.017509e-02 
 2.384726e+01  9.882844e-03 
 2.384766e+01  9.332667e-03 
 2.384806e+01  8.551102e-03 
 2.384845e+01  7.640747e-03 
 2.384885e+01  6.657576e-03 
 2.384925e+01  5.745197e-03 
 2.384965e+01  4.979099e-03 
 2.385005e+01  4.416288e-03 
 2.385044e+01  4.095495e-03 
 2.385084e+01  4.018588e-03 
 2.385124e+01  4.161347e-03 
 2.385164e+01  4.532592e-03 
 2.385203e+01  5.097385e-03 
 2.385243e+01  5.802192e-03 
 2.385283e+01  6.558965e-03 
 2.385323e+01  7.282343e-03 
 2.385362e+01  7.892364e-03 
 2.385402e+01  8.316735e-03 
 2.385442e+01  8.500929e-03 
 2.385482e+01  8.430150e-03 
 2.385522e+01  8.082040e-03 
 2.385561e+01  7.487240e-03 
 2.385601e+01  6.690804e-03 
 2.385641e+01  5.770504e-03 
 2.385681e+01  4.810786e-03 
 2.385720e+01  3.874826e-03 
 2.385760e+01  3.060142e-03 
 2.385800e+01  2.482044e-03 
 2.385840e+01  2.231704e-03 
 2.385879e+01  2.339057e-03 
 2.385919e+01  2.821874e-03 
 2.385959e+01  3.641477e-03 
 2.385999e+01  4.736204e-03 
 2.386039e+01  6.062809e-03 
 2.386078e+01  7.539419e-03 
 2.386118e+01  9.069821e-03 
 2.386158e+01  1.059357e-02 
 2.386198e+01  1.204566e-02 
 2.386237e+01  1.334199e-02 
 2.386277e+01  1.445589e-02 
 2.386317e+01  1.531427e-02 
 2.386357e+01  1.583259e-02 
 2.386396e+01  1.600630e-02 
 2.386436e+01  1.584516e-02 
 2.386476e+01  1.537403e-02 
 2.386516e+01  1.466741e-02 
 2.386556e+01  1.378763e-02 
 2.386595e+01  1.279341e-02 
 2.386635e+01  1.173808e-02 
 2.386675e+01  1.068526e-02 
 2.386715e+01  9.681835e-03 
 2.386754e+01  8.798139e-03 
 2.386794e+01  8.103046e-03 
 2.386834e+01  7.631383e-03 
 2.386874e+01  7.373295e-03 
 2.386913e+01  7.344737e-03 
 2.386953e+01  7.474813e-03 
 2.386993e+01  7.685947e-03 
 2.387033e+01  7.913775e-03 
 2.387073e+01  8.131777e-03 
 2.387112e+01  8.296454e-03 
 2.387152e+01  8.398399e-03 
 2.387192e+01  8.447977e-03 
 2.387232e+01  8.395239e-03 
 2.387271e+01  8.268382e-03 
 2.387311e+01  8.091909e-03 
 2.387351e+01  7.892344e-03 
 2.387391e+01  7.761302e-03 
 2.387430e+01  7.740606e-03 
 2.387470e+01  7.861873e-03 
 2.387510e+01  8.126880e-03 
 2.387550e+01  8.582529e-03 
 2.387590e+01  9.193362e-03 
 2.387629e+01  9.933126e-03 
 2.387669e+01  1.078622e-02 
 2.387709e+01  1.171795e-02 
 2.387749e+01  1.269626e-02 
 2.387788e+01  1.365300e-02 
 2.387828e+01  1.455028e-02 
 2.387868e+01  1.530289e-02 
 2.387908e+01  1.584859e-02 
 2.387947e+01  1.617085e-02 
 2.387987e+01  1.623945e-02 
 2.388027e+01  1.606882e-02 
 2.388067e+01  1.569315e-02 
 2.388107e+01  1.508430e-02 
 2.388146e+01  1.428527e-02 
 2.388186e+01  1.332822e-02 
 2.388226e+01  1.222196e-02 
 2.388266e+01  1.101235e-02 
 2.388305e+01  9.768773e-03 
 2.388345e+01  8.567788e-03 
 2.388385e+01  7.512901e-03 
 2.388425e+01  6.667997e-03 
 2.388464e+01  6.056853e-03 
 2.388504e+01  5.642296e-03 
 2.388544e+01  5.397302e-03 
 2.388584e+01  5.267580e-03 
 2.388624e+01  5.214760e-03 
 2.388663e+01  5.229683e-03 
 2.388703e+01  5.249805e-03 
 2.388743e+01  5.225153e-03 
 2.388783e+01  5.133733e-03 
 2.388822e+01  4.936493e-03 
 2.388862e+01  4.626139e-03 
 2.388902e+01  4.230201e-03 
 2.388942e+01  3.807494e-03 
 2.388981e+01  3.418339e-03 
 2.389021e+01  3.133159e-03 
 2.389061e+01  3.020825e-03 
 2.389101e+01  3.093702e-03 
 2.389141e+01  3.372736e-03 
 2.389180e+01  3.872213e-03 
 2.389220e+01  4.538415e-03 
 2.389260e+01  5.375551e-03 
 2.389300e+01  6.372850e-03 
 2.389339e+01  7.474236e-03 
 2.389379e+01  8.596705e-03 
 2.389419e+01  9.683944e-03 
 2.389459e+01  1.062925e-02 
 2.389499e+01  1.134631e-02 
 2.389538e+01  1.178596e-02 
 2.389578e+01  1.192163e-02 
 2.389618e+01  1.173600e-02 
 2.389658e+01  1.127164e-02 
 2.389697e+01  1.053971e-02 
 2.389737e+01  9.577203e-03 
 2.389777e+01  8.426854e-03 
 2.389817e+01  7.102324e-03 
 2.389856e+01  5.624474e-03 
 2.389896e+01  4.111462e-03 
 2.389936e+01  2.668665e-03 
 2.389976e+01  1.408183e-03 
 2.390016e+01  4.129891e-04 
 2.390055e+01 -2.621874e-04 
 2.390095e+01 -6.193233e-04 
 2.390135e+01 -6.971391e-04 
 2.390175e+01 -4.887902e-04 
 2.390214e+01 -3.074256e-05 
 2.390254e+01  6.421986e-04 
 2.390294e+01  1.490336e-03 
 2.390334e+01  2.405511e-03 
 2.390373e+01  3.319556e-03 
 2.390413e+01  4.165233e-03 
 2.390453e+01  4.863652e-03 
 2.390493e+01  5.326196e-03 
 2.390533e+01  5.573076e-03 
 2.390572e+01  5.601939e-03 
 2.390612e+01  5.443124e-03 
 2.390652e+01  5.151297e-03 
 2.390692e+01  4.742092e-03 
 2.390731e+01  4.261932e-03 
 2.390771e+01  3.793820e-03 
 2.390811e+01  3.401790e-03 
 2.390851e+01  3.178293e-03 
 2.390890e+01  3.125404e-03 
 2.390930e+01  3.288354e-03 
 2.390970e+01  3.655995e-03 
 2.391010e+01  4.211388e-03 
 2.391050e+01  4.905963e-03 
 2.391089e+01  5.728202e-03 
 2.391129e+01  6.527323e-03 
 2.391169e+01  7.322897e-03 
 2.391209e+01  8.022288e-03 
 2.391248e+01  8.577265e-03 
 2.391288e+01  8.886895e-03 
 2.391328e+01  8.915754e-03 
 2.391368e+01  8.613215e-03 
 2.391407e+01  7.939747e-03 
 2.391447e+01  6.930333e-03 
 2.391487e+01  5.588186e-03 
 2.391527e+01  3.972435e-03 
 2.391567e+01  2.153496e-03 
 2.391606e+01  1.865181e-04 
 2.391646e+01 -1.822155e-03 
 2.391686e+01 -3.762178e-03 
 2.391726e+01 -5.497320e-03 
 2.391765e+01 -6.962428e-03 
 2.391805e+01 -8.005661e-03 
 2.391845e+01 -8.556773e-03 
 2.391885e+01 -8.587546e-03 
 2.391924e+01 -8.058146e-03 
 2.391964e+01 -6.972164e-03 
 2.392004e+01 -5.422774e-03 
 2.392044e+01 -3.520176e-03 
 2.392084e+01 -1.395611e-03 
 2.392123e+01  7.880921e-04 
 2.392163e+01  2.896147e-03 
 2.392203e+01  4.811746e-03 
 2.392243e+01  6.430814e-03 
 2.392282e+01  7.653581e-03 
 2.392322e+01  8.451955e-03 
 2.392362e+01  8.742378e-03 
 2.392402e+01  8.539613e-03 
 2.392441e+01  7.872562e-03 
 2.392481e+01  6.808717e-03 
 2.392521e+01  5.443924e-03 
 2.392561e+01  3.908387e-03 
 2.392601e+01  2.318997e-03 
 2.392640e+01  7.725252e-04 
 2.392680e+01 -6.460169e-04 
 2.392720e+01 -1.829076e-03 
 2.392760e+01 -2.704602e-03 
 2.392799e+01 -3.167617e-03 
 2.392839e+01 -3.173354e-03 
 2.392879e+01 -2.758635e-03 
 2.392919e+01 -2.030123e-03 
 2.392958e+01 -1.049303e-03 
 2.392998e+01  4.635049e-05 
 2.393038e+01  1.123634e-03 
 2.393078e+01  2.055171e-03 
 2.393118e+01  2.734648e-03 
 2.393157e+01  3.055277e-03 
 2.393197e+01  2.979187e-03 
 2.393237e+01  2.507245e-03 
 2.393277e+01  1.595571e-03 
 2.393316e+01  2.934008e-04 
 2.393356e+01 -1.320015e-03 
 2.393396e+01 -3.115696e-03 
 2.393436e+01 -4.887961e-03 
 2.393475e+01 -6.500830e-03 
 2.393515e+01 -7.803565e-03 
 2.393555e+01 -8.668227e-03 
 2.393595e+01 -8.990964e-03 
 2.393635e+01 -8.719055e-03 
 2.393674e+01 -7.848519e-03 
 2.393714e+01 -6.422574e-03 
 2.393754e+01 -4.530118e-03 
 2.393794e+01 -2.295013e-03 
 2.393833e+01  1.544352e-04 
 2.393873e+01  2.676860e-03 
 2.393913e+01  5.102997e-03 
 2.393953e+01  7.285028e-03 
 2.393992e+01  9.088392e-03 
 2.394032e+01  1.041497e-02 
 2.394072e+01  1.120985e-02 
 2.394112e+01  1.146155e-02 
 2.394152e+01  1.118906e-02 
 2.394191e+01  1.045327e-02 
 2.394231e+01  9.316798e-03 
 2.394271e+01  7.873368e-03 
 2.394311e+01  6.235170e-03 
 2.394350e+01  4.529040e-03 
 2.394390e+01  2.833184e-03 
 2.394430e+01  1.292857e-03 
 2.394470e+01 -4.430811e-06 
 2.394509e+01 -9.672580e-04 
 2.394549e+01 -1.542559e-03 
 2.394589e+01 -1.717025e-03 
 2.394629e+01 -1.524559e-03 
 2.394669e+01 -1.008199e-03 
 2.394708e+01 -2.606341e-04 
 2.394748e+01  6.876303e-04 
 2.394788e+01  1.762557e-03 
 2.394828e+01  2.870007e-03 
 2.394867e+01  3.936352e-03 
 2.394907e+01  4.860924e-03 
 2.394947e+01  5.606746e-03 
 2.394987e+01  6.158023e-03 
 2.395026e+01  6.515691e-03 
 2.395066e+01  6.677367e-03 
 2.395106e+01  6.701945e-03 
 2.395146e+01  6.647570e-03 
 2.395186e+01  6.597956e-03 
 2.395225e+01  6.614150e-03 
 2.395265e+01  6.692589e-03 
 2.395305e+01  6.854275e-03 
 2.395345e+01  7.160167e-03 
 2.395384e+01  7.644429e-03 
 2.395424e+01  8.347046e-03 
 2.395464e+01  9.252269e-03 
 2.395504e+01  1.028662e-02 
 2.395543e+01  1.138229e-02 
 2.395583e+01  1.249615e-02 
 2.395623e+01  1.362653e-02 
 2.395663e+01  1.471090e-02 
 2.395703e+01  1.569369e-02 
 2.395742e+01  1.651963e-02 
 2.395782e+01  1.712725e-02 
 2.395822e+01  1.746944e-02 
 2.395862e+01  1.749675e-02 
 2.395901e+01  1.719197e-02 
 2.395941e+01  1.656987e-02 
 2.395981e+01  1.568640e-02 
 2.396021e+01  1.460818e-02 
 2.396060e+01  1.341969e-02 
 2.396100e+01  1.220132e-02 
 2.396140e+01  1.101068e-02 
 2.396180e+01  9.890726e-03 
 2.396220e+01  8.938158e-03 
 2.396259e+01  8.197713e-03 
 2.396299e+01  7.714771e-03 
 2.396339e+01  7.529805e-03 
 2.396379e+01  7.605590e-03 
 2.396418e+01  7.924791e-03 
 2.396458e+01  8.445092e-03 
 2.396498e+01  9.137305e-03 
 2.396538e+01  9.962139e-03 
 2.396577e+01  1.083834e-02 
 2.396617e+01  1.171182e-02 
 2.396657e+01  1.251310e-02 
 2.396697e+01  1.321864e-02 
 2.396737e+01  1.377927e-02 
 2.396776e+01  1.419256e-02 
 2.396816e+01  1.444125e-02 
 2.396856e+01  1.455589e-02 
 2.396896e+01  1.457365e-02 
 2.396935e+01  1.453903e-02 
 2.396975e+01  1.450407e-02 
 2.397015e+01  1.449444e-02 
 2.397055e+01  1.449944e-02 
 2.397094e+01  1.453943e-02 
 2.397134e+01  1.462842e-02 
 2.397174e+01  1.474882e-02 
 2.397214e+01  1.490164e-02 
 2.397254e+01  1.506564e-02 
 2.397293e+01  1.517622e-02 
 2.397333e+01  1.524726e-02 
 2.397373e+01  1.527102e-02 
 2.397413e+01  1.522032e-02 
 2.397452e+01  1.505062e-02 
 2.397492e+01  1.470219e-02 
 2.397532e+01  1.414530e-02 
 2.397572e+01  1.337855e-02 
 2.397611e+01  1.242460e-02 
 2.397651e+01  1.132176e-02 
 2.397691e+01  1.009913e-02 
 2.397731e+01  8.783399e-03 
 2.397771e+01  7.448070e-03 
 2.397810e+01  6.183587e-03 
 2.397850e+01  5.036912e-03 
 2.397890e+01  4.049799e-03 
 2.397930e+01  3.259002e-03 
 2.397969e+01  2.755232e-03 
 2.398009e+01  2.599257e-03 
 2.398049e+01  2.795387e-03 
 2.398089e+01  3.308284e-03 
 2.398128e+01  4.115573e-03 
 2.398168e+01  5.107479e-03 
 2.398208e+01  6.228508e-03 
 2.398248e+01  7.388660e-03 
 2.398288e+01  8.517083e-03 
 2.398327e+01  9.552841e-03 
 2.398367e+01  1.041025e-02 
 2.398407e+01  1.106049e-02 
 2.398447e+01  1.147194e-02 
 2.398486e+01  1.161079e-02 
 2.398526e+01  1.150270e-02 
 2.398566e+01  1.116023e-02 
 2.398606e+01  1.067153e-02 
 2.398646e+01  1.008782e-02 
 2.398685e+01  9.490505e-03 
 2.398725e+01  8.935970e-03 
 2.398765e+01  8.468164e-03 
 2.398805e+01  8.134313e-03 
 2.398844e+01  7.946097e-03 
 2.398884e+01  7.917635e-03 
 2.398924e+01  8.000349e-03 
 2.398964e+01  8.142628e-03 
 2.399003e+01  8.298819e-03 
 2.399043e+01  8.412083e-03 
 2.399083e+01  8.404311e-03 
 2.399123e+01  8.241194e-03 
 2.399163e+01  7.874391e-03 
 2.399202e+01  7.272098e-03 
 2.399242e+01  6.426500e-03 
 2.399282e+01  5.342336e-03 
 2.399322e+01  4.069362e-03 
 2.399361e+01  2.631780e-03 
 2.399401e+01  1.114054e-03 
 2.399441e+01 -4.066338e-04 
 2.399481e+01 -1.839107e-03 
 2.399520e+01 -3.114254e-03 
 2.399560e+01 -4.059763e-03 
 2.399600e+01 -4.605174e-03 
 2.399640e+01 -4.714605e-03 
 2.399680e+01 -4.373753e-03 
 2.399719e+01 -3.602837e-03 
 2.399759e+01 -2.415597e-03 
 2.399799e+01 -9.217139e-04 
 2.399839e+01  7.306488e-04 
 2.399878e+01  2.446913e-03 
 2.399918e+01  4.083297e-03 
 2.399958e+01  5.574234e-03 
 2.399998e+01  6.842610e-03 
 2.400037e+01  7.852423e-03 
 2.400077e+01  8.490781e-03 
 2.400117e+01  8.738952e-03 
 2.400157e+01  8.582792e-03 
 2.400197e+01  8.064326e-03 
 2.400236e+01  7.252472e-03 
 2.400276e+01  6.194475e-03 
 2.400316e+01  5.004650e-03 
 2.400356e+01  3.812122e-03 
 2.400395e+01  2.714125e-03 
 2.400435e+01  1.784617e-03 
 2.400475e+01  1.077508e-03 
 2.400515e+01  6.178627e-04 
 2.400554e+01  4.341413e-04 
 2.400594e+01  4.996296e-04 
 2.400634e+01  7.511429e-04 
 2.400674e+01  1.139271e-03 
 2.400714e+01  1.559013e-03 
 2.400753e+01  1.963055e-03 
 2.400793e+01  2.262802e-03 
 2.400833e+01  2.458053e-03 
 2.400873e+01  2.474968e-03 
 2.400912e+01  2.293993e-03 
 2.400952e+01  1.858197e-03 
 2.400992e+01  1.145741e-03 
 2.401032e+01  1.761770e-04 
 2.401071e+01 -9.838699e-04 
 2.401111e+01 -2.236600e-03 
 2.401151e+01 -3.480583e-03 
 2.401191e+01 -4.598797e-03 
 2.401231e+01 -5.462154e-03 
 2.401270e+01 -5.996348e-03 
 2.401310e+01 -6.132700e-03 
 2.401350e+01 -5.867957e-03 
 2.401390e+01 -5.198533e-03 
 2.401429e+01 -4.160508e-03 
 2.401469e+01 -2.797614e-03 
 2.401509e+01 -1.142141e-03 
 2.401549e+01  7.080180e-04 
 2.401588e+01  2.665351e-03 
 2.401628e+01  4.611332e-03 
 2.401668e+01  6.455919e-03 
 2.401708e+01  8.062032e-03 
 2.401748e+01  9.334680e-03 
 2.401787e+01  1.020669e-02 
 2.401827e+01  1.061696e-02 
 2.401867e+01  1.051006e-02 
 2.401907e+01  9.941562e-03 
 2.401946e+01  8.966048e-03 
 2.401986e+01  7.632985e-03 
 2.402026e+01  6.013663e-03 
 2.402066e+01  4.158487e-03 
 2.402105e+01  2.186032e-03 
 2.402145e+01  2.284854e-04 
 2.402185e+01 -1.606658e-03 
 2.402225e+01 -3.217991e-03 
 2.402265e+01 -4.524956e-03 
 2.402304e+01 -5.510658e-03 
 2.402344e+01 -6.114413e-03 
 2.402384e+01 -6.285977e-03 
 2.402424e+01 -6.056848e-03 
 2.402463e+01 -5.441300e-03 
 2.402503e+01 -4.544491e-03 
 2.402543e+01 -3.430196e-03 
 2.402583e+01 -2.192981e-03 
 2.402622e+01 -9.939460e-04 
 2.402662e+01  8.291324e-05 
 2.402702e+01  9.121501e-04 
 2.402742e+01  1.423443e-03 
 2.402782e+01  1.625425e-03 
 2.402821e+01  1.483256e-03 
 2.402861e+01  1.036544e-03 
 2.402901e+01  3.225882e-04 
 2.402941e+01 -5.928636e-04 
 2.402980e+01 -1.611752e-03 
 2.403020e+01 -2.572643e-03 
 2.403060e+01 -3.356100e-03 
 2.403100e+01 -3.828975e-03 
 2.403139e+01 -3.879744e-03 
 2.403179e+01 -3.478398e-03 
 2.403219e+01 -2.578769e-03 
 2.403259e+01 -1.209244e-03 
 2.403299e+01  5.594841e-04 
 2.403338e+01  2.580250e-03 
 2.403378e+01  4.705951e-03 
 2.403418e+01  6.837743e-03 
 2.403458e+01  8.811808e-03 
 2.403497e+01  1.053267e-02 
 2.403537e+01  1.188992e-02 
 2.403577e+01  1.276194e-02 
 2.403617e+01  1.310161e-02 
 2.403656e+01  1.286718e-02 
 2.403696e+01  1.208422e-02 
 2.403736e+01  1.078763e-02 
 2.403776e+01  9.045153e-03 
 2.403816e+01  6.967729e-03 
 2.403855e+01  4.711539e-03 
 2.403895e+01  2.455891e-03 
 2.403935e+01  3.826165e-04 
 2.403975e+01 -1.338145e-03 
 2.404014e+01 -2.553483e-03 
 2.404054e+01 -3.213081e-03 
 2.404094e+01 -3.311662e-03 
 2.404134e+01 -2.811978e-03 
 2.404173e+01 -1.775346e-03 
 2.404213e+01 -2.893615e-04 
 2.404253e+01  1.528036e-03 
 2.404293e+01  3.596734e-03 
 2.404333e+01  5.777825e-03 
 2.404372e+01  7.947370e-03 
 2.404412e+01  9.960352e-03 
 2.404452e+01  1.168404e-02 
 2.404492e+01  1.301035e-02 
 2.404531e+01  1.390702e-02 
 2.404571e+01  1.435341e-02 
 2.404611e+01  1.437452e-02 
 2.404651e+01  1.399026e-02 
 2.404690e+01  1.324807e-02 
 2.404730e+01  1.228437e-02 
 2.404770e+01  1.123183e-02 
 2.404810e+01  1.022413e-02 
 2.404850e+01  9.328349e-03 
 2.404889e+01  8.647902e-03 
 2.404929e+01  8.261640e-03 
 2.404969e+01  8.147740e-03 
 2.405009e+01  8.336341e-03 
 2.405048e+01  8.769524e-03 
 2.405088e+01  9.407555e-03 
 2.405128e+01  1.020614e-02 
 2.405168e+01  1.109312e-02 
 2.405207e+01  1.195795e-02 
 2.405247e+01  1.270910e-02 
 2.405287e+01  1.324252e-02 
 2.405327e+01  1.346189e-02 
 2.405367e+01  1.337216e-02 
 2.405406e+01  1.295655e-02 
 2.405446e+01  1.224003e-02 
 2.405486e+01  1.129851e-02 
 2.405526e+01  1.016986e-02 
 2.405565e+01  8.934129e-03 
 2.405605e+01  7.677626e-03 
 2.405645e+01  6.494116e-03 
 2.405685e+01  5.462859e-03 
 2.405724e+01  4.652134e-03 
 2.405764e+01  4.173377e-03 
 2.405804e+01  4.067168e-03 
 2.405844e+01  4.357043e-03 
 2.405884e+01  5.053394e-03 
 2.405923e+01  6.100766e-03 
 2.405963e+01  7.418739e-03 
 2.406003e+01  8.937169e-03 
 2.406043e+01  1.057756e-02 
 2.406082e+01  1.224273e-02 
 2.406122e+01  1.383015e-02 
 2.406162e+01  1.524640e-02 
 2.406202e+01  1.642678e-02 
 2.406241e+01  1.730432e-02 
 2.406281e+01  1.785026e-02 
 2.406321e+01  1.805711e-02 
 2.406361e+01  1.798442e-02 
 2.406401e+01  1.765971e-02 
 2.406440e+01  1.710939e-02 
 2.406480e+01  1.636946e-02 
 2.406520e+01  1.549776e-02 
 2.406560e+01  1.452635e-02 
 2.406599e+01  1.346651e-02 
 2.406639e+01  1.239238e-02 
 2.406679e+01  1.133619e-02 
 2.406719e+01  1.035712e-02 
 2.406758e+01  9.510064e-03 
 2.406798e+01  8.806240e-03 
 2.406838e+01  8.207540e-03 
 2.406878e+01  7.669562e-03 
 2.406918e+01  7.185884e-03 
 2.406957e+01  6.772145e-03 
 2.406997e+01  6.441380e-03 
 2.407037e+01  6.183699e-03 
 2.407077e+01  5.976341e-03 
 2.407116e+01  5.818712e-03 
 2.407156e+01  5.688587e-03 
 2.407196e+01  5.507811e-03 
 2.407236e+01  5.293955e-03 
 2.407275e+01  5.024206e-03 
 2.407315e+01  4.739754e-03 
 2.407355e+01  4.458275e-03 
 2.407395e+01  4.244432e-03 
 2.407435e+01  4.105827e-03 
 2.407474e+01  4.058229e-03 
 2.407514e+01  4.105222e-03 
 2.407554e+01  4.277543e-03 
 2.407594e+01  4.603994e-03 
 2.407633e+01  5.101024e-03 
 2.407673e+01  5.726598e-03 
 2.407713e+01  6.478851e-03 
 2.407753e+01  7.292386e-03 
 2.407793e+01  8.120064e-03 
 2.407832e+01  8.881014e-03 
 2.407872e+01  9.519621e-03 
 2.407912e+01  9.967953e-03 
 2.407952e+01  1.021674e-02 
 2.407991e+01  1.024099e-02 
 2.408031e+01  1.005720e-02 
 2.408071e+01  9.654028e-03 
 2.408111e+01  9.045287e-03 
 2.408150e+01  8.276763e-03 
 2.408190e+01  7.383804e-03 
 2.408230e+01  6.434989e-03 
 2.408270e+01  5.511043e-03 
 2.408310e+01  4.619870e-03 
 2.408349e+01  3.781333e-03 
 2.408389e+01  3.030751e-03 
 2.408429e+01  2.376642e-03 
 2.408469e+01  1.859719e-03 
 2.408508e+01  1.513492e-03 
 2.408548e+01  1.354695e-03 
 2.408588e+01  1.386786e-03 
 2.408628e+01  1.560035e-03 
 2.408667e+01  1.844556e-03 
 2.408707e+01  2.202315e-03 
 2.408747e+01  2.588680e-03 
 2.408787e+01  2.937549e-03 
 2.408827e+01  3.196347e-03 
 2.408866e+01  3.363852e-03 
 2.408906e+01  3.456527e-03 
 2.408946e+01  3.477578e-03 
 2.408986e+01  3.450286e-03 
 2.409025e+01  3.422843e-03 
 2.409065e+01  3.431869e-03 
 2.409105e+01  3.554875e-03 
 2.409145e+01  3.851674e-03 
 2.409184e+01  4.354770e-03 
 2.409224e+01  5.072501e-03 
 2.409264e+01  5.974675e-03 
 2.409304e+01  7.030090e-03 
 2.409344e+01  8.236043e-03 
 2.409383e+01  9.523416e-03 
 2.409423e+01  1.079143e-02 
 2.409463e+01  1.195449e-02 
 2.409503e+01  1.294073e-02 
 2.409542e+01  1.366136e-02 
 2.409582e+01  1.404502e-02 
 2.409622e+01  1.402436e-02 
 2.409662e+01  1.359045e-02 
 2.409701e+01  1.273435e-02 
 2.409741e+01  1.152123e-02 
 2.409781e+01  1.001794e-02 
 2.409821e+01  8.321707e-03 
 2.409861e+01  6.507297e-03 
 2.409900e+01  4.698994e-03 
 2.409940e+01  3.008901e-03 
 2.409980e+01  1.534287e-03 
 2.410020e+01  3.866314e-04 
 2.410059e+01 -3.714378e-04 
 2.410099e+01 -7.709525e-04 
 2.410139e+01 -7.834374e-04 
 2.410179e+01 -4.415972e-04 
 2.410218e+01  1.868169e-04 
 2.410258e+01  1.025442e-03 
 2.410298e+01  1.988282e-03 
 2.410338e+01  2.941567e-03 
 2.410378e+01  3.814548e-03 
 2.410417e+01  4.512309e-03 
 2.410457e+01  4.964553e-03 
 2.410497e+01  5.150153e-03 
 2.410537e+01  5.056895e-03 
 2.410576e+01  4.692561e-03 
 2.410616e+01  4.092404e-03 
 2.410656e+01  3.336747e-03 
 2.410696e+01  2.444209e-03 
 2.410735e+01  1.516066e-03 
 2.410775e+01  7.026650e-04 
 2.410815e+01  9.440597e-05 
 2.410855e+01 -2.074435e-04 
 2.410895e+01 -1.139411e-04 
 2.410934e+01  4.473444e-04 
 2.410974e+01  1.413939e-03 
 2.411014e+01  2.748555e-03 
 2.411054e+01  4.357479e-03 
 2.411093e+01  6.101140e-03 
 2.411133e+01  7.835491e-03 
 2.411173e+01  9.447877e-03 
 2.411213e+01  1.079707e-02 
 2.411252e+01  1.178924e-02 
 2.411292e+01  1.235628e-02 
 2.411332e+01  1.240214e-02 
 2.411372e+01  1.189117e-02 
 2.411412e+01  1.085969e-02 
 2.411451e+01  9.330886e-03 
 2.411491e+01  7.383674e-03 
 2.411531e+01  5.197969e-03 
 2.411571e+01  2.908819e-03 
 2.411610e+01  6.297457e-04 
 2.411650e+01 -1.478083e-03 
 2.411690e+01 -3.265651e-03 
 2.411730e+01 -4.630884e-03 
 2.411769e+01 -5.504216e-03 
 2.411809e+01 -5.821253e-03 
 2.411849e+01 -5.617034e-03 
 2.411889e+01 -4.912621e-03 
 2.411929e+01 -3.760424e-03 
 2.411968e+01 -2.279737e-03 
 2.412008e+01 -5.658711e-04 
 2.412048e+01  1.267902e-03 
 2.412088e+01  3.061141e-03 
 2.412127e+01  4.724787e-03 
 2.412167e+01  6.158803e-03 
 2.412207e+01  7.204480e-03 
 2.412247e+01  7.792617e-03 
 2.412286e+01  7.878387e-03 
 2.412326e+01  7.415803e-03 
 2.412366e+01  6.463884e-03 
 2.412406e+01  5.121914e-03 
 2.412446e+01  3.516774e-03 
 2.412485e+01  1.759035e-03 
 2.412525e+01  2.664062e-05 
 2.412565e+01 -1.578373e-03 
 2.412605e+01 -3.026304e-03 
 2.412644e+01 -4.181138e-03 
 2.412684e+01 -5.005328e-03 
 2.412724e+01 -5.434277e-03 
 2.412764e+01 -5.450007e-03 
 2.412803e+01 -5.010019e-03 
 2.412843e+01 -4.184530e-03 
 2.412883e+01 -3.034387e-03 
 2.412923e+01 -1.644958e-03 
 2.412963e+01 -1.489306e-04 
 2.413002e+01  1.311461e-03 
 2.413042e+01  2.616588e-03 
 2.413082e+01  3.685665e-03 
 2.413122e+01  4.415439e-03 
 2.413161e+01  4.796005e-03 
 2.413201e+01  4.750500e-03 
 2.413241e+01  4.280090e-03 
 2.413281e+01  3.465194e-03 
 2.413320e+01  2.346810e-03 
 2.413360e+01  9.849109e-04 
 2.413400e+01 -4.647516e-04 
 2.413440e+01 -1.881534e-03 
 2.413480e+01 -3.170138e-03 
 2.413519e+01 -4.200856e-03 
 2.413559e+01 -4.881522e-03 
 2.413599e+01 -5.115498e-03 
 2.413639e+01 -4.833031e-03 
 2.413678e+01 -3.962399e-03 
 2.413718e+01 -2.515848e-03 
 2.413758e+01 -5.552996e-04 
 2.413798e+01  1.851635e-03 
 2.413837e+01  4.495244e-03 
 2.413877e+01  7.213539e-03 
 2.413917e+01  9.876659e-03 
 2.413957e+01  1.223573e-02 
 2.413997e+01  1.419589e-02 
 2.414036e+01  1.565223e-02 
 2.414076e+01  1.653457e-02 
 2.414116e+01  1.678178e-02 
 2.414156e+01  1.639778e-02 
 2.414195e+01  1.539992e-02 
 2.414235e+01  1.383162e-02 
 2.414275e+01  1.180474e-02 
 2.414315e+01  9.498719e-03 
 2.414354e+01  7.094970e-03 
 2.414394e+01  4.770662e-03 
 2.414434e+01  2.712496e-03 
 2.414474e+01  1.035584e-03 
 2.414514e+01 -1.417389e-04 
 2.414553e+01 -7.933557e-04 
 2.414593e+01 -9.165049e-04 
 2.414633e+01 -5.382587e-04 
 2.414673e+01  2.701732e-04 
 2.414712e+01  1.446089e-03 
 2.414752e+01  2.889277e-03 
 2.414792e+01  4.482694e-03 
 2.414832e+01  6.080898e-03 
 2.414871e+01  7.551309e-03 
 2.414911e+01  8.800277e-03 
 2.414951e+01  9.717742e-03 
 2.414991e+01  1.023143e-02 
 2.415031e+01  1.031875e-02 
 2.415070e+01  9.996521e-03 
 2.415110e+01  9.298645e-03 
 2.415150e+01  8.355863e-03 
 2.415190e+01  7.296396e-03 
 2.415229e+01  6.210393e-03 
 2.415269e+01  5.263384e-03 
 2.415309e+01  4.572568e-03 
 2.415349e+01  4.215159e-03 
 2.415388e+01  4.219665e-03 
 2.415428e+01  4.595966e-03 
 2.415468e+01  5.314001e-03 
 2.415508e+01  6.340320e-03 
 2.415548e+01  7.602001e-03 
 2.415587e+01  9.025133e-03 
 2.415627e+01  1.052237e-02 
 2.415667e+01  1.198839e-02 
 2.415707e+01  1.328345e-02 
 2.415746e+01  1.427542e-02 
 2.415786e+01  1.486656e-02 
 2.415826e+01  1.500307e-02 
 2.415866e+01  1.465419e-02 
 2.415905e+01  1.390190e-02 
 2.415945e+01  1.280861e-02 
 2.415985e+01  1.146860e-02 
 2.416025e+01  1.000093e-02 
 2.416065e+01  8.537399e-03 
 2.416104e+01  7.191193e-03 
 2.416144e+01  6.042407e-03 
 2.416184e+01  5.108437e-03 
 2.416224e+01  4.412942e-03 
 2.416263e+01  3.968382e-03 
 2.416303e+01  3.765106e-03 
 2.416343e+01  3.770824e-03 
 2.416383e+01  3.967947e-03 
 2.416422e+01  4.300364e-03 
 2.416462e+01  4.747908e-03 
 2.416502e+01  5.287924e-03 
 2.416542e+01  5.915912e-03 
 2.416582e+01  6.567176e-03 
 2.416621e+01  7.178540e-03 
 2.416661e+01  7.709543e-03 
 2.416701e+01  8.170647e-03 
 2.416741e+01  8.549441e-03 
 2.416780e+01  8.891963e-03 
 2.416820e+01  9.246131e-03 
 2.416860e+01  9.622560e-03 
 2.416900e+01  1.005926e-02 
 2.416940e+01  1.056346e-02 
 2.416979e+01  1.109803e-02 
 2.417019e+01  1.163646e-02 
 2.417059e+01  1.215250e-02 
 2.417099e+01  1.261848e-02 
 2.417138e+01  1.304054e-02 
 2.417178e+01  1.340671e-02 
 2.417218e+01  1.368073e-02 
 2.417258e+01  1.384011e-02 
 2.417297e+01  1.384990e-02 
 2.417337e+01  1.368448e-02 
 2.417377e+01  1.331827e-02 
 2.417417e+01  1.275323e-02 
 2.417457e+01  1.198417e-02 
 2.417496e+01  1.103581e-02 
 2.417536e+01  9.957863e-03 
 2.417576e+01  8.783964e-03 
 2.417616e+01  7.579573e-03 
 2.417655e+01  6.414499e-03 
 2.417695e+01  5.375283e-03 
 2.417735e+01  4.480712e-03 
 2.417775e+01  3.776067e-03 
 2.417814e+01  3.283608e-03 
 2.417854e+01  3.014729e-03 
 2.417894e+01  2.984513e-03 
 2.417934e+01  3.210671e-03 
 2.417974e+01  3.705291e-03 
 2.418013e+01  4.444295e-03 
 2.418053e+01  5.406766e-03 
 2.418093e+01  6.491000e-03 
 2.418133e+01  7.615069e-03 
 2.418172e+01  8.705837e-03 
 2.418212e+01  9.667584e-03 
 2.418252e+01  1.045919e-02 
 2.418292e+01  1.110566e-02 
 2.418331e+01  1.157710e-02 
 2.418371e+01  1.186978e-02 
 2.418411e+01  1.198167e-02 
 2.418451e+01  1.192376e-02 
 2.418491e+01  1.172550e-02 
 2.418530e+01  1.142657e-02 
 2.418570e+01  1.105878e-02 
 2.418610e+01  1.068436e-02 
 2.418650e+01  1.034172e-02 
 2.418689e+01  1.009764e-02 
 2.418729e+01  1.001078e-02 
 2.418769e+01  1.010801e-02 
 2.418809e+01  1.039100e-02 
 2.418848e+01  1.081677e-02 
 2.418888e+01  1.139384e-02 
 2.418928e+01  1.210151e-02 
 2.418968e+01  1.284028e-02 
 2.419008e+01  1.350485e-02 
 2.419047e+01  1.399357e-02 
 2.419087e+01  1.419893e-02 
 2.419127e+01  1.409501e-02 
 2.419167e+01  1.369867e-02 
 2.419206e+01  1.300578e-02 
 2.419246e+01  1.205146e-02 
 2.419286e+01  1.089841e-02 
 2.419326e+01  9.588319e-03 
 2.419365e+01  8.171692e-03 
 2.419405e+01  6.709514e-03 
 2.419445e+01  5.259107e-03 
 2.419485e+01  3.911004e-03 
 2.419525e+01  2.776931e-03 
 2.419564e+01  1.961870e-03 
 2.419604e+01  1.534178e-03 
 2.419644e+01  1.510431e-03 
 2.419684e+01  1.915940e-03 
 2.419723e+01  2.741356e-03 
 2.419763e+01  3.911728e-03 
 2.419803e+01  5.352334e-03 
 2.419843e+01  6.936682e-03 
 2.419882e+01  8.558459e-03 
 2.419922e+01  1.012360e-02 
 2.419962e+01  1.150403e-02 
 2.420002e+01  1.259887e-02 
 2.420042e+01  1.334493e-02 
 2.420081e+01  1.365235e-02 
 2.420121e+01  1.347473e-02 
 2.420161e+01  1.279227e-02 
 2.420201e+01  1.161338e-02 
 2.420240e+01  9.962660e-03 
 2.420280e+01  7.948058e-03 
 2.420320e+01  5.721426e-03 
 2.420360e+01  3.442071e-03 
 2.420399e+01  1.313340e-03 
 2.420439e+01 -5.265398e-04 
 2.420479e+01 -1.968629e-03 
 2.420519e+01 -2.923448e-03 
 2.420559e+01 -3.375930e-03 
 2.420598e+01 -3.362592e-03 
 2.420638e+01 -2.916741e-03 
 2.420678e+01 -2.107661e-03 
 2.420718e+01 -1.042462e-03 
 2.420757e+01  1.458227e-04 
 2.420797e+01  1.327599e-03 
 2.420837e+01  2.356822e-03 
 2.420877e+01  3.074124e-03 
 2.420916e+01  3.384909e-03 
 2.420956e+01  3.251744e-03 
 2.420996e+01  2.642134e-03 
 2.421036e+01  1.617205e-03 
 2.421076e+01  2.598206e-04 
 2.421115e+01 -1.321253e-03 
 2.421155e+01 -2.962081e-03 
 2.421195e+01 -4.548029e-03 
 2.421235e+01 -5.926133e-03 
 2.421274e+01 -6.955624e-03 
 2.421314e+01 -7.515016e-03 
 2.421354e+01 -7.545955e-03 
 2.421394e+01 -7.017997e-03 
 2.421433e+01 -5.974562e-03 
 2.421473e+01 -4.503314e-03 
 2.421513e+01 -2.685024e-03 
 2.421553e+01 -6.538507e-04 
 2.421593e+01  1.455505e-03 
 2.421632e+01  3.505261e-03 
 2.421672e+01  5.352754e-03 
 2.421712e+01  6.869405e-03 
 2.421752e+01  7.914877e-03 
 2.421791e+01  8.382372e-03 
 2.421831e+01  8.182003e-03 
 2.421871e+01  7.298939e-03 
 2.421911e+01  5.783295e-03 
 2.421950e+01  3.770821e-03 
 2.421990e+01  1.366883e-03 
 2.422030e+01 -1.251481e-03 
 2.422070e+01 -3.898466e-03 
 2.422110e+01 -6.392410e-03 
 2.422149e+01 -8.572193e-03 
 2.422189e+01 -1.028385e-02 
 2.422229e+01 -1.142397e-02 
 2.422269e+01 -1.192708e-02 
 2.422308e+01 -1.178794e-02 
 2.422348e+01 -1.104895e-02 
 2.422388e+01 -9.807498e-03 
 2.422428e+01 -8.184654e-03 
 2.422467e+01 -6.330472e-03 
 2.422507e+01 -4.390665e-03 
 2.422547e+01 -2.478300e-03 
 2.422587e+01 -7.627355e-04 
 2.422627e+01  6.344213e-04 
 2.422666e+01  1.618828e-03 
 2.422706e+01  2.141820e-03 
 2.422746e+01  2.220907e-03 
 2.422786e+01  1.918781e-03 
 2.422825e+01  1.322260e-03 
 2.422865e+01  5.651476e-04 
 2.422905e+01 -2.631588e-04 
 2.422945e+01 -1.081856e-03 
 2.422984e+01 -1.832446e-03 
 2.423024e+01 -2.421733e-03 
 2.423064e+01 -2.748850e-03 
 2.423104e+01 -2.752361e-03 
 2.423144e+01 -2.362233e-03 
 2.423183e+01 -1.544212e-03 
 2.423223e+01 -3.604634e-04 
 2.423263e+01  1.093344e-03 
 2.423303e+01  2.734198e-03 
 2.423342e+01  4.427520e-03 
 2.423382e+01  6.046488e-03 
 2.423422e+01  7.464083e-03 
 2.423462e+01  8.615511e-03 
 2.423501e+01  9.455232e-03 
 2.423541e+01  9.918485e-03 
 2.423581e+01  9.964975e-03 
 2.423621e+01  9.574593e-03 
 2.423661e+01  8.755628e-03 
 2.423700e+01  7.576697e-03 
 2.423740e+01  6.126382e-03 
 2.423780e+01  4.499866e-03 
 2.423820e+01  2.801106e-03 
 2.423859e+01  1.116908e-03 
 2.423899e+01 -4.548497e-04 
 2.423939e+01 -1.796575e-03 
 2.423979e+01 -2.829114e-03 
 2.424018e+01 -3.474273e-03 
 2.424058e+01 -3.652170e-03 
 2.424098e+01 -3.323646e-03 
 2.424138e+01 -2.463699e-03 
 2.424178e+01 -1.134598e-03 
 2.424217e+01  5.781307e-04 
 2.424257e+01  2.551737e-03 
 2.424297e+01  4.703581e-03 
 2.424337e+01  6.929418e-03 
 2.424376e+01  9.104664e-03 
 2.424416e+01  1.114888e-02 
 2.424456e+01  1.295208e-02 
 2.424496e+01  1.440884e-02 
 2.424535e+01  1.545592e-02 
 2.424575e+01  1.603072e-02 
 2.424615e+01  1.613064e-02 
 2.424655e+01  1.576322e-02 
 2.424695e+01  1.500298e-02 
 2.424734e+01  1.395279e-02 
 2.424774e+01  1.272590e-02 
 2.424814e+01  1.146177e-02 
 2.424854e+01  1.030404e-02 
 2.424893e+01  9.355837e-03 
 2.424933e+01  8.724282e-03 
 2.424973e+01  8.436188e-03 
 2.425013e+01  8.468311e-03 
 2.425052e+01  8.777278e-03 
 2.425092e+01  9.309206e-03 
 2.425132e+01  9.973448e-03 
 2.425172e+01  1.069563e-02 
 2.425212e+01  1.139332e-02 
 2.425251e+01  1.196395e-02 
 2.425291e+01  1.233209e-02 
 2.425331e+01  1.241912e-02 
 2.425371e+01  1.218780e-02 
 2.425410e+01  1.163406e-02 
 2.425450e+01  1.077186e-02 
 2.425490e+01  9.659974e-03 
 2.425530e+01  8.409553e-03 
 2.425569e+01  7.127272e-03 
 2.425609e+01  5.897423e-03 
 2.425649e+01  4.841277e-03 
 2.425689e+01  4.050171e-03 
 2.425729e+01  3.600235e-03 
 2.425768e+01  3.520846e-03 
 2.425808e+01  3.817565e-03 
 2.425848e+01  4.467799e-03 
 2.425888e+01  5.418150e-03 
 2.425927e+01  6.634865e-03 
 2.425967e+01  8.047802e-03 
 2.426007e+01  9.574989e-03 
 2.426047e+01  1.111819e-02 
 2.426087e+01  1.259296e-02 
 2.426126e+01  1.390119e-02 
 2.426166e+01  1.495524e-02 
 2.426206e+01  1.570871e-02 
 2.426246e+01  1.607318e-02 
 2.426285e+01  1.607536e-02 
 2.426325e+01  1.574870e-02 
 2.426365e+01  1.514266e-02 
 2.426405e+01  1.433945e-02 
 2.426444e+01  1.342013e-02 
 2.426484e+01  1.247890e-02 
 2.426524e+01  1.158761e-02 
 2.426564e+01  1.081327e-02 
 2.426604e+01  1.021877e-02 
 2.426643e+01  9.831386e-03 
 2.426683e+01  9.669121e-03 
 2.426723e+01  9.719508e-03 
 2.426763e+01  9.941070e-03 
 2.426802e+01  1.030207e-02 
 2.426842e+01  1.070751e-02 
 2.426882e+01  1.106389e-02 
 2.426922e+01  1.127893e-02 
 2.426961e+01  1.128183e-02 
 2.427001e+01  1.101825e-02 
 2.427041e+01  1.045179e-02 
 2.427081e+01  9.590068e-03 
 2.427121e+01  8.476427e-03 
 2.427160e+01  7.193049e-03 
 2.427200e+01  5.881599e-03 
 2.427240e+01  4.660760e-03 
 2.427280e+01  3.677062e-03 
 2.427319e+01  3.071840e-03 
 2.427359e+01  2.905646e-03 
 2.427399e+01  3.211588e-03 
 2.427439e+01  4.008340e-03 
 2.427478e+01  5.230630e-03 
 2.427518e+01  6.816259e-03 
 2.427558e+01  8.673207e-03 
 2.427598e+01  1.070707e-02 
 2.427638e+01  1.279286e-02 
 2.427677e+01  1.478534e-02 
 2.427717e+01  1.657026e-02 
 2.427757e+01  1.801449e-02 
 2.427797e+01  1.898903e-02 
 2.427836e+01  1.941610e-02 
 2.427876e+01  1.923508e-02 
 2.427916e+01  1.846100e-02 
 2.427956e+01  1.715940e-02 
 2.427995e+01  1.543399e-02 
 2.428035e+01  1.343789e-02 
 2.428075e+01  1.133337e-02 
 2.428115e+01  9.264076e-03 
 2.428155e+01  7.358505e-03 
 2.428194e+01  5.749558e-03 
 2.428234e+01  4.522486e-03 
 2.428274e+01  3.747263e-03 
 2.428314e+01  3.438787e-03 
 2.428353e+01  3.570461e-03 
 2.428393e+01  4.094171e-03 
 2.428433e+01  4.914436e-03 
 2.428473e+01  5.910979e-03 
 2.428512e+01  6.942194e-03 
 2.428552e+01  7.898769e-03 
 2.428592e+01  8.654861e-03 
 2.428632e+01  9.152738e-03 
 2.428672e+01  9.350895e-03 
 2.428711e+01  9.234795e-03 
 2.428751e+01  8.809816e-03 
 2.428791e+01  8.068054e-03 
 2.428831e+01  7.086378e-03 
 2.428870e+01  5.941772e-03 
 2.428910e+01  4.726322e-03 
 2.428950e+01  3.547743e-03 
 2.428990e+01  2.510842e-03 
 2.429029e+01  1.709067e-03 
 2.429069e+01  1.215029e-03 
 2.429109e+01  1.095424e-03 
 2.429149e+01  1.378270e-03 
 2.429189e+01  2.086448e-03 
 2.429228e+01  3.163906e-03 
 2.429268e+01  4.554918e-03 
 2.429308e+01  6.173823e-03 
 2.429348e+01  7.882166e-03 
 2.429387e+01  9.563607e-03 
 2.429427e+01  1.106719e-02 
 2.429467e+01  1.228052e-02 
 2.429507e+01  1.311598e-02 
 2.429546e+01  1.351298e-02 
 2.429586e+01  1.343059e-02 
 2.429626e+01  1.283836e-02 
 2.429666e+01  1.174996e-02 
 2.429706e+01  1.019528e-02 
 2.429745e+01  8.219583e-03 
 2.429785e+01  5.939578e-03 
 2.429825e+01  3.465392e-03 
 2.429865e+01  9.430762e-04 
 2.429904e+01 -1.472072e-03 
 2.429944e+01 -3.616697e-03 
 2.429984e+01 -5.383227e-03 
 2.430024e+01 -6.677955e-03 
 2.430063e+01 -7.463381e-03 
 2.430103e+01 -7.692797e-03 
 2.430143e+01 -7.401999e-03 
 2.430183e+01 -6.628958e-03 
 2.430223e+01 -5.468329e-03 
 2.430262e+01 -4.035916e-03 
 2.430302e+01 -2.408778e-03 
 2.430342e+01 -7.497819e-04 
 2.430382e+01  8.311471e-04 
 2.430421e+01  2.243185e-03 
 2.430461e+01  3.387312e-03 
 2.430501e+01  4.178030e-03 
 2.430541e+01  4.589735e-03 
 2.430580e+01  4.596605e-03 
 2.430620e+01  4.193328e-03 
 2.430660e+01  3.429311e-03 
 2.430700e+01  2.376148e-03 
 2.430740e+01  1.151317e-03 
 2.430779e+01 -1.184955e-04 
 2.430819e+01 -1.299435e-03 
 2.430859e+01 -2.277162e-03 
 2.430899e+01 -2.923883e-03 
 2.430938e+01 -3.184892e-03 
 2.430978e+01 -3.055931e-03 
 2.431018e+01 -2.563841e-03 
 2.431058e+01 -1.751604e-03 
 2.431097e+01 -6.785088e-04 
 2.431137e+01  5.622759e-04 
 2.431177e+01  1.888894e-03 
 2.431217e+01  3.182846e-03 
 2.431257e+01  4.268484e-03 
 2.431296e+01  5.015746e-03 
 2.431336e+01  5.280829e-03 
 2.431376e+01  4.981273e-03 
 2.431416e+01  4.095157e-03 
 2.431455e+01  2.637202e-03 
 2.431495e+01  6.733629e-04 
 2.431535e+01 -1.609242e-03 
 2.431575e+01 -4.090717e-03 
 2.431614e+01 -6.559260e-03 
 2.431654e+01 -8.843659e-03 
 2.431694e+01 -1.075881e-02 
 2.431734e+01 -1.211608e-02 
 2.431774e+01 -1.281175e-02 
 2.431813e+01 -1.274629e-02 
 2.431853e+01 -1.191750e-02 
 2.431893e+01 -1.038368e-02 
 2.431933e+01 -8.233720e-03 
 2.431972e+01 -5.632662e-03 
 2.432012e+01 -2.714939e-03 
 2.432052e+01  3.293064e-04 
 2.432092e+01  3.291385e-03 
 2.432131e+01  5.990233e-03 
 2.432171e+01  8.253364e-03 
 2.432211e+01  9.932463e-03 
 2.432251e+01  1.094012e-02 
 2.432291e+01  1.125672e-02 
 2.432330e+01  1.092959e-02 
 2.432370e+01  1.004207e-02 
 2.432410e+01  8.724073e-03 
 2.432450e+01  7.138989e-03 
 2.432489e+01  5.425284e-03 
 2.432529e+01  3.765812e-03 
 2.432569e+01  2.294467e-03 
 2.432609e+01  1.143821e-03 
 2.432648e+01  4.394558e-04 
 2.432688e+01  2.523110e-04 
 2.432728e+01  5.587400e-04 
 2.432768e+01  1.338815e-03 
 2.432808e+01  2.524180e-03 
 2.432847e+01  3.961322e-03 
 2.432887e+01  5.521443e-03 
 2.432927e+01  7.038885e-03 
 2.432967e+01  8.372957e-03 
 2.433006e+01  9.380812e-03 
 2.433046e+01  9.963561e-03 
 2.433086e+01  1.003472e-02 
 2.433126e+01  9.580850e-03 
 2.433165e+01  8.644973e-03 
 2.433205e+01  7.277853e-03 
 2.433245e+01  5.625670e-03 
 2.433285e+01  3.834757e-03 
 2.433325e+01  2.049776e-03 
 2.433364e+01  3.986596e-04 
 2.433404e+01 -9.549923e-04 
 2.433444e+01 -1.891247e-03 
 2.433484e+01 -2.323518e-03 
 2.433523e+01 -2.182927e-03 
 2.433563e+01 -1.445144e-03 
 2.433603e+01 -1.601983e-04 
 2.433643e+01  1.615949e-03 
 2.433682e+01  3.759956e-03 
 2.433722e+01  6.136797e-03 
 2.433762e+01  8.592100e-03 
 2.433802e+01  1.098915e-02 
 2.433842e+01  1.315549e-02 
 2.433881e+01  1.497834e-02 
 2.433921e+01  1.635935e-02 
 2.433961e+01  1.721548e-02 
 2.434001e+01  1.750370e-02 
 2.434040e+01  1.723114e-02 
 2.434080e+01  1.646273e-02 
 2.434120e+01  1.523108e-02 
 2.434160e+01  1.364340e-02 
 2.434199e+01  1.181577e-02 
 2.434239e+01  9.858642e-03 
 2.434279e+01  7.921416e-03 
 2.434319e+01  6.122036e-03 
 2.434359e+01  4.577063e-03 
 2.434398e+01  3.381031e-03 
 2.434438e+01  2.575667e-03 
 2.434478e+01  2.159762e-03 
 2.434518e+01  2.140268e-03 
 2.434557e+01  2.465584e-03 
 2.434597e+01  3.034861e-03 
 2.434637e+01  3.801225e-03 
 2.434677e+01  4.692571e-03 
 2.434716e+01  5.626566e-03 
 2.434756e+01  6.516277e-03 
 2.434796e+01  7.309853e-03 
 2.434836e+01  7.922506e-03 
 2.434876e+01  8.320939e-03 
 2.434915e+01  8.510343e-03 
 2.434955e+01  8.460578e-03 
 2.434995e+01  8.220843e-03 
 2.435035e+01  7.859876e-03 
 2.435074e+01  7.434581e-03 
 2.435114e+01  6.993713e-03 
 2.435154e+01  6.644972e-03 
 2.435194e+01  6.416349e-03 
 2.435233e+01  6.347027e-03 
 2.435273e+01  6.472443e-03 
 2.435313e+01  6.824201e-03 
 2.435353e+01  7.398145e-03 
 2.435393e+01  8.160724e-03 
 2.435432e+01  9.080689e-03 
 2.435472e+01  1.010564e-02 
 2.435512e+01  1.115691e-02 
 2.435552e+01  1.216578e-02 
 2.435591e+01  1.303768e-02 
 2.435631e+01  1.370895e-02 
 2.435671e+01  1.414056e-02 
 2.435711e+01  1.425874e-02 
 2.435751e+01  1.404465e-02 
 2.435790e+01  1.349257e-02 
 2.435830e+01  1.260256e-02 
 2.435870e+01  1.139058e-02 
 2.435910e+01  9.922102e-03 
 2.435949e+01  8.285358e-03 
 2.435989e+01  6.574550e-03 
 2.436029e+01  4.915229e-03 
 2.436069e+01  3.411770e-03 
 2.436108e+01  2.162573e-03 
 2.436148e+01  1.221683e-03 
 2.436188e+01  6.377198e-04 
 2.436228e+01  4.263262e-04 
 2.436268e+01  5.949397e-04 
 2.436307e+01  1.091783e-03 
 2.436347e+01  1.852065e-03 
 2.436387e+01  2.825323e-03 
 2.436427e+01  3.908007e-03 
 2.436466e+01  5.019900e-03 
 2.436506e+01  6.024092e-03 
 2.436546e+01  6.894926e-03 
 2.436586e+01  7.552397e-03 
 2.436625e+01  7.979196e-03 
 2.436665e+01  8.203028e-03 
 2.436705e+01  8.245031e-03 
 2.436745e+01  8.119816e-03 
 2.436785e+01  7.895232e-03 
 2.436824e+01  7.588500e-03 
 2.436864e+01  7.329947e-03 
 2.436904e+01  7.151567e-03 
 2.436944e+01  7.157398e-03 
 2.436983e+01  7.405208e-03 
 2.437023e+01  7.911876e-03 
 2.437063e+01  8.699652e-03 
 2.437103e+01  9.698541e-03 
 2.437142e+01  1.084820e-02 
 2.437182e+01  1.207342e-02 
 2.437222e+01  1.326547e-02 
 2.437262e+01  1.435125e-02 
 2.437302e+01  1.518226e-02 
 2.437341e+01  1.567981e-02 
 2.437381e+01  1.574382e-02 
 2.437421e+01  1.533089e-02 
 2.437461e+01  1.441010e-02 
 2.437500e+01  1.301489e-02 
 2.437540e+01  1.125372e-02 
 2.437580e+01  9.235157e-03 
 2.437620e+01  7.106220e-03 
 2.437659e+01  5.015107e-03 
 2.437699e+01  3.127808e-03 
 2.437739e+01  1.573604e-03 
 2.437779e+01  4.661889e-04 
 2.437819e+01 -6.001502e-05 
 2.437858e+01  2.794418e-05 
 2.437898e+01  7.324938e-04 
 2.437938e+01  1.999296e-03 
 2.437978e+01  3.742235e-03 
 2.438017e+01  5.834137e-03 
 2.438057e+01  8.076808e-03 
 2.438097e+01  1.028510e-02 
 2.438137e+01  1.231300e-02 
 2.438176e+01  1.402137e-02 
 2.438216e+01  1.528321e-02 
 2.438256e+01  1.599962e-02 
 2.438296e+01  1.614747e-02 
 2.438336e+01  1.571799e-02 
 2.438375e+01  1.476500e-02 
 2.438415e+01  1.339363e-02 
 2.438455e+01  1.180321e-02 
 2.438495e+01  1.008939e-02 
 2.438534e+01  8.410779e-03 
 2.438574e+01  6.939767e-03 
 2.438614e+01  5.816264e-03 
 2.438654e+01  5.131734e-03 
 2.438693e+01  4.905052e-03 
 2.438733e+01  5.150992e-03 
 2.438773e+01  5.783784e-03 
 2.438813e+01  6.729095e-03 
 2.438853e+01  7.881916e-03 
 2.438892e+01  9.120831e-03 
 2.438932e+01  1.033463e-02 
 2.438972e+01  1.137230e-02 
 2.439012e+01  1.211189e-02 
 2.439051e+01  1.245686e-02 
 2.439091e+01  1.232077e-02 
 2.439131e+01  1.162716e-02 
 2.439171e+01  1.039522e-02 
 2.439210e+01  8.672932e-03 
 2.439250e+01  6.566550e-03 
 2.439290e+01  4.231295e-03 
 2.439330e+01  1.811830e-03 
 2.439370e+01 -5.363118e-04 
 2.439409e+01 -2.662792e-03 
 2.439449e+01 -4.388220e-03 
 2.439489e+01 -5.629007e-03 
 2.439529e+01 -6.277092e-03 
 2.439568e+01 -6.281154e-03 
 2.439608e+01 -5.641794e-03 
 2.439648e+01 -4.414858e-03 
 2.439688e+01 -2.680807e-03 
 2.439727e+01 -5.520223e-04 
 2.439767e+01  1.815045e-03 
 2.439807e+01  4.282498e-03 
 2.439847e+01  6.684768e-03 
 2.439887e+01  8.873185e-03 
 2.439926e+01  1.070752e-02 
 2.439966e+01  1.206869e-02 
 2.440006e+01  1.285752e-02 
 2.440046e+01  1.307177e-02 
 2.440085e+01  1.271471e-02 
 2.440125e+01  1.181716e-02 
 2.440165e+01  1.048055e-02 
 2.440205e+01  8.856085e-03 
 2.440244e+01  7.065945e-03 
 2.440284e+01  5.222432e-03 
 2.440324e+01  3.466298e-03 
 2.440364e+01  1.938723e-03 
 2.440404e+01  6.914717e-04 
 2.440443e+01 -2.142936e-04 
 2.440483e+01 -7.491399e-04 
 2.440523e+01 -8.874627e-04 
 2.440563e+01 -6.729083e-04 
 2.440602e+01 -1.495280e-04 
 2.440642e+01  6.150067e-04 
 2.440682e+01  1.539639e-03 
 2.440722e+01  2.487805e-03 
 2.440761e+01  3.308079e-03 
 2.440801e+01  3.952362e-03 
 2.440841e+01  4.326958e-03 
 2.440881e+01  4.357696e-03 
 2.440921e+01  4.031331e-03 
 2.440960e+01  3.406566e-03 
 2.441000e+01  2.493347e-03 
 2.441040e+01  1.339285e-03 
 2.441080e+01  6.449145e-05 
 2.441119e+01 -1.266145e-03 
 2.441159e+01 -2.521561e-03 
 2.441199e+01 -3.590956e-03 
 2.441239e+01 -4.371454e-03 
 2.441278e+01 -4.781005e-03 
 2.441318e+01 -4.772879e-03 
 2.441358e+01 -4.320597e-03 
 2.441398e+01 -3.437598e-03 
 2.441438e+01 -2.150145e-03 
 2.441477e+01 -5.338381e-04 
 2.441517e+01  1.310060e-03 
 2.441557e+01  3.284870e-03 
 2.441597e+01  5.256661e-03 
 2.441636e+01  7.098969e-03 
 2.441676e+01  8.662115e-03 
 2.441716e+01  9.843979e-03 
 2.441756e+01  1.052728e-02 
 2.441795e+01  1.071469e-02 
 2.441835e+01  1.037681e-02 
 2.441875e+01  9.502506e-03 
 2.441915e+01  8.142232e-03 
 2.441955e+01  6.349916e-03 
 2.441994e+01  4.236671e-03 
 2.442034e+01  1.957308e-03 
 2.442074e+01 -3.130444e-04 
 2.442114e+01 -2.374789e-03 
 2.442153e+01 -4.092966e-03 
 2.442193e+01 -5.308950e-03 
 2.442233e+01 -5.957983e-03 
 2.442273e+01 -6.000014e-03 
 2.442312e+01 -5.478923e-03 
 2.442352e+01 -4.469653e-03 
 2.442392e+01 -3.051738e-03 
 2.442432e+01 -1.323838e-03 
 2.442472e+01  5.584628e-04 
 2.442511e+01  2.421413e-03 
 2.442551e+01  4.123800e-03 
 2.442591e+01  5.524536e-03 
 2.442631e+01  6.492027e-03 
 2.442670e+01  6.953870e-03 
 2.442710e+01  6.919466e-03 
 2.442750e+01  6.432375e-03 
 2.442790e+01  5.559143e-03 
 2.442829e+01  4.405248e-03 
 2.442869e+01  3.124715e-03 
 2.442909e+01  1.846606e-03 
 2.442949e+01  7.191084e-04 
 2.442989e+01 -1.318264e-04 
 2.443028e+01 -5.383559e-04 
 2.443068e+01 -4.502750e-04 
 2.443108e+01  1.484692e-04 
 2.443148e+01  1.240237e-03 
 2.443187e+01  2.764928e-03 
 2.443227e+01  4.583462e-03 
 2.443267e+01  6.542987e-03 
 2.443307e+01  8.503368e-03 
 2.443346e+01  1.031641e-02 
 2.443386e+01  1.181452e-02 
 2.443426e+01  1.289238e-02 
 2.443466e+01  1.344366e-02 
 2.443506e+01  1.338118e-02 
 2.443545e+01  1.266092e-02 
 2.443585e+01  1.129046e-02 
 2.443625e+01  9.361920e-03 
 2.443665e+01  6.993783e-03 
 2.443704e+01  4.361738e-03 
 2.443744e+01  1.628525e-03 
 2.443784e+01 -1.029346e-03 
 2.443824e+01 -3.423606e-03 
 2.443863e+01 -5.403672e-03 
 2.443903e+01 -6.853309e-03 
 2.443943e+01 -7.717179e-03 
 2.443983e+01 -7.919223e-03 
 2.444023e+01 -7.491743e-03 
 2.444062e+01 -6.442906e-03 
 2.444102e+01 -4.880751e-03 
 2.444142e+01 -2.918885e-03 
 2.444182e+01 -7.151789e-04 
 2.444221e+01  1.565991e-03 
 2.444261e+01  3.763099e-03 
 2.444301e+01  5.708963e-03 
 2.444341e+01  7.291607e-03 
 2.444380e+01  8.406974e-03 
 2.444420e+01  9.014146e-03 
 2.444460e+01  9.132848e-03 
 2.444500e+01  8.832726e-03 
 2.444540e+01  8.182066e-03 
 2.444579e+01  7.280984e-03 
 2.444619e+01  6.278064e-03 
 2.444659e+01  5.272718e-03 
 2.444699e+01  4.373850e-03 
 2.444738e+01  3.673659e-03 
 2.444778e+01  3.258265e-03 
 2.444818e+01  3.155560e-03 
 2.444858e+01  3.360665e-03 
 2.444898e+01  3.868901e-03 
 2.444937e+01  4.640113e-03 
 2.444977e+01  5.581379e-03 
 2.445017e+01  6.581355e-03 
 2.445057e+01  7.542778e-03 
 2.445096e+01  8.371915e-03 
 2.445136e+01  8.973765e-03 
 2.445176e+01  9.282709e-03 
 2.445216e+01  9.277315e-03 
 2.445255e+01  8.962641e-03 
 2.445295e+01  8.362940e-03 
 2.445335e+01  7.507650e-03 
 2.445375e+01  6.507846e-03 
 2.445415e+01  5.434230e-03 
 2.445454e+01  4.350740e-03 
 2.445494e+01  3.365768e-03 
 2.445534e+01  2.533700e-03 
 2.445574e+01  1.915708e-03 
 2.445613e+01  1.558137e-03 
 2.445653e+01  1.500973e-03 
 2.445693e+01  1.791503e-03 
 2.445733e+01  2.399928e-03 
 2.445772e+01  3.342834e-03 
 2.445812e+01  4.531144e-03 
 2.445852e+01  5.950856e-03 
 2.445892e+01  7.468455e-03 
 2.445932e+01  9.028727e-03 
 2.445971e+01  1.053126e-02 
 2.446011e+01  1.190557e-02 
 2.446051e+01  1.311243e-02 
 2.446091e+01  1.409764e-02 
 2.446130e+01  1.484955e-02 
 2.446170e+01  1.533525e-02 
 2.446210e+01  1.556370e-02 
 2.446250e+01  1.552692e-02 
 2.446289e+01  1.524502e-02 
 2.446329e+01  1.479173e-02 
 2.446369e+01  1.422649e-02 
 2.446409e+01  1.361798e-02 
 2.446449e+01  1.300072e-02 
 2.446488e+01  1.241694e-02 
 2.446528e+01  1.190575e-02 
 2.446568e+01  1.150779e-02 
 2.446608e+01  1.124830e-02 
 2.446647e+01  1.112206e-02 
 2.446687e+01  1.112482e-02 
 2.446727e+01  1.119013e-02 
 2.446767e+01  1.127901e-02 
 2.446806e+01  1.131656e-02 
 2.446846e+01  1.125556e-02 
 2.446886e+01  1.105695e-02 
 2.446926e+01  1.067385e-02 
 2.446966e+01  1.017939e-02 
 2.447005e+01  9.583104e-03 
 2.447045e+01  8.920844e-03 
 2.447085e+01  8.200516e-03 
 2.447125e+01  7.481393e-03 
 2.447164e+01  6.833728e-03 
 2.447204e+01  6.320236e-03 
 2.447244e+01  6.038237e-03 
 2.447284e+01  6.077513e-03 
 2.447323e+01  6.483678e-03 
 2.447363e+01  7.274993e-03 
 2.447403e+01  8.445461e-03 
 2.447443e+01  9.931014e-03 
 2.447483e+01  1.163552e-02 
 2.447522e+01  1.344206e-02 
 2.447562e+01  1.526869e-02 
 2.447602e+01  1.702875e-02 
 2.447642e+01  1.860471e-02 
 2.447681e+01  1.988519e-02 
 2.447721e+01  2.079028e-02 
 2.447761e+01  2.126392e-02 
 2.447801e+01  2.124806e-02 
 2.447840e+01  2.076841e-02 
 2.447880e+01  1.984802e-02 
 2.447920e+01  1.857279e-02 
 2.447960e+01  1.699066e-02 
 2.448000e+01  1.521494e-02 
 2.448039e+01  1.334827e-02 
 2.448079e+01  1.149038e-02 
 2.448119e+01  9.765890e-03 
 2.448159e+01  8.272054e-03 
 2.448198e+01  7.132798e-03 
 2.448238e+01  6.413268e-03 
 2.448278e+01  6.137886e-03 
 2.448318e+01  6.281695e-03 
 2.448357e+01  6.810157e-03 
 2.448397e+01  7.618069e-03 
 2.448437e+01  8.619457e-03 
 2.448477e+01  9.695577e-03 
 2.448517e+01  1.072222e-02 
 2.448556e+01  1.158950e-02 
 2.448596e+01  1.218797e-02 
 2.448636e+01  1.241200e-02 
 2.448676e+01  1.221260e-02 
 2.448715e+01  1.154282e-02 
 2.448755e+01  1.044208e-02 
 2.448795e+01  8.965407e-03 
 2.448835e+01  7.236291e-03 
 2.448874e+01  5.373093e-03 
 2.448914e+01  3.527045e-03 
 2.448954e+01  1.828112e-03 
 2.448994e+01  4.267403e-04 
 2.449034e+01 -5.472465e-04 
 2.449073e+01 -9.876152e-04 
 2.449113e+01 -8.266057e-04 
 2.449153e+01 -5.259563e-05 
 2.449193e+01  1.329006e-03 
 2.449232e+01  3.221549e-03 
 2.449272e+01  5.445301e-03 
 2.449312e+01  7.836771e-03 
 2.449352e+01  1.018882e-02 
 2.449391e+01  1.229468e-02 
 2.449431e+01  1.395385e-02 
 2.449471e+01  1.502557e-02 
 2.449511e+01  1.540672e-02 
 2.449551e+01  1.500481e-02 
 2.449590e+01  1.382187e-02 
 2.449630e+01  1.190970e-02 
 2.449670e+01  9.399476e-03 
 2.449710e+01  6.424984e-03 
 2.449749e+01  3.224575e-03 
 2.449789e+01  2.940352e-06 
 2.449829e+01 -3.004865e-03 
 2.449869e+01 -5.619597e-03 
 2.449908e+01 -7.715756e-03 
 2.449948e+01 -9.138585e-03 
 2.449988e+01 -9.881815e-03 
 2.450028e+01 -9.917640e-03 
 2.450068e+01 -9.277259e-03 
 2.450107e+01 -8.045365e-03 
 2.450147e+01 -6.326390e-03 
 2.450187e+01 -4.289195e-03 
 2.450227e+01 -2.096998e-03 
 2.450266e+01  8.997702e-05 
 2.450306e+01  2.078381e-03 
 2.450346e+01  3.758117e-03 
 2.450386e+01  4.984348e-03 
 2.450425e+01  5.696397e-03 
 2.450465e+01  5.883407e-03 
 2.450505e+01  5.545235e-03 
 2.450545e+01  4.778073e-03 
 2.450585e+01  3.701070e-03 
 2.450624e+01  2.414847e-03 
 2.450664e+01  1.053278e-03 
 2.450704e+01 -2.646904e-04 
 2.450744e+01 -1.433562e-03 
 2.450783e+01 -2.344203e-03 
 2.450823e+01 -2.898842e-03 
 2.450863e+01 -3.041680e-03 
 2.450903e+01 -2.762685e-03 
 2.450942e+01 -2.071366e-03 
 2.450982e+01 -1.035461e-03 
 2.451022e+01  2.359395e-04 
 2.451062e+01  1.620887e-03 
 2.451102e+01  2.999634e-03 
 2.451141e+01  4.234458e-03 
 2.451181e+01  5.236338e-03 
 2.451221e+01  5.910065e-03 
 2.451261e+01  6.146568e-03 
 2.451300e+01  5.906644e-03 
 2.451340e+01  5.158772e-03 
 2.451380e+01  3.949597e-03 
 2.451420e+01  2.358510e-03 
 2.451459e+01  4.882859e-04 
 2.451499e+01 -1.515263e-03 
 2.451539e+01 -3.530479e-03 
 2.451579e+01 -5.367366e-03 
 2.451619e+01 -6.961370e-03 
 2.451658e+01 -8.202163e-03 
 2.451698e+01 -8.977313e-03 
 2.451738e+01 -9.220157e-03 
 2.451778e+01 -8.916844e-03 
 2.451817e+01 -8.050810e-03 
 2.451857e+01 -6.686969e-03 
 2.451897e+01 -4.967668e-03 
 2.451937e+01 -2.992484e-03 
 2.451976e+01 -8.992399e-04 
 2.452016e+01  1.144842e-03 
 2.452056e+01  3.034899e-03 
 2.452096e+01  4.621370e-03 
 2.452136e+01  5.828232e-03 
 2.452175e+01  6.623860e-03 
 2.452215e+01  6.979075e-03 
 2.452255e+01  6.884551e-03 
 2.452295e+01  6.388174e-03 
 2.452334e+01  5.568801e-03 
 2.452374e+01  4.491451e-03 
 2.452414e+01  3.269661e-03 
 2.452454e+01  2.030724e-03 
 2.452493e+01  8.782717e-04 
 2.452533e+01 -1.298198e-04 
 2.452573e+01 -8.849108e-04 
 2.452613e+01 -1.304269e-03 
 2.452653e+01 -1.389095e-03 
 2.452692e+01 -1.137450e-03 
 2.452732e+01 -5.761092e-04 
 2.452772e+01  2.061074e-04 
 2.452812e+01  1.149249e-03 
 2.452851e+01  2.140188e-03 
 2.452891e+01  3.085793e-03 
 2.452931e+01  3.911919e-03 
 2.452971e+01  4.536636e-03 
 2.453010e+01  4.896391e-03 
 2.453050e+01  4.936062e-03 
 2.453090e+01  4.659311e-03 
 2.453130e+01  4.045009e-03 
 2.453170e+01  3.116145e-03 
 2.453209e+01  1.949854e-03 
 2.453249e+01  6.413918e-04 
 2.453289e+01 -7.257559e-04 
 2.453329e+01 -1.998730e-03 
 2.453368e+01 -3.018736e-03 
 2.453408e+01 -3.692479e-03 
 2.453448e+01 -3.871988e-03 
 2.453488e+01 -3.540001e-03 
 2.453527e+01 -2.678300e-03 
 2.453567e+01 -1.334412e-03 
 2.453607e+01  4.306588e-04 
 2.453647e+01  2.504866e-03 
 2.453687e+01  4.774826e-03 
 2.453726e+01  7.117887e-03 
 2.453766e+01  9.374928e-03 
 2.453806e+01  1.142007e-02 
 2.453846e+01  1.309857e-02 
 2.453885e+01  1.427607e-02 
 2.453925e+01  1.488539e-02 
 2.453965e+01  1.489469e-02 
 2.454005e+01  1.430853e-02 
 2.454045e+01  1.318563e-02 
 2.454084e+01  1.161476e-02 
 2.454124e+01  9.698809e-03 
 2.454164e+01  7.584093e-03 
 2.454204e+01  5.445702e-03 
 2.454243e+01  3.461574e-03 
 2.454283e+01  1.744928e-03 
 2.454323e+01  4.204019e-04 
 2.454363e+01 -4.247754e-04 
 2.454402e+01 -7.820014e-04 
 2.454442e+01 -6.781726e-04 
 2.454482e+01 -1.920511e-04 
 2.454522e+01  6.240894e-04 
 2.454562e+01  1.637355e-03 
 2.454601e+01  2.801778e-03 
 2.454641e+01  4.033326e-03 
 2.454681e+01  5.227245e-03 
 2.454721e+01  6.325102e-03 
 2.454760e+01  7.150469e-03 
 2.454800e+01  7.680353e-03 
 2.454840e+01  7.877470e-03 
 2.454880e+01  7.757392e-03 
 2.454919e+01  7.354212e-03 
 2.454959e+01  6.795392e-03 
 2.454999e+01  6.174734e-03 
 2.455039e+01  5.585447e-03 
 2.455079e+01  5.123234e-03 
 2.455118e+01  4.909589e-03 
 2.455158e+01  4.990227e-03 
 2.455198e+01  5.402975e-03 
 2.455238e+01  6.164394e-03 
 2.455277e+01  7.285575e-03 
 2.455317e+01  8.694564e-03 
 2.455357e+01  1.033231e-02 
 2.455397e+01  1.207092e-02 
 2.455436e+01  1.379952e-02 
 2.455476e+01  1.539147e-02 
 2.455516e+01  1.671889e-02 
 2.455556e+01  1.769542e-02 
 2.455596e+01  1.827710e-02 
 2.455635e+01  1.839493e-02 
 2.455675e+01  1.806566e-02 
 2.455715e+01  1.735463e-02 
 2.455755e+01  1.632031e-02 
 2.455794e+01  1.507042e-02 
 2.455834e+01  1.370650e-02 
 2.455874e+01  1.231926e-02 
 2.455914e+01  1.102816e-02 
 2.455953e+01  9.894403e-03 
 2.455993e+01  9.003538e-03 
 2.456033e+01  8.359460e-03 
 2.456073e+01  8.006945e-03 
 2.456113e+01  7.961808e-03 
 2.456152e+01  8.205681e-03 
 2.456192e+01  8.686568e-03 
 2.456232e+01  9.327200e-03 
 2.456272e+01  1.004505e-02 
 2.456311e+01  1.073671e-02 
 2.456351e+01  1.132462e-02 
 2.456391e+01  1.174168e-02 
 2.456431e+01  1.195410e-02 
 2.456470e+01  1.196926e-02 
 2.456510e+01  1.181504e-02 
 2.456550e+01  1.155064e-02 
 2.456590e+01  1.125888e-02 
 2.456630e+01  1.098566e-02 
 2.456669e+01  1.078585e-02 
 2.456709e+01  1.075690e-02 
 2.456749e+01  1.095181e-02 
 2.456789e+01  1.137406e-02 
 2.456828e+01  1.203783e-02 
 2.456868e+01  1.292104e-02 
 2.456908e+01  1.397407e-02 
 2.456948e+01  1.513181e-02 
 2.456987e+01  1.631406e-02 
 2.457027e+01  1.745847e-02 
 2.457067e+01  1.845248e-02 
 2.457107e+01  1.919721e-02 
 2.457147e+01  1.958331e-02 
 2.457186e+01  1.957653e-02 
 2.457226e+01  1.912787e-02 
 2.457266e+01  1.822176e-02 
 2.457306e+01  1.691685e-02 
 2.457345e+01  1.527543e-02 
 2.457385e+01  1.336413e-02 
 2.457425e+01  1.129063e-02 
 2.457465e+01  9.145208e-03 
 2.457504e+01  7.063558e-03 
 2.457544e+01  5.111614e-03 
 2.457584e+01  3.376133e-03 
 2.457624e+01  1.971529e-03 
 2.457664e+01  9.330415e-04 
 2.457703e+01  3.282445e-04 
 2.457743e+01  1.935838e-04 
 2.457783e+01  5.560759e-04 
 2.457823e+01  1.379602e-03 
 2.457862e+01  2.569779e-03 
 2.457902e+01  4.039020e-03 
 2.457942e+01  5.668183e-03 
 2.457982e+01  7.326105e-03 
 2.458021e+01  8.873656e-03 
 2.458061e+01  1.020029e-02 
 2.458101e+01  1.120420e-02 
 2.458141e+01  1.184107e-02 
 2.458181e+01  1.205701e-02 
 2.458220e+01  1.186463e-02 
 2.458260e+01  1.125452e-02 
 2.458300e+01  1.025514e-02 
 2.458340e+01  8.955434e-03 
 2.458379e+01  7.445431e-03 
 2.458419e+01  5.850390e-03 
 2.458459e+01  4.284290e-03 
 2.458499e+01  2.908353e-03 
 2.458538e+01  1.836475e-03 
 2.458578e+01  1.182996e-03 
 2.458618e+01  1.035998e-03 
 2.458658e+01  1.365261e-03 
 2.458698e+01  2.151549e-03 
 2.458737e+01  3.284853e-03 
 2.458777e+01  4.672460e-03 
 2.458817e+01  6.178180e-03 
 2.458857e+01  7.642633e-03 
 2.458896e+01  8.946157e-03 
 2.458936e+01  9.958732e-03 
 2.458976e+01  1.057389e-02 
 2.459016e+01  1.067692e-02 
 2.459055e+01  1.019648e-02 
 2.459095e+01  9.131223e-03 
 2.459135e+01  7.482431e-03 
 2.459175e+01  5.330035e-03 
 2.459215e+01  2.810014e-03 
 2.459254e+01  7.602552e-05 
 2.459294e+01 -2.707609e-03 
 2.459334e+01 -5.373413e-03 
 2.459374e+01 -7.713774e-03 
 2.459413e+01 -9.551410e-03 
 2.459453e+01 -1.077347e-02 
 2.459493e+01 -1.127194e-02 
 2.459533e+01 -1.098932e-02 
 2.459572e+01 -9.945905e-03 
 2.459612e+01 -8.224410e-03 
 2.459652e+01 -5.934110e-03 
 2.459692e+01 -3.248648e-03 
 2.459732e+01 -3.311530e-04 
 2.459771e+01  2.610090e-03 
 2.459811e+01  5.383302e-03 
 2.459851e+01  7.835167e-03 
 2.459891e+01  9.778214e-03 
 2.459930e+01  1.106855e-02 
 2.459970e+01  1.163188e-02 
 2.460010e+01  1.142973e-02 
 2.460050e+01  1.047529e-02 
 2.460089e+01  8.875560e-03 
 2.460129e+01  6.776978e-03 
 2.460169e+01  4.367659e-03 
 2.460209e+01  1.827651e-03 
 2.460249e+01 -6.554438e-04 
 2.460288e+01 -2.895010e-03 
 2.460328e+01 -4.719609e-03 
 2.460368e+01 -5.999119e-03 
 2.460408e+01 -6.646265e-03 
 2.460447e+01 -6.656403e-03 
 2.460487e+01 -6.034879e-03 
 2.460527e+01 -4.878359e-03 
 2.460567e+01 -3.312749e-03 
 2.460606e+01 -1.455274e-03 
 2.460646e+01  4.812458e-04 
 2.460686e+01  2.350638e-03 
 2.460726e+01  4.005252e-03 
 2.460766e+01  5.290232e-03 
 2.460805e+01  6.106616e-03 
 2.460845e+01  6.367560e-03 
 2.460885e+01  6.078782e-03 
 2.460925e+01  5.311297e-03 
 2.460964e+01  4.138265e-03 
 2.461004e+01  2.731796e-03 
 2.461044e+01  1.198684e-03 
 2.461084e+01 -3.194224e-04 
 2.461123e+01 -1.645892e-03 
 2.461163e+01 -2.658609e-03 
 2.461203e+01 -3.256854e-03 
 2.461243e+01 -3.314661e-03 
 2.461283e+01 -2.798150e-03 
 2.461322e+01 -1.694339e-03 
 2.461362e+01 -7.914532e-05 
 2.461402e+01  1.912634e-03 
 2.461442e+01  4.141301e-03 
 2.461481e+01  6.459516e-03 
 2.461521e+01  8.676660e-03 
 2.461561e+01  1.063728e-02 
 2.461601e+01  1.223642e-02 
 2.461640e+01  1.330139e-02 
 2.461680e+01  1.376677e-02 
 2.461720e+01  1.358664e-02 
 2.461760e+01  1.282304e-02 
 2.461800e+01  1.153522e-02 
 2.461839e+01  9.807492e-03 
 2.461879e+01  7.815295e-03 
 2.461919e+01  5.672257e-03 
 2.461959e+01  3.535633e-03 
 2.461998e+01  1.550837e-03 
 2.462038e+01 -1.531679e-04 
 2.462078e+01 -1.474139e-03 
 2.462118e+01 -2.346526e-03 
 2.462157e+01 -2.741258e-03 
 2.462197e+01 -2.664853e-03 
 2.462237e+01 -2.162447e-03 
 2.462277e+01 -1.319425e-03 
 2.462317e+01 -3.036339e-04 
 2.462356e+01  8.377719e-04 
 2.462396e+01  1.971788e-03 
 2.462436e+01  2.969603e-03 
 2.462476e+01  3.794746e-03 
 2.462515e+01  4.385118e-03 
 2.462555e+01  4.690320e-03 
 2.462595e+01  4.714891e-03 
 2.462635e+01  4.477935e-03 
 2.462674e+01  4.030879e-03 
 2.462714e+01  3.454416e-03 
 2.462754e+01  2.849116e-03 
 2.462794e+01  2.268074e-03 
 2.462834e+01  1.799627e-03 
 2.462873e+01  1.512743e-03 
 2.462913e+01  1.451008e-03 
 2.462953e+01  1.646897e-03 
 2.462993e+01  2.111144e-03 
 2.463032e+01  2.822563e-03 
 2.463072e+01  3.729847e-03 
 2.463112e+01  4.810617e-03 
 2.463152e+01  5.969754e-03 
 2.463192e+01  7.124246e-03 
 2.463231e+01  8.182204e-03 
 2.463271e+01  9.016675e-03 
 2.463311e+01  9.590396e-03 
 2.463351e+01  9.847163e-03 
 2.463390e+01  9.781282e-03 
 2.463430e+01  9.338364e-03 
 2.463470e+01  8.567185e-03 
 2.463510e+01  7.505598e-03 
 2.463549e+01  6.174691e-03 
 2.463589e+01  4.639546e-03 
 2.463629e+01  3.014923e-03 
 2.463669e+01  1.393345e-03 
 2.463709e+01 -1.118449e-04 
 2.463748e+01 -1.409337e-03 
 2.463788e+01 -2.396554e-03 
 2.463828e+01 -3.047306e-03 
 2.463868e+01 -3.344892e-03 
 2.463907e+01 -3.285721e-03 
 2.463947e+01 -2.845480e-03 
 2.463987e+01 -2.056823e-03 
 2.464027e+01 -9.371678e-04 
 2.464066e+01  4.188365e-04 
 2.464106e+01  1.959229e-03 
 2.464146e+01  3.608632e-03 
 2.464186e+01  5.201267e-03 
 2.464226e+01  6.679864e-03 
 2.464265e+01  7.968039e-03 
 2.464305e+01  8.963749e-03 
 2.464345e+01  9.653041e-03 
 2.464385e+01  9.999311e-03 
 2.464424e+01  1.002550e-02 
 2.464464e+01  9.752168e-03 
 2.464504e+01  9.286973e-03 
 2.464544e+01  8.665907e-03 
 2.464583e+01  8.005058e-03 
 2.464623e+01  7.392967e-03 
 2.464663e+01  6.920466e-03 
 2.464703e+01  6.639389e-03 
 2.464743e+01  6.640630e-03 
 2.464782e+01  6.876901e-03 
 2.464822e+01  7.294227e-03 
 2.464862e+01  7.824915e-03 
 2.464902e+01  8.419438e-03 
 2.464941e+01  9.003254e-03 
 2.464981e+01  9.495793e-03 
 2.465021e+01  9.863077e-03 
 2.465061e+01  1.001576e-02 
 2.465100e+01  9.916280e-03 
 2.465140e+01  9.557571e-03 
 2.465180e+01  8.895079e-03 
 2.465220e+01  7.970137e-03 
 2.465260e+01  6.870126e-03 
 2.465299e+01  5.665047e-03 
 2.465339e+01  4.465472e-03 
 2.465379e+01  3.363263e-03 
 2.465419e+01  2.431995e-03 
 2.465458e+01  1.741303e-03 
 2.465498e+01  1.347737e-03 
 2.465538e+01  1.351161e-03 
 2.465578e+01  1.710361e-03 
 2.465617e+01  2.445811e-03 
 2.465657e+01  3.496770e-03 
 2.465697e+01  4.803370e-03 
 2.465737e+01  6.302396e-03 
 2.465777e+01  7.892972e-03 
 2.465816e+01  9.468084e-03 
 2.465856e+01  1.096959e-02 
 2.465896e+01  1.232177e-02 
 2.465936e+01  1.342450e-02 
 2.465975e+01  1.423879e-02 
 2.466015e+01  1.477003e-02 
 2.466055e+01  1.495788e-02 
 2.466095e+01  1.483057e-02 
 2.466134e+01  1.444542e-02 
 2.466174e+01  1.388403e-02 
 2.466214e+01  1.319920e-02 
 2.466254e+01  1.251322e-02 
 2.466294e+01  1.193083e-02 
 2.466333e+01  1.149361e-02 
 2.466373e+01  1.130985e-02 
 2.466413e+01  1.135094e-02 
 2.466453e+01  1.161176e-02 
 2.466492e+01  1.209241e-02 
 2.466532e+01  1.270978e-02 
 2.466572e+01  1.336357e-02 
 2.466612e+01  1.396845e-02 
 2.466651e+01  1.444641e-02 
 2.466691e+01  1.468858e-02 
 2.466731e+01  1.465046e-02 
 2.466771e+01  1.425962e-02 
 2.466811e+01  1.348788e-02 
 2.466850e+01  1.231864e-02 
 2.466890e+01  1.083619e-02 
 2.466930e+01  9.118535e-03 
 2.466970e+01  7.257734e-03 
 2.467009e+01  5.388842e-03 
 2.467049e+01  3.608245e-03 
 2.467089e+01  2.080105e-03 
 2.467129e+01  9.466851e-04 
 2.467168e+01  3.105428e-04 
 2.467208e+01  2.407390e-04 
 2.467248e+01  7.816253e-04 
 2.467288e+01  1.962693e-03 
 2.467328e+01  3.696228e-03 
 2.467367e+01  5.877106e-03 
 2.467407e+01  8.345929e-03 
 2.467447e+01  1.089391e-02 
 2.467487e+01  1.335551e-02 
 2.467526e+01  1.556838e-02 
 2.467566e+01  1.733885e-02 
 2.467606e+01  1.855595e-02 
 2.467646e+01  1.911542e-02 
 2.467685e+01  1.895338e-02 
 2.467725e+01  1.807571e-02 
 2.467765e+01  1.655822e-02 
 2.467805e+01  1.447684e-02 
 2.467845e+01  1.196005e-02 
 2.467884e+01  9.237004e-03 
 2.467924e+01  6.505376e-03 
 2.467964e+01  3.918929e-03 
 2.468004e+01  1.679422e-03 
 2.468043e+01 -1.023917e-04 
 2.468083e+01 -1.313554e-03 
 2.468123e+01 -1.886093e-03 
 2.468163e+01 -1.795099e-03 
 2.468202e+01 -1.093608e-03 
 2.468242e+01  1.667966e-04 
 2.468282e+01  1.808846e-03 
 2.468322e+01  3.663060e-03 
 2.468362e+01  5.563464e-03 
 2.468401e+01  7.326244e-03 
 2.468441e+01  8.795718e-03 
 2.468481e+01  9.818637e-03 
 2.468521e+01  1.035387e-02 
 2.468560e+01  1.032850e-02 
 2.468600e+01  9.729866e-03 
 2.468640e+01  8.637772e-03 
 2.468680e+01  7.098364e-03 
 2.468719e+01  5.253478e-03 
 2.468759e+01  3.253616e-03 
 2.468799e+01  1.277572e-03 
 2.468839e+01 -5.046108e-04 
 2.468879e+01 -1.899690e-03 
 2.468918e+01 -2.786771e-03 
 2.468958e+01 -3.073154e-03 
 2.468998e+01 -2.719554e-03 
 2.469038e+01 -1.718199e-03 
 2.469077e+01 -1.346999e-04 
 2.469117e+01  1.965535e-03 
 2.469157e+01  4.486057e-03 
 2.469197e+01  7.214098e-03 
 2.469236e+01  9.963871e-03 
 2.469276e+01  1.258763e-02 
 2.469316e+01  1.485460e-02 
 2.469356e+01  1.662519e-02 
 2.469396e+01  1.774398e-02 
 2.469435e+01  1.809047e-02 
 2.469475e+01  1.763618e-02 
 2.469515e+01  1.643557e-02 
 2.469555e+01  1.454758e-02 
 2.469594e+01  1.207351e-02 
 2.469634e+01  9.205497e-03 
 2.469674e+01  6.113853e-03 
 2.469714e+01  2.972514e-03 
 2.469753e+01  2.164424e-05 
 2.469793e+01 -2.573863e-03 
 2.469833e+01 -4.652028e-03 
 2.469873e+01 -6.097580e-03 
 2.469913e+01 -6.839350e-03 
 2.469952e+01 -6.891097e-03 
 2.469992e+01 -6.289996e-03 
 2.470032e+01 -5.118425e-03 
 2.470072e+01 -3.492359e-03 
 2.470111e+01 -1.477300e-03 
 2.470151e+01  7.876014e-04 
 2.470191e+01  3.107407e-03 
 2.470231e+01  5.348462e-03 
 2.470270e+01  7.338942e-03 
 2.470310e+01  8.923129e-03 
 2.470350e+01  9.986299e-03 
 2.470390e+01  1.049763e-02 
 2.470430e+01  1.046334e-02 
 2.470469e+01  9.911656e-03 
 2.470509e+01  8.929415e-03 
 2.470549e+01  7.604770e-03 
 2.470589e+01  6.059997e-03 
 2.470628e+01  4.438320e-03 
 2.470668e+01  2.886025e-03 
 2.470708e+01  1.558128e-03 
 2.470748e+01  5.885439e-04 
 2.470787e+01  8.695808e-05 
 2.470827e+01  8.153694e-05 
 2.470867e+01  5.880152e-04 
 2.470907e+01  1.555314e-03 
 2.470947e+01  2.869263e-03 
 2.470986e+01  4.396870e-03 
 2.471026e+01  6.002186e-03 
 2.471066e+01  7.548876e-03 
 2.471106e+01  8.872163e-03 
 2.471145e+01  9.847439e-03 
 2.471185e+01  1.032731e-02 
 2.471225e+01  1.025654e-02 
 2.471265e+01  9.586241e-03 
 2.471304e+01  8.330925e-03 
 2.471344e+01  6.556876e-03 
 2.471384e+01  4.412694e-03 
 2.471424e+01  2.056875e-03 
 2.471464e+01 -3.372859e-04 
 2.471503e+01 -2.539900e-03 
 2.471543e+01 -4.407342e-03 
 2.471583e+01 -5.820788e-03 
 2.471623e+01 -6.650076e-03 
 2.471662e+01 -6.868181e-03 
 2.471702e+01 -6.437484e-03 
 2.471742e+01 -5.395989e-03 
 2.471782e+01 -3.871401e-03 
 2.471821e+01 -1.977095e-03 
 2.471861e+01  1.132290e-04 
 2.471901e+01  2.261550e-03 
 2.471941e+01  4.293265e-03 
 2.471981e+01  6.070516e-03 
 2.472020e+01  7.511011e-03 
 2.472060e+01  8.515205e-03 
 2.472100e+01  9.046272e-03 
 2.472140e+01  9.109607e-03 
 2.472179e+01  8.668387e-03 
 2.472219e+01  7.791118e-03 
 2.472259e+01  6.568326e-03 
 2.472299e+01  5.134534e-03 
 2.472339e+01  3.639156e-03 
 2.472378e+01  2.204117e-03 
 2.472418e+01  9.297365e-04 
 2.472458e+01 -9.086299e-05 
 2.472498e+01 -8.076247e-04 
 2.472537e+01 -1.222742e-03 
 2.472577e+01 -1.357738e-03 
 2.472617e+01 -1.255999e-03 
 2.472657e+01 -9.715563e-04 
 2.472696e+01 -6.025263e-04 
 2.472736e+01 -2.203198e-04 
 2.472776e+01  1.029094e-04 
 2.472816e+01  2.629806e-04 
 2.472856e+01  2.092796e-04 
 2.472895e+01 -6.904731e-05 
 2.472935e+01 -6.161736e-04 
 2.472975e+01 -1.401444e-03 
 2.473015e+01 -2.374503e-03 
 2.473054e+01 -3.489299e-03 
 2.473094e+01 -4.667898e-03 
 2.473134e+01 -5.815807e-03 
 2.473174e+01 -6.836499e-03 
 2.473213e+01 -7.643616e-03 
 2.473253e+01 -8.098119e-03 
 2.473293e+01 -8.158328e-03 
 2.473333e+01 -7.786446e-03 
 2.473373e+01 -6.992975e-03 
 2.473412e+01 -5.801287e-03 
 2.473452e+01 -4.285480e-03 
 2.473492e+01 -2.497518e-03 
 2.473532e+01 -5.442717e-04 
 2.473571e+01  1.463899e-03 
 2.473611e+01  3.414721e-03 
 2.473651e+01  5.222245e-03 
 2.473691e+01  6.771944e-03 
 2.473730e+01  7.983188e-03 
 2.473770e+01  8.807668e-03 
 2.473810e+01  9.186804e-03 
 2.473850e+01  9.144994e-03 
 2.473890e+01  8.765969e-03 
 2.473929e+01  8.088941e-03 
 2.473969e+01  7.213015e-03 
 2.474009e+01  6.233368e-03 
 2.474049e+01  5.260678e-03 
 2.474088e+01  4.397710e-03 
 2.474128e+01  3.712076e-03 
 2.474168e+01  3.242381e-03 
 2.474208e+01  2.998607e-03 
 2.474247e+01  2.982156e-03 
 2.474287e+01  3.172474e-03 
 2.474327e+01  3.513197e-03 
 2.474367e+01  3.966347e-03 
 2.474407e+01  4.481688e-03 
 2.474446e+01  4.979179e-03 
 2.474486e+01  5.403920e-03 
 2.474526e+01  5.703743e-03 
 2.474566e+01  5.786355e-03 
 2.474605e+01  5.631785e-03 
 2.474645e+01  5.288341e-03 
 2.474685e+01  4.810030e-03 
 2.474725e+01  4.273318e-03 
 2.474764e+01  3.759012e-03 
 2.474804e+01  3.330374e-03 
 2.474844e+01  3.041209e-03 
 2.474884e+01  2.963760e-03 
 2.474924e+01  3.126082e-03 
 2.474963e+01  3.581075e-03 
 2.475003e+01  4.362155e-03 
 2.475043e+01  5.452643e-03 
 2.475083e+01  6.780372e-03 
 2.475122e+01  8.303622e-03 
 2.475162e+01  9.941981e-03 
 2.475202e+01  1.162156e-02 
 2.475242e+01  1.330602e-02 
 2.475281e+01  1.490229e-02 
 2.475321e+01  1.633611e-02 
 2.475361e+01  1.751743e-02 
 2.475401e+01  1.837083e-02 
 2.475441e+01  1.882847e-02 
 2.475480e+01  1.885398e-02 
 2.475520e+01  1.847018e-02 
 2.475560e+01  1.768682e-02 
 2.475600e+01  1.657455e-02 
 2.475639e+01  1.522753e-02 
 2.475679e+01  1.371562e-02 
 2.475719e+01  1.213931e-02 
 2.475759e+01  1.061516e-02 
 2.475798e+01  9.237517e-03 
 2.475838e+01  8.113848e-03 
 2.475878e+01  7.357555e-03 
 2.475918e+01  7.030608e-03 
 2.475958e+01  7.166052e-03 
 2.475997e+01  7.728004e-03 
 2.476037e+01  8.641338e-03 
 2.476077e+01  9.811759e-03 
 2.476117e+01  1.111588e-02 
 2.476156e+01  1.243898e-02 
 2.476196e+01  1.361279e-02 
 2.476236e+01  1.452798e-02 
 2.476276e+01  1.511502e-02 
 2.476315e+01  1.530486e-02 
 2.476355e+01  1.508530e-02 
 2.476395e+01  1.446413e-02 
 2.476435e+01  1.348268e-02 
 2.476475e+01  1.223995e-02 
 2.476514e+01  1.086508e-02 
 2.476554e+01  9.485805e-03 
 2.476594e+01  8.238577e-03 
 2.476634e+01  7.256904e-03 
 2.476673e+01  6.662729e-03 
 2.476713e+01  6.555204e-03 
 2.476753e+01  7.031302e-03 
 2.476793e+01  8.096906e-03 
 2.476832e+01  9.715970e-03 
 2.476872e+01  1.182657e-02 
 2.476912e+01  1.424638e-02 
 2.476952e+01  1.678401e-02 
 2.476992e+01  1.925751e-02 
 2.477031e+01  2.146465e-02 
 2.477071e+01  2.323063e-02 
 2.477111e+01  2.439295e-02 
 2.477151e+01  2.485674e-02 
 2.477190e+01  2.453722e-02 
 2.477230e+01  2.343519e-02 
 2.477270e+01  2.158182e-02 
 2.477310e+01  1.901579e-02 
 2.477349e+01  1.589112e-02 
 2.477389e+01  1.237331e-02 
 2.477429e+01  8.674815e-03 
 2.477469e+01  5.036744e-03 
 2.477509e+01  1.703549e-03 
 2.477548e+01 -1.117606e-03 
 2.477588e+01 -3.231889e-03 
 2.477628e+01 -4.491483e-03 
 2.477668e+01 -4.812552e-03 
 2.477707e+01 -4.195355e-03 
 2.477747e+01 -2.766809e-03 
 2.477787e+01 -6.616068e-04 
 2.477827e+01  1.923254e-03 
 2.477866e+01  4.787840e-03 
 2.477906e+01  7.733082e-03 
 2.477946e+01  1.051563e-02 
 2.477986e+01  1.292680e-02 
 2.478026e+01  1.480174e-02 
 2.478065e+01  1.595897e-02 
 2.478105e+01  1.633785e-02 
 2.478145e+01  1.590134e-02 
 2.478185e+01  1.468109e-02 
 2.478224e+01  1.280325e-02 
 2.478264e+01  1.042098e-02 
 2.478304e+01  7.775353e-03 
 2.478344e+01  5.076420e-03 
 2.478383e+01  2.569482e-03 
 2.478423e+01  4.777683e-04 
 2.478463e+01 -1.050818e-03 
 2.478503e+01 -1.844803e-03 
 2.478543e+01 -1.864908e-03 
 2.478582e+01 -1.114659e-03 
 2.478622e+01  3.518029e-04 
 2.478662e+01  2.396861e-03 
 2.478702e+01  4.830470e-03 
 2.478741e+01  7.438261e-03 
 2.478781e+01  1.000304e-02 
 2.478821e+01  1.226995e-02 
 2.478861e+01  1.405855e-02 
 2.478900e+01  1.519777e-02 
 2.478940e+01  1.557448e-02 
 2.478980e+01  1.514840e-02 
 2.479020e+01  1.392035e-02 
 2.479060e+01  1.194092e-02 
 2.479099e+01  9.332517e-03 
 2.479139e+01  6.287234e-03 
 2.479179e+01  3.022905e-03 
 2.479219e+01 -2.010460e-04 
 2.479258e+01 -3.125328e-03 
 2.479298e+01 -5.574840e-03 
 2.479338e+01 -7.426766e-03 
 2.479378e+01 -8.549019e-03 
 2.479417e+01 -8.890332e-03 
 2.479457e+01 -8.415974e-03 
 2.479497e+01 -7.151610e-03 
 2.479537e+01 -5.193864e-03 
 2.479577e+01 -2.668138e-03 
 2.479616e+01  2.016568e-04 
 2.479656e+01  3.233541e-03 
 2.479696e+01  6.166751e-03 
 2.479736e+01  8.821213e-03 
 2.479775e+01  1.105452e-02 
 2.479815e+01  1.273542e-02 
 2.479855e+01  1.382701e-02 
 2.479895e+01  1.427622e-02 
 2.479934e+01  1.409926e-02 
 2.479974e+01  1.329009e-02 
 2.480014e+01  1.195143e-02 
 2.480054e+01  1.017059e-02 
 2.480094e+01  8.095877e-03 
 2.480133e+01  5.862473e-03 
 2.480173e+01  3.646308e-03 
 2.480213e+01  1.597359e-03 
 2.480253e+01 -1.504242e-04 
 2.480292e+01 -1.499313e-03 
 2.480332e+01 -2.401338e-03 
 2.480372e+01 -2.797683e-03 
 2.480412e+01 -2.723765e-03 
 2.480451e+01 -2.198124e-03 
 2.480491e+01 -1.343561e-03 
 2.480531e+01 -3.075723e-04 
 2.480571e+01  7.604859e-04 
 2.480611e+01  1.690350e-03 
 2.480650e+01  2.392533e-03 
 2.480690e+01  2.784625e-03 
 2.480730e+01  2.800981e-03 
 2.480770e+01  2.469192e-03 
 2.480809e+01  1.805422e-03 
 2.480849e+01  8.520750e-04 
 2.480889e+01 -3.143446e-04 
 2.480929e+01 -1.643857e-03 
 2.480968e+01 -3.036304e-03 
 2.481008e+01 -4.353978e-03 
 2.481048e+01 -5.469840e-03 
 2.481088e+01 -6.233483e-03 
 2.481128e+01 -6.586689e-03 
 2.481167e+01 -6.482346e-03 
 2.481207e+01 -5.931033e-03 
 2.481247e+01 -4.956769e-03 
 2.481287e+01 -3.598540e-03 
 2.481326e+01 -1.956001e-03 
 2.481366e+01 -1.359679e-04 
 2.481406e+01  1.774988e-03 
 2.481446e+01  3.634145e-03 
 2.481486e+01  5.324490e-03 
 2.481525e+01  6.746347e-03 
 2.481565e+01  7.759039e-03 
 2.481605e+01  8.333513e-03 
 2.481645e+01  8.408892e-03 
 2.481684e+01  7.992274e-03 
 2.481724e+01  7.106141e-03 
 2.481764e+01  5.828549e-03 
 2.481804e+01  4.273298e-03 
 2.481843e+01  2.563770e-03 
 2.481883e+01  7.881054e-04 
 2.481923e+01 -8.948062e-04 
 2.481963e+01 -2.406623e-03 
 2.482003e+01 -3.670789e-03 
 2.482042e+01 -4.613557e-03 
 2.482082e+01 -5.205892e-03 
 2.482122e+01 -5.440992e-03 
 2.482162e+01 -5.344679e-03 
 2.482201e+01 -4.957433e-03 
 2.482241e+01 -4.346300e-03 
 2.482281e+01 -3.588441e-03 
 2.482321e+01 -2.801097e-03 
 2.482360e+01 -2.076269e-03 
 2.482400e+01 -1.465164e-03 
 2.482440e+01 -1.034970e-03 
 2.482480e+01 -8.265239e-04 
 2.482520e+01 -8.914519e-04 
 2.482559e+01 -1.199954e-03 
 2.482599e+01 -1.735263e-03 
 2.482639e+01 -2.394920e-03 
 2.482679e+01 -3.039908e-03 
 2.482718e+01 -3.574792e-03 
 2.482758e+01 -3.871418e-03 
 2.482798e+01 -3.812405e-03 
 2.482838e+01 -3.344409e-03 
 2.482877e+01 -2.467616e-03 
 2.482917e+01 -1.215078e-03 
 2.482957e+01  3.011258e-04 
 2.482997e+01  2.028190e-03 
 2.483037e+01  3.886862e-03 
 2.483076e+01  5.761687e-03 
 2.483116e+01  7.499284e-03 
 2.483156e+01  8.994742e-03 
 2.483196e+01  1.014164e-02 
 2.483235e+01  1.084188e-02 
 2.483275e+01  1.106118e-02 
 2.483315e+01  1.077953e-02 
 2.483355e+01  9.991765e-03 
 2.483394e+01  8.731986e-03 
 2.483434e+01  7.131202e-03 
 2.483474e+01  5.282566e-03 
 2.483514e+01  3.352909e-03 
 2.483554e+01  1.510239e-03 
 2.483593e+01 -1.080514e-04 
 2.483633e+01 -1.369540e-03 
 2.483673e+01 -2.160257e-03 
 2.483713e+01 -2.464119e-03 
 2.483752e+01 -2.222119e-03 
 2.483792e+01 -1.479373e-03 
 2.483832e+01 -2.963034e-04 
 2.483872e+01  1.203902e-03 
 2.483911e+01  2.889166e-03 
 2.483951e+01  4.608221e-03 
 2.483991e+01  6.220651e-03 
 2.484031e+01  7.641981e-03 
 2.484071e+01  8.783450e-03 
 2.484110e+01  9.562677e-03 
 2.484150e+01  9.992287e-03 
 2.484190e+01  1.010153e-02 
 2.484230e+01  9.867498e-03 
 2.484269e+01  9.394965e-03 
 2.484309e+01  8.793161e-03 
 2.484349e+01  8.151256e-03 
 2.484389e+01  7.623032e-03 
 2.484428e+01  7.323848e-03 
 2.484468e+01  7.352457e-03 
 2.484508e+01  7.734926e-03 
 2.484548e+01  8.477630e-03 
 2.484588e+01  9.568810e-03 
 2.484627e+01  1.096842e-02 
 2.484667e+01  1.262577e-02 
 2.484707e+01  1.443406e-02 
 2.484747e+01  1.624184e-02 
 2.484786e+01  1.790676e-02 
 2.484826e+01  1.929915e-02 
 2.484866e+01  2.026815e-02 
 2.484906e+01  2.072996e-02 
 2.484945e+01  2.063753e-02 
 2.484985e+01  1.994054e-02 
 2.485025e+01  1.871283e-02 
 2.485065e+01  1.701591e-02 
 2.485105e+01  1.492239e-02 
 2.485144e+01  1.254303e-02 
 2.485184e+01  1.003320e-02 
 2.485224e+01  7.566502e-03 
 2.485264e+01  5.332473e-03 
 2.485303e+01  3.508012e-03 
 2.485343e+01  2.205133e-03 
 2.485383e+01  1.531941e-03 
 2.485423e+01  1.523866e-03 
 2.485462e+01  2.173351e-03 
 2.485502e+01  3.416000e-03 
 2.485542e+01  5.179403e-03 
 2.485582e+01  7.333733e-03 
 2.485622e+01  9.711007e-03 
 2.485661e+01  1.216395e-02 
 2.485701e+01  1.449945e-02 
 2.485741e+01  1.649351e-02 
 2.485781e+01  1.800059e-02 
 2.485820e+01  1.892152e-02 
 2.485860e+01  1.915767e-02 
 2.485900e+01  1.875455e-02 
 2.485940e+01  1.779795e-02 
 2.485979e+01  1.636474e-02 
 2.486019e+01  1.459560e-02 
 2.486059e+01  1.263236e-02 
 2.486099e+01  1.062437e-02 
 2.486139e+01  8.732744e-03 
 2.486178e+01  7.133058e-03 
 2.486218e+01  5.962437e-03 
 2.486258e+01  5.343179e-03 
 2.486298e+01  5.337901e-03 
 2.486337e+01  5.942517e-03 
 2.486377e+01  7.105275e-03 
 2.486417e+01  8.740118e-03 
 2.486457e+01  1.065405e-02 
 2.486496e+01  1.267543e-02 
 2.486536e+01  1.462927e-02 
 2.486576e+01  1.630891e-02 
 2.486616e+01  1.753549e-02 
 2.486656e+01  1.816259e-02 
 2.486695e+01  1.809503e-02 
 2.486735e+01  1.727201e-02 
 2.486775e+01  1.569735e-02 
 2.486815e+01  1.348419e-02 
 2.486854e+01  1.071653e-02 
 2.486894e+01  7.569558e-03 
 2.486934e+01  4.258669e-03 
 2.486974e+01  9.812122e-04 
 2.487013e+01 -1.996404e-03 
 2.487053e+01 -4.483813e-03 
 2.487093e+01 -6.286389e-03 
 2.487133e+01 -7.286664e-03 
 2.487173e+01 -7.351396e-03 
 2.487212e+01 -6.443119e-03 
 2.487252e+01 -4.620466e-03 
 2.487292e+01 -1.972252e-03 
 2.487332e+01  1.278185e-03 
 2.487371e+01  4.872148e-03 
 2.487411e+01  8.559701e-03 
 2.487451e+01  1.207675e-02 
 2.487491e+01  1.516611e-02 
 2.487530e+01  1.767117e-02 
 2.487570e+01  1.944551e-02 
 2.487610e+01  2.038202e-02 
 2.487650e+01  2.044060e-02 
 2.487690e+01  1.960594e-02 
 2.487729e+01  1.796571e-02 
 2.487769e+01  1.561102e-02 
 2.487809e+01  1.271985e-02 
 2.487849e+01  9.492510e-03 
 2.487888e+01  6.161317e-03 
 2.487928e+01  3.000597e-03 
 2.487968e+01  2.015201e-04 
 2.488008e+01 -2.000979e-03 
 2.488047e+01 -3.468896e-03 
 2.488087e+01 -4.112384e-03 
 2.488127e+01 -3.897181e-03 
 2.488167e+01 -2.823980e-03 
 2.488207e+01 -1.062499e-03 
 2.488246e+01  1.183348e-03 
 2.488286e+01  3.734714e-03 
 2.488326e+01  6.320387e-03 
 2.488366e+01  8.739704e-03 
 2.488405e+01  1.077969e-02 
 2.488445e+01  1.229261e-02 
 2.488485e+01  1.312296e-02 
 2.488525e+01  1.316877e-02 
 2.488564e+01  1.240724e-02 
 2.488604e+01  1.083855e-02 
 2.488644e+01  8.588669e-03 
 2.488684e+01  5.854698e-03 
 2.488724e+01  2.889892e-03 
 2.488763e+01 -1.910574e-05 
 2.488803e+01 -2.630378e-03 
 2.488843e+01 -4.753047e-03 
 2.488883e+01 -6.205250e-03 
 2.488922e+01 -6.838130e-03 
 2.488962e+01 -6.639132e-03 
 2.489002e+01 -5.581038e-03 
 2.489042e+01 -3.731448e-03 
 2.489081e+01 -1.212751e-03 
 2.489121e+01  1.785255e-03 
 2.489161e+01  5.053876e-03 
 2.489201e+01  8.353812e-03 
 2.489241e+01  1.144349e-02 
 2.489280e+01  1.410436e-02 
 2.489320e+01  1.615294e-02 
 2.489360e+01  1.741856e-02 
 2.489400e+01  1.782546e-02 
 2.489439e+01  1.732531e-02 
 2.489479e+01  1.595853e-02 
 2.489519e+01  1.386864e-02 
 2.489559e+01  1.121551e-02 
 2.489598e+01  8.229487e-03 
 2.489638e+01  5.143413e-03 
 2.489678e+01  2.186079e-03 
 2.489718e+01 -4.619353e-04 
 2.489758e+01 -2.630367e-03 
 2.489797e+01 -4.185244e-03 
 2.489837e+01 -5.080693e-03 
 2.489877e+01 -5.312591e-03 
 2.489917e+01 -4.885487e-03 
 2.489956e+01 -3.904885e-03 
 2.489996e+01 -2.509895e-03 
 2.490036e+01 -8.164875e-04 
 2.490076e+01  1.014562e-03 
 2.490115e+01  2.817534e-03 
 2.490155e+01  4.448112e-03 
 2.490195e+01  5.794740e-03 
 2.490235e+01  6.771664e-03 
 2.490275e+01  7.290734e-03 
 2.490314e+01  7.346402e-03 
 2.490354e+01  6.968255e-03 
 2.490394e+01  6.211086e-03 
 2.490434e+01  5.159081e-03 
 2.490473e+01  3.943283e-03 
 2.490513e+01  2.717102e-03 
 2.490553e+01  1.601490e-03 
 2.490593e+01  6.874665e-04 
 2.490633e+01  6.314725e-05 
 2.490672e+01 -1.907938e-04 
 2.490712e+01 -8.124779e-05 
 2.490752e+01  4.210547e-04 
 2.490792e+01  1.304161e-03 
 2.490831e+01  2.476803e-03 
 2.490871e+01  3.831669e-03 
 2.490911e+01  5.224141e-03 
 2.490951e+01  6.490465e-03 
 2.490990e+01  7.510344e-03 
 2.491030e+01  8.167961e-03 
 2.491070e+01  8.422831e-03 
 2.491110e+01  8.257835e-03 
 2.491150e+01  7.676382e-03 
 2.491189e+01  6.701611e-03 
 2.491229e+01  5.370481e-03 
 2.491269e+01  3.785039e-03 
 2.491309e+01  2.028030e-03 
 2.491348e+01  1.954903e-04 
 2.491388e+01 -1.565434e-03 
 2.491428e+01 -3.162076e-03 
 2.491468e+01 -4.462647e-03 
 2.491507e+01 -5.369100e-03 
 2.491547e+01 -5.807235e-03 
 2.491587e+01 -5.761802e-03 
 2.491627e+01 -5.253234e-03 
 2.491667e+01 -4.363846e-03 
 2.491706e+01 -3.206481e-03 
 2.491746e+01 -1.901214e-03 
 2.491786e+01 -5.860079e-04 
 2.491826e+01  6.365830e-04 
 2.491865e+01  1.659879e-03 
 2.491905e+01  2.417995e-03 
 2.491945e+01  2.886729e-03 
 2.491985e+01  3.053952e-03 
 2.492024e+01  2.940732e-03 
 2.492064e+01  2.546151e-03 
 2.492104e+01  1.968854e-03 
 2.492144e+01  1.293577e-03 
 2.492184e+01  6.041051e-04 
 2.492223e+01 -1.573299e-05 
 2.492263e+01 -4.997023e-04 
 2.492303e+01 -7.521474e-04 
 2.492343e+01 -7.152785e-04 
 2.492382e+01 -3.343539e-04 
 2.492422e+01  3.792832e-04 
 2.492462e+01  1.382024e-03 
 2.492502e+01  2.589140e-03 
 2.492541e+01  3.925039e-03 
 2.492581e+01  5.284368e-03 
 2.492621e+01  6.547024e-03 
 2.492661e+01  7.589618e-03 
 2.492701e+01  8.337211e-03 
 2.492740e+01  8.733295e-03 
 2.492780e+01  8.704896e-03 
 2.492820e+01  8.230408e-03 
 2.492860e+01  7.308601e-03 
 2.492899e+01  5.982764e-03 
 2.492939e+01  4.334159e-03 
 2.492979e+01  2.502831e-03 
 2.493019e+01  6.346305e-04 
 2.493058e+01 -1.113029e-03 
 2.493098e+01 -2.613976e-03 
 2.493138e+01 -3.718184e-03 
 2.493178e+01 -4.327627e-03 
 2.493218e+01 -4.385293e-03 
 2.493257e+01 -3.825397e-03 
 2.493297e+01 -2.651886e-03 
 2.493337e+01 -9.455789e-04 
 2.493377e+01  1.163461e-03 
 2.493416e+01  3.504055e-03 
 2.493456e+01  5.907038e-03 
 2.493496e+01  8.223591e-03 
 2.493536e+01  1.028914e-02 
 2.493575e+01  1.195639e-02 
 2.493615e+01  1.312928e-02 
 2.493655e+01  1.372789e-02 
 2.493695e+01  1.373630e-02 
 2.493735e+01  1.314025e-02 
 2.493774e+01  1.198486e-02 
 2.493814e+01  1.040174e-02 
 2.493854e+01  8.514182e-03 
 2.493894e+01  6.540956e-03 
 2.493933e+01  4.636192e-03 
 2.493973e+01  2.981203e-03 
 2.494013e+01  1.720603e-03 
 2.494053e+01  9.587437e-04 
 2.494092e+01  7.584175e-04 
 2.494132e+01  1.133060e-03 
 2.494172e+01  2.048198e-03 
 2.494212e+01  3.408199e-03 
 2.494252e+01  5.072200e-03 
 2.494291e+01  6.892871e-03 
 2.494331e+01  8.706969e-03 
 2.494371e+01  1.036664e-02 
 2.494411e+01  1.170334e-02 
 2.494450e+01  1.260329e-02 
 2.494490e+01  1.295511e-02 
 2.494530e+01  1.270650e-02 
 2.494570e+01  1.185242e-02 
 2.494609e+01  1.044440e-02 
 2.494649e+01  8.613622e-03 
 2.494689e+01  6.475974e-03 
 2.494729e+01  4.239590e-03 
 2.494769e+01  2.091561e-03 
 2.494808e+01  2.202032e-04 
 2.494848e+01 -1.239933e-03 
 2.494888e+01 -2.149831e-03 
 2.494928e+01 -2.389874e-03 
 2.494967e+01 -1.890824e-03 
 2.495007e+01 -6.374927e-04 
 2.495047e+01  1.329754e-03 
 2.495087e+01  3.906625e-03 
 2.495126e+01  6.910751e-03 
 2.495166e+01  1.014034e-02 
 2.495206e+01  1.334586e-02 
 2.495246e+01  1.627658e-02 
 2.495286e+01  1.872397e-02 
 2.495325e+01  2.049823e-02 
 2.495365e+01  2.150960e-02 
 2.495405e+01  2.168417e-02 
 2.495445e+01  2.098850e-02 
 2.495484e+01  1.946861e-02 
 2.495524e+01  1.720855e-02 
 2.495564e+01  1.436413e-02 
 2.495604e+01  1.114632e-02 
 2.495643e+01  7.830429e-03 
 2.495683e+01  4.712367e-03 
 2.495723e+01  2.035569e-03 
 2.495763e+01  2.467310e-05 
 2.495803e+01 -1.208902e-03 
 2.495842e+01 -1.591678e-03 
 2.495882e+01 -1.114203e-03 
 2.495922e+01  1.588462e-04 
 2.495962e+01  2.104159e-03 
 2.496001e+01  4.515743e-03 
 2.496041e+01  7.180744e-03 
 2.496081e+01  9.839961e-03 
 2.496121e+01  1.226171e-02 
 2.496160e+01  1.421294e-02 
 2.496200e+01  1.550501e-02 
 2.496240e+01  1.602269e-02 
 2.496280e+01  1.574116e-02 
 2.496320e+01  1.466796e-02 
 2.496359e+01  1.291285e-02 
 2.496399e+01  1.062201e-02 
 2.496439e+01  7.949280e-03 
 2.496479e+01  5.141297e-03 
 2.496518e+01  2.432828e-03 
 2.496558e+01  6.390642e-05 
 2.496598e+01 -1.764253e-03 
 2.496638e+01 -2.859755e-03 
 2.496677e+01 -3.107006e-03 
 2.496717e+01 -2.454276e-03 
 2.496757e+01 -9.638145e-04 
 2.496797e+01  1.258671e-03 
 2.496837e+01  4.047967e-03 
 2.496876e+01  7.170391e-03 
 2.496916e+01  1.039554e-02 
 2.496956e+01  1.351195e-02 
 2.496996e+01  1.630381e-02 
 2.497035e+01  1.858268e-02 
 2.497075e+01  2.017301e-02 
 2.497115e+01  2.097998e-02 
 2.497155e+01  2.094240e-02 
 2.497194e+01  2.002159e-02 
 2.497234e+01  1.828943e-02 
 2.497274e+01  1.589082e-02 
 2.497314e+01  1.298999e-02 
 2.497354e+01  9.781303e-03 
 2.497393e+01  6.482095e-03 
 2.497433e+01  3.323341e-03 
 2.497473e+01  5.168847e-04 
 2.497513e+01 -1.725648e-03 
 2.497552e+01 -3.224131e-03 
 2.497592e+01 -3.875871e-03 
 2.497632e+01 -3.618894e-03 
 2.497672e+01 -2.493610e-03 
 2.497711e+01 -5.924634e-04 
 2.497751e+01  1.937683e-03 
 2.497791e+01  4.885834e-03 
 2.497831e+01  8.061464e-03 
 2.497871e+01  1.125358e-02 
 2.497910e+01  1.424413e-02 
 2.497950e+01  1.678398e-02 
 2.497990e+01  1.866411e-02 
 2.498030e+01  1.974613e-02 
 2.498069e+01  1.996309e-02 
 2.498109e+01  1.934086e-02 
 2.498149e+01  1.796225e-02 
 2.498189e+01  1.597110e-02 
 2.498228e+01  1.356304e-02 
 2.498268e+01  1.094862e-02 
 2.498308e+01  8.331452e-03 
 2.498348e+01  5.889392e-03 
 2.498388e+01  3.826982e-03 
 2.498427e+01  2.334656e-03 
 2.498467e+01  1.544318e-03 
 2.498507e+01  1.544631e-03 
 2.498547e+01  2.310815e-03 
 2.498586e+01  3.771972e-03 
 2.498626e+01  5.762509e-03 
 2.498666e+01  8.070836e-03 
 2.498706e+01  1.048521e-02 
 2.498745e+01  1.279829e-02 
 2.498785e+01  1.479819e-02 
 2.498825e+01  1.634600e-02 
 2.498865e+01  1.732033e-02 
 2.498905e+01  1.764619e-02 
 2.498944e+01  1.726056e-02 
 2.498984e+01  1.615337e-02 
 2.499024e+01  1.438342e-02 
 2.499064e+01  1.206804e-02 
 2.499103e+01  9.331961e-03 
 2.499143e+01  6.386374e-03 
 2.499183e+01  3.454352e-03 
 2.499223e+01  7.318775e-04 
 2.499262e+01 -1.579581e-03 
 2.499302e+01 -3.330896e-03 
 2.499342e+01 -4.414600e-03 
 2.499382e+01 -4.785993e-03 
 2.499422e+01 -4.474979e-03 
 2.499461e+01 -3.490872e-03 
 2.499501e+01 -1.931799e-03 
 2.499541e+01  7.950842e-05 
 2.499581e+01  2.356907e-03 
 2.499620e+01  4.723278e-03 
 2.499660e+01  6.982384e-03 
 2.499700e+01  8.969464e-03 
 2.499740e+01  1.052403e-02 
 2.499780e+01  1.156339e-02 
 2.499819e+01  1.201263e-02 
 2.499859e+01  1.185515e-02 
 2.499899e+01  1.114503e-02 
 2.499939e+01  9.941986e-03 
 2.499978e+01  8.348685e-03 
 2.500018e+01  6.481774e-03 
 2.500058e+01  4.512164e-03 
 2.500098e+01  2.631115e-03 
 2.500137e+01  9.964397e-04 
 2.500177e+01 -2.733604e-04 
 2.500217e+01 -1.076338e-03 
 2.500257e+01 -1.375115e-03 
 2.500297e+01 -1.189540e-03 
 2.500336e+01 -5.984624e-04 
 2.500376e+01  2.751870e-04 
 2.500416e+01  1.334569e-03 
 2.500456e+01  2.463500e-03 
 2.500495e+01  3.563609e-03 
 2.500535e+01  4.533421e-03 
 2.500575e+01  5.241977e-03 
 2.500615e+01  5.617111e-03 
 2.500654e+01  5.601692e-03 
 2.500694e+01  5.147502e-03 
 2.500734e+01  4.269593e-03 
 2.500774e+01  3.032327e-03 
 2.500814e+01  1.562062e-03 
 2.500853e+01  6.872156e-06 
 2.500893e+01 -1.481829e-03 
 2.500933e+01 -2.761278e-03 
 2.500973e+01 -3.735241e-03 
 2.501012e+01 -4.335787e-03 
 2.501052e+01 -4.522144e-03 
 2.501092e+01 -4.270222e-03 
 2.501132e+01 -3.638075e-03 
 2.501171e+01 -2.710954e-03 
 2.501211e+01 -1.566468e-03 
 2.501251e+01 -3.084851e-04 
 2.501291e+01  9.418645e-04 
 2.501331e+01  2.059864e-03 
 2.501370e+01  2.930477e-03 
 2.501410e+01  3.498666e-03 
 2.501450e+01  3.665844e-03 
 2.501490e+01  3.401054e-03 
 2.501529e+01  2.714138e-03 
 2.501569e+01  1.614122e-03 
 2.501609e+01  1.781535e-04 
 2.501649e+01 -1.469479e-03 
 2.501688e+01 -3.179322e-03 
 2.501728e+01 -4.785835e-03 
 2.501768e+01 -6.170817e-03 
 2.501808e+01 -7.206773e-03 
 2.501848e+01 -7.795764e-03 
 2.501887e+01 -7.894125e-03 
 2.501927e+01 -7.511650e-03 
 2.501967e+01 -6.667644e-03 
 2.502007e+01 -5.444527e-03 
 2.502046e+01 -3.929227e-03 
 2.502086e+01 -2.232645e-03 
 2.502126e+01 -4.852127e-04 
 2.502166e+01  1.158506e-03 
 2.502205e+01  2.532090e-03 
 2.502245e+01  3.516965e-03 
 2.502285e+01  4.028608e-03 
 2.502325e+01  4.023137e-03 
 2.502365e+01  3.505048e-03 
 2.502404e+01  2.550334e-03 
 2.502444e+01  1.266873e-03 
 2.502484e+01 -1.965269e-04 
 2.502524e+01 -1.716922e-03 
 2.502563e+01 -3.152579e-03 
 2.502603e+01 -4.329989e-03 
 2.502643e+01 -5.105717e-03 
 2.502683e+01 -5.345439e-03 
 2.502722e+01 -4.960604e-03 
 2.502762e+01 -3.931128e-03 
 2.502802e+01 -2.294447e-03 
 2.502842e+01 -1.260371e-04 
 2.502882e+01  2.430076e-03 
 2.502921e+01  5.153574e-03 
 2.502961e+01  7.862214e-03 
 2.503001e+01  1.038075e-02 
 2.503041e+01  1.253243e-02 
 2.503080e+01  1.414581e-02 
 2.503120e+01  1.507488e-02 
 2.503160e+01  1.521046e-02 
 2.503200e+01  1.452928e-02 
 2.503239e+01  1.309640e-02 
 2.503279e+01  1.106641e-02 
 2.503319e+01  8.598746e-03 
 2.503359e+01  5.910608e-03 
 2.503399e+01  3.179395e-03 
 2.503438e+01  6.395355e-04 
 2.503478e+01 -1.573153e-03 
 2.503518e+01 -3.333612e-03 
 2.503558e+01 -4.532667e-03 
 2.503597e+01 -5.067360e-03 
 2.503637e+01 -4.892109e-03 
 2.503677e+01 -3.999567e-03 
 2.503717e+01 -2.448494e-03 
 2.503756e+01 -3.677993e-04 
 2.503796e+01  2.032622e-03 
 2.503836e+01  4.551089e-03 
 2.503876e+01  6.984178e-03 
 2.503916e+01  9.142400e-03 
 2.503955e+01  1.090195e-02 
 2.503995e+01  1.213746e-02 
 2.504035e+01  1.278961e-02 
 2.504075e+01  1.287337e-02 
 2.504114e+01  1.237973e-02 
 2.504154e+01  1.134316e-02 
 2.504194e+01  9.897059e-03 
 2.504234e+01  8.142688e-03 
 2.504273e+01  6.255332e-03 
 2.504313e+01  4.429503e-03 
 2.504353e+01  2.815870e-03 
 2.504393e+01  1.607633e-03 
 2.504433e+01  9.112283e-04 
 2.504472e+01  8.495569e-04 
 2.504512e+01  1.455035e-03 
 2.504552e+01  2.735124e-03 
 2.504592e+01  4.604278e-03 
 2.504631e+01  6.940619e-03 
 2.504671e+01  9.583185e-03 
 2.504711e+01  1.231295e-02 
 2.504751e+01  1.489464e-02 
 2.504790e+01  1.711568e-02 
 2.504830e+01  1.882751e-02 
 2.504870e+01  1.987887e-02 
 2.504910e+01  2.016269e-02 
 2.504950e+01  1.962091e-02 
 2.504989e+01  1.825885e-02 
 2.505029e+01  1.616695e-02 
 2.505069e+01  1.350527e-02 
 2.505109e+01  1.046380e-02 
 2.505148e+01  7.231647e-03 
 2.505188e+01  4.086744e-03 
 2.505228e+01  1.287614e-03 
 2.505268e+01 -9.831380e-04 
 2.505307e+01 -2.539746e-03 
 2.505347e+01 -3.258874e-03 
 2.505387e+01 -3.082844e-03 
 2.505427e+01 -2.028628e-03 
 2.505467e+01 -1.866551e-04 
 2.505506e+01  2.316921e-03 
 2.505546e+01  5.239537e-03 
 2.505586e+01  8.378911e-03 
 2.505626e+01  1.152238e-02 
 2.505665e+01  1.445347e-02 
 2.505705e+01  1.698922e-02 
 2.505745e+01  1.891044e-02 
 2.505785e+01  2.010426e-02 
 2.505824e+01  2.050300e-02 
 2.505864e+01  2.007604e-02 
 2.505904e+01  1.890728e-02 
 2.505944e+01  1.711135e-02 
 2.505984e+01  1.487424e-02 
 2.506023e+01  1.236757e-02 
 2.506063e+01  9.837931e-03 
 2.506103e+01  7.506419e-03 
 2.506143e+01  5.575714e-03 
 2.506182e+01  4.238382e-03 
 2.506222e+01  3.631415e-03 
 2.506262e+01  3.795502e-03 
 2.506302e+01  4.701637e-03 
 2.506341e+01  6.281161e-03 
 2.506381e+01  8.334786e-03 
 2.506421e+01  1.071882e-02 
 2.506461e+01  1.323544e-02 
 2.506501e+01  1.562602e-02 
 2.506540e+01  1.770628e-02 
 2.506580e+01  1.928269e-02 
 2.506620e+01  2.021243e-02 
 2.506660e+01  2.036400e-02 
 2.506699e+01  1.967252e-02 
 2.506739e+01  1.815132e-02 
 2.506779e+01  1.589056e-02 
 2.506819e+01  1.308007e-02 
 2.506858e+01  9.939393e-03 
 2.506898e+01  6.710104e-03 
 2.506938e+01  3.613682e-03 
 2.506978e+01  8.965591e-04 
 2.507018e+01 -1.223167e-03 
 2.507057e+01 -2.592415e-03 
 2.507097e+01 -3.104046e-03 
 2.507137e+01 -2.720437e-03 
 2.507177e+01 -1.446768e-03 
 2.507216e+01  6.629595e-04 
 2.507256e+01  3.467719e-03 
 2.507296e+01  6.786657e-03 
 2.507336e+01  1.037051e-02 
 2.507375e+01  1.394283e-02 
 2.507415e+01  1.725195e-02 
 2.507455e+01  2.006691e-02 
 2.507495e+01  2.214759e-02 
 2.507535e+01  2.336521e-02 
 2.507574e+01  2.367232e-02 
 2.507614e+01  2.305155e-02 
 2.507654e+01  2.157744e-02 
 2.507694e+01  1.940186e-02 
 2.507733e+01  1.668992e-02 
 2.507773e+01  1.364409e-02 
 2.507813e+01  1.051140e-02 
 2.507853e+01  7.570714e-03 
 2.507892e+01  5.045146e-03 
 2.507932e+01  3.090610e-03 
 2.507972e+01  1.855739e-03 
 2.508012e+01  1.376269e-03 
 2.508052e+01  1.641498e-03 
 2.508091e+01  2.578478e-03 
 2.508131e+01  4.072108e-03 
 2.508171e+01  5.968982e-03 
 2.508211e+01  8.099037e-03 
 2.508250e+01  1.025798e-02 
 2.508290e+01  1.225058e-02 
 2.508330e+01  1.387552e-02 
 2.508370e+01  1.497565e-02 
 2.508409e+01  1.542585e-02 
 2.508449e+01  1.518758e-02 
 2.508489e+01  1.427137e-02 
 2.508529e+01  1.275333e-02 
 2.508569e+01  1.076765e-02 
 2.508608e+01  8.463021e-03 
 2.508648e+01  6.011097e-03 
 2.508688e+01  3.594516e-03 
 2.508728e+01  1.368006e-03 
 2.508767e+01 -5.017953e-04 
 2.508807e+01 -1.851621e-03 
 2.508847e+01 -2.598242e-03 
 2.508887e+01 -2.685122e-03 
 2.508926e+01 -2.126422e-03 
 2.508966e+01 -9.619846e-04 
 2.509006e+01  6.897873e-04 
 2.509046e+01  2.696872e-03 
 2.509086e+01  4.895051e-03 
 2.509125e+01  7.064086e-03 
 2.509165e+01  9.014563e-03 
 2.509205e+01  1.061342e-02 
 2.509245e+01  1.173651e-02 
 2.509284e+01  1.228283e-02 
 2.509324e+01  1.221874e-02 
 2.509364e+01  1.154224e-02 
 2.509404e+01  1.027677e-02 
 2.509444e+01  8.540790e-03 
 2.509483e+01  6.425360e-03 
 2.509523e+01  4.055843e-03 
 2.509563e+01  1.579242e-03 
 2.509603e+01 -8.445124e-04 
 2.509642e+01 -3.023383e-03 
 2.509682e+01 -4.842655e-03 
 2.509722e+01 -6.208901e-03 
 2.509762e+01 -7.047121e-03 
 2.509801e+01 -7.315153e-03 
 2.509841e+01 -7.075161e-03 
 2.509881e+01 -6.370831e-03 
 2.509921e+01 -5.313785e-03 
 2.509961e+01 -4.044001e-03 
 2.510000e+01 -2.692214e-03 
 2.510040e+01 -1.360123e-03 
 2.510080e+01 -1.168093e-04 
 2.510120e+01  9.126529e-04 
 2.510159e+01  1.683763e-03 
 2.510199e+01  2.128286e-03 
 2.510239e+01  2.248460e-03 
 2.510279e+01  2.029339e-03 
 2.510318e+01  1.505830e-03 
 2.510358e+01  7.566888e-04 
 2.510398e+01 -1.072167e-04 
 2.510438e+01 -9.819763e-04 
 2.510478e+01 -1.751111e-03 
 2.510517e+01 -2.340971e-03 
 2.510557e+01 -2.680644e-03 
 2.510597e+01 -2.735800e-03 
 2.510637e+01 -2.471799e-03 
 2.510676e+01 -1.899008e-03 
 2.510716e+01 -1.065270e-03 
 2.510756e+01 -4.583862e-05 
 2.510796e+01  1.050022e-03 
 2.510835e+01  2.116203e-03 
 2.510875e+01  3.013643e-03 
 2.510915e+01  3.622216e-03 
 2.510955e+01  3.838996e-03 
 2.510995e+01  3.636520e-03 
 2.511034e+01  3.014683e-03 
 2.511074e+01  1.971366e-03 
 2.511114e+01  5.698786e-04 
 2.511154e+01 -1.090572e-03 
 2.511193e+01 -2.876493e-03 
 2.511233e+01 -4.642218e-03 
 2.511273e+01 -6.236036e-03 
 2.511313e+01 -7.502505e-03 
 2.511352e+01 -8.360996e-03 
 2.511392e+01 -8.700191e-03 
 2.511432e+01 -8.474511e-03 
 2.511472e+01 -7.711112e-03 
 2.511512e+01 -6.496317e-03 
 2.511551e+01 -4.930009e-03 
 2.511591e+01 -3.133008e-03 
 2.511631e+01 -1.242805e-03 
 2.511671e+01  6.415314e-04 
 2.511710e+01  2.380927e-03 
 2.511750e+01  3.853178e-03 
 2.511790e+01  4.988876e-03 
 2.511830e+01  5.707843e-03 
 2.511869e+01  5.965073e-03 
 2.511909e+01  5.719224e-03 
 2.511949e+01  4.998586e-03 
 2.511989e+01  3.927321e-03 
 2.512029e+01  2.642261e-03 
 2.512068e+01  1.281729e-03 
 2.512108e+01  1.479814e-05 
 2.512148e+01 -9.882539e-04 
 2.512188e+01 -1.591834e-03 
 2.512227e+01 -1.725570e-03 
 2.512267e+01 -1.295402e-03 
 2.512307e+01 -3.434587e-04 
 2.512347e+01  1.051432e-03 
 2.512386e+01  2.802790e-03 
 2.512426e+01  4.808037e-03 
 2.512466e+01  6.932398e-03 
 2.512506e+01  8.987991e-03 
 2.512546e+01  1.082864e-02 
 2.512585e+01  1.225894e-02 
 2.512625e+01  1.314848e-02 
 2.512665e+01  1.341552e-02 
 2.512705e+01  1.298787e-02 
 2.512744e+01  1.186371e-02 
 2.512784e+01  1.011654e-02 
 2.512824e+01  7.855829e-03 
 2.512864e+01  5.230698e-03 
 2.512903e+01  2.430465e-03 
 2.512943e+01 -3.299836e-04 
 2.512983e+01 -2.858509e-03 
 2.513023e+01 -4.919858e-03 
 2.513063e+01 -6.327807e-03 
 2.513102e+01 -6.952220e-03 
 2.513142e+01 -6.716358e-03 
 2.513182e+01 -5.608789e-03 
 2.513222e+01 -3.674867e-03 
 2.513261e+01 -1.037788e-03 
 2.513301e+01  2.121593e-03 
 2.513341e+01  5.546226e-03 
 2.513381e+01  9.015721e-03 
 2.513420e+01  1.223980e-02 
 2.513460e+01  1.502376e-02 
 2.513500e+01  1.714134e-02 
 2.513540e+01  1.846420e-02 
 2.513580e+01  1.890184e-02 
 2.513619e+01  1.846616e-02 
 2.513659e+01  1.728714e-02 
 2.513699e+01  1.543959e-02 
 2.513739e+01  1.311296e-02 
 2.513778e+01  1.053138e-02 
 2.513818e+01  7.912481e-03 
 2.513858e+01  5.457825e-03 
 2.513898e+01  3.384533e-03 
 2.513937e+01  1.850173e-03 
 2.513977e+01  9.522713e-04 
 2.514017e+01  7.607459e-04 
 2.514057e+01  1.308874e-03 
 2.514097e+01  2.514817e-03 
 2.514136e+01  4.281136e-03 
 2.514176e+01  6.450072e-03 
 2.514216e+01  8.815848e-03 
 2.514256e+01  1.113417e-02 
 2.514295e+01  1.316856e-02 
 2.514335e+01  1.474167e-02 
 2.514375e+01  1.569649e-02 
 2.514415e+01  1.592254e-02 
 2.514454e+01  1.539854e-02 
 2.514494e+01  1.415466e-02 
 2.514534e+01  1.228238e-02 
 2.514574e+01  9.901660e-03 
 2.514614e+01  7.220349e-03 
 2.514653e+01  4.439036e-03 
 2.514693e+01  1.773806e-03 
 2.514733e+01 -6.057693e-04 
 2.514773e+01 -2.475444e-03 
 2.514812e+01 -3.719856e-03 
 2.514852e+01 -4.197245e-03 
 2.514892e+01 -3.866510e-03 
 2.514932e+01 -2.715641e-03 
 2.514971e+01 -8.380360e-04 
 2.515011e+01  1.648157e-03 
 2.515051e+01  4.576078e-03 
 2.515091e+01  7.748307e-03 
 2.515131e+01  1.091644e-02 
 2.515170e+01  1.388808e-02 
 2.515210e+01  1.643578e-02 
 2.515250e+01  1.842455e-02 
 2.515290e+01  1.976035e-02 
 2.515329e+01  2.033251e-02 
 2.515369e+01  2.012888e-02 
 2.515409e+01  1.917740e-02 
 2.515449e+01  1.753254e-02 
 2.515488e+01  1.527554e-02 
 2.515528e+01  1.261065e-02 
 2.515568e+01  9.764201e-03 
 2.515608e+01  6.958029e-03 
 2.515648e+01  4.413757e-03 
 2.515687e+01  2.347506e-03 
 2.515727e+01  8.922057e-04 
 2.515767e+01  1.408714e-04 
 2.515807e+01  1.291125e-04 
 2.515846e+01  8.187283e-04 
 2.515886e+01  2.119465e-03 
 2.515926e+01  3.911967e-03 
 2.515966e+01  5.998193e-03 
 2.516005e+01  8.213708e-03 
 2.516045e+01  1.032470e-02 
 2.516085e+01  1.212223e-02 
 2.516125e+01  1.344659e-02 
 2.516165e+01  1.418583e-02 
 2.516204e+01  1.428141e-02 
 2.516244e+01  1.373845e-02 
 2.516284e+01  1.262336e-02 
 2.516324e+01  1.100091e-02 
 2.516363e+01  9.029972e-03 
 2.516403e+01  6.874564e-03 
 2.516443e+01  4.717787e-03 
 2.516483e+01  2.724101e-03 
 2.516522e+01  1.088526e-03 
 2.516562e+01 -1.264655e-05 
 2.516602e+01 -4.504892e-04 
 2.516642e+01 -1.471586e-04 
 2.516682e+01  9.395836e-04 
 2.516721e+01  2.753120e-03 
 2.516761e+01  5.184159e-03 
 2.516801e+01  8.092134e-03 
 2.516841e+01  1.129069e-02 
 2.516880e+01  1.453898e-02 
 2.516920e+01  1.759955e-02 
 2.516960e+01  2.023043e-02 
 2.517000e+01  2.224519e-02 
 2.517039e+01  2.351808e-02 
 2.517079e+01  2.392588e-02 
 2.517119e+01  2.341355e-02 
 2.517159e+01  2.201699e-02 
 2.517199e+01  1.981809e-02 
 2.517238e+01  1.696076e-02 
 2.517278e+01  1.366626e-02 
 2.517318e+01  1.017818e-02 
 2.517358e+01  6.715175e-03 
 2.517397e+01  3.518960e-03 
 2.517437e+01  8.124714e-04 
 2.517477e+01 -1.232907e-03 
 2.517517e+01 -2.477950e-03 
 2.517556e+01 -2.852375e-03 
 2.517596e+01 -2.361051e-03 
 2.517636e+01 -1.036658e-03 
 2.517676e+01  9.601371e-04 
 2.517716e+01  3.413651e-03 
 2.517755e+01  6.112340e-03 
 2.517795e+01  8.812603e-03 
 2.517835e+01  1.122975e-02 
 2.517875e+01  1.318525e-02 
 2.517914e+01  1.450837e-02 
 2.517954e+01  1.511273e-02 
 2.517994e+01  1.495722e-02 
 2.518034e+01  1.410211e-02 
 2.518073e+01  1.264566e-02 
 2.518113e+01  1.073488e-02 
 2.518153e+01  8.566557e-03 
 2.518193e+01  6.334939e-03 
 2.518233e+01  4.244407e-03 
 2.518272e+01  2.489225e-03 
 2.518312e+01  1.203468e-03 
 2.518352e+01  5.164374e-04 
 2.518392e+01  4.732050e-04 
 2.518431e+01  1.094790e-03 
 2.518471e+01  2.332222e-03 
 2.518511e+01  4.063762e-03 
 2.518551e+01  6.165630e-03 
 2.518591e+01  8.434882e-03 
 2.518630e+01  1.069062e-02 
 2.518670e+01  1.274596e-02 
 2.518710e+01  1.442938e-02 
 2.518750e+01  1.559169e-02 
 2.518789e+01  1.612653e-02 
 2.518829e+01  1.595184e-02 
 2.518869e+01  1.505415e-02 
 2.518909e+01  1.348549e-02 
 2.518948e+01  1.133993e-02 
 2.518988e+01  8.723589e-03 
 2.519028e+01  5.847711e-03 
 2.519068e+01  2.919304e-03 
 2.519108e+01  1.365118e-04 
 2.519147e+01 -2.320903e-03 
 2.519187e+01 -4.286673e-03 
 2.519227e+01 -5.664325e-03 
 2.519267e+01 -6.398272e-03 
 2.519306e+01 -6.493057e-03 
 2.519346e+01 -5.982425e-03 
 2.519386e+01 -4.925957e-03 
 2.519426e+01 -3.446756e-03 
 2.519465e+01 -1.669742e-03 
 2.519505e+01  2.858126e-04 
 2.519545e+01  2.257495e-03 
 2.519585e+01  4.086943e-03 
 2.519625e+01  5.621597e-03 
 2.519664e+01  6.776323e-03 
 2.519704e+01  7.464021e-03 
 2.519744e+01  7.654894e-03 
 2.519784e+01  7.381110e-03 
 2.519823e+01  6.696126e-03 
 2.519863e+01  5.723368e-03 
 2.519903e+01  4.541500e-03 
 2.519943e+01  3.306863e-03 
 2.519982e+01  2.146450e-03 
 2.520022e+01  1.164578e-03 
 2.520062e+01  4.460075e-04 
 2.520102e+01  7.197290e-05 
 2.520142e+01  8.008883e-05 
 2.520181e+01  4.677762e-04 
 2.520221e+01  1.158840e-03 
 2.520261e+01  2.052888e-03 
 2.520301e+01  3.008216e-03 
 2.520340e+01  3.864371e-03 
 2.520380e+01  4.503993e-03 
 2.520420e+01  4.814589e-03 
 2.520460e+01  4.731186e-03 
 2.520499e+01  4.234509e-03 
 2.520539e+01  3.319113e-03 
 2.520579e+01  2.021171e-03 
 2.520619e+01  4.178641e-04 
 2.520659e+01 -1.392865e-03 
 2.520698e+01 -3.230566e-03 
 2.520738e+01 -4.950426e-03 
 2.520778e+01 -6.382470e-03 
 2.520818e+01 -7.421070e-03 
 2.520857e+01 -7.997648e-03 
 2.520897e+01 -8.042268e-03 
 2.520937e+01 -7.559060e-03 
 2.520977e+01 -6.569375e-03 
 2.521016e+01 -5.120220e-03 
 2.521056e+01 -3.306222e-03 
 2.521096e+01 -1.232720e-03 
 2.521136e+01  9.854278e-04 
 2.521176e+01  3.208780e-03 
 2.521215e+01  5.252467e-03 
 2.521255e+01  7.010773e-03 
 2.521295e+01  8.318951e-03 
 2.521335e+01  9.120327e-03 
 2.521374e+01  9.408964e-03 
 2.521414e+01  9.224907e-03 
 2.521454e+01  8.599349e-03 
 2.521494e+01  7.597553e-03 
 2.521533e+01  6.325642e-03 
 2.521573e+01  4.899076e-03 
 2.521613e+01  3.473348e-03 
 2.521653e+01  2.198845e-03 
 2.521693e+01  1.151766e-03 
 2.521732e+01  4.754341e-04 
 2.521772e+01  2.300799e-04 
 2.521812e+01  4.433348e-04 
 2.521852e+01  1.109039e-03 
 2.521891e+01  2.176411e-03 
 2.521931e+01  3.564326e-03 
 2.521971e+01  5.110747e-03 
 2.522011e+01  6.741224e-03 
 2.522050e+01  8.255627e-03 
 2.522090e+01  9.523568e-03 
 2.522130e+01  1.036825e-02 
 2.522170e+01  1.069328e-02 
 2.522210e+01  1.041145e-02 
 2.522249e+01  9.518216e-03 
 2.522289e+01  8.046622e-03 
 2.522329e+01  6.065255e-03 
 2.522369e+01  3.716893e-03 
 2.522408e+01  1.132161e-03 
 2.522448e+01 -1.484275e-03 
 2.522488e+01 -3.952141e-03 
 2.522528e+01 -6.012720e-03 
 2.522567e+01 -7.539023e-03 
 2.522607e+01 -8.360047e-03 
 2.522647e+01 -8.343918e-03 
 2.522687e+01 -7.451577e-03 
 2.522727e+01 -5.726570e-03 
 2.522766e+01 -3.243923e-03 
 2.522806e+01 -2.240632e-04 
 2.522846e+01  3.118119e-03 
 2.522886e+01  6.576343e-03 
 2.522925e+01  9.876478e-03 
 2.522965e+01  1.280558e-02 
 2.523005e+01  1.515844e-02 
 2.523045e+01  1.677563e-02 
 2.523084e+01  1.751869e-02 
 2.523124e+01  1.736335e-02 
 2.523164e+01  1.632762e-02 
 2.523204e+01  1.446185e-02 
 2.523244e+01  1.189931e-02 
 2.523283e+01  8.869955e-03 
 2.523323e+01  5.591551e-03 
 2.523363e+01  2.338194e-03 
 2.523403e+01 -6.386157e-04 
 2.523442e+01 -3.121247e-03 
 2.523482e+01 -4.920368e-03 
 2.523522e+01 -5.925175e-03 
 2.523562e+01 -6.118475e-03 
 2.523601e+01 -5.471201e-03 
 2.523641e+01 -4.047308e-03 
 2.523681e+01 -2.019318e-03 
 2.523721e+01  4.586581e-04 
 2.523761e+01  3.166886e-03 
 2.523800e+01  5.841923e-03 
 2.523840e+01  8.261654e-03 
 2.523880e+01  1.026225e-02 
 2.523920e+01  1.168161e-02 
 2.523959e+01  1.237776e-02 
 2.523999e+01  1.234503e-02 
 2.524039e+01  1.157784e-02 
 2.524079e+01  1.012116e-02 
 2.524118e+01  8.116057e-03 
 2.524158e+01  5.702437e-03 
 2.524198e+01  3.071424e-03 
 2.524238e+01  4.812660e-04 
 2.524278e+01 -1.809579e-03 
 2.524317e+01 -3.580802e-03 
 2.524357e+01 -4.653549e-03 
 2.524397e+01 -4.911414e-03 
 2.524437e+01 -4.341278e-03 
 2.524476e+01 -2.971735e-03 
 2.524516e+01 -8.489882e-04 
 2.524556e+01  1.863629e-03 
 2.524596e+01  4.970157e-03 
 2.524635e+01  8.256532e-03 
 2.524675e+01  1.145591e-02 
 2.524715e+01  1.430562e-02 
 2.524755e+01  1.661203e-02 
 2.524795e+01  1.815289e-02 
 2.524834e+01  1.876295e-02 
 2.524874e+01  1.843186e-02 
 2.524914e+01  1.716113e-02 
 2.524954e+01  1.504562e-02 
 2.524993e+01  1.229372e-02 
 2.525033e+01  9.116365e-03 
 2.525073e+01  5.725639e-03 
 2.525113e+01  2.408056e-03 
 2.525152e+01 -5.870730e-04 
 2.525192e+01 -3.070812e-03 
 2.525232e+01 -4.825783e-03 
 2.525272e+01 -5.740443e-03 
 2.525312e+01 -5.774039e-03 
 2.525351e+01 -4.924574e-03 
 2.525391e+01 -3.248469e-03 
 2.525431e+01 -9.366714e-04 
 2.525471e+01  1.801811e-03 
 2.525510e+01  4.780132e-03 
 2.525550e+01  7.716221e-03 
 2.525590e+01  1.039097e-02 
 2.525630e+01  1.264552e-02 
 2.525669e+01  1.431790e-02 
 2.525709e+01  1.528575e-02 
 2.525749e+01  1.554251e-02 
 2.525789e+01  1.511041e-02 
 2.525829e+01  1.407145e-02 
 2.525868e+01  1.256917e-02 
 2.525908e+01  1.075085e-02 
 2.525948e+01  8.816259e-03 
 2.525988e+01  6.989967e-03 
 2.526027e+01  5.421708e-03 
 2.526067e+01  4.276281e-03 
 2.526107e+01  3.684286e-03 
 2.526147e+01  3.743833e-03 
 2.526186e+01  4.486473e-03 
 2.526226e+01  5.912624e-03 
 2.526266e+01  7.953161e-03 
 2.526306e+01  1.042323e-02 
 2.526346e+01  1.314534e-02 
 2.526385e+01  1.590604e-02 
 2.526425e+01  1.843456e-02 
 2.526465e+01  2.052794e-02 
 2.526505e+01  2.205698e-02 
 2.526544e+01  2.290575e-02 
 2.526584e+01  2.301027e-02 
 2.526624e+01  2.238432e-02 
 2.526664e+01  2.101749e-02 
 2.526703e+01  1.898887e-02 
 2.526743e+01  1.644923e-02 
 2.526783e+01  1.358761e-02 
 2.526823e+01  1.058238e-02 
 2.526863e+01  7.680666e-03 
 2.526902e+01  5.105513e-03 
 2.526942e+01  3.009834e-03 
 2.526982e+01  1.576092e-03 
 2.527022e+01  9.013749e-04 
 2.527061e+01  9.966308e-04 
 2.527101e+01  1.887122e-03 
 2.527141e+01  3.501635e-03 
 2.527181e+01  5.685915e-03 
 2.527220e+01  8.274701e-03 
 2.527260e+01  1.105320e-02 
 2.527300e+01  1.374955e-02 
 2.527340e+01  1.619040e-02 
 2.527380e+01  1.820708e-02 
 2.527419e+01  1.966606e-02 
 2.527459e+01  2.048176e-02 
 2.527499e+01  2.061535e-02 
 2.527539e+01  2.007029e-02 
 2.527578e+01  1.888186e-02 
 2.527618e+01  1.715730e-02 
 2.527658e+01  1.500878e-02 
 2.527698e+01  1.258642e-02 
 2.527738e+01  1.011696e-02 
 2.527777e+01  7.803060e-03 
 2.527817e+01  5.846635e-03 
 2.527857e+01  4.448832e-03 
 2.527897e+01  3.683193e-03 
 2.527936e+01  3.558299e-03 
 2.527976e+01  4.072107e-03 
 2.528016e+01  5.147200e-03 
 2.528056e+01  6.660832e-03 
 2.528095e+01  8.425540e-03 
 2.528135e+01  1.030254e-02 
 2.528175e+01  1.210668e-02 
 2.528215e+01  1.365733e-02 
 2.528255e+01  1.481766e-02 
 2.528294e+01  1.544257e-02 
 2.528334e+01  1.544820e-02 
 2.528374e+01  1.477521e-02 
 2.528414e+01  1.344954e-02 
 2.528453e+01  1.153463e-02 
 2.528493e+01  9.168387e-03 
 2.528533e+01  6.517091e-03 
 2.528573e+01  3.741235e-03 
 2.528612e+01  1.073302e-03 
 2.528652e+01 -1.307822e-03 
 2.528692e+01 -3.251057e-03 
 2.528732e+01 -4.571103e-03 
 2.528772e+01 -5.208389e-03 
 2.528811e+01 -5.117803e-03 
 2.528851e+01 -4.311103e-03 
 2.528891e+01 -2.849846e-03 
 2.528931e+01 -8.759346e-04 
 2.528970e+01  1.458213e-03 
 2.529010e+01  3.960838e-03 
 2.529050e+01  6.414520e-03 
 2.529090e+01  8.641403e-03 
 2.529129e+01  1.050037e-02 
 2.529169e+01  1.181490e-02 
 2.529209e+01  1.249166e-02 
 2.529249e+01  1.248572e-02 
 2.529289e+01  1.179718e-02 
 2.529328e+01  1.051885e-02 
 2.529368e+01  8.794573e-03 
 2.529408e+01  6.769328e-03 
 2.529448e+01  4.643397e-03 
 2.529487e+01  2.607922e-03 
 2.529527e+01  8.095009e-04 
 2.529567e+01 -6.376107e-04 
 2.529607e+01 -1.626358e-03 
 2.529646e+01 -2.129207e-03 
 2.529686e+01 -2.134711e-03 
 2.529726e+01 -1.665239e-03 
 2.529766e+01 -7.963608e-04 
 2.529806e+01  3.509325e-04 
 2.529845e+01  1.610435e-03 
 2.529885e+01  2.828968e-03 
 2.529925e+01  3.839855e-03 
 2.529965e+01  4.511430e-03 
 2.530004e+01  4.728284e-03 
 2.530044e+01  4.426631e-03 
 2.530084e+01  3.587440e-03 
 2.530124e+01  2.283065e-03 
 2.530163e+01  5.916894e-04 
 2.530203e+01 -1.332174e-03 
 2.530243e+01 -3.317063e-03 
 2.530283e+01 -5.222153e-03 
 2.530323e+01 -6.866753e-03 
 2.530362e+01 -8.074778e-03 
 2.530402e+01 -8.745616e-03 
 2.530442e+01 -8.854948e-03 
 2.530482e+01 -8.363279e-03 
 2.530521e+01 -7.295757e-03 
 2.530561e+01 -5.743560e-03 
 2.530601e+01 -3.760459e-03 
 2.530641e+01 -1.494178e-03 
 2.530680e+01  8.834778e-04 
 2.530720e+01  3.196791e-03 
 2.530760e+01  5.281604e-03 
 2.530800e+01  6.930304e-03 
 2.530840e+01  8.024450e-03 
 2.530879e+01  8.488535e-03 
 2.530919e+01  8.295508e-03 
 2.530959e+01  7.507466e-03 
 2.530999e+01  6.205526e-03 
 2.531038e+01  4.499606e-03 
 2.531078e+01  2.560787e-03 
 2.531118e+01  5.896454e-04 
 2.531158e+01 -1.238350e-03 
 2.531197e+01 -2.778205e-03 
 2.531237e+01 -3.880567e-03 
 2.531277e+01 -4.462196e-03 
 2.531317e+01 -4.453097e-03 
 2.531357e+01 -3.818487e-03 
 2.531396e+01 -2.592638e-03 
 2.531436e+01 -9.019729e-04 
 2.531476e+01  1.114983e-03 
 2.531516e+01  3.259803e-03 
 2.531555e+01  5.322897e-03 
 2.531595e+01  7.132447e-03 
 2.531635e+01  8.520687e-03 
 2.531675e+01  9.352868e-03 
 2.531714e+01  9.563675e-03 
 2.531754e+01  9.141277e-03 
 2.531794e+01  8.097625e-03 
 2.531834e+01  6.508683e-03 
 2.531874e+01  4.493139e-03 
 2.531913e+01  2.203053e-03 
 2.531953e+01 -2.028313e-04 
 2.531993e+01 -2.499361e-03 
 2.532033e+01 -4.504843e-03 
 2.532072e+01 -6.052163e-03 
 2.532112e+01 -6.981631e-03 
 2.532152e+01 -7.214948e-03 
 2.532192e+01 -6.714444e-03 
 2.532231e+01 -5.472214e-03 
 2.532271e+01 -3.534130e-03 
 2.532311e+01 -1.068098e-03 
 2.532351e+01  1.771981e-03 
 2.532391e+01  4.765879e-03 
 2.532430e+01  7.651426e-03 
 2.532470e+01  1.019543e-02 
 2.532510e+01  1.215899e-02 
 2.532550e+01  1.341165e-02 
 2.532589e+01  1.385184e-02 
 2.532629e+01  1.344788e-02 
 2.532669e+01  1.221306e-02 
 2.532709e+01  1.024298e-02 
 2.532748e+01  7.696134e-03 
 2.532788e+01  4.729027e-03 
 2.532828e+01  1.556439e-03 
 2.532868e+01 -1.571209e-03 
 2.532908e+01 -4.442787e-03 
 2.532947e+01 -6.841060e-03 
 2.532987e+01 -8.526759e-03 
 2.533027e+01 -9.370437e-03 
 2.533067e+01 -9.319547e-03 
 2.533106e+01 -8.341840e-03 
 2.533146e+01 -6.548004e-03 
 2.533186e+01 -4.078088e-03 
 2.533226e+01 -1.124373e-03 
 2.533265e+01  2.069825e-03 
 2.533305e+01  5.225176e-03 
 2.533345e+01  8.120480e-03 
 2.533385e+01  1.057286e-02 
 2.533425e+01  1.241287e-02 
 2.533464e+01  1.351934e-02 
 2.533504e+01  1.383069e-02 
 2.533544e+01  1.332810e-02 
 2.533584e+01  1.205039e-02 
 2.533623e+01  1.011765e-02 
 2.533663e+01  7.744551e-03 
 2.533703e+01  5.098666e-03 
 2.533743e+01  2.449793e-03 
 2.533782e+01 -1.356546e-05 
 2.533822e+01 -2.060347e-03 
 2.533862e+01 -3.497244e-03 
 2.533902e+01 -4.203239e-03 
 2.533942e+01 -4.134232e-03 
 2.533981e+01 -3.249715e-03 
 2.534021e+01 -1.597001e-03 
 2.534061e+01  6.972946e-04 
 2.534101e+01  3.455005e-03 
 2.534140e+01  6.470179e-03 
 2.534180e+01  9.476510e-03 
 2.534220e+01  1.225375e-02 
 2.534260e+01  1.462835e-02 
 2.534299e+01  1.639541e-02 
 2.534339e+01  1.740812e-02 
 2.534379e+01  1.756591e-02 
 2.534419e+01  1.680642e-02 
 2.534459e+01  1.518967e-02 
 2.534498e+01  1.286769e-02 
 2.534538e+01  1.001654e-02 
 2.534578e+01  6.870422e-03 
 2.534618e+01  3.720015e-03 
 2.534657e+01  7.958641e-04 
 2.534697e+01 -1.679093e-03 
 2.534737e+01 -3.465551e-03 
 2.534777e+01 -4.429262e-03 
 2.534816e+01 -4.497258e-03 
 2.534856e+01 -3.650551e-03 
 2.534896e+01 -1.913777e-03 
 2.534936e+01  6.328982e-04 
 2.534976e+01  3.783876e-03 
 2.535015e+01  7.328194e-03 
 2.535055e+01  1.097845e-02 
 2.535095e+01  1.447505e-02 
 2.535135e+01  1.762021e-02 
 2.535174e+01  2.018130e-02 
 2.535214e+01  2.200265e-02 
 2.535254e+01  2.293347e-02 
 2.535294e+01  2.289751e-02 
 2.535333e+01  2.193896e-02 
 2.535373e+01  2.014527e-02 
 2.535413e+01  1.770268e-02 
 2.535453e+01  1.481702e-02 
 2.535493e+01  1.176472e-02 
 2.535532e+01  8.818501e-03 
 2.535572e+01  6.215888e-03 
 2.535612e+01  4.190510e-03 
 2.535652e+01  2.886168e-03 
 2.535691e+01  2.383409e-03 
 2.535731e+01  2.755112e-03 
 2.535771e+01  3.954523e-03 
 2.535811e+01  5.874207e-03 
 2.535850e+01  8.345875e-03 
 2.535890e+01  1.115950e-02 
 2.535930e+01  1.402919e-02 
 2.535970e+01  1.668271e-02 
 2.536010e+01  1.892521e-02 
 2.536049e+01  2.052684e-02 
 2.536089e+01  2.139283e-02 
 2.536129e+01  2.143694e-02 
 2.536169e+01  2.066332e-02 
 2.536208e+01  1.915921e-02 
 2.536248e+01  1.706441e-02 
 2.536288e+01  1.454559e-02 
 2.536328e+01  1.178055e-02 
 2.536367e+01  9.009691e-03 
 2.536407e+01  6.433962e-03 
 2.536447e+01  4.242159e-03 
 2.536487e+01  2.642334e-03 
 2.536527e+01  1.782355e-03 
 2.536566e+01  1.748804e-03 
 2.536606e+01  2.570948e-03 
 2.536646e+01  4.205699e-03 
 2.536686e+01  6.517732e-03 
 2.536725e+01  9.337103e-03 
 2.536765e+01  1.243589e-02 
 2.536805e+01  1.557395e-02 
 2.536845e+01  1.852383e-02 
 2.536885e+01  2.104187e-02 
 2.536924e+01  2.292462e-02 
 2.536964e+01  2.403307e-02 
 2.537004e+01  2.429252e-02 
 2.537044e+01  2.365795e-02 
 2.537083e+01  2.218144e-02 
 2.537123e+01  1.999489e-02 
 2.537163e+01  1.726957e-02 
 2.537203e+01  1.420115e-02 
 2.537242e+01  1.100746e-02 
 2.537282e+01  7.922028e-03 
 2.537322e+01  5.129929e-03 
 2.537362e+01  2.861639e-03 
 2.537402e+01  1.259014e-03 
 2.537441e+01  3.864421e-04 
 2.537481e+01  2.860349e-04 
 2.537521e+01  9.349882e-04 
 2.537561e+01  2.211039e-03 
 2.537600e+01  3.970803e-03 
 2.537640e+01  5.979628e-03 
 2.537680e+01  7.998640e-03 
 2.537720e+01  9.811754e-03 
 2.537759e+01  1.126801e-02 
 2.537799e+01  1.223874e-02 
 2.537839e+01  1.261920e-02 
 2.537879e+01  1.237994e-02 
 2.537919e+01  1.152227e-02 
 2.537958e+01  1.010744e-02 
 2.537998e+01  8.285900e-03 
 2.538038e+01  6.182818e-03 
 2.538078e+01  3.975938e-03 
 2.538117e+01  1.868582e-03 
 2.538157e+01  1.562959e-05 
 2.538197e+01 -1.404401e-03 
 2.538237e+01 -2.271705e-03 
 2.538276e+01 -2.536340e-03 
 2.538316e+01 -2.218206e-03 
 2.538356e+01 -1.343813e-03 
 2.538396e+01 -1.015455e-05 
 2.538436e+01  1.678445e-03 
 2.538475e+01  3.563969e-03 
 2.538515e+01  5.477119e-03 
 2.538555e+01  7.240561e-03 
 2.538595e+01  8.763691e-03 
 2.538634e+01  9.923613e-03 
 2.538674e+01  1.062657e-02 
 2.538714e+01  1.080731e-02 
 2.538754e+01  1.044224e-02 
 2.538793e+01  9.515977e-03 
 2.538833e+01  8.107700e-03 
 2.538873e+01  6.317896e-03 
 2.538913e+01  4.268369e-03 
 2.538953e+01  2.076501e-03 
 2.538992e+01 -7.447241e-05 
 2.539032e+01 -2.024057e-03 
 2.539072e+01 -3.612618e-03 
 2.539112e+01 -4.718285e-03 
 2.539151e+01 -5.279611e-03 
 2.539191e+01 -5.275036e-03 
 2.539231e+01 -4.737157e-03 
 2.539271e+01 -3.762580e-03 
 2.539310e+01 -2.466964e-03 
 2.539350e+01 -9.673601e-04 
 2.539390e+01  5.933571e-04 
 2.539430e+01  2.062787e-03 
 2.539470e+01  3.323978e-03 
 2.539509e+01  4.275934e-03 
 2.539549e+01  4.811057e-03 
 2.539589e+01  4.876602e-03 
 2.539629e+01  4.455524e-03 
 2.539668e+01  3.592007e-03 
 2.539708e+01  2.391419e-03 
 2.539748e+01  1.016067e-03 
 2.539788e+01 -4.334096e-04 
 2.539827e+01 -1.808108e-03 
 2.539867e+01 -2.974297e-03 
 2.539907e+01 -3.804665e-03 
 2.539947e+01 -4.199072e-03 
 2.539987e+01 -4.049846e-03 
 2.540026e+01 -3.371233e-03 
 2.540066e+01 -2.190735e-03 
 2.540106e+01 -5.712700e-04 
 2.540146e+01  1.361607e-03 
 2.540185e+01  3.424155e-03 
 2.540225e+01  5.446799e-03 
 2.540265e+01  7.246582e-03 
 2.540305e+01  8.652306e-03 
 2.540344e+01  9.557545e-03 
 2.540384e+01  9.893593e-03 
 2.540424e+01  9.582978e-03 
 2.540464e+01  8.658574e-03 
 2.540504e+01  7.139013e-03 
 2.540543e+01  5.117571e-03 
 2.540583e+01  2.769603e-03 
 2.540623e+01  3.327281e-04 
 2.540663e+01 -2.011864e-03 
 2.540702e+01 -4.073556e-03 
 2.540742e+01 -5.673113e-03 
 2.540782e+01 -6.711784e-03 
 2.540822e+01 -7.094655e-03 
 2.540861e+01 -6.786133e-03 
 2.540901e+01 -5.794289e-03 
 2.540941e+01 -4.214664e-03 
 2.540981e+01 -2.141261e-03 
 2.541021e+01  2.573441e-04 
 2.541060e+01  2.807569e-03 
 2.541100e+01  5.344296e-03 
 2.541140e+01  7.633648e-03 
 2.541180e+01  9.468723e-03 
 2.541219e+01  1.070366e-02 
 2.541259e+01  1.126215e-02 
 2.541299e+01  1.108303e-02 
 2.541339e+01  1.022399e-02 
 2.541378e+01  8.791125e-03 
 2.541418e+01  6.856655e-03 
 2.541458e+01  4.571464e-03 
 2.541498e+01  2.104637e-03 
 2.541538e+01 -3.417284e-04 
 2.541577e+01 -2.571955e-03 
 2.541617e+01 -4.363854e-03 
 2.541657e+01 -5.569387e-03 
 2.541697e+01 -6.043425e-03 
 2.541736e+01 -5.758980e-03 
 2.541776e+01 -4.693299e-03 
 2.541816e+01 -2.968079e-03 
 2.541856e+01 -7.021391e-04 
 2.541895e+01  1.897862e-03 
 2.541935e+01  4.627982e-03 
 2.541975e+01  7.295738e-03 
 2.542015e+01  9.660685e-03 
 2.542055e+01  1.145786e-02 
 2.542094e+01  1.254538e-02 
 2.542134e+01  1.277008e-02 
 2.542174e+01  1.209368e-02 
 2.542214e+01  1.058876e-02 
 2.542253e+01  8.369425e-03 
 2.542293e+01  5.610346e-03 
 2.542333e+01  2.544919e-03 
 2.542373e+01 -5.661020e-04 
 2.542412e+01 -3.496203e-03 
 2.542452e+01 -6.008899e-03 
 2.542492e+01 -7.889319e-03 
 2.542532e+01 -8.987698e-03 
 2.542572e+01 -9.192761e-03 
 2.542611e+01 -8.421189e-03 
 2.542651e+01 -6.731217e-03 
 2.542691e+01 -4.227484e-03 
 2.542731e+01 -1.103345e-03 
 2.542770e+01  2.342461e-03 
 2.542810e+01  5.881425e-03 
 2.542850e+01  9.221954e-03 
 2.542890e+01  1.211329e-02 
 2.542929e+01  1.434828e-02 
 2.542969e+01  1.576025e-02 
 2.543009e+01  1.628261e-02 
 2.543049e+01  1.586060e-02 
 2.543089e+01  1.455692e-02 
 2.543128e+01  1.249848e-02 
 2.543168e+01  9.810093e-03 
 2.543208e+01  6.721321e-03 
 2.543248e+01  3.471257e-03 
 2.543287e+01  2.628110e-04 
 2.543327e+01 -2.620514e-03 
 2.543367e+01 -5.013952e-03 
 2.543407e+01 -6.727567e-03 
 2.543446e+01 -7.615162e-03 
 2.543486e+01 -7.612830e-03 
 2.543526e+01 -6.748217e-03 
 2.543566e+01 -5.074277e-03 
 2.543606e+01 -2.726904e-03 
 2.543645e+01  6.486232e-05 
 2.543685e+01  3.074122e-03 
 2.543725e+01  6.044802e-03 
 2.543765e+01  8.739190e-03 
 2.543804e+01  1.097717e-02 
 2.543844e+01  1.259870e-02 
 2.543884e+01  1.347180e-02 
 2.543924e+01  1.353296e-02 
 2.543963e+01  1.281277e-02 
 2.544003e+01  1.136930e-02 
 2.544043e+01  9.333086e-03 
 2.544083e+01  6.901623e-03 
 2.544123e+01  4.279949e-03 
 2.544162e+01  1.699880e-03 
 2.544202e+01 -5.527828e-04 
 2.544242e+01 -2.257801e-03 
 2.544282e+01 -3.229969e-03 
 2.544321e+01 -3.342196e-03 
 2.544361e+01 -2.555596e-03 
 2.544401e+01 -9.236783e-04 
 2.544441e+01  1.485337e-03 
 2.544480e+01  4.506297e-03 
 2.544520e+01  7.886365e-03 
 2.544560e+01  1.138453e-02 
 2.544600e+01  1.472631e-02 
 2.544640e+01  1.763722e-02 
 2.544679e+01  1.992233e-02 
 2.544719e+01  2.141902e-02 
 2.544759e+01  2.198336e-02 
 2.544799e+01  2.158239e-02 
 2.544838e+01  2.025490e-02 
 2.544878e+01  1.812417e-02 
 2.544918e+01  1.534090e-02 
 2.544958e+01  1.214474e-02 
 2.544997e+01  8.741876e-03 
 2.545037e+01  5.414025e-03 
 2.545077e+01  2.432240e-03 
 2.545117e+01  1.582306e-05 
 2.545157e+01 -1.657275e-03 
 2.545196e+01 -2.444679e-03 
 2.545236e+01 -2.318656e-03 
 2.545276e+01 -1.330088e-03 
 2.545316e+01  4.275216e-04 
 2.545355e+01  2.812283e-03 
 2.545395e+01  5.602211e-03 
 2.545435e+01  8.589817e-03 
 2.545475e+01  1.157203e-02 
 2.545514e+01  1.432426e-02 
 2.545554e+01  1.666319e-02 
 2.545594e+01  1.844862e-02 
 2.545634e+01  1.953838e-02 
 2.545674e+01  1.988552e-02 
 2.545713e+01  1.947052e-02 
 2.545753e+01  1.834791e-02 
 2.545793e+01  1.667030e-02 
 2.545833e+01  1.462410e-02 
 2.545872e+01  1.237773e-02 
 2.545912e+01  1.011704e-02 
 2.545952e+01  8.062407e-03 
 2.545992e+01  6.363728e-03 
 2.546032e+01  5.151740e-03 
 2.546071e+01  4.525221e-03 
 2.546111e+01  4.561959e-03 
 2.546151e+01  5.254602e-03 
 2.546191e+01  6.614097e-03 
 2.546230e+01  8.530295e-03 
 2.546270e+01  1.081187e-02 
 2.546310e+01  1.324848e-02 
 2.546350e+01  1.562700e-02 
 2.546389e+01  1.769079e-02 
 2.546429e+01  1.926967e-02 
 2.546469e+01  2.021926e-02 
 2.546509e+01  2.040841e-02 
 2.546549e+01  1.979297e-02 
 2.546588e+01  1.838048e-02 
 2.546628e+01  1.624267e-02 
 2.546668e+01  1.350847e-02 
 2.546708e+01  1.037263e-02 
 2.546747e+01  7.067636e-03 
 2.546787e+01  3.842457e-03 
 2.546827e+01  9.229941e-04 
 2.546867e+01 -1.480184e-03 
 2.546906e+01 -3.197043e-03 
 2.546946e+01 -4.104852e-03 
 2.546986e+01 -4.128594e-03 
 2.547026e+01 -3.323795e-03 
 2.547066e+01 -1.694162e-03 
 2.547105e+01  6.292567e-04 
 2.547145e+01  3.438397e-03 
 2.547185e+01  6.530240e-03 
 2.547225e+01  9.615833e-03 
 2.547264e+01  1.245670e-02 
 2.547304e+01  1.480430e-02 
 2.547344e+01  1.651739e-02 
 2.547384e+01  1.748178e-02 
 2.547423e+01  1.768444e-02 
 2.547463e+01  1.717359e-02 
 2.547503e+01  1.598658e-02 
 2.547543e+01  1.426300e-02 
 2.547583e+01  1.216712e-02 
 2.547622e+01  9.834156e-03 
 2.547662e+01  7.468824e-03 
 2.547702e+01  5.309661e-03 
 2.547742e+01  3.519005e-03 
 2.547781e+01  2.223683e-03 
 2.547821e+01  1.543217e-03 
 2.547861e+01  1.456416e-03 
 2.547901e+01  1.931040e-03 
 2.547940e+01  2.872279e-03 
 2.547980e+01  4.182477e-03 
 2.548020e+01  5.708710e-03 
 2.548060e+01  7.290245e-03 
 2.548100e+01  8.737565e-03 
 2.548139e+01  9.869474e-03 
 2.548179e+01  1.059266e-02 
 2.548219e+01  1.082817e-02 
 2.548259e+01  1.050596e-02 
 2.548298e+01  9.652743e-03 
 2.548338e+01  8.346294e-03 
 2.548378e+01  6.650969e-03 
 2.548418e+01  4.704964e-03 
 2.548457e+01  2.633854e-03 
 2.548497e+01  5.762467e-04 
 2.548537e+01 -1.297260e-03 
 2.548577e+01 -2.796900e-03 
 2.548617e+01 -3.789415e-03 
 2.548656e+01 -4.190846e-03 
 2.548696e+01 -3.931748e-03 
 2.548736e+01 -3.033253e-03 
 2.548776e+01 -1.586989e-03 
 2.548815e+01  3.094835e-04 
 2.548855e+01  2.477659e-03 
 2.548895e+01  4.744174e-03 
 2.548935e+01  6.921475e-03 
 2.548974e+01  8.854893e-03 
 2.549014e+01  1.037456e-02 
 2.549054e+01  1.139095e-02 
 2.549094e+01  1.183473e-02 
 2.549134e+01  1.167478e-02 
 2.549173e+01  1.093726e-02 
 2.549213e+01  9.691058e-03 
 2.549253e+01  8.050681e-03 
 2.549293e+01  6.193962e-03 
 2.549332e+01  4.320803e-03 
 2.549372e+01  2.571223e-03 
 2.549412e+01  1.088138e-03 
 2.549452e+01  5.675473e-05 
 2.549491e+01 -4.792992e-04 
 2.549531e+01 -4.975450e-04 
 2.549571e+01  7.299768e-06 
 2.549611e+01  9.544918e-04 
 2.549651e+01  2.244457e-03 
 2.549690e+01  3.779439e-03 
 2.549730e+01  5.367837e-03 
 2.549770e+01  6.867245e-03 
 2.549810e+01  8.096035e-03 
 2.549849e+01  8.932961e-03 
 2.549889e+01  9.277355e-03 
 2.549929e+01  9.105581e-03 
 2.549969e+01  8.420558e-03 
 2.550008e+01  7.246044e-03 
 2.550048e+01  5.683461e-03 
 2.550088e+01  3.874202e-03 
 2.550128e+01  1.910662e-03 
 2.550168e+01 -9.049907e-06 
 2.550207e+01 -1.705686e-03 
 2.550247e+01 -3.022607e-03 
 2.550287e+01 -3.833724e-03 
 2.550327e+01 -4.028072e-03 
 2.550366e+01 -3.577922e-03 
 2.550406e+01 -2.485298e-03 
 2.550446e+01 -8.301902e-04 
 2.550486e+01  1.249940e-03 
 2.550525e+01  3.620663e-03 
 2.550565e+01  6.100111e-03 
 2.550605e+01  8.530705e-03 
 2.550645e+01  1.069769e-02 
 2.550685e+01  1.245607e-02 
 2.550724e+01  1.364251e-02 
 2.550764e+01  1.413776e-02 
 2.550804e+01  1.388735e-02 
 2.550844e+01  1.285942e-02 
 2.550883e+01  1.112063e-02 
 2.550923e+01  8.774357e-03 
 2.550963e+01  5.979396e-03 
 2.551003e+01  2.921149e-03 
 2.551042e+01 -1.714571e-04 
 2.551082e+01 -3.088073e-03 
 2.551122e+01 -5.616766e-03 
 2.551162e+01 -7.572518e-03 
 2.551202e+01 -8.819841e-03 
 2.551241e+01 -9.259937e-03 
 2.551281e+01 -8.883962e-03 
 2.551321e+01 -7.709487e-03 
 2.551361e+01 -5.845557e-03 
 2.551400e+01 -3.472946e-03 
 2.551440e+01 -7.946957e-04 
 2.551480e+01  1.953505e-03 
 2.551520e+01  4.566350e-03 
 2.551559e+01  6.811785e-03 
 2.551599e+01  8.481307e-03 
 2.551639e+01  9.449899e-03 
 2.551679e+01  9.623946e-03 
 2.551719e+01  8.968878e-03 
 2.551758e+01  7.523580e-03 
 2.551798e+01  5.467720e-03 
 2.551838e+01  2.929128e-03 
 2.551878e+01  1.382320e-04 
 2.551917e+01 -2.687836e-03 
 2.551957e+01 -5.333547e-03 
 2.551997e+01 -7.547128e-03 
 2.552037e+01 -9.164620e-03 
 2.552076e+01 -9.987176e-03 
 2.552116e+01 -9.932935e-03 
 2.552156e+01 -8.950123e-03 
 2.552196e+01 -7.115423e-03 
 2.552236e+01 -4.568441e-03 
 2.552275e+01 -1.505920e-03 
 2.552315e+01  1.812784e-03 
 2.552355e+01  5.118346e-03 
 2.552395e+01  8.185687e-03 
 2.552434e+01  1.072084e-02 
 2.552474e+01  1.255288e-02 
 2.552514e+01  1.349360e-02 
 2.552554e+01  1.348518e-02 
 2.552593e+01  1.253006e-02 
 2.552633e+01  1.069904e-02 
 2.552673e+01  8.106005e-03 
 2.552713e+01  4.939968e-03 
 2.552753e+01  1.422976e-03 
 2.552792e+01 -2.154712e-03 
 2.552832e+01 -5.542443e-03 
 2.552872e+01 -8.493714e-03 
 2.552912e+01 -1.075923e-02 
 2.552951e+01 -1.222386e-02 
 2.552991e+01 -1.273520e-02 
 2.553031e+01 -1.229432e-02 
 2.553071e+01 -1.091524e-02 
 2.553110e+01 -8.671310e-03 
 2.553150e+01 -5.707038e-03 
 2.553190e+01 -2.229831e-03 
 2.553230e+01  1.493815e-03 
 2.553270e+01  5.160103e-03 
 2.553309e+01  8.493842e-03 
 2.553349e+01  1.124760e-02 
 2.553389e+01  1.322762e-02 
 2.553429e+01  1.433424e-02 
 2.553468e+01  1.451262e-02 
 2.553508e+01  1.382073e-02 
 2.553548e+01  1.232882e-02 
 2.553588e+01  1.020591e-02 
 2.553627e+01  7.650750e-03 
 2.553667e+01  4.901075e-03 
 2.553707e+01  2.231919e-03 
 2.553747e+01 -9.570095e-05 
 2.553787e+01 -1.885188e-03 
 2.553826e+01 -2.972066e-03 
 2.553866e+01 -3.245872e-03 
 2.553906e+01 -2.678420e-03 
 2.553946e+01 -1.319624e-03 
 2.553985e+01  7.300266e-04 
 2.554025e+01  3.316186e-03 
 2.554065e+01  6.206586e-03 
 2.554105e+01  9.166979e-03 
 2.554144e+01  1.193359e-02 
 2.554184e+01  1.428409e-02 
 2.554224e+01  1.600987e-02 
 2.554264e+01  1.697694e-02 
 2.554304e+01  1.710597e-02 
 2.554343e+01  1.637367e-02 
 2.554383e+01  1.486554e-02 
 2.554423e+01  1.269419e-02 
 2.554463e+01  1.004666e-02 
 2.554502e+01  7.160543e-03 
 2.554542e+01  4.269823e-03 
 2.554582e+01  1.616476e-03 
 2.554622e+01 -5.600133e-04 
 2.554661e+01 -2.077622e-03 
 2.554701e+01 -2.813332e-03 
 2.554741e+01 -2.700087e-03 
 2.554781e+01 -1.700912e-03 
 2.554821e+01  1.129345e-04 
 2.554860e+01  2.621737e-03 
 2.554900e+01  5.627934e-03 
 2.554940e+01  8.920478e-03 
 2.554980e+01  1.225483e-02 
 2.555019e+01  1.540977e-02 
 2.555059e+01  1.815677e-02 
 2.555099e+01  2.031247e-02 
 2.555139e+01  2.175935e-02 
 2.555179e+01  2.242184e-02 
 2.555218e+01  2.230835e-02 
 2.555258e+01  2.145824e-02 
 2.555298e+01  1.996749e-02 
 2.555338e+01  1.796011e-02 
 2.555377e+01  1.560649e-02 
 2.555417e+01  1.310152e-02 
 2.555457e+01  1.066055e-02 
 2.555497e+01  8.491247e-03 
 2.555536e+01  6.786621e-03 
 2.555576e+01  5.673949e-03 
 2.555616e+01  5.232241e-03 
 2.555656e+01  5.474620e-03 
 2.555696e+01  6.353699e-03 
 2.555735e+01  7.747570e-03 
 2.555775e+01  9.511745e-03 
 2.555815e+01  1.144643e-02 
 2.555855e+01  1.336514e-02 
 2.555894e+01  1.508530e-02 
 2.555934e+01  1.646495e-02 
 2.555974e+01  1.733129e-02 
 2.556014e+01  1.761454e-02 
 2.556053e+01  1.726212e-02 
 2.556093e+01  1.628667e-02 
 2.556133e+01  1.474154e-02 
 2.556173e+01  1.271587e-02 
 2.556213e+01  1.035404e-02 
 2.556252e+01  7.847964e-03 
 2.556292e+01  5.398658e-03 
 2.556332e+01  3.222826e-03 
 2.556372e+01  1.538399e-03 
 2.556411e+01  4.691868e-04 
 2.556451e+01  1.219269e-04 
 2.556491e+01  5.265888e-04 
 2.556531e+01  1.672366e-03 
 2.556570e+01  3.502345e-03 
 2.556610e+01  5.868504e-03 
 2.556650e+01  8.615058e-03 
 2.556690e+01  1.153248e-02 
 2.556730e+01  1.440151e-02 
 2.556769e+01  1.699706e-02 
 2.556809e+01  1.908361e-02 
 2.556849e+01  2.052680e-02 
 2.556889e+01  2.120296e-02 
 2.556928e+01  2.108537e-02 
 2.556968e+01  2.017615e-02 
 2.557008e+01  1.856669e-02 
 2.557048e+01  1.632934e-02 
 2.557087e+01  1.363351e-02 
 2.557127e+01  1.068919e-02 
 2.557167e+01  7.729882e-03 
 2.557207e+01  4.983162e-03 
 2.557247e+01  2.642729e-03 
 2.557286e+01  8.682468e-04 
 2.557326e+01 -2.604804e-04 
 2.557366e+01 -6.903642e-04 
 2.557406e+01 -4.297509e-04 
 2.557445e+01  4.383173e-04 
 2.557485e+01  1.827019e-03 
 2.557525e+01  3.566085e-03 
 2.557565e+01  5.503485e-03 
 2.557604e+01  7.440546e-03 
 2.557644e+01  9.177477e-03 
 2.557684e+01  1.057684e-02 
 2.557724e+01  1.150812e-02 
 2.557764e+01  1.190879e-02 
 2.557803e+01  1.174664e-02 
 2.557843e+01  1.101407e-02 
 2.557883e+01  9.810883e-03 
 2.557923e+01  8.231625e-03 
 2.557962e+01  6.427463e-03 
 2.558002e+01  4.588760e-03 
 2.558042e+01  2.895965e-03 
 2.558082e+01  1.500030e-03 
 2.558121e+01  5.638912e-04 
 2.558161e+01  1.522081e-04 
 2.558201e+01  3.103587e-04 
 2.558241e+01  1.063269e-03 
 2.558281e+01  2.363556e-03 
 2.558320e+01  4.141820e-03 
 2.558360e+01  6.266644e-03 
 2.558400e+01  8.542678e-03 
 2.558440e+01  1.079505e-02 
 2.558479e+01  1.282630e-02 
 2.558519e+01  1.444720e-02 
 2.558559e+01  1.552908e-02 
 2.558599e+01  1.596340e-02 
 2.558638e+01  1.569555e-02 
 2.558678e+01  1.473931e-02 
 2.558718e+01  1.317913e-02 
 2.558758e+01  1.113309e-02 
 2.558798e+01  8.724936e-03 
 2.558837e+01  6.136756e-03 
 2.558877e+01  3.529990e-03 
 2.558917e+01  1.080320e-03 
 2.558957e+01 -1.050398e-03 
 2.558996e+01 -2.711090e-03 
 2.559036e+01 -3.779007e-03 
 2.559076e+01 -4.167297e-03 
 2.559116e+01 -3.889972e-03 
 2.559155e+01 -2.984914e-03 
 2.559195e+01 -1.559593e-03 
 2.559235e+01  2.126437e-04 
 2.559275e+01  2.145117e-03 
 2.559315e+01  4.047294e-03 
 2.559354e+01  5.739197e-03 
 2.559394e+01  7.070020e-03 
 2.559434e+01  7.926336e-03 
 2.559474e+01  8.255641e-03 
 2.559513e+01  8.019067e-03 
 2.559553e+01  7.290585e-03 
 2.559593e+01  6.144575e-03 
 2.559633e+01  4.686465e-03 
 2.559672e+01  3.051526e-03 
 2.559712e+01  1.417768e-03 
 2.559752e+01 -8.140404e-05 
 2.559792e+01 -1.261577e-03 
 2.559832e+01 -2.005014e-03 
 2.559871e+01 -2.244856e-03 
 2.559911e+01 -1.891405e-03 
 2.559951e+01 -9.349429e-04 
 2.559991e+01  5.769835e-04 
 2.560030e+01  2.491928e-03 
 2.560070e+01  4.664316e-03 
 2.560110e+01  6.923833e-03 
 2.560150e+01  9.033211e-03 
 2.560189e+01  1.080466e-02 
 2.560229e+01  1.204091e-02 
 2.560269e+01  1.255033e-02 
 2.560309e+01  1.227119e-02 
 2.560349e+01  1.121227e-02 
 2.560388e+01  9.422320e-03 
 2.560428e+01  7.044081e-03 
 2.560468e+01  4.198200e-03 
 2.560508e+01  1.105325e-03 
 2.560547e+01 -2.025726e-03 
 2.560587e+01 -4.974189e-03 
 2.560627e+01 -7.547526e-03 
 2.560667e+01 -9.527316e-03 
 2.560706e+01 -1.076521e-02 
 2.560746e+01 -1.119305e-02 
 2.560786e+01 -1.077897e-02 
 2.560826e+01 -9.562749e-03 
 2.560866e+01 -7.662793e-03 
 2.560905e+01 -5.257827e-03 
 2.560945e+01 -2.501340e-03 
 2.560985e+01  3.642802e-04 
 2.561025e+01  3.128683e-03 
 2.561064e+01  5.604950e-03 
 2.561104e+01  7.587831e-03 
 2.561144e+01  8.902798e-03 
 2.561184e+01  9.446711e-03 
 2.561223e+01  9.163202e-03 
 2.561263e+01  8.059111e-03 
 2.561303e+01  6.249334e-03 
 2.561343e+01  3.853213e-03 
 2.561383e+01  1.050780e-03 
 2.561422e+01 -1.919723e-03 
 2.561462e+01 -4.802809e-03 
 2.561502e+01 -7.369638e-03 
 2.561542e+01 -9.367287e-03 
 2.561581e+01 -1.057529e-02 
 2.561621e+01 -1.090395e-02 
 2.561661e+01 -1.034342e-02 
 2.561701e+01 -8.888955e-03 
 2.561740e+01 -6.691264e-03 
 2.561780e+01 -3.889717e-03 
 2.561820e+01 -7.096143e-04 
 2.561860e+01  2.569473e-03 
 2.561900e+01  5.673826e-03 
 2.561939e+01  8.343899e-03 
 2.561979e+01  1.038990e-02 
 2.562019e+01  1.161121e-02 
 2.562059e+01  1.193120e-02 
 2.562098e+01  1.129269e-02 
 2.562138e+01  9.716772e-03 
 2.562178e+01  7.344225e-03 
 2.562218e+01  4.336223e-03 
 2.562257e+01  9.140691e-04 
 2.562297e+01 -2.622997e-03 
 2.562337e+01 -5.981660e-03 
 2.562377e+01 -8.912700e-03 
 2.562417e+01 -1.116392e-02 
 2.562456e+01 -1.256578e-02 
 2.562496e+01 -1.302591e-02 
 2.562536e+01 -1.248597e-02 
 2.562576e+01 -1.094060e-02 
 2.562615e+01 -8.492075e-03 
 2.562655e+01 -5.307858e-03 
 2.562695e+01 -1.572126e-03 
 2.562735e+01  2.401902e-03 
 2.562774e+01  6.316736e-03 
 2.562814e+01  9.924398e-03 
 2.562854e+01  1.295546e-02 
 2.562894e+01  1.523668e-02 
 2.562934e+01  1.661512e-02 
 2.562973e+01  1.699702e-02 
 2.563013e+01  1.640545e-02 
 2.563053e+01  1.490682e-02 
 2.563093e+01  1.266039e-02 
 2.563132e+01  9.841177e-03 
 2.563172e+01  6.674299e-03 
 2.563212e+01  3.445548e-03 
 2.563252e+01  4.137391e-04 
 2.563291e+01 -2.178360e-03 
 2.563331e+01 -4.068830e-03 
 2.563371e+01 -5.135902e-03 
 2.563411e+01 -5.299983e-03 
 2.563451e+01 -4.538679e-03 
 2.563490e+01 -2.940445e-03 
 2.563530e+01 -6.174487e-04 
 2.563570e+01  2.234551e-03 
 2.563610e+01  5.385721e-03 
 2.563649e+01  8.609057e-03 
 2.563689e+01  1.165393e-02 
 2.563729e+01  1.428038e-02 
 2.563769e+01  1.628947e-02 
 2.563808e+01  1.754716e-02 
 2.563848e+01  1.798998e-02 
 2.563888e+01  1.757922e-02 
 2.563928e+01  1.641248e-02 
 2.563968e+01  1.464336e-02 
 2.564007e+01  1.238048e-02 
 2.564047e+01  9.861742e-03 
 2.564087e+01  7.261499e-03 
 2.564127e+01  4.800853e-03 
 2.564166e+01  2.701908e-03 
 2.564206e+01  1.181420e-03 
 2.564246e+01  3.558150e-04 
 2.564286e+01  3.344334e-04 
 2.564326e+01  1.133914e-03 
 2.564365e+01  2.724067e-03 
 2.564405e+01  4.951930e-03 
 2.564445e+01  7.636296e-03 
 2.564485e+01  1.058031e-02 
 2.564524e+01  1.350563e-02 
 2.564564e+01  1.620021e-02 
 2.564604e+01  1.846029e-02 
 2.564644e+01  2.009296e-02 
 2.564683e+01  2.103499e-02 
 2.564723e+01  2.118861e-02 
 2.564763e+01  2.057494e-02 
 2.564803e+01  1.926745e-02 
 2.564843e+01  1.734496e-02 
 2.564882e+01  1.500478e-02 
 2.564922e+01  1.244473e-02 
 2.564962e+01  9.868438e-03 
 2.565002e+01  7.471419e-03 
 2.565041e+01  5.432742e-03 
 2.565081e+01  3.928253e-03 
 2.565121e+01  3.034702e-03 
 2.565161e+01  2.802682e-03 
 2.565200e+01  3.243154e-03 
 2.565240e+01  4.296680e-03 
 2.565280e+01  5.842988e-03 
 2.565320e+01  7.747177e-03 
 2.565360e+01  9.818444e-03 
 2.565399e+01  1.184811e-02 
 2.565439e+01  1.368722e-02 
 2.565479e+01  1.518297e-02 
 2.565519e+01  1.620764e-02 
 2.565558e+01  1.672610e-02 
 2.565598e+01  1.671016e-02 
 2.565638e+01  1.615106e-02 
 2.565678e+01  1.510648e-02 
 2.565717e+01  1.366947e-02 
 2.565757e+01  1.197109e-02 
 2.565797e+01  1.013457e-02 
 2.565837e+01  8.366090e-03 
 2.565877e+01  6.780998e-03 
 2.565916e+01  5.546991e-03 
 2.565956e+01  4.769773e-03 
 2.565996e+01  4.542103e-03 
 2.566036e+01  4.905082e-03 
 2.566075e+01  5.847497e-03 
 2.566115e+01  7.280941e-03 
 2.566155e+01  9.092441e-03 
 2.566195e+01  1.112734e-02 
 2.566234e+01  1.317494e-02 
 2.566274e+01  1.499954e-02 
 2.566314e+01  1.644010e-02 
 2.566354e+01  1.731531e-02 
 2.566394e+01  1.752357e-02 
 2.566433e+01  1.703642e-02 
 2.566473e+01  1.583489e-02 
 2.566513e+01  1.398320e-02 
 2.566553e+01  1.163415e-02 
 2.566592e+01  8.957207e-03 
 2.566632e+01  6.116791e-03 
 2.566672e+01  3.356613e-03 
 2.566712e+01  9.226153e-04 
 2.566751e+01 -1.000523e-03 
 2.566791e+01 -2.255525e-03 
 2.566831e+01 -2.721539e-03 
 2.566871e+01 -2.393484e-03 
 2.566911e+01 -1.331296e-03 
 2.566950e+01  3.672344e-04 
 2.566990e+01  2.503307e-03 
 2.567030e+01  4.876860e-03 
 2.567070e+01  7.290578e-03 
 2.567109e+01  9.582280e-03 
 2.567149e+01  1.155712e-02 
 2.567189e+01  1.309419e-02 
 2.567229e+01  1.405551e-02 
 2.567268e+01  1.437571e-02 
 2.567308e+01  1.404033e-02 
 2.567348e+01  1.308946e-02 
 2.567388e+01  1.159574e-02 
 2.567428e+01  9.738299e-03 
 2.567467e+01  7.673560e-03 
 2.567507e+01  5.586633e-03 
 2.567547e+01  3.629662e-03 
 2.567587e+01  1.989070e-03 
 2.567626e+01  8.000078e-04 
 2.567666e+01  1.697310e-04 
 2.567706e+01  1.801571e-04 
 2.567746e+01  7.985803e-04 
 2.567785e+01  1.995397e-03 
 2.567825e+01  3.696474e-03 
 2.567865e+01  5.710045e-03 
 2.567905e+01  7.866349e-03 
 2.567945e+01  9.968320e-03 
 2.567984e+01  1.182706e-02 
 2.568024e+01  1.327200e-02 
 2.568064e+01  1.420700e-02 
 2.568104e+01  1.453489e-02 
 2.568143e+01  1.417229e-02 
 2.568183e+01  1.313375e-02 
 2.568223e+01  1.149184e-02 
 2.568263e+01  9.326524e-03 
 2.568302e+01  6.803829e-03 
 2.568342e+01  4.109243e-03 
 2.568382e+01  1.427660e-03 
 2.568422e+01 -1.009353e-03 
 2.568462e+01 -2.997953e-03 
 2.568501e+01 -4.391196e-03 
 2.568541e+01 -5.054654e-03 
 2.568581e+01 -4.966784e-03 
 2.568621e+01 -4.136581e-03 
 2.568660e+01 -2.641258e-03 
 2.568700e+01 -5.961341e-04 
 2.568740e+01  1.874842e-03 
 2.568780e+01  4.584966e-03 
 2.568819e+01  7.343521e-03 
 2.568859e+01  9.920915e-03 
 2.568899e+01  1.213022e-02 
 2.568939e+01  1.382909e-02 
 2.568979e+01  1.483472e-02 
 2.569018e+01  1.506516e-02 
 2.569058e+01  1.453085e-02 
 2.569098e+01  1.328692e-02 
 2.569138e+01  1.143870e-02 
 2.569177e+01  9.167328e-03 
 2.569217e+01  6.650440e-03 
 2.569257e+01  4.078885e-03 
 2.569297e+01  1.697879e-03 
 2.569336e+01 -2.732322e-04 
 2.569376e+01 -1.704079e-03 
 2.569416e+01 -2.463840e-03 
 2.569456e+01 -2.499064e-03 
 2.569496e+01 -1.838508e-03 
 2.569535e+01 -5.398371e-04 
 2.569575e+01  1.250429e-03 
 2.569615e+01  3.332113e-03 
 2.569655e+01  5.507070e-03 
 2.569694e+01  7.573274e-03 
 2.569734e+01  9.294124e-03 
 2.569774e+01  1.048424e-02 
 2.569814e+01  1.105018e-02 
 2.569853e+01  1.087698e-02 
 2.569893e+01  9.979057e-03 
 2.569933e+01  8.417000e-03 
 2.569973e+01  6.291468e-03 
 2.570013e+01  3.752181e-03 
 2.570052e+01  1.009179e-03 
 2.570092e+01 -1.750215e-03 
 2.570132e+01 -4.315107e-03 
 2.570172e+01 -6.481511e-03 
 2.570211e+01 -8.100155e-03 
 2.570251e+01 -9.060433e-03 
 2.570291e+01 -9.233768e-03 
 2.570331e+01 -8.589719e-03 
 2.570370e+01 -7.200631e-03 
 2.570410e+01 -5.132697e-03 
 2.570450e+01 -2.544370e-03 
 2.570490e+01  3.089016e-04 
 2.570530e+01  3.224512e-03 
 2.570569e+01  5.969841e-03 
 2.570609e+01  8.306109e-03 
 2.570649e+01  1.004243e-02 
 2.570689e+01  1.107659e-02 
 2.570728e+01  1.132026e-02 
 2.570768e+01  1.075568e-02 
 2.570808e+01  9.430298e-03 
 2.570848e+01  7.424428e-03 
 2.570887e+01  4.870306e-03 
 2.570927e+01  2.000456e-03 
 2.570967e+01 -9.555620e-04 
 2.571007e+01 -3.788100e-03 
 2.571047e+01 -6.269579e-03 
 2.571086e+01 -8.210708e-03 
 2.571126e+01 -9.434509e-03 
 2.571166e+01 -9.819673e-03 
 2.571206e+01 -9.302711e-03 
 2.571245e+01 -7.921437e-03 
 2.571285e+01 -5.767491e-03 
 2.571325e+01 -3.025868e-03 
 2.571365e+01  3.336675e-05 
 2.571404e+01  3.117607e-03 
 2.571444e+01  5.935326e-03 
 2.571484e+01  8.191202e-03 
 2.571524e+01  9.720158e-03 
 2.571564e+01  1.041217e-02 
 2.571603e+01  1.020929e-02 
 2.571643e+01  9.154477e-03 
 2.571683e+01  7.355167e-03 
 2.571723e+01  4.955759e-03 
 2.571762e+01  2.141480e-03 
 2.571802e+01 -8.812870e-04 
 2.571842e+01 -3.858074e-03 
 2.571882e+01 -6.561139e-03 
 2.571921e+01 -8.753298e-03 
 2.571961e+01 -1.027881e-02 
 2.572001e+01 -1.099731e-02 
 2.572041e+01 -1.081466e-02 
 2.572081e+01 -9.734434e-03 
 2.572120e+01 -7.853260e-03 
 2.572160e+01 -5.292593e-03 
 2.572200e+01 -2.233824e-03 
 2.572240e+01  1.090376e-03 
 2.572279e+01  4.453409e-03 
 2.572319e+01  7.632217e-03 
 2.572359e+01  1.036589e-02 
 2.572399e+01  1.245844e-02 
 2.572438e+01  1.374053e-02 
 2.572478e+01  1.410895e-02 
 2.572518e+01  1.355717e-02 
 2.572558e+01  1.210038e-02 
 2.572598e+01  9.887075e-03 
 2.572637e+01  7.101192e-03 
 2.572677e+01  3.984222e-03 
 2.572717e+01  7.726889e-04 
 2.572757e+01 -2.267921e-03 
 2.572796e+01 -4.878383e-03 
 2.572836e+01 -6.828201e-03 
 2.572876e+01 -7.976641e-03 
 2.572916e+01 -8.198017e-03 
 2.572955e+01 -7.486758e-03 
 2.572995e+01 -5.883479e-03 
 2.573035e+01 -3.526563e-03 
 2.573075e+01 -5.759340e-04 
 2.573115e+01  2.739819e-03 
 2.573154e+01  6.182919e-03 
 2.573194e+01  9.517500e-03 
 2.573234e+01  1.249259e-02 
 2.573274e+01  1.487004e-02 
 2.573313e+01  1.652966e-02 
 2.573353e+01  1.731783e-02 
 2.573393e+01  1.718632e-02 
 2.573433e+01  1.618964e-02 
 2.573473e+01  1.442355e-02 
 2.573512e+01  1.207407e-02 
 2.573552e+01  9.355828e-03 
 2.573592e+01  6.515090e-03 
 2.573632e+01  3.806704e-03 
 2.573671e+01  1.468319e-03 
 2.573711e+01 -2.881971e-04 
 2.573751e+01 -1.313503e-03 
 2.573791e+01 -1.542049e-03 
 2.573830e+01 -9.915483e-04 
 2.573870e+01  2.896602e-04 
 2.573910e+01  2.202960e-03 
 2.573950e+01  4.571955e-03 
 2.573990e+01  7.195156e-03 
 2.574029e+01  9.853757e-03 
 2.574069e+01  1.235445e-02 
 2.574109e+01  1.448682e-02 
 2.574149e+01  1.608309e-02 
 2.574188e+01  1.700436e-02 
 2.574228e+01  1.718950e-02 
 2.574268e+01  1.663443e-02 
 2.574308e+01  1.540399e-02 
 2.574347e+01  1.360613e-02 
 2.574387e+01  1.140963e-02 
 2.574427e+01  9.017273e-03 
 2.574467e+01  6.614033e-03 
 2.574507e+01  4.414076e-03 
 2.574546e+01  2.606197e-03 
 2.574586e+01  1.323379e-03 
 2.574626e+01  6.572843e-04 
 2.574666e+01  6.778614e-04 
 2.574705e+01  1.391728e-03 
 2.574745e+01  2.737248e-03 
 2.574785e+01  4.592087e-03 
 2.574825e+01  6.818746e-03 
 2.574864e+01  9.225536e-03 
 2.574904e+01  1.160699e-02 
 2.574944e+01  1.378014e-02 
 2.574984e+01  1.555936e-02 
 2.575024e+01  1.682266e-02 
 2.575063e+01  1.748651e-02 
 2.575103e+01  1.752049e-02 
 2.575143e+01  1.693062e-02 
 2.575183e+01  1.578948e-02 
 2.575222e+01  1.416339e-02 
 2.575262e+01  1.218496e-02 
 2.575302e+01  9.994701e-03 
 2.575342e+01  7.753865e-03 
 2.575381e+01  5.629853e-03 
 2.575421e+01  3.772594e-03 
 2.575461e+01  2.343649e-03 
 2.575501e+01  1.458837e-03 
 2.575541e+01  1.226904e-03 
 2.575580e+01  1.636071e-03 
 2.575620e+01  2.621138e-03 
 2.575660e+01  4.105699e-03 
 2.575700e+01  5.952348e-03 
 2.575739e+01  7.958766e-03 
 2.575779e+01  9.962729e-03 
 2.575819e+01  1.175576e-02 
 2.575859e+01  1.318563e-02 
 2.575898e+01  1.407088e-02 
 2.575938e+01  1.434783e-02 
 2.575978e+01  1.394941e-02 
 2.576018e+01  1.291099e-02 
 2.576058e+01  1.133782e-02 
 2.576097e+01  9.391490e-03 
 2.576137e+01  7.239030e-03 
 2.576177e+01  5.091624e-03 
 2.576217e+01  3.149017e-03 
 2.576256e+01  1.589172e-03 
 2.576296e+01  6.123462e-04 
 2.576336e+01  3.047315e-04 
 2.576376e+01  7.190240e-04 
 2.576415e+01  1.853816e-03 
 2.576455e+01  3.614750e-03 
 2.576495e+01  5.845933e-03 
 2.576535e+01  8.385108e-03 
 2.576575e+01  1.102862e-02 
 2.576614e+01  1.354843e-02 
 2.576654e+01  1.574190e-02 
 2.576694e+01  1.744092e-02 
 2.576734e+01  1.851210e-02 
 2.576773e+01  1.888406e-02 
 2.576813e+01  1.853309e-02 
 2.576853e+01  1.746762e-02 
 2.576893e+01  1.577621e-02 
 2.576932e+01  1.359282e-02 
 2.576972e+01  1.105442e-02 
 2.577012e+01  8.343158e-03 
 2.577052e+01  5.677548e-03 
 2.577092e+01  3.266273e-03 
 2.577131e+01  1.309136e-03 
 2.577171e+01 -2.992638e-06 
 2.577211e+01 -5.791180e-04 
 2.577251e+01 -3.995346e-04 
 2.577290e+01  5.308518e-04 
 2.577330e+01  2.104939e-03 
 2.577370e+01  4.168076e-03 
 2.577410e+01  6.539431e-03 
 2.577449e+01  9.017566e-03 
 2.577489e+01  1.137673e-02 
 2.577529e+01  1.343868e-02 
 2.577569e+01  1.504637e-02 
 2.577609e+01  1.604559e-02 
 2.577648e+01  1.635042e-02 
 2.577688e+01  1.593633e-02 
 2.577728e+01  1.484111e-02 
 2.577768e+01  1.315748e-02 
 2.577807e+01  1.105133e-02 
 2.577847e+01  8.695658e-03 
 2.577887e+01  6.308187e-03 
 2.577927e+01  4.101469e-03 
 2.577966e+01  2.239203e-03 
 2.578006e+01  9.284003e-04 
 2.578046e+01  2.583659e-04 
 2.578086e+01  3.294067e-04 
 2.578126e+01  1.128034e-03 
 2.578165e+01  2.642291e-03 
 2.578205e+01  4.736135e-03 
 2.578245e+01  7.223468e-03 
 2.578285e+01  9.917620e-03 
 2.578324e+01  1.258536e-02 
 2.578364e+01  1.499856e-02 
 2.578404e+01  1.694759e-02 
 2.578444e+01  1.830185e-02 
 2.578483e+01  1.890925e-02 
 2.578523e+01  1.871119e-02 
 2.578563e+01  1.771711e-02 
 2.578603e+01  1.595193e-02 
 2.578643e+01  1.359718e-02 
 2.578682e+01  1.080739e-02 
 2.578722e+01  7.784067e-03 
 2.578762e+01  4.745984e-03 
 2.578802e+01  1.900115e-03 
 2.578841e+01 -5.486571e-04 
 2.578881e+01 -2.440515e-03 
 2.578921e+01 -3.620094e-03 
 2.578961e+01 -4.019984e-03 
 2.579000e+01 -3.621874e-03 
 2.579040e+01 -2.486493e-03 
 2.579080e+01 -6.963112e-04 
 2.579120e+01  1.581783e-03 
 2.579160e+01  4.140142e-03 
 2.579199e+01  6.755723e-03 
 2.579239e+01  9.171828e-03 
 2.579279e+01  1.120735e-02 
 2.579319e+01  1.267011e-02 
 2.579358e+01  1.342670e-02 
 2.579398e+01  1.339918e-02 
 2.579438e+01  1.256842e-02 
 2.579478e+01  1.098720e-02 
 2.579517e+01  8.789059e-03 
 2.579557e+01  6.170030e-03 
 2.579597e+01  3.329998e-03 
 2.579637e+01  5.027194e-04 
 2.579677e+01 -2.067591e-03 
 2.579716e+01 -4.183811e-03 
 2.579756e+01 -5.667106e-03 
 2.579796e+01 -6.416358e-03 
 2.579836e+01 -6.397226e-03 
 2.579875e+01 -5.628859e-03 
 2.579915e+01 -4.188088e-03 
 2.579955e+01 -2.202561e-03 
 2.579995e+01  1.272424e-04 
 2.580034e+01  2.620364e-03 
 2.580074e+01  5.045083e-03 
 2.580114e+01  7.208555e-03 
 2.580154e+01  8.900821e-03 
 2.580194e+01  9.974804e-03 
 2.580233e+01  1.031264e-02 
 2.580273e+01  9.848226e-03 
 2.580313e+01  8.610240e-03 
 2.580353e+01  6.660821e-03 
 2.580392e+01  4.108338e-03 
 2.580432e+01  1.144098e-03 
 2.580472e+01 -2.045276e-03 
 2.580512e+01 -5.196619e-03 
 2.580551e+01 -8.053842e-03 
 2.580591e+01 -1.042411e-02 
 2.580631e+01 -1.206966e-02 
 2.580671e+01 -1.285949e-02 
 2.580711e+01 -1.270926e-02 
 2.580750e+01 -1.164743e-02 
 2.580790e+01 -9.758696e-03 
 2.580830e+01 -7.210180e-03 
 2.580870e+01 -4.217868e-03 
 2.580909e+01 -9.968444e-04 
 2.580949e+01  2.171665e-03 
 2.580989e+01  5.072446e-03 
 2.581029e+01  7.467239e-03 
 2.581068e+01  9.171334e-03 
 2.581108e+01  1.004848e-02 
 2.581148e+01  1.004668e-02 
 2.581188e+01  9.183419e-03 
 2.581228e+01  7.513796e-03 
 2.581267e+01  5.189968e-03 
 2.581307e+01  2.423681e-03 
 2.581347e+01 -5.424480e-04 
 2.581387e+01 -3.487276e-03 
 2.581426e+01 -6.152053e-03 
 2.581466e+01 -8.352658e-03 
 2.581506e+01 -9.908428e-03 
 2.581546e+01 -1.068214e-02 
 2.581585e+01 -1.063162e-02 
 2.581625e+01 -9.723919e-03 
 2.581665e+01 -8.048831e-03 
 2.581705e+01 -5.736108e-03 
 2.581745e+01 -2.970716e-03 
 2.581784e+01  1.704150e-05 
 2.581824e+01  2.978410e-03 
 2.581864e+01  5.649862e-03 
 2.581904e+01  7.845784e-03 
 2.581943e+01  9.371082e-03 
 2.581983e+01  1.012996e-02 
 2.582023e+01  1.005413e-02 
 2.582063e+01  9.148180e-03 
 2.582102e+01  7.514998e-03 
 2.582142e+01  5.284273e-03 
 2.582182e+01  2.674793e-03 
 2.582222e+01 -1.333924e-04 
 2.582262e+01 -2.854857e-03 
 2.582301e+01 -5.259432e-03 
 2.582341e+01 -7.132586e-03 
 2.582381e+01 -8.290058e-03 
 2.582421e+01 -8.596068e-03 
 2.582460e+01 -8.015030e-03 
 2.582500e+01 -6.558951e-03 
 2.582540e+01 -4.308064e-03 
 2.582580e+01 -1.433024e-03 
 2.582619e+01  1.833865e-03 
 2.582659e+01  5.245385e-03 
 2.582699e+01  8.528455e-03 
 2.582739e+01  1.143403e-02 
 2.582779e+01  1.373961e-02 
 2.582818e+01  1.527026e-02 
 2.582858e+01  1.592782e-02 
 2.582898e+01  1.570270e-02 
 2.582938e+01  1.463514e-02 
 2.582977e+01  1.284063e-02 
 2.583017e+01  1.049216e-02 
 2.583057e+01  7.783074e-03 
 2.583097e+01  4.909631e-03 
 2.583137e+01  2.106832e-03 
 2.583176e+01 -4.149600e-04 
 2.583216e+01 -2.451139e-03 
 2.583256e+01 -3.812337e-03 
 2.583296e+01 -4.406107e-03 
 2.583335e+01 -4.160213e-03 
 2.583375e+01 -3.099882e-03 
 2.583415e+01 -1.323618e-03 
 2.583455e+01  1.021395e-03 
 2.583494e+01  3.732800e-03 
 2.583534e+01  6.600225e-03 
 2.583574e+01  9.388567e-03 
 2.583614e+01  1.185793e-02 
 2.583654e+01  1.384272e-02 
 2.583693e+01  1.518466e-02 
 2.583733e+01  1.578950e-02 
 2.583773e+01  1.565406e-02 
 2.583813e+01  1.481464e-02 
 2.583852e+01  1.336741e-02 
 2.583892e+01  1.149220e-02 
 2.583932e+01  9.337036e-03 
 2.583972e+01  7.108499e-03 
 2.584011e+01  5.003024e-03 
 2.584051e+01  3.208209e-03 
 2.584091e+01  1.914518e-03 
 2.584131e+01  1.261034e-03 
 2.584171e+01  1.336620e-03 
 2.584210e+01  2.152043e-03 
 2.584250e+01  3.623529e-03 
 2.584290e+01  5.633133e-03 
 2.584330e+01  7.991291e-03 
 2.584369e+01  1.048001e-02 
 2.584409e+01  1.288719e-02 
 2.584449e+01  1.501707e-02 
 2.584489e+01  1.671769e-02 
 2.584528e+01  1.786173e-02 
 2.584568e+01  1.832196e-02 
 2.584608e+01  1.805549e-02 
 2.584648e+01  1.708286e-02 
 2.584688e+01  1.544517e-02 
 2.584727e+01  1.328741e-02 
 2.584767e+01  1.078388e-02 
 2.584807e+01  8.129916e-03 
 2.584847e+01  5.504490e-03 
 2.584886e+01  3.141360e-03 
 2.584926e+01  1.205503e-03 
 2.584966e+01 -1.728559e-04 
 2.585006e+01 -9.006772e-04 
 2.585045e+01 -9.363348e-04 
 2.585085e+01 -2.520319e-04 
 2.585125e+01  1.086182e-03 
 2.585165e+01  2.977797e-03 
 2.585205e+01  5.268580e-03 
 2.585244e+01  7.798864e-03 
 2.585284e+01  1.037433e-02 
 2.585324e+01  1.279073e-02 
 2.585364e+01  1.487055e-02 
 2.585403e+01  1.645669e-02 
 2.585443e+01  1.743143e-02 
 2.585483e+01  1.771400e-02 
 2.585523e+01  1.728025e-02 
 2.585562e+01  1.617803e-02 
 2.585602e+01  1.448987e-02 
 2.585642e+01  1.239335e-02 
 2.585682e+01  1.007323e-02 
 2.585722e+01  7.758407e-03 
 2.585761e+01  5.667375e-03 
 2.585801e+01  3.987185e-03 
 2.585841e+01  2.882124e-03 
 2.585881e+01  2.452478e-03 
 2.585920e+01  2.752362e-03 
 2.585960e+01  3.730686e-03 
 2.586000e+01  5.308536e-03 
 2.586040e+01  7.367300e-03 
 2.586079e+01  9.707987e-03 
 2.586119e+01  1.214751e-02 
 2.586159e+01  1.446614e-02 
 2.586199e+01  1.645286e-02 
 2.586239e+01  1.792899e-02 
 2.586278e+01  1.875322e-02 
 2.586318e+01  1.882345e-02 
 2.586358e+01  1.812014e-02 
 2.586398e+01  1.667192e-02 
 2.586437e+01  1.458467e-02 
 2.586477e+01  1.202433e-02 
 2.586517e+01  9.188295e-03 
 2.586557e+01  6.326451e-03 
 2.586596e+01  3.647869e-03 
 2.586636e+01  1.388701e-03 
 2.586676e+01 -2.652322e-04 
 2.586716e+01 -1.180862e-03 
 2.586756e+01 -1.284644e-03 
 2.586795e+01 -5.686753e-04 
 2.586835e+01  9.177910e-04 
 2.586875e+01  3.104181e-03 
 2.586915e+01  5.812909e-03 
 2.586954e+01  8.834986e-03 
 2.586994e+01  1.193686e-02 
 2.587034e+01  1.485800e-02 
 2.587074e+01  1.736723e-02 
 2.587113e+01  1.927674e-02 
 2.587153e+01  2.045837e-02 
 2.587193e+01  2.081392e-02 
 2.587233e+01  2.035198e-02 
 2.587273e+01  1.914483e-02 
 2.587312e+01  1.731722e-02 
 2.587352e+01  1.501965e-02 
 2.587392e+01  1.243656e-02 
 2.587432e+01  9.790507e-03 
 2.587471e+01  7.273162e-03 
 2.587511e+01  5.093762e-03 
 2.587551e+01  3.422884e-03 
 2.587591e+01  2.383091e-03 
 2.587630e+01  2.060879e-03 
 2.587670e+01  2.453129e-03 
 2.587710e+01  3.487887e-03 
 2.587750e+01  5.053910e-03 
 2.587790e+01  7.001031e-03 
 2.587829e+01  9.123527e-03 
 2.587869e+01  1.120659e-02 
 2.587909e+01  1.305566e-02 
 2.587949e+01  1.447323e-02 
 2.587988e+01  1.532373e-02 
 2.588028e+01  1.551348e-02 
 2.588068e+01  1.499924e-02 
 2.588108e+01  1.380194e-02 
 2.588147e+01  1.199171e-02 
 2.588187e+01  9.680525e-03 
 2.588227e+01  7.036861e-03 
 2.588267e+01  4.238866e-03 
 2.588307e+01  1.479889e-03 
 2.588346e+01 -1.034866e-03 
 2.588386e+01 -3.092319e-03 
 2.588426e+01 -4.499677e-03 
 2.588466e+01 -5.120368e-03 
 2.588505e+01 -4.896313e-03 
 2.588545e+01 -3.822938e-03 
 2.588585e+01 -1.990582e-03 
 2.588625e+01  4.471908e-04 
 2.588664e+01  3.301024e-03 
 2.588704e+01  6.304475e-03 
 2.588744e+01  9.206006e-03 
 2.588784e+01  1.177706e-02 
 2.588824e+01  1.378874e-02 
 2.588863e+01  1.509534e-02 
 2.588903e+01  1.557057e-02 
 2.588943e+01  1.516241e-02 
 2.588983e+01  1.387610e-02 
 2.589022e+01  1.184536e-02 
 2.589062e+01  9.232647e-03 
 2.589102e+01  6.234842e-03 
 2.589142e+01  3.086655e-03 
 2.589181e+01  1.727995e-05 
 2.589221e+01 -2.722742e-03 
 2.589261e+01 -4.898373e-03 
 2.589301e+01 -6.344342e-03 
 2.589341e+01 -6.970057e-03 
 2.589380e+01 -6.759491e-03 
 2.589420e+01 -5.774415e-03 
 2.589460e+01 -4.135954e-03 
 2.589500e+01 -2.052138e-03 
 2.589539e+01  2.629491e-04 
 2.589579e+01  2.553953e-03 
 2.589619e+01  4.620194e-03 
 2.589659e+01  6.305500e-03 
 2.589698e+01  7.459543e-03 
 2.589738e+01  7.967659e-03 
 2.589778e+01  7.786446e-03 
 2.589818e+01  6.878992e-03 
 2.589858e+01  5.309751e-03 
 2.589897e+01  3.153993e-03 
 2.589937e+01  5.592957e-04 
 2.589977e+01 -2.279232e-03 
 2.590017e+01 -5.140895e-03 
 2.590056e+01 -7.794657e-03 
 2.590096e+01 -1.003062e-02 
 2.590136e+01 -1.163688e-02 
 2.590176e+01 -1.248854e-02 
 2.590215e+01 -1.248411e-02 
 2.590255e+01 -1.159414e-02 
 2.590295e+01 -9.858027e-03 
 2.590335e+01 -7.378325e-03 
 2.590375e+01 -4.340524e-03 
 2.590414e+01 -9.504568e-04 
 2.590454e+01  2.545654e-03 
 2.590494e+01  5.860348e-03 
 2.590534e+01  8.761159e-03 
 2.590573e+01  1.099605e-02 
 2.590613e+01  1.239009e-02 
 2.590653e+01  1.282529e-02 
 2.590693e+01  1.225653e-02 
 2.590732e+01  1.073736e-02 
 2.590772e+01  8.410312e-03 
 2.590812e+01  5.466354e-03 
 2.590852e+01  2.158754e-03 
 2.590892e+01 -1.257833e-03 
 2.590931e+01 -4.522703e-03 
 2.590971e+01 -7.390224e-03 
 2.591011e+01 -9.646813e-03 
 2.591051e+01 -1.112471e-02 
 2.591090e+01 -1.173126e-02 
 2.591130e+01 -1.140592e-02 
 2.591170e+01 -1.019090e-02 
 2.591210e+01 -8.200539e-03 
 2.591249e+01 -5.576018e-03 
 2.591289e+01 -2.528847e-03 
 2.591329e+01  6.840250e-04 
 2.591369e+01  3.822631e-03 
 2.591409e+01  6.632996e-03 
 2.591448e+01  8.894884e-03 
 2.591488e+01  1.042000e-02 
 2.591528e+01  1.109514e-02 
 2.591568e+01  1.087105e-02 
 2.591607e+01  9.794506e-03 
 2.591647e+01  7.980736e-03 
 2.591687e+01  5.622955e-03 
 2.591727e+01  2.948036e-03 
 2.591766e+01  2.159194e-04 
 2.591806e+01 -2.332054e-03 
 2.591846e+01 -4.464173e-03 
 2.591886e+01 -5.991104e-03 
 2.591926e+01 -6.789685e-03 
 2.591965e+01 -6.785455e-03 
 2.592005e+01 -5.926848e-03 
 2.592045e+01 -4.261235e-03 
 2.592085e+01 -1.895481e-03 
 2.592124e+01  1.007308e-03 
 2.592164e+01  4.212152e-03 
 2.592204e+01  7.473097e-03 
 2.592244e+01  1.053875e-02 
 2.592284e+01  1.315133e-02 
 2.592323e+01  1.510205e-02 
 2.592363e+01  1.627503e-02 
 2.592403e+01  1.659998e-02 
 2.592443e+01  1.606501e-02 
 2.592482e+01  1.472888e-02 
 2.592522e+01  1.268467e-02 
 2.592562e+01  1.010085e-02 
 2.592602e+01  7.181266e-03 
 2.592641e+01  4.157212e-03 
 2.592681e+01  1.284926e-03 
 2.592721e+01 -1.239708e-03 
 2.592761e+01 -3.179175e-03 
 2.592801e+01 -4.391707e-03 
 2.592840e+01 -4.774125e-03 
 2.592880e+01 -4.297086e-03 
 2.592920e+01 -3.024887e-03 
 2.592960e+01 -1.059623e-03 
 2.592999e+01  1.420119e-03 
 2.593039e+01  4.213727e-03 
 2.593079e+01  7.064365e-03 
 2.593119e+01  9.746677e-03 
 2.593158e+01  1.205174e-02 
 2.593198e+01  1.381474e-02 
 2.593238e+01  1.496731e-02 
 2.593278e+01  1.541287e-02 
 2.593318e+01  1.514545e-02 
 2.593357e+01  1.419234e-02 
 2.593397e+01  1.262559e-02 
 2.593437e+01  1.059608e-02 
 2.593477e+01  8.299631e-03 
 2.593516e+01  5.964124e-03 
 2.593556e+01  3.781492e-03 
 2.593596e+01  1.994423e-03 
 2.593636e+01  7.935611e-04 
 2.593675e+01  2.997899e-04 
 2.593715e+01  5.552485e-04 
 2.593755e+01  1.508406e-03 
 2.593795e+01  3.051208e-03 
 2.593835e+01  5.010420e-03 
 2.593874e+01  7.210229e-03 
 2.593914e+01  9.417930e-03 
 2.593954e+01  1.141852e-02 
 2.593994e+01  1.305500e-02 
 2.594033e+01  1.415869e-02 
 2.594073e+01  1.465892e-02 
 2.594113e+01  1.451489e-02 
 2.594153e+01  1.373778e-02 
 2.594192e+01  1.239338e-02 
 2.594232e+01  1.060313e-02 
 2.594272e+01  8.493766e-03 
 2.594312e+01  6.205575e-03 
 2.594352e+01  3.904441e-03 
 2.594391e+01  1.761745e-03 
 2.594431e+01 -4.680465e-05 
 2.594471e+01 -1.361535e-03 
 2.594511e+01 -2.079292e-03 
 2.594550e+01 -2.115570e-03 
 2.594590e+01 -1.433511e-03 
 2.594630e+01 -6.595655e-05 
 2.594670e+01  1.874121e-03 
 2.594709e+01  4.260297e-03 
 2.594749e+01  6.917223e-03 
 2.594789e+01  9.641529e-03 
 2.594829e+01  1.225296e-02 
 2.594869e+01  1.456051e-02 
 2.594908e+01  1.638374e-02 
 2.594948e+01  1.756876e-02 
 2.594988e+01  1.802869e-02 
 2.595028e+01  1.771213e-02 
 2.595067e+01  1.660749e-02 
 2.595107e+01  1.481043e-02 
 2.595147e+01  1.247341e-02 
 2.595187e+01  9.779312e-03 
 2.595226e+01  6.990846e-03 
 2.595266e+01  4.362856e-03 
 2.595306e+01  2.109658e-03 
 2.595346e+01  4.499835e-04 
 2.595386e+01 -4.672424e-04 
 2.595425e+01 -5.954587e-04 
 2.595465e+01  8.536430e-05 
 2.595505e+01  1.503553e-03 
 2.595545e+01  3.542301e-03 
 2.595584e+01  6.026173e-03 
 2.595624e+01  8.729212e-03 
 2.595664e+01  1.143851e-02 
 2.595704e+01  1.389902e-02 
 2.595743e+01  1.588477e-02 
 2.595783e+01  1.720048e-02 
 2.595823e+01  1.773573e-02 
 2.595863e+01  1.744685e-02 
 2.595903e+01  1.635128e-02 
 2.595942e+01  1.453648e-02 
 2.595982e+01  1.214666e-02 
 2.596022e+01  9.442111e-03 
 2.596062e+01  6.630797e-03 
 2.596101e+01  3.981665e-03 
 2.596141e+01  1.714059e-03 
 2.596181e+01  2.733151e-05 
 2.596221e+01 -8.924731e-04 
 2.596260e+01 -9.559542e-04 
 2.596300e+01 -1.247965e-04 
 2.596340e+01  1.535389e-03 
 2.596380e+01  3.921890e-03 
 2.596420e+01  6.873666e-03 
 2.596459e+01  1.016857e-02 
 2.596499e+01  1.357062e-02 
 2.596539e+01  1.679297e-02 
 2.596579e+01  1.958799e-02 
 2.596618e+01  2.177508e-02 
 2.596658e+01  2.320259e-02 
 2.596698e+01  2.375353e-02 
 2.596738e+01  2.338299e-02 
 2.596777e+01  2.212144e-02 
 2.596817e+01  2.005206e-02 
 2.596857e+01  1.733665e-02 
 2.596897e+01  1.417603e-02 
 2.596937e+01  1.079823e-02 
 2.596976e+01  7.434442e-03 
 2.597016e+01  4.332322e-03 
 2.597056e+01  1.702416e-03 
 2.597096e+01 -2.657336e-04 
 2.597135e+01 -1.440302e-03 
 2.597175e+01 -1.764691e-03 
 2.597215e+01 -1.250542e-03 
 2.597255e+01  5.219358e-05 
 2.597294e+01  2.018083e-03 
 2.597334e+01  4.467817e-03 
 2.597374e+01  7.192306e-03 
 2.597414e+01  9.939611e-03 
 2.597454e+01  1.245386e-02 
 2.597493e+01  1.454712e-02 
 2.597533e+01  1.604525e-02 
 2.597573e+01  1.683598e-02 
 2.597613e+01  1.685645e-02 
 2.597652e+01  1.608955e-02 
 2.597692e+01  1.462052e-02 
 2.597732e+01  1.258984e-02 
 2.597772e+01  1.016076e-02 
 2.597811e+01  7.555354e-03 
 2.597851e+01  4.946232e-03 
 2.597891e+01  2.572185e-03 
 2.597931e+01  6.166722e-04 
 2.597971e+01 -7.339374e-04 
 2.598010e+01 -1.307210e-03 
 2.598050e+01 -1.048830e-03 
 2.598090e+01  3.415630e-05 
 2.598130e+01  1.853694e-03 
 2.598169e+01  4.234314e-03 
 2.598209e+01  6.970312e-03 
 2.598249e+01  9.810256e-03 
 2.598289e+01  1.248487e-02 
 2.598328e+01  1.471804e-02 
 2.598368e+01  1.631782e-02 
 2.598408e+01  1.713494e-02 
 2.598448e+01  1.706419e-02 
 2.598488e+01  1.608685e-02 
 2.598527e+01  1.421555e-02 
 2.598567e+01  1.156503e-02 
 2.598607e+01  8.353427e-03 
 2.598647e+01  4.826303e-03 
 2.598686e+01  1.252131e-03 
 2.598726e+01 -2.110239e-03 
 2.598766e+01 -5.021281e-03 
 2.598806e+01 -7.270321e-03 
 2.598845e+01 -8.683223e-03 
 2.598885e+01 -9.203935e-03 
 2.598925e+01 -8.852929e-03 
 2.598965e+01 -7.700488e-03 
 2.599005e+01 -5.861173e-03 
 2.599044e+01 -3.517324e-03 
 2.599084e+01 -8.654646e-04 
 2.599124e+01  1.878996e-03 
 2.599164e+01  4.464569e-03 
 2.599203e+01  6.679704e-03 
 2.599243e+01  8.369508e-03 
 2.599283e+01  9.406685e-03 
 2.599323e+01  9.716331e-03 
 2.599362e+01  9.294959e-03 
 2.599402e+01  8.166705e-03 
 2.599442e+01  6.428373e-03 
 2.599482e+01  4.250120e-03 
 2.599522e+01  1.803582e-03 
 2.599561e+01 -6.998058e-04 
 2.599601e+01 -3.022441e-03 
 2.599641e+01 -4.955367e-03 
 2.599681e+01 -6.318052e-03 
 2.599720e+01 -6.958615e-03 
 2.599760e+01 -6.805233e-03 
 2.599800e+01 -5.850659e-03 
 2.599840e+01 -4.180042e-03 
 2.599879e+01 -1.927595e-03 
 2.599919e+01  6.888666e-04 
 2.599959e+01  3.461992e-03 
 2.599999e+01  6.142686e-03 
 2.600039e+01  8.514495e-03 
 2.600078e+01  1.036438e-02 
 2.600118e+01  1.154220e-02 
 2.600158e+01  1.193406e-02 
 2.600198e+01  1.147128e-02 
 2.600237e+01  1.018173e-02 
 2.600277e+01  8.129375e-03 
 2.600317e+01  5.427522e-03 
 2.600357e+01  2.304860e-03 
 2.600396e+01 -1.000616e-03 
 2.600436e+01 -4.211677e-03 
 2.600476e+01 -7.058473e-03 
 2.600516e+01 -9.319523e-03 
 2.600556e+01 -1.083858e-02 
 2.600595e+01 -1.145617e-02 
 2.600635e+01 -1.112739e-02 
 2.600675e+01 -9.896329e-03 
 2.600715e+01 -7.864282e-03 
 2.600754e+01 -5.214854e-03 
 2.600794e+01 -2.136189e-03 
 2.600834e+01  1.154166e-03 
 2.600874e+01  4.418306e-03 
 2.600913e+01  7.416152e-03 
 2.600953e+01  9.925019e-03 
 2.600993e+01  1.176204e-02 
 2.601033e+01  1.279564e-02 
 2.601073e+01  1.298855e-02 
 2.601112e+01  1.231953e-02 
 2.601152e+01  1.085413e-02 
 2.601192e+01  8.725106e-03 
 2.601232e+01  6.127596e-03 
 2.601271e+01  3.280048e-03 
 2.601311e+01  3.985402e-04 
 2.601351e+01 -2.256371e-03 
 2.601391e+01 -4.492612e-03 
 2.601431e+01 -6.122353e-03 
 2.601470e+01 -6.955666e-03 
 2.601510e+01 -6.942531e-03 
 2.601550e+01 -6.081716e-03 
 2.601590e+01 -4.436856e-03 
 2.601629e+01 -2.163608e-03 
 2.601669e+01  5.590190e-04 
 2.601709e+01  3.500768e-03 
 2.601749e+01  6.416886e-03 
 2.601788e+01  9.050040e-03 
 2.601828e+01  1.118600e-02 
 2.601868e+01  1.265081e-02 
 2.601908e+01  1.332452e-02 
 2.601948e+01  1.314921e-02 
 2.601987e+01  1.214281e-02 
 2.602027e+01  1.037286e-02 
 2.602067e+01  7.993478e-03 
 2.602107e+01  5.208104e-03 
 2.602146e+01  2.249880e-03 
 2.602186e+01 -6.248453e-04 
 2.602226e+01 -3.182015e-03 
 2.602266e+01 -5.218538e-03 
 2.602305e+01 -6.588993e-03 
 2.602345e+01 -7.168599e-03 
 2.602385e+01 -6.930060e-03 
 2.602425e+01 -5.878994e-03 
 2.602465e+01 -4.103006e-03 
 2.602504e+01 -1.724257e-03 
 2.602544e+01  1.050896e-03 
 2.602584e+01  4.035601e-03 
 2.602624e+01  6.987246e-03 
 2.602663e+01  9.643824e-03 
 2.602703e+01  1.180007e-02 
 2.602743e+01  1.327410e-02 
 2.602783e+01  1.394549e-02 
 2.602822e+01  1.379174e-02 
 2.602862e+01  1.284636e-02 
 2.602902e+01  1.117985e-02 
 2.602942e+01  8.945731e-03 
 2.602982e+01  6.363450e-03 
 2.603021e+01  3.630032e-03 
 2.603061e+01  9.735295e-04 
 2.603101e+01 -1.404608e-03 
 2.603141e+01 -3.316106e-03 
 2.603180e+01 -4.596385e-03 
 2.603220e+01 -5.122054e-03 
 2.603260e+01 -4.841822e-03 
 2.603300e+01 -3.809524e-03 
 2.603339e+01 -2.140945e-03 
 2.603379e+01 -5.858499e-06 
 2.603419e+01  2.409511e-03 
 2.603459e+01  4.879443e-03 
 2.603499e+01  7.175810e-03 
 2.603538e+01  9.085035e-03 
 2.603578e+01  1.049439e-02 
 2.603618e+01  1.128557e-02 
 2.603658e+01  1.142023e-02 
 2.603697e+01  1.092032e-02 
 2.603737e+01  9.820259e-03 
 2.603777e+01  8.198982e-03 
 2.603817e+01  6.211158e-03 
 2.603856e+01  4.039802e-03 
 2.603896e+01  1.860747e-03 
 2.603936e+01 -1.530867e-04 
 2.603976e+01 -1.781882e-03 
 2.604016e+01 -2.891956e-03 
 2.604055e+01 -3.338304e-03 
 2.604095e+01 -3.051620e-03 
 2.604135e+01 -2.057374e-03 
 2.604175e+01 -4.150969e-04 
 2.604214e+01  1.752158e-03 
 2.604254e+01  4.300046e-03 
 2.604294e+01  7.014635e-03 
 2.604334e+01  9.682024e-03 
 2.604373e+01  1.209990e-02 
 2.604413e+01  1.405181e-02 
 2.604453e+01  1.540503e-02 
 2.604493e+01  1.605537e-02 
 2.604533e+01  1.592708e-02 
 2.604572e+01  1.503248e-02 
 2.604612e+01  1.343456e-02 
 2.604652e+01  1.128236e-02 
 2.604692e+01  8.755309e-03 
 2.604731e+01  6.069295e-03 
 2.604771e+01  3.455147e-03 
 2.604811e+01  1.158678e-03 
 2.604851e+01 -5.832739e-04 
 2.604890e+01 -1.616411e-03 
 2.604930e+01 -1.831306e-03 
 2.604970e+01 -1.190134e-03 
 2.605010e+01  2.820590e-04 
 2.605050e+01  2.463994e-03 
 2.605089e+01  5.186713e-03 
 2.605129e+01  8.203705e-03 
 2.605169e+01  1.126185e-02 
 2.605209e+01  1.413336e-02 
 2.605248e+01  1.662033e-02 
 2.605288e+01  1.853261e-02 
 2.605328e+01  1.975841e-02 
 2.605368e+01  2.023934e-02 
 2.605407e+01  1.993667e-02 
 2.605447e+01  1.890548e-02 
 2.605487e+01  1.722352e-02 
 2.605527e+01  1.502357e-02 
 2.605567e+01  1.249155e-02 
 2.605606e+01  9.867472e-03 
 2.605646e+01  7.388889e-03 
 2.605686e+01  5.269508e-03 
 2.605726e+01  3.712008e-03 
 2.605765e+01  2.881242e-03 
 2.605805e+01  2.863433e-03 
 2.605845e+01  3.689887e-03 
 2.605885e+01  5.273494e-03 
 2.605924e+01  7.479407e-03 
 2.605964e+01  1.012687e-02 
 2.606004e+01  1.303743e-02 
 2.606044e+01  1.597979e-02 
 2.606084e+01  1.874225e-02 
 2.606123e+01  2.106281e-02 
 2.606163e+01  2.274860e-02 
 2.606203e+01  2.364589e-02 
 2.606243e+01  2.366801e-02 
 2.606282e+01  2.279259e-02 
 2.606322e+01  2.106554e-02 
 2.606362e+01  1.860670e-02 
 2.606402e+01  1.560916e-02 
 2.606441e+01  1.229906e-02 
 2.606481e+01  8.953412e-03 
 2.606521e+01  5.797096e-03 
 2.606561e+01  3.055657e-03 
 2.606601e+01  9.670502e-04 
 2.606640e+01 -3.246525e-04 
 2.606680e+01 -7.100286e-04 
 2.606720e+01 -1.519128e-04 
 2.606760e+01  1.297111e-03 
 2.606799e+01  3.516457e-03 
 2.606839e+01  6.334411e-03 
 2.606879e+01  9.540898e-03 
 2.606919e+01  1.286210e-02 
 2.606958e+01  1.602296e-02 
 2.606998e+01  1.879701e-02 
 2.607038e+01  2.096160e-02 
 2.607078e+01  2.236320e-02 
 2.607118e+01  2.288669e-02 
 2.607157e+01  2.248434e-02 
 2.607197e+01  2.120531e-02 
 2.607237e+01  1.912808e-02 
 2.607277e+01  1.642636e-02 
 2.607316e+01  1.329569e-02 
 2.607356e+01  9.993572e-03 
 2.607396e+01  6.787926e-03 
 2.607436e+01  3.908680e-03 
 2.607475e+01  1.591248e-03 
 2.607515e+01 -7.257159e-06 
 2.607555e+01 -7.929600e-04 
 2.607595e+01 -7.057761e-04 
 2.607635e+01  2.146120e-04 
 2.607674e+01  1.870841e-03 
 2.607714e+01  4.086463e-03 
 2.607754e+01  6.662076e-03 
 2.607794e+01  9.337642e-03 
 2.607833e+01  1.187202e-02 
 2.607873e+01  1.400385e-02 
 2.607913e+01  1.551344e-02 
 2.607953e+01  1.624894e-02 
 2.607992e+01  1.612842e-02 
 2.608032e+01  1.511791e-02 
 2.608072e+01  1.327934e-02 
 2.608112e+01  1.076410e-02 
 2.608152e+01  7.769530e-03 
 2.608191e+01  4.536570e-03 
 2.608231e+01  1.311549e-03 
 2.608271e+01 -1.645219e-03 
 2.608311e+01 -4.123164e-03 
 2.608350e+01 -5.906361e-03 
 2.608390e+01 -6.855300e-03 
 2.608430e+01 -6.923679e-03 
 2.608470e+01 -6.122349e-03 
 2.608509e+01 -4.528445e-03 
 2.608549e+01 -2.311833e-03 
 2.608589e+01  3.421976e-04 
 2.608629e+01  3.211548e-03 
 2.608669e+01  6.057010e-03 
 2.608708e+01  8.621303e-03 
 2.608748e+01  1.071851e-02 
 2.608788e+01  1.217476e-02 
 2.608828e+01  1.291772e-02 
 2.608867e+01  1.287663e-02 
 2.608907e+01  1.207770e-02 
 2.608947e+01  1.057191e-02 
 2.608987e+01  8.457550e-03 
 2.609026e+01  5.908181e-03 
 2.609066e+01  3.081810e-03 
 2.609106e+01  2.303070e-04 
 2.609146e+01 -2.444143e-03 
 2.609186e+01 -4.710442e-03 
 2.609225e+01 -6.382513e-03 
 2.609265e+01 -7.331495e-03 
 2.609305e+01 -7.507915e-03 
 2.609345e+01 -6.949720e-03 
 2.609384e+01 -5.717810e-03 
 2.609424e+01 -3.933967e-03 
 2.609464e+01 -1.791236e-03 
 2.609504e+01  5.299300e-04 
 2.609543e+01  2.825085e-03 
 2.609583e+01  4.885079e-03 
 2.609623e+01  6.552612e-03 
 2.609663e+01  7.655650e-03 
 2.609703e+01  8.092691e-03 
 2.609742e+01  7.829455e-03 
 2.609782e+01  6.878869e-03 
 2.609822e+01  5.333264e-03 
 2.609862e+01  3.349551e-03 
 2.609901e+01  1.093769e-03 
 2.609941e+01 -1.249052e-03 
 2.609981e+01 -3.473967e-03 
 2.610021e+01 -5.394196e-03 
 2.610060e+01 -6.867908e-03 
 2.610100e+01 -7.747334e-03 
 2.610140e+01 -7.923660e-03 
 2.610180e+01 -7.351694e-03 
 2.610220e+01 -6.068268e-03 
 2.610259e+01 -4.156240e-03 
 2.610299e+01 -1.766698e-03 
 2.610339e+01  9.144585e-04 
 2.610379e+01  3.696866e-03 
 2.610418e+01  6.341804e-03 
 2.610458e+01  8.639505e-03 
 2.610498e+01  1.040457e-02 
 2.610538e+01  1.150337e-02 
 2.610578e+01  1.183407e-02 
 2.610617e+01  1.134713e-02 
 2.610657e+01  1.007626e-02 
 2.610697e+01  8.072165e-03 
 2.610737e+01  5.495696e-03 
 2.610776e+01  2.604489e-03 
 2.610816e+01 -3.898559e-04 
 2.610856e+01 -3.199511e-03 
 2.610896e+01 -5.607129e-03 
 2.610935e+01 -7.431855e-03 
 2.610975e+01 -8.501433e-03 
 2.611015e+01 -8.705114e-03 
 2.611055e+01 -8.041358e-03 
 2.611095e+01 -6.619543e-03 
 2.611134e+01 -4.550014e-03 
 2.611174e+01 -2.025212e-03 
 2.611214e+01  7.385525e-04 
 2.611254e+01  3.508319e-03 
 2.611293e+01  6.079261e-03 
 2.611333e+01  8.178447e-03 
 2.611373e+01  9.660931e-03 
 2.611413e+01  1.043243e-02 
 2.611452e+01  1.041942e-02 
 2.611492e+01  9.673786e-03 
 2.611532e+01  8.259706e-03 
 2.611572e+01  6.277338e-03 
 2.611612e+01  3.925050e-03 
 2.611651e+01  1.439244e-03 
 2.611691e+01 -1.008372e-03 
 2.611731e+01 -3.158487e-03 
 2.611771e+01 -4.830561e-03 
 2.611810e+01 -5.898088e-03 
 2.611850e+01 -6.289839e-03 
 2.611890e+01 -5.945925e-03 
 2.611930e+01 -4.885729e-03 
 2.611969e+01 -3.192046e-03 
 2.612009e+01 -1.003758e-03 
 2.612049e+01  1.515741e-03 
 2.612089e+01  4.147964e-03 
 2.612129e+01  6.732061e-03 
 2.612168e+01  9.032188e-03 
 2.612208e+01  1.089177e-02 
 2.612248e+01  1.215036e-02 
 2.612288e+01  1.272637e-02 
 2.612327e+01  1.257552e-02 
 2.612367e+01  1.168433e-02 
 2.612407e+01  1.010912e-02 
 2.612447e+01  7.888332e-03 
 2.612486e+01  5.178298e-03 
 2.612526e+01  2.214098e-03 
 2.612566e+01 -7.887601e-04 
 2.612606e+01 -3.576314e-03 
 2.612646e+01 -5.905893e-03 
 2.612685e+01 -7.611644e-03 
 2.612725e+01 -8.484298e-03 
 2.612765e+01 -8.448664e-03 
 2.612805e+01 -7.511249e-03 
 2.612844e+01 -5.764381e-03 
 2.612884e+01 -3.366782e-03 
 2.612924e+01 -5.128304e-04 
 2.612964e+01  2.564884e-03 
 2.613003e+01  5.641999e-03 
 2.613043e+01  8.503850e-03 
 2.613083e+01  1.089180e-02 
 2.613123e+01  1.263475e-02 
 2.613163e+01  1.361766e-02 
 2.613202e+01  1.375943e-02 
 2.613242e+01  1.310937e-02 
 2.613282e+01  1.172392e-02 
 2.613322e+01  9.702434e-03 
 2.613361e+01  7.269333e-03 
 2.613401e+01  4.628878e-03 
 2.613441e+01  2.001452e-03 
 2.613481e+01 -3.777008e-04 
 2.613520e+01 -2.302244e-03 
 2.613560e+01 -3.590374e-03 
 2.613600e+01 -4.130552e-03 
 2.613640e+01 -3.812090e-03 
 2.613680e+01 -2.653123e-03 
 2.613719e+01 -7.459905e-04 
 2.613759e+01  1.749965e-03 
 2.613799e+01  4.613118e-03 
 2.613839e+01  7.633695e-03 
 2.613878e+01  1.054880e-02 
 2.613918e+01  1.311591e-02 
 2.613958e+01  1.516169e-02 
 2.613998e+01  1.649101e-02 
 2.614037e+01  1.701050e-02 
 2.614077e+01  1.669178e-02 
 2.614117e+01  1.556705e-02 
 2.614157e+01  1.378123e-02 
 2.614197e+01  1.147603e-02 
 2.614236e+01  8.842932e-03 
 2.614276e+01  6.136483e-03 
 2.614316e+01  3.593587e-03 
 2.614356e+01  1.445295e-03 
 2.614395e+01 -1.234627e-04 
 2.614435e+01 -9.779286e-04 
 2.614475e+01 -1.056787e-03 
 2.614515e+01 -3.177926e-04 
 2.614554e+01  1.181821e-03 
 2.614594e+01  3.351535e-03 
 2.614634e+01  6.008420e-03 
 2.614674e+01  8.941454e-03 
 2.614714e+01  1.194935e-02 
 2.614753e+01  1.482928e-02 
 2.614793e+01  1.737387e-02 
 2.614833e+01  1.938407e-02 
 2.614873e+01  2.070228e-02 
 2.614912e+01  2.124141e-02 
 2.614952e+01  2.098167e-02 
 2.614992e+01  1.997426e-02 
 2.615032e+01  1.828275e-02 
 2.615071e+01  1.605009e-02 
 2.615111e+01  1.349671e-02 
 2.615151e+01  1.081724e-02 
 2.615191e+01  8.257900e-03 
 2.615231e+01  6.016015e-03 
 2.615270e+01  4.274598e-03 
 2.615310e+01  3.177498e-03 
 2.615350e+01  2.825862e-03 
 2.615390e+01  3.274334e-03 
 2.615429e+01  4.509463e-03 
 2.615469e+01  6.397529e-03 
 2.615509e+01  8.763524e-03 
 2.615549e+01  1.138165e-02 
 2.615588e+01  1.406156e-02 
 2.615628e+01  1.656333e-02 
 2.615668e+01  1.865946e-02 
 2.615708e+01  2.020587e-02 
 2.615748e+01  2.106626e-02 
 2.615787e+01  2.119152e-02 
 2.615827e+01  2.056272e-02 
 2.615867e+01  1.925005e-02 
 2.615907e+01  1.733118e-02 
 2.615946e+01  1.495516e-02 
 2.615986e+01  1.231386e-02 
 2.616026e+01  9.619815e-03 
 2.616066e+01  7.153135e-03 
 2.616105e+01  5.107915e-03 
 2.616145e+01  3.675131e-03 
 2.616185e+01  3.001892e-03 
 2.616225e+01  3.107860e-03 
 2.616265e+01  3.998188e-03 
 2.616304e+01  5.549683e-03 
 2.616344e+01  7.650398e-03 
 2.616384e+01  1.008706e-02 
 2.616424e+01  1.265953e-02 
 2.616463e+01  1.514453e-02 
 2.616503e+01  1.736199e-02 
 2.616543e+01  1.912471e-02 
 2.616583e+01  2.027990e-02 
 2.616622e+01  2.073227e-02 
 2.616662e+01  2.043561e-02 
 2.616702e+01  1.938600e-02 
 2.616742e+01  1.764021e-02 
 2.616782e+01  1.529902e-02 
 2.616821e+01  1.250191e-02 
 2.616861e+01  9.454229e-03 
 2.616901e+01  6.376946e-03 
 2.616941e+01  3.497181e-03 
 2.616980e+01  1.046493e-03 
 2.617020e+01 -8.121248e-04 
 2.617060e+01 -1.921282e-03 
 2.617100e+01 -2.196467e-03 
 2.617139e+01 -1.633295e-03 
 2.617179e+01 -3.104452e-04 
 2.617219e+01  1.632393e-03 
 2.617259e+01  4.003628e-03 
 2.617299e+01  6.555181e-03 
 2.617338e+01  9.069601e-03 
 2.617378e+01  1.129154e-02 
 2.617418e+01  1.301793e-02 
 2.617458e+01  1.410566e-02 
 2.617497e+01  1.443457e-02 
 2.617537e+01  1.395708e-02 
 2.617577e+01  1.270445e-02 
 2.617617e+01  1.078627e-02 
 2.617656e+01  8.383718e-03 
 2.617696e+01  5.681024e-03 
 2.617736e+01  2.909530e-03 
 2.617776e+01  3.057832e-04 
 2.617816e+01 -1.891964e-03 
 2.617855e+01 -3.487769e-03 
 2.617895e+01 -4.357968e-03 
 2.617935e+01 -4.433352e-03 
 2.617975e+01 -3.736444e-03 
 2.618014e+01 -2.367596e-03 
 2.618054e+01 -4.517856e-04 
 2.618094e+01  1.860216e-03 
 2.618134e+01  4.360036e-03 
 2.618173e+01  6.846362e-03 
 2.618213e+01  9.117261e-03 
 2.618253e+01  1.098139e-02 
 2.618293e+01  1.229576e-02 
 2.618333e+01  1.291109e-02 
 2.618372e+01  1.276581e-02 
 2.618412e+01  1.183850e-02 
 2.618452e+01  1.015638e-02 
 2.618492e+01  7.854890e-03 
 2.618531e+01  5.101737e-03 
 2.618571e+01  2.109684e-03 
 2.618611e+01 -9.089023e-04 
 2.618651e+01 -3.743138e-03 
 2.618690e+01 -6.179377e-03 
 2.618730e+01 -8.031632e-03 
 2.618770e+01 -9.163403e-03 
 2.618810e+01 -9.535260e-03 
 2.618850e+01 -9.110795e-03 
 2.618889e+01 -7.927555e-03 
 2.618929e+01 -6.095086e-03 
 2.618969e+01 -3.722068e-03 
 2.619009e+01 -9.941586e-04 
 2.619048e+01  1.866662e-03 
 2.619088e+01  4.645529e-03 
 2.619128e+01  7.119663e-03 
 2.619168e+01  9.111655e-03 
 2.619207e+01  1.047698e-02 
 2.619247e+01  1.112120e-02 
 2.619287e+01  1.103246e-02 
 2.619327e+01  1.024306e-02 
 2.619367e+01  8.812315e-03 
 2.619406e+01  6.864608e-03 
 2.619446e+01  4.551555e-03 
 2.619486e+01  2.073012e-03 
 2.619526e+01 -3.557062e-04 
 2.619565e+01 -2.508072e-03 
 2.619605e+01 -4.176149e-03 
 2.619645e+01 -5.203512e-03 
 2.619685e+01 -5.453281e-03 
 2.619725e+01 -4.900621e-03 
 2.619764e+01 -3.558708e-03 
 2.619804e+01 -1.564765e-03 
 2.619844e+01  9.062527e-04 
 2.619884e+01  3.661578e-03 
 2.619923e+01  6.429179e-03 
 2.619963e+01  9.016642e-03 
 2.620003e+01  1.118096e-02 
 2.620043e+01  1.269678e-02 
 2.620082e+01  1.340619e-02 
 2.620122e+01  1.322144e-02 
 2.620162e+01  1.216002e-02 
 2.620202e+01  1.026604e-02 
 2.620242e+01  7.712411e-03 
 2.620281e+01  4.694214e-03 
 2.620321e+01  1.465746e-03 
 2.620361e+01 -1.728031e-03 
 2.620401e+01 -4.635276e-03 
 2.620440e+01 -7.041831e-03 
 2.620480e+01 -8.756642e-03 
 2.620520e+01 -9.636430e-03 
 2.620560e+01 -9.556769e-03 
 2.620599e+01 -8.544377e-03 
 2.620639e+01 -6.646921e-03 
 2.620679e+01 -4.081818e-03 
 2.620719e+01 -1.076170e-03 
 2.620759e+01  2.114170e-03 
 2.620798e+01  5.210399e-03 
 2.620838e+01  7.984163e-03 
 2.620878e+01  1.021696e-02 
 2.620918e+01  1.176095e-02 
 2.620957e+01  1.255806e-02 
 2.620997e+01  1.256388e-02 
 2.621037e+01  1.185960e-02 
 2.621077e+01  1.054299e-02 
 2.621116e+01  8.756393e-03 
 2.621156e+01  6.640138e-03 
 2.621196e+01  4.407081e-03 
 2.621236e+01  2.245990e-03 
 2.621276e+01  3.189057e-04 
 2.621315e+01 -1.194155e-03 
 2.621355e+01 -2.208544e-03 
 2.621395e+01 -2.668366e-03 
 2.621435e+01 -2.525578e-03 
 2.621474e+01 -1.801471e-03 
 2.621514e+01 -5.525679e-04 
 2.621554e+01  1.095327e-03 
 2.621594e+01  2.998087e-03 
 2.621633e+01  4.986298e-03 
 2.621673e+01  6.920705e-03 
 2.621713e+01  8.608524e-03 
 2.621753e+01  9.899264e-03 
 2.621793e+01  1.064431e-02 
 2.621832e+01  1.076533e-02 
 2.621872e+01  1.021807e-02 
 2.621912e+01  9.007560e-03 
 2.621952e+01  7.200059e-03 
 2.621991e+01  4.868153e-03 
 2.622031e+01  2.202990e-03 
 2.622071e+01 -5.645902e-04 
 2.622111e+01 -3.215236e-03 
 2.622150e+01 -5.500863e-03 
 2.622190e+01 -7.253350e-03 
 2.622230e+01 -8.292167e-03 
 2.622270e+01 -8.582375e-03 
 2.622310e+01 -8.062695e-03 
 2.622349e+01 -6.734083e-03 
 2.622389e+01 -4.736581e-03 
 2.622429e+01 -2.206187e-03 
 2.622469e+01  6.446604e-04 
 2.622508e+01  3.589671e-03 
 2.622548e+01  6.415182e-03 
 2.622588e+01  8.900488e-03 
 2.622628e+01  1.082810e-02 
 2.622667e+01  1.206841e-02 
 2.622707e+01  1.252733e-02 
 2.622747e+01  1.220336e-02 
 2.622787e+01  1.114929e-02 
 2.622827e+01  9.467335e-03 
 2.622866e+01  7.295583e-03 
 2.622906e+01  4.784980e-03 
 2.622946e+01  2.170445e-03 
 2.622986e+01 -3.080034e-04 
 2.623025e+01 -2.453296e-03 
 2.623065e+01 -4.030654e-03 
 2.623105e+01 -4.910095e-03 
 2.623145e+01 -4.990381e-03 
 2.623184e+01 -4.288901e-03 
 2.623224e+01 -2.880338e-03 
 2.623264e+01 -8.853008e-04 
 2.623304e+01  1.541854e-03 
 2.623344e+01  4.212093e-03 
 2.623383e+01  6.898211e-03 
 2.623423e+01  9.406746e-03 
 2.623463e+01  1.151262e-02 
 2.623503e+01  1.301898e-02 
 2.623542e+01  1.382356e-02 
 2.623582e+01  1.382643e-02 
 2.623622e+01  1.303601e-02 
 2.623662e+01  1.150317e-02 
 2.623701e+01  9.404914e-03 
 2.623741e+01  6.914434e-03 
 2.623781e+01  4.287070e-03 
 2.623821e+01  1.748513e-03 
 2.623861e+01 -4.625297e-04 
 2.623900e+01 -2.118030e-03 
 2.623940e+01 -3.088646e-03 
 2.623980e+01 -3.257381e-03 
 2.624020e+01 -2.605658e-03 
 2.624059e+01 -1.170789e-03 
 2.624099e+01  9.798404e-04 
 2.624139e+01  3.671728e-03 
 2.624179e+01  6.710940e-03 
 2.624218e+01  9.857704e-03 
 2.624258e+01  1.286615e-02 
 2.624298e+01  1.551517e-02 
 2.624338e+01  1.762905e-02 
 2.624378e+01  1.905993e-02 
 2.624417e+01  1.972320e-02 
 2.624457e+01  1.958700e-02 
 2.624497e+01  1.865189e-02 
 2.624537e+01  1.702372e-02 
 2.624576e+01  1.484443e-02 
 2.624616e+01  1.226502e-02 
 2.624656e+01  9.473891e-03 
 2.624696e+01  6.715777e-03 
 2.624735e+01  4.221129e-03 
 2.624775e+01  2.175096e-03 
 2.624815e+01  7.753279e-04 
 2.624855e+01  1.153784e-04 
 2.624895e+01  2.682432e-04 
 2.624934e+01  1.245878e-03 
 2.624974e+01  2.959372e-03 
 2.625014e+01  5.282555e-03 
 2.625054e+01  8.003798e-03 
 2.625093e+01  1.089862e-02 
 2.625133e+01  1.372409e-02 
 2.625173e+01  1.626564e-02 
 2.625213e+01  1.832800e-02 
 2.625252e+01  1.970623e-02 
 2.625292e+01  2.031111e-02 
 2.625332e+01  2.012056e-02 
 2.625372e+01  1.915135e-02 
 2.625412e+01  1.748586e-02 
 2.625451e+01  1.527045e-02 
 2.625491e+01  1.269168e-02 
 2.625531e+01  9.966133e-03 
 2.625571e+01  7.338017e-03 
 2.625610e+01  5.018479e-03 
 2.625650e+01  3.206020e-03 
 2.625690e+01  2.039443e-03 
 2.625730e+01  1.594209e-03 
 2.625769e+01  1.910489e-03 
 2.625809e+01  2.956327e-03 
 2.625849e+01  4.641188e-03 
 2.625889e+01  6.833233e-03 
 2.625929e+01  9.351752e-03 
 2.625968e+01  1.200775e-02 
 2.626008e+01  1.455419e-02 
 2.626048e+01  1.678588e-02 
 2.626088e+01  1.851520e-02 
 2.626127e+01  1.959296e-02 
 2.626167e+01  1.991798e-02 
 2.626207e+01  1.947406e-02 
 2.626247e+01  1.829960e-02 
 2.626286e+01  1.644160e-02 
 2.626326e+01  1.404810e-02 
 2.626366e+01  1.126347e-02 
 2.626406e+01  8.274388e-03 
 2.626446e+01  5.343182e-03 
 2.626485e+01  2.712666e-03 
 2.626525e+01  6.126140e-04 
 2.626565e+01 -7.803901e-04 
 2.626605e+01 -1.341212e-03 
 2.626644e+01 -1.013792e-03 
 2.626684e+01  1.471259e-04 
 2.626724e+01  2.049515e-03 
 2.626764e+01  4.493141e-03 
 2.626803e+01  7.269203e-03 
 2.626843e+01  1.010241e-02 
 2.626883e+01  1.274908e-02 
 2.626923e+01  1.500057e-02 
 2.626963e+01  1.667067e-02 
 2.627002e+01  1.761230e-02 
 2.627042e+01  1.773744e-02 
 2.627082e+01  1.704386e-02 
 2.627122e+01  1.559549e-02 
 2.627161e+01  1.351224e-02 
 2.627201e+01  1.096657e-02 
 2.627241e+01  8.183871e-03 
 2.627281e+01  5.402608e-03 
 2.627320e+01  2.834539e-03 
 2.627360e+01  7.125805e-04 
 2.627400e+01 -8.288433e-04 
 2.627440e+01 -1.687552e-03 
 2.627480e+01 -1.823965e-03 
 2.627519e+01 -1.237710e-03 
 2.627559e+01  7.815141e-06 
 2.627599e+01  1.771540e-03 
 2.627639e+01  3.883218e-03 
 2.627678e+01  6.151290e-03 
 2.627718e+01  8.353456e-03 
 2.627758e+01  1.030689e-02 
 2.627798e+01  1.181053e-02 
 2.627837e+01  1.275665e-02 
 2.627877e+01  1.306581e-02 
 2.627917e+01  1.269176e-02 
 2.627957e+01  1.167096e-02 
 2.627997e+01  1.007336e-02 
 2.628036e+01  7.990594e-03 
 2.628076e+01  5.558956e-03 
 2.628116e+01  2.973983e-03 
 2.628156e+01  4.226275e-04 
 2.628195e+01 -1.876656e-03 
 2.628235e+01 -3.736050e-03 
 2.628275e+01 -4.972062e-03 
 2.628315e+01 -5.476717e-03 
 2.628354e+01 -5.219466e-03 
 2.628394e+01 -4.223220e-03 
 2.628434e+01 -2.558294e-03 
 2.628474e+01 -3.421001e-04 
 2.628514e+01  2.264110e-03 
 2.628553e+01  5.059472e-03 
 2.628593e+01  7.832184e-03 
 2.628633e+01  1.035606e-02 
 2.628673e+01  1.245503e-02 
 2.628712e+01  1.397393e-02 
 2.628752e+01  1.479357e-02 
 2.628792e+01  1.486547e-02 
 2.628832e+01  1.417783e-02 
 2.628872e+01  1.279095e-02 
 2.628911e+01  1.082430e-02 
 2.628951e+01  8.427388e-03 
 2.628991e+01  5.795906e-03 
 2.629031e+01  3.146211e-03 
 2.629070e+01  6.765796e-04 
 2.629110e+01 -1.389948e-03 
 2.629150e+01 -2.863343e-03 
 2.629190e+01 -3.664057e-03 
 2.629229e+01 -3.736157e-03 
 2.629269e+01 -3.089896e-03 
 2.629309e+01 -1.780507e-03 
 2.629349e+01  8.145243e-05 
 2.629389e+01  2.330277e-03 
 2.629428e+01  4.753234e-03 
 2.629468e+01  7.143791e-03 
 2.629508e+01  9.272709e-03 
 2.629548e+01  1.094789e-02 
 2.629587e+01  1.200376e-02 
 2.629627e+01  1.231214e-02 
 2.629667e+01  1.180137e-02 
 2.629707e+01  1.052450e-02 
 2.629746e+01  8.559002e-03 
 2.629786e+01  6.057823e-03 
 2.629826e+01  3.212038e-03 
 2.629866e+01  2.460302e-04 
 2.629906e+01 -2.569758e-03 
 2.629945e+01 -5.024567e-03 
 2.629985e+01 -6.880452e-03 
 2.630025e+01 -7.985427e-03 
 2.630065e+01 -8.217085e-03 
 2.630104e+01 -7.558206e-03 
 2.630144e+01 -6.039295e-03 
 2.630184e+01 -3.817294e-03 
 2.630224e+01 -1.060420e-03 
 2.630263e+01  1.974693e-03 
 2.630303e+01  5.027095e-03 
 2.630343e+01  7.872939e-03 
 2.630383e+01  1.027605e-02 
 2.630423e+01  1.205901e-02 
 2.630462e+01  1.311368e-02 
 2.630502e+01  1.337033e-02 
 2.630542e+01  1.284214e-02 
 2.630582e+01  1.155108e-02 
 2.630621e+01  9.612690e-03 
 2.630661e+01  7.212609e-03 
 2.630701e+01  4.508545e-03 
 2.630741e+01  1.752606e-03 
 2.630780e+01 -8.233269e-04 
 2.630820e+01 -3.055772e-03 
 2.630860e+01 -4.780316e-03 
 2.630900e+01 -5.904890e-03 
 2.630940e+01 -6.374222e-03 
 2.630979e+01 -6.198160e-03 
 2.631019e+01 -5.361887e-03 
 2.631059e+01 -3.990350e-03 
 2.631099e+01 -2.217554e-03 
 2.631138e+01 -2.096446e-04 
 2.631178e+01  1.814519e-03 
 2.631218e+01  3.677051e-03 
 2.631258e+01  5.219020e-03 
 2.631297e+01  6.282540e-03 
 2.631337e+01  6.797407e-03 
 2.631377e+01  6.726912e-03 
 2.631417e+01  6.025902e-03 
 2.631457e+01  4.746557e-03 
 2.631496e+01  2.983870e-03 
 2.631536e+01  8.203713e-04 
 2.631576e+01 -1.546913e-03 
 2.631616e+01 -3.927711e-03 
 2.631655e+01 -6.112690e-03 
 2.631695e+01 -7.888730e-03 
 2.631735e+01 -9.097368e-03 
 2.631775e+01 -9.591106e-03 
 2.631814e+01 -9.328536e-03 
 2.631854e+01 -8.291057e-03 
 2.631894e+01 -6.545985e-03 
 2.631934e+01 -4.247348e-03 
 2.631974e+01 -1.576917e-03 
 2.632013e+01  1.226008e-03 
 2.632053e+01  3.959870e-03 
 2.632093e+01  6.407616e-03 
 2.632133e+01  8.399085e-03 
 2.632172e+01  9.767354e-03 
 2.632212e+01  1.041384e-02 
 2.632252e+01  1.031036e-02 
 2.632292e+01  9.467979e-03 
 2.632331e+01  7.957555e-03 
 2.632371e+01  5.909565e-03 
 2.632411e+01  3.457445e-03 
 2.632451e+01  8.147170e-04 
 2.632491e+01 -1.803290e-03 
 2.632530e+01 -4.187352e-03 
 2.632570e+01 -6.138697e-03 
 2.632610e+01 -7.481785e-03 
 2.632650e+01 -8.081723e-03 
 2.632689e+01 -7.872688e-03 
 2.632729e+01 -6.855624e-03 
 2.632769e+01 -5.125809e-03 
 2.632809e+01 -2.832676e-03 
 2.632848e+01 -1.594034e-04 
 2.632888e+01  2.675928e-03 
 2.632928e+01  5.432475e-03 
 2.632968e+01  7.845253e-03 
 2.633008e+01  9.726748e-03 
 2.633047e+01  1.089979e-02 
 2.633087e+01  1.128051e-02 
 2.633127e+01  1.086043e-02 
 2.633167e+01  9.683441e-03 
 2.633206e+01  7.860655e-03 
 2.633246e+01  5.609319e-03 
 2.633286e+01  3.146940e-03 
 2.633326e+01  7.316125e-04 
 2.633365e+01 -1.378820e-03 
 2.633405e+01 -2.982133e-03 
 2.633445e+01 -3.904617e-03 
 2.633485e+01 -4.044030e-03 
 2.633525e+01 -3.378103e-03 
 2.633564e+01 -1.908142e-03 
 2.633604e+01  2.242369e-04 
 2.633644e+01  2.864176e-03 
 2.633684e+01  5.826855e-03 
 2.633723e+01  8.869112e-03 
 2.633763e+01  1.176763e-02 
 2.633803e+01  1.430812e-02 
 2.633843e+01  1.631561e-02 
 2.633882e+01  1.766541e-02 
 2.633922e+01  1.828847e-02 
 2.633962e+01  1.816277e-02 
 2.634002e+01  1.729661e-02 
 2.634042e+01  1.577734e-02 
 2.634081e+01  1.371890e-02 
 2.634121e+01  1.130986e-02 
 2.634161e+01  8.721650e-03 
 2.634201e+01  6.174372e-03 
 2.634240e+01  3.864823e-03 
 2.634280e+01  1.991504e-03 
 2.634320e+01  6.964943e-04 
 2.634360e+01  8.074847e-05 
 2.634399e+01  1.948542e-04 
 2.634439e+01  1.038670e-03 
 2.634479e+01  2.591268e-03 
 2.634519e+01  4.741196e-03 
 2.634559e+01  7.354450e-03 
 2.634598e+01  1.022506e-02 
 2.634638e+01  1.313747e-02 
 2.634678e+01  1.589488e-02 
 2.634718e+01  1.828296e-02 
 2.634757e+01  2.012330e-02 
 2.634797e+01  2.125996e-02 
 2.634837e+01  2.163015e-02 
 2.634877e+01  2.120485e-02 
 2.634916e+01  2.004395e-02 
 2.634956e+01  1.823599e-02 
 2.634996e+01  1.592416e-02 
 2.635036e+01  1.330001e-02 
 2.635076e+01  1.058370e-02 
 2.635115e+01  8.015506e-03 
 2.635155e+01  5.812247e-03 
 2.635195e+01  4.184029e-03 
 2.635235e+01  3.268154e-03 
 2.635274e+01  3.151962e-03 
 2.635314e+01  3.874169e-03 
 2.635354e+01  5.350885e-03 
 2.635394e+01  7.449593e-03 
 2.635433e+01  9.984718e-03 
 2.635473e+01  1.273667e-02 
 2.635513e+01  1.546764e-02 
 2.635553e+01  1.797263e-02 
 2.635593e+01  2.006426e-02 
 2.635632e+01  2.154977e-02 
 2.635672e+01  2.229910e-02 
 2.635712e+01  2.224211e-02 
 2.635752e+01  2.136875e-02 
 2.635791e+01  1.973923e-02 
 2.635831e+01  1.745880e-02 
 2.635871e+01  1.467636e-02 
 2.635911e+01  1.162107e-02 
 2.635950e+01  8.512671e-03 
 2.635990e+01  5.595269e-03 
 2.636030e+01  3.107304e-03 
 2.636070e+01  1.271750e-03 
 2.636110e+01  1.911482e-04 
 2.636149e+01  2.516314e-06 
 2.636189e+01  7.079555e-04 
 2.636229e+01  2.250947e-03 
 2.636269e+01  4.501631e-03 
 2.636308e+01  7.225788e-03 
 2.636348e+01  1.018386e-02 
 2.636388e+01  1.310538e-02 
 2.636428e+01  1.575422e-02 
 2.636467e+01  1.791266e-02 
 2.636507e+01  1.939336e-02 
 2.636547e+01  2.007214e-02 
 2.636587e+01  1.988956e-02 
 2.636627e+01  1.886323e-02 
 2.636666e+01  1.707755e-02 
 2.636706e+01  1.470371e-02 
 2.636746e+01  1.194193e-02 
 2.636786e+01  9.022213e-03 
 2.636825e+01  6.178377e-03 
 2.636865e+01  3.632498e-03 
 2.636905e+01  1.581502e-03 
 2.636945e+01  1.501425e-04 
 2.636984e+01 -5.735366e-04 
 2.637024e+01 -5.403040e-04 
 2.637064e+01  2.171041e-04 
 2.637104e+01  1.621838e-03 
 2.637144e+01  3.514676e-03 
 2.637183e+01  5.703051e-03 
 2.637223e+01  8.001212e-03 
 2.637263e+01  1.018263e-02 
 2.637303e+01  1.209209e-02 
 2.637342e+01  1.356356e-02 
 2.637382e+01  1.446294e-02 
 2.637422e+01  1.471556e-02 
 2.637462e+01  1.428754e-02 
 2.637501e+01  1.318004e-02 
 2.637541e+01  1.147830e-02 
 2.637581e+01  9.312223e-03 
 2.637621e+01  6.872203e-03 
 2.637661e+01  4.368151e-03 
 2.637700e+01  2.001971e-03 
 2.637740e+01 -5.163254e-05 
 2.637780e+01 -1.617016e-03 
 2.637820e+01 -2.558779e-03 
 2.637859e+01 -2.801161e-03 
 2.637899e+01 -2.340173e-03 
 2.637939e+01 -1.195563e-03 
 2.637979e+01  5.433310e-04 
 2.638019e+01  2.723435e-03 
 2.638058e+01  5.165482e-03 
 2.638098e+01  7.625841e-03 
 2.638138e+01  9.902253e-03 
 2.638178e+01  1.179112e-02 
 2.638217e+01  1.314970e-02 
 2.638257e+01  1.388819e-02 
 2.638297e+01  1.392289e-02 
 2.638337e+01  1.325098e-02 
 2.638376e+01  1.192353e-02 
 2.638416e+01  1.004847e-02 
 2.638456e+01  7.782956e-03 
 2.638496e+01  5.306142e-03 
 2.638536e+01  2.787875e-03 
 2.638575e+01  4.116372e-04 
 2.638615e+01 -1.627806e-03 
 2.638655e+01 -3.186065e-03 
 2.638695e+01 -4.115137e-03 
 2.638734e+01 -4.370698e-03 
 2.638774e+01 -3.935400e-03 
 2.638814e+01 -2.842844e-03 
 2.638854e+01 -1.180340e-03 
 2.638893e+01  9.021335e-04 
 2.638933e+01  3.231145e-03 
 2.638973e+01  5.576749e-03 
 2.639013e+01  7.727646e-03 
 2.639053e+01  9.518689e-03 
 2.639092e+01  1.079177e-02 
 2.639132e+01  1.143538e-02 
 2.639172e+01  1.137518e-02 
 2.639212e+01  1.058469e-02 
 2.639251e+01  9.134402e-03 
 2.639291e+01  7.108862e-03 
 2.639331e+01  4.672098e-03 
 2.639371e+01  2.014969e-03 
 2.639410e+01 -6.726087e-04 
 2.639450e+01 -3.159601e-03 
 2.639490e+01 -5.205261e-03 
 2.639530e+01 -6.638907e-03 
 2.639570e+01 -7.314001e-03 
 2.639609e+01 -7.147571e-03 
 2.639649e+01 -6.151354e-03 
 2.639689e+01 -4.389252e-03 
 2.639729e+01 -2.021027e-03 
 2.639768e+01  7.112510e-04 
 2.639808e+01  3.536112e-03 
 2.639848e+01  6.228960e-03 
 2.639888e+01  8.515933e-03 
 2.639927e+01  1.022619e-02 
 2.639967e+01  1.117206e-02 
 2.640007e+01  1.134971e-02 
 2.640047e+01  1.070319e-02 
 2.640087e+01  9.286241e-03 
 2.640126e+01  7.256835e-03 
 2.640166e+01  4.745491e-03 
 2.640206e+01  1.969588e-03 
 2.640246e+01 -8.222634e-04 
 2.640285e+01 -3.472004e-03 
 2.640325e+01 -5.746106e-03 
 2.640365e+01 -7.486271e-03 
 2.640405e+01 -8.585535e-03 
 2.640444e+01 -8.958540e-03 
 2.640484e+01 -8.575471e-03 
 2.640524e+01 -7.520500e-03 
 2.640564e+01 -5.901289e-03 
 2.640604e+01 -3.845159e-03 
 2.640643e+01 -1.530421e-03 
 2.640683e+01  8.676766e-04 
 2.640723e+01  3.187220e-03 
 2.640763e+01  5.265428e-03 
 2.640802e+01  6.917991e-03 
 2.640842e+01  8.055214e-03 
 2.640882e+01  8.532719e-03 
 2.640922e+01  8.311964e-03 
 2.640961e+01  7.414661e-03 
 2.641001e+01  5.905684e-03 
 2.641041e+01  3.862422e-03 
 2.641081e+01  1.462923e-03 
 2.641121e+01 -1.069290e-03 
 2.641160e+01 -3.564821e-03 
 2.641200e+01 -5.783539e-03 
 2.641240e+01 -7.537610e-03 
 2.641280e+01 -8.687478e-03 
 2.641319e+01 -9.136022e-03 
 2.641359e+01 -8.850774e-03 
 2.641399e+01 -7.858305e-03 
 2.641439e+01 -6.255105e-03 
 2.641478e+01 -4.153295e-03 
 2.641518e+01 -1.738716e-03 
 2.641558e+01  7.756830e-04 
 2.641598e+01  3.240546e-03 
 2.641638e+01  5.435678e-03 
 2.641677e+01  7.151108e-03 
 2.641717e+01  8.270881e-03 
 2.641757e+01  8.653844e-03 
 2.641797e+01  8.260730e-03 
 2.641836e+01  7.123117e-03 
 2.641876e+01  5.348750e-03 
 2.641916e+01  3.092033e-03 
 2.641956e+01  5.317654e-04 
 2.641995e+01 -2.117497e-03 
 2.642035e+01 -4.637434e-03 
 2.642075e+01 -6.775583e-03 
 2.642115e+01 -8.345888e-03 
 2.642155e+01 -9.211079e-03 
 2.642194e+01 -9.258667e-03 
 2.642234e+01 -8.413276e-03 
 2.642274e+01 -6.775582e-03 
 2.642314e+01 -4.481791e-03 
 2.642353e+01 -1.669009e-03 
 2.642393e+01  1.424727e-03 
 2.642433e+01  4.581222e-03 
 2.642473e+01  7.574501e-03 
 2.642512e+01  1.018212e-02 
 2.642552e+01  1.219120e-02 
 2.642592e+01  1.346485e-02 
 2.642632e+01  1.391653e-02 
 2.642672e+01  1.353803e-02 
 2.642711e+01  1.244641e-02 
 2.642751e+01  1.078024e-02 
 2.642791e+01  8.738386e-03 
 2.642831e+01  6.564692e-03 
 2.642870e+01  4.470774e-03 
 2.642910e+01  2.644205e-03 
 2.642950e+01  1.253304e-03 
 2.642990e+01  4.399968e-04 
 2.643029e+01  2.905551e-04 
 2.643069e+01  8.284605e-04 
 2.643109e+01  2.036697e-03 
 2.643149e+01  3.780096e-03 
 2.643189e+01  5.945768e-03 
 2.643228e+01  8.283807e-03 
 2.643268e+01  1.059511e-02 
 2.643308e+01  1.266890e-02 
 2.643348e+01  1.435022e-02 
 2.643387e+01  1.550377e-02 
 2.643427e+01  1.604329e-02 
 2.643467e+01  1.596845e-02 
 2.643507e+01  1.528492e-02 
 2.643546e+01  1.403704e-02 
 2.643586e+01  1.234317e-02 
 2.643626e+01  1.032267e-02 
 2.643666e+01  8.131802e-03 
 2.643706e+01  5.918593e-03 
 2.643745e+01  3.855981e-03 
 2.643785e+01  2.079601e-03 
 2.643825e+01  7.453989e-04 
 2.643865e+01 -2.192136e-05 
 2.643904e+01 -1.759448e-04 
 2.643944e+01  3.543951e-04 
 2.643984e+01  1.577730e-03 
 2.644024e+01  3.412927e-03 
 2.644063e+01  5.778889e-03 
 2.644103e+01  8.512939e-03 
 2.644143e+01  1.140618e-02 
 2.644183e+01  1.420043e-02 
 2.644223e+01  1.672210e-02 
 2.644262e+01  1.880380e-02 
 2.644302e+01  2.028310e-02 
 2.644342e+01  2.104671e-02 
 2.644382e+01  2.103231e-02 
 2.644421e+01  2.025370e-02 
 2.644461e+01  1.878570e-02 
 2.644501e+01  1.673932e-02 
 2.644541e+01  1.425640e-02 
 2.644580e+01  1.159808e-02 
 2.644620e+01  8.980379e-03 
 2.644660e+01  6.616758e-03 
 2.644700e+01  4.749309e-03 
 2.644740e+01  3.538030e-03 
 2.644779e+01  3.072794e-03 
 2.644819e+01  3.392696e-03 
 2.644859e+01  4.466321e-03 
 2.644899e+01  6.174942e-03 
 2.644938e+01  8.346927e-03 
 2.644978e+01  1.077561e-02 
 2.645018e+01  1.323088e-02 
 2.645058e+01  1.549904e-02 
 2.645097e+01  1.738585e-02 
 2.645137e+01  1.869414e-02 
 2.645177e+01  1.930846e-02 
 2.645217e+01  1.916956e-02 
 2.645257e+01  1.829262e-02 
 2.645296e+01  1.670667e-02 
 2.645336e+01  1.453255e-02 
 2.645376e+01  1.192972e-02 
 2.645416e+01  9.044566e-03 
 2.645455e+01  6.108809e-03 
 2.645495e+01  3.365465e-03 
 2.645535e+01  1.039025e-03 
 2.645575e+01 -6.658282e-04 
 2.645614e+01 -1.577904e-03 
 2.645654e+01 -1.617644e-03 
 2.645694e+01 -7.662553e-04 
 2.645734e+01  8.947745e-04 
 2.645774e+01  3.217360e-03 
 2.645813e+01  5.995184e-03 
 2.645853e+01  9.045229e-03 
 2.645893e+01  1.210738e-02 
 2.645933e+01  1.493158e-02 
 2.645972e+01  1.731749e-02 
 2.646012e+01  1.903922e-02 
 2.646052e+01  1.993795e-02 
 2.646092e+01  1.993785e-02 
 2.646131e+01  1.901749e-02 
 2.646171e+01  1.725387e-02 
 2.646211e+01  1.480456e-02 
 2.646251e+01  1.186140e-02 
 2.646291e+01  8.654793e-03 
 2.646330e+01  5.423451e-03 
 2.646370e+01  2.431513e-03 
 2.646410e+01 -1.365341e-04 
 2.646450e+01 -2.083743e-03 
 2.646489e+01 -3.264361e-03 
 2.646529e+01 -3.683664e-03 
 2.646569e+01 -3.298860e-03 
 2.646609e+01 -2.168318e-03 
 2.646648e+01 -4.315281e-04 
 2.646688e+01  1.767049e-03 
 2.646728e+01  4.206964e-03 
 2.646768e+01  6.695652e-03 
 2.646808e+01  9.051503e-03 
 2.646847e+01  1.109743e-02 
 2.646887e+01  1.266647e-02 
 2.646927e+01  1.363616e-02 
 2.646967e+01  1.394867e-02 
 2.647006e+01  1.355553e-02 
 2.647046e+01  1.250079e-02 
 2.647086e+01  1.088593e-02 
 2.647126e+01  8.866741e-03 
 2.647165e+01  6.585665e-03 
 2.647205e+01  4.258776e-03 
 2.647245e+01  2.079319e-03 
 2.647285e+01  2.281982e-04 
 2.647325e+01 -1.099712e-03 
 2.647364e+01 -1.758102e-03 
 2.647404e+01 -1.697737e-03 
 2.647444e+01 -8.885535e-04 
 2.647484e+01  6.017590e-04 
 2.647523e+01  2.621722e-03 
 2.647563e+01  5.033090e-03 
 2.647603e+01  7.637136e-03 
 2.647643e+01  1.021616e-02 
 2.647683e+01  1.254579e-02 
 2.647722e+01  1.445646e-02 
 2.647762e+01  1.576777e-02 
 2.647802e+01  1.634332e-02 
 2.647842e+01  1.616582e-02 
 2.647881e+01  1.522795e-02 
 2.647921e+01  1.359424e-02 
 2.647961e+01  1.142472e-02 
 2.648001e+01  8.858585e-03 
 2.648040e+01  6.096601e-03 
 2.648080e+01  3.356817e-03 
 2.648120e+01  8.161157e-04 
 2.648160e+01 -1.315485e-03 
 2.648200e+01 -2.883467e-03 
 2.648239e+01 -3.750966e-03 
 2.648279e+01 -3.863710e-03 
 2.648319e+01 -3.222132e-03 
 2.648359e+01 -1.860441e-03 
 2.648398e+01  7.017519e-05 
 2.648438e+01  2.415891e-03 
 2.648478e+01  5.002468e-03 
 2.648518e+01  7.595045e-03 
 2.648557e+01  9.973647e-03 
 2.648597e+01  1.196200e-02 
 2.648637e+01  1.338108e-02 
 2.648677e+01  1.412714e-02 
 2.648717e+01  1.414815e-02 
 2.648756e+01  1.342942e-02 
 2.648796e+01  1.205107e-02 
 2.648836e+01  1.012779e-02 
 2.648876e+01  7.799239e-03 
 2.648915e+01  5.239233e-03 
 2.648955e+01  2.654095e-03 
 2.648995e+01  2.886436e-04 
 2.649035e+01 -1.674945e-03 
 2.649074e+01 -3.035456e-03 
 2.649114e+01 -3.691213e-03 
 2.649154e+01 -3.583311e-03 
 2.649194e+01 -2.741369e-03 
 2.649234e+01 -1.283258e-03 
 2.649273e+01  6.134808e-04 
 2.649313e+01  2.732500e-03 
 2.649353e+01  4.855688e-03 
 2.649393e+01  6.778817e-03 
 2.649432e+01  8.296474e-03 
 2.649472e+01  9.317238e-03 
 2.649512e+01  9.695456e-03 
 2.649552e+01  9.378716e-03 
 2.649591e+01  8.418114e-03 
 2.649631e+01  6.850762e-03 
 2.649671e+01  4.824917e-03 
 2.649711e+01  2.512971e-03 
 2.649751e+01  1.023382e-04 
 2.649790e+01 -2.217359e-03 
 2.649830e+01 -4.243687e-03 
 2.649870e+01 -5.837137e-03 
 2.649910e+01 -6.912990e-03 
 2.649949e+01 -7.355683e-03 
 2.649989e+01 -7.130899e-03 
 2.650029e+01 -6.249757e-03 
 2.650069e+01 -4.746897e-03 
 2.650108e+01 -2.720466e-03 
 2.650148e+01 -3.360465e-04 
 2.650188e+01  2.236960e-03 
 2.650228e+01  4.822555e-03 
 2.650268e+01  7.216645e-03 
 2.650307e+01  9.249621e-03 
 2.650347e+01  1.078144e-02 
 2.650387e+01  1.171286e-02 
 2.650427e+01  1.199243e-02 
 2.650466e+01  1.160541e-02 
 2.650506e+01  1.054946e-02 
 2.650546e+01  8.885623e-03 
 2.650586e+01  6.719035e-03 
 2.650625e+01  4.191485e-03 
 2.650665e+01  1.481461e-03 
 2.650705e+01 -1.193749e-03 
 2.650745e+01 -3.610028e-03 
 2.650785e+01 -5.600706e-03 
 2.650824e+01 -6.999817e-03 
 2.650864e+01 -7.705034e-03 
 2.650904e+01 -7.710524e-03 
 2.650944e+01 -7.032944e-03 
 2.650983e+01 -5.751066e-03 
 2.651023e+01 -4.014752e-03 
 2.651063e+01 -1.968014e-03 
 2.651103e+01  1.618152e-04 
 2.651142e+01  2.170091e-03 
 2.651182e+01  3.865143e-03 
 2.651222e+01  5.094764e-03 
 2.651262e+01  5.721288e-03 
 2.651302e+01  5.697538e-03 
 2.651341e+01  5.030811e-03 
 2.651381e+01  3.809254e-03 
 2.651421e+01  2.105268e-03 
 2.651461e+01  8.775528e-05 
 2.651500e+01 -2.056669e-03 
 2.651540e+01 -4.131139e-03 
 2.651580e+01 -5.927314e-03 
 2.651620e+01 -7.242772e-03 
 2.651659e+01 -7.959522e-03 
 2.651699e+01 -7.933411e-03 
 2.651739e+01 -7.146479e-03 
 2.651779e+01 -5.617880e-03 
 2.651819e+01 -3.409767e-03 
 2.651858e+01 -6.733755e-04 
 2.651898e+01  2.400864e-03 
 2.651938e+01  5.598745e-03 
 2.651978e+01  8.688379e-03 
 2.652017e+01  1.141654e-02 
 2.652057e+01  1.357250e-02 
 2.652097e+01  1.499241e-02 
 2.652137e+01  1.556391e-02 
 2.652176e+01  1.525318e-02 
 2.652216e+01  1.413051e-02 
 2.652256e+01  1.230146e-02 
 2.652296e+01  9.951025e-03 
 2.652336e+01  7.287419e-03 
 2.652375e+01  4.518245e-03 
 2.652415e+01  1.859440e-03 
 2.652455e+01 -4.602301e-04 
 2.652495e+01 -2.242431e-03 
 2.652534e+01 -3.351977e-03 
 2.652574e+01 -3.699063e-03 
 2.652614e+01 -3.279308e-03 
 2.652654e+01 -2.174680e-03 
 2.652693e+01 -5.326035e-04 
 2.652733e+01  1.486131e-03 
 2.652773e+01  3.680112e-03 
 2.652813e+01  5.856521e-03 
 2.652853e+01  7.845147e-03 
 2.652892e+01  9.473623e-03 
 2.652932e+01  1.062154e-02 
 2.652972e+01  1.122295e-02 
 2.653012e+01  1.123279e-02 
 2.653051e+01  1.066739e-02 
 2.653091e+01  9.618774e-03 
 2.653131e+01  8.188360e-03 
 2.653171e+01  6.521192e-03 
 2.653210e+01  4.783716e-03 
 2.653250e+01  3.148679e-03 
 2.653290e+01  1.730942e-03 
 2.653330e+01  6.822259e-04 
 2.653370e+01  1.126819e-04 
 2.653409e+01  7.983878e-05 
 2.653449e+01  6.398132e-04 
 2.653489e+01  1.776327e-03 
 2.653529e+01  3.452618e-03 
 2.653568e+01  5.593834e-03 
 2.653608e+01  8.089694e-03 
 2.653648e+01  1.075923e-02 
 2.653688e+01  1.337931e-02 
 2.653727e+01  1.577767e-02 
 2.653767e+01  1.773065e-02 
 2.653807e+01  1.907023e-02 
 2.653847e+01  1.967981e-02 
 2.653887e+01  1.948708e-02 
 2.653926e+01  1.847170e-02 
 2.653966e+01  1.670713e-02 
 2.654006e+01  1.427857e-02 
 2.654046e+01  1.135406e-02 
 2.654085e+01  8.155085e-03 
 2.654125e+01  4.890341e-03 
 2.654165e+01  1.825660e-03 
 2.654205e+01 -7.926500e-04 
 2.654244e+01 -2.761738e-03 
 2.654284e+01 -3.918554e-03 
 2.654324e+01 -4.180567e-03 
 2.654364e+01 -3.529320e-03 
 2.654404e+01 -2.055059e-03 
 2.654443e+01  9.690141e-05 
 2.654483e+01  2.735297e-03 
 2.654523e+01  5.617913e-03 
 2.654563e+01  8.515714e-03 
 2.654602e+01  1.121437e-02 
 2.654642e+01  1.349626e-02 
 2.654682e+01  1.520388e-02 
 2.654722e+01  1.621071e-02 
 2.654761e+01  1.642518e-02 
 2.654801e+01  1.584692e-02 
 2.654841e+01  1.453221e-02 
 2.654881e+01  1.263192e-02 
 2.654921e+01  1.028550e-02 
 2.654960e+01  7.709274e-03 
 2.655000e+01  5.132024e-03 
 2.655040e+01  2.771428e-03 
 2.655080e+01  8.518703e-04 
 2.655119e+01 -4.132755e-04 
 2.655159e+01 -9.148550e-04 
 2.655199e+01 -5.473357e-04 
 2.655239e+01  6.524909e-04 
 2.655278e+01  2.625304e-03 
 2.655318e+01  5.207784e-03 
 2.655358e+01  8.183234e-03 
 2.655398e+01  1.130045e-02 
 2.655438e+01  1.428578e-02 
 2.655477e+01  1.687205e-02 
 2.655517e+01  1.882890e-02 
 2.655557e+01  1.999401e-02 
 2.655597e+01  2.029671e-02 
 2.655636e+01  1.969466e-02 
 2.655676e+01  1.822694e-02 
 2.655716e+01  1.599459e-02 
 2.655756e+01  1.317679e-02 
 2.655795e+01  9.948881e-03 
 2.655835e+01  6.583104e-03 
 2.655875e+01  3.302673e-03 
 2.655915e+01  3.654357e-04 
 2.655955e+01 -1.977168e-03 
 2.655994e+01 -3.580534e-03 
 2.656034e+01 -4.344413e-03 
 2.656074e+01 -4.198073e-03 
 2.656114e+01 -3.191725e-03 
 2.656153e+01 -1.425187e-03 
 2.656193e+01  9.542446e-04 
 2.656233e+01  3.790355e-03 
 2.656273e+01  6.875704e-03 
 2.656312e+01  9.979510e-03 
 2.656352e+01  1.291065e-02 
 2.656392e+01  1.548576e-02 
 2.656432e+01  1.753708e-02 
 2.656472e+01  1.894104e-02 
 2.656511e+01  1.962412e-02 
 2.656551e+01  1.952308e-02 
 2.656591e+01  1.867250e-02 
 2.656631e+01  1.717126e-02 
 2.656670e+01  1.513351e-02 
 2.656710e+01  1.275049e-02 
 2.656750e+01  1.021429e-02 
 2.656790e+01  7.729701e-03 
 2.656830e+01  5.515536e-03 
 2.656869e+01  3.754030e-03 
 2.656909e+01  2.592519e-03 
 2.656949e+01  2.115803e-03 
 2.656989e+01  2.352537e-03 
 2.657028e+01  3.278728e-03 
 2.657068e+01  4.826157e-03 
 2.657108e+01  6.858278e-03 
 2.657148e+01  9.180142e-03 
 2.657187e+01  1.154876e-02 
 2.657227e+01  1.376550e-02 
 2.657267e+01  1.558766e-02 
 2.657307e+01  1.682789e-02 
 2.657347e+01  1.740305e-02 
 2.657386e+01  1.725334e-02 
 2.657426e+01  1.636854e-02 
 2.657466e+01  1.485431e-02 
 2.657506e+01  1.282735e-02 
 2.657545e+01  1.042703e-02 
 2.657585e+01  7.849904e-03 
 2.657625e+01  5.316614e-03 
 2.657665e+01  3.025042e-03 
 2.657704e+01  1.191563e-03 
 2.657744e+01 -5.579163e-06 
 2.657784e+01 -4.830624e-04 
 2.657824e+01 -1.845355e-04 
 2.657864e+01  8.467993e-04 
 2.657903e+01  2.495581e-03 
 2.657943e+01  4.635654e-03 
 2.657983e+01  7.130731e-03 
 2.658023e+01  9.765868e-03 
 2.658062e+01  1.233697e-02 
 2.658102e+01  1.464092e-02 
 2.658142e+01  1.648892e-02 
 2.658182e+01  1.774628e-02 
 2.658221e+01  1.829795e-02 
 2.658261e+01  1.809066e-02 
 2.658301e+01  1.714144e-02 
 2.658341e+01  1.550963e-02 
 2.658381e+01  1.331828e-02 
 2.658420e+01  1.075590e-02 
 2.658460e+01  8.025840e-03 
 2.658500e+01  5.317525e-03 
 2.658540e+01  2.822349e-03 
 2.658579e+01  7.300063e-04 
 2.658619e+01 -7.977532e-04 
 2.658659e+01 -1.678858e-03 
 2.658699e+01 -1.882793e-03 
 2.658738e+01 -1.422866e-03 
 2.658778e+01 -4.183718e-04 
 2.658818e+01  9.666451e-04 
 2.658858e+01  2.594869e-03 
 2.658898e+01  4.212004e-03 
 2.658937e+01  5.640629e-03 
 2.658977e+01  6.741813e-03 
 2.659017e+01  7.398282e-03 
 2.659057e+01  7.544008e-03 
 2.659096e+01  7.181892e-03 
 2.659136e+01  6.306596e-03 
 2.659176e+01  4.989092e-03 
 2.659216e+01  3.332973e-03 
 2.659255e+01  1.486496e-03 
 2.659295e+01 -3.917500e-04 
 2.659335e+01 -2.171892e-03 
 2.659375e+01 -3.675242e-03 
 2.659415e+01 -4.788508e-03 
 2.659454e+01 -5.388382e-03 
 2.659494e+01 -5.411074e-03 
 2.659534e+01 -4.845405e-03 
 2.659574e+01 -3.734400e-03 
 2.659613e+01 -2.153695e-03 
 2.659653e+01 -2.740042e-04 
 2.659693e+01  1.787376e-03 
 2.659733e+01  3.864229e-03 
 2.659772e+01  5.786963e-03 
 2.659812e+01  7.421779e-03 
 2.659852e+01  8.646599e-03 
 2.659892e+01  9.345382e-03 
 2.659932e+01  9.436082e-03 
 2.659971e+01  8.885028e-03 
 2.660011e+01  7.680565e-03 
 2.660051e+01  5.864555e-03 
 2.660091e+01  3.535903e-03 
 2.660130e+01  8.368456e-04 
 2.660170e+01 -2.035413e-03 
 2.660210e+01 -4.843846e-03 
 2.660250e+01 -7.380368e-03 
 2.660289e+01 -9.508625e-03 
 2.660329e+01 -1.104294e-02 
 2.660369e+01 -1.186391e-02 
 2.660409e+01 -1.195994e-02 
 2.660449e+01 -1.129558e-02 
 2.660488e+01 -9.967866e-03 
 2.660528e+01 -8.067270e-03 
 2.660568e+01 -5.798819e-03 
 2.660608e+01 -3.341593e-03 
 2.660647e+01 -9.183728e-04 
 2.660687e+01  1.256298e-03 
 2.660727e+01  3.027678e-03 
 2.660767e+01  4.218143e-03 
 2.660806e+01  4.810203e-03 
 2.660846e+01  4.770920e-03 
 2.660886e+01  4.117101e-03 
 2.660926e+01  2.917081e-03 
 2.660966e+01  1.309612e-03 
 2.661005e+01 -5.581139e-04 
 2.661045e+01 -2.489669e-03 
 2.661085e+01 -4.247020e-03 
 2.661125e+01 -5.688703e-03 
 2.661164e+01 -6.663550e-03 
 2.661204e+01 -7.001806e-03 
 2.661244e+01 -6.670504e-03 
 2.661284e+01 -5.650546e-03 
 2.661323e+01 -3.983072e-03 
 2.661363e+01 -1.795010e-03 
 2.661403e+01  7.344234e-04 
 2.661443e+01  3.443726e-03 
 2.661483e+01  6.117349e-03 
 2.661522e+01  8.508183e-03 
 2.661562e+01  1.042475e-02 
 2.661602e+01  1.167697e-02 
 2.661642e+01  1.215851e-02 
 2.661681e+01  1.181047e-02 
 2.661721e+01  1.064073e-02 
 2.661761e+01  8.735697e-03 
 2.661801e+01  6.227648e-03 
 2.661840e+01  3.332935e-03 
 2.661880e+01  2.463452e-04 
 2.661920e+01 -2.746417e-03 
 2.661960e+01 -5.413617e-03 
 2.662000e+01 -7.521474e-03 
 2.662039e+01 -8.920907e-03 
 2.662079e+01 -9.482501e-03 
 2.662119e+01 -9.179080e-03 
 2.662159e+01 -8.052978e-03 
 2.662198e+01 -6.174166e-03 
 2.662238e+01 -3.696668e-03 
 2.662278e+01 -8.238183e-04 
 2.662318e+01  2.242149e-03 
 2.662357e+01  5.221146e-03 
 2.662397e+01  7.916445e-03 
 2.662437e+01  1.012567e-02 
 2.662477e+01  1.172918e-02 
 2.662517e+01  1.263719e-02 
 2.662556e+01  1.289607e-02 
 2.662596e+01  1.256549e-02 
 2.662636e+01  1.169266e-02 
 2.662676e+01  1.039133e-02 
 2.662715e+01  8.793153e-03 
 2.662755e+01  7.022204e-03 
 2.662795e+01  5.197383e-03 
 2.662835e+01  3.510688e-03 
 2.662874e+01  2.114223e-03 
 2.662914e+01  1.124877e-03 
 2.662954e+01  6.693747e-04 
 2.662994e+01  8.209752e-04 
 2.663034e+01  1.578272e-03 
 2.663073e+01  2.905425e-03 
 2.663113e+01  4.695066e-03 
 2.663153e+01  6.767747e-03 
 2.663193e+01  8.996030e-03 
 2.663232e+01  1.116420e-02 
 2.663272e+01  1.309865e-02 
 2.663312e+01  1.464650e-02 
 2.663352e+01  1.566483e-02 
 2.663391e+01  1.604644e-02 
 2.663431e+01  1.574291e-02 
 2.663471e+01  1.471565e-02 
 2.663511e+01  1.298538e-02 
 2.663551e+01  1.069277e-02 
 2.663590e+01  7.992203e-03 
 2.663630e+01  5.091934e-03 
 2.663670e+01  2.227286e-03 
 2.663710e+01 -3.675837e-04 
 2.663749e+01 -2.452452e-03 
 2.663789e+01 -3.853195e-03 
 2.663829e+01 -4.405911e-03 
 2.663869e+01 -4.034369e-03 
 2.663908e+01 -2.756217e-03 
 2.663948e+01 -6.426198e-04 
 2.663988e+01  2.161364e-03 
 2.664028e+01  5.429495e-03 
 2.664068e+01  8.928995e-03 
 2.664107e+01  1.238052e-02 
 2.664147e+01  1.554893e-02 
 2.664187e+01  1.821527e-02 
 2.664227e+01  2.020349e-02 
 2.664266e+01  2.134165e-02 
 2.664306e+01  2.155342e-02 
 2.664346e+01  2.086290e-02 
 2.664386e+01  1.932084e-02 
 2.664425e+01  1.707596e-02 
 2.664465e+01  1.430734e-02 
 2.664505e+01  1.122595e-02 
 2.664545e+01  8.080633e-03 
 2.664585e+01  5.127291e-03 
 2.664624e+01  2.655793e-03 
 2.664664e+01  8.614553e-04 
 2.664704e+01 -1.216339e-04 
 2.664744e+01 -2.461360e-04 
 2.664783e+01  4.674832e-04 
 2.664823e+01  1.934441e-03 
 2.664863e+01  3.986932e-03 
 2.664903e+01  6.416798e-03 
 2.664942e+01  9.018522e-03 
 2.664982e+01  1.153608e-02 
 2.665022e+01  1.377150e-02 
 2.665062e+01  1.554753e-02 
 2.665102e+01  1.671894e-02 
 2.665141e+01  1.710630e-02 
 2.665181e+01  1.671170e-02 
 2.665221e+01  1.558674e-02 
 2.665261e+01  1.379896e-02 
 2.665300e+01  1.153167e-02 
 2.665340e+01  9.011097e-03 
 2.665380e+01  6.464929e-03 
 2.665420e+01  4.167836e-03 
 2.665459e+01  2.298049e-03 
 2.665499e+01  9.872033e-04 
 2.665539e+01  3.397162e-04 
 2.665579e+01  4.380087e-04 
 2.665619e+01  1.256935e-03 
 2.665658e+01  2.774960e-03 
 2.665698e+01  4.899027e-03 
 2.665738e+01  7.480691e-03 
 2.665778e+01  1.037647e-02 
 2.665817e+01  1.337714e-02 
 2.665857e+01  1.628809e-02 
 2.665897e+01  1.890296e-02 
 2.665937e+01  2.102367e-02 
 2.665977e+01  2.253493e-02 
 2.666016e+01  2.330108e-02 
 2.666056e+01  2.330104e-02 
 2.666096e+01  2.250224e-02 
 2.666136e+01  2.095567e-02 
 2.666175e+01  1.878349e-02 
 2.666215e+01  1.617298e-02 
 2.666255e+01  1.329328e-02 
 2.666295e+01  1.034402e-02 
 2.666334e+01  7.550192e-03 
 2.666374e+01  5.088960e-03 
 2.666414e+01  3.145959e-03 
 2.666454e+01  1.892388e-03 
 2.666494e+01  1.387437e-03 
 2.666533e+01  1.686507e-03 
 2.666573e+01  2.750753e-03 
 2.666613e+01  4.456605e-03 
 2.666653e+01  6.613054e-03 
 2.666692e+01  9.003688e-03 
 2.666732e+01  1.138280e-02 
 2.666772e+01  1.353206e-02 
 2.666812e+01  1.530735e-02 
 2.666851e+01  1.657107e-02 
 2.666891e+01  1.719623e-02 
 2.666931e+01  1.710940e-02 
 2.666971e+01  1.636528e-02 
 2.667011e+01  1.502267e-02 
 2.667050e+01  1.321424e-02 
 2.667090e+01  1.112591e-02 
 2.667130e+01  8.958779e-03 
 2.667170e+01  6.961152e-03 
 2.667209e+01  5.279458e-03 
 2.667249e+01  4.061861e-03 
 2.667289e+01  3.392457e-03 
 2.667329e+01  3.325112e-03 
 2.667368e+01  3.846127e-03 
 2.667408e+01  4.927225e-03 
 2.667448e+01  6.511163e-03 
 2.667488e+01  8.406769e-03 
 2.667528e+01  1.043137e-02 
 2.667567e+01  1.239765e-02 
 2.667607e+01  1.410846e-02 
 2.667647e+01  1.539407e-02 
 2.667687e+01  1.610636e-02 
 2.667726e+01  1.618871e-02 
 2.667766e+01  1.561788e-02 
 2.667806e+01  1.443715e-02 
 2.667846e+01  1.269839e-02 
 2.667885e+01  1.046724e-02 
 2.667925e+01  7.873441e-03 
 2.667965e+01  5.075361e-03 
 2.668005e+01  2.279551e-03 
 2.668045e+01 -3.419308e-04 
 2.668084e+01 -2.556225e-03 
 2.668124e+01 -4.192479e-03 
 2.668164e+01 -5.170119e-03 
 2.668204e+01 -5.396605e-03 
 2.668243e+01 -4.910349e-03 
 2.668283e+01 -3.825351e-03 
 2.668323e+01 -2.253528e-03 
 2.668363e+01 -3.851621e-04 
 2.668402e+01  1.614834e-03 
 2.668442e+01  3.590995e-03 
 2.668482e+01  5.370898e-03 
 2.668522e+01  6.801259e-03 
 2.668562e+01  7.777204e-03 
 2.668601e+01  8.227072e-03 
 2.668641e+01  8.105948e-03 
 2.668681e+01  7.452687e-03 
 2.668721e+01  6.312490e-03 
 2.668760e+01  4.796091e-03 
 2.668800e+01  3.042924e-03 
 2.668840e+01  1.199388e-03 
 2.668880e+01 -5.682393e-04 
 2.668919e+01 -2.132920e-03 
 2.668959e+01 -3.330019e-03 
 2.668999e+01 -4.074711e-03 
 2.669039e+01 -4.303844e-03 
 2.669079e+01 -3.988941e-03 
 2.669118e+01 -3.222993e-03 
 2.669158e+01 -2.054021e-03 
 2.669198e+01 -5.684441e-04 
 2.669238e+01  1.087611e-03 
 2.669277e+01  2.737703e-03 
 2.669317e+01  4.256141e-03 
 2.669357e+01  5.516497e-03 
 2.669397e+01  6.378272e-03 
 2.669436e+01  6.721920e-03 
 2.669476e+01  6.458034e-03 
 2.669516e+01  5.550315e-03 
 2.669556e+01  4.013194e-03 
 2.669596e+01  1.929343e-03 
 2.669635e+01 -5.291601e-04 
 2.669675e+01 -3.190123e-03 
 2.669715e+01 -5.858677e-03 
 2.669755e+01 -8.330145e-03 
 2.669794e+01 -1.037446e-02 
 2.669834e+01 -1.183056e-02 
 2.669874e+01 -1.259711e-02 
 2.669914e+01 -1.260473e-02 
 2.669953e+01 -1.182842e-02 
 2.669993e+01 -1.031955e-02 
 2.670033e+01 -8.202513e-03 
 2.670073e+01 -5.628414e-03 
 2.670113e+01 -2.815400e-03 
 2.670152e+01  3.856235e-05 
 2.670192e+01  2.733462e-03 
 2.670232e+01  5.090031e-03 
 2.670272e+01  6.923535e-03 
 2.670311e+01  8.132164e-03 
 2.670351e+01  8.645355e-03 
 2.670391e+01  8.395706e-03 
 2.670431e+01  7.447499e-03 
 2.670470e+01  5.884572e-03 
 2.670510e+01  3.808475e-03 
 2.670550e+01  1.455325e-03 
 2.670590e+01 -9.867043e-04 
 2.670630e+01 -3.255789e-03 
 2.670669e+01 -5.167565e-03 
 2.670709e+01 -6.554519e-03 
 2.670749e+01 -7.311126e-03 
 2.670789e+01 -7.349621e-03 
 2.670828e+01 -6.654466e-03 
 2.670868e+01 -5.306130e-03 
 2.670908e+01 -3.389098e-03 
 2.670948e+01 -1.065882e-03 
 2.670987e+01  1.475320e-03 
 2.671027e+01  4.001628e-03 
 2.671067e+01  6.295269e-03 
 2.671107e+01  8.149533e-03 
 2.671147e+01  9.378455e-03 
 2.671186e+01  9.902968e-03 
 2.671226e+01  9.682862e-03 
 2.671266e+01  8.750049e-03 
 2.671306e+01  7.212652e-03 
 2.671345e+01  5.231667e-03 
 2.671385e+01  3.007221e-03 
 2.671425e+01  7.765608e-04 
 2.671465e+01 -1.285376e-03 
 2.671504e+01 -3.007633e-03 
 2.671544e+01 -4.187963e-03 
 2.671584e+01 -4.675481e-03 
 2.671624e+01 -4.399004e-03 
 2.671664e+01 -3.355713e-03 
 2.671703e+01 -1.585224e-03 
 2.671743e+01  7.761445e-04 
 2.671783e+01  3.536709e-03 
 2.671823e+01  6.477664e-03 
 2.671862e+01  9.366523e-03 
 2.671902e+01  1.197024e-02 
 2.671942e+01  1.413091e-02 
 2.671982e+01  1.570322e-02 
 2.672021e+01  1.662396e-02 
 2.672061e+01  1.682257e-02 
 2.672101e+01  1.627670e-02 
 2.672141e+01  1.503776e-02 
 2.672181e+01  1.316886e-02 
 2.672220e+01  1.087326e-02 
 2.672260e+01  8.256988e-03 
 2.672300e+01  5.555130e-03 
 2.672340e+01  2.933361e-03 
 2.672379e+01  5.815292e-04 
 2.672419e+01 -1.338070e-03 
 2.672459e+01 -2.716945e-03 
 2.672499e+01 -3.464874e-03 
 2.672538e+01 -3.523784e-03 
 2.672578e+01 -2.904712e-03 
 2.672618e+01 -1.665647e-03 
 2.672658e+01  9.881117e-05 
 2.672698e+01  2.246087e-03 
 2.672737e+01  4.579544e-03 
 2.672777e+01  6.912035e-03 
 2.672817e+01  9.048316e-03 
 2.672857e+01  1.081502e-02 
 2.672896e+01  1.207974e-02 
 2.672936e+01  1.273004e-02 
 2.672976e+01  1.275714e-02 
 2.673016e+01  1.214606e-02 
 2.673055e+01  1.095283e-02 
 2.673095e+01  9.245939e-03 
 2.673135e+01  7.198368e-03 
 2.673175e+01  5.013585e-03 
 2.673215e+01  2.918739e-03 
 2.673254e+01  1.168567e-03 
 2.673294e+01 -6.005469e-05 
 2.673334e+01 -5.950594e-04 
 2.673374e+01 -3.765744e-04 
 2.673413e+01  6.100125e-04 
 2.673453e+01  2.312608e-03 
 2.673493e+01  4.598056e-03 
 2.673533e+01  7.290782e-03 
 2.673572e+01  1.019077e-02 
 2.673612e+01  1.307719e-02 
 2.673652e+01  1.571617e-02 
 2.673692e+01  1.786340e-02 
 2.673732e+01  1.933144e-02 
 2.673771e+01  1.999501e-02 
 2.673811e+01  1.979400e-02 
 2.673851e+01  1.870420e-02 
 2.673891e+01  1.680290e-02 
 2.673930e+01  1.421252e-02 
 2.673970e+01  1.109754e-02 
 2.674010e+01  7.660199e-03 
 2.674050e+01  4.122117e-03 
 2.674089e+01  7.794123e-04 
 2.674129e+01 -2.096842e-03 
 2.674169e+01 -4.272859e-03 
 2.674209e+01 -5.572517e-03 
 2.674249e+01 -5.937919e-03 
 2.674288e+01 -5.352014e-03 
 2.674328e+01 -3.926676e-03 
 2.674368e+01 -1.791853e-03 
 2.674408e+01  8.815690e-04 
 2.674447e+01  3.883437e-03 
 2.674487e+01  6.971264e-03 
 2.674527e+01  9.924978e-03 
 2.674567e+01  1.254137e-02 
 2.674606e+01  1.464584e-02 
 2.674646e+01  1.604595e-02 
 2.674686e+01  1.669691e-02 
 2.674726e+01  1.657901e-02 
 2.674766e+01  1.579024e-02 
 2.674805e+01  1.447065e-02 
 2.674845e+01  1.275144e-02 
 2.674885e+01  1.078756e-02 
 2.674925e+01  8.739553e-03 
 2.674964e+01  6.769418e-03 
 2.675004e+01  5.042340e-03 
 2.675044e+01  3.697199e-03 
 2.675084e+01  2.864355e-03 
 2.675124e+01  2.635358e-03 
 2.675163e+01  3.008499e-03 
 2.675203e+01  4.009775e-03 
 2.675243e+01  5.515350e-03 
 2.675283e+01  7.374605e-03 
 2.675322e+01  9.426614e-03 
 2.675362e+01  1.152677e-02 
 2.675402e+01  1.354167e-02 
 2.675442e+01  1.529828e-02 
 2.675481e+01  1.666761e-02 
 2.675521e+01  1.749090e-02 
 2.675561e+01  1.769065e-02 
 2.675601e+01  1.720081e-02 
 2.675641e+01  1.602098e-02 
 2.675680e+01  1.424432e-02 
 2.675720e+01  1.196904e-02 
 2.675760e+01  9.377995e-03 
 2.675800e+01  6.676818e-03 
 2.675839e+01  4.078859e-03 
 2.675879e+01  1.749796e-03 
 2.675919e+01 -1.151811e-04 
 2.675959e+01 -1.335261e-03 
 2.675998e+01 -1.799823e-03 
 2.676038e+01 -1.433048e-03 
 2.676078e+01 -2.501889e-04 
 2.676118e+01  1.666449e-03 
 2.676158e+01  4.207500e-03 
 2.676197e+01  7.151126e-03 
 2.676237e+01  1.028026e-02 
 2.676277e+01  1.334170e-02 
 2.676317e+01  1.614726e-02 
 2.676356e+01  1.847001e-02 
 2.676396e+01  2.013204e-02 
 2.676436e+01  2.103655e-02 
 2.676476e+01  2.110208e-02 
 2.676515e+01  2.036862e-02 
 2.676555e+01  1.894137e-02 
 2.676595e+01  1.697489e-02 
 2.676635e+01  1.463880e-02 
 2.676675e+01  1.211847e-02 
 2.676714e+01  9.618412e-03 
 2.676754e+01  7.368597e-03 
 2.676794e+01  5.554086e-03 
 2.676834e+01  4.283795e-03 
 2.676873e+01  3.635223e-03 
 2.676913e+01  3.600897e-03 
 2.676953e+01  4.150445e-03 
 2.676993e+01  5.175722e-03 
 2.677032e+01  6.518967e-03 
 2.677072e+01  8.007977e-03 
 2.677112e+01  9.457548e-03 
 2.677152e+01  1.073381e-02 
 2.677192e+01  1.170017e-02 
 2.677231e+01  1.224821e-02 
 2.677271e+01  1.229177e-02 
 2.677311e+01  1.179060e-02 
 2.677351e+01  1.076438e-02 
 2.677390e+01  9.252267e-03 
 2.677430e+01  7.417948e-03 
 2.677470e+01  5.384336e-03 
 2.677510e+01  3.327919e-03 
 2.677549e+01  1.454845e-03 
 2.677589e+01 -5.039969e-05 
 2.677629e+01 -1.076463e-03 
 2.677669e+01 -1.533005e-03 
 2.677709e+01 -1.382936e-03 
 2.677748e+01 -6.326489e-04 
 2.677788e+01  6.481655e-04 
 2.677828e+01  2.371924e-03 
 2.677868e+01  4.362375e-03 
 2.677907e+01  6.460706e-03 
 2.677947e+01  8.475528e-03 
 2.677987e+01  1.022492e-02 
 2.678027e+01  1.159638e-02 
 2.678066e+01  1.246958e-02 
 2.678106e+01  1.277376e-02 
 2.678146e+01  1.250077e-02 
 2.678186e+01  1.168762e-02 
 2.678226e+01  1.038942e-02 
 2.678265e+01  8.672357e-03 
 2.678305e+01  6.691412e-03 
 2.678345e+01  4.586425e-03 
 2.678385e+01  2.523518e-03 
 2.678424e+01  6.340703e-04 
 2.678464e+01 -9.716128e-04 
 2.678504e+01 -2.208566e-03 
 2.678544e+01 -2.978988e-03 
 2.678583e+01 -3.273550e-03 
 2.678623e+01 -3.074421e-03 
 2.678663e+01 -2.409653e-03 
 2.678703e+01 -1.352379e-03 
 2.678743e+01 -1.324262e-05 
 2.678782e+01  1.506767e-03 
 2.678822e+01  3.045034e-03 
 2.678862e+01  4.444528e-03 
 2.678902e+01  5.548196e-03 
 2.678941e+01  6.276094e-03 
 2.678981e+01  6.586563e-03 
 2.679021e+01  6.426620e-03 
 2.679061e+01  5.813398e-03 
 2.679100e+01  4.772804e-03 
 2.679140e+01  3.388025e-03 
 2.679180e+01  1.753760e-03 
 2.679220e+01  3.027169e-05 
 2.679260e+01 -1.634037e-03 
 2.679299e+01 -3.075612e-03 
 2.679339e+01 -4.114392e-03 
 2.679379e+01 -4.646021e-03 
 2.679419e+01 -4.597682e-03 
 2.679458e+01 -3.982331e-03 
 2.679498e+01 -2.831848e-03 
 2.679538e+01 -1.223839e-03 
 2.679578e+01  7.378753e-04 
 2.679617e+01  2.913570e-03 
 2.679657e+01  5.147359e-03 
 2.679697e+01  7.258811e-03 
 2.679737e+01  9.038927e-03 
 2.679777e+01  1.034681e-02 
 2.679816e+01  1.102542e-02 
 2.679856e+01  1.096365e-02 
 2.679896e+01  1.017653e-02 
 2.679936e+01  8.724524e-03 
 2.679975e+01  6.719537e-03 
 2.680015e+01  4.313153e-03 
 2.680055e+01  1.640497e-03 
 2.680095e+01 -1.105991e-03 
 2.680134e+01 -3.722890e-03 
 2.680174e+01 -6.002426e-03 
 2.680214e+01 -7.765249e-03 
 2.680254e+01 -8.854862e-03 
 2.680294e+01 -9.198161e-03 
 2.680333e+01 -8.760255e-03 
 2.680373e+01 -7.573215e-03 
 2.680413e+01 -5.741455e-03 
 2.680453e+01 -3.451406e-03 
 2.680492e+01 -8.811479e-04 
 2.680532e+01  1.786953e-03 
 2.680572e+01  4.377700e-03 
 2.680612e+01  6.726753e-03 
 2.680651e+01  8.650330e-03 
 2.680691e+01  1.001486e-02 
 2.680731e+01  1.075231e-02 
 2.680771e+01  1.083449e-02 
 2.680811e+01  1.027282e-02 
 2.680850e+01  9.160861e-03 
 2.680890e+01  7.627125e-03 
 2.680930e+01  5.807774e-03 
 2.680970e+01  3.899621e-03 
 2.681009e+01  2.084089e-03 
 2.681049e+01  5.184351e-04 
 2.681089e+01 -6.572563e-04 
 2.681129e+01 -1.323811e-03 
 2.681168e+01 -1.378464e-03 
 2.681208e+01 -8.257787e-04 
 2.681248e+01  2.744733e-04 
 2.681288e+01  1.787278e-03 
 2.681328e+01  3.567680e-03 
 2.681367e+01  5.444980e-03 
 2.681407e+01  7.258009e-03 
 2.681447e+01  8.822976e-03 
 2.681487e+01  1.001204e-02 
 2.681526e+01  1.070257e-02 
 2.681566e+01  1.083946e-02 
 2.681606e+01  1.034256e-02 
 2.681646e+01  9.237241e-03 
 2.681685e+01  7.592002e-03 
 2.681725e+01  5.503779e-03 
 2.681765e+01  3.148821e-03 
 2.681805e+01  6.693612e-04 
 2.681845e+01 -1.760214e-03 
 2.681884e+01 -3.981826e-03 
 2.681924e+01 -5.830973e-03 
 2.681964e+01 -7.177994e-03 
 2.682004e+01 -7.885393e-03 
 2.682043e+01 -7.884216e-03 
 2.682083e+01 -7.157489e-03 
 2.682123e+01 -5.687549e-03 
 2.682163e+01 -3.551511e-03 
 2.682202e+01 -9.044167e-04 
 2.682242e+01  2.072754e-03 
 2.682282e+01  5.157940e-03 
 2.682322e+01  8.118736e-03 
 2.682362e+01  1.077463e-02 
 2.682401e+01  1.293806e-02 
 2.682441e+01  1.445016e-02 
 2.682481e+01  1.521273e-02 
 2.682521e+01  1.517979e-02 
 2.682560e+01  1.435607e-02 
 2.682600e+01  1.284047e-02 
 2.682640e+01  1.076970e-02 
 2.682680e+01  8.304157e-03 
 2.682719e+01  5.663608e-03 
 2.682759e+01  3.105540e-03 
 2.682799e+01  8.632961e-04 
 2.682839e+01 -8.988717e-04 
 2.682879e+01 -2.037317e-03 
 2.682918e+01 -2.492228e-03 
 2.682958e+01 -2.262875e-03 
 2.682998e+01 -1.406178e-03 
 2.683038e+01 -6.439885e-06 
 2.683077e+01  1.779211e-03 
 2.683117e+01  3.770737e-03 
 2.683157e+01  5.750426e-03 
 2.683197e+01  7.519298e-03 
 2.683236e+01  8.902064e-03 
 2.683276e+01  9.725672e-03 
 2.683316e+01  9.876061e-03 
 2.683356e+01  9.321138e-03 
 2.683396e+01  8.095194e-03 
 2.683435e+01  6.274246e-03 
 2.683475e+01  4.003946e-03 
 2.683515e+01  1.505917e-03 
 2.683555e+01 -1.023256e-03 
 2.683594e+01 -3.376148e-03 
 2.683634e+01 -5.339002e-03 
 2.683674e+01 -6.711648e-03 
 2.683714e+01 -7.350314e-03 
 2.683753e+01 -7.139569e-03 
 2.683793e+01 -6.067488e-03 
 2.683833e+01 -4.183822e-03 
 2.683873e+01 -1.619441e-03 
 2.683913e+01  1.487861e-03 
 2.683952e+01  4.931948e-03 
 2.683992e+01  8.471851e-03 
 2.684032e+01  1.185232e-02 
 2.684072e+01  1.484029e-02 
 2.684111e+01  1.724374e-02 
 2.684151e+01  1.894840e-02 
 2.684191e+01  1.985468e-02 
 2.684231e+01  1.993027e-02 
 2.684271e+01  1.920059e-02 
 2.684310e+01  1.773484e-02 
 2.684350e+01  1.569140e-02 
 2.684390e+01  1.322498e-02 
 2.684430e+01  1.051387e-02 
 2.684469e+01  7.770520e-03 
 2.684509e+01  5.221351e-03 
 2.684549e+01  3.077933e-03 
 2.684589e+01  1.471022e-03 
 2.684628e+01  4.723736e-04 
 2.684668e+01  1.187788e-04 
 2.684708e+01  3.877939e-04 
 2.684748e+01  1.221104e-03 
 2.684788e+01  2.541027e-03 
 2.684827e+01  4.232429e-03 
 2.684867e+01  6.147152e-03 
 2.684907e+01  8.128645e-03 
 2.684947e+01  1.005011e-02 
 2.684986e+01  1.176973e-02 
 2.685026e+01  1.315994e-02 
 2.685066e+01  1.412035e-02 
 2.685106e+01  1.457172e-02 
 2.685145e+01  1.453971e-02 
 2.685185e+01  1.404060e-02 
 2.685225e+01  1.312371e-02 
 2.685265e+01  1.188591e-02 
 2.685305e+01  1.044425e-02 
 2.685344e+01  8.919319e-03 
 2.685384e+01  7.453225e-03 
 2.685424e+01  6.245900e-03 
 2.685464e+01  5.435318e-03 
 2.685503e+01  5.142045e-03 
 2.685543e+01  5.462317e-03 
 2.685583e+01  6.400524e-03 
 2.685623e+01  7.899405e-03 
 2.685662e+01  9.867131e-03 
 2.685702e+01  1.216930e-02 
 2.685742e+01  1.464884e-02 
 2.685782e+01  1.711072e-02 
 2.685822e+01  1.935934e-02 
 2.685861e+01  2.120784e-02 
 2.685901e+01  2.250657e-02 
 2.685941e+01  2.316250e-02 
 2.685981e+01  2.307819e-02 
 2.686020e+01  2.224049e-02 
 2.686060e+01  2.069844e-02 
 2.686100e+01  1.856945e-02 
 2.686140e+01  1.601357e-02 
 2.686179e+01  1.319682e-02 
 2.686219e+01  1.028945e-02 
 2.686259e+01  7.497800e-03 
 2.686299e+01  5.035617e-03 
 2.686339e+01  3.113693e-03 
 2.686378e+01  1.822120e-03 
 2.686418e+01  1.235078e-03 
 2.686458e+01  1.349996e-03 
 2.686498e+01  2.099760e-03 
 2.686537e+01  3.402887e-03 
 2.686577e+01  5.116162e-03 
 2.686617e+01  7.055808e-03 
 2.686657e+01  9.038451e-03 
 2.686696e+01  1.090638e-02 
 2.686736e+01  1.253961e-02 
 2.686776e+01  1.381530e-02 
 2.686816e+01  1.467074e-02 
 2.686856e+01  1.503262e-02 
 2.686895e+01  1.493881e-02 
 2.686935e+01  1.444822e-02 
 2.686975e+01  1.362744e-02 
 2.687015e+01  1.259938e-02 
 2.687054e+01  1.149419e-02 
 2.687094e+01  1.040435e-02 
 2.687134e+01  9.468037e-03 
 2.687174e+01  8.782345e-03 
 2.687213e+01  8.398428e-03 
 2.687253e+01  8.316936e-03 
 2.687293e+01  8.546968e-03 
 2.687333e+01  9.050953e-03 
 2.687373e+01  9.794905e-03 
 2.687412e+01  1.067909e-02 
 2.687452e+01  1.158644e-02 
 2.687492e+01  1.238889e-02 
 2.687532e+01  1.298118e-02 
 2.687571e+01  1.325256e-02 
 2.687611e+01  1.314333e-02 
 2.687651e+01  1.263451e-02 
 2.687691e+01  1.170450e-02 
 2.687730e+01  1.035692e-02 
 2.687770e+01  8.672427e-03 
 2.687810e+01  6.720838e-03 
 2.687850e+01  4.596682e-03 
 2.687890e+01  2.427310e-03 
 2.687929e+01  3.588972e-04 
 2.687969e+01 -1.456805e-03 
 2.688009e+01 -2.915887e-03 
 2.688049e+01 -3.937392e-03 
 2.688088e+01 -4.451358e-03 
 2.688128e+01 -4.447649e-03 
 2.688168e+01 -3.927888e-03 
 2.688208e+01 -2.955961e-03 
 2.688247e+01 -1.638287e-03 
 2.688287e+01 -5.001889e-05 
 2.688327e+01  1.710178e-03 
 2.688367e+01  3.513508e-03 
 2.688407e+01  5.205155e-03 
 2.688446e+01  6.675728e-03 
 2.688486e+01  7.798847e-03 
 2.688526e+01  8.479255e-03 
 2.688566e+01  8.679895e-03 
 2.688605e+01  8.344205e-03 
 2.688645e+01  7.515315e-03 
 2.688685e+01  6.264089e-03 
 2.688725e+01  4.742777e-03 
 2.688764e+01  3.084200e-03 
 2.688804e+01  1.464396e-03 
 2.688844e+01 -1.081585e-05 
 2.688884e+01 -1.220619e-03 
 2.688924e+01 -2.017471e-03 
 2.688963e+01 -2.328818e-03 
 2.689003e+01 -2.144566e-03 
 2.689043e+01 -1.469082e-03 
 2.689083e+01 -3.922787e-04 
 2.689122e+01  9.761489e-04 
 2.689162e+01  2.470107e-03 
 2.689202e+01  3.873190e-03 
 2.689242e+01  5.017537e-03 
 2.689281e+01  5.742415e-03 
 2.689321e+01  5.953066e-03 
 2.689361e+01  5.602417e-03 
 2.689401e+01  4.686773e-03 
 2.689441e+01  3.244662e-03 
 2.689480e+01  1.347194e-03 
 2.689520e+01 -8.623194e-04 
 2.689560e+01 -3.178540e-03 
 2.689600e+01 -5.436044e-03 
 2.689639e+01 -7.439566e-03 
 2.689679e+01 -9.029095e-03 
 2.689719e+01 -1.002400e-02 
 2.689759e+01 -1.034392e-02 
 2.689798e+01 -9.955961e-03 
 2.689838e+01 -8.837621e-03 
 2.689878e+01 -7.084893e-03 
 2.689918e+01 -4.776353e-03 
 2.689958e+01 -2.066573e-03 
 2.689997e+01  8.715216e-04 
 2.690037e+01  3.846688e-03 
 2.690077e+01  6.653946e-03 
 2.690117e+01  9.090238e-03 
 2.690156e+01  1.101527e-02 
 2.690196e+01  1.228355e-02 
 2.690236e+01  1.279483e-02 
 2.690276e+01  1.253781e-02 
 2.690315e+01  1.158773e-02 
 2.690355e+01  1.006325e-02 
 2.690395e+01  8.033395e-03 
 2.690435e+01  5.724594e-03 
 2.690475e+01  3.289691e-03 
 2.690514e+01  8.908993e-04 
 2.690554e+01 -1.284124e-03 
 2.690594e+01 -3.114563e-03 
 2.690634e+01 -4.456943e-03 
 2.690673e+01 -5.257486e-03 
 2.690713e+01 -5.449649e-03 
 2.690753e+01 -5.100614e-03 
 2.690793e+01 -4.307720e-03 
 2.690832e+01 -3.150921e-03 
 2.690872e+01 -1.780578e-03 
 2.690912e+01 -3.004419e-04 
 2.690952e+01  1.137533e-03 
 2.690992e+01  2.377752e-03 
 2.691031e+01  3.315819e-03 
 2.691071e+01  3.850827e-03 
 2.691111e+01  3.946379e-03 
 2.691151e+01  3.587739e-03 
 2.691190e+01  2.808504e-03 
 2.691230e+01  1.668404e-03 
 2.691270e+01  2.797705e-04 
 2.691310e+01 -1.242607e-03 
 2.691349e+01 -2.771464e-03 
 2.691389e+01 -4.187869e-03 
 2.691429e+01 -5.371809e-03 
 2.691469e+01 -6.166438e-03 
 2.691509e+01 -6.439216e-03 
 2.691548e+01 -6.112805e-03 
 2.691588e+01 -5.132466e-03 
 2.691628e+01 -3.554257e-03 
 2.691668e+01 -1.491804e-03 
 2.691707e+01  9.591261e-04 
 2.691747e+01  3.628310e-03 
 2.691787e+01  6.362118e-03 
 2.691827e+01  8.974056e-03 
 2.691866e+01  1.127424e-02 
 2.691906e+01  1.312327e-02 
 2.691946e+01  1.442031e-02 
 2.691986e+01  1.503922e-02 
 2.692026e+01  1.489930e-02 
 2.692065e+01  1.398068e-02 
 2.692105e+01  1.234034e-02 
 2.692145e+01  1.005778e-02 
 2.692185e+01  7.315294e-03 
 2.692224e+01  4.323930e-03 
 2.692264e+01  1.260037e-03 
 2.692304e+01 -1.664186e-03 
 2.692344e+01 -4.220475e-03 
 2.692383e+01 -6.233966e-03 
 2.692423e+01 -7.550327e-03 
 2.692463e+01 -8.111299e-03 
 2.692503e+01 -7.872721e-03 
 2.692543e+01 -6.848470e-03 
 2.692582e+01 -5.165398e-03 
 2.692622e+01 -2.973323e-03 
 2.692662e+01 -4.834844e-04 
 2.692702e+01  2.095778e-03 
 2.692741e+01  4.528702e-03 
 2.692781e+01  6.657883e-03 
 2.692821e+01  8.322340e-03 
 2.692861e+01  9.441512e-03 
 2.692900e+01  9.956220e-03 
 2.692940e+01  9.863238e-03 
 2.692980e+01  9.171354e-03 
 2.693020e+01  7.982580e-03 
 2.693060e+01  6.445116e-03 
 2.693099e+01  4.750506e-03 
 2.693139e+01  3.143030e-03 
 2.693179e+01  1.771803e-03 
 2.693219e+01  8.246246e-04 
 2.693258e+01  4.168124e-04 
 2.693298e+01  6.317554e-04 
 2.693338e+01  1.507779e-03 
 2.693378e+01  2.963152e-03 
 2.693418e+01  4.888115e-03 
 2.693457e+01  7.163301e-03 
 2.693497e+01  9.626663e-03 
 2.693537e+01  1.210594e-02 
 2.693577e+01  1.439199e-02 
 2.693616e+01  1.626934e-02 
 2.693656e+01  1.755193e-02 
 2.693696e+01  1.815783e-02 
 2.693736e+01  1.801873e-02 
 2.693775e+01  1.715114e-02 
 2.693815e+01  1.560723e-02 
 2.693855e+01  1.351665e-02 
 2.693895e+01  1.103036e-02 
 2.693935e+01  8.352271e-03 
 2.693974e+01  5.662609e-03 
 2.694014e+01  3.140868e-03 
 2.694054e+01  9.680182e-04 
 2.694094e+01 -7.008682e-04 
 2.694133e+01 -1.743815e-03 
 2.694173e+01 -2.093006e-03 
 2.694213e+01 -1.797685e-03 
 2.694253e+01 -8.470364e-04 
 2.694292e+01  7.169561e-04 
 2.694332e+01  2.778146e-03 
 2.694372e+01  5.222669e-03 
 2.694412e+01  7.905985e-03 
 2.694452e+01  1.066816e-02 
 2.694491e+01  1.331784e-02 
 2.694531e+01  1.570896e-02 
 2.694571e+01  1.770880e-02 
 2.694611e+01  1.920454e-02 
 2.694650e+01  2.013489e-02 
 2.694690e+01  2.047729e-02 
 2.694730e+01  2.027480e-02 
 2.694770e+01  1.960078e-02 
 2.694809e+01  1.853999e-02 
 2.694849e+01  1.720715e-02 
 2.694889e+01  1.573958e-02 
 2.694929e+01  1.426426e-02 
 2.694969e+01  1.290805e-02 
 2.695008e+01  1.182252e-02 
 2.695048e+01  1.109879e-02 
 2.695088e+01  1.081447e-02 
 2.695128e+01  1.100835e-02 
 2.695167e+01  1.161077e-02 
 2.695207e+01  1.257928e-02 
 2.695247e+01  1.380600e-02 
 2.695287e+01  1.513387e-02 
 2.695326e+01  1.640912e-02 
 2.695366e+01  1.747570e-02 
 2.695406e+01  1.820709e-02 
 2.695446e+01  1.848829e-02 
 2.695486e+01  1.824518e-02 
 2.695525e+01  1.744241e-02 
 2.695565e+01  1.607843e-02 
 2.695605e+01  1.422568e-02 
 2.695645e+01  1.204119e-02 
 2.695684e+01  9.693017e-03 
 2.695724e+01  7.378636e-03 
 2.695764e+01  5.266756e-03 
 2.695804e+01  3.520063e-03 
 2.695843e+01  2.274560e-03 
 2.695883e+01  1.647375e-03 
 2.695923e+01  1.677477e-03 
 2.695963e+01  2.362376e-03 
 2.696003e+01  3.625989e-03 
 2.696042e+01  5.401807e-03 
 2.696082e+01  7.538321e-03 
 2.696122e+01  9.851308e-03 
 2.696162e+01  1.215901e-02 
 2.696201e+01  1.424879e-02 
 2.696241e+01  1.598828e-02 
 2.696281e+01  1.729460e-02 
 2.696321e+01  1.813478e-02 
 2.696360e+01  1.849994e-02 
 2.696400e+01  1.836854e-02 
 2.696440e+01  1.775708e-02 
 2.696480e+01  1.674170e-02 
 2.696520e+01  1.540389e-02 
 2.696559e+01  1.382003e-02 
 2.696599e+01  1.210878e-02 
 2.696639e+01  1.041975e-02 
 2.696679e+01  8.881632e-03 
 2.696718e+01  7.588434e-03 
 2.696758e+01  6.644221e-03 
 2.696798e+01  6.031674e-03 
 2.696838e+01  5.700981e-03 
 2.696877e+01  5.594653e-03 
 2.696917e+01  5.631762e-03 
 2.696957e+01  5.757191e-03 
 2.696997e+01  5.872860e-03 
 2.697037e+01  5.892851e-03 
 2.697076e+01  5.783286e-03 
 2.697116e+01  5.500302e-03 
 2.697156e+01  5.064033e-03 
 2.697196e+01  4.451186e-03 
 2.697235e+01  3.684677e-03 
 2.697275e+01  2.791300e-03 
 2.697315e+01  1.811954e-03 
 2.697355e+01  8.121723e-04 
 2.697394e+01 -1.497089e-04 
 2.697434e+01 -9.860826e-04 
 2.697474e+01 -1.628219e-03 
 2.697514e+01 -2.018249e-03 
 2.697554e+01 -2.103214e-03 
 2.697593e+01 -1.844921e-03 
 2.697633e+01 -1.227388e-03 
 2.697673e+01 -2.613988e-04 
 2.697713e+01  1.019155e-03 
 2.697752e+01  2.533226e-03 
 2.697792e+01  4.198345e-03 
 2.697832e+01  5.900766e-03 
 2.697872e+01  7.565434e-03 
 2.697911e+01  9.084297e-03 
 2.697951e+01  1.034336e-02 
 2.697991e+01  1.121824e-02 
 2.698031e+01  1.164393e-02 
 2.698071e+01  1.155000e-02 
 2.698110e+01  1.092841e-02 
 2.698150e+01  9.775112e-03 
 2.698190e+01  8.104165e-03 
 2.698230e+01  6.042580e-03 
 2.698269e+01  3.750851e-03 
 2.698309e+01  1.401264e-03 
 2.698349e+01 -8.250799e-04 
 2.698389e+01 -2.772059e-03 
 2.698428e+01 -4.323930e-03 
 2.698468e+01 -5.391576e-03 
 2.698508e+01 -5.913104e-03 
 2.698548e+01 -5.898214e-03 
 2.698588e+01 -5.402360e-03 
 2.698627e+01 -4.501696e-03 
 2.698667e+01 -3.284351e-03 
 2.698707e+01 -1.857321e-03 
 2.698747e+01 -3.670197e-04 
 2.698786e+01  1.004883e-03 
 2.698826e+01  2.111817e-03 
 2.698866e+01  2.843786e-03 
 2.698906e+01  3.109964e-03 
 2.698945e+01  2.901100e-03 
 2.698985e+01  2.261128e-03 
 2.699025e+01  1.259571e-03 
 2.699065e+01  6.451530e-06 
 2.699105e+01 -1.354896e-03 
 2.699144e+01 -2.661316e-03 
 2.699184e+01 -3.748750e-03 
 2.699224e+01 -4.491698e-03 
 2.699264e+01 -4.758698e-03 
 2.699303e+01 -4.468726e-03 
 2.699343e+01 -3.608795e-03 
 2.699383e+01 -2.218724e-03 
 2.699423e+01 -3.740521e-04 
 2.699462e+01  1.821888e-03 
 2.699502e+01  4.235195e-03 
 2.699542e+01  6.707164e-03 
 2.699582e+01  9.065575e-03 
 2.699622e+01  1.113681e-02 
 2.699661e+01  1.272193e-02 
 2.699701e+01  1.367355e-02 
 2.699741e+01  1.386733e-02 
 2.699781e+01  1.328253e-02 
 2.699820e+01  1.197930e-02 
 2.699860e+01  1.008455e-02 
 2.699900e+01  7.746394e-03 
 2.699940e+01  5.116688e-03 
 2.699979e+01  2.347892e-03 
 2.700019e+01 -3.718888e-04 
 2.700059e+01 -2.896686e-03 
 2.700099e+01 -5.052752e-03 
 2.700139e+01 -6.725467e-03 
 2.700178e+01 -7.844738e-03 
 2.700218e+01 -8.313998e-03 
 2.700258e+01 -8.078207e-03 
 2.700298e+01 -7.196104e-03 
 2.700337e+01 -5.722073e-03 
 2.700377e+01 -3.790698e-03 
 2.700417e+01 -1.585141e-03 
 2.700457e+01  7.525863e-04 
 2.700496e+01  3.040724e-03 
 2.700536e+01  5.093285e-03 
 2.700576e+01  6.781241e-03 
 2.700616e+01  7.989919e-03 
 2.700656e+01  8.647797e-03 
 2.700695e+01  8.751360e-03 
 2.700735e+01  8.359110e-03 
 2.700775e+01  7.488350e-03 
 2.700815e+01  6.259288e-03 
 2.700854e+01  4.814163e-03 
 2.700894e+01  3.297459e-03 
 2.700934e+01  1.871504e-03 
 2.700974e+01  6.169028e-04 
 2.701013e+01 -3.641545e-04 
 2.701053e+01 -9.610365e-04 
 2.701093e+01 -1.105886e-03 
 2.701133e+01 -7.329593e-04 
 2.701173e+01  1.365775e-04 
 2.701212e+01  1.449253e-03 
 2.701252e+01  3.056843e-03 
 2.701292e+01  4.789328e-03 
 2.701332e+01  6.509640e-03 
 2.701371e+01  8.071578e-03 
 2.701411e+01  9.300838e-03 
 2.701451e+01  1.007722e-02 
 2.701491e+01  1.034921e-02 
 2.701530e+01  1.002121e-02 
 2.701570e+01  9.073227e-03 
 2.701610e+01  7.511063e-03 
 2.701650e+01  5.410329e-03 
 2.701690e+01  2.898951e-03 
 2.701729e+01  1.800795e-04 
 2.701769e+01 -2.523891e-03 
 2.701809e+01 -5.034243e-03 
 2.701849e+01 -7.118341e-03 
 2.701888e+01 -8.594014e-03 
 2.701928e+01 -9.352521e-03 
 2.701968e+01 -9.313967e-03 
 2.702008e+01 -8.495792e-03 
 2.702047e+01 -6.955034e-03 
 2.702087e+01 -4.811875e-03 
 2.702127e+01 -2.213811e-03 
 2.702167e+01  6.448373e-04 
 2.702207e+01  3.553975e-03 
 2.702246e+01  6.366134e-03 
 2.702286e+01  8.871493e-03 
 2.702326e+01  1.093444e-02 
 2.702366e+01  1.245701e-02 
 2.702405e+01  1.331648e-02 
 2.702445e+01  1.350517e-02 
 2.702485e+01  1.305566e-02 
 2.702525e+01  1.199587e-02 
 2.702565e+01  1.044667e-02 
 2.702604e+01  8.601792e-03 
 2.702644e+01  6.627191e-03 
 2.702684e+01  4.732561e-03 
 2.702724e+01  3.105639e-03 
 2.702763e+01  1.827134e-03 
 2.702803e+01  1.014967e-03 
 2.702843e+01  7.238998e-04 
 2.702883e+01  9.266637e-04 
 2.702922e+01  1.587634e-03 
 2.702962e+01  2.592615e-03 
 2.703002e+01  3.840273e-03 
 2.703042e+01  5.182105e-03 
 2.703082e+01  6.518040e-03 
 2.703121e+01  7.738200e-03 
 2.703161e+01  8.671058e-03 
 2.703201e+01  9.230220e-03 
 2.703241e+01  9.383131e-03 
 2.703280e+01  9.105972e-03 
 2.703320e+01  8.422393e-03 
 2.703360e+01  7.392281e-03 
 2.703400e+01  6.100870e-03 
 2.703439e+01  4.674451e-03 
 2.703479e+01  3.224429e-03 
 2.703519e+01  1.903668e-03 
 2.703559e+01  8.331597e-04 
 2.703599e+01  1.192707e-04 
 2.703638e+01 -1.659000e-04 
 2.703678e+01  2.470100e-05 
 2.703718e+01  7.368709e-04 
 2.703758e+01  1.953933e-03 
 2.703797e+01  3.612132e-03 
 2.703837e+01  5.673555e-03 
 2.703877e+01  8.007331e-03 
 2.703917e+01  1.048156e-02 
 2.703956e+01  1.295809e-02 
 2.703996e+01  1.529282e-02 
 2.704036e+01  1.733083e-02 
 2.704076e+01  1.895830e-02 
 2.704116e+01  2.008578e-02 
 2.704155e+01  2.060540e-02 
 2.704195e+01  2.051282e-02 
 2.704235e+01  1.983303e-02 
 2.704275e+01  1.859119e-02 
 2.704314e+01  1.686732e-02 
 2.704354e+01  1.480450e-02 
 2.704394e+01  1.253446e-02 
 2.704434e+01  1.020195e-02 
 2.704473e+01  7.990167e-03 
 2.704513e+01  6.015577e-03 
 2.704553e+01  4.411808e-03 
 2.704593e+01  3.316665e-03 
 2.704633e+01  2.762147e-03 
 2.704672e+01  2.797075e-03 
 2.704712e+01  3.391036e-03 
 2.704752e+01  4.446368e-03 
 2.704792e+01  5.835305e-03 
 2.704831e+01  7.425077e-03 
 2.704871e+01  9.034256e-03 
 2.704911e+01  1.048698e-02 
 2.704951e+01  1.165574e-02 
 2.704990e+01  1.246668e-02 
 2.705030e+01  1.286379e-02 
 2.705070e+01  1.284692e-02 
 2.705110e+01  1.244531e-02 
 2.705150e+01  1.171022e-02 
 2.705189e+01  1.073880e-02 
 2.705229e+01  9.644898e-03 
 2.705269e+01  8.547456e-03 
 2.705309e+01  7.589807e-03 
 2.705348e+01  6.909494e-03 
 2.705388e+01  6.581094e-03 
 2.705428e+01  6.688471e-03 
 2.705468e+01  7.287486e-03 
 2.705507e+01  8.337407e-03 
 2.705547e+01  9.724593e-03 
 2.705587e+01  1.134086e-02 
 2.705627e+01  1.306056e-02 
 2.705667e+01  1.470289e-02 
 2.705706e+01  1.616288e-02 
 2.705746e+01  1.730990e-02 
 2.705786e+01  1.800247e-02 
 2.705826e+01  1.818246e-02 
 2.705865e+01  1.781776e-02 
 2.705905e+01  1.692221e-02 
 2.705945e+01  1.556168e-02 
 2.705985e+01  1.381880e-02 
 2.706024e+01  1.179203e-02 
 2.706064e+01  9.628726e-03 
 2.706104e+01  7.479367e-03 
 2.706144e+01  5.461332e-03 
 2.706184e+01  3.681411e-03 
 2.706223e+01  2.261044e-03 
 2.706263e+01  1.238188e-03 
 2.706303e+01  6.599043e-04 
 2.706343e+01  5.199405e-04 
 2.706382e+01  7.313806e-04 
 2.706422e+01  1.242156e-03 
 2.706462e+01  2.000430e-03 
 2.706502e+01  2.884275e-03 
 2.706541e+01  3.817312e-03 
 2.706581e+01  4.718714e-03 
 2.706621e+01  5.515296e-03 
 2.706661e+01  6.153243e-03 
 2.706701e+01  6.622864e-03 
 2.706740e+01  6.919823e-03 
 2.706780e+01  7.017579e-03 
 2.706820e+01  6.965782e-03 
 2.706860e+01  6.782433e-03 
 2.706899e+01  6.509922e-03 
 2.706939e+01  6.202416e-03 
 2.706979e+01  5.902348e-03 
 2.707019e+01  5.677400e-03 
 2.707058e+01  5.599965e-03 
 2.707098e+01  5.693240e-03 
 2.707138e+01  5.968429e-03 
 2.707178e+01  6.420052e-03 
 2.707218e+01  7.037321e-03 
 2.707257e+01  7.773923e-03 
 2.707297e+01  8.576225e-03 
 2.707337e+01  9.364798e-03 
 2.707377e+01  1.008759e-02 
 2.707416e+01  1.064249e-02 
 2.707456e+01  1.097453e-02 
 2.707496e+01  1.102645e-02 
 2.707536e+01  1.073033e-02 
 2.707575e+01  1.006325e-02 
 2.707615e+01  9.013977e-03 
 2.707655e+01  7.602787e-03 
 2.707695e+01  5.909533e-03 
 2.707735e+01  3.990903e-03 
 2.707774e+01  1.944662e-03 
 2.707814e+01 -4.366477e-05 
 2.707854e+01 -1.820943e-03 
 2.707894e+01 -3.273759e-03 
 2.707933e+01 -4.288295e-03 
 2.707973e+01 -4.759906e-03 
 2.708013e+01 -4.680311e-03 
 2.708053e+01 -4.041184e-03 
 2.708092e+01 -2.871252e-03 
 2.708132e+01 -1.251327e-03 
 2.708172e+01  6.889683e-04 
 2.708212e+01  2.844109e-03 
 2.708252e+01  5.052646e-03 
 2.708291e+01  7.150683e-03 
 2.708331e+01  8.995928e-03 
 2.708371e+01  1.044065e-02 
 2.708411e+01  1.138493e-02 
 2.708450e+01  1.180065e-02 
 2.708490e+01  1.167327e-02 
 2.708530e+01  1.103862e-02 
 2.708570e+01  9.985063e-03 
 2.708609e+01  8.633745e-03 
 2.708649e+01  7.142432e-03 
 2.708689e+01  5.678494e-03 
 2.708729e+01  4.390994e-03 
 2.708769e+01  3.410864e-03 
 2.708808e+01  2.840665e-03 
 2.708848e+01  2.733709e-03 
 2.708888e+01  3.087300e-03 
 2.708928e+01  3.858050e-03 
 2.708967e+01  4.986616e-03 
 2.709007e+01  6.312672e-03 
 2.709047e+01  7.699796e-03 
 2.709087e+01  9.003286e-03 
 2.709126e+01  1.008142e-02 
 2.709166e+01  1.082179e-02 
 2.709206e+01  1.111731e-02 
 2.709246e+01  1.094813e-02 
 2.709286e+01  1.025400e-02 
 2.709325e+01  9.060014e-03 
 2.709365e+01  7.456673e-03 
 2.709405e+01  5.512926e-03 
 2.709445e+01  3.370561e-03 
 2.709484e+01  1.167708e-03 
 2.709524e+01 -9.727773e-04 
 2.709564e+01 -2.892178e-03 
 2.709604e+01 -4.443315e-03 
 2.709643e+01 -5.553548e-03 
 2.709683e+01 -6.143477e-03 
 2.709723e+01 -6.142445e-03 
 2.709763e+01 -5.568186e-03 
 2.709803e+01 -4.456341e-03 
 2.709842e+01 -2.847815e-03 
 2.709882e+01 -8.744871e-04 
 2.709922e+01  1.320770e-03 
 2.709962e+01  3.596224e-03 
 2.710001e+01  5.798362e-03 
 2.710041e+01  7.827831e-03 
 2.710081e+01  9.538488e-03 
 2.710121e+01  1.080113e-02 
 2.710160e+01  1.150495e-02 
 2.710200e+01  1.165705e-02 
 2.710240e+01  1.123853e-02 
 2.710280e+01  1.030356e-02 
 2.710320e+01  8.945204e-03 
 2.710359e+01  7.233901e-03 
 2.710399e+01  5.256087e-03 
 2.710439e+01  3.161928e-03 
 2.710479e+01  1.108516e-03 
 2.710518e+01 -8.109404e-04 
 2.710558e+01 -2.474797e-03 
 2.710598e+01 -3.729235e-03 
 2.710638e+01 -4.492991e-03 
 2.710677e+01 -4.695807e-03 
 2.710717e+01 -4.354545e-03 
 2.710757e+01 -3.584990e-03 
 2.710797e+01 -2.481891e-03 
 2.710837e+01 -1.155843e-03 
 2.710876e+01  2.561039e-04 
 2.710916e+01  1.604884e-03 
 2.710956e+01  2.749954e-03 
 2.710996e+01  3.578258e-03 
 2.711035e+01  3.992962e-03 
 2.711075e+01  3.961280e-03 
 2.711115e+01  3.460896e-03 
 2.711155e+01  2.518278e-03 
 2.711194e+01  1.221519e-03 
 2.711234e+01 -3.005166e-04 
 2.711274e+01 -1.904250e-03 
 2.711314e+01 -3.445742e-03 
 2.711354e+01 -4.769285e-03 
 2.711393e+01 -5.785365e-03 
 2.711433e+01 -6.368702e-03 
 2.711473e+01 -6.415348e-03 
 2.711513e+01 -5.920487e-03 
 2.711552e+01 -4.887494e-03 
 2.711592e+01 -3.362667e-03 
 2.711632e+01 -1.493292e-03 
 2.711672e+01  5.744521e-04 
 2.711712e+01  2.685494e-03 
 2.711751e+01  4.645758e-03 
 2.711791e+01  6.311062e-03 
 2.711831e+01  7.563147e-03 
 2.711871e+01  8.281448e-03 
 2.711910e+01  8.401286e-03 
 2.711950e+01  7.948522e-03 
 2.711990e+01  6.925920e-03 
 2.712030e+01  5.402199e-03 
 2.712069e+01  3.545870e-03 
 2.712109e+01  1.483181e-03 
 2.712149e+01 -6.400981e-04 
 2.712189e+01 -2.643757e-03 
 2.712229e+01 -4.371436e-03 
 2.712268e+01 -5.709481e-03 
 2.712308e+01 -6.579884e-03 
 2.712348e+01 -6.913037e-03 
 2.712388e+01 -6.710489e-03 
 2.712427e+01 -5.981678e-03 
 2.712467e+01 -4.793629e-03 
 2.712507e+01 -3.273390e-03 
 2.712547e+01 -1.510043e-03 
 2.712586e+01  3.547033e-04 
 2.712626e+01  2.193629e-03 
 2.712666e+01  3.906834e-03 
 2.712706e+01  5.418098e-03 
 2.712746e+01  6.607116e-03 
 2.712785e+01  7.407381e-03 
 2.712825e+01  7.828635e-03 
 2.712865e+01  7.878748e-03 
 2.712905e+01  7.607700e-03 
 2.712944e+01  7.107104e-03 
 2.712984e+01  6.465097e-03 
 2.713024e+01  5.791111e-03 
 2.713064e+01  5.214731e-03 
 2.713103e+01  4.837178e-03 
 2.713143e+01  4.686568e-03 
 2.713183e+01  4.825492e-03 
 2.713223e+01  5.299908e-03 
 2.713263e+01  6.052537e-03 
 2.713302e+01  7.069314e-03 
 2.713342e+01  8.296679e-03 
 2.713382e+01  9.627323e-03 
 2.713422e+01  1.097429e-02 
 2.713461e+01  1.227627e-02 
 2.713501e+01  1.343451e-02 
 2.713541e+01  1.434809e-02 
 2.713581e+01  1.494716e-02 
 2.713620e+01  1.513013e-02 
 2.713660e+01  1.484622e-02 
 2.713700e+01  1.413122e-02 
 2.713740e+01  1.301090e-02 
 2.713780e+01  1.156183e-02 
 2.713819e+01  9.909114e-03 
 2.713859e+01  8.144213e-03 
 2.713899e+01  6.356746e-03 
 2.713939e+01  4.684674e-03 
 2.713978e+01  3.240131e-03 
 2.714018e+01  2.132969e-03 
 2.714058e+01  1.468577e-03 
 2.714098e+01  1.318220e-03 
 2.714137e+01  1.695254e-03 
 2.714177e+01  2.618191e-03 
 2.714217e+01  4.009666e-03 
 2.714257e+01  5.763160e-03 
 2.714297e+01  7.785542e-03 
 2.714336e+01  9.953887e-03 
 2.714376e+01  1.211565e-02 
 2.714416e+01  1.415384e-02 
 2.714456e+01  1.595596e-02 
 2.714495e+01  1.737958e-02 
 2.714535e+01  1.831325e-02 
 2.714575e+01  1.874345e-02 
 2.714615e+01  1.867870e-02 
 2.714654e+01  1.812175e-02 
 2.714694e+01  1.717080e-02 
 2.714734e+01  1.592306e-02 
 2.714774e+01  1.451050e-02 
 2.714814e+01  1.305804e-02 
 2.714853e+01  1.171684e-02 
 2.714893e+01  1.057748e-02 
 2.714933e+01  9.721352e-03 
 2.714973e+01  9.221901e-03 
 2.715012e+01  9.088692e-03 
 2.715052e+01  9.323281e-03 
 2.715092e+01  9.863675e-03 
 2.715132e+01  1.056907e-02 
 2.715171e+01  1.134523e-02 
 2.715211e+01  1.210633e-02 
 2.715251e+01  1.274980e-02 
 2.715291e+01  1.317885e-02 
 2.715331e+01  1.332209e-02 
 2.715370e+01  1.312988e-02 
 2.715410e+01  1.262124e-02 
 2.715450e+01  1.185218e-02 
 2.715490e+01  1.083756e-02 
 2.715529e+01  9.639134e-03 
 2.715569e+01  8.359076e-03 
 2.715609e+01  7.096882e-03 
 2.715649e+01  5.961594e-03 
 2.715688e+01  5.061376e-03 
 2.715728e+01  4.478995e-03 
 2.715768e+01  4.231629e-03 
 2.715808e+01  4.384763e-03 
 2.715848e+01  4.921521e-03 
 2.715887e+01  5.791611e-03 
 2.715927e+01  6.906584e-03 
 2.715967e+01  8.179670e-03 
 2.716007e+01  9.516366e-03 
 2.716046e+01  1.085456e-02 
 2.716086e+01  1.210176e-02 
 2.716126e+01  1.316317e-02 
 2.716166e+01  1.398057e-02 
 2.716205e+01  1.452341e-02 
 2.716245e+01  1.477619e-02 
 2.716285e+01  1.471878e-02 
 2.716325e+01  1.440594e-02 
 2.716365e+01  1.385522e-02 
 2.716404e+01  1.310139e-02 
 2.716444e+01  1.218633e-02 
 2.716484e+01  1.115934e-02 
 2.716524e+01  1.007934e-02 
 2.716563e+01  8.997727e-03 
 2.716603e+01  7.992857e-03 
 2.716643e+01  7.115945e-03 
 2.716683e+01  6.405449e-03 
 2.716722e+01  5.883685e-03 
 2.716762e+01  5.523978e-03 
 2.716802e+01  5.323089e-03 
 2.716842e+01  5.276407e-03 
 2.716882e+01  5.325820e-03 
 2.716921e+01  5.459750e-03 
 2.716961e+01  5.663503e-03 
 2.717001e+01  5.862945e-03 
 2.717041e+01  5.984506e-03 
 2.717080e+01  5.997918e-03 
 2.717120e+01  5.821544e-03 
 2.717160e+01  5.437392e-03 
 2.717200e+01  4.886981e-03 
 2.717239e+01  4.226248e-03 
 2.717279e+01  3.536703e-03 
 2.717319e+01  2.898990e-03 
 2.717359e+01  2.367927e-03 
 2.717399e+01  2.000305e-03 
 2.717438e+01  1.874864e-03 
 2.717478e+01  2.062647e-03 
 2.717518e+01  2.577944e-03 
 2.717558e+01  3.427091e-03 
 2.717597e+01  4.612069e-03 
 2.717637e+01  6.070550e-03 
 2.717677e+01  7.718941e-03 
 2.717717e+01  9.427256e-03 
 2.717756e+01  1.104515e-02 
 2.717796e+01  1.245331e-02 
 2.717836e+01  1.356213e-02 
 2.717876e+01  1.426157e-02 
 2.717916e+01  1.447382e-02 
 2.717955e+01  1.415245e-02 
 2.717995e+01  1.327888e-02 
 2.718035e+01  1.191538e-02 
 2.718075e+01  1.017873e-02 
 2.718114e+01  8.210866e-03 
 2.718154e+01  6.129279e-03 
 2.718194e+01  4.087998e-03 
 2.718234e+01  2.252105e-03 
 2.718273e+01  7.258052e-04 
 2.718313e+01 -3.618951e-04 
 2.718353e+01 -9.454745e-04 
 2.718393e+01 -1.016225e-03 
 2.718433e+01 -5.906095e-04 
 2.718472e+01  2.664095e-04 
 2.718512e+01  1.444153e-03 
 2.718552e+01  2.826050e-03 
 2.718592e+01  4.288631e-03 
 2.718631e+01  5.660493e-03 
 2.718671e+01  6.787085e-03 
 2.718711e+01  7.591211e-03 
 2.718751e+01  7.953727e-03 
 2.718790e+01  7.840034e-03 
 2.718830e+01  7.278980e-03 
 2.718870e+01  6.324162e-03 
 2.718910e+01  5.065924e-03 
 2.718950e+01  3.625395e-03 
 2.718989e+01  2.126188e-03 
 2.719029e+01  6.477245e-04 
 2.719069e+01 -6.904060e-04 
 2.719109e+01 -1.805834e-03 
 2.719148e+01 -2.608574e-03 
 2.719188e+01 -3.010454e-03 
 2.719228e+01 -2.992529e-03 
 2.719268e+01 -2.566640e-03 
 2.719307e+01 -1.728358e-03 
 2.719347e+01 -5.755074e-04 
 2.719387e+01  8.032454e-04 
 2.719427e+01  2.323167e-03 
 2.719467e+01  3.852691e-03 
 2.719506e+01  5.283601e-03 
 2.719546e+01  6.472410e-03 
 2.719586e+01  7.341243e-03 
 2.719626e+01  7.799644e-03 
 2.719665e+01  7.797745e-03 
 2.719705e+01  7.321380e-03 
 2.719745e+01  6.333222e-03 
 2.719785e+01  4.891284e-03 
 2.719824e+01  3.087177e-03 
 2.719864e+01  1.017631e-03 
 2.719904e+01 -1.228495e-03 
 2.719944e+01 -3.513873e-03 
 2.719984e+01 -5.667983e-03 
 2.720023e+01 -7.559249e-03 
 2.720063e+01 -9.044670e-03 
 2.720103e+01 -1.001080e-02 
 2.720143e+01 -1.040263e-02 
 2.720182e+01 -1.017216e-02 
 2.720222e+01 -9.330813e-03 
 2.720262e+01 -7.974698e-03 
 2.720302e+01 -6.212041e-03 
 2.720341e+01 -4.177992e-03 
 2.720381e+01 -2.014653e-03 
 2.720421e+01  1.585036e-04 
 2.720461e+01  2.212675e-03 
 2.720501e+01  3.982087e-03 
 2.720540e+01  5.332167e-03 
 2.720580e+01  6.184560e-03 
 2.720620e+01  6.478935e-03 
 2.720660e+01  6.168554e-03 
 2.720699e+01  5.314479e-03 
 2.720739e+01  3.978313e-03 
 2.720779e+01  2.317051e-03 
 2.720819e+01  4.946239e-04 
 2.720858e+01 -1.349256e-03 
 2.720898e+01 -3.051441e-03 
 2.720938e+01 -4.467700e-03 
 2.720978e+01 -5.508807e-03 
 2.721018e+01 -6.104237e-03 
 2.721057e+01 -6.208583e-03 
 2.721097e+01 -5.822593e-03 
 2.721137e+01 -5.033098e-03 
 2.721177e+01 -3.921214e-03 
 2.721216e+01 -2.586258e-03 
 2.721256e+01 -1.184530e-03 
 2.721296e+01  1.541926e-04 
 2.721336e+01  1.313857e-03 
 2.721376e+01  2.179472e-03 
 2.721415e+01  2.692453e-03 
 2.721455e+01  2.829939e-03 
 2.721495e+01  2.584127e-03 
 2.721535e+01  2.003053e-03 
 2.721574e+01  1.120032e-03 
 2.721614e+01  2.077235e-05 
 2.721654e+01 -1.164960e-03 
 2.721694e+01 -2.310411e-03 
 2.721733e+01 -3.282435e-03 
 2.721773e+01 -3.972581e-03 
 2.721813e+01 -4.294832e-03 
 2.721853e+01 -4.170753e-03 
 2.721893e+01 -3.612299e-03 
 2.721932e+01 -2.642818e-03 
 2.721972e+01 -1.315142e-03 
 2.722012e+01  2.991448e-04 
 2.722052e+01  2.148936e-03 
 2.722091e+01  4.132059e-03 
 2.722131e+01  6.094484e-03 
 2.722171e+01  7.930135e-03 
 2.722211e+01  9.529403e-03 
 2.722250e+01  1.079349e-02 
 2.722290e+01  1.165963e-02 
 2.722330e+01  1.211560e-02 
 2.722370e+01  1.219213e-02 
 2.722410e+01  1.192861e-02 
 2.722449e+01  1.141592e-02 
 2.722489e+01  1.067707e-02 
 2.722529e+01  9.765806e-03 
 2.722569e+01  8.752596e-03 
 2.722608e+01  7.695544e-03 
 2.722648e+01  6.690341e-03 
 2.722688e+01  5.811851e-03 
 2.722728e+01  5.113746e-03 
 2.722767e+01  4.637804e-03 
 2.722807e+01  4.448935e-03 
 2.722847e+01  4.552125e-03 
 2.722887e+01  4.899264e-03 
 2.722927e+01  5.463682e-03 
 2.722966e+01  6.178123e-03 
 2.723006e+01  6.969009e-03 
 2.723046e+01  7.769039e-03 
 2.723086e+01  8.503886e-03 
 2.723125e+01  9.097398e-03 
 2.723165e+01  9.510529e-03 
 2.723205e+01  9.707681e-03 
 2.723245e+01  9.712809e-03 
 2.723284e+01  9.559441e-03 
 2.723324e+01  9.306844e-03 
 2.723364e+01  8.979981e-03 
 2.723404e+01  8.625978e-03 
 2.723444e+01  8.321589e-03 
 2.723483e+01  8.106308e-03 
 2.723523e+01  8.047845e-03 
 2.723563e+01  8.223664e-03 
 2.723603e+01  8.661134e-03 
 2.723642e+01  9.374453e-03 
 2.723682e+01  1.036887e-02 
 2.723722e+01  1.160669e-02 
 2.723762e+01  1.300412e-02 
 2.723801e+01  1.447563e-02 
 2.723841e+01  1.592255e-02 
 2.723881e+01  1.724849e-02 
 2.723921e+01  1.836586e-02 
 2.723961e+01  1.919333e-02 
 2.724000e+01  1.964231e-02 
 2.724040e+01  1.966178e-02 
 2.724080e+01  1.923986e-02 
 2.724120e+01  1.837300e-02 
 2.724159e+01  1.710341e-02 
 2.724199e+01  1.552557e-02 
 2.724239e+01  1.372781e-02 
 2.724279e+01  1.182072e-02 
 2.724318e+01  9.953773e-03 
 2.724358e+01  8.240166e-03 
 2.724398e+01  6.801292e-03 
 2.724438e+01  5.739131e-03 
 2.724478e+01  5.087485e-03 
 2.724517e+01  4.845757e-03 
 2.724557e+01  5.043576e-03 
 2.724597e+01  5.608942e-03 
 2.724637e+01  6.464560e-03 
 2.724676e+01  7.496685e-03 
 2.724716e+01  8.606575e-03 
 2.724756e+01  9.672166e-03 
 2.724796e+01  1.061714e-02 
 2.724835e+01  1.137588e-02 
 2.724875e+01  1.187427e-02 
 2.724915e+01  1.211012e-02 
 2.724955e+01  1.209182e-02 
 2.724995e+01  1.184105e-02 
 2.725034e+01  1.141064e-02 
 2.725074e+01  1.086184e-02 
 2.725114e+01  1.023700e-02 
 2.725154e+01  9.639157e-03 
 2.725193e+01  9.167486e-03 
 2.725233e+01  8.876997e-03 
 2.725273e+01  8.809671e-03 
 2.725313e+01  8.989314e-03 
 2.725352e+01  9.395943e-03 
 2.725392e+01  9.970845e-03 
 2.725432e+01  1.063802e-02 
 2.725472e+01  1.135109e-02 
 2.725512e+01  1.201913e-02 
 2.725551e+01  1.257142e-02 
 2.725591e+01  1.297834e-02 
 2.725631e+01  1.320243e-02 
 2.725671e+01  1.320588e-02 
 2.725710e+01  1.295119e-02 
 2.725750e+01  1.239872e-02 
 2.725790e+01  1.156857e-02 
 2.725830e+01  1.048497e-02 
 2.725869e+01  9.199756e-03 
 2.725909e+01  7.764276e-03 
 2.725949e+01  6.281227e-03 
 2.725989e+01  4.805383e-03 
 2.726029e+01  3.426884e-03 
 2.726068e+01  2.218708e-03 
 2.726108e+01  1.246323e-03 
 2.726148e+01  5.284266e-04 
 2.726188e+01  1.238674e-04 
 2.726227e+01  6.422956e-05 
 2.726267e+01  3.087360e-04 
 2.726307e+01  8.706819e-04 
 2.726347e+01  1.685597e-03 
 2.726386e+01  2.720210e-03 
 2.726426e+01  3.914164e-03 
 2.726466e+01  5.224486e-03 
 2.726506e+01  6.533104e-03 
 2.726546e+01  7.787198e-03 
 2.726585e+01  8.910710e-03 
 2.726625e+01  9.838450e-03 
 2.726665e+01  1.053263e-02 
 2.726705e+01  1.094243e-02 
 2.726744e+01  1.104816e-02 
 2.726784e+01  1.088363e-02 
 2.726824e+01  1.047531e-02 
 2.726864e+01  9.901461e-03 
 2.726903e+01  9.213186e-03 
 2.726943e+01  8.516972e-03 
 2.726983e+01  7.882643e-03 
 2.727023e+01  7.381122e-03 
 2.727063e+01  7.058296e-03 
 2.727102e+01  6.929493e-03 
 2.727142e+01  6.991652e-03 
 2.727182e+01  7.239588e-03 
 2.727222e+01  7.633802e-03 
 2.727261e+01  8.110865e-03 
 2.727301e+01  8.555971e-03 
 2.727341e+01  8.859851e-03 
 2.727381e+01  8.960887e-03 
 2.727420e+01  8.791309e-03 
 2.727460e+01  8.301699e-03 
 2.727500e+01  7.474751e-03 
 2.727540e+01  6.326725e-03 
 2.727580e+01  4.945747e-03 
 2.727619e+01  3.383611e-03 
 2.727659e+01  1.752411e-03 
 2.727699e+01  1.759539e-04 
 2.727739e+01 -1.238630e-03 
 2.727778e+01 -2.376648e-03 
 2.727818e+01 -3.092867e-03 
 2.727858e+01 -3.306924e-03 
 2.727898e+01 -2.988543e-03 
 2.727937e+01 -2.151121e-03 
 2.727977e+01 -8.259151e-04 
 2.728017e+01  8.889918e-04 
 2.728057e+01  2.855854e-03 
 2.728097e+01  4.925117e-03 
 2.728136e+01  6.938610e-03 
 2.728176e+01  8.758774e-03 
 2.728216e+01  1.024107e-02 
 2.728256e+01  1.127435e-02 
 2.728295e+01  1.182453e-02 
 2.728335e+01  1.186775e-02 
 2.728375e+01  1.142552e-02 
 2.728415e+01  1.056765e-02 
 2.728454e+01  9.379957e-03 
 2.728494e+01  7.945756e-03 
 2.728534e+01  6.373758e-03 
 2.728574e+01  4.773797e-03 
 2.728614e+01  3.223162e-03 
 2.728653e+01  1.825607e-03 
 2.728693e+01  6.786129e-04 
 2.728733e+01 -1.665586e-04 
 2.728773e+01 -6.463223e-04 
 2.728812e+01 -7.381964e-04 
 2.728852e+01 -5.078039e-04 
 2.728892e+01 -1.621431e-05 
 2.728932e+01  6.586425e-04 
 2.728971e+01  1.420324e-03 
 2.729011e+01  2.180143e-03 
 2.729051e+01  2.828556e-03 
 2.729091e+01  3.311809e-03 
 2.729131e+01  3.577540e-03 
 2.729170e+01  3.599566e-03 
 2.729210e+01  3.364119e-03 
 2.729250e+01  2.847504e-03 
 2.729290e+01  2.075291e-03 
 2.729329e+01  1.094150e-03 
 2.729369e+01 -2.741461e-05 
 2.729409e+01 -1.218855e-03 
 2.729449e+01 -2.370642e-03 
 2.729488e+01 -3.421299e-03 
 2.729528e+01 -4.268392e-03 
 2.729568e+01 -4.815712e-03 
 2.729608e+01 -4.980484e-03 
 2.729648e+01 -4.742612e-03 
 2.729687e+01 -4.085199e-03 
 2.729727e+01 -3.021881e-03 
 2.729767e+01 -1.567906e-03 
 2.729807e+01  2.116708e-04 
 2.729846e+01  2.191805e-03 
 2.729886e+01  4.233244e-03 
 2.729926e+01  6.186716e-03 
 2.729966e+01  7.917554e-03 
 2.730005e+01  9.272317e-03 
 2.730045e+01  1.017084e-02 
 2.730085e+01  1.051891e-02 
 2.730125e+01  1.023940e-02 
 2.730165e+01  9.356303e-03 
 2.730204e+01  7.920519e-03 
 2.730244e+01  5.998358e-03 
 2.730284e+01  3.717714e-03 
 2.730324e+01  1.223068e-03 
 2.730363e+01 -1.316285e-03 
 2.730403e+01 -3.703592e-03 
 2.730443e+01 -5.809794e-03 
 2.730483e+01 -7.501797e-03 
 2.730523e+01 -8.707311e-03 
 2.730562e+01 -9.363851e-03 
 2.730602e+01 -9.455077e-03 
 2.730642e+01 -9.001293e-03 
 2.730682e+01 -8.063267e-03 
 2.730721e+01 -6.735734e-03 
 2.730761e+01 -5.139512e-03 
 2.730801e+01 -3.364646e-03 
 2.730841e+01 -1.580268e-03 
 2.730880e+01  9.592120e-05 
 2.730920e+01  1.538623e-03 
 2.730960e+01  2.658878e-03 
 2.731000e+01  3.449264e-03 
 2.731040e+01  3.883315e-03 
 2.731079e+01  3.986858e-03 
 2.731119e+01  3.820415e-03 
 2.731159e+01  3.468149e-03 
 2.731199e+01  3.049947e-03 
 2.731238e+01  2.648285e-03 
 2.731278e+01  2.334238e-03 
 2.731318e+01  2.170686e-03 
 2.731358e+01  2.210940e-03 
 2.731397e+01  2.479532e-03 
 2.731437e+01  2.991953e-03 
 2.731477e+01  3.706018e-03 
 2.731517e+01  4.592691e-03 
 2.731557e+01  5.558896e-03 
 2.731596e+01  6.570102e-03 
 2.731636e+01  7.524566e-03 
 2.731676e+01  8.353977e-03 
 2.731716e+01  8.998107e-03 
 2.731755e+01  9.387249e-03 
 2.731795e+01  9.534925e-03 
 2.731835e+01  9.416982e-03 
 2.731875e+01  9.019003e-03 
 2.731914e+01  8.354920e-03 
 2.731954e+01  7.451770e-03 
 2.731994e+01  6.360219e-03 
 2.732034e+01  5.121614e-03 
 2.732074e+01  3.791977e-03 
 2.732113e+01  2.450999e-03 
 2.732153e+01  1.178954e-03 
 2.732193e+01  7.756238e-05 
 2.732233e+01 -7.668612e-04 
 2.732272e+01 -1.274280e-03 
 2.732312e+01 -1.424311e-03 
 2.732352e+01 -1.204428e-03 
 2.732392e+01 -6.098538e-04 
 2.732431e+01  3.201493e-04 
 2.732471e+01  1.510762e-03 
 2.732511e+01  2.892765e-03 
 2.732551e+01  4.383046e-03 
 2.732591e+01  5.912604e-03 
 2.732630e+01  7.405358e-03 
 2.732670e+01  8.774713e-03 
 2.732710e+01  9.956520e-03 
 2.732750e+01  1.091051e-02 
 2.732789e+01  1.159724e-02 
 2.732829e+01  1.201928e-02 
 2.732869e+01  1.219564e-02 
 2.732909e+01  1.212972e-02 
 2.732948e+01  1.188025e-02 
 2.732988e+01  1.150661e-02 
 2.733028e+01  1.106498e-02 
 2.733068e+01  1.063069e-02 
 2.733108e+01  1.026671e-02 
 2.733147e+01  1.002023e-02 
 2.733187e+01  9.905274e-03 
 2.733227e+01  9.937913e-03 
 2.733267e+01  1.007448e-02 
 2.733306e+01  1.027239e-02 
 2.733346e+01  1.049334e-02 
 2.733386e+01  1.066917e-02 
 2.733426e+01  1.073459e-02 
 2.733465e+01  1.064633e-02 
 2.733505e+01  1.036297e-02 
 2.733545e+01  9.844801e-03 
 2.733585e+01  9.109132e-03 
 2.733625e+01  8.136744e-03 
 2.733664e+01  6.953779e-03 
 2.733704e+01  5.639172e-03 
 2.733744e+01  4.263438e-03 
 2.733784e+01  2.948930e-03 
 2.733823e+01  1.785617e-03 
 2.733863e+01  8.779574e-04 
 2.733903e+01  3.205566e-04 
 2.733943e+01  1.943019e-04 
 2.733982e+01  5.323824e-04 
 2.734022e+01  1.337390e-03 
 2.734062e+01  2.540015e-03 
 2.734102e+01  4.074343e-03 
 2.734142e+01  5.845290e-03 
 2.734181e+01  7.732547e-03 
 2.734221e+01  9.622368e-03 
 2.734261e+01  1.137519e-02 
 2.734301e+01  1.288916e-02 
 2.734340e+01  1.412379e-02 
 2.734380e+01  1.500405e-02 
 2.734420e+01  1.551663e-02 
 2.734460e+01  1.561279e-02 
 2.734499e+01  1.531648e-02 
 2.734539e+01  1.465036e-02 
 2.734579e+01  1.370468e-02 
 2.734619e+01  1.259376e-02 
 2.734659e+01  1.139027e-02 
 2.734698e+01  1.018343e-02 
 2.734738e+01  9.062426e-03 
 2.734778e+01  8.102730e-03 
 2.734818e+01  7.345790e-03 
 2.734857e+01  6.817984e-03 
 2.734897e+01  6.492884e-03 
 2.734937e+01  6.367140e-03 
 2.734977e+01  6.431758e-03 
 2.735016e+01  6.623919e-03 
 2.735056e+01  6.881428e-03 
 2.735096e+01  7.140105e-03 
 2.735136e+01  7.297830e-03 
 2.735176e+01  7.293911e-03 
 2.735215e+01  7.115122e-03 
 2.735255e+01  6.738393e-03 
 2.735295e+01  6.190708e-03 
 2.735335e+01  5.485640e-03 
 2.735374e+01  4.690942e-03 
 2.735414e+01  3.867028e-03 
 2.735454e+01  3.104952e-03 
 2.735494e+01  2.449240e-03 
 2.735533e+01  1.946424e-03 
 2.735573e+01  1.670203e-03 
 2.735613e+01  1.661582e-03 
 2.735653e+01  1.954543e-03 
 2.735693e+01  2.557654e-03 
 2.735732e+01  3.476126e-03 
 2.735772e+01  4.676582e-03 
 2.735812e+01  6.112440e-03 
 2.735852e+01  7.734324e-03 
 2.735891e+01  9.440933e-03 
 2.735931e+01  1.117531e-02 
 2.735971e+01  1.285004e-02 
 2.736011e+01  1.438422e-02 
 2.736050e+01  1.568320e-02 
 2.736090e+01  1.667383e-02 
 2.736130e+01  1.728406e-02 
 2.736170e+01  1.745644e-02 
 2.736210e+01  1.718892e-02 
 2.736249e+01  1.648662e-02 
 2.736289e+01  1.537478e-02 
 2.736329e+01  1.395814e-02 
 2.736369e+01  1.234465e-02 
 2.736408e+01  1.062789e-02 
 2.736448e+01  8.912621e-03 
 2.736488e+01  7.297329e-03 
 2.736528e+01  5.843094e-03 
 2.736567e+01  4.670373e-03 
 2.736607e+01  3.832088e-03 
 2.736647e+01  3.357984e-03 
 2.736687e+01  3.250099e-03 
 2.736727e+01  3.498488e-03 
 2.736766e+01  4.024605e-03 
 2.736806e+01  4.765303e-03 
 2.736846e+01  5.636040e-03 
 2.736886e+01  6.509353e-03 
 2.736925e+01  7.286526e-03 
 2.736965e+01  7.922896e-03 
 2.737005e+01  8.362474e-03 
 2.737045e+01  8.580285e-03 
 2.737084e+01  8.561510e-03 
 2.737124e+01  8.323179e-03 
 2.737164e+01  7.922265e-03 
 2.737204e+01  7.472156e-03 
 2.737244e+01  7.044110e-03 
 2.737283e+01  6.725941e-03 
 2.737323e+01  6.609929e-03 
 2.737363e+01  6.745653e-03 
 2.737403e+01  7.164415e-03 
 2.737442e+01  7.911343e-03 
 2.737482e+01  8.918652e-03 
 2.737522e+01  1.013063e-02 
 2.737562e+01  1.144851e-02 
 2.737601e+01  1.277877e-02 
 2.737641e+01  1.402473e-02 
 2.737681e+01  1.506293e-02 
 2.737721e+01  1.578009e-02 
 2.737761e+01  1.611399e-02 
 2.737800e+01  1.600090e-02 
 2.737840e+01  1.545323e-02 
 2.737880e+01  1.447686e-02 
 2.737920e+01  1.310197e-02 
 2.737959e+01  1.139688e-02 
 2.737999e+01  9.449696e-03 
 2.738039e+01  7.339254e-03 
 2.738079e+01  5.207660e-03 
 2.738118e+01  3.158541e-03 
 2.738158e+01  1.305431e-03 
 2.738198e+01 -2.717539e-04 
 2.738238e+01 -1.486862e-03 
 2.738278e+01 -2.346525e-03 
 2.738317e+01 -2.814411e-03 
 2.738357e+01 -2.911618e-03 
 2.738397e+01 -2.674282e-03 
 2.738437e+01 -2.159492e-03 
 2.738476e+01 -1.382243e-03 
 2.738516e+01 -4.287408e-04 
 2.738556e+01  6.654613e-04 
 2.738596e+01  1.839457e-03 
 2.738635e+01  2.983703e-03 
 2.738675e+01  4.003220e-03 
 2.738715e+01  4.857778e-03 
 2.738755e+01  5.480246e-03 
 2.738795e+01  5.846664e-03 
 2.738834e+01  5.966010e-03 
 2.738874e+01  5.820733e-03 
 2.738914e+01  5.451419e-03 
 2.738954e+01  4.891999e-03 
 2.738993e+01  4.200113e-03 
 2.739033e+01  3.430200e-03 
 2.739073e+01  2.689514e-03 
 2.739113e+01  2.064013e-03 
 2.739152e+01  1.646636e-03 
 2.739192e+01  1.524133e-03 
 2.739232e+01  1.727990e-03 
 2.739272e+01  2.206890e-03 
 2.739312e+01  2.898403e-03 
 2.739351e+01  3.727801e-03 
 2.739391e+01  4.585859e-03 
 2.739431e+01  5.385483e-03 
 2.739471e+01  6.036796e-03 
 2.739510e+01  6.444514e-03 
 2.739550e+01  6.562836e-03 
 2.739590e+01  6.310968e-03 
 2.739630e+01  5.637158e-03 
 2.739670e+01  4.511801e-03 
 2.739709e+01  2.944440e-03 
 2.739749e+01  1.020869e-03 
 2.739789e+01 -1.149502e-03 
 2.739829e+01 -3.410023e-03 
 2.739868e+01 -5.593606e-03 
 2.739908e+01 -7.586881e-03 
 2.739948e+01 -9.248938e-03 
 2.739988e+01 -1.044878e-02 
 2.740027e+01 -1.111456e-02 
 2.740067e+01 -1.117592e-02 
 2.740107e+01 -1.061736e-02 
 2.740147e+01 -9.483857e-03 
 2.740187e+01 -7.850024e-03 
 2.740226e+01 -5.828867e-03 
 2.740266e+01 -3.601962e-03 
 2.740306e+01 -1.326465e-03 
 2.740346e+01  8.580010e-04 
 2.740385e+01  2.797911e-03 
 2.740425e+01  4.394797e-03 
 2.740465e+01  5.594943e-03 
 2.740505e+01  6.356840e-03 
 2.740544e+01  6.685450e-03 
 2.740584e+01  6.617613e-03 
 2.740624e+01  6.171719e-03 
 2.740664e+01  5.417269e-03 
 2.740704e+01  4.453630e-03 
 2.740743e+01  3.416372e-03 
 2.740783e+01  2.392875e-03 
 2.740823e+01  1.480512e-03 
 2.740863e+01  7.281660e-04 
 2.740902e+01  1.637178e-04 
 2.740942e+01 -1.616192e-04 
 2.740982e+01 -2.569982e-04 
 2.741022e+01 -1.743706e-04 
 2.741061e+01  5.299999e-05 
 2.741101e+01  3.591247e-04 
 2.741141e+01  7.001645e-04 
 2.741181e+01  1.042877e-03 
 2.741221e+01  1.327449e-03 
 2.741260e+01  1.500368e-03 
 2.741300e+01  1.526961e-03 
 2.741340e+01  1.402077e-03 
 2.741380e+01  1.128512e-03 
 2.741419e+01  7.303387e-04 
 2.741459e+01  2.310370e-04 
 2.741499e+01 -3.433075e-04 
 2.741539e+01 -9.514457e-04 
 2.741578e+01 -1.511213e-03 
 2.741618e+01 -1.975957e-03 
 2.741658e+01 -2.307936e-03 
 2.741698e+01 -2.453857e-03 
 2.741738e+01 -2.382022e-03 
 2.741777e+01 -2.063080e-03 
 2.741817e+01 -1.477809e-03 
 2.741857e+01 -6.264594e-04 
 2.741897e+01  4.601376e-04 
 2.741936e+01  1.744129e-03 
 2.741976e+01  3.191972e-03 
 2.742016e+01  4.735551e-03 
 2.742056e+01  6.304641e-03 
 2.742095e+01  7.824915e-03 
 2.742135e+01  9.181893e-03 
 2.742175e+01  1.028867e-02 
 2.742215e+01  1.112251e-02 
 2.742255e+01  1.162484e-02 
 2.742294e+01  1.177734e-02 
 2.742334e+01  1.161489e-02 
 2.742374e+01  1.115205e-02 
 2.742414e+01  1.043753e-02 
 2.742453e+01  9.521514e-03 
 2.742493e+01  8.451011e-03 
 2.742533e+01  7.298868e-03 
 2.742573e+01  6.150004e-03 
 2.742612e+01  5.078550e-03 
 2.742652e+01  4.148036e-03 
 2.742692e+01  3.431747e-03 
 2.742732e+01  2.952024e-03 
 2.742772e+01  2.710424e-03 
 2.742811e+01  2.703006e-03 
 2.742851e+01  2.882019e-03 
 2.742891e+01  3.192305e-03 
 2.742931e+01  3.593799e-03 
 2.742970e+01  4.049015e-03 
 2.743010e+01  4.483572e-03 
 2.743050e+01  4.848954e-03 
 2.743090e+01  5.102010e-03 
 2.743129e+01  5.227116e-03 
 2.743169e+01  5.224284e-03 
 2.743209e+01  5.104349e-03 
 2.743249e+01  4.894680e-03 
 2.743289e+01  4.645491e-03 
 2.743328e+01  4.432877e-03 
 2.743368e+01  4.346710e-03 
 2.743408e+01  4.443903e-03 
 2.743448e+01  4.762366e-03 
 2.743487e+01  5.332184e-03 
 2.743527e+01  6.139712e-03 
 2.743567e+01  7.176875e-03 
 2.743607e+01  8.407409e-03 
 2.743646e+01  9.758802e-03 
 2.743686e+01  1.114506e-02 
 2.743726e+01  1.250054e-02 
 2.743766e+01  1.371329e-02 
 2.743806e+01  1.470165e-02 
 2.743845e+01  1.538827e-02 
 2.743885e+01  1.568815e-02 
 2.743925e+01  1.558551e-02 
 2.743965e+01  1.509303e-02 
 2.744004e+01  1.424699e-02 
 2.744044e+01  1.308954e-02 
 2.744084e+01  1.169845e-02 
 2.744124e+01  1.016009e-02 
 2.744163e+01  8.562242e-03 
 2.744203e+01  6.997550e-03 
 2.744243e+01  5.572529e-03 
 2.744283e+01  4.356327e-03 
 2.744323e+01  3.433363e-03 
 2.744362e+01  2.878037e-03 
 2.744402e+01  2.695809e-03 
 2.744442e+01  2.890866e-03 
 2.744482e+01  3.377180e-03 
 2.744521e+01  4.101057e-03 
 2.744561e+01  4.991938e-03 
 2.744601e+01  5.982005e-03 
 2.744641e+01  7.009034e-03 
 2.744680e+01  8.003612e-03 
 2.744720e+01  8.951250e-03 
 2.744760e+01  9.775556e-03 
 2.744800e+01  1.044240e-02 
 2.744840e+01  1.091086e-02 
 2.744879e+01  1.118563e-02 
 2.744919e+01  1.130546e-02 
 2.744959e+01  1.128861e-02 
 2.744999e+01  1.120417e-02 
 2.745038e+01  1.106224e-02 
 2.745078e+01  1.093320e-02 
 2.745118e+01  1.086544e-02 
 2.745158e+01  1.089216e-02 
 2.745197e+01  1.105750e-02 
 2.745237e+01  1.137853e-02 
 2.745277e+01  1.183901e-02 
 2.745317e+01  1.245924e-02 
 2.745357e+01  1.320894e-02 
 2.745396e+01  1.402908e-02 
 2.745436e+01  1.484062e-02 
 2.745476e+01  1.558455e-02 
 2.745516e+01  1.618726e-02 
 2.745555e+01  1.658213e-02 
 2.745595e+01  1.673052e-02 
 2.745635e+01  1.656141e-02 
 2.745675e+01  1.604820e-02 
 2.745714e+01  1.521155e-02 
 2.745754e+01  1.406410e-02 
 2.745794e+01  1.265416e-02 
 2.745834e+01  1.105772e-02 
 2.745874e+01  9.351252e-03 
 2.745913e+01  7.654362e-03 
 2.745953e+01  6.092404e-03 
 2.745993e+01  4.764428e-03 
 2.746033e+01  3.739712e-03 
 2.746072e+01  3.083087e-03 
 2.746112e+01  2.849077e-03 
 2.746152e+01  3.069385e-03 
 2.746192e+01  3.746550e-03 
 2.746231e+01  4.803784e-03 
 2.746271e+01  6.154796e-03 
 2.746311e+01  7.719826e-03 
 2.746351e+01  9.362374e-03 
 2.746391e+01  1.095193e-02 
 2.746430e+01  1.237215e-02 
 2.746470e+01  1.353272e-02 
 2.746510e+01  1.439751e-02 
 2.746550e+01  1.491650e-02 
 2.746589e+01  1.511934e-02 
 2.746629e+01  1.499284e-02 
 2.746669e+01  1.457447e-02 
 2.746709e+01  1.392865e-02 
 2.746748e+01  1.314955e-02 
 2.746788e+01  1.233945e-02 
 2.746828e+01  1.157085e-02 
 2.746868e+01  1.093262e-02 
 2.746908e+01  1.046993e-02 
 2.746947e+01  1.022668e-02 
 2.746987e+01  1.019756e-02 
 2.747027e+01  1.032686e-02 
 2.747067e+01  1.058232e-02 
 2.747106e+01  1.089480e-02 
 2.747146e+01  1.118229e-02 
 2.747186e+01  1.135136e-02 
 2.747226e+01  1.133055e-02 
 2.747265e+01  1.105337e-02 
 2.747305e+01  1.047135e-02 
 2.747345e+01  9.603435e-03 
 2.747385e+01  8.439470e-03 
 2.747425e+01  7.053745e-03 
 2.747464e+01  5.506233e-03 
 2.747504e+01  3.884272e-03 
 2.747544e+01  2.291746e-03 
 2.747584e+01  8.034164e-04 
 2.747623e+01 -5.008071e-04 
 2.747663e+01 -1.565414e-03 
 2.747703e+01 -2.322759e-03 
 2.747743e+01 -2.731283e-03 
 2.747782e+01 -2.788134e-03 
 2.747822e+01 -2.474249e-03 
 2.747862e+01 -1.836659e-03 
 2.747902e+01 -8.891855e-04 
 2.747942e+01  3.061780e-04 
 2.747981e+01  1.670632e-03 
 2.748021e+01  3.110219e-03 
 2.748061e+01  4.550386e-03 
 2.748101e+01  5.894772e-03 
 2.748140e+01  7.090944e-03 
 2.748180e+01  8.059955e-03 
 2.748220e+01  8.750287e-03 
 2.748260e+01  9.110489e-03 
 2.748299e+01  9.142989e-03 
 2.748339e+01  8.842218e-03 
 2.748379e+01  8.242469e-03 
 2.748419e+01  7.359636e-03 
 2.748459e+01  6.219045e-03 
 2.748498e+01  4.913909e-03 
 2.748538e+01  3.532578e-03 
 2.748578e+01  2.142637e-03 
 2.748618e+01  8.151584e-04 
 2.748657e+01 -3.851747e-04 
 2.748697e+01 -1.404598e-03 
 2.748737e+01 -2.194473e-03 
 2.748777e+01 -2.747231e-03 
 2.748817e+01 -3.041410e-03 
 2.748856e+01 -3.096366e-03 
 2.748896e+01 -2.929952e-03 
 2.748936e+01 -2.583416e-03 
 2.748976e+01 -2.123309e-03 
 2.749015e+01 -1.645893e-03 
 2.749055e+01 -1.256717e-03 
 2.749095e+01 -1.034000e-03 
 2.749135e+01 -1.035885e-03 
 2.749174e+01 -1.299046e-03 
 2.749214e+01 -1.833716e-03 
 2.749254e+01 -2.632963e-03 
 2.749294e+01 -3.629209e-03 
 2.749334e+01 -4.734521e-03 
 2.749373e+01 -5.865772e-03 
 2.749413e+01 -6.903807e-03 
 2.749453e+01 -7.750143e-03 
 2.749493e+01 -8.299656e-03 
 2.749532e+01 -8.472808e-03 
 2.749572e+01 -8.221362e-03 
 2.749612e+01 -7.524479e-03 
 2.749652e+01 -6.401700e-03 
 2.749691e+01 -4.907643e-03 
 2.749731e+01 -3.130307e-03 
 2.749771e+01 -1.137877e-03 
 2.749811e+01  9.325176e-04 
 2.749851e+01  2.958421e-03 
 2.749890e+01  4.802402e-03 
 2.749930e+01  6.342652e-03 
 2.749970e+01  7.461296e-03 
 2.750010e+01  8.085941e-03 
 2.750049e+01  8.213555e-03 
 2.750089e+01  7.821675e-03 
 2.750129e+01  6.985445e-03 
 2.750169e+01  5.780987e-03 
 2.750208e+01  4.290102e-03 
 2.750248e+01  2.637115e-03 
 2.750288e+01  9.412935e-04 
 2.750328e+01 -6.959751e-04 
 2.750368e+01 -2.167827e-03 
 2.750407e+01 -3.373466e-03 
 2.750447e+01 -4.260031e-03 
 2.750487e+01 -4.777901e-03 
 2.750527e+01 -4.898052e-03 
 2.750566e+01 -4.657087e-03 
 2.750606e+01 -4.098893e-03 
 2.750646e+01 -3.307275e-03 
 2.750686e+01 -2.353936e-03 
 2.750725e+01 -1.293821e-03 
 2.750765e+01 -1.955031e-04 
 2.750805e+01  8.583592e-04 
 2.750845e+01  1.811680e-03 
 2.750885e+01  2.634745e-03 
 2.750924e+01  3.280490e-03 
 2.750964e+01  3.731520e-03 
 2.751004e+01  3.972467e-03 
 2.751044e+01  4.037209e-03 
 2.751083e+01  3.947166e-03 
 2.751123e+01  3.751995e-03 
 2.751163e+01  3.507524e-03 
 2.751203e+01  3.241889e-03 
 2.751242e+01  3.001367e-03 
 2.751282e+01  2.840674e-03 
 2.751322e+01  2.820720e-03 
 2.751362e+01  2.966659e-03 
 2.751402e+01  3.320034e-03 
 2.751441e+01  3.839747e-03 
 2.751481e+01  4.504611e-03 
 2.751521e+01  5.277845e-03 
 2.751561e+01  6.109278e-03 
 2.751600e+01  6.892278e-03 
 2.751640e+01  7.586364e-03 
 2.751680e+01  8.163847e-03 
 2.751720e+01  8.554107e-03 
 2.751759e+01  8.741196e-03 
 2.751799e+01  8.691399e-03 
 2.751839e+01  8.376954e-03 
 2.751879e+01  7.806804e-03 
 2.751919e+01  7.027128e-03 
 2.751958e+01  6.067205e-03 
 2.751998e+01  5.009040e-03 
 2.752038e+01  3.962164e-03 
 2.752078e+01  2.994454e-03 
 2.752117e+01  2.233662e-03 
 2.752157e+01  1.758662e-03 
 2.752197e+01  1.585063e-03 
 2.752237e+01  1.731747e-03 
 2.752276e+01  2.176382e-03 
 2.752316e+01  2.869264e-03 
 2.752356e+01  3.759516e-03 
 2.752396e+01  4.780232e-03 
 2.752436e+01  5.870079e-03 
 2.752475e+01  6.948761e-03 
 2.752515e+01  7.953140e-03 
 2.752555e+01  8.819143e-03 
 2.752595e+01  9.470227e-03 
 2.752634e+01  9.898856e-03 
 2.752674e+01  1.011809e-02 
 2.752714e+01  1.013211e-02 
 2.752754e+01  1.001831e-02 
 2.752793e+01  9.818754e-03 
 2.752833e+01  9.568300e-03 
 2.752873e+01  9.321778e-03 
 2.752913e+01  9.140234e-03 
 2.752953e+01  9.073856e-03 
 2.752992e+01  9.118836e-03 
 2.753032e+01  9.286850e-03 
 2.753072e+01  9.572204e-03 
 2.753112e+01  9.947622e-03 
 2.753151e+01  1.036250e-02 
 2.753191e+01  1.073651e-02 
 2.753231e+01  1.098155e-02 
 2.753271e+01  1.104806e-02 
 2.753310e+01  1.091821e-02 
 2.753350e+01  1.056181e-02 
 2.753390e+01  9.998777e-03 
 2.753430e+01  9.237732e-03 
 2.753470e+01  8.295183e-03 
 2.753509e+01  7.238520e-03 
 2.753549e+01  6.147829e-03 
 2.753589e+01  5.069560e-03 
 2.753629e+01  4.094187e-03 
 2.753668e+01  3.315697e-03 
 2.753708e+01  2.772123e-03 
 2.753748e+01  2.524841e-03 
 2.753788e+01  2.569845e-03 
 2.753827e+01  2.869702e-03 
 2.753867e+01  3.409814e-03 
 2.753907e+01  4.179062e-03 
 2.753947e+01  5.143772e-03 
 2.753987e+01  6.246702e-03 
 2.754026e+01  7.485932e-03 
 2.754066e+01  8.786666e-03 
 2.754106e+01  1.005098e-02 
 2.754146e+01  1.121216e-02 
 2.754185e+01  1.219075e-02 
 2.754225e+01  1.296244e-02 
 2.754265e+01  1.348528e-02 
 2.754305e+01  1.375129e-02 
 2.754344e+01  1.376908e-02 
 2.754384e+01  1.354200e-02 
 2.754424e+01  1.311338e-02 
 2.754464e+01  1.249430e-02 
 2.754504e+01  1.173204e-02 
 2.754543e+01  1.089267e-02 
 2.754583e+01  1.004270e-02 
 2.754623e+01  9.247781e-03 
 2.754663e+01  8.573633e-03 
 2.754702e+01  8.055335e-03 
 2.754742e+01  7.718190e-03 
 2.754782e+01  7.578592e-03 
 2.754822e+01  7.642602e-03 
 2.754861e+01  7.899873e-03 
 2.754901e+01  8.346371e-03 
 2.754941e+01  8.938398e-03 
 2.754981e+01  9.621598e-03 
 2.755021e+01  1.031394e-02 
 2.755060e+01  1.093840e-02 
 2.755100e+01  1.142467e-02 
 2.755140e+01  1.173938e-02 
 2.755180e+01  1.183974e-02 
 2.755219e+01  1.169502e-02 
 2.755259e+01  1.133745e-02 
 2.755299e+01  1.081973e-02 
 2.755339e+01  1.017289e-02 
 2.755378e+01  9.436415e-03 
 2.755418e+01  8.676681e-03 
 2.755458e+01  7.951516e-03 
 2.755498e+01  7.344219e-03 
 2.755538e+01  6.934182e-03 
 2.755577e+01  6.799506e-03 
 2.755617e+01  6.988747e-03 
 2.755657e+01  7.532232e-03 
 2.755697e+01  8.397918e-03 
 2.755736e+01  9.513168e-03 
 2.755776e+01  1.080978e-02 
 2.755816e+01  1.218483e-02 
 2.755856e+01  1.355823e-02 
 2.755895e+01  1.483333e-02 
 2.755935e+01  1.590583e-02 
 2.755975e+01  1.671978e-02 
 2.756015e+01  1.720197e-02 
 2.756055e+01  1.727496e-02 
 2.756094e+01  1.693507e-02 
 2.756134e+01  1.614510e-02 
 2.756174e+01  1.495556e-02 
 2.756214e+01  1.345363e-02 
 2.756253e+01  1.174226e-02 
 2.756293e+01  9.949121e-03 
 2.756333e+01  8.151000e-03 
 2.756373e+01  6.454477e-03 
 2.756412e+01  4.977819e-03 
 2.756452e+01  3.798434e-03 
 2.756492e+01  2.965248e-03 
 2.756532e+01  2.515090e-03 
 2.756572e+01  2.447372e-03 
 2.756611e+01  2.721761e-03 
 2.756651e+01  3.289327e-03 
 2.756691e+01  4.042904e-03 
 2.756731e+01  4.887017e-03 
 2.756770e+01  5.729418e-03 
 2.756810e+01  6.496813e-03 
 2.756850e+01  7.123397e-03 
 2.756890e+01  7.558597e-03 
 2.756929e+01  7.786357e-03 
 2.756969e+01  7.755593e-03 
 2.757009e+01  7.496693e-03 
 2.757049e+01  7.043768e-03 
 2.757089e+01  6.440838e-03 
 2.757128e+01  5.771589e-03 
 2.757168e+01  5.102404e-03 
 2.757208e+01  4.503958e-03 
 2.757248e+01  4.035372e-03 
 2.757287e+01  3.750992e-03 
 2.757327e+01  3.681642e-03 
 2.757367e+01  3.812508e-03 
 2.757407e+01  4.140606e-03 
 2.757446e+01  4.622760e-03 
 2.757486e+01  5.257831e-03 
 2.757526e+01  5.991193e-03 
 2.757566e+01  6.737824e-03 
 2.757606e+01  7.415729e-03 
 2.757645e+01  7.972101e-03 
 2.757685e+01  8.334801e-03 
 2.757725e+01  8.451916e-03 
 2.757765e+01  8.296551e-03 
 2.757804e+01  7.855346e-03 
 2.757844e+01  7.133694e-03 
 2.757884e+01  6.178274e-03 
 2.757924e+01  5.021148e-03 
 2.757964e+01  3.688885e-03 
 2.758003e+01  2.241403e-03 
 2.758043e+01  7.560836e-04 
 2.758083e+01 -7.146149e-04 
 2.758123e+01 -2.075116e-03 
 2.758162e+01 -3.244217e-03 
 2.758202e+01 -4.142633e-03 
 2.758242e+01 -4.715492e-03 
 2.758282e+01 -4.922120e-03 
 2.758321e+01 -4.748571e-03 
 2.758361e+01 -4.231927e-03 
 2.758401e+01 -3.414219e-03 
 2.758441e+01 -2.356962e-03 
 2.758481e+01 -1.150745e-03 
 2.758520e+01  1.184226e-04 
 2.758560e+01  1.339539e-03 
 2.758600e+01  2.407699e-03 
 2.758640e+01  3.244775e-03 
 2.758679e+01  3.771227e-03 
 2.758719e+01  3.941841e-03 
 2.758759e+01  3.796430e-03 
 2.758799e+01  3.368862e-03 
 2.758838e+01  2.701772e-03 
 2.758878e+01  1.880863e-03 
 2.758918e+01  9.786060e-04 
 2.758958e+01  5.858722e-05 
 2.758998e+01 -7.702151e-04 
 2.759037e+01 -1.428315e-03 
 2.759077e+01 -1.845854e-03 
 2.759117e+01 -1.943201e-03 
 2.759157e+01 -1.688123e-03 
 2.759196e+01 -1.121034e-03 
 2.759236e+01 -3.109585e-04 
 2.759276e+01  6.504170e-04 
 2.759316e+01  1.637365e-03 
 2.759355e+01  2.544755e-03 
 2.759395e+01  3.328062e-03 
 2.759435e+01  3.919310e-03 
 2.759475e+01  4.284571e-03 
 2.759515e+01  4.398305e-03 
 2.759554e+01  4.249272e-03 
 2.759594e+01  3.812036e-03 
 2.759634e+01  3.127426e-03 
 2.759674e+01  2.250741e-03 
 2.759713e+01  1.265579e-03 
 2.759753e+01  2.699982e-04 
 2.759793e+01 -6.563567e-04 
 2.759833e+01 -1.405923e-03 
 2.759872e+01 -1.911483e-03 
 2.759912e+01 -2.138882e-03 
 2.759952e+01 -2.083540e-03 
 2.759992e+01 -1.740345e-03 
 2.760032e+01 -1.099884e-03 
 2.760071e+01 -2.108049e-04 
 2.760111e+01  8.977884e-04 
 2.760151e+01  2.141864e-03 
 2.760191e+01  3.429163e-03 
 2.760230e+01  4.695262e-03 
 2.760270e+01  5.878058e-03 
 2.760310e+01  6.897985e-03 
 2.760350e+01  7.709257e-03 
 2.760389e+01  8.313501e-03 
 2.760429e+01  8.680845e-03 
 2.760469e+01  8.818719e-03 
 2.760509e+01  8.725520e-03 
 2.760549e+01  8.409771e-03 
 2.760588e+01  7.866847e-03 
 2.760628e+01  7.139319e-03 
 2.760668e+01  6.285604e-03 
 2.760708e+01  5.354581e-03 
 2.760747e+01  4.397139e-03 
 2.760787e+01  3.464401e-03 
 2.760827e+01  2.606436e-03 
 2.760867e+01  1.832636e-03 
 2.760906e+01  1.205953e-03 
 2.760946e+01  7.568856e-04 
 2.760986e+01  5.379281e-04 
 2.761026e+01  5.864833e-04 
 2.761066e+01  8.795550e-04 
 2.761105e+01  1.397303e-03 
 2.761145e+01  2.058900e-03 
 2.761185e+01  2.793681e-03 
 2.761225e+01  3.516736e-03 
 2.761264e+01  4.147078e-03 
 2.761304e+01  4.616971e-03 
 2.761344e+01  4.899578e-03 
 2.761384e+01  4.976715e-03 
 2.761423e+01  4.887522e-03 
 2.761463e+01  4.646481e-03 
 2.761503e+01  4.294700e-03 
 2.761543e+01  3.892287e-03 
 2.761583e+01  3.482833e-03 
 2.761622e+01  3.157935e-03 
 2.761662e+01  2.983764e-03 
 2.761702e+01  2.983415e-03 
 2.761742e+01  3.183359e-03 
 2.761781e+01  3.575131e-03 
 2.761821e+01  4.121164e-03 
 2.761861e+01  4.790745e-03 
 2.761901e+01  5.553073e-03 
 2.761940e+01  6.355216e-03 
 2.761980e+01  7.099322e-03 
 2.762020e+01  7.743365e-03 
 2.762060e+01  8.240547e-03 
 2.762100e+01  8.515531e-03 
 2.762139e+01  8.521492e-03 
 2.762179e+01  8.252336e-03 
 2.762219e+01  7.695654e-03 
 2.762259e+01  6.922170e-03 
 2.762298e+01  5.994203e-03 
 2.762338e+01  4.971949e-03 
 2.762378e+01  3.934053e-03 
 2.762418e+01  2.928674e-03 
 2.762457e+01  2.031296e-03 
 2.762497e+01  1.277550e-03 
 2.762537e+01  7.311321e-04 
 2.762577e+01  4.071959e-04 
 2.762617e+01  3.237561e-04 
 2.762656e+01  4.625747e-04 
 2.762696e+01  7.822502e-04 
 2.762736e+01  1.229279e-03 
 2.762776e+01  1.723386e-03 
 2.762815e+01  2.206373e-03 
 2.762855e+01  2.619962e-03 
 2.762895e+01  2.963230e-03 
 2.762935e+01  3.218163e-03 
 2.762974e+01  3.384253e-03 
 2.763014e+01  3.507536e-03 
 2.763054e+01  3.567602e-03 
 2.763094e+01  3.590891e-03 
 2.763134e+01  3.607679e-03 
 2.763173e+01  3.631372e-03 
 2.763213e+01  3.683084e-03 
 2.763253e+01  3.816222e-03 
 2.763293e+01  4.065772e-03 
 2.763332e+01  4.453468e-03 
 2.763372e+01  5.015037e-03 
 2.763412e+01  5.746175e-03 
 2.763452e+01  6.621154e-03 
 2.763491e+01  7.586027e-03 
 2.763531e+01  8.585856e-03 
 2.763571e+01  9.565361e-03 
 2.763611e+01  1.041614e-02 
 2.763651e+01  1.110196e-02 
 2.763690e+01  1.156650e-02 
 2.763730e+01  1.177179e-02 
 2.763770e+01  1.170298e-02 
 2.763810e+01  1.135498e-02 
 2.763849e+01  1.073038e-02 
 2.763889e+01  9.851547e-03 
 2.763929e+01  8.780342e-03 
 2.763969e+01  7.566032e-03 
 2.764008e+01  6.311528e-03 
 2.764048e+01  5.092162e-03 
 2.764088e+01  3.998290e-03 
 2.764128e+01  3.089591e-03 
 2.764168e+01  2.417722e-03 
 2.764207e+01  2.028883e-03 
 2.764247e+01  1.988028e-03 
 2.764287e+01  2.318444e-03 
 2.764327e+01  3.004547e-03 
 2.764366e+01  3.997520e-03 
 2.764406e+01  5.252575e-03 
 2.764446e+01  6.673912e-03 
 2.764486e+01  8.178963e-03 
 2.764525e+01  9.692163e-03 
 2.764565e+01  1.111221e-02 
 2.764605e+01  1.238856e-02 
 2.764645e+01  1.347308e-02 
 2.764685e+01  1.430046e-02 
 2.764724e+01  1.482595e-02 
 2.764764e+01  1.502163e-02 
 2.764804e+01  1.490841e-02 
 2.764844e+01  1.451159e-02 
 2.764883e+01  1.391901e-02 
 2.764923e+01  1.320752e-02 
 2.764963e+01  1.247148e-02 
 2.765003e+01  1.179485e-02 
 2.765042e+01  1.125552e-02 
 2.765082e+01  1.090056e-02 
 2.765122e+01  1.075645e-02 
 2.765162e+01  1.084636e-02 
 2.765202e+01  1.116018e-02 
 2.765241e+01  1.168429e-02 
 2.765281e+01  1.237123e-02 
 2.765321e+01  1.313256e-02 
 2.765361e+01  1.391055e-02 
 2.765400e+01  1.458861e-02 
 2.765440e+01  1.509523e-02 
 2.765480e+01  1.538012e-02 
 2.765520e+01  1.538798e-02 
 2.765559e+01  1.509893e-02 
 2.765599e+01  1.449361e-02 
 2.765639e+01  1.359197e-02 
 2.765679e+01  1.242820e-02 
 2.765719e+01  1.106657e-02 
 2.765758e+01  9.609901e-03 
 2.765798e+01  8.160927e-03 
 2.765838e+01  6.802915e-03 
 2.765878e+01  5.650183e-03 
 2.765917e+01  4.794801e-03 
 2.765957e+01  4.278934e-03 
 2.765997e+01  4.159227e-03 
 2.766037e+01  4.436218e-03 
 2.766076e+01  5.110825e-03 
 2.766116e+01  6.143810e-03 
 2.766156e+01  7.486276e-03 
 2.766196e+01  9.046430e-03 
 2.766236e+01  1.070839e-02 
 2.766275e+01  1.235340e-02 
 2.766315e+01  1.386859e-02 
 2.766355e+01  1.514042e-02 
 2.766395e+01  1.608488e-02 
 2.766434e+01  1.666498e-02 
 2.766474e+01  1.685878e-02 
 2.766514e+01  1.667504e-02 
 2.766554e+01  1.612772e-02 
 2.766593e+01  1.526414e-02 
 2.766633e+01  1.415344e-02 
 2.766673e+01  1.285496e-02 
 2.766713e+01  1.142922e-02 
 2.766753e+01  9.944800e-03 
 2.766792e+01  8.481272e-03 
 2.766832e+01  7.129422e-03 
 2.766872e+01  5.958429e-03 
 2.766912e+01  5.020169e-03 
 2.766951e+01  4.306069e-03 
 2.766991e+01  3.834157e-03 
 2.767031e+01  3.587687e-03 
 2.767071e+01  3.534965e-03 
 2.767111e+01  3.655852e-03 
 2.767150e+01  3.916835e-03 
 2.767190e+01  4.250332e-03 
 2.767230e+01  4.594980e-03 
 2.767270e+01  4.896348e-03 
 2.767309e+01  5.103142e-03 
 2.767349e+01  5.149196e-03 
 2.767389e+01  5.012940e-03 
 2.767429e+01  4.691589e-03 
 2.767468e+01  4.178333e-03 
 2.767508e+01  3.519125e-03 
 2.767548e+01  2.759371e-03 
 2.767588e+01  1.955328e-03 
 2.767628e+01  1.164542e-03 
 2.767667e+01  4.715398e-04 
 2.767707e+01 -3.828866e-05 
 2.767747e+01 -3.163019e-04 
 2.767787e+01 -2.893717e-04 
 2.767826e+01  6.266576e-05 
 2.767866e+01  7.250790e-04 
 2.767906e+01  1.678182e-03 
 2.767946e+01  2.869775e-03 
 2.767985e+01  4.225108e-03 
 2.768025e+01  5.643368e-03 
 2.768065e+01  7.004687e-03 
 2.768105e+01  8.198326e-03 
 2.768145e+01  9.142443e-03 
 2.768184e+01  9.734225e-03 
 2.768224e+01  9.904123e-03 
 2.768264e+01  9.633425e-03 
 2.768304e+01  8.900141e-03 
 2.768343e+01  7.749328e-03 
 2.768383e+01  6.249413e-03 
 2.768423e+01  4.507801e-03 
 2.768463e+01  2.650276e-03 
 2.768502e+01  8.224517e-04 
 2.768542e+01 -8.387156e-04 
 2.768582e+01 -2.226353e-03 
 2.768622e+01 -3.275170e-03 
 2.768662e+01 -3.936349e-03 
 2.768701e+01 -4.209560e-03 
 2.768741e+01 -4.134885e-03 
 2.768781e+01 -3.728129e-03 
 2.768821e+01 -3.053747e-03 
 2.768860e+01 -2.188964e-03 
 2.768900e+01 -1.210954e-03 
 2.768940e+01 -2.154644e-04 
 2.768980e+01  7.141048e-04 
 2.769019e+01  1.508814e-03 
 2.769059e+01  2.120938e-03 
 2.769099e+01  2.502655e-03 
 2.769139e+01  2.654194e-03 
 2.769179e+01  2.601095e-03 
 2.769218e+01  2.390687e-03 
 2.769258e+01  2.079499e-03 
 2.769298e+01  1.731907e-03 
 2.769338e+01  1.408369e-03 
 2.769377e+01  1.175545e-03 
 2.769417e+01  1.112136e-03 
 2.769457e+01  1.244520e-03 
 2.769497e+01  1.618616e-03 
 2.769536e+01  2.205015e-03 
 2.769576e+01  2.945155e-03 
 2.769616e+01  3.794600e-03 
 2.769656e+01  4.696560e-03 
 2.769696e+01  5.573876e-03 
 2.769735e+01  6.334233e-03 
 2.769775e+01  6.940197e-03 
 2.769815e+01  7.331101e-03 
 2.769855e+01  7.454436e-03 
 2.769894e+01  7.317262e-03 
 2.769934e+01  6.916372e-03 
 2.769974e+01  6.241441e-03 
 2.770014e+01  5.357379e-03 
 2.770053e+01  4.301209e-03 
 2.770093e+01  3.102909e-03 
 2.770133e+01  1.825170e-03 
 2.770173e+01  5.233314e-04 
 2.770213e+01 -7.558588e-04 
 2.770252e+01 -1.963526e-03 
 2.770292e+01 -3.013659e-03 
 2.770332e+01 -3.834548e-03 
 2.770372e+01 -4.411247e-03 
 2.770411e+01 -4.682250e-03 
 2.770451e+01 -4.663114e-03 
 2.770491e+01 -4.328804e-03 
 2.770531e+01 -3.733279e-03 
 2.770570e+01 -2.917532e-03 
 2.770610e+01 -1.941073e-03 
 2.770650e+01 -8.789772e-04 
 2.770690e+01  2.317634e-04 
 2.770730e+01  1.315121e-03 
 2.770769e+01  2.308469e-03 
 2.770809e+01  3.176748e-03 
 2.770849e+01  3.850107e-03 
 2.770889e+01  4.313134e-03 
 2.770928e+01  4.570212e-03 
 2.770968e+01  4.632648e-03 
 2.771008e+01  4.540545e-03 
 2.771048e+01  4.357705e-03 
 2.771087e+01  4.105399e-03 
 2.771127e+01  3.837456e-03 
 2.771167e+01  3.605801e-03 
 2.771207e+01  3.443329e-03 
 2.771247e+01  3.366835e-03 
 2.771286e+01  3.409843e-03 
 2.771326e+01  3.528831e-03 
 2.771366e+01  3.713507e-03 
 2.771406e+01  3.943250e-03 
 2.771445e+01  4.177039e-03 
 2.771485e+01  4.338528e-03 
 2.771525e+01  4.399812e-03 
 2.771565e+01  4.329711e-03 
 2.771604e+01  4.070650e-03 
 2.771644e+01  3.625896e-03 
 2.771684e+01  2.997554e-03 
 2.771724e+01  2.201399e-03 
 2.771764e+01  1.287302e-03 
 2.771803e+01  3.310175e-04 
 2.771843e+01 -6.237560e-04 
 2.771883e+01 -1.541590e-03 
 2.771923e+01 -2.353941e-03 
 2.771962e+01 -3.009059e-03 
 2.772002e+01 -3.451615e-03 
 2.772042e+01 -3.606457e-03 
 2.772082e+01 -3.483282e-03 
 2.772121e+01 -3.082325e-03 
 2.772161e+01 -2.448810e-03 
 2.772201e+01 -1.628321e-03 
 2.772241e+01 -6.692676e-04 
 2.772281e+01  3.828080e-04 
 2.772320e+01  1.477871e-03 
 2.772360e+01  2.535107e-03 
 2.772400e+01  3.542441e-03 
 2.772440e+01  4.452660e-03 
 2.772479e+01  5.201207e-03 
 2.772519e+01  5.765971e-03 
 2.772559e+01  6.142007e-03 
 2.772599e+01  6.325608e-03 
 2.772638e+01  6.366059e-03 
 2.772678e+01  6.324243e-03 
 2.772718e+01  6.266610e-03 
 2.772758e+01  6.197654e-03 
 2.772798e+01  6.143553e-03 
 2.772837e+01  6.114047e-03 
 2.772877e+01  6.104938e-03 
 2.772917e+01  6.153384e-03 
 2.772957e+01  6.253306e-03 
 2.772996e+01  6.389682e-03 
 2.773036e+01  6.581873e-03 
 2.773076e+01  6.802001e-03 
 2.773116e+01  7.013591e-03 
 2.773155e+01  7.201651e-03 
 2.773195e+01  7.345949e-03 
 2.773235e+01  7.417680e-03 
 2.773275e+01  7.403364e-03 
 2.773315e+01  7.304728e-03 
 2.773354e+01  7.101816e-03 
 2.773394e+01  6.805539e-03 
 2.773434e+01  6.429316e-03 
 2.773474e+01  6.010817e-03 
 2.773513e+01  5.558513e-03 
 2.773553e+01  5.141725e-03 
 2.773593e+01  4.815090e-03 
 2.773633e+01  4.624181e-03 
 2.773672e+01  4.631587e-03 
 2.773712e+01  4.846836e-03 
 2.773752e+01  5.279625e-03 
 2.773792e+01  5.973219e-03 
 2.773832e+01  6.918136e-03 
 2.773871e+01  8.102897e-03 
 2.773911e+01  9.495121e-03 
 2.773951e+01  1.104398e-02 
 2.773991e+01  1.266579e-02 
 2.774030e+01  1.429666e-02 
 2.774070e+01  1.583687e-02 
 2.774110e+01  1.718241e-02 
 2.774150e+01  1.826088e-02 
 2.774189e+01  1.903309e-02 
 2.774229e+01  1.943647e-02 
 2.774269e+01  1.945653e-02 
 2.774309e+01  1.911017e-02 
 2.774349e+01  1.839103e-02 
 2.774388e+01  1.734351e-02 
 2.774428e+01  1.605737e-02 
 2.774468e+01  1.462789e-02 
 2.774508e+01  1.314571e-02 
 2.774547e+01  1.176013e-02 
 2.774587e+01  1.058794e-02 
 2.774627e+01  9.716904e-03 
 2.774667e+01  9.206722e-03 
 2.774706e+01  9.058777e-03 
 2.774746e+01  9.240694e-03 
 2.774786e+01  9.704616e-03 
 2.774826e+01  1.037515e-02 
 2.774866e+01  1.116696e-02 
 2.774905e+01  1.201599e-02 
 2.774945e+01  1.285097e-02 
 2.774985e+01  1.354205e-02 
 2.775025e+01  1.400902e-02 
 2.775064e+01  1.421573e-02 
 2.775104e+01  1.413942e-02 
 2.775144e+01  1.378379e-02 
 2.775184e+01  1.318768e-02 
 2.775223e+01  1.239209e-02 
 2.775263e+01  1.147744e-02 
 2.775303e+01  1.053594e-02 
 2.775343e+01  9.640791e-03 
 2.775383e+01  8.889906e-03 
 2.775422e+01  8.375533e-03 
 2.775462e+01  8.156106e-03 
 2.775502e+01  8.288355e-03 
 2.775542e+01  8.810020e-03 
 2.775581e+01  9.682587e-03 
 2.775621e+01  1.084394e-02 
 2.775661e+01  1.218661e-02 
 2.775701e+01  1.362328e-02 
 2.775740e+01  1.502857e-02 
 2.775780e+01  1.629481e-02 
 2.775820e+01  1.736550e-02 
 2.775860e+01  1.813431e-02 
 2.775900e+01  1.853126e-02 
 2.775939e+01  1.852917e-02 
 2.775979e+01  1.806928e-02 
 2.776019e+01  1.716982e-02 
 2.776059e+01  1.585815e-02 
 2.776098e+01  1.418645e-02 
 2.776138e+01  1.223600e-02 
 2.776178e+01  1.013620e-02 
 2.776218e+01  8.005523e-03 
 2.776258e+01  5.955427e-03 
 2.776297e+01  4.102057e-03 
 2.776337e+01  2.506975e-03 
 2.776377e+01  1.244888e-03 
 2.776417e+01  3.715517e-04 
 2.776456e+01 -1.047396e-04 
 2.776496e+01 -1.925213e-04 
 2.776536e+01  1.030269e-04 
 2.776576e+01  7.330530e-04 
 2.776615e+01  1.621958e-03 
 2.776655e+01  2.704621e-03 
 2.776695e+01  3.873904e-03 
 2.776735e+01  5.006318e-03 
 2.776775e+01  6.017487e-03 
 2.776814e+01  6.858732e-03 
 2.776854e+01  7.459196e-03 
 2.776894e+01  7.792305e-03 
 2.776934e+01  7.863165e-03 
 2.776973e+01  7.666461e-03 
 2.777013e+01  7.228300e-03 
 2.777053e+01  6.601894e-03 
 2.777093e+01  5.837338e-03 
 2.777132e+01  5.019505e-03 
 2.777172e+01  4.236470e-03 
 2.777212e+01  3.555519e-03 
 2.777252e+01  3.026644e-03 
 2.777292e+01  2.705422e-03 
 2.777331e+01  2.597328e-03 
 2.777371e+01  2.685188e-03 
 2.777411e+01  2.978696e-03 
 2.777451e+01  3.459520e-03 
 2.777490e+01  4.077176e-03 
 2.777530e+01  4.759699e-03 
 2.777570e+01  5.409190e-03 
 2.777610e+01  5.926619e-03 
 2.777649e+01  6.222374e-03 
 2.777689e+01  6.220898e-03 
 2.777729e+01  5.890146e-03 
 2.777769e+01  5.233404e-03 
 2.777809e+01  4.271056e-03 
 2.777848e+01  3.045503e-03 
 2.777888e+01  1.605407e-03 
 2.777928e+01  2.416806e-05 
 2.777968e+01 -1.619275e-03 
 2.778007e+01 -3.218637e-03 
 2.778047e+01 -4.642789e-03 
 2.778087e+01 -5.792372e-03 
 2.778127e+01 -6.598096e-03 
 2.778166e+01 -6.984104e-03 
 2.778206e+01 -6.938433e-03 
 2.778246e+01 -6.479840e-03 
 2.778286e+01 -5.640409e-03 
 2.778326e+01 -4.483783e-03 
 2.778365e+01 -3.085182e-03 
 2.778405e+01 -1.513857e-03 
 2.778445e+01  1.384252e-04 
 2.778485e+01  1.765657e-03 
 2.778524e+01  3.273404e-03 
 2.778564e+01  4.580877e-03 
 2.778604e+01  5.612167e-03 
 2.778644e+01  6.352481e-03 
 2.778683e+01  6.775168e-03 
 2.778723e+01  6.899690e-03 
 2.778763e+01  6.774780e-03 
 2.778803e+01  6.432337e-03 
 2.778843e+01  5.924145e-03 
 2.778882e+01  5.303309e-03 
 2.778922e+01  4.646607e-03 
 2.778962e+01  4.010311e-03 
 2.779002e+01  3.470013e-03 
 2.779041e+01  3.103164e-03 
 2.779081e+01  2.912161e-03 
 2.779121e+01  2.879874e-03 
 2.779161e+01  2.988132e-03 
 2.779200e+01  3.180572e-03 
 2.779240e+01  3.406392e-03 
 2.779280e+01  3.607219e-03 
 2.779320e+01  3.741651e-03 
 2.779360e+01  3.762255e-03 
 2.779399e+01  3.643134e-03 
 2.779439e+01  3.365552e-03 
 2.779479e+01  2.918220e-03 
 2.779519e+01  2.316551e-03 
 2.779558e+01  1.567790e-03 
 2.779598e+01  6.867182e-04 
 2.779638e+01 -2.712973e-04 
 2.779678e+01 -1.219520e-03 
 2.779717e+01 -2.101065e-03 
 2.779757e+01 -2.861303e-03 
 2.779797e+01 -3.432633e-03 
 2.779837e+01 -3.785296e-03 
 2.779877e+01 -3.896171e-03 
 2.779916e+01 -3.757830e-03 
 2.779956e+01 -3.382933e-03 
 2.779996e+01 -2.778971e-03 
 2.780036e+01 -1.936256e-03 
 2.780075e+01 -8.801158e-04 
 2.780115e+01  3.425167e-04 
 2.780155e+01  1.664284e-03 
 2.780195e+01  3.008800e-03 
 2.780234e+01  4.263396e-03 
 2.780274e+01  5.394048e-03 
 2.780314e+01  6.330033e-03 
 2.780354e+01  7.014252e-03 
 2.780394e+01  7.425632e-03 
 2.780433e+01  7.544599e-03 
 2.780473e+01  7.368886e-03 
 2.780513e+01  6.926251e-03 
 2.780553e+01  6.274168e-03 
 2.780592e+01  5.453945e-03 
 2.780632e+01  4.554720e-03 
 2.780672e+01  3.660685e-03 
 2.780712e+01  2.825996e-03 
 2.780751e+01  2.123074e-03 
 2.780791e+01  1.584679e-03 
 2.780831e+01  1.214006e-03 
 2.780871e+01  9.839418e-04 
 2.780911e+01  9.099092e-04 
 2.780950e+01  9.680898e-04 
 2.780990e+01  1.123628e-03 
 2.781030e+01  1.325742e-03 
 2.781070e+01  1.516972e-03 
 2.781109e+01  1.630029e-03 
 2.781149e+01  1.631254e-03 
 2.781189e+01  1.507623e-03 
 2.781229e+01  1.238557e-03 
 2.781268e+01  8.574600e-04 
 2.781308e+01  3.947956e-04 
 2.781348e+01 -1.183173e-04 
 2.781388e+01 -6.046522e-04 
 2.781428e+01 -1.011931e-03 
 2.781467e+01 -1.291981e-03 
 2.781507e+01 -1.407730e-03 
 2.781547e+01 -1.283858e-03 
 2.781587e+01 -9.020541e-04 
 2.781626e+01 -2.728157e-04 
 2.781666e+01  5.858740e-04 
 2.781706e+01  1.603458e-03 
 2.781746e+01  2.704811e-03 
 2.781785e+01  3.814226e-03 
 2.781825e+01  4.861040e-03 
 2.781865e+01  5.783482e-03 
 2.781905e+01  6.544388e-03 
 2.781945e+01  7.121701e-03 
 2.781984e+01  7.482544e-03 
 2.782024e+01  7.658659e-03 
 2.782064e+01  7.651258e-03 
 2.782104e+01  7.463876e-03 
 2.782143e+01  7.118484e-03 
 2.782183e+01  6.664378e-03 
 2.782223e+01  6.155843e-03 
 2.782263e+01  5.635977e-03 
 2.782302e+01  5.181487e-03 
 2.782342e+01  4.800164e-03 
 2.782382e+01  4.529081e-03 
 2.782422e+01  4.378148e-03 
 2.782462e+01  4.325661e-03 
 2.782501e+01  4.380428e-03 
 2.782541e+01  4.544175e-03 
 2.782581e+01  4.804062e-03 
 2.782621e+01  5.143185e-03 
 2.782660e+01  5.526462e-03 
 2.782700e+01  5.908089e-03 
 2.782740e+01  6.237687e-03 
 2.782780e+01  6.490688e-03 
 2.782819e+01  6.652486e-03 
 2.782859e+01  6.724297e-03 
 2.782899e+01  6.715577e-03 
 2.782939e+01  6.659684e-03 
 2.782979e+01  6.568570e-03 
 2.783018e+01  6.475293e-03 
 2.783058e+01  6.385116e-03 
 2.783098e+01  6.317435e-03 
 2.783138e+01  6.324639e-03 
 2.783177e+01  6.461862e-03 
 2.783217e+01  6.753517e-03 
 2.783257e+01  7.219745e-03 
 2.783297e+01  7.867137e-03 
 2.783336e+01  8.653419e-03 
 2.783376e+01  9.559926e-03 
 2.783416e+01  1.056569e-02 
 2.783456e+01  1.163230e-02 
 2.783496e+01  1.272000e-02 
 2.783535e+01  1.377449e-02 
 2.783575e+01  1.474130e-02 
 2.783615e+01  1.555643e-02 
 2.783655e+01  1.615292e-02 
 2.783694e+01  1.645333e-02 
 2.783734e+01  1.640438e-02 
 2.783774e+01  1.599798e-02 
 2.783814e+01  1.525477e-02 
 2.783853e+01  1.422571e-02 
 2.783893e+01  1.299835e-02 
 2.783933e+01  1.165639e-02 
 2.783973e+01  1.030039e-02 
 2.784013e+01  9.022805e-03 
 2.784052e+01  7.946653e-03 
 2.784092e+01  7.144064e-03 
 2.784132e+01  6.653656e-03 
 2.784172e+01  6.496354e-03 
 2.784211e+01  6.668082e-03 
 2.784251e+01  7.163901e-03 
 2.784291e+01  7.954784e-03 
 2.784331e+01  8.959385e-03 
 2.784370e+01  1.011175e-02 
 2.784410e+01  1.132620e-02 
 2.784450e+01  1.251257e-02 
 2.784490e+01  1.357009e-02 
 2.784530e+01  1.442636e-02 
 2.784569e+01  1.499347e-02 
 2.784609e+01  1.523229e-02 
 2.784649e+01  1.514496e-02 
 2.784689e+01  1.474239e-02 
 2.784728e+01  1.406251e-02 
 2.784768e+01  1.316757e-02 
 2.784808e+01  1.212112e-02 
 2.784848e+01  1.101098e-02 
 2.784887e+01  9.944491e-03 
 2.784927e+01  9.007708e-03 
 2.784967e+01  8.273112e-03 
 2.785007e+01  7.803790e-03 
 2.785047e+01  7.624589e-03 
 2.785086e+01  7.747742e-03 
 2.785126e+01  8.164818e-03 
 2.785166e+01  8.841737e-03 
 2.785206e+01  9.717796e-03 
 2.785245e+01  1.069668e-02 
 2.785285e+01  1.168820e-02 
 2.785325e+01  1.259795e-02 
 2.785365e+01  1.333931e-02 
 2.785405e+01  1.383740e-02 
 2.785444e+01  1.401070e-02 
 2.785484e+01  1.383349e-02 
 2.785524e+01  1.329201e-02 
 2.785564e+01  1.240418e-02 
 2.785603e+01  1.118235e-02 
 2.785643e+01  9.698056e-03 
 2.785683e+01  8.000137e-03 
 2.785723e+01  6.187345e-03 
 2.785762e+01  4.382002e-03 
 2.785802e+01  2.712871e-03 
 2.785842e+01  1.308695e-03 
 2.785882e+01  2.622111e-04 
 2.785922e+01 -3.433556e-04 
 2.785961e+01 -4.658631e-04 
 2.786001e+01 -1.033764e-04 
 2.786041e+01  7.133799e-04 
 2.786081e+01  1.910110e-03 
 2.786120e+01  3.401018e-03 
 2.786160e+01  5.081163e-03 
 2.786200e+01  6.814157e-03 
 2.786240e+01  8.459801e-03 
 2.786279e+01  9.923006e-03 
 2.786319e+01  1.108818e-02 
 2.786359e+01  1.186815e-02 
 2.786399e+01  1.223684e-02 
 2.786439e+01  1.218730e-02 
 2.786478e+01  1.170464e-02 
 2.786518e+01  1.083914e-02 
 2.786558e+01  9.640637e-03 
 2.786598e+01  8.198530e-03 
 2.786637e+01  6.646109e-03 
 2.786677e+01  5.085107e-03 
 2.786717e+01  3.631749e-03 
 2.786757e+01  2.384496e-03 
 2.786796e+01  1.451352e-03 
 2.786836e+01  8.407498e-04 
 2.786876e+01  5.954660e-04 
 2.786916e+01  6.838306e-04 
 2.786956e+01  1.064178e-03 
 2.786995e+01  1.694562e-03 
 2.787035e+01  2.491166e-03 
 2.787075e+01  3.384080e-03 
 2.787115e+01  4.297715e-03 
 2.787154e+01  5.136147e-03 
 2.787194e+01  5.829566e-03 
 2.787234e+01  6.301553e-03 
 2.787274e+01  6.484581e-03 
 2.787313e+01  6.345219e-03 
 2.787353e+01  5.871284e-03 
 2.787393e+01  5.108765e-03 
 2.787433e+01  4.144719e-03 
 2.787473e+01  3.070180e-03 
 2.787512e+01  2.001745e-03 
 2.787552e+01  1.060530e-03 
 2.787592e+01  2.972626e-04 
 2.787632e+01 -2.071320e-04 
 2.787671e+01 -4.357030e-04 
 2.787711e+01 -3.604058e-04 
 2.787751e+01  4.654125e-05 
 2.787791e+01  7.631778e-04 
 2.787830e+01  1.758670e-03 
 2.787870e+01  2.948091e-03 
 2.787910e+01  4.256800e-03 
 2.787950e+01  5.576144e-03 
 2.787990e+01  6.817622e-03 
 2.788029e+01  7.935281e-03 
 2.788069e+01  8.840394e-03 
 2.788109e+01  9.470593e-03 
 2.788149e+01  9.789819e-03 
 2.788188e+01  9.795705e-03 
 2.788228e+01  9.486741e-03 
 2.788268e+01  8.891163e-03 
 2.788308e+01  8.063671e-03 
 2.788347e+01  7.062115e-03 
 2.788387e+01  5.970624e-03 
 2.788427e+01  4.869313e-03 
 2.788467e+01  3.807457e-03 
 2.788507e+01  2.855418e-03 
 2.788546e+01  2.051908e-03 
 2.788586e+01  1.418889e-03 
 2.788626e+01  1.015163e-03 
 2.788666e+01  8.387665e-04 
 2.788705e+01  8.662785e-04 
 2.788745e+01  1.057200e-03 
 2.788785e+01  1.395591e-03 
 2.788825e+01  1.824906e-03 
 2.788864e+01  2.299977e-03 
 2.788904e+01  2.727275e-03 
 2.788944e+01  3.071574e-03 
 2.788984e+01  3.322974e-03 
 2.789024e+01  3.464736e-03 
 2.789063e+01  3.509780e-03 
 2.789103e+01  3.440990e-03 
 2.789143e+01  3.276162e-03 
 2.789183e+01  3.031528e-03 
 2.789222e+01  2.724396e-03 
 2.789262e+01  2.389528e-03 
 2.789302e+01  2.065584e-03 
 2.789342e+01  1.768812e-03 
 2.789381e+01  1.545125e-03 
 2.789421e+01  1.430594e-03 
 2.789461e+01  1.454904e-03 
 2.789501e+01  1.623033e-03 
 2.789541e+01  1.946002e-03 
 2.789580e+01  2.393269e-03 
 2.789620e+01  2.935995e-03 
 2.789660e+01  3.574754e-03 
 2.789700e+01  4.219898e-03 
 2.789739e+01  4.839724e-03 
 2.789779e+01  5.358253e-03 
 2.789819e+01  5.715411e-03 
 2.789859e+01  5.881885e-03 
 2.789898e+01  5.866947e-03 
 2.789938e+01  5.667851e-03 
 2.789978e+01  5.280083e-03 
 2.790018e+01  4.718503e-03 
 2.790058e+01  3.999749e-03 
 2.790097e+01  3.160919e-03 
 2.790137e+01  2.263080e-03 
 2.790177e+01  1.357486e-03 
 2.790217e+01  5.087603e-04 
 2.790256e+01 -2.156723e-04 
 2.790296e+01 -7.812184e-04 
 2.790336e+01 -1.158174e-03 
 2.790376e+01 -1.323700e-03 
 2.790415e+01 -1.272039e-03 
 2.790455e+01 -1.052028e-03 
 2.790495e+01 -7.053704e-04 
 2.790535e+01 -2.399970e-04 
 2.790575e+01  2.642148e-04 
 2.790614e+01  7.537740e-04 
 2.790654e+01  1.175875e-03 
 2.790694e+01  1.470558e-03 
 2.790734e+01  1.630808e-03 
 2.790773e+01  1.620891e-03 
 2.790813e+01  1.474233e-03 
 2.790853e+01  1.187649e-03 
 2.790893e+01  8.152728e-04 
 2.790932e+01  3.937472e-04 
 2.790972e+01 -2.110259e-05 
 2.791012e+01 -3.560639e-04 
 2.791052e+01 -5.860714e-04 
 2.791092e+01 -6.967203e-04 
 2.791131e+01 -6.636959e-04 
 2.791171e+01 -4.798141e-04 
 2.791211e+01 -1.420036e-04 
 2.791251e+01  2.965584e-04 
 2.791290e+01  8.080047e-04 
 2.791330e+01  1.347483e-03 
 2.791370e+01  1.884453e-03 
 2.791410e+01  2.362692e-03 
 2.791449e+01  2.759614e-03 
 2.791489e+01  3.039282e-03 
 2.791529e+01  3.193678e-03 
 2.791569e+01  3.207399e-03 
 2.791609e+01  3.081286e-03 
 2.791648e+01  2.840590e-03 
 2.791688e+01  2.480195e-03 
 2.791728e+01  2.040766e-03 
 2.791768e+01  1.561881e-03 
 2.791807e+01  1.122002e-03 
 2.791847e+01  7.524164e-04 
 2.791887e+01  5.199152e-04 
 2.791927e+01  4.694571e-04 
 2.791966e+01  6.057302e-04 
 2.792006e+01  9.517062e-04 
 2.792046e+01  1.482093e-03 
 2.792086e+01  2.184085e-03 
 2.792126e+01  3.034364e-03 
 2.792165e+01  3.969136e-03 
 2.792205e+01  4.911440e-03 
 2.792245e+01  5.792005e-03 
 2.792285e+01  6.580771e-03 
 2.792324e+01  7.225079e-03 
 2.792364e+01  7.702615e-03 
 2.792404e+01  7.986113e-03 
 2.792444e+01  8.063465e-03 
 2.792483e+01  7.919001e-03 
 2.792523e+01  7.576889e-03 
 2.792563e+01  7.071287e-03 
 2.792603e+01  6.467199e-03 
 2.792643e+01  5.847080e-03 
 2.792682e+01  5.254800e-03 
 2.792722e+01  4.789416e-03 
 2.792762e+01  4.535913e-03 
 2.792802e+01  4.509711e-03 
 2.792841e+01  4.743988e-03 
 2.792881e+01  5.200484e-03 
 2.792921e+01  5.886895e-03 
 2.792961e+01  6.738806e-03 
 2.793000e+01  7.708650e-03 
 2.793040e+01  8.722456e-03 
 2.793080e+01  9.697245e-03 
 2.793120e+01  1.054974e-02 
 2.793160e+01  1.120113e-02 
 2.793199e+01  1.162155e-02 
 2.793239e+01  1.177245e-02 
 2.793279e+01  1.162459e-02 
 2.793319e+01  1.118465e-02 
 2.793358e+01  1.050374e-02 
 2.793398e+01  9.646105e-03 
 2.793438e+01  8.697404e-03 
 2.793478e+01  7.706204e-03 
 2.793517e+01  6.743285e-03 
 2.793557e+01  5.916738e-03 
 2.793597e+01  5.315778e-03 
 2.793637e+01  5.008024e-03 
 2.793677e+01  5.040362e-03 
 2.793716e+01  5.424526e-03 
 2.793756e+01  6.111369e-03 
 2.793796e+01  7.084727e-03 
 2.793836e+01  8.278325e-03 
 2.793875e+01  9.633211e-03 
 2.793915e+01  1.105183e-02 
 2.793955e+01  1.241635e-02 
 2.793995e+01  1.363663e-02 
 2.794034e+01  1.461377e-02 
 2.794074e+01  1.527309e-02 
 2.794114e+01  1.555794e-02 
 2.794154e+01  1.544584e-02 
 2.794194e+01  1.496377e-02 
 2.794233e+01  1.414183e-02 
 2.794273e+01  1.306270e-02 
 2.794313e+01  1.180924e-02 
 2.794353e+01  1.047239e-02 
 2.794392e+01  9.139977e-03 
 2.794432e+01  7.901477e-03 
 2.794472e+01  6.870869e-03 
 2.794512e+01  6.131027e-03 
 2.794551e+01  5.721536e-03 
 2.794591e+01  5.653979e-03 
 2.794631e+01  5.923443e-03 
 2.794671e+01  6.530162e-03 
 2.794711e+01  7.445565e-03 
 2.794750e+01  8.603958e-03 
 2.794790e+01  9.945490e-03 
 2.794830e+01  1.135836e-02 
 2.794870e+01  1.272476e-02 
 2.794909e+01  1.393081e-02 
 2.794949e+01  1.490454e-02 
 2.794989e+01  1.556239e-02 
 2.795029e+01  1.582698e-02 
 2.795069e+01  1.567267e-02 
 2.795108e+01  1.512872e-02 
 2.795148e+01  1.422429e-02 
 2.795188e+01  1.302982e-02 
 2.795228e+01  1.164306e-02 
 2.795267e+01  1.013228e-02 
 2.795307e+01  8.617214e-03 
 2.795347e+01  7.206493e-03 
 2.795387e+01  5.984604e-03 
 2.795426e+01  5.077185e-03 
 2.795466e+01  4.536380e-03 
 2.795506e+01  4.392905e-03 
 2.795546e+01  4.668709e-03 
 2.795586e+01  5.358816e-03 
 2.795625e+01  6.395654e-03 
 2.795665e+01  7.650619e-03 
 2.795705e+01  9.002906e-03 
 2.795745e+01  1.034035e-02 
 2.795784e+01  1.155989e-02 
 2.795824e+01  1.257172e-02 
 2.795864e+01  1.327797e-02 
 2.795904e+01  1.360891e-02 
 2.795943e+01  1.353990e-02 
 2.795983e+01  1.306120e-02 
 2.796023e+01  1.219574e-02 
 2.796063e+01  1.100610e-02 
 2.796103e+01  9.558103e-03 
 2.796142e+01  7.955741e-03 
 2.796182e+01  6.307926e-03 
 2.796222e+01  4.746577e-03 
 2.796262e+01  3.362801e-03 
 2.796301e+01  2.250748e-03 
 2.796341e+01  1.494901e-03 
 2.796381e+01  1.135991e-03 
 2.796421e+01  1.203340e-03 
 2.796460e+01  1.696737e-03 
 2.796500e+01  2.571563e-03 
 2.796540e+01  3.766078e-03 
 2.796580e+01  5.201559e-03 
 2.796620e+01  6.744497e-03 
 2.796659e+01  8.278196e-03 
 2.796699e+01  9.718476e-03 
 2.796739e+01  1.094772e-02 
 2.796779e+01  1.188973e-02 
 2.796818e+01  1.247072e-02 
 2.796858e+01  1.266725e-02 
 2.796898e+01  1.246914e-02 
 2.796938e+01  1.189797e-02 
 2.796977e+01  1.102608e-02 
 2.797017e+01  9.927054e-03 
 2.797057e+01  8.703052e-03 
 2.797097e+01  7.449692e-03 
 2.797137e+01  6.265953e-03 
 2.797176e+01  5.259191e-03 
 2.797216e+01  4.485068e-03 
 2.797256e+01  3.952088e-03 
 2.797296e+01  3.682417e-03 
 2.797335e+01  3.692236e-03 
 2.797375e+01  3.948005e-03 
 2.797415e+01  4.408690e-03 
 2.797455e+01  5.038887e-03 
 2.797494e+01  5.756289e-03 
 2.797534e+01  6.493498e-03 
 2.797574e+01  7.198384e-03 
 2.797614e+01  7.800526e-03 
 2.797654e+01  8.229727e-03 
 2.797693e+01  8.430161e-03 
 2.797733e+01  8.354849e-03 
 2.797773e+01  8.027927e-03 
 2.797813e+01  7.485391e-03 
 2.797852e+01  6.758486e-03 
 2.797892e+01  5.893929e-03 
 2.797932e+01  4.970566e-03 
 2.797972e+01  4.096268e-03 
 2.798011e+01  3.317982e-03 
 2.798051e+01  2.693213e-03 
 2.798091e+01  2.249392e-03 
 2.798131e+01  2.006317e-03 
 2.798171e+01  1.995518e-03 
 2.798210e+01  2.221358e-03 
 2.798250e+01  2.655018e-03 
 2.798290e+01  3.235400e-03 
 2.798330e+01  3.921736e-03 
 2.798369e+01  4.634573e-03 
 2.798409e+01  5.328610e-03 
 2.798449e+01  5.927186e-03 
 2.798489e+01  6.351310e-03 
 2.798528e+01  6.546268e-03 
 2.798568e+01  6.490461e-03 
 2.798608e+01  6.191347e-03 
 2.798648e+01  5.650105e-03 
 2.798688e+01  4.919571e-03 
 2.798727e+01  4.052640e-03 
 2.798767e+01  3.109112e-03 
 2.798807e+01  2.184583e-03 
 2.798847e+01  1.341288e-03 
 2.798886e+01  6.125204e-04 
 2.798926e+01  3.419672e-05 
 2.798966e+01 -3.824315e-04 
 2.799006e+01 -6.455121e-04 
 2.799045e+01 -7.349187e-04 
 2.799085e+01 -6.452797e-04 
 2.799125e+01 -4.372836e-04 
 2.799165e+01 -1.653529e-04 
 2.799205e+01  1.383900e-04 
 2.799244e+01  4.026778e-04 
 2.799284e+01  5.984875e-04 
 2.799324e+01  6.943925e-04 
 2.799364e+01  6.961175e-04 
 2.799403e+01  6.057717e-04 
 2.799443e+01  4.209061e-04 
 2.799483e+01  1.365072e-04 
 2.799523e+01 -2.297320e-04 
 2.799562e+01 -6.650704e-04 
 2.799602e+01 -1.134531e-03 
 2.799642e+01 -1.598841e-03 
 2.799682e+01 -1.964680e-03 
 2.799722e+01 -2.213518e-03 
 2.799761e+01 -2.311688e-03 
 2.799801e+01 -2.245592e-03 
 2.799841e+01 -2.002019e-03 
 2.799881e+01 -1.598114e-03 
 2.799920e+01 -1.045716e-03 
 2.799960e+01 -3.844788e-04 
 2.800000e+01  3.590016e-04 
 2.800040e+01  1.095125e-03 
 2.800079e+01  1.757213e-03 
 2.800119e+01  2.299581e-03 
 2.800159e+01  2.666620e-03 
 2.800199e+01  2.842808e-03 
 2.800239e+01  2.790381e-03 
 2.800278e+01  2.500721e-03 
 2.800318e+01  2.001444e-03 
 2.800358e+01  1.340335e-03 
 2.800398e+01  5.658882e-04 
 2.800437e+01 -2.807847e-04 
 2.800477e+01 -1.163455e-03 
 2.800517e+01 -2.030842e-03 
 2.800557e+01 -2.825540e-03 
 2.800596e+01 -3.479997e-03 
 2.800636e+01 -3.942478e-03 
 2.800676e+01 -4.199588e-03 
 2.800716e+01 -4.220831e-03 
 2.800756e+01 -4.017160e-03 
 2.800795e+01 -3.619757e-03 
 2.800835e+01 -3.082643e-03 
 2.800875e+01 -2.456040e-03 
 2.800915e+01 -1.798210e-03 
 2.800954e+01 -1.132719e-03 
 2.800994e+01 -4.847209e-04 
 2.801034e+01  9.203950e-05 
 2.801074e+01  5.665649e-04 
 2.801113e+01  9.175022e-04 
 2.801153e+01  1.103307e-03 
 2.801193e+01  1.132765e-03 
 2.801233e+01  1.019366e-03 
 2.801273e+01  8.093708e-04 
 2.801312e+01  5.432488e-04 
 2.801352e+01  2.670506e-04 
 2.801392e+01  4.157791e-05 
 2.801432e+01 -7.544212e-05 
 2.801471e+01 -3.690183e-05 
 2.801511e+01  1.648865e-04 
 2.801551e+01  5.585413e-04 
 2.801591e+01  1.158467e-03 
 2.801630e+01  1.943278e-03 
 2.801670e+01  2.869130e-03 
 2.801710e+01  3.876024e-03 
 2.801750e+01  4.898283e-03 
 2.801790e+01  5.866351e-03 
 2.801829e+01  6.715602e-03 
 2.801869e+01  7.416617e-03 
 2.801909e+01  7.943751e-03 
 2.801949e+01  8.244825e-03 
 2.801988e+01  8.299103e-03 
 2.802028e+01  8.085543e-03 
 2.802068e+01  7.637135e-03 
 2.802108e+01  6.993001e-03 
 2.802147e+01  6.224733e-03 
 2.802187e+01  5.434982e-03 
 2.802227e+01  4.697071e-03 
 2.802267e+01  4.071919e-03 
 2.802307e+01  3.611963e-03 
 2.802346e+01  3.366256e-03 
 2.802386e+01  3.368335e-03 
 2.802426e+01  3.611086e-03 
 2.802466e+01  4.088562e-03 
 2.802505e+01  4.801163e-03 
 2.802545e+01  5.723515e-03 
 2.802585e+01  6.822538e-03 
 2.802625e+01  8.006239e-03 
 2.802664e+01  9.150618e-03 
 2.802704e+01  1.019309e-02 
 2.802744e+01  1.104969e-02 
 2.802784e+01  1.168316e-02 
 2.802824e+01  1.206036e-02 
 2.802863e+01  1.216112e-02 
 2.802903e+01  1.198140e-02 
 2.802943e+01  1.156310e-02 
 2.802983e+01  1.096460e-02 
 2.803022e+01  1.027136e-02 
 2.803062e+01  9.563052e-03 
 2.803102e+01  8.927547e-03 
 2.803142e+01  8.432961e-03 
 2.803181e+01  8.171883e-03 
 2.803221e+01  8.166021e-03 
 2.803261e+01  8.434324e-03 
 2.803301e+01  8.951463e-03 
 2.803341e+01  9.696557e-03 
 2.803380e+01  1.060977e-02 
 2.803420e+01  1.161269e-02 
 2.803460e+01  1.264514e-02 
 2.803500e+01  1.358520e-02 
 2.803539e+01  1.434906e-02 
 2.803579e+01  1.484889e-02 
 2.803619e+01  1.504683e-02 
 2.803659e+01  1.491283e-02 
 2.803698e+01  1.442432e-02 
 2.803738e+01  1.358917e-02 
 2.803778e+01  1.245844e-02 
 2.803818e+01  1.113897e-02 
 2.803858e+01  9.734519e-03 
 2.803897e+01  8.345760e-03 
 2.803937e+01  7.095473e-03 
 2.803977e+01  6.069091e-03 
 2.804017e+01  5.346701e-03 
 2.804056e+01  4.987847e-03 
 2.804096e+01  5.032834e-03 
 2.804136e+01  5.474079e-03 
 2.804176e+01  6.279516e-03 
 2.804216e+01  7.413336e-03 
 2.804255e+01  8.787192e-03 
 2.804295e+01  1.031153e-02 
 2.804335e+01  1.186352e-02 
 2.804375e+01  1.332131e-02 
 2.804414e+01  1.459911e-02 
 2.804454e+01  1.562425e-02 
 2.804494e+01  1.635029e-02 
 2.804534e+01  1.671758e-02 
 2.804573e+01  1.671814e-02 
 2.804613e+01  1.632601e-02 
 2.804653e+01  1.551742e-02 
 2.804693e+01  1.436730e-02 
 2.804733e+01  1.294214e-02 
 2.804772e+01  1.135980e-02 
 2.804812e+01  9.719672e-03 
 2.804852e+01  8.146590e-03 
 2.804892e+01  6.747563e-03 
 2.804931e+01  5.618941e-03 
 2.804971e+01  4.855604e-03 
 2.805011e+01  4.482149e-03 
 2.805051e+01  4.522206e-03 
 2.805090e+01  4.944922e-03 
 2.805130e+01  5.705742e-03 
 2.805170e+01  6.723408e-03 
 2.805210e+01  7.916712e-03 
 2.805250e+01  9.157024e-03 
 2.805289e+01  1.034064e-02 
 2.805329e+01  1.135433e-02 
 2.805369e+01  1.208087e-02 
 2.805409e+01  1.248692e-02 
 2.805448e+01  1.251123e-02 
 2.805488e+01  1.214903e-02 
 2.805528e+01  1.143165e-02 
 2.805568e+01  1.040933e-02 
 2.805607e+01  9.175385e-03 
 2.805647e+01  7.799061e-03 
 2.805687e+01  6.406264e-03 
 2.805727e+01  5.096537e-03 
 2.805767e+01  3.969131e-03 
 2.805806e+01  3.120067e-03 
 2.805846e+01  2.644124e-03 
 2.805886e+01  2.552570e-03 
 2.805926e+01  2.864297e-03 
 2.805965e+01  3.564165e-03 
 2.806005e+01  4.623070e-03 
 2.806045e+01  5.988155e-03 
 2.806085e+01  7.558295e-03 
 2.806124e+01  9.226576e-03 
 2.806164e+01  1.087427e-02 
 2.806204e+01  1.238149e-02 
 2.806244e+01  1.363096e-02 
 2.806284e+01  1.451076e-02 
 2.806323e+01  1.496221e-02 
 2.806363e+01  1.494772e-02 
 2.806403e+01  1.445952e-02 
 2.806443e+01  1.354391e-02 
 2.806482e+01  1.226473e-02 
 2.806522e+01  1.069277e-02 
 2.806562e+01  8.916945e-03 
 2.806602e+01  7.039176e-03 
 2.806641e+01  5.177188e-03 
 2.806681e+01  3.454706e-03 
 2.806721e+01  1.967710e-03 
 2.806761e+01  8.141970e-04 
 2.806801e+01  5.441464e-05 
 2.806840e+01 -2.807827e-04 
 2.806880e+01 -2.262111e-04 
 2.806920e+01  2.091997e-04 
 2.806960e+01  9.735398e-04 
 2.806999e+01  1.972979e-03 
 2.807039e+01  3.134016e-03 
 2.807079e+01  4.360254e-03 
 2.807119e+01  5.560021e-03 
 2.807158e+01  6.624261e-03 
 2.807198e+01  7.500174e-03 
 2.807238e+01  8.118439e-03 
 2.807278e+01  8.456171e-03 
 2.807318e+01  8.525284e-03 
 2.807357e+01  8.338015e-03 
 2.807397e+01  7.942856e-03 
 2.807437e+01  7.366181e-03 
 2.807477e+01  6.675748e-03 
 2.807516e+01  5.925219e-03 
 2.807556e+01  5.184614e-03 
 2.807596e+01  4.559548e-03 
 2.807636e+01  4.105826e-03 
 2.807675e+01  3.895373e-03 
 2.807715e+01  3.940207e-03 
 2.807755e+01  4.227706e-03 
 2.807795e+01  4.715224e-03 
 2.807835e+01  5.332839e-03 
 2.807874e+01  6.005393e-03 
 2.807914e+01  6.651286e-03 
 2.807954e+01  7.224285e-03 
 2.807994e+01  7.654968e-03 
 2.808033e+01  7.880906e-03 
 2.808073e+01  7.860485e-03 
 2.808113e+01  7.534275e-03 
 2.808153e+01  6.891469e-03 
 2.808192e+01  5.977185e-03 
 2.808232e+01  4.857416e-03 
 2.808272e+01  3.570739e-03 
 2.808312e+01  2.191262e-03 
 2.808352e+01  8.131954e-04 
 2.808391e+01 -4.707339e-04 
 2.808431e+01 -1.589311e-03 
 2.808471e+01 -2.486479e-03 
 2.808511e+01 -3.144627e-03 
 2.808550e+01 -3.531407e-03 
 2.808590e+01 -3.655850e-03 
 2.808630e+01 -3.535764e-03 
 2.808670e+01 -3.212828e-03 
 2.808709e+01 -2.737207e-03 
 2.808749e+01 -2.155805e-03 
 2.808789e+01 -1.527565e-03 
 2.808829e+01 -8.629075e-04 
 2.808869e+01 -2.172758e-04 
 2.808908e+01  3.475682e-04 
 2.808948e+01  7.906159e-04 
 2.808988e+01  1.092684e-03 
 2.809028e+01  1.252918e-03 
 2.809067e+01  1.290353e-03 
 2.809107e+01  1.224666e-03 
 2.809147e+01  1.107595e-03 
 2.809187e+01  9.513302e-04 
 2.809226e+01  7.994050e-04 
 2.809266e+01  6.927045e-04 
 2.809306e+01  6.555781e-04 
 2.809346e+01  7.090652e-04 
 2.809386e+01  8.590218e-04 
 2.809425e+01  1.082970e-03 
 2.809465e+01  1.379712e-03 
 2.809505e+01  1.707993e-03 
 2.809545e+01  2.033848e-03 
 2.809584e+01  2.318686e-03 
 2.809624e+01  2.521083e-03 
 2.809664e+01  2.585084e-03 
 2.809704e+01  2.468003e-03 
 2.809743e+01  2.132009e-03 
 2.809783e+01  1.551570e-03 
 2.809823e+01  7.382799e-04 
 2.809863e+01 -2.533559e-04 
 2.809903e+01 -1.373484e-03 
 2.809942e+01 -2.530427e-03 
 2.809982e+01 -3.637373e-03 
 2.810022e+01 -4.607856e-03 
 2.810062e+01 -5.395210e-03 
 2.810101e+01 -5.913731e-03 
 2.810141e+01 -6.154771e-03 
 2.810181e+01 -6.087014e-03 
 2.810221e+01 -5.708799e-03 
 2.810260e+01 -5.070118e-03 
 2.810300e+01 -4.195832e-03 
 2.810340e+01 -3.150656e-03 
 2.810380e+01 -1.978226e-03 
 2.810420e+01 -7.257764e-04 
 2.810459e+01  5.300887e-04 
 2.810499e+01  1.722511e-03 
 2.810539e+01  2.795112e-03 
 2.810579e+01  3.704769e-03 
 2.810618e+01  4.412592e-03 
 2.810658e+01  4.882075e-03 
 2.810698e+01  5.107739e-03 
 2.810738e+01  5.119522e-03 
 2.810777e+01  4.970045e-03 
 2.810817e+01  4.708909e-03 
 2.810857e+01  4.395401e-03 
 2.810897e+01  4.080866e-03 
 2.810937e+01  3.805039e-03 
 2.810976e+01  3.602615e-03 
 2.811016e+01  3.511176e-03 
 2.811056e+01  3.566474e-03 
 2.811096e+01  3.765015e-03 
 2.811135e+01  4.108890e-03 
 2.811175e+01  4.576947e-03 
 2.811215e+01  5.127840e-03 
 2.811255e+01  5.717643e-03 
 2.811294e+01  6.275564e-03 
 2.811334e+01  6.748845e-03 
 2.811374e+01  7.084863e-03 
 2.811414e+01  7.228911e-03 
 2.811454e+01  7.156074e-03 
 2.811493e+01  6.884398e-03 
 2.811533e+01  6.423064e-03 
 2.811573e+01  5.801948e-03 
 2.811613e+01  5.059950e-03 
 2.811652e+01  4.247130e-03 
 2.811692e+01  3.411475e-03 
 2.811732e+01  2.619753e-03 
 2.811772e+01  1.925435e-03 
 2.811811e+01  1.385478e-03 
 2.811851e+01  1.082053e-03 
 2.811891e+01  1.062567e-03 
 2.811931e+01  1.372626e-03 
 2.811971e+01  2.022068e-03 
 2.812010e+01  2.972356e-03 
 2.812050e+01  4.172406e-03 
 2.812090e+01  5.539932e-03 
 2.812130e+01  6.994018e-03 
 2.812169e+01  8.459560e-03 
 2.812209e+01  9.850947e-03 
 2.812249e+01  1.108693e-02 
 2.812289e+01  1.210675e-02 
 2.812328e+01  1.283824e-02 
 2.812368e+01  1.325483e-02 
 2.812408e+01  1.334405e-02 
 2.812448e+01  1.311867e-02 
 2.812488e+01  1.262282e-02 
 2.812527e+01  1.192913e-02 
 2.812567e+01  1.111662e-02 
 2.812607e+01  1.026094e-02 
 2.812647e+01  9.424728e-03 
 2.812686e+01  8.656947e-03 
 2.812726e+01  8.026713e-03 
 2.812766e+01  7.609006e-03 
 2.812806e+01  7.458458e-03 
 2.812845e+01  7.567621e-03 
 2.812885e+01  7.910212e-03 
 2.812925e+01  8.428252e-03 
 2.812965e+01  9.052141e-03 
 2.813005e+01  9.713429e-03 
 2.813044e+01  1.032857e-02 
 2.813084e+01  1.080900e-02 
 2.813124e+01  1.112162e-02 
 2.813164e+01  1.121193e-02 
 2.813203e+01  1.105535e-02 
 2.813243e+01  1.066244e-02 
 2.813283e+01  1.002992e-02 
 2.813323e+01  9.195735e-03 
 2.813363e+01  8.231858e-03 
 2.813402e+01  7.238442e-03 
 2.813442e+01  6.307924e-03 
 2.813482e+01  5.510842e-03 
 2.813522e+01  4.911497e-03 
 2.813561e+01  4.566926e-03 
 2.813601e+01  4.511786e-03 
 2.813641e+01  4.777202e-03 
 2.813681e+01  5.349149e-03 
 2.813720e+01  6.208132e-03 
 2.813760e+01  7.310939e-03 
 2.813800e+01  8.588408e-03 
 2.813840e+01  9.963535e-03 
 2.813880e+01  1.133807e-02 
 2.813919e+01  1.261690e-02 
 2.813959e+01  1.371574e-02 
 2.813999e+01  1.453826e-02 
 2.814039e+01  1.503215e-02 
 2.814078e+01  1.513347e-02 
 2.814118e+01  1.480716e-02 
 2.814158e+01  1.405499e-02 
 2.814198e+01  1.290444e-02 
 2.814237e+01  1.142143e-02 
 2.814277e+01  9.718399e-03 
 2.814317e+01  7.913163e-03 
 2.814357e+01  6.121890e-03 
 2.814397e+01  4.467873e-03 
 2.814436e+01  3.049721e-03 
 2.814476e+01  1.965822e-03 
 2.814516e+01  1.260200e-03 
 2.814556e+01  9.949932e-04 
 2.814595e+01  1.168334e-03 
 2.814635e+01  1.770585e-03 
 2.814675e+01  2.764777e-03 
 2.814715e+01  4.053216e-03 
 2.814754e+01  5.543241e-03 
 2.814794e+01  7.094820e-03 
 2.814834e+01  8.584596e-03 
 2.814874e+01  9.882280e-03 
 2.814914e+01  1.088585e-02 
 2.814953e+01  1.153871e-02 
 2.814993e+01  1.180507e-02 
 2.815033e+01  1.167412e-02 
 2.815073e+01  1.118104e-02 
 2.815112e+01  1.036208e-02 
 2.815152e+01  9.306893e-03 
 2.815192e+01  8.110249e-03 
 2.815232e+01  6.900210e-03 
 2.815271e+01  5.796079e-03 
 2.815311e+01  4.900253e-03 
 2.815351e+01  4.320947e-03 
 2.815391e+01  4.101430e-03 
 2.815431e+01  4.294707e-03 
 2.815470e+01  4.882292e-03 
 2.815510e+01  5.820193e-03 
 2.815550e+01  7.059815e-03 
 2.815590e+01  8.497698e-03 
 2.815629e+01  1.006022e-02 
 2.815669e+01  1.161565e-02 
 2.815709e+01  1.304950e-02 
 2.815749e+01  1.424481e-02 
 2.815788e+01  1.509487e-02 
 2.815828e+01  1.553526e-02 
 2.815868e+01  1.550198e-02 
 2.815908e+01  1.499827e-02 
 2.815948e+01  1.405722e-02 
 2.815987e+01  1.272266e-02 
 2.816027e+01  1.109097e-02 
 2.816067e+01  9.275302e-03 
 2.816107e+01  7.393762e-03 
 2.816146e+01  5.570824e-03 
 2.816186e+01  3.930260e-03 
 2.816226e+01  2.589841e-03 
 2.816266e+01  1.637577e-03 
 2.816305e+01  1.137061e-03 
 2.816345e+01  1.096298e-03 
 2.816385e+01  1.497881e-03 
 2.816425e+01  2.322585e-03 
 2.816465e+01  3.498915e-03 
 2.816504e+01  4.940399e-03 
 2.816544e+01  6.544338e-03 
 2.816584e+01  8.187465e-03 
 2.816624e+01  9.766392e-03 
 2.816663e+01  1.119012e-02 
 2.816703e+01  1.235995e-02 
 2.816743e+01  1.321710e-02 
 2.816783e+01  1.371670e-02 
 2.816822e+01  1.385703e-02 
 2.816862e+01  1.363931e-02 
 2.816902e+01  1.310621e-02 
 2.816942e+01  1.227987e-02 
 2.816982e+01  1.124054e-02 
 2.817021e+01  1.008084e-02 
 2.817061e+01  8.874122e-03 
 2.817101e+01  7.688694e-03 
 2.817141e+01  6.604394e-03 
 2.817180e+01  5.685275e-03 
 2.817220e+01  4.982837e-03 
 2.817260e+01  4.505503e-03 
 2.817300e+01  4.285290e-03 
 2.817339e+01  4.299762e-03 
 2.817379e+01  4.538459e-03 
 2.817419e+01  4.956561e-03 
 2.817459e+01  5.480061e-03 
 2.817499e+01  6.014936e-03 
 2.817538e+01  6.473706e-03 
 2.817578e+01  6.787605e-03 
 2.817618e+01  6.908142e-03 
 2.817658e+01  6.809769e-03 
 2.817697e+01  6.493511e-03 
 2.817737e+01  5.949625e-03 
 2.817777e+01  5.228526e-03 
 2.817817e+01  4.364610e-03 
 2.817856e+01  3.403592e-03 
 2.817896e+01  2.414474e-03 
 2.817936e+01  1.458701e-03 
 2.817976e+01  6.029782e-04 
 2.818016e+01 -7.000322e-05 
 2.818055e+01 -5.181983e-04 
 2.818095e+01 -7.173358e-04 
 2.818135e+01 -6.412718e-04 
 2.818175e+01 -2.990595e-04 
 2.818214e+01  2.601600e-04 
 2.818254e+01  9.867035e-04 
 2.818294e+01  1.836801e-03 
 2.818334e+01  2.724401e-03 
 2.818373e+01  3.589689e-03 
 2.818413e+01  4.377059e-03 
 2.818453e+01  5.035429e-03 
 2.818493e+01  5.532294e-03 
 2.818533e+01  5.856026e-03 
 2.818572e+01  5.968751e-03 
 2.818612e+01  5.875532e-03 
 2.818652e+01  5.592837e-03 
 2.818692e+01  5.120084e-03 
 2.818731e+01  4.485102e-03 
 2.818771e+01  3.735270e-03 
 2.818811e+01  2.931798e-03 
 2.818851e+01  2.139204e-03 
 2.818890e+01  1.416292e-03 
 2.818930e+01  7.964202e-04 
 2.818970e+01  2.864427e-04 
 2.819010e+01 -1.228013e-04 
 2.819050e+01 -4.493185e-04 
 2.819089e+01 -7.074101e-04 
 2.819129e+01 -9.433485e-04 
 2.819169e+01 -1.171586e-03 
 2.819209e+01 -1.413858e-03 
 2.819248e+01 -1.698033e-03 
 2.819288e+01 -2.024102e-03 
 2.819328e+01 -2.409041e-03 
 2.819368e+01 -2.839106e-03 
 2.819407e+01 -3.265826e-03 
 2.819447e+01 -3.673669e-03 
 2.819487e+01 -4.019145e-03 
 2.819527e+01 -4.266990e-03 
 2.819567e+01 -4.378263e-03 
 2.819606e+01 -4.345782e-03 
 2.819646e+01 -4.143148e-03 
 2.819686e+01 -3.758925e-03 
 2.819726e+01 -3.202090e-03 
 2.819765e+01 -2.458702e-03 
 2.819805e+01 -1.552415e-03 
 2.819845e+01 -5.347875e-04 
 2.819885e+01  5.289005e-04 
 2.819924e+01  1.569266e-03 
 2.819964e+01  2.498138e-03 
 2.820004e+01  3.277202e-03 
 2.820044e+01  3.876345e-03 
 2.820084e+01  4.270714e-03 
 2.820123e+01  4.451819e-03 
 2.820163e+01  4.416234e-03 
 2.820203e+01  4.161014e-03 
 2.820243e+01  3.709470e-03 
 2.820282e+01  3.110367e-03 
 2.820322e+01  2.405488e-03 
 2.820362e+01  1.640721e-03 
 2.820402e+01  9.007527e-04 
 2.820441e+01  2.436584e-04 
 2.820481e+01 -2.722295e-04 
 2.820521e+01 -5.903964e-04 
 2.820561e+01 -6.980616e-04 
 2.820601e+01 -5.908826e-04 
 2.820640e+01 -2.808189e-04 
 2.820680e+01  2.155729e-04 
 2.820720e+01  8.436096e-04 
 2.820760e+01  1.550925e-03 
 2.820799e+01  2.283515e-03 
 2.820839e+01  2.988281e-03 
 2.820879e+01  3.616308e-03 
 2.820919e+01  4.106288e-03 
 2.820958e+01  4.403891e-03 
 2.820998e+01  4.477468e-03 
 2.821038e+01  4.325861e-03 
 2.821078e+01  3.960123e-03 
 2.821118e+01  3.415687e-03 
 2.821157e+01  2.738899e-03 
 2.821197e+01  2.028774e-03 
 2.821237e+01  1.373847e-03 
 2.821277e+01  8.586603e-04 
 2.821316e+01  5.653914e-04 
 2.821356e+01  5.243295e-04 
 2.821396e+01  7.759801e-04 
 2.821436e+01  1.333464e-03 
 2.821475e+01  2.148597e-03 
 2.821515e+01  3.202300e-03 
 2.821555e+01  4.435260e-03 
 2.821595e+01  5.804179e-03 
 2.821635e+01  7.243804e-03 
 2.821674e+01  8.660937e-03 
 2.821714e+01  9.972008e-03 
 2.821754e+01  1.107835e-02 
 2.821794e+01  1.192040e-02 
 2.821833e+01  1.241726e-02 
 2.821873e+01  1.251238e-02 
 2.821913e+01  1.219660e-02 
 2.821953e+01  1.149055e-02 
 2.821992e+01  1.045043e-02 
 2.822032e+01  9.165461e-03 
 2.822072e+01  7.713853e-03 
 2.822112e+01  6.182913e-03 
 2.822152e+01  4.686021e-03 
 2.822191e+01  3.317413e-03 
 2.822231e+01  2.179648e-03 
 2.822271e+01  1.347838e-03 
 2.822311e+01  8.694305e-04 
 2.822350e+01  7.689922e-04 
 2.822390e+01  1.053074e-03 
 2.822430e+01  1.679754e-03 
 2.822470e+01  2.601548e-03 
 2.822510e+01  3.731885e-03 
 2.822549e+01  4.991279e-03 
 2.822589e+01  6.269757e-03 
 2.822629e+01  7.471325e-03 
 2.822669e+01  8.495419e-03 
 2.822708e+01  9.248109e-03 
 2.822748e+01  9.681522e-03 
 2.822788e+01  9.785246e-03 
 2.822828e+01  9.568773e-03 
 2.822867e+01  9.076731e-03 
 2.822907e+01  8.382062e-03 
 2.822947e+01  7.561159e-03 
 2.822987e+01  6.685512e-03 
 2.823027e+01  5.845793e-03 
 2.823066e+01  5.120689e-03 
 2.823106e+01  4.579437e-03 
 2.823146e+01  4.268267e-03 
 2.823186e+01  4.253718e-03 
 2.823225e+01  4.567507e-03 
 2.823265e+01  5.221625e-03 
 2.823305e+01  6.176628e-03 
 2.823345e+01  7.359828e-03 
 2.823384e+01  8.667482e-03 
 2.823424e+01  1.000094e-02 
 2.823464e+01  1.124945e-02 
 2.823504e+01  1.232104e-02 
 2.823544e+01  1.313299e-02 
 2.823583e+01  1.362642e-02 
 2.823623e+01  1.376738e-02 
 2.823663e+01  1.353773e-02 
 2.823703e+01  1.293897e-02 
 2.823742e+01  1.198545e-02 
 2.823782e+01  1.072772e-02 
 2.823822e+01  9.235109e-03 
 2.823862e+01  7.579471e-03 
 2.823901e+01  5.883482e-03 
 2.823941e+01  4.272323e-03 
 2.823981e+01  2.874488e-03 
 2.824021e+01  1.798712e-03 
 2.824061e+01  1.123427e-03 
 2.824100e+01  9.125060e-04 
 2.824140e+01  1.164688e-03 
 2.824180e+01  1.878947e-03 
 2.824220e+01  3.006798e-03 
 2.824259e+01  4.453176e-03 
 2.824299e+01  6.126662e-03 
 2.824339e+01  7.904363e-03 
 2.824379e+01  9.683080e-03 
 2.824418e+01  1.133037e-02 
 2.824458e+01  1.274464e-02 
 2.824498e+01  1.381742e-02 
 2.824538e+01  1.448583e-02 
 2.824578e+01  1.472213e-02 
 2.824617e+01  1.452171e-02 
 2.824657e+01  1.393451e-02 
 2.824697e+01  1.302715e-02 
 2.824737e+01  1.188555e-02 
 2.824776e+01  1.062405e-02 
 2.824816e+01  9.360318e-03 
 2.824856e+01  8.218856e-03 
 2.824896e+01  7.287983e-03 
 2.824935e+01  6.660177e-03 
 2.824975e+01  6.378531e-03 
 2.825015e+01  6.478494e-03 
 2.825055e+01  6.947797e-03 
 2.825095e+01  7.735987e-03 
 2.825134e+01  8.781682e-03 
 2.825174e+01  9.981102e-03 
 2.825214e+01  1.124047e-02 
 2.825254e+01  1.246710e-02 
 2.825293e+01  1.354742e-02 
 2.825333e+01  1.438604e-02 
 2.825373e+01  1.489628e-02 
 2.825413e+01  1.504862e-02 
 2.825452e+01  1.483790e-02 
 2.825492e+01  1.427918e-02 
 2.825532e+01  1.341318e-02 
 2.825572e+01  1.232903e-02 
 2.825612e+01  1.111744e-02 
 2.825651e+01  9.892098e-03 
 2.825691e+01  8.748334e-03 
 2.825731e+01  7.764959e-03 
 2.825771e+01  7.017921e-03 
 2.825810e+01  6.566479e-03 
 2.825850e+01  6.446933e-03 
 2.825890e+01  6.668687e-03 
 2.825930e+01  7.201312e-03 
 2.825969e+01  8.027648e-03 
 2.826009e+01  9.080594e-03 
 2.826049e+01  1.027803e-02 
 2.826089e+01  1.154049e-02 
 2.826129e+01  1.277522e-02 
 2.826168e+01  1.391023e-02 
 2.826208e+01  1.486543e-02 
 2.826248e+01  1.557251e-02 
 2.826288e+01  1.597934e-02 
 2.826327e+01  1.607830e-02 
 2.826367e+01  1.586418e-02 
 2.826407e+01  1.537249e-02 
 2.826447e+01  1.464140e-02 
 2.826486e+01  1.368589e-02 
 2.826526e+01  1.256757e-02 
 2.826566e+01  1.133564e-02 
 2.826606e+01  1.006586e-02 
 2.826646e+01  8.799817e-03 
 2.826685e+01  7.618512e-03 
 2.826725e+01  6.594099e-03 
 2.826765e+01  5.780722e-03 
 2.826805e+01  5.242192e-03 
 2.826844e+01  4.973505e-03 
 2.826884e+01  4.960631e-03 
 2.826924e+01  5.166739e-03 
 2.826964e+01  5.519837e-03 
 2.827003e+01  5.963856e-03 
 2.827043e+01  6.437840e-03 
 2.827083e+01  6.871533e-03 
 2.827123e+01  7.202567e-03 
 2.827163e+01  7.392436e-03 
 2.827202e+01  7.406126e-03 
 2.827242e+01  7.223935e-03 
 2.827282e+01  6.838209e-03 
 2.827322e+01  6.274133e-03 
 2.827361e+01  5.585702e-03 
 2.827401e+01  4.819652e-03 
 2.827441e+01  4.062746e-03 
 2.827481e+01  3.374753e-03 
 2.827520e+01  2.809441e-03 
 2.827560e+01  2.398545e-03 
 2.827600e+01  2.158218e-03 
 2.827640e+01  2.092939e-03 
 2.827680e+01  2.182091e-03 
 2.827719e+01  2.393591e-03 
 2.827759e+01  2.686155e-03 
 2.827799e+01  3.030703e-03 
 2.827839e+01  3.380196e-03 
 2.827878e+01  3.684730e-03 
 2.827918e+01  3.893262e-03 
 2.827958e+01  3.973848e-03 
 2.827998e+01  3.901626e-03 
 2.828037e+01  3.660235e-03 
 2.828077e+01  3.264909e-03 
 2.828117e+01  2.709491e-03 
 2.828157e+01  2.032591e-03 
 2.828197e+01  1.272990e-03 
 2.828236e+01  4.768093e-04 
 2.828276e+01 -3.451349e-04 
 2.828316e+01 -1.122516e-03 
 2.828356e+01 -1.816788e-03 
 2.828395e+01 -2.383872e-03 
 2.828435e+01 -2.791034e-03 
 2.828475e+01 -3.032944e-03 
 2.828515e+01 -3.102431e-03 
 2.828554e+01 -3.019463e-03 
 2.828594e+01 -2.811981e-03 
 2.828634e+01 -2.502390e-03 
 2.828674e+01 -2.138264e-03 
 2.828714e+01 -1.761212e-03 
 2.828753e+01 -1.408573e-03 
 2.828793e+01 -1.113641e-03 
 2.828833e+01 -9.029634e-04 
 2.828873e+01 -8.054988e-04 
 2.828912e+01 -8.209130e-04 
 2.828952e+01 -9.390547e-04 
 2.828992e+01 -1.121292e-03 
 2.829032e+01 -1.335350e-03 
 2.829071e+01 -1.539436e-03 
 2.829111e+01 -1.693351e-03 
 2.829151e+01 -1.770582e-03 
 2.829191e+01 -1.749724e-03 
 2.829231e+01 -1.603284e-03 
 2.829270e+01 -1.319152e-03 
 2.829310e+01 -9.080578e-04 
 2.829350e+01 -3.890207e-04 
 2.829390e+01  2.108635e-04 
 2.829429e+01  8.473069e-04 
 2.829469e+01  1.456570e-03 
 2.829509e+01  1.988273e-03 
 2.829549e+01  2.398504e-03 
 2.829588e+01  2.653206e-03 
 2.829628e+01  2.726374e-03 
 2.829668e+01  2.581821e-03 
 2.829708e+01  2.222530e-03 
 2.829748e+01  1.640082e-03 
 2.829787e+01  8.849666e-04 
 2.829827e+01  3.324439e-05 
 2.829867e+01 -8.719423e-04 
 2.829907e+01 -1.752286e-03 
 2.829946e+01 -2.576702e-03 
 2.829986e+01 -3.268639e-03 
 2.830026e+01 -3.768241e-03 
 2.830066e+01 -4.047461e-03 
 2.830105e+01 -4.057591e-03 
 2.830145e+01 -3.785154e-03 
 2.830185e+01 -3.219851e-03 
 2.830225e+01 -2.368272e-03 
 2.830265e+01 -1.288429e-03 
 2.830304e+01 -7.624636e-05 
 2.830344e+01  1.192087e-03 
 2.830384e+01  2.438669e-03 
 2.830424e+01  3.559249e-03 
 2.830463e+01  4.487943e-03 
 2.830503e+01  5.161543e-03 
 2.830543e+01  5.550275e-03 
 2.830583e+01  5.673549e-03 
 2.830622e+01  5.543957e-03 
 2.830662e+01  5.200710e-03 
 2.830702e+01  4.691437e-03 
 2.830742e+01  4.085647e-03 
 2.830782e+01  3.434106e-03 
 2.830821e+01  2.793773e-03 
 2.830861e+01  2.246675e-03 
 2.830901e+01  1.855256e-03 
 2.830941e+01  1.664686e-03 
 2.830980e+01  1.738353e-03 
 2.831020e+01  2.094790e-03 
 2.831060e+01  2.697586e-03 
 2.831100e+01  3.517573e-03 
 2.831139e+01  4.495340e-03 
 2.831179e+01  5.535255e-03 
 2.831219e+01  6.555044e-03 
 2.831259e+01  7.472878e-03 
 2.831299e+01  8.219115e-03 
 2.831338e+01  8.759803e-03 
 2.831378e+01  9.029026e-03 
 2.831418e+01  9.000000e-03 
 2.831458e+01  8.656446e-03 
 2.831497e+01  8.019184e-03 
 2.831537e+01  7.129082e-03 
 2.831577e+01  6.048377e-03 
 2.831617e+01  4.876079e-03 
 2.831657e+01  3.674505e-03 
 2.831696e+01  2.533660e-03 
 2.831736e+01  1.569816e-03 
 2.831776e+01  8.589068e-04 
 2.831816e+01  4.636225e-04 
 2.831855e+01  4.497836e-04 
 2.831895e+01  8.209040e-04 
 2.831935e+01  1.565064e-03 
 2.831975e+01  2.637848e-03 
 2.832014e+01  3.960723e-03 
 2.832054e+01  5.423046e-03 
 2.832094e+01  6.907112e-03 
 2.832134e+01  8.312729e-03 
 2.832174e+01  9.530490e-03 
 2.832213e+01  1.048474e-02 
 2.832253e+01  1.113901e-02 
 2.832293e+01  1.142137e-02 
 2.832333e+01  1.133355e-02 
 2.832372e+01  1.089902e-02 
 2.832412e+01  1.015978e-02 
 2.832452e+01  9.206034e-03 
 2.832492e+01  8.108473e-03 
 2.832531e+01  6.967036e-03 
 2.832571e+01  5.871318e-03 
 2.832611e+01  4.921296e-03 
 2.832651e+01  4.154941e-03 
 2.832691e+01  3.619184e-03 
 2.832730e+01  3.349212e-03 
 2.832770e+01  3.347449e-03 
 2.832810e+01  3.604266e-03 
 2.832850e+01  4.100328e-03 
 2.832889e+01  4.803463e-03 
 2.832929e+01  5.657059e-03 
 2.832969e+01  6.597345e-03 
 2.833009e+01  7.564780e-03 
 2.833048e+01  8.452618e-03 
 2.833088e+01  9.204140e-03 
 2.833128e+01  9.740522e-03 
 2.833168e+01  1.000747e-02 
 2.833208e+01  9.971711e-03 
 2.833247e+01  9.644194e-03 
 2.833287e+01  9.048506e-03 
 2.833327e+01  8.220240e-03 
 2.833367e+01  7.269505e-03 
 2.833406e+01  6.265245e-03 
 2.833446e+01  5.289906e-03 
 2.833486e+01  4.429828e-03 
 2.833526e+01  3.754117e-03 
 2.833565e+01  3.332265e-03 
 2.833605e+01  3.225819e-03 
 2.833645e+01  3.456733e-03 
 2.833685e+01  4.033270e-03 
 2.833725e+01  4.944878e-03 
 2.833764e+01  6.157023e-03 
 2.833804e+01  7.615315e-03 
 2.833844e+01  9.212769e-03 
 2.833884e+01  1.082429e-02 
 2.833923e+01  1.234152e-02 
 2.833963e+01  1.364024e-02 
 2.834003e+01  1.464718e-02 
 2.834043e+01  1.528270e-02 
 2.834082e+01  1.551044e-02 
 2.834122e+01  1.534190e-02 
 2.834162e+01  1.481520e-02 
 2.834202e+01  1.398545e-02 
 2.834242e+01  1.292968e-02 
 2.834281e+01  1.171312e-02 
 2.834321e+01  1.045553e-02 
 2.834361e+01  9.266664e-03 
 2.834401e+01  8.245929e-03 
 2.834440e+01  7.489922e-03 
 2.834480e+01  7.047842e-03 
 2.834520e+01  6.954242e-03 
 2.834560e+01  7.191302e-03 
 2.834599e+01  7.750561e-03 
 2.834639e+01  8.596515e-03 
 2.834679e+01  9.631970e-03 
 2.834719e+01  1.078518e-02 
 2.834759e+01  1.197266e-02 
 2.834798e+01  1.310899e-02 
 2.834838e+01  1.409223e-02 
 2.834878e+01  1.484852e-02 
 2.834918e+01  1.533069e-02 
 2.834957e+01  1.550246e-02 
 2.834997e+01  1.535870e-02 
 2.835037e+01  1.491143e-02 
 2.835077e+01  1.417892e-02 
 2.835116e+01  1.321752e-02 
 2.835156e+01  1.212047e-02 
 2.835196e+01  1.095110e-02 
 2.835236e+01  9.821616e-03 
 2.835276e+01  8.805496e-03 
 2.835315e+01  7.973889e-03 
 2.835355e+01  7.416045e-03 
 2.835395e+01  7.158602e-03 
 2.835435e+01  7.201998e-03 
 2.835474e+01  7.529643e-03 
 2.835514e+01  8.095360e-03 
 2.835554e+01  8.849645e-03 
 2.835594e+01  9.736630e-03 
 2.835633e+01  1.067788e-02 
 2.835673e+01  1.158889e-02 
 2.835713e+01  1.239669e-02 
 2.835753e+01  1.303763e-02 
 2.835793e+01  1.345748e-02 
 2.835832e+01  1.360188e-02 
 2.835872e+01  1.345734e-02 
 2.835912e+01  1.300870e-02 
 2.835952e+01  1.228948e-02 
 2.835991e+01  1.136036e-02 
 2.836031e+01  1.026922e-02 
 2.836071e+01  9.085202e-03 
 2.836111e+01  7.894601e-03 
 2.836150e+01  6.778321e-03 
 2.836190e+01  5.807213e-03 
 2.836230e+01  5.049834e-03 
 2.836270e+01  4.568246e-03 
 2.836310e+01  4.373027e-03 
 2.836349e+01  4.479634e-03 
 2.836389e+01  4.865533e-03 
 2.836429e+01  5.476167e-03 
 2.836469e+01  6.244320e-03 
 2.836508e+01  7.102734e-03 
 2.836548e+01  7.974513e-03 
 2.836588e+01  8.763894e-03 
 2.836628e+01  9.385159e-03 
 2.836667e+01  9.779886e-03 
 2.836707e+01  9.880742e-03 
 2.836747e+01  9.706820e-03 
 2.836787e+01  9.244250e-03 
 2.836827e+01  8.556973e-03 
 2.836866e+01  7.692521e-03 
 2.836906e+01  6.706131e-03 
 2.836946e+01  5.678121e-03 
 2.836986e+01  4.680187e-03 
 2.837025e+01  3.767733e-03 
 2.837065e+01  2.969980e-03 
 2.837105e+01  2.323580e-03 
 2.837145e+01  1.865584e-03 
 2.837184e+01  1.590034e-03 
 2.837224e+01  1.491854e-03 
 2.837264e+01  1.554308e-03 
 2.837304e+01  1.716535e-03 
 2.837344e+01  1.945211e-03 
 2.837383e+01  2.201915e-03 
 2.837423e+01  2.425499e-03 
 2.837463e+01  2.588006e-03 
 2.837503e+01  2.646259e-03 
 2.837542e+01  2.592491e-03 
 2.837582e+01  2.429829e-03 
 2.837622e+01  2.167441e-03 
 2.837662e+01  1.822770e-03 
 2.837701e+01  1.409674e-03 
 2.837741e+01  9.622430e-04 
 2.837781e+01  5.143249e-04 
 2.837821e+01  7.711207e-05 
 2.837861e+01 -3.062311e-04 
 2.837900e+01 -6.164211e-04 
 2.837940e+01 -8.243653e-04 
 2.837980e+01 -9.028159e-04 
 2.838020e+01 -8.396003e-04 
 2.838059e+01 -6.460742e-04 
 2.838099e+01 -3.610968e-04 
 2.838139e+01  6.334487e-06 
 2.838179e+01  4.046456e-04 
 2.838218e+01  8.004278e-04 
 2.838258e+01  1.150462e-03 
 2.838298e+01  1.420784e-03 
 2.838338e+01  1.589544e-03 
 2.838378e+01  1.639738e-03 
 2.838417e+01  1.559340e-03 
 2.838457e+01  1.346625e-03 
 2.838497e+01  1.024565e-03 
 2.838537e+01  6.327122e-04 
 2.838576e+01  2.097110e-04 
 2.838616e+01 -1.930439e-04 
 2.838656e+01 -5.485745e-04 
 2.838696e+01 -8.224610e-04 
 2.838735e+01 -9.726402e-04 
 2.838775e+01 -9.745659e-04 
 2.838815e+01 -8.452791e-04 
 2.838855e+01 -5.940936e-04 
 2.838895e+01 -2.494145e-04 
 2.838934e+01  1.538471e-04 
 2.838974e+01  5.751647e-04 
 2.839014e+01  9.909924e-04 
 2.839054e+01  1.358864e-03 
 2.839093e+01  1.642564e-03 
 2.839133e+01  1.833162e-03 
 2.839173e+01  1.929870e-03 
 2.839213e+01  1.929529e-03 
 2.839252e+01  1.819156e-03 
 2.839292e+01  1.617291e-03 
 2.839332e+01  1.339826e-03 
 2.839372e+01  1.031517e-03 
 2.839412e+01  7.169011e-04 
 2.839451e+01  4.220632e-04 
 2.839491e+01  1.978438e-04 
 2.839531e+01  9.015771e-05 
 2.839571e+01  1.261904e-04 
 2.839610e+01  3.293390e-04 
 2.839650e+01  7.108239e-04 
 2.839690e+01  1.247489e-03 
 2.839730e+01  1.933892e-03 
 2.839769e+01  2.728334e-03 
 2.839809e+01  3.584371e-03 
 2.839849e+01  4.450620e-03 
 2.839889e+01  5.277407e-03 
 2.839929e+01  6.024011e-03 
 2.839968e+01  6.632402e-03 
 2.840008e+01  7.039810e-03 
 2.840048e+01  7.220532e-03 
 2.840088e+01  7.121086e-03 
 2.840127e+01  6.769192e-03 
 2.840167e+01  6.175442e-03 
 2.840207e+01  5.370198e-03 
 2.840247e+01  4.413808e-03 
 2.840286e+01  3.372218e-03 
 2.840326e+01  2.333828e-03 
 2.840366e+01  1.381828e-03 
 2.840406e+01  5.752473e-04 
 2.840446e+01 -5.128198e-05 
 2.840485e+01 -4.490417e-04 
 2.840525e+01 -5.914437e-04 
 2.840565e+01 -4.723279e-04 
 2.840605e+01 -1.037652e-04 
 2.840644e+01  4.796271e-04 
 2.840684e+01  1.242855e-03 
 2.840724e+01  2.151536e-03 
 2.840764e+01  3.139959e-03 
 2.840804e+01  4.159157e-03 
 2.840843e+01  5.118410e-03 
 2.840883e+01  5.924951e-03 
 2.840923e+01  6.518301e-03 
 2.840963e+01  6.856082e-03 
 2.841002e+01  6.919379e-03 
 2.841042e+01  6.704056e-03 
 2.841082e+01  6.246628e-03 
 2.841122e+01  5.611818e-03 
 2.841161e+01  4.867640e-03 
 2.841201e+01  4.087056e-03 
 2.841241e+01  3.357416e-03 
 2.841281e+01  2.735712e-03 
 2.841321e+01  2.292843e-03 
 2.841360e+01  2.079685e-03 
 2.841400e+01  2.150732e-03 
 2.841440e+01  2.504630e-03 
 2.841480e+01  3.125852e-03 
 2.841519e+01  3.961635e-03 
 2.841559e+01  4.958850e-03 
 2.841599e+01  6.012971e-03 
 2.841639e+01  7.023860e-03 
 2.841678e+01  7.913323e-03 
 2.841718e+01  8.606363e-03 
 2.841758e+01  9.047129e-03 
 2.841798e+01  9.194684e-03 
 2.841838e+01  9.028533e-03 
 2.841877e+01  8.539712e-03 
 2.841917e+01  7.767693e-03 
 2.841957e+01  6.757549e-03 
 2.841997e+01  5.581206e-03 
 2.842036e+01  4.311517e-03 
 2.842076e+01  3.037148e-03 
 2.842116e+01  1.838341e-03 
 2.842156e+01  8.169919e-04 
 2.842195e+01  3.733350e-05 
 2.842235e+01 -4.452013e-04 
 2.842275e+01 -5.791967e-04 
 2.842315e+01 -3.470347e-04 
 2.842355e+01  2.589854e-04 
 2.842394e+01  1.193756e-03 
 2.842434e+01  2.379502e-03 
 2.842474e+01  3.723626e-03 
 2.842514e+01  5.131139e-03 
 2.842553e+01  6.514240e-03 
 2.842593e+01  7.800160e-03 
 2.842633e+01  8.903655e-03 
 2.842673e+01  9.756922e-03 
 2.842712e+01  1.031519e-02 
 2.842752e+01  1.055361e-02 
 2.842792e+01  1.046132e-02 
 2.842832e+01  1.007255e-02 
 2.842872e+01  9.397318e-03 
 2.842911e+01  8.532467e-03 
 2.842951e+01  7.557193e-03 
 2.842991e+01  6.571275e-03 
 2.843031e+01  5.690588e-03 
 2.843070e+01  4.981351e-03 
 2.843110e+01  4.510384e-03 
 2.843150e+01  4.335347e-03 
 2.843190e+01  4.474248e-03 
 2.843229e+01  4.913354e-03 
 2.843269e+01  5.611136e-03 
 2.843309e+01  6.505115e-03 
 2.843349e+01  7.502124e-03 
 2.843389e+01  8.517062e-03 
 2.843428e+01  9.460643e-03 
 2.843468e+01  1.026178e-02 
 2.843508e+01  1.085000e-02 
 2.843548e+01  1.119713e-02 
 2.843587e+01  1.127582e-02 
 2.843627e+01  1.109584e-02 
 2.843667e+01  1.068238e-02 
 2.843707e+01  1.004455e-02 
 2.843746e+01  9.256444e-03 
 2.843786e+01  8.392826e-03 
 2.843826e+01  7.532249e-03 
 2.843866e+01  6.768014e-03 
 2.843906e+01  6.175047e-03 
 2.843945e+01  5.819421e-03 
 2.843985e+01  5.717185e-03 
 2.844025e+01  5.879494e-03 
 2.844065e+01  6.312260e-03 
 2.844104e+01  7.005090e-03 
 2.844144e+01  7.947625e-03 
 2.844184e+01  9.101681e-03 
 2.844224e+01  1.039116e-02 
 2.844263e+01  1.175033e-02 
 2.844303e+01  1.308501e-02 
 2.844343e+01  1.430011e-02 
 2.844383e+01  1.530557e-02 
 2.844423e+01  1.602719e-02 
 2.844462e+01  1.642933e-02 
 2.844502e+01  1.650188e-02 
 2.844542e+01  1.626773e-02 
 2.844582e+01  1.573582e-02 
 2.844621e+01  1.494549e-02 
 2.844661e+01  1.396547e-02 
 2.844701e+01  1.286460e-02 
 2.844741e+01  1.172558e-02 
 2.844780e+01  1.062789e-02 
 2.844820e+01  9.635502e-03 
 2.844860e+01  8.796867e-03 
 2.844900e+01  8.168439e-03 
 2.844940e+01  7.806777e-03 
 2.844979e+01  7.713083e-03 
 2.845019e+01  7.879897e-03 
 2.845059e+01  8.293839e-03 
 2.845099e+01  8.905337e-03 
 2.845138e+01  9.657857e-03 
 2.845178e+01  1.048629e-02 
 2.845218e+01  1.128933e-02 
 2.845258e+01  1.199118e-02 
 2.845297e+01  1.252631e-02 
 2.845337e+01  1.286016e-02 
 2.845377e+01  1.297882e-02 
 2.845417e+01  1.288125e-02 
 2.845457e+01  1.256150e-02 
 2.845496e+01  1.204455e-02 
 2.845536e+01  1.138624e-02 
 2.845576e+01  1.062399e-02 
 2.845616e+01  9.816749e-03 
 2.845655e+01  9.000041e-03 
 2.845695e+01  8.235114e-03 
 2.845735e+01  7.594030e-03 
 2.845775e+01  7.124949e-03 
 2.845814e+01  6.883946e-03 
 2.845854e+01  6.867919e-03 
 2.845894e+01  7.049984e-03 
 2.845934e+01  7.420544e-03 
 2.845974e+01  7.952539e-03 
 2.846013e+01  8.585697e-03 
 2.846053e+01  9.254298e-03 
 2.846093e+01  9.873046e-03 
 2.846133e+01  1.040027e-02 
 2.846172e+01  1.075846e-02 
 2.846212e+01  1.090284e-02 
 2.846252e+01  1.078142e-02 
 2.846292e+01  1.038800e-02 
 2.846331e+01  9.737487e-03 
 2.846371e+01  8.868058e-03 
 2.846411e+01  7.837582e-03 
 2.846451e+01  6.704991e-03 
 2.846491e+01  5.528265e-03 
 2.846530e+01  4.383385e-03 
 2.846570e+01  3.338969e-03 
 2.846610e+01  2.452210e-03 
 2.846650e+01  1.753966e-03 
 2.846689e+01  1.291171e-03 
 2.846729e+01  1.059755e-03 
 2.846769e+01  1.069163e-03 
 2.846809e+01  1.311451e-03 
 2.846848e+01  1.760739e-03 
 2.846888e+01  2.382239e-03 
 2.846928e+01  3.118523e-03 
 2.846968e+01  3.920169e-03 
 2.847008e+01  4.708061e-03 
 2.847047e+01  5.416249e-03 
 2.847087e+01  5.993457e-03 
 2.847127e+01  6.391754e-03 
 2.847167e+01  6.600179e-03 
 2.847206e+01  6.606134e-03 
 2.847246e+01  6.385510e-03 
 2.847286e+01  5.993560e-03 
 2.847326e+01  5.472936e-03 
 2.847365e+01  4.880837e-03 
 2.847405e+01  4.280980e-03 
 2.847445e+01  3.730477e-03 
 2.847485e+01  3.259077e-03 
 2.847525e+01  2.890382e-03 
 2.847564e+01  2.650427e-03 
 2.847604e+01  2.539915e-03 
 2.847644e+01  2.532336e-03 
 2.847684e+01  2.602836e-03 
 2.847723e+01  2.743467e-03 
 2.847763e+01  2.897617e-03 
 2.847803e+01  3.042147e-03 
 2.847843e+01  3.104162e-03 
 2.847882e+01  3.039297e-03 
 2.847922e+01  2.839643e-03 
 2.847962e+01  2.508949e-03 
 2.848002e+01  2.065480e-03 
 2.848042e+01  1.545159e-03 
 2.848081e+01  1.000888e-03 
 2.848121e+01  4.611907e-04 
 2.848161e+01  4.797182e-06 
 2.848201e+01 -3.347184e-04 
 2.848240e+01 -5.635648e-04 
 2.848280e+01 -6.634054e-04 
 2.848320e+01 -6.337799e-04 
 2.848360e+01 -4.653340e-04 
 2.848399e+01 -1.773912e-04 
 2.848439e+01  2.306424e-04 
 2.848479e+01  7.143536e-04 
 2.848519e+01  1.246070e-03 
 2.848559e+01  1.795989e-03 
 2.848598e+01  2.312191e-03 
 2.848638e+01  2.771222e-03 
 2.848678e+01  3.148609e-03 
 2.848718e+01  3.430531e-03 
 2.848757e+01  3.599757e-03 
 2.848797e+01  3.656615e-03 
 2.848837e+01  3.594010e-03 
 2.848877e+01  3.429910e-03 
 2.848916e+01  3.211163e-03 
 2.848956e+01  2.934773e-03 
 2.848996e+01  2.629493e-03 
 2.849036e+01  2.344938e-03 
 2.849076e+01  2.107722e-03 
 2.849115e+01  1.933496e-03 
 2.849155e+01  1.823651e-03 
 2.849195e+01  1.809755e-03 
 2.849235e+01  1.887139e-03 
 2.849274e+01  2.055017e-03 
 2.849314e+01  2.306078e-03 
 2.849354e+01  2.610329e-03 
 2.849394e+01  2.905297e-03 
 2.849433e+01  3.133554e-03 
 2.849473e+01  3.277716e-03 
 2.849513e+01  3.294638e-03 
 2.849553e+01  3.175642e-03 
 2.849593e+01  2.890753e-03 
 2.849632e+01  2.437928e-03 
 2.849672e+01  1.861707e-03 
 2.849712e+01  1.215245e-03 
 2.849752e+01  5.419007e-04 
 2.849791e+01 -1.247857e-04 
 2.849831e+01 -7.354132e-04 
 2.849871e+01 -1.251075e-03 
 2.849911e+01 -1.603100e-03 
 2.849951e+01 -1.704618e-03 
 2.849990e+01 -1.542777e-03 
 2.850030e+01 -1.136794e-03 
 2.850070e+01 -4.831673e-04 
 2.850110e+01  3.680135e-04 
 2.850149e+01  1.389843e-03 
 2.850189e+01  2.519541e-03 
 2.850229e+01  3.679173e-03 
 2.850269e+01  4.793950e-03 
 2.850308e+01  5.802088e-03 
 2.850348e+01  6.651733e-03 
 2.850388e+01  7.297224e-03 
 2.850428e+01  7.707577e-03 
 2.850468e+01  7.795644e-03 
 2.850507e+01  7.594143e-03 
 2.850547e+01  7.126881e-03 
 2.850587e+01  6.438999e-03 
 2.850627e+01  5.529668e-03 
 2.850666e+01  4.484251e-03 
 2.850706e+01  3.345872e-03 
 2.850746e+01  2.193718e-03 
 2.850786e+01  1.102075e-03 
 2.850825e+01  1.543387e-04 
 2.850865e+01 -6.104670e-04 
 2.850905e+01 -1.115646e-03 
 2.850945e+01 -1.339320e-03 
 2.850985e+01 -1.304881e-03 
 2.851024e+01 -1.052735e-03 
 2.851064e+01 -6.503482e-04 
 2.851104e+01 -1.309665e-04 
 2.851144e+01  4.649143e-04 
 2.851183e+01  1.086843e-03 
 2.851223e+01  1.678261e-03 
 2.851263e+01  2.174088e-03 
 2.851303e+01  2.532678e-03 
 2.851342e+01  2.702845e-03 
 2.851382e+01  2.646794e-03 
 2.851422e+01  2.369933e-03 
 2.851462e+01  1.898398e-03 
 2.851502e+01  1.279867e-03 
 2.851541e+01  6.034851e-04 
 2.851581e+01 -5.798480e-05 
 2.851621e+01 -6.748103e-04 
 2.851661e+01 -1.170938e-03 
 2.851700e+01 -1.480747e-03 
 2.851740e+01 -1.554684e-03 
 2.851780e+01 -1.358760e-03 
 2.851820e+01 -8.790690e-04 
 2.851859e+01 -1.239945e-04 
 2.851899e+01  8.960264e-04 
 2.851939e+01  2.149242e-03 
 2.851979e+01  3.582762e-03 
 2.852019e+01  5.131983e-03 
 2.852058e+01  6.703972e-03 
 2.852098e+01  8.211410e-03 
 2.852138e+01  9.564712e-03 
 2.852178e+01  1.066263e-02 
 2.852217e+01  1.141702e-02 
 2.852257e+01  1.172846e-02 
 2.852297e+01  1.162708e-02 
 2.852337e+01  1.112121e-02 
 2.852376e+01  1.025940e-02 
 2.852416e+01  9.130803e-03 
 2.852456e+01  7.798972e-03 
 2.852496e+01  6.369933e-03 
 2.852536e+01  4.948327e-03 
 2.852575e+01  3.649120e-03 
 2.852615e+01  2.565312e-03 
 2.852655e+01  1.750607e-03 
 2.852695e+01  1.276469e-03 
 2.852734e+01  1.168743e-03 
 2.852774e+01  1.481459e-03 
 2.852814e+01  2.156098e-03 
 2.852854e+01  3.138230e-03 
 2.852893e+01  4.355751e-03 
 2.852933e+01  5.729701e-03 
 2.852973e+01  7.166445e-03 
 2.853013e+01  8.561400e-03 
 2.853053e+01  9.851076e-03 
 2.853092e+01  1.093571e-02 
 2.853132e+01  1.175420e-02 
 2.853172e+01  1.228271e-02 
 2.853212e+01  1.249641e-02 
 2.853251e+01  1.240858e-02 
 2.853291e+01  1.205341e-02 
 2.853331e+01  1.149899e-02 
 2.853371e+01  1.078815e-02 
 2.853410e+01  1.000310e-02 
 2.853450e+01  9.250153e-03 
 2.853490e+01  8.630035e-03 
 2.853530e+01  8.225752e-03 
 2.853570e+01  8.092226e-03 
 2.853609e+01  8.275571e-03 
 2.853649e+01  8.791773e-03 
 2.853689e+01  9.630370e-03 
 2.853729e+01  1.070064e-02 
 2.853768e+01  1.194520e-02 
 2.853808e+01  1.324823e-02 
 2.853848e+01  1.448824e-02 
 2.853888e+01  1.559521e-02 
 2.853927e+01  1.646650e-02 
 2.853967e+01  1.701497e-02 
 2.854007e+01  1.719309e-02 
 2.854047e+01  1.697991e-02 
 2.854087e+01  1.640124e-02 
 2.854126e+01  1.547827e-02 
 2.854166e+01  1.427254e-02 
 2.854206e+01  1.287101e-02 
 2.854246e+01  1.139522e-02 
 2.854285e+01  9.966757e-03 
 2.854325e+01  8.693688e-03 
 2.854365e+01  7.662141e-03 
 2.854405e+01  6.936384e-03 
 2.854444e+01  6.551214e-03 
 2.854484e+01  6.505389e-03 
 2.854524e+01  6.811646e-03 
 2.854564e+01  7.404539e-03 
 2.854604e+01  8.210038e-03 
 2.854643e+01  9.175294e-03 
 2.854683e+01  1.022984e-02 
 2.854723e+01  1.130749e-02 
 2.854763e+01  1.235811e-02 
 2.854802e+01  1.331378e-02 
 2.854842e+01  1.412023e-02 
 2.854882e+01  1.474360e-02 
 2.854922e+01  1.515782e-02 
 2.854961e+01  1.537304e-02 
 2.855001e+01  1.537418e-02 
 2.855041e+01  1.515240e-02 
 2.855081e+01  1.475583e-02 
 2.855121e+01  1.422576e-02 
 2.855160e+01  1.360937e-02 
 2.855200e+01  1.293492e-02 
 2.855240e+01  1.221882e-02 
 2.855280e+01  1.152154e-02 
 2.855319e+01  1.087708e-02 
 2.855359e+01  1.031877e-02 
 2.855399e+01  9.886945e-03 
 2.855439e+01  9.571161e-03 
 2.855478e+01  9.366749e-03 
 2.855518e+01  9.277281e-03 
 2.855558e+01  9.284194e-03 
 2.855598e+01  9.340731e-03 
 2.855638e+01  9.400970e-03 
 2.855677e+01  9.455516e-03 
 2.855717e+01  9.463333e-03 
 2.855757e+01  9.404508e-03 
 2.855797e+01  9.250939e-03 
 2.855836e+01  8.998063e-03 
 2.855876e+01  8.632064e-03 
 2.855916e+01  8.146598e-03 
 2.855956e+01  7.550961e-03 
 2.855995e+01  6.859420e-03 
 2.856035e+01  6.121769e-03 
 2.856075e+01  5.375417e-03 
 2.856115e+01  4.690891e-03 
 2.856155e+01  4.120367e-03 
 2.856194e+01  3.670623e-03 
 2.856234e+01  3.382336e-03 
 2.856274e+01  3.280976e-03 
 2.856314e+01  3.390504e-03 
 2.856353e+01  3.692088e-03 
 2.856393e+01  4.147701e-03 
 2.856433e+01  4.703374e-03 
 2.856473e+01  5.300539e-03 
 2.856512e+01  5.887047e-03 
 2.856552e+01  6.408029e-03 
 2.856592e+01  6.837596e-03 
 2.856632e+01  7.135475e-03 
 2.856672e+01  7.296784e-03 
 2.856711e+01  7.317094e-03 
 2.856751e+01  7.206110e-03 
 2.856791e+01  6.949706e-03 
 2.856831e+01  6.538521e-03 
 2.856870e+01  6.008416e-03 
 2.856910e+01  5.404589e-03 
 2.856950e+01  4.766335e-03 
 2.856990e+01  4.120989e-03 
 2.857029e+01  3.501275e-03 
 2.857069e+01  2.934129e-03 
 2.857109e+01  2.441496e-03 
 2.857149e+01  2.062390e-03 
 2.857189e+01  1.787968e-03 
 2.857228e+01  1.597142e-03 
 2.857268e+01  1.463434e-03 
 2.857308e+01  1.393814e-03 
 2.857348e+01  1.375575e-03 
 2.857387e+01  1.389766e-03 
 2.857427e+01  1.412493e-03 
 2.857467e+01  1.440809e-03 
 2.857507e+01  1.466853e-03 
 2.857546e+01  1.514695e-03 
 2.857586e+01  1.562875e-03 
 2.857626e+01  1.631457e-03 
 2.857666e+01  1.714991e-03 
 2.857706e+01  1.809230e-03 
 2.857745e+01  1.951183e-03 
 2.857785e+01  2.139584e-03 
 2.857825e+01  2.371348e-03 
 2.857865e+01  2.654353e-03 
 2.857904e+01  2.979455e-03 
 2.857944e+01  3.323957e-03 
 2.857984e+01  3.667530e-03 
 2.858024e+01  4.011361e-03 
 2.858063e+01  4.327621e-03 
 2.858103e+01  4.602557e-03 
 2.858143e+01  4.817675e-03 
 2.858183e+01  4.975140e-03 
 2.858223e+01  5.074103e-03 
 2.858262e+01  5.091004e-03 
 2.858302e+01  4.997775e-03 
 2.858342e+01  4.760549e-03 
 2.858382e+01  4.391955e-03 
 2.858421e+01  3.890627e-03 
 2.858461e+01  3.276325e-03 
 2.858501e+01  2.585691e-03 
 2.858541e+01  1.845781e-03 
 2.858580e+01  1.101982e-03 
 2.858620e+01  4.191486e-04 
 2.858660e+01 -1.827303e-04 
 2.858700e+01 -6.054560e-04 
 2.858740e+01 -8.847818e-04 
 2.858779e+01 -9.575254e-04 
 2.858819e+01 -8.484072e-04 
 2.858859e+01 -5.576591e-04 
 2.858899e+01 -1.304476e-04 
 2.858938e+01  4.023775e-04 
 2.858978e+01  9.970395e-04 
 2.859018e+01  1.536404e-03 
 2.859058e+01  2.002613e-03 
 2.859098e+01  2.324743e-03 
 2.859137e+01  2.465669e-03 
 2.859177e+01  2.405030e-03 
 2.859217e+01  2.173396e-03 
 2.859257e+01  1.809545e-03 
 2.859296e+01  1.359542e-03 
 2.859336e+01  8.903714e-04 
 2.859376e+01  4.393300e-04 
 2.859416e+01  6.880830e-05 
 2.859455e+01 -1.685611e-04 
 2.859495e+01 -2.272741e-04 
 2.859535e+01 -7.295358e-05 
 2.859575e+01  3.052623e-04 
 2.859615e+01  8.427145e-04 
 2.859654e+01  1.528605e-03 
 2.859694e+01  2.346417e-03 
 2.859734e+01  3.236089e-03 
 2.859774e+01  4.139318e-03 
 2.859813e+01  4.979937e-03 
 2.859853e+01  5.684605e-03 
 2.859893e+01  6.188919e-03 
 2.859933e+01  6.437458e-03 
 2.859972e+01  6.405737e-03 
 2.860012e+01  6.036968e-03 
 2.860052e+01  5.336905e-03 
 2.860092e+01  4.357903e-03 
 2.860132e+01  3.136256e-03 
 2.860171e+01  1.766001e-03 
 2.860211e+01  3.288661e-04 
 2.860251e+01 -1.106439e-03 
 2.860291e+01 -2.448816e-03 
 2.860330e+01 -3.581835e-03 
 2.860370e+01 -4.475079e-03 
 2.860410e+01 -5.034897e-03 
 2.860450e+01 -5.210708e-03 
 2.860489e+01 -5.001871e-03 
 2.860529e+01 -4.418695e-03 
 2.860569e+01 -3.505118e-03 
 2.860609e+01 -2.352590e-03 
 2.860649e+01 -1.045124e-03 
 2.860688e+01  3.151595e-04 
 2.860728e+01  1.653204e-03 
 2.860768e+01  2.844345e-03 
 2.860808e+01  3.834031e-03 
 2.860847e+01  4.540744e-03 
 2.860887e+01  4.952102e-03 
 2.860927e+01  5.078652e-03 
 2.860967e+01  4.935176e-03 
 2.861006e+01  4.545684e-03 
 2.861046e+01  3.985130e-03 
 2.861086e+01  3.304133e-03 
 2.861126e+01  2.540864e-03 
 2.861166e+01  1.790758e-03 
 2.861205e+01  1.108973e-03 
 2.861245e+01  5.594614e-04 
 2.861285e+01  2.332189e-04 
 2.861325e+01  1.757440e-04 
 2.861364e+01  3.945865e-04 
 2.861404e+01  8.388861e-04 
 2.861444e+01  1.496710e-03 
 2.861484e+01  2.315902e-03 
 2.861523e+01  3.198137e-03 
 2.861563e+01  4.123635e-03 
 2.861603e+01  5.001689e-03 
 2.861643e+01  5.780658e-03 
 2.861683e+01  6.418554e-03 
 2.861722e+01  6.871587e-03 
 2.861762e+01  7.115930e-03 
 2.861802e+01  7.096358e-03 
 2.861842e+01  6.811886e-03 
 2.861881e+01  6.276107e-03 
 2.861921e+01  5.544929e-03 
 2.861961e+01  4.648421e-03 
 2.862001e+01  3.663019e-03 
 2.862040e+01  2.645365e-03 
 2.862080e+01  1.688559e-03 
 2.862120e+01  8.668214e-04 
 2.862160e+01  2.721045e-04 
 2.862200e+01 -3.928271e-05 
 2.862239e+01 -4.425303e-05 
 2.862279e+01  2.900343e-04 
 2.862319e+01  9.815742e-04 
 2.862359e+01  2.005711e-03 
 2.862398e+01  3.330068e-03 
 2.862438e+01  4.905471e-03 
 2.862478e+01  6.621402e-03 
 2.862518e+01  8.391331e-03 
 2.862557e+01  1.013390e-02 
 2.862597e+01  1.174728e-02 
 2.862637e+01  1.311502e-02 
 2.862677e+01  1.418691e-02 
 2.862717e+01  1.486980e-02 
 2.862756e+01  1.516217e-02 
 2.862796e+01  1.507346e-02 
 2.862836e+01  1.464837e-02 
 2.862876e+01  1.393710e-02 
 2.862915e+01  1.299956e-02 
 2.862955e+01  1.194369e-02 
 2.862995e+01  1.085769e-02 
 2.863035e+01  9.823927e-03 
 2.863074e+01  8.944588e-03 
 2.863114e+01  8.274099e-03 
 2.863154e+01  7.871229e-03 
 2.863194e+01  7.766230e-03 
 2.863234e+01  7.970094e-03 
 2.863273e+01  8.449006e-03 
 2.863313e+01  9.152084e-03 
 2.863353e+01  1.000049e-02 
 2.863393e+01  1.090759e-02 
 2.863432e+01  1.178430e-02 
 2.863472e+01  1.253471e-02 
 2.863512e+01  1.309834e-02 
 2.863552e+01  1.342689e-02 
 2.863591e+01  1.349540e-02 
 2.863631e+01  1.332217e-02 
 2.863671e+01  1.294903e-02 
 2.863711e+01  1.242411e-02 
 2.863751e+01  1.176748e-02 
 2.863790e+01  1.103601e-02 
 2.863830e+01  1.030141e-02 
 2.863870e+01  9.592540e-03 
 2.863910e+01  8.996430e-03 
 2.863949e+01  8.570383e-03 
 2.863989e+01  8.336557e-03 
 2.864029e+01  8.319391e-03 
 2.864069e+01  8.534907e-03 
 2.864108e+01  8.992187e-03 
 2.864148e+01  9.638940e-03 
 2.864188e+01  1.043599e-02 
 2.864228e+01  1.131648e-02 
 2.864268e+01  1.222823e-02 
 2.864307e+01  1.311347e-02 
 2.864347e+01  1.391430e-02 
 2.864387e+01  1.457104e-02 
 2.864427e+01  1.503643e-02 
 2.864466e+01  1.528883e-02 
 2.864506e+01  1.529536e-02 
 2.864546e+01  1.506282e-02 
 2.864586e+01  1.459308e-02 
 2.864625e+01  1.387965e-02 
 2.864665e+01  1.297382e-02 
 2.864705e+01  1.192570e-02 
 2.864745e+01  1.080477e-02 
 2.864785e+01  9.697785e-03 
 2.864824e+01  8.670481e-03 
 2.864864e+01  7.796288e-03 
 2.864904e+01  7.120473e-03 
 2.864944e+01  6.664767e-03 
 2.864983e+01  6.438422e-03 
 2.865023e+01  6.420509e-03 
 2.865063e+01  6.577004e-03 
 2.865103e+01  6.863928e-03 
 2.865142e+01  7.241265e-03 
 2.865182e+01  7.689141e-03 
 2.865222e+01  8.154632e-03 
 2.865262e+01  8.571371e-03 
 2.865302e+01  8.896019e-03 
 2.865341e+01  9.070710e-03 
 2.865381e+01  9.068849e-03 
 2.865421e+01  8.892422e-03 
 2.865461e+01  8.589309e-03 
 2.865500e+01  8.181305e-03 
 2.865540e+01  7.729915e-03 
 2.865580e+01  7.301624e-03 
 2.865620e+01  6.932886e-03 
 2.865659e+01  6.662248e-03 
 2.865699e+01  6.505498e-03 
 2.865739e+01  6.472961e-03 
 2.865779e+01  6.545496e-03 
 2.865819e+01  6.716513e-03 
 2.865858e+01  6.971274e-03 
 2.865898e+01  7.254303e-03 
 2.865938e+01  7.523051e-03 
 2.865978e+01  7.724027e-03 
 2.866017e+01  7.826252e-03 
 2.866057e+01  7.842433e-03 
 2.866097e+01  7.768221e-03 
 2.866137e+01  7.601477e-03 
 2.866176e+01  7.348987e-03 
 2.866216e+01  6.980234e-03 
 2.866256e+01  6.514705e-03 
 2.866296e+01  5.965489e-03 
 2.866336e+01  5.373342e-03 
 2.866375e+01  4.760787e-03 
 2.866415e+01  4.168423e-03 
 2.866455e+01  3.652867e-03 
 2.866495e+01  3.242855e-03 
 2.866534e+01  2.940812e-03 
 2.866574e+01  2.740443e-03 
 2.866614e+01  2.620925e-03 
 2.866654e+01  2.553228e-03 
 2.866693e+01  2.558803e-03 
 2.866733e+01  2.628926e-03 
 2.866773e+01  2.761368e-03 
 2.866813e+01  2.946869e-03 
 2.866853e+01  3.132555e-03 
 2.866892e+01  3.301963e-03 
 2.866932e+01  3.452888e-03 
 2.866972e+01  3.570734e-03 
 2.867012e+01  3.647662e-03 
 2.867051e+01  3.684800e-03 
 2.867091e+01  3.715490e-03 
 2.867131e+01  3.737878e-03 
 2.867171e+01  3.775512e-03 
 2.867210e+01  3.856997e-03 
 2.867250e+01  3.964753e-03 
 2.867290e+01  4.107640e-03 
 2.867330e+01  4.297439e-03 
 2.867370e+01  4.536281e-03 
 2.867409e+01  4.805136e-03 
 2.867449e+01  5.083349e-03 
 2.867489e+01  5.340991e-03 
 2.867529e+01  5.553702e-03 
 2.867568e+01  5.735795e-03 
 2.867608e+01  5.848832e-03 
 2.867648e+01  5.886325e-03 
 2.867688e+01  5.839073e-03 
 2.867727e+01  5.679956e-03 
 2.867767e+01  5.404396e-03 
 2.867807e+01  5.010871e-03 
 2.867847e+01  4.500852e-03 
 2.867887e+01  3.891519e-03 
 2.867926e+01  3.224330e-03 
 2.867966e+01  2.551662e-03 
 2.868006e+01  1.909691e-03 
 2.868046e+01  1.337291e-03 
 2.868085e+01  8.658778e-04 
 2.868125e+01  4.975469e-04 
 2.868165e+01  2.675455e-04 
 2.868205e+01  1.998460e-04 
 2.868244e+01  3.105455e-04 
 2.868284e+01  6.139931e-04 
 2.868324e+01  1.111075e-03 
 2.868364e+01  1.752572e-03 
 2.868404e+01  2.511399e-03 
 2.868443e+01  3.337663e-03 
 2.868483e+01  4.173008e-03 
 2.868523e+01  4.972084e-03 
 2.868563e+01  5.672974e-03 
 2.868602e+01  6.226577e-03 
 2.868642e+01  6.591977e-03 
 2.868682e+01  6.775915e-03 
 2.868722e+01  6.749015e-03 
 2.868762e+01  6.499013e-03 
 2.868801e+01  6.078564e-03 
 2.868841e+01  5.503850e-03 
 2.868881e+01  4.819887e-03 
 2.868921e+01  4.071376e-03 
 2.868960e+01  3.314735e-03 
 2.869000e+01  2.583933e-03 
 2.869040e+01  1.941828e-03 
 2.869080e+01  1.429077e-03 
 2.869119e+01  1.073221e-03 
 2.869159e+01  9.041632e-04 
 2.869199e+01  9.315277e-04 
 2.869239e+01  1.135137e-03 
 2.869279e+01  1.491620e-03 
 2.869318e+01  1.977940e-03 
 2.869358e+01  2.515235e-03 
 2.869398e+01  3.033522e-03 
 2.869438e+01  3.468823e-03 
 2.869477e+01  3.744804e-03 
 2.869517e+01  3.788573e-03 
 2.869557e+01  3.583092e-03 
 2.869597e+01  3.116388e-03 
 2.869636e+01  2.392930e-03 
 2.869676e+01  1.460383e-03 
 2.869716e+01  3.687246e-04 
 2.869756e+01 -8.010400e-04 
 2.869796e+01 -1.957756e-03 
 2.869835e+01 -3.023418e-03 
 2.869875e+01 -3.916997e-03 
 2.869915e+01 -4.543578e-03 
 2.869955e+01 -4.856908e-03 
 2.869994e+01 -4.816844e-03 
 2.870034e+01 -4.404273e-03 
 2.870074e+01 -3.652786e-03 
 2.870114e+01 -2.602891e-03 
 2.870153e+01 -1.336349e-03 
 2.870193e+01  7.919160e-05 
 2.870233e+01  1.538640e-03 
 2.870273e+01  2.951469e-03 
 2.870313e+01  4.213943e-03 
 2.870352e+01  5.240939e-03 
 2.870392e+01  5.949292e-03 
 2.870432e+01  6.317712e-03 
 2.870472e+01  6.316692e-03 
 2.870511e+01  5.933565e-03 
 2.870551e+01  5.228403e-03 
 2.870591e+01  4.249307e-03 
 2.870631e+01  3.086281e-03 
 2.870670e+01  1.847288e-03 
 2.870710e+01  6.055485e-04 
 2.870750e+01 -5.484416e-04 
 2.870790e+01 -1.562386e-03 
 2.870830e+01 -2.372613e-03 
 2.870869e+01 -2.925592e-03 
 2.870909e+01 -3.189305e-03 
 2.870949e+01 -3.160821e-03 
 2.870989e+01 -2.862811e-03 
 2.871028e+01 -2.296133e-03 
 2.871068e+01 -1.493989e-03 
 2.871108e+01 -5.222650e-04 
 2.871148e+01  5.445901e-04 
 2.871187e+01  1.644337e-03 
 2.871227e+01  2.692703e-03 
 2.871267e+01  3.634276e-03 
 2.871307e+01  4.419921e-03 
 2.871347e+01  4.988549e-03 
 2.871386e+01  5.314440e-03 
 2.871426e+01  5.381410e-03 
 2.871466e+01  5.207280e-03 
 2.871506e+01  4.856041e-03 
 2.871545e+01  4.381031e-03 
 2.871585e+01  3.844484e-03 
 2.871625e+01  3.316831e-03 
 2.871665e+01  2.905050e-03 
 2.871704e+01  2.660855e-03 
 2.871744e+01  2.626652e-03 
 2.871784e+01  2.843629e-03 
 2.871824e+01  3.281293e-03 
 2.871864e+01  3.926238e-03 
 2.871903e+01  4.761465e-03 
 2.871943e+01  5.759577e-03 
 2.871983e+01  6.822855e-03 
 2.872023e+01  7.890450e-03 
 2.872062e+01  8.878842e-03 
 2.872102e+01  9.724664e-03 
 2.872142e+01  1.039768e-02 
 2.872182e+01  1.085071e-02 
 2.872221e+01  1.104961e-02 
 2.872261e+01  1.098631e-02 
 2.872301e+01  1.066103e-02 
 2.872341e+01  1.009120e-02 
 2.872381e+01  9.317054e-03 
 2.872420e+01  8.399304e-03 
 2.872460e+01  7.403318e-03 
 2.872500e+01  6.432523e-03 
 2.872540e+01  5.579328e-03 
 2.872579e+01  4.903674e-03 
 2.872619e+01  4.444424e-03 
 2.872659e+01  4.217350e-03 
 2.872699e+01  4.236047e-03 
 2.872738e+01  4.479082e-03 
 2.872778e+01  4.961400e-03 
 2.872818e+01  5.657027e-03 
 2.872858e+01  6.496371e-03 
 2.872898e+01  7.454007e-03 
 2.872937e+01  8.452444e-03 
 2.872977e+01  9.430751e-03 
 2.873017e+01  1.035785e-02 
 2.873057e+01  1.118182e-02 
 2.873096e+01  1.189549e-02 
 2.873136e+01  1.246730e-02 
 2.873176e+01  1.289481e-02 
 2.873216e+01  1.316235e-02 
 2.873255e+01  1.329037e-02 
 2.873295e+01  1.329343e-02 
 2.873335e+01  1.318663e-02 
 2.873375e+01  1.301048e-02 
 2.873415e+01  1.281859e-02 
 2.873454e+01  1.264562e-02 
 2.873494e+01  1.248911e-02 
 2.873534e+01  1.239290e-02 
 2.873574e+01  1.234235e-02 
 2.873613e+01  1.234118e-02 
 2.873653e+01  1.240510e-02 
 2.873693e+01  1.251938e-02 
 2.873733e+01  1.267704e-02 
 2.873772e+01  1.283825e-02 
 2.873812e+01  1.297500e-02 
 2.873852e+01  1.304409e-02 
 2.873892e+01  1.303006e-02 
 2.873932e+01  1.289991e-02 
 2.873971e+01  1.261430e-02 
 2.874011e+01  1.219824e-02 
 2.874051e+01  1.164822e-02 
 2.874091e+01  1.098936e-02 
 2.874130e+01  1.028246e-02 
 2.874170e+01  9.574125e-03 
 2.874210e+01  8.883024e-03 
 2.874250e+01  8.233260e-03 
 2.874289e+01  7.679559e-03 
 2.874329e+01  7.239465e-03 
 2.874369e+01  6.950383e-03 
 2.874409e+01  6.832471e-03 
 2.874449e+01  6.880752e-03 
 2.874488e+01  7.084065e-03 
 2.874528e+01  7.446443e-03 
 2.874568e+01  7.945625e-03 
 2.874608e+01  8.529534e-03 
 2.874647e+01  9.151873e-03 
 2.874687e+01  9.767886e-03 
 2.874727e+01  1.032436e-02 
 2.874767e+01  1.078712e-02 
 2.874806e+01  1.113405e-02 
 2.874846e+01  1.133653e-02 
 2.874886e+01  1.137286e-02 
 2.874926e+01  1.126057e-02 
 2.874966e+01  1.099913e-02 
 2.875005e+01  1.061613e-02 
 2.875045e+01  1.012619e-02 
 2.875085e+01  9.532541e-03 
 2.875125e+01  8.869149e-03 
 2.875164e+01  8.191255e-03 
 2.875204e+01  7.546675e-03 
 2.875244e+01  6.992384e-03 
 2.875284e+01  6.566452e-03 
 2.875323e+01  6.286435e-03 
 2.875363e+01  6.153602e-03 
 2.875403e+01  6.145413e-03 
 2.875443e+01  6.258543e-03 
 2.875483e+01  6.445542e-03 
 2.875522e+01  6.653551e-03 
 2.875562e+01  6.845329e-03 
 2.875602e+01  6.986654e-03 
 2.875642e+01  7.066235e-03 
 2.875681e+01  7.062357e-03 
 2.875721e+01  6.931347e-03 
 2.875761e+01  6.676166e-03 
 2.875801e+01  6.322716e-03 
 2.875840e+01  5.877291e-03 
 2.875880e+01  5.397623e-03 
 2.875920e+01  4.928692e-03 
 2.875960e+01  4.507226e-03 
 2.876000e+01  4.185264e-03 
 2.876039e+01  3.999244e-03 
 2.876079e+01  3.999875e-03 
 2.876119e+01  4.170828e-03 
 2.876159e+01  4.525754e-03 
 2.876198e+01  5.027691e-03 
 2.876238e+01  5.674460e-03 
 2.876278e+01  6.413395e-03 
 2.876318e+01  7.190823e-03 
 2.876357e+01  7.937262e-03 
 2.876397e+01  8.578737e-03 
 2.876437e+01  9.076706e-03 
 2.876477e+01  9.400495e-03 
 2.876517e+01  9.550513e-03 
 2.876556e+01  9.523139e-03 
 2.876596e+01  9.310369e-03 
 2.876636e+01  8.934434e-03 
 2.876676e+01  8.426783e-03 
 2.876715e+01  7.830816e-03 
 2.876755e+01  7.190912e-03 
 2.876795e+01  6.562023e-03 
 2.876835e+01  5.992306e-03 
 2.876874e+01  5.528953e-03 
 2.876914e+01  5.218968e-03 
 2.876954e+01  5.041048e-03 
 2.876994e+01  4.986043e-03 
 2.877034e+01  5.018700e-03 
 2.877073e+01  5.112426e-03 
 2.877113e+01  5.219868e-03 
 2.877153e+01  5.325163e-03 
 2.877193e+01  5.393486e-03 
 2.877232e+01  5.398070e-03 
 2.877272e+01  5.330983e-03 
 2.877312e+01  5.184693e-03 
 2.877352e+01  4.981541e-03 
 2.877391e+01  4.727738e-03 
 2.877431e+01  4.442682e-03 
 2.877471e+01  4.140421e-03 
 2.877511e+01  3.827948e-03 
 2.877551e+01  3.527430e-03 
 2.877590e+01  3.255174e-03 
 2.877630e+01  3.044624e-03 
 2.877670e+01  2.938935e-03 
 2.877710e+01  2.942388e-03 
 2.877749e+01  3.063790e-03 
 2.877789e+01  3.290398e-03 
 2.877829e+01  3.614464e-03 
 2.877869e+01  3.995877e-03 
 2.877909e+01  4.406987e-03 
 2.877948e+01  4.824074e-03 
 2.877988e+01  5.244404e-03 
 2.878028e+01  5.653003e-03 
 2.878068e+01  5.998083e-03 
 2.878107e+01  6.247953e-03 
 2.878147e+01  6.361308e-03 
 2.878187e+01  6.290291e-03 
 2.878227e+01  6.031344e-03 
 2.878266e+01  5.585062e-03 
 2.878306e+01  4.970066e-03 
 2.878346e+01  4.230014e-03 
 2.878386e+01  3.401159e-03 
 2.878426e+01  2.548922e-03 
 2.878465e+01  1.718107e-03 
 2.878505e+01  9.655304e-04 
 2.878545e+01  3.359247e-04 
 2.878585e+01 -1.370543e-04 
 2.878624e+01 -4.225625e-04 
 2.878664e+01 -5.006199e-04 
 2.878704e+01 -3.851823e-04 
 2.878744e+01 -9.055339e-05 
 2.878783e+01  3.412427e-04 
 2.878823e+01  8.411846e-04 
 2.878863e+01  1.376246e-03 
 2.878903e+01  1.886630e-03 
 2.878943e+01  2.329368e-03 
 2.878982e+01  2.652174e-03 
 2.879022e+01  2.820669e-03 
 2.879062e+01  2.806347e-03 
 2.879102e+01  2.606492e-03 
 2.879141e+01  2.238304e-03 
 2.879181e+01  1.708699e-03 
 2.879221e+01  1.050413e-03 
 2.879261e+01  3.296296e-04 
 2.879300e+01 -4.251826e-04 
 2.879340e+01 -1.151215e-03 
 2.879380e+01 -1.792097e-03 
 2.879420e+01 -2.309828e-03 
 2.879460e+01 -2.684964e-03 
 2.879499e+01 -2.882780e-03 
 2.879539e+01 -2.900260e-03 
 2.879579e+01 -2.731687e-03 
 2.879619e+01 -2.389617e-03 
 2.879658e+01 -1.910830e-03 
 2.879698e+01 -1.340852e-03 
 2.879738e+01 -7.172265e-04 
 2.879778e+01 -8.650400e-05 
 2.879817e+01  4.805881e-04 
 2.879857e+01  9.442688e-04 
 2.879897e+01  1.255267e-03 
 2.879937e+01  1.357223e-03 
 2.879977e+01  1.247348e-03 
 2.880016e+01  9.342360e-04 
 2.880056e+01  4.206546e-04 
 2.880096e+01 -2.817919e-04 
 2.880136e+01 -1.127327e-03 
 2.880175e+01 -2.057332e-03 
 2.880215e+01 -3.014226e-03 
 2.880255e+01 -3.910009e-03 
 2.880295e+01 -4.705143e-03 
 2.880334e+01 -5.321959e-03 
 2.880374e+01 -5.687043e-03 
 2.880414e+01 -5.746663e-03 
 2.880454e+01 -5.463925e-03 
 2.880494e+01 -4.839852e-03 
 2.880533e+01 -3.895562e-03 
 2.880573e+01 -2.692586e-03 
 2.880613e+01 -1.283547e-03 
 2.880653e+01  2.529896e-04 
 2.880692e+01  1.816472e-03 
 2.880732e+01  3.311068e-03 
 2.880772e+01  4.665756e-03 
 2.880812e+01  5.803710e-03 
 2.880851e+01  6.682498e-03 
 2.880891e+01  7.274225e-03 
 2.880931e+01  7.534578e-03 
 2.880971e+01  7.463512e-03 
 2.881011e+01  7.088790e-03 
 2.881050e+01  6.477449e-03 
 2.881090e+01  5.697666e-03 
 2.881130e+01  4.848555e-03 
 2.881170e+01  3.985722e-03 
 2.881209e+01  3.168896e-03 
 2.881249e+01  2.467576e-03 
 2.881289e+01  1.948642e-03 
 2.881329e+01  1.639820e-03 
 2.881368e+01  1.581217e-03 
 2.881408e+01  1.772671e-03 
 2.881448e+01  2.206140e-03 
 2.881488e+01  2.850473e-03 
 2.881528e+01  3.630317e-03 
 2.881567e+01  4.469002e-03 
 2.881607e+01  5.287604e-03 
 2.881647e+01  6.027532e-03 
 2.881687e+01  6.630560e-03 
 2.881726e+01  7.068557e-03 
 2.881766e+01  7.332831e-03 
 2.881806e+01  7.401378e-03 
 2.881846e+01  7.299858e-03 
 2.881885e+01  7.059482e-03 
 2.881925e+01  6.719345e-03 
 2.881965e+01  6.337422e-03 
 2.882005e+01  5.951515e-03 
 2.882045e+01  5.615153e-03 
 2.882084e+01  5.362563e-03 
 2.882124e+01  5.242186e-03 
 2.882164e+01  5.277789e-03 
 2.882204e+01  5.510280e-03 
 2.882243e+01  5.978921e-03 
 2.882283e+01  6.675285e-03 
 2.882323e+01  7.566783e-03 
 2.882363e+01  8.622020e-03 
 2.882402e+01  9.790546e-03 
 2.882442e+01  1.098077e-02 
 2.882482e+01  1.212344e-02 
 2.882522e+01  1.314015e-02 
 2.882562e+01  1.397966e-02 
 2.882601e+01  1.460034e-02 
 2.882641e+01  1.497767e-02 
 2.882681e+01  1.507853e-02 
 2.882721e+01  1.490262e-02 
 2.882760e+01  1.446737e-02 
 2.882800e+01  1.380930e-02 
 2.882840e+01  1.299959e-02 
 2.882880e+01  1.210651e-02 
 2.882919e+01  1.119673e-02 
 2.882959e+01  1.033732e-02 
 2.882999e+01  9.577989e-03 
 2.883039e+01  8.957796e-03 
 2.883079e+01  8.482371e-03 
 2.883118e+01  8.158430e-03 
 2.883158e+01  7.982814e-03 
 2.883198e+01  7.920370e-03 
 2.883238e+01  7.987309e-03 
 2.883277e+01  8.144612e-03 
 2.883317e+01  8.343893e-03 
 2.883357e+01  8.563126e-03 
 2.883397e+01  8.748549e-03 
 2.883436e+01  8.892058e-03 
 2.883476e+01  9.010644e-03 
 2.883516e+01  9.118090e-03 
 2.883556e+01  9.218052e-03 
 2.883596e+01  9.313513e-03 
 2.883635e+01  9.412884e-03 
 2.883675e+01  9.518886e-03 
 2.883715e+01  9.637685e-03 
 2.883755e+01  9.792112e-03 
 2.883794e+01  9.985239e-03 
 2.883834e+01  1.023675e-02 
 2.883874e+01  1.055240e-02 
 2.883914e+01  1.091521e-02 
 2.883953e+01  1.130488e-02 
 2.883993e+01  1.168501e-02 
 2.884033e+01  1.201739e-02 
 2.884073e+01  1.227857e-02 
 2.884113e+01  1.248650e-02 
 2.884152e+01  1.263990e-02 
 2.884192e+01  1.274039e-02 
 2.884232e+01  1.277174e-02 
 2.884272e+01  1.275146e-02 
 2.884311e+01  1.263588e-02 
 2.884351e+01  1.242290e-02 
 2.884391e+01  1.210174e-02 
 2.884431e+01  1.163697e-02 
 2.884470e+01  1.103780e-02 
 2.884510e+01  1.033528e-02 
 2.884550e+01  9.557681e-03 
 2.884590e+01  8.751475e-03 
 2.884630e+01  7.952766e-03 
 2.884669e+01  7.199206e-03 
 2.884709e+01  6.500127e-03 
 2.884749e+01  5.911056e-03 
 2.884789e+01  5.463624e-03 
 2.884828e+01  5.169942e-03 
 2.884868e+01  5.044508e-03 
 2.884908e+01  5.084785e-03 
 2.884948e+01  5.268251e-03 
 2.884987e+01  5.588423e-03 
 2.885027e+01  6.020726e-03 
 2.885067e+01  6.518222e-03 
 2.885107e+01  7.034944e-03 
 2.885147e+01  7.526551e-03 
 2.885186e+01  7.953089e-03 
 2.885226e+01  8.286090e-03 
 2.885266e+01  8.528327e-03 
 2.885306e+01  8.654611e-03 
 2.885345e+01  8.696940e-03 
 2.885385e+01  8.691402e-03 
 2.885425e+01  8.663157e-03 
 2.885465e+01  8.636275e-03 
 2.885504e+01  8.625731e-03 
 2.885544e+01  8.604958e-03 
 2.885584e+01  8.585185e-03 
 2.885624e+01  8.584779e-03 
 2.885664e+01  8.609343e-03 
 2.885703e+01  8.690508e-03 
 2.885743e+01  8.823911e-03 
 2.885783e+01  8.986665e-03 
 2.885823e+01  9.162063e-03 
 2.885862e+01  9.323916e-03 
 2.885902e+01  9.444277e-03 
 2.885942e+01  9.478633e-03 
 2.885982e+01  9.399733e-03 
 2.886021e+01  9.215700e-03 
 2.886061e+01  8.912846e-03 
 2.886101e+01  8.496520e-03 
 2.886141e+01  7.990073e-03 
 2.886181e+01  7.388879e-03 
 2.886220e+01  6.713530e-03 
 2.886260e+01  6.036196e-03 
 2.886300e+01  5.412876e-03 
 2.886340e+01  4.884843e-03 
 2.886379e+01  4.456372e-03 
 2.886419e+01  4.143298e-03 
 2.886459e+01  3.971610e-03 
 2.886499e+01  3.948516e-03 
 2.886538e+01  4.065952e-03 
 2.886578e+01  4.332547e-03 
 2.886618e+01  4.730671e-03 
 2.886658e+01  5.261280e-03 
 2.886698e+01  5.878512e-03 
 2.886737e+01  6.550491e-03 
 2.886777e+01  7.213186e-03 
 2.886817e+01  7.796878e-03 
 2.886857e+01  8.279347e-03 
 2.886896e+01  8.641069e-03 
 2.886936e+01  8.869069e-03 
 2.886976e+01  8.960136e-03 
 2.887016e+01  8.916573e-03 
 2.887056e+01  8.729282e-03 
 2.887095e+01  8.409595e-03 
 2.887135e+01  7.969676e-03 
 2.887175e+01  7.420297e-03 
 2.887215e+01  6.811435e-03 
 2.887254e+01  6.192829e-03 
 2.887294e+01  5.628339e-03 
 2.887334e+01  5.145360e-03 
 2.887374e+01  4.805051e-03 
 2.887413e+01  4.605547e-03 
 2.887453e+01  4.536937e-03 
 2.887493e+01  4.567268e-03 
 2.887533e+01  4.633688e-03 
 2.887573e+01  4.686659e-03 
 2.887612e+01  4.679603e-03 
 2.887652e+01  4.577723e-03 
 2.887692e+01  4.352011e-03 
 2.887732e+01  3.993629e-03 
 2.887771e+01  3.509269e-03 
 2.887811e+01  2.912800e-03 
 2.887851e+01  2.247900e-03 
 2.887891e+01  1.528335e-03 
 2.887930e+01  7.892719e-04 
 2.887970e+01  6.477720e-05 
 2.888010e+01 -6.043142e-04 
 2.888050e+01 -1.144648e-03 
 2.888090e+01 -1.492658e-03 
 2.888129e+01 -1.604342e-03 
 2.888169e+01 -1.472395e-03 
 2.888209e+01 -1.108775e-03 
 2.888249e+01 -5.374260e-04 
 2.888288e+01  1.779191e-04 
 2.888328e+01  9.661922e-04 
 2.888368e+01  1.782203e-03 
 2.888408e+01  2.545664e-03 
 2.888447e+01  3.209386e-03 
 2.888487e+01  3.750238e-03 
 2.888527e+01  4.108815e-03 
 2.888567e+01  4.242642e-03 
 2.888607e+01  4.124426e-03 
 2.888646e+01  3.765380e-03 
 2.888686e+01  3.197717e-03 
 2.888726e+01  2.463448e-03 
 2.888766e+01  1.597006e-03 
 2.888805e+01  6.215767e-04 
 2.888845e+01 -3.922726e-04 
 2.888885e+01 -1.392696e-03 
 2.888925e+01 -2.323153e-03 
 2.888964e+01 -3.115253e-03 
 2.889004e+01 -3.730462e-03 
 2.889044e+01 -4.136169e-03 
 2.889084e+01 -4.306802e-03 
 2.889124e+01 -4.241600e-03 
 2.889163e+01 -3.975768e-03 
 2.889203e+01 -3.536048e-03 
 2.889243e+01 -2.959572e-03 
 2.889283e+01 -2.297317e-03 
 2.889322e+01 -1.599979e-03 
 2.889362e+01 -9.149635e-04 
 2.889402e+01 -3.006757e-04 
 2.889442e+01  1.881040e-04 
 2.889481e+01  5.028648e-04 
 2.889521e+01  6.191624e-04 
 2.889561e+01  5.166973e-04 
 2.889601e+01  2.411667e-04 
 2.889641e+01 -1.688542e-04 
 2.889680e+01 -6.554356e-04 
 2.889720e+01 -1.124879e-03 
 2.889760e+01 -1.510439e-03 
 2.889800e+01 -1.754480e-03 
 2.889839e+01 -1.829746e-03 
 2.889879e+01 -1.699933e-03 
 2.889919e+01 -1.386658e-03 
 2.889959e+01 -8.869462e-04 
 2.889998e+01 -1.974878e-04 
 2.890038e+01  6.236517e-04 
 2.890078e+01  1.537544e-03 
 2.890118e+01  2.488722e-03 
 2.890158e+01  3.409315e-03 
 2.890197e+01  4.275983e-03 
 2.890237e+01  5.043327e-03 
 2.890277e+01  5.680176e-03 
 2.890317e+01  6.109233e-03 
 2.890356e+01  6.299800e-03 
 2.890396e+01  6.226132e-03 
 2.890436e+01  5.866631e-03 
 2.890476e+01  5.271648e-03 
 2.890515e+01  4.479936e-03 
 2.890555e+01  3.517532e-03 
 2.890595e+01  2.463598e-03 
 2.890635e+01  1.373664e-03 
 2.890675e+01  2.797534e-04 
 2.890714e+01 -7.511645e-04 
 2.890754e+01 -1.672073e-03 
 2.890794e+01 -2.441676e-03 
 2.890834e+01 -2.960680e-03 
 2.890873e+01 -3.153314e-03 
 2.890913e+01 -3.001133e-03 
 2.890953e+01 -2.512715e-03 
 2.890993e+01 -1.724540e-03 
 2.891032e+01 -6.873452e-04 
 2.891072e+01  5.494371e-04 
 2.891112e+01  1.910197e-03 
 2.891152e+01  3.344257e-03 
 2.891192e+01  4.770150e-03 
 2.891231e+01  6.165800e-03 
 2.891271e+01  7.465034e-03 
 2.891311e+01  8.573484e-03 
 2.891351e+01  9.441047e-03 
 2.891390e+01  1.001941e-02 
 2.891430e+01  1.027248e-02 
 2.891470e+01  1.027101e-02 
 2.891510e+01  1.005243e-02 
 2.891549e+01  9.659860e-03 
 2.891589e+01  9.159864e-03 
 2.891629e+01  8.607317e-03 
 2.891669e+01  8.062927e-03 
 2.891709e+01  7.603448e-03 
 2.891748e+01  7.291152e-03 
 2.891788e+01  7.186198e-03 
 2.891828e+01  7.309322e-03 
 2.891868e+01  7.654608e-03 
 2.891907e+01  8.178820e-03 
 2.891947e+01  8.783453e-03 
 2.891987e+01  9.410189e-03 
 2.892027e+01  9.999984e-03 
 2.892066e+01  1.049056e-02 
 2.892106e+01  1.086841e-02 
 2.892146e+01  1.106513e-02 
 2.892186e+01  1.105366e-02 
 2.892226e+01  1.081194e-02 
 2.892265e+01  1.033076e-02 
 2.892305e+01  9.633847e-03 
 2.892345e+01  8.776988e-03 
 2.892385e+01  7.835286e-03 
 2.892424e+01  6.874360e-03 
 2.892464e+01  5.987183e-03 
 2.892504e+01  5.229412e-03 
 2.892544e+01  4.645708e-03 
 2.892583e+01  4.266790e-03 
 2.892623e+01  4.155041e-03 
 2.892663e+01  4.295747e-03 
 2.892703e+01  4.686421e-03 
 2.892743e+01  5.292932e-03 
 2.892782e+01  6.046400e-03 
 2.892822e+01  6.904608e-03 
 2.892862e+01  7.824268e-03 
 2.892902e+01  8.754218e-03 
 2.892941e+01  9.642894e-03 
 2.892981e+01  1.046313e-02 
 2.893021e+01  1.118556e-02 
 2.893061e+01  1.178519e-02 
 2.893100e+01  1.225091e-02 
 2.893140e+01  1.252865e-02 
 2.893180e+01  1.259661e-02 
 2.893220e+01  1.247179e-02 
 2.893260e+01  1.220649e-02 
 2.893299e+01  1.183594e-02 
 2.893339e+01  1.139076e-02 
 2.893379e+01  1.092133e-02 
 2.893419e+01  1.042231e-02 
 2.893458e+01  9.919983e-03 
 2.893498e+01  9.436058e-03 
 2.893538e+01  8.975009e-03 
 2.893578e+01  8.544204e-03 
 2.893617e+01  8.181933e-03 
 2.893657e+01  7.861153e-03 
 2.893697e+01  7.616450e-03 
 2.893737e+01  7.427410e-03 
 2.893777e+01  7.241033e-03 
 2.893816e+01  7.032611e-03 
 2.893856e+01  6.809668e-03 
 2.893896e+01  6.553660e-03 
 2.893936e+01  6.297222e-03 
 2.893975e+01  6.044271e-03 
 2.894015e+01  5.824438e-03 
 2.894055e+01  5.631266e-03 
 2.894095e+01  5.488839e-03 
 2.894134e+01  5.434539e-03 
 2.894174e+01  5.482282e-03 
 2.894214e+01  5.647988e-03 
 2.894254e+01  5.969915e-03 
 2.894294e+01  6.421769e-03 
 2.894333e+01  7.004173e-03 
 2.894373e+01  7.686862e-03 
 2.894413e+01  8.418418e-03 
 2.894453e+01  9.158619e-03 
 2.894492e+01  9.879307e-03 
 2.894532e+01  1.054793e-02 
 2.894572e+01  1.115562e-02 
 2.894612e+01  1.167819e-02 
 2.894651e+01  1.208632e-02 
 2.894691e+01  1.235179e-02 
 2.894731e+01  1.245950e-02 
 2.894771e+01  1.238955e-02 
 2.894811e+01  1.217065e-02 
 2.894850e+01  1.184632e-02 
 2.894890e+01  1.145728e-02 
 2.894930e+01  1.103370e-02 
 2.894970e+01  1.061643e-02 
 2.895009e+01  1.023405e-02 
 2.895049e+01  9.887787e-03 
 2.895089e+01  9.582832e-03 
 2.895129e+01  9.318837e-03 
 2.895168e+01  9.087125e-03 
 2.895208e+01  8.905141e-03 
 2.895248e+01  8.755221e-03 
 2.895288e+01  8.622356e-03 
 2.895328e+01  8.483333e-03 
 2.895367e+01  8.322943e-03 
 2.895407e+01  8.137567e-03 
 2.895447e+01  7.955069e-03 
 2.895487e+01  7.772107e-03 
 2.895526e+01  7.569926e-03 
 2.895566e+01  7.322683e-03 
 2.895606e+01  7.061339e-03 
 2.895646e+01  6.788034e-03 
 2.895685e+01  6.512718e-03 
 2.895725e+01  6.278986e-03 
 2.895765e+01  6.112257e-03 
 2.895805e+01  6.061267e-03 
 2.895845e+01  6.148698e-03 
 2.895884e+01  6.385086e-03 
 2.895924e+01  6.742498e-03 
 2.895964e+01  7.197327e-03 
 2.896004e+01  7.728411e-03 
 2.896043e+01  8.336762e-03 
 2.896083e+01  9.014205e-03 
 2.896123e+01  9.722500e-03 
 2.896163e+01  1.044020e-02 
 2.896203e+01  1.112038e-02 
 2.896242e+01  1.171499e-02 
 2.896282e+01  1.215952e-02 
 2.896322e+01  1.240710e-02 
 2.896362e+01  1.245074e-02 
 2.896401e+01  1.227812e-02 
 2.896441e+01  1.189529e-02 
 2.896481e+01  1.133458e-02 
 2.896521e+01  1.061133e-02 
 2.896560e+01  9.738482e-03 
 2.896600e+01  8.775362e-03 
 2.896640e+01  7.771231e-03 
 2.896680e+01  6.766136e-03 
 2.896720e+01  5.813202e-03 
 2.896759e+01  4.944538e-03 
 2.896799e+01  4.186602e-03 
 2.896839e+01  3.566813e-03 
 2.896879e+01  3.094846e-03 
 2.896918e+01  2.780577e-03 
 2.896958e+01  2.638777e-03 
 2.896998e+01  2.669735e-03 
 2.897038e+01  2.857273e-03 
 2.897077e+01  3.170717e-03 
 2.897117e+01  3.557062e-03 
 2.897157e+01  3.964245e-03 
 2.897197e+01  4.336762e-03 
 2.897237e+01  4.666189e-03 
 2.897276e+01  4.902423e-03 
 2.897316e+01  5.030279e-03 
 2.897356e+01  5.054473e-03 
 2.897396e+01  4.965822e-03 
 2.897435e+01  4.788019e-03 
 2.897475e+01  4.528922e-03 
 2.897515e+01  4.204655e-03 
 2.897555e+01  3.825748e-03 
 2.897594e+01  3.424419e-03 
 2.897634e+01  3.045398e-03 
 2.897674e+01  2.736545e-03 
 2.897714e+01  2.538203e-03 
 2.897754e+01  2.471024e-03 
 2.897793e+01  2.548609e-03 
 2.897833e+01  2.775522e-03 
 2.897873e+01  3.126628e-03 
 2.897913e+01  3.529919e-03 
 2.897952e+01  3.918575e-03 
 2.897992e+01  4.237066e-03 
 2.898032e+01  4.406817e-03 
 2.898072e+01  4.408496e-03 
 2.898111e+01  4.208847e-03 
 2.898151e+01  3.813414e-03 
 2.898191e+01  3.211484e-03 
 2.898231e+01  2.411835e-03 
 2.898271e+01  1.460464e-03 
 2.898310e+01  3.410754e-04 
 2.898350e+01 -9.131865e-04 
 2.898390e+01 -2.244656e-03 
 2.898430e+01 -3.567494e-03 
 2.898469e+01 -4.780694e-03 
 2.898509e+01 -5.774435e-03 
 2.898549e+01 -6.477266e-03 
 2.898589e+01 -6.833552e-03 
 2.898628e+01 -6.824478e-03 
 2.898668e+01 -6.448416e-03 
 2.898708e+01 -5.739412e-03 
 2.898748e+01 -4.741037e-03 
 2.898788e+01 -3.540522e-03 
 2.898827e+01 -2.201103e-03 
 2.898867e+01 -8.077051e-04 
 2.898907e+01  5.456557e-04 
 2.898947e+01  1.794173e-03 
 2.898986e+01  2.867109e-03 
 2.899026e+01  3.700384e-03 
 2.899066e+01  4.270314e-03 
 2.899106e+01  4.537241e-03 
 2.899145e+01  4.510094e-03 
 2.899185e+01  4.201267e-03 
 2.899225e+01  3.650395e-03 
 2.899265e+01  2.929799e-03 
 2.899305e+01  2.112209e-03 
 2.899344e+01  1.292268e-03 
 2.899384e+01  5.560660e-04 
 2.899424e+01 -1.706281e-05 
 2.899464e+01 -3.926194e-04 
 2.899503e+01 -5.633031e-04 
 2.899543e+01 -5.416728e-04 
 2.899583e+01 -3.509470e-04 
 2.899623e+01 -5.534072e-06 
 2.899662e+01  4.506280e-04 
 2.899702e+01  9.979753e-04 
 2.899742e+01  1.584709e-03 
 2.899782e+01  2.169680e-03 
 2.899822e+01  2.693533e-03 
 2.899861e+01  3.080430e-03 
 2.899901e+01  3.276448e-03 
 2.899941e+01  3.229608e-03 
 2.899981e+01  2.934746e-03 
 2.900020e+01  2.430048e-03 
 2.900060e+01  1.771336e-03 
 2.900100e+01  9.917007e-04 
 2.900140e+01  1.550015e-04 
 2.900179e+01 -6.629307e-04 
 2.900219e+01 -1.388564e-03 
 2.900259e+01 -1.947838e-03 
 2.900299e+01 -2.286085e-03 
 2.900339e+01 -2.354267e-03 
 2.900378e+01 -2.139131e-03 
 2.900418e+01 -1.628604e-03 
 2.900458e+01 -8.307426e-04 
 2.900498e+01  2.123970e-04 
 2.900537e+01  1.454953e-03 
 2.900577e+01  2.839758e-03 
 2.900617e+01  4.319610e-03 
 2.900657e+01  5.813970e-03 
 2.900696e+01  7.213857e-03 
 2.900736e+01  8.420609e-03 
 2.900776e+01  9.354014e-03 
 2.900816e+01  9.958797e-03 
 2.900856e+01  1.025026e-02 
 2.900895e+01  1.024763e-02 
 2.900935e+01  1.000482e-02 
 2.900975e+01  9.556772e-03 
 2.901015e+01  8.954120e-03 
 2.901054e+01  8.231295e-03 
 2.901094e+01  7.398054e-03 
 2.901134e+01  6.478555e-03 
 2.901174e+01  5.530704e-03 
 2.901213e+01  4.601841e-03 
 2.901253e+01  3.766599e-03 
 2.901293e+01  3.095660e-03 
 2.901333e+01  2.616724e-03 
 2.901373e+01  2.352065e-03 
 2.901412e+01  2.281062e-03 
 2.901452e+01  2.369695e-03 
 2.901492e+01  2.580673e-03 
 2.901532e+01  2.879992e-03 
 2.901571e+01  3.246140e-03 
 2.901611e+01  3.658551e-03 
 2.901651e+01  4.099490e-03 
 2.901691e+01  4.535995e-03 
 2.901730e+01  4.935168e-03 
 2.901770e+01  5.295680e-03 
 2.901810e+01  5.603936e-03 
 2.901850e+01  5.864219e-03 
 2.901890e+01  6.074873e-03 
 2.901929e+01  6.240864e-03 
 2.901969e+01  6.362901e-03 
 2.902009e+01  6.446224e-03 
 2.902049e+01  6.517610e-03 
 2.902088e+01  6.601250e-03 
 2.902128e+01  6.729408e-03 
 2.902168e+01  6.933219e-03 
 2.902208e+01  7.240138e-03 
 2.902247e+01  7.652682e-03 
 2.902287e+01  8.145247e-03 
 2.902327e+01  8.659862e-03 
 2.902367e+01  9.169073e-03 
 2.902407e+01  9.657600e-03 
 2.902446e+01  1.009673e-02 
 2.902486e+01  1.047312e-02 
 2.902526e+01  1.077224e-02 
 2.902566e+01  1.094816e-02 
 2.902605e+01  1.097228e-02 
 2.902645e+01  1.082284e-02 
 2.902685e+01  1.049589e-02 
 2.902725e+01  9.981782e-03 
 2.902764e+01  9.313824e-03 
 2.902804e+01  8.560551e-03 
 2.902844e+01  7.786725e-03 
 2.902884e+01  7.041030e-03 
 2.902924e+01  6.361531e-03 
 2.902963e+01  5.764103e-03 
 2.903003e+01  5.263106e-03 
 2.903043e+01  4.882760e-03 
 2.903083e+01  4.633158e-03 
 2.903122e+01  4.515856e-03 
 2.903162e+01  4.489933e-03 
 2.903202e+01  4.553447e-03 
 2.903242e+01  4.690595e-03 
 2.903281e+01  4.915434e-03 
 2.903321e+01  5.210608e-03 
 2.903361e+01  5.541884e-03 
 2.903401e+01  5.928686e-03 
 2.903441e+01  6.349642e-03 
 2.903480e+01  6.792450e-03 
 2.903520e+01  7.248366e-03 
 2.903560e+01  7.675655e-03 
 2.903600e+01  8.085967e-03 
 2.903639e+01  8.472972e-03 
 2.903679e+01  8.883164e-03 
 2.903719e+01  9.332619e-03 
 2.903759e+01  9.835780e-03 
 2.903798e+01  1.039648e-02 
 2.903838e+01  1.099078e-02 
 2.903878e+01  1.158924e-02 
 2.903918e+01  1.216741e-02 
 2.903958e+01  1.268684e-02 
 2.903997e+01  1.312501e-02 
 2.904037e+01  1.344811e-02 
 2.904077e+01  1.365504e-02 
 2.904117e+01  1.372463e-02 
 2.904156e+01  1.364048e-02 
 2.904196e+01  1.340712e-02 
 2.904236e+01  1.297211e-02 
 2.904276e+01  1.235251e-02 
 2.904315e+01  1.156470e-02 
 2.904355e+01  1.064328e-02 
 2.904395e+01  9.671384e-03 
 2.904435e+01  8.715566e-03 
 2.904475e+01  7.835148e-03 
 2.904514e+01  7.077037e-03 
 2.904554e+01  6.498884e-03 
 2.904594e+01  6.127686e-03 
 2.904634e+01  5.963404e-03 
 2.904673e+01  6.002335e-03 
 2.904713e+01  6.242492e-03 
 2.904753e+01  6.667795e-03 
 2.904793e+01  7.257309e-03 
 2.904832e+01  7.982778e-03 
 2.904872e+01  8.797676e-03 
 2.904912e+01  9.640845e-03 
 2.904952e+01  1.044971e-02 
 2.904992e+01  1.116658e-02 
 2.905031e+01  1.177290e-02 
 2.905071e+01  1.223196e-02 
 2.905111e+01  1.252144e-02 
 2.905151e+01  1.265340e-02 
 2.905190e+01  1.266167e-02 
 2.905230e+01  1.256455e-02 
 2.905270e+01  1.240355e-02 
 2.905310e+01  1.220563e-02 
 2.905350e+01  1.198166e-02 
 2.905389e+01  1.176443e-02 
 2.905429e+01  1.159263e-02 
 2.905469e+01  1.151219e-02 
 2.905509e+01  1.152269e-02 
 2.905548e+01  1.163524e-02 
 2.905588e+01  1.183276e-02 
 2.905628e+01  1.209586e-02 
 2.905668e+01  1.240172e-02 
 2.905707e+01  1.268067e-02 
 2.905747e+01  1.290243e-02 
 2.905787e+01  1.300678e-02 
 2.905827e+01  1.295629e-02 
 2.905867e+01  1.271800e-02 
 2.905906e+01  1.225870e-02 
 2.905946e+01  1.157434e-02 
 2.905986e+01  1.067876e-02 
 2.906026e+01  9.605746e-03 
 2.906065e+01  8.421100e-03 
 2.906105e+01  7.165843e-03 
 2.906145e+01  5.902773e-03 
 2.906185e+01  4.712058e-03 
 2.906224e+01  3.627740e-03 
 2.906264e+01  2.696469e-03 
 2.906304e+01  1.958792e-03 
 2.906344e+01  1.444674e-03 
 2.906384e+01  1.190804e-03 
 2.906423e+01  1.214653e-03 
 2.906463e+01  1.503896e-03 
 2.906503e+01  2.034033e-03 
 2.906543e+01  2.753532e-03 
 2.906582e+01  3.600862e-03 
 2.906622e+01  4.521099e-03 
 2.906662e+01  5.452772e-03 
 2.906702e+01  6.328983e-03 
 2.906741e+01  7.106681e-03 
 2.906781e+01  7.744675e-03 
 2.906821e+01  8.207823e-03 
 2.906861e+01  8.434000e-03 
 2.906901e+01  8.414533e-03 
 2.906940e+01  8.149896e-03 
 2.906980e+01  7.653924e-03 
 2.907020e+01  6.988142e-03 
 2.907060e+01  6.210976e-03 
 2.907099e+01  5.380980e-03 
 2.907139e+01  4.548191e-03 
 2.907179e+01  3.779718e-03 
 2.907219e+01  3.140943e-03 
 2.907258e+01  2.653719e-03 
 2.907298e+01  2.330581e-03 
 2.907338e+01  2.138769e-03 
 2.907378e+01  2.072078e-03 
 2.907418e+01  2.077932e-03 
 2.907457e+01  2.108206e-03 
 2.907497e+01  2.086875e-03 
 2.907537e+01  1.986286e-03 
 2.907577e+01  1.779821e-03 
 2.907616e+01  1.463606e-03 
 2.907656e+01  1.073731e-03 
 2.907696e+01  5.992310e-04 
 2.907736e+01  1.794632e-05 
 2.907775e+01 -6.604155e-04 
 2.907815e+01 -1.389727e-03 
 2.907855e+01 -2.143304e-03 
 2.907895e+01 -2.860912e-03 
 2.907935e+01 -3.473587e-03 
 2.907974e+01 -3.916657e-03 
 2.908014e+01 -4.166562e-03 
 2.908054e+01 -4.187492e-03 
 2.908094e+01 -4.013844e-03 
 2.908133e+01 -3.683153e-03 
 2.908173e+01 -3.199520e-03 
 2.908213e+01 -2.572526e-03 
 2.908253e+01 -1.809234e-03 
 2.908292e+01 -9.041194e-04 
 2.908332e+01  1.060672e-04 
 2.908372e+01  1.168980e-03 
 2.908412e+01  2.236378e-03 
 2.908452e+01  3.227784e-03 
 2.908491e+01  4.065249e-03 
 2.908531e+01  4.698017e-03 
 2.908571e+01  5.096583e-03 
 2.908611e+01  5.230415e-03 
 2.908650e+01  5.093689e-03 
 2.908690e+01  4.686420e-03 
 2.908730e+01  4.017539e-03 
 2.908770e+01  3.108194e-03 
 2.908809e+01  2.022574e-03 
 2.908849e+01  8.359860e-04 
 2.908889e+01 -3.676389e-04 
 2.908929e+01 -1.489261e-03 
 2.908969e+01 -2.445906e-03 
 2.909008e+01 -3.165686e-03 
 2.909048e+01 -3.617974e-03 
 2.909088e+01 -3.781211e-03 
 2.909128e+01 -3.650419e-03 
 2.909167e+01 -3.256549e-03 
 2.909207e+01 -2.632280e-03 
 2.909247e+01 -1.860363e-03 
 2.909287e+01 -9.987335e-04 
 2.909326e+01 -1.314715e-04 
 2.909366e+01  6.389908e-04 
 2.909406e+01  1.265075e-03 
 2.909446e+01  1.708726e-03 
 2.909486e+01  1.936524e-03 
 2.909525e+01  1.962963e-03 
 2.909565e+01  1.817506e-03 
 2.909605e+01  1.541653e-03 
 2.909645e+01  1.167557e-03 
 2.909684e+01  7.334283e-04 
 2.909724e+01  2.904465e-04 
 2.909764e+01 -1.188308e-04 
 2.909804e+01 -4.005281e-04 
 2.909843e+01 -5.047716e-04 
 2.909883e+01 -3.775548e-04 
 2.909923e+01  1.175269e-05 
 2.909963e+01  6.616929e-04 
 2.910003e+01  1.524993e-03 
 2.910042e+01  2.566384e-03 
 2.910082e+01  3.712907e-03 
 2.910122e+01  4.844548e-03 
 2.910162e+01  5.891469e-03 
 2.910201e+01  6.807284e-03 
 2.910241e+01  7.518758e-03 
 2.910281e+01  7.988340e-03 
 2.910321e+01  8.218595e-03 
 2.910360e+01  8.169197e-03 
 2.910400e+01  7.848457e-03 
 2.910440e+01  7.291599e-03 
 2.910480e+01  6.506486e-03 
 2.910520e+01  5.536463e-03 
 2.910559e+01  4.468323e-03 
 2.910599e+01  3.353192e-03 
 2.910639e+01  2.301117e-03 
 2.910679e+01  1.372279e-03 
 2.910718e+01  6.437092e-04 
 2.910758e+01  1.667857e-04 
 2.910798e+01 -3.466031e-05 
 2.910838e+01  3.189632e-05 
 2.910877e+01  3.237500e-04 
 2.910917e+01  8.025490e-04 
 2.910957e+01  1.437571e-03 
 2.910997e+01  2.185508e-03 
 2.911037e+01  3.021806e-03 
 2.911076e+01  3.943077e-03 
 2.911116e+01  4.885038e-03 
 2.911156e+01  5.812574e-03 
 2.911196e+01  6.700250e-03 
 2.911235e+01  7.449231e-03 
 2.911275e+01  8.026078e-03 
 2.911315e+01  8.419775e-03 
 2.911355e+01  8.628849e-03 
 2.911394e+01  8.665198e-03 
 2.911434e+01  8.547553e-03 
 2.911474e+01  8.306348e-03 
 2.911514e+01  7.963250e-03 
 2.911554e+01  7.559816e-03 
 2.911593e+01  7.145771e-03 
 2.911633e+01  6.746064e-03 
 2.911673e+01  6.412340e-03 
 2.911713e+01  6.153373e-03 
 2.911752e+01  5.962923e-03 
 2.911792e+01  5.852631e-03 
 2.911832e+01  5.831767e-03 
 2.911872e+01  5.853016e-03 
 2.911911e+01  5.895298e-03 
 2.911951e+01  5.948204e-03 
 2.911991e+01  5.959256e-03 
 2.912031e+01  5.900810e-03 
 2.912071e+01  5.765427e-03 
 2.912110e+01  5.527429e-03 
 2.912150e+01  5.217512e-03 
 2.912190e+01  4.877690e-03 
 2.912230e+01  4.567713e-03 
 2.912269e+01  4.313029e-03 
 2.912309e+01  4.139394e-03 
 2.912349e+01  4.033933e-03 
 2.912389e+01  3.987849e-03 
 2.912428e+01  4.050510e-03 
 2.912468e+01  4.204121e-03 
 2.912508e+01  4.429298e-03 
 2.912548e+01  4.722649e-03 
 2.912588e+01  5.086638e-03 
 2.912627e+01  5.518404e-03 
 2.912667e+01  6.004009e-03 
 2.912707e+01  6.534620e-03 
 2.912747e+01  7.093831e-03 
 2.912786e+01  7.680237e-03 
 2.912826e+01  8.288198e-03 
 2.912866e+01  8.890795e-03 
 2.912906e+01  9.451844e-03 
 2.912945e+01  9.967012e-03 
 2.912985e+01  1.041012e-02 
 2.913025e+01  1.075764e-02 
 2.913065e+01  1.103380e-02 
 2.913105e+01  1.123959e-02 
 2.913144e+01  1.140510e-02 
 2.913184e+01  1.152426e-02 
 2.913224e+01  1.161009e-02 
 2.913264e+01  1.164179e-02 
 2.913303e+01  1.159975e-02 
 2.913343e+01  1.150680e-02 
 2.913383e+01  1.134157e-02 
 2.913423e+01  1.115928e-02 
 2.913462e+01  1.095931e-02 
 2.913502e+01  1.075131e-02 
 2.913542e+01  1.055859e-02 
 2.913582e+01  1.033885e-02 
 2.913622e+01  1.005910e-02 
 2.913661e+01  9.682876e-03 
 2.913701e+01  9.223938e-03 
 2.913741e+01  8.693398e-03 
 2.913781e+01  8.137883e-03 
 2.913820e+01  7.608696e-03 
 2.913860e+01  7.145314e-03 
 2.913900e+01  6.776094e-03 
 2.913940e+01  6.534074e-03 
 2.913979e+01  6.437234e-03 
 2.914019e+01  6.479716e-03 
 2.914059e+01  6.683918e-03 
 2.914099e+01  7.041379e-03 
 2.914139e+01  7.559521e-03 
 2.914178e+01  8.245825e-03 
 2.914218e+01  9.073104e-03 
 2.914258e+01  9.994203e-03 
 2.914298e+01  1.095622e-02 
 2.914337e+01  1.191329e-02 
 2.914377e+01  1.280300e-02 
 2.914417e+01  1.359222e-02 
 2.914457e+01  1.424338e-02 
 2.914497e+01  1.472222e-02 
 2.914536e+01  1.502741e-02 
 2.914576e+01  1.514772e-02 
 2.914616e+01  1.510246e-02 
 2.914656e+01  1.487966e-02 
 2.914695e+01  1.450481e-02 
 2.914735e+01  1.401084e-02 
 2.914775e+01  1.342242e-02 
 2.914815e+01  1.278374e-02 
 2.914854e+01  1.210967e-02 
 2.914894e+01  1.141316e-02 
 2.914934e+01  1.075020e-02 
 2.914974e+01  1.016841e-02 
 2.915014e+01  9.703149e-03 
 2.915053e+01  9.383856e-03 
 2.915093e+01  9.216168e-03 
 2.915133e+01  9.182783e-03 
 2.915173e+01  9.271499e-03 
 2.915212e+01  9.461450e-03 
 2.915252e+01  9.693878e-03 
 2.915292e+01  9.940688e-03 
 2.915332e+01  1.018918e-02 
 2.915371e+01  1.038665e-02 
 2.915411e+01  1.050427e-02 
 2.915451e+01  1.052021e-02 
 2.915491e+01  1.038597e-02 
 2.915531e+01  1.009238e-02 
 2.915570e+01  9.668558e-03 
 2.915610e+01  9.094883e-03 
 2.915650e+01  8.424864e-03 
 2.915690e+01  7.696796e-03 
 2.915729e+01  6.962395e-03 
 2.915769e+01  6.302824e-03 
 2.915809e+01  5.754139e-03 
 2.915849e+01  5.389184e-03 
 2.915888e+01  5.252252e-03 
 2.915928e+01  5.378719e-03 
 2.915968e+01  5.784087e-03 
 2.916008e+01  6.407814e-03 
 2.916048e+01  7.204251e-03 
 2.916087e+01  8.089084e-03 
 2.916127e+01  8.959695e-03 
 2.916167e+01  9.766423e-03 
 2.916207e+01  1.043966e-02 
 2.916246e+01  1.091686e-02 
 2.916286e+01  1.115468e-02 
 2.916326e+01  1.113203e-02 
 2.916366e+01  1.082372e-02 
 2.916405e+01  1.022622e-02 
 2.916445e+01  9.351822e-03 
 2.916485e+01  8.217993e-03 
 2.916525e+01  6.897138e-03 
 2.916565e+01  5.493644e-03 
 2.916604e+01  4.093613e-03 
 2.916644e+01  2.772609e-03 
 2.916684e+01  1.607661e-03 
 2.916724e+01  6.452728e-04 
 2.916763e+01 -6.775206e-05 
 2.916803e+01 -5.228487e-04 
 2.916843e+01 -7.002426e-04 
 2.916883e+01 -6.744067e-04 
 2.916922e+01 -4.723296e-04 
 2.916962e+01 -1.289535e-04 
 2.917002e+01  3.034405e-04 
 2.917042e+01  7.687479e-04 
 2.917082e+01  1.223125e-03 
 2.917121e+01  1.593313e-03 
 2.917161e+01  1.838571e-03 
 2.917201e+01  1.960952e-03 
 2.917241e+01  1.916197e-03 
 2.917280e+01  1.715816e-03 
 2.917320e+01  1.403019e-03 
 2.917360e+01  1.034172e-03 
 2.917400e+01  6.584298e-04 
 2.917439e+01  3.280834e-04 
 2.917479e+01  5.197865e-05 
 2.917519e+01 -1.543177e-04 
 2.917559e+01 -2.692588e-04 
 2.917599e+01 -2.943065e-04 
 2.917638e+01 -2.184054e-04 
 2.917678e+01 -4.652720e-05 
 2.917718e+01  2.299467e-04 
 2.917758e+01  5.838465e-04 
 2.917797e+01  1.012770e-03 
 2.917837e+01  1.491996e-03 
 2.917877e+01  1.985874e-03 
 2.917917e+01  2.452669e-03 
 2.917956e+01  2.889661e-03 
 2.917996e+01  3.251431e-03 
 2.918036e+01  3.506843e-03 
 2.918076e+01  3.645261e-03 
 2.918116e+01  3.621911e-03 
 2.918155e+01  3.395218e-03 
 2.918195e+01  2.965261e-03 
 2.918235e+01  2.338733e-03 
 2.918275e+01  1.558947e-03 
 2.918314e+01  7.195394e-04 
 2.918354e+01 -1.115723e-04 
 2.918394e+01 -8.637212e-04 
 2.918434e+01 -1.488349e-03 
 2.918473e+01 -1.952003e-03 
 2.918513e+01 -2.243435e-03 
 2.918553e+01 -2.336658e-03 
 2.918593e+01 -2.210854e-03 
 2.918633e+01 -1.894444e-03 
 2.918672e+01 -1.377746e-03 
 2.918712e+01 -7.027301e-04 
 2.918752e+01  8.237430e-05 
 2.918792e+01  9.092514e-04 
 2.918831e+01  1.704152e-03 
 2.918871e+01  2.388870e-03 
 2.918911e+01  2.909329e-03 
 2.918951e+01  3.251926e-03 
 2.918990e+01  3.423888e-03 
 2.919030e+01  3.428874e-03 
 2.919070e+01  3.263640e-03 
 2.919110e+01  2.984179e-03 
 2.919150e+01  2.585063e-03 
 2.919189e+01  2.152530e-03 
 2.919229e+01  1.732313e-03 
 2.919269e+01  1.339166e-03 
 2.919309e+01  1.016609e-03 
 2.919348e+01  8.109695e-04 
 2.919388e+01  7.520232e-04 
 2.919428e+01  8.351211e-04 
 2.919468e+01  1.076317e-03 
 2.919507e+01  1.432654e-03 
 2.919547e+01  1.904657e-03 
 2.919587e+01  2.470290e-03 
 2.919627e+01  3.083583e-03 
 2.919667e+01  3.693437e-03 
 2.919706e+01  4.243032e-03 
 2.919746e+01  4.684386e-03 
 2.919786e+01  4.968920e-03 
 2.919826e+01  5.078475e-03 
 2.919865e+01  5.037902e-03 
 2.919905e+01  4.844375e-03 
 2.919945e+01  4.533829e-03 
 2.919985e+01  4.128795e-03 
 2.920024e+01  3.632723e-03 
 2.920064e+01  3.090230e-03 
 2.920104e+01  2.533125e-03 
 2.920144e+01  2.020866e-03 
 2.920184e+01  1.627777e-03 
 2.920223e+01  1.398538e-03 
 2.920263e+01  1.354493e-03 
 2.920303e+01  1.517404e-03 
 2.920343e+01  1.881346e-03 
 2.920382e+01  2.407270e-03 
 2.920422e+01  3.047090e-03 
 2.920462e+01  3.772299e-03 
 2.920502e+01  4.527076e-03 
 2.920541e+01  5.271320e-03 
 2.920581e+01  5.951366e-03 
 2.920621e+01  6.522812e-03 
 2.920661e+01  6.938906e-03 
 2.920701e+01  7.192865e-03 
 2.920740e+01  7.290012e-03 
 2.920780e+01  7.237195e-03 
 2.920820e+01  7.030240e-03 
 2.920860e+01  6.662126e-03 
 2.920899e+01  6.151070e-03 
 2.920939e+01  5.507471e-03 
 2.920979e+01  4.773809e-03 
 2.921019e+01  3.976248e-03 
 2.921058e+01  3.157843e-03 
 2.921098e+01  2.399857e-03 
 2.921138e+01  1.749111e-03 
 2.921178e+01  1.276704e-03 
 2.921218e+01  1.005929e-03 
 2.921257e+01  9.075528e-04 
 2.921297e+01  9.854991e-04 
 2.921337e+01  1.219191e-03 
 2.921377e+01  1.580956e-03 
 2.921416e+01  2.046745e-03 
 2.921456e+01  2.586156e-03 
 2.921496e+01  3.157847e-03 
 2.921536e+01  3.741629e-03 
 2.921575e+01  4.321373e-03 
 2.921615e+01  4.838600e-03 
 2.921655e+01  5.237759e-03 
 2.921695e+01  5.486483e-03 
 2.921735e+01  5.565843e-03 
 2.921774e+01  5.478700e-03 
 2.921814e+01  5.292376e-03 
 2.921854e+01  5.036599e-03 
 2.921894e+01  4.782264e-03 
 2.921933e+01  4.587269e-03 
 2.921973e+01  4.494684e-03 
 2.922013e+01  4.514310e-03 
 2.922053e+01  4.614228e-03 
 2.922092e+01  4.804360e-03 
 2.922132e+01  5.047375e-03 
 2.922172e+01  5.352256e-03 
 2.922212e+01  5.721597e-03 
 2.922252e+01  6.139473e-03 
 2.922291e+01  6.582749e-03 
 2.922331e+01  7.021321e-03 
 2.922371e+01  7.406927e-03 
 2.922411e+01  7.711347e-03 
 2.922450e+01  7.898932e-03 
 2.922490e+01  7.945605e-03 
 2.922530e+01  7.856022e-03 
 2.922570e+01  7.671704e-03 
 2.922609e+01  7.384694e-03 
 2.922649e+01  7.047705e-03 
 2.922689e+01  6.683391e-03 
 2.922729e+01  6.327075e-03 
 2.922769e+01  6.001881e-03 
 2.922808e+01  5.742333e-03 
 2.922848e+01  5.591069e-03 
 2.922888e+01  5.534602e-03 
 2.922928e+01  5.585977e-03 
 2.922967e+01  5.737416e-03 
 2.923007e+01  5.956589e-03 
 2.923047e+01  6.224044e-03 
 2.923087e+01  6.548532e-03 
 2.923126e+01  6.914499e-03 
 2.923166e+01  7.306607e-03 
 2.923206e+01  7.718793e-03 
 2.923246e+01  8.114270e-03 
 2.923286e+01  8.485313e-03 
 2.923325e+01  8.832188e-03 
 2.923365e+01  9.152694e-03 
 2.923405e+01  9.464091e-03 
 2.923445e+01  9.802631e-03 
 2.923484e+01  1.018516e-02 
 2.923524e+01  1.065109e-02 
 2.923564e+01  1.119399e-02 
 2.923604e+01  1.178079e-02 
 2.923644e+01  1.236624e-02 
 2.923683e+01  1.291709e-02 
 2.923723e+01  1.341409e-02 
 2.923763e+01  1.383897e-02 
 2.923803e+01  1.418994e-02 
 2.923842e+01  1.444212e-02 
 2.923882e+01  1.458651e-02 
 2.923922e+01  1.461565e-02 
 2.923962e+01  1.451958e-02 
 2.924001e+01  1.429534e-02 
 2.924041e+01  1.393578e-02 
 2.924081e+01  1.345757e-02 
 2.924121e+01  1.288988e-02 
 2.924161e+01  1.226982e-02 
 2.924200e+01  1.163801e-02 
 2.924240e+01  1.101042e-02 
 2.924280e+01  1.042924e-02 
 2.924320e+01  9.947455e-03 
 2.924359e+01  9.581666e-03 
 2.924399e+01  9.336265e-03 
 2.924439e+01  9.203184e-03 
 2.924479e+01  9.154679e-03 
 2.924518e+01  9.176261e-03 
 2.924558e+01  9.270884e-03 
 2.924598e+01  9.441028e-03 
 2.924638e+01  9.701924e-03 
 2.924678e+01  1.005569e-02 
 2.924717e+01  1.050810e-02 
 2.924757e+01  1.104036e-02 
 2.924797e+01  1.161761e-02 
 2.924837e+01  1.217810e-02 
 2.924876e+01  1.265270e-02 
 2.924916e+01  1.299375e-02 
 2.924956e+01  1.315658e-02 
 2.924996e+01  1.312494e-02 
 2.925035e+01  1.292651e-02 
 2.925075e+01  1.259392e-02 
 2.925115e+01  1.215335e-02 
 2.925155e+01  1.164853e-02 
 2.925195e+01  1.110057e-02 
 2.925234e+01  1.053832e-02 
 2.925274e+01  9.997704e-03 
 2.925314e+01  9.542049e-03 
 2.925354e+01  9.222936e-03 
 2.925393e+01  9.044389e-03 
 2.925433e+01  9.031958e-03 
 2.925473e+01  9.149871e-03 
 2.925513e+01  9.346981e-03 
 2.925552e+01  9.589615e-03 
 2.925592e+01  9.797764e-03 
 2.925632e+01  9.934670e-03 
 2.925672e+01  9.984724e-03 
 2.925712e+01  9.941452e-03 
 2.925751e+01  9.805981e-03 
 2.925791e+01  9.554121e-03 
 2.925831e+01  9.160684e-03 
 2.925871e+01  8.611977e-03 
 2.925910e+01  7.922020e-03 
 2.925950e+01  7.126832e-03 
 2.925990e+01  6.254621e-03 
 2.926030e+01  5.329855e-03 
 2.926069e+01  4.406533e-03 
 2.926109e+01  3.529294e-03 
 2.926149e+01  2.753436e-03 
 2.926189e+01  2.128272e-03 
 2.926229e+01  1.691923e-03 
 2.926268e+01  1.470670e-03 
 2.926308e+01  1.502034e-03 
 2.926348e+01  1.795063e-03 
 2.926388e+01  2.323425e-03 
 2.926427e+01  3.026423e-03 
 2.926467e+01  3.823060e-03 
 2.926507e+01  4.638898e-03 
 2.926547e+01  5.425334e-03 
 2.926586e+01  6.117988e-03 
 2.926626e+01  6.675086e-03 
 2.926666e+01  7.071313e-03 
 2.926706e+01  7.278501e-03 
 2.926746e+01  7.283998e-03 
 2.926785e+01  7.073785e-03 
 2.926825e+01  6.661607e-03 
 2.926865e+01  6.037227e-03 
 2.926905e+01  5.244367e-03 
 2.926944e+01  4.358058e-03 
 2.926984e+01  3.438671e-03 
 2.927024e+01  2.554890e-03 
 2.927064e+01  1.761211e-03 
 2.927103e+01  1.089807e-03 
 2.927143e+01  5.639411e-04 
 2.927183e+01  1.935174e-04 
 2.927223e+01 -1.617615e-05 
 2.927263e+01 -6.985439e-05 
 2.927302e+01  1.519481e-05 
 2.927342e+01  2.283293e-04 
 2.927382e+01  5.283855e-04 
 2.927422e+01  8.914863e-04 
 2.927461e+01  1.280550e-03 
 2.927501e+01  1.655283e-03 
 2.927541e+01  1.990933e-03 
 2.927581e+01  2.257021e-03 
 2.927620e+01  2.414029e-03 
 2.927660e+01  2.451507e-03 
 2.927700e+01  2.370948e-03 
 2.927740e+01  2.174033e-03 
 2.927780e+01  1.864425e-03 
 2.927819e+01  1.475954e-03 
 2.927859e+01  1.028140e-03 
 2.927899e+01  5.732213e-04 
 2.927939e+01  1.672082e-04 
 2.927978e+01 -1.558127e-04 
 2.928018e+01 -3.770111e-04 
 2.928058e+01 -4.529599e-04 
 2.928098e+01 -3.631935e-04 
 2.928137e+01 -1.030924e-04 
 2.928177e+01  3.362480e-04 
 2.928217e+01  9.193236e-04 
 2.928257e+01  1.596589e-03 
 2.928297e+01  2.322649e-03 
 2.928336e+01  3.048648e-03 
 2.928376e+01  3.662066e-03 
 2.928416e+01  4.137515e-03 
 2.928456e+01  4.417525e-03 
 2.928495e+01  4.494091e-03 
 2.928535e+01  4.382608e-03 
 2.928575e+01  4.099232e-03 
 2.928615e+01  3.655327e-03 
 2.928654e+01  3.064256e-03 
 2.928694e+01  2.381330e-03 
 2.928734e+01  1.629045e-03 
 2.928774e+01  8.944671e-04 
 2.928814e+01  2.396720e-04 
 2.928853e+01 -2.717324e-04 
 2.928893e+01 -5.784227e-04 
 2.928933e+01 -6.565616e-04 
 2.928973e+01 -5.274887e-04 
 2.929012e+01 -2.249819e-04 
 2.929052e+01  2.429671e-04 
 2.929092e+01  7.969015e-04 
 2.929132e+01  1.420820e-03 
 2.929171e+01  2.089276e-03 
 2.929211e+01  2.751975e-03 
 2.929251e+01  3.385013e-03 
 2.929291e+01  3.964009e-03 
 2.929331e+01  4.463256e-03 
 2.929370e+01  4.830215e-03 
 2.929410e+01  5.052644e-03 
 2.929450e+01  5.128303e-03 
 2.929490e+01  5.069190e-03 
 2.929529e+01  4.909210e-03 
 2.929569e+01  4.674362e-03 
 2.929609e+01  4.392341e-03 
 2.929649e+01  4.100627e-03 
 2.929688e+01  3.843976e-03 
 2.929728e+01  3.638207e-03 
 2.929768e+01  3.509312e-03 
 2.929808e+01  3.455439e-03 
 2.929848e+01  3.464545e-03 
 2.929887e+01  3.525336e-03 
 2.929927e+01  3.619103e-03 
 2.929967e+01  3.704695e-03 
 2.930007e+01  3.730377e-03 
 2.930046e+01  3.676137e-03 
 2.930086e+01  3.526200e-03 
 2.930126e+01  3.286788e-03 
 2.930166e+01  2.982820e-03 
 2.930205e+01  2.609555e-03 
 2.930245e+01  2.190329e-03 
 2.930285e+01  1.737032e-03 
 2.930325e+01  1.270672e-03 
 2.930365e+01  7.759221e-04 
 2.930404e+01  2.743794e-04 
 2.930444e+01 -2.153277e-04 
 2.930484e+01 -6.830399e-04 
 2.930524e+01 -1.069001e-03 
 2.930563e+01 -1.373447e-03 
 2.930603e+01 -1.587977e-03 
 2.930643e+01 -1.707121e-03 
 2.930683e+01 -1.701068e-03 
 2.930722e+01 -1.569591e-03 
 2.930762e+01 -1.295772e-03 
 2.930802e+01 -8.523716e-04 
 2.930842e+01 -2.642662e-04 
 2.930882e+01  4.815195e-04 
 2.930921e+01  1.373269e-03 
 2.930961e+01  2.347990e-03 
 2.931001e+01  3.349164e-03 
 2.931041e+01  4.285047e-03 
 2.931080e+01  5.125028e-03 
 2.931120e+01  5.791731e-03 
 2.931160e+01  6.281096e-03 
 2.931200e+01  6.557609e-03 
 2.931239e+01  6.634412e-03 
 2.931279e+01  6.555491e-03 
 2.931319e+01  6.342763e-03 
 2.931359e+01  6.046640e-03 
 2.931399e+01  5.697536e-03 
 2.931438e+01  5.327141e-03 
 2.931478e+01  4.959421e-03 
 2.931518e+01  4.646776e-03 
 2.931558e+01  4.418241e-03 
 2.931597e+01  4.263754e-03 
 2.931637e+01  4.207148e-03 
 2.931677e+01  4.233982e-03 
 2.931717e+01  4.331419e-03 
 2.931756e+01  4.467001e-03 
 2.931796e+01  4.605342e-03 
 2.931836e+01  4.692364e-03 
 2.931876e+01  4.701933e-03 
 2.931916e+01  4.639946e-03 
 2.931955e+01  4.523723e-03 
 2.931995e+01  4.374796e-03 
 2.932035e+01  4.239049e-03 
 2.932075e+01  4.117544e-03 
 2.932114e+01  4.040368e-03 
 2.932154e+01  4.034976e-03 
 2.932194e+01  4.093287e-03 
 2.932234e+01  4.210690e-03 
 2.932273e+01  4.402170e-03 
 2.932313e+01  4.661380e-03 
 2.932353e+01  5.005786e-03 
 2.932393e+01  5.428077e-03 
 2.932433e+01  5.931330e-03 
 2.932472e+01  6.492381e-03 
 2.932512e+01  7.093970e-03 
 2.932552e+01  7.721030e-03 
 2.932592e+01  8.356262e-03 
 2.932631e+01  8.985480e-03 
 2.932671e+01  9.605234e-03 
 2.932711e+01  1.019170e-02 
 2.932751e+01  1.074569e-02 
 2.932790e+01  1.124897e-02 
 2.932830e+01  1.168023e-02 
 2.932870e+01  1.203631e-02 
 2.932910e+01  1.232474e-02 
 2.932950e+01  1.251104e-02 
 2.932989e+01  1.259190e-02 
 2.933029e+01  1.258438e-02 
 2.933069e+01  1.248946e-02 
 2.933109e+01  1.232454e-02 
 2.933148e+01  1.212274e-02 
 2.933188e+01  1.190111e-02 
 2.933228e+01  1.165082e-02 
 2.933268e+01  1.139320e-02 
 2.933308e+01  1.114896e-02 
 2.933347e+01  1.089948e-02 
 2.933387e+01  1.064801e-02 
 2.933427e+01  1.040716e-02 
 2.933467e+01  1.017251e-02 
 2.933506e+01  9.959836e-03 
 2.933546e+01  9.771806e-03 
 2.933586e+01  9.624702e-03 
 2.933626e+01  9.533139e-03 
 2.933665e+01  9.505803e-03 
 2.933705e+01  9.567894e-03 
 2.933745e+01  9.695314e-03 
 2.933785e+01  9.886808e-03 
 2.933825e+01  1.010963e-02 
 2.933864e+01  1.035607e-02 
 2.933904e+01  1.063473e-02 
 2.933944e+01  1.095815e-02 
 2.933984e+01  1.133729e-02 
 2.934023e+01  1.179942e-02 
 2.934063e+01  1.234798e-02 
 2.934103e+01  1.296662e-02 
 2.934143e+01  1.363846e-02 
 2.934182e+01  1.431173e-02 
 2.934222e+01  1.495521e-02 
 2.934262e+01  1.553475e-02 
 2.934302e+01  1.603407e-02 
 2.934342e+01  1.642801e-02 
 2.934381e+01  1.669771e-02 
 2.934421e+01  1.682358e-02 
 2.934461e+01  1.678439e-02 
 2.934501e+01  1.655868e-02 
 2.934540e+01  1.614415e-02 
 2.934580e+01  1.551937e-02 
 2.934620e+01  1.470689e-02 
 2.934660e+01  1.376437e-02 
 2.934699e+01  1.274428e-02 
 2.934739e+01  1.170118e-02 
 2.934779e+01  1.070403e-02 
 2.934819e+01  9.805564e-03 
 2.934859e+01  9.042590e-03 
 2.934898e+01  8.422598e-03 
 2.934938e+01  7.938999e-03 
 2.934978e+01  7.548316e-03 
 2.935018e+01  7.230863e-03 
 2.935057e+01  6.995718e-03 
 2.935097e+01  6.841163e-03 
 2.935137e+01  6.755393e-03 
 2.935177e+01  6.712014e-03 
 2.935216e+01  6.669756e-03 
 2.935256e+01  6.612449e-03 
 2.935296e+01  6.510686e-03 
 2.935336e+01  6.333444e-03 
 2.935376e+01  6.088925e-03 
 2.935415e+01  5.772005e-03 
 2.935455e+01  5.418781e-03 
 2.935495e+01  5.080963e-03 
 2.935535e+01  4.792833e-03 
 2.935574e+01  4.583950e-03 
 2.935614e+01  4.462207e-03 
 2.935654e+01  4.469560e-03 
 2.935694e+01  4.631988e-03 
 2.935733e+01  4.928185e-03 
 2.935773e+01  5.353594e-03 
 2.935813e+01  5.877373e-03 
 2.935853e+01  6.461689e-03 
 2.935893e+01  7.084184e-03 
 2.935932e+01  7.718609e-03 
 2.935972e+01  8.329973e-03 
 2.936012e+01  8.867045e-03 
 2.936052e+01  9.283822e-03 
 2.936091e+01  9.523729e-03 
 2.936131e+01  9.544380e-03 
 2.936171e+01  9.297095e-03 
 2.936211e+01  8.771159e-03 
 2.936250e+01  7.974534e-03 
 2.936290e+01  6.955287e-03 
 2.936330e+01  5.790496e-03 
 2.936370e+01  4.538578e-03 
 2.936410e+01  3.293309e-03 
 2.936449e+01  2.104673e-03 
 2.936489e+01  1.039040e-03 
 2.936529e+01  1.322425e-04 
 2.936569e+01 -5.949187e-04 
 2.936608e+01 -1.132943e-03 
 2.936648e+01 -1.474220e-03 
 2.936688e+01 -1.617938e-03 
 2.936728e+01 -1.570561e-03 
 2.936767e+01 -1.361080e-03 
 2.936807e+01 -1.005469e-03 
 2.936847e+01 -5.470362e-04 
 2.936887e+01  1.182350e-05 
 2.936927e+01  6.350736e-04 
 2.936966e+01  1.281378e-03 
 2.937006e+01  1.923009e-03 
 2.937046e+01  2.531285e-03 
 2.937086e+01  3.092194e-03 
 2.937125e+01  3.585577e-03 
 2.937165e+01  4.014282e-03 
 2.937205e+01  4.343723e-03 
 2.937245e+01  4.567856e-03 
 2.937284e+01  4.686756e-03 
 2.937324e+01  4.691020e-03 
 2.937364e+01  4.566879e-03 
 2.937404e+01  4.324492e-03 
 2.937444e+01  3.997001e-03 
 2.937483e+01  3.630685e-03 
 2.937523e+01  3.278726e-03 
 2.937563e+01  2.982467e-03 
 2.937603e+01  2.767340e-03 
 2.937642e+01  2.653119e-03 
 2.937682e+01  2.627315e-03 
 2.937722e+01  2.685042e-03 
 2.937762e+01  2.786470e-03 
 2.937801e+01  2.888492e-03 
 2.937841e+01  2.951365e-03 
 2.937881e+01  2.954607e-03 
 2.937921e+01  2.883538e-03 
 2.937961e+01  2.704707e-03 
 2.938000e+01  2.407718e-03 
 2.938040e+01  1.985306e-03 
 2.938080e+01  1.427799e-03 
 2.938120e+01  7.471510e-04 
 2.938159e+01 -7.032642e-06 
 2.938199e+01 -7.698654e-04 
 2.938239e+01 -1.461716e-03 
 2.938279e+01 -2.000259e-03 
 2.938318e+01 -2.326777e-03 
 2.938358e+01 -2.424389e-03 
 2.938398e+01 -2.285525e-03 
 2.938438e+01 -1.941706e-03 
 2.938478e+01 -1.413318e-03 
 2.938517e+01 -7.371178e-04 
 2.938557e+01  5.533591e-05 
 2.938597e+01  9.194834e-04 
 2.938637e+01  1.828180e-03 
 2.938676e+01  2.749287e-03 
 2.938716e+01  3.645071e-03 
 2.938756e+01  4.464815e-03 
 2.938796e+01  5.179286e-03 
 2.938835e+01  5.780574e-03 
 2.938875e+01  6.242676e-03 
 2.938915e+01  6.560159e-03 
 2.938955e+01  6.720444e-03 
 2.938995e+01  6.712364e-03 
 2.939034e+01  6.556782e-03 
 2.939074e+01  6.293217e-03 
 2.939114e+01  5.954204e-03 
 2.939154e+01  5.563534e-03 
 2.939193e+01  5.127951e-03 
 2.939233e+01  4.685721e-03 
 2.939273e+01  4.241724e-03 
 2.939313e+01  3.801180e-03 
 2.939352e+01  3.358638e-03 
 2.939392e+01  2.896427e-03 
 2.939432e+01  2.402544e-03 
 2.939472e+01  1.892203e-03 
 2.939512e+01  1.377570e-03 
 2.939551e+01  8.635555e-04 
 2.939591e+01  3.579511e-04 
 2.939631e+01 -1.237063e-04 
 2.939671e+01 -5.596370e-04 
 2.939710e+01 -9.464423e-04 
 2.939750e+01 -1.276132e-03 
 2.939790e+01 -1.541366e-03 
 2.939830e+01 -1.736217e-03 
 2.939869e+01 -1.848901e-03 
 2.939909e+01 -1.875327e-03 
 2.939949e+01 -1.810391e-03 
 2.939989e+01 -1.655305e-03 
 2.940029e+01 -1.428934e-03 
 2.940068e+01 -1.131231e-03 
 2.940108e+01 -7.973379e-04 
 2.940148e+01 -4.254238e-04 
 2.940188e+01 -1.267541e-05 
 2.940227e+01  4.730131e-04 
 2.940267e+01  1.044308e-03 
 2.940307e+01  1.709286e-03 
 2.940347e+01  2.446689e-03 
 2.940386e+01  3.214538e-03 
 2.940426e+01  3.985613e-03 
 2.940466e+01  4.708684e-03 
 2.940506e+01  5.347696e-03 
 2.940546e+01  5.847182e-03 
 2.940585e+01  6.180935e-03 
 2.940625e+01  6.332911e-03 
 2.940665e+01  6.272338e-03 
 2.940705e+01  6.021026e-03 
 2.940744e+01  5.577379e-03 
 2.940784e+01  4.970788e-03 
 2.940824e+01  4.253115e-03 
 2.940864e+01  3.479228e-03 
 2.940903e+01  2.730846e-03 
 2.940943e+01  2.040268e-03 
 2.940983e+01  1.448914e-03 
 2.941023e+01  9.716424e-04 
 2.941063e+01  6.297713e-04 
 2.941102e+01  4.496827e-04 
 2.941142e+01  4.124214e-04 
 2.941182e+01  4.891002e-04 
 2.941222e+01  6.443771e-04 
 2.941261e+01  8.251910e-04 
 2.941301e+01  1.026030e-03 
 2.941341e+01  1.216067e-03 
 2.941381e+01  1.394296e-03 
 2.941420e+01  1.586041e-03 
 2.941460e+01  1.812723e-03 
 2.941500e+01  2.096641e-03 
 2.941540e+01  2.453872e-03 
 2.941580e+01  2.882229e-03 
 2.941619e+01  3.367587e-03 
 2.941659e+01  3.913436e-03 
 2.941699e+01  4.535525e-03 
 2.941739e+01  5.249426e-03 
 2.941778e+01  6.026197e-03 
 2.941818e+01  6.860399e-03 
 2.941858e+01  7.726695e-03 
 2.941898e+01  8.591503e-03 
 2.941937e+01  9.429138e-03 
 2.941977e+01  1.019324e-02 
 2.942017e+01  1.087491e-02 
 2.942057e+01  1.147838e-02 
 2.942097e+01  1.197791e-02 
 2.942136e+01  1.237365e-02 
 2.942176e+01  1.264319e-02 
 2.942216e+01  1.276993e-02 
 2.942256e+01  1.274294e-02 
 2.942295e+01  1.256831e-02 
 2.942335e+01  1.226065e-02 
 2.942375e+01  1.185143e-02 
 2.942415e+01  1.137159e-02 
 2.942455e+01  1.087353e-02 
 2.942494e+01  1.037447e-02 
 2.942534e+01  9.894592e-03 
 2.942574e+01  9.443891e-03 
 2.942614e+01  9.017666e-03 
 2.942653e+01  8.641557e-03 
 2.942693e+01  8.309757e-03 
 2.942733e+01  8.018469e-03 
 2.942773e+01  7.760719e-03 
 2.942812e+01  7.552033e-03 
 2.942852e+01  7.398585e-03 
 2.942892e+01  7.308078e-03 
 2.942932e+01  7.281935e-03 
 2.942972e+01  7.328462e-03 
 2.943011e+01  7.438010e-03 
 2.943051e+01  7.637502e-03 
 2.943091e+01  7.936487e-03 
 2.943131e+01  8.333236e-03 
 2.943170e+01  8.829534e-03 
 2.943210e+01  9.424101e-03 
 2.943250e+01  1.010414e-02 
 2.943290e+01  1.085690e-02 
 2.943329e+01  1.165485e-02 
 2.943369e+01  1.246102e-02 
 2.943409e+01  1.326108e-02 
 2.943449e+01  1.402988e-02 
 2.943489e+01  1.474960e-02 
 2.943528e+01  1.536601e-02 
 2.943568e+01  1.584525e-02 
 2.943608e+01  1.616123e-02 
 2.943648e+01  1.630371e-02 
 2.943687e+01  1.629799e-02 
 2.943727e+01  1.614621e-02 
 2.943767e+01  1.588064e-02 
 2.943807e+01  1.551792e-02 
 2.943846e+01  1.505556e-02 
 2.943886e+01  1.450154e-02 
 2.943926e+01  1.385783e-02 
 2.943966e+01  1.311166e-02 
 2.944006e+01  1.226898e-02 
 2.944045e+01  1.137167e-02 
 2.944085e+01  1.044947e-02 
 2.944125e+01  9.539386e-03 
 2.944165e+01  8.673527e-03 
 2.944204e+01  7.864589e-03 
 2.944244e+01  7.141675e-03 
 2.944284e+01  6.516670e-03 
 2.944324e+01  6.008797e-03 
 2.944363e+01  5.630316e-03 
 2.944403e+01  5.385029e-03 
 2.944443e+01  5.290846e-03 
 2.944483e+01  5.332281e-03 
 2.944523e+01  5.514412e-03 
 2.944562e+01  5.800283e-03 
 2.944602e+01  6.168324e-03 
 2.944642e+01  6.584337e-03 
 2.944682e+01  7.023528e-03 
 2.944721e+01  7.448859e-03 
 2.944761e+01  7.848815e-03 
 2.944801e+01  8.193291e-03 
 2.944841e+01  8.498539e-03 
 2.944880e+01  8.767319e-03 
 2.944920e+01  8.998861e-03 
 2.944960e+01  9.196721e-03 
 2.945000e+01  9.370827e-03 
 2.945040e+01  9.533531e-03 
 2.945079e+01  9.699698e-03 
 2.945119e+01  9.853401e-03 
 2.945159e+01  1.000691e-02 
 2.945199e+01  1.016249e-02 
 2.945238e+01  1.031453e-02 
 2.945278e+01  1.046603e-02 
 2.945318e+01  1.059300e-02 
 2.945358e+01  1.066461e-02 
 2.945397e+01  1.066394e-02 
 2.945437e+01  1.055563e-02 
 2.945477e+01  1.031044e-02 
 2.945517e+01  9.879271e-03 
 2.945557e+01  9.245923e-03 
 2.945596e+01  8.411653e-03 
 2.945636e+01  7.413592e-03 
 2.945676e+01  6.304924e-03 
 2.945716e+01  5.128001e-03 
 2.945755e+01  3.912639e-03 
 2.945795e+01  2.700096e-03 
 2.945835e+01  1.547901e-03 
 2.945875e+01  4.863531e-04 
 2.945914e+01 -4.367447e-04 
 2.945954e+01 -1.177286e-03 
 2.945994e+01 -1.708716e-03 
 2.946034e+01 -1.987639e-03 
 2.946074e+01 -1.994571e-03 
 2.946113e+01 -1.728866e-03 
 2.946153e+01 -1.236236e-03 
 2.946193e+01 -5.728400e-04 
 2.946233e+01  2.363820e-04 
 2.946272e+01  1.155319e-03 
 2.946312e+01  2.167642e-03 
 2.946352e+01  3.222632e-03 
 2.946392e+01  4.280806e-03 
 2.946431e+01  5.312376e-03 
 2.946471e+01  6.276178e-03 
 2.946511e+01  7.134016e-03 
 2.946551e+01  7.871652e-03 
 2.946591e+01  8.461274e-03 
 2.946630e+01  8.895274e-03 
 2.946670e+01  9.197743e-03 
 2.946710e+01  9.347011e-03 
 2.946750e+01  9.326677e-03 
 2.946789e+01  9.132097e-03 
 2.946829e+01  8.789949e-03 
 2.946869e+01  8.321796e-03 
 2.946909e+01  7.763920e-03 
 2.946948e+01  7.172493e-03 
 2.946988e+01  6.561650e-03 
 2.947028e+01  5.964733e-03 
 2.947068e+01  5.418165e-03 
 2.947108e+01  4.907813e-03 
 2.947147e+01  4.424537e-03 
 2.947187e+01  3.997702e-03 
 2.947227e+01  3.624650e-03 
 2.947267e+01  3.331929e-03 
 2.947306e+01  3.106783e-03 
 2.947346e+01  2.907886e-03 
 2.947386e+01  2.687686e-03 
 2.947426e+01  2.409445e-03 
 2.947465e+01  2.049851e-03 
 2.947505e+01  1.587299e-03 
 2.947545e+01  1.061824e-03 
 2.947585e+01  5.230661e-04 
 2.947625e+01  3.836160e-05 
 2.947664e+01 -3.152757e-04 
 2.947704e+01 -4.928190e-04 
 2.947744e+01 -4.834929e-04 
 2.947784e+01 -2.760530e-04 
 2.947823e+01  1.270491e-04 
 2.947863e+01  7.057118e-04 
 2.947903e+01  1.439207e-03 
 2.947943e+01  2.296520e-03 
 2.947982e+01  3.236695e-03 
 2.948022e+01  4.208444e-03 
 2.948062e+01  5.174938e-03 
 2.948102e+01  6.075639e-03 
 2.948142e+01  6.857790e-03 
 2.948181e+01  7.471234e-03 
 2.948221e+01  7.893818e-03 
 2.948261e+01  8.110792e-03 
 2.948301e+01  8.154737e-03 
 2.948340e+01  8.037761e-03 
 2.948380e+01  7.749360e-03 
 2.948420e+01  7.308448e-03 
 2.948460e+01  6.750702e-03 
 2.948499e+01  6.086141e-03 
 2.948539e+01  5.354471e-03 
 2.948579e+01  4.587329e-03 
 2.948619e+01  3.775001e-03 
 2.948659e+01  2.959858e-03 
 2.948698e+01  2.157544e-03 
 2.948738e+01  1.355752e-03 
 2.948778e+01  5.613875e-04 
 2.948818e+01 -2.077348e-04 
 2.948857e+01 -9.262385e-04 
 2.948897e+01 -1.597750e-03 
 2.948937e+01 -2.184092e-03 
 2.948977e+01 -2.720978e-03 
 2.949016e+01 -3.207109e-03 
 2.949056e+01 -3.641528e-03 
 2.949096e+01 -4.014298e-03 
 2.949136e+01 -4.294964e-03 
 2.949176e+01 -4.431441e-03 
 2.949215e+01 -4.423224e-03 
 2.949255e+01 -4.260181e-03 
 2.949295e+01 -3.935711e-03 
 2.949335e+01 -3.475952e-03 
 2.949374e+01 -2.895375e-03 
 2.949414e+01 -2.196924e-03 
 2.949454e+01 -1.388393e-03 
 2.949494e+01 -5.250809e-04 
 2.949533e+01  3.556261e-04 
 2.949573e+01  1.219141e-03 
 2.949613e+01  2.010368e-03 
 2.949653e+01  2.738252e-03 
 2.949693e+01  3.354992e-03 
 2.949732e+01  3.858349e-03 
 2.949772e+01  4.238134e-03 
 2.949812e+01  4.504106e-03 
 2.949852e+01  4.678869e-03 
 2.949891e+01  4.763088e-03 
 2.949931e+01  4.750141e-03 
 2.949971e+01  4.638209e-03 
 2.950011e+01  4.425711e-03 
 2.950050e+01  4.154939e-03 
 2.950090e+01  3.836936e-03 
 2.950130e+01  3.454753e-03 
 2.950170e+01  3.010055e-03 
 2.950210e+01  2.501158e-03 
 2.950249e+01  1.926463e-03 
 2.950289e+01  1.297354e-03 
 2.950329e+01  6.334304e-04 
 2.950369e+01 -6.234902e-05 
 2.950408e+01 -7.325389e-04 
 2.950448e+01 -1.318906e-03 
 2.950488e+01 -1.782645e-03 
 2.950528e+01 -2.110653e-03 
 2.950567e+01 -2.295960e-03 
 2.950607e+01 -2.367823e-03 
 2.950647e+01 -2.325667e-03 
 2.950687e+01 -2.154973e-03 
 2.950727e+01 -1.879089e-03 
 2.950766e+01 -1.502607e-03 
 2.950806e+01 -1.019737e-03 
 2.950846e+01 -4.602813e-04 
 2.950886e+01  1.683150e-04 
 2.950925e+01  8.377342e-04 
 2.950965e+01  1.509497e-03 
 2.951005e+01  2.183536e-03 
 2.951045e+01  2.882447e-03 
 2.951084e+01  3.610286e-03 
 2.951124e+01  4.336152e-03 
 2.951164e+01  5.082251e-03 
 2.951204e+01  5.821133e-03 
 2.951244e+01  6.563035e-03 
 2.951283e+01  7.277362e-03 
 2.951323e+01  7.949498e-03 
 2.951363e+01  8.535346e-03 
 2.951403e+01  9.023399e-03 
 2.951442e+01  9.403559e-03 
 2.951482e+01  9.663268e-03 
 2.951522e+01  9.787561e-03 
 2.951562e+01  9.765066e-03 
 2.951602e+01  9.582705e-03 
 2.951641e+01  9.272572e-03 
 2.951681e+01  8.846224e-03 
 2.951721e+01  8.309074e-03 
 2.951761e+01  7.681361e-03 
 2.951800e+01  7.032659e-03 
 2.951840e+01  6.415454e-03 
 2.951880e+01  5.848217e-03 
 2.951920e+01  5.379509e-03 
 2.951959e+01  5.016486e-03 
 2.951999e+01  4.774970e-03 
 2.952039e+01  4.672504e-03 
 2.952079e+01  4.717125e-03 
 2.952119e+01  4.891646e-03 
 2.952158e+01  5.170291e-03 
 2.952198e+01  5.557528e-03 
 2.952238e+01  6.009824e-03 
 2.952278e+01  6.527655e-03 
 2.952317e+01  7.084648e-03 
 2.952357e+01  7.628315e-03 
 2.952397e+01  8.148114e-03 
 2.952437e+01  8.646162e-03 
 2.952476e+01  9.112888e-03 
 2.952516e+01  9.552539e-03 
 2.952556e+01  1.001058e-02 
 2.952596e+01  1.046840e-02 
 2.952636e+01  1.094144e-02 
 2.952675e+01  1.145213e-02 
 2.952715e+01  1.197918e-02 
 2.952755e+01  1.251556e-02 
 2.952795e+01  1.307247e-02 
 2.952834e+01  1.362846e-02 
 2.952874e+01  1.417210e-02 
 2.952914e+01  1.468059e-02 
 2.952954e+01  1.509175e-02 
 2.952993e+01  1.534190e-02 
 2.953033e+01  1.541154e-02 
 2.953073e+01  1.529864e-02 
 2.953113e+01  1.499578e-02 
 2.953153e+01  1.453211e-02 
 2.953192e+01  1.393662e-02 
 2.953232e+01  1.322905e-02 
 2.953272e+01  1.245271e-02 
 2.953312e+01  1.163891e-02 
 2.953351e+01  1.077474e-02 
 2.953391e+01  9.884615e-03 
 2.953431e+01  9.002779e-03 
 2.953471e+01  8.145039e-03 
 2.953510e+01  7.330779e-03 
 2.953550e+01  6.589429e-03 
 2.953590e+01  5.910670e-03 
 2.953630e+01  5.316072e-03 
 2.953670e+01  4.865790e-03 
 2.953709e+01  4.606489e-03 
 2.953749e+01  4.521773e-03 
 2.953789e+01  4.640032e-03 
 2.953829e+01  4.953782e-03 
 2.953868e+01  5.452401e-03 
 2.953908e+01  6.113615e-03 
 2.953948e+01  6.925198e-03 
 2.953988e+01  7.817100e-03 
 2.954027e+01  8.775888e-03 
 2.954067e+01  9.730202e-03 
 2.954107e+01  1.062698e-02 
 2.954147e+01  1.140843e-02 
 2.954187e+01  1.202096e-02 
 2.954226e+01  1.243608e-02 
 2.954266e+01  1.263328e-02 
 2.954306e+01  1.265545e-02 
 2.954346e+01  1.249951e-02 
 2.954385e+01  1.221063e-02 
 2.954425e+01  1.184041e-02 
 2.954465e+01  1.143153e-02 
 2.954505e+01  1.101790e-02 
 2.954544e+01  1.063696e-02 
 2.954584e+01  1.031755e-02 
 2.954624e+01  1.007282e-02 
 2.954664e+01  9.921197e-03 
 2.954704e+01  9.831976e-03 
 2.954743e+01  9.772632e-03 
 2.954783e+01  9.734402e-03 
 2.954823e+01  9.674542e-03 
 2.954863e+01  9.564173e-03 
 2.954902e+01  9.378804e-03 
 2.954942e+01  9.100145e-03 
 2.954982e+01  8.706895e-03 
 2.955022e+01  8.226068e-03 
 2.955061e+01  7.654721e-03 
 2.955101e+01  7.000433e-03 
 2.955141e+01  6.277543e-03 
 2.955181e+01  5.536465e-03 
 2.955221e+01  4.827281e-03 
 2.955260e+01  4.196974e-03 
 2.955300e+01  3.679341e-03 
 2.955340e+01  3.311626e-03 
 2.955380e+01  3.103106e-03 
 2.955419e+01  3.083617e-03 
 2.955459e+01  3.274796e-03 
 2.955499e+01  3.644848e-03 
 2.955539e+01  4.188065e-03 
 2.955578e+01  4.889447e-03 
 2.955618e+01  5.716177e-03 
 2.955658e+01  6.655093e-03 
 2.955698e+01  7.646741e-03 
 2.955738e+01  8.636198e-03 
 2.955777e+01  9.575277e-03 
 2.955817e+01  1.042438e-02 
 2.955857e+01  1.113498e-02 
 2.955897e+01  1.167567e-02 
 2.955936e+01  1.201577e-02 
 2.955976e+01  1.214188e-02 
 2.956016e+01  1.208123e-02 
 2.956056e+01  1.187463e-02 
 2.956095e+01  1.153570e-02 
 2.956135e+01  1.106622e-02 
 2.956175e+01  1.047485e-02 
 2.956215e+01  9.772529e-03 
 2.956255e+01  8.946310e-03 
 2.956294e+01  8.043844e-03 
 2.956334e+01  7.086466e-03 
 2.956374e+01  6.130397e-03 
 2.956414e+01  5.234876e-03 
 2.956453e+01  4.438075e-03 
 2.956493e+01  3.748782e-03 
 2.956533e+01  3.160992e-03 
 2.956573e+01  2.682095e-03 
 2.956612e+01  2.310568e-03 
 2.956652e+01  2.058579e-03 
 2.956692e+01  1.928411e-03 
 2.956732e+01  1.897421e-03 
 2.956772e+01  1.947846e-03 
 2.956811e+01  2.076394e-03 
 2.956851e+01  2.255720e-03 
 2.956891e+01  2.470765e-03 
 2.956931e+01  2.699912e-03 
 2.956970e+01  2.938700e-03 
 2.957010e+01  3.193718e-03 
 2.957050e+01  3.470991e-03 
 2.957090e+01  3.765407e-03 
 2.957129e+01  4.079658e-03 
 2.957169e+01  4.399589e-03 
 2.957209e+01  4.747128e-03 
 2.957249e+01  5.133101e-03 
 2.957289e+01  5.551413e-03 
 2.957328e+01  5.994724e-03 
 2.957368e+01  6.437828e-03 
 2.957408e+01  6.870699e-03 
 2.957448e+01  7.281650e-03 
 2.957487e+01  7.616723e-03 
 2.957527e+01  7.855135e-03 
 2.957567e+01  7.967276e-03 
 2.957607e+01  7.939770e-03 
 2.957646e+01  7.798837e-03 
 2.957686e+01  7.550911e-03 
 2.957726e+01  7.205791e-03 
 2.957766e+01  6.743046e-03 
 2.957806e+01  6.192014e-03 
 2.957845e+01  5.556373e-03 
 2.957885e+01  4.847824e-03 
 2.957925e+01  4.095720e-03 
 2.957965e+01  3.300113e-03 
 2.958004e+01  2.507582e-03 
 2.958044e+01  1.749266e-03 
 2.958084e+01  1.042860e-03 
 2.958124e+01  3.820206e-04 
 2.958163e+01 -2.513214e-04 
 2.958203e+01 -8.621240e-04 
 2.958243e+01 -1.426883e-03 
 2.958283e+01 -1.920730e-03 
 2.958323e+01 -2.339395e-03 
 2.958362e+01 -2.703455e-03 
 2.958402e+01 -2.990063e-03 
 2.958442e+01 -3.203190e-03 
 2.958482e+01 -3.373718e-03 
 2.958521e+01 -3.477289e-03 
 2.958561e+01 -3.528116e-03 
 2.958601e+01 -3.529146e-03 
 2.958641e+01 -3.450709e-03 
 2.958680e+01 -3.308772e-03 
 2.958720e+01 -3.096936e-03 
 2.958760e+01 -2.818994e-03 
 2.958800e+01 -2.451046e-03 
 2.958840e+01 -1.965364e-03 
 2.958879e+01 -1.368198e-03 
 2.958919e+01 -6.560637e-04 
 2.958959e+01  1.089287e-04 
 2.958999e+01  8.797920e-04 
 2.959038e+01  1.613593e-03 
 2.959078e+01  2.230081e-03 
 2.959118e+01  2.687771e-03 
 2.959158e+01  2.979970e-03 
 2.959197e+01  3.099900e-03 
 2.959237e+01  3.048468e-03 
 2.959277e+01  2.823128e-03 
 2.959317e+01  2.428754e-03 
 2.959357e+01  1.868231e-03 
 2.959396e+01  1.185629e-03 
 2.959436e+01  4.098710e-04 
 2.959476e+01 -3.980541e-04 
 2.959516e+01 -1.183597e-03 
 2.959555e+01 -1.881576e-03 
 2.959595e+01 -2.459158e-03 
 2.959635e+01 -2.880576e-03 
 2.959675e+01 -3.156730e-03 
 2.959714e+01 -3.305705e-03 
 2.959754e+01 -3.328705e-03 
 2.959794e+01 -3.231651e-03 
 2.959834e+01 -3.031217e-03 
 2.959874e+01 -2.735010e-03 
 2.959913e+01 -2.354054e-03 
 2.959953e+01 -1.907876e-03 
 2.959993e+01 -1.401459e-03 
 2.960033e+01 -8.208357e-04 
 2.960072e+01 -2.096449e-04 
 2.960112e+01  4.126842e-04 
 2.960152e+01  1.020989e-03 
 2.960192e+01  1.599325e-03 
 2.960231e+01  2.105809e-03 
 2.960271e+01  2.541449e-03 
 2.960311e+01  2.883263e-03 
 2.960351e+01  3.125980e-03 
 2.960391e+01  3.285921e-03 
 2.960430e+01  3.375297e-03 
 2.960470e+01  3.435406e-03 
 2.960510e+01  3.488474e-03 
 2.960550e+01  3.576585e-03 
 2.960589e+01  3.707477e-03 
 2.960629e+01  3.921348e-03 
 2.960669e+01  4.219191e-03 
 2.960709e+01  4.583519e-03 
 2.960749e+01  5.006918e-03 
 2.960788e+01  5.487293e-03 
 2.960828e+01  5.987508e-03 
 2.960868e+01  6.464115e-03 
 2.960908e+01  6.885988e-03 
 2.960947e+01  7.195079e-03 
 2.960987e+01  7.348749e-03 
 2.961027e+01  7.327443e-03 
 2.961067e+01  7.106416e-03 
 2.961106e+01  6.708387e-03 
 2.961146e+01  6.161143e-03 
 2.961186e+01  5.521097e-03 
 2.961226e+01  4.874728e-03 
 2.961266e+01  4.265050e-03 
 2.961305e+01  3.737699e-03 
 2.961345e+01  3.312262e-03 
 2.961385e+01  3.037711e-03 
 2.961425e+01  2.947294e-03 
 2.961464e+01  3.033230e-03 
 2.961504e+01  3.312784e-03 
 2.961544e+01  3.778084e-03 
 2.961584e+01  4.401344e-03 
 2.961623e+01  5.178947e-03 
 2.961663e+01  6.080442e-03 
 2.961703e+01  7.047057e-03 
 2.961743e+01  8.028392e-03 
 2.961783e+01  8.976925e-03 
 2.961822e+01  9.851667e-03 
 2.961862e+01  1.060980e-02 
 2.961902e+01  1.122234e-02 
 2.961942e+01  1.167146e-02 
 2.961981e+01  1.198475e-02 
 2.962021e+01  1.221357e-02 
 2.962061e+01  1.237828e-02 
 2.962101e+01  1.248543e-02 
 2.962140e+01  1.253528e-02 
 2.962180e+01  1.253208e-02 
 2.962220e+01  1.248723e-02 
 2.962260e+01  1.241755e-02 
 2.962300e+01  1.230493e-02 
 2.962339e+01  1.213826e-02 
 2.962379e+01  1.193345e-02 
 2.962419e+01  1.168497e-02 
 2.962459e+01  1.139486e-02 
 2.962498e+01  1.104749e-02 
 2.962538e+01  1.063833e-02 
 2.962578e+01  1.018797e-02 
 2.962618e+01  9.721020e-03 
 2.962657e+01  9.298668e-03 
 2.962697e+01  8.934662e-03 
 2.962737e+01  8.627596e-03 
 2.962777e+01  8.393938e-03 
 2.962817e+01  8.237881e-03 
 2.962856e+01  8.174323e-03 
 2.962896e+01  8.186601e-03 
 2.962936e+01  8.241029e-03 
 2.962976e+01  8.331279e-03 
 2.963015e+01  8.441385e-03 
 2.963055e+01  8.569638e-03 
 2.963095e+01  8.704788e-03 
 2.963135e+01  8.861689e-03 
 2.963174e+01  9.060263e-03 
 2.963214e+01  9.292145e-03 
 2.963254e+01  9.586640e-03 
 2.963294e+01  9.937990e-03 
 2.963334e+01  1.033532e-02 
 2.963373e+01  1.075288e-02 
 2.963413e+01  1.119269e-02 
 2.963453e+01  1.164839e-02 
 2.963493e+01  1.208363e-02 
 2.963532e+01  1.247215e-02 
 2.963572e+01  1.278720e-02 
 2.963612e+01  1.300656e-02 
 2.963652e+01  1.308556e-02 
 2.963691e+01  1.298412e-02 
 2.963731e+01  1.268032e-02 
 2.963771e+01  1.219932e-02 
 2.963811e+01  1.156381e-02 
 2.963851e+01  1.079714e-02 
 2.963890e+01  9.963977e-03 
 2.963930e+01  9.105043e-03 
 2.963970e+01  8.295101e-03 
 2.964010e+01  7.599938e-03 
 2.964049e+01  7.060265e-03 
 2.964089e+01  6.679327e-03 
 2.964129e+01  6.451432e-03 
 2.964169e+01  6.378912e-03 
 2.964208e+01  6.422287e-03 
 2.964248e+01  6.553031e-03 
 2.964288e+01  6.729089e-03 
 2.964328e+01  6.894111e-03 
 2.964368e+01  7.055060e-03 
 2.964407e+01  7.199986e-03 
 2.964447e+01  7.323721e-03 
 2.964487e+01  7.399563e-03 
 2.964527e+01  7.403498e-03 
 2.964566e+01  7.333047e-03 
 2.964606e+01  7.207575e-03 
 2.964646e+01  7.060257e-03 
 2.964686e+01  6.916113e-03 
 2.964725e+01  6.818784e-03 
 2.964765e+01  6.806054e-03 
 2.964805e+01  6.897803e-03 
 2.964845e+01  7.101321e-03 
 2.964885e+01  7.415494e-03 
 2.964924e+01  7.830507e-03 
 2.964964e+01  8.305171e-03 
 2.965004e+01  8.833238e-03 
 2.965044e+01  9.415866e-03 
 2.965083e+01  1.000528e-02 
 2.965123e+01  1.057438e-02 
 2.965163e+01  1.110268e-02 
 2.965203e+01  1.156596e-02 
 2.965242e+01  1.190278e-02 
 2.965282e+01  1.208732e-02 
 2.965322e+01  1.207149e-02 
 2.965362e+01  1.184911e-02 
 2.965402e+01  1.142713e-02 
 2.965441e+01  1.080249e-02 
 2.965481e+01  1.001700e-02 
 2.965521e+01  9.107884e-03 
 2.965561e+01  8.129241e-03 
 2.965600e+01  7.126805e-03 
 2.965640e+01  6.160819e-03 
 2.965680e+01  5.280614e-03 
 2.965720e+01  4.495730e-03 
 2.965759e+01  3.861296e-03 
 2.965799e+01  3.409485e-03 
 2.965839e+01  3.137846e-03 
 2.965879e+01  3.062309e-03 
 2.965919e+01  3.161638e-03 
 2.965958e+01  3.448595e-03 
 2.965998e+01  3.890758e-03 
 2.966038e+01  4.449646e-03 
 2.966078e+01  5.057653e-03 
 2.966117e+01  5.672673e-03 
 2.966157e+01  6.261728e-03 
 2.966197e+01  6.788474e-03 
 2.966237e+01  7.251327e-03 
 2.966276e+01  7.623713e-03 
 2.966316e+01  7.894325e-03 
 2.966356e+01  8.057127e-03 
 2.966396e+01  8.143274e-03 
 2.966436e+01  8.128871e-03 
 2.966475e+01  8.020127e-03 
 2.966515e+01  7.822696e-03 
 2.966555e+01  7.556899e-03 
 2.966595e+01  7.261152e-03 
 2.966634e+01  6.972927e-03 
 2.966674e+01  6.714244e-03 
 2.966714e+01  6.467523e-03 
 2.966754e+01  6.259495e-03 
 2.966793e+01  6.113577e-03 
 2.966833e+01  6.027831e-03 
 2.966873e+01  5.986973e-03 
 2.966913e+01  5.939479e-03 
 2.966953e+01  5.864012e-03 
 2.966992e+01  5.722805e-03 
 2.967032e+01  5.497446e-03 
 2.967072e+01  5.178574e-03 
 2.967112e+01  4.750165e-03 
 2.967151e+01  4.235409e-03 
 2.967191e+01  3.641095e-03 
 2.967231e+01  3.001973e-03 
 2.967271e+01  2.349665e-03 
 2.967310e+01  1.672302e-03 
 2.967350e+01  9.814219e-04 
 2.967390e+01  3.352606e-04 
 2.967430e+01 -2.283425e-04 
 2.967470e+01 -6.833085e-04 
 2.967509e+01 -9.970329e-04 
 2.967549e+01 -1.166055e-03 
 2.967589e+01 -1.183509e-03 
 2.967629e+01 -1.058364e-03 
 2.967668e+01 -8.217616e-04 
 2.967708e+01 -5.018109e-04 
 2.967748e+01 -1.341187e-04 
 2.967788e+01  2.628227e-04 
 2.967827e+01  6.420514e-04 
 2.967867e+01  9.750233e-04 
 2.967907e+01  1.243465e-03 
 2.967947e+01  1.406579e-03 
 2.967987e+01  1.475304e-03 
 2.968026e+01  1.487050e-03 
 2.968066e+01  1.402411e-03 
 2.968106e+01  1.262161e-03 
 2.968146e+01  1.075048e-03 
 2.968185e+01  8.608604e-04 
 2.968225e+01  6.474982e-04 
 2.968265e+01  4.612369e-04 
 2.968305e+01  3.304880e-04 
 2.968344e+01  2.680711e-04 
 2.968384e+01  2.843500e-04 
 2.968424e+01  3.457624e-04 
 2.968464e+01  4.205259e-04 
 2.968504e+01  4.725772e-04 
 2.968543e+01  4.892023e-04 
 2.968583e+01  4.496774e-04 
 2.968623e+01  3.673321e-04 
 2.968663e+01  2.317344e-04 
 2.968702e+01  2.045943e-05 
 2.968742e+01 -2.616576e-04 
 2.968782e+01 -6.272359e-04 
 2.968822e+01 -1.082363e-03 
 2.968861e+01 -1.599228e-03 
 2.968901e+01 -2.141436e-03 
 2.968941e+01 -2.664179e-03 
 2.968981e+01 -3.088724e-03 
 2.969021e+01 -3.339341e-03 
 2.969060e+01 -3.407340e-03 
 2.969100e+01 -3.294325e-03 
 2.969140e+01 -2.994895e-03 
 2.969180e+01 -2.525178e-03 
 2.969219e+01 -1.922142e-03 
 2.969259e+01 -1.218383e-03 
 2.969299e+01 -4.440783e-04 
 2.969339e+01  3.295661e-04 
 2.969378e+01  1.084054e-03 
 2.969418e+01  1.782593e-03 
 2.969458e+01  2.404549e-03 
 2.969498e+01  2.944925e-03 
 2.969538e+01  3.398420e-03 
 2.969577e+01  3.738975e-03 
 2.969617e+01  4.004698e-03 
 2.969657e+01  4.170145e-03 
 2.969697e+01  4.202653e-03 
 2.969736e+01  4.079277e-03 
 2.969776e+01  3.801410e-03 
 2.969816e+01  3.367405e-03 
 2.969856e+01  2.806944e-03 
 2.969896e+01  2.192473e-03 
 2.969935e+01  1.561305e-03 
 2.969975e+01  9.434700e-04 
 2.970015e+01  3.874992e-04 
 2.970055e+01 -7.754788e-05 
 2.970094e+01 -4.033113e-04 
 2.970134e+01 -5.570457e-04 
 2.970174e+01 -5.064897e-04 
 2.970214e+01 -2.547810e-04 
 2.970253e+01  2.210349e-04 
 2.970293e+01  8.761556e-04 
 2.970333e+01  1.665784e-03 
 2.970373e+01  2.540301e-03 
 2.970413e+01  3.431472e-03 
 2.970452e+01  4.266332e-03 
 2.970492e+01  5.001240e-03 
 2.970532e+01  5.623930e-03 
 2.970572e+01  6.099190e-03 
 2.970611e+01  6.433671e-03 
 2.970651e+01  6.626948e-03 
 2.970691e+01  6.694597e-03 
 2.970731e+01  6.664632e-03 
 2.970770e+01  6.576534e-03 
 2.970810e+01  6.464959e-03 
 2.970850e+01  6.353814e-03 
 2.970890e+01  6.296983e-03 
 2.970930e+01  6.324425e-03 
 2.970969e+01  6.469288e-03 
 2.971009e+01  6.765821e-03 
 2.971049e+01  7.204314e-03 
 2.971089e+01  7.761677e-03 
 2.971128e+01  8.422096e-03 
 2.971168e+01  9.156340e-03 
 2.971208e+01  9.915562e-03 
 2.971248e+01  1.065338e-02 
 2.971287e+01  1.128172e-02 
 2.971327e+01  1.172916e-02 
 2.971367e+01  1.199522e-02 
 2.971407e+01  1.206928e-02 
 2.971447e+01  1.193198e-02 
 2.971486e+01  1.159555e-02 
 2.971526e+01  1.107645e-02 
 2.971566e+01  1.039086e-02 
 2.971606e+01  9.563799e-03 
 2.971645e+01  8.662805e-03 
 2.971685e+01  7.713836e-03 
 2.971725e+01  6.784710e-03 
 2.971765e+01  5.936512e-03 
 2.971804e+01  5.233256e-03 
 2.971844e+01  4.706098e-03 
 2.971884e+01  4.365675e-03 
 2.971924e+01  4.204706e-03 
 2.971964e+01  4.230808e-03 
 2.972003e+01  4.477409e-03 
 2.972043e+01  4.897405e-03 
 2.972083e+01  5.463097e-03 
 2.972123e+01  6.145907e-03 
 2.972162e+01  6.897370e-03 
 2.972202e+01  7.682555e-03 
 2.972242e+01  8.470982e-03 
 2.972282e+01  9.232878e-03 
 2.972321e+01  9.929695e-03 
 2.972361e+01  1.051871e-02 
 2.972401e+01  1.099403e-02 
 2.972441e+01  1.133166e-02 
 2.972481e+01  1.152982e-02 
 2.972520e+01  1.160801e-02 
 2.972560e+01  1.156843e-02 
 2.972600e+01  1.144338e-02 
 2.972640e+01  1.126273e-02 
 2.972679e+01  1.101968e-02 
 2.972719e+01  1.075167e-02 
 2.972759e+01  1.047595e-02 
 2.972799e+01  1.019975e-02 
 2.972838e+01  9.919548e-03 
 2.972878e+01  9.661481e-03 
 2.972918e+01  9.446666e-03 
 2.972958e+01  9.259092e-03 
 2.972998e+01  9.092559e-03 
 2.973037e+01  8.909020e-03 
 2.973077e+01  8.659215e-03 
 2.973117e+01  8.352918e-03 
 2.973157e+01  8.006654e-03 
 2.973196e+01  7.579867e-03 
 2.973236e+01  7.106274e-03 
 2.973276e+01  6.589588e-03 
 2.973316e+01  6.053419e-03 
 2.973355e+01  5.558188e-03 
 2.973395e+01  5.138011e-03 
 2.973435e+01  4.829319e-03 
 2.973475e+01  4.641856e-03 
 2.973515e+01  4.651012e-03 
 2.973554e+01  4.844166e-03 
 2.973594e+01  5.222538e-03 
 2.973634e+01  5.773390e-03 
 2.973674e+01  6.442112e-03 
 2.973713e+01  7.208487e-03 
 2.973753e+01  8.046533e-03 
 2.973793e+01  8.924092e-03 
 2.973833e+01  9.780608e-03 
 2.973872e+01  1.060224e-02 
 2.973912e+01  1.130427e-02 
 2.973952e+01  1.183608e-02 
 2.973992e+01  1.218658e-02 
 2.974032e+01  1.235327e-02 
 2.974071e+01  1.232811e-02 
 2.974111e+01  1.213636e-02 
 2.974151e+01  1.181317e-02 
 2.974191e+01  1.140569e-02 
 2.974230e+01  1.095926e-02 
 2.974270e+01  1.050717e-02 
 2.974310e+01  1.006323e-02 
 2.974350e+01  9.642574e-03 
 2.974389e+01  9.274256e-03 
 2.974429e+01  8.960441e-03 
 2.974469e+01  8.717571e-03 
 2.974509e+01  8.553558e-03 
 2.974549e+01  8.434169e-03 
 2.974588e+01  8.329885e-03 
 2.974628e+01  8.256996e-03 
 2.974668e+01  8.174330e-03 
 2.974708e+01  8.039655e-03 
 2.974747e+01  7.842124e-03 
 2.974787e+01  7.550794e-03 
 2.974827e+01  7.153118e-03 
 2.974867e+01  6.666362e-03 
 2.974906e+01  6.128896e-03 
 2.974946e+01  5.566815e-03 
 2.974986e+01  5.017678e-03 
 2.975026e+01  4.518941e-03 
 2.975066e+01  4.121401e-03 
 2.975105e+01  3.895077e-03 
 2.975145e+01  3.887516e-03 
 2.975185e+01  4.074500e-03 
 2.975225e+01  4.461700e-03 
 2.975264e+01  5.068234e-03 
 2.975304e+01  5.870646e-03 
 2.975344e+01  6.850036e-03 
 2.975384e+01  7.970990e-03 
 2.975423e+01  9.159409e-03 
 2.975463e+01  1.036316e-02 
 2.975503e+01  1.154573e-02 
 2.975543e+01  1.263721e-02 
 2.975583e+01  1.358135e-02 
 2.975622e+01  1.432712e-02 
 2.975662e+01  1.482759e-02 
 2.975702e+01  1.505024e-02 
 2.975742e+01  1.501767e-02 
 2.975781e+01  1.472049e-02 
 2.975821e+01  1.414345e-02 
 2.975861e+01  1.332181e-02 
 2.975901e+01  1.228952e-02 
 2.975940e+01  1.110458e-02 
 2.975980e+01  9.816550e-03 
 2.976020e+01  8.513097e-03 
 2.976060e+01  7.258376e-03 
 2.976100e+01  6.106854e-03 
 2.976139e+01  5.112885e-03 
 2.976179e+01  4.296579e-03 
 2.976219e+01  3.680231e-03 
 2.976259e+01  3.273912e-03 
 2.976298e+01  3.046358e-03 
 2.976338e+01  2.993519e-03 
 2.976378e+01  3.102983e-03 
 2.976418e+01  3.362439e-03 
 2.976457e+01  3.694144e-03 
 2.976497e+01  4.059255e-03 
 2.976537e+01  4.420428e-03 
 2.976577e+01  4.723014e-03 
 2.976617e+01  4.954104e-03 
 2.976656e+01  5.082935e-03 
 2.976696e+01  5.095800e-03 
 2.976736e+01  4.979756e-03 
 2.976776e+01  4.752219e-03 
 2.976815e+01  4.423807e-03 
 2.976855e+01  4.048618e-03 
 2.976895e+01  3.685339e-03 
 2.976935e+01  3.365876e-03 
 2.976974e+01  3.152580e-03 
 2.977014e+01  3.100927e-03 
 2.977054e+01  3.200278e-03 
 2.977094e+01  3.447784e-03 
 2.977134e+01  3.831102e-03 
 2.977173e+01  4.289877e-03 
 2.977213e+01  4.758944e-03 
 2.977253e+01  5.188673e-03 
 2.977293e+01  5.553331e-03 
 2.977332e+01  5.792777e-03 
 2.977372e+01  5.874684e-03 
 2.977412e+01  5.756017e-03 
 2.977452e+01  5.431547e-03 
 2.977491e+01  4.916650e-03 
 2.977531e+01  4.224261e-03 
 2.977571e+01  3.357856e-03 
 2.977611e+01  2.344157e-03 
 2.977651e+01  1.245481e-03 
 2.977690e+01  1.067464e-04 
 2.977730e+01 -1.005092e-03 
 2.977770e+01 -2.041498e-03 
 2.977810e+01 -2.978151e-03 
 2.977849e+01 -3.766014e-03 
 2.977889e+01 -4.369273e-03 
 2.977929e+01 -4.752353e-03 
 2.977969e+01 -4.898243e-03 
 2.978008e+01 -4.813595e-03 
 2.978048e+01 -4.503771e-03 
 2.978088e+01 -4.004035e-03 
 2.978128e+01 -3.336057e-03 
 2.978168e+01 -2.566606e-03 
 2.978207e+01 -1.773906e-03 
 2.978247e+01 -9.954037e-04 
 2.978287e+01 -2.675119e-04 
 2.978327e+01  3.606330e-04 
 2.978366e+01  8.899575e-04 
 2.978406e+01  1.320174e-03 
 2.978446e+01  1.643978e-03 
 2.978486e+01  1.875647e-03 
 2.978525e+01  2.025485e-03 
 2.978565e+01  2.122715e-03 
 2.978605e+01  2.192063e-03 
 2.978645e+01  2.267516e-03 
 2.978685e+01  2.338070e-03 
 2.978724e+01  2.412116e-03 
 2.978764e+01  2.520999e-03 
 2.978804e+01  2.634620e-03 
 2.978844e+01  2.751288e-03 
 2.978883e+01  2.860560e-03 
 2.978923e+01  2.946873e-03 
 2.978963e+01  2.983736e-03 
 2.979003e+01  2.962436e-03 
 2.979043e+01  2.865899e-03 
 2.979082e+01  2.654662e-03 
 2.979122e+01  2.317827e-03 
 2.979162e+01  1.835820e-03 
 2.979202e+01  1.222109e-03 
 2.979241e+01  4.939199e-04 
 2.979281e+01 -3.368827e-04 
 2.979321e+01 -1.234235e-03 
 2.979361e+01 -2.157967e-03 
 2.979400e+01 -3.050772e-03 
 2.979440e+01 -3.861288e-03 
 2.979480e+01 -4.537587e-03 
 2.979520e+01 -4.998104e-03 
 2.979560e+01 -5.233225e-03 
 2.979599e+01 -5.215690e-03 
 2.979639e+01 -4.900522e-03 
 2.979679e+01 -4.281033e-03 
 2.979719e+01 -3.373884e-03 
 2.979758e+01 -2.223453e-03 
 2.979798e+01 -8.945559e-04 
 2.979838e+01  5.536448e-04 
 2.979878e+01  2.071900e-03 
 2.979917e+01  3.575790e-03 
 2.979957e+01  4.975094e-03 
 2.979997e+01  6.208971e-03 
 2.980037e+01  7.187770e-03 
 2.980077e+01  7.920546e-03 
 2.980116e+01  8.360055e-03 
 2.980156e+01  8.541128e-03 
 2.980196e+01  8.462580e-03 
 2.980236e+01  8.167189e-03 
 2.980275e+01  7.721301e-03 
 2.980315e+01  7.184038e-03 
 2.980355e+01  6.614603e-03 
 2.980395e+01  6.040120e-03 
 2.980434e+01  5.511207e-03 
 2.980474e+01  5.072089e-03 
 2.980514e+01  4.772943e-03 
 2.980554e+01  4.612120e-03 
 2.980594e+01  4.602822e-03 
 2.980633e+01  4.724099e-03 
 2.980673e+01  4.954167e-03 
 2.980713e+01  5.237410e-03 
 2.980753e+01  5.530861e-03 
 2.980792e+01  5.773760e-03 
 2.980832e+01  5.926151e-03 
 2.980872e+01  5.949497e-03 
 2.980912e+01  5.817817e-03 
 2.980951e+01  5.541028e-03 
 2.980991e+01  5.121511e-03 
 2.981031e+01  4.573065e-03 
 2.981071e+01  3.934974e-03 
 2.981111e+01  3.256813e-03 
 2.981150e+01  2.605460e-03 
 2.981190e+01  2.052437e-03 
 2.981230e+01  1.654950e-03 
 2.981270e+01  1.481335e-03 
 2.981309e+01  1.542260e-03 
 2.981349e+01  1.853880e-03 
 2.981389e+01  2.419654e-03 
 2.981429e+01  3.233085e-03 
 2.981468e+01  4.279549e-03 
 2.981508e+01  5.505428e-03 
 2.981548e+01  6.861850e-03 
 2.981588e+01  8.276077e-03 
 2.981628e+01  9.665341e-03 
 2.981667e+01  1.095566e-02 
 2.981707e+01  1.207979e-02 
 2.981747e+01  1.298678e-02 
 2.981787e+01  1.361961e-02 
 2.981826e+01  1.395429e-02 
 2.981866e+01  1.400287e-02 
 2.981906e+01  1.377830e-02 
 2.981946e+01  1.329184e-02 
 2.981985e+01  1.256266e-02 
 2.982025e+01  1.164890e-02 
 2.982065e+01  1.060861e-02 
 2.982105e+01  9.504494e-03 
 2.982145e+01  8.381260e-03 
 2.982184e+01  7.272567e-03 
 2.982224e+01  6.250950e-03 
 2.982264e+01  5.342621e-03 
 2.982304e+01  4.578571e-03 
 2.982343e+01  3.978423e-03 
 2.982383e+01  3.517638e-03 
 2.982423e+01  3.213292e-03 
 2.982463e+01  3.059005e-03 
 2.982502e+01  3.075637e-03 
 2.982542e+01  3.244121e-03 
 2.982582e+01  3.525293e-03 
 2.982622e+01  3.895574e-03 
 2.982662e+01  4.309127e-03 
 2.982701e+01  4.724678e-03 
 2.982741e+01  5.111856e-03 
 2.982781e+01  5.423471e-03 
 2.982821e+01  5.651990e-03 
 2.982860e+01  5.832990e-03 
 2.982900e+01  5.978173e-03 
 2.982940e+01  6.117992e-03 
 2.982980e+01  6.322352e-03 
 2.983019e+01  6.611138e-03 
 2.983059e+01  7.035148e-03 
 2.983099e+01  7.607580e-03 
 2.983139e+01  8.335522e-03 
 2.983179e+01  9.208666e-03 
 2.983218e+01  1.018634e-02 
 2.983258e+01  1.123252e-02 
 2.983298e+01  1.227271e-02 
 2.983338e+01  1.325095e-02 
 2.983377e+01  1.409975e-02 
 2.983417e+01  1.474657e-02 
 2.983457e+01  1.514692e-02 
 2.983497e+01  1.526223e-02 
 2.983536e+01  1.506529e-02 
 2.983576e+01  1.455740e-02 
 2.983616e+01  1.380336e-02 
 2.983656e+01  1.282992e-02 
 2.983696e+01  1.171488e-02 
 2.983735e+01  1.051495e-02 
 2.983775e+01  9.315661e-03 
 2.983815e+01  8.181297e-03 
 2.983855e+01  7.172919e-03 
 2.983894e+01  6.345285e-03 
 2.983934e+01  5.725956e-03 
 2.983974e+01  5.338296e-03 
 2.984014e+01  5.181326e-03 
 2.984053e+01  5.229557e-03 
 2.984093e+01  5.489470e-03 
 2.984133e+01  5.897831e-03 
 2.984173e+01  6.399596e-03 
 2.984213e+01  6.966153e-03 
 2.984252e+01  7.562110e-03 
 2.984292e+01  8.143753e-03 
 2.984332e+01  8.665331e-03 
 2.984372e+01  9.100895e-03 
 2.984411e+01  9.445431e-03 
 2.984451e+01  9.714932e-03 
 2.984491e+01  9.957912e-03 
 2.984531e+01  1.019646e-02 
 2.984570e+01  1.047304e-02 
 2.984610e+01  1.080913e-02 
 2.984650e+01  1.122408e-02 
 2.984690e+01  1.173723e-02 
 2.984730e+01  1.233993e-02 
 2.984769e+01  1.299764e-02 
 2.984809e+01  1.367224e-02 
 2.984849e+01  1.436182e-02 
 2.984889e+01  1.503568e-02 
 2.984928e+01  1.566060e-02 
 2.984968e+01  1.619701e-02 
 2.985008e+01  1.657820e-02 
 2.985048e+01  1.678348e-02 
 2.985087e+01  1.679049e-02 
 2.985127e+01  1.657127e-02 
 2.985167e+01  1.609103e-02 
 2.985207e+01  1.536357e-02 
 2.985247e+01  1.438970e-02 
 2.985286e+01  1.318265e-02 
 2.985326e+01  1.179695e-02 
 2.985366e+01  1.027805e-02 
 2.985406e+01  8.696421e-03 
 2.985445e+01  7.109959e-03 
 2.985485e+01  5.589652e-03 
 2.985525e+01  4.198736e-03 
 2.985565e+01  2.973605e-03 
 2.985604e+01  1.987160e-03 
 2.985644e+01  1.259348e-03 
 2.985684e+01  8.497577e-04 
 2.985724e+01  7.833345e-04 
 2.985764e+01  1.070113e-03 
 2.985803e+01  1.705766e-03 
 2.985843e+01  2.628959e-03 
 2.985883e+01  3.772509e-03 
 2.985923e+01  5.024838e-03 
 2.985962e+01  6.321847e-03 
 2.986002e+01  7.590739e-03 
 2.986042e+01  8.756941e-03 
 2.986082e+01  9.748979e-03 
 2.986121e+01  1.054018e-02 
 2.986161e+01  1.106813e-02 
 2.986201e+01  1.131920e-02 
 2.986241e+01  1.129020e-02 
 2.986281e+01  1.098957e-02 
 2.986320e+01  1.047159e-02 
 2.986360e+01  9.792201e-03 
 2.986400e+01  9.026360e-03 
 2.986440e+01  8.268707e-03 
 2.986479e+01  7.584075e-03 
 2.986519e+01  7.009897e-03 
 2.986559e+01  6.538495e-03 
 2.986599e+01  6.201545e-03 
 2.986638e+01  5.974815e-03 
 2.986678e+01  5.828624e-03 
 2.986718e+01  5.725747e-03 
 2.986758e+01  5.622465e-03 
 2.986798e+01  5.456934e-03 
 2.986837e+01  5.184957e-03 
 2.986877e+01  4.764166e-03 
 2.986917e+01  4.169941e-03 
 2.986957e+01  3.377787e-03 
 2.986996e+01  2.399120e-03 
 2.987036e+01  1.265993e-03 
 2.987076e+01  3.787373e-05 
 2.987116e+01 -1.236148e-03 
 2.987155e+01 -2.526833e-03 
 2.987195e+01 -3.771495e-03 
 2.987235e+01 -4.881148e-03 
 2.987275e+01 -5.799724e-03 
 2.987315e+01 -6.460623e-03 
 2.987354e+01 -6.812644e-03 
 2.987394e+01 -6.824460e-03 
 2.987434e+01 -6.497897e-03 
 2.987474e+01 -5.836893e-03 
 2.987513e+01 -4.901418e-03 
 2.987553e+01 -3.739742e-03 
 2.987593e+01 -2.413087e-03 
 2.987633e+01 -9.804248e-04 
 2.987672e+01  4.992569e-04 
 2.987712e+01  1.960646e-03 
 2.987752e+01  3.333189e-03 
 2.987792e+01  4.529791e-03 
 2.987832e+01  5.470276e-03 
 2.987871e+01  6.101916e-03 
 2.987911e+01  6.378476e-03 
 2.987951e+01  6.292847e-03 
 2.987991e+01  5.880456e-03 
 2.988030e+01  5.185346e-03 
 2.988070e+01  4.282640e-03 
 2.988110e+01  3.243432e-03 
 2.988150e+01  2.150289e-03 
 2.988190e+01  1.073265e-03 
 2.988229e+01  7.013689e-05 
 2.988269e+01 -8.439645e-04 
 2.988309e+01 -1.630330e-03 
 2.988349e+01 -2.265417e-03 
 2.988388e+01 -2.734338e-03 
 2.988428e+01 -3.064891e-03 
 2.988468e+01 -3.249784e-03 
 2.988508e+01 -3.320549e-03 
 2.988547e+01 -3.325761e-03 
 2.988587e+01 -3.293466e-03 
 2.988627e+01 -3.241571e-03 
 2.988667e+01 -3.224065e-03 
 2.988707e+01 -3.256542e-03 
 2.988746e+01 -3.368350e-03 
 2.988786e+01 -3.555185e-03 
 2.988826e+01 -3.778109e-03 
 2.988866e+01 -4.003834e-03 
 2.988905e+01 -4.189575e-03 
 2.988945e+01 -4.289412e-03 
 2.988985e+01 -4.264441e-03 
 2.989025e+01 -4.074504e-03 
 2.989064e+01 -3.696649e-03 
 2.989104e+01 -3.095286e-03 
 2.989144e+01 -2.259982e-03 
 2.989184e+01 -1.221107e-03 
 2.989224e+01  2.287860e-05 
 2.989263e+01  1.439062e-03 
 2.989303e+01  3.009288e-03 
 2.989343e+01  4.628741e-03 
 2.989383e+01  6.217078e-03 
 2.989422e+01  7.674420e-03 
 2.989462e+01  8.928570e-03 
 2.989502e+01  9.917881e-03 
 2.989542e+01  1.058489e-02 
 2.989581e+01  1.088751e-02 
 2.989621e+01  1.082854e-02 
 2.989661e+01  1.039676e-02 
 2.989701e+01  9.629034e-03 
 2.989741e+01  8.571076e-03 
 2.989780e+01  7.282224e-03 
 2.989820e+01  5.827775e-03 
 2.989860e+01  4.313066e-03 
 2.989900e+01  2.821836e-03 
 2.989939e+01  1.450795e-03 
 2.989979e+01  2.971472e-04 
 2.990019e+01 -6.052258e-04 
 2.990059e+01 -1.197613e-03 
 2.990098e+01 -1.472510e-03 
 2.990138e+01 -1.440213e-03 
 2.990178e+01 -1.150977e-03 
 2.990218e+01 -6.557779e-04 
 2.990258e+01 -1.136907e-05 
 2.990297e+01  7.006744e-04 
 2.990337e+01  1.422882e-03 
 2.990377e+01  2.114019e-03 
 2.990417e+01  2.725848e-03 
 2.990456e+01  3.230915e-03 
 2.990496e+01  3.613239e-03 
 2.990536e+01  3.908794e-03 
 2.990576e+01  4.110041e-03 
 2.990615e+01  4.250803e-03 
 2.990655e+01  4.330795e-03 
 2.990695e+01  4.391065e-03 
 2.990735e+01  4.482894e-03 
 2.990775e+01  4.633067e-03 
 2.990814e+01  4.896196e-03 
 2.990854e+01  5.328084e-03 
 2.990894e+01  5.931709e-03 
 2.990934e+01  6.702390e-03 
 2.990973e+01  7.616108e-03 
 2.991013e+01  8.612801e-03 
 2.991053e+01  9.616628e-03 
 2.991093e+01  1.053675e-02 
 2.991132e+01  1.130159e-02 
 2.991172e+01  1.185584e-02 
 2.991212e+01  1.215619e-02 
 2.991252e+01  1.218526e-02 
 2.991292e+01  1.192389e-02 
 2.991331e+01  1.138307e-02 
 2.991371e+01  1.058062e-02 
 2.991411e+01  9.540757e-03 
 2.991451e+01  8.329293e-03 
 2.991490e+01  7.011861e-03 
 2.991530e+01  5.653465e-03 
 2.991570e+01  4.331045e-03 
 2.991610e+01  3.135452e-03 
 2.991649e+01  2.094385e-03 
 2.991689e+01  1.266813e-03 
 2.991729e+01  6.794314e-04 
 2.991769e+01  3.377907e-04 
 2.991809e+01  2.355454e-04 
 2.991848e+01  3.848578e-04 
 2.991888e+01  7.805744e-04 
 2.991928e+01  1.392718e-03 
 2.991968e+01  2.229972e-03 
 2.992007e+01  3.260795e-03 
 2.992047e+01  4.419954e-03 
 2.992087e+01  5.655106e-03 
 2.992127e+01  6.881166e-03 
 2.992166e+01  8.041654e-03 
 2.992206e+01  9.077234e-03 
 2.992246e+01  9.921108e-03 
 2.992286e+01  1.055478e-02 
 2.992326e+01  1.097736e-02 
 2.992365e+01  1.122712e-02 
 2.992405e+01  1.132047e-02 
 2.992445e+01  1.129873e-02 
 2.992485e+01  1.120153e-02 
 2.992524e+01  1.105663e-02 
 2.992564e+01  1.092041e-02 
 2.992604e+01  1.084577e-02 
 2.992644e+01  1.084434e-02 
 2.992683e+01  1.091275e-02 
 2.992723e+01  1.105513e-02 
 2.992763e+01  1.125680e-02 
 2.992803e+01  1.146695e-02 
 2.992843e+01  1.166266e-02 
 2.992882e+01  1.179430e-02 
 2.992922e+01  1.180256e-02 
 2.992962e+01  1.164161e-02 
 2.993002e+01  1.129742e-02 
 2.993041e+01  1.073384e-02 
 2.993081e+01  9.985116e-03 
 2.993121e+01  9.066213e-03 
 2.993161e+01  8.008250e-03 
 2.993200e+01  6.904963e-03 
 2.993240e+01  5.850807e-03 
 2.993280e+01  4.925034e-03 
 2.993320e+01  4.183501e-03 
 2.993360e+01  3.684740e-03 
 2.993399e+01  3.473070e-03 
 2.993439e+01  3.561418e-03 
 2.993479e+01  4.002875e-03 
 2.993519e+01  4.734896e-03 
 2.993558e+01  5.696577e-03 
 2.993598e+01  6.865815e-03 
 2.993638e+01  8.182614e-03 
 2.993678e+01  9.576048e-03 
 2.993717e+01  1.097453e-02 
 2.993757e+01  1.231983e-02 
 2.993797e+01  1.351465e-02 
 2.993837e+01  1.455686e-02 
 2.993877e+01  1.537986e-02 
 2.993916e+01  1.593862e-02 
 2.993956e+01  1.624340e-02 
 2.993996e+01  1.628599e-02 
 2.994036e+01  1.613915e-02 
 2.994075e+01  1.583974e-02 
 2.994115e+01  1.545193e-02 
 2.994155e+01  1.497901e-02 
 2.994195e+01  1.445362e-02 
 2.994234e+01  1.393615e-02 
 2.994274e+01  1.343443e-02 
 2.994314e+01  1.296160e-02 
 2.994354e+01  1.259054e-02 
 2.994394e+01  1.231821e-02 
 2.994433e+01  1.214121e-02 
 2.994473e+01  1.204472e-02 
 2.994513e+01  1.198858e-02 
 2.994553e+01  1.191537e-02 
 2.994592e+01  1.178051e-02 
 2.994632e+01  1.154782e-02 
 2.994672e+01  1.121206e-02 
 2.994712e+01  1.077111e-02 
 2.994751e+01  1.022073e-02 
 2.994791e+01  9.559842e-03 
 2.994831e+01  8.778687e-03 
 2.994871e+01  7.914667e-03 
 2.994911e+01  6.967238e-03 
 2.994950e+01  6.004932e-03 
 2.994990e+01  5.108443e-03 
 2.995030e+01  4.317420e-03 
 2.995070e+01  3.719764e-03 
 2.995109e+01  3.374963e-03 
 2.995149e+01  3.300399e-03 
 2.995189e+01  3.521126e-03 
 2.995229e+01  4.065880e-03 
 2.995268e+01  4.913270e-03 
 2.995308e+01  6.002041e-03 
 2.995348e+01  7.282259e-03 
 2.995388e+01  8.667331e-03 
 2.995428e+01  1.007520e-02 
 2.995467e+01  1.142394e-02 
 2.995507e+01  1.262678e-02 
 2.995547e+01  1.357515e-02 
 2.995587e+01  1.420752e-02 
 2.995626e+01  1.446408e-02 
 2.995666e+01  1.429574e-02 
 2.995706e+01  1.371319e-02 
 2.995746e+01  1.271508e-02 
 2.995785e+01  1.134927e-02 
 2.995825e+01  9.741276e-03 
 2.995865e+01  7.994220e-03 
 2.995905e+01  6.197541e-03 
 2.995945e+01  4.442530e-03 
 2.995984e+01  2.834727e-03 
 2.996024e+01  1.431066e-03 
 2.996064e+01  3.011815e-04 
 2.996104e+01 -5.110336e-04 
 2.996143e+01 -1.009511e-03 
 2.996183e+01 -1.224537e-03 
 2.996223e+01 -1.183836e-03 
 2.996263e+01 -9.698313e-04 
 2.996302e+01 -6.336461e-04 
 2.996342e+01 -2.724922e-04 
 2.996382e+01  5.449020e-05 
 2.996422e+01  3.130832e-04 
 2.996462e+01  4.973187e-04 
 2.996501e+01  5.783063e-04 
 2.996541e+01  5.362545e-04 
 2.996581e+01  4.132834e-04 
 2.996621e+01  1.983510e-04 
 2.996660e+01 -9.146607e-05 
 2.996700e+01 -3.996903e-04 
 2.996740e+01 -6.545111e-04 
 2.996780e+01 -8.405539e-04 
 2.996819e+01 -8.975864e-04 
 2.996859e+01 -7.920455e-04 
 2.996899e+01 -5.076611e-04 
 2.996939e+01 -4.025432e-05 
 2.996979e+01  5.801552e-04 
 2.997018e+01  1.337717e-03 
 2.997058e+01  2.194808e-03 
 2.997098e+01  3.131287e-03 
 2.997138e+01  4.098257e-03 
 2.997177e+01  5.038894e-03 
 2.997217e+01  5.901731e-03 
 2.997257e+01  6.596582e-03 
 2.997297e+01  7.054165e-03 
 2.997337e+01  7.250201e-03 
 2.997376e+01  7.108938e-03 
 2.997416e+01  6.637222e-03 
 2.997456e+01  5.863768e-03 
 2.997496e+01  4.818034e-03 
 2.997535e+01  3.540959e-03 
 2.997575e+01  2.119878e-03 
 2.997615e+01  6.453444e-04 
 2.997655e+01 -8.326219e-04 
 2.997694e+01 -2.215337e-03 
 2.997734e+01 -3.452440e-03 
 2.997774e+01 -4.474912e-03 
 2.997814e+01 -5.217774e-03 
 2.997854e+01 -5.645645e-03 
 2.997893e+01 -5.745177e-03 
 2.997933e+01 -5.561014e-03 
 2.997973e+01 -5.101530e-03 
 2.998013e+01 -4.443984e-03 
 2.998052e+01 -3.629485e-03 
 2.998092e+01 -2.732682e-03 
 2.998132e+01 -1.851982e-03 
 2.998172e+01 -1.023863e-03 
 2.998211e+01 -2.409791e-04 
 2.998251e+01  4.390725e-04 
 2.998291e+01  9.939055e-04 
 2.998331e+01  1.422808e-03 
 2.998371e+01  1.720023e-03 
 2.998410e+01  1.909144e-03 
 2.998450e+01  2.030387e-03 
 2.998490e+01  2.125590e-03 
 2.998530e+01  2.200164e-03 
 2.998569e+01  2.294570e-03 
 2.998609e+01  2.468740e-03 
 2.998649e+01  2.761460e-03 
 2.998689e+01  3.185782e-03 
 2.998728e+01  3.736436e-03 
 2.998768e+01  4.371047e-03 
 2.998808e+01  5.097035e-03 
 2.998848e+01  5.878767e-03 
 2.998888e+01  6.633136e-03 
 2.998927e+01  7.333395e-03 
 2.998967e+01  7.894752e-03 
 2.999007e+01  8.251110e-03 
 2.999047e+01  8.331789e-03 
 2.999086e+01  8.117953e-03 
 2.999126e+01  7.571294e-03 
 2.999166e+01  6.683229e-03 
 2.999206e+01  5.538806e-03 
 2.999245e+01  4.207256e-03 
 2.999285e+01  2.792814e-03 
 2.999325e+01  1.401181e-03 
 2.999365e+01  1.209124e-04 
 2.999405e+01 -9.894635e-04 
 2.999444e+01 -1.849477e-03 
 2.999484e+01 -2.410766e-03 
 2.999524e+01 -2.651451e-03 
 2.999564e+01 -2.546101e-03 
 2.999603e+01 -2.107429e-03 
 2.999643e+01 -1.364038e-03 
 2.999683e+01 -3.520632e-04 
 2.999723e+01  8.596730e-04 
 2.999762e+01  2.181130e-03 
 2.999802e+01  3.545911e-03 
 2.999842e+01  4.887102e-03 
 2.999882e+01  6.097335e-03 
 2.999922e+01  7.098488e-03 
 2.999961e+01  7.847547e-03 
 3.000001e+01  8.321153e-03 
 3.000041e+01  8.502355e-03 
 3.000081e+01  8.416761e-03 
 3.000120e+01  8.107759e-03 
 3.000160e+01  7.598627e-03 
 3.000200e+01  6.984052e-03 
 3.000240e+01  6.342270e-03 
 3.000279e+01  5.720773e-03 
 3.000319e+01  5.179558e-03 
 3.000359e+01  4.756490e-03 
 3.000399e+01  4.492146e-03 
 3.000439e+01  4.408301e-03 
 3.000478e+01  4.484471e-03 
 3.000518e+01  4.660497e-03 
 3.000558e+01  4.899027e-03 
 3.000598e+01  5.193699e-03 
 3.000637e+01  5.462277e-03 
 3.000677e+01  5.688978e-03 
 3.000717e+01  5.832299e-03 
 3.000757e+01  5.828017e-03 
 3.000796e+01  5.638619e-03 
 3.000836e+01  5.264609e-03 
 3.000876e+01  4.701793e-03 
 3.000916e+01  3.939753e-03 
 3.000956e+01  3.054653e-03 
 3.000995e+01  2.123459e-03 
 3.001035e+01  1.212710e-03 
 3.001075e+01  4.019193e-04 
 3.001115e+01 -2.614385e-04 
 3.001154e+01 -7.531903e-04 
 3.001194e+01 -1.027258e-03 
 3.001234e+01 -1.065626e-03 
 3.001274e+01 -8.314892e-04 
 3.001313e+01 -2.768401e-04 
 3.001353e+01  5.839796e-04 
 3.001393e+01  1.695598e-03 
 3.001433e+01  3.005596e-03 
 3.001473e+01  4.451722e-03 
 3.001512e+01  5.927882e-03 
 3.001552e+01  7.360686e-03 
 3.001592e+01  8.712955e-03 
 3.001632e+01  9.903683e-03 
 3.001671e+01  1.089630e-02 
 3.001711e+01  1.166291e-02 
 3.001751e+01  1.214234e-02 
 3.001791e+01  1.228726e-02 
 3.001830e+01  1.209751e-02 
 3.001870e+01  1.158184e-02 
 3.001910e+01  1.079650e-02 
 3.001950e+01  9.827840e-03 
 3.001990e+01  8.766009e-03 
 3.002029e+01  7.694388e-03 
 3.002069e+01  6.707392e-03 
 3.002109e+01  5.856927e-03 
 3.002149e+01  5.205370e-03 
 3.002188e+01  4.805371e-03 
 3.002228e+01  4.683145e-03 
 3.002268e+01  4.791398e-03 
 3.002308e+01  5.079069e-03 
 3.002347e+01  5.529749e-03 
 3.002387e+01  6.057023e-03 
 3.002427e+01  6.620908e-03 
 3.002467e+01  7.180922e-03 
 3.002507e+01  7.649838e-03 
 3.002546e+01  7.988339e-03 
 3.002586e+01  8.200352e-03 
 3.002626e+01  8.285294e-03 
 3.002666e+01  8.241834e-03 
 3.002705e+01  8.102051e-03 
 3.002745e+01  7.898736e-03 
 3.002785e+01  7.710750e-03 
 3.002825e+01  7.600604e-03 
 3.002864e+01  7.593474e-03 
 3.002904e+01  7.703182e-03 
 3.002944e+01  7.952153e-03 
 3.002984e+01  8.351560e-03 
 3.003024e+01  8.897599e-03 
 3.003063e+01  9.605482e-03 
 3.003103e+01  1.045733e-02 
 3.003143e+01  1.137584e-02 
 3.003183e+01  1.233625e-02 
 3.003222e+01  1.331659e-02 
 3.003262e+01  1.422247e-02 
 3.003302e+01  1.498130e-02 
 3.003342e+01  1.555049e-02 
 3.003381e+01  1.587800e-02 
 3.003421e+01  1.594206e-02 
 3.003461e+01  1.574308e-02 
 3.003501e+01  1.528969e-02 
 3.003541e+01  1.460070e-02 
 3.003580e+01  1.372724e-02 
 3.003620e+01  1.272868e-02 
 3.003660e+01  1.167204e-02 
 3.003700e+01  1.063511e-02 
 3.003739e+01  9.657465e-03 
 3.003779e+01  8.785081e-03 
 3.003819e+01  8.092029e-03 
 3.003859e+01  7.610864e-03 
 3.003898e+01  7.342816e-03 
 3.003938e+01  7.295587e-03 
 3.003978e+01  7.456828e-03 
 3.004018e+01  7.786932e-03 
 3.004058e+01  8.269028e-03 
 3.004097e+01  8.875707e-03 
 3.004137e+01  9.551694e-03 
 3.004177e+01  1.022846e-02 
 3.004217e+01  1.087690e-02 
 3.004256e+01  1.142145e-02 
 3.004296e+01  1.179210e-02 
 3.004336e+01  1.196325e-02 
 3.004376e+01  1.192017e-02 
 3.004415e+01  1.169174e-02 
 3.004455e+01  1.133849e-02 
 3.004495e+01  1.089284e-02 
 3.004535e+01  1.040964e-02 
 3.004575e+01  9.962398e-03 
 3.004614e+01  9.581304e-03 
 3.004654e+01  9.286999e-03 
 3.004694e+01  9.113591e-03 
 3.004734e+01  9.079279e-03 
 3.004773e+01  9.190862e-03 
 3.004813e+01  9.486801e-03 
 3.004853e+01  9.958689e-03 
 3.004893e+01  1.054164e-02 
 3.004932e+01  1.116405e-02 
 3.004972e+01  1.177352e-02 
 3.005012e+01  1.227549e-02 
 3.005052e+01  1.257695e-02 
 3.005092e+01  1.262547e-02 
 3.005131e+01  1.237859e-02 
 3.005171e+01  1.183790e-02 
 3.005211e+01  1.101666e-02 
 3.005251e+01  9.926968e-03 
 3.005290e+01  8.599945e-03 
 3.005330e+01  7.087689e-03 
 3.005370e+01  5.473277e-03 
 3.005410e+01  3.861562e-03 
 3.005449e+01  2.380995e-03 
 3.005489e+01  1.111417e-03 
 3.005529e+01  1.158081e-04 
 3.005569e+01 -5.187569e-04 
 3.005609e+01 -7.463888e-04 
 3.005648e+01 -5.990085e-04 
 3.005688e+01 -1.019091e-04 
 3.005728e+01  6.859142e-04 
 3.005768e+01  1.682884e-03 
 3.005807e+01  2.807632e-03 
 3.005847e+01  3.990142e-03 
 3.005887e+01  5.142896e-03 
 3.005927e+01  6.183830e-03 
 3.005966e+01  7.033108e-03 
 3.006006e+01  7.624748e-03 
 3.006046e+01  7.940118e-03 
 3.006086e+01  7.978505e-03 
 3.006126e+01  7.745717e-03 
 3.006165e+01  7.277149e-03 
 3.006205e+01  6.645628e-03 
 3.006245e+01  5.902823e-03 
 3.006285e+01  5.104964e-03 
 3.006324e+01  4.323724e-03 
 3.006364e+01  3.600426e-03 
 3.006404e+01  2.984604e-03 
 3.006444e+01  2.525482e-03 
 3.006483e+01  2.264059e-03 
 3.006523e+01  2.175324e-03 
 3.006563e+01  2.262606e-03 
 3.006603e+01  2.497482e-03 
 3.006643e+01  2.816815e-03 
 3.006682e+01  3.171835e-03 
 3.006722e+01  3.513107e-03 
 3.006762e+01  3.791266e-03 
 3.006802e+01  3.968038e-03 
 3.006841e+01  3.995183e-03 
 3.006881e+01  3.816624e-03 
 3.006921e+01  3.436395e-03 
 3.006961e+01  2.856015e-03 
 3.007001e+01  2.100028e-03 
 3.007040e+01  1.226614e-03 
 3.007080e+01  2.991392e-04 
 3.007120e+01 -6.436009e-04 
 3.007160e+01 -1.506835e-03 
 3.007199e+01 -2.212630e-03 
 3.007239e+01 -2.717676e-03 
 3.007279e+01 -3.004943e-03 
 3.007319e+01 -3.024722e-03 
 3.007358e+01 -2.754647e-03 
 3.007398e+01 -2.206183e-03 
 3.007438e+01 -1.412564e-03 
 3.007478e+01 -4.218206e-04 
 3.007518e+01  6.964409e-04 
 3.007557e+01  1.900136e-03 
 3.007597e+01  3.149554e-03 
 3.007637e+01  4.381860e-03 
 3.007677e+01  5.528548e-03 
 3.007716e+01  6.499692e-03 
 3.007756e+01  7.219821e-03 
 3.007796e+01  7.664217e-03 
 3.007836e+01  7.809782e-03 
 3.007875e+01  7.631208e-03 
 3.007915e+01  7.161375e-03 
 3.007955e+01  6.467084e-03 
 3.007995e+01  5.623284e-03 
 3.008035e+01  4.703326e-03 
 3.008074e+01  3.796949e-03 
 3.008114e+01  2.941064e-03 
 3.008154e+01  2.178583e-03 
 3.008194e+01  1.583536e-03 
 3.008233e+01  1.192204e-03 
 3.008273e+01  1.036956e-03 
 3.008313e+01  1.108038e-03 
 3.008353e+01  1.357471e-03 
 3.008392e+01  1.726600e-03 
 3.008432e+01  2.164900e-03 
 3.008472e+01  2.608696e-03 
 3.008512e+01  2.961744e-03 
 3.008552e+01  3.196207e-03 
 3.008591e+01  3.276182e-03 
 3.008631e+01  3.182827e-03 
 3.008671e+01  2.951087e-03 
 3.008711e+01  2.595714e-03 
 3.008750e+01  2.129919e-03 
 3.008790e+01  1.588342e-03 
 3.008830e+01  1.025146e-03 
 3.008870e+01  4.637188e-04 
 3.008909e+01 -4.672368e-05 
 3.008949e+01 -4.216573e-04 
 3.008989e+01 -6.261614e-04 
 3.009029e+01 -6.242245e-04 
 3.009069e+01 -3.808058e-04 
 3.009108e+01  7.186572e-05 
 3.009148e+01  7.091070e-04 
 3.009188e+01  1.503495e-03 
 3.009228e+01  2.392885e-03 
 3.009267e+01  3.284650e-03 
 3.009307e+01  4.160669e-03 
 3.009347e+01  4.931621e-03 
 3.009387e+01  5.551933e-03 
 3.009426e+01  5.967258e-03 
 3.009466e+01  6.125629e-03 
 3.009506e+01  5.995500e-03 
 3.009546e+01  5.610364e-03 
 3.009586e+01  5.020778e-03 
 3.009625e+01  4.223258e-03 
 3.009665e+01  3.283591e-03 
 3.009705e+01  2.259774e-03 
 3.009745e+01  1.190524e-03 
 3.009784e+01  1.372681e-04 
 3.009824e+01 -8.322456e-04 
 3.009864e+01 -1.662912e-03 
 3.009904e+01 -2.321291e-03 
 3.009943e+01 -2.735550e-03 
 3.009983e+01 -2.873453e-03 
 3.010023e+01 -2.725208e-03 
 3.010063e+01 -2.290332e-03 
 3.010103e+01 -1.628687e-03 
 3.010142e+01 -7.934525e-04 
 3.010182e+01  1.492289e-04 
 3.010222e+01  1.106070e-03 
 3.010262e+01  1.986097e-03 
 3.010301e+01  2.729921e-03 
 3.010341e+01  3.273632e-03 
 3.010381e+01  3.571564e-03 
 3.010421e+01  3.648646e-03 
 3.010460e+01  3.513699e-03 
 3.010500e+01  3.206391e-03 
 3.010540e+01  2.774037e-03 
 3.010580e+01  2.292008e-03 
 3.010620e+01  1.825130e-03 
 3.010659e+01  1.446316e-03 
 3.010699e+01  1.222332e-03 
 3.010739e+01  1.160581e-03 
 3.010779e+01  1.297681e-03 
 3.010818e+01  1.646542e-03 
 3.010858e+01  2.201539e-03 
 3.010898e+01  2.918859e-03 
 3.010938e+01  3.771228e-03 
 3.010977e+01  4.702941e-03 
 3.011017e+01  5.639196e-03 
 3.011057e+01  6.532312e-03 
 3.011097e+01  7.302411e-03 
 3.011137e+01  7.864094e-03 
 3.011176e+01  8.158695e-03 
 3.011216e+01  8.137414e-03 
 3.011256e+01  7.773825e-03 
 3.011296e+01  7.090236e-03 
 3.011335e+01  6.139504e-03 
 3.011375e+01  4.999329e-03 
 3.011415e+01  3.763106e-03 
 3.011455e+01  2.529384e-03 
 3.011494e+01  1.398774e-03 
 3.011534e+01  4.641940e-04 
 3.011574e+01 -1.842756e-04 
 3.011614e+01 -5.127637e-04 
 3.011654e+01 -5.194484e-04 
 3.011693e+01 -1.937732e-04 
 3.011733e+01  4.565416e-04 
 3.011773e+01  1.413662e-03 
 3.011813e+01  2.639990e-03 
 3.011852e+01  4.044234e-03 
 3.011892e+01  5.554620e-03 
 3.011932e+01  7.100068e-03 
 3.011972e+01  8.576153e-03 
 3.012011e+01  9.890683e-03 
 3.012051e+01  1.097368e-02 
 3.012091e+01  1.178176e-02 
 3.012131e+01  1.229363e-02 
 3.012171e+01  1.255238e-02 
 3.012210e+01  1.260173e-02 
 3.012250e+01  1.243728e-02 
 3.012290e+01  1.209239e-02 
 3.012330e+01  1.162017e-02 
 3.012369e+01  1.108730e-02 
 3.012409e+01  1.057652e-02 
 3.012449e+01  1.014846e-02 
 3.012489e+01  9.871102e-03 
 3.012528e+01  9.772855e-03 
 3.012568e+01  9.888970e-03 
 3.012608e+01  1.020417e-02 
 3.012648e+01  1.069633e-02 
 3.012688e+01  1.132322e-02 
 3.012727e+01  1.202861e-02 
 3.012767e+01  1.275893e-02 
 3.012807e+01  1.346585e-02 
 3.012847e+01  1.409081e-02 
 3.012886e+01  1.454193e-02 
 3.012926e+01  1.476770e-02 
 3.012966e+01  1.473467e-02 
 3.013006e+01  1.444987e-02 
 3.013045e+01  1.393334e-02 
 3.013085e+01  1.321829e-02 
 3.013125e+01  1.236324e-02 
 3.013165e+01  1.144477e-02 
 3.013205e+01  1.055576e-02 
 3.013244e+01  9.758942e-03 
 3.013284e+01  9.123016e-03 
 3.013324e+01  8.709188e-03 
 3.013364e+01  8.541473e-03 
 3.013403e+01  8.669429e-03 
 3.013443e+01  9.104281e-03 
 3.013483e+01  9.824506e-03 
 3.013523e+01  1.076879e-02 
 3.013562e+01  1.187598e-02 
 3.013602e+01  1.306288e-02 
 3.013642e+01  1.422692e-02 
 3.013682e+01  1.529184e-02 
 3.013722e+01  1.618790e-02 
 3.013761e+01  1.686787e-02 
 3.013801e+01  1.728667e-02 
 3.013841e+01  1.742467e-02 
 3.013881e+01  1.724889e-02 
 3.013920e+01  1.677449e-02 
 3.013960e+01  1.603634e-02 
 3.014000e+01  1.506123e-02 
 3.014040e+01  1.389481e-02 
 3.014079e+01  1.262054e-02 
 3.014119e+01  1.131504e-02 
 3.014159e+01  1.005931e-02 
 3.014199e+01  8.912893e-03 
 3.014239e+01  7.932632e-03 
 3.014278e+01  7.175763e-03 
 3.014318e+01  6.668201e-03 
 3.014358e+01  6.424769e-03 
 3.014398e+01  6.433878e-03 
 3.014437e+01  6.659086e-03 
 3.014477e+01  7.039822e-03 
 3.014517e+01  7.521965e-03 
 3.014557e+01  8.065801e-03 
 3.014596e+01  8.604144e-03 
 3.014636e+01  9.057587e-03 
 3.014676e+01  9.375523e-03 
 3.014716e+01  9.506199e-03 
 3.014756e+01  9.415808e-03 
 3.014795e+01  9.111035e-03 
 3.014835e+01  8.609719e-03 
 3.014875e+01  7.964230e-03 
 3.014915e+01  7.255892e-03 
 3.014954e+01  6.570828e-03 
 3.014994e+01  5.979784e-03 
 3.015034e+01  5.555857e-03 
 3.015074e+01  5.337957e-03 
 3.015113e+01  5.332394e-03 
 3.015153e+01  5.534886e-03 
 3.015193e+01  5.946667e-03 
 3.015233e+01  6.543169e-03 
 3.015273e+01  7.260266e-03 
 3.015312e+01  8.061405e-03 
 3.015352e+01  8.878054e-03 
 3.015392e+01  9.632116e-03 
 3.015432e+01  1.025336e-02 
 3.015471e+01  1.066174e-02 
 3.015511e+01  1.080913e-02 
 3.015551e+01  1.067241e-02 
 3.015591e+01  1.024981e-02 
 3.015630e+01  9.563707e-03 
 3.015670e+01  8.644540e-03 
 3.015710e+01  7.534296e-03 
 3.015750e+01  6.280883e-03 
 3.015790e+01  4.958062e-03 
 3.015829e+01  3.642637e-03 
 3.015869e+01  2.391994e-03 
 3.015909e+01  1.290361e-03 
 3.015949e+01  4.089961e-04 
 3.015988e+01 -2.365665e-04 
 3.016028e+01 -6.258619e-04 
 3.016068e+01 -7.592274e-04 
 3.016108e+01 -6.560100e-04 
 3.016148e+01 -3.211771e-04 
 3.016187e+01  2.154504e-04 
 3.016227e+01  8.765809e-04 
 3.016267e+01  1.589572e-03 
 3.016307e+01  2.320460e-03 
 3.016346e+01  2.994672e-03 
 3.016386e+01  3.563671e-03 
 3.016426e+01  3.980119e-03 
 3.016466e+01  4.215375e-03 
 3.016505e+01  4.267558e-03 
 3.016545e+01  4.159461e-03 
 3.016585e+01  3.915764e-03 
 3.016625e+01  3.564029e-03 
 3.016665e+01  3.151817e-03 
 3.016704e+01  2.725388e-03 
 3.016744e+01  2.340109e-03 
 3.016784e+01  2.052635e-03 
 3.016824e+01  1.870652e-03 
 3.016863e+01  1.805357e-03 
 3.016903e+01  1.893080e-03 
 3.016943e+01  2.162655e-03 
 3.016983e+01  2.613503e-03 
 3.017022e+01  3.218729e-03 
 3.017062e+01  3.927616e-03 
 3.017102e+01  4.648193e-03 
 3.017142e+01  5.294246e-03 
 3.017182e+01  5.794747e-03 
 3.017221e+01  6.063694e-03 
 3.017261e+01  6.058580e-03 
 3.017301e+01  5.765879e-03 
 3.017341e+01  5.184341e-03 
 3.017380e+01  4.342914e-03 
 3.017420e+01  3.307768e-03 
 3.017460e+01  2.116159e-03 
 3.017500e+01  8.364559e-04 
 3.017539e+01 -3.977915e-04 
 3.017579e+01 -1.489228e-03 
 3.017619e+01 -2.361005e-03 
 3.017659e+01 -2.941677e-03 
 3.017699e+01 -3.179558e-03 
 3.017738e+01 -3.053486e-03 
 3.017778e+01 -2.565019e-03 
 3.017818e+01 -1.733875e-03 
 3.017858e+01 -6.519689e-04 
 3.017897e+01  6.008576e-04 
 3.017937e+01  1.928852e-03 
 3.017977e+01  3.239994e-03 
 3.018017e+01  4.462002e-03 
 3.018056e+01  5.495596e-03 
 3.018096e+01  6.269655e-03 
 3.018136e+01  6.751662e-03 
 3.018176e+01  6.918787e-03 
 3.018216e+01  6.769018e-03 
 3.018255e+01  6.331518e-03 
 3.018295e+01  5.655504e-03 
 3.018335e+01  4.800033e-03 
 3.018375e+01  3.858793e-03 
 3.018414e+01  2.909695e-03 
 3.018454e+01  2.017993e-03 
 3.018494e+01  1.243606e-03 
 3.018534e+01  6.517522e-04 
 3.018573e+01  2.608150e-04 
 3.018613e+01  6.276747e-05 
 3.018653e+01  6.303430e-05 
 3.018693e+01  2.034904e-04 
 3.018733e+01  4.609487e-04 
 3.018772e+01  7.678057e-04 
 3.018812e+01  1.095497e-03 
 3.018852e+01  1.383910e-03 
 3.018892e+01  1.593684e-03 
 3.018931e+01  1.680822e-03 
 3.018971e+01  1.633564e-03 
 3.019011e+01  1.418357e-03 
 3.019051e+01  1.028099e-03 
 3.019090e+01  4.900824e-04 
 3.019130e+01 -1.812597e-04 
 3.019170e+01 -9.311234e-04 
 3.019210e+01 -1.731758e-03 
 3.019250e+01 -2.546647e-03 
 3.019289e+01 -3.306873e-03 
 3.019329e+01 -3.957459e-03 
 3.019369e+01 -4.439819e-03 
 3.019409e+01 -4.687988e-03 
 3.019448e+01 -4.638562e-03 
 3.019488e+01 -4.264511e-03 
 3.019528e+01 -3.572183e-03 
 3.019568e+01 -2.587423e-03 
 3.019607e+01 -1.366598e-03 
 3.019647e+01  1.339350e-05 
 3.019687e+01  1.454670e-03 
 3.019727e+01  2.885657e-03 
 3.019767e+01  4.231305e-03 
 3.019806e+01  5.401050e-03 
 3.019846e+01  6.300884e-03 
 3.019886e+01  6.880586e-03 
 3.019926e+01  7.100430e-03 
 3.019965e+01  6.951553e-03 
 3.020005e+01  6.469363e-03 
 3.020045e+01  5.712545e-03 
 3.020085e+01  4.753419e-03 
 3.020124e+01  3.665394e-03 
 3.020164e+01  2.564409e-03 
 3.020204e+01  1.543548e-03 
 3.020244e+01  6.697719e-04 
 3.020284e+01 -2.247823e-05 
 3.020323e+01 -4.803236e-04 
 3.020363e+01 -6.904560e-04 
 3.020403e+01 -6.533459e-04 
 3.020443e+01 -3.794949e-04 
 3.020482e+01  8.188321e-05 
 3.020522e+01  6.786178e-04 
 3.020562e+01  1.357289e-03 
 3.020602e+01  2.038637e-03 
 3.020641e+01  2.675684e-03 
 3.020681e+01  3.203518e-03 
 3.020721e+01  3.609991e-03 
 3.020761e+01  3.872557e-03 
 3.020801e+01  3.975401e-03 
 3.020840e+01  3.938562e-03 
 3.020880e+01  3.771579e-03 
 3.020920e+01  3.538382e-03 
 3.020960e+01  3.266031e-03 
 3.020999e+01  3.010095e-03 
 3.021039e+01  2.828691e-03 
 3.021079e+01  2.782557e-03 
 3.021119e+01  2.931878e-03 
 3.021158e+01  3.316185e-03 
 3.021198e+01  3.951709e-03 
 3.021238e+01  4.827473e-03 
 3.021278e+01  5.930635e-03 
 3.021318e+01  7.212902e-03 
 3.021357e+01  8.611401e-03 
 3.021397e+01  1.001890e-02 
 3.021437e+01  1.134574e-02 
 3.021477e+01  1.250635e-02 
 3.021516e+01  1.344710e-02 
 3.021556e+01  1.412804e-02 
 3.021596e+01  1.447155e-02 
 3.021636e+01  1.447602e-02 
 3.021675e+01  1.414918e-02 
 3.021715e+01  1.353215e-02 
 3.021755e+01  1.268162e-02 
 3.021795e+01  1.167800e-02 
 3.021835e+01  1.057321e-02 
 3.021874e+01  9.451105e-03 
 3.021914e+01  8.373071e-03 
 3.021954e+01  7.447804e-03 
 3.021994e+01  6.723212e-03 
 3.022033e+01  6.218788e-03 
 3.022073e+01  5.963610e-03 
 3.022113e+01  5.967612e-03 
 3.022153e+01  6.243918e-03 
 3.022192e+01  6.775975e-03 
 3.022232e+01  7.528505e-03 
 3.022272e+01  8.429558e-03 
 3.022312e+01  9.393872e-03 
 3.022352e+01  1.034549e-02 
 3.022391e+01  1.122398e-02 
 3.022431e+01  1.195393e-02 
 3.022471e+01  1.246743e-02 
 3.022511e+01  1.274161e-02 
 3.022550e+01  1.280692e-02 
 3.022590e+01  1.269616e-02 
 3.022630e+01  1.245721e-02 
 3.022670e+01  1.213597e-02 
 3.022709e+01  1.179424e-02 
 3.022749e+01  1.148229e-02 
 3.022789e+01  1.126505e-02 
 3.022829e+01  1.117991e-02 
 3.022869e+01  1.125977e-02 
 3.022908e+01  1.153220e-02 
 3.022948e+01  1.200557e-02 
 3.022988e+01  1.264897e-02 
 3.023028e+01  1.341432e-02 
 3.023067e+01  1.424364e-02 
 3.023107e+01  1.506781e-02 
 3.023147e+01  1.582797e-02 
 3.023187e+01  1.646444e-02 
 3.023226e+01  1.690138e-02 
 3.023266e+01  1.709296e-02 
 3.023306e+01  1.698008e-02 
 3.023346e+01  1.654837e-02 
 3.023386e+01  1.577877e-02 
 3.023425e+01  1.470842e-02 
 3.023465e+01  1.337550e-02 
 3.023505e+01  1.185729e-02 
 3.023545e+01  1.024510e-02 
 3.023584e+01  8.620713e-03 
 3.023624e+01  7.065602e-03 
 3.023664e+01  5.681459e-03 
 3.023704e+01  4.540780e-03 
 3.023743e+01  3.715723e-03 
 3.023783e+01  3.248956e-03 
 3.023823e+01  3.158912e-03 
 3.023863e+01  3.456563e-03 
 3.023903e+01  4.116181e-03 
 3.023942e+01  5.090668e-03 
 3.023982e+01  6.310308e-03 
 3.024022e+01  7.696162e-03 
 3.024062e+01  9.136695e-03 
 3.024101e+01  1.051729e-02 
 3.024141e+01  1.174063e-02 
 3.024181e+01  1.274204e-02 
 3.024221e+01  1.343579e-02 
 3.024260e+01  1.377144e-02 
 3.024300e+01  1.373904e-02 
 3.024340e+01  1.337416e-02 
 3.024380e+01  1.270440e-02 
 3.024420e+01  1.181212e-02 
 3.024459e+01  1.077428e-02 
 3.024499e+01  9.661175e-03 
 3.024539e+01  8.569900e-03 
 3.024579e+01  7.586430e-03 
 3.024618e+01  6.782109e-03 
 3.024658e+01  6.196168e-03 
 3.024698e+01  5.842197e-03 
 3.024738e+01  5.714621e-03 
 3.024777e+01  5.797697e-03 
 3.024817e+01  6.026520e-03 
 3.024857e+01  6.312497e-03 
 3.024897e+01  6.597104e-03 
 3.024937e+01  6.806969e-03 
 3.024976e+01  6.892562e-03 
 3.025016e+01  6.826999e-03 
 3.025056e+01  6.575901e-03 
 3.025096e+01  6.149761e-03 
 3.025135e+01  5.532217e-03 
 3.025175e+01  4.755142e-03 
 3.025215e+01  3.824002e-03 
 3.025255e+01  2.783562e-03 
 3.025295e+01  1.716318e-03 
 3.025334e+01  6.884155e-04 
 3.025374e+01 -2.261370e-04 
 3.025414e+01 -9.532576e-04 
 3.025454e+01 -1.459326e-03 
 3.025493e+01 -1.675819e-03 
 3.025533e+01 -1.590840e-03 
 3.025573e+01 -1.184413e-03 
 3.025613e+01 -4.784180e-04 
 3.025652e+01  4.983362e-04 
 3.025692e+01  1.711134e-03 
 3.025732e+01  3.103830e-03 
 3.025772e+01  4.594498e-03 
 3.025812e+01  6.083927e-03 
 3.025851e+01  7.477395e-03 
 3.025891e+01  8.691676e-03 
 3.025931e+01  9.653462e-03 
 3.025971e+01  1.031493e-02 
 3.026010e+01  1.062203e-02 
 3.026050e+01  1.058236e-02 
 3.026090e+01  1.022010e-02 
 3.026130e+01  9.579467e-03 
 3.026169e+01  8.697333e-03 
 3.026209e+01  7.624129e-03 
 3.026249e+01  6.442185e-03 
 3.026289e+01  5.229287e-03 
 3.026329e+01  4.082643e-03 
 3.026368e+01  3.090144e-03 
 3.026408e+01  2.294132e-03 
 3.026448e+01  1.707668e-03 
 3.026488e+01  1.329910e-03 
 3.026527e+01  1.157825e-03 
 3.026567e+01  1.165212e-03 
 3.026607e+01  1.296608e-03 
 3.026647e+01  1.515980e-03 
 3.026686e+01  1.779478e-03 
 3.026726e+01  2.015634e-03 
 3.026766e+01  2.198850e-03 
 3.026806e+01  2.270739e-03 
 3.026846e+01  2.195373e-03 
 3.026885e+01  1.973305e-03 
 3.026925e+01  1.630732e-03 
 3.026965e+01  1.220909e-03 
 3.027005e+01  7.992121e-04 
 3.027044e+01  4.045876e-04 
 3.027084e+01  9.360679e-05 
 3.027124e+01 -5.161534e-05 
 3.027164e+01  1.474372e-05 
 3.027203e+01  3.194294e-04 
 3.027243e+01  8.681963e-04 
 3.027283e+01  1.628193e-03 
 3.027323e+01  2.593039e-03 
 3.027363e+01  3.692133e-03 
 3.027402e+01  4.863584e-03 
 3.027442e+01  6.008237e-03 
 3.027482e+01  7.092990e-03 
 3.027522e+01  8.021481e-03 
 3.027561e+01  8.736013e-03 
 3.027601e+01  9.179600e-03 
 3.027641e+01  9.305299e-03 
 3.027681e+01  9.082336e-03 
 3.027720e+01  8.539916e-03 
 3.027760e+01  7.709845e-03 
 3.027800e+01  6.649516e-03 
 3.027840e+01  5.410820e-03 
 3.027880e+01  4.091361e-03 
 3.027919e+01  2.745750e-03 
 3.027959e+01  1.462628e-03 
 3.027999e+01  2.911813e-04 
 3.028039e+01 -7.113882e-04 
 3.028078e+01 -1.498004e-03 
 3.028118e+01 -2.059749e-03 
 3.028158e+01 -2.381072e-03 
 3.028198e+01 -2.476315e-03 
 3.028237e+01 -2.361492e-03 
 3.028277e+01 -2.084675e-03 
 3.028317e+01 -1.664305e-03 
 3.028357e+01 -1.183136e-03 
 3.028397e+01 -6.743538e-04 
 3.028436e+01 -1.736239e-04 
 3.028476e+01  2.872956e-04 
 3.028516e+01  6.829919e-04 
 3.028556e+01  1.004233e-03 
 3.028595e+01  1.250898e-03 
 3.028635e+01  1.411838e-03 
 3.028675e+01  1.467478e-03 
 3.028715e+01  1.459208e-03 
 3.028754e+01  1.407040e-03 
 3.028794e+01  1.339201e-03 
 3.028834e+01  1.283567e-03 
 3.028874e+01  1.303637e-03 
 3.028914e+01  1.415619e-03 
 3.028953e+01  1.654262e-03 
 3.028993e+01  2.035557e-03 
 3.029033e+01  2.551529e-03 
 3.029073e+01  3.181078e-03 
 3.029112e+01  3.900485e-03 
 3.029152e+01  4.660417e-03 
 3.029192e+01  5.403353e-03 
 3.029232e+01  6.076962e-03 
 3.029271e+01  6.590086e-03 
 3.029311e+01  6.874917e-03 
 3.029351e+01  6.891749e-03 
 3.029391e+01  6.602393e-03 
 3.029431e+01  5.974810e-03 
 3.029470e+01  5.041081e-03 
 3.029510e+01  3.858558e-03 
 3.029550e+01  2.486567e-03 
 3.029590e+01  1.010307e-03 
 3.029629e+01 -5.120173e-04 
 3.029669e+01 -1.983754e-03 
 3.029709e+01 -3.312920e-03 
 3.029749e+01 -4.442589e-03 
 3.029788e+01 -5.318222e-03 
 3.029828e+01 -5.859728e-03 
 3.029868e+01 -6.048486e-03 
 3.029908e+01 -5.860657e-03 
 3.029948e+01 -5.306131e-03 
 3.029987e+01 -4.404334e-03 
 3.030027e+01 -3.244653e-03 
 3.030067e+01 -1.901582e-03 
 3.030107e+01 -4.396793e-04 
 3.030146e+01  1.046550e-03 
 3.030186e+01  2.469816e-03 
 3.030226e+01  3.781927e-03 
 3.030266e+01  4.901138e-03 
 3.030305e+01  5.780601e-03 
 3.030345e+01  6.398080e-03 
 3.030385e+01  6.735995e-03 
 3.030425e+01  6.818555e-03 
 3.030465e+01  6.696313e-03 
 3.030504e+01  6.458207e-03 
 3.030544e+01  6.149538e-03 
 3.030584e+01  5.845786e-03 
 3.030624e+01  5.627625e-03 
 3.030663e+01  5.541600e-03 
 3.030703e+01  5.632997e-03 
 3.030743e+01  5.886510e-03 
 3.030783e+01  6.291456e-03 
 3.030822e+01  6.810367e-03 
 3.030862e+01  7.382059e-03 
 3.030902e+01  7.959370e-03 
 3.030942e+01  8.495814e-03 
 3.030982e+01  8.919262e-03 
 3.031021e+01  9.172605e-03 
 3.031061e+01  9.219653e-03 
 3.031101e+01  9.068726e-03 
 3.031141e+01  8.705380e-03 
 3.031180e+01  8.149762e-03 
 3.031220e+01  7.427966e-03 
 3.031260e+01  6.589525e-03 
 3.031300e+01  5.686728e-03 
 3.031339e+01  4.781294e-03 
 3.031379e+01  3.938241e-03 
 3.031419e+01  3.227893e-03 
 3.031459e+01  2.724546e-03 
 3.031499e+01  2.479246e-03 
 3.031538e+01  2.529173e-03 
 3.031578e+01  2.887832e-03 
 3.031618e+01  3.530380e-03 
 3.031658e+01  4.417394e-03 
 3.031697e+01  5.539447e-03 
 3.031737e+01  6.844091e-03 
 3.031777e+01  8.261005e-03 
 3.031817e+01  9.703985e-03 
 3.031856e+01  1.108991e-02 
 3.031896e+01  1.239570e-02 
 3.031936e+01  1.354317e-02 
 3.031976e+01  1.446289e-02 
 3.032016e+01  1.512769e-02 
 3.032055e+01  1.550449e-02 
 3.032095e+01  1.558747e-02 
 3.032135e+01  1.538466e-02 
 3.032175e+01  1.492105e-02 
 3.032214e+01  1.422819e-02 
 3.032254e+01  1.336191e-02 
 3.032294e+01  1.240972e-02 
 3.032334e+01  1.145684e-02 
 3.032373e+01  1.058498e-02 
 3.032413e+01  9.860481e-03 
 3.032453e+01  9.325853e-03 
 3.032493e+01  9.011812e-03 
 3.032533e+01  8.930235e-03 
 3.032572e+01  9.042090e-03 
 3.032612e+01  9.314025e-03 
 3.032652e+01  9.681682e-03 
 3.032692e+01  1.009096e-02 
 3.032731e+01  1.047868e-02 
 3.032771e+01  1.076268e-02 
 3.032811e+01  1.086638e-02 
 3.032851e+01  1.076197e-02 
 3.032890e+01  1.041975e-02 
 3.032930e+01  9.835564e-03 
 3.032970e+01  9.042510e-03 
 3.033010e+01  8.114485e-03 
 3.033050e+01  7.149176e-03 
 3.033089e+01  6.223454e-03 
 3.033129e+01  5.441112e-03 
 3.033169e+01  4.874027e-03 
 3.033209e+01  4.554038e-03 
 3.033248e+01  4.519232e-03 
 3.033288e+01  4.800272e-03 
 3.033328e+01  5.424357e-03 
 3.033368e+01  6.368839e-03 
 3.033407e+01  7.600268e-03 
 3.033447e+01  9.057722e-03 
 3.033487e+01  1.064879e-02 
 3.033527e+01  1.227178e-02 
 3.033567e+01  1.381660e-02 
 3.033606e+01  1.517591e-02 
 3.033646e+01  1.625092e-02 
 3.033686e+01  1.695643e-02 
 3.033726e+01  1.722712e-02 
 3.033765e+01  1.706191e-02 
 3.033805e+01  1.647887e-02 
 3.033845e+01  1.550573e-02 
 3.033885e+01  1.422527e-02 
 3.033924e+01  1.273736e-02 
 3.033964e+01  1.112856e-02 
 3.034004e+01  9.478604e-03 
 3.034044e+01  7.876675e-03 
 3.034084e+01  6.404826e-03 
 3.034123e+01  5.154187e-03 
 3.034163e+01  4.154148e-03 
 3.034203e+01  3.416516e-03 
 3.034243e+01  2.945165e-03 
 3.034282e+01  2.758663e-03 
 3.034322e+01  2.804796e-03 
 3.034362e+01  3.056889e-03 
 3.034402e+01  3.481597e-03 
 3.034442e+01  4.017302e-03 
 3.034481e+01  4.609948e-03 
 3.034521e+01  5.207101e-03 
 3.034561e+01  5.744597e-03 
 3.034601e+01  6.190970e-03 
 3.034640e+01  6.519189e-03 
 3.034680e+01  6.728782e-03 
 3.034720e+01  6.815408e-03 
 3.034760e+01  6.785752e-03 
 3.034799e+01  6.668285e-03 
 3.034839e+01  6.471702e-03 
 3.034879e+01  6.239521e-03 
 3.034919e+01  6.009944e-03 
 3.034959e+01  5.829827e-03 
 3.034998e+01  5.737377e-03 
 3.035038e+01  5.772071e-03 
 3.035078e+01  5.966363e-03 
 3.035118e+01  6.315573e-03 
 3.035157e+01  6.801079e-03 
 3.035197e+01  7.419204e-03 
 3.035237e+01  8.139863e-03 
 3.035277e+01  8.896839e-03 
 3.035316e+01  9.619786e-03 
 3.035356e+01  1.025011e-02 
 3.035396e+01  1.071080e-02 
 3.035436e+01  1.094993e-02 
 3.035476e+01  1.093716e-02 
 3.035515e+01  1.066737e-02 
 3.035555e+01  1.013396e-02 
 3.035595e+01  9.329680e-03 
 3.035635e+01  8.280138e-03 
 3.035674e+01  7.047091e-03 
 3.035714e+01  5.710492e-03 
 3.035754e+01  4.339236e-03 
 3.035794e+01  3.017104e-03 
 3.035833e+01  1.840653e-03 
 3.035873e+01  8.929358e-04 
 3.035913e+01  2.330767e-04 
 3.035953e+01 -1.063081e-04 
 3.035993e+01 -1.438772e-04 
 3.036032e+01  1.213491e-04 
 3.036072e+01  6.392732e-04 
 3.036112e+01  1.388363e-03 
 3.036152e+01  2.306225e-03 
 3.036191e+01  3.331776e-03 
 3.036231e+01  4.402118e-03 
 3.036271e+01  5.471446e-03 
 3.036311e+01  6.503299e-03 
 3.036350e+01  7.409655e-03 
 3.036390e+01  8.139435e-03 
 3.036430e+01  8.642848e-03 
 3.036470e+01  8.946239e-03 
 3.036510e+01  9.040341e-03 
 3.036549e+01  8.951405e-03 
 3.036589e+01  8.729813e-03 
 3.036629e+01  8.420113e-03 
 3.036669e+01  8.083754e-03 
 3.036708e+01  7.783639e-03 
 3.036748e+01  7.542232e-03 
 3.036788e+01  7.377408e-03 
 3.036828e+01  7.297688e-03 
 3.036867e+01  7.313848e-03 
 3.036907e+01  7.393551e-03 
 3.036947e+01  7.497084e-03 
 3.036987e+01  7.583826e-03 
 3.037027e+01  7.590265e-03 
 3.037066e+01  7.466167e-03 
 3.037106e+01  7.175194e-03 
 3.037146e+01  6.689227e-03 
 3.037186e+01  5.991953e-03 
 3.037225e+01  5.075469e-03 
 3.037265e+01  3.997643e-03 
 3.037305e+01  2.772703e-03 
 3.037345e+01  1.463269e-03 
 3.037384e+01  1.351864e-04 
 3.037424e+01 -1.129377e-03 
 3.037464e+01 -2.250210e-03 
 3.037504e+01 -3.162313e-03 
 3.037544e+01 -3.818336e-03 
 3.037583e+01 -4.161668e-03 
 3.037623e+01 -4.189293e-03 
 3.037663e+01 -3.905908e-03 
 3.037703e+01 -3.339171e-03 
 3.037742e+01 -2.523649e-03 
 3.037782e+01 -1.555773e-03 
 3.037822e+01 -4.916725e-04 
 3.037862e+01  5.946329e-04 
 3.037901e+01  1.656265e-03 
 3.037941e+01  2.623633e-03 
 3.037981e+01  3.454033e-03 
 3.038021e+01  4.100026e-03 
 3.038061e+01  4.546973e-03 
 3.038100e+01  4.785848e-03 
 3.038140e+01  4.807746e-03 
 3.038180e+01  4.618636e-03 
 3.038220e+01  4.250437e-03 
 3.038259e+01  3.757066e-03 
 3.038299e+01  3.182597e-03 
 3.038339e+01  2.564012e-03 
 3.038379e+01  1.929611e-03 
 3.038418e+01  1.281558e-03 
 3.038458e+01  6.661286e-04 
 3.038498e+01  1.392674e-04 
 3.038538e+01 -2.781202e-04 
 3.038578e+01 -5.775008e-04 
 3.038617e+01 -7.615761e-04 
 3.038657e+01 -8.103382e-04 
 3.038697e+01 -7.651213e-04 
 3.038737e+01 -6.546999e-04 
 3.038776e+01 -5.500061e-04 
 3.038816e+01 -4.946884e-04 
 3.038856e+01 -5.416755e-04 
 3.038896e+01 -7.140323e-04 
 3.038935e+01 -1.021575e-03 
 3.038975e+01 -1.468184e-03 
 3.039015e+01 -2.045061e-03 
 3.039055e+01 -2.717943e-03 
 3.039095e+01 -3.447281e-03 
 3.039134e+01 -4.191045e-03 
 3.039174e+01 -4.899061e-03 
 3.039214e+01 -5.495906e-03 
 3.039254e+01 -5.924603e-03 
 3.039293e+01 -6.124813e-03 
 3.039333e+01 -6.032749e-03 
 3.039373e+01 -5.605804e-03 
 3.039413e+01 -4.828648e-03 
 3.039452e+01 -3.716534e-03 
 3.039492e+01 -2.302708e-03 
 3.039532e+01 -6.778390e-04 
 3.039572e+01  1.052515e-03 
 3.039612e+01  2.797765e-03 
 3.039651e+01  4.462930e-03 
 3.039691e+01  5.931277e-03 
 3.039731e+01  7.111739e-03 
 3.039771e+01  7.952350e-03 
 3.039810e+01  8.410814e-03 
 3.039850e+01  8.468889e-03 
 3.039890e+01  8.148777e-03 
 3.039930e+01  7.489857e-03 
 3.039969e+01  6.567236e-03 
 3.040009e+01  5.449000e-03 
 3.040049e+01  4.238730e-03 
 3.040089e+01  3.025458e-03 
 3.040129e+01  1.879440e-03 
 3.040168e+01  8.543370e-04 
 3.040208e+01 -1.187862e-07 
 3.040248e+01 -6.185819e-04 
 3.040288e+01 -9.744180e-04 
 3.040327e+01 -1.066761e-03 
 3.040367e+01 -9.253716e-04 
 3.040407e+01 -5.903597e-04 
 3.040447e+01 -1.123379e-04 
 3.040486e+01  4.584325e-04 
 3.040526e+01  1.060302e-03 
 3.040566e+01  1.632337e-03 
 3.040606e+01  2.143400e-03 
 3.040646e+01  2.570589e-03 
 3.040685e+01  2.930462e-03 
 3.040725e+01  3.234719e-03 
 3.040765e+01  3.479567e-03 
 3.040805e+01  3.678295e-03 
 3.040844e+01  3.869750e-03 
 3.040884e+01  4.104597e-03 
 3.040924e+01  4.379000e-03 
 3.040964e+01  4.716812e-03 
 3.041003e+01  5.140760e-03 
 3.041043e+01  5.650425e-03 
 3.041083e+01  6.274767e-03 
 3.041123e+01  7.007073e-03 
 3.041163e+01  7.854828e-03 
 3.041202e+01  8.776568e-03 
 3.041242e+01  9.763445e-03 
 3.041282e+01  1.078867e-02 
 3.041322e+01  1.180699e-02 
 3.041361e+01  1.278641e-02 
 3.041401e+01  1.367491e-02 
 3.041441e+01  1.443482e-02 
 3.041481e+01  1.501212e-02 
 3.041520e+01  1.534383e-02 
 3.041560e+01  1.539109e-02 
 3.041600e+01  1.511818e-02 
 3.041640e+01  1.452203e-02 
 3.041680e+01  1.362791e-02 
 3.041719e+01  1.247935e-02 
 3.041759e+01  1.115372e-02 
 3.041799e+01  9.716556e-03 
 3.041839e+01  8.288171e-03 
 3.041878e+01  6.965598e-03 
 3.041918e+01  5.830150e-03 
 3.041958e+01  4.957336e-03 
 3.041998e+01  4.405612e-03 
 3.042037e+01  4.197438e-03 
 3.042077e+01  4.335232e-03 
 3.042117e+01  4.816418e-03 
 3.042157e+01  5.584425e-03 
 3.042197e+01  6.558584e-03 
 3.042236e+01  7.656025e-03 
 3.042276e+01  8.774840e-03 
 3.042316e+01  9.834144e-03 
 3.042356e+01  1.073980e-02 
 3.042395e+01  1.143511e-02 
 3.042435e+01  1.189750e-02 
 3.042475e+01  1.213994e-02 
 3.042515e+01  1.219107e-02 
 3.042554e+01  1.205437e-02 
 3.042594e+01  1.178736e-02 
 3.042634e+01  1.144523e-02 
 3.042674e+01  1.109309e-02 
 3.042714e+01  1.080686e-02 
 3.042753e+01  1.064065e-02 
 3.042793e+01  1.061251e-02 
 3.042833e+01  1.074797e-02 
 3.042873e+01  1.105107e-02 
 3.042912e+01  1.149659e-02 
 3.042952e+01  1.204018e-02 
 3.042992e+01  1.261617e-02 
 3.043032e+01  1.316773e-02 
 3.043071e+01  1.365437e-02 
 3.043111e+01  1.404162e-02 
 3.043151e+01  1.425981e-02 
 3.043191e+01  1.426814e-02 
 3.043231e+01  1.405139e-02 
 3.043270e+01  1.357198e-02 
 3.043310e+01  1.283328e-02 
 3.043350e+01  1.184599e-02 
 3.043390e+01  1.065546e-02 
 3.043429e+01  9.318872e-03 
 3.043469e+01  7.904015e-03 
 3.043509e+01  6.497786e-03 
 3.043549e+01  5.203137e-03 
 3.043589e+01  4.078017e-03 
 3.043628e+01  3.206082e-03 
 3.043668e+01  2.623315e-03 
 3.043708e+01  2.368618e-03 
 3.043748e+01  2.483866e-03 
 3.043787e+01  2.944913e-03 
 3.043827e+01  3.718570e-03 
 3.043867e+01  4.761982e-03 
 3.043907e+01  6.004778e-03 
 3.043946e+01  7.368778e-03 
 3.043986e+01  8.760135e-03 
 3.044026e+01  1.010209e-02 
 3.044066e+01  1.131199e-02 
 3.044106e+01  1.232660e-02 
 3.044145e+01  1.310490e-02 
 3.044185e+01  1.362664e-02 
 3.044225e+01  1.389393e-02 
 3.044265e+01  1.390196e-02 
 3.044304e+01  1.367449e-02 
 3.044344e+01  1.324618e-02 
 3.044384e+01  1.266505e-02 
 3.044424e+01  1.196345e-02 
 3.044463e+01  1.121296e-02 
 3.044503e+01  1.046001e-02 
 3.044543e+01  9.763446e-03 
 3.044583e+01  9.169992e-03 
 3.044623e+01  8.707186e-03 
 3.044662e+01  8.415041e-03 
 3.044702e+01  8.272782e-03 
 3.044742e+01  8.257802e-03 
 3.044782e+01  8.337682e-03 
 3.044821e+01  8.470152e-03 
 3.044861e+01  8.616487e-03 
 3.044901e+01  8.716872e-03 
 3.044941e+01  8.719861e-03 
 3.044980e+01  8.587719e-03 
 3.045020e+01  8.310056e-03 
 3.045060e+01  7.882807e-03 
 3.045100e+01  7.327511e-03 
 3.045140e+01  6.664342e-03 
 3.045179e+01  5.942059e-03 
 3.045219e+01  5.219978e-03 
 3.045259e+01  4.548280e-03 
 3.045299e+01  3.982710e-03 
 3.045338e+01  3.546574e-03 
 3.045378e+01  3.274663e-03 
 3.045418e+01  3.210490e-03 
 3.045458e+01  3.379104e-03 
 3.045497e+01  3.803559e-03 
 3.045537e+01  4.450432e-03 
 3.045577e+01  5.284508e-03 
 3.045617e+01  6.264159e-03 
 3.045657e+01  7.323271e-03 
 3.045696e+01  8.397174e-03 
 3.045736e+01  9.409787e-03 
 3.045776e+01  1.030465e-02 
 3.045816e+01  1.100918e-02 
 3.045855e+01  1.148788e-02 
 3.045895e+01  1.170596e-02 
 3.045935e+01  1.165847e-02 
 3.045975e+01  1.136472e-02 
 3.046014e+01  1.083501e-02 
 3.046054e+01  1.010978e-02 
 3.046094e+01  9.220887e-03 
 3.046134e+01  8.214323e-03 
 3.046174e+01  7.119193e-03 
 3.046213e+01  5.995617e-03 
 3.046253e+01  4.920575e-03 
 3.046293e+01  3.946409e-03 
 3.046333e+01  3.130781e-03 
 3.046372e+01  2.497813e-03 
 3.046412e+01  2.051587e-03 
 3.046452e+01  1.778860e-03 
 3.046492e+01  1.624881e-03 
 3.046531e+01  1.577677e-03 
 3.046571e+01  1.584421e-03 
 3.046611e+01  1.621645e-03 
 3.046651e+01  1.633311e-03 
 3.046691e+01  1.603942e-03 
 3.046730e+01  1.502337e-03 
 3.046770e+01  1.310904e-03 
 3.046810e+01  1.057131e-03 
 3.046850e+01  7.494792e-04 
 3.046889e+01  4.376733e-04 
 3.046929e+01  1.419183e-04 
 3.046969e+01 -8.938111e-05 
 3.047009e+01 -2.202235e-04 
 3.047048e+01 -2.053611e-04 
 3.047088e+01 -3.584703e-05 
 3.047128e+01  2.863563e-04 
 3.047168e+01  7.326252e-04 
 3.047208e+01  1.291639e-03 
 3.047247e+01  1.927421e-03 
 3.047287e+01  2.602084e-03 
 3.047327e+01  3.274707e-03 
 3.047367e+01  3.910804e-03 
 3.047406e+01  4.467442e-03 
 3.047446e+01  4.923032e-03 
 3.047486e+01  5.245030e-03 
 3.047526e+01  5.385156e-03 
 3.047565e+01  5.330218e-03 
 3.047605e+01  5.053264e-03 
 3.047645e+01  4.569629e-03 
 3.047685e+01  3.877843e-03 
 3.047725e+01  2.982735e-03 
 3.047764e+01  1.886798e-03 
 3.047804e+01  6.340292e-04 
 3.047844e+01 -7.119685e-04 
 3.047884e+01 -2.084524e-03 
 3.047923e+01 -3.407284e-03 
 3.047963e+01 -4.606784e-03 
 3.048003e+01 -5.631382e-03 
 3.048043e+01 -6.424668e-03 
 3.048082e+01 -6.941588e-03 
 3.048122e+01 -7.163793e-03 
 3.048162e+01 -7.086229e-03 
 3.048202e+01 -6.721677e-03 
 3.048242e+01 -6.106758e-03 
 3.048281e+01 -5.298776e-03 
 3.048321e+01 -4.344825e-03 
 3.048361e+01 -3.334518e-03 
 3.048401e+01 -2.354125e-03 
 3.048440e+01 -1.478165e-03 
 3.048480e+01 -7.788085e-04 
 3.048520e+01 -3.123493e-04 
 3.048560e+01 -8.944636e-05 
 3.048599e+01 -1.051382e-04 
 3.048639e+01 -3.274893e-04 
 3.048679e+01 -6.757785e-04 
 3.048719e+01 -1.093768e-03 
 3.048759e+01 -1.483278e-03 
 3.048798e+01 -1.782118e-03 
 3.048838e+01 -1.913169e-03 
 3.048878e+01 -1.832940e-03 
 3.048918e+01 -1.515632e-03 
 3.048957e+01 -9.502170e-04 
 3.048997e+01 -1.752735e-04 
 3.049037e+01  7.784222e-04 
 3.049077e+01  1.853501e-03 
 3.049116e+01  2.951299e-03 
 3.049156e+01  3.990421e-03 
 3.049196e+01  4.880215e-03 
 3.049236e+01  5.551679e-03 
 3.049276e+01  5.926664e-03 
 3.049315e+01  5.974477e-03 
 3.049355e+01  5.675737e-03 
 3.049395e+01  5.044571e-03 
 3.049435e+01  4.158929e-03 
 3.049474e+01  3.084917e-03 
 3.049514e+01  1.883474e-03 
 3.049554e+01  6.455488e-04 
 3.049594e+01 -5.481272e-04 
 3.049633e+01 -1.613129e-03 
 3.049673e+01 -2.476094e-03 
 3.049713e+01 -3.056336e-03 
 3.049753e+01 -3.315198e-03 
 3.049793e+01 -3.216219e-03 
 3.049832e+01 -2.747123e-03 
 3.049872e+01 -1.930577e-03 
 3.049912e+01 -8.200449e-04 
 3.049952e+01  5.108084e-04 
 3.049991e+01  1.984972e-03 
 3.050031e+01  3.511744e-03 
 3.050071e+01  5.019007e-03 
 3.050111e+01  6.406109e-03 
 3.050150e+01  7.627342e-03 
 3.050190e+01  8.657017e-03 
 3.050230e+01  9.472872e-03 
 3.050270e+01  1.005516e-02 
 3.050310e+01  1.042481e-02 
 3.050349e+01  1.058855e-02 
 3.050389e+01  1.055123e-02 
 3.050429e+01  1.035525e-02 
 3.050469e+01  1.001902e-02 
 3.050508e+01  9.599853e-03 
 3.050548e+01  9.155166e-03 
 3.050588e+01  8.744068e-03 
 3.050628e+01  8.379671e-03 
 3.050667e+01  8.100970e-03 
 3.050707e+01  7.915052e-03 
 3.050747e+01  7.818749e-03 
 3.050787e+01  7.813379e-03 
 3.050827e+01  7.906132e-03 
 3.050866e+01  8.052973e-03 
 3.050906e+01  8.217625e-03 
 3.050946e+01  8.374450e-03 
 3.050986e+01  8.464745e-03 
 3.051025e+01  8.466148e-03 
 3.051065e+01  8.353973e-03 
 3.051105e+01  8.137781e-03 
 3.051145e+01  7.804124e-03 
 3.051184e+01  7.383300e-03 
 3.051224e+01  6.879690e-03 
 3.051264e+01  6.300329e-03 
 3.051304e+01  5.680445e-03 
 3.051344e+01  5.071333e-03 
 3.051383e+01  4.542687e-03 
 3.051423e+01  4.184253e-03 
 3.051463e+01  4.091748e-03 
 3.051503e+01  4.285939e-03 
 3.051542e+01  4.780410e-03 
 3.051582e+01  5.565127e-03 
 3.051622e+01  6.585555e-03 
 3.051662e+01  7.793442e-03 
 3.051701e+01  9.123914e-03 
 3.051741e+01  1.048014e-02 
 3.051781e+01  1.178989e-02 
 3.051821e+01  1.299864e-02 
 3.051861e+01  1.402933e-02 
 3.051900e+01  1.480567e-02 
 3.051940e+01  1.530669e-02 
 3.051980e+01  1.550118e-02 
 3.052020e+01  1.540278e-02 
 3.052059e+01  1.506052e-02 
 3.052099e+01  1.450187e-02 
 3.052139e+01  1.376661e-02 
 3.052179e+01  1.291112e-02 
 3.052218e+01  1.200494e-02 
 3.052258e+01  1.108758e-02 
 3.052298e+01  1.022020e-02 
 3.052338e+01  9.440995e-03 
 3.052378e+01  8.765013e-03 
 3.052417e+01  8.236185e-03 
 3.052457e+01  7.861564e-03 
 3.052497e+01  7.626813e-03 
 3.052537e+01  7.531224e-03 
 3.052576e+01  7.566055e-03 
 3.052616e+01  7.689829e-03 
 3.052656e+01  7.860274e-03 
 3.052696e+01  8.047615e-03 
 3.052736e+01  8.167063e-03 
 3.052775e+01  8.210317e-03 
 3.052815e+01  8.137189e-03 
 3.052855e+01  7.933657e-03 
 3.052895e+01  7.607842e-03 
 3.052934e+01  7.205748e-03 
 3.052974e+01  6.786953e-03 
 3.053014e+01  6.389218e-03 
 3.053054e+01  6.065114e-03 
 3.053093e+01  5.828369e-03 
 3.053133e+01  5.692703e-03 
 3.053173e+01  5.727146e-03 
 3.053213e+01  5.915088e-03 
 3.053253e+01  6.270382e-03 
 3.053292e+01  6.786088e-03 
 3.053332e+01  7.476302e-03 
 3.053372e+01  8.279428e-03 
 3.053412e+01  9.176691e-03 
 3.053451e+01  1.010505e-02 
 3.053491e+01  1.098329e-02 
 3.053531e+01  1.175769e-02 
 3.053571e+01  1.239208e-02 
 3.053610e+01  1.283002e-02 
 3.053650e+01  1.305820e-02 
 3.053690e+01  1.305400e-02 
 3.053730e+01  1.279608e-02 
 3.053770e+01  1.228808e-02 
 3.053809e+01  1.157030e-02 
 3.053849e+01  1.066676e-02 
 3.053889e+01  9.621867e-03 
 3.053929e+01  8.501916e-03 
 3.053968e+01  7.356296e-03 
 3.054008e+01  6.265809e-03 
 3.054048e+01  5.297624e-03 
 3.054088e+01  4.505758e-03 
 3.054127e+01  3.907134e-03 
 3.054167e+01  3.558880e-03 
 3.054207e+01  3.493693e-03 
 3.054247e+01  3.710828e-03 
 3.054287e+01  4.220507e-03 
 3.054326e+01  4.969205e-03 
 3.054366e+01  5.890858e-03 
 3.054406e+01  6.914717e-03 
 3.054446e+01  7.971318e-03 
 3.054485e+01  8.953459e-03 
 3.054525e+01  9.803083e-03 
 3.054565e+01  1.048685e-02 
 3.054605e+01  1.096040e-02 
 3.054644e+01  1.121417e-02 
 3.054684e+01  1.124787e-02 
 3.054724e+01  1.105153e-02 
 3.054764e+01  1.068598e-02 
 3.054804e+01  1.020265e-02 
 3.054843e+01  9.674481e-03 
 3.054883e+01  9.156705e-03 
 3.054923e+01  8.758909e-03 
 3.054963e+01  8.531935e-03 
 3.055002e+01  8.499924e-03 
 3.055042e+01  8.657598e-03 
 3.055082e+01  8.978355e-03 
 3.055122e+01  9.425791e-03 
 3.055161e+01  9.937038e-03 
 3.055201e+01  1.046116e-02 
 3.055241e+01  1.090406e-02 
 3.055281e+01  1.120122e-02 
 3.055321e+01  1.132487e-02 
 3.055360e+01  1.123998e-02 
 3.055400e+01  1.094375e-02 
 3.055440e+01  1.040584e-02 
 3.055480e+01  9.635015e-03 
 3.055519e+01  8.643072e-03 
 3.055559e+01  7.492146e-03 
 3.055599e+01  6.235341e-03 
 3.055639e+01  4.925506e-03 
 3.055678e+01  3.679029e-03 
 3.055718e+01  2.550585e-03 
 3.055758e+01  1.616307e-03 
 3.055798e+01  9.212574e-04 
 3.055838e+01  4.870914e-04 
 3.055877e+01  3.079709e-04 
 3.055917e+01  3.848653e-04 
 3.055957e+01  7.103239e-04 
 3.055997e+01  1.241258e-03 
 3.056036e+01  1.946507e-03 
 3.056076e+01  2.765439e-03 
 3.056116e+01  3.599119e-03 
 3.056156e+01  4.391584e-03 
 3.056195e+01  5.068609e-03 
 3.056235e+01  5.605456e-03 
 3.056275e+01  5.962292e-03 
 3.056315e+01  6.125039e-03 
 3.056355e+01  6.090894e-03 
 3.056394e+01  5.884410e-03 
 3.056434e+01  5.556050e-03 
 3.056474e+01  5.137464e-03 
 3.056514e+01  4.655410e-03 
 3.056553e+01  4.177597e-03 
 3.056593e+01  3.729043e-03 
 3.056633e+01  3.348146e-03 
 3.056673e+01  3.040554e-03 
 3.056712e+01  2.804977e-03 
 3.056752e+01  2.633908e-03 
 3.056792e+01  2.531595e-03 
 3.056832e+01  2.498278e-03 
 3.056872e+01  2.507551e-03 
 3.056911e+01  2.527938e-03 
 3.056951e+01  2.538990e-03 
 3.056991e+01  2.495039e-03 
 3.057031e+01  2.369749e-03 
 3.057070e+01  2.128367e-03 
 3.057110e+01  1.768692e-03 
 3.057150e+01  1.297050e-03 
 3.057190e+01  7.500533e-04 
 3.057229e+01  1.159846e-04 
 3.057269e+01 -5.751160e-04 
 3.057309e+01 -1.290398e-03 
 3.057349e+01 -1.994004e-03 
 3.057389e+01 -2.654453e-03 
 3.057428e+01 -3.213097e-03 
 3.057468e+01 -3.631014e-03 
 3.057508e+01 -3.883884e-03 
 3.057548e+01 -3.922278e-03 
 3.057587e+01 -3.726364e-03 
 3.057627e+01 -3.317120e-03 
 3.057667e+01 -2.702413e-03 
 3.057707e+01 -1.896356e-03 
 3.057746e+01 -9.350710e-04 
 3.057786e+01  1.034715e-04 
 3.057826e+01  1.157930e-03 
 3.057866e+01  2.122389e-03 
 3.057906e+01  2.938430e-03 
 3.057945e+01  3.558035e-03 
 3.057985e+01  3.919918e-03 
 3.058025e+01  4.045608e-03 
 3.058065e+01  3.916811e-03 
 3.058104e+01  3.558263e-03 
 3.058144e+01  3.015243e-03 
 3.058184e+01  2.344432e-03 
 3.058224e+01  1.588901e-03 
 3.058263e+01  7.953884e-04 
 3.058303e+01  2.737805e-05 
 3.058343e+01 -6.869480e-04 
 3.058383e+01 -1.266703e-03 
 3.058423e+01 -1.665077e-03 
 3.058462e+01 -1.837764e-03 
 3.058502e+01 -1.788155e-03 
 3.058542e+01 -1.532452e-03 
 3.058582e+01 -1.083625e-03 
 3.058621e+01 -5.063386e-04 
 3.058661e+01  1.531791e-04 
 3.058701e+01  8.140965e-04 
 3.058741e+01  1.422093e-03 
 3.058780e+01  1.950105e-03 
 3.058820e+01  2.368835e-03 
 3.058860e+01  2.649443e-03 
 3.058900e+01  2.772922e-03 
 3.058940e+01  2.734399e-03 
 3.058979e+01  2.547099e-03 
 3.059019e+01  2.217779e-03 
 3.059059e+01  1.816150e-03 
 3.059099e+01  1.367030e-03 
 3.059138e+01  9.510386e-04 
 3.059178e+01  6.578048e-04 
 3.059218e+01  5.442413e-04 
 3.059258e+01  6.359727e-04 
 3.059297e+01  9.516423e-04 
 3.059337e+01  1.507173e-03 
 3.059377e+01  2.269150e-03 
 3.059417e+01  3.209812e-03 
 3.059457e+01  4.273675e-03 
 3.059496e+01  5.400598e-03 
 3.059536e+01  6.552884e-03 
 3.059576e+01  7.649957e-03 
 3.059616e+01  8.610544e-03 
 3.059655e+01  9.381052e-03 
 3.059695e+01  9.904787e-03 
 3.059735e+01  1.015232e-02 
 3.059775e+01  1.012275e-02 
 3.059814e+01  9.825566e-03 
 3.059854e+01  9.241273e-03 
 3.059894e+01  8.442467e-03 
 3.059934e+01  7.504130e-03 
 3.059974e+01  6.487372e-03 
 3.060013e+01  5.462332e-03 
 3.060053e+01  4.500989e-03 
 3.060093e+01  3.662194e-03 
 3.060133e+01  2.974103e-03 
 3.060172e+01  2.480337e-03 
 3.060212e+01  2.175189e-03 
 3.060252e+01  2.077992e-03 
 3.060292e+01  2.197609e-03 
 3.060331e+01  2.509618e-03 
 3.060371e+01  3.005600e-03 
 3.060411e+01  3.648581e-03 
 3.060451e+01  4.396373e-03 
 3.060491e+01  5.205355e-03 
 3.060530e+01  6.038616e-03 
 3.060570e+01  6.842658e-03 
 3.060610e+01  7.542818e-03 
 3.060650e+01  8.098314e-03 
 3.060689e+01  8.449814e-03 
 3.060729e+01  8.583037e-03 
 3.060769e+01  8.497714e-03 
 3.060809e+01  8.249418e-03 
 3.060848e+01  7.894535e-03 
 3.060888e+01  7.473612e-03 
 3.060928e+01  7.068873e-03 
 3.060968e+01  6.719276e-03 
 3.061008e+01  6.480492e-03 
 3.061047e+01  6.403705e-03 
 3.061087e+01  6.495457e-03 
 3.061127e+01  6.777413e-03 
 3.061167e+01  7.242227e-03 
 3.061206e+01  7.871782e-03 
 3.061246e+01  8.578929e-03 
 3.061286e+01  9.303348e-03 
 3.061326e+01  9.938148e-03 
 3.061365e+01  1.040579e-02 
 3.061405e+01  1.065932e-02 
 3.061445e+01  1.065383e-02 
 3.061485e+01  1.035569e-02 
 3.061525e+01  9.781467e-03 
 3.061564e+01  8.977632e-03 
 3.061604e+01  7.957485e-03 
 3.061644e+01  6.783644e-03 
 3.061684e+01  5.549153e-03 
 3.061723e+01  4.321924e-03 
 3.061763e+01  3.196435e-03 
 3.061803e+01  2.234763e-03 
 3.061843e+01  1.485861e-03 
 3.061883e+01  1.008981e-03 
 3.061922e+01  8.409197e-04 
 3.061962e+01  1.007112e-03 
 3.062002e+01  1.488273e-03 
 3.062042e+01  2.249902e-03 
 3.062081e+01  3.210086e-03 
 3.062121e+01  4.295619e-03 
 3.062161e+01  5.447753e-03 
 3.062201e+01  6.549387e-03 
 3.062240e+01  7.519738e-03 
 3.062280e+01  8.341776e-03 
 3.062320e+01  9.004776e-03 
 3.062360e+01  9.503853e-03 
 3.062400e+01  9.842593e-03 
 3.062439e+01  1.003706e-02 
 3.062479e+01  1.008726e-02 
 3.062519e+01  1.001265e-02 
 3.062559e+01  9.850369e-03 
 3.062598e+01  9.609188e-03 
 3.062638e+01  9.339818e-03 
 3.062678e+01  9.087568e-03 
 3.062718e+01  8.893830e-03 
 3.062757e+01  8.778643e-03 
 3.062797e+01  8.757899e-03 
 3.062837e+01  8.846262e-03 
 3.062877e+01  8.988286e-03 
 3.062917e+01  9.187214e-03 
 3.062956e+01  9.400806e-03 
 3.062996e+01  9.607549e-03 
 3.063036e+01  9.800993e-03 
 3.063076e+01  9.950036e-03 
 3.063115e+01  1.002112e-02 
 3.063155e+01  1.001172e-02 
 3.063195e+01  9.928737e-03 
 3.063235e+01  9.758256e-03 
 3.063274e+01  9.499572e-03 
 3.063314e+01  9.159252e-03 
 3.063354e+01  8.749220e-03 
 3.063394e+01  8.303664e-03 
 3.063434e+01  7.834012e-03 
 3.063473e+01  7.364146e-03 
 3.063513e+01  6.914287e-03 
 3.063553e+01  6.559186e-03 
 3.063593e+01  6.332442e-03 
 3.063632e+01  6.283900e-03 
 3.063672e+01  6.447318e-03 
 3.063712e+01  6.844770e-03 
 3.063752e+01  7.476850e-03 
 3.063791e+01  8.324343e-03 
 3.063831e+01  9.332203e-03 
 3.063871e+01  1.041000e-02 
 3.063911e+01  1.153888e-02 
 3.063951e+01  1.264136e-02 
 3.063990e+01  1.364552e-02 
 3.064030e+01  1.450167e-02 
 3.064070e+01  1.516760e-02 
 3.064110e+01  1.558515e-02 
 3.064149e+01  1.572044e-02 
 3.064189e+01  1.556051e-02 
 3.064229e+01  1.510305e-02 
 3.064269e+01  1.439306e-02 
 3.064308e+01  1.351940e-02 
 3.064348e+01  1.257129e-02 
 3.064388e+01  1.161445e-02 
 3.064428e+01  1.070807e-02 
 3.064468e+01  9.905724e-03 
 3.064507e+01  9.245118e-03 
 3.064547e+01  8.753020e-03 
 3.064587e+01  8.425269e-03 
 3.064627e+01  8.255179e-03 
 3.064666e+01  8.228762e-03 
 3.064706e+01  8.305727e-03 
 3.064746e+01  8.442918e-03 
 3.064786e+01  8.600551e-03 
 3.064825e+01  8.741273e-03 
 3.064865e+01  8.825025e-03 
 3.064905e+01  8.838850e-03 
 3.064945e+01  8.774994e-03 
 3.064985e+01  8.629861e-03 
 3.065024e+01  8.414742e-03 
 3.065064e+01  8.156285e-03 
 3.065104e+01  7.860618e-03 
 3.065144e+01  7.568613e-03 
 3.065183e+01  7.329731e-03 
 3.065223e+01  7.137931e-03 
 3.065263e+01  7.020773e-03 
 3.065303e+01  6.975276e-03 
 3.065342e+01  7.002356e-03 
 3.065382e+01  7.113299e-03 
 3.065422e+01  7.331666e-03 
 3.065462e+01  7.649480e-03 
 3.065502e+01  8.034640e-03 
 3.065541e+01  8.497485e-03 
 3.065581e+01  8.996378e-03 
 3.065621e+01  9.495783e-03 
 3.065661e+01  9.932655e-03 
 3.065700e+01  1.023432e-02 
 3.065740e+01  1.037297e-02 
 3.065780e+01  1.029284e-02 
 3.065820e+01  9.993037e-03 
 3.065859e+01  9.441955e-03 
 3.065899e+01  8.673206e-03 
 3.065939e+01  7.720698e-03 
 3.065979e+01  6.654673e-03 
 3.066019e+01  5.503469e-03 
 3.066058e+01  4.340842e-03 
 3.066098e+01  3.209160e-03 
 3.066138e+01  2.175732e-03 
 3.066178e+01  1.285361e-03 
 3.066217e+01  5.358072e-04 
 3.066257e+01 -3.872536e-05 
 3.066297e+01 -4.177803e-04 
 3.066337e+01 -6.414687e-04 
 3.066376e+01 -6.911065e-04 
 3.066416e+01 -6.135680e-04 
 3.066456e+01 -4.220156e-04 
 3.066496e+01 -1.501495e-04 
 3.066536e+01  1.859698e-04 
 3.066575e+01  5.419884e-04 
 3.066615e+01  8.584980e-04 
 3.066655e+01  1.092285e-03 
 3.066695e+01  1.235814e-03 
 3.066734e+01  1.266343e-03 
 3.066774e+01  1.185594e-03 
 3.066814e+01  1.014337e-03 
 3.066854e+01  7.687124e-04 
 3.066893e+01  5.014734e-04 
 3.066933e+01  2.202435e-04 
 3.066973e+01 -2.878131e-05 
 3.067013e+01 -2.182847e-04 
 3.067053e+01 -3.284426e-04 
 3.067092e+01 -3.285184e-04 
 3.067132e+01 -2.031625e-04 
 3.067172e+01  6.091371e-05 
 3.067212e+01  4.404444e-04 
 3.067251e+01  9.034011e-04 
 3.067291e+01  1.407577e-03 
 3.067331e+01  1.875023e-03 
 3.067371e+01  2.266008e-03 
 3.067410e+01  2.532982e-03 
 3.067450e+01  2.624774e-03 
 3.067490e+01  2.524509e-03 
 3.067530e+01  2.240985e-03 
 3.067570e+01  1.755433e-03 
 3.067609e+01  1.110018e-03 
 3.067649e+01  3.184292e-04 
 3.067689e+01 -5.935158e-04 
 3.067729e+01 -1.566996e-03 
 3.067768e+01 -2.518827e-03 
 3.067808e+01 -3.388749e-03 
 3.067848e+01 -4.119519e-03 
 3.067888e+01 -4.653681e-03 
 3.067927e+01 -4.926048e-03 
 3.067967e+01 -4.889242e-03 
 3.068007e+01 -4.542162e-03 
 3.068047e+01 -3.898927e-03 
 3.068087e+01 -3.010805e-03 
 3.068126e+01 -1.925798e-03 
 3.068166e+01 -6.981700e-04 
 3.068206e+01  5.814029e-04 
 3.068246e+01  1.845120e-03 
 3.068285e+01  3.012907e-03 
 3.068325e+01  4.047278e-03 
 3.068365e+01  4.905367e-03 
 3.068405e+01  5.527343e-03 
 3.068444e+01  5.895935e-03 
 3.068484e+01  6.006012e-03 
 3.068524e+01  5.912896e-03 
 3.068564e+01  5.623173e-03 
 3.068604e+01  5.190824e-03 
 3.068643e+01  4.650829e-03 
 3.068683e+01  4.034988e-03 
 3.068723e+01  3.420144e-03 
 3.068763e+01  2.864718e-03 
 3.068802e+01  2.410305e-03 
 3.068842e+01  2.068560e-03 
 3.068882e+01  1.890747e-03 
 3.068922e+01  1.865370e-03 
 3.068961e+01  1.965717e-03 
 3.069001e+01  2.145111e-03 
 3.069041e+01  2.337641e-03 
 3.069081e+01  2.489870e-03 
 3.069121e+01  2.554637e-03 
 3.069160e+01  2.528697e-03 
 3.069200e+01  2.387303e-03 
 3.069240e+01  2.141497e-03 
 3.069280e+01  1.805196e-03 
 3.069319e+01  1.369040e-03 
 3.069359e+01  8.812912e-04 
 3.069399e+01  3.667641e-04 
 3.069439e+01 -1.303023e-04 
 3.069478e+01 -5.851259e-04 
 3.069518e+01 -9.520346e-04 
 3.069558e+01 -1.201021e-03 
 3.069598e+01 -1.308421e-03 
 3.069638e+01 -1.231479e-03 
 3.069677e+01 -9.883539e-04 
 3.069717e+01 -5.676100e-04 
 3.069757e+01  3.863752e-05 
 3.069797e+01  8.045068e-04 
 3.069836e+01  1.729377e-03 
 3.069876e+01  2.796542e-03 
 3.069916e+01  3.934027e-03 
 3.069956e+01  5.135411e-03 
 3.069995e+01  6.354119e-03 
 3.070035e+01  7.525832e-03 
 3.070075e+01  8.583378e-03 
 3.070115e+01  9.476525e-03 
 3.070155e+01  1.015582e-02 
 3.070194e+01  1.057962e-02 
 3.070234e+01  1.071107e-02 
 3.070274e+01  1.054717e-02 
 3.070314e+01  1.009526e-02 
 3.070353e+01  9.392857e-03 
 3.070393e+01  8.509831e-03 
 3.070433e+01  7.502251e-03 
 3.070473e+01  6.422096e-03 
 3.070512e+01  5.383797e-03 
 3.070552e+01  4.444178e-03 
 3.070592e+01  3.666663e-03 
 3.070632e+01  3.093837e-03 
 3.070672e+01  2.725013e-03 
 3.070711e+01  2.600688e-03 
 3.070751e+01  2.687171e-03 
 3.070791e+01  2.949452e-03 
 3.070831e+01  3.320077e-03 
 3.070870e+01  3.741036e-03 
 3.070910e+01  4.129957e-03 
 3.070950e+01  4.431610e-03 
 3.070990e+01  4.604125e-03 
 3.071030e+01  4.620152e-03 
 3.071069e+01  4.475589e-03 
 3.071109e+01  4.211902e-03 
 3.071149e+01  3.882844e-03 
 3.071189e+01  3.516666e-03 
 3.071228e+01  3.187237e-03 
 3.071268e+01  2.940417e-03 
 3.071308e+01  2.808737e-03 
 3.071348e+01  2.844242e-03 
 3.071387e+01  3.083853e-03 
 3.071427e+01  3.543305e-03 
 3.071467e+01  4.204328e-03 
 3.071507e+01  5.049642e-03 
 3.071547e+01  6.038158e-03 
 3.071586e+01  7.112201e-03 
 3.071626e+01  8.249570e-03 
 3.071666e+01  9.382671e-03 
 3.071706e+01  1.045849e-02 
 3.071745e+01  1.142586e-02 
 3.071785e+01  1.221959e-02 
 3.071825e+01  1.278249e-02 
 3.071865e+01  1.306990e-02 
 3.071904e+01  1.305054e-02 
 3.071944e+01  1.272853e-02 
 3.071984e+01  1.215425e-02 
 3.072024e+01  1.137042e-02 
 3.072064e+01  1.045295e-02 
 3.072103e+01  9.445757e-03 
 3.072143e+01  8.411699e-03 
 3.072183e+01  7.406811e-03 
 3.072223e+01  6.466537e-03 
 3.072262e+01  5.633419e-03 
 3.072302e+01  4.957483e-03 
 3.072342e+01  4.497337e-03 
 3.072382e+01  4.301942e-03 
 3.072421e+01  4.358288e-03 
 3.072461e+01  4.655221e-03 
 3.072501e+01  5.169255e-03 
 3.072541e+01  5.842629e-03 
 3.072581e+01  6.628205e-03 
 3.072620e+01  7.485967e-03 
 3.072660e+01  8.369913e-03 
 3.072700e+01  9.229480e-03 
 3.072740e+01  1.006699e-02 
 3.072779e+01  1.085099e-02 
 3.072819e+01  1.151724e-02 
 3.072859e+01  1.206633e-02 
 3.072899e+01  1.248152e-02 
 3.072938e+01  1.276036e-02 
 3.072978e+01  1.292319e-02 
 3.073018e+01  1.299844e-02 
 3.073058e+01  1.303363e-02 
 3.073098e+01  1.306082e-02 
 3.073137e+01  1.311447e-02 
 3.073177e+01  1.322783e-02 
 3.073217e+01  1.342229e-02 
 3.073257e+01  1.370470e-02 
 3.073296e+01  1.408271e-02 
 3.073336e+01  1.453951e-02 
 3.073376e+01  1.504764e-02 
 3.073416e+01  1.557418e-02 
 3.073455e+01  1.606752e-02 
 3.073495e+01  1.649338e-02 
 3.073535e+01  1.678145e-02 
 3.073575e+01  1.688037e-02 
 3.073615e+01  1.675827e-02 
 3.073654e+01  1.638535e-02 
 3.073694e+01  1.576941e-02 
 3.073734e+01  1.491892e-02 
 3.073774e+01  1.387797e-02 
 3.073813e+01  1.268409e-02 
 3.073853e+01  1.141994e-02 
 3.073893e+01  1.016030e-02 
 3.073933e+01  8.964085e-03 
 3.073972e+01  7.933495e-03 
 3.074012e+01  7.114327e-03 
 3.074052e+01  6.563929e-03 
 3.074092e+01  6.275730e-03 
 3.074132e+01  6.244174e-03 
 3.074171e+01  6.439833e-03 
 3.074211e+01  6.821672e-03 
 3.074251e+01  7.369544e-03 
 3.074291e+01  8.024207e-03 
 3.074330e+01  8.728727e-03 
 3.074370e+01  9.466536e-03 
 3.074410e+01  1.019457e-02 
 3.074450e+01  1.088005e-02 
 3.074489e+01  1.148435e-02 
 3.074529e+01  1.200233e-02 
 3.074569e+01  1.239692e-02 
 3.074609e+01  1.266820e-02 
 3.074649e+01  1.280504e-02 
 3.074688e+01  1.279948e-02 
 3.074728e+01  1.264562e-02 
 3.074768e+01  1.235450e-02 
 3.074808e+01  1.195526e-02 
 3.074847e+01  1.148607e-02 
 3.074887e+01  1.096160e-02 
 3.074927e+01  1.040433e-02 
 3.074967e+01  9.857419e-03 
 3.075006e+01  9.331987e-03 
 3.075046e+01  8.802791e-03 
 3.075086e+01  8.300374e-03 
 3.075126e+01  7.821079e-03 
 3.075166e+01  7.346298e-03 
 3.075205e+01  6.879884e-03 
 3.075245e+01  6.404138e-03 
 3.075285e+01  5.906609e-03 
 3.075325e+01  5.359865e-03 
 3.075364e+01  4.750385e-03 
 3.075404e+01  4.101676e-03 
 3.075444e+01  3.414822e-03 
 3.075484e+01  2.734438e-03 
 3.075523e+01  2.084982e-03 
 3.075563e+01  1.505861e-03 
 3.075603e+01  1.010894e-03 
 3.075643e+01  6.403867e-04 
 3.075683e+01  3.911172e-04 
 3.075722e+01  2.689713e-04 
 3.075762e+01  2.920765e-04 
 3.075802e+01  4.368469e-04 
 3.075842e+01  7.302046e-04 
 3.075881e+01  1.134251e-03 
 3.075921e+01  1.643770e-03 
 3.075961e+01  2.235348e-03 
 3.076001e+01  2.864912e-03 
 3.076040e+01  3.491119e-03 
 3.076080e+01  4.059517e-03 
 3.076120e+01  4.525995e-03 
 3.076160e+01  4.864401e-03 
 3.076200e+01  5.065828e-03 
 3.076239e+01  5.131556e-03 
 3.076279e+01  5.067739e-03 
 3.076319e+01  4.853263e-03 
 3.076359e+01  4.498434e-03 
 3.076398e+01  3.992805e-03 
 3.076438e+01  3.354823e-03 
 3.076478e+01  2.619709e-03 
 3.076518e+01  1.817532e-03 
 3.076557e+01  1.001907e-03 
 3.076597e+01  2.434262e-04 
 3.076637e+01 -4.353325e-04 
 3.076677e+01 -1.005598e-03 
 3.076717e+01 -1.467462e-03 
 3.076756e+01 -1.791937e-03 
 3.076796e+01 -1.996692e-03 
 3.076836e+01 -2.101558e-03 
 3.076876e+01 -2.100362e-03 
 3.076915e+01 -2.056494e-03 
 3.076955e+01 -2.007842e-03 
 3.076995e+01 -2.005655e-03 
 3.077035e+01 -2.087975e-03 
 3.077074e+01 -2.271298e-03 
 3.077114e+01 -2.565240e-03 
 3.077154e+01 -2.927475e-03 
 3.077194e+01 -3.310713e-03 
 3.077234e+01 -3.687976e-03 
 3.077273e+01 -4.009088e-03 
 3.077313e+01 -4.216370e-03 
 3.077353e+01 -4.281501e-03 
 3.077393e+01 -4.171499e-03 
 3.077432e+01 -3.858468e-03 
 3.077472e+01 -3.320188e-03 
 3.077512e+01 -2.550019e-03 
 3.077552e+01 -1.579505e-03 
 3.077591e+01 -4.352566e-04 
 3.077631e+01  8.377058e-04 
 3.077671e+01  2.162952e-03 
 3.077711e+01  3.462489e-03 
 3.077751e+01  4.673636e-03 
 3.077790e+01  5.716664e-03 
 3.077830e+01  6.551384e-03 
 3.077870e+01  7.132492e-03 
 3.077910e+01  7.401581e-03 
 3.077949e+01  7.328529e-03 
 3.077989e+01  6.936833e-03 
 3.078029e+01  6.244292e-03 
 3.078069e+01  5.303252e-03 
 3.078108e+01  4.188964e-03 
 3.078148e+01  2.950361e-03 
 3.078188e+01  1.685038e-03 
 3.078228e+01  4.715887e-04 
 3.078268e+01 -6.066964e-04 
 3.078307e+01 -1.524962e-03 
 3.078347e+01 -2.226834e-03 
 3.078387e+01 -2.692517e-03 
 3.078427e+01 -2.897671e-03 
 3.078466e+01 -2.836417e-03 
 3.078506e+01 -2.541067e-03 
 3.078546e+01 -2.059964e-03 
 3.078586e+01 -1.434667e-03 
 3.078625e+01 -7.046520e-04 
 3.078665e+01  7.477187e-05 
 3.078705e+01  8.488967e-04 
 3.078745e+01  1.584151e-03 
 3.078785e+01  2.213599e-03 
 3.078824e+01  2.727741e-03 
 3.078864e+01  3.113137e-03 
 3.078904e+01  3.351487e-03 
 3.078944e+01  3.495339e-03 
 3.078983e+01  3.582869e-03 
 3.079023e+01  3.621023e-03 
 3.079063e+01  3.666745e-03 
 3.079103e+01  3.770975e-03 
 3.079142e+01  3.926557e-03 
 3.079182e+01  4.134437e-03 
 3.079222e+01  4.435378e-03 
 3.079262e+01  4.812705e-03 
 3.079302e+01  5.250556e-03 
 3.079341e+01  5.772765e-03 
 3.079381e+01  6.371608e-03 
 3.079421e+01  7.003526e-03 
 3.079461e+01  7.620497e-03 
 3.079500e+01  8.182884e-03 
 3.079540e+01  8.629221e-03 
 3.079580e+01  8.940143e-03 
 3.079620e+01  9.063963e-03 
 3.079659e+01  8.946420e-03 
 3.079699e+01  8.588200e-03 
 3.079739e+01  7.972335e-03 
 3.079779e+01  7.097063e-03 
 3.079819e+01  6.011165e-03 
 3.079858e+01  4.763192e-03 
 3.079898e+01  3.395874e-03 
 3.079938e+01  1.971440e-03 
 3.079978e+01  6.155019e-04 
 3.080017e+01 -6.223027e-04 
 3.080057e+01 -1.651815e-03 
 3.080097e+01 -2.386862e-03 
 3.080137e+01 -2.801925e-03 
 3.080176e+01 -2.865850e-03 
 3.080216e+01 -2.551631e-03 
 3.080256e+01 -1.936075e-03 
 3.080296e+01 -1.068218e-03 
 3.080336e+01  2.468567e-06 
 3.080375e+01  1.188908e-03 
 3.080415e+01  2.444698e-03 
 3.080455e+01  3.710966e-03 
 3.080495e+01  4.928746e-03 
 3.080534e+01  6.032006e-03 
 3.080574e+01  6.984993e-03 
 3.080614e+01  7.772949e-03 
 3.080654e+01  8.364804e-03 
 3.080694e+01  8.769917e-03 
 3.080733e+01  9.016464e-03 
 3.080773e+01  9.108281e-03 
 3.080813e+01  9.083457e-03 
 3.080853e+01  8.985802e-03 
 3.080892e+01  8.831647e-03 
 3.080932e+01  8.648783e-03 
 3.080972e+01  8.512278e-03 
 3.081012e+01  8.442121e-03 
 3.081051e+01  8.465250e-03 
 3.081091e+01  8.580003e-03 
 3.081131e+01  8.730642e-03 
 3.081171e+01  8.892847e-03 
 3.081211e+01  9.013300e-03 
 3.081250e+01  9.056603e-03 
 3.081290e+01  9.006238e-03 
 3.081330e+01  8.863585e-03 
 3.081370e+01  8.584353e-03 
 3.081409e+01  8.169429e-03 
 3.081449e+01  7.663183e-03 
 3.081489e+01  7.061520e-03 
 3.081529e+01  6.380063e-03 
 3.081568e+01  5.660425e-03 
 3.081608e+01  4.946990e-03 
 3.081648e+01  4.243529e-03 
 3.081688e+01  3.591522e-03 
 3.081728e+01  3.080674e-03 
 3.081767e+01  2.729596e-03 
 3.081807e+01  2.574369e-03 
 3.081847e+01  2.651321e-03 
 3.081887e+01  2.970655e-03 
 3.081926e+01  3.527598e-03 
 3.081966e+01  4.307157e-03 
 3.082006e+01  5.283575e-03 
 3.082046e+01  6.423692e-03 
 3.082085e+01  7.693805e-03 
 3.082125e+01  9.032931e-03 
 3.082165e+01  1.035297e-02 
 3.082205e+01  1.164484e-02 
 3.082245e+01  1.281893e-02 
 3.082284e+01  1.382637e-02 
 3.082324e+01  1.462205e-02 
 3.082364e+01  1.519149e-02 
 3.082404e+01  1.550574e-02 
 3.082443e+01  1.558809e-02 
 3.082483e+01  1.544113e-02 
 3.082523e+01  1.508130e-02 
 3.082563e+01  1.455121e-02 
 3.082602e+01  1.389552e-02 
 3.082642e+01  1.315948e-02 
 3.082682e+01  1.240313e-02 
 3.082722e+01  1.165514e-02 
 3.082762e+01  1.097064e-02 
 3.082801e+01  1.038001e-02 
 3.082841e+01  9.943071e-03 
 3.082881e+01  9.671758e-03 
 3.082921e+01  9.537414e-03 
 3.082960e+01  9.554733e-03 
 3.083000e+01  9.675713e-03 
 3.083040e+01  9.853857e-03 
 3.083080e+01  1.003671e-02 
 3.083119e+01  1.014903e-02 
 3.083159e+01  1.012860e-02 
 3.083199e+01  9.985943e-03 
 3.083239e+01  9.732471e-03 
 3.083279e+01  9.364662e-03 
 3.083318e+01  8.931857e-03 
 3.083358e+01  8.488474e-03 
 3.083398e+01  8.068618e-03 
 3.083438e+01  7.721315e-03 
 3.083477e+01  7.502467e-03 
 3.083517e+01  7.467422e-03 
 3.083557e+01  7.642532e-03 
 3.083597e+01  8.038913e-03 
 3.083636e+01  8.673906e-03 
 3.083676e+01  9.515536e-03 
 3.083716e+01  1.051581e-02 
 3.083756e+01  1.161211e-02 
 3.083796e+01  1.274429e-02 
 3.083835e+01  1.384021e-02 
 3.083875e+01  1.482876e-02 
 3.083915e+01  1.563687e-02 
 3.083955e+01  1.623101e-02 
 3.083994e+01  1.654117e-02 
 3.084034e+01  1.651052e-02 
 3.084074e+01  1.616863e-02 
 3.084114e+01  1.554980e-02 
 3.084153e+01  1.469016e-02 
 3.084193e+01  1.363719e-02 
 3.084233e+01  1.247448e-02 
 3.084273e+01  1.123249e-02 
 3.084313e+01  9.979680e-03 
 3.084352e+01  8.769756e-03 
 3.084392e+01  7.623566e-03 
 3.084432e+01  6.591592e-03 
 3.084472e+01  5.697725e-03 
 3.084511e+01  4.965140e-03 
 3.084551e+01  4.398106e-03 
 3.084591e+01  3.996167e-03 
 3.084631e+01  3.723386e-03 
 3.084670e+01  3.543103e-03 
 3.084710e+01  3.428893e-03 
 3.084750e+01  3.358955e-03 
 3.084790e+01  3.295485e-03 
 3.084830e+01  3.229714e-03 
 3.084869e+01  3.166636e-03 
 3.084909e+01  3.102478e-03 
 3.084949e+01  3.042437e-03 
 3.084989e+01  3.010638e-03 
 3.085028e+01  3.006235e-03 
 3.085068e+01  3.044766e-03 
 3.085108e+01  3.147113e-03 
 3.085148e+01  3.287361e-03 
 3.085187e+01  3.497867e-03 
 3.085227e+01  3.774322e-03 
 3.085267e+01  4.135434e-03 
 3.085307e+01  4.564817e-03 
 3.085347e+01  5.056829e-03 
 3.085386e+01  5.582653e-03 
 3.085426e+01  6.113416e-03 
 3.085466e+01  6.625256e-03 
 3.085506e+01  7.057656e-03 
 3.085545e+01  7.394737e-03 
 3.085585e+01  7.620892e-03 
 3.085625e+01  7.687197e-03 
 3.085665e+01  7.585988e-03 
 3.085704e+01  7.298820e-03 
 3.085744e+01  6.833840e-03 
 3.085784e+01  6.148719e-03 
 3.085824e+01  5.283158e-03 
 3.085864e+01  4.278958e-03 
 3.085903e+01  3.165629e-03 
 3.085943e+01  2.001033e-03 
 3.085983e+01  8.487765e-04 
 3.086023e+01 -2.527281e-04 
 3.086062e+01 -1.250421e-03 
 3.086102e+01 -2.085332e-03 
 3.086142e+01 -2.706824e-03 
 3.086182e+01 -3.084009e-03 
 3.086221e+01 -3.208681e-03 
 3.086261e+01 -3.111765e-03 
 3.086301e+01 -2.784067e-03 
 3.086341e+01 -2.265052e-03 
 3.086381e+01 -1.629418e-03 
 3.086420e+01 -9.035891e-04 
 3.086460e+01 -1.176662e-04 
 3.086500e+01  6.725862e-04 
 3.086540e+01  1.433146e-03 
 3.086579e+01  2.131128e-03 
 3.086619e+01  2.724037e-03 
 3.086659e+01  3.181449e-03 
 3.086699e+01  3.516079e-03 
 3.086738e+01  3.721603e-03 
 3.086778e+01  3.827771e-03 
 3.086818e+01  3.859071e-03 
 3.086858e+01  3.844861e-03 
 3.086898e+01  3.806331e-03 
 3.086937e+01  3.784149e-03 
 3.086977e+01  3.823755e-03 
 3.087017e+01  3.933751e-03 
 3.087057e+01  4.131123e-03 
 3.087096e+01  4.425265e-03 
 3.087136e+01  4.765743e-03 
 3.087176e+01  5.115854e-03 
 3.087216e+01  5.458177e-03 
 3.087255e+01  5.711166e-03 
 3.087295e+01  5.857686e-03 
 3.087335e+01  5.887895e-03 
 3.087375e+01  5.784846e-03 
 3.087415e+01  5.522444e-03 
 3.087454e+01  5.098114e-03 
 3.087494e+01  4.488735e-03 
 3.087534e+01  3.673723e-03 
 3.087574e+01  2.713087e-03 
 3.087613e+01  1.625323e-03 
 3.087653e+01  4.611785e-04 
 3.087693e+01 -7.143892e-04 
 3.087733e+01 -1.825164e-03 
 3.087772e+01 -2.812018e-03 
 3.087812e+01 -3.593123e-03 
 3.087852e+01 -4.117751e-03 
 3.087892e+01 -4.366386e-03 
 3.087932e+01 -4.289302e-03 
 3.087971e+01 -3.844285e-03 
 3.088011e+01 -3.079561e-03 
 3.088051e+01 -2.014855e-03 
 3.088091e+01 -6.973527e-04 
 3.088130e+01  7.601239e-04 
 3.088170e+01  2.286909e-03 
 3.088210e+01  3.803458e-03 
 3.088250e+01  5.224115e-03 
 3.088289e+01  6.438730e-03 
 3.088329e+01  7.446267e-03 
 3.088369e+01  8.185006e-03 
 3.088409e+01  8.610909e-03 
 3.088449e+01  8.782150e-03 
 3.088488e+01  8.696015e-03 
 3.088528e+01  8.412871e-03 
 3.088568e+01  7.968518e-03 
 3.088608e+01  7.381186e-03 
 3.088647e+01  6.693920e-03 
 3.088687e+01  5.967096e-03 
 3.088727e+01  5.278951e-03 
 3.088767e+01  4.626245e-03 
 3.088806e+01  4.068946e-03 
 3.088846e+01  3.639936e-03 
 3.088886e+01  3.333993e-03 
 3.088926e+01  3.162852e-03 
 3.088966e+01  3.116809e-03 
 3.089005e+01  3.144454e-03 
 3.089045e+01  3.202740e-03 
 3.089085e+01  3.274463e-03 
 3.089125e+01  3.299052e-03 
 3.089164e+01  3.233725e-03 
 3.089204e+01  3.054609e-03 
 3.089244e+01  2.724785e-03 
 3.089284e+01  2.243840e-03 
 3.089323e+01  1.679690e-03 
 3.089363e+01  1.040411e-03 
 3.089403e+01  3.648812e-04 
 3.089443e+01 -2.604399e-04 
 3.089483e+01 -7.748881e-04 
 3.089522e+01 -1.171648e-03 
 3.089562e+01 -1.382881e-03 
 3.089602e+01 -1.392195e-03 
 3.089642e+01 -1.215619e-03 
 3.089681e+01 -8.211428e-04 
 3.089721e+01 -1.994894e-04 
 3.089761e+01  6.460750e-04 
 3.089801e+01  1.678642e-03 
 3.089841e+01  2.855129e-03 
 3.089880e+01  4.089407e-03 
 3.089920e+01  5.282576e-03 
 3.089960e+01  6.398366e-03 
 3.090000e+01  7.356787e-03 
 3.090039e+01  8.065066e-03 
 3.090079e+01  8.521921e-03 
 3.090119e+01  8.679924e-03 
 3.090159e+01  8.546295e-03 
 3.090198e+01  8.131945e-03 
 3.090238e+01  7.482135e-03 
 3.090278e+01  6.625886e-03 
 3.090318e+01  5.651224e-03 
 3.090358e+01  4.617505e-03 
 3.090397e+01  3.562833e-03 
 3.090437e+01  2.605632e-03 
 3.090477e+01  1.784752e-03 
 3.090517e+01  1.143315e-03 
 3.090556e+01  7.167897e-04 
 3.090596e+01  5.084908e-04 
 3.090636e+01  4.486769e-04 
 3.090676e+01  5.182022e-04 
 3.090715e+01  7.008095e-04 
 3.090755e+01  9.402776e-04 
 3.090795e+01  1.198795e-03 
 3.090835e+01  1.484185e-03 
 3.090875e+01  1.757070e-03 
 3.090914e+01  2.012094e-03 
 3.090954e+01  2.254953e-03 
 3.090994e+01  2.463013e-03 
 3.091034e+01  2.648130e-03 
 3.091073e+01  2.847531e-03 
 3.091113e+01  3.098131e-03 
 3.091153e+01  3.395491e-03 
 3.091193e+01  3.800907e-03 
 3.091232e+01  4.335147e-03 
 3.091272e+01  4.993489e-03 
 3.091312e+01  5.778509e-03 
 3.091352e+01  6.691959e-03 
 3.091392e+01  7.686458e-03 
 3.091431e+01  8.718496e-03 
 3.091471e+01  9.777829e-03 
 3.091511e+01  1.078353e-02 
 3.091551e+01  1.169104e-02 
 3.091590e+01  1.247704e-02 
 3.091630e+01  1.308253e-02 
 3.091670e+01  1.351093e-02 
 3.091710e+01  1.375379e-02 
 3.091749e+01  1.379693e-02 
 3.091789e+01  1.365962e-02 
 3.091829e+01  1.337006e-02 
 3.091869e+01  1.292588e-02 
 3.091909e+01  1.234696e-02 
 3.091948e+01  1.166435e-02 
 3.091988e+01  1.089679e-02 
 3.092028e+01  1.005264e-02 
 3.092068e+01  9.195978e-03 
 3.092107e+01  8.368774e-03 
 3.092147e+01  7.598569e-03 
 3.092187e+01  6.934998e-03 
 3.092227e+01  6.431191e-03 
 3.092266e+01  6.059991e-03 
 3.092306e+01  5.865711e-03 
 3.092346e+01  5.878806e-03 
 3.092386e+01  6.042434e-03 
 3.092426e+01  6.354293e-03 
 3.092465e+01  6.830668e-03 
 3.092505e+01  7.434150e-03 
 3.092545e+01  8.132165e-03 
 3.092585e+01  8.902757e-03 
 3.092624e+01  9.679019e-03 
 3.092664e+01  1.042418e-02 
 3.092704e+01  1.109323e-02 
 3.092744e+01  1.165154e-02 
 3.092783e+01  1.206734e-02 
 3.092823e+01  1.232623e-02 
 3.092863e+01  1.245029e-02 
 3.092903e+01  1.246116e-02 
 3.092943e+01  1.243051e-02 
 3.092982e+01  1.237924e-02 
 3.093022e+01  1.232091e-02 
 3.093062e+01  1.231279e-02 
 3.093102e+01  1.237622e-02 
 3.093141e+01  1.251214e-02 
 3.093181e+01  1.270717e-02 
 3.093221e+01  1.297097e-02 
 3.093261e+01  1.327749e-02 
 3.093300e+01  1.361300e-02 
 3.093340e+01  1.394682e-02 
 3.093380e+01  1.419720e-02 
 3.093420e+01  1.433103e-02 
 3.093460e+01  1.431090e-02 
 3.093499e+01  1.408702e-02 
 3.093539e+01  1.362465e-02 
 3.093579e+01  1.296326e-02 
 3.093619e+01  1.212409e-02 
 3.093658e+01  1.113909e-02 
 3.093698e+01  1.010003e-02 
 3.093738e+01  9.039547e-03 
 3.093778e+01  7.967727e-03 
 3.093817e+01  6.949291e-03 
 3.093857e+01  6.038359e-03 
 3.093897e+01  5.283803e-03 
 3.093937e+01  4.725066e-03 
 3.093977e+01  4.429550e-03 
 3.094016e+01  4.404186e-03 
 3.094056e+01  4.652326e-03 
 3.094096e+01  5.167081e-03 
 3.094136e+01  5.882667e-03 
 3.094175e+01  6.745016e-03 
 3.094215e+01  7.706166e-03 
 3.094255e+01  8.705101e-03 
 3.094295e+01  9.681287e-03 
 3.094334e+01  1.059029e-02 
 3.094374e+01  1.136042e-02 
 3.094414e+01  1.193024e-02 
 3.094454e+01  1.228525e-02 
 3.094494e+01  1.239313e-02 
 3.094533e+01  1.227905e-02 
 3.094573e+01  1.198391e-02 
 3.094613e+01  1.152597e-02 
 3.094653e+01  1.094708e-02 
 3.094692e+01  1.032677e-02 
 3.094732e+01  9.686312e-03 
 3.094772e+01  9.030087e-03 
 3.094812e+01  8.396710e-03 
 3.094851e+01  7.823510e-03 
 3.094891e+01  7.326526e-03 
 3.094931e+01  6.941524e-03 
 3.094971e+01  6.673412e-03 
 3.095011e+01  6.488207e-03 
 3.095050e+01  6.322255e-03 
 3.095090e+01  6.167917e-03 
 3.095130e+01  5.961343e-03 
 3.095170e+01  5.655302e-03 
 3.095209e+01  5.226346e-03 
 3.095249e+01  4.662818e-03 
 3.095289e+01  3.996332e-03 
 3.095329e+01  3.258520e-03 
 3.095368e+01  2.484953e-03 
 3.095408e+01  1.686492e-03 
 3.095448e+01  9.056471e-04 
 3.095488e+01  1.914554e-04 
 3.095528e+01 -4.283923e-04 
 3.095567e+01 -8.835458e-04 
 3.095607e+01 -1.145405e-03 
 3.095647e+01 -1.163942e-03 
 3.095687e+01 -9.215085e-04 
 3.095726e+01 -4.319747e-04 
 3.095766e+01  2.873628e-04 
 3.095806e+01  1.192454e-03 
 3.095846e+01  2.237929e-03 
 3.095885e+01  3.353146e-03 
 3.095925e+01  4.484836e-03 
 3.095965e+01  5.564186e-03 
 3.096005e+01  6.501699e-03 
 3.096045e+01  7.263287e-03 
 3.096084e+01  7.817881e-03 
 3.096124e+01  8.109622e-03 
 3.096164e+01  8.141872e-03 
 3.096204e+01  7.933893e-03 
 3.096243e+01  7.506401e-03 
 3.096283e+01  6.901098e-03 
 3.096323e+01  6.187176e-03 
 3.096363e+01  5.423420e-03 
 3.096402e+01  4.655419e-03 
 3.096442e+01  3.951530e-03 
 3.096482e+01  3.346959e-03 
 3.096522e+01  2.854496e-03 
 3.096562e+01  2.496989e-03 
 3.096601e+01  2.270667e-03 
 3.096641e+01  2.147199e-03 
 3.096681e+01  2.113498e-03 
 3.096721e+01  2.166419e-03 
 3.096760e+01  2.261576e-03 
 3.096800e+01  2.372585e-03 
 3.096840e+01  2.469210e-03 
 3.096880e+01  2.514817e-03 
 3.096919e+01  2.506776e-03 
 3.096959e+01  2.416188e-03 
 3.096999e+01  2.210189e-03 
 3.097039e+01  1.928853e-03 
 3.097079e+01  1.583162e-03 
 3.097118e+01  1.194779e-03 
 3.097158e+01  7.905371e-04 
 3.097198e+01  4.036059e-04 
 3.097238e+01  7.083918e-05 
 3.097277e+01 -1.976209e-04 
 3.097317e+01 -3.227729e-04 
 3.097357e+01 -2.813555e-04 
 3.097397e+01 -1.061699e-04 
 3.097436e+01  2.166325e-04 
 3.097476e+01  6.946178e-04 
 3.097516e+01  1.308431e-03 
 3.097556e+01  2.052699e-03 
 3.097596e+01  2.843543e-03 
 3.097635e+01  3.616186e-03 
 3.097675e+01  4.337373e-03 
 3.097715e+01  4.942943e-03 
 3.097755e+01  5.414685e-03 
 3.097794e+01  5.730765e-03 
 3.097834e+01  5.895101e-03 
 3.097874e+01  5.866681e-03 
 3.097914e+01  5.627230e-03 
 3.097953e+01  5.194430e-03 
 3.097993e+01  4.578300e-03 
 3.098033e+01  3.799541e-03 
 3.098073e+01  2.926545e-03 
 3.098113e+01  1.985698e-03 
 3.098152e+01  1.051553e-03 
 3.098192e+01  1.474305e-04 
 3.098232e+01 -6.705972e-04 
 3.098272e+01 -1.377102e-03 
 3.098311e+01 -1.979829e-03 
 3.098351e+01 -2.444868e-03 
 3.098391e+01 -2.762649e-03 
 3.098431e+01 -2.886671e-03 
 3.098470e+01 -2.796764e-03 
 3.098510e+01 -2.550041e-03 
 3.098550e+01 -2.139893e-03 
 3.098590e+01 -1.618398e-03 
 3.098630e+01 -1.028585e-03 
 3.098669e+01 -4.036063e-04 
 3.098709e+01  2.240295e-04 
 3.098749e+01  8.065044e-04 
 3.098789e+01  1.320528e-03 
 3.098828e+01  1.747093e-03 
 3.098868e+01  2.055556e-03 
 3.098908e+01  2.214911e-03 
 3.098948e+01  2.222994e-03 
 3.098988e+01  2.087119e-03 
 3.099027e+01  1.829709e-03 
 3.099067e+01  1.521307e-03 
 3.099107e+01  1.221694e-03 
 3.099147e+01  9.581593e-04 
 3.099186e+01  7.551488e-04 
 3.099226e+01  6.643028e-04 
 3.099266e+01  6.725386e-04 
 3.099306e+01  8.070316e-04 
 3.099345e+01  1.059666e-03 
 3.099385e+01  1.384318e-03 
 3.099425e+01  1.774219e-03 
 3.099465e+01  2.186979e-03 
 3.099505e+01  2.580612e-03 
 3.099544e+01  2.900472e-03 
 3.099584e+01  3.104244e-03 
 3.099624e+01  3.146477e-03 
 3.099664e+01  2.993990e-03 
 3.099703e+01  2.686254e-03 
 3.099743e+01  2.220392e-03 
 3.099783e+01  1.619346e-03 
 3.099823e+01  9.277228e-04 
 3.099862e+01  1.990239e-04 
 3.099902e+01 -5.018427e-04 
 3.099942e+01 -1.113663e-03 
 3.099982e+01 -1.596267e-03 
 3.100022e+01 -1.887222e-03 
 3.100061e+01 -1.942837e-03 
 3.100101e+01 -1.781156e-03 
 3.100141e+01 -1.373543e-03 
 3.100181e+01 -7.360194e-04 
 3.100220e+01  1.207634e-04 
 3.100260e+01  1.129469e-03 
 3.100300e+01  2.224033e-03 
 3.100340e+01  3.353086e-03 
 3.100379e+01  4.419258e-03 
 3.100419e+01  5.366528e-03 
 3.100459e+01  6.184935e-03 
 3.100499e+01  6.822570e-03 
 3.100539e+01  7.278581e-03 
 3.100578e+01  7.574110e-03 
 3.100618e+01  7.738307e-03 
 3.100658e+01  7.815515e-03 
 3.100698e+01  7.829443e-03 
 3.100737e+01  7.811023e-03 
 3.100777e+01  7.799985e-03 
 3.100817e+01  7.800452e-03 
 3.100857e+01  7.850847e-03 
 3.100896e+01  7.950065e-03 
 3.100936e+01  8.109677e-03 
 3.100976e+01  8.317653e-03 
 3.101016e+01  8.551016e-03 
 3.101056e+01  8.782936e-03 
 3.101095e+01  8.971969e-03 
 3.101135e+01  9.083991e-03 
 3.101175e+01  9.083800e-03 
 3.101215e+01  8.960591e-03 
 3.101254e+01  8.707477e-03 
 3.101294e+01  8.351417e-03 
 3.101334e+01  7.929946e-03 
 3.101374e+01  7.440207e-03 
 3.101413e+01  6.925983e-03 
 3.101453e+01  6.441664e-03 
 3.101493e+01  6.041151e-03 
 3.101533e+01  5.766905e-03 
 3.101573e+01  5.663287e-03 
 3.101612e+01  5.748151e-03 
 3.101652e+01  6.026773e-03 
 3.101692e+01  6.520768e-03 
 3.101732e+01  7.204358e-03 
 3.101771e+01  8.052743e-03 
 3.101811e+01  9.041960e-03 
 3.101851e+01  1.012404e-02 
 3.101891e+01  1.127498e-02 
 3.101930e+01  1.247164e-02 
 3.101970e+01  1.364133e-02 
 3.102010e+01  1.473295e-02 
 3.102050e+01  1.569459e-02 
 3.102090e+01  1.649519e-02 
 3.102129e+01  1.710135e-02 
 3.102169e+01  1.747175e-02 
 3.102209e+01  1.761816e-02 
 3.102249e+01  1.754366e-02 
 3.102288e+01  1.726634e-02 
 3.102328e+01  1.680537e-02 
 3.102368e+01  1.620466e-02 
 3.102408e+01  1.551605e-02 
 3.102447e+01  1.478254e-02 
 3.102487e+01  1.405145e-02 
 3.102527e+01  1.337633e-02 
 3.102567e+01  1.280737e-02 
 3.102607e+01  1.235194e-02 
 3.102646e+01  1.202496e-02 
 3.102686e+01  1.184239e-02 
 3.102726e+01  1.175703e-02 
 3.102766e+01  1.173618e-02 
 3.102805e+01  1.173063e-02 
 3.102845e+01  1.172107e-02 
 3.102885e+01  1.166308e-02 
 3.102925e+01  1.154831e-02 
 3.102964e+01  1.138650e-02 
 3.103004e+01  1.116460e-02 
 3.103044e+01  1.088089e-02 
 3.103084e+01  1.053345e-02 
 3.103124e+01  1.012143e-02 
 3.103163e+01  9.673961e-03 
 3.103203e+01  9.207398e-03 
 3.103243e+01  8.751696e-03 
 3.103283e+01  8.349668e-03 
 3.103322e+01  8.067763e-03 
 3.103362e+01  7.933705e-03 
 3.103402e+01  7.980965e-03 
 3.103442e+01  8.195547e-03 
 3.103481e+01  8.567382e-03 
 3.103521e+01  9.062799e-03 
 3.103561e+01  9.644920e-03 
 3.103601e+01  1.028355e-02 
 3.103641e+01  1.093376e-02 
 3.103680e+01  1.157652e-02 
 3.103720e+01  1.216522e-02 
 3.103760e+01  1.265509e-02 
 3.103800e+01  1.302082e-02 
 3.103839e+01  1.324197e-02 
 3.103879e+01  1.328931e-02 
 3.103919e+01  1.315837e-02 
 3.103959e+01  1.282661e-02 
 3.103998e+01  1.230327e-02 
 3.104038e+01  1.161576e-02 
 3.104078e+01  1.076743e-02 
 3.104118e+01  9.808440e-03 
 3.104158e+01  8.770930e-03 
 3.104197e+01  7.689288e-03 
 3.104237e+01  6.608568e-03 
 3.104277e+01  5.582827e-03 
 3.104317e+01  4.643281e-03 
 3.104356e+01  3.809804e-03 
 3.104396e+01  3.109089e-03 
 3.104436e+01  2.588308e-03 
 3.104476e+01  2.265483e-03 
 3.104515e+01  2.127218e-03 
 3.104555e+01  2.184165e-03 
 3.104595e+01  2.422274e-03 
 3.104635e+01  2.797306e-03 
 3.104675e+01  3.267107e-03 
 3.104714e+01  3.804433e-03 
 3.104754e+01  4.370237e-03 
 3.104794e+01  4.936859e-03 
 3.104834e+01  5.450817e-03 
 3.104873e+01  5.884483e-03 
 3.104913e+01  6.207921e-03 
 3.104953e+01  6.407119e-03 
 3.104993e+01  6.482140e-03 
 3.105032e+01  6.468829e-03 
 3.105072e+01  6.364780e-03 
 3.105112e+01  6.195240e-03 
 3.105152e+01  5.979524e-03 
 3.105192e+01  5.774248e-03 
 3.105231e+01  5.586834e-03 
 3.105271e+01  5.464761e-03 
 3.105311e+01  5.439311e-03 
 3.105351e+01  5.543165e-03 
 3.105390e+01  5.789324e-03 
 3.105430e+01  6.131892e-03 
 3.105470e+01  6.514078e-03 
 3.105510e+01  6.868839e-03 
 3.105549e+01  7.126510e-03 
 3.105589e+01  7.236342e-03 
 3.105629e+01  7.144255e-03 
 3.105669e+01  6.842156e-03 
 3.105709e+01  6.314219e-03 
 3.105748e+01  5.583623e-03 
 3.105788e+01  4.692175e-03 
 3.105828e+01  3.689666e-03 
 3.105868e+01  2.637909e-03 
 3.105907e+01  1.594719e-03 
 3.105947e+01  6.061524e-04 
 3.105987e+01 -2.745661e-04 
 3.106027e+01 -9.921281e-04 
 3.106066e+01 -1.495293e-03 
 3.106106e+01 -1.749806e-03 
 3.106146e+01 -1.745113e-03 
 3.106186e+01 -1.479936e-03 
 3.106226e+01 -9.768561e-04 
 3.106265e+01 -2.801682e-04 
 3.106305e+01  5.527318e-04 
 3.106345e+01  1.438942e-03 
 3.106385e+01  2.321715e-03 
 3.106424e+01  3.132770e-03 
 3.106464e+01  3.834030e-03 
 3.106504e+01  4.417418e-03 
 3.106544e+01  4.823234e-03 
 3.106583e+01  5.041484e-03 
 3.106623e+01  5.070119e-03 
 3.106663e+01  4.946971e-03 
 3.106703e+01  4.674003e-03 
 3.106743e+01  4.273764e-03 
 3.106782e+01  3.809052e-03 
 3.106822e+01  3.352023e-03 
 3.106862e+01  2.910212e-03 
 3.106902e+01  2.572468e-03 
 3.106941e+01  2.365926e-03 
 3.106981e+01  2.304452e-03 
 3.107021e+01  2.383520e-03 
 3.107061e+01  2.582592e-03 
 3.107100e+01  2.875216e-03 
 3.107140e+01  3.219752e-03 
 3.107180e+01  3.540913e-03 
 3.107220e+01  3.797262e-03 
 3.107260e+01  3.946493e-03 
 3.107299e+01  3.944707e-03 
 3.107339e+01  3.756422e-03 
 3.107379e+01  3.397188e-03 
 3.107419e+01  2.872741e-03 
 3.107458e+01  2.213231e-03 
 3.107498e+01  1.441082e-03 
 3.107538e+01  6.323424e-04 
 3.107578e+01 -1.582213e-04 
 3.107617e+01 -8.822724e-04 
 3.107657e+01 -1.461261e-03 
 3.107697e+01 -1.888171e-03 
 3.107737e+01 -2.101370e-03 
 3.107777e+01 -2.092415e-03 
 3.107816e+01 -1.878206e-03 
 3.107856e+01 -1.461348e-03 
 3.107896e+01 -8.714296e-04 
 3.107936e+01 -1.325662e-04 
 3.107975e+01  6.889538e-04 
 3.108015e+01  1.541969e-03 
 3.108055e+01  2.363512e-03 
 3.108095e+01  3.094137e-03 
 3.108135e+01  3.677510e-03 
 3.108174e+01  4.110365e-03 
 3.108214e+01  4.353006e-03 
 3.108254e+01  4.406512e-03 
 3.108294e+01  4.256462e-03 
 3.108333e+01  3.880146e-03 
 3.108373e+01  3.302224e-03 
 3.108413e+01  2.560906e-03 
 3.108453e+01  1.710418e-03 
 3.108492e+01  8.028518e-04 
 3.108532e+01 -9.231563e-05 
 3.108572e+01 -9.102739e-04 
 3.108612e+01 -1.640548e-03 
 3.108652e+01 -2.261722e-03 
 3.108691e+01 -2.768763e-03 
 3.108731e+01 -3.157248e-03 
 3.108771e+01 -3.448802e-03 
 3.108811e+01 -3.614702e-03 
 3.108850e+01 -3.637472e-03 
 3.108890e+01 -3.521032e-03 
 3.108930e+01 -3.283899e-03 
 3.108970e+01 -2.953281e-03 
 3.109009e+01 -2.536722e-03 
 3.109049e+01 -2.070709e-03 
 3.109089e+01 -1.605832e-03 
 3.109129e+01 -1.164956e-03 
 3.109169e+01 -7.328605e-04 
 3.109208e+01 -3.257713e-04 
 3.109248e+01  2.920259e-05 
 3.109288e+01  3.653112e-04 
 3.109328e+01  6.846504e-04 
 3.109367e+01  1.000319e-03 
 3.109407e+01  1.321100e-03 
 3.109447e+01  1.659039e-03 
 3.109487e+01  2.030779e-03 
 3.109526e+01  2.427463e-03 
 3.109566e+01  2.872048e-03 
 3.109606e+01  3.368244e-03 
 3.109646e+01  3.915481e-03 
 3.109686e+01  4.502110e-03 
 3.109725e+01  5.130349e-03 
 3.109765e+01  5.778635e-03 
 3.109805e+01  6.454372e-03 
 3.109845e+01  7.090430e-03 
 3.109884e+01  7.662569e-03 
 3.109924e+01  8.150825e-03 
 3.109964e+01  8.527309e-03 
 3.110004e+01  8.778039e-03 
 3.110043e+01  8.847994e-03 
 3.110083e+01  8.757223e-03 
 3.110123e+01  8.493457e-03 
 3.110163e+01  8.072493e-03 
 3.110203e+01  7.516427e-03 
 3.110242e+01  6.847874e-03 
 3.110282e+01  6.128349e-03 
 3.110322e+01  5.393909e-03 
 3.110362e+01  4.702837e-03 
 3.110401e+01  4.093510e-03 
 3.110441e+01  3.613966e-03 
 3.110481e+01  3.294616e-03 
 3.110521e+01  3.145405e-03 
 3.110560e+01  3.184728e-03 
 3.110600e+01  3.400929e-03 
 3.110640e+01  3.779356e-03 
 3.110680e+01  4.285099e-03 
 3.110720e+01  4.888667e-03 
 3.110759e+01  5.564304e-03 
 3.110799e+01  6.287020e-03 
 3.110839e+01  7.026191e-03 
 3.110879e+01  7.768622e-03 
 3.110918e+01  8.507908e-03 
 3.110958e+01  9.212047e-03 
 3.110998e+01  9.851122e-03 
 3.111038e+01  1.042860e-02 
 3.111077e+01  1.095141e-02 
 3.111117e+01  1.138835e-02 
 3.111157e+01  1.173420e-02 
 3.111197e+01  1.201587e-02 
 3.111237e+01  1.223133e-02 
 3.111276e+01  1.240918e-02 
 3.111316e+01  1.255440e-02 
 3.111356e+01  1.271377e-02 
 3.111396e+01  1.290802e-02 
 3.111435e+01  1.313926e-02 
 3.111475e+01  1.337581e-02 
 3.111515e+01  1.360853e-02 
 3.111555e+01  1.378621e-02 
 3.111594e+01  1.385163e-02 
 3.111634e+01  1.379182e-02 
 3.111674e+01  1.358481e-02 
 3.111714e+01  1.323390e-02 
 3.111754e+01  1.273610e-02 
 3.111793e+01  1.208915e-02 
 3.111833e+01  1.132695e-02 
 3.111873e+01  1.044732e-02 
 3.111913e+01  9.490685e-03 
 3.111952e+01  8.523564e-03 
 3.111992e+01  7.615653e-03 
 3.112032e+01  6.838531e-03 
 3.112072e+01  6.247613e-03 
 3.112111e+01  5.885063e-03 
 3.112151e+01  5.791637e-03 
 3.112191e+01  5.959070e-03 
 3.112231e+01  6.365257e-03 
 3.112271e+01  6.989859e-03 
 3.112310e+01  7.800344e-03 
 3.112350e+01  8.751229e-03 
 3.112390e+01  9.770853e-03 
 3.112430e+01  1.078431e-02 
 3.112469e+01  1.171847e-02 
 3.112509e+01  1.250633e-02 
 3.112549e+01  1.309820e-02 
 3.112589e+01  1.345795e-02 
 3.112628e+01  1.358547e-02 
 3.112668e+01  1.349840e-02 
 3.112708e+01  1.323680e-02 
 3.112748e+01  1.285558e-02 
 3.112788e+01  1.239346e-02 
 3.112827e+01  1.190393e-02 
 3.112867e+01  1.142160e-02 
 3.112907e+01  1.097506e-02 
 3.112947e+01  1.061272e-02 
 3.112986e+01  1.034913e-02 
 3.113026e+01  1.019287e-02 
 3.113066e+01  1.013349e-02 
 3.113106e+01  1.015143e-02 
 3.113145e+01  1.021871e-02 
 3.113185e+01  1.026860e-02 
 3.113225e+01  1.025110e-02 
 3.113265e+01  1.013944e-02 
 3.113305e+01  9.886286e-03 
 3.113344e+01  9.473869e-03 
 3.113384e+01  8.890944e-03 
 3.113424e+01  8.162610e-03 
 3.113464e+01  7.293623e-03 
 3.113503e+01  6.273745e-03 
 3.113543e+01  5.181701e-03 
 3.113583e+01  4.086065e-03 
 3.113623e+01  3.050026e-03 
 3.113662e+01  2.130480e-03 
 3.113702e+01  1.382432e-03 
 3.113742e+01  8.735118e-04 
 3.113782e+01  6.255911e-04 
 3.113822e+01  6.482221e-04 
 3.113861e+01  9.394706e-04 
 3.113901e+01  1.480772e-03 
 3.113941e+01  2.248776e-03 
 3.113981e+01  3.208205e-03 
 3.114020e+01  4.311312e-03 
 3.114060e+01  5.497812e-03 
 3.114100e+01  6.699827e-03 
 3.114140e+01  7.839210e-03 
 3.114179e+01  8.879009e-03 
 3.114219e+01  9.770754e-03 
 3.114259e+01  1.046107e-02 
 3.114299e+01  1.093262e-02 
 3.114339e+01  1.117758e-02 
 3.114378e+01  1.119087e-02 
 3.114418e+01  1.097026e-02 
 3.114458e+01  1.052464e-02 
 3.114498e+01  9.910245e-03 
 3.114537e+01  9.190527e-03 
 3.114577e+01  8.406038e-03 
 3.114617e+01  7.617271e-03 
 3.114657e+01  6.848676e-03 
 3.114696e+01  6.138264e-03 
 3.114736e+01  5.517122e-03 
 3.114776e+01  4.997000e-03 
 3.114816e+01  4.594861e-03 
 3.114856e+01  4.321567e-03 
 3.114895e+01  4.180917e-03 
 3.114935e+01  4.169791e-03 
 3.114975e+01  4.265782e-03 
 3.115015e+01  4.432080e-03 
 3.115054e+01  4.630755e-03 
 3.115094e+01  4.816295e-03 
 3.115134e+01  4.953060e-03 
 3.115174e+01  5.036533e-03 
 3.115213e+01  5.065649e-03 
 3.115253e+01  5.018393e-03 
 3.115293e+01  4.899968e-03 
 3.115333e+01  4.741077e-03 
 3.115373e+01  4.555900e-03 
 3.115412e+01  4.366638e-03 
 3.115452e+01  4.214410e-03 
 3.115492e+01  4.140703e-03 
 3.115532e+01  4.161028e-03 
 3.115571e+01  4.287693e-03 
 3.115611e+01  4.557164e-03 
 3.115651e+01  4.962141e-03 
 3.115691e+01  5.468941e-03 
 3.115730e+01  6.046779e-03 
 3.115770e+01  6.689264e-03 
 3.115810e+01  7.374152e-03 
 3.115850e+01  8.062578e-03 
 3.115890e+01  8.715304e-03 
 3.115929e+01  9.310976e-03 
 3.115969e+01  9.812930e-03 
 3.116009e+01  1.017808e-02 
 3.116049e+01  1.034305e-02 
 3.116088e+01  1.028750e-02 
 3.116128e+01  9.987817e-03 
 3.116168e+01  9.435552e-03 
 3.116208e+01  8.675854e-03 
 3.116247e+01  7.729722e-03 
 3.116287e+01  6.622427e-03 
 3.116327e+01  5.401939e-03 
 3.116367e+01  4.113335e-03 
 3.116407e+01  2.822796e-03 
 3.116446e+01  1.607600e-03 
 3.116486e+01  5.316941e-04 
 3.116526e+01 -3.219412e-04 
 3.116566e+01 -9.000361e-04 
 3.116605e+01 -1.171633e-03 
 3.116645e+01 -1.169165e-03 
 3.116685e+01 -9.297070e-04 
 3.116725e+01 -4.878260e-04 
 3.116764e+01  8.901057e-05 
 3.116804e+01  7.372831e-04 
 3.116844e+01  1.415403e-03 
 3.116884e+01  2.079876e-03 
 3.116924e+01  2.675135e-03 
 3.116963e+01  3.167638e-03 
 3.117003e+01  3.508627e-03 
 3.117043e+01  3.670600e-03 
 3.117083e+01  3.671676e-03 
 3.117122e+01  3.535180e-03 
 3.117162e+01  3.302375e-03 
 3.117202e+01  3.030045e-03 
 3.117242e+01  2.757591e-03 
 3.117282e+01  2.523632e-03 
 3.117321e+01  2.365337e-03 
 3.117361e+01  2.309443e-03 
 3.117401e+01  2.383613e-03 
 3.117441e+01  2.597082e-03 
 3.117480e+01  2.921692e-03 
 3.117520e+01  3.339672e-03 
 3.117560e+01  3.801223e-03 
 3.117600e+01  4.232267e-03 
 3.117639e+01  4.562381e-03 
 3.117679e+01  4.728364e-03 
 3.117719e+01  4.717220e-03 
 3.117759e+01  4.477764e-03 
 3.117799e+01  4.007457e-03 
 3.117838e+01  3.325409e-03 
 3.117878e+01  2.434619e-03 
 3.117918e+01  1.342905e-03 
 3.117958e+01  1.267104e-04 
 3.117997e+01 -1.141667e-03 
 3.118037e+01 -2.414407e-03 
 3.118077e+01 -3.609020e-03 
 3.118117e+01 -4.644897e-03 
 3.118156e+01 -5.441402e-03 
 3.118196e+01 -5.948723e-03 
 3.118236e+01 -6.168320e-03 
 3.118276e+01 -6.096819e-03 
 3.118316e+01 -5.735513e-03 
 3.118355e+01 -5.111292e-03 
 3.118395e+01 -4.258825e-03 
 3.118435e+01 -3.233937e-03 
 3.118475e+01 -2.106913e-03 
 3.118514e+01 -9.548554e-04 
 3.118554e+01  1.597872e-04 
 3.118594e+01  1.179996e-03 
 3.118634e+01  2.053567e-03 
 3.118673e+01  2.760729e-03 
 3.118713e+01  3.294844e-03 
 3.118753e+01  3.672921e-03 
 3.118793e+01  3.905901e-03 
 3.118833e+01  3.998134e-03 
 3.118872e+01  3.964089e-03 
 3.118912e+01  3.835286e-03 
 3.118952e+01  3.652911e-03 
 3.118992e+01  3.443048e-03 
 3.119031e+01  3.238561e-03 
 3.119071e+01  3.070238e-03 
 3.119111e+01  2.972270e-03 
 3.119151e+01  2.931313e-03 
 3.119190e+01  2.931872e-03 
 3.119230e+01  2.969171e-03 
 3.119270e+01  3.019617e-03 
 3.119310e+01  3.088188e-03 
 3.119350e+01  3.151905e-03 
 3.119389e+01  3.170662e-03 
 3.119429e+01  3.120087e-03 
 3.119469e+01  2.969296e-03 
 3.119509e+01  2.702692e-03 
 3.119548e+01  2.308830e-03 
 3.119588e+01  1.806696e-03 
 3.119628e+01  1.227910e-03 
 3.119668e+01  6.213831e-04 
 3.119707e+01  5.231142e-05 
 3.119747e+01 -4.099236e-04 
 3.119787e+01 -7.195173e-04 
 3.119827e+01 -8.717980e-04 
 3.119867e+01 -8.256952e-04 
 3.119906e+01 -5.689356e-04 
 3.119946e+01 -9.582096e-05 
 3.119986e+01  5.884103e-04 
 3.120026e+01  1.465749e-03 
 3.120065e+01  2.515274e-03 
 3.120105e+01  3.684503e-03 
 3.120145e+01  4.923083e-03 
 3.120185e+01  6.193898e-03 
 3.120224e+01  7.437967e-03 
 3.120264e+01  8.576997e-03 
 3.120304e+01  9.579710e-03 
 3.120344e+01  1.042483e-02 
 3.120384e+01  1.111142e-02 
 3.120423e+01  1.162877e-02 
 3.120463e+01  1.196651e-02 
 3.120503e+01  1.213604e-02 
 3.120543e+01  1.214920e-02 
 3.120582e+01  1.204425e-02 
 3.120622e+01  1.184751e-02 
 3.120662e+01  1.157925e-02 
 3.120702e+01  1.126153e-02 
 3.120741e+01  1.091215e-02 
 3.120781e+01  1.054646e-02 
 3.120821e+01  1.017130e-02 
 3.120861e+01  9.786414e-03 
 3.120901e+01  9.393187e-03 
 3.120940e+01  8.997415e-03 
 3.120980e+01  8.618384e-03 
 3.121020e+01  8.257309e-03 
 3.121060e+01  7.913949e-03 
 3.121099e+01  7.592924e-03 
 3.121139e+01  7.289283e-03 
 3.121179e+01  6.994027e-03 
 3.121219e+01  6.703884e-03 
 3.121258e+01  6.412367e-03 
 3.121298e+01  6.134590e-03 
 3.121338e+01  5.881582e-03 
 3.121378e+01  5.669350e-03 
 3.121418e+01  5.507990e-03 
 3.121457e+01  5.420400e-03 
 3.121497e+01  5.426150e-03 
 3.121537e+01  5.540701e-03 
 3.121577e+01  5.777992e-03 
 3.121616e+01  6.134670e-03 
 3.121656e+01  6.625725e-03 
 3.121696e+01  7.254987e-03 
 3.121736e+01  8.012348e-03 
 3.121775e+01  8.876364e-03 
 3.121815e+01  9.817640e-03 
 3.121855e+01  1.078864e-02 
 3.121895e+01  1.173452e-02 
 3.121935e+01  1.261517e-02 
 3.121974e+01  1.338933e-02 
 3.122014e+01  1.399811e-02 
 3.122054e+01  1.439389e-02 
 3.122094e+01  1.456837e-02 
 3.122133e+01  1.450739e-02 
 3.122173e+01  1.419327e-02 
 3.122213e+01  1.364887e-02 
 3.122253e+01  1.288967e-02 
 3.122292e+01  1.195522e-02 
 3.122332e+01  1.089371e-02 
 3.122372e+01  9.762582e-03 
 3.122412e+01  8.630409e-03 
 3.122452e+01  7.538926e-03 
 3.122491e+01  6.528416e-03 
 3.122531e+01  5.667618e-03 
 3.122571e+01  5.025137e-03 
 3.122611e+01  4.611683e-03 
 3.122650e+01  4.434164e-03 
 3.122690e+01  4.473925e-03 
 3.122730e+01  4.702456e-03 
 3.122770e+01  5.057586e-03 
 3.122809e+01  5.515441e-03 
 3.122849e+01  6.003620e-03 
 3.122889e+01  6.477032e-03 
 3.122929e+01  6.900258e-03 
 3.122969e+01  7.254769e-03 
 3.123008e+01  7.522436e-03 
 3.123048e+01  7.694424e-03 
 3.123088e+01  7.774959e-03 
 3.123128e+01  7.770949e-03 
 3.123167e+01  7.713110e-03 
 3.123207e+01  7.668445e-03 
 3.123247e+01  7.657333e-03 
 3.123287e+01  7.724178e-03 
 3.123326e+01  7.919055e-03 
 3.123366e+01  8.246948e-03 
 3.123406e+01  8.725324e-03 
 3.123446e+01  9.364183e-03 
 3.123486e+01  1.013409e-02 
 3.123525e+01  1.101815e-02 
 3.123565e+01  1.195978e-02 
 3.123605e+01  1.288418e-02 
 3.123645e+01  1.370869e-02 
 3.123684e+01  1.436447e-02 
 3.123724e+01  1.478990e-02 
 3.123764e+01  1.493961e-02 
 3.123804e+01  1.478017e-02 
 3.123843e+01  1.431348e-02 
 3.123883e+01  1.355218e-02 
 3.123923e+01  1.253192e-02 
 3.123963e+01  1.128786e-02 
 3.124003e+01  9.865483e-03 
 3.124042e+01  8.325960e-03 
 3.124082e+01  6.764300e-03 
 3.124122e+01  5.240946e-03 
 3.124162e+01  3.861966e-03 
 3.124201e+01  2.714115e-03 
 3.124241e+01  1.836445e-03 
 3.124281e+01  1.278326e-03 
 3.124321e+01  1.078335e-03 
 3.124360e+01  1.221248e-03 
 3.124400e+01  1.679774e-03 
 3.124440e+01  2.429753e-03 
 3.124480e+01  3.409458e-03 
 3.124520e+01  4.513346e-03 
 3.124559e+01  5.677035e-03 
 3.124599e+01  6.839513e-03 
 3.124639e+01  7.917377e-03 
 3.124679e+01  8.871115e-03 
 3.124718e+01  9.645674e-03 
 3.124758e+01  1.023377e-02 
 3.124798e+01  1.063899e-02 
 3.124838e+01  1.084484e-02 
 3.124877e+01  1.086205e-02 
 3.124917e+01  1.073870e-02 
 3.124957e+01  1.054103e-02 
 3.124997e+01  1.033333e-02 
 3.125037e+01  1.016757e-02 
 3.125076e+01  1.006903e-02 
 3.125116e+01  1.003298e-02 
 3.125156e+01  1.006094e-02 
 3.125196e+01  1.014862e-02 
 3.125235e+01  1.026075e-02 
 3.125275e+01  1.036908e-02 
 3.125315e+01  1.046015e-02 
 3.125355e+01  1.049988e-02 
 3.125394e+01  1.048512e-02 
 3.125434e+01  1.037838e-02 
 3.125474e+01  1.012493e-02 
 3.125514e+01  9.701979e-03 
 3.125554e+01  9.113538e-03 
 3.125593e+01  8.356170e-03 
 3.125633e+01  7.453795e-03 
 3.125673e+01  6.444020e-03 
 3.125713e+01  5.363712e-03 
 3.125752e+01  4.251095e-03 
 3.125792e+01  3.157431e-03 
 3.125832e+01  2.128371e-03 
 3.125872e+01  1.207640e-03 
 3.125911e+01  4.513160e-04 
 3.125951e+01 -9.079757e-05 
 3.125991e+01 -4.158574e-04 
 3.126031e+01 -4.871799e-04 
 3.126071e+01 -3.271808e-04 
 3.126110e+01  6.326035e-05 
 3.126150e+01  6.539458e-04 
 3.126190e+01  1.405656e-03 
 3.126230e+01  2.294356e-03 
 3.126269e+01  3.278206e-03 
 3.126309e+01  4.291353e-03 
 3.126349e+01  5.260643e-03 
 3.126389e+01  6.103850e-03 
 3.126429e+01  6.760003e-03 
 3.126468e+01  7.177347e-03 
 3.126508e+01  7.345511e-03 
 3.126548e+01  7.284211e-03 
 3.126588e+01  6.991437e-03 
 3.126627e+01  6.507767e-03 
 3.126667e+01  5.905166e-03 
 3.126707e+01  5.196862e-03 
 3.126747e+01  4.417424e-03 
 3.126786e+01  3.608821e-03 
 3.126826e+01  2.798619e-03 
 3.126866e+01  2.016578e-03 
 3.126906e+01  1.286661e-03 
 3.126946e+01  6.304416e-04 
 3.126985e+01  5.419965e-05 
 3.127025e+01 -4.301423e-04 
 3.127065e+01 -8.531708e-04 
 3.127105e+01 -1.238754e-03 
 3.127144e+01 -1.595096e-03 
 3.127184e+01 -1.940023e-03 
 3.127224e+01 -2.320604e-03 
 3.127264e+01 -2.740755e-03 
 3.127303e+01 -3.212310e-03 
 3.127343e+01 -3.732395e-03 
 3.127383e+01 -4.286315e-03 
 3.127423e+01 -4.840363e-03 
 3.127463e+01 -5.380375e-03 
 3.127502e+01 -5.866133e-03 
 3.127542e+01 -6.253262e-03 
 3.127582e+01 -6.509655e-03 
 3.127622e+01 -6.605199e-03 
 3.127661e+01 -6.521256e-03 
 3.127701e+01 -6.249426e-03 
 3.127741e+01 -5.775008e-03 
 3.127781e+01 -5.084523e-03 
 3.127820e+01 -4.194634e-03 
 3.127860e+01 -3.145396e-03 
 3.127900e+01 -1.960698e-03 
 3.127940e+01 -7.177451e-04 
 3.127980e+01  5.071258e-04 
 3.128019e+01  1.660215e-03 
 3.128059e+01  2.678573e-03 
 3.128099e+01  3.526767e-03 
 3.128139e+01  4.187244e-03 
 3.128178e+01  4.652793e-03 
 3.128218e+01  4.894184e-03 
 3.128258e+01  4.904741e-03 
 3.128298e+01  4.685694e-03 
 3.128337e+01  4.235478e-03 
 3.128377e+01  3.574876e-03 
 3.128417e+01  2.758034e-03 
 3.128457e+01  1.851458e-03 
 3.128497e+01  9.103765e-04 
 3.128536e+01 -3.164518e-06 
 3.128576e+01 -8.419542e-04 
 3.128616e+01 -1.562910e-03 
 3.128656e+01 -2.122326e-03 
 3.128695e+01 -2.513641e-03 
 3.128735e+01 -2.727047e-03 
 3.128775e+01 -2.764109e-03 
 3.128815e+01 -2.657870e-03 
 3.128854e+01 -2.412502e-03 
 3.128894e+01 -2.056435e-03 
 3.128934e+01 -1.632091e-03 
 3.128974e+01 -1.188313e-03 
 3.129014e+01 -7.392693e-04 
 3.129053e+01 -2.933888e-04 
 3.129093e+01  1.000395e-04 
 3.129133e+01  4.470187e-04 
 3.129173e+01  7.378726e-04 
 3.129212e+01  9.565490e-04 
 3.129252e+01  1.117497e-03 
 3.129292e+01  1.240314e-03 
 3.129332e+01  1.378952e-03 
 3.129371e+01  1.600925e-03 
 3.129411e+01  1.946584e-03 
 3.129451e+01  2.455862e-03 
 3.129491e+01  3.142415e-03 
 3.129531e+01  4.000102e-03 
 3.129570e+01  5.006072e-03 
 3.129610e+01  6.083535e-03 
 3.129650e+01  7.168802e-03 
 3.129690e+01  8.191766e-03 
 3.129729e+01  9.084027e-03 
 3.129769e+01  9.815669e-03 
 3.129809e+01  1.034572e-02 
 3.129849e+01  1.061700e-02 
 3.129888e+01  1.061546e-02 
 3.129928e+01  1.035135e-02 
 3.129968e+01  9.842553e-03 
 3.130008e+01  9.121717e-03 
 3.130048e+01  8.243242e-03 
 3.130087e+01  7.263796e-03 
 3.130127e+01  6.261736e-03 
 3.130167e+01  5.314293e-03 
 3.130207e+01  4.478015e-03 
 3.130246e+01  3.801019e-03 
 3.130286e+01  3.306314e-03 
 3.130326e+01  3.018466e-03 
 3.130366e+01  2.934528e-03 
 3.130405e+01  3.068570e-03 
 3.130445e+01  3.403032e-03 
 3.130485e+01  3.907461e-03 
 3.130525e+01  4.574010e-03 
 3.130565e+01  5.340218e-03 
 3.130604e+01  6.140780e-03 
 3.130644e+01  6.947443e-03 
 3.130684e+01  7.708898e-03 
 3.130724e+01  8.385260e-03 
 3.130763e+01  8.950092e-03 
 3.130803e+01  9.413588e-03 
 3.130843e+01  9.778480e-03 
 3.130883e+01  1.005105e-02 
 3.130922e+01  1.027225e-02 
 3.130962e+01  1.046129e-02 
 3.131002e+01  1.064422e-02 
 3.131042e+01  1.086742e-02 
 3.131082e+01  1.115030e-02 
 3.131121e+01  1.149531e-02 
 3.131161e+01  1.188679e-02 
 3.131201e+01  1.229247e-02 
 3.131241e+01  1.269488e-02 
 3.131280e+01  1.306123e-02 
 3.131320e+01  1.335632e-02 
 3.131360e+01  1.356814e-02 
 3.131400e+01  1.369203e-02 
 3.131439e+01  1.371020e-02 
 3.131479e+01  1.359917e-02 
 3.131519e+01  1.333757e-02 
 3.131559e+01  1.291859e-02 
 3.131599e+01  1.231177e-02 
 3.131638e+01  1.151955e-02 
 3.131678e+01  1.058323e-02 
 3.131718e+01  9.542150e-03 
 3.131758e+01  8.449953e-03 
 3.131797e+01  7.362132e-03 
 3.131837e+01  6.302992e-03 
 3.131877e+01  5.321721e-03 
 3.131917e+01  4.494454e-03 
 3.131956e+01  3.840904e-03 
 3.131996e+01  3.398750e-03 
 3.132036e+01  3.216211e-03 
 3.132076e+01  3.285511e-03 
 3.132116e+01  3.596450e-03 
 3.132155e+01  4.151068e-03 
 3.132195e+01  4.906597e-03 
 3.132235e+01  5.840950e-03 
 3.132275e+01  6.890139e-03 
 3.132314e+01  8.025701e-03 
 3.132354e+01  9.180877e-03 
 3.132394e+01  1.027155e-02 
 3.132434e+01  1.125259e-02 
 3.132473e+01  1.205891e-02 
 3.132513e+01  1.263357e-02 
 3.132553e+01  1.299308e-02 
 3.132593e+01  1.313765e-02 
 3.132633e+01  1.310104e-02 
 3.132672e+01  1.293551e-02 
 3.132712e+01  1.265624e-02 
 3.132752e+01  1.231155e-02 
 3.132792e+01  1.191633e-02 
 3.132831e+01  1.150977e-02 
 3.132871e+01  1.109262e-02 
 3.132911e+01  1.072168e-02 
 3.132951e+01  1.041259e-02 
 3.132990e+01  1.019318e-02 
 3.133030e+01  1.009225e-02 
 3.133070e+01  1.008752e-02 
 3.133110e+01  1.012982e-02 
 3.133150e+01  1.018646e-02 
 3.133189e+01  1.022153e-02 
 3.133229e+01  1.020284e-02 
 3.133269e+01  1.011293e-02 
 3.133309e+01  9.943612e-03 
 3.133348e+01  9.662389e-03 
 3.133388e+01  9.261803e-03 
 3.133428e+01  8.767840e-03 
 3.133468e+01  8.192442e-03 
 3.133507e+01  7.538729e-03 
 3.133547e+01  6.862327e-03 
 3.133587e+01  6.207321e-03 
 3.133627e+01  5.636363e-03 
 3.133667e+01  5.205488e-03 
 3.133706e+01  4.943473e-03 
 3.133746e+01  4.869915e-03 
 3.133786e+01  5.017673e-03 
 3.133826e+01  5.405241e-03 
 3.133865e+01  6.038254e-03 
 3.133905e+01  6.912573e-03 
 3.133945e+01  8.000740e-03 
 3.133985e+01  9.267220e-03 
 3.134024e+01  1.063246e-02 
 3.134064e+01  1.198583e-02 
 3.134104e+01  1.323883e-02 
 3.134144e+01  1.428068e-02 
 3.134184e+01  1.506634e-02 
 3.134223e+01  1.558025e-02 
 3.134263e+01  1.580657e-02 
 3.134303e+01  1.575318e-02 
 3.134343e+01  1.539894e-02 
 3.134382e+01  1.477239e-02 
 3.134422e+01  1.388857e-02 
 3.134462e+01  1.278778e-02 
 3.134502e+01  1.151148e-02 
 3.134541e+01  1.014901e-02 
 3.134581e+01  8.803959e-03 
 3.134621e+01  7.545187e-03 
 3.134661e+01  6.441346e-03 
 3.134701e+01  5.529859e-03 
 3.134740e+01  4.799901e-03 
 3.134780e+01  4.262578e-03 
 3.134820e+01  3.918012e-03 
 3.134860e+01  3.728984e-03 
 3.134899e+01  3.673218e-03 
 3.134939e+01  3.722679e-03 
 3.134979e+01  3.827496e-03 
 3.135019e+01  3.962704e-03 
 3.135058e+01  4.085159e-03 
 3.135098e+01  4.160757e-03 
 3.135138e+01  4.172724e-03 
 3.135178e+01  4.105882e-03 
 3.135218e+01  3.977343e-03 
 3.135257e+01  3.786128e-03 
 3.135297e+01  3.545704e-03 
 3.135337e+01  3.275992e-03 
 3.135377e+01  3.023516e-03 
 3.135416e+01  2.843065e-03 
 3.135456e+01  2.778603e-03 
 3.135496e+01  2.870135e-03 
 3.135536e+01  3.129370e-03 
 3.135576e+01  3.554617e-03 
 3.135615e+01  4.111680e-03 
 3.135655e+01  4.777105e-03 
 3.135695e+01  5.491329e-03 
 3.135735e+01  6.183708e-03 
 3.135774e+01  6.827017e-03 
 3.135814e+01  7.388331e-03 
 3.135854e+01  7.825577e-03 
 3.135894e+01  8.109022e-03 
 3.135933e+01  8.196572e-03 
 3.135973e+01  8.061933e-03 
 3.136013e+01  7.688174e-03 
 3.136053e+01  7.090457e-03 
 3.136093e+01  6.269466e-03 
 3.136132e+01  5.237861e-03 
 3.136172e+01  4.074412e-03 
 3.136212e+01  2.831030e-03 
 3.136252e+01  1.572828e-03 
 3.136291e+01  3.585915e-04 
 3.136331e+01 -7.521870e-04 
 3.136371e+01 -1.721909e-03 
 3.136411e+01 -2.520698e-03 
 3.136450e+01 -3.109912e-03 
 3.136490e+01 -3.504552e-03 
 3.136530e+01 -3.714139e-03 
 3.136570e+01 -3.747747e-03 
 3.136610e+01 -3.634323e-03 
 3.136649e+01 -3.403378e-03 
 3.136689e+01 -3.088718e-03 
 3.136729e+01 -2.751047e-03 
 3.136769e+01 -2.425970e-03 
 3.136808e+01 -2.123140e-03 
 3.136848e+01 -1.893755e-03 
 3.136888e+01 -1.737462e-03 
 3.136928e+01 -1.661167e-03 
 3.136967e+01 -1.665175e-03 
 3.137007e+01 -1.691842e-03 
 3.137047e+01 -1.702177e-03 
 3.137087e+01 -1.641743e-03 
 3.137127e+01 -1.489448e-03 
 3.137166e+01 -1.212236e-03 
 3.137206e+01 -8.101986e-04 
 3.137246e+01 -3.261926e-04 
 3.137286e+01  2.225315e-04 
 3.137325e+01  7.901609e-04 
 3.137365e+01  1.341012e-03 
 3.137405e+01  1.857876e-03 
 3.137445e+01  2.335290e-03 
 3.137484e+01  2.743973e-03 
 3.137524e+01  3.042581e-03 
 3.137564e+01  3.206426e-03 
 3.137604e+01  3.190188e-03 
 3.137644e+01  2.954700e-03 
 3.137683e+01  2.499168e-03 
 3.137723e+01  1.847358e-03 
 3.137763e+01  1.042491e-03 
 3.137803e+01  1.858620e-04 
 3.137842e+01 -6.451485e-04 
 3.137882e+01 -1.410495e-03 
 3.137922e+01 -2.066886e-03 
 3.137962e+01 -2.618904e-03 
 3.138001e+01 -3.050726e-03 
 3.138041e+01 -3.354448e-03 
 3.138081e+01 -3.525107e-03 
 3.138121e+01 -3.567712e-03 
 3.138161e+01 -3.463841e-03 
 3.138200e+01 -3.203959e-03 
 3.138240e+01 -2.788494e-03 
 3.138280e+01 -2.237191e-03 
 3.138320e+01 -1.569488e-03 
 3.138359e+01 -8.127779e-04 
 3.138399e+01  2.592333e-05 
 3.138439e+01  9.197048e-04 
 3.138479e+01  1.809283e-03 
 3.138518e+01  2.648881e-03 
 3.138558e+01  3.406797e-03 
 3.138598e+01  4.032666e-03 
 3.138638e+01  4.512637e-03 
 3.138678e+01  4.876305e-03 
 3.138717e+01  5.123985e-03 
 3.138757e+01  5.272072e-03 
 3.138797e+01  5.354909e-03 
 3.138837e+01  5.395482e-03 
 3.138876e+01  5.381151e-03 
 3.138916e+01  5.338641e-03 
 3.138956e+01  5.303329e-03 
 3.138996e+01  5.312290e-03 
 3.139035e+01  5.389031e-03 
 3.139075e+01  5.550361e-03 
 3.139115e+01  5.796938e-03 
 3.139155e+01  6.111257e-03 
 3.139195e+01  6.433412e-03 
 3.139234e+01  6.735648e-03 
 3.139274e+01  6.939142e-03 
 3.139314e+01  7.015729e-03 
 3.139354e+01  6.963344e-03 
 3.139393e+01  6.770562e-03 
 3.139433e+01  6.459975e-03 
 3.139473e+01  6.042740e-03 
 3.139513e+01  5.520436e-03 
 3.139552e+01  4.925289e-03 
 3.139592e+01  4.282784e-03 
 3.139632e+01  3.619858e-03 
 3.139672e+01  2.973525e-03 
 3.139712e+01  2.399324e-03 
 3.139751e+01  1.946604e-03 
 3.139791e+01  1.707132e-03 
 3.139831e+01  1.733526e-03 
 3.139871e+01  2.023263e-03 
 3.139910e+01  2.577001e-03 
 3.139950e+01  3.383856e-03 
 3.139990e+01  4.382672e-03 
 3.140030e+01  5.533103e-03 
 3.140069e+01  6.752499e-03 
 3.140109e+01  7.934674e-03 
 3.140149e+01  9.006609e-03 
 3.140189e+01  9.937947e-03 
 3.140229e+01  1.071224e-02 
 3.140268e+01  1.129794e-02 
 3.140308e+01  1.167337e-02 
 3.140348e+01  1.183028e-02 
 3.140388e+01  1.175545e-02 
 3.140427e+01  1.147691e-02 
 3.140467e+01  1.099833e-02 
 3.140507e+01  1.035133e-02 
 3.140547e+01  9.583586e-03 
 3.140586e+01  8.786167e-03 
 3.140626e+01  8.019075e-03 
 3.140666e+01  7.325823e-03 
 3.140706e+01  6.743686e-03 
 3.140746e+01  6.281808e-03 
 3.140785e+01  5.959220e-03 
 3.140825e+01  5.761648e-03 
 3.140865e+01  5.683557e-03 
 3.140905e+01  5.707674e-03 
 3.140944e+01  5.795634e-03 
 3.140984e+01  5.956640e-03 
 3.141024e+01  6.180488e-03 
 3.141064e+01  6.441986e-03 
 3.141103e+01  6.687354e-03 
 3.141143e+01  6.867969e-03 
 3.141183e+01  6.979321e-03 
 3.141223e+01  6.991325e-03 
 3.141263e+01  6.883532e-03 
 3.141302e+01  6.670856e-03 
 3.141342e+01  6.395108e-03 
 3.141382e+01  6.084124e-03 
 3.141422e+01  5.809034e-03 
 3.141461e+01  5.615049e-03 
 3.141501e+01  5.548589e-03 
 3.141541e+01  5.622786e-03 
 3.141581e+01  5.901581e-03 
 3.141620e+01  6.378590e-03 
 3.141660e+01  7.040906e-03 
 3.141700e+01  7.890767e-03 
 3.141740e+01  8.857065e-03 
 3.141780e+01  9.892865e-03 
 3.141819e+01  1.095913e-02 
 3.141859e+01  1.195096e-02 
 3.141899e+01  1.281828e-02 
 3.141939e+01  1.347934e-02 
 3.141978e+01  1.391353e-02 
 3.142018e+01  1.405862e-02 
 3.142058e+01  1.391375e-02 
 3.142098e+01  1.345980e-02 
 3.142137e+01  1.272549e-02 
 3.142177e+01  1.177729e-02 
 3.142217e+01  1.067898e-02 
 3.142257e+01  9.520709e-03 
 3.142297e+01  8.369069e-03 
 3.142336e+01  7.281299e-03 
 3.142376e+01  6.318826e-03 
 3.142416e+01  5.521765e-03 
 3.142456e+01  4.921222e-03 
 3.142495e+01  4.501281e-03 
 3.142535e+01  4.269663e-03 
 3.142575e+01  4.257569e-03 
 3.142615e+01  4.468130e-03 
 3.142654e+01  4.888116e-03 
 3.142694e+01  5.466777e-03 
 3.142734e+01  6.140982e-03 
 3.142774e+01  6.826118e-03 
 3.142814e+01  7.492619e-03 
 3.142853e+01  8.059345e-03 
 3.142893e+01  8.491040e-03 
 3.142933e+01  8.800415e-03 
 3.142973e+01  9.011487e-03 
 3.143012e+01  9.131982e-03 
 3.143052e+01  9.207592e-03 
 3.143092e+01  9.247765e-03 
 3.143132e+01  9.244668e-03 
 3.143171e+01  9.228289e-03 
 3.143211e+01  9.224894e-03 
 3.143251e+01  9.273212e-03 
 3.143291e+01  9.390446e-03 
 3.143331e+01  9.606546e-03 
 3.143370e+01  9.938962e-03 
 3.143410e+01  1.037761e-02 
 3.143450e+01  1.091406e-02 
 3.143490e+01  1.148180e-02 
 3.143529e+01  1.205393e-02 
 3.143569e+01  1.259434e-02 
 3.143609e+01  1.305115e-02 
 3.143649e+01  1.337137e-02 
 3.143688e+01  1.353252e-02 
 3.143728e+01  1.348378e-02 
 3.143768e+01  1.322006e-02 
 3.143808e+01  1.275274e-02 
 3.143848e+01  1.208733e-02 
 3.143887e+01  1.125143e-02 
 3.143927e+01  1.029199e-02 
 3.143967e+01  9.255781e-03 
 3.144007e+01  8.194833e-03 
 3.144046e+01  7.184082e-03 
 3.144086e+01  6.251965e-03 
 3.144126e+01  5.457958e-03 
 3.144166e+01  4.850640e-03 
 3.144205e+01  4.483218e-03 
 3.144245e+01  4.361629e-03 
 3.144285e+01  4.475863e-03 
 3.144325e+01  4.818211e-03 
 3.144365e+01  5.339112e-03 
 3.144404e+01  6.012283e-03 
 3.144444e+01  6.771447e-03 
 3.144484e+01  7.564885e-03 
 3.144524e+01  8.334952e-03 
 3.144563e+01  9.045934e-03 
 3.144603e+01  9.686942e-03 
 3.144643e+01  1.021142e-02 
 3.144683e+01  1.059489e-02 
 3.144722e+01  1.080851e-02 
 3.144762e+01  1.085075e-02 
 3.144802e+01  1.075756e-02 
 3.144842e+01  1.052950e-02 
 3.144882e+01  1.017760e-02 
 3.144921e+01  9.730620e-03 
 3.144961e+01  9.227366e-03 
 3.145001e+01  8.696757e-03 
 3.145041e+01  8.184534e-03 
 3.145080e+01  7.689879e-03 
 3.145120e+01  7.231297e-03 
 3.145160e+01  6.847242e-03 
 3.145200e+01  6.547317e-03 
 3.145240e+01  6.314098e-03 
 3.145279e+01  6.131463e-03 
 3.145319e+01  5.985571e-03 
 3.145359e+01  5.831222e-03 
 3.145399e+01  5.649656e-03 
 3.145438e+01  5.438354e-03 
 3.145478e+01  5.139886e-03 
 3.145518e+01  4.707546e-03 
 3.145558e+01  4.145622e-03 
 3.145597e+01  3.449301e-03 
 3.145637e+01  2.633981e-03 
 3.145677e+01  1.719975e-03 
 3.145717e+01  7.754836e-04 
 3.145757e+01 -1.528990e-04 
 3.145796e+01 -9.876067e-04 
 3.145836e+01 -1.667634e-03 
 3.145876e+01 -2.164416e-03 
 3.145916e+01 -2.430840e-03 
 3.145955e+01 -2.457041e-03 
 3.145995e+01 -2.243502e-03 
 3.146035e+01 -1.787230e-03 
 3.146075e+01 -1.125427e-03 
 3.146114e+01 -2.931514e-04 
 3.146154e+01  6.696382e-04 
 3.146194e+01  1.718035e-03 
 3.146234e+01  2.793702e-03 
 3.146274e+01  3.788511e-03 
 3.146313e+01  4.644642e-03 
 3.146353e+01  5.283668e-03 
 3.146393e+01  5.673729e-03 
 3.146433e+01  5.814765e-03 
 3.146472e+01  5.711808e-03 
 3.146512e+01  5.399616e-03 
 3.146552e+01  4.926869e-03 
 3.146592e+01  4.357804e-03 
 3.146631e+01  3.703264e-03 
 3.146671e+01  3.024430e-03 
 3.146711e+01  2.366635e-03 
 3.146751e+01  1.767357e-03 
 3.146791e+01  1.280214e-03 
 3.146830e+01  9.540396e-04 
 3.146870e+01  7.555145e-04 
 3.146910e+01  6.577413e-04 
 3.146950e+01  6.561388e-04 
 3.146989e+01  6.968006e-04 
 3.147029e+01  7.504310e-04 
 3.147069e+01  7.905844e-04 
 3.147109e+01  7.852273e-04 
 3.147148e+01  7.332760e-04 
 3.147188e+01  6.352138e-04 
 3.147228e+01  5.032440e-04 
 3.147268e+01  3.184036e-04 
 3.147308e+01  8.605215e-05 
 3.147347e+01 -1.741620e-04 
 3.147387e+01 -4.582136e-04 
 3.147427e+01 -7.351310e-04 
 3.147467e+01 -9.968041e-04 
 3.147506e+01 -1.215386e-03 
 3.147546e+01 -1.350992e-03 
 3.147586e+01 -1.367602e-03 
 3.147626e+01 -1.275885e-03 
 3.147665e+01 -1.046521e-03 
 3.147705e+01 -6.950369e-04 
 3.147745e+01 -2.469183e-04 
 3.147785e+01  3.050447e-04 
 3.147825e+01  9.399491e-04 
 3.147864e+01  1.620479e-03 
 3.147904e+01  2.288146e-03 
 3.147944e+01  2.945767e-03 
 3.147984e+01  3.537373e-03 
 3.148023e+01  3.995697e-03 
 3.148063e+01  4.330800e-03 
 3.148103e+01  4.508825e-03 
 3.148143e+01  4.524841e-03 
 3.148182e+01  4.396584e-03 
 3.148222e+01  4.142940e-03 
 3.148262e+01  3.755971e-03 
 3.148302e+01  3.257365e-03 
 3.148342e+01  2.690988e-03 
 3.148381e+01  2.083826e-03 
 3.148421e+01  1.476132e-03 
 3.148461e+01  9.431505e-04 
 3.148501e+01  5.074763e-04 
 3.148540e+01  2.187162e-04 
 3.148580e+01  1.159313e-04 
 3.148620e+01  2.061759e-04 
 3.148660e+01  4.380731e-04 
 3.148699e+01  8.183178e-04 
 3.148739e+01  1.306306e-03 
 3.148779e+01  1.873417e-03 
 3.148819e+01  2.481882e-03 
 3.148859e+01  3.068319e-03 
 3.148898e+01  3.587621e-03 
 3.148938e+01  4.011312e-03 
 3.148978e+01  4.309246e-03 
 3.149018e+01  4.481831e-03 
 3.149057e+01  4.527360e-03 
 3.149097e+01  4.488653e-03 
 3.149137e+01  4.389212e-03 
 3.149177e+01  4.308476e-03 
 3.149216e+01  4.280358e-03 
 3.149256e+01  4.313691e-03 
 3.149296e+01  4.421601e-03 
 3.149336e+01  4.631829e-03 
 3.149376e+01  4.949880e-03 
 3.149415e+01  5.364335e-03 
 3.149455e+01  5.877123e-03 
 3.149495e+01  6.421386e-03 
 3.149535e+01  6.961212e-03 
 3.149574e+01  7.484080e-03 
 3.149614e+01  7.952904e-03 
 3.149654e+01  8.298987e-03 
 3.149694e+01  8.493313e-03 
 3.149733e+01  8.543240e-03 
 3.149773e+01  8.401525e-03 
 3.149813e+01  8.063273e-03 
 3.149853e+01  7.538776e-03 
 3.149893e+01  6.805962e-03 
 3.149932e+01  5.931629e-03 
 3.149972e+01  4.968386e-03 
 3.150012e+01  3.990376e-03 
 3.150052e+01  3.055961e-03 
 3.150091e+01  2.196237e-03 
 3.150131e+01  1.449641e-03 
 3.150171e+01  8.511197e-04 
 3.150211e+01  4.481108e-04 
 3.150250e+01  2.331263e-04 
 3.150290e+01  2.382045e-04 
 3.150330e+01  4.922706e-04 
 3.150370e+01  9.947054e-04 
 3.150410e+01  1.722821e-03 
 3.150449e+01  2.619248e-03 
 3.150489e+01  3.606336e-03 
 3.150529e+01  4.590029e-03 
 3.150569e+01  5.540119e-03 
 3.150608e+01  6.380445e-03 
 3.150648e+01  7.075923e-03 
 3.150688e+01  7.623065e-03 
 3.150728e+01  7.978004e-03 
 3.150767e+01  8.142383e-03 
 3.150807e+01  8.119404e-03 
 3.150847e+01  7.920006e-03 
 3.150887e+01  7.539401e-03 
 3.150927e+01  7.046049e-03 
 3.150966e+01  6.538163e-03 
 3.151006e+01  6.064149e-03 
 3.151046e+01  5.696582e-03 
 3.151086e+01  5.481195e-03 
 3.151125e+01  5.441786e-03 
 3.151165e+01  5.579768e-03 
 3.151205e+01  5.889638e-03 
 3.151245e+01  6.353676e-03 
 3.151284e+01  6.922753e-03 
 3.151324e+01  7.573333e-03 
 3.151364e+01  8.273739e-03 
 3.151404e+01  8.962245e-03 
 3.151444e+01  9.554678e-03 
 3.151483e+01  9.953653e-03 
 3.151523e+01  1.011564e-02 
 3.151563e+01  1.002607e-02 
 3.151603e+01  9.717741e-03 
 3.151642e+01  9.198933e-03 
 3.151682e+01  8.501266e-03 
 3.151722e+01  7.649360e-03 
 3.151762e+01  6.702727e-03 
 3.151801e+01  5.760736e-03 
 3.151841e+01  4.903292e-03 
 3.151881e+01  4.178981e-03 
 3.151921e+01  3.704855e-03 
 3.151961e+01  3.567122e-03 
 3.152000e+01  3.787706e-03 
 3.152040e+01  4.379314e-03 
 3.152080e+01  5.307871e-03 
 3.152120e+01  6.503574e-03 
 3.152159e+01  7.898485e-03 
 3.152199e+01  9.434996e-03 
 3.152239e+01  1.100414e-02 
 3.152279e+01  1.251504e-02 
 3.152318e+01  1.387747e-02 
 3.152358e+01  1.501589e-02 
 3.152398e+01  1.586294e-02 
 3.152438e+01  1.637378e-02 
 3.152478e+01  1.653747e-02 
 3.152517e+01  1.634785e-02 
 3.152557e+01  1.584561e-02 
 3.152597e+01  1.509123e-02 
 3.152637e+01  1.413201e-02 
 3.152676e+01  1.306631e-02 
 3.152716e+01  1.197648e-02 
 3.152756e+01  1.093828e-02 
 3.152796e+01  1.001716e-02 
 3.152835e+01  9.276854e-03 
 3.152875e+01  8.738877e-03 
 3.152915e+01  8.438284e-03 
 3.152955e+01  8.347110e-03 
 3.152995e+01  8.468701e-03 
 3.153034e+01  8.768161e-03 
 3.153074e+01  9.202369e-03 
 3.153114e+01  9.723071e-03 
 3.153154e+01  1.028978e-02 
 3.153193e+01  1.086766e-02 
 3.153233e+01  1.137636e-02 
 3.153273e+01  1.176073e-02 
 3.153313e+01  1.198942e-02 
 3.153352e+01  1.203600e-02 
 3.153392e+01  1.189745e-02 
 3.153432e+01  1.159548e-02 
 3.153472e+01  1.118855e-02 
 3.153512e+01  1.068898e-02 
 3.153551e+01  1.018837e-02 
 3.153591e+01  9.742697e-03 
 3.153631e+01  9.369409e-03 
 3.153671e+01  9.094558e-03 
 3.153710e+01  8.955516e-03 
 3.153750e+01  9.008616e-03 
 3.153790e+01  9.251116e-03 
 3.153830e+01  9.692823e-03 
 3.153869e+01  1.028594e-02 
 3.153909e+01  1.097292e-02 
 3.153949e+01  1.173428e-02 
 3.153989e+01  1.249543e-02 
 3.154029e+01  1.320880e-02 
 3.154068e+01  1.378697e-02 
 3.154108e+01  1.419228e-02 
 3.154148e+01  1.440316e-02 
 3.154188e+01  1.441666e-02 
 3.154227e+01  1.421079e-02 
 3.154267e+01  1.378670e-02 
 3.154307e+01  1.315770e-02 
 3.154347e+01  1.233258e-02 
 3.154387e+01  1.133894e-02 
 3.154426e+01  1.022484e-02 
 3.154466e+01  9.024885e-03 
 3.154506e+01  7.812553e-03 
 3.154546e+01  6.669955e-03 
 3.154585e+01  5.655016e-03 
 3.154625e+01  4.803103e-03 
 3.154665e+01  4.123835e-03 
 3.154705e+01  3.638056e-03 
 3.154744e+01  3.350471e-03 
 3.154784e+01  3.250407e-03 
 3.154824e+01  3.330744e-03 
 3.154864e+01  3.544535e-03 
 3.154904e+01  3.844257e-03 
 3.154943e+01  4.185338e-03 
 3.154983e+01  4.509656e-03 
 3.155023e+01  4.758660e-03 
 3.155063e+01  4.917565e-03 
 3.155102e+01  4.992148e-03 
 3.155142e+01  4.972243e-03 
 3.155182e+01  4.881573e-03 
 3.155222e+01  4.729195e-03 
 3.155261e+01  4.518255e-03 
 3.155301e+01  4.256518e-03 
 3.155341e+01  3.982524e-03 
 3.155381e+01  3.736963e-03 
 3.155421e+01  3.528008e-03 
 3.155460e+01  3.386442e-03 
 3.155500e+01  3.319867e-03 
 3.155540e+01  3.346881e-03 
 3.155580e+01  3.467399e-03 
 3.155619e+01  3.631867e-03 
 3.155659e+01  3.809055e-03 
 3.155699e+01  3.948631e-03 
 3.155739e+01  4.004183e-03 
 3.155778e+01  3.973865e-03 
 3.155818e+01  3.844351e-03 
 3.155858e+01  3.580374e-03 
 3.155898e+01  3.175333e-03 
 3.155938e+01  2.661616e-03 
 3.155977e+01  2.046556e-03 
 3.156017e+01  1.336504e-03 
 3.156057e+01  5.478822e-04 
 3.156097e+01 -2.757298e-04 
 3.156136e+01 -1.096477e-03 
 3.156176e+01 -1.839449e-03 
 3.156216e+01 -2.459466e-03 
 3.156256e+01 -2.956872e-03 
 3.156295e+01 -3.312031e-03 
 3.156335e+01 -3.507213e-03 
 3.156375e+01 -3.516166e-03 
 3.156415e+01 -3.348561e-03 
 3.156455e+01 -2.992739e-03 
 3.156494e+01 -2.472873e-03 
 3.156534e+01 -1.795659e-03 
 3.156574e+01 -1.012508e-03 
 3.156614e+01 -1.819010e-04 
 3.156653e+01  6.394556e-04 
 3.156693e+01  1.363086e-03 
 3.156733e+01  1.970305e-03 
 3.156773e+01  2.412469e-03 
 3.156812e+01  2.666401e-03 
 3.156852e+01  2.740172e-03 
 3.156892e+01  2.621045e-03 
 3.156932e+01  2.359237e-03 
 3.156972e+01  1.993860e-03 
 3.157011e+01  1.574671e-03 
 3.157051e+01  1.157868e-03 
 3.157091e+01  7.812691e-04 
 3.157131e+01  4.961983e-04 
 3.157170e+01  2.990081e-04 
 3.157210e+01  2.167235e-04 
 3.157250e+01  2.348503e-04 
 3.157290e+01  3.743357e-04 
 3.157329e+01  6.158334e-04 
 3.157369e+01  9.202639e-04 
 3.157409e+01  1.287243e-03 
 3.157449e+01  1.664088e-03 
 3.157489e+01  2.008586e-03 
 3.157528e+01  2.265899e-03 
 3.157568e+01  2.396247e-03 
 3.157608e+01  2.378775e-03 
 3.157648e+01  2.191110e-03 
 3.157687e+01  1.862543e-03 
 3.157727e+01  1.422285e-03 
 3.157767e+01  8.970230e-04 
 3.157807e+01  3.155345e-04 
 3.157846e+01 -3.022062e-04 
 3.157886e+01 -9.085307e-04 
 3.157926e+01 -1.461177e-03 
 3.157966e+01 -1.867457e-03 
 3.158006e+01 -2.054525e-03 
 3.158045e+01 -1.982899e-03 
 3.158085e+01 -1.645282e-03 
 3.158125e+01 -1.037375e-03 
 3.158165e+01 -1.756957e-04 
 3.158204e+01  8.723363e-04 
 3.158244e+01  2.023364e-03 
 3.158284e+01  3.229617e-03 
 3.158324e+01  4.426483e-03 
 3.158363e+01  5.558728e-03 
 3.158403e+01  6.543130e-03 
 3.158443e+01  7.303009e-03 
 3.158483e+01  7.756001e-03 
 3.158523e+01  7.879289e-03 
 3.158562e+01  7.680286e-03 
 3.158602e+01  7.219512e-03 
 3.158642e+01  6.518487e-03 
 3.158682e+01  5.655756e-03 
 3.158721e+01  4.713015e-03 
 3.158761e+01  3.754839e-03 
 3.158801e+01  2.850771e-03 
 3.158841e+01  2.058113e-03 
 3.158880e+01  1.430332e-03 
 3.158920e+01  1.002522e-03 
 3.158960e+01  7.912757e-04 
 3.159000e+01  7.878913e-04 
 3.159040e+01  9.515866e-04 
 3.159079e+01  1.256646e-03 
 3.159119e+01  1.622131e-03 
 3.159159e+01  1.984178e-03 
 3.159199e+01  2.315296e-03 
 3.159238e+01  2.548171e-03 
 3.159278e+01  2.681079e-03 
 3.159318e+01  2.709239e-03 
 3.159358e+01  2.645162e-03 
 3.159397e+01  2.492097e-03 
 3.159437e+01  2.260433e-03 
 3.159477e+01  1.978938e-03 
 3.159517e+01  1.663954e-03 
 3.159557e+01  1.355701e-03 
 3.159596e+01  1.105860e-03 
 3.159636e+01  9.989634e-04 
 3.159676e+01  1.072411e-03 
 3.159716e+01  1.369532e-03 
 3.159755e+01  1.903219e-03 
 3.159795e+01  2.650224e-03 
 3.159835e+01  3.584887e-03 
 3.159875e+01  4.637344e-03 
 3.159914e+01  5.761254e-03 
 3.159954e+01  6.894495e-03 
 3.159994e+01  7.962063e-03 
 3.160034e+01  8.909736e-03 
 3.160074e+01  9.676164e-03 
 3.160113e+01  1.022212e-02 
 3.160153e+01  1.050746e-02 
 3.160193e+01  1.054384e-02 
 3.160233e+01  1.031719e-02 
 3.160272e+01  9.827089e-03 
 3.160312e+01  9.126745e-03 
 3.160352e+01  8.265136e-03 
 3.160392e+01  7.315660e-03 
 3.160431e+01  6.318202e-03 
 3.160471e+01  5.337933e-03 
 3.160511e+01  4.443482e-03 
 3.160551e+01  3.671289e-03 
 3.160591e+01  3.060055e-03 
 3.160630e+01  2.627922e-03 
 3.160670e+01  2.375695e-03 
 3.160710e+01  2.330126e-03 
 3.160750e+01  2.496129e-03 
 3.160789e+01  2.886104e-03 
 3.160829e+01  3.465973e-03 
 3.160869e+01  4.177331e-03 
 3.160909e+01  4.979999e-03 
 3.160948e+01  5.821779e-03 
 3.160988e+01  6.628071e-03 
 3.161028e+01  7.320909e-03 
 3.161068e+01  7.863503e-03 
 3.161108e+01  8.243039e-03 
 3.161147e+01  8.441070e-03 
 3.161187e+01  8.479533e-03 
 3.161227e+01  8.390000e-03 
 3.161267e+01  8.221037e-03 
 3.161306e+01  8.019952e-03 
 3.161346e+01  7.839125e-03 
 3.161386e+01  7.739038e-03 
 3.161426e+01  7.772625e-03 
 3.161465e+01  7.972514e-03 
 3.161505e+01  8.374720e-03 
 3.161545e+01  8.984054e-03 
 3.161585e+01  9.793106e-03 
 3.161625e+01  1.075934e-02 
 3.161664e+01  1.183044e-02 
 3.161704e+01  1.293902e-02 
 3.161744e+01  1.400136e-02 
 3.161784e+01  1.493396e-02 
 3.161823e+01  1.565973e-02 
 3.161863e+01  1.614042e-02 
 3.161903e+01  1.630821e-02 
 3.161943e+01  1.613935e-02 
 3.161982e+01  1.566840e-02 
 3.162022e+01  1.490370e-02 
 3.162062e+01  1.389244e-02 
 3.162102e+01  1.270229e-02 
 3.162142e+01  1.139773e-02 
 3.162181e+01  1.007775e-02 
 3.162221e+01  8.803852e-03 
 3.162261e+01  7.669656e-03 
 3.162301e+01  6.735780e-03 
 3.162340e+01  6.064218e-03 
 3.162380e+01  5.694461e-03 
 3.162420e+01  5.659135e-03 
 3.162460e+01  5.958425e-03 
 3.162499e+01  6.581591e-03 
 3.162539e+01  7.531922e-03 
 3.162579e+01  8.763900e-03 
 3.162619e+01  1.019055e-02 
 3.162659e+01  1.170420e-02 
 3.162698e+01  1.319948e-02 
 3.162738e+01  1.461258e-02 
 3.162778e+01  1.585779e-02 
 3.162818e+01  1.689050e-02 
 3.162857e+01  1.766533e-02 
 3.162897e+01  1.816204e-02 
 3.162937e+01  1.835275e-02 
 3.162977e+01  1.823248e-02 
 3.163016e+01  1.779623e-02 
 3.163056e+01  1.705376e-02 
 3.163096e+01  1.608461e-02 
 3.163136e+01  1.499397e-02 
 3.163176e+01  1.388533e-02 
 3.163215e+01  1.282984e-02 
 3.163255e+01  1.189493e-02 
 3.163295e+01  1.114070e-02 
 3.163335e+01  1.058461e-02 
 3.163374e+01  1.023228e-02 
 3.163414e+01  1.007347e-02 
 3.163454e+01  1.008001e-02 
 3.163494e+01  1.021606e-02 
 3.163534e+01  1.042521e-02 
 3.163573e+01  1.063733e-02 
 3.163613e+01  1.078728e-02 
 3.163653e+01  1.080026e-02 
 3.163693e+01  1.062226e-02 
 3.163732e+01  1.023055e-02 
 3.163772e+01  9.611893e-03 
 3.163812e+01  8.786775e-03 
 3.163852e+01  7.785238e-03 
 3.163891e+01  6.666939e-03 
 3.163931e+01  5.492521e-03 
 3.163971e+01  4.324112e-03 
 3.164011e+01  3.245296e-03 
 3.164051e+01  2.336825e-03 
 3.164090e+01  1.671002e-03 
 3.164130e+01  1.287060e-03 
 3.164170e+01  1.200341e-03 
 3.164210e+01  1.444295e-03 
 3.164249e+01  1.988083e-03 
 3.164289e+01  2.791406e-03 
 3.164329e+01  3.806060e-03 
 3.164369e+01  4.954689e-03 
 3.164408e+01  6.156948e-03 
 3.164448e+01  7.322475e-03 
 3.164488e+01  8.368638e-03 
 3.164528e+01  9.230075e-03 
 3.164568e+01  9.847297e-03 
 3.164607e+01  1.019351e-02 
 3.164647e+01  1.026390e-02 
 3.164687e+01  1.006109e-02 
 3.164727e+01  9.611662e-03 
 3.164766e+01  8.966094e-03 
 3.164806e+01  8.152681e-03 
 3.164846e+01  7.209689e-03 
 3.164886e+01  6.201342e-03 
 3.164925e+01  5.192060e-03 
 3.164965e+01  4.245359e-03 
 3.165005e+01  3.375650e-03 
 3.165045e+01  2.604792e-03 
 3.165085e+01  1.946501e-03 
 3.165124e+01  1.385088e-03 
 3.165164e+01  9.264012e-04 
 3.165204e+01  5.377605e-04 
 3.165244e+01  1.992063e-04 
 3.165283e+01 -1.068815e-04 
 3.165323e+01 -3.727272e-04 
 3.165363e+01 -5.821708e-04 
 3.165403e+01 -7.678386e-04 
 3.165442e+01 -9.451692e-04 
 3.165482e+01 -1.106663e-03 
 3.165522e+01 -1.251768e-03 
 3.165562e+01 -1.359847e-03 
 3.165602e+01 -1.431694e-03 
 3.165641e+01 -1.445486e-03 
 3.165681e+01 -1.386759e-03 
 3.165721e+01 -1.239649e-03 
 3.165761e+01 -9.925774e-04 
 3.165800e+01 -6.504861e-04 
 3.165840e+01 -2.083409e-04 
 3.165880e+01  3.284995e-04 
 3.165920e+01  9.578792e-04 
 3.165959e+01  1.672439e-03 
 3.165999e+01  2.444907e-03 
 3.166039e+01  3.218626e-03 
 3.166079e+01  3.947476e-03 
 3.166119e+01  4.574281e-03 
 3.166158e+01  5.050230e-03 
 3.166198e+01  5.346107e-03 
 3.166238e+01  5.443767e-03 
 3.166278e+01  5.347734e-03 
 3.166317e+01  5.055972e-03 
 3.166357e+01  4.592471e-03 
 3.166397e+01  3.976973e-03 
 3.166437e+01  3.252578e-03 
 3.166476e+01  2.439315e-03 
 3.166516e+01  1.582633e-03 
 3.166556e+01  7.524041e-04 
 3.166596e+01 -1.067723e-05 
 3.166636e+01 -6.650852e-04 
 3.166675e+01 -1.184091e-03 
 3.166715e+01 -1.546615e-03 
 3.166755e+01 -1.755145e-03 
 3.166795e+01 -1.822025e-03 
 3.166834e+01 -1.774710e-03 
 3.166874e+01 -1.632744e-03 
 3.166914e+01 -1.434884e-03 
 3.166954e+01 -1.190501e-03 
 3.166993e+01 -9.046978e-04 
 3.167033e+01 -6.134516e-04 
 3.167073e+01 -3.049769e-04 
 3.167113e+01  1.904443e-05 
 3.167153e+01  3.580349e-04 
 3.167192e+01  6.949733e-04 
 3.167232e+01  1.016517e-03 
 3.167272e+01  1.315447e-03 
 3.167312e+01  1.607675e-03 
 3.167351e+01  1.916785e-03 
 3.167391e+01  2.255207e-03 
 3.167431e+01  2.645519e-03 
 3.167471e+01  3.077314e-03 
 3.167510e+01  3.561799e-03 
 3.167550e+01  4.107244e-03 
 3.167590e+01  4.684420e-03 
 3.167630e+01  5.292790e-03 
 3.167670e+01  5.926350e-03 
 3.167709e+01  6.593699e-03 
 3.167749e+01  7.288164e-03 
 3.167789e+01  7.951863e-03 
 3.167829e+01  8.527271e-03 
 3.167868e+01  8.959666e-03 
 3.167908e+01  9.182208e-03 
 3.167948e+01  9.151182e-03 
 3.167988e+01  8.828058e-03 
 3.168027e+01  8.211973e-03 
 3.168067e+01  7.318472e-03 
 3.168107e+01  6.177552e-03 
 3.168147e+01  4.854922e-03 
 3.168187e+01  3.431999e-03 
 3.168226e+01  1.986789e-03 
 3.168266e+01  6.000485e-04 
 3.168306e+01 -6.652475e-04 
 3.168346e+01 -1.747550e-03 
 3.168385e+01 -2.606465e-03 
 3.168425e+01 -3.202142e-03 
 3.168465e+01 -3.519303e-03 
 3.168505e+01 -3.542225e-03 
 3.168544e+01 -3.278843e-03 
 3.168584e+01 -2.764414e-03 
 3.168624e+01 -2.022433e-03 
 3.168664e+01 -1.104706e-03 
 3.168704e+01 -8.445429e-05 
 3.168743e+01  9.883311e-04 
 3.168783e+01  2.050918e-03 
 3.168823e+01  3.033662e-03 
 3.168863e+01  3.870493e-03 
 3.168902e+01  4.526110e-03 
 3.168942e+01  4.971216e-03 
 3.168982e+01  5.220486e-03 
 3.169022e+01  5.299362e-03 
 3.169061e+01  5.250524e-03 
 3.169101e+01  5.105217e-03 
 3.169141e+01  4.914510e-03 
 3.169181e+01  4.725883e-03 
 3.169221e+01  4.562775e-03 
 3.169260e+01  4.420960e-03 
 3.169300e+01  4.350142e-03 
 3.169340e+01  4.368273e-03 
 3.169380e+01  4.474846e-03 
 3.169419e+01  4.660872e-03 
 3.169459e+01  4.897568e-03 
 3.169499e+01  5.154227e-03 
 3.169539e+01  5.382726e-03 
 3.169578e+01  5.533129e-03 
 3.169618e+01  5.558114e-03 
 3.169658e+01  5.437565e-03 
 3.169698e+01  5.138497e-03 
 3.169738e+01  4.677582e-03 
 3.169777e+01  4.067059e-03 
 3.169817e+01  3.303608e-03 
 3.169857e+01  2.437063e-03 
 3.169897e+01  1.500468e-03 
 3.169936e+01  5.495628e-04 
 3.169976e+01 -3.696031e-04 
 3.170016e+01 -1.202066e-03 
 3.170056e+01 -1.870012e-03 
 3.170095e+01 -2.292266e-03 
 3.170135e+01 -2.395841e-03 
 3.170175e+01 -2.157351e-03 
 3.170215e+01 -1.563597e-03 
 3.170255e+01 -6.329065e-04 
 3.170294e+01  5.947621e-04 
 3.170334e+01  2.045874e-03 
 3.170374e+01  3.632844e-03 
 3.170414e+01  5.282716e-03 
 3.170453e+01  6.899677e-03 
 3.170493e+01  8.433802e-03 
 3.170533e+01  9.809293e-03 
 3.170573e+01  1.097538e-02 
 3.170612e+01  1.187259e-02 
 3.170652e+01  1.245954e-02 
 3.170692e+01  1.274347e-02 
 3.170732e+01  1.272069e-02 
 3.170772e+01  1.241167e-02 
 3.170811e+01  1.187723e-02 
 3.170851e+01  1.119410e-02 
 3.170891e+01  1.043888e-02 
 3.170931e+01  9.691210e-03 
 3.170970e+01  9.040667e-03 
 3.171010e+01  8.537331e-03 
 3.171050e+01  8.198015e-03 
 3.171090e+01  8.059986e-03 
 3.171129e+01  8.109599e-03 
 3.171169e+01  8.312595e-03 
 3.171209e+01  8.618040e-03 
 3.171249e+01  8.952645e-03 
 3.171289e+01  9.254450e-03 
 3.171328e+01  9.478119e-03 
 3.171368e+01  9.590174e-03 
 3.171408e+01  9.556441e-03 
 3.171448e+01  9.342583e-03 
 3.171487e+01  8.949506e-03 
 3.171527e+01  8.398021e-03 
 3.171567e+01  7.743728e-03 
 3.171607e+01  7.027072e-03 
 3.171646e+01  6.322766e-03 
 3.171686e+01  5.702799e-03 
 3.171726e+01  5.251173e-03 
 3.171766e+01  5.010091e-03 
 3.171806e+01  5.006403e-03 
 3.171845e+01  5.276331e-03 
 3.171885e+01  5.809692e-03 
 3.171925e+01  6.613026e-03 
 3.171965e+01  7.681103e-03 
 3.172004e+01  8.958359e-03 
 3.172044e+01  1.037592e-02 
 3.172084e+01  1.188635e-02 
 3.172124e+01  1.343147e-02 
 3.172163e+01  1.492907e-02 
 3.172203e+01  1.632272e-02 
 3.172243e+01  1.755526e-02 
 3.172283e+01  1.854860e-02 
 3.172323e+01  1.927573e-02 
 3.172362e+01  1.966674e-02 
 3.172402e+01  1.966292e-02 
 3.172442e+01  1.927464e-02 
 3.172482e+01  1.853109e-02 
 3.172521e+01  1.748449e-02 
 3.172561e+01  1.621513e-02 
 3.172601e+01  1.478584e-02 
 3.172641e+01  1.326368e-02 
 3.172681e+01  1.170658e-02 
 3.172720e+01  1.019064e-02 
 3.172760e+01  8.796046e-03 
 3.172800e+01  7.575612e-03 
 3.172840e+01  6.603270e-03 
 3.172879e+01  5.916928e-03 
 3.172919e+01  5.530008e-03 
 3.172959e+01  5.442054e-03 
 3.172999e+01  5.606558e-03 
 3.173038e+01  5.967873e-03 
 3.173078e+01  6.458915e-03 
 3.173118e+01  7.013277e-03 
 3.173158e+01  7.561851e-03 
 3.173198e+01  8.066836e-03 
 3.173237e+01  8.487906e-03 
 3.173277e+01  8.797758e-03 
 3.173317e+01  9.012463e-03 
 3.173357e+01  9.137032e-03 
 3.173396e+01  9.173500e-03 
 3.173436e+01  9.136412e-03 
 3.173476e+01  9.034712e-03 
 3.173516e+01  8.880448e-03 
 3.173555e+01  8.708748e-03 
 3.173595e+01  8.584337e-03 
 3.173635e+01  8.526771e-03 
 3.173675e+01  8.566286e-03 
 3.173715e+01  8.731292e-03 
 3.173754e+01  9.015061e-03 
 3.173794e+01  9.406640e-03 
 3.173834e+01  9.851136e-03 
 3.173874e+01  1.033316e-02 
 3.173913e+01  1.079959e-02 
 3.173953e+01  1.121822e-02 
 3.173993e+01  1.154551e-02 
 3.174033e+01  1.170773e-02 
 3.174072e+01  1.168841e-02 
 3.174112e+01  1.144996e-02 
 3.174152e+01  1.097028e-02 
 3.174192e+01  1.025028e-02 
 3.174232e+01  9.297503e-03 
 3.174271e+01  8.113520e-03 
 3.174311e+01  6.749596e-03 
 3.174351e+01  5.256595e-03 
 3.174391e+01  3.694432e-03 
 3.174430e+01  2.150839e-03 
 3.174470e+01  7.071964e-04 
 3.174510e+01 -5.421791e-04 
 3.174550e+01 -1.559552e-03 
 3.174589e+01 -2.307048e-03 
 3.174629e+01 -2.773593e-03 
 3.174669e+01 -2.970405e-03 
 3.174709e+01 -2.888870e-03 
 3.174749e+01 -2.550590e-03 
 3.174788e+01 -1.987503e-03 
 3.174828e+01 -1.232976e-03 
 3.174868e+01 -3.132775e-04 
 3.174908e+01  7.014220e-04 
 3.174947e+01  1.764537e-03 
 3.174987e+01  2.820010e-03 
 3.175027e+01  3.828174e-03 
 3.175067e+01  4.757895e-03 
 3.175106e+01  5.594578e-03 
 3.175146e+01  6.314030e-03 
 3.175186e+01  6.889072e-03 
 3.175226e+01  7.318648e-03 
 3.175266e+01  7.607771e-03 
 3.175305e+01  7.774776e-03 
 3.175345e+01  7.863012e-03 
 3.175385e+01  7.893221e-03 
 3.175425e+01  7.866848e-03 
 3.175464e+01  7.815892e-03 
 3.175504e+01  7.721310e-03 
 3.175544e+01  7.590645e-03 
 3.175584e+01  7.411657e-03 
 3.175623e+01  7.178782e-03 
 3.175663e+01  6.879616e-03 
 3.175703e+01  6.507704e-03 
 3.175743e+01  6.061745e-03 
 3.175783e+01  5.507377e-03 
 3.175822e+01  4.816356e-03 
 3.175862e+01  3.980984e-03 
 3.175902e+01  2.997145e-03 
 3.175942e+01  1.950201e-03 
 3.175981e+01  9.017285e-04 
 3.176021e+01 -8.338112e-05 
 3.176061e+01 -9.482336e-04 
 3.176101e+01 -1.625940e-03 
 3.176140e+01 -2.080147e-03 
 3.176180e+01 -2.300278e-03 
 3.176220e+01 -2.270996e-03 
 3.176260e+01 -2.018662e-03 
 3.176300e+01 -1.566360e-03 
 3.176339e+01 -9.289716e-04 
 3.176379e+01 -1.497626e-04 
 3.176419e+01  7.276404e-04 
 3.176459e+01  1.667928e-03 
 3.176498e+01  2.642819e-03 
 3.176538e+01  3.597202e-03 
 3.176578e+01  4.489775e-03 
 3.176618e+01  5.281446e-03 
 3.176657e+01  5.918608e-03 
 3.176697e+01  6.406932e-03 
 3.176737e+01  6.745272e-03 
 3.176777e+01  6.944167e-03 
 3.176817e+01  7.017173e-03 
 3.176856e+01  6.987803e-03 
 3.176896e+01  6.877550e-03 
 3.176936e+01  6.697899e-03 
 3.176976e+01  6.480341e-03 
 3.177015e+01  6.262696e-03 
 3.177055e+01  6.036716e-03 
 3.177095e+01  5.865585e-03 
 3.177135e+01  5.748722e-03 
 3.177174e+01  5.651178e-03 
 3.177214e+01  5.569582e-03 
 3.177254e+01  5.465134e-03 
 3.177294e+01  5.306224e-03 
 3.177334e+01  5.070834e-03 
 3.177373e+01  4.730900e-03 
 3.177413e+01  4.259009e-03 
 3.177453e+01  3.618878e-03 
 3.177493e+01  2.831257e-03 
 3.177532e+01  1.891892e-03 
 3.177572e+01  8.415729e-04 
 3.177612e+01 -2.658164e-04 
 3.177652e+01 -1.392995e-03 
 3.177691e+01 -2.460090e-03 
 3.177731e+01 -3.410983e-03 
 3.177771e+01 -4.195707e-03 
 3.177811e+01 -4.798701e-03 
 3.177851e+01 -5.178380e-03 
 3.177890e+01 -5.286543e-03 
 3.177930e+01 -5.108687e-03 
 3.177970e+01 -4.598768e-03 
 3.178010e+01 -3.776680e-03 
 3.178049e+01 -2.686708e-03 
 3.178089e+01 -1.398587e-03 
 3.178129e+01  4.738967e-05 
 3.178169e+01  1.563144e-03 
 3.178208e+01  3.058833e-03 
 3.178248e+01  4.448950e-03 
 3.178288e+01  5.653202e-03 
 3.178328e+01  6.628193e-03 
 3.178368e+01  7.350544e-03 
 3.178407e+01  7.793258e-03 
 3.178447e+01  7.939098e-03 
 3.178487e+01  7.802270e-03 
 3.178527e+01  7.418839e-03 
 3.178566e+01  6.809675e-03 
 3.178606e+01  6.021194e-03 
 3.178646e+01  5.076735e-03 
 3.178686e+01  4.000095e-03 
 3.178725e+01  2.873869e-03 
 3.178765e+01  1.766688e-03 
 3.178805e+01  7.175370e-04 
 3.178845e+01 -2.182293e-04 
 3.178885e+01 -9.851733e-04 
 3.178924e+01 -1.580281e-03 
 3.178964e+01 -1.994136e-03 
 3.179004e+01 -2.208944e-03 
 3.179044e+01 -2.272445e-03 
 3.179083e+01 -2.211379e-03 
 3.179123e+01 -2.057337e-03 
 3.179163e+01 -1.868993e-03 
 3.179203e+01 -1.674010e-03 
 3.179242e+01 -1.510091e-03 
 3.179282e+01 -1.400612e-03 
 3.179322e+01 -1.373578e-03 
 3.179362e+01 -1.407671e-03 
 3.179402e+01 -1.497015e-03 
 3.179441e+01 -1.617333e-03 
 3.179481e+01 -1.698401e-03 
 3.179521e+01 -1.706620e-03 
 3.179561e+01 -1.601358e-03 
 3.179600e+01 -1.331021e-03 
 3.179640e+01 -8.677833e-04 
 3.179680e+01 -2.271768e-04 
 3.179720e+01  5.928422e-04 
 3.179759e+01  1.566184e-03 
 3.179799e+01  2.652527e-03 
 3.179839e+01  3.819957e-03 
 3.179879e+01  5.062348e-03 
 3.179919e+01  6.339732e-03 
 3.179958e+01  7.601184e-03 
 3.179998e+01  8.812123e-03 
 3.180038e+01  9.883535e-03 
 3.180078e+01  1.075034e-02 
 3.180117e+01  1.137348e-02 
 3.180157e+01  1.170127e-02 
 3.180197e+01  1.170655e-02 
 3.180237e+01  1.139287e-02 
 3.180276e+01  1.076545e-02 
 3.180316e+01  9.857361e-03 
 3.180356e+01  8.753635e-03 
 3.180396e+01  7.515101e-03 
 3.180436e+01  6.217488e-03 
 3.180475e+01  4.966449e-03 
 3.180515e+01  3.863110e-03 
 3.180555e+01  2.972930e-03 
 3.180595e+01  2.344135e-03 
 3.180634e+01  2.011394e-03 
 3.180674e+01  1.981960e-03 
 3.180714e+01  2.253504e-03 
 3.180754e+01  2.817906e-03 
 3.180793e+01  3.596865e-03 
 3.180833e+01  4.523355e-03 
 3.180873e+01  5.533943e-03 
 3.180913e+01  6.552799e-03 
 3.180953e+01  7.528501e-03 
 3.180992e+01  8.407617e-03 
 3.181032e+01  9.149313e-03 
 3.181072e+01  9.748518e-03 
 3.181112e+01  1.022482e-02 
 3.181151e+01  1.057696e-02 
 3.181191e+01  1.082489e-02 
 3.181231e+01  1.101187e-02 
 3.181271e+01  1.116641e-02 
 3.181310e+01  1.133233e-02 
 3.181350e+01  1.155719e-02 
 3.181390e+01  1.187004e-02 
 3.181430e+01  1.228245e-02 
 3.181470e+01  1.281452e-02 
 3.181509e+01  1.346097e-02 
 3.181549e+01  1.419164e-02 
 3.181589e+01  1.496135e-02 
 3.181629e+01  1.573769e-02 
 3.181668e+01  1.646223e-02 
 3.181708e+01  1.708720e-02 
 3.181748e+01  1.753984e-02 
 3.181788e+01  1.775792e-02 
 3.181828e+01  1.769599e-02 
 3.181867e+01  1.734552e-02 
 3.181907e+01  1.671397e-02 
 3.181947e+01  1.581313e-02 
 3.181987e+01  1.467918e-02 
 3.182026e+01  1.333364e-02 
 3.182066e+01  1.183105e-02 
 3.182106e+01  1.025856e-02 
 3.182146e+01  8.697662e-03 
 3.182185e+01  7.215995e-03 
 3.182225e+01  5.896653e-03 
 3.182265e+01  4.835354e-03 
 3.182305e+01  4.090771e-03 
 3.182345e+01  3.730836e-03 
 3.182384e+01  3.742302e-03 
 3.182424e+01  4.087099e-03 
 3.182464e+01  4.722594e-03 
 3.182504e+01  5.604263e-03 
 3.182543e+01  6.671451e-03 
 3.182583e+01  7.871295e-03 
 3.182623e+01  9.134273e-03 
 3.182663e+01  1.037875e-02 
 3.182702e+01  1.155789e-02 
 3.182742e+01  1.263517e-02 
 3.182782e+01  1.355251e-02 
 3.182822e+01  1.425188e-02 
 3.182862e+01  1.471138e-02 
 3.182901e+01  1.492193e-02 
 3.182941e+01  1.488990e-02 
 3.182981e+01  1.465205e-02 
 3.183021e+01  1.423003e-02 
 3.183060e+01  1.365949e-02 
 3.183100e+01  1.301166e-02 
 3.183140e+01  1.235394e-02 
 3.183180e+01  1.170701e-02 
 3.183219e+01  1.112289e-02 
 3.183259e+01  1.060864e-02 
 3.183299e+01  1.016669e-02 
 3.183339e+01  9.808780e-03 
 3.183379e+01  9.526977e-03 
 3.183418e+01  9.309865e-03 
 3.183458e+01  9.141466e-03 
 3.183498e+01  9.001633e-03 
 3.183538e+01  8.841841e-03 
 3.183577e+01  8.626944e-03 
 3.183617e+01  8.323309e-03 
 3.183657e+01  7.886660e-03 
 3.183697e+01  7.305401e-03 
 3.183736e+01  6.599518e-03 
 3.183776e+01  5.804287e-03 
 3.183816e+01  4.960190e-03 
 3.183856e+01  4.136638e-03 
 3.183896e+01  3.370853e-03 
 3.183935e+01  2.695804e-03 
 3.183975e+01  2.150574e-03 
 3.184015e+01  1.774088e-03 
 3.184055e+01  1.588105e-03 
 3.184094e+01  1.615268e-03 
 3.184134e+01  1.877480e-03 
 3.184174e+01  2.350053e-03 
 3.184214e+01  3.004824e-03 
 3.184253e+01  3.804439e-03 
 3.184293e+01  4.679313e-03 
 3.184333e+01  5.607616e-03 
 3.184373e+01  6.546701e-03 
 3.184413e+01  7.462949e-03 
 3.184452e+01  8.347780e-03 
 3.184492e+01  9.158992e-03 
 3.184532e+01  9.871622e-03 
 3.184572e+01  1.043604e-02 
 3.184611e+01  1.081467e-02 
 3.184651e+01  1.097484e-02 
 3.184691e+01  1.091537e-02 
 3.184731e+01  1.063696e-02 
 3.184770e+01  1.015005e-02 
 3.184810e+01  9.478197e-03 
 3.184850e+01  8.629089e-03 
 3.184890e+01  7.627027e-03 
 3.184930e+01  6.530596e-03 
 3.184969e+01  5.387337e-03 
 3.185009e+01  4.261528e-03 
 3.185049e+01  3.203355e-03 
 3.185089e+01  2.277004e-03 
 3.185128e+01  1.496427e-03 
 3.185168e+01  8.600433e-04 
 3.185208e+01  3.515132e-04 
 3.185248e+01 -3.295907e-05 
 3.185287e+01 -3.216442e-04 
 3.185327e+01 -5.013805e-04 
 3.185367e+01 -5.927475e-04 
 3.185407e+01 -6.049451e-04 
 3.185447e+01 -5.236436e-04 
 3.185486e+01 -3.636099e-04 
 3.185526e+01 -1.324732e-04 
 3.185566e+01  1.514780e-04 
 3.185606e+01  4.880776e-04 
 3.185645e+01  8.738909e-04 
 3.185685e+01  1.328844e-03 
 3.185725e+01  1.855900e-03 
 3.185765e+01  2.445866e-03 
 3.185804e+01  3.122042e-03 
 3.185844e+01  3.867306e-03 
 3.185884e+01  4.683435e-03 
 3.185924e+01  5.538156e-03 
 3.185964e+01  6.363950e-03 
 3.186003e+01  7.111956e-03 
 3.186043e+01  7.720384e-03 
 3.186083e+01  8.187393e-03 
 3.186123e+01  8.461268e-03 
 3.186162e+01  8.532677e-03 
 3.186202e+01  8.403546e-03 
 3.186242e+01  8.084803e-03 
 3.186282e+01  7.611967e-03 
 3.186321e+01  7.006842e-03 
 3.186361e+01  6.282211e-03 
 3.186401e+01  5.459695e-03 
 3.186441e+01  4.578311e-03 
 3.186481e+01  3.700871e-03 
 3.186520e+01  2.866144e-03 
 3.186560e+01  2.110805e-03 
 3.186600e+01  1.449892e-03 
 3.186640e+01  8.921147e-04 
 3.186679e+01  4.500446e-04 
 3.186719e+01  1.423111e-04 
 3.186759e+01 -8.425054e-05 
 3.186799e+01 -2.348283e-04 
 3.186838e+01 -3.246648e-04 
 3.186878e+01 -3.720358e-04 
 3.186918e+01 -4.006463e-04 
 3.186958e+01 -4.292824e-04 
 3.186998e+01 -5.062126e-04 
 3.187037e+01 -6.556677e-04 
 3.187077e+01 -8.695469e-04 
 3.187117e+01 -1.128687e-03 
 3.187157e+01 -1.436047e-03 
 3.187196e+01 -1.767768e-03 
 3.187236e+01 -2.106933e-03 
 3.187276e+01 -2.394599e-03 
 3.187316e+01 -2.567532e-03 
 3.187355e+01 -2.571156e-03 
 3.187395e+01 -2.418302e-03 
 3.187435e+01 -2.067978e-03 
 3.187475e+01 -1.537217e-03 
 3.187515e+01 -8.363121e-04 
 3.187554e+01  1.857668e-05 
 3.187594e+01  9.765417e-04 
 3.187634e+01  1.968280e-03 
 3.187674e+01  2.955477e-03 
 3.187713e+01  3.890235e-03 
 3.187753e+01  4.692676e-03 
 3.187793e+01  5.327657e-03 
 3.187833e+01  5.776205e-03 
 3.187872e+01  5.960737e-03 
 3.187912e+01  5.880229e-03 
 3.187952e+01  5.520807e-03 
 3.187992e+01  4.869738e-03 
 3.188032e+01  3.926592e-03 
 3.188071e+01  2.725353e-03 
 3.188111e+01  1.317376e-03 
 3.188151e+01 -2.000254e-04 
 3.188191e+01 -1.735315e-03 
 3.188230e+01 -3.177354e-03 
 3.188270e+01 -4.442449e-03 
 3.188310e+01 -5.438477e-03 
 3.188350e+01 -6.086828e-03 
 3.188389e+01 -6.351209e-03 
 3.188429e+01 -6.207534e-03 
 3.188469e+01 -5.695355e-03 
 3.188509e+01 -4.880632e-03 
 3.188549e+01 -3.829474e-03 
 3.188588e+01 -2.614497e-03 
 3.188628e+01 -1.323092e-03 
 3.188668e+01 -3.827528e-05 
 3.188708e+01  1.185887e-03 
 3.188747e+01  2.261724e-03 
 3.188787e+01  3.153159e-03 
 3.188827e+01  3.825128e-03 
 3.188867e+01  4.267291e-03 
 3.188906e+01  4.484385e-03 
 3.188946e+01  4.525092e-03 
 3.188986e+01  4.441955e-03 
 3.189026e+01  4.267429e-03 
 3.189066e+01  4.071187e-03 
 3.189105e+01  3.848255e-03 
 3.189145e+01  3.613591e-03 
 3.189185e+01  3.432323e-03 
 3.189225e+01  3.340062e-03 
 3.189264e+01  3.377309e-03 
 3.189304e+01  3.560507e-03 
 3.189344e+01  3.889431e-03 
 3.189384e+01  4.324886e-03 
 3.189423e+01  4.809967e-03 
 3.189463e+01  5.325792e-03 
 3.189503e+01  5.800289e-03 
 3.189543e+01  6.205757e-03 
 3.189583e+01  6.518445e-03 
 3.189622e+01  6.718864e-03 
 3.189662e+01  6.803443e-03 
 3.189702e+01  6.769764e-03 
 3.189742e+01  6.579866e-03 
 3.189781e+01  6.237271e-03 
 3.189821e+01  5.748648e-03 
 3.189861e+01  5.160339e-03 
 3.189901e+01  4.502501e-03 
 3.189940e+01  3.837516e-03 
 3.189980e+01  3.212899e-03 
 3.190020e+01  2.693276e-03 
 3.190060e+01  2.342296e-03 
 3.190100e+01  2.180060e-03 
 3.190139e+01  2.240407e-03 
 3.190179e+01  2.558906e-03 
 3.190219e+01  3.136985e-03 
 3.190259e+01  3.963579e-03 
 3.190298e+01  4.999183e-03 
 3.190338e+01  6.207523e-03 
 3.190378e+01  7.515120e-03 
 3.190418e+01  8.854530e-03 
 3.190457e+01  1.018278e-02 
 3.190497e+01  1.142937e-02 
 3.190537e+01  1.250347e-02 
 3.190577e+01  1.337890e-02 
 3.190617e+01  1.402000e-02 
 3.190656e+01  1.442436e-02 
 3.190696e+01  1.461552e-02 
 3.190736e+01  1.460708e-02 
 3.190776e+01  1.442353e-02 
 3.190815e+01  1.410420e-02 
 3.190855e+01  1.368470e-02 
 3.190895e+01  1.318315e-02 
 3.190935e+01  1.263272e-02 
 3.190975e+01  1.206486e-02 
 3.191014e+01  1.151024e-02 
 3.191054e+01  1.102564e-02 
 3.191094e+01  1.063595e-02 
 3.191134e+01  1.033885e-02 
 3.191173e+01  1.012979e-02 
 3.191213e+01  1.000063e-02 
 3.191253e+01  9.970717e-03 
 3.191293e+01  1.002917e-02 
 3.191332e+01  1.016630e-02 
 3.191372e+01  1.032637e-02 
 3.191412e+01  1.049021e-02 
 3.191452e+01  1.062660e-02 
 3.191492e+01  1.069660e-02 
 3.191531e+01  1.067538e-02 
 3.191571e+01  1.055238e-02 
 3.191611e+01  1.033418e-02 
 3.191651e+01  1.005629e-02 
 3.191690e+01  9.784572e-03 
 3.191730e+01  9.552434e-03 
 3.191770e+01  9.370939e-03 
 3.191810e+01  9.263257e-03 
 3.191849e+01  9.260960e-03 
 3.191889e+01  9.385667e-03 
 3.191929e+01  9.648766e-03 
 3.191969e+01  1.005129e-02 
 3.192009e+01  1.055704e-02 
 3.192048e+01  1.116150e-02 
 3.192088e+01  1.183985e-02 
 3.192128e+01  1.254930e-02 
 3.192168e+01  1.323026e-02 
 3.192207e+01  1.383241e-02 
 3.192247e+01  1.432282e-02 
 3.192287e+01  1.463366e-02 
 3.192327e+01  1.475118e-02 
 3.192366e+01  1.463984e-02 
 3.192406e+01  1.428550e-02 
 3.192446e+01  1.370056e-02 
 3.192486e+01  1.290946e-02 
 3.192526e+01  1.197012e-02 
 3.192565e+01  1.092500e-02 
 3.192605e+01  9.824547e-03 
 3.192645e+01  8.730171e-03 
 3.192685e+01  7.707865e-03 
 3.192724e+01  6.818878e-03 
 3.192764e+01  6.092680e-03 
 3.192804e+01  5.573876e-03 
 3.192844e+01  5.278645e-03 
 3.192883e+01  5.188767e-03 
 3.192923e+01  5.277387e-03 
 3.192963e+01  5.524931e-03 
 3.193003e+01  5.862748e-03 
 3.193043e+01  6.250020e-03 
 3.193082e+01  6.647243e-03 
 3.193122e+01  7.006455e-03 
 3.193162e+01  7.290411e-03 
 3.193202e+01  7.501348e-03 
 3.193241e+01  7.606446e-03 
 3.193281e+01  7.624373e-03 
 3.193321e+01  7.571363e-03 
 3.193361e+01  7.471084e-03 
 3.193400e+01  7.348131e-03 
 3.193440e+01  7.222461e-03 
 3.193480e+01  7.130409e-03 
 3.193520e+01  7.089197e-03 
 3.193560e+01  7.118703e-03 
 3.193599e+01  7.246166e-03 
 3.193639e+01  7.446906e-03 
 3.193679e+01  7.693671e-03 
 3.193719e+01  7.946373e-03 
 3.193758e+01  8.192984e-03 
 3.193798e+01  8.420520e-03 
 3.193838e+01  8.637582e-03 
 3.193878e+01  8.838140e-03 
 3.193917e+01  8.994998e-03 
 3.193957e+01  9.077641e-03 
 3.193997e+01  9.044892e-03 
 3.194037e+01  8.872073e-03 
 3.194077e+01  8.557037e-03 
 3.194116e+01  8.113688e-03 
 3.194156e+01  7.557152e-03 
 3.194196e+01  6.937808e-03 
 3.194236e+01  6.286487e-03 
 3.194275e+01  5.611221e-03 
 3.194315e+01  4.925728e-03 
 3.194355e+01  4.222867e-03 
 3.194395e+01  3.527171e-03 
 3.194434e+01  2.903524e-03 
 3.194474e+01  2.393826e-03 
 3.194514e+01  2.020994e-03 
 3.194554e+01  1.812607e-03 
 3.194594e+01  1.781880e-03 
 3.194633e+01  1.905209e-03 
 3.194673e+01  2.166292e-03 
 3.194713e+01  2.557952e-03 
 3.194753e+01  3.051666e-03 
 3.194792e+01  3.622626e-03 
 3.194832e+01  4.248443e-03 
 3.194872e+01  4.888553e-03 
 3.194912e+01  5.467315e-03 
 3.194951e+01  5.954779e-03 
 3.194991e+01  6.305941e-03 
 3.195031e+01  6.526283e-03 
 3.195071e+01  6.640808e-03 
 3.195111e+01  6.674225e-03 
 3.195150e+01  6.671988e-03 
 3.195190e+01  6.680738e-03 
 3.195230e+01  6.716242e-03 
 3.195270e+01  6.778489e-03 
 3.195309e+01  6.864332e-03 
 3.195349e+01  6.952934e-03 
 3.195389e+01  7.039623e-03 
 3.195429e+01  7.097851e-03 
 3.195468e+01  7.100507e-03 
 3.195508e+01  6.993340e-03 
 3.195548e+01  6.760175e-03 
 3.195588e+01  6.384302e-03 
 3.195628e+01  5.867943e-03 
 3.195667e+01  5.242592e-03 
 3.195707e+01  4.527463e-03 
 3.195747e+01  3.762157e-03 
 3.195787e+01  2.983066e-03 
 3.195826e+01  2.248322e-03 
 3.195866e+01  1.602166e-03 
 3.195906e+01  1.035868e-03 
 3.195946e+01  5.689166e-04 
 3.195985e+01  2.101183e-04 
 3.196025e+01 -5.565313e-05 
 3.196065e+01 -1.942050e-04 
 3.196105e+01 -2.208935e-04 
 3.196145e+01 -1.404017e-04 
 3.196184e+01  4.256368e-05 
 3.196224e+01  3.527884e-04 
 3.196264e+01  7.695369e-04 
 3.196304e+01  1.275372e-03 
 3.196343e+01  1.820930e-03 
 3.196383e+01  2.349052e-03 
 3.196423e+01  2.821519e-03 
 3.196463e+01  3.202526e-03 
 3.196502e+01  3.453453e-03 
 3.196542e+01  3.538156e-03 
 3.196582e+01  3.447217e-03 
 3.196622e+01  3.244679e-03 
 3.196662e+01  2.989446e-03 
 3.196701e+01  2.711322e-03 
 3.196741e+01  2.438359e-03 
 3.196781e+01  2.165710e-03 
 3.196821e+01  1.914120e-03 
 3.196860e+01  1.693826e-03 
 3.196900e+01  1.515997e-03 
 3.196940e+01  1.399330e-03 
 3.196980e+01  1.330572e-03 
 3.197019e+01  1.311872e-03 
 3.197059e+01  1.351225e-03 
 3.197099e+01  1.437084e-03 
 3.197139e+01  1.564121e-03 
 3.197179e+01  1.695128e-03 
 3.197218e+01  1.819119e-03 
 3.197258e+01  1.924360e-03 
 3.197298e+01  1.974954e-03 
 3.197338e+01  1.961526e-03 
 3.197377e+01  1.858206e-03 
 3.197417e+01  1.626549e-03 
 3.197457e+01  1.246712e-03 
 3.197497e+01  7.304875e-04 
 3.197536e+01  8.432534e-05 
 3.197576e+01 -6.450825e-04 
 3.197616e+01 -1.409802e-03 
 3.197656e+01 -2.144217e-03 
 3.197696e+01 -2.785376e-03 
 3.197735e+01 -3.270340e-03 
 3.197775e+01 -3.563690e-03 
 3.197815e+01 -3.656786e-03 
 3.197855e+01 -3.537012e-03 
 3.197894e+01 -3.188068e-03 
 3.197934e+01 -2.636927e-03 
 3.197974e+01 -1.887667e-03 
 3.198014e+01 -9.778152e-04 
 3.198053e+01  5.500225e-05 
 3.198093e+01  1.161529e-03 
 3.198133e+01  2.263658e-03 
 3.198173e+01  3.295126e-03 
 3.198213e+01  4.191724e-03 
 3.198252e+01  4.877081e-03 
 3.198292e+01  5.322431e-03 
 3.198332e+01  5.510409e-03 
 3.198372e+01  5.426449e-03 
 3.198411e+01  5.079530e-03 
 3.198451e+01  4.486948e-03 
 3.198491e+01  3.696674e-03 
 3.198531e+01  2.759247e-03 
 3.198570e+01  1.741748e-03 
 3.198610e+01  7.159133e-04 
 3.198650e+01 -2.221270e-04 
 3.198690e+01 -1.008497e-03 
 3.198730e+01 -1.587182e-03 
 3.198769e+01 -1.938947e-03 
 3.198809e+01 -2.066770e-03 
 3.198849e+01 -1.974196e-03 
 3.198889e+01 -1.685518e-03 
 3.198928e+01 -1.223188e-03 
 3.198968e+01 -6.014566e-04 
 3.199008e+01  1.830146e-04 
 3.199048e+01  1.088669e-03 
 3.199087e+01  2.054150e-03 
 3.199127e+01  3.035069e-03 
 3.199167e+01  3.958086e-03 
 3.199207e+01  4.761988e-03 
 3.199247e+01  5.411859e-03 
 3.199286e+01  5.885796e-03 
 3.199326e+01  6.199721e-03 
 3.199366e+01  6.353757e-03 
 3.199406e+01  6.384787e-03 
 3.199445e+01  6.301469e-03 
 3.199485e+01  6.124036e-03 
 3.199525e+01  5.890394e-03 
 3.199565e+01  5.663315e-03 
 3.199604e+01  5.523954e-03 
 3.199644e+01  5.515041e-03 
 3.199684e+01  5.691597e-03 
 3.199724e+01  6.068276e-03 
 3.199764e+01  6.624165e-03 
 3.199803e+01  7.318831e-03 
 3.199843e+01  8.121129e-03 
 3.199883e+01  8.967347e-03 
 3.199923e+01  9.789006e-03 
 3.199962e+01  1.056815e-02 
 3.200002e+01  1.123061e-02 
 3.200042e+01  1.173088e-02 
 3.200082e+01  1.202303e-02 
 3.200122e+01  1.206190e-02 
 3.200161e+01  1.184439e-02 
 3.200201e+01  1.138627e-02 
 3.200241e+01  1.073262e-02 
 3.200281e+01  9.921753e-03 
 3.200320e+01  8.980857e-03 
 3.200360e+01  7.968175e-03 
 3.200400e+01  6.918732e-03 
 3.200440e+01  5.901735e-03 
 3.200479e+01  4.964895e-03 
 3.200519e+01  4.185152e-03 
 3.200559e+01  3.601100e-03 
 3.200599e+01  3.281427e-03 
 3.200639e+01  3.226069e-03 
 3.200678e+01  3.442217e-03 
 3.200718e+01  3.892619e-03 
 3.200758e+01  4.553741e-03 
 3.200798e+01  5.400649e-03 
 3.200837e+01  6.414299e-03 
 3.200877e+01  7.565526e-03 
 3.200917e+01  8.762165e-03 
 3.200957e+01  9.939465e-03 
 3.200996e+01  1.102371e-02 
 3.201036e+01  1.195989e-02 
 3.201076e+01  1.269486e-02 
 3.201116e+01  1.319177e-02 
 3.201156e+01  1.344124e-02 
 3.201195e+01  1.347080e-02 
 3.201235e+01  1.332793e-02 
 3.201275e+01  1.302083e-02 
 3.201315e+01  1.258465e-02 
 3.201354e+01  1.205735e-02 
 3.201394e+01  1.148097e-02 
 3.201434e+01  1.092142e-02 
 3.201474e+01  1.043594e-02 
 3.201513e+01  1.003548e-02 
 3.201553e+01  9.713279e-03 
 3.201593e+01  9.471228e-03 
 3.201633e+01  9.297767e-03 
 3.201673e+01  9.174212e-03 
 3.201712e+01  9.075416e-03 
 3.201752e+01  8.974037e-03 
 3.201792e+01  8.867069e-03 
 3.201832e+01  8.765549e-03 
 3.201871e+01  8.678759e-03 
 3.201911e+01  8.590166e-03 
 3.201951e+01  8.486478e-03 
 3.201991e+01  8.358685e-03 
 3.202030e+01  8.175632e-03 
 3.202070e+01  7.968059e-03 
 3.202110e+01  7.755756e-03 
 3.202150e+01  7.549434e-03 
 3.202190e+01  7.380958e-03 
 3.202229e+01  7.262572e-03 
 3.202269e+01  7.194464e-03 
 3.202309e+01  7.192178e-03 
 3.202349e+01  7.229606e-03 
 3.202388e+01  7.330948e-03 
 3.202428e+01  7.492343e-03 
 3.202468e+01  7.761434e-03 
 3.202508e+01  8.124547e-03 
 3.202547e+01  8.593857e-03 
 3.202587e+01  9.135188e-03 
 3.202627e+01  9.706890e-03 
 3.202667e+01  1.027040e-02 
 3.202707e+01  1.078002e-02 
 3.202746e+01  1.124819e-02 
 3.202786e+01  1.161659e-02 
 3.202826e+01  1.187633e-02 
 3.202866e+01  1.202504e-02 
 3.202905e+01  1.202820e-02 
 3.202945e+01  1.190913e-02 
 3.202985e+01  1.165572e-02 
 3.203025e+01  1.128181e-02 
 3.203064e+01  1.079846e-02 
 3.203104e+01  1.024346e-02 
 3.203144e+01  9.611153e-03 
 3.203184e+01  8.931663e-03 
 3.203224e+01  8.248439e-03 
 3.203263e+01  7.548215e-03 
 3.203303e+01  6.867473e-03 
 3.203343e+01  6.208737e-03 
 3.203383e+01  5.591768e-03 
 3.203422e+01  5.025885e-03 
 3.203462e+01  4.535291e-03 
 3.203502e+01  4.135857e-03 
 3.203542e+01  3.852233e-03 
 3.203581e+01  3.722119e-03 
 3.203621e+01  3.741536e-03 
 3.203661e+01  3.908441e-03 
 3.203701e+01  4.209455e-03 
 3.203741e+01  4.608697e-03 
 3.203780e+01  5.079047e-03 
 3.203820e+01  5.597052e-03 
 3.203860e+01  6.157269e-03 
 3.203900e+01  6.733100e-03 
 3.203939e+01  7.329091e-03 
 3.203979e+01  7.931676e-03 
 3.204019e+01  8.519724e-03 
 3.204059e+01  9.082035e-03 
 3.204098e+01  9.607756e-03 
 3.204138e+01  1.010661e-02 
 3.204178e+01  1.057050e-02 
 3.204218e+01  1.098857e-02 
 3.204258e+01  1.133728e-02 
 3.204297e+01  1.158782e-02 
 3.204337e+01  1.174280e-02 
 3.204377e+01  1.174888e-02 
 3.204417e+01  1.159980e-02 
 3.204456e+01  1.129608e-02 
 3.204496e+01  1.085515e-02 
 3.204536e+01  1.033315e-02 
 3.204576e+01  9.750411e-03 
 3.204615e+01  9.158617e-03 
 3.204655e+01  8.568327e-03 
 3.204695e+01  7.991350e-03 
 3.204735e+01  7.460226e-03 
 3.204775e+01  6.998461e-03 
 3.204814e+01  6.616479e-03 
 3.204854e+01  6.303774e-03 
 3.204894e+01  6.034524e-03 
 3.204934e+01  5.805273e-03 
 3.204973e+01  5.610620e-03 
 3.205013e+01  5.417459e-03 
 3.205053e+01  5.198195e-03 
 3.205093e+01  4.958262e-03 
 3.205132e+01  4.683615e-03 
 3.205172e+01  4.383425e-03 
 3.205212e+01  4.077005e-03 
 3.205252e+01  3.762771e-03 
 3.205292e+01  3.449315e-03 
 3.205331e+01  3.155962e-03 
 3.205371e+01  2.912354e-03 
 3.205411e+01  2.743313e-03 
 3.205451e+01  2.683555e-03 
 3.205490e+01  2.712782e-03 
 3.205530e+01  2.835170e-03 
 3.205570e+01  3.068116e-03 
 3.205610e+01  3.401488e-03 
 3.205649e+01  3.822265e-03 
 3.205689e+01  4.312809e-03 
 3.205729e+01  4.837226e-03 
 3.205769e+01  5.374538e-03 
 3.205809e+01  5.894113e-03 
 3.205848e+01  6.336500e-03 
 3.205888e+01  6.651125e-03 
 3.205928e+01  6.813154e-03 
 3.205968e+01  6.798853e-03 
 3.206007e+01  6.614509e-03 
 3.206047e+01  6.255161e-03 
 3.206087e+01  5.735820e-03 
 3.206127e+01  5.048604e-03 
 3.206166e+01  4.218308e-03 
 3.206206e+01  3.279223e-03 
 3.206246e+01  2.259069e-03 
 3.206286e+01  1.190942e-03 
 3.206326e+01  1.347542e-04 
 3.206365e+01 -8.603518e-04 
 3.206405e+01 -1.737918e-03 
 3.206445e+01 -2.464443e-03 
 3.206485e+01 -3.011081e-03 
 3.206524e+01 -3.378832e-03 
 3.206564e+01 -3.562375e-03 
 3.206604e+01 -3.576992e-03 
 3.206644e+01 -3.436210e-03 
 3.206683e+01 -3.153909e-03 
 3.206723e+01 -2.755617e-03 
 3.206763e+01 -2.277006e-03 
 3.206803e+01 -1.751156e-03 
 3.206843e+01 -1.204117e-03 
 3.206882e+01 -6.572179e-04 
 3.206922e+01 -1.405875e-04 
 3.206962e+01  3.411227e-04 
 3.207002e+01  7.807007e-04 
 3.207041e+01  1.174198e-03 
 3.207081e+01  1.513668e-03 
 3.207121e+01  1.777715e-03 
 3.207161e+01  1.955485e-03 
 3.207200e+01  2.016841e-03 
 3.207240e+01  1.956039e-03 
 3.207280e+01  1.791780e-03 
 3.207320e+01  1.571761e-03 
 3.207360e+01  1.326159e-03 
 3.207399e+01  1.082031e-03 
 3.207439e+01  8.946616e-04 
 3.207479e+01  7.685996e-04 
 3.207519e+01  7.113012e-04 
 3.207558e+01  7.279945e-04 
 3.207598e+01  7.953021e-04 
 3.207638e+01  9.035960e-04 
 3.207678e+01  1.029383e-03 
 3.207717e+01  1.141065e-03 
 3.207757e+01  1.191918e-03 
 3.207797e+01  1.163421e-03 
 3.207837e+01  9.982664e-04 
 3.207877e+01  6.866919e-04 
 3.207916e+01  2.231588e-04 
 3.207956e+01 -3.769900e-04 
 3.207996e+01 -1.065770e-03 
 3.208036e+01 -1.817583e-03 
 3.208075e+01 -2.558972e-03 
 3.208115e+01 -3.244580e-03 
 3.208155e+01 -3.817026e-03 
 3.208195e+01 -4.244146e-03 
 3.208234e+01 -4.506644e-03 
 3.208274e+01 -4.564109e-03 
 3.208314e+01 -4.414561e-03 
 3.208354e+01 -4.036161e-03 
 3.208394e+01 -3.441109e-03 
 3.208433e+01 -2.641172e-03 
 3.208473e+01 -1.657586e-03 
 3.208513e+01 -5.442160e-04 
 3.208553e+01  6.698387e-04 
 3.208592e+01  1.920013e-03 
 3.208632e+01  3.147503e-03 
 3.208672e+01  4.309718e-03 
 3.208712e+01  5.388939e-03 
 3.208751e+01  6.356062e-03 
 3.208791e+01  7.171545e-03 
 3.208831e+01  7.812232e-03 
 3.208871e+01  8.246588e-03 
 3.208911e+01  8.493162e-03 
 3.208950e+01  8.547164e-03 
 3.208990e+01  8.410793e-03 
 3.209030e+01  8.107570e-03 
 3.209070e+01  7.678151e-03 
 3.209109e+01  7.161112e-03 
 3.209149e+01  6.590916e-03 
 3.209189e+01  6.018064e-03 
 3.209229e+01  5.467401e-03 
 3.209269e+01  4.965259e-03 
 3.209308e+01  4.569509e-03 
 3.209348e+01  4.310702e-03 
 3.209388e+01  4.199583e-03 
 3.209428e+01  4.211425e-03 
 3.209467e+01  4.310632e-03 
 3.209507e+01  4.464345e-03 
 3.209547e+01  4.658582e-03 
 3.209587e+01  4.844936e-03 
 3.209626e+01  4.986470e-03 
 3.209666e+01  5.090618e-03 
 3.209706e+01  5.141321e-03 
 3.209746e+01  5.156034e-03 
 3.209786e+01  5.143730e-03 
 3.209825e+01  5.093575e-03 
 3.209865e+01  5.014283e-03 
 3.209905e+01  4.917039e-03 
 3.209945e+01  4.833291e-03 
 3.209984e+01  4.817409e-03 
 3.210024e+01  4.877562e-03 
 3.210064e+01  5.033018e-03 
 3.210104e+01  5.295809e-03 
 3.210143e+01  5.699132e-03 
 3.210183e+01  6.280006e-03 
 3.210223e+01  7.041154e-03 
 3.210263e+01  7.955587e-03 
 3.210303e+01  8.996132e-03 
 3.210342e+01  1.012597e-02 
 3.210382e+01  1.127609e-02 
 3.210422e+01  1.236798e-02 
 3.210462e+01  1.332716e-02 
 3.210501e+01  1.408714e-02 
 3.210541e+01  1.460936e-02 
 3.210581e+01  1.488307e-02 
 3.210621e+01  1.488998e-02 
 3.210660e+01  1.461897e-02 
 3.210700e+01  1.408165e-02 
 3.210740e+01  1.329739e-02 
 3.210780e+01  1.231963e-02 
 3.210820e+01  1.122769e-02 
 3.210859e+01  1.006535e-02 
 3.210899e+01  8.919788e-03 
 3.210939e+01  7.849630e-03 
 3.210979e+01  6.894710e-03 
 3.211018e+01  6.074534e-03 
 3.211058e+01  5.401578e-03 
 3.211098e+01  4.859690e-03 
 3.211138e+01  4.462233e-03 
 3.211177e+01  4.219788e-03 
 3.211217e+01  4.128058e-03 
 3.211257e+01  4.204886e-03 
 3.211297e+01  4.447985e-03 
 3.211337e+01  4.828640e-03 
 3.211376e+01  5.306519e-03 
 3.211416e+01  5.863742e-03 
 3.211456e+01  6.460244e-03 
 3.211496e+01  7.050829e-03 
 3.211535e+01  7.637666e-03 
 3.211575e+01  8.214669e-03 
 3.211615e+01  8.759417e-03 
 3.211655e+01  9.261687e-03 
 3.211694e+01  9.712520e-03 
 3.211734e+01  1.008053e-02 
 3.211774e+01  1.038379e-02 
 3.211814e+01  1.062472e-02 
 3.211854e+01  1.082345e-02 
 3.211893e+01  1.102085e-02 
 3.211933e+01  1.121261e-02 
 3.211973e+01  1.140414e-02 
 3.212013e+01  1.158370e-02 
 3.212052e+01  1.174003e-02 
 3.212092e+01  1.187272e-02 
 3.212132e+01  1.196244e-02 
 3.212172e+01  1.202714e-02 
 3.212211e+01  1.205880e-02 
 3.212251e+01  1.204955e-02 
 3.212291e+01  1.197115e-02 
 3.212331e+01  1.180564e-02 
 3.212371e+01  1.152392e-02 
 3.212410e+01  1.111166e-02 
 3.212450e+01  1.057235e-02 
 3.212490e+01  9.943068e-03 
 3.212530e+01  9.267859e-03 
 3.212569e+01  8.580220e-03 
 3.212609e+01  7.882528e-03 
 3.212649e+01  7.200051e-03 
 3.212689e+01  6.569292e-03 
 3.212728e+01  6.002555e-03 
 3.212768e+01  5.498880e-03 
 3.212808e+01  5.078016e-03 
 3.212848e+01  4.756659e-03 
 3.212888e+01  4.559773e-03 
 3.212927e+01  4.514182e-03 
 3.212967e+01  4.630475e-03 
 3.213007e+01  4.912651e-03 
 3.213047e+01  5.386059e-03 
 3.213086e+01  6.024068e-03 
 3.213126e+01  6.837465e-03 
 3.213166e+01  7.791028e-03 
 3.213206e+01  8.839785e-03 
 3.213245e+01  9.947131e-03 
 3.213285e+01  1.105916e-02 
 3.213325e+01  1.214099e-02 
 3.213365e+01  1.312337e-02 
 3.213405e+01  1.395909e-02 
 3.213444e+01  1.460205e-02 
 3.213484e+01  1.503323e-02 
 3.213524e+01  1.523659e-02 
 3.213564e+01  1.518384e-02 
 3.213603e+01  1.488401e-02 
 3.213643e+01  1.435890e-02 
 3.213683e+01  1.365103e-02 
 3.213723e+01  1.281268e-02 
 3.213762e+01  1.190396e-02 
 3.213802e+01  1.097083e-02 
 3.213842e+01  1.004470e-02 
 3.213882e+01  9.160730e-03 
 3.213922e+01  8.341329e-03 
 3.213961e+01  7.583024e-03 
 3.214001e+01  6.885080e-03 
 3.214041e+01  6.259508e-03 
 3.214081e+01  5.711453e-03 
 3.214120e+01  5.267892e-03 
 3.214160e+01  4.904961e-03 
 3.214200e+01  4.609455e-03 
 3.214240e+01  4.382477e-03 
 3.214279e+01  4.223028e-03 
 3.214319e+01  4.145307e-03 
 3.214359e+01  4.149433e-03 
 3.214399e+01  4.216187e-03 
 3.214439e+01  4.348609e-03 
 3.214478e+01  4.548968e-03 
 3.214518e+01  4.796311e-03 
 3.214558e+01  5.076424e-03 
 3.214598e+01  5.370644e-03 
 3.214637e+01  5.660784e-03 
 3.214677e+01  5.964168e-03 
 3.214717e+01  6.270141e-03 
 3.214757e+01  6.593855e-03 
 3.214796e+01  6.904463e-03 
 3.214836e+01  7.185964e-03 
 3.214876e+01  7.428585e-03 
 3.214916e+01  7.641270e-03 
 3.214956e+01  7.818009e-03 
 3.214995e+01  7.947615e-03 
 3.215035e+01  8.050766e-03 
 3.215075e+01  8.128419e-03 
 3.215115e+01  8.188396e-03 
 3.215154e+01  8.215331e-03 
 3.215194e+01  8.180779e-03 
 3.215234e+01  8.057107e-03 
 3.215274e+01  7.827311e-03 
 3.215313e+01  7.505097e-03 
 3.215353e+01  7.084776e-03 
 3.215393e+01  6.587241e-03 
 3.215433e+01  5.990258e-03 
 3.215473e+01  5.290221e-03 
 3.215512e+01  4.475659e-03 
 3.215552e+01  3.533907e-03 
 3.215592e+01  2.481316e-03 
 3.215632e+01  1.331346e-03 
 3.215671e+01  1.355244e-04 
 3.215711e+01 -1.064010e-03 
 3.215751e+01 -2.176535e-03 
 3.215791e+01 -3.161303e-03 
 3.215830e+01 -3.947584e-03 
 3.215870e+01 -4.511641e-03 
 3.215910e+01 -4.848832e-03 
 3.215950e+01 -4.942561e-03 
 3.215990e+01 -4.837134e-03 
 3.216029e+01 -4.538654e-03 
 3.216069e+01 -4.086129e-03 
 3.216109e+01 -3.489788e-03 
 3.216149e+01 -2.769944e-03 
 3.216188e+01 -1.946600e-03 
 3.216228e+01 -1.052203e-03 
 3.216268e+01 -1.250350e-04 
 3.216308e+01  7.866335e-04 
 3.216347e+01  1.650659e-03 
 3.216387e+01  2.423470e-03 
 3.216427e+01  3.076541e-03 
 3.216467e+01  3.609556e-03 
 3.216507e+01  3.993742e-03 
 3.216546e+01  4.213393e-03 
 3.216586e+01  4.246365e-03 
 3.216626e+01  4.077027e-03 
 3.216666e+01  3.706178e-03 
 3.216705e+01  3.148843e-03 
 3.216745e+01  2.423006e-03 
 3.216785e+01  1.559182e-03 
 3.216825e+01  5.996111e-04 
 3.216864e+01 -4.055214e-04 
 3.216904e+01 -1.412655e-03 
 3.216944e+01 -2.364849e-03 
 3.216984e+01 -3.213130e-03 
 3.217024e+01 -3.897617e-03 
 3.217063e+01 -4.380548e-03 
 3.217103e+01 -4.626471e-03 
 3.217143e+01 -4.656483e-03 
 3.217183e+01 -4.511697e-03 
 3.217222e+01 -4.257639e-03 
 3.217262e+01 -3.921835e-03 
 3.217302e+01 -3.559151e-03 
 3.217342e+01 -3.216298e-03 
 3.217381e+01 -2.903766e-03 
 3.217421e+01 -2.654979e-03 
 3.217461e+01 -2.455265e-03 
 3.217501e+01 -2.294704e-03 
 3.217541e+01 -2.185917e-03 
 3.217580e+01 -2.092342e-03 
 3.217620e+01 -1.993232e-03 
 3.217660e+01 -1.841898e-03 
 3.217700e+01 -1.592102e-03 
 3.217739e+01 -1.206663e-03 
 3.217779e+01 -6.910336e-04 
 3.217819e+01 -2.444034e-05 
 3.217859e+01  7.813373e-04 
 3.217898e+01  1.716824e-03 
 3.217938e+01  2.743893e-03 
 3.217978e+01  3.789315e-03 
 3.218018e+01  4.833074e-03 
 3.218058e+01  5.808778e-03 
 3.218097e+01  6.695616e-03 
 3.218137e+01  7.453779e-03 
 3.218177e+01  8.071756e-03 
 3.218217e+01  8.549495e-03 
 3.218256e+01  8.871218e-03 
 3.218296e+01  9.045835e-03 
 3.218336e+01  9.047083e-03 
 3.218376e+01  8.832622e-03 
 3.218415e+01  8.390835e-03 
 3.218455e+01  7.715382e-03 
 3.218495e+01  6.848067e-03 
 3.218535e+01  5.834816e-03 
 3.218575e+01  4.744172e-03 
 3.218614e+01  3.639383e-03 
 3.218654e+01  2.590298e-03 
 3.218694e+01  1.643425e-03 
 3.218734e+01  8.323775e-04 
 3.218773e+01  1.421919e-04 
 3.218813e+01 -3.996390e-04 
 3.218853e+01 -7.614644e-04 
 3.218893e+01 -9.155732e-04 
 3.218933e+01 -8.217639e-04 
 3.218972e+01 -4.855325e-04 
 3.219012e+01  8.592961e-05 
 3.219052e+01  8.659783e-04 
 3.219092e+01  1.805680e-03 
 3.219131e+01  2.864071e-03 
 3.219171e+01  3.981132e-03 
 3.219211e+01  5.103133e-03 
 3.219251e+01  6.198743e-03 
 3.219290e+01  7.229088e-03 
 3.219330e+01  8.179461e-03 
 3.219370e+01  8.989632e-03 
 3.219410e+01  9.622979e-03 
 3.219450e+01  1.008053e-02 
 3.219489e+01  1.037983e-02 
 3.219529e+01  1.051939e-02 
 3.219569e+01  1.054889e-02 
 3.219609e+01  1.049509e-02 
 3.219648e+01  1.038948e-02 
 3.219688e+01  1.028519e-02 
 3.219728e+01  1.018145e-02 
 3.219768e+01  1.008552e-02 
 3.219807e+01  1.001421e-02 
 3.219847e+01  9.961839e-03 
 3.219887e+01  9.935595e-03 
 3.219927e+01  9.930868e-03 
 3.219967e+01  9.919252e-03 
 3.220006e+01  9.855226e-03 
 3.220046e+01  9.714094e-03 
 3.220086e+01  9.499259e-03 
 3.220126e+01  9.176862e-03 
 3.220165e+01  8.765391e-03 
 3.220205e+01  8.274075e-03 
 3.220245e+01  7.718672e-03 
 3.220285e+01  7.117557e-03 
 3.220324e+01  6.473525e-03 
 3.220364e+01  5.792732e-03 
 3.220404e+01  5.100277e-03 
 3.220444e+01  4.423082e-03 
 3.220484e+01  3.811001e-03 
 3.220523e+01  3.299246e-03 
 3.220563e+01  2.961084e-03 
 3.220603e+01  2.815162e-03 
 3.220643e+01  2.888782e-03 
 3.220682e+01  3.196645e-03 
 3.220722e+01  3.746067e-03 
 3.220762e+01  4.501053e-03 
 3.220802e+01  5.411527e-03 
 3.220841e+01  6.434582e-03 
 3.220881e+01  7.512388e-03 
 3.220921e+01  8.609623e-03 
 3.220961e+01  9.679823e-03 
 3.221001e+01  1.069561e-02 
 3.221040e+01  1.162593e-02 
 3.221080e+01  1.242698e-02 
 3.221120e+01  1.304948e-02 
 3.221160e+01  1.343917e-02 
 3.221199e+01  1.358387e-02 
 3.221239e+01  1.347205e-02 
 3.221279e+01  1.313639e-02 
 3.221319e+01  1.260859e-02 
 3.221358e+01  1.196598e-02 
 3.221398e+01  1.124335e-02 
 3.221438e+01  1.048699e-02 
 3.221478e+01  9.717676e-03 
 3.221518e+01  8.939498e-03 
 3.221557e+01  8.181884e-03 
 3.221597e+01  7.458215e-03 
 3.221637e+01  6.796870e-03 
 3.221677e+01  6.233576e-03 
 3.221716e+01  5.764771e-03 
 3.221756e+01  5.372338e-03 
 3.221796e+01  5.058571e-03 
 3.221836e+01  4.820607e-03 
 3.221875e+01  4.645557e-03 
 3.221915e+01  4.552342e-03 
 3.221955e+01  4.523788e-03 
 3.221995e+01  4.576255e-03 
 3.222035e+01  4.700557e-03 
 3.222074e+01  4.909912e-03 
 3.222114e+01  5.198109e-03 
 3.222154e+01  5.556467e-03 
 3.222194e+01  5.978564e-03 
 3.222233e+01  6.461246e-03 
 3.222273e+01  7.001516e-03 
 3.222313e+01  7.593049e-03 
 3.222353e+01  8.207622e-03 
 3.222392e+01  8.841197e-03 
 3.222432e+01  9.486490e-03 
 3.222472e+01  1.014212e-02 
 3.222512e+01  1.079330e-02 
 3.222552e+01  1.144428e-02 
 3.222591e+01  1.208528e-02 
 3.222631e+01  1.270973e-02 
 3.222671e+01  1.329923e-02 
 3.222711e+01  1.385156e-02 
 3.222750e+01  1.433237e-02 
 3.222790e+01  1.473916e-02 
 3.222830e+01  1.504957e-02 
 3.222870e+01  1.522361e-02 
 3.222909e+01  1.523743e-02 
 3.222949e+01  1.508886e-02 
 3.222989e+01  1.473866e-02 
 3.223029e+01  1.420256e-02 
 3.223069e+01  1.351266e-02 
 3.223108e+01  1.268415e-02 
 3.223148e+01  1.175851e-02 
 3.223188e+01  1.077024e-02 
 3.223228e+01  9.759301e-03 
 3.223267e+01  8.761550e-03 
 3.223307e+01  7.802743e-03 
 3.223347e+01  6.911543e-03 
 3.223387e+01  6.124602e-03 
 3.223426e+01  5.487873e-03 
 3.223466e+01  5.031142e-03 
 3.223506e+01  4.742394e-03 
 3.223546e+01  4.624913e-03 
 3.223586e+01  4.655536e-03 
 3.223625e+01  4.811169e-03 
 3.223665e+01  5.101983e-03 
 3.223705e+01  5.511690e-03 
 3.223745e+01  6.039342e-03 
 3.223784e+01  6.658861e-03 
 3.223824e+01  7.371013e-03 
 3.223864e+01  8.159006e-03 
 3.223904e+01  8.984260e-03 
 3.223943e+01  9.796776e-03 
 3.223983e+01  1.053468e-02 
 3.224023e+01  1.117502e-02 
 3.224063e+01  1.171640e-02 
 3.224103e+01  1.212794e-02 
 3.224142e+01  1.240038e-02 
 3.224182e+01  1.252701e-02 
 3.224222e+01  1.248424e-02 
 3.224262e+01  1.226890e-02 
 3.224301e+01  1.188513e-02 
 3.224341e+01  1.134182e-02 
 3.224381e+01  1.064606e-02 
 3.224421e+01  9.854390e-03 
 3.224460e+01  9.017824e-03 
 3.224500e+01  8.182752e-03 
 3.224540e+01  7.372839e-03 
 3.224580e+01  6.608657e-03 
 3.224620e+01  5.883332e-03 
 3.224659e+01  5.198859e-03 
 3.224699e+01  4.570470e-03 
 3.224739e+01  3.989462e-03 
 3.224779e+01  3.459752e-03 
 3.224818e+01  2.986679e-03 
 3.224858e+01  2.545386e-03 
 3.224898e+01  2.128955e-03 
 3.224938e+01  1.694841e-03 
 3.224977e+01  1.237571e-03 
 3.225017e+01  7.525273e-04 
 3.225057e+01  2.494947e-04 
 3.225097e+01 -2.366211e-04 
 3.225137e+01 -6.596550e-04 
 3.225176e+01 -9.790517e-04 
 3.225216e+01 -1.178930e-03 
 3.225256e+01 -1.251939e-03 
 3.225296e+01 -1.172283e-03 
 3.225335e+01 -9.610313e-04 
 3.225375e+01 -6.511792e-04 
 3.225415e+01 -2.318777e-04 
 3.225455e+01  2.838959e-04 
 3.225494e+01  8.821798e-04 
 3.225534e+01  1.551721e-03 
 3.225574e+01  2.250446e-03 
 3.225614e+01  2.967428e-03 
 3.225654e+01  3.658013e-03 
 3.225693e+01  4.273025e-03 
 3.225733e+01  4.806464e-03 
 3.225773e+01  5.226197e-03 
 3.225813e+01  5.541439e-03 
 3.225852e+01  5.740686e-03 
 3.225892e+01  5.825016e-03 
 3.225932e+01  5.805897e-03 
 3.225972e+01  5.662680e-03 
 3.226011e+01  5.363212e-03 
 3.226051e+01  4.898971e-03 
 3.226091e+01  4.260941e-03 
 3.226131e+01  3.445913e-03 
 3.226171e+01  2.466987e-03 
 3.226210e+01  1.351649e-03 
 3.226250e+01  1.359973e-04 
 3.226290e+01 -1.157312e-03 
 3.226330e+01 -2.489985e-03 
 3.226369e+01 -3.802089e-03 
 3.226409e+01 -5.016603e-03 
 3.226449e+01 -6.067412e-03 
 3.226489e+01 -6.879131e-03 
 3.226528e+01 -7.397047e-03 
 3.226568e+01 -7.588130e-03 
 3.226608e+01 -7.456798e-03 
 3.226648e+01 -7.025721e-03 
 3.226688e+01 -6.314580e-03 
 3.226727e+01 -5.393703e-03 
 3.226767e+01 -4.311180e-03 
 3.226807e+01 -3.128066e-03 
 3.226847e+01 -1.915823e-03 
 3.226886e+01 -7.318861e-04 
 3.226926e+01  3.584408e-04 
 3.226966e+01  1.320967e-03 
 3.227006e+01  2.129000e-03 
 3.227045e+01  2.787136e-03 
 3.227085e+01  3.285518e-03 
 3.227125e+01  3.637021e-03 
 3.227165e+01  3.857480e-03 
 3.227205e+01  3.984750e-03 
 3.227244e+01  4.028298e-03 
 3.227284e+01  3.997763e-03 
 3.227324e+01  3.916639e-03 
 3.227364e+01  3.816821e-03 
 3.227403e+01  3.749114e-03 
 3.227443e+01  3.720132e-03 
 3.227483e+01  3.752262e-03 
 3.227523e+01  3.853019e-03 
 3.227562e+01  4.003036e-03 
 3.227602e+01  4.184876e-03 
 3.227642e+01  4.385269e-03 
 3.227682e+01  4.563583e-03 
 3.227722e+01  4.664125e-03 
 3.227761e+01  4.648959e-03 
 3.227801e+01  4.510911e-03 
 3.227841e+01  4.238009e-03 
 3.227881e+01  3.824390e-03 
 3.227920e+01  3.266411e-03 
 3.227960e+01  2.608478e-03 
 3.228000e+01  1.898094e-03 
 3.228040e+01  1.188379e-03 
 3.228080e+01  4.956827e-04 
 3.228119e+01 -1.436194e-04 
 3.228159e+01 -7.046229e-04 
 3.228199e+01 -1.161822e-03 
 3.228239e+01 -1.456262e-03 
 3.228278e+01 -1.555370e-03 
 3.228318e+01 -1.407383e-03 
 3.228358e+01 -1.033579e-03 
 3.228398e+01 -4.248175e-04 
 3.228437e+01  4.126679e-04 
 3.228477e+01  1.440915e-03 
 3.228517e+01  2.602976e-03 
 3.228557e+01  3.843980e-03 
 3.228597e+01  5.124233e-03 
 3.228636e+01  6.413947e-03 
 3.228676e+01  7.667628e-03 
 3.228716e+01  8.845365e-03 
 3.228756e+01  9.891007e-03 
 3.228795e+01  1.073780e-02 
 3.228835e+01  1.135201e-02 
 3.228875e+01  1.169145e-02 
 3.228915e+01  1.173685e-02 
 3.228954e+01  1.147820e-02 
 3.228994e+01  1.095444e-02 
 3.229034e+01  1.021703e-02 
 3.229074e+01  9.342078e-03 
 3.229114e+01  8.347768e-03 
 3.229153e+01  7.287620e-03 
 3.229193e+01  6.185720e-03 
 3.229233e+01  5.092659e-03 
 3.229273e+01  4.055140e-03 
 3.229312e+01  3.120611e-03 
 3.229352e+01  2.325288e-03 
 3.229392e+01  1.680169e-03 
 3.229432e+01  1.196471e-03 
 3.229471e+01  8.746809e-04 
 3.229511e+01  7.041205e-04 
 3.229551e+01  6.733192e-04 
 3.229591e+01  7.751634e-04 
 3.229631e+01  9.901229e-04 
 3.229670e+01  1.295998e-03 
 3.229710e+01  1.681003e-03 
 3.229750e+01  2.109340e-03 
 3.229790e+01  2.550732e-03 
 3.229829e+01  2.970692e-03 
 3.229869e+01  3.361081e-03 
 3.229909e+01  3.724127e-03 
 3.229949e+01  4.066348e-03 
 3.229988e+01  4.398958e-03 
 3.230028e+01  4.760096e-03 
 3.230068e+01  5.124293e-03 
 3.230108e+01  5.505201e-03 
 3.230148e+01  5.895252e-03 
 3.230187e+01  6.296853e-03 
 3.230227e+01  6.735180e-03 
 3.230267e+01  7.191076e-03 
 3.230307e+01  7.688765e-03 
 3.230346e+01  8.229845e-03 
 3.230386e+01  8.782762e-03 
 3.230426e+01  9.326517e-03 
 3.230466e+01  9.800234e-03 
 3.230505e+01  1.018484e-02 
 3.230545e+01  1.046072e-02 
 3.230585e+01  1.059653e-02 
 3.230625e+01  1.062296e-02 
 3.230665e+01  1.053477e-02 
 3.230704e+01  1.033539e-02 
 3.230744e+01  1.002347e-02 
 3.230784e+01  9.593030e-03 
 3.230824e+01  9.042491e-03 
 3.230863e+01  8.347292e-03 
 3.230903e+01  7.510895e-03 
 3.230943e+01  6.577415e-03 
 3.230983e+01  5.601142e-03 
 3.231022e+01  4.652730e-03 
 3.231062e+01  3.784297e-03 
 3.231102e+01  3.062877e-03 
 3.231142e+01  2.527669e-03 
 3.231182e+01  2.200532e-03 
 3.231221e+01  2.093146e-03 
 3.231261e+01  2.229878e-03 
 3.231301e+01  2.572863e-03 
 3.231341e+01  3.117244e-03 
 3.231380e+01  3.856918e-03 
 3.231420e+01  4.761243e-03 
 3.231460e+01  5.809655e-03 
 3.231500e+01  6.957499e-03 
 3.231539e+01  8.144967e-03 
 3.231579e+01  9.335816e-03 
 3.231619e+01  1.045729e-02 
 3.231659e+01  1.148194e-02 
 3.231699e+01  1.236151e-02 
 3.231738e+01  1.305701e-02 
 3.231778e+01  1.357514e-02 
 3.231818e+01  1.390327e-02 
 3.231858e+01  1.406839e-02 
 3.231897e+01  1.409372e-02 
 3.231937e+01  1.401413e-02 
 3.231977e+01  1.386810e-02 
 3.232017e+01  1.366879e-02 
 3.232056e+01  1.343843e-02 
 3.232096e+01  1.317931e-02 
 3.232136e+01  1.290638e-02 
 3.232176e+01  1.265077e-02 
 3.232216e+01  1.243354e-02 
 3.232255e+01  1.224432e-02 
 3.232295e+01  1.207235e-02 
 3.232335e+01  1.186682e-02 
 3.232375e+01  1.161344e-02 
 3.232414e+01  1.131519e-02 
 3.232454e+01  1.094142e-02 
 3.232494e+01  1.050210e-02 
 3.232534e+01  1.001990e-02 
 3.232573e+01  9.530568e-03 
 3.232613e+01  9.074289e-03 
 3.232653e+01  8.671499e-03 
 3.232693e+01  8.334314e-03 
 3.232733e+01  8.061374e-03 
 3.232772e+01  7.871333e-03 
 3.232812e+01  7.781379e-03 
 3.232852e+01  7.808938e-03 
 3.232892e+01  7.959761e-03 
 3.232931e+01  8.199125e-03 
 3.232971e+01  8.501377e-03 
 3.233011e+01  8.880894e-03 
 3.233051e+01  9.325244e-03 
 3.233090e+01  9.825888e-03 
 3.233130e+01  1.039517e-02 
 3.233170e+01  1.104173e-02 
 3.233210e+01  1.173727e-02 
 3.233250e+01  1.247249e-02 
 3.233289e+01  1.319414e-02 
 3.233329e+01  1.385102e-02 
 3.233369e+01  1.438925e-02 
 3.233409e+01  1.481617e-02 
 3.233448e+01  1.514930e-02 
 3.233488e+01  1.537130e-02 
 3.233528e+01  1.548336e-02 
 3.233568e+01  1.545360e-02 
 3.233607e+01  1.526715e-02 
 3.233647e+01  1.492103e-02 
 3.233687e+01  1.437263e-02 
 3.233727e+01  1.362951e-02 
 3.233767e+01  1.268714e-02 
 3.233806e+01  1.159780e-02 
 3.233846e+01  1.042794e-02 
 3.233886e+01  9.219310e-03 
 3.233926e+01  8.010219e-03 
 3.233965e+01  6.821447e-03 
 3.234005e+01  5.667901e-03 
 3.234045e+01  4.607011e-03 
 3.234085e+01  3.656562e-03 
 3.234124e+01  2.845519e-03 
 3.234164e+01  2.220045e-03 
 3.234204e+01  1.798413e-03 
 3.234244e+01  1.587525e-03 
 3.234284e+01  1.588823e-03 
 3.234323e+01  1.748888e-03 
 3.234363e+01  2.030702e-03 
 3.234403e+01  2.404367e-03 
 3.234443e+01  2.834338e-03 
 3.234482e+01  3.311817e-03 
 3.234522e+01  3.788352e-03 
 3.234562e+01  4.236625e-03 
 3.234602e+01  4.649755e-03 
 3.234641e+01  4.995201e-03 
 3.234681e+01  5.262347e-03 
 3.234721e+01  5.434144e-03 
 3.234761e+01  5.502129e-03 
 3.234801e+01  5.488375e-03 
 3.234840e+01  5.390461e-03 
 3.234880e+01  5.240317e-03 
 3.234920e+01  5.063888e-03 
 3.234960e+01  4.869715e-03 
 3.234999e+01  4.687271e-03 
 3.235039e+01  4.523348e-03 
 3.235079e+01  4.404071e-03 
 3.235119e+01  4.316125e-03 
 3.235158e+01  4.239665e-03 
 3.235198e+01  4.169141e-03 
 3.235238e+01  4.098499e-03 
 3.235278e+01  3.994473e-03 
 3.235318e+01  3.847874e-03 
 3.235357e+01  3.625922e-03 
 3.235397e+01  3.315198e-03 
 3.235437e+01  2.885665e-03 
 3.235477e+01  2.360445e-03 
 3.235516e+01  1.746344e-03 
 3.235556e+01  1.030409e-03 
 3.235596e+01  2.516701e-04 
 3.235636e+01 -5.648005e-04 
 3.235675e+01 -1.384362e-03 
 3.235715e+01 -2.189739e-03 
 3.235755e+01 -2.945375e-03 
 3.235795e+01 -3.621075e-03 
 3.235835e+01 -4.186532e-03 
 3.235874e+01 -4.608201e-03 
 3.235914e+01 -4.863901e-03 
 3.235954e+01 -4.926204e-03 
 3.235994e+01 -4.802345e-03 
 3.236033e+01 -4.472389e-03 
 3.236073e+01 -3.944374e-03 
 3.236113e+01 -3.250785e-03 
 3.236153e+01 -2.390487e-03 
 3.236192e+01 -1.411155e-03 
 3.236232e+01 -3.325612e-04 
 3.236272e+01  8.205957e-04 
 3.236312e+01  1.973577e-03 
 3.236352e+01  3.097772e-03 
 3.236391e+01  4.141706e-03 
 3.236431e+01  5.044382e-03 
 3.236471e+01  5.763543e-03 
 3.236511e+01  6.252200e-03 
 3.236550e+01  6.501324e-03 
 3.236590e+01  6.505740e-03 
 3.236630e+01  6.290160e-03 
 3.236670e+01  5.875961e-03 
 3.236709e+01  5.273640e-03 
 3.236749e+01  4.519447e-03 
 3.236789e+01  3.649062e-03 
 3.236829e+01  2.706805e-03 
 3.236869e+01  1.733376e-03 
 3.236908e+01  7.821358e-04 
 3.236948e+01 -1.001621e-04 
 3.236988e+01 -8.271188e-04 
 3.237028e+01 -1.370733e-03 
 3.237067e+01 -1.716182e-03 
 3.237107e+01 -1.865411e-03 
 3.237147e+01 -1.838040e-03 
 3.237187e+01 -1.682603e-03 
 3.237227e+01 -1.425213e-03 
 3.237266e+01 -1.091182e-03 
 3.237306e+01 -7.031240e-04 
 3.237346e+01 -3.023326e-04 
 3.237386e+01  1.263707e-04 
 3.237425e+01  5.518235e-04 
 3.237465e+01  9.444008e-04 
 3.237505e+01  1.275508e-03 
 3.237545e+01  1.517405e-03 
 3.237584e+01  1.679174e-03 
 3.237624e+01  1.759241e-03 
 3.237664e+01  1.773847e-03 
 3.237704e+01  1.757056e-03 
 3.237744e+01  1.734763e-03 
 3.237783e+01  1.728318e-03 
 3.237823e+01  1.771023e-03 
 3.237863e+01  1.874289e-03 
 3.237903e+01  2.043579e-03 
 3.237942e+01  2.271233e-03 
 3.237982e+01  2.589561e-03 
 3.238022e+01  3.049658e-03 
 3.238062e+01  3.623123e-03 
 3.238101e+01  4.300270e-03 
 3.238141e+01  5.029427e-03 
 3.238181e+01  5.766266e-03 
 3.238221e+01  6.457552e-03 
 3.238261e+01  7.062484e-03 
 3.238300e+01  7.534372e-03 
 3.238340e+01  7.810355e-03 
 3.238380e+01  7.882895e-03 
 3.238420e+01  7.721535e-03 
 3.238459e+01  7.315477e-03 
 3.238499e+01  6.663944e-03 
 3.238539e+01  5.766411e-03 
 3.238579e+01  4.670228e-03 
 3.238618e+01  3.459967e-03 
 3.238658e+01  2.223571e-03 
 3.238698e+01  1.035701e-03 
 3.238738e+01 -2.530924e-05 
 3.238778e+01 -8.911884e-04 
 3.238817e+01 -1.519689e-03 
 3.238857e+01 -1.867651e-03 
 3.238897e+01 -1.919537e-03 
 3.238937e+01 -1.700281e-03 
 3.238976e+01 -1.221917e-03 
 3.239016e+01 -5.095170e-04 
 3.239056e+01  4.023519e-04 
 3.239096e+01  1.444239e-03 
 3.239135e+01  2.548276e-03 
 3.239175e+01  3.665238e-03 
 3.239215e+01  4.724540e-03 
 3.239255e+01  5.689278e-03 
 3.239295e+01  6.534549e-03 
 3.239334e+01  7.211225e-03 
 3.239374e+01  7.723983e-03 
 3.239414e+01  8.062747e-03 
 3.239454e+01  8.249616e-03 
 3.239493e+01  8.325042e-03 
 3.239533e+01  8.291963e-03 
 3.239573e+01  8.148715e-03 
 3.239613e+01  7.926291e-03 
 3.239652e+01  7.633815e-03 
 3.239692e+01  7.286728e-03 
 3.239732e+01  6.879440e-03 
 3.239772e+01  6.449203e-03 
 3.239812e+01  5.998964e-03 
 3.239851e+01  5.539511e-03 
 3.239891e+01  5.102681e-03 
 3.239931e+01  4.698269e-03 
 3.239971e+01  4.322813e-03 
 3.240010e+01  4.004138e-03 
 3.240050e+01  3.763393e-03 
 3.240090e+01  3.617581e-03 
 3.240130e+01  3.578676e-03 
 3.240169e+01  3.636616e-03 
 3.240209e+01  3.778399e-03 
 3.240249e+01  3.989916e-03 
 3.240289e+01  4.208152e-03 
 3.240329e+01  4.399116e-03 
 3.240368e+01  4.552581e-03 
 3.240408e+01  4.678948e-03 
 3.240448e+01  4.784277e-03 
 3.240488e+01  4.890328e-03 
 3.240527e+01  5.005049e-03 
 3.240567e+01  5.132399e-03 
 3.240607e+01  5.265601e-03 
 3.240647e+01  5.433505e-03 
 3.240686e+01  5.630124e-03 
 3.240726e+01  5.888287e-03 
 3.240766e+01  6.239155e-03 
 3.240806e+01  6.703803e-03 
 3.240846e+01  7.304055e-03 
 3.240885e+01  8.036248e-03 
 3.240925e+01  8.871838e-03 
 3.240965e+01  9.782409e-03 
 3.241005e+01  1.071828e-02 
 3.241044e+01  1.164121e-02 
 3.241084e+01  1.249887e-02 
 3.241124e+01  1.326962e-02 
 3.241164e+01  1.391571e-02 
 3.241203e+01  1.440153e-02 
 3.241243e+01  1.472690e-02 
 3.241283e+01  1.486748e-02 
 3.241323e+01  1.482392e-02 
 3.241363e+01  1.459209e-02 
 3.241402e+01  1.422840e-02 
 3.241442e+01  1.372962e-02 
 3.241482e+01  1.313272e-02 
 3.241522e+01  1.248681e-02 
 3.241561e+01  1.180352e-02 
 3.241601e+01  1.110942e-02 
 3.241641e+01  1.043184e-02 
 3.241681e+01  9.803757e-03 
 3.241720e+01  9.231756e-03 
 3.241760e+01  8.750882e-03 
 3.241800e+01  8.368275e-03 
 3.241840e+01  8.133187e-03 
 3.241880e+01  8.080537e-03 
 3.241919e+01  8.194192e-03 
 3.241959e+01  8.474719e-03 
 3.241999e+01  8.891517e-03 
 3.242039e+01  9.404814e-03 
 3.242078e+01  9.958554e-03 
 3.242118e+01  1.052344e-02 
 3.242158e+01  1.107792e-02 
 3.242198e+01  1.159169e-02 
 3.242237e+01  1.205336e-02 
 3.242277e+01  1.245452e-02 
 3.242317e+01  1.276497e-02 
 3.242357e+01  1.297819e-02 
 3.242397e+01  1.310181e-02 
 3.242436e+01  1.314433e-02 
 3.242476e+01  1.312622e-02 
 3.242516e+01  1.307432e-02 
 3.242556e+01  1.299925e-02 
 3.242595e+01  1.293407e-02 
 3.242635e+01  1.288050e-02 
 3.242675e+01  1.281656e-02 
 3.242715e+01  1.274148e-02 
 3.242754e+01  1.265399e-02 
 3.242794e+01  1.254494e-02 
 3.242834e+01  1.239689e-02 
 3.242874e+01  1.220965e-02 
 3.242914e+01  1.197976e-02 
 3.242953e+01  1.168341e-02 
 3.242993e+01  1.133477e-02 
 3.243033e+01  1.093366e-02 
 3.243073e+01  1.046495e-02 
 3.243112e+01  9.944914e-03 
 3.243152e+01  9.400007e-03 
 3.243192e+01  8.860644e-03 
 3.243232e+01  8.345928e-03 
 3.243271e+01  7.870869e-03 
 3.243311e+01  7.427854e-03 
 3.243351e+01  7.023042e-03 
 3.243391e+01  6.658012e-03 
 3.243431e+01  6.327000e-03 
 3.243470e+01  6.035221e-03 
 3.243510e+01  5.777881e-03 
 3.243550e+01  5.570832e-03 
 3.243590e+01  5.417743e-03 
 3.243629e+01  5.354424e-03 
 3.243669e+01  5.361052e-03 
 3.243709e+01  5.419680e-03 
 3.243749e+01  5.539261e-03 
 3.243788e+01  5.709803e-03 
 3.243828e+01  5.934700e-03 
 3.243868e+01  6.232738e-03 
 3.243908e+01  6.603942e-03 
 3.243948e+01  7.022934e-03 
 3.243987e+01  7.472493e-03 
 3.244027e+01  7.918202e-03 
 3.244067e+01  8.337427e-03 
 3.244107e+01  8.663270e-03 
 3.244146e+01  8.850406e-03 
 3.244186e+01  8.873848e-03 
 3.244226e+01  8.729120e-03 
 3.244266e+01  8.421794e-03 
 3.244305e+01  7.950322e-03 
 3.244345e+01  7.328235e-03 
 3.244385e+01  6.592415e-03 
 3.244425e+01  5.755063e-03 
 3.244465e+01  4.847450e-03 
 3.244504e+01  3.918974e-03 
 3.244544e+01  2.989556e-03 
 3.244584e+01  2.101726e-03 
 3.244624e+01  1.312829e-03 
 3.244663e+01  6.551810e-04 
 3.244703e+01  1.549793e-04 
 3.244743e+01 -2.048831e-04 
 3.244783e+01 -4.218610e-04 
 3.244822e+01 -5.090475e-04 
 3.244862e+01 -4.972511e-04 
 3.244902e+01 -4.007763e-04 
 3.244942e+01 -2.481164e-04 
 3.244982e+01 -3.973190e-05 
 3.245021e+01  2.144431e-04 
 3.245061e+01  4.745155e-04 
 3.245101e+01  7.237811e-04 
 3.245141e+01  9.339451e-04 
 3.245180e+01  1.067958e-03 
 3.245220e+01  1.121840e-03 
 3.245260e+01  1.109386e-03 
 3.245300e+01  1.019402e-03 
 3.245339e+01  8.689873e-04 
 3.245379e+01  6.776992e-04 
 3.245419e+01  4.702482e-04 
 3.245459e+01  2.675384e-04 
 3.245499e+01  1.115531e-04 
 3.245538e+01  4.708117e-05 
 3.245578e+01  9.100188e-05 
 3.245618e+01  2.894984e-04 
 3.245658e+01  6.553529e-04 
 3.245697e+01  1.187751e-03 
 3.245737e+01  1.862049e-03 
 3.245777e+01  2.627762e-03 
 3.245817e+01  3.427289e-03 
 3.245856e+01  4.187301e-03 
 3.245896e+01  4.836681e-03 
 3.245936e+01  5.307707e-03 
 3.245976e+01  5.566288e-03 
 3.246016e+01  5.595174e-03 
 3.246055e+01  5.374761e-03 
 3.246095e+01  4.921215e-03 
 3.246135e+01  4.263871e-03 
 3.246175e+01  3.426429e-03 
 3.246214e+01  2.446296e-03 
 3.246254e+01  1.422236e-03 
 3.246294e+01  4.291524e-04 
 3.246334e+01 -4.738733e-04 
 3.246374e+01 -1.208933e-03 
 3.246413e+01 -1.733989e-03 
 3.246453e+01 -2.022462e-03 
 3.246493e+01 -2.068218e-03 
 3.246533e+01 -1.885157e-03 
 3.246572e+01 -1.497536e-03 
 3.246612e+01 -9.410275e-04 
 3.246652e+01 -2.424645e-04 
 3.246692e+01  5.543038e-04 
 3.246731e+01  1.408510e-03 
 3.246771e+01  2.300159e-03 
 3.246811e+01  3.159286e-03 
 3.246851e+01  3.954264e-03 
 3.246891e+01  4.625700e-03 
 3.246930e+01  5.126567e-03 
 3.246970e+01  5.455431e-03 
 3.247010e+01  5.625127e-03 
 3.247050e+01  5.644475e-03 
 3.247089e+01  5.510971e-03 
 3.247129e+01  5.278467e-03 
 3.247169e+01  4.953908e-03 
 3.247209e+01  4.543289e-03 
 3.247248e+01  4.072498e-03 
 3.247288e+01  3.550417e-03 
 3.247328e+01  3.015211e-03 
 3.247368e+01  2.519585e-03 
 3.247408e+01  2.076916e-03 
 3.247447e+01  1.700526e-03 
 3.247487e+01  1.426377e-03 
 3.247527e+01  1.247587e-03 
 3.247567e+01  1.183367e-03 
 3.247606e+01  1.238432e-03 
 3.247646e+01  1.395265e-03 
 3.247686e+01  1.639056e-03 
 3.247726e+01  1.952024e-03 
 3.247765e+01  2.318091e-03 
 3.247805e+01  2.698844e-03 
 3.247845e+01  3.055109e-03 
 3.247885e+01  3.337078e-03 
 3.247925e+01  3.491956e-03 
 3.247964e+01  3.496410e-03 
 3.248004e+01  3.340425e-03 
 3.248044e+01  3.036497e-03 
 3.248084e+01  2.604016e-03 
 3.248123e+01  2.086609e-03 
 3.248163e+01  1.541598e-03 
 3.248203e+01  1.026595e-03 
 3.248243e+01  5.868017e-04 
 3.248282e+01  2.720279e-04 
 3.248322e+01  1.210409e-04 
 3.248362e+01  1.626063e-04 
 3.248402e+01  4.071109e-04 
 3.248442e+01  8.711127e-04 
 3.248481e+01  1.514361e-03 
 3.248521e+01  2.299305e-03 
 3.248561e+01  3.152708e-03 
 3.248601e+01  4.042214e-03 
 3.248640e+01  4.914427e-03 
 3.248680e+01  5.723882e-03 
 3.248720e+01  6.406356e-03 
 3.248760e+01  6.944317e-03 
 3.248799e+01  7.321958e-03 
 3.248839e+01  7.512020e-03 
 3.248879e+01  7.518290e-03 
 3.248919e+01  7.320311e-03 
 3.248959e+01  6.911512e-03 
 3.248998e+01  6.320630e-03 
 3.249038e+01  5.575020e-03 
 3.249078e+01  4.704970e-03 
 3.249118e+01  3.765114e-03 
 3.249157e+01  2.811692e-03 
 3.249197e+01  1.908128e-03 
 3.249237e+01  1.118394e-03 
 3.249277e+01  4.751507e-04 
 3.249316e+01 -5.356773e-06 
 3.249356e+01 -2.958392e-04 
 3.249396e+01 -3.759627e-04 
 3.249436e+01 -2.394376e-04 
 3.249476e+01  1.061703e-04 
 3.249515e+01  6.558076e-04 
 3.249555e+01  1.365768e-03 
 3.249595e+01  2.219702e-03 
 3.249635e+01  3.158070e-03 
 3.249674e+01  4.121322e-03 
 3.249714e+01  5.052606e-03 
 3.249754e+01  5.899122e-03 
 3.249794e+01  6.628122e-03 
 3.249833e+01  7.225088e-03 
 3.249873e+01  7.688100e-03 
 3.249913e+01  8.011254e-03 
 3.249953e+01  8.225144e-03 
 3.249993e+01  8.317391e-03 
 3.250032e+01  8.329650e-03 
 3.250072e+01  8.277976e-03 
 3.250112e+01  8.182741e-03 
 3.250152e+01  8.087283e-03 
 3.250191e+01  8.015984e-03 
 3.250231e+01  8.004901e-03 
 3.250271e+01  8.069985e-03 
 3.250311e+01  8.191880e-03 
 3.250350e+01  8.350834e-03 
 3.250390e+01  8.538706e-03 
 3.250430e+01  8.719039e-03 
 3.250470e+01  8.882727e-03 
 3.250510e+01  9.028918e-03 
 3.250549e+01  9.137599e-03 
 3.250589e+01  9.202841e-03 
 3.250629e+01  9.226447e-03 
 3.250669e+01  9.218994e-03 
 3.250708e+01  9.170684e-03 
 3.250748e+01  9.074273e-03 
 3.250788e+01  8.946403e-03 
 3.250828e+01  8.793730e-03 
 3.250867e+01  8.647773e-03 
 3.250907e+01  8.497432e-03 
 3.250947e+01  8.345883e-03 
 3.250987e+01  8.206003e-03 
 3.251027e+01  8.085141e-03 
 3.251066e+01  7.985183e-03 
 3.251106e+01  7.942384e-03 
 3.251146e+01  7.944628e-03 
 3.251186e+01  8.009084e-03 
 3.251225e+01  8.157118e-03 
 3.251265e+01  8.415430e-03 
 3.251305e+01  8.787902e-03 
 3.251345e+01  9.268718e-03 
 3.251384e+01  9.840612e-03 
 3.251424e+01  1.047499e-02 
 3.251464e+01  1.114442e-02 
 3.251504e+01  1.183629e-02 
 3.251544e+01  1.253638e-02 
 3.251583e+01  1.323150e-02 
 3.251623e+01  1.390250e-02 
 3.251663e+01  1.451602e-02 
 3.251703e+01  1.503121e-02 
 3.251742e+01  1.541502e-02 
 3.251782e+01  1.562738e-02 
 3.251822e+01  1.565628e-02 
 3.251862e+01  1.549912e-02 
 3.251901e+01  1.516830e-02 
 3.251941e+01  1.469457e-02 
 3.251981e+01  1.409020e-02 
 3.252021e+01  1.337798e-02 
 3.252061e+01  1.258675e-02 
 3.252100e+01  1.174287e-02 
 3.252140e+01  1.089146e-02 
 3.252180e+01  1.005360e-02 
 3.252220e+01  9.266706e-03 
 3.252259e+01  8.571664e-03 
 3.252299e+01  7.999879e-03 
 3.252339e+01  7.560678e-03 
 3.252379e+01  7.267462e-03 
 3.252418e+01  7.123793e-03 
 3.252458e+01  7.132821e-03 
 3.252498e+01  7.299158e-03 
 3.252538e+01  7.613066e-03 
 3.252578e+01  8.053982e-03 
 3.252617e+01  8.588710e-03 
 3.252657e+01  9.175026e-03 
 3.252697e+01  9.763034e-03 
 3.252737e+01  1.032427e-02 
 3.252776e+01  1.080833e-02 
 3.252816e+01  1.116690e-02 
 3.252856e+01  1.137638e-02 
 3.252896e+01  1.141177e-02 
 3.252935e+01  1.126069e-02 
 3.252975e+01  1.094843e-02 
 3.253015e+01  1.050933e-02 
 3.253055e+01  9.986240e-03 
 3.253095e+01  9.428502e-03 
 3.253134e+01  8.873930e-03 
 3.253174e+01  8.377728e-03 
 3.253214e+01  7.965009e-03 
 3.253254e+01  7.642939e-03 
 3.253293e+01  7.427672e-03 
 3.253333e+01  7.313791e-03 
 3.253373e+01  7.332127e-03 
 3.253413e+01  7.467228e-03 
 3.253452e+01  7.699464e-03 
 3.253492e+01  7.977336e-03 
 3.253532e+01  8.227868e-03 
 3.253572e+01  8.417469e-03 
 3.253612e+01  8.497076e-03 
 3.253651e+01  8.448442e-03 
 3.253691e+01  8.247299e-03 
 3.253731e+01  7.890552e-03 
 3.253771e+01  7.388190e-03 
 3.253810e+01  6.738190e-03 
 3.253850e+01  5.947314e-03 
 3.253890e+01  5.037589e-03 
 3.253930e+01  4.050365e-03 
 3.253969e+01  3.057972e-03 
 3.254009e+01  2.135420e-03 
 3.254049e+01  1.345098e-03 
 3.254089e+01  7.277944e-04 
 3.254129e+01  3.233968e-04 
 3.254168e+01  1.546086e-04 
 3.254208e+01  2.056834e-04 
 3.254248e+01  4.756203e-04 
 3.254288e+01  9.369197e-04 
 3.254327e+01  1.577222e-03 
 3.254367e+01  2.383228e-03 
 3.254407e+01  3.315195e-03 
 3.254447e+01  4.325999e-03 
 3.254486e+01  5.363069e-03 
 3.254526e+01  6.346427e-03 
 3.254566e+01  7.216062e-03 
 3.254606e+01  7.913092e-03 
 3.254646e+01  8.428446e-03 
 3.254685e+01  8.735328e-03 
 3.254725e+01  8.816515e-03 
 3.254765e+01  8.675864e-03 
 3.254805e+01  8.304108e-03 
 3.254844e+01  7.710208e-03 
 3.254884e+01  6.904662e-03 
 3.254924e+01  5.935696e-03 
 3.254964e+01  4.862466e-03 
 3.255003e+01  3.762373e-03 
 3.255043e+01  2.713044e-03 
 3.255083e+01  1.796359e-03 
 3.255123e+01  1.051233e-03 
 3.255163e+01  5.080772e-04 
 3.255202e+01  1.858872e-04 
 3.255242e+01  7.518241e-05 
 3.255282e+01  1.685845e-04 
 3.255322e+01  4.270442e-04 
 3.255361e+01  8.044623e-04 
 3.255401e+01  1.259218e-03 
 3.255441e+01  1.746772e-03 
 3.255481e+01  2.209375e-03 
 3.255521e+01  2.605881e-03 
 3.255560e+01  2.911959e-03 
 3.255600e+01  3.102329e-03 
 3.255640e+01  3.178449e-03 
 3.255680e+01  3.131540e-03 
 3.255719e+01  2.965043e-03 
 3.255759e+01  2.685718e-03 
 3.255799e+01  2.338243e-03 
 3.255839e+01  1.944423e-03 
 3.255878e+01  1.537952e-03 
 3.255918e+01  1.160296e-03 
 3.255958e+01  8.386607e-04 
 3.255998e+01  6.211214e-04 
 3.256038e+01  5.387935e-04 
 3.256077e+01  6.357563e-04 
 3.256117e+01  9.083316e-04 
 3.256157e+01  1.345431e-03 
 3.256197e+01  1.953159e-03 
 3.256236e+01  2.681603e-03 
 3.256276e+01  3.508733e-03 
 3.256316e+01  4.337966e-03 
 3.256356e+01  5.073782e-03 
 3.256395e+01  5.707107e-03 
 3.256435e+01  6.152962e-03 
 3.256475e+01  6.399617e-03 
 3.256515e+01  6.419595e-03 
 3.256555e+01  6.217959e-03 
 3.256594e+01  5.792474e-03 
 3.256634e+01  5.145397e-03 
 3.256674e+01  4.312650e-03 
 3.256714e+01  3.350430e-03 
 3.256753e+01  2.303817e-03 
 3.256793e+01  1.244490e-03 
 3.256833e+01  2.545768e-04 
 3.256873e+01 -6.157008e-04 
 3.256912e+01 -1.303543e-03 
 3.256952e+01 -1.777668e-03 
 3.256992e+01 -2.041311e-03 
 3.257032e+01 -2.078307e-03 
 3.257072e+01 -1.900084e-03 
 3.257111e+01 -1.531116e-03 
 3.257151e+01 -9.794665e-04 
 3.257191e+01 -2.941073e-04 
 3.257231e+01  4.646100e-04 
 3.257270e+01  1.262617e-03 
 3.257310e+01  2.024246e-03 
 3.257350e+01  2.725551e-03 
 3.257390e+01  3.298793e-03 
 3.257429e+01  3.755978e-03 
 3.257469e+01  4.069010e-03 
 3.257509e+01  4.240632e-03 
 3.257549e+01  4.303848e-03 
 3.257589e+01  4.272694e-03 
 3.257628e+01  4.166994e-03 
 3.257668e+01  3.989438e-03 
 3.257708e+01  3.735542e-03 
 3.257748e+01  3.401130e-03 
 3.257787e+01  3.011398e-03 
 3.257827e+01  2.591087e-03 
 3.257867e+01  2.183041e-03 
 3.257907e+01  1.817629e-03 
 3.257946e+01  1.514190e-03 
 3.257986e+01  1.284486e-03 
 3.258026e+01  1.139154e-03 
 3.258066e+01  1.038878e-03 
 3.258106e+01  9.324447e-04 
 3.258145e+01  8.275815e-04 
 3.258185e+01  7.331875e-04 
 3.258225e+01  6.171726e-04 
 3.258265e+01  4.786408e-04 
 3.258304e+01  3.073081e-04 
 3.258344e+01  9.334691e-05 
 3.258384e+01 -1.765801e-04 
 3.258424e+01 -5.024034e-04 
 3.258463e+01 -8.393153e-04 
 3.258503e+01 -1.171676e-03 
 3.258543e+01 -1.453626e-03 
 3.258583e+01 -1.654626e-03 
 3.258623e+01 -1.747360e-03 
 3.258662e+01 -1.766188e-03 
 3.258702e+01 -1.714573e-03 
 3.258742e+01 -1.590858e-03 
 3.258782e+01 -1.369525e-03 
 3.258821e+01 -1.033500e-03 
 3.258861e+01 -5.854246e-04 
 3.258901e+01  8.130951e-06 
 3.258941e+01  7.235074e-04 
 3.258980e+01  1.519170e-03 
 3.259020e+01  2.353191e-03 
 3.259060e+01  3.192103e-03 
 3.259100e+01  3.999059e-03 
 3.259140e+01  4.756396e-03 
 3.259179e+01  5.471874e-03 
 3.259219e+01  6.105487e-03 
 3.259259e+01  6.642822e-03 
 3.259299e+01  7.092076e-03 
 3.259338e+01  7.416570e-03 
 3.259378e+01  7.643696e-03 
 3.259418e+01  7.787731e-03 
 3.259458e+01  7.839804e-03 
 3.259497e+01  7.846623e-03 
 3.259537e+01  7.804962e-03 
 3.259577e+01  7.731154e-03 
 3.259617e+01  7.622690e-03 
 3.259657e+01  7.487253e-03 
 3.259696e+01  7.285929e-03 
 3.259736e+01  7.018622e-03 
 3.259776e+01  6.697043e-03 
 3.259816e+01  6.333231e-03 
 3.259855e+01  5.948143e-03 
 3.259895e+01  5.561228e-03 
 3.259935e+01  5.215129e-03 
 3.259975e+01  4.914751e-03 
 3.260014e+01  4.716063e-03 
 3.260054e+01  4.620820e-03 
 3.260094e+01  4.628116e-03 
 3.260134e+01  4.745988e-03 
 3.260174e+01  4.963864e-03 
 3.260213e+01  5.283544e-03 
 3.260253e+01  5.691758e-03 
 3.260293e+01  6.149369e-03 
 3.260333e+01  6.627362e-03 
 3.260372e+01  7.148292e-03 
 3.260412e+01  7.711117e-03 
 3.260452e+01  8.269038e-03 
 3.260492e+01  8.830603e-03 
 3.260531e+01  9.373956e-03 
 3.260571e+01  9.887724e-03 
 3.260611e+01  1.036382e-02 
 3.260651e+01  1.081939e-02 
 3.260691e+01  1.125688e-02 
 3.260730e+01  1.166809e-02 
 3.260770e+01  1.206155e-02 
 3.260810e+01  1.245590e-02 
 3.260850e+01  1.280847e-02 
 3.260889e+01  1.307717e-02 
 3.260929e+01  1.325186e-02 
 3.260969e+01  1.332489e-02 
 3.261009e+01  1.332051e-02 
 3.261048e+01  1.325920e-02 
 3.261088e+01  1.315958e-02 
 3.261128e+01  1.304999e-02 
 3.261168e+01  1.293154e-02 
 3.261208e+01  1.277213e-02 
 3.261247e+01  1.259391e-02 
 3.261287e+01  1.239692e-02 
 3.261327e+01  1.216237e-02 
 3.261367e+01  1.190784e-02 
 3.261406e+01  1.165748e-02 
 3.261446e+01  1.139881e-02 
 3.261486e+01  1.111958e-02 
 3.261526e+01  1.080785e-02 
 3.261565e+01  1.044106e-02 
 3.261605e+01  1.004320e-02 
 3.261645e+01  9.664488e-03 
 3.261685e+01  9.337148e-03 
 3.261725e+01  9.099741e-03 
 3.261764e+01  8.969396e-03 
 3.261804e+01  8.927341e-03 
 3.261844e+01  8.961556e-03 
 3.261884e+01  9.087103e-03 
 3.261923e+01  9.311448e-03 
 3.261963e+01  9.644203e-03 
 3.262003e+01  1.012221e-02 
 3.262043e+01  1.074644e-02 
 3.262082e+01  1.148393e-02 
 3.262122e+01  1.228615e-02 
 3.262162e+01  1.310230e-02 
 3.262202e+01  1.386035e-02 
 3.262242e+01  1.451419e-02 
 3.262281e+01  1.503722e-02 
 3.262321e+01  1.541095e-02 
 3.262361e+01  1.562789e-02 
 3.262401e+01  1.568465e-02 
 3.262440e+01  1.556508e-02 
 3.262480e+01  1.522943e-02 
 3.262520e+01  1.468982e-02 
 3.262560e+01  1.397219e-02 
 3.262599e+01  1.310234e-02 
 3.262639e+01  1.211600e-02 
 3.262679e+01  1.102541e-02 
 3.262719e+01  9.898184e-03 
 3.262759e+01  8.810575e-03 
 3.262798e+01  7.793631e-03 
 3.262838e+01  6.886657e-03 
 3.262878e+01  6.132938e-03 
 3.262918e+01  5.560237e-03 
 3.262957e+01  5.168744e-03 
 3.262997e+01  4.981008e-03 
 3.263037e+01  4.989872e-03 
 3.263077e+01  5.130217e-03 
 3.263116e+01  5.361674e-03 
 3.263156e+01  5.656300e-03 
 3.263196e+01  5.946217e-03 
 3.263236e+01  6.174462e-03 
 3.263276e+01  6.304902e-03 
 3.263315e+01  6.317395e-03 
 3.263355e+01  6.191972e-03 
 3.263395e+01  5.952958e-03 
 3.263435e+01  5.598500e-03 
 3.263474e+01  5.195668e-03 
 3.263514e+01  4.814282e-03 
 3.263554e+01  4.447695e-03 
 3.263594e+01  4.156460e-03 
 3.263633e+01  3.973548e-03 
 3.263673e+01  3.919768e-03 
 3.263713e+01  4.020109e-03 
 3.263753e+01  4.309945e-03 
 3.263793e+01  4.799891e-03 
 3.263832e+01  5.461980e-03 
 3.263872e+01  6.264310e-03 
 3.263912e+01  7.143878e-03 
 3.263952e+01  8.034655e-03 
 3.263991e+01  8.839762e-03 
 3.264031e+01  9.479281e-03 
 3.264071e+01  9.901484e-03 
 3.264111e+01  1.008501e-02 
 3.264150e+01  1.001710e-02 
 3.264190e+01  9.681377e-03 
 3.264230e+01  9.091782e-03 
 3.264270e+01  8.261104e-03 
 3.264310e+01  7.214255e-03 
 3.264349e+01  6.007880e-03 
 3.264389e+01  4.732287e-03 
 3.264429e+01  3.455970e-03 
 3.264469e+01  2.236936e-03 
 3.264508e+01  1.161530e-03 
 3.264548e+01  2.729834e-04 
 3.264588e+01 -3.936461e-04 
 3.264628e+01 -8.204052e-04 
 3.264668e+01 -1.015271e-03 
 3.264707e+01 -9.921782e-04 
 3.264747e+01 -7.294349e-04 
 3.264787e+01 -2.202329e-04 
 3.264827e+01  4.975046e-04 
 3.264866e+01  1.362459e-03 
 3.264906e+01  2.333636e-03 
 3.264946e+01  3.353238e-03 
 3.264986e+01  4.383556e-03 
 3.265025e+01  5.341727e-03 
 3.265065e+01  6.175088e-03 
 3.265105e+01  6.847612e-03 
 3.265145e+01  7.309418e-03 
 3.265185e+01  7.556786e-03 
 3.265224e+01  7.587562e-03 
 3.265264e+01  7.417271e-03 
 3.265304e+01  7.057569e-03 
 3.265344e+01  6.539529e-03 
 3.265383e+01  5.924665e-03 
 3.265423e+01  5.239392e-03 
 3.265463e+01  4.504346e-03 
 3.265503e+01  3.780911e-03 
 3.265542e+01  3.117654e-03 
 3.265582e+01  2.550967e-03 
 3.265622e+01  2.122773e-03 
 3.265662e+01  1.852305e-03 
 3.265702e+01  1.741271e-03 
 3.265741e+01  1.781277e-03 
 3.265781e+01  1.942990e-03 
 3.265821e+01  2.179675e-03 
 3.265861e+01  2.468773e-03 
 3.265900e+01  2.741154e-03 
 3.265940e+01  2.941012e-03 
 3.265980e+01  3.028809e-03 
 3.266020e+01  2.950885e-03 
 3.266059e+01  2.666881e-03 
 3.266099e+01  2.183254e-03 
 3.266139e+01  1.521453e-03 
 3.266179e+01  7.820555e-04 
 3.266219e+01  1.368889e-05 
 3.266258e+01 -6.916192e-04 
 3.266298e+01 -1.263678e-03 
 3.266338e+01 -1.695280e-03 
 3.266378e+01 -1.959607e-03 
 3.266417e+01 -2.044907e-03 
 3.266457e+01 -1.963662e-03 
 3.266497e+01 -1.705787e-03 
 3.266537e+01 -1.272047e-03 
 3.266576e+01 -6.476849e-04 
 3.266616e+01  1.553247e-04 
 3.266656e+01  1.069798e-03 
 3.266696e+01  2.043551e-03 
 3.266736e+01  3.012082e-03 
 3.266775e+01  3.923662e-03 
 3.266815e+01  4.755811e-03 
 3.266855e+01  5.494287e-03 
 3.266895e+01  6.099379e-03 
 3.266934e+01  6.554489e-03 
 3.266974e+01  6.818705e-03 
 3.267014e+01  6.862393e-03 
 3.267054e+01  6.639910e-03 
 3.267093e+01  6.107479e-03 
 3.267133e+01  5.326173e-03 
 3.267173e+01  4.313192e-03 
 3.267213e+01  3.140514e-03 
 3.267253e+01  1.865241e-03 
 3.267292e+01  5.654948e-04 
 3.267332e+01 -6.856934e-04 
 3.267372e+01 -1.824719e-03 
 3.267412e+01 -2.804290e-03 
 3.267451e+01 -3.564500e-03 
 3.267491e+01 -4.098525e-03 
 3.267531e+01 -4.380974e-03 
 3.267571e+01 -4.432992e-03 
 3.267610e+01 -4.293745e-03 
 3.267650e+01 -3.992614e-03 
 3.267690e+01 -3.588525e-03 
 3.267730e+01 -3.093657e-03 
 3.267770e+01 -2.545385e-03 
 3.267809e+01 -1.998616e-03 
 3.267849e+01 -1.493596e-03 
 3.267889e+01 -1.049028e-03 
 3.267929e+01 -6.735928e-04 
 3.267968e+01 -3.622469e-04 
 3.268008e+01 -9.748255e-05 
 3.268048e+01  1.468935e-04 
 3.268088e+01  4.130658e-04 
 3.268127e+01  7.041275e-04 
 3.268167e+01  1.034183e-03 
 3.268207e+01  1.411996e-03 
 3.268247e+01  1.807824e-03 
 3.268287e+01  2.228846e-03 
 3.268326e+01  2.655272e-03 
 3.268366e+01  3.108879e-03 
 3.268406e+01  3.575051e-03 
 3.268446e+01  4.019040e-03 
 3.268485e+01  4.401793e-03 
 3.268525e+01  4.701488e-03 
 3.268565e+01  4.885182e-03 
 3.268605e+01  4.942683e-03 
 3.268644e+01  4.905817e-03 
 3.268684e+01  4.769348e-03 
 3.268724e+01  4.540129e-03 
 3.268764e+01  4.245305e-03 
 3.268804e+01  3.876265e-03 
 3.268843e+01  3.457865e-03 
 3.268883e+01  3.000859e-03 
 3.268923e+01  2.550535e-03 
 3.268963e+01  2.152696e-03 
 3.269002e+01  1.837175e-03 
 3.269042e+01  1.623567e-03 
 3.269082e+01  1.494474e-03 
 3.269122e+01  1.429411e-03 
 3.269161e+01  1.427741e-03 
 3.269201e+01  1.475754e-03 
 3.269241e+01  1.575786e-03 
 3.269281e+01  1.729849e-03 
 3.269321e+01  1.971213e-03 
 3.269360e+01  2.323803e-03 
 3.269400e+01  2.772207e-03 
 3.269440e+01  3.268117e-03 
 3.269480e+01  3.791557e-03 
 3.269519e+01  4.325439e-03 
 3.269559e+01  4.881908e-03 
 3.269599e+01  5.474360e-03 
 3.269639e+01  6.131097e-03 
 3.269678e+01  6.885079e-03 
 3.269718e+01  7.731931e-03 
 3.269758e+01  8.675662e-03 
 3.269798e+01  9.679366e-03 
 3.269838e+01  1.068158e-02 
 3.269877e+01  1.163047e-02 
 3.269917e+01  1.249063e-02 
 3.269957e+01  1.325766e-02 
 3.269997e+01  1.390277e-02 
 3.270036e+01  1.440668e-02 
 3.270076e+01  1.474006e-02 
 3.270116e+01  1.490540e-02 
 3.270156e+01  1.489527e-02 
 3.270195e+01  1.470803e-02 
 3.270235e+01  1.435419e-02 
 3.270275e+01  1.384266e-02 
 3.270315e+01  1.317897e-02 
 3.270355e+01  1.237411e-02 
 3.270394e+01  1.146068e-02 
 3.270434e+01  1.050882e-02 
 3.270474e+01  9.562775e-03 
 3.270514e+01  8.685425e-03 
 3.270553e+01  7.960317e-03 
 3.270593e+01  7.411482e-03 
 3.270633e+01  7.056828e-03 
 3.270673e+01  6.878130e-03 
 3.270712e+01  6.866024e-03 
 3.270752e+01  7.029403e-03 
 3.270792e+01  7.345228e-03 
 3.270832e+01  7.803375e-03 
 3.270872e+01  8.381136e-03 
 3.270911e+01  9.001336e-03 
 3.270951e+01  9.603894e-03 
 3.270991e+01  1.015745e-02 
 3.271031e+01  1.061398e-02 
 3.271070e+01  1.097918e-02 
 3.271110e+01  1.125632e-02 
 3.271150e+01  1.144754e-02 
 3.271190e+01  1.158981e-02 
 3.271229e+01  1.168603e-02 
 3.271269e+01  1.173248e-02 
 3.271309e+01  1.175706e-02 
 3.271349e+01  1.177922e-02 
 3.271389e+01  1.183691e-02 
 3.271428e+01  1.195145e-02 
 3.271468e+01  1.212542e-02 
 3.271508e+01  1.235499e-02 
 3.271548e+01  1.261897e-02 
 3.271587e+01  1.286658e-02 
 3.271627e+01  1.305624e-02 
 3.271667e+01  1.316298e-02 
 3.271707e+01  1.320126e-02 
 3.271746e+01  1.319248e-02 
 3.271786e+01  1.312132e-02 
 3.271826e+01  1.299220e-02 
 3.271866e+01  1.278116e-02 
 3.271906e+01  1.246045e-02 
 3.271945e+01  1.200316e-02 
 3.271985e+01  1.140471e-02 
 3.272025e+01  1.065877e-02 
 3.272065e+01  9.781993e-03 
 3.272104e+01  8.807344e-03 
 3.272144e+01  7.778803e-03 
 3.272184e+01  6.732020e-03 
 3.272224e+01  5.692452e-03 
 3.272263e+01  4.703534e-03 
 3.272303e+01  3.808298e-03 
 3.272343e+01  3.092715e-03 
 3.272383e+01  2.611079e-03 
 3.272423e+01  2.395458e-03 
 3.272462e+01  2.496635e-03 
 3.272502e+01  2.916429e-03 
 3.272542e+01  3.610076e-03 
 3.272582e+01  4.530389e-03 
 3.272621e+01  5.599121e-03 
 3.272661e+01  6.759949e-03 
 3.272701e+01  7.916279e-03 
 3.272741e+01  9.016890e-03 
 3.272780e+01  1.002620e-02 
 3.272820e+01  1.087393e-02 
 3.272860e+01  1.151467e-02 
 3.272900e+01  1.191161e-02 
 3.272940e+01  1.204574e-02 
 3.272979e+01  1.192566e-02 
 3.273019e+01  1.154508e-02 
 3.273059e+01  1.096010e-02 
 3.273099e+01  1.022424e-02 
 3.273138e+01  9.389052e-03 
 3.273178e+01  8.537246e-03 
 3.273218e+01  7.732540e-03 
 3.273258e+01  7.023752e-03 
 3.273297e+01  6.436790e-03 
 3.273337e+01  5.984671e-03 
 3.273377e+01  5.655625e-03 
 3.273417e+01  5.424614e-03 
 3.273457e+01  5.271260e-03 
 3.273496e+01  5.155609e-03 
 3.273536e+01  5.089708e-03 
 3.273576e+01  5.049417e-03 
 3.273616e+01  5.015570e-03 
 3.273655e+01  4.960926e-03 
 3.273695e+01  4.846419e-03 
 3.273735e+01  4.660824e-03 
 3.273775e+01  4.373913e-03 
 3.273815e+01  3.970549e-03 
 3.273854e+01  3.462429e-03 
 3.273894e+01  2.901252e-03 
 3.273934e+01  2.329137e-03 
 3.273974e+01  1.805604e-03 
 3.274013e+01  1.356502e-03 
 3.274053e+01  1.007055e-03 
 3.274093e+01  8.061927e-04 
 3.274133e+01  7.909277e-04 
 3.274172e+01  9.969380e-04 
 3.274212e+01  1.451423e-03 
 3.274252e+01  2.151967e-03 
 3.274292e+01  3.090183e-03 
 3.274332e+01  4.221417e-03 
 3.274371e+01  5.478402e-03 
 3.274411e+01  6.778526e-03 
 3.274451e+01  8.037206e-03 
 3.274491e+01  9.182368e-03 
 3.274530e+01  1.018385e-02 
 3.274570e+01  1.099428e-02 
 3.274610e+01  1.155578e-02 
 3.274650e+01  1.183337e-02 
 3.274689e+01  1.180625e-02 
 3.274729e+01  1.147029e-02 
 3.274769e+01  1.082787e-02 
 3.274809e+01  9.913229e-03 
 3.274849e+01  8.797807e-03 
 3.274888e+01  7.529580e-03 
 3.274928e+01  6.196467e-03 
 3.274968e+01  4.888028e-03 
 3.275008e+01  3.686256e-03 
 3.275047e+01  2.639699e-03 
 3.275087e+01  1.808836e-03 
 3.275127e+01  1.235318e-03 
 3.275167e+01  9.357659e-04 
 3.275206e+01  8.878917e-04 
 3.275246e+01  1.047826e-03 
 3.275286e+01  1.372271e-03 
 3.275326e+01  1.789774e-03 
 3.275366e+01  2.237604e-03 
 3.275405e+01  2.664532e-03 
 3.275445e+01  3.013588e-03 
 3.275485e+01  3.266083e-03 
 3.275525e+01  3.398827e-03 
 3.275564e+01  3.449845e-03 
 3.275604e+01  3.441502e-03 
 3.275644e+01  3.390592e-03 
 3.275684e+01  3.320857e-03 
 3.275723e+01  3.235628e-03 
 3.275763e+01  3.147952e-03 
 3.275803e+01  3.075094e-03 
 3.275843e+01  3.001417e-03 
 3.275883e+01  2.963496e-03 
 3.275922e+01  2.983498e-03 
 3.275962e+01  3.105854e-03 
 3.276002e+01  3.350878e-03 
 3.276042e+01  3.706442e-03 
 3.276081e+01  4.148573e-03 
 3.276121e+01  4.639078e-03 
 3.276161e+01  5.102842e-03 
 3.276201e+01  5.488841e-03 
 3.276240e+01  5.748686e-03 
 3.276280e+01  5.859509e-03 
 3.276320e+01  5.847901e-03 
 3.276360e+01  5.695555e-03 
 3.276400e+01  5.395838e-03 
 3.276439e+01  4.935377e-03 
 3.276479e+01  4.287682e-03 
 3.276519e+01  3.468027e-03 
 3.276559e+01  2.483977e-03 
 3.276598e+01  1.386688e-03 
 3.276638e+01  2.261517e-04 
 3.276678e+01 -9.418554e-04 
 3.276718e+01 -2.058098e-03 
 3.276757e+01 -3.093095e-03 
 3.276797e+01 -4.028206e-03 
 3.276837e+01 -4.854132e-03 
 3.276877e+01 -5.527031e-03 
 3.276917e+01 -5.992515e-03 
 3.276956e+01 -6.208245e-03 
 3.276996e+01 -6.154786e-03 
 3.277036e+01 -5.830596e-03 
 3.277076e+01 -5.252505e-03 
 3.277115e+01 -4.492267e-03 
 3.277155e+01 -3.606683e-03 
 3.277195e+01 -2.640054e-03 
 3.277235e+01 -1.660503e-03 
 3.277274e+01 -7.048293e-04 
 3.277314e+01  1.990258e-04 
 3.277354e+01  1.040672e-03 
 3.277394e+01  1.789343e-03 
 3.277434e+01  2.428766e-03 
 3.277473e+01  2.973704e-03 
 3.277513e+01  3.426450e-03 
 3.277553e+01  3.795400e-03 
 3.277593e+01  4.080680e-03 
 3.277632e+01  4.274994e-03 
 3.277672e+01  4.370100e-03 
 3.277712e+01  4.362218e-03 
 3.277752e+01  4.263544e-03 
 3.277791e+01  4.097987e-03 
 3.277831e+01  3.880251e-03 
 3.277871e+01  3.625968e-03 
 3.277911e+01  3.357527e-03 
 3.277951e+01  3.073720e-03 
 3.277990e+01  2.772268e-03 
 3.278030e+01  2.439627e-03 
 3.278070e+01  2.061541e-03 
 3.278110e+01  1.659591e-03 
 3.278149e+01  1.234349e-03 
 3.278189e+01  8.040785e-04 
 3.278229e+01  3.596825e-04 
 3.278269e+01 -9.708231e-05 
 3.278308e+01 -5.376713e-04 
 3.278348e+01 -9.330890e-04 
 3.278388e+01 -1.267229e-03 
 3.278428e+01 -1.523766e-03 
 3.278468e+01 -1.664246e-03 
 3.278507e+01 -1.663349e-03 
 3.278547e+01 -1.508153e-03 
 3.278587e+01 -1.204535e-03 
 3.278627e+01 -7.746102e-04 
 3.278666e+01 -2.198675e-04 
 3.278706e+01  4.564104e-04 
 3.278746e+01  1.260193e-03 
 3.278786e+01  2.167392e-03 
 3.278825e+01  3.140648e-03 
 3.278865e+01  4.105927e-03 
 3.278905e+01  5.008652e-03 
 3.278945e+01  5.815483e-03 
 3.278985e+01  6.487999e-03 
 3.279024e+01  7.016323e-03 
 3.279064e+01  7.431705e-03 
 3.279104e+01  7.792162e-03 
 3.279144e+01  8.135143e-03 
 3.279183e+01  8.452262e-03 
 3.279223e+01  8.749707e-03 
 3.279263e+01  8.992033e-03 
 3.279303e+01  9.187497e-03 
 3.279342e+01  9.324619e-03 
 3.279382e+01  9.439313e-03 
 3.279422e+01  9.550517e-03 
 3.279462e+01  9.653821e-03 
 3.279502e+01  9.732141e-03 
 3.279541e+01  9.773467e-03 
 3.279581e+01  9.730379e-03 
 3.279621e+01  9.552367e-03 
 3.279661e+01  9.228906e-03 
 3.279700e+01  8.777519e-03 
 3.279740e+01  8.225003e-03 
 3.279780e+01  7.608325e-03 
 3.279820e+01  6.957889e-03 
 3.279859e+01  6.299483e-03 
 3.279899e+01  5.663398e-03 
 3.279939e+01  5.077756e-03 
 3.279979e+01  4.589316e-03 
 3.280019e+01  4.219345e-03 
 3.280058e+01  4.011958e-03 
 3.280098e+01  4.002453e-03 
 3.280138e+01  4.209496e-03 
 3.280178e+01  4.651065e-03 
 3.280217e+01  5.314937e-03 
 3.280257e+01  6.172063e-03 
 3.280297e+01  7.192379e-03 
 3.280337e+01  8.352133e-03 
 3.280376e+01  9.600116e-03 
 3.280416e+01  1.086662e-02 
 3.280456e+01  1.208260e-02 
 3.280496e+01  1.319671e-02 
 3.280536e+01  1.415828e-02 
 3.280575e+01  1.494403e-02 
 3.280615e+01  1.550216e-02 
 3.280655e+01  1.580799e-02 
 3.280695e+01  1.586517e-02 
 3.280734e+01  1.568451e-02 
 3.280774e+01  1.527218e-02 
 3.280814e+01  1.466429e-02 
 3.280854e+01  1.389701e-02 
 3.280893e+01  1.302200e-02 
 3.280933e+01  1.211460e-02 
 3.280973e+01  1.122794e-02 
 3.281013e+01  1.042052e-02 
 3.281053e+01  9.732366e-03 
 3.281092e+01  9.177857e-03 
 3.281132e+01  8.766844e-03 
 3.281172e+01  8.493251e-03 
 3.281212e+01  8.343652e-03 
 3.281251e+01  8.288766e-03 
 3.281291e+01  8.314192e-03 
 3.281331e+01  8.377222e-03 
 3.281371e+01  8.411731e-03 
 3.281410e+01  8.363876e-03 
 3.281450e+01  8.214206e-03 
 3.281490e+01  7.945054e-03 
 3.281530e+01  7.553581e-03 
 3.281570e+01  7.065418e-03 
 3.281609e+01  6.496299e-03 
 3.281649e+01  5.881611e-03 
 3.281689e+01  5.274144e-03 
 3.281729e+01  4.718831e-03 
 3.281768e+01  4.236624e-03 
 3.281808e+01  3.888596e-03 
 3.281848e+01  3.739366e-03 
 3.281888e+01  3.861217e-03 
 3.281927e+01  4.268103e-03 
 3.281967e+01  4.963059e-03 
 3.282007e+01  5.892396e-03 
 3.282047e+01  7.022793e-03 
 3.282087e+01  8.262137e-03 
 3.282126e+01  9.537831e-03 
 3.282166e+01  1.077773e-02 
 3.282206e+01  1.192558e-02 
 3.282246e+01  1.293717e-02 
 3.282285e+01  1.373573e-02 
 3.282325e+01  1.428468e-02 
 3.282365e+01  1.453449e-02 
 3.282405e+01  1.445175e-02 
 3.282444e+01  1.403868e-02 
 3.282484e+01  1.333724e-02 
 3.282524e+01  1.241266e-02 
 3.282564e+01  1.135759e-02 
 3.282604e+01  1.024046e-02 
 3.282643e+01  9.095737e-03 
 3.282683e+01  7.969298e-03 
 3.282723e+01  6.915113e-03 
 3.282763e+01  5.945869e-03 
 3.282802e+01  5.109057e-03 
 3.282842e+01  4.426578e-03 
 3.282882e+01  3.945214e-03 
 3.282922e+01  3.711141e-03 
 3.282962e+01  3.727748e-03 
 3.283001e+01  3.965291e-03 
 3.283041e+01  4.382981e-03 
 3.283081e+01  4.938182e-03 
 3.283121e+01  5.587366e-03 
 3.283160e+01  6.260761e-03 
 3.283200e+01  6.912354e-03 
 3.283240e+01  7.491478e-03 
 3.283280e+01  7.976473e-03 
 3.283319e+01  8.350148e-03 
 3.283359e+01  8.590274e-03 
 3.283399e+01  8.666541e-03 
 3.283439e+01  8.589361e-03 
 3.283479e+01  8.420819e-03 
 3.283518e+01  8.198688e-03 
 3.283558e+01  7.957231e-03 
 3.283598e+01  7.750938e-03 
 3.283638e+01  7.622796e-03 
 3.283677e+01  7.614476e-03 
 3.283717e+01  7.761002e-03 
 3.283757e+01  8.044482e-03 
 3.283797e+01  8.461917e-03 
 3.283836e+01  8.994294e-03 
 3.283876e+01  9.581602e-03 
 3.283916e+01  1.022176e-02 
 3.283956e+01  1.084777e-02 
 3.283996e+01  1.139135e-02 
 3.284035e+01  1.180599e-02 
 3.284075e+01  1.205400e-02 
 3.284115e+01  1.208728e-02 
 3.284155e+01  1.185122e-02 
 3.284194e+01  1.132994e-02 
 3.284234e+01  1.050925e-02 
 3.284274e+01  9.423258e-03 
 3.284314e+01  8.121422e-03 
 3.284353e+01  6.668301e-03 
 3.284393e+01  5.168868e-03 
 3.284433e+01  3.703798e-03 
 3.284473e+01  2.368778e-03 
 3.284513e+01  1.215450e-03 
 3.284552e+01  3.240766e-04 
 3.284592e+01 -2.975232e-04 
 3.284632e+01 -5.987234e-04 
 3.284672e+01 -6.009242e-04 
 3.284711e+01 -2.952557e-04 
 3.284751e+01  2.902831e-04 
 3.284791e+01  1.117401e-03 
 3.284831e+01  2.119272e-03 
 3.284870e+01  3.240794e-03 
 3.284910e+01  4.413819e-03 
 3.284950e+01  5.580529e-03 
 3.284990e+01  6.637309e-03 
 3.285030e+01  7.524714e-03 
 3.285069e+01  8.166986e-03 
 3.285109e+01  8.544991e-03 
 3.285149e+01  8.647881e-03 
 3.285189e+01  8.474703e-03 
 3.285228e+01  8.054477e-03 
 3.285268e+01  7.463513e-03 
 3.285308e+01  6.767888e-03 
 3.285348e+01  6.050142e-03 
 3.285387e+01  5.374987e-03 
 3.285427e+01  4.761776e-03 
 3.285467e+01  4.267836e-03 
 3.285507e+01  3.907643e-03 
 3.285547e+01  3.687447e-03 
 3.285586e+01  3.591738e-03 
 3.285626e+01  3.582639e-03 
 3.285666e+01  3.634060e-03 
 3.285706e+01  3.735970e-03 
 3.285745e+01  3.833497e-03 
 3.285785e+01  3.879035e-03 
 3.285825e+01  3.815631e-03 
 3.285865e+01  3.591661e-03 
 3.285904e+01  3.172131e-03 
 3.285944e+01  2.527834e-03 
 3.285984e+01  1.677531e-03 
 3.286024e+01  6.754745e-04 
 3.286064e+01 -4.044488e-04 
 3.286103e+01 -1.492138e-03 
 3.286143e+01 -2.516595e-03 
 3.286183e+01 -3.420561e-03 
 3.286223e+01 -4.197439e-03 
 3.286262e+01 -4.811601e-03 
 3.286302e+01 -5.240175e-03 
 3.286342e+01 -5.498882e-03 
 3.286382e+01 -5.545597e-03 
 3.286421e+01 -5.368680e-03 
 3.286461e+01 -4.959345e-03 
 3.286501e+01 -4.353632e-03 
 3.286541e+01 -3.598580e-03 
 3.286581e+01 -2.780211e-03 
 3.286620e+01 -1.925363e-03 
 3.286660e+01 -1.094307e-03 
 3.286700e+01 -3.114162e-04 
 3.286740e+01  4.315516e-04 
 3.286779e+01  1.110806e-03 
 3.286819e+01  1.723818e-03 
 3.286859e+01  2.208859e-03 
 3.286899e+01  2.530400e-03 
 3.286938e+01  2.651904e-03 
 3.286978e+01  2.546501e-03 
 3.287018e+01  2.244993e-03 
 3.287058e+01  1.770906e-03 
 3.287098e+01  1.190220e-03 
 3.287137e+01  5.926193e-04 
 3.287177e+01  2.115201e-05 
 3.287217e+01 -5.014073e-04 
 3.287257e+01 -9.550562e-04 
 3.287296e+01 -1.322919e-03 
 3.287336e+01 -1.595338e-03 
 3.287376e+01 -1.774943e-03 
 3.287416e+01 -1.898618e-03 
 3.287455e+01 -1.975834e-03 
 3.287495e+01 -2.023070e-03 
 3.287535e+01 -2.060788e-03 
 3.287575e+01 -2.102559e-03 
 3.287615e+01 -2.152882e-03 
 3.287654e+01 -2.198277e-03 
 3.287694e+01 -2.218345e-03 
 3.287734e+01 -2.203360e-03 
 3.287774e+01 -2.147616e-03 
 3.287813e+01 -2.067494e-03 
 3.287853e+01 -1.963927e-03 
 3.287893e+01 -1.815760e-03 
 3.287933e+01 -1.578879e-03 
 3.287972e+01 -1.251448e-03 
 3.288012e+01 -7.925358e-04 
 3.288052e+01 -1.680623e-04 
 3.288092e+01  6.057619e-04 
 3.288132e+01  1.492941e-03 
 3.288171e+01  2.448720e-03 
 3.288211e+01  3.410315e-03 
 3.288251e+01  4.339137e-03 
 3.288291e+01  5.194737e-03 
 3.288330e+01  5.920144e-03 
 3.288370e+01  6.500859e-03 
 3.288410e+01  6.909773e-03 
 3.288450e+01  7.130512e-03 
 3.288489e+01  7.188681e-03 
 3.288529e+01  7.099444e-03 
 3.288569e+01  6.873033e-03 
 3.288609e+01  6.590022e-03 
 3.288649e+01  6.294672e-03 
 3.288688e+01  6.047067e-03 
 3.288728e+01  5.859880e-03 
 3.288768e+01  5.719745e-03 
 3.288808e+01  5.650731e-03 
 3.288847e+01  5.646408e-03 
 3.288887e+01  5.720945e-03 
 3.288927e+01  5.858199e-03 
 3.288967e+01  6.035922e-03 
 3.289006e+01  6.196913e-03 
 3.289046e+01  6.299479e-03 
 3.289086e+01  6.325266e-03 
 3.289126e+01  6.247199e-03 
 3.289166e+01  6.098814e-03 
 3.289205e+01  5.901246e-03 
 3.289245e+01  5.683215e-03 
 3.289285e+01  5.470397e-03 
 3.289325e+01  5.279745e-03 
 3.289364e+01  5.118617e-03 
 3.289404e+01  4.971212e-03 
 3.289444e+01  4.856683e-03 
 3.289484e+01  4.789209e-03 
 3.289523e+01  4.843762e-03 
 3.289563e+01  5.040398e-03 
 3.289603e+01  5.401423e-03 
 3.289643e+01  5.912167e-03 
 3.289683e+01  6.550357e-03 
 3.289722e+01  7.278602e-03 
 3.289762e+01  8.047320e-03 
 3.289802e+01  8.841990e-03 
 3.289842e+01  9.662355e-03 
 3.289881e+01  1.051060e-02 
 3.289921e+01  1.139017e-02 
 3.289961e+01  1.226492e-02 
 3.290001e+01  1.307823e-02 
 3.290040e+01  1.376443e-02 
 3.290080e+01  1.425044e-02 
 3.290120e+01  1.448168e-02 
 3.290160e+01  1.442328e-02 
 3.290200e+01  1.404652e-02 
 3.290239e+01  1.338103e-02 
 3.290279e+01  1.249376e-02 
 3.290319e+01  1.141428e-02 
 3.290359e+01  1.022321e-02 
 3.290398e+01  9.003363e-03 
 3.290438e+01  7.840471e-03 
 3.290478e+01  6.830782e-03 
 3.290518e+01  6.023098e-03 
 3.290557e+01  5.478474e-03 
 3.290597e+01  5.211444e-03 
 3.290637e+01  5.221654e-03 
 3.290677e+01  5.485808e-03 
 3.290717e+01  5.974025e-03 
 3.290756e+01  6.626067e-03 
 3.290796e+01  7.384576e-03 
 3.290836e+01  8.224193e-03 
 3.290876e+01  9.071259e-03 
 3.290915e+01  9.860900e-03 
 3.290955e+01  1.051076e-02 
 3.290995e+01  1.098783e-02 
 3.291035e+01  1.125259e-02 
 3.291074e+01  1.130465e-02 
 3.291114e+01  1.114748e-02 
 3.291154e+01  1.080123e-02 
 3.291194e+01  1.032612e-02 
 3.291234e+01  9.763133e-03 
 3.291273e+01  9.190449e-03 
 3.291313e+01  8.674984e-03 
 3.291353e+01  8.272324e-03 
 3.291393e+01  8.028932e-03 
 3.291432e+01  7.981090e-03 
 3.291472e+01  8.130140e-03 
 3.291512e+01  8.481236e-03 
 3.291552e+01  9.013939e-03 
 3.291591e+01  9.697891e-03 
 3.291631e+01  1.048385e-02 
 3.291671e+01  1.132311e-02 
 3.291711e+01  1.216609e-02 
 3.291751e+01  1.293513e-02 
 3.291790e+01  1.354208e-02 
 3.291830e+01  1.389970e-02 
 3.291870e+01  1.397422e-02 
 3.291910e+01  1.374248e-02 
 3.291949e+01  1.321389e-02 
 3.291989e+01  1.239651e-02 
 3.292029e+01  1.132064e-02 
 3.292069e+01  1.005907e-02 
 3.292108e+01  8.657661e-03 
 3.292148e+01  7.209642e-03 
 3.292188e+01  5.801761e-03 
 3.292228e+01  4.528281e-03 
 3.292268e+01  3.495874e-03 
 3.292307e+01  2.798252e-03 
 3.292347e+01  2.511504e-03 
 3.292387e+01  2.623400e-03 
 3.292427e+01  3.124360e-03 
 3.292466e+01  3.962550e-03 
 3.292506e+01  5.078061e-03 
 3.292546e+01  6.354337e-03 
 3.292586e+01  7.705374e-03 
 3.292626e+01  9.070184e-03 
 3.292665e+01  1.036003e-02 
 3.292705e+01  1.151903e-02 
 3.292745e+01  1.246701e-02 
 3.292785e+01  1.314310e-02 
 3.292824e+01  1.352081e-02 
 3.292864e+01  1.356520e-02 
 3.292904e+01  1.330964e-02 
 3.292944e+01  1.279058e-02 
 3.292983e+01  1.206746e-02 
 3.293023e+01  1.122446e-02 
 3.293063e+01  1.036990e-02 
 3.293103e+01  9.565178e-03 
 3.293143e+01  8.861098e-03 
 3.293182e+01  8.307019e-03 
 3.293222e+01  7.942816e-03 
 3.293262e+01  7.767903e-03 
 3.293302e+01  7.779916e-03 
 3.293341e+01  7.966905e-03 
 3.293381e+01  8.299256e-03 
 3.293421e+01  8.748269e-03 
 3.293461e+01  9.271555e-03 
 3.293500e+01  9.806706e-03 
 3.293540e+01  1.030030e-02 
 3.293580e+01  1.067420e-02 
 3.293620e+01  1.088349e-02 
 3.293660e+01  1.087939e-02 
 3.293699e+01  1.064746e-02 
 3.293739e+01  1.019264e-02 
 3.293779e+01  9.532211e-03 
 3.293819e+01  8.707592e-03 
 3.293858e+01  7.758681e-03 
 3.293898e+01  6.735717e-03 
 3.293938e+01  5.696781e-03 
 3.293978e+01  4.692107e-03 
 3.294017e+01  3.784757e-03 
 3.294057e+01  3.044348e-03 
 3.294097e+01  2.566196e-03 
 3.294137e+01  2.389336e-03 
 3.294177e+01  2.511243e-03 
 3.294216e+01  2.894776e-03 
 3.294256e+01  3.501957e-03 
 3.294296e+01  4.291271e-03 
 3.294336e+01  5.197674e-03 
 3.294375e+01  6.170863e-03 
 3.294415e+01  7.146477e-03 
 3.294455e+01  8.055641e-03 
 3.294495e+01  8.841487e-03 
 3.294534e+01  9.427398e-03 
 3.294574e+01  9.752899e-03 
 3.294614e+01  9.753035e-03 
 3.294654e+01  9.418449e-03 
 3.294694e+01  8.786376e-03 
 3.294733e+01  7.891702e-03 
 3.294773e+01  6.770319e-03 
 3.294813e+01  5.510447e-03 
 3.294853e+01  4.193117e-03 
 3.294892e+01  2.873822e-03 
 3.294932e+01  1.648864e-03 
 3.294972e+01  6.033042e-04 
 3.295012e+01 -1.986799e-04 
 3.295051e+01 -7.075048e-04 
 3.295091e+01 -9.344100e-04 
 3.295131e+01 -8.943464e-04 
 3.295171e+01 -6.765495e-04 
 3.295211e+01 -3.594142e-04 
 3.295250e+01 -1.496656e-05 
 3.295290e+01  2.847872e-04 
 3.295330e+01  5.048998e-04 
 3.295370e+01  5.905884e-04 
 3.295409e+01  5.864973e-04 
 3.295449e+01  4.739094e-04 
 3.295489e+01  2.599846e-04 
 3.295529e+01 -4.138268e-05 
 3.295568e+01 -4.124700e-04 
 3.295608e+01 -8.161545e-04 
 3.295648e+01 -1.238921e-03 
 3.295688e+01 -1.641357e-03 
 3.295728e+01 -1.997021e-03 
 3.295767e+01 -2.285638e-03 
 3.295807e+01 -2.471820e-03 
 3.295847e+01 -2.538569e-03 
 3.295887e+01 -2.464438e-03 
 3.295926e+01 -2.259758e-03 
 3.295966e+01 -1.912493e-03 
 3.296006e+01 -1.453588e-03 
 3.296046e+01 -8.960605e-04 
 3.296085e+01 -2.507184e-04 
 3.296125e+01  4.625811e-04 
 3.296165e+01  1.221520e-03 
 3.296205e+01  1.980598e-03 
 3.296245e+01  2.684161e-03 
 3.296284e+01  3.255852e-03 
 3.296324e+01  3.653247e-03 
 3.296364e+01  3.792200e-03 
 3.296404e+01  3.625994e-03 
 3.296443e+01  3.197928e-03 
 3.296483e+01  2.562283e-03 
 3.296523e+01  1.794090e-03 
 3.296563e+01  9.587856e-04 
 3.296602e+01  1.252306e-04 
 3.296642e+01 -6.577258e-04 
 3.296682e+01 -1.353726e-03 
 3.296722e+01 -1.929998e-03 
 3.296762e+01 -2.361671e-03 
 3.296801e+01 -2.617913e-03 
 3.296841e+01 -2.667678e-03 
 3.296881e+01 -2.487459e-03 
 3.296921e+01 -2.084838e-03 
 3.296960e+01 -1.534437e-03 
 3.297000e+01 -9.221781e-04 
 3.297040e+01 -3.172215e-04 
 3.297080e+01  2.081831e-04 
 3.297119e+01  5.879454e-04 
 3.297159e+01  7.997466e-04 
 3.297199e+01  8.684209e-04 
 3.297239e+01  8.013717e-04 
 3.297279e+01  6.325594e-04 
 3.297318e+01  4.125630e-04 
 3.297358e+01  1.778150e-04 
 3.297398e+01 -2.517888e-06 
 3.297438e+01 -7.665046e-05 
 3.297477e+01  9.367600e-07 
 3.297517e+01  2.454882e-04 
 3.297557e+01  6.359192e-04 
 3.297597e+01  1.169232e-03 
 3.297636e+01  1.811147e-03 
 3.297676e+01  2.502114e-03 
 3.297716e+01  3.189538e-03 
 3.297756e+01  3.843602e-03 
 3.297796e+01  4.427079e-03 
 3.297835e+01  4.946005e-03 
 3.297875e+01  5.358846e-03 
 3.297915e+01  5.618428e-03 
 3.297955e+01  5.718190e-03 
 3.297994e+01  5.642532e-03 
 3.298034e+01  5.402380e-03 
 3.298074e+01  5.032389e-03 
 3.298114e+01  4.571585e-03 
 3.298153e+01  4.054673e-03 
 3.298193e+01  3.546076e-03 
 3.298233e+01  3.103135e-03 
 3.298273e+01  2.750372e-03 
 3.298313e+01  2.543692e-03 
 3.298352e+01  2.501936e-03 
 3.298392e+01  2.638414e-03 
 3.298432e+01  2.963248e-03 
 3.298472e+01  3.475222e-03 
 3.298511e+01  4.155092e-03 
 3.298551e+01  4.944989e-03 
 3.298591e+01  5.773432e-03 
 3.298631e+01  6.551341e-03 
 3.298670e+01  7.239182e-03 
 3.298710e+01  7.794625e-03 
 3.298750e+01  8.166652e-03 
 3.298790e+01  8.345309e-03 
 3.298830e+01  8.369447e-03 
 3.298869e+01  8.272226e-03 
 3.298909e+01  8.091366e-03 
 3.298949e+01  7.885764e-03 
 3.298989e+01  7.675088e-03 
 3.299028e+01  7.479708e-03 
 3.299068e+01  7.326574e-03 
 3.299108e+01  7.238697e-03 
 3.299148e+01  7.204521e-03 
 3.299187e+01  7.212015e-03 
 3.299227e+01  7.302250e-03 
 3.299267e+01  7.496649e-03 
 3.299307e+01  7.804254e-03 
 3.299347e+01  8.222951e-03 
 3.299386e+01  8.711498e-03 
 3.299426e+01  9.239106e-03 
 3.299466e+01  9.724584e-03 
 3.299506e+01  1.008906e-02 
 3.299545e+01  1.026109e-02 
 3.299585e+01  1.021039e-02 
 3.299625e+01  9.937156e-03 
 3.299665e+01  9.464974e-03 
 3.299704e+01  8.832662e-03 
 3.299744e+01  8.063679e-03 
 3.299784e+01  7.152820e-03 
 3.299824e+01  6.160096e-03 
 3.299864e+01  5.117192e-03 
 3.299903e+01  4.087874e-03 
 3.299943e+01  3.177132e-03 
 3.299983e+01  2.476806e-03 
 3.300023e+01  2.061319e-03 
 3.300062e+01  1.984426e-03 
 3.300102e+01  2.235000e-03 
 3.300142e+01  2.767082e-03 
 3.300182e+01  3.551598e-03 
 3.300221e+01  4.543765e-03 
 3.300261e+01  5.665091e-03 
 3.300301e+01  6.869641e-03 
 3.300341e+01  8.089084e-03 
 3.300381e+01  9.242032e-03 
 3.300420e+01  1.024663e-02 
 3.300460e+01  1.105408e-02 
 3.300500e+01  1.157672e-02 
 3.300540e+01  1.179529e-02 
 3.300579e+01  1.172936e-02 
 3.300619e+01  1.139146e-02 
 3.300659e+01  1.083533e-02 
 3.300699e+01  1.013091e-02 
 3.300738e+01  9.331002e-03 
 3.300778e+01  8.491353e-03 
 3.300818e+01  7.654246e-03 
 3.300858e+01  6.899238e-03 
 3.300898e+01  6.273550e-03 
 3.300937e+01  5.837721e-03 
 3.300977e+01  5.608234e-03 
 3.301017e+01  5.603323e-03 
 3.301057e+01  5.843078e-03 
 3.301096e+01  6.316150e-03 
 3.301136e+01  6.985417e-03 
 3.301176e+01  7.825569e-03 
 3.301216e+01  8.778946e-03 
 3.301255e+01  9.766309e-03 
 3.301295e+01  1.072623e-02 
 3.301335e+01  1.156328e-02 
 3.301375e+01  1.214422e-02 
 3.301415e+01  1.240264e-02 
 3.301454e+01  1.229952e-02 
 3.301494e+01  1.183413e-02 
 3.301534e+01  1.102242e-02 
 3.301574e+01  9.960478e-03 
 3.301613e+01  8.752347e-03 
 3.301653e+01  7.512967e-03 
 3.301693e+01  6.371353e-03 
 3.301733e+01  5.427326e-03 
 3.301773e+01  4.744489e-03 
 3.301812e+01  4.393871e-03 
 3.301852e+01  4.395138e-03 
 3.301892e+01  4.733524e-03 
 3.301932e+01  5.398521e-03 
 3.301971e+01  6.368394e-03 
 3.302011e+01  7.590959e-03 
 3.302051e+01  9.006688e-03 
 3.302091e+01  1.053226e-02 
 3.302130e+01  1.204434e-02 
 3.302170e+01  1.342634e-02 
 3.302210e+01  1.458817e-02 
 3.302250e+01  1.542490e-02 
 3.302290e+01  1.586099e-02 
 3.302329e+01  1.588264e-02 
 3.302369e+01  1.549339e-02 
 3.302409e+01  1.474576e-02 
 3.302449e+01  1.369384e-02 
 3.302488e+01  1.238223e-02 
 3.302528e+01  1.090229e-02 
 3.302568e+01  9.326410e-03 
 3.302608e+01  7.738304e-03 
 3.302647e+01  6.234383e-03 
 3.302687e+01  4.908911e-03 
 3.302727e+01  3.871884e-03 
 3.302767e+01  3.207137e-03 
 3.302807e+01  2.992438e-03 
 3.302846e+01  3.232700e-03 
 3.302886e+01  3.900483e-03 
 3.302926e+01  4.925599e-03 
 3.302966e+01  6.203112e-03 
 3.303005e+01  7.600065e-03 
 3.303045e+01  9.002029e-03 
 3.303085e+01  1.031643e-02 
 3.303125e+01  1.142694e-02 
 3.303164e+01  1.224878e-02 
 3.303204e+01  1.273891e-02 
 3.303244e+01  1.286451e-02 
 3.303284e+01  1.263089e-02 
 3.303324e+01  1.204660e-02 
 3.303363e+01  1.116724e-02 
 3.303403e+01  1.006559e-02 
 3.303443e+01  8.862890e-03 
 3.303483e+01  7.682522e-03 
 3.303522e+01  6.615279e-03 
 3.303562e+01  5.749990e-03 
 3.303602e+01  5.155299e-03 
 3.303642e+01  4.874303e-03 
 3.303681e+01  4.924634e-03 
 3.303721e+01  5.283447e-03 
 3.303761e+01  5.901149e-03 
 3.303801e+01  6.730255e-03 
 3.303841e+01  7.718459e-03 
 3.303880e+01  8.782521e-03 
 3.303920e+01  9.823825e-03 
 3.303960e+01  1.073549e-02 
 3.304000e+01  1.142634e-02 
 3.304039e+01  1.180735e-02 
 3.304079e+01  1.183755e-02 
 3.304119e+01  1.146384e-02 
 3.304159e+01  1.071456e-02 
 3.304198e+01  9.653018e-03 
 3.304238e+01  8.348968e-03 
 3.304278e+01  6.893637e-03 
 3.304318e+01  5.374842e-03 
 3.304358e+01  3.874715e-03 
 3.304397e+01  2.497414e-03 
 3.304437e+01  1.339612e-03 
 3.304477e+01  4.481328e-04 
 3.304517e+01 -1.274264e-04 
 3.304556e+01 -3.757016e-04 
 3.304596e+01 -3.373661e-04 
 3.304636e+01 -4.723352e-05 
 3.304676e+01  4.100500e-04 
 3.304715e+01  9.779245e-04 
 3.304755e+01  1.625998e-03 
 3.304795e+01  2.328394e-03 
 3.304835e+01  3.038740e-03 
 3.304875e+01  3.726473e-03 
 3.304914e+01  4.308997e-03 
 3.304954e+01  4.706418e-03 
 3.304994e+01  4.851633e-03 
 3.305034e+01  4.720169e-03 
 3.305073e+01  4.338140e-03 
 3.305113e+01  3.781350e-03 
 3.305153e+01  3.133806e-03 
 3.305193e+01  2.466865e-03 
 3.305232e+01  1.818207e-03 
 3.305272e+01  1.240248e-03 
 3.305312e+01  7.465648e-04 
 3.305352e+01  3.556739e-04 
 3.305392e+01  8.669521e-05 
 3.305431e+01 -2.825215e-05 
 3.305471e+01  1.758931e-05 
 3.305511e+01  2.127426e-04 
 3.305551e+01  5.092010e-04 
 3.305590e+01  8.599277e-04 
 3.305630e+01  1.212031e-03 
 3.305670e+01  1.535343e-03 
 3.305710e+01  1.788046e-03 
 3.305749e+01  1.940847e-03 
 3.305789e+01  1.993023e-03 
 3.305829e+01  1.947186e-03 
 3.305869e+01  1.809342e-03 
 3.305909e+01  1.585433e-03 
 3.305948e+01  1.266804e-03 
 3.305988e+01  8.730166e-04 
 3.306028e+01  4.490380e-04 
 3.306068e+01  2.539646e-05 
 3.306107e+01 -3.750800e-04 
 3.306147e+01 -7.045122e-04 
 3.306187e+01 -9.172124e-04 
 3.306227e+01 -9.694192e-04 
 3.306266e+01 -8.311908e-04 
 3.306306e+01 -4.941829e-04 
 3.306346e+01  4.905794e-06 
 3.306386e+01  6.391280e-04 
 3.306426e+01  1.347026e-03 
 3.306465e+01  2.036921e-03 
 3.306505e+01  2.632931e-03 
 3.306545e+01  3.079434e-03 
 3.306585e+01  3.340221e-03 
 3.306624e+01  3.431724e-03 
 3.306664e+01  3.378607e-03 
 3.306704e+01  3.182885e-03 
 3.306744e+01  2.882114e-03 
 3.306783e+01  2.510303e-03 
 3.306823e+01  2.066913e-03 
 3.306863e+01  1.582047e-03 
 3.306903e+01  1.075865e-03 
 3.306943e+01  5.895356e-04 
 3.306982e+01  1.821077e-04 
 3.307022e+01 -8.717420e-05 
 3.307062e+01 -1.948480e-04 
 3.307102e+01 -1.254876e-04 
 3.307141e+01  1.143918e-04 
 3.307181e+01  5.170384e-04 
 3.307221e+01  1.049201e-03 
 3.307261e+01  1.691079e-03 
 3.307300e+01  2.411600e-03 
 3.307340e+01  3.154683e-03 
 3.307380e+01  3.852916e-03 
 3.307420e+01  4.447690e-03 
 3.307460e+01  4.879027e-03 
 3.307499e+01  5.090068e-03 
 3.307539e+01  5.077831e-03 
 3.307579e+01  4.820257e-03 
 3.307619e+01  4.367884e-03 
 3.307658e+01  3.797978e-03 
 3.307698e+01  3.134735e-03 
 3.307738e+01  2.437266e-03 
 3.307778e+01  1.778475e-03 
 3.307817e+01  1.235356e-03 
 3.307857e+01  8.634751e-04 
 3.307897e+01  7.238465e-04 
 3.307937e+01  8.686236e-04 
 3.307977e+01  1.298239e-03 
 3.308016e+01  1.995243e-03 
 3.308056e+01  2.921147e-03 
 3.308096e+01  3.971597e-03 
 3.308136e+01  5.032779e-03 
 3.308175e+01  6.041928e-03 
 3.308215e+01  6.927034e-03 
 3.308255e+01  7.637568e-03 
 3.308295e+01  8.129616e-03 
 3.308334e+01  8.311737e-03 
 3.308374e+01  8.180216e-03 
 3.308414e+01  7.738990e-03 
 3.308454e+01  7.007794e-03 
 3.308494e+01  6.051075e-03 
 3.308533e+01  4.932795e-03 
 3.308573e+01  3.771549e-03 
 3.308613e+01  2.667458e-03 
 3.308653e+01  1.727062e-03 
 3.308692e+01  1.018607e-03 
 3.308732e+01  5.726440e-04 
 3.308772e+01  4.039202e-04 
 3.308812e+01  5.276492e-04 
 3.308851e+01  9.116732e-04 
 3.308891e+01  1.534228e-03 
 3.308931e+01  2.338957e-03 
 3.308971e+01  3.268715e-03 
 3.309011e+01  4.280269e-03 
 3.309050e+01  5.302846e-03 
 3.309090e+01  6.282323e-03 
 3.309130e+01  7.144121e-03 
 3.309170e+01  7.832645e-03 
 3.309209e+01  8.285259e-03 
 3.309249e+01  8.456185e-03 
 3.309289e+01  8.326806e-03 
 3.309329e+01  7.916690e-03 
 3.309368e+01  7.263372e-03 
 3.309408e+01  6.469249e-03 
 3.309448e+01  5.628798e-03 
 3.309488e+01  4.816856e-03 
 3.309528e+01  4.124842e-03 
 3.309567e+01  3.600508e-03 
 3.309607e+01  3.286736e-03 
 3.309647e+01  3.239805e-03 
 3.309687e+01  3.492004e-03 
 3.309726e+01  4.043160e-03 
 3.309766e+01  4.864610e-03 
 3.309806e+01  5.896856e-03 
 3.309846e+01  7.055437e-03 
 3.309885e+01  8.222959e-03 
 3.309925e+01  9.266814e-03 
 3.309965e+01  1.007948e-02 
 3.310005e+01  1.060594e-02 
 3.310045e+01  1.081463e-02 
 3.310084e+01  1.069424e-02 
 3.310124e+01  1.024435e-02 
 3.310164e+01  9.499748e-03 
 3.310204e+01  8.495541e-03 
 3.310243e+01  7.319748e-03 
 3.310283e+01  6.046818e-03 
 3.310323e+01  4.771473e-03 
 3.310363e+01  3.572266e-03 
 3.310402e+01  2.565608e-03 
 3.310442e+01  1.823807e-03 
 3.310482e+01  1.411208e-03 
 3.310522e+01  1.353402e-03 
 3.310562e+01  1.668712e-03 
 3.310601e+01  2.352939e-03 
 3.310641e+01  3.384123e-03 
 3.310681e+01  4.681613e-03 
 3.310721e+01  6.165597e-03 
 3.310760e+01  7.726110e-03 
 3.310800e+01  9.256277e-03 
 3.310840e+01  1.063341e-02 
 3.310880e+01  1.177206e-02 
 3.310920e+01  1.261260e-02 
 3.310959e+01  1.310977e-02 
 3.310999e+01  1.326495e-02 
 3.311039e+01  1.309414e-02 
 3.311079e+01  1.264654e-02 
 3.311118e+01  1.196876e-02 
 3.311158e+01  1.112694e-02 
 3.311198e+01  1.020961e-02 
 3.311238e+01  9.271992e-03 
 3.311277e+01  8.398477e-03 
 3.311317e+01  7.670342e-03 
 3.311357e+01  7.169362e-03 
 3.311397e+01  6.968333e-03 
 3.311437e+01  7.089374e-03 
 3.311476e+01  7.526779e-03 
 3.311516e+01  8.264100e-03 
 3.311556e+01  9.249560e-03 
 3.311596e+01  1.039226e-02 
 3.311635e+01  1.160359e-02 
 3.311675e+01  1.276550e-02 
 3.311715e+01  1.377984e-02 
 3.311755e+01  1.457215e-02 
 3.311794e+01  1.508630e-02 
 3.311834e+01  1.528291e-02 
 3.311874e+01  1.514879e-02 
 3.311914e+01  1.469410e-02 
 3.311954e+01  1.392758e-02 
 3.311993e+01  1.289697e-02 
 3.312033e+01  1.167275e-02 
 3.312073e+01  1.034019e-02 
 3.312113e+01  9.001718e-03 
 3.312152e+01  7.774372e-03 
 3.312192e+01  6.787118e-03 
 3.312232e+01  6.145791e-03 
 3.312272e+01  5.918169e-03 
 3.312311e+01  6.126894e-03 
 3.312351e+01  6.777564e-03 
 3.312391e+01  7.825403e-03 
 3.312431e+01  9.220960e-03 
 3.312471e+01  1.086755e-02 
 3.312510e+01  1.263783e-02 
 3.312550e+01  1.440530e-02 
 3.312590e+01  1.601357e-02 
 3.312630e+01  1.734275e-02 
 3.312669e+01  1.826093e-02 
 3.312709e+01  1.868092e-02 
 3.312749e+01  1.856729e-02 
 3.312789e+01  1.794772e-02 
 3.312828e+01  1.689209e-02 
 3.312868e+01  1.548890e-02 
 3.312908e+01  1.383495e-02 
 3.312948e+01  1.204390e-02 
 3.312988e+01  1.023218e-02 
 3.313027e+01  8.487492e-03 
 3.313067e+01  6.924724e-03 
 3.313107e+01  5.621117e-03 
 3.313147e+01  4.673541e-03 
 3.313186e+01  4.134160e-03 
 3.313226e+01  4.009123e-03 
 3.313266e+01  4.272390e-03 
 3.313306e+01  4.864981e-03 
 3.313345e+01  5.681009e-03 
 3.313385e+01  6.638230e-03 
 3.313425e+01  7.635780e-03 
 3.313465e+01  8.573454e-03 
 3.313505e+01  9.367047e-03 
 3.313544e+01  9.955059e-03 
 3.313584e+01  1.027627e-02 
 3.313624e+01  1.029363e-02 
 3.313664e+01  9.990060e-03 
 3.313703e+01  9.378066e-03 
 3.313743e+01  8.503269e-03 
 3.313783e+01  7.424776e-03 
 3.313823e+01  6.202502e-03 
 3.313862e+01  4.902278e-03 
 3.313902e+01  3.630558e-03 
 3.313942e+01  2.495312e-03 
 3.313982e+01  1.607427e-03 
 3.314022e+01  1.068265e-03 
 3.314061e+01  9.140045e-04 
 3.314101e+01  1.176805e-03 
 3.314141e+01  1.812982e-03 
 3.314181e+01  2.765833e-03 
 3.314220e+01  3.959265e-03 
 3.314260e+01  5.283313e-03 
 3.314300e+01  6.621478e-03 
 3.314340e+01  7.836525e-03 
 3.314379e+01  8.807550e-03 
 3.314419e+01  9.441979e-03 
 3.314459e+01  9.649955e-03 
 3.314499e+01  9.384517e-03 
 3.314539e+01  8.660238e-03 
 3.314578e+01  7.553523e-03 
 3.314618e+01  6.150280e-03 
 3.314658e+01  4.567031e-03 
 3.314698e+01  2.915743e-03 
 3.314737e+01  1.276618e-03 
 3.314777e+01 -2.400009e-04 
 3.314817e+01 -1.554556e-03 
 3.314857e+01 -2.579102e-03 
 3.314896e+01 -3.259181e-03 
 3.314936e+01 -3.578309e-03 
 3.314976e+01 -3.519486e-03 
 3.315016e+01 -3.124096e-03 
 3.315056e+01 -2.451873e-03 
 3.315095e+01 -1.611003e-03 
 3.315135e+01 -7.033578e-04 
 3.315175e+01  2.116951e-04 
 3.315215e+01  1.056936e-03 
 3.315254e+01  1.770962e-03 
 3.315294e+01  2.303889e-03 
 3.315334e+01  2.617394e-03 
 3.315374e+01  2.680990e-03 
 3.315413e+01  2.497203e-03 
 3.315453e+01  2.098944e-03 
 3.315493e+01  1.540713e-03 
 3.315533e+01  8.993874e-04 
 3.315573e+01  2.550902e-04 
 3.315612e+01 -3.244633e-04 
 3.315652e+01 -7.865409e-04 
 3.315692e+01 -1.113935e-03 
 3.315732e+01 -1.307262e-03 
 3.315771e+01 -1.361648e-03 
 3.315811e+01 -1.290124e-03 
 3.315851e+01 -1.101826e-03 
 3.315891e+01 -7.988096e-04 
 3.315930e+01 -3.974959e-04 
 3.315970e+01  6.938003e-05 
 3.316010e+01  5.552659e-04 
 3.316050e+01  1.006282e-03 
 3.316090e+01  1.369654e-03 
 3.316129e+01  1.603056e-03 
 3.316169e+01  1.673175e-03 
 3.316209e+01  1.547232e-03 
 3.316249e+01  1.208012e-03 
 3.316288e+01  6.704182e-04 
 3.316328e+01 -1.224086e-05 
 3.316368e+01 -8.038420e-04 
 3.316408e+01 -1.633466e-03 
 3.316447e+01 -2.402308e-03 
 3.316487e+01 -3.053036e-03 
 3.316527e+01 -3.509373e-03 
 3.316567e+01 -3.711369e-03 
 3.316607e+01 -3.628124e-03 
 3.316646e+01 -3.247847e-03 
 3.316686e+01 -2.581770e-03 
 3.316726e+01 -1.675025e-03 
 3.316766e+01 -5.648154e-04 
 3.316805e+01  6.937449e-04 
 3.316845e+01  2.001304e-03 
 3.316885e+01  3.263864e-03 
 3.316925e+01  4.399698e-03 
 3.316964e+01  5.331778e-03 
 3.317004e+01  6.026284e-03 
 3.317044e+01  6.469463e-03 
 3.317084e+01  6.670078e-03 
 3.317124e+01  6.646054e-03 
 3.317163e+01  6.409920e-03 
 3.317203e+01  5.995605e-03 
 3.317243e+01  5.416649e-03 
 3.317283e+01  4.704854e-03 
 3.317322e+01  3.931909e-03 
 3.317362e+01  3.210249e-03 
 3.317402e+01  2.619166e-03 
 3.317442e+01  2.264075e-03 
 3.317481e+01  2.150601e-03 
 3.317521e+01  2.301961e-03 
 3.317561e+01  2.699746e-03 
 3.317601e+01  3.246595e-03 
 3.317641e+01  3.863171e-03 
 3.317680e+01  4.470914e-03 
 3.317720e+01  4.974432e-03 
 3.317760e+01  5.316298e-03 
 3.317800e+01  5.437190e-03 
 3.317839e+01  5.305131e-03 
 3.317879e+01  4.905951e-03 
 3.317919e+01  4.248353e-03 
 3.317959e+01  3.399520e-03 
 3.317998e+01  2.413317e-03 
 3.318038e+01  1.359787e-03 
 3.318078e+01  3.255282e-04 
 3.318118e+01 -6.530803e-04 
 3.318158e+01 -1.519902e-03 
 3.318197e+01 -2.221374e-03 
 3.318237e+01 -2.714187e-03 
 3.318277e+01 -2.931323e-03 
 3.318317e+01 -2.795029e-03 
 3.318356e+01 -2.262463e-03 
 3.318396e+01 -1.310103e-03 
 3.318436e+01  2.078200e-05 
 3.318476e+01  1.650179e-03 
 3.318515e+01  3.470385e-03 
 3.318555e+01  5.350361e-03 
 3.318595e+01  7.158389e-03 
 3.318635e+01  8.775998e-03 
 3.318675e+01  1.014247e-02 
 3.318714e+01  1.113882e-02 
 3.318754e+01  1.169750e-02 
 3.318794e+01  1.179157e-02 
 3.318834e+01  1.141538e-02 
 3.318873e+01  1.058651e-02 
 3.318913e+01  9.379809e-03 
 3.318953e+01  7.889216e-03 
 3.318993e+01  6.232259e-03 
 3.319032e+01  4.565988e-03 
 3.319072e+01  3.003134e-03 
 3.319112e+01  1.693895e-03 
 3.319152e+01  7.357098e-04 
 3.319192e+01  2.091992e-04 
 3.319231e+01  1.618293e-04 
 3.319271e+01  5.729187e-04 
 3.319311e+01  1.408165e-03 
 3.319351e+01  2.577591e-03 
 3.319390e+01  3.951958e-03 
 3.319430e+01  5.441462e-03 
 3.319470e+01  6.895925e-03 
 3.319510e+01  8.195673e-03 
 3.319549e+01  9.224357e-03 
 3.319589e+01  9.906169e-03 
 3.319629e+01  1.012833e-02 
 3.319669e+01  9.881910e-03 
 3.319709e+01  9.192464e-03 
 3.319748e+01  8.148579e-03 
 3.319788e+01  6.882359e-03 
 3.319828e+01  5.520227e-03 
 3.319868e+01  4.203589e-03 
 3.319907e+01  3.094461e-03 
 3.319947e+01  2.278653e-03 
 3.319987e+01  1.863196e-03 
 3.320027e+01  1.888222e-03 
 3.320067e+01  2.389721e-03 
 3.320106e+01  3.352099e-03 
 3.320146e+01  4.758032e-03 
 3.320186e+01  6.533336e-03 
 3.320226e+01  8.583215e-03 
 3.320265e+01  1.076597e-02 
 3.320305e+01  1.294937e-02 
 3.320345e+01  1.498625e-02 
 3.320385e+01  1.672225e-02 
 3.320424e+01  1.802935e-02 
 3.320464e+01  1.881656e-02 
 3.320504e+01  1.900831e-02 
 3.320544e+01  1.861964e-02 
 3.320584e+01  1.766067e-02 
 3.320623e+01  1.619906e-02 
 3.320663e+01  1.432744e-02 
 3.320703e+01  1.218209e-02 
 3.320743e+01  9.908244e-03 
 3.320782e+01  7.663278e-03 
 3.320822e+01  5.600646e-03 
 3.320862e+01  3.872381e-03 
 3.320902e+01  2.600067e-03 
 3.320941e+01  1.880313e-03 
 3.320981e+01  1.767990e-03 
 3.321021e+01  2.281850e-03 
 3.321061e+01  3.352151e-03 
 3.321101e+01  4.878359e-03 
 3.321140e+01  6.711597e-03 
 3.321180e+01  8.698924e-03 
 3.321220e+01  1.067736e-02 
 3.321260e+01  1.248039e-02 
 3.321299e+01  1.400238e-02 
 3.321339e+01  1.515504e-02 
 3.321379e+01  1.587473e-02 
 3.321419e+01  1.615817e-02 
 3.321458e+01  1.601515e-02 
 3.321498e+01  1.549425e-02 
 3.321538e+01  1.468354e-02 
 3.321578e+01  1.370625e-02 
 3.321618e+01  1.266523e-02 
 3.321657e+01  1.167230e-02 
 3.321697e+01  1.081820e-02 
 3.321737e+01  1.016969e-02 
 3.321777e+01  9.806103e-03 
 3.321816e+01  9.779082e-03 
 3.321856e+01  1.010057e-02 
 3.321896e+01  1.077774e-02 
 3.321936e+01  1.179339e-02 
 3.321975e+01  1.306576e-02 
 3.322015e+01  1.446925e-02 
 3.322055e+01  1.586433e-02 
 3.322095e+01  1.709456e-02 
 3.322135e+01  1.805364e-02 
 3.322174e+01  1.863668e-02 
 3.322214e+01  1.879891e-02 
 3.322254e+01  1.853943e-02 
 3.322294e+01  1.783616e-02 
 3.322333e+01  1.673549e-02 
 3.322373e+01  1.525893e-02 
 3.322413e+01  1.346292e-02 
 3.322453e+01  1.142987e-02 
 3.322492e+01  9.289261e-03 
 3.322532e+01  7.184972e-03 
 3.322572e+01  5.270729e-03 
 3.322612e+01  3.679392e-03 
 3.322652e+01  2.496162e-03 
 3.322691e+01  1.793985e-03 
 3.322731e+01  1.572818e-03 
 3.322771e+01  1.824553e-03 
 3.322811e+01  2.505961e-03 
 3.322850e+01  3.535361e-03 
 3.322890e+01  4.869914e-03 
 3.322930e+01  6.396577e-03 
 3.322970e+01  8.019821e-03 
 3.323009e+01  9.617816e-03 
 3.323049e+01  1.105997e-02 
 3.323089e+01  1.225566e-02 
 3.323129e+01  1.308711e-02 
 3.323169e+01  1.349928e-02 
 3.323208e+01  1.347016e-02 
 3.323248e+01  1.299546e-02 
 3.323288e+01  1.210355e-02 
 3.323328e+01  1.086069e-02 
 3.323367e+01  9.361923e-03 
 3.323407e+01  7.736766e-03 
 3.323447e+01  6.131091e-03 
 3.323487e+01  4.672402e-03 
 3.323526e+01  3.487827e-03 
 3.323566e+01  2.656202e-03 
 3.323606e+01  2.219575e-03 
 3.323646e+01  2.173803e-03 
 3.323686e+01  2.476147e-03 
 3.323725e+01  3.061744e-03 
 3.323765e+01  3.823092e-03 
 3.323805e+01  4.658549e-03 
 3.323845e+01  5.442829e-03 
 3.323884e+01  6.049237e-03 
 3.323924e+01  6.385576e-03 
 3.323964e+01  6.371907e-03 
 3.324004e+01  5.983651e-03 
 3.324043e+01  5.232548e-03 
 3.324083e+01  4.133064e-03 
 3.324123e+01  2.778394e-03 
 3.324163e+01  1.259167e-03 
 3.324203e+01 -3.280150e-04 
 3.324242e+01 -1.894792e-03 
 3.324282e+01 -3.334164e-03 
 3.324322e+01 -4.521618e-03 
 3.324362e+01 -5.361647e-03 
 3.324401e+01 -5.766217e-03 
 3.324441e+01 -5.677780e-03 
 3.324481e+01 -5.069760e-03 
 3.324521e+01 -4.019633e-03 
 3.324560e+01 -2.573218e-03 
 3.324600e+01 -8.689125e-04 
 3.324640e+01  9.690198e-04 
 3.324680e+01  2.839104e-03 
 3.324720e+01  4.608176e-03 
 3.324759e+01  6.169679e-03 
 3.324799e+01  7.425272e-03 
 3.324839e+01  8.295273e-03 
 3.324879e+01  8.722778e-03 
 3.324918e+01  8.693937e-03 
 3.324958e+01  8.242912e-03 
 3.324998e+01  7.397100e-03 
 3.325038e+01  6.242914e-03 
 3.325077e+01  4.874202e-03 
 3.325117e+01  3.388533e-03 
 3.325157e+01  1.884825e-03 
 3.325197e+01  4.408255e-04 
 3.325237e+01 -8.456371e-04 
 3.325276e+01 -1.876322e-03 
 3.325316e+01 -2.561580e-03 
 3.325356e+01 -2.870044e-03 
 3.325396e+01 -2.789151e-03 
 3.325435e+01 -2.352428e-03 
 3.325475e+01 -1.655795e-03 
 3.325515e+01 -8.258329e-04 
 3.325555e+01  4.471477e-05 
 3.325594e+01  8.383944e-04 
 3.325634e+01  1.447635e-03 
 3.325674e+01  1.822808e-03 
 3.325714e+01  1.931023e-03 
 3.325754e+01  1.771302e-03 
 3.325793e+01  1.361823e-03 
 3.325833e+01  7.298747e-04 
 3.325873e+01 -8.668031e-05 
 3.325913e+01 -9.885958e-04 
 3.325952e+01 -1.872413e-03 
 3.325992e+01 -2.626606e-03 
 3.326032e+01 -3.149825e-03 
 3.326072e+01 -3.351131e-03 
 3.326111e+01 -3.167713e-03 
 3.326151e+01 -2.584890e-03 
 3.326191e+01 -1.583668e-03 
 3.326231e+01 -2.267314e-04 
 3.326271e+01  1.372179e-03 
 3.326310e+01  3.109927e-03 
 3.326350e+01  4.875376e-03 
 3.326390e+01  6.566255e-03 
 3.326430e+01  8.078687e-03 
 3.326469e+01  9.326855e-03 
 3.326509e+01  1.021155e-02 
 3.326549e+01  1.069283e-02 
 3.326589e+01  1.071569e-02 
 3.326628e+01  1.025898e-02 
 3.326668e+01  9.370500e-03 
 3.326708e+01  8.127008e-03 
 3.326748e+01  6.595528e-03 
 3.326788e+01  4.921232e-03 
 3.326827e+01  3.254824e-03 
 3.326867e+01  1.671557e-03 
 3.326907e+01  3.181049e-04 
 3.326947e+01 -7.389755e-04 
 3.326986e+01 -1.472440e-03 
 3.327026e+01 -1.859981e-03 
 3.327066e+01 -1.878044e-03 
 3.327106e+01 -1.576591e-03 
 3.327145e+01 -9.793487e-04 
 3.327185e+01 -1.555466e-04 
 3.327225e+01  7.960986e-04 
 3.327265e+01  1.794556e-03 
 3.327305e+01  2.740600e-03 
 3.327344e+01  3.545087e-03 
 3.327384e+01  4.103367e-03 
 3.327424e+01  4.357193e-03 
 3.327464e+01  4.320663e-03 
 3.327503e+01  3.988032e-03 
 3.327543e+01  3.427848e-03 
 3.327583e+01  2.689494e-03 
 3.327623e+01  1.874827e-03 
 3.327662e+01  1.099642e-03 
 3.327702e+01  4.498411e-04 
 3.327742e+01  3.747858e-05 
 3.327782e+01 -5.567746e-05 
 3.327822e+01  2.235830e-04 
 3.327861e+01  8.750524e-04 
 3.327901e+01  1.899564e-03 
 3.327941e+01  3.242067e-03 
 3.327981e+01  4.790113e-03 
 3.328020e+01  6.436210e-03 
 3.328060e+01  8.057931e-03 
 3.328100e+01  9.507361e-03 
 3.328140e+01  1.071969e-02 
 3.328179e+01  1.158574e-02 
 3.328219e+01  1.203295e-02 
 3.328259e+01  1.198146e-02 
 3.328299e+01  1.141983e-02 
 3.328339e+01  1.034704e-02 
 3.328378e+01  8.812217e-03 
 3.328418e+01  6.911741e-03 
 3.328458e+01  4.733956e-03 
 3.328498e+01  2.418604e-03 
 3.328537e+01  1.266011e-04 
 3.328577e+01 -1.970569e-03 
 3.328617e+01 -3.745650e-03 
 3.328657e+01 -5.111264e-03 
 3.328696e+01 -5.975661e-03 
 3.328736e+01 -6.280707e-03 
 3.328776e+01 -5.995968e-03 
 3.328816e+01 -5.128002e-03 
 3.328856e+01 -3.761214e-03 
 3.328895e+01 -1.987665e-03 
 3.328935e+01  2.552464e-05 
 3.328975e+01  2.101351e-03 
 3.329015e+01  4.088230e-03 
 3.329054e+01  5.859587e-03 
 3.329094e+01  7.283227e-03 
 3.329134e+01  8.317740e-03 
 3.329174e+01  8.927868e-03 
 3.329214e+01  9.100766e-03 
 3.329253e+01  8.866112e-03 
 3.329293e+01  8.256649e-03 
 3.329333e+01  7.313495e-03 
 3.329373e+01  6.114258e-03 
 3.329412e+01  4.779250e-03 
 3.329452e+01  3.437163e-03 
 3.329492e+01  2.290455e-03 
 3.329532e+01  1.484441e-03 
 3.329571e+01  1.131791e-03 
 3.329611e+01  1.321647e-03 
 3.329651e+01  2.084213e-03 
 3.329691e+01  3.379374e-03 
 3.329731e+01  5.112129e-03 
 3.329770e+01  7.126696e-03 
 3.329810e+01  9.255140e-03 
 3.329850e+01  1.130221e-02 
 3.329890e+01  1.311422e-02 
 3.329929e+01  1.455015e-02 
 3.329969e+01  1.549370e-02 
 3.330009e+01  1.586657e-02 
 3.330049e+01  1.560059e-02 
 3.330088e+01  1.469444e-02 
 3.330128e+01  1.320421e-02 
 3.330168e+01  1.121099e-02 
 3.330208e+01  8.839421e-03 
 3.330248e+01  6.274216e-03 
 3.330287e+01  3.710851e-03 
 3.330327e+01  1.360319e-03 
 3.330367e+01 -5.601361e-04 
 3.330407e+01 -1.892466e-03 
 3.330446e+01 -2.550300e-03 
 3.330486e+01 -2.469039e-03 
 3.330526e+01 -1.610245e-03 
 3.330566e+01 -3.529604e-05 
 3.330605e+01  2.161966e-03 
 3.330645e+01  4.816079e-03 
 3.330685e+01  7.737527e-03 
 3.330725e+01  1.072929e-02 
 3.330765e+01  1.361383e-02 
 3.330804e+01  1.618123e-02 
 3.330844e+01  1.825104e-02 
 3.330884e+01  1.972151e-02 
 3.330924e+01  2.052906e-02 
 3.330963e+01  2.064676e-02 
 3.331003e+01  2.013358e-02 
 3.331043e+01  1.905509e-02 
 3.331083e+01  1.752958e-02 
 3.331122e+01  1.567692e-02 
 3.331162e+01  1.365839e-02 
 3.331202e+01  1.160418e-02 
 3.331242e+01  9.698279e-03 
 3.331282e+01  8.093345e-03 
 3.331321e+01  6.886519e-03 
 3.331361e+01  6.186587e-03 
 3.331401e+01  6.021397e-03 
 3.331441e+01  6.356962e-03 
 3.331480e+01  7.149627e-03 
 3.331520e+01  8.331182e-03 
 3.331560e+01  9.726056e-03 
 3.331600e+01  1.122012e-02 
 3.331639e+01  1.266926e-02 
 3.331679e+01  1.391400e-02 
 3.331719e+01  1.484234e-02 
 3.331759e+01  1.532471e-02 
 3.331799e+01  1.526088e-02 
 3.331838e+01  1.465131e-02 
 3.331878e+01  1.353950e-02 
 3.331918e+01  1.201893e-02 
 3.331958e+01  1.020064e-02 
 3.331997e+01  8.262267e-03 
 3.332037e+01  6.364528e-03 
 3.332077e+01  4.624985e-03 
 3.332117e+01  3.212302e-03 
 3.332156e+01  2.245413e-03 
 3.332196e+01  1.778062e-03 
 3.332236e+01  1.878798e-03 
 3.332276e+01  2.569056e-03 
 3.332316e+01  3.832925e-03 
 3.332355e+01  5.604837e-03 
 3.332395e+01  7.751221e-03 
 3.332435e+01  1.010670e-02 
 3.332475e+01  1.246700e-02 
 3.332514e+01  1.466801e-02 
 3.332554e+01  1.653245e-02 
 3.332594e+01  1.794877e-02 
 3.332634e+01  1.883409e-02 
 3.332673e+01  1.912741e-02 
 3.332713e+01  1.882848e-02 
 3.332753e+01  1.796921e-02 
 3.332793e+01  1.658980e-02 
 3.332833e+01  1.475738e-02 
 3.332872e+01  1.260712e-02 
 3.332912e+01  1.028184e-02 
 3.332952e+01  7.945190e-03 
 3.332992e+01  5.762929e-03 
 3.333031e+01  3.885965e-03 
 3.333071e+01  2.404461e-03 
 3.333111e+01  1.405420e-03 
 3.333151e+01  9.147140e-04 
 3.333190e+01  8.797054e-04 
 3.333230e+01  1.249367e-03 
 3.333270e+01  1.943877e-03 
 3.333310e+01  2.854683e-03 
 3.333350e+01  3.858541e-03 
 3.333389e+01  4.858393e-03 
 3.333429e+01  5.749869e-03 
 3.333469e+01  6.436350e-03 
 3.333509e+01  6.872286e-03 
 3.333548e+01  6.998803e-03 
 3.333588e+01  6.812030e-03 
 3.333628e+01  6.328959e-03 
 3.333668e+01  5.568126e-03 
 3.333707e+01  4.597202e-03 
 3.333747e+01  3.517269e-03 
 3.333787e+01  2.421855e-03 
 3.333827e+01  1.437536e-03 
 3.333867e+01  6.712375e-04 
 3.333906e+01  2.113388e-04 
 3.333946e+01  1.078743e-04 
 3.333986e+01  3.841853e-04 
 3.334026e+01  1.021862e-03 
 3.334065e+01  1.988183e-03 
 3.334105e+01  3.196081e-03 
 3.334145e+01  4.585295e-03 
 3.334185e+01  6.060494e-03 
 3.334224e+01  7.521607e-03 
 3.334264e+01  8.858814e-03 
 3.334304e+01  9.918205e-03 
 3.334344e+01  1.060029e-02 
 3.334384e+01  1.084460e-02 
 3.334423e+01  1.058392e-02 
 3.334463e+01  9.825076e-03 
 3.334503e+01  8.638349e-03 
 3.334543e+01  7.092566e-03 
 3.334582e+01  5.280794e-03 
 3.334622e+01  3.329251e-03 
 3.334662e+01  1.373278e-03 
 3.334702e+01 -4.592099e-04 
 3.334741e+01 -2.024548e-03 
 3.334781e+01 -3.213365e-03 
 3.334821e+01 -3.943803e-03 
 3.334861e+01 -4.191455e-03 
 3.334901e+01 -3.969753e-03 
 3.334940e+01 -3.331433e-03 
 3.334980e+01 -2.376484e-03 
 3.335020e+01 -1.185848e-03 
 3.335060e+01  1.456965e-04 
 3.335099e+01  1.543593e-03 
 3.335139e+01  2.956903e-03 
 3.335179e+01  4.260172e-03 
 3.335219e+01  5.364450e-03 
 3.335258e+01  6.183433e-03 
 3.335298e+01  6.643533e-03 
 3.335338e+01  6.751861e-03 
 3.335378e+01  6.524376e-03 
 3.335418e+01  6.048682e-03 
 3.335457e+01  5.397646e-03 
 3.335497e+01  4.683248e-03 
 3.335537e+01  4.009491e-03 
 3.335577e+01  3.435140e-03 
 3.335616e+01  3.035382e-03 
 3.335656e+01  2.853730e-03 
 3.335696e+01  2.931152e-03 
 3.335736e+01  3.293425e-03 
 3.335775e+01  3.942039e-03 
 3.335815e+01  4.850145e-03 
 3.335855e+01  5.947236e-03 
 3.335895e+01  7.120004e-03 
 3.335935e+01  8.267682e-03 
 3.335974e+01  9.234002e-03 
 3.336014e+01  9.913896e-03 
 3.336054e+01  1.021742e-02 
 3.336094e+01  1.009318e-02 
 3.336133e+01  9.522417e-03 
 3.336173e+01  8.523120e-03 
 3.336213e+01  7.110280e-03 
 3.336253e+01  5.347573e-03 
 3.336292e+01  3.327859e-03 
 3.336332e+01  1.169948e-03 
 3.336372e+01 -9.713319e-04 
 3.336412e+01 -2.919206e-03 
 3.336452e+01 -4.540339e-03 
 3.336491e+01 -5.696401e-03 
 3.336531e+01 -6.297126e-03 
 3.336571e+01 -6.293402e-03 
 3.336611e+01 -5.691276e-03 
 3.336650e+01 -4.564312e-03 
 3.336690e+01 -3.034843e-03 
 3.336730e+01 -1.246684e-03 
 3.336770e+01  6.128793e-04 
 3.336809e+01  2.366926e-03 
 3.336849e+01  3.869801e-03 
 3.336889e+01  4.988015e-03 
 3.336929e+01  5.684655e-03 
 3.336969e+01  5.931248e-03 
 3.337008e+01  5.762740e-03 
 3.337048e+01  5.208810e-03 
 3.337088e+01  4.315014e-03 
 3.337128e+01  3.184625e-03 
 3.337167e+01  1.951403e-03 
 3.337207e+01  7.063577e-04 
 3.337247e+01 -4.280976e-04 
 3.337287e+01 -1.318521e-03 
 3.337326e+01 -1.869188e-03 
 3.337366e+01 -2.006163e-03 
 3.337406e+01 -1.693578e-03 
 3.337446e+01 -9.685507e-04 
 3.337486e+01  1.115219e-04 
 3.337525e+01  1.421913e-03 
 3.337565e+01  2.859278e-03 
 3.337605e+01  4.266732e-03 
 3.337645e+01  5.505133e-03 
 3.337684e+01  6.449330e-03 
 3.337724e+01  6.984617e-03 
 3.337764e+01  7.064260e-03 
 3.337804e+01  6.642267e-03 
 3.337843e+01  5.741730e-03 
 3.337883e+01  4.401283e-03 
 3.337923e+01  2.713358e-03 
 3.337963e+01  7.957192e-04 
 3.338003e+01 -1.225633e-03 
 3.338042e+01 -3.188491e-03 
 3.338082e+01 -4.965228e-03 
 3.338122e+01 -6.432338e-03 
 3.338162e+01 -7.470400e-03 
 3.338201e+01 -7.991816e-03 
 3.338241e+01 -7.946720e-03 
 3.338281e+01 -7.298326e-03 
 3.338321e+01 -6.065605e-03 
 3.338361e+01 -4.321274e-03 
 3.338400e+01 -2.169467e-03 
 3.338440e+01  2.324014e-04 
 3.338480e+01  2.732751e-03 
 3.338520e+01  5.167806e-03 
 3.338559e+01  7.371546e-03 
 3.338599e+01  9.199125e-03 
 3.338639e+01  1.054466e-02 
 3.338679e+01  1.129434e-02 
 3.338718e+01  1.136287e-02 
 3.338758e+01  1.076531e-02 
 3.338798e+01  9.533430e-03 
 3.338838e+01  7.767595e-03 
 3.338878e+01  5.631696e-03 
 3.338917e+01  3.341779e-03 
 3.338957e+01  1.110692e-03 
 3.338997e+01 -8.704372e-04 
 3.339037e+01 -2.423194e-03 
 3.339076e+01 -3.428819e-03 
 3.339116e+01 -3.824084e-03 
 3.339156e+01 -3.602402e-03 
 3.339196e+01 -2.782993e-03 
 3.339235e+01 -1.434023e-03 
 3.339275e+01  3.515594e-04 
 3.339315e+01  2.452737e-03 
 3.339355e+01  4.722172e-03 
 3.339395e+01  6.968053e-03 
 3.339434e+01  8.993270e-03 
 3.339474e+01  1.063025e-02 
 3.339514e+01  1.176672e-02 
 3.339554e+01  1.229778e-02 
 3.339593e+01  1.218365e-02 
 3.339633e+01  1.145939e-02 
 3.339673e+01  1.021466e-02 
 3.339713e+01  8.583744e-03 
 3.339752e+01  6.720375e-03 
 3.339792e+01  4.758721e-03 
 3.339832e+01  2.903304e-03 
 3.339872e+01  1.314030e-03 
 3.339912e+01  1.780296e-04 
 3.339951e+01 -3.670813e-04 
 3.339991e+01 -2.514134e-04 
 3.340031e+01  5.740551e-04 
 3.340071e+01  2.084389e-03 
 3.340110e+01  4.208923e-03 
 3.340150e+01  6.795151e-03 
 3.340190e+01  9.675716e-03 
 3.340230e+01  1.263370e-02 
 3.340269e+01  1.549804e-02 
 3.340309e+01  1.809363e-02 
 3.340349e+01  2.024955e-02 
 3.340389e+01  2.184402e-02 
 3.340429e+01  2.277681e-02 
 3.340468e+01  2.298312e-02 
 3.340508e+01  2.246413e-02 
 3.340548e+01  2.126402e-02 
 3.340588e+01  1.946058e-02 
 3.340627e+01  1.715603e-02 
 3.340667e+01  1.450369e-02 
 3.340707e+01  1.168841e-02 
 3.340747e+01  8.916865e-03 
 3.340786e+01  6.407874e-03 
 3.340826e+01  4.355578e-03 
 3.340866e+01  2.926508e-03 
 3.340906e+01  2.203619e-03 
 3.340946e+01  2.257361e-03 
 3.340985e+01  3.084211e-03 
 3.341025e+01  4.582066e-03 
 3.341065e+01  6.610486e-03 
 3.341105e+01  8.980724e-03 
 3.341144e+01  1.150372e-02 
 3.341184e+01  1.398183e-02 
 3.341224e+01  1.621683e-02 
 3.341264e+01  1.803897e-02 
 3.341303e+01  1.930900e-02 
 3.341343e+01  1.991486e-02 
 3.341383e+01  1.982344e-02 
 3.341423e+01  1.906047e-02 
 3.341463e+01  1.769531e-02 
 3.341502e+01  1.586112e-02 
 3.341542e+01  1.373366e-02 
 3.341582e+01  1.150378e-02 
 3.341622e+01  9.345412e-03 
 3.341661e+01  7.440741e-03 
 3.341701e+01  5.962726e-03 
 3.341741e+01  5.030676e-03 
 3.341781e+01  4.711028e-03 
 3.341820e+01  5.015116e-03 
 3.341860e+01  5.901807e-03 
 3.341900e+01  7.284059e-03 
 3.341940e+01  9.015941e-03 
 3.341980e+01  1.093287e-02 
 3.342019e+01  1.285503e-02 
 3.342059e+01  1.464528e-02 
 3.342099e+01  1.616879e-02 
 3.342139e+01  1.729952e-02 
 3.342178e+01  1.793095e-02 
 3.342218e+01  1.796616e-02 
 3.342258e+01  1.734402e-02 
 3.342298e+01  1.609696e-02 
 3.342337e+01  1.426598e-02 
 3.342377e+01  1.199602e-02 
 3.342417e+01  9.463263e-03 
 3.342457e+01  6.873099e-03 
 3.342497e+01  4.433947e-03 
 3.342536e+01  2.325817e-03 
 3.342576e+01  6.594434e-04 
 3.342616e+01 -4.573425e-04 
 3.342656e+01 -9.871386e-04 
 3.342695e+01 -9.183325e-04 
 3.342735e+01 -2.458207e-04 
 3.342775e+01  9.851618e-04 
 3.342815e+01  2.685831e-03 
 3.342854e+01  4.697701e-03 
 3.342894e+01  6.857236e-03 
 3.342934e+01  8.986092e-03 
 3.342974e+01  1.086874e-02 
 3.343014e+01  1.236312e-02 
 3.343053e+01  1.334821e-02 
 3.343093e+01  1.377510e-02 
 3.343133e+01  1.365526e-02 
 3.343173e+01  1.305257e-02 
 3.343212e+01  1.205363e-02 
 3.343252e+01  1.073992e-02 
 3.343292e+01  9.232751e-03 
 3.343332e+01  7.667353e-03 
 3.343371e+01  6.183598e-03 
 3.343411e+01  4.902996e-03 
 3.343451e+01  3.917647e-03 
 3.343491e+01  3.299037e-03 
 3.343531e+01  3.077666e-03 
 3.343570e+01  3.234381e-03 
 3.343610e+01  3.726734e-03 
 3.343650e+01  4.489871e-03 
 3.343690e+01  5.422488e-03 
 3.343729e+01  6.401285e-03 
 3.343769e+01  7.301334e-03 
 3.343809e+01  8.002369e-03 
 3.343849e+01  8.387961e-03 
 3.343888e+01  8.395418e-03 
 3.343928e+01  8.004759e-03 
 3.343968e+01  7.221494e-03 
 3.344008e+01  6.094873e-03 
 3.344048e+01  4.721966e-03 
 3.344087e+01  3.219543e-03 
 3.344127e+01  1.685192e-03 
 3.344167e+01  2.142720e-04 
 3.344207e+01 -1.107295e-03 
 3.344246e+01 -2.186716e-03 
 3.344286e+01 -2.920801e-03 
 3.344326e+01 -3.265053e-03 
 3.344366e+01 -3.169814e-03 
 3.344405e+01 -2.616789e-03 
 3.344445e+01 -1.658008e-03 
 3.344485e+01 -3.744214e-04 
 3.344525e+01  1.149494e-03 
 3.344565e+01  2.782361e-03 
 3.344604e+01  4.394543e-03 
 3.344644e+01  5.896267e-03 
 3.344684e+01  7.188761e-03 
 3.344724e+01  8.185593e-03 
 3.344763e+01  8.831864e-03 
 3.344803e+01  9.086682e-03 
 3.344843e+01  8.948391e-03 
 3.344883e+01  8.451427e-03 
 3.344922e+01  7.637234e-03 
 3.344962e+01  6.587387e-03 
 3.345002e+01  5.396728e-03 
 3.345042e+01  4.136410e-03 
 3.345082e+01  2.893567e-03 
 3.345121e+01  1.771113e-03 
 3.345161e+01  8.613958e-04 
 3.345201e+01  2.518338e-04 
 3.345241e+01 -7.504352e-06 
 3.345280e+01  1.341330e-04 
 3.345320e+01  6.315648e-04 
 3.345360e+01  1.416961e-03 
 3.345400e+01  2.404086e-03 
 3.345439e+01  3.438839e-03 
 3.345479e+01  4.397340e-03 
 3.345519e+01  5.193104e-03 
 3.345559e+01  5.745903e-03 
 3.345599e+01  5.985746e-03 
 3.345638e+01  5.864990e-03 
 3.345678e+01  5.325041e-03 
 3.345718e+01  4.374352e-03 
 3.345758e+01  3.043411e-03 
 3.345797e+01  1.406205e-03 
 3.345837e+01 -3.998918e-04 
 3.345877e+01 -2.217304e-03 
 3.345917e+01 -3.861615e-03 
 3.345956e+01 -5.183056e-03 
 3.345996e+01 -6.034031e-03 
 3.346036e+01 -6.352711e-03 
 3.346076e+01 -6.118273e-03 
 3.346116e+01 -5.346373e-03 
 3.346155e+01 -4.099182e-03 
 3.346195e+01 -2.478458e-03 
 3.346235e+01 -6.087868e-04 
 3.346275e+01  1.395763e-03 
 3.346314e+01  3.396704e-03 
 3.346354e+01  5.231631e-03 
 3.346394e+01  6.769135e-03 
 3.346434e+01  7.877686e-03 
 3.346473e+01  8.467488e-03 
 3.346513e+01  8.488365e-03 
 3.346553e+01  7.911939e-03 
 3.346593e+01  6.777800e-03 
 3.346633e+01  5.182059e-03 
 3.346672e+01  3.257568e-03 
 3.346712e+01  1.149892e-03 
 3.346752e+01 -9.474835e-04 
 3.346792e+01 -2.874018e-03 
 3.346831e+01 -4.507969e-03 
 3.346871e+01 -5.719791e-03 
 3.346911e+01 -6.439571e-03 
 3.346951e+01 -6.615592e-03 
 3.346990e+01 -6.258682e-03 
 3.347030e+01 -5.412672e-03 
 3.347070e+01 -4.169351e-03 
 3.347110e+01 -2.648547e-03 
 3.347150e+01 -9.666010e-04 
 3.347189e+01  7.435978e-04 
 3.347229e+01  2.337055e-03 
 3.347269e+01  3.659114e-03 
 3.347309e+01  4.616384e-03 
 3.347348e+01  5.121824e-03 
 3.347388e+01  5.095794e-03 
 3.347428e+01  4.538587e-03 
 3.347468e+01  3.479066e-03 
 3.347508e+01  2.010619e-03 
 3.347547e+01  2.778281e-04 
 3.347587e+01 -1.556009e-03 
 3.347627e+01 -3.301960e-03 
 3.347667e+01 -4.813326e-03 
 3.347706e+01 -5.930543e-03 
 3.347746e+01 -6.525259e-03 
 3.347786e+01 -6.512953e-03 
 3.347826e+01 -5.891893e-03 
 3.347865e+01 -4.671935e-03 
 3.347905e+01 -2.904199e-03 
 3.347945e+01 -7.031610e-04 
 3.347985e+01  1.765185e-03 
 3.348025e+01  4.316864e-03 
 3.348064e+01  6.753569e-03 
 3.348104e+01  8.869982e-03 
 3.348144e+01  1.049411e-02 
 3.348184e+01  1.150311e-02 
 3.348223e+01  1.181644e-02 
 3.348263e+01  1.141929e-02 
 3.348303e+01  1.035615e-02 
 3.348343e+01  8.727908e-03 
 3.348382e+01  6.651748e-03 
 3.348422e+01  4.307161e-03 
 3.348462e+01  1.875012e-03 
 3.348502e+01 -4.325826e-04 
 3.348542e+01 -2.413666e-03 
 3.348581e+01 -3.918713e-03 
 3.348621e+01 -4.799868e-03 
 3.348661e+01 -4.949531e-03 
 3.348701e+01 -4.331570e-03 
 3.348740e+01 -2.956450e-03 
 3.348780e+01 -9.233628e-04 
 3.348820e+01  1.619026e-03 
 3.348860e+01  4.478256e-03 
 3.348899e+01  7.406880e-03 
 3.348939e+01  1.018773e-02 
 3.348979e+01  1.261077e-02 
 3.349019e+01  1.450602e-02 
 3.349059e+01  1.576290e-02 
 3.349098e+01  1.630731e-02 
 3.349138e+01  1.616928e-02 
 3.349178e+01  1.540156e-02 
 3.349218e+01  1.407727e-02 
 3.349257e+01  1.233236e-02 
 3.349297e+01  1.030618e-02 
 3.349337e+01  8.154172e-03 
 3.349377e+01  6.070122e-03 
 3.349416e+01  4.255655e-03 
 3.349456e+01  2.898425e-03 
 3.349496e+01  2.133663e-03 
 3.349536e+01  2.085225e-03 
 3.349576e+01  2.748662e-03 
 3.349615e+01  4.047340e-03 
 3.349655e+01  5.886452e-03 
 3.349695e+01  8.094723e-03 
 3.349735e+01  1.048827e-02 
 3.349774e+01  1.290133e-02 
 3.349814e+01  1.514055e-02 
 3.349854e+01  1.703118e-02 
 3.349894e+01  1.840600e-02 
 3.349933e+01  1.915107e-02 
 3.349973e+01  1.919190e-02 
 3.350013e+01  1.849494e-02 
 3.350053e+01  1.713231e-02 
 3.350093e+01  1.522444e-02 
 3.350132e+01  1.295535e-02 
 3.350172e+01  1.048218e-02 
 3.350212e+01  7.977623e-03 
 3.350252e+01  5.614744e-03 
 3.350291e+01  3.573475e-03 
 3.350331e+01  2.007297e-03 
 3.350371e+01  1.046980e-03 
 3.350411e+01  8.145654e-04 
 3.350450e+01  1.329947e-03 
 3.350490e+01  2.558098e-03 
 3.350530e+01  4.435181e-03 
 3.350570e+01  6.798566e-03 
 3.350610e+01  9.470904e-03 
 3.350649e+01  1.227230e-02 
 3.350689e+01  1.501513e-02 
 3.350729e+01  1.752765e-02 
 3.350769e+01  1.964572e-02 
 3.350808e+01  2.119532e-02 
 3.350848e+01  2.207714e-02 
 3.350888e+01  2.220942e-02 
 3.350928e+01  2.157589e-02 
 3.350967e+01  2.022836e-02 
 3.351007e+01  1.827211e-02 
 3.351047e+01  1.590722e-02 
 3.351087e+01  1.328871e-02 
 3.351127e+01  1.061964e-02 
 3.351166e+01  8.093262e-03 
 3.351206e+01  5.877030e-03 
 3.351246e+01  4.125718e-03 
 3.351286e+01  2.959523e-03 
 3.351325e+01  2.452482e-03 
 3.351365e+01  2.619804e-03 
 3.351405e+01  3.424020e-03 
 3.351445e+01  4.783732e-03 
 3.351484e+01  6.562361e-03 
 3.351524e+01  8.611279e-03 
 3.351564e+01  1.074073e-02 
 3.351604e+01  1.275936e-02 
 3.351644e+01  1.451349e-02 
 3.351683e+01  1.583689e-02 
 3.351723e+01  1.659917e-02 
 3.351763e+01  1.672639e-02 
 3.351803e+01  1.615747e-02 
 3.351842e+01  1.492493e-02 
 3.351882e+01  1.312976e-02 
 3.351922e+01  1.095046e-02 
 3.351962e+01  8.522406e-03 
 3.352001e+01  6.050477e-03 
 3.352041e+01  3.708613e-03 
 3.352081e+01  1.692996e-03 
 3.352121e+01  1.675610e-04 
 3.352161e+01 -7.283086e-04 
 3.352200e+01 -9.344118e-04 
 3.352240e+01 -4.400995e-04 
 3.352280e+01  7.434736e-04 
 3.352320e+01  2.515031e-03 
 3.352359e+01  4.700633e-03 
 3.352399e+01  7.081555e-03 
 3.352439e+01  9.435606e-03 
 3.352479e+01  1.157497e-02 
 3.352518e+01  1.333984e-02 
 3.352558e+01  1.462567e-02 
 3.352598e+01  1.531631e-02 
 3.352638e+01  1.536363e-02 
 3.352678e+01  1.476325e-02 
 3.352717e+01  1.353394e-02 
 3.352757e+01  1.175930e-02 
 3.352797e+01  9.579581e-03 
 3.352837e+01  7.151986e-03 
 3.352876e+01  4.694092e-03 
 3.352916e+01  2.404961e-03 
 3.352956e+01  4.630945e-04 
 3.352996e+01 -1.009941e-03 
 3.353035e+01 -1.935327e-03 
 3.353075e+01 -2.262188e-03 
 3.353115e+01 -2.003348e-03 
 3.353155e+01 -1.214521e-03 
 3.353195e+01  2.733482e-05 
 3.353234e+01  1.615067e-03 
 3.353274e+01  3.420956e-03 
 3.353314e+01  5.268078e-03 
 3.353354e+01  6.993040e-03 
 3.353393e+01  8.446622e-03 
 3.353433e+01  9.528961e-03 
 3.353473e+01  1.014668e-02 
 3.353513e+01  1.028370e-02 
 3.353552e+01  9.965901e-03 
 3.353592e+01  9.231984e-03 
 3.353632e+01  8.166262e-03 
 3.353672e+01  6.899306e-03 
 3.353712e+01  5.540918e-03 
 3.353751e+01  4.230814e-03 
 3.353791e+01  3.085280e-03 
 3.353831e+01  2.223623e-03 
 3.353871e+01  1.749472e-03 
 3.353910e+01  1.726315e-03 
 3.353950e+01  2.159730e-03 
 3.353990e+01  2.997963e-03 
 3.354030e+01  4.164844e-03 
 3.354069e+01  5.565437e-03 
 3.354109e+01  7.073317e-03 
 3.354149e+01  8.550338e-03 
 3.354189e+01  9.850657e-03 
 3.354229e+01  1.083510e-02 
 3.354268e+01  1.140981e-02 
 3.354308e+01  1.152452e-02 
 3.354348e+01  1.114796e-02 
 3.354388e+01  1.027525e-02 
 3.354427e+01  8.980877e-03 
 3.354467e+01  7.369540e-03 
 3.354507e+01  5.577854e-03 
 3.354547e+01  3.754230e-03 
 3.354586e+01  2.008643e-03 
 3.354626e+01  4.695265e-04 
 3.354666e+01 -7.315564e-04 
 3.354706e+01 -1.501009e-03 
 3.354746e+01 -1.786482e-03 
 3.354785e+01 -1.578223e-03 
 3.354825e+01 -9.253393e-04 
 3.354865e+01  1.120461e-04 
 3.354905e+01  1.443766e-03 
 3.354944e+01  2.918995e-03 
 3.354984e+01  4.407501e-03 
 3.355024e+01  5.767952e-03 
 3.355064e+01  6.890702e-03 
 3.355103e+01  7.667100e-03 
 3.355143e+01  8.023364e-03 
 3.355183e+01  7.904737e-03 
 3.355223e+01  7.309427e-03 
 3.355263e+01  6.284622e-03 
 3.355302e+01  4.928284e-03 
 3.355342e+01  3.357596e-03 
 3.355382e+01  1.675427e-03 
 3.355422e+01  3.537489e-05 
 3.355461e+01 -1.416731e-03 
 3.355501e+01 -2.566335e-03 
 3.355541e+01 -3.321706e-03 
 3.355581e+01 -3.617582e-03 
 3.355620e+01 -3.417919e-03 
 3.355660e+01 -2.707992e-03 
 3.355700e+01 -1.554793e-03 
 3.355740e+01 -2.248345e-05 
 3.355780e+01  1.734022e-03 
 3.355819e+01  3.548817e-03 
 3.355859e+01  5.243484e-03 
 3.355899e+01  6.671336e-03 
 3.355939e+01  7.690897e-03 
 3.355978e+01  8.214590e-03 
 3.356018e+01  8.218901e-03 
 3.356058e+01  7.676599e-03 
 3.356098e+01  6.676765e-03 
 3.356137e+01  5.262319e-03 
 3.356177e+01  3.519206e-03 
 3.356217e+01  1.568503e-03 
 3.356257e+01 -4.707919e-04 
 3.356297e+01 -2.408926e-03 
 3.356336e+01 -4.109686e-03 
 3.356376e+01 -5.410278e-03 
 3.356416e+01 -6.193401e-03 
 3.356456e+01 -6.365736e-03 
 3.356495e+01 -5.892429e-03 
 3.356535e+01 -4.802425e-03 
 3.356575e+01 -3.206895e-03 
 3.356615e+01 -1.246480e-03 
 3.356655e+01  9.364812e-04 
 3.356694e+01  3.178156e-03 
 3.356734e+01  5.303697e-03 
 3.356774e+01  7.149225e-03 
 3.356814e+01  8.542363e-03 
 3.356853e+01  9.386297e-03 
 3.356893e+01  9.607685e-03 
 3.356933e+01  9.170317e-03 
 3.356973e+01  8.106075e-03 
 3.357012e+01  6.492032e-03 
 3.357052e+01  4.466823e-03 
 3.357092e+01  2.204422e-03 
 3.357132e+01 -1.275142e-04 
 3.357172e+01 -2.355357e-03 
 3.357211e+01 -4.318628e-03 
 3.357251e+01 -5.872849e-03 
 3.357291e+01 -6.910547e-03 
 3.357331e+01 -7.360605e-03 
 3.357370e+01 -7.189735e-03 
 3.357410e+01 -6.421560e-03 
 3.357450e+01 -5.104033e-03 
 3.357490e+01 -3.329451e-03 
 3.357529e+01 -1.237268e-03 
 3.357569e+01  9.958453e-04 
 3.357609e+01  3.204215e-03 
 3.357649e+01  5.222949e-03 
 3.357689e+01  6.880882e-03 
 3.357728e+01  8.039995e-03 
 3.357768e+01  8.582211e-03 
 3.357808e+01  8.458256e-03 
 3.357848e+01  7.665518e-03 
 3.357887e+01  6.270867e-03 
 3.357927e+01  4.406429e-03 
 3.357967e+01  2.246190e-03 
 3.358007e+01  1.509112e-05 
 3.358046e+01 -2.069498e-03 
 3.358086e+01 -3.819758e-03 
 3.358126e+01 -5.052605e-03 
 3.358166e+01 -5.658168e-03 
 3.358206e+01 -5.572885e-03 
 3.358245e+01 -4.779981e-03 
 3.358285e+01 -3.312101e-03 
 3.358325e+01 -1.245587e-03 
 3.358365e+01  1.291240e-03 
 3.358404e+01  4.118301e-03 
 3.358444e+01  7.053277e-03 
 3.358484e+01  9.893100e-03 
 3.358524e+01  1.240697e-02 
 3.358563e+01  1.440045e-02 
 3.358603e+01  1.569679e-02 
 3.358643e+01  1.620663e-02 
 3.358683e+01  1.590233e-02 
 3.358723e+01  1.482355e-02 
 3.358762e+01  1.306893e-02 
 3.358802e+01  1.078373e-02 
 3.358842e+01  8.169544e-03 
 3.358882e+01  5.472224e-03 
 3.358921e+01  2.912290e-03 
 3.358961e+01  7.032712e-04 
 3.359001e+01 -9.723148e-04 
 3.359041e+01 -1.983184e-03 
 3.359080e+01 -2.230462e-03 
 3.359120e+01 -1.711330e-03 
 3.359160e+01 -4.603001e-04 
 3.359200e+01  1.400938e-03 
 3.359240e+01  3.723624e-03 
 3.359279e+01  6.320646e-03 
 3.359319e+01  8.971880e-03 
 3.359359e+01  1.143636e-02 
 3.359399e+01  1.349693e-02 
 3.359438e+01  1.499865e-02 
 3.359478e+01  1.583601e-02 
 3.359518e+01  1.595364e-02 
 3.359558e+01  1.538823e-02 
 3.359597e+01  1.420382e-02 
 3.359637e+01  1.250919e-02 
 3.359677e+01  1.045613e-02 
 3.359717e+01  8.172279e-03 
 3.359757e+01  5.816612e-03 
 3.359796e+01  3.570672e-03 
 3.359836e+01  1.640605e-03 
 3.359876e+01  2.283401e-04 
 3.359916e+01 -5.354782e-04 
 3.359955e+01 -5.674104e-04 
 3.359995e+01  1.298648e-04 
 3.360035e+01  1.489834e-03 
 3.360075e+01  3.406317e-03 
 3.360114e+01  5.724554e-03 
 3.360154e+01  8.257836e-03 
 3.360194e+01  1.081070e-02 
 3.360234e+01  1.319268e-02 
 3.360274e+01  1.522791e-02 
 3.360313e+01  1.675559e-02 
 3.360353e+01  1.763753e-02 
 3.360393e+01  1.778596e-02 
 3.360433e+01  1.716645e-02 
 3.360472e+01  1.581284e-02 
 3.360512e+01  1.382300e-02 
 3.360552e+01  1.133469e-02 
 3.360592e+01  8.522806e-03 
 3.360631e+01  5.590414e-03 
 3.360671e+01  2.752807e-03 
 3.360711e+01  2.483743e-04 
 3.360751e+01 -1.731167e-03 
 3.360791e+01 -3.004565e-03 
 3.360830e+01 -3.456392e-03 
 3.360870e+01 -3.016355e-03 
 3.360910e+01 -1.721963e-03 
 3.360950e+01  2.958256e-04 
 3.360989e+01  2.829386e-03 
 3.361029e+01  5.654206e-03 
 3.361069e+01  8.555487e-03 
 3.361109e+01  1.131759e-02 
 3.361148e+01  1.374405e-02 
 3.361188e+01  1.566957e-02 
 3.361228e+01  1.696388e-02 
 3.361268e+01  1.753389e-02 
 3.361308e+01  1.735255e-02 
 3.361347e+01  1.644491e-02 
 3.361387e+01  1.488070e-02 
 3.361427e+01  1.280036e-02 
 3.361467e+01  1.039872e-02 
 3.361506e+01  7.866267e-03 
 3.361546e+01  5.410774e-03 
 3.361586e+01  3.210588e-03 
 3.361626e+01  1.445270e-03 
 3.361665e+01  2.664432e-04 
 3.361705e+01 -2.710313e-04 
 3.361745e+01 -1.303655e-04 
 3.361785e+01  6.587573e-04 
 3.361825e+01  2.031766e-03 
 3.361864e+01  3.865430e-03 
 3.361904e+01  6.005852e-03 
 3.361944e+01  8.263889e-03 
 3.361984e+01  1.042312e-02 
 3.362023e+01  1.230769e-02 
 3.362063e+01  1.377769e-02 
 3.362103e+01  1.469952e-02 
 3.362143e+01  1.498126e-02 
 3.362182e+01  1.458579e-02 
 3.362222e+01  1.353699e-02 
 3.362262e+01  1.191460e-02 
 3.362302e+01  9.857023e-03 
 3.362342e+01  7.534502e-03 
 3.362381e+01  5.133756e-03 
 3.362421e+01  2.844893e-03 
 3.362461e+01  8.491803e-04 
 3.362501e+01 -7.315423e-04 
 3.362540e+01 -1.781431e-03 
 3.362580e+01 -2.252577e-03 
 3.362620e+01 -2.110859e-03 
 3.362660e+01 -1.343762e-03 
 3.362699e+01  7.030632e-06 
 3.362739e+01  1.845448e-03 
 3.362779e+01  4.023458e-03 
 3.362819e+01  6.364348e-03 
 3.362859e+01  8.662390e-03 
 3.362898e+01  1.076163e-02 
 3.362938e+01  1.248520e-02 
 3.362978e+01  1.371797e-02 
 3.363018e+01  1.437723e-02 
 3.363057e+01  1.443857e-02 
 3.363097e+01  1.391993e-02 
 3.363137e+01  1.286403e-02 
 3.363177e+01  1.135468e-02 
 3.363216e+01  9.502546e-03 
 3.363256e+01  7.482996e-03 
 3.363296e+01  5.466406e-03 
 3.363336e+01  3.627144e-03 
 3.363376e+01  2.129865e-03 
 3.363415e+01  1.096353e-03 
 3.363455e+01  5.924871e-04 
 3.363495e+01  6.284574e-04 
 3.363535e+01  1.162473e-03 
 3.363574e+01  2.124563e-03 
 3.363614e+01  3.402486e-03 
 3.363654e+01  4.877766e-03 
 3.363694e+01  6.409016e-03 
 3.363733e+01  7.828085e-03 
 3.363773e+01  8.979338e-03 
 3.363813e+01  9.748896e-03 
 3.363853e+01  1.006587e-02 
 3.363893e+01  9.907063e-03 
 3.363932e+01  9.276499e-03 
 3.363972e+01  8.256179e-03 
 3.364012e+01  6.955467e-03 
 3.364052e+01  5.483458e-03 
 3.364091e+01  3.965205e-03 
 3.364131e+01  2.523411e-03 
 3.364171e+01  1.279887e-03 
 3.364211e+01  3.525201e-04 
 3.364250e+01 -1.727195e-04 
 3.364290e+01 -2.376000e-04 
 3.364330e+01  1.389369e-04 
 3.364370e+01  9.167394e-04 
 3.364410e+01  2.039502e-03 
 3.364449e+01  3.436155e-03 
 3.364489e+01  4.988786e-03 
 3.364529e+01  6.558864e-03 
 3.364569e+01  7.999353e-03 
 3.364608e+01  9.187003e-03 
 3.364648e+01  9.953406e-03 
 3.364688e+01  1.025351e-02 
 3.364728e+01  1.005240e-02 
 3.364767e+01  9.285467e-03 
 3.364807e+01  8.006648e-03 
 3.364847e+01  6.279585e-03 
 3.364887e+01  4.198362e-03 
 3.364927e+01  1.950243e-03 
 3.364966e+01 -3.230784e-04 
 3.365006e+01 -2.398086e-03 
 3.365046e+01 -4.114514e-03 
 3.365086e+01 -5.354170e-03 
 3.365125e+01 -6.032292e-03 
 3.365165e+01 -6.133328e-03 
 3.365205e+01 -5.667854e-03 
 3.365245e+01 -4.716039e-03 
 3.365284e+01 -3.371095e-03 
 3.365324e+01 -1.772208e-03 
 3.365364e+01 -1.165376e-04 
 3.365404e+01  1.444211e-03 
 3.365444e+01  2.755955e-03 
 3.365483e+01  3.714751e-03 
 3.365523e+01  4.212389e-03 
 3.365563e+01  4.190475e-03 
 3.365603e+01  3.633449e-03 
 3.365642e+01  2.569323e-03 
 3.365682e+01  1.099974e-03 
 3.365722e+01 -6.431320e-04 
 3.365762e+01 -2.499326e-03 
 3.365801e+01 -4.302524e-03 
 3.365841e+01 -5.895693e-03 
 3.365881e+01 -7.136425e-03 
 3.365921e+01 -7.912527e-03 
 3.365961e+01 -8.126395e-03 
 3.366000e+01 -7.736276e-03 
 3.366040e+01 -6.713320e-03 
 3.366080e+01 -5.137289e-03 
 3.366120e+01 -3.131279e-03 
 3.366159e+01 -8.692385e-04 
 3.366199e+01  1.498059e-03 
 3.366239e+01  3.788759e-03 
 3.366279e+01  5.805266e-03 
 3.366319e+01  7.391754e-03 
 3.366358e+01  8.412298e-03 
 3.366398e+01  8.766644e-03 
 3.366438e+01  8.420292e-03 
 3.366478e+01  7.441479e-03 
 3.366517e+01  5.892321e-03 
 3.366557e+01  3.875533e-03 
 3.366597e+01  1.543199e-03 
 3.366637e+01 -9.567070e-04 
 3.366676e+01 -3.456529e-03 
 3.366716e+01 -5.792382e-03 
 3.366756e+01 -7.792907e-03 
 3.366796e+01 -9.265947e-03 
 3.366836e+01 -1.010348e-02 
 3.366875e+01 -1.024153e-02 
 3.366915e+01 -9.626965e-03 
 3.366955e+01 -8.297234e-03 
 3.366995e+01 -6.361556e-03 
 3.367034e+01 -3.964449e-03 
 3.367074e+01 -1.270254e-03 
 3.367114e+01  1.484845e-03 
 3.367154e+01  4.083990e-03 
 3.367193e+01  6.340883e-03 
 3.367233e+01  8.099059e-03 
 3.367273e+01  9.274928e-03 
 3.367313e+01  9.774139e-03 
 3.367353e+01  9.596286e-03 
 3.367392e+01  8.778326e-03 
 3.367432e+01  7.380994e-03 
 3.367472e+01  5.539750e-03 
 3.367512e+01  3.431702e-03 
 3.367551e+01  1.242990e-03 
 3.367591e+01 -8.140968e-04 
 3.367631e+01 -2.542390e-03 
 3.367671e+01 -3.770496e-03 
 3.367710e+01 -4.379472e-03 
 3.367750e+01 -4.304726e-03 
 3.367790e+01 -3.506931e-03 
 3.367830e+01 -1.975615e-03 
 3.367870e+01  1.806293e-04 
 3.367909e+01  2.811900e-03 
 3.367949e+01  5.681193e-03 
 3.367989e+01  8.526135e-03 
 3.368029e+01  1.112082e-02 
 3.368068e+01  1.327029e-02 
 3.368108e+01  1.480431e-02 
 3.368148e+01  1.562566e-02 
 3.368188e+01  1.564830e-02 
 3.368227e+01  1.491210e-02 
 3.368267e+01  1.348517e-02 
 3.368307e+01  1.148934e-02 
 3.368347e+01  9.099373e-03 
 3.368387e+01  6.528597e-03 
 3.368426e+01  4.020851e-03 
 3.368466e+01  1.768591e-03 
 3.368506e+01 -2.162839e-05 
 3.368546e+01 -1.182778e-03 
 3.368585e+01 -1.618165e-03 
 3.368625e+01 -1.302550e-03 
 3.368665e+01 -2.417993e-04 
 3.368705e+01  1.492450e-03 
 3.368744e+01  3.764618e-03 
 3.368784e+01  6.421049e-03 
 3.368824e+01  9.325615e-03 
 3.368864e+01  1.229314e-02 
 3.368904e+01  1.512076e-02 
 3.368943e+01  1.757501e-02 
 3.368983e+01  1.947058e-02 
 3.369023e+01  2.067615e-02 
 3.369063e+01  2.109536e-02 
 3.369102e+01  2.072002e-02 
 3.369142e+01  1.963907e-02 
 3.369182e+01  1.794728e-02 
 3.369222e+01  1.578777e-02 
 3.369261e+01  1.336816e-02 
 3.369301e+01  1.090524e-02 
 3.369341e+01  8.594850e-03 
 3.369381e+01  6.640889e-03 
 3.369421e+01  5.195315e-03 
 3.369460e+01  4.357518e-03 
 3.369500e+01  4.175650e-03 
 3.369540e+01  4.639490e-03 
 3.369580e+01  5.720491e-03 
 3.369619e+01  7.381644e-03 
 3.369659e+01  9.500170e-03 
 3.369699e+01  1.190812e-02 
 3.369739e+01  1.439664e-02 
 3.369778e+01  1.673340e-02 
 3.369818e+01  1.872918e-02 
 3.369858e+01  2.022146e-02 
 3.369898e+01  2.105319e-02 
 3.369938e+01  2.111191e-02 
 3.369977e+01  2.037352e-02 
 3.370017e+01  1.889634e-02 
 3.370057e+01  1.679891e-02 
 3.370097e+01  1.427378e-02 
 3.370136e+01  1.149938e-02 
 3.370176e+01  8.730964e-03 
 3.370216e+01  6.143829e-03 
 3.370256e+01  4.011749e-03 
 3.370295e+01  2.528363e-03 
 3.370335e+01  1.835083e-03 
 3.370375e+01  1.975872e-03 
 3.370415e+01  2.963477e-03 
 3.370455e+01  4.718896e-03 
 3.370494e+01  7.107171e-03 
 3.370534e+01  9.900260e-03 
 3.370574e+01  1.287426e-02 
 3.370614e+01  1.581858e-02 
 3.370653e+01  1.853763e-02 
 3.370693e+01  2.080560e-02 
 3.370733e+01  2.248044e-02 
 3.370773e+01  2.342877e-02 
 3.370812e+01  2.354142e-02 
 3.370852e+01  2.282403e-02 
 3.370892e+01  2.134906e-02 
 3.370932e+01  1.922297e-02 
 3.370972e+01  1.659645e-02 
 3.371011e+01  1.364711e-02 
 3.371051e+01  1.058880e-02 
 3.371091e+01  7.642555e-03 
 3.371131e+01  5.012502e-03 
 3.371170e+01  2.912124e-03 
 3.371210e+01  1.506873e-03 
 3.371250e+01  8.895859e-04 
 3.371290e+01  1.081851e-03 
 3.371329e+01  2.033034e-03 
 3.371369e+01  3.664671e-03 
 3.371409e+01  5.769100e-03 
 3.371449e+01  8.147573e-03 
 3.371489e+01  1.058291e-02 
 3.371528e+01  1.284870e-02 
 3.371568e+01  1.475381e-02 
 3.371608e+01  1.616250e-02 
 3.371648e+01  1.700024e-02 
 3.371687e+01  1.718659e-02 
 3.371727e+01  1.670656e-02 
 3.371767e+01  1.560284e-02 
 3.371807e+01  1.394056e-02 
 3.371846e+01  1.188029e-02 
 3.371886e+01  9.614591e-03 
 3.371926e+01  7.358168e-03 
 3.371966e+01  5.298143e-03 
 3.372006e+01  3.602330e-03 
 3.372045e+01  2.437702e-03 
 3.372085e+01  1.904203e-03 
 3.372125e+01  2.020866e-03 
 3.372165e+01  2.766799e-03 
 3.372204e+01  4.086798e-03 
 3.372244e+01  5.869189e-03 
 3.372284e+01  7.964235e-03 
 3.372324e+01  1.017140e-02 
 3.372363e+01  1.231544e-02 
 3.372403e+01  1.421746e-02 
 3.372443e+01  1.572804e-02 
 3.372483e+01  1.674762e-02 
 3.372523e+01  1.717633e-02 
 3.372562e+01  1.690118e-02 
 3.372602e+01  1.588889e-02 
 3.372642e+01  1.421881e-02 
 3.372682e+01  1.199388e-02 
 3.372721e+01  9.381165e-03 
 3.372761e+01  6.576380e-03 
 3.372801e+01  3.756192e-03 
 3.372841e+01  1.140092e-03 
 3.372880e+01 -1.105713e-03 
 3.372920e+01 -2.847824e-03 
 3.372960e+01 -3.991309e-03 
 3.373000e+01 -4.498426e-03 
 3.373040e+01 -4.389999e-03 
 3.373079e+01 -3.680851e-03 
 3.373119e+01 -2.454018e-03 
 3.373159e+01 -8.316482e-04 
 3.373199e+01  9.947388e-04 
 3.373238e+01  2.860208e-03 
 3.373278e+01  4.595667e-03 
 3.373318e+01  6.030267e-03 
 3.373358e+01  7.050683e-03 
 3.373397e+01  7.614451e-03 
 3.373437e+01  7.689875e-03 
 3.373477e+01  7.277298e-03 
 3.373517e+01  6.419349e-03 
 3.373557e+01  5.211330e-03 
 3.373596e+01  3.781151e-03 
 3.373636e+01  2.212804e-03 
 3.373676e+01  6.823401e-04 
 3.373716e+01 -7.038377e-04 
 3.373755e+01 -1.833238e-03 
 3.373795e+01 -2.583316e-03 
 3.373835e+01 -2.925547e-03 
 3.373875e+01 -2.767713e-03 
 3.373914e+01 -2.175513e-03 
 3.373954e+01 -1.217366e-03 
 3.373994e+01  1.292078e-05 
 3.374034e+01  1.370401e-03 
 3.374074e+01  2.742554e-03 
 3.374113e+01  3.932001e-03 
 3.374153e+01  4.809849e-03 
 3.374193e+01  5.210153e-03 
 3.374233e+01  5.033506e-03 
 3.374272e+01  4.273241e-03 
 3.374312e+01  2.926715e-03 
 3.374352e+01  1.074511e-03 
 3.374392e+01 -1.177184e-03 
 3.374431e+01 -3.639453e-03 
 3.374471e+01 -6.186707e-03 
 3.374511e+01 -8.636997e-03 
 3.374551e+01 -1.082757e-02 
 3.374591e+01 -1.262207e-02 
 3.374630e+01 -1.387031e-02 
 3.374670e+01 -1.447054e-02 
 3.374710e+01 -1.439618e-02 
 3.374750e+01 -1.365652e-02 
 3.374789e+01 -1.234728e-02 
 3.374829e+01 -1.057126e-02 
 3.374869e+01 -8.487844e-03 
 3.374909e+01 -6.300685e-03 
 3.374948e+01 -4.215398e-03 
 3.374988e+01 -2.441725e-03 
 3.375028e+01 -1.088521e-03 
 3.375068e+01 -2.384169e-04 
 3.375108e+01  6.661164e-05 
 3.375147e+01 -1.588299e-04 
 3.375187e+01 -8.730153e-04 
 3.375227e+01 -2.018285e-03 
 3.375267e+01 -3.498433e-03 
 3.375306e+01 -5.173213e-03 
 3.375346e+01 -6.894048e-03 
 3.375386e+01 -8.545444e-03 
 3.375426e+01 -9.966386e-03 
 3.375466e+01 -1.101129e-02 
 3.375505e+01 -1.157571e-02 
 3.375545e+01 -1.157972e-02 
 3.375585e+01 -1.102876e-02 
 3.375625e+01 -9.940188e-03 
 3.375664e+01 -8.427778e-03 
 3.375704e+01 -6.658618e-03 
 3.375744e+01 -4.799683e-03 
 3.375784e+01 -2.988019e-03 
 3.375823e+01 -1.395968e-03 
 3.375863e+01 -1.883470e-04 
 3.375903e+01  5.399507e-04 
 3.375943e+01  7.123103e-04 
 3.375983e+01  2.810988e-04 
 3.376022e+01 -7.618550e-04 
 3.376062e+01 -2.320989e-03 
 3.376102e+01 -4.300669e-03 
 3.376142e+01 -6.552950e-03 
 3.376181e+01 -8.919478e-03 
 3.376221e+01 -1.118392e-02 
 3.376261e+01 -1.312811e-02 
 3.376301e+01 -1.461582e-02 
 3.376340e+01 -1.549272e-02 
 3.376380e+01 -1.570324e-02 
 3.376420e+01 -1.515924e-02 
 3.376460e+01 -1.384402e-02 
 3.376500e+01 -1.178338e-02 
 3.376539e+01 -9.119187e-03 
 3.376579e+01 -6.041002e-03 
 3.376619e+01 -2.733604e-03 
 3.376659e+01  5.794997e-04 
 3.376698e+01  3.755705e-03 
 3.376738e+01  6.554269e-03 
 3.376778e+01  8.810390e-03 
 3.376818e+01  1.034745e-02 
 3.376857e+01  1.104061e-02 
 3.376897e+01  1.085310e-02 
 3.376937e+01  9.791236e-03 
 3.376977e+01  8.022862e-03 
 3.377017e+01  5.744613e-03 
 3.377056e+01  3.221654e-03 
 3.377096e+01  6.805095e-04 
 3.377136e+01 -1.684969e-03 
 3.377176e+01 -3.671914e-03 
 3.377215e+01 -5.086216e-03 
 3.377255e+01 -5.788943e-03 
 3.377295e+01 -5.710824e-03 
 3.377335e+01 -4.880338e-03 
 3.377374e+01 -3.395656e-03 
 3.377414e+01 -1.368902e-03 
 3.377454e+01  1.023295e-03 
 3.377494e+01  3.604734e-03 
 3.377534e+01  6.216995e-03 
 3.377573e+01  8.628134e-03 
 3.377613e+01  1.064326e-02 
 3.377653e+01  1.209643e-02 
 3.377693e+01  1.286829e-02 
 3.377732e+01  1.285887e-02 
 3.377772e+01  1.204975e-02 
 3.377812e+01  1.048816e-02 
 3.377852e+01  8.338993e-03 
 3.377891e+01  5.786367e-03 
 3.377931e+01  3.094686e-03 
 3.377971e+01  5.599691e-04 
 3.378011e+01 -1.542825e-03 
 3.378051e+01 -3.010489e-03 
 3.378090e+01 -3.747218e-03 
 3.378130e+01 -3.659455e-03 
 3.378170e+01 -2.758035e-03 
 3.378210e+01 -1.074949e-03 
 3.378249e+01  1.296420e-03 
 3.378289e+01  4.215881e-03 
 3.378329e+01  7.435104e-03 
 3.378369e+01  1.069081e-02 
 3.378408e+01  1.368302e-02 
 3.378448e+01  1.625666e-02 
 3.378488e+01  1.822712e-02 
 3.378528e+01  1.953347e-02 
 3.378568e+01  2.004360e-02 
 3.378607e+01  1.975228e-02 
 3.378647e+01  1.867828e-02 
 3.378687e+01  1.690749e-02 
 3.378727e+01  1.454876e-02 
 3.378766e+01  1.176469e-02 
 3.378806e+01  8.749973e-03 
 3.378846e+01  5.739152e-03 
 3.378886e+01  2.961241e-03 
 3.378925e+01  6.668524e-04 
 3.378965e+01 -9.310292e-04 
 3.379005e+01 -1.652084e-03 
 3.379045e+01 -1.366102e-03 
 3.379085e+01 -1.050005e-04 
 3.379124e+01  2.017723e-03 
 3.379164e+01  4.821514e-03 
 3.379204e+01  8.126321e-03 
 3.379244e+01  1.171927e-02 
 3.379283e+01  1.538965e-02 
 3.379323e+01  1.889032e-02 
 3.379363e+01  2.194267e-02 
 3.379403e+01  2.435440e-02 
 3.379442e+01  2.601648e-02 
 3.379482e+01  2.692261e-02 
 3.379522e+01  2.706721e-02 
 3.379562e+01  2.649398e-02 
 3.379602e+01  2.531125e-02 
 3.379641e+01  2.358687e-02 
 3.379681e+01  2.142613e-02 
 3.379721e+01  1.902711e-02 
 3.379761e+01  1.658496e-02 
 3.379800e+01  1.439153e-02 
 3.379840e+01  1.261919e-02 
 3.379880e+01  1.141824e-02 
 3.379920e+01  1.091480e-02 
 3.379959e+01  1.119321e-02 
 3.379999e+01  1.232648e-02 
 3.380039e+01  1.425241e-02 
 3.380079e+01  1.682684e-02 
 3.380119e+01  1.978144e-02 
 3.380158e+01  2.275464e-02 
 3.380198e+01  2.553051e-02 
 3.380238e+01  2.781117e-02 
 3.380278e+01  2.938769e-02 
 3.380317e+01  3.012305e-02 
 3.380357e+01  2.997129e-02 
 3.380397e+01  2.892224e-02 
 3.380437e+01  2.704779e-02 
 3.380476e+01  2.454227e-02 
 3.380516e+01  2.161655e-02 
 3.380556e+01  1.848713e-02 
 3.380596e+01  1.535885e-02 
 3.380636e+01  1.248119e-02 
 3.380675e+01  1.002079e-02 
 3.380715e+01  8.375621e-03 
 3.380755e+01  7.789594e-03 
 3.380795e+01  7.686995e-03 
 3.380834e+01  8.695070e-03 
 3.380874e+01  1.050352e-02 
 3.380914e+01  1.304515e-02 
 3.380954e+01  1.646436e-02 
 3.380993e+01  1.991103e-02 
 3.381033e+01  2.308341e-02 
 3.381073e+01  2.627596e-02 
 3.381113e+01  2.942774e-02 
 3.381153e+01  3.223210e-02 
 3.381192e+01  3.398996e-02 
 3.381232e+01  3.494076e-02 
 3.381272e+01  3.566458e-02 
 3.381312e+01  3.535377e-02 
 3.381351e+01  3.457424e-02 
 3.381391e+01  3.293149e-02 
 3.381431e+01  3.131133e-02 
 3.381471e+01  2.934928e-02 
 3.381510e+01  2.694954e-02 
 3.381550e+01  2.492127e-02 
 3.381590e+01  2.299080e-02 
 3.381630e+01  2.114361e-02 
 3.381670e+01  1.999598e-02 
 3.381709e+01  1.899012e-02 
 3.381749e+01  1.830660e-02 
 3.381789e+01  1.786130e-02 
 3.381829e+01  1.834458e-02 
 3.381868e+01  1.941700e-02 
 3.381908e+01  2.065102e-02 
 3.381948e+01  2.239486e-02 
 3.381988e+01  2.407486e-02 
 3.382027e+01  2.541815e-02 
 3.382067e+01  2.670955e-02 
 3.382107e+01  2.735708e-02 
 3.382147e+01  2.768406e-02 
 3.382187e+01  2.751878e-02 
 3.382226e+01  2.669981e-02 
 3.382266e+01  2.588994e-02 
 3.382306e+01  2.442398e-02 
 3.382346e+01  2.305108e-02 
 3.382385e+01  2.170357e-02 
 3.382425e+01  2.042437e-02 
 3.382465e+01  1.983102e-02 
 3.382505e+01  1.939489e-02 
 3.382544e+01  1.939070e-02 
 3.382584e+01  1.996950e-02 
 3.382624e+01  2.056487e-02 
 3.382664e+01  2.197874e-02 
 3.382704e+01  2.368201e-02 
 3.382743e+01  2.543611e-02 
 3.382783e+01  2.728979e-02 
 3.382823e+01  2.881583e-02 
 3.382863e+01  3.014020e-02 
 3.382902e+01  3.102706e-02 
 3.382942e+01  3.128333e-02 
 3.382982e+01  3.093052e-02 
 3.383022e+01  2.969587e-02 
 3.383061e+01  2.807677e-02 
 3.383101e+01  2.601625e-02 
 3.383141e+01  2.348177e-02 
 3.383181e+01  2.067454e-02 
 3.383221e+01  1.748327e-02 
 3.383260e+01  1.441683e-02 
 3.383300e+01  1.213980e-02 
 3.383340e+01  1.054538e-02 
 3.383380e+01  9.631646e-03 
 3.383419e+01  9.519689e-03 
 3.383459e+01  9.999549e-03 
 3.383499e+01  1.085657e-02 
 3.383539e+01  1.200889e-02 
 3.383578e+01  1.364374e-02 
 3.383618e+01  1.534903e-02 
 3.383658e+01  1.678434e-02 
 3.383698e+01  1.802440e-02 
 3.383738e+01  1.882828e-02 
 3.383777e+01  1.921587e-02 
 3.383817e+01  1.894157e-02 
 3.383857e+01  1.808230e-02 
 3.383897e+01  1.706951e-02 
 3.383936e+01  1.611407e-02 
 3.383976e+01  1.523300e-02 
 3.384016e+01  1.459680e-02 
 3.384056e+01  1.387320e-02 
 3.384095e+01  1.318138e-02 
 3.384135e+01  1.279984e-02 
 3.384175e+01  1.293665e-02 
 3.384215e+01  1.373136e-02 
 3.384255e+01  1.479095e-02 
 3.384294e+01  1.610269e-02 
 3.384334e+01  1.742966e-02 
 3.384374e+01  1.858687e-02 
 3.384414e+01  1.967311e-02 
 3.384453e+01  2.057565e-02 
 3.384493e+01  2.115947e-02 
 3.384533e+01  2.135676e-02 
 3.384573e+01  2.106216e-02 
 3.384613e+01  2.018760e-02 
 3.384652e+01  1.887717e-02 
 3.384692e+01  1.707779e-02 
 3.384732e+01  1.498604e-02 
 3.384772e+01  1.239739e-02 
 3.384811e+01  9.661955e-03 
 3.384851e+01  7.042624e-03 
 3.384891e+01  4.543568e-03 
 3.384931e+01  2.314556e-03 
 3.384970e+01  2.666980e-04 
 3.385010e+01 -1.669206e-03 
 3.385050e+01 -2.928815e-03 
 3.385090e+01 -3.436307e-03 
 3.385130e+01 -3.301457e-03 
 3.385169e+01 -2.702399e-03 
 3.385209e+01 -1.593004e-03 
 3.385249e+01  4.494070e-05 
 3.385289e+01  2.012870e-03 
 3.385328e+01  4.147817e-03 
 3.385368e+01  6.194972e-03 
 3.385408e+01  8.129587e-03 
 3.385448e+01  9.930023e-03 
 3.385487e+01  1.140743e-02 
 3.385527e+01  1.246279e-02 
 3.385567e+01  1.258315e-02 
 3.385607e+01  1.160590e-02 
 3.385647e+01  9.997929e-03 
 3.385686e+01  8.119883e-03 
 3.385726e+01  6.098107e-03 
 3.385766e+01  4.161107e-03 
 3.385806e+01  2.401996e-03 
 3.385845e+01  7.066147e-04 
 3.385885e+01 -9.592015e-04 
 3.385925e+01 -2.275061e-03 
 3.385965e+01 -3.183659e-03 
 3.386004e+01 -3.685067e-03 
 3.386044e+01 -3.711504e-03 
 3.386084e+01 -3.087869e-03 
 3.386124e+01 -2.045885e-03 
 3.386164e+01 -9.123624e-04 
 3.386203e+01  1.929890e-04 
 3.386243e+01  9.700466e-04 
 3.386283e+01  1.147421e-03 
 3.386323e+01  8.977149e-04 
 3.386362e+01  3.427103e-04 
 3.386402e+01 -4.379112e-04 
 3.386442e+01 -1.732055e-03 
 3.386482e+01 -3.625007e-03 
 3.386521e+01 -6.162604e-03 
 3.386561e+01 -9.341483e-03 
 3.386601e+01 -1.301127e-02 
 3.386641e+01 -1.686087e-02 
 3.386681e+01 -2.056536e-02 
 3.386720e+01 -2.369331e-02 
 3.386760e+01 -2.599154e-02 
 3.386800e+01 -2.706855e-02 
 3.386840e+01 -2.694140e-02 
 3.386879e+01 -2.563983e-02 
 3.386919e+01 -2.318859e-02 
 3.386959e+01 -1.992961e-02 
 3.386999e+01 -1.617484e-02 
 3.387038e+01 -1.208922e-02 
 3.387078e+01 -8.088773e-03 
 3.387118e+01 -4.403761e-03 
 3.387158e+01 -1.398099e-03 
 3.387198e+01  7.888175e-04 
 3.387237e+01  1.908567e-03 
 3.387277e+01  2.115367e-03 
 3.387317e+01  1.966453e-03 
 3.387357e+01  1.462598e-03 
 3.387396e+01  4.374792e-04 
 3.387436e+01 -1.544267e-03 
 3.387476e+01 -4.037219e-03 
 3.387516e+01 -6.008432e-03 
 3.387555e+01 -7.305834e-03 
 3.387595e+01 -8.309125e-03 
 3.387635e+01 -9.313736e-03 
 3.387675e+01 -1.037772e-02 
 3.387715e+01 -1.119493e-02 
 3.387754e+01 -1.145719e-02 
 3.387794e+01 -1.133496e-02 
 3.387834e+01 -1.087038e-02 
 3.387874e+01 -1.025720e-02 
 3.387913e+01 -8.848473e-03 
 3.387953e+01 -6.065160e-03 
 3.387993e+01 -2.210986e-03 
 3.388033e+01  9.548567e-04 
 3.388072e+01  3.081198e-03 
 3.388112e+01  4.828172e-03 
 3.388152e+01  6.153275e-03 
 3.388192e+01  6.930236e-03 
 3.388232e+01  6.700002e-03 
 3.388271e+01  5.455058e-03 
 3.388311e+01  3.512234e-03 
 3.388351e+01  1.483261e-03 
 3.388391e+01 -1.459419e-04 
 3.388430e+01 -8.967596e-04 
 3.388470e+01 -1.069252e-03 
 3.388510e+01 -6.687078e-04 
 3.388550e+01  4.787830e-04 
 3.388589e+01  2.439396e-03 
 3.388629e+01  4.933742e-03 
 3.388669e+01  7.804409e-03 
 3.388709e+01  1.065980e-02 
 3.388749e+01  1.376970e-02 
 3.388788e+01  1.714892e-02 
 3.388828e+01  2.115993e-02 
 3.388868e+01  2.529707e-02 
 3.388908e+01  2.859962e-02 
 3.388947e+01  3.062382e-02 
 3.388987e+01  3.101975e-02 
 3.389027e+01  3.021227e-02 
 3.389067e+01  2.820872e-02 
 3.389106e+01  2.545469e-02 
 3.389146e+01  2.176845e-02 
 3.389186e+01  1.737179e-02 
 3.389226e+01  1.263159e-02 
 3.389266e+01  7.908198e-03 
 3.389305e+01  3.515237e-03 
 3.389345e+01 -4.460721e-04 
 3.389385e+01 -3.900146e-03 
 3.389425e+01 -6.808130e-03 
 3.389464e+01 -9.031818e-03 
 3.389504e+01 -1.042988e-02 
 3.389544e+01 -1.073335e-02 
 3.389584e+01 -9.782138e-03 
 3.389623e+01 -7.702157e-03 
 3.389663e+01 -4.683514e-03 
 3.389703e+01 -7.922460e-04 
 3.389743e+01  3.873115e-03 
 3.389783e+01  8.274268e-03 
 3.389822e+01  1.156824e-02 
 3.389862e+01  1.328671e-02 
 3.389902e+01  1.358300e-02 
 3.389942e+01  1.268101e-02 
 3.389981e+01  1.098551e-02 
 3.390021e+01  8.511689e-03 
 3.390061e+01  5.164885e-03 
 3.390101e+01  1.478072e-03 
 3.390140e+01 -2.302207e-03 
 3.390180e+01 -5.469641e-03 
 3.390220e+01 -8.137338e-03 
 3.390260e+01 -1.050042e-02 
 3.390300e+01 -1.185171e-02 
 3.390339e+01 -1.163317e-02 
 3.390379e+01 -9.887136e-03 
 3.390419e+01 -7.133830e-03 
 3.390459e+01 -3.644992e-03 
 3.390498e+01  3.292150e-04 
 3.390538e+01  4.502698e-03 
 3.390578e+01  9.056291e-03 
 3.390618e+01  1.361725e-02 
 3.390657e+01  1.771969e-02 
 3.390697e+01  2.072515e-02 
 3.390737e+01  2.266448e-02 
 3.390777e+01  2.354601e-02 
 3.390817e+01  2.341068e-02 
 3.390856e+01  2.234884e-02 
 3.390896e+01  2.063262e-02 
 3.390936e+01  1.844135e-02 
 3.390976e+01  1.577827e-02 
 3.391015e+01  1.260019e-02 
 3.391055e+01  8.823172e-03 
 3.391095e+01  4.627451e-03 
 3.391135e+01  4.473188e-04 
 3.391174e+01 -3.065773e-03 
 3.391214e+01 -5.263742e-03 
 3.391254e+01 -5.782709e-03 
 3.391294e+01 -4.647451e-03 
 3.391334e+01 -1.872653e-03 
 3.391373e+01  2.001735e-03 
 3.391413e+01  6.370863e-03 
 3.391453e+01  1.105525e-02 
 3.391493e+01  1.587341e-02 
 3.391532e+01  2.066649e-02 
 3.391572e+01  2.496202e-02 
 3.391612e+01  2.835839e-02 
 3.391652e+01  3.044916e-02 
 3.391691e+01  3.111919e-02 
 3.391731e+01  3.064114e-02 
 3.391771e+01  2.939842e-02 
 3.391811e+01  2.757237e-02 
 3.391851e+01  2.520127e-02 
 3.391890e+01  2.253926e-02 
 3.391930e+01  1.998298e-02 
 3.391970e+01  1.760536e-02 
 3.392010e+01  1.494784e-02 
 3.392049e+01  1.194754e-02 
 3.392089e+01  9.105281e-03 
 3.392129e+01  6.791577e-03 
 3.392169e+01  5.098002e-03 
 3.392208e+01  4.019947e-03 
 3.392248e+01  3.428547e-03 
 3.392288e+01  2.850479e-03 
 3.392328e+01  2.488844e-03 
 3.392368e+01  2.539097e-03 
 3.392407e+01  3.043130e-03 
 3.392447e+01  3.735734e-03 
 3.392487e+01  4.364678e-03 
 3.392527e+01  5.076165e-03 
 3.392566e+01  5.806574e-03 
 3.392606e+01  6.209549e-03 
 3.392646e+01  6.298332e-03 
 3.392686e+01  6.444195e-03 
 3.392725e+01  6.808276e-03 
 3.392765e+01  7.264242e-03 
 3.392805e+01  7.666840e-03 
 3.392845e+01  7.837052e-03 
 3.392885e+01  7.318302e-03 
 3.392924e+01  6.277558e-03 
 3.392964e+01  5.095361e-03 
 3.393004e+01  4.126316e-03 
 3.393044e+01  3.713126e-03 
 3.393083e+01  4.046614e-03 
 3.393123e+01  5.361686e-03 
 3.393163e+01  7.549020e-03 
 3.393203e+01  1.032706e-02 
 3.393242e+01  1.363855e-02 
 3.393282e+01  1.714385e-02 
 3.393322e+01  2.085448e-02 
 3.393362e+01  2.455055e-02 
 3.393402e+01  2.808747e-02 
 3.393441e+01  3.132118e-02 
 3.393481e+01  3.400320e-02 
 3.393521e+01  3.638320e-02 
 3.393561e+01  3.811135e-02 
 3.393600e+01  3.979135e-02 
 3.393640e+01  4.164977e-02 
 3.393680e+01  4.350734e-02 
 3.393720e+01  4.564784e-02 
 3.393760e+01  4.699695e-02 
 3.393799e+01  4.773453e-02 
 3.393839e+01  4.744170e-02 
 3.393879e+01  4.569219e-02 
 3.393919e+01  4.237281e-02 
 3.393958e+01  3.908687e-02 
 3.393998e+01  3.626177e-02 
 3.394038e+01  3.419820e-02 
 3.394078e+01  3.298331e-02 
 3.394117e+01  3.238354e-02 
 3.394157e+01  3.128212e-02 
 3.394197e+01  2.977520e-02 
 3.394237e+01  2.762799e-02 
 3.394277e+01  2.515673e-02 
 3.394316e+01  2.260691e-02 
 3.394356e+01  1.994277e-02 
 3.394396e+01  1.696296e-02 
 3.394436e+01  1.414903e-02 
 3.394475e+01  1.155812e-02 
 3.394515e+01  9.881901e-03 
 3.394555e+01  8.891115e-03 
 3.394595e+01  8.900406e-03 
 3.394634e+01  9.510109e-03 
 3.394674e+01  9.900602e-03 
 3.394714e+01  1.068244e-02 
 3.394754e+01  1.160321e-02 
 3.394794e+01  1.270356e-02 
 3.394833e+01  1.376422e-02 
 3.394873e+01  1.455268e-02 
 3.394913e+01  1.498148e-02 
 3.394953e+01  1.470341e-02 
 3.394992e+01  1.334248e-02 
 3.395032e+01  1.064905e-02 
 3.395072e+01  6.990273e-03 
 3.395112e+01  2.609781e-03 
 3.395151e+01 -2.010016e-03 
 3.395191e+01 -6.400318e-03 
 3.395231e+01 -9.892520e-03 
 3.395271e+01 -1.310463e-02 
 3.395311e+01 -1.563752e-02 
 3.395350e+01 -1.708247e-02 
 3.395390e+01 -1.740205e-02 
 3.395430e+01 -1.667922e-02 
 3.395470e+01 -1.524303e-02 
 3.395509e+01 -1.369364e-02 
 3.395549e+01 -1.200843e-02 
 3.395589e+01 -1.019744e-02 
 3.395629e+01 -8.145952e-03 
 3.395668e+01 -5.894127e-03 
 3.395708e+01 -3.347354e-03 
 3.395748e+01 -6.852887e-04 
 3.395788e+01  1.977074e-03 
 3.395828e+01  4.557836e-03 
 3.395867e+01  6.375863e-03 
 3.395907e+01  6.900547e-03 
 3.395947e+01  6.239067e-03 
 3.395987e+01  4.907347e-03 
 3.396026e+01  3.264226e-03 
 3.396066e+01  1.831987e-03 
 3.396106e+01  9.978546e-04 
 3.396146e+01  6.477568e-04 
 3.396185e+01  7.536768e-04 
 3.396225e+01  1.079105e-03 
 3.396265e+01  1.328639e-03 
 3.396305e+01  1.728110e-03 
 3.396345e+01  2.756700e-03 
 3.396384e+01  4.725452e-03 
 3.396424e+01  7.650139e-03 
 3.396464e+01  1.150896e-02 
 3.396504e+01  1.620459e-02 
 3.396543e+01  2.115070e-02 
 3.396583e+01  2.587563e-02 
 3.396623e+01  3.006750e-02 
 3.396663e+01  3.321231e-02 
 3.396702e+01  3.507712e-02 
 3.396742e+01  3.517572e-02 
 3.396782e+01  3.335817e-02 
 3.396822e+01  2.991830e-02 
 3.396862e+01  2.528648e-02 
 3.396901e+01  2.005246e-02 
 3.396941e+01  1.486422e-02 
 3.396981e+01  9.858235e-03 
 3.397021e+01  4.664482e-03 
 3.397060e+01 -6.464950e-04 
 3.397100e+01 -5.611937e-03 
 3.397140e+01 -1.013546e-02 
 3.397180e+01 -1.437805e-02 
 3.397219e+01 -1.782674e-02 
 3.397259e+01 -2.055647e-02 
 3.397299e+01 -2.236247e-02 
 3.397339e+01 -2.299403e-02 
 3.397379e+01 -2.225727e-02 
 3.397418e+01 -2.072130e-02 
 3.397458e+01 -1.876638e-02 
 3.397498e+01 -1.683531e-02 
 3.397538e+01 -1.484421e-02 
 3.397577e+01 -1.257549e-02 
 3.397617e+01 -1.035562e-02 
 3.397657e+01 -8.651541e-03 
 3.397697e+01 -7.773760e-03 
 3.397736e+01 -7.856899e-03 
 3.397776e+01 -8.828463e-03 
 3.397816e+01 -1.060764e-02 
 3.397856e+01 -1.260740e-02 
 3.397896e+01 -1.464860e-02 
 3.397935e+01 -1.639714e-02 
 3.397975e+01 -1.725539e-02 
 3.398015e+01 -1.754087e-02 
 3.398055e+01 -1.712366e-02 
 3.398094e+01 -1.624170e-02 
 3.398134e+01 -1.454305e-02 
 3.398174e+01 -1.174295e-02 
 3.398214e+01 -7.765774e-03 
 3.398253e+01 -3.111992e-03 
 3.398293e+01  1.780989e-03 
 3.398333e+01  6.442749e-03 
 3.398373e+01  1.047940e-02 
 3.398413e+01  1.362764e-02 
 3.398452e+01  1.624813e-02 
 3.398492e+01  1.843439e-02 
 3.398532e+01  2.035461e-02 
 3.398572e+01  2.193994e-02 
 3.398611e+01  2.287737e-02 
 3.398651e+01  2.258622e-02 
 3.398691e+01  2.107083e-02 
 3.398731e+01  1.878795e-02 
 3.398770e+01  1.607349e-02 
 3.398810e+01  1.344998e-02 
 3.398850e+01  1.154562e-02 
 3.398890e+01  1.034773e-02 
 3.398930e+01  9.850585e-03 
 3.398969e+01  9.809173e-03 
 3.399009e+01  9.889764e-03 
 3.399049e+01  9.960690e-03 
 3.399089e+01  1.018712e-02 
 3.399128e+01  1.112943e-02 
 3.399168e+01  1.295402e-02 
 3.399208e+01  1.596074e-02 
 3.399248e+01  1.978011e-02 
 3.399287e+01  2.399936e-02 
 3.399327e+01  2.837762e-02 
 3.399367e+01  3.229487e-02 
 3.399407e+01  3.544570e-02 
 3.399447e+01  3.756564e-02 
 3.399486e+01  3.826962e-02 
 3.399526e+01  3.751124e-02 
 3.399566e+01  3.532277e-02 
 3.399606e+01  3.220608e-02 
 3.399645e+01  2.839243e-02 
 3.399685e+01  2.421382e-02 
 3.399725e+01  2.031578e-02 
 3.399765e+01  1.670435e-02 
 3.399804e+01  1.340098e-02 
 3.399844e+01  1.025470e-02 
 3.399884e+01  7.108777e-03 
 3.399924e+01  4.346008e-03 
 3.399964e+01  2.137743e-03 
 3.400003e+01  5.541084e-04 
 3.400043e+01 -3.601679e-04 
 3.400083e+01 -6.600679e-04 
 3.400123e+01 -4.814551e-04 
 3.400162e+01 -5.344769e-05 
 3.400202e+01  3.869355e-04 
 3.400242e+01  5.839062e-04 
 3.400282e+01  1.221743e-05 
 3.400321e+01 -9.273168e-04 
 3.400361e+01 -2.179582e-03 
 3.400401e+01 -3.808157e-03 
 3.400441e+01 -5.854812e-03 
 3.400481e+01 -8.386163e-03 
 3.400520e+01 -1.117741e-02 
 3.400560e+01 -1.391917e-02 
 3.400600e+01 -1.671462e-02 
 3.400640e+01 -1.937936e-02 
 3.400679e+01 -2.185950e-02 
 3.400719e+01 -2.389943e-02 
 3.400759e+01 -2.509649e-02 
 3.400799e+01 -2.526813e-02 
 3.400838e+01 -2.425243e-02 
 3.400878e+01 -2.212543e-02 
 3.400918e+01 -1.868290e-02 
 3.400958e+01 -1.384502e-02 
 3.400998e+01 -8.176882e-03 
 3.401037e+01 -2.389844e-03 
 3.401077e+01  3.101504e-03 
 3.401117e+01  7.657189e-03 
 3.401157e+01  1.101875e-02 
 3.401196e+01  1.362031e-02 
 3.401236e+01  1.551517e-02 
 3.401276e+01  1.686413e-02 
 3.401316e+01  1.799105e-02 
 3.401355e+01  1.883608e-02 
 3.401395e+01  1.950708e-02 
 3.401435e+01  2.001181e-02 
 3.401475e+01  2.034625e-02 
 3.401515e+01  2.041049e-02 
 3.401554e+01  2.043690e-02 
 3.401594e+01  2.046036e-02 
 3.401634e+01  2.044982e-02 
 3.401674e+01  2.053479e-02 
 3.401713e+01  2.069850e-02 
 3.401753e+01  2.073849e-02 
 3.401793e+01  2.060779e-02 
 3.401833e+01  2.049664e-02 
 3.401872e+01  2.026129e-02 
 3.401912e+01  2.008399e-02 
 3.401952e+01  2.002753e-02 
 3.401992e+01  2.016413e-02 
 3.402032e+01  2.054184e-02 
 3.402071e+01  2.131963e-02 
 3.402111e+01  2.253321e-02 
 3.402151e+01  2.389251e-02 
 3.402191e+01  2.503445e-02 
 3.402230e+01  2.530686e-02 
 3.402270e+01  2.449688e-02 
 3.402310e+01  2.288248e-02 
 3.402350e+01  2.082935e-02 
 3.402389e+01  1.881477e-02 
 3.402429e+01  1.714872e-02 
 3.402469e+01  1.592829e-02 
 3.402509e+01  1.514402e-02 
 3.402549e+01  1.492628e-02 
 3.402588e+01  1.505440e-02 
 3.402628e+01  1.478719e-02 
 3.402668e+01  1.408481e-02 
 3.402708e+01  1.317378e-02 
 3.402747e+01  1.222046e-02 
 3.402787e+01  1.136840e-02 
 3.402827e+01  1.071056e-02 
 3.402867e+01  9.862557e-03 
 3.402907e+01  8.782391e-03 
 3.402946e+01  7.676624e-03 
 3.402986e+01  6.663437e-03 
 3.403026e+01  5.807590e-03 
 3.403066e+01  5.223880e-03 
 3.403105e+01  4.852253e-03 
 3.403145e+01  4.659455e-03 
 3.403185e+01  4.395283e-03 
 3.403225e+01  3.768555e-03 
 3.403264e+01  2.813726e-03 
 3.403304e+01  1.655063e-03 
 3.403344e+01  6.571029e-04 
 3.403384e+01 -2.264310e-04 
 3.403424e+01 -7.102562e-04 
 3.403463e+01 -9.794775e-04 
 3.403503e+01 -1.498325e-03 
 3.403543e+01 -2.202069e-03 
 3.403583e+01 -2.878127e-03 
 3.403622e+01 -3.397032e-03 
 3.403662e+01 -3.323348e-03 
 3.403702e+01 -2.392662e-03 
 3.403742e+01 -6.589621e-04 
 3.403781e+01  1.409256e-03 
 3.403821e+01  3.681078e-03 
 3.403861e+01  6.010847e-03 
 3.403901e+01  8.580248e-03 
 3.403941e+01  1.150049e-02 
 3.403980e+01  1.480932e-02 
 3.404020e+01  1.846889e-02 
 3.404060e+01  2.250602e-02 
 3.404100e+01  2.674283e-02 
 3.404139e+01  3.070813e-02 
 3.404179e+01  3.421576e-02 
 3.404219e+01  3.680187e-02 
 3.404259e+01  3.844476e-02 
 3.404298e+01  3.980514e-02 
 3.404338e+01  4.123487e-02 
 3.404378e+01  4.265261e-02 
 3.404418e+01  4.374678e-02 
 3.404458e+01  4.433581e-02 
 3.404497e+01  4.412621e-02 
 3.404537e+01  4.308085e-02 
 3.404577e+01  4.101561e-02 
 3.404617e+01  3.767590e-02 
 3.404656e+01  3.296801e-02 
 3.404696e+01  2.734557e-02 
 3.404736e+01  2.127147e-02 
 3.404776e+01  1.542306e-02 
 3.404815e+01  1.008817e-02 
 3.404855e+01  5.488158e-03 
 3.404895e+01  2.093034e-03 
 3.404935e+01 -7.410000e-05 
 3.404975e+01 -1.475432e-03 
 3.405014e+01 -2.646276e-03 
 3.405054e+01 -3.894613e-03 
 3.405094e+01 -5.330202e-03 
 3.405134e+01 -6.715293e-03 
 3.405173e+01 -7.744006e-03 
 3.405213e+01 -7.958963e-03 
 3.405253e+01 -7.506814e-03 
 3.405293e+01 -6.401574e-03 
 3.405332e+01 -5.080467e-03 
 3.405372e+01 -3.830700e-03 
 3.405412e+01 -3.013161e-03 
 3.405452e+01 -2.568632e-03 
 3.405492e+01 -2.607627e-03 
 3.405531e+01 -3.204497e-03 
 3.405571e+01 -4.498135e-03 
 3.405611e+01 -6.491384e-03 
 3.405651e+01 -8.847149e-03 
 3.405690e+01 -1.137999e-02 
 3.405730e+01 -1.377076e-02 
 3.405770e+01 -1.564392e-02 
 3.405810e+01 -1.676794e-02 
 3.405849e+01 -1.699206e-02 
 3.405889e+01 -1.626880e-02 
 3.405929e+01 -1.450911e-02 
 3.405969e+01 -1.210017e-02 
 3.406009e+01 -9.122885e-03 
 3.406048e+01 -5.683660e-03 
 3.406088e+01 -1.753458e-03 
 3.406128e+01  2.390155e-03 
 3.406168e+01  6.510047e-03 
 3.406207e+01  9.977541e-03 
 3.406247e+01  1.258279e-02 
 3.406287e+01  1.416615e-02 
 3.406327e+01  1.479471e-02 
 3.406366e+01  1.466485e-02 
 3.406406e+01  1.393492e-02 
 3.406446e+01  1.258282e-02 
 3.406486e+01  1.065504e-02 
 3.406526e+01  8.526733e-03 
 3.406565e+01  6.113465e-03 
 3.406605e+01  3.380824e-03 
 3.406645e+01  4.916620e-04 
 3.406685e+01 -2.012866e-03 
 3.406724e+01 -3.865943e-03 
 3.406764e+01 -4.773961e-03 
 3.406804e+01 -4.664092e-03 
 3.406844e+01 -3.648168e-03 
 3.406883e+01 -1.495775e-03 
 3.406923e+01  1.602190e-03 
 3.406963e+01  5.605005e-03 
 3.407003e+01  1.028661e-02 
 3.407043e+01  1.501806e-02 
 3.407082e+01  1.935828e-02 
 3.407122e+01  2.311457e-02 
 3.407162e+01  2.595255e-02 
 3.407202e+01  2.787351e-02 
 3.407241e+01  2.880297e-02 
 3.407281e+01  2.901319e-02 
 3.407321e+01  2.846937e-02 
 3.407361e+01  2.695923e-02 
 3.407400e+01  2.449234e-02 
 3.407440e+01  2.093721e-02 
 3.407480e+01  1.649864e-02 
 3.407520e+01  1.187085e-02 
 3.407560e+01  7.840110e-03 
 3.407599e+01  4.498246e-03 
 3.407639e+01  2.021360e-03 
 3.407679e+01  4.955584e-04 
 3.407719e+01  5.408135e-05 
 3.407758e+01  2.986374e-04 
 3.407798e+01  1.846155e-04 
 3.407838e+01 -2.875415e-04 
 3.407878e+01 -1.264233e-03 
 3.407917e+01 -2.421091e-03 
 3.407957e+01 -3.401901e-03 
 3.407997e+01 -4.002195e-03 
 3.408037e+01 -4.406193e-03 
 3.408077e+01 -5.181947e-03 
 3.408116e+01 -5.926656e-03 
 3.408156e+01 -6.328463e-03 
 3.408196e+01 -6.433853e-03 
 3.408236e+01 -7.012326e-03 
 3.408275e+01 -7.842017e-03 
 3.408315e+01 -8.611554e-03 
 3.408355e+01 -9.117422e-03 
 3.408395e+01 -9.795546e-03 
 3.408434e+01 -1.055550e-02 
 3.408474e+01 -1.181541e-02 
 3.408514e+01 -1.299227e-02 
 3.408554e+01 -1.349188e-02 
 3.408594e+01 -1.339323e-02 
 3.408633e+01 -1.228387e-02 
 3.408673e+01 -1.074555e-02 
 3.408713e+01 -8.757220e-03 
 3.408753e+01 -6.333872e-03 
 3.408792e+01 -3.139293e-03 
 3.408832e+01  5.463734e-04 
 3.408872e+01  4.915108e-03 
 3.408912e+01  9.400110e-03 
 3.408951e+01  1.353119e-02 
 3.408991e+01  1.682804e-02 
 3.409031e+01  1.909570e-02 
 3.409071e+01  2.046100e-02 
 3.409111e+01  2.070734e-02 
 3.409150e+01  2.037666e-02 
 3.409190e+01  1.953037e-02 
 3.409230e+01  1.878061e-02 
 3.409270e+01  1.820301e-02 
 3.409309e+01  1.788101e-02 
 3.409349e+01  1.762153e-02 
 3.409389e+01  1.717390e-02 
 3.409429e+01  1.667782e-02 
 3.409468e+01  1.620522e-02 
 3.409508e+01  1.592768e-02 
 3.409548e+01  1.591436e-02 
 3.409588e+01  1.560736e-02 
 3.409628e+01  1.512890e-02 
 3.409667e+01  1.440173e-02 
 3.409707e+01  1.356844e-02 
 3.409747e+01  1.266225e-02 
 3.409787e+01  1.190797e-02 
 3.409826e+01  1.080927e-02 
 3.409866e+01  9.094833e-03 
 3.409906e+01  6.791246e-03 
 3.409946e+01  4.298642e-03 
 3.409985e+01  1.556965e-03 
 3.410025e+01 -1.095515e-03 
 3.410065e+01 -3.339720e-03 
 3.410105e+01 -4.922014e-03 
 3.410145e+01 -5.586858e-03 
 3.410184e+01 -5.678367e-03 
 3.410224e+01 -5.377620e-03 
 3.410264e+01 -5.270427e-03 
 3.410304e+01 -5.241971e-03 
 3.410343e+01 -4.839130e-03 
 3.410383e+01 -3.739741e-03 
 3.410423e+01 -2.026104e-03 
 3.410463e+01 -2.352846e-04 
 3.410502e+01  1.506529e-03 
 3.410542e+01  3.384184e-03 
 3.410582e+01  4.762913e-03 
 3.410622e+01  5.538325e-03 
 3.410662e+01  5.690815e-03 
 3.410701e+01  4.949053e-03 
 3.410741e+01  3.646616e-03 
 3.410781e+01  2.074456e-03 
 3.410821e+01  3.655329e-04 
 3.410860e+01 -1.444245e-03 
 3.410900e+01 -3.290631e-03 
 3.410940e+01 -5.106561e-03 
 3.410980e+01 -6.805355e-03 
 3.411019e+01 -8.255736e-03 
 3.411059e+01 -9.248195e-03 
 3.411099e+01 -1.010414e-02 
 3.411139e+01 -1.071719e-02 
 3.411179e+01 -1.151791e-02 
 3.411218e+01 -1.234216e-02 
 3.411258e+01 -1.279559e-02 
 3.411298e+01 -1.253239e-02 
 3.411338e+01 -1.143442e-02 
 3.411377e+01 -9.503227e-03 
 3.411417e+01 -6.801680e-03 
 3.411457e+01 -3.441713e-03 
 3.411497e+01  2.020899e-04 
 3.411536e+01  3.880980e-03 
 3.411576e+01  7.220774e-03 
 3.411616e+01  9.887686e-03 
 3.411656e+01  1.207292e-02 
 3.411696e+01  1.371317e-02 
 3.411735e+01  1.493963e-02 
 3.411775e+01  1.564153e-02 
 3.411815e+01  1.585352e-02 
 3.411855e+01  1.585477e-02 
 3.411894e+01  1.578086e-02 
 3.411934e+01  1.592237e-02 
 3.411974e+01  1.621166e-02 
 3.412014e+01  1.661533e-02 
 3.412054e+01  1.721919e-02 
 3.412093e+01  1.806791e-02 
 3.412133e+01  1.972295e-02 
 3.412173e+01  2.225308e-02 
 3.412213e+01  2.501365e-02 
 3.412252e+01  2.784656e-02 
 3.412292e+01  3.050350e-02 
 3.412332e+01  3.265811e-02 
 3.412372e+01  3.412375e-02 
 3.412411e+01  3.476744e-02 
 3.412451e+01  3.333732e-02 
 3.412491e+01  3.144959e-02 
 3.412531e+01  2.825013e-02 
 3.412571e+01  2.524470e-02 
 3.412610e+01  2.258850e-02 
 3.412650e+01  1.912605e-02 
 3.412690e+01  1.607727e-02 
 3.412730e+01  1.256039e-02 
 3.412769e+01  9.530352e-03 
 3.412809e+01  7.612735e-03 
 3.412849e+01  6.025889e-03 
 3.412889e+01  6.024559e-03 
 3.412928e+01  6.209294e-03 
 3.412968e+01  6.609274e-03 
 3.413008e+01  7.240558e-03 
 3.413048e+01  7.680709e-03 
 3.413088e+01  8.906110e-03 
 3.413127e+01  1.053183e-02 
 3.413167e+01  1.268637e-02 
 3.413207e+01  1.546549e-02 
 3.413247e+01  1.796763e-02 
 3.413286e+01  2.047700e-02 
 3.413326e+01  2.271378e-02 
 3.413366e+01  2.406620e-02 
 3.413406e+01  2.513114e-02 
 3.413445e+01  2.541692e-02 
 3.413485e+01  2.538204e-02 
 3.413525e+01  2.507740e-02 
 3.413565e+01  2.402266e-02 
 3.413605e+01  2.261267e-02 
 3.413644e+01  2.114797e-02 
 3.413684e+01  2.030447e-02 
 3.413724e+01  2.042081e-02 
 3.413764e+01  2.137955e-02 
 3.413803e+01  2.306826e-02 
 3.413843e+01  2.476490e-02 
 3.413883e+01  2.604606e-02 
 3.413923e+01  2.725914e-02 
 3.413962e+01  2.760929e-02 
 3.414002e+01  2.714959e-02 
 3.414042e+01  2.639107e-02 
 3.414082e+01  2.564401e-02 
 3.414122e+01  2.526945e-02 
 3.414161e+01  2.487910e-02 
 3.414201e+01  2.415727e-02 
 3.414241e+01  2.279974e-02 
 3.414281e+01  2.089952e-02 
 3.414320e+01  1.873090e-02 
 3.414360e+01  1.636257e-02 
 3.414400e+01  1.364431e-02 
 3.414440e+01  1.059590e-02 
 3.414479e+01  7.519926e-03 
 3.414519e+01  4.704386e-03 
 3.414559e+01  2.451873e-03 
 3.414599e+01  6.135427e-04 
 3.414639e+01 -2.110837e-04 
 3.414678e+01  2.744109e-04 
 3.414718e+01  2.038381e-03 
 3.414758e+01  4.948719e-03 
 3.414798e+01  8.277096e-03 
 3.414837e+01  1.151851e-02 
 3.414877e+01  1.460697e-02 
 3.414917e+01  1.796766e-02 
 3.414957e+01  2.189032e-02 
 3.414996e+01  2.589107e-02 
 3.415036e+01  2.925307e-02 
 3.415076e+01  3.143888e-02 
 3.415116e+01  3.183451e-02 
 3.415156e+01  3.046699e-02 
 3.415195e+01  2.732246e-02 
 3.415235e+01  2.281770e-02 
 3.415275e+01  1.747003e-02 
 3.415315e+01  1.168395e-02 
 3.415354e+01  5.885128e-03 
 3.415394e+01 -2.504573e-05 
 3.415434e+01 -5.354767e-03 
 3.415474e+01 -9.867342e-03 
 3.415513e+01 -1.320110e-02 
 3.415553e+01 -1.477478e-02 
 3.415593e+01 -1.494135e-02 
 3.415633e+01 -1.347747e-02 
 3.415673e+01 -1.051041e-02 
 3.415712e+01 -6.692537e-03 
 3.415752e+01 -2.863781e-03 
 3.415792e+01  3.005861e-04 
 3.415832e+01  2.473463e-03 
 3.415871e+01  3.723144e-03 
 3.415911e+01  4.372569e-03 
 3.415951e+01  4.678957e-03 
 3.415991e+01  4.151836e-03 
 3.416030e+01  2.764415e-03 
 3.416070e+01  1.254408e-03 
 3.416110e+01 -8.624890e-05 
 3.416150e+01 -1.013864e-03 
 3.416190e+01 -1.851389e-03 
 3.416229e+01 -2.518757e-03 
 3.416269e+01 -2.757381e-03 
 3.416309e+01 -3.105714e-03 
 3.416349e+01 -3.450042e-03 
 3.416388e+01 -3.861154e-03 
 3.416428e+01 -3.985032e-03 
 3.416468e+01 -3.173234e-03 
 3.416508e+01 -1.063901e-03 
 3.416547e+01  2.362219e-03 
 3.416587e+01  6.916345e-03 
 3.416627e+01  1.162247e-02 
 3.416667e+01  1.634172e-02 
 3.416707e+01  2.076750e-02 
 3.416746e+01  2.408199e-02 
 3.416786e+01  2.647121e-02 
 3.416826e+01  2.808212e-02 
 3.416866e+01  2.924226e-02 
 3.416905e+01  3.030682e-02 
 3.416945e+01  3.110376e-02 
 3.416985e+01  3.159338e-02 
 3.417025e+01  3.162681e-02 
 3.417064e+01  3.113906e-02 
 3.417104e+01  2.988194e-02 
 3.417144e+01  2.754306e-02 
 3.417184e+01  2.408378e-02 
 3.417224e+01  1.945834e-02 
 3.417263e+01  1.398799e-02 
 3.417303e+01  8.047328e-03 
 3.417343e+01  2.092756e-03 
 3.417383e+01 -3.564312e-03 
 3.417422e+01 -8.414405e-03 
 3.417462e+01 -1.205579e-02 
 3.417502e+01 -1.448306e-02 
 3.417542e+01 -1.599273e-02 
 3.417581e+01 -1.678367e-02 
 3.417621e+01 -1.713401e-02 
 3.417661e+01 -1.677435e-02 
 3.417701e+01 -1.541084e-02 
 3.417741e+01 -1.316214e-02 
 3.417780e+01 -1.011576e-02 
 3.417820e+01 -6.914841e-03 
 3.417860e+01 -3.995017e-03 
 3.417900e+01 -1.674036e-03 
 3.417939e+01 -5.232728e-04 
 3.417979e+01 -5.752039e-04 
 3.418019e+01 -1.732183e-03 
 3.418059e+01 -3.228764e-03 
 3.418098e+01 -4.586206e-03 
 3.418138e+01 -5.652431e-03 
 3.418178e+01 -6.461413e-03 
 3.418218e+01 -7.196874e-03 
 3.418258e+01 -7.505788e-03 
 3.418297e+01 -7.212722e-03 
 3.418337e+01 -6.475497e-03 
 3.418377e+01 -5.769658e-03 
 3.418417e+01 -5.476927e-03 
 3.418456e+01 -5.515190e-03 
 3.418496e+01 -5.928110e-03 
 3.418536e+01 -6.896187e-03 
 3.418576e+01 -8.191051e-03 
 3.418615e+01 -9.680595e-03 
 3.418655e+01 -1.121032e-02 
 3.418695e+01 -1.242784e-02 
 3.418735e+01 -1.346446e-02 
 3.418775e+01 -1.443097e-02 
 3.418814e+01 -1.520863e-02 
 3.418854e+01 -1.534257e-02 
 3.418894e+01 -1.420597e-02 
 3.418934e+01 -1.180833e-02 
 3.418973e+01 -8.322395e-03 
 3.419013e+01 -4.143709e-03 
 3.419053e+01  3.118441e-04 
 3.419093e+01  4.546512e-03 
 3.419132e+01  7.704188e-03 
 3.419172e+01  9.479117e-03 
 3.419212e+01  9.859884e-03 
 3.419252e+01  9.066721e-03 
 3.419292e+01  7.669506e-03 
 3.419331e+01  5.840104e-03 
 3.419371e+01  3.737662e-03 
 3.419411e+01  1.399011e-03 
 3.419451e+01 -1.058209e-03 
 3.419490e+01 -3.231330e-03 
 3.419530e+01 -4.797522e-03 
 3.419570e+01 -5.755822e-03 
 3.419610e+01 -5.953969e-03 
 3.419649e+01 -5.741763e-03 
 3.419689e+01 -4.855386e-03 
 3.419729e+01 -3.371874e-03 
 3.419769e+01 -1.349993e-03 
 3.419809e+01  1.351392e-03 
 3.419848e+01  4.709644e-03 
 3.419888e+01  8.513559e-03 
 3.419928e+01  1.231680e-02 
 3.419968e+01  1.557342e-02 
 3.420007e+01  1.785039e-02 
 3.420047e+01  1.910174e-02 
 3.420087e+01  1.950018e-02 
 3.420127e+01  1.918174e-02 
 3.420166e+01  1.820894e-02 
 3.420206e+01  1.672561e-02 
 3.420246e+01  1.457211e-02 
 3.420286e+01  1.158676e-02 
 3.420326e+01  7.612284e-03 
 3.420365e+01  2.584599e-03 
 3.420405e+01 -3.243965e-03 
 3.420445e+01 -9.335354e-03 
 3.420485e+01 -1.505500e-02 
 3.420524e+01 -2.011911e-02 
 3.420564e+01 -2.432456e-02 
 3.420604e+01 -2.783035e-02 
 3.420644e+01 -3.026674e-02 
 3.420683e+01 -3.160383e-02 
 3.420723e+01 -3.206199e-02 
 3.420763e+01 -3.167763e-02 
 3.420803e+01 -3.006906e-02 
 3.420843e+01 -2.697719e-02 
 3.420882e+01 -2.248910e-02 
 3.420922e+01 -1.695389e-02 
 3.420962e+01 -1.069318e-02 
 3.421002e+01 -4.231629e-03 
 3.421041e+01  2.451388e-03 
 3.421081e+01  8.974567e-03 
 3.421121e+01  1.477318e-02 
 3.421161e+01  1.896972e-02 
 3.421201e+01  2.111688e-02 
 3.421240e+01  2.118573e-02 
 3.421280e+01  1.917767e-02 
 3.421320e+01  1.564666e-02 
 3.421360e+01  1.103549e-02 
 3.421399e+01  5.972794e-03 
 3.421439e+01  1.075372e-03 
 3.421479e+01 -3.234925e-03 
 3.421519e+01 -6.650195e-03 
 3.421558e+01 -8.941648e-03 
 3.421598e+01 -9.881180e-03 
 3.421638e+01 -9.209632e-03 
 3.421678e+01 -6.459422e-03 
 3.421718e+01 -1.564960e-03 
 3.421757e+01  4.999763e-03 
 3.421797e+01  1.261567e-02 
 3.421837e+01  2.035978e-02 
 3.421877e+01  2.736690e-02 
 3.421916e+01  3.314218e-02 
 3.421956e+01  3.753472e-02 
 3.421996e+01  4.053031e-02 
 3.422036e+01  4.215922e-02 
 3.422075e+01  4.260153e-02 
 3.422115e+01  4.193342e-02 
 3.422155e+01  4.022719e-02 
 3.422195e+01  3.787302e-02 
 3.422235e+01  3.494854e-02 
 3.422274e+01  3.178058e-02 
 3.422314e+01  2.853358e-02 
 3.422354e+01  2.506652e-02 
 3.422394e+01  2.173299e-02 
 3.422433e+01  1.870922e-02 
 3.422473e+01  1.626665e-02 
 3.422513e+01  1.470191e-02 
 3.422553e+01  1.402550e-02 
 3.422592e+01  1.462253e-02 
 3.422632e+01  1.632250e-02 
 3.422672e+01  1.892441e-02 
 3.422712e+01  2.184934e-02 
 3.422752e+01  2.414692e-02 
 3.422791e+01  2.542136e-02 
 3.422831e+01  2.591696e-02 
 3.422871e+01  2.618874e-02 
 3.422911e+01  2.653823e-02 
 3.422950e+01  2.687254e-02 
 3.422990e+01  2.713797e-02 
 3.423030e+01  2.712132e-02 
 3.423070e+01  2.643879e-02 
 3.423109e+01  2.462276e-02 
 3.423149e+01  2.173426e-02 
 3.423189e+01  1.788857e-02 
 3.423229e+01  1.345397e-02 
 3.423269e+01  9.008271e-03 
 3.423308e+01  5.012749e-03 
 3.423348e+01  1.389933e-03 
 3.423388e+01 -1.870886e-03 
 3.423428e+01 -4.508267e-03 
 3.423467e+01 -6.312999e-03 
 3.423507e+01 -7.405885e-03 
 3.423547e+01 -7.927525e-03 
 3.423587e+01 -8.056399e-03 
 3.423626e+01 -8.053392e-03 
 3.423666e+01 -7.751305e-03 
 3.423706e+01 -7.061461e-03 
 3.423746e+01 -5.656026e-03 
 3.423786e+01 -3.521993e-03 
 3.423825e+01 -5.309701e-04 
 3.423865e+01  3.083900e-03 
 3.423905e+01  6.892442e-03 
 3.423945e+01  1.050657e-02 
 3.423984e+01  1.344055e-02 
 3.424024e+01  1.575023e-02 
 3.424064e+01  1.754603e-02 
 3.424104e+01  1.897200e-02 
 3.424143e+01  2.027841e-02 
 3.424183e+01  2.158937e-02 
 3.424223e+01  2.269174e-02 
 3.424263e+01  2.365569e-02 
 3.424303e+01  2.455173e-02 
 3.424342e+01  2.542729e-02 
 3.424382e+01  2.634321e-02 
 3.424422e+01  2.767753e-02 
 3.424462e+01  2.963065e-02 
 3.424501e+01  3.193164e-02 
 3.424541e+01  3.422231e-02 
 3.424581e+01  3.615129e-02 
 3.424621e+01  3.739313e-02 
 3.424660e+01  3.774793e-02 
 3.424700e+01  3.696325e-02 
 3.424740e+01  3.496972e-02 
 3.424780e+01  3.197895e-02 
 3.424820e+01  2.830473e-02 
 3.424859e+01  2.437380e-02 
 3.424899e+01  2.080008e-02 
 3.424939e+01  1.815443e-02 
 3.424979e+01  1.649085e-02 
 3.425018e+01  1.609199e-02 
 3.425058e+01  1.694209e-02 
 3.425098e+01  1.847310e-02 
 3.425138e+01  1.998879e-02 
 3.425177e+01  2.110905e-02 
 3.425217e+01  2.171303e-02 
 3.425257e+01  2.206239e-02 
 3.425297e+01  2.261440e-02 
 3.425337e+01  2.365117e-02 
 3.425376e+01  2.521439e-02 
 3.425416e+01  2.685443e-02 
 3.425456e+01  2.802255e-02 
 3.425496e+01  2.822573e-02 
 3.425535e+01  2.731814e-02 
 3.425575e+01  2.513892e-02 
 3.425615e+01  2.200040e-02 
 3.425655e+01  1.852616e-02 
 3.425694e+01  1.520499e-02 
 3.425734e+01  1.218358e-02 
 3.425774e+01  9.725708e-03 
 3.425814e+01  7.983634e-03 
 3.425854e+01  6.735303e-03 
 3.425893e+01  5.986279e-03 
 3.425933e+01  5.805366e-03 
 3.425973e+01  6.095493e-03 
 3.426013e+01  6.821086e-03 
 3.426052e+01  8.050181e-03 
 3.426092e+01  9.603399e-03 
 3.426132e+01  1.133138e-02 
 3.426172e+01  1.315943e-02 
 3.426211e+01  1.502689e-02 
 3.426251e+01  1.678086e-02 
 3.426291e+01  1.835504e-02 
 3.426331e+01  1.935895e-02 
 3.426371e+01  1.966428e-02 
 3.426410e+01  1.901959e-02 
 3.426450e+01  1.752051e-02 
 3.426490e+01  1.537712e-02 
 3.426530e+01  1.277587e-02 
 3.426569e+01  1.014547e-02 
 3.426609e+01  7.629413e-03 
 3.426649e+01  5.338988e-03 
 3.426689e+01  3.207977e-03 
 3.426728e+01  9.697065e-04 
 3.426768e+01 -1.208665e-03 
 3.426808e+01 -2.833667e-03 
 3.426848e+01 -3.499481e-03 
 3.426888e+01 -3.005719e-03 
 3.426927e+01 -1.149443e-03 
 3.426967e+01  1.795472e-03 
 3.427007e+01  5.370930e-03 
 3.427047e+01  9.241184e-03 
 3.427086e+01  1.293957e-02 
 3.427126e+01  1.633614e-02 
 3.427166e+01  1.948120e-02 
 3.427206e+01  2.231473e-02 
 3.427245e+01  2.499958e-02 
 3.427285e+01  2.748563e-02 
 3.427325e+01  2.945713e-02 
 3.427365e+01  3.072831e-02 
 3.427405e+01  3.124761e-02 
 3.427444e+01  3.100045e-02 
 3.427484e+01  2.973212e-02 
 3.427524e+01  2.748018e-02 
 3.427564e+01  2.443904e-02 
 3.427603e+01  2.092489e-02 
 3.427643e+01  1.728889e-02 
 3.427683e+01  1.404460e-02 
 3.427723e+01  1.158593e-02 
 3.427762e+01  1.003840e-02 
 3.427802e+01  9.558250e-03 
 3.427842e+01  9.977874e-03 
 3.427882e+01  1.066711e-02 
 3.427922e+01  1.086002e-02 
 3.427961e+01  9.665841e-03 
 3.428001e+01  7.172312e-03 
 3.428041e+01  3.750464e-03 
 3.428081e+01  2.119663e-06 
 3.428120e+01 -3.458014e-03 
 3.428160e+01 -6.338237e-03 
 3.428200e+01 -8.549174e-03 
 3.428240e+01 -1.029227e-02 
 3.428279e+01 -1.174417e-02 
 3.428319e+01 -1.300762e-02 
 3.428359e+01 -1.440170e-02 
 3.428399e+01 -1.550484e-02 
 3.428439e+01 -1.607972e-02 
 3.428478e+01 -1.593770e-02 
 3.428518e+01 -1.489144e-02 
 3.428558e+01 -1.340635e-02 
 3.428598e+01 -1.167277e-02 
 3.428637e+01 -1.007926e-02 
 3.428677e+01 -8.731819e-03 
 3.428717e+01 -7.808478e-03 
 3.428757e+01 -7.685873e-03 
 3.428796e+01 -8.368750e-03 
 3.428836e+01 -9.683574e-03 
 3.428876e+01 -1.145407e-02 
 3.428916e+01 -1.312013e-02 
 3.428956e+01 -1.436313e-02 
 3.428995e+01 -1.507888e-02 
 3.429035e+01 -1.534521e-02 
 3.429075e+01 -1.521923e-02 
 3.429115e+01 -1.492548e-02 
 3.429154e+01 -1.443776e-02 
 3.429194e+01 -1.359927e-02 
 3.429234e+01 -1.237795e-02 
 3.429274e+01 -1.070837e-02 
 3.429313e+01 -8.355369e-03 
 3.429353e+01 -5.484412e-03 
 3.429393e+01 -2.195491e-03 
 3.429433e+01  1.425756e-03 
 3.429473e+01  5.010476e-03 
 3.429512e+01  8.264047e-03 
 3.429552e+01  1.099457e-02 
 3.429592e+01  1.309896e-02 
 3.429632e+01  1.453108e-02 
 3.429671e+01  1.528213e-02 
 3.429711e+01  1.523361e-02 
 3.429751e+01  1.441393e-02 
 3.429791e+01  1.309648e-02 
 3.429830e+01  1.128630e-02 
 3.429870e+01  9.020548e-03 
 3.429910e+01  6.488788e-03 
 3.429950e+01  3.668599e-03 
 3.429990e+01  6.376808e-04 
 3.430029e+01 -2.298193e-03 
 3.430069e+01 -4.745702e-03 
 3.430109e+01 -6.554954e-03 
 3.430149e+01 -7.651453e-03 
 3.430188e+01 -7.992009e-03 
 3.430228e+01 -7.422442e-03 
 3.430268e+01 -6.089211e-03 
 3.430308e+01 -4.027113e-03 
 3.430347e+01 -1.510902e-03 
 3.430387e+01  1.344250e-03 
 3.430427e+01  4.640359e-03 
 3.430467e+01  8.506483e-03 
 3.430507e+01  1.250710e-02 
 3.430546e+01  1.629115e-02 
 3.430586e+01  1.921212e-02 
 3.430626e+01  2.125192e-02 
 3.430666e+01  2.203905e-02 
 3.430705e+01  2.089210e-02 
 3.430745e+01  1.790114e-02 
 3.430785e+01  1.240965e-02 
 3.430825e+01  5.379330e-03 
 3.430865e+01 -2.615683e-03 
 3.430904e+01 -1.068003e-02 
 3.430944e+01 -1.805454e-02 
 3.430984e+01 -2.451195e-02 
 3.431024e+01 -2.919067e-02 
 3.431063e+01 -3.191452e-02 
 3.431103e+01 -3.278813e-02 
 3.431143e+01 -3.256739e-02 
 3.431183e+01 -3.081885e-02 
 3.431222e+01 -2.799214e-02 
 3.431262e+01 -2.372193e-02 
 3.431302e+01 -1.824271e-02 
 3.431342e+01 -1.162540e-02 
 3.431382e+01 -4.810203e-03 
 3.431421e+01  2.007079e-03 
 3.431461e+01  8.233520e-03 
 3.431501e+01  1.323562e-02 
 3.431541e+01  1.704687e-02 
 3.431580e+01  1.876527e-02 
 3.431620e+01  1.847770e-02 
 3.431660e+01  1.663248e-02 
 3.431700e+01  1.356168e-02 
 3.431739e+01  9.902816e-03 
 3.431779e+01  6.139353e-03 
 3.431819e+01  2.381784e-03 
 3.431859e+01 -9.578683e-04 
 3.431899e+01 -4.099721e-03 
 3.431938e+01 -6.679201e-03 
 3.431978e+01 -8.658735e-03 
 3.432018e+01 -1.004192e-02 
 3.432058e+01 -1.042121e-02 
 3.432097e+01 -9.705793e-03 
 3.432137e+01 -7.560755e-03 
 3.432177e+01 -4.113466e-03 
 3.432217e+01  4.768382e-04 
 3.432256e+01  5.897811e-03 
 3.432296e+01  1.171496e-02 
 3.432336e+01  1.752673e-02 
 3.432376e+01  2.266972e-02 
 3.432416e+01  2.678758e-02 
 3.432455e+01  2.953253e-02 
 3.432495e+01  3.052871e-02 
 3.432535e+01  2.959729e-02 
 3.432575e+01  2.704291e-02 
 3.432614e+01  2.302592e-02 
 3.432654e+01  1.840470e-02 
 3.432694e+01  1.359803e-02 
 3.432734e+01  9.003970e-03 
 3.432773e+01  4.260241e-03 
 3.432813e+01 -2.920853e-05 
 3.432853e+01 -3.804555e-03 
 3.432893e+01 -6.884281e-03 
 3.432933e+01 -8.952212e-03 
 3.432972e+01 -1.008999e-02 
 3.433012e+01 -1.002645e-02 
 3.433052e+01 -8.582182e-03 
 3.433092e+01 -5.939276e-03 
 3.433131e+01 -2.615118e-03 
 3.433171e+01  9.661878e-04 
 3.433211e+01  4.601297e-03 
 3.433251e+01  8.101900e-03 
 3.433290e+01  1.178686e-02 
 3.433330e+01  1.507089e-02 
 3.433370e+01  1.785051e-02 
 3.433410e+01  1.993278e-02 
 3.433450e+01  2.132471e-02 
 3.433489e+01  2.159376e-02 
 3.433529e+01  2.085671e-02 
 3.433569e+01  1.898132e-02 
 3.433609e+01  1.588641e-02 
 3.433648e+01  1.222693e-02 
 3.433688e+01  8.437616e-03 
 3.433728e+01  5.057666e-03 
 3.433768e+01  2.331621e-03 
 3.433807e+01  6.775533e-04 
 3.433847e+01 -4.917218e-05 
 3.433887e+01 -2.156567e-05 
 3.433927e+01  5.260559e-04 
 3.433967e+01  1.220591e-03 
 3.434006e+01  2.005668e-03 
 3.434046e+01  2.775118e-03 
 3.434086e+01  3.459349e-03 
 3.434126e+01  4.070125e-03 
 3.434165e+01  4.703015e-03 
 3.434205e+01  5.326010e-03 
 3.434245e+01  5.833579e-03 
 3.434285e+01  6.504480e-03 
 3.434324e+01  7.575910e-03 
 3.434364e+01  8.943850e-03 
 3.434404e+01  1.059373e-02 
 3.434444e+01  1.222609e-02 
 3.434484e+01  1.354291e-02 
 3.434523e+01  1.452972e-02 
 3.434563e+01  1.539738e-02 
 3.434603e+01  1.637474e-02 
 3.434643e+01  1.777998e-02 
 3.434682e+01  1.952107e-02 
 3.434722e+01  2.135116e-02 
 3.434762e+01  2.298103e-02 
 3.434802e+01  2.440605e-02 
 3.434841e+01  2.554325e-02 
 3.434881e+01  2.641382e-02 
 3.434921e+01  2.711654e-02 
 3.434961e+01  2.740292e-02 
 3.435001e+01  2.714530e-02 
 3.435040e+01  2.671040e-02 
 3.435080e+01  2.614336e-02 
 3.435120e+01  2.530996e-02 
 3.435160e+01  2.432462e-02 
 3.435199e+01  2.324451e-02 
 3.435239e+01  2.231335e-02 
 3.435279e+01  2.154279e-02 
 3.435319e+01  2.083627e-02 
 3.435358e+01  2.001148e-02 
 3.435398e+01  1.899199e-02 
 3.435438e+01  1.810045e-02 
 3.435478e+01  1.743131e-02 
 3.435518e+01  1.719609e-02 
 3.435557e+01  1.735903e-02 
 3.435597e+01  1.772711e-02 
 3.435637e+01  1.862689e-02 
 3.435677e+01  1.967226e-02 
 3.435716e+01  2.079150e-02 
 3.435756e+01  2.189653e-02 
 3.435796e+01  2.268908e-02 
 3.435836e+01  2.318376e-02 
 3.435875e+01  2.315478e-02 
 3.435915e+01  2.229249e-02 
 3.435955e+01  2.060097e-02 
 3.435995e+01  1.789868e-02 
 3.436035e+01  1.457872e-02 
 3.436074e+01  1.110827e-02 
 3.436114e+01  7.743110e-03 
 3.436154e+01  5.263137e-03 
 3.436194e+01  4.004409e-03 
 3.436233e+01  3.923105e-03 
 3.436273e+01  4.896584e-03 
 3.436313e+01  6.378566e-03 
 3.436353e+01  8.074263e-03 
 3.436392e+01  9.713732e-03 
 3.436432e+01  1.116845e-02 
 3.436472e+01  1.273879e-02 
 3.436512e+01  1.446932e-02 
 3.436552e+01  1.680361e-02 
 3.436591e+01  1.962390e-02 
 3.436631e+01  2.282763e-02 
 3.436671e+01  2.616224e-02 
 3.436711e+01  2.897245e-02 
 3.436750e+01  3.093226e-02 
 3.436790e+01  3.170210e-02 
 3.436830e+01  3.115846e-02 
 3.436870e+01  2.935937e-02 
 3.436909e+01  2.631511e-02 
 3.436949e+01  2.252002e-02 
 3.436989e+01  1.842479e-02 
 3.437029e+01  1.456155e-02 
 3.437069e+01  1.119601e-02 
 3.437108e+01  8.462406e-03 
 3.437148e+01  6.324034e-03 
 3.437188e+01  4.728618e-03 
 3.437228e+01  3.667906e-03 
 3.437267e+01  3.455529e-03 
 3.437307e+01  3.672069e-03 
 3.437347e+01  4.217679e-03 
 3.437387e+01  5.226302e-03 
 3.437426e+01  6.918114e-03 
 3.437466e+01  9.239720e-03 
 3.437506e+01  1.184815e-02 
 3.437546e+01  1.422769e-02 
 3.437586e+01  1.611820e-02 
 3.437625e+01  1.735837e-02 
 3.437665e+01  1.793044e-02 
 3.437705e+01  1.778029e-02 
 3.437745e+01  1.672338e-02 
 3.437784e+01  1.512815e-02 
 3.437824e+01  1.334000e-02 
 3.437864e+01  1.196652e-02 
 3.437904e+01  1.078268e-02 
 3.437943e+01  9.495939e-03 
 3.437983e+01  8.141357e-03 
 3.438023e+01  6.571141e-03 
 3.438063e+01  5.032791e-03 
 3.438103e+01  3.498304e-03 
 3.438142e+01  1.967628e-03 
 3.438182e+01  7.788129e-04 
 3.438222e+01  4.114406e-04 
 3.438262e+01  1.123544e-03 
 3.438301e+01  2.808305e-03 
 3.438341e+01  4.783211e-03 
 3.438381e+01  6.490007e-03 
 3.438421e+01  7.620489e-03 
 3.438460e+01  7.901283e-03 
 3.438500e+01  7.212973e-03 
 3.438540e+01  5.849405e-03 
 3.438580e+01  3.881130e-03 
 3.438620e+01  1.527390e-03 
 3.438659e+01 -8.971825e-04 
 3.438699e+01 -3.470420e-03 
 3.438739e+01 -6.195156e-03 
 3.438779e+01 -9.043736e-03 
 3.438818e+01 -1.194374e-02 
 3.438858e+01 -1.451500e-02 
 3.438898e+01 -1.646645e-02 
 3.438938e+01 -1.759498e-02 
 3.438977e+01 -1.793007e-02 
 3.439017e+01 -1.727067e-02 
 3.439057e+01 -1.585031e-02 
 3.439097e+01 -1.379377e-02 
 3.439137e+01 -1.141787e-02 
 3.439176e+01 -8.884925e-03 
 3.439216e+01 -6.467694e-03 
 3.439256e+01 -4.491148e-03 
 3.439296e+01 -3.124090e-03 
 3.439335e+01 -2.528022e-03 
 3.439375e+01 -2.675125e-03 
 3.439415e+01 -3.370727e-03 
 3.439455e+01 -4.185840e-03 
 3.439494e+01 -4.790959e-03 
 3.439534e+01 -5.243750e-03 
 3.439574e+01 -5.676685e-03 
 3.439614e+01 -6.109898e-03 
 3.439654e+01 -6.432845e-03 
 3.439693e+01 -6.808028e-03 
 3.439733e+01 -7.038514e-03 
 3.439773e+01 -6.699389e-03 
 3.439813e+01 -5.475674e-03 
 3.439852e+01 -3.211878e-03 
 3.439892e+01  6.054323e-05 
 3.439932e+01  3.965244e-03 
 3.439972e+01  7.942448e-03 
 3.440012e+01  1.177020e-02 
 3.440051e+01  1.526486e-02 
 3.440091e+01  1.810509e-02 
 3.440131e+01  1.994229e-02 
 3.440171e+01  2.071999e-02 
 3.440210e+01  2.042524e-02 
 3.440250e+01  1.893424e-02 
 3.440290e+01  1.627193e-02 
 3.440330e+01  1.229398e-02 
 3.440369e+01  7.351100e-03 
 3.440409e+01  1.961915e-03 
 3.440449e+01 -3.240622e-03 
 3.440489e+01 -7.894580e-03 
 3.440529e+01 -1.186623e-02 
 3.440568e+01 -1.484034e-02 
 3.440608e+01 -1.646225e-02 
 3.440648e+01 -1.619246e-02 
 3.440688e+01 -1.406390e-02 
 3.440727e+01 -1.029598e-02 
 3.440767e+01 -5.195812e-03 
 3.440807e+01  4.401388e-04 
 3.440847e+01  5.920028e-03 
 3.440886e+01  1.060977e-02 
 3.440926e+01  1.413504e-02 
 3.440966e+01  1.623406e-02 
 3.441006e+01  1.711532e-02 
 3.441046e+01  1.712884e-02 
 3.441085e+01  1.644482e-02 
 3.441125e+01  1.496429e-02 
 3.441165e+01  1.236354e-02 
 3.441205e+01  8.460165e-03 
 3.441244e+01  3.460632e-03 
 3.441284e+01 -2.076214e-03 
 3.441324e+01 -7.800761e-03 
 3.441364e+01 -1.311423e-02 
 3.441403e+01 -1.769901e-02 
 3.441443e+01 -2.138550e-02 
 3.441483e+01 -2.407640e-02 
 3.441523e+01 -2.579937e-02 
 3.441563e+01 -2.626656e-02 
 3.441602e+01 -2.554891e-02 
 3.441642e+01 -2.333752e-02 
 3.441682e+01 -1.955050e-02 
 3.441722e+01 -1.470768e-02 
 3.441761e+01 -9.161003e-03 
 3.441801e+01 -3.372644e-03 
 3.441841e+01  2.311991e-03 
 3.441881e+01  7.383799e-03 
 3.441920e+01  1.146432e-02 
 3.441960e+01  1.420677e-02 
 3.442000e+01  1.557127e-02 
 3.442040e+01  1.546064e-02 
 3.442080e+01  1.383819e-02 
 3.442119e+01  1.097307e-02 
 3.442159e+01  7.242113e-03 
 3.442199e+01  3.170016e-03 
 3.442239e+01 -4.867803e-04 
 3.442278e+01 -3.582654e-03 
 3.442318e+01 -6.101045e-03 
 3.442358e+01 -8.014947e-03 
 3.442398e+01 -9.164350e-03 
 3.442437e+01 -9.429004e-03 
 3.442477e+01 -8.842921e-03 
 3.442517e+01 -7.433368e-03 
 3.442557e+01 -4.924435e-03 
 3.442597e+01 -1.189541e-03 
 3.442636e+01  3.882423e-03 
 3.442676e+01  9.887656e-03 
 3.442716e+01  1.592454e-02 
 3.442756e+01  2.153710e-02 
 3.442795e+01  2.609750e-02 
 3.442835e+01  2.945975e-02 
 3.442875e+01  3.119977e-02 
 3.442915e+01  3.095831e-02 
 3.442954e+01  2.888013e-02 
 3.442994e+01  2.535555e-02 
 3.443034e+01  2.086717e-02 
 3.443074e+01  1.599244e-02 
 3.443114e+01  1.116556e-02 
 3.443153e+01  6.567676e-03 
 3.443193e+01  2.320198e-03 
 3.443233e+01 -1.537014e-03 
 3.443273e+01 -5.081230e-03 
 3.443312e+01 -8.282105e-03 
 3.443352e+01 -1.101498e-02 
 3.443392e+01 -1.288229e-02 
 3.443432e+01 -1.336690e-02 
 3.443471e+01 -1.198234e-02 
 3.443511e+01 -9.083747e-03 
 3.443551e+01 -5.078535e-03 
 3.443591e+01 -7.097430e-04 
 3.443631e+01  3.276810e-03 
 3.443670e+01  6.536307e-03 
 3.443710e+01  8.792920e-03 
 3.443750e+01  1.008781e-02 
 3.443790e+01  1.062944e-02 
 3.443829e+01  1.050706e-02 
 3.443869e+01  1.004409e-02 
 3.443909e+01  9.437921e-03 
 3.443949e+01  8.693776e-03 
 3.443988e+01  8.061903e-03 
 3.444028e+01  7.633405e-03 
 3.444068e+01  7.413892e-03 
 3.444108e+01  7.156300e-03 
 3.444148e+01  6.617916e-03 
 3.444187e+01  6.037263e-03 
 3.444227e+01  5.360591e-03 
 3.444267e+01  4.869934e-03 
 3.444307e+01  4.521383e-03 
 3.444346e+01  4.777387e-03 
 3.444386e+01  5.666836e-03 
 3.444426e+01  6.985753e-03 
 3.444466e+01  8.685499e-03 
 3.444505e+01  1.007127e-02 
 3.444545e+01  1.104504e-02 
 3.444585e+01  1.170119e-02 
 3.444625e+01  1.233555e-02 
 3.444665e+01  1.308288e-02 
 3.444704e+01  1.355908e-02 
 3.444744e+01  1.360076e-02 
 3.444784e+01  1.283015e-02 
 3.444824e+01  1.119137e-02 
 3.444863e+01  9.063315e-03 
 3.444903e+01  6.643389e-03 
 3.444943e+01  4.554730e-03 
 3.444983e+01  3.324261e-03 
 3.445022e+01  3.500136e-03 
 3.445062e+01  4.963766e-03 
 3.445102e+01  7.428958e-03 
 3.445142e+01  1.042403e-02 
 3.445182e+01  1.370904e-02 
 3.445221e+01  1.714660e-02 
 3.445261e+01  2.036187e-02 
 3.445301e+01  2.298379e-02 
 3.445341e+01  2.474489e-02 
 3.445380e+01  2.549029e-02 
 3.445420e+01  2.534403e-02 
 3.445460e+01  2.453504e-02 
 3.445500e+01  2.332958e-02 
 3.445539e+01  2.199583e-02 
 3.445579e+01  2.057943e-02 
 3.445619e+01  1.935197e-02 
 3.445659e+01  1.813805e-02 
 3.445699e+01  1.680839e-02 
 3.445738e+01  1.529707e-02 
 3.445778e+01  1.382358e-02 
 3.445818e+01  1.312480e-02 
 3.445858e+01  1.357976e-02 
 3.445897e+01  1.538744e-02 
 3.445937e+01  1.866135e-02 
 3.445977e+01  2.290767e-02 
 3.446017e+01  2.749231e-02 
 3.446056e+01  3.171251e-02 
 3.446096e+01  3.503098e-02 
 3.446136e+01  3.717621e-02 
 3.446176e+01  3.794366e-02 
 3.446216e+01  3.757593e-02 
 3.446255e+01  3.628116e-02 
 3.446295e+01  3.400304e-02 
 3.446335e+01  3.062404e-02 
 3.446375e+01  2.619991e-02 
 3.446414e+01  2.080747e-02 
 3.446454e+01  1.452437e-02 
 3.446494e+01  7.747170e-03 
 3.446534e+01  1.145104e-03 
 3.446573e+01 -4.803754e-03 
 3.446613e+01 -9.800288e-03 
 3.446653e+01 -1.366612e-02 
 3.446693e+01 -1.609561e-02 
 3.446733e+01 -1.691501e-02 
 3.446772e+01 -1.593940e-02 
 3.446812e+01 -1.322719e-02 
 3.446852e+01 -9.141648e-03 
 3.446892e+01 -4.217792e-03 
 3.446931e+01  1.037605e-03 
 3.446971e+01  6.340834e-03 
 3.447011e+01  1.133208e-02 
 3.447051e+01  1.562929e-02 
 3.447090e+01  1.891629e-02 
 3.447130e+01  2.091375e-02 
 3.447170e+01  2.145359e-02 
 3.447210e+01  2.062046e-02 
 3.447250e+01  1.832731e-02 
 3.447289e+01  1.453952e-02 
 3.447329e+01  9.507818e-03 
 3.447369e+01  3.994489e-03 
 3.447409e+01 -1.317406e-03 
 3.447448e+01 -5.949266e-03 
 3.447488e+01 -9.646978e-03 
 3.447528e+01 -1.238918e-02 
 3.447568e+01 -1.413947e-02 
 3.447607e+01 -1.493956e-02 
 3.447647e+01 -1.493957e-02 
 3.447687e+01 -1.414343e-02 
 3.447727e+01 -1.254108e-02 
 3.447767e+01 -1.012098e-02 
 3.447806e+01 -6.663279e-03 
 3.447846e+01 -2.427678e-03 
 3.447886e+01  2.335761e-03 
 3.447926e+01  7.061191e-03 
 3.447965e+01  1.122348e-02 
 3.448005e+01  1.452973e-02 
 3.448045e+01  1.667480e-02 
 3.448085e+01  1.722779e-02 
 3.448124e+01  1.615118e-02 
 3.448164e+01  1.387237e-02 
 3.448204e+01  1.063827e-02 
 3.448244e+01  7.044934e-03 
 3.448284e+01  3.595735e-03 
 3.448323e+01  5.623264e-04 
 3.448363e+01 -2.000180e-03 
 3.448403e+01 -4.160845e-03 
 3.448443e+01 -5.997877e-03 
 3.448482e+01 -7.365908e-03 
 3.448522e+01 -8.325671e-03 
 3.448562e+01 -8.619394e-03 
 3.448602e+01 -7.878861e-03 
 3.448641e+01 -6.057823e-03 
 3.448681e+01 -3.160980e-03 
 3.448721e+01  5.308044e-04 
 3.448761e+01  4.729389e-03 
 3.448801e+01  8.966441e-03 
 3.448840e+01  1.262689e-02 
 3.448880e+01  1.541184e-02 
 3.448920e+01  1.713367e-02 
 3.448960e+01  1.770115e-02 
 3.448999e+01  1.737765e-02 
 3.449039e+01  1.654253e-02 
 3.449079e+01  1.535543e-02 
 3.449119e+01  1.406116e-02 
 3.449159e+01  1.275828e-02 
 3.449198e+01  1.126369e-02 
 3.449238e+01  9.318624e-03 
 3.449278e+01  6.662122e-03 
 3.449318e+01  3.304845e-03 
 3.449357e+01 -3.895338e-04 
 3.449397e+01 -3.755206e-03 
 3.449437e+01 -6.178931e-03 
 3.449477e+01 -7.311862e-03 
 3.449516e+01 -7.132087e-03 
 3.449556e+01 -5.913150e-03 
 3.449596e+01 -3.883397e-03 
 3.449636e+01 -1.658759e-03 
 3.449676e+01 -1.203812e-05 
 3.449715e+01  6.051632e-04 
 3.449755e+01 -2.893077e-06 
 3.449795e+01 -1.340004e-03 
 3.449835e+01 -3.264521e-03 
 3.449874e+01 -5.420168e-03 
 3.449914e+01 -7.606537e-03 
 3.449954e+01 -9.850565e-03 
 3.449994e+01 -1.189503e-02 
 3.450033e+01 -1.348656e-02 
 3.450073e+01 -1.448029e-02 
 3.450113e+01 -1.475575e-02 
 3.450153e+01 -1.404995e-02 
 3.450193e+01 -1.225979e-02 
 3.450232e+01 -9.352567e-03 
 3.450272e+01 -5.527975e-03 
 3.450312e+01 -1.197004e-03 
 3.450352e+01  3.481566e-03 
 3.450391e+01  8.300673e-03 
 3.450431e+01  1.286741e-02 
 3.450471e+01  1.672475e-02 
 3.450511e+01  1.958921e-02 
 3.450550e+01  2.105327e-02 
 3.450590e+01  2.090493e-02 
 3.450630e+01  1.944528e-02 
 3.450670e+01  1.704069e-02 
 3.450710e+01  1.410037e-02 
 3.450749e+01  1.076173e-02 
 3.450789e+01  7.412496e-03 
 3.450829e+01  4.005286e-03 
 3.450869e+01  6.384846e-04 
 3.450908e+01 -2.463407e-03 
 3.450948e+01 -4.887205e-03 
 3.450988e+01 -6.305637e-03 
 3.451028e+01 -6.344463e-03 
 3.451067e+01 -4.706461e-03 
 3.451107e+01 -1.497543e-03 
 3.451147e+01  3.002091e-03 
 3.451187e+01  8.070396e-03 
 3.451227e+01  1.304282e-02 
 3.451266e+01  1.759154e-02 
 3.451306e+01  2.118662e-02 
 3.451346e+01  2.395072e-02 
 3.451386e+01  2.585213e-02 
 3.451425e+01  2.692537e-02 
 3.451465e+01  2.695418e-02 
 3.451505e+01  2.576147e-02 
 3.451545e+01  2.330507e-02 
 3.451584e+01  1.951694e-02 
 3.451624e+01  1.446696e-02 
 3.451664e+01  8.512356e-03 
 3.451704e+01  2.059049e-03 
 3.451744e+01 -4.388063e-03 
 3.451783e+01 -1.008292e-02 
 3.451823e+01 -1.453335e-02 
 3.451863e+01 -1.742858e-02 
 3.451903e+01 -1.857585e-02 
 3.451942e+01 -1.775466e-02 
 3.451982e+01 -1.493842e-02 
 3.452022e+01 -1.060832e-02 
 3.452062e+01 -5.468959e-03 
 3.452101e+01 -3.993664e-04 
 3.452141e+01  4.258716e-03 
 3.452181e+01  8.255066e-03 
 3.452221e+01  1.163794e-02 
 3.452261e+01  1.434538e-02 
 3.452300e+01  1.634964e-02 
 3.452340e+01  1.735645e-02 
 3.452380e+01  1.730320e-02 
 3.452420e+01  1.594405e-02 
 3.452459e+01  1.287270e-02 
 3.452499e+01  8.118023e-03 
 3.452539e+01  2.105432e-03 
 3.452579e+01 -4.574734e-03 
 3.452618e+01 -1.104622e-02 
 3.452658e+01 -1.686619e-02 
 3.452698e+01 -2.164652e-02 
 3.452738e+01 -2.502580e-02 
 3.452778e+01 -2.695707e-02 
 3.452817e+01 -2.736783e-02 
 3.452857e+01 -2.622493e-02 
 3.452897e+01 -2.354122e-02 
 3.452937e+01 -1.939635e-02 
 3.452976e+01 -1.389843e-02 
 3.453016e+01 -7.394300e-03 
 3.453056e+01 -2.977718e-04 
 3.453096e+01  6.736079e-03 
 3.453135e+01  1.321982e-02 
 3.453175e+01  1.878298e-02 
 3.453215e+01  2.295046e-02 
 3.453255e+01  2.558139e-02 
 3.453295e+01  2.654851e-02 
 3.453334e+01  2.604616e-02 
 3.453374e+01  2.421130e-02 
 3.453414e+01  2.162118e-02 
 3.453454e+01  1.866277e-02 
 3.453493e+01  1.581924e-02 
 3.453533e+01  1.328931e-02 
 3.453573e+01  1.131008e-02 
 3.453613e+01  9.924209e-03 
 3.453652e+01  8.765213e-03 
 3.453692e+01  7.769395e-03 
 3.453732e+01  7.008173e-03 
 3.453772e+01  6.790233e-03 
 3.453812e+01  7.264275e-03 
 3.453851e+01  8.697975e-03 
 3.453891e+01  1.098788e-02 
 3.453931e+01  1.393167e-02 
 3.453971e+01  1.717327e-02 
 3.454010e+01  2.026784e-02 
 3.454050e+01  2.263140e-02 
 3.454090e+01  2.372887e-02 
 3.454130e+01  2.350341e-02 
 3.454169e+01  2.238003e-02 
 3.454209e+01  2.087363e-02 
 3.454249e+01  1.915020e-02 
 3.454289e+01  1.748574e-02 
 3.454329e+01  1.599488e-02 
 3.454368e+01  1.475180e-02 
 3.454408e+01  1.369823e-02 
 3.454448e+01  1.255448e-02 
 3.454488e+01  1.115339e-02 
 3.454527e+01  9.546434e-03 
 3.454567e+01  7.975405e-03 
 3.454607e+01  6.924917e-03 
 3.454647e+01  6.540650e-03 
 3.454686e+01  6.963802e-03 
 3.454726e+01  8.258357e-03 
 3.454766e+01  1.032519e-02 
 3.454806e+01  1.284117e-02 
 3.454846e+01  1.522750e-02 
 3.454885e+01  1.686441e-02 
 3.454925e+01  1.742789e-02 
 3.454965e+01  1.695177e-02 
 3.455005e+01  1.573467e-02 
 3.455044e+01  1.408616e-02 
 3.455084e+01  1.242240e-02 
 3.455124e+01  1.092308e-02 
 3.455164e+01  9.506628e-03 
 3.455203e+01  8.213553e-03 
 3.455243e+01  7.191047e-03 
 3.455283e+01  6.461039e-03 
 3.455323e+01  6.159652e-03 
 3.455363e+01  6.268002e-03 
 3.455402e+01  6.870774e-03 
 3.455442e+01  7.990985e-03 
 3.455482e+01  9.557499e-03 
 3.455522e+01  1.151414e-02 
 3.455561e+01  1.374209e-02 
 3.455601e+01  1.609625e-02 
 3.455641e+01  1.854173e-02 
 3.455681e+01  2.089677e-02 
 3.455720e+01  2.291362e-02 
 3.455760e+01  2.420648e-02 
 3.455800e+01  2.458139e-02 
 3.455840e+01  2.404557e-02 
 3.455880e+01  2.256583e-02 
 3.455919e+01  2.016678e-02 
 3.455959e+01  1.698471e-02 
 3.455999e+01  1.297699e-02 
 3.456039e+01  8.240990e-03 
 3.456078e+01  3.263474e-03 
 3.456118e+01 -1.558334e-03 
 3.456158e+01 -5.590204e-03 
 3.456198e+01 -8.057689e-03 
 3.456237e+01 -8.400866e-03 
 3.456277e+01 -6.482491e-03 
 3.456317e+01 -2.355332e-03 
 3.456357e+01  3.651914e-03 
 3.456397e+01  1.095166e-02 
 3.456436e+01  1.866471e-02 
 3.456476e+01  2.603765e-02 
 3.456516e+01  3.271801e-02 
 3.456556e+01  3.839082e-02 
 3.456595e+01  4.286814e-02 
 3.456635e+01  4.565903e-02 
 3.456675e+01  4.640071e-02 
 3.456715e+01  4.487748e-02 
 3.456754e+01  4.120316e-02 
 3.456794e+01  3.549087e-02 
 3.456834e+01  2.809380e-02 
 3.456874e+01  1.926712e-02 
 3.456914e+01  9.665564e-03 
 3.456953e+01 -1.067457e-05 
 3.456993e+01 -8.868029e-03 
 3.457033e+01 -1.610276e-02 
 3.457073e+01 -2.123015e-02 
 3.457112e+01 -2.375592e-02 
 3.457152e+01 -2.344890e-02 
 3.457192e+01 -2.055724e-02 
 3.457232e+01 -1.561656e-02 
 3.457271e+01 -9.575303e-03 
 3.457311e+01 -3.020616e-03 
 3.457351e+01  3.465228e-03 
 3.457391e+01  9.449322e-03 
 3.457431e+01  1.484036e-02 
 3.457470e+01  1.939391e-02 
 3.457510e+01  2.281681e-02 
 3.457550e+01  2.472698e-02 
 3.457590e+01  2.484864e-02 
 3.457629e+01  2.302485e-02 
 3.457669e+01  1.934232e-02 
 3.457709e+01  1.418495e-02 
 3.457749e+01  8.160432e-03 
 3.457788e+01  1.839286e-03 
 3.457828e+01 -4.215921e-03 
 3.457868e+01 -9.319273e-03 
 3.457908e+01 -1.320191e-02 
 3.457948e+01 -1.567099e-02 
 3.457987e+01 -1.655036e-02 
 3.458027e+01 -1.599399e-02 
 3.458067e+01 -1.399230e-02 
 3.458107e+01 -1.078049e-02 
 3.458146e+01 -6.379576e-03 
 3.458186e+01 -1.063134e-03 
 3.458226e+01  4.708497e-03 
 3.458266e+01  1.058964e-02 
 3.458306e+01  1.635784e-02 
 3.458345e+01  2.169018e-02 
 3.458385e+01  2.636216e-02 
 3.458425e+01  3.002966e-02 
 3.458465e+01  3.240538e-02 
 3.458504e+01  3.325265e-02 
 3.458544e+01  3.286452e-02 
 3.458584e+01  3.148890e-02 
 3.458624e+01  2.953141e-02 
 3.458663e+01  2.701046e-02 
 3.458703e+01  2.413429e-02 
 3.458743e+01  2.098911e-02 
 3.458783e+01  1.762284e-02 
 3.458823e+01  1.385435e-02 
 3.458862e+01  9.563458e-03 
 3.458902e+01  5.184691e-03 
 3.458942e+01  1.229174e-03 
 3.458982e+01 -1.744186e-03 
 3.459021e+01 -3.471575e-03 
 3.459061e+01 -3.998245e-03 
 3.459101e+01 -3.345389e-03 
 3.459141e+01 -1.783566e-03 
 3.459180e+01  4.350245e-04 
 3.459220e+01  2.946834e-03 
 3.459260e+01  5.179358e-03 
 3.459300e+01  6.794536e-03 
 3.459340e+01  7.634056e-03 
 3.459379e+01  7.853219e-03 
 3.459419e+01  7.595247e-03 
 3.459459e+01  6.929085e-03 
 3.459499e+01  6.093362e-03 
 3.459538e+01  5.441503e-03 
 3.459578e+01  4.756033e-03 
 3.459618e+01  3.965398e-03 
 3.459658e+01  3.056871e-03 
 3.459697e+01  1.743234e-03 
 3.459737e+01  3.104176e-04 
 3.459777e+01 -9.815132e-04 
 3.459817e+01 -1.711755e-03 
 3.459857e+01 -1.797239e-03 
 3.459896e+01 -1.160815e-03 
 3.459936e+01  2.562826e-05 
 3.459976e+01  1.164943e-03 
 3.460016e+01  1.869313e-03 
 3.460055e+01  1.876368e-03 
 3.460095e+01  1.023959e-03 
 3.460135e+01 -4.650418e-04 
 3.460175e+01 -2.355778e-03 
 3.460214e+01 -4.279945e-03 
 3.460254e+01 -5.913530e-03 
 3.460294e+01 -7.048373e-03 
 3.460334e+01 -7.496473e-03 
 3.460374e+01 -7.287849e-03 
 3.460413e+01 -6.591315e-03 
 3.460453e+01 -5.544585e-03 
 3.460493e+01 -4.331478e-03 
 3.460533e+01 -2.728071e-03 
 3.460572e+01 -8.743191e-04 
 3.460612e+01  1.198502e-03 
 3.460652e+01  3.843562e-03 
 3.460692e+01  6.853460e-03 
 3.460731e+01  1.022527e-02 
 3.460771e+01  1.391445e-02 
 3.460811e+01  1.764753e-02 
 3.460851e+01  2.092037e-02 
 3.460891e+01  2.311427e-02 
 3.460930e+01  2.405819e-02 
 3.460970e+01  2.356672e-02 
 3.461010e+01  2.171061e-02 
 3.461050e+01  1.877103e-02 
 3.461089e+01  1.500547e-02 
 3.461129e+01  1.101561e-02 
 3.461169e+01  7.357175e-03 
 3.461209e+01  4.009088e-03 
 3.461248e+01  9.693081e-04 
 3.461288e+01 -1.609788e-03 
 3.461328e+01 -3.579609e-03 
 3.461368e+01 -4.650622e-03 
 3.461408e+01 -4.555389e-03 
 3.461447e+01 -3.140724e-03 
 3.461487e+01 -4.865089e-04 
 3.461527e+01  3.382456e-03 
 3.461567e+01  8.154657e-03 
 3.461606e+01  1.334025e-02 
 3.461646e+01  1.816777e-02 
 3.461686e+01  2.222572e-02 
 3.461726e+01  2.516417e-02 
 3.461765e+01  2.676522e-02 
 3.461805e+01  2.681323e-02 
 3.461845e+01  2.504180e-02 
 3.461885e+01  2.139954e-02 
 3.461925e+01  1.623154e-02 
 3.461964e+01  9.707632e-03 
 3.462004e+01  2.272530e-03 
 3.462044e+01 -5.682914e-03 
 3.462084e+01 -1.392696e-02 
 3.462123e+01 -2.198976e-02 
 3.462163e+01 -2.926484e-02 
 3.462203e+01 -3.546979e-02 
 3.462243e+01 -4.003802e-02 
 3.462282e+01 -4.222669e-02 
 3.462322e+01 -4.185062e-02 
 3.462362e+01 -3.895066e-02 
 3.462402e+01 -3.388401e-02 
 3.462442e+01 -2.705802e-02 
 3.462481e+01 -1.957206e-02 
 3.462521e+01 -1.182602e-02 
 3.462561e+01 -3.974019e-03 
 3.462601e+01  3.448869e-03 
 3.462640e+01  1.009764e-02 
 3.462680e+01  1.569240e-02 
 3.462720e+01  1.973623e-02 
 3.462760e+01  2.181797e-02 
 3.462799e+01  2.159793e-02 
 3.462839e+01  1.892393e-02 
 3.462879e+01  1.422445e-02 
 3.462919e+01  7.725462e-03 
 3.462959e+01  2.757119e-04 
 3.462998e+01 -7.303513e-03 
 3.463038e+01 -1.406323e-02 
 3.463078e+01 -1.915332e-02 
 3.463118e+01 -2.215789e-02 
 3.463157e+01 -2.241788e-02 
 3.463197e+01 -2.032915e-02 
 3.463237e+01 -1.631834e-02 
 3.463277e+01 -1.096009e-02 
 3.463316e+01 -4.703131e-03 
 3.463356e+01  1.829614e-03 
 3.463396e+01  8.519679e-03 
 3.463436e+01  1.478902e-02 
 3.463476e+01  2.050819e-02 
 3.463515e+01  2.561499e-02 
 3.463555e+01  2.995124e-02 
 3.463595e+01  3.308611e-02 
 3.463635e+01  3.467793e-02 
 3.463674e+01  3.462574e-02 
 3.463714e+01  3.264069e-02 
 3.463754e+01  2.898745e-02 
 3.463794e+01  2.409101e-02 
 3.463833e+01  1.844236e-02 
 3.463873e+01  1.238812e-02 
 3.463913e+01  6.929459e-03 
 3.463953e+01  2.695319e-03 
 3.463993e+01 -2.726225e-05 
 3.464032e+01 -9.447106e-04 
 3.464072e+01 -3.598416e-05 
 3.464112e+01  2.315711e-03 
 3.464152e+01  6.069166e-03 
 3.464191e+01  1.069674e-02 
 3.464231e+01  1.566845e-02 
 3.464271e+01  2.072191e-02 
 3.464311e+01  2.545818e-02 
 3.464350e+01  2.943023e-02 
 3.464390e+01  3.232599e-02 
 3.464430e+01  3.374214e-02 
 3.464470e+01  3.337026e-02 
 3.464510e+01  3.127362e-02 
 3.464549e+01  2.765582e-02 
 3.464589e+01  2.284396e-02 
 3.464629e+01  1.772072e-02 
 3.464669e+01  1.267473e-02 
 3.464708e+01  8.109228e-03 
 3.464748e+01  4.205214e-03 
 3.464788e+01  1.350982e-03 
 3.464828e+01 -9.286920e-04 
 3.464867e+01 -2.861730e-03 
 3.464907e+01 -4.243240e-03 
 3.464947e+01 -5.165067e-03 
 3.464987e+01 -5.467983e-03 
 3.465027e+01 -4.948474e-03 
 3.465066e+01 -3.417624e-03 
 3.465106e+01 -1.172107e-03 
 3.465146e+01  1.761548e-03 
 3.465186e+01  4.916607e-03 
 3.465225e+01  7.795147e-03 
 3.465265e+01  9.904634e-03 
 3.465305e+01  1.105128e-02 
 3.465345e+01  1.108880e-02 
 3.465384e+01  1.028064e-02 
 3.465424e+01  8.959750e-03 
 3.465464e+01  7.215908e-03 
 3.465504e+01  5.496081e-03 
 3.465544e+01  4.275270e-03 
 3.465583e+01  3.616814e-03 
 3.465623e+01  3.479360e-03 
 3.465663e+01  3.739509e-03 
 3.465703e+01  4.280157e-03 
 3.465742e+01  5.173625e-03 
 3.465782e+01  6.676487e-03 
 3.465822e+01  8.787960e-03 
 3.465862e+01  1.181093e-02 
 3.465901e+01  1.608190e-02 
 3.465941e+01  2.140132e-02 
 3.465981e+01  2.770707e-02 
 3.466021e+01  3.446287e-02 
 3.466061e+01  4.108952e-02 
 3.466100e+01  4.674400e-02 
 3.466140e+01  5.095504e-02 
 3.466180e+01  5.336648e-02 
 3.466220e+01  5.341120e-02 
 3.466259e+01  5.126145e-02 
 3.466299e+01  4.732238e-02 
 3.466339e+01  4.178229e-02 
 3.466379e+01  3.524687e-02 
 3.466418e+01  2.803937e-02 
 3.466458e+01  2.043110e-02 
 3.466498e+01  1.270066e-02 
 3.466538e+01  5.615062e-03 
 3.466578e+01 -4.857400e-04 
 3.466617e+01 -5.161387e-03 
 3.466657e+01 -7.956592e-03 
 3.466697e+01 -8.702053e-03 
 3.466737e+01 -7.485500e-03 
 3.466776e+01 -4.547391e-03 
 3.466816e+01 -1.460910e-04 
 3.466856e+01  5.123836e-03 
 3.466896e+01  1.087313e-02 
 3.466935e+01  1.660448e-02 
 3.466975e+01  2.174375e-02 
 3.467015e+01  2.588730e-02 
 3.467055e+01  2.854087e-02 
 3.467095e+01  2.941875e-02 
 3.467134e+01  2.866490e-02 
 3.467174e+01  2.625900e-02 
 3.467214e+01  2.222156e-02 
 3.467254e+01  1.688060e-02 
 3.467293e+01  1.054398e-02 
 3.467333e+01  3.355414e-03 
 3.467373e+01 -4.008837e-03 
 3.467413e+01 -1.070332e-02 
 3.467453e+01 -1.609303e-02 
 3.467492e+01 -1.949439e-02 
 3.467532e+01 -2.040556e-02 
 3.467572e+01 -1.869240e-02 
 3.467612e+01 -1.482347e-02 
 3.467651e+01 -9.402912e-03 
 3.467691e+01 -3.263636e-03 
 3.467731e+01  2.865984e-03 
 3.467771e+01  8.759892e-03 
 3.467810e+01  1.403478e-02 
 3.467850e+01  1.836367e-02 
 3.467890e+01  2.178689e-02 
 3.467930e+01  2.416900e-02 
 3.467970e+01  2.532430e-02 
 3.468009e+01  2.515311e-02 
 3.468049e+01  2.359200e-02 
 3.468089e+01  2.064341e-02 
 3.468129e+01  1.668987e-02 
 3.468168e+01  1.219537e-02 
 3.468208e+01  7.633317e-03 
 3.468248e+01  3.307471e-03 
 3.468288e+01 -4.873682e-04 
 3.468327e+01 -3.471863e-03 
 3.468367e+01 -5.333883e-03 
 3.468407e+01 -6.143020e-03 
 3.468447e+01 -5.952067e-03 
 3.468487e+01 -4.822702e-03 
 3.468526e+01 -2.610073e-03 
 3.468566e+01  3.515643e-04 
 3.468606e+01  3.878848e-03 
 3.468646e+01  7.800881e-03 
 3.468685e+01  1.189174e-02 
 3.468725e+01  1.599995e-02 
 3.468765e+01  2.011562e-02 
 3.468805e+01  2.382701e-02 
 3.468844e+01  2.654360e-02 
 3.468884e+01  2.807015e-02 
 3.468924e+01  2.824013e-02 
 3.468964e+01  2.703728e-02 
 3.469004e+01  2.503755e-02 
 3.469043e+01  2.250135e-02 
 3.469083e+01  1.982478e-02 
 3.469123e+01  1.740289e-02 
 3.469163e+01  1.563830e-02 
 3.469202e+01  1.439497e-02 
 3.469242e+01  1.344034e-02 
 3.469282e+01  1.242587e-02 
 3.469322e+01  1.116133e-02 
 3.469361e+01  9.710458e-03 
 3.469401e+01  8.277371e-03 
 3.469441e+01  7.055022e-03 
 3.469481e+01  6.022568e-03 
 3.469521e+01  5.268052e-03 
 3.469560e+01  4.263305e-03 
 3.469600e+01  3.131128e-03 
 3.469640e+01  1.536584e-03 
 3.469680e+01 -6.724236e-04 
 3.469719e+01 -3.536167e-03 
 3.469759e+01 -6.703858e-03 
 3.469799e+01 -9.862766e-03 
 3.469839e+01 -1.282727e-02 
 3.469878e+01 -1.535467e-02 
 3.469918e+01 -1.712245e-02 
 3.469958e+01 -1.794132e-02 
 3.469998e+01 -1.763072e-02 
 3.470038e+01 -1.636740e-02 
 3.470077e+01 -1.438203e-02 
 3.470117e+01 -1.185546e-02 
 3.470157e+01 -8.861349e-03 
 3.470197e+01 -5.874579e-03 
 3.470236e+01 -2.932178e-03 
 3.470276e+01  7.493754e-05 
 3.470316e+01  3.002084e-03 
 3.470356e+01  6.041132e-03 
 3.470395e+01  9.052494e-03 
 3.470435e+01  1.144559e-02 
 3.470475e+01  1.278847e-02 
 3.470515e+01  1.292152e-02 
 3.470555e+01  1.197002e-02 
 3.470594e+01  1.020180e-02 
 3.470634e+01  7.872580e-03 
 3.470674e+01  5.312065e-03 
 3.470714e+01  2.991945e-03 
 3.470753e+01  1.237192e-03 
 3.470793e+01  2.407624e-04 
 3.470833e+01 -1.757467e-04 
 3.470873e+01  2.207165e-04 
 3.470912e+01  1.298226e-03 
 3.470952e+01  2.895030e-03 
 3.470992e+01  5.245657e-03 
 3.471032e+01  8.336190e-03 
 3.471072e+01  1.182523e-02 
 3.471111e+01  1.564031e-02 
 3.471151e+01  1.952212e-02 
 3.471191e+01  2.305359e-02 
 3.471231e+01  2.569636e-02 
 3.471270e+01  2.714776e-02 
 3.471310e+01  2.697093e-02 
 3.471350e+01  2.526247e-02 
 3.471390e+01  2.244927e-02 
 3.471429e+01  1.847353e-02 
 3.471469e+01  1.372281e-02 
 3.471509e+01  8.847845e-03 
 3.471549e+01  3.903398e-03 
 3.471589e+01 -7.360004e-04 
 3.471628e+01 -4.933868e-03 
 3.471668e+01 -8.562838e-03 
 3.471708e+01 -1.177116e-02 
 3.471748e+01 -1.440911e-02 
 3.471787e+01 -1.634511e-02 
 3.471827e+01 -1.732396e-02 
 3.471867e+01 -1.707992e-02 
 3.471907e+01 -1.524086e-02 
 3.471946e+01 -1.195848e-02 
 3.471986e+01 -7.046924e-03 
 3.472026e+01 -9.904312e-04 
 3.472066e+01  5.373768e-03 
 3.472106e+01  1.153394e-02 
 3.472145e+01  1.717676e-02 
 3.472185e+01  2.153866e-02 
 3.472225e+01  2.401970e-02 
 3.472265e+01  2.463958e-02 
 3.472304e+01  2.317877e-02 
 3.472344e+01  1.984739e-02 
 3.472384e+01  1.480311e-02 
 3.472424e+01  8.411657e-03 
 3.472463e+01  8.728423e-04 
 3.472503e+01 -6.924557e-03 
 3.472543e+01 -1.476350e-02 
 3.472583e+01 -2.205129e-02 
 3.472623e+01 -2.823147e-02 
 3.472662e+01 -3.303709e-02 
 3.472702e+01 -3.626630e-02 
 3.472742e+01 -3.732080e-02 
 3.472782e+01 -3.609872e-02 
 3.472821e+01 -3.284898e-02 
 3.472861e+01 -2.782835e-02 
 3.472901e+01 -2.137442e-02 
 3.472941e+01 -1.389149e-02 
 3.472980e+01 -6.093002e-03 
 3.473020e+01  1.620476e-03 
 3.473060e+01  8.585166e-03 
 3.473100e+01  1.438299e-02 
 3.473140e+01  1.872574e-02 
 3.473179e+01  2.114686e-02 
 3.473219e+01  2.146797e-02 
 3.473259e+01  1.998621e-02 
 3.473299e+01  1.681505e-02 
 3.473338e+01  1.271051e-02 
 3.473378e+01  8.315098e-03 
 3.473418e+01  4.122916e-03 
 3.473458e+01  5.867412e-04 
 3.473497e+01 -1.917655e-03 
 3.473537e+01 -2.900806e-03 
 3.473577e+01 -1.988983e-03 
 3.473617e+01  7.429368e-04 
 3.473657e+01  4.979012e-03 
 3.473696e+01  1.017892e-02 
 3.473736e+01  1.598394e-02 
 3.473776e+01  2.192068e-02 
 3.473816e+01  2.735112e-02 
 3.473855e+01  3.216454e-02 
 3.473895e+01  3.633210e-02 
 3.473935e+01  3.952418e-02 
 3.473975e+01  4.145326e-02 
 3.474014e+01  4.190877e-02 
 3.474054e+01  4.049908e-02 
 3.474094e+01  3.709467e-02 
 3.474134e+01  3.205787e-02 
 3.474174e+01  2.595608e-02 
 3.474213e+01  1.962069e-02 
 3.474253e+01  1.360326e-02 
 3.474293e+01  8.542369e-03 
 3.474333e+01  4.772160e-03 
 3.474372e+01  2.460562e-03 
 3.474412e+01  1.621751e-03 
 3.474452e+01  1.828089e-03 
 3.474492e+01  3.032931e-03 
 3.474531e+01  5.031715e-03 
 3.474571e+01  7.178186e-03 
 3.474611e+01  9.279269e-03 
 3.474651e+01  1.099702e-02 
 3.474691e+01  1.228267e-02 
 3.474730e+01  1.307550e-02 
 3.474770e+01  1.348838e-02 
 3.474810e+01  1.354637e-02 
 3.474850e+01  1.323783e-02 
 3.474889e+01  1.250872e-02 
 3.474929e+01  1.133047e-02 
 3.474969e+01  9.479674e-03 
 3.475009e+01  7.163579e-03 
 3.475048e+01  4.316784e-03 
 3.475088e+01  1.306132e-03 
 3.475128e+01 -1.086329e-03 
 3.475168e+01 -2.505656e-03 
 3.475208e+01 -2.875763e-03 
 3.475247e+01 -1.978666e-03 
 3.475287e+01  1.202755e-05 
 3.475327e+01  2.900694e-03 
 3.475367e+01  6.360082e-03 
 3.475406e+01  1.018657e-02 
 3.475446e+01  1.419419e-02 
 3.475486e+01  1.806398e-02 
 3.475526e+01  2.191560e-02 
 3.475565e+01  2.537815e-02 
 3.475605e+01  2.817830e-02 
 3.475645e+01  3.021711e-02 
 3.475685e+01  3.104291e-02 
 3.475725e+01  3.042030e-02 
 3.475764e+01  2.837869e-02 
 3.475804e+01  2.477031e-02 
 3.475844e+01  1.999380e-02 
 3.475884e+01  1.440788e-02 
 3.475923e+01  8.707594e-03 
 3.475963e+01  3.460151e-03 
 3.476003e+01 -9.780584e-04 
 3.476043e+01 -4.311431e-03 
 3.476082e+01 -6.355301e-03 
 3.476122e+01 -7.122051e-03 
 3.476162e+01 -6.506196e-03 
 3.476202e+01 -4.767503e-03 
 3.476242e+01 -1.750642e-03 
 3.476281e+01  2.338191e-03 
 3.476321e+01  7.273983e-03 
 3.476361e+01  1.286581e-02 
 3.476401e+01  1.895067e-02 
 3.476440e+01  2.490170e-02 
 3.476480e+01  3.019174e-02 
 3.476520e+01  3.428999e-02 
 3.476560e+01  3.691370e-02 
 3.476600e+01  3.764971e-02 
 3.476639e+01  3.670832e-02 
 3.476679e+01  3.408246e-02 
 3.476719e+01  3.021689e-02 
 3.476759e+01  2.565466e-02 
 3.476798e+01  2.056901e-02 
 3.476838e+01  1.515563e-02 
 3.476878e+01  9.823027e-03 
 3.476918e+01  4.849635e-03 
 3.476957e+01  4.175745e-04 
 3.476997e+01 -3.205859e-03 
 3.477037e+01 -5.748526e-03 
 3.477077e+01 -7.121120e-03 
 3.477117e+01 -7.127177e-03 
 3.477156e+01 -5.715311e-03 
 3.477196e+01 -3.137109e-03 
 3.477236e+01  2.199607e-04 
 3.477276e+01  3.915547e-03 
 3.477315e+01  7.513601e-03 
 3.477355e+01  1.044266e-02 
 3.477395e+01  1.234786e-02 
 3.477435e+01  1.289243e-02 
 3.477474e+01  1.214732e-02 
 3.477514e+01  1.058951e-02 
 3.477554e+01  8.366719e-03 
 3.477594e+01  5.680795e-03 
 3.477634e+01  3.045153e-03 
 3.477673e+01  3.869654e-04 
 3.477713e+01 -2.201814e-03 
 3.477753e+01 -4.667639e-03 
 3.477793e+01 -7.103694e-03 
 3.477832e+01 -9.465251e-03 
 3.477872e+01 -1.142434e-02 
 3.477912e+01 -1.242593e-02 
 3.477952e+01 -1.248451e-02 
 3.477991e+01 -1.124848e-02 
 3.478031e+01 -8.610804e-03 
 3.478071e+01 -4.910022e-03 
 3.478111e+01 -3.098935e-04 
 3.478151e+01  5.061517e-03 
 3.478190e+01  1.059973e-02 
 3.478230e+01  1.600041e-02 
 3.478270e+01  2.120810e-02 
 3.478310e+01  2.589207e-02 
 3.478349e+01  2.963944e-02 
 3.478389e+01  3.235435e-02 
 3.478429e+01  3.378213e-02 
 3.478469e+01  3.391898e-02 
 3.478508e+01  3.285987e-02 
 3.478548e+01  3.059601e-02 
 3.478588e+01  2.727928e-02 
 3.478628e+01  2.320984e-02 
 3.478668e+01  1.885534e-02 
 3.478707e+01  1.447748e-02 
 3.478747e+01  1.100509e-02 
 3.478787e+01  8.485715e-03 
 3.478827e+01  6.881603e-03 
 3.478866e+01  6.216936e-03 
 3.478906e+01  6.412346e-03 
 3.478946e+01  7.361635e-03 
 3.478986e+01  8.860879e-03 
 3.479025e+01  1.081147e-02 
 3.479065e+01  1.286025e-02 
 3.479105e+01  1.490263e-02 
 3.479145e+01  1.677041e-02 
 3.479185e+01  1.787200e-02 
 3.479224e+01  1.782766e-02 
 3.479264e+01  1.657691e-02 
 3.479304e+01  1.403075e-02 
 3.479344e+01  1.023424e-02 
 3.479383e+01  5.784263e-03 
 3.479423e+01  1.200153e-03 
 3.479463e+01 -3.132038e-03 
 3.479503e+01 -6.608303e-03 
 3.479542e+01 -8.632344e-03 
 3.479582e+01 -9.333266e-03 
 3.479622e+01 -8.631421e-03 
 3.479662e+01 -6.588122e-03 
 3.479702e+01 -3.579236e-03 
 3.479741e+01  1.357721e-04 
 3.479781e+01  4.174030e-03 
 3.479821e+01  8.188492e-03 
 3.479861e+01  1.181832e-02 
 3.479900e+01  1.482758e-02 
 3.479940e+01  1.681350e-02 
 3.479980e+01  1.729038e-02 
 3.480020e+01  1.644229e-02 
 3.480059e+01  1.402614e-02 
 3.480099e+01  1.001519e-02 
 3.480139e+01  4.695460e-03 
 3.480179e+01 -1.895432e-03 
 3.480219e+01 -9.260684e-03 
 3.480258e+01 -1.663362e-02 
 3.480298e+01 -2.317927e-02 
 3.480338e+01 -2.826751e-02 
 3.480378e+01 -3.129268e-02 
 3.480417e+01 -3.218300e-02 
 3.480457e+01 -3.109845e-02 
 3.480497e+01 -2.798755e-02 
 3.480537e+01 -2.322420e-02 
 3.480576e+01 -1.745063e-02 
 3.480616e+01 -1.114108e-02 
 3.480656e+01 -4.573215e-03 
 3.480696e+01  1.773115e-03 
 3.480736e+01  7.552353e-03 
 3.480775e+01  1.284780e-02 
 3.480815e+01  1.711404e-02 
 3.480855e+01  1.994479e-02 
 3.480895e+01  2.093183e-02 
 3.480934e+01  1.982995e-02 
 3.480974e+01  1.673099e-02 
 3.481014e+01  1.203566e-02 
 3.481054e+01  6.356412e-03 
 3.481093e+01  4.083720e-04 
 3.481133e+01 -4.930343e-03 
 3.481173e+01 -9.225549e-03 
 3.481213e+01 -1.236902e-02 
 3.481253e+01 -1.443238e-02 
 3.481292e+01 -1.522896e-02 
 3.481332e+01 -1.471205e-02 
 3.481372e+01 -1.289566e-02 
 3.481412e+01 -9.696621e-03 
 3.481451e+01 -5.223703e-03 
 3.481491e+01  5.185709e-04 
 3.481531e+01  7.122212e-03 
 3.481571e+01  1.418289e-02 
 3.481610e+01  2.111030e-02 
 3.481650e+01  2.746878e-02 
 3.481690e+01  3.270931e-02 
 3.481730e+01  3.632042e-02 
 3.481770e+01  3.811880e-02 
 3.481809e+01  3.752034e-02 
 3.481849e+01  3.449410e-02 
 3.481889e+01  2.926147e-02 
 3.481929e+01  2.211020e-02 
 3.481968e+01  1.354337e-02 
 3.482008e+01  4.345481e-03 
 3.482048e+01 -4.766195e-03 
 3.482088e+01 -1.324994e-02 
 3.482127e+01 -2.053441e-02 
 3.482167e+01 -2.631885e-02 
 3.482207e+01 -3.032274e-02 
 3.482247e+01 -3.220117e-02 
 3.482287e+01 -3.187419e-02 
 3.482326e+01 -2.935237e-02 
 3.482366e+01 -2.492338e-02 
 3.482406e+01 -1.898807e-02 
 3.482446e+01 -1.209532e-02 
 3.482485e+01 -4.916428e-03 
 3.482525e+01  2.065182e-03 
 3.482565e+01  8.365011e-03 
 3.482605e+01  1.352269e-02 
 3.482644e+01  1.741013e-02 
 3.482684e+01  1.994007e-02 
 3.482724e+01  2.116099e-02 
 3.482764e+01  2.111734e-02 
 3.482804e+01  1.972045e-02 
 3.482843e+01  1.702998e-02 
 3.482883e+01  1.322736e-02 
 3.482923e+01  8.600250e-03 
 3.482963e+01  3.526204e-03 
 3.483002e+01 -1.492000e-03 
 3.483042e+01 -6.152328e-03 
 3.483082e+01 -1.007273e-02 
 3.483122e+01 -1.282940e-02 
 3.483161e+01 -1.407053e-02 
 3.483201e+01 -1.369477e-02 
 3.483241e+01 -1.175021e-02 
 3.483281e+01 -8.407380e-03 
 3.483321e+01 -4.018543e-03 
 3.483360e+01  9.913488e-04 
 3.483400e+01  5.970093e-03 
 3.483440e+01  1.041582e-02 
 3.483480e+01  1.394147e-02 
 3.483519e+01  1.665685e-02 
 3.483559e+01  1.873619e-02 
 3.483599e+01  2.006493e-02 
 3.483639e+01  2.089468e-02 
 3.483678e+01  2.121840e-02 
 3.483718e+01  2.058709e-02 
 3.483758e+01  1.897547e-02 
 3.483798e+01  1.634719e-02 
 3.483838e+01  1.319497e-02 
 3.483877e+01  9.895918e-03 
 3.483917e+01  6.912722e-03 
 3.483957e+01  4.656967e-03 
 3.483997e+01  3.184521e-03 
 3.484036e+01  2.341767e-03 
 3.484076e+01  2.332201e-03 
 3.484116e+01  2.976805e-03 
 3.484156e+01  4.308004e-03 
 3.484195e+01  6.533132e-03 
 3.484235e+01  9.382665e-03 
 3.484275e+01  1.288648e-02 
 3.484315e+01  1.667987e-02 
 3.484355e+01  2.033871e-02 
 3.484394e+01  2.352363e-02 
 3.484434e+01  2.595596e-02 
 3.484474e+01  2.763849e-02 
 3.484514e+01  2.839116e-02 
 3.484553e+01  2.835394e-02 
 3.484593e+01  2.760153e-02 
 3.484633e+01  2.592810e-02 
 3.484673e+01  2.352553e-02 
 3.484712e+01  2.034089e-02 
 3.484752e+01  1.671560e-02 
 3.484792e+01  1.309601e-02 
 3.484832e+01  9.748837e-03 
 3.484872e+01  7.031584e-03 
 3.484911e+01  5.230354e-03 
 3.484951e+01  4.383115e-03 
 3.484991e+01  4.387045e-03 
 3.485031e+01  5.146838e-03 
 3.485070e+01  6.571839e-03 
 3.485110e+01  8.445474e-03 
 3.485150e+01  1.065331e-02 
 3.485190e+01  1.278738e-02 
 3.485229e+01  1.446036e-02 
 3.485269e+01  1.522315e-02 
 3.485309e+01  1.484583e-02 
 3.485349e+01  1.313582e-02 
 3.485389e+01  1.013312e-02 
 3.485428e+01  6.230504e-03 
 3.485468e+01  1.929377e-03 
 3.485508e+01 -2.285513e-03 
 3.485548e+01 -5.714985e-03 
 3.485587e+01 -7.989388e-03 
 3.485627e+01 -8.893845e-03 
 3.485667e+01 -8.342437e-03 
 3.485707e+01 -6.190392e-03 
 3.485747e+01 -2.673921e-03 
 3.485786e+01  1.617875e-03 
 3.485826e+01  6.340419e-03 
 3.485866e+01  1.130106e-02 
 3.485906e+01  1.616270e-02 
 3.485945e+01  2.090471e-02 
 3.485985e+01  2.527841e-02 
 3.486025e+01  2.906683e-02 
 3.486065e+01  3.191389e-02 
 3.486104e+01  3.344237e-02 
 3.486144e+01  3.326117e-02 
 3.486184e+01  3.126474e-02 
 3.486224e+01  2.757400e-02 
 3.486264e+01  2.255586e-02 
 3.486303e+01  1.700425e-02 
 3.486343e+01  1.144610e-02 
 3.486383e+01  6.373568e-03 
 3.486423e+01  2.386033e-03 
 3.486462e+01 -6.303933e-05 
 3.486502e+01 -7.303853e-04 
 3.486542e+01  3.938093e-04 
 3.486582e+01  3.222699e-03 
 3.486621e+01  7.261635e-03 
 3.486661e+01  1.222787e-02 
 3.486701e+01  1.761029e-02 
 3.486741e+01  2.287336e-02 
 3.486781e+01  2.761664e-02 
 3.486820e+01  3.148900e-02 
 3.486860e+01  3.427806e-02 
 3.486900e+01  3.587486e-02 
 3.486940e+01  3.619892e-02 
 3.486979e+01  3.521116e-02 
 3.487019e+01  3.278307e-02 
 3.487059e+01  2.929313e-02 
 3.487099e+01  2.510707e-02 
 3.487138e+01  2.070414e-02 
 3.487178e+01  1.654160e-02 
 3.487218e+01  1.292498e-02 
 3.487258e+01  1.005659e-02 
 3.487298e+01  7.926562e-03 
 3.487337e+01  6.493202e-03 
 3.487377e+01  5.542664e-03 
 3.487417e+01  5.034449e-03 
 3.487457e+01  4.972704e-03 
 3.487496e+01  5.454491e-03 
 3.487536e+01  6.611545e-03 
 3.487576e+01  8.329093e-03 
 3.487616e+01  1.056476e-02 
 3.487655e+01  1.302667e-02 
 3.487695e+01  1.559412e-02 
 3.487735e+01  1.804871e-02 
 3.487775e+01  2.022185e-02 
 3.487815e+01  2.189100e-02 
 3.487854e+01  2.289497e-02 
 3.487894e+01  2.306769e-02 
 3.487934e+01  2.245178e-02 
 3.487974e+01  2.091999e-02 
 3.488013e+01  1.864435e-02 
 3.488053e+01  1.602391e-02 
 3.488093e+01  1.322913e-02 
 3.488133e+01  1.040483e-02 
 3.488172e+01  7.524066e-03 
 3.488212e+01  4.707179e-03 
 3.488252e+01  2.010027e-03 
 3.488292e+01 -4.040599e-04 
 3.488332e+01 -2.070340e-03 
 3.488371e+01 -2.647719e-03 
 3.488411e+01 -1.747841e-03 
 3.488451e+01  9.493676e-04 
 3.488491e+01  5.139462e-03 
 3.488530e+01  1.035850e-02 
 3.488570e+01  1.577382e-02 
 3.488610e+01  2.063690e-02 
 3.488650e+01  2.435668e-02 
 3.488689e+01  2.663577e-02 
 3.488729e+01  2.725454e-02 
 3.488769e+01  2.640016e-02 
 3.488809e+01  2.453275e-02 
 3.488849e+01  2.185057e-02 
 3.488888e+01  1.872442e-02 
 3.488928e+01  1.533148e-02 
 3.488968e+01  1.179718e-02 
 3.489008e+01  8.452186e-03 
 3.489047e+01  5.563047e-03 
 3.489087e+01  3.595128e-03 
 3.489127e+01  2.810719e-03 
 3.489167e+01  3.128847e-03 
 3.489206e+01  4.589580e-03 
 3.489246e+01  6.927669e-03 
 3.489286e+01  1.000396e-02 
 3.489326e+01  1.363674e-02 
 3.489366e+01  1.738214e-02 
 3.489405e+01  2.097662e-02 
 3.489445e+01  2.399863e-02 
 3.489485e+01  2.590630e-02 
 3.489525e+01  2.618418e-02 
 3.489564e+01  2.458337e-02 
 3.489604e+01  2.116502e-02 
 3.489644e+01  1.610800e-02 
 3.489684e+01  1.004669e-02 
 3.489723e+01  3.387665e-03 
 3.489763e+01 -3.429950e-03 
 3.489803e+01 -1.007269e-02 
 3.489843e+01 -1.622418e-02 
 3.489883e+01 -2.144885e-02 
 3.489922e+01 -2.540878e-02 
 3.489962e+01 -2.764596e-02 
 3.490002e+01 -2.797027e-02 
 3.490042e+01 -2.632715e-02 
 3.490081e+01 -2.269628e-02 
 3.490121e+01 -1.767597e-02 
 3.490161e+01 -1.190597e-02 
 3.490201e+01 -6.000881e-03 
 3.490240e+01 -3.745586e-04 
 3.490280e+01  4.548387e-03 
 3.490320e+01  8.490579e-03 
 3.490360e+01  1.110896e-02 
 3.490400e+01  1.226049e-02 
 3.490439e+01  1.204375e-02 
 3.490479e+01  1.035339e-02 
 3.490519e+01  7.252327e-03 
 3.490559e+01  2.773483e-03 
 3.490598e+01 -2.690751e-03 
 3.490638e+01 -8.756871e-03 
 3.490678e+01 -1.487638e-02 
 3.490718e+01 -2.050051e-02 
 3.490757e+01 -2.545886e-02 
 3.490797e+01 -2.908031e-02 
 3.490837e+01 -3.122127e-02 
 3.490877e+01 -3.141347e-02 
 3.490917e+01 -2.990468e-02 
 3.490956e+01 -2.681232e-02 
 3.490996e+01 -2.198159e-02 
 3.491036e+01 -1.572305e-02 
 3.491076e+01 -8.280201e-03 
 3.491115e+01 -5.884110e-05 
 3.491155e+01  8.433431e-03 
 3.491195e+01  1.661683e-02 
 3.491235e+01  2.379184e-02 
 3.491274e+01  2.926306e-02 
 3.491314e+01  3.252557e-02 
 3.491354e+01  3.317394e-02 
 3.491394e+01  3.101631e-02 
 3.491434e+01  2.618646e-02 
 3.491473e+01  1.915665e-02 
 3.491513e+01  1.055510e-02 
 3.491553e+01  1.149571e-03 
 3.491593e+01 -8.249100e-03 
 3.491632e+01 -1.679358e-02 
 3.491672e+01 -2.387132e-02 
 3.491712e+01 -2.902130e-02 
 3.491752e+01 -3.214697e-02 
 3.491791e+01 -3.341745e-02 
 3.491831e+01 -3.278387e-02 
 3.491871e+01 -3.029425e-02 
 3.491911e+01 -2.584649e-02 
 3.491951e+01 -1.945524e-02 
 3.491990e+01 -1.146132e-02 
 3.492030e+01 -2.367262e-03 
 3.492070e+01  7.098661e-03 
 3.492110e+01  1.594736e-02 
 3.492149e+01  2.328049e-02 
 3.492189e+01  2.833446e-02 
 3.492229e+01  3.075108e-02 
 3.492269e+01  3.075138e-02 
 3.492308e+01  2.866966e-02 
 3.492348e+01  2.481099e-02 
 3.492388e+01  1.940472e-02 
 3.492428e+01  1.301922e-02 
 3.492468e+01  6.158282e-03 
 3.492507e+01 -8.857839e-04 
 3.492547e+01 -7.818235e-03 
 3.492587e+01 -1.400268e-02 
 3.492627e+01 -1.891368e-02 
 3.492666e+01 -2.214817e-02 
 3.492706e+01 -2.398400e-02 
 3.492746e+01 -2.433634e-02 
 3.492786e+01 -2.346239e-02 
 3.492825e+01 -2.145551e-02 
 3.492865e+01 -1.799951e-02 
 3.492905e+01 -1.314566e-02 
 3.492945e+01 -7.314489e-03 
 3.492985e+01 -1.191992e-03 
 3.493024e+01  4.671944e-03 
 3.493064e+01  9.910932e-03 
 3.493104e+01  1.407791e-02 
 3.493144e+01  1.670897e-02 
 3.493183e+01  1.805851e-02 
 3.493223e+01  1.872289e-02 
 3.493263e+01  1.878329e-02 
 3.493303e+01  1.830705e-02 
 3.493342e+01  1.745567e-02 
 3.493382e+01  1.575539e-02 
 3.493422e+01  1.344805e-02 
 3.493462e+01  1.073455e-02 
 3.493502e+01  7.988488e-03 
 3.493541e+01  5.761425e-03 
 3.493581e+01  4.224653e-03 
 3.493621e+01  3.315021e-03 
 3.493661e+01  2.950564e-03 
 3.493700e+01  3.350846e-03 
 3.493740e+01  4.217121e-03 
 3.493780e+01  5.466622e-03 
 3.493820e+01  7.050770e-03 
 3.493859e+01  8.988793e-03 
 3.493899e+01  1.116386e-02 
 3.493939e+01  1.380784e-02 
 3.493979e+01  1.658433e-02 
 3.494019e+01  1.921362e-02 
 3.494058e+01  2.144962e-02 
 3.494098e+01  2.290429e-02 
 3.494138e+01  2.355615e-02 
 3.494178e+01  2.331106e-02 
 3.494217e+01  2.209882e-02 
 3.494257e+01  1.997255e-02 
 3.494297e+01  1.709463e-02 
 3.494337e+01  1.384232e-02 
 3.494376e+01  1.048597e-02 
 3.494416e+01  7.170631e-03 
 3.494456e+01  4.435576e-03 
 3.494496e+01  2.343175e-03 
 3.494536e+01  9.940674e-04 
 3.494575e+01  1.498458e-04 
 3.494615e+01 -3.675112e-04 
 3.494655e+01 -6.240203e-04 
 3.494695e+01 -7.972458e-04 
 3.494734e+01 -1.061419e-03 
 3.494774e+01 -1.510856e-03 
 3.494814e+01 -1.774103e-03 
 3.494854e+01 -1.901532e-03 
 3.494894e+01 -2.126315e-03 
 3.494933e+01 -2.672736e-03 
 3.494973e+01 -3.259227e-03 
 3.495013e+01 -4.095832e-03 
 3.495053e+01 -4.811445e-03 
 3.495092e+01 -4.493318e-03 
 3.495132e+01 -3.416145e-03 
 3.495172e+01 -1.496129e-03 
 3.495212e+01  1.366649e-03 
 3.495251e+01  5.065266e-03 
 3.495291e+01  9.584552e-03 
 3.495331e+01  1.447657e-02 
 3.495371e+01  1.929686e-02 
 3.495411e+01  2.400038e-02 
 3.495450e+01  2.855425e-02 
 3.495490e+01  3.251679e-02 
 3.495530e+01  3.519844e-02 
 3.495570e+01  3.646960e-02 
 3.495609e+01  3.598521e-02 
 3.495649e+01  3.354783e-02 
 3.495689e+01  2.958405e-02 
 3.495729e+01  2.447585e-02 
 3.495768e+01  1.857781e-02 
 3.495808e+01  1.248351e-02 
 3.495848e+01  6.619591e-03 
 3.495888e+01  1.264707e-03 
 3.495928e+01 -3.010454e-03 
 3.495967e+01 -5.971896e-03 
 3.496007e+01 -7.230411e-03 
 3.496047e+01 -6.648554e-03 
 3.496087e+01 -4.212059e-03 
 3.496126e+01 -3.854894e-05 
 3.496166e+01  5.312188e-03 
 3.496206e+01  1.167228e-02 
 3.496246e+01  1.829303e-02 
 3.496285e+01  2.458513e-02 
 3.496325e+01  3.022001e-02 
 3.496365e+01  3.482903e-02 
 3.496405e+01  3.815252e-02 
 3.496445e+01  4.009913e-02 
 3.496484e+01  4.035418e-02 
 3.496524e+01  3.886132e-02 
 3.496564e+01  3.576742e-02 
 3.496604e+01  3.127655e-02 
 3.496643e+01  2.563973e-02 
 3.496683e+01  1.951699e-02 
 3.496723e+01  1.341329e-02 
 3.496763e+01  7.606551e-03 
 3.496802e+01  2.600805e-03 
 3.496842e+01 -9.656308e-04 
 3.496882e+01 -3.052354e-03 
 3.496922e+01 -3.841090e-03 
 3.496962e+01 -3.335681e-03 
 3.497001e+01 -1.722953e-03 
 3.497041e+01  1.232722e-03 
 3.497081e+01  5.514445e-03 
 3.497121e+01  1.070564e-02 
 3.497160e+01  1.674377e-02 
 3.497200e+01  2.337814e-02 
 3.497240e+01  3.009956e-02 
 3.497280e+01  3.620707e-02 
 3.497319e+01  4.113130e-02 
 3.497359e+01  4.417813e-02 
 3.497399e+01  4.482575e-02 
 3.497439e+01  4.325046e-02 
 3.497479e+01  3.959760e-02 
 3.497518e+01  3.394761e-02 
 3.497558e+01  2.662626e-02 
 3.497598e+01  1.814238e-02 
 3.497638e+01  9.080485e-03 
 3.497677e+01  2.958986e-04 
 3.497717e+01 -7.959233e-03 
 3.497757e+01 -1.498363e-02 
 3.497797e+01 -1.989471e-02 
 3.497836e+01 -2.246658e-02 
 3.497876e+01 -2.261208e-02 
 3.497916e+01 -2.040962e-02 
 3.497956e+01 -1.587671e-02 
 3.497996e+01 -9.392939e-03 
 3.498035e+01 -1.349673e-03 
 3.498075e+01  7.966255e-03 
 3.498115e+01  1.777934e-02 
 3.498155e+01  2.717416e-02 
 3.498194e+01  3.527942e-02 
 3.498234e+01  4.136450e-02 
 3.498274e+01  4.498410e-02 
 3.498314e+01  4.587145e-02 
 3.498353e+01  4.423321e-02 
 3.498393e+01  4.050775e-02 
 3.498433e+01  3.526943e-02 
 3.498473e+01  2.910280e-02 
 3.498513e+01  2.242846e-02 
 3.498552e+01  1.587618e-02 
 3.498592e+01  9.923622e-03 
 3.498632e+01  4.965567e-03 
 3.498672e+01  1.461867e-03 
 3.498711e+01 -1.798235e-04 
 3.498751e+01  2.160025e-05 
 3.498791e+01  1.890830e-03 
 3.498831e+01  5.359554e-03 
 3.498870e+01  9.887118e-03 
 3.498910e+01  1.511104e-02 
 3.498950e+01  2.050929e-02 
 3.498990e+01  2.538184e-02 
 3.499030e+01  2.935846e-02 
 3.499069e+01  3.236023e-02 
 3.499109e+01  3.379482e-02 
 3.499149e+01  3.349765e-02 
 3.499189e+01  3.168614e-02 
 3.499228e+01  2.863045e-02 
 3.499268e+01  2.471134e-02 
 3.499308e+01  2.027258e-02 
 3.499348e+01  1.558940e-02 
 3.499387e+01  1.104556e-02 
 3.499427e+01  7.011763e-03 
 3.499467e+01  3.527604e-03 
 3.499507e+01  6.681601e-04 
 3.499547e+01 -1.615906e-03 
 3.499586e+01 -3.062556e-03 
 3.499626e+01 -3.450378e-03 
 3.499666e+01 -2.419162e-03 
 3.499706e+01 -9.082516e-05 
 3.499745e+01  3.017029e-03 
 3.499785e+01  6.199168e-03 
 3.499825e+01  9.350606e-03 
 3.499865e+01  1.227861e-02 
 3.499904e+01  1.466933e-02 
 3.499944e+01  1.640842e-02 
 3.499984e+01  1.767782e-02 
 3.500024e+01  1.849591e-02 
 3.500064e+01  1.862822e-02 
 3.500103e+01  1.789842e-02 
 3.500143e+01  1.616229e-02 
 3.500183e+01  1.341619e-02 
 3.500223e+01  9.876642e-03 
 3.500262e+01  5.703929e-03 
 3.500302e+01  1.274650e-03 
 3.500342e+01 -3.195760e-03 
 3.500382e+01 -7.784105e-03 
 3.500421e+01 -1.218249e-02 
 3.500461e+01 -1.590786e-02 
 3.500501e+01 -1.857542e-02 
 3.500541e+01 -2.006809e-02 
 3.500581e+01 -1.999230e-02 
 3.500620e+01 -1.834153e-02 
 3.500660e+01 -1.528356e-02 
 3.500700e+01 -1.104477e-02 
 3.500740e+01 -6.052361e-03 
 3.500779e+01 -9.251086e-04 
 3.500819e+01  3.907916e-03 
 3.500859e+01  7.913493e-03 
 3.500899e+01  1.079330e-02 
 3.500938e+01  1.245576e-02 
 3.500978e+01  1.263182e-02 
 3.501018e+01  1.113956e-02 
 3.501058e+01  7.973779e-03 
 3.501098e+01  3.429945e-03 
 3.501137e+01 -2.151914e-03 
 3.501177e+01 -8.210042e-03 
 3.501217e+01 -1.394151e-02 
 3.501257e+01 -1.870156e-02 
 3.501296e+01 -2.190348e-02 
 3.501336e+01 -2.341129e-02 
 3.501376e+01 -2.305305e-02 
 3.501416e+01 -2.068997e-02 
 3.501455e+01 -1.653628e-02 
 3.501495e+01 -1.093884e-02 
 3.501535e+01 -4.299105e-03 
 3.501575e+01  3.061669e-03 
 3.501615e+01  1.072096e-02 
 3.501654e+01  1.811550e-02 
 3.501694e+01  2.450491e-02 
 3.501734e+01  2.940672e-02 
 3.501774e+01  3.238657e-02 
 3.501813e+01  3.323101e-02 
 3.501853e+01  3.187377e-02 
 3.501893e+01  2.838962e-02 
 3.501933e+01  2.323941e-02 
 3.501972e+01  1.697923e-02 
 3.502012e+01  1.030849e-02 
 3.502052e+01  4.050962e-03 
 3.502092e+01 -1.251781e-03 
 3.502132e+01 -5.783658e-03 
 3.502171e+01 -9.300807e-03 
 3.502211e+01 -1.154731e-02 
 3.502251e+01 -1.240123e-02 
 3.502291e+01 -1.212853e-02 
 3.502330e+01 -1.062619e-02 
 3.502370e+01 -8.036155e-03 
 3.502410e+01 -4.664218e-03 
 3.502450e+01 -8.997408e-04 
 3.502489e+01  2.748324e-03 
 3.502529e+01  5.886784e-03 
 3.502569e+01  8.190319e-03 
 3.502609e+01  9.520836e-03 
 3.502649e+01  9.866388e-03 
 3.502688e+01  9.557503e-03 
 3.502728e+01  8.570732e-03 
 3.502768e+01  7.080571e-03 
 3.502808e+01  5.449666e-03 
 3.502847e+01  3.837601e-03 
 3.502887e+01  2.382603e-03 
 3.502927e+01  1.247462e-03 
 3.502967e+01  4.377607e-04 
 3.503006e+01 -1.334790e-04 
 3.503046e+01 -6.312716e-04 
 3.503086e+01 -1.059623e-03 
 3.503126e+01 -1.352677e-03 
 3.503166e+01 -1.303290e-03 
 3.503205e+01 -7.028113e-04 
 3.503245e+01  5.723488e-04 
 3.503285e+01  2.517685e-03 
 3.503325e+01  4.871856e-03 
 3.503364e+01  7.437202e-03 
 3.503404e+01  9.757835e-03 
 3.503444e+01  1.181502e-02 
 3.503484e+01  1.332315e-02 
 3.503523e+01  1.435795e-02 
 3.503563e+01  1.480632e-02 
 3.503603e+01  1.502734e-02 
 3.503643e+01  1.509183e-02 
 3.503683e+01  1.467689e-02 
 3.503722e+01  1.358828e-02 
 3.503762e+01  1.189043e-02 
 3.503802e+01  9.727369e-03 
 3.503842e+01  7.397370e-03 
 3.503881e+01  5.156223e-03 
 3.503921e+01  3.199007e-03 
 3.503961e+01  1.652599e-03 
 3.504001e+01  7.683577e-04 
 3.504040e+01  9.052382e-04 
 3.504080e+01  1.979837e-03 
 3.504120e+01  3.883817e-03 
 3.504160e+01  6.139130e-03 
 3.504200e+01  8.720352e-03 
 3.504239e+01  1.132541e-02 
 3.504279e+01  1.333672e-02 
 3.504319e+01  1.439532e-02 
 3.504359e+01  1.419625e-02 
 3.504398e+01  1.292105e-02 
 3.504438e+01  1.099558e-02 
 3.504478e+01  8.622611e-03 
 3.504518e+01  6.049967e-03 
 3.504558e+01  3.497509e-03 
 3.504597e+01  1.132032e-03 
 3.504637e+01 -8.856775e-04 
 3.504677e+01 -2.369267e-03 
 3.504717e+01 -3.038258e-03 
 3.504756e+01 -2.520138e-03 
 3.504796e+01 -7.084049e-04 
 3.504836e+01  2.544280e-03 
 3.504876e+01  7.057367e-03 
 3.504915e+01  1.210020e-02 
 3.504955e+01  1.681850e-02 
 3.504995e+01  2.073146e-02 
 3.505035e+01  2.333309e-02 
 3.505075e+01  2.444776e-02 
 3.505114e+01  2.395561e-02 
 3.505154e+01  2.204818e-02 
 3.505194e+01  1.864789e-02 
 3.505234e+01  1.384893e-02 
 3.505273e+01  7.733860e-03 
 3.505313e+01  4.327224e-04 
 3.505353e+01 -7.526789e-03 
 3.505393e+01 -1.571592e-02 
 3.505432e+01 -2.338089e-02 
 3.505472e+01 -2.978328e-02 
 3.505512e+01 -3.434257e-02 
 3.505552e+01 -3.680472e-02 
 3.505592e+01 -3.690825e-02 
 3.505631e+01 -3.463922e-02 
 3.505671e+01 -3.018525e-02 
 3.505711e+01 -2.388791e-02 
 3.505751e+01 -1.647302e-02 
 3.505790e+01 -8.400675e-03 
 3.505830e+01  5.214520e-05 
 3.505870e+01  8.120798e-03 
 3.505910e+01  1.500931e-02 
 3.505949e+01  2.032145e-02 
 3.505989e+01  2.417535e-02 
 3.506029e+01  2.643477e-02 
 3.506069e+01  2.724509e-02 
 3.506109e+01  2.671121e-02 
 3.506148e+01  2.465773e-02 
 3.506188e+01  2.126424e-02 
 3.506228e+01  1.669826e-02 
 3.506268e+01  1.134806e-02 
 3.506307e+01  5.566938e-03 
 3.506347e+01 -1.078625e-04 
 3.506387e+01 -5.140871e-03 
 3.506427e+01 -8.718327e-03 
 3.506466e+01 -1.049797e-02 
 3.506506e+01 -1.029579e-02 
 3.506546e+01 -8.338281e-03 
 3.506586e+01 -4.664061e-03 
 3.506626e+01  5.634265e-04 
 3.506665e+01  7.109604e-03 
 3.506705e+01  1.440886e-02 
 3.506745e+01  2.212651e-02 
 3.506785e+01  2.985458e-02 
 3.506824e+01  3.705520e-02 
 3.506864e+01  4.321758e-02 
 3.506904e+01  4.781302e-02 
 3.506944e+01  5.033384e-02 
 3.506983e+01  5.036047e-02 
 3.507023e+01  4.764229e-02 
 3.507063e+01  4.254802e-02 
 3.507103e+01  3.557624e-02 
 3.507143e+01  2.720079e-02 
 3.507182e+01  1.814543e-02 
 3.507222e+01  9.380666e-03 
 3.507262e+01  1.417019e-03 
 3.507302e+01 -5.302451e-03 
 3.507341e+01 -1.020750e-02 
 3.507381e+01 -1.305948e-02 
 3.507421e+01 -1.365475e-02 
 3.507461e+01 -1.156045e-02 
 3.507500e+01 -6.730457e-03 
 3.507540e+01  6.245966e-04 
 3.507580e+01  9.873761e-03 
 3.507620e+01  2.013058e-02 
 3.507660e+01  3.036492e-02 
 3.507699e+01  3.975353e-02 
 3.507739e+01  4.751923e-02 
 3.507779e+01  5.297534e-02 
 3.507819e+01  5.576724e-02 
 3.507858e+01  5.567084e-02 
 3.507898e+01  5.274326e-02 
 3.507938e+01  4.713659e-02 
 3.507978e+01  3.940680e-02 
 3.508017e+01  3.044026e-02 
 3.508057e+01  2.101940e-02 
 3.508097e+01  1.152058e-02 
 3.508137e+01  2.549469e-03 
 3.508177e+01 -5.249208e-03 
 3.508216e+01 -1.135873e-02 
 3.508256e+01 -1.550836e-02 
 3.508296e+01 -1.741525e-02 
 3.508336e+01 -1.689079e-02 
 3.508375e+01 -1.397154e-02 
 3.508415e+01 -8.857460e-03 
 3.508455e+01 -2.083324e-03 
 3.508495e+01  5.473886e-03 
 3.508534e+01  1.283612e-02 
 3.508574e+01  1.927153e-02 
 3.508614e+01  2.459493e-02 
 3.508654e+01  2.855103e-02 
 3.508694e+01  3.109371e-02 
 3.508733e+01  3.204383e-02 
 3.508773e+01  3.139537e-02 
 3.508813e+01  2.947439e-02 
 3.508853e+01  2.646630e-02 
 3.508892e+01  2.257606e-02 
 3.508932e+01  1.815289e-02 
 3.508972e+01  1.384147e-02 
 3.509012e+01  1.007023e-02 
 3.509051e+01  7.114528e-03 
 3.509091e+01  5.040551e-03 
 3.509131e+01  3.803971e-03 
 3.509171e+01  3.383060e-03 
 3.509211e+01  3.733697e-03 
 3.509250e+01  5.121955e-03 
 3.509290e+01  7.630737e-03 
 3.509330e+01  1.122959e-02 
 3.509370e+01  1.559681e-02 
 3.509409e+01  2.058430e-02 
 3.509449e+01  2.588781e-02 
 3.509489e+01  3.105801e-02 
 3.509529e+01  3.563778e-02 
 3.509568e+01  3.941688e-02 
 3.509608e+01  4.221508e-02 
 3.509648e+01  4.370242e-02 
 3.509688e+01  4.373795e-02 
 3.509728e+01  4.205901e-02 
 3.509767e+01  3.856340e-02 
 3.509807e+01  3.348427e-02 
 3.509847e+01  2.713899e-02 
 3.509887e+01  2.009015e-02 
 3.509926e+01  1.301529e-02 
 3.509966e+01  6.580198e-03 
 3.510006e+01  9.663132e-04 
 3.510046e+01 -3.359615e-03 
 3.510085e+01 -6.354340e-03 
 3.510125e+01 -8.054532e-03 
 3.510165e+01 -8.217946e-03 
 3.510205e+01 -6.637995e-03 
 3.510245e+01 -3.144272e-03 
 3.510284e+01  1.855636e-03 
 3.510324e+01  7.626756e-03 
 3.510364e+01  1.346636e-02 
 3.510404e+01  1.870898e-02 
 3.510443e+01  2.251307e-02 
 3.510483e+01  2.423811e-02 
 3.510523e+01  2.371273e-02 
 3.510563e+01  2.103283e-02 
 3.510602e+01  1.661901e-02 
 3.510642e+01  1.092378e-02 
 3.510682e+01  4.403091e-03 
 3.510722e+01 -2.512894e-03 
 3.510762e+01 -9.271733e-03 
 3.510801e+01 -1.520850e-02 
 3.510841e+01 -1.978389e-02 
 3.510881e+01 -2.280044e-02 
 3.510921e+01 -2.414939e-02 
 3.510960e+01 -2.373326e-02 
 3.511000e+01 -2.143738e-02 
 3.511040e+01 -1.720993e-02 
 3.511080e+01 -1.143990e-02 
 3.511119e+01 -4.858622e-03 
 3.511159e+01  2.158486e-03 
 3.511199e+01  8.821193e-03 
 3.511239e+01  1.428484e-02 
 3.511279e+01  1.784417e-02 
 3.511318e+01  1.921825e-02 
 3.511358e+01  1.883069e-02 
 3.511398e+01  1.696796e-02 
 3.511438e+01  1.411565e-02 
 3.511477e+01  1.082415e-02 
 3.511517e+01  7.164515e-03 
 3.511557e+01  3.461254e-03 
 3.511597e+01 -2.532301e-05 
 3.511636e+01 -3.002566e-03 
 3.511676e+01 -5.365517e-03 
 3.511716e+01 -6.936123e-03 
 3.511756e+01 -7.679284e-03 
 3.511796e+01 -7.363507e-03 
 3.511835e+01 -6.087283e-03 
 3.511875e+01 -4.282908e-03 
 3.511915e+01 -1.981527e-03 
 3.511955e+01  5.710823e-04 
 3.511994e+01  3.303382e-03 
 3.512034e+01  6.145364e-03 
 3.512074e+01  8.899205e-03 
 3.512114e+01  1.141020e-02 
 3.512153e+01  1.361180e-02 
 3.512193e+01  1.548791e-02 
 3.512233e+01  1.715437e-02 
 3.512273e+01  1.878077e-02 
 3.512313e+01  2.034332e-02 
 3.512352e+01  2.163619e-02 
 3.512392e+01  2.233993e-02 
 3.512432e+01  2.248214e-02 
 3.512472e+01  2.163590e-02 
 3.512511e+01  1.973040e-02 
 3.512551e+01  1.713300e-02 
 3.512591e+01  1.437272e-02 
 3.512631e+01  1.185134e-02 
 3.512670e+01  9.597138e-03 
 3.512710e+01  7.716158e-03 
 3.512750e+01  6.212012e-03 
 3.512790e+01  5.131037e-03 
 3.512830e+01  4.485401e-03 
 3.512869e+01  4.396156e-03 
 3.512909e+01  4.917243e-03 
 3.512949e+01  6.170168e-03 
 3.512989e+01  8.036891e-03 
 3.513028e+01  1.012570e-02 
 3.513068e+01  1.186971e-02 
 3.513108e+01  1.270279e-02 
 3.513148e+01  1.239647e-02 
 3.513187e+01  1.079519e-02 
 3.513227e+01  8.145897e-03 
 3.513267e+01  4.772735e-03 
 3.513307e+01  6.826762e-04 
 3.513347e+01 -3.530449e-03 
 3.513386e+01 -7.108704e-03 
 3.513426e+01 -9.630636e-03 
 3.513466e+01 -1.086597e-02 
 3.513506e+01 -1.041717e-02 
 3.513545e+01 -8.457718e-03 
 3.513585e+01 -4.942056e-03 
 3.513625e+01 -6.811043e-04 
 3.513665e+01  3.854867e-03 
 3.513705e+01  7.999821e-03 
 3.513744e+01  1.127620e-02 
 3.513784e+01  1.360502e-02 
 3.513824e+01  1.485839e-02 
 3.513864e+01  1.499201e-02 
 3.513903e+01  1.376643e-02 
 3.513943e+01  1.107705e-02 
 3.513983e+01  6.807872e-03 
 3.514023e+01  1.202481e-03 
 3.514062e+01 -5.240389e-03 
 3.514102e+01 -1.162528e-02 
 3.514142e+01 -1.704922e-02 
 3.514182e+01 -2.062751e-02 
 3.514222e+01 -2.187137e-02 
 3.514261e+01 -2.074159e-02 
 3.514301e+01 -1.771271e-02 
 3.514341e+01 -1.316246e-02 
 3.514381e+01 -7.773492e-03 
 3.514420e+01 -1.887625e-03 
 3.514460e+01  4.115476e-03 
 3.514500e+01  9.922802e-03 
 3.514540e+01  1.498893e-02 
 3.514579e+01  1.859987e-02 
 3.514619e+01  2.033610e-02 
 3.514659e+01  1.971676e-02 
 3.514699e+01  1.661553e-02 
 3.514739e+01  1.126341e-02 
 3.514778e+01  4.360291e-03 
 3.514818e+01 -3.342801e-03 
 3.514858e+01 -1.143265e-02 
 3.514898e+01 -1.921975e-02 
 3.514937e+01 -2.619908e-02 
 3.514977e+01 -3.169994e-02 
 3.515017e+01 -3.533882e-02 
 3.515057e+01 -3.663789e-02 
 3.515096e+01 -3.557289e-02 
 3.515136e+01 -3.233645e-02 
 3.515176e+01 -2.706374e-02 
 3.515216e+01 -2.026320e-02 
 3.515256e+01 -1.261722e-02 
 3.515295e+01 -4.455274e-03 
 3.515335e+01  3.871170e-03 
 3.515375e+01  1.205011e-02 
 3.515415e+01  1.972126e-02 
 3.515454e+01  2.653439e-02 
 3.515494e+01  3.178386e-02 
 3.515534e+01  3.495130e-02 
 3.515574e+01  3.599969e-02 
 3.515613e+01  3.488542e-02 
 3.515653e+01  3.168692e-02 
 3.515693e+01  2.681951e-02 
 3.515733e+01  2.086449e-02 
 3.515773e+01  1.444365e-02 
 3.515812e+01  7.827251e-03 
 3.515852e+01  1.269643e-03 
 3.515892e+01 -5.059147e-03 
 3.515932e+01 -1.085857e-02 
 3.515971e+01 -1.577685e-02 
 3.516011e+01 -1.942621e-02 
 3.516051e+01 -2.128258e-02 
 3.516091e+01 -2.105690e-02 
 3.516130e+01 -1.851002e-02 
 3.516170e+01 -1.371411e-02 
 3.516210e+01 -6.859451e-03 
 3.516250e+01  1.433051e-03 
 3.516290e+01  1.051765e-02 
 3.516329e+01  1.983426e-02 
 3.516369e+01  2.859303e-02 
 3.516409e+01  3.614125e-02 
 3.516449e+01  4.187815e-02 
 3.516488e+01  4.527493e-02 
 3.516528e+01  4.590584e-02 
 3.516568e+01  4.385783e-02 
 3.516608e+01  3.900202e-02 
 3.516647e+01  3.159765e-02 
 3.516687e+01  2.242460e-02 
 3.516727e+01  1.206398e-02 
 3.516767e+01  1.219926e-03 
 3.516807e+01 -9.022039e-03 
 3.516846e+01 -1.762632e-02 
 3.516886e+01 -2.398714e-02 
 3.516926e+01 -2.739008e-02 
 3.516966e+01 -2.750690e-02 
 3.517005e+01 -2.434717e-02 
 3.517045e+01 -1.811046e-02 
 3.517085e+01 -9.399907e-03 
 3.517125e+01  9.567109e-04 
 3.517164e+01  1.217123e-02 
 3.517204e+01  2.358334e-02 
 3.517244e+01  3.440421e-02 
 3.517284e+01  4.394822e-02 
 3.517324e+01  5.161249e-02 
 3.517363e+01  5.674051e-02 
 3.517403e+01  5.888522e-02 
 3.517443e+01  5.779299e-02 
 3.517483e+01  5.338782e-02 
 3.517522e+01  4.608329e-02 
 3.517562e+01  3.648420e-02 
 3.517602e+01  2.538237e-02 
 3.517642e+01  1.381015e-02 
 3.517681e+01  2.846938e-03 
 3.517721e+01 -6.627170e-03 
 3.517761e+01 -1.401283e-02 
 3.517801e+01 -1.861426e-02 
 3.517841e+01 -2.043178e-02 
 3.517880e+01 -1.975276e-02 
 3.517920e+01 -1.664127e-02 
 3.517960e+01 -1.115369e-02 
 3.518000e+01 -3.831780e-03 
 3.518039e+01  4.895926e-03 
 3.518079e+01  1.447114e-02 
 3.518119e+01  2.410438e-02 
 3.518159e+01  3.313825e-02 
 3.518198e+01  4.075455e-02 
 3.518238e+01  4.645198e-02 
 3.518278e+01  4.966643e-02 
 3.518318e+01  5.055293e-02 
 3.518358e+01  4.932331e-02 
 3.518397e+01  4.630898e-02 
 3.518437e+01  4.187130e-02 
 3.518477e+01  3.625891e-02 
 3.518517e+01  2.973661e-02 
 3.518556e+01  2.258616e-02 
 3.518596e+01  1.540350e-02 
 3.518636e+01  8.607115e-03 
 3.518676e+01  2.663537e-03 
 3.518715e+01 -1.858977e-03 
 3.518755e+01 -4.830103e-03 
 3.518795e+01 -5.827328e-03 
 3.518835e+01 -4.790736e-03 
 3.518875e+01 -1.763496e-03 
 3.518914e+01  3.187142e-03 
 3.518954e+01  9.508938e-03 
 3.518994e+01  1.661662e-02 
 3.519034e+01  2.400049e-02 
 3.519073e+01  3.093591e-02 
 3.519113e+01  3.670847e-02 
 3.519153e+01  4.081812e-02 
 3.519193e+01  4.293149e-02 
 3.519232e+01  4.304451e-02 
 3.519272e+01  4.093531e-02 
 3.519312e+01  3.692560e-02 
 3.519352e+01  3.087624e-02 
 3.519392e+01  2.319155e-02 
 3.519431e+01  1.431304e-02 
 3.519471e+01  4.659844e-03 
 3.519511e+01 -5.132661e-03 
 3.519551e+01 -1.417942e-02 
 3.519590e+01 -2.147264e-02 
 3.519630e+01 -2.634192e-02 
 3.519670e+01 -2.833677e-02 
 3.519710e+01 -2.745257e-02 
 3.519749e+01 -2.406585e-02 
 3.519789e+01 -1.887092e-02 
 3.519829e+01 -1.245375e-02 
 3.519869e+01 -5.464979e-03 
 3.519909e+01  1.589694e-03 
 3.519948e+01  8.362150e-03 
 3.519988e+01  1.453111e-02 
 3.520028e+01  1.961897e-02 
 3.520068e+01  2.321457e-02 
 3.520107e+01  2.487486e-02 
 3.520147e+01  2.459863e-02 
 3.520187e+01  2.258936e-02 
 3.520227e+01  1.906687e-02 
 3.520266e+01  1.468553e-02 
 3.520306e+01  1.004614e-02 
 3.520346e+01  5.697683e-03 
 3.520386e+01  2.097848e-03 
 3.520426e+01 -5.170407e-04 
 3.520465e+01 -1.971920e-03 
 3.520505e+01 -2.221625e-03 
 3.520545e+01 -1.304022e-03 
 3.520585e+01  7.542736e-04 
 3.520624e+01  3.502967e-03 
 3.520664e+01  6.590849e-03 
 3.520704e+01  9.644173e-03 
 3.520744e+01  1.241485e-02 
 3.520783e+01  1.450496e-02 
 3.520823e+01  1.582792e-02 
 3.520863e+01  1.639962e-02 
 3.520903e+01  1.624992e-02 
 3.520943e+01  1.556784e-02 
 3.520982e+01  1.446558e-02 
 3.521022e+01  1.287942e-02 
 3.521062e+01  1.105548e-02 
 3.521102e+01  9.254775e-03 
 3.521141e+01  7.591668e-03 
 3.521181e+01  6.432720e-03 
 3.521221e+01  5.787388e-03 
 3.521261e+01  5.622457e-03 
 3.521300e+01  5.672048e-03 
 3.521340e+01  5.691738e-03 
 3.521380e+01  5.353745e-03 
 3.521420e+01  4.618626e-03 
 3.521460e+01  3.805601e-03 
 3.521499e+01  3.264111e-03 
 3.521539e+01  3.275254e-03 
 3.521579e+01  4.006708e-03 
 3.521619e+01  5.333945e-03 
 3.521658e+01  6.898921e-03 
 3.521698e+01  8.454816e-03 
 3.521738e+01  9.766010e-03 
 3.521778e+01  1.088010e-02 
 3.521817e+01  1.174981e-02 
 3.521857e+01  1.251038e-02 
 3.521897e+01  1.316552e-02 
 3.521937e+01  1.381286e-02 
 3.521977e+01  1.442139e-02 
 3.522016e+01  1.437995e-02 
 3.522056e+01  1.360526e-02 
 3.522096e+01  1.166159e-02 
 3.522136e+01  8.935391e-03 
 3.522175e+01  5.603839e-03 
 3.522215e+01  2.229049e-03 
 3.522255e+01 -8.556858e-04 
 3.522295e+01 -3.264788e-03 
 3.522334e+01 -4.809548e-03 
 3.522374e+01 -5.442887e-03 
 3.522414e+01 -5.064035e-03 
 3.522454e+01 -3.960880e-03 
 3.522494e+01 -2.254248e-03 
 3.522533e+01 -5.858622e-04 
 3.522573e+01  7.320919e-04 
 3.522613e+01  1.032098e-03 
 3.522653e+01  2.290695e-04 
 3.522692e+01 -1.708526e-03 
 3.522732e+01 -4.319656e-03 
 3.522772e+01 -7.098312e-03 
 3.522812e+01 -9.772541e-03 
 3.522852e+01 -1.208276e-02 
 3.522891e+01 -1.394364e-02 
 3.522931e+01 -1.508556e-02 
 3.522971e+01 -1.527961e-02 
 3.523011e+01 -1.430567e-02 
 3.523050e+01 -1.186804e-02 
 3.523090e+01 -7.644591e-03 
 3.523130e+01 -1.847104e-03 
 3.523170e+01  5.251134e-03 
 3.523209e+01  1.288006e-02 
 3.523249e+01  2.017970e-02 
 3.523289e+01  2.618746e-02 
 3.523329e+01  3.023383e-02 
 3.523369e+01  3.183116e-02 
 3.523408e+01  3.091853e-02 
 3.523448e+01  2.764774e-02 
 3.523488e+01  2.252174e-02 
 3.523528e+01  1.600327e-02 
 3.523567e+01  8.676622e-03 
 3.523607e+01  1.119412e-03 
 3.523647e+01 -6.117721e-03 
 3.523687e+01 -1.248112e-02 
 3.523726e+01 -1.717117e-02 
 3.523766e+01 -1.983245e-02 
 3.523806e+01 -2.022483e-02 
 3.523846e+01 -1.834964e-02 
 3.523886e+01 -1.416873e-02 
 3.523925e+01 -8.100631e-03 
 3.523965e+01 -8.682978e-04 
 3.524005e+01  7.012933e-03 
 3.524045e+01  1.458619e-02 
 3.524084e+01  2.121433e-02 
 3.524124e+01  2.612468e-02 
 3.524164e+01  2.887724e-02 
 3.524204e+01  2.924796e-02 
 3.524243e+01  2.715350e-02 
 3.524283e+01  2.284821e-02 
 3.524323e+01  1.705464e-02 
 3.524363e+01  1.047420e-02 
 3.524403e+01  3.258496e-03 
 3.524442e+01 -4.057003e-03 
 3.524482e+01 -1.103861e-02 
 3.524522e+01 -1.721965e-02 
 3.524562e+01 -2.199133e-02 
 3.524601e+01 -2.492151e-02 
 3.524641e+01 -2.592228e-02 
 3.524681e+01 -2.490002e-02 
 3.524721e+01 -2.185920e-02 
 3.524760e+01 -1.698339e-02 
 3.524800e+01 -1.069183e-02 
 3.524840e+01 -3.476044e-03 
 3.524880e+01  3.987517e-03 
 3.524920e+01  1.096957e-02 
 3.524959e+01  1.735333e-02 
 3.524999e+01  2.288040e-02 
 3.525039e+01  2.728554e-02 
 3.525079e+01  3.063073e-02 
 3.525118e+01  3.282408e-02 
 3.525158e+01  3.362213e-02 
 3.525198e+01  3.265385e-02 
 3.525238e+01  2.947713e-02 
 3.525277e+01  2.397226e-02 
 3.525317e+01  1.623402e-02 
 3.525357e+01  6.899593e-03 
 3.525397e+01 -3.332443e-03 
 3.525437e+01 -1.356454e-02 
 3.525476e+01 -2.286947e-02 
 3.525516e+01 -3.061414e-02 
 3.525556e+01 -3.621505e-02 
 3.525596e+01 -3.951933e-02 
 3.525635e+01 -4.037518e-02 
 3.525675e+01 -3.850991e-02 
 3.525715e+01 -3.396818e-02 
 3.525755e+01 -2.685358e-02 
 3.525794e+01 -1.757911e-02 
 3.525834e+01 -6.685396e-03 
 3.525874e+01  5.096216e-03 
 3.525914e+01  1.668479e-02 
 3.525954e+01  2.722131e-02 
 3.525993e+01  3.580630e-02 
 3.526033e+01  4.139595e-02 
 3.526073e+01  4.410144e-02 
 3.526113e+01  4.364310e-02 
 3.526152e+01  3.978650e-02 
 3.526192e+01  3.281952e-02 
 3.526232e+01  2.340606e-02 
 3.526272e+01  1.235021e-02 
 3.526311e+01  8.497292e-04 
 3.526351e+01 -9.811463e-03 
 3.526391e+01 -1.860778e-02 
 3.526431e+01 -2.482364e-02 
 3.526471e+01 -2.805705e-02 
 3.526510e+01 -2.813572e-02 
 3.526550e+01 -2.512612e-02 
 3.526590e+01 -1.915808e-02 
 3.526630e+01 -1.071956e-02 
 3.526669e+01 -2.690837e-05 
 3.526709e+01  1.207574e-02 
 3.526749e+01  2.466591e-02 
 3.526789e+01  3.620433e-02 
 3.526828e+01  4.583032e-02 
 3.526868e+01  5.250834e-02 
 3.526908e+01  5.592717e-02 
 3.526948e+01  5.602416e-02 
 3.526988e+01  5.307235e-02 
 3.527027e+01  4.774268e-02 
 3.527067e+01  4.033681e-02 
 3.527107e+01  3.147330e-02 
 3.527147e+01  2.146401e-02 
 3.527186e+01  1.088514e-02 
 3.527226e+01  2.964509e-04 
 3.527266e+01 -9.617128e-03 
 3.527306e+01 -1.778976e-02 
 3.527345e+01 -2.341375e-02 
 3.527385e+01 -2.624259e-02 
 3.527425e+01 -2.624077e-02 
 3.527465e+01 -2.346731e-02 
 3.527505e+01 -1.835357e-02 
 3.527544e+01 -1.130176e-02 
 3.527584e+01 -3.033693e-03 
 3.527624e+01  5.923801e-03 
 3.527664e+01  1.502879e-02 
 3.527703e+01  2.379670e-02 
 3.527743e+01  3.179513e-02 
 3.527783e+01  3.832487e-02 
 3.527823e+01  4.291416e-02 
 3.527862e+01  4.551312e-02 
 3.527902e+01  4.604767e-02 
 3.527942e+01  4.458658e-02 
 3.527982e+01  4.134078e-02 
 3.528022e+01  3.626765e-02 
 3.528061e+01  2.961130e-02 
 3.528101e+01  2.163129e-02 
 3.528141e+01  1.285539e-02 
 3.528181e+01  4.209051e-03 
 3.528220e+01 -3.725481e-03 
 3.528260e+01 -1.026911e-02 
 3.528300e+01 -1.457848e-02 
 3.528340e+01 -1.641095e-02 
 3.528379e+01 -1.592027e-02 
 3.528419e+01 -1.322591e-02 
 3.528459e+01 -8.378153e-03 
 3.528499e+01 -1.802226e-03 
 3.528539e+01  6.110062e-03 
 3.528578e+01  1.488197e-02 
 3.528618e+01  2.377406e-02 
 3.528658e+01  3.212364e-02 
 3.528698e+01  3.875608e-02 
 3.528737e+01  4.303334e-02 
 3.528777e+01  4.423118e-02 
 3.528817e+01  4.224515e-02 
 3.528857e+01  3.747473e-02 
 3.528896e+01  3.074805e-02 
 3.528936e+01  2.269775e-02 
 3.528976e+01  1.401464e-02 
 3.529016e+01  5.525706e-03 
 3.529056e+01 -2.217427e-03 
 3.529095e+01 -8.469299e-03 
 3.529135e+01 -1.269198e-02 
 3.529175e+01 -1.451526e-02 
 3.529215e+01 -1.374265e-02 
 3.529254e+01 -1.029224e-02 
 3.529294e+01 -4.516523e-03 
 3.529334e+01  3.013952e-03 
 3.529374e+01  1.167562e-02 
 3.529413e+01  2.074028e-02 
 3.529453e+01  2.945087e-02 
 3.529493e+01  3.717549e-02 
 3.529533e+01  4.335619e-02 
 3.529573e+01  4.732939e-02 
 3.529612e+01  4.850180e-02 
 3.529652e+01  4.691064e-02 
 3.529692e+01  4.276966e-02 
 3.529732e+01  3.654049e-02 
 3.529771e+01  2.897059e-02 
 3.529811e+01  2.073506e-02 
 3.529851e+01  1.262822e-02 
 3.529891e+01  5.537029e-03 
 3.529930e+01 -1.321789e-04 
 3.529970e+01 -4.023744e-03 
 3.530010e+01 -6.212230e-03 
 3.530050e+01 -6.835228e-03 
 3.530090e+01 -6.025870e-03 
 3.530129e+01 -4.113410e-03 
 3.530169e+01 -1.398729e-03 
 3.530209e+01  1.824037e-03 
 3.530249e+01  5.182922e-03 
 3.530288e+01  8.332421e-03 
 3.530328e+01  1.079927e-02 
 3.530368e+01  1.235194e-02 
 3.530408e+01  1.293852e-02 
 3.530447e+01  1.266169e-02 
 3.530487e+01  1.179787e-02 
 3.530527e+01  1.084654e-02 
 3.530567e+01  9.744591e-03 
 3.530607e+01  8.652393e-03 
 3.530646e+01  7.817882e-03 
 3.530686e+01  7.171792e-03 
 3.530726e+01  6.500110e-03 
 3.530766e+01  5.924955e-03 
 3.530805e+01  5.701179e-03 
 3.530845e+01  5.805564e-03 
 3.530885e+01  6.150396e-03 
 3.530925e+01  6.555839e-03 
 3.530964e+01  6.918744e-03 
 3.531004e+01  7.312428e-03 
 3.531044e+01  7.463429e-03 
 3.531084e+01  7.759697e-03 
 3.531124e+01  8.302656e-03 
 3.531163e+01  9.342298e-03 
 3.531203e+01  1.099709e-02 
 3.531243e+01  1.341106e-02 
 3.531283e+01  1.663837e-02 
 3.531322e+01  1.996200e-02 
 3.531362e+01  2.317821e-02 
 3.531402e+01  2.577578e-02 
 3.531442e+01  2.759383e-02 
 3.531481e+01  2.847937e-02 
 3.531521e+01  2.829634e-02 
 3.531561e+01  2.691951e-02 
 3.531601e+01  2.458035e-02 
 3.531641e+01  2.138172e-02 
 3.531680e+01  1.743639e-02 
 3.531720e+01  1.323455e-02 
 3.531760e+01  9.266551e-03 
 3.531800e+01  5.931172e-03 
 3.531839e+01  3.582774e-03 
 3.531879e+01  2.526757e-03 
 3.531919e+01  2.898267e-03 
 3.531959e+01  4.414306e-03 
 3.531999e+01  6.829136e-03 
 3.532038e+01  9.664163e-03 
 3.532078e+01  1.253707e-02 
 3.532118e+01  1.513636e-02 
 3.532158e+01  1.694258e-02 
 3.532197e+01  1.775269e-02 
 3.532237e+01  1.729500e-02 
 3.532277e+01  1.570449e-02 
 3.532317e+01  1.302086e-02 
 3.532356e+01  9.373964e-03 
 3.532396e+01  5.189371e-03 
 3.532436e+01  1.166947e-03 
 3.532476e+01 -2.076998e-03 
 3.532516e+01 -4.048332e-03 
 3.532555e+01 -4.623885e-03 
 3.532595e+01 -3.790896e-03 
 3.532635e+01 -1.573173e-03 
 3.532675e+01  1.751256e-03 
 3.532714e+01  5.959235e-03 
 3.532754e+01  1.078244e-02 
 3.532794e+01  1.558256e-02 
 3.532834e+01  2.003927e-02 
 3.532873e+01  2.355841e-02 
 3.532913e+01  2.543203e-02 
 3.532953e+01  2.482629e-02 
 3.532993e+01  2.165810e-02 
 3.533033e+01  1.627528e-02 
 3.533072e+01  8.990761e-03 
 3.533112e+01  7.886548e-04 
 3.533152e+01 -7.545023e-03 
 3.533192e+01 -1.519458e-02 
 3.533231e+01 -2.151789e-02 
 3.533271e+01 -2.619491e-02 
 3.533311e+01 -2.887414e-02 
 3.533351e+01 -2.948027e-02 
 3.533390e+01 -2.801756e-02 
 3.533430e+01 -2.453888e-02 
 3.533470e+01 -1.920034e-02 
 3.533510e+01 -1.264324e-02 
 3.533550e+01 -5.579808e-03 
 3.533589e+01  1.174771e-03 
 3.533629e+01  7.225065e-03 
 3.533669e+01  1.197092e-02 
 3.533709e+01  1.503203e-02 
 3.533748e+01  1.619358e-02 
 3.533788e+01  1.554708e-02 
 3.533828e+01  1.305215e-02 
 3.533868e+01  8.913710e-03 
 3.533907e+01  3.441332e-03 
 3.533947e+01 -2.643534e-03 
 3.533987e+01 -8.695390e-03 
 3.534027e+01 -1.404361e-02 
 3.534067e+01 -1.823886e-02 
 3.534106e+01 -2.103720e-02 
 3.534146e+01 -2.270739e-02 
 3.534186e+01 -2.346578e-02 
 3.534226e+01 -2.329200e-02 
 3.534265e+01 -2.198736e-02 
 3.534305e+01 -1.945205e-02 
 3.534345e+01 -1.560848e-02 
 3.534385e+01 -1.020365e-02 
 3.534424e+01 -3.786143e-03 
 3.534464e+01  3.190890e-03 
 3.534504e+01  1.016628e-02 
 3.534544e+01  1.633026e-02 
 3.534584e+01  2.098784e-02 
 3.534623e+01  2.397474e-02 
 3.534663e+01  2.524235e-02 
 3.534703e+01  2.465188e-02 
 3.534743e+01  2.225943e-02 
 3.534782e+01  1.805070e-02 
 3.534822e+01  1.209805e-02 
 3.534862e+01  4.603957e-03 
 3.534902e+01 -4.106165e-03 
 3.534941e+01 -1.363251e-02 
 3.534981e+01 -2.325931e-02 
 3.535021e+01 -3.239710e-02 
 3.535061e+01 -4.001962e-02 
 3.535101e+01 -4.561124e-02 
 3.535140e+01 -4.859409e-02 
 3.535180e+01 -4.868648e-02 
 3.535220e+01 -4.554416e-02 
 3.535260e+01 -3.913509e-02 
 3.535299e+01 -3.006951e-02 
 3.535339e+01 -1.901716e-02 
 3.535379e+01 -6.751163e-03 
 3.535419e+01  5.777471e-03 
 3.535458e+01  1.744050e-02 
 3.535498e+01  2.721427e-02 
 3.535538e+01  3.444344e-02 
 3.535578e+01  3.858723e-02 
 3.535618e+01  3.943168e-02 
 3.535657e+01  3.707071e-02 
 3.535697e+01  3.169009e-02 
 3.535737e+01  2.365560e-02 
 3.535777e+01  1.366070e-02 
 3.535816e+01  2.480120e-03 
 3.535856e+01 -8.758218e-03 
 3.535896e+01 -1.909216e-02 
 3.535936e+01 -2.741211e-02 
 3.535975e+01 -3.274677e-02 
 3.536015e+01 -3.443791e-02 
 3.536055e+01 -3.246596e-02 
 3.536095e+01 -2.738846e-02 
 3.536135e+01 -1.972381e-02 
 3.536174e+01 -1.024837e-02 
 3.536214e+01  2.950548e-04 
 3.536254e+01  1.133246e-02 
 3.536294e+01  2.234332e-02 
 3.536333e+01  3.242948e-02 
 3.536373e+01  4.092762e-02 
 3.536413e+01  4.727805e-02 
 3.536453e+01  5.094494e-02 
 3.536492e+01  5.155501e-02 
 3.536532e+01  4.889288e-02 
 3.536572e+01  4.337577e-02 
 3.536612e+01  3.561145e-02 
 3.536652e+01  2.642925e-02 
 3.536691e+01  1.655906e-02 
 3.536731e+01  6.803098e-03 
 3.536771e+01 -2.144386e-03 
 3.536811e+01 -9.648491e-03 
 3.536850e+01 -1.510438e-02 
 3.536890e+01 -1.850792e-02 
 3.536930e+01 -1.979151e-02 
 3.536970e+01 -1.920950e-02 
 3.537009e+01 -1.670868e-02 
 3.537049e+01 -1.234737e-02 
 3.537089e+01 -6.444184e-03 
 3.537129e+01  8.535542e-04 
 3.537169e+01  9.211577e-03 
 3.537208e+01  1.817169e-02 
 3.537248e+01  2.728084e-02 
 3.537288e+01  3.558500e-02 
 3.537328e+01  4.247619e-02 
 3.537367e+01  4.700827e-02 
 3.537407e+01  4.912895e-02 
 3.537447e+01  4.879229e-02 
 3.537487e+01  4.588119e-02 
 3.537526e+01  4.072989e-02 
 3.537566e+01  3.354165e-02 
 3.537606e+01  2.507725e-02 
 3.537646e+01  1.575132e-02 
 3.537686e+01  6.182067e-03 
 3.537725e+01 -3.130878e-03 
 3.537765e+01 -1.148919e-02 
 3.537805e+01 -1.834865e-02 
 3.537845e+01 -2.301446e-02 
 3.537884e+01 -2.493855e-02 
 3.537924e+01 -2.372424e-02 
 3.537964e+01 -1.933889e-02 
 3.538004e+01 -1.220932e-02 
 3.538043e+01 -2.715246e-03 
 3.538083e+01  8.029629e-03 
 3.538123e+01  1.882700e-02 
 3.538163e+01  2.882751e-02 
 3.538203e+01  3.723743e-02 
 3.538242e+01  4.362781e-02 
 3.538282e+01  4.732291e-02 
 3.538322e+01  4.806128e-02 
 3.538362e+01  4.572499e-02 
 3.538401e+01  3.999058e-02 
 3.538441e+01  3.129338e-02 
 3.538481e+01  2.046345e-02 
 3.538521e+01  8.568852e-03 
 3.538560e+01 -3.187941e-03 
 3.538600e+01 -1.368606e-02 
 3.538640e+01 -2.172083e-02 
 3.538680e+01 -2.663530e-02 
 3.538720e+01 -2.817905e-02 
 3.538759e+01 -2.618655e-02 
 3.538799e+01 -2.099174e-02 
 3.538839e+01 -1.297513e-02 
 3.538879e+01 -3.035609e-03 
 3.538918e+01  7.938206e-03 
 3.538958e+01  1.873783e-02 
 3.538998e+01  2.826953e-02 
 3.539038e+01  3.587302e-02 
 3.539077e+01  4.092693e-02 
 3.539117e+01  4.332432e-02 
 3.539157e+01  4.296057e-02 
 3.539197e+01  4.025625e-02 
 3.539237e+01  3.552534e-02 
 3.539276e+01  2.910458e-02 
 3.539316e+01  2.136753e-02 
 3.539356e+01  1.306203e-02 
 3.539396e+01  5.067633e-03 
 3.539435e+01 -1.884177e-03 
 3.539475e+01 -7.118660e-03 
 3.539515e+01 -1.027281e-02 
 3.539555e+01 -1.122594e-02 
 3.539594e+01 -1.024823e-02 
 3.539634e+01 -7.546751e-03 
 3.539674e+01 -3.752520e-03 
 3.539714e+01  4.342959e-04 
 3.539754e+01  4.743186e-03 
 3.539793e+01  8.940731e-03 
 3.539833e+01  1.283308e-02 
 3.539873e+01  1.622296e-02 
 3.539913e+01  1.879946e-02 
 3.539952e+01  2.072354e-02 
 3.539992e+01  2.195203e-02 
 3.540032e+01  2.263016e-02 
 3.540072e+01  2.278302e-02 
 3.540111e+01  2.259865e-02 
 3.540151e+01  2.211961e-02 
 3.540191e+01  2.138709e-02 
 3.540231e+01  2.062708e-02 
 3.540271e+01  1.996810e-02 
 3.540310e+01  1.926488e-02 
 3.540350e+01  1.827856e-02 
 3.540390e+01  1.716244e-02 
 3.540430e+01  1.586756e-02 
 3.540469e+01  1.437940e-02 
 3.540509e+01  1.287616e-02 
 3.540549e+01  1.178133e-02 
 3.540589e+01  1.124962e-02 
 3.540628e+01  1.138768e-02 
 3.540668e+01  1.239105e-02 
 3.540708e+01  1.437463e-02 
 3.540748e+01  1.704485e-02 
 3.540788e+01  2.006441e-02 
 3.540827e+01  2.320161e-02 
 3.540867e+01  2.610180e-02 
 3.540907e+01  2.834433e-02 
 3.540947e+01  2.973752e-02 
 3.540986e+01  3.012168e-02 
 3.541026e+01  2.936296e-02 
 3.541066e+01  2.748463e-02 
 3.541106e+01  2.463667e-02 
 3.541146e+01  2.118407e-02 
 3.541185e+01  1.729447e-02 
 3.541225e+01  1.335412e-02 
 3.541265e+01  9.513572e-03 
 3.541305e+01  6.199121e-03 
 3.541344e+01  3.661105e-03 
 3.541384e+01  2.216739e-03 
 3.541424e+01  2.175646e-03 
 3.541464e+01  3.488507e-03 
 3.541503e+01  5.792147e-03 
 3.541543e+01  8.890522e-03 
 3.541583e+01  1.226979e-02 
 3.541623e+01  1.549020e-02 
 3.541663e+01  1.799673e-02 
 3.541702e+01  1.930302e-02 
 3.541742e+01  1.919469e-02 
 3.541782e+01  1.774720e-02 
 3.541822e+01  1.529738e-02 
 3.541861e+01  1.214761e-02 
 3.541901e+01  8.485888e-03 
 3.541941e+01  4.708651e-03 
 3.541981e+01  1.314629e-03 
 3.542020e+01 -1.011924e-03 
 3.542060e+01 -1.852478e-03 
 3.542100e+01 -1.160211e-03 
 3.542140e+01  1.070766e-03 
 3.542180e+01  4.739006e-03 
 3.542219e+01  9.398857e-03 
 3.542259e+01  1.434725e-02 
 3.542299e+01  1.911898e-02 
 3.542339e+01  2.301208e-02 
 3.542378e+01  2.545811e-02 
 3.542418e+01  2.625034e-02 
 3.542458e+01  2.535926e-02 
 3.542498e+01  2.274802e-02 
 3.542537e+01  1.833720e-02 
 3.542577e+01  1.244381e-02 
 3.542617e+01  5.626907e-03 
 3.542657e+01 -1.672731e-03 
 3.542697e+01 -8.911783e-03 
 3.542736e+01 -1.545728e-02 
 3.542776e+01 -2.066826e-02 
 3.542816e+01 -2.425777e-02 
 3.542856e+01 -2.595866e-02 
 3.542895e+01 -2.545801e-02 
 3.542935e+01 -2.290946e-02 
 3.542975e+01 -1.873347e-02 
 3.543015e+01 -1.328013e-02 
 3.543054e+01 -7.040654e-03 
 3.543094e+01 -5.128172e-04 
 3.543134e+01  5.376413e-03 
 3.543174e+01  1.029909e-02 
 3.543214e+01  1.388208e-02 
 3.543253e+01  1.583706e-02 
 3.543293e+01  1.626153e-02 
 3.543333e+01  1.532124e-02 
 3.543373e+01  1.323050e-02 
 3.543412e+01  1.028075e-02 
 3.543452e+01  6.764826e-03 
 3.543492e+01  2.710248e-03 
 3.543532e+01 -1.743062e-03 
 3.543571e+01 -6.294437e-03 
 3.543611e+01 -1.061367e-02 
 3.543651e+01 -1.420999e-02 
 3.543691e+01 -1.685887e-02 
 3.543731e+01 -1.843501e-02 
 3.543770e+01 -1.888667e-02 
 3.543810e+01 -1.795625e-02 
 3.543850e+01 -1.577664e-02 
 3.543890e+01 -1.246493e-02 
 3.543929e+01 -8.073601e-03 
 3.543969e+01 -2.919023e-03 
 3.544009e+01  3.041479e-03 
 3.544049e+01  9.460949e-03 
 3.544088e+01  1.603659e-02 
 3.544128e+01  2.205451e-02 
 3.544168e+01  2.711288e-02 
 3.544208e+01  3.083836e-02 
 3.544248e+01  3.260130e-02 
 3.544287e+01  3.201020e-02 
 3.544327e+01  2.864845e-02 
 3.544367e+01  2.270867e-02 
 3.544407e+01  1.449335e-02 
 3.544446e+01  4.580834e-03 
 3.544486e+01 -6.480601e-03 
 3.544526e+01 -1.758393e-02 
 3.544566e+01 -2.796826e-02 
 3.544605e+01 -3.697394e-02 
 3.544645e+01 -4.375219e-02 
 3.544685e+01 -4.764975e-02 
 3.544725e+01 -4.835554e-02 
 3.544765e+01 -4.579249e-02 
 3.544804e+01 -3.973983e-02 
 3.544844e+01 -3.048734e-02 
 3.544884e+01 -1.865460e-02 
 3.544924e+01 -5.073518e-03 
 3.544963e+01  9.227408e-03 
 3.545003e+01  2.289629e-02 
 3.545043e+01  3.449202e-02 
 3.545083e+01  4.314161e-02 
 3.545122e+01  4.832101e-02 
 3.545162e+01  4.937599e-02 
 3.545202e+01  4.622948e-02 
 3.545242e+01  3.914840e-02 
 3.545282e+01  2.884931e-02 
 3.545321e+01  1.622153e-02 
 3.545361e+01  2.293260e-03 
 3.545401e+01 -1.166052e-02 
 3.545441e+01 -2.443388e-02 
 3.545480e+01 -3.513262e-02 
 3.545520e+01 -4.283318e-02 
 3.545560e+01 -4.665128e-02 
 3.545600e+01 -4.629060e-02 
 3.545639e+01 -4.186521e-02 
 3.545679e+01 -3.367563e-02 
 3.545719e+01 -2.276312e-02 
 3.545759e+01 -1.028255e-02 
 3.545799e+01  2.785637e-03 
 3.545838e+01  1.502141e-02 
 3.545878e+01  2.527476e-02 
 3.545918e+01  3.286422e-02 
 3.545958e+01  3.720902e-02 
 3.545997e+01  3.872210e-02 
 3.546037e+01  3.766218e-02 
 3.546077e+01  3.449991e-02 
 3.546117e+01  2.934358e-02 
 3.546156e+01  2.272595e-02 
 3.546196e+01  1.489549e-02 
 3.546236e+01  6.510782e-03 
 3.546276e+01 -1.915257e-03 
 3.546316e+01 -9.871592e-03 
 3.546355e+01 -1.676165e-02 
 3.546395e+01 -2.196565e-02 
 3.546435e+01 -2.477588e-02 
 3.546475e+01 -2.514903e-02 
 3.546514e+01 -2.331008e-02 
 3.546554e+01 -1.941134e-02 
 3.546594e+01 -1.361284e-02 
 3.546634e+01 -6.523537e-03 
 3.546673e+01  1.551921e-03 
 3.546713e+01  1.004037e-02 
 3.546753e+01  1.843661e-02 
 3.546793e+01  2.627646e-02 
 3.546833e+01  3.314649e-02 
 3.546872e+01  3.892033e-02 
 3.546912e+01  4.301972e-02 
 3.546952e+01  4.507903e-02 
 3.546992e+01  4.482500e-02 
 3.547031e+01  4.225315e-02 
 3.547071e+01  3.727737e-02 
 3.547111e+01  2.977737e-02 
 3.547151e+01  2.029949e-02 
 3.547190e+01  9.610436e-03 
 3.547230e+01 -1.567631e-03 
 3.547270e+01 -1.215796e-02 
 3.547310e+01 -2.135543e-02 
 3.547350e+01 -2.854339e-02 
 3.547389e+01 -3.352057e-02 
 3.547429e+01 -3.581947e-02 
 3.547469e+01 -3.512710e-02 
 3.547509e+01 -3.146626e-02 
 3.547548e+01 -2.506791e-02 
 3.547588e+01 -1.632864e-02 
 3.547628e+01 -5.916368e-03 
 3.547668e+01  5.227031e-03 
 3.547707e+01  1.581045e-02 
 3.547747e+01  2.467666e-02 
 3.547787e+01  3.110026e-02 
 3.547827e+01  3.468106e-02 
 3.547867e+01  3.518875e-02 
 3.547906e+01  3.270705e-02 
 3.547946e+01  2.750955e-02 
 3.547986e+01  2.026617e-02 
 3.548026e+01  1.176446e-02 
 3.548065e+01  2.807122e-03 
 3.548105e+01 -5.763444e-03 
 3.548145e+01 -1.303047e-02 
 3.548185e+01 -1.865586e-02 
 3.548224e+01 -2.203733e-02 
 3.548264e+01 -2.323981e-02 
 3.548304e+01 -2.198889e-02 
 3.548344e+01 -1.850958e-02 
 3.548384e+01 -1.292432e-02 
 3.548423e+01 -5.511667e-03 
 3.548463e+01  3.134582e-03 
 3.548503e+01  1.221919e-02 
 3.548543e+01  2.066972e-02 
 3.548582e+01  2.761484e-02 
 3.548622e+01  3.232496e-02 
 3.548662e+01  3.436807e-02 
 3.548702e+01  3.384575e-02 
 3.548741e+01  3.115484e-02 
 3.548781e+01  2.700119e-02 
 3.548821e+01  2.214151e-02 
 3.548861e+01  1.698906e-02 
 3.548901e+01  1.210935e-02 
 3.548940e+01  7.732849e-03 
 3.548980e+01  3.994684e-03 
 3.549020e+01  9.075113e-04 
 3.549060e+01 -1.194966e-03 
 3.549099e+01 -2.165320e-03 
 3.549139e+01 -2.099229e-03 
 3.549179e+01 -1.054251e-03 
 3.549219e+01  9.212626e-04 
 3.549258e+01  3.816850e-03 
 3.549298e+01  7.257913e-03 
 3.549338e+01  1.100188e-02 
 3.549378e+01  1.471385e-02 
 3.549418e+01  1.831513e-02 
 3.549457e+01  2.150098e-02 
 3.549497e+01  2.437039e-02 
 3.549537e+01  2.668203e-02 
 3.549577e+01  2.861137e-02 
 3.549616e+01  3.007738e-02 
 3.549656e+01  3.125542e-02 
 3.549696e+01  3.204069e-02 
 3.549736e+01  3.197203e-02 
 3.549775e+01  3.077170e-02 
 3.549815e+01  2.853559e-02 
 3.549855e+01  2.537742e-02 
 3.549895e+01  2.186139e-02 
 3.549935e+01  1.842072e-02 
 3.549974e+01  1.523454e-02 
 3.550014e+01  1.266779e-02 
 3.550054e+01  1.089302e-02 
 3.550094e+01  9.736079e-03 
 3.550133e+01  9.080984e-03 
 3.550173e+01  8.905950e-03 
 3.550213e+01  9.230732e-03 
 3.550253e+01  9.979422e-03 
 3.550293e+01  1.116285e-02 
 3.550332e+01  1.265975e-02 
 3.550372e+01  1.426967e-02 
 3.550412e+01  1.572912e-02 
 3.550452e+01  1.656202e-02 
 3.550491e+01  1.674938e-02 
 3.550531e+01  1.598633e-02 
 3.550571e+01  1.422661e-02 
 3.550611e+01  1.148930e-02 
 3.550650e+01  7.958606e-03 
 3.550690e+01  4.002592e-03 
 3.550730e+01  1.581341e-04 
 3.550770e+01 -3.009924e-03 
 3.550810e+01 -4.766329e-03 
 3.550849e+01 -4.869295e-03 
 3.550889e+01 -3.302815e-03 
 3.550929e+01 -2.416544e-04 
 3.550969e+01  3.770074e-03 
 3.551008e+01  8.483467e-03 
 3.551048e+01  1.331184e-02 
 3.551088e+01  1.772141e-02 
 3.551128e+01  2.148352e-02 
 3.551167e+01  2.460486e-02 
 3.551207e+01  2.685124e-02 
 3.551247e+01  2.814695e-02 
 3.551287e+01  2.824102e-02 
 3.551327e+01  2.699424e-02 
 3.551366e+01  2.429535e-02 
 3.551406e+01  2.054097e-02 
 3.551446e+01  1.652921e-02 
 3.551486e+01  1.250511e-02 
 3.551525e+01  9.061496e-03 
 3.551565e+01  6.525704e-03 
 3.551605e+01  5.415717e-03 
 3.551645e+01  6.026938e-03 
 3.551684e+01  8.023285e-03 
 3.551724e+01  1.125572e-02 
 3.551764e+01  1.538562e-02 
 3.551804e+01  1.995810e-02 
 3.551844e+01  2.462740e-02 
 3.551883e+01  2.874171e-02 
 3.551923e+01  3.185109e-02 
 3.551963e+01  3.333236e-02 
 3.552003e+01  3.302989e-02 
 3.552042e+01  3.080198e-02 
 3.552082e+01  2.672450e-02 
 3.552122e+01  2.095297e-02 
 3.552162e+01  1.384758e-02 
 3.552201e+01  5.858509e-03 
 3.552241e+01 -2.155552e-03 
 3.552281e+01 -9.506921e-03 
 3.552321e+01 -1.552849e-02 
 3.552361e+01 -1.947706e-02 
 3.552400e+01 -2.078979e-02 
 3.552440e+01 -1.955309e-02 
 3.552480e+01 -1.608096e-02 
 3.552520e+01 -1.103357e-02 
 3.552559e+01 -4.968127e-03 
 3.552599e+01  1.567425e-03 
 3.552639e+01  7.967298e-03 
 3.552679e+01  1.389997e-02 
 3.552718e+01  1.901329e-02 
 3.552758e+01  2.291751e-02 
 3.552798e+01  2.554777e-02 
 3.552838e+01  2.652806e-02 
 3.552878e+01  2.559612e-02 
 3.552917e+01  2.284707e-02 
 3.552957e+01  1.869122e-02 
 3.552997e+01  1.345156e-02 
 3.553037e+01  7.645050e-03 
 3.553076e+01  1.519984e-03 
 3.553116e+01 -4.777749e-03 
 3.553156e+01 -1.106381e-02 
 3.553196e+01 -1.695771e-02 
 3.553235e+01 -2.209425e-02 
 3.553275e+01 -2.621693e-02 
 3.553315e+01 -2.924566e-02 
 3.553355e+01 -3.075751e-02 
 3.553395e+01 -3.067918e-02 
 3.553434e+01 -2.916488e-02 
 3.553474e+01 -2.635907e-02 
 3.553514e+01 -2.233207e-02 
 3.553554e+01 -1.720065e-02 
 3.553593e+01 -1.138344e-02 
 3.553633e+01 -4.944594e-03 
 3.553673e+01  1.575255e-03 
 3.553713e+01  7.383078e-03 
 3.553752e+01  1.180780e-02 
 3.553792e+01  1.445048e-02 
 3.553832e+01  1.516093e-02 
 3.553872e+01  1.374924e-02 
 3.553912e+01  1.012398e-02 
 3.553951e+01  4.609105e-03 
 3.553991e+01 -2.435337e-03 
 3.554031e+01 -1.052740e-02 
 3.554071e+01 -1.893745e-02 
 3.554110e+01 -2.711127e-02 
 3.554150e+01 -3.406171e-02 
 3.554190e+01 -3.907927e-02 
 3.554230e+01 -4.124092e-02 
 3.554269e+01 -4.009638e-02 
 3.554309e+01 -3.547616e-02 
 3.554349e+01 -2.771602e-02 
 3.554389e+01 -1.741213e-02 
 3.554429e+01 -5.062242e-03 
 3.554468e+01  8.570917e-03 
 3.554508e+01  2.237993e-02 
 3.554548e+01  3.525343e-02 
 3.554588e+01  4.596788e-02 
 3.554627e+01  5.366400e-02 
 3.554667e+01  5.739109e-02 
 3.554707e+01  5.701443e-02 
 3.554747e+01  5.263192e-02 
 3.554786e+01  4.475027e-02 
 3.554826e+01  3.415537e-02 
 3.554866e+01  2.157262e-02 
 3.554906e+01  7.964047e-03 
 3.554946e+01 -5.590319e-03 
 3.554985e+01 -1.820338e-02 
 3.555025e+01 -2.880485e-02 
 3.555065e+01 -3.639637e-02 
 3.555105e+01 -4.058290e-02 
 3.555144e+01 -4.100167e-02 
 3.555184e+01 -3.787677e-02 
 3.555224e+01 -3.194430e-02 
 3.555264e+01 -2.383216e-02 
 3.555303e+01 -1.451627e-02 
 3.555343e+01 -4.690249e-03 
 3.555383e+01  4.904816e-03 
 3.555423e+01  1.367959e-02 
 3.555463e+01  2.103699e-02 
 3.555502e+01  2.631587e-02 
 3.555542e+01  2.914990e-02 
 3.555582e+01  2.946231e-02 
 3.555622e+01  2.724576e-02 
 3.555661e+01  2.277799e-02 
 3.555701e+01  1.680693e-02 
 3.555741e+01  9.879690e-03 
 3.555781e+01  2.522124e-03 
 3.555820e+01 -4.814176e-03 
 3.555860e+01 -1.164624e-02 
 3.555900e+01 -1.767707e-02 
 3.555940e+01 -2.270067e-02 
 3.555980e+01 -2.647782e-02 
 3.556019e+01 -2.860034e-02 
 3.556059e+01 -2.890698e-02 
 3.556099e+01 -2.743094e-02 
 3.556139e+01 -2.419280e-02 
 3.556178e+01 -1.919971e-02 
 3.556218e+01 -1.266774e-02 
 3.556258e+01 -4.960755e-03 
 3.556298e+01  3.454280e-03 
 3.556337e+01  1.215707e-02 
 3.556377e+01  2.041803e-02 
 3.556417e+01  2.759215e-02 
 3.556457e+01  3.296921e-02 
 3.556497e+01  3.588607e-02 
 3.556536e+01  3.593978e-02 
 3.556576e+01  3.313159e-02 
 3.556616e+01  2.763633e-02 
 3.556656e+01  1.992221e-02 
 3.556695e+01  1.062698e-02 
 3.556735e+01  2.448752e-04 
 3.556775e+01 -1.025386e-02 
 3.556815e+01 -1.992357e-02 
 3.556854e+01 -2.776637e-02 
 3.556894e+01 -3.310080e-02 
 3.556934e+01 -3.538957e-02 
 3.556974e+01 -3.445892e-02 
 3.557014e+01 -3.056609e-02 
 3.557053e+01 -2.410385e-02 
 3.557093e+01 -1.574537e-02 
 3.557133e+01 -5.989821e-03 
 3.557173e+01  4.589984e-03 
 3.557212e+01  1.542703e-02 
 3.557252e+01  2.575422e-02 
 3.557292e+01  3.489679e-02 
 3.557332e+01  4.205415e-02 
 3.557371e+01  4.646164e-02 
 3.557411e+01  4.768338e-02 
 3.557451e+01  4.555421e-02 
 3.557491e+01  4.050066e-02 
 3.557531e+01  3.309269e-02 
 3.557570e+01  2.425685e-02 
 3.557610e+01  1.509581e-02 
 3.557650e+01  6.314830e-03 
 3.557690e+01 -1.422471e-03 
 3.557729e+01 -7.587696e-03 
 3.557769e+01 -1.184032e-02 
 3.557809e+01 -1.387633e-02 
 3.557849e+01 -1.379627e-02 
 3.557888e+01 -1.183044e-02 
 3.557928e+01 -8.366577e-03 
 3.557968e+01 -3.851239e-03 
 3.558008e+01  9.894497e-04 
 3.558048e+01  5.841462e-03 
 3.558087e+01  1.019261e-02 
 3.558127e+01  1.363270e-02 
 3.558167e+01  1.595219e-02 
 3.558207e+01  1.700505e-02 
 3.558246e+01  1.680761e-02 
 3.558286e+01  1.516477e-02 
 3.558326e+01  1.204531e-02 
 3.558366e+01  7.641638e-03 
 3.558405e+01  2.550067e-03 
 3.558445e+01 -2.721385e-03 
 3.558485e+01 -7.591943e-03 
 3.558525e+01 -1.153447e-02 
 3.558565e+01 -1.423452e-02 
 3.558604e+01 -1.559028e-02 
 3.558644e+01 -1.570314e-02 
 3.558684e+01 -1.478795e-02 
 3.558724e+01 -1.309240e-02 
 3.558763e+01 -1.070826e-02 
 3.558803e+01 -7.727549e-03 
 3.558843e+01 -4.037793e-03 
 3.558883e+01  2.342807e-04 
 3.558922e+01  4.925739e-03 
 3.558962e+01  9.768266e-03 
 3.559002e+01  1.452969e-02 
 3.559042e+01  1.891071e-02 
 3.559082e+01  2.268532e-02 
 3.559121e+01  2.560842e-02 
 3.559161e+01  2.759869e-02 
 3.559201e+01  2.861541e-02 
 3.559241e+01  2.878084e-02 
 3.559280e+01  2.820652e-02 
 3.559320e+01  2.691334e-02 
 3.559360e+01  2.509207e-02 
 3.559400e+01  2.280274e-02 
 3.559440e+01  2.010957e-02 
 3.559479e+01  1.724046e-02 
 3.559519e+01  1.422994e-02 
 3.559559e+01  1.141842e-02 
 3.559599e+01  9.188129e-03 
 3.559638e+01  7.907061e-03 
 3.559678e+01  7.967228e-03 
 3.559718e+01  9.274582e-03 
 3.559758e+01  1.175799e-02 
 3.559797e+01  1.490817e-02 
 3.559837e+01  1.847966e-02 
 3.559877e+01  2.205108e-02 
 3.559917e+01  2.525385e-02 
 3.559957e+01  2.798133e-02 
 3.559996e+01  3.007921e-02 
 3.560036e+01  3.132459e-02 
 3.560076e+01  3.169409e-02 
 3.560116e+01  3.117282e-02 
 3.560155e+01  2.973070e-02 
 3.560195e+01  2.745643e-02 
 3.560235e+01  2.458934e-02 
 3.560275e+01  2.142231e-02 
 3.560314e+01  1.846168e-02 
 3.560354e+01  1.607758e-02 
 3.560394e+01  1.470182e-02 
 3.560434e+01  1.445916e-02 
 3.560474e+01  1.544533e-02 
 3.560513e+01  1.759981e-02 
 3.560553e+01  2.054681e-02 
 3.560593e+01  2.401946e-02 
 3.560633e+01  2.742425e-02 
 3.560672e+01  3.020006e-02 
 3.560712e+01  3.204721e-02 
 3.560752e+01  3.282293e-02 
 3.560792e+01  3.241205e-02 
 3.560831e+01  3.066547e-02 
 3.560871e+01  2.759904e-02 
 3.560911e+01  2.339398e-02 
 3.560951e+01  1.822370e-02 
 3.560991e+01  1.240714e-02 
 3.561030e+01  6.349184e-03 
 3.561070e+01  4.508914e-04 
 3.561110e+01 -4.534072e-03 
 3.561150e+01 -8.258340e-03 
 3.561189e+01 -1.022341e-02 
 3.561229e+01 -1.018353e-02 
 3.561269e+01 -8.382839e-03 
 3.561309e+01 -5.259921e-03 
 3.561348e+01 -1.295742e-03 
 3.561388e+01  2.908199e-03 
 3.561428e+01  6.685840e-03 
 3.561468e+01  9.775205e-03 
 3.561508e+01  1.172908e-02 
 3.561547e+01  1.225314e-02 
 3.561587e+01  1.146496e-02 
 3.561627e+01  9.664472e-03 
 3.561667e+01  6.994975e-03 
 3.561706e+01  3.927707e-03 
 3.561746e+01  8.884974e-04 
 3.561786e+01 -1.843675e-03 
 3.561826e+01 -4.158932e-03 
 3.561865e+01 -5.891944e-03 
 3.561905e+01 -6.825009e-03 
 3.561945e+01 -7.054615e-03 
 3.561985e+01 -6.111382e-03 
 3.562025e+01 -3.912540e-03 
 3.562064e+01 -3.628076e-04 
 3.562104e+01  4.465547e-03 
 3.562144e+01  1.006550e-02 
 3.562184e+01  1.582924e-02 
 3.562223e+01  2.109736e-02 
 3.562263e+01  2.520868e-02 
 3.562303e+01  2.795508e-02 
 3.562343e+01  2.956227e-02 
 3.562382e+01  3.014896e-02 
 3.562422e+01  2.984503e-02 
 3.562462e+01  2.862377e-02 
 3.562502e+01  2.652327e-02 
 3.562542e+01  2.335201e-02 
 3.562581e+01  1.895049e-02 
 3.562621e+01  1.352642e-02 
 3.562661e+01  7.137395e-03 
 3.562701e+01  2.274130e-04 
 3.562740e+01 -6.624707e-03 
 3.562780e+01 -1.294424e-02 
 3.562820e+01 -1.824463e-02 
 3.562860e+01 -2.212270e-02 
 3.562899e+01 -2.451645e-02 
 3.562939e+01 -2.524784e-02 
 3.562979e+01 -2.409573e-02 
 3.563019e+01 -2.129506e-02 
 3.563059e+01 -1.695303e-02 
 3.563098e+01 -1.115913e-02 
 3.563138e+01 -4.238427e-03 
 3.563178e+01  3.296643e-03 
 3.563218e+01  1.096324e-02 
 3.563257e+01  1.807929e-02 
 3.563297e+01  2.377409e-02 
 3.563337e+01  2.742405e-02 
 3.563377e+01  2.854299e-02 
 3.563416e+01  2.673344e-02 
 3.563456e+01  2.212561e-02 
 3.563496e+01  1.508246e-02 
 3.563536e+01  6.090222e-03 
 3.563576e+01 -3.781774e-03 
 3.563615e+01 -1.344659e-02 
 3.563655e+01 -2.221204e-02 
 3.563695e+01 -2.906571e-02 
 3.563735e+01 -3.358889e-02 
 3.563774e+01 -3.546809e-02 
 3.563814e+01 -3.445096e-02 
 3.563854e+01 -3.070479e-02 
 3.563894e+01 -2.463976e-02 
 3.563933e+01 -1.678392e-02 
 3.563973e+01 -7.469914e-03 
 3.564013e+01  2.500785e-03 
 3.564053e+01  1.224015e-02 
 3.564093e+01  2.107913e-02 
 3.564132e+01  2.812123e-02 
 3.564172e+01  3.255691e-02 
 3.564212e+01  3.401078e-02 
 3.564252e+01  3.238791e-02 
 3.564291e+01  2.764555e-02 
 3.564331e+01  2.023372e-02 
 3.564371e+01  1.086448e-02 
 3.564411e+01  2.223410e-04 
 3.564450e+01 -1.067436e-02 
 3.564490e+01 -2.106462e-02 
 3.564530e+01 -2.996251e-02 
 3.564570e+01 -3.662287e-02 
 3.564610e+01 -4.060219e-02 
 3.564649e+01 -4.174584e-02 
 3.564689e+01 -3.990622e-02 
 3.564729e+01 -3.529734e-02 
 3.564769e+01 -2.822915e-02 
 3.564808e+01 -1.935193e-02 
 3.564848e+01 -9.081631e-03 
 3.564888e+01  1.938000e-03 
 3.564928e+01  1.272759e-02 
 3.564967e+01  2.293864e-02 
 3.565007e+01  3.159311e-02 
 3.565047e+01  3.823168e-02 
 3.565087e+01  4.266128e-02 
 3.565127e+01  4.477027e-02 
 3.565166e+01  4.453492e-02 
 3.565206e+01  4.231913e-02 
 3.565246e+01  3.798300e-02 
 3.565286e+01  3.193916e-02 
 3.565325e+01  2.454100e-02 
 3.565365e+01  1.612779e-02 
 3.565405e+01  7.266347e-03 
 3.565445e+01 -1.541284e-03 
 3.565484e+01 -9.396029e-03 
 3.565524e+01 -1.586552e-02 
 3.565564e+01 -2.029696e-02 
 3.565604e+01 -2.240243e-02 
 3.565644e+01 -2.226189e-02 
 3.565683e+01 -1.990378e-02 
 3.565723e+01 -1.562000e-02 
 3.565763e+01 -9.687355e-03 
 3.565803e+01 -2.683122e-03 
 3.565842e+01  5.056867e-03 
 3.565882e+01  1.285927e-02 
 3.565922e+01  2.014650e-02 
 3.565962e+01  2.634008e-02 
 3.566001e+01  3.068914e-02 
 3.566041e+01  3.286889e-02 
 3.566081e+01  3.242178e-02 
 3.566121e+01  2.941025e-02 
 3.566161e+01  2.388993e-02 
 3.566200e+01  1.617373e-02 
 3.566240e+01  6.778594e-03 
 3.566280e+01 -3.569992e-03 
 3.566320e+01 -1.386578e-02 
 3.566359e+01 -2.313386e-02 
 3.566399e+01 -3.094146e-02 
 3.566439e+01 -3.661630e-02 
 3.566479e+01 -3.976046e-02 
 3.566518e+01 -4.015159e-02 
 3.566558e+01 -3.775345e-02 
 3.566598e+01 -3.237047e-02 
 3.566638e+01 -2.449316e-02 
 3.566678e+01 -1.463638e-02 
 3.566717e+01 -3.697293e-03 
 3.566757e+01  7.425996e-03 
 3.566797e+01  1.761501e-02 
 3.566837e+01  2.602122e-02 
 3.566876e+01  3.199413e-02 
 3.566916e+01  3.527447e-02 
 3.566956e+01  3.565427e-02 
 3.566996e+01  3.306925e-02 
 3.567035e+01  2.775932e-02 
 3.567075e+01  2.027149e-02 
 3.567115e+01  1.126490e-02 
 3.567155e+01  1.326336e-03 
 3.567195e+01 -8.463465e-03 
 3.567234e+01 -1.739320e-02 
 3.567274e+01 -2.479212e-02 
 3.567314e+01 -2.996405e-02 
 3.567354e+01 -3.256604e-02 
 3.567393e+01 -3.247271e-02 
 3.567433e+01 -2.975828e-02 
 3.567473e+01 -2.473263e-02 
 3.567513e+01 -1.779805e-02 
 3.567552e+01 -9.474097e-03 
 3.567592e+01 -4.428653e-04 
 3.567632e+01  8.329727e-03 
 3.567672e+01  1.629556e-02 
 3.567712e+01  2.281613e-02 
 3.567751e+01  2.748419e-02 
 3.567791e+01  3.018903e-02 
 3.567831e+01  3.085325e-02 
 3.567871e+01  2.972873e-02 
 3.567910e+01  2.699371e-02 
 3.567950e+01  2.320519e-02 
 3.567990e+01  1.877341e-02 
 3.568030e+01  1.408102e-02 
 3.568069e+01  9.427951e-03 
 3.568109e+01  5.319619e-03 
 3.568149e+01  1.812952e-03 
 3.568189e+01 -7.134465e-04 
 3.568229e+01 -2.205498e-03 
 3.568268e+01 -2.662409e-03 
 3.568308e+01 -2.042266e-03 
 3.568348e+01 -4.955495e-04 
 3.568388e+01  2.022003e-03 
 3.568427e+01  5.288216e-03 
 3.568467e+01  9.263156e-03 
 3.568507e+01  1.367162e-02 
 3.568547e+01  1.837756e-02 
 3.568587e+01  2.298973e-02 
 3.568626e+01  2.695368e-02 
 3.568666e+01  2.998594e-02 
 3.568706e+01  3.181832e-02 
 3.568746e+01  3.202219e-02 
 3.568785e+01  3.048844e-02 
 3.568825e+01  2.749881e-02 
 3.568865e+01  2.305939e-02 
 3.568905e+01  1.749096e-02 
 3.568944e+01  1.124419e-02 
 3.568984e+01  4.619452e-03 
 3.569024e+01 -1.739920e-03 
 3.569064e+01 -7.358823e-03 
 3.569104e+01 -1.164776e-02 
 3.569143e+01 -1.422532e-02 
 3.569183e+01 -1.486562e-02 
 3.569223e+01 -1.380777e-02 
 3.569263e+01 -1.114466e-02 
 3.569302e+01 -7.075497e-03 
 3.569342e+01 -1.947426e-03 
 3.569382e+01  4.023934e-03 
 3.569422e+01  1.049683e-02 
 3.569461e+01  1.694495e-02 
 3.569501e+01  2.254482e-02 
 3.569541e+01  2.665557e-02 
 3.569581e+01  2.878324e-02 
 3.569621e+01  2.873172e-02 
 3.569660e+01  2.684658e-02 
 3.569700e+01  2.361277e-02 
 3.569740e+01  1.984713e-02 
 3.569780e+01  1.604282e-02 
 3.569819e+01  1.257695e-02 
 3.569859e+01  9.652588e-03 
 3.569899e+01  7.556333e-03 
 3.569939e+01  6.605745e-03 
 3.569978e+01  6.808666e-03 
 3.570018e+01  8.179305e-03 
 3.570058e+01  1.074305e-02 
 3.570098e+01  1.417277e-02 
 3.570138e+01  1.804798e-02 
 3.570177e+01  2.181011e-02 
 3.570217e+01  2.506760e-02 
 3.570257e+01  2.720619e-02 
 3.570297e+01  2.802312e-02 
 3.570336e+01  2.744109e-02 
 3.570376e+01  2.542299e-02 
 3.570416e+01  2.203684e-02 
 3.570456e+01  1.773427e-02 
 3.570495e+01  1.302860e-02 
 3.570535e+01  8.529447e-03 
 3.570575e+01  4.863641e-03 
 3.570615e+01  2.460826e-03 
 3.570655e+01  1.504642e-03 
 3.570694e+01  1.949736e-03 
 3.570734e+01  3.639103e-03 
 3.570774e+01  6.333487e-03 
 3.570814e+01  9.562160e-03 
 3.570853e+01  1.307324e-02 
 3.570893e+01  1.672389e-02 
 3.570933e+01  2.026535e-02 
 3.570973e+01  2.318399e-02 
 3.571012e+01  2.511878e-02 
 3.571052e+01  2.620221e-02 
 3.571092e+01  2.617979e-02 
 3.571132e+01  2.518584e-02 
 3.571172e+01  2.342437e-02 
 3.571211e+01  2.122114e-02 
 3.571251e+01  1.865991e-02 
 3.571291e+01  1.597043e-02 
 3.571331e+01  1.355172e-02 
 3.571370e+01  1.150858e-02 
 3.571410e+01  9.778781e-03 
 3.571450e+01  8.585574e-03 
 3.571490e+01  7.945910e-03 
 3.571529e+01  7.756581e-03 
 3.571569e+01  7.940467e-03 
 3.571609e+01  8.436195e-03 
 3.571649e+01  9.175250e-03 
 3.571689e+01  1.014909e-02 
 3.571728e+01  1.128566e-02 
 3.571768e+01  1.267981e-02 
 3.571808e+01  1.436091e-02 
 3.571848e+01  1.609897e-02 
 3.571887e+01  1.758531e-02 
 3.571927e+01  1.858260e-02 
 3.571967e+01  1.897065e-02 
 3.572007e+01  1.846022e-02 
 3.572046e+01  1.698786e-02 
 3.572086e+01  1.462049e-02 
 3.572126e+01  1.141248e-02 
 3.572166e+01  7.489436e-03 
 3.572206e+01  2.818074e-03 
 3.572245e+01 -2.524382e-03 
 3.572285e+01 -8.078517e-03 
 3.572325e+01 -1.357299e-02 
 3.572365e+01 -1.837281e-02 
 3.572404e+01 -2.212865e-02 
 3.572444e+01 -2.418638e-02 
 3.572484e+01 -2.394783e-02 
 3.572524e+01 -2.127399e-02 
 3.572563e+01 -1.591477e-02 
 3.572603e+01 -8.565877e-03 
 3.572643e+01  3.101351e-04 
 3.572683e+01  1.011175e-02 
 3.572723e+01  2.000650e-02 
 3.572762e+01  2.903109e-02 
 3.572802e+01  3.674056e-02 
 3.572842e+01  4.238727e-02 
 3.572882e+01  4.563684e-02 
 3.572921e+01  4.636628e-02 
 3.572961e+01  4.455789e-02 
 3.573001e+01  4.023393e-02 
 3.573041e+01  3.351374e-02 
 3.573080e+01  2.468742e-02 
 3.573120e+01  1.450552e-02 
 3.573160e+01  3.450130e-03 
 3.573200e+01 -7.524472e-03 
 3.573240e+01 -1.724374e-02 
 3.573279e+01 -2.482023e-02 
 3.573319e+01 -2.937032e-02 
 3.573359e+01 -3.060492e-02 
 3.573399e+01 -2.825022e-02 
 3.573438e+01 -2.283263e-02 
 3.573478e+01 -1.518365e-02 
 3.573518e+01 -6.134159e-03 
 3.573558e+01  3.642245e-03 
 3.573597e+01  1.318868e-02 
 3.573637e+01  2.170095e-02 
 3.573677e+01  2.867851e-02 
 3.573717e+01  3.335149e-02 
 3.573757e+01  3.525430e-02 
 3.573796e+01  3.407357e-02 
 3.573836e+01  2.990252e-02 
 3.573876e+01  2.291313e-02 
 3.573916e+01  1.359723e-02 
 3.573955e+01  2.853659e-03 
 3.573995e+01 -8.489939e-03 
 3.574035e+01 -1.949940e-02 
 3.574075e+01 -2.936306e-02 
 3.574114e+01 -3.736555e-02 
 3.574154e+01 -4.266634e-02 
 3.574194e+01 -4.481134e-02 
 3.574234e+01 -4.379314e-02 
 3.574274e+01 -3.979389e-02 
 3.574313e+01 -3.302108e-02 
 3.574353e+01 -2.417226e-02 
 3.574393e+01 -1.418174e-02 
 3.574433e+01 -3.555426e-03 
 3.574472e+01  7.027929e-03 
 3.574512e+01  1.701596e-02 
 3.574552e+01  2.588016e-02 
 3.574592e+01  3.310150e-02 
 3.574631e+01  3.799274e-02 
 3.574671e+01  4.022480e-02 
 3.574711e+01  3.977814e-02 
 3.574751e+01  3.650163e-02 
 3.574791e+01  3.075658e-02 
 3.574830e+01  2.314478e-02 
 3.574870e+01  1.418923e-02 
 3.574910e+01  4.996382e-03 
 3.574950e+01 -4.089281e-03 
 3.574989e+01 -1.249624e-02 
 3.575029e+01 -1.985355e-02 
 3.575069e+01 -2.574173e-02 
 3.575109e+01 -2.982603e-02 
 3.575148e+01 -3.175293e-02 
 3.575188e+01 -3.118893e-02 
 3.575228e+01 -2.808619e-02 
 3.575268e+01 -2.242419e-02 
 3.575308e+01 -1.444934e-02 
 3.575347e+01 -4.509711e-03 
 3.575387e+01  6.399790e-03 
 3.575427e+01  1.757723e-02 
 3.575467e+01  2.826562e-02 
 3.575506e+01  3.714034e-02 
 3.575546e+01  4.347436e-02 
 3.575586e+01  4.681948e-02 
 3.575626e+01  4.688303e-02 
 3.575665e+01  4.358461e-02 
 3.575705e+01  3.734216e-02 
 3.575745e+01  2.884704e-02 
 3.575785e+01  1.884613e-02 
 3.575825e+01  8.111213e-03 
 3.575864e+01 -2.579291e-03 
 3.575904e+01 -1.256933e-02 
 3.575944e+01 -2.113939e-02 
 3.575984e+01 -2.777763e-02 
 3.576023e+01 -3.189537e-02 
 3.576063e+01 -3.291138e-02 
 3.576103e+01 -3.060017e-02 
 3.576143e+01 -2.517544e-02 
 3.576182e+01 -1.700047e-02 
 3.576222e+01 -6.961524e-03 
 3.576262e+01  3.824774e-03 
 3.576302e+01  1.428679e-02 
 3.576342e+01  2.338593e-02 
 3.576381e+01  3.034039e-02 
 3.576421e+01  3.442920e-02 
 3.576461e+01  3.539908e-02 
 3.576501e+01  3.325818e-02 
 3.576540e+01  2.840744e-02 
 3.576580e+01  2.117084e-02 
 3.576620e+01  1.180251e-02 
 3.576660e+01  1.265353e-03 
 3.576699e+01 -9.558656e-03 
 3.576739e+01 -1.985031e-02 
 3.576779e+01 -2.864322e-02 
 3.576819e+01 -3.553812e-02 
 3.576859e+01 -4.001062e-02 
 3.576898e+01 -4.182929e-02 
 3.576938e+01 -4.115689e-02 
 3.576978e+01 -3.811811e-02 
 3.577018e+01 -3.340845e-02 
 3.577057e+01 -2.737098e-02 
 3.577097e+01 -2.037444e-02 
 3.577137e+01 -1.296992e-02 
 3.577177e+01 -5.596836e-03 
 3.577216e+01  1.248389e-03 
 3.577256e+01  7.229008e-03 
 3.577296e+01  1.213394e-02 
 3.577336e+01  1.598842e-02 
 3.577376e+01  1.877753e-02 
 3.577415e+01  2.056424e-02 
 3.577455e+01  2.126049e-02 
 3.577495e+01  2.089120e-02 
 3.577535e+01  1.921840e-02 
 3.577574e+01  1.627895e-02 
 3.577614e+01  1.223843e-02 
 3.577654e+01  7.425851e-03 
 3.577694e+01  2.692808e-03 
 3.577733e+01 -1.787228e-03 
 3.577773e+01 -5.608405e-03 
 3.577813e+01 -8.363618e-03 
 3.577853e+01 -1.023009e-02 
 3.577893e+01 -1.095953e-02 
 3.577932e+01 -1.033543e-02 
 3.577972e+01 -8.170704e-03 
 3.578012e+01 -4.637022e-03 
 3.578052e+01  8.240479e-05 
 3.578091e+01  5.798230e-03 
 3.578131e+01  1.203565e-02 
 3.578171e+01  1.822766e-02 
 3.578211e+01  2.374973e-02 
 3.578251e+01  2.776834e-02 
 3.578290e+01  2.993850e-02 
 3.578330e+01  2.985248e-02 
 3.578370e+01  2.734571e-02 
 3.578410e+01  2.270746e-02 
 3.578449e+01  1.631327e-02 
 3.578489e+01  8.899892e-03 
 3.578529e+01  1.327002e-03 
 3.578569e+01 -5.371347e-03 
 3.578608e+01 -1.052003e-02 
 3.578648e+01 -1.377064e-02 
 3.578688e+01 -1.481703e-02 
 3.578728e+01 -1.367044e-02 
 3.578768e+01 -1.055458e-02 
 3.578807e+01 -5.941274e-03 
 3.578847e+01 -2.582079e-04 
 3.578887e+01  6.190848e-03 
 3.578927e+01  1.289127e-02 
 3.578966e+01  1.930878e-02 
 3.579006e+01  2.466146e-02 
 3.579046e+01  2.838809e-02 
 3.579086e+01  3.002590e-02 
 3.579125e+01  2.938616e-02 
 3.579165e+01  2.658257e-02 
 3.579205e+01  2.210947e-02 
 3.579245e+01  1.649242e-02 
 3.579285e+01  1.053310e-02 
 3.579324e+01  4.949327e-03 
 3.579364e+01  2.796760e-04 
 3.579404e+01 -3.008105e-03 
 3.579444e+01 -4.432073e-03 
 3.579483e+01 -3.913578e-03 
 3.579523e+01 -1.742249e-03 
 3.579563e+01  1.934790e-03 
 3.579603e+01  6.313818e-03 
 3.579642e+01  1.083567e-02 
 3.579682e+01  1.520359e-02 
 3.579722e+01  1.907546e-02 
 3.579762e+01  2.211958e-02 
 3.579802e+01  2.421277e-02 
 3.579841e+01  2.515257e-02 
 3.579881e+01  2.490692e-02 
 3.579921e+01  2.340976e-02 
 3.579961e+01  2.064011e-02 
 3.580000e+01  1.684245e-02 
 3.580040e+01  1.261878e-02 
 3.580080e+01  8.511963e-03 
 3.580120e+01  5.386288e-03 
 3.580159e+01  3.677832e-03 
 3.580199e+01  3.736139e-03 
 3.580239e+01  5.225207e-03 
 3.580279e+01  8.062696e-03 
 3.580319e+01  1.221983e-02 
 3.580358e+01  1.723338e-02 
 3.580398e+01  2.263895e-02 
 3.580438e+01  2.787047e-02 
 3.580478e+01  3.245428e-02 
 3.580517e+01  3.614417e-02 
 3.580557e+01  3.876118e-02 
 3.580597e+01  4.018274e-02 
 3.580637e+01  4.035139e-02 
 3.580676e+01  3.937443e-02 
 3.580716e+01  3.723188e-02 
 3.580756e+01  3.423211e-02 
 3.580796e+01  3.051435e-02 
 3.580836e+01  2.638288e-02 
 3.580875e+01  2.176670e-02 
 3.580915e+01  1.713215e-02 
 3.580955e+01  1.314058e-02 
 3.580995e+01  9.813100e-03 
 3.581034e+01  7.307039e-03 
 3.581074e+01  5.755783e-03 
 3.581114e+01  4.878115e-03 
 3.581154e+01  4.424495e-03 
 3.581193e+01  4.295647e-03 
 3.581233e+01  4.640452e-03 
 3.581273e+01  5.524655e-03 
 3.581313e+01  6.982250e-03 
 3.581353e+01  9.112780e-03 
 3.581392e+01  1.151037e-02 
 3.581432e+01  1.405466e-02 
 3.581472e+01  1.629928e-02 
 3.581512e+01  1.765716e-02 
 3.581551e+01  1.778527e-02 
 3.581591e+01  1.644008e-02 
 3.581631e+01  1.375848e-02 
 3.581671e+01  1.011055e-02 
 3.581710e+01  5.859520e-03 
 3.581750e+01  1.312930e-03 
 3.581790e+01 -3.269096e-03 
 3.581830e+01 -7.477291e-03 
 3.581870e+01 -1.116167e-02 
 3.581909e+01 -1.378878e-02 
 3.581949e+01 -1.519634e-02 
 3.581989e+01 -1.539515e-02 
 3.582029e+01 -1.432108e-02 
 3.582068e+01 -1.192160e-02 
 3.582108e+01 -7.997955e-03 
 3.582148e+01 -2.573448e-03 
 3.582188e+01  4.342223e-03 
 3.582227e+01  1.240553e-02 
 3.582267e+01  2.093545e-02 
 3.582307e+01  2.934930e-02 
 3.582347e+01  3.668755e-02 
 3.582387e+01  4.212889e-02 
 3.582426e+01  4.500078e-02 
 3.582466e+01  4.499516e-02 
 3.582506e+01  4.210324e-02 
 3.582546e+01  3.669851e-02 
 3.582585e+01  2.920202e-02 
 3.582625e+01  2.000419e-02 
 3.582665e+01  9.761108e-03 
 3.582705e+01 -7.114248e-04 
 3.582744e+01 -1.067988e-02 
 3.582784e+01 -1.938920e-02 
 3.582824e+01 -2.601107e-02 
 3.582864e+01 -2.993914e-02 
 3.582904e+01 -3.080874e-02 
 3.582943e+01 -2.842062e-02 
 3.582983e+01 -2.293200e-02 
 3.583023e+01 -1.474364e-02 
 3.583063e+01 -4.680710e-03 
 3.583102e+01  6.297879e-03 
 3.583142e+01  1.737280e-02 
 3.583182e+01  2.767229e-02 
 3.583222e+01  3.640144e-02 
 3.583261e+01  4.285470e-02 
 3.583301e+01  4.682651e-02 
 3.583341e+01  4.797924e-02 
 3.583381e+01  4.625179e-02 
 3.583421e+01  4.193692e-02 
 3.583460e+01  3.530006e-02 
 3.583500e+01  2.663798e-02 
 3.583540e+01  1.666529e-02 
 3.583580e+01  6.114369e-03 
 3.583619e+01 -4.278600e-03 
 3.583659e+01 -1.338633e-02 
 3.583699e+01 -2.046539e-02 
 3.583739e+01 -2.503720e-02 
 3.583778e+01 -2.672287e-02 
 3.583818e+01 -2.569383e-02 
 3.583858e+01 -2.212459e-02 
 3.583898e+01 -1.671296e-02 
 3.583938e+01 -9.979430e-03 
 3.583977e+01 -2.713196e-03 
 3.584017e+01  4.669490e-03 
 3.584057e+01  1.187746e-02 
 3.584097e+01  1.847498e-02 
 3.584136e+01  2.413127e-02 
 3.584176e+01  2.836310e-02 
 3.584216e+01  3.074703e-02 
 3.584256e+01  3.105933e-02 
 3.584295e+01  2.919559e-02 
 3.584335e+01  2.486685e-02 
 3.584375e+01  1.807905e-02 
 3.584415e+01  8.912896e-03 
 3.584455e+01 -1.986096e-03 
 3.584494e+01 -1.394945e-02 
 3.584534e+01 -2.570210e-02 
 3.584574e+01 -3.624620e-02 
 3.584614e+01 -4.479586e-02 
 3.584653e+01 -5.051237e-02 
 3.584693e+01 -5.305690e-02 
 3.584733e+01 -5.223384e-02 
 3.584773e+01 -4.804517e-02 
 3.584812e+01 -4.062598e-02 
 3.584852e+01 -3.050057e-02 
 3.584892e+01 -1.812667e-02 
 3.584932e+01 -4.104979e-03 
 3.584972e+01  1.040423e-02 
 3.585011e+01  2.430230e-02 
 3.585051e+01  3.647941e-02 
 3.585091e+01  4.589041e-02 
 3.585131e+01  5.161687e-02 
 3.585170e+01  5.351856e-02 
 3.585210e+01  5.160329e-02 
 3.585250e+01  4.612637e-02 
 3.585290e+01  3.775609e-02 
 3.585329e+01  2.751916e-02 
 3.585369e+01  1.637235e-02 
 3.585409e+01  5.318463e-03 
 3.585449e+01 -4.727545e-03 
 3.585489e+01 -1.305435e-02 
 3.585528e+01 -1.887940e-02 
 3.585568e+01 -2.180829e-02 
 3.585608e+01 -2.149768e-02 
 3.585648e+01 -1.799061e-02 
 3.585687e+01 -1.178587e-02 
 3.585727e+01 -3.725759e-03 
 3.585767e+01  5.480141e-03 
 3.585807e+01  1.505972e-02 
 3.585846e+01  2.398875e-02 
 3.585886e+01  3.143910e-02 
 3.585926e+01  3.680316e-02 
 3.585966e+01  3.940970e-02 
 3.586006e+01  3.898183e-02 
 3.586045e+01  3.564472e-02 
 3.586085e+01  2.972566e-02 
 3.586125e+01  2.205565e-02 
 3.586165e+01  1.340073e-02 
 3.586204e+01  4.761701e-03 
 3.586244e+01 -3.338088e-03 
 3.586284e+01 -1.029807e-02 
 3.586324e+01 -1.605127e-02 
 3.586363e+01 -2.052235e-02 
 3.586403e+01 -2.344076e-02 
 3.586443e+01 -2.462421e-02 
 3.586483e+01 -2.386548e-02 
 3.586523e+01 -2.122306e-02 
 3.586562e+01 -1.705224e-02 
 3.586602e+01 -1.205012e-02 
 3.586642e+01 -6.856143e-03 
 3.586682e+01 -1.802632e-03 
 3.586721e+01  2.655137e-03 
 3.586761e+01  6.307927e-03 
 3.586801e+01  9.073670e-03 
 3.586841e+01  1.112446e-02 
 3.586880e+01  1.238233e-02 
 3.586920e+01  1.295036e-02 
 3.586960e+01  1.268951e-02 
 3.587000e+01  1.142746e-02 
 3.587040e+01  9.047299e-03 
 3.587079e+01  5.925495e-03 
 3.587119e+01  2.088558e-03 
 3.587159e+01 -2.114996e-03 
 3.587199e+01 -6.584072e-03 
 3.587238e+01 -1.100134e-02 
 3.587278e+01 -1.503448e-02 
 3.587318e+01 -1.849976e-02 
 3.587358e+01 -2.091571e-02 
 3.587398e+01 -2.192870e-02 
 3.587437e+01 -2.132893e-02 
 3.587477e+01 -1.935077e-02 
 3.587517e+01 -1.604704e-02 
 3.587557e+01 -1.148947e-02 
 3.587596e+01 -6.144841e-03 
 3.587636e+01 -5.510981e-04 
 3.587676e+01  5.032800e-03 
 3.587716e+01  1.033310e-02 
 3.587755e+01  1.491803e-02 
 3.587795e+01  1.859528e-02 
 3.587835e+01  2.099958e-02 
 3.587875e+01  2.195594e-02 
 3.587915e+01  2.121559e-02 
 3.587954e+01  1.897516e-02 
 3.587994e+01  1.573987e-02 
 3.588034e+01  1.187905e-02 
 3.588074e+01  8.053053e-03 
 3.588113e+01  4.811892e-03 
 3.588153e+01  2.509242e-03 
 3.588193e+01  1.661618e-03 
 3.588233e+01  2.345798e-03 
 3.588272e+01  4.523825e-03 
 3.588312e+01  8.291651e-03 
 3.588352e+01  1.325942e-02 
 3.588392e+01  1.908833e-02 
 3.588432e+01  2.525963e-02 
 3.588471e+01  3.117765e-02 
 3.588511e+01  3.609806e-02 
 3.588551e+01  3.957742e-02 
 3.588591e+01  4.099725e-02 
 3.588630e+01  4.027767e-02 
 3.588670e+01  3.756195e-02 
 3.588710e+01  3.302760e-02 
 3.588750e+01  2.702287e-02 
 3.588789e+01  2.000106e-02 
 3.588829e+01  1.258531e-02 
 3.588869e+01  5.255464e-03 
 3.588909e+01 -1.420345e-03 
 3.588949e+01 -7.146929e-03 
 3.588988e+01 -1.167152e-02 
 3.589028e+01 -1.469482e-02 
 3.589068e+01 -1.595709e-02 
 3.589108e+01 -1.551441e-02 
 3.589147e+01 -1.362366e-02 
 3.589187e+01 -1.046122e-02 
 3.589227e+01 -6.532785e-03 
 3.589267e+01 -2.136960e-03 
 3.589306e+01  2.515115e-03 
 3.589346e+01  6.709311e-03 
 3.589386e+01  9.865651e-03 
 3.589426e+01  1.165248e-02 
 3.589466e+01  1.196735e-02 
 3.589505e+01  1.048830e-02 
 3.589545e+01  7.737188e-03 
 3.589585e+01  4.120072e-03 
 3.589625e+01  1.617836e-04 
 3.589664e+01 -3.346172e-03 
 3.589704e+01 -5.901641e-03 
 3.589744e+01 -6.874557e-03 
 3.589784e+01 -6.265915e-03 
 3.589823e+01 -4.361687e-03 
 3.589863e+01 -1.426008e-03 
 3.589903e+01  2.190775e-03 
 3.589943e+01  6.352192e-03 
 3.589983e+01  1.064479e-02 
 3.590022e+01  1.473538e-02 
 3.590062e+01  1.855350e-02 
 3.590102e+01  2.171559e-02 
 3.590142e+01  2.392829e-02 
 3.590181e+01  2.537009e-02 
 3.590221e+01  2.595471e-02 
 3.590261e+01  2.555851e-02 
 3.590301e+01  2.435817e-02 
 3.590340e+01  2.241609e-02 
 3.590380e+01  1.969820e-02 
 3.590420e+01  1.649415e-02 
 3.590460e+01  1.312964e-02 
 3.590500e+01  9.528468e-03 
 3.590539e+01  6.283581e-03 
 3.590579e+01  3.718319e-03 
 3.590619e+01  1.954261e-03 
 3.590659e+01  1.262504e-03 
 3.590698e+01  1.936517e-03 
 3.590738e+01  3.542247e-03 
 3.590778e+01  6.092250e-03 
 3.590818e+01  9.417263e-03 
 3.590857e+01  1.329990e-02 
 3.590897e+01  1.749257e-02 
 3.590937e+01  2.166596e-02 
 3.590977e+01  2.560334e-02 
 3.591017e+01  2.911138e-02 
 3.591056e+01  3.219389e-02 
 3.591096e+01  3.443582e-02 
 3.591136e+01  3.542432e-02 
 3.591176e+01  3.486326e-02 
 3.591215e+01  3.276729e-02 
 3.591255e+01  2.913047e-02 
 3.591295e+01  2.421410e-02 
 3.591335e+01  1.827849e-02 
 3.591374e+01  1.186566e-02 
 3.591414e+01  5.457535e-03 
 3.591454e+01 -2.436895e-04 
 3.591494e+01 -4.813903e-03 
 3.591534e+01 -7.805181e-03 
 3.591573e+01 -8.808751e-03 
 3.591613e+01 -7.800501e-03 
 3.591653e+01 -4.526093e-03 
 3.591693e+01  7.985838e-04 
 3.591732e+01  7.512614e-03 
 3.591772e+01  1.476273e-02 
 3.591812e+01  2.213341e-02 
 3.591852e+01  2.871156e-02 
 3.591891e+01  3.364263e-02 
 3.591931e+01  3.668833e-02 
 3.591971e+01  3.742452e-02 
 3.592011e+01  3.528148e-02 
 3.592051e+01  3.025371e-02 
 3.592090e+01  2.272970e-02 
 3.592130e+01  1.310176e-02 
 3.592170e+01  2.089318e-03 
 3.592210e+01 -9.162959e-03 
 3.592249e+01 -1.970881e-02 
 3.592289e+01 -2.841038e-02 
 3.592329e+01 -3.430358e-02 
 3.592369e+01 -3.699532e-02 
 3.592408e+01 -3.639785e-02 
 3.592448e+01 -3.237660e-02 
 3.592488e+01 -2.537919e-02 
 3.592528e+01 -1.584274e-02 
 3.592568e+01 -4.209181e-03 
 3.592607e+01  8.589164e-03 
 3.592647e+01  2.169953e-02 
 3.592687e+01  3.406024e-02 
 3.592727e+01  4.466438e-02 
 3.592766e+01  5.279152e-02 
 3.592806e+01  5.789851e-02 
 3.592846e+01  5.965226e-02 
 3.592886e+01  5.811174e-02 
 3.592925e+01  5.368070e-02 
 3.592965e+01  4.661796e-02 
 3.593005e+01  3.749359e-02 
 3.593045e+01  2.710160e-02 
 3.593085e+01  1.622253e-02 
 3.593124e+01  5.519706e-03 
 3.593164e+01 -4.302086e-03 
 3.593204e+01 -1.240131e-02 
 3.593244e+01 -1.834489e-02 
 3.593283e+01 -2.183609e-02 
 3.593323e+01 -2.284809e-02 
 3.593363e+01 -2.169528e-02 
 3.593403e+01 -1.859118e-02 
 3.593442e+01 -1.350253e-02 
 3.593482e+01 -6.827827e-03 
 3.593522e+01  8.785306e-04 
 3.593562e+01  9.268222e-03 
 3.593602e+01  1.776312e-02 
 3.593641e+01  2.556477e-02 
 3.593681e+01  3.235105e-02 
 3.593721e+01  3.749142e-02 
 3.593761e+01  4.031551e-02 
 3.593800e+01  4.062856e-02 
 3.593840e+01  3.852684e-02 
 3.593880e+01  3.416442e-02 
 3.593920e+01  2.778073e-02 
 3.593959e+01  1.954540e-02 
 3.593999e+01  9.705993e-03 
 3.594039e+01 -9.233838e-04 
 3.594079e+01 -1.175933e-02 
 3.594119e+01 -2.222454e-02 
 3.594158e+01 -3.118377e-02 
 3.594198e+01 -3.787217e-02 
 3.594238e+01 -4.178219e-02 
 3.594278e+01 -4.242350e-02 
 3.594317e+01 -3.933932e-02 
 3.594357e+01 -3.289742e-02 
 3.594397e+01 -2.365062e-02 
 3.594437e+01 -1.218933e-02 
 3.594476e+01  6.059697e-04 
 3.594516e+01  1.373506e-02 
 3.594556e+01  2.629997e-02 
 3.594596e+01  3.720408e-02 
 3.594636e+01  4.546057e-02 
 3.594675e+01  5.050951e-02 
 3.594715e+01  5.206271e-02 
 3.594755e+01  4.982719e-02 
 3.594795e+01  4.426370e-02 
 3.594834e+01  3.585307e-02 
 3.594874e+01  2.529398e-02 
 3.594914e+01  1.350389e-02 
 3.594954e+01  1.449975e-03 
 3.594993e+01 -9.762123e-03 
 3.595033e+01 -1.949832e-02 
 3.595073e+01 -2.685806e-02 
 3.595113e+01 -3.116196e-02 
 3.595153e+01 -3.235419e-02 
 3.595192e+01 -3.031192e-02 
 3.595232e+01 -2.532459e-02 
 3.595272e+01 -1.792032e-02 
 3.595312e+01 -8.778198e-03 
 3.595351e+01  1.317342e-03 
 3.595391e+01  1.141428e-02 
 3.595431e+01  2.087457e-02 
 3.595471e+01  2.907888e-02 
 3.595510e+01  3.507402e-02 
 3.595550e+01  3.842447e-02 
 3.595590e+01  3.904974e-02 
 3.595630e+01  3.690900e-02 
 3.595670e+01  3.262398e-02 
 3.595709e+01  2.654026e-02 
 3.595749e+01  1.917872e-02 
 3.595789e+01  1.159185e-02 
 3.595829e+01  4.509482e-03 
 3.595868e+01 -1.572033e-03 
 3.595908e+01 -6.231502e-03 
 3.595948e+01 -9.259644e-03 
 3.595988e+01 -1.067240e-02 
 3.596027e+01 -1.058381e-02 
 3.596067e+01 -8.986300e-03 
 3.596107e+01 -6.049896e-03 
 3.596147e+01 -2.379249e-03 
 3.596187e+01  1.938506e-03 
 3.596226e+01  6.739289e-03 
 3.596266e+01  1.147591e-02 
 3.596306e+01  1.581966e-02 
 3.596346e+01  1.927117e-02 
 3.596385e+01  2.152120e-02 
 3.596425e+01  2.232436e-02 
 3.596465e+01  2.149463e-02 
 3.596505e+01  1.932437e-02 
 3.596545e+01  1.597682e-02 
 3.596584e+01  1.188802e-02 
 3.596624e+01  7.314140e-03 
 3.596664e+01  2.577746e-03 
 3.596704e+01 -1.895510e-03 
 3.596743e+01 -5.868272e-03 
 3.596783e+01 -9.280494e-03 
 3.596823e+01 -1.182953e-02 
 3.596863e+01 -1.372998e-02 
 3.596902e+01 -1.489674e-02 
 3.596942e+01 -1.530601e-02 
 3.596982e+01 -1.498478e-02 
 3.597022e+01 -1.379637e-02 
 3.597062e+01 -1.177204e-02 
 3.597101e+01 -8.926090e-03 
 3.597141e+01 -5.461425e-03 
 3.597181e+01 -1.667407e-03 
 3.597221e+01  2.064029e-03 
 3.597260e+01  5.229367e-03 
 3.597300e+01  7.592946e-03 
 3.597340e+01  9.051567e-03 
 3.597380e+01  9.462181e-03 
 3.597419e+01  8.887631e-03 
 3.597459e+01  7.528365e-03 
 3.597499e+01  5.421862e-03 
 3.597539e+01  2.706332e-03 
 3.597579e+01 -2.086086e-04 
 3.597618e+01 -3.026024e-03 
 3.597658e+01 -5.277757e-03 
 3.597698e+01 -6.578289e-03 
 3.597738e+01 -6.570576e-03 
 3.597777e+01 -5.152559e-03 
 3.597817e+01 -2.273923e-03 
 3.597857e+01  1.713017e-03 
 3.597897e+01  6.077686e-03 
 3.597936e+01  1.013583e-02 
 3.597976e+01  1.361522e-02 
 3.598016e+01  1.630270e-02 
 3.598056e+01  1.792113e-02 
 3.598096e+01  1.826922e-02 
 3.598135e+01  1.711236e-02 
 3.598175e+01  1.452470e-02 
 3.598215e+01  1.069243e-02 
 3.598255e+01  5.782982e-03 
 3.598294e+01  2.286990e-04 
 3.598334e+01 -5.596944e-03 
 3.598374e+01 -1.116001e-02 
 3.598414e+01 -1.579132e-02 
 3.598453e+01 -1.886312e-02 
 3.598493e+01 -2.029000e-02 
 3.598533e+01 -2.012143e-02 
 3.598573e+01 -1.826813e-02 
 3.598613e+01 -1.482731e-02 
 3.598652e+01 -1.006284e-02 
 3.598692e+01 -4.339051e-03 
 3.598732e+01  1.860138e-03 
 3.598772e+01  7.839107e-03 
 3.598811e+01  1.301143e-02 
 3.598851e+01  1.697426e-02 
 3.598891e+01  1.932715e-02 
 3.598931e+01  2.011894e-02 
 3.598970e+01  1.949037e-02 
 3.599010e+01  1.764270e-02 
 3.599050e+01  1.493596e-02 
 3.599090e+01  1.158395e-02 
 3.599130e+01  7.967380e-03 
 3.599169e+01  4.298328e-03 
 3.599209e+01  1.057278e-03 
 3.599249e+01 -1.436851e-03 
 3.599289e+01 -2.824492e-03 
 3.599328e+01 -2.913758e-03 
 3.599368e+01 -1.745629e-03 
 3.599408e+01  4.590884e-04 
 3.599448e+01  3.278251e-03 
 3.599487e+01  6.343815e-03 
 3.599527e+01  9.448889e-03 
 3.599567e+01  1.225140e-02 
 3.599607e+01  1.493232e-02 
 3.599647e+01  1.732141e-02 
 3.599686e+01  1.941315e-02 
 3.599726e+01  2.096236e-02 
 3.599766e+01  2.169328e-02 
 3.599806e+01  2.176225e-02 
 3.599845e+01  2.104490e-02 
 3.599885e+01  1.986485e-02 
 3.599925e+01  1.835355e-02 
 3.599965e+01  1.659620e-02 
 3.600004e+01  1.456862e-02 
 3.600044e+01  1.223398e-02 
 3.600084e+01  9.609319e-03 
 3.600124e+01  6.718337e-03 
 3.600164e+01  3.996304e-03 
 3.600203e+01  1.771261e-03 
 3.600243e+01  4.012352e-04 
 3.600283e+01 -1.970434e-04 
 3.600323e+01  4.317503e-05 
 3.600362e+01  1.348482e-03 
 3.600402e+01  3.703713e-03 
 3.600442e+01  7.275375e-03 
 3.600482e+01  1.186473e-02 
 3.600521e+01  1.721495e-02 
 3.600561e+01  2.268702e-02 
 3.600601e+01  2.777176e-02 
 3.600641e+01  3.174042e-02 
 3.600681e+01  3.394674e-02 
 3.600720e+01  3.413297e-02 
 3.600760e+01  3.225005e-02 
 3.600800e+01  2.885302e-02 
 3.600840e+01  2.409397e-02 
 3.600879e+01  1.837782e-02 
 3.600919e+01  1.212203e-02 
 3.600959e+01  5.829341e-03 
 3.600999e+01 -5.365391e-06 
 3.601038e+01 -4.795840e-03 
 3.601078e+01 -7.985921e-03 
 3.601118e+01 -9.166389e-03 
 3.601158e+01 -8.058702e-03 
 3.601198e+01 -4.608284e-03 
 3.601237e+01  9.296426e-04 
 3.601277e+01  8.281818e-03 
 3.601317e+01  1.668429e-02 
 3.601357e+01  2.548336e-02 
 3.601396e+01  3.374231e-02 
 3.601436e+01  4.063673e-02 
 3.601476e+01  4.533506e-02 
 3.601516e+01  4.711366e-02 
 3.601555e+01  4.569764e-02 
 3.601595e+01  4.124856e-02 
 3.601635e+01  3.416336e-02 
 3.601675e+01  2.525218e-02 
 3.601715e+01  1.534233e-02 
 3.601754e+01  5.315730e-03 
 3.601794e+01 -4.051690e-03 
 3.601834e+01 -1.203907e-02 
 3.601874e+01 -1.785455e-02 
 3.601913e+01 -2.106765e-02 
 3.601953e+01 -2.148052e-02 
 3.601993e+01 -1.905260e-02 
 3.602033e+01 -1.402062e-02 
 3.602072e+01 -6.680298e-03 
 3.602112e+01  2.128749e-03 
 3.602152e+01  1.184719e-02 
 3.602192e+01  2.179784e-02 
 3.602232e+01  3.146254e-02 
 3.602271e+01  4.021805e-02 
 3.602311e+01  4.730796e-02 
 3.602351e+01  5.211064e-02 
 3.602391e+01  5.418456e-02 
 3.602430e+01  5.332518e-02 
 3.602470e+01  4.945968e-02 
 3.602510e+01  4.276881e-02 
 3.602550e+01  3.389496e-02 
 3.602589e+01  2.363753e-02 
 3.602629e+01  1.283520e-02 
 3.602669e+01  2.224375e-03 
 3.602709e+01 -7.468068e-03 
 3.602749e+01 -1.562990e-02 
 3.602788e+01 -2.178847e-02 
 3.602828e+01 -2.559137e-02 
 3.602868e+01 -2.686077e-02 
 3.602908e+01 -2.570462e-02 
 3.602947e+01 -2.218712e-02 
 3.602987e+01 -1.653965e-02 
 3.603027e+01 -9.113394e-03 
 3.603067e+01 -4.751189e-04 
 3.603106e+01  8.680725e-03 
 3.603146e+01  1.795720e-02 
 3.603186e+01  2.682954e-02 
 3.603226e+01  3.484819e-02 
 3.603266e+01  4.133764e-02 
 3.603305e+01  4.563235e-02 
 3.603345e+01  4.732956e-02 
 3.603385e+01  4.604055e-02 
 3.603425e+01  4.151831e-02 
 3.603464e+01  3.409126e-02 
 3.603504e+01  2.429422e-02 
 3.603544e+01  1.315040e-02 
 3.603584e+01  1.538725e-03 
 3.603623e+01 -9.577322e-03 
 3.603663e+01 -1.948691e-02 
 3.603703e+01 -2.749823e-02 
 3.603743e+01 -3.307362e-02 
 3.603783e+01 -3.572099e-02 
 3.603822e+01 -3.502479e-02 
 3.603862e+01 -3.079570e-02 
 3.603902e+01 -2.333919e-02 
 3.603942e+01 -1.319626e-02 
 3.603981e+01 -1.199404e-03 
 3.604021e+01  1.152159e-02 
 3.604061e+01  2.394163e-02 
 3.604101e+01  3.506564e-02 
 3.604140e+01  4.408751e-02 
 3.604180e+01  5.028333e-02 
 3.604220e+01  5.324206e-02 
 3.604260e+01  5.271487e-02 
 3.604300e+01  4.875756e-02 
 3.604339e+01  4.162399e-02 
 3.604379e+01  3.187593e-02 
 3.604419e+01  2.013480e-02 
 3.604459e+01  7.420138e-03 
 3.604498e+01 -5.371815e-03 
 3.604538e+01 -1.736757e-02 
 3.604578e+01 -2.768576e-02 
 3.604618e+01 -3.541332e-02 
 3.604657e+01 -4.008760e-02 
 3.604697e+01 -4.130468e-02 
 3.604737e+01 -3.895708e-02 
 3.604777e+01 -3.327436e-02 
 3.604817e+01 -2.486323e-02 
 3.604856e+01 -1.479705e-02 
 3.604896e+01 -4.354911e-03 
 3.604936e+01  5.484472e-03 
 3.604976e+01  1.392877e-02 
 3.605015e+01  2.060109e-02 
 3.605055e+01  2.527604e-02 
 3.605095e+01  2.807238e-02 
 3.605135e+01  2.906193e-02 
 3.605174e+01  2.845191e-02 
 3.605214e+01  2.634577e-02 
 3.605254e+01  2.286937e-02 
 3.605294e+01  1.820124e-02 
 3.605334e+01  1.285191e-02 
 3.605373e+01  7.168451e-03 
 3.605413e+01  1.576730e-03 
 3.605453e+01 -3.529587e-03 
 3.605493e+01 -7.910637e-03 
 3.605532e+01 -1.125021e-02 
 3.605572e+01 -1.329684e-02 
 3.605612e+01 -1.381668e-02 
 3.605652e+01 -1.304895e-02 
 3.605692e+01 -1.092365e-02 
 3.605731e+01 -7.615957e-03 
 3.605771e+01 -3.512713e-03 
 3.605811e+01  9.991920e-04 
 3.605851e+01  5.522165e-03 
 3.605890e+01  9.756167e-03 
 3.605930e+01  1.343917e-02 
 3.605970e+01  1.638031e-02 
 3.606010e+01  1.847877e-02 
 3.606049e+01  1.955393e-02 
 3.606089e+01  1.952927e-02 
 3.606129e+01  1.830532e-02 
 3.606169e+01  1.588073e-02 
 3.606209e+01  1.254780e-02 
 3.606248e+01  8.361590e-03 
 3.606288e+01  3.673717e-03 
 3.606328e+01 -1.173204e-03 
 3.606368e+01 -6.015132e-03 
 3.606407e+01 -1.053122e-02 
 3.606447e+01 -1.438445e-02 
 3.606487e+01 -1.730160e-02 
 3.606527e+01 -1.906752e-02 
 3.606566e+01 -1.957855e-02 
 3.606606e+01 -1.860080e-02 
 3.606646e+01 -1.621994e-02 
 3.606686e+01 -1.243930e-02 
 3.606726e+01 -7.724257e-03 
 3.606765e+01 -2.517237e-03 
 3.606805e+01  2.566554e-03 
 3.606845e+01  6.956943e-03 
 3.606885e+01  1.001942e-02 
 3.606924e+01  1.139853e-02 
 3.606964e+01  1.118953e-02 
 3.607004e+01  9.584014e-03 
 3.607044e+01  6.956832e-03 
 3.607083e+01  3.823551e-03 
 3.607123e+01  6.227430e-04 
 3.607163e+01 -1.973181e-03 
 3.607203e+01 -3.746528e-03 
 3.607243e+01 -4.411234e-03 
 3.607282e+01 -3.985448e-03 
 3.607322e+01 -2.494889e-03 
 3.607362e+01  1.426355e-05 
 3.607402e+01  3.420162e-03 
 3.607441e+01  7.295706e-03 
 3.607481e+01  1.126272e-02 
 3.607521e+01  1.472239e-02 
 3.607561e+01  1.727633e-02 
 3.607600e+01  1.845362e-02 
 3.607640e+01  1.786563e-02 
 3.607680e+01  1.537467e-02 
 3.607720e+01  1.123084e-02 
 3.607760e+01  5.938765e-03 
 3.607799e+01  3.433885e-04 
 3.607839e+01 -5.038221e-03 
 3.607879e+01 -9.741907e-03 
 3.607919e+01 -1.329027e-02 
 3.607958e+01 -1.550270e-02 
 3.607998e+01 -1.624127e-02 
 3.608038e+01 -1.566094e-02 
 3.608078e+01 -1.362876e-02 
 3.608117e+01 -1.018680e-02 
 3.608157e+01 -5.429418e-03 
 3.608197e+01  4.263655e-04 
 3.608237e+01  6.892273e-03 
 3.608277e+01  1.341075e-02 
 3.608316e+01  1.924239e-02 
 3.608356e+01  2.397396e-02 
 3.608396e+01  2.708843e-02 
 3.608436e+01  2.842472e-02 
 3.608475e+01  2.772943e-02 
 3.608515e+01  2.506624e-02 
 3.608555e+01  2.058857e-02 
 3.608595e+01  1.471139e-02 
 3.608634e+01  8.021777e-03 
 3.608674e+01  1.369140e-03 
 3.608714e+01 -4.677201e-03 
 3.608754e+01 -9.559330e-03 
 3.608794e+01 -1.297378e-02 
 3.608833e+01 -1.484562e-02 
 3.608873e+01 -1.545374e-02 
 3.608913e+01 -1.502859e-02 
 3.608953e+01 -1.365527e-02 
 3.608992e+01 -1.147669e-02 
 3.609032e+01 -8.335249e-03 
 3.609072e+01 -4.225541e-03 
 3.609112e+01  6.234975e-04 
 3.609151e+01  5.966959e-03 
 3.609191e+01  1.132587e-02 
 3.609231e+01  1.618069e-02 
 3.609271e+01  2.002344e-02 
 3.609311e+01  2.272965e-02 
 3.609350e+01  2.418627e-02 
 3.609390e+01  2.435045e-02 
 3.609430e+01  2.320696e-02 
 3.609470e+01  2.071690e-02 
 3.609509e+01  1.689983e-02 
 3.609549e+01  1.194402e-02 
 3.609589e+01  6.246291e-03 
 3.609629e+01  2.641982e-04 
 3.609668e+01 -5.505114e-03 
 3.609708e+01 -1.039516e-02 
 3.609748e+01 -1.397293e-02 
 3.609788e+01 -1.587486e-02 
 3.609828e+01 -1.577350e-02 
 3.609867e+01 -1.373164e-02 
 3.609907e+01 -9.759935e-03 
 3.609947e+01 -3.971866e-03 
 3.609987e+01  3.264070e-03 
 3.610026e+01  1.137537e-02 
 3.610066e+01  1.965458e-02 
 3.610106e+01  2.741901e-02 
 3.610146e+01  3.414367e-02 
 3.610185e+01  3.945453e-02 
 3.610225e+01  4.295555e-02 
 3.610265e+01  4.461073e-02 
 3.610305e+01  4.432156e-02 
 3.610345e+01  4.216261e-02 
 3.610384e+01  3.791942e-02 
 3.610424e+01  3.173534e-02 
 3.610464e+01  2.405314e-02 
 3.610504e+01  1.538386e-02 
 3.610543e+01  6.324801e-03 
 3.610583e+01 -1.132100e-03 
 3.610623e+01 -6.361425e-03 
 3.610663e+01 -8.757813e-03 
 3.610702e+01 -7.735714e-03 
 3.610742e+01 -4.185409e-03 
 3.610782e+01  1.687997e-03 
 3.610822e+01  9.054403e-03 
 3.610862e+01  1.675242e-02 
 3.610901e+01  2.469152e-02 
 3.610941e+01  3.194485e-02 
 3.610981e+01  3.825448e-02 
 3.611021e+01  4.332072e-02 
 3.611060e+01  4.607140e-02 
 3.611100e+01  4.638616e-02 
 3.611140e+01  4.389447e-02 
 3.611180e+01  3.898059e-02 
 3.611219e+01  3.234449e-02 
 3.611259e+01  2.409021e-02 
 3.611299e+01  1.516747e-02 
 3.611339e+01  6.077526e-03 
 3.611379e+01 -2.640712e-03 
 3.611418e+01 -1.004402e-02 
 3.611458e+01 -1.560451e-02 
 3.611498e+01 -1.916829e-02 
 3.611538e+01 -2.022872e-02 
 3.611577e+01 -1.889507e-02 
 3.611617e+01 -1.522140e-02 
 3.611657e+01 -9.735679e-03 
 3.611697e+01 -3.316979e-03 
 3.611736e+01  3.860758e-03 
 3.611776e+01  1.100376e-02 
 3.611816e+01  1.786528e-02 
 3.611856e+01  2.380786e-02 
 3.611896e+01  2.815701e-02 
 3.611935e+01  3.084168e-02 
 3.611975e+01  3.135278e-02 
 3.612015e+01  2.978829e-02 
 3.612055e+01  2.645782e-02 
 3.612094e+01  2.152544e-02 
 3.612134e+01  1.565556e-02 
 3.612174e+01  9.638381e-03 
 3.612214e+01  3.942892e-03 
 3.612253e+01 -1.469874e-03 
 3.612293e+01 -6.232691e-03 
 3.612333e+01 -9.957765e-03 
 3.612373e+01 -1.246530e-02 
 3.612413e+01 -1.376363e-02 
 3.612452e+01 -1.369632e-02 
 3.612492e+01 -1.229791e-02 
 3.612532e+01 -9.323957e-03 
 3.612572e+01 -4.532070e-03 
 3.612611e+01  1.917278e-03 
 3.612651e+01  9.746681e-03 
 3.612691e+01  1.797317e-02 
 3.612731e+01  2.584380e-02 
 3.612770e+01  3.292467e-02 
 3.612810e+01  3.847516e-02 
 3.612850e+01  4.168684e-02 
 3.612890e+01  4.222349e-02 
 3.612930e+01  4.050994e-02 
 3.612969e+01  3.670228e-02 
 3.613009e+01  3.134702e-02 
 3.613049e+01  2.514006e-02 
 3.613089e+01  1.825251e-02 
 3.613128e+01  1.080670e-02 
 3.613168e+01  3.232459e-03 
 3.613208e+01 -3.964642e-03 
 3.613248e+01 -1.003836e-02 
 3.613287e+01 -1.437494e-02 
 3.613327e+01 -1.620119e-02 
 3.613367e+01 -1.515074e-02 
 3.613407e+01 -1.117572e-02 
 3.613447e+01 -4.311258e-03 
 3.613486e+01  4.773344e-03 
 3.613526e+01  1.518970e-02 
 3.613566e+01  2.624469e-02 
 3.613606e+01  3.657158e-02 
 3.613645e+01  4.542250e-02 
 3.613685e+01  5.193966e-02 
 3.613725e+01  5.559308e-02 
 3.613765e+01  5.617470e-02 
 3.613804e+01  5.378398e-02 
 3.613844e+01  4.843231e-02 
 3.613884e+01  4.040005e-02 
 3.613924e+01  3.022862e-02 
 3.613964e+01  1.852892e-02 
 3.614003e+01  6.013794e-03 
 3.614043e+01 -6.521976e-03 
 3.614083e+01 -1.787114e-02 
 3.614123e+01 -2.694262e-02 
 3.614162e+01 -3.293390e-02 
 3.614202e+01 -3.532725e-02 
 3.614242e+01 -3.435854e-02 
 3.614282e+01 -3.035864e-02 
 3.614321e+01 -2.422495e-02 
 3.614361e+01 -1.671283e-02 
 3.614401e+01 -8.416894e-03 
 3.614441e+01  3.719502e-05 
 3.614481e+01  7.998666e-03 
 3.614520e+01  1.527016e-02 
 3.614560e+01  2.159802e-02 
 3.614600e+01  2.604343e-02 
 3.614640e+01  2.826629e-02 
 3.614679e+01  2.823430e-02 
 3.614719e+01  2.616831e-02 
 3.614759e+01  2.225154e-02 
 3.614799e+01  1.728201e-02 
 3.614839e+01  1.187812e-02 
 3.614878e+01  6.507372e-03 
 3.614918e+01  1.611160e-03 
 3.614958e+01 -2.369733e-03 
 3.614998e+01 -5.481223e-03 
 3.615037e+01 -7.666730e-03 
 3.615077e+01 -8.801225e-03 
 3.615117e+01 -8.355011e-03 
 3.615157e+01 -6.240553e-03 
 3.615196e+01 -2.837681e-03 
 3.615236e+01  1.420332e-03 
 3.615276e+01  6.066953e-03 
 3.615316e+01  1.072961e-02 
 3.615356e+01  1.518868e-02 
 3.615395e+01  1.930890e-02 
 3.615435e+01  2.295607e-02 
 3.615475e+01  2.604916e-02 
 3.615515e+01  2.813487e-02 
 3.615554e+01  2.890030e-02 
 3.615594e+01  2.800035e-02 
 3.615634e+01  2.518958e-02 
 3.615674e+01  2.091959e-02 
 3.615713e+01  1.582546e-02 
 3.615753e+01  1.063640e-02 
 3.615793e+01  5.930133e-03 
 3.615833e+01  1.770337e-03 
 3.615873e+01 -1.821791e-03 
 3.615912e+01 -4.686074e-03 
 3.615952e+01 -6.933533e-03 
 3.615992e+01 -8.530581e-03 
 3.616032e+01 -9.193009e-03 
 3.616071e+01 -8.647917e-03 
 3.616111e+01 -6.613348e-03 
 3.616151e+01 -2.993691e-03 
 3.616191e+01  1.965657e-03 
 3.616230e+01  7.470712e-03 
 3.616270e+01  1.268502e-02 
 3.616310e+01  1.728306e-02 
 3.616350e+01  2.096771e-02 
 3.616390e+01  2.355640e-02 
 3.616429e+01  2.492580e-02 
 3.616469e+01  2.498801e-02 
 3.616509e+01  2.390559e-02 
 3.616549e+01  2.166202e-02 
 3.616588e+01  1.860460e-02 
 3.616628e+01  1.483241e-02 
 3.616668e+01  1.027738e-02 
 3.616708e+01  5.553698e-03 
 3.616747e+01  1.275452e-03 
 3.616787e+01 -2.211479e-03 
 3.616827e+01 -4.603102e-03 
 3.616867e+01 -5.699138e-03 
 3.616907e+01 -5.150833e-03 
 3.616946e+01 -3.265079e-03 
 3.616986e+01 -3.821253e-04 
 3.617026e+01  3.081295e-03 
 3.617066e+01  6.378872e-03 
 3.617105e+01  8.825775e-03 
 3.617145e+01  1.004386e-02 
 3.617185e+01  9.992582e-03 
 3.617225e+01  8.383265e-03 
 3.617264e+01  5.363231e-03 
 3.617304e+01  1.370141e-03 
 3.617344e+01 -3.129314e-03 
 3.617384e+01 -8.058863e-03 
 3.617424e+01 -1.319322e-02 
 3.617463e+01 -1.823127e-02 
 3.617503e+01 -2.288435e-02 
 3.617543e+01 -2.651533e-02 
 3.617583e+01 -2.859626e-02 
 3.617622e+01 -2.871668e-02 
 3.617662e+01 -2.663584e-02 
 3.617702e+01 -2.232591e-02 
 3.617742e+01 -1.623570e-02 
 3.617781e+01 -8.884689e-03 
 3.617821e+01 -1.149133e-03 
 3.617861e+01  6.235565e-03 
 3.617901e+01  1.266042e-02 
 3.617941e+01  1.777046e-02 
 3.617980e+01  2.122591e-02 
 3.618020e+01  2.271936e-02 
 3.618060e+01  2.232790e-02 
 3.618100e+01  2.008611e-02 
 3.618139e+01  1.641147e-02 
 3.618179e+01  1.171527e-02 
 3.618219e+01  6.571290e-03 
 3.618259e+01  1.471358e-03 
 3.618298e+01 -3.267725e-03 
 3.618338e+01 -7.411559e-03 
 3.618378e+01 -1.056027e-02 
 3.618418e+01 -1.276775e-02 
 3.618458e+01 -1.367645e-02 
 3.618497e+01 -1.313652e-02 
 3.618537e+01 -1.087501e-02 
 3.618577e+01 -6.997669e-03 
 3.618617e+01 -1.770806e-03 
 3.618656e+01  4.379469e-03 
 3.618696e+01  1.076657e-02 
 3.618736e+01  1.663877e-02 
 3.618776e+01  2.135315e-02 
 3.618815e+01  2.480570e-02 
 3.618855e+01  2.673327e-02 
 3.618895e+01  2.711810e-02 
 3.618935e+01  2.604034e-02 
 3.618975e+01  2.355417e-02 
 3.619014e+01  1.962932e-02 
 3.619054e+01  1.448126e-02 
 3.619094e+01  8.652504e-03 
 3.619134e+01  2.279653e-03 
 3.619173e+01 -4.194888e-03 
 3.619213e+01 -1.024808e-02 
 3.619253e+01 -1.518668e-02 
 3.619293e+01 -1.853539e-02 
 3.619332e+01 -2.001034e-02 
 3.619372e+01 -1.961862e-02 
 3.619412e+01 -1.731903e-02 
 3.619452e+01 -1.364597e-02 
 3.619492e+01 -8.652576e-03 
 3.619531e+01 -2.370951e-03 
 3.619571e+01  4.762035e-03 
 3.619611e+01  1.242467e-02 
 3.619651e+01  2.017506e-02 
 3.619690e+01  2.750278e-02 
 3.619730e+01  3.365935e-02 
 3.619770e+01  3.798560e-02 
 3.619810e+01  3.981798e-02 
 3.619849e+01  3.875171e-02 
 3.619889e+01  3.483534e-02 
 3.619929e+01  2.858966e-02 
 3.619969e+01  2.060333e-02 
 3.620009e+01  1.161573e-02 
 3.620048e+01  2.315267e-03 
 3.620088e+01 -6.604722e-03 
 3.620128e+01 -1.437556e-02 
 3.620168e+01 -2.042471e-02 
 3.620207e+01 -2.432423e-02 
 3.620247e+01 -2.578716e-02 
 3.620287e+01 -2.457275e-02 
 3.620327e+01 -2.055709e-02 
 3.620366e+01 -1.405274e-02 
 3.620406e+01 -5.744353e-03 
 3.620446e+01  3.547956e-03 
 3.620486e+01  1.283121e-02 
 3.620526e+01  2.121223e-02 
 3.620565e+01  2.794732e-02 
 3.620605e+01  3.264231e-02 
 3.620645e+01  3.472241e-02 
 3.620685e+01  3.414100e-02 
 3.620724e+01  3.110694e-02 
 3.620764e+01  2.590206e-02 
 3.620804e+01  1.894571e-02 
 3.620844e+01  1.086484e-02 
 3.620883e+01  2.568311e-03 
 3.620923e+01 -5.068382e-03 
 3.620963e+01 -1.126735e-02 
 3.621003e+01 -1.568164e-02 
 3.621043e+01 -1.807904e-02 
 3.621082e+01 -1.839854e-02 
 3.621122e+01 -1.663607e-02 
 3.621162e+01 -1.293043e-02 
 3.621202e+01 -7.548480e-03 
 3.621241e+01 -1.004981e-03 
 3.621281e+01  6.456328e-03 
 3.621321e+01  1.469059e-02 
 3.621361e+01  2.287198e-02 
 3.621400e+01  3.041254e-02 
 3.621440e+01  3.673103e-02 
 3.621480e+01  4.126092e-02 
 3.621520e+01  4.376639e-02 
 3.621560e+01  4.418680e-02 
 3.621599e+01  4.248963e-02 
 3.621639e+01  3.865487e-02 
 3.621679e+01  3.288380e-02 
 3.621719e+01  2.585068e-02 
 3.621758e+01  1.801047e-02 
 3.621798e+01  9.810121e-03 
 3.621838e+01  1.657819e-03 
 3.621878e+01 -5.745562e-03 
 3.621917e+01 -1.189484e-02 
 3.621957e+01 -1.629182e-02 
 3.621997e+01 -1.888032e-02 
 3.622037e+01 -1.959183e-02 
 3.622077e+01 -1.825777e-02 
 3.622116e+01 -1.493250e-02 
 3.622156e+01 -9.694305e-03 
 3.622196e+01 -2.902119e-03 
 3.622236e+01  4.781446e-03 
 3.622275e+01  1.279177e-02 
 3.622315e+01  2.060579e-02 
 3.622355e+01  2.779217e-02 
 3.622395e+01  3.391803e-02 
 3.622434e+01  3.843841e-02 
 3.622474e+01  4.096059e-02 
 3.622514e+01  4.116311e-02 
 3.622554e+01  3.885217e-02 
 3.622594e+01  3.393223e-02 
 3.622633e+01  2.663008e-02 
 3.622673e+01  1.785401e-02 
 3.622713e+01  8.521443e-03 
 3.622753e+01 -3.851483e-04 
 3.622792e+01 -7.811910e-03 
 3.622832e+01 -1.317462e-02 
 3.622872e+01 -1.616722e-02 
 3.622912e+01 -1.660099e-02 
 3.622951e+01 -1.449027e-02 
 3.622991e+01 -1.006217e-02 
 3.623031e+01 -3.685616e-03 
 3.623071e+01  4.389862e-03 
 3.623111e+01  1.338485e-02 
 3.623150e+01  2.256327e-02 
 3.623190e+01  3.104636e-02 
 3.623230e+01  3.816133e-02 
 3.623270e+01  4.312688e-02 
 3.623309e+01  4.550521e-02 
 3.623349e+01  4.519053e-02 
 3.623389e+01  4.210346e-02 
 3.623429e+01  3.643969e-02 
 3.623468e+01  2.870435e-02 
 3.623508e+01  1.950885e-02 
 3.623548e+01  9.591612e-03 
 3.623588e+01 -4.253562e-04 
 3.623628e+01 -9.611121e-03 
 3.623667e+01 -1.691105e-02 
 3.623707e+01 -2.154696e-02 
 3.623747e+01 -2.315239e-02 
 3.623787e+01 -2.145562e-02 
 3.623826e+01 -1.667570e-02 
 3.623866e+01 -9.352194e-03 
 3.623906e+01 -1.600390e-04 
 3.623946e+01  1.000809e-02 
 3.623986e+01  2.007357e-02 
 3.624025e+01  2.896838e-02 
 3.624065e+01  3.605601e-02 
 3.624105e+01  4.106307e-02 
 3.624145e+01  4.384949e-02 
 3.624184e+01  4.470710e-02 
 3.624224e+01  4.371791e-02 
 3.624264e+01  4.121329e-02 
 3.624304e+01  3.761018e-02 
 3.624343e+01  3.300000e-02 
 3.624383e+01  2.742909e-02 
 3.624423e+01  2.137721e-02 
 3.624463e+01  1.518054e-02 
 3.624503e+01  9.477305e-03 
 3.624542e+01  4.793034e-03 
 3.624582e+01  1.391092e-03 
 3.624622e+01 -7.101011e-04 
 3.624662e+01 -1.538039e-03 
 3.624701e+01 -1.108792e-03 
 3.624741e+01  5.250883e-04 
 3.624781e+01  3.013969e-03 
 3.624821e+01  6.073777e-03 
 3.624860e+01  9.342160e-03 
 3.624900e+01  1.256833e-02 
 3.624940e+01  1.532621e-02 
 3.624980e+01  1.706464e-02 
 3.625020e+01  1.766326e-02 
 3.625059e+01  1.712830e-02 
 3.625099e+01  1.573615e-02 
 3.625139e+01  1.386277e-02 
 3.625179e+01  1.166723e-02 
 3.625218e+01  9.149867e-03 
 3.625258e+01  6.240566e-03 
 3.625298e+01  3.136328e-03 
 3.625338e+01 -4.114153e-05 
 3.625377e+01 -3.200419e-03 
 3.625417e+01 -6.057118e-03 
 3.625457e+01 -8.369500e-03 
 3.625497e+01 -9.947659e-03 
 3.625537e+01 -1.063761e-02 
 3.625576e+01 -1.049600e-02 
 3.625616e+01 -9.776311e-03 
 3.625656e+01 -8.390688e-03 
 3.625696e+01 -6.154666e-03 
 3.625735e+01 -2.937552e-03 
 3.625775e+01  9.806448e-04 
 3.625815e+01  5.479606e-03 
 3.625855e+01  1.000309e-02 
 3.625894e+01  1.423616e-02 
 3.625934e+01  1.743275e-02 
 3.625974e+01  1.895466e-02 
 3.626014e+01  1.835325e-02 
 3.626054e+01  1.586665e-02 
 3.626093e+01  1.179114e-02 
 3.626133e+01  6.792374e-03 
 3.626173e+01  1.477512e-03 
 3.626213e+01 -3.808198e-03 
 3.626252e+01 -8.677812e-03 
 3.626292e+01 -1.252111e-02 
 3.626332e+01 -1.508627e-02 
 3.626372e+01 -1.629024e-02 
 3.626411e+01 -1.606997e-02 
 3.626451e+01 -1.429041e-02 
 3.626491e+01 -1.113858e-02 
 3.626531e+01 -6.677309e-03 
 3.626571e+01 -1.585203e-03 
 3.626610e+01  3.384345e-03 
 3.626650e+01  7.879031e-03 
 3.626690e+01  1.132650e-02 
 3.626730e+01  1.315320e-02 
 3.626769e+01  1.309560e-02 
 3.626809e+01  1.101946e-02 
 3.626849e+01  6.920597e-03 
 3.626889e+01  1.470430e-03 
 3.626928e+01 -4.520862e-03 
 3.626968e+01 -1.011111e-02 
 3.627008e+01 -1.478513e-02 
 3.627048e+01 -1.791903e-02 
 3.627088e+01 -1.906875e-02 
 3.627127e+01 -1.833958e-02 
 3.627167e+01 -1.579679e-02 
 3.627207e+01 -1.178322e-02 
 3.627247e+01 -6.439741e-03 
 3.627286e+01  8.687648e-05 
 3.627326e+01  7.408560e-03 
 3.627366e+01  1.487678e-02 
 3.627406e+01  2.179913e-02 
 3.627445e+01  2.738875e-02 
 3.627485e+01  3.101097e-02 
 3.627525e+01  3.238522e-02 
 3.627565e+01  3.154183e-02 
 3.627605e+01  2.855178e-02 
 3.627644e+01  2.384940e-02 
 3.627684e+01  1.790019e-02 
 3.627724e+01  1.127656e-02 
 3.627764e+01  4.553787e-03 
 3.627803e+01 -1.824017e-03 
 3.627843e+01 -7.527775e-03 
 3.627883e+01 -1.226242e-02 
 3.627923e+01 -1.571769e-02 
 3.627962e+01 -1.803337e-02 
 3.628002e+01 -1.933151e-02 
 3.628042e+01 -1.942771e-02 
 3.628082e+01 -1.830032e-02 
 3.628122e+01 -1.573301e-02 
 3.628161e+01 -1.183177e-02 
 3.628201e+01 -6.601055e-03 
 3.628241e+01 -4.222915e-04 
 3.628281e+01  6.145527e-03 
 3.628320e+01  1.240990e-02 
 3.628360e+01  1.754932e-02 
 3.628400e+01  2.127080e-02 
 3.628440e+01  2.332912e-02 
 3.628479e+01  2.365633e-02 
 3.628519e+01  2.231735e-02 
 3.628559e+01  1.952569e-02 
 3.628599e+01  1.536271e-02 
 3.628639e+01  1.001596e-02 
 3.628678e+01  4.281822e-03 
 3.628718e+01 -1.727076e-03 
 3.628758e+01 -7.617355e-03 
 3.628798e+01 -1.303541e-02 
 3.628837e+01 -1.758097e-02 
 3.628877e+01 -2.051552e-02 
 3.628917e+01 -2.146715e-02 
 3.628957e+01 -2.008724e-02 
 3.628996e+01 -1.616671e-02 
 3.629036e+01 -9.639284e-03 
 3.629076e+01 -1.208715e-03 
 3.629116e+01  8.422806e-03 
 3.629156e+01  1.829814e-02 
 3.629195e+01  2.729248e-02 
 3.629235e+01  3.471993e-02 
 3.629275e+01  4.027720e-02 
 3.629315e+01  4.361486e-02 
 3.629354e+01  4.450639e-02 
 3.629394e+01  4.246604e-02 
 3.629434e+01  3.754080e-02 
 3.629474e+01  2.974925e-02 
 3.629513e+01  1.946351e-02 
 3.629553e+01  7.537924e-03 
 3.629593e+01 -5.163854e-03 
 3.629633e+01 -1.715551e-02 
 3.629673e+01 -2.712124e-02 
 3.629712e+01 -3.399102e-02 
 3.629752e+01 -3.736963e-02 
 3.629792e+01 -3.700039e-02 
 3.629832e+01 -3.321616e-02 
 3.629871e+01 -2.619719e-02 
 3.629911e+01 -1.667383e-02 
 3.629951e+01 -5.474682e-03 
 3.629991e+01  6.279900e-03 
 3.630030e+01  1.753581e-02 
 3.630070e+01  2.736159e-02 
 3.630110e+01  3.509236e-02 
 3.630150e+01  4.014327e-02 
 3.630190e+01  4.219045e-02 
 3.630229e+01  4.134038e-02 
 3.630269e+01  3.794021e-02 
 3.630309e+01  3.252763e-02 
 3.630349e+01  2.540007e-02 
 3.630388e+01  1.717513e-02 
 3.630428e+01  8.569469e-03 
 3.630468e+01  2.323214e-04 
 3.630508e+01 -7.086732e-03 
 3.630547e+01 -1.277386e-02 
 3.630587e+01 -1.642611e-02 
 3.630627e+01 -1.775458e-02 
 3.630667e+01 -1.683165e-02 
 3.630707e+01 -1.396926e-02 
 3.630746e+01 -9.426724e-03 
 3.630786e+01 -3.476774e-03 
 3.630826e+01  3.444242e-03 
 3.630866e+01  1.085602e-02 
 3.630905e+01  1.859437e-02 
 3.630945e+01  2.577213e-02 
 3.630985e+01  3.181538e-02 
 3.631025e+01  3.610173e-02 
 3.631064e+01  3.823093e-02 
 3.631104e+01  3.793613e-02 
 3.631144e+01  3.527858e-02 
 3.631184e+01  3.075173e-02 
 3.631224e+01  2.495185e-02 
 3.631263e+01  1.828418e-02 
 3.631303e+01  1.117138e-02 
 3.631343e+01  3.851975e-03 
 3.631383e+01 -3.332854e-03 
 3.631422e+01 -1.028564e-02 
 3.631462e+01 -1.639325e-02 
 3.631502e+01 -2.117647e-02 
 3.631542e+01 -2.423316e-02 
 3.631581e+01 -2.546491e-02 
 3.631621e+01 -2.446722e-02 
 3.631661e+01 -2.108662e-02 
 3.631701e+01 -1.514837e-02 
 3.631741e+01 -7.120950e-03 
 3.631780e+01  2.536721e-03 
 3.631820e+01  1.307899e-02 
 3.631860e+01  2.343609e-02 
 3.631900e+01  3.281418e-02 
 3.631939e+01  4.023484e-02 
 3.631979e+01  4.506761e-02 
 3.632019e+01  4.697045e-02 
 3.632059e+01  4.611644e-02 
 3.632098e+01  4.289074e-02 
 3.632138e+01  3.773496e-02 
 3.632178e+01  3.099945e-02 
 3.632218e+01  2.314691e-02 
 3.632258e+01  1.452786e-02 
 3.632297e+01  5.756802e-03 
 3.632337e+01 -2.427012e-03 
 3.632377e+01 -9.507707e-03 
 3.632417e+01 -1.451834e-02 
 3.632456e+01 -1.689775e-02 
 3.632496e+01 -1.615279e-02 
 3.632536e+01 -1.221072e-02 
 3.632576e+01 -5.524914e-03 
 3.632615e+01  3.338247e-03 
 3.632655e+01  1.363777e-02 
 3.632695e+01  2.445754e-02 
 3.632735e+01  3.470836e-02 
 3.632775e+01  4.359191e-02 
 3.632814e+01  5.023405e-02 
 3.632854e+01  5.378499e-02 
 3.632894e+01  5.378756e-02 
 3.632934e+01  5.003863e-02 
 3.632973e+01  4.298930e-02 
 3.633013e+01  3.324723e-02 
 3.633053e+01  2.191674e-02 
 3.633093e+01  1.018849e-02 
 3.633133e+01 -6.062614e-04 
 3.633172e+01 -9.794799e-03 
 3.633212e+01 -1.668765e-02 
 3.633252e+01 -2.055247e-02 
 3.633292e+01 -2.116554e-02 
 3.633331e+01 -1.866838e-02 
 3.633371e+01 -1.366934e-02 
 3.633411e+01 -6.784579e-03 
 3.633451e+01  1.254443e-03 
 3.633490e+01  9.580515e-03 
 3.633530e+01  1.753712e-02 
 3.633570e+01  2.475658e-02 
 3.633610e+01  3.063096e-02 
 3.633650e+01  3.481051e-02 
 3.633689e+01  3.713891e-02 
 3.633729e+01  3.738871e-02 
 3.633769e+01  3.542438e-02 
 3.633809e+01  3.161602e-02 
 3.633848e+01  2.636729e-02 
 3.633888e+01  2.039380e-02 
 3.633928e+01  1.414377e-02 
 3.633968e+01  8.004989e-03 
 3.634007e+01  2.283506e-03 
 3.634047e+01 -2.638790e-03 
 3.634087e+01 -6.360789e-03 
 3.634127e+01 -8.971991e-03 
 3.634167e+01 -1.028872e-02 
 3.634206e+01 -1.040588e-02 
 3.634246e+01 -9.487754e-03 
 3.634286e+01 -7.579028e-03 
 3.634326e+01 -4.881863e-03 
 3.634365e+01 -1.618295e-03 
 3.634405e+01  2.112516e-03 
 3.634445e+01  6.210229e-03 
 3.634485e+01  1.051823e-02 
 3.634524e+01  1.483552e-02 
 3.634564e+01  1.871933e-02 
 3.634604e+01  2.183957e-02 
 3.634644e+01  2.397976e-02 
 3.634684e+01  2.522443e-02 
 3.634723e+01  2.538446e-02 
 3.634763e+01  2.437302e-02 
 3.634803e+01  2.224140e-02 
 3.634843e+01  1.919806e-02 
 3.634882e+01  1.556576e-02 
 3.634922e+01  1.152995e-02 
 3.634962e+01  7.406005e-03 
 3.635002e+01  3.703633e-03 
 3.635041e+01  1.073426e-03 
 3.635081e+01 -1.059988e-04 
 3.635121e+01  2.417430e-04 
 3.635161e+01  2.156863e-03 
 3.635201e+01  5.372563e-03 
 3.635240e+01  9.541153e-03 
 3.635280e+01  1.420713e-02 
 3.635320e+01  1.906583e-02 
 3.635360e+01  2.357998e-02 
 3.635399e+01  2.710286e-02 
 3.635439e+01  2.937923e-02 
 3.635479e+01  3.021218e-02 
 3.635519e+01  2.910180e-02 
 3.635558e+01  2.581663e-02 
 3.635598e+01  2.044538e-02 
 3.635638e+01  1.337825e-02 
 3.635678e+01  5.260494e-03 
 3.635718e+01 -3.346978e-03 
 3.635757e+01 -1.179644e-02 
 3.635797e+01 -1.905684e-02 
 3.635837e+01 -2.446538e-02 
 3.635877e+01 -2.748567e-02 
 3.635916e+01 -2.772288e-02 
 3.635956e+01 -2.536806e-02 
 3.635996e+01 -2.092898e-02 
 3.636036e+01 -1.494187e-02 
 3.636075e+01 -8.127434e-03 
 3.636115e+01 -1.513074e-03 
 3.636155e+01  4.030755e-03 
 3.636195e+01  7.735297e-03 
 3.636235e+01  9.501475e-03 
 3.636274e+01  9.430310e-03 
 3.636314e+01  7.614940e-03 
 3.636354e+01  4.467712e-03 
 3.636394e+01  3.162700e-04 
 3.636433e+01 -4.438743e-03 
 3.636473e+01 -9.366089e-03 
 3.636513e+01 -1.418800e-02 
 3.636553e+01 -1.844472e-02 
 3.636592e+01 -2.167068e-02 
 3.636632e+01 -2.317193e-02 
 3.636672e+01 -2.253205e-02 
 3.636712e+01 -1.957077e-02 
 3.636752e+01 -1.475661e-02 
 3.636791e+01 -8.825286e-03 
 3.636831e+01 -2.568802e-03 
 3.636871e+01  3.497107e-03 
 3.636911e+01  8.996636e-03 
 3.636950e+01  1.334775e-02 
 3.636990e+01  1.640648e-02 
 3.637030e+01  1.815334e-02 
 3.637070e+01  1.879774e-02 
 3.637109e+01  1.828336e-02 
 3.637149e+01  1.662744e-02 
 3.637189e+01  1.394891e-02 
 3.637229e+01  1.047383e-02 
 3.637269e+01  6.554022e-03 
 3.637308e+01  2.506508e-03 
 3.637348e+01 -1.446481e-03 
 3.637388e+01 -5.056322e-03 
 3.637428e+01 -8.146077e-03 
 3.637467e+01 -1.052780e-02 
 3.637507e+01 -1.197080e-02 
 3.637547e+01 -1.233705e-02 
 3.637587e+01 -1.150703e-02 
 3.637626e+01 -9.382899e-03 
 3.637666e+01 -6.178300e-03 
 3.637706e+01 -1.716733e-03 
 3.637746e+01  3.577124e-03 
 3.637786e+01  9.494755e-03 
 3.637825e+01  1.579379e-02 
 3.637865e+01  2.213840e-02 
 3.637905e+01  2.798069e-02 
 3.637945e+01  3.280394e-02 
 3.637984e+01  3.591263e-02 
 3.638024e+01  3.704775e-02 
 3.638064e+01  3.585498e-02 
 3.638104e+01  3.224906e-02 
 3.638143e+01  2.667416e-02 
 3.638183e+01  1.960614e-02 
 3.638223e+01  1.178407e-02 
 3.638263e+01  3.926518e-03 
 3.638303e+01 -3.361406e-03 
 3.638342e+01 -9.799717e-03 
 3.638382e+01 -1.493022e-02 
 3.638422e+01 -1.840775e-02 
 3.638462e+01 -1.982340e-02 
 3.638501e+01 -1.912894e-02 
 3.638541e+01 -1.618311e-02 
 3.638581e+01 -1.108677e-02 
 3.638621e+01 -4.104403e-03 
 3.638660e+01  4.271028e-03 
 3.638700e+01  1.344431e-02 
 3.638740e+01  2.205200e-02 
 3.638780e+01  2.936091e-02 
 3.638820e+01  3.443709e-02 
 3.638859e+01  3.669744e-02 
 3.638899e+01  3.591945e-02 
 3.638939e+01  3.203335e-02 
 3.638979e+01  2.529197e-02 
 3.639018e+01  1.604468e-02 
 3.639058e+01  5.310379e-03 
 3.639098e+01 -5.989116e-03 
 3.639138e+01 -1.687124e-02 
 3.639177e+01 -2.671990e-02 
 3.639217e+01 -3.466415e-02 
 3.639257e+01 -4.002555e-02 
 3.639297e+01 -4.237461e-02 
 3.639337e+01 -4.135396e-02 
 3.639376e+01 -3.681239e-02 
 3.639416e+01 -2.898494e-02 
 3.639456e+01 -1.825377e-02 
 3.639496e+01 -5.322652e-03 
 3.639535e+01  8.816956e-03 
 3.639575e+01  2.263102e-02 
 3.639615e+01  3.470255e-02 
 3.639655e+01  4.401721e-02 
 3.639694e+01  4.996519e-02 
 3.639734e+01  5.222005e-02 
 3.639774e+01  5.116345e-02 
 3.639814e+01  4.723047e-02 
 3.639854e+01  4.100269e-02 
 3.639893e+01  3.314129e-02 
 3.639933e+01  2.405225e-02 
 3.639973e+01  1.412811e-02 
 3.640013e+01  3.895733e-03 
 3.640052e+01 -5.987555e-03 
 3.640092e+01 -1.472388e-02 
 3.640132e+01 -2.144545e-02 
 3.640172e+01 -2.551243e-02 
 3.640211e+01 -2.660654e-02 
 3.640251e+01 -2.482551e-02 
 3.640291e+01 -2.061204e-02 
 3.640331e+01 -1.438851e-02 
 3.640371e+01 -6.939679e-03 
 3.640410e+01  1.219908e-03 
 3.640450e+01  9.195010e-03 
 3.640490e+01  1.668938e-02 
 3.640530e+01  2.314345e-02 
 3.640569e+01  2.812174e-02 
 3.640609e+01  3.147853e-02 
 3.640649e+01  3.302931e-02 
 3.640689e+01  3.277555e-02 
 3.640728e+01  3.052735e-02 
 3.640768e+01  2.638013e-02 
 3.640808e+01  2.046666e-02 
 3.640848e+01  1.311900e-02 
 3.640888e+01  4.892888e-03 
 3.640927e+01 -3.643621e-03 
 3.640967e+01 -1.199704e-02 
 3.641007e+01 -1.934648e-02 
 3.641047e+01 -2.518535e-02 
 3.641086e+01 -2.887698e-02 
 3.641126e+01 -3.010757e-02 
 3.641166e+01 -2.866688e-02 
 3.641206e+01 -2.482874e-02 
 3.641245e+01 -1.889121e-02 
 3.641285e+01 -1.113266e-02 
 3.641325e+01 -2.081723e-03 
 3.641365e+01  7.554480e-03 
 3.641405e+01  1.702067e-02 
 3.641444e+01  2.568286e-02 
 3.641484e+01  3.297010e-02 
 3.641524e+01  3.791502e-02 
 3.641564e+01  4.017696e-02 
 3.641603e+01  3.926937e-02 
 3.641643e+01  3.537708e-02 
 3.641683e+01  2.880343e-02 
 3.641723e+01  2.020757e-02 
 3.641762e+01  1.036882e-02 
 3.641802e+01  9.948722e-05 
 3.641842e+01 -9.914998e-03 
 3.641882e+01 -1.851378e-02 
 3.641922e+01 -2.486313e-02 
 3.641961e+01 -2.868547e-02 
 3.642001e+01 -2.939770e-02 
 3.642041e+01 -2.701976e-02 
 3.642081e+01 -2.176590e-02 
 3.642120e+01 -1.375252e-02 
 3.642160e+01 -3.848265e-03 
 3.642200e+01  7.094599e-03 
 3.642240e+01  1.813969e-02 
 3.642280e+01  2.840436e-02 
 3.642319e+01  3.689613e-02 
 3.642359e+01  4.274083e-02 
 3.642399e+01  4.564347e-02 
 3.642439e+01  4.521271e-02 
 3.642478e+01  4.184088e-02 
 3.642518e+01  3.606225e-02 
 3.642558e+01  2.873100e-02 
 3.642598e+01  2.064460e-02 
 3.642637e+01  1.262685e-02 
 3.642677e+01  5.500489e-03 
 3.642717e+01 -2.255653e-04 
 3.642757e+01 -4.349509e-03 
 3.642797e+01 -6.544282e-03 
 3.642836e+01 -6.511570e-03 
 3.642876e+01 -4.169561e-03 
 3.642916e+01  2.198323e-04 
 3.642956e+01  6.516372e-03 
 3.642995e+01  1.414143e-02 
 3.643035e+01  2.228160e-02 
 3.643075e+01  3.012598e-02 
 3.643115e+01  3.670451e-02 
 3.643154e+01  4.129391e-02 
 3.643194e+01  4.357188e-02 
 3.643234e+01  4.388307e-02 
 3.643274e+01  4.256470e-02 
 3.643314e+01  4.005104e-02 
 3.643353e+01  3.684070e-02 
 3.643393e+01  3.290376e-02 
 3.643433e+01  2.843908e-02 
 3.643473e+01  2.336821e-02 
 3.643512e+01  1.799315e-02 
 3.643552e+01  1.241920e-02 
 3.643592e+01  6.831923e-03 
 3.643632e+01  1.766010e-03 
 3.643671e+01 -2.202429e-03 
 3.643711e+01 -4.962583e-03 
 3.643751e+01 -6.389319e-03 
 3.643791e+01 -6.237629e-03 
 3.643831e+01 -4.540810e-03 
 3.643870e+01 -1.335972e-03 
 3.643910e+01  3.251010e-03 
 3.643950e+01  8.752627e-03 
 3.643990e+01  1.449345e-02 
 3.644029e+01  2.003336e-02 
 3.644069e+01  2.468059e-02 
 3.644109e+01  2.808050e-02 
 3.644149e+01  2.974278e-02 
 3.644188e+01  2.935559e-02 
 3.644228e+01  2.701155e-02 
 3.644268e+01  2.303876e-02 
 3.644308e+01  1.771233e-02 
 3.644348e+01  1.153192e-02 
 3.644387e+01  4.923470e-03 
 3.644427e+01 -1.947325e-03 
 3.644467e+01 -8.477158e-03 
 3.644507e+01 -1.399445e-02 
 3.644546e+01 -1.813706e-02 
 3.644586e+01 -2.021616e-02 
 3.644626e+01 -2.005870e-02 
 3.644666e+01 -1.760015e-02 
 3.644705e+01 -1.311423e-02 
 3.644745e+01 -7.026642e-03 
 3.644785e+01 -1.171745e-04 
 3.644825e+01  7.152162e-03 
 3.644865e+01  1.419481e-02 
 3.644904e+01  2.070492e-02 
 3.644944e+01  2.596653e-02 
 3.644984e+01  2.946565e-02 
 3.645024e+01  3.053210e-02 
 3.645063e+01  2.900382e-02 
 3.645103e+01  2.479187e-02 
 3.645143e+01  1.860665e-02 
 3.645183e+01  1.140285e-02 
 3.645222e+01  3.876684e-03 
 3.645262e+01 -2.892922e-03 
 3.645302e+01 -8.146238e-03 
 3.645342e+01 -1.166150e-02 
 3.645382e+01 -1.340916e-02 
 3.645421e+01 -1.321367e-02 
 3.645461e+01 -1.106220e-02 
 3.645501e+01 -7.035874e-03 
 3.645541e+01 -1.411291e-03 
 3.645580e+01  5.272566e-03 
 3.645620e+01  1.245994e-02 
 3.645660e+01  1.959823e-02 
 3.645700e+01  2.611236e-02 
 3.645739e+01  3.152112e-02 
 3.645779e+01  3.542770e-02 
 3.645819e+01  3.743895e-02 
 3.645859e+01  3.756646e-02 
 3.645899e+01  3.575672e-02 
 3.645938e+01  3.191118e-02 
 3.645978e+01  2.625560e-02 
 3.646018e+01  1.957192e-02 
 3.646058e+01  1.264746e-02 
 3.646097e+01  6.179214e-03 
 3.646137e+01  1.145822e-03 
 3.646177e+01 -2.393978e-03 
 3.646217e+01 -4.392316e-03 
 3.646256e+01 -4.918380e-03 
 3.646296e+01 -4.243512e-03 
 3.646336e+01 -2.677880e-03 
 3.646376e+01 -4.829015e-04 
 3.646416e+01  2.119299e-03 
 3.646455e+01  5.014205e-03 
 3.646495e+01  7.837080e-03 
 3.646535e+01  1.004583e-02 
 3.646575e+01  1.118317e-02 
 3.646614e+01  1.095406e-02 
 3.646654e+01  9.419467e-03 
 3.646694e+01  6.846392e-03 
 3.646734e+01  3.600425e-03 
 3.646773e+01 -2.873001e-05 
 3.646813e+01 -3.666040e-03 
 3.646853e+01 -7.473035e-03 
 3.646893e+01 -1.115273e-02 
 3.646933e+01 -1.471555e-02 
 3.646972e+01 -1.804573e-02 
 3.647012e+01 -2.101648e-02 
 3.647052e+01 -2.319642e-02 
 3.647092e+01 -2.419989e-02 
 3.647131e+01 -2.367433e-02 
 3.647171e+01 -2.153959e-02 
 3.647211e+01 -1.789660e-02 
 3.647251e+01 -1.289909e-02 
 3.647290e+01 -6.967853e-03 
 3.647330e+01 -6.379055e-04 
 3.647370e+01  5.734350e-03 
 3.647410e+01  1.171279e-02 
 3.647450e+01  1.678887e-02 
 3.647489e+01  2.074953e-02 
 3.647529e+01  2.338044e-02 
 3.647569e+01  2.436702e-02 
 3.647609e+01  2.365443e-02 
 3.647648e+01  2.145637e-02 
 3.647688e+01  1.793348e-02 
 3.647728e+01  1.326619e-02 
 3.647768e+01  7.673724e-03 
 3.647807e+01  1.582735e-03 
 3.647847e+01 -4.700715e-03 
 3.647887e+01 -1.039805e-02 
 3.647927e+01 -1.496928e-02 
 3.647967e+01 -1.777787e-02 
 3.648006e+01 -1.854838e-02 
 3.648046e+01 -1.695386e-02 
 3.648086e+01 -1.305740e-02 
 3.648126e+01 -7.036431e-03 
 3.648165e+01  5.262370e-04 
 3.648205e+01  8.777990e-03 
 3.648245e+01  1.714082e-02 
 3.648285e+01  2.469666e-02 
 3.648324e+01  3.106443e-02 
 3.648364e+01  3.573350e-02 
 3.648404e+01  3.828123e-02 
 3.648444e+01  3.854572e-02 
 3.648484e+01  3.622573e-02 
 3.648523e+01  3.132034e-02 
 3.648563e+01  2.397951e-02 
 3.648603e+01  1.467348e-02 
 3.648643e+01  4.192844e-03 
 3.648682e+01 -6.383954e-03 
 3.648722e+01 -1.605894e-02 
 3.648762e+01 -2.372879e-02 
 3.648802e+01 -2.878955e-02 
 3.648841e+01 -3.081001e-02 
 3.648881e+01 -2.953424e-02 
 3.648921e+01 -2.493095e-02 
 3.648961e+01 -1.761220e-02 
 3.649001e+01 -8.368909e-03 
 3.649040e+01  1.860007e-03 
 3.649080e+01  1.190943e-02 
 3.649120e+01  2.109924e-02 
 3.649160e+01  2.862641e-02 
 3.649199e+01  3.391601e-02 
 3.649239e+01  3.647106e-02 
 3.649279e+01  3.642871e-02 
 3.649319e+01  3.346833e-02 
 3.649358e+01  2.766319e-02 
 3.649398e+01  1.927059e-02 
 3.649438e+01  9.047644e-03 
 3.649478e+01 -2.180939e-03 
 3.649518e+01 -1.361255e-02 
 3.649557e+01 -2.430359e-02 
 3.649597e+01 -3.347868e-02 
 3.649637e+01 -4.076125e-02 
 3.649677e+01 -4.570796e-02 
 3.649716e+01 -4.814653e-02 
 3.649756e+01 -4.795159e-02 
 3.649796e+01 -4.561941e-02 
 3.649836e+01 -4.118157e-02 
 3.649875e+01 -3.448109e-02 
 3.649915e+01 -2.586352e-02 
 3.649955e+01 -1.565901e-02 
 3.649995e+01 -4.671945e-03 
 3.650035e+01  6.028706e-03 
 3.650074e+01  1.563538e-02 
 3.650114e+01  2.324116e-02 
 3.650154e+01  2.832720e-02 
 3.650194e+01  3.075895e-02 
 3.650233e+01  3.062461e-02 
 3.650273e+01  2.807029e-02 
 3.650313e+01  2.367524e-02 
 3.650353e+01  1.748270e-02 
 3.650392e+01  1.001514e-02 
 3.650432e+01  1.437483e-03 
 3.650472e+01 -7.684081e-03 
 3.650512e+01 -1.655382e-02 
 3.650552e+01 -2.425149e-02 
 3.650591e+01 -2.986024e-02 
 3.650631e+01 -3.262544e-02 
 3.650671e+01 -3.198164e-02 
 3.650711e+01 -2.782980e-02 
 3.650750e+01 -2.038796e-02 
 3.650790e+01 -1.008165e-02 
 3.650830e+01  2.387096e-03 
 3.650870e+01  1.590278e-02 
 3.650909e+01  2.919504e-02 
 3.650949e+01  4.125800e-02 
 3.650989e+01  5.073924e-02 
 3.651029e+01  5.711607e-02 
 3.651069e+01  5.973302e-02 
 3.651108e+01  5.855996e-02 
 3.651148e+01  5.390631e-02 
 3.651188e+01  4.605890e-02 
 3.651228e+01  3.591532e-02 
 3.651267e+01  2.431885e-02 
 3.651307e+01  1.187758e-02 
 3.651347e+01 -3.476899e-04 
 3.651387e+01 -1.136360e-02 
 3.651426e+01 -2.031892e-02 
 3.651466e+01 -2.632810e-02 
 3.651506e+01 -2.872740e-02 
 3.651546e+01 -2.741225e-02 
 3.651586e+01 -2.269793e-02 
 3.651625e+01 -1.523049e-02 
 3.651665e+01 -5.803130e-03 
 3.651705e+01  4.428487e-03 
 3.651745e+01  1.448713e-02 
 3.651784e+01  2.343290e-02 
 3.651824e+01  3.084782e-02 
 3.651864e+01  3.607342e-02 
 3.651904e+01  3.877191e-02 
 3.651944e+01  3.909913e-02 
 3.651983e+01  3.683550e-02 
 3.652023e+01  3.215893e-02 
 3.652063e+01  2.565539e-02 
 3.652103e+01  1.783443e-02 
 3.652142e+01  9.337909e-03 
 3.652182e+01  8.030719e-04 
 3.652222e+01 -7.020103e-03 
 3.652262e+01 -1.356707e-02 
 3.652301e+01 -1.821339e-02 
 3.652341e+01 -2.060343e-02 
 3.652381e+01 -2.055799e-02 
 3.652421e+01 -1.826083e-02 
 3.652461e+01 -1.420966e-02 
 3.652500e+01 -9.000906e-03 
 3.652540e+01 -3.215617e-03 
 3.652580e+01  2.636111e-03 
 3.652620e+01  8.098365e-03 
 3.652659e+01  1.309015e-02 
 3.652699e+01  1.761664e-02 
 3.652739e+01  2.159787e-02 
 3.652779e+01  2.499592e-02 
 3.652818e+01  2.738215e-02 
 3.652858e+01  2.850823e-02 
 3.652898e+01  2.826735e-02 
 3.652938e+01  2.654784e-02 
 3.652978e+01  2.363031e-02 
 3.653017e+01  2.014127e-02 
 3.653057e+01  1.656077e-02 
 3.653097e+01  1.314201e-02 
 3.653137e+01  1.001121e-02 
 3.653176e+01  7.430185e-03 
 3.653216e+01  5.397917e-03 
 3.653256e+01  4.084540e-03 
 3.653296e+01  4.000426e-03 
 3.653335e+01  5.325495e-03 
 3.653375e+01  8.073193e-03 
 3.653415e+01  1.218889e-02 
 3.653455e+01  1.734389e-02 
 3.653495e+01  2.314339e-02 
 3.653534e+01  2.902900e-02 
 3.653574e+01  3.452153e-02 
 3.653614e+01  3.915078e-02 
 3.653654e+01  4.240007e-02 
 3.653693e+01  4.410364e-02 
 3.653733e+01  4.425354e-02 
 3.653773e+01  4.260786e-02 
 3.653813e+01  3.928453e-02 
 3.653852e+01  3.443148e-02 
 3.653892e+01  2.819807e-02 
 3.653932e+01  2.097864e-02 
 3.653972e+01  1.327140e-02 
 3.654012e+01  5.920881e-03 
 3.654051e+01 -5.005807e-04 
 3.654091e+01 -5.559026e-03 
 3.654131e+01 -8.805416e-03 
 3.654171e+01 -9.715368e-03 
 3.654210e+01 -8.646320e-03 
 3.654250e+01 -5.621425e-03 
 3.654290e+01 -1.028948e-03 
 3.654330e+01  4.512984e-03 
 3.654369e+01  1.051219e-02 
 3.654409e+01  1.612778e-02 
 3.654449e+01  2.099234e-02 
 3.654489e+01  2.427688e-02 
 3.654529e+01  2.558980e-02 
 3.654568e+01  2.480514e-02 
 3.654608e+01  2.192192e-02 
 3.654648e+01  1.740823e-02 
 3.654688e+01  1.157615e-02 
 3.654727e+01  4.963234e-03 
 3.654767e+01 -2.140619e-03 
 3.654807e+01 -9.092924e-03 
 3.654847e+01 -1.541355e-02 
 3.654886e+01 -2.059502e-02 
 3.654926e+01 -2.408721e-02 
 3.654966e+01 -2.527035e-02 
 3.655006e+01 -2.416255e-02 
 3.655046e+01 -2.055801e-02 
 3.655085e+01 -1.466352e-02 
 3.655125e+01 -7.192925e-03 
 3.655165e+01  9.833981e-04 
 3.655205e+01  9.068631e-03 
 3.655244e+01  1.615552e-02 
 3.655284e+01  2.146350e-02 
 3.655324e+01  2.468372e-02 
 3.655364e+01  2.562883e-02 
 3.655403e+01  2.432080e-02 
 3.655443e+01  2.105302e-02 
 3.655483e+01  1.600697e-02 
 3.655523e+01  9.773478e-03 
 3.655563e+01  2.947208e-03 
 3.655602e+01 -3.901733e-03 
 3.655642e+01 -1.033412e-02 
 3.655682e+01 -1.560861e-02 
 3.655722e+01 -1.933906e-02 
 3.655761e+01 -2.107950e-02 
 3.655801e+01 -2.069149e-02 
 3.655841e+01 -1.826071e-02 
 3.655881e+01 -1.414029e-02 
 3.655920e+01 -8.379132e-03 
 3.655960e+01 -1.485640e-03 
 3.656000e+01  5.851502e-03 
 3.656040e+01  1.315123e-02 
 3.656080e+01  1.970216e-02 
 3.656119e+01  2.496446e-02 
 3.656159e+01  2.877075e-02 
 3.656199e+01  3.108005e-02 
 3.656239e+01  3.200560e-02 
 3.656278e+01  3.140336e-02 
 3.656318e+01  2.943539e-02 
 3.656358e+01  2.629223e-02 
 3.656398e+01  2.213938e-02 
 3.656437e+01  1.713782e-02 
 3.656477e+01  1.175524e-02 
 3.656517e+01  6.321825e-03 
 3.656557e+01  1.367455e-03 
 3.656597e+01 -2.890018e-03 
 3.656636e+01 -6.060313e-03 
 3.656676e+01 -8.034653e-03 
 3.656716e+01 -8.606677e-03 
 3.656756e+01 -7.896786e-03 
 3.656795e+01 -5.979357e-03 
 3.656835e+01 -2.696668e-03 
 3.656875e+01  1.954627e-03 
 3.656915e+01  7.576372e-03 
 3.656954e+01  1.375577e-02 
 3.656994e+01  1.961282e-02 
 3.657034e+01  2.411922e-02 
 3.657074e+01  2.671236e-02 
 3.657114e+01  2.679971e-02 
 3.657153e+01  2.437954e-02 
 3.657193e+01  1.960232e-02 
 3.657233e+01  1.287638e-02 
 3.657273e+01  4.824805e-03 
 3.657312e+01 -4.017721e-03 
 3.657352e+01 -1.316081e-02 
 3.657392e+01 -2.219358e-02 
 3.657432e+01 -3.033780e-02 
 3.657471e+01 -3.688130e-02 
 3.657511e+01 -4.123836e-02 
 3.657551e+01 -4.269721e-02 
 3.657591e+01 -4.090760e-02 
 3.657631e+01 -3.609088e-02 
 3.657670e+01 -2.866484e-02 
 3.657710e+01 -1.938070e-02 
 3.657750e+01 -9.024456e-03 
 3.657790e+01  1.505732e-03 
 3.657829e+01  1.143097e-02 
 3.657869e+01  1.994963e-02 
 3.657909e+01  2.632655e-02 
 3.657949e+01  3.005352e-02 
 3.657988e+01  3.071347e-02 
 3.658028e+01  2.825634e-02 
 3.658068e+01  2.297645e-02 
 3.658108e+01  1.555559e-02 
 3.658148e+01  7.043810e-03 
 3.658187e+01 -1.544985e-03 
 3.658227e+01 -9.460829e-03 
 3.658267e+01 -1.591826e-02 
 3.658307e+01 -2.032231e-02 
 3.658346e+01 -2.256098e-02 
 3.658386e+01 -2.245001e-02 
 3.658426e+01 -1.968920e-02 
 3.658466e+01 -1.441851e-02 
 3.658505e+01 -6.869101e-03 
 3.658545e+01  2.300792e-03 
 3.658585e+01  1.218399e-02 
 3.658625e+01  2.165451e-02 
 3.658665e+01  2.967805e-02 
 3.658704e+01  3.554873e-02 
 3.658744e+01  3.896278e-02 
 3.658784e+01  3.974759e-02 
 3.658824e+01  3.819940e-02 
 3.658863e+01  3.467315e-02 
 3.658903e+01  2.946813e-02 
 3.658943e+01  2.286265e-02 
 3.658983e+01  1.495212e-02 
 3.659022e+01  6.260770e-03 
 3.659062e+01 -2.725344e-03 
 3.659102e+01 -1.143695e-02 
 3.659142e+01 -1.916258e-02 
 3.659182e+01 -2.523685e-02 
 3.659221e+01 -2.930113e-02 
 3.659261e+01 -3.117064e-02 
 3.659301e+01 -3.074729e-02 
 3.659341e+01 -2.795531e-02 
 3.659380e+01 -2.302492e-02 
 3.659420e+01 -1.623114e-02 
 3.659460e+01 -8.319448e-03 
 3.659500e+01  5.147844e-05 
 3.659539e+01  8.160398e-03 
 3.659579e+01  1.562730e-02 
 3.659619e+01  2.213330e-02 
 3.659659e+01  2.738506e-02 
 3.659699e+01  3.117107e-02 
 3.659738e+01  3.300971e-02 
 3.659778e+01  3.276136e-02 
 3.659818e+01  3.008399e-02 
 3.659858e+01  2.473453e-02 
 3.659897e+01  1.676909e-02 
 3.659937e+01  6.856654e-03 
 3.659977e+01 -4.248654e-03 
 3.660017e+01 -1.545731e-02 
 3.660056e+01 -2.551529e-02 
 3.660096e+01 -3.353746e-02 
 3.660136e+01 -3.875074e-02 
 3.660176e+01 -4.077064e-02 
 3.660216e+01 -3.952218e-02 
 3.660255e+01 -3.521902e-02 
 3.660295e+01 -2.808206e-02 
 3.660335e+01 -1.874162e-02 
 3.660375e+01 -7.856686e-03 
 3.660414e+01  3.647980e-03 
 3.660454e+01  1.473478e-02 
 3.660494e+01  2.460243e-02 
 3.660534e+01  3.237686e-02 
 3.660573e+01  3.734539e-02 
 3.660613e+01  3.916767e-02 
 3.660653e+01  3.783200e-02 
 3.660693e+01  3.347553e-02 
 3.660733e+01  2.670895e-02 
 3.660772e+01  1.810092e-02 
 3.660812e+01  8.048576e-03 
 3.660852e+01 -2.332853e-03 
 3.660892e+01 -1.239564e-02 
 3.660931e+01 -2.091912e-02 
 3.660971e+01 -2.732855e-02 
 3.661011e+01 -3.068459e-02 
 3.661051e+01 -3.058641e-02 
 3.661091e+01 -2.708109e-02 
 3.661130e+01 -2.029609e-02 
 3.661170e+01 -1.103982e-02 
 3.661210e+01  1.342351e-04 
 3.661250e+01  1.210535e-02 
 3.661289e+01  2.397208e-02 
 3.661329e+01  3.486498e-02 
 3.661369e+01  4.398849e-02 
 3.661409e+01  5.075796e-02 
 3.661448e+01  5.456573e-02 
 3.661488e+01  5.508792e-02 
 3.661528e+01  5.229242e-02 
 3.661568e+01  4.684338e-02 
 3.661608e+01  3.924912e-02 
 3.661647e+01  3.039990e-02 
 3.661687e+01  2.103545e-02 
 3.661727e+01  1.171197e-02 
 3.661767e+01  3.220854e-03 
 3.661806e+01 -3.995623e-03 
 3.661846e+01 -9.432905e-03 
 3.661886e+01 -1.274986e-02 
 3.661926e+01 -1.385106e-02 
 3.661965e+01 -1.253277e-02 
 3.662005e+01 -8.766476e-03 
 3.662045e+01 -2.907581e-03 
 3.662085e+01  4.549338e-03 
 3.662125e+01  1.263610e-02 
 3.662164e+01  2.067130e-02 
 3.662204e+01  2.770828e-02 
 3.662244e+01  3.310199e-02 
 3.662284e+01  3.686588e-02 
 3.662323e+01  3.874623e-02 
 3.662363e+01  3.885347e-02 
 3.662403e+01  3.743326e-02 
 3.662443e+01  3.451122e-02 
 3.662482e+01  3.042770e-02 
 3.662522e+01  2.501767e-02 
 3.662562e+01  1.825023e-02 
 3.662602e+01  1.060118e-02 
 3.662642e+01  2.684136e-03 
 3.662681e+01 -4.604071e-03 
 3.662721e+01 -1.040546e-02 
 3.662761e+01 -1.451391e-02 
 3.662801e+01 -1.645097e-02 
 3.662840e+01 -1.638318e-02 
 3.662880e+01 -1.429555e-02 
 3.662920e+01 -1.051513e-02 
 3.662960e+01 -5.399566e-03 
 3.662999e+01  6.081782e-04 
 3.663039e+01  6.988320e-03 
 3.663079e+01  1.344513e-02 
 3.663119e+01  1.929625e-02 
 3.663159e+01  2.383357e-02 
 3.663198e+01  2.684105e-02 
 3.663238e+01  2.793900e-02 
 3.663278e+01  2.714118e-02 
 3.663318e+01  2.436157e-02 
 3.663357e+01  1.962755e-02 
 3.663397e+01  1.313594e-02 
 3.663437e+01  5.444751e-03 
 3.663477e+01 -2.777253e-03 
 3.663516e+01 -1.079911e-02 
 3.663556e+01 -1.752364e-02 
 3.663596e+01 -2.227896e-02 
 3.663636e+01 -2.455399e-02 
 3.663676e+01 -2.417199e-02 
 3.663715e+01 -2.133985e-02 
 3.663755e+01 -1.619192e-02 
 3.663795e+01 -9.413421e-03 
 3.663835e+01 -1.464366e-03 
 3.663874e+01  7.055620e-03 
 3.663914e+01  1.569750e-02 
 3.663954e+01  2.378663e-02 
 3.663994e+01  3.065806e-02 
 3.664033e+01  3.566117e-02 
 3.664073e+01  3.822761e-02 
 3.664113e+01  3.816290e-02 
 3.664153e+01  3.560912e-02 
 3.664193e+01  3.107483e-02 
 3.664232e+01  2.508192e-02 
 3.664272e+01  1.826909e-02 
 3.664312e+01  1.123376e-02 
 3.664352e+01  4.833950e-03 
 3.664391e+01 -5.236590e-04 
 3.664431e+01 -4.355370e-03 
 3.664471e+01 -6.215744e-03 
 3.664511e+01 -5.880679e-03 
 3.664550e+01 -3.442687e-03 
 3.664590e+01  5.909716e-04 
 3.664630e+01  5.734240e-03 
 3.664670e+01  1.130065e-02 
 3.664710e+01  1.661963e-02 
 3.664749e+01  2.114246e-02 
 3.664789e+01  2.444546e-02 
 3.664829e+01  2.664056e-02 
 3.664869e+01  2.759798e-02 
 3.664908e+01  2.714388e-02 
 3.664948e+01  2.518549e-02 
 3.664988e+01  2.149643e-02 
 3.665028e+01  1.621377e-02 
 3.665067e+01  1.013199e-02 
 3.665107e+01  3.728208e-03 
 3.665147e+01 -2.254103e-03 
 3.665187e+01 -7.109374e-03 
 3.665227e+01 -1.060118e-02 
 3.665266e+01 -1.258343e-02 
 3.665306e+01 -1.314255e-02 
 3.665346e+01 -1.258650e-02 
 3.665386e+01 -1.110753e-02 
 3.665425e+01 -8.590295e-03 
 3.665465e+01 -5.103918e-03 
 3.665505e+01 -6.557312e-04 
 3.665545e+01  4.345988e-03 
 3.665584e+01  9.358179e-03 
 3.665624e+01  1.401731e-02 
 3.665664e+01  1.785215e-02 
 3.665704e+01  2.070361e-02 
 3.665744e+01  2.251551e-02 
 3.665783e+01  2.339517e-02 
 3.665823e+01  2.327955e-02 
 3.665863e+01  2.211344e-02 
 3.665903e+01  1.980342e-02 
 3.665942e+01  1.620729e-02 
 3.665982e+01  1.147213e-02 
 3.666022e+01  5.658199e-03 
 3.666062e+01 -8.032400e-04 
 3.666101e+01 -7.256288e-03 
 3.666141e+01 -1.308950e-02 
 3.666181e+01 -1.759660e-02 
 3.666221e+01 -2.014805e-02 
 3.666261e+01 -2.038901e-02 
 3.666300e+01 -1.818164e-02 
 3.666340e+01 -1.377373e-02 
 3.666380e+01 -7.536565e-03 
 3.666420e+01 -1.306208e-04 
 3.666459e+01  7.675577e-03 
 3.666499e+01  1.498308e-02 
 3.666539e+01  2.125164e-02 
 3.666579e+01  2.593105e-02 
 3.666618e+01  2.872104e-02 
 3.666658e+01  2.933592e-02 
 3.666698e+01  2.777396e-02 
 3.666738e+01  2.402819e-02 
 3.666778e+01  1.808480e-02 
 3.666817e+01  1.041585e-02 
 3.666857e+01  1.857578e-03 
 3.666897e+01 -6.867525e-03 
 3.666937e+01 -1.479036e-02 
 3.666976e+01 -2.102997e-02 
 3.667016e+01 -2.477189e-02 
 3.667056e+01 -2.537819e-02 
 3.667096e+01 -2.292208e-02 
 3.667135e+01 -1.759059e-02 
 3.667175e+01 -9.785921e-03 
 3.667215e+01 -2.646369e-04 
 3.667255e+01  1.035282e-02 
 3.667295e+01  2.122188e-02 
 3.667334e+01  3.108267e-02 
 3.667374e+01  3.917180e-02 
 3.667414e+01  4.484280e-02 
 3.667454e+01  4.759559e-02 
 3.667493e+01  4.705691e-02 
 3.667533e+01  4.337934e-02 
 3.667573e+01  3.669755e-02 
 3.667613e+01  2.755508e-02 
 3.667652e+01  1.684163e-02 
 3.667692e+01  5.265042e-03 
 3.667732e+01 -6.309814e-03 
 3.667772e+01 -1.698032e-02 
 3.667812e+01 -2.598349e-02 
 3.667851e+01 -3.246519e-02 
 3.667891e+01 -3.607282e-02 
 3.667931e+01 -3.656289e-02 
 3.667971e+01 -3.392806e-02 
 3.668010e+01 -2.854916e-02 
 3.668050e+01 -2.111422e-02 
 3.668090e+01 -1.229743e-02 
 3.668130e+01 -2.857270e-03 
 3.668169e+01  6.464455e-03 
 3.668209e+01  1.515788e-02 
 3.668249e+01  2.237576e-02 
 3.668289e+01  2.776633e-02 
 3.668329e+01  3.082636e-02 
 3.668368e+01  3.130491e-02 
 3.668408e+01  2.918624e-02 
 3.668448e+01  2.455527e-02 
 3.668488e+01  1.786803e-02 
 3.668527e+01  9.712549e-03 
 3.668567e+01  8.310062e-04 
 3.668607e+01 -8.107109e-03 
 3.668647e+01 -1.621279e-02 
 3.668686e+01 -2.294211e-02 
 3.668726e+01 -2.792041e-02 
 3.668766e+01 -3.066697e-02 
 3.668806e+01 -3.096360e-02 
 3.668846e+01 -2.891081e-02 
 3.668885e+01 -2.450371e-02 
 3.668925e+01 -1.783800e-02 
 3.668965e+01 -9.597529e-03 
 3.669005e+01  1.148365e-05 
 3.669044e+01  1.040525e-02 
 3.669084e+01  2.094683e-02 
 3.669124e+01  3.079294e-02 
 3.669164e+01  3.904120e-02 
 3.669203e+01  4.479611e-02 
 3.669243e+01  4.747691e-02 
 3.669283e+01  4.690661e-02 
 3.669323e+01  4.304947e-02 
 3.669363e+01  3.635553e-02 
 3.669402e+01  2.729539e-02 
 3.669442e+01  1.654198e-02 
 3.669482e+01  4.664605e-03 
 3.669522e+01 -7.666297e-03 
 3.669561e+01 -1.986798e-02 
 3.669601e+01 -3.095236e-02 
 3.669641e+01 -3.960383e-02 
 3.669681e+01 -4.521256e-02 
 3.669720e+01 -4.686565e-02 
 3.669760e+01 -4.442133e-02 
 3.669800e+01 -3.829783e-02 
 3.669840e+01 -2.919344e-02 
 3.669880e+01 -1.796230e-02 
 3.669919e+01 -5.569232e-03 
 3.669959e+01  7.096084e-03 
 3.669999e+01  1.903655e-02 
 3.670039e+01  2.944310e-02 
 3.670078e+01  3.739769e-02 
 3.670118e+01  4.226530e-02 
 3.670158e+01  4.347517e-02 
 3.670198e+01  4.099061e-02 
 3.670238e+01  3.498340e-02 
 3.670277e+01  2.606910e-02 
 3.670317e+01  1.511943e-02 
 3.670357e+01  3.039585e-03 
 3.670397e+01 -9.093365e-03 
 3.670436e+01 -2.034669e-02 
 3.670476e+01 -2.991225e-02 
 3.670516e+01 -3.677936e-02 
 3.670556e+01 -4.022359e-02 
 3.670595e+01 -4.006390e-02 
 3.670635e+01 -3.640255e-02 
 3.670675e+01 -2.958109e-02 
 3.670715e+01 -2.037450e-02 
 3.670755e+01 -9.585280e-03 
 3.670794e+01  1.900446e-03 
 3.670834e+01  1.326983e-02 
 3.670874e+01  2.367166e-02 
 3.670914e+01  3.268866e-02 
 3.670953e+01  3.949688e-02 
 3.670993e+01  4.375911e-02 
 3.671033e+01  4.508612e-02 
 3.671073e+01  4.326734e-02 
 3.671112e+01  3.869759e-02 
 3.671152e+01  3.195060e-02 
 3.671192e+01  2.362877e-02 
 3.671232e+01  1.475651e-02 
 3.671272e+01  6.171657e-03 
 3.671311e+01 -1.502920e-03 
 3.671351e+01 -7.668742e-03 
 3.671391e+01 -1.204576e-02 
 3.671431e+01 -1.435424e-02 
 3.671470e+01 -1.479717e-02 
 3.671510e+01 -1.332795e-02 
 3.671550e+01 -1.039878e-02 
 3.671590e+01 -6.258701e-03 
 3.671629e+01 -1.330464e-03 
 3.671669e+01  4.045933e-03 
 3.671709e+01  9.594738e-03 
 3.671749e+01  1.522539e-02 
 3.671789e+01  2.077207e-02 
 3.671828e+01  2.618637e-02 
 3.671868e+01  3.092118e-02 
 3.671908e+01  3.446361e-02 
 3.671948e+01  3.625940e-02 
 3.671987e+01  3.602145e-02 
 3.672027e+01  3.352465e-02 
 3.672067e+01  2.906413e-02 
 3.672107e+01  2.300810e-02 
 3.672146e+01  1.605200e-02 
 3.672186e+01  8.829539e-03 
 3.672226e+01  1.865801e-03 
 3.672266e+01 -4.427718e-03 
 3.672306e+01 -9.937915e-03 
 3.672345e+01 -1.421708e-02 
 3.672385e+01 -1.711472e-02 
 3.672425e+01 -1.811007e-02 
 3.672465e+01 -1.690413e-02 
 3.672504e+01 -1.340077e-02 
 3.672544e+01 -7.714399e-03 
 3.672584e+01 -5.922611e-04 
 3.672624e+01  7.187303e-03 
 3.672663e+01  1.464002e-02 
 3.672703e+01  2.102706e-02 
 3.672743e+01  2.585596e-02 
 3.672783e+01  2.872850e-02 
 3.672823e+01  2.925646e-02 
 3.672862e+01  2.763980e-02 
 3.672902e+01  2.404710e-02 
 3.672942e+01  1.866881e-02 
 3.672982e+01  1.192716e-02 
 3.673021e+01  4.370529e-03 
 3.673061e+01 -3.286492e-03 
 3.673101e+01 -9.955476e-03 
 3.673141e+01 -1.479974e-02 
 3.673180e+01 -1.714584e-02 
 3.673220e+01 -1.666621e-02 
 3.673260e+01 -1.337308e-02 
 3.673300e+01 -7.590167e-03 
 3.673340e+01  2.852429e-04 
 3.673379e+01  9.349348e-03 
 3.673419e+01  1.866015e-02 
 3.673459e+01  2.719663e-02 
 3.673499e+01  3.418843e-02 
 3.673538e+01  3.872672e-02 
 3.673578e+01  4.058000e-02 
 3.673618e+01  3.964561e-02 
 3.673658e+01  3.625437e-02 
 3.673697e+01  3.096481e-02 
 3.673737e+01  2.445578e-02 
 3.673777e+01  1.727640e-02 
 3.673817e+01  1.011293e-02 
 3.673857e+01  3.603090e-03 
 3.673896e+01 -1.788104e-03 
 3.673936e+01 -5.495215e-03 
 3.673976e+01 -7.144321e-03 
 3.674016e+01 -6.604851e-03 
 3.674055e+01 -4.113119e-03 
 3.674095e+01  1.467309e-04 
 3.674135e+01  5.680482e-03 
 3.674175e+01  1.198445e-02 
 3.674214e+01  1.842444e-02 
 3.674254e+01  2.446798e-02 
 3.674294e+01  2.954306e-02 
 3.674334e+01  3.343539e-02 
 3.674374e+01  3.551930e-02 
 3.674413e+01  3.584656e-02 
 3.674453e+01  3.422350e-02 
 3.674493e+01  3.084826e-02 
 3.674533e+01  2.616571e-02 
 3.674572e+01  2.058791e-02 
 3.674612e+01  1.468632e-02 
 3.674652e+01  9.049783e-03 
 3.674692e+01  3.992153e-03 
 3.674731e+01 -8.102872e-05 
 3.674771e+01 -3.049625e-03 
 3.674811e+01 -4.952371e-03 
 3.674851e+01 -5.847433e-03 
 3.674891e+01 -5.523053e-03 
 3.674930e+01 -3.990789e-03 
 3.674970e+01 -1.288071e-03 
 3.675010e+01  2.329222e-03 
 3.675050e+01  6.458384e-03 
 3.675089e+01  1.090191e-02 
 3.675129e+01  1.539765e-02 
 3.675169e+01  1.958555e-02 
 3.675209e+01  2.325895e-02 
 3.675248e+01  2.626196e-02 
 3.675288e+01  2.813276e-02 
 3.675328e+01  2.861891e-02 
 3.675368e+01  2.751718e-02 
 3.675408e+01  2.445710e-02 
 3.675447e+01  1.944719e-02 
 3.675487e+01  1.263773e-02 
 3.675527e+01  4.532741e-03 
 3.675567e+01 -4.008077e-03 
 3.675606e+01 -1.246096e-02 
 3.675646e+01 -1.991079e-02 
 3.675686e+01 -2.569442e-02 
 3.675726e+01 -2.932038e-02 
 3.675765e+01 -3.037741e-02 
 3.675805e+01 -2.888025e-02 
 3.675845e+01 -2.481310e-02 
 3.675885e+01 -1.847988e-02 
 3.675925e+01 -1.034242e-02 
 3.675964e+01 -7.943711e-04 
 3.676004e+01  9.292531e-03 
 3.676044e+01  1.932774e-02 
 3.676084e+01  2.820637e-02 
 3.676123e+01  3.513833e-02 
 3.676163e+01  3.954550e-02 
 3.676203e+01  4.104471e-02 
 3.676243e+01  3.945574e-02 
 3.676282e+01  3.501758e-02 
 3.676322e+01  2.814892e-02 
 3.676362e+01  1.970831e-02 
 3.676402e+01  1.045166e-02 
 3.676442e+01  1.269329e-03 
 3.676481e+01 -7.189305e-03 
 3.676521e+01 -1.395028e-02 
 3.676561e+01 -1.848909e-02 
 3.676601e+01 -2.036528e-02 
 3.676640e+01 -1.906192e-02 
 3.676680e+01 -1.495553e-02 
 3.676720e+01 -8.383074e-03 
 3.676760e+01  2.013935e-04 
 3.676799e+01  9.903859e-03 
 3.676839e+01  1.971546e-02 
 3.676879e+01  2.872543e-02 
 3.676919e+01  3.619416e-02 
 3.676959e+01  4.143770e-02 
 3.676998e+01  4.426040e-02 
 3.677038e+01  4.429924e-02 
 3.677078e+01  4.131477e-02 
 3.677118e+01  3.573185e-02 
 3.677157e+01  2.785630e-02 
 3.677197e+01  1.820609e-02 
 3.677237e+01  7.492358e-03 
 3.677277e+01 -3.405764e-03 
 3.677316e+01 -1.355663e-02 
 3.677356e+01 -2.207114e-02 
 3.677396e+01 -2.834541e-02 
 3.677436e+01 -3.199167e-02 
 3.677476e+01 -3.278008e-02 
 3.677515e+01 -3.092860e-02 
 3.677555e+01 -2.668817e-02 
 3.677595e+01 -2.059531e-02 
 3.677635e+01 -1.339052e-02 
 3.677674e+01 -5.646729e-03 
 3.677714e+01  2.037273e-03 
 3.677754e+01  9.324273e-03 
 3.677794e+01  1.568965e-02 
 3.677833e+01  2.049104e-02 
 3.677873e+01  2.365188e-02 
 3.677913e+01  2.477849e-02 
 3.677953e+01  2.384138e-02 
 3.677993e+01  2.074732e-02 
 3.678032e+01  1.573547e-02 
 3.678072e+01  9.030185e-03 
 3.678112e+01  1.111599e-03 
 3.678152e+01 -7.214665e-03 
 3.678191e+01 -1.524696e-02 
 3.678231e+01 -2.228253e-02 
 3.678271e+01 -2.771526e-02 
 3.678311e+01 -3.126687e-02 
 3.678350e+01 -3.273578e-02 
 3.678390e+01 -3.185736e-02 
 3.678430e+01 -2.907380e-02 
 3.678470e+01 -2.461452e-02 
 3.678510e+01 -1.870248e-02 
 3.678549e+01 -1.128715e-02 
 3.678589e+01 -2.902100e-03 
 3.678629e+01  5.995659e-03 
 3.678669e+01  1.462584e-02 
 3.678708e+01  2.220871e-02 
 3.678748e+01  2.840752e-02 
 3.678788e+01  3.277039e-02 
 3.678828e+01  3.473305e-02 
 3.678867e+01  3.398463e-02 
 3.678907e+01  3.018805e-02 
 3.678947e+01  2.333022e-02 
 3.678987e+01  1.408328e-02 
 3.679027e+01  3.179206e-03 
 3.679066e+01 -8.544706e-03 
 3.679106e+01 -1.979078e-02 
 3.679146e+01 -2.929740e-02 
 3.679186e+01 -3.615169e-02 
 3.679225e+01 -3.973073e-02 
 3.679265e+01 -3.982208e-02 
 3.679305e+01 -3.664199e-02 
 3.679345e+01 -3.021699e-02 
 3.679385e+01 -2.068431e-02 
 3.679424e+01 -8.764346e-03 
 3.679464e+01  4.695456e-03 
 3.679504e+01  1.850989e-02 
 3.679544e+01  3.140300e-02 
 3.679583e+01  4.180642e-02 
 3.679623e+01  4.897917e-02 
 3.679663e+01  5.230583e-02 
 3.679703e+01  5.160278e-02 
 3.679742e+01  4.717643e-02 
 3.679782e+01  3.968156e-02 
 3.679822e+01  2.973199e-02 
 3.679862e+01  1.795589e-02 
 3.679902e+01  5.441801e-03 
 3.679941e+01 -7.047702e-03 
 3.679981e+01 -1.851847e-02 
 3.680021e+01 -2.808651e-02 
 3.680061e+01 -3.517566e-02 
 3.680100e+01 -3.893627e-02 
 3.680140e+01 -3.878779e-02 
 3.680180e+01 -3.492486e-02 
 3.680220e+01 -2.772389e-02 
 3.680259e+01 -1.775594e-02 
 3.680299e+01 -6.460282e-03 
 3.680339e+01  5.004412e-03 
 3.680379e+01  1.566003e-02 
 3.680419e+01  2.436009e-02 
 3.680458e+01  3.033863e-02 
 3.680498e+01  3.331697e-02 
 3.680538e+01  3.326644e-02 
 3.680578e+01  3.061850e-02 
 3.680617e+01  2.593634e-02 
 3.680657e+01  1.956626e-02 
 3.680697e+01  1.203914e-02 
 3.680737e+01  4.022978e-03 
 3.680776e+01 -3.864176e-03 
 3.680816e+01 -1.130911e-02 
 3.680856e+01 -1.805448e-02 
 3.680896e+01 -2.343522e-02 
 3.680936e+01 -2.723269e-02 
 3.680975e+01 -2.893568e-02 
 3.681015e+01 -2.799792e-02 
 3.681055e+01 -2.489688e-02 
 3.681095e+01 -1.982616e-02 
 3.681134e+01 -1.324374e-02 
 3.681174e+01 -5.619171e-03 
 3.681214e+01  2.515035e-03 
 3.681254e+01  1.064781e-02 
 3.681293e+01  1.838238e-02 
 3.681333e+01  2.544483e-02 
 3.681373e+01  3.177711e-02 
 3.681413e+01  3.713498e-02 
 3.681453e+01  4.089231e-02 
 3.681492e+01  4.277362e-02 
 3.681532e+01  4.248230e-02 
 3.681572e+01  3.984127e-02 
 3.681612e+01  3.500715e-02 
 3.681651e+01  2.837187e-02 
 3.681691e+01  2.037283e-02 
 3.681731e+01  1.193680e-02 
 3.681771e+01  3.890580e-03 
 3.681810e+01 -3.201181e-03 
 3.681850e+01 -8.567507e-03 
 3.681890e+01 -1.148989e-02 
 3.681930e+01 -1.185336e-02 
 3.681970e+01 -9.582313e-03 
 3.682009e+01 -4.696149e-03 
 3.682049e+01  2.301739e-03 
 3.682089e+01  1.055867e-02 
 3.682129e+01  1.971599e-02 
 3.682168e+01  2.900248e-02 
 3.682208e+01  3.738584e-02 
 3.682248e+01  4.426174e-02 
 3.682288e+01  4.883532e-02 
 3.682327e+01  5.045441e-02 
 3.682367e+01  4.883899e-02 
 3.682407e+01  4.377190e-02 
 3.682447e+01  3.563487e-02 
 3.682487e+01  2.537317e-02 
 3.682526e+01  1.412133e-02 
 3.682566e+01  2.918576e-03 
 3.682606e+01 -6.891132e-03 
 3.682646e+01 -1.433946e-02 
 3.682685e+01 -1.917548e-02 
 3.682725e+01 -2.125701e-02 
 3.682765e+01 -2.068579e-02 
 3.682805e+01 -1.792114e-02 
 3.682844e+01 -1.352303e-02 
 3.682884e+01 -7.850517e-03 
 3.682924e+01 -1.295328e-03 
 3.682964e+01  5.779041e-03 
 3.683004e+01  1.283773e-02 
 3.683043e+01  1.900749e-02 
 3.683083e+01  2.361527e-02 
 3.683123e+01  2.634583e-02 
 3.683163e+01  2.700313e-02 
 3.683202e+01  2.540038e-02 
 3.683242e+01  2.189246e-02 
 3.683282e+01  1.702745e-02 
 3.683322e+01  1.152058e-02 
 3.683361e+01  6.292047e-03 
 3.683401e+01  2.046975e-03 
 3.683441e+01 -9.016055e-04 
 3.683481e+01 -2.527121e-03 
 3.683521e+01 -2.605928e-03 
 3.683560e+01 -1.304428e-03 
 3.683600e+01  1.144645e-03 
 3.683640e+01  4.360398e-03 
 3.683680e+01  8.177140e-03 
 3.683719e+01  1.222310e-02 
 3.683759e+01  1.643768e-02 
 3.683799e+01  2.038072e-02 
 3.683839e+01  2.344157e-02 
 3.683878e+01  2.551584e-02 
 3.683918e+01  2.652542e-02 
 3.683958e+01  2.634003e-02 
 3.683998e+01  2.488887e-02 
 3.684038e+01  2.253609e-02 
 3.684077e+01  1.925016e-02 
 3.684117e+01  1.569691e-02 
 3.684157e+01  1.198420e-02 
 3.684197e+01  8.417706e-03 
 3.684236e+01  5.239536e-03 
 3.684276e+01  2.376888e-03 
 3.684316e+01 -1.171719e-05 
 3.684356e+01 -1.962001e-03 
 3.684395e+01 -3.197050e-03 
 3.684435e+01 -3.618573e-03 
 3.684475e+01 -3.278795e-03 
 3.684515e+01 -1.711472e-03 
 3.684555e+01  1.053997e-03 
 3.684594e+01  4.899827e-03 
 3.684634e+01  9.546176e-03 
 3.684674e+01  1.447372e-02 
 3.684714e+01  1.922371e-02 
 3.684753e+01  2.324272e-02 
 3.684793e+01  2.618419e-02 
 3.684833e+01  2.776490e-02 
 3.684873e+01  2.778854e-02 
 3.684912e+01  2.614825e-02 
 3.684952e+01  2.278656e-02 
 3.684992e+01  1.793784e-02 
 3.685032e+01  1.181116e-02 
 3.685072e+01  4.786537e-03 
 3.685111e+01 -2.905801e-03 
 3.685151e+01 -1.041543e-02 
 3.685191e+01 -1.721031e-02 
 3.685231e+01 -2.264468e-02 
 3.685270e+01 -2.592169e-02 
 3.685310e+01 -2.622525e-02 
 3.685350e+01 -2.315618e-02 
 3.685390e+01 -1.679899e-02 
 3.685429e+01 -7.671065e-03 
 3.685469e+01  3.325201e-03 
 3.685509e+01  1.515251e-02 
 3.685549e+01  2.665727e-02 
 3.685589e+01  3.665169e-02 
 3.685628e+01  4.442019e-02 
 3.685668e+01  4.928420e-02 
 3.685708e+01  5.094885e-02 
 3.685748e+01  4.942413e-02 
 3.685787e+01  4.472219e-02 
 3.685827e+01  3.690635e-02 
 3.685867e+01  2.653898e-02 
 3.685907e+01  1.452994e-02 
 3.685946e+01  1.767407e-03 
 3.685986e+01 -1.060351e-02 
 3.686026e+01 -2.139231e-02 
 3.686066e+01 -2.956824e-02 
 3.686106e+01 -3.431395e-02 
 3.686145e+01 -3.493436e-02 
 3.686185e+01 -3.155511e-02 
 3.686225e+01 -2.457553e-02 
 3.686265e+01 -1.467713e-02 
 3.686304e+01 -2.902910e-03 
 3.686344e+01  9.729198e-03 
 3.686384e+01  2.223010e-02 
 3.686424e+01  3.343882e-02 
 3.686463e+01  4.247423e-02 
 3.686503e+01  4.867290e-02 
 3.686543e+01  5.163712e-02 
 3.686583e+01  5.115872e-02 
 3.686623e+01  4.713822e-02 
 3.686662e+01  3.976003e-02 
 3.686702e+01  2.952970e-02 
 3.686742e+01  1.734780e-02 
 3.686782e+01  4.336243e-03 
 3.686821e+01 -8.305359e-03 
 3.686861e+01 -1.950440e-02 
 3.686901e+01 -2.824448e-02 
 3.686941e+01 -3.406807e-02 
 3.686980e+01 -3.674117e-02 
 3.687020e+01 -3.622454e-02 
 3.687060e+01 -3.291634e-02 
 3.687100e+01 -2.711268e-02 
 3.687140e+01 -1.928450e-02 
 3.687179e+01 -9.950772e-03 
 3.687219e+01  2.923272e-04 
 3.687259e+01  1.052463e-02 
 3.687299e+01  2.011156e-02 
 3.687338e+01  2.836393e-02 
 3.687378e+01  3.471267e-02 
 3.687418e+01  3.882510e-02 
 3.687458e+01  4.008364e-02 
 3.687497e+01  3.878758e-02 
 3.687537e+01  3.508458e-02 
 3.687577e+01  2.901326e-02 
 3.687617e+01  2.118971e-02 
 3.687657e+01  1.205769e-02 
 3.687696e+01  2.570465e-03 
 3.687736e+01 -6.684351e-03 
 3.687776e+01 -1.523299e-02 
 3.687816e+01 -2.285133e-02 
 3.687855e+01 -2.908224e-02 
 3.687895e+01 -3.365017e-02 
 3.687935e+01 -3.594658e-02 
 3.687975e+01 -3.558940e-02 
 3.688014e+01 -3.246387e-02 
 3.688054e+01 -2.663654e-02 
 3.688094e+01 -1.826122e-02 
 3.688134e+01 -7.811175e-03 
 3.688174e+01  3.899804e-03 
 3.688213e+01  1.569673e-02 
 3.688253e+01  2.663005e-02 
 3.688293e+01  3.563238e-02 
 3.688333e+01  4.197243e-02 
 3.688372e+01  4.514130e-02 
 3.688412e+01  4.471709e-02 
 3.688452e+01  4.074568e-02 
 3.688492e+01  3.369554e-02 
 3.688532e+01  2.425868e-02 
 3.688571e+01  1.314488e-02 
 3.688611e+01  1.197487e-03 
 3.688651e+01 -1.079054e-02 
 3.688691e+01 -2.186509e-02 
 3.688730e+01 -3.107988e-02 
 3.688770e+01 -3.754874e-02 
 3.688810e+01 -4.053603e-02 
 3.688850e+01 -3.983338e-02 
 3.688889e+01 -3.536265e-02 
 3.688929e+01 -2.732903e-02 
 3.688969e+01 -1.669633e-02 
 3.689009e+01 -4.412643e-03 
 3.689049e+01  8.067519e-03 
 3.689088e+01  1.965300e-02 
 3.689128e+01  2.948159e-02 
 3.689168e+01  3.680472e-02 
 3.689208e+01  4.104507e-02 
 3.689247e+01  4.199804e-02 
 3.689287e+01  3.979319e-02 
 3.689327e+01  3.462327e-02 
 3.689367e+01  2.706080e-02 
 3.689406e+01  1.763696e-02 
 3.689446e+01  6.965125e-03 
 3.689486e+01 -3.876567e-03 
 3.689526e+01 -1.389976e-02 
 3.689566e+01 -2.200487e-02 
 3.689605e+01 -2.763837e-02 
 3.689645e+01 -3.046607e-02 
 3.689685e+01 -3.050537e-02 
 3.689725e+01 -2.794386e-02 
 3.689764e+01 -2.308777e-02 
 3.689804e+01 -1.675723e-02 
 3.689844e+01 -9.299862e-03 
 3.689884e+01 -1.319562e-03 
 3.689923e+01  7.078586e-03 
 3.689963e+01  1.506374e-02 
 3.690003e+01  2.202577e-02 
 3.690043e+01  2.730680e-02 
 3.690083e+01  3.036734e-02 
 3.690122e+01  3.111344e-02 
 3.690162e+01  2.949658e-02 
 3.690202e+01  2.593550e-02 
 3.690242e+01  2.069722e-02 
 3.690281e+01  1.431969e-02 
 3.690321e+01  7.253099e-03 
 3.690361e+01  1.593822e-04 
 3.690401e+01 -6.489216e-03 
 3.690440e+01 -1.222178e-02 
 3.690480e+01 -1.645381e-02 
 3.690520e+01 -1.876408e-02 
 3.690560e+01 -1.917147e-02 
 3.690600e+01 -1.788679e-02 
 3.690639e+01 -1.514191e-02 
 3.690679e+01 -1.128798e-02 
 3.690719e+01 -6.416427e-03 
 3.690759e+01 -4.794417e-04 
 3.690798e+01  6.374525e-03 
 3.690838e+01  1.362755e-02 
 3.690878e+01  2.088855e-02 
 3.690918e+01  2.733773e-02 
 3.690957e+01  3.230766e-02 
 3.690997e+01  3.527778e-02 
 3.691037e+01  3.574695e-02 
 3.691077e+01  3.371006e-02 
 3.691117e+01  2.931665e-02 
 3.691156e+01  2.320332e-02 
 3.691196e+01  1.552254e-02 
 3.691236e+01  7.101320e-03 
 3.691276e+01 -1.457359e-03 
 3.691315e+01 -9.235914e-03 
 3.691355e+01 -1.540240e-02 
 3.691395e+01 -1.941787e-02 
 3.691435e+01 -2.085989e-02 
 3.691474e+01 -1.956719e-02 
 3.691514e+01 -1.571011e-02 
 3.691554e+01 -9.616592e-03 
 3.691594e+01 -1.919324e-03 
 3.691634e+01  6.778851e-03 
 3.691673e+01  1.547550e-02 
 3.691713e+01  2.356368e-02 
 3.691753e+01  3.013785e-02 
 3.691793e+01  3.444326e-02 
 3.691832e+01  3.585529e-02 
 3.691872e+01  3.414312e-02 
 3.691912e+01  2.970352e-02 
 3.691952e+01  2.277441e-02 
 3.691991e+01  1.428360e-02 
 3.692031e+01  4.733296e-03 
 3.692071e+01 -4.823836e-03 
 3.692111e+01 -1.345383e-02 
 3.692151e+01 -2.037042e-02 
 3.692190e+01 -2.508870e-02 
 3.692230e+01 -2.704773e-02 
 3.692270e+01 -2.584791e-02 
 3.692310e+01 -2.152767e-02 
 3.692349e+01 -1.450862e-02 
 3.692389e+01 -5.435194e-03 
 3.692429e+01  4.746886e-03 
 3.692469e+01  1.470795e-02 
 3.692508e+01  2.345334e-02 
 3.692548e+01  3.018985e-02 
 3.692588e+01  3.423917e-02 
 3.692628e+01  3.567691e-02 
 3.692668e+01  3.456432e-02 
 3.692707e+01  3.134626e-02 
 3.692747e+01  2.656930e-02 
 3.692787e+01  2.034273e-02 
 3.692827e+01  1.331748e-02 
 3.692866e+01  6.091294e-03 
 3.692906e+01 -7.661642e-04 
 3.692946e+01 -6.708823e-03 
 3.692986e+01 -1.120596e-02 
 3.693025e+01 -1.371687e-02 
 3.693065e+01 -1.420920e-02 
 3.693105e+01 -1.254828e-02 
 3.693145e+01 -8.933237e-03 
 3.693185e+01 -3.916613e-03 
 3.693224e+01  1.916955e-03 
 3.693264e+01  7.865112e-03 
 3.693304e+01  1.335656e-02 
 3.693344e+01  1.805964e-02 
 3.693383e+01  2.166497e-02 
 3.693423e+01  2.390482e-02 
 3.693463e+01  2.475117e-02 
 3.693503e+01  2.430262e-02 
 3.693542e+01  2.273388e-02 
 3.693582e+01  2.004694e-02 
 3.693622e+01  1.661725e-02 
 3.693662e+01  1.249691e-02 
 3.693702e+01  8.026734e-03 
 3.693741e+01  3.636701e-03 
 3.693781e+01 -4.259374e-04 
 3.693821e+01 -3.971730e-03 
 3.693861e+01 -6.568094e-03 
 3.693900e+01 -8.193431e-03 
 3.693940e+01 -8.662762e-03 
 3.693980e+01 -7.732092e-03 
 3.694020e+01 -5.700452e-03 
 3.694059e+01 -2.815573e-03 
 3.694099e+01  1.038401e-03 
 3.694139e+01  5.820063e-03 
 3.694179e+01  1.129397e-02 
 3.694219e+01  1.721591e-02 
 3.694258e+01  2.333991e-02 
 3.694298e+01  2.927265e-02 
 3.694338e+01  3.463635e-02 
 3.694378e+01  3.895179e-02 
 3.694417e+01  4.150182e-02 
 3.694457e+01  4.191516e-02 
 3.694497e+01  4.006768e-02 
 3.694537e+01  3.552091e-02 
 3.694576e+01  2.861299e-02 
 3.694616e+01  1.999448e-02 
 3.694656e+01  1.039303e-02 
 3.694696e+01  6.583329e-04 
 3.694736e+01 -8.108153e-03 
 3.694775e+01 -1.517646e-02 
 3.694815e+01 -2.002150e-02 
 3.694855e+01 -2.210015e-02 
 3.694895e+01 -2.124359e-02 
 3.694934e+01 -1.748838e-02 
 3.694974e+01 -1.101705e-02 
 3.695014e+01 -2.361937e-03 
 3.695054e+01  7.741874e-03 
 3.695093e+01  1.853612e-02 
 3.695133e+01  2.888691e-02 
 3.695173e+01  3.745709e-02 
 3.695213e+01  4.333710e-02 
 3.695253e+01  4.591120e-02 
 3.695292e+01  4.464256e-02 
 3.695332e+01  3.965129e-02 
 3.695372e+01  3.161522e-02 
 3.695412e+01  2.105216e-02 
 3.695451e+01  8.944517e-03 
 3.695491e+01 -3.370984e-03 
 3.695531e+01 -1.468184e-02 
 3.695571e+01 -2.415058e-02 
 3.695610e+01 -3.086248e-02 
 3.695650e+01 -3.446864e-02 
 3.695690e+01 -3.463779e-02 
 3.695730e+01 -3.118961e-02 
 3.695770e+01 -2.432561e-02 
 3.695809e+01 -1.478573e-02 
 3.695849e+01 -3.026298e-03 
 3.695889e+01  9.903364e-03 
 3.695929e+01  2.296982e-02 
 3.695968e+01  3.498283e-02 
 3.696008e+01  4.480982e-02 
 3.696048e+01  5.143594e-02 
 3.696088e+01  5.440808e-02 
 3.696127e+01  5.371873e-02 
 3.696167e+01  4.972551e-02 
 3.696207e+01  4.288838e-02 
 3.696247e+01  3.410189e-02 
 3.696287e+01  2.391269e-02 
 3.696326e+01  1.317150e-02 
 3.696366e+01  2.749518e-03 
 3.696406e+01 -7.064636e-03 
 3.696446e+01 -1.561754e-02 
 3.696485e+01 -2.219889e-02 
 3.696525e+01 -2.629236e-02 
 3.696565e+01 -2.763938e-02 
 3.696605e+01 -2.599721e-02 
 3.696644e+01 -2.142339e-02 
 3.696684e+01 -1.438852e-02 
 3.696724e+01 -5.446377e-03 
 3.696764e+01  4.507868e-03 
 3.696804e+01  1.467270e-02 
 3.696843e+01  2.430004e-02 
 3.696883e+01  3.274960e-02 
 3.696923e+01  3.927472e-02 
 3.696963e+01  4.346397e-02 
 3.697002e+01  4.521320e-02 
 3.697042e+01  4.423683e-02 
 3.697082e+01  4.063082e-02 
 3.697122e+01  3.459602e-02 
 3.697161e+01  2.641174e-02 
 3.697201e+01  1.649334e-02 
 3.697241e+01  5.524211e-03 
 3.697281e+01 -5.707930e-03 
 3.697321e+01 -1.647932e-02 
 3.697360e+01 -2.601749e-02 
 3.697400e+01 -3.351866e-02 
 3.697440e+01 -3.827127e-02 
 3.697480e+01 -3.959822e-02 
 3.697519e+01 -3.736985e-02 
 3.697559e+01 -3.178449e-02 
 3.697599e+01 -2.310728e-02 
 3.697639e+01 -1.228376e-02 
 3.697679e+01 -2.297579e-04 
 3.697718e+01  1.235069e-02 
 3.697758e+01  2.464367e-02 
 3.697798e+01  3.568661e-02 
 3.697838e+01  4.469586e-02 
 3.697877e+01  5.082690e-02 
 3.697917e+01  5.341034e-02 
 3.697957e+01  5.205019e-02 
 3.697997e+01  4.662396e-02 
 3.698036e+01  3.726095e-02 
 3.698076e+01  2.473726e-02 
 3.698116e+01  1.041183e-02 
 3.698156e+01 -4.468321e-03 
 3.698196e+01 -1.850329e-02 
 3.698235e+01 -3.033513e-02 
 3.698275e+01 -3.901659e-02 
 3.698315e+01 -4.391043e-02 
 3.698355e+01 -4.466704e-02 
 3.698394e+01 -4.159153e-02 
 3.698434e+01 -3.512544e-02 
 3.698474e+01 -2.598008e-02 
 3.698514e+01 -1.489705e-02 
 3.698553e+01 -2.830869e-03 
 3.698593e+01  9.128702e-03 
 3.698633e+01  2.000973e-02 
 3.698673e+01  2.889507e-02 
 3.698713e+01  3.515722e-02 
 3.698752e+01  3.840459e-02 
 3.698792e+01  3.827609e-02 
 3.698832e+01  3.467809e-02 
 3.698872e+01  2.817304e-02 
 3.698911e+01  1.920606e-02 
 3.698951e+01  8.698251e-03 
 3.698991e+01 -2.360235e-03 
 3.699031e+01 -1.288712e-02 
 3.699070e+01 -2.197966e-02 
 3.699110e+01 -2.895291e-02 
 3.699150e+01 -3.364411e-02 
 3.699190e+01 -3.573538e-02 
 3.699230e+01 -3.539420e-02 
 3.699269e+01 -3.272718e-02 
 3.699309e+01 -2.806921e-02 
 3.699349e+01 -2.159250e-02 
 3.699389e+01 -1.376892e-02 
 3.699428e+01 -5.278510e-03 
 3.699468e+01  3.159842e-03 
 3.699508e+01  1.082086e-02 
 3.699548e+01  1.685508e-02 
 3.699587e+01  2.098734e-02 
 3.699627e+01  2.312841e-02 
 3.699667e+01  2.341260e-02 
 3.699707e+01  2.201872e-02 
 3.699747e+01  1.923994e-02 
 3.699786e+01  1.553687e-02 
 3.699826e+01  1.114940e-02 
 3.699866e+01  6.314085e-03 
 3.699906e+01  1.454701e-03 
 3.699945e+01 -3.245337e-03 
 3.699985e+01 -7.363506e-03 
 3.700025e+01 -1.076359e-02 
 3.700065e+01 -1.318044e-02 
 3.700104e+01 -1.436547e-02 
 3.700144e+01 -1.405224e-02 
 3.700184e+01 -1.236591e-02 
 3.700224e+01 -9.169722e-03 
 3.700264e+01 -4.791163e-03 
 3.700303e+01  6.300899e-04 
 3.700343e+01  6.623413e-03 
 3.700383e+01  1.260873e-02 
 3.700423e+01  1.797601e-02 
 3.700462e+01  2.223732e-02 
 3.700502e+01  2.517205e-02 
 3.700542e+01  2.657822e-02 
 3.700582e+01  2.641163e-02 
 3.700621e+01  2.467535e-02 
 3.700661e+01  2.146335e-02 
 3.700701e+01  1.687120e-02 
 3.700741e+01  1.111762e-02 
 3.700781e+01  4.581089e-03 
 3.700820e+01 -2.470057e-03 
 3.700860e+01 -9.337457e-03 
 3.700900e+01 -1.521373e-02 
 3.700940e+01 -1.945082e-02 
 3.700979e+01 -2.140133e-02 
 3.701019e+01 -2.085509e-02 
 3.701059e+01 -1.758516e-02 
 3.701099e+01 -1.192860e-02 
 3.701138e+01 -4.345456e-03 
 3.701178e+01  4.234997e-03 
 3.701218e+01  1.286806e-02 
 3.701258e+01  2.067400e-02 
 3.701298e+01  2.680403e-02 
 3.701337e+01  3.052523e-02 
 3.701377e+01  3.156696e-02 
 3.701417e+01  2.984782e-02 
 3.701457e+01  2.544969e-02 
 3.701496e+01  1.866595e-02 
 3.701536e+01  1.001665e-02 
 3.701576e+01  5.068037e-04 
 3.701616e+01 -8.922091e-03 
 3.701655e+01 -1.726355e-02 
 3.701695e+01 -2.344970e-02 
 3.701735e+01 -2.697307e-02 
 3.701775e+01 -2.722048e-02 
 3.701815e+01 -2.422807e-02 
 3.701854e+01 -1.817368e-02 
 3.701894e+01 -9.535905e-03 
 3.701934e+01  6.255599e-04 
 3.701974e+01  1.154189e-02 
 3.702013e+01  2.231217e-02 
 3.702053e+01  3.178962e-02 
 3.702093e+01  3.925674e-02 
 3.702133e+01  4.421561e-02 
 3.702172e+01  4.615225e-02 
 3.702212e+01  4.507504e-02 
 3.702252e+01  4.112501e-02 
 3.702292e+01  3.488666e-02 
 3.702332e+01  2.694711e-02 
 3.702371e+01  1.793536e-02 
 3.702411e+01  8.717648e-03 
 3.702451e+01 -5.427722e-05 
 3.702491e+01 -7.615717e-03 
 3.702530e+01 -1.326948e-02 
 3.702570e+01 -1.655334e-02 
 3.702610e+01 -1.719612e-02 
 3.702650e+01 -1.519842e-02 
 3.702689e+01 -1.078414e-02 
 3.702729e+01 -4.436464e-03 
 3.702769e+01  3.115840e-03 
 3.702809e+01  1.101021e-02 
 3.702849e+01  1.843673e-02 
 3.702888e+01  2.474599e-02 
 3.702928e+01  2.962643e-02 
 3.702968e+01  3.270674e-02 
 3.703008e+01  3.409973e-02 
 3.703047e+01  3.366642e-02 
 3.703087e+01  3.164883e-02 
 3.703127e+01  2.829598e-02 
 3.703167e+01  2.384901e-02 
 3.703206e+01  1.867686e-02 
 3.703246e+01  1.304988e-02 
 3.703286e+01  7.245986e-03 
 3.703326e+01  1.646181e-03 
 3.703366e+01 -3.560982e-03 
 3.703405e+01 -7.907906e-03 
 3.703445e+01 -1.104970e-02 
 3.703485e+01 -1.275929e-02 
 3.703525e+01 -1.283042e-02 
 3.703564e+01 -1.102626e-02 
 3.703604e+01 -7.370788e-03 
 3.703644e+01 -1.843203e-03 
 3.703684e+01  5.108212e-03 
 3.703723e+01  1.287308e-02 
 3.703763e+01  2.088228e-02 
 3.703803e+01  2.850084e-02 
 3.703843e+01  3.522068e-02 
 3.703883e+01  4.058979e-02 
 3.703922e+01  4.399472e-02 
 3.703962e+01  4.527906e-02 
 3.704002e+01  4.403980e-02 
 3.704042e+01  4.012999e-02 
 3.704081e+01  3.360051e-02 
 3.704121e+01  2.470485e-02 
 3.704161e+01  1.411916e-02 
 3.704201e+01  2.893048e-03 
 3.704240e+01 -8.028005e-03 
 3.704280e+01 -1.760814e-02 
 3.704320e+01 -2.498481e-02 
 3.704360e+01 -2.942337e-02 
 3.704400e+01 -3.056288e-02 
 3.704439e+01 -2.824434e-02 
 3.704479e+01 -2.252830e-02 
 3.704519e+01 -1.389874e-02 
 3.704559e+01 -3.177764e-03 
 3.704598e+01  8.555052e-03 
 3.704638e+01  1.992868e-02 
 3.704678e+01  2.983070e-02 
 3.704718e+01  3.739977e-02 
 3.704757e+01  4.221569e-02 
 3.704797e+01  4.411981e-02 
 3.704837e+01  4.298313e-02 
 3.704877e+01  3.902004e-02 
 3.704917e+01  3.264115e-02 
 3.704956e+01  2.426494e-02 
 3.704996e+01  1.465294e-02 
 3.705036e+01  4.752458e-03 
 3.705076e+01 -4.375725e-03 
 3.705115e+01 -1.178761e-02 
 3.705155e+01 -1.667295e-02 
 3.705195e+01 -1.865617e-02 
 3.705235e+01 -1.767969e-02 
 3.705274e+01 -1.408004e-02 
 3.705314e+01 -8.090804e-03 
 3.705354e+01 -3.604330e-04 
 3.705394e+01  8.500151e-03 
 3.705434e+01  1.776396e-02 
 3.705473e+01  2.674047e-02 
 3.705513e+01  3.476102e-02 
 3.705553e+01  4.106685e-02 
 3.705593e+01  4.531335e-02 
 3.705632e+01  4.704951e-02 
 3.705672e+01  4.619695e-02 
 3.705712e+01  4.294298e-02 
 3.705752e+01  3.760790e-02 
 3.705791e+01  3.060457e-02 
 3.705831e+01  2.253581e-02 
 3.705871e+01  1.397055e-02 
 3.705911e+01  5.453031e-03 
 3.705951e+01 -2.580900e-03 
 3.705990e+01 -9.644049e-03 
 3.706030e+01 -1.546528e-02 
 3.706070e+01 -1.973996e-02 
 3.706110e+01 -2.225440e-02 
 3.706149e+01 -2.271745e-02 
 3.706189e+01 -2.107793e-02 
 3.706229e+01 -1.741597e-02 
 3.706269e+01 -1.203805e-02 
 3.706308e+01 -5.203108e-03 
 3.706348e+01  2.587178e-03 
 3.706388e+01  1.070399e-02 
 3.706428e+01  1.857948e-02 
 3.706468e+01  2.557203e-02 
 3.706507e+01  3.111252e-02 
 3.706547e+01  3.479663e-02 
 3.706587e+01  3.624801e-02 
 3.706627e+01  3.512976e-02 
 3.706666e+01  3.153571e-02 
 3.706706e+01  2.576107e-02 
 3.706746e+01  1.823640e-02 
 3.706786e+01  9.464988e-03 
 3.706826e+01  1.608161e-04 
 3.706865e+01 -9.176436e-03 
 3.706905e+01 -1.795658e-02 
 3.706945e+01 -2.538884e-02 
 3.706985e+01 -3.066817e-02 
 3.707024e+01 -3.326551e-02 
 3.707064e+01 -3.269668e-02 
 3.707104e+01 -2.861700e-02 
 3.707144e+01 -2.122565e-02 
 3.707183e+01 -1.126677e-02 
 3.707223e+01  3.620178e-04 
 3.707263e+01  1.237249e-02 
 3.707303e+01  2.354533e-02 
 3.707343e+01  3.276816e-02 
 3.707382e+01  3.916614e-02 
 3.707422e+01  4.222370e-02 
 3.707462e+01  4.169563e-02 
 3.707502e+01  3.758798e-02 
 3.707541e+01  3.028399e-02 
 3.707581e+01  2.035384e-02 
 3.707621e+01  8.352597e-03 
 3.707661e+01 -4.753062e-03 
 3.707700e+01 -1.779908e-02 
 3.707740e+01 -2.970816e-02 
 3.707780e+01 -3.935503e-02 
 3.707820e+01 -4.576704e-02 
 3.707860e+01 -4.858688e-02 
 3.707899e+01 -4.747354e-02 
 3.707939e+01 -4.249774e-02 
 3.707979e+01 -3.405513e-02 
 3.708019e+01 -2.285135e-02 
 3.708058e+01 -9.966694e-03 
 3.708098e+01  3.587187e-03 
 3.708138e+01  1.635323e-02 
 3.708178e+01  2.742879e-02 
 3.708217e+01  3.587159e-02 
 3.708257e+01  4.108983e-02 
 3.708297e+01  4.287797e-02 
 3.708337e+01  4.153138e-02 
 3.708377e+01  3.727648e-02 
 3.708416e+01  3.076025e-02 
 3.708456e+01  2.230246e-02 
 3.708496e+01  1.243197e-02 
 3.708536e+01  1.982404e-03 
 3.708575e+01 -8.035598e-03 
 3.708615e+01 -1.664592e-02 
 3.708655e+01 -2.307406e-02 
 3.708695e+01 -2.676109e-02 
 3.708734e+01 -2.763110e-02 
 3.708774e+01 -2.572724e-02 
 3.708814e+01 -2.147074e-02 
 3.708854e+01 -1.556511e-02 
 3.708894e+01 -8.570453e-03 
 3.708933e+01 -1.345286e-03 
 3.708973e+01  5.708800e-03 
 3.709013e+01  1.202816e-02 
 3.709053e+01  1.734897e-02 
 3.709092e+01  2.128114e-02 
 3.709132e+01  2.336399e-02 
 3.709172e+01  2.363661e-02 
 3.709212e+01  2.187929e-02 
 3.709251e+01  1.830053e-02 
 3.709291e+01  1.319468e-02 
 3.709331e+01  7.375176e-03 
 3.709371e+01  1.235969e-03 
 3.709411e+01 -4.781213e-03 
 3.709450e+01 -1.007234e-02 
 3.709490e+01 -1.446441e-02 
 3.709530e+01 -1.763618e-02 
 3.709570e+01 -1.938526e-02 
 3.709609e+01 -1.942323e-02 
 3.709649e+01 -1.790009e-02 
 3.709689e+01 -1.489931e-02 
 3.709729e+01 -1.083855e-02 
 3.709768e+01 -6.121185e-03 
 3.709808e+01 -1.209573e-03 
 3.709848e+01  3.767773e-03 
 3.709888e+01  8.766595e-03 
 3.709928e+01  1.368270e-02 
 3.709967e+01  1.836710e-02 
 3.710007e+01  2.254890e-02 
 3.710047e+01  2.567311e-02 
 3.710087e+01  2.710369e-02 
 3.710126e+01  2.629537e-02 
 3.710166e+01  2.343882e-02 
 3.710206e+01  1.885005e-02 
 3.710246e+01  1.292534e-02 
 3.710285e+01  6.301968e-03 
 3.710325e+01 -4.195783e-04 
 3.710365e+01 -6.778377e-03 
 3.710405e+01 -1.223877e-02 
 3.710445e+01 -1.636178e-02 
 3.710484e+01 -1.879508e-02 
 3.710524e+01 -1.909396e-02 
 3.710564e+01 -1.707417e-02 
 3.710604e+01 -1.280362e-02 
 3.710643e+01 -6.705782e-03 
 3.710683e+01  5.710063e-04 
 3.710723e+01  8.288210e-03 
 3.710763e+01  1.583192e-02 
 3.710802e+01  2.247320e-02 
 3.710842e+01  2.767145e-02 
 3.710882e+01  3.102225e-02 
 3.710922e+01  3.225110e-02 
 3.710962e+01  3.137433e-02 
 3.711001e+01  2.852129e-02 
 3.711041e+01  2.381068e-02 
 3.711081e+01  1.778718e-02 
 3.711121e+01  1.109187e-02 
 3.711160e+01  4.380942e-03 
 3.711200e+01 -1.703310e-03 
 3.711240e+01 -6.302478e-03 
 3.711280e+01 -9.137371e-03 
 3.711319e+01 -9.864515e-03 
 3.711359e+01 -8.416067e-03 
 3.711399e+01 -4.965143e-03 
 3.711439e+01 -5.121407e-05 
 3.711479e+01  5.872014e-03 
 3.711518e+01  1.233420e-02 
 3.711558e+01  1.863894e-02 
 3.711598e+01  2.409082e-02 
 3.711638e+01  2.819396e-02 
 3.711677e+01  3.052454e-02 
 3.711717e+01  3.074169e-02 
 3.711757e+01  2.893130e-02 
 3.711797e+01  2.528480e-02 
 3.711836e+01  2.019571e-02 
 3.711876e+01  1.413255e-02 
 3.711916e+01  7.399900e-03 
 3.711956e+01  9.753795e-04 
 3.711996e+01 -5.069650e-03 
 3.712035e+01 -1.031772e-02 
 3.712075e+01 -1.440108e-02 
 3.712115e+01 -1.715653e-02 
 3.712155e+01 -1.825142e-02 
 3.712194e+01 -1.761698e-02 
 3.712234e+01 -1.512521e-02 
 3.712274e+01 -1.100591e-02 
 3.712314e+01 -5.643879e-03 
 3.712353e+01  5.726551e-04 
 3.712393e+01  7.223969e-03 
 3.712433e+01  1.355760e-02 
 3.712473e+01  1.905169e-02 
 3.712513e+01  2.355282e-02 
 3.712552e+01  2.669657e-02 
 3.712592e+01  2.848460e-02 
 3.712632e+01  2.869431e-02 
 3.712672e+01  2.727473e-02 
 3.712711e+01  2.434196e-02 
 3.712751e+01  2.015882e-02 
 3.712791e+01  1.496526e-02 
 3.712831e+01  8.978154e-03 
 3.712870e+01  2.757648e-03 
 3.712910e+01 -3.407842e-03 
 3.712950e+01 -8.937388e-03 
 3.712990e+01 -1.338760e-02 
 3.713030e+01 -1.646511e-02 
 3.713069e+01 -1.786404e-02 
 3.713109e+01 -1.719486e-02 
 3.713149e+01 -1.418466e-02 
 3.713189e+01 -8.852477e-03 
 3.713228e+01 -1.449510e-03 
 3.713268e+01  7.382359e-03 
 3.713308e+01  1.694805e-02 
 3.713348e+01  2.634573e-02 
 3.713387e+01  3.484456e-02 
 3.713427e+01  4.155602e-02 
 3.713467e+01  4.582413e-02 
 3.713507e+01  4.719515e-02 
 3.713547e+01  4.522155e-02 
 3.713586e+01  4.026007e-02 
 3.713626e+01  3.242665e-02 
 3.713666e+01  2.222101e-02 
 3.713706e+01  1.042754e-02 
 3.713745e+01 -1.798881e-03 
 3.713785e+01 -1.342397e-02 
 3.713825e+01 -2.315309e-02 
 3.713865e+01 -2.992953e-02 
 3.713904e+01 -3.311880e-02 
 3.713944e+01 -3.229604e-02 
 3.713984e+01 -2.748384e-02 
 3.714024e+01 -1.897979e-02 
 3.714064e+01 -7.863460e-03 
 3.714103e+01  4.876417e-03 
 3.714143e+01  1.834348e-02 
 3.714183e+01  3.127205e-02 
 3.714223e+01  4.251789e-02 
 3.714262e+01  5.090118e-02 
 3.714302e+01  5.574657e-02 
 3.714342e+01  5.657301e-02 
 3.714382e+01  5.355172e-02 
 3.714421e+01  4.707200e-02 
 3.714461e+01  3.783027e-02 
 3.714501e+01  2.668880e-02 
 3.714541e+01  1.448613e-02 
 3.714581e+01  2.220580e-03 
 3.714620e+01 -9.320494e-03 
 3.714660e+01 -1.921267e-02 
 3.714700e+01 -2.670857e-02 
 3.714740e+01 -3.078127e-02 
 3.714779e+01 -3.125637e-02 
 3.714819e+01 -2.819801e-02 
 3.714859e+01 -2.205046e-02 
 3.714899e+01 -1.380123e-02 
 3.714938e+01 -4.203801e-03 
 3.714978e+01  5.647238e-03 
 3.715018e+01  1.484535e-02 
 3.715058e+01  2.264836e-02 
 3.715098e+01  2.865830e-02 
 3.715137e+01  3.260278e-02 
 3.715177e+01  3.439369e-02 
 3.715217e+01  3.401799e-02 
 3.715257e+01  3.134294e-02 
 3.715296e+01  2.674713e-02 
 3.715336e+01  2.049616e-02 
 3.715376e+01  1.321884e-02 
 3.715416e+01  5.534995e-03 
 3.715455e+01 -2.137582e-03 
 3.715495e+01 -8.870158e-03 
 3.715535e+01 -1.444836e-02 
 3.715575e+01 -1.816869e-02 
 3.715615e+01 -2.008515e-02 
 3.715654e+01 -1.980744e-02 
 3.715694e+01 -1.740362e-02 
 3.715734e+01 -1.307859e-02 
 3.715774e+01 -7.082778e-03 
 3.715813e+01  2.682403e-04 
 3.715853e+01  8.333728e-03 
 3.715893e+01  1.642956e-02 
 3.715933e+01  2.420812e-02 
 3.715972e+01  3.112550e-02 
 3.716012e+01  3.707984e-02 
 3.716052e+01  4.183941e-02 
 3.716092e+01  4.525926e-02 
 3.716132e+01  4.693530e-02 
 3.716171e+01  4.659899e-02 
 3.716211e+01  4.401213e-02 
 3.716251e+01  3.926540e-02 
 3.716291e+01  3.251513e-02 
 3.716330e+01  2.430486e-02 
 3.716370e+01  1.555596e-02 
 3.716410e+01  6.815976e-03 
 3.716450e+01 -1.291486e-03 
 3.716490e+01 -8.093009e-03 
 3.716529e+01 -1.324176e-02 
 3.716569e+01 -1.628411e-02 
 3.716609e+01 -1.705016e-02 
 3.716649e+01 -1.535121e-02 
 3.716688e+01 -1.133467e-02 
 3.716728e+01 -5.210955e-03 
 3.716768e+01  2.494076e-03 
 3.716808e+01  1.098557e-02 
 3.716847e+01  1.948482e-02 
 3.716887e+01  2.689869e-02 
 3.716927e+01  3.245743e-02 
 3.716967e+01  3.560939e-02 
 3.717007e+01  3.593902e-02 
 3.717046e+01  3.314352e-02 
 3.717086e+01  2.781231e-02 
 3.717126e+01  2.024323e-02 
 3.717166e+01  1.114196e-02 
 3.717205e+01  1.271881e-03 
 3.717245e+01 -8.831313e-03 
 3.717285e+01 -1.804376e-02 
 3.717325e+01 -2.567384e-02 
 3.717364e+01 -3.113874e-02 
 3.717404e+01 -3.403113e-02 
 3.717444e+01 -3.418620e-02 
 3.717484e+01 -3.167142e-02 
 3.717524e+01 -2.656529e-02 
 3.717563e+01 -1.928049e-02 
 3.717603e+01 -1.043359e-02 
 3.717643e+01 -8.036019e-04 
 3.717683e+01  8.794148e-03 
 3.717722e+01  1.767422e-02 
 3.717762e+01  2.492310e-02 
 3.717802e+01  2.980088e-02 
 3.717842e+01  3.199686e-02 
 3.717881e+01  3.133568e-02 
 3.717921e+01  2.822207e-02 
 3.717961e+01  2.318926e-02 
 3.718001e+01  1.684160e-02 
 3.718041e+01  9.672661e-03 
 3.718080e+01  2.251485e-03 
 3.718120e+01 -5.156711e-03 
 3.718160e+01 -1.195243e-02 
 3.718200e+01 -1.756081e-02 
 3.718239e+01 -2.173795e-02 
 3.718279e+01 -2.387971e-02 
 3.718319e+01 -2.365244e-02 
 3.718359e+01 -2.066144e-02 
 3.718398e+01 -1.530453e-02 
 3.718438e+01 -8.012988e-03 
 3.718478e+01  3.667226e-04 
 3.718518e+01  8.875489e-03 
 3.718558e+01  1.679272e-02 
 3.718597e+01  2.364004e-02 
 3.718637e+01  2.865119e-02 
 3.718677e+01  3.153182e-02 
 3.718717e+01  3.232073e-02 
 3.718756e+01  3.103239e-02 
 3.718796e+01  2.771372e-02 
 3.718836e+01  2.266969e-02 
 3.718876e+01  1.611473e-02 
 3.718915e+01  8.443743e-03 
 3.718955e+01  4.085409e-04 
 3.718995e+01 -7.581143e-03 
 3.719035e+01 -1.485905e-02 
 3.719075e+01 -2.066298e-02 
 3.719114e+01 -2.460417e-02 
 3.719154e+01 -2.616561e-02 
 3.719194e+01 -2.504041e-02 
 3.719234e+01 -2.130528e-02 
 3.719273e+01 -1.527840e-02 
 3.719313e+01 -7.231621e-03 
 3.719353e+01  2.056444e-03 
 3.719393e+01  1.153432e-02 
 3.719432e+01  2.028573e-02 
 3.719472e+01  2.750846e-02 
 3.719512e+01  3.270808e-02 
 3.719552e+01  3.576999e-02 
 3.719592e+01  3.639217e-02 
 3.719631e+01  3.468126e-02 
 3.719671e+01  3.064751e-02 
 3.719711e+01  2.449734e-02 
 3.719751e+01  1.634838e-02 
 3.719790e+01  6.705698e-03 
 3.719830e+01 -3.679239e-03 
 3.719870e+01 -1.393569e-02 
 3.719910e+01 -2.282471e-02 
 3.719949e+01 -2.925388e-02 
 3.719989e+01 -3.264680e-02 
 3.720029e+01 -3.302765e-02 
 3.720069e+01 -3.043548e-02 
 3.720109e+01 -2.517435e-02 
 3.720148e+01 -1.808334e-02 
 3.720188e+01 -9.468334e-03 
 3.720228e+01 -3.262329e-04 
 3.720268e+01  8.533911e-03 
 3.720307e+01  1.642187e-02 
 3.720347e+01  2.271925e-02 
 3.720387e+01  2.678919e-02 
 3.720427e+01  2.833244e-02 
 3.720466e+01  2.719178e-02 
 3.720506e+01  2.346285e-02 
 3.720546e+01  1.762211e-02 
 3.720586e+01  1.026816e-02 
 3.720626e+01  2.058413e-03 
 3.720665e+01 -6.356537e-03 
 3.720705e+01 -1.395450e-02 
 3.720745e+01 -1.992614e-02 
 3.720785e+01 -2.382237e-02 
 3.720824e+01 -2.491144e-02 
 3.720864e+01 -2.360050e-02 
 3.720904e+01 -1.990923e-02 
 3.720944e+01 -1.425968e-02 
 3.720983e+01 -7.484372e-03 
 3.721023e+01 -2.153649e-04 
 3.721063e+01  7.006395e-03 
 3.721103e+01  1.371970e-02 
 3.721143e+01  1.959571e-02 
 3.721182e+01  2.444352e-02 
 3.721222e+01  2.797786e-02 
 3.721262e+01  2.986990e-02 
 3.721302e+01  3.014009e-02 
 3.721341e+01  2.855600e-02 
 3.721381e+01  2.523303e-02 
 3.721421e+01  2.055360e-02 
 3.721461e+01  1.485589e-02 
 3.721500e+01  8.766086e-03 
 3.721540e+01  3.016002e-03 
 3.721580e+01 -1.883710e-03 
 3.721620e+01 -5.576376e-03 
 3.721660e+01 -7.923839e-03 
 3.721699e+01 -8.754297e-03 
 3.721739e+01 -8.200121e-03 
 3.721779e+01 -6.635114e-03 
 3.721819e+01 -4.221501e-03 
 3.721858e+01 -1.200590e-03 
 3.721898e+01  2.367654e-03 
 3.721938e+01  6.177249e-03 
 3.721978e+01  9.985598e-03 
 3.722017e+01  1.333481e-02 
 3.722057e+01  1.613496e-02 
 3.722097e+01  1.802267e-02 
 3.722137e+01  1.905495e-02 
 3.722177e+01  1.905919e-02 
 3.722216e+01  1.810912e-02 
 3.722256e+01  1.601983e-02 
 3.722296e+01  1.295441e-02 
 3.722336e+01  9.120468e-03 
 3.722375e+01  4.480499e-03 
 3.722415e+01 -7.457581e-04 
 3.722455e+01 -6.228764e-03 
 3.722495e+01 -1.160899e-02 
 3.722534e+01 -1.617476e-02 
 3.722574e+01 -1.960455e-02 
 3.722614e+01 -2.157826e-02 
 3.722654e+01 -2.202636e-02 
 3.722694e+01 -2.070583e-02 
 3.722733e+01 -1.752668e-02 
 3.722773e+01 -1.282613e-02 
 3.722813e+01 -6.700454e-03 
 3.722853e+01  3.092850e-04 
 3.722892e+01  7.637595e-03 
 3.722932e+01  1.468786e-02 
 3.722972e+01  2.076038e-02 
 3.723012e+01  2.502044e-02 
 3.723051e+01  2.726039e-02 
 3.723091e+01  2.734391e-02 
 3.723131e+01  2.544268e-02 
 3.723171e+01  2.177381e-02 
 3.723211e+01  1.637526e-02 
 3.723250e+01  9.542080e-03 
 3.723290e+01  1.758579e-03 
 3.723330e+01 -6.207402e-03 
 3.723370e+01 -1.355189e-02 
 3.723409e+01 -1.939833e-02 
 3.723449e+01 -2.277038e-02 
 3.723489e+01 -2.306805e-02 
 3.723529e+01 -1.993745e-02 
 3.723568e+01 -1.358208e-02 
 3.723608e+01 -4.689913e-03 
 3.723648e+01  6.055571e-03 
 3.723688e+01  1.759366e-02 
 3.723728e+01  2.901943e-02 
 3.723767e+01  3.935082e-02 
 3.723807e+01  4.766862e-02 
 3.723847e+01  5.327385e-02 
 3.723887e+01  5.573529e-02 
 3.723926e+01  5.491361e-02 
 3.723966e+01  5.096267e-02 
 3.724006e+01  4.409160e-02 
 3.724046e+01  3.493235e-02 
 3.724085e+01  2.442396e-02 
 3.724125e+01  1.338836e-02 
 3.724165e+01  2.621320e-03 
 3.724205e+01 -6.960381e-03 
 3.724245e+01 -1.474116e-02 
 3.724284e+01 -2.003228e-02 
 3.724324e+01 -2.242379e-02 
 3.724364e+01 -2.160404e-02 
 3.724404e+01 -1.778489e-02 
 3.724443e+01 -1.131437e-02 
 3.724483e+01 -2.668801e-03 
 3.724523e+01  7.335129e-03 
 3.724563e+01  1.763316e-02 
 3.724602e+01  2.738381e-02 
 3.724642e+01  3.544409e-02 
 3.724682e+01  4.143150e-02 
 3.724722e+01  4.498230e-02 
 3.724762e+01  4.586724e-02 
 3.724801e+01  4.411562e-02 
 3.724841e+01  3.967557e-02 
 3.724881e+01  3.303739e-02 
 3.724921e+01  2.474129e-02 
 3.724960e+01  1.546677e-02 
 3.725000e+01  5.984726e-03 
 3.725040e+01 -2.996281e-03 
 3.725080e+01 -1.072349e-02 
 3.725119e+01 -1.664165e-02 
 3.725159e+01 -2.030029e-02 
 3.725199e+01 -2.165391e-02 
 3.725239e+01 -2.054848e-02 
 3.725279e+01 -1.728286e-02 
 3.725318e+01 -1.183358e-02 
 3.725358e+01 -4.602466e-03 
 3.725398e+01  3.825256e-03 
 3.725438e+01  1.302482e-02 
 3.725477e+01  2.216876e-02 
 3.725517e+01  3.072255e-02 
 3.725557e+01  3.794631e-02 
 3.725597e+01  4.323656e-02 
 3.725637e+01  4.626924e-02 
 3.725676e+01  4.666601e-02 
 3.725716e+01  4.465664e-02 
 3.725756e+01  4.017378e-02 
 3.725796e+01  3.349697e-02 
 3.725835e+01  2.505268e-02 
 3.725875e+01  1.552593e-02 
 3.725915e+01  5.494835e-03 
 3.725955e+01 -4.045733e-03 
 3.725994e+01 -1.252490e-02 
 3.726034e+01 -1.910061e-02 
 3.726074e+01 -2.315693e-02 
 3.726114e+01 -2.433714e-02 
 3.726154e+01 -2.260236e-02 
 3.726193e+01 -1.826936e-02 
 3.726233e+01 -1.175068e-02 
 3.726273e+01 -3.796668e-03 
 3.726313e+01  5.060672e-03 
 3.726352e+01  1.398361e-02 
 3.726392e+01  2.202545e-02 
 3.726432e+01  2.865828e-02 
 3.726472e+01  3.328775e-02 
 3.726511e+01  3.555893e-02 
 3.726551e+01  3.533542e-02 
 3.726591e+01  3.257194e-02 
 3.726631e+01  2.741864e-02 
 3.726671e+01  2.050708e-02 
 3.726710e+01  1.253106e-02 
 3.726750e+01  4.169049e-03 
 3.726790e+01 -3.891624e-03 
 3.726830e+01 -1.091101e-02 
 3.726869e+01 -1.617014e-02 
 3.726909e+01 -1.919449e-02 
 3.726949e+01 -1.961920e-02 
 3.726989e+01 -1.754711e-02 
 3.727028e+01 -1.343301e-02 
 3.727068e+01 -7.561876e-03 
 3.727108e+01 -6.398267e-04 
 3.727148e+01  6.660803e-03 
 3.727188e+01  1.351259e-02 
 3.727227e+01  1.933905e-02 
 3.727267e+01  2.383442e-02 
 3.727307e+01  2.699989e-02 
 3.727347e+01  2.861238e-02 
 3.727386e+01  2.849391e-02 
 3.727426e+01  2.658802e-02 
 3.727466e+01  2.301684e-02 
 3.727506e+01  1.818797e-02 
 3.727545e+01  1.236041e-02 
 3.727585e+01  6.014832e-03 
 3.727625e+01 -2.958138e-04 
 3.727665e+01 -6.049472e-03 
 3.727705e+01 -1.060637e-02 
 3.727744e+01 -1.383661e-02 
 3.727784e+01 -1.573764e-02 
 3.727824e+01 -1.632836e-02 
 3.727864e+01 -1.561458e-02 
 3.727903e+01 -1.375993e-02 
 3.727943e+01 -1.080068e-02 
 3.727983e+01 -7.035067e-03 
 3.728023e+01 -2.866794e-03 
 3.728062e+01  1.574461e-03 
 3.728102e+01  6.057507e-03 
 3.728142e+01  1.022088e-02 
 3.728182e+01  1.363637e-02 
 3.728222e+01  1.611178e-02 
 3.728261e+01  1.730586e-02 
 3.728301e+01  1.719413e-02 
 3.728341e+01  1.564635e-02 
 3.728381e+01  1.262444e-02 
 3.728420e+01  8.284716e-03 
 3.728460e+01  3.066371e-03 
 3.728500e+01 -2.589494e-03 
 3.728540e+01 -8.057020e-03 
 3.728579e+01 -1.298219e-02 
 3.728619e+01 -1.701134e-02 
 3.728659e+01 -1.974320e-02 
 3.728699e+01 -2.093793e-02 
 3.728739e+01 -2.049309e-02 
 3.728778e+01 -1.831918e-02 
 3.728818e+01 -1.467056e-02 
 3.728858e+01 -9.477615e-03 
 3.728898e+01 -3.030264e-03 
 3.728937e+01  4.246252e-03 
 3.728977e+01  1.177512e-02 
 3.729017e+01  1.869693e-02 
 3.729057e+01  2.442701e-02 
 3.729096e+01  2.836646e-02 
 3.729136e+01  3.001001e-02 
 3.729176e+01  2.908007e-02 
 3.729216e+01  2.557288e-02 
 3.729256e+01  1.963132e-02 
 3.729295e+01  1.181958e-02 
 3.729335e+01  2.907989e-03 
 3.729375e+01 -6.691291e-03 
 3.729415e+01 -1.620044e-02 
 3.729454e+01 -2.474924e-02 
 3.729494e+01 -3.148513e-02 
 3.729534e+01 -3.569650e-02 
 3.729574e+01 -3.703755e-02 
 3.729613e+01 -3.524316e-02 
 3.729653e+01 -3.044032e-02 
 3.729693e+01 -2.289847e-02 
 3.729733e+01 -1.315098e-02 
 3.729773e+01 -2.193506e-03 
 3.729812e+01  8.939391e-03 
 3.729852e+01  1.932109e-02 
 3.729892e+01  2.803208e-02 
 3.729932e+01  3.452825e-02 
 3.729971e+01  3.826568e-02 
 3.730011e+01  3.902240e-02 
 3.730051e+01  3.680513e-02 
 3.730091e+01  3.199575e-02 
 3.730130e+01  2.496084e-02 
 3.730170e+01  1.645498e-02 
 3.730210e+01  7.375993e-03 
 3.730250e+01 -1.715207e-03 
 3.730290e+01 -9.698755e-03 
 3.730329e+01 -1.602550e-02 
 3.730369e+01 -2.004279e-02 
 3.730409e+01 -2.153985e-02 
 3.730449e+01 -2.016323e-02 
 3.730488e+01 -1.617963e-02 
 3.730528e+01 -9.943862e-03 
 3.730568e+01 -2.114545e-03 
 3.730608e+01  6.440910e-03 
 3.730647e+01  1.492677e-02 
 3.730687e+01  2.251534e-02 
 3.730727e+01  2.855221e-02 
 3.730767e+01  3.264777e-02 
 3.730807e+01  3.438480e-02 
 3.730846e+01  3.392869e-02 
 3.730886e+01  3.141206e-02 
 3.730926e+01  2.695217e-02 
 3.730966e+01  2.087431e-02 
 3.731005e+01  1.355299e-02 
 3.731045e+01  5.443451e-03 
 3.731085e+01 -2.714356e-03 
 3.731125e+01 -1.028220e-02 
 3.731164e+01 -1.672518e-02 
 3.731204e+01 -2.153846e-02 
 3.731244e+01 -2.425059e-02 
 3.731284e+01 -2.471927e-02 
 3.731324e+01 -2.309698e-02 
 3.731363e+01 -1.969127e-02 
 3.731403e+01 -1.487086e-02 
 3.731443e+01 -8.990163e-03 
 3.731483e+01 -2.380598e-03 
 3.731522e+01  4.429333e-03 
 3.731562e+01  1.101475e-02 
 3.731602e+01  1.667853e-02 
 3.731642e+01  2.092110e-02 
 3.731681e+01  2.361684e-02 
 3.731721e+01  2.446198e-02 
 3.731761e+01  2.337493e-02 
 3.731801e+01  2.053724e-02 
 3.731841e+01  1.629682e-02 
 3.731880e+01  1.113003e-02 
 3.731920e+01  5.365464e-03 
 3.731960e+01 -4.514755e-04 
 3.732000e+01 -5.995250e-03 
 3.732039e+01 -1.069653e-02 
 3.732079e+01 -1.407871e-02 
 3.732119e+01 -1.579048e-02 
 3.732159e+01 -1.579579e-02 
 3.732198e+01 -1.403437e-02 
 3.732238e+01 -1.070057e-02 
 3.732278e+01 -5.799453e-03 
 3.732318e+01  3.440508e-04 
 3.732358e+01  7.389445e-03 
 3.732397e+01  1.501298e-02 
 3.732437e+01  2.287252e-02 
 3.732477e+01  3.027831e-02 
 3.732517e+01  3.670172e-02 
 3.732556e+01  4.131256e-02 
 3.732596e+01  4.354281e-02 
 3.732636e+01  4.320669e-02 
 3.732676e+01  4.046109e-02 
 3.732715e+01  3.539058e-02 
 3.732755e+01  2.856898e-02 
 3.732795e+01  2.076499e-02 
 3.732835e+01  1.276662e-02 
 3.732875e+01  5.371984e-03 
 3.732914e+01 -7.818659e-04 
 3.732954e+01 -5.181065e-03 
 3.732994e+01 -7.520966e-03 
 3.733034e+01 -7.653015e-03 
 3.733073e+01 -5.431424e-03 
 3.733113e+01 -1.279279e-03 
 3.733153e+01  4.342617e-03 
 3.733193e+01  1.076876e-02 
 3.733232e+01  1.765903e-02 
 3.733272e+01  2.445649e-02 
 3.733312e+01  3.053972e-02 
 3.733352e+01  3.534081e-02 
 3.733392e+01  3.826890e-02 
 3.733431e+01  3.897923e-02 
 3.733471e+01  3.739644e-02 
 3.733511e+01  3.347811e-02 
 3.733551e+01  2.761807e-02 
 3.733590e+01  2.013453e-02 
 3.733630e+01  1.177802e-02 
 3.733670e+01  3.179221e-03 
 3.733710e+01 -5.032535e-03 
 3.733749e+01 -1.221557e-02 
 3.733789e+01 -1.797727e-02 
 3.733829e+01 -2.194172e-02 
 3.733869e+01 -2.359234e-02 
 3.733909e+01 -2.274551e-02 
 3.733948e+01 -1.956582e-02 
 3.733988e+01 -1.452496e-02 
 3.734028e+01 -8.044221e-03 
 3.734068e+01 -7.344962e-04 
 3.734107e+01  6.744603e-03 
 3.734147e+01  1.395458e-02 
 3.734187e+01  2.046824e-02 
 3.734227e+01  2.593990e-02 
 3.734266e+01  3.025228e-02 
 3.734306e+01  3.312466e-02 
 3.734346e+01  3.423165e-02 
 3.734386e+01  3.337623e-02 
 3.734426e+01  3.052557e-02 
 3.734465e+01  2.591905e-02 
 3.734505e+01  1.983482e-02 
 3.734545e+01  1.275936e-02 
 3.734585e+01  5.210636e-03 
 3.734624e+01 -2.069974e-03 
 3.734664e+01 -8.517232e-03 
 3.734704e+01 -1.358868e-02 
 3.734744e+01 -1.658019e-02 
 3.734784e+01 -1.727682e-02 
 3.734823e+01 -1.550122e-02 
 3.734863e+01 -1.111120e-02 
 3.734903e+01 -4.555378e-03 
 3.734943e+01  3.610987e-03 
 3.734982e+01  1.266474e-02 
 3.735022e+01  2.205427e-02 
 3.735062e+01  3.082370e-02 
 3.735102e+01  3.842950e-02 
 3.735141e+01  4.438847e-02 
 3.735181e+01  4.808329e-02 
 3.735221e+01  4.927590e-02 
 3.735261e+01  4.779576e-02 
 3.735301e+01  4.363350e-02 
 3.735340e+01  3.691648e-02 
 3.735380e+01  2.807573e-02 
 3.735420e+01  1.769513e-02 
 3.735460e+01  6.713825e-03 
 3.735499e+01 -3.889877e-03 
 3.735539e+01 -1.319559e-02 
 3.735579e+01 -2.041198e-02 
 3.735619e+01 -2.493022e-02 
 3.735658e+01 -2.616402e-02 
 3.735698e+01 -2.416431e-02 
 3.735738e+01 -1.913430e-02 
 3.735778e+01 -1.142911e-02 
 3.735818e+01 -1.824686e-03 
 3.735857e+01  8.897747e-03 
 3.735897e+01  1.981203e-02 
 3.735937e+01  2.968823e-02 
 3.735977e+01  3.763681e-02 
 3.736016e+01  4.281222e-02 
 3.736056e+01  4.488481e-02 
 3.736096e+01  4.363198e-02 
 3.736136e+01  3.924642e-02 
 3.736175e+01  3.175294e-02 
 3.736215e+01  2.204246e-02 
 3.736255e+01  1.100097e-02 
 3.736295e+01 -3.533382e-04 
 3.736335e+01 -1.123322e-02 
 3.736374e+01 -2.074966e-02 
 3.736414e+01 -2.805369e-02 
 3.736454e+01 -3.276144e-02 
 3.736494e+01 -3.443095e-02 
 3.736533e+01 -3.338503e-02 
 3.736573e+01 -2.990094e-02 
 3.736613e+01 -2.422720e-02 
 3.736653e+01 -1.683227e-02 
 3.736692e+01 -8.299940e-03 
 3.736732e+01  4.108068e-04 
 3.736772e+01  8.655638e-03 
 3.736812e+01  1.549388e-02 
 3.736852e+01  2.052040e-02 
 3.736891e+01  2.331513e-02 
 3.736931e+01  2.376213e-02 
 3.736971e+01  2.209898e-02 
 3.737011e+01  1.852669e-02 
 3.737050e+01  1.365748e-02 
 3.737090e+01  7.894704e-03 
 3.737130e+01  1.646455e-03 
 3.737170e+01 -4.638808e-03 
 3.737209e+01 -1.044436e-02 
 3.737249e+01 -1.546831e-02 
 3.737289e+01 -1.934901e-02 
 3.737329e+01 -2.184701e-02 
 3.737369e+01 -2.269803e-02 
 3.737408e+01 -2.180629e-02 
 3.737448e+01 -1.923063e-02 
 3.737488e+01 -1.509184e-02 
 3.737528e+01 -9.645162e-03 
 3.737567e+01 -3.382210e-03 
 3.737607e+01  3.296611e-03 
 3.737647e+01  1.023258e-02 
 3.737687e+01  1.701913e-02 
 3.737726e+01  2.310525e-02 
 3.737766e+01  2.808006e-02 
 3.737806e+01  3.143532e-02 
 3.737846e+01  3.311885e-02 
 3.737886e+01  3.301534e-02 
 3.737925e+01  3.111707e-02 
 3.737965e+01  2.750003e-02 
 3.738005e+01  2.247146e-02 
 3.738045e+01  1.654145e-02 
 3.738084e+01  1.003186e-02 
 3.738124e+01  3.636428e-03 
 3.738164e+01 -2.225867e-03 
 3.738204e+01 -7.120494e-03 
 3.738243e+01 -1.091631e-02 
 3.738283e+01 -1.306751e-02 
 3.738323e+01 -1.339988e-02 
 3.738363e+01 -1.202984e-02 
 3.738403e+01 -9.086163e-03 
 3.738442e+01 -4.727122e-03 
 3.738482e+01  7.652774e-04 
 3.738522e+01  6.612369e-03 
 3.738562e+01  1.232627e-02 
 3.738601e+01  1.716655e-02 
 3.738641e+01  2.053297e-02 
 3.738681e+01  2.210970e-02 
 3.738721e+01  2.160973e-02 
 3.738760e+01  1.897414e-02 
 3.738800e+01  1.426973e-02 
 3.738840e+01  8.078898e-03 
 3.738880e+01  8.370137e-04 
 3.738920e+01 -6.762151e-03 
 3.738959e+01 -1.404776e-02 
 3.738999e+01 -2.034671e-02 
 3.739039e+01 -2.517999e-02 
 3.739079e+01 -2.812469e-02 
 3.739118e+01 -2.884879e-02 
 3.739158e+01 -2.763730e-02 
 3.739198e+01 -2.438701e-02 
 3.739238e+01 -1.967144e-02 
 3.739277e+01 -1.365148e-02 
 3.739317e+01 -6.599153e-03 
 3.739357e+01  8.784788e-04 
 3.739397e+01  8.464600e-03 
 3.739437e+01  1.554282e-02 
 3.739476e+01  2.136812e-02 
 3.739516e+01  2.543640e-02 
 3.739556e+01  2.734429e-02 
 3.739596e+01  2.686464e-02 
 3.739635e+01  2.412997e-02 
 3.739675e+01  1.966626e-02 
 3.739715e+01  1.399060e-02 
 3.739755e+01  7.760305e-03 
 3.739794e+01  1.739644e-03 
 3.739834e+01 -3.576491e-03 
 3.739874e+01 -7.695775e-03 
 3.739914e+01 -1.053490e-02 
 3.739954e+01 -1.212753e-02 
 3.739993e+01 -1.228860e-02 
 3.740033e+01 -1.082042e-02 
 3.740073e+01 -7.708886e-03 
 3.740113e+01 -3.248001e-03 
 3.740152e+01  2.100364e-03 
 3.740192e+01  7.872721e-03 
 3.740232e+01  1.354913e-02 
 3.740272e+01  1.886653e-02 
 3.740311e+01  2.323665e-02 
 3.740351e+01  2.651394e-02 
 3.740391e+01  2.834493e-02 
 3.740431e+01  2.855058e-02 
 3.740471e+01  2.721121e-02 
 3.740510e+01  2.432085e-02 
 3.740550e+01  2.009176e-02 
 3.740590e+01  1.472433e-02 
 3.740630e+01  8.782489e-03 
 3.740669e+01  2.812592e-03 
 3.740709e+01 -2.663363e-03 
 3.740749e+01 -7.356393e-03 
 3.740789e+01 -1.073454e-02 
 3.740828e+01 -1.237218e-02 
 3.740868e+01 -1.201678e-02 
 3.740908e+01 -9.632599e-03 
 3.740948e+01 -5.302568e-03 
 3.740988e+01  6.234188e-04 
 3.741027e+01  7.620369e-03 
 3.741067e+01  1.509432e-02 
 3.741107e+01  2.213960e-02 
 3.741147e+01  2.801822e-02 
 3.741186e+01  3.226636e-02 
 3.741226e+01  3.436465e-02 
 3.741266e+01  3.447952e-02 
 3.741306e+01  3.237183e-02 
 3.741345e+01  2.822381e-02 
 3.741385e+01  2.211623e-02 
 3.741425e+01  1.443656e-02 
 3.741465e+01  5.614665e-03 
 3.741505e+01 -3.894589e-03 
 3.741544e+01 -1.321536e-02 
 3.741584e+01 -2.168386e-02 
 3.741624e+01 -2.841345e-02 
 3.741664e+01 -3.258153e-02 
 3.741703e+01 -3.396547e-02 
 3.741743e+01 -3.244731e-02 
 3.741783e+01 -2.805729e-02 
 3.741823e+01 -2.142286e-02 
 3.741862e+01 -1.316109e-02 
 3.741902e+01 -3.953112e-03 
 3.741942e+01  5.239351e-03 
 3.741982e+01  1.361960e-02 
 3.742022e+01  2.050065e-02 
 3.742061e+01  2.538278e-02 
 3.742101e+01  2.783998e-02 
 3.742141e+01  2.791306e-02 
 3.742181e+01  2.562282e-02 
 3.742220e+01  2.136704e-02 
 3.742260e+01  1.555028e-02 
 3.742300e+01  8.477548e-03 
 3.742340e+01  5.569652e-04 
 3.742379e+01 -7.618579e-03 
 3.742419e+01 -1.520253e-02 
 3.742459e+01 -2.133141e-02 
 3.742499e+01 -2.526623e-02 
 3.742539e+01 -2.642184e-02 
 3.742578e+01 -2.474704e-02 
 3.742618e+01 -2.026283e-02 
 3.742658e+01 -1.343245e-02 
 3.742698e+01 -4.860146e-03 
 3.742737e+01  4.717749e-03 
 3.742777e+01  1.448959e-02 
 3.742817e+01  2.375961e-02 
 3.742857e+01  3.210289e-02 
 3.742896e+01  3.878430e-02 
 3.742936e+01  4.338877e-02 
 3.742976e+01  4.524531e-02 
 3.743016e+01  4.436196e-02 
 3.743056e+01  4.084402e-02 
 3.743095e+01  3.495843e-02 
 3.743135e+01  2.729662e-02 
 3.743175e+01  1.856386e-02 
 3.743215e+01  9.550854e-03 
 3.743254e+01  1.243101e-03 
 3.743294e+01 -5.784225e-03 
 3.743334e+01 -1.115168e-02 
 3.743374e+01 -1.456863e-02 
 3.743413e+01 -1.594468e-02 
 3.743453e+01 -1.514939e-02 
 3.743493e+01 -1.236614e-02 
 3.743533e+01 -7.779608e-03 
 3.743573e+01 -1.867389e-03 
 3.743612e+01  5.204497e-03 
 3.743652e+01  1.283039e-02 
 3.743692e+01  2.057960e-02 
 3.743732e+01  2.783984e-02 
 3.743771e+01  3.399296e-02 
 3.743811e+01  3.833572e-02 
 3.743851e+01  4.041130e-02 
 3.743891e+01  3.995176e-02 
 3.743931e+01  3.683008e-02 
 3.743970e+01  3.146283e-02 
 3.744010e+01  2.435937e-02 
 3.744050e+01  1.613248e-02 
 3.744090e+01  7.516909e-03 
 3.744129e+01 -8.990871e-04 
 3.744169e+01 -8.629868e-03 
 3.744209e+01 -1.523865e-02 
 3.744249e+01 -2.028386e-02 
 3.744288e+01 -2.351126e-02 
 3.744328e+01 -2.483100e-02 
 3.744368e+01 -2.408743e-02 
 3.744408e+01 -2.122646e-02 
 3.744448e+01 -1.653209e-02 
 3.744487e+01 -1.023413e-02 
 3.744527e+01 -2.617170e-03 
 3.744567e+01  5.710500e-03 
 3.744607e+01  1.421741e-02 
 3.744646e+01  2.224996e-02 
 3.744686e+01  2.899006e-02 
 3.744726e+01  3.367361e-02 
 3.744766e+01  3.578367e-02 
 3.744805e+01  3.517719e-02 
 3.744845e+01  3.208001e-02 
 3.744885e+01  2.689323e-02 
 3.744925e+01  2.020776e-02 
 3.744965e+01  1.267178e-02 
 3.745004e+01  4.719294e-03 
 3.745044e+01 -2.926743e-03 
 3.745084e+01 -9.829235e-03 
 3.745124e+01 -1.539439e-02 
 3.745163e+01 -1.911777e-02 
 3.745203e+01 -2.042210e-02 
 3.745243e+01 -1.883761e-02 
 3.745283e+01 -1.449751e-02 
 3.745322e+01 -7.706142e-03 
 3.745362e+01  9.471009e-04 
 3.745402e+01  1.084645e-02 
 3.745442e+01  2.106757e-02 
 3.745482e+01  3.091089e-02 
 3.745521e+01  3.965486e-02 
 3.745561e+01  4.643970e-02 
 3.745601e+01  5.079912e-02 
 3.745641e+01  5.240183e-02 
 3.745680e+01  5.101542e-02 
 3.745720e+01  4.654943e-02 
 3.745760e+01  3.948278e-02 
 3.745800e+01  3.048093e-02 
 3.745839e+01  2.020825e-02 
 3.745879e+01  9.642710e-03 
 3.745919e+01 -6.130230e-04 
 3.745959e+01 -9.603426e-03 
 3.745999e+01 -1.676523e-02 
 3.746038e+01 -2.153996e-02 
 3.746078e+01 -2.360362e-02 
 3.746118e+01 -2.283605e-02 
 3.746158e+01 -1.912387e-02 
 3.746197e+01 -1.309722e-02 
 3.746237e+01 -5.589395e-03 
 3.746277e+01  2.521249e-03 
 3.746317e+01  1.027707e-02 
 3.746356e+01  1.724389e-02 
 3.746396e+01  2.315456e-02 
 3.746436e+01  2.773206e-02 
 3.746476e+01  3.076577e-02 
 3.746516e+01  3.183511e-02 
 3.746555e+01  3.063977e-02 
 3.746595e+01  2.734894e-02 
 3.746635e+01  2.209518e-02 
 3.746675e+01  1.532395e-02 
 3.746714e+01  7.659932e-03 
 3.746754e+01 -5.213502e-05 
 3.746794e+01 -7.031734e-03 
 3.746834e+01 -1.292365e-02 
 3.746873e+01 -1.707472e-02 
 3.746913e+01 -1.954847e-02 
 3.746953e+01 -2.023965e-02 
 3.746993e+01 -1.893382e-02 
 3.747033e+01 -1.565018e-02 
 3.747072e+01 -1.068735e-02 
 3.747112e+01 -4.200878e-03 
 3.747152e+01  3.160800e-03 
 3.747192e+01  1.072584e-02 
 3.747231e+01  1.783289e-02 
 3.747271e+01  2.398740e-02 
 3.747311e+01  2.868305e-02 
 3.747351e+01  3.133067e-02 
 3.747390e+01  3.202108e-02 
 3.747430e+01  3.064621e-02 
 3.747470e+01  2.719373e-02 
 3.747510e+01  2.176211e-02 
 3.747550e+01  1.447350e-02 
 3.747589e+01  5.899048e-03 
 3.747629e+01 -3.185675e-03 
 3.747669e+01 -1.180180e-02 
 3.747709e+01 -1.918309e-02 
 3.747748e+01 -2.457511e-02 
 3.747788e+01 -2.768803e-02 
 3.747828e+01 -2.822082e-02 
 3.747868e+01 -2.625086e-02 
 3.747907e+01 -2.203241e-02 
 3.747947e+01 -1.585315e-02 
 3.747987e+01 -8.287593e-03 
 3.748027e+01  4.368389e-04 
 3.748067e+01  9.315460e-03 
 3.748106e+01  1.761986e-02 
 3.748146e+01  2.468903e-02 
 3.748186e+01  2.966900e-02 
 3.748226e+01  3.234481e-02 
 3.748265e+01  3.248222e-02 
 3.748305e+01  3.023412e-02 
 3.748345e+01  2.589684e-02 
 3.748385e+01  2.017107e-02 
 3.748424e+01  1.342876e-02 
 3.748464e+01  6.344885e-03 
 3.748504e+01 -4.322083e-04 
 3.748544e+01 -6.411099e-03 
 3.748584e+01 -1.106493e-02 
 3.748623e+01 -1.388483e-02 
 3.748663e+01 -1.427970e-02 
 3.748703e+01 -1.251662e-02 
 3.748743e+01 -8.618319e-03 
 3.748782e+01 -3.024561e-03 
 3.748822e+01  3.701118e-03 
 3.748862e+01  1.100347e-02 
 3.748902e+01  1.806309e-02 
 3.748941e+01  2.429302e-02 
 3.748981e+01  2.908790e-02 
 3.749021e+01  3.196129e-02 
 3.749061e+01  3.265353e-02 
 3.749101e+01  3.093619e-02 
 3.749140e+01  2.701669e-02 
 3.749180e+01  2.127262e-02 
 3.749220e+01  1.430697e-02 
 3.749260e+01  6.728547e-03 
 3.749299e+01 -9.844792e-04 
 3.749339e+01 -8.342761e-03 
 3.749379e+01 -1.488712e-02 
 3.749419e+01 -2.036910e-02 
 3.749458e+01 -2.432352e-02 
 3.749498e+01 -2.675632e-02 
 3.749538e+01 -2.746412e-02 
 3.749578e+01 -2.645721e-02 
 3.749618e+01 -2.375603e-02 
 3.749657e+01 -1.963674e-02 
 3.749697e+01 -1.461816e-02 
 3.749737e+01 -9.038103e-03 
 3.749777e+01 -3.287272e-03 
 3.749816e+01  2.185537e-03 
 3.749856e+01  7.067655e-03 
 3.749896e+01  1.083170e-02 
 3.749936e+01  1.314578e-02 
 3.749975e+01  1.371433e-02 
 3.750015e+01  1.289606e-02 
 3.750055e+01  1.069033e-02 
 3.750095e+01  7.381588e-03 
 3.750135e+01  3.134407e-03 
 3.750174e+01 -1.733441e-03 
 3.750214e+01 -6.748768e-03 
 3.750254e+01 -1.143843e-02 
 3.750294e+01 -1.547289e-02 
 3.750333e+01 -1.839874e-02 
 3.750373e+01 -1.982389e-02 
 3.750413e+01 -1.945677e-02 
 3.750453e+01 -1.725299e-02 
 3.750492e+01 -1.334796e-02 
 3.750532e+01 -8.021186e-03 
 3.750572e+01 -1.432936e-03 
 3.750612e+01  5.808807e-03 
 3.750652e+01  1.334745e-02 
 3.750691e+01  2.042746e-02 
 3.750731e+01  2.651178e-02 
 3.750771e+01  3.074759e-02 
 3.750811e+01  3.261496e-02 
 3.750850e+01  3.193699e-02 
 3.750890e+01  2.870909e-02 
 3.750930e+01  2.317566e-02 
 3.750970e+01  1.596175e-02 
 3.751009e+01  7.930224e-03 
 3.751049e+01 -2.836100e-04 
 3.751089e+01 -8.178283e-03 
 3.751129e+01 -1.518118e-02 
 3.751169e+01 -2.102324e-02 
 3.751208e+01 -2.506967e-02 
 3.751248e+01 -2.696416e-02 
 3.751288e+01 -2.647638e-02 
 3.751328e+01 -2.366122e-02 
 3.751367e+01 -1.860289e-02 
 3.751407e+01 -1.187775e-02 
 3.751447e+01 -3.877169e-03 
 3.751487e+01  4.698928e-03 
 3.751526e+01  1.329383e-02 
 3.751566e+01  2.114138e-02 
 3.751606e+01  2.765530e-02 
 3.751646e+01  3.243770e-02 
 3.751686e+01  3.481029e-02 
 3.751725e+01  3.441551e-02 
 3.751765e+01  3.107715e-02 
 3.751805e+01  2.523332e-02 
 3.751845e+01  1.737502e-02 
 3.751884e+01  8.294307e-03 
 3.751924e+01 -1.249429e-03 
 3.751964e+01 -1.040480e-02 
 3.752004e+01 -1.818477e-02 
 3.752043e+01 -2.402719e-02 
 3.752083e+01 -2.733138e-02 
 3.752123e+01 -2.821994e-02 
 3.752163e+01 -2.668200e-02 
 3.752203e+01 -2.273127e-02 
 3.752242e+01 -1.652646e-02 
 3.752282e+01 -8.545835e-03 
 3.752322e+01  3.755694e-04 
 3.752362e+01  9.449837e-03 
 3.752401e+01  1.779716e-02 
 3.752441e+01  2.486238e-02 
 3.752481e+01  3.016893e-02 
 3.752521e+01  3.320146e-02 
 3.752560e+01  3.401121e-02 
 3.752600e+01  3.248262e-02 
 3.752640e+01  2.887647e-02 
 3.752680e+01  2.302010e-02 
 3.752720e+01  1.529745e-02 
 3.752759e+01  6.363192e-03 
 3.752799e+01 -2.977959e-03 
 3.752839e+01 -1.178583e-02 
 3.752879e+01 -1.922816e-02 
 3.752918e+01 -2.446759e-02 
 3.752958e+01 -2.715472e-02 
 3.752998e+01 -2.701104e-02 
 3.753038e+01 -2.410015e-02 
 3.753078e+01 -1.865370e-02 
 3.753117e+01 -1.107156e-02 
 3.753157e+01 -2.029512e-03 
 3.753197e+01  7.942089e-03 
 3.753237e+01  1.806498e-02 
 3.753276e+01  2.759056e-02 
 3.753316e+01  3.560060e-02 
 3.753356e+01  4.162746e-02 
 3.753396e+01  4.525928e-02 
 3.753435e+01  4.644339e-02 
 3.753475e+01  4.516724e-02 
 3.753515e+01  4.149135e-02 
 3.753555e+01  3.574753e-02 
 3.753595e+01  2.829475e-02 
 3.753634e+01  1.978106e-02 
 3.753674e+01  1.083347e-02 
 3.753714e+01  2.282329e-03 
 3.753754e+01 -4.784293e-03 
 3.753793e+01 -9.864041e-03 
 3.753833e+01 -1.224072e-02 
 3.753873e+01 -1.181634e-02 
 3.753913e+01 -8.849443e-03 
 3.753952e+01 -3.875227e-03 
 3.753992e+01  2.850294e-03 
 3.754032e+01  1.074915e-02 
 3.754072e+01  1.906537e-02 
 3.754112e+01  2.734570e-02 
 3.754151e+01  3.490630e-02 
 3.754191e+01  4.120659e-02 
 3.754231e+01  4.573964e-02 
 3.754271e+01  4.807255e-02 
 3.754310e+01  4.779676e-02 
 3.754350e+01  4.503970e-02 
 3.754390e+01  4.015166e-02 
 3.754430e+01  3.362887e-02 
 3.754469e+01  2.588406e-02 
 3.754509e+01  1.746387e-02 
 3.754549e+01  8.798453e-03 
 3.754589e+01  5.717055e-04 
 3.754629e+01 -6.566102e-03 
 3.754668e+01 -1.224545e-02 
 3.754708e+01 -1.596341e-02 
 3.754748e+01 -1.745450e-02 
 3.754788e+01 -1.645454e-02 
 3.754827e+01 -1.314097e-02 
 3.754867e+01 -7.825580e-03 
 3.754907e+01 -1.070187e-03 
 3.754947e+01  6.512130e-03 
 3.754986e+01  1.457136e-02 
 3.755026e+01  2.212515e-02 
 3.755066e+01  2.836558e-02 
 3.755106e+01  3.259445e-02 
 3.755146e+01  3.462298e-02 
 3.755185e+01  3.416299e-02 
 3.755225e+01  3.126009e-02 
 3.755265e+01  2.629771e-02 
 3.755305e+01  1.956599e-02 
 3.755344e+01  1.165292e-02 
 3.755384e+01  3.412081e-03 
 3.755424e+01 -4.617579e-03 
 3.755464e+01 -1.195411e-02 
 3.755503e+01 -1.813579e-02 
 3.755543e+01 -2.267116e-02 
 3.755583e+01 -2.531212e-02 
 3.755623e+01 -2.555502e-02 
 3.755663e+01 -2.340566e-02 
 3.755702e+01 -1.912440e-02 
 3.755742e+01 -1.284317e-02 
 3.755782e+01 -4.809761e-03 
 3.755822e+01  4.285193e-03 
 3.755861e+01  1.372259e-02 
 3.755901e+01  2.272264e-02 
 3.755941e+01  3.044414e-02 
 3.755981e+01  3.643768e-02 
 3.756020e+01  4.025230e-02 
 3.756060e+01  4.168534e-02 
 3.756100e+01  4.068120e-02 
 3.756140e+01  3.740097e-02 
 3.756180e+01  3.239097e-02 
 3.756219e+01  2.605155e-02 
 3.756259e+01  1.891646e-02 
 3.756299e+01  1.113119e-02 
 3.756339e+01  3.376495e-03 
 3.756378e+01 -3.598942e-03 
 3.756418e+01 -9.250477e-03 
 3.756458e+01 -1.319048e-02 
 3.756498e+01 -1.489550e-02 
 3.756537e+01 -1.430956e-02 
 3.756577e+01 -1.121765e-02 
 3.756617e+01 -5.784780e-03 
 3.756657e+01  1.431152e-03 
 3.756697e+01  9.597269e-03 
 3.756736e+01  1.789595e-02 
 3.756776e+01  2.578376e-02 
 3.756816e+01  3.260259e-02 
 3.756856e+01  3.759766e-02 
 3.756895e+01  4.025684e-02 
 3.756935e+01  4.003348e-02 
 3.756975e+01  3.688118e-02 
 3.757015e+01  3.108577e-02 
 3.757054e+01  2.298416e-02 
 3.757094e+01  1.306213e-02 
 3.757134e+01  2.114292e-03 
 3.757174e+01 -8.796798e-03 
 3.757214e+01 -1.886942e-02 
 3.757253e+01 -2.740814e-02 
 3.757293e+01 -3.376888e-02 
 3.757333e+01 -3.757993e-02 
 3.757373e+01 -3.839071e-02 
 3.757412e+01 -3.612335e-02 
 3.757452e+01 -3.115532e-02 
 3.757492e+01 -2.386810e-02 
 3.757532e+01 -1.495693e-02 
 3.757571e+01 -5.113655e-03 
 3.757611e+01  4.966794e-03 
 3.757651e+01  1.436839e-02 
 3.757691e+01  2.220315e-02 
 3.757731e+01  2.788572e-02 
 3.757770e+01  3.095944e-02 
 3.757810e+01  3.114303e-02 
 3.757850e+01  2.844139e-02 
 3.757890e+01  2.295217e-02 
 3.757929e+01  1.516002e-02 
 3.757969e+01  6.041193e-03 
 3.758009e+01 -3.488086e-03 
 3.758049e+01 -1.258319e-02 
 3.758088e+01 -2.056210e-02 
 3.758128e+01 -2.666901e-02 
 3.758168e+01 -3.045185e-02 
 3.758208e+01 -3.184062e-02 
 3.758248e+01 -3.062982e-02 
 3.758287e+01 -2.708113e-02 
 3.758327e+01 -2.145408e-02 
 3.758367e+01 -1.412498e-02 
 3.758407e+01 -5.575121e-03 
 3.758446e+01  3.400019e-03 
 3.758486e+01  1.185150e-02 
 3.758526e+01  1.908211e-02 
 3.758566e+01  2.465916e-02 
 3.758605e+01  2.824208e-02 
 3.758645e+01  2.958305e-02 
 3.758685e+01  2.865563e-02 
 3.758725e+01  2.558320e-02 
 3.758765e+01  2.067762e-02 
 3.758804e+01  1.450798e-02 
 3.758844e+01  7.614587e-03 
 3.758884e+01  5.630951e-04 
 3.758924e+01 -6.082884e-03 
 3.758963e+01 -1.159444e-02 
 3.759003e+01 -1.534707e-02 
 3.759043e+01 -1.724283e-02 
 3.759083e+01 -1.731049e-02 
 3.759122e+01 -1.560339e-02 
 3.759162e+01 -1.228691e-02 
 3.759202e+01 -7.416167e-03 
 3.759242e+01 -1.403243e-03 
 3.759282e+01  5.409048e-03 
 3.759321e+01  1.239448e-02 
 3.759361e+01  1.930458e-02 
 3.759401e+01  2.560559e-02 
 3.759441e+01  3.049805e-02 
 3.759480e+01  3.340460e-02 
 3.759520e+01  3.423698e-02 
 3.759560e+01  3.299327e-02 
 3.759600e+01  2.978371e-02 
 3.759639e+01  2.489858e-02 
 3.759679e+01  1.834884e-02 
 3.759719e+01  1.070394e-02 
 3.759759e+01  2.488696e-03 
 3.759799e+01 -5.754121e-03 
 3.759838e+01 -1.334060e-02 
 3.759878e+01 -1.979808e-02 
 3.759918e+01 -2.451132e-02 
 3.759958e+01 -2.702107e-02 
 3.759997e+01 -2.697504e-02 
 3.760037e+01 -2.454695e-02 
 3.760077e+01 -2.019439e-02 
 3.760117e+01 -1.444908e-02 
 3.760156e+01 -7.963691e-03 
 3.760196e+01 -1.273484e-03 
 3.760236e+01  4.816089e-03 
 3.760276e+01  9.668723e-03 
 3.760316e+01  1.292776e-02 
 3.760355e+01  1.430030e-02 
 3.760395e+01  1.397497e-02 
 3.760435e+01  1.184332e-02 
 3.760475e+01  8.028811e-03 
 3.760514e+01  2.763218e-03 
 3.760554e+01 -3.459593e-03 
 3.760594e+01 -1.000689e-02 
 3.760634e+01 -1.616775e-02 
 3.760673e+01 -2.140972e-02 
 3.760713e+01 -2.545276e-02 
 3.760753e+01 -2.752540e-02 
 3.760793e+01 -2.729727e-02 
 3.760833e+01 -2.484952e-02 
 3.760872e+01 -2.027474e-02 
 3.760912e+01 -1.399431e-02 
 3.760952e+01 -6.405854e-03 
 3.760992e+01  2.043438e-03 
 3.761031e+01  1.076407e-02 
 3.761071e+01  1.889443e-02 
 3.761111e+01  2.585519e-02 
 3.761151e+01  3.126201e-02 
 3.761190e+01  3.492824e-02 
 3.761230e+01  3.672797e-02 
 3.761270e+01  3.653391e-02 
 3.761310e+01  3.427381e-02 
 3.761350e+01  3.038096e-02 
 3.761389e+01  2.526152e-02 
 3.761429e+01  1.926401e-02 
 3.761469e+01  1.276634e-02 
 3.761509e+01  6.406043e-03 
 3.761548e+01  6.223663e-04 
 3.761588e+01 -4.024137e-03 
 3.761628e+01 -7.234947e-03 
 3.761668e+01 -8.864148e-03 
 3.761707e+01 -8.735471e-03 
 3.761747e+01 -6.554170e-03 
 3.761787e+01 -2.402163e-03 
 3.761827e+01  3.218680e-03 
 3.761867e+01  9.723830e-03 
 3.761906e+01  1.653657e-02 
 3.761946e+01  2.296064e-02 
 3.761986e+01  2.865216e-02 
 3.762026e+01  3.289205e-02 
 3.762065e+01  3.524315e-02 
 3.762105e+01  3.543575e-02 
 3.762145e+01  3.343324e-02 
 3.762185e+01  2.945261e-02 
 3.762225e+01  2.372919e-02 
 3.762264e+01  1.666995e-02 
 3.762304e+01  8.680755e-03 
 3.762344e+01  4.537653e-04 
 3.762384e+01 -7.267768e-03 
 3.762423e+01 -1.413468e-02 
 3.762463e+01 -1.974615e-02 
 3.762503e+01 -2.357364e-02 
 3.762543e+01 -2.523183e-02 
 3.762582e+01 -2.446683e-02 
 3.762622e+01 -2.099608e-02 
 3.762662e+01 -1.518898e-02 
 3.762702e+01 -7.316539e-03 
 3.762742e+01  2.090447e-03 
 3.762781e+01  1.228566e-02 
 3.762821e+01  2.242145e-02 
 3.762861e+01  3.164921e-02 
 3.762901e+01  3.883947e-02 
 3.762940e+01  4.336425e-02 
 3.762980e+01  4.484802e-02 
 3.763020e+01  4.313235e-02 
 3.763060e+01  3.817215e-02 
 3.763099e+01  3.060859e-02 
 3.763139e+01  2.132610e-02 
 3.763179e+01  1.109991e-02 
 3.763219e+01  1.052072e-03 
 3.763259e+01 -8.160298e-03 
 3.763298e+01 -1.606670e-02 
 3.763338e+01 -2.204198e-02 
 3.763378e+01 -2.558725e-02 
 3.763418e+01 -2.640336e-02 
 3.763457e+01 -2.407191e-02 
 3.763497e+01 -1.893644e-02 
 3.763537e+01 -1.106681e-02 
 3.763577e+01 -1.241928e-03 
 3.763616e+01  9.819975e-03 
 3.763656e+01  2.103250e-02 
 3.763696e+01  3.133547e-02 
 3.763736e+01  4.002983e-02 
 3.763776e+01  4.630342e-02 
 3.763815e+01  4.973262e-02 
 3.763855e+01  5.005721e-02 
 3.763895e+01  4.743538e-02 
 3.763935e+01  4.205841e-02 
 3.763974e+01  3.457048e-02 
 3.764014e+01  2.538957e-02 
 3.764054e+01  1.521721e-02 
 3.764094e+01  4.785968e-03 
 3.764133e+01 -4.700736e-03 
 3.764173e+01 -1.272124e-02 
 3.764213e+01 -1.853990e-02 
 3.764253e+01 -2.161110e-02 
 3.764293e+01 -2.184526e-02 
 3.764332e+01 -1.936226e-02 
 3.764372e+01 -1.439603e-02 
 3.764412e+01 -7.418744e-03 
 3.764452e+01  8.298786e-04 
 3.764491e+01  9.804801e-03 
 3.764531e+01  1.893617e-02 
 3.764571e+01  2.742321e-02 
 3.764611e+01  3.476385e-02 
 3.764650e+01  4.005309e-02 
 3.764690e+01  4.289681e-02 
 3.764730e+01  4.325220e-02 
 3.764770e+01  4.112421e-02 
 3.764810e+01  3.663793e-02 
 3.764849e+01  3.009092e-02 
 3.764889e+01  2.216792e-02 
 3.764929e+01  1.320622e-02 
 3.764969e+01  4.152509e-03 
 3.765008e+01 -4.300769e-03 
 3.765048e+01 -1.178894e-02 
 3.765088e+01 -1.765346e-02 
 3.765128e+01 -2.130414e-02 
 3.765167e+01 -2.221539e-02 
 3.765207e+01 -2.049902e-02 
 3.765247e+01 -1.668081e-02 
 3.765287e+01 -1.121868e-02 
 3.765327e+01 -4.612083e-03 
 3.765366e+01  2.738456e-03 
 3.765406e+01  1.019538e-02 
 3.765446e+01  1.718864e-02 
 3.765486e+01  2.322587e-02 
 3.765525e+01  2.778707e-02 
 3.765565e+01  3.054563e-02 
 3.765605e+01  3.119813e-02 
 3.765645e+01  2.967164e-02 
 3.765684e+01  2.581785e-02 
 3.765724e+01  1.999842e-02 
 3.765764e+01  1.282977e-02 
 3.765804e+01  4.936747e-03 
 3.765844e+01 -3.256474e-03 
 3.765883e+01 -1.103556e-02 
 3.765923e+01 -1.798794e-02 
 3.765963e+01 -2.352889e-02 
 3.766003e+01 -2.701690e-02 
 3.766042e+01 -2.829370e-02 
 3.766082e+01 -2.737047e-02 
 3.766122e+01 -2.409178e-02 
 3.766162e+01 -1.892026e-02 
 3.766201e+01 -1.237468e-02 
 3.766241e+01 -4.858484e-03 
 3.766281e+01  2.948132e-03 
 3.766321e+01  1.059587e-02 
 3.766361e+01  1.752384e-02 
 3.766400e+01  2.316359e-02 
 3.766440e+01  2.685967e-02 
 3.766480e+01  2.831479e-02 
 3.766520e+01  2.742996e-02 
 3.766559e+01  2.416912e-02 
 3.766599e+01  1.918474e-02 
 3.766639e+01  1.299152e-02 
 3.766679e+01  6.051232e-03 
 3.766718e+01 -9.206418e-04 
 3.766758e+01 -7.195631e-03 
 3.766798e+01 -1.231257e-02 
 3.766838e+01 -1.597632e-02 
 3.766878e+01 -1.788024e-02 
 3.766917e+01 -1.734797e-02 
 3.766957e+01 -1.429645e-02 
 3.766997e+01 -8.945643e-03 
 3.767037e+01 -1.563036e-03 
 3.767076e+01  7.109134e-03 
 3.767116e+01  1.631010e-02 
 3.767156e+01  2.508450e-02 
 3.767196e+01  3.276320e-02 
 3.767235e+01  3.842390e-02 
 3.767275e+01  4.158027e-02 
 3.767315e+01  4.218075e-02 
 3.767355e+01  4.040804e-02 
 3.767395e+01  3.642190e-02 
 3.767434e+01  3.035118e-02 
 3.767474e+01  2.253362e-02 
 3.767514e+01  1.355357e-02 
 3.767554e+01  4.192847e-03 
 3.767593e+01 -4.969064e-03 
 3.767633e+01 -1.313520e-02 
 3.767673e+01 -1.973513e-02 
 3.767713e+01 -2.406780e-02 
 3.767752e+01 -2.584845e-02 
 3.767792e+01 -2.486062e-02 
 3.767832e+01 -2.131549e-02 
 3.767872e+01 -1.572509e-02 
 3.767912e+01 -8.632670e-03 
 3.767951e+01 -6.975151e-04 
 3.767991e+01  7.494509e-03 
 3.768031e+01  1.522029e-02 
 3.768071e+01  2.162868e-02 
 3.768110e+01  2.621040e-02 
 3.768150e+01  2.862472e-02 
 3.768190e+01  2.862572e-02 
 3.768230e+01  2.630835e-02 
 3.768269e+01  2.187755e-02 
 3.768309e+01  1.566185e-02 
 3.768349e+01  8.309883e-03 
 3.768389e+01  4.547616e-04 
 3.768429e+01 -7.444277e-03 
 3.768468e+01 -1.482361e-02 
 3.768508e+01 -2.097908e-02 
 3.768548e+01 -2.564831e-02 
 3.768588e+01 -2.819994e-02 
 3.768627e+01 -2.854668e-02 
 3.768667e+01 -2.646822e-02 
 3.768707e+01 -2.206522e-02 
 3.768747e+01 -1.575555e-02 
 3.768786e+01 -7.883691e-03 
 3.768826e+01  8.862196e-04 
 3.768866e+01  9.753467e-03 
 3.768906e+01  1.796867e-02 
 3.768946e+01  2.507609e-02 
 3.768985e+01  3.043449e-02 
 3.769025e+01  3.362795e-02 
 3.769065e+01  3.435997e-02 
 3.769105e+01  3.265292e-02 
 3.769144e+01  2.868125e-02 
 3.769184e+01  2.261220e-02 
 3.769224e+01  1.472348e-02 
 3.769264e+01  5.725395e-03 
 3.769303e+01 -3.437540e-03 
 3.769343e+01 -1.209105e-02 
 3.769383e+01 -1.939790e-02 
 3.769423e+01 -2.476491e-02 
 3.769463e+01 -2.789949e-02 
 3.769502e+01 -2.865334e-02 
 3.769542e+01 -2.678502e-02 
 3.769582e+01 -2.225700e-02 
 3.769622e+01 -1.560022e-02 
 3.769661e+01 -7.204146e-03 
 3.769701e+01  2.333626e-03 
 3.769741e+01  1.250240e-02 
 3.769781e+01  2.241409e-02 
 3.769820e+01  3.103707e-02 
 3.769860e+01  3.756582e-02 
 3.769900e+01  4.129112e-02 
 3.769940e+01  4.199151e-02 
 3.769980e+01  3.963826e-02 
 3.770019e+01  3.454300e-02 
 3.770059e+01  2.712494e-02 
 3.770099e+01  1.809463e-02 
 3.770139e+01  8.324101e-03 
 3.770178e+01 -1.282996e-03 
 3.770218e+01 -9.900799e-03 
 3.770258e+01 -1.706993e-02 
 3.770298e+01 -2.219893e-02 
 3.770337e+01 -2.490649e-02 
 3.770377e+01 -2.512191e-02 
 3.770417e+01 -2.289415e-02 
 3.770457e+01 -1.864422e-02 
 3.770497e+01 -1.273593e-02 
 3.770536e+01 -5.705344e-03 
 3.770576e+01  2.000335e-03 
 3.770616e+01  9.666405e-03 
 3.770656e+01  1.640838e-02 
 3.770695e+01  2.178350e-02 
 3.770735e+01  2.509158e-02 
 3.770775e+01  2.615199e-02 
 3.770815e+01  2.489198e-02 
 3.770854e+01  2.143130e-02 
 3.770894e+01  1.630334e-02 
 3.770934e+01  1.004722e-02 
 3.770974e+01  2.997784e-03 
 3.771014e+01 -4.313158e-03 
 3.771053e+01 -1.156259e-02 
 3.771093e+01 -1.837698e-02 
 3.771133e+01 -2.413750e-02 
 3.771173e+01 -2.814215e-02 
 3.771212e+01 -3.006019e-02 
 3.771252e+01 -2.990442e-02 
 3.771292e+01 -2.780475e-02 
 3.771332e+01 -2.379793e-02 
 3.771372e+01 -1.844123e-02 
 3.771411e+01 -1.224719e-02 
 3.771451e+01 -5.697605e-03 
 3.771491e+01  1.001505e-03 
 3.771531e+01  7.715700e-03 
 3.771570e+01  1.376816e-02 
 3.771610e+01  1.879277e-02 
 3.771650e+01  2.242142e-02 
 3.771690e+01  2.415352e-02 
 3.771729e+01  2.414290e-02 
 3.771769e+01  2.264181e-02 
 3.771809e+01  1.983242e-02 
 3.771849e+01  1.583328e-02 
 3.771889e+01  1.088129e-02 
 3.771928e+01  5.596113e-03 
 3.771968e+01  4.079179e-04 
 3.772008e+01 -4.251395e-03 
 3.772048e+01 -7.929542e-03 
 3.772087e+01 -9.936047e-03 
 3.772127e+01 -9.791203e-03 
 3.772167e+01 -7.413594e-03 
 3.772207e+01 -2.784613e-03 
 3.772246e+01  3.393724e-03 
 3.772286e+01  1.064708e-02 
 3.772326e+01  1.818555e-02 
 3.772366e+01  2.556327e-02 
 3.772406e+01  3.215810e-02 
 3.772445e+01  3.747711e-02 
 3.772485e+01  4.104154e-02 
 3.772525e+01  4.252546e-02 
 3.772565e+01  4.174221e-02 
 3.772604e+01  3.868280e-02 
 3.772644e+01  3.331644e-02 
 3.772684e+01  2.592634e-02 
 3.772724e+01  1.697101e-02 
 3.772763e+01  7.325548e-03 
 3.772803e+01 -2.186801e-03 
 3.772843e+01 -1.075709e-02 
 3.772883e+01 -1.771436e-02 
 3.772923e+01 -2.230111e-02 
 3.772962e+01 -2.430098e-02 
 3.773002e+01 -2.352524e-02 
 3.773042e+01 -2.011880e-02 
 3.773082e+01 -1.436231e-02 
 3.773121e+01 -6.872741e-03 
 3.773161e+01  1.551318e-03 
 3.773201e+01  1.019017e-02 
 3.773241e+01  1.810973e-02 
 3.773280e+01  2.486346e-02 
 3.773320e+01  2.966477e-02 
 3.773360e+01  3.223901e-02 
 3.773400e+01  3.238996e-02 
 3.773440e+01  2.995969e-02 
 3.773479e+01  2.512977e-02 
 3.773519e+01  1.845695e-02 
 3.773559e+01  1.065147e-02 
 3.773599e+01  2.226467e-03 
 3.773638e+01 -6.190923e-03 
 3.773678e+01 -1.378143e-02 
 3.773718e+01 -1.970293e-02 
 3.773758e+01 -2.360666e-02 
 3.773797e+01 -2.532843e-02 
 3.773837e+01 -2.442034e-02 
 3.773877e+01 -2.103373e-02 
 3.773917e+01 -1.524429e-02 
 3.773957e+01 -7.302093e-03 
 3.773996e+01  2.139724e-03 
 3.774036e+01  1.223679e-02 
 3.774076e+01  2.212158e-02 
 3.774116e+01  3.098635e-02 
 3.774155e+01  3.824162e-02 
 3.774195e+01  4.314903e-02 
 3.774235e+01  4.542075e-02 
 3.774275e+01  4.478826e-02 
 3.774314e+01  4.165393e-02 
 3.774354e+01  3.638986e-02 
 3.774394e+01  2.924735e-02 
 3.774434e+01  2.094174e-02 
 3.774474e+01  1.196775e-02 
 3.774513e+01  2.968032e-03 
 3.774553e+01 -5.144709e-03 
 3.774593e+01 -1.182062e-02 
 3.774633e+01 -1.669523e-02 
 3.774672e+01 -1.925054e-02 
 3.774712e+01 -1.934491e-02 
 3.774752e+01 -1.683199e-02 
 3.774792e+01 -1.180381e-02 
 3.774831e+01 -4.737731e-03 
 3.774871e+01  3.827467e-03 
 3.774911e+01  1.326110e-02 
 3.774951e+01  2.271783e-02 
 3.774991e+01  3.145732e-02 
 3.775030e+01  3.849945e-02 
 3.775070e+01  4.333446e-02 
 3.775110e+01  4.550291e-02 
 3.775150e+01  4.499605e-02 
 3.775189e+01  4.198471e-02 
 3.775229e+01  3.658255e-02 
 3.775269e+01  2.935535e-02 
 3.775309e+01  2.089470e-02 
 3.775348e+01  1.179070e-02 
 3.775388e+01  2.728793e-03 
 3.775428e+01 -5.648026e-03 
 3.775468e+01 -1.250699e-02 
 3.775508e+01 -1.740112e-02 
 3.775547e+01 -1.990805e-02 
 3.775587e+01 -1.976187e-02 
 3.775627e+01 -1.699490e-02 
 3.775667e+01 -1.198982e-02 
 3.775706e+01 -5.066830e-03 
 3.775746e+01  3.419557e-03 
 3.775786e+01  1.255945e-02 
 3.775826e+01  2.150746e-02 
 3.775865e+01  2.944205e-02 
 3.775905e+01  3.576196e-02 
 3.775945e+01  3.974220e-02 
 3.775985e+01  4.107162e-02 
 3.776025e+01  3.969474e-02 
 3.776064e+01  3.605550e-02 
 3.776104e+01  3.040747e-02 
 3.776144e+01  2.309578e-02 
 3.776184e+01  1.471301e-02 
 3.776223e+01  5.674533e-03 
 3.776263e+01 -3.348751e-03 
 3.776303e+01 -1.148160e-02 
 3.776343e+01 -1.781982e-02 
 3.776382e+01 -2.183309e-02 
 3.776422e+01 -2.329950e-02 
 3.776462e+01 -2.211834e-02 
 3.776502e+01 -1.852536e-02 
 3.776542e+01 -1.288348e-02 
 3.776581e+01 -5.754507e-03 
 3.776621e+01  2.269645e-03 
 3.776661e+01  1.072087e-02 
 3.776701e+01  1.898219e-02 
 3.776740e+01  2.637516e-02 
 3.776780e+01  3.240718e-02 
 3.776820e+01  3.640516e-02 
 3.776860e+01  3.792691e-02 
 3.776899e+01  3.684692e-02 
 3.776939e+01  3.326675e-02 
 3.776979e+01  2.756205e-02 
 3.777019e+01  2.018549e-02 
 3.777059e+01  1.184287e-02 
 3.777098e+01  3.123922e-03 
 3.777138e+01 -5.126776e-03 
 3.777178e+01 -1.236899e-02 
 3.777218e+01 -1.799515e-02 
 3.777257e+01 -2.157261e-02 
 3.777297e+01 -2.291722e-02 
 3.777337e+01 -2.187098e-02 
 3.777377e+01 -1.846375e-02 
 3.777416e+01 -1.312020e-02 
 3.777456e+01 -6.291674e-03 
 3.777496e+01  1.421250e-03 
 3.777536e+01  9.603770e-03 
 3.777576e+01  1.748664e-02 
 3.777615e+01  2.465807e-02 
 3.777655e+01  3.053801e-02 
 3.777695e+01  3.480031e-02 
 3.777735e+01  3.688912e-02 
 3.777774e+01  3.662208e-02 
 3.777814e+01  3.428640e-02 
 3.777854e+01  2.981280e-02 
 3.777894e+01  2.365667e-02 
 3.777933e+01  1.635474e-02 
 3.777973e+01  8.578721e-03 
 3.778013e+01  7.176404e-04 
 3.778053e+01 -6.815273e-03 
 3.778093e+01 -1.321823e-02 
 3.778132e+01 -1.817692e-02 
 3.778172e+01 -2.117056e-02 
 3.778212e+01 -2.193207e-02 
 3.778252e+01 -2.032133e-02 
 3.778291e+01 -1.640778e-02 
 3.778331e+01 -1.077891e-02 
 3.778371e+01 -3.840898e-03 
 3.778411e+01  3.789731e-03 
 3.778450e+01  1.138656e-02 
 3.778490e+01  1.833558e-02 
 3.778530e+01  2.423848e-02 
 3.778570e+01  2.846262e-02 
 3.778610e+01  3.055801e-02 
 3.778649e+01  3.017171e-02 
 3.778689e+01  2.728174e-02 
 3.778729e+01  2.206444e-02 
 3.778769e+01  1.494679e-02 
 3.778808e+01  6.257340e-03 
 3.778848e+01 -3.237744e-03 
 3.778888e+01 -1.264899e-02 
 3.778928e+01 -2.140232e-02 
 3.778967e+01 -2.868225e-02 
 3.779007e+01 -3.394445e-02 
 3.779047e+01 -3.663341e-02 
 3.779087e+01 -3.640837e-02 
 3.779127e+01 -3.306986e-02 
 3.779166e+01 -2.670332e-02 
 3.779206e+01 -1.809807e-02 
 3.779246e+01 -8.001970e-03 
 3.779286e+01  2.645718e-03 
 3.779325e+01  1.294346e-02 
 3.779365e+01  2.195508e-02 
 3.779405e+01  2.904861e-02 
 3.779445e+01  3.372601e-02 
 3.779484e+01  3.574046e-02 
 3.779524e+01  3.490113e-02 
 3.779564e+01  3.140687e-02 
 3.779604e+01  2.532159e-02 
 3.779644e+01  1.722057e-02 
 3.779683e+01  7.779864e-03 
 3.779723e+01 -1.975660e-03 
 3.779763e+01 -1.111217e-02 
 3.779803e+01 -1.913434e-02 
 3.779842e+01 -2.518125e-02 
 3.779882e+01 -2.878935e-02 
 3.779922e+01 -2.959304e-02 
 3.779962e+01 -2.762461e-02 
 3.780001e+01 -2.301924e-02 
 3.780041e+01 -1.624073e-02 
 3.780081e+01 -8.201913e-03 
 3.780121e+01  2.019630e-04 
 3.780161e+01  8.231896e-03 
 3.780200e+01  1.513125e-02 
 3.780240e+01  2.023432e-02 
 3.780280e+01  2.351758e-02 
 3.780320e+01  2.479844e-02 
 3.780359e+01  2.405535e-02 
 3.780399e+01  2.126979e-02 
 3.780439e+01  1.648339e-02 
 3.780479e+01  1.021359e-02 
 3.780519e+01  2.893946e-03 
 3.780558e+01 -4.758603e-03 
 3.780598e+01 -1.187468e-02 
 3.780638e+01 -1.787198e-02 
 3.780678e+01 -2.220177e-02 
 3.780717e+01 -2.466654e-02 
 3.780757e+01 -2.522387e-02 
 3.780797e+01 -2.387245e-02 
 3.780837e+01 -2.084946e-02 
 3.780876e+01 -1.620254e-02 
 3.780916e+01 -1.019525e-02 
 3.780956e+01 -3.261456e-03 
 3.780996e+01  3.950237e-03 
 3.781036e+01  1.076415e-02 
 3.781075e+01  1.676422e-02 
 3.781115e+01  2.142638e-02 
 3.781155e+01  2.435724e-02 
 3.781195e+01  2.550363e-02 
 3.781234e+01  2.495528e-02 
 3.781274e+01  2.273840e-02 
 3.781314e+01  1.917363e-02 
 3.781354e+01  1.448095e-02 
 3.781393e+01  8.903999e-03 
 3.781433e+01  2.820294e-03 
 3.781473e+01 -3.274149e-03 
 3.781513e+01 -8.650378e-03 
 3.781553e+01 -1.295906e-02 
 3.781592e+01 -1.588646e-02 
 3.781632e+01 -1.708998e-02 
 3.781672e+01 -1.633045e-02 
 3.781712e+01 -1.362483e-02 
 3.781751e+01 -9.201733e-03 
 3.781791e+01 -3.330964e-03 
 3.781831e+01  3.391014e-03 
 3.781871e+01  1.030628e-02 
 3.781910e+01  1.702166e-02 
 3.781950e+01  2.301185e-02 
 3.781990e+01  2.764447e-02 
 3.782030e+01  3.041346e-02 
 3.782070e+01  3.110701e-02 
 3.782109e+01  2.964906e-02 
 3.782149e+01  2.610229e-02 
 3.782189e+01  2.061649e-02 
 3.782229e+01  1.388274e-02 
 3.782268e+01  6.353160e-03 
 3.782308e+01 -1.165545e-03 
 3.782348e+01 -8.011910e-03 
 3.782388e+01 -1.349802e-02 
 3.782427e+01 -1.732088e-02 
 3.782467e+01 -1.904462e-02 
 3.782507e+01 -1.832086e-02 
 3.782547e+01 -1.501311e-02 
 3.782587e+01 -9.454300e-03 
 3.782626e+01 -2.077570e-03 
 3.782666e+01  6.561319e-03 
 3.782706e+01  1.572782e-02 
 3.782746e+01  2.462514e-02 
 3.782785e+01  3.246543e-02 
 3.782825e+01  3.863743e-02 
 3.782865e+01  4.278465e-02 
 3.782905e+01  4.437954e-02 
 3.782944e+01  4.345981e-02 
 3.782984e+01  3.996544e-02 
 3.783024e+01  3.413972e-02 
 3.783064e+01  2.641284e-02 
 3.783104e+01  1.746274e-02 
 3.783143e+01  8.030560e-03 
 3.783183e+01 -1.246604e-03 
 3.783223e+01 -9.728330e-03 
 3.783263e+01 -1.653102e-02 
 3.783302e+01 -2.097753e-02 
 3.783342e+01 -2.269515e-02 
 3.783382e+01 -2.159637e-02 
 3.783422e+01 -1.775774e-02 
 3.783461e+01 -1.147794e-02 
 3.783501e+01 -3.410582e-03 
 3.783541e+01  5.810095e-03 
 3.783581e+01  1.543474e-02 
 3.783621e+01  2.455352e-02 
 3.783660e+01  3.266677e-02 
 3.783700e+01  3.932875e-02 
 3.783740e+01  4.411816e-02 
 3.783780e+01  4.664138e-02 
 3.783819e+01  4.656264e-02 
 3.783859e+01  4.385399e-02 
 3.783899e+01  3.865702e-02 
 3.783939e+01  3.113013e-02 
 3.783978e+01  2.183079e-02 
 3.784018e+01  1.150908e-02 
 3.784058e+01  9.405989e-04 
 3.784098e+01 -9.008012e-03 
 3.784138e+01 -1.714406e-02 
 3.784177e+01 -2.303092e-02 
 3.784217e+01 -2.631369e-02 
 3.784257e+01 -2.662235e-02 
 3.784297e+01 -2.379189e-02 
 3.784336e+01 -1.818455e-02 
 3.784376e+01 -1.020157e-02 
 3.784416e+01 -3.648148e-04 
 3.784456e+01  1.062928e-02 
 3.784495e+01  2.183345e-02 
 3.784535e+01  3.253010e-02 
 3.784575e+01  4.171761e-02 
 3.784615e+01  4.878067e-02 
 3.784655e+01  5.313330e-02 
 3.784694e+01  5.444607e-02 
 3.784734e+01  5.261884e-02 
 3.784774e+01  4.765127e-02 
 3.784814e+01  3.988843e-02 
 3.784853e+01  3.004934e-02 
 3.784893e+01  1.893785e-02 
 3.784933e+01  7.511180e-03 
 3.784973e+01 -3.564433e-03 
 3.785012e+01 -1.334655e-02 
 3.785052e+01 -2.104711e-02 
 3.785092e+01 -2.598226e-02 
 3.785132e+01 -2.772103e-02 
 3.785172e+01 -2.595186e-02 
 3.785211e+01 -2.106508e-02 
 3.785251e+01 -1.353065e-02 
 3.785291e+01 -3.989958e-03 
 3.785331e+01  6.466637e-03 
 3.785370e+01  1.697112e-02 
 3.785410e+01  2.659831e-02 
 3.785450e+01  3.460005e-02 
 3.785490e+01  4.049923e-02 
 3.785529e+01  4.391905e-02 
 3.785569e+01  4.452370e-02 
 3.785609e+01  4.208317e-02 
 3.785649e+01  3.704216e-02 
 3.785689e+01  2.968440e-02 
 3.785728e+01  2.064629e-02 
 3.785768e+01  1.083011e-02 
 3.785808e+01  8.529685e-04 
 3.785848e+01 -8.582113e-03 
 3.785887e+01 -1.668846e-02 
 3.785927e+01 -2.275571e-02 
 3.785967e+01 -2.672591e-02 
 3.786007e+01 -2.809844e-02 
 3.786046e+01 -2.658589e-02 
 3.786086e+01 -2.228673e-02 
 3.786126e+01 -1.555277e-02 
 3.786166e+01 -7.100799e-03 
 3.786206e+01  2.261488e-03 
 3.786245e+01  1.167575e-02 
 3.786285e+01  2.042335e-02 
 3.786325e+01  2.766766e-02 
 3.786365e+01  3.303918e-02 
 3.786404e+01  3.623022e-02 
 3.786444e+01  3.709795e-02 
 3.786484e+01  3.598441e-02 
 3.786524e+01  3.310939e-02 
 3.786563e+01  2.852138e-02 
 3.786603e+01  2.251552e-02 
 3.786643e+01  1.572021e-02 
 3.786683e+01  8.788926e-03 
 3.786723e+01  2.064914e-03 
 3.786762e+01 -3.723964e-03 
 3.786802e+01 -8.173990e-03 
 3.786842e+01 -1.095044e-02 
 3.786882e+01 -1.154773e-02 
 3.786921e+01 -9.995430e-03 
 3.786961e+01 -6.840878e-03 
 3.787001e+01 -2.423177e-03 
 3.787041e+01  2.868646e-03 
 3.787080e+01  8.556910e-03 
 3.787120e+01  1.419847e-02 
 3.787160e+01  1.947907e-02 
 3.787200e+01  2.382358e-02 
 3.787240e+01  2.695337e-02 
 3.787279e+01  2.873542e-02 
 3.787319e+01  2.887600e-02 
 3.787359e+01  2.715295e-02 
 3.787399e+01  2.381715e-02 
 3.787438e+01  1.887994e-02 
 3.787478e+01  1.262357e-02 
 3.787518e+01  5.832892e-03 
 3.787558e+01 -1.152732e-03 
 3.787597e+01 -7.828483e-03 
 3.787637e+01 -1.365640e-02 
 3.787677e+01 -1.820346e-02 
 3.787717e+01 -2.110970e-02 
 3.787757e+01 -2.218266e-02 
 3.787796e+01 -2.147983e-02 
 3.787836e+01 -1.930798e-02 
 3.787876e+01 -1.586951e-02 
 3.787916e+01 -1.141874e-02 
 3.787955e+01 -6.425760e-03 
 3.787995e+01 -1.208619e-03 
 3.788035e+01  3.968777e-03 
 3.788075e+01  8.385950e-03 
 3.788114e+01  1.191310e-02 
 3.788154e+01  1.410194e-02 
 3.788194e+01  1.449834e-02 
 3.788234e+01  1.304015e-02 
 3.788274e+01  1.021408e-02 
 3.788313e+01  6.183261e-03 
 3.788353e+01  1.419827e-03 
 3.788393e+01 -3.487375e-03 
 3.788433e+01 -8.085449e-03 
 3.788472e+01 -1.208723e-02 
 3.788512e+01 -1.501271e-02 
 3.788552e+01 -1.649366e-02 
 3.788592e+01 -1.660308e-02 
 3.788631e+01 -1.497294e-02 
 3.788671e+01 -1.155279e-02 
 3.788711e+01 -6.747490e-03 
 3.788751e+01 -7.739316e-04 
 3.788791e+01  5.738385e-03 
 3.788830e+01  1.220857e-02 
 3.788870e+01  1.818393e-02 
 3.788910e+01  2.324719e-02 
 3.788950e+01  2.686915e-02 
 3.788989e+01  2.863864e-02 
 3.789029e+01  2.844110e-02 
 3.789069e+01  2.609197e-02 
 3.789109e+01  2.167859e-02 
 3.789148e+01  1.584528e-02 
 3.789188e+01  8.894211e-03 
 3.789228e+01  1.531166e-03 
 3.789268e+01 -5.315136e-03 
 3.789308e+01 -1.122122e-02 
 3.789347e+01 -1.584716e-02 
 3.789387e+01 -1.880126e-02 
 3.789427e+01 -1.993009e-02 
 3.789467e+01 -1.906556e-02 
 3.789506e+01 -1.591181e-02 
 3.789546e+01 -1.076211e-02 
 3.789586e+01 -4.120726e-03 
 3.789626e+01  3.490150e-03 
 3.789665e+01  1.133727e-02 
 3.789705e+01  1.848116e-02 
 3.789745e+01  2.445438e-02 
 3.789785e+01  2.872919e-02 
 3.789825e+01  3.076483e-02 
 3.789864e+01  3.067879e-02 
 3.789904e+01  2.872184e-02 
 3.789944e+01  2.496951e-02 
 3.789984e+01  1.973609e-02 
 3.790023e+01  1.350916e-02 
 3.790063e+01  6.649674e-03 
 3.790103e+01 -2.341818e-04 
 3.790143e+01 -6.706850e-03 
 3.790183e+01 -1.246253e-02 
 3.790222e+01 -1.708628e-02 
 3.790262e+01 -2.018071e-02 
 3.790302e+01 -2.126198e-02 
 3.790342e+01 -2.019071e-02 
 3.790381e+01 -1.691813e-02 
 3.790421e+01 -1.173595e-02 
 3.790461e+01 -5.172592e-03 
 3.790501e+01  2.276631e-03 
 3.790540e+01  9.696421e-03 
 3.790580e+01  1.627150e-02 
 3.790620e+01  2.171788e-02 
 3.790660e+01  2.559980e-02 
 3.790700e+01  2.772015e-02 
 3.790739e+01  2.801782e-02 
 3.790779e+01  2.644000e-02 
 3.790819e+01  2.287213e-02 
 3.790859e+01  1.744607e-02 
 3.790898e+01  1.043275e-02 
 3.790938e+01  2.070268e-03 
 3.790978e+01 -7.083328e-03 
 3.791018e+01 -1.600017e-02 
 3.791057e+01 -2.389086e-02 
 3.791097e+01 -2.996356e-02 
 3.791137e+01 -3.348487e-02 
 3.791177e+01 -3.411941e-02 
 3.791217e+01 -3.172093e-02 
 3.791256e+01 -2.614326e-02 
 3.791296e+01 -1.809987e-02 
 3.791336e+01 -7.976956e-03 
 3.791376e+01  3.261617e-03 
 3.791415e+01  1.456810e-02 
 3.791455e+01  2.534608e-02 
 3.791495e+01  3.475767e-02 
 3.791535e+01  4.199809e-02 
 3.791574e+01  4.648988e-02 
 3.791614e+01  4.784943e-02 
 3.791654e+01  4.621278e-02 
 3.791694e+01  4.161468e-02 
 3.791734e+01  3.446930e-02 
 3.791773e+01  2.510076e-02 
 3.791813e+01  1.422269e-02 
 3.791853e+01  3.049343e-03 
 3.791893e+01 -7.328548e-03 
 3.791932e+01 -1.584891e-02 
 3.791972e+01 -2.179497e-02 
 3.792012e+01 -2.461090e-02 
 3.792052e+01 -2.430424e-02 
 3.792091e+01 -2.087656e-02 
 3.792131e+01 -1.461077e-02 
 3.792171e+01 -6.336439e-03 
 3.792211e+01  3.276084e-03 
 3.792251e+01  1.337944e-02 
 3.792290e+01  2.329294e-02 
 3.792330e+01  3.208030e-02 
 3.792370e+01  3.905143e-02 
 3.792410e+01  4.360133e-02 
 3.792449e+01  4.529815e-02 
 3.792489e+01  4.403787e-02 
 3.792529e+01  4.007283e-02 
 3.792569e+01  3.353428e-02 
 3.792608e+01  2.494212e-02 
 3.792648e+01  1.524696e-02 
 3.792688e+01  5.111039e-03 
 3.792728e+01 -4.590273e-03 
 3.792768e+01 -1.320764e-02 
 3.792807e+01 -2.011502e-02 
 3.792847e+01 -2.499883e-02 
 3.792887e+01 -2.748756e-02 
 3.792927e+01 -2.761795e-02 
 3.792966e+01 -2.545144e-02 
 3.793006e+01 -2.115885e-02 
 3.793046e+01 -1.524042e-02 
 3.793086e+01 -7.972189e-03 
 3.793125e+01  3.013306e-04 
 3.793165e+01  8.797961e-03 
 3.793205e+01  1.692997e-02 
 3.793245e+01  2.403243e-02 
 3.793285e+01  2.929815e-02 
 3.793324e+01  3.232814e-02 
 3.793364e+01  3.277524e-02 
 3.793404e+01  3.089682e-02 
 3.793444e+01  2.703438e-02 
 3.793483e+01  2.187447e-02 
 3.793523e+01  1.586464e-02 
 3.793563e+01  9.307854e-03 
 3.793603e+01  2.528837e-03 
 3.793642e+01 -4.354507e-03 
 3.793682e+01 -1.069302e-02 
 3.793722e+01 -1.624906e-02 
 3.793762e+01 -2.028890e-02 
 3.793802e+01 -2.239753e-02 
 3.793841e+01 -2.220001e-02 
 3.793881e+01 -1.939439e-02 
 3.793921e+01 -1.407614e-02 
 3.793961e+01 -6.613543e-03 
 3.794000e+01  2.366230e-03 
 3.794040e+01  1.246024e-02 
 3.794080e+01  2.280510e-02 
 3.794120e+01  3.243181e-02 
 3.794159e+01  4.061469e-02 
 3.794199e+01  4.647153e-02 
 3.794239e+01  4.964738e-02 
 3.794279e+01  4.988269e-02 
 3.794319e+01  4.734416e-02 
 3.794358e+01  4.218598e-02 
 3.794398e+01  3.499572e-02 
 3.794438e+01  2.636461e-02 
 3.794478e+01  1.685593e-02 
 3.794517e+01  7.197475e-03 
 3.794557e+01 -1.837563e-03 
 3.794597e+01 -9.657246e-03 
 3.794637e+01 -1.540543e-02 
 3.794676e+01 -1.874702e-02 
 3.794716e+01 -1.937811e-02 
 3.794756e+01 -1.724856e-02 
 3.794796e+01 -1.279362e-02 
 3.794836e+01 -6.378307e-03 
 3.794875e+01  1.345829e-03 
 3.794915e+01  9.700592e-03 
 3.794955e+01  1.770059e-02 
 3.794995e+01  2.480873e-02 
 3.795034e+01  3.039967e-02 
 3.795074e+01  3.395717e-02 
 3.795114e+01  3.523760e-02 
 3.795154e+01  3.417838e-02 
 3.795193e+01  3.071867e-02 
 3.795233e+01  2.509776e-02 
 3.795273e+01  1.772226e-02 
 3.795313e+01  9.212467e-03 
 3.795353e+01  2.571842e-04 
 3.795392e+01 -8.506751e-03 
 3.795432e+01 -1.614403e-02 
 3.795472e+01 -2.187711e-02 
 3.795512e+01 -2.540509e-02 
 3.795551e+01 -2.639241e-02 
 3.795591e+01 -2.500550e-02 
 3.795631e+01 -2.147011e-02 
 3.795671e+01 -1.606885e-02 
 3.795710e+01 -9.446463e-03 
 3.795750e+01 -2.094797e-03 
 3.795790e+01  5.570235e-03 
 3.795830e+01  1.320873e-02 
 3.795870e+01  2.016798e-02 
 3.795909e+01  2.628158e-02 
 3.795949e+01  3.092439e-02 
 3.795989e+01  3.359742e-02 
 3.796029e+01  3.432632e-02 
 3.796068e+01  3.297713e-02 
 3.796108e+01  2.991417e-02 
 3.796148e+01  2.520176e-02 
 3.796188e+01  1.938044e-02 
 3.796227e+01  1.305330e-02 
 3.796267e+01  6.982718e-03 
 3.796307e+01  1.800437e-03 
 3.796347e+01 -2.301816e-03 
 3.796387e+01 -4.809371e-03 
 3.796426e+01 -5.612937e-03 
 3.796466e+01 -4.636650e-03 
 3.796506e+01 -2.193931e-03 
 3.796546e+01  1.409707e-03 
 3.796585e+01  5.728833e-03 
 3.796625e+01  1.031399e-02 
 3.796665e+01  1.510104e-02 
 3.796705e+01  1.972214e-02 
 3.796744e+01  2.390429e-02 
 3.796784e+01  2.730378e-02 
 3.796824e+01  2.951072e-02 
 3.796864e+01  3.027208e-02 
 3.796904e+01  2.955643e-02 
 3.796943e+01  2.744773e-02 
 3.796983e+01  2.413170e-02 
 3.797023e+01  1.974972e-02 
 3.797063e+01  1.483088e-02 
 3.797102e+01  9.654179e-03 
 3.797142e+01  4.446830e-03 
 3.797182e+01 -3.764249e-04 
 3.797222e+01 -4.429685e-03 
 3.797261e+01 -7.202849e-03 
 3.797301e+01 -8.338092e-03 
 3.797341e+01 -7.626936e-03 
 3.797381e+01 -5.221400e-03 
 3.797421e+01 -1.389021e-03 
 3.797460e+01  3.464658e-03 
 3.797500e+01  8.858484e-03 
 3.797540e+01  1.449741e-02 
 3.797580e+01  1.967462e-02 
 3.797619e+01  2.363834e-02 
 3.797659e+01  2.620846e-02 
 3.797699e+01  2.692387e-02 
 3.797739e+01  2.568191e-02 
 3.797778e+01  2.242781e-02 
 3.797818e+01  1.749878e-02 
 3.797858e+01  1.112036e-02 
 3.797898e+01  3.948795e-03 
 3.797938e+01 -3.509176e-03 
 3.797977e+01 -1.060457e-02 
 3.798017e+01 -1.661223e-02 
 3.798057e+01 -2.100724e-02 
 3.798097e+01 -2.362022e-02 
 3.798136e+01 -2.410890e-02 
 3.798176e+01 -2.248517e-02 
 3.798216e+01 -1.906146e-02 
 3.798256e+01 -1.390802e-02 
 3.798295e+01 -7.486408e-03 
 3.798335e+01 -3.147062e-04 
 3.798375e+01  6.752742e-03 
 3.798415e+01  1.318965e-02 
 3.798455e+01  1.853479e-02 
 3.798494e+01  2.220670e-02 
 3.798534e+01  2.393019e-02 
 3.798574e+01  2.359147e-02 
 3.798614e+01  2.137273e-02 
 3.798653e+01  1.752027e-02 
 3.798693e+01  1.231895e-02 
 3.798733e+01  6.169765e-03 
 3.798773e+01 -5.103644e-04 
 3.798812e+01 -7.100301e-03 
 3.798852e+01 -1.287329e-02 
 3.798892e+01 -1.710609e-02 
 3.798932e+01 -1.927097e-02 
 3.798972e+01 -1.921304e-02 
 3.799011e+01 -1.675747e-02 
 3.799051e+01 -1.227538e-02 
 3.799091e+01 -6.099581e-03 
 3.799131e+01  1.180155e-03 
 3.799170e+01  9.000863e-03 
 3.799210e+01  1.661280e-02 
 3.799250e+01  2.344080e-02 
 3.799290e+01  2.911542e-02 
 3.799330e+01  3.311592e-02 
 3.799369e+01  3.515195e-02 
 3.799409e+01  3.512471e-02 
 3.799449e+01  3.312825e-02 
 3.799489e+01  2.918200e-02 
 3.799528e+01  2.367268e-02 
 3.799568e+01  1.705921e-02 
 3.799608e+01  9.768950e-03 
 3.799648e+01  2.458442e-03 
 3.799687e+01 -4.406488e-03 
 3.799727e+01 -1.047880e-02 
 3.799767e+01 -1.523194e-02 
 3.799807e+01 -1.853491e-02 
 3.799847e+01 -2.023489e-02 
 3.799886e+01 -2.002564e-02 
 3.799926e+01 -1.799046e-02 
 3.799966e+01 -1.427725e-02 
 3.800006e+01 -9.132899e-03 
 3.800045e+01 -2.911743e-03 
 3.800085e+01  3.967394e-03 
 3.800125e+01  1.072897e-02 
 3.800165e+01  1.691358e-02 
 3.800204e+01  2.197774e-02 
 3.800244e+01  2.553161e-02 
 3.800284e+01  2.727794e-02 
 3.800324e+01  2.677576e-02 
 3.800364e+01  2.422931e-02 
 3.800403e+01  1.976430e-02 
 3.800443e+01  1.381731e-02 
 3.800483e+01  6.673895e-03 
 3.800523e+01 -1.157309e-03 
 3.800562e+01 -9.277480e-03 
 3.800602e+01 -1.711873e-02 
 3.800642e+01 -2.389110e-02 
 3.800682e+01 -2.894205e-02 
 3.800721e+01 -3.197924e-02 
 3.800761e+01 -3.283129e-02 
 3.800801e+01 -3.109542e-02 
 3.800841e+01 -2.691390e-02 
 3.800881e+01 -2.038841e-02 
 3.800920e+01 -1.193871e-02 
 3.800960e+01 -2.310226e-03 
 3.801000e+01  7.643490e-03 
 3.801040e+01  1.702297e-02 
 3.801079e+01  2.496851e-02 
 3.801119e+01  3.062900e-02 
 3.801159e+01  3.355353e-02 
 3.801199e+01  3.353964e-02 
 3.801238e+01  3.094041e-02 
 3.801278e+01  2.600399e-02 
 3.801318e+01  1.934174e-02 
 3.801358e+01  1.135591e-02 
 3.801398e+01  2.565194e-03 
 3.801437e+01 -6.205625e-03 
 3.801477e+01 -1.428870e-02 
 3.801517e+01 -2.055794e-02 
 3.801557e+01 -2.436845e-02 
 3.801596e+01 -2.548814e-02 
 3.801636e+01 -2.384305e-02 
 3.801676e+01 -1.957733e-02 
 3.801716e+01 -1.320333e-02 
 3.801755e+01 -5.200669e-03 
 3.801795e+01  3.900826e-03 
 3.801835e+01  1.331633e-02 
 3.801875e+01  2.236249e-02 
 3.801915e+01  3.045588e-02 
 3.801954e+01  3.672567e-02 
 3.801994e+01  4.076049e-02 
 3.802034e+01  4.214303e-02 
 3.802074e+01  4.080579e-02 
 3.802113e+01  3.696497e-02 
 3.802153e+01  3.073133e-02 
 3.802193e+01  2.261830e-02 
 3.802233e+01  1.319993e-02 
 3.802272e+01  3.206994e-03 
 3.802312e+01 -6.493693e-03 
 3.802352e+01 -1.522625e-02 
 3.802392e+01 -2.203647e-02 
 3.802432e+01 -2.622593e-02 
 3.802471e+01 -2.751390e-02 
 3.802511e+01 -2.602704e-02 
 3.802551e+01 -2.209444e-02 
 3.802591e+01 -1.627190e-02 
 3.802630e+01 -9.089491e-03 
 3.802670e+01 -1.284721e-03 
 3.802710e+01  6.596181e-03 
 3.802750e+01  1.400887e-02 
 3.802789e+01  2.065159e-02 
 3.802829e+01  2.610427e-02 
 3.802869e+01  3.023172e-02 
 3.802909e+01  3.265344e-02 
 3.802949e+01  3.282304e-02 
 3.802988e+01  3.081669e-02 
 3.803028e+01  2.666014e-02 
 3.803068e+01  2.083713e-02 
 3.803108e+01  1.372662e-02 
 3.803147e+01  6.076419e-03 
 3.803187e+01 -1.347481e-03 
 3.803227e+01 -8.153290e-03 
 3.803267e+01 -1.371016e-02 
 3.803306e+01 -1.773917e-02 
 3.803346e+01 -2.001021e-02 
 3.803386e+01 -2.037283e-02 
 3.803426e+01 -1.879873e-02 
 3.803466e+01 -1.525931e-02 
 3.803505e+01 -9.938367e-03 
 3.803545e+01 -3.226530e-03 
 3.803585e+01  4.378674e-03 
 3.803625e+01  1.215062e-02 
 3.803664e+01  1.960424e-02 
 3.803704e+01  2.612948e-02 
 3.803744e+01  3.115888e-02 
 3.803784e+01  3.415023e-02 
 3.803823e+01  3.484181e-02 
 3.803863e+01  3.301186e-02 
 3.803903e+01  2.889031e-02 
 3.803943e+01  2.279473e-02 
 3.803983e+01  1.534012e-02 
 3.804022e+01  7.312624e-03 
 3.804062e+01 -5.994501e-04 
 3.804102e+01 -7.663217e-03 
 3.804142e+01 -1.332916e-02 
 3.804181e+01 -1.733802e-02 
 3.804221e+01 -1.927472e-02 
 3.804261e+01 -1.899611e-02 
 3.804301e+01 -1.625652e-02 
 3.804340e+01 -1.117129e-02 
 3.804380e+01 -4.147742e-03 
 3.804420e+01  4.553750e-03 
 3.804460e+01  1.414181e-02 
 3.804500e+01  2.371642e-02 
 3.804539e+01  3.221604e-02 
 3.804579e+01  3.882147e-02 
 3.804619e+01  4.303635e-02 
 3.804659e+01  4.481520e-02 
 3.804698e+01  4.417669e-02 
 3.804738e+01  4.128254e-02 
 3.804778e+01  3.675786e-02 
 3.804818e+01  3.097006e-02 
 3.804857e+01  2.430096e-02 
 3.804897e+01  1.706965e-02 
 3.804937e+01  9.716901e-03 
 3.804977e+01  2.816666e-03 
 3.805017e+01 -3.014018e-03 
 3.805056e+01 -7.169439e-03 
 3.805096e+01 -9.267124e-03 
 3.805136e+01 -9.366747e-03 
 3.805176e+01 -7.424268e-03 
 3.805215e+01 -3.559129e-03 
 3.805255e+01  1.948251e-03 
 3.805295e+01  8.475232e-03 
 3.805335e+01  1.530233e-02 
 3.805374e+01  2.187193e-02 
 3.805414e+01  2.750239e-02 
 3.805454e+01  3.183215e-02 
 3.805494e+01  3.460655e-02 
 3.805534e+01  3.576862e-02 
 3.805573e+01  3.528688e-02 
 3.805613e+01  3.333474e-02 
 3.805653e+01  3.004670e-02 
 3.805693e+01  2.577545e-02 
 3.805732e+01  2.049854e-02 
 3.805772e+01  1.448158e-02 
 3.805812e+01  8.114573e-03 
 3.805852e+01  1.883479e-03 
 3.805891e+01 -3.384428e-03 
 3.805931e+01 -7.268629e-03 
 3.805971e+01 -9.559529e-03 
 3.806011e+01 -1.007923e-02 
 3.806051e+01 -8.583820e-03 
 3.806090e+01 -5.115127e-03 
 3.806130e+01 -2.357037e-04 
 3.806170e+01  5.584245e-03 
 3.806210e+01  1.181895e-02 
 3.806249e+01  1.800361e-02 
 3.806289e+01  2.382197e-02 
 3.806329e+01  2.910620e-02 
 3.806369e+01  3.340795e-02 
 3.806408e+01  3.618266e-02 
 3.806448e+01  3.726793e-02 
 3.806488e+01  3.638492e-02 
 3.806528e+01  3.342512e-02 
 3.806568e+01  2.841003e-02 
 3.806607e+01  2.179239e-02 
 3.806647e+01  1.411654e-02 
 3.806687e+01  6.170533e-03 
 3.806727e+01 -1.343973e-03 
 3.806766e+01 -7.843032e-03 
 3.806806e+01 -1.269730e-02 
 3.806846e+01 -1.549316e-02 
 3.806886e+01 -1.614662e-02 
 3.806925e+01 -1.456233e-02 
 3.806965e+01 -1.103207e-02 
 3.807005e+01 -5.667242e-03 
 3.807045e+01  9.265221e-04 
 3.807085e+01  8.034502e-03 
 3.807124e+01  1.516133e-02 
 3.807164e+01  2.151621e-02 
 3.807204e+01  2.664489e-02 
 3.807244e+01  2.994506e-02 
 3.807283e+01  3.094022e-02 
 3.807323e+01  2.951396e-02 
 3.807363e+01  2.560862e-02 
 3.807403e+01  1.971963e-02 
 3.807442e+01  1.257552e-02 
 3.807482e+01  4.943058e-03 
 3.807522e+01 -2.623047e-03 
 3.807562e+01 -9.191704e-03 
 3.807602e+01 -1.415120e-02 
 3.807641e+01 -1.722516e-02 
 3.807681e+01 -1.819360e-02 
 3.807721e+01 -1.719171e-02 
 3.807761e+01 -1.459911e-02 
 3.807800e+01 -1.067684e-02 
 3.807840e+01 -5.774875e-03 
 3.807880e+01 -1.363650e-04 
 3.807920e+01  5.917002e-03 
 3.807959e+01  1.204715e-02 
 3.807999e+01  1.772636e-02 
 3.808039e+01  2.236071e-02 
 3.808079e+01  2.548164e-02 
 3.808119e+01  2.670018e-02 
 3.808158e+01  2.568032e-02 
 3.808198e+01  2.250858e-02 
 3.808238e+01  1.775363e-02 
 3.808278e+01  1.200738e-02 
 3.808317e+01  5.892124e-03 
 3.808357e+01 -2.009777e-04 
 3.808397e+01 -5.846660e-03 
 3.808437e+01 -1.064066e-02 
 3.808477e+01 -1.429101e-02 
 3.808516e+01 -1.648393e-02 
 3.808556e+01 -1.712434e-02 
 3.808596e+01 -1.595790e-02 
 3.808636e+01 -1.307845e-02 
 3.808675e+01 -8.593838e-03 
 3.808715e+01 -2.873573e-03 
 3.808755e+01  3.455213e-03 
 3.808795e+01  9.807628e-03 
 3.808834e+01  1.566978e-02 
 3.808874e+01  2.051432e-02 
 3.808914e+01  2.399638e-02 
 3.808954e+01  2.574056e-02 
 3.808994e+01  2.555459e-02 
 3.809033e+01  2.351342e-02 
 3.809073e+01  1.979156e-02 
 3.809113e+01  1.450868e-02 
 3.809153e+01  8.222926e-03 
 3.809192e+01  1.391284e-03 
 3.809232e+01 -5.360128e-03 
 3.809272e+01 -1.175234e-02 
 3.809312e+01 -1.739517e-02 
 3.809351e+01 -2.181407e-02 
 3.809391e+01 -2.485028e-02 
 3.809431e+01 -2.607084e-02 
 3.809471e+01 -2.542134e-02 
 3.809511e+01 -2.291774e-02 
 3.809550e+01 -1.851128e-02 
 3.809590e+01 -1.279739e-02 
 3.809630e+01 -6.184420e-03 
 3.809670e+01  5.424245e-04 
 3.809709e+01  6.575993e-03 
 3.809749e+01  1.134599e-02 
 3.809789e+01  1.464362e-02 
 3.809829e+01  1.640793e-02 
 3.809868e+01  1.656213e-02 
 3.809908e+01  1.518443e-02 
 3.809948e+01  1.241515e-02 
 3.809988e+01  8.196588e-03 
 3.810028e+01  2.834592e-03 
 3.810067e+01 -3.305380e-03 
 3.810107e+01 -9.725556e-03 
 3.810147e+01 -1.576910e-02 
 3.810187e+01 -2.070266e-02 
 3.810226e+01 -2.388528e-02 
 3.810266e+01 -2.488174e-02 
 3.810306e+01 -2.338181e-02 
 3.810346e+01 -1.952248e-02 
 3.810385e+01 -1.373415e-02 
 3.810425e+01 -6.275276e-03 
 3.810465e+01  2.101355e-03 
 3.810505e+01  1.082266e-02 
 3.810545e+01  1.907445e-02 
 3.810584e+01  2.605989e-02 
 3.810624e+01  3.138160e-02 
 3.810664e+01  3.456828e-02 
 3.810704e+01  3.533471e-02 
 3.810743e+01  3.361905e-02 
 3.810783e+01  2.959862e-02 
 3.810823e+01  2.372699e-02 
 3.810863e+01  1.637030e-02 
 3.810902e+01  8.101956e-03 
 3.810942e+01 -5.208923e-04 
 3.810982e+01 -8.946062e-03 
 3.811022e+01 -1.633945e-02 
 3.811062e+01 -2.187441e-02 
 3.811101e+01 -2.507904e-02 
 3.811141e+01 -2.575938e-02 
 3.811181e+01 -2.396953e-02 
 3.811221e+01 -1.986191e-02 
 3.811260e+01 -1.402252e-02 
 3.811300e+01 -6.963979e-03 
 3.811340e+01  6.820749e-04 
 3.811380e+01  8.370333e-03 
 3.811419e+01  1.578289e-02 
 3.811459e+01  2.243396e-02 
 3.811499e+01  2.783673e-02 
 3.811539e+01  3.141946e-02 
 3.811579e+01  3.270053e-02 
 3.811618e+01  3.136404e-02 
 3.811658e+01  2.736977e-02 
 3.811698e+01  2.127572e-02 
 3.811738e+01  1.366729e-02 
 3.811777e+01  5.351634e-03 
 3.811817e+01 -2.897866e-03 
 3.811857e+01 -1.051955e-02 
 3.811897e+01 -1.707644e-02 
 3.811936e+01 -2.212943e-02 
 3.811976e+01 -2.537574e-02 
 3.812016e+01 -2.663049e-02 
 3.812056e+01 -2.559048e-02 
 3.812096e+01 -2.248504e-02 
 3.812135e+01 -1.742399e-02 
 3.812175e+01 -1.073103e-02 
 3.812215e+01 -3.109913e-03 
 3.812255e+01  5.049882e-03 
 3.812294e+01  1.311519e-02 
 3.812334e+01  2.053829e-02 
 3.812374e+01  2.669591e-02 
 3.812414e+01  3.114856e-02 
 3.812453e+01  3.361546e-02 
 3.812493e+01  3.386774e-02 
 3.812533e+01  3.193585e-02 
 3.812573e+01  2.784502e-02 
 3.812613e+01  2.189460e-02 
 3.812652e+01  1.470210e-02 
 3.812692e+01  6.855294e-03 
 3.812732e+01 -1.066698e-03 
 3.812772e+01 -8.641610e-03 
 3.812811e+01 -1.534713e-02 
 3.812851e+01 -2.061163e-02 
 3.812891e+01 -2.410734e-02 
 3.812931e+01 -2.542889e-02 
 3.812970e+01 -2.434988e-02 
 3.813010e+01 -2.062632e-02 
 3.813050e+01 -1.414711e-02 
 3.813090e+01 -5.514209e-03 
 3.813130e+01  4.791761e-03 
 3.813169e+01  1.549018e-02 
 3.813209e+01  2.581560e-02 
 3.813249e+01  3.475248e-02 
 3.813289e+01  4.166310e-02 
 3.813328e+01  4.589081e-02 
 3.813368e+01  4.692789e-02 
 3.813408e+01  4.493400e-02 
 3.813448e+01  4.001643e-02 
 3.813487e+01  3.285190e-02 
 3.813527e+01  2.391124e-02 
 3.813567e+01  1.409963e-02 
 3.813607e+01  4.291148e-03 
 3.813647e+01 -4.766340e-03 
 3.813686e+01 -1.221285e-02 
 3.813726e+01 -1.750308e-02 
 3.813766e+01 -2.001210e-02 
 3.813806e+01 -1.952518e-02 
 3.813845e+01 -1.612573e-02 
 3.813885e+01 -1.020982e-02 
 3.813925e+01 -2.242334e-03 
 3.813965e+01  7.002099e-03 
 3.814004e+01  1.648695e-02 
 3.814044e+01  2.545882e-02 
 3.814084e+01  3.310719e-02 
 3.814124e+01  3.882848e-02 
 3.814164e+01  4.232419e-02 
 3.814203e+01  4.328858e-02 
 3.814243e+01  4.160796e-02 
 3.814283e+01  3.733130e-02 
 3.814323e+01  3.091101e-02 
 3.814362e+01  2.288533e-02 
 3.814402e+01  1.395544e-02 
 3.814442e+01  4.779940e-03 
 3.814482e+01 -3.835560e-03 
 3.814521e+01 -1.122337e-02 
 3.814561e+01 -1.685648e-02 
 3.814601e+01 -2.033888e-02 
 3.814641e+01 -2.159397e-02 
 3.814681e+01 -2.057756e-02 
 3.814720e+01 -1.745968e-02 
 3.814760e+01 -1.253173e-02 
 3.814800e+01 -6.176870e-03 
 3.814840e+01  1.246888e-03 
 3.814879e+01  9.098330e-03 
 3.814919e+01  1.693696e-02 
 3.814959e+01  2.421881e-02 
 3.814999e+01  3.051081e-02 
 3.815038e+01  3.549642e-02 
 3.815078e+01  3.880266e-02 
 3.815118e+01  3.996259e-02 
 3.815158e+01  3.878372e-02 
 3.815198e+01  3.535528e-02 
 3.815237e+01  2.994505e-02 
 3.815277e+01  2.297718e-02 
 3.815317e+01  1.498313e-02 
 3.815357e+01  6.645276e-03 
 3.815396e+01 -1.348821e-03 
 3.815436e+01 -8.203389e-03 
 3.815476e+01 -1.329596e-02 
 3.815516e+01 -1.641050e-02 
 3.815555e+01 -1.718910e-02 
 3.815595e+01 -1.563857e-02 
 3.815635e+01 -1.174746e-02 
 3.815675e+01 -5.836171e-03 
 3.815715e+01  1.562134e-03 
 3.815754e+01  9.587447e-03 
 3.815794e+01  1.773447e-02 
 3.815834e+01  2.531973e-02 
 3.815874e+01  3.181561e-02 
 3.815913e+01  3.671207e-02 
 3.815953e+01  3.984955e-02 
 3.815993e+01  4.088313e-02 
 3.816033e+01  3.965071e-02 
 3.816072e+01  3.602680e-02 
 3.816112e+01  3.010173e-02 
 3.816152e+01  2.228288e-02 
 3.816192e+01  1.317460e-02 
 3.816232e+01  3.553252e-03 
 3.816271e+01 -5.602767e-03 
 3.816311e+01 -1.326021e-02 
 3.816351e+01 -1.866913e-02 
 3.816391e+01 -2.140679e-02 
 3.816430e+01 -2.129143e-02 
 3.816470e+01 -1.850900e-02 
 3.816510e+01 -1.354060e-02 
 3.816550e+01 -6.599125e-03 
 3.816589e+01  1.610367e-03 
 3.816629e+01  1.041310e-02 
 3.816669e+01  1.898480e-02 
 3.816709e+01  2.663183e-02 
 3.816749e+01  3.266302e-02 
 3.816788e+01  3.652297e-02 
 3.816828e+01  3.805079e-02 
 3.816868e+01  3.722439e-02 
 3.816908e+01  3.416411e-02 
 3.816947e+01  2.933326e-02 
 3.816987e+01  2.317883e-02 
 3.817027e+01  1.611409e-02 
 3.817067e+01  8.709447e-03 
 3.817106e+01  1.396621e-03 
 3.817146e+01 -5.218690e-03 
 3.817186e+01 -1.052859e-02 
 3.817226e+01 -1.415471e-02 
 3.817266e+01 -1.570769e-02 
 3.817305e+01 -1.526727e-02 
 3.817345e+01 -1.317297e-02 
 3.817385e+01 -9.608126e-03 
 3.817425e+01 -4.961338e-03 
 3.817464e+01  3.538910e-04 
 3.817504e+01  5.700876e-03 
 3.817544e+01  1.091012e-02 
 3.817584e+01  1.561207e-02 
 3.817624e+01  1.953594e-02 
 3.817663e+01  2.246515e-02 
 3.817703e+01  2.414323e-02 
 3.817743e+01  2.417184e-02 
 3.817783e+01  2.276221e-02 
 3.817822e+01  1.994646e-02 
 3.817862e+01  1.614438e-02 
 3.817902e+01  1.163871e-02 
 3.817942e+01  6.755522e-03 
 3.817981e+01  1.990869e-03 
 3.818021e+01 -2.377141e-03 
 3.818061e+01 -6.059726e-03 
 3.818101e+01 -8.791293e-03 
 3.818141e+01 -1.050502e-02 
 3.818180e+01 -1.076178e-02 
 3.818220e+01 -9.712085e-03 
 3.818260e+01 -7.452620e-03 
 3.818300e+01 -4.269527e-03 
 3.818339e+01 -6.296851e-04 
 3.818379e+01  3.144643e-03 
 3.818419e+01  6.691398e-03 
 3.818459e+01  9.544222e-03 
 3.818498e+01  1.146930e-02 
 3.818538e+01  1.216091e-02 
 3.818578e+01  1.159039e-02 
 3.818618e+01  9.621343e-03 
 3.818658e+01  6.528910e-03 
 3.818697e+01  2.568428e-03 
 3.818737e+01 -1.713342e-03 
 3.818777e+01 -5.921123e-03 
 3.818817e+01 -9.513091e-03 
 3.818856e+01 -1.246317e-02 
 3.818896e+01 -1.447663e-02 
 3.818936e+01 -1.540455e-02 
 3.818976e+01 -1.515962e-02 
 3.819015e+01 -1.354954e-02 
 3.819055e+01 -1.040564e-02 
 3.819095e+01 -5.853820e-03 
 3.819135e+01 -1.920697e-04 
 3.819175e+01  6.281718e-03 
 3.819214e+01  1.293024e-02 
 3.819254e+01  1.902772e-02 
 3.819294e+01  2.407160e-02 
 3.819334e+01  2.761050e-02 
 3.819373e+01  2.941939e-02 
 3.819413e+01  2.943827e-02 
 3.819453e+01  2.785570e-02 
 3.819493e+01  2.466920e-02 
 3.819532e+01  2.015769e-02 
 3.819572e+01  1.463424e-02 
 3.819612e+01  8.682562e-03 
 3.819652e+01  2.746689e-03 
 3.819692e+01 -2.625390e-03 
 3.819731e+01 -7.052364e-03 
 3.819771e+01 -9.914206e-03 
 3.819811e+01 -1.084598e-02 
 3.819851e+01 -9.720665e-03 
 3.819890e+01 -6.447554e-03 
 3.819930e+01 -1.469954e-03 
 3.819970e+01  4.749502e-03 
 3.820010e+01  1.173517e-02 
 3.820049e+01  1.878187e-02 
 3.820089e+01  2.506439e-02 
 3.820129e+01  2.980306e-02 
 3.820169e+01  3.249602e-02 
 3.820209e+01  3.296151e-02 
 3.820248e+01  3.091972e-02 
 3.820288e+01  2.651824e-02 
 3.820328e+01  2.007706e-02 
 3.820368e+01  1.215429e-02 
 3.820407e+01  3.462624e-03 
 3.820447e+01 -5.456469e-03 
 3.820487e+01 -1.403735e-02 
 3.820527e+01 -2.178420e-02 
 3.820566e+01 -2.792267e-02 
 3.820606e+01 -3.202799e-02 
 3.820646e+01 -3.376615e-02 
 3.820686e+01 -3.290352e-02 
 3.820726e+01 -2.939299e-02 
 3.820765e+01 -2.366082e-02 
 3.820805e+01 -1.600069e-02 
 3.820845e+01 -7.238194e-03 
 3.820885e+01  2.064169e-03 
 3.820924e+01  1.109579e-02 
 3.820964e+01  1.931465e-02 
 3.821004e+01  2.611382e-02 
 3.821044e+01  3.092571e-02 
 3.821083e+01  3.361486e-02 
 3.821123e+01  3.397940e-02 
 3.821163e+01  3.204842e-02 
 3.821203e+01  2.798378e-02 
 3.821243e+01  2.207993e-02 
 3.821282e+01  1.457152e-02 
 3.821322e+01  5.877154e-03 
 3.821362e+01 -3.465052e-03 
 3.821402e+01 -1.271278e-02 
 3.821441e+01 -2.106308e-02 
 3.821481e+01 -2.780537e-02 
 3.821521e+01 -3.210074e-02 
 3.821561e+01 -3.353470e-02 
 3.821600e+01 -3.208064e-02 
 3.821640e+01 -2.805903e-02 
 3.821680e+01 -2.181342e-02 
 3.821720e+01 -1.414122e-02 
 3.821760e+01 -5.522099e-03 
 3.821799e+01  3.722779e-03 
 3.821839e+01  1.312504e-02 
 3.821879e+01  2.215226e-02 
 3.821919e+01  2.992407e-02 
 3.821958e+01  3.592895e-02 
 3.821998e+01  3.955674e-02 
 3.822038e+01  4.042638e-02 
 3.822078e+01  3.852989e-02 
 3.822117e+01  3.388825e-02 
 3.822157e+01  2.702889e-02 
 3.822197e+01  1.859276e-02 
 3.822237e+01  9.305236e-03 
 3.822277e+01 -4.253616e-04 
 3.822316e+01 -1.008435e-02 
 3.822356e+01 -1.883099e-02 
 3.822396e+01 -2.578219e-02 
 3.822436e+01 -3.015726e-02 
 3.822475e+01 -3.150139e-02 
 3.822515e+01 -2.974915e-02 
 3.822555e+01 -2.494362e-02 
 3.822595e+01 -1.743144e-02 
 3.822634e+01 -7.894748e-03 
 3.822674e+01  2.868589e-03 
 3.822714e+01  1.392991e-02 
 3.822754e+01  2.452662e-02 
 3.822794e+01  3.383122e-02 
 3.822833e+01  4.102126e-02 
 3.822873e+01  4.525988e-02 
 3.822913e+01  4.620023e-02 
 3.822953e+01  4.368376e-02 
 3.822992e+01  3.810869e-02 
 3.823032e+01  3.005312e-02 
 3.823072e+01  2.021891e-02 
 3.823112e+01  9.222748e-03 
 3.823151e+01 -2.202563e-03 
 3.823191e+01 -1.329540e-02 
 3.823231e+01 -2.328923e-02 
 3.823271e+01 -3.140642e-02 
 3.823311e+01 -3.670446e-02 
 3.823350e+01 -3.854394e-02 
 3.823390e+01 -3.701882e-02 
 3.823430e+01 -3.228811e-02 
 3.823470e+01 -2.491870e-02 
 3.823509e+01 -1.585527e-02 
 3.823549e+01 -6.095610e-03 
 3.823589e+01  3.678861e-03 
 3.823629e+01  1.266564e-02 
 3.823668e+01  2.013436e-02 
 3.823708e+01  2.559947e-02 
 3.823748e+01  2.880667e-02 
 3.823788e+01  2.953974e-02 
 3.823828e+01  2.788937e-02 
 3.823867e+01  2.421727e-02 
 3.823907e+01  1.890759e-02 
 3.823947e+01  1.245422e-02 
 3.823987e+01  5.374641e-03 
 3.824026e+01 -1.659128e-03 
 3.824066e+01 -8.272371e-03 
 3.824106e+01 -1.400180e-02 
 3.824146e+01 -1.832509e-02 
 3.824185e+01 -2.063188e-02 
 3.824225e+01 -2.061996e-02 
 3.824265e+01 -1.793158e-02 
 3.824305e+01 -1.281011e-02 
 3.824345e+01 -5.585587e-03 
 3.824384e+01  3.212971e-03 
 3.824424e+01  1.274412e-02 
 3.824464e+01  2.228990e-02 
 3.824504e+01  3.088121e-02 
 3.824543e+01  3.777078e-02 
 3.824583e+01  4.281440e-02 
 3.824623e+01  4.577581e-02 
 3.824663e+01  4.639946e-02 
 3.824702e+01  4.469053e-02 
 3.824742e+01  4.067305e-02 
 3.824782e+01  3.472558e-02 
 3.824822e+01  2.748236e-02 
 3.824862e+01  1.951448e-02 
 3.824901e+01  1.159660e-02 
 3.824941e+01  4.466539e-03 
 3.824981e+01 -1.242484e-03 
 3.825021e+01 -5.060593e-03 
 3.825060e+01 -6.893280e-03 
 3.825100e+01 -6.635703e-03 
 3.825140e+01 -4.473381e-03 
 3.825180e+01 -6.311273e-04 
 3.825219e+01  4.734266e-03 
 3.825259e+01  1.108726e-02 
 3.825299e+01  1.795503e-02 
 3.825339e+01  2.475374e-02 
 3.825379e+01  3.098375e-02 
 3.825418e+01  3.607816e-02 
 3.825458e+01  3.944456e-02 
 3.825498e+01  4.075868e-02 
 3.825538e+01  3.960729e-02 
 3.825577e+01  3.582546e-02 
 3.825617e+01  2.960332e-02 
 3.825657e+01  2.162251e-02 
 3.825697e+01  1.274857e-02 
 3.825736e+01  3.737748e-03 
 3.825776e+01 -4.691952e-03 
 3.825816e+01 -1.184698e-02 
 3.825856e+01 -1.738805e-02 
 3.825896e+01 -2.109793e-02 
 3.825935e+01 -2.272914e-02 
 3.825975e+01 -2.225924e-02 
 3.826015e+01 -1.956272e-02 
 3.826055e+01 -1.475207e-02 
 3.826094e+01 -8.212060e-03 
 3.826134e+01 -3.613795e-04 
 3.826174e+01  8.001023e-03 
 3.826214e+01  1.616071e-02 
 3.826253e+01  2.334014e-02 
 3.826293e+01  2.875613e-02 
 3.826333e+01  3.191580e-02 
 3.826373e+01  3.271372e-02 
 3.826413e+01  3.102665e-02 
 3.826452e+01  2.718597e-02 
 3.826492e+01  2.144296e-02 
 3.826532e+01  1.444035e-02 
 3.826572e+01  6.923384e-03 
 3.826611e+01 -4.923820e-04 
 3.826651e+01 -7.034269e-03 
 3.826691e+01 -1.223417e-02 
 3.826731e+01 -1.564875e-02 
 3.826771e+01 -1.690108e-02 
 3.826810e+01 -1.577422e-02 
 3.826850e+01 -1.253398e-02 
 3.826890e+01 -7.619874e-03 
 3.826930e+01 -1.375791e-03 
 3.826969e+01  5.898460e-03 
 3.827009e+01  1.381429e-02 
 3.827049e+01  2.183853e-02 
 3.827089e+01  2.937211e-02 
 3.827128e+01  3.575818e-02 
 3.827168e+01  4.071004e-02 
 3.827208e+01  4.391064e-02 
 3.827248e+01  4.503031e-02 
 3.827288e+01  4.428433e-02 
 3.827327e+01  4.175176e-02 
 3.827367e+01  3.765425e-02 
 3.827407e+01  3.243012e-02 
 3.827447e+01  2.616309e-02 
 3.827486e+01  1.927062e-02 
 3.827526e+01  1.196446e-02 
 3.827566e+01  4.991151e-03 
 3.827606e+01 -1.019938e-03 
 3.827645e+01 -5.565476e-03 
 3.827685e+01 -8.030099e-03 
 3.827725e+01 -8.489697e-03 
 3.827765e+01 -6.906751e-03 
 3.827805e+01 -3.863885e-03 
 3.827844e+01  1.515180e-04 
 3.827884e+01  4.674588e-03 
 3.827924e+01  9.157215e-03 
 3.827964e+01  1.316334e-02 
 3.828003e+01  1.641435e-02 
 3.828043e+01  1.886258e-02 
 3.828083e+01  2.027852e-02 
 3.828123e+01  2.056559e-02 
 3.828162e+01  1.972380e-02 
 3.828202e+01  1.763678e-02 
 3.828242e+01  1.436232e-02 
 3.828282e+01  9.930637e-03 
 3.828322e+01  4.515745e-03 
 3.828361e+01 -1.579330e-03 
 3.828401e+01 -7.849164e-03 
 3.828441e+01 -1.344503e-02 
 3.828481e+01 -1.786974e-02 
 3.828520e+01 -2.050227e-02 
 3.828560e+01 -2.095315e-02 
 3.828600e+01 -1.929051e-02 
 3.828640e+01 -1.599966e-02 
 3.828679e+01 -1.161625e-02 
 3.828719e+01 -6.768248e-03 
 3.828759e+01 -1.844347e-03 
 3.828799e+01  2.879143e-03 
 3.828839e+01  7.337401e-03 
 3.828878e+01  1.115931e-02 
 3.828918e+01  1.420233e-02 
 3.828958e+01  1.614919e-02 
 3.828998e+01  1.670844e-02 
 3.829037e+01  1.569117e-02 
 3.829077e+01  1.289260e-02 
 3.829117e+01  8.435990e-03 
 3.829157e+01  2.953834e-03 
 3.829196e+01 -2.746370e-03 
 3.829236e+01 -8.047146e-03 
 3.829276e+01 -1.233463e-02 
 3.829316e+01 -1.511731e-02 
 3.829356e+01 -1.626040e-02 
 3.829395e+01 -1.547875e-02 
 3.829435e+01 -1.295440e-02 
 3.829475e+01 -8.912123e-03 
 3.829515e+01 -3.592520e-03 
 3.829554e+01  2.603486e-03 
 3.829594e+01  9.085576e-03 
 3.829634e+01  1.534600e-02 
 3.829674e+01  2.079187e-02 
 3.829713e+01  2.493749e-02 
 3.829753e+01  2.745608e-02 
 3.829793e+01  2.830414e-02 
 3.829833e+01  2.747416e-02 
 3.829873e+01  2.497844e-02 
 3.829912e+01  2.106354e-02 
 3.829952e+01  1.610633e-02 
 3.829992e+01  1.035332e-02 
 3.830032e+01  4.412128e-03 
 3.830071e+01 -9.553114e-04 
 3.830111e+01 -5.411229e-03 
 3.830151e+01 -8.459795e-03 
 3.830191e+01 -9.843691e-03 
 3.830230e+01 -9.495080e-03 
 3.830270e+01 -7.555382e-03 
 3.830310e+01 -4.348127e-03 
 3.830350e+01 -7.931337e-05 
 3.830390e+01  4.829942e-03 
 3.830429e+01  1.015759e-02 
 3.830469e+01  1.583122e-02 
 3.830509e+01  2.130268e-02 
 3.830549e+01  2.607151e-02 
 3.830588e+01  2.936509e-02 
 3.830628e+01  3.059955e-02 
 3.830668e+01  2.938649e-02 
 3.830708e+01  2.553652e-02 
 3.830747e+01  1.939091e-02 
 3.830787e+01  1.145078e-02 
 3.830827e+01  2.352897e-03 
 3.830867e+01 -7.400520e-03 
 3.830907e+01 -1.704470e-02 
 3.830946e+01 -2.584871e-02 
 3.830986e+01 -3.343858e-02 
 3.831026e+01 -3.922598e-02 
 3.831066e+01 -4.275347e-02 
 3.831105e+01 -4.397204e-02 
 3.831145e+01 -4.246672e-02 
 3.831185e+01 -3.828824e-02 
 3.831225e+01 -3.167985e-02 
 3.831264e+01 -2.309537e-02 
 3.831304e+01 -1.317654e-02 
 3.831344e+01 -2.585356e-03 
 3.831384e+01  7.742631e-03 
 3.831424e+01  1.680704e-02 
 3.831463e+01  2.370472e-02 
 3.831503e+01  2.786142e-02 
 3.831543e+01  2.912558e-02 
 3.831583e+01  2.771044e-02 
 3.831622e+01  2.386707e-02 
 3.831662e+01  1.812975e-02 
 3.831702e+01  1.100439e-02 
 3.831742e+01  2.948150e-03 
 3.831781e+01 -5.625598e-03 
 3.831821e+01 -1.430797e-02 
 3.831861e+01 -2.226292e-02 
 3.831901e+01 -2.874456e-02 
 3.831941e+01 -3.295463e-02 
 3.831980e+01 -3.430781e-02 
 3.832020e+01 -3.262717e-02 
 3.832060e+01 -2.793662e-02 
 3.832100e+01 -2.052337e-02 
 3.832139e+01 -1.091781e-02 
 3.832179e+01  1.068862e-04 
 3.832219e+01  1.171706e-02 
 3.832259e+01  2.311773e-02 
 3.832298e+01  3.352515e-02 
 3.832338e+01  4.202640e-02 
 3.832378e+01  4.793383e-02 
 3.832418e+01  5.095595e-02 
 3.832458e+01  5.081921e-02 
 3.832497e+01  4.757925e-02 
 3.832537e+01  4.157392e-02 
 3.832577e+01  3.335272e-02 
 3.832617e+01  2.346185e-02 
 3.832656e+01  1.260624e-02 
 3.832696e+01  1.890009e-03 
 3.832736e+01 -7.950180e-03 
 3.832776e+01 -1.605192e-02 
 3.832815e+01 -2.164826e-02 
 3.832855e+01 -2.436342e-02 
 3.832895e+01 -2.411275e-02 
 3.832935e+01 -2.101248e-02 
 3.832975e+01 -1.557897e-02 
 3.833014e+01 -8.251485e-03 
 3.833054e+01  5.775704e-05 
 3.833094e+01  8.630978e-03 
 3.833134e+01  1.706119e-02 
 3.833173e+01  2.503332e-02 
 3.833213e+01  3.183674e-02 
 3.833253e+01  3.698073e-02 
 3.833293e+01  3.992644e-02 
 3.833332e+01  4.015856e-02 
 3.833372e+01  3.771404e-02 
 3.833412e+01  3.277285e-02 
 3.833452e+01  2.554287e-02 
 3.833492e+01  1.664545e-02 
 3.833531e+01  6.597361e-03 
 3.833571e+01 -3.558931e-03 
 3.833611e+01 -1.322843e-02 
 3.833651e+01 -2.139311e-02 
 3.833690e+01 -2.747458e-02 
 3.833730e+01 -3.083421e-02 
 3.833770e+01 -3.124676e-02 
 3.833810e+01 -2.889756e-02 
 3.833849e+01 -2.434689e-02 
 3.833889e+01 -1.833487e-02 
 3.833929e+01 -1.117883e-02 
 3.833969e+01 -3.313795e-03 
 3.834009e+01  4.877648e-03 
 3.834048e+01  1.318153e-02 
 3.834088e+01  2.104523e-02 
 3.834128e+01  2.793030e-02 
 3.834168e+01  3.324531e-02 
 3.834207e+01  3.643023e-02 
 3.834247e+01  3.707935e-02 
 3.834287e+01  3.514535e-02 
 3.834327e+01  3.110650e-02 
 3.834366e+01  2.549070e-02 
 3.834406e+01  1.886117e-02 
 3.834446e+01  1.193538e-02 
 3.834486e+01  5.158672e-03 
 3.834526e+01 -8.977190e-04 
 3.834565e+01 -5.767087e-03 
 3.834605e+01 -8.953138e-03 
 3.834645e+01 -9.810365e-03 
 3.834685e+01 -8.370938e-03 
 3.834724e+01 -4.741495e-03 
 3.834764e+01  8.379483e-04 
 3.834804e+01  7.843407e-03 
 3.834844e+01  1.545764e-02 
 3.834883e+01  2.307976e-02 
 3.834923e+01  3.013564e-02 
 3.834963e+01  3.606978e-02 
 3.835003e+01  4.060055e-02 
 3.835043e+01  4.354767e-02 
 3.835082e+01  4.457627e-02 
 3.835122e+01  4.360298e-02 
 3.835162e+01  4.062037e-02 
 3.835202e+01  3.574673e-02 
 3.835241e+01  2.925822e-02 
 3.835281e+01  2.169087e-02 
 3.835321e+01  1.367291e-02 
 3.835361e+01  5.994262e-03 
 3.835400e+01 -6.347041e-04 
 3.835440e+01 -5.682885e-03 
 3.835480e+01 -8.725028e-03 
 3.835520e+01 -9.353015e-03 
 3.835560e+01 -7.509604e-03 
 3.835599e+01 -3.271236e-03 
 3.835639e+01  2.873025e-03 
 3.835679e+01  1.009391e-02 
 3.835719e+01  1.768080e-02 
 3.835758e+01  2.470509e-02 
 3.835798e+01  3.039259e-02 
 3.835838e+01  3.428857e-02 
 3.835878e+01  3.596999e-02 
 3.835918e+01  3.554400e-02 
 3.835957e+01  3.315488e-02 
 3.835997e+01  2.911191e-02 
 3.836037e+01  2.373148e-02 
 3.836077e+01  1.754507e-02 
 3.836116e+01  1.101367e-02 
 3.836156e+01  4.775328e-03 
 3.836196e+01 -7.639081e-04 
 3.836236e+01 -5.439200e-03 
 3.836275e+01 -8.821250e-03 
 3.836315e+01 -1.066781e-02 
 3.836355e+01 -1.095585e-02 
 3.836395e+01 -9.624914e-03 
 3.836435e+01 -6.733695e-03 
 3.836474e+01 -2.455784e-03 
 3.836514e+01  3.055304e-03 
 3.836554e+01  9.376008e-03 
 3.836594e+01  1.574031e-02 
 3.836633e+01  2.156237e-02 
 3.836673e+01  2.631838e-02 
 3.836713e+01  2.947641e-02 
 3.836753e+01  3.086430e-02 
 3.836792e+01  3.062511e-02 
 3.836832e+01  2.894850e-02 
 3.836872e+01  2.610904e-02 
 3.836912e+01  2.226282e-02 
 3.836952e+01  1.763124e-02 
 3.836991e+01  1.257585e-02 
 3.837031e+01  7.248500e-03 
 3.837071e+01  1.996523e-03 
 3.837111e+01 -2.755322e-03 
 3.837150e+01 -6.578121e-03 
 3.837190e+01 -9.146026e-03 
 3.837230e+01 -1.024537e-02 
 3.837270e+01 -9.661275e-03 
 3.837309e+01 -7.588797e-03 
 3.837349e+01 -4.165991e-03 
 3.837389e+01  3.739692e-04 
 3.837429e+01  5.642929e-03 
 3.837469e+01  1.129830e-02 
 3.837508e+01  1.683830e-02 
 3.837548e+01  2.193060e-02 
 3.837588e+01  2.594260e-02 
 3.837628e+01  2.837780e-02 
 3.837667e+01  2.885332e-02 
 3.837707e+01  2.740941e-02 
 3.837747e+01  2.418873e-02 
 3.837787e+01  1.958345e-02 
 3.837826e+01  1.402154e-02 
 3.837866e+01  7.747000e-03 
 3.837906e+01  1.228328e-03 
 3.837946e+01 -4.882536e-03 
 3.837986e+01 -1.028073e-02 
 3.838025e+01 -1.450884e-02 
 3.838065e+01 -1.722406e-02 
 3.838105e+01 -1.814475e-02 
 3.838145e+01 -1.727709e-02 
 3.838184e+01 -1.473619e-02 
 3.838224e+01 -1.086973e-02 
 3.838264e+01 -6.056315e-03 
 3.838304e+01 -5.741905e-04 
 3.838343e+01  5.006221e-03 
 3.838383e+01  1.011634e-02 
 3.838423e+01  1.431010e-02 
 3.838463e+01  1.706740e-02 
 3.838503e+01  1.837318e-02 
 3.838542e+01  1.821402e-02 
 3.838582e+01  1.648311e-02 
 3.838622e+01  1.333455e-02 
 3.838662e+01  8.940130e-03 
 3.838701e+01  3.642660e-03 
 3.838741e+01 -1.968890e-03 
 3.838781e+01 -7.485890e-03 
 3.838821e+01 -1.239217e-02 
 3.838860e+01 -1.591600e-02 
 3.838900e+01 -1.750232e-02 
 3.838940e+01 -1.701735e-02 
 3.838980e+01 -1.453337e-02 
 3.839020e+01 -1.041009e-02 
 3.839059e+01 -5.056243e-03 
 3.839099e+01  9.016533e-04 
 3.839139e+01  6.972114e-03 
 3.839179e+01  1.284180e-02 
 3.839218e+01  1.813424e-02 
 3.839258e+01  2.255023e-02 
 3.839298e+01  2.583484e-02 
 3.839338e+01  2.791859e-02 
 3.839377e+01  2.857999e-02 
 3.839417e+01  2.750602e-02 
 3.839457e+01  2.469428e-02 
 3.839497e+01  2.026375e-02 
 3.839537e+01  1.449306e-02 
 3.839576e+01  8.134738e-03 
 3.839616e+01  1.800883e-03 
 3.839656e+01 -3.873744e-03 
 3.839696e+01 -8.364407e-03 
 3.839735e+01 -1.131395e-02 
 3.839775e+01 -1.243948e-02 
 3.839815e+01 -1.181279e-02 
 3.839855e+01 -9.515250e-03 
 3.839894e+01 -5.766155e-03 
 3.839934e+01 -9.124950e-04 
 3.839974e+01  4.681273e-03 
 3.840014e+01  1.052838e-02 
 3.840054e+01  1.625426e-02 
 3.840093e+01  2.132948e-02 
 3.840133e+01  2.540215e-02 
 3.840173e+01  2.826300e-02 
 3.840213e+01  2.942799e-02 
 3.840252e+01  2.866819e-02 
 3.840292e+01  2.597371e-02 
 3.840332e+01  2.113522e-02 
 3.840372e+01  1.425954e-02 
 3.840411e+01  5.873435e-03 
 3.840451e+01 -3.375145e-03 
 3.840491e+01 -1.242632e-02 
 3.840531e+01 -2.035080e-02 
 3.840571e+01 -2.654243e-02 
 3.840610e+01 -3.031846e-02 
 3.840650e+01 -3.150976e-02 
 3.840690e+01 -2.995247e-02 
 3.840730e+01 -2.581463e-02 
 3.840769e+01 -1.953914e-02 
 3.840809e+01 -1.175539e-02 
 3.840849e+01 -2.999430e-03 
 3.840889e+01  6.193024e-03 
 3.840928e+01  1.515723e-02 
 3.840968e+01  2.322373e-02 
 3.841008e+01  2.960564e-02 
 3.841048e+01  3.371317e-02 
 3.841088e+01  3.527405e-02 
 3.841127e+01  3.422079e-02 
 3.841167e+01  3.046245e-02 
 3.841207e+01  2.429491e-02 
 3.841247e+01  1.626643e-02 
 3.841286e+01  6.898380e-03 
 3.841326e+01 -3.109239e-03 
 3.841366e+01 -1.279213e-02 
 3.841406e+01 -2.130252e-02 
 3.841445e+01 -2.791035e-02 
 3.841485e+01 -3.217762e-02 
 3.841525e+01 -3.370080e-02 
 3.841565e+01 -3.229485e-02 
 3.841605e+01 -2.813436e-02 
 3.841644e+01 -2.132479e-02 
 3.841684e+01 -1.226749e-02 
 3.841724e+01 -1.614788e-03 
 3.841764e+01  9.799367e-03 
 3.841803e+01  2.079092e-02 
 3.841843e+01  3.023455e-02 
 3.841883e+01  3.720728e-02 
 3.841923e+01  4.106948e-02 
 3.841962e+01  4.182841e-02 
 3.842002e+01  3.954936e-02 
 3.842042e+01  3.470946e-02 
 3.842082e+01  2.775689e-02 
 3.842122e+01  1.916656e-02 
 3.842161e+01  9.501199e-03 
 3.842201e+01 -8.400757e-04 
 3.842241e+01 -1.119917e-02 
 3.842281e+01 -2.065585e-02 
 3.842320e+01 -2.846970e-02 
 3.842360e+01 -3.374584e-02 
 3.842400e+01 -3.587617e-02 
 3.842440e+01 -3.485752e-02 
 3.842479e+01 -3.063260e-02 
 3.842519e+01 -2.347804e-02 
 3.842559e+01 -1.416068e-02 
 3.842599e+01 -3.540593e-03 
 3.842639e+01  7.556989e-03 
 3.842678e+01  1.815682e-02 
 3.842718e+01  2.755508e-02 
 3.842758e+01  3.499721e-02 
 3.842798e+01  3.991758e-02 
 3.842837e+01  4.199689e-02 
 3.842877e+01  4.151833e-02 
 3.842917e+01  3.865893e-02 
 3.842957e+01  3.381421e-02 
 3.842996e+01  2.723343e-02 
 3.843036e+01  1.915961e-02 
 3.843076e+01  1.000762e-02 
 3.843116e+01  4.485118e-04 
 3.843156e+01 -8.747488e-03 
 3.843195e+01 -1.701853e-02 
 3.843235e+01 -2.360119e-02 
 3.843275e+01 -2.791170e-02 
 3.843315e+01 -2.950383e-02 
 3.843354e+01 -2.843459e-02 
 3.843394e+01 -2.482423e-02 
 3.843434e+01 -1.907482e-02 
 3.843474e+01 -1.164990e-02 
 3.843513e+01 -3.200452e-03 
 3.843553e+01  5.629994e-03 
 3.843593e+01  1.422382e-02 
 3.843633e+01  2.194949e-02 
 3.843673e+01  2.812005e-02 
 3.843712e+01  3.227781e-02 
 3.843752e+01  3.428717e-02 
 3.843792e+01  3.394616e-02 
 3.843832e+01  3.121881e-02 
 3.843871e+01  2.642053e-02 
 3.843911e+01  1.990914e-02 
 3.843951e+01  1.219297e-02 
 3.843991e+01  3.904752e-03 
 3.844030e+01 -4.121230e-03 
 3.844070e+01 -1.136742e-02 
 3.844110e+01 -1.703371e-02 
 3.844150e+01 -2.058112e-02 
 3.844190e+01 -2.187369e-02 
 3.844229e+01 -2.087820e-02 
 3.844269e+01 -1.765953e-02 
 3.844309e+01 -1.253261e-02 
 3.844349e+01 -5.770830e-03 
 3.844388e+01  2.295326e-03 
 3.844428e+01  1.117976e-02 
 3.844468e+01  2.040773e-02 
 3.844508e+01  2.936500e-02 
 3.844547e+01  3.722327e-02 
 3.844587e+01  4.327659e-02 
 3.844627e+01  4.677552e-02 
 3.844667e+01  4.724248e-02 
