         time Z Displace... 
------------- ------------- 
 3.976956e-05  2.092835e-04 
 4.374652e-04  2.080664e-04 
 8.351608e-04  2.080568e-04 
 1.232856e-03  2.090826e-04 
 1.630552e-03  2.108490e-04 
 2.028248e-03  2.134456e-04 
 2.425943e-03  2.165089e-04 
 2.823639e-03  2.201606e-04 
 3.221335e-03  2.240765e-04 
 3.619030e-03  2.284109e-04 
 4.016726e-03  2.330598e-04 
 4.414421e-03  2.371103e-04 
 4.812117e-03  2.404032e-04 
 5.209813e-03  2.427060e-04 
 5.607508e-03  2.438126e-04 
 6.005204e-03  2.441186e-04 
 6.402900e-03  2.437632e-04 
 6.800595e-03  2.430190e-04 
 7.198291e-03  2.419291e-04 
 7.595986e-03  2.406732e-04 
 7.993682e-03  2.396744e-04 
 8.391378e-03  2.394405e-04 
 8.789073e-03  2.400592e-04 
 9.186769e-03  2.420996e-04 
 9.584465e-03  2.452188e-04 
 9.982160e-03  2.492856e-04 
 1.037986e-02  2.542842e-04 
 1.077755e-02  2.600884e-04 
 1.117525e-02  2.663618e-04 
 1.157294e-02  2.729734e-04 
 1.197064e-02  2.795025e-04 
 1.236833e-02  2.857538e-04 
 1.276603e-02  2.913586e-04 
 1.316373e-02  2.964480e-04 
 1.356142e-02  3.013628e-04 
 1.395912e-02  3.062542e-04 
 1.435681e-02  3.108743e-04 
 1.475451e-02  3.146299e-04 
 1.515220e-02  3.179783e-04 
 1.554990e-02  3.208087e-04 
 1.594759e-02  3.233563e-04 
 1.634529e-02  3.259770e-04 
 1.674299e-02  3.287791e-04 
 1.714068e-02  3.319427e-04 
 1.753838e-02  3.350014e-04 
 1.793607e-02  3.383131e-04 
 1.833377e-02  3.422272e-04 
 1.873146e-02  3.472817e-04 
 1.912916e-02  3.533314e-04 
 1.952686e-02  3.602235e-04 
 1.992455e-02  3.679426e-04 
 2.032225e-02  3.764473e-04 
 2.071994e-02  3.855645e-04 
 2.111764e-02  3.953911e-04 
 2.151533e-02  4.055947e-04 
 2.191303e-02  4.164806e-04 
 2.231072e-02  4.276364e-04 
 2.270842e-02  4.389073e-04 
 2.310612e-02  4.506692e-04 
 2.350381e-02  4.629603e-04 
 2.390151e-02  4.753206e-04 
 2.429920e-02  4.877025e-04 
 2.469690e-02  5.002327e-04 
 2.509459e-02  5.130622e-04 
 2.549229e-02  5.254647e-04 
 2.588999e-02  5.370026e-04 
 2.628768e-02  5.477253e-04 
 2.668538e-02  5.583214e-04 
 2.708307e-02  5.692039e-04 
 2.748077e-02  5.809674e-04 
 2.787846e-02  5.942978e-04 
 2.827616e-02  6.092147e-04 
 2.867385e-02  6.255494e-04 
 2.907155e-02  6.427709e-04 
 2.946925e-02  6.605183e-04 
 2.986694e-02  6.783176e-04 
 3.026464e-02  6.955506e-04 
 3.066233e-02  7.120559e-04 
 3.106003e-02  7.275010e-04 
 3.145772e-02  7.425034e-04 
 3.185542e-02  7.574428e-04 
 3.225312e-02  7.726437e-04 
 3.265081e-02  7.883597e-04 
 3.304851e-02  8.035838e-04 
 3.344620e-02  8.179912e-04 
 3.384390e-02  8.312970e-04 
 3.424159e-02  8.436059e-04 
 3.463929e-02  8.547975e-04 
 3.503698e-02  8.647465e-04 
 3.543468e-02  8.737016e-04 
 3.583238e-02  8.818129e-04 
 3.623007e-02  8.898322e-04 
 3.662777e-02  8.981810e-04 
 3.702546e-02  9.072460e-04 
 3.742316e-02  9.167610e-04 
 3.782085e-02  9.265248e-04 
 3.821855e-02  9.358373e-04 
 3.861625e-02  9.447596e-04 
 3.901394e-02  9.530153e-04 
 3.941164e-02  9.606412e-04 
 3.980933e-02  9.677277e-04 
 4.020703e-02  9.748997e-04 
 4.060472e-02  9.825833e-04 
 4.100242e-02  9.906066e-04 
 4.140011e-02  9.984138e-04 
 4.179781e-02  1.005934e-03 
 4.219551e-02  1.013023e-03 
 4.259320e-02  1.019328e-03 
 4.299090e-02  1.024387e-03 
 4.338859e-02  1.028276e-03 
 4.378629e-02  1.030842e-03 
 4.418398e-02  1.032583e-03 
 4.458168e-02  1.034160e-03 
 4.497938e-02  1.035720e-03 
 4.537707e-02  1.037664e-03 
 4.577477e-02  1.040218e-03 
 4.617246e-02  1.043791e-03 
 4.657016e-02  1.048459e-03 
 4.696785e-02  1.053839e-03 
 4.736555e-02  1.060037e-03 
 4.776324e-02  1.066846e-03 
 4.816094e-02  1.074403e-03 
 4.855864e-02  1.082637e-03 
 4.895633e-02  1.091143e-03 
 4.935403e-02  1.099833e-03 
 4.975172e-02  1.108637e-03 
 5.014942e-02  1.117281e-03 
 5.054711e-02  1.125804e-03 
 5.094481e-02  1.133877e-03 
 5.134251e-02  1.141337e-03 
 5.174020e-02  1.148055e-03 
 5.213790e-02  1.154148e-03 
 5.253559e-02  1.159943e-03 
 5.293329e-02  1.165680e-03 
 5.333098e-02  1.171038e-03 
 5.372868e-02  1.176326e-03 
 5.412637e-02  1.181097e-03 
 5.452407e-02  1.185043e-03 
 5.492177e-02  1.188459e-03 
 5.531946e-02  1.191576e-03 
 5.571716e-02  1.194979e-03 
 5.611485e-02  1.198839e-03 
 5.651255e-02  1.203141e-03 
 5.691024e-02  1.206991e-03 
 5.730794e-02  1.210496e-03 
 5.770564e-02  1.213846e-03 
 5.810333e-02  1.217022e-03 
 5.850103e-02  1.219966e-03 
 5.889872e-02  1.222620e-03 
 5.929642e-02  1.224737e-03 
 5.969411e-02  1.225679e-03 
 6.009181e-02  1.225913e-03 
 6.048951e-02  1.225385e-03 
 6.088720e-02  1.223841e-03 
 6.128490e-02  1.221046e-03 
 6.168259e-02  1.216766e-03 
 6.208029e-02  1.211160e-03 
 6.247798e-02  1.203816e-03 
 6.287568e-02  1.194774e-03 
 6.327337e-02  1.184607e-03 
 6.367107e-02  1.173169e-03 
 6.406877e-02  1.160871e-03 
 6.446646e-02  1.147830e-03 
 6.486416e-02  1.134506e-03 
 6.526185e-02  1.120940e-03 
 6.565955e-02  1.107766e-03 
 6.605724e-02  1.095377e-03 
 6.645494e-02  1.083607e-03 
 6.685264e-02  1.072605e-03 
 6.725033e-02  1.062296e-03 
 6.764803e-02  1.052534e-03 
 6.804572e-02  1.042629e-03 
 6.844342e-02  1.032313e-03 
 6.884111e-02  1.021099e-03 
 6.923881e-02  1.008932e-03 
 6.963650e-02  9.958046e-04 
 7.003420e-02  9.812445e-04 
 7.043190e-02  9.654890e-04 
 7.082959e-02  9.492628e-04 
 7.122729e-02  9.330744e-04 
 7.162498e-02  9.170096e-04 
 7.202268e-02  9.007838e-04 
 7.242037e-02  8.842017e-04 
 7.281807e-02  8.672575e-04 
 7.321577e-02  8.501218e-04 
 7.361346e-02  8.331191e-04 
 7.401116e-02  8.167712e-04 
 7.440885e-02  8.005145e-04 
 7.480655e-02  7.845628e-04 
 7.520424e-02  7.687135e-04 
 7.560194e-02  7.537175e-04 
 7.599963e-02  7.399104e-04 
 7.639733e-02  7.278031e-04 
 7.679503e-02  7.170356e-04 
 7.719272e-02  7.072765e-04 
 7.759042e-02  6.983452e-04 
 7.798811e-02  6.898435e-04 
 7.838581e-02  6.816298e-04 
 7.878350e-02  6.737156e-04 
 7.918120e-02  6.653721e-04 
 7.957890e-02  6.569299e-04 
 7.997659e-02  6.481544e-04 
 8.037429e-02  6.391623e-04 
 8.077198e-02  6.303745e-04 
 8.116968e-02  6.216825e-04 
 8.156737e-02  6.123926e-04 
 8.196507e-02  6.021145e-04 
 8.236276e-02  5.902022e-04 
 8.276046e-02  5.771445e-04 
 8.315816e-02  5.630493e-04 
 8.355585e-02  5.486613e-04 
 8.395355e-02  5.343065e-04 
 8.435124e-02  5.208438e-04 
 8.474894e-02  5.084308e-04 
 8.514663e-02  4.975344e-04 
 8.554433e-02  4.884356e-04 
 8.594203e-02  4.811119e-04 
 8.633972e-02  4.755321e-04 
 8.673742e-02  4.710887e-04 
 8.713511e-02  4.667843e-04 
 8.753281e-02  4.621157e-04 
 8.793050e-02  4.570115e-04 
 8.832820e-02  4.512590e-04 
 8.872589e-02  4.455387e-04 
 8.912359e-02  4.398536e-04 
 8.952129e-02  4.337874e-04 
 8.991898e-02  4.271481e-04 
 9.031668e-02  4.194376e-04 
 9.071437e-02  4.108651e-04 
 9.111207e-02  4.012716e-04 
 9.150976e-02  3.908425e-04 
 9.190746e-02  3.798351e-04 
 9.230516e-02  3.684835e-04 
 9.270285e-02  3.563773e-04 
 9.310055e-02  3.440470e-04 
 9.349824e-02  3.319779e-04 
 9.389594e-02  3.209416e-04 
 9.429363e-02  3.110129e-04 
 9.469133e-02  3.019350e-04 
 9.508902e-02  2.930677e-04 
 9.548672e-02  2.844863e-04 
 9.588442e-02  2.765252e-04 
 9.628211e-02  2.696088e-04 
 9.667981e-02  2.641569e-04 
 9.707750e-02  2.604996e-04 
 9.747520e-02  2.583888e-04 
 9.787289e-02  2.578996e-04 
 9.827059e-02  2.593403e-04 
 9.866829e-02  2.620754e-04 
 9.906598e-02  2.657945e-04 
 9.946368e-02  2.693901e-04 
 9.986137e-02  2.724389e-04 
 1.002591e-01  2.745549e-04 
 1.006568e-01  2.751410e-04 
 1.010545e-01  2.747826e-04 
 1.014522e-01  2.738500e-04 
 1.018499e-01  2.728927e-04 
 1.022475e-01  2.716111e-04 
 1.026452e-01  2.698509e-04 
 1.030429e-01  2.675324e-04 
 1.034406e-01  2.653060e-04 
 1.038383e-01  2.635447e-04 
 1.042360e-01  2.626968e-04 
 1.046337e-01  2.633869e-04 
 1.050314e-01  2.659687e-04 
 1.054291e-01  2.705535e-04 
 1.058268e-01  2.773104e-04 
 1.062245e-01  2.861880e-04 
 1.066222e-01  2.975265e-04 
 1.070199e-01  3.104874e-04 
 1.074176e-01  3.250360e-04 
 1.078153e-01  3.402896e-04 
 1.082130e-01  3.559797e-04 
 1.086107e-01  3.718126e-04 
 1.090084e-01  3.876218e-04 
 1.094061e-01  4.032650e-04 
 1.098038e-01  4.188571e-04 
 1.102015e-01  4.339118e-04 
 1.105992e-01  4.478667e-04 
 1.109968e-01  4.609584e-04 
 1.113945e-01  4.732402e-04 
 1.117922e-01  4.850750e-04 
 1.121899e-01  4.961775e-04 
 1.125876e-01  5.064418e-04 
 1.129853e-01  5.159776e-04 
 1.133830e-01  5.255980e-04 
 1.137807e-01  5.355791e-04 
 1.141784e-01  5.456867e-04 
 1.145761e-01  5.559100e-04 
 1.149738e-01  5.662613e-04 
 1.153715e-01  5.771103e-04 
 1.157692e-01  5.893131e-04 
 1.161669e-01  6.027081e-04 
 1.165646e-01  6.175669e-04 
 1.169623e-01  6.337848e-04 
 1.173600e-01  6.513136e-04 
 1.177577e-01  6.695234e-04 
 1.181554e-01  6.885672e-04 
 1.185531e-01  7.081938e-04 
 1.189508e-01  7.278771e-04 
 1.193485e-01  7.473101e-04 
 1.197462e-01  7.657619e-04 
 1.201438e-01  7.831974e-04 
 1.205415e-01  7.994794e-04 
 1.209392e-01  8.140004e-04 
 1.213369e-01  8.266484e-04 
 1.217346e-01  8.377961e-04 
 1.221323e-01  8.474486e-04 
 1.225300e-01  8.559035e-04 
 1.229277e-01  8.632799e-04 
 1.233254e-01  8.703010e-04 
 1.237231e-01  8.772776e-04 
 1.241208e-01  8.844872e-04 
 1.245185e-01  8.920665e-04 
 1.249162e-01  9.004861e-04 
 1.253139e-01  9.098799e-04 
 1.257116e-01  9.203763e-04 
 1.261093e-01  9.316549e-04 
 1.265070e-01  9.438980e-04 
 1.269047e-01  9.567975e-04 
 1.273024e-01  9.707664e-04 
 1.277001e-01  9.856143e-04 
 1.280978e-01  1.001073e-03 
 1.284955e-01  1.017356e-03 
 1.288932e-01  1.034304e-03 
 1.292908e-01  1.051221e-03 
 1.296885e-01  1.067762e-03 
 1.300862e-01  1.083697e-03 
 1.304839e-01  1.098271e-03 
 1.308816e-01  1.111395e-03 
 1.312793e-01  1.123419e-03 
 1.316770e-01  1.134381e-03 
 1.320747e-01  1.144562e-03 
 1.324724e-01  1.154210e-03 
 1.328701e-01  1.163534e-03 
 1.332678e-01  1.172532e-03 
 1.336655e-01  1.181884e-03 
 1.340632e-01  1.191687e-03 
 1.344609e-01  1.201723e-03 
 1.348586e-01  1.212013e-03 
 1.352563e-01  1.222420e-03 
 1.356540e-01  1.233310e-03 
 1.360517e-01  1.244949e-03 
 1.364494e-01  1.257505e-03 
 1.368471e-01  1.271792e-03 
 1.372448e-01  1.287599e-03 
 1.376425e-01  1.304051e-03 
 1.380402e-01  1.321327e-03 
 1.384378e-01  1.338974e-03 
 1.388355e-01  1.356526e-03 
 1.392332e-01  1.373218e-03 
 1.396309e-01  1.388706e-03 
 1.400286e-01  1.403061e-03 
 1.404263e-01  1.415983e-03 
 1.408240e-01  1.428067e-03 
 1.412217e-01  1.439557e-03 
 1.416194e-01  1.451000e-03 
 1.420171e-01  1.462205e-03 
 1.424148e-01  1.473276e-03 
 1.428125e-01  1.483712e-03 
 1.432102e-01  1.493662e-03 
 1.436079e-01  1.503145e-03 
 1.440056e-01  1.512447e-03 
 1.444033e-01  1.521142e-03 
 1.448010e-01  1.529138e-03 
 1.451987e-01  1.536648e-03 
 1.455964e-01  1.544045e-03 
 1.459941e-01  1.551345e-03 
 1.463918e-01  1.559273e-03 
 1.467895e-01  1.568130e-03 
 1.471872e-01  1.577675e-03 
 1.475848e-01  1.587322e-03 
 1.479825e-01  1.596519e-03 
 1.483802e-01  1.605148e-03 
 1.487779e-01  1.613029e-03 
 1.491756e-01  1.620153e-03 
 1.495733e-01  1.626887e-03 
 1.499710e-01  1.633016e-03 
 1.503687e-01  1.638497e-03 
 1.507664e-01  1.643052e-03 
 1.511641e-01  1.646830e-03 
 1.515618e-01  1.649746e-03 
 1.519595e-01  1.651796e-03 
 1.523572e-01  1.652480e-03 
 1.527549e-01  1.651842e-03 
 1.531526e-01  1.649813e-03 
 1.535503e-01  1.647254e-03 
 1.539480e-01  1.644747e-03 
 1.543457e-01  1.642964e-03 
 1.547434e-01  1.641557e-03 
 1.551411e-01  1.640736e-03 
 1.555388e-01  1.640693e-03 
 1.559365e-01  1.641010e-03 
 1.563342e-01  1.641561e-03 
 1.567318e-01  1.641877e-03 
 1.571295e-01  1.641713e-03 
 1.575272e-01  1.640876e-03 
 1.579249e-01  1.639532e-03 
 1.583226e-01  1.638006e-03 
 1.587203e-01  1.636030e-03 
 1.591180e-01  1.633965e-03 
 1.595157e-01  1.631447e-03 
 1.599134e-01  1.628366e-03 
 1.603111e-01  1.624609e-03 
 1.607088e-01  1.620174e-03 
 1.611065e-01  1.615761e-03 
 1.615042e-01  1.611560e-03 
 1.619019e-01  1.608340e-03 
 1.622996e-01  1.606127e-03 
 1.626973e-01  1.604478e-03 
 1.630950e-01  1.603394e-03 
 1.634927e-01  1.602734e-03 
 1.638904e-01  1.602279e-03 
 1.642881e-01  1.601804e-03 
 1.646858e-01  1.600716e-03 
 1.650835e-01  1.599162e-03 
 1.654812e-01  1.597109e-03 
 1.658788e-01  1.594565e-03 
 1.662765e-01  1.592017e-03 
 1.666742e-01  1.589937e-03 
 1.670719e-01  1.588255e-03 
 1.674696e-01  1.586723e-03 
 1.678673e-01  1.585324e-03 
 1.682650e-01  1.583610e-03 
 1.686627e-01  1.581216e-03 
 1.690604e-01  1.578364e-03 
 1.694581e-01  1.575160e-03 
 1.698558e-01  1.571065e-03 
 1.702535e-01  1.565672e-03 
 1.706512e-01  1.559362e-03 
 1.710489e-01  1.552603e-03 
 1.714466e-01  1.545529e-03 
 1.718443e-01  1.538623e-03 
 1.722420e-01  1.531099e-03 
 1.726397e-01  1.523006e-03 
 1.730374e-01  1.514117e-03 
 1.734351e-01  1.504752e-03 
 1.738328e-01  1.495350e-03 
 1.742305e-01  1.486153e-03 
 1.746282e-01  1.477262e-03 
 1.750258e-01  1.468203e-03 
 1.754235e-01  1.459184e-03 
 1.758212e-01  1.450158e-03 
 1.762189e-01  1.440642e-03 
 1.766166e-01  1.430616e-03 
 1.770143e-01  1.419866e-03 
 1.774120e-01  1.407946e-03 
 1.778097e-01  1.394510e-03 
 1.782074e-01  1.379129e-03 
 1.786051e-01  1.362192e-03 
 1.790028e-01  1.343622e-03 
 1.794005e-01  1.323641e-03 
 1.797982e-01  1.302614e-03 
 1.801959e-01  1.280619e-03 
 1.805936e-01  1.258332e-03 
 1.809913e-01  1.236497e-03 
 1.813890e-01  1.215305e-03 
 1.817867e-01  1.194686e-03 
 1.821844e-01  1.174811e-03 
 1.825821e-01  1.155544e-03 
 1.829798e-01  1.137090e-03 
 1.833775e-01  1.118948e-03 
 1.837751e-01  1.100909e-03 
 1.841728e-01  1.082353e-03 
 1.845705e-01  1.063349e-03 
 1.849682e-01  1.044519e-03 
 1.853659e-01  1.026150e-03 
 1.857636e-01  1.008385e-03 
 1.861613e-01  9.911608e-04 
 1.865590e-01  9.744462e-04 
 1.869567e-01  9.576304e-04 
 1.873544e-01  9.404657e-04 
 1.877521e-01  9.227326e-04 
 1.881498e-01  9.045579e-04 
 1.885475e-01  8.857375e-04 
 1.889452e-01  8.662239e-04 
 1.893429e-01  8.466314e-04 
 1.897406e-01  8.271400e-04 
 1.901383e-01  8.081431e-04 
 1.905360e-01  7.899132e-04 
 1.909337e-01  7.719574e-04 
 1.913314e-01  7.544053e-04 
 1.917291e-01  7.368741e-04 
 1.921268e-01  7.196622e-04 
 1.925245e-01  7.026594e-04 
 1.929221e-01  6.866321e-04 
 1.933198e-01  6.719805e-04 
 1.937175e-01  6.587415e-04 
 1.941152e-01  6.472875e-04 
 1.945129e-01  6.373314e-04 
 1.949106e-01  6.290669e-04 
 1.953083e-01  6.221054e-04 
 1.957060e-01  6.161265e-04 
 1.961037e-01  6.105560e-04 
 1.965014e-01  6.046740e-04 
 1.968991e-01  5.974918e-04 
 1.972968e-01  5.886349e-04 
 1.976945e-01  5.785272e-04 
 1.980922e-01  5.674607e-04 
 1.984899e-01  5.556611e-04 
 1.988876e-01  5.433306e-04 
 1.992853e-01  5.300926e-04 
 1.996830e-01  5.163619e-04 
 2.000807e-01  5.024650e-04 
 2.004784e-01  4.886655e-04 
 2.008761e-01  4.751281e-04 
 2.012738e-01  4.619821e-04 
 2.016715e-01  4.491960e-04 
 2.020691e-01  4.371259e-04 
 2.024668e-01  4.263002e-04 
 2.028645e-01  4.165472e-04 
 2.032622e-01  4.078911e-04 
 2.036599e-01  4.004010e-04 
 2.040576e-01  3.941714e-04 
 2.044553e-01  3.886070e-04 
 2.048530e-01  3.835325e-04 
 2.052507e-01  3.786940e-04 
 2.056484e-01  3.739139e-04 
 2.060461e-01  3.687935e-04 
 2.064438e-01  3.633715e-04 
 2.068415e-01  3.575955e-04 
 2.072392e-01  3.515116e-04 
 2.076369e-01  3.450339e-04 
 2.080346e-01  3.378847e-04 
 2.084323e-01  3.296638e-04 
 2.088300e-01  3.205820e-04 
 2.092277e-01  3.108588e-04 
 2.096254e-01  3.006264e-04 
 2.100231e-01  2.901031e-04 
 2.104208e-01  2.794905e-04 
 2.108185e-01  2.695952e-04 
 2.112161e-01  2.608310e-04 
 2.116138e-01  2.537877e-04 
 2.120115e-01  2.479974e-04 
 2.124092e-01  2.431365e-04 
 2.128069e-01  2.393722e-04 
 2.132046e-01  2.369409e-04 
 2.136023e-01  2.359462e-04 
 2.140000e-01  2.367646e-04 
 2.143977e-01  2.392443e-04 
 2.147954e-01  2.430482e-04 
 2.151931e-01  2.479676e-04 
 2.155908e-01  2.538544e-04 
 2.159885e-01  2.603354e-04 
 2.163862e-01  2.670350e-04 
 2.167839e-01  2.734213e-04 
 2.171816e-01  2.787783e-04 
 2.175793e-01  2.831263e-04 
 2.179770e-01  2.861147e-04 
 2.183747e-01  2.881309e-04 
 2.187724e-01  2.899103e-04 
 2.191701e-01  2.923916e-04 
 2.195678e-01  2.957442e-04 
 2.199655e-01  2.999052e-04 
 2.203631e-01  3.047635e-04 
 2.207608e-01  3.104756e-04 
 2.211585e-01  3.168802e-04 
 2.215562e-01  3.241250e-04 
 2.219539e-01  3.320947e-04 
 2.223516e-01  3.408721e-04 
 2.227493e-01  3.504852e-04 
 2.231470e-01  3.615731e-04 
 2.235447e-01  3.749626e-04 
 2.239424e-01  3.906018e-04 
 2.243401e-01  4.079224e-04 
 2.247378e-01  4.269460e-04 
 2.251355e-01  4.468811e-04 
 2.255332e-01  4.672136e-04 
 2.259309e-01  4.870466e-04 
 2.263286e-01  5.059432e-04 
 2.267263e-01  5.238391e-04 
 2.271240e-01  5.407203e-04 
 2.275217e-01  5.562058e-04 
 2.279194e-01  5.705326e-04 
 2.283171e-01  5.838946e-04 
 2.287148e-01  5.966205e-04 
 2.291125e-01  6.087972e-04 
 2.295101e-01  6.203389e-04 
 2.299078e-01  6.311328e-04 
 2.303055e-01  6.414105e-04 
 2.307032e-01  6.510703e-04 
 2.311009e-01  6.608301e-04 
 2.314986e-01  6.711820e-04 
 2.318963e-01  6.826131e-04 
 2.322940e-01  6.949551e-04 
 2.326917e-01  7.079886e-04 
 2.330894e-01  7.217749e-04 
 2.334871e-01  7.359778e-04 
 2.338848e-01  7.506721e-04 
 2.342825e-01  7.660015e-04 
 2.346802e-01  7.815447e-04 
 2.350779e-01  7.968727e-04 
 2.354756e-01  8.111672e-04 
 2.358733e-01  8.244815e-04 
 2.362710e-01  8.362222e-04 
 2.366687e-01  8.462111e-04 
 2.370664e-01  8.545470e-04 
 2.374641e-01  8.614380e-04 
 2.378618e-01  8.667613e-04 
 2.382595e-01  8.710831e-04 
 2.386571e-01  8.750995e-04 
 2.390548e-01  8.791201e-04 
 2.394525e-01  8.828369e-04 
 2.398502e-01  8.860431e-04 
 2.402479e-01  8.889123e-04 
 2.406456e-01  8.912539e-04 
 2.410433e-01  8.933198e-04 
 2.414410e-01  8.951757e-04 
 2.418387e-01  8.969159e-04 
 2.422364e-01  8.992949e-04 
 2.426341e-01  9.029799e-04 
 2.430318e-01  9.084293e-04 
 2.434295e-01  9.153259e-04 
 2.438272e-01  9.237936e-04 
 2.442249e-01  9.335978e-04 
 2.446226e-01  9.442503e-04 
 2.450203e-01  9.552235e-04 
 2.454180e-01  9.660283e-04 
 2.458157e-01  9.764252e-04 
 2.462134e-01  9.862417e-04 
 2.466111e-01  9.955378e-04 
 2.470088e-01  1.004795e-03 
 2.474065e-01  1.013728e-03 
 2.478041e-01  1.022027e-03 
 2.482018e-01  1.029282e-03 
 2.485995e-01  1.035789e-03 
 2.489972e-01  1.041266e-03 
 2.493949e-01  1.045712e-03 
 2.497926e-01  1.049604e-03 
 2.501903e-01  1.053520e-03 
 2.505880e-01  1.057690e-03 
 2.509857e-01  1.062278e-03 
 2.513834e-01  1.067716e-03 
 2.517811e-01  1.074522e-03 
 2.521788e-01  1.082583e-03 
 2.525765e-01  1.091701e-03 
 2.529742e-01  1.101651e-03 
 2.533719e-01  1.111982e-03 
 2.537696e-01  1.121967e-03 
 2.541673e-01  1.131325e-03 
 2.545650e-01  1.140273e-03 
 2.549627e-01  1.149110e-03 
 2.553604e-01  1.157607e-03 
 2.557581e-01  1.165926e-03 
 2.561558e-01  1.173558e-03 
 2.565534e-01  1.179791e-03 
 2.569511e-01  1.184640e-03 
 2.573488e-01  1.188487e-03 
 2.577465e-01  1.191385e-03 
 2.581442e-01  1.192835e-03 
 2.585419e-01  1.192904e-03 
 2.589396e-01  1.191571e-03 
 2.593373e-01  1.189214e-03 
 2.597350e-01  1.186230e-03 
 2.601327e-01  1.183012e-03 
 2.605304e-01  1.179153e-03 
 2.609281e-01  1.174247e-03 
 2.613258e-01  1.168061e-03 
 2.617235e-01  1.160708e-03 
 2.621212e-01  1.153196e-03 
 2.625189e-01  1.145943e-03 
 2.629166e-01  1.139310e-03 
 2.633143e-01  1.133448e-03 
 2.637120e-01  1.127996e-03 
 2.641097e-01  1.123106e-03 
 2.645074e-01  1.118471e-03 
 2.649051e-01  1.113850e-03 
 2.653028e-01  1.109659e-03 
 2.657004e-01  1.105056e-03 
 2.660981e-01  1.099476e-03 
 2.664958e-01  1.092780e-03 
 2.668935e-01  1.085005e-03 
 2.672912e-01  1.076745e-03 
 2.676889e-01  1.068146e-03 
 2.680866e-01  1.059141e-03 
 2.684843e-01  1.049691e-03 
 2.688820e-01  1.039617e-03 
 2.692797e-01  1.028815e-03 
 2.696774e-01  1.017472e-03 
 2.700751e-01  1.005892e-03 
 2.704728e-01  9.946252e-04 
 2.708705e-01  9.839786e-04 
 2.712682e-01  9.745380e-04 
 2.716659e-01  9.659816e-04 
 2.720636e-01  9.581213e-04 
 2.724613e-01  9.512412e-04 
 2.728590e-01  9.452379e-04 
 2.732567e-01  9.398747e-04 
 2.736544e-01  9.347248e-04 
 2.740521e-01  9.291586e-04 
 2.744498e-01  9.232670e-04 
 2.748474e-01  9.169953e-04 
 2.752451e-01  9.106426e-04 
 2.756428e-01  9.044097e-04 
 2.760405e-01  8.987129e-04 
 2.764382e-01  8.936304e-04 
 2.768359e-01  8.889407e-04 
 2.772336e-01  8.846708e-04 
 2.776313e-01  8.803788e-04 
 2.780290e-01  8.756463e-04 
 2.784267e-01  8.703431e-04 
 2.788244e-01  8.643942e-04 
 2.792221e-01  8.572664e-04 
 2.796198e-01  8.493462e-04 
 2.800175e-01  8.410176e-04 
 2.804152e-01  8.325835e-04 
 2.808129e-01  8.245575e-04 
 2.812106e-01  8.173435e-04 
 2.816083e-01  8.101252e-04 
 2.820060e-01  8.025834e-04 
 2.824037e-01  7.949579e-04 
 2.828014e-01  7.873017e-04 
 2.831991e-01  7.796073e-04 
 2.835968e-01  7.717920e-04 
 2.839944e-01  7.641460e-04 
 2.843921e-01  7.561369e-04 
 2.847898e-01  7.480658e-04 
 2.851875e-01  7.401866e-04 
 2.855852e-01  7.325415e-04 
 2.859829e-01  7.244843e-04 
 2.863806e-01  7.158031e-04 
 2.867783e-01  7.067718e-04 
 2.871760e-01  6.967337e-04 
 2.875737e-01  6.857373e-04 
 2.879714e-01  6.739665e-04 
 2.883691e-01  6.619616e-04 
 2.887668e-01  6.498374e-04 
 2.891645e-01  6.376653e-04 
 2.895622e-01  6.255130e-04 
 2.899599e-01  6.138876e-04 
 2.903576e-01  6.029881e-04 
 2.907553e-01  5.929714e-04 
 2.911530e-01  5.836018e-04 
 2.915507e-01  5.745936e-04 
 2.919484e-01  5.654041e-04 
 2.923461e-01  5.559617e-04 
 2.927438e-01  5.460947e-04 
 2.931414e-01  5.357237e-04 
 2.935391e-01  5.245403e-04 
 2.939368e-01  5.120908e-04 
 2.943345e-01  4.986832e-04 
 2.947322e-01  4.848378e-04 
 2.951299e-01  4.708618e-04 
 2.955276e-01  4.572071e-04 
 2.959253e-01  4.441554e-04 
 2.963230e-01  4.318191e-04 
 2.967207e-01  4.197675e-04 
 2.971184e-01  4.073775e-04 
 2.975161e-01  3.947010e-04 
 2.979138e-01  3.819395e-04 
 2.983115e-01  3.696165e-04 
 2.987092e-01  3.577786e-04 
 2.991069e-01  3.463644e-04 
 2.995046e-01  3.356516e-04 
 2.999023e-01  3.258123e-04 
 3.003000e-01  3.170935e-04 
 3.006977e-01  3.094870e-04 
 3.010954e-01  3.023970e-04 
 3.014931e-01  2.952890e-04 
 3.018908e-01  2.878819e-04 
 3.022884e-01  2.802555e-04 
 3.026861e-01  2.722982e-04 
 3.030838e-01  2.641184e-04 
 3.034815e-01  2.558912e-04 
 3.038792e-01  2.477443e-04 
 3.042769e-01  2.399672e-04 
 3.046746e-01  2.326108e-04 
 3.050723e-01  2.259794e-04 
 3.054700e-01  2.194566e-04 
 3.058677e-01  2.125658e-04 
 3.062654e-01  2.051002e-04 
 3.066631e-01  1.972841e-04 
 3.070608e-01  1.891673e-04 
 3.074585e-01  1.817088e-04 
 3.078562e-01  1.754412e-04 
 3.082539e-01  1.709432e-04 
 3.086516e-01  1.681970e-04 
 3.090493e-01  1.667803e-04 
 3.094470e-01  1.670699e-04 
 3.098447e-01  1.688044e-04 
 3.102424e-01  1.718543e-04 
 3.106401e-01  1.758549e-04 
 3.110378e-01  1.802623e-04 
 3.114354e-01  1.850654e-04 
 3.118331e-01  1.899064e-04 
 3.122308e-01  1.950244e-04 
 3.126285e-01  1.998229e-04 
 3.130262e-01  2.041288e-04 
 3.134239e-01  2.080072e-04 
 3.138216e-01  2.111744e-04 
 3.142193e-01  2.130956e-04 
 3.146170e-01  2.140651e-04 
 3.150147e-01  2.146923e-04 
 3.154124e-01  2.151707e-04 
 3.158101e-01  2.155307e-04 
 3.162078e-01  2.160771e-04 
 3.166055e-01  2.170428e-04 
 3.170032e-01  2.183865e-04 
 3.174009e-01  2.201451e-04 
 3.177986e-01  2.223746e-04 
 3.181963e-01  2.249115e-04 
 3.185940e-01  2.277370e-04 
 3.189917e-01  2.313461e-04 
 3.193894e-01  2.360588e-04 
 3.197871e-01  2.425821e-04 
 3.201848e-01  2.506515e-04 
 3.205824e-01  2.600724e-04 
 3.209801e-01  2.703179e-04 
 3.213778e-01  2.805701e-04 
 3.217755e-01  2.905236e-04 
 3.221732e-01  2.995655e-04 
 3.225709e-01  3.076479e-04 
 3.229686e-01  3.144498e-04 
 3.233663e-01  3.203696e-04 
 3.237640e-01  3.255476e-04 
 3.241617e-01  3.299311e-04 
 3.245594e-01  3.338601e-04 
 3.249571e-01  3.374253e-04 
 3.253548e-01  3.405153e-04 
 3.257525e-01  3.430004e-04 
 3.261502e-01  3.447806e-04 
 3.265479e-01  3.460828e-04 
 3.269456e-01  3.472294e-04 
 3.273433e-01  3.482724e-04 
 3.277410e-01  3.497938e-04 
 3.281387e-01  3.522178e-04 
 3.285364e-01  3.563115e-04 
 3.289341e-01  3.623519e-04 
 3.293317e-01  3.701446e-04 
 3.297294e-01  3.793941e-04 
 3.301271e-01  3.895405e-04 
 3.305248e-01  4.003569e-04 
 3.309225e-01  4.113914e-04 
 3.313202e-01  4.220569e-04 
 3.317179e-01  4.321069e-04 
 3.321156e-01  4.415522e-04 
 3.325133e-01  4.507716e-04 
 3.329110e-01  4.597986e-04 
 3.333087e-01  4.687246e-04 
 3.337064e-01  4.774539e-04 
 3.341041e-01  4.853948e-04 
 3.345018e-01  4.923397e-04 
 3.348995e-01  4.987693e-04 
 3.352972e-01  5.047793e-04 
 3.356949e-01  5.100646e-04 
 3.360926e-01  5.145765e-04 
 3.364903e-01  5.181288e-04 
 3.368880e-01  5.214127e-04 
 3.372857e-01  5.247554e-04 
 3.376834e-01  5.289317e-04 
 3.380811e-01  5.343420e-04 
 3.384787e-01  5.410342e-04 
 3.388764e-01  5.492831e-04 
 3.392741e-01  5.585002e-04 
 3.396718e-01  5.682379e-04 
 3.400695e-01  5.788779e-04 
 3.404672e-01  5.903907e-04 
 3.408649e-01  6.026325e-04 
 3.412626e-01  6.148587e-04 
 3.416603e-01  6.268025e-04 
 3.420580e-01  6.378356e-04 
 3.424557e-01  6.481200e-04 
 3.428534e-01  6.579458e-04 
 3.432511e-01  6.669700e-04 
 3.436488e-01  6.748528e-04 
 3.440465e-01  6.812817e-04 
 3.444442e-01  6.863076e-04 
 3.448419e-01  6.897608e-04 
 3.452396e-01  6.916603e-04 
 3.456373e-01  6.926892e-04 
 3.460350e-01  6.930663e-04 
 3.464327e-01  6.927570e-04 
 3.468304e-01  6.919226e-04 
 3.472281e-01  6.911097e-04 
 3.476257e-01  6.904505e-04 
 3.480234e-01  6.904885e-04 
 3.484211e-01  6.914618e-04 
 3.488188e-01  6.930794e-04 
 3.492165e-01  6.948507e-04 
 3.496142e-01  6.962221e-04 
 3.500119e-01  6.972770e-04 
 3.504096e-01  6.981925e-04 
 3.508073e-01  6.990377e-04 
 3.512050e-01  6.995805e-04 
 3.516027e-01  6.995591e-04 
 3.520004e-01  6.989041e-04 
 3.523981e-01  6.980260e-04 
 3.527958e-01  6.966851e-04 
 3.531935e-01  6.951998e-04 
 3.535912e-01  6.933965e-04 
 3.539889e-01  6.911986e-04 
 3.543866e-01  6.878287e-04 
 3.547843e-01  6.828477e-04 
 3.551820e-01  6.761822e-04 
 3.555797e-01  6.683992e-04 
 3.559774e-01  6.597675e-04 
 3.563751e-01  6.506918e-04 
 3.567727e-01  6.411698e-04 
 3.571704e-01  6.311858e-04 
 3.575681e-01  6.213923e-04 
 3.579658e-01  6.124439e-04 
 3.583635e-01  6.043707e-04 
 3.587612e-01  5.971089e-04 
 3.591589e-01  5.907417e-04 
 3.595566e-01  5.849948e-04 
 3.599543e-01  5.801328e-04 
 3.603520e-01  5.763176e-04 
 3.607497e-01  5.736053e-04 
 3.611474e-01  5.713977e-04 
 3.615451e-01  5.696317e-04 
 3.619428e-01  5.676578e-04 
 3.623405e-01  5.657636e-04 
 3.627382e-01  5.632581e-04 
 3.631359e-01  5.601141e-04 
 3.635336e-01  5.559907e-04 
 3.639313e-01  5.506515e-04 
 3.643290e-01  5.443519e-04 
 3.647267e-01  5.376025e-04 
 3.651244e-01  5.308757e-04 
 3.655221e-01  5.242407e-04 
 3.659197e-01  5.177969e-04 
 3.663174e-01  5.114543e-04 
 3.667151e-01  5.055896e-04 
 3.671128e-01  5.002848e-04 
 3.675105e-01  4.960374e-04 
 3.679082e-01  4.926472e-04 
 3.683059e-01  4.903059e-04 
 3.687036e-01  4.888839e-04 
 3.691013e-01  4.883962e-04 
 3.694990e-01  4.890832e-04 
 3.698967e-01  4.902369e-04 
 3.702944e-01  4.911784e-04 
 3.706921e-01  4.920545e-04 
 3.710898e-01  4.928409e-04 
 3.714875e-01  4.938378e-04 
 3.718852e-01  4.948065e-04 
 3.722829e-01  4.961706e-04 
 3.726806e-01  4.981722e-04 
 3.730783e-01  5.005829e-04 
 3.734760e-01  5.035491e-04 
 3.738737e-01  5.066595e-04 
 3.742714e-01  5.092398e-04 
 3.746691e-01  5.110622e-04 
 3.750667e-01  5.118295e-04 
 3.754644e-01  5.114841e-04 
 3.758621e-01  5.100162e-04 
 3.762598e-01  5.079538e-04 
 3.766575e-01  5.059990e-04 
 3.770552e-01  5.046910e-04 
 3.774529e-01  5.038593e-04 
 3.778506e-01  5.041309e-04 
 3.782483e-01  5.050877e-04 
 3.786460e-01  5.064613e-04 
 3.790437e-01  5.081457e-04 
 3.794414e-01  5.099494e-04 
 3.798391e-01  5.119900e-04 
 3.802368e-01  5.142244e-04 
 3.806345e-01  5.165238e-04 
 3.810322e-01  5.192995e-04 
 3.814299e-01  5.225025e-04 
 3.818276e-01  5.262076e-04 
 3.822253e-01  5.299750e-04 
 3.826230e-01  5.330452e-04 
 3.830207e-01  5.350398e-04 
 3.834184e-01  5.358543e-04 
 3.838161e-01  5.353106e-04 
 3.842137e-01  5.341790e-04 
 3.846114e-01  5.322781e-04 
 3.850091e-01  5.298149e-04 
 3.854068e-01  5.270854e-04 
 3.858045e-01  5.247924e-04 
 3.862022e-01  5.237555e-04 
 3.865999e-01  5.238931e-04 
 3.869976e-01  5.249310e-04 
 3.873953e-01  5.265476e-04 
 3.877930e-01  5.283880e-04 
 3.881907e-01  5.304802e-04 
 3.885884e-01  5.331560e-04 
 3.889861e-01  5.362255e-04 
 3.893838e-01  5.391325e-04 
 3.897815e-01  5.421108e-04 
 3.901792e-01  5.452392e-04 
 3.905769e-01  5.487645e-04 
 3.909746e-01  5.525754e-04 
 3.913723e-01  5.564840e-04 
 3.917700e-01  5.603667e-04 
 3.921677e-01  5.641095e-04 
 3.925654e-01  5.679903e-04 
 3.929630e-01  5.717509e-04 
 3.933607e-01  5.753330e-04 
 3.937584e-01  5.788095e-04 
 3.941561e-01  5.818392e-04 
 3.945538e-01  5.845716e-04 
 3.949515e-01  5.873331e-04 
 3.953492e-01  5.904319e-04 
 3.957469e-01  5.938827e-04 
 3.961446e-01  5.974855e-04 
 3.965423e-01  6.015681e-04 
 3.969400e-01  6.057892e-04 
 3.973377e-01  6.097366e-04 
 3.977354e-01  6.134240e-04 
 3.981331e-01  6.172284e-04 
 3.985308e-01  6.211580e-04 
 3.989285e-01  6.248774e-04 
 3.993262e-01  6.282860e-04 
 3.997239e-01  6.315700e-04 
 4.001216e-01  6.346596e-04 
 4.005193e-01  6.374673e-04 
 4.009170e-01  6.401490e-04 
 4.013147e-01  6.425587e-04 
 4.017124e-01  6.442987e-04 
 4.021100e-01  6.454305e-04 
 4.025077e-01  6.458086e-04 
 4.029054e-01  6.455071e-04 
 4.033031e-01  6.448377e-04 
 4.037008e-01  6.434216e-04 
 4.040985e-01  6.415167e-04 
 4.044962e-01  6.392885e-04 
 4.048939e-01  6.368841e-04 
 4.052916e-01  6.344192e-04 
 4.056893e-01  6.319683e-04 
 4.060870e-01  6.293257e-04 
 4.064847e-01  6.263479e-04 
 4.068824e-01  6.229227e-04 
 4.072801e-01  6.189940e-04 
 4.076778e-01  6.145645e-04 
 4.080755e-01  6.100078e-04 
 4.084732e-01  6.051625e-04 
 4.088709e-01  5.996256e-04 
 4.092686e-01  5.931679e-04 
 4.096663e-01  5.860966e-04 
 4.100640e-01  5.786277e-04 
 4.104617e-01  5.707072e-04 
 4.108594e-01  5.623102e-04 
 4.112570e-01  5.534254e-04 
 4.116547e-01  5.440223e-04 
 4.120524e-01  5.342656e-04 
 4.124501e-01  5.238668e-04 
 4.128478e-01  5.127625e-04 
 4.132455e-01  5.014943e-04 
 4.136432e-01  4.905188e-04 
 4.140409e-01  4.796732e-04 
 4.144386e-01  4.687199e-04 
 4.148363e-01  4.579522e-04 
 4.152340e-01  4.479249e-04 
 4.156317e-01  4.388071e-04 
 4.160294e-01  4.304674e-04 
 4.164271e-01  4.227313e-04 
 4.168248e-01  4.152772e-04 
 4.172225e-01  4.079406e-04 
 4.176202e-01  4.011967e-04 
 4.180179e-01  3.947482e-04 
 4.184156e-01  3.883641e-04 
 4.188133e-01  3.814183e-04 
 4.192110e-01  3.735645e-04 
 4.196087e-01  3.650642e-04 
 4.200064e-01  3.562592e-04 
 4.204040e-01  3.475646e-04 
 4.208017e-01  3.389276e-04 
 4.211994e-01  3.302194e-04 
 4.215971e-01  3.214241e-04 
 4.219948e-01  3.131550e-04 
 4.223925e-01  3.053183e-04 
 4.227902e-01  2.980474e-04 
 4.231879e-01  2.915448e-04 
 4.235856e-01  2.859316e-04 
 4.239833e-01  2.810524e-04 
 4.243810e-01  2.768528e-04 
 4.247787e-01  2.735961e-04 
 4.251764e-01  2.711814e-04 
 4.255741e-01  2.695705e-04 
 4.259718e-01  2.689024e-04 
 4.263695e-01  2.691678e-04 
 4.267672e-01  2.701326e-04 
 4.271649e-01  2.711902e-04 
 4.275626e-01  2.715028e-04 
 4.279603e-01  2.710441e-04 
 4.283580e-01  2.697133e-04 
 4.287557e-01  2.679382e-04 
 4.291534e-01  2.664224e-04 
 4.295510e-01  2.651877e-04 
 4.299487e-01  2.638427e-04 
 4.303464e-01  2.620548e-04 
 4.307441e-01  2.603823e-04 
 4.311418e-01  2.586574e-04 
 4.315395e-01  2.564036e-04 
 4.319372e-01  2.537256e-04 
 4.323349e-01  2.501280e-04 
 4.327326e-01  2.453960e-04 
 4.331303e-01  2.401100e-04 
 4.335280e-01  2.352015e-04 
 4.339257e-01  2.310579e-04 
 4.343234e-01  2.282116e-04 
 4.347211e-01  2.268771e-04 
 4.351188e-01  2.270358e-04 
 4.355165e-01  2.280008e-04 
 4.359142e-01  2.296436e-04 
 4.363119e-01  2.320757e-04 
 4.367096e-01  2.344112e-04 
 4.371073e-01  2.366764e-04 
 4.375050e-01  2.384910e-04 
 4.379027e-01  2.400157e-04 
 4.383004e-01  2.413849e-04 
 4.386980e-01  2.425547e-04 
 4.390957e-01  2.434364e-04 
 4.394934e-01  2.438222e-04 
 4.398911e-01  2.431821e-04 
 4.402888e-01  2.407569e-04 
 4.406865e-01  2.366376e-04 
 4.410842e-01  2.314376e-04 
 4.414819e-01  2.255337e-04 
 4.418796e-01  2.193794e-04 
 4.422773e-01  2.136086e-04 
 4.426750e-01  2.084588e-04 
 4.430727e-01  2.041163e-04 
 4.434704e-01  2.007454e-04 
 4.438681e-01  1.985883e-04 
 4.442658e-01  1.978760e-04 
 4.446635e-01  1.982502e-04 
 4.450612e-01  1.992278e-04 
 4.454589e-01  2.006976e-04 
 4.458566e-01  2.025508e-04 
 4.462543e-01  2.047956e-04 
 4.466520e-01  2.074305e-04 
 4.470497e-01  2.106488e-04 
 4.474474e-01  2.144119e-04 
 4.478450e-01  2.182358e-04 
 4.482427e-01  2.224401e-04 
 4.486404e-01  2.267421e-04 
 4.490381e-01  2.308038e-04 
 4.494358e-01  2.344373e-04 
 4.498335e-01  2.377736e-04 
 4.502312e-01  2.407706e-04 
 4.506289e-01  2.428586e-04 
 4.510266e-01  2.439658e-04 
 4.514243e-01  2.442766e-04 
 4.518220e-01  2.438951e-04 
 4.522197e-01  2.427631e-04 
 4.526174e-01  2.411840e-04 
 4.530151e-01  2.393651e-04 
 4.534128e-01  2.377288e-04 
 4.538105e-01  2.363055e-04 
 4.542082e-01  2.363850e-04 
 4.546059e-01  2.378744e-04 
 4.550036e-01  2.401771e-04 
 4.554013e-01  2.432523e-04 
 4.557990e-01  2.474319e-04 
 4.561967e-01  2.528494e-04 
 4.565944e-01  2.593150e-04 
 4.569920e-01  2.665952e-04 
 4.573897e-01  2.741022e-04 
 4.577874e-01  2.813396e-04 
 4.581851e-01  2.883052e-04 
 4.585828e-01  2.943439e-04 
 4.589805e-01  2.990072e-04 
 4.593782e-01  3.023715e-04 
 4.597759e-01  3.045993e-04 
 4.601736e-01  3.048058e-04 
 4.605713e-01  3.027169e-04 
 4.609690e-01  2.985703e-04 
 4.613667e-01  2.927609e-04 
 4.617644e-01  2.857309e-04 
 4.621621e-01  2.779653e-04 
 4.625598e-01  2.700314e-04 
 4.629575e-01  2.620866e-04 
 4.633552e-01  2.544207e-04 
 4.637529e-01  2.475062e-04 
 4.641506e-01  2.408858e-04 
 4.645483e-01  2.348586e-04 
 4.649460e-01  2.294768e-04 
 4.653437e-01  2.243669e-04 
 4.657413e-01  2.198906e-04 
 4.661390e-01  2.156940e-04 
 4.665367e-01  2.116605e-04 
 4.669344e-01  2.076644e-04 
 4.673321e-01  2.039786e-04 
 4.677298e-01  2.007358e-04 
 4.681275e-01  1.975582e-04 
 4.685252e-01  1.941231e-04 
 4.689229e-01  1.902601e-04 
 4.693206e-01  1.860233e-04 
 4.697183e-01  1.811631e-04 
 4.701160e-01  1.755330e-04 
 4.705137e-01  1.682691e-04 
 4.709114e-01  1.592866e-04 
 4.713091e-01  1.487196e-04 
 4.717068e-01  1.371372e-04 
 4.721045e-01  1.246830e-04 
 4.725022e-01  1.116112e-04 
 4.728999e-01  9.879497e-05 
 4.732976e-01  8.657019e-05 
 4.736953e-01  7.504785e-05 
 4.740930e-01  6.437667e-05 
 4.744907e-01  5.484119e-05 
 4.748883e-01  4.704197e-05 
 4.752860e-01  4.060572e-05 
 4.756837e-01  3.556206e-05 
 4.760814e-01  3.157536e-05 
 4.764791e-01  2.853415e-05 
 4.768768e-01  2.683310e-05 
 4.772745e-01  2.640108e-05 
 4.776722e-01  2.732385e-05 
 4.780699e-01  2.922425e-05 
 4.784676e-01  3.120366e-05 
 4.788653e-01  3.299889e-05 
 4.792630e-01  3.424947e-05 
 4.796607e-01  3.481741e-05 
 4.800584e-01  3.453527e-05 
 4.804561e-01  3.308937e-05 
 4.808538e-01  3.033083e-05 
 4.812515e-01  2.629981e-05 
 4.816492e-01  2.169155e-05 
 4.820469e-01  1.720109e-05 
 4.824446e-01  1.346018e-05 
 4.828423e-01  1.067567e-05 
 4.832400e-01  8.812886e-06 
 4.836377e-01  7.694537e-06 
 4.840353e-01  7.468132e-06 
 4.844330e-01  8.144081e-06 
 4.848307e-01  9.351017e-06 
 4.852284e-01  1.102384e-05 
 4.856261e-01  1.249875e-05 
 4.860238e-01  1.438310e-05 
 4.864215e-01  1.717548e-05 
 4.868192e-01  2.137486e-05 
 4.872169e-01  2.706845e-05 
 4.876146e-01  3.360055e-05 
 4.880123e-01  4.040567e-05 
 4.884100e-01  4.737393e-05 
 4.888077e-01  5.360293e-05 
 4.892054e-01  5.875136e-05 
 4.896031e-01  6.248709e-05 
 4.900008e-01  6.470061e-05 
 4.903985e-01  6.570617e-05 
 4.907962e-01  6.560585e-05 
 4.911939e-01  6.532348e-05 
 4.915916e-01  6.469852e-05 
 4.919893e-01  6.390427e-05 
 4.923870e-01  6.295277e-05 
 4.927847e-01  6.181628e-05 
 4.931823e-01  6.062673e-05 
 4.935800e-01  5.946765e-05 
 4.939777e-01  5.797122e-05 
 4.943754e-01  5.646910e-05 
 4.947731e-01  5.507113e-05 
 4.951708e-01  5.460000e-05 
 4.955685e-01  5.522281e-05 
 4.959662e-01  5.676819e-05 
 4.963639e-01  5.941997e-05 
 4.967616e-01  6.277537e-05 
 4.971593e-01  6.636029e-05 
 4.975570e-01  7.018977e-05 
 4.979547e-01  7.416717e-05 
 4.983524e-01  7.812875e-05 
 4.987501e-01  8.164994e-05 
 4.991478e-01  8.498185e-05 
 4.995455e-01  8.816954e-05 
 4.999432e-01  9.104390e-05 
 5.003409e-01  9.381695e-05 
 5.007386e-01  9.643673e-05 
 5.011363e-01  9.870972e-05 
 5.015340e-01  1.006773e-04 
 5.019317e-01  1.025535e-04 
 5.023293e-01  1.046664e-04 
 5.027270e-01  1.068772e-04 
 5.031247e-01  1.091258e-04 
 5.035224e-01  1.114417e-04 
 5.039201e-01  1.142940e-04 
 5.043178e-01  1.177092e-04 
 5.047155e-01  1.214888e-04 
 5.051132e-01  1.256964e-04 
 5.055109e-01  1.306110e-04 
 5.059086e-01  1.361702e-04 
 5.063063e-01  1.421993e-04 
 5.067040e-01  1.488430e-04 
 5.071017e-01  1.563753e-04 
 5.074994e-01  1.643177e-04 
 5.078971e-01  1.725584e-04 
 5.082948e-01  1.808258e-04 
 5.086925e-01  1.888067e-04 
 5.090902e-01  1.960189e-04 
 5.094879e-01  2.025654e-04 
 5.098856e-01  2.083924e-04 
 5.102833e-01  2.135470e-04 
 5.106810e-01  2.178601e-04 
 5.110787e-01  2.217000e-04 
 5.114763e-01  2.255722e-04 
 5.118740e-01  2.300935e-04 
 5.122717e-01  2.351574e-04 
 5.126694e-01  2.403191e-04 
 5.130671e-01  2.449376e-04 
 5.134648e-01  2.494130e-04 
 5.138625e-01  2.537220e-04 
 5.142602e-01  2.581946e-04 
 5.146579e-01  2.629792e-04 
 5.150556e-01  2.678953e-04 
 5.154533e-01  2.726381e-04 
 5.158510e-01  2.768532e-04 
 5.162487e-01  2.806093e-04 
 5.166464e-01  2.841464e-04 
 5.170441e-01  2.874318e-04 
 5.174418e-01  2.907463e-04 
 5.178395e-01  2.938796e-04 
 5.182372e-01  2.962368e-04 
 5.186349e-01  2.978124e-04 
 5.190326e-01  2.990312e-04 
 5.194303e-01  3.001257e-04 
 5.198280e-01  3.009253e-04 
 5.202257e-01  3.012031e-04 
 5.206233e-01  3.007733e-04 
 5.210210e-01  2.999309e-04 
 5.214187e-01  2.984117e-04 
 5.218164e-01  2.966928e-04 
 5.222141e-01  2.947162e-04 
 5.226118e-01  2.928460e-04 
 5.230095e-01  2.907257e-04 
 5.234072e-01  2.880716e-04 
 5.238049e-01  2.851156e-04 
 5.242026e-01  2.813482e-04 
 5.246003e-01  2.772465e-04 
 5.249980e-01  2.733557e-04 
 5.253957e-01  2.699243e-04 
 5.257934e-01  2.668185e-04 
 5.261911e-01  2.636403e-04 
 5.265888e-01  2.608577e-04 
 5.269865e-01  2.588185e-04 
 5.273842e-01  2.570864e-04 
 5.277819e-01  2.550902e-04 
 5.281796e-01  2.520050e-04 
 5.285773e-01  2.474547e-04 
 5.289750e-01  2.420763e-04 
 5.293727e-01  2.364810e-04 
 5.297703e-01  2.306600e-04 
 5.301680e-01  2.252592e-04 
 5.305657e-01  2.202126e-04 
 5.309634e-01  2.157608e-04 
 5.313611e-01  2.118981e-04 
 5.317588e-01  2.087379e-04 
 5.321565e-01  2.067742e-04 
 5.325542e-01  2.055206e-04 
 5.329519e-01  2.049661e-04 
 5.333496e-01  2.047306e-04 
 5.337473e-01  2.049405e-04 
 5.341450e-01  2.055561e-04 
 5.345427e-01  2.066738e-04 
 5.349404e-01  2.086256e-04 
 5.353381e-01  2.112640e-04 
 5.357358e-01  2.143204e-04 
 5.361335e-01  2.173566e-04 
 5.365312e-01  2.202634e-04 
 5.369289e-01  2.227655e-04 
 5.373266e-01  2.247651e-04 
 5.377243e-01  2.266227e-04 
 5.381220e-01  2.283711e-04 
 5.385196e-01  2.299861e-04 
 5.389173e-01  2.319662e-04 
 5.393150e-01  2.345891e-04 
 5.397127e-01  2.382377e-04 
 5.401104e-01  2.425629e-04 
 5.405081e-01  2.472985e-04 
 5.409058e-01  2.516920e-04 
 5.413035e-01  2.557814e-04 
 5.417012e-01  2.595651e-04 
 5.420989e-01  2.634179e-04 
 5.424966e-01  2.676374e-04 
 5.428943e-01  2.721237e-04 
 5.432920e-01  2.767632e-04 
 5.436897e-01  2.815121e-04 
 5.440874e-01  2.871473e-04 
 5.444851e-01  2.938975e-04 
 5.448828e-01  3.015435e-04 
 5.452805e-01  3.095526e-04 
 5.456782e-01  3.173857e-04 
 5.460759e-01  3.243824e-04 
 5.464736e-01  3.309023e-04 
 5.468713e-01  3.367427e-04 
 5.472690e-01  3.421618e-04 
 5.476666e-01  3.469766e-04 
 5.480643e-01  3.512808e-04 
 5.484620e-01  3.548846e-04 
 5.488597e-01  3.576037e-04 
 5.492574e-01  3.592959e-04 
 5.496551e-01  3.603784e-04 
 5.500528e-01  3.612891e-04 
 5.504505e-01  3.624131e-04 
 5.508482e-01  3.636572e-04 
 5.512459e-01  3.651541e-04 
 5.516436e-01  3.669092e-04 
 5.520413e-01  3.692756e-04 
 5.524390e-01  3.726503e-04 
 5.528367e-01  3.776059e-04 
 5.532344e-01  3.838271e-04 
 5.536321e-01  3.905098e-04 
 5.540298e-01  3.973220e-04 
 5.544275e-01  4.040319e-04 
 5.548252e-01  4.105869e-04 
 5.552229e-01  4.165663e-04 
 5.556206e-01  4.220170e-04 
 5.560183e-01  4.260486e-04 
 5.564160e-01  4.290243e-04 
 5.568136e-01  4.314884e-04 
 5.572113e-01  4.337028e-04 
 5.576090e-01  4.359054e-04 
 5.580067e-01  4.378021e-04 
 5.584044e-01  4.394081e-04 
 5.588021e-01  4.404483e-04 
 5.591998e-01  4.413919e-04 
 5.595975e-01  4.427976e-04 
 5.599952e-01  4.450503e-04 
 5.603929e-01  4.479476e-04 
 5.607906e-01  4.513485e-04 
 5.611883e-01  4.550845e-04 
 5.615860e-01  4.596260e-04 
 5.619837e-01  4.647845e-04 
 5.623814e-01  4.705373e-04 
 5.627791e-01  4.768973e-04 
 5.631768e-01  4.841822e-04 
 5.635745e-01  4.923006e-04 
 5.639722e-01  5.011107e-04 
 5.643699e-01  5.105967e-04 
 5.647676e-01  5.203725e-04 
 5.651653e-01  5.301425e-04 
 5.655630e-01  5.398107e-04 
 5.659606e-01  5.491003e-04 
 5.663583e-01  5.575252e-04 
 5.667560e-01  5.647304e-04 
 5.671537e-01  5.707001e-04 
 5.675514e-01  5.755031e-04 
 5.679491e-01  5.796513e-04 
 5.683468e-01  5.829417e-04 
 5.687445e-01  5.855563e-04 
 5.691422e-01  5.873726e-04 
 5.695399e-01  5.887348e-04 
 5.699376e-01  5.902595e-04 
 5.703353e-01  5.918285e-04 
 5.707330e-01  5.935327e-04 
 5.711307e-01  5.955624e-04 
 5.715284e-01  5.983379e-04 
 5.719261e-01  6.019078e-04 
 5.723238e-01  6.061459e-04 
 5.727215e-01  6.112712e-04 
 5.731192e-01  6.170567e-04 
 5.735169e-01  6.231509e-04 
 5.739146e-01  6.292094e-04 
 5.743123e-01  6.349524e-04 
 5.747100e-01  6.401995e-04 
 5.751076e-01  6.447447e-04 
 5.755053e-01  6.482401e-04 
 5.759030e-01  6.503532e-04 
 5.763007e-01  6.506957e-04 
 5.766984e-01  6.493920e-04 
 5.770961e-01  6.464687e-04 
 5.774938e-01  6.421947e-04 
 5.778915e-01  6.371020e-04 
 5.782892e-01  6.316286e-04 
 5.786869e-01  6.260543e-04 
 5.790846e-01  6.202100e-04 
 5.794823e-01  6.141212e-04 
 5.798800e-01  6.080176e-04 
 5.802777e-01  6.020871e-04 
 5.806754e-01  5.963484e-04 
 5.810731e-01  5.910432e-04 
 5.814708e-01  5.861476e-04 
 5.818685e-01  5.821283e-04 
 5.822662e-01  5.790595e-04 
 5.826639e-01  5.768380e-04 
 5.830616e-01  5.760110e-04 
 5.834593e-01  5.759478e-04 
 5.838570e-01  5.763787e-04 
 5.842546e-01  5.769212e-04 
 5.846523e-01  5.775287e-04 
 5.850500e-01  5.777597e-04 
 5.854477e-01  5.767341e-04 
 5.858454e-01  5.739605e-04 
 5.862431e-01  5.697391e-04 
 5.866408e-01  5.647790e-04 
 5.870385e-01  5.595521e-04 
 5.874362e-01  5.541476e-04 
 5.878339e-01  5.481630e-04 
 5.882316e-01  5.418535e-04 
 5.886293e-01  5.353359e-04 
 5.890270e-01  5.285640e-04 
 5.894247e-01  5.218081e-04 
 5.898224e-01  5.151125e-04 
 5.902201e-01  5.086096e-04 
 5.906178e-01  5.024900e-04 
 5.910155e-01  4.972397e-04 
 5.914132e-01  4.939523e-04 
 5.918109e-01  4.920848e-04 
 5.922086e-01  4.922167e-04 
 5.926063e-01  4.941107e-04 
 5.930040e-01  4.974079e-04 
 5.934016e-01  5.014813e-04 
 5.937993e-01  5.058153e-04 
 5.941970e-01  5.103713e-04 
 5.945947e-01  5.147472e-04 
 5.949924e-01  5.190341e-04 
 5.953901e-01  5.233794e-04 
 5.957878e-01  5.275769e-04 
 5.961855e-01  5.312749e-04 
 5.965832e-01  5.346979e-04 
 5.969809e-01  5.380132e-04 
 5.973786e-01  5.407819e-04 
 5.977763e-01  5.426623e-04 
 5.981740e-01  5.435728e-04 
 5.985717e-01  5.435064e-04 
 5.989694e-01  5.423776e-04 
 5.993671e-01  5.407052e-04 
 5.997648e-01  5.391101e-04 
 6.001625e-01  5.382646e-04 
 6.005602e-01  5.378575e-04 
 6.009579e-01  5.383223e-04 
 6.013556e-01  5.396492e-04 
 6.017533e-01  5.422637e-04 
 6.021510e-01  5.463049e-04 
 6.025486e-01  5.516840e-04 
 6.029463e-01  5.580748e-04 
 6.033440e-01  5.649748e-04 
 6.037417e-01  5.717050e-04 
 6.041394e-01  5.779537e-04 
 6.045371e-01  5.834289e-04 
 6.049348e-01  5.883567e-04 
 6.053325e-01  5.925784e-04 
 6.057302e-01  5.960325e-04 
 6.061279e-01  5.987463e-04 
 6.065256e-01  6.005498e-04 
 6.069233e-01  6.016142e-04 
 6.073210e-01  6.013215e-04 
 6.077187e-01  6.000072e-04 
 6.081164e-01  5.977987e-04 
 6.085141e-01  5.949047e-04 
 6.089118e-01  5.910826e-04 
 6.093095e-01  5.868696e-04 
 6.097072e-01  5.825551e-04 
 6.101049e-01  5.786903e-04 
 6.105026e-01  5.753927e-04 
 6.109003e-01  5.727597e-04 
 6.112979e-01  5.707811e-04 
 6.116956e-01  5.693938e-04 
 6.120933e-01  5.687773e-04 
 6.124910e-01  5.691235e-04 
 6.128887e-01  5.701429e-04 
 6.132864e-01  5.714757e-04 
 6.136841e-01  5.732625e-04 
 6.140818e-01  5.757515e-04 
 6.144795e-01  5.788730e-04 
 6.148772e-01  5.822657e-04 
 6.152749e-01  5.859030e-04 
 6.156726e-01  5.895459e-04 
 6.160703e-01  5.927550e-04 
 6.164680e-01  5.951774e-04 
 6.168657e-01  5.972420e-04 
 6.172634e-01  5.989868e-04 
 6.176611e-01  6.003381e-04 
 6.180588e-01  6.005074e-04 
 6.184565e-01  5.995734e-04 
 6.188542e-01  5.976351e-04 
 6.192519e-01  5.950740e-04 
 6.196496e-01  5.920929e-04 
 6.200473e-01  5.888452e-04 
 6.204449e-01  5.858844e-04 
 6.208426e-01  5.838581e-04 
 6.212403e-01  5.828430e-04 
 6.216380e-01  5.833034e-04 
 6.220357e-01  5.850500e-04 
 6.224334e-01  5.881641e-04 
 6.228311e-01  5.921097e-04 
 6.232288e-01  5.966977e-04 
 6.236265e-01  6.014600e-04 
 6.240242e-01  6.061502e-04 
 6.244219e-01  6.099464e-04 
 6.248196e-01  6.130252e-04 
 6.252173e-01  6.155319e-04 
 6.256150e-01  6.174535e-04 
 6.260127e-01  6.190051e-04 
 6.264104e-01  6.204882e-04 
 6.268081e-01  6.216148e-04 
 6.272058e-01  6.225751e-04 
 6.276035e-01  6.231354e-04 
 6.280012e-01  6.231288e-04 
 6.283989e-01  6.220286e-04 
 6.287966e-01  6.196893e-04 
 6.291943e-01  6.165423e-04 
 6.295919e-01  6.127818e-04 
 6.299896e-01  6.084519e-04 
 6.303873e-01  6.041933e-04 
 6.307850e-01  6.005832e-04 
 6.311827e-01  5.977199e-04 
 6.315804e-01  5.949347e-04 
 6.319781e-01  5.919869e-04 
 6.323758e-01  5.886005e-04 
 6.327735e-01  5.847871e-04 
 6.331712e-01  5.806952e-04 
 6.335689e-01  5.764421e-04 
 6.339666e-01  5.715256e-04 
 6.343643e-01  5.663108e-04 
 6.347620e-01  5.610912e-04 
 6.351597e-01  5.562495e-04 
 6.355574e-01  5.518735e-04 
 6.359551e-01  5.477874e-04 
 6.363528e-01  5.438814e-04 
 6.367505e-01  5.394340e-04 
 6.371482e-01  5.337184e-04 
 6.375459e-01  5.265603e-04 
 6.379436e-01  5.183505e-04 
 6.383413e-01  5.091665e-04 
 6.387389e-01  4.991949e-04 
 6.391366e-01  4.885631e-04 
 6.395343e-01  4.778059e-04 
 6.399320e-01  4.670700e-04 
 6.403297e-01  4.570847e-04 
 6.407274e-01  4.484999e-04 
 6.411251e-01  4.408780e-04 
 6.415228e-01  4.341976e-04 
 6.419205e-01  4.276516e-04 
 6.423182e-01  4.214558e-04 
 6.427159e-01  4.151309e-04 
 6.431136e-01  4.085444e-04 
 6.435113e-01  4.015590e-04 
 6.439090e-01  3.946084e-04 
 6.443067e-01  3.875992e-04 
 6.447044e-01  3.809664e-04 
 6.451021e-01  3.746168e-04 
 6.454998e-01  3.685797e-04 
 6.458975e-01  3.629298e-04 
 6.462952e-01  3.576042e-04 
 6.466929e-01  3.522602e-04 
 6.470906e-01  3.467685e-04 
 6.474883e-01  3.413635e-04 
 6.478859e-01  3.361565e-04 
 6.482836e-01  3.316977e-04 
 6.486813e-01  3.283174e-04 
 6.490790e-01  3.258159e-04 
 6.494767e-01  3.241838e-04 
 6.498744e-01  3.231799e-04 
 6.502721e-01  3.226406e-04 
 6.506698e-01  3.224043e-04 
 6.510675e-01  3.224704e-04 
 6.514652e-01  3.228291e-04 
 6.518629e-01  3.227233e-04 
 6.522606e-01  3.222388e-04 
 6.526583e-01  3.213006e-04 
 6.530560e-01  3.200100e-04 
 6.534537e-01  3.184873e-04 
 6.538514e-01  3.170948e-04 
 6.542491e-01  3.157162e-04 
 6.546468e-01  3.145797e-04 
 6.550445e-01  3.136777e-04 
 6.554422e-01  3.129515e-04 
 6.558399e-01  3.126381e-04 
 6.562376e-01  3.128090e-04 
 6.566353e-01  3.132421e-04 
 6.570329e-01  3.139502e-04 
 6.574306e-01  3.145762e-04 
 6.578283e-01  3.154631e-04 
 6.582260e-01  3.164411e-04 
 6.586237e-01  3.175176e-04 
 6.590214e-01  3.188296e-04 
 6.594191e-01  3.207733e-04 
 6.598168e-01  3.232973e-04 
 6.602145e-01  3.261678e-04 
 6.606122e-01  3.291548e-04 
 6.610099e-01  3.321092e-04 
 6.614076e-01  3.349966e-04 
 6.618053e-01  3.375836e-04 
 6.622030e-01  3.395348e-04 
 6.626007e-01  3.406255e-04 
 6.629984e-01  3.404820e-04 
 6.633961e-01  3.392691e-04 
 6.637938e-01  3.369586e-04 
 6.641915e-01  3.341076e-04 
 6.645892e-01  3.304278e-04 
 6.649869e-01  3.261548e-04 
 6.653846e-01  3.214956e-04 
 6.657823e-01  3.168061e-04 
 6.661799e-01  3.125186e-04 
 6.665776e-01  3.087123e-04 
 6.669753e-01  3.055218e-04 
 6.673730e-01  3.023910e-04 
 6.677707e-01  2.991441e-04 
 6.681684e-01  2.959480e-04 
 6.685661e-01  2.935717e-04 
 6.689638e-01  2.918586e-04 
 6.693615e-01  2.908322e-04 
 6.697592e-01  2.907066e-04 
 6.701569e-01  2.914937e-04 
 6.705546e-01  2.926880e-04 
 6.709523e-01  2.937541e-04 
 6.713500e-01  2.947271e-04 
 6.717477e-01  2.954728e-04 
 6.721454e-01  2.955930e-04 
 6.725431e-01  2.948744e-04 
 6.729408e-01  2.928066e-04 
 6.733385e-01  2.898000e-04 
 6.737362e-01  2.861953e-04 
 6.741339e-01  2.820337e-04 
 6.745316e-01  2.776693e-04 
 6.749293e-01  2.738184e-04 
 6.753269e-01  2.706839e-04 
 6.757246e-01  2.678395e-04 
 6.761223e-01  2.650344e-04 
 6.765200e-01  2.623378e-04 
 6.769177e-01  2.601013e-04 
 6.773154e-01  2.577581e-04 
 6.777131e-01  2.558235e-04 
 6.781108e-01  2.546549e-04 
 6.785085e-01  2.546537e-04 
 6.789062e-01  2.560643e-04 
 6.793039e-01  2.589826e-04 
 6.797016e-01  2.630804e-04 
 6.800993e-01  2.680396e-04 
 6.804970e-01  2.732106e-04 
 6.808947e-01  2.780450e-04 
 6.812924e-01  2.822111e-04 
 6.816901e-01  2.854465e-04 
 6.820878e-01  2.868452e-04 
 6.824855e-01  2.866637e-04 
 6.828832e-01  2.850836e-04 
 6.832809e-01  2.829829e-04 
 6.836786e-01  2.802921e-04 
 6.840762e-01  2.771373e-04 
 6.844739e-01  2.736744e-04 
 6.848716e-01  2.694130e-04 
 6.852693e-01  2.642805e-04 
 6.856670e-01  2.585819e-04 
 6.860647e-01  2.524965e-04 
 6.864624e-01  2.459646e-04 
 6.868601e-01  2.394293e-04 
 6.872578e-01  2.333086e-04 
 6.876555e-01  2.276000e-04 
 6.880532e-01  2.224746e-04 
 6.884509e-01  2.186235e-04 
 6.888486e-01  2.157625e-04 
 6.892463e-01  2.133952e-04 
 6.896440e-01  2.108092e-04 
 6.900417e-01  2.085975e-04 
 6.904394e-01  2.066570e-04 
 6.908371e-01  2.049311e-04 
 6.912348e-01  2.030755e-04 
 6.916325e-01  2.008979e-04 
 6.920302e-01  1.979804e-04 
 6.924279e-01  1.940448e-04 
 6.928256e-01  1.891737e-04 
 6.932232e-01  1.834410e-04 
 6.936209e-01  1.770687e-04 
 6.940186e-01  1.699636e-04 
 6.944163e-01  1.618475e-04 
 6.948140e-01  1.525269e-04 
 6.952117e-01  1.421987e-04 
 6.956094e-01  1.312123e-04 
 6.960071e-01  1.198982e-04 
 6.964048e-01  1.088923e-04 
 6.968025e-01  9.845753e-05 
 6.972002e-01  8.884382e-05 
 6.975979e-01  8.005975e-05 
 6.979956e-01  7.272363e-05 
 6.983933e-01  6.700819e-05 
 6.987910e-01  6.278997e-05 
 6.991887e-01  5.961346e-05 
 6.995864e-01  5.728823e-05 
 6.999841e-01  5.541266e-05 
 7.003818e-01  5.418442e-05 
 7.007795e-01  5.328761e-05 
 7.011772e-01  5.233541e-05 
 7.015749e-01  5.093195e-05 
 7.019726e-01  4.925379e-05 
 7.023702e-01  4.730249e-05 
 7.027679e-01  4.483273e-05 
 7.031656e-01  4.140817e-05 
 7.035633e-01  3.747386e-05 
 7.039610e-01  3.314297e-05 
 7.043587e-01  2.822727e-05 
 7.047564e-01  2.283588e-05 
 7.051541e-01  1.750020e-05 
 7.055518e-01  1.253350e-05 
 7.059495e-01  8.369539e-06 
 7.063472e-01  4.691160e-06 
 7.067449e-01  1.744243e-06 
 7.071426e-01 -5.673536e-07 
 7.075403e-01 -2.349491e-06 
 7.079380e-01 -2.999266e-06 
 7.083357e-01 -2.432024e-06 
 7.087334e-01 -2.524074e-07 
 7.091311e-01  3.233024e-06 
 7.095288e-01  7.662238e-06 
 7.099265e-01  1.268401e-05 
 7.103242e-01  1.873905e-05 
 7.107219e-01  2.566136e-05 
 7.111196e-01  3.321420e-05 
 7.115172e-01  4.124566e-05 
 7.119149e-01  4.907908e-05 
 7.123126e-01  5.596941e-05 
 7.127103e-01  6.196170e-05 
 7.131080e-01  6.683847e-05 
 7.135057e-01  7.071278e-05 
 7.139034e-01  7.380616e-05 
 7.143011e-01  7.588276e-05 
 7.146988e-01  7.689023e-05 
 7.150965e-01  7.699074e-05 
 7.154942e-01  7.694482e-05 
 7.158919e-01  7.671203e-05 
 7.162896e-01  7.641241e-05 
 7.166873e-01  7.656749e-05 
 7.170850e-01  7.743022e-05 
 7.174827e-01  7.909692e-05 
 7.178804e-01  8.211928e-05 
 7.182781e-01  8.660096e-05 
 7.186758e-01  9.248511e-05 
 7.190735e-01  9.935802e-05 
 7.194712e-01  1.069060e-04 
 7.198689e-01  1.150073e-04 
 7.202666e-01  1.222492e-04 
 7.206642e-01  1.286266e-04 
 7.210619e-01  1.344401e-04 
 7.214596e-01  1.401609e-04 
 7.218573e-01  1.453666e-04 
 7.222550e-01  1.497655e-04 
 7.226527e-01  1.531695e-04 
 7.230504e-01  1.551985e-04 
 7.234481e-01  1.564011e-04 
 7.238458e-01  1.574520e-04 
 7.242435e-01  1.581896e-04 
 7.246412e-01  1.582929e-04 
 7.250389e-01  1.574069e-04 
 7.254366e-01  1.555859e-04 
 7.258343e-01  1.534710e-04 
 7.262320e-01  1.518964e-04 
 7.266297e-01  1.508548e-04 
 7.270274e-01  1.505052e-04 
 7.274251e-01  1.507391e-04 
 7.278228e-01  1.515102e-04 
 7.282205e-01  1.526075e-04 
 7.286182e-01  1.545238e-04 
 7.290159e-01  1.575671e-04 
 7.294136e-01  1.613922e-04 
 7.298112e-01  1.654562e-04 
 7.302089e-01  1.695637e-04 
 7.306066e-01  1.737656e-04 
 7.310043e-01  1.780992e-04 
 7.314020e-01  1.826820e-04 
 7.317997e-01  1.875664e-04 
 7.321974e-01  1.919695e-04 
 7.325951e-01  1.955459e-04 
 7.329928e-01  1.982453e-04 
 7.333905e-01  1.995908e-04 
 7.337882e-01  1.995101e-04 
 7.341859e-01  1.984751e-04 
 7.345836e-01  1.965958e-04 
 7.349813e-01  1.938147e-04 
 7.353790e-01  1.904662e-04 
 7.357767e-01  1.874353e-04 
 7.361744e-01  1.855389e-04 
 7.365721e-01  1.855947e-04 
 7.369698e-01  1.874306e-04 
 7.373675e-01  1.903825e-04 
 7.377652e-01  1.938235e-04 
 7.381629e-01  1.976546e-04 
 7.385606e-01  2.018724e-04 
 7.389582e-01  2.065752e-04 
 7.393559e-01  2.119446e-04 
 7.397536e-01  2.175465e-04 
 7.401513e-01  2.229779e-04 
 7.405490e-01  2.278835e-04 
 7.409467e-01  2.330226e-04 
 7.413444e-01  2.377590e-04 
 7.417421e-01  2.419485e-04 
 7.421398e-01  2.451429e-04 
 7.425375e-01  2.472973e-04 
 7.429352e-01  2.481035e-04 
 7.433329e-01  2.475779e-04 
 7.437306e-01  2.463504e-04 
 7.441283e-01  2.445951e-04 
 7.445260e-01  2.426967e-04 
 7.449237e-01  2.409618e-04 
 7.453214e-01  2.391626e-04 
 7.457191e-01  2.375865e-04 
 7.461168e-01  2.359683e-04 
 7.465145e-01  2.344920e-04 
 7.469122e-01  2.327440e-04 
 7.473099e-01  2.306290e-04 
 7.477075e-01  2.280652e-04 
 7.481052e-01  2.252605e-04 
 7.485029e-01  2.224670e-04 
 7.489006e-01  2.200368e-04 
 7.492983e-01  2.177418e-04 
 7.496960e-01  2.160378e-04 
 7.500937e-01  2.151148e-04 
 7.504914e-01  2.142780e-04 
 7.508891e-01  2.130150e-04 
 7.512868e-01  2.109942e-04 
 7.516845e-01  2.086163e-04 
 7.520822e-01  2.053975e-04 
 7.524799e-01  2.011886e-04 
 7.528776e-01  1.959872e-04 
 7.532753e-01  1.900742e-04 
 7.536730e-01  1.836792e-04 
 7.540707e-01  1.771831e-04 
 7.544684e-01  1.707016e-04 
 7.548661e-01  1.648085e-04 
 7.552638e-01  1.595092e-04 
 7.556615e-01  1.545804e-04 
 7.560592e-01  1.497604e-04 
 7.564569e-01  1.454621e-04 
 7.568545e-01  1.419743e-04 
 7.572522e-01  1.392676e-04 
 7.576499e-01  1.374829e-04 
 7.580476e-01  1.366613e-04 
 7.584453e-01  1.364579e-04 
 7.588430e-01  1.363661e-04 
 7.592407e-01  1.367015e-04 
 7.596384e-01  1.377911e-04 
 7.600361e-01  1.395152e-04 
 7.604338e-01  1.413413e-04 
 7.608315e-01  1.431556e-04 
 7.612292e-01  1.447142e-04 
 7.616269e-01  1.463786e-04 
 7.620246e-01  1.481176e-04 
 7.624223e-01  1.501500e-04 
 7.628200e-01  1.522232e-04 
 7.632177e-01  1.543971e-04 
 7.636154e-01  1.568050e-04 
 7.640131e-01  1.601165e-04 
 7.644108e-01  1.642066e-04 
 7.648085e-01  1.685862e-04 
 7.652062e-01  1.733432e-04 
 7.656039e-01  1.786195e-04 
 7.660015e-01  1.842737e-04 
 7.663992e-01  1.905146e-04 
 7.667969e-01  1.975152e-04 
 7.671946e-01  2.050918e-04 
 7.675923e-01  2.127294e-04 
 7.679900e-01  2.203066e-04 
 7.683877e-01  2.280769e-04 
 7.687854e-01  2.360221e-04 
 7.691831e-01  2.441687e-04 
 7.695808e-01  2.525270e-04 
 7.699785e-01  2.611788e-04 
 7.703762e-01  2.699653e-04 
 7.707739e-01  2.785966e-04 
 7.711716e-01  2.872846e-04 
 7.715693e-01  2.956326e-04 
 7.719670e-01  3.037945e-04 
 7.723647e-01  3.115105e-04 
 7.727624e-01  3.185995e-04 
 7.731601e-01  3.251123e-04 
 7.735578e-01  3.312775e-04 
 7.739555e-01  3.377221e-04 
 7.743532e-01  3.441011e-04 
 7.747509e-01  3.512364e-04 
 7.751485e-01  3.593226e-04 
 7.755462e-01  3.680962e-04 
 7.759439e-01  3.769160e-04 
 7.763416e-01  3.855821e-04 
 7.767393e-01  3.936922e-04 
 7.771370e-01  4.014679e-04 
 7.775347e-01  4.084625e-04 
 7.779324e-01  4.148774e-04 
 7.783301e-01  4.207124e-04 
 7.787278e-01  4.264204e-04 
 7.791255e-01  4.319982e-04 
 7.795232e-01  4.377149e-04 
 7.799209e-01  4.431142e-04 
 7.803186e-01  4.479964e-04 
 7.807163e-01  4.521104e-04 
 7.811140e-01  4.555891e-04 
 7.815117e-01  4.584743e-04 
 7.819094e-01  4.611709e-04 
 7.823071e-01  4.633849e-04 
 7.827048e-01  4.651605e-04 
 7.831025e-01  4.666291e-04 
 7.835002e-01  4.683606e-04 
 7.838979e-01  4.706011e-04 
 7.842955e-01  4.738165e-04 
 7.846932e-01  4.776160e-04 
 7.850909e-01  4.820618e-04 
 7.854886e-01  4.870236e-04 
 7.858863e-01  4.924724e-04 
 7.862840e-01  4.977514e-04 
 7.866817e-01  5.030280e-04 
 7.870794e-01  5.082896e-04 
 7.874771e-01  5.134345e-04 
 7.878748e-01  5.180984e-04 
 7.882725e-01  5.225338e-04 
 7.886702e-01  5.272654e-04 
 7.890679e-01  5.324086e-04 
 7.894656e-01  5.369334e-04 
 7.898633e-01  5.405327e-04 
 7.902610e-01  5.432574e-04 
 7.906587e-01  5.452852e-04 
 7.910564e-01  5.463300e-04 
 7.914541e-01  5.462907e-04 
 7.918518e-01  5.454352e-04 
 7.922495e-01  5.439771e-04 
 7.926472e-01  5.425010e-04 
 7.930449e-01  5.414751e-04 
 7.934425e-01  5.418796e-04 
 7.938402e-01  5.439722e-04 
 7.942379e-01  5.474022e-04 
 7.946356e-01  5.518606e-04 
 7.950333e-01  5.566944e-04 
 7.954310e-01  5.615312e-04 
 7.958287e-01  5.663815e-04 
 7.962264e-01  5.713292e-04 
 7.966241e-01  5.759364e-04 
 7.970218e-01  5.804211e-04 
 7.974195e-01  5.846076e-04 
 7.978172e-01  5.884039e-04 
 7.982149e-01  5.918565e-04 
 7.986126e-01  5.950855e-04 
 7.990103e-01  5.978827e-04 
 7.994080e-01  5.999013e-04 
 7.998057e-01  6.005484e-04 
 8.002034e-01  5.998011e-04 
 8.006011e-01  5.975829e-04 
 8.009988e-01  5.940067e-04 
 8.013965e-01  5.895597e-04 
 8.017942e-01  5.848430e-04 
 8.021919e-01  5.803146e-04 
 8.025895e-01  5.761055e-04 
 8.029872e-01  5.720560e-04 
 8.033849e-01  5.682458e-04 
 8.037826e-01  5.645648e-04 
 8.041803e-01  5.614761e-04 
 8.045780e-01  5.587784e-04 
 8.049757e-01  5.563357e-04 
 8.053734e-01  5.542380e-04 
 8.057711e-01  5.531558e-04 
 8.061688e-01  5.529240e-04 
 8.065665e-01  5.535727e-04 
 8.069642e-01  5.549139e-04 
 8.073619e-01  5.565535e-04 
 8.077596e-01  5.577355e-04 
 8.081573e-01  5.579451e-04 
 8.085550e-01  5.568781e-04 
 8.089527e-01  5.543917e-04 
 8.093504e-01  5.504049e-04 
 8.097481e-01  5.451904e-04 
 8.101458e-01  5.385164e-04 
 8.105435e-01  5.301353e-04 
 8.109412e-01  5.202071e-04 
 8.113389e-01  5.091806e-04 
 8.117365e-01  4.976083e-04 
 8.121342e-01  4.860597e-04 
 8.125319e-01  4.752318e-04 
 8.129296e-01  4.657083e-04 
 8.133273e-01  4.573092e-04 
 8.137250e-01  4.503666e-04 
 8.141227e-01  4.452739e-04 
 8.145204e-01  4.424124e-04 
 8.149181e-01  4.413551e-04 
 8.153158e-01  4.416907e-04 
 8.157135e-01  4.429437e-04 
 8.161112e-01  4.444975e-04 
 8.165089e-01  4.462060e-04 
 8.169066e-01  4.482045e-04 
 8.173043e-01  4.507781e-04 
 8.177020e-01  4.537945e-04 
 8.180997e-01  4.569918e-04 
 8.184974e-01  4.597881e-04 
 8.188951e-01  4.622428e-04 
 8.192928e-01  4.645270e-04 
 8.196905e-01  4.665183e-04 
 8.200882e-01  4.678061e-04 
 8.204858e-01  4.681630e-04 
 8.208835e-01  4.677796e-04 
 8.212812e-01  4.667480e-04 
 8.216789e-01  4.657183e-04 
 8.220766e-01  4.651522e-04 
 8.224743e-01  4.650856e-04 
 8.228720e-01  4.656094e-04 
 8.232697e-01  4.668764e-04 
 8.236674e-01  4.691890e-04 
 8.240651e-01  4.726959e-04 
 8.244628e-01  4.773507e-04 
 8.248605e-01  4.833123e-04 
 8.252582e-01  4.901989e-04 
 8.256559e-01  4.975567e-04 
 8.260536e-01  5.057255e-04 
 8.264513e-01  5.147483e-04 
 8.268490e-01  5.249028e-04 
 8.272467e-01  5.359530e-04 
 8.276444e-01  5.476520e-04 
 8.280421e-01  5.593005e-04 
 8.284398e-01  5.701692e-04 
 8.288375e-01  5.796615e-04 
 8.292352e-01  5.874626e-04 
 8.296328e-01  5.933747e-04 
 8.300305e-01  5.974904e-04 
 8.304282e-01  5.997058e-04 
 8.308259e-01  6.001123e-04 
 8.312236e-01  5.994070e-04 
 8.316213e-01  5.984901e-04 
 8.320190e-01  5.975806e-04 
 8.324167e-01  5.972347e-04 
 8.328144e-01  5.978448e-04 
 8.332121e-01  5.997709e-04 
 8.336098e-01  6.027849e-04 
 8.340075e-01  6.064345e-04 
 8.344052e-01  6.105822e-04 
 8.348029e-01  6.155289e-04 
 8.352006e-01  6.211611e-04 
 8.355983e-01  6.270465e-04 
 8.359960e-01  6.328052e-04 
 8.363937e-01  6.389186e-04 
 8.367914e-01  6.453808e-04 
 8.371891e-01  6.519493e-04 
 8.375868e-01  6.584994e-04 
 8.379845e-01  6.647164e-04 
 8.383822e-01  6.701284e-04 
 8.387798e-01  6.741326e-04 
 8.391775e-01  6.770065e-04 
 8.395752e-01  6.787394e-04 
 8.399729e-01  6.790534e-04 
 8.403706e-01  6.783430e-04 
 8.407683e-01  6.769313e-04 
 8.411660e-01  6.750219e-04 
 8.415637e-01  6.730205e-04 
 8.419614e-01  6.711977e-04 
 8.423591e-01  6.694812e-04 
 8.427568e-01  6.677520e-04 
 8.431545e-01  6.659620e-04 
 8.435522e-01  6.641152e-04 
 8.439499e-01  6.620752e-04 
 8.443476e-01  6.600140e-04 
 8.447453e-01  6.580026e-04 
 8.451430e-01  6.567214e-04 
 8.455407e-01  6.561595e-04 
 8.459384e-01  6.566388e-04 
 8.463361e-01  6.583023e-04 
 8.467338e-01  6.611500e-04 
 8.471315e-01  6.639815e-04 
 8.475292e-01  6.664867e-04 
 8.479268e-01  6.683341e-04 
 8.483245e-01  6.698153e-04 
 8.487222e-01  6.706552e-04 
 8.491199e-01  6.704056e-04 
 8.495176e-01  6.690454e-04 
 8.499153e-01  6.664688e-04 
 8.503130e-01  6.634321e-04 
 8.507107e-01  6.601639e-04 
 8.511084e-01  6.567040e-04 
 8.515061e-01  6.531359e-04 
 8.519038e-01  6.493571e-04 
 8.523015e-01  6.453611e-04 
 8.526992e-01  6.411387e-04 
 8.530969e-01  6.370368e-04 
 8.534946e-01  6.329934e-04 
 8.538923e-01  6.290099e-04 
 8.542900e-01  6.252724e-04 
 8.546877e-01  6.222586e-04 
 8.550854e-01  6.201335e-04 
 8.554831e-01  6.188431e-04 
 8.558808e-01  6.178610e-04 
 8.562785e-01  6.168387e-04 
 8.566762e-01  6.152681e-04 
 8.570738e-01  6.131406e-04 
 8.574715e-01  6.105006e-04 
 8.578692e-01  6.076290e-04 
 8.582669e-01  6.046354e-04 
 8.586646e-01  6.010915e-04 
 8.590623e-01  5.969881e-04 
 8.594600e-01  5.920822e-04 
 8.598577e-01  5.865877e-04 
 8.602554e-01  5.806263e-04 
 8.606531e-01  5.738036e-04 
 8.610508e-01  5.657719e-04 
 8.614485e-01  5.570028e-04 
 8.618462e-01  5.478490e-04 
 8.622439e-01  5.384164e-04 
 8.626416e-01  5.292108e-04 
 8.630393e-01  5.204289e-04 
 8.634370e-01  5.120609e-04 
 8.638347e-01  5.038100e-04 
 8.642324e-01  4.954814e-04 
 8.646301e-01  4.870677e-04 
 8.650278e-01  4.783459e-04 
 8.654255e-01  4.700390e-04 
 8.658232e-01  4.621402e-04 
 8.662208e-01  4.542673e-04 
 8.666185e-01  4.467746e-04 
 8.670162e-01  4.396175e-04 
 8.674139e-01  4.328157e-04 
 8.678116e-01  4.255376e-04 
 8.682093e-01  4.178228e-04 
 8.686070e-01  4.098207e-04 
 8.690047e-01  4.012884e-04 
 8.694024e-01  3.921056e-04 
 8.698001e-01  3.828412e-04 
 8.701978e-01  3.736374e-04 
 8.705955e-01  3.650722e-04 
 8.709932e-01  3.567979e-04 
 8.713909e-01  3.491113e-04 
 8.717886e-01  3.418918e-04 
 8.721863e-01  3.350890e-04 
 8.725840e-01  3.285710e-04 
 8.729817e-01  3.219554e-04 
 8.733794e-01  3.154756e-04 
 8.737771e-01  3.095635e-04 
 8.741748e-01  3.039291e-04 
 8.745725e-01  2.988227e-04 
 8.749702e-01  2.945461e-04 
 8.753678e-01  2.912852e-04 
 8.757655e-01  2.891476e-04 
 8.761632e-01  2.876853e-04 
 8.765609e-01  2.868029e-04 
 8.769586e-01  2.863568e-04 
 8.773563e-01  2.860438e-04 
 8.777540e-01  2.855654e-04 
 8.781517e-01  2.846075e-04 
 8.785494e-01  2.833421e-04 
 8.789471e-01  2.822918e-04 
 8.793448e-01  2.815373e-04 
 8.797425e-01  2.812642e-04 
 8.801402e-01  2.812922e-04 
 8.805379e-01  2.815192e-04 
 8.809356e-01  2.822752e-04 
 8.813333e-01  2.832619e-04 
 8.817310e-01  2.847215e-04 
 8.821287e-01  2.867002e-04 
 8.825264e-01  2.894026e-04 
 8.829241e-01  2.926187e-04 
 8.833218e-01  2.963910e-04 
 8.837195e-01  3.006724e-04 
 8.841172e-01  3.055838e-04 
 8.845148e-01  3.111445e-04 
 8.849125e-01  3.171694e-04 
 8.853102e-01  3.232983e-04 
 8.857079e-01  3.292191e-04 
 8.861056e-01  3.345354e-04 
 8.865033e-01  3.389037e-04 
 8.869010e-01  3.425290e-04 
 8.872987e-01  3.454248e-04 
 8.876964e-01  3.476762e-04 
 8.880941e-01  3.491806e-04 
 8.884918e-01  3.500926e-04 
 8.888895e-01  3.509315e-04 
 8.892872e-01  3.516779e-04 
 8.896849e-01  3.527186e-04 
 8.900826e-01  3.541596e-04 
 8.904803e-01  3.563788e-04 
 8.908780e-01  3.593059e-04 
 8.912757e-01  3.622994e-04 
 8.916734e-01  3.646852e-04 
 8.920711e-01  3.664129e-04 
 8.924688e-01  3.679677e-04 
 8.928665e-01  3.696555e-04 
 8.932641e-01  3.711367e-04 
 8.936618e-01  3.725729e-04 
 8.940595e-01  3.743714e-04 
 8.944572e-01  3.762310e-04 
 8.948549e-01  3.782715e-04 
 8.952526e-01  3.805098e-04 
 8.956503e-01  3.823414e-04 
 8.960480e-01  3.830869e-04 
 8.964457e-01  3.829092e-04 
 8.968434e-01  3.817114e-04 
 8.972411e-01  3.800473e-04 
 8.976388e-01  3.779290e-04 
 8.980365e-01  3.759090e-04 
 8.984342e-01  3.737931e-04 
 8.988319e-01  3.716735e-04 
 8.992296e-01  3.692309e-04 
 8.996273e-01  3.666962e-04 
 9.000250e-01  3.641760e-04 
 9.004227e-01  3.618547e-04 
 9.008204e-01  3.595749e-04 
 9.012181e-01  3.574241e-04 
 9.016158e-01  3.552224e-04 
 9.020135e-01  3.532932e-04 
 9.024111e-01  3.520708e-04 
 9.028088e-01  3.521401e-04 
 9.032065e-01  3.530539e-04 
 9.036042e-01  3.546890e-04 
 9.040019e-01  3.565841e-04 
 9.043996e-01  3.583665e-04 
 9.047973e-01  3.590450e-04 
 9.051950e-01  3.585260e-04 
 9.055927e-01  3.568811e-04 
 9.059904e-01  3.542770e-04 
 9.063881e-01  3.502018e-04 
 9.067858e-01  3.446097e-04 
 9.071835e-01  3.380184e-04 
 9.075812e-01  3.310137e-04 
 9.079789e-01  3.241733e-04 
 9.083766e-01  3.177019e-04 
 9.087743e-01  3.116468e-04 
 9.091720e-01  3.058884e-04 
 9.095697e-01  3.002641e-04 
 9.099674e-01  2.950402e-04 
 9.103651e-01  2.905090e-04 
 9.107628e-01  2.868681e-04 
 9.111605e-01  2.839586e-04 
 9.115581e-01  2.816541e-04 
 9.119558e-01  2.791207e-04 
 9.123535e-01  2.767222e-04 
 9.127512e-01  2.744326e-04 
 9.131489e-01  2.721649e-04 
 9.135466e-01  2.694538e-04 
 9.139443e-01  2.661693e-04 
 9.143420e-01  2.619586e-04 
 9.147397e-01  2.567991e-04 
 9.151374e-01  2.513465e-04 
 9.155351e-01  2.458737e-04 
 9.159328e-01  2.402806e-04 
 9.163305e-01  2.336941e-04 
 9.167282e-01  2.260669e-04 
 9.171259e-01  2.172989e-04 
 9.175236e-01  2.077143e-04 
 9.179213e-01  1.979047e-04 
 9.183190e-01  1.883918e-04 
 9.187167e-01  1.793068e-04 
 9.191144e-01  1.703118e-04 
 9.195121e-01  1.615475e-04 
 9.199098e-01  1.533436e-04 
 9.203075e-01  1.457648e-04 
 9.207051e-01  1.390111e-04 
 9.211028e-01  1.326462e-04 
 9.215005e-01  1.267125e-04 
 9.218982e-01  1.208930e-04 
 9.222959e-01  1.150657e-04 
 9.226936e-01  1.096676e-04 
 9.230913e-01  1.050725e-04 
 9.234890e-01  1.012415e-04 
 9.238867e-01  9.758971e-05 
 9.242844e-01  9.372375e-05 
 9.246821e-01  8.943445e-05 
 9.250798e-01  8.412012e-05 
 9.254775e-01  7.709007e-05 
 9.258752e-01  6.872082e-05 
 9.262729e-01  5.903286e-05 
 9.266706e-01  4.798525e-05 
 9.270683e-01  3.618171e-05 
 9.274660e-01  2.422849e-05 
 9.278637e-01  1.301151e-05 
 9.282614e-01  2.977677e-06 
 9.286591e-01 -5.582476e-06 
 9.290568e-01 -1.273784e-05 
 9.294545e-01 -1.881092e-05 
 9.298521e-01 -2.423733e-05 
 9.302498e-01 -2.867708e-05 
 9.306475e-01 -3.231903e-05 
 9.310452e-01 -3.499093e-05 
 9.314429e-01 -3.698964e-05 
 9.318406e-01 -3.818938e-05 
 9.322383e-01 -3.859430e-05 
 9.326360e-01 -3.814541e-05 
 9.330337e-01 -3.679487e-05 
 9.334314e-01 -3.491135e-05 
 9.338291e-01 -3.264883e-05 
 9.342268e-01 -3.099774e-05 
 9.346245e-01 -3.040258e-05 
 9.350222e-01 -3.074417e-05 
 9.354199e-01 -3.169092e-05 
 9.358176e-01 -3.330752e-05 
 9.362153e-01 -3.519070e-05 
 9.366130e-01 -3.704623e-05 
 9.370107e-01 -3.857599e-05 
 9.374084e-01 -4.022232e-05 
 9.378061e-01 -4.169781e-05 
 9.382038e-01 -4.257216e-05 
 9.386015e-01 -4.253637e-05 
 9.389991e-01 -4.148780e-05 
 9.393968e-01 -3.955456e-05 
 9.397945e-01 -3.661539e-05 
 9.401922e-01 -3.306087e-05 
 9.405899e-01 -2.832483e-05 
 9.409876e-01 -2.260220e-05 
 9.413853e-01 -1.567742e-05 
 9.417830e-01 -7.898999e-06 
 9.421807e-01  9.128350e-07 
 9.425784e-01  1.046735e-05 
 9.429761e-01  2.069907e-05 
 9.433738e-01  3.150585e-05 
 9.437715e-01  4.273620e-05 
 9.441692e-01  5.328699e-05 
 9.445669e-01  6.237180e-05 
 9.449646e-01  7.019823e-05 
 9.453623e-01  7.681759e-05 
 9.457600e-01  8.215059e-05 
 9.461577e-01  8.680139e-05 
 9.465554e-01  9.113842e-05 
 9.469531e-01  9.538936e-05 
 9.473508e-01  9.903886e-05 
 9.477485e-01  1.022758e-04 
 9.481461e-01  1.056777e-04 
 9.485438e-01  1.098238e-04 
 9.489415e-01  1.141368e-04 
 9.493392e-01  1.183964e-04 
 9.497369e-01  1.226900e-04 
 9.501346e-01  1.274156e-04 
 9.505323e-01  1.327114e-04 
 9.509300e-01  1.388550e-04 
 9.513277e-01  1.462531e-04 
 9.517254e-01  1.545051e-04 
 9.521231e-01  1.634052e-04 
 9.525208e-01  1.724204e-04 
 9.529185e-01  1.813662e-04 
 9.533162e-01  1.896757e-04 
 9.537139e-01  1.974600e-04 
 9.541116e-01  2.046342e-04 
 9.545093e-01  2.107058e-04 
 9.549070e-01  2.155703e-04 
 9.553047e-01  2.193485e-04 
 9.557024e-01  2.222548e-04 
 9.561001e-01  2.242967e-04 
 9.564978e-01  2.253466e-04 
 9.568955e-01  2.252497e-04 
 9.572931e-01  2.241174e-04 
 9.576908e-01  2.221896e-04 
 9.580885e-01  2.196694e-04 
 9.584862e-01  2.170043e-04 
 9.588839e-01  2.143510e-04 
 9.592816e-01  2.119844e-04 
 9.596793e-01  2.105884e-04 
 9.600770e-01  2.102793e-04 
 9.604747e-01  2.114743e-04 
 9.608724e-01  2.136454e-04 
 9.612701e-01  2.165872e-04 
 9.616678e-01  2.199517e-04 
 9.620655e-01  2.241264e-04 
 9.624632e-01  2.285268e-04 
 9.628609e-01  2.329656e-04 
 9.632586e-01  2.369351e-04 
 9.636563e-01  2.407153e-04 
 9.640540e-01  2.443751e-04 
 9.644517e-01  2.474670e-04 
 9.648494e-01  2.497545e-04 
 9.652471e-01  2.512160e-04 
 9.656448e-01  2.516252e-04 
 9.660424e-01  2.507491e-04 
 9.664401e-01  2.486014e-04 
 9.668378e-01  2.455145e-04 
 9.672355e-01  2.416562e-04 
 9.676332e-01  2.379142e-04 
 9.680309e-01  2.341822e-04 
 9.684286e-01  2.304661e-04 
 9.688263e-01  2.266821e-04 
 9.692240e-01  2.227362e-04 
 9.696217e-01  2.188351e-04 
 9.700194e-01  2.153545e-04 
 9.704171e-01  2.125848e-04 
 9.708148e-01  2.108977e-04 
 9.712125e-01  2.098068e-04 
 9.716102e-01  2.093860e-04 
 9.720079e-01  2.097416e-04 
 9.724056e-01  2.107927e-04 
 9.728033e-01  2.124471e-04 
 9.732010e-01  2.143860e-04 
 9.735987e-01  2.161443e-04 
 9.739964e-01  2.168171e-04 
 9.743941e-01  2.160057e-04 
 9.747918e-01  2.139850e-04 
 9.751894e-01  2.110733e-04 
 9.755871e-01  2.074010e-04 
 9.759848e-01  2.030410e-04 
 9.763825e-01  1.979765e-04 
 9.767802e-01  1.925497e-04 
 9.771779e-01  1.864270e-04 
 9.775756e-01  1.803543e-04 
 9.779733e-01  1.741689e-04 
 9.783710e-01  1.676584e-04 
 9.787687e-01  1.611713e-04 
 9.791664e-01  1.550926e-04 
 9.795641e-01  1.496305e-04 
 9.799618e-01  1.448691e-04 
 9.803595e-01  1.410589e-04 
 9.807572e-01  1.385549e-04 
 9.811549e-01  1.372069e-04 
 9.815526e-01  1.367393e-04 
 9.819503e-01  1.366994e-04 
 9.823480e-01  1.365438e-04 
 9.827457e-01  1.357811e-04 
 9.831434e-01  1.341997e-04 
 9.835411e-01  1.319415e-04 
 9.839388e-01  1.294030e-04 
 9.843364e-01  1.261932e-04 
 9.847341e-01  1.228890e-04 
 9.851318e-01  1.200214e-04 
 9.855295e-01  1.175266e-04 
 9.859272e-01  1.158902e-04 
 9.863249e-01  1.140567e-04 
 9.867226e-01  1.119837e-04 
 9.871203e-01  1.089956e-04 
 9.875180e-01  1.056270e-04 
 9.879157e-01  1.021215e-04 
 9.883134e-01  9.883758e-05 
 9.887111e-01  9.601957e-05 
 9.891088e-01  9.402791e-05 
 9.895065e-01  9.269988e-05 
 9.899042e-01  9.231320e-05 
 9.903019e-01  9.312407e-05 
 9.906996e-01  9.490885e-05 
 9.910973e-01  9.766644e-05 
 9.914950e-01  1.010676e-04 
 9.918927e-01  1.046576e-04 
 9.922904e-01  1.084372e-04 
 9.926881e-01  1.125340e-04 
 9.930858e-01  1.171166e-04 
 9.934834e-01  1.215537e-04 
 9.938811e-01  1.258653e-04 
 9.942788e-01  1.305035e-04 
 9.946765e-01  1.350994e-04 
 9.950742e-01  1.397686e-04 
 9.954719e-01  1.440595e-04 
 9.958696e-01  1.486073e-04 
 9.962673e-01  1.533662e-04 
 9.966650e-01  1.584290e-04 
 9.970627e-01  1.639307e-04 
 9.974604e-01  1.696721e-04 
 9.978581e-01  1.763417e-04 
 9.982558e-01  1.841973e-04 
 9.986535e-01  1.928963e-04 
 9.990512e-01  2.027088e-04 
 9.994489e-01  2.133293e-04 
 9.998466e-01  2.248059e-04 
 1.000244e+00  2.369554e-04 
 1.000642e+00  2.494511e-04 
 1.001040e+00  2.622777e-04 
 1.001437e+00  2.747472e-04 
 1.001835e+00  2.862500e-04 
 1.002233e+00  2.966671e-04 
 1.002630e+00  3.061728e-04 
 1.003028e+00  3.149826e-04 
 1.003426e+00  3.231089e-04 
 1.003824e+00  3.311245e-04 
 1.004221e+00  3.394013e-04 
 1.004619e+00  3.478412e-04 
 1.005017e+00  3.562834e-04 
 1.005414e+00  3.647621e-04 
 1.005812e+00  3.735072e-04 
 1.006210e+00  3.829614e-04 
 1.006607e+00  3.926273e-04 
 1.007005e+00  4.024608e-04 
 1.007403e+00  4.120254e-04 
 1.007800e+00  4.213629e-04 
 1.008198e+00  4.308043e-04 
 1.008596e+00  4.407788e-04 
 1.008994e+00  4.509369e-04 
 1.009391e+00  4.612124e-04 
 1.009789e+00  4.714383e-04 
 1.010187e+00  4.815049e-04 
 1.010584e+00  4.907041e-04 
 1.010982e+00  4.989056e-04 
 1.011380e+00  5.067586e-04 
 1.011777e+00  5.140870e-04 
 1.012175e+00  5.204513e-04 
 1.012573e+00  5.261657e-04 
 1.012971e+00  5.313131e-04 
 1.013368e+00  5.359997e-04 
 1.013766e+00  5.399267e-04 
 1.014164e+00  5.431428e-04 
 1.014561e+00  5.454515e-04 
 1.014959e+00  5.464377e-04 
 1.015357e+00  5.468980e-04 
 1.015754e+00  5.473447e-04 
 1.016152e+00  5.480009e-04 
 1.016550e+00  5.488698e-04 
 1.016947e+00  5.504823e-04 
 1.017345e+00  5.528164e-04 
 1.017743e+00  5.558437e-04 
 1.018141e+00  5.596262e-04 
 1.018538e+00  5.640166e-04 
 1.018936e+00  5.686585e-04 
 1.019334e+00  5.735559e-04 
 1.019731e+00  5.786024e-04 
 1.020129e+00  5.835426e-04 
 1.020527e+00  5.882710e-04 
 1.020924e+00  5.923259e-04 
 1.021322e+00  5.961000e-04 
 1.021720e+00  5.988397e-04 
 1.022118e+00  6.002898e-04 
 1.022515e+00  6.001671e-04 
 1.022913e+00  5.983015e-04 
 1.023311e+00  5.953455e-04 
 1.023708e+00  5.918065e-04 
 1.024106e+00  5.880390e-04 
 1.024504e+00  5.845021e-04 
 1.024901e+00  5.813196e-04 
 1.025299e+00  5.785583e-04 
 1.025697e+00  5.762094e-04 
 1.026094e+00  5.744434e-04 
 1.026492e+00  5.731235e-04 
 1.026890e+00  5.719252e-04 
 1.027288e+00  5.711372e-04 
 1.027685e+00  5.709322e-04 
 1.028083e+00  5.711486e-04 
 1.028481e+00  5.720980e-04 
 1.028878e+00  5.735900e-04 
 1.029276e+00  5.756238e-04 
 1.029674e+00  5.778484e-04 
 1.030071e+00  5.800459e-04 
 1.030469e+00  5.820808e-04 
 1.030867e+00  5.831098e-04 
 1.031265e+00  5.827827e-04 
 1.031662e+00  5.812475e-04 
 1.032060e+00  5.784961e-04 
 1.032458e+00  5.747408e-04 
 1.032855e+00  5.699846e-04 
 1.033253e+00  5.645817e-04 
 1.033651e+00  5.586258e-04 
 1.034048e+00  5.520979e-04 
 1.034446e+00  5.451130e-04 
 1.034844e+00  5.381145e-04 
 1.035241e+00  5.307260e-04 
 1.035639e+00  5.224895e-04 
 1.036037e+00  5.137748e-04 
 1.036435e+00  5.053156e-04 
 1.036832e+00  4.978858e-04 
 1.037230e+00  4.919488e-04 
 1.037628e+00  4.876876e-04 
 1.038025e+00  4.850730e-04 
 1.038423e+00  4.832033e-04 
 1.038821e+00  4.824163e-04 
 1.039218e+00  4.821998e-04 
 1.039616e+00  4.823793e-04 
 1.040014e+00  4.823005e-04 
 1.040412e+00  4.814495e-04 
 1.040809e+00  4.800114e-04 
 1.041207e+00  4.780784e-04 
 1.041605e+00  4.756625e-04 
 1.042002e+00  4.731081e-04 
 1.042400e+00  4.702148e-04 
 1.042798e+00  4.670066e-04 
 1.043195e+00  4.630270e-04 
 1.043593e+00  4.580245e-04 
 1.043991e+00  4.520991e-04 
 1.044388e+00  4.453096e-04 
 1.044786e+00  4.378619e-04 
 1.045184e+00  4.305169e-04 
 1.045582e+00  4.239152e-04 
 1.045979e+00  4.182065e-04 
 1.046377e+00  4.133812e-04 
 1.046775e+00  4.100041e-04 
 1.047172e+00  4.083712e-04 
 1.047570e+00  4.082105e-04 
 1.047968e+00  4.095934e-04 
 1.048365e+00  4.125626e-04 
 1.048763e+00  4.164451e-04 
 1.049161e+00  4.211915e-04 
 1.049559e+00  4.263125e-04 
 1.049956e+00  4.316316e-04 
 1.050354e+00  4.373247e-04 
 1.050752e+00  4.429047e-04 
 1.051149e+00  4.479460e-04 
 1.051547e+00  4.525480e-04 
 1.051945e+00  4.564175e-04 
 1.052342e+00  4.600628e-04 
 1.052740e+00  4.632863e-04 
 1.053138e+00  4.658201e-04 
 1.053535e+00  4.676450e-04 
 1.053933e+00  4.690297e-04 
 1.054331e+00  4.697995e-04 
 1.054729e+00  4.704759e-04 
 1.055126e+00  4.713599e-04 
 1.055524e+00  4.728440e-04 
 1.055922e+00  4.753792e-04 
 1.056319e+00  4.791885e-04 
 1.056717e+00  4.844237e-04 
 1.057115e+00  4.912994e-04 
 1.057512e+00  4.997401e-04 
 1.057910e+00  5.098755e-04 
 1.058308e+00  5.211763e-04 
 1.058706e+00  5.334086e-04 
 1.059103e+00  5.458418e-04 
 1.059501e+00  5.581726e-04 
 1.059899e+00  5.702254e-04 
 1.060296e+00  5.817201e-04 
 1.060694e+00  5.926963e-04 
 1.061092e+00  6.033450e-04 
 1.061489e+00  6.136592e-04 
 1.061887e+00  6.237252e-04 
 1.062285e+00  6.334213e-04 
 1.062682e+00  6.418257e-04 
 1.063080e+00  6.486333e-04 
 1.063478e+00  6.538635e-04 
 1.063876e+00  6.575654e-04 
 1.064273e+00  6.600987e-04 
 1.064671e+00  6.613428e-04 
 1.065069e+00  6.618722e-04 
 1.065466e+00  6.625578e-04 
 1.065864e+00  6.637820e-04 
 1.066262e+00  6.661535e-04 
 1.066659e+00  6.695629e-04 
 1.067057e+00  6.743020e-04 
 1.067455e+00  6.800689e-04 
 1.067853e+00  6.863912e-04 
 1.068250e+00  6.931263e-04 
 1.068648e+00  7.000360e-04 
 1.069046e+00  7.071207e-04 
 1.069443e+00  7.143789e-04 
 1.069841e+00  7.212950e-04 
 1.070239e+00  7.276140e-04 
 1.070636e+00  7.328485e-04 
 1.071034e+00  7.366941e-04 
 1.071432e+00  7.390781e-04 
 1.071829e+00  7.397204e-04 
 1.072227e+00  7.387019e-04 
 1.072625e+00  7.363970e-04 
 1.073023e+00  7.332371e-04 
 1.073420e+00  7.294074e-04 
 1.073818e+00  7.252093e-04 
 1.074216e+00  7.206851e-04 
 1.074613e+00  7.158497e-04 
 1.075011e+00  7.106948e-04 
 1.075409e+00  7.057717e-04 
 1.075806e+00  7.013275e-04 
 1.076204e+00  6.977864e-04 
 1.076602e+00  6.955797e-04 
 1.077000e+00  6.947565e-04 
 1.077397e+00  6.953836e-04 
 1.077795e+00  6.969529e-04 
 1.078193e+00  6.987802e-04 
 1.078590e+00  7.002142e-04 
 1.078988e+00  7.009663e-04 
 1.079386e+00  7.007484e-04 
 1.079783e+00  6.997750e-04 
 1.080181e+00  6.977179e-04 
 1.080579e+00  6.946663e-04 
 1.080976e+00  6.915367e-04 
 1.081374e+00  6.885520e-04 
 1.081772e+00  6.854786e-04 
 1.082170e+00  6.823983e-04 
 1.082567e+00  6.789678e-04 
 1.082965e+00  6.742196e-04 
 1.083363e+00  6.681289e-04 
 1.083760e+00  6.606430e-04 
 1.084158e+00  6.518504e-04 
 1.084556e+00  6.419712e-04 
 1.084953e+00  6.315580e-04 
 1.085351e+00  6.215910e-04 
 1.085749e+00  6.125117e-04 
 1.086147e+00  6.050346e-04 
 1.086544e+00  5.993501e-04 
 1.086942e+00  5.949015e-04 
 1.087340e+00  5.914577e-04 
 1.087737e+00  5.885038e-04 
 1.088135e+00  5.855954e-04 
 1.088533e+00  5.824253e-04 
 1.088930e+00  5.790287e-04 
 1.089328e+00  5.752713e-04 
 1.089726e+00  5.713790e-04 
 1.090123e+00  5.670423e-04 
 1.090521e+00  5.625132e-04 
 1.090919e+00  5.573963e-04 
 1.091317e+00  5.514728e-04 
 1.091714e+00  5.445292e-04 
 1.092112e+00  5.360457e-04 
 1.092510e+00  5.262757e-04 
 1.092907e+00  5.151980e-04 
 1.093305e+00  5.031820e-04 
 1.093703e+00  4.907626e-04 
 1.094100e+00  4.784137e-04 
 1.094498e+00  4.668256e-04 
 1.094896e+00  4.566842e-04 
 1.095294e+00  4.478660e-04 
 1.095691e+00  4.397026e-04 
 1.096089e+00  4.319438e-04 
 1.096487e+00  4.247629e-04 
 1.096884e+00  4.184036e-04 
 1.097282e+00  4.125503e-04 
 1.097680e+00  4.070037e-04 
 1.098077e+00  4.015133e-04 
 1.098475e+00  3.955167e-04 
 1.098873e+00  3.891687e-04 
 1.099270e+00  3.824446e-04 
 1.099668e+00  3.759010e-04 
 1.100066e+00  3.692123e-04 
 1.100464e+00  3.622952e-04 
 1.100861e+00  3.554579e-04 
 1.101259e+00  3.485794e-04 
 1.101657e+00  3.418177e-04 
 1.102054e+00  3.352929e-04 
 1.102452e+00  3.288215e-04 
 1.102850e+00  3.222685e-04 
 1.103247e+00  3.154361e-04 
 1.103645e+00  3.082539e-04 
 1.104043e+00  3.012205e-04 
 1.104441e+00  2.945827e-04 
 1.104838e+00  2.885734e-04 
 1.105236e+00  2.831487e-04 
 1.105634e+00  2.785215e-04 
 1.106031e+00  2.748960e-04 
 1.106429e+00  2.721303e-04 
 1.106827e+00  2.705258e-04 
 1.107224e+00  2.699640e-04 
 1.107622e+00  2.701694e-04 
 1.108020e+00  2.708928e-04 
 1.108417e+00  2.720257e-04 
 1.108815e+00  2.733234e-04 
 1.109213e+00  2.748307e-04 
 1.109611e+00  2.770600e-04 
 1.110008e+00  2.800522e-04 
 1.110406e+00  2.831137e-04 
 1.110804e+00  2.858957e-04 
 1.111201e+00  2.883237e-04 
 1.111599e+00  2.904244e-04 
 1.111997e+00  2.923042e-04 
 1.112394e+00  2.941528e-04 
 1.112792e+00  2.958054e-04 
 1.113190e+00  2.970189e-04 
 1.113588e+00  2.980922e-04 
 1.113985e+00  2.996541e-04 
 1.114383e+00  3.018196e-04 
 1.114781e+00  3.051051e-04 
 1.115178e+00  3.093659e-04 
 1.115576e+00  3.144374e-04 
 1.115974e+00  3.197419e-04 
 1.116371e+00  3.252247e-04 
 1.116769e+00  3.307786e-04 
 1.117167e+00  3.364643e-04 
 1.117564e+00  3.420830e-04 
 1.117962e+00  3.477507e-04 
 1.118360e+00  3.534609e-04 
 1.118758e+00  3.588578e-04 
 1.119155e+00  3.642309e-04 
 1.119553e+00  3.695830e-04 
 1.119951e+00  3.749209e-04 
 1.120348e+00  3.798440e-04 
 1.120746e+00  3.841857e-04 
 1.121144e+00  3.880597e-04 
 1.121541e+00  3.917142e-04 
 1.121939e+00  3.952594e-04 
 1.122337e+00  3.987263e-04 
 1.122735e+00  4.022842e-04 
 1.123132e+00  4.057004e-04 
 1.123530e+00  4.086440e-04 
 1.123928e+00  4.110525e-04 
 1.124325e+00  4.129574e-04 
 1.124723e+00  4.145820e-04 
 1.125121e+00  4.165601e-04 
 1.125518e+00  4.186981e-04 
 1.125916e+00  4.210000e-04 
 1.126314e+00  4.232798e-04 
 1.126711e+00  4.251944e-04 
 1.127109e+00  4.266737e-04 
 1.127507e+00  4.275061e-04 
 1.127905e+00  4.276028e-04 
 1.128302e+00  4.268352e-04 
 1.128700e+00  4.254605e-04 
 1.129098e+00  4.234680e-04 
 1.129495e+00  4.209761e-04 
 1.129893e+00  4.181249e-04 
 1.130291e+00  4.152189e-04 
 1.130688e+00  4.124143e-04 
 1.131086e+00  4.097737e-04 
 1.131484e+00  4.064510e-04 
 1.131882e+00  4.023445e-04 
 1.132279e+00  3.971880e-04 
 1.132677e+00  3.915226e-04 
 1.133075e+00  3.860810e-04 
 1.133472e+00  3.810237e-04 
 1.133870e+00  3.765492e-04 
 1.134268e+00  3.725984e-04 
 1.134665e+00  3.693705e-04 
 1.135063e+00  3.669012e-04 
 1.135461e+00  3.645431e-04 
 1.135858e+00  3.621719e-04 
 1.136256e+00  3.588728e-04 
 1.136654e+00  3.546713e-04 
 1.137052e+00  3.499361e-04 
 1.137449e+00  3.450069e-04 
 1.137847e+00  3.397419e-04 
 1.138245e+00  3.341284e-04 
 1.138642e+00  3.285937e-04 
 1.139040e+00  3.234177e-04 
 1.139438e+00  3.186509e-04 
 1.139835e+00  3.135713e-04 
 1.140233e+00  3.079341e-04 
 1.140631e+00  3.013541e-04 
 1.141029e+00  2.936593e-04 
 1.141426e+00  2.852844e-04 
 1.141824e+00  2.769004e-04 
 1.142222e+00  2.688775e-04 
 1.142619e+00  2.615314e-04 
 1.143017e+00  2.551700e-04 
 1.143415e+00  2.498104e-04 
 1.143812e+00  2.454055e-04 
 1.144210e+00  2.415194e-04 
 1.144608e+00  2.380903e-04 
 1.145005e+00  2.346538e-04 
 1.145403e+00  2.311879e-04 
 1.145801e+00  2.274062e-04 
 1.146199e+00  2.235853e-04 
 1.146596e+00  2.198009e-04 
 1.146994e+00  2.157209e-04 
 1.147392e+00  2.110563e-04 
 1.147789e+00  2.057687e-04 
 1.148187e+00  1.995274e-04 
 1.148585e+00  1.918491e-04 
 1.148982e+00  1.830534e-04 
 1.149380e+00  1.731234e-04 
 1.149778e+00  1.623196e-04 
 1.150176e+00  1.511639e-04 
 1.150573e+00  1.401013e-04 
 1.150971e+00  1.294072e-04 
 1.151369e+00  1.185737e-04 
 1.151766e+00  1.081111e-04 
 1.152164e+00  9.863495e-05 
 1.152562e+00  8.996909e-05 
 1.152959e+00  8.229829e-05 
 1.153357e+00  7.531823e-05 
 1.153755e+00  6.887028e-05 
 1.154152e+00  6.329593e-05 
 1.154550e+00  5.890741e-05 
 1.154948e+00  5.543534e-05 
 1.155346e+00  5.248458e-05 
 1.155743e+00  4.937172e-05 
 1.156141e+00  4.624700e-05 
 1.156539e+00  4.264078e-05 
 1.156936e+00  3.865142e-05 
 1.157334e+00  3.443039e-05 
 1.157732e+00  2.990899e-05 
 1.158129e+00  2.503655e-05 
 1.158527e+00  1.944887e-05 
 1.158925e+00  1.348533e-05 
 1.159323e+00  7.018595e-06 
 1.159720e+00 -1.279193e-07 
 1.160118e+00 -8.011351e-06 
 1.160516e+00 -1.620589e-05 
 1.160913e+00 -2.442933e-05 
 1.161311e+00 -3.223011e-05 
 1.161709e+00 -3.934383e-05 
 1.162106e+00 -4.527148e-05 
 1.162504e+00 -4.975892e-05 
 1.162902e+00 -5.282380e-05 
 1.163299e+00 -5.430887e-05 
 1.163697e+00 -5.408571e-05 
 1.164095e+00 -5.232518e-05 
 1.164493e+00 -4.907448e-05 
 1.164890e+00 -4.459776e-05 
 1.165288e+00 -3.904445e-05 
 1.165686e+00 -3.309224e-05 
 1.166083e+00 -2.732542e-05 
 1.166481e+00 -2.181889e-05 
 1.166879e+00 -1.663522e-05 
 1.167276e+00 -1.150899e-05 
 1.167674e+00 -6.820855e-06 
 1.168072e+00 -3.159765e-06 
 1.168470e+00 -1.132176e-06 
 1.168867e+00 -1.986341e-07 
 1.169265e+00 -8.103916e-08 
 1.169663e+00 -8.593355e-08 
 1.170060e+00 -1.802968e-07 
 1.170458e+00  5.614562e-08 
 1.170856e+00  4.818562e-07 
 1.171253e+00  1.639324e-06 
 1.171651e+00  3.828120e-06 
 1.172049e+00  7.207345e-06 
 1.172446e+00  1.184505e-05 
 1.172844e+00  1.761625e-05 
 1.173242e+00  2.423487e-05 
 1.173640e+00  3.159732e-05 
 1.174037e+00  3.987970e-05 
 1.174435e+00  4.915253e-05 
 1.174833e+00  5.926156e-05 
 1.175230e+00  6.984173e-05 
 1.175628e+00  8.073634e-05 
 1.176026e+00  9.127910e-05 
 1.176423e+00  1.014311e-04 
 1.176821e+00  1.113497e-04 
 1.177219e+00  1.210854e-04 
 1.177617e+00  1.303010e-04 
 1.178014e+00  1.387844e-04 
 1.178412e+00  1.463138e-04 
 1.178810e+00  1.527493e-04 
 1.179207e+00  1.583882e-04 
 1.179605e+00  1.633212e-04 
 1.180003e+00  1.673445e-04 
 1.180400e+00  1.703904e-04 
 1.180798e+00  1.725187e-04 
 1.181196e+00  1.739371e-04 
 1.181593e+00  1.753010e-04 
 1.181991e+00  1.768411e-04 
 1.182389e+00  1.795806e-04 
 1.182787e+00  1.835756e-04 
 1.183184e+00  1.886501e-04 
 1.183582e+00  1.944594e-04 
 1.183980e+00  2.010064e-04 
 1.184377e+00  2.080427e-04 
 1.184775e+00  2.157649e-04 
 1.185173e+00  2.234253e-04 
 1.185570e+00  2.310547e-04 
 1.185968e+00  2.385558e-04 
 1.186366e+00  2.454923e-04 
 1.186764e+00  2.518410e-04 
 1.187161e+00  2.570134e-04 
 1.187559e+00  2.612651e-04 
 1.187957e+00  2.641208e-04 
 1.188354e+00  2.655679e-04 
 1.188752e+00  2.653137e-04 
 1.189150e+00  2.634647e-04 
 1.189547e+00  2.600680e-04 
 1.189945e+00  2.556575e-04 
 1.190343e+00  2.509477e-04 
 1.190740e+00  2.465557e-04 
 1.191138e+00  2.425877e-04 
 1.191536e+00  2.387962e-04 
 1.191934e+00  2.353913e-04 
 1.192331e+00  2.322754e-04 
 1.192729e+00  2.299220e-04 
 1.193127e+00  2.278139e-04 
 1.193524e+00  2.252082e-04 
 1.193922e+00  2.217605e-04 
 1.194320e+00  2.180894e-04 
 1.194717e+00  2.148468e-04 
 1.195115e+00  2.128388e-04 
 1.195513e+00  2.120160e-04 
 1.195911e+00  2.118700e-04 
 1.196308e+00  2.119180e-04 
 1.196706e+00  2.118788e-04 
 1.197104e+00  2.114091e-04 
 1.197501e+00  2.105750e-04 
 1.197899e+00  2.091997e-04 
 1.198297e+00  2.068659e-04 
 1.198694e+00  2.034193e-04 
 1.199092e+00  1.992178e-04 
 1.199490e+00  1.947176e-04 
 1.199887e+00  1.902607e-04 
 1.200285e+00  1.862915e-04 
 1.200683e+00  1.824833e-04 
 1.201081e+00  1.785691e-04 
 1.201478e+00  1.744353e-04 
 1.201876e+00  1.698313e-04 
 1.202274e+00  1.653856e-04 
 1.202671e+00  1.613573e-04 
 1.203069e+00  1.580195e-04 
 1.203467e+00  1.560274e-04 
 1.203864e+00  1.550498e-04 
 1.204262e+00  1.552519e-04 
 1.204660e+00  1.562996e-04 
 1.205058e+00  1.582717e-04 
 1.205455e+00  1.605950e-04 
 1.205853e+00  1.629868e-04 
 1.206251e+00  1.651406e-04 
 1.206648e+00  1.668119e-04 
 1.207046e+00  1.677508e-04 
 1.207444e+00  1.680526e-04 
 1.207841e+00  1.675328e-04 
 1.208239e+00  1.665940e-04 
 1.208637e+00  1.649072e-04 
 1.209034e+00  1.622276e-04 
 1.209432e+00  1.586836e-04 
 1.209830e+00  1.548920e-04 
 1.210228e+00  1.514123e-04 
 1.210625e+00  1.479028e-04 
 1.211023e+00  1.444428e-04 
 1.211421e+00  1.407840e-04 
 1.211818e+00  1.368630e-04 
 1.212216e+00  1.330351e-04 
 1.212614e+00  1.292446e-04 
 1.213011e+00  1.256529e-04 
 1.213409e+00  1.221362e-04 
 1.213807e+00  1.189439e-04 
 1.214205e+00  1.163559e-04 
 1.214602e+00  1.140721e-04 
 1.215000e+00  1.124219e-04 
 1.215398e+00  1.114281e-04 
 1.215795e+00  1.110286e-04 
 1.216193e+00  1.109000e-04 
 1.216591e+00  1.112413e-04 
 1.216988e+00  1.115406e-04 
 1.217386e+00  1.113785e-04 
 1.217784e+00  1.103736e-04 
 1.218181e+00  1.090136e-04 
 1.218579e+00  1.074267e-04 
 1.218977e+00  1.056510e-04 
 1.219375e+00  1.039924e-04 
 1.219772e+00  1.027661e-04 
 1.220170e+00  1.021610e-04 
 1.220568e+00  1.016506e-04 
 1.220965e+00  1.013975e-04 
 1.221363e+00  1.017436e-04 
 1.221761e+00  1.026838e-04 
 1.222158e+00  1.040093e-04 
 1.222556e+00  1.060408e-04 
 1.222954e+00  1.088832e-04 
 1.223352e+00  1.123920e-04 
 1.223749e+00  1.167994e-04 
 1.224147e+00  1.221893e-04 
 1.224545e+00  1.286690e-04 
 1.224942e+00  1.362681e-04 
 1.225340e+00  1.446925e-04 
 1.225738e+00  1.533975e-04 
 1.226135e+00  1.620381e-04 
 1.226533e+00  1.705641e-04 
 1.226931e+00  1.790406e-04 
 1.227328e+00  1.871302e-04 
 1.227726e+00  1.950115e-04 
 1.228124e+00  2.027003e-04 
 1.228522e+00  2.100447e-04 
 1.228919e+00  2.172742e-04 
 1.229317e+00  2.244545e-04 
 1.229715e+00  2.320757e-04 
 1.230112e+00  2.400300e-04 
 1.230510e+00  2.483642e-04 
 1.230908e+00  2.573536e-04 
 1.231305e+00  2.670015e-04 
 1.231703e+00  2.772562e-04 
 1.232101e+00  2.874926e-04 
 1.232499e+00  2.976403e-04 
 1.232896e+00  3.076374e-04 
 1.233294e+00  3.176175e-04 
 1.233692e+00  3.278230e-04 
 1.234089e+00  3.383933e-04 
 1.234487e+00  3.497107e-04 
 1.234885e+00  3.616741e-04 
 1.235282e+00  3.741376e-04 
 1.235680e+00  3.864486e-04 
 1.236078e+00  3.982430e-04 
 1.236475e+00  4.091347e-04 
 1.236873e+00  4.191230e-04 
 1.237271e+00  4.280165e-04 
 1.237669e+00  4.357047e-04 
 1.238066e+00  4.423726e-04 
 1.238464e+00  4.485786e-04 
 1.238862e+00  4.547475e-04 
 1.239259e+00  4.611909e-04 
 1.239657e+00  4.678179e-04 
 1.240055e+00  4.748068e-04 
 1.240452e+00  4.819879e-04 
 1.240850e+00  4.892086e-04 
 1.241248e+00  4.962500e-04 
 1.241646e+00  5.028444e-04 
 1.242043e+00  5.091564e-04 
 1.242441e+00  5.149205e-04 
 1.242839e+00  5.204610e-04 
 1.243236e+00  5.256942e-04 
 1.243634e+00  5.312186e-04 
 1.244032e+00  5.368662e-04 
 1.244429e+00  5.424697e-04 
 1.244827e+00  5.478457e-04 
 1.245225e+00  5.526994e-04 
 1.245622e+00  5.565511e-04 
 1.246020e+00  5.592166e-04 
 1.246418e+00  5.609343e-04 
 1.246816e+00  5.619289e-04 
 1.247213e+00  5.619503e-04 
 1.247611e+00  5.611807e-04 
 1.248009e+00  5.602276e-04 
 1.248406e+00  5.595677e-04 
 1.248804e+00  5.592043e-04 
 1.249202e+00  5.589057e-04 
 1.249599e+00  5.589132e-04 
 1.249997e+00  5.587186e-04 
 1.250395e+00  5.582644e-04 
 1.250793e+00  5.574328e-04 
 1.251190e+00  5.560891e-04 
 1.251588e+00  5.542092e-04 
 1.251986e+00  5.526402e-04 
 1.252383e+00  5.516524e-04 
 1.252781e+00  5.516533e-04 
 1.253179e+00  5.521469e-04 
 1.253576e+00  5.526298e-04 
 1.253974e+00  5.528900e-04 
 1.254372e+00  5.529695e-04 
 1.254769e+00  5.529226e-04 
 1.255167e+00  5.523898e-04 
 1.255565e+00  5.512943e-04 
 1.255963e+00  5.492814e-04 
 1.256360e+00  5.461727e-04 
 1.256758e+00  5.422483e-04 
 1.257156e+00  5.379151e-04 
 1.257553e+00  5.334226e-04 
 1.257951e+00  5.289208e-04 
 1.258349e+00  5.245722e-04 
 1.258746e+00  5.204644e-04 
 1.259144e+00  5.167494e-04 
 1.259542e+00  5.139548e-04 
 1.259940e+00  5.124237e-04 
 1.260337e+00  5.116780e-04 
 1.260735e+00  5.116046e-04 
 1.261133e+00  5.118679e-04 
 1.261530e+00  5.123121e-04 
 1.261928e+00  5.128021e-04 
 1.262326e+00  5.136861e-04 
 1.262723e+00  5.142640e-04 
 1.263121e+00  5.143138e-04 
 1.263519e+00  5.139765e-04 
 1.263916e+00  5.135934e-04 
 1.264314e+00  5.126422e-04 
 1.264712e+00  5.114883e-04 
 1.265110e+00  5.100444e-04 
 1.265507e+00  5.082441e-04 
 1.265905e+00  5.060139e-04 
 1.266303e+00  5.036256e-04 
 1.266700e+00  5.009448e-04 
 1.267098e+00  4.977806e-04 
 1.267496e+00  4.947368e-04 
 1.267893e+00  4.923045e-04 
 1.268291e+00  4.906294e-04 
 1.268689e+00  4.890770e-04 
 1.269087e+00  4.878049e-04 
 1.269484e+00  4.866710e-04 
 1.269882e+00  4.859067e-04 
 1.270280e+00  4.852423e-04 
 1.270677e+00  4.842853e-04 
 1.271075e+00  4.829288e-04 
 1.271473e+00  4.811466e-04 
 1.271870e+00  4.790488e-04 
 1.272268e+00  4.770589e-04 
 1.272666e+00  4.758591e-04 
 1.273063e+00  4.752648e-04 
 1.273461e+00  4.749864e-04 
 1.273859e+00  4.747890e-04 
 1.274257e+00  4.746370e-04 
 1.274654e+00  4.740759e-04 
 1.275052e+00  4.728870e-04 
 1.275450e+00  4.707243e-04 
 1.275847e+00  4.677160e-04 
 1.276245e+00  4.637918e-04 
 1.276643e+00  4.593183e-04 
 1.277040e+00  4.547429e-04 
 1.277438e+00  4.504285e-04 
 1.277836e+00  4.464849e-04 
 1.278234e+00  4.432729e-04 
 1.278631e+00  4.407961e-04 
 1.279029e+00  4.391572e-04 
 1.279427e+00  4.386506e-04 
 1.279824e+00  4.395367e-04 
 1.280222e+00  4.411401e-04 
 1.280620e+00  4.438274e-04 
 1.281017e+00  4.474825e-04 
 1.281415e+00  4.520692e-04 
 1.281813e+00  4.568762e-04 
 1.282210e+00  4.619571e-04 
 1.282608e+00  4.675168e-04 
 1.283006e+00  4.733652e-04 
 1.283404e+00  4.794351e-04 
 1.283801e+00  4.855847e-04 
 1.284199e+00  4.917997e-04 
 1.284597e+00  4.973075e-04 
 1.284994e+00  5.020410e-04 
 1.285392e+00  5.059481e-04 
 1.285790e+00  5.094697e-04 
 1.286187e+00  5.126772e-04 
 1.286585e+00  5.163540e-04 
 1.286983e+00  5.204009e-04 
 1.287381e+00  5.250882e-04 
 1.287778e+00  5.304365e-04 
 1.288176e+00  5.366897e-04 
 1.288574e+00  5.439879e-04 
 1.288971e+00  5.520682e-04 
 1.289369e+00  5.602529e-04 
 1.289767e+00  5.683243e-04 
 1.290164e+00  5.759041e-04 
 1.290562e+00  5.834873e-04 
 1.290960e+00  5.910474e-04 
 1.291357e+00  5.993780e-04 
 1.291755e+00  6.086699e-04 
 1.292153e+00  6.183635e-04 
 1.292551e+00  6.281427e-04 
 1.292948e+00  6.381731e-04 
 1.293346e+00  6.479601e-04 
 1.293744e+00  6.574951e-04 
 1.294141e+00  6.661110e-04 
 1.294539e+00  6.737562e-04 
 1.294937e+00  6.800850e-04 
 1.295334e+00  6.849619e-04 
 1.295732e+00  6.887367e-04 
 1.296130e+00  6.917391e-04 
 1.296528e+00  6.942490e-04 
 1.296925e+00  6.960297e-04 
 1.297323e+00  6.969808e-04 
 1.297721e+00  6.976318e-04 
 1.298118e+00  6.982256e-04 
 1.298516e+00  6.988483e-04 
 1.298914e+00  6.991414e-04 
 1.299311e+00  6.995456e-04 
 1.299709e+00  7.001223e-04 
 1.300107e+00  7.010500e-04 
 1.300504e+00  7.027154e-04 
 1.300902e+00  7.051761e-04 
 1.301300e+00  7.083939e-04 
 1.301698e+00  7.119690e-04 
 1.302095e+00  7.159442e-04 
 1.302493e+00  7.195301e-04 
 1.302891e+00  7.223524e-04 
 1.303288e+00  7.241534e-04 
 1.303686e+00  7.247603e-04 
 1.304084e+00  7.243631e-04 
 1.304481e+00  7.232234e-04 
 1.304879e+00  7.210396e-04 
 1.305277e+00  7.180232e-04 
 1.305675e+00  7.136860e-04 
 1.306072e+00  7.087308e-04 
 1.306470e+00  7.029812e-04 
 1.306868e+00  6.963762e-04 
 1.307265e+00  6.885991e-04 
 1.307663e+00  6.804140e-04 
 1.308061e+00  6.722045e-04 
 1.308458e+00  6.641938e-04 
 1.308856e+00  6.562566e-04 
 1.309254e+00  6.489166e-04 
 1.309651e+00  6.419166e-04 
 1.310049e+00  6.357654e-04 
 1.310447e+00  6.304366e-04 
 1.310845e+00  6.261906e-04 
 1.311242e+00  6.226091e-04 
 1.311640e+00  6.194990e-04 
 1.312038e+00  6.170816e-04 
 1.312435e+00  6.151635e-04 
 1.312833e+00  6.135292e-04 
 1.313231e+00  6.119042e-04 
 1.313628e+00  6.100368e-04 
 1.314026e+00  6.076561e-04 
 1.314424e+00  6.046210e-04 
 1.314822e+00  6.006124e-04 
 1.315219e+00  5.957575e-04 
 1.315617e+00  5.897965e-04 
 1.316015e+00  5.833089e-04 
 1.316412e+00  5.761925e-04 
 1.316810e+00  5.687027e-04 
 1.317208e+00  5.610179e-04 
 1.317605e+00  5.530415e-04 
 1.318003e+00  5.447008e-04 
 1.318401e+00  5.366403e-04 
 1.318798e+00  5.290541e-04 
 1.319196e+00  5.221515e-04 
 1.319594e+00  5.160861e-04 
 1.319992e+00  5.107136e-04 
 1.320389e+00  5.055533e-04 
 1.320787e+00  5.009836e-04 
 1.321185e+00  4.975477e-04 
 1.321582e+00  4.953110e-04 
 1.321980e+00  4.942216e-04 
 1.322378e+00  4.939618e-04 
 1.322775e+00  4.937744e-04 
 1.323173e+00  4.932286e-04 
 1.323571e+00  4.923046e-04 
 1.323969e+00  4.910219e-04 
 1.324366e+00  4.889905e-04 
 1.324764e+00  4.857060e-04 
 1.325162e+00  4.816540e-04 
 1.325559e+00  4.770269e-04 
 1.325957e+00  4.716976e-04 
 1.326355e+00  4.655874e-04 
 1.326752e+00  4.588165e-04 
 1.327150e+00  4.509878e-04 
 1.327548e+00  4.424481e-04 
 1.327945e+00  4.332036e-04 
 1.328343e+00  4.236387e-04 
 1.328741e+00  4.140980e-04 
 1.329139e+00  4.050721e-04 
 1.329536e+00  3.970334e-04 
 1.329934e+00  3.899610e-04 
 1.330332e+00  3.841241e-04 
 1.330729e+00  3.793176e-04 
 1.331127e+00  3.752408e-04 
 1.331525e+00  3.720589e-04 
 1.331922e+00  3.695363e-04 
 1.332320e+00  3.671952e-04 
 1.332718e+00  3.646577e-04 
 1.333116e+00  3.617180e-04 
 1.333513e+00  3.585169e-04 
 1.333911e+00  3.550302e-04 
 1.334309e+00  3.515493e-04 
 1.334706e+00  3.479516e-04 
 1.335104e+00  3.438210e-04 
 1.335502e+00  3.392953e-04 
 1.335899e+00  3.346647e-04 
 1.336297e+00  3.298592e-04 
 1.336695e+00  3.250030e-04 
 1.337092e+00  3.200050e-04 
 1.337490e+00  3.149895e-04 
 1.337888e+00  3.098428e-04 
 1.338286e+00  3.047474e-04 
 1.338683e+00  3.000839e-04 
 1.339081e+00  2.959123e-04 
 1.339479e+00  2.924068e-04 
 1.339876e+00  2.899582e-04 
 1.340274e+00  2.886313e-04 
 1.340672e+00  2.886057e-04 
 1.341069e+00  2.897604e-04 
 1.341467e+00  2.920301e-04 
 1.341865e+00  2.946438e-04 
 1.342263e+00  2.976439e-04 
 1.342660e+00  3.012422e-04 
 1.343058e+00  3.053076e-04 
 1.343456e+00  3.101850e-04 
 1.343853e+00  3.158879e-04 
 1.344251e+00  3.225325e-04 
 1.344649e+00  3.291366e-04 
 1.345046e+00  3.356142e-04 
 1.345444e+00  3.417045e-04 
 1.345842e+00  3.473355e-04 
 1.346239e+00  3.524175e-04 
 1.346637e+00  3.570653e-04 
 1.347035e+00  3.607665e-04 
 1.347433e+00  3.635704e-04 
 1.347830e+00  3.657155e-04 
 1.348228e+00  3.676636e-04 
 1.348626e+00  3.702613e-04 
 1.349023e+00  3.737266e-04 
 1.349421e+00  3.780492e-04 
 1.349819e+00  3.827552e-04 
 1.350216e+00  3.876344e-04 
 1.350614e+00  3.929243e-04 
 1.351012e+00  3.978831e-04 
 1.351410e+00  4.028742e-04 
 1.351807e+00  4.073981e-04 
 1.352205e+00  4.109227e-04 
 1.352603e+00  4.134369e-04 
 1.353000e+00  4.157378e-04 
 1.353398e+00  4.178474e-04 
 1.353796e+00  4.199245e-04 
 1.354193e+00  4.217951e-04 
 1.354591e+00  4.232180e-04 
 1.354989e+00  4.235895e-04 
 1.355386e+00  4.228060e-04 
 1.355784e+00  4.217259e-04 
 1.356182e+00  4.200419e-04 
 1.356580e+00  4.179063e-04 
 1.356977e+00  4.151820e-04 
 1.357375e+00  4.123233e-04 
 1.357773e+00  4.093597e-04 
 1.358170e+00  4.061978e-04 
 1.358568e+00  4.027722e-04 
 1.358966e+00  3.993575e-04 
 1.359363e+00  3.954207e-04 
 1.359761e+00  3.907823e-04 
 1.360159e+00  3.855552e-04 
 1.360557e+00  3.798468e-04 
 1.360954e+00  3.738693e-04 
 1.361352e+00  3.682506e-04 
 1.361750e+00  3.631119e-04 
 1.362147e+00  3.584529e-04 
 1.362545e+00  3.537721e-04 
 1.362943e+00  3.488153e-04 
 1.363340e+00  3.438451e-04 
 1.363738e+00  3.393196e-04 
 1.364136e+00  3.352228e-04 
 1.364533e+00  3.312405e-04 
 1.364931e+00  3.268293e-04 
 1.365329e+00  3.218663e-04 
 1.365727e+00  3.162636e-04 
 1.366124e+00  3.104754e-04 
 1.366522e+00  3.041463e-04 
 1.366920e+00  2.974160e-04 
 1.367317e+00  2.904553e-04 
 1.367715e+00  2.833508e-04 
 1.368113e+00  2.768061e-04 
 1.368510e+00  2.709615e-04 
 1.368908e+00  2.658235e-04 
 1.369306e+00  2.614043e-04 
 1.369704e+00  2.575367e-04 
 1.370101e+00  2.537962e-04 
 1.370499e+00  2.500173e-04 
 1.370897e+00  2.459159e-04 
 1.371294e+00  2.418719e-04 
 1.371692e+00  2.377219e-04 
 1.372090e+00  2.332242e-04 
 1.372487e+00  2.281087e-04 
 1.372885e+00  2.224203e-04 
 1.373283e+00  2.165293e-04 
 1.373680e+00  2.104224e-04 
 1.374078e+00  2.046517e-04 
 1.374476e+00  1.993538e-04 
 1.374874e+00  1.941809e-04 
 1.375271e+00  1.888653e-04 
 1.375669e+00  1.832600e-04 
 1.376067e+00  1.775660e-04 
 1.376464e+00  1.720949e-04 
 1.376862e+00  1.668820e-04 
 1.377260e+00  1.621211e-04 
 1.377657e+00  1.577805e-04 
 1.378055e+00  1.537478e-04 
 1.378453e+00  1.499843e-04 
 1.378851e+00  1.466825e-04 
 1.379248e+00  1.441919e-04 
 1.379646e+00  1.422920e-04 
 1.380044e+00  1.405352e-04 
 1.380441e+00  1.380419e-04 
 1.380839e+00  1.347953e-04 
 1.381237e+00  1.312531e-04 
 1.381634e+00  1.277991e-04 
 1.382032e+00  1.244962e-04 
 1.382430e+00  1.213292e-04 
 1.382827e+00  1.185006e-04 
 1.383225e+00  1.155484e-04 
 1.383623e+00  1.125547e-04 
 1.384021e+00  1.091656e-04 
 1.384418e+00  1.052592e-04 
 1.384816e+00  1.007368e-04 
 1.385214e+00  9.557356e-05 
 1.385611e+00  8.962953e-05 
 1.386009e+00  8.320623e-05 
 1.386407e+00  7.671578e-05 
 1.386804e+00  7.071970e-05 
 1.387202e+00  6.549014e-05 
 1.387600e+00  6.105430e-05 
 1.387998e+00  5.727615e-05 
 1.388395e+00  5.431018e-05 
 1.388793e+00  5.194160e-05 
 1.389191e+00  5.042899e-05 
 1.389588e+00  4.954407e-05 
 1.389986e+00  4.861815e-05 
 1.390384e+00  4.683040e-05 
 1.390781e+00  4.418155e-05 
 1.391179e+00  4.123712e-05 
 1.391577e+00  3.825341e-05 
 1.391974e+00  3.560163e-05 
 1.392372e+00  3.298541e-05 
 1.392770e+00  3.038257e-05 
 1.393168e+00  2.763152e-05 
 1.393565e+00  2.466019e-05 
 1.393963e+00  2.111228e-05 
 1.394361e+00  1.724517e-05 
 1.394758e+00  1.329717e-05 
 1.395156e+00  8.880563e-06 
 1.395554e+00  4.435718e-06 
 1.395951e+00  5.406138e-07 
 1.396349e+00 -2.432057e-06 
 1.396747e+00 -4.049370e-06 
 1.397145e+00 -4.522863e-06 
 1.397542e+00 -4.136724e-06 
 1.397940e+00 -2.773887e-06 
 1.398338e+00 -8.863240e-07 
 1.398735e+00  1.970831e-06 
 1.399133e+00  5.608595e-06 
 1.399531e+00  9.867985e-06 
 1.399928e+00  1.443891e-05 
 1.400326e+00  1.935934e-05 
 1.400724e+00  2.471677e-05 
 1.401121e+00  3.062439e-05 
 1.401519e+00  3.715965e-05 
 1.401917e+00  4.424880e-05 
 1.402315e+00  5.173947e-05 
 1.402712e+00  5.917955e-05 
 1.403110e+00  6.609338e-05 
 1.403508e+00  7.217496e-05 
 1.403905e+00  7.769211e-05 
 1.404303e+00  8.230976e-05 
 1.404701e+00  8.633214e-05 
 1.405098e+00  8.996195e-05 
 1.405496e+00  9.352779e-05 
 1.405894e+00  9.716343e-05 
 1.406292e+00  1.014369e-04 
 1.406689e+00  1.067198e-04 
 1.407087e+00  1.129595e-04 
 1.407485e+00  1.201750e-04 
 1.407882e+00  1.281098e-04 
 1.408280e+00  1.365841e-04 
 1.408678e+00  1.447725e-04 
 1.409075e+00  1.528220e-04 
 1.409473e+00  1.605595e-04 
 1.409871e+00  1.686893e-04 
 1.410268e+00  1.766612e-04 
 1.410666e+00  1.844018e-04 
 1.411064e+00  1.913888e-04 
 1.411462e+00  1.975681e-04 
 1.411859e+00  2.026765e-04 
 1.412257e+00  2.068989e-04 
 1.412655e+00  2.100178e-04 
 1.413052e+00  2.122346e-04 
 1.413450e+00  2.137178e-04 
 1.413848e+00  2.140557e-04 
 1.414245e+00  2.131891e-04 
 1.414643e+00  2.115710e-04 
 1.415041e+00  2.092073e-04 
 1.415439e+00  2.064373e-04 
 1.415836e+00  2.032473e-04 
 1.416234e+00  2.001471e-04 
 1.416632e+00  1.971120e-04 
 1.417029e+00  1.943507e-04 
 1.417427e+00  1.919607e-04 
 1.417825e+00  1.901269e-04 
 1.418222e+00  1.886991e-04 
 1.418620e+00  1.871502e-04 
 1.419018e+00  1.854418e-04 
 1.419415e+00  1.839127e-04 
 1.419813e+00  1.826382e-04 
 1.420211e+00  1.812029e-04 
 1.420609e+00  1.796836e-04 
 1.421006e+00  1.782309e-04 
 1.421404e+00  1.768670e-04 
 1.421802e+00  1.751375e-04 
 1.422199e+00  1.728243e-04 
 1.422597e+00  1.699508e-04 
 1.422995e+00  1.664090e-04 
 1.423392e+00  1.622518e-04 
 1.423790e+00  1.575748e-04 
 1.424188e+00  1.523682e-04 
 1.424586e+00  1.467724e-04 
 1.424983e+00  1.408112e-04 
 1.425381e+00  1.356512e-04 
 1.425779e+00  1.312328e-04 
 1.426176e+00  1.277672e-04 
 1.426574e+00  1.256905e-04 
 1.426972e+00  1.248787e-04 
 1.427369e+00  1.249090e-04 
 1.427767e+00  1.256672e-04 
 1.428165e+00  1.271838e-04 
 1.428562e+00  1.291095e-04 
 1.428960e+00  1.311753e-04 
 1.429358e+00  1.332098e-04 
 1.429756e+00  1.351269e-04 
 1.430153e+00  1.368020e-04 
 1.430551e+00  1.382967e-04 
 1.430949e+00  1.404962e-04 
 1.431346e+00  1.430463e-04 
 1.431744e+00  1.458287e-04 
 1.432142e+00  1.484354e-04 
 1.432539e+00  1.506930e-04 
 1.432937e+00  1.521514e-04 
 1.433335e+00  1.524788e-04 
 1.433733e+00  1.521820e-04 
 1.434130e+00  1.510909e-04 
 1.434528e+00  1.493635e-04 
 1.434926e+00  1.475140e-04 
 1.435323e+00  1.461273e-04 
 1.435721e+00  1.449829e-04 
 1.436119e+00  1.440596e-04 
 1.436516e+00  1.435268e-04 
 1.436914e+00  1.438139e-04 
 1.437312e+00  1.446724e-04 
 1.437709e+00  1.460673e-04 
 1.438107e+00  1.477254e-04 
 1.438505e+00  1.497229e-04 
 1.438903e+00  1.519079e-04 
 1.439300e+00  1.543258e-04 
 1.439698e+00  1.569795e-04 
 1.440096e+00  1.593919e-04 
 1.440493e+00  1.617573e-04 
 1.440891e+00  1.644237e-04 
 1.441289e+00  1.667255e-04 
 1.441686e+00  1.686140e-04 
 1.442084e+00  1.695142e-04 
 1.442482e+00  1.691369e-04 
 1.442880e+00  1.673552e-04 
 1.443277e+00  1.645273e-04 
 1.443675e+00  1.611658e-04 
 1.444073e+00  1.577294e-04 
 1.444470e+00  1.546557e-04 
 1.444868e+00  1.522744e-04 
 1.445266e+00  1.508694e-04 
 1.445663e+00  1.500388e-04 
 1.446061e+00  1.499152e-04 
 1.446459e+00  1.502804e-04 
 1.446856e+00  1.513381e-04 
 1.447254e+00  1.525717e-04 
 1.447652e+00  1.541212e-04 
 1.448050e+00  1.555587e-04 
 1.448447e+00  1.571331e-04 
 1.448845e+00  1.588750e-04 
 1.449243e+00  1.613657e-04 
 1.449640e+00  1.644434e-04 
 1.450038e+00  1.680375e-04 
 1.450436e+00  1.714898e-04 
 1.450833e+00  1.747252e-04 
 1.451231e+00  1.777879e-04 
 1.451629e+00  1.806719e-04 
 1.452027e+00  1.834221e-04 
 1.452424e+00  1.863885e-04 
 1.452822e+00  1.891053e-04 
 1.453220e+00  1.915593e-04 
 1.453617e+00  1.936548e-04 
 1.454015e+00  1.958421e-04 
 1.454413e+00  1.980350e-04 
 1.454810e+00  2.001900e-04 
 1.455208e+00  2.022551e-04 
 1.455606e+00  2.042747e-04 
 1.456003e+00  2.067580e-04 
 1.456401e+00  2.098579e-04 
 1.456799e+00  2.139242e-04 
 1.457197e+00  2.190229e-04 
 1.457594e+00  2.250533e-04 
 1.457992e+00  2.320696e-04 
 1.458390e+00  2.401843e-04 
 1.458787e+00  2.494179e-04 
 1.459185e+00  2.597706e-04 
 1.459583e+00  2.706035e-04 
 1.459980e+00  2.818710e-04 
 1.460378e+00  2.928799e-04 
 1.460776e+00  3.033581e-04 
 1.461174e+00  3.131869e-04 
 1.461571e+00  3.222932e-04 
 1.461969e+00  3.307912e-04 
 1.462367e+00  3.386018e-04 
 1.462764e+00  3.459839e-04 
 1.463162e+00  3.528224e-04 
 1.463560e+00  3.591465e-04 
 1.463957e+00  3.651093e-04 
 1.464355e+00  3.707793e-04 
 1.464753e+00  3.765347e-04 
 1.465150e+00  3.828631e-04 
 1.465548e+00  3.897295e-04 
 1.465946e+00  3.970300e-04 
 1.466344e+00  4.044703e-04 
 1.466741e+00  4.122312e-04 
 1.467139e+00  4.200721e-04 
 1.467537e+00  4.279302e-04 
 1.467934e+00  4.357264e-04 
 1.468332e+00  4.430296e-04 
 1.468730e+00  4.497734e-04 
 1.469127e+00  4.560838e-04 
 1.469525e+00  4.624197e-04 
 1.469923e+00  4.682663e-04 
 1.470321e+00  4.738736e-04 
 1.470718e+00  4.791744e-04 
 1.471116e+00  4.841378e-04 
 1.471514e+00  4.883958e-04 
 1.471911e+00  4.919718e-04 
 1.472309e+00  4.948007e-04 
 1.472707e+00  4.968575e-04 
 1.473104e+00  4.980957e-04 
 1.473502e+00  4.987443e-04 
 1.473900e+00  4.984380e-04 
 1.474297e+00  4.977084e-04 
 1.474695e+00  4.963060e-04 
 1.475093e+00  4.945034e-04 
 1.475491e+00  4.922529e-04 
 1.475888e+00  4.895914e-04 
 1.476286e+00  4.866466e-04 
 1.476684e+00  4.835439e-04 
 1.477081e+00  4.808909e-04 
 1.477479e+00  4.789736e-04 
 1.477877e+00  4.774315e-04 
 1.478274e+00  4.760942e-04 
 1.478672e+00  4.749499e-04 
 1.479070e+00  4.741725e-04 
 1.479468e+00  4.739688e-04 
 1.479865e+00  4.738993e-04 
 1.480263e+00  4.741312e-04 
 1.480661e+00  4.739357e-04 
 1.481058e+00  4.731544e-04 
 1.481456e+00  4.718129e-04 
 1.481854e+00  4.698138e-04 
 1.482251e+00  4.672893e-04 
 1.482649e+00  4.646679e-04 
 1.483047e+00  4.621917e-04 
 1.483444e+00  4.603047e-04 
 1.483842e+00  4.586327e-04 
 1.484240e+00  4.576469e-04 
 1.484638e+00  4.569748e-04 
 1.485035e+00  4.567487e-04 
 1.485433e+00  4.571274e-04 
 1.485831e+00  4.576879e-04 
 1.486228e+00  4.581028e-04 
 1.486626e+00  4.585048e-04 
 1.487024e+00  4.591911e-04 
 1.487421e+00  4.603261e-04 
 1.487819e+00  4.617931e-04 
 1.488217e+00  4.638164e-04 
 1.488615e+00  4.661182e-04 
 1.489012e+00  4.684752e-04 
 1.489410e+00  4.708329e-04 
 1.489808e+00  4.732881e-04 
 1.490205e+00  4.758149e-04 
 1.490603e+00  4.784479e-04 
 1.491001e+00  4.809038e-04 
 1.491398e+00  4.831073e-04 
 1.491796e+00  4.849693e-04 
 1.492194e+00  4.867701e-04 
 1.492591e+00  4.889247e-04 
 1.492989e+00  4.918127e-04 
 1.493387e+00  4.950042e-04 
 1.493785e+00  4.983725e-04 
 1.494182e+00  5.012127e-04 
 1.494580e+00  5.039260e-04 
 1.494978e+00  5.065315e-04 
 1.495375e+00  5.088220e-04 
 1.495773e+00  5.105481e-04 
 1.496171e+00  5.117846e-04 
 1.496568e+00  5.128256e-04 
 1.496966e+00  5.137510e-04 
 1.497364e+00  5.146867e-04 
 1.497762e+00  5.158334e-04 
 1.498159e+00  5.172411e-04 
 1.498557e+00  5.184144e-04 
 1.498955e+00  5.194072e-04 
 1.499352e+00  5.195783e-04 
 1.499750e+00  5.186235e-04 
 1.500148e+00  5.167635e-04 
 1.500545e+00  5.146984e-04 
 1.500943e+00  5.127852e-04 
 1.501341e+00  5.109677e-04 
 1.501738e+00  5.095295e-04 
 1.502136e+00  5.085136e-04 
 1.502534e+00  5.079573e-04 
 1.502932e+00  5.078884e-04 
 1.503329e+00  5.081269e-04 
 1.503727e+00  5.086600e-04 
 1.504125e+00  5.091438e-04 
 1.504522e+00  5.095647e-04 
 1.504920e+00  5.104969e-04 
 1.505318e+00  5.115718e-04 
 1.505715e+00  5.127844e-04 
 1.506113e+00  5.140923e-04 
 1.506511e+00  5.158209e-04 
 1.506909e+00  5.175865e-04 
 1.507306e+00  5.189323e-04 
 1.507704e+00  5.202675e-04 
 1.508102e+00  5.213789e-04 
 1.508499e+00  5.223878e-04 
 1.508897e+00  5.229800e-04 
 1.509295e+00  5.232934e-04 
 1.509692e+00  5.234296e-04 
 1.510090e+00  5.231483e-04 
 1.510488e+00  5.226595e-04 
 1.510885e+00  5.223174e-04 
 1.511283e+00  5.221022e-04 
 1.511681e+00  5.222195e-04 
 1.512079e+00  5.230252e-04 
 1.512476e+00  5.245060e-04 
 1.512874e+00  5.266369e-04 
 1.513272e+00  5.298103e-04 
 1.513669e+00  5.340276e-04 
 1.514067e+00  5.393515e-04 
 1.514465e+00  5.455646e-04 
 1.514862e+00  5.525770e-04 
 1.515260e+00  5.601817e-04 
 1.515658e+00  5.682275e-04 
 1.516056e+00  5.762355e-04 
 1.516453e+00  5.841364e-04 
 1.516851e+00  5.917710e-04 
 1.517249e+00  5.989760e-04 
 1.517646e+00  6.057486e-04 
 1.518044e+00  6.120581e-04 
 1.518442e+00  6.176752e-04 
 1.518839e+00  6.223304e-04 
 1.519237e+00  6.260505e-04 
 1.519635e+00  6.289748e-04 
 1.520032e+00  6.312592e-04 
 1.520430e+00  6.330791e-04 
 1.520828e+00  6.346459e-04 
 1.521226e+00  6.362977e-04 
 1.521623e+00  6.383547e-04 
 1.522021e+00  6.409161e-04 
 1.522419e+00  6.445428e-04 
 1.522816e+00  6.494991e-04 
 1.523214e+00  6.552092e-04 
 1.523612e+00  6.612932e-04 
 1.524009e+00  6.674774e-04 
 1.524407e+00  6.732956e-04 
 1.524805e+00  6.784042e-04 
 1.525203e+00  6.832800e-04 
 1.525600e+00  6.880239e-04 
 1.525998e+00  6.924225e-04 
 1.526396e+00  6.964396e-04 
 1.526793e+00  7.000671e-04 
 1.527191e+00  7.033761e-04 
 1.527589e+00  7.059113e-04 
 1.527986e+00  7.075816e-04 
 1.528384e+00  7.082611e-04 
 1.528782e+00  7.077151e-04 
 1.529179e+00  7.057979e-04 
 1.529577e+00  7.021975e-04 
 1.529975e+00  6.973275e-04 
 1.530373e+00  6.913230e-04 
 1.530770e+00  6.843480e-04 
 1.531168e+00  6.766099e-04 
 1.531566e+00  6.685154e-04 
 1.531963e+00  6.603079e-04 
 1.532361e+00  6.524590e-04 
 1.532759e+00  6.455304e-04 
 1.533156e+00  6.394242e-04 
 1.533554e+00  6.337993e-04 
 1.533952e+00  6.287414e-04 
 1.534350e+00  6.243702e-04 
 1.534747e+00  6.206240e-04 
 1.535145e+00  6.177275e-04 
 1.535543e+00  6.155914e-04 
 1.535940e+00  6.140210e-04 
 1.536338e+00  6.126562e-04 
 1.536736e+00  6.112109e-04 
 1.537133e+00  6.093259e-04 
 1.537531e+00  6.069739e-04 
 1.537929e+00  6.034346e-04 
 1.538326e+00  5.985352e-04 
 1.538724e+00  5.921101e-04 
 1.539122e+00  5.841138e-04 
 1.539520e+00  5.749074e-04 
 1.539917e+00  5.650695e-04 
 1.540315e+00  5.551526e-04 
 1.540713e+00  5.461216e-04 
 1.541110e+00  5.381753e-04 
 1.541508e+00  5.311406e-04 
 1.541906e+00  5.249346e-04 
 1.542303e+00  5.196814e-04 
 1.542701e+00  5.155293e-04 
 1.543099e+00  5.126445e-04 
 1.543497e+00  5.104789e-04 
 1.543894e+00  5.087205e-04 
 1.544292e+00  5.075301e-04 
 1.544690e+00  5.067858e-04 
 1.545087e+00  5.065330e-04 
 1.545485e+00  5.071735e-04 
 1.545883e+00  5.086268e-04 
 1.546280e+00  5.104539e-04 
 1.546678e+00  5.123223e-04 
 1.547076e+00  5.140511e-04 
 1.547473e+00  5.157490e-04 
 1.547871e+00  5.169931e-04 
 1.548269e+00  5.175052e-04 
 1.548667e+00  5.170741e-04 
 1.549064e+00  5.155313e-04 
 1.549462e+00  5.128819e-04 
 1.549860e+00  5.094805e-04 
 1.550257e+00  5.061106e-04 
 1.550655e+00  5.029939e-04 
 1.551053e+00  4.999078e-04 
 1.551450e+00  4.961350e-04 
 1.551848e+00  4.916796e-04 
 1.552246e+00  4.868953e-04 
 1.552644e+00  4.824240e-04 
 1.553041e+00  4.785591e-04 
 1.553439e+00  4.753844e-04 
 1.553837e+00  4.729619e-04 
 1.554234e+00  4.718260e-04 
 1.554632e+00  4.716997e-04 
 1.555030e+00  4.724670e-04 
 1.555427e+00  4.739579e-04 
 1.555825e+00  4.759042e-04 
 1.556223e+00  4.777818e-04 
 1.556620e+00  4.790903e-04 
 1.557018e+00  4.794542e-04 
 1.557416e+00  4.786268e-04 
 1.557814e+00  4.767261e-04 
 1.558211e+00  4.739446e-04 
 1.558609e+00  4.703270e-04 
 1.559007e+00  4.655397e-04 
 1.559404e+00  4.597457e-04 
 1.559802e+00  4.533255e-04 
 1.560200e+00  4.463808e-04 
 1.560597e+00  4.392401e-04 
 1.560995e+00  4.323587e-04 
 1.561393e+00  4.258189e-04 
 1.561791e+00  4.195593e-04 
 1.562188e+00  4.139245e-04 
 1.562586e+00  4.090319e-04 
 1.562984e+00  4.051618e-04 
 1.563381e+00  4.017838e-04 
 1.563779e+00  3.990152e-04 
 1.564177e+00  3.967838e-04 
 1.564574e+00  3.950603e-04 
 1.564972e+00  3.936120e-04 
 1.565370e+00  3.926522e-04 
 1.565767e+00  3.925951e-04 
 1.566165e+00  3.932071e-04 
 1.566563e+00  3.939083e-04 
 1.566961e+00  3.943051e-04 
 1.567358e+00  3.939616e-04 
 1.567756e+00  3.936047e-04 
 1.568154e+00  3.932796e-04 
 1.568551e+00  3.928323e-04 
 1.568949e+00  3.919036e-04 
 1.569347e+00  3.904416e-04 
 1.569744e+00  3.884594e-04 
 1.570142e+00  3.863573e-04 
 1.570540e+00  3.848791e-04 
 1.570937e+00  3.843511e-04 
 1.571335e+00  3.847767e-04 
 1.571733e+00  3.852764e-04 
 1.572131e+00  3.857004e-04 
 1.572528e+00  3.861568e-04 
 1.572926e+00  3.868824e-04 
 1.573324e+00  3.882721e-04 
 1.573721e+00  3.903711e-04 
 1.574119e+00  3.932332e-04 
 1.574517e+00  3.969108e-04 
 1.574914e+00  4.012708e-04 
 1.575312e+00  4.062776e-04 
 1.575710e+00  4.119003e-04 
 1.576108e+00  4.177796e-04 
 1.576505e+00  4.232641e-04 
 1.576903e+00  4.275337e-04 
 1.577301e+00  4.302758e-04 
 1.577698e+00  4.318113e-04 
 1.578096e+00  4.325301e-04 
 1.578494e+00  4.331808e-04 
 1.578891e+00  4.338977e-04 
 1.579289e+00  4.341072e-04 
 1.579687e+00  4.339424e-04 
 1.580084e+00  4.334651e-04 
 1.580482e+00  4.326068e-04 
 1.580880e+00  4.317446e-04 
 1.581278e+00  4.309352e-04 
 1.581675e+00  4.296927e-04 
 1.582073e+00  4.276304e-04 
 1.582471e+00  4.251984e-04 
 1.582868e+00  4.228607e-04 
 1.583266e+00  4.207386e-04 
 1.583664e+00  4.188651e-04 
 1.584061e+00  4.174323e-04 
 1.584459e+00  4.161779e-04 
 1.584857e+00  4.145966e-04 
 1.585255e+00  4.127466e-04 
 1.585652e+00  4.107583e-04 
 1.586050e+00  4.083730e-04 
 1.586448e+00  4.054166e-04 
 1.586845e+00  4.014391e-04 
 1.587243e+00  3.963125e-04 
 1.587641e+00  3.897192e-04 
 1.588038e+00  3.824433e-04 
 1.588436e+00  3.745273e-04 
 1.588834e+00  3.663722e-04 
 1.589231e+00  3.582807e-04 
 1.589629e+00  3.499808e-04 
 1.590027e+00  3.413647e-04 
 1.590425e+00  3.325968e-04 
 1.590822e+00  3.235847e-04 
 1.591220e+00  3.145183e-04 
 1.591618e+00  3.053863e-04 
 1.592015e+00  2.966249e-04 
 1.592413e+00  2.881704e-04 
 1.592811e+00  2.802954e-04 
 1.593208e+00  2.732230e-04 
 1.593606e+00  2.670523e-04 
 1.594004e+00  2.613882e-04 
 1.594402e+00  2.559363e-04 
 1.594799e+00  2.505832e-04 
 1.595197e+00  2.450778e-04 
 1.595595e+00  2.391847e-04 
 1.595992e+00  2.329823e-04 
 1.596390e+00  2.265094e-04 
 1.596788e+00  2.196642e-04 
 1.597185e+00  2.125711e-04 
 1.597583e+00  2.052872e-04 
 1.597981e+00  1.983096e-04 
 1.598378e+00  1.919700e-04 
 1.598776e+00  1.862222e-04 
 1.599174e+00  1.809808e-04 
 1.599572e+00  1.759212e-04 
 1.599969e+00  1.710594e-04 
 1.600367e+00  1.664310e-04 
 1.600765e+00  1.620100e-04 
 1.601162e+00  1.577058e-04 
 1.601560e+00  1.534917e-04 
 1.601958e+00  1.496750e-04 
 1.602355e+00  1.466794e-04 
 1.602753e+00  1.444771e-04 
 1.603151e+00  1.428261e-04 
 1.603549e+00  1.419908e-04 
 1.603946e+00  1.417402e-04 
 1.604344e+00  1.416398e-04 
 1.604742e+00  1.413318e-04 
 1.605139e+00  1.411190e-04 
 1.605537e+00  1.406456e-04 
 1.605935e+00  1.395970e-04 
 1.606332e+00  1.383815e-04 
 1.606730e+00  1.371472e-04 
 1.607128e+00  1.353221e-04 
 1.607525e+00  1.329304e-04 
 1.607923e+00  1.304036e-04 
 1.608321e+00  1.277483e-04 
 1.608719e+00  1.248052e-04 
 1.609116e+00  1.214351e-04 
 1.609514e+00  1.179767e-04 
 1.609912e+00  1.145815e-04 
 1.610309e+00  1.119915e-04 
 1.610707e+00  1.103021e-04 
 1.611105e+00  1.089347e-04 
 1.611502e+00  1.081550e-04 
 1.611900e+00  1.078889e-04 
 1.612298e+00  1.081122e-04 
 1.612696e+00  1.084144e-04 
 1.613093e+00  1.085178e-04 
 1.613491e+00  1.086344e-04 
 1.613889e+00  1.084282e-04 
 1.614286e+00  1.080039e-04 
 1.614684e+00  1.070371e-04 
 1.615082e+00  1.055559e-04 
 1.615479e+00  1.035692e-04 
 1.615877e+00  1.010398e-04 
 1.616275e+00  9.805880e-05 
 1.616672e+00  9.497850e-05 
 1.617070e+00  9.203809e-05 
 1.617468e+00  8.955729e-05 
 1.617866e+00  8.717074e-05 
 1.618263e+00  8.509590e-05 
 1.618661e+00  8.331906e-05 
 1.619059e+00  8.184142e-05 
 1.619456e+00  8.086979e-05 
 1.619854e+00  8.040918e-05 
 1.620252e+00  8.027691e-05 
 1.620649e+00  8.050879e-05 
 1.621047e+00  8.100310e-05 
 1.621445e+00  8.143451e-05 
 1.621843e+00  8.175669e-05 
 1.622240e+00  8.225533e-05 
 1.622638e+00  8.281864e-05 
 1.623036e+00  8.347641e-05 
 1.623433e+00  8.461190e-05 
 1.623831e+00  8.635304e-05 
 1.624229e+00  8.831287e-05 
 1.624626e+00  8.990577e-05 
 1.625024e+00  9.078275e-05 
 1.625422e+00  9.134496e-05 
 1.625819e+00  9.153400e-05 
 1.626217e+00  9.099104e-05 
 1.626615e+00  9.011343e-05 
 1.627013e+00  8.908216e-05 
 1.627410e+00  8.818290e-05 
 1.627808e+00  8.759011e-05 
 1.628206e+00  8.722784e-05 
 1.628603e+00  8.760582e-05 
 1.629001e+00  8.852194e-05 
 1.629399e+00  8.976673e-05 
 1.629796e+00  9.106913e-05 
 1.630194e+00  9.302233e-05 
 1.630592e+00  9.586097e-05 
 1.630990e+00  9.954201e-05 
 1.631387e+00  1.042280e-04 
 1.631785e+00  1.099279e-04 
 1.632183e+00  1.162555e-04 
 1.632580e+00  1.226054e-04 
 1.632978e+00  1.288173e-04 
 1.633376e+00  1.343890e-04 
 1.633773e+00  1.391403e-04 
 1.634171e+00  1.429980e-04 
 1.634569e+00  1.454745e-04 
 1.634966e+00  1.469984e-04 
 1.635364e+00  1.479121e-04 
 1.635762e+00  1.487430e-04 
 1.636160e+00  1.497311e-04 
 1.636557e+00  1.506545e-04 
 1.636955e+00  1.516917e-04 
 1.637353e+00  1.527167e-04 
 1.637750e+00  1.541086e-04 
 1.638148e+00  1.561618e-04 
 1.638546e+00  1.585908e-04 
 1.638943e+00  1.611918e-04 
 1.639341e+00  1.639054e-04 
 1.639739e+00  1.664670e-04 
 1.640137e+00  1.689687e-04 
 1.640534e+00  1.718927e-04 
 1.640932e+00  1.752551e-04 
 1.641330e+00  1.790637e-04 
 1.641727e+00  1.827861e-04 
 1.642125e+00  1.863632e-04 
 1.642523e+00  1.895258e-04 
 1.642920e+00  1.918720e-04 
 1.643318e+00  1.932772e-04 
 1.643716e+00  1.937022e-04 
 1.644113e+00  1.929119e-04 
 1.644511e+00  1.910381e-04 
 1.644909e+00  1.881489e-04 
 1.645307e+00  1.843959e-04 
 1.645704e+00  1.798137e-04 
 1.646102e+00  1.744831e-04 
 1.646500e+00  1.685297e-04 
 1.646897e+00  1.618573e-04 
 1.647295e+00  1.545300e-04 
 1.647693e+00  1.468643e-04 
 1.648090e+00  1.390863e-04 
 1.648488e+00  1.313193e-04 
 1.648886e+00  1.240329e-04 
 1.649284e+00  1.171362e-04 
 1.649681e+00  1.110610e-04 
 1.650079e+00  1.060787e-04 
 1.650477e+00  1.022772e-04 
 1.650874e+00  9.991988e-05 
 1.651272e+00  9.866198e-05 
 1.651670e+00  9.767518e-05 
 1.652067e+00  9.664976e-05 
 1.652465e+00  9.519224e-05 
 1.652863e+00  9.298809e-05 
 1.653260e+00  8.986782e-05 
 1.653658e+00  8.570834e-05 
 1.654056e+00  8.061776e-05 
 1.654454e+00  7.494778e-05 
 1.654851e+00  6.874744e-05 
 1.655249e+00  6.223893e-05 
 1.655647e+00  5.569179e-05 
 1.656044e+00  4.981717e-05 
 1.656442e+00  4.479707e-05 
 1.656840e+00  4.015097e-05 
 1.657237e+00  3.571656e-05 
 1.657635e+00  3.152678e-05 
 1.658033e+00  2.783678e-05 
 1.658431e+00  2.487109e-05 
 1.658828e+00  2.314832e-05 
 1.659226e+00  2.282529e-05 
 1.659624e+00  2.418951e-05 
 1.660021e+00  2.713801e-05 
 1.660419e+00  3.155531e-05 
 1.660817e+00  3.670955e-05 
 1.661214e+00  4.259918e-05 
 1.661612e+00  4.940203e-05 
 1.662010e+00  5.677745e-05 
 1.662407e+00  6.471243e-05 
 1.662805e+00  7.290423e-05 
 1.663203e+00  8.044647e-05 
 1.663601e+00  8.747969e-05 
 1.663998e+00  9.411323e-05 
 1.664396e+00  1.005138e-04 
 1.664794e+00  1.058814e-04 
 1.665191e+00  1.101541e-04 
 1.665589e+00  1.136301e-04 
 1.665987e+00  1.162418e-04 
 1.666384e+00  1.180658e-04 
 1.666782e+00  1.194991e-04 
 1.667180e+00  1.208856e-04 
 1.667578e+00  1.221366e-04 
 1.667975e+00  1.232674e-04 
 1.668373e+00  1.244165e-04 
 1.668771e+00  1.260435e-04 
 1.669168e+00  1.283385e-04 
 1.669566e+00  1.318855e-04 
 1.669964e+00  1.368804e-04 
 1.670361e+00  1.425902e-04 
 1.670759e+00  1.485606e-04 
 1.671157e+00  1.548845e-04 
 1.671554e+00  1.613403e-04 
 1.671952e+00  1.682212e-04 
 1.672350e+00  1.747433e-04 
 1.672748e+00  1.805728e-04 
 1.673145e+00  1.852019e-04 
 1.673543e+00  1.883417e-04 
 1.673941e+00  1.902119e-04 
 1.674338e+00  1.909025e-04 
 1.674736e+00  1.909141e-04 
 1.675134e+00  1.906247e-04 
 1.675531e+00  1.898570e-04 
 1.675929e+00  1.888300e-04 
 1.676327e+00  1.873806e-04 
 1.676725e+00  1.859577e-04 
 1.677122e+00  1.846956e-04 
 1.677520e+00  1.836041e-04 
 1.677918e+00  1.824909e-04 
 1.678315e+00  1.814039e-04 
 1.678713e+00  1.803634e-04 
 1.679111e+00  1.798399e-04 
 1.679508e+00  1.804752e-04 
 1.679906e+00  1.829243e-04 
 1.680304e+00  1.873224e-04 
 1.680701e+00  1.931917e-04 
 1.681099e+00  2.002254e-04 
 1.681497e+00  2.083913e-04 
 1.681895e+00  2.168056e-04 
 1.682292e+00  2.249473e-04 
 1.682690e+00  2.327901e-04 
 1.683088e+00  2.401988e-04 
 1.683485e+00  2.470239e-04 
 1.683883e+00  2.536981e-04 
 1.684281e+00  2.603868e-04 
 1.684678e+00  2.673319e-04 
 1.685076e+00  2.741425e-04 
 1.685474e+00  2.807778e-04 
 1.685872e+00  2.869795e-04 
 1.686269e+00  2.925501e-04 
 1.686667e+00  2.975732e-04 
 1.687065e+00  3.021488e-04 
 1.687462e+00  3.064466e-04 
 1.687860e+00  3.109070e-04 
 1.688258e+00  3.155728e-04 
 1.688655e+00  3.211098e-04 
 1.689053e+00  3.275727e-04 
 1.689451e+00  3.350464e-04 
 1.689848e+00  3.437536e-04 
 1.690246e+00  3.532999e-04 
 1.690644e+00  3.632611e-04 
 1.691042e+00  3.731152e-04 
 1.691439e+00  3.824057e-04 
 1.691837e+00  3.911974e-04 
 1.692235e+00  3.994998e-04 
 1.692632e+00  4.072114e-04 
 1.693030e+00  4.144852e-04 
 1.693428e+00  4.212896e-04 
 1.693825e+00  4.274519e-04 
 1.694223e+00  4.331136e-04 
 1.694621e+00  4.382288e-04 
 1.695019e+00  4.427087e-04 
 1.695416e+00  4.463360e-04 
 1.695814e+00  4.491415e-04 
 1.696212e+00  4.505897e-04 
 1.696609e+00  4.508907e-04 
 1.697007e+00  4.506106e-04 
 1.697405e+00  4.500896e-04 
 1.697802e+00  4.492913e-04 
 1.698200e+00  4.487538e-04 
 1.698598e+00  4.482559e-04 
 1.698995e+00  4.480219e-04 
 1.699393e+00  4.481074e-04 
 1.699791e+00  4.484776e-04 
 1.700189e+00  4.490993e-04 
 1.700586e+00  4.501080e-04 
 1.700984e+00  4.509733e-04 
 1.701382e+00  4.514813e-04 
 1.701779e+00  4.512943e-04 
 1.702177e+00  4.506173e-04 
 1.702575e+00  4.494663e-04 
 1.702972e+00  4.473137e-04 
 1.703370e+00  4.443475e-04 
 1.703768e+00  4.405835e-04 
 1.704166e+00  4.363785e-04 
 1.704563e+00  4.316011e-04 
 1.704961e+00  4.268763e-04 
 1.705359e+00  4.225165e-04 
 1.705756e+00  4.181833e-04 
 1.706154e+00  4.139109e-04 
 1.706552e+00  4.092764e-04 
 1.706949e+00  4.048299e-04 
 1.707347e+00  4.007024e-04 
 1.707745e+00  3.974126e-04 
 1.708142e+00  3.948782e-04 
 1.708540e+00  3.929184e-04 
 1.708938e+00  3.915194e-04 
 1.709336e+00  3.902701e-04 
 1.709733e+00  3.892764e-04 
 1.710131e+00  3.880364e-04 
 1.710529e+00  3.867016e-04 
 1.710926e+00  3.852565e-04 
 1.711324e+00  3.834275e-04 
 1.711722e+00  3.816459e-04 
 1.712119e+00  3.801575e-04 
 1.712517e+00  3.792456e-04 
 1.712915e+00  3.786449e-04 
 1.713313e+00  3.781559e-04 
 1.713710e+00  3.782810e-04 
 1.714108e+00  3.789881e-04 
 1.714506e+00  3.797912e-04 
 1.714903e+00  3.806178e-04 
 1.715301e+00  3.818740e-04 
 1.715699e+00  3.833026e-04 
 1.716096e+00  3.850379e-04 
 1.716494e+00  3.865771e-04 
 1.716892e+00  3.881993e-04 
 1.717289e+00  3.902325e-04 
 1.717687e+00  3.928266e-04 
 1.718085e+00  3.959500e-04 
 1.718483e+00  3.995831e-04 
 1.718880e+00  4.038695e-04 
 1.719278e+00  4.089135e-04 
 1.719676e+00  4.147740e-04 
 1.720073e+00  4.213584e-04 
 1.720471e+00  4.280439e-04 
 1.720869e+00  4.345390e-04 
 1.721266e+00  4.403011e-04 
 1.721664e+00  4.452550e-04 
 1.722062e+00  4.496142e-04 
 1.722460e+00  4.532037e-04 
 1.722857e+00  4.559028e-04 
 1.723255e+00  4.577511e-04 
 1.723653e+00  4.590425e-04 
 1.724050e+00  4.603628e-04 
 1.724448e+00  4.617297e-04 
 1.724846e+00  4.634672e-04 
 1.725243e+00  4.655866e-04 
 1.725641e+00  4.680531e-04 
 1.726039e+00  4.710145e-04 
 1.726436e+00  4.746021e-04 
 1.726834e+00  4.786640e-04 
 1.727232e+00  4.834479e-04 
 1.727630e+00  4.888042e-04 
 1.728027e+00  4.943638e-04 
 1.728425e+00  4.999604e-04 
 1.728823e+00  5.056276e-04 
 1.729220e+00  5.117075e-04 
 1.729618e+00  5.176680e-04 
 1.730016e+00  5.227343e-04 
 1.730413e+00  5.262982e-04 
 1.730811e+00  5.285033e-04 
 1.731209e+00  5.297410e-04 
 1.731607e+00  5.299945e-04 
 1.732004e+00  5.297672e-04 
 1.732402e+00  5.294557e-04 
 1.732800e+00  5.296574e-04 
 1.733197e+00  5.303398e-04 
 1.733595e+00  5.314251e-04 
 1.733993e+00  5.330643e-04 
 1.734390e+00  5.352838e-04 
 1.734788e+00  5.372619e-04 
 1.735186e+00  5.389922e-04 
 1.735583e+00  5.404985e-04 
 1.735981e+00  5.419469e-04 
 1.736379e+00  5.435038e-04 
 1.736777e+00  5.458369e-04 
 1.737174e+00  5.491414e-04 
 1.737572e+00  5.539069e-04 
 1.737970e+00  5.595587e-04 
 1.738367e+00  5.655801e-04 
 1.738765e+00  5.719341e-04 
 1.739163e+00  5.789280e-04 
 1.739560e+00  5.861506e-04 
 1.739958e+00  5.932146e-04 
 1.740356e+00  5.995608e-04 
 1.740754e+00  6.052071e-04 
 1.741151e+00  6.103704e-04 
 1.741549e+00  6.150056e-04 
 1.741947e+00  6.196539e-04 
 1.742344e+00  6.240349e-04 
 1.742742e+00  6.278759e-04 
 1.743140e+00  6.311941e-04 
 1.743537e+00  6.337058e-04 
 1.743935e+00  6.355165e-04 
 1.744333e+00  6.371318e-04 
 1.744730e+00  6.388961e-04 
 1.745128e+00  6.412731e-04 
 1.745526e+00  6.444760e-04 
 1.745924e+00  6.483840e-04 
 1.746321e+00  6.532413e-04 
 1.746719e+00  6.593602e-04 
 1.747117e+00  6.667847e-04 
 1.747514e+00  6.752460e-04 
 1.747912e+00  6.841274e-04 
 1.748310e+00  6.926763e-04 
 1.748707e+00  6.999328e-04 
 1.749105e+00  7.060313e-04 
 1.749503e+00  7.115378e-04 
 1.749901e+00  7.163267e-04 
 1.750298e+00  7.202407e-04 
 1.750696e+00  7.231356e-04 
 1.751094e+00  7.247064e-04 
 1.751491e+00  7.249174e-04 
 1.751889e+00  7.238987e-04 
 1.752287e+00  7.219016e-04 
 1.752684e+00  7.192833e-04 
 1.753082e+00  7.160644e-04 
 1.753480e+00  7.121675e-04 
 1.753877e+00  7.078448e-04 
 1.754275e+00  7.035435e-04 
 1.754673e+00  6.995547e-04 
 1.755071e+00  6.957189e-04 
 1.755468e+00  6.919669e-04 
 1.755866e+00  6.880495e-04 
 1.756264e+00  6.839858e-04 
 1.756661e+00  6.800716e-04 
 1.757059e+00  6.765743e-04 
 1.757457e+00  6.737608e-04 
 1.757854e+00  6.714255e-04 
 1.758252e+00  6.694485e-04 
 1.758650e+00  6.673895e-04 
 1.759048e+00  6.647244e-04 
 1.759445e+00  6.611171e-04 
 1.759843e+00  6.570237e-04 
 1.760241e+00  6.524457e-04 
 1.760638e+00  6.470591e-04 
 1.761036e+00  6.404876e-04 
 1.761434e+00  6.325547e-04 
 1.761831e+00  6.240023e-04 
 1.762229e+00  6.147758e-04 
 1.762627e+00  6.052633e-04 
 1.763024e+00  5.955614e-04 
 1.763422e+00  5.856523e-04 
 1.763820e+00  5.750891e-04 
 1.764218e+00  5.643450e-04 
 1.764615e+00  5.544092e-04 
 1.765013e+00  5.454295e-04 
 1.765411e+00  5.377270e-04 
 1.765808e+00  5.311532e-04 
 1.766206e+00  5.254213e-04 
 1.766604e+00  5.206846e-04 
 1.767001e+00  5.169786e-04 
 1.767399e+00  5.142219e-04 
 1.767797e+00  5.121681e-04 
 1.768195e+00  5.110009e-04 
 1.768592e+00  5.098943e-04 
 1.768990e+00  5.084842e-04 
 1.769388e+00  5.071588e-04 
 1.769785e+00  5.059184e-04 
 1.770183e+00  5.042268e-04 
 1.770581e+00  5.015164e-04 
 1.770978e+00  4.981355e-04 
 1.771376e+00  4.939388e-04 
 1.771774e+00  4.894894e-04 
 1.772171e+00  4.846186e-04 
 1.772569e+00  4.795555e-04 
 1.772967e+00  4.742380e-04 
 1.773365e+00  4.689906e-04 
 1.773762e+00  4.635603e-04 
 1.774160e+00  4.582924e-04 
 1.774558e+00  4.534762e-04 
 1.774955e+00  4.499408e-04 
 1.775353e+00  4.478326e-04 
 1.775751e+00  4.469062e-04 
 1.776148e+00  4.470110e-04 
 1.776546e+00  4.480866e-04 
 1.776944e+00  4.503035e-04 
 1.777342e+00  4.540465e-04 
 1.777739e+00  4.590177e-04 
 1.778137e+00  4.645377e-04 
 1.778535e+00  4.695264e-04 
 1.778932e+00  4.737627e-04 
 1.779330e+00  4.769769e-04 
 1.779728e+00  4.793174e-04 
 1.780125e+00  4.804367e-04 
 1.780523e+00  4.806611e-04 
 1.780921e+00  4.800199e-04 
 1.781318e+00  4.785659e-04 
 1.781716e+00  4.766796e-04 
 1.782114e+00  4.741312e-04 
 1.782512e+00  4.713299e-04 
 1.782909e+00  4.679345e-04 
 1.783307e+00  4.639755e-04 
 1.783705e+00  4.598641e-04 
 1.784102e+00  4.557328e-04 
 1.784500e+00  4.517913e-04 
 1.784898e+00  4.485685e-04 
 1.785295e+00  4.466233e-04 
 1.785693e+00  4.460147e-04 
 1.786091e+00  4.463395e-04 
 1.786489e+00  4.477201e-04 
 1.786886e+00  4.498519e-04 
 1.787284e+00  4.523055e-04 
 1.787682e+00  4.545343e-04 
 1.788079e+00  4.567442e-04 
 1.788477e+00  4.589299e-04 
 1.788875e+00  4.612137e-04 
 1.789272e+00  4.635676e-04 
 1.789670e+00  4.659248e-04 
 1.790068e+00  4.683813e-04 
 1.790465e+00  4.707158e-04 
 1.790863e+00  4.724278e-04 
 1.791261e+00  4.730225e-04 
 1.791659e+00  4.721014e-04 
 1.792056e+00  4.695072e-04 
 1.792454e+00  4.655990e-04 
 1.792852e+00  4.610899e-04 
 1.793249e+00  4.562426e-04 
 1.793647e+00  4.517669e-04 
 1.794045e+00  4.478739e-04 
 1.794442e+00  4.449080e-04 
 1.794840e+00  4.433086e-04 
 1.795238e+00  4.434088e-04 
 1.795636e+00  4.453048e-04 
 1.796033e+00  4.483280e-04 
 1.796431e+00  4.526036e-04 
 1.796829e+00  4.576811e-04 
 1.797226e+00  4.634868e-04 
 1.797624e+00  4.697823e-04 
 1.798022e+00  4.763768e-04 
 1.798419e+00  4.831516e-04 
 1.798817e+00  4.898404e-04 
 1.799215e+00  4.961493e-04 
 1.799612e+00  5.017380e-04 
 1.800010e+00  5.062350e-04 
 1.800408e+00  5.094052e-04 
 1.800806e+00  5.110941e-04 
 1.801203e+00  5.111410e-04 
 1.801601e+00  5.098088e-04 
 1.801999e+00  5.076781e-04 
 1.802396e+00  5.052852e-04 
 1.802794e+00  5.028809e-04 
 1.803192e+00  5.009898e-04 
 1.803589e+00  4.993038e-04 
 1.803987e+00  4.978246e-04 
 1.804385e+00  4.968349e-04 
 1.804783e+00  4.961234e-04 
 1.805180e+00  4.958521e-04 
 1.805578e+00  4.957291e-04 
 1.805976e+00  4.954649e-04 
 1.806373e+00  4.951446e-04 
 1.806771e+00  4.949347e-04 
 1.807169e+00  4.951340e-04 
 1.807566e+00  4.957069e-04 
 1.807964e+00  4.963218e-04 
 1.808362e+00  4.967980e-04 
 1.808759e+00  4.967703e-04 
 1.809157e+00  4.965358e-04 
 1.809555e+00  4.955599e-04 
 1.809953e+00  4.938850e-04 
 1.810350e+00  4.915109e-04 
 1.810748e+00  4.881969e-04 
 1.811146e+00  4.836631e-04 
 1.811543e+00  4.777751e-04 
 1.811941e+00  4.702946e-04 
 1.812339e+00  4.614781e-04 
 1.812736e+00  4.515711e-04 
 1.813134e+00  4.404745e-04 
 1.813532e+00  4.288837e-04 
 1.813930e+00  4.172460e-04 
 1.814327e+00  4.061508e-04 
 1.814725e+00  3.957060e-04 
 1.815123e+00  3.859459e-04 
 1.815520e+00  3.771442e-04 
 1.815918e+00  3.692586e-04 
 1.816316e+00  3.619361e-04 
 1.816713e+00  3.551481e-04 
 1.817111e+00  3.486281e-04 
 1.817509e+00  3.426600e-04 
 1.817906e+00  3.373052e-04 
 1.818304e+00  3.318601e-04 
 1.818702e+00  3.259171e-04 
 1.819100e+00  3.191197e-04 
 1.819497e+00  3.119657e-04 
 1.819895e+00  3.040228e-04 
 1.820293e+00  2.955844e-04 
 1.820690e+00  2.863887e-04 
 1.821088e+00  2.763973e-04 
 1.821486e+00  2.654745e-04 
 1.821883e+00  2.539991e-04 
 1.822281e+00  2.427689e-04 
 1.822679e+00  2.321939e-04 
 1.823077e+00  2.223929e-04 
 1.823474e+00  2.131630e-04 
 1.823872e+00  2.044733e-04 
 1.824270e+00  1.964754e-04 
 1.824667e+00  1.893425e-04 
 1.825065e+00  1.833542e-04 
 1.825463e+00  1.777973e-04 
 1.825860e+00  1.724701e-04 
 1.826258e+00  1.671475e-04 
 1.826656e+00  1.617098e-04 
 1.827053e+00  1.567478e-04 
 1.827451e+00  1.525993e-04 
 1.827849e+00  1.492735e-04 
 1.828247e+00  1.463459e-04 
 1.828644e+00  1.433962e-04 
 1.829042e+00  1.406889e-04 
 1.829440e+00  1.384535e-04 
 1.829837e+00  1.364393e-04 
 1.830235e+00  1.345718e-04 
 1.830633e+00  1.325443e-04 
 1.831030e+00  1.299743e-04 
 1.831428e+00  1.268821e-04 
 1.831826e+00  1.228666e-04 
 1.832224e+00  1.186265e-04 
 1.832621e+00  1.143721e-04 
 1.833019e+00  1.106916e-04 
 1.833417e+00  1.077069e-04 
 1.833814e+00  1.053789e-04 
 1.834212e+00  1.036148e-04 
 1.834610e+00  1.025222e-04 
 1.835007e+00  1.022814e-04 
 1.835405e+00  1.026352e-04 
 1.835803e+00  1.030382e-04 
 1.836200e+00  1.032539e-04 
 1.836598e+00  1.030997e-04 
 1.836996e+00  1.023842e-04 
 1.837394e+00  1.016752e-04 
 1.837791e+00  1.011947e-04 
 1.838189e+00  1.012863e-04 
 1.838587e+00  1.018342e-04 
 1.838984e+00  1.024654e-04 
 1.839382e+00  1.027551e-04 
 1.839780e+00  1.021339e-04 
 1.840177e+00  1.006118e-04 
 1.840575e+00  9.817370e-05 
 1.840973e+00  9.522400e-05 
 1.841371e+00  9.213142e-05 
 1.841768e+00  8.941879e-05 
 1.842166e+00  8.745519e-05 
 1.842564e+00  8.675488e-05 
 1.842961e+00  8.719863e-05 
 1.843359e+00  8.856525e-05 
 1.843757e+00  9.046313e-05 
 1.844154e+00  9.260160e-05 
 1.844552e+00  9.418673e-05 
 1.844950e+00  9.533378e-05 
 1.845347e+00  9.605350e-05 
 1.845745e+00  9.659912e-05 
 1.846143e+00  9.711289e-05 
 1.846541e+00  9.798063e-05 
 1.846938e+00  9.932698e-05 
 1.847336e+00  1.007294e-04 
 1.847734e+00  1.023414e-04 
 1.848131e+00  1.043050e-04 
 1.848529e+00  1.064395e-04 
 1.848927e+00  1.081620e-04 
 1.849324e+00  1.094202e-04 
 1.849722e+00  1.101058e-04 
 1.850120e+00  1.103021e-04 
 1.850518e+00  1.106167e-04 
 1.850915e+00  1.115570e-04 
 1.851313e+00  1.132379e-04 
 1.851711e+00  1.154970e-04 
 1.852108e+00  1.186205e-04 
 1.852506e+00  1.225163e-04 
 1.852904e+00  1.273733e-04 
 1.853301e+00  1.330803e-04 
 1.853699e+00  1.393562e-04 
 1.854097e+00  1.458023e-04 
 1.854494e+00  1.523859e-04 
 1.854892e+00  1.593717e-04 
 1.855290e+00  1.662868e-04 
 1.855688e+00  1.733250e-04 
 1.856085e+00  1.802030e-04 
 1.856483e+00  1.870241e-04 
 1.856881e+00  1.930804e-04 
 1.857278e+00  1.984354e-04 
 1.857676e+00  2.031430e-04 
 1.858074e+00  2.066288e-04 
 1.858471e+00  2.093372e-04 
 1.858869e+00  2.113727e-04 
 1.859267e+00  2.128207e-04 
 1.859665e+00  2.135488e-04 
 1.860062e+00  2.140398e-04 
 1.860460e+00  2.146598e-04 
 1.860858e+00  2.152966e-04 
 1.861255e+00  2.160285e-04 
 1.861653e+00  2.168155e-04 
 1.862051e+00  2.178545e-04 
 1.862448e+00  2.192828e-04 
 1.862846e+00  2.214688e-04 
 1.863244e+00  2.241879e-04 
 1.863641e+00  2.273188e-04 
 1.864039e+00  2.305718e-04 
 1.864437e+00  2.333731e-04 
 1.864835e+00  2.353310e-04 
 1.865232e+00  2.364883e-04 
 1.865630e+00  2.369553e-04 
 1.866028e+00  2.366857e-04 
 1.866425e+00  2.358821e-04 
 1.866823e+00  2.344776e-04 
 1.867221e+00  2.323359e-04 
 1.867618e+00  2.291865e-04 
 1.868016e+00  2.250948e-04 
 1.868414e+00  2.199939e-04 
 1.868812e+00  2.141338e-04 
 1.869209e+00  2.071329e-04 
 1.869607e+00  1.992512e-04 
 1.870005e+00  1.902905e-04 
 1.870402e+00  1.806446e-04 
 1.870800e+00  1.707614e-04 
 1.871198e+00  1.612354e-04 
 1.871595e+00  1.527551e-04 
 1.871993e+00  1.457193e-04 
 1.872391e+00  1.399154e-04 
 1.872788e+00  1.350192e-04 
 1.873186e+00  1.308867e-04 
 1.873584e+00  1.278665e-04 
 1.873982e+00  1.257057e-04 
 1.874379e+00  1.237706e-04 
 1.874777e+00  1.219467e-04 
 1.875175e+00  1.198380e-04 
 1.875572e+00  1.173712e-04 
 1.875970e+00  1.145651e-04 
 1.876368e+00  1.115532e-04 
 1.876765e+00  1.081739e-04 
 1.877163e+00  1.043269e-04 
 1.877561e+00  9.968026e-05 
 1.877959e+00  9.411448e-05 
 1.878356e+00  8.773234e-05 
 1.878754e+00  8.060271e-05 
 1.879152e+00  7.271196e-05 
 1.879549e+00  6.446117e-05 
 1.879947e+00  5.590958e-05 
 1.880345e+00  4.785521e-05 
 1.880742e+00  4.034415e-05 
 1.881140e+00  3.419711e-05 
 1.881538e+00  2.899833e-05 
 1.881935e+00  2.504555e-05 
 1.882333e+00  2.233218e-05 
 1.882731e+00  2.081875e-05 
 1.883129e+00  1.997230e-05 
 1.883526e+00  1.964810e-05 
 1.883924e+00  2.001234e-05 
 1.884322e+00  2.128907e-05 
 1.884719e+00  2.326005e-05 
 1.885117e+00  2.569317e-05 
 1.885515e+00  2.816962e-05 
 1.885912e+00  3.019077e-05 
 1.886310e+00  3.158005e-05 
 1.886708e+00  3.291429e-05 
 1.887106e+00  3.452921e-05 
 1.887503e+00  3.546222e-05 
 1.887901e+00  3.501113e-05 
 1.888299e+00  3.307083e-05 
 1.888696e+00  2.969475e-05 
 1.889094e+00  2.509728e-05 
 1.889492e+00  1.974353e-05 
 1.889889e+00  1.419215e-05 
 1.890287e+00  8.881043e-06 
 1.890685e+00  4.309625e-06 
 1.891082e+00  1.221635e-06 
 1.891480e+00 -3.229745e-09 
 1.891878e+00  2.844368e-07 
 1.892276e+00  2.147743e-06 
 1.892673e+00  5.290861e-06 
 1.893071e+00  9.290261e-06 
 1.893469e+00  1.363767e-05 
 1.893866e+00  1.860070e-05 
 1.894264e+00  2.431263e-05 
 1.894662e+00  3.038905e-05 
 1.895059e+00  3.705410e-05 
 1.895457e+00  4.404749e-05 
 1.895855e+00  5.104385e-05 
 1.896253e+00  5.759230e-05 
 1.896650e+00  6.300381e-05 
 1.897048e+00  6.768656e-05 
 1.897446e+00  7.119199e-05 
 1.897843e+00  7.347954e-05 
 1.898241e+00  7.475860e-05 
 1.898639e+00  7.556198e-05 
 1.899036e+00  7.640725e-05 
 1.899434e+00  7.771247e-05 
 1.899832e+00  7.974678e-05 
 1.900229e+00  8.258537e-05 
 1.900627e+00  8.597668e-05 
 1.901025e+00  8.975605e-05 
 1.901423e+00  9.388119e-05 
 1.901820e+00  9.857156e-05 
 1.902218e+00  1.038962e-04 
 1.902616e+00  1.103725e-04 
 1.903013e+00  1.179807e-04 
 1.903411e+00  1.263201e-04 
 1.903809e+00  1.356003e-04 
 1.904206e+00  1.460765e-04 
 1.904604e+00  1.577494e-04 
 1.905002e+00  1.698815e-04 
 1.905400e+00  1.819671e-04 
 1.905797e+00  1.937499e-04 
 1.906195e+00  2.044448e-04 
 1.906593e+00  2.140411e-04 
 1.906990e+00  2.220794e-04 
 1.907388e+00  2.290545e-04 
 1.907786e+00  2.348922e-04 
 1.908183e+00  2.400518e-04 
 1.908581e+00  2.447941e-04 
 1.908979e+00  2.485060e-04 
 1.909376e+00  2.515854e-04 
 1.909774e+00  2.544154e-04 
 1.910172e+00  2.570957e-04 
 1.910570e+00  2.600701e-04 
 1.910967e+00  2.638360e-04 
 1.911365e+00  2.686144e-04 
 1.911763e+00  2.745104e-04 
 1.912160e+00  2.820216e-04 
 1.912558e+00  2.912240e-04 
 1.912956e+00  3.017423e-04 
 1.913353e+00  3.127214e-04 
 1.913751e+00  3.237925e-04 
 1.914149e+00  3.347956e-04 
 1.914547e+00  3.456197e-04 
 1.914944e+00  3.560930e-04 
 1.915342e+00  3.656899e-04 
 1.915740e+00  3.746130e-04 
 1.916137e+00  3.827734e-04 
 1.916535e+00  3.903849e-04 
 1.916933e+00  3.967249e-04 
 1.917330e+00  4.016818e-04 
 1.917728e+00  4.057848e-04 
 1.918126e+00  4.092411e-04 
 1.918523e+00  4.116114e-04 
 1.918921e+00  4.137601e-04 
 1.919319e+00  4.156216e-04 
 1.919717e+00  4.174108e-04 
 1.920114e+00  4.192653e-04 
 1.920512e+00  4.214476e-04 
 1.920910e+00  4.238981e-04 
 1.921307e+00  4.265172e-04 
 1.921705e+00  4.293136e-04 
 1.922103e+00  4.322050e-04 
 1.922500e+00  4.350957e-04 
 1.922898e+00  4.383563e-04 
 1.923296e+00  4.421880e-04 
 1.923694e+00  4.463425e-04 
 1.924091e+00  4.508432e-04 
 1.924489e+00  4.557141e-04 
 1.924887e+00  4.606431e-04 
 1.925284e+00  4.651524e-04 
 1.925682e+00  4.690635e-04 
 1.926080e+00  4.719900e-04 
 1.926477e+00  4.737514e-04 
 1.926875e+00  4.740205e-04 
 1.927273e+00  4.726193e-04 
 1.927670e+00  4.695957e-04 
 1.928068e+00  4.652522e-04 
 1.928466e+00  4.593801e-04 
 1.928864e+00  4.527345e-04 
 1.929261e+00  4.461239e-04 
 1.929659e+00  4.401782e-04 
 1.930057e+00  4.343963e-04 
 1.930454e+00  4.287936e-04 
 1.930852e+00  4.236146e-04 
 1.931250e+00  4.190893e-04 
 1.931647e+00  4.153449e-04 
 1.932045e+00  4.123924e-04 
 1.932443e+00  4.099334e-04 
 1.932841e+00  4.084663e-04 
 1.933238e+00  4.077976e-04 
 1.933636e+00  4.077132e-04 
 1.934034e+00  4.079662e-04 
 1.934431e+00  4.080547e-04 
 1.934829e+00  4.078091e-04 
 1.935227e+00  4.065109e-04 
 1.935624e+00  4.043652e-04 
 1.936022e+00  4.013897e-04 
 1.936420e+00  3.976887e-04 
 1.936817e+00  3.933900e-04 
 1.937215e+00  3.882560e-04 
 1.937613e+00  3.826512e-04 
 1.938011e+00  3.771301e-04 
 1.938408e+00  3.716194e-04 
 1.938806e+00  3.664677e-04 
 1.939204e+00  3.615563e-04 
 1.939601e+00  3.571774e-04 
 1.939999e+00  3.532349e-04 
 1.940397e+00  3.495354e-04 
 1.940794e+00  3.462164e-04 
 1.941192e+00  3.432089e-04 
 1.941590e+00  3.406492e-04 
 1.941988e+00  3.384860e-04 
 1.942385e+00  3.370279e-04 
 1.942783e+00  3.365145e-04 
 1.943181e+00  3.368539e-04 
 1.943578e+00  3.382199e-04 
 1.943976e+00  3.405805e-04 
 1.944374e+00  3.437356e-04 
 1.944771e+00  3.472199e-04 
 1.945169e+00  3.504314e-04 
 1.945567e+00  3.525454e-04 
 1.945964e+00  3.536234e-04 
 1.946362e+00  3.542520e-04 
 1.946760e+00  3.545909e-04 
 1.947158e+00  3.544863e-04 
 1.947555e+00  3.538337e-04 
 1.947953e+00  3.532233e-04 
 1.948351e+00  3.530325e-04 
 1.948748e+00  3.532310e-04 
 1.949146e+00  3.537916e-04 
 1.949544e+00  3.544074e-04 
 1.949941e+00  3.550019e-04 
 1.950339e+00  3.554295e-04 
 1.950737e+00  3.562190e-04 
 1.951135e+00  3.578734e-04 
 1.951532e+00  3.607380e-04 
 1.951930e+00  3.650681e-04 
 1.952328e+00  3.706440e-04 
 1.952725e+00  3.771192e-04 
 1.953123e+00  3.843504e-04 
 1.953521e+00  3.920071e-04 
 1.953918e+00  3.997260e-04 
 1.954316e+00  4.074127e-04 
 1.954714e+00  4.148325e-04 
 1.955111e+00  4.214098e-04 
 1.955509e+00  4.269144e-04 
 1.955907e+00  4.319112e-04 
 1.956305e+00  4.366506e-04 
 1.956702e+00  4.415920e-04 
 1.957100e+00  4.466965e-04 
 1.957498e+00  4.518351e-04 
 1.957895e+00  4.568651e-04 
 1.958293e+00  4.616697e-04 
 1.958691e+00  4.661474e-04 
 1.959088e+00  4.706754e-04 
 1.959486e+00  4.754517e-04 
 1.959884e+00  4.808285e-04 
 1.960282e+00  4.869797e-04 
 1.960679e+00  4.939498e-04 
 1.961077e+00  5.017127e-04 
 1.961475e+00  5.104492e-04 
 1.961872e+00  5.197773e-04 
 1.962270e+00  5.292835e-04 
 1.962668e+00  5.386900e-04 
 1.963065e+00  5.476411e-04 
 1.963463e+00  5.561892e-04 
 1.963861e+00  5.643786e-04 
 1.964258e+00  5.723080e-04 
 1.964656e+00  5.801608e-04 
 1.965054e+00  5.875920e-04 
 1.965452e+00  5.945744e-04 
 1.965849e+00  6.007938e-04 
 1.966247e+00  6.063781e-04 
 1.966645e+00  6.113040e-04 
 1.967042e+00  6.155214e-04 
 1.967440e+00  6.195391e-04 
 1.967838e+00  6.239580e-04 
 1.968235e+00  6.286591e-04 
 1.968633e+00  6.340600e-04 
 1.969031e+00  6.399482e-04 
 1.969429e+00  6.462909e-04 
 1.969826e+00  6.530238e-04 
 1.970224e+00  6.597443e-04 
 1.970622e+00  6.658960e-04 
 1.971019e+00  6.717542e-04 
 1.971417e+00  6.772481e-04 
 1.971815e+00  6.828815e-04 
 1.972212e+00  6.888394e-04 
 1.972610e+00  6.950416e-04 
 1.973008e+00  7.009175e-04 
 1.973405e+00  7.065911e-04 
 1.973803e+00  7.116457e-04 
 1.974201e+00  7.160392e-04 
 1.974599e+00  7.192865e-04 
 1.974996e+00  7.215310e-04 
 1.975394e+00  7.227013e-04 
 1.975792e+00  7.229424e-04 
 1.976189e+00  7.227537e-04 
 1.976587e+00  7.223414e-04 
 1.976985e+00  7.216776e-04 
 1.977382e+00  7.211248e-04 
 1.977780e+00  7.206821e-04 
 1.978178e+00  7.203834e-04 
 1.978576e+00  7.203628e-04 
 1.978973e+00  7.204951e-04 
 1.979371e+00  7.209791e-04 
 1.979769e+00  7.213711e-04 
 1.980166e+00  7.220733e-04 
 1.980564e+00  7.231337e-04 
 1.980962e+00  7.246510e-04 
 1.981359e+00  7.266277e-04 
 1.981757e+00  7.291407e-04 
 1.982155e+00  7.319286e-04 
 1.982552e+00  7.340995e-04 
 1.982950e+00  7.355638e-04 
 1.983348e+00  7.355918e-04 
 1.983746e+00  7.339604e-04 
 1.984143e+00  7.305609e-04 
 1.984541e+00  7.251982e-04 
 1.984939e+00  7.179862e-04 
 1.985336e+00  7.096797e-04 
 1.985734e+00  7.006081e-04 
 1.986132e+00  6.910795e-04 
 1.986529e+00  6.816473e-04 
 1.986927e+00  6.729561e-04 
 1.987325e+00  6.649656e-04 
 1.987723e+00  6.578077e-04 
 1.988120e+00  6.516234e-04 
 1.988518e+00  6.461703e-04 
 1.988916e+00  6.414521e-04 
 1.989313e+00  6.372001e-04 
 1.989711e+00  6.335804e-04 
 1.990109e+00  6.302648e-04 
 1.990506e+00  6.271816e-04 
 1.990904e+00  6.244389e-04 
 1.991302e+00  6.219967e-04 
 1.991699e+00  6.191272e-04 
 1.992097e+00  6.157425e-04 
 1.992495e+00  6.115995e-04 
 1.992893e+00  6.064840e-04 
 1.993290e+00  6.003812e-04 
 1.993688e+00  5.930793e-04 
 1.994086e+00  5.848165e-04 
 1.994483e+00  5.755299e-04 
 1.994881e+00  5.652300e-04 
 1.995279e+00  5.544317e-04 
 1.995676e+00  5.436070e-04 
 1.996074e+00  5.334398e-04 
 1.996472e+00  5.238284e-04 
 1.996870e+00  5.149351e-04 
 1.997267e+00  5.066380e-04 
 1.997665e+00  4.983492e-04 
 1.998063e+00  4.899288e-04 
 1.998460e+00  4.816422e-04 
 1.998858e+00  4.743044e-04 
 1.999256e+00  4.681303e-04 
 1.999653e+00  4.634531e-04 
 2.000051e+00  4.604171e-04 
 2.000449e+00  4.588390e-04 
 2.000846e+00  4.583995e-04 
 2.001244e+00  4.588769e-04 
 2.001642e+00  4.602871e-04 
 2.002040e+00  4.617206e-04 
 2.002437e+00  4.626518e-04 
 2.002835e+00  4.623841e-04 
 2.003233e+00  4.603960e-04 
 2.003630e+00  4.566769e-04 
 2.004028e+00  4.516874e-04 
 2.004426e+00  4.458455e-04 
 2.004823e+00  4.390586e-04 
 2.005221e+00  4.312547e-04 
 2.005619e+00  4.230818e-04 
 2.006017e+00  4.150090e-04 
 2.006414e+00  4.074547e-04 
 2.006812e+00  4.009980e-04 
 2.007210e+00  3.955652e-04 
 2.007607e+00  3.908312e-04 
 2.008005e+00  3.871306e-04 
 2.008403e+00  3.849177e-04 
 2.008800e+00  3.845955e-04 
 2.009198e+00  3.865011e-04 
 2.009596e+00  3.904017e-04 
 2.009993e+00  3.955893e-04 
 2.010391e+00  4.015696e-04 
 2.010789e+00  4.080701e-04 
 2.011187e+00  4.149659e-04 
 2.011584e+00  4.217319e-04 
 2.011982e+00  4.281691e-04 
 2.012380e+00  4.336983e-04 
 2.012777e+00  4.382798e-04 
 2.013175e+00  4.416666e-04 
 2.013573e+00  4.442396e-04 
 2.013970e+00  4.463901e-04 
 2.014368e+00  4.482000e-04 
 2.014766e+00  4.492461e-04 
 2.015164e+00  4.496122e-04 
 2.015561e+00  4.493732e-04 
 2.015959e+00  4.487392e-04 
 2.016357e+00  4.483860e-04 
 2.016754e+00  4.482796e-04 
 2.017152e+00  4.489830e-04 
 2.017550e+00  4.505728e-04 
 2.017947e+00  4.528093e-04 
 2.018345e+00  4.559739e-04 
 2.018743e+00  4.599791e-04 
 2.019140e+00  4.645313e-04 
 2.019538e+00  4.697480e-04 
 2.019936e+00  4.759354e-04 
 2.020334e+00  4.830265e-04 
 2.020731e+00  4.910557e-04 
 2.021129e+00  4.999686e-04 
 2.021527e+00  5.097157e-04 
 2.021924e+00  5.197596e-04 
 2.022322e+00  5.290329e-04 
 2.022720e+00  5.366578e-04 
 2.023117e+00  5.421608e-04 
 2.023515e+00  5.458188e-04 
 2.023913e+00  5.478323e-04 
 2.024311e+00  5.482031e-04 
 2.024708e+00  5.474582e-04 
 2.025106e+00  5.459637e-04 
 2.025504e+00  5.438301e-04 
 2.025901e+00  5.415373e-04 
 2.026299e+00  5.394558e-04 
 2.026697e+00  5.377535e-04 
 2.027094e+00  5.361455e-04 
 2.027492e+00  5.346110e-04 
 2.027890e+00  5.331828e-04 
 2.028287e+00  5.319781e-04 
 2.028685e+00  5.314174e-04 
 2.029083e+00  5.317442e-04 
 2.029481e+00  5.337787e-04 
 2.029878e+00  5.374529e-04 
 2.030276e+00  5.418645e-04 
 2.030674e+00  5.468398e-04 
 2.031071e+00  5.515246e-04 
 2.031469e+00  5.560015e-04 
 2.031867e+00  5.596456e-04 
 2.032264e+00  5.622527e-04 
 2.032662e+00  5.632507e-04 
 2.033060e+00  5.627837e-04 
 2.033458e+00  5.609320e-04 
 2.033855e+00  5.580132e-04 
 2.034253e+00  5.544491e-04 
 2.034651e+00  5.504701e-04 
 2.035048e+00  5.461079e-04 
 2.035446e+00  5.413107e-04 
 2.035844e+00  5.358399e-04 
 2.036241e+00  5.295996e-04 
 2.036639e+00  5.228903e-04 
 2.037037e+00  5.158750e-04 
 2.037434e+00  5.089772e-04 
 2.037832e+00  5.022972e-04 
 2.038230e+00  4.960026e-04 
 2.038628e+00  4.904703e-04 
 2.039025e+00  4.859367e-04 
 2.039423e+00  4.826352e-04 
 2.039821e+00  4.803734e-04 
 2.040218e+00  4.786189e-04 
 2.040616e+00  4.772649e-04 
 2.041014e+00  4.757744e-04 
 2.041411e+00  4.737666e-04 
 2.041809e+00  4.710942e-04 
 2.042207e+00  4.676398e-04 
 2.042605e+00  4.635422e-04 
 2.043002e+00  4.582380e-04 
 2.043400e+00  4.518548e-04 
 2.043798e+00  4.442926e-04 
 2.044195e+00  4.353763e-04 
 2.044593e+00  4.258385e-04 
 2.044991e+00  4.163798e-04 
 2.045388e+00  4.068769e-04 
 2.045786e+00  3.968977e-04 
 2.046184e+00  3.864506e-04 
 2.046581e+00  3.755728e-04 
 2.046979e+00  3.643884e-04 
 2.047377e+00  3.533071e-04 
 2.047775e+00  3.426714e-04 
 2.048172e+00  3.331081e-04 
 2.048570e+00  3.244885e-04 
 2.048968e+00  3.166066e-04 
 2.049365e+00  3.097308e-04 
 2.049763e+00  3.037198e-04 
 2.050161e+00  2.982827e-04 
 2.050558e+00  2.928592e-04 
 2.050956e+00  2.872429e-04 
 2.051354e+00  2.812583e-04 
 2.051752e+00  2.747144e-04 
 2.052149e+00  2.677083e-04 
 2.052547e+00  2.605046e-04 
 2.052945e+00  2.529447e-04 
 2.053342e+00  2.451834e-04 
 2.053740e+00  2.367734e-04 
 2.054138e+00  2.277493e-04 
 2.054535e+00  2.176828e-04 
 2.054933e+00  2.070440e-04 
 2.055331e+00  1.960586e-04 
 2.055728e+00  1.848700e-04 
 2.056126e+00  1.738170e-04 
 2.056524e+00  1.632528e-04 
 2.056922e+00  1.533370e-04 
 2.057319e+00  1.445264e-04 
 2.057717e+00  1.370931e-04 
 2.058115e+00  1.310869e-04 
 2.058512e+00  1.259833e-04 
 2.058910e+00  1.214819e-04 
 2.059308e+00  1.172836e-04 
 2.059705e+00  1.134942e-04 
 2.060103e+00  1.100328e-04 
 2.060501e+00  1.070496e-04 
 2.060899e+00  1.039031e-04 
 2.061296e+00  1.001770e-04 
 2.061694e+00  9.624589e-05 
 2.062092e+00  9.217198e-05 
 2.062489e+00  8.763114e-05 
 2.062887e+00  8.241224e-05 
 2.063285e+00  7.699154e-05 
 2.063682e+00  7.155181e-05 
 2.064080e+00  6.598482e-05 
 2.064478e+00  6.046329e-05 
 2.064875e+00  5.538711e-05 
 2.065273e+00  5.069924e-05 
 2.065671e+00  4.647639e-05 
 2.066069e+00  4.327288e-05 
 2.066466e+00  4.088665e-05 
 2.066864e+00  3.962971e-05 
 2.067262e+00  3.913187e-05 
 2.067659e+00  3.911231e-05 
 2.068057e+00  3.961208e-05 
 2.068455e+00  4.091434e-05 
 2.068852e+00  4.287399e-05 
 2.069250e+00  4.572650e-05 
 2.069648e+00  4.929380e-05 
 2.070046e+00  5.383886e-05 
 2.070443e+00  5.893611e-05 
 2.070841e+00  6.438083e-05 
 2.071239e+00  6.985633e-05 
 2.071636e+00  7.515628e-05 
 2.072034e+00  7.976534e-05 
 2.072432e+00  8.367807e-05 
 2.072829e+00  8.742589e-05 
 2.073227e+00  9.106825e-05 
 2.073625e+00  9.475403e-05 
 2.074022e+00  9.855582e-05 
 2.074420e+00  1.022306e-04 
 2.074818e+00  1.057595e-04 
 2.075216e+00  1.090663e-04 
 2.075613e+00  1.126331e-04 
 2.076011e+00  1.167729e-04 
 2.076409e+00  1.215402e-04 
 2.076806e+00  1.270430e-04 
 2.077204e+00  1.333220e-04 
 2.077602e+00  1.407593e-04 
 2.077999e+00  1.491849e-04 
 2.078397e+00  1.582317e-04 
 2.078795e+00  1.675322e-04 
 2.079193e+00  1.771681e-04 
 2.079590e+00  1.863967e-04 
 2.079988e+00  1.943012e-04 
 2.080386e+00  2.004874e-04 
 2.080783e+00  2.055270e-04 
 2.081181e+00  2.093201e-04 
 2.081579e+00  2.122650e-04 
 2.081976e+00  2.145818e-04 
 2.082374e+00  2.161193e-04 
 2.082772e+00  2.170557e-04 
 2.083169e+00  2.174467e-04 
 2.083567e+00  2.176025e-04 
 2.083965e+00  2.179448e-04 
 2.084363e+00  2.179078e-04 
 2.084760e+00  2.173978e-04 
 2.085158e+00  2.166675e-04 
 2.085556e+00  2.161836e-04 
 2.085953e+00  2.158979e-04 
 2.086351e+00  2.162083e-04 
 2.086749e+00  2.170599e-04 
 2.087146e+00  2.187601e-04 
 2.087544e+00  2.208451e-04 
 2.087942e+00  2.232652e-04 
 2.088340e+00  2.257388e-04 
 2.088737e+00  2.277926e-04 
 2.089135e+00  2.289669e-04 
 2.089533e+00  2.295004e-04 
 2.089930e+00  2.292982e-04 
 2.090328e+00  2.285655e-04 
 2.090726e+00  2.277348e-04 
 2.091123e+00  2.272189e-04 
 2.091521e+00  2.268548e-04 
 2.091919e+00  2.262369e-04 
 2.092316e+00  2.248599e-04 
 2.092714e+00  2.231114e-04 
 2.093112e+00  2.207999e-04 
 2.093510e+00  2.178655e-04 
 2.093907e+00  2.144368e-04 
 2.094305e+00  2.108401e-04 
 2.094703e+00  2.073715e-04 
 2.095100e+00  2.040601e-04 
 2.095498e+00  2.013700e-04 
 2.095896e+00  1.997334e-04 
 2.096293e+00  1.993255e-04 
 2.096691e+00  1.997991e-04 
 2.097089e+00  2.013976e-04 
 2.097487e+00  2.038049e-04 
 2.097884e+00  2.066613e-04 
 2.098282e+00  2.096712e-04 
 2.098680e+00  2.120129e-04 
 2.099077e+00  2.132940e-04 
 2.099475e+00  2.133179e-04 
 2.099873e+00  2.122344e-04 
 2.100270e+00  2.100681e-04 
 2.100668e+00  2.066809e-04 
 2.101066e+00  2.027616e-04 
 2.101463e+00  1.980504e-04 
 2.101861e+00  1.927749e-04 
 2.102259e+00  1.870924e-04 
 2.102657e+00  1.811709e-04 
 2.103054e+00  1.751661e-04 
 2.103452e+00  1.684212e-04 
 2.103850e+00  1.613177e-04 
 2.104247e+00  1.543413e-04 
 2.104645e+00  1.480377e-04 
 2.105043e+00  1.421598e-04 
 2.105440e+00  1.372834e-04 
 2.105838e+00  1.331423e-04 
 2.106236e+00  1.298133e-04 
 2.106634e+00  1.270154e-04 
 2.107031e+00  1.245167e-04 
 2.107429e+00  1.213825e-04 
 2.107827e+00  1.176154e-04 
 2.108224e+00  1.132841e-04 
 2.108622e+00  1.083164e-04 
 2.109020e+00  1.029743e-04 
 2.109417e+00  9.760278e-05 
 2.109815e+00  9.238605e-05 
 2.110213e+00  8.670699e-05 
 2.110610e+00  8.050238e-05 
 2.111008e+00  7.369116e-05 
 2.111406e+00  6.661368e-05 
 2.111804e+00  5.884933e-05 
 2.112201e+00  5.045560e-05 
 2.112599e+00  4.162678e-05 
 2.112997e+00  3.276128e-05 
 2.113394e+00  2.369643e-05 
 2.113792e+00  1.498887e-05 
 2.114190e+00  6.692302e-06 
 2.114587e+00 -2.441764e-07 
 2.114985e+00 -5.546717e-06 
 2.115383e+00 -9.435889e-06 
 2.115781e+00 -1.179125e-05 
 2.116178e+00 -1.277259e-05 
 2.116576e+00 -1.270683e-05 
 2.116974e+00 -1.199401e-05 
 2.117371e+00 -1.033282e-05 
 2.117769e+00 -7.672490e-06 
 2.118167e+00 -4.662447e-06 
 2.118564e+00 -2.007614e-06 
 2.118962e+00  8.752138e-08 
 2.119360e+00  1.211102e-06 
 2.119757e+00  1.572120e-06 
 2.120155e+00  1.106249e-06 
 2.120553e+00 -2.294953e-07 
 2.120951e+00 -2.168319e-06 
 2.121348e+00 -4.471792e-06 
 2.121746e+00 -6.787427e-06 
 2.122144e+00 -9.028811e-06 
 2.122541e+00 -1.070007e-05 
 2.122939e+00 -1.127208e-05 
 2.123337e+00 -1.100392e-05 
 2.123734e+00 -9.917861e-06 
 2.124132e+00 -7.850169e-06 
 2.124530e+00 -4.829462e-06 
 2.124928e+00 -4.977605e-07 
 2.125325e+00  5.354103e-06 
 2.125723e+00  1.296109e-05 
 2.126121e+00  2.197212e-05 
 2.126518e+00  3.222751e-05 
 2.126916e+00  4.314319e-05 
 2.127314e+00  5.441759e-05 
 2.127711e+00  6.558319e-05 
 2.128109e+00  7.669360e-05 
 2.128507e+00  8.712710e-05 
 2.128904e+00  9.675863e-05 
 2.129302e+00  1.055448e-04 
 2.129700e+00  1.136764e-04 
 2.130098e+00  1.213522e-04 
 2.130495e+00  1.285340e-04 
 2.130893e+00  1.354117e-04 
 2.131291e+00  1.417073e-04 
 2.131688e+00  1.471437e-04 
 2.132086e+00  1.517259e-04 
 2.132484e+00  1.555271e-04 
 2.132881e+00  1.589968e-04 
 2.133279e+00  1.627772e-04 
 2.133677e+00  1.671707e-04 
 2.134075e+00  1.721994e-04 
 2.134472e+00  1.781480e-04 
 2.134870e+00  1.855829e-04 
 2.135268e+00  1.947593e-04 
 2.135665e+00  2.055522e-04 
 2.136063e+00  2.177279e-04 
 2.136461e+00  2.311804e-04 
 2.136858e+00  2.450634e-04 
 2.137256e+00  2.589185e-04 
 2.137654e+00  2.719425e-04 
 2.138051e+00  2.843945e-04 
 2.138449e+00  2.958177e-04 
 2.138847e+00  3.060489e-04 
 2.139245e+00  3.150963e-04 
 2.139642e+00  3.228920e-04 
 2.140040e+00  3.295123e-04 
 2.140438e+00  3.347266e-04 
 2.140835e+00  3.386378e-04 
 2.141233e+00  3.410707e-04 
 2.141631e+00  3.418912e-04 
 2.142028e+00  3.412892e-04 
 2.142426e+00  3.393516e-04 
 2.142824e+00  3.370948e-04 
 2.143222e+00  3.352218e-04 
 2.143619e+00  3.342592e-04 
 2.144017e+00  3.346728e-04 
 2.144415e+00  3.365350e-04 
 2.144812e+00  3.399909e-04 
 2.145210e+00  3.450723e-04 
 2.145608e+00  3.516100e-04 
 2.146005e+00  3.585987e-04 
 2.146403e+00  3.660815e-04 
 2.146801e+00  3.739184e-04 
 2.147198e+00  3.816079e-04 
 2.147596e+00  3.886875e-04 
 2.147994e+00  3.953719e-04 
 2.148392e+00  4.020999e-04 
 2.148789e+00  4.081986e-04 
 2.149187e+00  4.131615e-04 
 2.149585e+00  4.168263e-04 
 2.149982e+00  4.189541e-04 
 2.150380e+00  4.194632e-04 
 2.150778e+00  4.184293e-04 
 2.151175e+00  4.164060e-04 
 2.151573e+00  4.131650e-04 
 2.151971e+00  4.088902e-04 
 2.152369e+00  4.043926e-04 
 2.152766e+00  4.000378e-04 
 2.153164e+00  3.966325e-04 
 2.153562e+00  3.943922e-04 
 2.153959e+00  3.938120e-04 
 2.154357e+00  3.945669e-04 
 2.154755e+00  3.970399e-04 
 2.155152e+00  4.009536e-04 
 2.155550e+00  4.060506e-04 
 2.155948e+00  4.117798e-04 
 2.156345e+00  4.179245e-04 
 2.156743e+00  4.244470e-04 
 2.157141e+00  4.310250e-04 
 2.157539e+00  4.375645e-04 
 2.157936e+00  4.440291e-04 
 2.158334e+00  4.499758e-04 
 2.158732e+00  4.550009e-04 
 2.159129e+00  4.590423e-04 
 2.159527e+00  4.616450e-04 
 2.159925e+00  4.627723e-04 
 2.160322e+00  4.624370e-04 
 2.160720e+00  4.605884e-04 
 2.161118e+00  4.570286e-04 
 2.161516e+00  4.520009e-04 
 2.161913e+00  4.460060e-04 
 2.162311e+00  4.394541e-04 
 2.162709e+00  4.322679e-04 
 2.163106e+00  4.248475e-04 
 2.163504e+00  4.177024e-04 
 2.163902e+00  4.110665e-04 
 2.164299e+00  4.053936e-04 
 2.164697e+00  4.009425e-04 
 2.165095e+00  3.976070e-04 
 2.165492e+00  3.951942e-04 
 2.165890e+00  3.934971e-04 
 2.166288e+00  3.927204e-04 
 2.166686e+00  3.926728e-04 
 2.167083e+00  3.929569e-04 
 2.167481e+00  3.936572e-04 
 2.167879e+00  3.938658e-04 
 2.168276e+00  3.931259e-04 
 2.168674e+00  3.916561e-04 
 2.169072e+00  3.889033e-04 
 2.169469e+00  3.847787e-04 
 2.169867e+00  3.794368e-04 
 2.170265e+00  3.729238e-04 
 2.170663e+00  3.651284e-04 
 2.171060e+00  3.565573e-04 
 2.171458e+00  3.474059e-04 
 2.171856e+00  3.382969e-04 
 2.172253e+00  3.293977e-04 
 2.172651e+00  3.211791e-04 
 2.173049e+00  3.140027e-04 
 2.173446e+00  3.084326e-04 
 2.173844e+00  3.047505e-04 
 2.174242e+00  3.025806e-04 
 2.174639e+00  3.021537e-04 
 2.175037e+00  3.033569e-04 
 2.175435e+00  3.057326e-04 
 2.175833e+00  3.092079e-04 
 2.176230e+00  3.131035e-04 
 2.176628e+00  3.172228e-04 
 2.177026e+00  3.211203e-04 
 2.177423e+00  3.246146e-04 
 2.177821e+00  3.285754e-04 
 2.178219e+00  3.329089e-04 
 2.178616e+00  3.375819e-04 
 2.179014e+00  3.429521e-04 
 2.179412e+00  3.488319e-04 
 2.179810e+00  3.546279e-04 
 2.180207e+00  3.600125e-04 
 2.180605e+00  3.650364e-04 
 2.181003e+00  3.693493e-04 
 2.181400e+00  3.728663e-04 
 2.181798e+00  3.759302e-04 
 2.182196e+00  3.791508e-04 
 2.182593e+00  3.827469e-04 
 2.182991e+00  3.870877e-04 
 2.183389e+00  3.923229e-04 
 2.183786e+00  3.986657e-04 
 2.184184e+00  4.056548e-04 
 2.184582e+00  4.134792e-04 
 2.184980e+00  4.220847e-04 
 2.185377e+00  4.316043e-04 
 2.185775e+00  4.417286e-04 
 2.186173e+00  4.523561e-04 
 2.186570e+00  4.634719e-04 
 2.186968e+00  4.748702e-04 
 2.187366e+00  4.865675e-04 
 2.187763e+00  4.982022e-04 
 2.188161e+00  5.097715e-04 
 2.188559e+00  5.208935e-04 
 2.188957e+00  5.309590e-04 
 2.189354e+00  5.396911e-04 
 2.189752e+00  5.470109e-04 
 2.190150e+00  5.529278e-04 
 2.190547e+00  5.577581e-04 
 2.190945e+00  5.617415e-04 
 2.191343e+00  5.655141e-04 
 2.191740e+00  5.690784e-04 
 2.192138e+00  5.727435e-04 
 2.192536e+00  5.771458e-04 
 2.192933e+00  5.830876e-04 
 2.193331e+00  5.902080e-04 
 2.193729e+00  5.981492e-04 
 2.194127e+00  6.062647e-04 
 2.194524e+00  6.142557e-04 
 2.194922e+00  6.224537e-04 
 2.195320e+00  6.302929e-04 
 2.195717e+00  6.376526e-04 
 2.196115e+00  6.441794e-04 
 2.196513e+00  6.500131e-04 
 2.196910e+00  6.547682e-04 
 2.197308e+00  6.586762e-04 
 2.197706e+00  6.620379e-04 
 2.198104e+00  6.651889e-04 
 2.198501e+00  6.675344e-04 
 2.198899e+00  6.687216e-04 
 2.199297e+00  6.687865e-04 
 2.199694e+00  6.680411e-04 
 2.200092e+00  6.670882e-04 
 2.200490e+00  6.662926e-04 
 2.200887e+00  6.662379e-04 
 2.201285e+00  6.663743e-04 
 2.201683e+00  6.663954e-04 
 2.202080e+00  6.663832e-04 
 2.202478e+00  6.669442e-04 
 2.202876e+00  6.682311e-04 
 2.203274e+00  6.701626e-04 
 2.203671e+00  6.721676e-04 
 2.204069e+00  6.741805e-04 
 2.204467e+00  6.758600e-04 
 2.204864e+00  6.773867e-04 
 2.205262e+00  6.791899e-04 
 2.205660e+00  6.815830e-04 
 2.206057e+00  6.844385e-04 
 2.206455e+00  6.875640e-04 
 2.206853e+00  6.902718e-04 
 2.207251e+00  6.923638e-04 
 2.207648e+00  6.935915e-04 
 2.208046e+00  6.940809e-04 
 2.208444e+00  6.940900e-04 
 2.208841e+00  6.931477e-04 
 2.209239e+00  6.908440e-04 
 2.209637e+00  6.877564e-04 
 2.210034e+00  6.842999e-04 
 2.210432e+00  6.808150e-04 
 2.210830e+00  6.778806e-04 
 2.211227e+00  6.751457e-04 
 2.211625e+00  6.730291e-04 
 2.212023e+00  6.715906e-04 
 2.212421e+00  6.707661e-04 
 2.212818e+00  6.708986e-04 
 2.213216e+00  6.722158e-04 
 2.213614e+00  6.745904e-04 
 2.214011e+00  6.777174e-04 
 2.214409e+00  6.812528e-04 
 2.214807e+00  6.847991e-04 
 2.215204e+00  6.880623e-04 
 2.215602e+00  6.906832e-04 
 2.216000e+00  6.924101e-04 
 2.216398e+00  6.927886e-04 
 2.216795e+00  6.917605e-04 
 2.217193e+00  6.890536e-04 
 2.217591e+00  6.848347e-04 
 2.217988e+00  6.793105e-04 
 2.218386e+00  6.728987e-04 
 2.218784e+00  6.655335e-04 
 2.219181e+00  6.571634e-04 
 2.219579e+00  6.481493e-04 
 2.219977e+00  6.386133e-04 
 2.220374e+00  6.290282e-04 
 2.220772e+00  6.194408e-04 
 2.221170e+00  6.107001e-04 
 2.221568e+00  6.029313e-04 
 2.221965e+00  5.961149e-04 
 2.222363e+00  5.901225e-04 
 2.222761e+00  5.848093e-04 
 2.223158e+00  5.799734e-04 
 2.223556e+00  5.755939e-04 
 2.223954e+00  5.717185e-04 
 2.224351e+00  5.680760e-04 
 2.224749e+00  5.643813e-04 
 2.225147e+00  5.601936e-04 
 2.225545e+00  5.552802e-04 
 2.225942e+00  5.494768e-04 
 2.226340e+00  5.429686e-04 
 2.226738e+00  5.358130e-04 
 2.227135e+00  5.278190e-04 
 2.227533e+00  5.187909e-04 
 2.227931e+00  5.089135e-04 
 2.228328e+00  4.983555e-04 
 2.228726e+00  4.874383e-04 
 2.229124e+00  4.760293e-04 
 2.229521e+00  4.644084e-04 
 2.229919e+00  4.525238e-04 
 2.230317e+00  4.410410e-04 
 2.230715e+00  4.308020e-04 
 2.231112e+00  4.223993e-04 
 2.231510e+00  4.160145e-04 
 2.231908e+00  4.114943e-04 
 2.232305e+00  4.083583e-04 
 2.232703e+00  4.065554e-04 
 2.233101e+00  4.059462e-04 
 2.233498e+00  4.068892e-04 
 2.233896e+00  4.088974e-04 
 2.234294e+00  4.116236e-04 
 2.234692e+00  4.148106e-04 
 2.235089e+00  4.185559e-04 
 2.235487e+00  4.227628e-04 
 2.235885e+00  4.277542e-04 
 2.236282e+00  4.328942e-04 
 2.236680e+00  4.377856e-04 
 2.237078e+00  4.414537e-04 
 2.237475e+00  4.438430e-04 
 2.237873e+00  4.446124e-04 
 2.238271e+00  4.441141e-04 
 2.238668e+00  4.425966e-04 
 2.239066e+00  4.407082e-04 
 2.239464e+00  4.388794e-04 
 2.239862e+00  4.374575e-04 
 2.240259e+00  4.370335e-04 
 2.240657e+00  4.376660e-04 
 2.241055e+00  4.399387e-04 
 2.241452e+00  4.437581e-04 
 2.241850e+00  4.491997e-04 
 2.242248e+00  4.558317e-04 
 2.242645e+00  4.635978e-04 
 2.243043e+00  4.723103e-04 
 2.243441e+00  4.816991e-04 
 2.243839e+00  4.917123e-04 
 2.244236e+00  5.022186e-04 
 2.244634e+00  5.127453e-04 
 2.245032e+00  5.229457e-04 
 2.245429e+00  5.323970e-04 
 2.245827e+00  5.408633e-04 
 2.246225e+00  5.475021e-04 
 2.246622e+00  5.521894e-04 
 2.247020e+00  5.549563e-04 
 2.247418e+00  5.555563e-04 
 2.247815e+00  5.542466e-04 
 2.248213e+00  5.518827e-04 
 2.248611e+00  5.489614e-04 
 2.249009e+00  5.462580e-04 
 2.249406e+00  5.438746e-04 
 2.249804e+00  5.419587e-04 
 2.250202e+00  5.406641e-04 
 2.250599e+00  5.401265e-04 
 2.250997e+00  5.405348e-04 
 2.251395e+00  5.414771e-04 
 2.251792e+00  5.426562e-04 
 2.252190e+00  5.444110e-04 
 2.252588e+00  5.464500e-04 
 2.252986e+00  5.485658e-04 
 2.253383e+00  5.509649e-04 
 2.253781e+00  5.537779e-04 
 2.254179e+00  5.566449e-04 
 2.254576e+00  5.594263e-04 
 2.254974e+00  5.620000e-04 
 2.255372e+00  5.642606e-04 
 2.255769e+00  5.655278e-04 
 2.256167e+00  5.658265e-04 
 2.256565e+00  5.647470e-04 
 2.256962e+00  5.621839e-04 
 2.257360e+00  5.579969e-04 
 2.257758e+00  5.524990e-04 
 2.258156e+00  5.461038e-04 
 2.258553e+00  5.391068e-04 
 2.258951e+00  5.317004e-04 
 2.259349e+00  5.244010e-04 
 2.259746e+00  5.168636e-04 
 2.260144e+00  5.098018e-04 
 2.260542e+00  5.035735e-04 
 2.260939e+00  4.983062e-04 
 2.261337e+00  4.935237e-04 
 2.261735e+00  4.897928e-04 
 2.262133e+00  4.872159e-04 
 2.262530e+00  4.862689e-04 
 2.262928e+00  4.869579e-04 
 2.263326e+00  4.890936e-04 
 2.263723e+00  4.922026e-04 
 2.264121e+00  4.957799e-04 
 2.264519e+00  4.991707e-04 
 2.264916e+00  5.018631e-04 
 2.265314e+00  5.032626e-04 
 2.265712e+00  5.031970e-04 
 2.266109e+00  5.016055e-04 
 2.266507e+00  4.982716e-04 
 2.266905e+00  4.933445e-04 
 2.267303e+00  4.873021e-04 
 2.267700e+00  4.804942e-04 
 2.268098e+00  4.730074e-04 
 2.268496e+00  4.649463e-04 
 2.268893e+00  4.567407e-04 
 2.269291e+00  4.489795e-04 
 2.269689e+00  4.422527e-04 
 2.270086e+00  4.368225e-04 
 2.270484e+00  4.329196e-04 
 2.270882e+00  4.300708e-04 
 2.271280e+00  4.281622e-04 
 2.271677e+00  4.266431e-04 
 2.272075e+00  4.251696e-04 
 2.272473e+00  4.240064e-04 
 2.272870e+00  4.230694e-04 
 2.273268e+00  4.220803e-04 
 2.273666e+00  4.207234e-04 
 2.274063e+00  4.189803e-04 
 2.274461e+00  4.170575e-04 
 2.274859e+00  4.145029e-04 
 2.275256e+00  4.112803e-04 
 2.275654e+00  4.070907e-04 
 2.276052e+00  4.017997e-04 
 2.276450e+00  3.950423e-04 
 2.276847e+00  3.863443e-04 
 2.277245e+00  3.761630e-04 
 2.277643e+00  3.648801e-04 
 2.278040e+00  3.527105e-04 
 2.278438e+00  3.398277e-04 
 2.278836e+00  3.266988e-04 
 2.279233e+00  3.137164e-04 
 2.279631e+00  3.009700e-04 
 2.280029e+00  2.887763e-04 
 2.280426e+00  2.769050e-04 
 2.280824e+00  2.657693e-04 
 2.281222e+00  2.551250e-04 
 2.281620e+00  2.452581e-04 
 2.282017e+00  2.363579e-04 
 2.282415e+00  2.285006e-04 
 2.282813e+00  2.214928e-04 
 2.283210e+00  2.158475e-04 
 2.283608e+00  2.114978e-04 
 2.284006e+00  2.079275e-04 
 2.284403e+00  2.044986e-04 
 2.284801e+00  2.004710e-04 
 2.285199e+00  1.954504e-04 
 2.285597e+00  1.890172e-04 
 2.285994e+00  1.809533e-04 
 2.286392e+00  1.715387e-04 
 2.286790e+00  1.608066e-04 
 2.287187e+00  1.490441e-04 
 2.287585e+00  1.365486e-04 
 2.287983e+00  1.244449e-04 
 2.288380e+00  1.132314e-04 
 2.288778e+00  1.034336e-04 
 2.289176e+00  9.489087e-05 
 2.289573e+00  8.747858e-05 
 2.289971e+00  8.101285e-05 
 2.290369e+00  7.566564e-05 
 2.290767e+00  7.118348e-05 
 2.291164e+00  6.810856e-05 
 2.291562e+00  6.705084e-05 
 2.291960e+00  6.722479e-05 
 2.292357e+00  6.852902e-05 
 2.292755e+00  7.127623e-05 
 2.293153e+00  7.534517e-05 
 2.293550e+00  8.041571e-05 
 2.293948e+00  8.595587e-05 
 2.294346e+00  9.222266e-05 
 2.294744e+00  9.822336e-05 
 2.295141e+00  1.036780e-04 
 2.295539e+00  1.081132e-04 
 2.295937e+00  1.114570e-04 
 2.296334e+00  1.138506e-04 
 2.296732e+00  1.156567e-04 
 2.297130e+00  1.171753e-04 
 2.297527e+00  1.186082e-04 
 2.297925e+00  1.202643e-04 
 2.298323e+00  1.221840e-04 
 2.298720e+00  1.243619e-04 
 2.299118e+00  1.266238e-04 
 2.299516e+00  1.291185e-04 
 2.299914e+00  1.319297e-04 
 2.300311e+00  1.349981e-04 
 2.300709e+00  1.388287e-04 
 2.301107e+00  1.434223e-04 
 2.301504e+00  1.489453e-04 
 2.301902e+00  1.556024e-04 
 2.302300e+00  1.633319e-04 
 2.302697e+00  1.720916e-04 
 2.303095e+00  1.811350e-04 
 2.303493e+00  1.902936e-04 
 2.303891e+00  1.987631e-04 
 2.304288e+00  2.066177e-04 
 2.304686e+00  2.135040e-04 
 2.305084e+00  2.191579e-04 
 2.305481e+00  2.230628e-04 
 2.305879e+00  2.252595e-04 
 2.306277e+00  2.260999e-04 
 2.306674e+00  2.260061e-04 
 2.307072e+00  2.248195e-04 
 2.307470e+00  2.229772e-04 
 2.307867e+00  2.203468e-04 
 2.308265e+00  2.173387e-04 
 2.308663e+00  2.141487e-04 
 2.309061e+00  2.106712e-04 
 2.309458e+00  2.074972e-04 
 2.309856e+00  2.045518e-04 
 2.310254e+00  2.019654e-04 
 2.310651e+00  1.993883e-04 
 2.311049e+00  1.971434e-04 
 2.311447e+00  1.956927e-04 
 2.311844e+00  1.951164e-04 
 2.312242e+00  1.952294e-04 
 2.312640e+00  1.962263e-04 
 2.313038e+00  1.975623e-04 
 2.313435e+00  1.989259e-04 
 2.313833e+00  1.998735e-04 
 2.314231e+00  2.001685e-04 
 2.314628e+00  1.995969e-04 
 2.315026e+00  1.983635e-04 
 2.315424e+00  1.966666e-04 
 2.315821e+00  1.943749e-04 
 2.316219e+00  1.914818e-04 
 2.316617e+00  1.883307e-04 
 2.317014e+00  1.848092e-04 
 2.317412e+00  1.809132e-04 
 2.317810e+00  1.771544e-04 
 2.318208e+00  1.735610e-04 
 2.318605e+00  1.703966e-04 
 2.319003e+00  1.672646e-04 
 2.319401e+00  1.649818e-04 
 2.319798e+00  1.641102e-04 
 2.320196e+00  1.639792e-04 
 2.320594e+00  1.641715e-04 
 2.320991e+00  1.649138e-04 
 2.321389e+00  1.659797e-04 
 2.321787e+00  1.676017e-04 
 2.322185e+00  1.697547e-04 
 2.322582e+00  1.724806e-04 
 2.322980e+00  1.752314e-04 
 2.323378e+00  1.777320e-04 
 2.323775e+00  1.798233e-04 
 2.324173e+00  1.815109e-04 
 2.324571e+00  1.826258e-04 
 2.324968e+00  1.831654e-04 
 2.325366e+00  1.829845e-04 
 2.325764e+00  1.818480e-04 
 2.326161e+00  1.797513e-04 
 2.326559e+00  1.771272e-04 
 2.326957e+00  1.746023e-04 
 2.327355e+00  1.725177e-04 
 2.327752e+00  1.709003e-04 
 2.328150e+00  1.698773e-04 
 2.328548e+00  1.690247e-04 
 2.328945e+00  1.679379e-04 
 2.329343e+00  1.664531e-04 
 2.329741e+00  1.650470e-04 
 2.330138e+00  1.635662e-04 
 2.330536e+00  1.618720e-04 
 2.330934e+00  1.598861e-04 
 2.331332e+00  1.580840e-04 
 2.331729e+00  1.563807e-04 
 2.332127e+00  1.550112e-04 
 2.332525e+00  1.536078e-04 
 2.332922e+00  1.523084e-04 
 2.333320e+00  1.503223e-04 
 2.333718e+00  1.472725e-04 
 2.334115e+00  1.427621e-04 
 2.334513e+00  1.369746e-04 
 2.334911e+00  1.298759e-04 
 2.335308e+00  1.221546e-04 
 2.335706e+00  1.138586e-04 
 2.336104e+00  1.053218e-04 
 2.336502e+00  9.680785e-05 
 2.336899e+00  8.895743e-05 
 2.337297e+00  8.164137e-05 
 2.337695e+00  7.488207e-05 
 2.338092e+00  6.852087e-05 
 2.338490e+00  6.267057e-05 
 2.338888e+00  5.703497e-05 
 2.339285e+00  5.163541e-05 
 2.339683e+00  4.725434e-05 
 2.340081e+00  4.405378e-05 
 2.340479e+00  4.166708e-05 
 2.340876e+00  3.987558e-05 
 2.341274e+00  3.829043e-05 
 2.341672e+00  3.635131e-05 
 2.342069e+00  3.376990e-05 
 2.342467e+00  3.029300e-05 
 2.342865e+00  2.630949e-05 
 2.343262e+00  2.173829e-05 
 2.343660e+00  1.637097e-05 
 2.344058e+00  1.036292e-05 
 2.344455e+00  4.126731e-06 
 2.344853e+00 -1.713486e-06 
 2.345251e+00 -6.848904e-06 
 2.345649e+00 -1.104589e-05 
 2.346046e+00 -1.456988e-05 
 2.346444e+00 -1.708259e-05 
 2.346842e+00 -1.871083e-05 
 2.347239e+00 -1.905256e-05 
 2.347637e+00 -1.810118e-05 
 2.348035e+00 -1.567814e-05 
 2.348432e+00 -1.251000e-05 
 2.348830e+00 -8.339684e-06 
 2.349228e+00 -3.464073e-06 
 2.349626e+00  2.469212e-06 
 2.350023e+00  9.389390e-06 
 2.350421e+00  1.720583e-05 
 2.350819e+00  2.573792e-05 
 2.351216e+00  3.490544e-05 
 2.351614e+00  4.392774e-05 
 2.352012e+00  5.282827e-05 
 2.352409e+00  6.135533e-05 
 2.352807e+00  6.925839e-05 
 2.353205e+00  7.645355e-05 
 2.353602e+00  8.271871e-05 
 2.354000e+00  8.814819e-05 
 2.354398e+00  9.281440e-05 
 2.354796e+00  9.703242e-05 
 2.355193e+00  1.009075e-04 
 2.355591e+00  1.049251e-04 
 2.355989e+00  1.090464e-04 
 2.356386e+00  1.131194e-04 
 2.356784e+00  1.176188e-04 
 2.357182e+00  1.225987e-04 
 2.357579e+00  1.286071e-04 
 2.357977e+00  1.360472e-04 
 2.358375e+00  1.450701e-04 
 2.358773e+00  1.551924e-04 
 2.359170e+00  1.664305e-04 
 2.359568e+00  1.783085e-04 
 2.359966e+00  1.907758e-04 
 2.360363e+00  2.034116e-04 
 2.360761e+00  2.158208e-04 
 2.361159e+00  2.273659e-04 
 2.361556e+00  2.377513e-04 
 2.361954e+00  2.466405e-04 
 2.362352e+00  2.539364e-04 
 2.362749e+00  2.594506e-04 
 2.363147e+00  2.634031e-04 
 2.363545e+00  2.658627e-04 
 2.363943e+00  2.672260e-04 
 2.364340e+00  2.676879e-04 
 2.364738e+00  2.673498e-04 
 2.365136e+00  2.664031e-04 
 2.365533e+00  2.649990e-04 
 2.365931e+00  2.634469e-04 
 2.366329e+00  2.622637e-04 
 2.366726e+00  2.615323e-04 
 2.367124e+00  2.614059e-04 
 2.367522e+00  2.617482e-04 
 2.367920e+00  2.629363e-04 
 2.368317e+00  2.650242e-04 
 2.368715e+00  2.679250e-04 
 2.369113e+00  2.716381e-04 
 2.369510e+00  2.762171e-04 
 2.369908e+00  2.812306e-04 
 2.370306e+00  2.864329e-04 
 2.370703e+00  2.916397e-04 
 2.371101e+00  2.967278e-04 
 2.371499e+00  3.018391e-04 
 2.371896e+00  3.066226e-04 
 2.372294e+00  3.110897e-04 
 2.372692e+00  3.146562e-04 
 2.373090e+00  3.170369e-04 
 2.373487e+00  3.178751e-04 
 2.373885e+00  3.174108e-04 
 2.374283e+00  3.155371e-04 
 2.374680e+00  3.129624e-04 
 2.375078e+00  3.097322e-04 
 2.375476e+00  3.062051e-04 
 2.375873e+00  3.027192e-04 
 2.376271e+00  2.996886e-04 
 2.376669e+00  2.975180e-04 
 2.377067e+00  2.966850e-04 
 2.377464e+00  2.975298e-04 
 2.377862e+00  2.999164e-04 
 2.378260e+00  3.036691e-04 
 2.378657e+00  3.084434e-04 
 2.379055e+00  3.149418e-04 
 2.379453e+00  3.232471e-04 
 2.379850e+00  3.328158e-04 
 2.380248e+00  3.431235e-04 
 2.380646e+00  3.535463e-04 
 2.381043e+00  3.633157e-04 
 2.381441e+00  3.719476e-04 
 2.381839e+00  3.795815e-04 
 2.382237e+00  3.859020e-04 
 2.382634e+00  3.906098e-04 
 2.383032e+00  3.936000e-04 
 2.383430e+00  3.950193e-04 
 2.383827e+00  3.948694e-04 
 2.384225e+00  3.938855e-04 
 2.384623e+00  3.926920e-04 
 2.385020e+00  3.913278e-04 
 2.385418e+00  3.899643e-04 
 2.385816e+00  3.883306e-04 
 2.386214e+00  3.865031e-04 
 2.386611e+00  3.844078e-04 
 2.387009e+00  3.824338e-04 
 2.387407e+00  3.807595e-04 
 2.387804e+00  3.796286e-04 
 2.388202e+00  3.792464e-04 
 2.388600e+00  3.795447e-04 
 2.388997e+00  3.809053e-04 
 2.389395e+00  3.833009e-04 
 2.389793e+00  3.866041e-04 
 2.390190e+00  3.899451e-04 
 2.390588e+00  3.928339e-04 
 2.390986e+00  3.950736e-04 
 2.391384e+00  3.962921e-04 
 2.391781e+00  3.967099e-04 
 2.392179e+00  3.963814e-04 
 2.392577e+00  3.953168e-04 
 2.392974e+00  3.933908e-04 
 2.393372e+00  3.903489e-04 
 2.393770e+00  3.861967e-04 
 2.394167e+00  3.808771e-04 
 2.394565e+00  3.745966e-04 
 2.394963e+00  3.674840e-04 
 2.395361e+00  3.593328e-04 
 2.395758e+00  3.505497e-04 
 2.396156e+00  3.418059e-04 
 2.396554e+00  3.339176e-04 
 2.396951e+00  3.273234e-04 
 2.397349e+00  3.225868e-04 
 2.397747e+00  3.200421e-04 
 2.398144e+00  3.190270e-04 
 2.398542e+00  3.193305e-04 
 2.398940e+00  3.207098e-04 
 2.399337e+00  3.234723e-04 
 2.399735e+00  3.270005e-04 
 2.400133e+00  3.310588e-04 
 2.400531e+00  3.355439e-04 
 2.400928e+00  3.400538e-04 
 2.401326e+00  3.438959e-04 
 2.401724e+00  3.470378e-04 
 2.402121e+00  3.498688e-04 
 2.402519e+00  3.524085e-04 
 2.402917e+00  3.541359e-04 
 2.403314e+00  3.552748e-04 
 2.403712e+00  3.558252e-04 
 2.404110e+00  3.559573e-04 
 2.404508e+00  3.558944e-04 
 2.404905e+00  3.561933e-04 
 2.405303e+00  3.569279e-04 
 2.405701e+00  3.578071e-04 
 2.406098e+00  3.589584e-04 
 2.406496e+00  3.610234e-04 
 2.406894e+00  3.646272e-04 
 2.407291e+00  3.697960e-04 
 2.407689e+00  3.767637e-04 
 2.408087e+00  3.851177e-04 
 2.408484e+00  3.944518e-04 
 2.408882e+00  4.043784e-04 
 2.409280e+00  4.148124e-04 
 2.409678e+00  4.257075e-04 
 2.410075e+00  4.367368e-04 
 2.410473e+00  4.478328e-04 
 2.410871e+00  4.584380e-04 
 2.411268e+00  4.681510e-04 
 2.411666e+00  4.770529e-04 
 2.412064e+00  4.853137e-04 
 2.412461e+00  4.934843e-04 
 2.412859e+00  5.011775e-04 
 2.413257e+00  5.081106e-04 
 2.413655e+00  5.141179e-04 
 2.414052e+00  5.189736e-04 
 2.414450e+00  5.231310e-04 
 2.414848e+00  5.267634e-04 
 2.415245e+00  5.304603e-04 
 2.415643e+00  5.342394e-04 
 2.416041e+00  5.382825e-04 
 2.416438e+00  5.428066e-04 
 2.416836e+00  5.480603e-04 
 2.417234e+00  5.540883e-04 
 2.417631e+00  5.608887e-04 
 2.418029e+00  5.686329e-04 
 2.418427e+00  5.764616e-04 
 2.418825e+00  5.842131e-04 
 2.419222e+00  5.915879e-04 
 2.419620e+00  5.987228e-04 
 2.420018e+00  6.057286e-04 
 2.420415e+00  6.122386e-04 
 2.420813e+00  6.181821e-04 
 2.421211e+00  6.233940e-04 
 2.421608e+00  6.276833e-04 
 2.422006e+00  6.308011e-04 
 2.422404e+00  6.328823e-04 
 2.422802e+00  6.339766e-04 
 2.423199e+00  6.337331e-04 
 2.423597e+00  6.322844e-04 
 2.423995e+00  6.299029e-04 
 2.424392e+00  6.270546e-04 
 2.424790e+00  6.239085e-04 
 2.425188e+00  6.207877e-04 
 2.425585e+00  6.181507e-04 
 2.425983e+00  6.158349e-04 
 2.426381e+00  6.136519e-04 
 2.426778e+00  6.120654e-04 
 2.427176e+00  6.117737e-04 
 2.427574e+00  6.128062e-04 
 2.427972e+00  6.151637e-04 
 2.428369e+00  6.186122e-04 
 2.428767e+00  6.226889e-04 
 2.429165e+00  6.264425e-04 
 2.429562e+00  6.294751e-04 
 2.429960e+00  6.319991e-04 
 2.430358e+00  6.336330e-04 
 2.430755e+00  6.341971e-04 
 2.431153e+00  6.336739e-04 
 2.431551e+00  6.325542e-04 
 2.431949e+00  6.306259e-04 
 2.432346e+00  6.281772e-04 
 2.432744e+00  6.255524e-04 
 2.433142e+00  6.229787e-04 
 2.433539e+00  6.201076e-04 
 2.433937e+00  6.172427e-04 
 2.434335e+00  6.142255e-04 
 2.434732e+00  6.114408e-04 
 2.435130e+00  6.091415e-04 
 2.435528e+00  6.077995e-04 
 2.435925e+00  6.074587e-04 
 2.436323e+00  6.080400e-04 
 2.436721e+00  6.098185e-04 
 2.437119e+00  6.129076e-04 
 2.437516e+00  6.169452e-04 
 2.437914e+00  6.215950e-04 
 2.438312e+00  6.262718e-04 
 2.438709e+00  6.303114e-04 
 2.439107e+00  6.336897e-04 
 2.439505e+00  6.363876e-04 
 2.439902e+00  6.381331e-04 
 2.440300e+00  6.393378e-04 
 2.440698e+00  6.403150e-04 
 2.441096e+00  6.410367e-04 
 2.441493e+00  6.415943e-04 
 2.441891e+00  6.421084e-04 
 2.442289e+00  6.426284e-04 
 2.442686e+00  6.427105e-04 
 2.443084e+00  6.419671e-04 
 2.443482e+00  6.401902e-04 
 2.443879e+00  6.368690e-04 
 2.444277e+00  6.323139e-04 
 2.444675e+00  6.269282e-04 
 2.445072e+00  6.212538e-04 
 2.445470e+00  6.159849e-04 
 2.445868e+00  6.114873e-04 
 2.446266e+00  6.077798e-04 
 2.446663e+00  6.051705e-04 
 2.447061e+00  6.035534e-04 
 2.447459e+00  6.027418e-04 
 2.447856e+00  6.020253e-04 
 2.448254e+00  6.009892e-04 
 2.448652e+00  5.996354e-04 
 2.449049e+00  5.978213e-04 
 2.449447e+00  5.956160e-04 
 2.449845e+00  5.930450e-04 
 2.450243e+00  5.898971e-04 
 2.450640e+00  5.859724e-04 
 2.451038e+00  5.807597e-04 
 2.451436e+00  5.744167e-04 
 2.451833e+00  5.669611e-04 
 2.452231e+00  5.589118e-04 
 2.452629e+00  5.504991e-04 
 2.453026e+00  5.415701e-04 
 2.453424e+00  5.319921e-04 
 2.453822e+00  5.222367e-04 
 2.454219e+00  5.131255e-04 
 2.454617e+00  5.052756e-04 
 2.455015e+00  4.990283e-04 
 2.455413e+00  4.943867e-04 
 2.455810e+00  4.907589e-04 
 2.456208e+00  4.884042e-04 
 2.456606e+00  4.870243e-04 
 2.457003e+00  4.866993e-04 
 2.457401e+00  4.868226e-04 
 2.457799e+00  4.872741e-04 
 2.458196e+00  4.877216e-04 
 2.458594e+00  4.878354e-04 
 2.458992e+00  4.875641e-04 
 2.459390e+00  4.872407e-04 
 2.459787e+00  4.869590e-04 
 2.460185e+00  4.867026e-04 
 2.460583e+00  4.864776e-04 
 2.460980e+00  4.867636e-04 
 2.461378e+00  4.872608e-04 
 2.461776e+00  4.879385e-04 
 2.462173e+00  4.888867e-04 
 2.462571e+00  4.902896e-04 
 2.462969e+00  4.916478e-04 
 2.463366e+00  4.928901e-04 
 2.463764e+00  4.938469e-04 
 2.464162e+00  4.949619e-04 
 2.464560e+00  4.963660e-04 
 2.464957e+00  4.980801e-04 
 2.465355e+00  5.006416e-04 
 2.465753e+00  5.042546e-04 
 2.466150e+00  5.090264e-04 
 2.466548e+00  5.147825e-04 
 2.466946e+00  5.212560e-04 
 2.467343e+00  5.281644e-04 
 2.467741e+00  5.357039e-04 
 2.468139e+00  5.431814e-04 
 2.468537e+00  5.502277e-04 
 2.468934e+00  5.566762e-04 
 2.469332e+00  5.625432e-04 
 2.469730e+00  5.675860e-04 
 2.470127e+00  5.720735e-04 
 2.470525e+00  5.758428e-04 
 2.470923e+00  5.788458e-04 
 2.471320e+00  5.808171e-04 
 2.471718e+00  5.817349e-04 
 2.472116e+00  5.815642e-04 
 2.472513e+00  5.806103e-04 
 2.472911e+00  5.792546e-04 
 2.473309e+00  5.779697e-04 
 2.473707e+00  5.771075e-04 
 2.474104e+00  5.764813e-04 
 2.474502e+00  5.765781e-04 
 2.474900e+00  5.771003e-04 
 2.475297e+00  5.785372e-04 
 2.475695e+00  5.810656e-04 
 2.476093e+00  5.844214e-04 
 2.476490e+00  5.882510e-04 
 2.476888e+00  5.921820e-04 
 2.477286e+00  5.957957e-04 
 2.477684e+00  5.990320e-04 
 2.478081e+00  6.012831e-04 
 2.478479e+00  6.023514e-04 
 2.478877e+00  6.017253e-04 
 2.479274e+00  5.995168e-04 
 2.479672e+00  5.960745e-04 
 2.480070e+00  5.917647e-04 
 2.480467e+00  5.867659e-04 
 2.480865e+00  5.813899e-04 
 2.481263e+00  5.754506e-04 
 2.481660e+00  5.693163e-04 
 2.482058e+00  5.625688e-04 
 2.482456e+00  5.555466e-04 
 2.482854e+00  5.485951e-04 
 2.483251e+00  5.415349e-04 
 2.483649e+00  5.346082e-04 
 2.484047e+00  5.279925e-04 
 2.484444e+00  5.222272e-04 
 2.484842e+00  5.176227e-04 
 2.485240e+00  5.143938e-04 
 2.485637e+00  5.123655e-04 
 2.486035e+00  5.114999e-04 
 2.486433e+00  5.110659e-04 
 2.486831e+00  5.104110e-04 
 2.487228e+00  5.092793e-04 
 2.487626e+00  5.076963e-04 
 2.488024e+00  5.056820e-04 
 2.488421e+00  5.032184e-04 
 2.488819e+00  5.001676e-04 
 2.489217e+00  4.963299e-04 
 2.489614e+00  4.915188e-04 
 2.490012e+00  4.861560e-04 
 2.490410e+00  4.800835e-04 
 2.490807e+00  4.737021e-04 
 2.491205e+00  4.666000e-04 
 2.491603e+00  4.587982e-04 
 2.492001e+00  4.500626e-04 
 2.492398e+00  4.408615e-04 
 2.492796e+00  4.320973e-04 
 2.493194e+00  4.244012e-04 
 2.493591e+00  4.176278e-04 
 2.493989e+00  4.123227e-04 
 2.494387e+00  4.086884e-04 
 2.494784e+00  4.066693e-04 
 2.495182e+00  4.063022e-04 
 2.495580e+00  4.073274e-04 
 2.495978e+00  4.090311e-04 
 2.496375e+00  4.111429e-04 
 2.496773e+00  4.130763e-04 
 2.497171e+00  4.147974e-04 
 2.497568e+00  4.159699e-04 
 2.497966e+00  4.167764e-04 
 2.498364e+00  4.171657e-04 
 2.498761e+00  4.167911e-04 
 2.499159e+00  4.152993e-04 
 2.499557e+00  4.125483e-04 
 2.499954e+00  4.080218e-04 
 2.500352e+00  4.015879e-04 
 2.500750e+00  3.936318e-04 
 2.501148e+00  3.848924e-04 
 2.501545e+00  3.754600e-04 
 2.501943e+00  3.651922e-04 
 2.502341e+00  3.546766e-04 
 2.502738e+00  3.444019e-04 
 2.503136e+00  3.349259e-04 
 2.503534e+00  3.267661e-04 
 2.503931e+00  3.200252e-04 
 2.504329e+00  3.146140e-04 
 2.504727e+00  3.103095e-04 
 2.505125e+00  3.070691e-04 
 2.505522e+00  3.045237e-04 
 2.505920e+00  3.026507e-04 
 2.506318e+00  3.014308e-04 
 2.506715e+00  3.003797e-04 
 2.507113e+00  2.989352e-04 
 2.507511e+00  2.967406e-04 
 2.507908e+00  2.937816e-04 
 2.508306e+00  2.898730e-04 
 2.508704e+00  2.848615e-04 
 2.509101e+00  2.784087e-04 
 2.509499e+00  2.707617e-04 
 2.509897e+00  2.619429e-04 
 2.510295e+00  2.518228e-04 
 2.510692e+00  2.408694e-04 
 2.511090e+00  2.295174e-04 
 2.511488e+00  2.178408e-04 
 2.511885e+00  2.064512e-04 
 2.512283e+00  1.956478e-04 
 2.512681e+00  1.855544e-04 
 2.513078e+00  1.763902e-04 
 2.513476e+00  1.683044e-04 
 2.513874e+00  1.617823e-04 
 2.514272e+00  1.568668e-04 
 2.514669e+00  1.533301e-04 
 2.515067e+00  1.513068e-04 
 2.515465e+00  1.506387e-04 
 2.515862e+00  1.510404e-04 
 2.516260e+00  1.529812e-04 
 2.516658e+00  1.562857e-04 
 2.517055e+00  1.603377e-04 
 2.517453e+00  1.646075e-04 
 2.517851e+00  1.687781e-04 
 2.518248e+00  1.727167e-04 
 2.518646e+00  1.766098e-04 
 2.519044e+00  1.803636e-04 
 2.519442e+00  1.838159e-04 
 2.519839e+00  1.863009e-04 
 2.520237e+00  1.875744e-04 
 2.520635e+00  1.872480e-04 
 2.521032e+00  1.857593e-04 
 2.521430e+00  1.835089e-04 
 2.521828e+00  1.812387e-04 
 2.522225e+00  1.793085e-04 
 2.522623e+00  1.779323e-04 
 2.523021e+00  1.772129e-04 
 2.523419e+00  1.774479e-04 
 2.523816e+00  1.793006e-04 
 2.524214e+00  1.831117e-04 
 2.524612e+00  1.883169e-04 
 2.525009e+00  1.945958e-04 
 2.525407e+00  2.015868e-04 
 2.525805e+00  2.089234e-04 
 2.526202e+00  2.167498e-04 
 2.526600e+00  2.250154e-04 
 2.526998e+00  2.336479e-04 
 2.527395e+00  2.415463e-04 
 2.527793e+00  2.483132e-04 
 2.528191e+00  2.538455e-04 
 2.528589e+00  2.582246e-04 
 2.528986e+00  2.614990e-04 
 2.529384e+00  2.636975e-04 
 2.529782e+00  2.646430e-04 
 2.530179e+00  2.642550e-04 
 2.530577e+00  2.624912e-04 
 2.530975e+00  2.599823e-04 
 2.531372e+00  2.570493e-04 
 2.531770e+00  2.537575e-04 
 2.532168e+00  2.504652e-04 
 2.532566e+00  2.470264e-04 
 2.532963e+00  2.436181e-04 
 2.533361e+00  2.405986e-04 
 2.533759e+00  2.381280e-04 
 2.534156e+00  2.362270e-04 
 2.534554e+00  2.347417e-04 
 2.534952e+00  2.336999e-04 
 2.535349e+00  2.329126e-04 
 2.535747e+00  2.321931e-04 
 2.536145e+00  2.314662e-04 
 2.536542e+00  2.307517e-04 
 2.536940e+00  2.304863e-04 
 2.537338e+00  2.305031e-04 
 2.537736e+00  2.312857e-04 
 2.538133e+00  2.320956e-04 
 2.538531e+00  2.322915e-04 
 2.538929e+00  2.317063e-04 
 2.539326e+00  2.300206e-04 
 2.539724e+00  2.272199e-04 
 2.540122e+00  2.233310e-04 
 2.540519e+00  2.182774e-04 
 2.540917e+00  2.121621e-04 
 2.541315e+00  2.051032e-04 
 2.541713e+00  1.976339e-04 
 2.542110e+00  1.902384e-04 
 2.542508e+00  1.832516e-04 
 2.542906e+00  1.769787e-04 
 2.543303e+00  1.715777e-04 
 2.543701e+00  1.669093e-04 
 2.544099e+00  1.627116e-04 
 2.544496e+00  1.590064e-04 
 2.544894e+00  1.557278e-04 
 2.545292e+00  1.529354e-04 
 2.545689e+00  1.506889e-04 
 2.546087e+00  1.491440e-04 
 2.546485e+00  1.481566e-04 
 2.546883e+00  1.478190e-04 
 2.547280e+00  1.478160e-04 
 2.547678e+00  1.474184e-04 
 2.548076e+00  1.463554e-04 
 2.548473e+00  1.444211e-04 
 2.548871e+00  1.412653e-04 
 2.549269e+00  1.374663e-04 
 2.549666e+00  1.328656e-04 
 2.550064e+00  1.280718e-04 
 2.550462e+00  1.235796e-04 
 2.550860e+00  1.192248e-04 
 2.551257e+00  1.152588e-04 
 2.551655e+00  1.117929e-04 
 2.552053e+00  1.089678e-04 
 2.552450e+00  1.068247e-04 
 2.552848e+00  1.047438e-04 
 2.553246e+00  1.026748e-04 
 2.553643e+00  1.001990e-04 
 2.554041e+00  9.783832e-05 
 2.554439e+00  9.585915e-05 
 2.554836e+00  9.460556e-05 
 2.555234e+00  9.387774e-05 
 2.555632e+00  9.362586e-05 
 2.556030e+00  9.345177e-05 
 2.556427e+00  9.360135e-05 
 2.556825e+00  9.390088e-05 
 2.557223e+00  9.410724e-05 
 2.557620e+00  9.400549e-05 
 2.558018e+00  9.329560e-05 
 2.558416e+00  9.220412e-05 
 2.558813e+00  9.047103e-05 
 2.559211e+00  8.833669e-05 
 2.559609e+00  8.572750e-05 
 2.560007e+00  8.261818e-05 
 2.560404e+00  7.899521e-05 
 2.560802e+00  7.503905e-05 
 2.561200e+00  7.110758e-05 
 2.561597e+00  6.729182e-05 
 2.561995e+00  6.397903e-05 
 2.562393e+00  6.105848e-05 
 2.562790e+00  5.834869e-05 
 2.563188e+00  5.591657e-05 
 2.563586e+00  5.383948e-05 
 2.563983e+00  5.233610e-05 
 2.564381e+00  5.124808e-05 
 2.564779e+00  5.045846e-05 
 2.565177e+00  4.977751e-05 
 2.565574e+00  4.916803e-05 
 2.565972e+00  4.828269e-05 
 2.566370e+00  4.689159e-05 
 2.566767e+00  4.488264e-05 
 2.567165e+00  4.202283e-05 
 2.567563e+00  3.871626e-05 
 2.567960e+00  3.502901e-05 
 2.568358e+00  3.127623e-05 
 2.568756e+00  2.722223e-05 
 2.569154e+00  2.315576e-05 
 2.569551e+00  1.910884e-05 
 2.569949e+00  1.533159e-05 
 2.570347e+00  1.227802e-05 
 2.570744e+00  1.003720e-05 
 2.571142e+00  8.724380e-06 
 2.571540e+00  8.718410e-06 
 2.571937e+00  9.558352e-06 
 2.572335e+00  1.115716e-05 
 2.572733e+00  1.338137e-05 
 2.573130e+00  1.638284e-05 
 2.573528e+00  1.980805e-05 
 2.573926e+00  2.382556e-05 
 2.574324e+00  2.805533e-05 
 2.574721e+00  3.280364e-05 
 2.575119e+00  3.764017e-05 
 2.575517e+00  4.288476e-05 
 2.575914e+00  4.886623e-05 
 2.576312e+00  5.529055e-05 
 2.576710e+00  6.195704e-05 
 2.577107e+00  6.836388e-05 
 2.577505e+00  7.422148e-05 
 2.577903e+00  7.952106e-05 
 2.578301e+00  8.404005e-05 
 2.578698e+00  8.828797e-05 
 2.579096e+00  9.261879e-05 
 2.579494e+00  9.729722e-05 
 2.579891e+00  1.022601e-04 
 2.580289e+00  1.076147e-04 
 2.580687e+00  1.136046e-04 
 2.581084e+00  1.204890e-04 
 2.581482e+00  1.282736e-04 
 2.581880e+00  1.371362e-04 
 2.582277e+00  1.467826e-04 
 2.582675e+00  1.565350e-04 
 2.583073e+00  1.664427e-04 
 2.583471e+00  1.769981e-04 
 2.583868e+00  1.878630e-04 
 2.584266e+00  1.986698e-04 
 2.584664e+00  2.093685e-04 
 2.585061e+00  2.194891e-04 
 2.585459e+00  2.287641e-04 
 2.585857e+00  2.371651e-04 
 2.586254e+00  2.449932e-04 
 2.586652e+00  2.518314e-04 
 2.587050e+00  2.573540e-04 
 2.587448e+00  2.611919e-04 
 2.587845e+00  2.634337e-04 
 2.588243e+00  2.644380e-04 
 2.588641e+00  2.644662e-04 
 2.589038e+00  2.643230e-04 
 2.589436e+00  2.641944e-04 
 2.589834e+00  2.641713e-04 
 2.590231e+00  2.643921e-04 
 2.590629e+00  2.648830e-04 
 2.591027e+00  2.660968e-04 
 2.591424e+00  2.679858e-04 
 2.591822e+00  2.703683e-04 
 2.592220e+00  2.728999e-04 
 2.592618e+00  2.753480e-04 
 2.593015e+00  2.778184e-04 
 2.593413e+00  2.801289e-04 
 2.593811e+00  2.823348e-04 
 2.594208e+00  2.844663e-04 
 2.594606e+00  2.866387e-04 
 2.595004e+00  2.886659e-04 
 2.595401e+00  2.905735e-04 
 2.595799e+00  2.919462e-04 
 2.596197e+00  2.925595e-04 
 2.596595e+00  2.921802e-04 
 2.596992e+00  2.907698e-04 
 2.597390e+00  2.883786e-04 
 2.597788e+00  2.847335e-04 
 2.598185e+00  2.800707e-04 
 2.598583e+00  2.749512e-04 
 2.598981e+00  2.702207e-04 
 2.599378e+00  2.662010e-04 
 2.599776e+00  2.632512e-04 
 2.600174e+00  2.617026e-04 
 2.600571e+00  2.610269e-04 
 2.600969e+00  2.607842e-04 
 2.601367e+00  2.609921e-04 
 2.601765e+00  2.617747e-04 
 2.602162e+00  2.633647e-04 
 2.602560e+00  2.654145e-04 
 2.602958e+00  2.679681e-04 
 2.603355e+00  2.710408e-04 
 2.603753e+00  2.748683e-04 
 2.604151e+00  2.792905e-04 
 2.604548e+00  2.842839e-04 
 2.604946e+00  2.891097e-04 
 2.605344e+00  2.932086e-04 
 2.605742e+00  2.957437e-04 
 2.606139e+00  2.970365e-04 
 2.606537e+00  2.971642e-04 
 2.606935e+00  2.967967e-04 
 2.607332e+00  2.959145e-04 
 2.607730e+00  2.945912e-04 
 2.608128e+00  2.928405e-04 
 2.608525e+00  2.908490e-04 
 2.608923e+00  2.886696e-04 
 2.609321e+00  2.866500e-04 
 2.609718e+00  2.851837e-04 
 2.610116e+00  2.841084e-04 
 2.610514e+00  2.834647e-04 
 2.610912e+00  2.832041e-04 
 2.611309e+00  2.835587e-04 
 2.611707e+00  2.847100e-04 
 2.612105e+00  2.866046e-04 
 2.612502e+00  2.891647e-04 
 2.612900e+00  2.921267e-04 
 2.613298e+00  2.951992e-04 
 2.613695e+00  2.984425e-04 
 2.614093e+00  3.016172e-04 
 2.614491e+00  3.048947e-04 
 2.614889e+00  3.078674e-04 
 2.615286e+00  3.099521e-04 
 2.615684e+00  3.111741e-04 
 2.616082e+00  3.112919e-04 
 2.616479e+00  3.104580e-04 
 2.616877e+00  3.085010e-04 
 2.617275e+00  3.056331e-04 
 2.617672e+00  3.020107e-04 
 2.618070e+00  2.977090e-04 
 2.618468e+00  2.927972e-04 
 2.618865e+00  2.881590e-04 
 2.619263e+00  2.843883e-04 
 2.619661e+00  2.819282e-04 
 2.620059e+00  2.804665e-04 
 2.620456e+00  2.800739e-04 
 2.620854e+00  2.808057e-04 
 2.621252e+00  2.824484e-04 
 2.621649e+00  2.847178e-04 
 2.622047e+00  2.876540e-04 
 2.622445e+00  2.908511e-04 
 2.622842e+00  2.940005e-04 
 2.623240e+00  2.971904e-04 
 2.623638e+00  3.004525e-04 
 2.624036e+00  3.042185e-04 
 2.624433e+00  3.081468e-04 
 2.624831e+00  3.118160e-04 
 2.625229e+00  3.152006e-04 
 2.625626e+00  3.183900e-04 
 2.626024e+00  3.209918e-04 
 2.626422e+00  3.230834e-04 
 2.626819e+00  3.244547e-04 
 2.627217e+00  3.255283e-04 
 2.627615e+00  3.263225e-04 
 2.628012e+00  3.269694e-04 
 2.628410e+00  3.279691e-04 
 2.628808e+00  3.296576e-04 
 2.629206e+00  3.318696e-04 
 2.629603e+00  3.349650e-04 
 2.630001e+00  3.384437e-04 
 2.630399e+00  3.423679e-04 
 2.630796e+00  3.468485e-04 
 2.631194e+00  3.522740e-04 
 2.631592e+00  3.589170e-04 
 2.631989e+00  3.669612e-04 
 2.632387e+00  3.760205e-04 
 2.632785e+00  3.860146e-04 
 2.633183e+00  3.964531e-04 
 2.633580e+00  4.077817e-04 
 2.633978e+00  4.198027e-04 
 2.634376e+00  4.320596e-04 
 2.634773e+00  4.439494e-04 
 2.635171e+00  4.547013e-04 
 2.635569e+00  4.642870e-04 
 2.635966e+00  4.724048e-04 
 2.636364e+00  4.790986e-04 
 2.636762e+00  4.843979e-04 
 2.637159e+00  4.886479e-04 
 2.637557e+00  4.921249e-04 
 2.637955e+00  4.953626e-04 
 2.638353e+00  4.986505e-04 
 2.638750e+00  5.024899e-04 
 2.639148e+00  5.070564e-04 
 2.639546e+00  5.125406e-04 
 2.639943e+00  5.187348e-04 
 2.640341e+00  5.255072e-04 
 2.640739e+00  5.331614e-04 
 2.641136e+00  5.417063e-04 
 2.641534e+00  5.506320e-04 
 2.641932e+00  5.598040e-04 
 2.642330e+00  5.691644e-04 
 2.642727e+00  5.785435e-04 
 2.643125e+00  5.879180e-04 
 2.643523e+00  5.969700e-04 
 2.643920e+00  6.054127e-04 
 2.644318e+00  6.131897e-04 
 2.644716e+00  6.196816e-04 
 2.645113e+00  6.250960e-04 
 2.645511e+00  6.295008e-04 
 2.645909e+00  6.328381e-04 
 2.646306e+00  6.353513e-04 
 2.646704e+00  6.371991e-04 
 2.647102e+00  6.382466e-04 
 2.647500e+00  6.385902e-04 
 2.647897e+00  6.384507e-04 
 2.648295e+00  6.378317e-04 
 2.648693e+00  6.368932e-04 
 2.649090e+00  6.358540e-04 
 2.649488e+00  6.345376e-04 
 2.649886e+00  6.330911e-04 
 2.650283e+00  6.311886e-04 
 2.650681e+00  6.293782e-04 
 2.651079e+00  6.283012e-04 
 2.651477e+00  6.280101e-04 
 2.651874e+00  6.282425e-04 
 2.652272e+00  6.296502e-04 
 2.652670e+00  6.323677e-04 
 2.653067e+00  6.358707e-04 
 2.653465e+00  6.395343e-04 
 2.653863e+00  6.430035e-04 
 2.654260e+00  6.457216e-04 
 2.654658e+00  6.475123e-04 
 2.655056e+00  6.480180e-04 
 2.655453e+00  6.472645e-04 
 2.655851e+00  6.454173e-04 
 2.656249e+00  6.424034e-04 
 2.656647e+00  6.384829e-04 
 2.657044e+00  6.338772e-04 
 2.657442e+00  6.283068e-04 
 2.657840e+00  6.219322e-04 
 2.658237e+00  6.150040e-04 
 2.658635e+00  6.075659e-04 
 2.659033e+00  6.006127e-04 
 2.659430e+00  5.946173e-04 
 2.659828e+00  5.901532e-04 
 2.660226e+00  5.866380e-04 
 2.660624e+00  5.839707e-04 
 2.661021e+00  5.825882e-04 
 2.661419e+00  5.822715e-04 
 2.661817e+00  5.831534e-04 
 2.662214e+00  5.848218e-04 
 2.662612e+00  5.866333e-04 
 2.663010e+00  5.878218e-04 
 2.663407e+00  5.880746e-04 
 2.663805e+00  5.880086e-04 
 2.664203e+00  5.880552e-04 
 2.664600e+00  5.880990e-04 
 2.664998e+00  5.878831e-04 
 2.665396e+00  5.870544e-04 
 2.665794e+00  5.853941e-04 
 2.666191e+00  5.832234e-04 
 2.666589e+00  5.806178e-04 
 2.666987e+00  5.777655e-04 
 2.667384e+00  5.748220e-04 
 2.667782e+00  5.717821e-04 
 2.668180e+00  5.683268e-04 
 2.668577e+00  5.647406e-04 
 2.668975e+00  5.609300e-04 
 2.669373e+00  5.573345e-04 
 2.669771e+00  5.538834e-04 
 2.670168e+00  5.506750e-04 
 2.670566e+00  5.473066e-04 
 2.670964e+00  5.441785e-04 
 2.671361e+00  5.412614e-04 
 2.671759e+00  5.389378e-04 
 2.672157e+00  5.373609e-04 
 2.672554e+00  5.367686e-04 
 2.672952e+00  5.365217e-04 
 2.673350e+00  5.364799e-04 
 2.673747e+00  5.365059e-04 
 2.674145e+00  5.367411e-04 
 2.674543e+00  5.367487e-04 
 2.674941e+00  5.362498e-04 
 2.675338e+00  5.349539e-04 
 2.675736e+00  5.326433e-04 
 2.676134e+00  5.295463e-04 
 2.676531e+00  5.263554e-04 
 2.676929e+00  5.230761e-04 
 2.677327e+00  5.198209e-04 
 2.677724e+00  5.164068e-04 
 2.678122e+00  5.125651e-04 
 2.678520e+00  5.082854e-04 
 2.678918e+00  5.035490e-04 
 2.679315e+00  4.989444e-04 
 2.679713e+00  4.948124e-04 
 2.680111e+00  4.914217e-04 
 2.680508e+00  4.890138e-04 
 2.680906e+00  4.875475e-04 
 2.681304e+00  4.870106e-04 
 2.681701e+00  4.874957e-04 
 2.682099e+00  4.886069e-04 
 2.682497e+00  4.901161e-04 
 2.682894e+00  4.919365e-04 
 2.683292e+00  4.938984e-04 
 2.683690e+00  4.957642e-04 
 2.684088e+00  4.973294e-04 
 2.684485e+00  4.990903e-04 
 2.684883e+00  5.009838e-04 
 2.685281e+00  5.030743e-04 
 2.685678e+00  5.054596e-04 
 2.686076e+00  5.078293e-04 
 2.686474e+00  5.102699e-04 
 2.686871e+00  5.128756e-04 
 2.687269e+00  5.157937e-04 
 2.687667e+00  5.190488e-04 
 2.688065e+00  5.222516e-04 
 2.688462e+00  5.256595e-04 
 2.688860e+00  5.290659e-04 
 2.689258e+00  5.325399e-04 
 2.689655e+00  5.367870e-04 
 2.690053e+00  5.416924e-04 
 2.690451e+00  5.468606e-04 
 2.690848e+00  5.522057e-04 
 2.691246e+00  5.579266e-04 
 2.691644e+00  5.635482e-04 
 2.692041e+00  5.689512e-04 
 2.692439e+00  5.736427e-04 
 2.692837e+00  5.781098e-04 
 2.693235e+00  5.822598e-04 
 2.693632e+00  5.857738e-04 
 2.694030e+00  5.888943e-04 
 2.694428e+00  5.920409e-04 
 2.694825e+00  5.954695e-04 
 2.695223e+00  5.998118e-04 
 2.695621e+00  6.050068e-04 
 2.696018e+00  6.105170e-04 
 2.696416e+00  6.159168e-04 
 2.696814e+00  6.211330e-04 
 2.697212e+00  6.258627e-04 
 2.697609e+00  6.300436e-04 
 2.698007e+00  6.339273e-04 
 2.698405e+00  6.376168e-04 
 2.698802e+00  6.406940e-04 
 2.699200e+00  6.433085e-04 
 2.699598e+00  6.453635e-04 
 2.699995e+00  6.470538e-04 
 2.700393e+00  6.485375e-04 
 2.700791e+00  6.501250e-04 
 2.701188e+00  6.514093e-04 
 2.701586e+00  6.522763e-04 
 2.701984e+00  6.524711e-04 
 2.702382e+00  6.521292e-04 
 2.702779e+00  6.512625e-04 
 2.703177e+00  6.501202e-04 
 2.703575e+00  6.488518e-04 
 2.703972e+00  6.473448e-04 
 2.704370e+00  6.455566e-04 
 2.704768e+00  6.438146e-04 
 2.705165e+00  6.419723e-04 
 2.705563e+00  6.398640e-04 
 2.705961e+00  6.374115e-04 
 2.706359e+00  6.346340e-04 
 2.706756e+00  6.314491e-04 
 2.707154e+00  6.274687e-04 
 2.707552e+00  6.230770e-04 
 2.707949e+00  6.189531e-04 
 2.708347e+00  6.153530e-04 
 2.708745e+00  6.126345e-04 
 2.709142e+00  6.102768e-04 
 2.709540e+00  6.082451e-04 
 2.709938e+00  6.065114e-04 
 2.710335e+00  6.048425e-04 
 2.710733e+00  6.031516e-04 
 2.711131e+00  6.008453e-04 
 2.711529e+00  5.970119e-04 
 2.711926e+00  5.919574e-04 
 2.712324e+00  5.855057e-04 
 2.712722e+00  5.780003e-04 
 2.713119e+00  5.698093e-04 
 2.713517e+00  5.612977e-04 
 2.713915e+00  5.522690e-04 
 2.714312e+00  5.430911e-04 
 2.714710e+00  5.336899e-04 
 2.715108e+00  5.246127e-04 
 2.715506e+00  5.160583e-04 
 2.715903e+00  5.079112e-04 
 2.716301e+00  5.004241e-04 
 2.716699e+00  4.935257e-04 
 2.717096e+00  4.871696e-04 
 2.717494e+00  4.814600e-04 
 2.717892e+00  4.763435e-04 
 2.718289e+00  4.718523e-04 
 2.718687e+00  4.674250e-04 
 2.719085e+00  4.629336e-04 
 2.719482e+00  4.582115e-04 
 2.719880e+00  4.531577e-04 
 2.720278e+00  4.477303e-04 
 2.720676e+00  4.418637e-04 
 2.721073e+00  4.356229e-04 
 2.721471e+00  4.289757e-04 
 2.721869e+00  4.218220e-04 
 2.722266e+00  4.142378e-04 
 2.722664e+00  4.065474e-04 
 2.723062e+00  3.986125e-04 
 2.723459e+00  3.910681e-04 
 2.723857e+00  3.836762e-04 
 2.724255e+00  3.757969e-04 
 2.724653e+00  3.677892e-04 
 2.725050e+00  3.598129e-04 
 2.725448e+00  3.521537e-04 
 2.725846e+00  3.449566e-04 
 2.726243e+00  3.379986e-04 
 2.726641e+00  3.311916e-04 
 2.727039e+00  3.242056e-04 
 2.727436e+00  3.171239e-04 
 2.727834e+00  3.103425e-04 
 2.728232e+00  3.043840e-04 
 2.728629e+00  2.996584e-04 
 2.729027e+00  2.963984e-04 
 2.729425e+00  2.944494e-04 
 2.729823e+00  2.936000e-04 
 2.730220e+00  2.934685e-04 
 2.730618e+00  2.933853e-04 
 2.731016e+00  2.929099e-04 
 2.731413e+00  2.915850e-04 
 2.731811e+00  2.889666e-04 
 2.732209e+00  2.846535e-04 
 2.732606e+00  2.786239e-04 
 2.733004e+00  2.715575e-04 
 2.733402e+00  2.639626e-04 
 2.733800e+00  2.562624e-04 
 2.734197e+00  2.487504e-04 
 2.734595e+00  2.414582e-04 
 2.734993e+00  2.343029e-04 
 2.735390e+00  2.272899e-04 
 2.735788e+00  2.203758e-04 
 2.736186e+00  2.140462e-04 
 2.736583e+00  2.087022e-04 
 2.736981e+00  2.041670e-04 
 2.737379e+00  2.008202e-04 
 2.737776e+00  1.987693e-04 
 2.738174e+00  1.980720e-04 
 2.738572e+00  1.987049e-04 
 2.738970e+00  2.003392e-04 
 2.739367e+00  2.026896e-04 
 2.739765e+00  2.049188e-04 
 2.740163e+00  2.066476e-04 
 2.740560e+00  2.079668e-04 
 2.740958e+00  2.086606e-04 
 2.741356e+00  2.091045e-04 
 2.741753e+00  2.092662e-04 
 2.742151e+00  2.092689e-04 
 2.742549e+00  2.090591e-04 
 2.742947e+00  2.088677e-04 
 2.743344e+00  2.090982e-04 
 2.743742e+00  2.095410e-04 
 2.744140e+00  2.100961e-04 
 2.744537e+00  2.107888e-04 
 2.744935e+00  2.114035e-04 
 2.745333e+00  2.118023e-04 
 2.745730e+00  2.119538e-04 
 2.746128e+00  2.121099e-04 
 2.746526e+00  2.124716e-04 
 2.746923e+00  2.135736e-04 
 2.747321e+00  2.158253e-04 
 2.747719e+00  2.192739e-04 
 2.748117e+00  2.238458e-04 
 2.748514e+00  2.294766e-04 
 2.748912e+00  2.361252e-04 
 2.749310e+00  2.431773e-04 
 2.749707e+00  2.505075e-04 
 2.750105e+00  2.579082e-04 
 2.750503e+00  2.650862e-04 
 2.750900e+00  2.716963e-04 
 2.751298e+00  2.775279e-04 
 2.751696e+00  2.822189e-04 
 2.752094e+00  2.858036e-04 
 2.752491e+00  2.886701e-04 
 2.752889e+00  2.910092e-04 
 2.753287e+00  2.927908e-04 
 2.753684e+00  2.937741e-04 
 2.754082e+00  2.941090e-04 
 2.754480e+00  2.938350e-04 
 2.754877e+00  2.929569e-04 
 2.755275e+00  2.920103e-04 
 2.755673e+00  2.910863e-04 
 2.756070e+00  2.900880e-04 
 2.756468e+00  2.894529e-04 
 2.756866e+00  2.895671e-04 
 2.757264e+00  2.901612e-04 
 2.757661e+00  2.916852e-04 
 2.758059e+00  2.942289e-04 
 2.758457e+00  2.974685e-04 
 2.758854e+00  3.008690e-04 
 2.759252e+00  3.041203e-04 
 2.759650e+00  3.068658e-04 
 2.760047e+00  3.088624e-04 
 2.760445e+00  3.099505e-04 
 2.760843e+00  3.104853e-04 
 2.761241e+00  3.103077e-04 
 2.761638e+00  3.092550e-04 
 2.762036e+00  3.076216e-04 
 2.762434e+00  3.054981e-04 
 2.762831e+00  3.029024e-04 
 2.763229e+00  2.997354e-04 
 2.763627e+00  2.960314e-04 
 2.764024e+00  2.914936e-04 
 2.764422e+00  2.865910e-04 
 2.764820e+00  2.814683e-04 
 2.765217e+00  2.762668e-04 
 2.765615e+00  2.711842e-04 
 2.766013e+00  2.666167e-04 
 2.766411e+00  2.620226e-04 
 2.766808e+00  2.577467e-04 
 2.767206e+00  2.538214e-04 
 2.767604e+00  2.504642e-04 
 2.768001e+00  2.477947e-04 
 2.768399e+00  2.457981e-04 
 2.768797e+00  2.440935e-04 
 2.769194e+00  2.424139e-04 
 2.769592e+00  2.402739e-04 
 2.769990e+00  2.376281e-04 
 2.770388e+00  2.343187e-04 
 2.770785e+00  2.305159e-04 
 2.771183e+00  2.261630e-04 
 2.771581e+00  2.212668e-04 
 2.771978e+00  2.156398e-04 
 2.772376e+00  2.092174e-04 
 2.772774e+00  2.023254e-04 
 2.773171e+00  1.951198e-04 
 2.773569e+00  1.877503e-04 
 2.773967e+00  1.802815e-04 
 2.774364e+00  1.724743e-04 
 2.774762e+00  1.645618e-04 
 2.775160e+00  1.566180e-04 
 2.775558e+00  1.487062e-04 
 2.775955e+00  1.408904e-04 
 2.776353e+00  1.334016e-04 
 2.776751e+00  1.263421e-04 
 2.777148e+00  1.197036e-04 
 2.777546e+00  1.135345e-04 
 2.777944e+00  1.081479e-04 
 2.778341e+00  1.037960e-04 
 2.778739e+00  1.001590e-04 
 2.779137e+00  9.667202e-05 
 2.779535e+00  9.287282e-05 
 2.779932e+00  8.871658e-05 
 2.780330e+00  8.395169e-05 
 2.780728e+00  7.864397e-05 
 2.781125e+00  7.293367e-05 
 2.781523e+00  6.663425e-05 
 2.781921e+00  5.973891e-05 
 2.782318e+00  5.253213e-05 
 2.782716e+00  4.515305e-05 
 2.783114e+00  3.804301e-05 
 2.783511e+00  3.102364e-05 
 2.783909e+00  2.384974e-05 
 2.784307e+00  1.622546e-05 
 2.784705e+00  8.337865e-06 
 2.785102e+00  1.814288e-07 
 2.785500e+00 -7.460871e-06 
 2.785898e+00 -1.363992e-05 
 2.786295e+00 -1.795935e-05 
 2.786693e+00 -2.102904e-05 
 2.787091e+00 -2.273273e-05 
 2.787488e+00 -2.345264e-05 
 2.787886e+00 -2.332272e-05 
 2.788284e+00 -2.291203e-05 
 2.788682e+00 -2.225602e-05 
 2.789079e+00 -2.179839e-05 
 2.789477e+00 -2.182356e-05 
 2.789875e+00 -2.213845e-05 
 2.790272e+00 -2.249983e-05 
 2.790670e+00 -2.267153e-05 
 2.791068e+00 -2.264336e-05 
 2.791465e+00 -2.232746e-05 
 2.791863e+00 -2.203169e-05 
 2.792261e+00 -2.157704e-05 
 2.792658e+00 -2.115276e-05 
 2.793056e+00 -2.076247e-05 
 2.793454e+00 -2.031882e-05 
 2.793852e+00 -2.013050e-05 
 2.794249e+00 -1.974455e-05 
 2.794647e+00 -1.932349e-05 
 2.795045e+00 -1.848120e-05 
 2.795442e+00 -1.675379e-05 
 2.795840e+00 -1.439674e-05 
 2.796238e+00 -1.134427e-05 
 2.796635e+00 -7.890277e-06 
 2.797033e+00 -3.977944e-06 
 2.797431e+00  3.661143e-07 
 2.797829e+00  4.885346e-06 
 2.798226e+00  9.739800e-06 
 2.798624e+00  1.529450e-05 
 2.799022e+00  2.145290e-05 
 2.799419e+00  2.798545e-05 
 2.799817e+00  3.448328e-05 
 2.800215e+00  4.096070e-05 
 2.800612e+00  4.736624e-05 
 2.801010e+00  5.355401e-05 
 2.801408e+00  5.931949e-05 
 2.801805e+00  6.439810e-05 
 2.802203e+00  6.845728e-05 
 2.802601e+00  7.181356e-05 
 2.802999e+00  7.473657e-05 
 2.803396e+00  7.736238e-05 
 2.803794e+00  7.993891e-05 
 2.804192e+00  8.255126e-05 
 2.804589e+00  8.551529e-05 
 2.804987e+00  8.895464e-05 
 2.805385e+00  9.298584e-05 
 2.805782e+00  9.761875e-05 
 2.806180e+00  1.033337e-04 
 2.806578e+00  1.100001e-04 
 2.806976e+00  1.174877e-04 
 2.807373e+00  1.252378e-04 
 2.807771e+00  1.332163e-04 
 2.808169e+00  1.411399e-04 
 2.808566e+00  1.491728e-04 
 2.808964e+00  1.570406e-04 
 2.809362e+00  1.646764e-04 
 2.809759e+00  1.719238e-04 
 2.810157e+00  1.790767e-04 
 2.810555e+00  1.861181e-04 
 2.810952e+00  1.932054e-04 
 2.811350e+00  2.001101e-04 
 2.811748e+00  2.067467e-04 
 2.812146e+00  2.130863e-04 
 2.812543e+00  2.188899e-04 
 2.812941e+00  2.240993e-04 
 2.813339e+00  2.289894e-04 
 2.813736e+00  2.336887e-04 
 2.814134e+00  2.387348e-04 
 2.814532e+00  2.437834e-04 
 2.814929e+00  2.485386e-04 
 2.815327e+00  2.532034e-04 
 2.815725e+00  2.576483e-04 
 2.816123e+00  2.618663e-04 
 2.816520e+00  2.661498e-04 
 2.816918e+00  2.706140e-04 
 2.817316e+00  2.752663e-04 
 2.817713e+00  2.801754e-04 
 2.818111e+00  2.854018e-04 
 2.818509e+00  2.908423e-04 
 2.818906e+00  2.960775e-04 
 2.819304e+00  3.010915e-04 
 2.819702e+00  3.059982e-04 
 2.820099e+00  3.103795e-04 
 2.820497e+00  3.140923e-04 
 2.820895e+00  3.169571e-04 
 2.821293e+00  3.187705e-04 
 2.821690e+00  3.197387e-04 
 2.822088e+00  3.202225e-04 
 2.822486e+00  3.203737e-04 
 2.822883e+00  3.199942e-04 
 2.823281e+00  3.191829e-04 
 2.823679e+00  3.179310e-04 
 2.824076e+00  3.165249e-04 
 2.824474e+00  3.151229e-04 
 2.824872e+00  3.139839e-04 
 2.825270e+00  3.134121e-04 
 2.825667e+00  3.132851e-04 
 2.826065e+00  3.134734e-04 
 2.826463e+00  3.136825e-04 
 2.826860e+00  3.138616e-04 
 2.827258e+00  3.138440e-04 
 2.827656e+00  3.135623e-04 
 2.828053e+00  3.128443e-04 
 2.828451e+00  3.114996e-04 
 2.828849e+00  3.094085e-04 
 2.829246e+00  3.064186e-04 
 2.829644e+00  3.028187e-04 
 2.830042e+00  2.991759e-04 
 2.830440e+00  2.954877e-04 
 2.830837e+00  2.919090e-04 
 2.831235e+00  2.885204e-04 
 2.831633e+00  2.851077e-04 
 2.832030e+00  2.815623e-04 
 2.832428e+00  2.782030e-04 
 2.832826e+00  2.749848e-04 
 2.833223e+00  2.717031e-04 
 2.833621e+00  2.680774e-04 
 2.834019e+00  2.643028e-04 
 2.834417e+00  2.607526e-04 
 2.834814e+00  2.574726e-04 
 2.835212e+00  2.545314e-04 
 2.835610e+00  2.520088e-04 
 2.836007e+00  2.497867e-04 
 2.836405e+00  2.470465e-04 
 2.836803e+00  2.439800e-04 
 2.837200e+00  2.405705e-04 
 2.837598e+00  2.368400e-04 
 2.837996e+00  2.331918e-04 
 2.838393e+00  2.300020e-04 
 2.838791e+00  2.269682e-04 
 2.839189e+00  2.242570e-04 
 2.839587e+00  2.217181e-04 
 2.839984e+00  2.189666e-04 
 2.840382e+00  2.158621e-04 
 2.840780e+00  2.123476e-04 
 2.841177e+00  2.086012e-04 
 2.841575e+00  2.042546e-04 
 2.841973e+00  1.996298e-04 
 2.842370e+00  1.949957e-04 
 2.842768e+00  1.909075e-04 
 2.843166e+00  1.878902e-04 
 2.843564e+00  1.862736e-04 
 2.843961e+00  1.860459e-04 
 2.844359e+00  1.869023e-04 
 2.844757e+00  1.888517e-04 
 2.845154e+00  1.916868e-04 
 2.845552e+00  1.950609e-04 
 2.845950e+00  1.985898e-04 
 2.846347e+00  2.023137e-04 
 2.846745e+00  2.058233e-04 
 2.847143e+00  2.090020e-04 
 2.847540e+00  2.123033e-04 
 2.847938e+00  2.157255e-04 
 2.848336e+00  2.190644e-04 
 2.848734e+00  2.220312e-04 
 2.849131e+00  2.243863e-04 
 2.849529e+00  2.265176e-04 
 2.849927e+00  2.280135e-04 
 2.850324e+00  2.290797e-04 
 2.850722e+00  2.304346e-04 
 2.851120e+00  2.323031e-04 
 2.851517e+00  2.348827e-04 
 2.851915e+00  2.380810e-04 
 2.852313e+00  2.423895e-04 
 2.852711e+00  2.481266e-04 
 2.853108e+00  2.549033e-04 
 2.853506e+00  2.627577e-04 
 2.853904e+00  2.713032e-04 
 2.854301e+00  2.799228e-04 
 2.854699e+00  2.886475e-04 
 2.855097e+00  2.971815e-04 
 2.855494e+00  3.057476e-04 
 2.855892e+00  3.144550e-04 
 2.856290e+00  3.235924e-04 
 2.856687e+00  3.328633e-04 
 2.857085e+00  3.416944e-04 
 2.857483e+00  3.499613e-04 
 2.857881e+00  3.577419e-04 
 2.858278e+00  3.652399e-04 
 2.858676e+00  3.725102e-04 
 2.859074e+00  3.792010e-04 
 2.859471e+00  3.852184e-04 
 2.859869e+00  3.905837e-04 
 2.860267e+00  3.952752e-04 
 2.860664e+00  3.996549e-04 
 2.861062e+00  4.038271e-04 
 2.861460e+00  4.077076e-04 
 2.861858e+00  4.114736e-04 
 2.862255e+00  4.155401e-04 
 2.862653e+00  4.202521e-04 
 2.863051e+00  4.259143e-04 
 2.863448e+00  4.327140e-04 
 2.863846e+00  4.406473e-04 
 2.864244e+00  4.493462e-04 
 2.864641e+00  4.584001e-04 
 2.865039e+00  4.677837e-04 
 2.865437e+00  4.773554e-04 
 2.865834e+00  4.869887e-04 
 2.866232e+00  4.969191e-04 
 2.866630e+00  5.070471e-04 
 2.867028e+00  5.167843e-04 
 2.867425e+00  5.258532e-04 
 2.867823e+00  5.348843e-04 
 2.868221e+00  5.436252e-04 
 2.868618e+00  5.516725e-04 
 2.869016e+00  5.583083e-04 
 2.869414e+00  5.639302e-04 
 2.869811e+00  5.685465e-04 
 2.870209e+00  5.720572e-04 
 2.870607e+00  5.748092e-04 
 2.871005e+00  5.775698e-04 
 2.871402e+00  5.806631e-04 
 2.871800e+00  5.839181e-04 
 2.872198e+00  5.876437e-04 
 2.872595e+00  5.917524e-04 
 2.872993e+00  5.966843e-04 
 2.873391e+00  6.023961e-04 
 2.873788e+00  6.089647e-04 
 2.874186e+00  6.161518e-04 
 2.874584e+00  6.238966e-04 
 2.874981e+00  6.319883e-04 
 2.875379e+00  6.400307e-04 
 2.875777e+00  6.477544e-04 
 2.876175e+00  6.552236e-04 
 2.876572e+00  6.622126e-04 
 2.876970e+00  6.684249e-04 
 2.877368e+00  6.737728e-04 
 2.877765e+00  6.784021e-04 
 2.878163e+00  6.822523e-04 
 2.878561e+00  6.849083e-04 
 2.878958e+00  6.866068e-04 
 2.879356e+00  6.872150e-04 
 2.879754e+00  6.867098e-04 
 2.880152e+00  6.853298e-04 
 2.880549e+00  6.829167e-04 
 2.880947e+00  6.800281e-04 
 2.881345e+00  6.767063e-04 
 2.881742e+00  6.733608e-04 
 2.882140e+00  6.698378e-04 
 2.882538e+00  6.663818e-04 
 2.882935e+00  6.634212e-04 
 2.883333e+00  6.612501e-04 
 2.883731e+00  6.595688e-04 
 2.884128e+00  6.578955e-04 
 2.884526e+00  6.559314e-04 
 2.884924e+00  6.534617e-04 
 2.885322e+00  6.505162e-04 
 2.885719e+00  6.471151e-04 
 2.886117e+00  6.437327e-04 
 2.886515e+00  6.409532e-04 
 2.886912e+00  6.383661e-04 
 2.887310e+00  6.361686e-04 
 2.887708e+00  6.342251e-04 
 2.888105e+00  6.323336e-04 
 2.888503e+00  6.299472e-04 
 2.888901e+00  6.264788e-04 
 2.889299e+00  6.217855e-04 
 2.889696e+00  6.159439e-04 
 2.890094e+00  6.088941e-04 
 2.890492e+00  6.007963e-04 
 2.890889e+00  5.918974e-04 
 2.891287e+00  5.825908e-04 
 2.891685e+00  5.738292e-04 
 2.892082e+00  5.656853e-04 
 2.892480e+00  5.584086e-04 
 2.892878e+00  5.515146e-04 
 2.893275e+00  5.452107e-04 
 2.893673e+00  5.392231e-04 
 2.894071e+00  5.335107e-04 
 2.894469e+00  5.284342e-04 
 2.894866e+00  5.241515e-04 
 2.895264e+00  5.207856e-04 
 2.895662e+00  5.183430e-04 
 2.896059e+00  5.164206e-04 
 2.896457e+00  5.147787e-04 
 2.896855e+00  5.134948e-04 
 2.897252e+00  5.123057e-04 
 2.897650e+00  5.105765e-04 
 2.898048e+00  5.079257e-04 
 2.898446e+00  5.044845e-04 
 2.898843e+00  5.000998e-04 
 2.899241e+00  4.948154e-04 
 2.899639e+00  4.891894e-04 
 2.900036e+00  4.840074e-04 
 2.900434e+00  4.789056e-04 
 2.900832e+00  4.743381e-04 
 2.901229e+00  4.705841e-04 
 2.901627e+00  4.678818e-04 
 2.902025e+00  4.663106e-04 
 2.902422e+00  4.657381e-04 
 2.902820e+00  4.656104e-04 
 2.903218e+00  4.656636e-04 
 2.903616e+00  4.653202e-04 
 2.904013e+00  4.647021e-04 
 2.904411e+00  4.639520e-04 
 2.904809e+00  4.637257e-04 
 2.905206e+00  4.639298e-04 
 2.905604e+00  4.644899e-04 
 2.906002e+00  4.652944e-04 
 2.906399e+00  4.664754e-04 
 2.906797e+00  4.682560e-04 
 2.907195e+00  4.705180e-04 
 2.907593e+00  4.733194e-04 
 2.907990e+00  4.764041e-04 
 2.908388e+00  4.797595e-04 
 2.908786e+00  4.832516e-04 
 2.909183e+00  4.867459e-04 
 2.909581e+00  4.899421e-04 
 2.909979e+00  4.931456e-04 
 2.910376e+00  4.959492e-04 
 2.910774e+00  4.987278e-04 
 2.911172e+00  5.010364e-04 
 2.911569e+00  5.031556e-04 
 2.911967e+00  5.053474e-04 
 2.912365e+00  5.076536e-04 
 2.912763e+00  5.101222e-04 
 2.913160e+00  5.129505e-04 
 2.913558e+00  5.161978e-04 
 2.913956e+00  5.203816e-04 
 2.914353e+00  5.248053e-04 
 2.914751e+00  5.297067e-04 
 2.915149e+00  5.346692e-04 
 2.915546e+00  5.398132e-04 
 2.915944e+00  5.454705e-04 
 2.916342e+00  5.514993e-04 
 2.916740e+00  5.572406e-04 
 2.917137e+00  5.624610e-04 
 2.917535e+00  5.666502e-04 
 2.917933e+00  5.699455e-04 
 2.918330e+00  5.723723e-04 
 2.918728e+00  5.740897e-04 
 2.919126e+00  5.754057e-04 
 2.919523e+00  5.763743e-04 
 2.919921e+00  5.773850e-04 
 2.920319e+00  5.789052e-04 
 2.920716e+00  5.812719e-04 
 2.921114e+00  5.847418e-04 
 2.921512e+00  5.891638e-04 
 2.921910e+00  5.945560e-04 
 2.922307e+00  6.004926e-04 
 2.922705e+00  6.064765e-04 
 2.923103e+00  6.126786e-04 
 2.923500e+00  6.187082e-04 
 2.923898e+00  6.243348e-04 
 2.924296e+00  6.292016e-04 
 2.924693e+00  6.329131e-04 
 2.925091e+00  6.358168e-04 
 2.925489e+00  6.382501e-04 
 2.925887e+00  6.405550e-04 
 2.926284e+00  6.427438e-04 
 2.926682e+00  6.444975e-04 
 2.927080e+00  6.458875e-04 
 2.927477e+00  6.473912e-04 
 2.927875e+00  6.488351e-04 
 2.928273e+00  6.500131e-04 
 2.928670e+00  6.512844e-04 
 2.929068e+00  6.525687e-04 
 2.929466e+00  6.541099e-04 
 2.929863e+00  6.556877e-04 
 2.930261e+00  6.578695e-04 
 2.930659e+00  6.603660e-04 
 2.931057e+00  6.628742e-04 
 2.931454e+00  6.653079e-04 
 2.931852e+00  6.676993e-04 
 2.932250e+00  6.702240e-04 
 2.932647e+00  6.726148e-04 
 2.933045e+00  6.745401e-04 
 2.933443e+00  6.760272e-04 
 2.933840e+00  6.769083e-04 
 2.934238e+00  6.773842e-04 
 2.934636e+00  6.776300e-04 
 2.935034e+00  6.775205e-04 
 2.935431e+00  6.774879e-04 
 2.935829e+00  6.771351e-04 
 2.936227e+00  6.763416e-04 
 2.936624e+00  6.746194e-04 
 2.937022e+00  6.718675e-04 
 2.937420e+00  6.679563e-04 
 2.937817e+00  6.629438e-04 
 2.938215e+00  6.568414e-04 
 2.938613e+00  6.497746e-04 
 2.939010e+00  6.422784e-04 
 2.939408e+00  6.345562e-04 
 2.939806e+00  6.270298e-04 
 2.940204e+00  6.202544e-04 
 2.940601e+00  6.141772e-04 
 2.940999e+00  6.086534e-04 
 2.941397e+00  6.034197e-04 
 2.941794e+00  5.984658e-04 
 2.942192e+00  5.935683e-04 
 2.942590e+00  5.881821e-04 
 2.942987e+00  5.823130e-04 
 2.943385e+00  5.764242e-04 
 2.943783e+00  5.702205e-04 
 2.944181e+00  5.637391e-04 
 2.944578e+00  5.570063e-04 
 2.944976e+00  5.496511e-04 
 2.945374e+00  5.413428e-04 
 2.945771e+00  5.316618e-04 
 2.946169e+00  5.205210e-04 
 2.946567e+00  5.081037e-04 
 2.946964e+00  4.946711e-04 
 2.947362e+00  4.808682e-04 
 2.947760e+00  4.669840e-04 
 2.948157e+00  4.532625e-04 
 2.948555e+00  4.400514e-04 
 2.948953e+00  4.273057e-04 
 2.949351e+00  4.155383e-04 
 2.949748e+00  4.047539e-04 
 2.950146e+00  3.948723e-04 
 2.950544e+00  3.857349e-04 
 2.950941e+00  3.771754e-04 
 2.951339e+00  3.694040e-04 
 2.951737e+00  3.620669e-04 
 2.952134e+00  3.549982e-04 
 2.952532e+00  3.483822e-04 
 2.952930e+00  3.423661e-04 
 2.953328e+00  3.365444e-04 
 2.953725e+00  3.308735e-04 
 2.954123e+00  3.250290e-04 
 2.954521e+00  3.192201e-04 
 2.954918e+00  3.134042e-04 
 2.955316e+00  3.072730e-04 
 2.955714e+00  3.006921e-04 
 2.956111e+00  2.934710e-04 
 2.956509e+00  2.856688e-04 
 2.956907e+00  2.781610e-04 
 2.957304e+00  2.710081e-04 
 2.957702e+00  2.644689e-04 
 2.958100e+00  2.581399e-04 
 2.958498e+00  2.524773e-04 
 2.958895e+00  2.471274e-04 
 2.959293e+00  2.423031e-04 
 2.959691e+00  2.383665e-04 
 2.960088e+00  2.353814e-04 
 2.960486e+00  2.329329e-04 
 2.960884e+00  2.308845e-04 
 2.961281e+00  2.293221e-04 
 2.961679e+00  2.282494e-04 
 2.962077e+00  2.279584e-04 
 2.962475e+00  2.285678e-04 
 2.962872e+00  2.298291e-04 
 2.963270e+00  2.310745e-04 
 2.963668e+00  2.324614e-04 
 2.964065e+00  2.336749e-04 
 2.964463e+00  2.349150e-04 
 2.964861e+00  2.358924e-04 
 2.965258e+00  2.367587e-04 
 2.965656e+00  2.368913e-04 
 2.966054e+00  2.361483e-04 
 2.966451e+00  2.348246e-04 
 2.966849e+00  2.327155e-04 
 2.967247e+00  2.300820e-04 
 2.967645e+00  2.270524e-04 
 2.968042e+00  2.240621e-04 
 2.968440e+00  2.210205e-04 
 2.968838e+00  2.182778e-04 
 2.969235e+00  2.161779e-04 
 2.969633e+00  2.153801e-04 
 2.970031e+00  2.159472e-04 
 2.970428e+00  2.176457e-04 
 2.970826e+00  2.202808e-04 
 2.971224e+00  2.234297e-04 
 2.971622e+00  2.274408e-04 
 2.972019e+00  2.323273e-04 
 2.972417e+00  2.378463e-04 
 2.972815e+00  2.432893e-04 
 2.973212e+00  2.482388e-04 
 2.973610e+00  2.527602e-04 
 2.974008e+00  2.566053e-04 
 2.974405e+00  2.596807e-04 
 2.974803e+00  2.620003e-04 
 2.975201e+00  2.638491e-04 
 2.975598e+00  2.648593e-04 
 2.975996e+00  2.646776e-04 
 2.976394e+00  2.635864e-04 
 2.976792e+00  2.619671e-04 
 2.977189e+00  2.606015e-04 
 2.977587e+00  2.595802e-04 
 2.977985e+00  2.595661e-04 
 2.978382e+00  2.604795e-04 
 2.978780e+00  2.621772e-04 
 2.979178e+00  2.645345e-04 
 2.979575e+00  2.673094e-04 
 2.979973e+00  2.706549e-04 
 2.980371e+00  2.743167e-04 
 2.980769e+00  2.781108e-04 
 2.981166e+00  2.818481e-04 
 2.981564e+00  2.853097e-04 
 2.981962e+00  2.884662e-04 
 2.982359e+00  2.918940e-04 
 2.982757e+00  2.956247e-04 
 2.983155e+00  2.999051e-04 
 2.983552e+00  3.043760e-04 
 2.983950e+00  3.086412e-04 
 2.984348e+00  3.119643e-04 
 2.984745e+00  3.143218e-04 
 2.985143e+00  3.163718e-04 
 2.985541e+00  3.179729e-04 
 2.985939e+00  3.187037e-04 
 2.986336e+00  3.183855e-04 
 2.986734e+00  3.172394e-04 
 2.987132e+00  3.153935e-04 
 2.987529e+00  3.131033e-04 
 2.987927e+00  3.107050e-04 
 2.988325e+00  3.088057e-04 
 2.988722e+00  3.069791e-04 
 2.989120e+00  3.052135e-04 
 2.989518e+00  3.039730e-04 
 2.989915e+00  3.037873e-04 
 2.990313e+00  3.046187e-04 
 2.990711e+00  3.065588e-04 
 2.991109e+00  3.091936e-04 
 2.991506e+00  3.124637e-04 
 2.991904e+00  3.157814e-04 
 2.992302e+00  3.194600e-04 
 2.992699e+00  3.232460e-04 
 2.993097e+00  3.269473e-04 
 2.993495e+00  3.298592e-04 
 2.993892e+00  3.314038e-04 
 2.994290e+00  3.312190e-04 
 2.994688e+00  3.290358e-04 
 2.995086e+00  3.249666e-04 
 2.995483e+00  3.196790e-04 
 2.995881e+00  3.131367e-04 
 2.996279e+00  3.057703e-04 
 2.996676e+00  2.978562e-04 
 2.997074e+00  2.900270e-04 
 2.997472e+00  2.823413e-04 
 2.997869e+00  2.750040e-04 
 2.998267e+00  2.678525e-04 
 2.998665e+00  2.608231e-04 
 2.999062e+00  2.538909e-04 
 2.999460e+00  2.473839e-04 
 2.999858e+00  2.410516e-04 
 3.000256e+00  2.347748e-04 
 3.000653e+00  2.288773e-04 
 3.001051e+00  2.232769e-04 
 3.001449e+00  2.180912e-04 
 3.001846e+00  2.132290e-04 
 3.002244e+00  2.081397e-04 
 3.002642e+00  2.028076e-04 
 3.003039e+00  1.966516e-04 
 3.003437e+00  1.897501e-04 
 3.003835e+00  1.815013e-04 
 3.004233e+00  1.724400e-04 
 3.004630e+00  1.624389e-04 
 3.005028e+00  1.518702e-04 
 3.005426e+00  1.407714e-04 
 3.005823e+00  1.293562e-04 
 3.006221e+00  1.175159e-04 
 3.006619e+00  1.051197e-04 
 3.007016e+00  9.227431e-05 
 3.007414e+00  7.941560e-05 
 3.007812e+00  6.659638e-05 
 3.008209e+00  5.346538e-05 
 3.008607e+00  4.084876e-05 
 3.009005e+00  2.907528e-05 
 3.009403e+00  1.820447e-05 
 3.009800e+00  8.735872e-06 
 3.010198e+00  9.402580e-07 
 3.010596e+00 -4.743871e-06 
 3.010993e+00 -8.767742e-06 
 3.011391e+00 -1.149363e-05 
 3.011789e+00 -1.338029e-05 
 3.012186e+00 -1.473504e-05 
 3.012584e+00 -1.563281e-05 
 3.012982e+00 -1.675314e-05 
 3.013380e+00 -1.815327e-05 
 3.013777e+00 -1.993780e-05 
 3.014175e+00 -2.194356e-05 
 3.014573e+00 -2.431084e-05 
 3.014970e+00 -2.702367e-05 
 3.015368e+00 -3.017853e-05 
 3.015766e+00 -3.333719e-05 
 3.016163e+00 -3.651555e-05 
 3.016561e+00 -3.954318e-05 
 3.016959e+00 -4.179844e-05 
 3.017356e+00 -4.363239e-05 
 3.017754e+00 -4.474747e-05 
 3.018152e+00 -4.506628e-05 
 3.018550e+00 -4.484219e-05 
 3.018947e+00 -4.399511e-05 
 3.019345e+00 -4.220224e-05 
 3.019743e+00 -3.951444e-05 
 3.020140e+00 -3.618348e-05 
 3.020538e+00 -3.235171e-05 
 3.020936e+00 -2.786042e-05 
 3.021333e+00 -2.273256e-05 
 3.021731e+00 -1.722201e-05 
 3.022129e+00 -1.146774e-05 
 3.022527e+00 -5.787444e-06 
 3.022924e+00 -4.551370e-07 
 3.023322e+00  4.479934e-06 
 3.023720e+00  8.766988e-06 
 3.024117e+00  1.250721e-05 
 3.024515e+00  1.564348e-05 
 3.024913e+00  1.843293e-05 
 3.025310e+00  2.044707e-05 
 3.025708e+00  2.168127e-05 
 3.026106e+00  2.282036e-05 
 3.026503e+00  2.394190e-05 
 3.026901e+00  2.481824e-05 
 3.027299e+00  2.551053e-05 
 3.027697e+00  2.633582e-05 
 3.028094e+00  2.714858e-05 
 3.028492e+00  2.791596e-05 
 3.028890e+00  2.900388e-05 
 3.029287e+00  3.091273e-05 
 3.029685e+00  3.366360e-05 
 3.030083e+00  3.689055e-05 
 3.030480e+00  4.071332e-05 
 3.030878e+00  4.540806e-05 
 3.031276e+00  5.106145e-05 
 3.031674e+00  5.725605e-05 
 3.032071e+00  6.363484e-05 
 3.032469e+00  6.991560e-05 
 3.032867e+00  7.604371e-05 
 3.033264e+00  8.144412e-05 
 3.033662e+00  8.575721e-05 
 3.034060e+00  8.953369e-05 
 3.034457e+00  9.310162e-05 
 3.034855e+00  9.705130e-05 
 3.035253e+00  1.017963e-04 
 3.035650e+00  1.070624e-04 
 3.036048e+00  1.128147e-04 
 3.036446e+00  1.189266e-04 
 3.036844e+00  1.252589e-04 
 3.037241e+00  1.317145e-04 
 3.037639e+00  1.382373e-04 
 3.038037e+00  1.447678e-04 
 3.038434e+00  1.512875e-04 
 3.038832e+00  1.572391e-04 
 3.039230e+00  1.634148e-04 
 3.039627e+00  1.702927e-04 
 3.040025e+00  1.780490e-04 
 3.040423e+00  1.862037e-04 
 3.040821e+00  1.945944e-04 
 3.041218e+00  2.030790e-04 
 3.041616e+00  2.110979e-04 
 3.042014e+00  2.187888e-04 
 3.042411e+00  2.261668e-04 
 3.042809e+00  2.329192e-04 
 3.043207e+00  2.389316e-04 
 3.043604e+00  2.441760e-04 
 3.044002e+00  2.486982e-04 
 3.044400e+00  2.532004e-04 
 3.044797e+00  2.580756e-04 
 3.045195e+00  2.635531e-04 
 3.045593e+00  2.690244e-04 
 3.045991e+00  2.742816e-04 
 3.046388e+00  2.792249e-04 
 3.046786e+00  2.839127e-04 
 3.047184e+00  2.884955e-04 
 3.047581e+00  2.932222e-04 
 3.047979e+00  2.978223e-04 
 3.048377e+00  3.017003e-04 
 3.048774e+00  3.051277e-04 
 3.049172e+00  3.085207e-04 
 3.049570e+00  3.122942e-04 
 3.049968e+00  3.165222e-04 
 3.050365e+00  3.206021e-04 
 3.050763e+00  3.240173e-04 
 3.051161e+00  3.265052e-04 
 3.051558e+00  3.277525e-04 
 3.051956e+00  3.280024e-04 
 3.052354e+00  3.273176e-04 
 3.052751e+00  3.257961e-04 
 3.053149e+00  3.236886e-04 
 3.053547e+00  3.207712e-04 
 3.053944e+00  3.175193e-04 
 3.054342e+00  3.143216e-04 
 3.054740e+00  3.116065e-04 
 3.055138e+00  3.094479e-04 
 3.055535e+00  3.074045e-04 
 3.055933e+00  3.052709e-04 
 3.056331e+00  3.027249e-04 
 3.056728e+00  3.005138e-04 
 3.057126e+00  2.984433e-04 
 3.057524e+00  2.966030e-04 
 3.057921e+00  2.946732e-04 
 3.058319e+00  2.927208e-04 
 3.058717e+00  2.908382e-04 
 3.059115e+00  2.888782e-04 
 3.059512e+00  2.867585e-04 
 3.059910e+00  2.848030e-04 
 3.060308e+00  2.827039e-04 
 3.060705e+00  2.801789e-04 
 3.061103e+00  2.766826e-04 
 3.061501e+00  2.721452e-04 
 3.061898e+00  2.665409e-04 
 3.062296e+00  2.603343e-04 
 3.062694e+00  2.537197e-04 
 3.063091e+00  2.468565e-04 
 3.063489e+00  2.396045e-04 
 3.063887e+00  2.320167e-04 
 3.064285e+00  2.238640e-04 
 3.064682e+00  2.163047e-04 
 3.065080e+00  2.094253e-04 
 3.065478e+00  2.034027e-04 
 3.065875e+00  1.983114e-04 
 3.066273e+00  1.944953e-04 
 3.066671e+00  1.919440e-04 
 3.067068e+00  1.904725e-04 
 3.067466e+00  1.898144e-04 
 3.067864e+00  1.897985e-04 
 3.068262e+00  1.904343e-04 
 3.068659e+00  1.912676e-04 
 3.069057e+00  1.924258e-04 
 3.069455e+00  1.936083e-04 
 3.069852e+00  1.948909e-04 
 3.070250e+00  1.961594e-04 
 3.070648e+00  1.973625e-04 
 3.071045e+00  1.979360e-04 
 3.071443e+00  1.977686e-04 
 3.071841e+00  1.970796e-04 
 3.072238e+00  1.957385e-04 
 3.072636e+00  1.934414e-04 
 3.073034e+00  1.908096e-04 
 3.073432e+00  1.881315e-04 
 3.073829e+00  1.858445e-04 
 3.074227e+00  1.843335e-04 
 3.074625e+00  1.835893e-04 
 3.075022e+00  1.840540e-04 
 3.075420e+00  1.857221e-04 
 3.075818e+00  1.882200e-04 
 3.076215e+00  1.913530e-04 
 3.076613e+00  1.949613e-04 
 3.077011e+00  1.993573e-04 
 3.077409e+00  2.043942e-04 
 3.077806e+00  2.101413e-04 
 3.078204e+00  2.167048e-04 
 3.078602e+00  2.239855e-04 
 3.078999e+00  2.319992e-04 
 3.079397e+00  2.405780e-04 
 3.079795e+00  2.497356e-04 
 3.080192e+00  2.588239e-04 
 3.080590e+00  2.674792e-04 
 3.080988e+00  2.754804e-04 
 3.081385e+00  2.825265e-04 
 3.081783e+00  2.884021e-04 
 3.082181e+00  2.931451e-04 
 3.082579e+00  2.965232e-04 
 3.082976e+00  2.985836e-04 
 3.083374e+00  2.996091e-04 
 3.083772e+00  3.004189e-04 
 3.084169e+00  3.013781e-04 
 3.084567e+00  3.025426e-04 
 3.084965e+00  3.046013e-04 
 3.085362e+00  3.075401e-04 
 3.085760e+00  3.114167e-04 
 3.086158e+00  3.161614e-04 
 3.086556e+00  3.219370e-04 
 3.086953e+00  3.290163e-04 
 3.087351e+00  3.372417e-04 
 3.087749e+00  3.464494e-04 
 3.088146e+00  3.566895e-04 
 3.088544e+00  3.673386e-04 
 3.088942e+00  3.781612e-04 
 3.089339e+00  3.887820e-04 
 3.089737e+00  3.984217e-04 
 3.090135e+00  4.071690e-04 
 3.090532e+00  4.150772e-04 
 3.090930e+00  4.219874e-04 
 3.091328e+00  4.273401e-04 
 3.091726e+00  4.314484e-04 
 3.092123e+00  4.349378e-04 
 3.092521e+00  4.382612e-04 
 3.092919e+00  4.418269e-04 
 3.093316e+00  4.456051e-04 
 3.093714e+00  4.496385e-04 
 3.094112e+00  4.538610e-04 
 3.094509e+00  4.581305e-04 
 3.094907e+00  4.624533e-04 
 3.095305e+00  4.671651e-04 
 3.095703e+00  4.726438e-04 
 3.096100e+00  4.785205e-04 
 3.096498e+00  4.845073e-04 
 3.096896e+00  4.915115e-04 
 3.097293e+00  4.995705e-04 
 3.097691e+00  5.085901e-04 
 3.098089e+00  5.183759e-04 
 3.098486e+00  5.293765e-04 
 3.098884e+00  5.410679e-04 
 3.099282e+00  5.526604e-04 
 3.099679e+00  5.641462e-04 
 3.100077e+00  5.752824e-04 
 3.100475e+00  5.855227e-04 
 3.100873e+00  5.949225e-04 
 3.101270e+00  6.030841e-04 
 3.101668e+00  6.102005e-04 
 3.102066e+00  6.162341e-04 
 3.102463e+00  6.210673e-04 
 3.102861e+00  6.250423e-04 
 3.103259e+00  6.276018e-04 
 3.103656e+00  6.286895e-04 
 3.104054e+00  6.286681e-04 
 3.104452e+00  6.282136e-04 
 3.104850e+00  6.279893e-04 
 3.105247e+00  6.286051e-04 
 3.105645e+00  6.300403e-04 
 3.106043e+00  6.323059e-04 
 3.106440e+00  6.356022e-04 
 3.106838e+00  6.399011e-04 
 3.107236e+00  6.452761e-04 
 3.107633e+00  6.514780e-04 
 3.108031e+00  6.576589e-04 
 3.108429e+00  6.635706e-04 
 3.108826e+00  6.688558e-04 
 3.109224e+00  6.731595e-04 
 3.109622e+00  6.763188e-04 
 3.110020e+00  6.781696e-04 
 3.110417e+00  6.785031e-04 
 3.110815e+00  6.773424e-04 
 3.111213e+00  6.748248e-04 
 3.111610e+00  6.712191e-04 
 3.112008e+00  6.668609e-04 
 3.112406e+00  6.619266e-04 
 3.112803e+00  6.567662e-04 
 3.113201e+00  6.512692e-04 
 3.113599e+00  6.452976e-04 
 3.113997e+00  6.391513e-04 
 3.114394e+00  6.332931e-04 
 3.114792e+00  6.277779e-04 
 3.115190e+00  6.226372e-04 
 3.115587e+00  6.178158e-04 
 3.115985e+00  6.133029e-04 
 3.116383e+00  6.091638e-04 
 3.116780e+00  6.053855e-04 
 3.117178e+00  6.018156e-04 
 3.117576e+00  5.988542e-04 
 3.117973e+00  5.962042e-04 
 3.118371e+00  5.936714e-04 
 3.118769e+00  5.910900e-04 
 3.119167e+00  5.884009e-04 
 3.119564e+00  5.854756e-04 
 3.119962e+00  5.825994e-04 
 3.120360e+00  5.796431e-04 
 3.120757e+00  5.759896e-04 
 3.121155e+00  5.714317e-04 
 3.121553e+00  5.658409e-04 
 3.121950e+00  5.595511e-04 
 3.122348e+00  5.529087e-04 
 3.122746e+00  5.457029e-04 
 3.123144e+00  5.384917e-04 
 3.123541e+00  5.311100e-04 
 3.123939e+00  5.237782e-04 
 3.124337e+00  5.165987e-04 
 3.124734e+00  5.097053e-04 
 3.125132e+00  5.033552e-04 
 3.125530e+00  4.976968e-04 
 3.125927e+00  4.929019e-04 
 3.126325e+00  4.897854e-04 
 3.126723e+00  4.883060e-04 
 3.127120e+00  4.882059e-04 
 3.127518e+00  4.891650e-04 
 3.127916e+00  4.913092e-04 
 3.128314e+00  4.937585e-04 
 3.128711e+00  4.963293e-04 
 3.129109e+00  4.986089e-04 
 3.129507e+00  5.001707e-04 
 3.129904e+00  5.008774e-04 
 3.130302e+00  5.004450e-04 
 3.130700e+00  4.993834e-04 
 3.131097e+00  4.977357e-04 
 3.131495e+00  4.958944e-04 
 3.131893e+00  4.936930e-04 
 3.132291e+00  4.912958e-04 
 3.132688e+00  4.893407e-04 
 3.133086e+00  4.875254e-04 
 3.133484e+00  4.863859e-04 
 3.133881e+00  4.855129e-04 
 3.134279e+00  4.848131e-04 
 3.134677e+00  4.844827e-04 
 3.135074e+00  4.848408e-04 
 3.135472e+00  4.861509e-04 
 3.135870e+00  4.886881e-04 
 3.136267e+00  4.923039e-04 
 3.136665e+00  4.970874e-04 
 3.137063e+00  5.024870e-04 
 3.137461e+00  5.083582e-04 
 3.137858e+00  5.140727e-04 
 3.138256e+00  5.197987e-04 
 3.138654e+00  5.251853e-04 
 3.139051e+00  5.299454e-04 
 3.139449e+00  5.335113e-04 
 3.139847e+00  5.361138e-04 
 3.140244e+00  5.379679e-04 
 3.140642e+00  5.397505e-04 
 3.141040e+00  5.412368e-04 
 3.141438e+00  5.427089e-04 
 3.141835e+00  5.440624e-04 
 3.142233e+00  5.447969e-04 
 3.142631e+00  5.449072e-04 
 3.143028e+00  5.449974e-04 
 3.143426e+00  5.452685e-04 
 3.143824e+00  5.455012e-04 
 3.144221e+00  5.459393e-04 
 3.144619e+00  5.467484e-04 
 3.145017e+00  5.479483e-04 
 3.145414e+00  5.498536e-04 
 3.145812e+00  5.523814e-04 
 3.146210e+00  5.555385e-04 
 3.146608e+00  5.596050e-04 
 3.147005e+00  5.638619e-04 
 3.147403e+00  5.682536e-04 
 3.147801e+00  5.725683e-04 
 3.148198e+00  5.769142e-04 
 3.148596e+00  5.811693e-04 
 3.148994e+00  5.853598e-04 
 3.149391e+00  5.896274e-04 
 3.149789e+00  5.937796e-04 
 3.150187e+00  5.978145e-04 
 3.150585e+00  6.014396e-04 
 3.150982e+00  6.047211e-04 
 3.151380e+00  6.075925e-04 
 3.151778e+00  6.097347e-04 
 3.152175e+00  6.106824e-04 
 3.152573e+00  6.105122e-04 
 3.152971e+00  6.092811e-04 
 3.153368e+00  6.077818e-04 
 3.153766e+00  6.067931e-04 
 3.154164e+00  6.068777e-04 
 3.154561e+00  6.081845e-04 
 3.154959e+00  6.104823e-04 
 3.155357e+00  6.135592e-04 
 3.155755e+00  6.173277e-04 
 3.156152e+00  6.219942e-04 
 3.156550e+00  6.272068e-04 
 3.156948e+00  6.330830e-04 
 3.157345e+00  6.391971e-04 
 3.157743e+00  6.447532e-04 
 3.158141e+00  6.498694e-04 
 3.158538e+00  6.547078e-04 
 3.158936e+00  6.592420e-04 
 3.159334e+00  6.629720e-04 
 3.159732e+00  6.656239e-04 
 3.160129e+00  6.671636e-04 
 3.160527e+00  6.675530e-04 
 3.160925e+00  6.670344e-04 
 3.161322e+00  6.657476e-04 
 3.161720e+00  6.641793e-04 
 3.162118e+00  6.625587e-04 
 3.162515e+00  6.609019e-04 
 3.162913e+00  6.593979e-04 
 3.163311e+00  6.580969e-04 
 3.163708e+00  6.569667e-04 
 3.164106e+00  6.560935e-04 
 3.164504e+00  6.551331e-04 
 3.164902e+00  6.542442e-04 
 3.165299e+00  6.530937e-04 
 3.165697e+00  6.512673e-04 
 3.166095e+00  6.490287e-04 
 3.166492e+00  6.465378e-04 
 3.166890e+00  6.434684e-04 
 3.167288e+00  6.393523e-04 
 3.167685e+00  6.345954e-04 
 3.168083e+00  6.293323e-04 
 3.168481e+00  6.236729e-04 
 3.168879e+00  6.178047e-04 
 3.169276e+00  6.122956e-04 
 3.169674e+00  6.067962e-04 
 3.170072e+00  6.009934e-04 
 3.170469e+00  5.947625e-04 
 3.170867e+00  5.881645e-04 
 3.171265e+00  5.805797e-04 
 3.171662e+00  5.723767e-04 
 3.172060e+00  5.635611e-04 
 3.172458e+00  5.543232e-04 
 3.172855e+00  5.444155e-04 
 3.173253e+00  5.338021e-04 
 3.173651e+00  5.229675e-04 
 3.174049e+00  5.124859e-04 
 3.174446e+00  5.025979e-04 
 3.174844e+00  4.932572e-04 
 3.175242e+00  4.844785e-04 
 3.175639e+00  4.766186e-04 
 3.176037e+00  4.695298e-04 
 3.176435e+00  4.628124e-04 
 3.176832e+00  4.563191e-04 
 3.177230e+00  4.500261e-04 
 3.177628e+00  4.434183e-04 
 3.178026e+00  4.363281e-04 
 3.178423e+00  4.288509e-04 
 3.178821e+00  4.211972e-04 
 3.179219e+00  4.132028e-04 
 3.179616e+00  4.049650e-04 
 3.180014e+00  3.965247e-04 
 3.180412e+00  3.875719e-04 
 3.180809e+00  3.783704e-04 
 3.181207e+00  3.689597e-04 
 3.181605e+00  3.599384e-04 
 3.182002e+00  3.517387e-04 
 3.182400e+00  3.443901e-04 
 3.182798e+00  3.378919e-04 
 3.183196e+00  3.318777e-04 
 3.183593e+00  3.271262e-04 
 3.183991e+00  3.238174e-04 
 3.184389e+00  3.219240e-04 
 3.184786e+00  3.209794e-04 
 3.185184e+00  3.207925e-04 
 3.185582e+00  3.202731e-04 
 3.185979e+00  3.188708e-04 
 3.186377e+00  3.168301e-04 
 3.186775e+00  3.140388e-04 
 3.187173e+00  3.102621e-04 
 3.187570e+00  3.059519e-04 
 3.187968e+00  3.010606e-04 
 3.188366e+00  2.961567e-04 
 3.188763e+00  2.911530e-04 
 3.189161e+00  2.871300e-04 
 3.189559e+00  2.842797e-04 
 3.189956e+00  2.822341e-04 
 3.190354e+00  2.804311e-04 
 3.190752e+00  2.788227e-04 
 3.191149e+00  2.772489e-04 
 3.191547e+00  2.752715e-04 
 3.191945e+00  2.730144e-04 
 3.192343e+00  2.713153e-04 
 3.192740e+00  2.702357e-04 
 3.193138e+00  2.699450e-04 
 3.193536e+00  2.705134e-04 
 3.193933e+00  2.722147e-04 
 3.194331e+00  2.748491e-04 
 3.194729e+00  2.778194e-04 
 3.195126e+00  2.807291e-04 
 3.195524e+00  2.833359e-04 
 3.195922e+00  2.857944e-04 
 3.196320e+00  2.876597e-04 
 3.196717e+00  2.887340e-04 
 3.197115e+00  2.892851e-04 
 3.197513e+00  2.896922e-04 
 3.197910e+00  2.897580e-04 
 3.198308e+00  2.892419e-04 
 3.198706e+00  2.881010e-04 
 3.199103e+00  2.862501e-04 
 3.199501e+00  2.837087e-04 
 3.199899e+00  2.804702e-04 
 3.200296e+00  2.769037e-04 
 3.200694e+00  2.729521e-04 
 3.201092e+00  2.687689e-04 
 3.201490e+00  2.648249e-04 
 3.201887e+00  2.614487e-04 
 3.202285e+00  2.593167e-04 
 3.202683e+00  2.588298e-04 
 3.203080e+00  2.598587e-04 
 3.203478e+00  2.622448e-04 
 3.203876e+00  2.658169e-04 
 3.204273e+00  2.700111e-04 
 3.204671e+00  2.744911e-04 
 3.205069e+00  2.786658e-04 
 3.205467e+00  2.827061e-04 
 3.205864e+00  2.860434e-04 
 3.206262e+00  2.888438e-04 
 3.206660e+00  2.906478e-04 
 3.207057e+00  2.917847e-04 
 3.207455e+00  2.920282e-04 
 3.207853e+00  2.915257e-04 
 3.208250e+00  2.903313e-04 
 3.208648e+00  2.884953e-04 
 3.209046e+00  2.860073e-04 
 3.209443e+00  2.834137e-04 
 3.209841e+00  2.803370e-04 
 3.210239e+00  2.772739e-04 
 3.210637e+00  2.744223e-04 
 3.211034e+00  2.723136e-04 
 3.211432e+00  2.710454e-04 
 3.211830e+00  2.706657e-04 
 3.212227e+00  2.714102e-04 
 3.212625e+00  2.730298e-04 
 3.213023e+00  2.756532e-04 
 3.213420e+00  2.789905e-04 
 3.213818e+00  2.832090e-04 
 3.214216e+00  2.885664e-04 
 3.214614e+00  2.944695e-04 
 3.215011e+00  3.005670e-04 
 3.215409e+00  3.062978e-04 
 3.215807e+00  3.111308e-04 
 3.216204e+00  3.153995e-04 
 3.216602e+00  3.187418e-04 
 3.217000e+00  3.208589e-04 
 3.217397e+00  3.216483e-04 
 3.217795e+00  3.213624e-04 
 3.218193e+00  3.202493e-04 
 3.218590e+00  3.184011e-04 
 3.218988e+00  3.158097e-04 
 3.219386e+00  3.124636e-04 
 3.219784e+00  3.082016e-04 
 3.220181e+00  3.031983e-04 
 3.220579e+00  2.979285e-04 
 3.220977e+00  2.926003e-04 
 3.221374e+00  2.872518e-04 
 3.221772e+00  2.820704e-04 
 3.222170e+00  2.773543e-04 
 3.222567e+00  2.732295e-04 
 3.222965e+00  2.696728e-04 
 3.223363e+00  2.671716e-04 
 3.223761e+00  2.658691e-04 
 3.224158e+00  2.654871e-04 
 3.224556e+00  2.655360e-04 
 3.224954e+00  2.654564e-04 
 3.225351e+00  2.648862e-04 
 3.225749e+00  2.636663e-04 
 3.226147e+00  2.617322e-04 
 3.226544e+00  2.592414e-04 
 3.226942e+00  2.558706e-04 
 3.227340e+00  2.512317e-04 
 3.227737e+00  2.453842e-04 
 3.228135e+00  2.383393e-04 
 3.228533e+00  2.302509e-04 
 3.228931e+00  2.208885e-04 
 3.229328e+00  2.104884e-04 
 3.229726e+00  1.995517e-04 
 3.230124e+00  1.876527e-04 
 3.230521e+00  1.749032e-04 
 3.230919e+00  1.622266e-04 
 3.231317e+00  1.499596e-04 
 3.231714e+00  1.388796e-04 
 3.232112e+00  1.290062e-04 
 3.232510e+00  1.202899e-04 
 3.232908e+00  1.125947e-04 
 3.233305e+00  1.060941e-04 
 3.233703e+00  1.010559e-04 
 3.234101e+00  9.709766e-05 
 3.234498e+00  9.387938e-05 
 3.234896e+00  9.098869e-05 
 3.235294e+00  8.797015e-05 
 3.235691e+00  8.486823e-05 
 3.236089e+00  8.143767e-05 
 3.236487e+00  7.788177e-05 
 3.236884e+00  7.398252e-05 
 3.237282e+00  6.955954e-05 
 3.237680e+00  6.491880e-05 
 3.238078e+00  5.963275e-05 
 3.238475e+00  5.395924e-05 
 3.238873e+00  4.812681e-05 
 3.239271e+00  4.225008e-05 
 3.239668e+00  3.607820e-05 
 3.240066e+00  2.998455e-05 
 3.240464e+00  2.390489e-05 
 3.240861e+00  1.787101e-05 
 3.241259e+00  1.244808e-05 
 3.241657e+00  8.200491e-06 
 3.242055e+00  5.385127e-06 
 3.242452e+00  3.988082e-06 
 3.242850e+00  3.407038e-06 
 3.243248e+00  3.466530e-06 
 3.243645e+00  3.890588e-06 
 3.244043e+00  4.909661e-06 
 3.244441e+00  6.409276e-06 
 3.244838e+00  8.646486e-06 
 3.245236e+00  1.132436e-05 
 3.245634e+00  1.469493e-05 
 3.246031e+00  1.867309e-05 
 3.246429e+00  2.319431e-05 
 3.246827e+00  2.811453e-05 
 3.247225e+00  3.289552e-05 
 3.247622e+00  3.671218e-05 
 3.248020e+00  3.941520e-05 
 3.248418e+00  4.087485e-05 
 3.248815e+00  4.119133e-05 
 3.249213e+00  4.048309e-05 
 3.249611e+00  3.928186e-05 
 3.250008e+00  3.789281e-05 
 3.250406e+00  3.637245e-05 
 3.250804e+00  3.529112e-05 
 3.251202e+00  3.478615e-05 
 3.251599e+00  3.482270e-05 
 3.251997e+00  3.546135e-05 
 3.252395e+00  3.650626e-05 
 3.252792e+00  3.801477e-05 
 3.253190e+00  4.002618e-05 
 3.253588e+00  4.264088e-05 
 3.253985e+00  4.643891e-05 
 3.254383e+00  5.088089e-05 
 3.254781e+00  5.572589e-05 
 3.255178e+00  6.097422e-05 
 3.255576e+00  6.603155e-05 
 3.255974e+00  7.066643e-05 
 3.256372e+00  7.486887e-05 
 3.256769e+00  7.864515e-05 
 3.257167e+00  8.190580e-05 
 3.257565e+00  8.430127e-05 
 3.257962e+00  8.595481e-05 
 3.258360e+00  8.711281e-05 
 3.258758e+00  8.818596e-05 
 3.259155e+00  8.959138e-05 
 3.259553e+00  9.143453e-05 
 3.259951e+00  9.355333e-05 
 3.260349e+00  9.610807e-05 
 3.260746e+00  9.827951e-05 
 3.261144e+00  1.003735e-04 
 3.261542e+00  1.026887e-04 
 3.261939e+00  1.051811e-04 
 3.262337e+00  1.077057e-04 
 3.262735e+00  1.103998e-04 
 3.263132e+00  1.133781e-04 
 3.263530e+00  1.167116e-04 
 3.263928e+00  1.203862e-04 
 3.264325e+00  1.246086e-04 
 3.264723e+00  1.290223e-04 
 3.265121e+00  1.338916e-04 
 3.265519e+00  1.386976e-04 
 3.265916e+00  1.435694e-04 
 3.266314e+00  1.483921e-04 
 3.266712e+00  1.531191e-04 
 3.267109e+00  1.577595e-04 
 3.267507e+00  1.622712e-04 
 3.267905e+00  1.663375e-04 
 3.268302e+00  1.697736e-04 
 3.268700e+00  1.726161e-04 
 3.269098e+00  1.750306e-04 
 3.269496e+00  1.773228e-04 
 3.269893e+00  1.798531e-04 
 3.270291e+00  1.826729e-04 
 3.270689e+00  1.858357e-04 
 3.271086e+00  1.892949e-04 
 3.271484e+00  1.932353e-04 
 3.271882e+00  1.980084e-04 
 3.272279e+00  2.033725e-04 
 3.272677e+00  2.091700e-04 
 3.273075e+00  2.151218e-04 
 3.273472e+00  2.207506e-04 
 3.273870e+00  2.262652e-04 
 3.274268e+00  2.315518e-04 
 3.274666e+00  2.361769e-04 
 3.275063e+00  2.402453e-04 
 3.275461e+00  2.437197e-04 
 3.275859e+00  2.471012e-04 
 3.276256e+00  2.499115e-04 
 3.276654e+00  2.522301e-04 
 3.277052e+00  2.540470e-04 
 3.277449e+00  2.555062e-04 
 3.277847e+00  2.566490e-04 
 3.278245e+00  2.577127e-04 
 3.278643e+00  2.585519e-04 
 3.279040e+00  2.591456e-04 
 3.279438e+00  2.596416e-04 
 3.279836e+00  2.601977e-04 
 3.280233e+00  2.607296e-04 
 3.280631e+00  2.616787e-04 
 3.281029e+00  2.629029e-04 
 3.281426e+00  2.640113e-04 
 3.281824e+00  2.649709e-04 
 3.282222e+00  2.655476e-04 
 3.282619e+00  2.655246e-04 
 3.283017e+00  2.647337e-04 
 3.283415e+00  2.634072e-04 
 3.283813e+00  2.619161e-04 
 3.284210e+00  2.602389e-04 
 3.284608e+00  2.586448e-04 
 3.285006e+00  2.571524e-04 
 3.285403e+00  2.554018e-04 
 3.285801e+00  2.531335e-04 
 3.286199e+00  2.501914e-04 
 3.286596e+00  2.468096e-04 
 3.286994e+00  2.427597e-04 
 3.287392e+00  2.380522e-04 
 3.287790e+00  2.330889e-04 
 3.288187e+00  2.275969e-04 
 3.288585e+00  2.219766e-04 
 3.288983e+00  2.164926e-04 
 3.289380e+00  2.117358e-04 
 3.289778e+00  2.076610e-04 
 3.290176e+00  2.040640e-04 
 3.290573e+00  2.009923e-04 
 3.290971e+00  1.988155e-04 
 3.291369e+00  1.975216e-04 
 3.291766e+00  1.970363e-04 
 3.292164e+00  1.968099e-04 
 3.292562e+00  1.967078e-04 
 3.292960e+00  1.963682e-04 
 3.293357e+00  1.957984e-04 
 3.293755e+00  1.951775e-04 
 3.294153e+00  1.948139e-04 
 3.294550e+00  1.942759e-04 
 3.294948e+00  1.933449e-04 
 3.295346e+00  1.917918e-04 
 3.295743e+00  1.895352e-04 
 3.296141e+00  1.867354e-04 
 3.296539e+00  1.838779e-04 
 3.296937e+00  1.812808e-04 
 3.297334e+00  1.790598e-04 
 3.297732e+00  1.775635e-04 
 3.298130e+00  1.767170e-04 
 3.298527e+00  1.770837e-04 
 3.298925e+00  1.789053e-04 
 3.299323e+00  1.823508e-04 
 3.299720e+00  1.870709e-04 
 3.300118e+00  1.923820e-04 
 3.300516e+00  1.974079e-04 
 3.300913e+00  2.023547e-04 
 3.301311e+00  2.073545e-04 
 3.301709e+00  2.124803e-04 
 3.302107e+00  2.178702e-04 
 3.302504e+00  2.234017e-04 
 3.302902e+00  2.289968e-04 
 3.303300e+00  2.350589e-04 
 3.303697e+00  2.414685e-04 
 3.304095e+00  2.482690e-04 
 3.304493e+00  2.550986e-04 
 3.304890e+00  2.614598e-04 
 3.305288e+00  2.669298e-04 
 3.305686e+00  2.718336e-04 
 3.306084e+00  2.760991e-04 
 3.306481e+00  2.802260e-04 
 3.306879e+00  2.843610e-04 
 3.307277e+00  2.885607e-04 
 3.307674e+00  2.929295e-04 
 3.308072e+00  2.974490e-04 
 3.308470e+00  3.021556e-04 
 3.308867e+00  3.072716e-04 
 3.309265e+00  3.127039e-04 
 3.309663e+00  3.183536e-04 
 3.310060e+00  3.240103e-04 
 3.310458e+00  3.293242e-04 
 3.310856e+00  3.345906e-04 
 3.311254e+00  3.403888e-04 
 3.311651e+00  3.468516e-04 
 3.312049e+00  3.536300e-04 
 3.312447e+00  3.608101e-04 
 3.312844e+00  3.679414e-04 
 3.313242e+00  3.741020e-04 
 3.313640e+00  3.790708e-04 
 3.314037e+00  3.832847e-04 
 3.314435e+00  3.866910e-04 
 3.314833e+00  3.891689e-04 
