         time Top_Quarte... 
------------- ------------- 
 8.039829e-05  4.678412e-04 
 4.823873e-04  4.651499e-04 
 8.843763e-04  4.627990e-04 
 1.286367e-03  4.611323e-04 
 1.688357e-03  4.600009e-04 
 2.090348e-03  4.596664e-04 
 2.492338e-03  4.598882e-04 
 2.894329e-03  4.604545e-04 
 3.296319e-03  4.616896e-04 
 3.698310e-03  4.635185e-04 
 4.100300e-03  4.658556e-04 
 4.502291e-03  4.685883e-04 
 4.904281e-03  4.715486e-04 
 5.306270e-03  4.742610e-04 
 5.708259e-03  4.767261e-04 
 6.110247e-03  4.787475e-04 
 6.512236e-03  4.803562e-04 
 6.914225e-03  4.816202e-04 
 7.316213e-03  4.827234e-04 
 7.718202e-03  4.836536e-04 
 8.120190e-03  4.846509e-04 
 8.522179e-03  4.856710e-04 
 8.924168e-03  4.870169e-04 
 9.326180e-03  4.889846e-04 
 9.728195e-03  4.917436e-04 
 1.013021e-02  4.954049e-04 
 1.053222e-02  5.000890e-04 
 1.093424e-02  5.054738e-04 
 1.133625e-02  5.111183e-04 
 1.173827e-02  5.169137e-04 
 1.214028e-02  5.223704e-04 
 1.254230e-02  5.272943e-04 
 1.294431e-02  5.313515e-04 
 1.334634e-02  5.343780e-04 
 1.374836e-02  5.359477e-04 
 1.415038e-02  5.364789e-04 
 1.455240e-02  5.361990e-04 
 1.495442e-02  5.356120e-04 
 1.535644e-02  5.348523e-04 
 1.575846e-02  5.343973e-04 
 1.616049e-02  5.347939e-04 
 1.656251e-02  5.358918e-04 
 1.696453e-02  5.377003e-04 
 1.736654e-02  5.402000e-04 
 1.776856e-02  5.429844e-04 
 1.817057e-02  5.453947e-04 
 1.857259e-02  5.474796e-04 
 1.897460e-02  5.489720e-04 
 1.937662e-02  5.496426e-04 
 1.977863e-02  5.493606e-04 
 2.018065e-02  5.484544e-04 
 2.058266e-02  5.475529e-04 
 2.098468e-02  5.468996e-04 
 2.138670e-02  5.466422e-04 
 2.178873e-02  5.467701e-04 
 2.219076e-02  5.475532e-04 
 2.259278e-02  5.490266e-04 
 2.299481e-02  5.511457e-04 
 2.339684e-02  5.540683e-04 
 2.379886e-02  5.581076e-04 
 2.420089e-02  5.633768e-04 
 2.460292e-02  5.696583e-04 
 2.500494e-02  5.771714e-04 
 2.540859e-02  5.859608e-04 
 2.581242e-02  5.958363e-04 
 2.621625e-02  6.064702e-04 
 2.662008e-02  6.176363e-04 
 2.702391e-02  6.292733e-04 
 2.742775e-02  6.411077e-04 
 2.783158e-02  6.535336e-04 
 2.823541e-02  6.659405e-04 
 2.863924e-02  6.787964e-04 
 2.904307e-02  6.921074e-04 
 2.944690e-02  7.061492e-04 
 2.985074e-02  7.212123e-04 
 3.025457e-02  7.371625e-04 
 3.065841e-02  7.537003e-04 
 3.106224e-02  7.710300e-04 
 3.146608e-02  7.889703e-04 
 3.186992e-02  8.076153e-04 
 3.227375e-02  8.265416e-04 
 3.267759e-02  8.453648e-04 
 3.308142e-02  8.637948e-04 
 3.348526e-02  8.816586e-04 
 3.388910e-02  8.989465e-04 
 3.429293e-02  9.153897e-04 
 3.469677e-02  9.306900e-04 
 3.510061e-02  9.446920e-04 
 3.550445e-02  9.573493e-04 
 3.590829e-02  9.696582e-04 
 3.631212e-02  9.814120e-04 
 3.671596e-02  9.930307e-04 
 3.711980e-02  1.004401e-03 
 3.752364e-02  1.015840e-03 
 3.792748e-02  1.027844e-03 
 3.833132e-02  1.039917e-03 
 3.873516e-02  1.052964e-03 
 3.913901e-02  1.066595e-03 
 3.954285e-02  1.080894e-03 
 3.994669e-02  1.096514e-03 
 4.035053e-02  1.113562e-03 
 4.075437e-02  1.132306e-03 
 4.115822e-02  1.153020e-03 
 4.156207e-02  1.175509e-03 
 4.196592e-02  1.200054e-03 
 4.236977e-02  1.226495e-03 
 4.277362e-02  1.254613e-03 
 4.317747e-02  1.284773e-03 
 4.358133e-02  1.316532e-03 
 4.398518e-02  1.349746e-03 
 4.438903e-02  1.384298e-03 
 4.479288e-02  1.420643e-03 
 4.519673e-02  1.458077e-03 
 4.560058e-02  1.496462e-03 
 4.600442e-02  1.535631e-03 
 4.640826e-02  1.575451e-03 
 4.681211e-02  1.615608e-03 
 4.721595e-02  1.655676e-03 
 4.761980e-02  1.695944e-03 
 4.802364e-02  1.736283e-03 
 4.842748e-02  1.776016e-03 
 4.883133e-02  1.815124e-03 
 4.923517e-02  1.853715e-03 
 4.963901e-02  1.891519e-03 
 5.004286e-02  1.928714e-03 
 5.044670e-02  1.965232e-03 
 5.085054e-02  2.001226e-03 
 5.125438e-02  2.036542e-03 
 5.165823e-02  2.071385e-03 
 5.206207e-02  2.105831e-03 
 5.246591e-02  2.140097e-03 
 5.286975e-02  2.174257e-03 
 5.327359e-02  2.208309e-03 
 5.367743e-02  2.242931e-03 
 5.408127e-02  2.278308e-03 
 5.448511e-02  2.314698e-03 
 5.488894e-02  2.351844e-03 
 5.529278e-02  2.389750e-03 
 5.569662e-02  2.428505e-03 
 5.610045e-02  2.468340e-03 
 5.650429e-02  2.509479e-03 
 5.690813e-02  2.551399e-03 
 5.731197e-02  2.594336e-03 
 5.771579e-02  2.638078e-03 
 5.811961e-02  2.682382e-03 
 5.852344e-02  2.726934e-03 
 5.892726e-02  2.771630e-03 
 5.933109e-02  2.815589e-03 
 5.973491e-02  2.858492e-03 
 6.013873e-02  2.900276e-03 
 6.054256e-02  2.941014e-03 
 6.094638e-02  2.980901e-03 
 6.135021e-02  3.020049e-03 
 6.175220e-02  3.058170e-03 
 6.215420e-02  3.095967e-03 
 6.255620e-02  3.133071e-03 
 6.295819e-02  3.169368e-03 
 6.336019e-02  3.204590e-03 
 6.376219e-02  3.238525e-03 
 6.416418e-02  3.271349e-03 
 6.456618e-02  3.303301e-03 
 6.496818e-02  3.334406e-03 
 6.537017e-02  3.364028e-03 
 6.577216e-02  3.393183e-03 
 6.617416e-02  3.421468e-03 
 6.657615e-02  3.449355e-03 
 6.697814e-02  3.476864e-03 
 6.738013e-02  3.503660e-03 
 6.778212e-02  3.530627e-03 
 6.818411e-02  3.557737e-03 
 6.858610e-02  3.584436e-03 
 6.898809e-02  3.611033e-03 
 6.939008e-02  3.636978e-03 
 6.979370e-02  3.662072e-03 
 7.019750e-02  3.687008e-03 
 7.060131e-02  3.711410e-03 
 7.100511e-02  3.735971e-03 
 7.140891e-02  3.760161e-03 
 7.181271e-02  3.784402e-03 
 7.221652e-02  3.808686e-03 
 7.262032e-02  3.832993e-03 
 7.302412e-02  3.857460e-03 
 7.342792e-02  3.882053e-03 
 7.383173e-02  3.905904e-03 
 7.423554e-02  3.929141e-03 
 7.463936e-02  3.951640e-03 
 7.504317e-02  3.972189e-03 
 7.544698e-02  3.991532e-03 
 7.585079e-02  4.010947e-03 
 7.625460e-02  4.027655e-03 
 7.665841e-02  4.043067e-03 
 7.706222e-02  4.056676e-03 
 7.746603e-02  4.067914e-03 
 7.786984e-02  4.076510e-03 
 7.827364e-02  4.082544e-03 
 7.867745e-02  4.085940e-03 
 7.908126e-02  4.087602e-03 
 7.948506e-02  4.087517e-03 
 7.988887e-02  4.085413e-03 
 8.029268e-02  4.082372e-03 
 8.069648e-02  4.076928e-03 
 8.110029e-02  4.070034e-03 
 8.150410e-02  4.061471e-03 
 8.190790e-02  4.052320e-03 
 8.231171e-02  4.043058e-03 
 8.271552e-02  4.033344e-03 
 8.311932e-02  4.023021e-03 
 8.352313e-02  4.012556e-03 
 8.392694e-02  4.000630e-03 
 8.433074e-02  3.987975e-03 
 8.473455e-02  3.975044e-03 
 8.513835e-02  3.960378e-03 
 8.554216e-02  3.945072e-03 
 8.594597e-02  3.929146e-03 
 8.634978e-02  3.910884e-03 
 8.675359e-02  3.892307e-03 
 8.715740e-02  3.873978e-03 
 8.756121e-02  3.855315e-03 
 8.796502e-02  3.835822e-03 
 8.836883e-02  3.817075e-03 
 8.877264e-02  3.799510e-03 
 8.917645e-02  3.781177e-03 
 8.958026e-02  3.762113e-03 
 8.998407e-02  3.742815e-03 
 9.038788e-02  3.723333e-03 
 9.079169e-02  3.701306e-03 
 9.119550e-02  3.677341e-03 
 9.159932e-02  3.651704e-03 
 9.200313e-02  3.624028e-03 
 9.240694e-02  3.594214e-03 
 9.281075e-02  3.562562e-03 
 9.321456e-02  3.529111e-03 
 9.361837e-02  3.495419e-03 
 9.402218e-02  3.462191e-03 
 9.442600e-02  3.427510e-03 
 9.482982e-02  3.393681e-03 
 9.523364e-02  3.362010e-03 
 9.563746e-02  3.330541e-03 
 9.604128e-02  3.299170e-03 
 9.644509e-02  3.266925e-03 
 9.684891e-02  3.233759e-03 
 9.725273e-02  3.200621e-03 
 9.765655e-02  3.166305e-03 
 9.806037e-02  3.131044e-03 
 9.846418e-02  3.095308e-03 
 9.886800e-02  3.059474e-03 
 9.927182e-02  3.021908e-03 
 9.967563e-02  2.984401e-03 
 1.000795e-01  2.946242e-03 
 1.004833e-01  2.906126e-03 
 1.008871e-01  2.865309e-03 
 1.012909e-01  2.824307e-03 
 1.016947e-01  2.782715e-03 
 1.020985e-01  2.740409e-03 
 1.025024e-01  2.697321e-03 
 1.029062e-01  2.654160e-03 
 1.033100e-01  2.610270e-03 
 1.037138e-01  2.564938e-03 
 1.041176e-01  2.518232e-03 
 1.045215e-01  2.469147e-03 
 1.049253e-01  2.416995e-03 
 1.053291e-01  2.362066e-03 
 1.057329e-01  2.304875e-03 
 1.061349e-01  2.246072e-03 
 1.065369e-01  2.186412e-03 
 1.069389e-01  2.125622e-03 
 1.073409e-01  2.064422e-03 
 1.077429e-01  2.003413e-03 
 1.081449e-01  1.942736e-03 
 1.085470e-01  1.884006e-03 
 1.089490e-01  1.825632e-03 
 1.093510e-01  1.767988e-03 
 1.097530e-01  1.711244e-03 
 1.101566e-01  1.656013e-03 
 1.105604e-01  1.600581e-03 
 1.109642e-01  1.545531e-03 
 1.113680e-01  1.490044e-03 
 1.117719e-01  1.433978e-03 
 1.121757e-01  1.376377e-03 
 1.125795e-01  1.318939e-03 
 1.129833e-01  1.261563e-03 
 1.133871e-01  1.202278e-03 
 1.137909e-01  1.142732e-03 
 1.141929e-01  1.083495e-03 
 1.145949e-01  1.024800e-03 
 1.149969e-01  9.670166e-04 
 1.153990e-01  9.102203e-04 
 1.158010e-01  8.541271e-04 
 1.162030e-01  7.980320e-04 
 1.166050e-01  7.409746e-04 
 1.170070e-01  6.836067e-04 
 1.174090e-01  6.250816e-04 
 1.178110e-01  5.650021e-04 
 1.182130e-01  5.025430e-04 
 1.186150e-01  4.369682e-04 
 1.190171e-01  3.696877e-04 
 1.194191e-01  3.014348e-04 
 1.198211e-01  2.314442e-04 
 1.202231e-01  1.609866e-04 
 1.206251e-01  8.981889e-05 
 1.210271e-01  1.809908e-05 
 1.214292e-01 -5.179411e-05 
 1.218312e-01 -1.198807e-04 
 1.222332e-01 -1.855598e-04 
 1.226352e-01 -2.477241e-04 
 1.230372e-01 -3.072781e-04 
 1.234392e-01 -3.638434e-04 
 1.238413e-01 -4.180622e-04 
 1.242433e-01 -4.709481e-04 
 1.246453e-01 -5.236570e-04 
 1.250473e-01 -5.764353e-04 
 1.254493e-01 -6.302848e-04 
 1.258514e-01 -6.848570e-04 
 1.262550e-01 -7.411665e-04 
 1.266588e-01 -7.972180e-04 
 1.270627e-01 -8.532712e-04 
 1.274665e-01 -9.083778e-04 
 1.278703e-01 -9.601112e-04 
 1.282742e-01 -1.008203e-03 
 1.286780e-01 -1.052429e-03 
 1.290818e-01 -1.091081e-03 
 1.294857e-01 -1.124329e-03 
 1.298895e-01 -1.152107e-03 
 1.302933e-01 -1.175360e-03 
 1.306972e-01 -1.194599e-03 
 1.311010e-01 -1.211565e-03 
 1.315049e-01 -1.228676e-03 
 1.319087e-01 -1.246070e-03 
 1.323126e-01 -1.263983e-03 
 1.327164e-01 -1.283216e-03 
 1.331203e-01 -1.304771e-03 
 1.335241e-01 -1.327788e-03 
 1.339280e-01 -1.351748e-03 
 1.343318e-01 -1.376454e-03 
 1.347357e-01 -1.400456e-03 
 1.351395e-01 -1.423998e-03 
 1.355434e-01 -1.446344e-03 
 1.359472e-01 -1.466712e-03 
 1.363511e-01 -1.486743e-03 
 1.367550e-01 -1.504261e-03 
 1.371588e-01 -1.520255e-03 
 1.375627e-01 -1.535789e-03 
 1.379665e-01 -1.551959e-03 
 1.383704e-01 -1.569010e-03 
 1.387743e-01 -1.587085e-03 
 1.391781e-01 -1.606718e-03 
 1.395820e-01 -1.627171e-03 
 1.399859e-01 -1.648122e-03 
 1.403897e-01 -1.669145e-03 
 1.407936e-01 -1.689659e-03 
 1.411975e-01 -1.708309e-03 
 1.416013e-01 -1.725544e-03 
 1.420052e-01 -1.739575e-03 
 1.424090e-01 -1.747021e-03 
 1.428129e-01 -1.751640e-03 
 1.432167e-01 -1.748882e-03 
 1.436206e-01 -1.741570e-03 
 1.440244e-01 -1.727372e-03 
 1.444283e-01 -1.709733e-03 
 1.448321e-01 -1.688541e-03 
 1.452360e-01 -1.664079e-03 
 1.456398e-01 -1.637922e-03 
 1.460437e-01 -1.610288e-03 
 1.464475e-01 -1.579970e-03 
 1.468514e-01 -1.547173e-03 
 1.472552e-01 -1.511155e-03 
 1.476591e-01 -1.471747e-03 
 1.480629e-01 -1.428148e-03 
 1.484668e-01 -1.381412e-03 
 1.488706e-01 -1.329809e-03 
 1.492745e-01 -1.275544e-03 
 1.496783e-01 -1.217143e-03 
 1.500822e-01 -1.155099e-03 
 1.504860e-01 -1.091359e-03 
 1.508899e-01 -1.027246e-03 
 1.512937e-01 -9.619994e-04 
 1.516976e-01 -8.976105e-04 
 1.521014e-01 -8.358016e-04 
 1.525053e-01 -7.760166e-04 
 1.529091e-01 -7.208596e-04 
 1.533130e-01 -6.685132e-04 
 1.537169e-01 -6.186887e-04 
 1.541207e-01 -5.711473e-04 
 1.545245e-01 -5.245699e-04 
 1.549284e-01 -4.791418e-04 
 1.553322e-01 -4.335827e-04 
 1.557361e-01 -3.898891e-04 
 1.561399e-01 -3.460870e-04 
 1.565437e-01 -3.027196e-04 
 1.569476e-01 -2.587954e-04 
 1.573514e-01 -2.162052e-04 
 1.577552e-01 -1.747031e-04 
 1.581591e-01 -1.342103e-04 
 1.585629e-01 -9.692949e-05 
 1.589667e-01 -5.896219e-05 
 1.593706e-01 -2.081543e-05 
 1.597744e-01  1.636812e-05 
 1.601782e-01  5.564747e-05 
 1.605821e-01  9.391608e-05 
 1.609859e-01  1.333613e-04 
 1.613897e-01  1.760307e-04 
 1.617936e-01  2.218098e-04 
 1.621974e-01  2.662546e-04 
 1.626012e-01  3.138595e-04 
 1.630050e-01  3.658013e-04 
 1.634088e-01  4.207120e-04 
 1.638126e-01  4.826719e-04 
 1.642164e-01  5.471913e-04 
 1.646202e-01  6.176324e-04 
 1.650239e-01  6.926482e-04 
 1.654277e-01  7.706629e-04 
 1.658315e-01  8.505895e-04 
 1.662353e-01  9.305214e-04 
 1.666391e-01  1.011399e-03 
 1.670429e-01  1.094019e-03 
 1.674467e-01  1.176390e-03 
 1.678505e-01  1.262079e-03 
 1.682543e-01  1.349653e-03 
 1.686581e-01  1.440495e-03 
 1.690619e-01  1.534377e-03 
 1.694657e-01  1.629239e-03 
 1.698695e-01  1.726280e-03 
 1.702732e-01  1.823922e-03 
 1.706753e-01  1.919274e-03 
 1.710773e-01  2.011664e-03 
 1.714793e-01  2.102538e-03 
 1.718813e-01  2.188183e-03 
 1.722833e-01  2.270294e-03 
 1.726853e-01  2.347969e-03 
 1.730874e-01  2.418752e-03 
 1.734894e-01  2.487569e-03 
 1.738914e-01  2.549712e-03 
 1.742934e-01  2.607028e-03 
 1.746954e-01  2.658340e-03 
 1.750974e-01  2.709558e-03 
 1.754994e-01  2.759872e-03 
 1.759015e-01  2.809761e-03 
 1.763035e-01  2.862062e-03 
 1.767055e-01  2.912934e-03 
 1.771075e-01  2.966150e-03 
 1.775095e-01  3.018663e-03 
 1.779115e-01  3.070467e-03 
 1.783135e-01  3.121902e-03 
 1.787155e-01  3.170537e-03 
 1.791175e-01  3.217213e-03 
 1.795196e-01  3.262184e-03 
 1.799216e-01  3.306044e-03 
 1.803236e-01  3.348338e-03 
 1.807256e-01  3.386433e-03 
 1.811276e-01  3.423191e-03 
 1.815296e-01  3.462668e-03 
 1.819316e-01  3.501704e-03 
 1.823336e-01  3.541290e-03 
 1.827356e-01  3.582867e-03 
 1.831376e-01  3.625868e-03 
 1.835396e-01  3.671586e-03 
 1.839416e-01  3.720593e-03 
 1.843436e-01  3.774160e-03 
 1.847456e-01  3.825878e-03 
 1.851475e-01  3.876938e-03 
 1.855495e-01  3.928471e-03 
 1.859515e-01  3.979394e-03 
 1.863535e-01  4.029068e-03 
 1.867555e-01  4.076379e-03 
 1.871575e-01  4.122972e-03 
 1.875595e-01  4.167422e-03 
 1.879615e-01  4.214052e-03 
 1.883635e-01  4.261543e-03 
 1.887655e-01  4.309571e-03 
 1.891675e-01  4.360808e-03 
 1.895696e-01  4.413971e-03 
 1.899716e-01  4.465565e-03 
 1.903736e-01  4.518289e-03 
 1.907772e-01  4.570893e-03 
 1.911810e-01  4.621438e-03 
 1.915848e-01  4.669766e-03 
 1.919886e-01  4.717043e-03 
 1.923924e-01  4.762376e-03 
 1.927962e-01  4.806601e-03 
 1.932000e-01  4.849253e-03 
 1.936038e-01  4.890729e-03 
 1.940076e-01  4.930919e-03 
 1.944114e-01  4.970693e-03 
 1.948152e-01  5.009832e-03 
 1.952190e-01  5.050813e-03 
 1.956228e-01  5.092210e-03 
 1.960266e-01  5.135844e-03 
 1.964305e-01  5.181000e-03 
 1.968343e-01  5.226625e-03 
 1.972381e-01  5.271722e-03 
 1.976419e-01  5.315442e-03 
 1.980457e-01  5.357574e-03 
 1.984495e-01  5.395670e-03 
 1.988534e-01  5.430257e-03 
 1.992572e-01  5.462187e-03 
 1.996611e-01  5.491821e-03 
 2.000649e-01  5.520448e-03 
 2.004688e-01  5.547646e-03 
 2.008726e-01  5.574075e-03 
 2.012765e-01  5.601690e-03 
 2.016803e-01  5.630818e-03 
 2.020842e-01  5.663000e-03 
 2.024880e-01  5.697147e-03 
 2.028918e-01  5.732771e-03 
 2.032957e-01  5.769397e-03 
 2.036995e-01  5.807326e-03 
 2.041034e-01  5.846668e-03 
 2.045072e-01  5.885314e-03 
 2.049110e-01  5.922243e-03 
 2.053149e-01  5.956891e-03 
 2.057187e-01  5.989720e-03 
 2.061226e-01  6.020552e-03 
 2.065264e-01  6.051477e-03 
 2.069302e-01  6.083145e-03 
 2.073340e-01  6.116689e-03 
 2.077378e-01  6.152656e-03 
 2.081416e-01  6.193124e-03 
 2.085455e-01  6.239150e-03 
 2.089493e-01  6.289379e-03 
 2.093531e-01  6.343416e-03 
 2.097569e-01  6.401230e-03 
 2.101607e-01  6.461735e-03 
 2.105645e-01  6.524208e-03 
 2.109683e-01  6.588587e-03 
 2.113721e-01  6.652214e-03 
 2.117759e-01  6.714347e-03 
 2.121798e-01  6.773868e-03 
 2.125836e-01  6.829246e-03 
 2.129874e-01  6.878883e-03 
 2.133912e-01  6.924596e-03 
 2.137950e-01  6.965776e-03 
 2.141988e-01  7.002403e-03 
 2.146026e-01  7.035024e-03 
 2.150046e-01  7.064881e-03 
 2.154067e-01  7.093173e-03 
 2.158087e-01  7.119696e-03 
 2.162107e-01  7.144961e-03 
 2.166128e-01  7.169201e-03 
 2.170148e-01  7.191883e-03 
 2.174168e-01  7.212620e-03 
 2.178189e-01  7.231013e-03 
 2.182209e-01  7.247509e-03 
 2.186229e-01  7.260656e-03 
 2.190266e-01  7.271684e-03 
 2.194304e-01  7.280305e-03 
 2.198343e-01  7.287433e-03 
 2.202381e-01  7.293560e-03 
 2.206420e-01  7.298278e-03 
 2.210458e-01  7.301460e-03 
 2.214496e-01  7.302500e-03 
 2.218535e-01  7.303602e-03 
 2.222573e-01  7.305071e-03 
 2.226612e-01  7.307130e-03 
 2.230650e-01  7.309274e-03 
 2.234688e-01  7.311939e-03 
 2.238726e-01  7.314380e-03 
 2.242764e-01  7.315441e-03 
 2.246803e-01  7.316022e-03 
 2.250841e-01  7.314453e-03 
 2.254879e-01  7.308586e-03 
 2.258917e-01  7.298201e-03 
 2.262956e-01  7.283187e-03 
 2.266994e-01  7.263797e-03 
 2.271032e-01  7.239982e-03 
 2.275070e-01  7.212314e-03 
 2.279108e-01  7.182330e-03 
 2.283146e-01  7.149301e-03 
 2.287184e-01  7.114514e-03 
 2.291222e-01  7.078980e-03 
 2.295260e-01  7.041758e-03 
 2.299298e-01  7.002590e-03 
 2.303336e-01  6.960501e-03 
 2.307374e-01  6.914682e-03 
 2.311394e-01  6.866352e-03 
 2.315414e-01  6.812471e-03 
 2.319434e-01  6.753415e-03 
 2.323454e-01  6.690059e-03 
 2.327474e-01  6.622897e-03 
 2.331494e-01  6.552912e-03 
 2.335514e-01  6.479979e-03 
 2.339533e-01  6.405856e-03 
 2.343553e-01  6.331282e-03 
 2.347573e-01  6.257356e-03 
 2.351593e-01  6.184467e-03 
 2.355613e-01  6.114077e-03 
 2.359633e-01  6.046037e-03 
 2.363653e-01  5.979733e-03 
 2.367673e-01  5.914485e-03 
 2.371693e-01  5.851530e-03 
 2.375713e-01  5.787137e-03 
 2.379733e-01  5.722020e-03 
 2.383753e-01  5.656515e-03 
 2.387772e-01  5.590208e-03 
 2.391809e-01  5.522254e-03 
 2.395847e-01  5.453437e-03 
 2.399885e-01  5.383881e-03 
 2.403923e-01  5.314639e-03 
 2.407961e-01  5.246625e-03 
 2.411999e-01  5.180435e-03 
 2.416037e-01  5.116456e-03 
 2.420075e-01  5.054159e-03 
 2.424113e-01  4.993559e-03 
 2.428151e-01  4.935102e-03 
 2.432171e-01  4.878014e-03 
 2.436191e-01  4.820392e-03 
 2.440211e-01  4.762046e-03 
 2.444231e-01  4.701906e-03 
 2.448251e-01  4.639156e-03 
 2.452271e-01  4.572245e-03 
 2.456292e-01  4.500673e-03 
 2.460312e-01  4.423070e-03 
 2.464332e-01  4.338740e-03 
 2.468352e-01  4.249970e-03 
 2.472388e-01  4.158002e-03 
 2.476426e-01  4.064802e-03 
 2.480463e-01  3.972434e-03 
 2.484501e-01  3.882217e-03 
 2.488539e-01  3.795978e-03 
 2.492577e-01  3.714840e-03 
 2.496615e-01  3.638892e-03 
 2.500652e-01  3.569909e-03 
 2.504690e-01  3.507813e-03 
 2.508728e-01  3.452162e-03 
 2.512766e-01  3.402500e-03 
 2.516804e-01  3.359485e-03 
 2.520842e-01  3.322801e-03 
 2.524880e-01  3.291912e-03 
 2.528918e-01  3.265218e-03 
 2.532956e-01  3.242198e-03 
 2.536994e-01  3.222036e-03 
 2.541032e-01  3.204269e-03 
 2.545069e-01  3.189805e-03 
 2.549107e-01  3.179419e-03 
 2.553146e-01  3.169315e-03 
 2.557184e-01  3.164462e-03 
 2.561222e-01  3.162047e-03 
 2.565260e-01  3.160974e-03 
 2.569298e-01  3.160604e-03 
 2.573336e-01  3.158912e-03 
 2.577374e-01  3.154960e-03 
 2.581412e-01  3.149584e-03 
 2.585451e-01  3.139964e-03 
 2.589489e-01  3.127195e-03 
 2.593509e-01  3.110132e-03 
 2.597529e-01  3.088102e-03 
 2.601550e-01  3.061328e-03 
 2.605570e-01  3.029001e-03 
 2.609590e-01  2.993726e-03 
 2.613610e-01  2.954616e-03 
 2.617631e-01  2.914970e-03 
 2.621651e-01  2.872477e-03 
 2.625671e-01  2.828464e-03 
 2.629692e-01  2.782917e-03 
 2.633711e-01  2.735677e-03 
 2.637731e-01  2.687457e-03 
 2.641751e-01  2.638362e-03 
 2.645770e-01  2.588232e-03 
 2.649790e-01  2.537711e-03 
 2.653810e-01  2.487675e-03 
 2.657829e-01  2.440057e-03 
 2.661849e-01  2.392208e-03 
 2.665869e-01  2.345999e-03 
 2.669888e-01  2.302481e-03 
 2.673908e-01  2.260727e-03 
 2.677928e-01  2.222608e-03 
 2.681948e-01  2.188873e-03 
 2.685968e-01  2.159132e-03 
 2.689988e-01  2.137922e-03 
 2.694008e-01  2.116208e-03 
 2.698027e-01  2.097611e-03 
 2.702047e-01  2.082805e-03 
 2.706067e-01  2.070390e-03 
 2.710087e-01  2.058520e-03 
 2.714107e-01  2.047810e-03 
 2.718127e-01  2.038804e-03 
 2.722147e-01  2.031160e-03 
 2.726167e-01  2.025220e-03 
 2.730187e-01  2.021553e-03 
 2.734207e-01  2.020714e-03 
 2.738227e-01  2.021730e-03 
 2.742247e-01  2.024878e-03 
 2.746267e-01  2.030655e-03 
 2.750287e-01  2.039231e-03 
 2.754324e-01  2.049124e-03 
 2.758362e-01  2.059299e-03 
 2.762400e-01  2.070798e-03 
 2.766438e-01  2.080953e-03 
 2.770476e-01  2.088925e-03 
 2.774514e-01  2.093922e-03 
 2.778552e-01  2.094734e-03 
 2.782590e-01  2.090456e-03 
 2.786629e-01  2.079496e-03 
 2.790667e-01  2.063283e-03 
 2.794705e-01  2.042105e-03 
 2.798743e-01  2.017531e-03 
 2.802782e-01  1.989529e-03 
 2.806820e-01  1.960046e-03 
 2.810858e-01  1.929804e-03 
 2.814897e-01  1.900858e-03 
 2.818935e-01  1.874537e-03 
 2.822973e-01  1.851503e-03 
 2.827012e-01  1.832223e-03 
 2.831050e-01  1.816343e-03 
 2.835088e-01  1.803449e-03 
 2.839127e-01  1.793258e-03 
 2.843165e-01  1.785412e-03 
 2.847204e-01  1.778518e-03 
 2.851242e-01  1.772018e-03 
 2.855280e-01  1.765828e-03 
 2.859319e-01  1.759726e-03 
 2.863357e-01  1.753494e-03 
 2.867396e-01  1.747541e-03 
 2.871434e-01  1.742234e-03 
 2.875472e-01  1.737539e-03 
 2.879511e-01  1.733659e-03 
 2.883549e-01  1.731864e-03 
 2.887587e-01  1.731515e-03 
 2.891625e-01  1.731665e-03 
 2.895664e-01  1.729352e-03 
 2.899702e-01  1.733677e-03 
 2.903740e-01  1.740071e-03 
 2.907778e-01  1.747875e-03 
 2.911817e-01  1.757151e-03 
 2.915837e-01  1.770073e-03 
 2.919857e-01  1.776774e-03 
 2.923877e-01  1.778846e-03 
 2.927897e-01  1.784276e-03 
 2.931917e-01  1.788737e-03 
 2.935937e-01  1.793408e-03 
 2.939957e-01  1.799308e-03 
 2.943978e-01  1.807212e-03 
 2.947998e-01  1.816713e-03 
 2.952018e-01  1.828119e-03 
 2.956038e-01  1.841340e-03 
 2.960058e-01  1.855656e-03 
 2.964078e-01  1.869514e-03 
 2.968097e-01  1.882000e-03 
 2.972117e-01  1.894472e-03 
 2.976137e-01  1.906308e-03 
 2.980157e-01  1.917559e-03 
 2.984177e-01  1.928182e-03 
 2.988197e-01  1.937992e-03 
 2.992217e-01  1.947062e-03 
 2.996237e-01  1.954785e-03 
 3.000257e-01  1.961125e-03 
 3.004278e-01  1.965998e-03 
 3.008298e-01  1.968086e-03 
 3.012318e-01  1.967060e-03 
 3.016339e-01  1.962355e-03 
 3.020359e-01  1.955517e-03 
 3.024379e-01  1.946199e-03 
 3.028400e-01  1.933859e-03 
 3.032420e-01  1.918697e-03 
 3.036440e-01  1.900266e-03 
 3.040461e-01  1.878771e-03 
 3.044481e-01  1.856937e-03 
 3.048501e-01  1.830008e-03 
 3.052521e-01  1.800198e-03 
 3.056542e-01  1.768050e-03 
 3.060562e-01  1.734089e-03 
 3.064582e-01  1.699030e-03 
 3.068602e-01  1.665065e-03 
 3.072623e-01  1.632721e-03 
 3.076659e-01  1.602531e-03 
 3.080697e-01  1.574802e-03 
 3.084735e-01  1.550351e-03 
 3.088773e-01  1.530898e-03 
 3.092811e-01  1.514728e-03 
 3.096850e-01  1.502422e-03 
 3.100888e-01  1.492536e-03 
 3.104926e-01  1.484944e-03 
 3.108964e-01  1.480160e-03 
 3.113002e-01  1.476284e-03 
 3.117040e-01  1.473327e-03 
 3.121079e-01  1.470831e-03 
 3.125117e-01  1.467543e-03 
 3.129155e-01  1.464126e-03 
 3.133193e-01  1.461410e-03 
 3.137232e-01  1.460807e-03 
 3.141270e-01  1.462350e-03 
 3.145308e-01  1.466075e-03 
 3.149346e-01  1.472295e-03 
 3.153384e-01  1.481694e-03 
 3.157425e-01  1.494945e-03 
 3.161465e-01  1.510345e-03 
 3.165505e-01  1.527376e-03 
 3.169545e-01  1.544906e-03 
 3.173586e-01  1.561282e-03 
 3.177626e-01  1.576072e-03 
 3.181666e-01  1.589256e-03 
 3.185707e-01  1.599762e-03 
 3.189747e-01  1.606108e-03 
 3.193787e-01  1.607406e-03 
 3.197827e-01  1.605425e-03 
 3.201868e-01  1.601165e-03 
 3.205908e-01  1.593917e-03 
 3.209948e-01  1.584255e-03 
 3.213988e-01  1.572284e-03 
 3.218029e-01  1.558080e-03 
 3.222069e-01  1.542780e-03 
 3.226109e-01  1.526950e-03 
 3.230149e-01  1.511731e-03 
 3.234189e-01  1.497122e-03 
 3.238210e-01  1.482620e-03 
 3.242230e-01  1.468732e-03 
 3.246250e-01  1.456000e-03 
 3.250270e-01  1.444101e-03 
 3.254290e-01  1.432612e-03 
 3.258310e-01  1.421629e-03 
 3.262330e-01  1.411887e-03 
 3.266350e-01  1.403668e-03 
 3.270370e-01  1.397976e-03 
 3.274390e-01  1.395298e-03 
 3.278411e-01  1.394468e-03 
 3.282431e-01  1.396097e-03 
 3.286451e-01  1.399330e-03 
 3.290471e-01  1.404538e-03 
 3.294491e-01  1.412298e-03 
 3.298511e-01  1.423051e-03 
 3.302531e-01  1.436052e-03 
 3.306552e-01  1.451220e-03 
 3.310572e-01  1.467792e-03 
 3.314592e-01  1.486820e-03 
 3.318628e-01  1.505287e-03 
 3.322666e-01  1.522123e-03 
 3.326704e-01  1.535952e-03 
 3.330742e-01  1.546336e-03 
 3.334780e-01  1.553600e-03 
 3.338818e-01  1.557904e-03 
 3.342855e-01  1.558678e-03 
 3.346893e-01  1.557633e-03 
 3.350931e-01  1.554198e-03 
 3.354969e-01  1.548179e-03 
 3.358989e-01  1.539787e-03 
 3.363009e-01  1.529547e-03 
 3.367029e-01  1.516755e-03 
 3.371049e-01  1.500344e-03 
 3.375068e-01  1.481078e-03 
 3.379088e-01  1.459502e-03 
 3.383108e-01  1.436331e-03 
 3.387128e-01  1.412159e-03 
 3.391148e-01  1.387834e-03 
 3.395168e-01  1.363721e-03 
 3.399188e-01  1.339711e-03 
 3.403208e-01  1.315964e-03 
 3.407228e-01  1.294215e-03 
 3.411248e-01  1.273920e-03 
 3.415268e-01  1.255131e-03 
 3.419288e-01  1.236723e-03 
 3.423308e-01  1.219780e-03 
 3.427328e-01  1.205415e-03 
 3.431348e-01  1.189219e-03 
 3.435368e-01  1.172758e-03 
 3.439388e-01  1.154568e-03 
 3.443408e-01  1.134495e-03 
 3.447428e-01  1.111946e-03 
 3.451448e-01  1.087227e-03 
 3.455468e-01  1.061136e-03 
 3.459488e-01  1.033401e-03 
 3.463507e-01  1.003516e-03 
 3.467527e-01  9.721987e-04 
 3.471547e-01  9.400658e-04 
 3.475567e-01  9.082046e-04 
 3.479587e-01  8.782938e-04 
 3.483607e-01  8.491021e-04 
 3.487627e-01  8.199350e-04 
 3.491647e-01  7.898434e-04 
 3.495667e-01  7.580661e-04 
 3.499687e-01  7.248657e-04 
 3.503707e-01  6.894691e-04 
 3.507727e-01  6.507468e-04 
 3.511747e-01  6.095659e-04 
 3.515766e-01  5.662025e-04 
 3.519786e-01  5.199966e-04 
 3.523806e-01  4.718369e-04 
 3.527825e-01  4.217803e-04 
 3.531845e-01  3.705932e-04 
 3.535865e-01  3.176911e-04 
 3.539885e-01  2.647405e-04 
 3.543904e-01  2.137768e-04 
 3.547924e-01  1.654151e-04 
 3.551944e-01  1.217180e-04 
 3.555963e-01  8.300458e-05 
 3.559999e-01  4.901186e-05 
 3.564037e-01  1.889532e-05 
 3.568075e-01 -8.328546e-06 
 3.572113e-01 -3.265417e-05 
 3.576151e-01 -5.596955e-05 
 3.580189e-01 -7.831960e-05 
 3.584227e-01 -1.010372e-04 
 3.588265e-01 -1.230060e-04 
 3.592302e-01 -1.442638e-04 
 3.596340e-01 -1.648144e-04 
 3.600379e-01 -1.844722e-04 
 3.604417e-01 -2.020179e-04 
 3.608455e-01 -2.183407e-04 
 3.612493e-01 -2.327497e-04 
 3.616531e-01 -2.450449e-04 
 3.620570e-01 -2.546249e-04 
 3.624608e-01 -2.627974e-04 
 3.628646e-01 -2.688796e-04 
 3.632684e-01 -2.729347e-04 
 3.636722e-01 -2.743087e-04 
 3.640760e-01 -2.760639e-04 
 3.644799e-01 -2.781905e-04 
 3.648837e-01 -2.820599e-04 
 3.652875e-01 -2.885918e-04 
 3.656913e-01 -2.985662e-04 
 3.660951e-01 -3.102542e-04 
 3.664989e-01 -3.252903e-04 
 3.669027e-01 -3.435745e-04 
 3.673065e-01 -3.650087e-04 
 3.677103e-01 -3.903507e-04 
 3.681124e-01 -4.142348e-04 
 3.685144e-01 -4.377128e-04 
 3.689165e-01 -4.608322e-04 
 3.693185e-01 -4.829633e-04 
 3.697206e-01 -5.033877e-04 
 3.701226e-01 -5.206757e-04 
 3.705247e-01 -5.349139e-04 
 3.709267e-01 -5.470409e-04 
 3.713288e-01 -5.569178e-04 
 3.717308e-01 -5.639599e-04 
 3.721328e-01 -5.721936e-04 
 3.725348e-01 -5.792843e-04 
 3.729368e-01 -5.848319e-04 
 3.733388e-01 -5.926909e-04 
 3.737408e-01 -5.966973e-04 
 3.741427e-01 -5.993113e-04 
 3.745447e-01 -6.002416e-04 
 3.749467e-01 -5.984935e-04 
 3.753487e-01 -5.930341e-04 
 3.757507e-01 -5.837685e-04 
 3.761527e-01 -5.723654e-04 
 3.765547e-01 -5.593077e-04 
 3.769567e-01 -5.412077e-04 
 3.773587e-01 -5.275762e-04 
 3.777607e-01 -5.155705e-04 
 3.781627e-01 -5.060802e-04 
 3.785647e-01 -4.985975e-04 
 3.789667e-01 -4.925648e-04 
 3.793688e-01 -4.873820e-04 
 3.797708e-01 -4.809846e-04 
 3.801744e-01 -4.722964e-04 
 3.805782e-01 -4.615734e-04 
 3.809821e-01 -4.490737e-04 
 3.813859e-01 -4.348127e-04 
 3.817898e-01 -4.201098e-04 
 3.821936e-01 -4.050419e-04 
 3.825974e-01 -3.904855e-04 
 3.830013e-01 -3.763783e-04 
 3.834051e-01 -3.635684e-04 
 3.838089e-01 -3.535825e-04 
 3.842128e-01 -3.462169e-04 
 3.846166e-01 -3.426389e-04 
 3.850204e-01 -3.436945e-04 
 3.854243e-01 -3.514211e-04 
 3.858281e-01 -3.633920e-04 
 3.862319e-01 -3.802737e-04 
 3.866357e-01 -4.014445e-04 
 3.870396e-01 -4.255564e-04 
 3.874434e-01 -4.510552e-04 
 3.878472e-01 -4.761517e-04 
 3.882511e-01 -4.998479e-04 
 3.886549e-01 -5.200431e-04 
 3.890587e-01 -5.366979e-04 
 3.894626e-01 -5.505111e-04 
 3.898664e-01 -5.618358e-04 
 3.902702e-01 -5.698834e-04 
 3.906741e-01 -5.747859e-04 
 3.910779e-01 -5.773486e-04 
 3.914818e-01 -5.779361e-04 
 3.918856e-01 -5.777869e-04 
 3.922894e-01 -5.769543e-04 
 3.926933e-01 -5.764485e-04 
 3.930971e-01 -5.761896e-04 
 3.935009e-01 -5.759560e-04 
 3.939048e-01 -5.759856e-04 
 3.943086e-01 -5.751169e-04 
 3.947124e-01 -5.714186e-04 
 3.951163e-01 -5.633650e-04 
 3.955201e-01 -5.499062e-04 
 3.959240e-01 -5.303824e-04 
 3.963278e-01 -5.047829e-04 
 3.967316e-01 -4.742613e-04 
 3.971354e-01 -4.402861e-04 
 3.975392e-01 -4.039730e-04 
 3.979430e-01 -3.672892e-04 
 3.983468e-01 -3.311688e-04 
 3.987506e-01 -2.972090e-04 
 3.991544e-01 -2.665134e-04 
 3.995583e-01 -2.378840e-04 
 3.999621e-01 -2.116783e-04 
 4.003641e-01 -1.877441e-04 
 4.007661e-01 -1.645381e-04 
 4.011681e-01 -1.415093e-04 
 4.015702e-01 -1.189406e-04 
 4.019722e-01 -9.616734e-05 
 4.023742e-01 -7.290561e-05 
 4.027762e-01 -4.876462e-05 
 4.031783e-01 -2.428142e-05 
 4.035803e-01 -6.461581e-07 
 4.039823e-01  2.256484e-05 
 4.043843e-01  4.585231e-05 
 4.047864e-01  6.841268e-05 
 4.051884e-01  9.115613e-05 
 4.055904e-01  1.145538e-04 
 4.059924e-01  1.372080e-04 
 4.063944e-01  1.587696e-04 
 4.067965e-01  1.801515e-04 
 4.071985e-01  2.015994e-04 
 4.076005e-01  2.220026e-04 
 4.080025e-01  2.418419e-04 
 4.084046e-01  2.606672e-04 
 4.088066e-01  2.790935e-04 
 4.092086e-01  2.970813e-04 
 4.096106e-01  3.141780e-04 
 4.100127e-01  3.314047e-04 
 4.104147e-01  3.488332e-04 
 4.108167e-01  3.667531e-04 
 4.112187e-01  3.855998e-04 
 4.116208e-01  4.060685e-04 
 4.120228e-01  4.270802e-04 
 4.124248e-01  4.481004e-04 
 4.128268e-01  4.699169e-04 
 4.132288e-01  4.926177e-04 
 4.136307e-01  5.164701e-04 
 4.140327e-01  5.416893e-04 
 4.144347e-01  5.649693e-04 
 4.148367e-01  5.937122e-04 
 4.152387e-01  6.276926e-04 
 4.156407e-01  6.600452e-04 
 4.160427e-01  6.939527e-04 
 4.164447e-01  7.295900e-04 
 4.168467e-01  7.658021e-04 
 4.172487e-01  7.997412e-04 
 4.176507e-01  8.351045e-04 
 4.180527e-01  8.682417e-04 
 4.184547e-01  8.979213e-04 
 4.188567e-01  9.237185e-04 
 4.192587e-01  9.452551e-04 
 4.196607e-01  9.631998e-04 
 4.200627e-01  9.780776e-04 
 4.204647e-01  9.918124e-04 
 4.208667e-01  1.005061e-03 
 4.212687e-01  1.018164e-03 
 4.216707e-01  1.030574e-03 
 4.220727e-01  1.042055e-03 
 4.224747e-01  1.053128e-03 
 4.228767e-01  1.063067e-03 
 4.232787e-01  1.073400e-03 
 4.236807e-01  1.080577e-03 
 4.240827e-01  1.085721e-03 
 4.244847e-01  1.088050e-03 
 4.248867e-01  1.087115e-03 
 4.252887e-01  1.083348e-03 
 4.256907e-01  1.076055e-03 
 4.260926e-01  1.065021e-03 
 4.264946e-01  1.050828e-03 
 4.268966e-01  1.034159e-03 
 4.272986e-01  1.015576e-03 
 4.277006e-01  9.955653e-04 
 4.281026e-01  9.758750e-04 
 4.285062e-01  9.567487e-04 
 4.289100e-01  9.383133e-04 
 4.293138e-01  9.221853e-04 
 4.297176e-01  9.094992e-04 
 4.301214e-01  8.998044e-04 
 4.305252e-01  8.919826e-04 
 4.309291e-01  8.857900e-04 
 4.313329e-01  8.809003e-04 
 4.317367e-01  8.763462e-04 
 4.321405e-01  8.722391e-04 
 4.325443e-01  8.682223e-04 
 4.329481e-01  8.652364e-04 
 4.333519e-01  8.634090e-04 
 4.337557e-01  8.626006e-04 
 4.341595e-01  8.636208e-04 
 4.345633e-01  8.664314e-04 
 4.349671e-01  8.696969e-04 
 4.353709e-01  8.740095e-04 
 4.357748e-01  8.796163e-04 
 4.361786e-01  8.867115e-04 
 4.365824e-01  8.952119e-04 
 4.369861e-01  9.050731e-04 
 4.373899e-01  9.158457e-04 
 4.377937e-01  9.266642e-04 
 4.381975e-01  9.366458e-04 
 4.386013e-01  9.447008e-04 
 4.390051e-01  9.497752e-04 
 4.394089e-01  9.512133e-04 
 4.398127e-01  9.489123e-04 
 4.402165e-01  9.427237e-04 
 4.406203e-01  9.338840e-04 
 4.410241e-01  9.223671e-04 
 4.414279e-01  9.079220e-04 
 4.418317e-01  8.897133e-04 
 4.422355e-01  8.706097e-04 
 4.426393e-01  8.482349e-04 
 4.430431e-01  8.242185e-04 
 4.434469e-01  7.961325e-04 
 4.438507e-01  7.660414e-04 
 4.442545e-01  7.345388e-04 
 4.446583e-01  7.027560e-04 
 4.450621e-01  6.718941e-04 
 4.454659e-01  6.429748e-04 
 4.458697e-01  6.146310e-04 
 4.462735e-01  5.884395e-04 
 4.466773e-01  5.633394e-04 
 4.470811e-01  5.389030e-04 
 4.474850e-01  5.149901e-04 
 4.478888e-01  4.897473e-04 
 4.482926e-01  4.686989e-04 
 4.486964e-01  4.498771e-04 
 4.491002e-01  4.339090e-04 
 4.495041e-01  4.202361e-04 
 4.499079e-01  4.089203e-04 
 4.503117e-01  3.997050e-04 
 4.507156e-01  3.917760e-04 
 4.511194e-01  3.849684e-04 
 4.515232e-01  3.789975e-04 
 4.519271e-01  3.734992e-04 
 4.523309e-01  3.688080e-04 
 4.527349e-01  3.649501e-04 
 4.531389e-01  3.612167e-04 
 4.535429e-01  3.579740e-04 
 4.539469e-01  3.554038e-04 
 4.543509e-01  3.531783e-04 
 4.547549e-01  3.509569e-04 
 4.551589e-01  3.489560e-04 
 4.555629e-01  3.502566e-04 
 4.559669e-01  3.477558e-04 
 4.563709e-01  3.430804e-04 
 4.567729e-01  3.369022e-04 
 4.571750e-01  3.242578e-04 
 4.575770e-01  3.103789e-04 
 4.579790e-01  2.917113e-04 
 4.583810e-01  2.685198e-04 
 4.587830e-01  2.413443e-04 
 4.591850e-01  2.096257e-04 
 4.595870e-01  1.748293e-04 
 4.599890e-01  1.377820e-04 
 4.603910e-01  1.005202e-04 
 4.607931e-01  6.262825e-05 
 4.611951e-01  2.539970e-05 
 4.615971e-01 -9.820358e-06 
 4.619991e-01 -4.409418e-05 
 4.624011e-01 -7.600609e-05 
 4.628031e-01 -1.071398e-04 
 4.632052e-01 -1.378445e-04 
 4.636072e-01 -1.684893e-04 
 4.640092e-01 -1.967356e-04 
 4.644112e-01 -2.284305e-04 
 4.648148e-01 -2.613919e-04 
 4.652186e-01 -2.950124e-04 
 4.656225e-01 -3.292377e-04 
 4.660263e-01 -3.626003e-04 
 4.664301e-01 -3.940501e-04 
 4.668339e-01 -4.228217e-04 
 4.672377e-01 -4.491409e-04 
 4.676415e-01 -4.731753e-04 
 4.680453e-01 -4.946684e-04 
 4.684492e-01 -5.143398e-04 
 4.688530e-01 -5.316099e-04 
 4.692568e-01 -5.472335e-04 
 4.696606e-01 -5.619196e-04 
 4.700644e-01 -5.755166e-04 
 4.704682e-01 -5.877851e-04 
 4.708720e-01 -5.978312e-04 
 4.712759e-01 -6.064214e-04 
 4.716797e-01 -6.145261e-04 
 4.720835e-01 -6.228821e-04 
 4.724873e-01 -6.315711e-04 
 4.728893e-01 -6.414004e-04 
 4.732914e-01 -6.518451e-04 
 4.736934e-01 -6.623236e-04 
 4.740954e-01 -6.729611e-04 
 4.744975e-01 -6.819612e-04 
 4.748995e-01 -6.890163e-04 
 4.753015e-01 -6.930327e-04 
 4.757036e-01 -6.939952e-04 
 4.761056e-01 -6.925866e-04 
 4.765076e-01 -6.886231e-04 
 4.769113e-01 -6.830168e-04 
 4.773151e-01 -6.766169e-04 
 4.777189e-01 -6.701000e-04 
 4.781227e-01 -6.636538e-04 
 4.785265e-01 -6.585477e-04 
 4.789303e-01 -6.549135e-04 
 4.793341e-01 -6.522314e-04 
 4.797379e-01 -6.499930e-04 
 4.801417e-01 -6.474634e-04 
 4.805456e-01 -6.440759e-04 
 4.809493e-01 -6.388517e-04 
 4.813531e-01 -6.311876e-04 
 4.817569e-01 -6.206631e-04 
 4.821607e-01 -6.084711e-04 
 4.825645e-01 -5.950211e-04 
 4.829683e-01 -5.807940e-04 
 4.833721e-01 -5.683360e-04 
 4.837759e-01 -5.583866e-04 
 4.841797e-01 -5.518634e-04 
 4.845835e-01 -5.492555e-04 
 4.849855e-01 -5.502907e-04 
 4.853874e-01 -5.544407e-04 
 4.857894e-01 -5.599660e-04 
 4.861914e-01 -5.663300e-04 
 4.865934e-01 -5.724969e-04 
 4.869954e-01 -5.787398e-04 
 4.873974e-01 -5.845373e-04 
 4.877994e-01 -5.901831e-04 
 4.882014e-01 -5.965180e-04 
 4.886034e-01 -6.031543e-04 
 4.890054e-01 -6.098033e-04 
 4.894073e-01 -6.172436e-04 
 4.898093e-01 -6.254327e-04 
 4.902113e-01 -6.347263e-04 
 4.906133e-01 -6.453846e-04 
 4.910153e-01 -6.569017e-04 
 4.914173e-01 -6.694568e-04 
 4.918193e-01 -6.825713e-04 
 4.922212e-01 -6.962760e-04 
 4.926232e-01 -7.095595e-04 
 4.930252e-01 -7.211161e-04 
 4.934272e-01 -7.300742e-04 
 4.938292e-01 -7.358416e-04 
 4.942312e-01 -7.384092e-04 
 4.946332e-01 -7.369603e-04 
 4.950351e-01 -7.316130e-04 
 4.954371e-01 -7.225551e-04 
 4.958391e-01 -7.106226e-04 
 4.962411e-01 -6.963284e-04 
 4.966431e-01 -6.811206e-04 
 4.970451e-01 -6.660609e-04 
 4.974471e-01 -6.513425e-04 
 4.978491e-01 -6.386550e-04 
 4.982511e-01 -6.277363e-04 
 4.986531e-01 -6.195772e-04 
 4.990550e-01 -6.172786e-04 
 4.994570e-01 -6.143710e-04 
 4.998590e-01 -6.133828e-04 
 5.002610e-01 -6.128387e-04 
 5.006630e-01 -6.113686e-04 
 5.010650e-01 -6.082446e-04 
 5.014670e-01 -6.021969e-04 
 5.018690e-01 -5.931275e-04 
 5.022710e-01 -5.810067e-04 
 5.026730e-01 -5.668850e-04 
 5.030750e-01 -5.513129e-04 
 5.034770e-01 -5.328476e-04 
 5.038790e-01 -5.183924e-04 
 5.042810e-01 -5.055333e-04 
 5.046830e-01 -4.950667e-04 
 5.050850e-01 -4.885588e-04 
 5.054870e-01 -4.821104e-04 
 5.058890e-01 -4.766560e-04 
 5.062911e-01 -4.717685e-04 
 5.066931e-01 -4.667286e-04 
 5.070951e-01 -4.610592e-04 
 5.074972e-01 -4.533372e-04 
 5.078992e-01 -4.426410e-04 
 5.083012e-01 -4.290968e-04 
 5.087033e-01 -4.125336e-04 
 5.091053e-01 -3.929050e-04 
 5.095073e-01 -3.681522e-04 
 5.099093e-01 -3.443793e-04 
 5.103114e-01 -3.193382e-04 
 5.107134e-01 -2.951218e-04 
 5.111154e-01 -2.720174e-04 
 5.115174e-01 -2.503588e-04 
 5.119195e-01 -2.304874e-04 
 5.123215e-01 -2.121869e-04 
 5.127235e-01 -1.948051e-04 
 5.131255e-01 -1.775988e-04 
 5.135275e-01 -1.597753e-04 
 5.139295e-01 -1.403960e-04 
 5.143316e-01 -1.196203e-04 
 5.147336e-01 -9.695441e-05 
 5.151356e-01 -7.322364e-05 
 5.155376e-01 -4.747895e-05 
 5.159396e-01 -2.000850e-05 
 5.163416e-01  1.079716e-05 
 5.167436e-01  4.312658e-05 
 5.171472e-01  7.579281e-05 
 5.175510e-01  1.083269e-04 
 5.179548e-01  1.393671e-04 
 5.183586e-01  1.689953e-04 
 5.187624e-01  1.967809e-04 
 5.191661e-01  2.230003e-04 
 5.195699e-01  2.482311e-04 
 5.199737e-01  2.728679e-04 
 5.203775e-01  2.992300e-04 
 5.207813e-01  3.264504e-04 
 5.211833e-01  3.560733e-04 
 5.215853e-01  3.874250e-04 
 5.219873e-01  4.205830e-04 
 5.223893e-01  4.549015e-04 
 5.227913e-01  4.905973e-04 
 5.231933e-01  5.273433e-04 
 5.235953e-01  5.647523e-04 
 5.239973e-01  6.022289e-04 
 5.243993e-01  6.388555e-04 
 5.248013e-01  6.751841e-04 
 5.252033e-01  7.095906e-04 
 5.256053e-01  7.422762e-04 
 5.260073e-01  7.740223e-04 
 5.264094e-01  8.041217e-04 
 5.268114e-01  8.339569e-04 
 5.272134e-01  8.626867e-04 
 5.276154e-01  8.918185e-04 
 5.280174e-01  9.210351e-04 
 5.284194e-01  9.501434e-04 
 5.288215e-01  9.776866e-04 
 5.292235e-01  1.002661e-03 
 5.296255e-01  1.024912e-03 
 5.300275e-01  1.043340e-03 
 5.304295e-01  1.057922e-03 
 5.308315e-01  1.068402e-03 
 5.312335e-01  1.074194e-03 
 5.316355e-01  1.076540e-03 
 5.320375e-01  1.075603e-03 
 5.324395e-01  1.072607e-03 
 5.328415e-01  1.068192e-03 
 5.332435e-01  1.062695e-03 
 5.336455e-01  1.057235e-03 
 5.340475e-01  1.052648e-03 
 5.344495e-01  1.050491e-03 
 5.348515e-01  1.051405e-03 
 5.352535e-01  1.055931e-03 
 5.356555e-01  1.064917e-03 
 5.360575e-01  1.078445e-03 
 5.364595e-01  1.095779e-03 
 5.368615e-01  1.116682e-03 
 5.372652e-01  1.139539e-03 
 5.376690e-01  1.162725e-03 
 5.380728e-01  1.185008e-03 
 5.384766e-01  1.206617e-03 
 5.388804e-01  1.226531e-03 
 5.392842e-01  1.245131e-03 
 5.396880e-01  1.260037e-03 
 5.400918e-01  1.275530e-03 
 5.404956e-01  1.291071e-03 
 5.408995e-01  1.307689e-03 
 5.413015e-01  1.325439e-03 
 5.417035e-01  1.344390e-03 
 5.421055e-01  1.364146e-03 
 5.425075e-01  1.383777e-03 
 5.429095e-01  1.402401e-03 
 5.433115e-01  1.418735e-03 
 5.437136e-01  1.431217e-03 
 5.441156e-01  1.438866e-03 
 5.445176e-01  1.440550e-03 
 5.449196e-01  1.435485e-03 
 5.453216e-01  1.423940e-03 
 5.457236e-01  1.406465e-03 
 5.461257e-01  1.382898e-03 
 5.465277e-01  1.354598e-03 
 5.469297e-01  1.322552e-03 
 5.473317e-01  1.287783e-03 
 5.477337e-01  1.250621e-03 
 5.481358e-01  1.211596e-03 
 5.485378e-01  1.171667e-03 
 5.489398e-01  1.130515e-03 
 5.493418e-01  1.088816e-03 
 5.497438e-01  1.045857e-03 
 5.501459e-01  1.003556e-03 
 5.505479e-01  9.587213e-04 
 5.509499e-01  9.137177e-04 
 5.513519e-01  8.692354e-04 
 5.517539e-01  8.253069e-04 
 5.521559e-01  7.823695e-04 
 5.525580e-01  7.411590e-04 
 5.529600e-01  7.019285e-04 
 5.533636e-01  6.654934e-04 
 5.537674e-01  6.323355e-04 
 5.541713e-01  6.022869e-04 
 5.545751e-01  5.758573e-04 
 5.549789e-01  5.523170e-04 
 5.553828e-01  5.319668e-04 
 5.557866e-01  5.146332e-04 
 5.561904e-01  5.004235e-04 
 5.565942e-01  4.894340e-04 
 5.569981e-01  4.819101e-04 
 5.574001e-01  4.781328e-04 
 5.578021e-01  4.765551e-04 
 5.582041e-01  4.760440e-04 
 5.586061e-01  4.754752e-04 
 5.590081e-01  4.742223e-04 
 5.594101e-01  4.722918e-04 
 5.598122e-01  4.696024e-04 
 5.602142e-01  4.665991e-04 
 5.606162e-01  4.636994e-04 
 5.610182e-01  4.621415e-04 
 5.614202e-01  4.624816e-04 
 5.618222e-01  4.644354e-04 
 5.622242e-01  4.676920e-04 
 5.626262e-01  4.708557e-04 
 5.630282e-01  4.732722e-04 
 5.634303e-01  4.741910e-04 
 5.638323e-01  4.730244e-04 
 5.642343e-01  4.694125e-04 
 5.646363e-01  4.635247e-04 
 5.650383e-01  4.558229e-04 
 5.654419e-01  4.471190e-04 
 5.658457e-01  4.386223e-04 
 5.662495e-01  4.312749e-04 
 5.666533e-01  4.213331e-04 
 5.670571e-01  4.163477e-04 
 5.674609e-01  4.119970e-04 
 5.678647e-01  4.079961e-04 
 5.682685e-01  4.049601e-04 
 5.686723e-01  4.016671e-04 
 5.690761e-01  3.979489e-04 
 5.694781e-01  3.928801e-04 
 5.698802e-01  3.854540e-04 
 5.702822e-01  3.744286e-04 
 5.706842e-01  3.595014e-04 
 5.710862e-01  3.415767e-04 
 5.714883e-01  3.214184e-04 
 5.718903e-01  3.002062e-04 
 5.722923e-01  2.787294e-04 
 5.726943e-01  2.577042e-04 
 5.730963e-01  2.381023e-04 
 5.734984e-01  2.203068e-04 
 5.739004e-01  2.041255e-04 
 5.743024e-01  1.890388e-04 
 5.747044e-01  1.742326e-04 
 5.751064e-01  1.627462e-04 
 5.755084e-01  1.475670e-04 
 5.759104e-01  1.323211e-04 
 5.763125e-01  1.167765e-04 
 5.767145e-01  1.004726e-04 
 5.771165e-01  8.339484e-05 
 5.775185e-01  6.521751e-05 
 5.779205e-01  4.632945e-05 
 5.783225e-01  2.651005e-05 
 5.787246e-01  6.525615e-06 
 5.791266e-01 -1.325682e-05 
 5.795286e-01 -3.165614e-05 
 5.799306e-01 -4.794934e-05 
 5.803326e-01 -6.095805e-05 
 5.807347e-01 -7.040171e-05 
 5.811367e-01 -7.530080e-05 
 5.815387e-01 -7.584710e-05 
 5.819407e-01 -7.236951e-05 
 5.823428e-01 -6.597267e-05 
 5.827448e-01 -5.821046e-05 
 5.831468e-01 -5.098138e-05 
 5.835489e-01 -4.478021e-05 
 5.839509e-01 -4.050509e-05 
 5.843529e-01 -3.893843e-05 
 5.847549e-01 -4.024059e-05 
 5.851570e-01 -4.396793e-05 
 5.855590e-01 -5.009014e-05 
 5.859610e-01 -5.803803e-05 
 5.863630e-01 -6.791440e-05 
 5.867650e-01 -7.969404e-05 
 5.871670e-01 -9.351876e-05 
 5.875690e-01 -1.098245e-04 
 5.879710e-01 -1.280517e-04 
 5.883730e-01 -1.475205e-04 
 5.887750e-01 -1.682861e-04 
 5.891770e-01 -1.905261e-04 
 5.895790e-01 -2.148707e-04 
 5.899810e-01 -2.422135e-04 
 5.903830e-01 -2.728234e-04 
 5.907850e-01 -3.062510e-04 
 5.911870e-01 -3.418914e-04 
 5.915890e-01 -3.786928e-04 
 5.919910e-01 -4.156603e-04 
 5.923930e-01 -4.513292e-04 
 5.927950e-01 -4.846499e-04 
 5.931971e-01 -5.157486e-04 
 5.936007e-01 -5.433627e-04 
 5.940045e-01 -5.677513e-04 
 5.944083e-01 -5.889873e-04 
 5.948121e-01 -6.075658e-04 
 5.952160e-01 -6.235863e-04 
 5.956198e-01 -6.377871e-04 
 5.960236e-01 -6.502584e-04 
 5.964274e-01 -6.610837e-04 
 5.968312e-01 -6.700664e-04 
 5.972351e-01 -6.771536e-04 
 5.976389e-01 -6.820680e-04 
 5.980427e-01 -6.836488e-04 
 5.984465e-01 -6.822457e-04 
 5.988504e-01 -6.768378e-04 
 5.992542e-01 -6.677676e-04 
 5.996580e-01 -6.553876e-04 
 6.000619e-01 -6.402052e-04 
 6.004657e-01 -6.224722e-04 
 6.008695e-01 -6.020752e-04 
 6.012734e-01 -5.794791e-04 
 6.016754e-01 -5.554823e-04 
 6.020774e-01 -5.340911e-04 
 6.024794e-01 -5.103612e-04 
 6.028814e-01 -4.882262e-04 
 6.032835e-01 -4.688557e-04 
 6.036855e-01 -4.527111e-04 
 6.040875e-01 -4.406972e-04 
 6.044895e-01 -4.331655e-04 
 6.048916e-01 -4.306320e-04 
 6.052936e-01 -4.321033e-04 
 6.056956e-01 -4.366501e-04 
 6.060976e-01 -4.427085e-04 
 6.064995e-01 -4.489711e-04 
 6.069015e-01 -4.537626e-04 
 6.073035e-01 -4.565791e-04 
 6.077055e-01 -4.572719e-04 
 6.081075e-01 -4.560866e-04 
 6.085094e-01 -4.543553e-04 
 6.089114e-01 -4.529730e-04 
 6.093134e-01 -4.527041e-04 
 6.097154e-01 -4.542526e-04 
 6.101175e-01 -4.579282e-04 
 6.105195e-01 -4.642726e-04 
 6.109216e-01 -4.720563e-04 
 6.113236e-01 -4.811239e-04 
 6.117256e-01 -4.911638e-04 
 6.121277e-01 -5.009567e-04 
 6.125297e-01 -5.096629e-04 
 6.129318e-01 -5.163089e-04 
 6.133338e-01 -5.199190e-04 
 6.137374e-01 -5.202222e-04 
 6.141412e-01 -5.166980e-04 
 6.145450e-01 -5.104980e-04 
 6.149488e-01 -4.979489e-04 
 6.153526e-01 -4.875307e-04 
 6.157564e-01 -4.760901e-04 
 6.161602e-01 -4.638571e-04 
 6.165640e-01 -4.512855e-04 
 6.169678e-01 -4.390080e-04 
 6.173716e-01 -4.274411e-04 
 6.177754e-01 -4.171387e-04 
 6.181791e-01 -4.084554e-04 
 6.185829e-01 -4.009368e-04 
 6.189867e-01 -3.949228e-04 
 6.193905e-01 -3.898143e-04 
 6.197943e-01 -3.849754e-04 
 6.201981e-01 -3.801902e-04 
 6.206019e-01 -3.740179e-04 
 6.210056e-01 -3.658781e-04 
 6.214094e-01 -3.548663e-04 
 6.218132e-01 -3.403821e-04 
 6.222170e-01 -3.227812e-04 
 6.226208e-01 -3.026082e-04 
 6.230246e-01 -2.801497e-04 
 6.234284e-01 -2.568344e-04 
 6.238322e-01 -2.333649e-04 
 6.242360e-01 -2.109679e-04 
 6.246398e-01 -1.901358e-04 
 6.250436e-01 -1.699116e-04 
 6.254474e-01 -1.505489e-04 
 6.258512e-01 -1.303827e-04 
 6.262551e-01 -1.088855e-04 
 6.266589e-01 -8.586721e-05 
 6.270627e-01 -6.024230e-05 
 6.274665e-01 -3.295345e-05 
 6.278704e-01 -2.825647e-06 
 6.282742e-01  2.879461e-05 
 6.286780e-01  6.156666e-05 
 6.290818e-01  9.579247e-05 
 6.294856e-01  1.305664e-04 
 6.298877e-01  1.644511e-04 
 6.302897e-01  1.969563e-04 
 6.306917e-01  2.271829e-04 
 6.310937e-01  2.539638e-04 
 6.314958e-01  2.777447e-04 
 6.318978e-01  2.992439e-04 
 6.322998e-01  3.190354e-04 
 6.327018e-01  3.377762e-04 
 6.331039e-01  3.562411e-04 
 6.335059e-01  3.751792e-04 
 6.339079e-01  3.957059e-04 
 6.343099e-01  4.174823e-04 
 6.347120e-01  4.404770e-04 
 6.351140e-01  4.644584e-04 
 6.355160e-01  4.889236e-04 
 6.359180e-01  5.142867e-04 
 6.363201e-01  5.400331e-04 
 6.367221e-01  5.663516e-04 
 6.371241e-01  5.927452e-04 
 6.375261e-01  6.191910e-04 
 6.379281e-01  6.462980e-04 
 6.383301e-01  6.735312e-04 
 6.387322e-01  7.016043e-04 
 6.391342e-01  7.306637e-04 
 6.395362e-01  7.602634e-04 
 6.399382e-01  7.910012e-04 
 6.403402e-01  8.207038e-04 
 6.407422e-01  8.532231e-04 
 6.411442e-01  8.868688e-04 
 6.415462e-01  9.214826e-04 
 6.419482e-01  9.573433e-04 
 6.423502e-01  9.932835e-04 
 6.427523e-01  1.029376e-03 
 6.431543e-01  1.064535e-03 
 6.435563e-01  1.097702e-03 
 6.439583e-01  1.128216e-03 
 6.443603e-01  1.155470e-03 
 6.447623e-01  1.179192e-03 
 6.451644e-01  1.198723e-03 
 6.455664e-01  1.214670e-03 
 6.459684e-01  1.227553e-03 
 6.463704e-01  1.238597e-03 
 6.467724e-01  1.248303e-03 
 6.471744e-01  1.257405e-03 
 6.475764e-01  1.266240e-03 
 6.479785e-01  1.274806e-03 
 6.483805e-01  1.281953e-03 
 6.487825e-01  1.286363e-03 
 6.491845e-01  1.287182e-03 
 6.495865e-01  1.284601e-03 
 6.499885e-01  1.275197e-03 
 6.503906e-01  1.260455e-03 
 6.507926e-01  1.240637e-03 
 6.511946e-01  1.216399e-03 
 6.515966e-01  1.188914e-03 
 6.519987e-01  1.159418e-03 
 6.524007e-01  1.126080e-03 
 6.528027e-01  1.095933e-03 
 6.532047e-01  1.063629e-03 
 6.536068e-01  1.031422e-03 
 6.540104e-01  1.000355e-03 
 6.544142e-01  9.711119e-04 
 6.548180e-01  9.440504e-04 
 6.552218e-01  9.188504e-04 
 6.556256e-01  8.955081e-04 
 6.560294e-01  8.740627e-04 
 6.564332e-01  8.544791e-04 
 6.568370e-01  8.363202e-04 
 6.572408e-01  8.193750e-04 
 6.576446e-01  8.030124e-04 
 6.580485e-01  7.875128e-04 
 6.584523e-01  7.729376e-04 
 6.588561e-01  7.590330e-04 
 6.592599e-01  7.466845e-04 
 6.596637e-01  7.362956e-04 
 6.600676e-01  7.286154e-04 
 6.604714e-01  7.241578e-04 
 6.608752e-01  7.229943e-04 
 6.612790e-01  7.255606e-04 
 6.616829e-01  7.316499e-04 
 6.620867e-01  7.409755e-04 
 6.624905e-01  7.526018e-04 
 6.628943e-01  7.660074e-04 
 6.632981e-01  7.805343e-04 
 6.637019e-01  7.951280e-04 
 6.641058e-01  8.098950e-04 
 6.645096e-01  8.245307e-04 
 6.649134e-01  8.387214e-04 
 6.653172e-01  8.512206e-04 
 6.657210e-01  8.624959e-04 
 6.661248e-01  8.720185e-04 
 6.665286e-01  8.800724e-04 
 6.669324e-01  8.870542e-04 
 6.673362e-01  8.935445e-04 
 6.677400e-01  8.988822e-04 
 6.681438e-01  9.031208e-04 
 6.685477e-01  9.061540e-04 
 6.689515e-01  9.069587e-04 
 6.693553e-01  9.050704e-04 
 6.697591e-01  8.981225e-04 
 6.701629e-01  8.894019e-04 
 6.705667e-01  8.770418e-04 
 6.709705e-01  8.621367e-04 
 6.713743e-01  8.446033e-04 
 6.717781e-01  8.254826e-04 
 6.721819e-01  8.061349e-04 
 6.725857e-01  7.870218e-04 
 6.729895e-01  7.689649e-04 
 6.733933e-01  7.522709e-04 
 6.737972e-01  7.362430e-04 
 6.742009e-01  7.204187e-04 
 6.746047e-01  7.047344e-04 
 6.750085e-01  6.878472e-04 
 6.754123e-01  6.695002e-04 
 6.758161e-01  6.492913e-04 
 6.762199e-01  6.270525e-04 
 6.766237e-01  6.032990e-04 
 6.770275e-01  5.803198e-04 
 6.774313e-01  5.566147e-04 
 6.778350e-01  5.339701e-04 
 6.782370e-01  5.131665e-04 
 6.786390e-01  4.920850e-04 
 6.790410e-01  4.752064e-04 
 6.794430e-01  4.609383e-04 
 6.798450e-01  4.486262e-04 
 6.802470e-01  4.379375e-04 
 6.806490e-01  4.288091e-04 
 6.810510e-01  4.207827e-04 
 6.814530e-01  4.138660e-04 
 6.818550e-01  4.078494e-04 
 6.822570e-01  4.028148e-04 
 6.826590e-01  3.978823e-04 
 6.830610e-01  3.921995e-04 
 6.834630e-01  3.850379e-04 
 6.838649e-01  3.754636e-04 
 6.842669e-01  3.630784e-04 
 6.846689e-01  3.479037e-04 
 6.850709e-01  3.300413e-04 
 6.854729e-01  3.103016e-04 
 6.858749e-01  2.898675e-04 
 6.862769e-01  2.693750e-04 
 6.866789e-01  2.492504e-04 
 6.870809e-01  2.303911e-04 
 6.874829e-01  2.155389e-04 
 6.878849e-01  1.958913e-04 
 6.882869e-01  1.787418e-04 
 6.886889e-01  1.615338e-04 
 6.890909e-01  1.433589e-04 
 6.894930e-01  1.257128e-04 
 6.898950e-01  1.044037e-04 
 6.902970e-01  8.059916e-05 
 6.906990e-01  5.416825e-05 
 6.911010e-01  2.579823e-05 
 6.915030e-01 -4.573123e-06 
 6.919051e-01 -3.602876e-05 
 6.923071e-01 -6.845939e-05 
 6.927091e-01 -1.010845e-04 
 6.931111e-01 -1.336788e-04 
 6.935131e-01 -1.660780e-04 
 6.939152e-01 -1.981542e-04 
 6.943172e-01 -2.307219e-04 
 6.947192e-01 -2.631744e-04 
 6.951212e-01 -2.958156e-04 
 6.955232e-01 -3.286213e-04 
 6.959252e-01 -3.614959e-04 
 6.963273e-01 -3.948393e-04 
 6.967293e-01 -4.279120e-04 
 6.971313e-01 -4.603049e-04 
 6.975333e-01 -4.911135e-04 
 6.979353e-01 -5.201669e-04 
 6.983390e-01 -5.476528e-04 
 6.987428e-01 -5.734336e-04 
 6.991466e-01 -5.976028e-04 
 6.995504e-01 -6.196755e-04 
 6.999541e-01 -6.397650e-04 
 7.003579e-01 -6.578774e-04 
 7.007617e-01 -6.738936e-04 
 7.011655e-01 -6.875458e-04 
 7.015693e-01 -6.982010e-04 
 7.019731e-01 -7.062918e-04 
 7.023769e-01 -7.116523e-04 
 7.027807e-01 -7.143187e-04 
 7.031845e-01 -7.149606e-04 
 7.035883e-01 -7.132152e-04 
 7.039921e-01 -7.087527e-04 
 7.043959e-01 -7.017105e-04 
 7.047997e-01 -6.916262e-04 
 7.052035e-01 -6.775117e-04 
 7.056073e-01 -6.602527e-04 
 7.060111e-01 -6.397615e-04 
 7.064149e-01 -6.167319e-04 
 7.068187e-01 -5.922703e-04 
 7.072225e-01 -5.669016e-04 
 7.076263e-01 -5.411755e-04 
 7.080301e-01 -5.159470e-04 
 7.084338e-01 -4.914252e-04 
 7.088376e-01 -4.684813e-04 
 7.092414e-01 -4.514547e-04 
 7.096452e-01 -4.341379e-04 
 7.100490e-01 -4.208161e-04 
 7.104511e-01 -4.118271e-04 
 7.108531e-01 -4.077882e-04 
 7.112551e-01 -4.083831e-04 
 7.116571e-01 -4.128703e-04 
 7.120592e-01 -4.205425e-04 
 7.124612e-01 -4.307568e-04 
 7.128632e-01 -4.431635e-04 
 7.132652e-01 -4.568377e-04 
 7.136673e-01 -4.713368e-04 
 7.140693e-01 -4.863175e-04 
 7.144713e-01 -5.016913e-04 
 7.148733e-01 -5.176102e-04 
 7.152754e-01 -5.344225e-04 
 7.156774e-01 -5.522065e-04 
 7.160794e-01 -5.715355e-04 
 7.164814e-01 -5.918298e-04 
 7.168834e-01 -6.130452e-04 
 7.172855e-01 -6.350338e-04 
 7.176875e-01 -6.563248e-04 
 7.180895e-01 -6.762109e-04 
 7.184915e-01 -6.937105e-04 
 7.188935e-01 -7.079851e-04 
 7.192955e-01 -7.184597e-04 
 7.196975e-01 -7.251867e-04 
 7.200995e-01 -7.283965e-04 
 7.205015e-01 -7.279532e-04 
 7.209035e-01 -7.205425e-04 
 7.213055e-01 -7.137303e-04 
 7.217075e-01 -7.045031e-04 
 7.221095e-01 -6.934506e-04 
 7.225115e-01 -6.806789e-04 
 7.229135e-01 -6.671912e-04 
 7.233155e-01 -6.532157e-04 
 7.237175e-01 -6.394946e-04 
 7.241195e-01 -6.264619e-04 
 7.245215e-01 -6.137033e-04 
 7.249235e-01 -6.016649e-04 
 7.253255e-01 -5.893926e-04 
 7.257275e-01 -5.766532e-04 
 7.261294e-01 -5.635580e-04 
 7.265315e-01 -5.493141e-04 
 7.269335e-01 -5.339218e-04 
 7.273355e-01 -5.166923e-04 
 7.277375e-01 -4.981798e-04 
 7.281395e-01 -4.787907e-04 
 7.285415e-01 -4.602195e-04 
 7.289435e-01 -4.432304e-04 
 7.293455e-01 -4.282150e-04 
 7.297475e-01 -4.159242e-04 
 7.301495e-01 -4.061196e-04 
 7.305531e-01 -3.981995e-04 
 7.309570e-01 -3.922796e-04 
 7.313608e-01 -3.878140e-04 
 7.317646e-01 -3.844251e-04 
 7.321685e-01 -3.812383e-04 
 7.325723e-01 -3.771704e-04 
 7.329761e-01 -3.717779e-04 
 7.333800e-01 -3.647528e-04 
 7.337838e-01 -3.562287e-04 
 7.341876e-01 -3.459503e-04 
 7.345897e-01 -3.347036e-04 
 7.349917e-01 -3.225296e-04 
 7.353937e-01 -3.099889e-04 
 7.357957e-01 -2.976948e-04 
 7.361978e-01 -2.857582e-04 
 7.365998e-01 -2.740769e-04 
 7.370018e-01 -2.625211e-04 
 7.374039e-01 -2.508152e-04 
 7.378059e-01 -2.382381e-04 
 7.382079e-01 -2.244016e-04 
 7.386116e-01 -2.087573e-04 
 7.390154e-01 -1.907511e-04 
 7.394191e-01 -1.704287e-04 
 7.398229e-01 -1.481980e-04 
 7.402267e-01 -1.246168e-04 
 7.406305e-01 -9.972393e-05 
 7.410343e-01 -7.421874e-05 
 7.414381e-01 -4.868384e-05 
 7.418419e-01 -2.317849e-05 
 7.422457e-01  2.364393e-06 
 7.426477e-01  2.796839e-05 
 7.430498e-01  5.431558e-05 
 7.434518e-01  8.184228e-05 
 7.438538e-01  1.106578e-04 
 7.442559e-01  1.409621e-04 
 7.446579e-01  1.729368e-04 
 7.450599e-01  2.063900e-04 
 7.454620e-01  2.418365e-04 
 7.458640e-01  2.790501e-04 
 7.462660e-01  3.180389e-04 
 7.466681e-01  3.591849e-04 
 7.470701e-01  4.021944e-04 
 7.474721e-01  4.469756e-04 
 7.478741e-01  4.926720e-04 
 7.482762e-01  5.380020e-04 
 7.486782e-01  5.818686e-04 
 7.490802e-01  6.235423e-04 
 7.494822e-01  6.625544e-04 
 7.498843e-01  6.989567e-04 
 7.502863e-01  7.327501e-04 
 7.506883e-01  7.645572e-04 
 7.510903e-01  7.923590e-04 
 7.514923e-01  8.212180e-04 
 7.518944e-01  8.501428e-04 
 7.522964e-01  8.795855e-04 
 7.526984e-01  9.101275e-04 
 7.531004e-01  9.416555e-04 
 7.535024e-01  9.758408e-04 
 7.539045e-01  1.006450e-03 
 7.543065e-01  1.034950e-03 
 7.547085e-01  1.059868e-03 
 7.551105e-01  1.079957e-03 
 7.555125e-01  1.094554e-03 
 7.559145e-01  1.103240e-03 
 7.563165e-01  1.105462e-03 
 7.567185e-01  1.102117e-03 
 7.571205e-01  1.094282e-03 
 7.575225e-01  1.082717e-03 
 7.579245e-01  1.066298e-03 
 7.583265e-01  1.051361e-03 
 7.587285e-01  1.039291e-03 
 7.591305e-01  1.025108e-03 
 7.595325e-01  1.011904e-03 
 7.599345e-01  1.000064e-03 
 7.603365e-01  9.898897e-04 
 7.607385e-01  9.809131e-04 
 7.611405e-01  9.734226e-04 
 7.615425e-01  9.676877e-04 
 7.619444e-01  9.640880e-04 
 7.623464e-01  9.627985e-04 
 7.627484e-01  9.634557e-04 
 7.631504e-01  9.660465e-04 
 7.635524e-01  9.701841e-04 
 7.639544e-01  9.753578e-04 
 7.643564e-01  9.815374e-04 
 7.647585e-01  9.890274e-04 
 7.651605e-01  9.980184e-04 
 7.655625e-01  1.008446e-03 
 7.659645e-01  1.020660e-03 
 7.663665e-01  1.034597e-03 
 7.667701e-01  1.050512e-03 
 7.671739e-01  1.067162e-03 
 7.675777e-01  1.082233e-03 
 7.679815e-01  1.099714e-03 
 7.683853e-01  1.118588e-03 
 7.687891e-01  1.134472e-03 
 7.691928e-01  1.148206e-03 
 7.695966e-01  1.159175e-03 
 7.700004e-01  1.166711e-03 
 7.704042e-01  1.170566e-03 
 7.708080e-01  1.170483e-03 
 7.712119e-01  1.166738e-03 
 7.716157e-01  1.159201e-03 
 7.720195e-01  1.147624e-03 
 7.724233e-01  1.132570e-03 
 7.728271e-01  1.113420e-03 
 7.732309e-01  1.091001e-03 
 7.736347e-01  1.065786e-03 
 7.740385e-01  1.037328e-03 
 7.744424e-01  1.006558e-03 
 7.748462e-01  9.733419e-04 
 7.752500e-01  9.375280e-04 
 7.756538e-01  8.999211e-04 
 7.760576e-01  8.608442e-04 
 7.764614e-01  8.203489e-04 
 7.768652e-01  7.794086e-04 
 7.772690e-01  7.385248e-04 
 7.776728e-01  6.982862e-04 
 7.780766e-01  6.596231e-04 
 7.784804e-01  6.237395e-04 
 7.788842e-01  5.909521e-04 
 7.792880e-01  5.617902e-04 
 7.796918e-01  5.366948e-04 
 7.800956e-01  5.159333e-04 
 7.804994e-01  4.994426e-04 
 7.809032e-01  4.866997e-04 
 7.813070e-01  4.772869e-04 
 7.817108e-01  4.698364e-04 
 7.821146e-01  4.638437e-04 
 7.825184e-01  4.586586e-04 
 7.829222e-01  4.541550e-04 
 7.833260e-01  4.507828e-04 
 7.837298e-01  4.478249e-04 
 7.841336e-01  4.459150e-04 
 7.845374e-01  4.452168e-04 
 7.849412e-01  4.457906e-04 
 7.853450e-01  4.471741e-04 
 7.857488e-01  4.492839e-04 
 7.861526e-01  4.523433e-04 
 7.865564e-01  4.559207e-04 
 7.869584e-01  4.603108e-04 
 7.873604e-01  4.656923e-04 
 7.877624e-01  4.714700e-04 
 7.881644e-01  4.776048e-04 
 7.885664e-01  4.832231e-04 
 7.889684e-01  4.873458e-04 
 7.893704e-01  4.897280e-04 
 7.897724e-01  4.892169e-04 
 7.901744e-01  4.856286e-04 
 7.905764e-01  4.797271e-04 
 7.909784e-01  4.714084e-04 
 7.913804e-01  4.600559e-04 
 7.917824e-01  4.483402e-04 
 7.921844e-01  4.359020e-04 
 7.925865e-01  4.237975e-04 
 7.929885e-01  4.130261e-04 
 7.933905e-01  4.042676e-04 
 7.937925e-01  3.977706e-04 
 7.941945e-01  3.931622e-04 
 7.945966e-01  3.896410e-04 
 7.949986e-01  3.888285e-04 
 7.954006e-01  3.848262e-04 
 7.958026e-01  3.796831e-04 
 7.962047e-01  3.723848e-04 
 7.966067e-01  3.625778e-04 
 7.970087e-01  3.504351e-04 
 7.974107e-01  3.358343e-04 
 7.978127e-01  3.191083e-04 
 7.982148e-01  3.008048e-04 
 7.986168e-01  2.815715e-04 
 7.990188e-01  2.615660e-04 
 7.994209e-01  2.410000e-04 
 7.998229e-01  2.197814e-04 
 8.002249e-01  1.981236e-04 
 8.006269e-01  1.760335e-04 
 8.010290e-01  1.539016e-04 
 8.014310e-01  1.317386e-04 
 8.018330e-01  1.096262e-04 
 8.022350e-01  8.793005e-05 
 8.026371e-01  6.714580e-05 
 8.030391e-01  4.737944e-05 
 8.034411e-01  2.861764e-05 
 8.038431e-01  1.057654e-05 
 8.042451e-01 -7.098698e-06 
 8.046471e-01 -2.434330e-05 
 8.050491e-01 -4.085422e-05 
 8.054511e-01 -5.636369e-05 
 8.058531e-01 -7.021686e-05 
 8.062551e-01 -8.191326e-05 
 8.066571e-01 -9.133150e-05 
 8.070607e-01 -9.773523e-05 
 8.074645e-01 -1.011294e-04 
 8.078683e-01 -1.017885e-04 
 8.082722e-01 -9.983884e-05 
 8.086760e-01 -9.578043e-05 
 8.090798e-01 -9.022970e-05 
 8.094836e-01 -8.407029e-05 
 8.098874e-01 -7.777030e-05 
 8.102912e-01 -7.144162e-05 
 8.106950e-01 -6.538943e-05 
 8.110988e-01 -5.966702e-05 
 8.115027e-01 -5.447492e-05 
 8.119065e-01 -4.924437e-05 
 8.123103e-01 -4.417743e-05 
 8.127141e-01 -3.985846e-05 
 8.131179e-01 -3.628422e-05 
 8.135217e-01 -3.414999e-05 
 8.139256e-01 -3.404554e-05 
 8.143294e-01 -3.682887e-05 
 8.147332e-01 -4.278868e-05 
 8.151370e-01 -5.228670e-05 
 8.155408e-01 -6.569179e-05 
 8.159447e-01 -8.339694e-05 
 8.163485e-01 -1.049796e-04 
 8.167523e-01 -1.300995e-04 
 8.171561e-01 -1.580279e-04 
 8.175599e-01 -1.875671e-04 
 8.179638e-01 -2.173312e-04 
 8.183676e-01 -2.463221e-04 
 8.187714e-01 -2.740647e-04 
 8.191752e-01 -3.002649e-04 
 8.195791e-01 -3.249085e-04 
 8.199829e-01 -3.484437e-04 
 8.203867e-01 -3.716510e-04 
 8.207906e-01 -3.945845e-04 
 8.211944e-01 -4.170826e-04 
 8.215982e-01 -4.391980e-04 
 8.220021e-01 -4.603202e-04 
 8.224059e-01 -4.801525e-04 
 8.228097e-01 -4.981419e-04 
 8.232117e-01 -5.139431e-04 
 8.236137e-01 -5.269397e-04 
 8.240157e-01 -5.367786e-04 
 8.244177e-01 -5.435684e-04 
 8.248197e-01 -5.465135e-04 
 8.252217e-01 -5.454196e-04 
 8.256236e-01 -5.404290e-04 
 8.260256e-01 -5.317145e-04 
 8.264276e-01 -5.196116e-04 
 8.268296e-01 -5.043499e-04 
 8.272316e-01 -4.861713e-04 
 8.276336e-01 -4.659331e-04 
 8.280356e-01 -4.440292e-04 
 8.284376e-01 -4.214252e-04 
 8.288396e-01 -3.989722e-04 
 8.292416e-01 -3.776468e-04 
 8.296436e-01 -3.581931e-04 
 8.300456e-01 -3.412176e-04 
 8.304476e-01 -3.268077e-04 
 8.308496e-01 -3.150020e-04 
 8.312516e-01 -3.046085e-04 
 8.316536e-01 -2.988149e-04 
 8.320557e-01 -2.897762e-04 
 8.324577e-01 -2.806618e-04 
 8.328597e-01 -2.714859e-04 
 8.332617e-01 -2.624969e-04 
 8.336637e-01 -2.540061e-04 
 8.340657e-01 -2.464217e-04 
 8.344678e-01 -2.400171e-04 
 8.348698e-01 -2.349826e-04 
 8.352718e-01 -2.317520e-04 
 8.356738e-01 -2.302208e-04 
 8.360758e-01 -2.300782e-04 
 8.364778e-01 -2.311031e-04 
 8.368798e-01 -2.338134e-04 
 8.372818e-01 -2.374267e-04 
 8.376837e-01 -2.406817e-04 
 8.380857e-01 -2.428855e-04 
 8.384877e-01 -2.433033e-04 
 8.388897e-01 -2.415854e-04 
 8.392918e-01 -2.371178e-04 
 8.396938e-01 -2.303854e-04 
 8.400958e-01 -2.220526e-04 
 8.404979e-01 -2.122886e-04 
 8.408999e-01 -2.022990e-04 
 8.413019e-01 -1.929290e-04 
 8.417040e-01 -1.825747e-04 
 8.421060e-01 -1.759986e-04 
 8.425080e-01 -1.704565e-04 
 8.429101e-01 -1.661232e-04 
 8.433121e-01 -1.627685e-04 
 8.437141e-01 -1.593626e-04 
 8.441161e-01 -1.553751e-04 
 8.445181e-01 -1.504736e-04 
 8.449202e-01 -1.446306e-04 
 8.453222e-01 -1.370830e-04 
 8.457242e-01 -1.278742e-04 
 8.461262e-01 -1.165183e-04 
 8.465283e-01 -1.028263e-04 
 8.469303e-01 -8.693509e-05 
 8.473339e-01 -6.919624e-05 
 8.477377e-01 -4.976312e-05 
 8.481415e-01 -2.905519e-05 
 8.485453e-01 -7.144472e-06 
 8.489491e-01  1.538095e-05 
 8.493529e-01  3.884847e-05 
 8.497567e-01  6.327628e-05 
 8.501605e-01  8.883760e-05 
 8.505643e-01  1.163306e-04 
 8.509681e-01  1.460823e-04 
 8.513719e-01  1.785236e-04 
 8.517757e-01  2.138414e-04 
 8.521795e-01  2.513748e-04 
 8.525833e-01  2.906794e-04 
 8.529871e-01  3.307240e-04 
 8.533909e-01  3.709883e-04 
 8.537947e-01  4.105392e-04 
 8.541985e-01  4.488008e-04 
 8.546023e-01  4.848535e-04 
 8.550061e-01  5.177519e-04 
 8.554081e-01  5.470264e-04 
 8.558101e-01  5.726916e-04 
 8.562121e-01  5.949381e-04 
 8.566141e-01  6.136243e-04 
 8.570162e-01  6.294295e-04 
 8.574182e-01  6.421777e-04 
 8.578202e-01  6.529769e-04 
 8.582222e-01  6.623100e-04 
 8.586242e-01  6.717853e-04 
 8.590262e-01  6.813000e-04 
 8.594300e-01  6.917733e-04 
 8.598341e-01  7.027525e-04 
 8.602381e-01  7.140841e-04 
 8.606421e-01  7.248418e-04 
 8.610461e-01  7.336059e-04 
 8.614501e-01  7.396979e-04 
 8.618541e-01  7.423350e-04 
 8.622582e-01  7.416671e-04 
 8.626622e-01  7.383705e-04 
 8.630662e-01  7.333658e-04 
 8.634682e-01  7.281561e-04 
 8.638702e-01  7.230701e-04 
 8.642722e-01  7.193017e-04 
 8.646742e-01  7.175965e-04 
 8.650762e-01  7.188711e-04 
 8.654782e-01  7.238492e-04 
 8.658802e-01  7.328270e-04 
 8.662822e-01  7.465384e-04 
 8.666842e-01  7.648999e-04 
 8.670862e-01  7.874755e-04 
 8.674898e-01  8.134191e-04 
 8.678937e-01  8.428154e-04 
 8.682975e-01  8.741114e-04 
 8.687013e-01  9.063870e-04 
 8.691051e-01  9.390659e-04 
 8.695089e-01  9.705975e-04 
 8.699127e-01  1.000486e-03 
 8.703165e-01  1.026320e-03 
 8.707203e-01  1.050422e-03 
 8.711241e-01  1.071169e-03 
 8.715279e-01  1.089932e-03 
 8.719317e-01  1.106714e-03 
 8.723355e-01  1.121979e-03 
 8.727393e-01  1.137441e-03 
 8.731431e-01  1.151654e-03 
 8.735470e-01  1.165341e-03 
 8.739508e-01  1.176614e-03 
 8.743546e-01  1.185323e-03 
 8.747584e-01  1.190510e-03 
 8.751622e-01  1.191660e-03 
 8.755642e-01  1.187847e-03 
 8.759662e-01  1.178846e-03 
 8.763682e-01  1.165278e-03 
 8.767703e-01  1.146702e-03 
 8.771723e-01  1.124368e-03 
 8.775743e-01  1.097882e-03 
 8.779763e-01  1.068555e-03 
 8.783783e-01  1.036759e-03 
 8.787803e-01  1.003207e-03 
 8.791823e-01  9.694488e-04 
 8.795843e-01  9.350761e-04 
 8.799864e-01  9.014769e-04 
 8.803884e-01  8.682388e-04 
 8.807904e-01  8.374808e-04 
 8.811924e-01  8.051961e-04 
 8.815944e-01  7.733439e-04 
 8.819964e-01  7.418221e-04 
 8.823984e-01  7.108996e-04 
 8.828005e-01  6.803917e-04 
 8.832025e-01  6.508457e-04 
 8.836045e-01  6.221154e-04 
 8.840065e-01  5.951282e-04 
 8.844085e-01  5.703062e-04 
 8.848106e-01  5.478660e-04 
 8.852126e-01  5.276212e-04 
 8.856146e-01  5.103068e-04 
 8.860166e-01  4.954833e-04 
 8.864186e-01  4.831391e-04 
 8.868206e-01  4.728894e-04 
 8.872227e-01  4.645480e-04 
 8.876263e-01  4.579729e-04 
 8.880301e-01  4.530005e-04 
 8.884339e-01  4.492501e-04 
 8.888378e-01  4.466405e-04 
 8.892416e-01  4.442410e-04 
 8.896454e-01  4.416777e-04 
 8.900492e-01  4.382209e-04 
 8.904530e-01  4.340327e-04 
 8.908569e-01  4.291130e-04 
 8.912607e-01  4.246755e-04 
 8.916627e-01  4.212991e-04 
 8.920647e-01  4.199736e-04 
 8.924667e-01  4.180744e-04 
 8.928688e-01  4.216080e-04 
 8.932708e-01  4.273452e-04 
 8.936728e-01  4.343427e-04 
 8.940748e-01  4.437956e-04 
 8.944769e-01  4.504565e-04 
 8.948789e-01  4.556255e-04 
 8.952809e-01  4.583912e-04 
 8.956829e-01  4.580554e-04 
 8.960850e-01  4.542862e-04 
 8.964870e-01  4.473749e-04 
 8.968890e-01  4.370612e-04 
 8.972911e-01  4.246187e-04 
 8.976931e-01  4.101612e-04 
 8.980951e-01  3.943679e-04 
 8.984972e-01  3.777816e-04 
 8.988992e-01  3.612356e-04 
 8.993012e-01  3.418894e-04 
 8.997033e-01  3.270748e-04 
 9.001053e-01  3.135142e-04 
 9.005073e-01  3.014599e-04 
 9.009093e-01  2.906971e-04 
 9.013113e-01  2.832664e-04 
 9.017133e-01  2.720600e-04 
 9.021154e-01  2.594045e-04 
 9.025174e-01  2.444156e-04 
 9.029194e-01  2.269020e-04 
 9.033214e-01  2.075438e-04 
 9.037234e-01  1.872700e-04 
 9.041255e-01  1.675345e-04 
 9.045275e-01  1.486815e-04 
 9.049295e-01  1.311823e-04 
 9.053316e-01  1.152248e-04 
 9.057336e-01  1.010865e-04 
 9.061356e-01  8.853518e-05 
 9.065377e-01  7.813922e-05 
 9.069397e-01  6.991642e-05 
 9.073417e-01  6.419431e-05 
 9.077437e-01  6.097539e-05 
 9.081457e-01  5.982925e-05 
 9.085477e-01  6.030750e-05 
 9.089497e-01  6.213065e-05 
 9.093517e-01  6.500053e-05 
 9.097537e-01  6.837392e-05 
 9.101557e-01  7.195826e-05 
 9.105577e-01  7.530602e-05 
 9.109597e-01  7.499891e-05 
 9.113617e-01  7.705115e-05 
 9.117637e-01  7.882935e-05 
 9.121658e-01  8.050863e-05 
 9.125678e-01  8.237589e-05 
 9.129698e-01  8.419598e-05 
 9.133719e-01  8.599012e-05 
 9.137739e-01  8.747463e-05 
 9.141759e-01  9.150571e-05 
 9.145779e-01  9.194117e-05 
 9.149800e-01  9.064599e-05 
 9.153820e-01  8.836392e-05 
 9.157840e-01  8.495075e-05 
 9.161860e-01  8.082680e-05 
 9.165880e-01  7.669050e-05 
 9.169901e-01  7.250728e-05 
 9.173921e-01  6.827262e-05 
 9.177941e-01  6.297750e-05 
 9.181961e-01  5.637758e-05 
 9.185981e-01  4.475331e-05 
 9.190001e-01  3.469805e-05 
 9.194022e-01  2.171348e-05 
 9.198042e-01  6.173297e-06 
 9.202062e-01 -8.509328e-06 
 9.206082e-01 -2.828748e-05 
 9.210102e-01 -5.005058e-05 
 9.214122e-01 -7.390757e-05 
 9.218142e-01 -9.911830e-05 
 9.222162e-01 -1.258980e-04 
 9.226182e-01 -1.539740e-04 
 9.230202e-01 -1.830126e-04 
 9.234222e-01 -2.125423e-04 
 9.238242e-01 -2.413948e-04 
 9.242262e-01 -2.688750e-04 
 9.246282e-01 -2.947417e-04 
 9.250302e-01 -3.185269e-04 
 9.254322e-01 -3.402029e-04 
 9.258342e-01 -3.595484e-04 
 9.262361e-01 -3.774169e-04 
 9.266381e-01 -3.945280e-04 
 9.270401e-01 -4.117834e-04 
 9.274421e-01 -4.298446e-04 
 9.278457e-01 -4.491784e-04 
 9.282495e-01 -4.689913e-04 
 9.286533e-01 -4.885078e-04 
 9.290571e-01 -5.066882e-04 
 9.294609e-01 -5.228426e-04 
 9.298647e-01 -5.361132e-04 
 9.302685e-01 -5.463226e-04 
 9.306723e-01 -5.532512e-04 
 9.310761e-01 -5.572736e-04 
 9.314799e-01 -5.579172e-04 
 9.318836e-01 -5.559696e-04 
 9.322874e-01 -5.512501e-04 
 9.326912e-01 -5.446927e-04 
 9.330950e-01 -5.364928e-04 
 9.334988e-01 -5.268978e-04 
 9.339026e-01 -5.163893e-04 
 9.343064e-01 -5.056326e-04 
 9.347102e-01 -4.948592e-04 
 9.351140e-01 -4.846590e-04 
 9.355177e-01 -4.748650e-04 
 9.359198e-01 -4.655898e-04 
 9.363218e-01 -4.567028e-04 
 9.367238e-01 -4.476543e-04 
 9.371258e-01 -4.385828e-04 
 9.375279e-01 -4.289238e-04 
 9.379299e-01 -4.186156e-04 
 9.383319e-01 -4.076208e-04 
 9.387339e-01 -3.966506e-04 
 9.391360e-01 -3.862127e-04 
 9.395380e-01 -3.775084e-04 
 9.399400e-01 -3.706740e-04 
 9.403420e-01 -3.663030e-04 
 9.407440e-01 -3.643775e-04 
 9.411460e-01 -3.643827e-04 
 9.415480e-01 -3.663789e-04 
 9.419500e-01 -3.704622e-04 
 9.423520e-01 -3.766023e-04 
 9.427541e-01 -3.840473e-04 
 9.431561e-01 -3.928967e-04 
 9.435581e-01 -4.029958e-04 
 9.439601e-01 -4.135142e-04 
 9.443621e-01 -4.230045e-04 
 9.447641e-01 -4.300153e-04 
 9.451662e-01 -4.343153e-04 
 9.455682e-01 -4.352517e-04 
 9.459702e-01 -4.330409e-04 
 9.463722e-01 -4.278488e-04 
 9.467742e-01 -4.200409e-04 
 9.471763e-01 -4.104248e-04 
 9.475783e-01 -3.988340e-04 
 9.479802e-01 -3.860859e-04 
 9.483822e-01 -3.718016e-04 
 9.487842e-01 -3.561284e-04 
 9.491862e-01 -3.388463e-04 
 9.495881e-01 -3.201312e-04 
 9.499901e-01 -3.002214e-04 
 9.503921e-01 -2.794307e-04 
 9.507941e-01 -2.573067e-04 
 9.511960e-01 -2.342186e-04 
 9.515980e-01 -2.098060e-04 
 9.520000e-01 -1.844722e-04 
 9.524020e-01 -1.588756e-04 
 9.528040e-01 -1.330005e-04 
 9.532060e-01 -1.071037e-04 
 9.536080e-01 -8.152386e-05 
 9.540099e-01 -5.661894e-05 
 9.544119e-01 -3.289147e-05 
 9.548139e-01 -1.092615e-05 
 9.552159e-01  8.946943e-06 
 9.556179e-01  2.671377e-05 
 9.560199e-01  4.251732e-05 
 9.564219e-01  5.714794e-05 
 9.568239e-01  7.147264e-05 
 9.572259e-01  8.650546e-05 
 9.576279e-01  1.035547e-04 
 9.580299e-01  1.190129e-04 
 9.584319e-01  1.403369e-04 
 9.588339e-01  1.630176e-04 
 9.592359e-01  1.862911e-04 
 9.596379e-01  2.092879e-04 
 9.600400e-01  2.309543e-04 
 9.604420e-01  2.506901e-04 
 9.608440e-01  2.696762e-04 
 9.612460e-01  2.830848e-04 
 9.616480e-01  2.927829e-04 
 9.620500e-01  2.990382e-04 
 9.624521e-01  3.022099e-04 
 9.628541e-01  3.032420e-04 
 9.632561e-01  3.024480e-04 
 9.636581e-01  3.008778e-04 
 9.640601e-01  2.993717e-04 
 9.644622e-01  2.988073e-04 
 9.648642e-01  2.997267e-04 
 9.652662e-01  3.025825e-04 
 9.656683e-01  3.077481e-04 
 9.660703e-01  3.147586e-04 
 9.664723e-01  3.223561e-04 
 9.668743e-01  3.299914e-04 
 9.672764e-01  3.364470e-04 
 9.676784e-01  3.406901e-04 
 9.680804e-01  3.413533e-04 
 9.684825e-01  3.382668e-04 
 9.688845e-01  3.319822e-04 
 9.692865e-01  3.230570e-04 
 9.696886e-01  3.127198e-04 
 9.700906e-01  3.027109e-04 
 9.704926e-01  2.939252e-04 
 9.708947e-01  2.875374e-04 
 9.712967e-01  2.843652e-04 
 9.716987e-01  2.850813e-04 
 9.721024e-01  2.898916e-04 
 9.725062e-01  2.984810e-04 
 9.729100e-01  3.107149e-04 
 9.733139e-01  3.261638e-04 
 9.737177e-01  3.447942e-04 
 9.741215e-01  3.655537e-04 
 9.745253e-01  3.873704e-04 
 9.749291e-01  4.097635e-04 
 9.753330e-01  4.317988e-04 
 9.757368e-01  4.529988e-04 
 9.761406e-01  4.731552e-04 
 9.765444e-01  4.918755e-04 
 9.769482e-01  5.098625e-04 
 9.773520e-01  5.275068e-04 
 9.777559e-01  5.454751e-04 
 9.781597e-01  5.638179e-04 
 9.785635e-01  5.830121e-04 
 9.789673e-01  6.031674e-04 
 9.793711e-01  6.240245e-04 
 9.797750e-01  6.450857e-04 
 9.801770e-01  6.656229e-04 
 9.805790e-01  6.847791e-04 
 9.809810e-01  7.011934e-04 
 9.813830e-01  7.142291e-04 
 9.817850e-01  7.233578e-04 
 9.821871e-01  7.285689e-04 
 9.825891e-01  7.298712e-04 
 9.829911e-01  7.272890e-04 
 9.833931e-01  7.210867e-04 
 9.837951e-01  7.114905e-04 
 9.841989e-01  6.986966e-04 
 9.846030e-01  6.835564e-04 
 9.850070e-01  6.670540e-04 
 9.854110e-01  6.501655e-04 
 9.858151e-01  6.334858e-04 
 9.862191e-01  6.177694e-04 
 9.866232e-01  6.030520e-04 
 9.870272e-01  5.890457e-04 
 9.874312e-01  5.752493e-04 
 9.878353e-01  5.612080e-04 
 9.882373e-01  5.470005e-04 
 9.886393e-01  5.330035e-04 
 9.890413e-01  5.198642e-04 
 9.894433e-01  5.088124e-04 
 9.898454e-01  5.010121e-04 
 9.902474e-01  4.974011e-04 
 9.906494e-01  4.978202e-04 
 9.910514e-01  5.022301e-04 
 9.914535e-01  5.103057e-04 
 9.918555e-01  5.214630e-04 
 9.922591e-01  5.351997e-04 
 9.926629e-01  5.509797e-04 
 9.930668e-01  5.679868e-04 
 9.934706e-01  5.855747e-04 
 9.938744e-01  6.020188e-04 
 9.942783e-01  6.198797e-04 
 9.946821e-01  6.375783e-04 
 9.950859e-01  6.546856e-04 
 9.954897e-01  6.709073e-04 
 9.958936e-01  6.857564e-04 
 9.962974e-01  6.985015e-04 
 9.967012e-01  7.092134e-04 
 9.971050e-01  7.180365e-04 
 9.975088e-01  7.252224e-04 
 9.979126e-01  7.309977e-04 
 9.983164e-01  7.358107e-04 
 9.987202e-01  7.397593e-04 
 9.991240e-01  7.425012e-04 
 9.995278e-01  7.437255e-04 
 9.999316e-01  7.426263e-04 
 1.000334e+00  7.385250e-04 
 1.000736e+00  7.313364e-04 
 1.001138e+00  7.210810e-04 
 1.001540e+00  7.081304e-04 
 1.001942e+00  6.929454e-04 
 1.002344e+00  6.756374e-04 
 1.002746e+00  6.566221e-04 
 1.003148e+00  6.361736e-04 
 1.003550e+00  6.145671e-04 
 1.003952e+00  5.923750e-04 
 1.004355e+00  5.701135e-04 
 1.004759e+00  5.485909e-04 
 1.005163e+00  5.309711e-04 
 1.005567e+00  5.121783e-04 
 1.005971e+00  4.948153e-04 
 1.006374e+00  4.788709e-04 
 1.006778e+00  4.641167e-04 
 1.007182e+00  4.499919e-04 
 1.007586e+00  4.365586e-04 
 1.007990e+00  4.233957e-04 
 1.008392e+00  4.098943e-04 
 1.008794e+00  3.958418e-04 
 1.009196e+00  3.812390e-04 
 1.009598e+00  3.668106e-04 
 1.010000e+00  3.530846e-04 
 1.010402e+00  3.407706e-04 
 1.010804e+00  3.304255e-04 
 1.011206e+00  3.219445e-04 
 1.011608e+00  3.150121e-04 
 1.012010e+00  3.093503e-04 
 1.012412e+00  3.049191e-04 
 1.012814e+00  3.013288e-04 
 1.013216e+00  2.980833e-04 
 1.013618e+00  2.951706e-04 
 1.014020e+00  2.925789e-04 
 1.014422e+00  2.904758e-04 
 1.014824e+00  2.887995e-04 
 1.015226e+00  2.871475e-04 
 1.015628e+00  2.852432e-04 
 1.016030e+00  2.826993e-04 
 1.016432e+00  2.798418e-04 
 1.016834e+00  2.767389e-04 
 1.017236e+00  2.738583e-04 
 1.017638e+00  2.712343e-04 
 1.018040e+00  2.687804e-04 
 1.018442e+00  2.664136e-04 
 1.018844e+00  2.642113e-04 
 1.019246e+00  2.622270e-04 
 1.019648e+00  2.601535e-04 
 1.020050e+00  2.577500e-04 
 1.020452e+00  2.547958e-04 
 1.020854e+00  2.513027e-04 
 1.021256e+00  2.470129e-04 
 1.021658e+00  2.420891e-04 
 1.022060e+00  2.361744e-04 
 1.022462e+00  2.294164e-04 
 1.022864e+00  2.221568e-04 
 1.023266e+00  2.120236e-04 
 1.023668e+00  2.038354e-04 
 1.024070e+00  1.951577e-04 
 1.024472e+00  1.859605e-04 
 1.024874e+00  1.751882e-04 
 1.025276e+00  1.625091e-04 
 1.025678e+00  1.482355e-04 
 1.026080e+00  1.316471e-04 
 1.026482e+00  1.130234e-04 
 1.026884e+00  9.480550e-05 
 1.027286e+00  7.195468e-05 
 1.027688e+00  4.699264e-05 
 1.028090e+00  2.005159e-05 
 1.028492e+00 -8.540465e-06 
 1.028894e+00 -3.809846e-05 
 1.029296e+00 -6.798869e-05 
 1.029698e+00 -9.728289e-05 
 1.030100e+00 -1.246178e-04 
 1.030502e+00 -1.492311e-04 
 1.030904e+00 -1.710527e-04 
 1.031306e+00 -1.901292e-04 
 1.031708e+00 -2.064641e-04 
 1.032110e+00 -2.205525e-04 
 1.032512e+00 -2.330066e-04 
 1.032914e+00 -2.446735e-04 
 1.033316e+00 -2.561626e-04 
 1.033718e+00 -2.675189e-04 
 1.034120e+00 -2.787435e-04 
 1.034522e+00 -2.897002e-04 
 1.034924e+00 -2.998004e-04 
 1.035326e+00 -3.086614e-04 
 1.035728e+00 -3.159080e-04 
 1.036130e+00 -3.217276e-04 
 1.036534e+00 -3.256288e-04 
 1.036938e+00 -3.275451e-04 
 1.037342e+00 -3.275585e-04 
 1.037745e+00 -3.259226e-04 
 1.038149e+00 -3.223062e-04 
 1.038553e+00 -3.164094e-04 
 1.038957e+00 -3.085807e-04 
 1.039361e+00 -2.991100e-04 
 1.039764e+00 -2.885606e-04 
 1.040168e+00 -2.783900e-04 
 1.040572e+00 -2.698187e-04 
 1.040976e+00 -2.636903e-04 
 1.041379e+00 -2.606643e-04 
 1.041783e+00 -2.612979e-04 
 1.042187e+00 -2.650833e-04 
 1.042591e+00 -2.714439e-04 
 1.042995e+00 -2.796070e-04 
 1.043398e+00 -2.888933e-04 
 1.043802e+00 -2.986155e-04 
 1.044206e+00 -3.086658e-04 
 1.044608e+00 -3.189669e-04 
 1.045010e+00 -3.291350e-04 
 1.045412e+00 -3.392727e-04 
 1.045814e+00 -3.494453e-04 
 1.046216e+00 -3.597674e-04 
 1.046618e+00 -3.705954e-04 
 1.047020e+00 -3.820013e-04 
 1.047422e+00 -3.941407e-04 
 1.047824e+00 -4.074063e-04 
 1.048226e+00 -4.215483e-04 
 1.048630e+00 -4.360621e-04 
 1.049034e+00 -4.506706e-04 
 1.049437e+00 -4.651973e-04 
 1.049841e+00 -4.784199e-04 
 1.050245e+00 -4.896812e-04 
 1.050649e+00 -4.982215e-04 
 1.051053e+00 -5.037615e-04 
 1.051457e+00 -5.057426e-04 
 1.051860e+00 -5.044687e-04 
 1.052264e+00 -5.005644e-04 
 1.052666e+00 -4.946414e-04 
 1.053068e+00 -4.874554e-04 
 1.053470e+00 -4.795830e-04 
 1.053872e+00 -4.715821e-04 
 1.054274e+00 -4.635374e-04 
 1.054676e+00 -4.550174e-04 
 1.055078e+00 -4.458130e-04 
 1.055480e+00 -4.359466e-04 
 1.055882e+00 -4.250011e-04 
 1.056284e+00 -4.131168e-04 
 1.056686e+00 -4.001907e-04 
 1.057088e+00 -3.866065e-04 
 1.057490e+00 -3.721096e-04 
 1.057892e+00 -3.562944e-04 
 1.058294e+00 -3.392011e-04 
 1.058696e+00 -3.235541e-04 
 1.059098e+00 -3.042557e-04 
 1.059500e+00 -2.845702e-04 
 1.059902e+00 -2.630877e-04 
 1.060304e+00 -2.445860e-04 
 1.060706e+00 -2.270063e-04 
 1.061108e+00 -2.107486e-04 
 1.061510e+00 -1.959404e-04 
 1.061912e+00 -1.845462e-04 
 1.062314e+00 -1.722013e-04 
 1.062716e+00 -1.603427e-04 
 1.063119e+00 -1.488990e-04 
 1.063521e+00 -1.373852e-04 
 1.063923e+00 -1.255757e-04 
 1.064325e+00 -1.135433e-04 
 1.064727e+00 -1.012443e-04 
 1.065129e+00 -8.841876e-05 
 1.065531e+00 -7.551233e-05 
 1.065933e+00 -6.277346e-05 
 1.066335e+00 -5.073978e-05 
 1.066737e+00 -3.965566e-05 
 1.067139e+00 -2.952711e-05 
 1.067541e+00 -1.878115e-05 
 1.067943e+00 -1.144790e-05 
 1.068345e+00 -5.508460e-06 
 1.068747e+00 -7.142289e-07 
 1.069149e+00  3.143973e-06 
 1.069551e+00  6.556039e-06 
 1.069953e+00  1.014853e-05 
 1.070355e+00  1.449792e-05 
 1.070757e+00  2.019093e-05 
 1.071159e+00  2.771956e-05 
 1.071561e+00  3.694036e-05 
 1.071963e+00  4.742244e-05 
 1.072365e+00  5.860762e-05 
 1.072767e+00  6.990156e-05 
 1.073169e+00  8.075875e-05 
 1.073571e+00  9.051345e-05 
 1.073973e+00  9.920380e-05 
 1.074375e+00  1.072222e-04 
 1.074778e+00  1.146534e-04 
 1.075180e+00  1.220879e-04 
 1.075582e+00  1.303118e-04 
 1.075984e+00  1.396633e-04 
 1.076386e+00  1.502757e-04 
 1.076789e+00  1.625999e-04 
 1.077193e+00  1.769811e-04 
 1.077597e+00  1.937325e-04 
 1.078001e+00  2.129693e-04 
 1.078404e+00  2.346741e-04 
 1.078808e+00  2.587294e-04 
 1.079212e+00  2.847322e-04 
 1.079616e+00  3.123123e-04 
 1.080020e+00  3.410011e-04 
 1.080423e+00  3.705744e-04 
 1.080827e+00  4.001684e-04 
 1.081231e+00  4.291442e-04 
 1.081635e+00  4.569703e-04 
 1.082039e+00  4.834928e-04 
 1.082443e+00  5.087974e-04 
 1.082846e+00  5.328832e-04 
 1.083250e+00  5.563771e-04 
 1.083654e+00  5.795184e-04 
 1.084058e+00  6.025069e-04 
 1.084462e+00  6.251993e-04 
 1.084864e+00  6.472382e-04 
 1.085266e+00  6.681939e-04 
 1.085668e+00  6.871211e-04 
 1.086070e+00  7.040532e-04 
 1.086472e+00  7.187780e-04 
 1.086874e+00  7.312436e-04 
 1.087276e+00  7.412565e-04 
 1.087678e+00  7.487885e-04 
 1.088080e+00  7.537260e-04 
 1.088482e+00  7.559494e-04 
 1.088884e+00  7.556577e-04 
 1.089286e+00  7.532269e-04 
 1.089688e+00  7.493896e-04 
 1.090090e+00  7.424439e-04 
 1.090492e+00  7.370686e-04 
 1.090894e+00  7.315809e-04 
 1.091296e+00  7.262413e-04 
 1.091698e+00  7.229810e-04 
 1.092100e+00  7.179664e-04 
 1.092502e+00  7.132686e-04 
 1.092906e+00  7.069793e-04 
 1.093309e+00  7.028006e-04 
 1.093713e+00  6.989616e-04 
 1.094117e+00  6.954999e-04 
 1.094521e+00  6.925164e-04 
 1.094925e+00  6.901960e-04 
 1.095328e+00  6.892550e-04 
 1.095732e+00  6.902573e-04 
 1.096136e+00  6.935098e-04 
 1.096540e+00  6.991354e-04 
 1.096944e+00  7.071066e-04 
 1.097347e+00  7.170348e-04 
 1.097751e+00  7.286226e-04 
 1.098155e+00  7.414817e-04 
 1.098559e+00  7.551824e-04 
 1.098963e+00  7.690736e-04 
 1.099366e+00  7.828453e-04 
 1.099770e+00  7.961444e-04 
 1.100174e+00  8.100526e-04 
 1.100578e+00  8.207125e-04 
 1.100982e+00  8.290473e-04 
 1.101385e+00  8.330833e-04 
 1.101789e+00  8.360560e-04 
 1.102193e+00  8.364582e-04 
 1.102597e+00  8.349033e-04 
 1.103001e+00  8.324146e-04 
 1.103404e+00  8.293563e-04 
 1.103808e+00  8.262641e-04 
 1.104212e+00  8.230937e-04 
 1.104616e+00  8.199111e-04 
 1.105018e+00  8.163574e-04 
 1.105420e+00  8.138363e-04 
 1.105822e+00  8.081156e-04 
 1.106224e+00  8.009870e-04 
 1.106626e+00  7.918261e-04 
 1.107028e+00  7.804094e-04 
 1.107430e+00  7.665591e-04 
 1.107832e+00  7.503081e-04 
 1.108234e+00  7.321612e-04 
 1.108636e+00  7.126537e-04 
 1.109040e+00  6.923518e-04 
 1.109443e+00  6.719871e-04 
 1.109847e+00  6.519444e-04 
 1.110251e+00  6.331677e-04 
 1.110655e+00  6.162336e-04 
 1.111059e+00  6.014560e-04 
 1.111462e+00  5.890809e-04 
 1.111866e+00  5.789055e-04 
 1.112270e+00  5.702027e-04 
 1.112674e+00  5.626307e-04 
 1.113078e+00  5.552720e-04 
 1.113481e+00  5.473359e-04 
 1.113885e+00  5.384594e-04 
 1.114289e+00  5.286514e-04 
 1.114693e+00  5.184401e-04 
 1.115097e+00  5.079854e-04 
 1.115500e+00  4.977579e-04 
 1.115904e+00  4.878530e-04 
 1.116308e+00  4.784105e-04 
 1.116712e+00  4.697156e-04 
 1.117116e+00  4.620481e-04 
 1.117519e+00  4.558437e-04 
 1.117923e+00  4.517808e-04 
 1.118327e+00  4.502317e-04 
 1.118731e+00  4.514825e-04 
 1.119135e+00  4.554823e-04 
 1.119538e+00  4.618459e-04 
 1.119942e+00  4.698153e-04 
 1.120346e+00  4.787315e-04 
 1.120750e+00  4.880754e-04 
 1.121152e+00  4.972987e-04 
 1.121554e+00  5.058306e-04 
 1.121956e+00  5.137532e-04 
 1.122358e+00  5.211075e-04 
 1.122760e+00  5.278599e-04 
 1.123162e+00  5.343865e-04 
 1.123564e+00  5.410851e-04 
 1.123966e+00  5.465722e-04 
 1.124368e+00  5.541000e-04 
 1.124770e+00  5.617526e-04 
 1.125172e+00  5.694638e-04 
 1.125574e+00  5.766408e-04 
 1.125976e+00  5.826048e-04 
 1.126378e+00  5.884507e-04 
 1.126780e+00  5.905403e-04 
 1.127182e+00  5.903777e-04 
 1.127584e+00  5.881164e-04 
 1.127986e+00  5.839387e-04 
 1.128388e+00  5.779953e-04 
 1.128790e+00  5.702754e-04 
 1.129192e+00  5.606161e-04 
 1.129594e+00  5.490158e-04 
 1.129996e+00  5.331779e-04 
 1.130398e+00  5.188897e-04 
 1.130800e+00  5.039982e-04 
 1.131202e+00  4.888180e-04 
 1.131604e+00  4.733560e-04 
 1.132006e+00  4.574121e-04 
 1.132408e+00  4.403588e-04 
 1.132810e+00  4.223221e-04 
 1.133212e+00  4.031122e-04 
 1.133614e+00  3.823143e-04 
 1.134016e+00  3.600041e-04 
 1.134418e+00  3.383322e-04 
 1.134820e+00  3.135621e-04 
 1.135222e+00  2.881899e-04 
 1.135624e+00  2.631267e-04 
 1.136026e+00  2.390647e-04 
 1.136428e+00  2.167731e-04 
 1.136830e+00  1.969396e-04 
 1.137232e+00  1.803047e-04 
 1.137634e+00  1.670289e-04 
 1.138036e+00  1.566508e-04 
 1.138438e+00  1.490078e-04 
 1.138840e+00  1.434216e-04 
 1.139242e+00  1.392942e-04 
 1.139644e+00  1.362373e-04 
 1.140046e+00  1.337190e-04 
 1.140448e+00  1.314522e-04 
 1.140850e+00  1.290976e-04 
 1.141252e+00  1.258692e-04 
 1.141654e+00  1.216277e-04 
 1.142056e+00  1.159758e-04 
 1.142458e+00  1.087964e-04 
 1.142860e+00  1.004648e-04 
 1.143262e+00  9.160783e-05 
 1.143664e+00  8.283174e-05 
 1.144066e+00  7.419526e-05 
 1.144468e+00  6.576296e-05 
 1.144870e+00  5.732592e-05 
 1.145272e+00  4.849438e-05 
 1.145674e+00  3.853203e-05 
 1.146076e+00  2.702055e-05 
 1.146478e+00  1.384070e-05 
 1.146880e+00 -1.196946e-06 
 1.147282e+00 -1.823744e-05 
 1.147684e+00 -3.706637e-05 
 1.148086e+00 -5.741350e-05 
 1.148488e+00 -7.900407e-05 
 1.148890e+00 -1.016067e-04 
 1.149294e+00 -1.246767e-04 
 1.149697e+00 -1.476680e-04 
 1.150101e+00 -1.703135e-04 
 1.150505e+00 -1.925272e-04 
 1.150909e+00 -2.139395e-04 
 1.151313e+00 -2.341784e-04 
 1.151716e+00 -2.529078e-04 
 1.152120e+00 -2.698604e-04 
 1.152524e+00 -2.846613e-04 
 1.152928e+00 -2.974542e-04 
 1.153332e+00 -3.086146e-04 
 1.153736e+00 -3.186003e-04 
 1.154139e+00 -3.279586e-04 
 1.154543e+00 -3.369640e-04 
 1.154947e+00 -3.457945e-04 
 1.155351e+00 -3.542652e-04 
 1.155755e+00 -3.617668e-04 
 1.156159e+00 -3.679114e-04 
 1.156562e+00 -3.725501e-04 
 1.156966e+00 -3.756271e-04 
 1.157370e+00 -3.773181e-04 
 1.157774e+00 -3.775141e-04 
 1.158178e+00 -3.759738e-04 
 1.158581e+00 -3.723342e-04 
 1.158985e+00 -3.667833e-04 
 1.159389e+00 -3.594749e-04 
 1.159793e+00 -3.502930e-04 
 1.160197e+00 -3.395774e-04 
 1.160601e+00 -3.279192e-04 
 1.161004e+00 -3.156337e-04 
 1.161408e+00 -3.030091e-04 
 1.161812e+00 -2.903782e-04 
 1.162216e+00 -2.779792e-04 
 1.162620e+00 -2.654183e-04 
 1.163023e+00 -2.526695e-04 
 1.163427e+00 -2.395950e-04 
 1.163831e+00 -2.261737e-04 
 1.164235e+00 -2.121722e-04 
 1.164639e+00 -1.975568e-04 
 1.165042e+00 -1.825906e-04 
 1.165446e+00 -1.677459e-04 
 1.165850e+00 -1.532467e-04 
 1.166254e+00 -1.395159e-04 
 1.166658e+00 -1.272091e-04 
 1.167061e+00 -1.163527e-04 
 1.167465e+00 -1.066233e-04 
 1.167869e+00 -9.760330e-05 
 1.168273e+00 -8.932153e-05 
 1.168677e+00 -8.147386e-05 
 1.169080e+00 -7.372264e-05 
 1.169482e+00 -6.652374e-05 
 1.169884e+00 -6.010690e-05 
 1.170286e+00 -5.445590e-05 
 1.170688e+00 -4.945454e-05 
 1.171090e+00 -4.495056e-05 
 1.171492e+00 -4.068414e-05 
 1.171894e+00 -3.637059e-05 
 1.172296e+00 -3.204266e-05 
 1.172698e+00 -2.777218e-05 
 1.173100e+00 -2.366018e-05 
 1.173504e+00 -1.981813e-05 
 1.173908e+00 -1.609309e-05 
 1.174312e+00 -1.252091e-05 
 1.174716e+00 -9.078106e-06 
 1.175119e+00 -5.322727e-06 
 1.175523e+00 -1.027218e-06 
 1.175927e+00  4.145947e-06 
 1.176331e+00  1.031797e-05 
 1.176735e+00  1.745845e-05 
 1.177138e+00  2.547226e-05 
 1.177540e+00  3.423325e-05 
 1.177942e+00  4.362555e-05 
 1.178344e+00  5.157152e-05 
 1.178746e+00  6.444897e-05 
 1.179148e+00  7.345468e-05 
 1.179550e+00  8.615830e-05 
 1.179952e+00  9.519961e-05 
 1.180354e+00  1.057088e-04 
 1.180756e+00  1.158769e-04 
 1.181158e+00  1.256824e-04 
 1.181560e+00  1.347343e-04 
 1.181962e+00  1.430158e-04 
 1.182364e+00  1.526669e-04 
 1.182766e+00  1.599053e-04 
 1.183168e+00  1.672232e-04 
 1.183570e+00  1.747954e-04 
 1.183972e+00  1.834633e-04 
 1.184374e+00  1.933755e-04 
 1.184776e+00  2.042734e-04 
 1.185178e+00  2.159618e-04 
 1.185580e+00  2.279289e-04 
 1.185982e+00  2.394366e-04 
 1.186384e+00  2.495937e-04 
 1.186787e+00  2.583004e-04 
 1.187189e+00  2.655162e-04 
 1.187591e+00  2.710128e-04 
 1.187993e+00  2.749813e-04 
 1.188395e+00  2.777293e-04 
 1.188797e+00  2.798382e-04 
 1.189199e+00  2.815207e-04 
 1.189601e+00  2.831492e-04 
 1.190003e+00  2.850794e-04 
 1.190405e+00  2.877554e-04 
 1.190807e+00  2.908361e-04 
 1.191209e+00  2.941077e-04 
 1.191611e+00  2.975559e-04 
 1.192013e+00  3.008463e-04 
 1.192415e+00  3.034226e-04 
 1.192817e+00  3.056285e-04 
 1.193219e+00  3.077809e-04 
 1.193621e+00  3.100741e-04 
 1.194023e+00  3.123755e-04 
 1.194425e+00  3.144367e-04 
 1.194827e+00  3.162181e-04 
 1.195229e+00  3.175167e-04 
 1.195631e+00  3.184098e-04 
 1.196033e+00  3.192982e-04 
 1.196435e+00  3.207920e-04 
 1.196837e+00  3.234615e-04 
 1.197239e+00  3.270798e-04 
 1.197643e+00  3.316755e-04 
 1.198046e+00  3.370458e-04 
 1.198450e+00  3.424573e-04 
 1.198854e+00  3.476407e-04 
 1.199258e+00  3.524818e-04 
 1.199662e+00  3.570881e-04 
 1.200065e+00  3.612736e-04 
 1.200469e+00  3.650645e-04 
 1.200873e+00  3.692145e-04 
 1.201277e+00  3.741497e-04 
 1.201681e+00  3.801085e-04 
 1.202084e+00  3.875920e-04 
 1.202488e+00  3.967571e-04 
 1.202892e+00  4.078474e-04 
 1.203296e+00  4.209077e-04 
 1.203700e+00  4.360973e-04 
 1.204103e+00  4.533457e-04 
 1.204507e+00  4.719968e-04 
 1.204911e+00  4.916693e-04 
 1.205315e+00  5.116531e-04 
 1.205718e+00  5.318093e-04 
 1.206122e+00  5.512118e-04 
 1.206526e+00  5.693489e-04 
 1.206930e+00  5.855667e-04 
 1.207334e+00  5.993827e-04 
 1.207737e+00  6.109830e-04 
 1.208141e+00  6.211045e-04 
 1.208545e+00  6.301602e-04 
 1.208949e+00  6.364103e-04 
 1.209353e+00  6.452930e-04 
 1.209755e+00  6.549883e-04 
 1.210157e+00  6.651893e-04 
 1.210559e+00  6.755923e-04 
 1.210961e+00  6.856134e-04 
 1.211363e+00  6.951951e-04 
 1.211765e+00  7.036369e-04 
 1.212167e+00  7.107358e-04 
 1.212569e+00  7.165636e-04 
 1.212971e+00  7.211692e-04 
 1.213373e+00  7.242687e-04 
 1.213775e+00  7.249125e-04 
 1.214177e+00  7.232550e-04 
 1.214579e+00  7.192036e-04 
 1.214981e+00  7.124289e-04 
 1.215383e+00  7.034556e-04 
 1.215785e+00  6.932070e-04 
 1.216187e+00  6.825222e-04 
 1.216589e+00  6.720882e-04 
 1.216991e+00  6.625728e-04 
 1.217393e+00  6.545802e-04 
 1.217797e+00  6.478724e-04 
 1.218200e+00  6.423047e-04 
 1.218604e+00  6.378122e-04 
 1.219008e+00  6.359413e-04 
 1.219412e+00  6.317890e-04 
 1.219816e+00  6.268775e-04 
 1.220219e+00  6.208410e-04 
 1.220623e+00  6.135402e-04 
 1.221027e+00  6.052549e-04 
 1.221431e+00  5.962334e-04 
 1.221833e+00  5.870585e-04 
 1.222235e+00  5.777820e-04 
 1.222637e+00  5.686814e-04 
 1.223039e+00  5.600346e-04 
 1.223441e+00  5.526445e-04 
 1.223843e+00  5.467314e-04 
 1.224245e+00  5.425589e-04 
 1.224647e+00  5.403964e-04 
 1.225049e+00  5.399171e-04 
 1.225451e+00  5.405493e-04 
 1.225853e+00  5.417299e-04 
 1.226255e+00  5.426087e-04 
 1.226657e+00  5.424237e-04 
 1.227059e+00  5.404115e-04 
 1.227461e+00  5.358670e-04 
 1.227863e+00  5.290629e-04 
 1.228265e+00  5.206317e-04 
 1.228667e+00  5.107922e-04 
 1.229069e+00  5.000096e-04 
 1.229471e+00  4.889053e-04 
 1.229873e+00  4.776853e-04 
 1.230275e+00  4.666093e-04 
 1.230677e+00  4.561228e-04 
 1.231079e+00  4.463104e-04 
 1.231481e+00  4.372199e-04 
 1.231883e+00  4.283783e-04 
 1.232285e+00  4.199264e-04 
 1.232687e+00  4.115129e-04 
 1.233089e+00  4.023488e-04 
 1.233491e+00  3.927860e-04 
 1.233893e+00  3.826926e-04 
 1.234295e+00  3.715674e-04 
 1.234697e+00  3.593240e-04 
 1.235099e+00  3.459469e-04 
 1.235502e+00  3.316525e-04 
 1.235904e+00  3.166241e-04 
 1.236306e+00  3.013936e-04 
 1.236708e+00  2.867849e-04 
 1.237110e+00  2.737947e-04 
 1.237512e+00  2.628374e-04 
 1.237915e+00  2.538407e-04 
 1.238319e+00  2.469185e-04 
 1.238723e+00  2.416872e-04 
 1.239127e+00  2.374510e-04 
 1.239531e+00  2.333535e-04 
 1.239934e+00  2.290757e-04 
 1.240338e+00  2.244154e-04 
 1.240742e+00  2.194598e-04 
 1.241146e+00  2.143984e-04 
 1.241550e+00  2.096741e-04 
 1.241953e+00  2.051597e-04 
 1.242357e+00  2.009484e-04 
 1.242761e+00  1.972487e-04 
 1.243165e+00  1.946267e-04 
 1.243569e+00  1.934860e-04 
 1.243972e+00  1.942453e-04 
 1.244376e+00  1.970132e-04 
 1.244780e+00  2.020480e-04 
 1.245184e+00  2.091170e-04 
 1.245588e+00  2.149900e-04 
 1.245990e+00  2.245286e-04 
 1.246392e+00  2.338380e-04 
 1.246794e+00  2.420035e-04 
 1.247196e+00  2.482347e-04 
 1.247598e+00  2.521500e-04 
 1.248000e+00  2.532302e-04 
 1.248402e+00  2.517733e-04 
 1.248804e+00  2.484719e-04 
 1.249206e+00  2.441797e-04 
 1.249608e+00  2.396355e-04 
 1.250010e+00  2.352586e-04 
 1.250412e+00  2.313942e-04 
 1.250814e+00  2.279861e-04 
 1.251216e+00  2.243956e-04 
 1.251618e+00  2.196541e-04 
 1.252020e+00  2.135501e-04 
 1.252422e+00  2.055871e-04 
 1.252824e+00  1.955112e-04 
 1.253226e+00  1.834586e-04 
 1.253628e+00  1.696948e-04 
 1.254030e+00  1.543870e-04 
 1.254432e+00  1.372468e-04 
 1.254834e+00  1.184408e-04 
 1.255236e+00  9.810812e-05 
 1.255638e+00  7.635969e-05 
 1.256040e+00  5.392172e-05 
 1.256442e+00  3.169693e-05 
 1.256844e+00  1.016975e-05 
 1.257246e+00 -1.030229e-05 
 1.257648e+00 -2.925675e-05 
 1.258050e+00 -4.258813e-05 
 1.258452e+00 -5.776259e-05 
 1.258854e+00 -7.107173e-05 
 1.259256e+00 -8.268585e-05 
 1.259658e+00 -9.282193e-05 
 1.260060e+00 -1.019167e-04 
 1.260462e+00 -1.101103e-04 
 1.260864e+00 -1.176210e-04 
 1.261266e+00 -1.237713e-04 
 1.261668e+00 -1.286510e-04 
 1.262072e+00 -1.323925e-04 
 1.262476e+00 -1.346720e-04 
 1.262880e+00 -1.354012e-04 
 1.263284e+00 -1.351149e-04 
 1.263687e+00 -1.342826e-04 
 1.264091e+00 -1.327095e-04 
 1.264495e+00 -1.305527e-04 
 1.264899e+00 -1.277260e-04 
 1.265303e+00 -1.237479e-04 
 1.265707e+00 -1.188219e-04 
 1.266109e+00 -1.131120e-04 
 1.266511e+00 -1.073139e-04 
 1.266913e+00 -1.020070e-04 
 1.267315e+00 -9.806439e-05 
 1.267717e+00 -9.582737e-05 
 1.268118e+00 -9.573413e-05 
 1.268520e+00 -9.728286e-05 
 1.268922e+00 -9.981680e-05 
 1.269324e+00 -1.029484e-04 
 1.269726e+00 -1.060667e-04 
 1.270130e+00 -1.091476e-04 
 1.270534e+00 -1.124867e-04 
 1.270938e+00 -1.163937e-04 
 1.271341e+00 -1.207209e-04 
 1.271745e+00 -1.255270e-04 
 1.272149e+00 -1.311249e-04 
 1.272553e+00 -1.371331e-04 
 1.272957e+00 -1.433876e-04 
 1.273360e+00 -1.492119e-04 
 1.273764e+00 -1.544135e-04 
 1.274168e+00 -1.588065e-04 
 1.274572e+00 -1.625014e-04 
 1.274976e+00 -1.655765e-04 
 1.275379e+00 -1.683426e-04 
 1.275783e+00 -1.708624e-04 
 1.276187e+00 -1.728677e-04 
 1.276591e+00 -1.744696e-04 
 1.276995e+00 -1.757773e-04 
 1.277398e+00 -1.765234e-04 
 1.277802e+00 -1.766235e-04 
 1.278204e+00 -1.761345e-04 
 1.278606e+00 -1.753391e-04 
 1.279008e+00 -1.742056e-04 
 1.279410e+00 -1.728923e-04 
 1.279812e+00 -1.714141e-04 
 1.280214e+00 -1.694912e-04 
 1.280616e+00 -1.668248e-04 
 1.281018e+00 -1.627870e-04 
 1.281420e+00 -1.571235e-04 
 1.281822e+00 -1.494837e-04 
 1.282224e+00 -1.395717e-04 
 1.282626e+00 -1.277911e-04 
 1.283028e+00 -1.147958e-04 
 1.283431e+00 -1.013409e-04 
 1.283833e+00 -8.770088e-05 
 1.284235e+00 -7.436280e-05 
 1.284637e+00 -6.168141e-05 
 1.285039e+00 -4.987443e-05 
 1.285441e+00 -3.878726e-05 
 1.285843e+00 -2.857361e-05 
 1.286245e+00 -1.916621e-05 
 1.286647e+00 -1.031603e-05 
 1.287049e+00 -4.483359e-06 
 1.287451e+00  3.473084e-06 
 1.287853e+00  1.094769e-05 
 1.288255e+00  1.854083e-05 
 1.288657e+00  2.942154e-05 
 1.289059e+00  3.828346e-05 
 1.289461e+00  4.829837e-05 
 1.289863e+00  5.945552e-05 
 1.290265e+00  7.187866e-05 
 1.290667e+00  8.532761e-05 
 1.291069e+00  9.945675e-05 
 1.291471e+00  1.141392e-04 
 1.291873e+00  1.284748e-04 
 1.292275e+00  1.419516e-04 
 1.292677e+00  1.539911e-04 
 1.293079e+00  1.643766e-04 
 1.293481e+00  1.729437e-04 
 1.293883e+00  1.799133e-04 
 1.294285e+00  1.854345e-04 
 1.294687e+00  1.896136e-04 
 1.295089e+00  1.921299e-04 
 1.295491e+00  1.928117e-04 
 1.295893e+00  1.918536e-04 
 1.296295e+00  1.891756e-04 
 1.296697e+00  1.846552e-04 
 1.297099e+00  1.787717e-04 
 1.297501e+00  1.717544e-04 
 1.297903e+00  1.639696e-04 
 1.298305e+00  1.555738e-04 
 1.298707e+00  1.466725e-04 
 1.299109e+00  1.374103e-04 
 1.299511e+00  1.275545e-04 
 1.299913e+00  1.171569e-04 
 1.300315e+00  1.065517e-04 
 1.300717e+00  9.598063e-05 
 1.301119e+00  8.559857e-05 
 1.301521e+00  7.647119e-05 
 1.301923e+00  6.929470e-05 
 1.302325e+00  6.446523e-05 
 1.302727e+00  6.204232e-05 
 1.303129e+00  6.227929e-05 
 1.303531e+00  6.475098e-05 
 1.303933e+00  6.882711e-05 
 1.304335e+00  7.438205e-05 
 1.304737e+00  8.072944e-05 
 1.305139e+00  8.765896e-05 
 1.305541e+00  9.516215e-05 
 1.305943e+00  1.034339e-04 
 1.306346e+00  1.129721e-04 
 1.306750e+00  1.238228e-04 
 1.307154e+00  1.357416e-04 
 1.307558e+00  1.483684e-04 
 1.307962e+00  1.612405e-04 
 1.308365e+00  1.740765e-04 
 1.308769e+00  1.868993e-04 
 1.309173e+00  1.998042e-04 
 1.309577e+00  2.129902e-04 
 1.309981e+00  2.266752e-04 
 1.310383e+00  2.405147e-04 
 1.310785e+00  2.545588e-04 
 1.311187e+00  2.682042e-04 
 1.311589e+00  2.806591e-04 
 1.311991e+00  2.908239e-04 
 1.312393e+00  2.978591e-04 
 1.312795e+00  3.015769e-04 
 1.313197e+00  3.016850e-04 
 1.313599e+00  2.986988e-04 
 1.314001e+00  2.931942e-04 
 1.314403e+00  2.863094e-04 
 1.314805e+00  2.789314e-04 
 1.315207e+00  2.720026e-04 
 1.315609e+00  2.657527e-04 
 1.316011e+00  2.599809e-04 
 1.316413e+00  2.549582e-04 
 1.316815e+00  2.508099e-04 
 1.317217e+00  2.476269e-04 
 1.317619e+00  2.449811e-04 
 1.318021e+00  2.431782e-04 
 1.318423e+00  2.418393e-04 
 1.318825e+00  2.411586e-04 
 1.319227e+00  2.411689e-04 
 1.319629e+00  2.413554e-04 
 1.320031e+00  2.419906e-04 
 1.320433e+00  2.427495e-04 
 1.320835e+00  2.439921e-04 
 1.321237e+00  2.460327e-04 
 1.321639e+00  2.495614e-04 
 1.322041e+00  2.553224e-04 
 1.322445e+00  2.636063e-04 
 1.322849e+00  2.749980e-04 
 1.323253e+00  2.892618e-04 
 1.323656e+00  3.063722e-04 
 1.324060e+00  3.258230e-04 
 1.324464e+00  3.472329e-04 
 1.324868e+00  3.699409e-04 
 1.325272e+00  3.930471e-04 
 1.325675e+00  4.163622e-04 
 1.326079e+00  4.392850e-04 
 1.326481e+00  4.607782e-04 
 1.326883e+00  4.806900e-04 
 1.327285e+00  4.985249e-04 
 1.327687e+00  5.135727e-04 
 1.328089e+00  5.258631e-04 
 1.328491e+00  5.354081e-04 
 1.328893e+00  5.424329e-04 
 1.329295e+00  5.477529e-04 
 1.329697e+00  5.517488e-04 
 1.330099e+00  5.551553e-04 
 1.330501e+00  5.582789e-04 
 1.330903e+00  5.589990e-04 
 1.331305e+00  5.618678e-04 
 1.331707e+00  5.641309e-04 
 1.332109e+00  5.675136e-04 
 1.332511e+00  5.670626e-04 
 1.332913e+00  5.624574e-04 
 1.333315e+00  5.576966e-04 
 1.333717e+00  5.510011e-04 
 1.334119e+00  5.428203e-04 
 1.334521e+00  5.336650e-04 
 1.334923e+00  5.245233e-04 
 1.335325e+00  5.155890e-04 
 1.335728e+00  5.073415e-04 
 1.336130e+00  4.997991e-04 
 1.336532e+00  4.932884e-04 
 1.336934e+00  4.879246e-04 
 1.337336e+00  4.837083e-04 
 1.337738e+00  4.828815e-04 
 1.338140e+00  4.800832e-04 
 1.338542e+00  4.774553e-04 
 1.338944e+00  4.747470e-04 
 1.339346e+00  4.716744e-04 
 1.339748e+00  4.676853e-04 
 1.340150e+00  4.622209e-04 
 1.340552e+00  4.552432e-04 
 1.340954e+00  4.470357e-04 
 1.341356e+00  4.384086e-04 
 1.341758e+00  4.298756e-04 
 1.342160e+00  4.219557e-04 
 1.342562e+00  4.150974e-04 
 1.342964e+00  4.090688e-04 
 1.343366e+00  4.040325e-04 
 1.343768e+00  3.997995e-04 
 1.344170e+00  3.960031e-04 
 1.344572e+00  3.923918e-04 
 1.344974e+00  3.889135e-04 
 1.345376e+00  3.854401e-04 
 1.345778e+00  3.820635e-04 
 1.346180e+00  3.788812e-04 
 1.346582e+00  3.756616e-04 
 1.346984e+00  3.725513e-04 
 1.347386e+00  3.695818e-04 
 1.347788e+00  3.663822e-04 
 1.348190e+00  3.631835e-04 
 1.348592e+00  3.600957e-04 
 1.348994e+00  3.569024e-04 
 1.349396e+00  3.539903e-04 
 1.349798e+00  3.519025e-04 
 1.350200e+00  3.507845e-04 
 1.350603e+00  3.508359e-04 
 1.351005e+00  3.521377e-04 
 1.351407e+00  3.547129e-04 
 1.351809e+00  3.581864e-04 
 1.352211e+00  3.619694e-04 
 1.352613e+00  3.654777e-04 
 1.353015e+00  3.677348e-04 
 1.353417e+00  3.683453e-04 
 1.353819e+00  3.668914e-04 
 1.354221e+00  3.634314e-04 
 1.354623e+00  3.585317e-04 
 1.355025e+00  3.525624e-04 
 1.355427e+00  3.459634e-04 
 1.355829e+00  3.392794e-04 
 1.356231e+00  3.328629e-04 
 1.356633e+00  3.265660e-04 
 1.357035e+00  3.201852e-04 
 1.357437e+00  3.135144e-04 
 1.357839e+00  3.061538e-04 
 1.358241e+00  2.977715e-04 
 1.358643e+00  2.885624e-04 
 1.359045e+00  2.784123e-04 
 1.359447e+00  2.675117e-04 
 1.359849e+00  2.560760e-04 
 1.360251e+00  2.441456e-04 
 1.360653e+00  2.317869e-04 
 1.361055e+00  2.189673e-04 
 1.361457e+00  2.058519e-04 
 1.361859e+00  1.927464e-04 
 1.362261e+00  1.801195e-04 
 1.362663e+00  1.681916e-04 
 1.363065e+00  1.573744e-04 
 1.363467e+00  1.480581e-04 
 1.363869e+00  1.404495e-04 
 1.364271e+00  1.344610e-04 
 1.364673e+00  1.300094e-04 
 1.365075e+00  1.250546e-04 
 1.365477e+00  1.230303e-04 
 1.365879e+00  1.219069e-04 
 1.366281e+00  1.222270e-04 
 1.366683e+00  1.239017e-04 
 1.367085e+00  1.268228e-04 
 1.367487e+00  1.310149e-04 
 1.367889e+00  1.360268e-04 
 1.368291e+00  1.433674e-04 
 1.368693e+00  1.483415e-04 
 1.369095e+00  1.523997e-04 
 1.369497e+00  1.556970e-04 
 1.369899e+00  1.579551e-04 
 1.370301e+00  1.591228e-04 
 1.370703e+00  1.593605e-04 
 1.371105e+00  1.589719e-04 
 1.371507e+00  1.578252e-04 
 1.371909e+00  1.530222e-04 
 1.372311e+00  1.501189e-04 
 1.372713e+00  1.460444e-04 
 1.373115e+00  1.406092e-04 
 1.373517e+00  1.335317e-04 
 1.373919e+00  1.253803e-04 
 1.374321e+00  1.162447e-04 
 1.374723e+00  1.063034e-04 
 1.375125e+00  9.813502e-05 
 1.375527e+00  8.704969e-05 
 1.375929e+00  7.565128e-05 
 1.376331e+00  6.397446e-05 
 1.376733e+00  5.202928e-05 
 1.377135e+00  3.981474e-05 
 1.377537e+00  2.754471e-05 
 1.377939e+00  1.546081e-05 
 1.378341e+00  3.676989e-06 
 1.378743e+00 -7.311885e-06 
 1.379145e+00 -1.736423e-05 
 1.379547e+00 -2.652831e-05 
 1.379949e+00 -3.449750e-05 
 1.380351e+00 -4.117626e-05 
 1.380753e+00 -4.668992e-05 
 1.381155e+00 -5.136060e-05 
 1.381557e+00 -5.516538e-05 
 1.381959e+00 -5.825811e-05 
 1.382361e+00 -6.063509e-05 
 1.382763e+00 -6.227708e-05 
 1.383165e+00 -6.351568e-05 
 1.383567e+00 -6.496564e-05 
 1.383969e+00 -6.710594e-05 
 1.384371e+00 -7.013914e-05 
 1.384773e+00 -7.430769e-05 
 1.385175e+00 -7.950414e-05 
 1.385577e+00 -8.544382e-05 
 1.385979e+00 -9.201204e-05 
 1.386381e+00 -9.827518e-05 
 1.386783e+00 -1.039335e-04 
 1.387185e+00 -1.086388e-04 
 1.387587e+00 -1.121981e-04 
 1.387989e+00 -1.148491e-04 
 1.388391e+00 -1.166837e-04 
 1.388793e+00 -1.177415e-04 
 1.389195e+00 -1.179717e-04 
 1.389597e+00 -1.175037e-04 
 1.389999e+00 -1.161919e-04 
 1.390401e+00 -1.139815e-04 
 1.390803e+00 -1.107266e-04 
 1.391205e+00 -1.064975e-04 
 1.391607e+00 -1.017637e-04 
 1.392009e+00 -9.672413e-05 
 1.392411e+00 -9.176051e-05 
 1.392813e+00 -8.749194e-05 
 1.393215e+00 -8.382844e-05 
 1.393617e+00 -8.074662e-05 
 1.394019e+00 -7.801170e-05 
 1.394421e+00 -7.518005e-05 
 1.394825e+00 -7.197896e-05 
 1.395228e+00 -6.777449e-05 
 1.395632e+00 -6.263291e-05 
 1.396036e+00 -5.683903e-05 
 1.396440e+00 -5.056706e-05 
 1.396844e+00 -4.383013e-05 
 1.397248e+00 -3.721756e-05 
 1.397651e+00 -3.127942e-05 
 1.398055e+00 -2.604013e-05 
 1.398459e+00 -2.198827e-05 
 1.398861e+00 -1.943090e-05 
 1.399263e+00 -1.819559e-05 
 1.399665e+00 -1.858179e-05 
 1.400067e+00 -2.012837e-05 
 1.400469e+00 -2.295550e-05 
 1.400871e+00 -2.684260e-05 
 1.401273e+00 -3.136080e-05 
 1.401675e+00 -3.913021e-05 
 1.402077e+00 -4.424265e-05 
 1.402479e+00 -4.922982e-05 
 1.402881e+00 -5.105974e-05 
 1.403283e+00 -5.531680e-05 
 1.403685e+00 -5.938484e-05 
 1.404087e+00 -6.310097e-05 
 1.404489e+00 -6.627649e-05 
 1.404891e+00 -6.889301e-05 
 1.405293e+00 -7.103906e-05 
 1.405695e+00 -7.258573e-05 
 1.406097e+00 -7.359097e-05 
 1.406499e+00 -7.391082e-05 
 1.406903e+00 -7.296832e-05 
 1.407307e+00 -7.054876e-05 
 1.407710e+00 -6.650519e-05 
 1.408114e+00 -6.388172e-05 
 1.408518e+00 -5.682017e-05 
 1.408922e+00 -4.814595e-05 
 1.409326e+00 -3.823754e-05 
 1.409729e+00 -2.742933e-05 
 1.410133e+00 -1.606758e-05 
 1.410537e+00 -4.254438e-06 
 1.410941e+00  7.871468e-06 
 1.411345e+00  2.279343e-05 
 1.411748e+00  3.504485e-05 
 1.412152e+00  4.701249e-05 
 1.412556e+00  5.834443e-05 
 1.412960e+00  6.896400e-05 
 1.413364e+00  7.877371e-05 
 1.413768e+00  8.757003e-05 
 1.414171e+00  9.532038e-05 
 1.414575e+00  1.022063e-04 
 1.414979e+00  1.085174e-04 
 1.415383e+00  1.143849e-04 
 1.415787e+00  1.196495e-04 
 1.416190e+00  1.242816e-04 
 1.416594e+00  1.278791e-04 
 1.416998e+00  1.302056e-04 
 1.417402e+00  1.310759e-04 
 1.417806e+00  1.303021e-04 
 1.418209e+00  1.276720e-04 
 1.418613e+00  1.229229e-04 
 1.419017e+00  1.162623e-04 
 1.419421e+00  1.082441e-04 
 1.419825e+00  9.930396e-05 
 1.420228e+00  8.979912e-05 
 1.420632e+00  8.062957e-05 
 1.421036e+00  7.247522e-05 
 1.421440e+00  6.588828e-05 
 1.421844e+00  6.141824e-05 
 1.422247e+00  5.941132e-05 
 1.422651e+00  5.991277e-05 
 1.423055e+00  6.270870e-05 
 1.423459e+00  6.748091e-05 
 1.423863e+00  7.398917e-05 
 1.424267e+00  8.175269e-05 
 1.424670e+00  8.992829e-05 
 1.425074e+00  9.820966e-05 
 1.425478e+00  1.062106e-04 
 1.425882e+00  1.139404e-04 
 1.426286e+00  1.216364e-04 
 1.426690e+00  1.296373e-04 
 1.427093e+00  1.384981e-04 
 1.427497e+00  1.484025e-04 
 1.427901e+00  1.595251e-04 
 1.428305e+00  1.716026e-04 
 1.428709e+00  1.842529e-04 
 1.429112e+00  1.967710e-04 
 1.429516e+00  2.091294e-04 
 1.429920e+00  2.209556e-04 
 1.430324e+00  2.324058e-04 
 1.430728e+00  2.436891e-04 
 1.431130e+00  2.551006e-04 
 1.431532e+00  2.671840e-04 
 1.431934e+00  2.797472e-04 
 1.432336e+00  2.924752e-04 
 1.432738e+00  3.049423e-04 
 1.433140e+00  3.166442e-04 
 1.433542e+00  3.272382e-04 
 1.433944e+00  3.367640e-04 
 1.434346e+00  3.455264e-04 
 1.434748e+00  3.538780e-04 
 1.435150e+00  3.625160e-04 
 1.435552e+00  3.718263e-04 
 1.435954e+00  3.796311e-04 
 1.436356e+00  3.901759e-04 
 1.436758e+00  4.007239e-04 
 1.437160e+00  4.107500e-04 
 1.437562e+00  4.196766e-04 
 1.437964e+00  4.271055e-04 
 1.438366e+00  4.328932e-04 
 1.438768e+00  4.372303e-04 
 1.439170e+00  4.403299e-04 
 1.439572e+00  4.424678e-04 
 1.439974e+00  4.437532e-04 
 1.440376e+00  4.445110e-04 
 1.440778e+00  4.445633e-04 
 1.441180e+00  4.439015e-04 
 1.441582e+00  4.427466e-04 
 1.441984e+00  4.440642e-04 
 1.442386e+00  4.428120e-04 
 1.442788e+00  4.417295e-04 
 1.443190e+00  4.411216e-04 
 1.443592e+00  4.406991e-04 
 1.443994e+00  4.403168e-04 
 1.444396e+00  4.395796e-04 
 1.444798e+00  4.381048e-04 
 1.445200e+00  4.357729e-04 
 1.445602e+00  4.324231e-04 
 1.446004e+00  4.284530e-04 
 1.446406e+00  4.240006e-04 
 1.446808e+00  4.196861e-04 
 1.447210e+00  4.157091e-04 
 1.447612e+00  4.123736e-04 
 1.448014e+00  4.099037e-04 
 1.448416e+00  4.081601e-04 
 1.448818e+00  4.068612e-04 
 1.449220e+00  4.056438e-04 
 1.449622e+00  4.041389e-04 
 1.450024e+00  4.023209e-04 
 1.450426e+00  4.002426e-04 
 1.450828e+00  3.981550e-04 
 1.451230e+00  3.961114e-04 
 1.451632e+00  3.942382e-04 
 1.452034e+00  3.926906e-04 
 1.452436e+00  3.915723e-04 
 1.452838e+00  3.905783e-04 
 1.453240e+00  3.895859e-04 
 1.453642e+00  3.885636e-04 
 1.454044e+00  3.877455e-04 
 1.454446e+00  3.872898e-04 
 1.454848e+00  3.873487e-04 
 1.455250e+00  3.880825e-04 
 1.455652e+00  3.895832e-04 
 1.456054e+00  3.917581e-04 
 1.456456e+00  3.945731e-04 
 1.456858e+00  3.976488e-04 
 1.457260e+00  4.007306e-04 
 1.457662e+00  4.032759e-04 
 1.458064e+00  4.048007e-04 
 1.458466e+00  4.052457e-04 
 1.458868e+00  4.045969e-04 
 1.459270e+00  4.026298e-04 
 1.459672e+00  3.994225e-04 
 1.460074e+00  3.954340e-04 
 1.460476e+00  3.906376e-04 
 1.460878e+00  3.853822e-04 
 1.461280e+00  3.799936e-04 
 1.461682e+00  3.744125e-04 
 1.462084e+00  3.689357e-04 
 1.462486e+00  3.636618e-04 
 1.462888e+00  3.586485e-04 
 1.463290e+00  3.539882e-04 
 1.463692e+00  3.494933e-04 
 1.464094e+00  3.448246e-04 
 1.464496e+00  3.401440e-04 
 1.464898e+00  3.353604e-04 
 1.465300e+00  3.302126e-04 
 1.465702e+00  3.245354e-04 
 1.466104e+00  3.166795e-04 
 1.466506e+00  3.099624e-04 
 1.466908e+00  3.030076e-04 
 1.467312e+00  2.962308e-04 
 1.467716e+00  2.901002e-04 
 1.468119e+00  2.847891e-04 
 1.468523e+00  2.805644e-04 
 1.468927e+00  2.771025e-04 
 1.469331e+00  2.743991e-04 
 1.469735e+00  2.718732e-04 
 1.470138e+00  2.719084e-04 
 1.470542e+00  2.689321e-04 
 1.470946e+00  2.655442e-04 
 1.471348e+00  2.616024e-04 
 1.471750e+00  2.572335e-04 
 1.472152e+00  2.525638e-04 
 1.472554e+00  2.474794e-04 
 1.472956e+00  2.420629e-04 
 1.473358e+00  2.365179e-04 
 1.473760e+00  2.307808e-04 
 1.474162e+00  2.247158e-04 
 1.474564e+00  2.185103e-04 
 1.474966e+00  2.124233e-04 
 1.475368e+00  2.064356e-04 
 1.475770e+00  2.009334e-04 
 1.476172e+00  1.962049e-04 
 1.476574e+00  1.927620e-04 
 1.476976e+00  1.907033e-04 
 1.477378e+00  1.899000e-04 
 1.477780e+00  1.898962e-04 
 1.478182e+00  1.902567e-04 
 1.478584e+00  1.903554e-04 
 1.478986e+00  1.897206e-04 
 1.479388e+00  1.881404e-04 
 1.479790e+00  1.854330e-04 
 1.480192e+00  1.815336e-04 
 1.480594e+00  1.765586e-04 
 1.480996e+00  1.708862e-04 
 1.481398e+00  1.647645e-04 
 1.481800e+00  1.582500e-04 
 1.482202e+00  1.514090e-04 
 1.482604e+00  1.445865e-04 
 1.483006e+00  1.380263e-04 
 1.483408e+00  1.319040e-04 
 1.483810e+00  1.262258e-04 
 1.484212e+00  1.209212e-04 
 1.484614e+00  1.157588e-04 
 1.485016e+00  1.107136e-04 
 1.485418e+00  1.055440e-04 
 1.485820e+00  9.998229e-05 
 1.486222e+00  9.392212e-05 
 1.486624e+00  8.724292e-05 
 1.487026e+00  8.033650e-05 
 1.487428e+00  7.363086e-05 
 1.487831e+00  6.746557e-05 
 1.488233e+00  6.197748e-05 
 1.488635e+00  5.723645e-05 
 1.489037e+00  5.298821e-05 
 1.489439e+00  4.899259e-05 
 1.489841e+00  4.487137e-05 
 1.490243e+00  4.020374e-05 
 1.490645e+00  3.454242e-05 
 1.491047e+00  2.795067e-05 
 1.491449e+00  2.079535e-05 
 1.491851e+00  1.361345e-05 
 1.492253e+00  6.840222e-06 
 1.492655e+00  8.034674e-07 
 1.493057e+00 -4.319105e-06 
 1.493459e+00 -8.550497e-06 
 1.493861e+00 -1.207759e-05 
 1.494263e+00 -1.506086e-05 
 1.494665e+00 -1.779032e-05 
 1.495067e+00 -2.044435e-05 
 1.495470e+00 -2.284386e-05 
 1.495874e+00 -2.465755e-05 
 1.496278e+00 -2.559355e-05 
 1.496682e+00 -2.566266e-05 
 1.497086e+00 -2.510426e-05 
 1.497489e+00 -2.415116e-05 
 1.497893e+00 -2.305095e-05 
 1.498297e+00 -2.260387e-05 
 1.498701e+00 -2.321834e-05 
 1.499105e+00 -2.489627e-05 
 1.499507e+00 -2.754379e-05 
 1.499909e+00 -3.088609e-05 
 1.500311e+00 -3.435578e-05 
 1.500713e+00 -3.743669e-05 
 1.501115e+00 -3.982957e-05 
 1.501517e+00 -4.113684e-05 
 1.501919e+00 -4.129743e-05 
 1.502321e+00 -4.041280e-05 
 1.502723e+00 -3.864757e-05 
 1.503125e+00 -3.629815e-05 
 1.503527e+00 -3.340679e-05 
 1.503929e+00 -3.012624e-05 
 1.504331e+00 -2.691775e-05 
 1.504733e+00 -2.412308e-05 
 1.505135e+00 -2.188203e-05 
 1.505537e+00 -2.034267e-05 
 1.505939e+00 -1.953760e-05 
 1.506341e+00 -1.924530e-05 
 1.506743e+00 -1.931860e-05 
 1.507145e+00 -1.956378e-05 
 1.507549e+00 -1.948437e-05 
 1.507953e+00 -1.869284e-05 
 1.508357e+00 -1.708018e-05 
 1.508760e+00 -1.449064e-05 
 1.509164e+00 -1.081889e-05 
 1.509568e+00 -6.111921e-06 
 1.509972e+00 -3.068429e-07 
 1.510376e+00  6.490100e-06 
 1.510779e+00  1.400013e-05 
 1.511183e+00  2.209737e-05 
 1.511587e+00  3.072683e-05 
 1.511991e+00  3.983154e-05 
 1.512395e+00  4.927221e-05 
 1.512798e+00  5.898286e-05 
 1.513202e+00  6.875289e-05 
 1.513606e+00  7.839176e-05 
 1.514010e+00  8.798060e-05 
 1.514414e+00  9.747145e-05 
 1.514818e+00  1.067904e-04 
 1.515221e+00  1.157134e-04 
 1.515623e+00  1.239469e-04 
 1.516025e+00  1.315191e-04 
 1.516427e+00  1.382459e-04 
 1.516829e+00  1.442038e-04 
 1.517231e+00  1.496777e-04 
 1.517633e+00  1.547538e-04 
 1.518035e+00  1.592753e-04 
 1.518437e+00  1.633810e-04 
 1.518839e+00  1.669590e-04 
 1.519241e+00  1.698803e-04 
 1.519643e+00  1.723224e-04 
 1.520045e+00  1.745439e-04 
 1.520447e+00  1.770728e-04 
 1.520849e+00  1.799961e-04 
 1.521251e+00  1.834326e-04 
 1.521653e+00  1.876369e-04 
 1.522055e+00  1.924440e-04 
 1.522457e+00  1.975932e-04 
 1.522859e+00  2.027115e-04 
 1.523261e+00  2.075474e-04 
 1.523665e+00  2.119296e-04 
 1.524069e+00  2.157666e-04 
 1.524472e+00  2.191485e-04 
 1.524876e+00  2.219708e-04 
 1.525280e+00  2.243179e-04 
 1.525684e+00  2.260672e-04 
 1.526088e+00  2.275780e-04 
 1.526491e+00  2.291634e-04 
 1.526895e+00  2.310136e-04 
 1.527299e+00  2.331684e-04 
 1.527701e+00  2.358357e-04 
 1.528103e+00  2.392760e-04 
 1.528505e+00  2.436182e-04 
 1.528907e+00  2.491166e-04 
 1.529309e+00  2.554887e-04 
 1.529711e+00  2.621975e-04 
 1.530113e+00  2.686747e-04 
 1.530515e+00  2.745017e-04 
 1.530917e+00  2.791959e-04 
 1.531319e+00  2.824002e-04 
 1.531721e+00  2.841046e-04 
 1.532123e+00  2.846721e-04 
 1.532525e+00  2.846833e-04 
 1.532927e+00  2.847526e-04 
 1.533329e+00  2.854963e-04 
 1.533731e+00  2.871303e-04 
 1.534133e+00  2.895019e-04 
 1.534535e+00  2.923883e-04 
 1.534937e+00  2.955633e-04 
 1.535339e+00  2.986237e-04 
 1.535741e+00  3.010897e-04 
 1.536143e+00  3.027483e-04 
 1.536545e+00  3.036620e-04 
 1.536947e+00  3.041289e-04 
 1.537349e+00  3.042546e-04 
 1.537751e+00  3.041788e-04 
 1.538153e+00  3.038665e-04 
 1.538555e+00  3.032189e-04 
 1.538958e+00  3.022472e-04 
 1.539360e+00  3.010419e-04 
 1.539762e+00  2.998361e-04 
 1.540164e+00  2.990274e-04 
 1.540566e+00  2.989062e-04 
 1.540968e+00  3.000580e-04 
 1.541370e+00  3.029230e-04 
 1.541772e+00  3.076139e-04 
 1.542174e+00  3.140012e-04 
 1.542576e+00  3.216572e-04 
 1.542978e+00  3.302163e-04 
 1.543380e+00  3.389517e-04 
 1.543782e+00  3.473664e-04 
 1.544184e+00  3.553607e-04 
 1.544586e+00  3.627898e-04 
 1.544988e+00  3.696596e-04 
 1.545390e+00  3.759817e-04 
 1.545792e+00  3.818835e-04 
 1.546194e+00  3.873894e-04 
 1.546596e+00  3.926716e-04 
 1.546998e+00  3.979363e-04 
 1.547400e+00  4.032508e-04 
 1.547802e+00  4.084419e-04 
 1.548204e+00  4.135518e-04 
 1.548606e+00  4.186584e-04 
 1.549008e+00  4.238983e-04 
 1.549410e+00  4.290567e-04 
 1.549812e+00  4.337214e-04 
 1.550214e+00  4.372909e-04 
 1.550616e+00  4.394564e-04 
 1.551018e+00  4.399984e-04 
 1.551420e+00  4.388780e-04 
 1.551822e+00  4.360094e-04 
 1.552224e+00  4.315825e-04 
 1.552626e+00  4.258205e-04 
 1.553028e+00  4.195099e-04 
 1.553430e+00  4.133829e-04 
 1.553832e+00  4.078833e-04 
 1.554234e+00  4.032908e-04 
 1.554636e+00  3.997260e-04 
 1.555038e+00  3.973319e-04 
 1.555440e+00  3.959552e-04 
 1.555842e+00  3.954591e-04 
 1.556244e+00  3.956147e-04 
 1.556646e+00  3.964281e-04 
 1.557048e+00  3.978626e-04 
 1.557450e+00  4.000489e-04 
 1.557852e+00  4.030491e-04 
 1.558254e+00  4.068839e-04 
 1.558656e+00  4.113034e-04 
 1.559058e+00  4.161309e-04 
 1.559460e+00  4.215108e-04 
 1.559862e+00  4.274117e-04 
 1.560264e+00  4.335786e-04 
 1.560666e+00  4.400656e-04 
 1.561068e+00  4.468764e-04 
 1.561470e+00  4.538734e-04 
 1.561872e+00  4.610504e-04 
 1.562274e+00  4.682585e-04 
 1.562676e+00  4.753705e-04 
 1.563078e+00  4.818432e-04 
 1.563480e+00  4.874162e-04 
 1.563882e+00  4.918146e-04 
 1.564284e+00  4.947966e-04 
 1.564686e+00  4.960986e-04 
 1.565088e+00  4.956294e-04 
 1.565490e+00  4.936517e-04 
 1.565892e+00  4.903307e-04 
 1.566294e+00  4.857357e-04 
 1.566696e+00  4.800863e-04 
 1.567098e+00  4.736561e-04 
 1.567500e+00  4.666590e-04 
 1.567902e+00  4.593597e-04 
 1.568304e+00  4.519689e-04 
 1.568706e+00  4.445626e-04 
 1.569108e+00  4.372604e-04 
 1.569510e+00  4.300043e-04 
 1.569912e+00  4.229343e-04 
 1.570314e+00  4.159457e-04 
 1.570716e+00  4.086481e-04 
 1.571118e+00  4.008293e-04 
 1.571520e+00  3.924221e-04 
 1.571922e+00  3.838479e-04 
 1.572324e+00  3.752179e-04 
 1.572726e+00  3.668462e-04 
 1.573128e+00  3.591518e-04 
 1.573530e+00  3.525600e-04 
 1.573932e+00  3.477258e-04 
 1.574334e+00  3.450148e-04 
 1.574737e+00  3.448172e-04 
 1.575139e+00  3.467199e-04 
 1.575541e+00  3.504422e-04 
 1.575943e+00  3.556091e-04 
 1.576345e+00  3.619145e-04 
 1.576747e+00  3.687055e-04 
 1.577149e+00  3.755673e-04 
 1.577551e+00  3.819652e-04 
 1.577953e+00  3.873925e-04 
 1.578355e+00  3.917390e-04 
 1.578757e+00  3.947989e-04 
 1.579159e+00  3.964714e-04 
 1.579561e+00  3.964023e-04 
 1.579963e+00  3.944949e-04 
 1.580365e+00  3.908936e-04 
 1.580767e+00  3.855208e-04 
 1.581169e+00  3.789230e-04 
 1.581571e+00  3.714332e-04 
 1.581973e+00  3.635109e-04 
 1.582375e+00  3.556075e-04 
 1.582777e+00  3.477379e-04 
 1.583179e+00  3.399581e-04 
 1.583581e+00  3.320635e-04 
 1.583983e+00  3.235478e-04 
 1.584385e+00  3.138798e-04 
 1.584787e+00  3.030279e-04 
 1.585189e+00  2.909286e-04 
 1.585591e+00  2.778295e-04 
 1.585993e+00  2.642130e-04 
 1.586395e+00  2.502757e-04 
 1.586797e+00  2.363130e-04 
 1.587199e+00  2.224639e-04 
 1.587601e+00  2.088538e-04 
 1.588004e+00  1.957533e-04 
 1.588408e+00  1.836226e-04 
 1.588812e+00  1.727804e-04 
 1.589216e+00  1.635344e-04 
 1.589619e+00  1.563273e-04 
 1.590023e+00  1.511757e-04 
 1.590427e+00  1.477530e-04 
 1.590831e+00  1.456094e-04 
 1.591235e+00  1.439978e-04 
 1.591639e+00  1.421925e-04 
 1.592042e+00  1.399631e-04 
 1.592446e+00  1.372946e-04 
 1.592850e+00  1.342708e-04 
 1.593254e+00  1.311124e-04 
 1.593658e+00  1.282235e-04 
 1.594061e+00  1.261099e-04 
 1.594465e+00  1.250064e-04 
 1.594869e+00  1.250000e-04 
 1.595273e+00  1.256867e-04 
 1.595677e+00  1.265297e-04 
 1.596079e+00  1.271208e-04 
 1.596481e+00  1.272400e-04 
 1.596883e+00  1.269800e-04 
 1.597285e+00  1.262455e-04 
 1.597687e+00  1.248871e-04 
 1.598089e+00  1.229622e-04 
 1.598491e+00  1.207229e-04 
 1.598893e+00  1.185663e-04 
 1.599295e+00  1.165870e-04 
 1.599697e+00  1.148755e-04 
 1.600099e+00  1.136411e-04 
 1.600501e+00  1.130143e-04 
 1.600903e+00  1.131890e-04 
 1.601305e+00  1.142761e-04 
 1.601707e+00  1.161475e-04 
 1.602109e+00  1.186037e-04 
 1.602511e+00  1.215576e-04 
 1.602913e+00  1.247984e-04 
 1.603315e+00  1.281572e-04 
 1.603717e+00  1.314607e-04 
 1.604119e+00  1.343794e-04 
 1.604521e+00  1.367495e-04 
 1.604923e+00  1.385014e-04 
 1.605325e+00  1.396942e-04 
 1.605727e+00  1.404604e-04 
 1.606129e+00  1.412606e-04 
 1.606531e+00  1.423599e-04 
 1.606933e+00  1.437726e-04 
 1.607335e+00  1.457591e-04 
 1.607737e+00  1.482355e-04 
 1.608139e+00  1.510141e-04 
 1.608541e+00  1.539630e-04 
 1.608943e+00  1.572166e-04 
 1.609345e+00  1.606628e-04 
 1.609747e+00  1.640915e-04 
 1.610149e+00  1.672523e-04 
 1.610551e+00  1.698531e-04 
 1.610953e+00  1.718224e-04 
 1.611355e+00  1.727503e-04 
 1.611757e+00  1.722062e-04 
 1.612159e+00  1.699579e-04 
 1.612561e+00  1.660652e-04 
 1.612963e+00  1.609353e-04 
 1.613365e+00  1.549981e-04 
 1.613767e+00  1.490965e-04 
 1.614169e+00  1.436295e-04 
 1.614571e+00  1.389210e-04 
 1.614973e+00  1.353081e-04 
 1.615375e+00  1.328820e-04 
 1.615777e+00  1.314518e-04 
 1.616179e+00  1.306782e-04 
 1.616581e+00  1.304755e-04 
 1.616983e+00  1.308189e-04 
 1.617385e+00  1.319990e-04 
 1.617787e+00  1.341294e-04 
 1.618189e+00  1.372700e-04 
 1.618591e+00  1.415015e-04 
 1.618993e+00  1.466419e-04 
 1.619395e+00  1.524782e-04 
 1.619797e+00  1.561800e-04 
 1.620199e+00  1.623953e-04 
 1.620601e+00  1.682859e-04 
 1.621003e+00  1.735085e-04 
 1.621405e+00  1.778620e-04 
 1.621807e+00  1.813637e-04 
 1.622209e+00  1.838529e-04 
 1.622611e+00  1.852828e-04 
 1.623013e+00  1.884513e-04 
 1.623415e+00  1.879518e-04 
 1.623817e+00  1.865026e-04 
 1.624219e+00  1.842830e-04 
 1.624621e+00  1.814645e-04 
 1.625023e+00  1.781629e-04 
 1.625425e+00  1.745644e-04 
 1.625827e+00  1.709475e-04 
 1.626229e+00  1.674545e-04 
 1.626631e+00  1.643210e-04 
 1.627033e+00  1.615096e-04 
 1.627435e+00  1.588682e-04 
 1.627837e+00  1.560741e-04 
 1.628239e+00  1.527880e-04 
 1.628641e+00  1.489121e-04 
 1.629043e+00  1.443928e-04 
 1.629445e+00  1.394568e-04 
 1.629847e+00  1.342051e-04 
 1.630249e+00  1.289237e-04 
 1.630651e+00  1.239149e-04 
 1.631053e+00  1.193499e-04 
 1.631455e+00  1.156050e-04 
 1.631857e+00  1.127326e-04 
 1.632259e+00  1.106265e-04 
 1.632661e+00  1.092568e-04 
 1.633063e+00  1.089688e-04 
 1.633465e+00  1.101186e-04 
 1.633867e+00  1.129598e-04 
 1.634269e+00  1.174823e-04 
 1.634671e+00  1.234804e-04 
 1.635073e+00  1.306429e-04 
 1.635475e+00  1.387579e-04 
 1.635877e+00  1.474259e-04 
 1.636279e+00  1.560400e-04 
 1.636681e+00  1.637449e-04 
 1.637083e+00  1.702342e-04 
 1.637485e+00  1.750088e-04 
 1.637887e+00  1.786603e-04 
 1.638289e+00  1.816796e-04 
 1.638691e+00  1.844354e-04 
 1.639093e+00  1.875595e-04 
 1.639495e+00  1.906136e-04 
 1.639897e+00  1.940172e-04 
 1.640299e+00  1.974546e-04 
 1.640701e+00  2.006991e-04 
 1.641103e+00  2.033706e-04 
 1.641505e+00  2.052180e-04 
 1.641907e+00  2.062093e-04 
 1.642309e+00  2.067763e-04 
 1.642711e+00  2.070297e-04 
 1.643113e+00  2.067895e-04 
 1.643515e+00  2.062885e-04 
 1.643917e+00  2.051229e-04 
 1.644319e+00  2.036039e-04 
 1.644721e+00  2.015542e-04 
 1.645123e+00  1.992275e-04 
 1.645525e+00  1.969367e-04 
 1.645927e+00  1.951386e-04 
 1.646329e+00  1.941371e-04 
 1.646731e+00  1.943317e-04 
 1.647133e+00  1.957226e-04 
 1.647535e+00  1.982725e-04 
 1.647937e+00  2.017272e-04 
 1.648339e+00  2.057322e-04 
 1.648741e+00  2.100971e-04 
 1.649143e+00  2.144157e-04 
 1.649545e+00  2.187700e-04 
 1.649947e+00  2.229801e-04 
 1.650349e+00  2.271279e-04 
 1.650751e+00  2.311650e-04 
 1.651153e+00  2.349434e-04 
 1.651555e+00  2.384546e-04 
 1.651957e+00  2.417491e-04 
 1.652359e+00  2.447748e-04 
 1.652761e+00  2.475232e-04 
 1.653163e+00  2.501371e-04 
 1.653565e+00  2.530905e-04 
 1.653967e+00  2.565733e-04 
 1.654369e+00  2.610291e-04 
 1.654771e+00  2.665742e-04 
 1.655173e+00  2.729239e-04 
 1.655575e+00  2.797513e-04 
 1.655977e+00  2.865815e-04 
 1.656379e+00  2.928640e-04 
 1.656781e+00  2.981542e-04 
 1.657183e+00  3.021064e-04 
 1.657585e+00  3.048840e-04 
 1.657988e+00  3.068161e-04 
 1.658390e+00  3.085238e-04 
 1.658792e+00  3.104024e-04 
 1.659194e+00  3.127421e-04 
 1.659596e+00  3.157994e-04 
 1.659998e+00  3.167982e-04 
 1.660400e+00  3.213777e-04 
 1.660802e+00  3.267750e-04 
 1.661204e+00  3.355798e-04 
 1.661606e+00  3.394025e-04 
 1.662008e+00  3.483392e-04 
 1.662410e+00  3.545665e-04 
 1.662812e+00  3.604342e-04 
 1.663214e+00  3.655995e-04 
 1.663616e+00  3.698203e-04 
 1.664018e+00  3.729446e-04 
 1.664420e+00  3.749133e-04 
 1.664822e+00  3.758817e-04 
 1.665224e+00  3.761320e-04 
 1.665626e+00  3.758149e-04 
 1.666028e+00  3.752049e-04 
 1.666430e+00  3.744503e-04 
 1.666832e+00  3.737925e-04 
 1.667234e+00  3.729645e-04 
 1.667636e+00  3.717333e-04 
 1.668038e+00  3.697495e-04 
 1.668440e+00  3.666204e-04 
 1.668842e+00  3.620739e-04 
 1.669244e+00  3.555176e-04 
 1.669646e+00  3.471063e-04 
 1.670048e+00  3.369253e-04 
 1.670450e+00  3.256116e-04 
 1.670852e+00  3.133023e-04 
 1.671254e+00  3.005039e-04 
 1.671656e+00  2.875174e-04 
 1.672058e+00  2.745959e-04 
 1.672460e+00  2.621897e-04 
 1.672862e+00  2.505654e-04 
 1.673264e+00  2.399614e-04 
 1.673666e+00  2.308523e-04 
 1.674068e+00  2.236063e-04 
 1.674470e+00  2.184548e-04 
 1.674872e+00  2.158085e-04 
 1.675274e+00  2.153140e-04 
 1.675676e+00  2.166862e-04 
 1.676078e+00  2.192518e-04 
 1.676480e+00  2.224022e-04 
 1.676882e+00  2.254813e-04 
 1.677284e+00  2.280717e-04 
 1.677686e+00  2.298136e-04 
 1.678088e+00  2.305799e-04 
 1.678490e+00  2.309291e-04 
 1.678892e+00  2.312989e-04 
 1.679294e+00  2.325966e-04 
 1.679696e+00  2.350862e-04 
 1.680098e+00  2.389226e-04 
 1.680500e+00  2.439153e-04 
 1.680902e+00  2.498228e-04 
 1.681304e+00  2.562399e-04 
 1.681706e+00  2.625725e-04 
 1.682108e+00  2.682875e-04 
 1.682510e+00  2.732400e-04 
 1.682912e+00  2.773511e-04 
 1.683314e+00  2.804413e-04 
 1.683716e+00  2.826355e-04 
 1.684118e+00  2.836541e-04 
 1.684520e+00  2.829688e-04 
 1.684923e+00  2.803938e-04 
 1.685325e+00  2.761985e-04 
 1.685727e+00  2.706218e-04 
 1.686129e+00  2.641641e-04 
 1.686531e+00  2.574042e-04 
 1.686933e+00  2.509517e-04 
 1.687335e+00  2.453445e-04 
 1.687737e+00  2.407064e-04 
 1.688139e+00  2.372416e-04 
 1.688541e+00  2.347079e-04 
 1.688943e+00  2.327664e-04 
 1.689345e+00  2.311827e-04 
 1.689747e+00  2.297583e-04 
 1.690149e+00  2.284829e-04 
 1.690551e+00  2.273225e-04 
 1.690953e+00  2.265150e-04 
 1.691355e+00  2.259940e-04 
 1.691757e+00  2.260093e-04 
 1.692159e+00  2.265842e-04 
 1.692561e+00  2.277957e-04 
 1.692963e+00  2.296126e-04 
 1.693365e+00  2.317894e-04 
 1.693767e+00  2.343709e-04 
 1.694169e+00  2.372365e-04 
 1.694571e+00  2.407700e-04 
 1.694973e+00  2.451424e-04 
 1.695375e+00  2.503344e-04 
 1.695777e+00  2.563619e-04 
 1.696179e+00  2.628243e-04 
 1.696581e+00  2.692843e-04 
 1.696983e+00  2.752067e-04 
 1.697385e+00  2.801256e-04 
 1.697787e+00  2.837868e-04 
 1.698189e+00  2.860931e-04 
 1.698591e+00  2.873930e-04 
 1.698993e+00  2.879713e-04 
 1.699395e+00  2.883678e-04 
 1.699797e+00  2.887106e-04 
 1.700199e+00  2.887265e-04 
 1.700601e+00  2.881930e-04 
 1.701003e+00  2.867613e-04 
 1.701405e+00  2.843592e-04 
 1.701807e+00  2.808175e-04 
 1.702209e+00  2.763104e-04 
 1.702611e+00  2.708529e-04 
 1.703013e+00  2.645590e-04 
 1.703415e+00  2.579940e-04 
 1.703817e+00  2.511176e-04 
 1.704219e+00  2.441177e-04 
 1.704621e+00  2.367679e-04 
 1.705023e+00  2.290747e-04 
 1.705425e+00  2.210925e-04 
 1.705827e+00  2.130117e-04 
 1.706229e+00  2.052812e-04 
 1.706631e+00  1.980685e-04 
 1.707033e+00  1.917256e-04 
 1.707435e+00  1.866433e-04 
 1.707837e+00  1.828143e-04 
 1.708239e+00  1.800910e-04 
 1.708641e+00  1.780774e-04 
 1.709043e+00  1.762655e-04 
 1.709445e+00  1.740952e-04 
 1.709847e+00  1.712506e-04 
 1.710249e+00  1.675384e-04 
 1.710651e+00  1.629777e-04 
 1.711053e+00  1.577210e-04 
 1.711455e+00  1.519219e-04 
 1.711857e+00  1.456839e-04 
 1.712259e+00  1.390422e-04 
 1.712661e+00  1.318701e-04 
 1.713063e+00  1.240098e-04 
 1.713465e+00  1.155396e-04 
 1.713867e+00  1.066543e-04 
 1.714269e+00  9.775290e-05 
 1.714671e+00  8.927139e-05 
 1.715073e+00  8.168424e-05 
 1.715475e+00  7.529500e-05 
 1.715877e+00  7.003305e-05 
 1.716279e+00  6.570559e-05 
 1.716681e+00  6.191807e-05 
 1.717083e+00  5.831272e-05 
 1.717485e+00  5.461559e-05 
 1.717887e+00  5.081371e-05 
 1.718289e+00  4.688159e-05 
 1.718691e+00  4.311184e-05 
 1.719093e+00  3.975224e-05 
 1.719496e+00  3.689560e-05 
 1.719898e+00  3.498492e-05 
 1.720300e+00  3.399830e-05 
 1.720702e+00  3.397431e-05 
 1.721104e+00  3.470887e-05 
 1.721506e+00  3.596955e-05 
 1.721908e+00  3.759754e-05 
 1.722310e+00  3.938447e-05 
 1.722712e+00  4.143375e-05 
 1.723114e+00  4.343158e-05 
 1.723516e+00  4.572343e-05 
 1.723918e+00  4.849098e-05 
 1.724320e+00  5.171272e-05 
 1.724722e+00  5.540493e-05 
 1.725124e+00  5.923148e-05 
 1.725526e+00  6.296648e-05 
 1.725928e+00  6.618055e-05 
 1.726330e+00  6.903908e-05 
 1.726732e+00  7.154723e-05 
 1.727134e+00  7.373334e-05 
 1.727536e+00  7.573919e-05 
 1.727938e+00  7.748081e-05 
 1.728340e+00  7.927281e-05 
 1.728742e+00  8.095682e-05 
 1.729144e+00  8.255387e-05 
 1.729546e+00  8.402648e-05 
 1.729948e+00  8.516893e-05 
 1.730350e+00  8.606575e-05 
 1.730752e+00  8.671945e-05 
 1.731154e+00  8.730041e-05 
 1.731556e+00  8.800268e-05 
 1.731958e+00  8.893172e-05 
 1.732360e+00  9.030771e-05 
 1.732762e+00  9.202012e-05 
 1.733164e+00  9.404789e-05 
 1.733566e+00  9.607461e-05 
 1.733968e+00  9.793795e-05 
 1.734370e+00  9.941192e-05 
 1.734772e+00  1.002299e-04 
 1.735174e+00  1.005311e-04 
 1.735576e+00  1.004345e-04 
 1.735978e+00  1.001861e-04 
 1.736380e+00  1.001203e-04 
 1.736782e+00  1.004691e-04 
 1.737184e+00  1.011399e-04 
 1.737586e+00  1.019939e-04 
 1.737988e+00  1.030598e-04 
 1.738390e+00  1.044622e-04 
 1.738792e+00  1.061593e-04 
 1.739194e+00  1.085961e-04 
 1.739596e+00  1.118987e-04 
 1.739998e+00  1.163439e-04 
 1.740400e+00  1.220018e-04 
 1.740802e+00  1.286422e-04 
 1.741204e+00  1.358252e-04 
 1.741606e+00  1.431068e-04 
 1.742008e+00  1.499156e-04 
 1.742410e+00  1.560373e-04 
 1.742812e+00  1.614245e-04 
 1.743214e+00  1.662699e-04 
 1.743616e+00  1.705819e-04 
 1.744018e+00  1.716811e-04 
 1.744420e+00  1.751255e-04 
 1.744822e+00  1.784726e-04 
 1.745224e+00  1.815303e-04 
 1.745626e+00  1.841330e-04 
 1.746028e+00  1.862312e-04 
 1.746430e+00  1.878075e-04 
 1.746832e+00  1.890969e-04 
 1.747234e+00  1.901641e-04 
 1.747636e+00  1.912539e-04 
 1.748039e+00  1.925968e-04 
 1.748441e+00  1.939271e-04 
 1.748843e+00  1.950398e-04 
 1.749245e+00  1.956047e-04 
 1.749647e+00  1.952167e-04 
 1.750049e+00  1.952373e-04 
 1.750451e+00  1.916659e-04 
 1.750853e+00  1.868479e-04 
 1.751255e+00  1.813027e-04 
 1.751657e+00  1.756623e-04 
 1.752059e+00  1.703245e-04 
 1.752461e+00  1.656753e-04 
 1.752863e+00  1.617017e-04 
 1.753265e+00  1.582379e-04 
 1.753667e+00  1.548928e-04 
 1.754069e+00  1.513087e-04 
 1.754471e+00  1.472296e-04 
 1.754873e+00  1.426331e-04 
 1.755275e+00  1.376695e-04 
 1.755677e+00  1.326857e-04 
 1.756079e+00  1.279688e-04 
 1.756481e+00  1.236741e-04 
 1.756885e+00  1.198706e-04 
 1.757289e+00  1.167044e-04 
 1.757692e+00  1.139581e-04 
 1.758096e+00  1.117458e-04 
 1.758500e+00  1.101217e-04 
 1.758904e+00  1.093960e-04 
 1.759308e+00  1.098761e-04 
 1.759711e+00  1.120494e-04 
 1.760115e+00  1.159834e-04 
 1.760519e+00  1.215382e-04 
 1.760921e+00  1.285762e-04 
 1.761323e+00  1.367106e-04 
 1.761725e+00  1.454438e-04 
 1.762127e+00  1.543211e-04 
 1.762529e+00  1.629368e-04 
 1.762931e+00  1.713370e-04 
 1.763333e+00  1.794131e-04 
 1.763735e+00  1.872505e-04 
 1.764137e+00  1.950320e-04 
 1.764539e+00  2.027533e-04 
 1.764941e+00  2.104160e-04 
 1.765343e+00  2.181085e-04 
 1.765745e+00  2.256951e-04 
 1.766147e+00  2.330635e-04 
 1.766549e+00  2.401612e-04 
 1.766951e+00  2.469381e-04 
 1.767353e+00  2.536212e-04 
 1.767755e+00  2.602460e-04 
 1.768157e+00  2.667559e-04 
 1.768559e+00  2.729739e-04 
 1.768961e+00  2.787036e-04 
 1.769363e+00  2.837544e-04 
 1.769765e+00  2.878498e-04 
 1.770167e+00  2.910750e-04 
 1.770569e+00  2.937231e-04 
 1.770971e+00  2.962846e-04 
 1.771373e+00  2.992852e-04 
 1.771775e+00  3.031567e-04 
 1.772177e+00  3.084453e-04 
 1.772579e+00  3.151794e-04 
 1.772981e+00  3.230982e-04 
 1.773383e+00  3.319566e-04 
 1.773785e+00  3.414320e-04 
 1.774187e+00  3.510368e-04 
 1.774589e+00  3.603687e-04 
 1.774991e+00  3.691939e-04 
 1.775393e+00  3.773290e-04 
 1.775795e+00  3.848612e-04 
 1.776197e+00  3.916446e-04 
 1.776600e+00  3.977788e-04 
 1.777002e+00  4.034048e-04 
 1.777404e+00  4.086222e-04 
 1.777806e+00  4.135779e-04 
 1.778208e+00  4.162904e-04 
 1.778610e+00  4.212626e-04 
 1.779012e+00  4.264222e-04 
 1.779414e+00  4.320267e-04 
 1.779816e+00  4.381566e-04 
 1.780218e+00  4.447644e-04 
 1.780620e+00  4.516406e-04 
 1.781022e+00  4.583347e-04 
 1.781424e+00  4.645137e-04 
 1.781826e+00  4.696922e-04 
 1.782228e+00  4.734861e-04 
 1.782630e+00  4.755836e-04 
 1.783032e+00  4.758572e-04 
 1.783434e+00  4.746468e-04 
 1.783836e+00  4.724304e-04 
 1.784238e+00  4.694676e-04 
 1.784640e+00  4.659121e-04 
 1.785042e+00  4.620379e-04 
 1.785444e+00  4.579992e-04 
 1.785846e+00  4.539428e-04 
 1.786248e+00  4.498137e-04 
 1.786650e+00  4.457812e-04 
 1.787052e+00  4.445148e-04 
 1.787454e+00  4.406800e-04 
 1.787856e+00  4.369855e-04 
 1.788258e+00  4.334098e-04 
 1.788660e+00  4.299867e-04 
 1.789062e+00  4.263726e-04 
 1.789464e+00  4.222246e-04 
 1.789866e+00  4.173306e-04 
 1.790268e+00  4.115365e-04 
 1.790670e+00  4.047138e-04 
 1.791072e+00  3.967841e-04 
 1.791474e+00  3.879392e-04 
 1.791876e+00  3.785012e-04 
 1.792278e+00  3.688869e-04 
 1.792680e+00  3.595690e-04 
 1.793082e+00  3.508989e-04 
 1.793484e+00  3.431168e-04 
 1.793886e+00  3.359778e-04 
 1.794288e+00  3.292718e-04 
 1.794690e+00  3.227101e-04 
 1.795092e+00  3.161160e-04 
 1.795494e+00  3.092350e-04 
 1.795896e+00  3.019225e-04 
 1.796298e+00  2.944148e-04 
 1.796700e+00  2.869380e-04 
 1.797102e+00  2.795478e-04 
 1.797504e+00  2.723149e-04 
 1.797906e+00  2.653395e-04 
 1.798308e+00  2.586568e-04 
 1.798710e+00  2.522030e-04 
 1.799112e+00  2.460124e-04 
 1.799514e+00  2.402594e-04 
 1.799916e+00  2.354199e-04 
 1.800318e+00  2.316497e-04 
 1.800720e+00  2.290815e-04 
 1.801122e+00  2.276985e-04 
 1.801524e+00  2.271354e-04 
 1.801926e+00  2.270349e-04 
 1.802328e+00  2.270018e-04 
 1.802730e+00  2.265603e-04 
 1.803132e+00  2.254547e-04 
 1.803534e+00  2.236114e-04 
 1.803936e+00  2.213061e-04 
 1.804338e+00  2.189376e-04 
 1.804740e+00  2.167658e-04 
 1.805142e+00  2.149539e-04 
 1.805544e+00  2.136020e-04 
 1.805946e+00  2.125681e-04 
 1.806348e+00  2.117946e-04 
 1.806750e+00  2.113380e-04 
 1.807152e+00  2.110724e-04 
 1.807554e+00  2.109614e-04 
 1.807956e+00  2.112236e-04 
 1.808358e+00  2.119089e-04 
 1.808760e+00  2.128772e-04 
 1.809162e+00  2.139909e-04 
 1.809564e+00  2.146934e-04 
 1.809966e+00  2.143945e-04 
 1.810368e+00  2.125144e-04 
 1.810770e+00  2.088755e-04 
 1.811172e+00  2.035570e-04 
 1.811574e+00  1.969647e-04 
 1.811976e+00  1.897288e-04 
 1.812378e+00  1.824471e-04 
 1.812780e+00  1.758930e-04 
 1.813183e+00  1.704586e-04 
 1.813585e+00  1.660596e-04 
 1.813987e+00  1.625152e-04 
 1.814389e+00  1.595978e-04 
 1.814791e+00  1.571565e-04 
 1.815193e+00  1.550154e-04 
 1.815595e+00  1.530527e-04 
 1.815997e+00  1.514357e-04 
 1.816399e+00  1.501265e-04 
 1.816801e+00  1.491617e-04 
 1.817203e+00  1.484507e-04 
 1.817605e+00  1.479616e-04 
 1.818007e+00  1.475827e-04 
 1.818409e+00  1.471898e-04 
 1.818811e+00  1.467232e-04 
 1.819213e+00  1.463424e-04 
 1.819615e+00  1.463870e-04 
 1.820017e+00  1.469000e-04 
 1.820419e+00  1.481218e-04 
 1.820821e+00  1.504181e-04 
 1.821223e+00  1.536433e-04 
 1.821625e+00  1.573163e-04 
 1.822027e+00  1.610867e-04 
 1.822429e+00  1.648051e-04 
 1.822831e+00  1.680238e-04 
 1.823233e+00  1.704027e-04 
 1.823635e+00  1.720059e-04 
 1.824037e+00  1.727880e-04 
 1.824439e+00  1.731094e-04 
 1.824841e+00  1.732828e-04 
 1.825243e+00  1.735132e-04 
 1.825645e+00  1.737712e-04 
 1.826047e+00  1.737658e-04 
 1.826449e+00  1.733448e-04 
 1.826851e+00  1.723642e-04 
 1.827253e+00  1.709813e-04 
 1.827655e+00  1.693633e-04 
 1.828057e+00  1.677574e-04 
 1.828459e+00  1.662276e-04 
 1.828861e+00  1.648782e-04 
 1.829263e+00  1.635282e-04 
 1.829665e+00  1.619097e-04 
 1.830067e+00  1.595966e-04 
 1.830469e+00  1.561558e-04 
 1.830871e+00  1.515361e-04 
 1.831273e+00  1.457839e-04 
 1.831675e+00  1.392873e-04 
 1.832077e+00  1.324172e-04 
 1.832479e+00  1.254987e-04 
 1.832881e+00  1.188971e-04 
 1.833283e+00  1.128871e-04 
 1.833685e+00  1.075649e-04 
 1.834087e+00  1.028877e-04 
 1.834489e+00  9.864550e-05 
 1.834891e+00  9.447306e-05 
 1.835292e+00  9.025730e-05 
 1.835694e+00  8.586873e-05 
 1.836096e+00  8.126640e-05 
 1.836498e+00  7.661732e-05 
 1.836900e+00  7.215958e-05 
 1.837304e+00  6.825528e-05 
 1.837708e+00  6.498177e-05 
 1.838112e+00  6.239500e-05 
 1.838516e+00  6.027359e-05 
 1.838919e+00  5.849610e-05 
 1.839323e+00  5.698487e-05 
 1.839727e+00  5.558709e-05 
 1.840131e+00  5.443153e-05 
 1.840535e+00  5.368834e-05 
 1.840938e+00  5.334366e-05 
 1.841340e+00  5.336030e-05 
 1.841742e+00  5.359291e-05 
 1.842144e+00  5.382844e-05 
 1.842546e+00  5.375997e-05 
 1.842949e+00  5.333742e-05 
 1.843351e+00  5.256155e-05 
 1.843753e+00  5.166531e-05 
 1.844155e+00  5.071286e-05 
 1.844557e+00  4.974769e-05 
 1.844959e+00  4.909552e-05 
 1.845361e+00  4.889098e-05 
 1.845763e+00  4.921001e-05 
 1.846165e+00  4.993010e-05 
 1.846567e+00  5.098076e-05 
 1.846969e+00  5.240873e-05 
 1.847371e+00  5.425242e-05 
 1.847773e+00  5.662633e-05 
 1.848175e+00  5.946761e-05 
 1.848577e+00  6.278855e-05 
 1.848979e+00  6.650260e-05 
 1.849381e+00  7.072307e-05 
 1.849783e+00  7.543664e-05 
 1.850185e+00  8.056943e-05 
 1.850587e+00  8.573808e-05 
 1.850989e+00  9.062864e-05 
 1.851391e+00  9.500068e-05 
 1.851793e+00  9.880282e-05 
 1.852195e+00  1.023585e-04 
 1.852597e+00  1.059287e-04 
 1.852999e+00  1.098636e-04 
 1.853403e+00  1.145436e-04 
 1.853807e+00  1.202008e-04 
 1.854210e+00  1.266951e-04 
 1.854614e+00  1.337712e-04 
 1.855018e+00  1.410911e-04 
 1.855422e+00  1.482581e-04 
 1.855826e+00  1.552599e-04 
 1.856229e+00  1.621809e-04 
 1.856633e+00  1.692065e-04 
 1.857037e+00  1.766879e-04 
 1.857441e+00  1.847959e-04 
 1.857845e+00  1.934569e-04 
 1.858249e+00  2.025436e-04 
 1.858652e+00  2.117777e-04 
 1.859056e+00  2.208795e-04 
 1.859460e+00  2.297004e-04 
 1.859864e+00  2.381603e-04 
 1.860268e+00  2.462373e-04 
 1.860672e+00  2.539311e-04 
 1.861075e+00  2.613276e-04 
 1.861477e+00  2.683361e-04 
 1.861879e+00  2.749989e-04 
 1.862281e+00  2.810581e-04 
 1.862683e+00  2.861256e-04 
 1.863085e+00  2.899605e-04 
 1.863487e+00  2.924366e-04 
 1.863889e+00  2.936406e-04 
 1.864291e+00  2.938441e-04 
 1.864693e+00  2.935557e-04 
 1.865095e+00  2.932350e-04 
 1.865497e+00  2.933967e-04 
 1.865899e+00  2.943931e-04 
 1.866301e+00  2.962484e-04 
 1.866703e+00  2.986053e-04 
 1.867105e+00  3.009927e-04 
 1.867507e+00  3.005530e-04 
 1.867909e+00  3.025477e-04 
 1.868311e+00  3.069829e-04 
 1.868713e+00  3.089604e-04 
 1.869116e+00  3.111634e-04 
 1.869518e+00  3.135572e-04 
 1.869920e+00  3.161510e-04 
 1.870322e+00  3.186796e-04 
 1.870724e+00  3.208540e-04 
 1.871126e+00  3.223477e-04 
 1.871528e+00  3.205272e-04 
 1.871930e+00  3.205375e-04 
 1.872332e+00  3.202984e-04 
 1.872734e+00  3.201857e-04 
 1.873136e+00  3.203204e-04 
 1.873538e+00  3.206185e-04 
 1.873940e+00  3.231337e-04 
 1.874342e+00  3.232632e-04 
 1.874744e+00  3.230872e-04 
 1.875146e+00  3.222544e-04 
 1.875548e+00  3.205616e-04 
 1.875950e+00  3.178363e-04 
 1.876352e+00  3.141206e-04 
 1.876754e+00  3.096381e-04 
 1.877156e+00  3.047374e-04 
 1.877558e+00  2.998198e-04 
 1.877960e+00  2.951767e-04 
 1.878362e+00  2.910410e-04 
 1.878764e+00  2.876076e-04 
 1.879166e+00  2.847725e-04 
 1.879568e+00  2.825332e-04 
 1.879970e+00  2.809515e-04 
 1.880372e+00  2.800191e-04 
 1.880774e+00  2.797348e-04 
 1.881176e+00  2.799634e-04 
 1.881578e+00  2.805080e-04 
 1.881980e+00  2.809388e-04 
 1.882382e+00  2.808160e-04 
 1.882784e+00  2.797765e-04 
 1.883186e+00  2.775657e-04 
 1.883588e+00  2.742650e-04 
 1.883990e+00  2.701594e-04 
 1.884392e+00  2.657483e-04 
 1.884794e+00  2.617291e-04 
 1.885196e+00  2.585543e-04 
 1.885600e+00  2.564395e-04 
 1.886004e+00  2.555992e-04 
 1.886408e+00  2.559439e-04 
 1.886811e+00  2.572375e-04 
 1.887215e+00  2.593337e-04 
 1.887619e+00  2.620257e-04 
 1.888023e+00  2.649218e-04 
 1.888427e+00  2.678680e-04 
 1.888830e+00  2.706992e-04 
 1.889234e+00  2.732745e-04 
 1.889636e+00  2.754434e-04 
 1.890038e+00  2.771329e-04 
 1.890440e+00  2.785407e-04 
 1.890842e+00  2.797793e-04 
 1.891244e+00  2.808426e-04 
 1.891646e+00  2.818247e-04 
 1.892048e+00  2.828712e-04 
 1.892450e+00  2.840159e-04 
 1.892852e+00  2.854879e-04 
 1.893254e+00  2.875794e-04 
 1.893658e+00  2.903814e-04 
 1.894061e+00  2.938404e-04 
 1.894465e+00  2.978656e-04 
 1.894869e+00  3.020384e-04 
 1.895273e+00  3.060106e-04 
 1.895677e+00  3.091770e-04 
 1.896080e+00  3.111816e-04 
 1.896484e+00  3.120032e-04 
 1.896888e+00  3.118785e-04 
 1.897292e+00  3.113278e-04 
 1.897694e+00  3.106492e-04 
 1.898096e+00  3.100746e-04 
 1.898498e+00  3.097196e-04 
 1.898900e+00  3.096333e-04 
 1.899302e+00  3.097588e-04 
 1.899704e+00  3.100714e-04 
 1.900106e+00  3.106433e-04 
 1.900508e+00  3.113498e-04 
 1.900910e+00  3.122103e-04 
 1.901312e+00  3.131009e-04 
 1.901714e+00  3.139764e-04 
 1.902116e+00  3.146830e-04 
 1.902518e+00  3.152400e-04 
 1.902920e+00  3.155231e-04 
 1.903322e+00  3.155007e-04 
 1.903724e+00  3.150063e-04 
 1.904126e+00  3.140296e-04 
 1.904528e+00  3.128552e-04 
 1.904930e+00  3.117489e-04 
 1.905332e+00  3.109343e-04 
 1.905734e+00  3.107407e-04 
 1.906136e+00  3.113042e-04 
 1.906538e+00  3.126736e-04 
 1.906940e+00  3.145854e-04 
 1.907342e+00  3.166130e-04 
 1.907744e+00  3.183336e-04 
 1.908146e+00  3.191083e-04 
 1.908548e+00  3.186178e-04 
 1.908950e+00  3.169512e-04 
 1.909352e+00  3.144718e-04 
 1.909754e+00  3.113038e-04 
 1.910156e+00  3.078139e-04 
 1.910558e+00  3.042105e-04 
 1.910960e+00  3.004887e-04 
 1.911362e+00  2.968416e-04 
 1.911764e+00  2.933987e-04 
 1.912166e+00  2.901878e-04 
 1.912568e+00  2.873987e-04 
 1.912970e+00  2.852325e-04 
 1.913372e+00  2.838156e-04 
 1.913774e+00  2.832536e-04 
 1.914176e+00  2.833431e-04 
 1.914578e+00  2.835816e-04 
 1.914980e+00  2.834985e-04 
 1.915382e+00  2.825313e-04 
 1.915784e+00  2.802385e-04 
 1.916186e+00  2.762910e-04 
 1.916588e+00  2.703966e-04 
 1.916990e+00  2.626318e-04 
 1.917392e+00  2.533767e-04 
 1.917794e+00  2.431973e-04 
 1.918196e+00  2.326639e-04 
 1.918598e+00  2.223295e-04 
 1.919000e+00  2.125441e-04 
 1.919402e+00  2.035014e-04 
 1.919804e+00  1.952272e-04 
 1.920206e+00  1.875754e-04 
 1.920608e+00  1.801792e-04 
 1.921010e+00  1.728993e-04 
 1.921412e+00  1.655961e-04 
 1.921814e+00  1.581663e-04 
 1.922216e+00  1.506831e-04 
 1.922618e+00  1.430370e-04 
 1.923020e+00  1.350456e-04 
 1.923422e+00  1.265582e-04 
 1.923824e+00  1.173683e-04 
 1.924226e+00  1.074971e-04 
 1.924628e+00  9.723892e-05 
 1.925030e+00  8.714659e-05 
 1.925432e+00  7.788035e-05 
 1.925834e+00  7.008901e-05 
 1.926236e+00  6.404906e-05 
 1.926638e+00  5.990585e-05 
 1.927040e+00  5.754048e-05 
 1.927442e+00  5.659251e-05 
 1.927844e+00  5.645724e-05 
 1.928246e+00  5.663888e-05 
 1.928648e+00  5.680751e-05 
 1.929050e+00  5.665112e-05 
 1.929452e+00  5.610986e-05 
 1.929854e+00  5.516959e-05 
 1.930256e+00  5.391648e-05 
 1.930658e+00  5.244672e-05 
 1.931061e+00  5.074608e-05 
 1.931463e+00  4.896039e-05 
 1.931865e+00  4.730298e-05 
 1.932267e+00  4.594121e-05 
 1.932669e+00  4.491530e-05 
 1.933071e+00  4.455595e-05 
 1.933473e+00  4.504275e-05 
 1.933875e+00  4.656582e-05 
 1.934277e+00  4.922804e-05 
 1.934679e+00  5.287013e-05 
 1.935081e+00  5.723000e-05 
 1.935483e+00  6.177810e-05 
 1.935885e+00  6.608425e-05 
 1.936287e+00  6.982597e-05 
 1.936689e+00  7.280100e-05 
 1.937091e+00  7.503220e-05 
 1.937493e+00  7.665404e-05 
 1.937895e+00  7.804756e-05 
 1.938297e+00  7.952506e-05 
 1.938699e+00  8.123591e-05 
 1.939101e+00  8.327466e-05 
 1.939503e+00  8.571076e-05 
 1.939905e+00  8.863429e-05 
 1.940307e+00  9.229095e-05 
 1.940709e+00  9.675211e-05 
 1.941111e+00  1.019540e-04 
 1.941513e+00  1.077702e-04 
 1.941915e+00  1.139076e-04 
 1.942317e+00  1.199424e-04 
 1.942719e+00  1.254890e-04 
 1.943121e+00  1.301977e-04 
 1.943523e+00  1.338676e-04 
 1.943925e+00  1.366529e-04 
 1.944327e+00  1.387814e-04 
 1.944730e+00  1.406392e-04 
 1.945132e+00  1.426215e-04 
 1.945534e+00  1.451141e-04 
 1.945936e+00  1.484199e-04 
 1.946338e+00  1.529028e-04 
 1.946740e+00  1.586424e-04 
 1.947142e+00  1.655624e-04 
 1.947544e+00  1.733763e-04 
 1.947946e+00  1.816635e-04 
 1.948348e+00  1.899857e-04 
 1.948750e+00  1.977888e-04 
 1.949152e+00  2.045771e-04 
 1.949554e+00  2.102795e-04 
 1.949956e+00  2.149208e-04 
 1.950358e+00  2.187595e-04 
 1.950760e+00  2.218693e-04 
 1.951162e+00  2.243448e-04 
 1.951564e+00  2.261970e-04 
 1.951966e+00  2.274082e-04 
 1.952368e+00  2.280046e-04 
 1.952770e+00  2.282479e-04 
 1.953172e+00  2.282246e-04 
 1.953574e+00  2.251914e-04 
 1.953976e+00  2.249540e-04 
 1.954378e+00  2.249545e-04 
 1.954780e+00  2.250585e-04 
 1.955182e+00  2.250400e-04 
 1.955584e+00  2.268494e-04 
 1.955986e+00  2.253653e-04 
 1.956388e+00  2.227733e-04 
 1.956790e+00  2.190091e-04 
 1.957192e+00  2.141816e-04 
 1.957594e+00  2.085465e-04 
 1.957996e+00  2.024630e-04 
 1.958397e+00  1.962345e-04 
 1.958799e+00  1.903307e-04 
 1.959201e+00  1.852629e-04 
 1.959603e+00  1.811874e-04 
 1.960005e+00  1.781926e-04 
 1.960407e+00  1.761138e-04 
 1.960809e+00  1.747879e-04 
 1.961211e+00  1.739555e-04 
 1.961613e+00  1.733054e-04 
 1.962015e+00  1.727406e-04 
 1.962418e+00  1.723223e-04 
 1.962820e+00  1.720135e-04 
 1.963222e+00  1.718869e-04 
 1.963624e+00  1.716755e-04 
 1.964026e+00  1.710889e-04 
 1.964428e+00  1.699907e-04 
 1.964830e+00  1.684217e-04 
 1.965232e+00  1.665631e-04 
 1.965634e+00  1.649160e-04 
 1.966036e+00  1.639310e-04 
 1.966438e+00  1.642704e-04 
 1.966840e+00  1.662742e-04 
 1.967242e+00  1.700107e-04 
 1.967644e+00  1.752188e-04 
 1.968046e+00  1.814173e-04 
 1.968448e+00  1.880079e-04 
 1.968850e+00  1.944867e-04 
 1.969252e+00  2.005073e-04 
 1.969654e+00  2.059589e-04 
 1.970056e+00  2.107933e-04 
 1.970458e+00  2.150768e-04 
 1.970860e+00  2.190647e-04 
 1.971262e+00  2.228992e-04 
 1.971664e+00  2.265921e-04 
 1.972066e+00  2.301138e-04 
 1.972468e+00  2.336195e-04 
 1.972870e+00  2.370669e-04 
 1.973272e+00  2.403619e-04 
 1.973674e+00  2.434202e-04 
 1.974076e+00  2.461060e-04 
 1.974478e+00  2.484917e-04 
 1.974880e+00  2.506260e-04 
 1.975282e+00  2.525204e-04 
 1.975684e+00  2.542495e-04 
 1.976086e+00  2.556344e-04 
 1.976488e+00  2.565000e-04 
 1.976890e+00  2.568448e-04 
 1.977292e+00  2.568407e-04 
 1.977694e+00  2.567681e-04 
 1.978096e+00  2.567868e-04 
 1.978498e+00  2.571586e-04 
 1.978900e+00  2.582591e-04 
 1.979302e+00  2.602484e-04 
 1.979704e+00  2.630664e-04 
 1.980106e+00  2.665391e-04 
 1.980508e+00  2.703025e-04 
 1.980910e+00  2.739127e-04 
 1.981312e+00  2.771084e-04 
 1.981714e+00  2.799129e-04 
 1.982116e+00  2.823079e-04 
 1.982518e+00  2.844778e-04 
 1.982920e+00  2.865247e-04 
 1.983322e+00  2.885906e-04 
 1.983724e+00  2.907485e-04 
 1.984126e+00  2.928832e-04 
 1.984528e+00  2.949449e-04 
 1.984930e+00  2.969970e-04 
 1.985332e+00  2.990707e-04 
 1.985734e+00  3.012954e-04 
 1.986136e+00  3.037814e-04 
 1.986538e+00  3.065400e-04 
 1.986940e+00  3.096387e-04 
 1.987342e+00  3.131739e-04 
 1.987744e+00  3.170426e-04 
 1.988146e+00  3.209188e-04 
 1.988548e+00  3.245011e-04 
 1.988950e+00  3.276450e-04 
 1.989352e+00  3.303645e-04 
 1.989754e+00  3.327854e-04 
 1.990156e+00  3.351332e-04 
 1.990558e+00  3.378718e-04 
 1.990960e+00  3.391866e-04 
 1.991362e+00  3.434082e-04 
 1.991764e+00  3.487121e-04 
 1.992166e+00  3.548326e-04 
 1.992568e+00  3.613247e-04 
 1.992970e+00  3.676464e-04 
 1.993372e+00  3.733934e-04 
 1.993774e+00  3.783132e-04 
 1.994176e+00  3.822470e-04 
 1.994578e+00  3.850429e-04 
 1.994980e+00  3.866414e-04 
 1.995382e+00  3.871304e-04 
 1.995784e+00  3.864598e-04 
 1.996186e+00  3.844434e-04 
 1.996588e+00  3.810004e-04 
 1.996990e+00  3.761896e-04 
 1.997392e+00  3.703014e-04 
 1.997794e+00  3.638357e-04 
 1.998196e+00  3.572015e-04 
 1.998598e+00  3.509232e-04 
 1.999000e+00  3.450783e-04 
 1.999402e+00  3.396279e-04 
 1.999804e+00  3.369547e-04 
 2.000206e+00  3.320116e-04 
 2.000608e+00  3.270789e-04 
 2.001010e+00  3.218066e-04 
 2.001412e+00  3.158737e-04 
 2.001814e+00  3.091758e-04 
 2.002216e+00  3.017668e-04 
 2.002618e+00  2.937544e-04 
 2.003020e+00  2.853498e-04 
 2.003422e+00  2.768639e-04 
 2.003824e+00  2.685914e-04 
 2.004226e+00  2.606436e-04 
 2.004628e+00  2.532179e-04 
 2.005031e+00  2.463221e-04 
 2.005433e+00  2.398923e-04 
 2.005835e+00  2.339220e-04 
 2.006237e+00  2.284958e-04 
 2.006639e+00  2.237896e-04 
 2.007041e+00  2.198160e-04 
 2.007443e+00  2.166687e-04 
 2.007845e+00  2.143285e-04 
 2.008247e+00  2.124284e-04 
 2.008649e+00  2.107074e-04 
 2.009051e+00  2.087337e-04 
 2.009453e+00  2.063769e-04 
 2.009855e+00  2.036246e-04 
 2.010257e+00  2.006497e-04 
 2.010659e+00  1.976747e-04 
 2.011061e+00  1.949805e-04 
 2.011463e+00  1.929037e-04 
 2.011865e+00  1.917419e-04 
 2.012267e+00  1.914748e-04 
 2.012669e+00  1.918307e-04 
 2.013071e+00  1.923460e-04 
 2.013473e+00  1.926147e-04 
 2.013875e+00  1.921717e-04 
 2.014278e+00  1.907167e-04 
 2.014682e+00  1.880893e-04 
 2.015086e+00  1.843508e-04 
 2.015490e+00  1.796215e-04 
 2.015894e+00  1.742708e-04 
 2.016298e+00  1.687439e-04 
 2.016701e+00  1.632143e-04 
 2.017105e+00  1.577396e-04 
 2.017509e+00  1.522442e-04 
 2.017913e+00  1.467611e-04 
 2.018315e+00  1.415867e-04 
 2.018717e+00  1.368724e-04 
 2.019119e+00  1.327927e-04 
 2.019521e+00  1.295745e-04 
 2.019923e+00  1.274830e-04 
 2.020325e+00  1.264348e-04 
 2.020727e+00  1.262085e-04 
 2.021129e+00  1.263342e-04 
 2.021531e+00  1.262952e-04 
 2.021933e+00  1.256600e-04 
 2.022335e+00  1.243248e-04 
 2.022737e+00  1.227174e-04 
 2.023139e+00  1.211975e-04 
 2.023541e+00  1.200135e-04 
 2.023943e+00  1.194077e-04 
 2.024345e+00  1.196238e-04 
 2.024747e+00  1.207792e-04 
 2.025149e+00  1.228636e-04 
 2.025551e+00  1.257384e-04 
 2.025953e+00  1.293644e-04 
 2.026355e+00  1.308443e-04 
 2.026758e+00  1.358692e-04 
 2.027160e+00  1.412995e-04 
 2.027562e+00  1.494970e-04 
 2.027964e+00  1.548491e-04 
 2.028366e+00  1.594132e-04 
 2.028768e+00  1.627357e-04 
 2.029170e+00  1.644082e-04 
 2.029572e+00  1.642880e-04 
 2.029974e+00  1.625225e-04 
 2.030376e+00  1.596115e-04 
 2.030778e+00  1.562591e-04 
 2.031180e+00  1.531657e-04 
 2.031582e+00  1.510882e-04 
 2.031984e+00  1.505479e-04 
 2.032386e+00  1.518088e-04 
 2.032788e+00  1.547449e-04 
 2.033190e+00  1.589115e-04 
 2.033592e+00  1.636388e-04 
 2.033994e+00  1.683630e-04 
 2.034396e+00  1.727272e-04 
 2.034798e+00  1.764331e-04 
 2.035200e+00  1.793434e-04 
 2.035602e+00  1.813872e-04 
 2.036004e+00  1.824945e-04 
 2.036406e+00  1.826447e-04 
 2.036808e+00  1.818753e-04 
 2.037210e+00  1.803143e-04 
 2.037612e+00  1.780882e-04 
 2.038014e+00  1.754451e-04 
 2.038416e+00  1.728462e-04 
 2.038818e+00  1.707525e-04 
 2.039220e+00  1.695629e-04 
 2.039622e+00  1.691939e-04 
 2.040024e+00  1.693627e-04 
 2.040426e+00  1.696635e-04 
 2.040828e+00  1.695545e-04 
 2.041230e+00  1.686279e-04 
 2.041632e+00  1.664852e-04 
 2.042034e+00  1.629722e-04 
 2.042436e+00  1.581182e-04 
 2.042838e+00  1.520831e-04 
 2.043240e+00  1.453514e-04 
 2.043642e+00  1.383853e-04 
 2.044044e+00  1.316877e-04 
 2.044446e+00  1.256675e-04 
 2.044848e+00  1.205016e-04 
 2.045250e+00  1.163938e-04 
 2.045652e+00  1.134818e-04 
 2.046054e+00  1.115160e-04 
 2.046456e+00  1.103049e-04 
 2.046858e+00  1.096753e-04 
 2.047260e+00  1.096125e-04 
 2.047662e+00  1.101186e-04 
 2.048064e+00  1.111793e-04 
 2.048466e+00  1.126564e-04 
 2.048868e+00  1.143701e-04 
 2.049270e+00  1.159736e-04 
 2.049672e+00  1.170686e-04 
 2.050074e+00  1.176808e-04 
 2.050476e+00  1.178670e-04 
 2.050878e+00  1.179249e-04 
 2.051280e+00  1.183261e-04 
 2.051682e+00  1.196442e-04 
 2.052084e+00  1.223399e-04 
 2.052486e+00  1.265419e-04 
 2.052888e+00  1.320150e-04 
 2.053290e+00  1.383782e-04 
 2.053692e+00  1.450561e-04 
 2.054094e+00  1.513244e-04 
 2.054496e+00  1.567920e-04 
 2.054898e+00  1.612478e-04 
 2.055300e+00  1.647499e-04 
 2.055702e+00  1.672482e-04 
 2.056104e+00  1.688991e-04 
 2.056506e+00  1.698940e-04 
 2.056908e+00  1.704536e-04 
 2.057310e+00  1.708638e-04 
 2.057712e+00  1.711747e-04 
 2.058114e+00  1.714624e-04 
 2.058516e+00  1.716706e-04 
 2.058918e+00  1.718091e-04 
 2.059320e+00  1.720131e-04 
 2.059722e+00  1.722921e-04 
 2.060124e+00  1.726656e-04 
 2.060526e+00  1.730462e-04 
 2.060928e+00  1.732199e-04 
 2.061330e+00  1.729934e-04 
 2.061732e+00  1.721833e-04 
 2.062135e+00  1.706454e-04 
 2.062537e+00  1.682728e-04 
 2.062939e+00  1.651962e-04 
 2.063341e+00  1.619291e-04 
 2.063743e+00  1.589774e-04 
 2.064145e+00  1.569066e-04 
 2.064547e+00  1.558502e-04 
 2.064949e+00  1.557515e-04 
 2.065351e+00  1.565360e-04 
 2.065753e+00  1.579190e-04 
 2.066155e+00  1.596402e-04 
 2.066557e+00  1.615464e-04 
 2.066959e+00  1.634907e-04 
 2.067361e+00  1.652917e-04 
 2.067763e+00  1.668998e-04 
 2.068165e+00  1.684187e-04 
 2.068567e+00  1.698790e-04 
 2.068969e+00  1.712272e-04 
 2.069371e+00  1.723112e-04 
 2.069773e+00  1.730869e-04 
 2.070175e+00  1.735039e-04 
 2.070577e+00  1.734000e-04 
 2.070979e+00  1.727568e-04 
 2.071381e+00  1.717956e-04 
 2.071783e+00  1.707501e-04 
 2.072185e+00  1.698955e-04 
 2.072587e+00  1.695139e-04 
 2.072989e+00  1.699270e-04 
 2.073391e+00  1.711240e-04 
 2.073793e+00  1.728678e-04 
 2.074195e+00  1.747377e-04 
 2.074597e+00  1.764240e-04 
 2.074999e+00  1.775225e-04 
 2.075401e+00  1.778879e-04 
 2.075803e+00  1.777528e-04 
 2.076205e+00  1.773935e-04 
 2.076607e+00  1.769789e-04 
 2.077009e+00  1.766351e-04 
 2.077411e+00  1.763994e-04 
 2.077813e+00  1.761770e-04 
 2.078215e+00  1.758863e-04 
 2.078617e+00  1.754548e-04 
 2.079019e+00  1.749398e-04 
 2.079421e+00  1.746412e-04 
 2.079823e+00  1.749182e-04 
 2.080225e+00  1.760964e-04 
 2.080627e+00  1.783289e-04 
 2.081029e+00  1.814839e-04 
 2.081431e+00  1.853384e-04 
 2.081833e+00  1.893550e-04 
 2.082235e+00  1.931427e-04 
 2.082637e+00  1.962897e-04 
 2.083039e+00  1.985625e-04 
 2.083441e+00  1.998765e-04 
 2.083843e+00  2.003905e-04 
 2.084245e+00  2.003681e-04 
 2.084647e+00  2.001230e-04 
 2.085049e+00  1.998313e-04 
 2.085451e+00  1.995180e-04 
 2.085853e+00  1.991959e-04 
 2.086255e+00  1.989170e-04 
 2.086657e+00  1.986607e-04 
 2.087059e+00  1.984500e-04 
 2.087461e+00  1.983572e-04 
 2.087863e+00  1.985000e-04 
 2.088265e+00  1.990962e-04 
 2.088667e+00  2.002318e-04 
 2.089069e+00  2.018111e-04 
 2.089471e+00  2.037181e-04 
 2.089873e+00  2.057265e-04 
 2.090275e+00  2.074657e-04 
 2.090677e+00  2.087976e-04 
 2.091079e+00  2.098676e-04 
 2.091481e+00  2.108577e-04 
 2.091883e+00  2.121254e-04 
 2.092285e+00  2.138890e-04 
 2.092687e+00  2.163208e-04 
 2.093089e+00  2.192801e-04 
 2.093491e+00  2.224611e-04 
 2.093893e+00  2.255451e-04 
 2.094295e+00  2.283045e-04 
 2.094697e+00  2.305269e-04 
 2.095099e+00  2.321074e-04 
 2.095501e+00  2.332703e-04 
 2.095903e+00  2.342530e-04 
 2.096305e+00  2.352828e-04 
 2.096707e+00  2.365588e-04 
 2.097109e+00  2.381935e-04 
 2.097511e+00  2.402191e-04 
 2.097914e+00  2.425682e-04 
 2.098316e+00  2.453337e-04 
 2.098718e+00  2.485245e-04 
 2.099120e+00  2.519172e-04 
 2.099522e+00  2.552134e-04 
 2.099924e+00  2.581764e-04 
 2.100326e+00  2.606291e-04 
 2.100728e+00  2.625238e-04 
 2.101130e+00  2.637818e-04 
 2.101532e+00  2.643063e-04 
 2.101934e+00  2.640465e-04 
 2.102336e+00  2.629439e-04 
 2.102738e+00  2.610085e-04 
 2.103140e+00  2.583671e-04 
 2.103542e+00  2.552761e-04 
 2.103944e+00  2.520363e-04 
 2.104346e+00  2.489444e-04 
 2.104748e+00  2.463064e-04 
 2.105150e+00  2.443045e-04 
 2.105552e+00  2.429202e-04 
 2.105954e+00  2.420156e-04 
 2.106356e+00  2.412855e-04 
 2.106758e+00  2.404538e-04 
 2.107160e+00  2.393412e-04 
 2.107562e+00  2.378815e-04 
 2.107964e+00  2.361166e-04 
 2.108366e+00  2.340954e-04 
 2.108768e+00  2.319739e-04 
 2.109170e+00  2.299034e-04 
 2.109572e+00  2.278256e-04 
 2.109974e+00  2.257979e-04 
 2.110376e+00  2.238705e-04 
 2.110778e+00  2.222430e-04 
 2.111180e+00  2.211376e-04 
 2.111582e+00  2.207149e-04 
 2.111984e+00  2.210894e-04 
 2.112386e+00  2.223778e-04 
 2.112788e+00  2.244690e-04 
 2.113190e+00  2.271253e-04 
 2.113592e+00  2.302707e-04 
 2.113994e+00  2.336125e-04 
 2.114396e+00  2.367191e-04 
 2.114798e+00  2.391693e-04 
 2.115200e+00  2.406771e-04 
 2.115602e+00  2.411525e-04 
 2.116004e+00  2.405862e-04 
 2.116406e+00  2.392874e-04 
 2.116808e+00  2.378285e-04 
 2.117210e+00  2.367776e-04 
 2.117612e+00  2.364575e-04 
 2.118014e+00  2.370287e-04 
 2.118416e+00  2.384535e-04 
 2.118818e+00  2.403920e-04 
 2.119220e+00  2.424046e-04 
 2.119622e+00  2.442222e-04 
 2.120024e+00  2.455451e-04 
 2.120426e+00  2.460496e-04 
 2.120828e+00  2.456203e-04 
 2.121230e+00  2.442550e-04 
 2.121632e+00  2.419964e-04 
 2.122034e+00  2.389027e-04 
 2.122436e+00  2.352545e-04 
 2.122838e+00  2.313668e-04 
 2.123240e+00  2.276329e-04 
 2.123642e+00  2.243366e-04 
 2.124044e+00  2.217369e-04 
 2.124446e+00  2.199700e-04 
 2.124848e+00  2.191388e-04 
 2.125250e+00  2.191850e-04 
 2.125652e+00  2.199081e-04 
 2.126054e+00  2.211132e-04 
 2.126456e+00  2.224504e-04 
 2.126858e+00  2.235780e-04 
 2.127260e+00  2.243630e-04 
 2.127662e+00  2.247517e-04 
 2.128065e+00  2.249118e-04 
 2.128467e+00  2.251374e-04 
 2.128869e+00  2.256678e-04 
 2.129271e+00  2.267377e-04 
 2.129673e+00  2.284978e-04 
 2.130075e+00  2.309110e-04 
 2.130477e+00  2.339002e-04 
 2.130879e+00  2.374310e-04 
 2.131281e+00  2.414284e-04 
 2.131683e+00  2.459289e-04 
 2.132085e+00  2.510116e-04 
 2.132487e+00  2.567713e-04 
 2.132889e+00  2.632161e-04 
 2.133291e+00  2.702446e-04 
 2.133693e+00  2.776062e-04 
 2.134095e+00  2.847825e-04 
 2.134497e+00  2.912024e-04 
 2.134899e+00  2.965126e-04 
 2.135301e+00  3.004238e-04 
 2.135703e+00  3.028611e-04 
 2.136105e+00  3.039163e-04 
 2.136507e+00  3.038964e-04 
 2.136909e+00  3.031717e-04 
 2.137311e+00  3.020105e-04 
 2.137713e+00  3.007832e-04 
 2.138115e+00  2.995778e-04 
 2.138517e+00  2.983045e-04 
 2.138919e+00  2.969036e-04 
 2.139321e+00  2.953811e-04 
 2.139723e+00  2.936986e-04 
 2.140125e+00  2.918080e-04 
 2.140527e+00  2.896261e-04 
 2.140929e+00  2.870966e-04 
 2.141331e+00  2.842223e-04 
 2.141733e+00  2.811024e-04 
 2.142135e+00  2.777431e-04 
 2.142537e+00  2.741528e-04 
 2.142939e+00  2.703851e-04 
 2.143341e+00  2.666142e-04 
 2.143743e+00  2.631879e-04 
 2.144145e+00  2.605290e-04 
 2.144547e+00  2.588373e-04 
 2.144949e+00  2.581623e-04 
 2.145351e+00  2.584005e-04 
 2.145753e+00  2.593693e-04 
 2.146155e+00  2.606970e-04 
 2.146557e+00  2.619841e-04 
 2.146959e+00  2.626977e-04 
 2.147361e+00  2.624446e-04 
 2.147763e+00  2.610070e-04 
 2.148165e+00  2.584179e-04 
 2.148567e+00  2.549278e-04 
 2.148969e+00  2.508428e-04 
 2.149371e+00  2.465104e-04 
 2.149773e+00  2.420357e-04 
 2.150175e+00  2.376546e-04 
 2.150577e+00  2.334727e-04 
 2.150979e+00  2.295342e-04 
 2.151381e+00  2.259973e-04 
 2.151783e+00  2.230622e-04 
 2.152185e+00  2.209011e-04 
 2.152587e+00  2.196481e-04 
 2.152989e+00  2.193158e-04 
 2.153391e+00  2.196391e-04 
 2.153793e+00  2.202770e-04 
 2.154195e+00  2.208638e-04 
 2.154597e+00  2.209916e-04 
 2.154999e+00  2.203856e-04 
 2.155401e+00  2.189184e-04 
 2.155803e+00  2.165106e-04 
 2.156205e+00  2.132800e-04 
 2.156607e+00  2.093200e-04 
 2.157009e+00  2.048483e-04 
 2.157411e+00  2.001859e-04 
 2.157813e+00  1.956192e-04 
 2.158215e+00  1.914074e-04 
 2.158617e+00  1.876474e-04 
 2.159019e+00  1.844565e-04 
 2.159421e+00  1.819146e-04 
 2.159823e+00  1.799790e-04 
 2.160225e+00  1.785664e-04 
 2.160627e+00  1.776984e-04 
 2.161029e+00  1.771196e-04 
 2.161431e+00  1.765382e-04 
 2.161833e+00  1.757268e-04 
 2.162235e+00  1.743536e-04 
 2.162637e+00  1.721974e-04 
 2.163039e+00  1.691363e-04 
 2.163441e+00  1.653425e-04 
 2.163843e+00  1.611079e-04 
 2.164245e+00  1.567687e-04 
 2.164647e+00  1.526945e-04 
 2.165049e+00  1.491348e-04 
 2.165451e+00  1.462796e-04 
 2.165853e+00  1.440865e-04 
 2.166255e+00  1.425582e-04 
 2.166657e+00  1.416574e-04 
 2.167059e+00  1.412034e-04 
 2.167461e+00  1.409021e-04 
 2.167863e+00  1.405406e-04 
 2.168265e+00  1.399621e-04 
 2.168667e+00  1.390591e-04 
 2.169068e+00  1.378807e-04 
 2.169470e+00  1.364733e-04 
 2.169872e+00  1.350461e-04 
 2.170274e+00  1.338158e-04 
 2.170676e+00  1.329572e-04 
 2.171080e+00  1.326631e-04 
 2.171484e+00  1.330496e-04 
 2.171888e+00  1.342285e-04 
 2.172291e+00  1.362813e-04 
 2.172695e+00  1.391893e-04 
 2.173099e+00  1.430410e-04 
 2.173503e+00  1.478251e-04 
 2.173907e+00  1.533115e-04 
 2.174311e+00  1.590637e-04 
 2.174714e+00  1.646166e-04 
 2.175118e+00  1.693742e-04 
 2.175522e+00  1.729468e-04 
 2.175926e+00  1.750366e-04 
 2.176330e+00  1.758076e-04 
 2.176733e+00  1.755739e-04 
 2.177137e+00  1.747379e-04 
 2.177541e+00  1.710628e-04 
 2.177945e+00  1.702384e-04 
 2.178349e+00  1.697337e-04 
 2.178752e+00  1.695132e-04 
 2.179154e+00  1.692572e-04 
 2.179556e+00  1.685530e-04 
 2.179958e+00  1.670750e-04 
 2.180360e+00  1.668040e-04 
 2.180762e+00  1.629422e-04 
 2.181164e+00  1.579635e-04 
 2.181567e+00  1.519795e-04 
 2.181969e+00  1.451753e-04 
 2.182371e+00  1.376346e-04 
 2.182773e+00  1.295614e-04 
 2.183175e+00  1.210946e-04 
 2.183577e+00  1.124416e-04 
 2.183979e+00  1.038994e-04 
 2.184381e+00  9.580495e-05 
 2.184783e+00  8.875347e-05 
 2.185185e+00  8.315980e-05 
 2.185587e+00  7.936410e-05 
 2.185989e+00  7.740407e-05 
 2.186391e+00  7.709484e-05 
 2.186793e+00  7.813485e-05 
 2.187195e+00  8.015782e-05 
 2.187597e+00  8.283902e-05 
 2.187999e+00  8.592275e-05 
 2.188401e+00  8.928809e-05 
 2.188803e+00  9.296335e-05 
 2.189205e+00  9.706970e-05 
 2.189607e+00  1.018210e-04 
 2.190009e+00  1.072381e-04 
 2.190411e+00  1.133653e-04 
 2.190813e+00  1.201134e-04 
 2.191215e+00  1.273343e-04 
 2.191617e+00  1.348855e-04 
 2.192019e+00  1.426449e-04 
 2.192421e+00  1.506484e-04 
 2.192823e+00  1.588626e-04 
 2.193225e+00  1.673753e-04 
 2.193627e+00  1.762499e-04 
 2.194029e+00  1.852435e-04 
 2.194431e+00  1.939911e-04 
 2.194833e+00  2.019475e-04 
 2.195235e+00  2.084297e-04 
 2.195637e+00  2.129854e-04 
 2.196039e+00  2.154217e-04 
 2.196441e+00  2.157733e-04 
 2.196843e+00  2.143762e-04 
 2.197245e+00  2.117005e-04 
 2.197647e+00  2.082627e-04 
 2.198049e+00  2.045028e-04 
 2.198451e+00  2.007147e-04 
 2.198853e+00  1.970080e-04 
 2.199255e+00  1.933117e-04 
 2.199657e+00  1.895300e-04 
 2.200059e+00  1.855039e-04 
 2.200461e+00  1.811298e-04 
 2.200863e+00  1.763655e-04 
 2.201265e+00  1.713182e-04 
 2.201667e+00  1.661636e-04 
 2.202069e+00  1.611089e-04 
 2.202471e+00  1.564057e-04 
 2.202873e+00  1.521749e-04 
 2.203276e+00  1.485403e-04 
 2.203680e+00  1.455498e-04 
 2.204084e+00  1.433548e-04 
 2.204488e+00  1.421494e-04 
 2.204892e+00  1.420675e-04 
 2.205295e+00  1.431930e-04 
 2.205699e+00  1.455646e-04 
 2.206103e+00  1.489190e-04 
 2.206507e+00  1.528552e-04 
 2.206911e+00  1.570512e-04 
 2.207313e+00  1.611513e-04 
 2.207715e+00  1.649291e-04 
 2.208117e+00  1.683876e-04 
 2.208519e+00  1.717277e-04 
 2.208921e+00  1.752708e-04 
 2.209323e+00  1.792903e-04 
 2.209725e+00  1.839346e-04 
 2.210127e+00  1.892489e-04 
 2.210529e+00  1.950809e-04 
 2.210931e+00  2.010861e-04 
 2.211333e+00  2.069620e-04 
 2.211735e+00  2.125150e-04 
 2.212137e+00  2.176081e-04 
 2.212539e+00  2.222022e-04 
 2.212941e+00  2.265038e-04 
 2.213343e+00  2.306993e-04 
 2.213745e+00  2.349156e-04 
 2.214147e+00  2.392038e-04 
 2.214549e+00  2.435150e-04 
 2.214951e+00  2.477081e-04 
 2.215353e+00  2.514982e-04 
 2.215755e+00  2.547802e-04 
 2.216157e+00  2.574942e-04 
 2.216559e+00  2.596074e-04 
 2.216961e+00  2.612718e-04 
 2.217363e+00  2.628452e-04 
 2.217765e+00  2.645280e-04 
 2.218167e+00  2.665514e-04 
 2.218569e+00  2.690211e-04 
 2.218971e+00  2.717772e-04 
 2.219373e+00  2.746659e-04 
 2.219775e+00  2.774574e-04 
 2.220177e+00  2.799791e-04 
 2.220579e+00  2.820308e-04 
 2.220981e+00  2.834200e-04 
 2.221383e+00  2.841181e-04 
 2.221785e+00  2.841495e-04 
 2.222187e+00  2.835341e-04 
 2.222589e+00  2.823068e-04 
 2.222991e+00  2.803672e-04 
 2.223393e+00  2.776859e-04 
 2.223795e+00  2.742883e-04 
 2.224197e+00  2.702396e-04 
 2.224599e+00  2.657801e-04 
 2.225001e+00  2.611777e-04 
 2.225403e+00  2.565749e-04 
 2.225805e+00  2.520886e-04 
 2.226207e+00  2.478179e-04 
 2.226609e+00  2.437474e-04 
 2.227011e+00  2.396796e-04 
 2.227413e+00  2.354962e-04 
 2.227815e+00  2.310710e-04 
 2.228217e+00  2.264549e-04 
 2.228619e+00  2.218376e-04 
 2.229021e+00  2.175674e-04 
 2.229423e+00  2.141363e-04 
 2.229825e+00  2.119685e-04 
 2.230227e+00  2.112945e-04 
 2.230629e+00  2.123181e-04 
 2.231031e+00  2.150066e-04 
 2.231433e+00  2.190752e-04 
 2.231835e+00  2.239657e-04 
 2.232237e+00  2.291329e-04 
 2.232639e+00  2.342003e-04 
 2.233041e+00  2.389717e-04 
 2.233443e+00  2.433880e-04 
 2.233845e+00  2.476101e-04 
 2.234247e+00  2.517874e-04 
 2.234649e+00  2.558794e-04 
 2.235051e+00  2.599046e-04 
 2.235453e+00  2.637202e-04 
 2.235855e+00  2.671176e-04 
 2.236257e+00  2.699219e-04 
 2.236659e+00  2.719899e-04 
 2.237061e+00  2.733228e-04 
 2.237463e+00  2.742320e-04 
 2.237865e+00  2.750479e-04 
 2.238267e+00  2.760036e-04 
 2.238669e+00  2.772682e-04 
 2.239071e+00  2.787042e-04 
 2.239473e+00  2.799175e-04 
 2.239875e+00  2.805214e-04 
 2.240277e+00  2.801532e-04 
 2.240679e+00  2.784881e-04 
 2.241081e+00  2.754360e-04 
 2.241483e+00  2.711065e-04 
 2.241885e+00  2.658973e-04 
 2.242287e+00  2.602793e-04 
 2.242689e+00  2.547556e-04 
 2.243091e+00  2.496412e-04 
 2.243493e+00  2.451391e-04 
 2.243895e+00  2.412856e-04 
 2.244297e+00  2.379820e-04 
 2.244699e+00  2.352944e-04 
 2.245101e+00  2.332344e-04 
 2.245503e+00  2.318456e-04 
 2.245905e+00  2.312163e-04 
 2.246307e+00  2.314378e-04 
 2.246709e+00  2.324060e-04 
 2.247111e+00  2.339291e-04 
 2.247513e+00  2.357305e-04 
 2.247915e+00  2.373680e-04 
 2.248317e+00  2.385927e-04 
 2.248719e+00  2.393628e-04 
 2.249121e+00  2.397593e-04 
 2.249523e+00  2.402827e-04 
 2.249925e+00  2.412351e-04 
 2.250327e+00  2.430936e-04 
 2.250729e+00  2.463238e-04 
 2.251131e+00  2.505313e-04 
 2.251533e+00  2.558096e-04 
 2.251935e+00  2.616477e-04 
 2.252337e+00  2.675936e-04 
 2.252739e+00  2.734196e-04 
 2.253141e+00  2.787044e-04 
 2.253543e+00  2.831697e-04 
 2.253945e+00  2.867637e-04 
 2.254347e+00  2.893536e-04 
 2.254749e+00  2.908638e-04 
 2.255151e+00  2.914106e-04 
 2.255553e+00  2.909704e-04 
 2.255955e+00  2.896907e-04 
 2.256357e+00  2.876801e-04 
 2.256759e+00  2.852802e-04 
 2.257161e+00  2.826462e-04 
 2.257563e+00  2.802556e-04 
 2.257965e+00  2.752922e-04 
 2.258367e+00  2.737727e-04 
 2.258769e+00  2.727039e-04 
 2.259171e+00  2.721498e-04 
 2.259573e+00  2.717223e-04 
 2.259975e+00  2.707657e-04 
 2.260377e+00  2.711850e-04 
 2.260779e+00  2.681162e-04 
 2.261181e+00  2.637487e-04 
 2.261583e+00  2.580849e-04 
 2.261985e+00  2.513263e-04 
 2.262387e+00  2.438570e-04 
 2.262789e+00  2.361011e-04 
 2.263191e+00  2.285357e-04 
 2.263593e+00  2.212775e-04 
 2.263995e+00  2.146071e-04 
 2.264397e+00  2.086108e-04 
 2.264799e+00  2.032507e-04 
 2.265201e+00  1.985853e-04 
 2.265603e+00  1.944230e-04 
 2.266005e+00  1.905413e-04 
 2.266407e+00  1.867010e-04 
 2.266809e+00  1.824035e-04 
 2.267211e+00  1.774155e-04 
 2.267613e+00  1.713787e-04 
 2.268015e+00  1.642689e-04 
 2.268417e+00  1.560184e-04 
 2.268819e+00  1.468686e-04 
 2.269222e+00  1.373737e-04 
 2.269624e+00  1.280735e-04 
 2.270026e+00  1.197175e-04 
 2.270428e+00  1.129907e-04 
 2.270830e+00  1.083043e-04 
 2.271232e+00  1.057129e-04 
 2.271634e+00  1.050007e-04 
 2.272036e+00  1.058584e-04 
 2.272438e+00  1.078616e-04 
 2.272840e+00  1.104589e-04 
 2.273242e+00  1.134768e-04 
 2.273644e+00  1.167993e-04 
 2.274046e+00  1.205002e-04 
 2.274448e+00  1.247443e-04 
 2.274850e+00  1.298300e-04 
 2.275252e+00  1.357413e-04 
 2.275654e+00  1.424390e-04 
 2.276056e+00  1.496020e-04 
 2.276458e+00  1.571954e-04 
 2.276860e+00  1.649536e-04 
 2.277262e+00  1.729921e-04 
 2.277664e+00  1.812414e-04 
 2.278066e+00  1.897896e-04 
 2.278468e+00  1.987151e-04 
 2.278870e+00  2.077993e-04 
 2.279272e+00  2.170253e-04 
 2.279674e+00  2.258573e-04 
 2.280076e+00  2.337357e-04 
 2.280478e+00  2.400773e-04 
 2.280880e+00  2.444833e-04 
 2.281282e+00  2.468660e-04 
 2.281684e+00  2.472670e-04 
 2.282086e+00  2.460952e-04 
 2.282488e+00  2.435958e-04 
 2.282890e+00  2.404603e-04 
 2.283292e+00  2.373658e-04 
 2.283694e+00  2.344790e-04 
 2.284096e+00  2.325240e-04 
 2.284498e+00  2.312773e-04 
 2.284900e+00  2.306743e-04 
 2.285302e+00  2.304388e-04 
 2.285704e+00  2.300327e-04 
 2.286106e+00  2.292156e-04 
 2.286508e+00  2.273369e-04 
 2.286910e+00  2.243680e-04 
 2.287312e+00  2.202038e-04 
 2.287714e+00  2.148817e-04 
 2.288116e+00  2.086090e-04 
 2.288518e+00  2.016566e-04 
 2.288920e+00  1.944000e-04 
 2.289322e+00  1.871819e-04 
 2.289724e+00  1.806137e-04 
 2.290126e+00  1.753890e-04 
 2.290528e+00  1.717872e-04 
 2.290930e+00  1.704471e-04 
 2.291332e+00  1.711475e-04 
 2.291734e+00  1.738602e-04 
 2.292136e+00  1.780460e-04 
 2.292538e+00  1.829645e-04 
 2.292940e+00  1.882892e-04 
 2.293342e+00  1.934697e-04 
 2.293744e+00  1.983783e-04 
 2.294146e+00  2.029492e-04 
 2.294548e+00  2.073140e-04 
 2.294950e+00  2.117725e-04 
 2.295352e+00  2.165063e-04 
 2.295754e+00  2.215653e-04 
 2.296156e+00  2.270953e-04 
 2.296558e+00  2.330539e-04 
 2.296960e+00  2.392099e-04 
 2.297362e+00  2.455364e-04 
 2.297764e+00  2.520877e-04 
 2.298166e+00  2.587434e-04 
 2.298568e+00  2.655826e-04 
 2.298970e+00  2.725083e-04 
 2.299372e+00  2.795525e-04 
 2.299774e+00  2.864967e-04 
 2.300176e+00  2.930445e-04 
 2.300578e+00  2.988629e-04 
 2.300980e+00  3.037076e-04 
 2.301382e+00  3.073041e-04 
 2.301784e+00  3.097070e-04 
 2.302186e+00  3.112425e-04 
 2.302588e+00  3.120809e-04 
 2.302990e+00  3.126243e-04 
 2.303392e+00  3.133293e-04 
 2.303794e+00  3.142085e-04 
 2.304196e+00  3.154498e-04 
 2.304598e+00  3.166835e-04 
 2.305000e+00  3.177729e-04 
 2.305402e+00  3.184925e-04 
 2.305804e+00  3.186629e-04 
 2.306206e+00  3.181301e-04 
 2.306608e+00  3.168392e-04 
 2.307010e+00  3.145415e-04 
 2.307412e+00  3.111080e-04 
 2.307814e+00  3.062905e-04 
 2.308216e+00  3.000629e-04 
 2.308618e+00  2.924913e-04 
 2.309020e+00  2.838107e-04 
 2.309422e+00  2.745339e-04 
 2.309824e+00  2.652233e-04 
 2.310227e+00  2.564314e-04 
 2.310629e+00  2.486399e-04 
 2.311031e+00  2.421323e-04 
 2.311433e+00  2.369715e-04 
 2.311835e+00  2.330410e-04 
 2.312237e+00  2.300279e-04 
 2.312639e+00  2.276334e-04 
 2.313041e+00  2.254188e-04 
 2.313443e+00  2.232777e-04 
 2.313845e+00  2.209824e-04 
 2.314247e+00  2.185430e-04 
 2.314648e+00  2.161189e-04 
 2.315050e+00  2.137855e-04 
 2.315452e+00  2.117466e-04 
 2.315854e+00  2.103025e-04 
 2.316256e+00  2.095831e-04 
 2.316658e+00  2.097168e-04 
 2.317060e+00  2.107178e-04 
 2.317462e+00  2.127515e-04 
 2.317864e+00  2.159686e-04 
 2.318266e+00  2.204203e-04 
 2.318668e+00  2.260833e-04 
 2.319070e+00  2.328315e-04 
 2.319472e+00  2.401609e-04 
 2.319874e+00  2.475735e-04 
 2.320276e+00  2.546589e-04 
 2.320678e+00  2.608833e-04 
 2.321080e+00  2.659478e-04 
 2.321482e+00  2.696816e-04 
 2.321884e+00  2.722187e-04 
 2.322286e+00  2.739496e-04 
 2.322688e+00  2.751099e-04 
 2.323090e+00  2.759923e-04 
 2.323492e+00  2.767163e-04 
 2.323894e+00  2.772050e-04 
 2.324296e+00  2.775046e-04 
 2.324698e+00  2.775489e-04 
 2.325100e+00  2.772767e-04 
 2.325502e+00  2.766625e-04 
 2.325904e+00  2.755110e-04 
 2.326306e+00  2.739037e-04 
 2.326708e+00  2.717133e-04 
 2.327110e+00  2.688308e-04 
 2.327512e+00  2.653473e-04 
 2.327914e+00  2.612910e-04 
 2.328316e+00  2.568437e-04 
 2.328718e+00  2.520586e-04 
 2.329120e+00  2.470730e-04 
 2.329522e+00  2.421674e-04 
 2.329924e+00  2.376433e-04 
 2.330326e+00  2.337799e-04 
 2.330729e+00  2.310402e-04 
 2.331131e+00  2.297202e-04 
 2.331533e+00  2.298292e-04 
 2.331935e+00  2.312253e-04 
 2.332337e+00  2.336177e-04 
 2.332739e+00  2.365978e-04 
 2.333141e+00  2.397690e-04 
 2.333542e+00  2.428142e-04 
 2.333944e+00  2.455835e-04 
 2.334346e+00  2.481804e-04 
 2.334748e+00  2.508073e-04 
 2.335150e+00  2.537368e-04 
 2.335552e+00  2.573473e-04 
 2.335954e+00  2.616804e-04 
 2.336356e+00  2.668520e-04 
 2.336758e+00  2.726622e-04 
 2.337160e+00  2.791046e-04 
 2.337562e+00  2.859098e-04 
 2.337964e+00  2.926960e-04 
 2.338366e+00  2.993257e-04 
 2.338768e+00  3.055879e-04 
 2.339170e+00  3.111582e-04 
 2.339572e+00  3.158687e-04 
 2.339974e+00  3.193303e-04 
 2.340376e+00  3.214339e-04 
 2.340778e+00  3.219948e-04 
 2.341180e+00  3.209795e-04 
 2.341582e+00  3.185102e-04 
 2.341984e+00  3.146948e-04 
 2.342386e+00  3.098853e-04 
 2.342788e+00  3.043351e-04 
 2.343190e+00  2.985550e-04 
 2.343592e+00  2.929241e-04 
 2.343994e+00  2.875847e-04 
 2.344396e+00  2.827596e-04 
 2.344798e+00  2.784040e-04 
 2.345200e+00  2.742878e-04 
 2.345602e+00  2.701754e-04 
 2.346004e+00  2.657869e-04 
 2.346406e+00  2.609248e-04 
 2.346808e+00  2.555372e-04 
 2.347210e+00  2.497259e-04 
 2.347612e+00  2.435067e-04 
 2.348014e+00  2.369703e-04 
 2.348416e+00  2.302593e-04 
 2.348818e+00  2.235447e-04 
 2.349220e+00  2.171052e-04 
 2.349622e+00  2.111597e-04 
 2.350024e+00  2.059292e-04 
 2.350426e+00  2.016348e-04 
 2.350828e+00  1.983258e-04 
 2.351230e+00  1.958883e-04 
 2.351632e+00  1.941595e-04 
 2.352034e+00  1.927097e-04 
 2.352436e+00  1.912387e-04 
 2.352838e+00  1.894770e-04 
 2.353240e+00  1.874099e-04 
 2.353642e+00  1.850428e-04 
 2.354044e+00  1.825594e-04 
 2.354446e+00  1.801724e-04 
 2.354848e+00  1.782159e-04 
 2.355250e+00  1.770576e-04 
 2.355652e+00  1.770377e-04 
 2.356054e+00  1.782979e-04 
 2.356456e+00  1.809275e-04 
 2.356858e+00  1.846738e-04 
 2.357260e+00  1.893004e-04 
 2.357662e+00  1.944846e-04 
 2.358064e+00  1.998037e-04 
 2.358466e+00  2.049255e-04 
 2.358868e+00  2.097244e-04 
 2.359270e+00  2.140890e-04 
 2.359672e+00  2.179336e-04 
 2.360074e+00  2.211497e-04 
 2.360476e+00  2.235030e-04 
 2.360878e+00  2.248670e-04 
 2.361280e+00  2.252350e-04 
 2.361682e+00  2.247278e-04 
 2.362084e+00  2.236022e-04 
 2.362486e+00  2.221710e-04 
 2.362888e+00  2.208619e-04 
 2.363290e+00  2.201102e-04 
 2.363692e+00  2.201018e-04 
 2.364094e+00  2.209288e-04 
 2.364496e+00  2.222559e-04 
 2.364898e+00  2.236350e-04 
 2.365300e+00  2.247631e-04 
 2.365702e+00  2.252734e-04 
 2.366104e+00  2.250494e-04 
 2.366506e+00  2.238804e-04 
 2.366908e+00  2.216540e-04 
 2.367310e+00  2.184687e-04 
 2.367712e+00  2.144017e-04 
 2.368116e+00  2.095710e-04 
 2.368520e+00  2.042085e-04 
 2.368924e+00  1.984846e-04 
 2.369327e+00  1.925323e-04 
 2.369731e+00  1.866974e-04 
 2.370135e+00  1.813135e-04 
 2.370539e+00  1.765672e-04 
 2.370943e+00  1.727734e-04 
 2.371346e+00  1.700005e-04 
 2.371750e+00  1.682561e-04 
 2.372152e+00  1.673176e-04 
 2.372554e+00  1.668334e-04 
 2.372956e+00  1.664478e-04 
 2.373358e+00  1.658748e-04 
 2.373760e+00  1.649224e-04 
 2.374162e+00  1.637083e-04 
 2.374564e+00  1.625628e-04 
 2.374966e+00  1.617920e-04 
 2.375368e+00  1.619537e-04 
 2.375770e+00  1.633373e-04 
 2.376172e+00  1.661466e-04 
 2.376574e+00  1.703219e-04 
 2.376976e+00  1.755415e-04 
 2.377378e+00  1.815830e-04 
 2.377780e+00  1.881165e-04 
 2.378182e+00  1.948593e-04 
 2.378584e+00  2.015482e-04 
 2.378986e+00  2.078472e-04 
 2.379388e+00  2.135765e-04 
 2.379790e+00  2.185609e-04 
 2.380192e+00  2.227837e-04 
 2.380594e+00  2.262098e-04 
 2.380996e+00  2.289586e-04 
 2.381398e+00  2.313808e-04 
 2.381800e+00  2.338238e-04 
 2.382203e+00  2.367659e-04 
 2.382605e+00  2.404857e-04 
 2.383007e+00  2.451117e-04 
 2.383409e+00  2.507761e-04 
 2.383811e+00  2.573663e-04 
 2.384213e+00  2.647042e-04 
 2.384615e+00  2.723584e-04 
 2.385017e+00  2.799191e-04 
 2.385419e+00  2.868153e-04 
 2.385821e+00  2.926732e-04 
 2.386223e+00  2.971024e-04 
 2.386625e+00  2.999251e-04 
 2.387027e+00  3.011382e-04 
 2.387429e+00  3.008855e-04 
 2.387831e+00  2.994860e-04 
 2.388233e+00  2.973907e-04 
 2.388635e+00  2.950175e-04 
 2.389037e+00  2.925946e-04 
 2.389439e+00  2.903167e-04 
 2.389841e+00  2.884315e-04 
 2.390243e+00  2.869880e-04 
 2.390645e+00  2.860698e-04 
 2.391047e+00  2.857014e-04 
 2.391449e+00  2.857882e-04 
 2.391851e+00  2.861964e-04 
 2.392253e+00  2.866438e-04 
 2.392655e+00  2.869019e-04 
 2.393057e+00  2.865266e-04 
 2.393459e+00  2.852661e-04 
 2.393861e+00  2.829758e-04 
 2.394263e+00  2.797295e-04 
 2.394665e+00  2.756061e-04 
 2.395067e+00  2.708682e-04 
 2.395469e+00  2.661078e-04 
 2.395871e+00  2.618405e-04 
 2.396273e+00  2.585262e-04 
 2.396675e+00  2.567487e-04 
 2.397077e+00  2.566708e-04 
 2.397479e+00  2.582055e-04 
 2.397881e+00  2.611739e-04 
 2.398283e+00  2.650795e-04 
 2.398685e+00  2.695227e-04 
 2.399087e+00  2.738949e-04 
 2.399489e+00  2.777957e-04 
 2.399891e+00  2.810239e-04 
 2.400293e+00  2.834960e-04 
 2.400695e+00  2.852107e-04 
 2.401097e+00  2.862276e-04 
 2.401499e+00  2.866075e-04 
 2.401901e+00  2.864536e-04 
 2.402303e+00  2.860235e-04 
 2.402705e+00  2.856415e-04 
 2.403106e+00  2.856160e-04 
 2.403508e+00  2.860976e-04 
 2.403910e+00  2.871065e-04 
 2.404312e+00  2.885787e-04 
 2.404714e+00  2.902808e-04 
 2.405116e+00  2.917759e-04 
 2.405518e+00  2.925993e-04 
 2.405920e+00  2.924208e-04 
 2.406322e+00  2.908980e-04 
 2.406724e+00  2.879891e-04 
 2.407126e+00  2.837273e-04 
 2.407528e+00  2.783432e-04 
 2.407930e+00  2.720459e-04 
 2.408332e+00  2.651079e-04 
 2.408734e+00  2.578458e-04 
 2.409136e+00  2.506320e-04 
 2.409538e+00  2.436384e-04 
 2.409940e+00  2.371089e-04 
 2.410342e+00  2.311358e-04 
 2.410745e+00  2.258677e-04 
 2.411147e+00  2.213352e-04 
 2.411549e+00  2.175067e-04 
 2.411951e+00  2.142725e-04 
 2.412353e+00  2.114557e-04 
 2.412755e+00  2.088125e-04 
 2.413157e+00  2.061060e-04 
 2.413559e+00  2.031386e-04 
 2.413961e+00  1.999429e-04 
 2.414363e+00  1.963856e-04 
 2.414765e+00  1.928464e-04 
 2.415167e+00  1.896716e-04 
 2.415569e+00  1.874974e-04 
 2.415971e+00  1.867510e-04 
 2.416373e+00  1.877699e-04 
 2.416775e+00  1.908330e-04 
 2.417177e+00  1.956642e-04 
 2.417579e+00  2.019216e-04 
 2.417981e+00  2.091266e-04 
 2.418383e+00  2.167410e-04 
 2.418785e+00  2.242822e-04 
 2.419187e+00  2.314083e-04 
 2.419589e+00  2.379051e-04 
 2.419991e+00  2.436332e-04 
 2.420393e+00  2.485810e-04 
 2.420795e+00  2.527792e-04 
 2.421197e+00  2.563323e-04 
 2.421599e+00  2.593433e-04 
 2.422001e+00  2.619903e-04 
 2.422403e+00  2.644809e-04 
 2.422805e+00  2.670828e-04 
 2.423207e+00  2.699914e-04 
 2.423609e+00  2.732362e-04 
 2.424011e+00  2.769053e-04 
 2.424413e+00  2.810083e-04 
 2.424815e+00  2.853167e-04 
 2.425217e+00  2.896633e-04 
 2.425619e+00  2.935895e-04 
 2.426021e+00  2.967354e-04 
 2.426423e+00  2.985934e-04 
 2.426824e+00  2.989195e-04 
 2.427226e+00  2.976787e-04 
 2.427628e+00  2.949892e-04 
 2.428030e+00  2.911093e-04 
 2.428432e+00  2.864632e-04 
 2.428835e+00  2.815437e-04 
 2.429237e+00  2.767966e-04 
 2.429639e+00  2.724313e-04 
 2.430041e+00  2.686134e-04 
 2.430443e+00  2.652807e-04 
 2.430845e+00  2.623300e-04 
 2.431247e+00  2.596558e-04 
 2.431649e+00  2.571566e-04 
 2.432051e+00  2.547873e-04 
 2.432453e+00  2.523557e-04 
 2.432855e+00  2.496637e-04 
 2.433257e+00  2.465217e-04 
 2.433659e+00  2.427332e-04 
 2.434061e+00  2.381715e-04 
 2.434463e+00  2.328464e-04 
 2.434865e+00  2.268553e-04 
 2.435267e+00  2.205107e-04 
 2.435669e+00  2.140812e-04 
 2.436071e+00  2.080235e-04 
 2.436473e+00  2.026210e-04 
 2.436875e+00  1.980417e-04 
 2.437277e+00  1.944114e-04 
 2.437679e+00  1.916279e-04 
 2.438081e+00  1.895908e-04 
 2.438483e+00  1.880915e-04 
 2.438885e+00  1.869487e-04 
 2.439287e+00  1.860426e-04 
 2.439689e+00  1.853220e-04 
 2.440091e+00  1.846789e-04 
 2.440493e+00  1.842354e-04 
 2.440895e+00  1.842413e-04 
 2.441297e+00  1.849151e-04 
 2.441699e+00  1.864717e-04 
 2.442101e+00  1.890151e-04 
 2.442503e+00  1.925195e-04 
 2.442905e+00  1.968608e-04 
 2.443307e+00  2.019308e-04 
 2.443709e+00  2.076471e-04 
 2.444111e+00  2.138213e-04 
 2.444513e+00  2.202831e-04 
 2.444915e+00  2.267376e-04 
 2.445317e+00  2.329316e-04 
 2.445719e+00  2.386462e-04 
 2.446121e+00  2.436937e-04 
 2.446523e+00  2.478530e-04 
 2.446925e+00  2.510544e-04 
 2.447327e+00  2.534188e-04 
 2.447729e+00  2.549513e-04 
 2.448131e+00  2.558949e-04 
 2.448533e+00  2.563646e-04 
 2.448935e+00  2.564167e-04 
 2.449337e+00  2.559289e-04 
 2.449739e+00  2.548472e-04 
 2.450141e+00  2.530355e-04 
 2.450543e+00  2.503062e-04 
 2.450945e+00  2.463814e-04 
 2.451347e+00  2.412076e-04 
 2.451749e+00  2.346716e-04 
 2.452151e+00  2.268418e-04 
 2.452553e+00  2.178974e-04 
 2.452955e+00  2.082611e-04 
 2.453357e+00  1.982774e-04 
 2.453759e+00  1.883285e-04 
 2.454161e+00  1.787216e-04 
 2.454563e+00  1.696802e-04 
 2.454965e+00  1.614731e-04 
 2.455367e+00  1.541333e-04 
 2.455769e+00  1.479367e-04 
 2.456171e+00  1.430840e-04 
 2.456573e+00  1.397483e-04 
 2.456975e+00  1.380568e-04 
 2.457377e+00  1.379970e-04 
 2.457779e+00  1.392992e-04 
 2.458181e+00  1.415719e-04 
 2.458583e+00  1.444205e-04 
 2.458985e+00  1.473507e-04 
 2.459387e+00  1.501213e-04 
 2.459789e+00  1.526998e-04 
 2.460191e+00  1.551469e-04 
 2.460593e+00  1.578722e-04 
 2.460995e+00  1.613171e-04 
 2.461397e+00  1.658837e-04 
 2.461799e+00  1.718314e-04 
 2.462201e+00  1.793533e-04 
 2.462603e+00  1.883970e-04 
 2.463005e+00  1.988014e-04 
 2.463407e+00  2.104116e-04 
 2.463809e+00  2.228099e-04 
 2.464211e+00  2.356634e-04 
 2.464613e+00  2.485296e-04 
 2.465015e+00  2.610608e-04 
 2.465417e+00  2.728224e-04 
 2.465819e+00  2.834761e-04 
 2.466221e+00  2.927847e-04 
 2.466623e+00  3.005962e-04 
 2.467025e+00  3.068589e-04 
 2.467427e+00  3.116490e-04 
 2.467829e+00  3.152233e-04 
 2.468231e+00  3.158418e-04 
 2.468633e+00  3.180854e-04 
 2.469035e+00  3.202323e-04 
 2.469437e+00  3.224602e-04 
 2.469839e+00  3.247632e-04 
 2.470241e+00  3.269122e-04 
 2.470643e+00  3.287619e-04 
 2.471045e+00  3.321665e-04 
 2.471447e+00  3.326581e-04 
 2.471849e+00  3.322650e-04 
 2.472251e+00  3.310757e-04 
 2.472653e+00  3.293463e-04 
 2.473055e+00  3.272523e-04 
 2.473457e+00  3.250104e-04 
 2.473859e+00  3.227419e-04 
 2.474261e+00  3.206364e-04 
 2.474663e+00  3.186860e-04 
 2.475065e+00  3.170942e-04 
 2.475467e+00  3.160453e-04 
 2.475869e+00  3.158110e-04 
 2.476271e+00  3.165260e-04 
 2.476673e+00  3.183637e-04 
 2.477075e+00  3.211437e-04 
 2.477477e+00  3.246791e-04 
 2.477879e+00  3.287413e-04 
 2.478281e+00  3.329925e-04 
 2.478683e+00  3.371398e-04 
 2.479085e+00  3.409318e-04 
 2.479487e+00  3.440193e-04 
 2.479889e+00  3.464927e-04 
 2.480291e+00  3.484379e-04 
 2.480693e+00  3.500174e-04 
 2.481095e+00  3.515287e-04 
 2.481497e+00  3.533458e-04 
 2.481899e+00  3.557093e-04 
 2.482301e+00  3.587333e-04 
 2.482703e+00  3.625585e-04 
 2.483105e+00  3.669585e-04 
 2.483507e+00  3.716463e-04 
 2.483909e+00  3.762410e-04 
 2.484311e+00  3.804378e-04 
 2.484713e+00  3.839205e-04 
 2.485115e+00  3.865026e-04 
 2.485517e+00  3.880363e-04 
 2.485919e+00  3.882927e-04 
 2.486321e+00  3.873386e-04 
 2.486723e+00  3.851612e-04 
 2.487125e+00  3.819352e-04 
 2.487527e+00  3.780445e-04 
 2.487929e+00  3.738387e-04 
 2.488331e+00  3.696404e-04 
 2.488733e+00  3.658429e-04 
 2.489135e+00  3.627632e-04 
 2.489537e+00  3.603640e-04 
 2.489939e+00  3.585386e-04 
 2.490341e+00  3.569997e-04 
 2.490743e+00  3.552221e-04 
 2.491145e+00  3.527694e-04 
 2.491547e+00  3.492106e-04 
 2.491949e+00  3.441964e-04 
 2.492351e+00  3.375422e-04 
 2.492753e+00  3.291915e-04 
 2.493155e+00  3.194847e-04 
 2.493557e+00  3.088623e-04 
 2.493959e+00  2.979258e-04 
 2.494361e+00  2.873591e-04 
 2.494763e+00  2.777017e-04 
 2.495165e+00  2.694286e-04 
 2.495567e+00  2.629068e-04 
 2.495969e+00  2.583146e-04 
 2.496371e+00  2.555673e-04 
 2.496773e+00  2.547640e-04 
 2.497175e+00  2.556807e-04 
 2.497577e+00  2.580376e-04 
 2.497979e+00  2.615175e-04 
 2.498381e+00  2.656980e-04 
 2.498783e+00  2.699992e-04 
 2.499185e+00  2.739251e-04 
 2.499587e+00  2.771857e-04 
 2.499989e+00  2.795862e-04 
 2.500391e+00  2.813104e-04 
 2.500793e+00  2.827199e-04 
 2.501195e+00  2.843874e-04 
 2.501597e+00  2.868387e-04 
 2.501999e+00  2.905018e-04 
 2.502401e+00  2.955672e-04 
 2.502803e+00  3.020725e-04 
 2.503205e+00  3.097565e-04 
 2.503607e+00  3.183377e-04 
 2.504009e+00  3.274616e-04 
 2.504411e+00  3.365958e-04 
 2.504813e+00  3.452966e-04 
 2.505215e+00  3.530902e-04 
 2.505617e+00  3.595350e-04 
 2.506019e+00  3.644517e-04 
 2.506421e+00  3.674904e-04 
 2.506823e+00  3.687440e-04 
 2.507225e+00  3.682236e-04 
 2.507627e+00  3.662648e-04 
 2.508029e+00  3.630075e-04 
 2.508431e+00  3.589896e-04 
 2.508833e+00  3.545560e-04 
 2.509235e+00  3.500345e-04 
 2.509637e+00  3.457346e-04 
 2.510039e+00  3.420387e-04 
 2.510441e+00  3.388243e-04 
 2.510843e+00  3.358574e-04 
 2.511245e+00  3.327752e-04 
 2.511647e+00  3.289981e-04 
 2.512049e+00  3.243250e-04 
 2.512451e+00  3.183011e-04 
 2.512853e+00  3.109977e-04 
 2.513255e+00  3.025420e-04 
 2.513657e+00  2.934316e-04 
 2.514059e+00  2.839642e-04 
 2.514461e+00  2.748526e-04 
 2.514863e+00  2.663491e-04 
 2.515265e+00  2.586224e-04 
 2.515667e+00  2.519613e-04 
 2.516069e+00  2.462727e-04 
 2.516471e+00  2.417211e-04 
 2.516873e+00  2.382828e-04 
 2.517275e+00  2.359148e-04 
 2.517677e+00  2.344904e-04 
 2.518079e+00  2.339027e-04 
 2.518481e+00  2.338208e-04 
 2.518883e+00  2.340942e-04 
 2.519285e+00  2.344312e-04 
 2.519687e+00  2.348057e-04 
 2.520089e+00  2.349017e-04 
 2.520491e+00  2.348818e-04 
 2.520893e+00  2.346927e-04 
 2.521295e+00  2.346801e-04 
 2.521697e+00  2.351702e-04 
 2.522099e+00  2.364431e-04 
 2.522501e+00  2.386336e-04 
 2.522903e+00  2.416638e-04 
 2.523305e+00  2.451466e-04 
 2.523707e+00  2.488603e-04 
 2.524109e+00  2.522930e-04 
 2.524511e+00  2.550521e-04 
 2.524913e+00  2.567183e-04 
 2.525315e+00  2.571024e-04 
 2.525717e+00  2.561557e-04 
 2.526119e+00  2.540390e-04 
 2.526521e+00  2.509247e-04 
 2.526923e+00  2.470044e-04 
 2.527325e+00  2.424628e-04 
 2.527727e+00  2.374989e-04 
 2.528129e+00  2.326085e-04 
 2.528531e+00  2.281930e-04 
 2.528933e+00  2.247353e-04 
 2.529335e+00  2.223443e-04 
 2.529737e+00  2.211431e-04 
 2.530139e+00  2.209766e-04 
 2.530541e+00  2.215704e-04 
 2.530943e+00  2.224655e-04 
 2.531345e+00  2.231132e-04 
 2.531747e+00  2.230702e-04 
 2.532149e+00  2.218413e-04 
 2.532551e+00  2.193519e-04 
 2.532953e+00  2.157389e-04 
 2.533355e+00  2.110753e-04 
 2.533757e+00  2.057496e-04 
 2.534159e+00  2.000925e-04 
 2.534561e+00  1.945935e-04 
 2.534963e+00  1.895462e-04 
 2.535365e+00  1.851591e-04 
 2.535767e+00  1.816210e-04 
 2.536169e+00  1.789790e-04 
 2.536571e+00  1.772142e-04 
 2.536973e+00  1.763763e-04 
 2.537375e+00  1.763205e-04 
 2.537777e+00  1.769533e-04 
 2.538179e+00  1.780305e-04 
 2.538581e+00  1.794535e-04 
 2.538983e+00  1.808844e-04 
 2.539385e+00  1.820585e-04 
 2.539787e+00  1.826689e-04 
 2.540189e+00  1.824879e-04 
 2.540591e+00  1.816287e-04 
 2.540993e+00  1.803691e-04 
 2.541395e+00  1.790874e-04 
 2.541797e+00  1.783434e-04 
 2.542199e+00  1.785240e-04 
 2.542601e+00  1.799274e-04 
 2.543003e+00  1.826798e-04 
 2.543405e+00  1.866357e-04 
 2.543807e+00  1.915835e-04 
 2.544209e+00  1.972602e-04 
 2.544611e+00  2.033787e-04 
 2.545013e+00  2.096427e-04 
 2.545415e+00  2.159091e-04 
 2.545817e+00  2.218869e-04 
 2.546219e+00  2.275264e-04 
 2.546621e+00  2.327292e-04 
 2.547023e+00  2.374391e-04 
 2.547425e+00  2.415117e-04 
 2.547827e+00  2.451139e-04 
 2.548229e+00  2.481506e-04 
 2.548631e+00  2.507769e-04 
 2.549033e+00  2.508682e-04 
 2.549435e+00  2.531594e-04 
 2.549837e+00  2.553651e-04 
 2.550239e+00  2.576583e-04 
 2.550641e+00  2.623406e-04 
 2.551043e+00  2.644068e-04 
 2.551445e+00  2.660063e-04 
 2.551847e+00  2.667365e-04 
 2.552249e+00  2.663625e-04 
 2.552651e+00  2.647589e-04 
 2.553053e+00  2.619093e-04 
 2.553455e+00  2.581647e-04 
 2.553857e+00  2.540890e-04 
 2.554260e+00  2.498615e-04 
 2.554662e+00  2.460916e-04 
 2.555064e+00  2.430119e-04 
 2.555466e+00  2.407034e-04 
 2.555868e+00  2.391042e-04 
 2.556270e+00  2.380331e-04 
 2.556672e+00  2.372594e-04 
 2.557074e+00  2.367974e-04 
 2.557476e+00  2.365171e-04 
 2.557878e+00  2.363740e-04 
 2.558280e+00  2.365646e-04 
 2.558682e+00  2.371330e-04 
 2.559084e+00  2.379788e-04 
 2.559486e+00  2.392507e-04 
 2.559888e+00  2.409241e-04 
 2.560290e+00  2.428903e-04 
 2.560692e+00  2.453767e-04 
 2.561094e+00  2.485100e-04 
 2.561496e+00  2.524349e-04 
 2.561898e+00  2.572508e-04 
 2.562300e+00  2.630504e-04 
 2.562702e+00  2.697360e-04 
 2.563104e+00  2.771141e-04 
 2.563506e+00  2.847240e-04 
 2.563908e+00  2.921110e-04 
 2.564310e+00  2.986787e-04 
 2.564712e+00  3.040145e-04 
 2.565114e+00  3.077251e-04 
 2.565516e+00  3.098808e-04 
 2.565918e+00  3.105706e-04 
 2.566320e+00  3.100179e-04 
 2.566722e+00  3.086220e-04 
 2.567124e+00  3.066657e-04 
 2.567526e+00  3.044620e-04 
 2.567928e+00  3.020932e-04 
 2.568330e+00  2.996737e-04 
 2.568732e+00  2.972798e-04 
 2.569134e+00  2.949894e-04 
 2.569536e+00  2.929783e-04 
 2.569937e+00  2.913569e-04 
 2.570339e+00  2.899458e-04 
 2.570741e+00  2.885295e-04 
 2.571143e+00  2.867463e-04 
 2.571545e+00  2.842101e-04 
 2.571947e+00  2.805043e-04 
 2.572349e+00  2.755271e-04 
 2.572751e+00  2.691612e-04 
 2.573153e+00  2.617548e-04 
 2.573555e+00  2.538181e-04 
 2.573957e+00  2.459788e-04 
 2.574359e+00  2.387188e-04 
 2.574761e+00  2.325567e-04 
 2.575163e+00  2.277474e-04 
 2.575565e+00  2.243972e-04 
 2.575967e+00  2.224417e-04 
 2.576369e+00  2.217189e-04 
 2.576771e+00  2.219625e-04 
 2.577173e+00  2.227480e-04 
 2.577575e+00  2.237949e-04 
 2.577977e+00  2.249689e-04 
 2.578379e+00  2.259522e-04 
 2.578781e+00  2.265893e-04 
 2.579183e+00  2.266569e-04 
 2.579585e+00  2.261945e-04 
 2.579987e+00  2.251901e-04 
 2.580389e+00  2.236743e-04 
 2.580791e+00  2.218710e-04 
 2.581193e+00  2.201907e-04 
 2.581595e+00  2.190197e-04 
 2.581997e+00  2.187020e-04 
 2.582399e+00  2.195614e-04 
 2.582801e+00  2.217658e-04 
 2.583203e+00  2.252218e-04 
 2.583605e+00  2.297393e-04 
 2.584007e+00  2.349719e-04 
 2.584409e+00  2.405305e-04 
 2.584811e+00  2.461425e-04 
 2.585213e+00  2.515766e-04 
 2.585615e+00  2.567252e-04 
 2.586017e+00  2.616887e-04 
 2.586419e+00  2.665768e-04 
 2.586821e+00  2.715910e-04 
 2.587223e+00  2.768980e-04 
 2.587625e+00  2.825082e-04 
 2.588027e+00  2.884633e-04 
 2.588429e+00  2.946485e-04 
 2.588831e+00  3.009883e-04 
 2.589233e+00  3.073501e-04 
 2.589635e+00  3.136476e-04 
 2.590037e+00  3.197781e-04 
 2.590439e+00  3.257152e-04 
 2.590841e+00  3.312098e-04 
 2.591243e+00  3.359964e-04 
 2.591645e+00  3.399051e-04 
 2.592047e+00  3.426893e-04 
 2.592449e+00  3.440384e-04 
 2.592851e+00  3.440310e-04 
 2.593253e+00  3.427035e-04 
 2.593655e+00  3.403521e-04 
 2.594057e+00  3.374477e-04 
 2.594459e+00  3.345135e-04 
 2.594861e+00  3.319210e-04 
 2.595263e+00  3.297200e-04 
 2.595665e+00  3.279131e-04 
 2.596067e+00  3.262561e-04 
 2.596469e+00  3.244214e-04 
 2.596871e+00  3.219501e-04 
 2.597273e+00  3.184551e-04 
 2.597675e+00  3.137703e-04 
 2.598077e+00  3.077535e-04 
 2.598479e+00  3.005596e-04 
 2.598881e+00  2.925138e-04 
 2.599283e+00  2.839598e-04 
 2.599685e+00  2.751476e-04 
 2.600087e+00  2.664580e-04 
 2.600489e+00  2.582727e-04 
 2.600891e+00  2.510383e-04 
 2.601293e+00  2.449930e-04 
 2.601695e+00  2.403958e-04 
 2.602097e+00  2.375852e-04 
 2.602499e+00  2.366973e-04 
 2.602901e+00  2.375700e-04 
 2.603303e+00  2.399620e-04 
 2.603705e+00  2.434972e-04 
 2.604107e+00  2.476578e-04 
 2.604509e+00  2.518337e-04 
 2.604911e+00  2.555600e-04 
 2.605313e+00  2.584731e-04 
 2.605715e+00  2.602632e-04 
 2.606117e+00  2.609635e-04 
 2.606519e+00  2.608774e-04 
 2.606921e+00  2.605369e-04 
 2.607323e+00  2.604629e-04 
 2.607725e+00  2.611544e-04 
 2.608127e+00  2.629893e-04 
 2.608529e+00  2.661154e-04 
 2.608931e+00  2.704997e-04 
 2.609333e+00  2.759898e-04 
 2.609735e+00  2.823275e-04 
 2.610137e+00  2.890162e-04 
 2.610539e+00  2.956769e-04 
 2.610941e+00  3.018957e-04 
 2.611343e+00  3.071514e-04 
 2.611745e+00  3.110465e-04 
 2.612147e+00  3.131704e-04 
 2.612549e+00  3.132651e-04 
 2.612951e+00  3.112881e-04 
 2.613353e+00  3.074052e-04 
 2.613755e+00  3.020019e-04 
 2.614157e+00  2.957096e-04 
 2.614559e+00  2.891538e-04 
 2.614961e+00  2.829344e-04 
 2.615363e+00  2.775827e-04 
 2.615765e+00  2.732683e-04 
 2.616167e+00  2.700222e-04 
 2.616569e+00  2.676441e-04 
 2.616971e+00  2.658165e-04 
 2.617373e+00  2.640752e-04 
 2.617775e+00  2.621090e-04 
 2.618177e+00  2.594940e-04 
 2.618579e+00  2.561287e-04 
 2.618981e+00  2.520585e-04 
 2.619383e+00  2.472890e-04 
 2.619785e+00  2.419690e-04 
 2.620187e+00  2.362548e-04 
 2.620589e+00  2.303388e-04 
 2.620991e+00  2.244485e-04 
 2.621393e+00  2.189075e-04 
 2.621795e+00  2.140422e-04 
 2.622197e+00  2.099955e-04 
 2.622599e+00  2.069873e-04 
 2.623001e+00  2.051015e-04 
 2.623403e+00  2.043984e-04 
 2.623805e+00  2.047246e-04 
 2.624207e+00  2.058098e-04 
 2.624609e+00  2.074344e-04 
 2.625011e+00  2.092810e-04 
 2.625413e+00  2.110987e-04 
 2.625815e+00  2.128458e-04 
 2.626217e+00  2.145830e-04 
 2.626619e+00  2.165014e-04 
 2.627021e+00  2.187429e-04 
 2.627423e+00  2.215085e-04 
 2.627825e+00  2.249085e-04 
 2.628227e+00  2.290122e-04 
 2.628629e+00  2.337510e-04 
 2.629031e+00  2.389861e-04 
 2.629433e+00  2.445527e-04 
 2.629835e+00  2.502645e-04 
 2.630237e+00  2.559420e-04 
 2.630639e+00  2.613312e-04 
 2.631041e+00  2.661337e-04 
 2.631443e+00  2.700298e-04 
 2.631845e+00  2.727616e-04 
 2.632247e+00  2.741087e-04 
 2.632649e+00  2.740018e-04 
 2.633051e+00  2.725944e-04 
 2.633453e+00  2.700411e-04 
 2.633855e+00  2.668282e-04 
 2.634257e+00  2.634480e-04 
 2.634659e+00  2.603725e-04 
 2.635061e+00  2.580412e-04 
 2.635463e+00  2.567997e-04 
 2.635865e+00  2.567073e-04 
 2.636267e+00  2.575221e-04 
 2.636669e+00  2.589735e-04 
 2.637071e+00  2.606758e-04 
 2.637473e+00  2.621502e-04 
 2.637875e+00  2.630758e-04 
 2.638277e+00  2.631794e-04 
 2.638679e+00  2.624374e-04 
 2.639081e+00  2.609012e-04 
 2.639484e+00  2.588698e-04 
 2.639886e+00  2.567021e-04 
 2.640288e+00  2.547874e-04 
 2.640690e+00  2.534942e-04 
 2.641092e+00  2.532835e-04 
 2.641494e+00  2.544739e-04 
 2.641896e+00  2.572471e-04 
 2.642298e+00  2.616642e-04 
 2.642700e+00  2.677234e-04 
 2.643102e+00  2.751341e-04 
 2.643504e+00  2.834546e-04 
 2.643906e+00  2.922098e-04 
 2.644308e+00  3.009527e-04 
 2.644710e+00  3.091572e-04 
 2.645112e+00  3.164526e-04 
 2.645514e+00  3.226864e-04 
 2.645916e+00  3.278190e-04 
 2.646318e+00  3.318743e-04 
 2.646720e+00  3.349802e-04 
 2.647122e+00  3.374182e-04 
 2.647524e+00  3.395458e-04 
 2.647926e+00  3.416310e-04 
 2.648328e+00  3.438947e-04 
 2.648730e+00  3.465411e-04 
 2.649132e+00  3.496003e-04 
 2.649534e+00  3.529801e-04 
 2.649936e+00  3.564425e-04 
 2.650338e+00  3.597026e-04 
 2.650740e+00  3.624667e-04 
 2.651142e+00  3.644033e-04 
 2.651544e+00  3.652409e-04 
 2.651946e+00  3.648395e-04 
 2.652348e+00  3.630333e-04 
 2.652750e+00  3.597581e-04 
 2.653152e+00  3.551445e-04 
 2.653554e+00  3.493837e-04 
 2.653956e+00  3.426953e-04 
 2.654358e+00  3.354805e-04 
 2.654760e+00  3.281416e-04 
 2.655162e+00  3.211105e-04 
 2.655564e+00  3.146205e-04 
 2.655966e+00  3.089171e-04 
 2.656368e+00  3.040174e-04 
 2.656770e+00  2.998024e-04 
 2.657172e+00  2.959406e-04 
 2.657574e+00  2.920604e-04 
 2.657976e+00  2.878968e-04 
 2.658378e+00  2.831483e-04 
 2.658780e+00  2.777269e-04 
 2.659182e+00  2.716918e-04 
 2.659584e+00  2.652095e-04 
 2.659986e+00  2.585278e-04 
 2.660388e+00  2.518968e-04 
 2.660790e+00  2.455199e-04 
 2.661192e+00  2.394711e-04 
 2.661594e+00  2.338754e-04 
 2.661996e+00  2.288934e-04 
 2.662398e+00  2.245671e-04 
 2.662800e+00  2.210184e-04 
 2.663202e+00  2.181658e-04 
 2.663604e+00  2.160178e-04 
 2.664006e+00  2.143851e-04 
 2.664408e+00  2.130309e-04 
 2.664810e+00  2.117586e-04 
 2.665212e+00  2.103986e-04 
 2.665614e+00  2.088271e-04 
 2.666016e+00  2.069819e-04 
 2.666418e+00  2.049863e-04 
 2.666820e+00  2.030820e-04 
 2.667222e+00  2.015555e-04 
 2.667624e+00  2.006384e-04 
 2.668026e+00  2.005049e-04 
 2.668428e+00  2.013277e-04 
 2.668830e+00  2.028255e-04 
 2.669232e+00  2.047684e-04 
 2.669634e+00  2.069516e-04 
 2.670036e+00  2.090396e-04 
 2.670438e+00  2.107781e-04 
 2.670840e+00  2.119417e-04 
 2.671242e+00  2.124701e-04 
 2.671644e+00  2.123446e-04 
 2.672046e+00  2.116774e-04 
 2.672448e+00  2.106141e-04 
 2.672850e+00  2.092915e-04 
 2.673252e+00  2.078443e-04 
 2.673654e+00  2.064988e-04 
 2.674056e+00  2.055023e-04 
 2.674457e+00  2.050106e-04 
 2.674859e+00  2.051984e-04 
 2.675261e+00  2.060777e-04 
 2.675663e+00  2.075121e-04 
 2.676065e+00  2.092905e-04 
 2.676467e+00  2.110572e-04 
 2.676869e+00  2.124551e-04 
 2.677271e+00  2.130295e-04 
 2.677673e+00  2.124846e-04 
 2.678075e+00  2.106879e-04 
 2.678477e+00  2.076681e-04 
 2.678879e+00  2.036981e-04 
 2.679281e+00  1.991725e-04 
 2.679683e+00  1.946483e-04 
 2.680085e+00  1.905501e-04 
 2.680487e+00  1.873664e-04 
 2.680889e+00  1.854505e-04 
 2.681291e+00  1.850234e-04 
 2.681693e+00  1.860191e-04 
 2.682095e+00  1.885462e-04 
 2.682497e+00  1.924479e-04 
 2.682899e+00  1.974385e-04 
 2.683301e+00  2.031952e-04 
 2.683703e+00  2.093795e-04 
 2.684105e+00  2.155290e-04 
 2.684507e+00  2.212301e-04 
 2.684909e+00  2.262268e-04 
 2.685311e+00  2.302291e-04 
 2.685713e+00  2.331140e-04 
 2.686115e+00  2.350359e-04 
 2.686517e+00  2.362011e-04 
 2.686919e+00  2.369964e-04 
 2.687321e+00  2.377026e-04 
 2.687723e+00  2.387912e-04 
 2.688125e+00  2.405379e-04 
 2.688527e+00  2.430903e-04 
 2.688929e+00  2.464890e-04 
 2.689331e+00  2.507636e-04 
 2.689733e+00  2.557518e-04 
 2.690135e+00  2.611150e-04 
 2.690537e+00  2.665554e-04 
 2.690939e+00  2.717373e-04 
 2.691341e+00  2.762628e-04 
 2.691743e+00  2.797729e-04 
 2.692145e+00  2.820694e-04 
 2.692547e+00  2.831601e-04 
 2.692949e+00  2.829191e-04 
 2.693351e+00  2.814777e-04 
 2.693753e+00  2.767136e-04 
 2.694155e+00  2.734865e-04 
 2.694557e+00  2.698698e-04 
 2.694959e+00  2.662168e-04 
 2.695361e+00  2.654249e-04 
 2.695763e+00  2.624327e-04 
 2.696165e+00  2.599178e-04 
 2.696567e+00  2.578358e-04 
 2.696969e+00  2.561400e-04 
 2.697371e+00  2.546229e-04 
 2.697773e+00  2.530788e-04 
 2.698175e+00  2.514919e-04 
 2.698577e+00  2.499324e-04 
 2.698979e+00  2.486319e-04 
 2.699381e+00  2.477390e-04 
 2.699783e+00  2.475556e-04 
 2.700185e+00  2.482129e-04 
 2.700587e+00  2.497788e-04 
 2.700989e+00  2.521942e-04 
 2.701391e+00  2.553128e-04 
 2.701793e+00  2.589938e-04 
 2.702195e+00  2.629811e-04 
 2.702597e+00  2.670603e-04 
 2.702999e+00  2.710306e-04 
 2.703401e+00  2.747440e-04 
 2.703803e+00  2.779851e-04 
 2.704205e+00  2.805941e-04 
 2.704607e+00  2.824457e-04 
 2.705009e+00  2.835060e-04 
 2.705411e+00  2.838502e-04 
 2.705813e+00  2.835587e-04 
 2.706215e+00  2.827645e-04 
 2.706617e+00  2.816934e-04 
 2.707019e+00  2.805430e-04 
 2.707421e+00  2.793870e-04 
 2.707823e+00  2.783865e-04 
 2.708225e+00  2.775702e-04 
 2.708627e+00  2.769225e-04 
 2.709029e+00  2.763212e-04 
 2.709431e+00  2.754128e-04 
 2.709833e+00  2.738130e-04 
 2.710235e+00  2.712228e-04 
 2.710637e+00  2.673827e-04 
 2.711039e+00  2.623200e-04 
 2.711441e+00  2.561244e-04 
 2.711843e+00  2.491726e-04 
 2.712245e+00  2.418757e-04 
 2.712647e+00  2.346254e-04 
 2.713049e+00  2.278529e-04 
 2.713451e+00  2.219462e-04 
 2.713853e+00  2.171227e-04 
 2.714255e+00  2.133774e-04 
 2.714657e+00  2.107042e-04 
 2.715059e+00  2.091699e-04 
 2.715461e+00  2.086560e-04 
 2.715864e+00  2.090638e-04 
 2.716266e+00  2.102466e-04 
 2.716668e+00  2.120657e-04 
 2.717070e+00  2.141788e-04 
 2.717472e+00  2.162053e-04 
 2.717874e+00  2.178873e-04 
 2.718276e+00  2.188846e-04 
 2.718678e+00  2.190222e-04 
 2.719080e+00  2.183741e-04 
 2.719482e+00  2.173507e-04 
 2.719884e+00  2.162909e-04 
 2.720286e+00  2.156362e-04 
 2.720688e+00  2.159673e-04 
 2.721090e+00  2.176278e-04 
 2.721492e+00  2.207033e-04 
 2.721894e+00  2.251474e-04 
 2.722296e+00  2.307228e-04 
 2.722698e+00  2.370992e-04 
 2.723100e+00  2.439139e-04 
 2.723502e+00  2.508410e-04 
 2.723904e+00  2.576430e-04 
 2.724306e+00  2.641092e-04 
 2.724708e+00  2.701113e-04 
 2.725110e+00  2.755872e-04 
 2.725512e+00  2.805162e-04 
 2.725914e+00  2.849531e-04 
 2.726316e+00  2.889647e-04 
 2.726718e+00  2.927429e-04 
 2.727120e+00  2.964597e-04 
 2.727522e+00  3.004819e-04 
 2.727924e+00  3.051239e-04 
 2.728326e+00  3.105441e-04 
 2.728728e+00  3.168118e-04 
 2.729130e+00  3.237709e-04 
 2.729532e+00  3.310626e-04 
 2.729934e+00  3.383310e-04 
 2.730336e+00  3.452389e-04 
 2.730738e+00  3.515153e-04 
 2.731140e+00  3.570639e-04 
 2.731542e+00  3.619274e-04 
 2.731944e+00  3.661456e-04 
 2.732346e+00  3.698536e-04 
 2.732748e+00  3.731644e-04 
 2.733150e+00  3.762711e-04 
 2.733552e+00  3.792543e-04 
 2.733954e+00  3.821221e-04 
 2.734356e+00  3.847758e-04 
 2.734758e+00  3.871851e-04 
 2.735160e+00  3.891845e-04 
 2.735562e+00  3.906707e-04 
 2.735964e+00  3.916700e-04 
 2.736366e+00  3.921494e-04 
 2.736768e+00  3.919443e-04 
 2.737170e+00  3.909930e-04 
 2.737572e+00  3.893128e-04 
 2.737974e+00  3.869530e-04 
 2.738376e+00  3.837822e-04 
 2.738778e+00  3.798745e-04 
 2.739180e+00  3.754718e-04 
 2.739582e+00  3.708146e-04 
 2.739984e+00  3.662126e-04 
 2.740386e+00  3.619454e-04 
 2.740788e+00  3.581809e-04 
 2.741190e+00  3.549678e-04 
 2.741592e+00  3.521822e-04 
 2.741994e+00  3.497556e-04 
 2.742396e+00  3.475467e-04 
 2.742798e+00  3.453112e-04 
 2.743200e+00  3.428495e-04 
 2.743602e+00  3.401020e-04 
 2.744004e+00  3.369942e-04 
 2.744406e+00  3.335139e-04 
 2.744808e+00  3.296731e-04 
 2.745210e+00  3.255757e-04 
 2.745612e+00  3.213964e-04 
 2.746014e+00  3.171942e-04 
 2.746416e+00  3.132759e-04 
 2.746818e+00  3.097357e-04 
 2.747220e+00  3.067980e-04 
 2.747622e+00  3.045818e-04 
 2.748024e+00  3.031622e-04 
 2.748426e+00  3.025789e-04 
 2.748828e+00  3.025569e-04 
 2.749230e+00  3.028561e-04 
 2.749632e+00  3.030708e-04 
 2.750034e+00  3.027560e-04 
 2.750436e+00  3.015827e-04 
 2.750838e+00  2.992473e-04 
 2.751240e+00  2.955451e-04 
 2.751642e+00  2.905223e-04 
 2.752044e+00  2.844651e-04 
 2.752446e+00  2.778306e-04 
 2.752848e+00  2.711063e-04 
 2.753250e+00  2.647873e-04 
 2.753652e+00  2.592427e-04 
 2.754054e+00  2.547330e-04 
 2.754456e+00  2.513845e-04 
 2.754858e+00  2.490722e-04 
 2.755260e+00  2.477326e-04 
 2.755662e+00  2.471700e-04 
 2.756064e+00  2.470255e-04 
 2.756466e+00  2.471121e-04 
 2.756868e+00  2.470888e-04 
 2.757270e+00  2.467077e-04 
 2.757672e+00  2.457368e-04 
 2.758074e+00  2.439545e-04 
 2.758475e+00  2.415060e-04 
 2.758877e+00  2.384037e-04 
 2.759279e+00  2.347018e-04 
 2.759681e+00  2.306843e-04 
 2.760083e+00  2.266011e-04 
 2.760485e+00  2.228337e-04 
 2.760887e+00  2.195234e-04 
 2.761289e+00  2.169497e-04 
 2.761691e+00  2.152000e-04 
 2.762093e+00  2.141421e-04 
 2.762495e+00  2.136330e-04 
 2.762897e+00  2.132670e-04 
 2.763299e+00  2.128237e-04 
 2.763701e+00  2.117948e-04 
 2.764103e+00  2.099191e-04 
 2.764505e+00  2.071472e-04 
 2.764907e+00  2.034741e-04 
 2.765309e+00  1.990101e-04 
 2.765711e+00  1.938726e-04 
 2.766113e+00  1.882449e-04 
 2.766515e+00  1.823687e-04 
 2.766917e+00  1.764684e-04 
 2.767319e+00  1.707332e-04 
 2.767721e+00  1.655163e-04 
 2.768123e+00  1.611892e-04 
 2.768525e+00  1.580822e-04 
 2.768927e+00  1.564036e-04 
 2.769329e+00  1.561633e-04 
 2.769731e+00  1.572504e-04 
 2.770133e+00  1.592719e-04 
 2.770535e+00  1.619000e-04 
 2.770937e+00  1.647193e-04 
 2.771339e+00  1.674561e-04 
 2.771741e+00  1.698801e-04 
 2.772143e+00  1.719754e-04 
 2.772545e+00  1.738779e-04 
 2.772947e+00  1.756574e-04 
 2.773349e+00  1.773883e-04 
 2.773751e+00  1.791125e-04 
 2.774153e+00  1.808029e-04 
 2.774555e+00  1.824570e-04 
 2.774957e+00  1.840088e-04 
 2.775359e+00  1.853702e-04 
 2.775761e+00  1.864690e-04 
 2.776163e+00  1.872386e-04 
 2.776565e+00  1.876553e-04 
 2.776967e+00  1.877041e-04 
 2.777369e+00  1.873865e-04 
 2.777771e+00  1.866315e-04 
 2.778173e+00  1.855063e-04 
 2.778575e+00  1.839057e-04 
 2.778977e+00  1.818323e-04 
 2.779379e+00  1.793343e-04 
 2.779781e+00  1.765029e-04 
 2.780183e+00  1.735064e-04 
 2.780585e+00  1.705573e-04 
 2.780987e+00  1.679850e-04 
 2.781389e+00  1.659573e-04 
 2.781791e+00  1.644800e-04 
 2.782193e+00  1.634384e-04 
 2.782595e+00  1.625333e-04 
 2.782997e+00  1.616023e-04 
 2.783399e+00  1.604346e-04 
 2.783801e+00  1.588529e-04 
 2.784203e+00  1.568719e-04 
 2.784605e+00  1.546786e-04 
 2.785007e+00  1.525549e-04 
 2.785409e+00  1.507464e-04 
 2.785811e+00  1.496821e-04 
 2.786213e+00  1.495370e-04 
 2.786615e+00  1.504550e-04 
 2.787017e+00  1.525431e-04 
 2.787419e+00  1.559787e-04 
 2.787821e+00  1.607575e-04 
 2.788223e+00  1.667554e-04 
 2.788625e+00  1.738406e-04 
 2.789027e+00  1.817782e-04 
 2.789429e+00  1.900985e-04 
 2.789831e+00  1.983017e-04 
 2.790233e+00  2.057965e-04 
 2.790635e+00  2.121574e-04 
 2.791037e+00  2.170895e-04 
 2.791439e+00  2.204155e-04 
 2.791841e+00  2.221373e-04 
 2.792243e+00  2.224280e-04 
 2.792645e+00  2.216204e-04 
 2.793047e+00  2.199817e-04 
 2.793449e+00  2.178669e-04 
 2.793851e+00  2.154985e-04 
 2.794253e+00  2.129720e-04 
 2.794655e+00  2.103273e-04 
 2.795057e+00  2.075720e-04 
 2.795459e+00  2.046952e-04 
 2.795861e+00  2.018583e-04 
 2.796263e+00  1.990530e-04 
 2.796665e+00  1.963879e-04 
 2.797067e+00  1.937828e-04 
 2.797469e+00  1.913635e-04 
 2.797871e+00  1.889344e-04 
 2.798273e+00  1.864772e-04 
 2.798675e+00  1.839091e-04 
 2.799077e+00  1.811967e-04 
 2.799479e+00  1.783950e-04 
 2.799881e+00  1.755353e-04 
 2.800283e+00  1.727301e-04 
 2.800685e+00  1.701370e-04 
 2.801087e+00  1.678905e-04 
 2.801489e+00  1.661807e-04 
 2.801891e+00  1.651113e-04 
 2.802293e+00  1.647937e-04 
 2.802695e+00  1.652650e-04 
 2.803097e+00  1.663609e-04 
 2.803499e+00  1.680778e-04 
 2.803901e+00  1.702622e-04 
 2.804303e+00  1.726846e-04 
 2.804705e+00  1.751453e-04 
 2.805107e+00  1.775579e-04 
 2.805509e+00  1.799152e-04 
 2.805911e+00  1.822800e-04 
 2.806314e+00  1.846811e-04 
 2.806716e+00  1.870972e-04 
 2.807118e+00  1.896196e-04 
 2.807520e+00  1.922257e-04 
 2.807922e+00  1.949436e-04 
 2.808324e+00  1.978691e-04 
 2.808726e+00  2.010877e-04 
 2.809128e+00  2.045045e-04 
 2.809530e+00  2.081678e-04 
 2.809932e+00  2.121256e-04 
 2.810334e+00  2.163262e-04 
 2.810736e+00  2.206843e-04 
 2.811138e+00  2.251752e-04 
 2.811540e+00  2.298027e-04 
 2.811942e+00  2.345397e-04 
 2.812344e+00  2.393878e-04 
 2.812746e+00  2.445526e-04 
 2.813148e+00  2.500954e-04 
 2.813550e+00  2.560630e-04 
 2.813952e+00  2.625249e-04 
 2.814354e+00  2.693301e-04 
 2.814756e+00  2.762587e-04 
 2.815158e+00  2.830603e-04 
 2.815560e+00  2.895012e-04 
 2.815962e+00  2.953823e-04 
 2.816364e+00  3.005923e-04 
 2.816766e+00  3.050083e-04 
 2.817168e+00  3.086467e-04 
 2.817570e+00  3.116893e-04 
 2.817972e+00  3.143189e-04 
 2.818374e+00  3.166816e-04 
 2.818776e+00  3.188370e-04 
 2.819178e+00  3.207865e-04 
 2.819580e+00  3.224354e-04 
 2.819982e+00  3.237456e-04 
 2.820384e+00  3.246622e-04 
 2.820786e+00  3.250818e-04 
 2.821188e+00  3.249104e-04 
 2.821590e+00  3.242019e-04 
 2.821992e+00  3.229103e-04 
 2.822394e+00  3.209479e-04 
 2.822796e+00  3.182101e-04 
 2.823198e+00  3.146284e-04 
 2.823600e+00  3.102452e-04 
 2.824002e+00  3.051383e-04 
 2.824404e+00  2.996497e-04 
 2.824806e+00  2.941143e-04 
 2.825208e+00  2.888710e-04 
 2.825610e+00  2.842555e-04 
 2.826012e+00  2.805818e-04 
 2.826414e+00  2.780727e-04 
 2.826816e+00  2.767826e-04 
 2.827218e+00  2.765898e-04 
 2.827620e+00  2.773518e-04 
 2.828022e+00  2.788658e-04 
 2.828424e+00  2.810024e-04 
 2.828826e+00  2.836199e-04 
 2.829228e+00  2.864985e-04 
 2.829630e+00  2.894782e-04 
 2.830032e+00  2.923156e-04 
 2.830434e+00  2.947917e-04 
 2.830836e+00  2.968516e-04 
 2.831238e+00  2.984200e-04 
 2.831640e+00  2.994880e-04 
 2.832042e+00  3.001761e-04 
 2.832444e+00  3.007041e-04 
 2.832846e+00  3.014087e-04 
 2.833248e+00  3.025562e-04 
 2.833650e+00  3.043060e-04 
 2.834052e+00  3.067553e-04 
 2.834454e+00  3.097983e-04 
 2.834856e+00  3.131371e-04 
 2.835258e+00  3.164143e-04 
 2.835660e+00  3.191457e-04 
 2.836062e+00  3.209904e-04 
 2.836464e+00  3.217132e-04 
 2.836866e+00  3.211157e-04 
 2.837268e+00  3.192053e-04 
 2.837670e+00  3.161098e-04 
 2.838072e+00  3.120459e-04 
 2.838474e+00  3.072612e-04 
 2.838876e+00  3.020320e-04 
 2.839278e+00  2.965729e-04 
 2.839680e+00  2.910536e-04 
 2.840082e+00  2.858257e-04 
 2.840484e+00  2.812171e-04 
 2.840886e+00  2.775316e-04 
 2.841288e+00  2.749095e-04 
 2.841690e+00  2.733469e-04 
 2.842092e+00  2.727090e-04 
 2.842494e+00  2.728018e-04 
 2.842896e+00  2.733945e-04 
 2.843298e+00  2.742186e-04 
 2.843700e+00  2.750637e-04 
 2.844102e+00  2.758728e-04 
 2.844504e+00  2.766456e-04 
 2.844906e+00  2.774673e-04 
 2.845308e+00  2.784805e-04 
 2.845710e+00  2.797661e-04 
 2.846112e+00  2.814120e-04 
 2.846514e+00  2.834556e-04 
 2.846916e+00  2.858713e-04 
 2.847318e+00  2.886066e-04 
 2.847720e+00  2.915446e-04 
 2.848122e+00  2.944650e-04 
 2.848524e+00  2.971635e-04 
 2.848926e+00  2.995089e-04 
 2.849328e+00  3.015082e-04 
 2.849730e+00  3.030239e-04 
